1-Time 2-Px 3-Py 4-Pz 5-R11 6-R21 7-R31 8-R12 9-R22 10-R32 11-R13 12-R23 13-R33 14-Vx 15-Vy 16-Vz 17-Wx 18-Wy 19-Wz 20-state 21-PR11 22-PR21 23-PR31 24-PR12 25-PR22 26-PR32 27-PR13 28-PR23 29-PR33 
66.951640 0.005964  0.096694  -0.004414  0.998827  0.046029  0.015059  -0.046506  0.998371  0.033050  -0.013513  -0.033711  0.999340  0.000004  0.000020  -0.000044  0.000000  0.000000  0.000000  2.000000  1.000000  0.000000  0.000000  0.000000  1.000000  0.000000  0.000000  0.000000  1.000000  1.000000  -0.000201  -0.000141  0.000201  1.000000  -0.000968  0.000141  0.000968  1.000000  1.000000  0.000000  0.000000  0.000000  1.000000  0.000000  0.000000  0.000000  1.000000  0.831539  0.477825  -0.283243  -0.480521  0.874592  0.064716  0.278645  0.082290  0.956862  0.000000  0.000000  
66.952645 0.005964  0.096694  -0.004414  0.998827  0.046029  0.015059  -0.046506  0.998371  0.033050  -0.013513  -0.033711  0.999340  0.000004  0.000020  -0.000044  0.000000  0.000000  0.000000  2.000000  1.000000  0.000000  0.000000  0.000000  1.000000  0.000000  0.000000  0.000000  1.000000  1.000000  -0.000201  -0.000141  0.000201  1.000000  -0.000968  0.000141  0.000968  1.000000  1.000000  0.000000  0.000000  0.000000  1.000000  0.000000  0.000000  0.000000  1.000000  1.000000  0.000000  0.000000  0.000000  1.000000  0.000000  0.000000  0.000000  1.000000  0.000000  0.000000  
66.953645 0.005965  0.096694  -0.004416  0.998817  0.046234  0.015066  -0.046711  0.998362  0.033046  -0.013513  -0.033711  0.999340  0.000052  -0.000012  -0.000134  0.000000  0.000000  0.000000  2.000000  1.000000  0.000000  0.000000  0.000000  1.000000  0.000000  0.000000  0.000000  1.000000  1.000000  0.000005  -0.000134  -0.000005  1.000000  -0.000849  0.000134  0.000849  1.000000  1.000000  0.000000  0.000000  0.000000  1.000000  0.000000  0.000000  0.000000  1.000000  1.000000  0.000000  0.000000  0.000000  1.000000  0.000000  0.000000  0.000000  1.000000  0.000000  0.000000  
66.954893 0.005966  0.096693  -0.004418  0.998796  0.046641  0.015213  -0.047123  0.998343  0.033034  -0.013647  -0.033711  0.999338  0.000133  -0.000072  -0.000283  0.000000  0.000000  0.000000  2.000000  1.000000  0.000000  0.000000  0.000000  1.000000  0.000000  0.000000  0.000000  1.000000  1.000000  0.000206  0.000007  -0.000206  1.000000  -0.000852  -0.000007  0.000852  1.000000  1.000000  0.000000  0.000000  0.000000  1.000000  0.000000  0.000000  0.000000  1.000000  1.000000  0.000000  0.000000  0.000000  1.000000  0.000000  0.000000  0.000000  1.000000  0.000000  0.000000  
66.955896 0.005967  0.096692  -0.004420  0.998794  0.046636  0.015347  -0.047123  0.998343  0.033028  -0.013781  -0.033711  0.999337  0.000215  -0.000132  -0.000431  0.000000  0.000000  0.000000  2.000000  1.000000  0.000000  0.000000  0.000000  1.000000  0.000000  0.000000  0.000000  1.000000  1.000000  0.000411  0.000014  -0.000411  1.000000  -0.000733  -0.000014  0.000733  1.000000  1.000000  0.000000  0.000000  0.000000  1.000000  0.000000  0.000000  0.000000  1.000000  1.000000  0.000000  0.000000  0.000000  1.000000  0.000000  0.000000  0.000000  1.000000  0.000000  0.000000  
66.957145 0.005969  0.096691  -0.004422  0.998784  0.046840  0.015359  -0.047328  0.998329  0.033146  -0.013781  -0.033832  0.999333  0.000356  -0.000211  -0.000572  0.000000  0.000000  0.000000  2.000000  1.000000  0.000000  0.000000  0.000000  1.000000  0.000000  0.000000  0.000000  1.000000  1.000000  0.000613  0.000155  -0.000613  1.000000  -0.000615  -0.000155  0.000615  1.000000  1.000000  0.000000  0.000000  0.000000  1.000000  0.000000  0.000000  0.000000  1.000000  1.000000  0.000000  0.000000  0.000000  1.000000  0.000000  0.000000  0.000000  1.000000  0.000000  0.000000  
66.958145 0.005971  0.096690  -0.004424  0.998776  0.047050  0.015232  -0.047534  0.998319  0.033149  -0.013647  -0.033832  0.999334  0.000476  -0.000265  -0.000689  0.000000  0.000000  0.000000  2.000000  1.000000  0.000000  0.000000  0.000000  1.000000  0.000000  0.000000  0.000000  1.000000  1.000000  0.000818  0.000162  -0.000818  1.000000  -0.000497  -0.000162  0.000496  1.000000  1.000000  0.000000  0.000000  0.000000  1.000000  0.000000  0.000000  0.000000  1.000000  1.000000  0.000000  0.000000  0.000000  1.000000  0.000000  0.000000  0.000000  1.000000  0.000000  0.000000  
66.959432 0.005974  0.096690  -0.004426  0.998757  0.047459  0.015252  -0.047945  0.998296  0.033264  -0.013647  -0.033953  0.999330  0.000637  -0.000292  -0.000817  0.000000  0.000000  0.000000  2.000000  1.000000  0.000000  0.000000  0.000000  1.000000  0.000000  0.000000  0.000000  1.000000  0.999999  0.001029  0.000035  -0.001029  0.999999  -0.000378  -0.000035  0.000378  1.000000  1.000000  0.000000  0.000000  0.000000  1.000000  0.000000  0.000000  0.000000  1.000000  1.000000  0.000000  0.000000  0.000000  1.000000  0.000000  0.000000  0.000000  1.000000  0.000000  0.000000  
66.960650 0.005976  0.096689  -0.004427  0.998747  0.047663  0.015264  -0.048151  0.998282  0.033382  -0.013647  -0.034075  0.999326  0.000797  -0.000340  -0.000906  0.000000  0.000000  0.000000  2.000000  1.000000  0.000000  0.000000  0.000000  1.000000  0.000000  0.000000  0.000000  1.000000  0.999999  0.001646  0.000056  -0.001646  0.999999  -0.000265  -0.000056  0.000265  1.000000  1.000000  0.000000  0.000000  0.000000  1.000000  0.000000  0.000000  0.000000  1.000000  1.000000  0.000000  0.000000  0.000000  1.000000  0.000000  0.000000  0.000000  1.000000  0.000000  0.000000  
66.961895 0.005978  0.096688  -0.004429  0.998727  0.048074  0.015278  -0.048562  0.998262  0.033375  -0.013647  -0.034075  0.999326  0.000938  -0.000419  -0.001047  0.000000  0.000000  0.000000  2.000000  1.000000  0.000000  0.000000  0.000000  1.000000  0.000000  0.000000  0.000000  1.000000  0.999998  0.002057  0.000070  -0.002057  0.999998  -0.000149  -0.000070  0.000149  1.000000  1.000000  0.000000  0.000000  0.000000  1.000000  0.000000  0.000000  0.000000  1.000000  1.000000  0.000000  0.000000  0.000000  1.000000  0.000000  0.000000  0.000000  1.000000  0.000000  0.000000  
66.962908 0.005980  0.096688  -0.004431  0.998707  0.048485  0.015292  -0.048973  0.998243  0.033369  -0.013647  -0.034075  0.999326  0.001065  -0.000418  -0.001119  0.000000  0.000000  0.000000  2.000000  1.000000  0.000000  0.000000  0.000000  1.000000  0.000000  0.000000  0.000000  1.000000  0.999997  0.002469  0.000084  -0.002469  0.999997  -0.000034  -0.000084  0.000034  1.000000  1.000000  0.000000  0.000000  0.000000  1.000000  0.000000  0.000000  0.000000  1.000000  1.000000  0.000000  0.000000  0.000000  1.000000  0.000000  0.000000  0.000000  1.000000  0.000000  0.000000  
66.964150 0.005982  0.096688  -0.004432  0.998685  0.048889  0.015445  -0.049384  0.998219  0.033477  -0.013781  -0.034196  0.999320  0.001229  -0.000447  -0.001251  0.000000  0.000000  0.000000  2.000000  1.000000  0.000000  0.000000  0.000000  1.000000  0.000000  0.000000  0.000000  1.000000  0.999996  0.002876  0.000232  -0.002876  0.999996  0.000081  -0.000232  -0.000082  1.000000  1.000000  0.000000  0.000000  0.000000  1.000000  0.000000  0.000000  0.000000  1.000000  1.000000  0.000000  0.000000  0.000000  1.000000  0.000000  0.000000  0.000000  1.000000  0.000000  0.000000  
66.965401 0.005985  0.096688  -0.004433  0.998664  0.049300  0.015459  -0.049795  0.998198  0.033471  -0.013781  -0.034196  0.999320  0.001425  -0.000411  -0.001272  0.000000  0.000000  0.000000  2.000000  1.000000  0.000000  0.000000  0.000000  1.000000  0.000000  0.000000  0.000000  1.000000  0.999995  0.003283  0.000380  -0.003283  0.999995  0.000197  -0.000379  -0.000198  1.000000  1.000000  0.000000  0.000000  0.000000  1.000000  0.000000  0.000000  0.000000  1.000000  1.000000  0.000000  0.000000  0.000000  1.000000  0.000000  0.000000  0.000000  1.000000  0.000000  0.000000  
66.966649 0.005988  0.096689  -0.004435  0.998633  0.049917  0.015479  -0.050412  0.998168  0.033461  -0.013781  -0.034196  0.999320  0.001589  -0.000362  -0.001369  0.000000  0.000000  0.000000  2.000000  1.000000  0.000000  0.000000  0.000000  1.000000  0.000000  0.000000  0.000000  1.000000  0.999993  0.003694  0.000394  -0.003694  0.999993  0.000191  -0.000393  -0.000193  1.000000  1.000000  0.000000  0.000000  0.000000  1.000000  0.000000  0.000000  0.000000  1.000000  1.000000  0.000000  0.000000  0.000000  1.000000  0.000000  0.000000  0.000000  1.000000  0.000000  0.000000  
66.967904 0.005990  0.096689  -0.004437  0.998613  0.050326  0.015499  -0.050823  0.998143  0.033576  -0.013781  -0.034317  0.999316  0.001708  -0.000339  -0.001451  0.000000  0.000000  0.000000  2.000000  1.000000  0.000000  0.000000  0.000000  1.000000  0.000000  0.000000  0.000000  1.000000  0.999991  0.004105  0.000409  -0.004106  0.999991  0.000428  -0.000407  -0.000430  1.000000  1.000000  0.000000  0.000000  0.000000  1.000000  0.000000  0.000000  0.000000  1.000000  1.000000  0.000000  0.000000  0.000000  1.000000  0.000000  0.000000  0.000000  1.000000  0.000000  0.000000  
66.969152 0.005992  0.096689  -0.004439  0.998593  0.050740  0.015386  -0.051235  0.998118  0.033697  -0.013647  -0.034438  0.999314  0.001786  -0.000265  -0.001488  0.000000  0.000000  0.000000  2.000000  1.000000  0.000000  0.000000  0.000000  1.000000  0.000000  0.000000  0.000000  1.000000  0.999990  0.004521  0.000289  -0.004522  0.999990  0.000423  -0.000287  -0.000424  1.000000  1.000000  0.000000  0.000000  0.000000  1.000000  0.000000  0.000000  0.000000  1.000000  1.000000  0.000000  0.000000  0.000000  1.000000  0.000000  0.000000  0.000000  1.000000  0.000000  0.000000  
66.970401 0.005994  0.096690  -0.004441  0.998572  0.051151  0.015400  -0.051646  0.998097  0.033691  -0.013647  -0.034438  0.999314  0.001837  -0.000185  -0.001456  0.005791  -0.005934  0.172804  2.000000  1.000000  0.000029  0.000058  -0.000029  1.000000  0.000007  -0.000058  -0.000007  1.000000  0.999987  0.005139  0.000311  -0.005139  0.999987  0.000536  -0.000308  -0.000537  1.000000  1.000000  0.000029  0.000058  -0.000029  1.000000  0.000007  -0.000058  -0.000007  1.000000  1.000000  0.000029  0.000058  -0.000029  1.000000  0.000007  -0.000058  -0.000007  1.000000  0.000043  0.005176  
66.971656 0.005995  0.096689  -0.004443  0.998551  0.051560  0.015420  -0.052057  0.998072  0.033806  -0.013647  -0.034560  0.999309  0.001764  -0.000162  -0.001429  0.013751  -0.006408  0.186606  2.000000  1.000000  0.000177  0.000354  -0.000177  1.000000  0.000052  -0.000354  -0.000052  1.000000  0.999985  0.005550  0.000326  -0.005550  0.999984  0.000773  -0.000321  -0.000774  1.000000  1.000000  0.000031  0.000062  -0.000031  1.000000  0.000010  -0.000062  -0.000010  1.000000  1.000000  0.000177  0.000354  -0.000177  1.000000  0.000052  -0.000354  -0.000052  1.000000  0.000047  0.005613  
66.972897 0.005996  0.096688  -0.004445  0.998528  0.051962  0.015580  -0.052468  0.998042  0.034035  -0.013781  -0.034802  0.999299  0.001705  -0.000143  -0.001437  0.021704  -0.011402  0.200322  2.000000  1.000000  0.000332  0.000677  -0.000332  1.000000  0.000106  -0.000677  -0.000107  1.000000  0.999982  0.005957  0.000474  -0.005957  0.999982  0.000887  -0.000469  -0.000890  0.999999  1.000000  0.000032  0.000067  -0.000032  1.000000  0.000011  -0.000067  -0.000011  1.000000  1.000000  0.000332  0.000677  -0.000332  1.000000  0.000106  -0.000677  -0.000107  1.000000  0.000050  0.006041  
66.974146 0.005998  0.096687  -0.004449  0.998506  0.052371  0.015600  -0.052879  0.998017  0.034149  -0.013781  -0.034923  0.999295  0.001654  -0.000182  -0.001526  0.029685  -0.016375  0.214030  2.000000  0.999999  0.000498  0.001024  -0.000498  1.000000  0.000171  -0.001023  -0.000171  0.999999  0.999981  0.006162  0.000483  -0.006163  0.999980  0.001127  -0.000476  -0.001130  0.999999  1.000000  0.000033  0.000070  -0.000033  1.000000  0.000014  -0.000070  -0.000014  1.000000  0.999999  0.000498  0.001024  -0.000498  1.000000  0.000171  -0.001023  -0.000171  0.999999  0.000054  0.006284  
66.975395 0.005998  0.096685  -0.004453  0.998484  0.052780  0.015621  -0.053290  0.997991  0.034264  -0.013781  -0.035044  0.999291  0.001527  -0.000256  -0.001698  0.033573  -0.016865  0.227859  2.000000  0.999999  0.000672  0.001377  -0.000673  1.000000  0.000244  -0.001376  -0.000245  0.999999  0.999980  0.006373  0.000357  -0.006373  0.999979  0.001246  -0.000349  -0.001248  0.999999  1.000000  0.000036  0.000071  -0.000036  1.000000  0.000016  -0.000071  -0.000016  1.000000  0.999999  0.000672  0.001377  -0.000673  1.000000  0.000244  -0.001376  -0.000245  0.999999  0.000058  0.006503  
66.976643 0.005998  0.096683  -0.004457  0.998473  0.052984  0.015634  -0.053496  0.997976  0.034382  -0.013781  -0.035166  0.999286  0.001351  -0.000365  -0.001917  0.041633  -0.017104  0.234782  2.000000  0.999998  0.000815  0.001659  -0.000815  1.000000  0.000311  -0.001659  -0.000312  0.999999  0.999980  0.006373  0.000358  -0.006373  0.999979  0.001367  -0.000349  -0.001369  0.999999  1.000000  0.000036  0.000071  -0.000036  1.000000  0.000017  -0.000071  -0.000017  1.000000  0.999998  0.000815  0.001659  -0.000815  1.000000  0.000311  -0.001659  -0.000312  0.999999  0.000060  0.006528  
66.977647 0.005998  0.096681  -0.004461  0.998462  0.053187  0.015648  -0.053701  0.997961  0.034500  -0.013781  -0.035287  0.999282  0.001230  -0.000437  -0.002052  0.045613  -0.017357  0.241681  2.000000  0.999998  0.000964  0.001944  -0.000965  0.999999  0.000382  -0.001944  -0.000384  0.999998  0.999980  0.006377  0.000225  -0.006378  0.999979  0.001367  -0.000216  -0.001368  0.999999  1.000000  0.000037  0.000070  -0.000037  1.000000  0.000017  -0.000070  -0.000017  1.000000  0.999998  0.000964  0.001944  -0.000965  0.999999  0.000382  -0.001944  -0.000384  0.999998  0.000062  0.006526  
66.978899 0.005998  0.096679  -0.004465  0.998440  0.053595  0.015675  -0.054113  0.997931  0.034735  -0.013781  -0.035529  0.999274  0.001048  -0.000565  -0.002226  0.053574  -0.017865  0.255493  2.000000  0.999997  0.001154  0.002301  -0.001155  0.999999  0.000473  -0.002300  -0.000476  0.999997  0.999980  0.006377  0.000226  -0.006378  0.999979  0.001488  -0.000216  -0.001490  0.999999  1.000000  0.000037  0.000070  -0.000037  1.000000  0.000019  -0.000070  -0.000019  1.000000  0.999997  0.001154  0.002301  -0.001155  0.999999  0.000473  -0.002300  -0.000476  0.999997  0.000063  0.006553  
66.979900 0.005998  0.096678  -0.004469  0.998429  0.053798  0.015689  -0.054318  0.997915  0.034853  -0.013781  -0.035650  0.999269  0.000942  -0.000648  -0.002400  0.061626  -0.018103  0.262379  2.000000  0.999996  0.001302  0.002589  -0.001303  0.999999  0.000550  -0.002589  -0.000553  0.999996  0.999980  0.006373  0.000360  -0.006373  0.999979  0.001488  -0.000351  -0.001490  0.999999  1.000000  0.000036  0.000071  -0.000036  1.000000  0.000019  -0.000071  -0.000019  1.000000  0.999996  0.001302  0.002589  -0.001303  0.999999  0.000550  -0.002589  -0.000553  0.999996  0.000066  0.006554  
66.981155 0.005999  0.096677  -0.004472  0.998416  0.053997  0.015836  -0.054523  0.997900  0.034963  -0.013915  -0.035772  0.999263  0.000775  -0.000746  -0.002523  0.065581  -0.022850  0.269102  2.000000  0.999995  0.001481  0.002949  -0.001483  0.999999  0.000650  -0.002948  -0.000654  0.999995  0.999980  0.006368  0.000495  -0.006369  0.999978  0.001609  -0.000484  -0.001612  0.999999  1.000000  0.000035  0.000072  -0.000035  1.000000  0.000020  -0.000072  -0.000020  1.000000  0.999995  0.001481  0.002949  -0.001483  0.999999  0.000650  -0.002948  -0.000654  0.999995  0.000069  0.006587  
66.982399 0.005999  0.096677  -0.004474  0.998404  0.054202  0.015843  -0.054729  0.997889  0.034960  -0.013915  -0.035772  0.999263  0.000658  -0.000775  -0.002563  0.065508  -0.023098  0.276105  2.000000  0.999993  0.001648  0.003300  -0.001651  0.999998  0.000750  -0.003298  -0.000756  0.999994  0.999981  0.006162  0.000488  -0.006163  0.999980  0.001612  -0.000478  -0.001615  0.999999  1.000000  0.000033  0.000070  -0.000033  1.000000  0.000020  -0.000070  -0.000020  1.000000  0.999993  0.001648  0.003300  -0.001651  0.999998  0.000750  -0.003298  -0.000756  0.999994  0.000071  0.006388  
66.983400 0.005999  0.096677  -0.004476  0.998404  0.054200  0.015850  -0.054729  0.997885  0.035081  -0.013915  -0.035893  0.999259  0.000511  -0.000894  -0.002589  0.069678  -0.022873  0.269185  2.000000  0.999992  0.001776  0.003570  -0.001779  0.999998  0.000835  -0.003568  -0.000842  0.999993  0.999983  0.005751  0.000474  -0.005751  0.999982  0.001739  -0.000464  -0.001741  0.999998  1.000000  0.000031  0.000065  -0.000031  1.000000  0.000022  -0.000065  -0.000022  1.000000  0.999992  0.001776  0.003570  -0.001779  0.999998  0.000835  -0.003568  -0.000842  0.999993  0.000070  0.006027  
66.984651 0.005999  0.096676  -0.004478  0.998393  0.054404  0.015863  -0.054935  0.997869  0.035199  -0.013915  -0.036014  0.999254  0.000408  -0.000900  -0.002582  0.073822  -0.018152  0.262388  2.000000  0.999991  0.001903  0.003826  -0.001906  0.999998  0.000919  -0.003824  -0.000926  0.999992  0.999985  0.005550  0.000334  -0.005550  0.999983  0.001742  -0.000324  -0.001743  0.999998  1.000000  0.000031  0.000062  -0.000031  1.000000  0.000022  -0.000062  -0.000022  1.000000  0.999991  0.001903  0.003826  -0.001906  0.999998  0.000919  -0.003824  -0.000926  0.999992  0.000069  0.005826  
66.985900 0.005999  0.096676  -0.004480  0.998382  0.054609  0.015871  -0.055140  0.997858  0.035196  -0.013915  -0.036014  0.999254  0.000284  -0.000881  -0.002553  0.073708  -0.013899  0.269455  2.000000  0.999989  0.002052  0.004125  -0.002056  0.999997  0.001027  -0.004123  -0.001036  0.999991  0.999986  0.005344  0.000326  -0.005344  0.999984  0.001744  -0.000317  -0.001746  0.999998  1.000000  0.000030  0.000060  -0.000030  1.000000  0.000022  -0.000060  -0.000022  1.000000  0.999989  0.002052  0.004125  -0.002056  0.999997  0.001027  -0.004123  -0.001036  0.999991  0.000070  0.005631  
66.987151 0.005998  0.096675  -0.004482  0.998382  0.054607  0.015877  -0.055140  0.997854  0.035317  -0.013915  -0.036135  0.999250  0.000121  -0.000868  -0.002553  0.073802  -0.013690  0.262537  2.000000  0.999988  0.002139  0.004301  -0.002144  0.999997  0.001092  -0.004298  -0.001102  0.999990  0.999988  0.004932  0.000312  -0.004933  0.999986  0.001872  -0.000303  -0.001873  0.999998  1.000000  0.000000  0.000000  0.000000  1.000000  0.000000  0.000000  0.000000  1.000000  0.999988  0.002139  0.004301  -0.002144  0.999997  0.001092  -0.004298  -0.001102  0.999990  0.000068  0.000000  
66.988395 0.005997  0.096675  -0.004484  0.998382  0.054605  0.015884  -0.055140  0.997850  0.035438  -0.013915  -0.036256  0.999246  -0.000007  -0.000869  -0.002481  0.074027  -0.017733  0.248605  2.000000  0.999988  0.002139  0.004301  -0.002144  0.999997  0.001092  -0.004298  -0.001102  0.999990  0.999991  0.004315  0.000290  -0.004316  0.999989  0.001759  -0.000282  -0.001760  0.999998  1.000000  0.000000  0.000000  0.000000  1.000000  0.000000  0.000000  0.000000  1.000000  0.999988  0.002139  0.004301  -0.002144  0.999997  0.001092  -0.004298  -0.001102  0.999990  0.000066  0.000000  
66.989646 0.005996  0.096674  -0.004486  0.998370  0.054811  0.015891  -0.055346  0.997838  0.035435  -0.013915  -0.036256  0.999246  -0.000144  -0.000847  -0.002418  0.074087  -0.017747  0.248806  2.000000  0.999988  0.002139  0.004301  -0.002144  0.999997  0.001092  -0.004298  -0.001102  0.999990  0.999991  0.004105  0.000417  -0.004105  0.999990  0.001762  -0.000409  -0.001764  0.999998  1.000000  0.000000  0.000000  0.000000  1.000000  0.000000  0.000000  0.000000  1.000000  0.999988  0.002139  0.004301  -0.002144  0.999997  0.001092  -0.004298  -0.001102  0.999990  0.000065  0.000000  
66.990896 0.005995  0.096673  -0.004489  0.998370  0.054809  0.015898  -0.055346  0.997834  0.035556  -0.013915  -0.036378  0.999241  -0.000191  -0.000738  -0.002292  0.074238  -0.017281  0.234840  2.000000  0.999988  0.002139  0.004301  -0.002144  0.999997  0.001092  -0.004298  -0.001102  0.999990  0.999993  0.003693  0.000402  -0.003694  0.999991  0.001889  -0.000395  -0.001890  0.999998  1.000000  0.000000  0.000000  0.000000  1.000000  0.000000  0.000000  0.000000  1.000000  0.999988  0.002139  0.004301  -0.002144  0.999997  0.001092  -0.004298  -0.001102  0.999990  0.000063  0.000000  
66.992145 0.005995  0.096673  -0.004492  0.998370  0.054807  0.015904  -0.055346  0.997830  0.035677  -0.013915  -0.036499  0.999237  -0.000209  -0.000601  -0.002146  0.078542  -0.016814  0.221106  2.000000  0.999988  0.002139  0.004301  -0.002144  0.999997  0.001092  -0.004298  -0.001102  0.999990  0.999995  0.003282  0.000387  -0.003282  0.999993  0.001773  -0.000381  -0.001775  0.999998  1.000000  0.000000  0.000000  0.000000  1.000000  0.000000  0.000000  0.000000  1.000000  0.999988  0.002139  0.004301  -0.002144  0.999997  0.001092  -0.004298  -0.001102  0.999990  0.000058  0.000000  
66.993146 0.005994  0.096672  -0.004494  0.998370  0.054807  0.015904  -0.055346  0.997830  0.035677  -0.013915  -0.036499  0.999237  -0.000235  -0.000518  -0.002045  0.074670  -0.011845  0.207508  2.000000  0.999988  0.002139  0.004301  -0.002144  0.999997  0.001092  -0.004298  -0.001102  0.999990  0.999996  0.002875  0.000239  -0.002876  0.999994  0.001779  -0.000234  -0.001780  0.999998  1.000000  0.000000  0.000000  0.000000  1.000000  0.000000  0.000000  0.000000  1.000000  0.999988  0.002139  0.004301  -0.002144  0.999997  0.001092  -0.004298  -0.001102  0.999990  0.000057  0.000000  
66.994404 0.005994  0.096672  -0.004496  0.998370  0.054805  0.015911  -0.055346  0.997825  0.035798  -0.013915  -0.036620  0.999232  -0.000312  -0.000438  -0.001940  0.078849  -0.011354  0.193434  2.000000  0.999988  0.002139  0.004301  -0.002144  0.999997  0.001092  -0.004298  -0.001102  0.999990  0.999997  0.002464  0.000224  -0.002464  0.999996  0.001664  -0.000220  -0.001664  0.999999  1.000000  0.000000  0.000000  0.000000  1.000000  0.000000  0.000000  0.000000  1.000000  0.999988  0.002139  0.004301  -0.002144  0.999997  0.001092  -0.004298  -0.001102  0.999990  0.000054  0.000000  
66.995649 0.005993  0.096672  -0.004500  0.998368  0.054798  0.016051  -0.055346  0.997821  0.035911  -0.014048  -0.036741  0.999226  -0.000353  -0.000415  -0.001948  0.082435  -0.015244  0.177997  2.000000  0.999988  0.002139  0.004301  -0.002144  0.999997  0.001092  -0.004298  -0.001102  0.999990  0.999998  0.002047  0.000343  -0.002048  0.999997  0.001669  -0.000340  -0.001670  0.999999  1.000000  0.000000  0.000000  0.000000  1.000000  0.000000  0.000000  0.000000  1.000000  0.999988  0.002139  0.004301  -0.002144  0.999997  0.001092  -0.004298  -0.001102  0.999990  0.000051  0.000000  
66.996897 0.005993  0.096670  -0.004503  0.998368  0.054796  0.016058  -0.055346  0.997817  0.036032  -0.014048  -0.036862  0.999222  -0.000390  -0.000421  -0.001979  0.000000  0.000000  0.000000  2.000000  0.999988  0.002139  0.004301  -0.002144  0.999997  0.001092  -0.004298  -0.001102  0.999990  0.999998  0.001842  0.000336  -0.001842  0.999997  0.001672  -0.000333  -0.001673  0.999999  1.000000  0.000000  0.000000  0.000000  1.000000  0.000000  0.000000  0.000000  1.000000  0.999988  0.002139  0.004301  -0.002144  0.999997  0.001092  -0.004298  -0.001102  0.999990  0.000000  0.000000  
66.997897 0.005992  0.096670  -0.004506  0.998380  0.054589  0.016057  -0.055140  0.997824  0.036157  -0.014048  -0.036984  0.999217  -0.000466  -0.000463  -0.002064  0.000000  0.000000  0.000000  2.000000  0.999988  0.002139  0.004301  -0.002144  0.999997  0.001092  -0.004298  -0.001102  0.999990  0.999999  0.001430  0.000321  -0.001431  0.999998  0.001678  -0.000318  -0.001678  0.999999  1.000000  0.000000  0.000000  0.000000  1.000000  0.000000  0.000000  0.000000  1.000000  0.999988  0.002139  0.004301  -0.002144  0.999997  0.001092  -0.004298  -0.001102  0.999990  0.000000  0.000000  
66.998900 0.005992  0.096669  -0.004509  0.998380  0.054589  0.016057  -0.055140  0.997824  0.036157  -0.014048  -0.036984  0.999217  -0.000483  -0.000541  -0.002129  0.000000  0.000000  0.000000  2.000000  0.999988  0.002139  0.004301  -0.002144  0.999997  0.001092  -0.004298  -0.001102  0.999990  0.999999  0.001224  0.000313  -0.001225  0.999998  0.001559  -0.000311  -0.001560  0.999999  1.000000  0.000000  0.000000  0.000000  1.000000  0.000000  0.000000  0.000000  1.000000  0.999988  0.002139  0.004301  -0.002144  0.999997  0.001092  -0.004298  -0.001102  0.999990  0.000000  0.000000  
67.000148 0.005992  0.096668  -0.004512  0.998380  0.054587  0.016064  -0.055140  0.997819  0.036278  -0.014048  -0.037105  0.999213  -0.000474  -0.000533  -0.002240  0.000000  0.000000  0.000000  2.000000  0.999988  0.002139  0.004301  -0.002144  0.999997  0.001092  -0.004298  -0.001102  0.999990  1.000000  0.000813  0.000298  -0.000813  0.999999  0.001444  -0.000297  -0.001444  0.999999  1.000000  0.000000  0.000000  0.000000  1.000000  0.000000  0.000000  0.000000  1.000000  0.999988  0.002139  0.004301  -0.002144  0.999997  0.001092  -0.004298  -0.001102  0.999990  0.000000  0.000000  
67.001399 0.005991  0.096667  -0.004515  0.998380  0.054587  0.016064  -0.055140  0.997819  0.036278  -0.014048  -0.037105  0.999213  -0.000478  -0.000567  -0.002327  0.000000  0.000000  0.000000  2.000000  0.999988  0.002139  0.004301  -0.002144  0.999997  0.001092  -0.004298  -0.001102  0.999990  1.000000  0.000612  0.000157  -0.000612  0.999999  0.001326  -0.000156  -0.001326  0.999999  1.000000  0.000000  0.000000  0.000000  1.000000  0.000000  0.000000  0.000000  1.000000  0.999988  0.002139  0.004301  -0.002144  0.999997  0.001092  -0.004298  -0.001102  0.999990  0.000000  0.000000  
67.002409 0.005991  0.096667  -0.004518  0.998380  0.054585  0.016070  -0.055140  0.997815  0.036399  -0.014048  -0.037226  0.999208  -0.000464  -0.000570  -0.002359  0.000000  0.000000  0.000000  2.000000  0.999988  0.002139  0.004301  -0.002144  0.999997  0.001092  -0.004298  -0.001102  0.999990  1.000000  0.000406  0.000149  -0.000407  0.999999  0.001450  -0.000148  -0.001450  0.999999  1.000000  0.000000  0.000000  0.000000  1.000000  0.000000  0.000000  0.000000  1.000000  0.999988  0.002139  0.004301  -0.002144  0.999997  0.001092  -0.004298  -0.001102  0.999990  0.000000  0.000000  
67.003648 0.005990  0.096666  -0.004521  0.998380  0.054585  0.016070  -0.055140  0.997815  0.036399  -0.014048  -0.037226  0.999208  -0.000469  -0.000605  -0.002449  0.000000  0.000000  0.000000  2.000000  0.999988  0.002139  0.004301  -0.002144  0.999997  0.001092  -0.004298  -0.001102  0.999990  1.000000  0.000406  0.000149  -0.000407  0.999999  0.001328  -0.000148  -0.001329  0.999999  1.000000  0.000000  0.000000  0.000000  1.000000  0.000000  0.000000  0.000000  1.000000  0.999988  0.002139  0.004301  -0.002144  0.999997  0.001092  -0.004298  -0.001102  0.999990  0.000000  0.000000  
67.004895 0.005989  0.096665  -0.004523  0.998380  0.054585  0.016070  -0.055140  0.997815  0.036399  -0.014048  -0.037226  0.999208  -0.000431  -0.000599  -0.002418  0.000000  0.000000  0.000000  2.000000  0.999988  0.002139  0.004301  -0.002144  0.999997  0.001092  -0.004298  -0.001102  0.999990  1.000000  0.000201  0.000141  -0.000201  0.999999  0.001210  -0.000141  -0.001210  0.999999  1.000000  0.000000  0.000000  0.000000  1.000000  0.000000  0.000000  0.000000  1.000000  0.999988  0.002139  0.004301  -0.002144  0.999997  0.001092  -0.004298  -0.001102  0.999990  0.000000  0.000000  
67.005897 0.005989  0.096666  -0.004524  0.998380  0.054583  0.016077  -0.055140  0.997811  0.036520  -0.014048  -0.037347  0.999204  -0.000362  -0.000487  -0.002332  0.000000  0.000000  0.000000  2.000000  0.999988  0.002139  0.004301  -0.002144  0.999997  0.001092  -0.004298  -0.001102  0.999990  1.000000  -0.000005  0.000134  0.000005  0.999999  0.001334  -0.000134  -0.001334  0.999999  1.000000  0.000000  0.000000  0.000000  1.000000  0.000000  0.000000  0.000000  1.000000  0.999988  0.002139  0.004301  -0.002144  0.999997  0.001092  -0.004298  -0.001102  0.999990  0.000000  0.000000  
67.006897 0.005990  0.096666  -0.004526  0.998380  0.054583  0.016077  -0.055140  0.997811  0.036520  -0.014048  -0.037347  0.999204  -0.000324  -0.000480  -0.002302  0.000000  0.000000  0.000000  2.000000  0.999988  0.002139  0.004301  -0.002144  0.999997  0.001092  -0.004298  -0.001102  0.999990  1.000000  -0.000005  0.000134  0.000005  0.999999  0.001213  -0.000134  -0.001213  0.999999  1.000000  0.000000  0.000000  0.000000  1.000000  0.000000  0.000000  0.000000  1.000000  0.999988  0.002139  0.004301  -0.002144  0.999997  0.001092  -0.004298  -0.001102  0.999990  0.000000  0.000000  
67.008146 0.005989  0.096666  -0.004527  0.998391  0.054378  0.016069  -0.054934  0.997822  0.036523  -0.014048  -0.037347  0.999204  -0.000307  -0.000449  -0.002247  0.000000  0.000000  0.000000  2.000000  0.999988  0.002139  0.004301  -0.002144  0.999997  0.001092  -0.004298  -0.001102  0.999990  1.000000  -0.000211  0.000126  0.000211  0.999999  0.001216  -0.000126  -0.001216  0.999999  1.000000  0.000000  0.000000  0.000000  1.000000  0.000000  0.000000  0.000000  1.000000  0.999988  0.002139  0.004301  -0.002144  0.999997  0.001092  -0.004298  -0.001102  0.999990  0.000000  0.000000  
67.009147 0.005990  0.096667  -0.004529  0.998391  0.054376  0.016076  -0.054934  0.997817  0.036644  -0.014048  -0.037468  0.999199  -0.000256  -0.000369  -0.002217  0.000000  0.000000  0.000000  2.000000  0.999988  0.002139  0.004301  -0.002144  0.999997  0.001092  -0.004298  -0.001102  0.999990  1.000000  -0.000211  0.000126  0.000211  0.999999  0.001095  -0.000126  -0.001095  0.999999  1.000000  0.000000  0.000000  0.000000  1.000000  0.000000  0.000000  0.000000  1.000000  0.999988  0.002139  0.004301  -0.002144  0.999997  0.001092  -0.004298  -0.001102  0.999990  0.000000  0.000000  
67.010400 0.005989  0.096666  -0.004532  0.998391  0.054376  0.016076  -0.054934  0.997817  0.036644  -0.014048  -0.037468  0.999199  -0.000260  -0.000388  -0.002172  0.000000  0.000000  0.000000  2.000000  0.999988  0.002139  0.004301  -0.002144  0.999997  0.001092  -0.004298  -0.001102  0.999990  1.000000  -0.000416  0.000118  0.000416  0.999999  0.001097  -0.000119  -0.001097  0.999999  1.000000  0.000000  0.000000  0.000000  1.000000  0.000000  0.000000  0.000000  1.000000  0.999988  0.002139  0.004301  -0.002144  0.999997  0.001092  -0.004298  -0.001102  0.999990  0.000000  0.000000  
67.011646 0.005990  0.096666  -0.004535  0.998391  0.054376  0.016076  -0.054934  0.997817  0.036644  -0.014048  -0.037468  0.999199  -0.000171  -0.000331  -0.002162  0.000000  0.000000  0.000000  2.000000  0.999988  0.002139  0.004301  -0.002144  0.999997  0.001092  -0.004298  -0.001102  0.999990  1.000000  -0.000416  0.000118  0.000416  0.999999  0.001097  -0.000119  -0.001097  0.999999  1.000000  0.000000  0.000000  0.000000  1.000000  0.000000  0.000000  0.000000  1.000000  0.999988  0.002139  0.004301  -0.002144  0.999997  0.001092  -0.004298  -0.001102  0.999990  0.000000  0.000000  
67.012650 0.005990  0.096664  -0.004538  0.998391  0.054376  0.016076  -0.054934  0.997817  0.036644  -0.014048  -0.037468  0.999199  -0.000150  -0.000356  -0.002185  0.000000  0.000000  0.000000  2.000000  0.999988  0.002139  0.004301  -0.002144  0.999997  0.001092  -0.004298  -0.001102  0.999990  1.000000  -0.000416  0.000118  0.000416  0.999999  0.000976  -0.000119  -0.000976  1.000000  1.000000  0.000000  0.000000  0.000000  1.000000  0.000000  0.000000  0.000000  1.000000  0.999988  0.002139  0.004301  -0.002144  0.999997  0.001092  -0.004298  -0.001102  0.999990  0.000000  0.000000  
67.013897 0.005991  0.096664  -0.004541  0.998391  0.054374  0.016083  -0.054934  0.997813  0.036765  -0.014048  -0.037590  0.999195  -0.000071  -0.000325  -0.002168  0.000000  0.000000  0.000000  2.000000  0.999988  0.002139  0.004301  -0.002144  0.999997  0.001092  -0.004298  -0.001102  0.999990  1.000000  -0.000416  0.000118  0.000416  0.999999  0.000976  -0.000119  -0.000976  1.000000  1.000000  0.000000  0.000000  0.000000  1.000000  0.000000  0.000000  0.000000  1.000000  0.999988  0.002139  0.004301  -0.002144  0.999997  0.001092  -0.004298  -0.001102  0.999990  0.000000  0.000000  
67.014900 0.005991  0.096663  -0.004544  0.998391  0.054374  0.016083  -0.054934  0.997813  0.036765  -0.014048  -0.037590  0.999195  -0.000025  -0.000346  -0.002163  0.000000  0.000000  0.000000  2.000000  0.999988  0.002139  0.004301  -0.002144  0.999997  0.001092  -0.004298  -0.001102  0.999990  1.000000  -0.000411  -0.000015  0.000411  1.000000  0.000855  0.000015  -0.000855  1.000000  1.000000  0.000000  0.000000  0.000000  1.000000  0.000000  0.000000  0.000000  1.000000  0.999988  0.002139  0.004301  -0.002144  0.999997  0.001092  -0.004298  -0.001102  0.999990  0.000000  0.000000  
67.015901 0.005992  0.096662  -0.004547  0.998391  0.054374  0.016083  -0.054934  0.997813  0.036765  -0.014048  -0.037590  0.999195  0.000056  -0.000391  -0.002180  0.000000  0.000000  0.000000  2.000000  0.999988  0.002139  0.004301  -0.002144  0.999997  0.001092  -0.004298  -0.001102  0.999990  1.000000  -0.000411  -0.000015  0.000411  1.000000  0.000855  0.000015  -0.000855  1.000000  1.000000  0.000000  0.000000  0.000000  1.000000  0.000000  0.000000  0.000000  1.000000  0.999988  0.002139  0.004301  -0.002144  0.999997  0.001092  -0.004298  -0.001102  0.999990  0.000000  0.000000  
67.017147 0.005993  0.096661  -0.004550  0.998391  0.054372  0.016089  -0.054934  0.997808  0.036886  -0.014048  -0.037711  0.999190  0.000172  -0.000388  -0.002222  0.000000  0.000000  0.000000  2.000000  0.999988  0.002139  0.004301  -0.002144  0.999997  0.001092  -0.004298  -0.001102  0.999990  1.000000  -0.000411  -0.000016  0.000411  1.000000  0.000855  0.000015  -0.000855  1.000000  1.000000  0.000000  0.000000  0.000000  1.000000  0.000000  0.000000  0.000000  1.000000  0.999988  0.002139  0.004301  -0.002144  0.999997  0.001092  -0.004298  -0.001102  0.999990  0.000000  0.000000  
67.018407 0.005995  0.096659  -0.004555  0.998391  0.054372  0.016089  -0.054934  0.997808  0.036886  -0.014048  -0.037711  0.999190  0.000338  -0.000458  -0.002296  0.000000  0.000000  0.000000  2.000000  0.999988  0.002139  0.004301  -0.002144  0.999997  0.001092  -0.004298  -0.001102  0.999990  1.000000  -0.000206  -0.000008  0.000206  1.000000  0.000731  0.000008  -0.000731  1.000000  1.000000  0.000000  0.000000  0.000000  1.000000  0.000000  0.000000  0.000000  1.000000  0.999988  0.002139  0.004301  -0.002144  0.999997  0.001092  -0.004298  -0.001102  0.999990  0.000000  0.000000  
67.019646 0.005997  0.096658  -0.004558  0.998380  0.054577  0.016097  -0.055140  0.997797  0.036883  -0.014048  -0.037711  0.999190  0.000472  -0.000528  -0.002398  0.000000  0.000000  0.000000  2.000000  0.999988  0.002139  0.004301  -0.002144  0.999997  0.001092  -0.004298  -0.001102  0.999990  1.000000  0.000000  0.000000  -0.000000  1.000000  0.000728  0.000000  -0.000728  1.000000  1.000000  0.000000  0.000000  0.000000  1.000000  0.000000  0.000000  0.000000  1.000000  0.999988  0.002139  0.004301  -0.002144  0.999997  0.001092  -0.004298  -0.001102  0.999990  0.000000  0.000000  
67.020646 0.005998  0.096657  -0.004561  0.998380  0.054577  0.016097  -0.055140  0.997797  0.036883  -0.014048  -0.037711  0.999190  0.000595  -0.000611  -0.002513  0.000000  0.000000  0.000000  2.000000  0.999988  0.002139  0.004301  -0.002144  0.999997  0.001092  -0.004298  -0.001102  0.999990  1.000000  0.000000  0.000000  0.000000  1.000000  0.000606  0.000000  -0.000606  1.000000  1.000000  0.000000  0.000000  0.000000  1.000000  0.000000  0.000000  0.000000  1.000000  0.999988  0.002139  0.004301  -0.002144  0.999997  0.001092  -0.004298  -0.001102  0.999990  0.000000  0.000000  
67.021647 0.006000  0.096655  -0.004564  0.998380  0.054575  0.016103  -0.055140  0.997793  0.037004  -0.014048  -0.037832  0.999185  0.000694  -0.000716  -0.002641  0.000000  0.000000  0.000000  2.000000  0.999988  0.002139  0.004301  -0.002144  0.999997  0.001092  -0.004298  -0.001102  0.999990  1.000000  0.000000  0.000000  0.000000  1.000000  0.000606  0.000000  -0.000606  1.000000  1.000000  0.000000  0.000000  0.000000  1.000000  0.000000  0.000000  0.000000  1.000000  0.999988  0.002139  0.004301  -0.002144  0.999997  0.001092  -0.004298  -0.001102  0.999990  0.000000  0.000000  
67.022648 0.006002  0.096654  -0.004568  0.998380  0.054575  0.016103  -0.055140  0.997793  0.037004  -0.014048  -0.037832  0.999185  0.000822  -0.000793  -0.002749  0.000000  0.000000  0.000000  2.000000  0.999988  0.002139  0.004301  -0.002144  0.999997  0.001092  -0.004298  -0.001102  0.999990  1.000000  -0.000000  0.000000  0.000000  1.000000  0.000606  0.000000  -0.000606  1.000000  1.000000  0.000000  0.000000  0.000000  1.000000  0.000000  0.000000  0.000000  1.000000  0.999988  0.002139  0.004301  -0.002144  0.999997  0.001092  -0.004298  -0.001102  0.999990  0.000000  0.000000  
67.023895 0.006003  0.096653  -0.004571  0.998380  0.054575  0.016103  -0.055140  0.997793  0.037004  -0.014048  -0.037832  0.999185  0.000918  -0.000886  -0.002863  0.000000  0.000000  0.000000  2.000000  0.999988  0.002139  0.004301  -0.002144  0.999997  0.001092  -0.004298  -0.001102  0.999990  1.000000  -0.000000  0.000000  0.000000  1.000000  0.000606  0.000000  -0.000606  1.000000  1.000000  0.000000  0.000000  0.000000  1.000000  0.000000  0.000000  0.000000  1.000000  0.999988  0.002139  0.004301  -0.002144  0.999997  0.001092  -0.004298  -0.001102  0.999990  0.000000  0.000000  
67.024896 0.006005  0.096653  -0.004574  0.998380  0.054575  0.016103  -0.055140  0.997793  0.037004  -0.014048  -0.037832  0.999185  0.001048  -0.000927  -0.002882  0.000000  0.000000  0.000000  2.000000  0.999988  0.002139  0.004301  -0.002144  0.999997  0.001092  -0.004298  -0.001102  0.999990  1.000000  -0.000000  0.000000  0.000000  1.000000  0.000606  0.000000  -0.000606  1.000000  1.000000  0.000000  0.000000  0.000000  1.000000  0.000000  0.000000  0.000000  1.000000  0.999988  0.002139  0.004301  -0.002144  0.999997  0.001092  -0.004298  -0.001102  0.999990  0.000000  0.000000  
67.025896 0.006007  0.096652  -0.004576  0.998380  0.054575  0.016103  -0.055140  0.997793  0.037004  -0.014048  -0.037832  0.999185  0.001173  -0.000902  -0.002849  0.000000  0.000000  0.000000  2.000000  0.999988  0.002139  0.004301  -0.002144  0.999997  0.001092  -0.004298  -0.001102  0.999990  1.000000  -0.000000  -0.000000  0.000000  1.000000  0.000485  0.000000  -0.000485  1.000000  1.000000  0.000000  0.000000  0.000000  1.000000  0.000000  0.000000  0.000000  1.000000  0.999988  0.002139  0.004301  -0.002144  0.999997  0.001092  -0.004298  -0.001102  0.999990  0.000000  0.000000  
67.026896 0.006009  0.096652  -0.004578  0.998380  0.054575  0.016103  -0.055140  0.997793  0.037004  -0.014048  -0.037832  0.999185  0.001262  -0.000892  -0.002821  0.000000  0.000000  0.000000  2.000000  0.999988  0.002139  0.004301  -0.002144  0.999997  0.001092  -0.004298  -0.001102  0.999990  1.000000  -0.000000  -0.000000  0.000000  1.000000  0.000485  0.000000  -0.000485  1.000000  1.000000  0.000000  0.000000  0.000000  1.000000  0.000000  0.000000  0.000000  1.000000  0.999988  0.002139  0.004301  -0.002144  0.999997  0.001092  -0.004298  -0.001102  0.999990  0.000000  0.000000  
