1-Time 2-Px 3-Py 4-Pz 5-R11 6-R21 7-R31 8-R12 9-R22 10-R32 11-R13 12-R23 13-R33 14-Vx 15-Vy 16-Vz 17-Wx 18-Wy 19-Wz 20-state 21-PR11 22-PR21 23-PR31 24-PR12 25-PR22 26-PR32 27-PR13 28-PR23 29-PR33 
27.490362 0.000866  0.091648  0.001394  0.998670  0.049510  0.014390  -0.050002  0.998098  0.036070  -0.012577  -0.036742  0.999246  -0.000022  -0.000094  -0.000350  0.000000  0.000000  0.000000  2.000000  1.000000  0.000000  0.000000  0.000000  1.000000  0.000000  0.000000  0.000000  1.000000  1.000000  0.000010  -0.000267  -0.000010  1.000000  -0.000364  0.000267  0.000364  1.000000  1.000000  0.000000  0.000000  0.000000  1.000000  0.000000  0.000000  0.000000  1.000000  0.693846  0.609955  -0.382796  -0.615055  0.778427  0.125530  0.374547  0.148342  0.915265  0.000000  0.000000  
27.491371 0.000866  0.091647  0.001394  0.998670  0.049512  0.014384  -0.050002  0.998102  0.035949  -0.012577  -0.036621  0.999250  -0.000053  -0.000121  -0.000371  0.000000  0.000000  0.000000  2.000000  1.000000  0.000000  0.000000  0.000000  1.000000  0.000000  0.000000  0.000000  1.000000  1.000000  0.000010  -0.000267  -0.000010  1.000000  -0.000485  0.000267  0.000485  1.000000  1.000000  0.000000  0.000000  0.000000  1.000000  0.000000  0.000000  0.000000  1.000000  1.000000  0.000000  0.000000  0.000000  1.000000  0.000000  0.000000  0.000000  1.000000  0.000000  0.000000  
27.492615 0.000865  0.091645  0.001393  0.998660  0.049716  0.014397  -0.050207  0.998087  0.036067  -0.012577  -0.036742  0.999246  -0.000110  -0.000272  -0.000428  0.000000  0.000000  0.000000  2.000000  1.000000  0.000000  0.000000  0.000000  1.000000  0.000000  0.000000  0.000000  1.000000  1.000000  0.000216  -0.000260  -0.000216  1.000000  -0.000366  0.000260  0.000367  1.000000  1.000000  0.000000  0.000000  0.000000  1.000000  0.000000  0.000000  0.000000  1.000000  1.000000  0.000000  0.000000  0.000000  1.000000  0.000000  0.000000  0.000000  1.000000  0.000000  0.000000  
27.493619 0.000864  0.091643  0.001392  0.998649  0.049921  0.014405  -0.050413  0.998077  0.036064  -0.012577  -0.036742  0.999246  -0.000161  -0.000446  -0.000475  0.000000  0.000000  0.000000  2.000000  1.000000  0.000000  0.000000  0.000000  1.000000  0.000000  0.000000  0.000000  1.000000  1.000000  0.000421  -0.000252  -0.000421  1.000000  -0.000369  0.000252  0.000369  1.000000  1.000000  0.000000  0.000000  0.000000  1.000000  0.000000  0.000000  0.000000  1.000000  1.000000  0.000000  0.000000  0.000000  1.000000  0.000000  0.000000  0.000000  1.000000  0.000000  0.000000  
27.494865 0.000863  0.091640  0.001391  0.998637  0.050120  0.014552  -0.050619  0.998063  0.036176  -0.012711  -0.036863  0.999239  -0.000188  -0.000611  -0.000460  0.000000  0.000000  0.000000  2.000000  1.000000  0.000000  0.000000  0.000000  1.000000  0.000000  0.000000  0.000000  1.000000  1.000000  0.000622  -0.000111  -0.000622  1.000000  -0.000250  0.000111  0.000251  1.000000  1.000000  0.000000  0.000000  0.000000  1.000000  0.000000  0.000000  0.000000  1.000000  1.000000  0.000000  0.000000  0.000000  1.000000  0.000000  0.000000  0.000000  1.000000  0.000000  0.000000  
27.495869 0.000863  0.091637  0.001391  0.998627  0.050326  0.014559  -0.050824  0.998052  0.036173  -0.012711  -0.036863  0.999239  -0.000226  -0.000829  -0.000485  0.000000  0.000000  0.000000  2.000000  1.000000  0.000000  0.000000  0.000000  1.000000  0.000000  0.000000  0.000000  1.000000  1.000000  0.000823  0.000030  -0.000823  1.000000  -0.000132  -0.000030  0.000132  1.000000  1.000000  0.000000  0.000000  0.000000  1.000000  0.000000  0.000000  0.000000  1.000000  1.000000  0.000000  0.000000  0.000000  1.000000  0.000000  0.000000  0.000000  1.000000  0.000000  0.000000  
27.497116 0.000862  0.091634  0.001391  0.998618  0.050534  0.014439  -0.051030  0.998037  0.036298  -0.012577  -0.036984  0.999237  -0.000277  -0.001044  -0.000479  0.000000  0.000000  0.000000  2.000000  1.000000  0.000000  0.000000  0.000000  1.000000  0.000000  0.000000  0.000000  1.000000  0.999999  0.001029  0.000038  -0.001029  0.999999  -0.000013  -0.000038  0.000013  1.000000  1.000000  0.000000  0.000000  0.000000  1.000000  0.000000  0.000000  0.000000  1.000000  1.000000  0.000000  0.000000  0.000000  1.000000  0.000000  0.000000  0.000000  1.000000  0.000000  0.000000  
27.498119 0.000862  0.091631  0.001390  0.998597  0.050944  0.014460  -0.051441  0.998012  0.036413  -0.012577  -0.037105  0.999232  -0.000261  -0.001186  -0.000475  0.000000  0.000000  0.000000  2.000000  1.000000  0.000000  0.000000  0.000000  1.000000  0.000000  0.000000  0.000000  1.000000  0.999999  0.001239  -0.000088  -0.001239  0.999999  0.000106  0.000088  -0.000106  1.000000  1.000000  0.000000  0.000000  0.000000  1.000000  0.000000  0.000000  0.000000  1.000000  1.000000  0.000000  0.000000  0.000000  1.000000  0.000000  0.000000  0.000000  1.000000  0.000000  0.000000  
27.499363 0.000862  0.091629  0.001391  0.998577  0.051358  0.014348  -0.051852  0.997986  0.036535  -0.012443  -0.037227  0.999229  -0.000302  -0.001348  -0.000429  0.000000  0.000000  0.000000  2.000000  1.000000  0.000000  0.000000  0.000000  1.000000  0.000000  0.000000  0.000000  1.000000  0.999998  0.001861  -0.000199  -0.001861  0.999998  0.000098  0.000199  -0.000098  1.000000  1.000000  0.000000  0.000000  0.000000  1.000000  0.000000  0.000000  0.000000  1.000000  1.000000  0.000000  0.000000  0.000000  1.000000  0.000000  0.000000  0.000000  1.000000  0.000000  0.000000  
27.500365 0.000862  0.091627  0.001390  0.998554  0.051764  0.014497  -0.052263  0.997965  0.036522  -0.012577  -0.037227  0.999228  -0.000262  -0.001442  -0.000417  0.000000  0.000000  0.000000  2.000000  1.000000  0.000000  0.000000  0.000000  1.000000  0.000000  0.000000  0.000000  1.000000  0.999998  0.002067  -0.000191  -0.002067  0.999998  0.000217  0.000191  -0.000217  1.000000  1.000000  0.000000  0.000000  0.000000  1.000000  0.000000  0.000000  0.000000  1.000000  1.000000  0.000000  0.000000  0.000000  1.000000  0.000000  0.000000  0.000000  1.000000  0.000000  0.000000  
27.501365 0.000862  0.091625  0.001390  0.998533  0.052173  0.014518  -0.052674  0.997939  0.036637  -0.012577  -0.037348  0.999223  -0.000276  -0.001611  -0.000432  0.000000  0.000000  0.000000  2.000000  1.000000  0.000000  0.000000  0.000000  1.000000  0.000000  0.000000  0.000000  1.000000  0.999997  0.002474  -0.000042  -0.002474  0.999997  0.000333  0.000043  -0.000333  1.000000  1.000000  0.000000  0.000000  0.000000  1.000000  0.000000  0.000000  0.000000  1.000000  1.000000  0.000000  0.000000  0.000000  1.000000  0.000000  0.000000  0.000000  1.000000  0.000000  0.000000  
27.502621 0.000862  0.091623  0.001389  0.998511  0.052584  0.014533  -0.053086  0.997918  0.036631  -0.012577  -0.037348  0.999223  -0.000287  -0.001705  -0.000420  0.000000  0.000000  0.000000  2.000000  1.000000  0.000000  0.000000  0.000000  1.000000  0.000000  0.000000  0.000000  1.000000  0.999995  0.003091  -0.000018  -0.003091  0.999995  0.000446  0.000020  -0.000446  1.000000  1.000000  0.000000  0.000000  0.000000  1.000000  0.000000  0.000000  0.000000  1.000000  1.000000  0.000000  0.000000  0.000000  1.000000  0.000000  0.000000  0.000000  1.000000  0.000000  0.000000  
27.503865 0.000862  0.091621  0.001390  0.998476  0.053195  0.014689  -0.053702  0.997885  0.036615  -0.012711  -0.037348  0.999221  -0.000268  -0.001813  -0.000334  0.000000  0.000000  0.000000  2.000000  1.000000  0.000000  0.000000  0.000000  1.000000  0.000000  0.000000  0.000000  1.000000  0.999994  0.003497  0.000131  -0.003497  0.999994  0.000440  -0.000129  -0.000441  1.000000  1.000000  0.000000  0.000000  0.000000  1.000000  0.000000  0.000000  0.000000  1.000000  1.000000  0.000000  0.000000  0.000000  1.000000  0.000000  0.000000  0.000000  1.000000  0.000000  0.000000  
27.504872 0.000862  0.091620  0.001390  0.998454  0.053606  0.014704  -0.054113  0.997863  0.036609  -0.012711  -0.037348  0.999221  -0.000241  -0.001902  -0.000290  0.000000  0.000000  0.000000  2.000000  1.000000  0.000000  0.000000  0.000000  1.000000  0.000000  0.000000  0.000000  1.000000  0.999992  0.003908  0.000146  -0.003909  0.999992  0.000435  -0.000144  -0.000436  1.000000  1.000000  0.000000  0.000000  0.000000  1.000000  0.000000  0.000000  0.000000  1.000000  1.000000  0.000000  0.000000  0.000000  1.000000  0.000000  0.000000  0.000000  1.000000  0.000000  0.000000  
27.506129 0.000861  0.091617  0.001390  0.998432  0.054015  0.014726  -0.054524  0.997837  0.036724  -0.012711  -0.037469  0.999217  -0.000283  -0.002063  -0.000244  0.000000  0.000000  0.000000  2.000000  1.000000  0.000000  0.000000  0.000000  1.000000  0.000000  0.000000  0.000000  1.000000  0.999990  0.004521  0.000303  -0.004521  0.999990  0.000549  -0.000301  -0.000550  1.000000  1.000000  0.000000  0.000000  0.000000  1.000000  0.000000  0.000000  0.000000  1.000000  1.000000  0.000000  0.000000  0.000000  1.000000  0.000000  0.000000  0.000000  1.000000  0.000000  0.000000  
27.507370 0.000861  0.091613  0.001391  0.998411  0.054429  0.014614  -0.054936  0.997810  0.036846  -0.012577  -0.037590  0.999214  -0.000285  -0.002145  -0.000138  0.000000  0.000000  0.000000  2.000000  1.000000  0.000000  0.000000  0.000000  1.000000  0.000000  0.000000  0.000000  1.000000  0.999988  0.004937  0.000185  -0.004937  0.999988  0.000665  -0.000182  -0.000666  1.000000  1.000000  0.000000  0.000000  0.000000  1.000000  0.000000  0.000000  0.000000  1.000000  1.000000  0.000000  0.000000  0.000000  1.000000  0.000000  0.000000  0.000000  1.000000  0.000000  0.000000  
27.508622 0.000860  0.091609  0.001391  0.998377  0.055045  0.014637  -0.055552  0.997776  0.036837  -0.012577  -0.037590  0.999214  -0.000273  -0.002231  -0.000063  0.018016  -0.002471  0.186785  2.000000  1.000000  0.000123  0.000232  -0.000123  1.000000  0.000039  -0.000232  -0.000039  1.000000  0.999986  0.005348  0.000201  -0.005349  0.999985  0.000781  -0.000197  -0.000782  1.000000  1.000000  0.000031  0.000059  -0.000031  1.000000  0.000010  -0.000059  -0.000010  1.000000  1.000000  0.000123  0.000232  -0.000123  1.000000  0.000039  -0.000232  -0.000039  1.000000  0.000045  0.005409  
27.509865 0.000859  0.091604  0.001392  0.998354  0.055454  0.014659  -0.055963  0.997749  0.036952  -0.012577  -0.037711  0.999210  -0.000319  -0.002336  0.000054  0.021919  -0.003000  0.200634  2.000000  1.000000  0.000290  0.000548  -0.000290  1.000000  0.000092  -0.000548  -0.000092  1.000000  0.999982  0.005966  0.000225  -0.005966  0.999982  0.000895  -0.000220  -0.000896  1.000000  1.000000  0.000035  0.000066  -0.000035  1.000000  0.000011  -0.000066  -0.000011  1.000000  1.000000  0.000290  0.000548  -0.000290  1.000000  0.000092  -0.000548  -0.000092  1.000000  0.000050  0.006037  
27.511119 0.000858  0.091598  0.001392  0.998319  0.056067  0.014695  -0.056580  0.997705  0.037185  -0.012577  -0.037954  0.999200  -0.000340  -0.002523  0.000080  0.033881  -0.003788  0.221345  2.000000  0.999999  0.000473  0.000894  -0.000473  1.000000  0.000154  -0.000894  -0.000154  1.000000  0.999978  0.006583  0.000249  -0.006583  0.999978  0.001008  -0.000242  -0.001010  0.999999  1.000000  0.000038  0.000073  -0.000038  1.000000  0.000013  -0.000073  -0.000013  1.000000  0.999999  0.000473  0.000894  -0.000473  1.000000  0.000154  -0.000894  -0.000154  1.000000  0.000056  0.006664  
27.512370 0.000858  0.091593  0.001391  0.998284  0.056681  0.014725  -0.057196  0.997666  0.037297  -0.012577  -0.038075  0.999196  -0.000324  -0.002668  0.000084  0.037694  -0.004579  0.242079  2.000000  0.999999  0.000672  0.001272  -0.000672  1.000000  0.000230  -0.001272  -0.000231  0.999999  0.999976  0.006994  0.000266  -0.006994  0.999975  0.001245  -0.000257  -0.001247  0.999999  1.000000  0.000041  0.000077  -0.000041  1.000000  0.000016  -0.000077  -0.000016  1.000000  0.999999  0.000672  0.001272  -0.000672  1.000000  0.000230  -0.001272  -0.000231  0.999999  0.000060  0.007109  
27.513615 0.000857  0.091587  0.001391  0.998260  0.057089  0.014754  -0.057607  0.997634  0.037533  -0.012577  -0.038317  0.999186  -0.000299  -0.002860  0.000069  0.045677  -0.005129  0.255942  2.000000  0.999998  0.000881  0.001668  -0.000882  1.000000  0.000312  -0.001667  -0.000314  0.999999  0.999974  0.007200  0.000275  -0.007200  0.999973  0.001364  -0.000265  -0.001366  0.999999  1.000000  0.000042  0.000080  -0.000042  1.000000  0.000017  -0.000080  -0.000017  1.000000  0.999998  0.000881  0.001668  -0.000882  1.000000  0.000312  -0.001667  -0.000314  0.999999  0.000065  0.007333  
27.514616 0.000857  0.091582  0.001390  0.998236  0.057497  0.014777  -0.058018  0.997605  0.037648  -0.012577  -0.038439  0.999182  -0.000310  -0.003058  0.000012  0.049594  -0.010158  0.269584  2.000000  0.999998  0.001010  0.001908  -0.001011  0.999999  0.000368  -0.001908  -0.000370  0.999998  0.999974  0.007205  0.000142  -0.007205  0.999973  0.001485  -0.000131  -0.001486  0.999999  1.000000  0.000044  0.000079  -0.000044  1.000000  0.000019  -0.000079  -0.000019  1.000000  0.999998  0.001010  0.001908  -0.001011  0.999999  0.000368  -0.001908  -0.000370  0.999998  0.000067  0.007358  
27.515618 0.000857  0.091578  0.001389  0.998224  0.057701  0.014792  -0.058224  0.997589  0.037766  -0.012577  -0.038560  0.999177  -0.000340  -0.003258  -0.000055  0.057713  -0.010428  0.276757  2.000000  0.999997  0.001190  0.002235  -0.001191  0.999999  0.000446  -0.002234  -0.000449  0.999997  0.999971  0.007616  0.000160  -0.007616  0.999970  0.001601  -0.000147  -0.001602  0.999999  1.000000  0.000046  0.000083  -0.000046  1.000000  0.000020  -0.000083  -0.000020  1.000000  0.999997  0.001190  0.002235  -0.001191  0.999999  0.000446  -0.002234  -0.000449  0.999997  0.000071  0.007784  
27.516865 0.000857  0.091571  0.001387  0.998200  0.058110  0.014814  -0.058635  0.997561  0.037881  -0.012577  -0.038681  0.999172  -0.000297  -0.003502  -0.000168  0.061562  -0.010957  0.290328  2.000000  0.999995  0.001417  0.002648  -0.001419  0.999999  0.000547  -0.002647  -0.000551  0.999996  0.999971  0.007616  0.000161  -0.007616  0.999970  0.001601  -0.000148  -0.001602  0.999999  1.000000  0.000046  0.000083  -0.000046  1.000000  0.000020  -0.000083  -0.000020  1.000000  0.999995  0.001417  0.002648  -0.001419  0.999999  0.000547  -0.002647  -0.000551  0.999996  0.000073  0.007784  
27.518115 0.000857  0.091565  0.001386  0.998176  0.058519  0.014837  -0.059046  0.997532  0.037995  -0.012577  -0.038802  0.999168  -0.000353  -0.003822  -0.000271  0.065515  -0.011507  0.304392  2.000000  0.999994  0.001646  0.003071  -0.001648  0.999998  0.000651  -0.003070  -0.000656  0.999995  0.999971  0.007611  0.000295  -0.007611  0.999970  0.001723  -0.000282  -0.001725  0.999998  1.000000  0.000044  0.000084  -0.000044  1.000000  0.000022  -0.000084  -0.000022  1.000000  0.999994  0.001646  0.003071  -0.001648  0.999998  0.000651  -0.003070  -0.000656  0.999995  0.000076  0.007809  
27.519115 0.000857  0.091560  0.001384  0.998164  0.058723  0.014852  -0.059251  0.997515  0.038113  -0.012577  -0.038923  0.999163  -0.000368  -0.004074  -0.000416  0.069466  -0.011780  0.311124  2.000000  0.999993  0.001825  0.003410  -0.001827  0.999998  0.000734  -0.003409  -0.000740  0.999994  0.999971  0.007611  0.000296  -0.007611  0.999970  0.001723  -0.000283  -0.001725  0.999998  1.000000  0.000044  0.000084  -0.000044  1.000000  0.000022  -0.000084  -0.000022  1.000000  0.999993  0.001825  0.003410  -0.001827  0.999998  0.000734  -0.003409  -0.000740  0.999994  0.000080  0.007809  
27.520365 0.000856  0.091555  0.001382  0.998138  0.059126  0.015008  -0.059662  0.997487  0.038220  -0.012711  -0.039045  0.999157  -0.000382  -0.004292  -0.000535  0.073374  -0.016823  0.324899  2.000000  0.999991  0.002039  0.003835  -0.002042  0.999998  0.000839  -0.003834  -0.000847  0.999992  0.999971  0.007600  0.000564  -0.007601  0.999970  0.001722  -0.000551  -0.001726  0.999998  1.000000  0.000041  0.000086  -0.000041  1.000000  0.000022  -0.000086  -0.000022  1.000000  0.999991  0.002039  0.003835  -0.002042  0.999998  0.000839  -0.003834  -0.000847  0.999992  0.000083  0.007814  
27.521368 0.000856  0.091550  0.001381  0.998125  0.059332  0.015016  -0.059868  0.997474  0.038217  -0.012711  -0.039045  0.999157  -0.000373  -0.004432  -0.000621  0.076705  -0.016920  0.328988  2.000000  0.999989  0.002205  0.004169  -0.002209  0.999997  0.000925  -0.004167  -0.000934  0.999991  0.999973  0.007400  0.000423  -0.007401  0.999971  0.001724  -0.000410  -0.001727  0.999998  1.000000  0.000042  0.000083  -0.000042  1.000000  0.000022  -0.000083  -0.000022  1.000000  0.999989  0.002205  0.004169  -0.002209  0.999997  0.000925  -0.004167  -0.000934  0.999991  0.000085  0.007610  
27.522619 0.000856  0.091545  0.001381  0.998113  0.059535  0.015031  -0.060073  0.997458  0.038335  -0.012711  -0.039166  0.999152  -0.000302  -0.004555  -0.000640  0.077339  -0.017100  0.331703  2.000000  0.999987  0.002368  0.004494  -0.002373  0.999997  0.001009  -0.004491  -0.001019  0.999989  0.999974  0.007194  0.000416  -0.007195  0.999973  0.001727  -0.000403  -0.001730  0.999998  1.000000  0.000041  0.000080  -0.000041  1.000000  0.000022  -0.000080  -0.000022  1.000000  0.999987  0.002368  0.004494  -0.002373  0.999997  0.001009  -0.004491  -0.001019  0.999989  0.000085  0.007411  
27.523619 0.000855  0.091540  0.001380  0.998101  0.059740  0.015039  -0.060279  0.997445  0.038332  -0.012711  -0.039166  0.999152  -0.000310  -0.004608  -0.000698  0.076700  -0.016959  0.328962  2.000000  0.999985  0.002525  0.004806  -0.002530  0.999996  0.001094  -0.004804  -0.001107  0.999988  0.999977  0.006783  0.000399  -0.006783  0.999975  0.001732  -0.000388  -0.001735  0.999998  1.000000  0.000038  0.000076  -0.000038  1.000000  0.000022  -0.000076  -0.000022  1.000000  0.999985  0.002525  0.004806  -0.002530  0.999996  0.001094  -0.004804  -0.001107  0.999988  0.000084  0.007012  
27.524868 0.000854  0.091534  0.001380  0.998088  0.059944  0.015054  -0.060484  0.997428  0.038450  -0.012711  -0.039287  0.999147  -0.000303  -0.004725  -0.000822  0.077409  -0.012383  0.324975  2.000000  0.999983  0.002721  0.005183  -0.002727  0.999996  0.001203  -0.005180  -0.001217  0.999986  0.999977  0.006788  0.000267  -0.006788  0.999975  0.001853  -0.000254  -0.001855  0.999998  1.000000  0.000040  0.000075  -0.000040  1.000000  0.000023  -0.000075  -0.000023  1.000000  0.999983  0.002721  0.005183  -0.002727  0.999996  0.001203  -0.005180  -0.001217  0.999986  0.000085  0.007042  
27.526121 0.000852  0.091527  0.001379  0.998076  0.060149  0.015062  -0.060690  0.997416  0.038447  -0.012711  -0.039287  0.999147  -0.000394  -0.004805  -0.000882  0.073321  -0.012401  0.324930  2.000000  0.999980  0.002908  0.005538  -0.002915  0.999995  0.001315  -0.005535  -0.001332  0.999984  0.999980  0.006377  0.000250  -0.006377  0.999978  0.001738  -0.000239  -0.001739  0.999998  1.000000  0.000037  0.000071  -0.000037  1.000000  0.000022  -0.000071  -0.000022  1.000000  0.999980  0.002908  0.005538  -0.002915  0.999995  0.001315  -0.005535  -0.001332  0.999984  0.000085  0.006614  
27.527368 0.000850  0.091520  0.001378  0.998076  0.060147  0.015069  -0.060690  0.997411  0.038568  -0.012711  -0.039408  0.999142  -0.000488  -0.004896  -0.000914  0.077542  -0.016658  0.317987  2.000000  0.999978  0.003079  0.005873  -0.003088  0.999994  0.001429  -0.005868  -0.001448  0.999982  0.999983  0.005754  0.000361  -0.005755  0.999982  0.001867  -0.000350  -0.001869  0.999998  1.000000  0.000032  0.000065  -0.000032  1.000000  0.000023  -0.000065  -0.000023  1.000000  0.999978  0.003079  0.005873  -0.003088  0.999994  0.001429  -0.005868  -0.001448  0.999982  0.000083  0.006061  
27.528621 0.000848  0.091512  0.001376  0.998063  0.060351  0.015085  -0.060895  0.997394  0.038686  -0.012711  -0.039529  0.999138  -0.000629  -0.005000  -0.000980  0.077599  -0.016425  0.310944  2.000000  0.999976  0.003238  0.006193  -0.003248  0.999994  0.001544  -0.006188  -0.001564  0.999980  0.999985  0.005548  0.000353  -0.005549  0.999983  0.001869  -0.000343  -0.001871  0.999998  1.000000  0.000031  0.000062  -0.000031  1.000000  0.000023  -0.000062  -0.000023  1.000000  0.999976  0.003238  0.006193  -0.003248  0.999994  0.001544  -0.006188  -0.001564  0.999980  0.000080  0.005866  
27.529861 0.000846  0.091505  0.001375  0.998063  0.060349  0.015092  -0.060895  0.997390  0.038807  -0.012711  -0.039651  0.999133  -0.000725  -0.005074  -0.000991  0.077161  -0.020258  0.294529  2.000000  0.999973  0.003385  0.006491  -0.003395  0.999993  0.001660  -0.006486  -0.001682  0.999978  0.999987  0.005137  0.000338  -0.005138  0.999985  0.001875  -0.000328  -0.001877  0.999998  1.000000  0.000029  0.000058  -0.000029  1.000000  0.000023  -0.000058  -0.000023  1.000000  0.999973  0.003385  0.006491  -0.003395  0.999993  0.001660  -0.006486  -0.001682  0.999978  0.000077  0.005479  
27.530867 0.000844  0.091499  0.001374  0.998052  0.060558  0.014974  -0.061101  0.997372  0.038933  -0.012577  -0.039772  0.999130  -0.000829  -0.005105  -0.000968  0.081960  -0.011189  0.290383  2.000000  0.999973  0.003414  0.006548  -0.003426  0.999993  0.001683  -0.006542  -0.001705  0.999977  0.999988  0.004937  0.000196  -0.004937  0.999986  0.001757  -0.000187  -0.001758  0.999998  1.000000  0.000000  0.000000  0.000000  1.000000  0.000000  0.000000  0.000000  1.000000  0.999973  0.003414  0.006548  -0.003426  0.999993  0.001683  -0.006542  -0.001705  0.999977  0.000075  0.000000  
27.532116 0.000842  0.091492  0.001372  0.998052  0.060558  0.014974  -0.061101  0.997372  0.038933  -0.012577  -0.039772  0.999130  -0.001037  -0.005222  -0.000944  0.078146  -0.010406  0.269648  2.000000  0.999973  0.003414  0.006548  -0.003426  0.999993  0.001683  -0.006542  -0.001705  0.999977  0.999991  0.004320  0.000172  -0.004320  0.999989  0.001765  -0.000164  -0.001765  0.999998  1.000000  0.000000  0.000000  0.000000  1.000000  0.000000  0.000000  0.000000  1.000000  0.999973  0.003414  0.006548  -0.003426  0.999993  0.001683  -0.006542  -0.001705  0.999977  0.000071  0.000000  
27.533365 0.000838  0.091483  0.001369  0.998040  0.060761  0.014989  -0.061306  0.997355  0.039051  -0.012577  -0.039893  0.999125  -0.001245  -0.005390  -0.001065  0.082296  -0.005662  0.262916  2.000000  0.999973  0.003414  0.006548  -0.003426  0.999993  0.001683  -0.006542  -0.001705  0.999977  0.999992  0.003908  0.000156  -0.003908  0.999991  0.001770  -0.000149  -0.001771  0.999998  1.000000  0.000000  0.000000  0.000000  1.000000  0.000000  0.000000  0.000000  1.000000  0.999973  0.003414  0.006548  -0.003426  0.999993  0.001683  -0.006542  -0.001705  0.999977  0.000068  0.000000  
27.534615 0.000834  0.091475  0.001366  0.998040  0.060760  0.014997  -0.061306  0.997350  0.039172  -0.012577  -0.040014  0.999120  -0.001489  -0.005545  -0.001153  0.085833  -0.005100  0.247030  2.000000  0.999973  0.003414  0.006548  -0.003426  0.999993  0.001683  -0.006542  -0.001705  0.999977  0.999994  0.003497  0.000140  -0.003497  0.999993  0.001654  -0.000134  -0.001654  0.999999  1.000000  0.000000  0.000000  0.000000  1.000000  0.000000  0.000000  0.000000  1.000000  0.999973  0.003414  0.006548  -0.003426  0.999993  0.001683  -0.006542  -0.001705  0.999977  0.000065  0.000000  
27.535619 0.000832  0.091468  0.001363  0.998040  0.060760  0.014997  -0.061306  0.997350  0.039172  -0.012577  -0.040014  0.999120  -0.001644  -0.005653  -0.001262  0.081961  -0.004583  0.233310  2.000000  0.999973  0.003414  0.006548  -0.003426  0.999993  0.001683  -0.006542  -0.001705  0.999977  0.999995  0.003291  0.000132  -0.003291  0.999993  0.001535  -0.000127  -0.001536  0.999999  1.000000  0.000000  0.000000  0.000000  1.000000  0.000000  0.000000  0.000000  1.000000  0.999973  0.003414  0.006548  -0.003426  0.999993  0.001683  -0.006542  -0.001705  0.999977  0.000062  0.000000  
27.536865 0.000828  0.091461  0.001359  0.998038  0.060754  0.015130  -0.061306  0.997350  0.039163  -0.012711  -0.040014  0.999118  -0.001853  -0.005799  -0.001453  0.082234  -0.012701  0.212425  2.000000  0.999973  0.003414  0.006548  -0.003426  0.999993  0.001683  -0.006542  -0.001705  0.999977  0.999996  0.002874  0.000249  -0.002875  0.999995  0.001297  -0.000245  -0.001298  0.999999  1.000000  0.000000  0.000000  0.000000  1.000000  0.000000  0.000000  0.000000  1.000000  0.999973  0.003414  0.006548  -0.003426  0.999993  0.001683  -0.006542  -0.001705  0.999977  0.000059  0.000000  
27.537870 0.000825  0.091455  0.001356  0.998038  0.060752  0.015137  -0.061306  0.997346  0.039284  -0.012711  -0.040135  0.999113  -0.002031  -0.005913  -0.001623  0.083092  -0.012294  0.200359  2.000000  0.999973  0.003414  0.006548  -0.003426  0.999993  0.001683  -0.006542  -0.001705  0.999977  0.999996  0.002669  0.000241  -0.002669  0.999995  0.001421  -0.000237  -0.001422  0.999999  1.000000  0.000000  0.000000  0.000000  1.000000  0.000000  0.000000  0.000000  1.000000  0.999973  0.003414  0.006548  -0.003426  0.999993  0.001683  -0.006542  -0.001705  0.999977  0.000056  0.000000  
27.539120 0.000821  0.091447  0.001353  0.998025  0.060958  0.015145  -0.061512  0.997333  0.039281  -0.012711  -0.040135  0.999113  -0.002242  -0.006015  -0.001847  0.078436  -0.011936  0.191814  2.000000  0.999973  0.003414  0.006548  -0.003426  0.999993  0.001683  -0.006542  -0.001705  0.999977  0.999997  0.002463  0.000233  -0.002463  0.999996  0.001303  -0.000230  -0.001303  0.999999  1.000000  0.000000  0.000000  0.000000  1.000000  0.000000  0.000000  0.000000  1.000000  0.999973  0.003414  0.006548  -0.003426  0.999993  0.001683  -0.006542  -0.001705  0.999977  0.000054  0.000000  
27.540371 0.000817  0.091440  0.001348  0.998038  0.060752  0.015137  -0.061306  0.997346  0.039284  -0.012711  -0.040135  0.999113  -0.002473  -0.006093  -0.002074  0.000000  0.000000  0.000000  2.000000  0.999973  0.003414  0.006548  -0.003426  0.999993  0.001683  -0.006542  -0.001705  0.999977  0.999998  0.001846  0.000208  -0.001846  0.999998  0.001189  -0.000206  -0.001190  0.999999  1.000000  0.000000  0.000000  0.000000  1.000000  0.000000  0.000000  0.000000  1.000000  0.999973  0.003414  0.006548  -0.003426  0.999993  0.001683  -0.006542  -0.001705  0.999977  0.000047  0.000000  
27.541616 0.000813  0.091433  0.001345  0.998038  0.060752  0.015137  -0.061306  0.997346  0.039284  -0.012711  -0.040135  0.999113  -0.002604  -0.006091  -0.002251  0.000000  0.000000  0.000000  2.000000  0.999973  0.003414  0.006548  -0.003426  0.999993  0.001683  -0.006542  -0.001705  0.999977  0.999999  0.001646  0.000066  -0.001646  0.999998  0.001071  -0.000064  -0.001071  0.999999  1.000000  0.000000  0.000000  0.000000  1.000000  0.000000  0.000000  0.000000  1.000000  0.999973  0.003414  0.006548  -0.003426  0.999993  0.001683  -0.006542  -0.001705  0.999977  0.000000  0.000000  
27.542868 0.000808  0.091425  0.001341  0.998025  0.060958  0.015145  -0.061512  0.997333  0.039281  -0.012711  -0.040135  0.999113  -0.002792  -0.006090  -0.002415  0.000000  0.000000  0.000000  2.000000  0.999973  0.003414  0.006548  -0.003426  0.999993  0.001683  -0.006542  -0.001705  0.999977  0.999999  0.001440  0.000058  -0.001440  0.999999  0.000952  -0.000056  -0.000952  1.000000  1.000000  0.000000  0.000000  0.000000  1.000000  0.000000  0.000000  0.000000  1.000000  0.999973  0.003414  0.006548  -0.003426  0.999993  0.001683  -0.006542  -0.001705  0.999977  0.000000  0.000000  
27.544119 0.000803  0.091418  0.001338  0.998025  0.060956  0.015153  -0.061512  0.997328  0.039402  -0.012711  -0.040256  0.999109  -0.003005  -0.006108  -0.002531  0.000000  0.000000  0.000000  2.000000  0.999973  0.003414  0.006548  -0.003426  0.999993  0.001683  -0.006542  -0.001705  0.999977  0.999999  0.001234  0.000050  -0.001234  0.999999  0.001076  -0.000048  -0.001076  0.999999  1.000000  0.000000  0.000000  0.000000  1.000000  0.000000  0.000000  0.000000  1.000000  0.999973  0.003414  0.006548  -0.003426  0.999993  0.001683  -0.006542  -0.001705  0.999977  0.000000  0.000000  
27.545119 0.000799  0.091412  0.001336  0.998025  0.060956  0.015153  -0.061512  0.997328  0.039402  -0.012711  -0.040256  0.999109  -0.003188  -0.006095  -0.002605  0.000000  0.000000  0.000000  2.000000  0.999973  0.003414  0.006548  -0.003426  0.999993  0.001683  -0.006542  -0.001705  0.999977  0.999999  0.001028  0.000041  -0.001028  0.999999  0.000957  -0.000040  -0.000957  1.000000  1.000000  0.000000  0.000000  0.000000  1.000000  0.000000  0.000000  0.000000  1.000000  0.999973  0.003414  0.006548  -0.003426  0.999993  0.001683  -0.006542  -0.001705  0.999977  0.000000  0.000000  
27.546367 0.000794  0.091405  0.001334  0.998025  0.060956  0.015153  -0.061512  0.997328  0.039402  -0.012711  -0.040256  0.999109  -0.003325  -0.006057  -0.002688  0.000000  0.000000  0.000000  2.000000  0.999973  0.003414  0.006548  -0.003426  0.999993  0.001683  -0.006542  -0.001705  0.999977  1.000000  0.000823  0.000033  -0.000823  0.999999  0.000960  -0.000032  -0.000960  1.000000  1.000000  0.000000  0.000000  0.000000  1.000000  0.000000  0.000000  0.000000  1.000000  0.999973  0.003414  0.006548  -0.003426  0.999993  0.001683  -0.006542  -0.001705  0.999977  0.000000  0.000000  
27.547617 0.000788  0.091398  0.001331  0.998025  0.060956  0.015153  -0.061512  0.997328  0.039402  -0.012711  -0.040256  0.999109  -0.003450  -0.005982  -0.002663  0.000000  0.000000  0.000000  2.000000  0.999973  0.003414  0.006548  -0.003426  0.999993  0.001683  -0.006542  -0.001705  0.999977  1.000000  0.000823  0.000033  -0.000823  0.999999  0.000839  -0.000032  -0.000839  1.000000  1.000000  0.000000  0.000000  0.000000  1.000000  0.000000  0.000000  0.000000  1.000000  0.999973  0.003414  0.006548  -0.003426  0.999993  0.001683  -0.006542  -0.001705  0.999977  0.000000  0.000000  
27.548865 0.000783  0.091391  0.001327  0.998025  0.060956  0.015153  -0.061512  0.997328  0.039402  -0.012711  -0.040256  0.999109  -0.003576  -0.005894  -0.002707  0.000000  0.000000  0.000000  2.000000  0.999973  0.003414  0.006548  -0.003426  0.999993  0.001683  -0.006542  -0.001705  0.999977  1.000000  0.000617  0.000025  -0.000617  1.000000  0.000720  -0.000024  -0.000720  1.000000  1.000000  0.000000  0.000000  0.000000  1.000000  0.000000  0.000000  0.000000  1.000000  0.999973  0.003414  0.006548  -0.003426  0.999993  0.001683  -0.006542  -0.001705  0.999977  0.000000  0.000000  
27.550115 0.000778  0.091384  0.001324  0.998025  0.060956  0.015153  -0.061512  0.997328  0.039402  -0.012711  -0.040256  0.999109  -0.003674  -0.005823  -0.002737  0.000000  0.000000  0.000000  2.000000  0.999973  0.003414  0.006548  -0.003426  0.999993  0.001683  -0.006542  -0.001705  0.999977  1.000000  0.000617  0.000025  -0.000617  1.000000  0.000599  -0.000024  -0.000599  1.000000  1.000000  0.000000  0.000000  0.000000  1.000000  0.000000  0.000000  0.000000  1.000000  0.999973  0.003414  0.006548  -0.003426  0.999993  0.001683  -0.006542  -0.001705  0.999977  0.000000  0.000000  
27.551365 0.000773  0.091377  0.001319  0.998025  0.060956  0.015153  -0.061512  0.997328  0.039402  -0.012711  -0.040256  0.999109  -0.003745  -0.005787  -0.002792  0.000000  0.000000  0.000000  2.000000  0.999973  0.003414  0.006548  -0.003426  0.999993  0.001683  -0.006542  -0.001705  0.999977  1.000000  0.000406  0.000150  -0.000406  1.000000  0.000480  -0.000150  -0.000480  1.000000  1.000000  0.000000  0.000000  0.000000  1.000000  0.000000  0.000000  0.000000  1.000000  0.999973  0.003414  0.006548  -0.003426  0.999993  0.001683  -0.006542  -0.001705  0.999977  0.000000  0.000000  
27.552365 0.000770  0.091372  0.001315  0.998025  0.060956  0.015153  -0.061512  0.997328  0.039402  -0.012711  -0.040256  0.999109  -0.003772  -0.005699  -0.002835  0.000000  0.000000  0.000000  2.000000  0.999973  0.003414  0.006548  -0.003426  0.999993  0.001683  -0.006542  -0.001705  0.999977  1.000000  0.000406  0.000150  -0.000406  1.000000  0.000480  -0.000150  -0.000480  1.000000  1.000000  0.000000  0.000000  0.000000  1.000000  0.000000  0.000000  0.000000  1.000000  0.999973  0.003414  0.006548  -0.003426  0.999993  0.001683  -0.006542  -0.001705  0.999977  0.000000  0.000000  
27.553366 0.000767  0.091367  0.001312  0.998025  0.060956  0.015153  -0.061512  0.997328  0.039402  -0.012711  -0.040256  0.999109  -0.003798  -0.005650  -0.002826  0.000000  0.000000  0.000000  2.000000  0.999973  0.003414  0.006548  -0.003426  0.999993  0.001683  -0.006542  -0.001705  0.999977  1.000000  0.000406  0.000150  -0.000406  1.000000  0.000359  -0.000150  -0.000359  1.000000  1.000000  0.000000  0.000000  0.000000  1.000000  0.000000  0.000000  0.000000  1.000000  0.999973  0.003414  0.006548  -0.003426  0.999993  0.001683  -0.006542  -0.001705  0.999977  0.000000  0.000000  
27.554371 0.000764  0.091362  0.001308  0.998025  0.060958  0.015145  -0.061512  0.997333  0.039281  -0.012711  -0.040135  0.999113  -0.003797  -0.005574  -0.002857  0.000000  0.000000  0.000000  2.000000  0.999973  0.003414  0.006548  -0.003426  0.999993  0.001683  -0.006542  -0.001705  0.999977  1.000000  0.000200  0.000142  -0.000200  1.000000  0.000240  -0.000142  -0.000240  1.000000  1.000000  0.000000  0.000000  0.000000  1.000000  0.000000  0.000000  0.000000  1.000000  0.999973  0.003414  0.006548  -0.003426  0.999993  0.001683  -0.006542  -0.001705  0.999977  0.000000  0.000000  
27.555621 0.000760  0.091356  0.001304  0.998025  0.060958  0.015145  -0.061512  0.997333  0.039281  -0.012711  -0.040135  0.999113  -0.003729  -0.005463  -0.002912  0.000000  0.000000  0.000000  2.000000  0.999973  0.003414  0.006548  -0.003426  0.999993  0.001683  -0.006542  -0.001705  0.999977  1.000000  0.000200  0.000142  -0.000200  1.000000  0.000119  -0.000142  -0.000119  1.000000  1.000000  0.000000  0.000000  0.000000  1.000000  0.000000  0.000000  0.000000  1.000000  0.999973  0.003414  0.006548  -0.003426  0.999993  0.001683  -0.006542  -0.001705  0.999977  0.000000  0.000000  
27.556654 0.000757  0.091351  0.001300  0.998025  0.060958  0.015145  -0.061512  0.997333  0.039281  -0.012711  -0.040135  0.999113  -0.003661  -0.005390  -0.003000  0.000000  0.000000  0.000000  2.000000  0.999973  0.003414  0.006548  -0.003426  0.999993  0.001683  -0.006542  -0.001705  0.999977  1.000000  0.000206  0.000008  -0.000206  1.000000  0.000119  -0.000008  -0.000119  1.000000  1.000000  0.000000  0.000000  0.000000  1.000000  0.000000  0.000000  0.000000  1.000000  0.999973  0.003414  0.006548  -0.003426  0.999993  0.001683  -0.006542  -0.001705  0.999977  0.000000  0.000000  
27.557869 0.000754  0.091345  0.001294  0.998013  0.061163  0.015154  -0.061717  0.997321  0.039278  -0.012711  -0.040135  0.999113  -0.003574  -0.005299  -0.003124  0.000000  0.000000  0.000000  2.000000  0.999973  0.003414  0.006548  -0.003426  0.999993  0.001683  -0.006542  -0.001705  0.999977  1.000000  0.000411  0.000017  -0.000411  1.000000  -0.000005  -0.000017  0.000005  1.000000  1.000000  0.000000  0.000000  0.000000  1.000000  0.000000  0.000000  0.000000  1.000000  0.999973  0.003414  0.006548  -0.003426  0.999993  0.001683  -0.006542  -0.001705  0.999977  0.000000  0.000000  
27.558893 0.000752  0.091341  0.001291  0.998011  0.061158  0.015287  -0.061717  0.997321  0.039270  -0.012844  -0.040135  0.999112  -0.003457  -0.005230  -0.003213  0.000000  0.000000  0.000000  2.000000  0.999973  0.003414  0.006548  -0.003426  0.999993  0.001683  -0.006542  -0.001705  0.999977  1.000000  0.000411  0.000017  -0.000411  1.000000  -0.000005  -0.000017  0.000005  1.000000  1.000000  0.000000  0.000000  0.000000  1.000000  0.000000  0.000000  0.000000  1.000000  0.999973  0.003414  0.006548  -0.003426  0.999993  0.001683  -0.006542  -0.001705  0.999977  0.000000  0.000000  
27.560122 0.000748  0.091334  0.001286  0.998011  0.061158  0.015287  -0.061717  0.997321  0.039270  -0.012844  -0.040135  0.999112  -0.003375  -0.005186  -0.003375  0.000000  0.000000  0.000000  2.000000  0.999973  0.003414  0.006548  -0.003426  0.999993  0.001683  -0.006542  -0.001705  0.999977  1.000000  0.000200  0.000142  -0.000200  1.000000  -0.000003  -0.000142  0.000003  1.000000  1.000000  0.000000  0.000000  0.000000  1.000000  0.000000  0.000000  0.000000  1.000000  0.999973  0.003414  0.006548  -0.003426  0.999993  0.001683  -0.006542  -0.001705  0.999977  0.000000  0.000000  
27.561369 0.000745  0.091328  0.001281  0.998011  0.061158  0.015287  -0.061717  0.997321  0.039270  -0.012844  -0.040135  0.999112  -0.003237  -0.005134  -0.003531  0.000000  0.000000  0.000000  2.000000  0.999973  0.003414  0.006548  -0.003426  0.999993  0.001683  -0.006542  -0.001705  0.999977  1.000000  0.000406  0.000150  -0.000406  1.000000  -0.000005  -0.000150  0.000005  1.000000  1.000000  0.000000  0.000000  0.000000  1.000000  0.000000  0.000000  0.000000  1.000000  0.999973  0.003414  0.006548  -0.003426  0.999993  0.001683  -0.006542  -0.001705  0.999977  0.000000  0.000000  
27.562620 0.000742  0.091322  0.001277  0.998011  0.061158  0.015287  -0.061717  0.997321  0.039270  -0.012844  -0.040135  0.999112  -0.003096  -0.005048  -0.003605  0.000000  0.000000  0.000000  2.000000  0.999973  0.003414  0.006548  -0.003426  0.999993  0.001683  -0.006542  -0.001705  0.999977  1.000000  0.000406  0.000150  -0.000406  1.000000  -0.000005  -0.000150  0.000005  1.000000  1.000000  0.000000  0.000000  0.000000  1.000000  0.000000  0.000000  0.000000  1.000000  0.999973  0.003414  0.006548  -0.003426  0.999993  0.001683  -0.006542  -0.001705  0.999977  0.000000  0.000000  
27.563865 0.000739  0.091317  0.001273  0.997998  0.061363  0.015295  -0.061922  0.997308  0.039267  -0.012844  -0.040135  0.999112  -0.002920  -0.004959  -0.003650  0.000000  0.000000  0.000000  2.000000  0.999973  0.003414  0.006548  -0.003426  0.999993  0.001683  -0.006542  -0.001705  0.999977  1.000000  0.000406  0.000150  -0.000406  1.000000  -0.000127  -0.000150  0.000127  1.000000  1.000000  0.000000  0.000000  0.000000  1.000000  0.000000  0.000000  0.000000  1.000000  0.999973  0.003414  0.006548  -0.003426  0.999993  0.001683  -0.006542  -0.001705  0.999977  0.000000  0.000000  
27.564867 0.000737  0.091313  0.001270  0.998000  0.061368  0.015162  -0.061923  0.997308  0.039275  -0.012711  -0.040135  0.999113  -0.002797  -0.004810  -0.003622  0.000000  0.000000  0.000000  2.000000  0.999973  0.003414  0.006548  -0.003426  0.999993  0.001683  -0.006542  -0.001705  0.999977  1.000000  0.000411  0.000017  -0.000411  1.000000  -0.000127  -0.000017  0.000127  1.000000  1.000000  0.000000  0.000000  0.000000  1.000000  0.000000  0.000000  0.000000  1.000000  0.999973  0.003414  0.006548  -0.003426  0.999993  0.001683  -0.006542  -0.001705  0.999977  0.000000  0.000000  
27.566115 0.000734  0.091308  0.001267  0.998000  0.061368  0.015162  -0.061923  0.997308  0.039275  -0.012711  -0.040135  0.999113  -0.002646  -0.004678  -0.003522  0.000000  0.000000  0.000000  2.000000  0.999973  0.003414  0.006548  -0.003426  0.999993  0.001683  -0.006542  -0.001705  0.999977  1.000000  0.000411  0.000017  -0.000411  1.000000  -0.000127  -0.000017  0.000127  1.000000  1.000000  0.000000  0.000000  0.000000  1.000000  0.000000  0.000000  0.000000  1.000000  0.999973  0.003414  0.006548  -0.003426  0.999993  0.001683  -0.006542  -0.001705  0.999977  0.000000  0.000000  
