1-Time 2-Px 3-Py 4-Pz 5-R11 6-R21 7-R31 8-R12 9-R22 10-R32 11-R13 12-R23 13-R33 14-Vx 15-Vy 16-Vz 17-Wx 18-Wy 19-Wz 20-state 21-PR11 22-PR21 23-PR31 24-PR12 25-PR22 26-PR32 27-PR13 28-PR23 29-PR33 
181.569398 0.002487  0.092176  -0.010519  0.996271  0.082807  0.024227  -0.083880  0.995356  0.047240  -0.020202  -0.049096  0.998590  -0.000059  0.000022  -0.000002  0.000000  0.000000  0.000000  2.000000  1.000000  0.000000  0.000000  0.000000  1.000000  0.000000  0.000000  0.000000  1.000000  1.000000  0.000007  -0.000134  -0.000007  1.000000  0.000000  0.000134  0.000000  1.000000  1.000000  0.000000  0.000000  0.000000  1.000000  0.000000  0.000000  0.000000  1.000000  0.729053  0.382095  -0.567877  -0.425291  0.902961  0.061558  0.536292  0.196634  0.820808  0.000000  0.000000  
181.570407 0.002487  0.092176  -0.010519  0.996271  0.082807  0.024227  -0.083880  0.995356  0.047240  -0.020202  -0.049096  0.998590  -0.000059  0.000022  -0.000002  0.000000  0.000000  0.000000  2.000000  1.000000  0.000000  0.000000  0.000000  1.000000  0.000000  0.000000  0.000000  1.000000  1.000000  0.000007  -0.000134  -0.000007  1.000000  0.000000  0.000134  0.000000  1.000000  1.000000  0.000000  0.000000  0.000000  1.000000  0.000000  0.000000  0.000000  1.000000  1.000000  0.000000  0.000000  0.000000  1.000000  0.000000  0.000000  0.000000  1.000000  0.000000  0.000000  
181.571654 0.002486  0.092175  -0.010520  0.996236  0.083214  0.024256  -0.084290  0.995316  0.047350  -0.020202  -0.049217  0.998584  -0.000084  -0.000101  -0.000048  0.000000  0.000000  0.000000  2.000000  1.000000  0.000000  0.000000  0.000000  1.000000  0.000000  0.000000  0.000000  1.000000  1.000000  0.000418  -0.000113  -0.000418  1.000000  -0.000008  0.000113  0.000008  1.000000  1.000000  0.000000  0.000000  0.000000  1.000000  0.000000  0.000000  0.000000  1.000000  1.000000  0.000000  0.000000  0.000000  1.000000  0.000000  0.000000  0.000000  1.000000  0.000000  0.000000  
181.572655 0.002486  0.092173  -0.010521  0.996182  0.083822  0.024418  -0.084905  0.995265  0.047324  -0.020336  -0.049217  0.998581  -0.000109  -0.000225  -0.000094  0.000000  0.000000  0.000000  2.000000  1.000000  0.000000  0.000000  0.000000  1.000000  0.000000  0.000000  0.000000  1.000000  1.000000  0.000822  0.000041  -0.000822  1.000000  0.000105  -0.000040  -0.000105  1.000000  1.000000  0.000000  0.000000  0.000000  1.000000  0.000000  0.000000  0.000000  1.000000  1.000000  0.000000  0.000000  0.000000  1.000000  0.000000  0.000000  0.000000  1.000000  0.000000  0.000000  
181.573910 0.002486  0.092169  -0.010522  0.996144  0.084222  0.024581  -0.085315  0.995225  0.047423  -0.020470  -0.049337  0.998572  -0.000098  -0.000420  -0.000148  0.000000  0.000000  0.000000  2.000000  1.000000  0.000000  0.000000  0.000000  1.000000  0.000000  0.000000  0.000000  1.000000  0.999999  0.001432  0.000205  -0.001432  0.999999  0.000213  -0.000204  -0.000213  1.000000  1.000000  0.000000  0.000000  0.000000  1.000000  0.000000  0.000000  0.000000  1.000000  1.000000  0.000000  0.000000  0.000000  1.000000  0.000000  0.000000  0.000000  1.000000  0.000000  0.000000  
181.575162 0.002486  0.092167  -0.010522  0.996109  0.084626  0.024621  -0.085725  0.995179  0.047655  -0.020470  -0.049580  0.998560  -0.000075  -0.000618  -0.000237  0.000000  0.000000  0.000000  2.000000  1.000000  0.000000  0.000000  0.000000  1.000000  0.000000  0.000000  0.000000  1.000000  0.999999  0.001638  0.000215  -0.001638  0.999999  0.000330  -0.000215  -0.000330  1.000000  1.000000  0.000000  0.000000  0.000000  1.000000  0.000000  0.000000  0.000000  1.000000  1.000000  0.000000  0.000000  0.000000  1.000000  0.000000  0.000000  0.000000  1.000000  0.000000  0.000000  
181.576405 0.002486  0.092164  -0.010522  0.996076  0.085039  0.024518  -0.086135  0.995137  0.047777  -0.020336  -0.049701  0.998557  -0.000046  -0.000784  -0.000236  0.000000  0.000000  0.000000  2.000000  1.000000  0.000000  0.000000  0.000000  1.000000  0.000000  0.000000  0.000000  1.000000  0.999998  0.002049  0.000236  -0.002049  0.999998  0.000564  -0.000235  -0.000565  1.000000  1.000000  0.000000  0.000000  0.000000  1.000000  0.000000  0.000000  0.000000  1.000000  1.000000  0.000000  0.000000  0.000000  1.000000  0.000000  0.000000  0.000000  1.000000  0.000000  0.000000  
181.577406 0.002486  0.092162  -0.010522  0.996043  0.085453  0.024415  -0.086546  0.995096  0.047899  -0.020202  -0.049822  0.998554  -0.000044  -0.000902  -0.000219  0.000000  0.000000  0.000000  2.000000  1.000000  0.000000  0.000000  0.000000  1.000000  0.000000  0.000000  0.000000  1.000000  0.999997  0.002467  0.000123  -0.002467  0.999997  0.000677  -0.000121  -0.000678  1.000000  1.000000  0.000000  0.000000  0.000000  1.000000  0.000000  0.000000  0.000000  1.000000  1.000000  0.000000  0.000000  0.000000  1.000000  0.000000  0.000000  0.000000  1.000000  0.000000  0.000000  
181.578666 0.002486  0.092160  -0.010522  0.995971  0.086269  0.024465  -0.087366  0.995019  0.047999  -0.020202  -0.049943  0.998548  -0.000027  -0.001064  -0.000183  0.000000  0.000000  0.000000  2.000000  1.000000  0.000000  0.000000  0.000000  1.000000  0.000000  0.000000  0.000000  1.000000  0.999995  0.003296  0.000031  -0.003296  0.999994  0.000782  -0.000028  -0.000782  1.000000  1.000000  0.000000  0.000000  0.000000  1.000000  0.000000  0.000000  0.000000  1.000000  1.000000  0.000000  0.000000  0.000000  1.000000  0.000000  0.000000  0.000000  1.000000  0.000000  0.000000  
181.579909 0.002487  0.092159  -0.010522  0.995899  0.087083  0.024526  -0.088186  0.994936  0.048221  -0.020202  -0.050186  0.998536  -0.000013  -0.001185  -0.000201  0.000000  0.000000  0.000000  2.000000  1.000000  0.000000  0.000000  0.000000  1.000000  0.000000  0.000000  0.000000  1.000000  0.999992  0.004111  0.000206  -0.004112  0.999991  0.000887  -0.000202  -0.000888  1.000000  1.000000  0.000000  0.000000  0.000000  1.000000  0.000000  0.000000  0.000000  1.000000  1.000000  0.000000  0.000000  0.000000  1.000000  0.000000  0.000000  0.000000  1.000000  0.000000  0.000000  
181.581163 0.002487  0.092157  -0.010522  0.995823  0.087892  0.024709  -0.089006  0.994859  0.048309  -0.020336  -0.050307  0.998527  0.000023  -0.001256  -0.000209  0.037232  -0.008593  0.172652  2.000000  1.000000  0.000064  0.000003  -0.000064  1.000000  0.000014  -0.000003  -0.000014  1.000000  0.999987  0.005139  0.000259  -0.005139  0.999986  0.001108  -0.000253  -0.001110  0.999999  1.000000  0.000064  0.000003  -0.000064  1.000000  0.000014  -0.000003  -0.000014  1.000000  1.000000  0.000064  0.000003  -0.000064  1.000000  0.000014  -0.000003  -0.000014  1.000000  0.000044  0.005264  
181.582413 0.002488  0.092157  -0.010521  0.995731  0.088913  0.024770  -0.090031  0.994762  0.048404  -0.020336  -0.050428  0.998521  0.000077  -0.001298  -0.000162  0.040604  -0.010325  0.207183  2.000000  1.000000  0.000411  0.000029  -0.000411  1.000000  0.000083  -0.000029  -0.000083  1.000000  0.999982  0.005955  0.000434  -0.005955  0.999982  0.001091  -0.000427  -0.001093  0.999999  1.000000  0.000074  0.000005  -0.000074  1.000000  0.000014  -0.000005  -0.000014  1.000000  1.000000  0.000411  0.000029  -0.000411  1.000000  0.000083  -0.000029  -0.000083  1.000000  0.000051  0.006070  
181.583658 0.002489  0.092157  -0.010519  0.995635  0.089927  0.024963  -0.091055  0.994665  0.048487  -0.020470  -0.050549  0.998512  0.000139  -0.001309  -0.000026  0.043967  -0.016552  0.241528  2.000000  1.000000  0.000821  0.000064  -0.000821  1.000000  0.000158  -0.000064  -0.000158  1.000000  0.999975  0.006976  0.000620  -0.006976  0.999975  0.001190  -0.000611  -0.001194  0.999999  1.000000  0.000087  0.000008  -0.000087  1.000000  0.000015  -0.000008  -0.000015  1.000000  1.000000  0.000821  0.000064  -0.000821  1.000000  0.000158  -0.000064  -0.000158  1.000000  0.000060  0.007104  
181.584904 0.002489  0.092156  -0.010518  0.995541  0.090948  0.025024  -0.092080  0.994566  0.048582  -0.020470  -0.050670  0.998506  0.000182  -0.001369  0.000107  0.047343  -0.018294  0.276099  2.000000  0.999999  0.001296  0.000105  -0.001296  0.999999  0.000239  -0.000105  -0.000239  1.000000  0.999968  0.008003  0.000672  -0.008004  0.999967  0.001290  -0.000662  -0.001295  0.999999  1.000000  0.000100  0.000008  -0.000100  1.000000  0.000016  -0.000008  -0.000016  1.000000  0.999999  0.001296  0.000105  -0.001296  0.999999  0.000239  -0.000105  -0.000239  1.000000  0.000068  0.008135  
181.585905 0.002489  0.092154  -0.010517  0.995468  0.091771  0.024942  -0.092900  0.994484  0.048695  -0.020336  -0.050791  0.998502  0.000177  -0.001433  0.000197  0.050874  -0.015202  0.303949  2.000000  0.999999  0.001617  0.000128  -0.001617  0.999999  0.000293  -0.000127  -0.000293  1.000000  0.999961  0.008832  0.000582  -0.008833  0.999960  0.001516  -0.000569  -0.001521  0.999999  1.000000  0.000110  0.000007  -0.000110  1.000000  0.000019  -0.000007  -0.000019  1.000000  0.999999  0.001617  0.000128  -0.001617  0.999999  0.000293  -0.000127  -0.000293  1.000000  0.000075  0.008981  
181.587154 0.002489  0.092152  -0.010516  0.995394  0.092594  0.024861  -0.093720  0.994402  0.048807  -0.020202  -0.050912  0.998499  0.000204  -0.001445  0.000309  0.054416  -0.012116  0.331849  2.000000  0.999998  0.002207  0.000164  -0.002207  0.999997  0.000390  -0.000163  -0.000390  1.000000  0.999951  0.009867  0.000502  -0.009868  0.999950  0.001617  -0.000486  -0.001622  0.999999  1.000000  0.000123  0.000006  -0.000123  1.000000  0.000020  -0.000006  -0.000020  1.000000  0.999998  0.002207  0.000164  -0.002207  0.999997  0.000390  -0.000163  -0.000390  1.000000  0.000084  0.010012  
181.588157 0.002489  0.092150  -0.010515  0.995316  0.093406  0.024923  -0.094540  0.994313  0.049028  -0.020202  -0.051155  0.998486  0.000253  -0.001435  0.000432  0.062004  -0.013542  0.359460  2.000000  0.999996  0.002716  0.000190  -0.002716  0.999996  0.000475  -0.000189  -0.000476  1.000000  0.999945  0.010483  0.000535  -0.010484  0.999944  0.001726  -0.000517  -0.001731  0.999998  1.000000  0.000131  0.000007  -0.000131  1.000000  0.000022  -0.000007  -0.000022  1.000000  0.999996  0.002716  0.000190  -0.002716  0.999996  0.000475  -0.000189  -0.000476  1.000000  0.000089  0.010639  
181.589405 0.002489  0.092146  -0.010514  0.995218  0.094424  0.024997  -0.095564  0.994204  0.049243  -0.020202  -0.051397  0.998474  0.000233  -0.001472  0.000555  0.069483  -0.019815  0.393781  2.000000  0.999994  0.003410  0.000225  -0.003410  0.999994  0.000595  -0.000223  -0.000595  1.000000  0.999934  0.011511  0.000590  -0.011512  0.999932  0.001947  -0.000567  -0.001954  0.999998  1.000000  0.000144  0.000007  -0.000144  1.000000  0.000024  -0.000007  -0.000024  1.000000  0.999994  0.003410  0.000225  -0.003410  0.999994  0.000595  -0.000223  -0.000595  1.000000  0.000098  0.011690  
181.590408 0.002489  0.092142  -0.010513  0.995139  0.095236  0.025060  -0.096384  0.994114  0.049464  -0.020202  -0.051639  0.998461  0.000226  -0.001583  0.000607  0.077069  -0.021255  0.421370  2.000000  0.999992  0.004011  0.000256  -0.004011  0.999992  0.000701  -0.000253  -0.000702  1.000000  0.999924  0.012333  0.000635  -0.012334  0.999922  0.002172  -0.000608  -0.002180  0.999997  1.000000  0.000154  0.000008  -0.000154  1.000000  0.000027  -0.000008  -0.000027  1.000000  0.999992  0.004011  0.000256  -0.004011  0.999992  0.000701  -0.000253  -0.000702  1.000000  0.000105  0.012540  
181.591655 0.002491  0.092138  -0.010513  0.995017  0.096451  0.025278  -0.097613  0.993985  0.049661  -0.020336  -0.051881  0.998446  0.000333  -0.001727  0.000621  0.084364  -0.027896  0.462657  2.000000  0.999988  0.004817  0.000304  -0.004818  0.999988  0.000849  -0.000300  -0.000851  1.000000  0.999910  0.013354  0.000826  -0.013356  0.999908  0.002513  -0.000792  -0.002524  0.999997  1.000000  0.000167  0.000010  -0.000167  1.000000  0.000031  -0.000010  -0.000031  1.000000  0.999988  0.004817  0.000304  -0.004818  0.999988  0.000849  -0.000300  -0.000851  1.000000  0.000116  0.013615  
181.592663 0.002492  0.092134  -0.010513  0.994936  0.097264  0.025342  -0.098432  0.993893  0.049881  -0.020336  -0.052123  0.998434  0.000366  -0.001871  0.000577  0.091986  -0.029362  0.490448  2.000000  0.999985  0.005493  0.000345  -0.005493  0.999984  0.000976  -0.000340  -0.000978  0.999999  0.999908  0.013559  0.000840  -0.013561  0.999905  0.002630  -0.000804  -0.002641  0.999996  1.000000  0.000170  0.000010  -0.000170  1.000000  0.000033  -0.000010  -0.000033  1.000000  0.999985  0.005493  0.000345  -0.005493  0.999984  0.000976  -0.000340  -0.000978  0.999999  0.000123  0.013839  
181.593910 0.002493  0.092129  -0.010514  0.994855  0.098073  0.025419  -0.099251  0.993794  0.050222  -0.020336  -0.052487  0.998415  0.000449  -0.002080  0.000492  0.103608  -0.030843  0.517836  2.000000  0.999981  0.006189  0.000382  -0.006190  0.999980  0.001113  -0.000375  -0.001116  0.999999  0.999902  0.013977  0.000731  -0.013979  0.999899  0.002743  -0.000693  -0.002753  0.999996  1.000000  0.000175  0.000009  -0.000175  1.000000  0.000034  -0.000009  -0.000034  1.000000  0.999981  0.006189  0.000382  -0.006190  0.999980  0.001113  -0.000375  -0.001116  0.999999  0.000130  0.014263  
181.595161 0.002494  0.092123  -0.010516  0.994775  0.098892  0.025352  -0.100071  0.993700  0.050456  -0.020202  -0.052729  0.998404  0.000483  -0.002355  0.000464  0.111217  -0.027820  0.545606  2.000000  0.999975  0.007084  0.000413  -0.007085  0.999974  0.001294  -0.000404  -0.001297  0.999999  0.999896  0.014402  0.000489  -0.014403  0.999892  0.002857  -0.000448  -0.002864  0.999996  1.000000  0.000180  0.000006  -0.000180  1.000000  0.000036  -0.000006  -0.000036  1.000000  0.999975  0.007084  0.000413  -0.007085  0.999974  0.001294  -0.000404  -0.001297  0.999999  0.000138  0.014692  
181.596405 0.002496  0.092118  -0.010516  0.994692  0.099704  0.025417  -0.100890  0.993606  0.050676  -0.020202  -0.052971  0.998392  0.000591  -0.002605  0.000364  0.118839  -0.029306  0.573376  2.000000  0.999968  0.008007  0.000445  -0.008008  0.999967  0.001481  -0.000434  -0.001484  0.999999  0.999887  0.015018  0.000527  -0.015020  0.999882  0.003087  -0.000480  -0.003094  0.999995  1.000000  0.000188  0.000006  -0.000188  1.000000  0.000039  -0.000006  -0.000039  1.000000  0.999968  0.008007  0.000445  -0.008008  0.999967  0.001481  -0.000434  -0.001484  0.999999  0.000145  0.015342  
181.597405 0.002498  0.092114  -0.010517  0.994630  0.100311  0.025473  -0.101504  0.993532  0.050901  -0.020202  -0.053213  0.998379  0.000650  -0.002871  0.000270  0.126559  -0.030434  0.594037  2.000000  0.999962  0.008760  0.000475  -0.008761  0.999960  0.001637  -0.000461  -0.001641  0.999999  0.999887  0.015011  0.000664  -0.015013  0.999882  0.003208  -0.000616  -0.003218  0.999995  1.000000  0.000188  0.000008  -0.000188  1.000000  0.000040  -0.000008  -0.000040  1.000000  0.999962  0.008760  0.000475  -0.008761  0.999960  0.001637  -0.000461  -0.001641  0.999999  0.000150  0.015366  
181.598405 0.002499  0.092110  -0.010518  0.994546  0.101123  0.025539  -0.102323  0.993437  0.051121  -0.020202  -0.053456  0.998366  0.000693  -0.003194  0.000114  0.134152  -0.031925  0.621665  2.000000  0.999955  0.009524  0.000515  -0.009524  0.999953  0.001795  -0.000498  -0.001800  0.999998  0.999881  0.015415  0.000823  -0.015417  0.999876  0.003199  -0.000774  -0.003212  0.999995  1.000000  0.000193  0.000010  -0.000193  1.000000  0.000040  -0.000010  -0.000040  1.000000  0.999955  0.009524  0.000515  -0.009524  0.999953  0.001795  -0.000498  -0.001800  0.999998  0.000157  0.015767  
181.599658 0.002500  0.092105  -0.010517  0.994459  0.101928  0.025739  -0.103142  0.993341  0.051327  -0.020336  -0.053698  0.998350  0.000744  -0.003439  0.000009  0.141725  -0.037919  0.649172  2.000000  0.999945  0.010481  0.000573  -0.010483  0.999943  0.001998  -0.000552  -0.002004  0.999998  0.999881  0.015407  0.000960  -0.015410  0.999876  0.003319  -0.000909  -0.003333  0.999994  1.000000  0.000193  0.000012  -0.000193  1.000000  0.000042  -0.000012  -0.000042  1.000000  0.999945  0.010481  0.000573  -0.010483  0.999943  0.001998  -0.000552  -0.002004  0.999998  0.000165  0.015792  
181.600903 0.002501  0.092100  -0.010516  0.994395  0.102535  0.025796  -0.103756  0.993266  0.051552  -0.020336  -0.053940  0.998337  0.000784  -0.003614  0.000036  0.148379  -0.038395  0.657583  2.000000  0.999934  0.011432  0.000633  -0.011433  0.999932  0.002209  -0.000608  -0.002216  0.999997  0.999887  0.014996  0.000942  -0.014999  0.999882  0.003449  -0.000890  -0.003462  0.999994  1.000000  0.000187  0.000011  -0.000187  1.000000  0.000043  -0.000011  -0.000043  1.000000  0.999934  0.011432  0.000633  -0.011433  0.999932  0.002209  -0.000608  -0.002216  0.999997  0.000167  0.015418  
181.601909 0.002502  0.092096  -0.010516  0.994352  0.102938  0.025842  -0.104166  0.993211  0.051783  -0.020336  -0.054182  0.998324  0.000861  -0.003794  0.000013  0.153821  -0.038475  0.656095  2.000000  0.999928  0.011996  0.000668  -0.011998  0.999925  0.002338  -0.000640  -0.002346  0.999997  0.999884  0.015209  0.000821  -0.015211  0.999878  0.003444  -0.000769  -0.003456  0.999994  1.000000  0.000190  0.000010  -0.000190  1.000000  0.000043  -0.000010  -0.000043  1.000000  0.999928  0.011996  0.000668  -0.011998  0.999925  0.002338  -0.000640  -0.002346  0.999997  0.000170  0.015617  
181.603153 0.002502  0.092091  -0.010514  0.994266  0.103753  0.025897  -0.104984  0.993120  0.051882  -0.020336  -0.054303  0.998317  0.000865  -0.003894  0.000048  0.152242  -0.034497  0.664669  2.000000  0.999916  0.012929  0.000719  -0.012931  0.999913  0.002562  -0.000686  -0.002571  0.999996  0.999890  0.014797  0.000803  -0.014800  0.999884  0.003574  -0.000750  -0.003586  0.999993  1.000000  0.000185  0.000010  -0.000185  1.000000  0.000045  -0.000010  -0.000045  1.000000  0.999916  0.012929  0.000719  -0.012931  0.999913  0.002562  -0.000686  -0.002571  0.999996  0.000171  0.015246  
181.604155 0.002502  0.092088  -0.010512  0.994201  0.104360  0.025954  -0.105599  0.993043  0.052107  -0.020336  -0.054545  0.998304  0.000867  -0.003956  0.000084  0.156052  -0.030896  0.678994  2.000000  0.999906  0.013664  0.000754  -0.013666  0.999903  0.002747  -0.000716  -0.002757  0.999996  0.999893  0.014599  0.000661  -0.014601  0.999886  0.003821  -0.000606  -0.003830  0.999992  1.000000  0.000183  0.000008  -0.000183  1.000000  0.000048  -0.000008  -0.000048  1.000000  0.999906  0.013664  0.000754  -0.013666  0.999903  0.002747  -0.000716  -0.002757  0.999996  0.000173  0.015107  
181.605157 0.002501  0.092083  -0.010511  0.994157  0.104762  0.026001  -0.106008  0.992987  0.052337  -0.020336  -0.054787  0.998291  0.000785  -0.003985  0.000132  0.160019  -0.031004  0.678656  2.000000  0.999896  0.014386  0.000788  -0.014388  0.999892  0.002935  -0.000745  -0.002946  0.999995  0.999896  0.014393  0.000652  -0.014396  0.999889  0.003825  -0.000597  -0.003834  0.999992  1.000000  0.000180  0.000008  -0.000180  1.000000  0.000048  -0.000008  -0.000048  1.000000  0.999896  0.014386  0.000788  -0.014388  0.999892  0.002935  -0.000745  -0.002946  0.999995  0.000176  0.014909  
181.606415 0.002500  0.092078  -0.010510  0.994092  0.105369  0.026059  -0.106622  0.992909  0.052562  -0.020336  -0.055030  0.998278  0.000651  -0.004016  0.000243  0.166850  -0.036176  0.689752  2.000000  0.999883  0.015257  0.000834  -0.015259  0.999879  0.003177  -0.000785  -0.003190  0.999995  0.999905  0.013769  0.000755  -0.013772  0.999898  0.003838  -0.000702  -0.003848  0.999992  1.000000  0.000172  0.000009  -0.000172  1.000000  0.000048  -0.000009  -0.000048  1.000000  0.999883  0.015257  0.000834  -0.015259  0.999879  0.003177  -0.000785  -0.003190  0.999995  0.000178  0.014316  
181.607656 0.002500  0.092073  -0.010508  0.994048  0.105772  0.026106  -0.107031  0.992853  0.052792  -0.020336  -0.055272  0.998264  0.000519  -0.004066  0.000339  0.168189  -0.040158  0.678142  2.000000  0.999870  0.016094  0.000886  -0.016097  0.999865  0.003426  -0.000830  -0.003440  0.999994  0.999910  0.013351  0.000871  -0.013354  0.999902  0.004090  -0.000817  -0.004101  0.999991  1.000000  0.000167  0.000011  -0.000167  1.000000  0.000051  -0.000011  -0.000051  1.000000  0.999870  0.016094  0.000886  -0.016097  0.999865  0.003426  -0.000830  -0.003440  0.999994  0.000176  0.013992  
181.608663 0.002498  0.092069  -0.010507  0.994004  0.106174  0.026154  -0.107440  0.992797  0.053022  -0.020336  -0.055514  0.998251  0.000362  -0.004077  0.000480  0.172370  -0.039919  0.671278  2.000000  0.999862  0.016587  0.000919  -0.016590  0.999856  0.003578  -0.000860  -0.003593  0.999993  0.999913  0.013145  0.000862  -0.013149  0.999905  0.004094  -0.000808  -0.004105  0.999991  1.000000  0.000164  0.000010  -0.000164  1.000000  0.000051  -0.000010  -0.000051  1.000000  0.999862  0.016587  0.000919  -0.016590  0.999856  0.003578  -0.000860  -0.003593  0.999993  0.000175  0.013797  
181.609904 0.002497  0.092064  -0.010506  0.993940  0.106788  0.026080  -0.108055  0.992717  0.053261  -0.020202  -0.055756  0.998240  0.000196  -0.004024  0.000616  0.172560  -0.035265  0.664677  2.000000  0.999848  0.017388  0.000970  -0.017391  0.999841  0.003834  -0.000903  -0.003850  0.999992  0.999919  0.012741  0.000708  -0.012744  0.999910  0.004104  -0.000656  -0.004113  0.999991  1.000000  0.000159  0.000009  -0.000159  1.000000  0.000051  -0.000009  -0.000051  1.000000  0.999848  0.017388  0.000970  -0.017391  0.999841  0.003834  -0.000903  -0.003850  0.999992  0.000173  0.013407  
181.611159 0.002495  0.092059  -0.010505  0.993873  0.107395  0.026139  -0.108668  0.992638  0.053486  -0.020202  -0.055998  0.998226  -0.000007  -0.004019  0.000729  0.176697  -0.030567  0.658048  2.000000  0.999835  0.018161  0.001016  -0.018165  0.999827  0.004089  -0.000942  -0.004106  0.999991  0.999926  0.012125  0.000677  -0.012127  0.999918  0.003996  -0.000629  -0.004004  0.999992  1.000000  0.000152  0.000008  -0.000152  1.000000  0.000050  -0.000008  -0.000050  1.000000  0.999835  0.018161  0.001016  -0.018165  0.999827  0.004089  -0.000942  -0.004106  0.999991  0.000170  0.012786  
181.612411 0.002493  0.092053  -0.010506  0.993828  0.107798  0.026187  -0.109078  0.992581  0.053716  -0.020202  -0.056241  0.998213  -0.000378  -0.004045  0.000770  0.181143  -0.029586  0.637431  2.000000  0.999821  0.018896  0.001052  -0.018900  0.999812  0.004343  -0.000970  -0.004362  0.999990  0.999934  0.011515  0.000513  -0.011518  0.999925  0.004130  -0.000466  -0.004136  0.999991  1.000000  0.000144  0.000006  -0.000144  1.000000  0.000052  -0.000006  -0.000052  1.000000  0.999821  0.018896  0.001052  -0.018900  0.999812  0.004343  -0.000970  -0.004362  0.999990  0.000168  0.012246  
181.613659 0.002489  0.092047  -0.010508  0.993783  0.108200  0.026235  -0.109487  0.992523  0.053946  -0.020202  -0.056483  0.998199  -0.000653  -0.004134  0.000657  0.187251  -0.023978  0.615349  2.000000  0.999808  0.019584  0.001086  -0.019589  0.999798  0.004594  -0.000996  -0.004614  0.999989  0.999943  0.010693  0.000470  -0.010695  0.999935  0.004026  -0.000427  -0.004031  0.999992  1.000000  0.000134  0.000006  -0.000134  1.000000  0.000050  -0.000006  -0.000050  1.000000  0.999808  0.019584  0.001086  -0.019589  0.999798  0.004594  -0.000996  -0.004614  0.999989  0.000163  0.011437  
181.614908 0.002486  0.092041  -0.010510  0.993738  0.108602  0.026284  -0.109896  0.992466  0.054176  -0.020202  -0.056725  0.998185  -0.000955  -0.004201  0.000496  0.193726  -0.027347  0.592963  2.000000  0.999795  0.020237  0.001122  -0.020242  0.999783  0.004839  -0.001023  -0.004861  0.999988  0.999947  0.010275  0.000583  -0.010277  0.999940  0.003913  -0.000543  -0.003919  0.999992  1.000000  0.000128  0.000007  -0.000128  1.000000  0.000049  -0.000007  -0.000049  1.000000  0.999795  0.020237  0.001122  -0.020242  0.999783  0.004839  -0.001023  -0.004861  0.999988  0.000158  0.011011  
181.616159 0.002483  0.092035  -0.010511  0.993692  0.109001  0.026346  -0.110305  0.992401  0.054526  -0.020202  -0.057088  0.998165  -0.001256  -0.004252  0.000279  0.198591  -0.026644  0.575815  2.000000  0.999782  0.020866  0.001161  -0.020871  0.999769  0.005086  -0.001055  -0.005110  0.999986  0.999949  0.010069  0.000574  -0.010071  0.999942  0.003917  -0.000534  -0.003923  0.999992  1.000000  0.000126  0.000007  -0.000126  1.000000  0.000049  -0.000007  -0.000049  1.000000  0.999782  0.020866  0.001161  -0.020871  0.999769  0.005086  -0.001055  -0.005110  0.999986  0.000154  0.010821  
181.617405 0.002480  0.092031  -0.010513  0.993647  0.109403  0.026395  -0.110714  0.992343  0.054756  -0.020202  -0.057330  0.998151  -0.001497  -0.004249  0.000100  0.200679  -0.030369  0.559567  2.000000  0.999771  0.021353  0.001192  -0.021359  0.999758  0.005288  -0.001079  -0.005312  0.999985  0.999953  0.009658  0.000554  -0.009660  0.999945  0.004047  -0.000515  -0.004052  0.999992  1.000000  0.000121  0.000007  -0.000121  1.000000  0.000051  -0.000007  -0.000051  1.000000  0.999771  0.021353  0.001192  -0.021359  0.999758  0.005288  -0.001079  -0.005312  0.999985  0.000151  0.010487  
181.618664 0.002477  0.092026  -0.010515  0.993601  0.109806  0.026444  -0.111123  0.992284  0.054986  -0.020202  -0.057572  0.998137  -0.001723  -0.004245  -0.000114  0.201023  -0.029364  0.538631  2.000000  0.999759  0.021939  0.001230  -0.021945  0.999744  0.005538  -0.001108  -0.005564  0.999984  0.999959  0.009041  0.000521  -0.009043  0.999951  0.004060  -0.000484  -0.004065  0.999992  1.000000  0.000113  0.000006  -0.000113  1.000000  0.000051  -0.000006  -0.000051  1.000000  0.999759  0.021939  0.001230  -0.021945  0.999744  0.005538  -0.001108  -0.005564  0.999984  0.000145  0.009926  
181.619903 0.002473  0.092021  -0.010516  0.993578  0.110000  0.026495  -0.111328  0.992242  0.055341  -0.020202  -0.057936  0.998116  -0.001912  -0.004200  -0.000314  0.203896  -0.028168  0.513819  2.000000  0.999746  0.022488  0.001261  -0.022495  0.999730  0.005790  -0.001131  -0.005817  0.999982  0.999963  0.008638  0.000366  -0.008639  0.999954  0.004069  -0.000330  -0.004072  0.999992  1.000000  0.000108  0.000004  -0.000108  1.000000  0.000051  -0.000004  -0.000051  1.000000  0.999746  0.022488  0.001261  -0.022495  0.999730  0.005790  -0.001131  -0.005817  0.999982  0.000140  0.009556  
181.620904 0.002470  0.092019  -0.010517  0.993555  0.110198  0.026533  -0.111533  0.992205  0.055577  -0.020202  -0.058178  0.998102  -0.002096  -0.004122  -0.000462  0.206264  -0.022136  0.483805  2.000000  0.999737  0.022904  0.001283  -0.022912  0.999720  0.005993  -0.001145  -0.006021  0.999981  0.999966  0.008227  0.000344  -0.008228  0.999958  0.004077  -0.000310  -0.004080  0.999992  1.000000  0.000103  0.000004  -0.000103  1.000000  0.000051  -0.000004  -0.000051  1.000000  0.999737  0.022904  0.001283  -0.022912  0.999720  0.005993  -0.001145  -0.006021  0.999981  0.000135  0.009189  
181.622174 0.002465  0.092014  -0.010518  0.993509  0.110600  0.026583  -0.111942  0.992147  0.055806  -0.020202  -0.058420  0.998088  -0.002328  -0.004043  -0.000681  0.204833  -0.021311  0.466088  2.000000  0.999725  0.023403  0.001308  -0.023410  0.999706  0.006253  -0.001162  -0.006281  0.999980  0.999969  0.007816  0.000323  -0.007817  0.999961  0.004207  -0.000290  -0.004209  0.999991  1.000000  0.000098  0.000004  -0.000098  1.000000  0.000053  -0.000004  -0.000053  1.000000  0.999725  0.023403  0.001308  -0.023410  0.999706  0.006253  -0.001162  -0.006281  0.999980  0.000129  0.008883  
181.623179 0.002463  0.092012  -0.010519  0.993486  0.110798  0.026622  -0.112146  0.992110  0.056042  -0.020202  -0.058662  0.998073  -0.002432  -0.003937  -0.000818  0.205390  -0.020296  0.445835  2.000000  0.999718  0.023693  0.001323  -0.023701  0.999699  0.006409  -0.001171  -0.006438  0.999979  0.999971  0.007610  0.000312  -0.007612  0.999962  0.004211  -0.000280  -0.004213  0.999991  1.000000  0.000095  0.000004  -0.000095  1.000000  0.000053  -0.000004  -0.000053  1.000000  0.999718  0.023693  0.001323  -0.023701  0.999699  0.006409  -0.001171  -0.006438  0.999979  0.000124  0.008704  
181.624405 0.002459  0.092009  -0.010520  0.993440  0.111200  0.026672  -0.112555  0.992051  0.056271  -0.020202  -0.058904  0.998059  -0.002572  -0.003769  -0.000865  0.201514  -0.024105  0.431575  2.000000  0.999709  0.024068  0.001343  -0.024076  0.999688  0.006623  -0.001183  -0.006654  0.999977  0.999973  0.007405  0.000302  -0.007406  0.999963  0.004337  -0.000270  -0.004339  0.999991  1.000000  0.000093  0.000004  -0.000093  1.000000  0.000054  -0.000004  -0.000054  1.000000  0.999709  0.024068  0.001343  -0.024076  0.999688  0.006623  -0.001183  -0.006654  0.999977  0.000121  0.008587  
181.625408 0.002456  0.092008  -0.010520  0.993417  0.111398  0.026710  -0.112760  0.992014  0.056506  -0.020202  -0.059146  0.998045  -0.002685  -0.003608  -0.001007  0.205838  -0.023417  0.417877  2.000000  0.999703  0.024338  0.001357  -0.024346  0.999681  0.006786  -0.001192  -0.006817  0.999976  0.999976  0.006994  0.000279  -0.006995  0.999966  0.004345  -0.000249  -0.004347  0.999991  1.000000  0.000087  0.000003  -0.000087  1.000000  0.000054  -0.000003  -0.000054  1.000000  0.999703  0.024338  0.001357  -0.024346  0.999681  0.006786  -0.001192  -0.006817  0.999976  0.000116  0.008239  
181.626664 0.002453  0.092006  -0.010521  0.993396  0.111603  0.026616  -0.112965  0.991977  0.056757  -0.020068  -0.059389  0.998033  -0.002775  -0.003373  -0.001062  0.203874  -0.018078  0.400787  2.000000  0.999692  0.024767  0.001377  -0.024776  0.999668  0.007060  -0.001202  -0.007092  0.999974  0.999978  0.006591  0.000123  -0.006591  0.999969  0.004354  -0.000094  -0.004355  0.999991  1.000000  0.000082  0.000001  -0.000082  1.000000  0.000054  -0.000001  -0.000054  1.000000  0.999692  0.024767  0.001377  -0.024776  0.999668  0.007060  -0.001202  -0.007092  0.999974  0.000111  0.007901  
181.627909 0.002449  0.092003  -0.010523  0.993373  0.111801  0.026655  -0.113169  0.991940  0.056992  -0.020068  -0.059631  0.998019  -0.002838  -0.003116  -0.001100  0.200415  -0.016639  0.373271  2.000000  0.999682  0.025171  0.001390  -0.025180  0.999656  0.007334  -0.001205  -0.007367  0.999972  0.999981  0.006180  0.000100  -0.006180  0.999971  0.004363  -0.000073  -0.004363  0.999990  1.000000  0.000077  0.000001  -0.000077  1.000000  0.000055  -0.000001  -0.000055  1.000000  0.999682  0.025171  0.001390  -0.025180  0.999656  0.007334  -0.001205  -0.007367  0.999972  0.000107  0.007566  
181.629158 0.002446  0.092001  -0.010526  0.993347  0.111991  0.026827  -0.113373  0.991904  0.057212  -0.020202  -0.059873  0.998002  -0.002849  -0.002857  -0.001144  0.203028  -0.015790  0.356475  2.000000  0.999672  0.025561  0.001406  -0.025571  0.999644  0.007605  -0.001211  -0.007638  0.999970  0.999981  0.006172  0.000235  -0.006173  0.999972  0.004241  -0.000209  -0.004242  0.999991  1.000000  0.000077  0.000003  -0.000077  1.000000  0.000053  -0.000003  -0.000053  1.000000  0.999672  0.025561  0.001406  -0.025571  0.999644  0.007605  -0.001211  -0.007638  0.999970  0.000104  0.007492  
181.630409 0.002443  0.092000  -0.010529  0.993324  0.112189  0.026866  -0.113578  0.991867  0.057447  -0.020202  -0.060115  0.997987  -0.002784  -0.002604  -0.001265  0.201005  -0.014843  0.338619  2.000000  0.999663  0.025928  0.001429  -0.025939  0.999633  0.007873  -0.001225  -0.007907  0.999968  0.999983  0.005753  0.000345  -0.005754  0.999974  0.004249  -0.000321  -0.004251  0.999991  1.000000  0.000072  0.000004  -0.000072  1.000000  0.000053  -0.000004  -0.000053  1.000000  0.999663  0.025928  0.001429  -0.025939  0.999633  0.007873  -0.001225  -0.007907  0.999968  0.000099  0.007161  
181.631659 0.002442  0.091998  -0.010532  0.993300  0.112386  0.026905  -0.113782  0.991830  0.057682  -0.020202  -0.060357  0.997972  -0.002696  -0.002388  -0.001367  0.203810  -0.014006  0.322353  2.000000  0.999654  0.026272  0.001456  -0.026283  0.999621  0.008143  -0.001242  -0.008178  0.999966  0.999986  0.005342  0.000323  -0.005343  0.999976  0.004379  -0.000299  -0.004381  0.999990  1.000000  0.000067  0.000004  -0.000067  1.000000  0.000055  -0.000004  -0.000055  1.000000  0.999654  0.026272  0.001456  -0.026283  0.999621  0.008143  -0.001242  -0.008178  0.999966  0.000097  0.006915  
181.632909 0.002440  0.091997  -0.010536  0.993274  0.112576  0.027077  -0.113986  0.991794  0.057902  -0.020336  -0.060599  0.997955  -0.002560  -0.002116  -0.001476  0.205784  -0.017490  0.303860  2.000000  0.999645  0.026595  0.001484  -0.026607  0.999611  0.008413  -0.001260  -0.008449  0.999964  0.999987  0.005128  0.000445  -0.005130  0.999977  0.004383  -0.000423  -0.004385  0.999990  1.000000  0.000064  0.000005  -0.000064  1.000000  0.000055  -0.000005  -0.000055  1.000000  0.999645  0.026595  0.001484  -0.026607  0.999611  0.008413  -0.001260  -0.008449  0.999964  0.000094  0.006761  
181.634157 0.002440  0.091996  -0.010538  0.993251  0.112773  0.027116  -0.114191  0.991756  0.058137  -0.020336  -0.060841  0.997940  -0.002330  -0.001898  -0.001557  0.206100  -0.016768  0.290093  2.000000  0.999645  0.026595  0.001484  -0.026607  0.999611  0.008413  -0.001260  -0.008449  0.999964  0.999989  0.004717  0.000421  -0.004719  0.999979  0.004391  -0.000401  -0.004393  0.999990  1.000000  0.000000  0.000000  0.000000  1.000000  0.000000  0.000000  0.000000  1.000000  0.999645  0.026595  0.001484  -0.026607  0.999611  0.008413  -0.001260  -0.008449  0.999964  0.000088  0.000000  
181.635406 0.002440  0.091994  -0.010542  0.993251  0.112764  0.027157  -0.114191  0.991735  0.058498  -0.020336  -0.061204  0.997918  -0.002098  -0.001718  -0.001678  0.206518  -0.015668  0.269361  2.000000  0.999645  0.026595  0.001484  -0.026607  0.999611  0.008413  -0.001260  -0.008449  0.999964  0.999990  0.004512  0.000410  -0.004513  0.999980  0.004395  -0.000390  -0.004397  0.999990  1.000000  0.000000  0.000000  0.000000  1.000000  0.000000  0.000000  0.000000  1.000000  0.999645  0.026595  0.001484  -0.026607  0.999611  0.008413  -0.001260  -0.008449  0.999964  0.000085  0.000000  
181.636652 0.002440  0.091993  -0.010545  0.993227  0.112961  0.027196  -0.114395  0.991698  0.058733  -0.020336  -0.061446  0.997903  -0.001820  -0.001585  -0.001835  0.209153  -0.014789  0.253456  2.000000  0.999645  0.026595  0.001484  -0.026607  0.999611  0.008413  -0.001260  -0.008449  0.999964  0.999991  0.004306  0.000399  -0.004308  0.999981  0.004521  -0.000380  -0.004522  0.999990  1.000000  0.000000  0.000000  0.000000  1.000000  0.000000  0.000000  0.000000  1.000000  0.999645  0.026595  0.001484  -0.026607  0.999611  0.008413  -0.001260  -0.008449  0.999964  0.000084  0.000000  
181.637655 0.002440  0.091991  -0.010548  0.993204  0.113159  0.027236  -0.114600  0.991660  0.058968  -0.020336  -0.061688  0.997888  -0.001620  -0.001449  -0.001924  0.209134  -0.014849  0.253429  2.000000  0.999645  0.026595  0.001484  -0.026607  0.999611  0.008413  -0.001260  -0.008449  0.999964  0.999992  0.004100  0.000387  -0.004102  0.999982  0.004404  -0.000369  -0.004405  0.999990  1.000000  0.000000  0.000000  0.000000  1.000000  0.000000  0.000000  0.000000  1.000000  0.999645  0.026595  0.001484  -0.026607  0.999611  0.008413  -0.001260  -0.008449  0.999964  0.000082  0.000000  
181.638655 0.002440  0.091990  -0.010549  0.993204  0.113149  0.027277  -0.114600  0.991639  0.059329  -0.020336  -0.062051  0.997866  -0.001397  -0.001353  -0.001988  0.213505  -0.014122  0.239781  2.000000  0.999645  0.026595  0.001484  -0.026607  0.999611  0.008413  -0.001260  -0.008449  0.999964  0.999992  0.003895  0.000376  -0.003897  0.999982  0.004529  -0.000358  -0.004531  0.999990  1.000000  0.000000  0.000000  0.000000  1.000000  0.000000  0.000000  0.000000  1.000000  0.999645  0.026595  0.001484  -0.026607  0.999611  0.008413  -0.001260  -0.008449  0.999964  0.000080  0.000000  
181.639657 0.002441  0.091990  -0.010551  0.993180  0.113346  0.027317  -0.114804  0.991601  0.059564  -0.020336  -0.062293  0.997851  -0.001139  -0.001287  -0.002139  0.217790  -0.017805  0.225758  2.000000  0.999645  0.026595  0.001484  -0.026607  0.999611  0.008413  -0.001260  -0.008449  0.999964  0.999994  0.003484  0.000351  -0.003486  0.999984  0.004538  -0.000335  -0.004539  0.999990  1.000000  0.000000  0.000000  0.000000  1.000000  0.000000  0.000000  0.000000  1.000000  0.999645  0.026595  0.001484  -0.026607  0.999611  0.008413  -0.001260  -0.008449  0.999964  0.000077  0.000000  
181.640658 0.002442  0.091989  -0.010552  0.993180  0.113340  0.027344  -0.114804  0.991586  0.059804  -0.020336  -0.062535  0.997836  -0.000934  -0.001216  -0.002144  0.218110  -0.017051  0.212097  2.000000  0.999645  0.026595  0.001484  -0.026607  0.999611  0.008413  -0.001260  -0.008449  0.999964  0.999994  0.003484  0.000352  -0.003485  0.999984  0.004538  -0.000336  -0.004539  0.999990  1.000000  0.000000  0.000000  0.000000  1.000000  0.000000  0.000000  0.000000  1.000000  0.999645  0.026595  0.001484  -0.026607  0.999611  0.008413  -0.001260  -0.008449  0.999964  0.000077  0.000000  
181.641913 0.002442  0.091989  -0.010554  0.993180  0.113330  0.027385  -0.114804  0.991564  0.060165  -0.020336  -0.062899  0.997813  -0.000620  -0.001109  -0.002173  0.220260  -0.016028  0.193058  2.000000  0.999645  0.026595  0.001484  -0.026607  0.999611  0.008413  -0.001260  -0.008449  0.999964  0.999995  0.003278  0.000340  -0.003280  0.999984  0.004542  -0.000325  -0.004543  0.999990  1.000000  0.000000  0.000000  0.000000  1.000000  0.000000  0.000000  0.000000  1.000000  0.999645  0.026595  0.001484  -0.026607  0.999611  0.008413  -0.001260  -0.008449  0.999964  0.000074  0.000000  
181.643158 0.002443  0.091989  -0.010554  0.993156  0.113527  0.027425  -0.115009  0.991527  0.060400  -0.020336  -0.063141  0.997797  -0.000349  -0.000910  -0.002013  0.222540  -0.015934  0.191509  2.000000  0.999645  0.026595  0.001484  -0.026607  0.999611  0.008413  -0.001260  -0.008449  0.999964  0.999995  0.003073  0.000328  -0.003074  0.999984  0.004667  -0.000314  -0.004668  0.999989  1.000000  0.000000  0.000000  0.000000  1.000000  0.000000  0.000000  0.000000  1.000000  0.999645  0.026595  0.001484  -0.026607  0.999611  0.008413  -0.001260  -0.008449  0.999964  0.000074  0.000000  
181.644409 0.002444  0.091991  -0.010554  0.993156  0.113517  0.027467  -0.115009  0.991504  0.060761  -0.020336  -0.063504  0.997774  -0.000081  -0.000698  -0.001800  0.224799  -0.014888  0.172369  2.000000  0.999645  0.026595  0.001484  -0.026607  0.999611  0.008413  -0.001260  -0.008449  0.999964  0.999996  0.002662  0.000303  -0.002663  0.999986  0.004555  -0.000291  -0.004555  0.999990  1.000000  0.000000  0.000000  0.000000  1.000000  0.000000  0.000000  0.000000  1.000000  0.999645  0.026595  0.001484  -0.026607  0.999611  0.008413  -0.001260  -0.008449  0.999964  0.000071  0.000000  
181.645410 0.002445  0.091991  -0.010554  0.993156  0.113511  0.027494  -0.115009  0.991490  0.061001  -0.020336  -0.063746  0.997759  0.000128  -0.000547  -0.001652  0.224945  -0.014513  0.165464  2.000000  0.999645  0.026595  0.001484  -0.026607  0.999611  0.008413  -0.001260  -0.008449  0.999964  0.999997  0.002456  0.000291  -0.002458  0.999987  0.004559  -0.000279  -0.004560  0.999990  1.000000  0.000000  0.000000  0.000000  1.000000  0.000000  0.000000  0.000000  1.000000  0.999645  0.026595  0.001484  -0.026607  0.999611  0.008413  -0.001260  -0.008449  0.999964  0.000070  0.000000  
