1-Time 2-Px 3-Py 4-Pz 5-R11 6-R21 7-R31 8-R12 9-R22 10-R32 11-R13 12-R23 13-R33 14-Vx 15-Vy 16-Vz 17-Wx 18-Wy 19-Wz 20-state 21-PR11 22-PR21 23-PR31 24-PR12 25-PR22 26-PR32 27-PR13 28-PR23 29-PR33 
139.539333 0.002082  0.091675  -0.011851  0.997383  0.071299  0.011971  -0.071578  0.997127  0.024798  -0.010169  -0.025590  0.999621  0.000173  0.000104  0.000068  0.000000  0.000000  0.000000  2.000000  1.000000  0.000000  0.000000  0.000000  1.000000  0.000000  0.000000  0.000000  1.000000  1.000000  -0.000206  -0.000005  0.000206  1.000000  -0.000119  0.000005  0.000119  1.000000  1.000000  0.000000  0.000000  0.000000  1.000000  0.000000  0.000000  0.000000  1.000000  0.779978  0.354619  -0.515635  -0.470389  0.875662  -0.109315  0.412757  0.327812  0.849806  0.000000  0.000000  
139.540348 0.002082  0.091675  -0.011851  0.997383  0.071299  0.011971  -0.071578  0.997127  0.024798  -0.010169  -0.025590  0.999621  0.000173  0.000104  0.000068  0.000000  0.000000  0.000000  2.000000  1.000000  0.000000  0.000000  0.000000  1.000000  0.000000  0.000000  0.000000  1.000000  1.000000  -0.000206  -0.000005  0.000206  1.000000  0.000002  0.000005  -0.000002  1.000000  1.000000  0.000000  0.000000  0.000000  1.000000  0.000000  0.000000  0.000000  1.000000  1.000000  0.000000  0.000000  0.000000  1.000000  0.000000  0.000000  0.000000  1.000000  0.000000  0.000000  
139.541585 0.002082  0.091673  -0.011851  0.997354  0.071709  0.011981  -0.071989  0.997097  0.024793  -0.010169  -0.025590  0.999621  0.000117  -0.000045  0.000003  0.000000  0.000000  0.000000  2.000000  1.000000  0.000000  0.000000  0.000000  1.000000  0.000000  0.000000  0.000000  1.000000  1.000000  -0.000000  0.000000  0.000000  1.000000  0.000000  0.000000  0.000000  1.000000  1.000000  0.000000  0.000000  0.000000  1.000000  0.000000  0.000000  0.000000  1.000000  1.000000  0.000000  0.000000  0.000000  1.000000  0.000000  0.000000  0.000000  1.000000  0.000000  0.000000  
139.542594 0.002082  0.091671  -0.011852  0.997323  0.072117  0.012125  -0.072399  0.997068  0.024778  -0.010302  -0.025590  0.999619  0.000100  -0.000191  -0.000035  0.000000  0.000000  0.000000  2.000000  1.000000  0.000000  0.000000  0.000000  1.000000  0.000000  0.000000  0.000000  1.000000  1.000000  0.000408  0.000144  -0.000408  1.000000  -0.000004  -0.000144  0.000004  1.000000  1.000000  0.000000  0.000000  0.000000  1.000000  0.000000  0.000000  0.000000  1.000000  1.000000  0.000000  0.000000  0.000000  1.000000  0.000000  0.000000  0.000000  1.000000  0.000000  0.000000  
139.543599 0.002081  0.091669  -0.011852  0.997306  0.072317  0.012272  -0.072605  0.997050  0.024887  -0.010436  -0.025711  0.999615  0.000051  -0.000363  -0.000091  0.000000  0.000000  0.000000  2.000000  1.000000  0.000000  0.000000  0.000000  1.000000  0.000000  0.000000  0.000000  1.000000  1.000000  0.000820  0.000155  -0.000820  1.000000  0.000113  -0.000155  -0.000113  1.000000  1.000000  0.000000  0.000000  0.000000  1.000000  0.000000  0.000000  0.000000  1.000000  1.000000  0.000000  0.000000  0.000000  1.000000  0.000000  0.000000  0.000000  1.000000  0.000000  0.000000  
139.544845 0.002081  0.091665  -0.011853  0.997291  0.072521  0.012286  -0.072810  0.997032  0.025005  -0.010436  -0.025832  0.999612  0.000058  -0.000577  -0.000102  0.000000  0.000000  0.000000  2.000000  1.000000  0.000000  0.000000  0.000000  1.000000  0.000000  0.000000  0.000000  1.000000  0.999999  0.001022  0.000294  -0.001022  0.999999  0.000111  -0.000294  -0.000111  1.000000  1.000000  0.000000  0.000000  0.000000  1.000000  0.000000  0.000000  0.000000  1.000000  1.000000  0.000000  0.000000  0.000000  1.000000  0.000000  0.000000  0.000000  1.000000  0.000000  0.000000  
139.546091 0.002082  0.091663  -0.011853  0.997263  0.072935  0.012163  -0.073221  0.997002  0.025010  -0.010302  -0.025832  0.999613  0.000056  -0.000769  -0.000122  0.000000  0.000000  0.000000  2.000000  1.000000  0.000000  0.000000  0.000000  1.000000  0.000000  0.000000  0.000000  1.000000  0.999999  0.001437  0.000171  -0.001437  0.999999  0.000228  -0.000171  -0.000228  1.000000  1.000000  0.000000  0.000000  0.000000  1.000000  0.000000  0.000000  0.000000  1.000000  1.000000  0.000000  0.000000  0.000000  1.000000  0.000000  0.000000  0.000000  1.000000  0.000000  0.000000  
139.547348 0.002082  0.091660  -0.011852  0.997234  0.073347  0.012049  -0.073631  0.996969  0.025136  -0.010169  -0.025953  0.999611  0.000039  -0.000978  -0.000062  0.000000  0.000000  0.000000  2.000000  1.000000  0.000000  0.000000  0.000000  1.000000  0.000000  0.000000  0.000000  1.000000  0.999998  0.001849  0.000182  -0.001849  0.999998  0.000345  -0.000181  -0.000345  1.000000  1.000000  0.000000  0.000000  0.000000  1.000000  0.000000  0.000000  0.000000  1.000000  1.000000  0.000000  0.000000  0.000000  1.000000  0.000000  0.000000  0.000000  1.000000  0.000000  0.000000  
139.548593 0.002082  0.091657  -0.011851  0.997188  0.073961  0.012073  -0.074247  0.996920  0.025249  -0.010169  -0.026075  0.999608  0.000042  -0.001213  -0.000028  0.000000  0.000000  0.000000  2.000000  1.000000  0.000000  0.000000  0.000000  1.000000  0.000000  0.000000  0.000000  1.000000  0.999997  0.002469  0.000064  -0.002470  0.999997  0.000339  -0.000063  -0.000339  1.000000  1.000000  0.000000  0.000000  0.000000  1.000000  0.000000  0.000000  0.000000  1.000000  1.000000  0.000000  0.000000  0.000000  1.000000  0.000000  0.000000  0.000000  1.000000  0.000000  0.000000  
139.549594 0.002083  0.091654  -0.011851  0.997142  0.074577  0.012089  -0.074863  0.996874  0.025242  -0.010169  -0.026075  0.999608  0.000071  -0.001378  -0.000029  0.000000  0.000000  0.000000  2.000000  1.000000  0.000000  0.000000  0.000000  1.000000  0.000000  0.000000  0.000000  1.000000  0.999995  0.003293  0.000086  -0.003293  0.999994  0.000452  -0.000084  -0.000452  1.000000  1.000000  0.000000  0.000000  0.000000  1.000000  0.000000  0.000000  0.000000  1.000000  1.000000  0.000000  0.000000  0.000000  1.000000  0.000000  0.000000  0.000000  1.000000  0.000000  0.000000  
139.550843 0.002083  0.091651  -0.011851  0.997080  0.075397  0.012119  -0.075684  0.996809  0.025353  -0.010169  -0.026196  0.999605  0.000116  -0.001590  -0.000012  0.000000  0.000000  0.000000  2.000000  1.000000  0.000000  0.000000  0.000000  1.000000  0.000000  0.000000  0.000000  1.000000  0.999992  0.003910  0.000102  -0.003910  0.999992  0.000567  -0.000100  -0.000567  1.000000  1.000000  0.000000  0.000000  0.000000  1.000000  0.000000  0.000000  0.000000  1.000000  1.000000  0.000000  0.000000  0.000000  1.000000  0.000000  0.000000  0.000000  1.000000  0.000000  0.000000  
139.552089 0.002084  0.091648  -0.011851  0.997016  0.076214  0.012273  -0.076505  0.996747  0.025332  -0.010302  -0.026196  0.999604  0.000161  -0.001802  0.000005  0.000000  0.000000  0.000000  2.000000  1.000000  0.000000  0.000000  0.000000  1.000000  0.000000  0.000000  0.000000  1.000000  0.999989  0.004730  0.000258  -0.004730  0.999989  0.000557  -0.000255  -0.000559  1.000000  1.000000  0.000000  0.000000  0.000000  1.000000  0.000000  0.000000  0.000000  1.000000  1.000000  0.000000  0.000000  0.000000  1.000000  0.000000  0.000000  0.000000  1.000000  0.000000  0.000000  
139.553090 0.002086  0.091646  -0.011849  0.996969  0.076829  0.012289  -0.077121  0.996700  0.025325  -0.010302  -0.026196  0.999604  0.000240  -0.001913  0.000078  0.018540  -0.009152  0.179691  2.000000  1.000000  0.000131  0.000007  -0.000131  1.000000  0.000014  -0.000007  -0.000014  1.000000  0.999986  0.005347  0.000274  -0.005347  0.999986  0.000551  -0.000271  -0.000552  1.000000  1.000000  0.000067  0.000003  -0.000067  1.000000  0.000007  -0.000003  -0.000007  1.000000  1.000000  0.000131  0.000007  -0.000131  1.000000  0.000014  -0.000007  -0.000014  1.000000  0.000044  0.005382  
139.554342 0.002087  0.091643  -0.011848  0.996905  0.077649  0.012319  -0.077942  0.996633  0.025436  -0.010302  -0.026317  0.999601  0.000308  -0.002140  0.000203  0.022334  -0.009882  0.207361  2.000000  1.000000  0.000494  0.000025  -0.000494  1.000000  0.000054  -0.000025  -0.000054  1.000000  0.999981  0.006170  0.000296  -0.006170  0.999981  0.000664  -0.000292  -0.000665  1.000000  1.000000  0.000077  0.000004  -0.000077  1.000000  0.000008  -0.000004  -0.000008  1.000000  1.000000  0.000494  0.000025  -0.000494  1.000000  0.000054  -0.000025  -0.000054  1.000000  0.000051  0.006213  
139.555590 0.002087  0.091639  -0.011847  0.996856  0.078263  0.012344  -0.078558  0.996582  0.025549  -0.010302  -0.026438  0.999597  0.000315  -0.002418  0.000290  0.026218  -0.010442  0.228282  2.000000  1.000000  0.000828  0.000040  -0.000828  1.000000  0.000087  -0.000040  -0.000087  1.000000  0.999975  0.006993  0.000318  -0.006993  0.999975  0.000655  -0.000313  -0.000657  1.000000  1.000000  0.000087  0.000004  -0.000087  1.000000  0.000008  -0.000004  -0.000008  1.000000  1.000000  0.000828  0.000040  -0.000828  1.000000  0.000087  -0.000040  -0.000087  1.000000  0.000057  0.007031  
139.556592 0.002087  0.091634  -0.011846  0.996809  0.078882  0.012226  -0.079173  0.996533  0.025552  -0.010169  -0.026438  0.999599  0.000372  -0.002582  0.000353  0.025999  -0.006479  0.248945  2.000000  0.999999  0.001193  0.000054  -0.001193  0.999999  0.000126  -0.000054  -0.000126  1.000000  0.999971  0.007614  0.000201  -0.007614  0.999971  0.000771  -0.000195  -0.000772  1.000000  1.000000  0.000095  0.000002  -0.000095  1.000000  0.000010  -0.000002  -0.000010  1.000000  0.999999  0.001193  0.000054  -0.001193  0.999999  0.000126  -0.000054  -0.000126  1.000000  0.000063  0.007656  
139.557840 0.002088  0.091629  -0.011845  0.996743  0.079701  0.012257  -0.079994  0.996465  0.025663  -0.010169  -0.026560  0.999596  0.000432  -0.002759  0.000469  0.029796  -0.007216  0.276634  2.000000  0.999999  0.001692  0.000068  -0.001692  0.999999  0.000177  -0.000067  -0.000177  1.000000  0.999966  0.008231  0.000218  -0.008232  0.999966  0.000886  -0.000211  -0.000888  1.000000  1.000000  0.000103  0.000003  -0.000103  1.000000  0.000011  -0.000003  -0.000011  1.000000  0.999999  0.001692  0.000068  -0.001692  0.999999  0.000177  -0.000067  -0.000177  1.000000  0.000068  0.008282  
139.559094 0.002089  0.091622  -0.011843  0.996677  0.080520  0.012288  -0.080815  0.996396  0.025773  -0.010169  -0.026681  0.999592  0.000476  -0.003004  0.000664  0.033515  -0.008135  0.311161  2.000000  0.999997  0.002237  0.000082  -0.002237  0.999997  0.000233  -0.000081  -0.000234  1.000000  0.999959  0.009055  0.000241  -0.009055  0.999959  0.000998  -0.000232  -0.001001  0.999999  1.000000  0.000113  0.000003  -0.000113  1.000000  0.000012  -0.000003  -0.000012  1.000000  0.999997  0.002237  0.000082  -0.002237  0.999997  0.000233  -0.000081  -0.000234  1.000000  0.000075  0.009113  
139.560343 0.002090  0.091615  -0.011842  0.996609  0.081335  0.012452  -0.081636  0.996326  0.025873  -0.010302  -0.026802  0.999588  0.000530  -0.003324  0.000705  0.037299  -0.013378  0.338808  2.000000  0.999996  0.002716  0.000098  -0.002716  0.999996  0.000286  -0.000097  -0.000286  1.000000  0.999951  0.009874  0.000398  -0.009874  0.999951  0.001110  -0.000387  -0.001114  0.999999  1.000000  0.000123  0.000005  -0.000123  1.000000  0.000014  -0.000005  -0.000014  1.000000  0.999996  0.002716  0.000098  -0.002716  0.999996  0.000286  -0.000097  -0.000286  1.000000  0.000084  0.009945  
139.561345 0.002091  0.091609  -0.011841  0.996558  0.081949  0.012478  -0.082251  0.996273  0.025986  -0.010302  -0.026923  0.999584  0.000634  -0.003539  0.000807  0.041152  -0.013939  0.359459  2.000000  0.999995  0.003227  0.000118  -0.003227  0.999995  0.000343  -0.000117  -0.000343  1.000000  0.999945  0.010491  0.000416  -0.010492  0.999944  0.001225  -0.000403  -0.001229  0.999999  1.000000  0.000131  0.000005  -0.000131  1.000000  0.000015  -0.000005  -0.000015  1.000000  0.999995  0.003227  0.000118  -0.003227  0.999995  0.000343  -0.000117  -0.000343  1.000000  0.000089  0.010571  
139.562348 0.002092  0.091603  -0.011840  0.996507  0.082563  0.012504  -0.082866  0.996219  0.026099  -0.010302  -0.027045  0.999581  0.000695  -0.003794  0.000842  0.045007  -0.014505  0.380134  2.000000  0.999993  0.003757  0.000139  -0.003757  0.999993  0.000406  -0.000137  -0.000406  1.000000  0.999943  0.010697  0.000423  -0.010698  0.999942  0.001344  -0.000408  -0.001348  0.999999  1.000000  0.000134  0.000005  -0.000134  1.000000  0.000017  -0.000005  -0.000017  1.000000  0.999993  0.003757  0.000139  -0.003757  0.999993  0.000406  -0.000137  -0.000406  1.000000  0.000094  0.010790  
139.563594 0.002094  0.091595  -0.011839  0.996456  0.083177  0.012531  -0.083482  0.996164  0.026213  -0.010302  -0.027166  0.999578  0.000773  -0.004152  0.000814  0.048873  -0.015076  0.400902  2.000000  0.999991  0.004305  0.000155  -0.004305  0.999991  0.000476  -0.000153  -0.000476  1.000000  0.999940  0.010906  0.000296  -0.010907  0.999939  0.001463  -0.000280  -0.001466  0.999999  1.000000  0.000136  0.000004  -0.000136  1.000000  0.000018  -0.000004  -0.000018  1.000000  0.999991  0.004305  0.000155  -0.004305  0.999991  0.000476  -0.000153  -0.000476  1.000000  0.000099  0.011008  
139.564843 0.002095  0.091587  -0.011838  0.996406  0.083794  0.012424  -0.084097  0.996109  0.026337  -0.010169  -0.027287  0.999576  0.000829  -0.004475  0.000861  0.052767  -0.011156  0.421783  2.000000  0.999987  0.005010  0.000169  -0.005010  0.999987  0.000567  -0.000167  -0.000568  1.000000  0.999934  0.011531  0.000046  -0.011531  0.999932  0.001458  -0.000030  -0.001458  0.999999  1.000000  0.000144  0.000000  -0.000144  1.000000  0.000018  -0.000000  -0.000018  1.000000  0.999987  0.005010  0.000169  -0.005010  0.999987  0.000567  -0.000167  -0.000568  1.000000  0.000106  0.011623  
139.566092 0.002097  0.091578  -0.011838  0.996354  0.084408  0.012450  -0.084713  0.996054  0.026450  -0.010169  -0.027408  0.999573  0.000890  -0.004881  0.000909  0.056632  -0.011731  0.442536  2.000000  0.999984  0.005736  0.000173  -0.005736  0.999983  0.000660  -0.000169  -0.000660  1.000000  0.999931  0.011737  0.000053  -0.011737  0.999930  0.001456  -0.000036  -0.001456  0.999999  1.000000  0.000147  0.000001  -0.000147  1.000000  0.000018  -0.000001  -0.000018  1.000000  0.999984  0.005736  0.000173  -0.005736  0.999983  0.000660  -0.000169  -0.000660  1.000000  0.000112  0.011827  
139.567344 0.002099  0.091569  -0.011837  0.996283  0.085226  0.012482  -0.085533  0.995981  0.026561  -0.010169  -0.027530  0.999569  0.000919  -0.005290  0.000859  0.060422  -0.012492  0.470162  2.000000  0.999979  0.006479  0.000181  -0.006480  0.999979  0.000756  -0.000176  -0.000758  1.000000  0.999929  0.011939  0.000194  -0.011939  0.999927  0.001575  -0.000175  -0.001577  0.999999  1.000000  0.000149  0.000002  -0.000149  1.000000  0.000020  -0.000002  -0.000020  1.000000  0.999979  0.006479  0.000181  -0.006480  0.999979  0.000756  -0.000176  -0.000758  1.000000  0.000117  0.012044  
139.568590 0.002100  0.091560  -0.011837  0.996229  0.085836  0.012642  -0.086148  0.995925  0.026662  -0.010302  -0.027651  0.999565  0.000923  -0.005701  0.000778  0.064269  -0.017571  0.490899  2.000000  0.999974  0.007233  0.000204  -0.007233  0.999973  0.000853  -0.000198  -0.000855  1.000000  0.999929  0.011931  0.000463  -0.011932  0.999928  0.001573  -0.000444  -0.001579  0.999999  1.000000  0.000149  0.000006  -0.000149  1.000000  0.000020  -0.000006  -0.000020  1.000000  0.999974  0.007233  0.000204  -0.007233  0.999973  0.000853  -0.000198  -0.000855  1.000000  0.000122  0.012044  
139.569591 0.002101  0.091553  -0.011835  0.996193  0.086245  0.012664  -0.086559  0.995887  0.026778  -0.010302  -0.027772  0.999561  0.000903  -0.005985  0.000802  0.068213  -0.017973  0.504801  2.000000  0.999969  0.007835  0.000227  -0.007835  0.999969  0.000932  -0.000220  -0.000934  1.000000  0.999929  0.011931  0.000465  -0.011932  0.999928  0.001573  -0.000446  -0.001579  0.999999  1.000000  0.000149  0.000006  -0.000149  1.000000  0.000020  -0.000006  -0.000020  1.000000  0.999969  0.007835  0.000227  -0.007835  0.999969  0.000932  -0.000220  -0.000934  1.000000  0.000126  0.012044  
139.570594 0.002101  0.091546  -0.011834  0.996158  0.086655  0.012675  -0.086969  0.995851  0.026773  -0.010302  -0.027772  0.999561  0.000906  -0.006219  0.000836  0.068131  -0.018154  0.511633  2.000000  0.999964  0.008426  0.000250  -0.008426  0.999964  0.001010  -0.000242  -0.001012  0.999999  0.999931  0.011726  0.000459  -0.011726  0.999930  0.001575  -0.000440  -0.001581  0.999999  1.000000  0.000147  0.000006  -0.000147  1.000000  0.000020  -0.000006  -0.000020  1.000000  0.999964  0.008426  0.000250  -0.008426  0.999964  0.001010  -0.000242  -0.001012  0.999999  0.000128  0.011840  
139.571839 0.002101  0.091537  -0.011832  0.996122  0.087063  0.012696  -0.087379  0.995812  0.026888  -0.010302  -0.027893  0.999558  0.000867  -0.006418  0.000890  0.071597  -0.018233  0.514672  2.000000  0.999959  0.009015  0.000274  -0.009015  0.999959  0.001091  -0.000264  -0.001093  0.999999  0.999931  0.011725  0.000460  -0.011726  0.999930  0.001575  -0.000442  -0.001581  0.999999  1.000000  0.000147  0.000006  -0.000147  1.000000  0.000020  -0.000006  -0.000020  1.000000  0.999959  0.009015  0.000274  -0.009015  0.999959  0.001091  -0.000264  -0.001093  0.999999  0.000131  0.011840  
139.572840 0.002101  0.091530  -0.011831  0.996086  0.087473  0.012708  -0.087789  0.995776  0.026883  -0.010302  -0.027893  0.999558  0.000863  -0.006618  0.000948  0.071523  -0.013764  0.514502  2.000000  0.999954  0.009594  0.000292  -0.009594  0.999953  0.001169  -0.000281  -0.001172  0.999999  0.999934  0.011523  0.000321  -0.011524  0.999932  0.001578  -0.000303  -0.001581  0.999999  1.000000  0.000144  0.000004  -0.000144  1.000000  0.000020  -0.000004  -0.000020  1.000000  0.999954  0.009594  0.000292  -0.009594  0.999953  0.001169  -0.000281  -0.001172  0.999999  0.000130  0.011636  
139.574087 0.002100  0.091521  -0.011829  0.996050  0.087882  0.012729  -0.088199  0.995737  0.026998  -0.010302  -0.028014  0.999554  0.000772  -0.006769  0.000955  0.071420  -0.009553  0.521501  2.000000  0.999947  0.010296  0.000312  -0.010296  0.999946  0.001274  -0.000299  -0.001277  0.999999  0.999938  0.011112  0.000311  -0.011112  0.999937  0.001703  -0.000292  -0.001707  0.999999  1.000000  0.000139  0.000004  -0.000139  1.000000  0.000021  -0.000004  -0.000021  1.000000  0.999947  0.010296  0.000312  -0.010296  0.999946  0.001274  -0.000299  -0.001277  0.999999  0.000132  0.011246  
139.575088 0.002099  0.091513  -0.011827  0.996013  0.088290  0.012751  -0.088609  0.995697  0.027114  -0.010302  -0.028136  0.999551  0.000623  -0.006884  0.000994  0.071430  -0.009617  0.521576  2.000000  0.999941  0.010846  0.000328  -0.010847  0.999940  0.001353  -0.000313  -0.001357  0.999999  0.999940  0.010906  0.000305  -0.010907  0.999939  0.001584  -0.000288  -0.001587  0.999999  1.000000  0.000136  0.000004  -0.000136  1.000000  0.000020  -0.000004  -0.000020  1.000000  0.999941  0.010846  0.000328  -0.010847  0.999940  0.001353  -0.000313  -0.001357  0.999999  0.000133  0.011025  
139.576096 0.002097  0.091506  -0.011825  0.995977  0.088700  0.012762  -0.089019  0.995661  0.027109  -0.010302  -0.028136  0.999551  0.000431  -0.007001  0.001041  0.072678  -0.014316  0.530308  2.000000  0.999935  0.011374  0.000343  -0.011374  0.999934  0.001439  -0.000327  -0.001442  0.999999  0.999947  0.010289  0.000289  -0.010289  0.999946  0.001712  -0.000271  -0.001715  0.999998  1.000000  0.000129  0.000004  -0.000129  1.000000  0.000021  -0.000004  -0.000021  1.000000  0.999935  0.011374  0.000343  -0.011374  0.999934  0.001439  -0.000327  -0.001442  0.999999  0.000132  0.010435  
139.577340 0.002096  0.091497  -0.011824  0.995940  0.089109  0.012784  -0.089430  0.995621  0.027224  -0.010302  -0.028257  0.999548  0.000223  -0.007079  0.001036  0.071431  -0.018786  0.528208  2.000000  0.999928  0.012011  0.000365  -0.012012  0.999927  0.001542  -0.000346  -0.001547  0.999999  0.999949  0.010079  0.000418  -0.010080  0.999948  0.001714  -0.000401  -0.001718  0.999998  1.000000  0.000126  0.000005  -0.000126  1.000000  0.000021  -0.000005  -0.000021  1.000000  0.999928  0.012011  0.000365  -0.012012  0.999927  0.001542  -0.000346  -0.001547  0.999999  0.000133  0.010233  
139.578600 0.002093  0.091488  -0.011822  0.995921  0.089312  0.012801  -0.089635  0.995599  0.027342  -0.010302  -0.028378  0.999544  -0.000054  -0.007145  0.001108  0.072203  -0.018432  0.511594  2.000000  0.999922  0.012505  0.000386  -0.012506  0.999920  0.001627  -0.000366  -0.001631  0.999999  0.999951  0.009873  0.000414  -0.009874  0.999950  0.001716  -0.000397  -0.001720  0.999998  1.000000  0.000123  0.000005  -0.000123  1.000000  0.000021  -0.000005  -0.000021  1.000000  0.999922  0.012505  0.000386  -0.012506  0.999920  0.001627  -0.000366  -0.001631  0.999999  0.000131  0.010030  
139.579844 0.002091  0.091480  -0.011821  0.995884  0.089722  0.012812  -0.090045  0.995562  0.027337  -0.010302  -0.028378  0.999544  -0.000280  -0.007144  0.001210  0.072356  -0.018058  0.497839  2.000000  0.999914  0.013101  0.000412  -0.013102  0.999913  0.001732  -0.000390  -0.001738  0.999998  0.999955  0.009462  0.000402  -0.009462  0.999954  0.001599  -0.000387  -0.001603  0.999999  1.000000  0.000118  0.000005  -0.000118  1.000000  0.000020  -0.000005  -0.000020  1.000000  0.999914  0.013101  0.000412  -0.013102  0.999913  0.001732  -0.000390  -0.001738  0.999998  0.000128  0.009605  
139.581097 0.002088  0.091471  -0.011820  0.995867  0.089929  0.012695  -0.090250  0.995540  0.027467  -0.010169  -0.028499  0.999542  -0.000615  -0.007172  0.001236  0.072498  -0.008750  0.484256  2.000000  0.999907  0.013660  0.000428  -0.013660  0.999905  0.001833  -0.000402  -0.001838  0.999998  0.999963  0.008646  0.000112  -0.008647  0.999961  0.001609  -0.000098  -0.001610  0.999999  1.000000  0.000108  0.000001  -0.000108  1.000000  0.000020  -0.000001  -0.000020  1.000000  0.999907  0.013660  0.000428  -0.013660  0.999905  0.001833  -0.000402  -0.001838  0.999998  0.000123  0.008796  
139.582342 0.002085  0.091461  -0.011819  0.995830  0.090337  0.012718  -0.090660  0.995500  0.027583  -0.010169  -0.028621  0.999539  -0.000951  -0.007224  0.001205  0.076164  -0.008536  0.474337  2.000000  0.999899  0.014187  0.000435  -0.014188  0.999897  0.001929  -0.000408  -0.001935  0.999998  0.999966  0.008235  0.000101  -0.008235  0.999965  0.001492  -0.000088  -0.001493  0.999999  1.000000  0.000103  0.000001  -0.000103  1.000000  0.000019  -0.000001  -0.000019  1.000000  0.999899  0.014187  0.000435  -0.014188  0.999897  0.001929  -0.000408  -0.001935  0.999998  0.000119  0.008370  
139.583593 0.002080  0.091451  -0.011820  0.995811  0.090542  0.012723  -0.090865  0.995481  0.027580  -0.010169  -0.028621  0.999539  -0.001357  -0.007266  0.001109  0.072852  -0.007859  0.449671  2.000000  0.999892  0.014678  0.000442  -0.014679  0.999890  0.002022  -0.000412  -0.002028  0.999998  0.999971  0.007617  0.000084  -0.007618  0.999970  0.001377  -0.000073  -0.001378  0.999999  1.000000  0.000095  0.000001  -0.000095  1.000000  0.000017  -0.000001  -0.000017  1.000000  0.999892  0.014678  0.000442  -0.014679  0.999890  0.002022  -0.000412  -0.002028  0.999998  0.000116  0.007742  
139.584837 0.002076  0.091442  -0.011821  0.995793  0.090746  0.012740  -0.091070  0.995459  0.027698  -0.010169  -0.028742  0.999535  -0.001681  -0.007309  0.000904  0.076442  -0.007444  0.432287  2.000000  0.999885  0.015139  0.000448  -0.015140  0.999883  0.002105  -0.000416  -0.002112  0.999998  0.999974  0.007206  0.000072  -0.007206  0.999973  0.001260  -0.000063  -0.001261  0.999999  1.000000  0.000090  0.000001  -0.000090  1.000000  0.000016  -0.000001  -0.000016  1.000000  0.999885  0.015139  0.000448  -0.015140  0.999883  0.002105  -0.000416  -0.002112  0.999998  0.000111  0.007316  
139.585853 0.002072  0.091434  -0.011822  0.995774  0.090951  0.012746  -0.091275  0.995441  0.027696  -0.010169  -0.028742  0.999535  -0.001956  -0.007330  0.000771  0.073180  -0.006956  0.414941  2.000000  0.999880  0.015489  0.000458  -0.015490  0.999878  0.002173  -0.000425  -0.002180  0.999998  0.999976  0.006996  0.000201  -0.006997  0.999975  0.001262  -0.000192  -0.001264  0.999999  1.000000  0.000087  0.000002  -0.000087  1.000000  0.000016  -0.000002  -0.000016  1.000000  0.999880  0.015489  0.000458  -0.015490  0.999878  0.002173  -0.000425  -0.002180  0.999998  0.000108  0.007112  
139.587089 0.002067  0.091425  -0.011823  0.995755  0.091156  0.012751  -0.091480  0.995422  0.027693  -0.010169  -0.028742  0.999535  -0.002238  -0.007342  0.000590  0.069381  -0.010907  0.394288  2.000000  0.999875  0.015823  0.000469  -0.015824  0.999872  0.002234  -0.000433  -0.002242  0.999997  0.999978  0.006585  0.000189  -0.006585  0.999978  0.001145  -0.000182  -0.001147  0.999999  1.000000  0.000082  0.000002  -0.000082  1.000000  0.000014  -0.000002  -0.000014  1.000000  0.999875  0.015823  0.000469  -0.015824  0.999872  0.002234  -0.000433  -0.002242  0.999997  0.000103  0.006686  
139.588090 0.002064  0.091419  -0.011824  0.995736  0.091361  0.012757  -0.091685  0.995403  0.027690  -0.010169  -0.028742  0.999535  -0.002483  -0.007314  0.000408  0.068870  -0.010626  0.384127  2.000000  0.999870  0.016137  0.000478  -0.016138  0.999867  0.002292  -0.000441  -0.002299  0.999997  0.999981  0.006173  0.000177  -0.006173  0.999980  0.001150  -0.000170  -0.001151  0.999999  1.000000  0.000077  0.000002  -0.000077  1.000000  0.000014  -0.000002  -0.000014  1.000000  0.999870  0.016137  0.000478  -0.016138  0.999867  0.002292  -0.000441  -0.002299  0.999997  0.000099  0.006282  
139.589340 0.002059  0.091410  -0.011825  0.995717  0.091564  0.012774  -0.091890  0.995381  0.027809  -0.010169  -0.028863  0.999532  -0.002727  -0.007275  0.000182  0.069683  -0.010189  0.366725  2.000000  0.999865  0.016433  0.000483  -0.016434  0.999862  0.002345  -0.000444  -0.002352  0.999997  0.999983  0.005766  0.000032  -0.005766  0.999983  0.001154  -0.000026  -0.001154  0.999999  1.000000  0.000072  0.000000  -0.000072  1.000000  0.000014  -0.000000  -0.000014  1.000000  0.999865  0.016433  0.000483  -0.016434  0.999862  0.002345  -0.000444  -0.002352  0.999997  0.000093  0.005880  
139.590342 0.002055  0.091404  -0.011827  0.995717  0.091564  0.012774  -0.091890  0.995381  0.027809  -0.010169  -0.028863  0.999532  -0.002935  -0.007195  -0.000050  0.065224  -0.005092  0.343101  2.000000  0.999860  0.016716  0.000485  -0.016717  0.999857  0.002399  -0.000445  -0.002407  0.999997  0.999985  0.005560  0.000027  -0.005560  0.999984  0.001035  -0.000021  -0.001035  0.999999  1.000000  0.000069  0.000000  -0.000069  1.000000  0.000013  -0.000000  -0.000013  1.000000  0.999860  0.016716  0.000485  -0.016717  0.999857  0.002399  -0.000445  -0.002407  0.999997  0.000089  0.005655  
139.591343 0.002051  0.091398  -0.011828  0.995698  0.091769  0.012780  -0.092095  0.995362  0.027806  -0.010169  -0.028863  0.999532  -0.003100  -0.007139  -0.000196  0.061324  -0.004730  0.329398  2.000000  0.999856  0.016981  0.000487  -0.016982  0.999853  0.002451  -0.000445  -0.002459  0.999997  0.999986  0.005354  0.000021  -0.005354  0.999985  0.001037  -0.000015  -0.001037  0.999999  1.000000  0.000067  0.000000  -0.000067  1.000000  0.000013  -0.000000  -0.000013  1.000000  0.999856  0.016981  0.000487  -0.016982  0.999853  0.002451  -0.000445  -0.002459  0.999997  0.000085  0.005454  
139.592344 0.002047  0.091392  -0.011829  0.995679  0.091974  0.012785  -0.092300  0.995343  0.027803  -0.010169  -0.028863  0.999532  -0.003317  -0.007038  -0.000376  0.057427  -0.004367  0.315709  2.000000  0.999855  0.017045  0.000487  -0.017046  0.999852  0.002464  -0.000445  -0.002472  0.999997  0.999989  0.004737  0.000003  -0.004737  0.999988  0.000922  0.000002  -0.000922  1.000000  1.000000  0.000000  0.000000  0.000000  1.000000  0.000000  0.000000  0.000000  1.000000  0.999855  0.017045  0.000487  -0.017046  0.999852  0.002464  -0.000445  -0.002472  0.999997  0.000080  0.000000  
139.593344 0.002043  0.091386  -0.011830  0.995679  0.091974  0.012785  -0.092300  0.995343  0.027803  -0.010169  -0.028863  0.999532  -0.003417  -0.006931  -0.000481  0.054035  -0.003840  0.297557  2.000000  0.999855  0.017045  0.000487  -0.017046  0.999852  0.002464  -0.000445  -0.002472  0.999997  0.999990  0.004531  -0.000003  -0.004531  0.999989  0.000924  0.000007  -0.000924  1.000000  1.000000  0.000000  0.000000  0.000000  1.000000  0.000000  0.000000  0.000000  1.000000  0.999855  0.017045  0.000487  -0.017046  0.999852  0.002464  -0.000445  -0.002472  0.999997  0.000077  0.000000  
139.594592 0.002039  0.091380  -0.011831  0.995679  0.091974  0.012785  -0.092300  0.995343  0.027803  -0.010169  -0.028863  0.999532  -0.003577  -0.006779  -0.000662  0.050190  -0.007771  0.276685  2.000000  0.999855  0.017045  0.000487  -0.017046  0.999852  0.002464  -0.000445  -0.002472  0.999997  0.999991  0.004325  -0.000009  -0.004325  0.999990  0.000805  0.000013  -0.000805  1.000000  1.000000  0.000000  0.000000  0.000000  1.000000  0.000000  0.000000  0.000000  1.000000  0.999855  0.017045  0.000487  -0.017046  0.999852  0.002464  -0.000445  -0.002472  0.999997  0.000071  0.000000  
139.595595 0.002035  0.091375  -0.011831  0.995660  0.092179  0.012791  -0.092505  0.995324  0.027801  -0.010169  -0.028863  0.999532  -0.003627  -0.006594  -0.000769  0.046243  -0.007397  0.262791  2.000000  0.999855  0.017045  0.000487  -0.017046  0.999852  0.002464  -0.000445  -0.002472  0.999997  0.999992  0.004119  -0.000015  -0.004119  0.999991  0.000807  0.000018  -0.000807  1.000000  1.000000  0.000000  0.000000  0.000000  1.000000  0.000000  0.000000  0.000000  1.000000  0.999855  0.017045  0.000487  -0.017046  0.999852  0.002464  -0.000445  -0.002472  0.999997  0.000068  0.000000  
139.596840 0.002031  0.091370  -0.011832  0.995660  0.092179  0.012791  -0.092505  0.995324  0.027801  -0.010169  -0.028863  0.999532  -0.003675  -0.006322  -0.000885  0.041968  -0.006967  0.246964  2.000000  0.999855  0.017045  0.000487  -0.017046  0.999852  0.002464  -0.000445  -0.002472  0.999997  0.999993  0.003708  -0.000027  -0.003708  0.999993  0.000690  0.000029  -0.000690  1.000000  1.000000  0.000000  0.000000  0.000000  1.000000  0.000000  0.000000  0.000000  1.000000  0.999855  0.017045  0.000487  -0.017046  0.999852  0.002464  -0.000445  -0.002472  0.999997  0.000063  0.000000  
139.598092 0.002026  0.091364  -0.011835  0.995660  0.092179  0.012791  -0.092505  0.995324  0.027801  -0.010169  -0.028863  0.999532  -0.003718  -0.006111  -0.001004  0.038500  -0.001761  0.221440  2.000000  0.999855  0.017045  0.000487  -0.017046  0.999852  0.002464  -0.000445  -0.002472  0.999997  0.999995  0.003296  -0.000039  -0.003296  0.999994  0.000573  0.000041  -0.000573  1.000000  1.000000  0.000000  0.000000  0.000000  1.000000  0.000000  0.000000  0.000000  1.000000  0.999855  0.017045  0.000487  -0.017046  0.999852  0.002464  -0.000445  -0.002472  0.999997  0.000056  0.000000  
139.599093 0.002023  0.091359  -0.011836  0.995641  0.092384  0.012797  -0.092710  0.995305  0.027798  -0.010169  -0.028863  0.999532  -0.003683  -0.005861  -0.001087  0.034496  -0.001579  0.214533  2.000000  0.999855  0.017045  0.000487  -0.017046  0.999852  0.002464  -0.000445  -0.002472  0.999997  0.999995  0.003090  -0.000045  -0.003090  0.999995  0.000454  0.000046  -0.000454  1.000000  1.000000  0.000000  0.000000  0.000000  1.000000  0.000000  0.000000  0.000000  1.000000  0.999855  0.017045  0.000487  -0.017046  0.999852  0.002464  -0.000445  -0.002472  0.999997  0.000056  0.000000  
139.600095 0.002020  0.091355  -0.011839  0.995640  0.092380  0.012930  -0.092710  0.995305  0.027786  -0.010302  -0.028863  0.999530  -0.003625  -0.005645  -0.001118  0.034621  -0.005682  0.200552  2.000000  0.999855  0.017045  0.000487  -0.017046  0.999852  0.002464  -0.000445  -0.002472  0.999997  0.999996  0.002881  0.000083  -0.002881  0.999996  0.000455  -0.000082  -0.000456  1.000000  1.000000  0.000000  0.000000  0.000000  1.000000  0.000000  0.000000  0.000000  1.000000  0.999855  0.017045  0.000487  -0.017046  0.999852  0.002464  -0.000445  -0.002472  0.999997  0.000052  0.000000  
139.601341 0.002017  0.091350  -0.011841  0.995640  0.092381  0.012919  -0.092710  0.995309  0.027665  -0.010302  -0.028742  0.999534  -0.003529  -0.005426  -0.001265  0.026683  -0.005094  0.179812  2.000000  0.999855  0.017045  0.000487  -0.017046  0.999852  0.002464  -0.000445  -0.002472  0.999997  0.999997  0.002465  0.000205  -0.002466  0.999997  0.000217  -0.000204  -0.000218  1.000000  1.000000  0.000000  0.000000  0.000000  1.000000  0.000000  0.000000  0.000000  1.000000  0.999855  0.017045  0.000487  -0.017046  0.999852  0.002464  -0.000445  -0.002472  0.999997  0.000047  0.000000  
139.602597 0.002015  0.091345  -0.011844  0.995640  0.092381  0.012919  -0.092710  0.995309  0.027665  -0.010302  -0.028742  0.999534  -0.003374  -0.005089  -0.001366  0.000000  0.000000  0.000000  2.000000  0.999855  0.017045  0.000487  -0.017046  0.999852  0.002464  -0.000445  -0.002472  0.999997  0.999997  0.002260  0.000199  -0.002260  0.999997  0.000219  -0.000198  -0.000220  1.000000  1.000000  0.000000  0.000000  0.000000  1.000000  0.000000  0.000000  0.000000  1.000000  0.999855  0.017045  0.000487  -0.017046  0.999852  0.002464  -0.000445  -0.002472  0.999997  0.000043  0.000000  
139.603839 0.002013  0.091342  -0.011846  0.995640  0.092381  0.012919  -0.092710  0.995309  0.027665  -0.010302  -0.028742  0.999534  -0.003195  -0.004823  -0.001409  0.000000  0.000000  0.000000  2.000000  0.999855  0.017045  0.000487  -0.017046  0.999852  0.002464  -0.000445  -0.002472  0.999997  0.999998  0.002054  0.000193  -0.002054  0.999998  0.000100  -0.000193  -0.000100  1.000000  1.000000  0.000000  0.000000  0.000000  1.000000  0.000000  0.000000  0.000000  1.000000  0.999855  0.017045  0.000487  -0.017046  0.999852  0.002464  -0.000445  -0.002472  0.999997  0.000000  0.000000  
139.604840 0.002012  0.091338  -0.011848  0.995640  0.092381  0.012919  -0.092710  0.995309  0.027665  -0.010302  -0.028742  0.999534  -0.003010  -0.004588  -0.001437  0.000000  0.000000  0.000000  2.000000  0.999855  0.017045  0.000487  -0.017046  0.999852  0.002464  -0.000445  -0.002472  0.999997  0.999998  0.001848  0.000187  -0.001848  0.999998  0.000102  -0.000187  -0.000103  1.000000  1.000000  0.000000  0.000000  0.000000  1.000000  0.000000  0.000000  0.000000  1.000000  0.999855  0.017045  0.000487  -0.017046  0.999852  0.002464  -0.000445  -0.002472  0.999997  0.000000  0.000000  
139.606089 0.002010  0.091334  -0.011851  0.995640  0.092381  0.012919  -0.092710  0.995309  0.027665  -0.010302  -0.028742  0.999534  -0.002790  -0.004362  -0.001570  0.000000  0.000000  0.000000  2.000000  0.999855  0.017045  0.000487  -0.017046  0.999852  0.002464  -0.000445  -0.002472  0.999997  0.999999  0.001642  0.000181  -0.001642  0.999999  -0.000017  -0.000181  0.000017  1.000000  1.000000  0.000000  0.000000  0.000000  1.000000  0.000000  0.000000  0.000000  1.000000  0.999855  0.017045  0.000487  -0.017046  0.999852  0.002464  -0.000445  -0.002472  0.999997  0.000000  0.000000  
139.607339 0.002009  0.091330  -0.011854  0.995639  0.092378  0.013052  -0.092709  0.995309  0.027652  -0.010436  -0.028742  0.999532  -0.002510  -0.004085  -0.001666  0.000000  0.000000  0.000000  2.000000  0.999855  0.017045  0.000487  -0.017046  0.999852  0.002464  -0.000445  -0.002472  0.999997  0.999999  0.001231  0.000169  -0.001231  0.999999  -0.000013  -0.000169  0.000013  1.000000  1.000000  0.000000  0.000000  0.000000  1.000000  0.000000  0.000000  0.000000  1.000000  0.999855  0.017045  0.000487  -0.017046  0.999852  0.002464  -0.000445  -0.002472  0.999997  0.000000  0.000000  
139.608587 0.002008  0.091327  -0.011856  0.995639  0.092378  0.013052  -0.092709  0.995309  0.027652  -0.010436  -0.028742  0.999532  -0.002283  -0.003876  -0.001759  0.000000  0.000000  0.000000  2.000000  0.999855  0.017045  0.000487  -0.017046  0.999852  0.002464  -0.000445  -0.002472  0.999997  0.999999  0.001021  0.000297  -0.001021  0.999999  -0.000011  -0.000297  0.000010  1.000000  1.000000  0.000000  0.000000  0.000000  1.000000  0.000000  0.000000  0.000000  1.000000  0.999855  0.017045  0.000487  -0.017046  0.999852  0.002464  -0.000445  -0.002472  0.999997  0.000000  0.000000  
139.609601 0.002007  0.091324  -0.011857  0.995639  0.092376  0.013063  -0.092709  0.995306  0.027773  -0.010436  -0.028863  0.999529  -0.002053  -0.003699  -0.001792  0.000000  0.000000  0.000000  2.000000  0.999855  0.017045  0.000487  -0.017046  0.999852  0.002464  -0.000445  -0.002472  0.999997  0.999999  0.001021  0.000297  -0.001021  0.999999  -0.000011  -0.000297  0.000010  1.000000  1.000000  0.000000  0.000000  0.000000  1.000000  0.000000  0.000000  0.000000  1.000000  0.999855  0.017045  0.000487  -0.017046  0.999852  0.002464  -0.000445  -0.002472  0.999997  0.000000  0.000000  
139.610845 0.002007  0.091321  -0.011858  0.995639  0.092376  0.013063  -0.092709  0.995306  0.027773  -0.010436  -0.028863  0.999529  -0.001799  -0.003509  -0.001811  0.000000  0.000000  0.000000  2.000000  0.999855  0.017045  0.000487  -0.017046  0.999852  0.002464  -0.000445  -0.002472  0.999997  1.000000  0.000815  0.000291  -0.000815  1.000000  -0.000009  -0.000291  0.000008  1.000000  1.000000  0.000000  0.000000  0.000000  1.000000  0.000000  0.000000  0.000000  1.000000  0.999855  0.017045  0.000487  -0.017046  0.999852  0.002464  -0.000445  -0.002472  0.999997  0.000000  0.000000  
139.612094 0.002006  0.091319  -0.011860  0.995639  0.092376  0.013063  -0.092709  0.995306  0.027773  -0.010436  -0.028863  0.999529  -0.001533  -0.003264  -0.001784  0.000000  0.000000  0.000000  2.000000  0.999855  0.017045  0.000487  -0.017046  0.999852  0.002464  -0.000445  -0.002472  0.999997  1.000000  0.000610  0.000285  -0.000610  1.000000  -0.000006  -0.000285  0.000006  1.000000  1.000000  0.000000  0.000000  0.000000  1.000000  0.000000  0.000000  0.000000  1.000000  0.999855  0.017045  0.000487  -0.017046  0.999852  0.002464  -0.000445  -0.002472  0.999997  0.000000  0.000000  
139.613094 0.002006  0.091317  -0.011860  0.995639  0.092376  0.013063  -0.092709  0.995306  0.027773  -0.010436  -0.028863  0.999529  -0.001314  -0.003063  -0.001696  0.000000  0.000000  0.000000  2.000000  0.999855  0.017045  0.000487  -0.017046  0.999852  0.002464  -0.000445  -0.002472  0.999997  1.000000  0.000404  0.000279  -0.000404  1.000000  -0.000004  -0.000279  0.000004  1.000000  1.000000  0.000000  0.000000  0.000000  1.000000  0.000000  0.000000  0.000000  1.000000  0.999855  0.017045  0.000487  -0.017046  0.999852  0.002464  -0.000445  -0.002472  0.999997  0.000000  0.000000  
139.614096 0.002006  0.091316  -0.011860  0.995639  0.092376  0.013063  -0.092709  0.995306  0.027773  -0.010436  -0.028863  0.999529  -0.001115  -0.002836  -0.001581  0.000000  0.000000  0.000000  2.000000  0.999855  0.017045  0.000487  -0.017046  0.999852  0.002464  -0.000445  -0.002472  0.999997  1.000000  0.000404  0.000279  -0.000404  1.000000  -0.000004  -0.000279  0.000004  1.000000  1.000000  0.000000  0.000000  0.000000  1.000000  0.000000  0.000000  0.000000  1.000000  0.999855  0.017045  0.000487  -0.017046  0.999852  0.002464  -0.000445  -0.002472  0.999997  0.000000  0.000000  
