1-Time 2-Px 3-Py 4-Pz 5-R11 6-R21 7-R31 8-R12 9-R22 10-R32 11-R13 12-R23 13-R33 14-Vx 15-Vy 16-Vz 17-Wx 18-Wy 19-Wz 20-state 21-PR11 22-PR21 23-PR31 24-PR12 25-PR22 26-PR32 27-PR13 28-PR23 29-PR33 
66.860713 0.004245  0.092315  -0.005140  0.989888  0.138315  0.031471  -0.139905  0.988599  0.055665  -0.023413  -0.059505  0.997953  -0.000165  0.000145  -0.000021  0.000000  0.000000  0.000000  2.000000  1.000000  0.000000  0.000000  0.000000  1.000000  0.000000  0.000000  0.000000  1.000000  1.000000  0.000000  0.000000  -0.000000  1.000000  0.000000  0.000000  0.000000  1.000000  1.000000  0.000000  0.000000  0.000000  1.000000  0.000000  0.000000  0.000000  1.000000  0.765424  0.373065  0.524356  -0.425382  0.904728  -0.022743  -0.482884  -0.205643  0.851195  0.000000  0.000000  
66.861720 0.004245  0.092315  -0.005140  0.989859  0.138519  0.031482  -0.140109  0.988571  0.055659  -0.023413  -0.059505  0.997953  -0.000164  0.000145  -0.000021  0.000000  0.000000  0.000000  2.000000  1.000000  0.000000  0.000000  0.000000  1.000000  0.000000  0.000000  0.000000  1.000000  1.000000  0.000000  0.000000  -0.000000  1.000000  0.000000  0.000000  0.000000  1.000000  1.000000  0.000000  0.000000  0.000000  1.000000  0.000000  0.000000  0.000000  1.000000  1.000000  0.000000  0.000000  0.000000  1.000000  0.000000  0.000000  0.000000  1.000000  0.000000  0.000000  
66.862967 0.004245  0.092314  -0.005141  0.989740  0.139321  0.031677  -0.140923  0.988450  0.055734  -0.023546  -0.059626  0.997943  -0.000150  0.000020  -0.000034  0.000000  0.000000  0.000000  2.000000  1.000000  0.000000  0.000000  0.000000  1.000000  0.000000  0.000000  0.000000  1.000000  1.000000  0.000814  0.000183  -0.000814  1.000000  0.000102  -0.000183  -0.000102  1.000000  1.000000  0.000000  0.000000  0.000000  1.000000  0.000000  0.000000  0.000000  1.000000  1.000000  0.000000  0.000000  0.000000  1.000000  0.000000  0.000000  0.000000  1.000000  0.000000  0.000000  
66.863969 0.004245  0.092312  -0.005141  0.989621  0.140127  0.031855  -0.141738  0.988337  0.055689  -0.023680  -0.059626  0.997940  -0.000162  -0.000112  -0.000112  0.000000  0.000000  0.000000  2.000000  1.000000  0.000000  0.000000  0.000000  1.000000  0.000000  0.000000  0.000000  1.000000  0.999999  0.001628  0.000365  -0.001628  0.999999  0.000082  -0.000365  -0.000083  1.000000  1.000000  0.000000  0.000000  0.000000  1.000000  0.000000  0.000000  0.000000  1.000000  1.000000  0.000000  0.000000  0.000000  1.000000  0.000000  0.000000  0.000000  1.000000  0.000000  0.000000  
66.865217 0.004245  0.092309  -0.005142  0.989468  0.141121  0.032211  -0.142756  0.988181  0.055858  -0.023948  -0.059868  0.997919  -0.000141  -0.000339  -0.000148  0.000000  0.000000  0.000000  2.000000  1.000000  0.000000  0.000000  0.000000  1.000000  0.000000  0.000000  0.000000  1.000000  0.999996  0.002647  0.000560  -0.002647  0.999996  0.000179  -0.000560  -0.000180  1.000000  1.000000  0.000000  0.000000  0.000000  1.000000  0.000000  0.000000  0.000000  1.000000  1.000000  0.000000  0.000000  0.000000  1.000000  0.000000  0.000000  0.000000  1.000000  0.000000  0.000000  
66.866217 0.004246  0.092307  -0.005142  0.989380  0.141727  0.032263  -0.143367  0.988086  0.055958  -0.023948  -0.059989  0.997912  -0.000080  -0.000484  -0.000120  0.000000  0.000000  0.000000  2.000000  1.000000  0.000000  0.000000  0.000000  1.000000  0.000000  0.000000  0.000000  1.000000  0.999994  0.003255  0.000731  -0.003255  0.999995  0.000285  -0.000730  -0.000287  1.000000  1.000000  0.000000  0.000000  0.000000  1.000000  0.000000  0.000000  0.000000  1.000000  1.000000  0.000000  0.000000  0.000000  1.000000  0.000000  0.000000  0.000000  1.000000  0.000000  0.000000  
66.867467 0.004246  0.092304  -0.005142  0.989291  0.142333  0.032315  -0.143978  0.987992  0.056058  -0.023948  -0.060110  0.997904  -0.000037  -0.000660  -0.000146  0.000000  0.000000  0.000000  2.000000  1.000000  0.000000  0.000000  0.000000  1.000000  0.000000  0.000000  0.000000  1.000000  0.999992  0.003871  0.000769  -0.003872  0.999992  0.000512  -0.000767  -0.000515  1.000000  1.000000  0.000000  0.000000  0.000000  1.000000  0.000000  0.000000  0.000000  1.000000  1.000000  0.000000  0.000000  0.000000  1.000000  0.000000  0.000000  0.000000  1.000000  0.000000  0.000000  
66.868715 0.004247  0.092303  -0.005141  0.989146  0.143351  0.032275  -0.144996  0.987830  0.056283  -0.023814  -0.060352  0.997893  0.000072  -0.000747  -0.000044  0.024459  -0.023840  0.171861  2.000000  1.000000  0.000000  0.000000  0.000000  1.000000  0.000000  0.000000  0.000000  1.000000  0.999988  0.004906  0.000698  -0.004907  0.999988  0.000609  -0.000695  -0.000613  1.000000  1.000000  0.000000  0.000000  0.000000  1.000000  0.000000  0.000000  0.000000  1.000000  1.000000  0.000000  0.000000  0.000000  1.000000  0.000000  0.000000  0.000000  1.000000  0.000000  0.000000  
66.869717 0.004248  0.092302  -0.005140  0.989002  0.144379  0.032086  -0.146015  0.987673  0.056409  -0.023546  -0.060473  0.997892  0.000142  -0.000838  0.000028  0.027514  -0.016803  0.205191  2.000000  1.000000  0.000271  0.000031  -0.000271  1.000000  0.000036  -0.000031  -0.000036  1.000000  0.999983  0.005736  0.000615  -0.005737  0.999983  0.000712  -0.000611  -0.000715  1.000000  1.000000  0.000072  0.000008  -0.000072  1.000000  0.000009  -0.000008  -0.000009  1.000000  1.000000  0.000271  0.000031  -0.000271  1.000000  0.000036  -0.000031  -0.000036  1.000000  0.000049  0.005813  
66.870717 0.004249  0.092301  -0.005140  0.988851  0.145392  0.032162  -0.147033  0.987517  0.056496  -0.023546  -0.060595  0.997885  0.000200  -0.000939  0.000001  0.031001  -0.019029  0.241375  2.000000  1.000000  0.000597  0.000058  -0.000597  1.000000  0.000078  -0.000058  -0.000078  1.000000  0.999976  0.006977  0.000557  -0.006977  0.999975  0.000925  -0.000551  -0.000929  0.999999  1.000000  0.000087  0.000007  -0.000087  1.000000  0.000012  -0.000007  -0.000012  1.000000  1.000000  0.000597  0.000058  -0.000597  1.000000  0.000078  -0.000058  -0.000078  1.000000  0.000059  0.007060  
66.871973 0.004250  0.092300  -0.005140  0.988608  0.147014  0.032273  -0.148662  0.987269  0.056562  -0.023546  -0.060716  0.997877  0.000297  -0.001037  0.000005  0.033508  -0.022192  0.294236  2.000000  0.999999  0.001087  0.000096  -0.001087  0.999999  0.000140  -0.000095  -0.000140  1.000000  0.999964  0.008415  0.000645  -0.008415  0.999964  0.001012  -0.000637  -0.001017  0.999999  1.000000  0.000105  0.000008  -0.000105  1.000000  0.000013  -0.000008  -0.000013  1.000000  0.999999  0.001087  0.000096  -0.001087  0.999999  0.000140  -0.000095  -0.000140  1.000000  0.000071  0.008500  
66.873221 0.004252  0.092299  -0.005140  0.988355  0.148616  0.032666  -0.150289  0.987014  0.056708  -0.023814  -0.060957  0.997856  0.000417  -0.001084  0.000019  0.040577  -0.034711  0.351233  2.000000  0.999999  0.001679  0.000148  -0.001679  0.999999  0.000209  -0.000148  -0.000209  1.000000  0.999949  0.010042  0.001014  -0.010043  0.999949  0.001212  -0.001002  -0.001222  0.999999  1.000000  0.000126  0.000013  -0.000126  1.000000  0.000015  -0.000013  -0.000015  1.000000  0.999999  0.001679  0.000148  -0.001679  0.999999  0.000209  -0.000148  -0.000209  1.000000  0.000085  0.010166  
66.874222 0.004254  0.092299  -0.005138  0.988166  0.149823  0.032886  -0.151509  0.986824  0.056767  -0.023948  -0.061078  0.997846  0.000610  -0.001066  0.000171  0.043644  -0.041720  0.392359  2.000000  0.999998  0.002225  0.000203  -0.002225  0.999997  0.000270  -0.000202  -0.000271  1.000000  0.999933  0.011471  0.001237  -0.011473  0.999933  0.001297  -0.001222  -0.001311  0.999998  1.000000  0.000143  0.000015  -0.000143  1.000000  0.000016  -0.000015  -0.000016  1.000000  0.999998  0.002225  0.000203  -0.002225  0.999997  0.000270  -0.000202  -0.000271  1.000000  0.000098  0.011611  
66.875470 0.004257  0.092299  -0.005134  0.987912  0.151436  0.033130  -0.153136  0.986571  0.056812  -0.024081  -0.061199  0.997835  0.000785  -0.001064  0.000402  0.046381  -0.049574  0.447328  2.000000  0.999995  0.002998  0.000289  -0.002998  0.999995  0.000353  -0.000287  -0.000354  1.000000  0.999913  0.013106  0.001472  -0.013108  0.999913  0.001376  -0.001454  -0.001395  0.999998  1.000000  0.000164  0.000018  -0.000164  1.000000  0.000017  -0.000018  -0.000017  1.000000  0.999995  0.002998  0.000289  -0.002998  0.999995  0.000353  -0.000287  -0.000354  1.000000  0.000111  0.013262  
66.876722 0.004259  0.092299  -0.005132  0.987626  0.153260  0.033254  -0.154966  0.986282  0.056871  -0.024081  -0.061320  0.997828  0.000942  -0.001093  0.000579  0.048979  -0.053362  0.509457  2.000000  0.999993  0.003710  0.000365  -0.003710  0.999993  0.000425  -0.000364  -0.000427  1.000000  0.999887  0.014955  0.001587  -0.014957  0.999887  0.001451  -0.001565  -0.001474  0.999998  1.000000  0.000187  0.000020  -0.000187  1.000000  0.000018  -0.000020  -0.000018  1.000000  0.999993  0.003710  0.000365  -0.003710  0.999993  0.000425  -0.000364  -0.000427  1.000000  0.000127  0.015110  
66.877971 0.004261  0.092297  -0.005130  0.987337  0.155079  0.033397  -0.156796  0.985982  0.057048  -0.024081  -0.061562  0.997813  0.001092  -0.001099  0.000746  0.055650  -0.057191  0.571561  2.000000  0.999989  0.004706  0.000468  -0.004707  0.999989  0.000521  -0.000466  -0.000523  1.000000  0.999861  0.016598  0.001689  -0.016600  0.999861  0.001531  -0.001663  -0.001559  0.999997  1.000000  0.000207  0.000021  -0.000207  1.000000  0.000019  -0.000021  -0.000019  1.000000  0.999989  0.004706  0.000468  -0.004707  0.999989  0.000521  -0.000466  -0.000523  1.000000  0.000141  0.016756  
66.878972 0.004262  0.092295  -0.005129  0.987114  0.156504  0.033366  -0.158219  0.985749  0.057140  -0.023948  -0.061683  0.997808  0.001164  -0.001112  0.000851  0.058613  -0.055669  0.620110  2.000000  0.999984  0.005583  0.000550  -0.005583  0.999984  0.000604  -0.000547  -0.000607  1.000000  0.999836  0.018043  0.001648  -0.018046  0.999836  0.001739  -0.001616  -0.001769  0.999997  1.000000  0.000226  0.000020  -0.000226  1.000000  0.000022  -0.000020  -0.000022  1.000000  0.999984  0.005583  0.000550  -0.005583  0.999984  0.000604  -0.000547  -0.000607  1.000000  0.000153  0.018204  
66.880221 0.004263  0.092291  -0.005127  0.986885  0.157916  0.033486  -0.159641  0.985509  0.057331  -0.023948  -0.061925  0.997793  0.001246  -0.001192  0.001021  0.065619  -0.058687  0.668450  2.000000  0.999977  0.006772  0.000657  -0.006773  0.999977  0.000716  -0.000652  -0.000721  1.000000  0.999805  0.019686  0.001751  -0.019690  0.999804  0.001819  -0.001715  -0.001854  0.999997  1.000000  0.000246  0.000022  -0.000246  1.000000  0.000023  -0.000022  -0.000023  1.000000  0.999977  0.006772  0.000657  -0.006773  0.999977  0.000716  -0.000652  -0.000721  1.000000  0.000167  0.019850  
66.881468 0.004266  0.092286  -0.005125  0.986587  0.159734  0.033631  -0.161469  0.985201  0.057508  -0.023948  -0.062167  0.997778  0.001372  -0.001327  0.001145  0.072302  -0.062560  0.730629  2.000000  0.999967  0.008062  0.000770  -0.008062  0.999967  0.000842  -0.000763  -0.000849  0.999999  0.999771  0.021329  0.001860  -0.021333  0.999770  0.002142  -0.001814  -0.002181  0.999996  1.000000  0.000267  0.000023  -0.000267  1.000000  0.000027  -0.000023  -0.000027  1.000000  0.999967  0.008062  0.000770  -0.008062  0.999967  0.000842  -0.000763  -0.000849  0.999999  0.000181  0.021520  
66.882718 0.004269  0.092280  -0.005124  0.986283  0.161542  0.033909  -0.163297  0.984890  0.057663  -0.024081  -0.062409  0.997760  0.001537  -0.001594  0.001187  0.078926  -0.070933  0.792486  2.000000  0.999955  0.009451  0.000896  -0.009452  0.999955  0.000983  -0.000886  -0.000991  0.999999  0.999739  0.022758  0.002087  -0.022762  0.999738  0.002345  -0.002034  -0.002392  0.999995  1.000000  0.000285  0.000026  -0.000285  1.000000  0.000030  -0.000026  -0.000030  1.000000  0.999955  0.009451  0.000896  -0.009452  0.999955  0.000983  -0.000886  -0.000991  0.999999  0.000197  0.022977  
66.883969 0.004273  0.092274  -0.005124  0.986010  0.163143  0.034195  -0.164920  0.984603  0.057943  -0.024215  -0.062772  0.997734  0.001750  -0.001895  0.001138  0.089779  -0.078946  0.847398  2.000000  0.999940  0.010904  0.001028  -0.010905  0.999940  0.001133  -0.001016  -0.001144  0.999999  0.999720  0.023578  0.002147  -0.023584  0.999719  0.002563  -0.002086  -0.002613  0.999994  1.000000  0.000295  0.000026  -0.000295  1.000000  0.000032  -0.000026  -0.000032  1.000000  0.999940  0.010904  0.001028  -0.010905  0.999940  0.001133  -0.001016  -0.001144  0.999999  0.000212  0.023819  
66.885218 0.004277  0.092267  -0.005125  0.985737  0.164757  0.034330  -0.166544  0.984319  0.058126  -0.024215  -0.063014  0.997719  0.001871  -0.002278  0.001027  0.096618  -0.082444  0.902672  2.000000  0.999926  0.012104  0.001129  -0.012105  0.999926  0.001265  -0.001113  -0.001279  0.999999  0.999705  0.024210  0.001924  -0.024215  0.999703  0.002668  -0.001859  -0.002714  0.999995  1.000000  0.000303  0.000024  -0.000303  1.000000  0.000034  -0.000024  -0.000034  1.000000  0.999926  0.012104  0.001129  -0.012105  0.999926  0.001265  -0.001113  -0.001279  0.999999  0.000225  0.024438  
66.886467 0.004280  0.092259  -0.005127  0.985492  0.166154  0.034606  -0.167964  0.984061  0.058412  -0.024349  -0.063377  0.997693  0.002037  -0.002759  0.000925  0.106767  -0.089350  0.943095  2.000000  0.999906  0.013640  0.001252  -0.013642  0.999906  0.001436  -0.001233  -0.001453  0.999998  0.999690  0.024826  0.001969  -0.024831  0.999688  0.002770  -0.001899  -0.002818  0.999994  1.000000  0.000310  0.000024  -0.000310  1.000000  0.000035  -0.000024  -0.000035  1.000000  0.999906  0.013640  0.001252  -0.013642  0.999906  0.001436  -0.001233  -0.001453  0.999998  0.000237  0.025063  
66.887472 0.004283  0.092252  -0.005128  0.985319  0.167158  0.034707  -0.168978  0.983875  0.058615  -0.024349  -0.063619  0.997677  0.002130  -0.003114  0.000811  0.114966  -0.092326  0.985318  2.000000  0.999888  0.014899  0.001352  -0.014901  0.999888  0.001578  -0.001329  -0.001598  0.999998  0.999674  0.025441  0.002013  -0.025447  0.999672  0.002875  -0.001940  -0.002926  0.999994  1.000000  0.000318  0.000025  -0.000318  1.000000  0.000036  -0.000025  -0.000036  1.000000  0.999888  0.014899  0.001352  -0.014901  0.999888  0.001578  -0.001329  -0.001598  0.999998  0.000245  0.025688  
66.888716 0.004286  0.092243  -0.005130  0.985074  0.168568  0.034832  -0.170398  0.983619  0.058803  -0.024349  -0.063861  0.997662  0.002201  -0.003745  0.000617  0.121023  -0.094699  1.025682  2.000000  0.999863  0.016510  0.001482  -0.016512  0.999862  0.001758  -0.001453  -0.001783  0.999997  0.999658  0.026048  0.002192  -0.026055  0.999656  0.002859  -0.002117  -0.002916  0.999994  1.000000  0.000326  0.000027  -0.000326  1.000000  0.000036  -0.000027  -0.000036  1.000000  0.999863  0.016510  0.001482  -0.016512  0.999862  0.001758  -0.001453  -0.001783  0.999997  0.000260  0.026303  
66.889726 0.004289  0.092236  -0.005131  0.984860  0.169766  0.035077  -0.171614  0.983397  0.058976  -0.024483  -0.064103  0.997643  0.002276  -0.004310  0.000334  0.129029  -0.102596  1.074600  2.000000  0.999840  0.017812  0.001596  -0.017815  0.999839  0.001905  -0.001562  -0.001934  0.999997  0.999653  0.026245  0.002345  -0.026252  0.999651  0.002975  -0.002266  -0.003036  0.999993  1.000000  0.000328  0.000029  -0.000328  1.000000  0.000038  -0.000029  -0.000038  1.000000  0.999840  0.017812  0.001596  -0.017815  0.999839  0.001905  -0.001562  -0.001934  0.999997  0.000270  0.026523  
66.890967 0.004293  0.092226  -0.005132  0.984612  0.171178  0.035183  -0.173033  0.983145  0.059045  -0.024483  -0.064224  0.997635  0.002335  -0.004878  0.000068  0.130890  -0.104813  1.113947  2.000000  0.999809  0.019451  0.001759  -0.019455  0.999809  0.002093  -0.001718  -0.002127  0.999996  0.999653  0.026227  0.002618  -0.026235  0.999651  0.002972  -0.002540  -0.003039  0.999992  1.000000  0.000328  0.000032  -0.000328  1.000000  0.000038  -0.000032  -0.000038  1.000000  0.999809  0.019451  0.001759  -0.019455  0.999809  0.002093  -0.001718  -0.002127  0.999996  0.000282  0.026531  
66.892220 0.004295  0.092217  -0.005133  0.984394  0.172376  0.035429  -0.174249  0.982920  0.059216  -0.024616  -0.064466  0.997616  0.002406  -0.005482  -0.000179  0.135473  -0.111658  1.143558  2.000000  0.999776  0.021082  0.001927  -0.021086  0.999775  0.002281  -0.001878  -0.002321  0.999996  0.999658  0.026013  0.002745  -0.026021  0.999657  0.003095  -0.002664  -0.003165  0.999991  1.000000  0.000325  0.000034  -0.000325  1.000000  0.000039  -0.000034  -0.000039  1.000000  0.999776  0.021082  0.001927  -0.021086  0.999775  0.002281  -0.001878  -0.002321  0.999996  0.000289  0.026347  
66.893225 0.004298  0.092209  -0.005134  0.984211  0.173374  0.035642  -0.175261  0.982736  0.059276  -0.024750  -0.064586  0.997605  0.002464  -0.005917  -0.000330  0.139205  -0.112138  1.150258  2.000000  0.999755  0.022055  0.002027  -0.022060  0.999754  0.002395  -0.001974  -0.002439  0.999995  0.999658  0.026021  0.002615  -0.026029  0.999656  0.003095  -0.002533  -0.003162  0.999992  1.000000  0.000325  0.000032  -0.000325  1.000000  0.000039  -0.000032  -0.000039  1.000000  0.999755  0.022055  0.002027  -0.022060  0.999754  0.002395  -0.001974  -0.002439  0.999995  0.000291  0.026341  
66.894470 0.004301  0.092199  -0.005135  0.984030  0.174382  0.035725  -0.176274  0.982550  0.059358  -0.024750  -0.064707  0.997597  0.002569  -0.006335  -0.000494  0.139073  -0.103320  1.150986  2.000000  0.999718  0.023658  0.002193  -0.023663  0.999717  0.002584  -0.002131  -0.002635  0.999994  0.999674  0.025404  0.002578  -0.025412  0.999672  0.003108  -0.002499  -0.003172  0.999992  1.000000  0.000318  0.000032  -0.000318  1.000000  0.000039  -0.000032  -0.000039  1.000000  0.999718  0.023658  0.002193  -0.023663  0.999717  0.002584  -0.002131  -0.002635  0.999994  0.000291  0.025730  
66.895471 0.004303  0.092191  -0.005135  0.983881  0.175178  0.035926  -0.177084  0.982400  0.059424  -0.024884  -0.064828  0.997586  0.002594  -0.006607  -0.000591  0.138748  -0.103890  1.157862  2.000000  0.999687  0.024912  0.002318  -0.024919  0.999686  0.002734  -0.002249  -0.002790  0.999994  0.999684  0.025002  0.002421  -0.025009  0.999682  0.003115  -0.002343  -0.003175  0.999992  1.000000  0.000313  0.000030  -0.000313  1.000000  0.000039  -0.000030  -0.000039  1.000000  0.999687  0.024912  0.002318  -0.024919  0.999686  0.002734  -0.002249  -0.002790  0.999994  0.000291  0.025318  
66.896719 0.004305  0.092180  -0.005136  0.983698  0.176185  0.036009  -0.178097  0.982212  0.059506  -0.024884  -0.064949  0.997578  0.002580  -0.007033  -0.000732  0.134362  -0.104988  1.171899  2.000000  0.999648  0.026433  0.002469  -0.026440  0.999646  0.002920  -0.002391  -0.002984  0.999993  0.999715  0.023770  0.002345  -0.023777  0.999713  0.003026  -0.002272  -0.003081  0.999993  1.000000  0.000297  0.000029  -0.000297  1.000000  0.000038  -0.000029  -0.000038  1.000000  0.999648  0.026433  0.002469  -0.026440  0.999646  0.002920  -0.002391  -0.002984  0.999993  0.000295  0.024082  
66.897968 0.004306  0.092169  -0.005137  0.983548  0.176980  0.036210  -0.178906  0.982061  0.059572  -0.025018  -0.065070  0.997567  0.002408  -0.007397  -0.000834  0.134451  -0.114182  1.172095  2.000000  0.999608  0.027884  0.002623  -0.027892  0.999606  0.003107  -0.002535  -0.003179  0.999992  0.999739  0.022734  0.002415  -0.022741  0.999737  0.003050  -0.002345  -0.003105  0.999992  1.000000  0.000284  0.000030  -0.000284  1.000000  0.000038  -0.000030  -0.000038  1.000000  0.999608  0.027884  0.002623  -0.027892  0.999606  0.003107  -0.002535  -0.003179  0.999992  0.000294  0.023070  
66.898974 0.004308  0.092159  -0.005138  0.983437  0.177582  0.036269  -0.179513  0.981944  0.059669  -0.025018  -0.065191  0.997559  0.002263  -0.007776  -0.000940  0.134734  -0.117831  1.156841  2.000000  0.999576  0.029002  0.002749  -0.029011  0.999574  0.003258  -0.002653  -0.003336  0.999991  0.999752  0.022109  0.002511  -0.022117  0.999751  0.003067  -0.002443  -0.003122  0.999992  1.000000  0.000276  0.000031  -0.000276  1.000000  0.000039  -0.000031  -0.000039  1.000000  0.999576  0.029002  0.002749  -0.029011  0.999574  0.003258  -0.002653  -0.003336  0.999991  0.000292  0.022467  
66.900217 0.004309  0.092148  -0.005139  0.983326  0.178184  0.036327  -0.180121  0.981827  0.059765  -0.025018  -0.065312  0.997551  0.002160  -0.007946  -0.000941  0.134053  -0.120603  1.133484  2.000000  0.999543  0.030081  0.002875  -0.030091  0.999541  0.003407  -0.002772  -0.003492  0.999990  0.999770  0.021288  0.002461  -0.021295  0.999769  0.002967  -0.002397  -0.003019  0.999993  1.000000  0.000266  0.000030  -0.000266  1.000000  0.000037  -0.000030  -0.000037  1.000000  0.999543  0.030081  0.002875  -0.030091  0.999541  0.003407  -0.002772  -0.003492  0.999990  0.000287  0.021639  
66.901467 0.004310  0.092137  -0.005141  0.983215  0.178782  0.036407  -0.180728  0.981702  0.059981  -0.025018  -0.065554  0.997535  0.002036  -0.008116  -0.000923  0.136191  -0.119274  1.101565  2.000000  0.999503  0.031378  0.003031  -0.031388  0.999501  0.003590  -0.002917  -0.003683  0.999989  0.999792  0.020261  0.002396  -0.020267  0.999790  0.002873  -0.002338  -0.002921  0.999993  1.000000  0.000253  0.000030  -0.000253  1.000000  0.000036  -0.000030  -0.000036  1.000000  0.999503  0.031378  0.003031  -0.031388  0.999501  0.003590  -0.002917  -0.003683  0.999989  0.000280  0.020608  
66.902472 0.004311  0.092127  -0.005142  0.983137  0.179173  0.036585  -0.181132  0.981623  0.060061  -0.025151  -0.065675  0.997524  0.001886  -0.008323  -0.000894  0.135416  -0.117114  1.071859  2.000000  0.999471  0.032369  0.003154  -0.032381  0.999469  0.003731  -0.003032  -0.003832  0.999988  0.999804  0.019644  0.002359  -0.019651  0.999803  0.002765  -0.002304  -0.002811  0.999993  1.000000  0.000246  0.000029  -0.000246  1.000000  0.000035  -0.000029  -0.000035  1.000000  0.999471  0.032369  0.003154  -0.032381  0.999469  0.003731  -0.003032  -0.003832  0.999988  0.000273  0.019982  
66.903476 0.004311  0.092117  -0.005144  0.983025  0.179779  0.036622  -0.181739  0.981512  0.060038  -0.025151  -0.065675  0.997524  0.001695  -0.008504  -0.000970  0.133221  -0.111458  1.046371  2.000000  0.999440  0.033312  0.003273  -0.033325  0.999437  0.003871  -0.003142  -0.003978  0.999987  0.999828  0.018412  0.002281  -0.018418  0.999826  0.002798  -0.002229  -0.002839  0.999993  1.000000  0.000230  0.000028  -0.000230  1.000000  0.000035  -0.000028  -0.000035  1.000000  0.999440  0.033312  0.003273  -0.033325  0.999437  0.003871  -0.003142  -0.003978  0.999987  0.000266  0.018767  
66.904717 0.004311  0.092104  -0.005148  0.982947  0.180170  0.036800  -0.182144  0.981432  0.060118  -0.025285  -0.065796  0.997513  0.001431  -0.008766  -0.001171  0.130020  -0.104574  1.005685  2.000000  0.999402  0.034421  0.003414  -0.034435  0.999399  0.004033  -0.003273  -0.004148  0.999986  0.999846  0.017385  0.002216  -0.017391  0.999845  0.002580  -0.002170  -0.002618  0.999994  1.000000  0.000217  0.000027  -0.000217  1.000000  0.000032  -0.000027  -0.000032  1.000000  0.999402  0.034421  0.003414  -0.034435  0.999399  0.004033  -0.003273  -0.004148  0.999986  0.000258  0.017718  
66.905720 0.004310  0.092093  -0.005153  0.982868  0.180561  0.036978  -0.182548  0.981352  0.060197  -0.025419  -0.065916  0.997501  0.001201  -0.008980  -0.001363  0.130787  -0.106965  0.970689  2.000000  0.999373  0.035243  0.003527  -0.035258  0.999370  0.004154  -0.003378  -0.004276  0.999985  0.999867  0.016144  0.002270  -0.016149  0.999866  0.002489  -0.002230  -0.002525  0.999994  1.000000  0.000202  0.000028  -0.000202  1.000000  0.000031  -0.000028  -0.000031  1.000000  0.999373  0.035243  0.003527  -0.035258  0.999370  0.004154  -0.003378  -0.004276  0.999985  0.000251  0.016495  
66.906976 0.004308  0.092080  -0.005158  0.982755  0.181163  0.037037  -0.183155  0.981233  0.060294  -0.025419  -0.066037  0.997493  0.000873  -0.009282  -0.001640  0.131766  -0.104397  0.928899  2.000000  0.999337  0.036216  0.003662  -0.036232  0.999334  0.004298  -0.003504  -0.004427  0.999984  0.999883  0.015126  0.002071  -0.015130  0.999883  0.002274  -0.002037  -0.002305  0.999995  1.000000  0.000189  0.000026  -0.000189  1.000000  0.000029  -0.000026  -0.000029  1.000000  0.999337  0.036216  0.003662  -0.036232  0.999334  0.004298  -0.003504  -0.004427  0.999984  0.000239  0.015438  
66.908221 0.004307  0.092067  -0.005163  0.982677  0.181554  0.037215  -0.183559  0.981153  0.060373  -0.025553  -0.066158  0.997482  0.000611  -0.009459  -0.001893  0.131562  -0.110384  0.886651  2.000000  0.999310  0.036956  0.003773  -0.036972  0.999307  0.004404  -0.003607  -0.004540  0.999983  0.999893  0.014500  0.002166  -0.014505  0.999892  0.002167  -0.002134  -0.002198  0.999995  1.000000  0.000181  0.000027  -0.000181  1.000000  0.000027  -0.000027  -0.000027  1.000000  0.999310  0.036956  0.003773  -0.036972  0.999307  0.004404  -0.003607  -0.004540  0.999983  0.000227  0.014823  
66.909473 0.004306  0.092056  -0.005167  0.982601  0.181958  0.037240  -0.183963  0.981078  0.060358  -0.025553  -0.066158  0.997482  0.000282  -0.009596  -0.002156  0.125697  -0.108307  0.845649  2.000000  0.999277  0.037830  0.003910  -0.037848  0.999273  0.004528  -0.003736  -0.004673  0.999982  0.999904  0.013679  0.002112  -0.013683  0.999904  0.001946  -0.002085  -0.001975  0.999996  1.000000  0.000171  0.000026  -0.000171  1.000000  0.000025  -0.000026  -0.000025  1.000000  0.999277  0.037830  0.003910  -0.037848  0.999273  0.004528  -0.003736  -0.004673  0.999982  0.000219  0.013980  
66.910722 0.004304  0.092045  -0.005172  0.982525  0.182357  0.037287  -0.184368  0.980996  0.060461  -0.025553  -0.066279  0.997474  0.000064  -0.009596  -0.002444  0.122647  -0.105797  0.804205  2.000000  0.999245  0.038631  0.004039  -0.038649  0.999242  0.004641  -0.003856  -0.004794  0.999981  0.999923  0.012250  0.001885  -0.012254  0.999923  0.001863  -0.001862  -0.001886  0.999996  1.000000  0.000153  0.000023  -0.000153  1.000000  0.000023  -0.000023  -0.000023  1.000000  0.999245  0.038631  0.004039  -0.038649  0.999242  0.004641  -0.003856  -0.004794  0.999981  0.000207  0.012536  
66.911973 0.004302  0.092034  -0.005177  0.982484  0.182550  0.037431  -0.184569  0.980960  0.060429  -0.025687  -0.066279  0.997470  -0.000239  -0.009562  -0.002760  0.115735  -0.102310  0.748778  2.000000  0.999216  0.039364  0.004161  -0.039384  0.999213  0.004747  -0.003971  -0.004907  0.999980  0.999933  0.011420  0.001964  -0.011423  0.999933  0.001640  -0.001945  -0.001663  0.999997  1.000000  0.000143  0.000024  -0.000143  1.000000  0.000021  -0.000024  -0.000021  1.000000  0.999216  0.039364  0.004161  -0.039384  0.999213  0.004747  -0.003971  -0.004907  0.999980  0.000196  0.011705  
66.913223 0.004299  0.092024  -0.005182  0.982408  0.182954  0.037455  -0.184974  0.980885  0.060413  -0.025687  -0.066279  0.997470  -0.000587  -0.009519  -0.003003  0.104677  -0.094848  0.700810  2.000000  0.999189  0.040029  0.004278  -0.040049  0.999186  0.004842  -0.004080  -0.005010  0.999979  0.999949  0.009991  0.001735  -0.009994  0.999949  0.001557  -0.001720  -0.001574  0.999997  1.000000  0.000125  0.000022  -0.000125  1.000000  0.000020  -0.000022  -0.000020  1.000000  0.999189  0.040029  0.004278  -0.040049  0.999186  0.004842  -0.004080  -0.005010  0.999979  0.000181  0.010261  
66.914466 0.004296  0.092014  -0.005186  0.982328  0.183349  0.037611  -0.185378  0.980811  0.060373  -0.025820  -0.066279  0.997467  -0.000815  -0.009437  -0.003178  0.096506  -0.096965  0.668298  2.000000  0.999164  0.040635  0.004388  -0.040656  0.999161  0.004927  -0.004184  -0.005101  0.999978  0.999955  0.009375  0.001695  -0.009378  0.999955  0.001329  -0.001682  -0.001345  0.999998  1.000000  0.000117  0.000021  -0.000117  1.000000  0.000017  -0.000021  -0.000017  1.000000  0.999164  0.040635  0.004388  -0.040656  0.999161  0.004927  -0.004184  -0.005101  0.999978  0.000170  0.009621  
66.915467 0.004294  0.092007  -0.005189  0.982286  0.183543  0.037755  -0.185579  0.980775  0.060341  -0.025954  -0.066278  0.997464  -0.001050  -0.009284  -0.003325  0.089078  -0.094711  0.633262  2.000000  0.999145  0.041092  0.004474  -0.041115  0.999142  0.004991  -0.004265  -0.005170  0.999978  0.999958  0.008965  0.001667  -0.008967  0.999959  0.001339  -0.001655  -0.001354  0.999998  1.000000  0.000112  0.000021  -0.000112  1.000000  0.000017  -0.000021  -0.000017  1.000000  0.999145  0.041092  0.004474  -0.041115  0.999142  0.004991  -0.004265  -0.005170  0.999978  0.000163  0.009217  
66.916468 0.004292  0.092000  -0.005191  0.982210  0.183946  0.037780  -0.185984  0.980699  0.060325  -0.025954  -0.066278  0.997464  -0.001248  -0.009122  -0.003421  0.082530  -0.093328  0.603961  2.000000  0.999132  0.041418  0.004538  -0.041441  0.999128  0.005034  -0.004325  -0.005218  0.999977  0.999962  0.008554  0.001640  -0.008556  0.999963  0.001229  -0.001630  -0.001243  0.999998  1.000000  0.000107  0.000020  -0.000107  1.000000  0.000015  -0.000020  -0.000015  1.000000  0.999132  0.041418  0.004538  -0.041441  0.999128  0.005034  -0.004325  -0.005218  0.999977  0.000154  0.008797  
66.917717 0.004290  0.091992  -0.005194  0.982172  0.184148  0.037792  -0.186186  0.980661  0.060317  -0.025954  -0.066278  0.997464  -0.001445  -0.008862  -0.003469  0.074452  -0.090846  0.571574  2.000000  0.999110  0.041929  0.004640  -0.041952  0.999107  0.005102  -0.004422  -0.005292  0.999976  0.999967  0.007947  0.001466  -0.007948  0.999968  0.001124  -0.001457  -0.001135  0.999998  1.000000  0.000099  0.000018  -0.000099  1.000000  0.000014  -0.000018  -0.000014  1.000000  0.999110  0.041929  0.004640  -0.041952  0.999107  0.005102  -0.004422  -0.005292  0.999976  0.000148  0.008159  
66.918967 0.004286  0.091985  -0.005198  0.982133  0.184350  0.037805  -0.186388  0.980623  0.060310  -0.025954  -0.066278  0.997464  -0.001658  -0.008522  -0.003474  0.067618  -0.087847  0.523983  2.000000  0.999089  0.042402  0.004732  -0.042426  0.999086  0.005160  -0.004509  -0.005356  0.999975  0.999972  0.007331  0.001425  -0.007332  0.999973  0.000898  -0.001418  -0.000908  0.999999  1.000000  0.000092  0.000018  -0.000092  1.000000  0.000011  -0.000018  -0.000011  1.000000  0.999089  0.042402  0.004732  -0.042426  0.999086  0.005160  -0.004509  -0.005356  0.999975  0.000137  0.007522  
66.920217 0.004284  0.091977  -0.005202  0.982053  0.184745  0.037961  -0.186792  0.980549  0.060269  -0.026088  -0.066278  0.997460  -0.001780  -0.008100  -0.003419  0.060289  -0.085622  0.489435  2.000000  0.999070  0.042844  0.004825  -0.042869  0.999067  0.005210  -0.004598  -0.005412  0.999975  0.999975  0.006911  0.001531  -0.006912  0.999976  0.000786  -0.001526  -0.000797  0.999999  1.000000  0.000086  0.000019  -0.000086  1.000000  0.000010  -0.000019  -0.000010  1.000000  0.999070  0.042844  0.004825  -0.042869  0.999067  0.005210  -0.004598  -0.005412  0.999975  0.000125  0.007123  
66.921222 0.004281  0.091971  -0.005205  0.982015  0.184952  0.037951  -0.186994  0.980518  0.060142  -0.026088  -0.066157  0.997468  -0.001873  -0.007758  -0.003382  0.049603  -0.083645  0.452027  2.000000  0.999055  0.043181  0.004903  -0.043207  0.999052  0.005239  -0.004672  -0.005446  0.999974  0.999976  0.006706  0.001517  -0.006707  0.999977  0.000549  -0.001513  -0.000559  0.999999  1.000000  0.000084  0.000019  -0.000084  1.000000  0.000007  -0.000019  -0.000007  1.000000  0.999055  0.043181  0.004903  -0.043207  0.999052  0.005239  -0.004672  -0.005446  0.999974  0.000119  0.006898  
66.922472 0.004279  0.091964  -0.005210  0.981934  0.185347  0.038106  -0.187398  0.980444  0.060102  -0.026222  -0.066157  0.997465  -0.001909  -0.007390  -0.003333  0.046175  -0.081876  0.424467  2.000000  0.999037  0.043587  0.004998  -0.043613  0.999035  0.005265  -0.004763  -0.005478  0.999974  0.999979  0.006295  0.001490  -0.006296  0.999980  0.000438  -0.001487  -0.000447  0.999999  1.000000  0.000079  0.000019  -0.000079  1.000000  0.000006  -0.000019  -0.000006  1.000000  0.999037  0.043587  0.004998  -0.043613  0.999035  0.005265  -0.004763  -0.005478  0.999974  0.000111  0.006484  
66.923723 0.004278  0.091957  -0.005214  0.981892  0.185540  0.038250  -0.187599  0.980407  0.060069  -0.026355  -0.066157  0.997461  -0.001957  -0.007000  -0.003303  0.038662  -0.080098  0.396753  2.000000  0.999020  0.043972  0.005093  -0.043999  0.999018  0.005283  -0.004856  -0.005502  0.999973  0.999980  0.006081  0.001610  -0.006081  0.999981  0.000321  -0.001608  -0.000331  0.999999  1.000000  0.000076  0.000020  -0.000076  1.000000  0.000004  -0.000020  -0.000004  1.000000  0.999020  0.043972  0.005093  -0.043999  0.999018  0.005283  -0.004856  -0.005502  0.999973  0.000104  0.006299  
66.924969 0.004277  0.091951  -0.005218  0.981850  0.185733  0.038393  -0.187801  0.980371  0.060036  -0.026489  -0.066157  0.997458  -0.001906  -0.006671  -0.003313  0.035251  -0.078328  0.369230  2.000000  0.999006  0.044268  0.005172  -0.044295  0.999004  0.005291  -0.004932  -0.005515  0.999973  0.999981  0.005876  0.001596  -0.005876  0.999983  0.000205  -0.001595  -0.000214  0.999999  1.000000  0.000073  0.000020  -0.000073  1.000000  0.000003  -0.000020  -0.000003  1.000000  0.999006  0.044268  0.005172  -0.044295  0.999004  0.005291  -0.004932  -0.005515  0.999973  0.000098  0.006092  
66.926225 0.004277  0.091946  -0.005222  0.981808  0.185926  0.038537  -0.188002  0.980334  0.060003  -0.026623  -0.066156  0.997454  -0.001722  -0.006271  -0.003236  0.031852  -0.080998  0.341208  2.000000  0.998990  0.044622  0.005271  -0.044650  0.998989  0.005296  -0.005029  -0.005526  0.999972  0.999984  0.005465  0.001569  -0.005465  0.999985  0.000094  -0.001568  -0.000102  0.999999  1.000000  0.000068  0.000020  -0.000068  1.000000  0.000001  -0.000020  -0.000001  1.000000  0.998990  0.044622  0.005271  -0.044650  0.998989  0.005296  -0.005029  -0.005526  0.999972  0.000090  0.005686  
66.927468 0.004278  0.091941  -0.005228  0.981730  0.186330  0.038561  -0.188406  0.980257  0.059987  -0.026623  -0.066156  0.997454  -0.001509  -0.005959  -0.003291  0.027709  -0.075472  0.331932  2.000000  0.998974  0.044958  0.005368  -0.044987  0.998974  0.005293  -0.005125  -0.005529  0.999972  0.999985  0.005259  0.001555  -0.005259  0.999986  -0.000022  -0.001555  0.000014  0.999999  1.000000  0.000066  0.000019  -0.000066  1.000000  -0.000000  -0.000019  0.000000  1.000000  0.998974  0.044958  0.005368  -0.044987  0.998974  0.005293  -0.005125  -0.005529  0.999972  0.000084  0.005485  
66.928723 0.004279  0.091936  -0.005232  0.981688  0.186523  0.038705  -0.188608  0.980221  0.059954  -0.026757  -0.066156  0.997450  -0.001253  -0.005550  -0.003250  0.024557  -0.078795  0.306798  2.000000  0.998962  0.045216  0.005446  -0.045245  0.998962  0.005287  -0.005201  -0.005528  0.999971  0.999987  0.004849  0.001528  -0.004849  0.999988  -0.000133  -0.001529  0.000126  0.999999  1.000000  0.000000  0.000000  0.000000  1.000000  0.000000  0.000000  0.000000  1.000000  0.998962  0.045216  0.005446  -0.045245  0.998962  0.005287  -0.005201  -0.005528  0.999971  0.000080  0.000000  
66.929966 0.004280  0.091931  -0.005237  0.981684  0.186514  0.038836  -0.188607  0.980222  0.059929  -0.026890  -0.066156  0.997447  -0.000981  -0.005299  -0.003289  0.020644  -0.081701  0.290240  2.000000  0.998959  0.045279  0.005465  -0.045308  0.998959  0.005285  -0.005220  -0.005527  0.999971  0.999988  0.004635  0.001648  -0.004634  0.999989  -0.000128  -0.001649  0.000120  0.999999  1.000000  0.000000  0.000000  0.000000  1.000000  0.000000  0.000000  0.000000  1.000000  0.998959  0.045279  0.005465  -0.045308  0.998959  0.005285  -0.005220  -0.005527  0.999971  0.000076  0.000000  
66.930972 0.004282  0.091927  -0.005240  0.981642  0.186707  0.038979  -0.188809  0.980186  0.059896  -0.027024  -0.066156  0.997443  -0.000751  -0.005063  -0.003336  0.017077  -0.085963  0.278508  2.000000  0.998959  0.045279  0.005465  -0.045308  0.998959  0.005285  -0.005220  -0.005527  0.999971  0.999988  0.004626  0.001782  -0.004625  0.999989  -0.000250  -0.001783  0.000242  0.999998  1.000000  0.000000  0.000000  0.000000  1.000000  0.000000  0.000000  0.000000  1.000000  0.998959  0.045279  0.005465  -0.045308  0.998959  0.005285  -0.005220  -0.005527  0.999971  0.000075  0.000000  
66.931991 0.004284  0.091924  -0.005242  0.981638  0.186699  0.039110  -0.188808  0.980187  0.059870  -0.027158  -0.066155  0.997440  -0.000497  -0.004861  -0.003288  0.013496  -0.084556  0.257626  2.000000  0.998959  0.045279  0.005465  -0.045308  0.998959  0.005285  -0.005220  -0.005527  0.999971  0.999989  0.004429  0.001634  -0.004429  0.999990  -0.000244  -0.001635  0.000237  0.999999  1.000000  0.000000  0.000000  0.000000  1.000000  0.000000  0.000000  0.000000  1.000000  0.998959  0.045279  0.005465  -0.045308  0.998959  0.005285  -0.005220  -0.005527  0.999971  0.000069  0.000000  
66.933219 0.004287  0.091921  -0.005243  0.981596  0.186892  0.039254  -0.189009  0.980151  0.059837  -0.027292  -0.066155  0.997436  -0.000050  -0.004524  -0.003180  0.009515  -0.087943  0.248573  2.000000  0.998959  0.045279  0.005465  -0.045308  0.998959  0.005285  -0.005220  -0.005527  0.999971  0.999989  0.004206  0.001888  -0.004206  0.999991  -0.000240  -0.001889  0.000232  0.999998  1.000000  0.000000  0.000000  0.000000  1.000000  0.000000  0.000000  0.000000  1.000000  0.998959  0.045279  0.005465  -0.045308  0.998959  0.005285  -0.005220  -0.005527  0.999971  0.000066  0.000000  
66.934220 0.004289  0.091919  -0.005244  0.981553  0.187085  0.039397  -0.189211  0.980114  0.059804  -0.027425  -0.066155  0.997432  0.000249  -0.004298  -0.003051  0.005849  -0.087790  0.236864  2.000000  0.998959  0.045279  0.005465  -0.045308  0.998959  0.005285  -0.005220  -0.005527  0.999971  0.999990  0.004001  0.001874  -0.004000  0.999992  -0.000235  -0.001875  0.000227  0.999998  1.000000  0.000000  0.000000  0.000000  1.000000  0.000000  0.000000  0.000000  1.000000  0.998959  0.045279  0.005465  -0.045308  0.998959  0.005285  -0.005220  -0.005527  0.999971  0.000063  0.000000  
66.935468 0.004293  0.091916  -0.005245  0.981550  0.187076  0.039528  -0.189210  0.980115  0.059778  -0.027559  -0.066155  0.997429  0.000656  -0.003949  -0.002822  0.002088  -0.086159  0.221173  2.000000  0.998959  0.045279  0.005465  -0.045308  0.998959  0.005285  -0.005220  -0.005527  0.999971  0.999991  0.003787  0.001994  -0.003786  0.999993  -0.000229  -0.001995  0.000222  0.999998  1.000000  0.000000  0.000000  0.000000  1.000000  0.000000  0.000000  0.000000  1.000000  0.998959  0.045279  0.005465  -0.045308  0.998959  0.005285  -0.005220  -0.005527  0.999971  0.000061  0.000000  
66.936717 0.004296  0.091914  -0.005245  0.981546  0.187072  0.039637  -0.189209  0.980124  0.059634  -0.027693  -0.066033  0.997433  0.001125  -0.003551  -0.002487  -0.005515  -0.090024  0.202083  2.000000  0.998959  0.045279  0.005465  -0.045308  0.998959  0.005285  -0.005220  -0.005527  0.999971  0.999992  0.003376  0.001967  -0.003375  0.999994  -0.000340  -0.001968  0.000333  0.999998  1.000000  0.000000  0.000000  0.000000  1.000000  0.000000  0.000000  0.000000  1.000000  0.998959  0.045279  0.005465  -0.045308  0.998959  0.005285  -0.005220  -0.005527  0.999971  0.000056  0.000000  
