1-Time 2-Px 3-Py 4-Pz 5-R11 6-R21 7-R31 8-R12 9-R22 10-R32 11-R13 12-R23 13-R33 14-Vx 15-Vy 16-Vz 17-Wx 18-Wy 19-Wz 20-state 21-PR11 22-PR21 23-PR31 24-PR12 25-PR22 26-PR32 27-PR13 28-PR23 29-PR33 
28.345145 0.001259  0.091694  -0.002052  0.992136  0.122453  0.025914  -0.123178  0.991974  0.028557  -0.022209  -0.031524  0.999256  0.000295  0.000268  0.000060  0.000000  0.000000  0.000000  2.000000  1.000000  0.000000  0.000000  0.000000  1.000000  0.000000  0.000000  0.000000  1.000000  0.999999  -0.001234  -0.000039  0.001234  0.999999  -0.000094  0.000039  0.000094  1.000000  1.000000  0.000000  0.000000  0.000000  1.000000  0.000000  0.000000  0.000000  1.000000  0.757665  0.544316  -0.360089  -0.553201  0.828368  0.088182  0.346285  0.132389  0.928741  0.000000  0.000000  
28.346152 0.001259  0.091694  -0.002052  0.992136  0.122453  0.025914  -0.123178  0.991974  0.028557  -0.022209  -0.031524  0.999256  0.000307  0.000250  0.000071  0.000000  0.000000  0.000000  2.000000  1.000000  0.000000  0.000000  0.000000  1.000000  0.000000  0.000000  0.000000  1.000000  0.999999  -0.001029  -0.000032  0.001029  0.999999  -0.000098  0.000033  0.000098  1.000000  1.000000  0.000000  0.000000  0.000000  1.000000  0.000000  0.000000  0.000000  1.000000  1.000000  0.000000  0.000000  0.000000  1.000000  0.000000  0.000000  0.000000  1.000000  0.000000  0.000000  
28.347403 0.001259  0.091692  -0.002053  0.992060  0.123062  0.025946  -0.123791  0.991894  0.028661  -0.022209  -0.031645  0.999252  0.000281  0.000126  0.000031  0.000000  0.000000  0.000000  2.000000  1.000000  0.000000  0.000000  0.000000  1.000000  0.000000  0.000000  0.000000  1.000000  1.000000  -0.000617  -0.000020  0.000617  1.000000  0.000014  0.000020  -0.000014  1.000000  1.000000  0.000000  0.000000  0.000000  1.000000  0.000000  0.000000  0.000000  1.000000  1.000000  0.000000  0.000000  0.000000  1.000000  0.000000  0.000000  0.000000  1.000000  0.000000  0.000000  
28.348652 0.001259  0.091690  -0.002054  0.991952  0.123870  0.026235  -0.124607  0.991794  0.028606  -0.022476  -0.031645  0.999246  0.000244  -0.000051  -0.000051  0.000000  0.000000  0.000000  2.000000  1.000000  0.000000  0.000000  0.000000  1.000000  0.000000  0.000000  0.000000  1.000000  1.000000  0.000197  0.000274  -0.000197  1.000000  -0.000005  -0.000274  0.000005  1.000000  1.000000  0.000000  0.000000  0.000000  1.000000  0.000000  0.000000  0.000000  1.000000  1.000000  0.000000  0.000000  0.000000  1.000000  0.000000  0.000000  0.000000  1.000000  0.000000  0.000000  
28.349656 0.001259  0.091687  -0.002055  0.991897  0.124271  0.026395  -0.125015  0.991740  0.028699  -0.022610  -0.031766  0.999240  0.000221  -0.000231  -0.000165  0.000000  0.000000  0.000000  2.000000  1.000000  0.000000  0.000000  0.000000  1.000000  0.000000  0.000000  0.000000  1.000000  0.999999  0.001016  0.000434  -0.001016  0.999999  0.000098  -0.000434  -0.000098  1.000000  1.000000  0.000000  0.000000  0.000000  1.000000  0.000000  0.000000  0.000000  1.000000  1.000000  0.000000  0.000000  0.000000  1.000000  0.000000  0.000000  0.000000  1.000000  0.000000  0.000000  
28.350898 0.001259  0.091685  -0.002056  0.991840  0.124668  0.026687  -0.125423  0.991686  0.028775  -0.022878  -0.031887  0.999230  0.000236  -0.000408  -0.000248  0.000000  0.000000  0.000000  2.000000  1.000000  0.000000  0.000000  0.000000  1.000000  0.000000  0.000000  0.000000  1.000000  0.999999  0.001419  0.000715  -0.001419  0.999999  0.000210  -0.000714  -0.000211  1.000000  1.000000  0.000000  0.000000  0.000000  1.000000  0.000000  0.000000  0.000000  1.000000  1.000000  0.000000  0.000000  0.000000  1.000000  0.000000  0.000000  0.000000  1.000000  0.000000  0.000000  
28.351903 0.001259  0.091683  -0.002057  0.991791  0.125077  0.026581  -0.125832  0.991631  0.028901  -0.022744  -0.032009  0.999229  0.000210  -0.000532  -0.000289  0.000000  0.000000  0.000000  2.000000  1.000000  0.000000  0.000000  0.000000  1.000000  0.000000  0.000000  0.000000  1.000000  0.999998  0.001624  0.000721  -0.001625  0.999999  0.000205  -0.000721  -0.000206  1.000000  1.000000  0.000000  0.000000  0.000000  1.000000  0.000000  0.000000  0.000000  1.000000  1.000000  0.000000  0.000000  0.000000  1.000000  0.000000  0.000000  0.000000  1.000000  0.000000  0.000000  
28.353146 0.001260  0.091682  -0.002057  0.991690  0.125895  0.026488  -0.126649  0.991523  0.029016  -0.022610  -0.032130  0.999228  0.000221  -0.000653  -0.000299  0.000000  0.000000  0.000000  2.000000  1.000000  0.000000  0.000000  0.000000  1.000000  0.000000  0.000000  0.000000  1.000000  0.999996  0.002661  0.000487  -0.002662  0.999996  0.000425  -0.000486  -0.000426  1.000000  1.000000  0.000000  0.000000  0.000000  1.000000  0.000000  0.000000  0.000000  1.000000  1.000000  0.000000  0.000000  0.000000  1.000000  0.000000  0.000000  0.000000  1.000000  0.000000  0.000000  
28.354149 0.001260  0.091680  -0.002057  0.991588  0.126716  0.026379  -0.127466  0.991419  0.029012  -0.022476  -0.032130  0.999231  0.000225  -0.000750  -0.000319  0.000000  0.000000  0.000000  2.000000  1.000000  0.000000  0.000000  0.000000  1.000000  0.000000  0.000000  0.000000  1.000000  0.999994  0.003489  0.000380  -0.003489  0.999994  0.000528  -0.000378  -0.000529  1.000000  1.000000  0.000000  0.000000  0.000000  1.000000  0.000000  0.000000  0.000000  1.000000  1.000000  0.000000  0.000000  0.000000  1.000000  0.000000  0.000000  0.000000  1.000000  0.000000  0.000000  
28.355149 0.001260  0.091679  -0.002057  0.991457  0.127733  0.026424  -0.128486  0.991284  0.029105  -0.022476  -0.032251  0.999227  0.000192  -0.000893  -0.000317  0.000000  0.000000  0.000000  2.000000  1.000000  0.000000  0.000000  0.000000  1.000000  0.000000  0.000000  0.000000  1.000000  0.999991  0.004311  0.000407  -0.004312  0.999991  0.000630  -0.000404  -0.000632  1.000000  1.000000  0.000000  0.000000  0.000000  1.000000  0.000000  0.000000  0.000000  1.000000  1.000000  0.000000  0.000000  0.000000  1.000000  0.000000  0.000000  0.000000  1.000000  0.000000  0.000000  
28.356400 0.001260  0.091677  -0.002059  0.991321  0.128746  0.026602  -0.129506  0.991149  0.029180  -0.022610  -0.032372  0.999220  0.000213  -0.001050  -0.000443  0.020427  -0.019240  0.179311  2.000000  1.000000  0.000085  0.000188  -0.000085  1.000000  0.000027  -0.000188  -0.000027  1.000000  0.999983  0.005747  0.000587  -0.005747  0.999983  0.000718  -0.000583  -0.000722  1.000000  1.000000  0.000030  0.000066  -0.000030  1.000000  0.000009  -0.000066  -0.000009  1.000000  1.000000  0.000085  0.000188  -0.000085  1.000000  0.000027  -0.000188  -0.000027  1.000000  0.000044  0.005822  
28.357406 0.001261  0.091676  -0.002059  0.991184  0.129758  0.026781  -0.130526  0.991013  0.029256  -0.022744  -0.032493  0.999213  0.000264  -0.001129  -0.000458  0.023713  -0.024854  0.213725  2.000000  1.000000  0.000215  0.000480  -0.000215  1.000000  0.000064  -0.000480  -0.000064  1.000000  0.999977  0.006771  0.000755  -0.006772  0.999977  0.000815  -0.000750  -0.000820  0.999999  1.000000  0.000034  0.000078  -0.000034  1.000000  0.000010  -0.000078  -0.000010  1.000000  1.000000  0.000215  0.000480  -0.000215  1.000000  0.000064  -0.000480  -0.000064  1.000000  0.000052  0.006862  
28.358650 0.001263  0.091675  -0.002057  0.991016  0.130974  0.027082  -0.131750  0.990853  0.029187  -0.023011  -0.032493  0.999207  0.000333  -0.001234  -0.000394  0.022592  -0.035400  0.261864  2.000000  1.000000  0.000364  0.000829  -0.000364  1.000000  0.000104  -0.000829  -0.000104  1.000000  0.999967  0.007997  0.001063  -0.007997  0.999968  0.000785  -0.001056  -0.000793  0.999999  1.000000  0.000039  0.000093  -0.000039  1.000000  0.000010  -0.000093  -0.000010  1.000000  1.000000  0.000364  0.000829  -0.000364  1.000000  0.000104  -0.000829  -0.000104  1.000000  0.000063  0.008105  
28.359899 0.001265  0.091674  -0.002056  0.990849  0.132190  0.027266  -0.132973  0.990688  0.029256  -0.023145  -0.032614  0.999200  0.000399  -0.001361  -0.000269  0.025710  -0.041245  0.303205  2.000000  0.999999  0.000573  0.001333  -0.000573  1.000000  0.000157  -0.001333  -0.000157  0.999999  0.999957  0.009226  0.001237  -0.009227  0.999957  0.000876  -0.001229  -0.000887  0.999999  1.000000  0.000044  0.000108  -0.000044  1.000000  0.000011  -0.000108  -0.000011  1.000000  0.999999  0.000573  0.001333  -0.000573  1.000000  0.000157  -0.001333  -0.000157  0.999999  0.000074  0.009351  
28.360905 0.001265  0.091672  -0.002055  0.990712  0.133210  0.027297  -0.133993  0.990551  0.029228  -0.023145  -0.032614  0.999200  0.000441  -0.001496  -0.000206  0.024917  -0.042341  0.337655  2.000000  0.999998  0.000721  0.001683  -0.000721  1.000000  0.000189  -0.001683  -0.000190  0.999999  0.999944  0.010461  0.001277  -0.010462  0.999945  0.000847  -0.001268  -0.000860  0.999999  1.000000  0.000052  0.000121  -0.000052  1.000000  0.000011  -0.000121  -0.000011  1.000000  0.999998  0.000721  0.001683  -0.000721  1.000000  0.000189  -0.001683  -0.000190  0.999999  0.000084  0.010573  
28.362153 0.001266  0.091667  -0.002054  0.990546  0.134430  0.027349  -0.135217  0.990382  0.029315  -0.023145  -0.032736  0.999196  0.000446  -0.001677  -0.000121  0.031971  -0.043900  0.386061  2.000000  0.999997  0.000999  0.002328  -0.001000  0.999999  0.000244  -0.002328  -0.000246  0.999997  0.999931  0.011695  0.001319  -0.011696  0.999931  0.000939  -0.001308  -0.000955  0.999999  1.000000  0.000059  0.000135  -0.000059  1.000000  0.000012  -0.000135  -0.000012  1.000000  0.999997  0.000999  0.002328  -0.001000  0.999999  0.000244  -0.002328  -0.000246  0.999997  0.000094  0.011807  
28.363405 0.001266  0.091663  -0.002054  0.990378  0.135653  0.027385  -0.136440  0.990215  0.029281  -0.023145  -0.032736  0.999196  0.000474  -0.001808  -0.000026  0.031029  -0.045231  0.427513  2.000000  0.999995  0.001315  0.003043  -0.001316  0.999999  0.000301  -0.003042  -0.000305  0.999995  0.999915  0.012929  0.001359  -0.012930  0.999916  0.000910  -0.001347  -0.000928  0.999999  1.000000  0.000066  0.000148  -0.000066  1.000000  0.000011  -0.000148  -0.000011  1.000000  0.999995  0.001315  0.003043  -0.001316  0.999999  0.000301  -0.003042  -0.000305  0.999995  0.000106  0.013033  
28.364652 0.001266  0.091658  -0.002053  0.990205  0.136868  0.027570  -0.137663  0.990044  0.029349  -0.023279  -0.032857  0.999189  0.000489  -0.001967  0.000162  0.034133  -0.051088  0.468856  2.000000  0.999991  0.001673  0.003835  -0.001674  0.999999  0.000360  -0.003834  -0.000367  0.999993  0.999896  0.014368  0.001407  -0.014370  0.999896  0.000997  -0.001393  -0.001017  0.999999  1.000000  0.000075  0.000164  -0.000075  1.000000  0.000013  -0.000164  -0.000013  1.000000  0.999991  0.001673  0.003835  -0.001674  0.999999  0.000360  -0.003834  -0.000367  0.999993  0.000116  0.014473  
28.365904 0.001267  0.091652  -0.002051  0.990032  0.138084  0.027756  -0.138886  0.989871  0.029416  -0.023413  -0.032978  0.999182  0.000550  -0.002165  0.000374  0.037070  -0.057168  0.517061  2.000000  0.999987  0.002059  0.004699  -0.002061  0.999998  0.000425  -0.004698  -0.000435  0.999989  0.999877  0.015598  0.001583  -0.015600  0.999878  0.001087  -0.001566  -0.001112  0.999998  1.000000  0.000080  0.000179  -0.000080  1.000000  0.000014  -0.000179  -0.000014  1.000000  0.999987  0.002059  0.004699  -0.002061  0.999998  0.000425  -0.004698  -0.000435  0.999989  0.000129  0.015717  
28.367152 0.001269  0.091646  -0.002050  0.989827  0.139502  0.027947  -0.140312  0.989668  0.029477  -0.023546  -0.033099  0.999175  0.000668  -0.002466  0.000446  0.040010  -0.063268  0.565393  2.000000  0.999981  0.002474  0.005638  -0.002477  0.999997  0.000495  -0.005637  -0.000509  0.999984  0.999857  0.016823  0.001893  -0.016825  0.999858  0.001175  -0.001873  -0.001206  0.999998  1.000000  0.000085  0.000194  -0.000085  1.000000  0.000015  -0.000194  -0.000015  1.000000  0.999981  0.002474  0.005638  -0.002477  0.999997  0.000495  -0.005637  -0.000509  0.999984  0.000139  0.016972  
28.368153 0.001271  0.091641  -0.002050  0.989679  0.140513  0.028127  -0.141330  0.989521  0.029550  -0.023680  -0.033220  0.999167  0.000768  -0.002755  0.000413  0.043260  -0.068925  0.599887  2.000000  0.999975  0.002819  0.006431  -0.002823  0.999996  0.000552  -0.006429  -0.000570  0.999979  0.999846  0.017435  0.002049  -0.017438  0.999847  0.001157  -0.002028  -0.001193  0.999997  1.000000  0.000087  0.000202  -0.000087  1.000000  0.000015  -0.000202  -0.000015  1.000000  0.999975  0.002819  0.006431  -0.002823  0.999996  0.000552  -0.006429  -0.000570  0.999979  0.000150  0.017596  
28.369400 0.001272  0.091633  -0.002051  0.989501  0.141727  0.028313  -0.142552  0.989344  0.029616  -0.023814  -0.033341  0.999160  0.000858  -0.003130  0.000405  0.046177  -0.075019  0.648070  2.000000  0.999969  0.003182  0.007255  -0.003187  0.999995  0.000611  -0.007253  -0.000634  0.999973  0.999835  0.018057  0.001937  -0.018059  0.999836  0.001261  -0.001914  -0.001296  0.999997  1.000000  0.000092  0.000208  -0.000092  1.000000  0.000016  -0.000208  -0.000016  1.000000  0.999969  0.003182  0.007255  -0.003187  0.999995  0.000611  -0.007253  -0.000634  0.999973  0.000160  0.018206  
28.370404 0.001274  0.091627  -0.002052  0.989350  0.142738  0.028493  -0.143570  0.989195  0.029688  -0.023948  -0.033462  0.999153  0.000901  -0.003444  0.000402  0.049403  -0.080662  0.682366  2.000000  0.999961  0.003558  0.008098  -0.003564  0.999993  0.000669  -0.008096  -0.000697  0.999967  0.999828  0.018468  0.001953  -0.018470  0.999829  0.001249  -0.001930  -0.001285  0.999997  1.000000  0.000094  0.000212  -0.000094  1.000000  0.000016  -0.000212  -0.000016  1.000000  0.999961  0.003558  0.008098  -0.003564  0.999993  0.000669  -0.008096  -0.000697  0.999967  0.000171  0.018615  
28.371651 0.001275  0.091619  -0.002054  0.989199  0.143748  0.028673  -0.144588  0.989044  0.029759  -0.024081  -0.033583  0.999146  0.000939  -0.003906  0.000352  0.052634  -0.086325  0.716799  2.000000  0.999950  0.004050  0.009180  -0.004057  0.999991  0.000740  -0.009177  -0.000777  0.999958  0.999816  0.019093  0.001706  -0.019095  0.999817  0.001112  -0.001684  -0.001145  0.999998  1.000000  0.000101  0.000217  -0.000101  1.000000  0.000014  -0.000217  -0.000014  1.000000  0.999950  0.004050  0.009180  -0.004057  0.999991  0.000740  -0.009177  -0.000777  0.999958  0.000179  0.019204  
28.372899 0.001276  0.091611  -0.002054  0.989079  0.144559  0.028715  -0.145403  0.988922  0.029855  -0.024081  -0.033704  0.999142  0.000962  -0.004302  0.000297  0.055914  -0.087505  0.751425  2.000000  0.999937  0.004554  0.010287  -0.004563  0.999989  0.000811  -0.010283  -0.000858  0.999947  0.999808  0.019496  0.001989  -0.019498  0.999809  0.001100  -0.001968  -0.001138  0.999997  1.000000  0.000100  0.000223  -0.000100  1.000000  0.000014  -0.000223  -0.000014  1.000000  0.999937  0.004554  0.010287  -0.004563  0.999989  0.000811  -0.010283  -0.000858  0.999947  0.000188  0.019630  
28.373903 0.001277  0.091604  -0.002054  0.988956  0.145369  0.028872  -0.146217  0.988803  0.029812  -0.024215  -0.033704  0.999138  0.000917  -0.004762  0.000158  0.055220  -0.092899  0.778912  2.000000  0.999925  0.004948  0.011185  -0.004958  0.999987  0.000867  -0.011181  -0.000923  0.999937  0.999808  0.019486  0.002259  -0.019489  0.999809  0.001097  -0.002237  -0.001141  0.999997  1.000000  0.000097  0.000225  -0.000097  1.000000  0.000014  -0.000225  -0.000014  1.000000  0.999925  0.004948  0.011185  -0.004958  0.999987  0.000867  -0.011181  -0.000923  0.999937  0.000195  0.019650  
28.375152 0.001278  0.091596  -0.002054  0.988802  0.146379  0.029053  -0.147234  0.988650  0.029882  -0.024349  -0.033825  0.999131  0.000859  -0.005206  0.000069  0.058462  -0.098611  0.813665  2.000000  0.999909  0.005427  0.012315  -0.005439  0.999985  0.000933  -0.012309  -0.001000  0.999924  0.999807  0.019477  0.002529  -0.019480  0.999810  0.001094  -0.002507  -0.001143  0.999996  1.000000  0.000094  0.000227  -0.000094  1.000000  0.000014  -0.000227  -0.000014  1.000000  0.999909  0.005427  0.012315  -0.005439  0.999985  0.000933  -0.012309  -0.001000  0.999924  0.000204  0.019674  
28.376401 0.001277  0.091587  -0.002054  0.988677  0.147188  0.029210  -0.148048  0.988530  0.029839  -0.024483  -0.033825  0.999128  0.000791  -0.005518  0.000063  0.057277  -0.103140  0.834134  2.000000  0.999892  0.005889  0.013438  -0.005903  0.999982  0.000995  -0.013432  -0.001074  0.999909  0.999815  0.019061  0.002649  -0.019064  0.999818  0.000981  -0.002630  -0.001031  0.999996  1.000000  0.000091  0.000223  -0.000091  1.000000  0.000013  -0.000223  -0.000013  1.000000  0.999892  0.005889  0.013438  -0.005903  0.999982  0.000995  -0.013432  -0.001074  0.999909  0.000209  0.019272  
28.377404 0.001276  0.091580  -0.002053  0.988613  0.147591  0.029354  -0.148454  0.988470  0.029807  -0.024616  -0.033825  0.999125  0.000736  -0.005750  0.000108  0.053882  -0.103582  0.827124  2.000000  0.999882  0.006162  0.014106  -0.006177  0.999980  0.001029  -0.014099  -0.001116  0.999900  0.999815  0.019061  0.002649  -0.019064  0.999818  0.000978  -0.002630  -0.001029  0.999996  1.000000  0.000091  0.000223  -0.000091  1.000000  0.000013  -0.000223  -0.000013  1.000000  0.999882  0.006162  0.014106  -0.006177  0.999980  0.001029  -0.014099  -0.001116  0.999900  0.000211  0.019272  
28.378408 0.001276  0.091573  -0.002052  0.988514  0.148192  0.029637  -0.149064  0.988380  0.029749  -0.024884  -0.033825  0.999118  0.000722  -0.006009  0.000123  0.053711  -0.108068  0.826912  2.000000  0.999867  0.006514  0.014980  -0.006531  0.999978  0.001071  -0.014972  -0.001169  0.999887  0.999826  0.018444  0.002628  -0.018447  0.999829  0.000870  -0.002612  -0.000918  0.999996  1.000000  0.000087  0.000216  -0.000087  1.000000  0.000011  -0.000216  -0.000011  1.000000  0.999867  0.006514  0.014980  -0.006531  0.999978  0.001071  -0.014972  -0.001169  0.999887  0.000209  0.018653  
28.379652 0.001274  0.091564  -0.002050  0.988419  0.148798  0.029787  -0.149674  0.988289  0.029710  -0.025018  -0.033825  0.999115  0.000566  -0.006260  0.000160  0.048963  -0.107475  0.827119  2.000000  0.999847  0.006934  0.016032  -0.006953  0.999975  0.001120  -0.016024  -0.001231  0.999871  0.999838  0.017827  0.002608  -0.017829  0.999841  0.000881  -0.002592  -0.000927  0.999996  1.000000  0.000083  0.000209  -0.000083  1.000000  0.000011  -0.000209  -0.000011  1.000000  0.999847  0.006934  0.016032  -0.006953  0.999975  0.001120  -0.016024  -0.001231  0.999871  0.000211  0.018040  
28.380903 0.001272  0.091554  -0.002049  0.988292  0.149611  0.029926  -0.150487  0.988170  0.029546  -0.025151  -0.033704  0.999115  0.000327  -0.006550  0.000109  0.040711  -0.104317  0.847888  2.000000  0.999828  0.007339  0.017055  -0.007360  0.999972  0.001158  -0.017046  -0.001283  0.999854  0.999852  0.017005  0.002578  -0.017006  0.999855  0.000657  -0.002567  -0.000701  0.999996  1.000000  0.000078  0.000200  -0.000078  1.000000  0.000008  -0.000200  -0.000008  1.000000  0.999828  0.007339  0.017055  -0.007360  0.999972  0.001158  -0.017046  -0.001283  0.999854  0.000210  0.017213  
28.382153 0.001269  0.091544  -0.002048  0.988195  0.150217  0.030076  -0.151097  0.988078  0.029507  -0.025285  -0.033703  0.999112  -0.000027  -0.006782  0.000147  0.036645  -0.113389  0.847817  2.000000  0.999808  0.007712  0.018034  -0.007734  0.999969  0.001192  -0.018025  -0.001331  0.999837  0.999866  0.016177  0.002684  -0.016179  0.999869  0.000555  -0.002675  -0.000598  0.999996  1.000000  0.000072  0.000192  -0.000072  1.000000  0.000007  -0.000192  -0.000007  1.000000  0.999808  0.007712  0.018034  -0.007734  0.999969  0.001192  -0.018025  -0.001331  0.999837  0.000212  0.016410  
28.383403 0.001266  0.091534  -0.002048  0.988130  0.150619  0.030221  -0.151504  0.988017  0.029475  -0.025419  -0.033703  0.999109  -0.000413  -0.007032  0.000143  0.032622  -0.120949  0.826662  2.000000  0.999788  0.008055  0.018974  -0.008080  0.999967  0.001221  -0.018963  -0.001374  0.999819  0.999878  0.015350  0.002791  -0.015352  0.999882  0.000574  -0.002782  -0.000617  0.999996  1.000000  0.000066  0.000184  -0.000066  1.000000  0.000007  -0.000184  -0.000007  1.000000  0.999788  0.008055  0.018974  -0.008080  0.999967  0.001221  -0.018963  -0.001374  0.999819  0.000209  0.015614  
28.384410 0.001263  0.091527  -0.002049  0.988095  0.150818  0.030359  -0.151706  0.987987  0.029448  -0.025553  -0.033703  0.999105  -0.000676  -0.007115  0.000164  0.029471  -0.130036  0.805288  2.000000  0.999771  0.008311  0.019697  -0.008337  0.999964  0.001244  -0.019686  -0.001408  0.999805  0.999885  0.014939  0.002777  -0.014940  0.999888  0.000463  -0.002770  -0.000505  0.999996  1.000000  0.000063  0.000179  -0.000063  1.000000  0.000006  -0.000179  -0.000006  1.000000  0.999771  0.008311  0.019697  -0.008337  0.999964  0.001244  -0.019686  -0.001408  0.999805  0.000206  0.015203  
28.385649 0.001259  0.091518  -0.002048  0.988033  0.151225  0.030371  -0.152113  0.987925  0.029436  -0.025553  -0.033703  0.999105  -0.001012  -0.007180  0.000259  0.026015  -0.124711  0.777986  2.000000  0.999756  0.008549  0.020392  -0.008577  0.999962  0.001263  -0.020380  -0.001437  0.999791  0.999894  0.014322  0.002756  -0.014323  0.999897  0.000477  -0.002749  -0.000517  0.999996  1.000000  0.000060  0.000172  -0.000060  1.000000  0.000006  -0.000172  -0.000006  1.000000  0.999756  0.008549  0.020392  -0.008577  0.999962  0.001263  -0.020380  -0.001437  0.999791  0.000199  0.014594  
28.386900 0.001254  0.091509  -0.002048  0.987967  0.151627  0.030515  -0.152520  0.987863  0.029403  -0.025687  -0.033703  0.999102  -0.001405  -0.007246  0.000337  0.026199  -0.123022  0.751118  2.000000  0.999736  0.008827  0.021220  -0.008857  0.999960  0.001280  -0.021208  -0.001467  0.999774  0.999905  0.013499  0.002729  -0.013500  0.999909  0.000376  -0.002724  -0.000413  0.999996  1.000000  0.000055  0.000163  -0.000055  1.000000  0.000005  -0.000163  -0.000005  1.000000  0.999736  0.008827  0.021220  -0.008857  0.999960  0.001280  -0.021208  -0.001467  0.999774  0.000194  0.013778  
28.388150 0.001249  0.091499  -0.002050  0.987897  0.152029  0.030773  -0.152925  0.987805  0.029229  -0.025954  -0.033582  0.999099  -0.001883  -0.007358  0.000317  0.018628  -0.126556  0.723439  2.000000  0.999717  0.009079  0.021998  -0.009110  0.999958  0.001288  -0.021985  -0.001488  0.999757  0.999919  0.012471  0.002693  -0.012471  0.999922  0.000158  -0.002691  -0.000192  0.999996  1.000000  0.000049  0.000152  -0.000049  1.000000  0.000002  -0.000152  -0.000002  1.000000  0.999717  0.009079  0.021998  -0.009110  0.999958  0.001288  -0.021985  -0.001488  0.999757  0.000187  0.012760  
28.389421 0.001242  0.091488  -0.002052  0.987862  0.152228  0.030911  -0.153128  0.987775  0.029203  -0.026088  -0.033582  0.999095  -0.002421  -0.007535  0.000128  0.015570  -0.121697  0.687617  2.000000  0.999699  0.009296  0.022713  -0.009328  0.999956  0.001284  -0.022700  -0.001496  0.999741  0.999936  0.011031  0.002645  -0.011031  0.999939  -0.000049  -0.002645  0.000020  0.999997  1.000000  0.000040  0.000136  -0.000040  1.000000  -0.000000  -0.000136  0.000000  1.000000  0.999699  0.009296  0.022713  -0.009328  0.999956  0.001284  -0.022700  -0.001496  0.999741  0.000179  0.011344  
28.390649 0.001234  0.091477  -0.002056  0.987792  0.152629  0.031169  -0.153534  0.987717  0.029029  -0.026355  -0.033460  0.999092  -0.002845  -0.007693  -0.000155  0.011834  -0.129050  0.661965  2.000000  0.999685  0.009442  0.023242  -0.009474  0.999954  0.001276  -0.023229  -0.001496  0.999729  0.999942  0.010405  0.002891  -0.010405  0.999946  -0.000157  -0.002892  0.000127  0.999996  1.000000  0.000034  0.000131  -0.000034  1.000000  -0.000002  -0.000131  0.000002  1.000000  0.999685  0.009442  0.023242  -0.009474  0.999954  0.001276  -0.023229  -0.001496  0.999729  0.000172  0.010801  
28.391650 0.001229  0.091468  -0.002059  0.987757  0.152828  0.031307  -0.153737  0.987686  0.029002  -0.026489  -0.033460  0.999089  -0.003288  -0.007836  -0.000438  0.008421  -0.132572  0.634035  2.000000  0.999672  0.009570  0.023741  -0.009603  0.999953  0.001259  -0.023728  -0.001487  0.999717  0.999948  0.009788  0.002870  -0.009788  0.999952  -0.000263  -0.002873  0.000235  0.999996  1.000000  0.000030  0.000124  -0.000030  1.000000  -0.000003  -0.000124  0.000003  1.000000  0.999672  0.009570  0.023741  -0.009603  0.999953  0.001259  -0.023728  -0.001487  0.999717  0.000165  0.010204  
28.392651 0.001222  0.091460  -0.002062  0.987722  0.153031  0.031426  -0.153939  0.987659  0.028855  -0.026623  -0.033339  0.999089  -0.003618  -0.007896  -0.000623  0.005233  -0.137006  0.604674  2.000000  0.999663  0.009656  0.024104  -0.009689  0.999952  0.001245  -0.024091  -0.001478  0.999709  0.999952  0.009377  0.002856  -0.009376  0.999956  -0.000375  -0.002860  0.000348  0.999996  1.000000  0.000028  0.000119  -0.000028  1.000000  -0.000005  -0.000119  0.000005  1.000000  0.999663  0.009656  0.024104  -0.009689  0.999952  0.001245  -0.024091  -0.001478  0.999709  0.000159  0.009809  
28.393899 0.001214  0.091450  -0.002066  0.987686  0.153230  0.031564  -0.154142  0.987628  0.028828  -0.026757  -0.033339  0.999086  -0.004096  -0.007945  -0.001009  0.001619  -0.139659  0.578827  2.000000  0.999647  0.009788  0.024687  -0.009821  0.999951  0.001208  -0.024674  -0.001450  0.999695  0.999958  0.008760  0.002835  -0.008758  0.999961  -0.000601  -0.002840  0.000576  0.999996  1.000000  0.000024  0.000113  -0.000024  1.000000  -0.000007  -0.000113  0.000007  1.000000  0.999647  0.009788  0.024687  -0.009821  0.999951  0.001208  -0.024674  -0.001450  0.999695  0.000150  0.009226  
28.394905 0.001208  0.091443  -0.002070  0.987655  0.153437  0.031552  -0.154345  0.987600  0.028702  -0.026757  -0.033217  0.999090  -0.004462  -0.007949  -0.001342  -0.005695  -0.135165  0.549154  2.000000  0.999636  0.009876  0.025120  -0.009909  0.999950  0.001172  -0.025108  -0.001420  0.999684  0.999963  0.008143  0.002813  -0.008141  0.999967  -0.000707  -0.002819  0.000684  0.999996  1.000000  0.000020  0.000106  -0.000020  1.000000  -0.000009  -0.000106  0.000009  1.000000  0.999636  0.009876  0.025120  -0.009909  0.999950  0.001172  -0.025108  -0.001420  0.999684  0.000143  0.008644  
28.396157 0.001199  0.091433  -0.002075  0.987619  0.153640  0.031671  -0.154548  0.987573  0.028555  -0.026890  -0.033096  0.999090  -0.004851  -0.007969  -0.001758  -0.012877  -0.133788  0.507663  2.000000  0.999622  0.009962  0.025617  -0.009994  0.999949  0.001120  -0.025604  -0.001375  0.999671  0.999969  0.007321  0.002786  -0.007318  0.999973  -0.000807  -0.002792  0.000786  0.999996  1.000000  0.000016  0.000097  -0.000016  1.000000  -0.000010  -0.000097  0.000010  1.000000  0.999622  0.009962  0.025617  -0.009994  0.999949  0.001120  -0.025604  -0.001375  0.999671  0.000135  0.007873  
28.397403 0.001190  0.091424  -0.002079  0.987584  0.153839  0.031809  -0.154751  0.987542  0.028528  -0.027024  -0.033096  0.999087  -0.005218  -0.007893  -0.002077  -0.012148  -0.131808  0.476166  2.000000  0.999610  0.010027  0.026072  -0.010058  0.999949  0.001058  -0.026060  -0.001320  0.999660  0.999975  0.006498  0.002758  -0.006496  0.999978  -0.000906  -0.002764  0.000888  0.999996  1.000000  0.000011  0.000088  -0.000011  1.000000  -0.000011  -0.000088  0.000011  1.000000  0.999610  0.010027  0.026072  -0.010058  0.999949  0.001058  -0.026060  -0.001320  0.999660  0.000124  0.007116  
28.398650 0.001182  0.091416  -0.002084  0.987545  0.154037  0.032060  -0.154953  0.987515  0.028360  -0.027292  -0.032975  0.999084  -0.005535  -0.007817  -0.002398  -0.019293  -0.134984  0.435135  2.000000  0.999598  0.010078  0.026491  -0.010108  0.999948  0.000992  -0.026480  -0.001260  0.999649  0.999979  0.005886  0.002603  -0.005883  0.999982  -0.001012  -0.002609  0.000996  0.999996  1.000000  0.000009  0.000080  -0.000009  1.000000  -0.000013  -0.000080  0.000013  1.000000  0.999598  0.010078  0.026491  -0.010108  0.999948  0.000992  -0.026480  -0.001260  0.999649  0.000113  0.006514  
28.399650 0.001175  0.091409  -0.002088  0.987541  0.154037  0.032174  -0.154953  0.987519  0.028219  -0.027425  -0.032853  0.999084  -0.005851  -0.007773  -0.002658  -0.026546  -0.133756  0.400550  2.000000  0.999589  0.010110  0.026810  -0.010138  0.999948  0.000934  -0.026799  -0.001206  0.999640  0.999980  0.005676  0.002730  -0.005673  0.999983  -0.001129  -0.002736  0.001113  0.999996  1.000000  0.000006  0.000079  -0.000006  1.000000  -0.000014  -0.000079  0.000014  1.000000  0.999589  0.010110  0.026810  -0.010138  0.999948  0.000934  -0.026799  -0.001206  0.999640  0.000107  0.006397  
28.400924 0.001168  0.091402  -0.002091  0.987506  0.154240  0.032293  -0.155155  0.987491  0.028072  -0.027559  -0.032732  0.999084  -0.006050  -0.007607  -0.002903  -0.034056  -0.133609  0.368997  2.000000  0.999581  0.010132  0.027110  -0.010159  0.999948  0.000871  -0.027100  -0.001146  0.999632  0.999982  0.005265  0.002716  -0.005261  0.999985  -0.001240  -0.002722  0.001225  0.999996  1.000000  0.000003  0.000074  -0.000003  1.000000  -0.000015  -0.000074  0.000015  1.000000  0.999581  0.010132  0.027110  -0.010159  0.999948  0.000871  -0.027100  -0.001146  0.999632  0.000100  0.006051  
28.402154 0.001160  0.091395  -0.002095  0.987502  0.154239  0.032406  -0.155155  0.987495  0.027932  -0.027693  -0.032611  0.999084  -0.006275  -0.007434  -0.003124  -0.041584  -0.132847  0.341759  2.000000  0.999579  0.010136  0.027181  -0.010163  0.999948  0.000857  -0.027171  -0.001132  0.999630  0.999986  0.004648  0.002695  -0.004645  0.999988  -0.001223  -0.002701  0.001211  0.999996  1.000000  0.000000  0.000000  0.000000  1.000000  0.000000  0.000000  0.000000  1.000000  0.999579  0.010136  0.027181  -0.010163  0.999948  0.000857  -0.027171  -0.001132  0.999630  0.000095  0.000000  
28.403401 0.001152  0.091388  -0.002100  0.987498  0.154239  0.032520  -0.155154  0.987499  0.027791  -0.027827  -0.032489  0.999085  -0.006407  -0.007177  -0.003373  -0.048665  -0.130851  0.311526  2.000000  0.999579  0.010136  0.027181  -0.010163  0.999948  0.000857  -0.027171  -0.001132  0.999630  0.999989  0.004036  0.002541  -0.004032  0.999991  -0.001327  -0.002546  0.001317  0.999996  1.000000  0.000000  0.000000  0.000000  1.000000  0.000000  0.000000  0.000000  1.000000  0.999579  0.010136  0.027181  -0.010163  0.999948  0.000857  -0.027171  -0.001132  0.999630  0.000087  0.000000  
28.404649 0.001143  0.091381  -0.002106  0.987466  0.154450  0.032488  -0.155358  0.987474  0.027545  -0.027827  -0.032247  0.999092  -0.006457  -0.006936  -0.003553  -0.060081  -0.125417  0.284133  2.000000  0.999579  0.010136  0.027181  -0.010163  0.999948  0.000857  -0.027171  -0.001132  0.999630  0.999989  0.003830  0.002534  -0.003827  0.999992  -0.001443  -0.002539  0.001434  0.999996  1.000000  0.000000  0.000000  0.000000  1.000000  0.000000  0.000000  0.000000  1.000000  0.999579  0.010136  0.027181  -0.010163  0.999948  0.000857  -0.027171  -0.001132  0.999630  0.000080  0.000000  
28.405897 0.001136  0.091374  -0.002114  0.987463  0.154450  0.032601  -0.155357  0.987478  0.027404  -0.027960  -0.032126  0.999093  -0.006449  -0.006713  -0.003771  -0.063446  -0.124501  0.256728  2.000000  0.999579  0.010136  0.027181  -0.010163  0.999948  0.000857  -0.027171  -0.001132  0.999630  0.999991  0.003419  0.002519  -0.003415  0.999993  -0.001675  -0.002525  0.001666  0.999995  1.000000  0.000000  0.000000  0.000000  1.000000  0.000000  0.000000  0.000000  1.000000  0.999579  0.010136  0.027181  -0.010163  0.999948  0.000857  -0.027171  -0.001132  0.999630  0.000074  0.000000  
28.406900 0.001130  0.091368  -0.002119  0.987459  0.154449  0.032714  -0.155356  0.987482  0.027264  -0.028094  -0.032004  0.999093  -0.006413  -0.006504  -0.003957  -0.066980  -0.123804  0.236157  2.000000  0.999579  0.010136  0.027181  -0.010163  0.999948  0.000857  -0.027171  -0.001132  0.999630  0.999991  0.003209  0.002647  -0.003205  0.999993  -0.001669  -0.002652  0.001661  0.999995  1.000000  0.000000  0.000000  0.000000  1.000000  0.000000  0.000000  0.000000  1.000000  0.999579  0.010136  0.027181  -0.010163  0.999948  0.000857  -0.027171  -0.001132  0.999630  0.000069  0.000000  
28.408151 0.001124  0.091362  -0.002126  0.987419  0.154648  0.032965  -0.155558  0.987455  0.027096  -0.028362  -0.031883  0.999089  -0.006334  -0.006268  -0.004204  -0.070709  -0.127800  0.222310  2.000000  0.999579  0.010136  0.027181  -0.010163  0.999948  0.000857  -0.027171  -0.001132  0.999630  0.999993  0.002799  0.002633  -0.002794  0.999994  -0.001901  -0.002638  0.001894  0.999995  1.000000  0.000000  0.000000  0.000000  1.000000  0.000000  0.000000  0.000000  1.000000  0.999579  0.010136  0.027181  -0.010163  0.999948  0.000857  -0.027171  -0.001132  0.999630  0.000067  0.000000  
28.409397 0.001119  0.091356  -0.002133  0.987416  0.154648  0.033079  -0.155558  0.987459  0.026955  -0.028495  -0.031762  0.999089  -0.006143  -0.006026  -0.004309  -0.074074  -0.122446  0.195064  2.000000  0.999579  0.010136  0.027181  -0.010163  0.999948  0.000857  -0.027171  -0.001132  0.999630  0.999993  0.002593  0.002626  -0.002588  0.999995  -0.001896  -0.002631  0.001889  0.999995  1.000000  0.000000  0.000000  0.000000  1.000000  0.000000  0.000000  0.000000  1.000000  0.999579  0.010136  0.027181  -0.010163  0.999948  0.000857  -0.027171  -0.001132  0.999630  0.000062  0.000000  
28.410403 0.001115  0.091351  -0.002138  0.987412  0.154644  0.033211  -0.155557  0.987460  0.026934  -0.028629  -0.031761  0.999085  -0.005966  -0.005849  -0.004458  -0.069493  -0.121743  0.174474  2.000000  0.999579  0.010136  0.027181  -0.010163  0.999948  0.000857  -0.027171  -0.001132  0.999630  0.999994  0.002388  0.002619  -0.002383  0.999995  -0.001890  -0.002624  0.001884  0.999995  1.000000  0.000000  0.000000  0.000000  1.000000  0.000000  0.000000  0.000000  1.000000  0.999579  0.010136  0.027181  -0.010163  0.999948  0.000857  -0.027171  -0.001132  0.999630  0.000057  0.000000  
28.411404 0.001111  0.091347  -0.002144  0.987408  0.154644  0.033324  -0.155557  0.987464  0.026794  -0.028763  -0.031640  0.999085  -0.005696  -0.005560  -0.004527  0.000000  0.000000  0.000000  2.000000  0.999579  0.010136  0.027181  -0.010163  0.999948  0.000857  -0.027171  -0.001132  0.999630  0.999995  0.001981  0.002472  -0.001976  0.999996  -0.001879  -0.002476  0.001874  0.999995  1.000000  0.000000  0.000000  0.000000  1.000000  0.000000  0.000000  0.000000  1.000000  0.999579  0.010136  0.027181  -0.010163  0.999948  0.000857  -0.027171  -0.001132  0.999630  0.000000  0.000000  
28.412653 0.001107  0.091343  -0.002151  0.987404  0.154644  0.033437  -0.155556  0.987467  0.026653  -0.028896  -0.031519  0.999085  -0.005380  -0.005265  -0.004679  0.000000  0.000000  0.000000  2.000000  0.999579  0.010136  0.027181  -0.010163  0.999948  0.000857  -0.027171  -0.001132  0.999630  0.999995  0.001775  0.002466  -0.001770  0.999996  -0.001994  -0.002469  0.001990  0.999995  1.000000  0.000000  0.000000  0.000000  1.000000  0.000000  0.000000  0.000000  1.000000  0.999579  0.010136  0.027181  -0.010163  0.999948  0.000857  -0.027171  -0.001132  0.999630  0.000000  0.000000  
28.413902 0.001103  0.091338  -0.002158  0.987400  0.154639  0.033569  -0.155555  0.987468  0.026632  -0.029030  -0.031519  0.999081  -0.005118  -0.005065  -0.004829  0.000000  0.000000  0.000000  2.000000  0.999579  0.010136  0.027181  -0.010163  0.999948  0.000857  -0.027171  -0.001132  0.999630  0.999996  0.001364  0.002453  -0.001359  0.999997  -0.001861  -0.002455  0.001858  0.999995  1.000000  0.000000  0.000000  0.000000  1.000000  0.000000  0.000000  0.000000  1.000000  0.999579  0.010136  0.027181  -0.010163  0.999948  0.000857  -0.027171  -0.001132  0.999630  0.000000  0.000000  
28.415152 0.001100  0.091334  -0.002163  0.987397  0.154639  0.033683  -0.155555  0.987472  0.026492  -0.029164  -0.031397  0.999081  -0.004834  -0.004857  -0.004989  0.000000  0.000000  0.000000  2.000000  0.999579  0.010136  0.027181  -0.010163  0.999948  0.000857  -0.027171  -0.001132  0.999630  0.999996  0.001159  0.002446  -0.001154  0.999998  -0.001855  -0.002448  0.001853  0.999995  1.000000  0.000000  0.000000  0.000000  1.000000  0.000000  0.000000  0.000000  1.000000  0.999579  0.010136  0.027181  -0.010163  0.999948  0.000857  -0.027171  -0.001132  0.999630  0.000000  0.000000  
28.416153 0.001097  0.091331  -0.002168  0.987393  0.154635  0.033815  -0.155554  0.987473  0.026471  -0.029298  -0.031397  0.999078  -0.004554  -0.004675  -0.005135  0.000000  0.000000  0.000000  2.000000  0.999579  0.010136  0.027181  -0.010163  0.999948  0.000857  -0.027171  -0.001132  0.999630  0.999996  0.001159  0.002446  -0.001154  0.999998  -0.001856  -0.002448  0.001853  0.999995  1.000000  0.000000  0.000000  0.000000  1.000000  0.000000  0.000000  0.000000  1.000000  0.999579  0.010136  0.027181  -0.010163  0.999948  0.000857  -0.027171  -0.001132  0.999630  0.000000  0.000000  
28.417403 0.001095  0.091327  -0.002174  0.987389  0.154631  0.033947  -0.155554  0.987473  0.026450  -0.029431  -0.031397  0.999074  -0.004225  -0.004470  -0.005211  0.000000  0.000000  0.000000  2.000000  0.999579  0.010136  0.027181  -0.010163  0.999948  0.000857  -0.027171  -0.001132  0.999630  0.999996  0.000949  0.002573  -0.000944  0.999998  -0.001728  -0.002575  0.001726  0.999995  1.000000  0.000000  0.000000  0.000000  1.000000  0.000000  0.000000  0.000000  1.000000  0.999579  0.010136  0.027181  -0.010163  0.999948  0.000857  -0.027171  -0.001132  0.999630  0.000000  0.000000  
28.418407 0.001093  0.091325  -0.002178  0.987385  0.154631  0.034060  -0.155553  0.987477  0.026310  -0.029565  -0.031276  0.999073  -0.003880  -0.004217  -0.005196  0.000000  0.000000  0.000000  2.000000  0.999579  0.010136  0.027181  -0.010163  0.999948  0.000857  -0.027171  -0.001132  0.999630  0.999996  0.000743  0.002567  -0.000739  0.999998  -0.001844  -0.002568  0.001842  0.999995  1.000000  0.000000  0.000000  0.000000  1.000000  0.000000  0.000000  0.000000  1.000000  0.999579  0.010136  0.027181  -0.010163  0.999948  0.000857  -0.027171  -0.001132  0.999630  0.000000  0.000000  
28.419457 0.001091  0.091323  -0.002181  0.987381  0.154627  0.034192  -0.155552  0.987478  0.026289  -0.029699  -0.031276  0.999069  -0.003550  -0.003943  -0.005014  0.000000  0.000000  0.000000  2.000000  0.999579  0.010136  0.027181  -0.010163  0.999948  0.000857  -0.027171  -0.001132  0.999630  0.999996  0.000743  0.002567  -0.000739  0.999998  -0.001723  -0.002568  0.001721  0.999995  1.000000  0.000000  0.000000  0.000000  1.000000  0.000000  0.000000  0.000000  1.000000  0.999579  0.010136  0.027181  -0.010163  0.999948  0.000857  -0.027171  -0.001132  0.999630  0.000000  0.000000  
28.420647 0.001089  0.091320  -0.002185  0.987377  0.154627  0.034305  -0.155552  0.987482  0.026148  -0.029833  -0.031154  0.999069  -0.003205  -0.003619  -0.004807  0.000000  0.000000  0.000000  2.000000  0.999579  0.010136  0.027181  -0.010163  0.999948  0.000857  -0.027171  -0.001132  0.999630  0.999997  0.000542  0.002426  -0.000538  0.999998  -0.001716  -0.002427  0.001715  0.999996  1.000000  0.000000  0.000000  0.000000  1.000000  0.000000  0.000000  0.000000  1.000000  0.999579  0.010136  0.027181  -0.010163  0.999948  0.000857  -0.027171  -0.001132  0.999630  0.000000  0.000000  
