1-Time 2-Px 3-Py 4-Pz 5-R11 6-R21 7-R31 8-R12 9-R22 10-R32 11-R13 12-R23 13-R33 14-Vx 15-Vy 16-Vz 17-Wx 18-Wy 19-Wz 20-state 21-PR11 22-PR21 23-PR31 24-PR12 25-PR22 26-PR32 27-PR13 28-PR23 29-PR33 
56.953908 0.000250  0.090532  -0.001707  0.996457  0.084104  0.000313  -0.084102  0.996389  0.011659  0.000669  -0.011644  0.999932  -0.000024  0.000083  0.000094  0.000000  0.000000  0.000000  2.000000  1.000000  0.000000  0.000000  0.000000  1.000000  0.000000  0.000000  0.000000  1.000000  1.000000  -0.000206  -0.000002  0.000206  1.000000  -0.000000  0.000002  0.000000  1.000000  1.000000  0.000000  0.000000  0.000000  1.000000  0.000000  0.000000  0.000000  1.000000  0.680423  0.618537  -0.392984  -0.635898  0.764885  0.102881  0.364223  0.179895  0.913772  0.000000  0.000000  
56.954912 0.000250  0.090531  -0.001707  0.996457  0.084104  0.000313  -0.084102  0.996389  0.011659  0.000669  -0.011644  0.999932  -0.000047  0.000034  0.000085  0.000000  0.000000  0.000000  2.000000  1.000000  0.000000  0.000000  0.000000  1.000000  0.000000  0.000000  0.000000  1.000000  1.000000  -0.000206  -0.000002  0.000206  1.000000  -0.000000  0.000002  0.000000  1.000000  1.000000  0.000000  0.000000  0.000000  1.000000  0.000000  0.000000  0.000000  1.000000  1.000000  0.000000  0.000000  0.000000  1.000000  0.000000  0.000000  0.000000  1.000000  0.000000  0.000000  
56.956166 0.000249  0.090529  -0.001708  0.996422  0.084514  0.000318  -0.084512  0.996354  0.011659  0.000669  -0.011644  0.999932  -0.000078  -0.000123  -0.000038  0.000000  0.000000  0.000000  2.000000  1.000000  0.000000  0.000000  0.000000  1.000000  0.000000  0.000000  0.000000  1.000000  1.000000  0.000206  0.000002  -0.000206  1.000000  0.000000  -0.000002  -0.000000  1.000000  1.000000  0.000000  0.000000  0.000000  1.000000  0.000000  0.000000  0.000000  1.000000  1.000000  0.000000  0.000000  0.000000  1.000000  0.000000  0.000000  0.000000  1.000000  0.000000  0.000000  
56.957414 0.000247  0.090526  -0.001709  0.996370  0.085128  0.000458  -0.085127  0.996302  0.011648  0.000535  -0.011644  0.999932  -0.000188  -0.000342  -0.000123  0.000000  0.000000  0.000000  2.000000  1.000000  0.000000  0.000000  0.000000  1.000000  0.000000  0.000000  0.000000  1.000000  1.000000  0.000822  0.000143  -0.000822  1.000000  0.000000  -0.000143  -0.000001  1.000000  1.000000  0.000000  0.000000  0.000000  1.000000  0.000000  0.000000  0.000000  1.000000  1.000000  0.000000  0.000000  0.000000  1.000000  0.000000  0.000000  0.000000  1.000000  0.000000  0.000000  
56.958419 0.000247  0.090523  -0.001711  0.996352  0.085333  0.000471  -0.085333  0.996283  0.011768  0.000535  -0.011766  0.999931  -0.000225  -0.000514  -0.000202  0.000000  0.000000  0.000000  2.000000  1.000000  0.000000  0.000000  0.000000  1.000000  0.000000  0.000000  0.000000  1.000000  0.999999  0.001234  0.000148  -0.001234  0.999999  0.000122  -0.000148  -0.000122  1.000000  1.000000  0.000000  0.000000  0.000000  1.000000  0.000000  0.000000  0.000000  1.000000  1.000000  0.000000  0.000000  0.000000  1.000000  0.000000  0.000000  0.000000  1.000000  0.000000  0.000000  
56.959664 0.000246  0.090520  -0.001712  0.996317  0.085743  0.000476  -0.085743  0.996248  0.011768  0.000535  -0.011766  0.999931  -0.000269  -0.000773  -0.000316  0.000000  0.000000  0.000000  2.000000  1.000000  0.000000  0.000000  0.000000  1.000000  0.000000  0.000000  0.000000  1.000000  0.999999  0.001439  0.000151  -0.001439  0.999999  0.000122  -0.000151  -0.000122  1.000000  1.000000  0.000000  0.000000  0.000000  1.000000  0.000000  0.000000  0.000000  1.000000  1.000000  0.000000  0.000000  0.000000  1.000000  0.000000  0.000000  0.000000  1.000000  0.000000  0.000000  
56.960665 0.000246  0.090517  -0.001713  0.996299  0.085948  0.000478  -0.085948  0.996230  0.011768  0.000535  -0.011766  0.999931  -0.000277  -0.000922  -0.000376  0.000000  0.000000  0.000000  2.000000  1.000000  0.000000  0.000000  0.000000  1.000000  0.000000  0.000000  0.000000  1.000000  0.999998  0.001851  0.000156  -0.001851  0.999998  0.000122  -0.000155  -0.000123  1.000000  1.000000  0.000000  0.000000  0.000000  1.000000  0.000000  0.000000  0.000000  1.000000  1.000000  0.000000  0.000000  0.000000  1.000000  0.000000  0.000000  0.000000  1.000000  0.000000  0.000000  
56.961916 0.000245  0.090515  -0.001714  0.996246  0.086565  0.000363  -0.086563  0.996175  0.011900  0.000669  -0.011887  0.999929  -0.000358  -0.001120  -0.000444  0.000000  0.000000  0.000000  2.000000  1.000000  0.000000  0.000000  0.000000  1.000000  0.000000  0.000000  0.000000  1.000000  0.999997  0.002264  0.000027  -0.002264  0.999997  0.000244  -0.000026  -0.000244  1.000000  1.000000  0.000000  0.000000  0.000000  1.000000  0.000000  0.000000  0.000000  1.000000  1.000000  0.000000  0.000000  0.000000  1.000000  0.000000  0.000000  0.000000  1.000000  0.000000  0.000000  
56.963159 0.000245  0.090512  -0.001715  0.996174  0.087387  0.000239  -0.087384  0.996104  0.011912  0.000803  -0.011887  0.999929  -0.000366  -0.001271  -0.000505  0.000000  0.000000  0.000000  2.000000  1.000000  0.000000  0.000000  0.000000  1.000000  0.000000  0.000000  0.000000  1.000000  0.999995  0.003089  -0.000097  -0.003089  0.999995  0.000245  0.000098  -0.000245  1.000000  1.000000  0.000000  0.000000  0.000000  1.000000  0.000000  0.000000  0.000000  1.000000  1.000000  0.000000  0.000000  0.000000  1.000000  0.000000  0.000000  0.000000  1.000000  0.000000  0.000000  
56.964163 0.000244  0.090510  -0.001717  0.996138  0.087797  0.000244  -0.087794  0.996067  0.011911  0.000803  -0.011887  0.999929  -0.000396  -0.001427  -0.000628  0.000000  0.000000  0.000000  2.000000  1.000000  0.000000  0.000000  0.000000  1.000000  0.000000  0.000000  0.000000  1.000000  0.999993  0.003707  -0.000090  -0.003707  0.999993  0.000245  0.000091  -0.000245  1.000000  1.000000  0.000000  0.000000  0.000000  1.000000  0.000000  0.000000  0.000000  1.000000  1.000000  0.000000  0.000000  0.000000  1.000000  0.000000  0.000000  0.000000  1.000000  0.000000  0.000000  
56.965412 0.000244  0.090508  -0.001719  0.996066  0.088617  0.000254  -0.088614  0.995995  0.011911  0.000803  -0.011887  0.999929  -0.000400  -0.001592  -0.000814  0.000000  0.000000  0.000000  2.000000  1.000000  0.000000  0.000000  0.000000  1.000000  0.000000  0.000000  0.000000  1.000000  0.999991  0.004325  -0.000082  -0.004325  0.999991  0.000246  0.000083  -0.000246  1.000000  1.000000  0.000000  0.000000  0.000000  1.000000  0.000000  0.000000  0.000000  1.000000  1.000000  0.000000  0.000000  0.000000  1.000000  0.000000  0.000000  0.000000  1.000000  0.000000  0.000000  
56.966414 0.000244  0.090506  -0.001721  0.996011  0.089232  0.000261  -0.089229  0.995940  0.011911  0.000803  -0.011887  0.999929  -0.000393  -0.001704  -0.000959  0.000000  0.000000  0.000000  2.000000  1.000000  0.000000  0.000000  0.000000  1.000000  0.000000  0.000000  0.000000  1.000000  0.999988  0.004942  -0.000075  -0.004942  0.999988  0.000246  0.000076  -0.000246  1.000000  1.000000  0.000000  0.000000  0.000000  1.000000  0.000000  0.000000  0.000000  1.000000  1.000000  0.000000  0.000000  0.000000  1.000000  0.000000  0.000000  0.000000  1.000000  0.000000  0.000000  
56.967661 0.000244  0.090504  -0.001723  0.995937  0.090053  0.000271  -0.090049  0.995866  0.011911  0.000803  -0.011887  0.999929  -0.000380  -0.001839  -0.001094  0.008294  0.002217  0.193731  2.000000  1.000000  0.000176  0.000297  -0.000176  1.000000  0.000015  -0.000297  -0.000015  1.000000  0.999983  0.005766  -0.000065  -0.005766  0.999983  0.000247  0.000067  -0.000247  1.000000  1.000000  0.000037  0.000062  -0.000037  1.000000  0.000003  -0.000062  -0.000003  1.000000  1.000000  0.000176  0.000297  -0.000176  1.000000  0.000015  -0.000297  -0.000015  1.000000  0.000047  0.005771  
56.968661 0.000244  0.090502  -0.001724  0.995862  0.090873  0.000281  -0.090869  0.995792  0.011911  0.000803  -0.011887  0.999929  -0.000388  -0.001936  -0.001147  0.008320  0.001810  0.228331  2.000000  1.000000  0.000336  0.000567  -0.000336  1.000000  0.000028  -0.000567  -0.000028  1.000000  0.999978  0.006589  -0.000055  -0.006589  0.999978  0.000248  0.000057  -0.000247  1.000000  1.000000  0.000042  0.000071  -0.000042  1.000000  0.000003  -0.000071  -0.000003  1.000000  1.000000  0.000336  0.000567  -0.000336  1.000000  0.000028  -0.000567  -0.000028  1.000000  0.000055  0.006594  
56.969913 0.000243  0.090498  -0.001727  0.995787  0.091693  0.000291  -0.091690  0.995716  0.011910  0.000803  -0.011887  0.999929  -0.000476  -0.002256  -0.001390  0.008340  0.001484  0.255987  2.000000  0.999999  0.000516  0.000873  -0.000516  1.000000  0.000040  -0.000873  -0.000040  1.000000  0.999973  0.007412  -0.000046  -0.007412  0.999972  0.000248  0.000048  -0.000248  1.000000  1.000000  0.000047  0.000080  -0.000047  1.000000  0.000003  -0.000080  -0.000003  1.000000  0.999999  0.000516  0.000873  -0.000516  1.000000  0.000040  -0.000873  -0.000040  1.000000  0.000062  0.007417  
56.971166 0.000242  0.090493  -0.001730  0.995711  0.092512  0.000300  -0.092509  0.995641  0.011910  0.000803  -0.011887  0.999929  -0.000470  -0.002409  -0.001483  0.008360  0.001159  0.283653  2.000000  0.999999  0.000765  0.001300  -0.000765  1.000000  0.000055  -0.001300  -0.000056  0.999999  0.999966  0.008236  -0.000036  -0.008236  0.999966  0.000249  0.000038  -0.000248  1.000000  1.000000  0.000052  0.000089  -0.000052  1.000000  0.000003  -0.000089  -0.000003  1.000000  0.999999  0.000765  0.001300  -0.000765  1.000000  0.000055  -0.001300  -0.000056  0.999999  0.000069  0.008240  
56.972413 0.000241  0.090488  -0.001733  0.995635  0.093334  0.000177  -0.093329  0.995564  0.011922  0.000937  -0.011887  0.999929  -0.000443  -0.002524  -0.001581  0.008349  0.005296  0.309452  2.000000  0.999998  0.001044  0.001769  -0.001044  0.999999  0.000070  -0.001769  -0.000072  0.999998  0.999959  0.009061  -0.000160  -0.009061  0.999959  0.000251  0.000162  -0.000249  1.000000  1.000000  0.000058  0.000097  -0.000058  1.000000  0.000003  -0.000097  -0.000003  1.000000  0.999998  0.001044  0.001769  -0.001044  0.999999  0.000070  -0.001769  -0.000072  0.999998  0.000076  0.009066  
56.973417 0.000240  0.090483  -0.001735  0.995577  0.093949  0.000184  -0.093944  0.995506  0.011922  0.000937  -0.011887  0.999929  -0.000433  -0.002642  -0.001590  0.008352  0.005045  0.329532  2.000000  0.999997  0.001286  0.002173  -0.001286  0.999999  0.000082  -0.002173  -0.000085  0.999998  0.999953  0.009678  -0.000153  -0.009678  0.999953  0.000251  0.000155  -0.000250  1.000000  1.000000  0.000062  0.000104  -0.000062  1.000000  0.000003  -0.000104  -0.000003  1.000000  0.999997  0.001286  0.002173  -0.001286  0.999999  0.000082  -0.002173  -0.000085  0.999998  0.000081  0.009683  
56.974660 0.000241  0.090478  -0.001736  0.995499  0.094767  0.000327  -0.094764  0.995429  0.011909  0.000803  -0.011887  0.999929  -0.000374  -0.002802  -0.001549  0.008417  0.000263  0.359775  2.000000  0.999995  0.001605  0.002720  -0.001605  0.999999  0.000097  -0.002720  -0.000102  0.999996  0.999945  0.010500  -0.000009  -0.010500  0.999945  0.000250  0.000012  -0.000250  1.000000  1.000000  0.000066  0.000114  -0.000066  1.000000  0.000003  -0.000114  -0.000003  1.000000  0.999995  0.001605  0.002720  -0.001605  0.999999  0.000097  -0.002720  -0.000102  0.999996  0.000088  0.010503  
56.975661 0.000241  0.090472  -0.001738  0.995441  0.095382  0.000335  -0.095379  0.995370  0.011909  0.000803  -0.011887  0.999929  -0.000321  -0.003027  -0.001672  0.008432  0.000019  0.380521  2.000000  0.999993  0.001878  0.003193  -0.001878  0.999998  0.000109  -0.003192  -0.000115  0.999995  0.999938  0.011118  -0.000002  -0.011118  0.999938  0.000251  0.000004  -0.000251  1.000000  1.000000  0.000070  0.000120  -0.000070  1.000000  0.000003  -0.000120  -0.000003  1.000000  0.999993  0.001878  0.003193  -0.001878  0.999998  0.000109  -0.003192  -0.000115  0.999995  0.000094  0.011121  
56.976669 0.000242  0.090467  -0.001740  0.995382  0.095996  0.000342  -0.095994  0.995311  0.011909  0.000803  -0.011887  0.999929  -0.000188  -0.003206  -0.001776  0.008447  -0.000225  0.401268  2.000000  0.999991  0.002160  0.003681  -0.002160  0.999998  0.000121  -0.003680  -0.000128  0.999993  0.999936  0.011323  0.000001  -0.011323  0.999936  0.000251  0.000002  -0.000251  1.000000  1.000000  0.000071  0.000123  -0.000071  1.000000  0.000003  -0.000123  -0.000003  1.000000  0.999991  0.002160  0.003681  -0.002160  0.999998  0.000121  -0.003680  -0.000128  0.999993  0.000099  0.011326  
56.977934 0.000243  0.090461  -0.001744  0.995302  0.096816  0.000352  -0.096813  0.995231  0.011909  0.000803  -0.011887  0.999929  -0.000131  -0.003486  -0.001970  0.008462  -0.000550  0.428663  2.000000  0.999988  0.002449  0.004176  -0.002450  0.999997  0.000132  -0.004176  -0.000142  0.999991  0.999934  0.011531  -0.000130  -0.011531  0.999933  0.000251  0.000133  -0.000250  1.000000  1.000000  0.000073  0.000124  -0.000073  1.000000  0.000003  -0.000124  -0.000003  1.000000  0.999988  0.002449  0.004176  -0.002450  0.999997  0.000132  -0.004176  -0.000142  0.999991  0.000106  0.011535  
56.979161 0.000243  0.090454  -0.001748  0.995242  0.097431  0.000359  -0.097428  0.995171  0.011908  0.000803  -0.011887  0.999929  -0.000050  -0.003708  -0.002074  0.008484  -0.000795  0.449753  2.000000  0.999985  0.002752  0.004688  -0.002753  0.999996  0.000142  -0.004687  -0.000154  0.999989  0.999929  0.011943  -0.000126  -0.011943  0.999929  0.000130  0.000127  -0.000129  1.000000  1.000000  0.000076  0.000128  -0.000076  1.000000  0.000002  -0.000128  -0.000002  1.000000  0.999985  0.002752  0.004688  -0.002753  0.999996  0.000142  -0.004687  -0.000154  0.999989  0.000111  0.011944  
56.980161 0.000244  0.090449  -0.001751  0.995202  0.097840  0.000364  -0.097838  0.995131  0.011908  0.000803  -0.011887  0.999929  0.000020  -0.003904  -0.002146  0.008493  -0.000958  0.463531  2.000000  0.999982  0.003062  0.005213  -0.003063  0.999995  0.000147  -0.005213  -0.000162  0.999986  0.999924  0.012354  -0.000121  -0.012354  0.999924  0.000130  0.000122  -0.000129  1.000000  1.000000  0.000079  0.000133  -0.000079  1.000000  0.000002  -0.000133  -0.000002  1.000000  0.999982  0.003062  0.005213  -0.003063  0.999995  0.000147  -0.005213  -0.000162  0.999986  0.000116  0.012356  
56.981162 0.000245  0.090444  -0.001755  0.995142  0.098453  0.000505  -0.098452  0.995071  0.011895  0.000669  -0.011887  0.999929  0.000060  -0.004196  -0.002276  0.008476  -0.005698  0.484222  2.000000  0.999978  0.003379  0.005749  -0.003380  0.999994  0.000151  -0.005749  -0.000171  0.999983  0.999921  0.012560  -0.000118  -0.012560  0.999921  0.000130  0.000120  -0.000129  1.000000  1.000000  0.000080  0.000135  -0.000080  1.000000  0.000002  -0.000135  -0.000002  1.000000  0.999978  0.003379  0.005749  -0.003380  0.999994  0.000151  -0.005749  -0.000171  0.999983  0.000119  0.012562  
56.982411 0.000246  0.090438  -0.001759  0.995081  0.099068  0.000500  -0.099067  0.995011  0.011774  0.000669  -0.011766  0.999931  0.000117  -0.004522  -0.002420  0.004414  -0.005911  0.504980  2.000000  0.999972  0.003767  0.006434  -0.003769  0.999993  0.000148  -0.006434  -0.000172  0.999979  0.999921  0.012557  0.000148  -0.012557  0.999921  -0.000114  -0.000149  0.000112  1.000000  1.000000  0.000077  0.000137  -0.000077  1.000000  -0.000001  -0.000137  0.000001  1.000000  0.999972  0.003767  0.006434  -0.003769  0.999993  0.000148  -0.006434  -0.000172  0.999979  0.000125  0.012559  
56.983412 0.000246  0.090432  -0.001762  0.995040  0.099478  0.000505  -0.099477  0.994970  0.011774  0.000669  -0.011766  0.999931  0.000119  -0.004750  -0.002543  0.004425  -0.006076  0.519056  2.000000  0.999967  0.004071  0.006984  -0.004072  0.999992  0.000140  -0.006984  -0.000168  0.999976  0.999921  0.012555  0.000282  -0.012555  0.999921  -0.000114  -0.000283  0.000110  1.000000  1.000000  0.000075  0.000138  -0.000075  1.000000  -0.000001  -0.000138  0.000001  1.000000  0.999967  0.004071  0.006984  -0.004072  0.999992  0.000140  -0.006984  -0.000168  0.999976  0.000130  0.012559  
56.984660 0.000245  0.090426  -0.001766  0.994978  0.100091  0.000633  -0.100091  0.994910  0.011639  0.000535  -0.011644  0.999932  0.000156  -0.004880  -0.002617  0.000322  -0.010695  0.535326  2.000000  0.999961  0.004436  0.007662  -0.004437  0.999990  0.000126  -0.007661  -0.000160  0.999971  0.999926  0.012142  0.000409  -0.012142  0.999926  -0.000237  -0.000412  0.000232  1.000000  1.000000  0.000071  0.000134  -0.000071  1.000000  -0.000003  -0.000134  0.000003  1.000000  0.999961  0.004436  0.007662  -0.004437  0.999990  0.000126  -0.007661  -0.000160  0.999971  0.000132  0.012152  
56.985664 0.000244  0.090421  -0.001769  0.994957  0.100296  0.000623  -0.100296  0.994891  0.011519  0.000535  -0.011523  0.999933  0.000146  -0.004946  -0.002633  -0.003721  -0.010660  0.535207  2.000000  0.999957  0.004653  0.008068  -0.004654  0.999989  0.000113  -0.008067  -0.000151  0.999967  0.999926  0.012142  0.000408  -0.012142  0.999926  -0.000358  -0.000412  0.000353  1.000000  1.000000  0.000071  0.000134  -0.000071  1.000000  -0.000004  -0.000134  0.000004  1.000000  0.999957  0.004653  0.008068  -0.004654  0.999989  0.000113  -0.008067  -0.000151  0.999967  0.000135  0.012155  
56.986919 0.000243  0.090414  -0.001772  0.994916  0.100704  0.000761  -0.100706  0.994850  0.011505  0.000401  -0.011523  0.999934  0.000149  -0.005028  -0.002676  -0.003830  -0.010586  0.525705  2.000000  0.999949  0.004997  0.008728  -0.004998  0.999988  0.000088  -0.008727  -0.000132  0.999962  0.999931  0.011729  0.000537  -0.011729  0.999931  -0.000360  -0.000541  0.000354  1.000000  1.000000  0.000067  0.000130  -0.000067  1.000000  -0.000004  -0.000130  0.000004  1.000000  0.999949  0.004997  0.008728  -0.004998  0.999988  0.000088  -0.008727  -0.000132  0.999962  0.000132  0.011747  
56.988168 0.000242  0.090408  -0.001776  0.994875  0.101112  0.000887  -0.101115  0.994810  0.011370  0.000268  -0.011402  0.999935  0.000084  -0.005115  -0.002799  -0.012018  -0.015167  0.532714  2.000000  0.999942  0.005327  0.009369  -0.005328  0.999986  0.000056  -0.009368  -0.000106  0.999956  0.999936  0.011316  0.000664  -0.011316  0.999936  -0.000483  -0.000670  0.000475  1.000000  1.000000  0.000064  0.000127  -0.000064  1.000000  -0.000006  -0.000127  0.000006  1.000000  0.999942  0.005327  0.009369  -0.005328  0.999986  0.000056  -0.009368  -0.000106  0.999956  0.000132  0.011346  
56.989414 0.000239  0.090401  -0.001779  0.994833  0.101522  0.000879  -0.101525  0.994769  0.011249  0.000268  -0.011280  0.999936  -0.000114  -0.005213  -0.002919  -0.016095  -0.015134  0.532707  2.000000  0.999936  0.005580  0.009873  -0.005580  0.999984  0.000027  -0.009873  -0.000082  0.999951  0.999938  0.011110  0.000661  -0.011110  0.999938  -0.000604  -0.000667  0.000597  1.000000  1.000000  0.000062  0.000124  -0.000062  1.000000  -0.000008  -0.000124  0.000008  1.000000  0.999936  0.005580  0.009873  -0.005580  0.999984  0.000027  -0.009873  -0.000082  0.999951  0.000134  0.011146  
56.990666 0.000236  0.090393  -0.001783  0.994791  0.101931  0.000871  -0.101935  0.994729  0.011128  0.000268  -0.011159  0.999938  -0.000350  -0.005284  -0.003034  -0.024420  -0.019799  0.537199  2.000000  0.999928  0.005879  0.010473  -0.005879  0.999983  -0.000014  -0.010472  -0.000047  0.999945  0.999945  0.010493  0.000654  -0.010492  0.999945  -0.000604  -0.000660  0.000597  1.000000  1.000000  0.000058  0.000118  -0.000058  1.000000  -0.000008  -0.000118  0.000008  1.000000  0.999928  0.005879  0.010473  -0.005879  0.999983  -0.000014  -0.010472  -0.000047  0.999945  0.000135  0.010530  
56.991910 0.000233  0.090386  -0.001788  0.994770  0.102136  0.000874  -0.102139  0.994708  0.011128  0.000268  -0.011159  0.999938  -0.000646  -0.005327  -0.003144  -0.024020  -0.019393  0.521464  2.000000  0.999920  0.006159  0.011038  -0.006159  0.999981  -0.000063  -0.011038  -0.000005  0.999939  0.999951  0.009875  0.000645  -0.009875  0.999951  -0.000726  -0.000653  0.000719  1.000000  1.000000  0.000055  0.000111  -0.000055  1.000000  -0.000009  -0.000111  0.000009  1.000000  0.999920  0.006159  0.011038  -0.006159  0.999981  -0.000063  -0.011038  -0.000005  0.999939  0.000132  0.009923  
56.992911 0.000230  0.090381  -0.001792  0.994749  0.102341  0.000863  -0.102344  0.994688  0.011007  0.000268  -0.011038  0.999939  -0.000842  -0.005343  -0.003196  -0.028267  -0.023777  0.504881  2.000000  0.999914  0.006368  0.011470  -0.006367  0.999980  -0.000105  -0.011470  0.000032  0.999934  0.999955  0.009462  0.000773  -0.009461  0.999955  -0.000847  -0.000781  0.000840  0.999999  1.000000  0.000051  0.000107  -0.000051  1.000000  -0.000011  -0.000107  0.000011  1.000000  0.999914  0.006368  0.011470  -0.006367  0.999980  -0.000105  -0.011470  0.000032  0.999934  0.000128  0.009531  
56.994171 0.000226  0.090374  -0.001796  0.994707  0.102751  0.000856  -0.102754  0.994647  0.010886  0.000268  -0.010917  0.999940  -0.001149  -0.005366  -0.003191  -0.032338  -0.023660  0.497821  2.000000  0.999908  0.006565  0.011888  -0.006563  0.999978  -0.000150  -0.011888  0.000072  0.999929  0.999959  0.009050  0.000769  -0.009050  0.999959  -0.000847  -0.000777  0.000840  0.999999  1.000000  0.000048  0.000103  -0.000048  1.000000  -0.000011  -0.000103  0.000011  1.000000  0.999908  0.006565  0.011888  -0.006563  0.999978  -0.000150  -0.011888  0.000072  0.999929  0.000124  0.009122  
56.995412 0.000222  0.090367  -0.001799  0.994686  0.102954  0.000991  -0.102959  0.994626  0.010872  0.000134  -0.010917  0.999940  -0.001478  -0.005373  -0.003148  -0.032121  -0.027775  0.480085  2.000000  0.999902  0.006757  0.012290  -0.006755  0.999977  -0.000201  -0.012291  0.000118  0.999924  0.999961  0.008846  0.000632  -0.008845  0.999960  -0.000968  -0.000640  0.000963  0.999999  1.000000  0.000048  0.000100  -0.000048  1.000000  -0.000012  -0.000100  0.000012  1.000000  0.999902  0.006757  0.012290  -0.006755  0.999977  -0.000201  -0.012291  0.000118  0.999924  0.000122  0.008921  
56.996661 0.000217  0.090360  -0.001804  0.994664  0.103159  0.000981  -0.103163  0.994606  0.010751  0.000134  -0.010795  0.999942  -0.001888  -0.005420  -0.003174  -0.036480  -0.027665  0.456438  2.000000  0.999894  0.006979  0.012768  -0.006976  0.999976  -0.000270  -0.012769  0.000181  0.999918  0.999966  0.008227  0.000758  -0.008226  0.999966  -0.001091  -0.000767  0.001085  0.999999  1.000000  0.000043  0.000094  -0.000043  1.000000  -0.000014  -0.000094  0.000014  1.000000  0.999894  0.006979  0.012768  -0.006976  0.999976  -0.000270  -0.012769  0.000181  0.999918  0.000117  0.008333  
56.997662 0.000212  0.090354  -0.001808  0.994643  0.103364  0.000970  -0.103368  0.994586  0.010631  0.000134  -0.010674  0.999943  -0.002245  -0.005440  -0.003248  -0.040564  -0.027481  0.442599  2.000000  0.999888  0.007142  0.013124  -0.007139  0.999974  -0.000330  -0.013126  0.000237  0.999914  0.999971  0.007610  0.000750  -0.007609  0.999970  -0.001212  -0.000759  0.001207  0.999999  1.000000  0.000039  0.000087  -0.000039  1.000000  -0.000015  -0.000087  0.000015  1.000000  0.999888  0.007142  0.013124  -0.007139  0.999974  -0.000330  -0.013126  0.000237  0.999914  0.000113  0.007742  
56.998910 0.000206  0.090347  -0.001815  0.994622  0.103569  0.000960  -0.103573  0.994566  0.010510  0.000134  -0.010553  0.999944  -0.002628  -0.005537  -0.003413  -0.044657  -0.027225  0.421897  2.000000  0.999881  0.007329  0.013539  -0.007324  0.999973  -0.000412  -0.013542  0.000313  0.999908  0.999975  0.006992  0.000743  -0.006991  0.999975  -0.001334  -0.000752  0.001328  0.999999  1.000000  0.000036  0.000080  -0.000036  1.000000  -0.000017  -0.000080  0.000017  1.000000  0.999881  0.007329  0.013539  -0.007324  0.999973  -0.000412  -0.013542  0.000313  0.999908  0.000107  0.007156  
57.000161 0.000199  0.090340  -0.001820  0.994601  0.103772  0.001083  -0.103778  0.994546  0.010375  0.000000  -0.010431  0.999946  -0.003005  -0.005573  -0.003544  -0.048438  -0.031250  0.398346  2.000000  0.999875  0.007488  0.013919  -0.007482  0.999972  -0.000501  -0.013922  0.000397  0.999903  0.999979  0.006373  0.000869  -0.006372  0.999979  -0.001456  -0.000879  0.001450  0.999999  1.000000  0.000030  0.000074  -0.000030  1.000000  -0.000018  -0.000074  0.000018  1.000000  0.999875  0.007488  0.013919  -0.007482  0.999972  -0.000501  -0.013922  0.000397  0.999903  0.000102  0.006594  
57.001161 0.000193  0.090334  -0.001825  0.994579  0.103977  0.001072  -0.103982  0.994526  0.010254  0.000000  -0.010310  0.999947  -0.003339  -0.005589  -0.003687  -0.052417  -0.031029  0.384044  2.000000  0.999871  0.007576  0.014135  -0.007569  0.999971  -0.000559  -0.014139  0.000452  0.999900  0.999981  0.006167  0.000866  -0.006166  0.999980  -0.001577  -0.000876  0.001572  0.999998  1.000000  0.000029  0.000072  -0.000029  1.000000  -0.000020  -0.000072  0.000020  1.000000  0.999871  0.007576  0.014135  -0.007569  0.999971  -0.000559  -0.014139  0.000452  0.999900  0.000099  0.006424  
57.002166 0.000188  0.090329  -0.001830  0.994558  0.104182  0.001074  -0.104187  0.994505  0.010254  0.000000  -0.010310  0.999947  -0.003729  -0.005621  -0.003863  -0.052826  -0.035547  0.366355  2.000000  0.999867  0.007688  0.014412  -0.007679  0.999970  -0.000640  -0.014416  0.000529  0.999896  0.999983  0.005756  0.000862  -0.005754  0.999982  -0.001577  -0.000871  0.001572  0.999998  1.000000  0.000027  0.000068  -0.000027  1.000000  -0.000020  -0.000068  0.000020  1.000000  0.999867  0.007688  0.014412  -0.007679  0.999970  -0.000640  -0.014416  0.000529  0.999896  0.000094  0.006029  
57.003418 0.000179  0.090322  -0.001837  0.994558  0.104182  0.001062  -0.104187  0.994506  0.010133  0.000000  -0.010189  0.999948  -0.004146  -0.005638  -0.004121  -0.056934  -0.030798  0.345636  2.000000  0.999861  0.007822  0.014732  -0.007812  0.999969  -0.000742  -0.014737  0.000627  0.999891  0.999985  0.005346  0.000723  -0.005344  0.999984  -0.001577  -0.000732  0.001573  0.999998  1.000000  0.000026  0.000062  -0.000026  1.000000  -0.000020  -0.000062  0.000020  1.000000  0.999861  0.007822  0.014732  -0.007812  0.999969  -0.000742  -0.014737  0.000627  0.999891  0.000089  0.005620  
57.004666 0.000171  0.090316  -0.001845  0.994536  0.104385  0.001184  -0.104392  0.994486  0.009999  -0.000134  -0.010067  0.999949  -0.004484  -0.005562  -0.004336  -0.061061  -0.034980  0.318008  2.000000  0.999860  0.007846  0.014792  -0.007836  0.999969  -0.000762  -0.014798  0.000646  0.999890  0.999987  0.004933  0.000852  -0.004931  0.999986  -0.001699  -0.000861  0.001695  0.999998  1.000000  0.000000  0.000000  0.000000  1.000000  0.000000  0.000000  0.000000  1.000000  0.999860  0.007846  0.014792  -0.007836  0.999969  -0.000762  -0.014798  0.000646  0.999890  0.000084  0.000000  
57.005916 0.000162  0.090309  -0.001852  0.994536  0.104385  0.001171  -0.104392  0.994487  0.009878  -0.000134  -0.009946  0.999951  -0.004913  -0.005526  -0.004554  -0.064593  -0.034439  0.294726  2.000000  0.999860  0.007846  0.014792  -0.007836  0.999969  -0.000762  -0.014798  0.000646  0.999890  0.999990  0.004316  0.000712  -0.004315  0.999989  -0.001699  -0.000719  0.001696  0.999998  1.000000  0.000000  0.000000  0.000000  1.000000  0.000000  0.000000  0.000000  1.000000  0.999860  0.007846  0.014792  -0.007836  0.999969  -0.000762  -0.014798  0.000646  0.999890  0.000077  0.000000  
57.007165 0.000154  0.090303  -0.001858  0.994515  0.104590  0.001161  -0.104597  0.994467  0.009757  -0.000134  -0.009825  0.999952  -0.005262  -0.005461  -0.004636  -0.068691  -0.034221  0.274331  2.000000  0.999860  0.007846  0.014792  -0.007836  0.999969  -0.000762  -0.014798  0.000646  0.999890  0.999991  0.004112  0.000576  -0.004111  0.999990  -0.001577  -0.000583  0.001575  0.999999  1.000000  0.000000  0.000000  0.000000  1.000000  0.000000  0.000000  0.000000  1.000000  0.999860  0.007846  0.014792  -0.007836  0.999969  -0.000762  -0.014798  0.000646  0.999890  0.000072  0.000000  
57.008415 0.000146  0.090297  -0.001864  0.994493  0.104795  0.001163  -0.104801  0.994445  0.009757  -0.000134  -0.009825  0.999952  -0.005517  -0.005365  -0.004713  -0.068652  -0.034051  0.260435  2.000000  0.999860  0.007846  0.014792  -0.007836  0.999969  -0.000762  -0.014798  0.000646  0.999890  0.999992  0.003906  0.000574  -0.003905  0.999991  -0.001577  -0.000580  0.001575  0.999999  1.000000  0.000000  0.000000  0.000000  1.000000  0.000000  0.000000  0.000000  1.000000  0.999860  0.007846  0.014792  -0.007836  0.999969  -0.000762  -0.014798  0.000646  0.999890  0.000069  0.000000  
57.009665 0.000138  0.090292  -0.001869  0.994493  0.104794  0.001283  -0.104801  0.994447  0.009622  -0.000268  -0.009704  0.999953  -0.005775  -0.005316  -0.004810  -0.073314  -0.038511  0.234840  2.000000  0.999860  0.007846  0.014792  -0.007836  0.999969  -0.000762  -0.014798  0.000646  0.999890  0.999994  0.003494  0.000569  -0.003493  0.999992  -0.001699  -0.000575  0.001697  0.999998  1.000000  0.000000  0.000000  0.000000  1.000000  0.000000  0.000000  0.000000  1.000000  0.999860  0.007846  0.014792  -0.007836  0.999969  -0.000762  -0.014798  0.000646  0.999890  0.000063  0.000000  
57.010667 0.000132  0.090287  -0.001874  0.994493  0.104794  0.001270  -0.104801  0.994448  0.009502  -0.000268  -0.009582  0.999954  -0.006009  -0.005248  -0.004904  -0.077392  -0.038346  0.220997  2.000000  0.999860  0.007846  0.014792  -0.007836  0.999969  -0.000762  -0.014798  0.000646  0.999890  0.999995  0.003083  0.000565  -0.003082  0.999994  -0.001578  -0.000570  0.001576  0.999999  1.000000  0.000000  0.000000  0.000000  1.000000  0.000000  0.000000  0.000000  1.000000  0.999860  0.007846  0.014792  -0.007836  0.999969  -0.000762  -0.014798  0.000646  0.999890  0.000060  0.000000  
57.011912 0.000124  0.090281  -0.001879  0.994493  0.104794  0.001258  -0.104801  0.994449  0.009381  -0.000268  -0.009461  0.999955  -0.006115  -0.005152  -0.004950  -0.077426  -0.033610  0.200334  2.000000  0.999860  0.007846  0.014792  -0.007836  0.999969  -0.000762  -0.014798  0.000646  0.999890  0.999996  0.002877  0.000563  -0.002876  0.999995  -0.001578  -0.000567  0.001576  0.999999  1.000000  0.000000  0.000000  0.000000  1.000000  0.000000  0.000000  0.000000  1.000000  0.999860  0.007846  0.014792  -0.007836  0.999969  -0.000762  -0.014798  0.000646  0.999890  0.000054  0.000000  
57.012913 0.000118  0.090276  -0.001885  0.994472  0.104999  0.001260  -0.105006  0.994427  0.009381  -0.000268  -0.009461  0.999955  -0.006204  -0.005070  -0.005016  -0.077424  -0.033461  0.186483  2.000000  0.999860  0.007846  0.014792  -0.007836  0.999969  -0.000762  -0.014798  0.000646  0.999890  0.999996  0.002877  0.000562  -0.002876  0.999994  -0.001699  -0.000567  0.001697  0.999998  1.000000  0.000000  0.000000  0.000000  1.000000  0.000000  0.000000  0.000000  1.000000  0.999860  0.007846  0.014792  -0.007836  0.999969  -0.000762  -0.014798  0.000646  0.999890  0.000053  0.000000  
57.014163 0.000111  0.090270  -0.001892  0.994472  0.104999  0.001247  -0.105006  0.994428  0.009260  -0.000268  -0.009340  0.999956  -0.006240  -0.005030  -0.005097  -0.077437  -0.028796  0.172694  2.000000  0.999860  0.007846  0.014792  -0.007836  0.999969  -0.000762  -0.014798  0.000646  0.999890  0.999997  0.002465  0.000558  -0.002464  0.999996  -0.001699  -0.000562  0.001697  0.999998  1.000000  0.000000  0.000000  0.000000  1.000000  0.000000  0.000000  0.000000  1.000000  0.999860  0.007846  0.014792  -0.007836  0.999969  -0.000762  -0.014798  0.000646  0.999890  0.000048  0.000000  
57.015411 0.000105  0.090263  -0.001899  0.994450  0.105204  0.001236  -0.105211  0.994408  0.009139  -0.000268  -0.009218  0.999957  -0.006230  -0.005050  -0.005174  0.000000  0.000000  0.000000  2.000000  0.999860  0.007846  0.014792  -0.007836  0.999969  -0.000762  -0.014798  0.000646  0.999890  0.999997  0.002465  0.000558  -0.002464  0.999996  -0.001699  -0.000562  0.001697  0.999998  1.000000  0.000000  0.000000  0.000000  1.000000  0.000000  0.000000  0.000000  1.000000  0.999860  0.007846  0.014792  -0.007836  0.999969  -0.000762  -0.014798  0.000646  0.999890  0.000000  0.000000  
57.016411 0.000100  0.090258  -0.001905  0.994450  0.105203  0.001356  -0.105211  0.994409  0.009004  -0.000401  -0.009097  0.999959  -0.006113  -0.004997  -0.005217  0.000000  0.000000  0.000000  2.000000  0.999860  0.007846  0.014792  -0.007836  0.999969  -0.000762  -0.014798  0.000646  0.999890  0.999998  0.002054  0.000554  -0.002053  0.999997  -0.001578  -0.000557  0.001577  0.999999  1.000000  0.000000  0.000000  0.000000  1.000000  0.000000  0.000000  0.000000  1.000000  0.999860  0.007846  0.014792  -0.007836  0.999969  -0.000762  -0.014798  0.000646  0.999890  0.000000  0.000000  
57.017412 0.000096  0.090252  -0.001910  0.994450  0.105203  0.001356  -0.105211  0.994409  0.009004  -0.000401  -0.009097  0.999959  -0.005974  -0.004994  -0.005191  0.000000  0.000000  0.000000  2.000000  0.999860  0.007846  0.014792  -0.007836  0.999969  -0.000762  -0.014798  0.000646  0.999890  0.999998  0.002054  0.000554  -0.002053  0.999996  -0.001699  -0.000557  0.001698  0.999998  1.000000  0.000000  0.000000  0.000000  1.000000  0.000000  0.000000  0.000000  1.000000  0.999860  0.007846  0.014792  -0.007836  0.999969  -0.000762  -0.014798  0.000646  0.999890  0.000000  0.000000  
57.018671 0.000092  0.090247  -0.001917  0.994450  0.105203  0.001344  -0.105211  0.994410  0.008884  -0.000401  -0.008976  0.999960  -0.005704  -0.004927  -0.005203  0.000000  0.000000  0.000000  2.000000  0.999860  0.007846  0.014792  -0.007836  0.999969  -0.000762  -0.014798  0.000646  0.999890  0.999998  0.001848  0.000552  -0.001847  0.999997  -0.001699  -0.000555  0.001698  0.999998  1.000000  0.000000  0.000000  0.000000  1.000000  0.000000  0.000000  0.000000  1.000000  0.999860  0.007846  0.014792  -0.007836  0.999969  -0.000762  -0.014798  0.000646  0.999890  0.000000  0.000000  
57.019911 0.000088  0.090241  -0.001924  0.994428  0.105407  0.001478  -0.105416  0.994389  0.008869  -0.000535  -0.008976  0.999960  -0.005413  -0.004880  -0.005205  0.000000  0.000000  0.000000  2.000000  0.999860  0.007846  0.014792  -0.007836  0.999969  -0.000762  -0.014798  0.000646  0.999890  0.999998  0.001848  0.000552  -0.001847  0.999997  -0.001578  -0.000555  0.001577  0.999999  1.000000  0.000000  0.000000  0.000000  1.000000  0.000000  0.000000  0.000000  1.000000  0.999860  0.007846  0.014792  -0.007836  0.999969  -0.000762  -0.014798  0.000646  0.999890  0.000000  0.000000  
57.020915 0.000085  0.090236  -0.001930  0.994428  0.105407  0.001466  -0.105416  0.994390  0.008749  -0.000535  -0.008855  0.999961  -0.005139  -0.004833  -0.005204  0.000000  0.000000  0.000000  2.000000  0.999860  0.007846  0.014792  -0.007836  0.999969  -0.000762  -0.014798  0.000646  0.999890  0.999999  0.001642  0.000550  -0.001641  0.999997  -0.001578  -0.000552  0.001577  0.999999  1.000000  0.000000  0.000000  0.000000  1.000000  0.000000  0.000000  0.000000  1.000000  0.999860  0.007846  0.014792  -0.007836  0.999969  -0.000762  -0.014798  0.000646  0.999890  0.000000  0.000000  
57.022171 0.000082  0.090231  -0.001937  0.994428  0.105407  0.001466  -0.105416  0.994390  0.008749  -0.000535  -0.008855  0.999961  -0.004731  -0.004816  -0.005255  0.000000  0.000000  0.000000  2.000000  0.999860  0.007846  0.014792  -0.007836  0.999969  -0.000762  -0.014798  0.000646  0.999890  0.999999  0.001436  0.000548  -0.001436  0.999998  -0.001456  -0.000550  0.001456  0.999999  1.000000  0.000000  0.000000  0.000000  1.000000  0.000000  0.000000  0.000000  1.000000  0.999860  0.007846  0.014792  -0.007836  0.999969  -0.000762  -0.014798  0.000646  0.999890  0.000000  0.000000  
57.023411 0.000079  0.090225  -0.001945  0.994406  0.105610  0.001600  -0.105620  0.994368  0.008734  -0.000669  -0.008855  0.999961  -0.004443  -0.004834  -0.005364  0.000000  0.000000  0.000000  2.000000  0.999860  0.007846  0.014792  -0.007836  0.999969  -0.000762  -0.014798  0.000646  0.999890  0.999999  0.001229  0.000680  -0.001228  0.999998  -0.001335  -0.000682  0.001334  0.999999  1.000000  0.000000  0.000000  0.000000  1.000000  0.000000  0.000000  0.000000  1.000000  0.999860  0.007846  0.014792  -0.007836  0.999969  -0.000762  -0.014798  0.000646  0.999890  0.000000  0.000000  
57.024664 0.000076  0.090219  -0.001952  0.994406  0.105610  0.001600  -0.105620  0.994368  0.008734  -0.000669  -0.008855  0.999961  -0.004126  -0.004855  -0.005529  0.000000  0.000000  0.000000  2.000000  0.999860  0.007846  0.014792  -0.007836  0.999969  -0.000762  -0.014798  0.000646  0.999890  0.999999  0.001230  0.000546  -0.001230  0.999999  -0.001214  -0.000548  0.001213  0.999999  1.000000  0.000000  0.000000  0.000000  1.000000  0.000000  0.000000  0.000000  1.000000  0.999860  0.007846  0.014792  -0.007836  0.999969  -0.000762  -0.014798  0.000646  0.999890  0.000000  0.000000  
57.025665 0.000075  0.090215  -0.001958  0.994406  0.105610  0.001600  -0.105620  0.994368  0.008734  -0.000669  -0.008855  0.999961  -0.003813  -0.004821  -0.005624  0.000000  0.000000  0.000000  2.000000  0.999860  0.007846  0.014792  -0.007836  0.999969  -0.000762  -0.014798  0.000646  0.999890  0.999999  0.001230  0.000546  -0.001230  0.999999  -0.001093  -0.000547  0.001092  0.999999  1.000000  0.000000  0.000000  0.000000  1.000000  0.000000  0.000000  0.000000  1.000000  0.999860  0.007846  0.014792  -0.007836  0.999969  -0.000762  -0.014798  0.000646  0.999890  0.000000  0.000000  
57.026911 0.000072  0.090209  -0.001966  0.994385  0.105815  0.001589  -0.105825  0.994347  0.008613  -0.000669  -0.008733  0.999962  -0.003467  -0.004817  -0.005770  0.000000  0.000000  0.000000  2.000000  0.999860  0.007846  0.014792  -0.007836  0.999969  -0.000762  -0.014798  0.000646  0.999890  0.999999  0.001231  0.000546  -0.001230  0.999999  -0.001214  -0.000547  0.001213  0.999999  1.000000  0.000000  0.000000  0.000000  1.000000  0.000000  0.000000  0.000000  1.000000  0.999860  0.007846  0.014792  -0.007836  0.999969  -0.000762  -0.014798  0.000646  0.999890  0.000000  0.000000  
57.028165 0.000070  0.090204  -0.001973  0.994384  0.105814  0.001722  -0.105825  0.994348  0.008599  -0.000803  -0.008733  0.999962  -0.003057  -0.004678  -0.005793  0.000000  0.000000  0.000000  2.000000  0.999860  0.007846  0.014792  -0.007836  0.999969  -0.000762  -0.014798  0.000646  0.999890  0.999999  0.001229  0.000680  -0.001229  0.999999  -0.001093  -0.000681  0.001092  0.999999  1.000000  0.000000  0.000000  0.000000  1.000000  0.000000  0.000000  0.000000  1.000000  0.999860  0.007846  0.014792  -0.007836  0.999969  -0.000762  -0.014798  0.000646  0.999890  0.000000  0.000000  
57.029412 0.000068  0.090199  -0.001980  0.994363  0.106019  0.001724  -0.106030  0.994326  0.008599  -0.000803  -0.008733  0.999962  -0.002718  -0.004581  -0.005755  0.000000  0.000000  0.000000  2.000000  0.999860  0.007846  0.014792  -0.007836  0.999969  -0.000762  -0.014798  0.000646  0.999890  0.999999  0.001025  0.000544  -0.001024  0.999999  -0.000971  -0.000545  0.000971  0.999999  1.000000  0.000000  0.000000  0.000000  1.000000  0.000000  0.000000  0.000000  1.000000  0.999860  0.007846  0.014792  -0.007836  0.999969  -0.000762  -0.014798  0.000646  0.999890  0.000000  0.000000  
