1-Time 2-Px 3-Py 4-Pz 5-R11 6-R21 7-R31 8-R12 9-R22 10-R32 11-R13 12-R23 13-R33 14-Vx 15-Vy 16-Vz 17-Wx 18-Wy 19-Wz 20-state 21-PR11 22-PR21 23-PR31 24-PR12 25-PR22 26-PR32 27-PR13 28-PR23 29-PR33 
159.250099 0.002150  0.092841  -0.001559  0.994313  0.104833  0.018773  -0.105817  0.992397  0.062851  -0.012042  -0.064481  0.997846  0.000099  0.000018  0.000124  0.000000  0.000000  0.000000  2.000000  1.000000  0.000000  0.000000  0.000000  1.000000  0.000000  0.000000  0.000000  1.000000  0.999999  -0.000993  -0.000600  0.000992  0.999999  -0.001201  0.000602  0.001200  0.999999  1.000000  0.000000  0.000000  0.000000  1.000000  0.000000  0.000000  0.000000  1.000000  0.707763  0.595710  -0.379738  -0.603605  0.789224  0.113077  0.367060  0.149180  0.918157  0.000000  0.000000  
159.251101 0.002150  0.092841  -0.001559  0.994313  0.104833  0.018773  -0.105817  0.992397  0.062851  -0.012042  -0.064481  0.997846  0.000099  0.000018  0.000124  0.000000  0.000000  0.000000  2.000000  1.000000  0.000000  0.000000  0.000000  1.000000  0.000000  0.000000  0.000000  1.000000  0.999999  -0.001001  -0.000467  0.001001  0.999999  -0.001201  0.000468  0.001200  0.999999  1.000000  0.000000  0.000000  0.000000  1.000000  0.000000  0.000000  0.000000  1.000000  1.000000  0.000000  0.000000  0.000000  1.000000  0.000000  0.000000  0.000000  1.000000  0.000000  0.000000  
159.252102 0.002150  0.092840  -0.001559  0.994269  0.105241  0.018799  -0.106227  0.992354  0.062844  -0.012042  -0.064481  0.997846  0.000096  -0.000058  0.000092  0.000000  0.000000  0.000000  2.000000  1.000000  0.000000  0.000000  0.000000  1.000000  0.000000  0.000000  0.000000  1.000000  1.000000  -0.000590  -0.000440  0.000590  0.999999  -0.001084  0.000441  0.001084  0.999999  1.000000  0.000000  0.000000  0.000000  1.000000  0.000000  0.000000  0.000000  1.000000  1.000000  0.000000  0.000000  0.000000  1.000000  0.000000  0.000000  0.000000  1.000000  0.000000  0.000000  
159.253102 0.002149  0.092838  -0.001560  0.994203  0.105852  0.018851  -0.106841  0.992281  0.062952  -0.012042  -0.064602  0.997838  0.000041  -0.000210  0.000032  0.000000  0.000000  0.000000  2.000000  1.000000  0.000000  0.000000  0.000000  1.000000  0.000000  0.000000  0.000000  1.000000  1.000000  -0.000180  -0.000414  0.000179  0.999999  -0.001089  0.000414  0.001089  0.999999  1.000000  0.000000  0.000000  0.000000  1.000000  0.000000  0.000000  0.000000  1.000000  1.000000  0.000000  0.000000  0.000000  1.000000  0.000000  0.000000  0.000000  1.000000  0.000000  0.000000  
159.254103 0.002149  0.092835  -0.001561  0.994158  0.106252  0.019009  -0.107250  0.992238  0.062930  -0.012175  -0.064601  0.997837  0.000006  -0.000388  -0.000051  0.000000  0.000000  0.000000  2.000000  1.000000  0.000000  0.000000  0.000000  1.000000  0.000000  0.000000  0.000000  1.000000  1.000000  0.000428  -0.000240  -0.000428  1.000000  -0.000854  0.000240  0.000854  1.000000  1.000000  0.000000  0.000000  0.000000  1.000000  0.000000  0.000000  0.000000  1.000000  1.000000  0.000000  0.000000  0.000000  1.000000  0.000000  0.000000  0.000000  1.000000  0.000000  0.000000  
159.255369 0.002149  0.092832  -0.001562  0.994113  0.106656  0.019061  -0.107659  0.992179  0.063163  -0.012175  -0.064844  0.997821  -0.000001  -0.000614  -0.000144  0.000000  0.000000  0.000000  2.000000  1.000000  0.000000  0.000000  0.000000  1.000000  0.000000  0.000000  0.000000  1.000000  0.999999  0.001044  -0.000200  -0.001045  0.999999  -0.000619  0.000200  0.000619  1.000000  1.000000  0.000000  0.000000  0.000000  1.000000  0.000000  0.000000  0.000000  1.000000  1.000000  0.000000  0.000000  0.000000  1.000000  0.000000  0.000000  0.000000  1.000000  0.000000  0.000000  
159.256602 0.002149  0.092829  -0.001563  0.994069  0.107062  0.019100  -0.108069  0.992128  0.063276  -0.012175  -0.064965  0.997813  0.000008  -0.000810  -0.000185  0.000000  0.000000  0.000000  2.000000  1.000000  0.000000  0.000000  0.000000  1.000000  0.000000  0.000000  0.000000  1.000000  0.999999  0.001241  -0.000053  -0.001241  0.999999  -0.000379  0.000053  0.000379  1.000000  1.000000  0.000000  0.000000  0.000000  1.000000  0.000000  0.000000  0.000000  1.000000  1.000000  0.000000  0.000000  0.000000  1.000000  0.000000  0.000000  0.000000  1.000000  0.000000  0.000000  
159.257606 0.002150  0.092827  -0.001563  0.994005  0.107690  0.018887  -0.108683  0.992052  0.063413  -0.011908  -0.065086  0.997809  -0.000017  -0.000920  -0.000222  0.000000  0.000000  0.000000  2.000000  1.000000  0.000000  0.000000  0.000000  1.000000  0.000000  0.000000  0.000000  1.000000  0.999998  0.001866  -0.000146  -0.001866  0.999998  -0.000144  0.000146  0.000144  1.000000  1.000000  0.000000  0.000000  0.000000  1.000000  0.000000  0.000000  0.000000  1.000000  1.000000  0.000000  0.000000  0.000000  1.000000  0.000000  0.000000  0.000000  1.000000  0.000000  0.000000  
159.258609 0.002150  0.092826  -0.001562  0.993939  0.108309  0.018806  -0.109297  0.991976  0.063537  -0.011774  -0.065207  0.997802  0.000025  -0.001028  -0.000216  0.000000  0.000000  0.000000  2.000000  1.000000  0.000000  0.000000  0.000000  1.000000  0.000000  0.000000  0.000000  1.000000  0.999996  0.002697  -0.000226  -0.002697  0.999996  -0.000032  0.000226  0.000033  1.000000  1.000000  0.000000  0.000000  0.000000  1.000000  0.000000  0.000000  0.000000  1.000000  1.000000  0.000000  0.000000  0.000000  1.000000  0.000000  0.000000  0.000000  1.000000  0.000000  0.000000  
159.259859 0.002150  0.092824  -0.001563  0.993828  0.109336  0.018752  -0.110320  0.991856  0.063652  -0.011640  -0.065328  0.997796  0.000007  -0.001176  -0.000246  0.000000  0.000000  0.000000  2.000000  1.000000  0.000000  0.000000  0.000000  1.000000  0.000000  0.000000  0.000000  1.000000  0.999993  0.003732  -0.000292  -0.003732  0.999993  0.000199  0.000293  -0.000197  1.000000  1.000000  0.000000  0.000000  0.000000  1.000000  0.000000  0.000000  0.000000  1.000000  1.000000  0.000000  0.000000  0.000000  1.000000  0.000000  0.000000  0.000000  1.000000  0.000000  0.000000  
159.261109 0.002150  0.092822  -0.001564  0.993714  0.110353  0.018845  -0.111343  0.991727  0.063873  -0.011640  -0.065570  0.997780  0.000038  -0.001280  -0.000331  0.000000  0.000000  0.000000  2.000000  1.000000  0.000000  0.000000  0.000000  1.000000  0.000000  0.000000  0.000000  1.000000  0.999989  0.004760  -0.000224  -0.004759  0.999989  0.000308  0.000226  -0.000307  1.000000  1.000000  0.000000  0.000000  0.000000  1.000000  0.000000  0.000000  0.000000  1.000000  1.000000  0.000000  0.000000  0.000000  1.000000  0.000000  0.000000  0.000000  1.000000  0.000000  0.000000  
159.262351 0.002151  0.092820  -0.001564  0.993597  0.111362  0.019057  -0.112366  0.991606  0.063959  -0.011774  -0.065691  0.997771  0.000071  -0.001427  -0.000363  0.001814  0.010174  0.187851  2.000000  1.000000  0.000140  0.000238  -0.000140  1.000000  0.000029  -0.000238  -0.000029  1.000000  0.999982  0.005983  -0.000009  -0.005983  0.999982  0.000656  0.000012  -0.000656  1.000000  1.000000  0.000038  0.000065  -0.000038  1.000000  0.000008  -0.000065  -0.000008  1.000000  1.000000  0.000140  0.000238  -0.000140  1.000000  0.000029  -0.000238  -0.000029  1.000000  0.000045  0.006019  
159.263605 0.002152  0.092820  -0.001562  0.993481  0.112381  0.019136  -0.113389  0.991483  0.064060  -0.011774  -0.065812  0.997763  0.000147  -0.001459  -0.000249  0.009547  0.007902  0.222343  2.000000  1.000000  0.000343  0.000594  -0.000343  1.000000  0.000072  -0.000594  -0.000072  1.000000  0.999975  0.007010  0.000059  -0.007010  0.999975  0.000765  -0.000054  -0.000765  1.000000  1.000000  0.000043  0.000076  -0.000043  1.000000  0.000010  -0.000076  -0.000010  1.000000  1.000000  0.000343  0.000594  -0.000343  1.000000  0.000072  -0.000594  -0.000072  1.000000  0.000054  0.007052  
159.264857 0.002154  0.092819  -0.001560  0.993364  0.113401  0.019202  -0.114411  0.991367  0.064040  -0.011774  -0.065812  0.997763  0.000253  -0.001464  -0.000115  0.009043  0.005178  0.263730  2.000000  0.999999  0.000576  0.001010  -0.000576  1.000000  0.000127  -0.001010  -0.000127  0.999999  0.999968  0.008037  0.000127  -0.008037  0.999967  0.000874  -0.000120  -0.000875  1.000000  1.000000  0.000049  0.000088  -0.000049  1.000000  0.000011  -0.000088  -0.000011  1.000000  0.999999  0.000576  0.001010  -0.000576  1.000000  0.000127  -0.001010  -0.000127  0.999999  0.000064  0.008086  
159.266109 0.002155  0.092817  -0.001559  0.993222  0.114621  0.019309  -0.115638  0.991211  0.064257  -0.011774  -0.066054  0.997747  0.000326  -0.001571  -0.000032  0.020788  -0.002050  0.304857  2.000000  0.999999  0.000788  0.001393  -0.000788  1.000000  0.000177  -0.001393  -0.000179  0.999999  0.999957  0.009270  0.000210  -0.009270  0.999956  0.001101  -0.000200  -0.001103  0.999999  1.000000  0.000056  0.000102  -0.000056  1.000000  0.000014  -0.000102  -0.000014  1.000000  0.999999  0.000788  0.001393  -0.000788  1.000000  0.000177  -0.001393  -0.000179  0.999999  0.000075  0.009337  
159.267352 0.002156  0.092815  -0.001559  0.993104  0.115648  0.019256  -0.116661  0.991083  0.064373  -0.011640  -0.066175  0.997740  0.000399  -0.001639  -0.000002  0.028549  0.000164  0.339708  2.000000  0.999998  0.001089  0.001945  -0.001090  0.999999  0.000254  -0.001944  -0.000256  0.999998  0.999945  0.010502  0.000294  -0.010502  0.999944  0.001330  -0.000280  -0.001333  0.999999  1.000000  0.000063  0.000115  -0.000063  1.000000  0.000017  -0.000115  -0.000017  1.000000  0.999998  0.001089  0.001945  -0.001090  0.999999  0.000254  -0.001944  -0.000256  0.999998  0.000084  0.010590  
159.268602 0.002156  0.092811  -0.001558  0.992985  0.116672  0.019218  -0.117683  0.990947  0.064609  -0.011506  -0.066417  0.997726  0.000468  -0.001683  0.000162  0.036229  0.001877  0.381416  2.000000  0.999996  0.001422  0.002555  -0.001423  0.999999  0.000347  -0.002555  -0.000351  0.999997  0.999933  0.011538  0.000230  -0.011538  0.999932  0.001561  -0.000211  -0.001564  0.999999  1.000000  0.000070  0.000126  -0.000070  1.000000  0.000020  -0.000126  -0.000020  1.000000  0.999996  0.001422  0.002555  -0.001423  0.999999  0.000347  -0.002555  -0.000351  0.999997  0.000094  0.011646  
159.269609 0.002157  0.092808  -0.001557  0.992887  0.117486  0.019286  -0.118501  0.990843  0.064713  -0.011506  -0.066538  0.997718  0.000517  -0.001714  0.000333  0.044048  0.000056  0.408998  2.000000  0.999994  0.001712  0.003084  -0.001713  0.999998  0.000432  -0.003083  -0.000437  0.999995  0.999924  0.012359  0.000287  -0.012360  0.999922  0.001794  -0.000265  -0.001797  0.999998  1.000000  0.000074  0.000136  -0.000074  1.000000  0.000022  -0.000136  -0.000022  1.000000  0.999994  0.001712  0.003084  -0.001713  0.999998  0.000432  -0.003083  -0.000437  0.999995  0.000101  0.012493  
159.270852 0.002158  0.092803  -0.001556  0.992765  0.118498  0.019396  -0.119523  0.990698  0.065054  -0.011506  -0.066902  0.997693  0.000595  -0.001836  0.000430  0.059981  -0.006762  0.443302  2.000000  0.999991  0.002102  0.003801  -0.002104  0.999998  0.000555  -0.003800  -0.000563  0.999993  0.999908  0.013592  0.000372  -0.013592  0.999905  0.002142  -0.000343  -0.002147  0.999998  1.000000  0.000081  0.000149  -0.000081  1.000000  0.000027  -0.000149  -0.000027  1.000000  0.999991  0.002102  0.003801  -0.002104  0.999998  0.000555  -0.003800  -0.000563  0.999993  0.000110  0.013765  
159.272102 0.002159  0.092797  -0.001556  0.992641  0.119513  0.019492  -0.120544  0.990560  0.065274  -0.011506  -0.067144  0.997677  0.000642  -0.002065  0.000471  0.067652  -0.009559  0.484788  2.000000  0.999986  0.002522  0.004578  -0.002525  0.999997  0.000701  -0.004576  -0.000713  0.999989  0.999896  0.014413  0.000432  -0.014414  0.999893  0.002496  -0.000396  -0.002502  0.999997  1.000000  0.000086  0.000159  -0.000086  1.000000  0.000031  -0.000159  -0.000031  1.000000  0.999986  0.002522  0.004578  -0.002525  0.999997  0.000701  -0.004576  -0.000713  0.999989  0.000121  0.014635  
159.273353 0.002161  0.092791  -0.001556  0.992517  0.120526  0.019603  -0.121566  0.990412  0.065615  -0.011506  -0.067507  0.997652  0.000742  -0.002344  0.000425  0.083546  -0.011907  0.519282  2.000000  0.999981  0.002954  0.005383  -0.002959  0.999995  0.000864  -0.005381  -0.000880  0.999985  0.999890  0.014824  0.000464  -0.014825  0.999886  0.002733  -0.000423  -0.002740  0.999996  1.000000  0.000088  0.000163  -0.000088  1.000000  0.000034  -0.000163  -0.000034  1.000000  0.999981  0.002954  0.005383  -0.002959  0.999995  0.000864  -0.005381  -0.000880  0.999985  0.000130  0.015082  
159.274607 0.002161  0.092784  -0.001558  0.992391  0.121540  0.019700  -0.122588  0.990272  0.065835  -0.011506  -0.067749  0.997636  0.000784  -0.002686  0.000352  0.091271  -0.014261  0.553690  2.000000  0.999976  0.003314  0.006047  -0.003320  0.999994  0.001005  -0.006043  -0.001025  0.999981  0.999884  0.015243  0.000363  -0.015244  0.999879  0.002971  -0.000318  -0.002976  0.999996  1.000000  0.000092  0.000167  -0.000092  1.000000  0.000037  -0.000167  -0.000037  1.000000  0.999976  0.003314  0.006047  -0.003320  0.999994  0.001005  -0.006043  -0.001025  0.999981  0.000138  0.015535  
159.275856 0.002162  0.092777  -0.001560  0.992290  0.122349  0.019798  -0.123405  0.990147  0.066179  -0.011506  -0.068112  0.997611  0.000782  -0.003053  0.000291  0.107165  -0.016625  0.588195  2.000000  0.999969  0.003779  0.006902  -0.003788  0.999992  0.001190  -0.006897  -0.001216  0.999975  0.999877  0.015654  0.000395  -0.015655  0.999873  0.003087  -0.000347  -0.003092  0.999995  1.000000  0.000094  0.000172  -0.000094  1.000000  0.000039  -0.000172  -0.000039  1.000000  0.999969  0.003779  0.006902  -0.003788  0.999992  0.001190  -0.006897  -0.001216  0.999975  0.000146  0.015961  
159.276873 0.002163  0.092771  -0.001562  0.992213  0.122955  0.019869  -0.124018  0.990055  0.066407  -0.011506  -0.068354  0.997595  0.000792  -0.003377  0.000145  0.115036  -0.022549  0.608204  2.000000  0.999962  0.004160  0.007603  -0.004170  0.999990  0.001345  -0.007598  -0.001376  0.999970  0.999871  0.016064  0.000427  -0.016066  0.999866  0.003203  -0.000375  -0.003209  0.999995  1.000000  0.000096  0.000176  -0.000096  1.000000  0.000040  -0.000176  -0.000040  1.000000  0.999962  0.004160  0.007603  -0.004170  0.999990  0.001345  -0.007598  -0.001376  0.999970  0.000153  0.016387  
159.278106 0.002164  0.092763  -0.001563  0.992109  0.123757  0.020086  -0.124835  0.989939  0.066614  -0.011640  -0.068596  0.997577  0.000816  -0.003829  -0.000011  0.126953  -0.028926  0.635823  2.000000  0.999955  0.004543  0.008324  -0.004555  0.999988  0.001506  -0.008317  -0.001544  0.999964  0.999868  0.016251  0.000714  -0.016254  0.999862  0.003319  -0.000660  -0.003330  0.999994  1.000000  0.000094  0.000180  -0.000094  1.000000  0.000042  -0.000180  -0.000042  1.000000  0.999955  0.004543  0.008324  -0.004555  0.999988  0.001506  -0.008317  -0.001544  0.999964  0.000161  0.016604  
159.279358 0.002165  0.092756  -0.001564  0.992006  0.124564  0.020186  -0.125652  0.989812  0.066957  -0.011640  -0.068959  0.997552  0.000778  -0.004290  -0.000260  0.138840  -0.030887  0.663368  2.000000  0.999945  0.005007  0.009240  -0.005023  0.999986  0.001714  -0.009231  -0.001760  0.999956  0.999864  0.016438  0.000999  -0.016441  0.999859  0.003438  -0.000942  -0.003454  0.999994  1.000000  0.000092  0.000184  -0.000092  1.000000  0.000043  -0.000184  -0.000043  1.000000  0.999945  0.005007  0.009240  -0.005023  0.999986  0.001714  -0.009231  -0.001760  0.999956  0.000169  0.016826  
159.280605 0.002167  0.092750  -0.001565  0.991901  0.125368  0.020389  -0.126468  0.989702  0.067044  -0.011774  -0.069079  0.997542  0.000778  -0.004590  -0.000348  0.146577  -0.037692  0.697779  2.000000  0.999934  0.005458  0.010148  -0.005477  0.999983  0.001929  -0.010138  -0.001985  0.999947  0.999871  0.016018  0.001108  -0.016022  0.999865  0.003564  -0.001050  -0.003582  0.999993  1.000000  0.000088  0.000180  -0.000088  1.000000  0.000045  -0.000180  -0.000045  1.000000  0.999934  0.005458  0.010148  -0.005477  0.999983  0.001929  -0.010138  -0.001985  0.999947  0.000175  0.016450  
159.281855 0.002167  0.092743  -0.001565  0.991822  0.125974  0.020461  -0.127081  0.989609  0.067271  -0.011774  -0.069321  0.997525  0.000771  -0.004848  -0.000387  0.154658  -0.038243  0.704727  2.000000  0.999922  0.005885  0.011045  -0.005909  0.999980  0.002146  -0.011032  -0.002211  0.999937  0.999878  0.015598  0.001217  -0.015602  0.999872  0.003568  -0.001161  -0.003586  0.999993  1.000000  0.000085  0.000176  -0.000085  1.000000  0.000045  -0.000176  -0.000045  1.000000  0.999922  0.005885  0.011045  -0.005909  0.999980  0.002146  -0.011032  -0.002211  0.999937  0.000179  0.016049  
159.282856 0.002168  0.092738  -0.001564  0.991770  0.126379  0.020504  -0.127489  0.989548  0.067383  -0.011774  -0.069442  0.997516  0.000772  -0.005099  -0.000413  0.154739  -0.037864  0.697810  2.000000  0.999914  0.006142  0.011572  -0.006169  0.999978  0.002280  -0.011558  -0.002351  0.999930  0.999878  0.015607  0.001085  -0.015611  0.999871  0.003689  -0.001027  -0.003705  0.999993  1.000000  0.000086  0.000176  -0.000086  1.000000  0.000046  -0.000176  -0.000046  1.000000  0.999914  0.006142  0.011572  -0.006169  0.999978  0.002280  -0.011558  -0.002351  0.999930  0.000181  0.016076  
159.284102 0.002169  0.092731  -0.001564  0.991691  0.126985  0.020577  -0.128102  0.989454  0.067610  -0.011774  -0.069684  0.997500  0.000782  -0.005297  -0.000454  0.161433  -0.033650  0.699254  2.000000  0.999901  0.006561  0.012433  -0.006592  0.999975  0.002503  -0.012417  -0.002585  0.999920  0.999887  0.014991  0.001044  -0.014994  0.999881  0.003697  -0.000989  -0.003712  0.999993  1.000000  0.000083  0.000169  -0.000083  1.000000  0.000046  -0.000169  -0.000046  1.000000  0.999901  0.006561  0.012433  -0.006592  0.999975  0.002503  -0.012417  -0.002585  0.999920  0.000179  0.015477  
159.285102 0.002168  0.092725  -0.001563  0.991637  0.127381  0.020752  -0.128510  0.989394  0.067705  -0.011908  -0.069805  0.997490  0.000702  -0.005396  -0.000423  0.161384  -0.038184  0.698940  2.000000  0.999890  0.006881  0.013104  -0.006917  0.999972  0.002687  -0.013086  -0.002777  0.999911  0.999890  0.014776  0.001167  -0.014780  0.999883  0.003819  -0.001110  -0.003835  0.999992  1.000000  0.000080  0.000167  -0.000080  1.000000  0.000048  -0.000167  -0.000048  1.000000  0.999890  0.006881  0.013104  -0.006917  0.999972  0.002687  -0.013086  -0.002777  0.999911  0.000181  0.015308  
159.286105 0.002167  0.092719  -0.001562  0.991584  0.127786  0.020796  -0.128918  0.989334  0.067816  -0.011908  -0.069926  0.997481  0.000596  -0.005561  -0.000425  0.158558  -0.039094  0.711613  2.000000  0.999879  0.007191  0.013758  -0.007231  0.999970  0.002875  -0.013737  -0.002974  0.999901  0.999899  0.014160  0.001126  -0.014164  0.999892  0.003827  -0.001071  -0.003842  0.999992  1.000000  0.000077  0.000160  -0.000077  1.000000  0.000048  -0.000160  -0.000048  1.000000  0.999879  0.007191  0.013758  -0.007231  0.999970  0.002875  -0.013737  -0.002974  0.999901  0.000181  0.014713  
159.287352 0.002166  0.092711  -0.001562  0.991531  0.128188  0.020855  -0.129326  0.989264  0.068048  -0.011908  -0.070168  0.997464  0.000395  -0.005707  -0.000400  0.161446  -0.042892  0.698690  2.000000  0.999866  0.007554  0.014531  -0.007600  0.999966  0.003113  -0.014507  -0.003223  0.999890  0.999910  0.013329  0.001205  -0.013333  0.999903  0.003958  -0.001152  -0.003974  0.999991  1.000000  0.000071  0.000152  -0.000071  1.000000  0.000050  -0.000152  -0.000050  1.000000  0.999866  0.007554  0.014531  -0.007600  0.999966  0.003113  -0.014507  -0.003223  0.999890  0.000181  0.013959  
159.288352 0.002164  0.092704  -0.001563  0.991477  0.128593  0.020898  -0.129735  0.989203  0.068159  -0.011908  -0.070289  0.997456  0.000220  -0.005834  -0.000436  0.161559  -0.046957  0.691467  2.000000  0.999855  0.007825  0.015123  -0.007876  0.999964  0.003305  -0.015097  -0.003424  0.999880  0.999919  0.012712  0.001163  -0.012717  0.999911  0.003966  -0.001113  -0.003981  0.999991  1.000000  0.000067  0.000145  -0.000067  1.000000  0.000050  -0.000145  -0.000050  1.000000  0.999855  0.007825  0.015123  -0.007876  0.999964  0.003305  -0.015097  -0.003424  0.999880  0.000178  0.013370  
159.289353 0.002163  0.092697  -0.001563  0.991451  0.128791  0.020943  -0.129939  0.989160  0.068395  -0.011908  -0.070531  0.997438  0.000087  -0.005907  -0.000386  0.165940  -0.050148  0.670810  2.000000  0.999847  0.008020  0.015558  -0.008075  0.999961  0.003449  -0.015530  -0.003574  0.999873  0.999921  0.012498  0.001284  -0.012503  0.999914  0.003969  -0.001234  -0.003985  0.999991  1.000000  0.000064  0.000143  -0.000065  1.000000  0.000050  -0.000143  -0.000050  1.000000  0.999847  0.008020  0.015558  -0.008075  0.999961  0.003449  -0.015530  -0.003574  0.999873  0.000175  0.013178  
159.290606 0.002160  0.092689  -0.001564  0.991397  0.129194  0.021003  -0.130347  0.989091  0.068626  -0.011908  -0.070773  0.997421  -0.000116  -0.005967  -0.000299  0.171720  -0.053275  0.648268  2.000000  0.999833  0.008327  0.016253  -0.008388  0.999958  0.003694  -0.016221  -0.003830  0.999861  0.999929  0.011881  0.001243  -0.011886  0.999921  0.003977  -0.001196  -0.003991  0.999991  1.000000  0.000061  0.000136  -0.000061  1.000000  0.000050  -0.000136  -0.000050  1.000000  0.999833  0.008327  0.016253  -0.008388  0.999958  0.003694  -0.016221  -0.003830  0.999861  0.000170  0.012593  
159.291853 0.002157  0.092681  -0.001564  0.991343  0.129596  0.021063  -0.130755  0.989021  0.068857  -0.011908  -0.071015  0.997404  -0.000343  -0.006013  -0.000178  0.171967  -0.047539  0.628016  2.000000  0.999820  0.008617  0.016913  -0.008685  0.999955  0.003936  -0.016878  -0.004082  0.999849  0.999936  0.011265  0.001202  -0.011270  0.999929  0.003863  -0.001159  -0.003877  0.999992  1.000000  0.000058  0.000129  -0.000058  1.000000  0.000048  -0.000129  -0.000048  1.000000  0.999820  0.008617  0.016913  -0.008685  0.999955  0.003936  -0.016878  -0.004082  0.999849  0.000165  0.011972  
159.292859 0.002155  0.092674  -0.001566  0.991316  0.129797  0.021093  -0.130959  0.988986  0.068973  -0.011908  -0.071136  0.997396  -0.000662  -0.006089  -0.000182  0.176237  -0.046143  0.607113  2.000000  0.999809  0.008835  0.017413  -0.008908  0.999952  0.004127  -0.017376  -0.004281  0.999840  0.999943  0.010649  0.001161  -0.010653  0.999936  0.003871  -0.001120  -0.003883  0.999992  1.000000  0.000054  0.000122  -0.000054  1.000000  0.000048  -0.000122  -0.000048  1.000000  0.999809  0.008835  0.017413  -0.008908  0.999952  0.004127  -0.017376  -0.004281  0.999840  0.000162  0.011392  
159.294109 0.002150  0.092664  -0.001569  0.991262  0.130199  0.021153  -0.131367  0.988915  0.069204  -0.011908  -0.071378  0.997378  -0.001042  -0.006237  -0.000338  0.180563  -0.044830  0.586407  2.000000  0.999797  0.009089  0.018002  -0.009169  0.999948  0.004363  -0.017962  -0.004527  0.999828  0.999951  0.009827  0.001105  -0.009831  0.999944  0.003882  -0.001067  -0.003892  0.999992  1.000000  0.000050  0.000113  -0.000050  1.000000  0.000049  -0.000113  -0.000049  1.000000  0.999797  0.009089  0.018002  -0.009169  0.999948  0.004363  -0.017962  -0.004527  0.999828  0.000154  0.010626  
159.295357 0.002146  0.092655  -0.001573  0.991235  0.130397  0.021198  -0.131571  0.988872  0.069440  -0.011908  -0.071620  0.997361  -0.001425  -0.006419  -0.000579  0.185097  -0.043063  0.559180  2.000000  0.999785  0.009319  0.018540  -0.009405  0.999945  0.004589  -0.018496  -0.004762  0.999818  0.999959  0.009006  0.001048  -0.009010  0.999953  0.003649  -0.001015  -0.003659  0.999993  1.000000  0.000045  0.000104  -0.000045  1.000000  0.000046  -0.000104  -0.000046  1.000000  0.999785  0.009319  0.018540  -0.009405  0.999945  0.004589  -0.018496  -0.004762  0.999818  0.000149  0.009775  
159.296606 0.002140  0.092646  -0.001577  0.991208  0.130598  0.021229  -0.131775  0.988836  0.069555  -0.011908  -0.071741  0.997352  -0.001845  -0.006605  -0.000850  0.185433  -0.045209  0.524019  2.000000  0.999773  0.009529  0.019039  -0.009622  0.999942  0.004810  -0.018992  -0.004992  0.999807  0.999964  0.008390  0.001005  -0.008393  0.999959  0.003536  -0.000976  -0.003544  0.999993  1.000000  0.000042  0.000097  -0.000042  1.000000  0.000044  -0.000097  -0.000044  1.000000  0.999773  0.009529  0.019039  -0.009622  0.999942  0.004810  -0.018992  -0.004992  0.999807  0.000141  0.009161  
159.297857 0.002135  0.092637  -0.001581  0.991181  0.130797  0.021275  -0.131979  0.988793  0.069791  -0.011908  -0.071983  0.997335  -0.002236  -0.006722  -0.001154  0.185762  -0.047901  0.496004  2.000000  0.999764  0.009688  0.019419  -0.009786  0.999940  0.004982  -0.019370  -0.005171  0.999799  0.999968  0.007979  0.000977  -0.007982  0.999962  0.003420  -0.000950  -0.003427  0.999994  1.000000  0.000039  0.000092  -0.000039  1.000000  0.000043  -0.000092  -0.000043  1.000000  0.999764  0.009688  0.019419  -0.009786  0.999940  0.004982  -0.019370  -0.005171  0.999799  0.000135  0.008737  
159.299106 0.002130  0.092630  -0.001585  0.991154  0.130998  0.021305  -0.132184  0.988757  0.069906  -0.011908  -0.072104  0.997326  -0.002623  -0.006802  -0.001419  0.182021  -0.046075  0.468415  2.000000  0.999754  0.009872  0.019850  -0.009977  0.999937  0.005186  -0.019798  -0.005383  0.999790  0.999974  0.007167  0.000785  -0.007169  0.999969  0.003187  -0.000762  -0.003193  0.999995  1.000000  0.000036  0.000082  -0.000036  1.000000  0.000040  -0.000082  -0.000040  1.000000  0.999754  0.009872  0.019850  -0.009977  0.999937  0.005186  -0.019798  -0.005383  0.999790  0.000128  0.007884  
159.300355 0.002124  0.092621  -0.001588  0.991126  0.131199  0.021335  -0.132388  0.988722  0.070022  -0.011908  -0.072225  0.997317  -0.002987  -0.006814  -0.001764  0.178265  -0.044236  0.440790  2.000000  0.999745  0.010038  0.020239  -0.010149  0.999934  0.005382  -0.020184  -0.005586  0.999781  0.999978  0.006551  0.000742  -0.006553  0.999973  0.003195  -0.000721  -0.003200  0.999995  1.000000  0.000033  0.000076  -0.000033  1.000000  0.000040  -0.000076  -0.000040  1.000000  0.999745  0.010038  0.020239  -0.010149  0.999934  0.005382  -0.020184  -0.005586  0.999781  0.000122  0.007327  
159.301602 0.002117  0.092614  -0.001593  0.991126  0.131196  0.021351  -0.132388  0.988713  0.070142  -0.011908  -0.072346  0.997309  -0.003300  -0.006768  -0.002025  0.173082  -0.042040  0.409786  2.000000  0.999736  0.010188  0.020589  -0.010305  0.999931  0.005571  -0.020531  -0.005781  0.999772  0.999983  0.005739  0.000550  -0.005741  0.999979  0.002963  -0.000533  -0.002966  0.999995  1.000000  0.000030  0.000066  -0.000030  1.000000  0.000037  -0.000066  -0.000037  1.000000  0.999736  0.010188  0.020589  -0.010305  0.999931  0.005571  -0.020531  -0.005781  0.999772  0.000112  0.006483  
159.302602 0.002112  0.092608  -0.001595  0.991099  0.131400  0.021366  -0.132592  0.988686  0.070137  -0.011908  -0.072346  0.997309  -0.003585  -0.006751  -0.002224  0.165236  -0.040652  0.389243  2.000000  0.999730  0.010304  0.020851  -0.010426  0.999929  0.005719  -0.020790  -0.005935  0.999766  0.999985  0.005534  0.000535  -0.005535  0.999980  0.002965  -0.000519  -0.002968  0.999995  1.000000  0.000029  0.000063  -0.000029  1.000000  0.000037  -0.000063  -0.000037  1.000000  0.999730  0.010304  0.020851  -0.010426  0.999929  0.005719  -0.020790  -0.005935  0.999766  0.000108  0.006302  
159.303602 0.002106  0.092602  -0.001598  0.991072  0.131601  0.021396  -0.132796  0.988651  0.070253  -0.011908  -0.072467  0.997300  -0.003901  -0.006705  -0.002376  0.158795  -0.039150  0.364895  2.000000  0.999723  0.010409  0.021089  -0.010535  0.999927  0.005862  -0.021026  -0.006083  0.999760  0.999987  0.005123  0.000506  -0.005125  0.999982  0.002970  -0.000491  -0.002973  0.999995  1.000000  0.000027  0.000059  -0.000027  1.000000  0.000037  -0.000059  -0.000037  1.000000  0.999723  0.010409  0.021089  -0.010535  0.999927  0.005862  -0.021026  -0.006083  0.999760  0.000103  0.005944  
159.304603 0.002101  0.092597  -0.001600  0.991072  0.131601  0.021396  -0.132796  0.988651  0.070253  -0.011908  -0.072467  0.997300  -0.004159  -0.006592  -0.002480  0.153687  -0.037407  0.341355  2.000000  0.999722  0.010435  0.021148  -0.010562  0.999927  0.005897  -0.021084  -0.006119  0.999759  0.999989  0.004713  0.000476  -0.004714  0.999985  0.002733  -0.000464  -0.002735  0.999996  1.000000  0.000000  0.000000  0.000000  1.000000  0.000000  0.000000  0.000000  1.000000  0.999722  0.010435  0.021148  -0.010562  0.999927  0.005897  -0.021084  -0.006119  0.999759  0.000095  0.000000  
159.305851 0.002094  0.092591  -0.001602  0.991045  0.131801  0.021426  -0.133000  0.988615  0.070368  -0.011908  -0.072588  0.997291  -0.004384  -0.006416  -0.002568  0.145846  -0.036042  0.320820  2.000000  0.999722  0.010435  0.021148  -0.010562  0.999927  0.005897  -0.021084  -0.006119  0.999759  0.999990  0.004517  0.000329  -0.004518  0.999986  0.002735  -0.000316  -0.002737  0.999996  1.000000  0.000000  0.000000  0.000000  1.000000  0.000000  0.000000  0.000000  1.000000  0.999722  0.010435  0.021148  -0.010562  0.999927  0.005897  -0.021084  -0.006119  0.999759  0.000091  0.000000  
159.307106 0.002088  0.092586  -0.001605  0.991046  0.131808  0.021310  -0.133000  0.988605  0.070506  -0.011774  -0.072709  0.997284  -0.004626  -0.006178  -0.002733  0.139511  -0.029530  0.289661  2.000000  0.999722  0.010435  0.021148  -0.010562  0.999927  0.005897  -0.021084  -0.006119  0.999759  0.999992  0.003911  0.000150  -0.003911  0.999989  0.002501  -0.000141  -0.002501  0.999997  1.000000  0.000000  0.000000  0.000000  1.000000  0.000000  0.000000  0.000000  1.000000  0.999722  0.010435  0.021148  -0.010562  0.999927  0.005897  -0.021084  -0.006119  0.999759  0.000083  0.000000  
159.308352 0.002081  0.092580  -0.001609  0.991046  0.131808  0.021310  -0.133000  0.988605  0.070506  -0.011774  -0.072709  0.997284  -0.004844  -0.005977  -0.002822  0.130312  -0.023377  0.266668  2.000000  0.999722  0.010435  0.021148  -0.010562  0.999927  0.005897  -0.021084  -0.006119  0.999759  0.999994  0.003500  0.000121  -0.003500  0.999991  0.002506  -0.000112  -0.002506  0.999997  1.000000  0.000000  0.000000  0.000000  1.000000  0.000000  0.000000  0.000000  1.000000  0.999722  0.010435  0.021148  -0.010562  0.999927  0.005897  -0.021084  -0.006119  0.999759  0.000076  0.000000  
159.309355 0.002075  0.092575  -0.001613  0.991046  0.131808  0.021310  -0.133000  0.988605  0.070506  -0.011774  -0.072709  0.997284  -0.004953  -0.005803  -0.002905  0.122460  -0.021950  0.246117  2.000000  0.999722  0.010435  0.021148  -0.010562  0.999927  0.005897  -0.021084  -0.006119  0.999759  0.999995  0.003089  0.000091  -0.003090  0.999993  0.002268  -0.000084  -0.002268  0.999997  1.000000  0.000000  0.000000  0.000000  1.000000  0.000000  0.000000  0.000000  1.000000  0.999722  0.010435  0.021148  -0.010562  0.999927  0.005897  -0.021084  -0.006119  0.999759  0.000070  0.000000  
159.310605 0.002069  0.092570  -0.001619  0.991019  0.132009  0.021341  -0.133204  0.988569  0.070622  -0.011774  -0.072830  0.997275  -0.005043  -0.005554  -0.002986  0.122673  -0.016068  0.225872  2.000000  0.999722  0.010435  0.021148  -0.010562  0.999927  0.005897  -0.021084  -0.006119  0.999759  0.999995  0.003089  0.000091  -0.003090  0.999993  0.002147  -0.000085  -0.002147  0.999998  1.000000  0.000000  0.000000  0.000000  1.000000  0.000000  0.000000  0.000000  1.000000  0.999722  0.010435  0.021148  -0.010562  0.999927  0.005897  -0.021084  -0.006119  0.999759  0.000066  0.000000  
159.311856 0.002063  0.092564  -0.001625  0.991019  0.132007  0.021357  -0.133204  0.988561  0.070741  -0.011774  -0.072951  0.997266  -0.005110  -0.005301  -0.003135  0.116856  -0.014409  0.201851  2.000000  0.999722  0.010435  0.021148  -0.010562  0.999927  0.005897  -0.021084  -0.006119  0.999759  0.999996  0.002679  0.000061  -0.002679  0.999995  0.001909  -0.000056  -0.001909  0.999998  1.000000  0.000000  0.000000  0.000000  1.000000  0.000000  0.000000  0.000000  1.000000  0.999722  0.010435  0.021148  -0.010562  0.999927  0.005897  -0.021084  -0.006119  0.999759  0.000060  0.000000  
159.313109 0.002058  0.092560  -0.001631  0.991017  0.131997  0.021489  -0.133204  0.988562  0.070724  -0.011908  -0.072951  0.997264  -0.005101  -0.005078  -0.003303  0.111926  -0.017796  0.185993  2.000000  0.999722  0.010435  0.021148  -0.010562  0.999927  0.005897  -0.021084  -0.006119  0.999759  0.999997  0.002258  0.000165  -0.002259  0.999996  0.001792  -0.000161  -0.001793  0.999998  1.000000  0.000000  0.000000  0.000000  1.000000  0.000000  0.000000  0.000000  1.000000  0.999722  0.010435  0.021148  -0.010562  0.999927  0.005897  -0.021084  -0.006119  0.999759  0.000056  0.000000  
159.314358 0.002053  0.092555  -0.001637  0.991017  0.131997  0.021489  -0.133204  0.988562  0.070724  -0.011908  -0.072951  0.997264  -0.005008  -0.004878  -0.003438  0.107227  -0.012247  0.171275  2.000000  0.999722  0.010435  0.021148  -0.010562  0.999927  0.005897  -0.021084  -0.006119  0.999759  0.999998  0.002053  0.000150  -0.002053  0.999996  0.001673  -0.000147  -0.001674  0.999999  1.000000  0.000000  0.000000  0.000000  1.000000  0.000000  0.000000  0.000000  1.000000  0.999722  0.010435  0.021148  -0.010562  0.999927  0.005897  -0.021084  -0.006119  0.999759  0.000051  0.000000  
159.315359 0.002051  0.092552  -0.001641  0.991017  0.131995  0.021505  -0.133204  0.988553  0.070844  -0.011908  -0.073072  0.997256  -0.004883  -0.004646  -0.003515  0.000000  0.000000  0.000000  2.000000  0.999722  0.010435  0.021148  -0.010562  0.999927  0.005897  -0.021084  -0.006119  0.999759  0.999998  0.001848  0.000135  -0.001848  0.999997  0.001433  -0.000132  -0.001434  0.999999  1.000000  0.000000  0.000000  0.000000  1.000000  0.000000  0.000000  0.000000  1.000000  0.999722  0.010435  0.021148  -0.010562  0.999927  0.005897  -0.021084  -0.006119  0.999759  0.000000  0.000000  
159.316605 0.002047  0.092547  -0.001648  0.991017  0.131995  0.021505  -0.133204  0.988553  0.070844  -0.011908  -0.073072  0.997256  -0.004666  -0.004405  -0.003735  0.000000  0.000000  0.000000  2.000000  0.999722  0.010435  0.021148  -0.010562  0.999927  0.005897  -0.021084  -0.006119  0.999759  0.999999  0.001642  0.000120  -0.001643  0.999998  0.001436  -0.000118  -0.001436  0.999999  1.000000  0.000000  0.000000  0.000000  1.000000  0.000000  0.000000  0.000000  1.000000  0.999722  0.010435  0.021148  -0.010562  0.999927  0.005897  -0.021084  -0.006119  0.999759  0.000000  0.000000  
159.317608 0.002044  0.092544  -0.001653  0.991017  0.131995  0.021505  -0.133204  0.988553  0.070844  -0.011908  -0.073072  0.997256  -0.004448  -0.004204  -0.003901  0.000000  0.000000  0.000000  2.000000  0.999722  0.010435  0.021148  -0.010562  0.999927  0.005897  -0.021084  -0.006119  0.999759  0.999999  0.001232  0.000090  -0.001232  0.999999  0.001198  -0.000089  -0.001198  0.999999  1.000000  0.000000  0.000000  0.000000  1.000000  0.000000  0.000000  0.000000  1.000000  0.999722  0.010435  0.021148  -0.010562  0.999927  0.005897  -0.021084  -0.006119  0.999759  0.000000  0.000000  
159.318858 0.002042  0.092540  -0.001659  0.991016  0.131985  0.021637  -0.133203  0.988555  0.070826  -0.012042  -0.073072  0.997254  -0.004164  -0.004005  -0.004099  0.000000  0.000000  0.000000  2.000000  0.999722  0.010435  0.021148  -0.010562  0.999927  0.005897  -0.021084  -0.006119  0.999759  0.999999  0.001027  0.000075  -0.001027  0.999999  0.001079  -0.000074  -0.001079  0.999999  1.000000  0.000000  0.000000  0.000000  1.000000  0.000000  0.000000  0.000000  1.000000  0.999722  0.010435  0.021148  -0.010562  0.999927  0.005897  -0.021084  -0.006119  0.999759  0.000000  0.000000  
159.320098 0.002040  0.092537  -0.001665  0.991043  0.131779  0.021639  -0.132999  0.988573  0.070950  -0.012042  -0.073193  0.997245  -0.003903  -0.003850  -0.004281  0.000000  0.000000  0.000000  2.000000  0.999722  0.010435  0.021148  -0.010562  0.999927  0.005897  -0.021084  -0.006119  0.999759  1.000000  0.000811  0.000194  -0.000812  0.999999  0.000960  -0.000193  -0.000961  1.000000  1.000000  0.000000  0.000000  0.000000  1.000000  0.000000  0.000000  0.000000  1.000000  0.999722  0.010435  0.021148  -0.010562  0.999927  0.005897  -0.021084  -0.006119  0.999759  0.000000  0.000000  
159.321102 0.002038  0.092534  -0.001670  0.991043  0.131779  0.021639  -0.132999  0.988573  0.070950  -0.012042  -0.073193  0.997245  -0.003611  -0.003708  -0.004491  0.000000  0.000000  0.000000  2.000000  0.999722  0.010435  0.021148  -0.010562  0.999927  0.005897  -0.021084  -0.006119  0.999759  1.000000  0.000606  0.000179  -0.000606  0.999999  0.000963  -0.000178  -0.000963  1.000000  1.000000  0.000000  0.000000  0.000000  1.000000  0.000000  0.000000  0.000000  1.000000  0.999722  0.010435  0.021148  -0.010562  0.999927  0.005897  -0.021084  -0.006119  0.999759  0.000000  0.000000  
159.322102 0.002037  0.092532  -0.001674  0.991043  0.131779  0.021639  -0.132999  0.988573  0.070950  -0.012042  -0.073193  0.997245  -0.003399  -0.003619  -0.004599  0.000000  0.000000  0.000000  2.000000  0.999722  0.010435  0.021148  -0.010562  0.999927  0.005897  -0.021084  -0.006119  0.999759  1.000000  0.000606  0.000179  -0.000606  0.999999  0.000842  -0.000178  -0.000842  1.000000  1.000000  0.000000  0.000000  0.000000  1.000000  0.000000  0.000000  0.000000  1.000000  0.999722  0.010435  0.021148  -0.010562  0.999927  0.005897  -0.021084  -0.006119  0.999759  0.000000  0.000000  
159.323352 0.002035  0.092530  -0.001679  0.991043  0.131779  0.021639  -0.132999  0.988573  0.070950  -0.012042  -0.073193  0.997245  -0.003014  -0.003355  -0.004633  0.000000  0.000000  0.000000  2.000000  0.999722  0.010435  0.021148  -0.010562  0.999927  0.005897  -0.021084  -0.006119  0.999759  1.000000  0.000401  0.000164  -0.000401  1.000000  0.000844  -0.000163  -0.000844  1.000000  1.000000  0.000000  0.000000  0.000000  1.000000  0.000000  0.000000  0.000000  1.000000  0.999722  0.010435  0.021148  -0.010562  0.999927  0.005897  -0.021084  -0.006119  0.999759  0.000000  0.000000  
159.324353 0.002035  0.092528  -0.001682  0.991043  0.131779  0.021639  -0.132999  0.988573  0.070950  -0.012042  -0.073193  0.997245  -0.002709  -0.003161  -0.004634  0.000000  0.000000  0.000000  2.000000  0.999722  0.010435  0.021148  -0.010562  0.999927  0.005897  -0.021084  -0.006119  0.999759  1.000000  0.000196  0.000149  -0.000196  1.000000  0.000725  -0.000148  -0.000725  1.000000  1.000000  0.000000  0.000000  0.000000  1.000000  0.000000  0.000000  0.000000  1.000000  0.999722  0.010435  0.021148  -0.010562  0.999927  0.005897  -0.021084  -0.006119  0.999759  0.000000  0.000000  
159.325356 0.002034  0.092527  -0.001686  0.991043  0.131779  0.021639  -0.132999  0.988573  0.070950  -0.012042  -0.073193  0.997245  -0.002350  -0.002901  -0.004568  0.000000  0.000000  0.000000  2.000000  0.999722  0.010435  0.021148  -0.010562  0.999927  0.005897  -0.021084  -0.006119  0.999759  1.000000  0.000196  0.000149  -0.000196  1.000000  0.000604  -0.000148  -0.000604  1.000000  1.000000  0.000000  0.000000  0.000000  1.000000  0.000000  0.000000  0.000000  1.000000  0.999722  0.010435  0.021148  -0.010562  0.999927  0.005897  -0.021084  -0.006119  0.999759  0.000000  0.000000  
