1-Time 2-Px 3-Py 4-Pz 5-R11 6-R21 7-R31 8-R12 9-R22 10-R32 11-R13 12-R23 13-R33 14-Vx 15-Vy 16-Vz 17-Wx 18-Wy 19-Wz 20-state 21-PR11 22-PR21 23-PR31 24-PR12 25-PR22 26-PR32 27-PR13 28-PR23 29-PR33 
128.819067 0.002921  0.092689  -0.012445  0.998506  0.054628  -0.001482  -0.054528  0.997748  0.039065  0.003613  -0.038926  0.999236  -0.000053  -0.000031  0.000232  0.000000  0.000000  0.000000  2.000000  1.000000  0.000000  0.000000  0.000000  1.000000  0.000000  0.000000  0.000000  1.000000  1.000000  -0.000206  -0.000008  0.000206  1.000000  -0.000001  0.000008  0.000001  1.000000  1.000000  0.000000  0.000000  0.000000  1.000000  0.000000  0.000000  0.000000  1.000000  0.778144  0.365681  -0.510656  -0.437067  0.899157  -0.022121  0.451071  0.240404  0.859501  0.000000  0.000000  
128.820073 0.002921  0.092688  -0.012445  0.998506  0.054628  -0.001482  -0.054528  0.997748  0.039065  0.003613  -0.038926  0.999236  -0.000045  -0.000054  0.000241  0.000000  0.000000  0.000000  2.000000  1.000000  0.000000  0.000000  0.000000  1.000000  0.000000  0.000000  0.000000  1.000000  1.000000  -0.000206  -0.000008  0.000206  1.000000  -0.000001  0.000008  0.000001  1.000000  1.000000  0.000000  0.000000  0.000000  1.000000  0.000000  0.000000  0.000000  1.000000  1.000000  0.000000  0.000000  0.000000  1.000000  0.000000  0.000000  0.000000  1.000000  0.000000  0.000000  
128.821073 0.002920  0.092687  -0.012446  0.998494  0.054833  -0.001467  -0.054734  0.997732  0.039187  0.003613  -0.039047  0.999231  -0.000078  -0.000154  0.000184  0.000000  0.000000  0.000000  2.000000  1.000000  0.000000  0.000000  0.000000  1.000000  0.000000  0.000000  0.000000  1.000000  1.000000  0.000000  0.000000  0.000000  1.000000  0.000121  0.000000  -0.000121  1.000000  1.000000  0.000000  0.000000  0.000000  1.000000  0.000000  0.000000  0.000000  1.000000  1.000000  0.000000  0.000000  0.000000  1.000000  0.000000  0.000000  0.000000  1.000000  0.000000  0.000000  
128.822325 0.002920  0.092685  -0.012447  0.998472  0.055244  -0.001451  -0.055145  0.997709  0.039187  0.003613  -0.039047  0.999231  -0.000071  -0.000306  0.000074  0.000000  0.000000  0.000000  2.000000  1.000000  0.000000  0.000000  0.000000  1.000000  0.000000  0.000000  0.000000  1.000000  1.000000  0.000411  0.000016  -0.000411  1.000000  0.000123  -0.000016  -0.000123  1.000000  1.000000  0.000000  0.000000  0.000000  1.000000  0.000000  0.000000  0.000000  1.000000  1.000000  0.000000  0.000000  0.000000  1.000000  0.000000  0.000000  0.000000  1.000000  0.000000  0.000000  
128.823328 0.002921  0.092683  -0.012447  0.998460  0.055450  -0.001436  -0.055351  0.997693  0.039309  0.003613  -0.039169  0.999226  -0.000057  -0.000426  0.000055  0.000000  0.000000  0.000000  2.000000  1.000000  0.000000  0.000000  0.000000  1.000000  0.000000  0.000000  0.000000  1.000000  1.000000  0.000617  0.000024  -0.000617  1.000000  0.000245  -0.000024  -0.000245  1.000000  1.000000  0.000000  0.000000  0.000000  1.000000  0.000000  0.000000  0.000000  1.000000  1.000000  0.000000  0.000000  0.000000  1.000000  0.000000  0.000000  0.000000  1.000000  0.000000  0.000000  
128.824572 0.002921  0.092679  -0.012447  0.998460  0.055450  -0.001429  -0.055351  0.997688  0.039430  0.003613  -0.039290  0.999221  -0.000020  -0.000678  0.000024  0.000000  0.000000  0.000000  2.000000  1.000000  0.000000  0.000000  0.000000  1.000000  0.000000  0.000000  0.000000  1.000000  1.000000  0.000612  0.000158  -0.000612  1.000000  0.000366  -0.000158  -0.000366  1.000000  1.000000  0.000000  0.000000  0.000000  1.000000  0.000000  0.000000  0.000000  1.000000  1.000000  0.000000  0.000000  0.000000  1.000000  0.000000  0.000000  0.000000  1.000000  0.000000  0.000000  
128.825573 0.002922  0.092676  -0.012447  0.998449  0.055656  -0.001415  -0.055556  0.997672  0.039551  0.003613  -0.039411  0.999217  0.000019  -0.000864  0.000031  0.000000  0.000000  0.000000  2.000000  1.000000  0.000000  0.000000  0.000000  1.000000  0.000000  0.000000  0.000000  1.000000  1.000000  0.000823  0.000032  -0.000823  1.000000  0.000488  -0.000032  -0.000488  1.000000  1.000000  0.000000  0.000000  0.000000  1.000000  0.000000  0.000000  0.000000  1.000000  1.000000  0.000000  0.000000  0.000000  1.000000  0.000000  0.000000  0.000000  1.000000  0.000000  0.000000  
128.826583 0.002923  0.092674  -0.012446  0.998426  0.056072  -0.001525  -0.055967  0.997644  0.039680  0.003746  -0.039532  0.999211  0.000100  -0.001042  0.000021  0.000000  0.000000  0.000000  2.000000  1.000000  0.000000  0.000000  0.000000  1.000000  0.000000  0.000000  0.000000  1.000000  0.999999  0.001029  0.000041  -0.001029  0.999999  0.000610  -0.000040  -0.000610  1.000000  1.000000  0.000000  0.000000  0.000000  1.000000  0.000000  0.000000  0.000000  1.000000  1.000000  0.000000  0.000000  0.000000  1.000000  0.000000  0.000000  0.000000  1.000000  0.000000  0.000000  
128.827828 0.002923  0.092670  -0.012446  0.998402  0.056483  -0.001502  -0.056378  0.997616  0.039802  0.003746  -0.039653  0.999206  0.000154  -0.001258  0.000045  0.000000  0.000000  0.000000  2.000000  1.000000  0.000000  0.000000  0.000000  1.000000  0.000000  0.000000  0.000000  1.000000  0.999999  0.001651  -0.000068  -0.001651  0.999998  0.000734  0.000070  -0.000734  1.000000  1.000000  0.000000  0.000000  0.000000  1.000000  0.000000  0.000000  0.000000  1.000000  1.000000  0.000000  0.000000  0.000000  1.000000  0.000000  0.000000  0.000000  1.000000  0.000000  0.000000  
128.829077 0.002925  0.092667  -0.012445  0.998379  0.056894  -0.001479  -0.056789  0.997588  0.039923  0.003746  -0.039775  0.999202  0.000254  -0.001488  0.000054  0.000000  0.000000  0.000000  2.000000  1.000000  0.000000  0.000000  0.000000  1.000000  0.000000  0.000000  0.000000  1.000000  0.999998  0.002062  -0.000052  -0.002062  0.999998  0.000857  0.000054  -0.000857  1.000000  1.000000  0.000000  0.000000  0.000000  1.000000  0.000000  0.000000  0.000000  1.000000  1.000000  0.000000  0.000000  0.000000  1.000000  0.000000  0.000000  0.000000  1.000000  0.000000  0.000000  
128.830077 0.002926  0.092664  -0.012445  0.998356  0.057305  -0.001455  -0.057201  0.997559  0.040045  0.003746  -0.039896  0.999197  0.000332  -0.001673  0.000089  0.000000  0.000000  0.000000  2.000000  1.000000  0.000000  0.000000  0.000000  1.000000  0.000000  0.000000  0.000000  1.000000  0.999997  0.002474  -0.000035  -0.002474  0.999996  0.000980  0.000038  -0.000979  1.000000  1.000000  0.000000  0.000000  0.000000  1.000000  0.000000  0.000000  0.000000  1.000000  1.000000  0.000000  0.000000  0.000000  1.000000  0.000000  0.000000  0.000000  1.000000  0.000000  0.000000  
128.831323 0.002928  0.092661  -0.012444  0.998320  0.057921  -0.001423  -0.057817  0.997519  0.040167  0.003746  -0.040017  0.999192  0.000450  -0.001909  0.000070  0.000000  0.000000  0.000000  2.000000  1.000000  0.000000  0.000000  0.000000  1.000000  0.000000  0.000000  0.000000  1.000000  0.999996  0.002885  -0.000018  -0.002885  0.999995  0.001102  0.000022  -0.001102  0.999999  1.000000  0.000000  0.000000  0.000000  1.000000  0.000000  0.000000  0.000000  1.000000  1.000000  0.000000  0.000000  0.000000  1.000000  0.000000  0.000000  0.000000  1.000000  0.000000  0.000000  
128.832360 0.002929  0.092658  -0.012443  0.998296  0.058332  -0.001407  -0.058228  0.997495  0.040167  0.003746  -0.040017  0.999192  0.000545  -0.002061  0.000159  0.000000  0.000000  0.000000  2.000000  1.000000  0.000000  0.000000  0.000000  1.000000  0.000000  0.000000  0.000000  1.000000  0.999995  0.003297  -0.000002  -0.003297  0.999994  0.001104  0.000005  -0.001104  0.999999  1.000000  0.000000  0.000000  0.000000  1.000000  0.000000  0.000000  0.000000  1.000000  1.000000  0.000000  0.000000  0.000000  1.000000  0.000000  0.000000  0.000000  1.000000  0.000000  0.000000  
128.833577 0.002931  0.092655  -0.012441  0.998272  0.058742  -0.001383  -0.058639  0.997466  0.040289  0.003746  -0.040138  0.999187  0.000699  -0.002265  0.000294  0.000000  0.000000  0.000000  2.000000  1.000000  0.000000  0.000000  0.000000  1.000000  0.000000  0.000000  0.000000  1.000000  0.999992  0.003914  0.000023  -0.003914  0.999992  0.001227  -0.000019  -0.001227  0.999999  1.000000  0.000000  0.000000  0.000000  1.000000  0.000000  0.000000  0.000000  1.000000  1.000000  0.000000  0.000000  0.000000  1.000000  0.000000  0.000000  0.000000  1.000000  0.000000  0.000000  
128.834578 0.002933  0.092653  -0.012440  0.998248  0.059153  -0.001359  -0.059050  0.997437  0.040411  0.003746  -0.040259  0.999182  0.000805  -0.002445  0.000393  0.000000  0.000000  0.000000  2.000000  1.000000  0.000000  0.000000  0.000000  1.000000  0.000000  0.000000  0.000000  1.000000  0.999991  0.004325  0.000040  -0.004325  0.999990  0.001350  -0.000035  -0.001350  0.999999  1.000000  0.000000  0.000000  0.000000  1.000000  0.000000  0.000000  0.000000  1.000000  1.000000  0.000000  0.000000  0.000000  1.000000  0.000000  0.000000  0.000000  1.000000  0.000000  0.000000  
128.835823 0.002934  0.092648  -0.012438  0.998211  0.059769  -0.001327  -0.059667  0.997395  0.040532  0.003746  -0.040381  0.999177  0.000918  -0.002648  0.000500  0.000000  0.000000  0.000000  2.000000  1.000000  0.000000  0.000000  0.000000  1.000000  0.000000  0.000000  0.000000  1.000000  0.999988  0.004942  0.000066  -0.004942  0.999987  0.001474  -0.000059  -0.001474  0.999999  1.000000  0.000000  0.000000  0.000000  1.000000  0.000000  0.000000  0.000000  1.000000  1.000000  0.000000  0.000000  0.000000  1.000000  0.000000  0.000000  0.000000  1.000000  0.000000  0.000000  
128.837073 0.002936  0.092643  -0.012436  0.998174  0.060391  -0.001421  -0.060283  0.997348  0.040783  0.003880  -0.040623  0.999167  0.001039  -0.002820  0.000699  0.057767  0.001556  0.187006  2.000000  1.000000  0.000270  0.000002  -0.000270  1.000000  0.000078  -0.000002  -0.000078  1.000000  0.999985  0.005565  -0.000042  -0.005565  0.999983  0.001598  0.000051  -0.001598  0.999999  1.000000  0.000070  -0.000001  -0.000070  1.000000  0.000020  0.000001  -0.000020  1.000000  1.000000  0.000270  0.000002  -0.000270  1.000000  0.000078  -0.000002  -0.000078  1.000000  0.000047  0.005790  
128.838074 0.002937  0.092638  -0.012434  0.998149  0.060802  -0.001397  -0.060694  0.997318  0.040905  0.003880  -0.040744  0.999162  0.001083  -0.002998  0.000841  0.061425  0.000986  0.199305  2.000000  1.000000  0.000564  0.000001  -0.000564  1.000000  0.000166  -0.000001  -0.000166  1.000000  0.999982  0.005976  -0.000024  -0.005976  0.999980  0.001842  0.000035  -0.001842  0.999998  1.000000  0.000075  -0.000000  -0.000075  1.000000  0.000023  0.000000  -0.000023  1.000000  1.000000  0.000564  0.000001  -0.000564  1.000000  0.000166  -0.000001  -0.000166  1.000000  0.000051  0.006254  
128.839323 0.002937  0.092631  -0.012432  0.998124  0.061213  -0.001365  -0.061105  0.997283  0.041147  0.003880  -0.040987  0.999152  0.001059  -0.003240  0.000990  0.070122  0.000416  0.214727  2.000000  1.000000  0.000961  -0.000000  -0.000961  0.999999  0.000286  0.000000  -0.000286  1.000000  0.999978  0.006593  0.000002  -0.006593  0.999976  0.001965  0.000011  -0.001965  0.999998  1.000000  0.000082  -0.000000  -0.000082  1.000000  0.000025  0.000000  -0.000025  1.000000  1.000000  0.000961  -0.000000  -0.000961  0.999999  0.000286  0.000000  -0.000286  1.000000  0.000056  0.006880  
128.840328 0.002938  0.092625  -0.012431  0.998086  0.061829  -0.001332  -0.061722  0.997240  0.041269  0.003880  -0.041108  0.999147  0.001115  -0.003428  0.001095  0.074258  -0.000428  0.235409  2.000000  0.999999  0.001301  0.000000  -0.001301  0.999999  0.000393  0.000000  -0.000393  1.000000  0.999975  0.007005  0.000020  -0.007005  0.999973  0.002209  -0.000005  -0.002210  0.999998  1.000000  0.000088  0.000000  -0.000088  1.000000  0.000028  -0.000000  -0.000028  1.000000  0.999999  0.001301  0.000000  -0.001301  0.999999  0.000393  0.000000  -0.000393  1.000000  0.000060  0.007345  
128.841575 0.002940  0.092618  -0.012428  0.998060  0.062240  -0.001293  -0.062133  0.997199  0.041632  0.003880  -0.041471  0.999132  0.001132  -0.003717  0.001189  0.086528  -0.001027  0.249204  2.000000  0.999998  0.001754  0.000002  -0.001754  0.999998  0.000536  -0.000001  -0.000536  1.000000  0.999973  0.007416  0.000039  -0.007416  0.999970  0.002332  -0.000022  -0.002332  0.999997  1.000000  0.000093  0.000000  -0.000093  1.000000  0.000029  -0.000000  -0.000029  1.000000  0.999998  0.001754  0.000002  -0.001754  0.999998  0.000536  -0.000001  -0.000536  1.000000  0.000065  0.007774  
128.842589 0.002941  0.092611  -0.012427  0.998035  0.062651  -0.001260  -0.062543  0.997163  0.041875  0.003880  -0.041714  0.999122  0.001173  -0.003982  0.001294  0.094761  -0.001615  0.263111  2.000000  0.999998  0.002032  0.000003  -0.002032  0.999998  0.000631  -0.000002  -0.000631  1.000000  0.999971  0.007622  0.000050  -0.007622  0.999968  0.002576  -0.000030  -0.002576  0.999997  1.000000  0.000095  0.000000  -0.000095  1.000000  0.000032  -0.000000  -0.000032  1.000000  0.999998  0.002032  0.000003  -0.002032  0.999998  0.000631  -0.000002  -0.000631  1.000000  0.000070  0.008045  
128.843827 0.002941  0.092603  -0.012425  0.998009  0.063062  -0.001228  -0.062954  0.997127  0.042117  0.003880  -0.041956  0.999112  0.001131  -0.004340  0.001352  0.102926  -0.002206  0.276827  2.000000  0.999997  0.002413  0.000006  -0.002413  0.999997  0.000766  -0.000004  -0.000766  1.000000  0.999969  0.007827  0.000060  -0.007827  0.999966  0.002698  -0.000039  -0.002698  0.999996  1.000000  0.000098  0.000001  -0.000098  1.000000  0.000034  -0.000001  -0.000034  1.000000  0.999997  0.002413  0.000006  -0.002413  0.999997  0.000766  -0.000004  -0.000766  1.000000  0.000074  0.008279  
128.844828 0.002942  0.092595  -0.012425  0.997983  0.063473  -0.001195  -0.063365  0.997091  0.042360  0.003880  -0.042199  0.999102  0.001095  -0.004654  0.001319  0.111149  -0.002801  0.290704  2.000000  0.999996  0.002802  0.000005  -0.002802  0.999996  0.000907  -0.000003  -0.000907  1.000000  0.999969  0.007833  -0.000072  -0.007833  0.999965  0.002819  0.000094  -0.002818  0.999996  1.000000  0.000098  -0.000001  -0.000098  1.000000  0.000035  0.000001  -0.000035  1.000000  0.999996  0.002802  0.000005  -0.002802  0.999996  0.000907  -0.000003  -0.000907  1.000000  0.000076  0.008325  
128.846078 0.002944  0.092586  -0.012424  0.997957  0.063884  -0.001162  -0.063776  0.997054  0.042602  0.003880  -0.042441  0.999091  0.001099  -0.005027  0.001412  0.119350  -0.003680  0.311365  2.000000  0.999995  0.003309  0.000006  -0.003309  0.999994  0.001090  -0.000003  -0.001090  0.999999  0.999966  0.008239  0.000081  -0.008239  0.999962  0.002942  -0.000057  -0.002942  0.999996  1.000000  0.000103  0.000001  -0.000103  1.000000  0.000037  -0.000001  -0.000037  1.000000  0.999995  0.003309  0.000006  -0.003309  0.999994  0.001090  -0.000003  -0.001090  0.999999  0.000083  0.008749  
128.847328 0.002945  0.092578  -0.012423  0.997917  0.064500  -0.001120  -0.064393  0.997004  0.042845  0.003880  -0.042683  0.999081  0.001092  -0.005358  0.001360  0.127580  -0.004564  0.332103  2.000000  0.999993  0.003829  0.000013  -0.003829  0.999992  0.001282  -0.000008  -0.001282  0.999999  0.999966  0.008233  0.000217  -0.008234  0.999961  0.003063  -0.000192  -0.003065  0.999995  1.000000  0.000103  0.000003  -0.000103  1.000000  0.000038  -0.000003  -0.000038  1.000000  0.999993  0.003829  0.000013  -0.003829  0.999992  0.001282  -0.000008  -0.001282  0.999999  0.000087  0.008787  
128.848577 0.002946  0.092569  -0.012421  0.997891  0.064910  -0.001087  -0.064803  0.996967  0.043087  0.003880  -0.042926  0.999071  0.000999  -0.005750  0.001340  0.135801  -0.005172  0.345970  2.000000  0.999991  0.004346  0.000027  -0.004346  0.999989  0.001479  -0.000021  -0.001479  0.999999  0.999966  0.008233  0.000219  -0.008234  0.999961  0.003184  -0.000193  -0.003186  0.999995  1.000000  0.000103  0.000003  -0.000103  1.000000  0.000040  -0.000003  -0.000040  1.000000  0.999991  0.004346  0.000027  -0.004346  0.999989  0.001479  -0.000021  -0.001479  0.999999  0.000091  0.008830  
128.849827 0.002947  0.092561  -0.012419  0.997878  0.065110  -0.000929  -0.065009  0.996944  0.043320  0.003746  -0.043168  0.999061  0.000939  -0.006110  0.001384  0.143980  -0.009991  0.352758  2.000000  0.999988  0.004861  0.000046  -0.004861  0.999987  0.001683  -0.000038  -0.001683  0.999999  0.999966  0.008227  0.000355  -0.008228  0.999961  0.003304  -0.000327  -0.003307  0.999994  1.000000  0.000103  0.000004  -0.000103  1.000000  0.000041  -0.000004  -0.000041  1.000000  0.999988  0.004861  0.000046  -0.004861  0.999987  0.001683  -0.000038  -0.001683  0.999999  0.000095  0.008874  
128.851076 0.002948  0.092553  -0.012416  0.997851  0.065521  -0.000903  -0.065420  0.996912  0.043442  0.003746  -0.043289  0.999056  0.000924  -0.006322  0.001444  0.143977  -0.010034  0.352750  2.000000  0.999986  0.005267  0.000064  -0.005267  0.999984  0.001853  -0.000054  -0.001853  0.999998  0.999966  0.008227  0.000357  -0.008228  0.999960  0.003426  -0.000328  -0.003429  0.999994  1.000000  0.000103  0.000004  -0.000103  1.000000  0.000043  -0.000004  -0.000043  1.000000  0.999986  0.005267  0.000064  -0.005267  0.999984  0.001853  -0.000054  -0.001853  0.999998  0.000097  0.008919  
128.852325 0.002948  0.092545  -0.012414  0.997837  0.065726  -0.000878  -0.065625  0.996888  0.043684  0.003746  -0.043532  0.999045  0.000842  -0.006499  0.001450  0.148063  -0.010099  0.352772  2.000000  0.999983  0.005763  0.000085  -0.005763  0.999981  0.002071  -0.000074  -0.002072  0.999998  0.999969  0.007816  0.000341  -0.007817  0.999963  0.003546  -0.000313  -0.003548  0.999994  1.000000  0.000098  0.000004  -0.000098  1.000000  0.000044  -0.000004  -0.000044  1.000000  0.999983  0.005763  0.000085  -0.005763  0.999981  0.002071  -0.000074  -0.002072  0.999998  0.000096  0.008590  
128.853573 0.002948  0.092536  -0.012411  0.997810  0.066137  -0.000844  -0.066036  0.996850  0.043926  0.003746  -0.043774  0.999034  0.000753  -0.006640  0.001490  0.150891  -0.005908  0.356912  2.000000  0.999980  0.006247  0.000107  -0.006247  0.999978  0.002299  -0.000093  -0.002299  0.999997  0.999971  0.007610  0.000334  -0.007611  0.999964  0.003787  -0.000305  -0.003790  0.999993  1.000000  0.000095  0.000004  -0.000095  1.000000  0.000047  -0.000004  -0.000047  1.000000  0.999980  0.006247  0.000107  -0.006247  0.999978  0.002299  -0.000093  -0.002299  0.999997  0.000096  0.008507  
128.854573 0.002947  0.092529  -0.012409  0.997797  0.066342  -0.000819  -0.066241  0.996826  0.044168  0.003746  -0.044016  0.999024  0.000648  -0.006735  0.001513  0.156258  -0.010517  0.359717  2.000000  0.999978  0.006624  0.000124  -0.006625  0.999975  0.002485  -0.000108  -0.002486  0.999997  0.999971  0.007610  0.000334  -0.007611  0.999964  0.003787  -0.000306  -0.003790  0.999993  1.000000  0.000095  0.000004  -0.000095  1.000000  0.000047  -0.000004  -0.000047  1.000000  0.999978  0.006624  0.000124  -0.006625  0.999975  0.002485  -0.000108  -0.002486  0.999997  0.000099  0.008507  
128.855573 0.002947  0.092522  -0.012407  0.997783  0.066548  -0.000802  -0.066447  0.996807  0.044289  0.003746  -0.044137  0.999018  0.000543  -0.006844  0.001539  0.157616  -0.010652  0.362842  2.000000  0.999976  0.006984  0.000141  -0.006985  0.999972  0.002676  -0.000122  -0.002677  0.999996  0.999976  0.006993  0.000309  -0.006994  0.999968  0.003907  -0.000282  -0.003909  0.999992  1.000000  0.000087  0.000004  -0.000087  1.000000  0.000049  -0.000004  -0.000049  1.000000  0.999976  0.006984  0.000141  -0.006985  0.999972  0.002676  -0.000122  -0.002677  0.999996  0.000098  0.008016  
128.856587 0.002946  0.092514  -0.012405  0.997783  0.066548  -0.000785  -0.066447  0.996796  0.044531  0.003746  -0.044380  0.999008  0.000398  -0.006900  0.001541  0.164348  -0.014802  0.352477  2.000000  0.999973  0.007329  0.000157  -0.007329  0.999969  0.002871  -0.000136  -0.002872  0.999996  0.999977  0.006787  0.000301  -0.006788  0.999969  0.003906  -0.000274  -0.003908  0.999992  1.000000  0.000085  0.000004  -0.000085  1.000000  0.000049  -0.000004  -0.000049  1.000000  0.999973  0.007329  0.000157  -0.007329  0.999969  0.002871  -0.000136  -0.002872  0.999996  0.000097  0.007837  
128.857823 0.002945  0.092505  -0.012403  0.997769  0.066753  -0.000760  -0.066652  0.996771  0.044773  0.003746  -0.044622  0.998997  0.000268  -0.006984  0.001583  0.167086  -0.014461  0.342872  2.000000  0.999970  0.007737  0.000179  -0.007738  0.999965  0.003121  -0.000155  -0.003122  0.999995  0.999980  0.006370  0.000419  -0.006371  0.999972  0.004026  -0.000393  -0.004028  0.999992  1.000000  0.000080  0.000005  -0.000080  1.000000  0.000050  -0.000005  -0.000050  1.000000  0.999970  0.007737  0.000179  -0.007738  0.999965  0.003121  -0.000155  -0.003122  0.999995  0.000095  0.007548  
128.859072 0.002944  0.092496  -0.012401  0.997755  0.066965  -0.000868  -0.066858  0.996746  0.045024  0.003880  -0.044864  0.998986  0.000143  -0.006977  0.001658  0.171123  -0.009776  0.336194  2.000000  0.999968  0.008051  0.000196  -0.008052  0.999962  0.003325  -0.000169  -0.003327  0.999994  0.999981  0.006170  0.000277  -0.006171  0.999972  0.004147  -0.000252  -0.004149  0.999991  1.000000  0.000077  0.000003  -0.000077  1.000000  0.000052  -0.000003  -0.000052  1.000000  0.999968  0.008051  0.000196  -0.008052  0.999962  0.003325  -0.000169  -0.003327  0.999994  0.000094  0.007440  
128.860074 0.002943  0.092489  -0.012399  0.997755  0.066965  -0.000852  -0.066858  0.996735  0.045265  0.003880  -0.045107  0.998975  0.000001  -0.007002  0.001690  0.175104  -0.009253  0.322458  2.000000  0.999965  0.008349  0.000210  -0.008350  0.999959  0.003534  -0.000181  -0.003536  0.999994  0.999983  0.005758  0.000260  -0.005760  0.999974  0.004267  -0.000235  -0.004268  0.999991  1.000000  0.000072  0.000003  -0.000072  1.000000  0.000053  -0.000003  -0.000053  1.000000  0.999965  0.008349  0.000210  -0.008350  0.999959  0.003534  -0.000181  -0.003536  0.999994  0.000093  0.007172  
128.861342 0.002942  0.092480  -0.012398  0.997741  0.067170  -0.000818  -0.067063  0.996705  0.045628  0.003880  -0.045470  0.998958  -0.000153  -0.006996  0.001724  0.184558  -0.008812  0.311134  2.000000  0.999962  0.008701  0.000228  -0.008702  0.999955  0.003798  -0.000195  -0.003799  0.999993  0.999986  0.005347  0.000243  -0.005348  0.999977  0.004266  -0.000220  -0.004267  0.999991  1.000000  0.000067  0.000003  -0.000067  1.000000  0.000053  -0.000003  -0.000053  1.000000  0.999962  0.008701  0.000228  -0.008702  0.999955  0.003798  -0.000195  -0.003799  0.999993  0.000091  0.006845  
128.862576 0.002941  0.092470  -0.012397  0.997727  0.067376  -0.000792  -0.067268  0.996680  0.045870  0.003880  -0.045713  0.998947  -0.000317  -0.007038  0.001683  0.191187  -0.008487  0.301863  2.000000  0.999960  0.008897  0.000238  -0.008898  0.999953  0.003959  -0.000203  -0.003961  0.999992  0.999988  0.004936  0.000226  -0.004937  0.999978  0.004385  -0.000204  -0.004386  0.999990  1.000000  0.000000  0.000000  0.000000  1.000000  0.000000  0.000000  0.000000  1.000000  0.999960  0.008897  0.000238  -0.008898  0.999953  0.003959  -0.000203  -0.003961  0.999992  0.000088  0.000000  
128.863577 0.002939  0.092463  -0.012397  0.997727  0.067376  -0.000776  -0.067268  0.996669  0.046112  0.003880  -0.045955  0.998936  -0.000503  -0.007102  0.001574  0.194601  -0.007813  0.286433  2.000000  0.999960  0.008961  0.000241  -0.008962  0.999952  0.004012  -0.000205  -0.004014  0.999992  0.999989  0.004730  0.000218  -0.004731  0.999980  0.004263  -0.000197  -0.004264  0.999991  1.000000  0.000000  0.000000  0.000000  1.000000  0.000000  0.000000  0.000000  1.000000  0.999960  0.008961  0.000241  -0.008962  0.999952  0.004012  -0.000205  -0.004014  0.999992  0.000088  0.000000  
128.864578 0.002939  0.092456  -0.012398  0.997727  0.067376  -0.000760  -0.067268  0.996658  0.046354  0.003880  -0.046197  0.998925  -0.000588  -0.007138  0.001427  0.200776  -0.007172  0.269775  2.000000  0.999960  0.008961  0.000241  -0.008962  0.999952  0.004012  -0.000205  -0.004014  0.999992  0.999991  0.004319  0.000200  -0.004319  0.999982  0.004262  -0.000181  -0.004263  0.999991  1.000000  0.000000  0.000000  0.000000  1.000000  0.000000  0.000000  0.000000  1.000000  0.999960  0.008961  0.000241  -0.008962  0.999952  0.004012  -0.000205  -0.004014  0.999992  0.000085  0.000000  
128.865578 0.002937  0.092448  -0.012398  0.997713  0.067581  -0.000734  -0.067474  0.996632  0.046596  0.003880  -0.046440  0.998914  -0.000702  -0.007206  0.001293  0.204824  -0.006921  0.262858  2.000000  0.999960  0.008961  0.000241  -0.008962  0.999952  0.004012  -0.000205  -0.004014  0.999992  0.999992  0.004113  0.000191  -0.004114  0.999982  0.004261  -0.000173  -0.004262  0.999991  1.000000  0.000000  0.000000  0.000000  1.000000  0.000000  0.000000  0.000000  1.000000  0.999960  0.008961  0.000241  -0.008962  0.999952  0.004012  -0.000205  -0.004014  0.999992  0.000081  0.000000  
128.866829 0.002936  0.092439  -0.012398  0.997713  0.067582  -0.000717  -0.067474  0.996621  0.046838  0.003880  -0.046682  0.998902  -0.000820  -0.007266  0.001095  0.204761  -0.010571  0.241923  2.000000  0.999960  0.008961  0.000241  -0.008962  0.999952  0.004012  -0.000205  -0.004014  0.999992  0.999993  0.003702  0.000173  -0.003702  0.999984  0.004381  -0.000157  -0.004381  0.999990  1.000000  0.000000  0.000000  0.000000  1.000000  0.000000  0.000000  0.000000  1.000000  0.999960  0.008961  0.000241  -0.008962  0.999952  0.004012  -0.000205  -0.004014  0.999992  0.000081  0.000000  
128.868072 0.002935  0.092431  -0.012398  0.997713  0.067582  -0.000701  -0.067474  0.996610  0.047079  0.003880  -0.046924  0.998891  -0.000866  -0.007254  0.000960  0.207101  -0.009928  0.226260  2.000000  0.999960  0.008961  0.000241  -0.008962  0.999952  0.004012  -0.000205  -0.004014  0.999992  0.999995  0.003290  0.000155  -0.003291  0.999985  0.004379  -0.000140  -0.004380  0.999990  1.000000  0.000000  0.000000  0.000000  1.000000  0.000000  0.000000  0.000000  1.000000  0.999960  0.008961  0.000241  -0.008962  0.999952  0.004012  -0.000205  -0.004014  0.999992  0.000077  0.000000  
128.869321 0.002934  0.092422  -0.012398  0.997713  0.067582  -0.000684  -0.067474  0.996598  0.047321  0.003880  -0.047167  0.998879  -0.000905  -0.007248  0.000756  0.207041  -0.009377  0.212537  2.000000  0.999960  0.008961  0.000241  -0.008962  0.999952  0.004012  -0.000205  -0.004014  0.999992  0.999996  0.002879  0.000136  -0.002880  0.999986  0.004378  -0.000123  -0.004378  0.999990  1.000000  0.000000  0.000000  0.000000  1.000000  0.000000  0.000000  0.000000  1.000000  0.999960  0.008961  0.000241  -0.008962  0.999952  0.004012  -0.000205  -0.004014  0.999992  0.000075  0.000000  
128.870325 0.002933  0.092415  -0.012398  0.997713  0.067582  -0.000668  -0.067474  0.996587  0.047563  0.003880  -0.047409  0.998868  -0.000956  -0.007214  0.000635  0.211020  -0.008505  0.191981  2.000000  0.999960  0.008961  0.000241  -0.008962  0.999952  0.004012  -0.000205  -0.004014  0.999992  0.999997  0.002474  -0.000017  -0.002474  0.999988  0.004255  0.000027  -0.004255  0.999991  1.000000  0.000000  0.000000  0.000000  1.000000  0.000000  0.000000  0.000000  1.000000  0.999960  0.008961  0.000241  -0.008962  0.999952  0.004012  -0.000205  -0.004014  0.999992  0.000071  0.000000  
128.871573 0.002931  0.092407  -0.012398  0.997713  0.067582  -0.000652  -0.067474  0.996575  0.047805  0.003880  -0.047651  0.998856  -0.000986  -0.007136  0.000509  0.206912  -0.007951  0.178256  2.000000  0.999960  0.008961  0.000241  -0.008962  0.999952  0.004012  -0.000205  -0.004014  0.999992  0.999998  0.002063  -0.000036  -0.002063  0.999989  0.004253  0.000045  -0.004253  0.999991  1.000000  0.000000  0.000000  0.000000  1.000000  0.000000  0.000000  0.000000  1.000000  0.999960  0.008961  0.000241  -0.008962  0.999952  0.004012  -0.000205  -0.004014  0.999992  0.000068  0.000000  
128.872573 0.002930  0.092401  -0.012397  0.997713  0.067582  -0.000643  -0.067474  0.996569  0.047925  0.003880  -0.047772  0.998851  -0.001006  -0.007069  0.000403  0.202913  -0.007373  0.164622  2.000000  0.999960  0.008961  0.000241  -0.008962  0.999952  0.004012  -0.000205  -0.004014  0.999992  0.999998  0.001857  -0.000045  -0.001857  0.999989  0.004374  0.000053  -0.004374  0.999990  1.000000  0.000000  0.000000  0.000000  1.000000  0.000000  0.000000  0.000000  1.000000  0.999960  0.008961  0.000241  -0.008962  0.999952  0.004012  -0.000205  -0.004014  0.999992  0.000066  0.000000  
128.873825 0.002929  0.092393  -0.012396  0.997713  0.067589  -0.000760  -0.067474  0.996557  0.048176  0.004014  -0.048015  0.998839  -0.001016  -0.006981  0.000296  0.202771  -0.002336  0.151030  2.000000  0.999960  0.008961  0.000241  -0.008962  0.999952  0.004012  -0.000205  -0.004014  0.999992  0.999999  0.001658  -0.000188  -0.001657  0.999989  0.004373  0.000195  -0.004373  0.999990  1.000000  0.000000  0.000000  0.000000  1.000000  0.000000  0.000000  0.000000  1.000000  0.999960  0.008961  0.000241  -0.008962  0.999952  0.004012  -0.000205  -0.004014  0.999992  0.000064  0.000000  
128.875074 0.002928  0.092387  -0.012395  0.997713  0.067589  -0.000744  -0.067474  0.996546  0.048418  0.004014  -0.048257  0.998827  -0.000994  -0.006773  0.000284  0.202721  -0.001752  0.137320  2.000000  0.999960  0.008961  0.000241  -0.008962  0.999952  0.004012  -0.000205  -0.004014  0.999992  0.999999  0.001247  -0.000208  -0.001246  0.999990  0.004372  0.000213  -0.004371  0.999990  1.000000  0.000000  0.000000  0.000000  1.000000  0.000000  0.000000  0.000000  1.000000  0.999960  0.008961  0.000241  -0.008962  0.999952  0.004012  -0.000205  -0.004014  0.999992  0.000061  0.000000  
128.876076 0.002927  0.092381  -0.012394  0.997713  0.067589  -0.000728  -0.067474  0.996534  0.048660  0.004014  -0.048499  0.998815  -0.001048  -0.006685  0.000238  0.202667  -0.001161  0.123608  2.000000  0.999960  0.008961  0.000241  -0.008962  0.999952  0.004012  -0.000205  -0.004014  0.999992  0.999999  0.001247  -0.000208  -0.001246  0.999990  0.004250  0.000213  -0.004250  0.999991  1.000000  0.000000  0.000000  0.000000  1.000000  0.000000  0.000000  0.000000  1.000000  0.999960  0.008961  0.000241  -0.008962  0.999952  0.004012  -0.000205  -0.004014  0.999992  0.000059  0.000000  
128.877327 0.002926  0.092375  -0.012394  0.997713  0.067589  -0.000711  -0.067474  0.996522  0.048902  0.004014  -0.048742  0.998803  -0.001004  -0.006499  0.000200  0.202571  -0.000250  0.103033  2.000000  0.999960  0.008961  0.000241  -0.008962  0.999952  0.004012  -0.000205  -0.004014  0.999992  0.999999  0.001041  -0.000217  -0.001040  0.999990  0.004249  0.000222  -0.004249  0.999991  1.000000  0.000000  0.000000  0.000000  1.000000  0.000000  0.000000  0.000000  1.000000  0.999960  0.008961  0.000241  -0.008962  0.999952  0.004012  -0.000205  -0.004014  0.999992  0.000056  0.000000  
128.878579 0.002925  0.092368  -0.012394  0.997713  0.067590  -0.000695  -0.067474  0.996510  0.049143  0.004014  -0.048984  0.998791  -0.000985  -0.006292  0.000236  0.204231  0.000359  0.090079  2.000000  0.999960  0.008961  0.000241  -0.008962  0.999952  0.004012  -0.000205  -0.004014  0.999992  1.000000  0.000836  -0.000227  -0.000835  0.999991  0.004249  0.000231  -0.004248  0.999991  1.000000  0.000000  0.000000  0.000000  1.000000  0.000000  0.000000  0.000000  1.000000  0.999960  0.008961  0.000241  -0.008962  0.999952  0.004012  -0.000205  -0.004014  0.999992  0.000056  0.000000  
128.879823 0.002924  0.092362  -0.012395  0.997727  0.067385  -0.000697  -0.067268  0.996518  0.049264  0.004014  -0.049105  0.998786  -0.000890  -0.006066  0.000188  0.198438  0.005428  0.075827  2.000000  0.999960  0.008961  0.000241  -0.008962  0.999952  0.004012  -0.000205  -0.004014  0.999992  1.000000  0.000418  -0.000113  -0.000417  0.999991  0.004126  0.000115  -0.004126  0.999991  1.000000  0.000000  0.000000  0.000000  1.000000  0.000000  0.000000  0.000000  1.000000  0.999960  0.008961  0.000241  -0.008962  0.999952  0.004012  -0.000205  -0.004014  0.999992  0.000054  0.000000  
128.880828 0.002924  0.092358  -0.012395  0.997727  0.067385  -0.000680  -0.067268  0.996506  0.049506  0.004014  -0.049347  0.998774  -0.000879  -0.005916  0.000132  0.204090  0.006100  0.062626  2.000000  0.999960  0.008961  0.000241  -0.008962  0.999952  0.004012  -0.000205  -0.004014  0.999992  1.000000  0.000212  -0.000123  -0.000212  0.999991  0.004125  0.000124  -0.004125  0.999991  1.000000  0.000000  0.000000  0.000000  1.000000  0.000000  0.000000  0.000000  1.000000  0.999960  0.008961  0.000241  -0.008962  0.999952  0.004012  -0.000205  -0.004014  0.999992  0.000054  0.000000  
128.882078 0.002924  0.092352  -0.012395  0.997727  0.067385  -0.000664  -0.067268  0.996494  0.049747  0.004014  -0.049590  0.998762  -0.000785  -0.005650  0.000170  0.204054  0.006407  0.055713  2.000000  0.999960  0.008961  0.000241  -0.008962  0.999952  0.004012  -0.000205  -0.004014  0.999992  1.000000  0.000212  -0.000123  -0.000212  0.999992  0.004004  0.000124  -0.004004  0.999992  1.000000  0.000000  0.000000  0.000000  1.000000  0.000000  0.000000  0.000000  1.000000  0.999960  0.008961  0.000241  -0.008962  0.999952  0.004012  -0.000205  -0.004014  0.999992  0.000052  0.000000  
128.883327 0.002925  0.092347  -0.012396  0.997727  0.067385  -0.000648  -0.067268  0.996482  0.049989  0.004014  -0.049832  0.998750  -0.000692  -0.005432  0.000166  0.203993  0.007041  0.041890  2.000000  0.999960  0.008961  0.000241  -0.008962  0.999952  0.004012  -0.000205  -0.004014  0.999992  1.000000  0.000007  -0.000134  -0.000006  0.999992  0.003881  0.000134  -0.003881  0.999992  1.000000  0.000000  0.000000  0.000000  1.000000  0.000000  0.000000  0.000000  1.000000  0.999960  0.008961  0.000241  -0.008962  0.999952  0.004012  -0.000205  -0.004014  0.999992  0.000052  0.000000  
128.884579 0.002925  0.092342  -0.012396  0.997727  0.067378  -0.000498  -0.067268  0.996470  0.050222  0.003880  -0.050074  0.998738  -0.000548  -0.005213  0.000155  0.203959  0.002864  0.034768  2.000000  0.999960  0.008961  0.000241  -0.008962  0.999952  0.004012  -0.000205  -0.004014  0.999992  1.000000  -0.000000  0.000000  0.000000  0.999992  0.003881  0.000000  -0.003881  0.999992  1.000000  0.000000  0.000000  0.000000  1.000000  0.000000  0.000000  0.000000  1.000000  0.999960  0.008961  0.000241  -0.008962  0.999952  0.004012  -0.000205  -0.004014  0.999992  0.000051  0.000000  
128.885823 0.002926  0.092337  -0.012396  0.997727  0.067379  -0.000482  -0.067268  0.996458  0.050464  0.003880  -0.050317  0.998726  -0.000381  -0.005014  0.000078  0.202267  0.003157  0.027630  2.000000  0.999960  0.008961  0.000241  -0.008962  0.999952  0.004012  -0.000205  -0.004014  0.999992  1.000000  -0.000206  -0.000010  0.000206  0.999993  0.003759  0.000010  -0.003759  0.999993  1.000000  0.000000  0.000000  0.000000  1.000000  0.000000  0.000000  0.000000  1.000000  0.999960  0.008961  0.000241  -0.008962  0.999952  0.004012  -0.000205  -0.004014  0.999992  0.000050  0.000000  
128.886824 0.002927  0.092333  -0.012397  0.997727  0.067379  -0.000474  -0.067268  0.996452  0.050585  0.003880  -0.050438  0.998720  -0.000240  -0.004859  0.000024  0.199854  0.003507  0.020949  2.000000  0.999960  0.008961  0.000241  -0.008962  0.999952  0.004012  -0.000205  -0.004014  0.999992  1.000000  -0.000206  -0.000010  0.000206  0.999993  0.003759  0.000010  -0.003759  0.999993  1.000000  0.000000  0.000000  0.000000  1.000000  0.000000  0.000000  0.000000  1.000000  0.999960  0.008961  0.000241  -0.008962  0.999952  0.004012  -0.000205  -0.004014  0.999992  0.000051  0.000000  
128.888072 0.002928  0.092328  -0.012396  0.997727  0.067379  -0.000457  -0.067268  0.996439  0.050826  0.003880  -0.050680  0.998707  -0.000081  -0.004684  -0.000007  0.200000  -0.000991  0.020750  2.000000  0.999960  0.008961  0.000241  -0.008962  0.999952  0.004012  -0.000205  -0.004014  0.999992  1.000000  -0.000206  -0.000010  0.000206  0.999993  0.003759  0.000010  -0.003759  0.999993  1.000000  0.000000  0.000000  0.000000  1.000000  0.000000  0.000000  0.000000  1.000000  0.999960  0.008961  0.000241  -0.008962  0.999952  0.004012  -0.000205  -0.004014  0.999992  0.000051  0.000000  
128.889073 0.002929  0.092323  -0.012396  0.997727  0.067379  -0.000441  -0.067268  0.996427  0.051068  0.003880  -0.050922  0.998695  0.000031  -0.004571  -0.000037  0.199879  -0.000664  0.013827  2.000000  0.999960  0.008961  0.000241  -0.008962  0.999952  0.004012  -0.000205  -0.004014  0.999992  1.000000  -0.000206  -0.000010  0.000206  0.999992  0.003881  0.000010  -0.003881  0.999992  1.000000  0.000000  0.000000  0.000000  1.000000  0.000000  0.000000  0.000000  1.000000  0.999960  0.008961  0.000241  -0.008962  0.999952  0.004012  -0.000205  -0.004014  0.999992  0.000051  0.000000  
128.890073 0.002930  0.092320  -0.012396  0.997727  0.067379  -0.000424  -0.067268  0.996415  0.051310  0.003880  -0.051165  0.998683  0.000130  -0.004494  -0.000052  0.202224  -0.000661  0.013709  2.000000  0.999960  0.008961  0.000241  -0.008962  0.999952  0.004012  -0.000205  -0.004014  0.999992  1.000000  -0.000206  -0.000011  0.000206  0.999993  0.003759  0.000010  -0.003759  0.999993  1.000000  0.000000  0.000000  0.000000  1.000000  0.000000  0.000000  0.000000  1.000000  0.999960  0.008961  0.000241  -0.008962  0.999952  0.004012  -0.000205  -0.004014  0.999992  0.000050  0.000000  
128.891323 0.002931  0.092316  -0.012395  0.997727  0.067386  -0.000541  -0.067268  0.996402  0.051560  0.004014  -0.051407  0.998670  0.000317  -0.004301  -0.000027  0.198274  0.004125  0.007075  2.000000  0.999960  0.008961  0.000241  -0.008962  0.999952  0.004012  -0.000205  -0.004014  0.999992  1.000000  -0.000199  -0.000144  0.000199  0.999992  0.003881  0.000143  -0.003881  0.999992  1.000000  0.000000  0.000000  0.000000  1.000000  0.000000  0.000000  0.000000  1.000000  0.999960  0.008961  0.000241  -0.008962  0.999952  0.004012  -0.000205  -0.004014  0.999992  0.000051  0.000000  
128.892343 0.002932  0.092312  -0.012394  0.997727  0.067386  -0.000525  -0.067268  0.996389  0.051802  0.004014  -0.051649  0.998657  0.000451  -0.004168  0.000042  0.199666  0.004489  0.000219  2.000000  0.999960  0.008961  0.000241  -0.008962  0.999952  0.004012  -0.000205  -0.004014  0.999992  1.000000  -0.000199  -0.000144  0.000199  0.999993  0.003759  0.000143  -0.003759  0.999993  1.000000  0.000000  0.000000  0.000000  1.000000  0.000000  0.000000  0.000000  1.000000  0.999960  0.008961  0.000241  -0.008962  0.999952  0.004012  -0.000205  -0.004014  0.999992  0.000049  0.000000  
128.893573 0.002934  0.092308  -0.012392  0.997727  0.067386  -0.000509  -0.067268  0.996377  0.052044  0.004014  -0.051891  0.998645  0.000581  -0.004047  0.000134  0.198146  0.004455  0.000218  2.000000  0.999960  0.008961  0.000241  -0.008962  0.999952  0.004012  -0.000205  -0.004014  0.999992  1.000000  -0.000206  -0.000011  0.000206  0.999993  0.003759  0.000010  -0.003759  0.999993  1.000000  0.000000  0.000000  0.000000  1.000000  0.000000  0.000000  0.000000  1.000000  0.999960  0.008961  0.000241  -0.008962  0.999952  0.004012  -0.000205  -0.004014  0.999992  0.000049  0.000000  
