1-Time 2-Px 3-Py 4-Pz 5-R11 6-R21 7-R31 8-R12 9-R22 10-R32 11-R13 12-R23 13-R33 14-Vx 15-Vy 16-Vz 17-Wx 18-Wy 19-Wz 20-state 21-PR11 22-PR21 23-PR31 24-PR12 25-PR22 26-PR32 27-PR13 28-PR23 29-PR33 
39.709221 0.003000  0.090413  -0.005552  0.992212  0.121443  0.027676  -0.122773  0.991024  0.052890  -0.021005  -0.055876  0.998217  -0.000170  0.000581  -0.000150  0.000000  0.000000  0.000000  2.000000  1.000000  0.000000  0.000000  0.000000  1.000000  0.000000  0.000000  0.000000  1.000000  1.000000  0.000000  0.000000  0.000000  1.000000  0.000000  -0.000000  0.000000  1.000000  1.000000  0.000000  0.000000  0.000000  1.000000  0.000000  0.000000  0.000000  1.000000  0.664589  0.399015  0.631751  -0.496374  0.867723  -0.025881  -0.558512  -0.296384  0.774739  0.000000  0.000000  
39.710226 0.003000  0.090414  -0.005553  0.992212  0.121443  0.027676  -0.122773  0.991024  0.052890  -0.021005  -0.055876  0.998217  -0.000170  0.000581  -0.000150  0.000000  0.000000  0.000000  2.000000  1.000000  0.000000  0.000000  0.000000  1.000000  0.000000  0.000000  0.000000  1.000000  1.000000  0.000000  0.000000  0.000000  1.000000  0.000000  -0.000000  0.000000  1.000000  1.000000  0.000000  0.000000  0.000000  1.000000  0.000000  0.000000  0.000000  1.000000  1.000000  0.000000  0.000000  0.000000  1.000000  0.000000  0.000000  0.000000  1.000000  0.000000  0.000000  
39.711226 0.002999  0.090413  -0.005554  0.992134  0.122044  0.027856  -0.123385  0.990944  0.052977  -0.021139  -0.055997  0.998207  -0.000190  0.000473  -0.000237  0.000000  0.000000  0.000000  2.000000  1.000000  0.000000  0.000000  0.000000  1.000000  0.000000  0.000000  0.000000  1.000000  1.000000  0.000404  0.000157  -0.000404  1.000000  0.000113  -0.000157  -0.000113  1.000000  1.000000  0.000000  0.000000  0.000000  1.000000  0.000000  0.000000  0.000000  1.000000  1.000000  0.000000  0.000000  0.000000  1.000000  0.000000  0.000000  0.000000  1.000000  0.000000  0.000000  
39.712475 0.002999  0.090410  -0.005555  0.992029  0.122853  0.028033  -0.124202  0.990844  0.052937  -0.021272  -0.055997  0.998204  -0.000219  0.000268  -0.000313  0.000000  0.000000  0.000000  2.000000  1.000000  0.000000  0.000000  0.000000  1.000000  0.000000  0.000000  0.000000  1.000000  0.999999  0.001218  0.000336  -0.001218  0.999999  0.000095  -0.000336  -0.000095  1.000000  1.000000  0.000000  0.000000  0.000000  1.000000  0.000000  0.000000  0.000000  1.000000  1.000000  0.000000  0.000000  0.000000  1.000000  0.000000  0.000000  0.000000  1.000000  0.000000  0.000000  
39.713726 0.002998  0.090407  -0.005556  0.991921  0.123647  0.028371  -0.125018  0.990731  0.053121  -0.021540  -0.056239  0.998185  -0.000225  -0.000009  -0.000358  0.000000  0.000000  0.000000  2.000000  1.000000  0.000000  0.000000  0.000000  1.000000  0.000000  0.000000  0.000000  1.000000  0.999998  0.002032  0.000516  -0.002033  0.999998  0.000198  -0.000516  -0.000199  1.000000  1.000000  0.000000  0.000000  0.000000  1.000000  0.000000  0.000000  0.000000  1.000000  1.000000  0.000000  0.000000  0.000000  1.000000  0.000000  0.000000  0.000000  1.000000  0.000000  0.000000  
39.714975 0.002999  0.090404  -0.005557  0.991869  0.124052  0.028408  -0.125427  0.990674  0.053230  -0.021540  -0.056360  0.998178  -0.000200  -0.000260  -0.000383  0.000000  0.000000  0.000000  2.000000  1.000000  0.000000  0.000000  0.000000  1.000000  0.000000  0.000000  0.000000  1.000000  0.999996  0.002641  0.000685  -0.002642  0.999996  0.000427  -0.000684  -0.000429  1.000000  1.000000  0.000000  0.000000  0.000000  1.000000  0.000000  0.000000  0.000000  1.000000  1.000000  0.000000  0.000000  0.000000  1.000000  0.000000  0.000000  0.000000  1.000000  0.000000  0.000000  
39.715975 0.002998  0.090401  -0.005557  0.991791  0.124660  0.028456  -0.126039  0.990591  0.053332  -0.021540  -0.056481  0.998171  -0.000203  -0.000459  -0.000394  0.000000  0.000000  0.000000  2.000000  1.000000  0.000000  0.000000  0.000000  1.000000  0.000000  0.000000  0.000000  1.000000  0.999995  0.003052  0.000709  -0.003053  0.999995  0.000540  -0.000707  -0.000542  1.000000  1.000000  0.000000  0.000000  0.000000  1.000000  0.000000  0.000000  0.000000  1.000000  1.000000  0.000000  0.000000  0.000000  1.000000  0.000000  0.000000  0.000000  1.000000  0.000000  0.000000  
39.717225 0.002999  0.090399  -0.005557  0.991693  0.125487  0.028250  -0.126857  0.990479  0.053463  -0.021272  -0.056603  0.998170  -0.000168  -0.000656  -0.000376  0.000000  0.000000  0.000000  2.000000  1.000000  0.000000  0.000000  0.000000  1.000000  0.000000  0.000000  0.000000  1.000000  0.999992  0.003882  0.000622  -0.003882  0.999992  0.000644  -0.000619  -0.000646  1.000000  1.000000  0.000000  0.000000  0.000000  1.000000  0.000000  0.000000  0.000000  1.000000  1.000000  0.000000  0.000000  0.000000  1.000000  0.000000  0.000000  0.000000  1.000000  0.000000  0.000000  
39.718229 0.002999  0.090398  -0.005556  0.991565  0.126507  0.028204  -0.127878  0.990336  0.053691  -0.021139  -0.056845  0.998159  -0.000153  -0.000825  -0.000334  0.028966  -0.014238  0.172400  2.000000  1.000000  0.000000  0.000000  0.000000  1.000000  0.000000  0.000000  0.000000  1.000000  0.999988  0.004917  0.000547  -0.004917  0.999988  0.000743  -0.000544  -0.000746  1.000000  1.000000  0.000000  0.000000  0.000000  1.000000  0.000000  0.000000  0.000000  1.000000  1.000000  0.000000  0.000000  0.000000  1.000000  0.000000  0.000000  0.000000  1.000000  0.000000  0.000000  
39.719481 0.003000  0.090396  -0.005556  0.991406  0.127727  0.028285  -0.129102  0.990172  0.053776  -0.021139  -0.056966  0.998152  -0.000104  -0.001025  -0.000349  0.032163  -0.016588  0.213800  2.000000  1.000000  0.000351  0.000028  -0.000351  1.000000  0.000056  -0.000028  -0.000056  1.000000  0.999981  0.006157  0.000485  -0.006158  0.999981  0.000960  -0.000479  -0.000963  0.999999  1.000000  0.000077  0.000006  -0.000077  1.000000  0.000012  -0.000006  -0.000012  1.000000  1.000000  0.000351  0.000028  -0.000351  1.000000  0.000056  -0.000028  -0.000056  1.000000  0.000053  0.006251  
39.720725 0.003000  0.090394  -0.005557  0.991216  0.129139  0.028527  -0.130531  0.989975  0.053958  -0.021272  -0.057208  0.998136  -0.000032  -0.001176  -0.000355  0.039283  -0.023844  0.261923  2.000000  1.000000  0.000787  0.000065  -0.000787  1.000000  0.000120  -0.000065  -0.000120  1.000000  0.999971  0.007588  0.000701  -0.007589  0.999971  0.001049  -0.000693  -0.001055  0.999999  1.000000  0.000095  0.000009  -0.000095  1.000000  0.000013  -0.000009  -0.000013  1.000000  1.000000  0.000787  0.000065  -0.000787  1.000000  0.000120  -0.000065  -0.000120  1.000000  0.000065  0.007692  
39.721736 0.003001  0.090393  -0.005556  0.991051  0.130351  0.028741  -0.131755  0.989809  0.054026  -0.021406  -0.057329  0.998126  0.000057  -0.001295  -0.000307  0.042445  -0.030688  0.302988  2.000000  0.999999  0.001200  0.000105  -0.001200  0.999999  0.000178  -0.000105  -0.000178  1.000000  0.999963  0.008607  0.000895  -0.008609  0.999962  0.001147  -0.000885  -0.001155  0.999999  1.000000  0.000108  0.000011  -0.000108  1.000000  0.000014  -0.000011  -0.000014  1.000000  0.999999  0.001200  0.000105  -0.001200  0.999999  0.000178  -0.000105  -0.000178  1.000000  0.000073  0.008730  
39.722975 0.003003  0.090393  -0.005554  0.990857  0.131766  0.028968  -0.133182  0.989615  0.054086  -0.021540  -0.057450  0.998116  0.000190  -0.001380  -0.000141  0.045481  -0.037946  0.351140  2.000000  0.999998  0.001794  0.000169  -0.001794  0.999998  0.000257  -0.000168  -0.000258  1.000000  0.999949  0.010038  0.001113  -0.010039  0.999949  0.001357  -0.001099  -0.001368  0.999998  1.000000  0.000125  0.000014  -0.000125  1.000000  0.000017  -0.000014  -0.000017  1.000000  0.999998  0.001794  0.000169  -0.001794  0.999998  0.000257  -0.000168  -0.000258  1.000000  0.000086  0.010191  
39.723981 0.003005  0.090392  -0.005552  0.990689  0.132977  0.029183  -0.134406  0.989446  0.054153  -0.021674  -0.057571  0.998106  0.000311  -0.001417  0.000014  0.048645  -0.044808  0.392291  2.000000  0.999997  0.002337  0.000232  -0.002337  0.999997  0.000326  -0.000231  -0.000327  1.000000  0.999936  0.011263  0.001318  -0.011265  0.999935  0.001449  -0.001302  -0.001464  0.999998  1.000000  0.000141  0.000016  -0.000141  1.000000  0.000018  -0.000016  -0.000018  1.000000  0.999997  0.002337  0.000232  -0.002337  0.999997  0.000326  -0.000231  -0.000327  1.000000  0.000096  0.011433  
39.725226 0.003006  0.090390  -0.005550  0.990467  0.134603  0.029288  -0.136037  0.989219  0.054224  -0.021674  -0.057692  0.998099  0.000433  -0.001598  0.000181  0.051543  -0.047977  0.447557  2.000000  0.999996  0.002959  0.000301  -0.002959  0.999996  0.000400  -0.000300  -0.000401  1.000000  0.999913  0.013112  0.001426  -0.013114  0.999913  0.001529  -0.001406  -0.001548  0.999998  1.000000  0.000164  0.000018  -0.000164  1.000000  0.000019  -0.000018  -0.000019  1.000000  0.999996  0.002959  0.000301  -0.002959  0.999996  0.000400  -0.000300  -0.000401  1.000000  0.000112  0.013279  
39.726228 0.003006  0.090387  -0.005550  0.990270  0.136022  0.029399  -0.137464  0.989011  0.054422  -0.021674  -0.057934  0.998085  0.000489  -0.001687  0.000287  0.058658  -0.050784  0.495862  2.000000  0.999993  0.003653  0.000374  -0.003654  0.999993  0.000481  -0.000372  -0.000482  1.000000  0.999896  0.014345  0.001499  -0.014347  0.999896  0.001622  -0.001475  -0.001644  0.999998  1.000000  0.000179  0.000019  -0.000179  1.000000  0.000020  -0.000019  -0.000020  1.000000  0.999993  0.003653  0.000374  -0.003654  0.999993  0.000481  -0.000372  -0.000482  1.000000  0.000122  0.014515  
39.727246 0.003007  0.090384  -0.005548  0.990073  0.137451  0.029362  -0.138892  0.988806  0.054518  -0.021540  -0.058055  0.998081  0.000577  -0.001791  0.000467  0.061699  -0.049055  0.544116  2.000000  0.999990  0.004417  0.000450  -0.004417  0.999990  0.000569  -0.000447  -0.000571  1.000000  0.999874  0.015790  0.001452  -0.015793  0.999874  0.001835  -0.001423  -0.001857  0.999997  1.000000  0.000197  0.000018  -0.000197  1.000000  0.000023  -0.000018  -0.000023  1.000000  0.999990  0.004417  0.000450  -0.004417  0.999990  0.000569  -0.000447  -0.000571  1.000000  0.000134  0.015965  
39.728483 0.003008  0.090379  -0.005547  0.989843  0.139072  0.029486  -0.140522  0.988565  0.054710  -0.021540  -0.058297  0.998067  0.000658  -0.001875  0.000637  0.068698  -0.052300  0.599571  2.000000  0.999986  0.005261  0.000525  -0.005261  0.999986  0.000666  -0.000522  -0.000668  1.000000  0.999847  0.017434  0.001551  -0.017437  0.999846  0.002040  -0.001515  -0.002067  0.999997  1.000000  0.000218  0.000019  -0.000218  1.000000  0.000026  -0.000019  -0.000026  1.000000  0.999986  0.005261  0.000525  -0.005261  0.999986  0.000666  -0.000522  -0.000668  1.000000  0.000148  0.017623  
39.729725 0.003010  0.090373  -0.005545  0.989578  0.140885  0.029770  -0.142355  0.988287  0.054995  -0.021674  -0.058660  0.998043  0.000752  -0.002085  0.000795  0.079575  -0.060478  0.661616  2.000000  0.999979  0.006422  0.000626  -0.006423  0.999979  0.000801  -0.000621  -0.000805  0.999999  0.999813  0.019282  0.001663  -0.019286  0.999812  0.002241  -0.001620  -0.002272  0.999996  1.000000  0.000241  0.000021  -0.000241  1.000000  0.000028  -0.000021  -0.000028  1.000000  0.999979  0.006422  0.000626  -0.006423  0.999979  0.000801  -0.000621  -0.000805  0.999999  0.000164  0.019486  
39.730725 0.003012  0.090368  -0.005544  0.989342  0.142505  0.029896  -0.143985  0.988040  0.055186  -0.021674  -0.058902  0.998028  0.000858  -0.002262  0.000869  0.086546  -0.063735  0.716855  2.000000  0.999972  0.007437  0.000719  -0.007438  0.999972  0.000921  -0.000712  -0.000926  0.999999  0.999779  0.020917  0.001897  -0.020922  0.999778  0.002443  -0.001846  -0.002482  0.999995  1.000000  0.000262  0.000023  -0.000262  1.000000  0.000031  -0.000023  -0.000031  1.000000  0.999972  0.007437  0.000719  -0.007438  0.999972  0.000921  -0.000712  -0.000926  0.999999  0.000178  0.021149  
39.731726 0.003014  0.090362  -0.005543  0.989131  0.143914  0.030142  -0.145410  0.987821  0.055363  -0.021807  -0.059144  0.998011  0.001071  -0.002525  0.000902  0.093607  -0.071091  0.764878  2.000000  0.999963  0.008522  0.000817  -0.008522  0.999963  0.001050  -0.000808  -0.001057  0.999999  0.999757  0.021944  0.001963  -0.021949  0.999756  0.002538  -0.001906  -0.002580  0.999995  1.000000  0.000274  0.000024  -0.000274  1.000000  0.000032  -0.000024  -0.000032  1.000000  0.999963  0.008522  0.000817  -0.008522  0.999963  0.001050  -0.000808  -0.001057  0.999999  0.000190  0.022181  
39.732727 0.003017  0.090357  -0.005544  0.988890  0.145533  0.030269  -0.147039  0.987569  0.055553  -0.021807  -0.059386  0.997997  0.001234  -0.002810  0.000812  0.100572  -0.074372  0.820096  2.000000  0.999956  0.009375  0.000893  -0.009376  0.999955  0.001154  -0.000882  -0.001162  0.999999  0.999729  0.023176  0.002043  -0.023182  0.999727  0.002873  -0.001976  -0.002920  0.999994  1.000000  0.000290  0.000025  -0.000290  1.000000  0.000036  -0.000025  -0.000036  1.000000  0.999956  0.009375  0.000893  -0.009376  0.999955  0.001154  -0.000882  -0.001162  0.999999  0.000204  0.023447  
39.733976 0.003020  0.090349  -0.005546  0.988644  0.147144  0.030528  -0.148667  0.987316  0.055723  -0.021941  -0.059628  0.997979  0.001410  -0.003221  0.000710  0.107480  -0.082157  0.875074  2.000000  0.999941  0.010850  0.001017  -0.010851  0.999940  0.001337  -0.001002  -0.001348  0.999999  0.999715  0.023799  0.001952  -0.023805  0.999712  0.002977  -0.001880  -0.003022  0.999994  1.000000  0.000298  0.000024  -0.000298  1.000000  0.000037  -0.000024  -0.000038  1.000000  0.999941  0.010850  0.001017  -0.010851  0.999940  0.001337  -0.001002  -0.001348  0.999999  0.000218  0.024069  
39.734979 0.003022  0.090341  -0.005547  0.988429  0.148559  0.030644  -0.150092  0.987089  0.055918  -0.021941  -0.059870  0.997965  0.001512  -0.003601  0.000634  0.114597  -0.085070  0.923449  2.000000  0.999926  0.012073  0.001113  -0.012075  0.999926  0.001489  -0.001095  -0.001502  0.999998  0.999690  0.024834  0.001885  -0.024839  0.999687  0.003074  -0.001808  -0.003120  0.999993  1.000000  0.000310  0.000023  -0.000310  1.000000  0.000039  -0.000023  -0.000039  1.000000  0.999926  0.012073  0.001113  -0.012075  0.999926  0.001489  -0.001095  -0.001502  0.999998  0.000230  0.025100  
39.736228 0.003026  0.090332  -0.005549  0.988180  0.150174  0.030791  -0.151719  0.986823  0.056227  -0.021941  -0.060234  0.997943  0.001732  -0.004113  0.000540  0.125631  -0.088448  0.978637  2.000000  0.999906  0.013664  0.001233  -0.013666  0.999905  0.001684  -0.001210  -0.001701  0.999998  0.999664  0.025860  0.001952  -0.025866  0.999660  0.003171  -0.001870  -0.003220  0.999993  1.000000  0.000323  0.000024  -0.000323  1.000000  0.000040  -0.000024  -0.000040  1.000000  0.999906  0.013664  0.001233  -0.013666  0.999905  0.001684  -0.001210  -0.001701  0.999998  0.000244  0.026133  
39.737475 0.003031  0.090323  -0.005552  0.987929  0.151791  0.030920  -0.153347  0.986561  0.056415  -0.021941  -0.060476  0.997928  0.001905  -0.004697  0.000239  0.132602  -0.091793  1.033940  2.000000  0.999882  0.015319  0.001362  -0.015321  0.999881  0.001883  -0.001333  -0.001904  0.999997  0.999642  0.026673  0.002141  -0.026680  0.999639  0.003152  -0.002057  -0.003208  0.999993  1.000000  0.000333  0.000026  -0.000333  1.000000  0.000040  -0.000026  -0.000040  1.000000  0.999882  0.015319  0.001362  -0.015321  0.999881  0.001883  -0.001333  -0.001904  0.999997  0.000258  0.026951  
39.738479 0.003035  0.090316  -0.005553  0.987707  0.153205  0.031039  -0.154770  0.986327  0.056610  -0.021941  -0.060718  0.997914  0.002030  -0.005106  0.000005  0.139708  -0.094738  1.082225  2.000000  0.999860  0.016677  0.001476  -0.016680  0.999859  0.002046  -0.001441  -0.002070  0.999997  0.999619  0.027486  0.002331  -0.027494  0.999617  0.003253  -0.002241  -0.003316  0.999992  1.000000  0.000344  0.000029  -0.000344  1.000000  0.000041  -0.000029  -0.000041  1.000000  0.999860  0.016677  0.001476  -0.016680  0.999859  0.002046  -0.001441  -0.002070  0.999997  0.000272  0.027783  
39.739479 0.003038  0.090308  -0.005554  0.987480  0.154615  0.031271  -0.156193  0.986100  0.056664  -0.022075  -0.060839  0.997903  0.002199  -0.005547  -0.000182  0.142712  -0.102150  1.130650  2.000000  0.999836  0.018056  0.001602  -0.018060  0.999834  0.002211  -0.001562  -0.002239  0.999996  0.999608  0.027880  0.002629  -0.027889  0.999605  0.003361  -0.002535  -0.003433  0.999991  1.000000  0.000349  0.000032  -0.000349  1.000000  0.000042  -0.000032  -0.000042  1.000000  0.999836  0.018056  0.001602  -0.018060  0.999834  0.002211  -0.001562  -0.002239  0.999996  0.000284  0.028213  
39.740729 0.003043  0.090299  -0.005555  0.987221  0.156231  0.031402  -0.157819  0.985830  0.056851  -0.022075  -0.061081  0.997889  0.002444  -0.006039  -0.000400  0.145791  -0.100280  1.172145  2.000000  0.999809  0.019458  0.001735  -0.019462  0.999808  0.002377  -0.001688  -0.002410  0.999996  0.999602  0.028085  0.002645  -0.028094  0.999600  0.003356  -0.002550  -0.003429  0.999991  1.000000  0.000351  0.000032  -0.000351  1.000000  0.000042  -0.000032  -0.000042  1.000000  0.999809  0.019458  0.001735  -0.019462  0.999808  0.002377  -0.001688  -0.002410  0.999996  0.000295  0.028417  
39.741980 0.003047  0.090290  -0.005557  0.986990  0.157640  0.031635  -0.159241  0.985598  0.056904  -0.022209  -0.061202  0.997878  0.002683  -0.006325  -0.000545  0.149248  -0.101560  1.192773  2.000000  0.999773  0.021226  0.001901  -0.021231  0.999771  0.002585  -0.001845  -0.002625  0.999995  0.999596  0.028290  0.002664  -0.028299  0.999594  0.003347  -0.002569  -0.003421  0.999991  1.000000  0.000354  0.000033  -0.000354  1.000000  0.000042  -0.000033  -0.000042  1.000000  0.999773  0.021226  0.001901  -0.021231  0.999771  0.002585  -0.001845  -0.002625  0.999995  0.000302  0.028620  
39.743230 0.003052  0.090280  -0.005558  0.986723  0.159247  0.031899  -0.160866  0.985325  0.057070  -0.022343  -0.061443  0.997860  0.002953  -0.006759  -0.000770  0.152559  -0.103405  1.220380  2.000000  0.999733  0.023002  0.002061  -0.023008  0.999731  0.002796  -0.001996  -0.002842  0.999994  0.999590  0.028503  0.002550  -0.028511  0.999587  0.003460  -0.002451  -0.003531  0.999991  1.000000  0.000356  0.000031  -0.000356  1.000000  0.000044  -0.000031  -0.000044  1.000000  0.999733  0.023002  0.002061  -0.023008  0.999731  0.002796  -0.001996  -0.002842  0.999994  0.000304  0.028833  
39.744479 0.003056  0.090269  -0.005559  0.986457  0.160862  0.032032  -0.162491  0.985047  0.057256  -0.022343  -0.061686  0.997846  0.003095  -0.007035  -0.000934  0.151717  -0.101254  1.255149  2.000000  0.999690  0.024783  0.002219  -0.024790  0.999688  0.003009  -0.002144  -0.003063  0.999993  0.999591  0.028511  0.002420  -0.028519  0.999587  0.003460  -0.002320  -0.003527  0.999991  1.000000  0.000356  0.000030  -0.000356  1.000000  0.000044  -0.000030  -0.000044  1.000000  0.999690  0.024783  0.002219  -0.024790  0.999688  0.003009  -0.002144  -0.003063  0.999993  0.000313  0.028829  
39.745729 0.003059  0.090258  -0.005560  0.986222  0.162277  0.032134  -0.163912  0.984808  0.057329  -0.022343  -0.061807  0.997838  0.003166  -0.007397  -0.001117  0.151116  -0.103048  1.282813  2.000000  0.999645  0.026554  0.002373  -0.026562  0.999642  0.003224  -0.002286  -0.003285  0.999992  0.999602  0.028099  0.002402  -0.028107  0.999599  0.003470  -0.002303  -0.003536  0.999991  1.000000  0.000351  0.000029  -0.000351  1.000000  0.000044  -0.000029  -0.000044  1.000000  0.999645  0.026554  0.002373  -0.026562  0.999642  0.003224  -0.002286  -0.003285  0.999992  0.000323  0.028422  
39.746977 0.003063  0.090246  -0.005562  0.985985  0.163688  0.032256  -0.165333  0.984559  0.057522  -0.022343  -0.062049  0.997823  0.003225  -0.007681  -0.001200  0.154921  -0.113497  1.303068  2.000000  0.999596  0.028299  0.002526  -0.028308  0.999593  0.003440  -0.002427  -0.003510  0.999991  0.999614  0.027688  0.002383  -0.027696  0.999610  0.003479  -0.002286  -0.003544  0.999991  1.000000  0.000346  0.000029  -0.000346  1.000000  0.000044  -0.000029  -0.000044  1.000000  0.999596  0.028299  0.002526  -0.028308  0.999593  0.003440  -0.002427  -0.003510  0.999991  0.000328  0.028015  
39.747979 0.003066  0.090237  -0.005564  0.985814  0.164694  0.032355  -0.166348  0.984376  0.057727  -0.022343  -0.062291  0.997808  0.003248  -0.007888  -0.001279  0.155021  -0.118312  1.302880  2.000000  0.999566  0.029339  0.002619  -0.029349  0.999563  0.003571  -0.002513  -0.003646  0.999990  0.999614  0.027679  0.002520  -0.027688  0.999611  0.003479  -0.002423  -0.003548  0.999991  1.000000  0.000346  0.000031  -0.000346  1.000000  0.000044  -0.000031  -0.000044  1.000000  0.999566  0.029339  0.002619  -0.029349  0.999563  0.003571  -0.002513  -0.003646  0.999990  0.000327  0.028019  
39.749228 0.003070  0.090226  -0.005566  0.985608  0.165902  0.032467  -0.167566  0.984158  0.057926  -0.022343  -0.062533  0.997793  0.003347  -0.008049  -0.001353  0.157619  -0.117968  1.298819  2.000000  0.999514  0.031043  0.002779  -0.031053  0.999511  0.003789  -0.002660  -0.003874  0.999989  0.999631  0.027063  0.002489  -0.027071  0.999627  0.003494  -0.002393  -0.003560  0.999991  1.000000  0.000338  0.000031  -0.000338  1.000000  0.000044  -0.000031  -0.000044  1.000000  0.999514  0.031043  0.002779  -0.031053  0.999511  0.003789  -0.002660  -0.003874  0.999989  0.000329  0.027408  
39.750477 0.003075  0.090215  -0.005568  0.985368  0.167320  0.032459  -0.168987  0.983902  0.058141  -0.022209  -0.062775  0.997781  0.003398  -0.008175  -0.001335  0.159082  -0.109876  1.303237  2.000000  0.999460  0.032713  0.002934  -0.032725  0.999456  0.004004  -0.002801  -0.004098  0.999988  0.999642  0.026668  0.002203  -0.026675  0.999638  0.003386  -0.002112  -0.003444  0.999992  1.000000  0.000333  0.000027  -0.000333  1.000000  0.000043  -0.000027  -0.000043  1.000000  0.999460  0.032713  0.002934  -0.032725  0.999456  0.004004  -0.002801  -0.004098  0.999988  0.000330  0.026979  
39.751725 0.003079  0.090203  -0.005570  0.985121  0.168722  0.032716  -0.170406  0.983647  0.058310  -0.022343  -0.063017  0.997762  0.003352  -0.008363  -0.001336  0.161541  -0.109653  1.299735  2.000000  0.999405  0.034350  0.003076  -0.034363  0.999401  0.004215  -0.002930  -0.004318  0.999986  0.999658  0.026051  0.002171  -0.026059  0.999655  0.003397  -0.002082  -0.003453  0.999992  1.000000  0.000326  0.000027  -0.000326  1.000000  0.000043  -0.000027  -0.000043  1.000000  0.999405  0.034350  0.003076  -0.034363  0.999401  0.004215  -0.002930  -0.004318  0.999986  0.000330  0.026368  
39.752727 0.003081  0.090193  -0.005574  0.984945  0.169730  0.032796  -0.171420  0.983466  0.058395  -0.022343  -0.063138  0.997755  0.003270  -0.008564  -0.001459  0.161441  -0.105349  1.299885  2.000000  0.999360  0.035636  0.003188  -0.035650  0.999355  0.004379  -0.003030  -0.004490  0.999985  0.999679  0.025230  0.002126  -0.025236  0.999676  0.003296  -0.002042  -0.003348  0.999992  1.000000  0.000315  0.000026  -0.000315  1.000000  0.000042  -0.000026  -0.000042  1.000000  0.999360  0.035636  0.003188  -0.035650  0.999355  0.004379  -0.003030  -0.004490  0.999985  0.000330  0.025539  
39.753976 0.003084  0.090180  -0.005579  0.984697  0.171143  0.032901  -0.172839  0.983213  0.058467  -0.022343  -0.063259  0.997747  0.003183  -0.008793  -0.001705  0.161488  -0.100629  1.293152  2.000000  0.999303  0.037194  0.003322  -0.037209  0.999297  0.004574  -0.003150  -0.004694  0.999984  0.999690  0.024827  0.001969  -0.024833  0.999687  0.003184  -0.001890  -0.003232  0.999993  1.000000  0.000310  0.000024  -0.000310  1.000000  0.000040  -0.000024  -0.000040  1.000000  0.999303  0.037194  0.003322  -0.037209  0.999297  0.004574  -0.003150  -0.004694  0.999984  0.000328  0.025113  
39.754984 0.003087  0.090170  -0.005584  0.984515  0.172139  0.033134  -0.173852  0.983024  0.058648  -0.022476  -0.063501  0.997729  0.003174  -0.009028  -0.001962  0.167224  -0.104899  1.282468  2.000000  0.999256  0.038426  0.003428  -0.038442  0.999250  0.004726  -0.003244  -0.004854  0.999983  0.999695  0.024613  0.002093  -0.024619  0.999692  0.003064  -0.002017  -0.003115  0.999993  1.000000  0.000308  0.000026  -0.000308  1.000000  0.000039  -0.000026  -0.000039  1.000000  0.999256  0.038426  0.003428  -0.038442  0.999250  0.004726  -0.003244  -0.004854  0.999983  0.000325  0.024897  
39.756231 0.003090  0.090157  -0.005590  0.984264  0.173551  0.033240  -0.175271  0.982768  0.058720  -0.022476  -0.063622  0.997721  0.003051  -0.009223  -0.002284  0.163496  -0.104318  1.268966  2.000000  0.999207  0.039653  0.003537  -0.039670  0.999201  0.004875  -0.003340  -0.005011  0.999982  0.999695  0.024612  0.002099  -0.024619  0.999692  0.003064  -0.002023  -0.003115  0.999993  1.000000  0.000308  0.000026  -0.000308  1.000000  0.000039  -0.000026  -0.000039  1.000000  0.999207  0.039653  0.003537  -0.039670  0.999201  0.004875  -0.003340  -0.005011  0.999982  0.000324  0.024897  
39.757479 0.003094  0.090145  -0.005595  0.984010  0.174963  0.033346  -0.176689  0.982509  0.058791  -0.022476  -0.063743  0.997713  0.003007  -0.009354  -0.002568  0.159889  -0.108773  1.263600  2.000000  0.999145  0.041180  0.003672  -0.041198  0.999138  0.005053  -0.003461  -0.005200  0.999980  0.999705  0.024201  0.002076  -0.024208  0.999703  0.002953  -0.002004  -0.003002  0.999993  1.000000  0.000303  0.000026  -0.000303  1.000000  0.000037  -0.000025  -0.000037  1.000000  0.999145  0.041180  0.003672  -0.041198  0.999138  0.005053  -0.003461  -0.005200  0.999980  0.000319  0.024475  
39.758732 0.003098  0.090134  -0.005601  0.983794  0.176181  0.033308  -0.177905  0.982284  0.058893  -0.022343  -0.063864  0.997708  0.002954  -0.009459  -0.002862  0.156104  -0.103076  1.241172  2.000000  0.999082  0.042678  0.003800  -0.042698  0.999074  0.005226  -0.003573  -0.005383  0.999979  0.999715  0.023799  0.001919  -0.023804  0.999713  0.002723  -0.001854  -0.002768  0.999994  1.000000  0.000298  0.000024  -0.000298  1.000000  0.000034  -0.000024  -0.000034  1.000000  0.999082  0.042678  0.003800  -0.042698  0.999074  0.005226  -0.003573  -0.005383  0.999979  0.000317  0.024036  
39.759981 0.003102  0.090122  -0.005607  0.983607  0.177180  0.033522  -0.178917  0.982096  0.058954  -0.022476  -0.063985  0.997698  0.002944  -0.009500  -0.003225  0.148426  -0.101698  1.213762  2.000000  0.999018  0.044136  0.003920  -0.044156  0.999010  0.005390  -0.003678  -0.005558  0.999978  0.999734  0.022986  0.001736  -0.022990  0.999732  0.002622  -0.001676  -0.002661  0.999995  1.000000  0.000287  0.000021  -0.000287  1.000000  0.000033  -0.000021  -0.000033  1.000000  0.999018  0.044136  0.003920  -0.044156  0.999010  0.005390  -0.003678  -0.005558  0.999978  0.000309  0.023204  
39.760988 0.003104  0.090113  -0.005612  0.983423  0.178187  0.033604  -0.179929  0.981906  0.059038  -0.022476  -0.064106  0.997690  0.002924  -0.009503  -0.003479  0.144484  -0.096518  1.199462  2.000000  0.998967  0.045265  0.004017  -0.045287  0.998959  0.005518  -0.003763  -0.005694  0.999977  0.999744  0.022566  0.001846  -0.022571  0.999742  0.002628  -0.001787  -0.002669  0.999995  1.000000  0.000282  0.000023  -0.000282  1.000000  0.000033  -0.000023  -0.000033  1.000000  0.998967  0.045265  0.004017  -0.045287  0.998959  0.005518  -0.003763  -0.005694  0.999977  0.000303  0.022798  
39.762228 0.003107  0.090102  -0.005618  0.983200  0.179395  0.033699  -0.181144  0.981678  0.059116  -0.022476  -0.064227  0.997682  0.002915  -0.009490  -0.003755  0.137013  -0.095144  1.172384  2.000000  0.998903  0.046651  0.004131  -0.046674  0.998894  0.005673  -0.003862  -0.005859  0.999975  0.999757  0.021959  0.001676  -0.021963  0.999756  0.002522  -0.001621  -0.002558  0.999995  1.000000  0.000275  0.000021  -0.000275  1.000000  0.000032  -0.000021  -0.000032  1.000000  0.998903  0.046651  0.004131  -0.046674  0.998894  0.005673  -0.003862  -0.005859  0.999975  0.000296  0.022170  
39.763475 0.003112  0.090091  -0.005623  0.982975  0.180604  0.033794  -0.182358  0.981449  0.059193  -0.022476  -0.064348  0.997674  0.002956  -0.009476  -0.003904  0.135958  -0.089625  1.156139  2.000000  0.998837  0.048019  0.004240  -0.048043  0.998828  0.005822  -0.003955  -0.006019  0.999974  0.999762  0.021762  0.001532  -0.021765  0.999760  0.002405  -0.001480  -0.002438  0.999996  1.000000  0.000272  0.000019  -0.000272  1.000000  0.000030  -0.000019  -0.000030  1.000000  0.998837  0.048019  0.004240  -0.048043  0.998828  0.005822  -0.003955  -0.006019  0.999974  0.000291  0.021951  
39.764476 0.003116  0.090083  -0.005627  0.982825  0.181412  0.033842  -0.183168  0.981300  0.059165  -0.022476  -0.064348  0.997674  0.002974  -0.009376  -0.004088  0.125481  -0.088868  1.138172  2.000000  0.998798  0.048836  0.004301  -0.048861  0.998788  0.005909  -0.004007  -0.006112  0.999973  0.999762  0.021762  0.001532  -0.021765  0.999761  0.002284  -0.001482  -0.002317  0.999996  1.000000  0.000272  0.000019  -0.000272  1.000000  0.000029  -0.000019  -0.000029  1.000000  0.998798  0.048836  0.004301  -0.048861  0.998788  0.005909  -0.004007  -0.006112  0.999973  0.000288  0.021938  
39.765477 0.003120  0.090075  -0.005630  0.982674  0.182216  0.033913  -0.183977  0.981143  0.059256  -0.022476  -0.064469  0.997667  0.003012  -0.009311  -0.004157  0.121709  -0.088211  1.124320  2.000000  0.998744  0.049910  0.004381  -0.049936  0.998734  0.006022  -0.004075  -0.006233  0.999972  0.999771  0.021351  0.001509  -0.021354  0.999769  0.002294  -0.001459  -0.002326  0.999996  1.000000  0.000267  0.000019  -0.000267  1.000000  0.000029  -0.000019  -0.000029  1.000000  0.998744  0.049910  0.004381  -0.049936  0.998734  0.006022  -0.004075  -0.006233  0.999972  0.000284  0.021530  
39.766725 0.003125  0.090066  -0.005635  0.982522  0.183019  0.033984  -0.184786  0.980985  0.059347  -0.022476  -0.064590  0.997659  0.003071  -0.009189  -0.004356  0.121174  -0.086341  1.094593  2.000000  0.998678  0.051214  0.004479  -0.051241  0.998667  0.006154  -0.004158  -0.006376  0.999971  0.999788  0.020529  0.001456  -0.020532  0.999787  0.002071  -0.001413  -0.002100  0.999997  1.000000  0.000257  0.000018  -0.000257  1.000000  0.000026  -0.000018  -0.000026  1.000000  0.998678  0.051214  0.004479  -0.051241  0.998667  0.006154  -0.004158  -0.006376  0.999971  0.000278  0.020688  
39.767977 0.003130  0.090056  -0.005641  0.982331  0.184029  0.034045  -0.185797  0.980796  0.059312  -0.022476  -0.064590  0.997659  0.003202  -0.008975  -0.004434  0.109649  -0.084818  1.067135  2.000000  0.998611  0.052487  0.004575  -0.052515  0.998600  0.006280  -0.004239  -0.006511  0.999970  0.999797  0.020118  0.001432  -0.020121  0.999796  0.001959  -0.001392  -0.001988  0.999997  1.000000  0.000252  0.000018  -0.000252  1.000000  0.000025  -0.000018  -0.000025  1.000000  0.998611  0.052487  0.004575  -0.052515  0.998600  0.006280  -0.004239  -0.006511  0.999970  0.000271  0.020267  
39.769225 0.003136  0.090046  -0.005648  0.982139  0.185039  0.034106  -0.186808  0.980606  0.059277  -0.022476  -0.064590  0.997659  0.003373  -0.008780  -0.004510  0.103119  -0.079006  1.041882  2.000000  0.998544  0.053732  0.004669  -0.053761  0.998533  0.006390  -0.004318  -0.006631  0.999969  0.999801  0.019913  0.001419  -0.019916  0.999800  0.001722  -0.001384  -0.001750  0.999998  1.000000  0.000249  0.000018  -0.000249  1.000000  0.000022  -0.000018  -0.000022  1.000000  0.998544  0.053732  0.004669  -0.053761  0.998533  0.006390  -0.004318  -0.006631  0.999969  0.000264  0.020040  
39.770232 0.003141  0.090038  -0.005654  0.981985  0.185846  0.034155  -0.187617  0.980454  0.059249  -0.022476  -0.064590  0.997659  0.003607  -0.008579  -0.004552  0.099319  -0.078175  1.027741  2.000000  0.998491  0.054713  0.004742  -0.054743  0.998480  0.006467  -0.004381  -0.006717  0.999968  0.999809  0.019502  0.001392  -0.019504  0.999809  0.001489  -0.001363  -0.001516  0.999998  1.000000  0.000244  0.000017  -0.000244  1.000000  0.000019  -0.000017  -0.000019  1.000000  0.998491  0.054713  0.004742  -0.054743  0.998480  0.006467  -0.004381  -0.006717  0.999968  0.000261  0.019611  
39.771478 0.003148  0.090029  -0.005661  0.981827  0.186645  0.034335  -0.188425  0.980302  0.059196  -0.022610  -0.064590  0.997656  0.003801  -0.008416  -0.004679  0.090610  -0.076811  1.005830  2.000000  0.998424  0.055914  0.004842  -0.055945  0.998412  0.006551  -0.004468  -0.006812  0.999967  0.999821  0.018869  0.001620  -0.018871  0.999821  0.001380  -0.001593  -0.001410  0.999998  1.000000  0.000236  0.000020  -0.000236  1.000000  0.000017  -0.000020  -0.000017  1.000000  0.998424  0.055914  0.004842  -0.055945  0.998412  0.006551  -0.004468  -0.006812  0.999967  0.000254  0.018991  
39.772478 0.003155  0.090022  -0.005666  0.981672  0.187452  0.034384  -0.189233  0.980148  0.059168  -0.022610  -0.064590  0.997656  0.004043  -0.008258  -0.004740  0.087903  -0.075765  0.986524  2.000000  0.998384  0.056621  0.004900  -0.056652  0.998372  0.006594  -0.004519  -0.006861  0.999966  0.999821  0.018878  0.001486  -0.018879  0.999821  0.001137  -0.001465  -0.001165  0.999998  1.000000  0.000236  0.000018  -0.000236  1.000000  0.000014  -0.000018  -0.000014  1.000000  0.998384  0.056621  0.004900  -0.056652  0.998372  0.006594  -0.004519  -0.006861  0.999966  0.000250  0.018972  
39.773730 0.003163  0.090012  -0.005674  0.981552  0.188049  0.034551  -0.189839  0.980034  0.059121  -0.022744  -0.064590  0.997653  0.004362  -0.008110  -0.004872  0.080240  -0.074138  0.958887  2.000000  0.998317  0.057775  0.004996  -0.057808  0.998306  0.006657  -0.004603  -0.006934  0.999965  0.999832  0.018253  0.001580  -0.018255  0.999833  0.001028  -0.001561  -0.001057  0.999998  1.000000  0.000228  0.000020  -0.000228  1.000000  0.000013  -0.000020  -0.000013  1.000000  0.998317  0.057775  0.004996  -0.057808  0.998306  0.006657  -0.004603  -0.006934  0.999965  0.000245  0.018352  
39.774975 0.003173  0.090003  -0.005683  0.981395  0.188856  0.034600  -0.190647  0.979878  0.059093  -0.022744  -0.064590  0.997653  0.004777  -0.007944  -0.005023  0.075995  -0.072281  0.930378  2.000000  0.998251  0.058891  0.005096  -0.058924  0.998240  0.006709  -0.004692  -0.006997  0.999965  0.999843  0.017637  0.001541  -0.017638  0.999844  0.000800  -0.001526  -0.000827  0.999998  1.000000  0.000220  0.000019  -0.000220  1.000000  0.000010  -0.000019  -0.000010  1.000000  0.998251  0.058891  0.005096  -0.058924  0.998240  0.006709  -0.004692  -0.006997  0.999965  0.000236  0.017724  
39.775978 0.003181  0.089995  -0.005690  0.981277  0.189457  0.034659  -0.191253  0.979754  0.059190  -0.022744  -0.064711  0.997645  0.005126  -0.007849  -0.005169  0.072453  -0.071182  0.910279  2.000000  0.998200  0.059751  0.005167  -0.059785  0.998188  0.006744  -0.004755  -0.007041  0.999964  0.999858  0.016824  0.001356  -0.016825  0.999858  0.000820  -0.001342  -0.000843  0.999999  1.000000  0.000210  0.000017  -0.000210  1.000000  0.000010  -0.000017  -0.000010  1.000000  0.998200  0.059751  0.005167  -0.059785  0.998188  0.006744  -0.004755  -0.007041  0.999964  0.000231  0.016900  
39.777228 0.003191  0.089986  -0.005700  0.981159  0.190062  0.034696  -0.191859  0.979637  0.059169  -0.022744  -0.064711  0.997645  0.005556  -0.007733  -0.005434  0.065507  -0.070112  0.890004  2.000000  0.998138  0.060772  0.005252  -0.060807  0.998126  0.006786  -0.004830  -0.007093  0.999963  0.999871  0.016002  0.001303  -0.016003  0.999872  0.000718  -0.001292  -0.000739  0.999999  1.000000  0.000200  0.000016  -0.000200  1.000000  0.000009  -0.000016  -0.000009  1.000000  0.998138  0.060772  0.005252  -0.060807  0.998126  0.006786  -0.004830  -0.007093  0.999963  0.000224  0.016073  
39.778480 0.003201  0.089976  -0.005709  0.981037  0.190658  0.034864  -0.192465  0.979521  0.059121  -0.022878  -0.064710  0.997642  0.006044  -0.007657  -0.005775  0.057743  -0.073366  0.868710  2.000000  0.998077  0.061752  0.005344  -0.061787  0.998066  0.006817  -0.004913  -0.007134  0.999962  0.999881  0.015369  0.001530  -0.015370  0.999882  0.000488  -0.001523  -0.000512  0.999999  1.000000  0.000192  0.000019  -0.000192  1.000000  0.000006  -0.000019  -0.000006  1.000000  0.998077  0.061752  0.005344  -0.061787  0.998066  0.006817  -0.004913  -0.007134  0.999962  0.000218  0.015454  
39.779730 0.003212  0.089965  -0.005718  0.980915  0.191255  0.035031  -0.193070  0.979405  0.059074  -0.023011  -0.064710  0.997639  0.006355  -0.007698  -0.006078  0.050159  -0.076195  0.840791  2.000000  0.998018  0.062690  0.005442  -0.062726  0.998007  0.006841  -0.005002  -0.007169  0.999962  0.999890  0.014744  0.001624  -0.014745  0.999891  0.000380  -0.001618  -0.000404  0.999999  1.000000  0.000184  0.000020  -0.000184  1.000000  0.000005  -0.000020  -0.000005  1.000000  0.998018  0.062690  0.005442  -0.062726  0.998007  0.006841  -0.005002  -0.007169  0.999962  0.000211  0.014839  
39.780976 0.003222  0.089956  -0.005728  0.980796  0.191860  0.035068  -0.193676  0.979287  0.059053  -0.023011  -0.064710  0.997639  0.006707  -0.007727  -0.006394  0.046225  -0.078758  0.813051  2.000000  0.997972  0.063420  0.005520  -0.063458  0.997961  0.006854  -0.005074  -0.007191  0.999961  0.999893  0.014548  0.001477  -0.014548  0.999894  0.000263  -0.001473  -0.000285  0.999999  1.000000  0.000182  0.000018  -0.000182  1.000000  0.000003  -0.000018  -0.000003  1.000000  0.997972  0.063420  0.005520  -0.063458  0.997961  0.006854  -0.005074  -0.007191  0.999961  0.000206  0.014625  
39.781976 0.003231  0.089948  -0.005735  0.980713  0.192254  0.035223  -0.194079  0.979209  0.059012  -0.023145  -0.064710  0.997636  0.007050  -0.007730  -0.006620  0.038498  -0.077542  0.792500  2.000000  0.997926  0.064128  0.005597  -0.064166  0.997916  0.006864  -0.005145  -0.007209  0.999961  0.999902  0.013923  0.001571  -0.013923  0.999903  0.000276  -0.001567  -0.000298  0.999999  1.000000  0.000174  0.000020  -0.000174  1.000000  0.000004  -0.000020  -0.000004  1.000000  0.997926  0.064128  0.005597  -0.064166  0.997916  0.006864  -0.005145  -0.007209  0.999961  0.000199  0.014015  
39.783225 0.003241  0.089938  -0.005745  0.980633  0.192658  0.035247  -0.194483  0.979130  0.058998  -0.023145  -0.064710  0.997636  0.007356  -0.007768  -0.006813  0.035236  -0.075397  0.758262  2.000000  0.997871  0.064976  0.005694  -0.065014  0.997861  0.006868  -0.005236  -0.007224  0.999960  0.999910  0.013307  0.001531  -0.013307  0.999911  0.000170  -0.001529  -0.000190  0.999999  1.000000  0.000166  0.000019  -0.000166  1.000000  0.000002  -0.000019  -0.000002  1.000000  0.997871  0.064976  0.005694  -0.065014  0.997861  0.006868  -0.005236  -0.007224  0.999960  0.000192  0.013396  
39.784473 0.003252  0.089928  -0.005754  0.980553  0.193061  0.035271  -0.194887  0.979051  0.058983  -0.023145  -0.064710  0.997636  0.007706  -0.007747  -0.006991  0.028279  -0.068990  0.723638  2.000000  0.997818  0.065770  0.005788  -0.065809  0.997809  0.006868  -0.005323  -0.007234  0.999960  0.999924  0.012280  0.001465  -0.012280  0.999925  0.000073  -0.001464  -0.000091  0.999999  1.000000  0.000154  0.000018  -0.000154  1.000000  0.000001  -0.000018  -0.000001  1.000000  0.997818  0.065770  0.005788  -0.065809  0.997809  0.006868  -0.005323  -0.007234  0.999960  0.000186  0.012367  
