1-Time 2-Px 3-Py 4-Pz 5-R11 6-R21 7-R31 8-R12 9-R22 10-R32 11-R13 12-R23 13-R33 14-Vx 15-Vy 16-Vz 17-Wx 18-Wy 19-Wz 20-state 21-PR11 22-PR21 23-PR31 24-PR12 25-PR22 26-PR32 27-PR13 28-PR23 29-PR33 
206.647600 -0.002563  0.086290  -0.007435  0.993600  0.072325  -0.086763  -0.070073  0.997128  0.028734  0.088592  -0.022471  0.995814  0.001179  0.001412  0.000623  0.000000  0.000000  0.000000  2.000000  1.000000  0.000000  0.000000  0.000000  1.000000  0.000000  0.000000  0.000000  1.000000  1.000000  0.000000  -0.000000  -0.000000  1.000000  0.000000  0.000000  0.000000  1.000000  1.000000  0.000000  0.000000  0.000000  1.000000  0.000000  0.000000  0.000000  1.000000  0.610301  0.483776  0.627291  -0.488030  0.853360  -0.183312  -0.623987  -0.194262  0.756904  0.000000  0.000000  
206.648605 -0.002562  0.086291  -0.007435  0.993600  0.072325  -0.086763  -0.070073  0.997128  0.028734  0.088592  -0.022471  0.995814  0.001148  0.001388  0.000605  0.000000  0.000000  0.000000  2.000000  1.000000  0.000000  0.000000  0.000000  1.000000  0.000000  0.000000  0.000000  1.000000  1.000000  0.000000  -0.000000  -0.000000  1.000000  0.000000  0.000000  0.000000  1.000000  1.000000  0.000000  0.000000  0.000000  1.000000  0.000000  0.000000  0.000000  1.000000  1.000000  0.000000  0.000000  0.000000  1.000000  0.000000  0.000000  0.000000  1.000000  0.000000  0.000000  
206.649858 -0.002562  0.086290  -0.007435  0.993574  0.072534  -0.086890  -0.070277  0.997113  0.028762  0.088725  -0.022470  0.995803  0.001042  0.001224  0.000561  0.000000  0.000000  0.000000  2.000000  1.000000  0.000000  0.000000  0.000000  1.000000  0.000000  0.000000  0.000000  1.000000  1.000000  0.000208  -0.000129  -0.000208  1.000000  0.000018  0.000129  -0.000018  1.000000  1.000000  0.000000  0.000000  0.000000  1.000000  0.000000  0.000000  0.000000  1.000000  1.000000  0.000000  0.000000  0.000000  1.000000  0.000000  0.000000  0.000000  1.000000  0.000000  0.000000  
206.651108 -0.002563  0.086287  -0.007435  0.993509  0.072964  -0.087268  -0.070683  0.997079  0.028947  0.089125  -0.022590  0.995764  0.000825  0.000919  0.000464  0.000000  0.000000  0.000000  2.000000  1.000000  0.000000  0.000000  0.000000  1.000000  0.000000  0.000000  0.000000  1.000000  1.000000  0.000624  -0.000387  -0.000624  1.000000  0.000176  0.000387  -0.000176  1.000000  1.000000  0.000000  0.000000  0.000000  1.000000  0.000000  0.000000  0.000000  1.000000  1.000000  0.000000  0.000000  0.000000  1.000000  0.000000  0.000000  0.000000  1.000000  0.000000  0.000000  
206.652355 -0.002564  0.086284  -0.007436  0.993471  0.073186  -0.087519  -0.070886  0.997060  0.029105  0.089392  -0.022711  0.995738  0.000709  0.000566  0.000410  0.000000  0.000000  0.000000  2.000000  1.000000  0.000000  0.000000  0.000000  1.000000  0.000000  0.000000  0.000000  1.000000  0.999999  0.000838  -0.000784  -0.000838  1.000000  0.000316  0.000784  -0.000316  1.000000  1.000000  0.000000  0.000000  0.000000  1.000000  0.000000  0.000000  0.000000  1.000000  1.000000  0.000000  0.000000  0.000000  1.000000  0.000000  0.000000  0.000000  1.000000  0.000000  0.000000  
206.653607 -0.002565  0.086280  -0.007435  0.993420  0.073411  -0.087903  -0.071088  0.997040  0.029272  0.089792  -0.022831  0.995699  0.000573  0.000240  0.000379  0.000000  0.000000  0.000000  2.000000  1.000000  0.000000  0.000000  0.000000  1.000000  0.000000  0.000000  0.000000  1.000000  0.999999  0.001050  -0.001047  -0.001049  0.999999  0.000456  0.001047  -0.000455  0.999999  1.000000  0.000000  0.000000  0.000000  1.000000  0.000000  0.000000  0.000000  1.000000  1.000000  0.000000  0.000000  0.000000  1.000000  0.000000  0.000000  0.000000  1.000000  0.000000  0.000000  
206.654854 -0.002566  0.086277  -0.007434  0.993352  0.074054  -0.088133  -0.071700  0.996987  0.029587  0.090058  -0.023072  0.995669  0.000369  -0.000153  0.000354  0.000000  0.000000  0.000000  2.000000  1.000000  0.000000  0.000000  0.000000  1.000000  0.000000  0.000000  0.000000  1.000000  0.999998  0.001469  -0.001438  -0.001468  0.999999  0.000615  0.001439  -0.000613  0.999999  1.000000  0.000000  0.000000  0.000000  1.000000  0.000000  0.000000  0.000000  1.000000  1.000000  0.000000  0.000000  0.000000  1.000000  0.000000  0.000000  0.000000  1.000000  0.000000  0.000000  
206.656106 -0.002567  0.086274  -0.007433  0.993245  0.074898  -0.088631  -0.072514  0.996921  0.029820  0.090591  -0.023191  0.995618  0.000170  -0.000472  0.000362  0.000000  0.000000  0.000000  2.000000  1.000000  0.000000  0.000000  0.000000  1.000000  0.000000  0.000000  0.000000  1.000000  0.999996  0.002298  -0.001820  -0.002297  0.999997  0.000811  0.001822  -0.000807  0.999998  1.000000  0.000000  0.000000  0.000000  1.000000  0.000000  0.000000  0.000000  1.000000  1.000000  0.000000  0.000000  0.000000  1.000000  0.000000  0.000000  0.000000  1.000000  0.000000  0.000000  
206.657355 -0.002569  0.086270  -0.007433  0.993163  0.075523  -0.089011  -0.073125  0.996874  0.029904  0.090991  -0.023190  0.995582  -0.000016  -0.000795  0.000337  0.000000  0.000000  0.000000  2.000000  1.000000  0.000000  0.000000  0.000000  1.000000  0.000000  0.000000  0.000000  1.000000  0.999993  0.003128  -0.002202  -0.003126  0.999995  0.001008  0.002205  -0.001001  0.999997  1.000000  0.000000  0.000000  0.000000  1.000000  0.000000  0.000000  0.000000  1.000000  1.000000  0.000000  0.000000  0.000000  1.000000  0.000000  0.000000  0.000000  1.000000  0.000000  0.000000  
206.658602 -0.002571  0.086267  -0.007434  0.993066  0.076364  -0.089375  -0.073940  0.996807  0.030128  0.091391  -0.023310  0.995542  -0.000266  -0.001082  0.000208  0.000000  0.000000  0.000000  2.000000  1.000000  0.000000  0.000000  0.000000  1.000000  0.000000  0.000000  0.000000  1.000000  0.999989  0.003756  -0.002722  -0.003753  0.999992  0.001188  0.002726  -0.001177  0.999996  1.000000  0.000000  0.000000  0.000000  1.000000  0.000000  0.000000  0.000000  1.000000  1.000000  0.000000  0.000000  0.000000  1.000000  0.000000  0.000000  0.000000  1.000000  0.000000  0.000000  
206.659609 -0.002573  0.086266  -0.007435  0.992971  0.076992  -0.089888  -0.074550  0.996759  0.030223  0.091924  -0.023309  0.995493  -0.000468  -0.001335  0.000114  0.000000  0.000000  0.000000  2.000000  1.000000  0.000000  0.000000  0.000000  1.000000  0.000000  0.000000  0.000000  1.000000  0.999986  0.004380  -0.003109  -0.004376  0.999990  0.001246  0.003114  -0.001232  0.999994  1.000000  0.000000  0.000000  0.000000  1.000000  0.000000  0.000000  0.000000  1.000000  1.000000  0.000000  0.000000  0.000000  1.000000  0.000000  0.000000  0.000000  1.000000  0.000000  0.000000  
206.660865 -0.002576  0.086264  -0.007437  0.992864  0.077634  -0.090524  -0.075159  0.996707  0.030449  0.092590  -0.023428  0.995429  -0.000742  -0.001570  -0.000041  0.048261  0.130837  0.175247  2.000000  1.000000  0.000125  -0.000092  -0.000125  1.000000  0.000035  0.000092  -0.000035  1.000000  0.999980  0.005011  -0.003762  -0.005006  0.999986  0.001427  0.003769  -0.001408  0.999992  1.000000  0.000063  -0.000047  -0.000063  1.000000  0.000018  0.000047  -0.000018  1.000000  1.000000  0.000125  -0.000092  -0.000125  1.000000  0.000035  0.000092  -0.000035  1.000000  0.000054  0.006425  
206.662111 -0.002578  0.086263  -0.007437  0.992739  0.078471  -0.091163  -0.075971  0.996641  0.030575  0.093256  -0.023427  0.995367  -0.000997  -0.001778  -0.000143  0.050853  0.152730  0.203381  2.000000  1.000000  0.000475  -0.000352  -0.000475  1.000000  0.000127  0.000352  -0.000127  1.000000  0.999973  0.005847  -0.004411  -0.005841  0.999982  0.001507  0.004420  -0.001481  0.999989  1.000000  0.000073  -0.000055  -0.000073  1.000000  0.000019  0.000055  -0.000019  1.000000  1.000000  0.000475  -0.000352  -0.000475  1.000000  0.000127  0.000352  -0.000127  1.000000  0.000063  0.007475  
206.663358 -0.002580  0.086259  -0.007439  0.992586  0.079515  -0.091928  -0.076987  0.996558  0.030730  0.094055  -0.023425  0.995291  -0.001237  -0.002123  -0.000295  0.054091  0.178901  0.238425  2.000000  0.999999  0.000879  -0.000654  -0.000879  1.000000  0.000225  0.000654  -0.000224  1.000000  0.999963  0.006891  -0.005189  -0.006883  0.999975  0.001608  0.005200  -0.001572  0.999985  1.000000  0.000086  -0.000065  -0.000086  1.000000  0.000020  0.000065  -0.000020  1.000000  0.999999  0.000879  -0.000654  -0.000879  1.000000  0.000225  0.000654  -0.000224  1.000000  0.000074  0.008772  
206.664610 -0.002583  0.086254  -0.007441  0.992459  0.080363  -0.092557  -0.077800  0.996488  0.030979  0.094721  -0.023544  0.995225  -0.001437  -0.002420  -0.000422  0.060770  0.200686  0.266446  2.000000  0.999999  0.001252  -0.000935  -0.001252  0.999999  0.000310  0.000935  -0.000309  1.000000  0.999953  0.007727  -0.005837  -0.007717  0.999969  0.001812  0.005851  -0.001767  0.999981  1.000000  0.000097  -0.000073  -0.000097  1.000000  0.000022  0.000073  -0.000022  1.000000  0.999999  0.001252  -0.000935  -0.001252  0.999999  0.000310  0.000935  -0.000309  1.000000  0.000083  0.009848  
206.665858 -0.002585  0.086249  -0.007441  0.992319  0.081202  -0.093327  -0.078611  0.996420  0.031118  0.095520  -0.023543  0.995149  -0.001487  -0.002556  -0.000386  0.063424  0.227023  0.294613  2.000000  0.999998  0.001774  -0.001327  -0.001773  0.999998  0.000426  0.001328  -0.000424  0.999999  0.999940  0.008771  -0.006615  -0.008759  0.999960  0.001916  0.006631  -0.001858  0.999976  1.000000  0.000110  -0.000083  -0.000110  1.000000  0.000024  0.000083  -0.000024  1.000000  0.999998  0.001774  -0.001327  -0.001773  0.999998  0.000426  0.001328  -0.000424  0.999999  0.000094  0.011147  
206.667109 -0.002587  0.086244  -0.007439  0.992164  0.082067  -0.094211  -0.079421  0.996343  0.031511  0.096452  -0.023782  0.995053  -0.001568  -0.002702  -0.000239  0.074267  0.257797  0.322889  2.000000  0.999996  0.002348  -0.001770  -0.002347  0.999997  0.000554  0.001772  -0.000549  0.999998  0.999926  0.009611  -0.007396  -0.009596  0.999952  0.002123  0.007416  -0.002052  0.999970  1.000000  0.000120  -0.000093  -0.000120  1.000000  0.000026  0.000093  -0.000026  1.000000  0.999996  0.002348  -0.001770  -0.002347  0.999997  0.000554  0.001772  -0.000549  0.999998  0.000103  0.012306  
206.668357 -0.002589  0.086236  -0.007437  0.992021  0.082918  -0.094971  -0.080232  0.996270  0.031774  0.097251  -0.023901  0.994973  -0.001630  -0.002974  -0.000139  0.081049  0.284129  0.351096  2.000000  0.999993  0.002975  -0.002269  -0.002974  0.999995  0.000697  0.002271  -0.000690  0.999997  0.999911  0.010455  -0.008309  -0.010435  0.999943  0.002455  0.008334  -0.002368  0.999962  1.000000  0.000131  -0.000104  -0.000131  1.000000  0.000030  0.000104  -0.000030  1.000000  0.999993  0.002975  -0.002269  -0.002974  0.999995  0.000697  0.002271  -0.000690  0.999997  0.000114  0.013571  
206.669604 -0.002590  0.086229  -0.007435  0.991850  0.083776  -0.095996  -0.081040  0.996195  0.032060  0.098317  -0.024019  0.994865  -0.001589  -0.003244  -0.000057  0.087901  0.319443  0.379505  2.000000  0.999989  0.003655  -0.002823  -0.003653  0.999993  0.000855  0.002826  -0.000845  0.999996  0.999894  0.011299  -0.009224  -0.011275  0.999933  0.002666  0.009253  -0.002562  0.999954  1.000000  0.000141  -0.000115  -0.000141  1.000000  0.000033  0.000115  -0.000033  1.000000  0.999989  0.003655  -0.002823  -0.003653  0.999993  0.000855  0.002826  -0.000845  0.999996  0.000125  0.014819  
206.670605 -0.002590  0.086222  -0.007434  0.991721  0.084422  -0.096762  -0.081646  0.996138  0.032305  0.099116  -0.024138  0.994783  -0.001510  -0.003503  0.000017  0.094073  0.345904  0.400796  2.000000  0.999986  0.004223  -0.003303  -0.004220  0.999991  0.000993  0.003307  -0.000979  0.999994  0.999886  0.011518  -0.009752  -0.011491  0.999930  0.002817  0.009784  -0.002705  0.999948  1.000000  0.000144  -0.000122  -0.000144  1.000000  0.000035  0.000122  -0.000035  1.000000  0.999986  0.004223  -0.003303  -0.004220  0.999991  0.000993  0.003307  -0.000979  0.999994  0.000133  0.015343  
206.671605 -0.002590  0.086216  -0.007432  0.991590  0.085080  -0.097517  -0.082252  0.996076  0.032673  0.099914  -0.024377  0.994697  -0.001494  -0.003792  0.000054  0.104383  0.372494  0.422292  2.000000  0.999981  0.004807  -0.003814  -0.004802  0.999988  0.001133  0.003819  -0.001114  0.999992  0.999874  0.011945  -0.010409  -0.011916  0.999925  0.002869  0.010442  -0.002744  0.999942  1.000000  0.000149  -0.000130  -0.000149  1.000000  0.000035  0.000130  -0.000035  1.000000  0.999981  0.004807  -0.003814  -0.004802  0.999988  0.001133  0.003819  -0.001114  0.999992  0.000142  0.016091  
206.672855 -0.002590  0.086208  -0.007431  0.991432  0.085734  -0.098548  -0.082856  0.996017  0.032942  0.100979  -0.024495  0.994587  -0.001356  -0.004122  0.000186  0.110612  0.407816  0.443656  2.000000  0.999976  0.005412  -0.004361  -0.005407  0.999985  0.001281  0.004368  -0.001258  0.999990  0.999861  0.012377  -0.011198  -0.012344  0.999919  0.003044  0.011234  -0.002905  0.999933  1.000000  0.000155  -0.000140  -0.000155  1.000000  0.000037  0.000140  -0.000037  1.000000  0.999976  0.005412  -0.004361  -0.005407  0.999985  0.001281  0.004368  -0.001258  0.999990  0.000152  0.016954  
206.673857 -0.002589  0.086202  -0.007431  0.991300  0.086380  -0.099312  -0.083461  0.995958  0.033191  0.101778  -0.024614  0.994503  -0.001134  -0.004383  0.000278  0.116846  0.434302  0.464991  2.000000  0.999970  0.006039  -0.004937  -0.006032  0.999981  0.001433  0.004946  -0.001403  0.999987  0.999852  0.012596  -0.011726  -0.012561  0.999916  0.003075  0.011764  -0.002927  0.999927  1.000000  0.000157  -0.000147  -0.000157  1.000000  0.000038  0.000147  -0.000038  1.000000  0.999970  0.006039  -0.004937  -0.006032  0.999981  0.001433  0.004946  -0.001403  0.999987  0.000160  0.017470  
206.674860 -0.002588  0.086195  -0.007430  0.991184  0.086822  -0.100084  -0.083862  0.995917  0.033420  0.102577  -0.024732  0.994418  -0.000959  -0.004660  0.000380  0.122397  0.460807  0.479294  2.000000  0.999962  0.006682  -0.005538  -0.006673  0.999976  0.001585  0.005549  -0.001548  0.999983  0.999842  0.013016  -0.012116  -0.012980  0.999911  0.003004  0.012154  -0.002846  0.999922  1.000000  0.000162  -0.000152  -0.000162  1.000000  0.000037  0.000152  -0.000037  1.000000  0.999962  0.006682  -0.005538  -0.006673  0.999976  0.001585  0.005549  -0.001548  0.999983  0.000167  0.018022  
206.676101 -0.002587  0.086188  -0.007429  0.991032  0.087662  -0.100852  -0.084671  0.995843  0.033570  0.103375  -0.024730  0.994335  -0.000735  -0.005081  0.000511  0.125276  0.487256  0.507591  2.000000  0.999954  0.007336  -0.006167  -0.007325  0.999972  0.001739  0.006180  -0.001694  0.999979  0.999835  0.013030  -0.012650  -0.012993  0.999911  0.003016  0.012688  -0.002851  0.999915  1.000000  0.000163  -0.000158  -0.000163  1.000000  0.000037  0.000158  -0.000037  1.000000  0.999954  0.007336  -0.006167  -0.007325  0.999972  0.001739  0.006180  -0.001694  0.999979  0.000177  0.018397  
206.677115 -0.002586  0.086182  -0.007428  0.990910  0.088294  -0.101493  -0.085278  0.995788  0.033690  0.104041  -0.024728  0.994266  -0.000519  -0.005450  0.000621  0.127380  0.509000  0.528513  2.000000  0.999945  0.007985  -0.006813  -0.007972  0.999966  0.001888  0.006828  -0.001833  0.999975  0.999830  0.013040  -0.013051  -0.013003  0.999911  0.002903  0.013088  -0.002733  0.999911  1.000000  0.000163  -0.000163  -0.000163  1.000000  0.000035  0.000163  -0.000035  1.000000  0.999945  0.007985  -0.006813  -0.007972  0.999966  0.001888  0.006828  -0.001833  0.999975  0.000184  0.018664  
206.678360 -0.002584  0.086175  -0.007426  0.990778  0.088739  -0.102397  -0.085677  0.995745  0.033933  0.104972  -0.024847  0.994165  -0.000204  -0.005656  0.000945  0.132005  0.535913  0.538827  2.000000  0.999932  0.008790  -0.007645  -0.008775  0.999959  0.002075  0.007663  -0.002007  0.999969  0.999825  0.012849  -0.013590  -0.012809  0.999913  0.003015  0.013627  -0.002840  0.999903  1.000000  0.000160  -0.000170  -0.000160  1.000000  0.000037  0.000170  -0.000037  1.000000  0.999932  0.008790  -0.007645  -0.008775  0.999959  0.002075  0.007663  -0.002007  0.999969  0.000194  0.018931  
206.679607 -0.002583  0.086169  -0.007424  0.990644  0.089172  -0.103310  -0.086076  0.995706  0.034055  0.105903  -0.024844  0.994066  -0.000006  -0.005668  0.001144  0.134075  0.567243  0.550868  2.000000  0.999918  0.009578  -0.008503  -0.009560  0.999952  0.002257  0.008524  -0.002175  0.999961  0.999826  0.012445  -0.013868  -0.012407  0.999919  0.002860  0.013902  -0.002688  0.999900  1.000000  0.000155  -0.000174  -0.000155  1.000000  0.000035  0.000174  -0.000035  1.000000  0.999918  0.009578  -0.008503  -0.009560  0.999952  0.002257  0.008524  -0.002175  0.999961  0.000197  0.018840  
206.680607 -0.002582  0.086164  -0.007421  0.990538  0.089599  -0.103959  -0.086478  0.995668  0.034156  0.106569  -0.024842  0.993995  0.000218  -0.005761  0.001332  0.129168  0.575879  0.546624  2.000000  0.999909  0.010043  -0.009033  -0.010022  0.999947  0.002366  0.009056  -0.002275  0.999956  0.999823  0.012250  -0.014274  -0.012211  0.999921  0.002848  0.014308  -0.002674  0.999894  1.000000  0.000153  -0.000179  -0.000153  1.000000  0.000035  0.000179  -0.000035  1.000000  0.999909  0.010043  -0.009033  -0.010022  0.999947  0.002366  0.009056  -0.002275  0.999956  0.000201  0.019013  
206.681859 -0.002581  0.086158  -0.007417  0.990402  0.090032  -0.104872  -0.086877  0.995629  0.034280  0.107500  -0.024840  0.993895  0.000418  -0.005805  0.001492  0.127194  0.598400  0.558433  2.000000  0.999892  0.010812  -0.009934  -0.010787  0.999939  0.002542  0.009961  -0.002435  0.999947  0.999819  0.012256  -0.014542  -0.012218  0.999922  0.002738  0.014574  -0.002560  0.999891  1.000000  0.000153  -0.000182  -0.000153  1.000000  0.000033  0.000182  -0.000033  1.000000  0.999892  0.010812  -0.009934  -0.010787  0.999939  0.002542  0.009961  -0.002435  0.999947  0.000206  0.019203  
206.683108 -0.002581  0.086151  -0.007413  0.990265  0.090465  -0.105785  -0.087276  0.995590  0.034405  0.108431  -0.024837  0.993794  0.000522  -0.005791  0.001655  0.124129  0.620673  0.565854  2.000000  0.999874  0.011555  -0.010851  -0.011527  0.999930  0.002716  0.010882  -0.002591  0.999937  0.999820  0.011852  -0.014820  -0.011813  0.999927  0.002705  0.014851  -0.002529  0.999887  1.000000  0.000148  -0.000185  -0.000148  1.000000  0.000033  0.000185  -0.000033  1.000000  0.999874  0.011555  -0.010851  -0.011527  0.999930  0.002716  0.010882  -0.002591  0.999937  0.000211  0.019157  
206.684358 -0.002581  0.086143  -0.007409  0.990128  0.090911  -0.106687  -0.087675  0.995546  0.034651  0.109362  -0.024955  0.993689  0.000591  -0.005786  0.001794  0.124502  0.638613  0.566349  2.000000  0.999855  0.012266  -0.011783  -0.012233  0.999921  0.002891  0.011818  -0.002747  0.999926  0.999827  0.011037  -0.014974  -0.010997  0.999936  0.002747  0.015003  -0.002582  0.999884  1.000000  0.000138  -0.000187  -0.000138  1.000000  0.000033  0.000187  -0.000033  1.000000  0.999855  0.012266  -0.011783  -0.012233  0.999921  0.002891  0.011818  -0.002747  0.999926  0.000214  0.018793  
206.685603 -0.002581  0.086135  -0.007405  0.990007  0.091139  -0.107607  -0.087870  0.995525  0.034755  0.110293  -0.024953  0.993586  0.000544  -0.005818  0.001895  0.118489  0.656517  0.549056  2.000000  0.999835  0.012931  -0.012720  -0.012893  0.999912  0.003061  0.012759  -0.002897  0.999914  0.999831  0.010425  -0.015124  -0.010387  0.999943  0.002568  0.015150  -0.002411  0.999882  1.000000  0.000130  -0.000189  -0.000130  1.000000  0.000031  0.000189  -0.000031  1.000000  0.999835  0.012931  -0.012720  -0.012893  0.999912  0.003061  0.012759  -0.002897  0.999914  0.000216  0.018538  
206.686605 -0.002581  0.086129  -0.007402  0.989915  0.091374  -0.108251  -0.088067  0.995501  0.034957  0.110958  -0.025071  0.993509  0.000599  -0.005791  0.001973  0.117284  0.665113  0.535182  2.000000  0.999819  0.013435  -0.013474  -0.013393  0.999905  0.003194  0.013516  -0.003013  0.999904  0.999835  0.010015  -0.015134  -0.009977  0.999947  0.002529  0.015159  -0.002378  0.999882  1.000000  0.000125  -0.000189  -0.000125  1.000000  0.000031  0.000189  -0.000031  1.000000  0.999819  0.013435  -0.013474  -0.013393  0.999905  0.003194  0.013516  -0.003013  0.999904  0.000216  0.018314  
206.687854 -0.002581  0.086121  -0.007397  0.989775  0.091807  -0.109163  -0.088465  0.995461  0.035085  0.111889  -0.025069  0.993405  0.000603  -0.005791  0.002236  0.112197  0.683260  0.521980  2.000000  0.999802  0.013919  -0.014235  -0.013873  0.999898  0.003325  0.014280  -0.003127  0.999893  0.999839  0.009405  -0.015283  -0.009368  0.999953  0.002468  0.015306  -0.002325  0.999880  1.000000  0.000117  -0.000191  -0.000117  1.000000  0.000030  0.000191  -0.000030  1.000000  0.999802  0.013919  -0.014235  -0.013873  0.999898  0.003325  0.014280  -0.003127  0.999893  0.000216  0.018105  
206.688856 -0.002581  0.086114  -0.007392  0.989682  0.092029  -0.109818  -0.088662  0.995441  0.035166  0.112553  -0.025067  0.993329  0.000507  -0.005825  0.002561  0.112028  0.693797  0.512652  2.000000  0.999784  0.014384  -0.014997  -0.014334  0.999891  0.003450  0.015045  -0.003234  0.999882  0.999845  0.008991  -0.015160  -0.008957  0.999957  0.002307  0.015180  -0.002171  0.999882  1.000000  0.000112  -0.000190  -0.000112  1.000000  0.000028  0.000190  -0.000028  1.000000  0.999784  0.014384  -0.014997  -0.014334  0.999891  0.003450  0.015045  -0.003234  0.999882  0.000216  0.017768  
206.690110 -0.002582  0.086106  -0.007387  0.989574  0.092267  -0.110593  -0.088858  0.995416  0.035381  0.113351  -0.025185  0.993236  0.000377  -0.005875  0.002938  0.110277  0.698864  0.492255  2.000000  0.999761  0.014935  -0.015946  -0.014879  0.999883  0.003599  0.015998  -0.003361  0.999866  0.999848  0.008582  -0.015170  -0.008551  0.999961  0.002147  0.015188  -0.002017  0.999883  1.000000  0.000107  -0.000190  -0.000107  1.000000  0.000026  0.000190  -0.000026  1.000000  0.999761  0.014935  -0.015946  -0.014879  0.999883  0.003599  0.015998  -0.003361  0.999866  0.000217  0.017554  
206.691351 -0.002583  0.086097  -0.007383  0.989464  0.092492  -0.111380  -0.089053  0.995395  0.035475  0.114149  -0.025183  0.993144  0.000225  -0.005924  0.003107  0.108251  0.702284  0.474682  2.000000  0.999738  0.015449  -0.016887  -0.015388  0.999875  0.003737  0.016942  -0.003476  0.999850  0.999855  0.007964  -0.015052  -0.007935  0.999967  0.001962  0.015067  -0.001842  0.999885  1.000000  0.000099  -0.000188  -0.000099  1.000000  0.000024  0.000188  -0.000024  1.000000  0.999738  0.015449  -0.016887  -0.015388  0.999875  0.003737  0.016942  -0.003476  0.999850  0.000214  0.017136  
206.692356 -0.002584  0.086091  -0.007380  0.989388  0.092509  -0.112042  -0.089047  0.995393  0.035535  0.114813  -0.025181  0.993068  0.000070  -0.006002  0.003232  0.106380  0.707228  0.454280  2.000000  0.999719  0.015832  -0.017629  -0.015767  0.999868  0.003838  0.017687  -0.003559  0.999837  0.999864  0.007342  -0.014801  -0.007317  0.999972  0.001775  0.014813  -0.001667  0.999889  1.000000  0.000092  -0.000185  -0.000092  1.000000  0.000022  0.000185  -0.000022  1.000000  0.999719  0.015832  -0.017629  -0.015767  0.999868  0.003838  0.017687  -0.003559  0.999837  0.000213  0.016612  
206.693358 -0.002586  0.086085  -0.007377  0.989293  0.092717  -0.112708  -0.089243  0.995377  0.035497  0.115478  -0.025058  0.992994  -0.000073  -0.006029  0.003295  0.100762  0.710983  0.426958  2.000000  0.999700  0.016189  -0.018354  -0.016120  0.999862  0.003927  0.018415  -0.003630  0.999824  0.999872  0.006922  -0.014410  -0.006901  0.999975  0.001490  0.014420  -0.001390  0.999895  1.000000  0.000086  -0.000180  -0.000086  1.000000  0.000018  0.000180  -0.000018  1.000000  0.999700  0.016189  -0.018354  -0.016120  0.999862  0.003927  0.018415  -0.003630  0.999824  0.000210  0.016052  
206.694610 -0.002587  0.086077  -0.007374  0.989197  0.092939  -0.113362  -0.089440  0.995357  0.035580  0.116142  -0.025056  0.992917  -0.000326  -0.006200  0.003392  0.094611  0.709737  0.409692  2.000000  0.999677  0.016610  -0.019244  -0.016535  0.999855  0.004020  0.019308  -0.003700  0.999807  0.999879  0.006503  -0.014154  -0.006487  0.999978  0.001204  0.014162  -0.001112  0.999899  1.000000  0.000081  -0.000177  -0.000081  1.000000  0.000014  0.000177  -0.000014  1.000000  0.999677  0.016610  -0.019244  -0.016535  0.999855  0.004020  0.019308  -0.003700  0.999807  0.000207  0.015620  
206.695858 -0.002589  0.086069  -0.007371  0.989101  0.093160  -0.114016  -0.089637  0.995336  0.035663  0.116807  -0.025054  0.992839  -0.000474  -0.006265  0.003262  0.092633  0.704212  0.392638  2.000000  0.999658  0.016930  -0.019948  -0.016852  0.999850  0.004087  0.020014  -0.003750  0.999793  0.999882  0.006295  -0.014026  -0.006280  0.999980  0.001062  0.014032  -0.000974  0.999901  1.000000  0.000079  -0.000175  -0.000079  1.000000  0.000013  0.000175  -0.000013  1.000000  0.999658  0.016930  -0.019948  -0.016852  0.999850  0.004087  0.020014  -0.003750  0.999793  0.000204  0.015408  
206.697107 -0.002591  0.086062  -0.007370  0.989005  0.093368  -0.114681  -0.089833  0.995319  0.035626  0.117471  -0.024932  0.992763  -0.000683  -0.006317  0.003118  0.078608  0.695813  0.371987  2.000000  0.999634  0.017290  -0.020807  -0.017208  0.999843  0.004156  0.020876  -0.003796  0.999775  0.999892  0.005463  -0.013646  -0.005452  0.999985  0.000848  0.013651  -0.000774  0.999907  1.000000  0.000068  -0.000171  -0.000068  1.000000  0.000010  0.000171  -0.000010  1.000000  0.999634  0.017290  -0.020807  -0.017208  0.999843  0.004156  0.020876  -0.003796  0.999775  0.000199  0.014722  
206.698358 -0.002595  0.086054  -0.007368  0.988908  0.093590  -0.115335  -0.090030  0.995299  0.035710  0.118135  -0.024930  0.992685  -0.000899  -0.006341  0.002961  0.072512  0.688776  0.347252  2.000000  0.999610  0.017612  -0.021656  -0.017525  0.999838  0.004218  0.021727  -0.003837  0.999757  0.999897  0.004846  -0.013528  -0.004837  0.999988  0.000658  0.013531  -0.000592  0.999908  1.000000  0.000061  -0.000169  -0.000061  1.000000  0.000008  0.000169  -0.000008  1.000000  0.999610  0.017612  -0.021656  -0.017525  0.999838  0.004218  0.021727  -0.003837  0.999757  0.000194  0.014384  
206.699608 -0.002598  0.086047  -0.007366  0.988829  0.093606  -0.115997  -0.090022  0.995297  0.035770  0.118800  -0.024928  0.992605  -0.001145  -0.006293  0.002809  0.061609  0.680349  0.319542  2.000000  0.999587  0.017912  -0.022493  -0.017821  0.999832  0.004272  0.022565  -0.003869  0.999738  0.999901  0.004634  -0.013266  -0.004626  0.999989  0.000636  0.013269  -0.000575  0.999912  1.000000  0.000058  -0.000166  -0.000058  1.000000  0.000008  0.000166  -0.000008  1.000000  0.999587  0.017912  -0.022493  -0.017821  0.999832  0.004272  0.022565  -0.003869  0.999738  0.000189  0.014066  
206.700859 -0.002602  0.086040  -0.007364  0.988715  0.093817  -0.116794  -0.090217  0.995280  0.035746  0.119597  -0.024805  0.992513  -0.001378  -0.006211  0.002698  0.051467  0.671891  0.298672  2.000000  0.999563  0.018190  -0.023318  -0.018094  0.999827  0.004318  0.023393  -0.003895  0.999719  0.999906  0.004420  -0.013005  -0.004414  0.999990  0.000494  0.013007  -0.000436  0.999915  1.000000  0.000055  -0.000163  -0.000055  1.000000  0.000006  0.000163  -0.000006  1.000000  0.999563  0.018190  -0.023318  -0.018094  0.999827  0.004318  0.023393  -0.003895  0.999719  0.000185  0.013744  
206.702105 -0.002605  0.086033  -0.007360  0.988635  0.093833  -0.117456  -0.090210  0.995279  0.035806  0.120261  -0.024803  0.992432  -0.001593  -0.006145  0.002703  0.045008  0.658742  0.275891  2.000000  0.999539  0.018443  -0.024121  -0.018343  0.999822  0.004360  0.024197  -0.003915  0.999700  0.999911  0.003799  -0.012753  -0.003794  0.999993  0.000422  0.012754  -0.000374  0.999919  1.000000  0.000047  -0.000159  -0.000047  1.000000  0.000005  0.000159  -0.000005  1.000000  0.999539  0.018443  -0.024121  -0.018343  0.999822  0.004360  0.024197  -0.003915  0.999700  0.000179  0.013313  
206.703356 -0.002609  0.086027  -0.007355  0.988536  0.094069  -0.118098  -0.090406  0.995254  0.036011  0.120925  -0.024922  0.992349  -0.001883  -0.006051  0.002593  0.039955  0.645726  0.263744  2.000000  0.999515  0.018673  -0.024909  -0.018569  0.999818  0.004404  0.024986  -0.003940  0.999680  0.999916  0.003589  -0.012490  -0.003583  0.999993  0.000521  0.012492  -0.000476  0.999922  1.000000  0.000045  -0.000156  -0.000045  1.000000  0.000006  0.000156  -0.000006  1.000000  0.999515  0.018673  -0.024909  -0.018569  0.999818  0.004404  0.024986  -0.003940  0.999680  0.000176  0.013005  
206.704608 -0.002613  0.086020  -0.007351  0.988455  0.094071  -0.118770  -0.090399  0.995257  0.035951  0.121589  -0.024799  0.992271  -0.002122  -0.005951  0.002480  0.033440  0.640904  0.241051  2.000000  0.999496  0.018847  -0.025531  -0.018740  0.999815  0.004434  0.025610  -0.003954  0.999664  0.999918  0.003380  -0.012362  -0.003377  0.999994  0.000256  0.012363  -0.000214  0.999924  1.000000  0.000042  -0.000155  -0.000042  1.000000  0.000003  0.000155  -0.000003  1.000000  0.999496  0.018847  -0.025531  -0.018740  0.999815  0.004434  0.025610  -0.003954  0.999664  0.000172  0.012818  
206.705854 -0.002617  0.086013  -0.007347  0.988391  0.094085  -0.119299  -0.090393  0.995255  0.035999  0.122120  -0.024798  0.992205  -0.002300  -0.005851  0.002458  0.027246  0.628113  0.220318  2.000000  0.999473  0.019048  -0.026295  -0.018937  0.999811  0.004462  0.026375  -0.003962  0.999644  0.999923  0.003165  -0.011966  -0.003162  0.999995  0.000232  0.011966  -0.000194  0.999928  1.000000  0.000040  -0.000150  -0.000040  1.000000  0.000003  0.000150  -0.000003  1.000000  0.999473  0.019048  -0.026295  -0.018937  0.999811  0.004462  0.026375  -0.003962  0.999644  0.000167  0.012379  
206.706858 -0.002620  0.086007  -0.007345  0.988307  0.094303  -0.119821  -0.090590  0.995235  0.036072  0.122651  -0.024796  0.992140  -0.002436  -0.005791  0.002425  0.025811  0.623907  0.206529  2.000000  0.999454  0.019199  -0.026891  -0.019085  0.999808  0.004483  0.026972  -0.003968  0.999628  0.999926  0.002957  -0.011837  -0.002954  0.999996  0.000208  0.011838  -0.000173  0.999930  1.000000  0.000037  -0.000148  -0.000037  1.000000  0.000002  0.000148  -0.000002  1.000000  0.999454  0.019199  -0.026891  -0.019085  0.999808  0.004483  0.026972  -0.003968  0.999628  0.000165  0.012203  
206.707914 -0.002623  0.086002  -0.007343  0.988258  0.094313  -0.120217  -0.090586  0.995234  0.036109  0.123050  -0.024795  0.992091  -0.002535  -0.005705  0.002325  0.019676  0.610503  0.186863  2.000000  0.999435  0.019342  -0.027471  -0.019225  0.999805  0.004499  0.027553  -0.003968  0.999612  0.999931  0.002742  -0.011441  -0.002741  0.999996  0.000063  0.011441  -0.000031  0.999935  1.000000  0.000034  -0.000143  -0.000034  1.000000  0.000001  0.000143  -0.000001  1.000000  0.999435  0.019342  -0.027471  -0.019225  0.999805  0.004499  0.027553  -0.003968  0.999612  0.000161  0.011765  
206.709106 -0.002626  0.085995  -0.007340  0.988173  0.094516  -0.120750  -0.090783  0.995218  0.036061  0.123581  -0.024673  0.992028  -0.002671  -0.005693  0.002314  0.014824  0.602327  0.178694  2.000000  0.999417  0.019471  -0.028038  -0.019352  0.999803  0.004507  0.028120  -0.003962  0.999597  0.999933  0.002532  -0.011313  -0.002533  0.999997  -0.000083  0.011313  0.000111  0.999936  1.000000  0.000032  -0.000141  -0.000032  1.000000  -0.000001  0.000141  0.000001  1.000000  0.999417  0.019471  -0.028038  -0.019352  0.999803  0.004507  0.028120  -0.003962  0.999597  0.000157  0.011593  
206.710108 -0.002629  0.085990  -0.007337  0.988124  0.094526  -0.121146  -0.090779  0.995217  0.036098  0.123979  -0.024672  0.991978  -0.002721  -0.005629  0.002356  0.014122  0.593597  0.171651  2.000000  0.999399  0.019599  -0.028593  -0.019478  0.999800  0.004510  0.028676  -0.003950  0.999581  0.999936  0.002526  -0.011045  -0.002528  0.999997  -0.000203  0.011045  0.000231  0.999939  1.000000  0.000032  -0.000138  -0.000032  1.000000  -0.000003  0.000138  0.000003  1.000000  0.999399  0.019599  -0.028593  -0.019478  0.999800  0.004510  0.028676  -0.003950  0.999581  0.000155  0.011333  
206.711109 -0.002631  0.085985  -0.007335  0.988074  0.094521  -0.121554  -0.090774  0.995220  0.036013  0.124377  -0.024550  0.991931  -0.002748  -0.005518  0.002400  0.008676  0.576402  0.158726  2.000000  0.999381  0.019717  -0.029136  -0.019594  0.999798  0.004504  0.029219  -0.003931  0.999565  0.999939  0.002313  -0.010783  -0.002317  0.999997  -0.000349  0.010782  0.000374  0.999942  1.000000  0.000029  -0.000135  -0.000029  1.000000  -0.000005  0.000135  0.000005  1.000000  0.999381  0.019717  -0.029136  -0.019594  0.999798  0.004504  0.029219  -0.003931  0.999565  0.000151  0.011035  
206.712359 -0.002632  0.085979  -0.007333  0.988024  0.094531  -0.121951  -0.090770  0.995219  0.036050  0.124776  -0.024549  0.991881  -0.002655  -0.005378  0.002430  0.007151  0.563237  0.144633  2.000000  0.999363  0.019824  -0.029669  -0.019700  0.999796  0.004496  0.029752  -0.003908  0.999550  0.999942  0.002102  -0.010521  -0.002106  0.999998  -0.000374  0.010520  0.000396  0.999945  1.000000  0.000026  -0.000132  -0.000026  1.000000  -0.000005  0.000132  0.000005  1.000000  0.999363  0.019824  -0.029669  -0.019700  0.999796  0.004496  0.029752  -0.003908  0.999550  0.000146  0.010736  
206.713608 -0.002633  0.085974  -0.007331  0.987974  0.094526  -0.122359  -0.090765  0.995223  0.035966  0.125174  -0.024427  0.991834  -0.002545  -0.005239  0.002482  -0.002528  0.541116  0.130326  2.000000  0.999341  0.019952  -0.030315  -0.019825  0.999793  0.004478  0.030398  -0.003874  0.999530  0.999946  0.001889  -0.010259  -0.001895  0.999998  -0.000520  0.010258  0.000540  0.999947  1.000000  0.000024  -0.000128  -0.000024  1.000000  -0.000007  0.000128  0.000007  1.000000  0.999341  0.019952  -0.030315  -0.019825  0.999793  0.004478  0.030398  -0.003874  0.999530  0.000142  0.010445  
206.714859 -0.002634  0.085969  -0.007328  0.987924  0.094536  -0.122755  -0.090760  0.995222  0.036002  0.125572  -0.024426  0.991784  -0.002373  -0.005108  0.002496  -0.003265  0.523299  0.122999  2.000000  0.999320  0.020066  -0.030933  -0.019938  0.999791  0.004462  0.031016  -0.003842  0.999512  0.999951  0.001671  -0.009729  -0.001676  0.999999  -0.000425  0.009728  0.000441  0.999953  1.000000  0.000021  -0.000122  -0.000021  1.000000  -0.000005  0.000122  0.000005  1.000000  0.999320  0.020066  -0.030933  -0.019938  0.999791  0.004462  0.031016  -0.003842  0.999512  0.000136  0.009881  
206.716108 -0.002635  0.085964  -0.007326  0.987891  0.094542  -0.123020  -0.090757  0.995221  0.036026  0.125838  -0.024425  0.991750  -0.002170  -0.005008  0.002455  -0.004843  0.505591  0.108792  2.000000  0.999299  0.020164  -0.031528  -0.020034  0.999789  0.004446  0.031611  -0.003811  0.999493  0.999955  0.001457  -0.009333  -0.001461  0.999999  -0.000450  0.009332  0.000464  0.999956  1.000000  0.000018  -0.000117  -0.000018  1.000000  -0.000006  0.000117  0.000006  1.000000  0.999299  0.020164  -0.031528  -0.020034  0.999789  0.004446  0.031611  -0.003811  0.999493  0.000132  0.009457  
206.717359 -0.002635  0.085958  -0.007324  0.987857  0.094534  -0.123295  -0.090754  0.995225  0.035930  0.126103  -0.024304  0.991719  -0.001935  -0.004912  0.002308  -0.013661  0.488255  0.100753  2.000000  0.999280  0.020247  -0.032096  -0.020115  0.999788  0.004431  0.032179  -0.003782  0.999475  0.999959  0.001242  -0.008937  -0.001246  0.999999  -0.000476  0.008936  0.000487  0.999960  1.000000  0.000016  -0.000112  -0.000016  1.000000  -0.000006  0.000112  0.000006  1.000000  0.999280  0.020247  -0.032096  -0.020115  0.999788  0.004431  0.032179  -0.003782  0.999475  0.000126  0.009035  
206.718605 -0.002635  0.085953  -0.007323  0.987807  0.094543  -0.123692  -0.090750  0.995224  0.035966  0.126501  -0.024303  0.991669  -0.001714  -0.004827  0.002105  -0.014428  0.475079  0.093609  2.000000  0.999261  0.020323  -0.032640  -0.020190  0.999786  0.004412  0.032723  -0.003750  0.999457  0.999963  0.001232  -0.008535  -0.001236  0.999999  -0.000476  0.008535  0.000486  0.999963  1.000000  0.000015  -0.000107  -0.000015  1.000000  -0.000006  0.000107  0.000006  1.000000  0.999261  0.020323  -0.032640  -0.020190  0.999786  0.004412  0.032723  -0.003750  0.999457  0.000121  0.008637  
206.719649 -0.002635  0.085948  -0.007322  0.987790  0.094562  -0.123812  -0.090748  0.995219  0.036099  0.126634  -0.024423  0.991649  -0.001482  -0.004750  0.001905  -0.016140  0.451723  0.079912  2.000000  0.999246  0.020376  -0.033059  -0.020242  0.999785  0.004400  0.033141  -0.003727  0.999444  0.999965  0.001022  -0.008273  -0.001025  0.999999  -0.000380  0.008272  0.000389  0.999966  1.000000  0.000013  -0.000103  -0.000013  1.000000  -0.000005  0.000103  0.000005  1.000000  0.999246  0.020376  -0.033059  -0.020242  0.999785  0.004400  0.033141  -0.003727  0.999444  0.000118  0.008345  
206.720854 -0.002636  0.085942  -0.007320  0.987739  0.094571  -0.124209  -0.090743  0.995219  0.036136  0.127032  -0.024421  0.991598  -0.001210  -0.004695  0.001840  -0.016959  0.439138  0.072831  2.000000  0.999231  0.020426  -0.033462  -0.020291  0.999784  0.004389  0.033545  -0.003706  0.999430  0.999969  0.001012  -0.007871  -0.001015  0.999999  -0.000380  0.007871  0.000388  0.999969  1.000000  0.000013  -0.000098  -0.000013  1.000000  -0.000005  0.000098  0.000005  1.000000  0.999231  0.020426  -0.033462  -0.020291  0.999784  0.004389  0.033545  -0.003706  0.999430  0.000111  0.007946  
206.721855 -0.002635  0.085939  -0.007318  0.987705  0.094578  -0.124473  -0.090740  0.995218  0.036160  0.127298  -0.024421  0.991564  -0.000967  -0.004584  0.001796  -0.016797  0.426664  0.072016  2.000000  0.999217  0.020469  -0.033849  -0.020332  0.999784  0.004383  0.033932  -0.003691  0.999417  0.999971  0.000801  -0.007609  -0.000803  1.000000  -0.000285  0.007609  0.000291  0.999971  1.000000  0.000010  -0.000095  -0.000010  1.000000  -0.000004  0.000095  0.000004  1.000000  0.999217  0.020469  -0.033849  -0.020332  0.999784  0.004383  0.033932  -0.003691  0.999417  0.000109  0.007657  
206.722855 -0.002634  0.085935  -0.007315  0.987707  0.094376  -0.124612  -0.090535  0.995237  0.036146  0.127430  -0.024420  0.991547  -0.000755  -0.004492  0.001855  -0.018583  0.407941  0.058293  2.000000  0.999204  0.020500  -0.034222  -0.020362  0.999783  0.004375  0.034304  -0.003675  0.999405  0.999973  0.000590  -0.007347  -0.000592  1.000000  -0.000311  0.007346  0.000315  0.999973  1.000000  0.000007  -0.000092  -0.000007  1.000000  -0.000004  0.000092  0.000004  1.000000  0.999204  0.020500  -0.034222  -0.020362  0.999783  0.004375  0.034304  -0.003675  0.999405  0.000106  0.007377  
206.724105 -0.002632  0.085930  -0.007312  0.987673  0.094383  -0.124877  -0.090532  0.995236  0.036170  0.127696  -0.024419  0.991513  -0.000413  -0.004328  0.001898  -0.015205  0.395898  0.050762  2.000000  0.999188  0.020533  -0.034664  -0.020394  0.999783  0.004358  0.034746  -0.003647  0.999390  0.999976  0.000376  -0.006950  -0.000379  1.000000  -0.000458  0.006950  0.000461  0.999976  1.000000  0.000005  -0.000087  -0.000005  1.000000  -0.000006  0.000087  0.000006  1.000000  0.999188  0.020533  -0.034664  -0.020394  0.999783  0.004358  0.034746  -0.003647  0.999390  0.000101  0.006976  
