1-Time 2-Px 3-Py 4-Pz 5-R11 6-R21 7-R31 8-R12 9-R22 10-R32 11-R13 12-R23 13-R33 14-Vx 15-Vy 16-Vz 17-Wx 18-Wy 19-Wz 20-state 21-PR11 22-PR21 23-PR31 24-PR12 25-PR22 26-PR32 27-PR13 28-PR23 29-PR33 
21.667983 0.004210  0.091406  -0.006933  0.998703  0.050900  -0.000745  -0.050828  0.997882  0.040592  0.002810  -0.040502  0.999176  0.000055  -0.000045  0.000050  0.000000  0.000000  0.000000  2.000000  1.000000  0.000000  0.000000  0.000000  1.000000  0.000000  0.000000  0.000000  1.000000  1.000000  0.000000  0.000000  -0.000000  1.000000  0.000000  0.000000  0.000000  1.000000  1.000000  0.000000  0.000000  0.000000  1.000000  0.000000  0.000000  0.000000  1.000000  0.701477  0.474178  -0.532057  -0.508914  0.855905  0.091832  0.498935  0.206353  0.841714  0.000000  0.000000  
21.668987 0.004210  0.091406  -0.006934  0.998703  0.050900  -0.000745  -0.050828  0.997882  0.040592  0.002810  -0.040502  0.999176  0.000068  -0.000049  0.000016  0.000000  0.000000  0.000000  2.000000  1.000000  0.000000  0.000000  0.000000  1.000000  0.000000  0.000000  0.000000  1.000000  1.000000  0.000000  0.000000  -0.000000  1.000000  0.000000  0.000000  0.000000  1.000000  1.000000  0.000000  0.000000  0.000000  1.000000  0.000000  0.000000  0.000000  1.000000  1.000000  0.000000  0.000000  0.000000  1.000000  0.000000  0.000000  0.000000  1.000000  0.000000  0.000000  
21.669987 0.004210  0.091405  -0.006934  0.998693  0.051106  -0.000737  -0.051034  0.997872  0.040593  0.002810  -0.040502  0.999176  0.000074  -0.000151  -0.000008  0.000000  0.000000  0.000000  2.000000  1.000000  0.000000  0.000000  0.000000  1.000000  0.000000  0.000000  0.000000  1.000000  1.000000  0.000206  0.000008  -0.000206  1.000000  0.000001  -0.000008  -0.000001  1.000000  1.000000  0.000000  0.000000  0.000000  1.000000  0.000000  0.000000  0.000000  1.000000  1.000000  0.000000  0.000000  0.000000  1.000000  0.000000  0.000000  0.000000  1.000000  0.000000  0.000000  
21.671237 0.004210  0.091402  -0.006935  0.998672  0.051517  -0.000714  -0.051445  0.997846  0.040714  0.002810  -0.040623  0.999171  0.000047  -0.000358  -0.000087  0.000000  0.000000  0.000000  2.000000  1.000000  0.000000  0.000000  0.000000  1.000000  0.000000  0.000000  0.000000  1.000000  1.000000  0.000617  0.000025  -0.000617  1.000000  0.000123  -0.000025  -0.000123  1.000000  1.000000  0.000000  0.000000  0.000000  1.000000  0.000000  0.000000  0.000000  1.000000  1.000000  0.000000  0.000000  0.000000  1.000000  0.000000  0.000000  0.000000  1.000000  0.000000  0.000000  
21.672487 0.004211  0.091399  -0.006935  0.998661  0.051722  -0.000699  -0.051650  0.997830  0.040835  0.002810  -0.040744  0.999166  0.000060  -0.000562  -0.000136  0.000000  0.000000  0.000000  2.000000  1.000000  0.000000  0.000000  0.000000  1.000000  0.000000  0.000000  0.000000  1.000000  1.000000  0.000823  0.000034  -0.000823  1.000000  0.000245  -0.000033  -0.000245  1.000000  1.000000  0.000000  0.000000  0.000000  1.000000  0.000000  0.000000  0.000000  1.000000  1.000000  0.000000  0.000000  0.000000  1.000000  0.000000  0.000000  0.000000  1.000000  0.000000  0.000000  
21.673491 0.004212  0.091396  -0.006936  0.998651  0.051928  -0.000685  -0.051856  0.997814  0.040956  0.002810  -0.040866  0.999161  0.000111  -0.000764  -0.000154  0.000000  0.000000  0.000000  2.000000  1.000000  0.000000  0.000000  0.000000  1.000000  0.000000  0.000000  0.000000  1.000000  1.000000  0.000823  0.000034  -0.000823  1.000000  0.000366  -0.000033  -0.000366  1.000000  1.000000  0.000000  0.000000  0.000000  1.000000  0.000000  0.000000  0.000000  1.000000  1.000000  0.000000  0.000000  0.000000  1.000000  0.000000  0.000000  0.000000  1.000000  0.000000  0.000000  
21.674492 0.004212  0.091393  -0.006936  0.998640  0.052133  -0.000670  -0.052062  0.997799  0.041077  0.002810  -0.040987  0.999156  0.000162  -0.000965  -0.000172  0.000000  0.000000  0.000000  2.000000  1.000000  0.000000  0.000000  0.000000  1.000000  0.000000  0.000000  0.000000  1.000000  0.999999  0.001028  0.000042  -0.001029  0.999999  0.000488  -0.000042  -0.000488  1.000000  1.000000  0.000000  0.000000  0.000000  1.000000  0.000000  0.000000  0.000000  1.000000  1.000000  0.000000  0.000000  0.000000  1.000000  0.000000  0.000000  0.000000  1.000000  0.000000  0.000000  
21.675496 0.004213  0.091390  -0.006936  0.998629  0.052344  -0.000788  -0.052267  0.997783  0.041206  0.002944  -0.041108  0.999150  0.000223  -0.001111  -0.000146  0.000000  0.000000  0.000000  2.000000  1.000000  0.000000  0.000000  0.000000  1.000000  0.000000  0.000000  0.000000  1.000000  0.999999  0.001240  -0.000083  -0.001240  0.999999  0.000489  0.000084  -0.000489  1.000000  1.000000  0.000000  0.000000  0.000000  1.000000  0.000000  0.000000  0.000000  1.000000  1.000000  0.000000  0.000000  0.000000  1.000000  0.000000  0.000000  0.000000  1.000000  0.000000  0.000000  
21.676741 0.004215  0.091387  -0.006935  0.998607  0.052761  -0.000899  -0.052678  0.997756  0.041334  0.003077  -0.041229  0.999145  0.000321  -0.001334  -0.000124  0.000000  0.000000  0.000000  2.000000  1.000000  0.000000  0.000000  0.000000  1.000000  0.000000  0.000000  0.000000  1.000000  0.999998  0.001862  -0.000191  -0.001862  0.999998  0.000733  0.000192  -0.000733  1.000000  1.000000  0.000000  0.000000  0.000000  1.000000  0.000000  0.000000  0.000000  1.000000  1.000000  0.000000  0.000000  0.000000  1.000000  0.000000  0.000000  0.000000  1.000000  0.000000  0.000000  
21.677991 0.004216  0.091384  -0.006935  0.998574  0.053377  -0.000867  -0.053295  0.997718  0.041456  0.003077  -0.041350  0.999140  0.000411  -0.001533  -0.000112  0.000000  0.000000  0.000000  2.000000  1.000000  0.000000  0.000000  0.000000  1.000000  0.000000  0.000000  0.000000  1.000000  0.999997  0.002274  -0.000174  -0.002274  0.999997  0.000856  0.000176  -0.000856  1.000000  1.000000  0.000000  0.000000  0.000000  1.000000  0.000000  0.000000  0.000000  1.000000  1.000000  0.000000  0.000000  0.000000  1.000000  0.000000  0.000000  0.000000  1.000000  0.000000  0.000000  
21.679242 0.004218  0.091381  -0.006935  0.998552  0.053788  -0.000843  -0.053706  0.997691  0.041577  0.003077  -0.041471  0.999135  0.000506  -0.001708  -0.000133  0.000000  0.000000  0.000000  2.000000  1.000000  0.000000  0.000000  0.000000  1.000000  0.000000  0.000000  0.000000  1.000000  0.999996  0.002891  -0.000148  -0.002891  0.999995  0.000979  0.000151  -0.000979  1.000000  1.000000  0.000000  0.000000  0.000000  1.000000  0.000000  0.000000  0.000000  1.000000  1.000000  0.000000  0.000000  0.000000  1.000000  0.000000  0.000000  0.000000  1.000000  0.000000  0.000000  
21.680488 0.004220  0.091378  -0.006935  0.998519  0.054404  -0.000811  -0.054323  0.997652  0.041698  0.003077  -0.041593  0.999130  0.000644  -0.001931  -0.000093  0.000000  0.000000  0.000000  2.000000  1.000000  0.000000  0.000000  0.000000  1.000000  0.000000  0.000000  0.000000  1.000000  0.999995  0.003302  -0.000130  -0.003302  0.999994  0.001102  0.000134  -0.001101  0.999999  1.000000  0.000000  0.000000  0.000000  1.000000  0.000000  0.000000  0.000000  1.000000  1.000000  0.000000  0.000000  0.000000  1.000000  0.000000  0.000000  0.000000  1.000000  0.000000  0.000000  
21.681491 0.004221  0.091376  -0.006933  0.998496  0.054815  -0.000787  -0.054734  0.997625  0.041820  0.003077  -0.041714  0.999125  0.000775  -0.002048  -0.000017  0.000000  0.000000  0.000000  2.000000  1.000000  0.000000  0.000000  0.000000  1.000000  0.000000  0.000000  0.000000  1.000000  0.999993  0.003714  -0.000113  -0.003713  0.999992  0.001103  0.000117  -0.001102  0.999999  1.000000  0.000000  0.000000  0.000000  1.000000  0.000000  0.000000  0.000000  1.000000  1.000000  0.000000  0.000000  0.000000  1.000000  0.000000  0.000000  0.000000  1.000000  0.000000  0.000000  
21.682735 0.004224  0.091374  -0.006931  0.998462  0.055431  -0.000754  -0.055351  0.997586  0.041941  0.003077  -0.041835  0.999120  0.000909  -0.002212  0.000115  0.000000  0.000000  0.000000  2.000000  1.000000  0.000000  0.000000  0.000000  1.000000  0.000000  0.000000  0.000000  1.000000  0.999991  0.004331  -0.000087  -0.004331  0.999990  0.001226  0.000092  -0.001225  0.999999  1.000000  0.000000  0.000000  0.000000  1.000000  0.000000  0.000000  0.000000  1.000000  1.000000  0.000000  0.000000  0.000000  1.000000  0.000000  0.000000  0.000000  1.000000  0.000000  0.000000  
21.683736 0.004225  0.091371  -0.006930  0.998427  0.056053  -0.000862  -0.055967  0.997551  0.041949  0.003211  -0.041835  0.999119  0.001009  -0.002365  0.000189  0.045359  0.006357  0.173365  2.000000  1.000000  0.000000  0.000000  0.000000  1.000000  0.000000  0.000000  0.000000  1.000000  0.999988  0.004953  -0.000194  -0.004953  0.999987  0.001350  0.000201  -0.001349  0.999999  1.000000  0.000000  0.000000  0.000000  1.000000  0.000000  0.000000  0.000000  1.000000  1.000000  0.000000  0.000000  0.000000  1.000000  0.000000  0.000000  0.000000  1.000000  0.000000  0.000000  
21.684737 0.004227  0.091367  -0.006929  0.998404  0.056464  -0.000831  -0.056378  0.997518  0.042192  0.003211  -0.042077  0.999109  0.001092  -0.002518  0.000307  0.053552  0.005765  0.187188  2.000000  1.000000  0.000263  -0.000009  -0.000263  1.000000  0.000072  0.000009  -0.000072  1.000000  0.999986  0.005365  -0.000176  -0.005364  0.999985  0.001472  0.000184  -0.001471  0.999999  1.000000  0.000067  -0.000002  -0.000067  1.000000  0.000018  0.000002  -0.000018  1.000000  1.000000  0.000263  -0.000009  -0.000263  1.000000  0.000072  0.000009  -0.000072  1.000000  0.000047  0.005566  
21.685737 0.004228  0.091364  -0.006928  0.998381  0.056880  -0.000940  -0.056790  0.997489  0.042321  0.003345  -0.042199  0.999104  0.001202  -0.002608  0.000408  0.057682  0.009673  0.201195  2.000000  1.000000  0.000552  -0.000019  -0.000552  1.000000  0.000152  0.000019  -0.000152  1.000000  0.999982  0.005987  -0.000283  -0.005987  0.999981  0.001596  0.000293  -0.001594  0.999999  1.000000  0.000075  -0.000004  -0.000075  1.000000  0.000020  0.000004  -0.000020  1.000000  1.000000  0.000552  -0.000019  -0.000552  1.000000  0.000152  0.000019  -0.000152  1.000000  0.000053  0.006203  
21.686739 0.004229  0.091360  -0.006927  0.998345  0.057496  -0.000907  -0.057406  0.997448  0.042442  0.003345  -0.042320  0.999099  0.001263  -0.002742  0.000569  0.061832  0.008803  0.221968  2.000000  1.000000  0.000864  -0.000033  -0.000864  1.000000  0.000241  0.000033  -0.000241  1.000000  0.999979  0.006399  -0.000265  -0.006398  0.999978  0.001840  0.000276  -0.001838  0.999998  1.000000  0.000080  -0.000003  -0.000080  1.000000  0.000023  0.000003  -0.000023  1.000000  1.000000  0.000864  -0.000033  -0.000864  1.000000  0.000241  0.000033  -0.000241  1.000000  0.000057  0.006663  
21.687987 0.004231  0.091354  -0.006925  0.998310  0.058113  -0.000867  -0.058023  0.997402  0.042685  0.003345  -0.042562  0.999088  0.001319  -0.002877  0.000738  0.070057  0.007915  0.242736  2.000000  0.999999  0.001290  -0.000048  -0.001290  0.999999  0.000365  0.000049  -0.000365  1.000000  0.999975  0.007016  -0.000237  -0.007015  0.999973  0.002084  0.000251  -0.002083  0.999998  1.000000  0.000088  -0.000003  -0.000088  1.000000  0.000026  0.000003  -0.000026  1.000000  0.999999  0.001290  -0.000048  -0.001290  0.999999  0.000365  0.000049  -0.000365  1.000000  0.000062  0.007323  
21.689237 0.004233  0.091347  -0.006923  0.998273  0.058735  -0.000952  -0.058639  0.997350  0.043056  0.003479  -0.042926  0.999072  0.001385  -0.003108  0.000871  0.082350  0.011495  0.263604  2.000000  0.999998  0.001759  -0.000067  -0.001759  0.999998  0.000504  0.000068  -0.000504  1.000000  0.999969  0.007844  -0.000333  -0.007844  0.999967  0.002331  0.000352  -0.002328  0.999997  1.000000  0.000098  -0.000004  -0.000098  1.000000  0.000029  0.000004  -0.000029  1.000000  0.999998  0.001759  -0.000067  -0.001759  0.999998  0.000504  0.000068  -0.000504  1.000000  0.000070  0.008190  
21.690250 0.004235  0.091341  -0.006921  0.998237  0.059351  -0.000911  -0.059256  0.997303  0.043298  0.003479  -0.043168  0.999062  0.001459  -0.003348  0.001002  0.090531  0.010591  0.284226  2.000000  0.999998  0.002162  -0.000084  -0.002162  0.999997  0.000630  0.000085  -0.000630  1.000000  0.999968  0.008050  -0.000323  -0.008049  0.999964  0.002574  0.000343  -0.002571  0.999997  1.000000  0.000101  -0.000004  -0.000101  1.000000  0.000032  0.000004  -0.000032  1.000000  0.999998  0.002162  -0.000084  -0.002162  0.999997  0.000630  0.000085  -0.000630  1.000000  0.000073  0.008457  
21.691492 0.004237  0.091334  -0.006919  0.998200  0.059967  -0.000863  -0.059872  0.997251  0.043662  0.003479  -0.043532  0.999046  0.001509  -0.003615  0.001083  0.102839  0.009669  0.305014  2.000000  0.999997  0.002585  -0.000099  -0.002585  0.999996  0.000771  0.000101  -0.000771  1.000000  0.999962  0.008667  -0.000293  -0.008666  0.999958  0.002940  0.000318  -0.002937  0.999996  1.000000  0.000108  -0.000004  -0.000108  1.000000  0.000037  0.000004  -0.000037  1.000000  0.999997  0.002585  -0.000099  -0.002585  0.999996  0.000771  0.000101  -0.000771  1.000000  0.000081  0.009157  
21.692740 0.004238  0.091325  -0.006919  0.998162  0.060589  -0.000955  -0.060489  0.997202  0.043912  0.003613  -0.043774  0.999035  0.001517  -0.003964  0.001101  0.111083  0.013250  0.325957  2.000000  0.999995  0.003137  -0.000124  -0.003137  0.999995  0.000962  0.000127  -0.000962  1.000000  0.999959  0.009085  -0.000405  -0.009083  0.999954  0.003185  0.000434  -0.003181  0.999995  1.000000  0.000114  -0.000005  -0.000114  1.000000  0.000040  0.000005  -0.000040  1.000000  0.999995  0.003137  -0.000124  -0.003137  0.999995  0.000962  0.000127  -0.000962  1.000000  0.000087  0.009635  
21.693991 0.004241  0.091317  -0.006917  0.998125  0.061205  -0.000905  -0.061105  0.997149  0.044276  0.003613  -0.044137  0.999019  0.001591  -0.004303  0.001213  0.123436  0.012318  0.346860  2.000000  0.999993  0.003708  -0.000149  -0.003707  0.999992  0.001164  0.000153  -0.001164  0.999999  0.999957  0.009290  -0.000394  -0.009289  0.999951  0.003307  0.000425  -0.003303  0.999994  1.000000  0.000116  -0.000005  -0.000116  1.000000  0.000041  0.000005  -0.000041  1.000000  0.999993  0.003708  -0.000149  -0.003707  0.999992  0.001164  0.000153  -0.001164  0.999999  0.000090  0.009869  
21.695242 0.004244  0.091309  -0.006917  0.998087  0.061821  -0.000863  -0.061722  0.997100  0.044518  0.003613  -0.044380  0.999008  0.001651  -0.004651  0.001225  0.131596  0.011390  0.367432  2.000000  0.999991  0.004306  -0.000173  -0.004306  0.999990  0.001375  0.000179  -0.001375  0.999999  0.999953  0.009702  -0.000372  -0.009701  0.999947  0.003429  0.000406  -0.003425  0.999994  1.000000  0.000121  -0.000005  -0.000121  1.000000  0.000043  0.000005  -0.000043  1.000000  0.999991  0.004306  -0.000173  -0.004306  0.999990  0.001375  0.000179  -0.001375  0.999999  0.000096  0.010296  
21.696492 0.004247  0.091301  -0.006916  0.998049  0.062437  -0.000813  -0.062338  0.997045  0.044882  0.003613  -0.044743  0.998992  0.001670  -0.005080  0.001173  0.143881  0.010438  0.388145  2.000000  0.999988  0.004915  -0.000189  -0.004915  0.999987  0.001594  0.000197  -0.001593  0.999999  0.999953  0.009696  -0.000236  -0.009695  0.999947  0.003550  0.000271  -0.003548  0.999994  1.000000  0.000121  -0.000003  -0.000121  1.000000  0.000044  0.000003  -0.000044  1.000000  0.999988  0.004915  -0.000189  -0.004915  0.999987  0.001594  0.000197  -0.001593  0.999999  0.000102  0.010328  
21.697741 0.004250  0.091293  -0.006913  0.998009  0.063059  -0.000903  -0.062954  0.996995  0.045132  0.003746  -0.044986  0.998981  0.001731  -0.005471  0.001221  0.152148  0.013997  0.409132  2.000000  0.999985  0.005533  -0.000197  -0.005533  0.999983  0.001822  0.000207  -0.001821  0.999998  0.999951  0.009896  -0.000090  -0.009895  0.999944  0.003794  0.000127  -0.003793  0.999993  1.000000  0.000124  -0.000001  -0.000124  1.000000  0.000047  0.000001  -0.000047  1.000000  0.999985  0.005533  -0.000197  -0.005533  0.999983  0.001822  0.000207  -0.001821  0.999998  0.000108  0.010598  
21.698985 0.004253  0.091286  -0.006911  0.997970  0.063675  -0.000852  -0.063571  0.996940  0.045496  0.003746  -0.045349  0.998964  0.001810  -0.005629  0.001252  0.163131  0.012928  0.426437  2.000000  0.999981  0.006157  -0.000210  -0.006157  0.999979  0.002061  0.000223  -0.002060  0.999998  0.999951  0.009902  -0.000221  -0.009901  0.999943  0.003916  0.000260  -0.003914  0.999992  1.000000  0.000124  -0.000003  -0.000124  1.000000  0.000049  0.000003  -0.000049  1.000000  0.999981  0.006157  -0.000210  -0.006157  0.999979  0.002061  0.000223  -0.002060  0.999998  0.000112  0.010650  
21.699992 0.004255  0.091280  -0.006909  0.997944  0.064086  -0.000818  -0.063982  0.996902  0.045738  0.003746  -0.045592  0.998953  0.001919  -0.005839  0.001354  0.172614  0.012981  0.429917  2.000000  0.999979  0.006537  -0.000218  -0.006536  0.999976  0.002211  0.000232  -0.002210  0.999998  0.999949  0.010107  -0.000209  -0.010107  0.999941  0.004038  0.000250  -0.004036  0.999992  1.000000  0.000126  -0.000003  -0.000126  1.000000  0.000050  0.000003  -0.000050  1.000000  0.999979  0.006537  -0.000218  -0.006536  0.999976  0.002211  0.000232  -0.002210  0.999998  0.000116  0.010886  
21.701237 0.004258  0.091271  -0.006906  0.997918  0.064497  -0.000783  -0.064393  0.996865  0.045980  0.003746  -0.045834  0.998942  0.001982  -0.006028  0.001453  0.175275  0.012501  0.433276  2.000000  0.999974  0.007168  -0.000230  -0.007168  0.999971  0.002474  0.000248  -0.002472  0.999997  0.999949  0.010108  -0.000206  -0.010107  0.999940  0.004281  0.000249  -0.004279  0.999991  1.000000  0.000126  -0.000003  -0.000126  1.000000  0.000053  0.000003  -0.000053  1.000000  0.999974  0.007168  -0.000230  -0.007168  0.999971  0.002474  0.000248  -0.002472  0.999997  0.000118  0.010978  
21.702487 0.004261  0.091263  -0.006902  0.997878  0.065113  -0.000731  -0.065009  0.996808  0.046343  0.003746  -0.046197  0.998925  0.002045  -0.006218  0.001533  0.183406  0.011799  0.446989  2.000000  0.999970  0.007800  -0.000242  -0.007799  0.999966  0.002749  0.000264  -0.002747  0.999996  0.999949  0.010108  -0.000202  -0.010107  0.999939  0.004523  0.000248  -0.004521  0.999990  1.000000  0.000126  -0.000003  -0.000126  1.000000  0.000057  0.000003  -0.000057  1.000000  0.999970  0.007800  -0.000242  -0.007799  0.999966  0.002749  0.000264  -0.002747  0.999996  0.000120  0.011075  
21.703495 0.004263  0.091256  -0.006899  0.997851  0.065523  -0.000688  -0.065420  0.996764  0.046706  0.003746  -0.046561  0.998908  0.002117  -0.006316  0.001588  0.193078  0.011484  0.457554  2.000000  0.999966  0.008300  -0.000252  -0.008300  0.999961  0.002980  0.000277  -0.002978  0.999996  0.999951  0.009902  -0.000209  -0.009901  0.999940  0.004644  0.000255  -0.004642  0.999989  1.000000  0.000124  -0.000003  -0.000124  1.000000  0.000058  0.000003  -0.000058  1.000000  0.999966  0.008300  -0.000252  -0.008300  0.999961  0.002980  0.000277  -0.002978  0.999996  0.000123  0.010939  
21.704737 0.004266  0.091248  -0.006896  0.997824  0.065934  -0.000645  -0.065831  0.996720  0.047069  0.003746  -0.046924  0.998891  0.002142  -0.006427  0.001688  0.201389  0.006580  0.464511  2.000000  0.999960  0.008903  -0.000258  -0.008903  0.999955  0.003282  0.000287  -0.003280  0.999995  0.999955  0.009485  -0.000091  -0.009484  0.999943  0.004885  0.000138  -0.004884  0.999988  1.000000  0.000119  -0.000001  -0.000119  1.000000  0.000061  0.000001  -0.000061  1.000000  0.999960  0.008903  -0.000258  -0.008903  0.999955  0.003282  0.000287  -0.003280  0.999995  0.000124  0.010669  
21.705987 0.004268  0.091238  -0.006893  0.997810  0.066139  -0.000611  -0.066036  0.996689  0.047432  0.003746  -0.047288  0.998874  0.002126  -0.006565  0.001787  0.207723  0.006715  0.453668  2.000000  0.999955  0.009494  -0.000260  -0.009493  0.999948  0.003597  0.000295  -0.003594  0.999993  0.999957  0.009273  0.000036  -0.009273  0.999944  0.005127  0.000011  -0.005127  0.999987  1.000000  0.000116  0.000000  -0.000116  1.000000  0.000064  -0.000000  -0.000064  1.000000  0.999955  0.009494  -0.000260  -0.009493  0.999948  0.003597  0.000295  -0.003594  0.999993  0.000125  0.010596  
21.706992 0.004270  0.091231  -0.006890  0.997783  0.066550  -0.000576  -0.066447  0.996650  0.047674  0.003746  -0.047530  0.998863  0.002166  -0.006642  0.001907  0.213528  0.002195  0.457178  2.000000  0.999950  0.009952  -0.000257  -0.009951  0.999943  0.003856  0.000296  -0.003853  0.999993  0.999959  0.009067  0.000030  -0.009067  0.999945  0.005248  0.000018  -0.005248  0.999986  1.000000  0.000113  0.000000  -0.000113  1.000000  0.000066  -0.000000  -0.000066  1.000000  0.999950  0.009952  -0.000257  -0.009951  0.999943  0.003856  0.000296  -0.003853  0.999993  0.000125  0.010476  
21.708242 0.004272  0.091222  -0.006887  0.997769  0.066762  -0.000675  -0.066652  0.996619  0.048046  0.003880  -0.047894  0.998845  0.002200  -0.006647  0.002116  0.221687  0.007194  0.443603  2.000000  0.999946  0.010403  -0.000259  -0.010402  0.999937  0.004123  0.000302  -0.004120  0.999991  0.999961  0.008868  -0.000110  -0.008867  0.999946  0.005370  0.000158  -0.005368  0.999986  1.000000  0.000111  -0.000002  -0.000111  1.000000  0.000067  0.000002  -0.000067  1.000000  0.999946  0.010403  -0.000259  -0.010402  0.999937  0.004123  0.000302  -0.004120  0.999991  0.000125  0.010367  
21.709491 0.004275  0.091213  -0.006884  0.997741  0.067172  -0.000622  -0.067063  0.996568  0.048530  0.003880  -0.048378  0.998822  0.002193  -0.006734  0.002262  0.233945  0.007061  0.443658  2.000000  0.999940  0.010950  -0.000261  -0.010948  0.999930  0.004465  0.000310  -0.004462  0.999990  0.999963  0.008656  0.000016  -0.008656  0.999947  0.005490  0.000031  -0.005490  0.999985  1.000000  0.000108  -0.000000  -0.000108  1.000000  0.000069  0.000000  -0.000069  1.000000  0.999940  0.010950  -0.000261  -0.010948  0.999930  0.004465  0.000310  -0.004462  0.999990  0.000126  0.010250  
21.710741 0.004277  0.091204  -0.006881  0.997713  0.067583  -0.000578  -0.067474  0.996522  0.048892  0.003880  -0.048742  0.998804  0.002129  -0.006854  0.002322  0.242085  0.007266  0.436764  2.000000  0.999934  0.011473  -0.000258  -0.011471  0.999923  0.004812  0.000314  -0.004809  0.999988  0.999966  0.008244  -0.000000  -0.008244  0.999950  0.005610  0.000047  -0.005610  0.999984  1.000000  0.000103  -0.000000  -0.000103  1.000000  0.000070  0.000000  -0.000070  1.000000  0.999934  0.011473  -0.000258  -0.011471  0.999923  0.004812  0.000314  -0.004809  0.999988  0.000123  0.009972  
21.711991 0.004279  0.091194  -0.006880  0.997700  0.067788  -0.000543  -0.067679  0.996491  0.049255  0.003880  -0.049105  0.998786  0.002083  -0.006957  0.002303  0.250189  0.007788  0.422935  2.000000  0.999928  0.011970  -0.000257  -0.011969  0.999915  0.005160  0.000318  -0.005156  0.999987  0.999969  0.007833  -0.000018  -0.007833  0.999954  0.005487  0.000061  -0.005487  0.999985  1.000000  0.000098  -0.000000  -0.000098  1.000000  0.000069  0.000000  -0.000069  1.000000  0.999928  0.011970  -0.000257  -0.011969  0.999915  0.005160  0.000318  -0.005156  0.999987  0.000124  0.009564  
21.713242 0.004282  0.091184  -0.006879  0.997672  0.068199  -0.000498  -0.068090  0.996445  0.049618  0.003880  -0.049469  0.998768  0.002050  -0.007063  0.002249  0.258341  0.003509  0.415807  2.000000  0.999923  0.012439  -0.000247  -0.012437  0.999907  0.005510  0.000316  -0.005507  0.999985  0.999973  0.007415  0.000099  -0.007416  0.999957  0.005607  -0.000057  -0.005608  0.999984  1.000000  0.000093  0.000001  -0.000093  1.000000  0.000070  -0.000001  -0.000070  1.000000  0.999923  0.012439  -0.000247  -0.012437  0.999907  0.005510  0.000316  -0.005507  0.999985  0.000122  0.009297  
21.714493 0.004284  0.091175  -0.006877  0.997658  0.068404  -0.000463  -0.068295  0.996412  0.049981  0.003880  -0.049832  0.998750  0.002011  -0.007152  0.002187  0.262304  0.004018  0.401882  2.000000  0.999917  0.012895  -0.000238  -0.012893  0.999900  0.005865  0.000314  -0.005862  0.999983  0.999974  0.007210  0.000092  -0.007210  0.999958  0.005728  -0.000051  -0.005728  0.999984  1.000000  0.000090  0.000001  -0.000090  1.000000  0.000072  -0.000001  -0.000072  1.000000  0.999917  0.012895  -0.000238  -0.012893  0.999900  0.005865  0.000314  -0.005862  0.999983  0.000122  0.009209  
21.715737 0.004287  0.091166  -0.006876  0.997644  0.068609  -0.000419  -0.068501  0.996374  0.050464  0.003880  -0.050317  0.998726  0.001988  -0.007230  0.002101  0.274574  0.000044  0.387943  2.000000  0.999912  0.013247  -0.000231  -0.013246  0.999893  0.006156  0.000313  -0.006152  0.999981  0.999975  0.007004  0.000084  -0.007004  0.999958  0.005848  -0.000043  -0.005849  0.999983  1.000000  0.000088  0.000001  -0.000088  1.000000  0.000073  -0.000001  -0.000073  1.000000  0.999912  0.013247  -0.000231  -0.013246  0.999893  0.006156  0.000313  -0.006152  0.999981  0.000119  0.009125  
21.716989 0.004290  0.091158  -0.006874  0.997615  0.069020  -0.000373  -0.068912  0.996327  0.050827  0.003880  -0.050680  0.998707  0.001976  -0.007266  0.001997  0.278615  0.000249  0.381015  2.000000  0.999907  0.013667  -0.000223  -0.013666  0.999885  0.006527  0.000312  -0.006524  0.999979  0.999978  0.006593  0.000066  -0.006593  0.999960  0.005968  -0.000027  -0.005968  0.999982  1.000000  0.000082  0.000001  -0.000082  1.000000  0.000075  -0.000001  -0.000075  1.000000  0.999907  0.013667  -0.000223  -0.013666  0.999885  0.006527  0.000312  -0.006524  0.999979  0.000117  0.008893  
21.718237 0.004292  0.091149  -0.006872  0.997601  0.069225  -0.000338  -0.069117  0.996294  0.051190  0.003880  -0.051043  0.998689  0.001975  -0.007256  0.001872  0.280300  0.000775  0.364148  2.000000  0.999901  0.014067  -0.000215  -0.014065  0.999877  0.006905  0.000312  -0.006901  0.999976  0.999980  0.006387  0.000059  -0.006387  0.999961  0.006089  -0.000020  -0.006089  0.999981  1.000000  0.000080  0.000000  -0.000080  1.000000  0.000076  -0.000000  -0.000076  1.000000  0.999901  0.014067  -0.000215  -0.014065  0.999877  0.006905  0.000312  -0.006901  0.999976  0.000116  0.008825  
21.719491 0.004294  0.091141  -0.006871  0.997586  0.069437  -0.000435  -0.069322  0.996261  0.051561  0.004014  -0.051407  0.998670  0.001938  -0.007219  0.001733  0.282615  0.001629  0.346456  2.000000  0.999896  0.014440  -0.000207  -0.014438  0.999869  0.007287  0.000312  -0.007283  0.999973  0.999982  0.005976  0.000040  -0.005976  0.999963  0.006209  -0.000003  -0.006209  0.999981  1.000000  0.000075  0.000000  -0.000075  1.000000  0.000078  -0.000000  -0.000078  1.000000  0.999896  0.014440  -0.000207  -0.014438  0.999869  0.007287  0.000312  -0.007283  0.999973  0.000114  0.008618  
21.720491 0.004296  0.091135  -0.006869  0.997572  0.069642  -0.000399  -0.069528  0.996228  0.051924  0.004014  -0.051770  0.998651  0.001935  -0.007175  0.001678  0.287081  0.001855  0.340036  2.000000  0.999892  0.014721  -0.000202  -0.014719  0.999863  0.007593  0.000314  -0.007589  0.999971  0.999985  0.005565  0.000020  -0.005565  0.999966  0.006086  0.000014  -0.006086  0.999981  1.000000  0.000070  0.000000  -0.000070  1.000000  0.000076  -0.000000  -0.000076  1.000000  0.999892  0.014721  -0.000202  -0.014719  0.999863  0.007593  0.000314  -0.007589  0.999971  0.000112  0.008247  
21.721740 0.004299  0.091127  -0.006866  0.997558  0.069848  -0.000355  -0.069733  0.996188  0.052408  0.004014  -0.052255  0.998626  0.001963  -0.007087  0.001658  0.292373  -0.002083  0.322836  2.000000  0.999887  0.015056  -0.000197  -0.015054  0.999855  0.007983  0.000317  -0.007980  0.999968  0.999986  0.005359  0.000012  -0.005359  0.999966  0.006328  0.000022  -0.006328  0.999980  1.000000  0.000067  -0.000000  -0.000067  1.000000  0.000079  0.000000  -0.000079  1.000000  0.999887  0.015056  -0.000197  -0.015054  0.999855  0.007983  0.000317  -0.007980  0.999968  0.000110  0.008293  
21.723006 0.004302  0.091119  -0.006863  0.997543  0.070053  -0.000318  -0.069938  0.996155  0.052770  0.004014  -0.052618  0.998607  0.001974  -0.006983  0.001588  0.294558  -0.001550  0.311492  2.000000  0.999882  0.015370  -0.000192  -0.015368  0.999847  0.008379  0.000321  -0.008375  0.999965  0.999988  0.004948  -0.000008  -0.004948  0.999968  0.006327  0.000039  -0.006326  0.999980  1.000000  0.000062  -0.000000  -0.000062  1.000000  0.000079  0.000000  -0.000079  1.000000  0.999882  0.015370  -0.000192  -0.015368  0.999847  0.008379  0.000321  -0.008375  0.999965  0.000108  0.008032  
21.724246 0.004304  0.091112  -0.006860  0.997543  0.070053  -0.000293  -0.069938  0.996135  0.053133  0.004014  -0.052982  0.998587  0.001984  -0.006811  0.001614  0.294567  -0.000655  0.290855  2.000000  0.999878  0.015607  -0.000189  -0.015605  0.999840  0.008700  0.000324  -0.008696  0.999962  0.999990  0.004537  -0.000027  -0.004537  0.999969  0.006446  0.000056  -0.006446  0.999979  1.000000  0.000057  -0.000001  -0.000057  1.000000  0.000081  0.000001  -0.000081  1.000000  0.999878  0.015607  -0.000189  -0.015605  0.999840  0.008700  0.000324  -0.008696  0.999962  0.000104  0.007883  
21.725247 0.004306  0.091107  -0.006858  0.997528  0.070265  -0.000390  -0.070144  0.996101  0.053504  0.004148  -0.053345  0.998568  0.002021  -0.006684  0.001623  0.298694  0.004426  0.277335  2.000000  0.999875  0.015837  -0.000189  -0.015835  0.999834  0.009022  0.000332  -0.009018  0.999959  0.999990  0.004544  -0.000160  -0.004543  0.999969  0.006447  0.000189  -0.006446  0.999979  1.000000  0.000057  -0.000002  -0.000057  1.000000  0.000081  0.000002  -0.000081  1.000000  0.999875  0.015837  -0.000189  -0.015835  0.999834  0.009022  0.000332  -0.009018  0.999959  0.000103  0.007889  
21.726490 0.004310  0.091100  -0.006856  0.997514  0.070470  -0.000345  -0.070349  0.996060  0.053988  0.004148  -0.053829  0.998542  0.002085  -0.006480  0.001613  0.304298  0.004628  0.268201  2.000000  0.999870  0.016103  -0.000194  -0.016101  0.999826  0.009430  0.000346  -0.009425  0.999956  0.999991  0.004133  -0.000180  -0.004132  0.999970  0.006567  0.000207  -0.006566  0.999978  1.000000  0.000052  -0.000002  -0.000052  1.000000  0.000082  0.000002  -0.000082  1.000000  0.999870  0.016103  -0.000194  -0.016101  0.999826  0.009430  0.000346  -0.009425  0.999956  0.000100  0.007761  
21.727491 0.004312  0.091095  -0.006855  0.997514  0.070471  -0.000319  -0.070349  0.996041  0.054350  0.004148  -0.054193  0.998522  0.002097  -0.006317  0.001624  0.310857  0.001122  0.249489  2.000000  0.999867  0.016312  -0.000198  -0.016310  0.999819  0.009756  0.000357  -0.009752  0.999952  0.999991  0.004133  -0.000178  -0.004132  0.999970  0.006567  0.000205  -0.006566  0.999978  1.000000  0.000052  -0.000002  -0.000052  1.000000  0.000082  0.000002  -0.000082  1.000000  0.999867  0.016312  -0.000198  -0.016310  0.999819  0.009756  0.000357  -0.009752  0.999952  0.000100  0.007761  
21.728745 0.004315  0.091088  -0.006853  0.997499  0.070676  -0.000282  -0.070555  0.996006  0.054713  0.004148  -0.054556  0.998502  0.002145  -0.006135  0.001678  0.310692  0.001722  0.235582  2.000000  0.999863  0.016555  -0.000197  -0.016552  0.999811  0.010168  0.000366  -0.010164  0.999948  0.999992  0.003920  -0.000054  -0.003920  0.999970  0.006687  0.000080  -0.006687  0.999978  1.000000  0.000049  -0.000001  -0.000049  1.000000  0.000084  0.000001  -0.000084  1.000000  0.999863  0.016555  -0.000197  -0.016552  0.999811  0.010168  0.000366  -0.010164  0.999948  0.000099  0.007752  
21.729991 0.004318  0.091082  -0.006852  0.997499  0.070676  -0.000248  -0.070555  0.995980  0.055196  0.004148  -0.055041  0.998476  0.002209  -0.006028  0.001636  0.316250  0.002314  0.219999  2.000000  0.999859  0.016782  -0.000196  -0.016779  0.999803  0.010580  0.000373  -0.010575  0.999944  0.999994  0.003509  -0.000075  -0.003509  0.999972  0.006564  0.000098  -0.006564  0.999978  1.000000  0.000044  -0.000001  -0.000044  1.000000  0.000082  0.000001  -0.000082  1.000000  0.999859  0.016782  -0.000196  -0.016779  0.999803  0.010580  0.000373  -0.010575  0.999944  0.000097  0.007444  
21.731247 0.004322  0.091075  -0.006852  0.997485  0.070881  -0.000211  -0.070760  0.995945  0.055559  0.004148  -0.055404  0.998455  0.002279  -0.005799  0.001548  0.318748  0.002953  0.207956  2.000000  0.999856  0.016996  -0.000194  -0.016993  0.999795  0.010993  0.000381  -0.010989  0.999940  0.999995  0.003304  -0.000085  -0.003303  0.999973  0.006563  0.000107  -0.006563  0.999978  1.000000  0.000041  -0.000001  -0.000041  1.000000  0.000082  0.000001  -0.000082  1.000000  0.999856  0.016996  -0.000194  -0.016993  0.999795  0.010993  0.000381  -0.010989  0.999940  0.000096  0.007348  
21.732487 0.004326  0.091070  -0.006851  0.997485  0.070881  -0.000185  -0.070760  0.995925  0.055921  0.004148  -0.055767  0.998435  0.002381  -0.005664  0.001491  0.320173  0.003566  0.192578  2.000000  0.999853  0.017156  -0.000194  -0.017153  0.999789  0.011328  0.000388  -0.011323  0.999936  0.999995  0.003098  -0.000095  -0.003097  0.999973  0.006684  0.000116  -0.006684  0.999978  1.000000  0.000039  -0.000001  -0.000039  1.000000  0.000084  0.000001  -0.000084  1.000000  0.999853  0.017156  -0.000194  -0.017153  0.999789  0.011328  0.000388  -0.011323  0.999936  0.000094  0.007367  
21.733488 0.004329  0.091065  -0.006850  0.997485  0.070881  -0.000168  -0.070760  0.995911  0.056163  0.004148  -0.056009  0.998422  0.002471  -0.005515  0.001471  0.316143  0.004213  0.178910  2.000000  0.999850  0.017306  -0.000193  -0.017303  0.999782  0.011660  0.000395  -0.011655  0.999932  0.999996  0.002893  -0.000106  -0.002892  0.999973  0.006683  0.000125  -0.006683  0.999978  1.000000  0.000036  -0.000001  -0.000036  1.000000  0.000084  0.000001  -0.000084  1.000000  0.999850  0.017306  -0.000193  -0.017303  0.999782  0.011660  0.000395  -0.011655  0.999932  0.000092  0.007283  
21.734489 0.004333  0.091060  -0.006850  0.997470  0.071086  -0.000130  -0.070965  0.995876  0.056525  0.004148  -0.056373  0.998401  0.002589  -0.005407  0.001390  0.318680  0.004539  0.173453  2.000000  0.999848  0.017448  -0.000193  -0.017445  0.999776  0.011993  0.000403  -0.011988  0.999928  0.999996  0.002893  -0.000105  -0.002892  0.999973  0.006683  0.000124  -0.006683  0.999978  1.000000  0.000036  -0.000001  -0.000036  1.000000  0.000084  0.000001  -0.000084  1.000000  0.999848  0.017448  -0.000193  -0.017445  0.999776  0.011993  0.000403  -0.011988  0.999928  0.000092  0.007283  
21.735737 0.004337  0.091054  -0.006850  0.997470  0.071086  -0.000104  -0.070965  0.995855  0.056887  0.004148  -0.056736  0.998381  0.002683  -0.005279  0.001219  0.318677  0.004836  0.166557  2.000000  0.999845  0.017614  -0.000194  -0.017610  0.999768  0.012405  0.000413  -0.012399  0.999923  0.999997  0.002482  -0.000127  -0.002481  0.999975  0.006560  0.000144  -0.006560  0.999978  1.000000  0.000031  -0.000002  -0.000031  1.000000  0.000082  0.000002  -0.000082  1.000000  0.999845  0.017614  -0.000194  -0.017610  0.999768  0.012405  0.000413  -0.012399  0.999923  0.000090  0.007015  
21.736739 0.004341  0.091049  -0.006849  0.997470  0.071086  -0.000078  -0.070965  0.995835  0.057250  0.004148  -0.057099  0.998360  0.002779  -0.005194  0.001102  0.320105  0.005105  0.158351  2.000000  0.999843  0.017732  -0.000195  -0.017729  0.999762  0.012733  0.000421  -0.012727  0.999919  0.999997  0.002276  -0.000138  -0.002275  0.999976  0.006559  0.000153  -0.006559  0.999978  1.000000  0.000028  -0.000002  -0.000028  1.000000  0.000082  0.000002  -0.000082  1.000000  0.999843  0.017732  -0.000195  -0.017729  0.999762  0.012733  0.000421  -0.012727  0.999919  0.000089  0.006944  
21.737988 0.004344  0.091042  -0.006849  0.997470  0.071086  -0.000044  -0.070965  0.995807  0.057733  0.004148  -0.057584  0.998332  0.002841  -0.005118  0.000957  0.326808  0.001318  0.145614  2.000000  0.999840  0.017867  -0.000198  -0.017863  0.999754  0.013144  0.000432  -0.013138  0.999914  0.999998  0.002071  -0.000149  -0.002070  0.999976  0.006680  0.000163  -0.006679  0.999978  1.000000  0.000026  -0.000002  -0.000026  1.000000  0.000083  0.000002  -0.000083  1.000000  0.999840  0.017867  -0.000198  -0.017863  0.999754  0.013144  0.000432  -0.013138  0.999914  0.000089  0.006995  
21.739241 0.004348  0.091037  -0.006848  0.997470  0.071086  -0.000009  -0.070965  0.995779  0.058216  0.004148  -0.058068  0.998304  0.002917  -0.005059  0.000785  0.326706  0.001984  0.131773  2.000000  0.999838  0.017986  -0.000197  -0.017982  0.999746  0.013562  0.000441  -0.013556  0.999908  0.999998  0.001857  -0.000026  -0.001857  0.999975  0.006800  0.000039  -0.006800  0.999977  1.000000  0.000023  -0.000000  -0.000023  1.000000  0.000085  0.000000  -0.000085  1.000000  0.999838  0.017986  -0.000197  -0.017982  0.999746  0.013562  0.000441  -0.013556  0.999908  0.000089  0.007049  
21.740244 0.004351  0.091031  -0.006847  0.997470  0.071086  0.000016  -0.070965  0.995757  0.058578  0.004148  -0.058431  0.998283  0.002966  -0.005016  0.000727  0.330665  0.002314  0.124829  2.000000  0.999837  0.018051  -0.000194  -0.018046  0.999742  0.013818  0.000443  -0.013812  0.999905  0.999999  0.001652  -0.000038  -0.001652  0.999975  0.006921  0.000049  -0.006921  0.999976  1.000000  0.000021  -0.000001  -0.000021  1.000000  0.000087  0.000001  -0.000087  1.000000  0.999837  0.018051  -0.000194  -0.018046  0.999742  0.013818  0.000443  -0.013812  0.999905  0.000088  0.007115  
21.741245 0.004354  0.091027  -0.006846  0.997470  0.071086  0.000042  -0.070965  0.995736  0.058941  0.004148  -0.058795  0.998261  0.003018  -0.004955  0.000673  0.330649  0.003015  0.111028  2.000000  0.999836  0.018128  -0.000190  -0.018124  0.999735  0.014165  0.000447  -0.014160  0.999900  0.999999  0.001446  -0.000049  -0.001446  0.999975  0.006920  0.000059  -0.006920  0.999976  1.000000  0.000018  -0.000001  -0.000018  1.000000  0.000086  0.000001  -0.000086  1.000000  0.999836  0.018128  -0.000190  -0.018124  0.999735  0.014165  0.000447  -0.014160  0.999900  0.000088  0.007070  
21.742260 0.004357  0.091022  -0.006845  0.997470  0.071086  0.000068  -0.070965  0.995714  0.059303  0.004148  -0.059158  0.998240  0.003051  -0.004904  0.000648  0.334486  0.003354  0.104054  2.000000  0.999834  0.018198  -0.000186  -0.018193  0.999729  0.014513  0.000451  -0.014507  0.999895  0.999999  0.001241  -0.000061  -0.001241  0.999975  0.006919  0.000069  -0.006919  0.999976  1.000000  0.000016  -0.000001  -0.000016  1.000000  0.000086  0.000001  -0.000086  1.000000  0.999834  0.018198  -0.000186  -0.018193  0.999729  0.014513  0.000451  -0.014507  0.999895  0.000087  0.007030  
21.743493 0.004360  0.091017  -0.006844  0.997470  0.071086  0.000103  -0.070965  0.995685  0.059786  0.004148  -0.059642  0.998211  0.003071  -0.004837  0.000649  0.338723  0.003689  0.097206  2.000000  0.999833  0.018260  -0.000183  -0.018255  0.999723  0.014865  0.000455  -0.014859  0.999889  0.999999  0.001241  -0.000060  -0.001241  0.999974  0.007040  0.000069  -0.007040  0.999975  1.000000  0.000016  -0.000001  -0.000016  1.000000  0.000088  0.000001  -0.000088  1.000000  0.999833  0.018260  -0.000183  -0.018255  0.999723  0.014865  0.000455  -0.014859  0.999889  0.000088  0.007149  
