1-Time 2-Px 3-Py 4-Pz 5-R11 6-R21 7-R31 8-R12 9-R22 10-R32 11-R13 12-R23 13-R33 14-Vx 15-Vy 16-Vz 17-Wx 18-Wy 19-Wz 20-state 21-PR11 22-PR21 23-PR31 24-PR12 25-PR22 26-PR32 27-PR13 28-PR23 29-PR33 
39.423178 0.001999  0.091796  -0.009055  0.996333  0.085328  0.006351  -0.085538  0.995130  0.048984  -0.002141  -0.049348  0.998779  0.000570  0.000542  0.000436  0.000000  0.000000  0.000000  2.000000  1.000000  0.000000  0.000000  0.000000  1.000000  0.000000  0.000000  0.000000  1.000000  1.000000  -0.000206  -0.000010  0.000206  1.000000  0.000000  0.000010  -0.000000  1.000000  1.000000  0.000000  0.000000  0.000000  1.000000  0.000000  0.000000  0.000000  1.000000  0.726332  0.367394  -0.580916  -0.472804  0.880500  -0.034294  0.498898  0.299568  0.813240  0.000000  0.000000  
39.424182 0.002000  0.091797  -0.009055  0.996333  0.085328  0.006351  -0.085538  0.995130  0.048984  -0.002141  -0.049348  0.998779  0.000572  0.000574  0.000434  0.000000  0.000000  0.000000  2.000000  1.000000  0.000000  0.000000  0.000000  1.000000  0.000000  0.000000  0.000000  1.000000  1.000000  -0.000206  -0.000010  0.000206  1.000000  0.000000  0.000010  -0.000000  1.000000  1.000000  0.000000  0.000000  0.000000  1.000000  0.000000  0.000000  0.000000  1.000000  1.000000  0.000000  0.000000  0.000000  1.000000  0.000000  0.000000  0.000000  1.000000  0.000000  0.000000  
39.425186 0.002000  0.091796  -0.009054  0.996297  0.085737  0.006382  -0.085948  0.995089  0.049102  -0.002141  -0.049469  0.998773  0.000557  0.000502  0.000434  0.000000  0.000000  0.000000  2.000000  1.000000  0.000000  0.000000  0.000000  1.000000  0.000000  0.000000  0.000000  1.000000  1.000000  0.000000  -0.000000  -0.000000  1.000000  0.000121  -0.000000  -0.000121  1.000000  1.000000  0.000000  0.000000  0.000000  1.000000  0.000000  0.000000  0.000000  1.000000  1.000000  0.000000  0.000000  0.000000  1.000000  0.000000  0.000000  0.000000  1.000000  0.000000  0.000000  
39.426186 0.002000  0.091795  -0.009055  0.996262  0.086146  0.006413  -0.086358  0.995048  0.049220  -0.002141  -0.049590  0.998767  0.000532  0.000379  0.000389  0.000000  0.000000  0.000000  2.000000  1.000000  0.000000  0.000000  0.000000  1.000000  0.000000  0.000000  0.000000  1.000000  1.000000  0.000411  0.000020  -0.000411  1.000000  0.000242  -0.000020  -0.000242  1.000000  1.000000  0.000000  0.000000  0.000000  1.000000  0.000000  0.000000  0.000000  1.000000  1.000000  0.000000  0.000000  0.000000  1.000000  0.000000  0.000000  0.000000  1.000000  0.000000  0.000000  
39.427438 0.002000  0.091792  -0.009055  0.996226  0.086548  0.006577  -0.086768  0.995007  0.049327  -0.002275  -0.049711  0.998761  0.000515  0.000178  0.000274  0.000000  0.000000  0.000000  2.000000  1.000000  0.000000  0.000000  0.000000  1.000000  0.000000  0.000000  0.000000  1.000000  0.999999  0.001021  0.000185  -0.001021  0.999999  0.000362  -0.000184  -0.000362  1.000000  1.000000  0.000000  0.000000  0.000000  1.000000  0.000000  0.000000  0.000000  1.000000  1.000000  0.000000  0.000000  0.000000  1.000000  0.000000  0.000000  0.000000  1.000000  0.000000  0.000000  
39.428438 0.002001  0.091790  -0.009055  0.996190  0.086957  0.006607  -0.087178  0.994965  0.049445  -0.002275  -0.049832  0.998755  0.000543  0.000012  0.000277  0.000000  0.000000  0.000000  2.000000  1.000000  0.000000  0.000000  0.000000  1.000000  0.000000  0.000000  0.000000  1.000000  0.999999  0.001227  0.000195  -0.001227  0.999999  0.000482  -0.000195  -0.000483  1.000000  1.000000  0.000000  0.000000  0.000000  1.000000  0.000000  0.000000  0.000000  1.000000  1.000000  0.000000  0.000000  0.000000  1.000000  0.000000  0.000000  0.000000  1.000000  0.000000  0.000000  
39.429443 0.002002  0.091788  -0.009055  0.996172  0.087161  0.006628  -0.087383  0.994941  0.049564  -0.002275  -0.049953  0.998749  0.000533  -0.000157  0.000250  0.000000  0.000000  0.000000  2.000000  1.000000  0.000000  0.000000  0.000000  1.000000  0.000000  0.000000  0.000000  1.000000  0.999999  0.001433  0.000206  -0.001433  0.999999  0.000603  -0.000205  -0.000603  1.000000  1.000000  0.000000  0.000000  0.000000  1.000000  0.000000  0.000000  0.000000  1.000000  1.000000  0.000000  0.000000  0.000000  1.000000  0.000000  0.000000  0.000000  1.000000  0.000000  0.000000  
39.430688 0.002002  0.091786  -0.009054  0.996119  0.087788  0.006414  -0.087999  0.994874  0.049825  -0.002007  -0.050196  0.998737  0.000519  -0.000346  0.000268  0.000000  0.000000  0.000000  2.000000  1.000000  0.000000  0.000000  0.000000  1.000000  0.000000  0.000000  0.000000  1.000000  0.999997  0.002262  0.000114  -0.002262  0.999997  0.000844  -0.000112  -0.000844  1.000000  1.000000  0.000000  0.000000  0.000000  1.000000  0.000000  0.000000  0.000000  1.000000  1.000000  0.000000  0.000000  0.000000  1.000000  0.000000  0.000000  0.000000  1.000000  0.000000  0.000000  
39.431688 0.002003  0.091785  -0.009054  0.996064  0.088408  0.006322  -0.088614  0.994813  0.049953  -0.001873  -0.050317  0.998732  0.000519  -0.000463  0.000286  0.000000  0.000000  0.000000  2.000000  1.000000  0.000000  0.000000  0.000000  1.000000  0.000000  0.000000  0.000000  1.000000  0.999996  0.002885  0.000011  -0.002885  0.999995  0.000964  -0.000009  -0.000964  1.000000  1.000000  0.000000  0.000000  0.000000  1.000000  0.000000  0.000000  0.000000  1.000000  1.000000  0.000000  0.000000  0.000000  1.000000  0.000000  0.000000  0.000000  1.000000  0.000000  0.000000  
39.432938 0.002003  0.091783  -0.009052  0.995991  0.089226  0.006385  -0.089434  0.994727  0.050189  -0.001873  -0.050559  0.998719  0.000492  -0.000648  0.000339  0.000000  0.000000  0.000000  2.000000  1.000000  0.000000  0.000000  0.000000  1.000000  0.000000  0.000000  0.000000  1.000000  0.999993  0.003714  -0.000080  -0.003714  0.999993  0.001084  0.000084  -0.001084  0.999999  1.000000  0.000000  0.000000  0.000000  1.000000  0.000000  0.000000  0.000000  1.000000  1.000000  0.000000  0.000000  0.000000  1.000000  0.000000  0.000000  0.000000  1.000000  0.000000  0.000000  
39.433938 0.002004  0.091782  -0.009052  0.995936  0.089839  0.006427  -0.090049  0.994666  0.050306  -0.001873  -0.050680  0.998713  0.000513  -0.000791  0.000332  0.000000  0.000000  0.000000  2.000000  1.000000  0.000000  0.000000  0.000000  1.000000  0.000000  0.000000  0.000000  1.000000  0.999991  0.004331  -0.000049  -0.004331  0.999990  0.001204  0.000054  -0.001204  0.999999  1.000000  0.000000  0.000000  0.000000  1.000000  0.000000  0.000000  0.000000  1.000000  1.000000  0.000000  0.000000  0.000000  1.000000  0.000000  0.000000  0.000000  1.000000  0.000000  0.000000  
39.435183 0.002004  0.091780  -0.009052  0.995861  0.090657  0.006479  -0.090869  0.994586  0.050421  -0.001873  -0.050801  0.998707  0.000491  -0.000958  0.000340  0.048567  0.000321  0.173191  2.000000  1.000000  0.000129  -0.000000  -0.000129  1.000000  0.000036  0.000000  -0.000036  1.000000  0.999987  0.005154  -0.000006  -0.005154  0.999986  0.001445  0.000013  -0.001445  0.999999  1.000000  0.000064  -0.000000  -0.000064  1.000000  0.000018  0.000000  -0.000018  1.000000  1.000000  0.000129  -0.000000  -0.000129  1.000000  0.000036  0.000000  -0.000036  1.000000  0.000000  0.005353  
39.436433 0.002007  0.091779  -0.009050  0.995767  0.091680  0.006542  -0.091894  0.994486  0.050535  -0.001873  -0.050923  0.998701  0.000580  -0.001071  0.000381  0.052585  -0.001425  0.207783  2.000000  1.000000  0.000490  0.000001  -0.000490  1.000000  0.000129  -0.000001  -0.000129  1.000000  0.999981  0.006182  0.000047  -0.006182  0.999980  0.001564  -0.000038  -0.001565  0.999999  1.000000  0.000077  0.000001  -0.000077  1.000000  0.000020  -0.000001  -0.000020  1.000000  1.000000  0.000490  0.000001  -0.000490  1.000000  0.000129  -0.000001  -0.000129  1.000000  0.000052  0.006377  
39.437434 0.002008  0.091779  -0.009048  0.995710  0.092294  0.006585  -0.092509  0.994423  0.050652  -0.001873  -0.051044  0.998695  0.000587  -0.001156  0.000488  0.056607  -0.002479  0.228461  2.000000  1.000000  0.000822  0.000004  -0.000822  1.000000  0.000211  -0.000004  -0.000211  1.000000  0.999977  0.006798  0.000079  -0.006799  0.999975  0.001684  -0.000068  -0.001685  0.999999  1.000000  0.000085  0.000001  -0.000085  1.000000  0.000021  -0.000001  -0.000021  1.000000  1.000000  0.000822  0.000004  -0.000822  1.000000  0.000211  -0.000004  -0.000211  1.000000  0.000057  0.007005  
39.438687 0.002008  0.091777  -0.009046  0.995614  0.093316  0.006660  -0.093534  0.994315  0.050886  -0.001873  -0.051286  0.998682  0.000614  -0.001311  0.000621  0.064682  -0.004246  0.262979  2.000000  0.999999  0.001195  0.000010  -0.001195  0.999999  0.000299  -0.000010  -0.000299  1.000000  0.999969  0.007826  0.000133  -0.007827  0.999968  0.001803  -0.000119  -0.001804  0.999998  1.000000  0.000098  0.000002  -0.000098  1.000000  0.000023  -0.000002  -0.000023  1.000000  0.999999  0.001195  0.000010  -0.001195  0.999999  0.000299  -0.000010  -0.000299  1.000000  0.000066  0.008033  
39.439935 0.002009  0.091774  -0.009044  0.995518  0.094345  0.006590  -0.094559  0.994211  0.051013  -0.001739  -0.051407  0.998676  0.000636  -0.001516  0.000713  0.068700  -0.001863  0.304681  2.000000  0.999999  0.001723  0.000015  -0.001723  0.999998  0.000421  -0.000014  -0.000421  1.000000  0.999961  0.008861  0.000054  -0.008861  0.999959  0.002045  -0.000036  -0.002045  0.999998  1.000000  0.000111  0.000001  -0.000111  1.000000  0.000026  -0.000001  -0.000026  1.000000  0.999999  0.001723  0.000015  -0.001723  0.999998  0.000421  -0.000014  -0.000421  1.000000  0.000076  0.009094  
39.441182 0.002010  0.091770  -0.009042  0.995440  0.095169  0.006522  -0.095379  0.994120  0.051261  -0.001606  -0.051649  0.998664  0.000647  -0.001619  0.000824  0.076850  0.001193  0.332670  2.000000  0.999997  0.002310  0.000018  -0.002310  0.999997  0.000556  -0.000017  -0.000556  1.000000  0.999953  0.009690  -0.000035  -0.009690  0.999950  0.002287  0.000057  -0.002286  0.999997  1.000000  0.000121  -0.000001  -0.000121  1.000000  0.000029  0.000001  -0.000029  1.000000  0.999997  0.002310  0.000018  -0.002310  0.999997  0.000556  -0.000017  -0.000556  1.000000  0.000084  0.009957  
39.442186 0.002010  0.091767  -0.009041  0.995361  0.095986  0.006588  -0.096199  0.994029  0.051497  -0.001606  -0.051892  0.998651  0.000652  -0.001729  0.000979  0.084930  -0.000249  0.360222  2.000000  0.999996  0.002821  0.000017  -0.002821  0.999996  0.000674  -0.000016  -0.000674  1.000000  0.999945  0.010513  0.000009  -0.010513  0.999942  0.002406  0.000016  -0.002406  0.999997  1.000000  0.000131  -0.000000  -0.000131  1.000000  0.000030  0.000000  -0.000030  1.000000  0.999996  0.002821  0.000017  -0.002821  0.999996  0.000674  -0.000016  -0.000674  1.000000  0.000091  0.010785  
39.443435 0.002011  0.091761  -0.009038  0.995281  0.096803  0.006654  -0.097018  0.993937  0.051733  -0.001606  -0.052134  0.998639  0.000613  -0.001945  0.001110  0.093027  -0.001696  0.387844  2.000000  0.999994  0.003508  0.000019  -0.003509  0.999993  0.000838  -0.000016  -0.000838  1.000000  0.999936  0.011335  0.000056  -0.011335  0.999932  0.002768  -0.000024  -0.002769  0.999996  1.000000  0.000142  0.000001  -0.000142  1.000000  0.000035  -0.000000  -0.000035  1.000000  0.999994  0.003508  0.000019  -0.003509  0.999993  0.000838  -0.000016  -0.000838  1.000000  0.000098  0.011669  
39.444442 0.002012  0.091757  -0.009037  0.995201  0.097627  0.006587  -0.097838  0.993844  0.051981  -0.001472  -0.052376  0.998626  0.000662  -0.002121  0.001217  0.101129  0.001339  0.415604  2.000000  0.999992  0.004101  0.000023  -0.004101  0.999991  0.000982  -0.000019  -0.000982  1.000000  0.999926  0.012157  0.000102  -0.012158  0.999922  0.003009  -0.000065  -0.003010  0.999995  1.000000  0.000152  0.000001  -0.000152  1.000000  0.000038  -0.000001  -0.000038  1.000000  0.999992  0.004101  0.000023  -0.004101  0.999991  0.000982  -0.000019  -0.000982  1.000000  0.000105  0.012525  
39.445685 0.002013  0.091750  -0.009036  0.995100  0.098647  0.006677  -0.098862  0.993724  0.052336  -0.001472  -0.052740  0.998607  0.000703  -0.002403  0.001204  0.113320  -0.000502  0.450254  2.000000  0.999988  0.004890  0.000023  -0.004890  0.999987  0.001173  -0.000017  -0.001173  0.999999  0.999918  0.012781  0.000003  -0.012781  0.999913  0.003131  0.000037  -0.003130  0.999995  1.000000  0.000160  -0.000000  -0.000160  1.000000  0.000039  0.000000  -0.000039  1.000000  0.999988  0.004890  0.000023  -0.004890  0.999987  0.001173  -0.000017  -0.001173  0.999999  0.000114  0.013159  
39.446938 0.002014  0.091743  -0.009035  0.995018  0.099463  0.006756  -0.099682  0.993623  0.052692  -0.001472  -0.053103  0.998588  0.000783  -0.002777  0.001194  0.125480  -0.002001  0.477819  2.000000  0.999985  0.005544  0.000023  -0.005544  0.999984  0.001340  -0.000016  -0.001340  0.999999  0.999913  0.013192  0.000030  -0.013192  0.999907  0.003372  0.000015  -0.003372  0.999994  1.000000  0.000165  0.000000  -0.000165  1.000000  0.000042  -0.000000  -0.000042  1.000000  0.999985  0.005544  0.000023  -0.005544  0.999984  0.001340  -0.000016  -0.001340  0.999999  0.000122  0.013617  
39.448189 0.002015  0.091736  -0.009035  0.994957  0.100074  0.006825  -0.100296  0.993542  0.053049  -0.001472  -0.053466  0.998569  0.000809  -0.003135  0.001180  0.137690  -0.003155  0.498620  2.000000  0.999980  0.006379  0.000023  -0.006379  0.999978  0.001563  -0.000013  -0.001563  0.999999  0.999907  0.013611  -0.000077  -0.013610  0.999901  0.003614  0.000126  -0.003613  0.999993  1.000000  0.000170  -0.000001  -0.000170  1.000000  0.000045  0.000001  -0.000045  1.000000  0.999980  0.006379  0.000023  -0.006379  0.999978  0.001563  -0.000013  -0.001563  0.999999  0.000129  0.014083  
39.449439 0.002017  0.091728  -0.009035  0.994874  0.100891  0.006893  -0.101115  0.993447  0.053285  -0.001472  -0.053709  0.998556  0.000827  -0.003532  0.001122  0.145763  -0.004641  0.526152  2.000000  0.999974  0.007232  0.000018  -0.007232  0.999972  0.001797  -0.000005  -0.001797  0.999998  0.999905  0.013816  -0.000061  -0.013816  0.999897  0.003856  0.000114  -0.003855  0.999993  1.000000  0.000173  -0.000001  -0.000173  1.000000  0.000048  0.000001  -0.000048  1.000000  0.999974  0.007232  0.000018  -0.007232  0.999972  0.001797  -0.000005  -0.001797  0.999998  0.000135  0.014345  
39.450444 0.002018  0.091721  -0.009035  0.994832  0.101297  0.006952  -0.101525  0.993386  0.053643  -0.001472  -0.054072  0.998536  0.000878  -0.003950  0.001091  0.157938  -0.005451  0.539880  2.000000  0.999969  0.007933  0.000017  -0.007933  0.999967  0.001989  -0.000002  -0.001990  0.999998  0.999902  0.014014  0.000087  -0.014015  0.999894  0.003856  -0.000033  -0.003856  0.999993  1.000000  0.000175  0.000001  -0.000175  1.000000  0.000048  -0.000001  -0.000048  1.000000  0.999969  0.007933  0.000017  -0.007933  0.999967  0.001989  -0.000002  -0.001990  0.999998  0.000140  0.014536  
39.451685 0.002020  0.091714  -0.009034  0.994748  0.102114  0.007021  -0.102344  0.993289  0.053879  -0.001472  -0.054314  0.998523  0.000876  -0.004392  0.000980  0.166086  -0.006953  0.567674  2.000000  0.999961  0.008811  0.000029  -0.008811  0.999959  0.002237  -0.000009  -0.002237  0.999997  0.999902  0.014007  0.000226  -0.014008  0.999894  0.003977  -0.000170  -0.003980  0.999992  1.000000  0.000175  0.000002  -0.000175  1.000000  0.000050  -0.000002  -0.000050  1.000000  0.999961  0.008811  0.000029  -0.008811  0.999959  0.002237  -0.000009  -0.002237  0.999997  0.000146  0.014563  
39.452934 0.002021  0.091706  -0.009034  0.994685  0.102725  0.007091  -0.102959  0.993206  0.054236  -0.001472  -0.054678  0.998503  0.000895  -0.004864  0.000844  0.178289  -0.008136  0.588442  2.000000  0.999953  0.009689  0.000050  -0.009689  0.999950  0.002493  -0.000026  -0.002493  0.999997  0.999902  0.014000  0.000363  -0.014001  0.999894  0.004098  -0.000305  -0.004103  0.999992  1.000000  0.000175  0.000004  -0.000175  1.000000  0.000051  -0.000004  -0.000051  1.000000  0.999953  0.009689  0.000050  -0.009689  0.999950  0.002493  -0.000026  -0.002493  0.999997  0.000154  0.014593  
39.454187 0.002022  0.091699  -0.009032  0.994621  0.103336  0.007150  -0.103573  0.993129  0.054472  -0.001472  -0.054920  0.998490  0.000922  -0.005139  0.000863  0.182341  -0.009327  0.609212  2.000000  0.999944  0.010551  0.000073  -0.010551  0.999941  0.002756  -0.000044  -0.002757  0.999996  0.999905  0.013794  0.000357  -0.013796  0.999895  0.004341  -0.000297  -0.004346  0.999991  1.000000  0.000172  0.000004  -0.000172  1.000000  0.000054  -0.000004  -0.000054  1.000000  0.999944  0.010551  0.000073  -0.010551  0.999941  0.002756  -0.000044  -0.002757  0.999996  0.000159  0.014467  
39.455436 0.002024  0.091692  -0.009030  0.994557  0.103948  0.007209  -0.104187  0.993052  0.054709  -0.001472  -0.055162  0.998476  0.000930  -0.005354  0.000913  0.190515  -0.009402  0.609279  2.000000  0.999937  0.011228  0.000091  -0.011228  0.999933  0.002972  -0.000058  -0.002973  0.999996  0.999910  0.013383  0.000337  -0.013384  0.999901  0.004342  -0.000279  -0.004346  0.999991  1.000000  0.000167  0.000004  -0.000167  1.000000  0.000054  -0.000004  -0.000054  1.000000  0.999937  0.011228  0.000091  -0.011228  0.999933  0.002972  -0.000058  -0.002973  0.999996  0.000158  0.014075  
39.456438 0.002024  0.091687  -0.009028  0.994514  0.104355  0.007257  -0.104597  0.992996  0.054947  -0.001472  -0.055404  0.998463  0.000958  -0.005563  0.000912  0.194581  -0.009512  0.609242  2.000000  0.999929  0.011897  0.000109  -0.011897  0.999924  0.003193  -0.000071  -0.003194  0.999995  0.999913  0.013177  0.000327  -0.013179  0.999903  0.004464  -0.000269  -0.004468  0.999990  1.000000  0.000165  0.000004  -0.000165  1.000000  0.000056  -0.000004  -0.000056  1.000000  0.999929  0.011897  0.000109  -0.011897  0.999924  0.003193  -0.000071  -0.003194  0.999995  0.000158  0.013918  
39.457684 0.002025  0.091680  -0.009025  0.994470  0.104762  0.007305  -0.105006  0.992939  0.055185  -0.001472  -0.055647  0.998449  0.000954  -0.005702  0.000975  0.197022  -0.005091  0.604582  2.000000  0.999919  0.012705  0.000131  -0.012706  0.999913  0.003477  -0.000087  -0.003478  0.999994  0.999918  0.012766  0.000309  -0.012767  0.999908  0.004586  -0.000251  -0.004590  0.999989  1.000000  0.000160  0.000004  -0.000160  1.000000  0.000057  -0.000003  -0.000057  1.000000  0.999919  0.012705  0.000131  -0.012706  0.999913  0.003477  -0.000087  -0.003478  0.999994  0.000161  0.013569  
39.458932 0.002024  0.091672  -0.009022  0.994405  0.105373  0.007364  -0.105620  0.992861  0.055421  -0.001472  -0.055889  0.998436  0.000858  -0.005813  0.001060  0.197007  -0.005965  0.618324  2.000000  0.999909  0.013485  0.000151  -0.013486  0.999902  0.003765  -0.000100  -0.003767  0.999993  0.999926  0.012150  0.000278  -0.012151  0.999915  0.004709  -0.000221  -0.004712  0.999989  1.000000  0.000152  0.000003  -0.000152  1.000000  0.000059  -0.000003  -0.000059  1.000000  0.999909  0.013485  0.000151  -0.013486  0.999902  0.003765  -0.000100  -0.003767  0.999993  0.000161  0.013034  
39.459934 0.002023  0.091666  -0.009020  0.994384  0.105576  0.007401  -0.105825  0.992826  0.055660  -0.001472  -0.056131  0.998422  0.000738  -0.005903  0.001114  0.201104  -0.010168  0.611230  2.000000  0.999901  0.014080  0.000170  -0.014080  0.999893  0.003997  -0.000113  -0.003999  0.999992  0.999931  0.011731  0.000390  -0.011733  0.999920  0.004709  -0.000335  -0.004714  0.999989  1.000000  0.000147  0.000005  -0.000147  1.000000  0.000059  -0.000005  -0.000059  1.000000  0.999901  0.014080  0.000170  -0.014080  0.999893  0.003997  -0.000113  -0.003999  0.999992  0.000162  0.012648  
39.460942 0.002022  0.091659  -0.009018  0.994362  0.105779  0.007438  -0.106030  0.992790  0.055900  -0.001472  -0.056373  0.998409  0.000535  -0.006000  0.001191  0.202787  -0.014151  0.602083  2.000000  0.999893  0.014646  0.000190  -0.014646  0.999884  0.004232  -0.000128  -0.004235  0.999991  0.999938  0.011114  0.000358  -0.011116  0.999927  0.004711  -0.000306  -0.004714  0.999989  1.000000  0.000139  0.000004  -0.000139  1.000000  0.000059  -0.000004  -0.000059  1.000000  0.999893  0.014646  0.000190  -0.014646  0.999884  0.004232  -0.000128  -0.004235  0.999991  0.000161  0.012078  
39.462186 0.002020  0.091651  -0.009017  0.994318  0.106186  0.007487  -0.106439  0.992733  0.056137  -0.001472  -0.056615  0.998395  0.000354  -0.006067  0.001198  0.206972  -0.018014  0.588147  2.000000  0.999883  0.015327  0.000221  -0.015328  0.999872  0.004531  -0.000152  -0.004534  0.999990  0.999943  0.010696  0.000471  -0.010698  0.999932  0.004712  -0.000421  -0.004716  0.999989  1.000000  0.000134  0.000006  -0.000134  1.000000  0.000059  -0.000006  -0.000059  1.000000  0.999883  0.015327  0.000221  -0.015328  0.999872  0.004531  -0.000152  -0.004534  0.999990  0.000157  0.011698  
39.463208 0.002019  0.091645  -0.009015  0.994296  0.106388  0.007525  -0.106644  0.992698  0.056377  -0.001472  -0.056858  0.998381  0.000208  -0.006032  0.001348  0.210911  -0.017364  0.573883  2.000000  0.999876  0.015715  0.000240  -0.015716  0.999865  0.004714  -0.000166  -0.004717  0.999989  0.999947  0.010284  0.000452  -0.010286  0.999935  0.004955  -0.000401  -0.004959  0.999988  1.000000  0.000129  0.000005  -0.000129  1.000000  0.000062  -0.000005  -0.000062  1.000000  0.999876  0.015715  0.000240  -0.015716  0.999865  0.004714  -0.000166  -0.004717  0.999989  0.000153  0.011426  
39.464439 0.002017  0.091638  -0.009013  0.994274  0.106590  0.007575  -0.106848  0.992655  0.056736  -0.001472  -0.057221  0.998360  -0.000044  -0.006032  0.001513  0.217435  -0.016260  0.548971  2.000000  0.999868  0.016222  0.000265  -0.016223  0.999856  0.004960  -0.000185  -0.004963  0.999988  0.999951  0.009873  0.000431  -0.009875  0.999939  0.004956  -0.000382  -0.004960  0.999988  1.000000  0.000123  0.000005  -0.000123  1.000000  0.000062  -0.000005  -0.000062  1.000000  0.999868  0.016222  0.000265  -0.016223  0.999856  0.004960  -0.000185  -0.004963  0.999988  0.000149  0.011057  
39.465688 0.002014  0.091630  -0.009012  0.994230  0.106996  0.007637  -0.107258  0.992591  0.057094  -0.001472  -0.057584  0.998340  -0.000375  -0.006039  0.001486  0.223366  -0.015438  0.532826  2.000000  0.999859  0.016813  0.000298  -0.016814  0.999845  0.005272  -0.000209  -0.005276  0.999986  0.999957  0.009249  0.000532  -0.009251  0.999945  0.004957  -0.000486  -0.004962  0.999988  1.000000  0.000116  0.000006  -0.000116  1.000000  0.000062  -0.000006  -0.000062  1.000000  0.999859  0.016813  0.000298  -0.016814  0.999845  0.005272  -0.000209  -0.005276  0.999986  0.000147  0.010508  
39.466938 0.002010  0.091621  -0.009012  0.994208  0.107197  0.007688  -0.107463  0.992548  0.057454  -0.001472  -0.057947  0.998319  -0.000686  -0.006084  0.001461  0.231521  -0.014433  0.512014  2.000000  0.999849  0.017355  0.000333  -0.017356  0.999834  0.005589  -0.000236  -0.005594  0.999984  0.999964  0.008426  0.000489  -0.008429  0.999952  0.005080  -0.000446  -0.005084  0.999987  1.000000  0.000105  0.000006  -0.000105  1.000000  0.000064  -0.000006  -0.000064  1.000000  0.999849  0.017355  0.000333  -0.017356  0.999834  0.005589  -0.000236  -0.005594  0.999984  0.000141  0.009853  
39.468188 0.002006  0.091613  -0.009014  0.994186  0.107399  0.007739  -0.107667  0.992505  0.057814  -0.001472  -0.058311  0.998297  -0.001041  -0.006142  0.001264  0.237887  -0.013319  0.487549  2.000000  0.999841  0.017845  0.000366  -0.017847  0.999823  0.005905  -0.000261  -0.005910  0.999982  0.999971  0.007604  0.000444  -0.007606  0.999958  0.005082  -0.000405  -0.005085  0.999987  1.000000  0.000095  0.000005  -0.000095  1.000000  0.000064  -0.000005  -0.000064  1.000000  0.999841  0.017845  0.000366  -0.017847  0.999823  0.005905  -0.000261  -0.005910  0.999982  0.000135  0.009158  
39.469435 0.002003  0.091605  -0.009016  0.994186  0.107396  0.007778  -0.107667  0.992483  0.058175  -0.001472  -0.058674  0.998276  -0.001379  -0.006195  0.001016  0.243901  -0.015776  0.449605  2.000000  0.999832  0.018302  0.000397  -0.018304  0.999813  0.006221  -0.000284  -0.006227  0.999981  0.999976  0.006987  0.000411  -0.006989  0.999963  0.005083  -0.000375  -0.005085  0.999987  1.000000  0.000087  0.000005  -0.000087  1.000000  0.000064  -0.000005  -0.000064  1.000000  0.999832  0.018302  0.000397  -0.018304  0.999813  0.006221  -0.000284  -0.006227  0.999981  0.000130  0.008651  
39.470684 0.001999  0.091598  -0.009017  0.994164  0.107597  0.007829  -0.107872  0.992440  0.058534  -0.001472  -0.059037  0.998255  -0.001687  -0.006221  0.000788  0.250026  -0.014997  0.432237  2.000000  0.999826  0.018646  0.000422  -0.018649  0.999805  0.006477  -0.000301  -0.006484  0.999979  0.999977  0.006782  0.000401  -0.006784  0.999963  0.005204  -0.000366  -0.005207  0.999986  1.000000  0.000085  0.000005  -0.000085  1.000000  0.000065  -0.000005  -0.000065  1.000000  0.999826  0.018646  0.000422  -0.018649  0.999805  0.006477  -0.000301  -0.006484  0.999979  0.000125  0.008559  
39.471686 0.001996  0.091593  -0.009018  0.994141  0.107800  0.007867  -0.108077  0.992404  0.058773  -0.001472  -0.059279  0.998240  -0.001921  -0.006184  0.000631  0.252140  -0.018179  0.407878  2.000000  0.999820  0.018970  0.000445  -0.018973  0.999797  0.006734  -0.000317  -0.006742  0.999977  0.999980  0.006371  0.000378  -0.006373  0.999966  0.005205  -0.000345  -0.005207  0.999986  1.000000  0.000080  0.000005  -0.000080  1.000000  0.000065  -0.000005  -0.000065  1.000000  0.999820  0.018970  0.000445  -0.018973  0.999797  0.006734  -0.000317  -0.006742  0.999977  0.000122  0.008236  
39.472934 0.001991  0.091586  -0.009019  0.994141  0.107797  0.007907  -0.108077  0.992382  0.059135  -0.001472  -0.059643  0.998219  -0.002191  -0.006121  0.000329  0.254133  -0.017002  0.383948  2.000000  0.999813  0.019337  0.000472  -0.019340  0.999788  0.007055  -0.000335  -0.007063  0.999975  0.999985  0.005549  0.000331  -0.005550  0.999972  0.005085  -0.000303  -0.005087  0.999987  1.000000  0.000069  0.000004  -0.000069  1.000000  0.000064  -0.000004  -0.000064  1.000000  0.999813  0.019337  0.000472  -0.019340  0.999788  0.007055  -0.000335  -0.007063  0.999975  0.000116  0.007534  
39.474185 0.001987  0.091580  -0.009021  0.994141  0.107795  0.007933  -0.108077  0.992368  0.059375  -0.001472  -0.059885  0.998204  -0.002440  -0.006011  0.000037  0.250171  -0.015194  0.349723  2.000000  0.999807  0.019661  0.000497  -0.019664  0.999779  0.007375  -0.000352  -0.007384  0.999973  0.999988  0.004932  0.000296  -0.004933  0.999974  0.005208  -0.000270  -0.005209  0.999986  1.000000  0.000062  0.000004  -0.000062  1.000000  0.000065  -0.000004  -0.000065  1.000000  0.999807  0.019661  0.000497  -0.019664  0.999779  0.007375  -0.000352  -0.007384  0.999973  0.000110  0.007179  
39.475434 0.001983  0.091574  -0.009022  0.994119  0.107997  0.007971  -0.108281  0.992331  0.059614  -0.001472  -0.060127  0.998190  -0.002679  -0.005854  -0.000195  0.250257  -0.018186  0.322088  2.000000  0.999801  0.019948  0.000520  -0.019952  0.999771  0.007696  -0.000366  -0.007705  0.999970  0.999990  0.004521  0.000272  -0.004522  0.999977  0.005087  -0.000249  -0.005088  0.999987  1.000000  0.000057  0.000003  -0.000057  1.000000  0.000064  -0.000003  -0.000064  1.000000  0.999801  0.019948  0.000520  -0.019952  0.999771  0.007696  -0.000366  -0.007705  0.999970  0.000103  0.006812  
39.476684 0.001978  0.091569  -0.009023  0.994119  0.107995  0.008010  -0.108281  0.992309  0.059976  -0.001472  -0.060490  0.998168  -0.002883  -0.005706  -0.000388  0.248310  -0.016510  0.290207  2.000000  0.999796  0.020207  0.000541  -0.020211  0.999764  0.008013  -0.000379  -0.008023  0.999968  0.999992  0.003904  0.000236  -0.003906  0.999979  0.005088  -0.000216  -0.005089  0.999987  1.000000  0.000049  0.000003  -0.000049  1.000000  0.000064  -0.000003  -0.000064  1.000000  0.999796  0.020207  0.000541  -0.020211  0.999764  0.008013  -0.000379  -0.008023  0.999968  0.000097  0.006418  
39.477691 0.001974  0.091565  -0.009024  0.994119  0.107993  0.008037  -0.108281  0.992295  0.060216  -0.001472  -0.060732  0.998153  -0.003010  -0.005540  -0.000552  0.248270  -0.015391  0.269397  2.000000  0.999792  0.020392  0.000557  -0.020396  0.999758  0.008271  -0.000388  -0.008280  0.999966  0.999994  0.003493  0.000212  -0.003494  0.999981  0.005089  -0.000194  -0.005090  0.999987  1.000000  0.000044  0.000003  -0.000044  1.000000  0.000064  -0.000003  -0.000064  1.000000  0.999792  0.020392  0.000557  -0.020396  0.999758  0.008271  -0.000388  -0.008280  0.999966  0.000092  0.006177  
39.478940 0.001970  0.091562  -0.009025  0.994119  0.107999  0.007930  -0.108281  0.992279  0.060471  -0.001338  -0.060974  0.998138  -0.003177  -0.005242  -0.000755  0.244261  -0.009794  0.248949  2.000000  0.999789  0.020557  0.000569  -0.020561  0.999752  0.008533  -0.000393  -0.008542  0.999963  0.999995  0.003090  0.000055  -0.003091  0.999981  0.005333  -0.000038  -0.005333  0.999986  1.000000  0.000039  0.000001  -0.000039  1.000000  0.000067  -0.000001  -0.000067  1.000000  0.999789  0.020557  0.000569  -0.020561  0.999752  0.008533  -0.000393  -0.008542  0.999963  0.000088  0.006164  
39.479962 0.001966  0.091559  -0.009025  0.994119  0.107997  0.007956  -0.108281  0.992265  0.060712  -0.001338  -0.061217  0.998124  -0.003289  -0.005010  -0.000876  0.244107  -0.008653  0.228051  2.000000  0.999786  0.020701  0.000576  -0.020705  0.999747  0.008796  -0.000393  -0.008806  0.999961  0.999996  0.002679  0.000030  -0.002680  0.999982  0.005333  -0.000016  -0.005333  0.999986  1.000000  0.000033  0.000000  -0.000033  1.000000  0.000067  -0.000000  -0.000067  1.000000  0.999786  0.020701  0.000576  -0.020705  0.999747  0.008796  -0.000393  -0.008806  0.999961  0.000086  0.005969  
39.481188 0.001962  0.091555  -0.009027  0.994119  0.107994  0.007996  -0.108281  0.992243  0.061073  -0.001338  -0.061580  0.998101  -0.003366  -0.004697  -0.000981  0.244354  -0.007541  0.207525  2.000000  0.999783  0.020829  0.000582  -0.020834  0.999742  0.009064  -0.000393  -0.009074  0.999959  0.999997  0.002474  0.000018  -0.002474  0.999983  0.005334  -0.000005  -0.005334  0.999986  1.000000  0.000031  0.000000  -0.000031  1.000000  0.000067  -0.000000  -0.000067  1.000000  0.999783  0.020829  0.000582  -0.020834  0.999742  0.009064  -0.000393  -0.009074  0.999959  0.000081  0.005879  
39.482445 0.001958  0.091552  -0.009029  0.994142  0.107788  0.008009  -0.108077  0.992250  0.061316  -0.001338  -0.061822  0.998086  -0.003359  -0.004320  -0.001079  0.244270  -0.005574  0.172885  2.000000  0.999780  0.020961  0.000589  -0.020965  0.999736  0.009402  -0.000391  -0.009412  0.999956  0.999998  0.001858  -0.000019  -0.001857  0.999983  0.005456  0.000029  -0.005456  0.999985  1.000000  0.000023  -0.000000  -0.000023  1.000000  0.000068  0.000000  -0.000068  1.000000  0.999780  0.020961  0.000589  -0.020965  0.999736  0.009402  -0.000391  -0.009412  0.999956  0.000075  0.005763  
39.483692 0.001954  0.091549  -0.009032  0.994142  0.107785  0.008048  -0.108077  0.992228  0.061677  -0.001338  -0.062185  0.998064  -0.003349  -0.003972  -0.001168  0.244339  -0.004423  0.152194  2.000000  0.999778  0.021069  0.000594  -0.021074  0.999730  0.009743  -0.000388  -0.009753  0.999952  0.999999  0.001652  -0.000031  -0.001652  0.999984  0.005456  0.000040  -0.005456  0.999985  1.000000  0.000021  -0.000000  -0.000021  1.000000  0.000068  0.000000  -0.000068  1.000000  0.999778  0.021069  0.000594  -0.021074  0.999730  0.009743  -0.000388  -0.009753  0.999952  0.000073  0.005701  
39.484937 0.001952  0.091547  -0.009036  0.994142  0.107782  0.008088  -0.108077  0.992205  0.062038  -0.001338  -0.062548  0.998041  -0.003305  -0.003651  -0.001318  0.250619  -0.003619  0.137345  2.000000  0.999776  0.021151  0.000598  -0.021156  0.999725  0.010079  -0.000384  -0.010090  0.999949  0.999999  0.001241  -0.000056  -0.001241  0.999984  0.005457  0.000063  -0.005457  0.999985  1.000000  0.000016  -0.000001  -0.000016  1.000000  0.000068  0.000001  -0.000068  1.000000  0.999776  0.021151  0.000598  -0.021156  0.999725  0.010079  -0.000384  -0.010090  0.999949  0.000072  0.005596  
39.486187 0.001949  0.091544  -0.009039  0.994141  0.107771  0.008260  -0.108077  0.992183  0.062384  -0.001472  -0.062912  0.998018  -0.003234  -0.003379  -0.001483  0.252618  -0.006960  0.117437  2.000000  0.999775  0.021216  0.000603  -0.021221  0.999721  0.010414  -0.000382  -0.010425  0.999946  1.000000  0.000822  0.000052  -0.000822  0.999985  0.005457  -0.000047  -0.005457  0.999985  1.000000  0.000010  0.000001  -0.000010  1.000000  0.000068  -0.000001  -0.000068  1.000000  0.999775  0.021216  0.000603  -0.021221  0.999721  0.010414  -0.000382  -0.010425  0.999946  0.000071  0.005519  
39.487436 0.001948  0.091542  -0.009042  0.994164  0.107563  0.008286  -0.107872  0.992183  0.062747  -0.001472  -0.063275  0.997995  -0.003012  -0.003052  -0.001587  0.256703  -0.005760  0.096702  2.000000  0.999774  0.021251  0.000611  -0.021257  0.999717  0.010684  -0.000384  -0.010695  0.999943  1.000000  0.000616  0.000039  -0.000617  0.999985  0.005457  -0.000036  -0.005457  0.999985  1.000000  0.000008  0.000000  -0.000008  1.000000  0.000068  -0.000000  -0.000068  1.000000  0.999774  0.021251  0.000611  -0.021257  0.999717  0.010684  -0.000384  -0.010695  0.999943  0.000069  0.005492  
39.488687 0.001947  0.091540  -0.009045  0.994164  0.107560  0.008325  -0.107872  0.992160  0.063108  -0.001472  -0.063638  0.997972  -0.002820  -0.002802  -0.001701  0.260786  -0.004549  0.075972  2.000000  0.999773  0.021277  0.000620  -0.021282  0.999713  0.011021  -0.000385  -0.011031  0.999939  1.000000  0.000411  0.000026  -0.000411  0.999985  0.005458  -0.000024  -0.005458  0.999985  1.000000  0.000005  0.000000  -0.000005  1.000000  0.000068  -0.000000  -0.000068  1.000000  0.999773  0.021277  0.000620  -0.021282  0.999713  0.011021  -0.000385  -0.011031  0.999939  0.000069  0.005473  
39.489934 0.001946  0.091539  -0.009049  0.994164  0.107557  0.008364  -0.107872  0.992137  0.063469  -0.001472  -0.064001  0.997949  -0.002561  -0.002530  -0.001853  0.262712  -0.004122  0.068501  2.000000  0.999773  0.021292  0.000628  -0.021298  0.999709  0.011355  -0.000386  -0.011366  0.999935  1.000000  0.000205  0.000013  -0.000206  0.999986  0.005337  -0.000012  -0.005337  0.999986  1.000000  0.000003  0.000000  -0.000003  1.000000  0.000067  -0.000000  -0.000067  1.000000  0.999773  0.021292  0.000628  -0.021298  0.999709  0.011355  -0.000386  -0.011366  0.999935  0.000067  0.005341  
39.491182 0.001946  0.091537  -0.009052  0.994186  0.107350  0.008390  -0.107667  0.992136  0.063832  -0.001472  -0.064364  0.997925  -0.002258  -0.002278  -0.001968  0.266898  -0.002901  0.047970  2.000000  0.999773  0.021294  0.000635  -0.021300  0.999705  0.011689  -0.000386  -0.011700  0.999931  1.000000  -0.000205  -0.000013  0.000206  0.999986  0.005216  0.000012  -0.005216  0.999986  1.000000  -0.000003  -0.000000  0.000003  1.000000  0.000065  0.000000  -0.000065  1.000000  0.999773  0.021294  0.000635  -0.021300  0.999705  0.011689  -0.000386  -0.011700  0.999931  0.000067  0.005220  
39.492187 0.001946  0.091536  -0.009054  0.994186  0.107348  0.008416  -0.107667  0.992120  0.064073  -0.001472  -0.064606  0.997910  -0.001961  -0.002054  -0.002054  0.267365  -0.002542  0.041820  2.000000  0.999773  0.021279  0.000640  -0.021285  0.999702  0.011956  -0.000386  -0.011967  0.999928  1.000000  -0.000411  -0.000027  0.000411  0.999986  0.005338  0.000024  -0.005338  0.999986  1.000000  -0.000005  -0.000000  0.000005  1.000000  0.000067  0.000000  -0.000067  1.000000  0.999773  0.021279  0.000640  -0.021285  0.999702  0.011956  -0.000386  -0.011967  0.999928  0.000069  0.005354  
39.493437 0.001946  0.091535  -0.009056  0.994186  0.107345  0.008455  -0.107667  0.992097  0.064434  -0.001472  -0.064969  0.997886  -0.001682  -0.001862  -0.002120  0.269416  -0.001690  0.027666  2.000000  0.999774  0.021253  0.000646  -0.021259  0.999698  0.012292  -0.000384  -0.012303  0.999924  1.000000  -0.000411  -0.000027  0.000411  0.999985  0.005459  0.000025  -0.005459  0.999985  1.000000  -0.000005  -0.000000  0.000005  1.000000  0.000068  0.000000  -0.000068  1.000000  0.999774  0.021253  0.000646  -0.021259  0.999698  0.012292  -0.000384  -0.012303  0.999924  0.000068  0.005474  
39.494439 0.001946  0.091535  -0.009057  0.994208  0.107129  0.008614  -0.107463  0.992096  0.064782  -0.001606  -0.065332  0.997862  -0.001418  -0.001674  -0.002167  0.269062  -0.005338  0.013538  2.000000  0.999774  0.021232  0.000654  -0.021239  0.999695  0.012564  -0.000387  -0.012575  0.999921  1.000000  -0.000420  0.000107  0.000419  0.999985  0.005459  -0.000109  -0.005459  0.999985  1.000000  -0.000005  0.000001  0.000005  1.000000  0.000068  -0.000001  -0.000068  1.000000  0.999774  0.021232  0.000654  -0.021239  0.999695  0.012564  -0.000387  -0.012575  0.999921  0.000068  0.005476  
39.495691 0.001947  0.091535  -0.009058  0.994208  0.107126  0.008653  -0.107463  0.992073  0.065143  -0.001606  -0.065696  0.997838  -0.001093  -0.001430  -0.002158  0.269096  -0.004916  0.006630  2.000000  0.999775  0.021201  0.000664  -0.021207  0.999693  0.012841  -0.000392  -0.012852  0.999917  1.000000  -0.000625  0.000093  0.000625  0.999984  0.005581  -0.000096  -0.005581  0.999984  1.000000  -0.000008  0.000001  0.000008  1.000000  0.000070  -0.000001  -0.000070  1.000000  0.999775  0.021201  0.000664  -0.021207  0.999693  0.012841  -0.000392  -0.012852  0.999917  0.000067  0.005616  
39.496934 0.001948  0.091536  -0.009058  0.994208  0.107131  0.008559  -0.107463  0.992048  0.065518  -0.001472  -0.066059  0.997815  -0.000799  -0.001157  -0.001997  0.270935  0.000000  -0.000000  2.000000  0.999776  0.021151  0.000674  -0.021158  0.999689  0.013196  -0.000394  -0.013207  0.999913  1.000000  -0.000822  -0.000054  0.000822  0.999983  0.005702  0.000050  -0.005702  0.999984  1.000000  -0.000010  -0.000001  0.000010  1.000000  0.000071  0.000001  -0.000071  1.000000  0.999776  0.021151  0.000674  -0.021158  0.999689  0.013196  -0.000394  -0.013207  0.999913  0.000067  0.005761  
39.497935 0.001948  0.091537  -0.009058  0.994230  0.106925  0.008571  -0.107258  0.992054  0.065761  -0.001472  -0.066301  0.997799  -0.000558  -0.000952  -0.001845  0.266864  0.000428  -0.006849  2.000000  0.999777  0.021105  0.000677  -0.021112  0.999686  0.013484  -0.000392  -0.013495  0.999909  0.999999  -0.001027  -0.000068  0.001027  0.999983  0.005824  0.000062  -0.005824  0.999983  1.000000  -0.000013  -0.000001  0.000013  1.000000  0.000073  0.000001  -0.000073  1.000000  0.999777  0.021105  0.000677  -0.021112  0.999686  0.013484  -0.000392  -0.013495  0.999909  0.000067  0.005914  
39.499188 0.001949  0.091538  -0.009058  0.994230  0.106922  0.008610  -0.107258  0.992030  0.066122  -0.001472  -0.066664  0.997774  -0.000270  -0.000630  -0.001615  0.269088  0.000867  -0.013811  2.000000  0.999778  0.021040  0.000682  -0.021048  0.999683  0.013845  -0.000390  -0.013856  0.999904  0.999999  -0.001036  0.000065  0.001036  0.999983  0.005824  -0.000071  -0.005824  0.999983  1.000000  -0.000013  0.000001  0.000013  1.000000  0.000073  -0.000001  -0.000073  1.000000  0.999778  0.021040  0.000682  -0.021048  0.999683  0.013845  -0.000390  -0.013856  0.999904  0.000068  0.005915  
