1-Time 2-Px 3-Py 4-Pz 5-R11 6-R21 7-R31 8-R12 9-R22 10-R32 11-R13 12-R23 13-R33 14-Vx 15-Vy 16-Vz 17-Wx 18-Wy 19-Wz 20-state 21-PR11 22-PR21 23-PR31 24-PR12 25-PR22 26-PR32 27-PR13 28-PR23 29-PR33 
42.989741 0.002593  0.092856  -0.006545  0.996301  0.081615  -0.026896  -0.080784  0.996260  0.030654  0.029298  -0.028368  0.999168  0.000441  0.000447  0.000275  0.000000  0.000000  0.000000  2.000000  1.000000  0.000000  0.000000  0.000000  1.000000  0.000000  0.000000  0.000000  1.000000  1.000000  0.000000  0.000000  -0.000000  1.000000  -0.000243  -0.000000  0.000243  1.000000  1.000000  0.000000  0.000000  0.000000  1.000000  0.000000  0.000000  0.000000  1.000000  0.756772  0.606288  -0.244356  -0.599326  0.792784  0.110915  0.260968  0.062511  0.963321  0.000000  0.000000  
42.990744 0.002593  0.092856  -0.006545  0.996284  0.081820  -0.026890  -0.080990  0.996243  0.030659  0.029298  -0.028368  0.999168  0.000380  0.000393  0.000235  0.000000  0.000000  0.000000  2.000000  1.000000  0.000000  0.000000  0.000000  1.000000  0.000000  0.000000  0.000000  1.000000  1.000000  0.000000  0.000000  -0.000000  1.000000  -0.000243  -0.000000  0.000243  1.000000  1.000000  0.000000  0.000000  0.000000  1.000000  0.000000  0.000000  0.000000  1.000000  1.000000  0.000000  0.000000  0.000000  1.000000  0.000000  0.000000  0.000000  1.000000  0.000000  0.000000  
42.991748 0.002593  0.092855  -0.006547  0.996264  0.082033  -0.027007  -0.081194  0.996222  0.030796  0.029431  -0.028489  0.999161  0.000338  0.000255  0.000093  0.000000  0.000000  0.000000  2.000000  1.000000  0.000000  0.000000  0.000000  1.000000  0.000000  0.000000  0.000000  1.000000  1.000000  0.000411  0.000012  -0.000411  1.000000  -0.000109  -0.000012  0.000109  1.000000  1.000000  0.000000  0.000000  0.000000  1.000000  0.000000  0.000000  0.000000  1.000000  1.000000  0.000000  0.000000  0.000000  1.000000  0.000000  0.000000  0.000000  1.000000  0.000000  0.000000  
42.992998 0.002593  0.092853  -0.006550  0.996213  0.082648  -0.026988  -0.081810  0.996172  0.030813  0.029431  -0.028489  0.999161  0.000277  0.000041  -0.000143  0.000000  0.000000  0.000000  2.000000  1.000000  0.000000  0.000000  0.000000  1.000000  0.000000  0.000000  0.000000  1.000000  1.000000  0.000827  -0.000110  -0.000827  1.000000  -0.000097  0.000110  0.000097  1.000000  1.000000  0.000000  0.000000  0.000000  1.000000  0.000000  0.000000  0.000000  1.000000  1.000000  0.000000  0.000000  0.000000  1.000000  0.000000  0.000000  0.000000  1.000000  0.000000  0.000000  
42.994247 0.002593  0.092850  -0.006553  0.996196  0.082856  -0.026972  -0.082015  0.996151  0.030940  0.029431  -0.028610  0.999157  0.000250  -0.000171  -0.000351  0.000000  0.000000  0.000000  2.000000  1.000000  0.000000  0.000000  0.000000  1.000000  0.000000  0.000000  0.000000  1.000000  0.999999  0.001238  -0.000098  -0.001238  0.999999  0.000158  0.000099  -0.000158  1.000000  1.000000  0.000000  0.000000  0.000000  1.000000  0.000000  0.000000  0.000000  1.000000  1.000000  0.000000  0.000000  0.000000  1.000000  0.000000  0.000000  0.000000  1.000000  0.000000  0.000000  
42.995498 0.002594  0.092847  -0.006556  0.996159  0.083273  -0.027082  -0.082425  0.996112  0.031082  0.029565  -0.028731  0.999150  0.000235  -0.000387  -0.000593  0.000000  0.000000  0.000000  2.000000  1.000000  0.000000  0.000000  0.000000  1.000000  0.000000  0.000000  0.000000  1.000000  0.999999  0.001448  -0.000226  -0.001448  0.999999  0.000285  0.000226  -0.000285  1.000000  1.000000  0.000000  0.000000  0.000000  1.000000  0.000000  0.000000  0.000000  1.000000  1.000000  0.000000  0.000000  0.000000  1.000000  0.000000  0.000000  0.000000  1.000000  0.000000  0.000000  
42.996749 0.002594  0.092845  -0.006559  0.996121  0.083687  -0.027203  -0.082834  0.996078  0.031105  0.029699  -0.028731  0.999146  0.000228  -0.000625  -0.000826  0.000000  0.000000  0.000000  2.000000  1.000000  0.000000  0.000000  0.000000  1.000000  0.000000  0.000000  0.000000  1.000000  0.999998  0.001863  -0.000348  -0.001863  0.999998  0.000298  0.000348  -0.000297  1.000000  1.000000  0.000000  0.000000  0.000000  1.000000  0.000000  0.000000  0.000000  1.000000  1.000000  0.000000  0.000000  0.000000  1.000000  0.000000  0.000000  0.000000  1.000000  0.000000  0.000000  
42.997997 0.002595  0.092843  -0.006562  0.996044  0.084519  -0.027433  -0.083654  0.996004  0.031270  0.029966  -0.028852  0.999134  0.000254  -0.000762  -0.001005  0.000000  0.000000  0.000000  2.000000  1.000000  0.000000  0.000000  0.000000  1.000000  0.000000  0.000000  0.000000  1.000000  0.999996  0.002693  -0.000591  -0.002693  0.999996  0.000444  0.000593  -0.000442  1.000000  1.000000  0.000000  0.000000  0.000000  1.000000  0.000000  0.000000  0.000000  1.000000  1.000000  0.000000  0.000000  0.000000  1.000000  0.000000  0.000000  0.000000  1.000000  0.000000  0.000000  
42.998999 0.002596  0.092841  -0.006564  0.995988  0.085141  -0.027537  -0.084269  0.995948  0.031419  0.030100  -0.028973  0.999127  0.000249  -0.000925  -0.001203  0.000000  0.000000  0.000000  2.000000  1.000000  0.000000  0.000000  0.000000  1.000000  0.000000  0.000000  0.000000  1.000000  0.999994  0.003314  -0.000707  -0.003314  0.999994  0.000463  0.000709  -0.000461  1.000000  1.000000  0.000000  0.000000  0.000000  1.000000  0.000000  0.000000  0.000000  1.000000  1.000000  0.000000  0.000000  0.000000  1.000000  0.000000  0.000000  0.000000  1.000000  0.000000  0.000000  
43.000242 0.002596  0.092839  -0.006568  0.995911  0.085969  -0.027777  -0.085088  0.995876  0.031465  0.030368  -0.028973  0.999119  0.000232  -0.001099  -0.001499  0.000000  0.000000  0.000000  2.000000  1.000000  0.000000  0.000000  0.000000  1.000000  0.000000  0.000000  0.000000  1.000000  0.999991  0.004141  -0.000817  -0.004141  0.999991  0.000609  0.000819  -0.000606  0.999999  1.000000  0.000000  0.000000  0.000000  1.000000  0.000000  0.000000  0.000000  1.000000  1.000000  0.000000  0.000000  0.000000  1.000000  0.000000  0.000000  0.000000  1.000000  0.000000  0.000000  
43.001244 0.002596  0.092838  -0.006572  0.995854  0.086588  -0.027891  -0.085703  0.995823  0.031493  0.030501  -0.028972  0.999115  0.000255  -0.001194  -0.001731  0.000000  0.000000  0.000000  2.000000  1.000000  0.000000  0.000000  0.000000  1.000000  0.000000  0.000000  0.000000  1.000000  0.999988  0.004762  -0.000932  -0.004761  0.999988  0.000629  0.000935  -0.000624  0.999999  1.000000  0.000000  0.000000  0.000000  1.000000  0.000000  0.000000  0.000000  1.000000  1.000000  0.000000  0.000000  0.000000  1.000000  0.000000  0.000000  0.000000  1.000000  0.000000  0.000000  
43.002244 0.002597  0.092836  -0.006576  0.995797  0.087207  -0.028005  -0.086318  0.995769  0.031522  0.030635  -0.028972  0.999111  0.000261  -0.001318  -0.002016  0.017829  0.039573  0.187960  2.000000  1.000000  0.000133  0.000151  -0.000133  1.000000  0.000024  -0.000151  -0.000024  1.000000  0.999985  0.005383  -0.001048  -0.005382  0.999985  0.000648  0.001052  -0.000642  0.999999  1.000000  0.000045  0.000052  -0.000045  1.000000  0.000008  -0.000052  -0.000008  1.000000  1.000000  0.000133  0.000151  -0.000133  1.000000  0.000024  -0.000151  -0.000024  1.000000  0.000047  0.005522  
43.003493 0.002598  0.092836  -0.006579  0.995721  0.088030  -0.028112  -0.087137  0.995696  0.031557  0.030769  -0.028972  0.999107  0.000340  -0.001392  -0.002296  0.022565  0.042932  0.213985  2.000000  1.000000  0.000384  0.000433  -0.000384  1.000000  0.000065  -0.000433  -0.000065  1.000000  0.999980  0.006213  -0.001292  -0.006213  0.999980  0.000675  0.001296  -0.000667  0.999999  1.000000  0.000053  0.000059  -0.000053  1.000000  0.000008  -0.000059  -0.000008  1.000000  1.000000  0.000384  0.000433  -0.000384  1.000000  0.000065  -0.000433  -0.000065  1.000000  0.000054  0.006382  
43.004494 0.002599  0.092834  -0.006582  0.995645  0.088854  -0.028219  -0.087957  0.995623  0.031592  0.030903  -0.028972  0.999102  0.000365  -0.001486  -0.002480  0.023404  0.046600  0.241530  2.000000  1.000000  0.000610  0.000691  -0.000610  1.000000  0.000100  -0.000691  -0.000100  1.000000  0.999974  0.007040  -0.001401  -0.007039  0.999975  0.000701  0.001406  -0.000691  0.999999  1.000000  0.000059  0.000067  -0.000059  1.000000  0.000009  -0.000067  -0.000009  1.000000  1.000000  0.000610  0.000691  -0.000610  1.000000  0.000100  -0.000691  -0.000100  1.000000  0.000061  0.007212  
43.005494 0.002600  0.092833  -0.006586  0.995564  0.089682  -0.028459  -0.088776  0.995549  0.031639  0.031170  -0.028972  0.999094  0.000445  -0.001604  -0.002757  0.024467  0.055180  0.271437  2.000000  0.999999  0.000801  0.000910  -0.000801  1.000000  0.000126  -0.000910  -0.000127  1.000000  0.999968  0.007867  -0.001511  -0.007866  0.999969  0.000727  0.001517  -0.000715  0.999999  1.000000  0.000066  0.000076  -0.000066  1.000000  0.000009  -0.000076  -0.000009  1.000000  0.999999  0.000801  0.000910  -0.000801  1.000000  0.000126  -0.000910  -0.000127  1.000000  0.000068  0.008043  
43.006746 0.002601  0.092830  -0.006592  0.995482  0.090509  -0.028700  -0.089595  0.995474  0.031686  0.031438  -0.028972  0.999086  0.000515  -0.001650  -0.002987  0.025173  0.062949  0.297334  2.000000  0.999998  0.001155  0.001309  -0.001155  0.999999  0.000172  -0.001309  -0.000173  0.999999  0.999961  0.008697  -0.001754  -0.008696  0.999962  0.000755  0.001761  -0.000740  0.999998  1.000000  0.000073  0.000083  -0.000073  1.000000  0.000009  -0.000083  -0.000009  1.000000  0.999998  0.001155  0.001309  -0.001155  0.999999  0.000172  -0.001309  -0.000173  0.999999  0.000075  0.008904  
43.007997 0.002602  0.092828  -0.006596  0.995381  0.091545  -0.028922  -0.090619  0.995376  0.031861  0.031705  -0.029093  0.999074  0.000597  -0.001677  -0.003048  0.030507  0.071333  0.334091  2.000000  0.999997  0.001552  0.001752  -0.001552  0.999999  0.000224  -0.001752  -0.000226  0.999998  0.999951  0.009734  -0.001991  -0.009732  0.999952  0.000911  0.001999  -0.000891  0.999998  1.000000  0.000082  0.000093  -0.000082  1.000000  0.000011  -0.000093  -0.000011  1.000000  0.999997  0.001552  0.001752  -0.001552  0.999999  0.000224  -0.001752  -0.000226  0.999998  0.000084  0.009976  
43.009245 0.002604  0.092824  -0.006600  0.995316  0.092168  -0.029169  -0.091233  0.995318  0.031903  0.031972  -0.029092  0.999065  0.000680  -0.001705  -0.003110  0.031193  0.079738  0.355148  2.000000  0.999996  0.001989  0.002236  -0.001990  0.999998  0.000288  -0.002235  -0.000292  0.999997  0.999942  0.010564  -0.002234  -0.010562  0.999944  0.001061  0.002245  -0.001037  0.999997  1.000000  0.000090  0.000100  -0.000090  1.000000  0.000013  -0.000100  -0.000013  1.000000  0.999996  0.001989  0.002236  -0.001990  0.999998  0.000288  -0.002235  -0.000292  0.999997  0.000092  0.010849  
43.010246 0.002605  0.092822  -0.006602  0.995236  0.092995  -0.029264  -0.092052  0.995238  0.032060  0.032106  -0.029213  0.999057  0.000768  -0.001725  -0.003104  0.036137  0.083399  0.382871  2.000000  0.999994  0.002364  0.002647  -0.002365  0.999997  0.000340  -0.002646  -0.000346  0.999996  0.999934  0.011189  -0.002483  -0.011186  0.999937  0.001083  0.002495  -0.001055  0.999996  1.000000  0.000097  0.000106  -0.000097  1.000000  0.000013  -0.000106  -0.000013  1.000000  0.999994  0.002364  0.002647  -0.002365  0.999997  0.000340  -0.002646  -0.000346  0.999996  0.000097  0.011511  
43.011248 0.002607  0.092818  -0.006606  0.995175  0.093613  -0.029377  -0.092666  0.995180  0.032090  0.032240  -0.029213  0.999053  0.000813  -0.001846  -0.003157  0.036798  0.087287  0.403701  2.000000  0.999991  0.002763  0.003083  -0.002764  0.999996  0.000399  -0.003082  -0.000407  0.999995  0.999929  0.011605  -0.002603  -0.011601  0.999932  0.001219  0.002617  -0.001189  0.999996  1.000000  0.000101  0.000109  -0.000101  1.000000  0.000015  -0.000109  -0.000015  1.000000  0.999991  0.002763  0.003083  -0.002764  0.999996  0.000399  -0.003082  -0.000407  0.999995  0.000103  0.011954  
43.012506 0.002609  0.092814  -0.006610  0.995071  0.094649  -0.029599  -0.093690  0.995078  0.032266  0.032507  -0.029334  0.999041  0.000964  -0.001972  -0.003281  0.041982  0.095219  0.438380  2.000000  0.999988  0.003282  0.003654  -0.003283  0.999994  0.000472  -0.003653  -0.000484  0.999993  0.999922  0.012222  -0.002584  -0.012219  0.999925  0.001240  0.002599  -0.001209  0.999996  1.000000  0.000104  0.000116  -0.000104  1.000000  0.000015  -0.000116  -0.000015  1.000000  0.999988  0.003282  0.003654  -0.003283  0.999994  0.000472  -0.003653  -0.000484  0.999993  0.000112  0.012552  
43.013743 0.002611  0.092809  -0.006616  0.994989  0.095472  -0.029706  -0.094509  0.995000  0.032303  0.032641  -0.029334  0.999037  0.001057  -0.002204  -0.003518  0.042890  0.098963  0.466388  2.000000  0.999985  0.003715  0.004128  -0.003718  0.999993  0.000532  -0.004126  -0.000547  0.999991  0.999916  0.012641  -0.002839  -0.012638  0.999919  0.001257  0.002854  -0.001221  0.999995  1.000000  0.000110  0.000119  -0.000110  1.000000  0.000015  -0.000119  -0.000015  1.000000  0.999985  0.003715  0.004128  -0.003718  0.999993  0.000532  -0.004126  -0.000547  0.999991  0.000119  0.013015  
43.014747 0.002612  0.092804  -0.006621  0.994945  0.095889  -0.029814  -0.094918  0.994956  0.032449  0.032775  -0.029455  0.999029  0.001123  -0.002376  -0.003613  0.047416  0.103005  0.480238  2.000000  0.999981  0.004163  0.004614  -0.004166  0.999991  0.000594  -0.004611  -0.000613  0.999989  0.999910  0.013057  -0.002959  -0.013053  0.999914  0.001272  0.002975  -0.001233  0.999995  1.000000  0.000114  0.000123  -0.000114  1.000000  0.000016  -0.000123  -0.000016  1.000000  0.999981  0.004163  0.004614  -0.004166  0.999991  0.000594  -0.004611  -0.000613  0.999989  0.000124  0.013447  
43.015763 0.002613  0.092800  -0.006626  0.994882  0.096508  -0.029927  -0.095532  0.994896  0.032480  0.032909  -0.029455  0.999024  0.001194  -0.002584  -0.003732  0.048067  0.106839  0.500827  2.000000  0.999976  0.004618  0.005108  -0.004621  0.999989  0.000654  -0.005105  -0.000678  0.999987  0.999908  0.013262  -0.002953  -0.013259  0.999911  0.001280  0.002969  -0.001241  0.999995  1.000000  0.000115  0.000125  -0.000115  1.000000  0.000016  -0.000125  -0.000016  1.000000  0.999976  0.004618  0.005108  -0.004621  0.999989  0.000654  -0.005105  -0.000678  0.999987  0.000128  0.013646  
43.016992 0.002616  0.092794  -0.006632  0.994819  0.097130  -0.030028  -0.096146  0.994832  0.032632  0.033042  -0.029576  0.999016  0.001309  -0.002815  -0.003832  0.052858  0.110776  0.522056  2.000000  0.999971  0.005086  0.005618  -0.005090  0.999987  0.000709  -0.005615  -0.000738  0.999984  0.999902  0.013674  -0.002940  -0.013670  0.999906  0.001174  0.002956  -0.001134  0.999995  1.000000  0.000117  0.000130  -0.000117  1.000000  0.000014  -0.000130  -0.000014  1.000000  0.999971  0.005086  0.005618  -0.005090  0.999987  0.000709  -0.005615  -0.000738  0.999984  0.000133  0.014034  
43.018267 0.002618  0.092789  -0.006638  0.994755  0.097748  -0.030141  -0.096760  0.994772  0.032664  0.033176  -0.029576  0.999012  0.001366  -0.003176  -0.003987  0.057566  0.114599  0.542432  2.000000  0.999964  0.005674  0.006263  -0.005679  0.999984  0.000782  -0.006258  -0.000818  0.999980  0.999905  0.013468  -0.002945  -0.013465  0.999909  0.001169  0.002960  -0.001129  0.999995  1.000000  0.000116  0.000127  -0.000116  1.000000  0.000014  -0.000127  -0.000014  1.000000  0.999964  0.005674  0.006263  -0.005679  0.999984  0.000782  -0.006258  -0.000818  0.999980  0.000139  0.013835  
43.019497 0.002620  0.092784  -0.006643  0.994690  0.098366  -0.030254  -0.097374  0.994711  0.032695  0.033310  -0.029576  0.999007  0.001393  -0.003438  -0.004085  0.057848  0.117668  0.559381  2.000000  0.999958  0.006138  0.006779  -0.006144  0.999981  0.000837  -0.006773  -0.000879  0.999977  0.999903  0.013670  -0.002805  -0.013667  0.999906  0.001178  0.002821  -0.001139  0.999995  1.000000  0.000116  0.000130  -0.000116  1.000000  0.000014  -0.000130  -0.000014  1.000000  0.999958  0.006138  0.006779  -0.006144  0.999981  0.000837  -0.006773  -0.000879  0.999977  0.000146  0.014003  
43.020750 0.002621  0.092780  -0.006646  0.994626  0.098985  -0.030366  -0.097988  0.994649  0.032727  0.033443  -0.029576  0.999003  0.001413  -0.003508  -0.003949  0.058812  0.122766  0.578106  2.000000  0.999950  0.006710  0.007414  -0.006716  0.999977  0.000899  -0.007408  -0.000949  0.999972  0.999908  0.013259  -0.002817  -0.013256  0.999912  0.001045  0.002831  -0.001007  0.999995  1.000000  0.000113  0.000126  -0.000113  1.000000  0.000013  -0.000126  -0.000013  1.000000  0.999950  0.006710  0.007414  -0.006716  0.999977  0.000899  -0.007408  -0.000949  0.999972  0.000148  0.013594  
43.021994 0.002622  0.092776  -0.006649  0.994581  0.099394  -0.030498  -0.098397  0.994612  0.032632  0.033577  -0.029454  0.999002  0.001403  -0.003557  -0.003772  0.050718  0.122733  0.577946  2.000000  0.999943  0.007159  0.007914  -0.007167  0.999974  0.000942  -0.007907  -0.000999  0.999968  0.999911  0.013052  -0.002825  -0.013050  0.999914  0.000918  0.002837  -0.000881  0.999996  1.000000  0.000112  0.000124  -0.000112  1.000000  0.000011  -0.000124  -0.000011  1.000000  0.999943  0.007159  0.007914  -0.007167  0.999974  0.000942  -0.007907  -0.000999  0.999968  0.000148  0.013385  
43.023248 0.002623  0.092773  -0.006651  0.994540  0.099804  -0.030485  -0.098806  0.994571  0.032645  0.033577  -0.029454  0.999002  0.001378  -0.003646  -0.003646  0.050709  0.122711  0.577843  2.000000  0.999934  0.007706  0.008522  -0.007715  0.999970  0.000993  -0.008514  -0.001059  0.999963  0.999916  0.012637  -0.002703  -0.012635  0.999920  0.000905  0.002715  -0.000870  0.999996  1.000000  0.000108  0.000120  -0.000108  1.000000  0.000011  -0.000120  -0.000011  1.000000  0.999934  0.007706  0.008522  -0.007715  0.999970  0.000993  -0.008514  -0.001059  0.999963  0.000146  0.012954  
43.024501 0.002623  0.092769  -0.006654  0.994520  0.100005  -0.030490  -0.099011  0.994554  0.032530  0.033577  -0.029333  0.999006  0.001267  -0.003688  -0.003551  0.042028  0.117447  0.566125  2.000000  0.999925  0.008230  0.009114  -0.008240  0.999966  0.001039  -0.009105  -0.001114  0.999958  0.999922  0.012218  -0.002450  -0.012216  0.999925  0.000770  0.002459  -0.000740  0.999997  1.000000  0.000103  0.000117  -0.000103  1.000000  0.000009  -0.000117  -0.000009  1.000000  0.999925  0.008230  0.009114  -0.008240  0.999966  0.001039  -0.009105  -0.001114  0.999958  0.000148  0.012484  
43.025510 0.002622  0.092765  -0.006655  0.994474  0.100418  -0.030610  -0.099420  0.994513  0.032556  0.033711  -0.029333  0.999001  0.001097  -0.003710  -0.003462  0.038541  0.122632  0.577641  2.000000  0.999919  0.008532  0.009457  -0.008542  0.999963  0.001064  -0.009447  -0.001145  0.999955  0.999928  0.011802  -0.002328  -0.011800  0.999930  0.000756  0.002337  -0.000728  0.999997  1.000000  0.000099  0.000113  -0.000099  1.000000  0.000009  -0.000113  -0.000009  1.000000  0.999919  0.008532  0.009457  -0.008542  0.999963  0.001064  -0.009447  -0.001145  0.999955  0.000147  0.012053  
43.026747 0.002620  0.092761  -0.006658  0.994454  0.100619  -0.030615  -0.099625  0.994496  0.032442  0.033711  -0.029212  0.999005  0.000821  -0.003745  -0.003372  0.034016  0.117444  0.566111  2.000000  0.999911  0.008922  0.009892  -0.008933  0.999959  0.001094  -0.009882  -0.001182  0.999950  0.999935  0.011185  -0.002348  -0.011183  0.999937  0.000616  0.002355  -0.000589  0.999997  1.000000  0.000095  0.000106  -0.000095  1.000000  0.000008  -0.000106  -0.000008  1.000000  0.999911  0.008922  0.009892  -0.008933  0.999959  0.001094  -0.009882  -0.001182  0.999950  0.000147  0.011445  
43.027749 0.002618  0.092756  -0.006661  0.994433  0.100824  -0.030608  -0.099830  0.994475  0.032448  0.033711  -0.029212  0.999005  0.000522  -0.003778  -0.003281  0.029635  0.109994  0.549798  2.000000  0.999904  0.009285  0.010304  -0.009297  0.999956  0.001120  -0.010294  -0.001215  0.999946  0.999942  0.010560  -0.002099  -0.010559  0.999944  0.000595  0.002105  -0.000573  0.999998  1.000000  0.000089  0.000101  -0.000089  1.000000  0.000007  -0.000101  -0.000007  1.000000  0.999904  0.009285  0.010304  -0.009297  0.999956  0.001120  -0.010294  -0.001215  0.999946  0.000142  0.010783  
43.028996 0.002614  0.092752  -0.006664  0.994433  0.100820  -0.030621  -0.099830  0.994479  0.032327  0.033711  -0.029091  0.999008  0.000188  -0.003723  -0.003109  0.020685  0.105234  0.524603  2.000000  0.999895  0.009707  0.010793  -0.009720  0.999952  0.001145  -0.010781  -0.001249  0.999941  0.999951  0.009729  -0.001857  -0.009729  0.999953  0.000325  0.001860  -0.000307  0.999998  1.000000  0.000081  0.000094  -0.000081  1.000000  0.000004  -0.000094  -0.000004  1.000000  0.999895  0.009707  0.010793  -0.009720  0.999952  0.001145  -0.010781  -0.001249  0.999941  0.000136  0.009910  
43.030250 0.002611  0.092747  -0.006667  0.994413  0.101025  -0.030614  -0.100034  0.994458  0.032334  0.033711  -0.029091  0.999008  -0.000140  -0.003634  -0.002848  0.020255  0.097688  0.507787  2.000000  0.999888  0.010018  0.011159  -0.010032  0.999949  0.001156  -0.011147  -0.001268  0.999937  0.999955  0.009310  -0.001601  -0.009309  0.999957  0.000311  0.001604  -0.000296  0.999999  1.000000  0.000076  0.000091  -0.000076  1.000000  0.000004  -0.000091  -0.000004  1.000000  0.999888  0.010018  0.011159  -0.010032  0.999949  0.001156  -0.011147  -0.001268  0.999937  0.000130  0.009452  
43.031501 0.002607  0.092743  -0.006668  0.994392  0.101226  -0.030620  -0.100239  0.994442  0.032219  0.033711  -0.028969  0.999012  -0.000553  -0.003518  -0.002526  0.015550  0.093842  0.486998  2.000000  0.999879  0.010382  0.011598  -0.010396  0.999945  0.001169  -0.011585  -0.001289  0.999932  0.999961  0.008689  -0.001487  -0.008689  0.999962  0.000169  0.001488  -0.000156  0.999999  1.000000  0.000070  0.000085  -0.000070  1.000000  0.000002  -0.000085  -0.000002  1.000000  0.999879  0.010382  0.011598  -0.010396  0.999945  0.001169  -0.011585  -0.001289  0.999932  0.000124  0.008817  
43.032746 0.002602  0.092739  -0.006671  0.994371  0.101431  -0.030613  -0.100444  0.994421  0.032226  0.033711  -0.028969  0.999012  -0.000994  -0.003456  -0.002316  0.014945  0.085453  0.465993  2.000000  0.999871  0.010710  0.012002  -0.010725  0.999942  0.001168  -0.011989  -0.001296  0.999927  0.999967  0.008064  -0.001237  -0.008064  0.999967  0.000027  0.001238  -0.000017  0.999999  1.000000  0.000064  0.000080  -0.000064  1.000000  0.000000  -0.000080  -0.000000  1.000000  0.999871  0.010710  0.012002  -0.010725  0.999942  0.001168  -0.011989  -0.001296  0.999927  0.000120  0.008158  
43.033752 0.002598  0.092734  -0.006673  0.994371  0.101427  -0.030625  -0.100444  0.994425  0.032105  0.033711  -0.028848  0.999015  -0.001425  -0.003484  -0.002197  0.010004  0.081778  0.438158  2.000000  0.999864  0.010950  0.012299  -0.010965  0.999939  0.001162  -0.012286  -0.001296  0.999924  0.999973  0.007237  -0.001129  -0.007238  0.999974  -0.000243  0.001127  0.000251  0.999999  1.000000  0.000057  0.000071  -0.000057  1.000000  -0.000003  -0.000071  0.000003  1.000000  0.999864  0.010950  0.012299  -0.010965  0.999939  0.001162  -0.012286  -0.001296  0.999924  0.000114  0.007329  
43.034995 0.002592  0.092729  -0.006678  0.994355  0.101628  -0.030486  -0.100649  0.994404  0.032098  0.033577  -0.028848  0.999020  -0.001953  -0.003527  -0.002207  0.009267  0.072861  0.414158  2.000000  0.999857  0.011206  0.012629  -0.011221  0.999936  0.001141  -0.012615  -0.001283  0.999920  0.999981  0.006197  -0.000757  -0.006197  0.999981  -0.000278  0.000756  0.000283  1.000000  1.000000  0.000047  0.000062  -0.000047  1.000000  -0.000004  -0.000062  0.000004  1.000000  0.999857  0.011206  0.012629  -0.011221  0.999936  0.001141  -0.012615  -0.001283  0.999920  0.000105  0.006250  
43.035998 0.002587  0.092725  -0.006681  0.994355  0.101624  -0.030498  -0.100649  0.994408  0.031977  0.033577  -0.028727  0.999023  -0.002357  -0.003591  -0.002248  0.004424  0.065339  0.389931  2.000000  0.999852  0.011387  0.012873  -0.011402  0.999934  0.001118  -0.012859  -0.001265  0.999917  0.999983  0.005782  -0.000636  -0.005782  0.999983  -0.000535  0.000633  0.000538  1.000000  1.000000  0.000043  0.000059  -0.000043  1.000000  -0.000007  -0.000059  0.000007  1.000000  0.999852  0.011387  0.012873  -0.011402  0.999934  0.001118  -0.012859  -0.001265  0.999917  0.000101  0.005842  
43.037001 0.002581  0.092721  -0.006684  0.994355  0.101624  -0.030498  -0.100649  0.994408  0.031977  0.033577  -0.028727  0.999023  -0.002809  -0.003709  -0.002361  -0.000510  0.057016  0.361368  2.000000  0.999849  0.011512  0.013045  -0.011528  0.999933  0.001096  -0.013031  -0.001246  0.999914  0.999984  0.005572  -0.000509  -0.005573  0.999984  -0.000542  0.000505  0.000544  1.000000  1.000000  0.000040  0.000057  -0.000040  1.000000  -0.000007  -0.000057  0.000007  1.000000  0.999849  0.011512  0.013045  -0.011528  0.999933  0.001096  -0.013031  -0.001246  0.999914  0.000095  0.005622  
43.038249 0.002574  0.092716  -0.006689  0.994339  0.101822  -0.030371  -0.100854  0.994391  0.031849  0.033443  -0.028606  0.999031  -0.003346  -0.003815  -0.002544  -0.005240  0.044159  0.340278  2.000000  0.999846  0.011590  0.013152  -0.011605  0.999932  0.001081  -0.013139  -0.001233  0.999913  0.999988  0.004951  -0.000393  -0.004952  0.999988  -0.000684  0.000390  0.000685  1.000000  1.000000  0.000000  0.000000  0.000000  1.000000  0.000000  0.000000  0.000000  1.000000  0.999846  0.011590  0.013152  -0.011605  0.999932  0.001081  -0.013139  -0.001233  0.999913  0.000087  0.000000  
43.039494 0.002567  0.092711  -0.006694  0.994339  0.101818  -0.030383  -0.100854  0.994395  0.031729  0.033443  -0.028485  0.999035  -0.003728  -0.003833  -0.002701  -0.010203  0.040494  0.312595  2.000000  0.999846  0.011590  0.013152  -0.011605  0.999932  0.001081  -0.013139  -0.001233  0.999913  0.999991  0.004327  -0.000144  -0.004327  0.999990  -0.000826  0.000140  0.000827  1.000000  1.000000  0.000000  0.000000  0.000000  1.000000  0.000000  0.000000  0.000000  1.000000  0.999846  0.011590  0.013152  -0.011605  0.999932  0.001081  -0.013139  -0.001233  0.999913  0.000081  0.000000  
43.040498 0.002561  0.092707  -0.006698  0.994339  0.101818  -0.030383  -0.100854  0.994395  0.031729  0.033443  -0.028485  0.999035  -0.004085  -0.003886  -0.002884  -0.014814  0.036268  0.289247  2.000000  0.999846  0.011590  0.013152  -0.011605  0.999932  0.001081  -0.013139  -0.001233  0.999913  0.999994  0.003500  -0.000034  -0.003500  0.999993  -0.000975  0.000030  0.000975  1.000000  1.000000  0.000000  0.000000  0.000000  1.000000  0.000000  0.000000  0.000000  1.000000  0.999846  0.011590  0.013152  -0.011605  0.999932  0.001081  -0.013139  -0.001233  0.999913  0.000075  0.000000  
43.041752 0.002552  0.092701  -0.006703  0.994339  0.101814  -0.030396  -0.100854  0.994399  0.031608  0.033443  -0.028364  0.999038  -0.004557  -0.003969  -0.003025  -0.024184  0.028569  0.256755  2.000000  0.999846  0.011590  0.013152  -0.011605  0.999932  0.001081  -0.013139  -0.001233  0.999913  0.999995  0.003085  0.000088  -0.003085  0.999995  -0.001110  -0.000091  0.001110  0.999999  1.000000  0.000000  0.000000  0.000000  1.000000  0.000000  0.000000  0.000000  1.000000  0.999846  0.011590  0.013152  -0.011605  0.999932  0.001081  -0.013139  -0.001233  0.999913  0.000067  0.000000  
43.042996 0.002544  0.092696  -0.006708  0.994343  0.101810  -0.030263  -0.100855  0.994399  0.031595  0.033310  -0.028364  0.999043  -0.004868  -0.003969  -0.003048  -0.024670  0.020019  0.233894  2.000000  0.999846  0.011590  0.013152  -0.011605  0.999932  0.001081  -0.013139  -0.001233  0.999913  0.999996  0.002670  0.000210  -0.002670  0.999996  -0.001002  -0.000212  0.001002  0.999999  1.000000  0.000000  0.000000  0.000000  1.000000  0.000000  0.000000  0.000000  1.000000  0.999846  0.011590  0.013152  -0.011605  0.999932  0.001081  -0.013139  -0.001233  0.999913  0.000060  0.000000  
43.043996 0.002538  0.092692  -0.006711  0.994343  0.101807  -0.030275  -0.100855  0.994403  0.031474  0.033310  -0.028243  0.999046  -0.005184  -0.004013  -0.003149  -0.033913  0.011993  0.207923  2.000000  0.999846  0.011590  0.013152  -0.011605  0.999932  0.001081  -0.013139  -0.001233  0.999913  0.999997  0.002255  0.000332  -0.002254  0.999997  -0.001138  -0.000334  0.001137  0.999999  1.000000  0.000000  0.000000  0.000000  1.000000  0.000000  0.000000  0.000000  1.000000  0.999846  0.011590  0.013152  -0.011605  0.999932  0.001081  -0.013139  -0.001233  0.999913  0.000055  0.000000  
43.045000 0.002532  0.092688  -0.006714  0.994343  0.101807  -0.030275  -0.100855  0.994403  0.031474  0.033310  -0.028243  0.999046  -0.005365  -0.004034  -0.003203  -0.034347  0.007895  0.193911  2.000000  0.999846  0.011590  0.013152  -0.011605  0.999932  0.001081  -0.013139  -0.001233  0.999913  0.999998  0.002049  0.000326  -0.002049  0.999997  -0.001144  -0.000328  0.001144  0.999999  1.000000  0.000000  0.000000  0.000000  1.000000  0.000000  0.000000  0.000000  1.000000  0.999846  0.011590  0.013152  -0.011605  0.999932  0.001081  -0.013139  -0.001233  0.999913  0.000051  0.000000  
43.046250 0.002525  0.092683  -0.006717  0.994364  0.101598  -0.030294  -0.100650  0.994428  0.031347  0.033310  -0.028122  0.999049  -0.005569  -0.004051  -0.003316  0.000000  0.000000  0.000000  2.000000  0.999846  0.011590  0.013152  -0.011605  0.999932  0.001081  -0.013139  -0.001233  0.999913  0.999999  0.001638  0.000314  -0.001637  0.999998  -0.001158  -0.000316  0.001158  0.999999  1.000000  0.000000  0.000000  0.000000  1.000000  0.000000  0.000000  0.000000  1.000000  0.999846  0.011590  0.013152  -0.011605  0.999932  0.001081  -0.013139  -0.001233  0.999913  0.000000  0.000000  
43.047498 0.002518  0.092678  -0.006722  0.994364  0.101595  -0.030306  -0.100650  0.994432  0.031227  0.033310  -0.028000  0.999053  -0.005696  -0.004103  -0.003457  0.000000  0.000000  0.000000  2.000000  0.999846  0.011590  0.013152  -0.011605  0.999932  0.001081  -0.013139  -0.001233  0.999913  0.999999  0.001223  0.000436  -0.001222  0.999999  -0.001172  -0.000437  0.001171  0.999999  1.000000  0.000000  0.000000  0.000000  1.000000  0.000000  0.000000  0.000000  1.000000  0.999846  0.011590  0.013152  -0.011605  0.999932  0.001081  -0.013139  -0.001233  0.999913  0.000000  0.000000  
43.048747 0.002511  0.092673  -0.006728  0.994360  0.101595  -0.030451  -0.100649  0.994435  0.031120  0.033443  -0.027879  0.999052  -0.005773  -0.004125  -0.003643  0.000000  0.000000  0.000000  2.000000  0.999846  0.011590  0.013152  -0.011605  0.999932  0.001081  -0.013139  -0.001233  0.999913  0.999999  0.001017  0.000430  -0.001017  0.999999  -0.001300  -0.000431  0.001300  0.999999  1.000000  0.000000  0.000000  0.000000  1.000000  0.000000  0.000000  0.000000  1.000000  0.999846  0.011590  0.013152  -0.011605  0.999932  0.001081  -0.013139  -0.001233  0.999913  0.000000  0.000000  
43.050000 0.002506  0.092667  -0.006735  0.994360  0.101595  -0.030451  -0.100649  0.994435  0.031120  0.033443  -0.027879  0.999052  -0.005744  -0.004154  -0.003833  0.000000  0.000000  0.000000  2.000000  0.999846  0.011590  0.013152  -0.011605  0.999932  0.001081  -0.013139  -0.001233  0.999913  1.000000  0.000815  0.000290  -0.000815  0.999999  -0.001185  -0.000291  0.001185  0.999999  1.000000  0.000000  0.000000  0.000000  1.000000  0.000000  0.000000  0.000000  1.000000  0.999846  0.011590  0.013152  -0.011605  0.999932  0.001081  -0.013139  -0.001233  0.999913  0.000000  0.000000  
43.051248 0.002500  0.092661  -0.006741  0.994360  0.101591  -0.030464  -0.100649  0.994439  0.030999  0.033443  -0.027758  0.999055  -0.005667  -0.004216  -0.003984  0.000000  0.000000  0.000000  2.000000  0.999846  0.011590  0.013152  -0.011605  0.999932  0.001081  -0.013139  -0.001233  0.999913  1.000000  0.000610  0.000285  -0.000609  0.999999  -0.001314  -0.000285  0.001313  0.999999  1.000000  0.000000  0.000000  0.000000  1.000000  0.000000  0.000000  0.000000  1.000000  0.999846  0.011590  0.013152  -0.011605  0.999932  0.001081  -0.013139  -0.001233  0.999913  0.000000  0.000000  
43.052493 0.002496  0.092655  -0.006748  0.994360  0.101587  -0.030476  -0.100649  0.994443  0.030878  0.033443  -0.027637  0.999058  -0.005504  -0.004256  -0.004107  0.000000  0.000000  0.000000  2.000000  0.999846  0.011590  0.013152  -0.011605  0.999932  0.001081  -0.013139  -0.001233  0.999913  1.000000  0.000404  0.000279  -0.000404  0.999999  -0.001320  -0.000279  0.001320  0.999999  1.000000  0.000000  0.000000  0.000000  1.000000  0.000000  0.000000  0.000000  1.000000  0.999846  0.011590  0.013152  -0.011605  0.999932  0.001081  -0.013139  -0.001233  0.999913  0.000000  0.000000  
43.053495 0.002493  0.092651  -0.006753  0.994360  0.101587  -0.030476  -0.100649  0.994443  0.030878  0.033443  -0.027637  0.999058  -0.005309  -0.004284  -0.004210  0.000000  0.000000  0.000000  2.000000  0.999846  0.011590  0.013152  -0.011605  0.999932  0.001081  -0.013139  -0.001233  0.999913  1.000000  0.000198  0.000273  -0.000198  0.999999  -0.001327  -0.000273  0.001327  0.999999  1.000000  0.000000  0.000000  0.000000  1.000000  0.000000  0.000000  0.000000  1.000000  0.999846  0.011590  0.013152  -0.011605  0.999932  0.001081  -0.013139  -0.001233  0.999913  0.000000  0.000000  
43.054496 0.002490  0.092646  -0.006758  0.994360  0.101584  -0.030488  -0.100649  0.994446  0.030758  0.033443  -0.027516  0.999062  -0.005093  -0.004350  -0.004308  0.000000  0.000000  0.000000  2.000000  0.999846  0.011590  0.013152  -0.011605  0.999932  0.001081  -0.013139  -0.001233  0.999913  1.000000  0.000198  0.000273  -0.000198  0.999999  -0.001206  -0.000273  0.001206  0.999999  1.000000  0.000000  0.000000  0.000000  1.000000  0.000000  0.000000  0.000000  1.000000  0.999846  0.011590  0.013152  -0.011605  0.999932  0.001081  -0.013139  -0.001233  0.999913  0.000000  0.000000  
43.055750 0.002488  0.092639  -0.006765  0.994360  0.101584  -0.030488  -0.100649  0.994446  0.030758  0.033443  -0.027516  0.999062  -0.004725  -0.004419  -0.004407  0.000000  0.000000  0.000000  2.000000  0.999846  0.011590  0.013152  -0.011605  0.999932  0.001081  -0.013139  -0.001233  0.999913  1.000000  0.000202  0.000139  -0.000202  0.999999  -0.001327  -0.000140  0.001327  0.999999  1.000000  0.000000  0.000000  0.000000  1.000000  0.000000  0.000000  0.000000  1.000000  0.999846  0.011590  0.013152  -0.011605  0.999932  0.001081  -0.013139  -0.001233  0.999913  0.000000  0.000000  
43.056995 0.002486  0.092633  -0.006773  0.994360  0.101584  -0.030488  -0.100649  0.994446  0.030758  0.033443  -0.027516  0.999062  -0.004293  -0.004475  -0.004590  0.000000  0.000000  0.000000  2.000000  0.999846  0.011590  0.013152  -0.011605  0.999932  0.001081  -0.013139  -0.001233  0.999913  1.000000  -0.000004  0.000134  0.000004  0.999999  -0.001213  -0.000134  0.001213  0.999999  1.000000  0.000000  0.000000  0.000000  1.000000  0.000000  0.000000  0.000000  1.000000  0.999846  0.011590  0.013152  -0.011605  0.999932  0.001081  -0.013139  -0.001233  0.999913  0.000000  0.000000  
43.058000 0.002484  0.092628  -0.006779  0.994339  0.101785  -0.030494  -0.100854  0.994429  0.030643  0.033443  -0.027394  0.999065  -0.003935  -0.004478  -0.004751  0.000000  0.000000  0.000000  2.000000  0.999846  0.011590  0.013152  -0.011605  0.999932  0.001081  -0.013139  -0.001233  0.999913  1.000000  -0.000004  0.000134  0.000004  0.999999  -0.001213  -0.000134  0.001213  0.999999  1.000000  0.000000  0.000000  0.000000  1.000000  0.000000  0.000000  0.000000  1.000000  0.999846  0.011590  0.013152  -0.011605  0.999932  0.001081  -0.013139  -0.001233  0.999913  0.000000  0.000000  
43.059248 0.002483  0.092622  -0.006787  0.994339  0.101785  -0.030494  -0.100854  0.994429  0.030643  0.033443  -0.027394  0.999065  -0.003538  -0.004594  -0.005042  0.000000  0.000000  0.000000  2.000000  0.999846  0.011590  0.013152  -0.011605  0.999932  0.001081  -0.013139  -0.001233  0.999913  1.000000  0.000000  0.000000  -0.000000  0.999999  -0.001213  0.000000  0.001213  0.999999  1.000000  0.000000  0.000000  0.000000  1.000000  0.000000  0.000000  0.000000  1.000000  0.999846  0.011590  0.013152  -0.011605  0.999932  0.001081  -0.013139  -0.001233  0.999913  0.000000  0.000000  
43.060254 0.002482  0.092617  -0.006793  0.994339  0.101785  -0.030494  -0.100854  0.994429  0.030643  0.033443  -0.027394  0.999065  -0.003228  -0.004654  -0.005275  0.000000  0.000000  0.000000  2.000000  0.999846  0.011590  0.013152  -0.011605  0.999932  0.001081  -0.013139  -0.001233  0.999913  1.000000  0.000000  0.000000  -0.000000  0.999999  -0.001092  0.000000  0.001092  0.999999  1.000000  0.000000  0.000000  0.000000  1.000000  0.000000  0.000000  0.000000  1.000000  0.999846  0.011590  0.013152  -0.011605  0.999932  0.001081  -0.013139  -0.001233  0.999913  0.000000  0.000000  
43.061493 0.002480  0.092611  -0.006801  0.994334  0.101788  -0.030627  -0.100854  0.994429  0.030657  0.033577  -0.027394  0.999061  -0.002887  -0.004757  -0.005553  0.000000  0.000000  0.000000  2.000000  0.999846  0.011590  0.013152  -0.011605  0.999932  0.001081  -0.013139  -0.001233  0.999913  1.000000  0.000004  -0.000134  -0.000004  0.999999  -0.001092  0.000134  0.001092  0.999999  1.000000  0.000000  0.000000  0.000000  1.000000  0.000000  0.000000  0.000000  1.000000  0.999846  0.011590  0.013152  -0.011605  0.999932  0.001081  -0.013139  -0.001233  0.999913  0.000000  0.000000  
43.062497 0.002480  0.092607  -0.006808  0.994314  0.101993  -0.030621  -0.101058  0.994408  0.030663  0.033577  -0.027394  0.999061  -0.002518  -0.004756  -0.005734  0.000000  0.000000  0.000000  2.000000  0.999846  0.011590  0.013152  -0.011605  0.999932  0.001081  -0.013139  -0.001233  0.999913  1.000000  0.000004  -0.000134  -0.000004  1.000000  -0.000970  0.000134  0.000970  1.000000  1.000000  0.000000  0.000000  0.000000  1.000000  0.000000  0.000000  0.000000  1.000000  0.999846  0.011590  0.013152  -0.011605  0.999932  0.001081  -0.013139  -0.001233  0.999913  0.000000  0.000000  
43.063498 0.002480  0.092603  -0.006814  0.994314  0.101993  -0.030621  -0.101058  0.994408  0.030663  0.033577  -0.027394  0.999061  -0.002164  -0.004750  -0.005799  0.000000  0.000000  0.000000  2.000000  0.999846  0.011590  0.013152  -0.011605  0.999932  0.001081  -0.013139  -0.001233  0.999913  1.000000  0.000209  -0.000128  -0.000209  1.000000  -0.000963  0.000128  0.000963  1.000000  1.000000  0.000000  0.000000  0.000000  1.000000  0.000000  0.000000  0.000000  1.000000  0.999846  0.011590  0.013152  -0.011605  0.999932  0.001081  -0.013139  -0.001233  0.999913  0.000000  0.000000  
43.064746 0.002479  0.092598  -0.006821  0.994309  0.101997  -0.030754  -0.101058  0.994407  0.030677  0.033711  -0.027394  0.999056  -0.001786  -0.004695  -0.005824  0.000000  0.000000  0.000000  2.000000  0.999846  0.011590  0.013152  -0.011605  0.999932  0.001081  -0.013139  -0.001233  0.999913  1.000000  0.000213  -0.000262  -0.000213  1.000000  -0.000842  0.000262  0.000842  1.000000  1.000000  0.000000  0.000000  0.000000  1.000000  0.000000  0.000000  0.000000  1.000000  0.999846  0.011590  0.013152  -0.011605  0.999932  0.001081  -0.013139  -0.001233  0.999913  0.000000  0.000000  
