1-Time 2-Px 3-Py 4-Pz 5-R11 6-R21 7-R31 8-R12 9-R22 10-R32 11-R13 12-R23 13-R33 14-Vx 15-Vy 16-Vz 17-Wx 18-Wy 19-Wz 20-state 21-PR11 22-PR21 23-PR31 24-PR12 25-PR22 26-PR32 27-PR13 28-PR23 29-PR33 
45.863851 0.001983  0.091189  -0.005835  0.992214  0.124228  -0.008841  -0.123396  0.990212  0.065228  0.016858  -0.063629  0.997831  -0.000076  -0.000006  -0.000059  0.000000  0.000000  0.000000  2.000000  1.000000  0.000000  0.000000  0.000000  1.000000  0.000000  0.000000  0.000000  1.000000  1.000000  -0.000000  0.000000  -0.000000  1.000000  0.000000  -0.000000  0.000000  1.000000  1.000000  0.000000  0.000000  0.000000  1.000000  0.000000  0.000000  0.000000  1.000000  0.663456  0.426890  0.614484  -0.444229  0.885592  -0.135600  -0.602068  -0.183007  0.777189  0.000000  0.000000  
45.864855 0.001983  0.091189  -0.005835  0.992214  0.124228  -0.008841  -0.123396  0.990212  0.065228  0.016858  -0.063629  0.997831  -0.000076  -0.000006  -0.000059  0.000000  0.000000  0.000000  2.000000  1.000000  0.000000  0.000000  0.000000  1.000000  0.000000  0.000000  0.000000  1.000000  1.000000  -0.000000  0.000000  -0.000000  1.000000  0.000000  -0.000000  0.000000  1.000000  1.000000  0.000000  0.000000  0.000000  1.000000  0.000000  0.000000  0.000000  1.000000  1.000000  0.000000  0.000000  0.000000  1.000000  0.000000  0.000000  0.000000  1.000000  0.000000  0.000000  
45.865864 0.001982  0.091188  -0.005836  0.992138  0.124840  -0.008786  -0.124008  0.990127  0.065353  0.016858  -0.063750  0.997824  -0.000097  -0.000112  -0.000145  0.000000  0.000000  0.000000  2.000000  1.000000  0.000000  0.000000  0.000000  1.000000  0.000000  0.000000  0.000000  1.000000  1.000000  0.000411  0.000026  -0.000411  1.000000  0.000007  -0.000026  -0.000007  1.000000  1.000000  0.000000  0.000000  0.000000  1.000000  0.000000  0.000000  0.000000  1.000000  1.000000  0.000000  0.000000  0.000000  1.000000  0.000000  0.000000  0.000000  1.000000  0.000000  0.000000  
45.867109 0.001981  0.091185  -0.005837  0.992036  0.125656  -0.008717  -0.124825  0.990016  0.065481  0.016858  -0.063871  0.997816  -0.000162  -0.000358  -0.000197  0.000000  0.000000  0.000000  2.000000  1.000000  0.000000  0.000000  0.000000  1.000000  0.000000  0.000000  0.000000  1.000000  0.999999  0.001233  0.000079  -0.001233  0.999999  0.000142  -0.000079  -0.000142  1.000000  1.000000  0.000000  0.000000  0.000000  1.000000  0.000000  0.000000  0.000000  1.000000  1.000000  0.000000  0.000000  0.000000  1.000000  0.000000  0.000000  0.000000  1.000000  0.000000  0.000000  
45.868109 0.001981  0.091182  -0.005838  0.991958  0.126269  -0.008661  -0.125438  0.989930  0.065606  0.016858  -0.063992  0.997808  -0.000191  -0.000559  -0.000273  0.000000  0.000000  0.000000  2.000000  1.000000  0.000000  0.000000  0.000000  1.000000  0.000000  0.000000  0.000000  1.000000  0.999998  0.002054  0.000132  -0.002054  0.999998  0.000398  -0.000131  -0.000399  1.000000  1.000000  0.000000  0.000000  0.000000  1.000000  0.000000  0.000000  0.000000  1.000000  1.000000  0.000000  0.000000  0.000000  1.000000  0.000000  0.000000  0.000000  1.000000  0.000000  0.000000  
45.869359 0.001980  0.091178  -0.005839  0.991881  0.126882  -0.008590  -0.126051  0.989836  0.065851  0.016858  -0.064234  0.997792  -0.000205  -0.000805  -0.000329  0.000000  0.000000  0.000000  2.000000  1.000000  0.000000  0.000000  0.000000  1.000000  0.000000  0.000000  0.000000  1.000000  0.999997  0.002465  0.000159  -0.002465  0.999997  0.000648  -0.000157  -0.000648  1.000000  1.000000  0.000000  0.000000  0.000000  1.000000  0.000000  0.000000  0.000000  1.000000  1.000000  0.000000  0.000000  0.000000  1.000000  0.000000  0.000000  0.000000  1.000000  0.000000  0.000000  
45.870359 0.001980  0.091175  -0.005839  0.991826  0.127301  -0.008664  -0.126459  0.989766  0.066112  0.016992  -0.064476  0.997775  -0.000208  -0.000999  -0.000342  0.000000  0.000000  0.000000  2.000000  1.000000  0.000000  0.000000  0.000000  1.000000  0.000000  0.000000  0.000000  1.000000  0.999996  0.002876  0.000186  -0.002876  0.999996  0.000776  -0.000183  -0.000777  1.000000  1.000000  0.000000  0.000000  0.000000  1.000000  0.000000  0.000000  0.000000  1.000000  1.000000  0.000000  0.000000  0.000000  1.000000  0.000000  0.000000  0.000000  1.000000  0.000000  0.000000  
45.871606 0.001980  0.091172  -0.005838  0.991691  0.128339  -0.008830  -0.127479  0.989617  0.066395  0.017259  -0.064718  0.997754  -0.000231  -0.001209  -0.000277  0.000000  0.000000  0.000000  2.000000  1.000000  0.000000  0.000000  0.000000  1.000000  0.000000  0.000000  0.000000  1.000000  0.999992  0.003920  -0.000014  -0.003920  0.999992  0.001037  0.000018  -0.001037  0.999999  1.000000  0.000000  0.000000  0.000000  1.000000  0.000000  0.000000  0.000000  1.000000  1.000000  0.000000  0.000000  0.000000  1.000000  0.000000  0.000000  0.000000  1.000000  0.000000  0.000000  
45.872607 0.001979  0.091170  -0.005838  0.991583  0.129163  -0.008892  -0.128295  0.989501  0.066539  0.017393  -0.064839  0.997744  -0.000262  -0.001354  -0.000276  0.000000  0.000000  0.000000  2.000000  1.000000  0.000000  0.000000  0.000000  1.000000  0.000000  0.000000  0.000000  1.000000  0.999989  0.004759  -0.000227  -0.004759  0.999988  0.001295  0.000233  -0.001294  0.999999  1.000000  0.000000  0.000000  0.000000  1.000000  0.000000  0.000000  0.000000  1.000000  1.000000  0.000000  0.000000  0.000000  1.000000  0.000000  0.000000  0.000000  1.000000  0.000000  0.000000  
45.873862 0.001979  0.091168  -0.005838  0.991393  0.130608  -0.009029  -0.129723  0.989296  0.066827  0.017661  -0.065080  0.997724  -0.000268  -0.001491  -0.000212  0.052607  0.013118  0.215691  2.000000  1.000000  0.000287  -0.000018  -0.000287  1.000000  0.000072  0.000018  -0.000072  1.000000  0.999981  0.006214  -0.000399  -0.006214  0.999979  0.001563  0.000409  -0.001561  0.999999  1.000000  0.000078  -0.000005  -0.000078  1.000000  0.000020  0.000005  -0.000020  1.000000  1.000000  0.000287  -0.000018  -0.000287  1.000000  0.000072  0.000018  -0.000072  1.000000  0.000054  0.006420  
45.875105 0.001979  0.091165  -0.005839  0.991203  0.132045  -0.009033  -0.131152  0.989089  0.067097  0.017794  -0.065322  0.997706  -0.000274  -0.001643  -0.000279  0.061624  0.014459  0.264351  2.000000  1.000000  0.000727  -0.000045  -0.000727  1.000000  0.000175  0.000045  -0.000175  1.000000  0.999971  0.007661  -0.000437  -0.007660  0.999969  0.001711  0.000451  -0.001707  0.999998  1.000000  0.000096  -0.000006  -0.000096  1.000000  0.000021  0.000006  -0.000021  1.000000  1.000000  0.000727  -0.000045  -0.000727  1.000000  0.000175  0.000045  -0.000175  1.000000  0.000066  0.007861  
45.876106 0.001979  0.091164  -0.005839  0.991065  0.133073  -0.009080  -0.132172  0.988943  0.067244  0.017928  -0.065443  0.997695  -0.000231  -0.001739  -0.000272  0.066332  0.016700  0.299211  2.000000  0.999999  0.001142  -0.000069  -0.001141  0.999999  0.000268  0.000069  -0.000268  1.000000  0.999962  0.008697  -0.000502  -0.008696  0.999960  0.001972  0.000519  -0.001968  0.999998  1.000000  0.000109  -0.000006  -0.000109  1.000000  0.000025  0.000006  -0.000025  1.000000  0.999999  0.001142  -0.000069  -0.001141  0.999999  0.000268  0.000069  -0.000268  1.000000  0.000075  0.008931  
45.877108 0.001980  0.091164  -0.005838  0.990901  0.134295  -0.008981  -0.133396  0.988770  0.067375  0.017928  -0.065564  0.997687  -0.000186  -0.001758  -0.000233  0.071115  0.013997  0.340565  2.000000  0.999999  0.001610  -0.000092  -0.001610  0.999999  0.000370  0.000092  -0.000370  1.000000  0.999953  0.009724  -0.000433  -0.009723  0.999951  0.002111  0.000453  -0.002107  0.999998  1.000000  0.000122  -0.000006  -0.000122  1.000000  0.000026  0.000006  -0.000026  1.000000  0.999999  0.001610  -0.000092  -0.001610  0.999999  0.000370  0.000092  -0.000370  1.000000  0.000084  0.009959  
45.878356 0.001982  0.091164  -0.005835  0.990705  0.135731  -0.008983  -0.134823  0.988558  0.067646  0.018062  -0.065806  0.997669  -0.000065  -0.001758  -0.000004  0.080142  0.015310  0.389205  2.000000  0.999997  0.002279  -0.000120  -0.002279  0.999997  0.000511  0.000121  -0.000511  1.000000  0.999935  0.011376  -0.000455  -0.011375  0.999932  0.002384  0.000482  -0.002378  0.999997  1.000000  0.000142  -0.000006  -0.000142  1.000000  0.000030  0.000006  -0.000030  1.000000  0.999997  0.002279  -0.000120  -0.002279  0.999997  0.000511  0.000121  -0.000511  1.000000  0.000098  0.011631  
45.879359 0.001983  0.091163  -0.005833  0.990507  0.137165  -0.009001  -0.136250  0.988352  0.067797  0.018196  -0.065927  0.997659  0.000008  -0.001815  0.000153  0.085077  0.016633  0.437740  2.000000  0.999996  0.002737  -0.000139  -0.002737  0.999996  0.000602  0.000141  -0.000602  1.000000  0.999920  0.012617  -0.000506  -0.012616  0.999917  0.002528  0.000538  -0.002521  0.999997  1.000000  0.000158  -0.000007  -0.000158  1.000000  0.000032  0.000007  -0.000032  1.000000  0.999996  0.002737  -0.000139  -0.002737  0.999996  0.000602  0.000141  -0.000602  1.000000  0.000108  0.012877  
45.880360 0.001984  0.091161  -0.005832  0.990308  0.138599  -0.009019  -0.137677  0.988144  0.067948  0.018329  -0.066048  0.997648  0.000130  -0.001828  0.000251  0.090035  0.017953  0.486351  2.000000  0.999994  0.003414  -0.000165  -0.003414  0.999994  0.000733  0.000167  -0.000732  1.000000  0.999901  0.014063  -0.000542  -0.014062  0.999898  0.002676  0.000580  -0.002668  0.999996  1.000000  0.000176  -0.000007  -0.000176  1.000000  0.000033  0.000007  -0.000033  1.000000  0.999994  0.003414  -0.000165  -0.003414  0.999994  0.000733  0.000167  -0.000732  1.000000  0.000120  0.014326  
45.881363 0.001985  0.091159  -0.005831  0.990132  0.139839  -0.009165  -0.138900  0.987953  0.068236  0.018597  -0.066289  0.997627  0.000239  -0.001838  0.000383  0.098980  0.024169  0.528313  2.000000  0.999991  0.004162  -0.000196  -0.004161  0.999991  0.000873  0.000200  -0.000872  1.000000  0.999879  0.015519  -0.000710  -0.015517  0.999875  0.002948  0.000755  -0.002936  0.999995  1.000000  0.000194  -0.000009  -0.000194  1.000000  0.000037  0.000009  -0.000037  1.000000  0.999991  0.004162  -0.000196  -0.004161  0.999991  0.000873  0.000200  -0.000872  1.000000  0.000133  0.015812  
45.882610 0.001986  0.091155  -0.005830  0.989897  0.141486  -0.009283  -0.140530  0.987702  0.068528  0.018864  -0.066531  0.997606  0.000393  -0.001867  0.000555  0.108190  0.029475  0.584119  2.000000  0.999987  0.005188  -0.000244  -0.005188  0.999986  0.001064  0.000250  -0.001063  0.999999  0.999852  0.017180  -0.000863  -0.017177  0.999847  0.003224  0.000918  -0.003208  0.999994  1.000000  0.000215  -0.000011  -0.000215  1.000000  0.000040  0.000011  -0.000040  1.000000  0.999987  0.005188  -0.000244  -0.005188  0.999986  0.001064  0.000250  -0.001063  0.999999  0.000147  0.017500  
45.883859 0.001988  0.091150  -0.005828  0.989659  0.143134  -0.009382  -0.142159  0.987440  0.068940  0.019132  -0.066894  0.997577  0.000535  -0.001894  0.000761  0.121488  0.034729  0.639911  2.000000  0.999980  0.006319  -0.000303  -0.006319  0.999979  0.001276  0.000311  -0.001274  0.999999  0.999822  0.018840  -0.001015  -0.018837  0.999816  0.003500  0.001081  -0.003481  0.999993  1.000000  0.000235  -0.000013  -0.000235  1.000000  0.000044  0.000013  -0.000044  1.000000  0.999980  0.006319  -0.000303  -0.006319  0.999979  0.001276  0.000311  -0.001274  0.999999  0.000161  0.019189  
45.885110 0.001991  0.091145  -0.005826  0.989389  0.144984  -0.009466  -0.143992  0.987145  0.069355  0.019400  -0.067256  0.997547  0.000709  -0.002069  0.000929  0.134922  0.039508  0.702587  2.000000  0.999971  0.007556  -0.000371  -0.007556  0.999970  0.001511  0.000383  -0.001508  0.999999  0.999789  0.020501  -0.001164  -0.020497  0.999782  0.003899  0.001244  -0.003874  0.999992  1.000000  0.000256  -0.000015  -0.000256  1.000000  0.000049  0.000015  -0.000049  1.000000  0.999971  0.007556  -0.000371  -0.007556  0.999970  0.001511  0.000383  -0.001508  0.999999  0.000176  0.020900  
45.886358 0.001994  0.091138  -0.005824  0.989148  0.146622  -0.009430  -0.145621  0.986879  0.069749  0.019533  -0.067619  0.997520  0.000971  -0.002330  0.000960  0.148213  0.040237  0.758162  2.000000  0.999960  0.008889  -0.000446  -0.008889  0.999959  0.001769  0.000462  -0.001765  0.999998  0.999763  0.021743  -0.001206  -0.021738  0.999755  0.004167  0.001297  -0.004139  0.999991  1.000000  0.000272  -0.000016  -0.000272  1.000000  0.000052  0.000016  -0.000052  1.000000  0.999960  0.008889  -0.000446  -0.008889  0.999959  0.001769  0.000462  -0.001765  0.999998  0.000192  0.022170  
45.887609 0.001998  0.091130  -0.005824  0.988871  0.148472  -0.009511  -0.147452  0.986577  0.070165  0.019801  -0.067982  0.997490  0.001236  -0.002690  0.000968  0.161707  0.044981  0.821004  2.000000  0.999950  0.010010  -0.000511  -0.010009  0.999948  0.001993  0.000531  -0.001988  0.999998  0.999739  0.022788  -0.001392  -0.022781  0.999730  0.004676  0.001498  -0.004643  0.999988  1.000000  0.000285  -0.000018  -0.000285  1.000000  0.000058  0.000018  -0.000058  1.000000  0.999950  0.010010  -0.000511  -0.010009  0.999948  0.001993  0.000531  -0.001988  0.999998  0.000206  0.023303  
45.888857 0.002002  0.091122  -0.005824  0.988652  0.149915  -0.009619  -0.148877  0.986334  0.070577  0.020068  -0.068344  0.997460  0.001506  -0.003050  0.000946  0.174919  0.050602  0.869827  2.000000  0.999934  0.011461  -0.000601  -0.011459  0.999932  0.002286  0.000627  -0.002279  0.999997  0.999720  0.023619  -0.001461  -0.023612  0.999710  0.004816  0.001574  -0.004780  0.999987  1.000000  0.000295  -0.000019  -0.000295  1.000000  0.000060  0.000019  -0.000060  1.000000  0.999934  0.011461  -0.000601  -0.011459  0.999932  0.002286  0.000627  -0.002279  0.999997  0.000220  0.024148  
45.890106 0.002005  0.091112  -0.005824  0.988434  0.151349  -0.009594  -0.150301  0.986090  0.070970  0.020202  -0.068707  0.997432  0.001789  -0.003558  0.000980  0.188105  0.051727  0.918465  2.000000  0.999916  0.012963  -0.000700  -0.012961  0.999913  0.002588  0.000734  -0.002579  0.999996  0.999699  0.024459  -0.001662  -0.024450  0.999689  0.004958  0.001783  -0.004916  0.999986  1.000000  0.000306  -0.000022  -0.000306  1.000000  0.000062  0.000022  -0.000062  1.000000  0.999916  0.012963  -0.000700  -0.012961  0.999913  0.002588  0.000734  -0.002579  0.999996  0.000233  0.025010  
45.891357 0.002009  0.091103  -0.005825  0.988211  0.152791  -0.009700  -0.151724  0.985842  0.071383  0.020470  -0.069070  0.997402  0.002007  -0.004095  0.000916  0.201346  0.057315  0.967329  2.000000  0.999894  0.014520  -0.000803  -0.014518  0.999890  0.002898  0.000845  -0.002887  0.999995  0.999684  0.025075  -0.001613  -0.025067  0.999673  0.004973  0.001737  -0.004931  0.999986  1.000000  0.000313  -0.000021  -0.000313  1.000000  0.000062  0.000021  -0.000062  1.000000  0.999894  0.014520  -0.000803  -0.014518  0.999890  0.002898  0.000845  -0.002887  0.999995  0.000246  0.025613  
45.892362 0.002014  0.091096  -0.005825  0.988051  0.153817  -0.009721  -0.152741  0.985665  0.071653  0.020604  -0.069312  0.997382  0.002210  -0.004635  0.000794  0.210211  0.059384  1.002153  2.000000  0.999875  0.015779  -0.000879  -0.015776  0.999871  0.003151  0.000929  -0.003136  0.999995  0.999680  0.025272  -0.001456  -0.025264  0.999668  0.005101  0.001585  -0.005063  0.999986  1.000000  0.000316  -0.000019  -0.000316  1.000000  0.000064  0.000019  -0.000064  1.000000  0.999875  0.015779  -0.000879  -0.015776  0.999871  0.003151  0.000929  -0.003136  0.999995  0.000255  0.025822  
45.893605 0.002018  0.091086  -0.005825  0.987828  0.155250  -0.009694  -0.154164  0.985415  0.072046  0.020737  -0.069674  0.997354  0.002413  -0.005259  0.000620  0.223454  0.060470  1.050965  2.000000  0.999849  0.017369  -0.000968  -0.017365  0.999843  0.003472  0.001028  -0.003455  0.999994  0.999674  0.025477  -0.001436  -0.025470  0.999663  0.005112  0.001565  -0.005074  0.999986  1.000000  0.000318  -0.000019  -0.000318  1.000000  0.000064  0.000019  -0.000064  1.000000  0.999849  0.017369  -0.000968  -0.017365  0.999843  0.003472  0.001028  -0.003455  0.999994  0.000267  0.026024  
45.894610 0.002022  0.091079  -0.005825  0.987666  0.156276  -0.009713  -0.155181  0.985236  0.072315  0.020871  -0.069916  0.997335  0.002585  -0.005656  0.000515  0.230443  0.062011  1.076973  2.000000  0.999826  0.018640  -0.001037  -0.018636  0.999819  0.003732  0.001106  -0.003712  0.999992  0.999680  0.025272  -0.001444  -0.025264  0.999667  0.005233  0.001576  -0.005195  0.999985  1.000000  0.000316  -0.000019  -0.000316  1.000000  0.000065  0.000019  -0.000065  1.000000  0.999826  0.018640  -0.001037  -0.018636  0.999819  0.003732  0.001106  -0.003712  0.999992  0.000274  0.025848  
45.895868 0.002026  0.091069  -0.005825  0.987468  0.157514  -0.009849  -0.156400  0.985021  0.072608  0.021139  -0.070158  0.997312  0.002795  -0.006087  0.000493  0.236776  0.070356  1.100036  2.000000  0.999801  0.019914  -0.001104  -0.019909  0.999794  0.003996  0.001184  -0.003974  0.999991  0.999674  0.025478  -0.001423  -0.025470  0.999662  0.005240  0.001556  -0.005202  0.999985  1.000000  0.000318  -0.000019  -0.000318  1.000000  0.000065  0.000019  -0.000065  1.000000  0.999801  0.019914  -0.001104  -0.019909  0.999794  0.003996  0.001184  -0.003974  0.999991  0.000282  0.026049  
45.897117 0.002031  0.091060  -0.005824  0.987306  0.158530  -0.009736  -0.157416  0.984841  0.072857  0.021139  -0.070400  0.997295  0.002986  -0.006462  0.000442  0.240982  0.069691  1.106943  2.000000  0.999775  0.021187  -0.001175  -0.021182  0.999767  0.004265  0.001265  -0.004239  0.999990  0.999674  0.025478  -0.001417  -0.025470  0.999661  0.005365  0.001553  -0.005327  0.999985  1.000000  0.000318  -0.000019  -0.000318  1.000000  0.000067  0.000019  -0.000067  1.000000  0.999775  0.021187  -0.001175  -0.021182  0.999767  0.004265  0.001265  -0.004239  0.999990  0.000284  0.026074  
45.898360 0.002035  0.091050  -0.005823  0.987141  0.159554  -0.009774  -0.158432  0.984667  0.073008  0.021272  -0.070520  0.997283  0.003196  -0.006852  0.000368  0.237279  0.073055  1.121229  2.000000  0.999754  0.022143  -0.001229  -0.022137  0.999745  0.004470  0.001328  -0.004442  0.999989  0.999669  0.025693  -0.001530  -0.025684  0.999655  0.005493  0.001670  -0.005452  0.999984  1.000000  0.000321  -0.000020  -0.000321  1.000000  0.000068  0.000020  -0.000068  1.000000  0.999754  0.022143  -0.001229  -0.022137  0.999745  0.004470  0.001328  -0.004442  0.999989  0.000286  0.026317  
45.899364 0.002037  0.091042  -0.005822  0.987007  0.160377  -0.009806  -0.159244  0.984516  0.073276  0.021406  -0.070762  0.997264  0.003241  -0.007125  0.000318  0.241678  0.076398  1.135276  2.000000  0.999725  0.023412  -0.001302  -0.023406  0.999715  0.004747  0.001413  -0.004715  0.999988  0.999679  0.025283  -0.001553  -0.025274  0.999665  0.005610  0.001694  -0.005569  0.999983  1.000000  0.000316  -0.000020  -0.000316  1.000000  0.000070  0.000020  -0.000070  1.000000  0.999725  0.023412  -0.001302  -0.023406  0.999715  0.004747  0.001413  -0.004715  0.999988  0.000289  0.025943  
45.900615 0.002039  0.091030  -0.005820  0.986873  0.161199  -0.009839  -0.160056  0.984364  0.073544  0.021540  -0.071004  0.997243  0.003182  -0.007513  0.000297  0.241854  0.076130  1.135406  2.000000  0.999688  0.024953  -0.001393  -0.024946  0.999676  0.005093  0.001520  -0.005057  0.999986  0.999705  0.024247  -0.001487  -0.024239  0.999691  0.005589  0.001622  -0.005552  0.999983  1.000000  0.000303  -0.000019  -0.000303  1.000000  0.000070  0.000019  -0.000070  1.000000  0.999688  0.024953  -0.001393  -0.024946  0.999676  0.005093  0.001520  -0.005057  0.999986  0.000292  0.024926  
45.901864 0.002041  0.091018  -0.005820  0.986738  0.162022  -0.009870  -0.160868  0.984212  0.073812  0.021674  -0.071245  0.997223  0.003044  -0.007837  0.000297  0.241976  0.067341  1.127696  2.000000  0.999650  0.026428  -0.001484  -0.026419  0.999636  0.005443  0.001627  -0.005402  0.999984  0.999730  0.023212  -0.001421  -0.023204  0.999715  0.005572  0.001550  -0.005538  0.999983  1.000000  0.000290  -0.000019  -0.000290  1.000000  0.000069  0.000019  -0.000069  1.000000  0.999650  0.026428  -0.001484  -0.026419  0.999636  0.005443  0.001627  -0.005402  0.999984  0.000289  0.023912  
45.903113 0.002043  0.091006  -0.005819  0.986635  0.162641  -0.009917  -0.161477  0.984092  0.074079  0.021807  -0.071487  0.997203  0.002910  -0.008118  0.000324  0.241849  0.064014  1.106960  2.000000  0.999619  0.027568  -0.001553  -0.027559  0.999604  0.005724  0.001711  -0.005679  0.999982  0.999744  0.022596  -0.001460  -0.022588  0.999729  0.005684  0.001588  -0.005650  0.999983  1.000000  0.000282  -0.000019  -0.000282  1.000000  0.000071  0.000019  -0.000071  1.000000  0.999619  0.027568  -0.001553  -0.027559  0.999604  0.005724  0.001711  -0.005679  0.999982  0.000286  0.023344  
45.904115 0.002044  0.090996  -0.005818  0.986533  0.163261  -0.009963  -0.162086  0.983972  0.074345  0.021941  -0.071729  0.997183  0.002829  -0.008306  0.000384  0.243780  0.068698  1.084818  2.000000  0.999595  0.028402  -0.001604  -0.028392  0.999579  0.005936  0.001772  -0.005888  0.999981  0.999758  0.021971  -0.001366  -0.021963  0.999743  0.005675  0.001490  -0.005643  0.999983  1.000000  0.000275  -0.000018  -0.000275  1.000000  0.000071  0.000018  -0.000071  1.000000  0.999595  0.028402  -0.001604  -0.028392  0.999579  0.005936  0.001772  -0.005888  0.999981  0.000280  0.022731  
45.905359 0.002046  0.090984  -0.005817  0.986396  0.164083  -0.009994  -0.162898  0.983818  0.074614  0.022075  -0.071971  0.997162  0.002664  -0.008467  0.000504  0.243576  0.069356  1.070805  2.000000  0.999564  0.029493  -0.001669  -0.029482  0.999546  0.006221  0.001852  -0.006169  0.999979  0.999767  0.021561  -0.001390  -0.021553  0.999752  0.005669  0.001512  -0.005638  0.999983  1.000000  0.000269  -0.000018  -0.000269  1.000000  0.000071  0.000018  -0.000071  1.000000  0.999564  0.029493  -0.001669  -0.029482  0.999546  0.006221  0.001852  -0.006169  0.999979  0.000275  0.022335  
45.906605 0.002046  0.090970  -0.005817  0.986295  0.164693  -0.009908  -0.163507  0.983698  0.074858  0.022075  -0.072212  0.997145  0.002363  -0.008754  0.000544  0.244978  0.067568  1.044887  2.000000  0.999524  0.030802  -0.001747  -0.030790  0.999504  0.006574  0.001948  -0.006517  0.999977  0.999788  0.020525  -0.001326  -0.020518  0.999774  0.005529  0.001439  -0.005501  0.999984  1.000000  0.000257  -0.000017  -0.000257  1.000000  0.000069  0.000017  -0.000069  1.000000  0.999524  0.030802  -0.001747  -0.030790  0.999504  0.006574  0.001948  -0.006517  0.999977  0.000269  0.021296  
45.907858 0.002046  0.090956  -0.005819  0.986191  0.165312  -0.009953  -0.164116  0.983576  0.075125  0.022209  -0.072454  0.997124  0.002026  -0.009060  0.000419  0.244425  0.069708  1.010409  2.000000  0.999485  0.032037  -0.001814  -0.032024  0.999463  0.006917  0.002034  -0.006855  0.999974  0.999814  0.019275  -0.001144  -0.019268  0.999800  0.005383  0.001248  -0.005359  0.999985  1.000000  0.000241  -0.000015  -0.000241  1.000000  0.000067  0.000015  -0.000067  1.000000  0.999485  0.032037  -0.001814  -0.032024  0.999463  0.006917  0.002034  -0.006855  0.999974  0.000262  0.020043  
45.909106 0.002046  0.090942  -0.005822  0.986123  0.165720  -0.009882  -0.164522  0.983490  0.075368  0.022209  -0.072696  0.997107  0.001737  -0.009366  0.000204  0.246183  0.066464  0.975261  2.000000  0.999448  0.033183  -0.001883  -0.033169  0.999424  0.007243  0.002123  -0.007177  0.999972  0.999844  0.017623  -0.001129  -0.017617  0.999832  0.004987  0.001216  -0.004966  0.999987  1.000000  0.000220  -0.000015  -0.000220  1.000000  0.000062  0.000015  -0.000062  1.000000  0.999448  0.033183  -0.001883  -0.033169  0.999424  0.007243  0.002123  -0.007177  0.999972  0.000252  0.018348  
45.910107 0.002045  0.090930  -0.005824  0.986056  0.166126  -0.009831  -0.164928  0.983412  0.075491  0.022209  -0.072817  0.997098  0.001492  -0.009647  0.000018  0.247126  0.065724  0.933997  2.000000  0.999419  0.034038  -0.001932  -0.034023  0.999393  0.007495  0.002186  -0.007425  0.999970  0.999858  0.016793  -0.001051  -0.016787  0.999847  0.004969  0.001134  -0.004951  0.999987  1.000000  0.000210  -0.000014  -0.000210  1.000000  0.000062  0.000014  -0.000062  1.000000  0.999419  0.034038  -0.001932  -0.034023  0.999393  0.007495  0.002186  -0.007425  0.999970  0.000245  0.017542  
45.911359 0.002045  0.090917  -0.005827  0.985988  0.166532  -0.009780  -0.165334  0.983335  0.075614  0.022209  -0.072938  0.997089  0.001130  -0.009964  -0.000213  0.240597  0.058024  0.898261  2.000000  0.999390  0.034859  -0.001974  -0.034843  0.999363  0.007738  0.002243  -0.007664  0.999968  0.999869  0.016167  -0.000961  -0.016162  0.999858  0.004835  0.001039  -0.004819  0.999988  1.000000  0.000202  -0.000012  -0.000202  1.000000  0.000060  0.000013  -0.000060  1.000000  0.999390  0.034859  -0.001974  -0.034843  0.999363  0.007738  0.002243  -0.007664  0.999968  0.000235  0.016901  
45.912610 0.002044  0.090904  -0.005829  0.985885  0.167140  -0.009713  -0.165943  0.983222  0.075740  0.022209  -0.073059  0.997080  0.000811  -0.010235  -0.000438  0.233623  0.048211  0.856468  2.000000  0.999356  0.035833  -0.002021  -0.035816  0.999326  0.008029  0.002307  -0.007951  0.999966  0.999885  0.015121  -0.000768  -0.015118  0.999875  0.004571  0.000837  -0.004559  0.999989  1.000000  0.000189  -0.000010  -0.000189  1.000000  0.000057  0.000010  -0.000057  1.000000  0.999356  0.035833  -0.002021  -0.035816  0.999326  0.008029  0.002307  -0.007951  0.999966  0.000224  0.015815  
45.913857 0.002043  0.090891  -0.005833  0.985851  0.167345  -0.009656  -0.166146  0.983170  0.075980  0.022209  -0.073301  0.997063  0.000478  -0.010302  -0.000709  0.231037  0.045563  0.814853  2.000000  0.999329  0.036571  -0.002051  -0.036553  0.999298  0.008252  0.002351  -0.008171  0.999964  0.999895  0.014496  -0.000678  -0.014493  0.999886  0.004315  0.000740  -0.004305  0.999990  1.000000  0.000181  -0.000009  -0.000181  1.000000  0.000054  0.000009  -0.000054  1.000000  0.999329  0.036571  -0.002051  -0.036553  0.999298  0.008252  0.002351  -0.008171  0.999964  0.000214  0.015139  
45.914859 0.002042  0.090881  -0.005835  0.985783  0.167750  -0.009625  -0.166552  0.983101  0.075984  0.022209  -0.073301  0.997063  0.000232  -0.010382  -0.000982  0.219842  0.040227  0.772735  2.000000  0.999303  0.037265  -0.002077  -0.037246  0.999270  0.008468  0.002391  -0.008384  0.999962  0.999909  0.013460  -0.000618  -0.013457  0.999901  0.004172  0.000674  -0.004163  0.999991  1.000000  0.000168  -0.000008  -0.000168  1.000000  0.000052  0.000008  -0.000052  1.000000  0.999303  0.037265  -0.002077  -0.037246  0.999270  0.008468  0.002391  -0.008384  0.999962  0.000203  0.014104  
45.915885 0.002040  0.090872  -0.005837  0.985748  0.167954  -0.009589  -0.166755  0.983057  0.076105  0.022209  -0.073422  0.997054  0.000015  -0.010383  -0.001191  0.214753  0.038491  0.730344  2.000000  0.999279  0.037917  -0.002098  -0.037897  0.999244  0.008675  0.002425  -0.008589  0.999960  0.999917  0.012834  -0.000529  -0.012832  0.999910  0.004038  0.000581  -0.004031  0.999992  1.000000  0.000160  -0.000007  -0.000160  1.000000  0.000050  0.000007  -0.000050  1.000000  0.999279  0.037917  -0.002098  -0.037897  0.999244  0.008675  0.002425  -0.008589  0.999960  0.000194  0.013464  
45.917110 0.002038  0.090859  -0.005841  0.985680  0.168359  -0.009537  -0.167161  0.982978  0.076229  0.022209  -0.073543  0.997045  -0.000278  -0.010432  -0.001463  0.201913  0.032266  0.688869  2.000000  0.999255  0.038530  -0.002113  -0.038509  0.999219  0.008875  0.002454  -0.008787  0.999958  0.999928  0.012004  -0.000455  -0.012002  0.999920  0.003899  0.000501  -0.003893  0.999992  1.000000  0.000150  -0.000006  -0.000150  1.000000  0.000049  0.000006  -0.000049  1.000000  0.999255  0.038530  -0.002113  -0.038509  0.999219  0.008875  0.002454  -0.008787  0.999958  0.000183  0.012629  
45.918360 0.002036  0.090848  -0.005843  0.985611  0.168765  -0.009485  -0.167566  0.982900  0.076352  0.022209  -0.073664  0.997036  -0.000538  -0.010373  -0.001683  0.192925  0.030561  0.647135  2.000000  0.999228  0.039233  -0.002125  -0.039212  0.999189  0.009116  0.002481  -0.009025  0.999956  0.999942  0.010752  -0.000278  -0.010751  0.999935  0.003751  0.000318  -0.003748  0.999993  1.000000  0.000134  -0.000004  -0.000134  1.000000  0.000047  0.000004  -0.000047  1.000000  0.999228  0.039233  -0.002125  -0.039212  0.999189  0.009116  0.002481  -0.009025  0.999956  0.000171  0.011391  
45.919612 0.002033  0.090837  -0.005845  0.985576  0.168969  -0.009449  -0.167769  0.982856  0.076473  0.022209  -0.073785  0.997027  -0.000778  -0.010258  -0.001837  0.186786  0.027703  0.614216  2.000000  0.999207  0.039757  -0.002132  -0.039736  0.999167  0.009299  0.002500  -0.009207  0.999954  0.999949  0.010127  -0.000189  -0.010126  0.999942  0.003617  0.000225  -0.003614  0.999993  1.000000  0.000127  -0.000003  -0.000127  1.000000  0.000045  0.000003  -0.000045  1.000000  0.999207  0.039757  -0.002132  -0.039736  0.999167  0.009299  0.002500  -0.009207  0.999954  0.000163  0.010755  
45.920858 0.002031  0.090826  -0.005847  0.985507  0.169375  -0.009397  -0.168175  0.982777  0.076596  0.022209  -0.073905  0.997018  -0.000985  -0.010109  -0.002034  0.179216  0.022269  0.570312  2.000000  0.999183  0.040349  -0.002138  -0.040327  0.999141  0.009515  0.002520  -0.009421  0.999952  0.999959  0.009091  -0.000130  -0.009090  0.999953  0.003352  0.000161  -0.003351  0.999994  1.000000  0.000114  -0.000002  -0.000114  1.000000  0.000042  0.000002  -0.000042  1.000000  0.999183  0.040349  -0.002138  -0.040327  0.999141  0.009515  0.002520  -0.009421  0.999952  0.000152  0.009690  
45.921860 0.002029  0.090818  -0.005848  0.985472  0.169578  -0.009361  -0.168378  0.982733  0.076717  0.022209  -0.074026  0.997009  -0.001191  -0.009941  -0.002091  0.170501  0.019628  0.542365  2.000000  0.999166  0.040788  -0.002139  -0.040766  0.999122  0.009681  0.002532  -0.009586  0.999951  0.999964  0.008475  -0.000175  -0.008474  0.999959  0.003339  0.000203  -0.003337  0.999994  1.000000  0.000106  -0.000002  -0.000106  1.000000  0.000042  0.000002  -0.000042  1.000000  0.999166  0.040788  -0.002139  -0.040766  0.999122  0.009681  0.002532  -0.009586  0.999951  0.000143  0.009110  
45.923105 0.002027  0.090808  -0.005851  0.985438  0.169780  -0.009345  -0.168581  0.982698  0.076719  0.022209  -0.074026  0.997009  -0.001273  -0.009672  -0.002071  0.161583  0.013577  0.500489  2.000000  0.999144  0.041305  -0.002137  -0.041282  0.999099  0.009877  0.002543  -0.009781  0.999949  0.999968  0.008054  -0.000072  -0.008054  0.999963  0.003087  0.000097  -0.003086  0.999995  1.000000  0.000101  -0.000001  -0.000101  1.000000  0.000039  0.000001  -0.000039  1.000000  0.999144  0.041305  -0.002137  -0.041282  0.999099  0.009877  0.002543  -0.009781  0.999949  0.000133  0.008626  
45.924106 0.002025  0.090800  -0.005853  0.985403  0.169984  -0.009309  -0.168784  0.982653  0.076840  0.022209  -0.074147  0.997000  -0.001364  -0.009450  -0.002091  0.155779  0.010406  0.475456  2.000000  0.999128  0.041697  -0.002131  -0.041673  0.999081  0.010027  0.002547  -0.009929  0.999947  0.999971  0.007634  0.000032  -0.007634  0.999966  0.002957  -0.000009  -0.002957  0.999996  1.000000  0.000095  0.000000  -0.000095  1.000000  0.000037  -0.000000  -0.000037  1.000000  0.999128  0.041697  -0.002131  -0.041673  0.999081  0.010027  0.002547  -0.009929  0.999947  0.000127  0.008187  
45.925362 0.002024  0.090790  -0.005856  0.985336  0.170380  -0.009125  -0.169190  0.982576  0.076941  0.022075  -0.074268  0.996994  -0.001437  -0.009129  -0.002076  0.152223  0.003929  0.444171  2.000000  0.999109  0.042153  -0.002116  -0.042129  0.999060  0.010195  0.002544  -0.010097  0.999946  0.999975  0.006998  0.000253  -0.006999  0.999972  0.002580  -0.000235  -0.002581  0.999997  1.000000  0.000087  0.000003  -0.000087  1.000000  0.000032  -0.000003  -0.000032  1.000000  0.999109  0.042153  -0.002116  -0.042129  0.999060  0.010195  0.002544  -0.010097  0.999946  0.000118  0.007463  
45.926606 0.002024  0.090781  -0.005859  0.985301  0.170582  -0.009109  -0.169393  0.982541  0.076942  0.022075  -0.074268  0.996994  -0.001411  -0.008854  -0.002060  0.142514  0.000884  0.419801  2.000000  0.999091  0.042566  -0.002084  -0.042542  0.999041  0.010349  0.002522  -0.010251  0.999944  0.999978  0.006568  0.000490  -0.006569  0.999976  0.002327  -0.000474  -0.002330  0.999997  1.000000  0.000082  0.000006  -0.000082  1.000000  0.000029  -0.000006  -0.000029  1.000000  0.999091  0.042566  -0.002084  -0.042542  0.999041  0.010349  0.002522  -0.010251  0.999944  0.000113  0.006986  
45.927606 0.002024  0.090775  -0.005861  0.985269  0.170775  -0.008962  -0.169596  0.982507  0.076922  0.021941  -0.074269  0.996997  -0.001372  -0.008620  -0.002072  0.138594  -0.006578  0.400263  2.000000  0.999081  0.042802  -0.002063  -0.042778  0.999030  0.010434  0.002508  -0.010336  0.999943  0.999980  0.006363  0.000474  -0.006364  0.999977  0.002201  -0.000460  -0.002204  0.999997  1.000000  0.000080  0.000006  -0.000080  1.000000  0.000028  -0.000006  -0.000028  1.000000  0.999081  0.042802  -0.002063  -0.042778  0.999030  0.010434  0.002508  -0.010336  0.999943  0.000107  0.006750  
45.928856 0.002024  0.090766  -0.005864  0.985234  0.170978  -0.008925  -0.169799  0.982463  0.077043  0.021941  -0.074390  0.996988  -0.001252  -0.008357  -0.002068  0.133383  -0.004632  0.371227  2.000000  0.999065  0.043179  -0.002021  -0.043155  0.999013  0.010566  0.002475  -0.010469  0.999942  0.999982  0.005942  0.000578  -0.005943  0.999980  0.002070  -0.000566  -0.002074  0.999998  1.000000  0.000074  0.000007  -0.000074  1.000000  0.000026  -0.000007  -0.000026  1.000000  0.999065  0.043179  -0.002021  -0.043155  0.999013  0.010566  0.002475  -0.010469  0.999942  0.000100  0.006320  
45.929863 0.002026  0.090759  -0.005867  0.985202  0.171170  -0.008778  -0.170002  0.982429  0.077022  0.021807  -0.074390  0.996991  -0.001060  -0.008108  -0.002093  0.125707  -0.011675  0.345969  2.000000  0.999053  0.043462  -0.001983  -0.043439  0.998999  0.010665  0.002444  -0.010569  0.999941  0.999983  0.005727  0.000696  -0.005728  0.999982  0.001945  -0.000685  -0.001949  0.999998  1.000000  0.000072  0.000009  -0.000072  1.000000  0.000024  -0.000009  -0.000024  1.000000  0.999053  0.043462  -0.001983  -0.043439  0.998999  0.010665  0.002444  -0.010569  0.999941  0.000094  0.006089  
45.931109 0.002028  0.090751  -0.005871  0.985167  0.171373  -0.008762  -0.170205  0.982394  0.077024  0.021807  -0.074390  0.996991  -0.000749  -0.007811  -0.002129  0.117140  -0.014694  0.324979  2.000000  0.999038  0.043809  -0.001927  -0.043786  0.998983  0.010776  0.002397  -0.010682  0.999940  0.999984  0.005512  0.000814  -0.005513  0.999983  0.001697  -0.000805  -0.001701  0.999998  1.000000  0.000069  0.000010  -0.000069  1.000000  0.000021  -0.000010  -0.000021  1.000000  0.999038  0.043809  -0.001927  -0.043786  0.998983  0.010776  0.002397  -0.010682  0.999940  0.000089  0.005825  
45.932111 0.002030  0.090745  -0.005874  0.985132  0.171576  -0.008725  -0.170408  0.982349  0.077145  0.021807  -0.074511  0.996982  -0.000534  -0.007588  -0.002173  0.112924  -0.018732  0.317717  2.000000  0.999029  0.044006  -0.001894  -0.043983  0.998973  0.010840  0.002369  -0.010746  0.999939  0.999986  0.005306  0.000799  -0.005308  0.999984  0.001693  -0.000790  -0.001697  0.999998  1.000000  0.000066  0.000010  -0.000066  1.000000  0.000021  -0.000010  -0.000021  1.000000  0.999029  0.044006  -0.001894  -0.043983  0.998973  0.010840  0.002369  -0.010746  0.999939  0.000086  0.005628  
45.933361 0.002032  0.090737  -0.005878  0.985100  0.171769  -0.008557  -0.170611  0.982306  0.077243  0.021674  -0.074632  0.996976  -0.000159  -0.007306  -0.002310  0.108468  -0.026260  0.296554  2.000000  0.999024  0.044133  -0.001873  -0.044110  0.998967  0.010881  0.002351  -0.010788  0.999939  0.999988  0.004886  0.000902  -0.004887  0.999987  0.001562  -0.000894  -0.001566  0.999998  1.000000  0.000000  0.000000  0.000000  1.000000  0.000000  0.000000  0.000000  1.000000  0.999024  0.044133  -0.001873  -0.044110  0.998967  0.010881  0.002351  -0.010788  0.999939  0.000082  0.000000  
45.934610 0.002036  0.090729  -0.005881  0.985100  0.171769  -0.008557  -0.170611  0.982306  0.077243  0.021674  -0.074632  0.996976  0.000155  -0.007161  -0.002402  0.099007  -0.029008  0.273112  2.000000  0.999024  0.044133  -0.001873  -0.044110  0.998967  0.010881  0.002351  -0.010788  0.999939  0.999990  0.004475  0.000872  -0.004477  0.999989  0.001553  -0.000865  -0.001557  0.999998  1.000000  0.000000  0.000000  0.000000  1.000000  0.000000  0.000000  0.000000  1.000000  0.999024  0.044133  -0.001873  -0.044110  0.998967  0.010881  0.002351  -0.010788  0.999939  0.000074  0.000000  
45.935612 0.002038  0.090724  -0.005883  0.985068  0.171963  -0.008389  -0.170814  0.982263  0.077341  0.021540  -0.074753  0.996969  0.000470  -0.006970  -0.002475  0.095412  -0.037240  0.260810  2.000000  0.999024  0.044133  -0.001873  -0.044110  0.998967  0.010881  0.002351  -0.010788  0.999939  0.999990  0.004465  0.001006  -0.004467  0.999989  0.001552  -0.000999  -0.001557  0.999998  1.000000  0.000000  0.000000  0.000000  1.000000  0.000000  0.000000  0.000000  1.000000  0.999024  0.044133  -0.001873  -0.044110  0.998967  0.010881  0.002351  -0.010788  0.999939  0.000072  0.000000  
45.936859 0.002042  0.090716  -0.005886  0.985033  0.172165  -0.008373  -0.171017  0.982228  0.077343  0.021540  -0.074753  0.996969  0.000843  -0.006793  -0.002496  0.086965  -0.036257  0.247030  2.000000  0.999024  0.044133  -0.001873  -0.044110  0.998967  0.010881  0.002351  -0.010788  0.999939  0.999990  0.004260  0.000990  -0.004261  0.999990  0.001427  -0.000984  -0.001431  0.999998  1.000000  0.000000  0.000000  0.000000  1.000000  0.000000  0.000000  0.000000  1.000000  0.999024  0.044133  -0.001873  -0.044110  0.998967  0.010881  0.002351  -0.010788  0.999939  0.000068  0.000000  
45.938120 0.002047  0.090710  -0.005887  0.985033  0.172166  -0.008352  -0.171017  0.982218  0.077462  0.021540  -0.074874  0.996960  0.001332  -0.006528  -0.002407  0.085969  -0.039427  0.230989  2.000000  0.999024  0.044133  -0.001873  -0.044110  0.998967  0.010881  0.002351  -0.010788  0.999939  0.999992  0.003849  0.000960  -0.003851  0.999992  0.001418  -0.000955  -0.001422  0.999999  1.000000  0.000000  0.000000  0.000000  1.000000  0.000000  0.000000  0.000000  1.000000  0.999024  0.044133  -0.001873  -0.044110  0.998967  0.010881  0.002351  -0.010788  0.999939  0.000062  0.000000  
45.939357 0.002051  0.090704  -0.005887  0.985035  0.172156  -0.008221  -0.171018  0.982220  0.077439  0.021406  -0.074874  0.996963  0.001703  -0.006297  -0.002259  0.077568  -0.042890  0.216974  2.000000  0.999024  0.044133  -0.001873  -0.044110  0.998967  0.010881  0.002351  -0.010788  0.999939  0.999994  0.003429  0.001063  -0.003430  0.999993  0.001287  -0.001058  -0.001291  0.999999  1.000000  0.000000  0.000000  0.000000  1.000000  0.000000  0.000000  0.000000  1.000000  0.999024  0.044133  -0.001873  -0.044110  0.998967  0.010881  0.002351  -0.010788  0.999939  0.000059  0.000000  
