1-Time 2-Px 3-Py 4-Pz 5-R11 6-R21 7-R31 8-R12 9-R22 10-R32 11-R13 12-R23 13-R33 14-Vx 15-Vy 16-Vz 17-Wx 18-Wy 19-Wz 20-state 21-PR11 22-PR21 23-PR31 24-PR12 25-PR22 26-PR32 27-PR13 28-PR23 29-PR33 
46.886644 0.000392  0.090448  -0.002472  0.997775  0.064658  -0.016258  -0.064177  0.997531  0.028512  0.018062  -0.027405  0.999461  0.000973  0.001329  0.000599  0.000000  0.000000  0.000000  2.000000  1.000000  0.000000  0.000000  0.000000  1.000000  0.000000  0.000000  0.000000  1.000000  1.000000  -0.000206  -0.000006  0.000206  1.000000  -0.000004  0.000006  0.000004  1.000000  1.000000  0.000000  0.000000  0.000000  1.000000  0.000000  0.000000  0.000000  1.000000  0.686822  0.632373  -0.358302  -0.643182  0.758396  0.105604  0.338516  0.157922  0.927614  0.000000  0.000000  
46.887654 0.000393  0.090450  -0.002471  0.997775  0.064656  -0.016266  -0.064177  0.997535  0.028391  0.018062  -0.027284  0.999465  0.000975  0.001354  0.000640  0.000000  0.000000  0.000000  2.000000  1.000000  0.000000  0.000000  0.000000  1.000000  0.000000  0.000000  0.000000  1.000000  1.000000  -0.000206  -0.000006  0.000206  1.000000  -0.000125  0.000006  0.000125  1.000000  1.000000  0.000000  0.000000  0.000000  1.000000  0.000000  0.000000  0.000000  1.000000  1.000000  0.000000  0.000000  0.000000  1.000000  0.000000  0.000000  0.000000  1.000000  0.000000  0.000000  
46.888897 0.000394  0.090449  -0.002471  0.997746  0.065072  -0.016380  -0.064588  0.997504  0.028527  0.018196  -0.027405  0.999459  0.000969  0.001205  0.000579  0.000000  0.000000  0.000000  2.000000  1.000000  0.000000  0.000000  0.000000  1.000000  0.000000  0.000000  0.000000  1.000000  1.000000  0.000004  -0.000134  -0.000004  1.000000  0.000000  0.000134  0.000000  1.000000  1.000000  0.000000  0.000000  0.000000  1.000000  0.000000  0.000000  0.000000  1.000000  1.000000  0.000000  0.000000  0.000000  1.000000  0.000000  0.000000  0.000000  1.000000  0.000000  0.000000  
46.889897 0.000394  0.090448  -0.002473  0.997733  0.065277  -0.016374  -0.064793  0.997491  0.028531  0.018196  -0.027405  0.999459  0.000887  0.001048  0.000458  0.000000  0.000000  0.000000  2.000000  1.000000  0.000000  0.000000  0.000000  1.000000  0.000000  0.000000  0.000000  1.000000  1.000000  0.000415  -0.000122  -0.000415  1.000000  0.000007  0.000122  -0.000007  1.000000  1.000000  0.000000  0.000000  0.000000  1.000000  0.000000  0.000000  0.000000  1.000000  1.000000  0.000000  0.000000  0.000000  1.000000  0.000000  0.000000  0.000000  1.000000  0.000000  0.000000  
46.891151 0.000394  0.090447  -0.002473  0.997719  0.065485  -0.016360  -0.064999  0.997474  0.028655  0.018196  -0.027526  0.999455  0.000826  0.000824  0.000368  0.000000  0.000000  0.000000  2.000000  1.000000  0.000000  0.000000  0.000000  1.000000  0.000000  0.000000  0.000000  1.000000  1.000000  0.000621  -0.000117  -0.000621  1.000000  0.000133  0.000117  -0.000132  1.000000  1.000000  0.000000  0.000000  0.000000  1.000000  0.000000  0.000000  0.000000  1.000000  1.000000  0.000000  0.000000  0.000000  1.000000  0.000000  0.000000  0.000000  1.000000  0.000000  0.000000  
46.892399 0.000395  0.090444  -0.002474  0.997706  0.065692  -0.016347  -0.065204  0.997457  0.028779  0.018196  -0.027648  0.999452  0.000802  0.000589  0.000271  0.000000  0.000000  0.000000  2.000000  1.000000  0.000000  0.000000  0.000000  1.000000  0.000000  0.000000  0.000000  1.000000  1.000000  0.000827  -0.000111  -0.000827  1.000000  0.000258  0.000111  -0.000257  1.000000  1.000000  0.000000  0.000000  0.000000  1.000000  0.000000  0.000000  0.000000  1.000000  1.000000  0.000000  0.000000  0.000000  1.000000  0.000000  0.000000  0.000000  1.000000  0.000000  0.000000  
46.893648 0.000395  0.090443  -0.002474  0.997677  0.066108  -0.016460  -0.065615  0.997426  0.028916  0.018329  -0.027769  0.999446  0.000760  0.000352  0.000195  0.000000  0.000000  0.000000  2.000000  1.000000  0.000000  0.000000  0.000000  1.000000  0.000000  0.000000  0.000000  1.000000  0.999999  0.001242  -0.000233  -0.001242  0.999999  0.000265  0.000234  -0.000265  1.000000  1.000000  0.000000  0.000000  0.000000  1.000000  0.000000  0.000000  0.000000  1.000000  1.000000  0.000000  0.000000  0.000000  1.000000  0.000000  0.000000  0.000000  1.000000  0.000000  0.000000  
46.894901 0.000396  0.090441  -0.002475  0.997645  0.066526  -0.016715  -0.066025  0.997398  0.028940  0.018597  -0.027769  0.999441  0.000668  0.000102  0.000086  0.000000  0.000000  0.000000  2.000000  1.000000  0.000000  0.000000  0.000000  1.000000  0.000000  0.000000  0.000000  1.000000  0.999998  0.001863  -0.000350  -0.001863  0.999998  0.000398  0.000350  -0.000397  1.000000  1.000000  0.000000  0.000000  0.000000  1.000000  0.000000  0.000000  0.000000  1.000000  1.000000  0.000000  0.000000  0.000000  1.000000  0.000000  0.000000  0.000000  1.000000  0.000000  0.000000  
46.896149 0.000396  0.090440  -0.002475  0.997601  0.067148  -0.016823  -0.066641  0.997353  0.029081  0.018731  -0.027890  0.999436  0.000637  -0.000097  0.000015  0.000000  0.000000  0.000000  2.000000  1.000000  0.000000  0.000000  0.000000  1.000000  0.000000  0.000000  0.000000  1.000000  0.999997  0.002282  -0.000606  -0.002282  0.999997  0.000528  0.000607  -0.000526  1.000000  1.000000  0.000000  0.000000  0.000000  1.000000  0.000000  0.000000  0.000000  1.000000  1.000000  0.000000  0.000000  0.000000  1.000000  0.000000  0.000000  0.000000  1.000000  0.000000  0.000000  
46.897397 0.000396  0.090438  -0.002477  0.997571  0.067563  -0.016944  -0.067052  0.997325  0.029097  0.018864  -0.027890  0.999433  0.000558  -0.000309  -0.000180  0.000000  0.000000  0.000000  2.000000  1.000000  0.000000  0.000000  0.000000  1.000000  0.000000  0.000000  0.000000  1.000000  0.999996  0.002694  -0.000594  -0.002693  0.999996  0.000535  0.000595  -0.000534  1.000000  1.000000  0.000000  0.000000  0.000000  1.000000  0.000000  0.000000  0.000000  1.000000  1.000000  0.000000  0.000000  0.000000  1.000000  0.000000  0.000000  0.000000  1.000000  0.000000  0.000000  
46.898397 0.000396  0.090437  -0.002479  0.997543  0.067975  -0.016924  -0.067462  0.997294  0.029224  0.018864  -0.028011  0.999430  0.000490  -0.000470  -0.000333  0.000000  0.000000  0.000000  2.000000  1.000000  0.000000  0.000000  0.000000  1.000000  0.000000  0.000000  0.000000  1.000000  0.999995  0.003109  -0.000716  -0.003108  0.999995  0.000665  0.000718  -0.000662  1.000000  1.000000  0.000000  0.000000  0.000000  1.000000  0.000000  0.000000  0.000000  1.000000  1.000000  0.000000  0.000000  0.000000  1.000000  0.000000  0.000000  0.000000  1.000000  0.000000  0.000000  
46.899645 0.000396  0.090436  -0.002480  0.997499  0.068595  -0.017039  -0.068078  0.997251  0.029244  0.018998  -0.028011  0.999427  0.000415  -0.000649  -0.000444  0.000000  0.000000  0.000000  2.000000  1.000000  0.000000  0.000000  0.000000  1.000000  0.000000  0.000000  0.000000  1.000000  0.999993  0.003730  -0.000832  -0.003729  0.999993  0.000677  0.000835  -0.000674  0.999999  1.000000  0.000000  0.000000  0.000000  1.000000  0.000000  0.000000  0.000000  1.000000  1.000000  0.000000  0.000000  0.000000  1.000000  0.000000  0.000000  0.000000  1.000000  0.000000  0.000000  
46.900645 0.000397  0.090436  -0.002480  0.997468  0.069009  -0.017160  -0.068489  0.997223  0.029260  0.019132  -0.028011  0.999425  0.000357  -0.000798  -0.000504  0.000000  0.000000  0.000000  2.000000  1.000000  0.000000  0.000000  0.000000  1.000000  0.000000  0.000000  0.000000  1.000000  0.999991  0.004145  -0.000954  -0.004144  0.999991  0.000685  0.000957  -0.000681  0.999999  1.000000  0.000000  0.000000  0.000000  1.000000  0.000000  0.000000  0.000000  1.000000  1.000000  0.000000  0.000000  0.000000  1.000000  0.000000  0.000000  0.000000  1.000000  0.000000  0.000000  
46.901649 0.000397  0.090434  -0.002482  0.997438  0.069424  -0.017282  -0.068899  0.997194  0.029276  0.019266  -0.028011  0.999422  0.000275  -0.000999  -0.000717  0.000000  0.000000  0.000000  2.000000  1.000000  0.000000  0.000000  0.000000  1.000000  0.000000  0.000000  0.000000  1.000000  0.999988  0.004762  -0.000937  -0.004762  0.999988  0.000697  0.000940  -0.000692  0.999999  1.000000  0.000000  0.000000  0.000000  1.000000  0.000000  0.000000  0.000000  1.000000  1.000000  0.000000  0.000000  0.000000  1.000000  0.000000  0.000000  0.000000  1.000000  0.000000  0.000000  
46.902894 0.000396  0.090431  -0.002484  0.997392  0.070043  -0.017397  -0.069515  0.997151  0.029296  0.019400  -0.028011  0.999419  0.000156  -0.001250  -0.000884  0.023560  0.039641  0.179570  2.000000  1.000000  0.000089  0.000098  -0.000089  1.000000  0.000018  -0.000098  -0.000018  1.000000  0.999986  0.005181  -0.001193  -0.005181  0.999986  0.000706  0.001197  -0.000700  0.999999  1.000000  0.000045  0.000049  -0.000045  1.000000  0.000009  -0.000049  -0.000009  1.000000  1.000000  0.000089  0.000098  -0.000089  1.000000  0.000018  -0.000098  -0.000018  1.000000  0.000045  0.005363  
46.903900 0.000395  0.090429  -0.002485  0.997361  0.070457  -0.017518  -0.069926  0.997121  0.029313  0.019533  -0.028011  0.999417  0.000122  -0.001347  -0.000931  0.024027  0.044081  0.195010  2.000000  1.000000  0.000235  0.000256  -0.000235  1.000000  0.000044  -0.000256  -0.000044  1.000000  0.999982  0.005802  -0.001309  -0.005801  0.999983  0.000719  0.001314  -0.000711  0.999999  1.000000  0.000050  0.000055  -0.000050  1.000000  0.000009  -0.000055  -0.000009  1.000000  1.000000  0.000235  0.000256  -0.000235  1.000000  0.000044  -0.000256  -0.000044  1.000000  0.000050  0.005991  
46.904904 0.000395  0.090426  -0.002487  0.997329  0.070874  -0.017631  -0.070336  0.997089  0.029451  0.019667  -0.028132  0.999411  0.000074  -0.001444  -0.000949  0.028367  0.048163  0.208892  2.000000  1.000000  0.000445  0.000482  -0.000445  1.000000  0.000083  -0.000482  -0.000083  1.000000  0.999980  0.006218  -0.001431  -0.006217  0.999980  0.000849  0.001436  -0.000840  0.999999  1.000000  0.000054  0.000058  -0.000054  1.000000  0.000011  -0.000058  -0.000011  1.000000  1.000000  0.000445  0.000482  -0.000445  1.000000  0.000083  -0.000482  -0.000083  1.000000  0.000054  0.006436  
46.906146 0.000394  0.090423  -0.002488  0.997281  0.071497  -0.017880  -0.070952  0.997044  0.029480  0.019935  -0.028132  0.999405  -0.000027  -0.001589  -0.000980  0.028809  0.056614  0.230043  2.000000  0.999999  0.000732  0.000783  -0.000732  1.000000  0.000136  -0.000783  -0.000137  1.000000  0.999977  0.006637  -0.001687  -0.006635  0.999978  0.000859  0.001692  -0.000847  0.999998  1.000000  0.000060  0.000061  -0.000060  1.000000  0.000011  -0.000061  -0.000011  1.000000  0.999999  0.000732  0.000783  -0.000732  1.000000  0.000136  -0.000783  -0.000137  1.000000  0.000058  0.006901  
46.907400 0.000393  0.090418  -0.002489  0.997249  0.071914  -0.017992  -0.071362  0.997011  0.029618  0.020068  -0.028253  0.999399  -0.000113  -0.001758  -0.000991  0.032888  0.060201  0.241956  2.000000  0.999999  0.001046  0.001108  -0.001046  0.999999  0.000193  -0.001107  -0.000194  0.999999  0.999972  0.007258  -0.001802  -0.007256  0.999973  0.000993  0.001809  -0.000980  0.999998  1.000000  0.000065  0.000067  -0.000065  1.000000  0.000012  -0.000067  -0.000012  1.000000  0.999999  0.001046  0.001108  -0.001046  0.999999  0.000193  -0.001107  -0.000194  0.999999  0.000063  0.007543  
46.908651 0.000394  0.090413  -0.002490  0.997199  0.072539  -0.018232  -0.071978  0.996962  0.029770  0.020336  -0.028374  0.999391  -0.000094  -0.001991  -0.001082  0.037650  0.069063  0.264831  2.000000  0.999998  0.001383  0.001454  -0.001384  0.999999  0.000259  -0.001454  -0.000261  0.999999  0.999969  0.007674  -0.001923  -0.007671  0.999970  0.001245  0.001933  -0.001230  0.999997  1.000000  0.000069  0.000071  -0.000069  1.000000  0.000015  -0.000071  -0.000015  1.000000  0.999998  0.001383  0.001454  -0.001384  0.999999  0.000259  -0.001454  -0.000261  0.999999  0.000067  0.008007  
46.909896 0.000394  0.090408  -0.002492  0.997152  0.073161  -0.018338  -0.072593  0.996913  0.029911  0.020470  -0.028495  0.999384  -0.000082  -0.002172  -0.001159  0.042150  0.072973  0.285747  2.000000  0.999997  0.001735  0.001817  -0.001736  0.999998  0.000328  -0.001816  -0.000331  0.999998  0.999967  0.007883  -0.002051  -0.007881  0.999968  0.001130  0.002060  -0.001113  0.999997  1.000000  0.000072  0.000072  -0.000072  1.000000  0.000014  -0.000072  -0.000014  1.000000  0.999997  0.001735  0.001817  -0.001736  0.999998  0.000328  -0.001816  -0.000331  0.999998  0.000073  0.008223  
46.910899 0.000395  0.090404  -0.002494  0.997134  0.073370  -0.018465  -0.072798  0.996898  0.029925  0.020604  -0.028495  0.999382  -0.000101  -0.002411  -0.001281  0.042302  0.077273  0.292782  2.000000  0.999996  0.001956  0.002040  -0.001957  0.999998  0.000374  -0.002039  -0.000378  0.999998  0.999965  0.008093  -0.002178  -0.008090  0.999966  0.001256  0.002188  -0.001239  0.999997  1.000000  0.000074  0.000074  -0.000074  1.000000  0.000016  -0.000074  -0.000016  1.000000  0.999996  0.001956  0.002040  -0.001957  0.999998  0.000374  -0.002039  -0.000378  0.999998  0.000077  0.008473  
46.912150 0.000395  0.090398  -0.002497  0.997098  0.073790  -0.018711  -0.073209  0.996863  0.030073  0.020871  -0.028616  0.999373  -0.000047  -0.002681  -0.001355  0.046684  0.085853  0.306854  2.000000  0.999994  0.002337  0.002410  -0.002338  0.999997  0.000450  -0.002409  -0.000456  0.999997  0.999963  0.008307  -0.002439  -0.008304  0.999965  0.001263  0.002449  -0.001242  0.999996  1.000000  0.000078  0.000075  -0.000078  1.000000  0.000016  -0.000075  -0.000016  1.000000  0.999994  0.002337  0.002410  -0.002338  0.999997  0.000450  -0.002409  -0.000456  0.999997  0.000081  0.008747  
46.913397 0.000396  0.090393  -0.002501  0.997065  0.074205  -0.018832  -0.073619  0.996832  0.030091  0.021005  -0.028616  0.999370  0.000003  -0.002937  -0.001487  0.046977  0.089962  0.320819  2.000000  0.999992  0.002734  0.002787  -0.002735  0.999996  0.000523  -0.002785  -0.000531  0.999996  0.999960  0.008516  -0.002566  -0.008513  0.999963  0.001147  0.002576  -0.001125  0.999996  1.000000  0.000081  0.000076  -0.000081  1.000000  0.000014  -0.000076  -0.000014  1.000000  0.999992  0.002734  0.002787  -0.002735  0.999996  0.000523  -0.002785  -0.000531  0.999996  0.000084  0.008967  
46.914398 0.000398  0.090389  -0.002503  0.997032  0.074621  -0.018944  -0.074029  0.996798  0.030229  0.021139  -0.028737  0.999363  0.000081  -0.003208  -0.001577  0.051342  0.094044  0.334761  2.000000  0.999991  0.003055  0.003093  -0.003057  0.999995  0.000584  -0.003091  -0.000593  0.999995  0.999960  0.008516  -0.002565  -0.008513  0.999963  0.001269  0.002576  -0.001247  0.999996  1.000000  0.000081  0.000076  -0.000081  1.000000  0.000016  -0.000076  -0.000016  1.000000  0.999991  0.003055  0.003093  -0.003057  0.999995  0.000584  -0.003091  -0.000593  0.999995  0.000086  0.008983  
46.915669 0.000399  0.090384  -0.002506  0.996999  0.075035  -0.019064  -0.074440  0.996767  0.030247  0.021272  -0.028737  0.999361  0.000154  -0.003459  -0.001723  0.051606  0.098092  0.348507  2.000000  0.999988  0.003453  0.003468  -0.003456  0.999994  0.000653  -0.003466  -0.000665  0.999994  0.999963  0.008307  -0.002437  -0.008304  0.999965  0.001145  0.002447  -0.001124  0.999996  1.000000  0.000078  0.000075  -0.000078  1.000000  0.000014  -0.000075  -0.000014  1.000000  0.999988  0.003453  0.003468  -0.003456  0.999994  0.000653  -0.003466  -0.000665  0.999994  0.000090  0.008731  
46.916894 0.000400  0.090379  -0.002508  0.996980  0.075244  -0.019192  -0.074645  0.996751  0.030261  0.021406  -0.028737  0.999358  0.000212  -0.003667  -0.001771  0.051661  0.102181  0.354821  2.000000  0.999986  0.003769  0.003766  -0.003772  0.999993  0.000706  -0.003763  -0.000720  0.999993  0.999963  0.008307  -0.002437  -0.008304  0.999965  0.001024  0.002446  -0.001004  0.999997  1.000000  0.000078  0.000075  -0.000078  1.000000  0.000013  -0.000075  -0.000013  1.000000  0.999986  0.003769  0.003766  -0.003772  0.999993  0.000706  -0.003763  -0.000720  0.999993  0.000093  0.008716  
46.917895 0.000401  0.090376  -0.002510  0.996962  0.075453  -0.019319  -0.074850  0.996735  0.030275  0.021540  -0.028737  0.999355  0.000382  -0.003717  -0.001711  0.051946  0.102652  0.356455  2.000000  0.999984  0.004006  0.003986  -0.004009  0.999992  0.000743  -0.003983  -0.000759  0.999992  0.999962  0.008311  -0.002571  -0.008308  0.999965  0.001026  0.002580  -0.001004  0.999996  1.000000  0.000080  0.000074  -0.000080  1.000000  0.000013  -0.000074  -0.000013  1.000000  0.999984  0.004006  0.003986  -0.004009  0.999992  0.000743  -0.003983  -0.000759  0.999992  0.000095  0.008758  
46.918896 0.000402  0.090374  -0.002511  0.996947  0.075659  -0.019312  -0.075055  0.996720  0.030279  0.021540  -0.028737  0.999355  0.000435  -0.003692  -0.001707  0.051430  0.101633  0.352915  2.000000  0.999982  0.004240  0.004202  -0.004244  0.999991  0.000780  -0.004198  -0.000798  0.999991  0.999964  0.008101  -0.002443  -0.008099  0.999967  0.001021  0.002452  -0.001001  0.999996  1.000000  0.000077  0.000072  -0.000077  1.000000  0.000013  -0.000072  -0.000013  1.000000  0.999982  0.004240  0.004202  -0.004244  0.999991  0.000780  -0.004198  -0.000798  0.999991  0.000095  0.008522  
46.920151 0.000403  0.090369  -0.002513  0.996928  0.075868  -0.019440  -0.075260  0.996704  0.030293  0.021674  -0.028737  0.999352  0.000549  -0.003738  -0.001691  0.051459  0.106102  0.353075  2.000000  0.999979  0.004622  0.004551  -0.004626  0.999989  0.000836  -0.004547  -0.000857  0.999989  0.999965  0.007899  -0.002583  -0.007897  0.999968  0.000897  0.002590  -0.000876  0.999996  1.000000  0.000077  0.000069  -0.000077  1.000000  0.000011  -0.000069  -0.000011  1.000000  0.999979  0.004622  0.004551  -0.004626  0.999989  0.000836  -0.004547  -0.000857  0.999989  0.000093  0.008358  
46.921400 0.000403  0.090366  -0.002513  0.996913  0.076073  -0.019433  -0.075465  0.996688  0.030297  0.021674  -0.028737  0.999352  0.000650  -0.003747  -0.001699  0.047424  0.106101  0.353150  2.000000  0.999976  0.004991  0.004881  -0.004995  0.999987  0.000889  -0.004877  -0.000913  0.999988  0.999969  0.007484  -0.002461  -0.007482  0.999972  0.000888  0.002468  -0.000869  0.999997  1.000000  0.000073  0.000066  -0.000073  1.000000  0.000011  -0.000066  -0.000011  1.000000  0.999976  0.004991  0.004881  -0.004995  0.999987  0.000889  -0.004877  -0.000913  0.999988  0.000093  0.007927  
46.922646 0.000404  0.090361  -0.002515  0.996894  0.076282  -0.019560  -0.075670  0.996672  0.030311  0.021807  -0.028737  0.999349  0.000692  -0.003717  -0.001708  0.043415  0.106051  0.353060  2.000000  0.999972  0.005349  0.005197  -0.005354  0.999985  0.000942  -0.005192  -0.000970  0.999986  0.999972  0.007072  -0.002473  -0.007070  0.999975  0.000880  0.002479  -0.000862  0.999997  1.000000  0.000071  0.000061  -0.000071  1.000000  0.000011  -0.000061  -0.000011  1.000000  0.999972  0.005349  0.005197  -0.005354  0.999985  0.000942  -0.005192  -0.000970  0.999986  0.000093  0.007543  
46.923648 0.000404  0.090358  -0.002516  0.996894  0.076279  -0.019570  -0.075670  0.996676  0.030190  0.021807  -0.028615  0.999353  0.000642  -0.003717  -0.001706  0.035051  0.106434  0.339330  2.000000  0.999969  0.005620  0.005428  -0.005625  0.999984  0.000979  -0.005422  -0.001010  0.999985  0.999976  0.006451  -0.002358  -0.006449  0.999979  0.000745  0.002363  -0.000730  0.999997  1.000000  0.000066  0.000055  -0.000066  1.000000  0.000009  -0.000055  -0.000009  1.000000  0.999969  0.005620  0.005428  -0.005625  0.999984  0.000979  -0.005422  -0.001010  0.999985  0.000091  0.006908  
46.924896 0.000403  0.090353  -0.002518  0.996876  0.076488  -0.019697  -0.075875  0.996660  0.030204  0.021941  -0.028615  0.999350  0.000568  -0.003697  -0.001700  0.034984  0.102183  0.332391  2.000000  0.999966  0.005937  0.005695  -0.005943  0.999982  0.001024  -0.005689  -0.001057  0.999983  0.999979  0.006036  -0.002236  -0.006034  0.999982  0.000737  0.002241  -0.000724  0.999997  1.000000  0.000062  0.000051  -0.000062  1.000000  0.000009  -0.000051  -0.000009  1.000000  0.999966  0.005937  0.005695  -0.005943  0.999982  0.001024  -0.005689  -0.001057  0.999983  0.000088  0.006478  
46.925897 0.000403  0.090349  -0.002519  0.996873  0.076492  -0.019830  -0.075875  0.996659  0.030214  0.022075  -0.028615  0.999347  0.000545  -0.003643  -0.001671  0.030819  0.103599  0.314410  2.000000  0.999964  0.006175  0.005888  -0.006182  0.999980  0.001054  -0.005881  -0.001090  0.999982  0.999982  0.005624  -0.002248  -0.005623  0.999984  0.000608  0.002251  -0.000595  0.999997  1.000000  0.000059  0.000047  -0.000060  1.000000  0.000008  -0.000047  -0.000008  1.000000  0.999964  0.006175  0.005888  -0.006182  0.999980  0.001054  -0.005881  -0.001090  0.999982  0.000085  0.006086  
46.926898 0.000403  0.090346  -0.002520  0.996854  0.076701  -0.019957  -0.076080  0.996643  0.030229  0.022209  -0.028615  0.999344  0.000491  -0.003569  -0.001561  0.030836  0.108084  0.314505  2.000000  0.999962  0.006346  0.006024  -0.006352  0.999979  0.001076  -0.006017  -0.001114  0.999981  0.999983  0.005414  -0.002120  -0.005413  0.999985  0.000603  0.002123  -0.000592  0.999998  1.000000  0.000057  0.000045  -0.000057  1.000000  0.000007  -0.000045  -0.000007  1.000000  0.999962  0.006346  0.006024  -0.006352  0.999979  0.001076  -0.006017  -0.001114  0.999981  0.000083  0.005845  
46.928150 0.000402  0.090341  -0.002521  0.996854  0.076701  -0.019957  -0.076080  0.996643  0.030229  0.022209  -0.028615  0.999344  0.000382  -0.003496  -0.001356  0.026304  0.103208  0.298374  2.000000  0.999960  0.006514  0.006156  -0.006520  0.999978  0.001097  -0.006149  -0.001137  0.999980  0.999986  0.004999  -0.001998  -0.004998  0.999987  0.000473  0.002001  -0.000463  0.999998  1.000000  0.000000  0.000000  0.000000  1.000000  0.000000  0.000000  0.000000  1.000000  0.999960  0.006514  0.006156  -0.006520  0.999978  0.001097  -0.006149  -0.001137  0.999980  0.000079  0.000000  
46.929397 0.000401  0.090336  -0.002522  0.996839  0.076906  -0.019951  -0.076285  0.996628  0.030233  0.022209  -0.028615  0.999344  0.000196  -0.003503  -0.001294  0.026087  0.100050  0.279669  2.000000  0.999960  0.006514  0.006156  -0.006520  0.999978  0.001097  -0.006149  -0.001137  0.999980  0.999989  0.004378  -0.001882  -0.004377  0.999990  0.000460  0.001884  -0.000451  0.999998  1.000000  0.000000  0.000000  0.000000  1.000000  0.000000  0.000000  0.000000  1.000000  0.999960  0.006514  0.006156  -0.006520  0.999978  0.001097  -0.006149  -0.001137  0.999980  0.000075  0.000000  
46.930641 0.000398  0.090331  -0.002525  0.996836  0.076910  -0.020084  -0.076285  0.996627  0.030243  0.022343  -0.028615  0.999341  -0.000041  -0.003552  -0.001265  0.025627  0.099625  0.263674  2.000000  0.999960  0.006514  0.006156  -0.006520  0.999978  0.001097  -0.006149  -0.001137  0.999980  0.999991  0.003963  -0.001760  -0.003962  0.999992  0.000330  0.001762  -0.000323  0.999998  1.000000  0.000000  0.000000  0.000000  1.000000  0.000000  0.000000  0.000000  1.000000  0.999960  0.006514  0.006156  -0.006520  0.999978  0.001097  -0.006149  -0.001137  0.999980  0.000073  0.000000  
46.931647 0.000396  0.090327  -0.002527  0.996836  0.076910  -0.020084  -0.076285  0.996627  0.030243  0.022343  -0.028615  0.999341  -0.000221  -0.003554  -0.001266  0.025357  0.095548  0.249811  2.000000  0.999960  0.006514  0.006156  -0.006520  0.999978  0.001097  -0.006149  -0.001137  0.999980  0.999992  0.003547  -0.001638  -0.003547  0.999994  0.000199  0.001639  -0.000194  0.999999  1.000000  0.000000  0.000000  0.000000  1.000000  0.000000  0.000000  0.000000  1.000000  0.999960  0.006514  0.006156  -0.006520  0.999978  0.001097  -0.006149  -0.001137  0.999980  0.000068  0.000000  
46.932895 0.000394  0.090322  -0.002530  0.996836  0.076908  -0.020094  -0.076285  0.996631  0.030122  0.022343  -0.028494  0.999344  -0.000501  -0.003643  -0.001329  0.021129  0.088924  0.225936  2.000000  0.999960  0.006514  0.006156  -0.006520  0.999978  0.001097  -0.006149  -0.001137  0.999980  0.999994  0.003128  -0.001383  -0.003128  0.999995  -0.000052  0.001383  0.000057  0.999999  1.000000  0.000000  0.000000  0.000000  1.000000  0.000000  0.000000  0.000000  1.000000  0.999960  0.006514  0.006156  -0.006520  0.999978  0.001097  -0.006149  -0.001137  0.999980  0.000064  0.000000  
46.933896 0.000392  0.090318  -0.002533  0.996820  0.077113  -0.020087  -0.076490  0.996615  0.030126  0.022343  -0.028494  0.999344  -0.000682  -0.003703  -0.001451  0.020774  0.087430  0.222139  2.000000  0.999960  0.006514  0.006156  -0.006520  0.999978  0.001097  -0.006149  -0.001137  0.999980  0.999994  0.003128  -0.001383  -0.003128  0.999995  -0.000052  0.001383  0.000057  0.999999  1.000000  0.000000  0.000000  0.000000  1.000000  0.000000  0.000000  0.000000  1.000000  0.999960  0.006514  0.006156  -0.006520  0.999978  0.001097  -0.006149  -0.001137  0.999980  0.000060  0.000000  
46.934898 0.000390  0.090315  -0.002536  0.996820  0.077113  -0.020087  -0.076490  0.996615  0.030126  0.022343  -0.028494  0.999344  -0.000884  -0.003727  -0.001552  0.016457  0.083351  0.208310  2.000000  0.999960  0.006514  0.006156  -0.006520  0.999978  0.001097  -0.006149  -0.001137  0.999980  0.999996  0.002713  -0.001261  -0.002713  0.999996  -0.000183  0.001261  0.000186  0.999999  1.000000  0.000000  0.000000  0.000000  1.000000  0.000000  0.000000  0.000000  1.000000  0.999960  0.006514  0.006156  -0.006520  0.999978  0.001097  -0.006149  -0.001137  0.999980  0.000056  0.000000  
46.935899 0.000387  0.090311  -0.002539  0.996820  0.077111  -0.020097  -0.076490  0.996619  0.030005  0.022343  -0.028373  0.999348  -0.001139  -0.003770  -0.001750  0.012150  0.074827  0.194318  2.000000  0.999960  0.006514  0.006156  -0.006520  0.999978  0.001097  -0.006149  -0.001137  0.999980  0.999996  0.002503  -0.001134  -0.002503  0.999997  -0.000309  0.001133  0.000312  0.999999  1.000000  0.000000  0.000000  0.000000  1.000000  0.000000  0.000000  0.000000  1.000000  0.999960  0.006514  0.006156  -0.006520  0.999978  0.001097  -0.006149  -0.001137  0.999980  0.000053  0.000000  
46.936910 0.000384  0.090307  -0.002542  0.996820  0.077111  -0.020097  -0.076490  0.996619  0.030005  0.022343  -0.028373  0.999348  -0.001345  -0.003757  -0.001877  0.007742  0.071489  0.174964  2.000000  0.999960  0.006514  0.006156  -0.006520  0.999978  0.001097  -0.006149  -0.001137  0.999980  0.999997  0.002294  -0.001006  -0.002294  0.999997  -0.000313  0.001005  0.000316  0.999999  1.000000  0.000000  0.000000  0.000000  1.000000  0.000000  0.000000  0.000000  1.000000  0.999960  0.006514  0.006156  -0.006520  0.999978  0.001097  -0.006149  -0.001137  0.999980  0.000049  0.000000  
46.938162 0.000380  0.090303  -0.002546  0.996820  0.077111  -0.020097  -0.076490  0.996619  0.030005  0.022343  -0.028373  0.999348  -0.001603  -0.003705  -0.002056  0.000000  0.000000  0.000000  2.000000  0.999960  0.006514  0.006156  -0.006520  0.999978  0.001097  -0.006149  -0.001137  0.999980  0.999998  0.001878  -0.000884  -0.001879  0.999998  -0.000323  0.000883  0.000324  1.000000  1.000000  0.000000  0.000000  0.000000  1.000000  0.000000  0.000000  0.000000  1.000000  0.999960  0.006514  0.006156  -0.006520  0.999978  0.001097  -0.006149  -0.001137  0.999980  0.000000  0.000000  
46.939408 0.000375  0.090299  -0.002551  0.996804  0.077316  -0.020091  -0.076695  0.996603  0.030009  0.022343  -0.028373  0.999348  -0.001885  -0.003701  -0.002244  0.000000  0.000000  0.000000  2.000000  0.999960  0.006514  0.006156  -0.006520  0.999978  0.001097  -0.006149  -0.001137  0.999980  0.999998  0.001669  -0.000756  -0.001669  0.999999  -0.000327  0.000755  0.000328  1.000000  1.000000  0.000000  0.000000  0.000000  1.000000  0.000000  0.000000  0.000000  1.000000  0.999960  0.006514  0.006156  -0.006520  0.999978  0.001097  -0.006149  -0.001137  0.999980  0.000000  0.000000  
46.940656 0.000371  0.090296  -0.002555  0.996804  0.077313  -0.020100  -0.076695  0.996606  0.029888  0.022343  -0.028251  0.999351  -0.002143  -0.003649  -0.002423  0.000000  0.000000  0.000000  2.000000  0.999960  0.006514  0.006156  -0.006520  0.999978  0.001097  -0.006149  -0.001137  0.999980  0.999998  0.001669  -0.000756  -0.001669  0.999999  -0.000448  0.000755  0.000450  1.000000  1.000000  0.000000  0.000000  0.000000  1.000000  0.000000  0.000000  0.000000  1.000000  0.999960  0.006514  0.006156  -0.006520  0.999978  0.001097  -0.006149  -0.001137  0.999980  0.000000  0.000000  
46.941901 0.000367  0.090292  -0.002558  0.996804  0.077313  -0.020100  -0.076695  0.996606  0.029888  0.022343  -0.028251  0.999351  -0.002416  -0.003594  -0.002571  0.000000  0.000000  0.000000  2.000000  0.999960  0.006514  0.006156  -0.006520  0.999978  0.001097  -0.006149  -0.001137  0.999980  0.999999  0.001459  -0.000628  -0.001459  0.999999  -0.000453  0.000627  0.000454  1.000000  1.000000  0.000000  0.000000  0.000000  1.000000  0.000000  0.000000  0.000000  1.000000  0.999960  0.006514  0.006156  -0.006520  0.999978  0.001097  -0.006149  -0.001137  0.999980  0.000000  0.000000  
46.942905 0.000363  0.090289  -0.002560  0.996804  0.077313  -0.020100  -0.076695  0.996606  0.029888  0.022343  -0.028251  0.999351  -0.002643  -0.003556  -0.002676  0.000000  0.000000  0.000000  2.000000  0.999960  0.006514  0.006156  -0.006520  0.999978  0.001097  -0.006149  -0.001137  0.999980  0.999999  0.001253  -0.000634  -0.001254  0.999999  -0.000458  0.000633  0.000458  1.000000  1.000000  0.000000  0.000000  0.000000  1.000000  0.000000  0.000000  0.000000  1.000000  0.999960  0.006514  0.006156  -0.006520  0.999978  0.001097  -0.006149  -0.001137  0.999980  0.000000  0.000000  
46.944160 0.000359  0.090285  -0.002564  0.996804  0.077313  -0.020100  -0.076695  0.996606  0.029888  0.022343  -0.028251  0.999351  -0.002839  -0.003450  -0.002815  0.000000  0.000000  0.000000  2.000000  0.999960  0.006514  0.006156  -0.006520  0.999978  0.001097  -0.006149  -0.001137  0.999980  0.999999  0.001044  -0.000506  -0.001044  0.999999  -0.000462  0.000505  0.000463  1.000000  1.000000  0.000000  0.000000  0.000000  1.000000  0.000000  0.000000  0.000000  1.000000  0.999960  0.006514  0.006156  -0.006520  0.999978  0.001097  -0.006149  -0.001137  0.999980  0.000000  0.000000  
46.945400 0.000353  0.090281  -0.002568  0.996804  0.077311  -0.020109  -0.076695  0.996610  0.029768  0.022343  -0.028130  0.999355  -0.003030  -0.003369  -0.002945  0.000000  0.000000  0.000000  2.000000  0.999960  0.006514  0.006156  -0.006520  0.999978  0.001097  -0.006149  -0.001137  0.999980  0.999999  0.001044  -0.000506  -0.001044  0.999999  -0.000462  0.000506  0.000463  1.000000  1.000000  0.000000  0.000000  0.000000  1.000000  0.000000  0.000000  0.000000  1.000000  0.999960  0.006514  0.006156  -0.006520  0.999978  0.001097  -0.006149  -0.001137  0.999980  0.000000  0.000000  
46.946403 0.000350  0.090278  -0.002572  0.996804  0.077311  -0.020109  -0.076695  0.996610  0.029768  0.022343  -0.028130  0.999355  -0.003156  -0.003334  -0.003056  0.000000  0.000000  0.000000  2.000000  0.999960  0.006514  0.006156  -0.006520  0.999978  0.001097  -0.006149  -0.001137  0.999980  1.000000  0.000834  -0.000378  -0.000834  1.000000  -0.000467  0.000378  0.000467  1.000000  1.000000  0.000000  0.000000  0.000000  1.000000  0.000000  0.000000  0.000000  1.000000  0.999960  0.006514  0.006156  -0.006520  0.999978  0.001097  -0.006149  -0.001137  0.999980  0.000000  0.000000  
46.947647 0.000346  0.090273  -0.002577  0.996804  0.077311  -0.020109  -0.076695  0.996610  0.029768  0.022343  -0.028130  0.999355  -0.003276  -0.003280  -0.003210  0.000000  0.000000  0.000000  2.000000  0.999960  0.006514  0.006156  -0.006520  0.999978  0.001097  -0.006149  -0.001137  0.999980  1.000000  0.000830  -0.000244  -0.000831  1.000000  -0.000467  0.000244  0.000467  1.000000  1.000000  0.000000  0.000000  0.000000  1.000000  0.000000  0.000000  0.000000  1.000000  0.999960  0.006514  0.006156  -0.006520  0.999978  0.001097  -0.006149  -0.001137  0.999980  0.000000  0.000000  
46.948823 0.000342  0.090270  -0.002582  0.996804  0.077311  -0.020109  -0.076695  0.996610  0.029768  0.022343  -0.028130  0.999355  -0.003311  -0.003206  -0.003283  0.000000  0.000000  0.000000  2.000000  0.999960  0.006514  0.006156  -0.006520  0.999978  0.001097  -0.006149  -0.001137  0.999980  1.000000  0.000625  -0.000250  -0.000625  1.000000  -0.000471  0.000250  0.000472  1.000000  1.000000  0.000000  0.000000  0.000000  1.000000  0.000000  0.000000  0.000000  1.000000  0.999960  0.006514  0.006156  -0.006520  0.999978  0.001097  -0.006149  -0.001137  0.999980  0.000000  0.000000  
46.949896 0.000339  0.090266  -0.002587  0.996804  0.077308  -0.020119  -0.076695  0.996614  0.029647  0.022343  -0.028009  0.999358  -0.003410  -0.003233  -0.003439  0.000000  0.000000  0.000000  2.000000  0.999960  0.006514  0.006156  -0.006520  0.999978  0.001097  -0.006149  -0.001137  0.999980  1.000000  0.000621  -0.000116  -0.000621  1.000000  -0.000593  0.000116  0.000593  1.000000  1.000000  0.000000  0.000000  0.000000  1.000000  0.000000  0.000000  0.000000  1.000000  0.999960  0.006514  0.006156  -0.006520  0.999978  0.001097  -0.006149  -0.001137  0.999980  0.000000  0.000000  
46.951144 0.000336  0.090263  -0.002593  0.996804  0.077308  -0.020119  -0.076695  0.996614  0.029647  0.022343  -0.028009  0.999358  -0.003371  -0.003152  -0.003537  0.000000  0.000000  0.000000  2.000000  0.999960  0.006514  0.006156  -0.006520  0.999978  0.001097  -0.006149  -0.001137  0.999980  1.000000  0.000621  -0.000116  -0.000621  1.000000  -0.000593  0.000116  0.000593  1.000000  1.000000  0.000000  0.000000  0.000000  1.000000  0.000000  0.000000  0.000000  1.000000  0.999960  0.006514  0.006156  -0.006520  0.999978  0.001097  -0.006149  -0.001137  0.999980  0.000000  0.000000  
46.952144 0.000334  0.090260  -0.002598  0.996804  0.077308  -0.020119  -0.076695  0.996614  0.029647  0.022343  -0.028009  0.999358  -0.003312  -0.003119  -0.003629  0.000000  0.000000  0.000000  2.000000  0.999960  0.006514  0.006156  -0.006520  0.999978  0.001097  -0.006149  -0.001137  0.999980  1.000000  0.000411  0.000012  -0.000411  1.000000  -0.000597  -0.000012  0.000597  1.000000  1.000000  0.000000  0.000000  0.000000  1.000000  0.000000  0.000000  0.000000  1.000000  0.999960  0.006514  0.006156  -0.006520  0.999978  0.001097  -0.006149  -0.001137  0.999980  0.000000  0.000000  
46.953152 0.000332  0.090257  -0.002603  0.996804  0.077308  -0.020119  -0.076695  0.996614  0.029647  0.022343  -0.028009  0.999358  -0.003216  -0.003106  -0.003741  0.000000  0.000000  0.000000  2.000000  0.999960  0.006514  0.006156  -0.006520  0.999978  0.001097  -0.006149  -0.001137  0.999980  1.000000  0.000411  0.000012  -0.000411  1.000000  -0.000597  -0.000012  0.000597  1.000000  1.000000  0.000000  0.000000  0.000000  1.000000  0.000000  0.000000  0.000000  1.000000  0.999960  0.006514  0.006156  -0.006520  0.999978  0.001097  -0.006149  -0.001137  0.999980  0.000000  0.000000  
46.954156 0.000330  0.090255  -0.002608  0.996804  0.077308  -0.020119  -0.076695  0.996614  0.029647  0.022343  -0.028009  0.999358  -0.003068  -0.003020  -0.003844  0.000000  0.000000  0.000000  2.000000  0.999960  0.006514  0.006156  -0.006520  0.999978  0.001097  -0.006149  -0.001137  0.999980  1.000000  0.000411  0.000012  -0.000411  1.000000  -0.000597  -0.000012  0.000597  1.000000  1.000000  0.000000  0.000000  0.000000  1.000000  0.000000  0.000000  0.000000  1.000000  0.999960  0.006514  0.006156  -0.006520  0.999978  0.001097  -0.006149  -0.001137  0.999980  0.000000  0.000000  
46.955403 0.000328  0.090251  -0.002614  0.996804  0.077308  -0.020119  -0.076695  0.996614  0.029647  0.022343  -0.028009  0.999358  -0.002906  -0.003018  -0.004020  0.000000  0.000000  0.000000  2.000000  0.999960  0.006514  0.006156  -0.006520  0.999978  0.001097  -0.006149  -0.001137  0.999980  1.000000  0.000411  0.000012  -0.000411  1.000000  -0.000476  -0.000012  0.000476  1.000000  1.000000  0.000000  0.000000  0.000000  1.000000  0.000000  0.000000  0.000000  1.000000  0.999960  0.006514  0.006156  -0.006520  0.999978  0.001097  -0.006149  -0.001137  0.999980  0.000000  0.000000  
46.956404 0.000327  0.090248  -0.002620  0.996804  0.077308  -0.020119  -0.076695  0.996614  0.029647  0.022343  -0.028009  0.999358  -0.002788  -0.003041  -0.004183  0.000000  0.000000  0.000000  2.000000  0.999960  0.006514  0.006156  -0.006520  0.999978  0.001097  -0.006149  -0.001137  0.999980  1.000000  0.000206  0.000006  -0.000206  1.000000  -0.000481  -0.000006  0.000481  1.000000  1.000000  0.000000  0.000000  0.000000  1.000000  0.000000  0.000000  0.000000  1.000000  0.999960  0.006514  0.006156  -0.006520  0.999978  0.001097  -0.006149  -0.001137  0.999980  0.000000  0.000000  
46.957648 0.000326  0.090244  -0.002626  0.996804  0.077308  -0.020119  -0.076695  0.996614  0.029647  0.022343  -0.028009  0.999358  -0.002558  -0.003025  -0.004432  0.000000  0.000000  0.000000  2.000000  0.999960  0.006514  0.006156  -0.006520  0.999978  0.001097  -0.006149  -0.001137  0.999980  1.000000  0.000206  0.000006  -0.000206  1.000000  -0.000481  -0.000006  0.000481  1.000000  1.000000  0.000000  0.000000  0.000000  1.000000  0.000000  0.000000  0.000000  1.000000  0.999960  0.006514  0.006156  -0.006520  0.999978  0.001097  -0.006149  -0.001137  0.999980  0.000000  0.000000  
46.958649 0.000324  0.090241  -0.002632  0.996804  0.077308  -0.020119  -0.076695  0.996614  0.029647  0.022343  -0.028009  0.999358  -0.002417  -0.003052  -0.004657  0.000000  0.000000  0.000000  2.000000  0.999960  0.006514  0.006156  -0.006520  0.999978  0.001097  -0.006149  -0.001137  0.999980  1.000000  0.000206  0.000006  -0.000206  1.000000  -0.000359  -0.000006  0.000359  1.000000  1.000000  0.000000  0.000000  0.000000  1.000000  0.000000  0.000000  0.000000  1.000000  0.999960  0.006514  0.006156  -0.006520  0.999978  0.001097  -0.006149  -0.001137  0.999980  0.000000  0.000000  
46.959902 0.000324  0.090238  -0.002639  0.996804  0.077308  -0.020119  -0.076695  0.996614  0.029647  0.022343  -0.028009  0.999358  -0.002069  -0.002997  -0.004835  0.000000  0.000000  0.000000  2.000000  0.999960  0.006514  0.006156  -0.006520  0.999978  0.001097  -0.006149  -0.001137  0.999980  1.000000  0.000206  0.000006  -0.000206  1.000000  -0.000359  -0.000006  0.000359  1.000000  1.000000  0.000000  0.000000  0.000000  1.000000  0.000000  0.000000  0.000000  1.000000  0.999960  0.006514  0.006156  -0.006520  0.999978  0.001097  -0.006149  -0.001137  0.999980  0.000000  0.000000  
46.960916 0.000323  0.090235  -0.002644  0.996804  0.077308  -0.020119  -0.076695  0.996614  0.029647  0.022343  -0.028009  0.999358  -0.001891  -0.002906  -0.004882  0.000000  0.000000  0.000000  2.000000  0.999960  0.006514  0.006156  -0.006520  0.999978  0.001097  -0.006149  -0.001137  0.999980  1.000000  0.000206  0.000006  -0.000206  1.000000  -0.000359  -0.000006  0.000359  1.000000  1.000000  0.000000  0.000000  0.000000  1.000000  0.000000  0.000000  0.000000  1.000000  0.999960  0.006514  0.006156  -0.006520  0.999978  0.001097  -0.006149  -0.001137  0.999980  0.000000  0.000000  
