1-Time 2-Px 3-Py 4-Pz 5-R11 6-R21 7-R31 8-R12 9-R22 10-R32 11-R13 12-R23 13-R33 14-Vx 15-Vy 16-Vz 17-Wx 18-Wy 19-Wz 20-state
114.212638 0.015340  -0.013976  -0.009156  0.756126  0.653113  -0.041422  -0.522695  0.564627  -0.638738  -0.393781  0.504618  0.768308  -0.001400  -0.000759  0.002960  -0.244768  -0.286510  -0.088368  1.000000  
114.213745 0.015340  -0.013976  -0.009152  0.756234  0.652992  -0.041369  -0.522539  0.564684  -0.638815  -0.393781  0.504711  0.768247  -0.000437  0.000376  0.005454  0.000000  0.000000  0.000000  1.000000  
114.215013 0.015334  -0.013972  -0.009138  0.756385  0.652820  -0.041322  -0.522413  0.564857  -0.638765  -0.393658  0.504740  0.768291  -0.002934  0.001959  0.008711  0.000000  0.000000  0.000000  1.000000  
114.216252 0.015327  -0.013967  -0.009121  0.756536  0.652643  -0.041355  -0.522287  0.564952  -0.638784  -0.393535  0.504862  0.768274  -0.004001  0.002811  0.010588  0.000000  0.000000  0.000000  1.000000  
114.217487 0.015322  -0.013963  -0.009107  0.756643  0.652522  -0.041302  -0.522132  0.565009  -0.638861  -0.393535  0.504955  0.768213  -0.004033  0.002953  0.010964  0.000000  0.000000  0.000000  1.000000  
114.218488 0.015317  -0.013960  -0.009096  0.756794  0.652350  -0.041255  -0.522006  0.565182  -0.638811  -0.393412  0.504984  0.768257  -0.004212  0.002978  0.010970  0.000000  0.000000  0.000000  1.000000  
114.219737 0.015308  -0.013954  -0.009082  0.756902  0.652234  -0.041124  -0.521850  0.565316  -0.638819  -0.393412  0.504984  0.768257  -0.004680  0.003261  0.010903  0.000000  0.000000  0.000000  1.000000  
114.220758 0.015300  -0.013948  -0.009072  0.757052  0.652062  -0.041077  -0.521724  0.565489  -0.638770  -0.393289  0.505013  0.768301  -0.005159  0.003572  0.010855  0.000000  0.000000  0.000000  1.000000  
114.221758 0.015291  -0.013942  -0.009062  0.757160  0.651945  -0.040945  -0.521568  0.565623  -0.638778  -0.393289  0.505013  0.768301  -0.005593  0.003878  0.010752  0.000000  0.000000  0.000000  1.000000  
114.222759 0.015282  -0.013936  -0.009052  0.757310  0.651773  -0.040899  -0.521442  0.565795  -0.638728  -0.393166  0.505042  0.768345  -0.005939  0.004121  0.010670  0.000000  0.000000  0.000000  1.000000  
114.223988 0.015271  -0.013928  -0.009038  0.757461  0.651601  -0.040852  -0.521316  0.565968  -0.638678  -0.393043  0.505071  0.768389  -0.006245  0.004386  0.010768  0.000000  0.000000  0.000000  1.000000  
114.224990 0.015263  -0.013921  -0.009025  0.757612  0.651434  -0.040726  -0.521190  0.566218  -0.638560  -0.392920  0.505006  0.768494  -0.006404  0.004550  0.010938  0.000000  0.000000  0.000000  1.000000  
114.225993 0.015254  -0.013915  -0.009012  0.757655  0.651378  -0.040811  -0.521220  0.566256  -0.638501  -0.392797  0.505035  0.768538  -0.006595  0.004672  0.011051  0.000000  0.000000  0.000000  1.000000  
114.227236 0.015242  -0.013908  -0.008994  0.757806  0.651206  -0.040764  -0.521093  0.566429  -0.638452  -0.392673  0.505064  0.768582  -0.006864  0.004779  0.011375  0.000000  0.000000  0.000000  1.000000  
114.228237 0.015231  -0.013902  -0.008977  0.757956  0.651034  -0.040717  -0.520967  0.566601  -0.638402  -0.392550  0.505093  0.768626  -0.007229  0.004931  0.011813  0.000000  0.000000  0.000000  1.000000  
114.229486 0.015219  -0.013892  -0.008956  0.758107  0.650866  -0.040592  -0.520841  0.566851  -0.638283  -0.392427  0.505028  0.768731  -0.007882  0.005473  0.012561  0.000000  0.000000  0.000000  1.000000  
114.230736 0.015207  -0.013882  -0.008937  0.758214  0.650749  -0.040460  -0.520685  0.566985  -0.638291  -0.392427  0.505028  0.768731  -0.008191  0.005793  0.012699  0.000000  0.000000  0.000000  1.000000  
114.231987 0.015198  -0.013870  -0.008921  0.758364  0.650577  -0.040414  -0.520558  0.567157  -0.638242  -0.392304  0.505057  0.768775  -0.008378  0.006261  0.012752  0.000000  0.000000  0.000000  1.000000  
114.232991 0.015189  -0.013862  -0.008909  0.758515  0.650409  -0.040288  -0.520432  0.567406  -0.638123  -0.392181  0.504993  0.768880  -0.008750  0.006680  0.012836  0.000000  0.000000  0.000000  1.000000  
114.234236 0.015179  -0.013851  -0.008894  0.758708  0.650181  -0.040327  -0.520335  0.567617  -0.638015  -0.391935  0.505050  0.768967  -0.008935  0.007043  0.012933  0.000000  0.000000  0.000000  1.000000  
114.235486 0.015167  -0.013840  -0.008875  0.758966  0.649896  -0.040070  -0.520052  0.568000  -0.637904  -0.391812  0.504986  0.769073  -0.009005  0.007312  0.013355  0.000000  0.000000  0.000000  1.000000  
114.236488 0.015159  -0.013831  -0.008858  0.759159  0.649668  -0.040108  -0.519955  0.568210  -0.637796  -0.391566  0.505043  0.769160  -0.008936  0.007501  0.013800  0.000000  0.000000  0.000000  1.000000  
114.237496 0.015151  -0.013821  -0.008840  0.759310  0.649500  -0.039983  -0.519828  0.568459  -0.637677  -0.391443  0.504979  0.769265  -0.008918  0.007745  0.014291  0.000000  0.000000  0.000000  1.000000  
114.238740 0.015142  -0.013808  -0.008816  0.759503  0.649276  -0.039943  -0.519731  0.568747  -0.637500  -0.391196  0.504943  0.769414  -0.008768  0.008114  0.014957  0.000000  0.000000  0.000000  1.000000  
114.240003 0.015132  -0.013795  -0.008792  0.759653  0.649103  -0.039897  -0.519604  0.568918  -0.637450  -0.391073  0.504972  0.769458  -0.008746  0.008477  0.015571  0.085232  -0.001240  -0.200399  1.000000  
114.241004 0.015123  -0.013786  -0.008774  0.759803  0.648931  -0.039851  -0.519478  0.569090  -0.637400  -0.390950  0.505000  0.769501  -0.008743  0.008674  0.015881  0.085057  -0.000915  -0.201509  1.000000  
114.242235 0.015112  -0.013775  -0.008752  0.759846  0.648875  -0.039936  -0.519507  0.569128  -0.637342  -0.390827  0.505029  0.769545  -0.008685  0.008883  0.016136  0.081466  0.002944  -0.195542  1.000000  
114.243494 0.015102  -0.013763  -0.008734  0.759890  0.648819  -0.040021  -0.519537  0.569166  -0.637284  -0.390704  0.505058  0.769589  -0.008460  0.009127  0.015932  0.079424  0.006597  -0.193118  1.000000  
114.244739 0.015092  -0.013752  -0.008719  0.760040  0.648646  -0.039974  -0.519410  0.569338  -0.637234  -0.390581  0.505087  0.769633  -0.008312  0.009250  0.015519  0.083452  0.006580  -0.193139  1.000000  
114.245986 0.015083  -0.013738  -0.008704  0.760083  0.648595  -0.039981  -0.519439  0.569454  -0.637107  -0.390457  0.505022  0.769738  -0.008144  0.009487  0.015292  0.086181  0.013513  -0.182683  1.000000  
114.246990 0.015075  -0.013727  -0.008692  0.760126  0.648539  -0.040066  -0.519469  0.569492  -0.637049  -0.390334  0.505051  0.769781  -0.008137  0.009547  0.015313  0.000000  0.000000  0.000000  1.000000  
114.248238 0.015066  -0.013716  -0.008676  0.760362  0.648255  -0.040190  -0.519400  0.569740  -0.636883  -0.389965  0.505136  0.769912  -0.008116  0.009595  0.015422  0.000000  0.000000  0.000000  1.000000  
114.249486 0.015056  -0.013706  -0.008657  0.760555  0.648031  -0.040150  -0.519303  0.570026  -0.636706  -0.389718  0.505100  0.770061  -0.008005  0.009542  0.015591  0.000000  0.000000  0.000000  1.000000  
114.250736 0.015046  -0.013695  -0.008634  0.760641  0.647924  -0.040242  -0.519362  0.570180  -0.636521  -0.389472  0.505064  0.770209  -0.007934  0.009509  0.015805  0.000000  0.000000  0.000000  1.000000  
114.251736 0.015038  -0.013686  -0.008616  0.760684  0.647868  -0.040327  -0.519391  0.570218  -0.636463  -0.389349  0.505093  0.770253  -0.007974  0.009506  0.015813  0.000000  0.000000  0.000000  1.000000  
114.252989 0.015028  -0.013673  -0.008597  0.760770  0.647761  -0.040419  -0.519450  0.570371  -0.636277  -0.389102  0.505056  0.770401  -0.007978  0.009559  0.015590  0.000000  0.000000  0.000000  1.000000  
114.253992 0.015021  -0.013663  -0.008582  0.760813  0.647705  -0.040504  -0.519479  0.570410  -0.636219  -0.388979  0.505085  0.770445  -0.007912  0.009517  0.015215  0.000000  0.000000  0.000000  1.000000  
114.254994 0.015014  -0.013653  -0.008568  0.760963  0.647532  -0.040458  -0.519352  0.570581  -0.636169  -0.388856  0.505113  0.770488  -0.007862  0.009447  0.014916  0.000000  0.000000  0.000000  1.000000  
114.256322 0.015004  -0.013642  -0.008553  0.761156  0.647303  -0.040497  -0.519254  0.570790  -0.636061  -0.388609  0.505170  0.770575  -0.007845  0.009439  0.014440  0.000000  0.000000  0.000000  1.000000  
114.257490 0.014994  -0.013630  -0.008539  0.761242  0.647191  -0.040668  -0.519312  0.570867  -0.635945  -0.388362  0.505227  0.770662  -0.007707  0.009527  0.013938  0.000000  0.000000  0.000000  1.000000  
114.258810 0.014985  -0.013618  -0.008523  0.761478  0.646906  -0.040792  -0.519243  0.571114  -0.635779  -0.387992  0.505313  0.770792  -0.007610  0.009486  0.013843  0.000000  0.000000  0.000000  1.000000  
114.259986 0.014978  -0.013607  -0.008504  0.761713  0.646621  -0.040917  -0.519174  0.571362  -0.635613  -0.387622  0.505398  0.770923  -0.007470  0.009449  0.014115  0.000000  0.000000  0.000000  1.000000  
114.260989 0.014974  -0.013598  -0.008488  0.761949  0.646336  -0.041042  -0.519105  0.571609  -0.635447  -0.387252  0.505483  0.771053  -0.007236  0.009297  0.014418  0.000000  0.000000  0.000000  1.000000  
114.262236 0.014967  -0.013589  -0.008468  0.762184  0.646050  -0.041167  -0.519035  0.571856  -0.635282  -0.386882  0.505569  0.771183  -0.007076  0.009054  0.014827  0.000000  0.000000  0.000000  1.000000  
114.263486 0.014962  -0.013579  -0.008447  0.762419  0.645765  -0.041292  -0.518966  0.572103  -0.635116  -0.386512  0.505654  0.771312  -0.006847  0.009016  0.014957  0.000000  0.000000  0.000000  1.000000  
114.264492 0.014958  -0.013571  -0.008432  0.762504  0.645653  -0.041463  -0.519024  0.572179  -0.635000  -0.386265  0.505710  0.771399  -0.006554  0.008982  0.014881  0.000000  0.000000  0.000000  1.000000  
114.265736 0.014953  -0.013561  -0.008415  0.762782  0.645306  -0.041752  -0.518983  0.572388  -0.634845  -0.385772  0.505917  0.771510  -0.006206  0.008917  0.014605  0.000000  0.000000  0.000000  1.000000  
114.266736 0.014949  -0.013554  -0.008405  0.762974  0.645076  -0.041792  -0.518884  0.572597  -0.634738  -0.385525  0.505974  0.771597  -0.005907  0.008812  0.014068  0.059337  0.128308  -0.206218  1.000000  
114.267736 0.014947  -0.013544  -0.008396  0.763209  0.644786  -0.041995  -0.518814  0.572767  -0.634642  -0.385154  0.506152  0.771664  -0.005519  0.008733  0.013615  0.054790  0.134724  -0.209482  1.000000  
114.268986 0.014943  -0.013533  -0.008384  0.763294  0.644673  -0.042166  -0.518872  0.572843  -0.634526  -0.384907  0.506209  0.771751  -0.005207  0.008628  0.013218  0.048039  0.138159  -0.204130  1.000000  
114.269986 0.014939  -0.013525  -0.008373  0.763379  0.644556  -0.042415  -0.518930  0.572842  -0.634479  -0.384660  0.506359  0.771775  -0.005009  0.008556  0.013045  0.041330  0.145399  -0.201381  1.000000  
114.271001 0.014935  -0.013517  -0.008360  0.763529  0.644382  -0.042370  -0.518802  0.573013  -0.634430  -0.384537  0.506387  0.771818  -0.004675  0.008484  0.013162  0.041299  0.145329  -0.201292  1.000000  
114.272240 0.014930  -0.013508  -0.008342  0.763763  0.644091  -0.042574  -0.518731  0.573183  -0.634334  -0.384166  0.506565  0.771886  -0.004392  0.008239  0.013317  0.040219  0.150527  -0.213234  1.000000  
114.273494 0.014925  -0.013499  -0.008323  0.763891  0.643923  -0.042830  -0.518818  0.573297  -0.634160  -0.383796  0.506650  0.772015  -0.004056  0.008167  0.013665  0.039863  0.156739  -0.216381  1.000000  
114.274742 0.014923  -0.013487  -0.008301  0.764082  0.643693  -0.042870  -0.518718  0.573506  -0.634053  -0.383549  0.506706  0.772101  -0.003756  0.008103  0.013754  0.040171  0.161782  -0.220633  1.000000  
114.275987 0.014920  -0.013475  -0.008282  0.764317  0.643401  -0.043074  -0.518647  0.573675  -0.633957  -0.383178  0.506884  0.772168  -0.003613  0.008216  0.013780  0.034677  0.165831  -0.230962  1.000000  
114.276989 0.014917  -0.013466  -0.008267  0.764401  0.643289  -0.043245  -0.518705  0.573752  -0.633841  -0.382931  0.506941  0.772253  -0.003392  0.008337  0.013606  0.034366  0.168166  -0.231482  1.000000  
114.278240 0.014914  -0.013454  -0.008250  0.764444  0.643227  -0.043409  -0.518734  0.573713  -0.633853  -0.382807  0.507062  0.772235  -0.003246  0.008459  0.013377  0.027872  0.165515  -0.223139  1.000000  
114.279486 0.014911  -0.013442  -0.008234  0.764528  0.643110  -0.043658  -0.518791  0.573712  -0.633806  -0.382560  0.507212  0.772259  -0.003147  0.008609  0.013192  0.017023  0.169025  -0.217830  1.000000  
114.280492 0.014909  -0.013432  -0.008222  0.764528  0.643099  -0.043814  -0.518791  0.573558  -0.633945  -0.382560  0.507400  0.772136  -0.002995  0.008744  0.013088  0.004779  0.161464  -0.212875  1.000000  
114.281736 0.014906  -0.013419  -0.008207  0.764720  0.642863  -0.043932  -0.518691  0.573690  -0.633908  -0.382313  0.507549  0.772160  -0.002855  0.008971  0.013181  0.003327  0.160393  -0.218907  1.000000  
114.282736 0.014904  -0.013408  -0.008194  0.764762  0.642802  -0.044096  -0.518720  0.573651  -0.633920  -0.382189  0.507671  0.772141  -0.002854  0.009067  0.013567  -0.004819  0.157989  -0.218301  1.000000  
114.283986 0.014900  -0.013395  -0.008176  0.764805  0.642735  -0.044337  -0.518749  0.573536  -0.634001  -0.382065  0.507887  0.772060  -0.002870  0.009215  0.013905  -0.012880  0.156661  -0.216530  1.000000  
114.285236 0.014896  -0.013384  -0.008156  0.764889  0.642617  -0.044586  -0.518806  0.573535  -0.633954  -0.381818  0.508036  0.772084  -0.002846  0.009283  0.014264  -0.019587  0.163842  -0.213692  1.000000  
114.286236 0.014893  -0.013375  -0.008139  0.765038  0.642437  -0.044619  -0.518677  0.573629  -0.633975  -0.381694  0.508158  0.772065  -0.002740  0.009372  0.014514  -0.023714  0.160537  -0.211841  1.000000  
114.287242 0.014890  -0.013366  -0.008123  0.765081  0.642376  -0.044783  -0.518706  0.573590  -0.633987  -0.381571  0.508280  0.772046  -0.002629  0.009499  0.014574  -0.027708  0.156339  -0.208810  1.000000  
114.288497 0.014886  -0.013354  -0.008104  0.765123  0.642314  -0.044946  -0.518734  0.573551  -0.633998  -0.381447  0.508402  0.772027  -0.002638  0.009641  0.014508  -0.034779  0.153951  -0.200729  1.000000  
114.289740 0.014883  -0.013341  -0.008088  0.765230  0.642190  -0.044893  -0.518577  0.573606  -0.634077  -0.381447  0.508495  0.771966  -0.002680  0.009777  0.014199  -0.038474  0.141139  -0.191292  1.000000  
114.290741 0.014881  -0.013328  -0.008076  0.765272  0.642128  -0.045057  -0.518605  0.573568  -0.634089  -0.381323  0.508617  0.771947  -0.002642  0.009928  0.013955  -0.045554  0.138292  -0.182625  1.000000  
114.291741 0.014879  -0.013317  -0.008064  0.765421  0.641943  -0.045168  -0.518477  0.573584  -0.634179  -0.381200  0.508832  0.771866  -0.002597  0.010098  0.013758  -0.053717  0.134493  -0.180156  1.000000  
114.292746 0.014877  -0.013304  -0.008051  0.765463  0.641881  -0.045331  -0.518505  0.573545  -0.634191  -0.381076  0.508954  0.771847  -0.002534  0.010294  0.013642  -0.057346  0.129675  -0.176277  1.000000  
114.293988 0.014873  -0.013290  -0.008034  0.765654  0.641639  -0.045527  -0.518405  0.573600  -0.634224  -0.380828  0.509197  0.771808  -0.002603  0.010503  0.013820  -0.065999  0.123190  -0.172800  1.000000  
114.295004 0.014870  -0.013278  -0.008018  0.765696  0.641577  -0.045690  -0.518433  0.573561  -0.634235  -0.380705  0.509319  0.771789  -0.002686  0.010646  0.014005  -0.068630  0.122854  -0.164920  1.000000  
114.296236 0.014867  -0.013263  -0.007997  0.765845  0.641392  -0.045801  -0.518304  0.573578  -0.634326  -0.380581  0.509534  0.771708  -0.002676  0.010773  0.014452  -0.076849  0.111631  -0.157625  1.000000  
114.297486 0.014863  -0.013249  -0.007973  0.766036  0.641150  -0.045997  -0.518204  0.573632  -0.634359  -0.380334  0.509778  0.771669  -0.002775  0.010802  0.014977  -0.080950  0.107841  -0.155182  1.000000  
114.298487 0.014860  -0.013238  -0.007955  0.766078  0.641087  -0.046160  -0.518232  0.573594  -0.634371  -0.380210  0.509899  0.771650  -0.002799  0.010824  0.015225  -0.084332  0.106936  -0.153906  1.000000  
114.299736 0.014856  -0.013224  -0.007934  0.766311  0.640789  -0.046442  -0.518160  0.573686  -0.634346  -0.379839  0.510171  0.771653  -0.002724  0.011017  0.015279  -0.086496  0.104277  -0.160560  1.000000  
114.300986 0.014854  -0.013209  -0.007916  0.766502  0.640546  -0.046638  -0.518059  0.573741  -0.634379  -0.379591  0.510414  0.771614  -0.002635  0.011266  0.015138  -0.093925  0.107164  -0.161776  1.000000  
114.302236 0.014851  -0.013195  -0.007899  0.766628  0.640365  -0.047050  -0.518144  0.573702  -0.634345  -0.379220  0.510685  0.771617  -0.002605  0.011430  0.014979  -0.100584  0.110579  -0.156449  1.000000  
114.303237 0.014848  -0.013184  -0.007886  0.766819  0.640122  -0.047245  -0.518043  0.573756  -0.634378  -0.378972  0.510928  0.771578  -0.002602  0.011560  0.014867  -0.106060  0.107051  -0.161747  1.000000  
114.304318 0.014846  -0.013171  -0.007872  0.766945  0.639941  -0.047657  -0.518128  0.573717  -0.634344  -0.378600  0.511199  0.771581  -0.002563  0.011624  0.014754  -0.117461  0.111150  -0.157370  1.000000  
114.305490 0.014843  -0.013154  -0.007854  0.767029  0.639810  -0.048061  -0.518185  0.573563  -0.634437  -0.378353  0.511536  0.771479  -0.002553  0.011842  0.015061  -0.128950  0.110492  -0.156511  1.000000  
114.306494 0.014840  -0.013141  -0.007837  0.767262  0.639510  -0.048342  -0.518112  0.573656  -0.634413  -0.377981  0.511807  0.771482  -0.002652  0.011890  0.015390  -0.133026  0.114189  -0.159007  1.000000  
114.307743 0.014836  -0.013126  -0.007814  0.767387  0.639328  -0.048754  -0.518197  0.573617  -0.634378  -0.377610  0.512078  0.771484  -0.002709  0.011926  0.015805  -0.138201  0.118830  -0.162798  1.000000  
114.308986 0.014831  -0.013111  -0.007792  0.767619  0.639021  -0.049113  -0.518124  0.573632  -0.634424  -0.377238  0.512443  0.771423  -0.002766  0.011913  0.016159  -0.142570  0.121760  -0.171716  1.000000  
114.309991 0.014827  -0.013099  -0.007773  0.767745  0.638845  -0.049447  -0.518208  0.573671  -0.634320  -0.376866  0.512620  0.771487  -0.002829  0.011915  0.016363  -0.143762  0.130238  -0.178107  1.000000  
114.310992 0.014823  -0.013088  -0.007756  0.768019  0.638487  -0.049814  -0.518163  0.573802  -0.634239  -0.376370  0.512919  0.771531  -0.002993  0.011892  0.016312  -0.143787  0.141442  -0.185585  1.000000  
114.312236 0.014817  -0.013072  -0.007735  0.768185  0.638241  -0.050388  -0.518276  0.573725  -0.634217  -0.375874  0.513311  0.771512  -0.003094  0.012002  0.016152  -0.151998  0.148919  -0.190627  1.000000  
114.313486 0.014812  -0.013056  -0.007715  0.768500  0.637826  -0.050840  -0.518258  0.573894  -0.634078  -0.375254  0.513637  0.771596  -0.003169  0.012135  0.015973  -0.149409  0.160334  -0.205943  1.000000  
114.314736 0.014808  -0.013039  -0.007695  0.768667  0.637580  -0.051415  -0.518370  0.573817  -0.634055  -0.374758  0.514029  0.771576  -0.003244  0.012282  0.015948  -0.157591  0.171528  -0.213440  1.000000  
114.315737 0.014804  -0.013026  -0.007679  0.768833  0.637333  -0.051989  -0.518482  0.573740  -0.634033  -0.374262  0.514421  0.771556  -0.003392  0.012385  0.016077  -0.166995  0.184713  -0.213816  1.000000  
114.316986 0.014799  -0.013010  -0.007657  0.769147  0.636910  -0.052518  -0.518464  0.573833  -0.633964  -0.373642  0.514841  0.771577  -0.003507  0.012568  0.016388  -0.172533  0.196029  -0.229041  1.000000  
114.318236 0.014793  -0.012993  -0.007633  0.769354  0.636605  -0.053178  -0.518603  0.573795  -0.633885  -0.373021  0.515260  0.771597  -0.003655  0.012699  0.016839  -0.180651  0.210832  -0.238957  1.000000  
114.319486 0.014789  -0.012975  -0.007609  0.769561  0.636300  -0.053838  -0.518743  0.573757  -0.633805  -0.372400  0.515680  0.771617  -0.003706  0.012839  0.017388  -0.191363  0.229154  -0.243592  1.000000  
114.320503 0.014785  -0.012962  -0.007588  0.769726  0.636051  -0.054412  -0.518854  0.573681  -0.633783  -0.371903  0.516071  0.771595  -0.003874  0.012793  0.017729  -0.201035  0.242116  -0.253021  1.000000  
114.321741 0.014781  -0.012944  -0.007564  0.770039  0.635627  -0.054941  -0.518834  0.573774  -0.633714  -0.371282  0.516490  0.771614  -0.003852  0.012907  0.017902  -0.205208  0.253342  -0.260647  1.000000  
114.322994 0.014777  -0.012929  -0.007541  0.770245  0.635320  -0.055600  -0.518973  0.573737  -0.633635  -0.370661  0.516909  0.771632  -0.003848  0.012965  0.017918  -0.211911  0.271779  -0.265346  1.000000  
114.324240 0.014772  -0.012914  -0.007519  0.770450  0.635006  -0.056336  -0.519111  0.573623  -0.633625  -0.370040  0.517421  0.771587  -0.003875  0.012998  0.017886  -0.224176  0.286678  -0.275409  1.000000  
114.325488 0.014768  -0.012897  -0.007499  0.770763  0.634580  -0.056865  -0.519091  0.573716  -0.633557  -0.369418  0.517840  0.771604  -0.003821  0.013060  0.017742  -0.228301  0.297838  -0.283002  1.000000  
114.326493 0.014764  -0.012885  -0.007482  0.770885  0.634394  -0.057276  -0.519174  0.573679  -0.633523  -0.369045  0.518110  0.771601  -0.003827  0.013073  0.017756  -0.228283  0.305201  -0.288018  1.000000  
114.327736 0.014760  -0.012868  -0.007461  0.771197  0.633960  -0.057881  -0.519153  0.573696  -0.633525  -0.368423  0.518622  0.771554  -0.003672  0.013195  0.017805  -0.240617  0.316428  -0.295692  1.000000  
114.328986 0.014756  -0.012851  -0.007438  0.771401  0.633651  -0.058540  -0.519290  0.573659  -0.633445  -0.367801  0.519040  0.771570  -0.003621  0.013247  0.017894  -0.247296  0.331092  -0.297922  1.000000  
114.330236 0.014752  -0.012833  -0.007414  0.771712  0.633216  -0.059145  -0.519269  0.573676  -0.633448  -0.367179  0.519551  0.771522  -0.003598  0.013286  0.018193  -0.252914  0.338662  -0.310904  1.000000  
114.331236 0.014749  -0.012820  -0.007394  0.771875  0.632963  -0.059718  -0.519378  0.573601  -0.633426  -0.366681  0.519942  0.771496  -0.003509  0.013355  0.018438  -0.257438  0.346694  -0.308083  1.000000  
114.332488 0.014746  -0.012802  -0.007368  0.772038  0.632711  -0.060291  -0.519488  0.573526  -0.633404  -0.366183  0.520332  0.771469  -0.003406  0.013377  0.018651  -0.263675  0.353201  -0.313247  1.000000  
114.333736 0.014742  -0.012785  -0.007342  0.772348  0.632274  -0.060896  -0.519466  0.573543  -0.633407  -0.365560  0.520843  0.771419  -0.003329  0.013395  0.018781  -0.269657  0.361345  -0.318287  1.000000  
114.334986 0.014739  -0.012768  -0.007318  0.772551  0.631963  -0.061554  -0.519602  0.573507  -0.633327  -0.364938  0.521261  0.771432  -0.003204  0.013399  0.018720  -0.269679  0.368619  -0.323377  1.000000  
114.335986 0.014737  -0.012754  -0.007300  0.772819  0.631591  -0.061996  -0.519552  0.573562  -0.633318  -0.364439  0.521651  0.771404  -0.003103  0.013368  0.018532  -0.273762  0.375946  -0.328478  1.000000  
114.336991 0.014734  -0.012742  -0.007283  0.772981  0.631336  -0.062568  -0.519661  0.573488  -0.633297  -0.363941  0.522041  0.771376  -0.003082  0.013312  0.018407  -0.277786  0.379479  -0.331027  1.000000  
114.337993 0.014733  -0.012728  -0.007265  0.773143  0.631074  -0.063217  -0.519769  0.573336  -0.633345  -0.363442  0.522524  0.771283  -0.002946  0.013401  0.018378  -0.288236  0.386183  -0.336383  1.000000  
114.338997 0.014730  -0.012715  -0.007248  0.773411  0.630700  -0.063659  -0.519718  0.573392  -0.633336  -0.362944  0.522914  0.771254  -0.002883  0.013440  0.018364  -0.292621  0.390179  -0.339338  1.000000  
114.339999 0.014727  -0.012703  -0.007229  0.773572  0.630437  -0.064307  -0.519827  0.573241  -0.633384  -0.362445  0.523397  0.771161  -0.002770  0.013384  0.018492  -0.300484  0.393357  -0.341629  1.000000  
114.341241 0.014724  -0.012687  -0.007205  0.773733  0.630173  -0.064956  -0.519935  0.573090  -0.633432  -0.361946  0.523880  0.771067  -0.002684  0.013435  0.018782  -0.311519  0.397190  -0.336768  1.000000  
114.342487 0.014721  -0.012670  -0.007179  0.774041  0.629732  -0.065559  -0.519910  0.573108  -0.633436  -0.361322  0.524390  0.771013  -0.002614  0.013424  0.019080  -0.312890  0.393198  -0.342075  1.000000  
114.343736 0.014718  -0.012653  -0.007154  0.774241  0.629409  -0.066293  -0.520045  0.572996  -0.633426  -0.360699  0.524900  0.770958  -0.002516  0.013386  0.019269  -0.323644  0.396672  -0.336907  1.000000  
114.344986 0.014715  -0.012638  -0.007129  0.774442  0.629077  -0.067103  -0.520179  0.572808  -0.633486  -0.360074  0.525503  0.770839  -0.002509  0.013242  0.019320  -0.331835  0.400233  -0.339627  1.000000  
114.346236 0.014712  -0.012622  -0.007106  0.774601  0.628810  -0.067750  -0.520287  0.572657  -0.633534  -0.359575  0.525986  0.770743  -0.002473  0.013137  0.019117  -0.335972  0.396382  -0.337318  1.000000  
114.347486 0.014708  -0.012607  -0.007085  0.774801  0.628485  -0.068483  -0.520421  0.572546  -0.633524  -0.358951  0.526495  0.770686  -0.002491  0.013048  0.018886  -0.338522  0.399788  -0.332163  1.000000  
114.348488 0.014706  -0.012594  -0.007068  0.775067  0.628108  -0.068924  -0.520368  0.572602  -0.633517  -0.358451  0.526884  0.770653  -0.002468  0.012935  0.018580  -0.340074  0.396048  -0.337607  1.000000  
114.349737 0.014702  -0.012578  -0.007047  0.775266  0.627782  -0.069657  -0.520502  0.572491  -0.633507  -0.357827  0.527393  0.770595  -0.002478  0.012881  0.018383  -0.340129  0.395894  -0.337828  1.000000  
114.350989 0.014699  -0.012562  -0.007024  0.775465  0.627446  -0.070465  -0.520635  0.572304  -0.633567  -0.357202  0.527996  0.770472  -0.002498  0.012830  0.018402  -0.352028  0.399800  -0.332465  1.000000  
114.352236 0.014695  -0.012546  -0.007000  0.775663  0.627118  -0.071197  -0.520768  0.572193  -0.633557  -0.356577  0.528505  0.770413  -0.002558  0.012798  0.018537  -0.356079  0.399620  -0.332621  1.000000  
114.353239 0.014692  -0.012534  -0.006981  0.775861  0.626790  -0.071930  -0.520901  0.572083  -0.633548  -0.355952  0.529013  0.770353  -0.002684  0.012716  0.018709  -0.359140  0.402846  -0.335654  1.000000  
114.354249 0.014689  -0.012523  -0.006960  0.776019  0.626520  -0.072576  -0.521007  0.571934  -0.633596  -0.355452  0.529495  0.770253  -0.002731  0.012656  0.018838  -0.369625  0.406112  -0.330287  1.000000  
114.355490 0.014684  -0.012507  -0.006934  0.776256  0.626122  -0.073469  -0.521166  0.571787  -0.633598  -0.354701  0.530123  0.770166  -0.002801  0.012597  0.019016  -0.377910  0.413496  -0.335641  1.000000  
114.356493 0.014682  -0.012495  -0.006915  0.776413  0.625851  -0.074115  -0.521272  0.571637  -0.633645  -0.354201  0.530605  0.770065  -0.002807  0.012536  0.018986  -0.382004  0.413340  -0.335817  1.000000  
114.357744 0.014679  -0.012479  -0.006892  0.776649  0.625452  -0.075008  -0.521430  0.571491  -0.633647  -0.353450  0.531233  0.769977  -0.002769  0.012550  0.018836  -0.392620  0.420447  -0.333169  1.000000  
114.358993 0.014676  -0.012463  -0.006870  0.776884  0.625052  -0.075900  -0.521588  0.571344  -0.633649  -0.352699  0.531861  0.769888  -0.002757  0.012483  0.018579  -0.396710  0.423958  -0.335928  1.000000  
114.360240 0.014673  -0.012448  -0.006849  0.777119  0.624651  -0.076792  -0.521746  0.571198  -0.633651  -0.351947  0.532489  0.769798  -0.002767  0.012431  0.018386  -0.407427  0.431195  -0.333387  1.000000  
114.361486 0.014669  -0.012434  -0.006829  0.777354  0.624249  -0.077684  -0.521903  0.571052  -0.633653  -0.351196  0.533116  0.769707  -0.002799  0.012307  0.018197  -0.411595  0.434793  -0.336222  1.000000  
114.362489 0.014667  -0.012421  -0.006812  0.777548  0.623915  -0.078414  -0.522034  0.570944  -0.633643  -0.350569  0.533623  0.769641  -0.002732  0.012328  0.018183  -0.415626  0.442003  -0.341439  1.000000  
114.363738 0.014664  -0.012406  -0.006788  0.777782  0.623511  -0.079305  -0.522191  0.570798  -0.633645  -0.349817  0.534250  0.769548  -0.002758  0.012357  0.018437  -0.426293  0.449210  -0.338882  1.000000  
114.364738 0.014661  -0.012394  -0.006770  0.777976  0.623176  -0.080035  -0.522321  0.570690  -0.633635  -0.349191  0.534757  0.769481  -0.002784  0.012243  0.018457  -0.430418  0.452807  -0.341646  1.000000  
114.365738 0.014658  -0.012382  -0.006750  0.778170  0.622839  -0.080765  -0.522451  0.570582  -0.633625  -0.348564  0.535264  0.769413  -0.002769  0.012229  0.018572  -0.437410  0.459923  -0.338750  1.000000  
114.366986 0.014654  -0.012366  -0.006727  0.778440  0.622374  -0.081741  -0.522633  0.570478  -0.633569  -0.347686  0.535916  0.769356  -0.002770  0.012270  0.018564  -0.441528  0.467152  -0.344102  1.000000  
114.368236 0.014651  -0.012350  -0.006703  0.778672  0.621966  -0.082631  -0.522788  0.570333  -0.633571  -0.346933  0.536542  0.769259  -0.002692  0.012324  0.018509  -0.441533  0.470607  -0.346910  1.000000  
114.369237 0.014648  -0.012338  -0.006685  0.778903  0.621558  -0.083521  -0.522943  0.570189  -0.633573  -0.346180  0.537168  0.769162  -0.002699  0.012340  0.018354  -0.452065  0.481422  -0.346912  1.000000  
114.370244 0.014645  -0.012324  -0.006668  0.779133  0.621159  -0.084335  -0.523098  0.570122  -0.633505  -0.345427  0.537700  0.769129  -0.002633  0.012429  0.018027  -0.452176  0.488709  -0.352289  1.000000  
114.371250 0.014643  -0.012311  -0.006651  0.779363  0.620760  -0.085149  -0.523253  0.570056  -0.633438  -0.344673  0.538232  0.769095  -0.002654  0.012491  0.017925  -0.455614  0.499643  -0.360308  1.000000  
114.372495 0.014640  -0.012293  -0.006629  0.779631  0.620289  -0.086123  -0.523432  0.569953  -0.633382  -0.343794  0.538884  0.769032  -0.002601  0.012604  0.017833  -0.462718  0.511162  -0.360818  1.000000  
114.373747 0.014637  -0.012276  -0.006607  0.779828  0.619874  -0.087313  -0.523798  0.569763  -0.633251  -0.342788  0.539561  0.769006  -0.002631  0.012702  0.017800  -0.468657  0.525106  -0.362994  1.000000  
114.374991 0.014634  -0.012259  -0.006583  0.780170  0.619271  -0.088532  -0.524027  0.569664  -0.633149  -0.341657  0.540358  0.768950  -0.002624  0.012828  0.018025  -0.476901  0.539778  -0.373620  1.000000  
114.375993 0.014631  -0.012245  -0.006564  0.780398  0.618867  -0.089345  -0.524180  0.569599  -0.633081  -0.340902  0.540888  0.768912  -0.002614  0.012947  0.018240  -0.476907  0.550692  -0.381570  1.000000  
114.377237 0.014628  -0.012228  -0.006538  0.780630  0.618378  -0.090694  -0.524569  0.569375  -0.632961  -0.339770  0.541684  0.768853  -0.002686  0.013092  0.018556  -0.487569  0.569042  -0.386904  1.000000  
114.378486 0.014624  -0.012211  -0.006513  0.780931  0.617830  -0.091827  -0.524772  0.569238  -0.632916  -0.338763  0.542452  0.768755  -0.002696  0.013258  0.018659  -0.498081  0.582483  -0.388928  1.000000  
114.379486 0.014620  -0.012197  -0.006492  0.781049  0.617529  -0.092844  -0.525084  0.568970  -0.632898  -0.338008  0.543075  0.768648  -0.002738  0.013367  0.018852  -0.504497  0.593262  -0.389049  1.000000  
114.380490 0.014617  -0.012182  -0.006473  0.781311  0.617050  -0.093816  -0.525261  0.568870  -0.632841  -0.337126  0.543724  0.768577  -0.002782  0.013525  0.018746  -0.512693  0.605295  -0.397698  1.000000  
114.381740 0.014613  -0.012164  -0.006450  0.781502  0.616616  -0.095078  -0.525623  0.568607  -0.632777  -0.336118  0.544492  0.768475  -0.002809  0.013688  0.018745  -0.523241  0.619855  -0.400463  1.000000  
114.382742 0.014609  -0.012149  -0.006431  0.781763  0.616146  -0.095974  -0.525798  0.568585  -0.632651  -0.335236  0.545046  0.768467  -0.002886  0.013835  0.018716  -0.523280  0.627113  -0.405950  1.000000  
114.384018 0.014605  -0.012130  -0.006410  0.781989  0.615648  -0.097320  -0.526184  0.568364  -0.632528  -0.334101  0.545839  0.768399  -0.002941  0.014010  0.018629  -0.529390  0.644915  -0.411088  1.000000  
114.385235 0.014599  -0.012112  -0.006385  0.782322  0.615031  -0.098536  -0.526408  0.568271  -0.632426  -0.332966  0.546631  0.768328  -0.003101  0.014150  0.018866  -0.533440  0.654413  -0.418585  1.000000  
114.386236 0.014595  -0.012096  -0.006365  0.782472  0.614674  -0.099561  -0.526743  0.568124  -0.632279  -0.332083  0.547184  0.768317  -0.003189  0.014311  0.019067  -0.535957  0.669106  -0.421439  1.000000  
114.387248 0.014591  -0.012081  -0.006344  0.782621  0.614305  -0.100661  -0.527078  0.567900  -0.632201  -0.331199  0.547830  0.768238  -0.003365  0.014396  0.019311  -0.542418  0.681421  -0.422342  1.000000  
114.388494 0.014585  -0.012061  -0.006316  0.782915  0.613757  -0.101715  -0.527275  0.567845  -0.632086  -0.330189  0.548502  0.768193  -0.003518  0.014568  0.019738  -0.542413  0.688582  -0.427942  1.000000  
114.389749 0.014580  -0.012040  -0.006286  0.783099  0.613312  -0.102974  -0.527634  0.567587  -0.632019  -0.329178  0.549266  0.768081  -0.003658  0.014823  0.020142  -0.548699  0.699271  -0.428159  1.000000  
114.390993 0.014574  -0.012021  -0.006258  0.783282  0.612866  -0.104232  -0.527992  0.567329  -0.631951  -0.328167  0.550030  0.767967  -0.003879  0.014987  0.020404  -0.555126  0.710158  -0.428508  1.000000  
114.392240 0.014568  -0.012000  -0.006229  0.783501  0.612370  -0.105500  -0.528373  0.567191  -0.631757  -0.327030  0.550725  0.767954  -0.003997  0.015240  0.020568  -0.557521  0.724830  -0.431460  1.000000  
114.393242 0.014564  -0.011983  -0.006207  0.783645  0.611994  -0.106598  -0.528706  0.566970  -0.631676  -0.326144  0.551369  0.767868  -0.004068  0.015448  0.020736  -0.563795  0.735593  -0.431640  1.000000  
114.394243 0.014560  -0.011966  -0.006186  0.783789  0.611618  -0.107695  -0.529038  0.566750  -0.631596  -0.325259  0.552013  0.767781  -0.004110  0.015625  0.020789  -0.570153  0.746481  -0.431901  1.000000  
114.395244 0.014556  -0.011949  -0.006163  0.783896  0.611314  -0.108633  -0.529345  0.566566  -0.631504  -0.324500  0.552538  0.767725  -0.004150  0.015802  0.021016  -0.572365  0.753638  -0.429480  1.000000  
114.396494 0.014551  -0.011929  -0.006135  0.784002  0.610916  -0.110104  -0.529886  0.566227  -0.631353  -0.323360  0.553324  0.767639  -0.004222  0.015941  0.021321  -0.581040  0.771965  -0.427151  1.000000  
114.397742 0.014546  -0.011907  -0.006105  0.784215  0.610400  -0.111444  -0.530265  0.566016  -0.631225  -0.322221  0.554110  0.767552  -0.004172  0.016150  0.021811  -0.587330  0.782814  -0.427525  1.000000  
114.398742 0.014542  -0.011890  -0.006082  0.784246  0.610135  -0.112669  -0.530757  0.565673  -0.631119  -0.321334  0.554752  0.767460  -0.004236  0.016305  0.022277  -0.591851  0.793783  -0.419938  1.000000  
114.399743 0.014538  -0.011874  -0.006056  0.784350  0.609813  -0.113679  -0.531063  0.565414  -0.631094  -0.320574  0.555369  0.767332  -0.004216  0.016388  0.022612  -0.598133  0.801001  -0.417628  1.000000  
114.400745 0.014534  -0.011857  -0.006030  0.784379  0.609560  -0.114830  -0.531554  0.565149  -0.630918  -0.319686  0.555917  0.767305  -0.004199  0.016501  0.022987  -0.602477  0.810050  -0.409646  1.000000  
114.401992 0.014530  -0.011835  -0.005998  0.784478  0.609154  -0.116298  -0.532093  0.564815  -0.630763  -0.318545  0.556701  0.767211  -0.004101  0.016673  0.023457  -0.611256  0.823226  -0.402524  1.000000  
114.403242 0.014525  -0.011814  -0.005968  0.784541  0.608822  -0.117606  -0.532607  0.564516  -0.630596  -0.317530  0.557366  0.767149  -0.004079  0.016780  0.023613  -0.614815  0.831254  -0.394352  1.000000  
114.404247 0.014521  -0.011796  -0.005943  0.784567  0.608551  -0.118829  -0.533097  0.564177  -0.630486  -0.316642  0.558006  0.767051  -0.004046  0.016807  0.023684  -0.617700  0.837714  -0.390043  1.000000  
114.405491 0.014516  -0.011774  -0.005913  0.784627  0.608216  -0.120137  -0.533610  0.563880  -0.630317  -0.315626  0.558670  0.766986  -0.004004  0.016956  0.023796  -0.622128  0.841572  -0.377297  1.000000  
114.406492 0.014512  -0.011757  -0.005888  0.784542  0.608058  -0.121489  -0.534261  0.563416  -0.630180  -0.314738  0.559309  0.766885  -0.004027  0.016996  0.023884  -0.627726  0.853157  -0.364035  1.000000  
114.407754 0.014506  -0.011736  -0.005857  0.784634  0.607659  -0.122880  -0.534797  0.563163  -0.629952  -0.313594  0.559998  0.766852  -0.004039  0.017069  0.024124  -0.626387  0.859639  -0.359445  1.000000  
114.408989 0.014500  -0.011714  -0.005825  0.784505  0.607475  -0.124604  -0.535655  0.562585  -0.629739  -0.312451  0.560778  0.766748  -0.004079  0.017092  0.024414  -0.633179  0.874914  -0.346849  1.000000  
114.409993 0.014496  -0.011696  -0.005798  0.784526  0.607212  -0.125751  -0.536143  0.562326  -0.629555  -0.311561  0.561323  0.766712  -0.004054  0.017190  0.024729  -0.633370  0.886028  -0.339260  1.000000  
114.411239 0.014490  -0.011674  -0.005764  0.784469  0.606971  -0.127259  -0.536816  0.561832  -0.629423  -0.310544  0.562077  0.766571  -0.004082  0.017214  0.025162  -0.637605  0.889892  -0.326593  1.000000  
114.412239 0.014486  -0.011657  -0.005735  0.784377  0.606806  -0.128608  -0.537464  0.561373  -0.629279  -0.309653  0.562714  0.766464  -0.004091  0.017284  0.025567  -0.646929  0.901153  -0.313715  1.000000  
114.413486 0.014480  -0.011635  -0.005699  0.784318  0.606561  -0.130114  -0.538136  0.560881  -0.629144  -0.308635  0.563468  0.766321  -0.004201  0.017330  0.025924  -0.651018  0.904961  -0.301131  1.000000  
114.414486 0.014476  -0.011617  -0.005672  0.784223  0.606392  -0.131462  -0.538784  0.560424  -0.628997  -0.307744  0.564104  0.766212  -0.004248  0.017376  0.026083  -0.661545  0.916488  -0.285815  1.000000  
114.415736 0.014470  -0.011596  -0.005637  0.784084  0.606197  -0.133182  -0.539639  0.559852  -0.628773  -0.306598  0.564881  0.766099  -0.004315  0.017380  0.026276  -0.667800  0.927859  -0.270596  1.000000  
114.416737 0.014466  -0.011579  -0.005611  0.783986  0.606026  -0.134528  -0.540286  0.559397  -0.628623  -0.305707  0.565515  0.765987  -0.004335  0.017330  0.026292  -0.677903  0.938958  -0.255142  1.000000  
114.417986 0.014460  -0.011558  -0.005578  0.783922  0.605774  -0.136033  -0.540955  0.558909  -0.628480  -0.304687  0.566267  0.765838  -0.004387  0.017314  0.026422  -0.682025  0.946677  -0.245242  1.000000  
114.418989 0.014455  -0.011542  -0.005551  0.783822  0.605600  -0.137378  -0.541601  0.558456  -0.628327  -0.303795  0.566901  0.765723  -0.004508  0.017248  0.026575  -0.689958  0.954096  -0.235095  1.000000  
114.420253 0.014449  -0.011522  -0.005516  0.783676  0.605397  -0.139095  -0.542454  0.557888  -0.628095  -0.302648  0.567675  0.765604  -0.004570  0.017096  0.026854  -0.697591  0.973349  -0.221723  1.000000  
114.421493 0.014442  -0.011502  -0.005482  0.783561  0.605129  -0.140894  -0.543330  0.557366  -0.627803  -0.301372  0.568473  0.765515  -0.004626  0.017024  0.027144  -0.703871  0.988890  -0.209104  1.000000  
114.422755 0.014437  -0.011482  -0.005446  0.783411  0.604922  -0.142609  -0.544182  0.556801  -0.627566  -0.300224  0.569247  0.765391  -0.004629  0.016880  0.027396  -0.709815  1.003966  -0.196406  1.000000  
114.423990 0.014430  -0.011463  -0.005409  0.783258  0.604713  -0.144322  -0.545033  0.556238  -0.627326  -0.299075  0.570019  0.765266  -0.004739  0.016655  0.027761  -0.718092  1.014514  -0.184767  1.000000  
114.424990 0.014425  -0.011448  -0.005380  0.783151  0.604547  -0.145591  -0.545676  0.555866  -0.627097  -0.298181  0.570557  0.765214  -0.004761  0.016548  0.027882  -0.717857  1.022138  -0.174674  1.000000  
114.426249 0.014419  -0.011429  -0.005343  0.782995  0.604334  -0.147303  -0.546526  0.555305  -0.626854  -0.297031  0.571329  0.765086  -0.004822  0.016325  0.027952  -0.723282  1.034532  -0.163474  1.000000  
114.427487 0.014414  -0.011410  -0.005308  0.782983  0.603924  -0.149042  -0.547237  0.554838  -0.626648  -0.295753  0.572216  0.764918  -0.004772  0.016161  0.027980  -0.729275  1.044744  -0.160172  1.000000  
114.428488 0.014409  -0.011395  -0.005279  0.782871  0.603737  -0.150382  -0.547879  0.554392  -0.626481  -0.294859  0.572845  0.764792  -0.004755  0.015925  0.027983  -0.733025  1.052442  -0.150162  1.000000  
