1-Time 2-Px 3-Py 4-Pz 5-R11 6-R21 7-R31 8-R12 9-R22 10-R32 11-R13 12-R23 13-R33 14-Vx 15-Vy 16-Vz 17-Wx 18-Wy 19-Wz 20-state
139.691927 0.023355  0.002404  -0.007809  0.373312  0.763960  0.526311  -0.835076  0.523838  -0.168052  -0.404087  -0.376775  0.833520  0.008928  0.007076  0.001365  -0.190748  -0.112902  0.579991  1.000000  
139.692963 0.023365  0.002412  -0.007805  0.372968  0.764112  0.526335  -0.835230  0.523544  -0.168205  -0.404087  -0.376876  0.833474  0.012505  0.010606  0.004545  0.000000  0.000000  0.000000  1.000000  
139.694247 0.023367  0.002416  -0.007795  0.372624  0.764327  0.526266  -0.835383  0.523229  -0.168422  -0.404087  -0.376876  0.833474  0.005701  0.005784  0.006884  0.000000  0.000000  0.000000  1.000000  
139.695485 0.023361  0.002415  -0.007783  0.372280  0.764479  0.526289  -0.835537  0.522935  -0.168575  -0.404087  -0.376977  0.833428  0.001776  0.003343  0.007865  0.000000  0.000000  0.000000  1.000000  
139.696713 0.023362  0.002420  -0.007772  0.371764  0.764738  0.526277  -0.835767  0.522483  -0.168836  -0.404087  -0.377078  0.833382  0.001445  0.003573  0.008094  0.000000  0.000000  0.000000  1.000000  
139.697962 0.023363  0.002428  -0.007761  0.371420  0.764889  0.526301  -0.835920  0.522189  -0.168990  -0.404087  -0.377179  0.833337  0.001433  0.004163  0.008211  0.000000  0.000000  0.000000  1.000000  
139.698964 0.023360  0.002433  -0.007753  0.371075  0.765104  0.526231  -0.836072  0.521874  -0.169206  -0.404087  -0.377179  0.833337  0.000710  0.004310  0.008223  0.000000  0.000000  0.000000  1.000000  
139.699966 0.023354  0.002438  -0.007743  0.370731  0.765255  0.526254  -0.836225  0.521579  -0.169360  -0.404087  -0.377280  0.833291  -0.000185  0.004392  0.008391  0.000000  0.000000  0.000000  1.000000  
139.700977 0.023349  0.002444  -0.007735  0.370581  0.765319  0.526267  -0.836351  0.521396  -0.169303  -0.403964  -0.377403  0.833294  -0.000727  0.004628  0.008379  0.000000  0.000000  0.000000  1.000000  
139.702216 0.023346  0.002455  -0.007725  0.370064  0.765513  0.526348  -0.836580  0.520964  -0.169502  -0.403964  -0.377606  0.833203  -0.000909  0.005150  0.008395  0.000000  0.000000  0.000000  1.000000  
139.703234 0.023344  0.002464  -0.007716  0.369720  0.765664  0.526371  -0.836732  0.520670  -0.169655  -0.403964  -0.377707  0.833157  -0.001027  0.005457  0.008349  0.000000  0.000000  0.000000  1.000000  
139.704476 0.023338  0.002472  -0.007704  0.369375  0.765814  0.526394  -0.836884  0.520375  -0.169809  -0.403964  -0.377808  0.833111  -0.001398  0.005582  0.008488  0.000000  0.000000  0.000000  1.000000  
139.705717 0.023329  0.002478  -0.007690  0.369031  0.765901  0.526510  -0.837036  0.520101  -0.169899  -0.403964  -0.378010  0.833020  -0.001946  0.005506  0.008779  0.000000  0.000000  0.000000  1.000000  
139.706962 0.023316  0.002482  -0.007671  0.368686  0.766051  0.526533  -0.837188  0.519806  -0.170053  -0.403964  -0.378111  0.832974  -0.002618  0.005273  0.009341  0.000000  0.000000  0.000000  1.000000  
139.707963 0.023303  0.002479  -0.007655  0.368363  0.766221  0.526511  -0.837389  0.519465  -0.170105  -0.403842  -0.378234  0.832977  -0.004112  0.004461  0.010010  -0.045299  -0.127595  0.322796  1.000000  
139.709212 0.023282  0.002472  -0.007637  0.368363  0.766094  0.526697  -0.837389  0.519506  -0.169979  -0.403842  -0.378436  0.832885  -0.005677  0.003751  0.010535  -0.027704  -0.118262  0.299080  1.000000  
139.710459 0.023262  0.002467  -0.007623  0.368363  0.766030  0.526790  -0.837389  0.519527  -0.169916  -0.403842  -0.378537  0.832839  -0.006603  0.003493  0.010689  -0.019164  -0.110197  0.278633  1.000000  
139.711708 0.023246  0.002468  -0.007610  0.368190  0.766009  0.526941  -0.837465  0.519410  -0.169898  -0.403842  -0.378739  0.832747  -0.007679  0.003192  0.010808  -0.009760  -0.107158  0.269570  1.000000  
139.712708 0.023234  0.002469  -0.007599  0.368018  0.766052  0.526998  -0.837541  0.519273  -0.169944  -0.403842  -0.378840  0.832702  -0.008618  0.002887  0.010992  -0.007423  -0.105739  0.264776  1.000000  
139.713708 0.023221  0.002469  -0.007586  0.367996  0.765904  0.527229  -0.837491  0.519361  -0.169920  -0.403964  -0.379020  0.832560  -0.009327  0.002499  0.011279  0.004188  -0.106515  0.249868  1.000000  
139.714958 0.023206  0.002470  -0.007568  0.368169  0.765733  0.527357  -0.837415  0.519539  -0.169748  -0.403964  -0.379121  0.832514  -0.009815  0.002156  0.011732  0.012947  -0.097257  0.228596  1.000000  
139.715960 0.023198  0.002474  -0.007552  0.368341  0.765562  0.527485  -0.837340  0.519717  -0.169576  -0.403964  -0.379222  0.832468  -0.010076  0.001972  0.012191  0.000000  0.000000  0.000000  1.000000  
139.717220 0.023190  0.002482  -0.007534  0.368513  0.765327  0.527705  -0.837264  0.519916  -0.169342  -0.403964  -0.379424  0.832376  -0.010559  0.001630  0.012828  0.000000  0.000000  0.000000  1.000000  
139.718459 0.023182  0.002489  -0.007511  0.368341  0.765370  0.527763  -0.837340  0.519779  -0.169387  -0.403964  -0.379525  0.832330  -0.010755  0.001583  0.013496  0.000000  0.000000  0.000000  1.000000  
139.719708 0.023170  0.002491  -0.007489  0.368363  0.765326  0.527811  -0.837389  0.519753  -0.169222  -0.403842  -0.379648  0.832333  -0.011114  0.001194  0.014237  0.000000  0.000000  0.000000  1.000000  
139.720716 0.023158  0.002491  -0.007472  0.368557  0.765176  0.527894  -0.837363  0.519885  -0.168949  -0.403719  -0.379772  0.832337  -0.011387  0.000848  0.014533  0.000000  0.000000  0.000000  1.000000  
139.721961 0.023142  0.002490  -0.007453  0.368729  0.765004  0.528022  -0.837287  0.520063  -0.168777  -0.403719  -0.379873  0.832291  -0.011640  0.000528  0.014549  0.000000  0.000000  0.000000  1.000000  
139.722964 0.023129  0.002489  -0.007441  0.368773  0.765045  0.527932  -0.837386  0.519970  -0.168573  -0.403475  -0.379917  0.832389  -0.011501  0.000782  0.014276  0.000000  0.000000  0.000000  1.000000  
139.723964 0.023116  0.002489  -0.007428  0.368622  0.765109  0.527945  -0.837511  0.519786  -0.168517  -0.403352  -0.380041  0.832392  -0.011259  0.001178  0.014125  0.000000  0.000000  0.000000  1.000000  
139.724965 0.023101  0.002490  -0.007417  0.368644  0.765065  0.527993  -0.837560  0.519760  -0.168352  -0.403230  -0.380164  0.832395  -0.011152  0.001579  0.014080  0.000000  0.000000  0.000000  1.000000  
139.726209 0.023085  0.002495  -0.007402  0.368666  0.765022  0.528041  -0.837610  0.519734  -0.168187  -0.403107  -0.380288  0.832398  -0.011195  0.001869  0.014314  0.000000  0.000000  0.000000  1.000000  
139.727209 0.023071  0.002500  -0.007389  0.368687  0.765042  0.527996  -0.837659  0.519687  -0.168085  -0.402985  -0.380310  0.832447  -0.011310  0.002170  0.014459  0.000000  0.000000  0.000000  1.000000  
139.728210 0.023058  0.002506  -0.007373  0.368882  0.764892  0.528079  -0.837633  0.519818  -0.167811  -0.402862  -0.380433  0.832450  -0.011278  0.002449  0.014606  0.000000  0.000000  0.000000  1.000000  
139.729458 0.023042  0.002514  -0.007351  0.368753  0.764912  0.528140  -0.837807  0.519608  -0.167590  -0.402617  -0.380680  0.832455  -0.011300  0.003034  0.014874  0.000000  0.000000  0.000000  1.000000  
139.730459 0.023028  0.002522  -0.007333  0.368796  0.764889  0.528143  -0.837906  0.519535  -0.167323  -0.402372  -0.380826  0.832507  -0.011615  0.003386  0.015134  0.000000  0.000000  0.000000  1.000000  
139.731709 0.023012  0.002534  -0.007312  0.368839  0.764866  0.528146  -0.838004  0.519462  -0.167056  -0.402127  -0.380972  0.832559  -0.012183  0.003595  0.015282  0.000000  0.000000  0.000000  1.000000  
139.732959 0.022995  0.002543  -0.007293  0.368904  0.764863  0.528104  -0.838152  0.519343  -0.166687  -0.401760  -0.381140  0.832659  -0.012843  0.003754  0.015156  0.000000  0.000000  0.000000  1.000000  
139.734225 0.022977  0.002550  -0.007274  0.368969  0.764925  0.527969  -0.838299  0.519203  -0.166381  -0.401392  -0.381207  0.832806  -0.013222  0.003976  0.014876  0.000000  0.000000  0.000000  1.000000  
139.735461 0.022955  0.002554  -0.007255  0.369056  0.764943  0.527883  -0.838496  0.519036  -0.165910  -0.400902  -0.381397  0.832955  -0.013723  0.004181  0.014728  0.000000  0.000000  0.000000  1.000000  
139.736721 0.022930  0.002557  -0.007238  0.369121  0.765005  0.527748  -0.838643  0.518896  -0.165604  -0.400534  -0.381464  0.833101  -0.014325  0.004590  0.014531  0.000000  0.000000  0.000000  1.000000  
139.737963 0.022907  0.002562  -0.007221  0.369207  0.765087  0.527568  -0.838839  0.518709  -0.165196  -0.400044  -0.381553  0.833296  -0.014802  0.004919  0.014643  0.000000  0.000000  0.000000  1.000000  
139.739049 0.022889  0.002566  -0.007208  0.369466  0.765062  0.527423  -0.838959  0.518680  -0.164679  -0.399553  -0.381642  0.833490  -0.015011  0.005200  0.014672  0.103110  0.148041  0.053635  1.000000  
139.740212 0.022868  0.002573  -0.007189  0.369552  0.765209  0.527150  -0.839155  0.518473  -0.164334  -0.399063  -0.381630  0.833731  -0.015331  0.005509  0.015072  0.095246  0.164828  0.061251  1.000000  
139.741212 0.022851  0.002580  -0.007171  0.369616  0.765270  0.527015  -0.839301  0.518332  -0.164028  -0.398695  -0.381697  0.833877  -0.015584  0.005685  0.015434  0.089862  0.179719  0.061102  1.000000  
139.742460 0.022829  0.002591  -0.007149  0.369875  0.765310  0.526776  -0.839420  0.518283  -0.163574  -0.398204  -0.381685  0.834117  -0.015936  0.005952  0.015798  0.087259  0.201358  0.057037  1.000000  
139.743467 0.022813  0.002599  -0.007132  0.369940  0.765372  0.526641  -0.839566  0.518143  -0.163267  -0.397835  -0.381751  0.834262  -0.016179  0.006115  0.015767  0.079081  0.217663  0.064513  1.000000  
139.744709 0.022794  0.002609  -0.007114  0.370198  0.765348  0.526494  -0.839685  0.518114  -0.162750  -0.397344  -0.381840  0.834456  -0.016367  0.006148  0.015449  0.075016  0.234082  0.072010  1.000000  
139.745958 0.022774  0.002617  -0.007098  0.370651  0.765301  0.526243  -0.839775  0.518175  -0.162085  -0.396730  -0.381849  0.834743  -0.016600  0.005915  0.015031  0.069049  0.255056  0.074953  1.000000  
139.747208 0.022753  0.002623  -0.007085  0.370910  0.765277  0.526096  -0.839893  0.518146  -0.161568  -0.396239  -0.381937  0.834936  -0.016830  0.005661  0.014617  0.060975  0.271378  0.082421  1.000000  
139.748209 0.022734  0.002624  -0.007074  0.371168  0.765253  0.525949  -0.840011  0.518116  -0.161051  -0.395748  -0.382025  0.835129  -0.017226  0.005288  0.014327  0.062908  0.295172  0.079025  1.000000  
139.749459 0.022710  0.002624  -0.007056  0.371621  0.765207  0.525696  -0.840100  0.518178  -0.160387  -0.395133  -0.382034  0.835416  -0.017504  0.004916  0.014205  0.060262  0.316810  0.074950  1.000000  
139.750573 0.022692  0.002623  -0.007041  0.372053  0.765140  0.525488  -0.840140  0.518287  -0.159824  -0.394641  -0.382020  0.835655  -0.017359  0.004623  0.014142  0.054652  0.330534  0.074507  1.000000  
139.751708 0.022670  0.002623  -0.007022  0.372527  0.765114  0.525189  -0.840276  0.518302  -0.159057  -0.393904  -0.382051  0.835989  -0.017359  0.004361  0.014443  0.049022  0.355976  0.079546  1.000000  
139.752708 0.022654  0.002623  -0.007005  0.372958  0.765048  0.524980  -0.840315  0.518411  -0.158495  -0.393412  -0.382037  0.836227  -0.017215  0.004123  0.014634  0.050427  0.373416  0.073626  1.000000  
139.753724 0.022637  0.002625  -0.006989  0.373390  0.764981  0.524771  -0.840354  0.518520  -0.157933  -0.392920  -0.382023  0.836464  -0.017165  0.004014  0.014914  0.050897  0.392426  0.060605  1.000000  
139.754964 0.022617  0.002627  -0.006969  0.374015  0.764892  0.524455  -0.840363  0.518721  -0.157223  -0.392304  -0.381929  0.836796  -0.017010  0.003688  0.014875  0.046508  0.413387  0.050309  1.000000  
139.755965 0.022600  0.002631  -0.006953  0.374620  0.764781  0.524184  -0.840323  0.518968  -0.156616  -0.391812  -0.381813  0.837080  -0.017019  0.003528  0.014843  0.042867  0.436963  0.038955  1.000000  
139.756966 0.022584  0.002635  -0.006938  0.375073  0.764799  0.523835  -0.840408  0.519012  -0.156014  -0.391196  -0.381719  0.837411  -0.016878  0.003132  0.014600  0.040150  0.458598  0.034791  1.000000  
139.758212 0.022564  0.002640  -0.006922  0.375871  0.764666  0.523456  -0.840338  0.519352  -0.155261  -0.390581  -0.381522  0.837787  -0.016844  0.002800  0.014311  0.027929  0.478820  0.023000  1.000000  
139.759495 0.022544  0.002642  -0.006908  0.376649  0.764449  0.523215  -0.840219  0.519758  -0.154546  -0.390088  -0.381405  0.838070  -0.016907  0.002242  0.013908  0.029318  0.503693  -0.000349  1.000000  
139.760709 0.022519  0.002644  -0.006893  0.377447  0.764315  0.522834  -0.840146  0.520098  -0.153793  -0.389472  -0.381208  0.838446  -0.017251  0.001840  0.013900  0.023909  0.527197  -0.017977  1.000000  
139.761959 0.022493  0.002643  -0.006876  0.378246  0.764182  0.522452  -0.840072  0.520439  -0.153040  -0.388856  -0.381011  0.838822  -0.017601  0.001359  0.014184  0.018422  0.545960  -0.037493  1.000000  
139.763209 0.022465  0.002640  -0.006858  0.379066  0.764069  0.522023  -0.840045  0.520734  -0.152186  -0.388116  -0.380835  0.839244  -0.017891  0.001024  0.014368  0.012887  0.568801  -0.055165  1.000000  
139.764459 0.022437  0.002634  -0.006838  0.379886  0.763955  0.521593  -0.840016  0.521030  -0.151331  -0.387376  -0.380658  0.839666  -0.018176  0.000719  0.014622  0.007323  0.591668  -0.072858  1.000000  
139.765459 0.022415  0.002632  -0.006822  0.380684  0.763758  0.521300  -0.839939  0.521390  -0.150517  -0.386759  -0.380561  0.839995  -0.018586  0.000563  0.014732  0.009822  0.605361  -0.091656  1.000000  
139.766709 0.022388  0.002630  -0.006804  0.381698  0.763558  0.520851  -0.839876  0.521797  -0.149453  -0.385895  -0.380404  0.840463  -0.018885  0.000475  0.014467  0.010966  0.634934  -0.113219  1.000000  
139.767711 0.022365  0.002630  -0.006791  0.382324  0.763530  0.520433  -0.839875  0.521983  -0.148810  -0.385278  -0.380205  0.840836  -0.019373  0.000374  0.014284  0.006752  0.652040  -0.129846  1.000000  
139.768962 0.022338  0.002630  -0.006774  0.383186  0.763458  0.519904  -0.839934  0.522187  -0.147752  -0.384290  -0.380068  0.841350  -0.019723  0.000293  0.014064  0.002333  0.672639  -0.139256  1.000000  
139.769968 0.022315  0.002630  -0.006761  0.384006  0.763407  0.519374  -0.839899  0.522467  -0.146963  -0.383549  -0.379787  0.841815  -0.020158  0.000088  0.013871  0.000675  0.694903  -0.159764  1.000000  
139.770979 0.022293  0.002631  -0.006748  0.384653  0.763400  0.518905  -0.839941  0.522608  -0.146218  -0.382807  -0.379607  0.842234  -0.020524  -0.000074  0.013590  -0.003702  0.714866  -0.171752  1.000000  
139.772228 0.022264  0.002633  -0.006732  0.385688  0.763283  0.518309  -0.839917  0.522954  -0.145118  -0.381818  -0.379366  0.842791  -0.021158  -0.000237  0.013475  -0.005498  0.741729  -0.187864  1.000000  
139.773465 0.022232  0.002635  -0.006714  0.386550  0.763336  0.517588  -0.839970  0.523126  -0.144189  -0.380828  -0.379022  0.843393  -0.022062  -0.000335  0.013735  -0.015332  0.766827  -0.200607  1.000000  
139.774709 0.022197  0.002635  -0.006695  0.387433  0.763409  0.516819  -0.840067  0.523253  -0.143158  -0.379715  -0.378698  0.844041  -0.022903  -0.000567  0.014065  -0.027981  0.794915  -0.209065  1.000000  
139.775710 0.022169  0.002633  -0.006679  0.388122  0.763569  0.516065  -0.840196  0.523270  -0.142335  -0.378724  -0.378352  0.844641  -0.023434  -0.000700  0.014325  -0.042292  0.816456  -0.211520  1.000000  
139.776712 0.022140  0.002632  -0.006662  0.388963  0.763537  0.515479  -0.840197  0.523509  -0.141446  -0.377857  -0.378087  0.845147  -0.023927  -0.000744  0.014490  -0.050911  0.840670  -0.221859  1.000000  
139.777959 0.022103  0.002629  -0.006642  0.389867  0.763693  0.514564  -0.840335  0.523576  -0.140377  -0.376618  -0.377677  0.845883  -0.024573  -0.000713  0.014633  -0.067312  0.866051  -0.226840  1.000000  
139.779209 0.022066  0.002627  -0.006624  0.390792  0.763870  0.513598  -0.840515  0.523599  -0.139205  -0.375254  -0.377287  0.846663  -0.025172  -0.000480  0.014509  -0.083571  0.899040  -0.231739  1.000000  
139.780459 0.022031  0.002627  -0.006606  0.391890  0.763939  0.512659  -0.840612  0.523782  -0.137928  -0.373890  -0.376895  0.847441  -0.025643  -0.000328  0.014412  -0.096122  0.931382  -0.235802  1.000000  
139.781709 0.021997  0.002627  -0.006590  0.392836  0.764074  0.511733  -0.840832  0.523780  -0.136590  -0.372400  -0.376624  0.848217  -0.026023  -0.000167  0.014285  -0.108376  0.961860  -0.240037  1.000000  
139.782709 0.021970  0.002627  -0.006576  0.393718  0.764145  0.510949  -0.840914  0.523916  -0.135561  -0.371282  -0.376291  0.848855  -0.026359  -0.000166  0.014315  -0.120086  0.988915  -0.243341  1.000000  
139.783965 0.021935  0.002627  -0.006558  0.394836  0.764172  0.510045  -0.841046  0.524074  -0.134119  -0.369791  -0.376017  0.849627  -0.026871  -0.000215  0.014434  -0.126467  1.016968  -0.238563  1.000000  
139.784980 0.021908  0.002627  -0.006542  0.395718  0.764242  0.509256  -0.841123  0.524212  -0.133091  -0.368672  -0.375681  0.850262  -0.027213  -0.000217  0.014631  -0.137617  1.043710  -0.239505  1.000000  
139.786211 0.021875  0.002628  -0.006520  0.396878  0.764372  0.508157  -0.841339  0.524266  -0.131507  -0.366930  -0.375340  0.851165  -0.027544  -0.000229  0.014987  -0.149758  1.084385  -0.237563  1.000000  
139.787227 0.021847  0.002628  -0.006503  0.397953  0.764355  0.507342  -0.841373  0.524520  -0.130272  -0.365685  -0.375021  0.851841  -0.027803  -0.000341  0.015299  -0.157154  1.111762  -0.238682  1.000000  
139.788464 0.021809  0.002625  -0.006480  0.399285  0.764437  0.506169  -0.841498  0.524720  -0.128649  -0.363941  -0.374573  0.852785  -0.028140  -0.000632  0.015608  -0.169742  1.155442  -0.237711  1.000000  
139.789465 0.021778  0.002622  -0.006464  0.400228  0.764631  0.505130  -0.841695  0.524713  -0.127377  -0.362445  -0.374186  0.853591  -0.028361  -0.000864  0.015691  -0.183628  1.191979  -0.227387  1.000000  
139.790712 0.021739  0.002618  -0.006442  0.401580  0.764795  0.503808  -0.841855  0.524857  -0.125715  -0.360574  -0.373648  0.854619  -0.028650  -0.001054  0.015778  -0.199629  1.240076  -0.219634  1.000000  
139.791965 0.021701  0.002615  -0.006423  0.402931  0.764958  0.502480  -0.842010  0.525005  -0.124055  -0.358701  -0.373107  0.855643  -0.028771  -0.001102  0.015679  -0.215770  1.286352  -0.214252  1.000000  
139.793209 0.021663  0.002612  -0.006403  0.404455  0.765012  0.501172  -0.842075  0.525313  -0.122292  -0.356827  -0.372563  0.856663  -0.028848  -0.001099  0.015710  -0.228994  1.327018  -0.218810  1.000000  
139.794458 0.021626  0.002611  -0.006382  0.405825  0.765194  0.499784  -0.842261  0.525422  -0.120530  -0.354826  -0.372035  0.857723  -0.028847  -0.001094  0.015871  -0.245201  1.373016  -0.213672  1.000000  
139.795458 0.021597  0.002610  -0.006365  0.407133  0.765250  0.498634  -0.842314  0.525683  -0.119015  -0.353199  -0.371551  0.858604  -0.028947  -0.001143  0.016087  -0.261237  1.410836  -0.211968  1.000000  
139.796458 0.021567  0.002609  -0.006346  0.408288  0.765434  0.497404  -0.842488  0.525745  -0.117500  -0.351446  -0.371083  0.859525  -0.029184  -0.001260  0.016568  -0.280815  1.451511  -0.202275  1.000000  
139.797708 0.021529  0.002607  -0.006321  0.409830  0.765505  0.496025  -0.842574  0.526020  -0.115638  -0.349441  -0.370546  0.860573  -0.029362  -0.001345  0.017038  -0.289695  1.494775  -0.205513  1.000000  
139.798958 0.021491  0.002604  -0.006295  0.411371  0.765635  0.494547  -0.842652  0.526286  -0.113842  -0.347435  -0.369900  0.861663  -0.029651  -0.001506  0.017546  -0.307691  1.535250  -0.210223  1.000000  
139.799965 0.021459  0.002602  -0.006273  0.412850  0.765578  0.493402  -0.842600  0.526716  -0.112230  -0.345803  -0.369406  0.862531  -0.029961  -0.001715  0.017921  -0.313328  1.571531  -0.216602  1.000000  
139.801209 0.021419  0.002597  -0.006249  0.414430  0.765748  0.491810  -0.842749  0.526900  -0.110229  -0.343542  -0.368790  0.863697  -0.030367  -0.002102  0.018132  -0.327494  1.624462  -0.216234  1.000000  
139.802211 0.021386  0.002592  -0.006230  0.415949  0.765792  0.490458  -0.842768  0.527234  -0.108477  -0.341657  -0.368221  0.864687  -0.030776  -0.002425  0.018219  -0.341617  1.665452  -0.221112  1.000000  
139.803211 0.021351  0.002586  -0.006211  0.417466  0.765835  0.489100  -0.842780  0.527571  -0.106727  -0.339770  -0.367649  0.865673  -0.031120  -0.002694  0.018250  -0.348926  1.711647  -0.230037  1.000000  
139.804463 0.021305  0.002578  -0.006188  0.419217  0.766010  0.487325  -0.842822  0.527899  -0.104758  -0.337504  -0.366812  0.866914  -0.031557  -0.002951  0.018370  -0.364912  1.758575  -0.239710  1.000000  
139.805463 0.021268  0.002572  -0.006171  0.420713  0.766028  0.486007  -0.842781  0.528288  -0.103115  -0.335740  -0.366215  0.867851  -0.031943  -0.003141  0.018336  -0.370169  1.797445  -0.254345  1.000000  
139.806759 0.021222  0.002565  -0.006149  0.422501  0.766242  0.484113  -0.842887  0.528538  -0.100942  -0.333218  -0.365404  0.869164  -0.032384  -0.003368  0.018500  -0.384404  1.847704  -0.254579  1.000000  
139.807968 0.021176  0.002558  -0.006124  0.424422  0.766302  0.482335  -0.842817  0.529039  -0.098881  -0.330947  -0.364553  0.870388  -0.032980  -0.003693  0.018884  -0.398893  1.895846  -0.272745  1.000000  
139.809208 0.021129  0.002553  -0.006098  0.426341  0.766417  0.480456  -0.842738  0.529534  -0.096886  -0.328673  -0.363592  0.871651  -0.033688  -0.003924  0.019270  -0.411319  1.932950  -0.292654  1.000000  
139.810459 0.021082  0.002548  -0.006071  0.428106  0.766660  0.478495  -0.842777  0.529833  -0.094890  -0.326271  -0.362642  0.872948  -0.034367  -0.004151  0.019639  -0.430126  1.981717  -0.305355  1.000000  
139.811708 0.021034  0.002542  -0.006044  0.430042  0.766733  0.476638  -0.842718  0.530308  -0.092733  -0.323867  -0.361793  0.874195  -0.035162  -0.004479  0.019770  -0.444895  2.014687  -0.319037  1.000000  
139.812958 0.020986  0.002537  -0.006017  0.432016  0.766905  0.474573  -0.842726  0.530692  -0.090436  -0.321207  -0.360865  0.875558  -0.035813  -0.004683  0.019846  -0.464390  2.068239  -0.330481  1.000000  
139.813958 0.020947  0.002532  -0.005997  0.433544  0.767009  0.473008  -0.842713  0.531013  -0.088664  -0.319179  -0.360170  0.876586  -0.036331  -0.004881  0.019864  -0.477104  2.098491  -0.337833  1.000000  
139.814959 0.020907  0.002526  -0.005977  0.434897  0.767279  0.471326  -0.842782  0.531169  -0.087056  -0.317150  -0.359364  0.877652  -0.036866  -0.005049  0.019781  -0.494733  2.133265  -0.340193  1.000000  
139.815965 0.020866  0.002519  -0.005957  0.436422  0.767380  0.469749  -0.842755  0.531498  -0.085288  -0.315119  -0.358662  0.878671  -0.037488  -0.005231  0.019769  -0.508285  2.162722  -0.353956  1.000000  
139.817212 0.020813  0.002510  -0.005932  0.438409  0.767563  0.467595  -0.842764  0.531862  -0.082896  -0.312324  -0.357730  0.880047  -0.038188  -0.005451  0.019818  -0.525823  2.205407  -0.357206  1.000000  
139.818458 0.020760  0.002499  -0.005906  0.440182  0.767807  0.465523  -0.842779  0.532159  -0.080812  -0.309780  -0.356761  0.881339  -0.038812  -0.005640  0.020098  -0.543944  2.234390  -0.362047  1.000000  
139.819709 0.020707  0.002490  -0.005879  0.441779  0.768215  0.463333  -0.842875  0.532295  -0.078891  -0.307235  -0.355679  0.882666  -0.039234  -0.005757  0.020394  -0.562367  2.259895  -0.369108  1.000000  
139.820715 0.020665  0.002483  -0.005856  0.442951  0.768637  0.461510  -0.843000  0.532309  -0.077451  -0.305197  -0.354746  0.883748  -0.039624  -0.005779  0.020758  -0.590401  2.277358  -0.361657  1.000000  
139.821962 0.020613  0.002476  -0.005828  0.444738  0.768950  0.459265  -0.843024  0.532574  -0.075333  -0.302520  -0.353668  0.885099  -0.040069  -0.005859  0.021082  -0.603387  2.305693  -0.370754  1.000000  
139.822962 0.020571  0.002469  -0.005805  0.446273  0.769114  0.457499  -0.842989  0.532881  -0.073538  -0.300351  -0.352848  0.886164  -0.040361  -0.005922  0.021298  -0.619132  2.332821  -0.373728  1.000000  
139.823968 0.020529  0.002463  -0.005783  0.447807  0.769275  0.455725  -0.842946  0.533194  -0.071744  -0.298181  -0.352024  0.887224  -0.040658  -0.006080  0.021356  -0.633247  2.353876  -0.381891  1.000000  
139.825210 0.020477  0.002456  -0.005757  0.449605  0.769599  0.453400  -0.842978  0.533436  -0.069530  -0.295370  -0.350946  0.888591  -0.041002  -0.006280  0.021252  -0.650653  2.381844  -0.381891  1.000000  
139.826461 0.020425  0.002449  -0.005733  0.451402  0.769920  0.451065  -0.842999  0.533686  -0.067317  -0.292557  -0.349861  0.889948  -0.041246  -0.006357  0.021110  -0.665704  2.407256  -0.389619  1.000000  
139.827708 0.020374  0.002441  -0.005707  0.453195  0.770291  0.448627  -0.843009  0.533936  -0.065173  -0.289740  -0.348661  0.891339  -0.041437  -0.006479  0.021050  -0.691174  2.429633  -0.387065  1.000000  
139.828708 0.020333  0.002434  -0.005687  0.454721  0.770494  0.446730  -0.842933  0.534263  -0.063454  -0.287563  -0.347710  0.892416  -0.041595  -0.006635  0.020964  -0.707975  2.454069  -0.392470  1.000000  
139.829709 0.020290  0.002427  -0.005667  0.456246  0.770694  0.444827  -0.842850  0.534595  -0.061738  -0.285383  -0.346754  0.893486  -0.041783  -0.006721  0.021041  -0.727017  2.471148  -0.389242  1.000000  
139.830959 0.020237  0.002417  -0.005638  0.458032  0.770999  0.442456  -0.842832  0.534874  -0.059537  -0.282561  -0.345646  0.894812  -0.041948  -0.006856  0.021252  -0.744468  2.489733  -0.392848  1.000000  
139.831965 0.020195  0.002408  -0.005615  0.459589  0.771236  0.440423  -0.842799  0.535136  -0.057616  -0.280122  -0.344709  0.895940  -0.041936  -0.006918  0.021455  -0.759512  2.505873  -0.389799  1.000000  
139.833207 0.020141  0.002397  -0.005586  0.461562  0.771551  0.437801  -0.842698  0.535533  -0.055355  -0.277166  -0.343385  0.897366  -0.041984  -0.006962  0.021683  -0.780786  2.523751  -0.389922  1.000000  
139.834212 0.020097  0.002388  -0.005562  0.463096  0.771759  0.435810  -0.842614  0.535849  -0.053544  -0.274851  -0.342424  0.898445  -0.042024  -0.006997  0.021849  -0.792497  2.541895  -0.391358  1.000000  
139.835212 0.020055  0.002381  -0.005538  0.464663  0.772008  0.433696  -0.842587  0.536089  -0.051525  -0.272277  -0.341484  0.899585  -0.042062  -0.007058  0.022021  -0.804585  2.562718  -0.388711  1.000000  
139.836458 0.020001  0.002371  -0.005507  0.466645  0.772278  0.431079  -0.842485  0.536477  -0.049104  -0.269186  -0.340264  0.900977  -0.042174  -0.007130  0.022148  -0.822474  2.585809  -0.391389  1.000000  
139.837465 0.019959  0.002364  -0.005483  0.468154  0.772402  0.429217  -0.842345  0.536855  -0.047343  -0.266995  -0.339385  0.901960  -0.042198  -0.007151  0.022219  -0.834632  2.591383  -0.383793  1.000000  
139.838714 0.019905  0.002356  -0.005454  0.470303  0.772500  0.426683  -0.842124  0.537422  -0.044776  -0.263899  -0.338261  0.903292  -0.042295  -0.007288  0.022293  -0.836190  2.618505  -0.385144  1.000000  
139.839714 0.019862  0.002349  -0.005430  0.471843  0.772713  0.424594  -0.842028  0.537728  -0.042875  -0.261446  -0.337289  0.904368  -0.042418  -0.007379  0.022541  -0.842259  2.638010  -0.390904  1.000000  
139.840962 0.019806  0.002339  -0.005399  0.473811  0.772913  0.422029  -0.841879  0.538151  -0.040405  -0.258345  -0.336153  0.905681  -0.042673  -0.007512  0.022917  -0.851197  2.660813  -0.391801  1.000000  
139.842047 0.019762  0.002331  -0.005375  0.475172  0.773178  0.420009  -0.841862  0.538315  -0.038531  -0.255888  -0.335281  0.906702  -0.042649  -0.007615  0.023096  -0.857882  2.667489  -0.381927  1.000000  
139.843290 0.019705  0.002320  -0.005340  0.477151  0.773391  0.417364  -0.841721  0.538714  -0.035963  -0.252653  -0.334145  0.908027  -0.042996  -0.007787  0.023741  -0.866083  2.688704  -0.379026  1.000000  
139.844463 0.019646  0.002308  -0.005305  0.478952  0.773661  0.414795  -0.841663  0.538968  -0.033419  -0.249416  -0.333111  0.909301  -0.043682  -0.008069  0.024532  -0.878495  2.710062  -0.372233  1.000000  
139.845710 0.019586  0.002295  -0.005268  0.480699  0.773860  0.412395  -0.841507  0.539344  -0.031196  -0.246564  -0.332038  0.910471  -0.044106  -0.008225  0.025094  -0.882517  2.719217  -0.374089  1.000000  
139.846959 0.019527  0.002282  -0.005230  0.482649  0.773937  0.409964  -0.841298  0.539814  -0.028615  -0.243451  -0.331091  0.911653  -0.044543  -0.008348  0.025690  -0.882483  2.727379  -0.375747  1.000000  
139.847961 0.019479  0.002273  -0.005200  0.484136  0.773980  0.408126  -0.841079  0.540247  -0.026816  -0.241244  -0.330283  0.912532  -0.044904  -0.008435  0.026154  -0.879223  2.733182  -0.384195  1.000000  
139.849209 0.019418  0.002260  -0.005162  0.485938  0.774207  0.405548  -0.841002  0.540494  -0.024115  -0.237866  -0.329348  0.913756  -0.045311  -0.008567  0.026677  -0.876068  2.757234  -0.381959  1.000000  
139.850212 0.019370  0.002250  -0.005132  0.487466  0.774310  0.403510  -0.840848  0.540823  -0.022005  -0.235266  -0.328564  0.914710  -0.045719  -0.008718  0.027063  -0.871541  2.778540  -0.392010  1.000000  
139.851459 0.019309  0.002239  -0.005091  0.489291  0.774573  0.400788  -0.840800  0.541008  -0.019099  -0.231624  -0.327638  0.915972  -0.046245  -0.008859  0.027850  -0.867782  2.811737  -0.384555  1.000000  
139.852464 0.019259  0.002230  -0.005058  0.490812  0.774622  0.398828  -0.840627  0.541350  -0.016929  -0.229020  -0.326956  0.916870  -0.046647  -0.008980  0.028345  -0.859070  2.819870  -0.385524  1.000000  
139.853478 0.019209  0.002220  -0.005023  0.492347  0.774691  0.396798  -0.840470  0.541659  -0.014657  -0.226284  -0.326280  0.917789  -0.047188  -0.009166  0.029161  -0.851014  2.839201  -0.386860  1.000000  
139.854711 0.019146  0.002209  -0.004977  0.494096  0.774808  0.394387  -0.840280  0.542017  -0.012119  -0.223154  -0.325408  0.918864  -0.047768  -0.009303  0.030210  -0.846342  2.848704  -0.383489  1.000000  
139.855712 0.019094  0.002201  -0.004939  0.495623  0.774872  0.392340  -0.840104  0.542336  -0.009853  -0.220415  -0.324724  0.919767  -0.048237  -0.009380  0.031175  -0.838687  2.865552  -0.386606  1.000000  
139.856715 0.019041  0.002191  -0.004900  0.496974  0.775045  0.390284  -0.840021  0.542500  -0.007670  -0.217673  -0.324035  0.920663  -0.049112  -0.009586  0.032384  -0.829968  2.877902  -0.386069  1.000000  
139.857776 0.018988  0.002181  -0.004860  0.498307  0.775194  0.388284  -0.839905  0.542705  -0.005595  -0.215061  -0.323333  0.921523  -0.049125  -0.009569  0.032890  -0.821123  2.881965  -0.378446  1.000000  
139.858962 0.018921  0.002168  -0.004808  0.500227  0.775163  0.385869  -0.839593  0.543209  -0.002819  -0.211793  -0.322563  0.922549  -0.049951  -0.009657  0.034116  -0.810796  2.905000  -0.377920  1.000000  
139.860209 0.018853  0.002156  -0.004756  0.501984  0.775309  0.383285  -0.839395  0.543521  -0.000088  -0.208392  -0.321684  0.923630  -0.050503  -0.009612  0.035107  -0.798944  2.922018  -0.377036  1.000000  
139.861209 0.018800  0.002147  -0.004714  0.503479  0.775292  0.381355  -0.839146  0.543902  0.002123  -0.205774  -0.321081  0.924426  -0.050906  -0.009560  0.036018  -0.786204  2.926154  -0.379526  1.000000  
139.862211 0.018746  0.002137  -0.004671  0.504956  0.775251  0.379481  -0.838865  0.544323  0.004224  -0.203285  -0.320467  0.925190  -0.051316  -0.009515  0.036808  -0.773220  2.930033  -0.381943  1.000000  
139.863458 0.018679  0.002127  -0.004617  0.506685  0.775320  0.377026  -0.838610  0.544689  0.006904  -0.200009  -0.319676  0.926177  -0.051843  -0.009411  0.037981  -0.757286  2.938555  -0.384008  1.000000  
139.864459 0.018626  0.002118  -0.004571  0.508010  0.775385  0.375104  -0.838461  0.544885  0.009200  -0.197255  -0.319184  0.926937  -0.052098  -0.009299  0.039083  -0.743557  2.949477  -0.374337  1.000000  
139.865459 0.018572  0.002111  -0.004524  0.509517  0.775404  0.373015  -0.838220  0.545208  0.011610  -0.194369  -0.318584  0.927753  -0.052536  -0.009167  0.040130  -0.729703  2.951848  -0.374635  1.000000  
139.866709 0.018505  0.002101  -0.004464  0.511246  0.775398  0.370655  -0.837952  0.545551  0.014517  -0.190955  -0.318013  0.928657  -0.052854  -0.008983  0.041466  -0.707616  2.962816  -0.368671  1.000000  
139.867711 0.018450  0.002094  -0.004414  0.512559  0.775503  0.368617  -0.837774  0.545760  0.016738  -0.188196  -0.317397  0.929431  -0.053122  -0.008866  0.042539  -0.700353  2.972137  -0.361583  1.000000  
139.868962 0.018382  0.002085  -0.004351  0.514264  0.775470  0.366303  -0.837461  0.546148  0.019531  -0.184910  -0.316809  0.930291  -0.053498  -0.008717  0.043624  -0.682017  2.978421  -0.356860  1.000000  
139.869972 0.018327  0.002078  -0.004301  0.515716  0.775415  0.364376  -0.837116  0.546598  0.021609  -0.182411  -0.316169  0.931001  -0.053751  -0.008581  0.044542  -0.670083  2.972173  -0.360529  1.000000  
139.870974 0.018272  0.002071  -0.004250  0.517151  0.775291  0.362601  -0.836743  0.547084  0.023644  -0.180042  -0.315631  0.931645  -0.053937  -0.008442  0.045303  -0.657005  2.967404  -0.365566  1.000000  
139.872216 0.018202  0.002063  -0.004186  0.518855  0.775274  0.360194  -0.836418  0.547450  0.026531  -0.176619  -0.315039  0.932500  -0.054266  -0.008192  0.046301  -0.638661  2.974117  -0.360813  1.000000  
139.873216 0.018145  0.002057  -0.004135  0.520308  0.775190  0.358273  -0.836067  0.547872  0.028770  -0.173985  -0.314510  0.933174  -0.054533  -0.007920  0.047088  -0.627147  2.982996  -0.367213  1.000000  
139.874217 0.018088  0.002051  -0.004084  0.521757  0.775105  0.356344  -0.835709  0.548297  0.031006  -0.171349  -0.313978  0.933840  -0.054727  -0.007726  0.047680  -0.611811  2.976492  -0.374477  1.000000  
139.875458 0.018018  0.002045  -0.004017  0.523630  0.775035  0.353742  -0.835260  0.548804  0.033993  -0.167789  -0.313266  0.934725  -0.054833  -0.007230  0.048694  -0.603900  2.994366  -0.374693  1.000000  
139.876462 0.017962  0.002040  -0.003963  0.525070  0.774945  0.351797  -0.834881  0.549237  0.036221  -0.165150  -0.312727  0.935375  -0.054987  -0.006923  0.049419  -0.589869  2.999813  -0.381406  1.000000  
139.877710 0.017892  0.002035  -0.003894  0.526897  0.774760  0.349467  -0.834351  0.549856  0.038946  -0.161982  -0.312099  0.936139  -0.055196  -0.006454  0.050482  -0.578236  3.015791  -0.383191  1.000000  
139.878958 0.017822  0.002032  -0.003824  0.528729  0.774594  0.347059  -0.833826  0.550444  0.041772  -0.158681  -0.311473  0.936913  -0.055373  -0.006053  0.051344  -0.566199  3.008921  -0.388508  1.000000  
139.879966 0.017766  0.002029  -0.003768  0.530328  0.774385  0.345080  -0.833310  0.551048  0.044058  -0.156038  -0.310924  0.937539  -0.055541  -0.005624  0.052068  -0.554584  3.012187  -0.402932  1.000000  
139.881230 0.017695  0.002028  -0.003696  0.531977  0.774328  0.342661  -0.832870  0.551486  0.046801  -0.152733  -0.310290  0.938293  -0.055757  -0.005098  0.052756  -0.542840  2.997688  -0.411289  1.000000  
139.882457 0.017624  0.002026  -0.003626  0.533964  0.774041  0.340212  -0.832199  0.552248  0.049680  -0.149427  -0.309651  0.939036  -0.056141  -0.004712  0.053462  -0.534950  3.003054  -0.423606  1.000000  
139.883459 0.017567  0.002025  -0.003570  0.535377  0.773939  0.338216  -0.831761  0.552703  0.051882  -0.146780  -0.309091  0.939637  -0.056227  -0.004205  0.053821  -0.530856  2.999917  -0.428455  1.000000  
139.884467 0.017508  0.002023  -0.003515  0.536968  0.773703  0.336228  -0.831222  0.553281  0.054321  -0.144000  -0.308649  0.940213  -0.056398  -0.003811  0.054126  -0.519640  3.006459  -0.442552  1.000000  
139.885709 0.017435  0.002022  -0.003444  0.538916  0.773363  0.333884  -0.830482  0.554124  0.056970  -0.140954  -0.307987  0.940891  -0.056780  -0.003373  0.054645  -0.510791  3.000273  -0.455741  1.000000  
139.886712 0.017376  0.002021  -0.003389  0.540487  0.773141  0.331853  -0.829907  0.554750  0.059227  -0.138304  -0.307418  0.941470  -0.056915  -0.002999  0.054872  -0.504086  3.000147  -0.473168  1.000000  
139.887715 0.017316  0.002020  -0.003333  0.541883  0.772991  0.329920  -0.829434  0.555212  0.061478  -0.135654  -0.306960  0.942005  -0.057101  -0.002611  0.055185  -0.495506  3.008038  -0.483525  1.000000  
139.888716 0.017257  0.002020  -0.003276  0.543285  0.772862  0.327911  -0.828968  0.555642  0.063830  -0.132869  -0.306506  0.942550  -0.057379  -0.002211  0.055591  -0.489085  3.005141  -0.482655  1.000000  
139.889965 0.017182  0.002021  -0.003204  0.545061  0.772672  0.325403  -0.828326  0.556273  0.066600  -0.129553  -0.305841  0.943227  -0.057793  -0.001711  0.056092  -0.480510  3.002675  -0.494423  1.000000  
139.890967 0.017121  0.002023  -0.003147  0.546453  0.772500  0.323472  -0.827840  0.556703  0.069011  -0.126767  -0.305494  0.943718  -0.057940  -0.001290  0.056244  -0.472175  3.006667  -0.495603  1.000000  
139.892214 0.017046  0.002025  -0.003073  0.548405  0.772196  0.320883  -0.827090  0.557424  0.072113  -0.123182  -0.304946  0.944370  -0.058306  -0.000794  0.056582  -0.462551  3.023536  -0.507779  1.000000  
139.893460 0.016970  0.002028  -0.003002  0.550323  0.771821  0.318490  -0.826284  0.558252  0.074892  -0.119995  -0.304378  0.944963  -0.058672  -0.000266  0.056713  -0.457082  3.019585  -0.526977  1.000000  
139.894711 0.016893  0.002030  -0.002930  0.552073  0.771582  0.316032  -0.825592  0.558892  0.077703  -0.116674  -0.303811  0.945561  -0.059169  0.000065  0.056820  -0.453922  3.015252  -0.531736  1.000000  
139.895966 0.016817  0.002034  -0.002858  0.553995  0.771247  0.313476  -0.824786  0.559660  0.080677  -0.113218  -0.303245  0.946163  -0.059593  0.000384  0.056853  -0.448673  3.019022  -0.547977  1.000000  
139.897210 0.016739  0.002037  -0.002786  0.555909  0.770910  0.310907  -0.823965  0.560433  0.083644  -0.109761  -0.302675  0.946753  -0.059949  0.000716  0.056959  -0.441567  3.019850  -0.566771  1.000000  
139.898214 0.016676  0.002039  -0.002727  0.557597  0.770475  0.308957  -0.823174  0.561232  0.086045  -0.107101  -0.302303  0.947176  -0.060346  0.000945  0.057104  -0.436446  3.025073  -0.587602  1.000000  
139.899460 0.016597  0.002042  -0.002653  0.559512  0.770141  0.306315  -0.822350  0.561935  0.089275  -0.103375  -0.301849  0.947735  -0.060778  0.001222  0.057459  -0.427541  3.046687  -0.598208  1.000000  
139.900462 0.016533  0.002044  -0.002594  0.561189  0.769739  0.304252  -0.821537  0.562749  0.091595  -0.100713  -0.301356  0.948178  -0.061105  0.001449  0.057671  -0.424641  3.048946  -0.608022  1.000000  
139.901710 0.016453  0.002047  -0.002519  0.563067  0.769332  0.301801  -0.820654  0.563559  0.094495  -0.097385  -0.300882  0.948676  -0.061554  0.001762  0.058015  -0.419642  3.061921  -0.621150  1.000000  
139.902959 0.016372  0.002050  -0.002443  0.565098  0.768820  0.299298  -0.819630  0.564575  0.097276  -0.094188  -0.300284  0.949188  -0.061952  0.001966  0.058330  -0.413964  3.059540  -0.646614  1.000000  
139.903975 0.016308  0.002053  -0.002382  0.566764  0.768398  0.297226  -0.818796  0.565353  0.099749  -0.091391  -0.299902  0.949582  -0.062255  0.002168  0.058619  -0.409862  3.066287  -0.659948  1.000000  
139.905217 0.016226  0.002056  -0.002306  0.568788  0.767867  0.294720  -0.817756  0.566330  0.102687  -0.088059  -0.299416  0.950050  -0.062733  0.002359  0.058935  -0.401342  3.061528  -0.678850  1.000000  
139.906253 0.016160  0.002059  -0.002245  0.570435  0.767417  0.292701  -0.816891  0.567146  0.105042  -0.085393  -0.299025  0.950417  -0.062946  0.002408  0.058996  -0.395288  3.062158  -0.693527  1.000000  
139.907468 0.016078  0.002063  -0.002168  0.572445  0.766847  0.290264  -0.815827  0.568116  0.108032  -0.082060  -0.298647  0.950829  -0.063490  0.002514  0.059453  -0.387099  3.073935  -0.708688  1.000000  
