1-Time 2-Px 3-Py 4-Pz 5-R11 6-R21 7-R31 8-R12 9-R22 10-R32 11-R13 12-R23 13-R33 14-Vx 15-Vy 16-Vz 17-Wx 18-Wy 19-Wz 20-state
57.616585 0.011364  -0.012325  -0.002903  0.741760  0.343314  0.576132  -0.596547  0.730297  0.332864  -0.306471  -0.590594  0.746508  0.000840  0.000961  -0.001924  0.000000  0.000000  0.000000  1.000000  
57.617596 0.011364  -0.012324  -0.002902  0.741915  0.343295  0.575944  -0.596420  0.730359  0.332956  -0.306344  -0.590529  0.746612  0.000073  0.001273  0.000540  0.000000  0.000000  0.000000  1.000000  
57.618609 0.011362  -0.012322  -0.002901  0.742069  0.343276  0.575756  -0.596293  0.730420  0.333049  -0.306216  -0.590464  0.746715  -0.000879  0.001502  0.000704  0.000000  0.000000  0.000000  1.000000  
57.619624 0.011358  -0.012319  -0.002899  0.742224  0.343257  0.575568  -0.596165  0.730482  0.333141  -0.306089  -0.590399  0.746819  -0.002058  0.002179  0.001200  0.000000  0.000000  0.000000  1.000000  
57.620848 0.011354  -0.012314  -0.002896  0.742379  0.343238  0.575380  -0.596038  0.730543  0.333234  -0.305961  -0.590334  0.746923  -0.002442  0.002837  0.001557  0.000000  0.000000  0.000000  1.000000  
57.621861 0.011352  -0.012310  -0.002894  0.742533  0.343289  0.575150  -0.595911  0.730646  0.333237  -0.305834  -0.590178  0.747098  -0.002438  0.002981  0.001653  0.000000  0.000000  0.000000  1.000000  
57.623110 0.011348  -0.012306  -0.002892  0.742688  0.343339  0.574920  -0.595784  0.730748  0.333241  -0.305707  -0.590022  0.747273  -0.002608  0.003080  0.001721  0.000000  0.000000  0.000000  1.000000  
57.624348 0.011341  -0.012299  -0.002890  0.742842  0.343390  0.574690  -0.595656  0.730850  0.333245  -0.305579  -0.589866  0.747449  -0.003098  0.003417  0.001723  0.000000  0.000000  0.000000  1.000000  
57.625601 0.011333  -0.012291  -0.002890  0.742997  0.343440  0.574460  -0.595529  0.730952  0.333248  -0.305452  -0.589710  0.747624  -0.003515  0.003849  0.001492  0.000000  0.000000  0.000000  1.000000  
57.626849 0.011326  -0.012284  -0.002889  0.743029  0.343572  0.574340  -0.595555  0.730943  0.333222  -0.305324  -0.589645  0.747727  -0.003762  0.004103  0.001318  0.000000  0.000000  0.000000  1.000000  
57.628098 0.011319  -0.012278  -0.002887  0.743183  0.343622  0.574110  -0.595427  0.731045  0.333226  -0.305197  -0.589488  0.747902  -0.003958  0.004210  0.001362  0.000000  0.000000  0.000000  1.000000  
57.629098 0.011314  -0.012272  -0.002886  0.743338  0.343603  0.573922  -0.595300  0.731107  0.333318  -0.305070  -0.589423  0.748006  -0.004044  0.004304  0.001324  0.000000  0.000000  0.000000  1.000000  
57.630099 0.011309  -0.012266  -0.002884  0.743492  0.343583  0.573733  -0.595172  0.731169  0.333410  -0.304942  -0.589358  0.748110  -0.004131  0.004472  0.001383  0.000000  0.000000  0.000000  1.000000  
57.631114 0.011302  -0.012259  -0.002882  0.743678  0.343626  0.573467  -0.595070  0.731182  0.333564  -0.304687  -0.589317  0.748245  -0.004321  0.004598  0.001435  0.000000  0.000000  0.000000  1.000000  
57.632346 0.011295  -0.012250  -0.002878  0.743833  0.343676  0.573237  -0.594942  0.731284  0.333567  -0.304560  -0.589161  0.748420  -0.004608  0.004970  0.001562  0.000000  0.000000  0.000000  1.000000  
57.633597 0.011287  -0.012239  -0.002875  0.743987  0.343656  0.573048  -0.594815  0.731346  0.333659  -0.304432  -0.589095  0.748524  -0.005045  0.005569  0.001731  0.000000  0.000000  0.000000  1.000000  
57.634599 0.011281  -0.012230  -0.002873  0.744141  0.343637  0.572859  -0.594687  0.731408  0.333751  -0.304305  -0.589030  0.748627  -0.005142  0.005944  0.001734  0.000000  0.000000  0.000000  1.000000  
57.635846 0.011274  -0.012218  -0.002872  0.744295  0.343687  0.572629  -0.594559  0.731511  0.333754  -0.304178  -0.588873  0.748802  -0.005337  0.006356  0.001601  0.000000  0.000000  0.000000  1.000000  
57.636857 0.011268  -0.012209  -0.002871  0.744450  0.343736  0.572399  -0.594431  0.731613  0.333757  -0.304050  -0.588717  0.748977  -0.005574  0.006746  0.001551  0.000000  0.000000  0.000000  1.000000  
57.638095 0.011260  -0.012196  -0.002869  0.744726  0.343636  0.572099  -0.594150  0.731787  0.333877  -0.303923  -0.588560  0.749152  -0.005839  0.007301  0.001503  0.000000  0.000000  0.000000  1.000000  
57.639341 0.011252  -0.012182  -0.002867  0.744880  0.343685  0.571869  -0.594022  0.731889  0.333880  -0.303795  -0.588403  0.749326  -0.005903  0.007840  0.001530  0.000000  0.000000  0.000000  1.000000  
57.640346 0.011246  -0.012170  -0.002864  0.745034  0.343735  0.571638  -0.593894  0.731992  0.333883  -0.303668  -0.588247  0.749501  -0.005913  0.008182  0.001771  0.000000  0.000000  0.000000  1.000000  
57.641593 0.011239  -0.012157  -0.002860  0.745310  0.343703  0.571298  -0.593613  0.732206  0.333914  -0.303540  -0.587999  0.749747  -0.005909  0.008579  0.001986  0.000000  0.000000  0.000000  1.000000  
57.642594 0.011234  -0.012147  -0.002855  0.745587  0.343601  0.570998  -0.593331  0.732379  0.334034  -0.303413  -0.587842  0.749922  -0.005892  0.008892  0.002280  -0.113397  0.215852  -0.072432  1.000000  
57.643595 0.011228  -0.012136  -0.002849  0.745740  0.343651  0.570767  -0.593203  0.732482  0.334037  -0.303285  -0.587685  0.750096  -0.005904  0.009236  0.002521  -0.115890  0.216233  -0.072415  1.000000  
57.644872 0.011221  -0.012122  -0.002845  0.745894  0.343700  0.570537  -0.593074  0.732585  0.334039  -0.303158  -0.587528  0.750271  -0.005975  0.009695  0.002695  -0.117040  0.214454  -0.071689  1.000000  
57.646091 0.011214  -0.012109  -0.002841  0.746016  0.343687  0.570385  -0.592921  0.732737  0.333978  -0.303158  -0.587346  0.750413  -0.005885  0.010024  0.002738  -0.118311  0.209651  -0.073995  1.000000  
57.647092 0.011209  -0.012099  -0.002839  0.746292  0.343585  0.570085  -0.592639  0.732911  0.334098  -0.303030  -0.587189  0.750587  -0.005821  0.010224  0.002681  -0.118286  0.210142  -0.077958  1.000000  
57.648117 0.011204  -0.012087  -0.002837  0.746414  0.343504  0.569975  -0.592485  0.733022  0.334126  -0.303030  -0.587098  0.750659  -0.005691  0.010418  0.002606  -0.118216  0.206453  -0.080711  1.000000  
57.649347 0.011197  -0.012073  -0.002835  0.746568  0.343553  0.569744  -0.592357  0.733125  0.334128  -0.302903  -0.586941  0.750833  -0.005699  0.010631  0.002569  -0.121432  0.204951  -0.080171  1.000000  
57.650601 0.011189  -0.012058  -0.002833  0.746722  0.343532  0.569555  -0.592228  0.733187  0.334219  -0.302775  -0.586875  0.750936  -0.005759  0.010835  0.002692  -0.121476  0.204977  -0.080214  1.000000  
57.651849 0.011180  -0.012046  -0.002831  0.746997  0.343430  0.569255  -0.591946  0.733361  0.334338  -0.302648  -0.586718  0.751110  -0.005866  0.010875  0.002706  -0.119355  0.208904  -0.085375  1.000000  
57.653095 0.011171  -0.012033  -0.002826  0.747119  0.343417  0.569103  -0.591792  0.733513  0.334277  -0.302648  -0.586535  0.751253  -0.005909  0.010916  0.002866  -0.119388  0.205411  -0.088199  1.000000  
57.654343 0.011163  -0.012018  -0.002822  0.747241  0.343404  0.568951  -0.591638  0.733665  0.334217  -0.302648  -0.586353  0.751395  -0.005906  0.010919  0.002995  -0.119355  0.201804  -0.090972  1.000000  
57.655591 0.011153  -0.012004  -0.002816  0.747394  0.343453  0.568720  -0.591509  0.733768  0.334218  -0.302520  -0.586196  0.751569  -0.006123  0.010938  0.003166  -0.119405  0.201827  -0.091045  1.000000  
57.656592 0.011145  -0.011992  -0.002811  0.747516  0.343439  0.568568  -0.591356  0.733919  0.334157  -0.302520  -0.586013  0.751711  -0.006245  0.010997  0.003247  -0.121363  0.202315  -0.098974  1.000000  
57.657593 0.011139  -0.011980  -0.002807  0.747516  0.343577  0.568484  -0.591356  0.734000  0.333979  -0.302520  -0.585831  0.751853  -0.006318  0.011143  0.003221  -0.127512  0.194763  -0.096623  1.000000  
57.658841 0.011130  -0.011966  -0.002802  0.747670  0.343626  0.568253  -0.591227  0.734104  0.333980  -0.302393  -0.585673  0.752027  -0.006434  0.011208  0.003057  -0.127534  0.194739  -0.096674  1.000000  
57.659842 0.011124  -0.011954  -0.002800  0.747791  0.343612  0.568101  -0.591073  0.734255  0.333919  -0.302393  -0.585491  0.752170  -0.006458  0.011237  0.002987  -0.131591  0.191211  -0.099463  1.000000  
57.660843 0.011118  -0.011942  -0.002797  0.747945  0.343660  0.567870  -0.590944  0.734359  0.333920  -0.302265  -0.585333  0.752343  -0.006488  0.011328  0.003009  -0.135772  0.191353  -0.099585  1.000000  
57.662091 0.011110  -0.011926  -0.002793  0.748066  0.343716  0.567676  -0.590790  0.734551  0.333770  -0.302265  -0.585060  0.752556  -0.006592  0.011504  0.003090  -0.141725  0.188224  -0.110231  1.000000  
57.663092 0.011104  -0.011914  -0.002788  0.748188  0.343702  0.567524  -0.590636  0.734702  0.333709  -0.302265  -0.584877  0.752698  -0.006664  0.011584  0.003311  -0.145739  0.184635  -0.112982  1.000000  
57.664141 0.011099  -0.011902  -0.002784  0.748220  0.343901  0.567362  -0.590661  0.734735  0.333593  -0.302137  -0.584719  0.752872  -0.006656  0.011558  0.003485  -0.148855  0.181816  -0.108617  1.000000  
57.665352 0.011091  -0.011888  -0.002779  0.748341  0.343888  0.567210  -0.590507  0.734887  0.333531  -0.302137  -0.584537  0.753014  -0.006680  0.011526  0.003632  -0.151160  0.174425  -0.106378  1.000000  
57.666602 0.011083  -0.011874  -0.002774  0.748494  0.344004  0.566937  -0.590378  0.735030  0.333443  -0.302010  -0.584287  0.753259  -0.006607  0.011648  0.003820  -0.155310  0.174452  -0.106470  1.000000  
57.667613 0.011076  -0.011863  -0.002772  0.748494  0.344142  0.566853  -0.590378  0.735111  0.333265  -0.302010  -0.584104  0.753400  -0.006645  0.011688  0.003793  -0.157255  0.170203  -0.101215  1.000000  
57.668851 0.011068  -0.011848  -0.002768  0.748616  0.344128  0.566701  -0.590224  0.735263  0.333203  -0.302010  -0.583922  0.753542  -0.006550  0.011792  0.003735  -0.156151  0.165455  -0.103285  1.000000  
57.670105 0.011060  -0.011834  -0.002766  0.748737  0.344114  0.566549  -0.590070  0.735415  0.333141  -0.302010  -0.583739  0.753684  -0.006421  0.011725  0.003486  -0.159455  0.155544  -0.104444  1.000000  
57.671343 0.011055  -0.011819  -0.002765  0.748769  0.344381  0.566345  -0.590095  0.735487  0.332936  -0.301882  -0.583489  0.753928  -0.006134  0.011703  0.003102  -0.166410  0.146241  -0.093348  1.000000  
57.672591 0.011049  -0.011805  -0.002764  0.748891  0.344436  0.566151  -0.589940  0.735679  0.332785  -0.301882  -0.583215  0.754140  -0.005979  0.011658  0.002808  -0.168507  0.138679  -0.090988  1.000000  
57.673841 0.011044  -0.011788  -0.002764  0.748922  0.344703  0.565946  -0.589965  0.735752  0.332580  -0.301755  -0.582965  0.754384  -0.005752  0.011850  0.002549  -0.172031  0.135759  -0.086599  1.000000  
57.674841 0.011039  -0.011775  -0.002762  0.749076  0.344819  0.565673  -0.589836  0.735896  0.332491  -0.301627  -0.582715  0.754628  -0.005659  0.011925  0.002507  -0.178875  0.134739  -0.085997  1.000000  
57.676092 0.011035  -0.011759  -0.002759  0.749076  0.345025  0.565547  -0.589836  0.736017  0.332223  -0.301627  -0.582441  0.754840  -0.005464  0.011987  0.002449  -0.186366  0.131661  -0.081465  1.000000  
57.677341 0.011031  -0.011742  -0.002755  0.749229  0.345209  0.565232  -0.589707  0.736201  0.332045  -0.301500  -0.582099  0.755155  -0.005171  0.012050  0.002429  -0.195013  0.126539  -0.075680  1.000000  
57.678592 0.011027  -0.011727  -0.002750  0.749260  0.345544  0.564985  -0.589732  0.736314  0.331750  -0.301372  -0.581757  0.755469  -0.004958  0.012064  0.002417  -0.207412  0.118577  -0.065439  1.000000  
57.679597 0.011024  -0.011715  -0.002747  0.749382  0.345666  0.564749  -0.589578  0.736546  0.331509  -0.301372  -0.581390  0.755751  -0.004752  0.012171  0.002383  -0.221208  0.115894  -0.068724  1.000000  
57.680857 0.011019  -0.011698  -0.002744  0.749445  0.346063  0.564422  -0.589627  0.736611  0.331277  -0.301117  -0.581073  0.756097  -0.004583  0.012309  0.002170  -0.231418  0.115360  -0.060789  1.000000  
57.681869 0.011014  -0.011684  -0.002743  0.749477  0.346397  0.564175  -0.589652  0.736723  0.330982  -0.300989  -0.580730  0.756411  -0.004384  0.012434  0.002008  -0.245645  0.114814  -0.052838  1.000000  
57.683098 0.011011  -0.011667  -0.002741  0.749630  0.346580  0.563859  -0.589523  0.736907  0.330803  -0.300862  -0.580388  0.756725  -0.004121  0.012655  0.001917  -0.254072  0.118477  -0.050184  1.000000  
57.684101 0.011007  -0.011655  -0.002741  0.749661  0.346915  0.563611  -0.589548  0.737019  0.330508  -0.300734  -0.580045  0.757038  -0.003948  0.012773  0.001786  -0.264158  0.117908  -0.042230  1.000000  
57.685348 0.011003  -0.011639  -0.002740  0.749814  0.347166  0.563253  -0.589418  0.737243  0.330240  -0.300607  -0.579610  0.757422  -0.003726  0.012833  0.001746  -0.276407  0.117895  -0.042284  1.000000  
57.686596 0.010998  -0.011622  -0.002740  0.749846  0.347568  0.562963  -0.589443  0.737396  0.329855  -0.300479  -0.579175  0.757805  -0.003686  0.012998  0.001718  -0.290726  0.117406  -0.034367  1.000000  
57.687842 0.010994  -0.011605  -0.002739  0.749878  0.347971  0.562672  -0.589468  0.737548  0.329471  -0.300351  -0.578740  0.758188  -0.003616  0.013128  0.001744  -0.302629  0.115999  -0.026239  1.000000  
57.688842 0.010991  -0.011591  -0.002737  0.750031  0.348153  0.562356  -0.589338  0.737731  0.329291  -0.300224  -0.578396  0.758501  -0.003516  0.013153  0.001796  -0.309184  0.116935  -0.026506  1.000000  
57.690091 0.010988  -0.011574  -0.002736  0.750062  0.348554  0.562065  -0.589363  0.737883  0.328907  -0.300096  -0.577961  0.758883  -0.003368  0.013203  0.001712  -0.320919  0.115532  -0.018437  1.000000  
57.691091 0.010986  -0.011560  -0.002735  0.750125  0.348949  0.561736  -0.589413  0.737947  0.328674  -0.299841  -0.577641  0.759228  -0.003284  0.013224  0.001576  -0.328988  0.119051  -0.015762  1.000000  
57.692093 0.010982  -0.011547  -0.002735  0.750278  0.349198  0.561376  -0.589283  0.738170  0.328405  -0.299713  -0.577205  0.759610  -0.003285  0.013255  0.001329  -0.343908  0.123583  -0.013202  1.000000  
57.693342 0.010979  -0.011530  -0.002736  0.750341  0.349728  0.560962  -0.589333  0.738314  0.327993  -0.299458  -0.576700  0.760093  -0.003296  0.013411  0.000949  -0.358697  0.126858  -0.002565  1.000000  
57.694593 0.010974  -0.011513  -0.002735  0.750373  0.350265  0.560585  -0.589357  0.738545  0.327429  -0.299330  -0.576079  0.760615  -0.003310  0.013466  0.000800  -0.377818  0.121747  0.002583  1.000000  
57.695598 0.010971  -0.011499  -0.002735  0.750404  0.350665  0.560292  -0.589382  0.738695  0.327044  -0.299203  -0.575641  0.760996  -0.003213  0.013538  0.000594  -0.389765  0.125229  0.005242  1.000000  
57.696878 0.010968  -0.011481  -0.002734  0.750588  0.351110  0.559767  -0.589277  0.738950  0.326658  -0.298947  -0.575043  0.761548  -0.003121  0.013546  0.000536  -0.412484  0.130849  0.008000  1.000000  
57.698093 0.010964  -0.011463  -0.002732  0.750620  0.351645  0.559388  -0.589302  0.739180  0.326093  -0.298819  -0.574421  0.762068  -0.003111  0.013657  0.000636  -0.432702  0.128474  0.015735  1.000000  
57.699095 0.010960  -0.011448  -0.002729  0.750683  0.352173  0.558972  -0.589351  0.739322  0.325681  -0.298564  -0.573914  0.762550  -0.003139  0.013752  0.000770  -0.449264  0.136926  0.021291  1.000000  
57.700099 0.010957  -0.011433  -0.002727  0.750836  0.352488  0.558568  -0.589221  0.739584  0.325321  -0.298436  -0.573383  0.762999  -0.003147  0.013888  0.000877  -0.464699  0.139023  0.023711  1.000000  
57.701099 0.010954  -0.011418  -0.002724  0.750867  0.352955  0.558231  -0.589246  0.739773  0.324846  -0.298309  -0.572851  0.763448  -0.003056  0.014026  0.001079  -0.480631  0.140143  0.023821  1.000000  
57.702100 0.010951  -0.011403  -0.002722  0.750930  0.353481  0.557813  -0.589295  0.739915  0.324433  -0.298053  -0.572343  0.763929  -0.003051  0.014155  0.001133  -0.499002  0.143308  0.034448  1.000000  
57.703102 0.010948  -0.011388  -0.002720  0.750961  0.353947  0.557475  -0.589320  0.740104  0.323958  -0.297926  -0.571811  0.764377  -0.002995  0.014294  0.001213  -0.511168  0.143309  0.034363  1.000000  
57.704344 0.010946  -0.011369  -0.002719  0.751114  0.354396  0.556985  -0.589190  0.740443  0.323417  -0.297798  -0.571093  0.764964  -0.002945  0.014382  0.001268  -0.531718  0.146959  0.036998  1.000000  
57.705591 0.010943  -0.011351  -0.002717  0.751145  0.354996  0.556560  -0.589214  0.740710  0.322762  -0.297670  -0.570374  0.765549  -0.002928  0.014432  0.001240  -0.547547  0.145771  0.036592  1.000000  
57.706591 0.010940  -0.011336  -0.002717  0.751176  0.355529  0.556178  -0.589239  0.740937  0.322196  -0.297542  -0.569748  0.766065  -0.002957  0.014530  0.001214  -0.564378  0.147019  0.036799  1.000000  
57.707594 0.010938  -0.011320  -0.002717  0.751208  0.356061  0.555795  -0.589264  0.741163  0.321630  -0.297415  -0.569121  0.766581  -0.002885  0.014656  0.001239  -0.582810  0.146658  0.044692  1.000000  
57.708841 0.010935  -0.011302  -0.002716  0.751270  0.356787  0.555244  -0.589313  0.741420  0.320948  -0.297159  -0.568331  0.767266  -0.002724  0.014761  0.001243  -0.603167  0.150275  0.047281  1.000000  
57.710094 0.010934  -0.011283  -0.002715  0.751302  0.357452  0.554774  -0.589337  0.741723  0.320202  -0.297031  -0.567517  0.767917  -0.002618  0.014849  0.001371  -0.624558  0.145139  0.052013  1.000000  
57.711094 0.010932  -0.011268  -0.002713  0.751333  0.357983  0.554389  -0.589362  0.741948  0.319635  -0.296904  -0.566888  0.768431  -0.002558  0.014915  0.001481  -0.637023  0.145249  0.051942  1.000000  
57.712100 0.010929  -0.011253  -0.002710  0.751364  0.358580  0.553960  -0.589386  0.742211  0.318979  -0.296776  -0.566166  0.769013  -0.002546  0.015036  0.001678  -0.660256  0.142427  0.057507  1.000000  
57.713341 0.010928  -0.011233  -0.002706  0.751395  0.359379  0.553400  -0.589411  0.742589  0.318051  -0.296648  -0.565163  0.769799  -0.002343  0.015080  0.001745  -0.683223  0.141327  0.056912  1.000000  
57.714361 0.010926  -0.011218  -0.002702  0.751427  0.359975  0.552970  -0.589435  0.742851  0.317394  -0.296520  -0.564439  0.770380  -0.002195  0.015118  0.001769  -0.702864  0.138521  0.062527  1.000000  
57.715601 0.010925  -0.011198  -0.002698  0.751458  0.360705  0.552452  -0.589460  0.743188  0.316557  -0.296392  -0.563527  0.771096  -0.002033  0.015155  0.001794  -0.723435  0.138615  0.062416  1.000000  
57.716853 0.010924  -0.011177  -0.002695  0.751520  0.361560  0.551808  -0.589509  0.743517  0.315692  -0.296137  -0.562545  0.771911  -0.001828  0.015345  0.001790  -0.747787  0.142260  0.064959  1.000000  
57.718100 0.010923  -0.011156  -0.002690  0.751551  0.362422  0.551200  -0.589533  0.743930  0.314674  -0.296009  -0.561444  0.772761  -0.001701  0.015454  0.001999  -0.776348  0.142332  0.064814  1.000000  
57.719344 0.010921  -0.011136  -0.002686  0.751582  0.363216  0.550634  -0.589558  0.744303  0.313745  -0.295881  -0.560435  0.773541  -0.001635  0.015511  0.002158  -0.803083  0.134884  0.067311  1.000000  
57.720593 0.010920  -0.011116  -0.002680  0.751492  0.364229  0.550088  -0.589737  0.744637  0.312612  -0.295753  -0.559332  0.774389  -0.001458  0.015615  0.002489  -0.833650  0.131014  0.072474  1.000000  
57.721841 0.010920  -0.011096  -0.002675  0.751554  0.365080  0.549438  -0.589785  0.744961  0.311746  -0.295498  -0.558345  0.775198  -0.001272  0.015750  0.002839  -0.856211  0.127178  0.077658  1.000000  
57.723092 0.010919  -0.011076  -0.002669  0.751464  0.366092  0.548888  -0.589965  0.745293  0.310612  -0.295370  -0.557239  0.776042  -0.001172  0.015797  0.003218  -0.882692  0.119714  0.080160  1.000000  
57.724093 0.010919  -0.011060  -0.002664  0.751495  0.366816  0.548362  -0.589989  0.745623  0.309772  -0.295242  -0.556320  0.776750  -0.001087  0.015875  0.003514  -0.903027  0.119781  0.080046  1.000000  
57.725340 0.010919  -0.011041  -0.002658  0.751436  0.367884  0.547728  -0.590192  0.745906  0.308702  -0.294987  -0.555235  0.777623  -0.000960  0.015891  0.003774  -0.922148  0.118627  0.087203  1.000000  
57.726341 0.010919  -0.011026  -0.002653  0.751467  0.368607  0.547199  -0.590217  0.746234  0.307862  -0.294859  -0.554314  0.778328  -0.000783  0.015900  0.003904  -0.944236  0.114807  0.092363  1.000000  
57.727341 0.010921  -0.011009  -0.002649  0.751376  0.369482  0.546733  -0.590396  0.746485  0.306908  -0.294731  -0.553392  0.779032  -0.000524  0.015956  0.003980  -0.965402  0.111366  0.097840  1.000000  
57.728343 0.010921  -0.010995  -0.002646  0.751407  0.370269  0.546157  -0.590420  0.746848  0.305976  -0.294603  -0.552375  0.779802  -0.000401  0.015946  0.003990  -0.982631  0.107520  0.094792  1.000000  
57.729596 0.010923  -0.010976  -0.002642  0.751348  0.371400  0.545471  -0.590624  0.747162  0.304815  -0.294347  -0.551190  0.780736  -0.000227  0.015855  0.004006  -1.008918  0.107378  0.102586  1.000000  
57.730875 0.010924  -0.010957  -0.002637  0.751257  0.372537  0.544820  -0.590803  0.747557  0.303498  -0.294219  -0.549886  0.781703  -0.000003  0.015761  0.004029  -1.040849  0.096918  0.111239  1.000000  
57.732096 0.010926  -0.010938  -0.002632  0.751197  0.373665  0.544129  -0.591006  0.747867  0.302336  -0.293964  -0.548698  0.782634  0.000180  0.015664  0.004153  -1.063576  0.092488  0.115626  1.000000  
57.733343 0.010927  -0.010921  -0.002626  0.751259  0.374770  0.543284  -0.591055  0.748325  0.301105  -0.293708  -0.547318  0.783695  0.000328  0.015437  0.004231  -1.095106  0.092524  0.123561  1.000000  
57.734344 0.010927  -0.010907  -0.002619  0.751168  0.375706  0.542763  -0.591234  0.748604  0.300059  -0.293580  -0.546295  0.784457  0.000426  0.015250  0.004435  -1.116009  0.088703  0.128634  1.000000  
57.735593 0.010929  -0.010890  -0.002612  0.751108  0.376962  0.541974  -0.591437  0.748980  0.298715  -0.293324  -0.544911  0.785514  0.000583  0.015087  0.004572  -1.147773  0.085781  0.134948  1.000000  
57.736594 0.010930  -0.010876  -0.002605  0.751170  0.377799  0.541306  -0.591485  0.749288  0.297846  -0.293068  -0.543907  0.786305  0.000700  0.014882  0.004728  -1.163890  0.089567  0.137458  1.000000  
57.737624 0.010932  -0.010863  -0.002599  0.751079  0.378798  0.540734  -0.591664  0.749598  0.296709  -0.292940  -0.542784  0.787128  0.000803  0.014669  0.004797  -1.189108  0.085776  0.142586  1.000000  
57.738841 0.010934  -0.010846  -0.002591  0.751019  0.380049  0.539939  -0.591867  0.749969  0.295364  -0.292684  -0.541396  0.788179  0.000971  0.014530  0.004885  -1.210983  0.085185  0.149387  1.000000  
57.739844 0.010936  -0.010833  -0.002586  0.750958  0.381103  0.539280  -0.592070  0.750230  0.294291  -0.292429  -0.540292  0.789031  0.001129  0.014349  0.004964  -1.235374  0.085918  0.158528  1.000000  
57.741097 0.010939  -0.010817  -0.002579  0.750898  0.382351  0.538480  -0.592273  0.750596  0.292946  -0.292173  -0.538900  0.790077  0.001299  0.014163  0.005014  -1.261681  0.085976  0.166379  1.000000  
57.742341 0.010942  -0.010800  -0.002572  0.750868  0.383719  0.537547  -0.592501  0.750951  0.291575  -0.291789  -0.537431  0.791219  0.001433  0.013968  0.005191  -1.285771  0.089010  0.175415  1.000000  
57.743591 0.010944  -0.010785  -0.002566  0.750960  0.384931  0.536552  -0.592573  0.751382  0.290314  -0.291405  -0.535960  0.792357  0.001505  0.013737  0.005311  -1.305913  0.092935  0.177841  1.000000  
57.744591 0.010946  -0.010773  -0.002560  0.750899  0.386043  0.535837  -0.592776  0.751671  0.289150  -0.291149  -0.534754  0.793266  0.001578  0.013537  0.005435  -1.329143  0.096759  0.188365  1.000000  
57.745841 0.010949  -0.010760  -0.002552  0.750838  0.387349  0.534979  -0.592979  0.752062  0.287712  -0.290893  -0.533256  0.794367  0.001642  0.013159  0.005686  -1.354702  0.093236  0.193496  1.000000  
57.746842 0.010950  -0.010749  -0.002546  0.750777  0.388524  0.534213  -0.593182  0.752382  0.286456  -0.290637  -0.531950  0.795336  0.001659  0.012904  0.005806  -1.377113  0.093416  0.201335  1.000000  
57.747848 0.010952  -0.010738  -0.002540  0.750716  0.389632  0.533491  -0.593384  0.752664  0.285292  -0.290381  -0.530738  0.796239  0.001710  0.012616  0.005874  -1.394942  0.093569  0.209102  1.000000  
57.749095 0.010954  -0.010726  -0.002533  0.750685  0.390989  0.532541  -0.593611  0.753004  0.283919  -0.289997  -0.529256  0.797364  0.001758  0.012328  0.005830  -1.413091  0.097507  0.219428  1.000000  
57.750097 0.010955  -0.010717  -0.002527  0.750746  0.391939  0.531756  -0.593659  0.753363  0.282864  -0.289740  -0.528041  0.798262  0.001759  0.011954  0.005847  -1.427551  0.105222  0.216494  1.000000  
57.751354 0.010957  -0.010705  -0.002521  0.750715  0.393355  0.530753  -0.593886  0.753733  0.281400  -0.289356  -0.526458  0.799447  0.001784  0.011726  0.005763  -1.452613  0.110076  0.228496  1.000000  
57.752610 0.010959  -0.010694  -0.002515  0.750683  0.394769  0.529747  -0.594112  0.754100  0.279935  -0.288972  -0.524872  0.800628  0.001803  0.011292  0.005594  -1.474607  0.110405  0.236254  1.000000  
57.753842 0.010961  -0.010682  -0.002508  0.750652  0.396181  0.528737  -0.594339  0.754464  0.278471  -0.288588  -0.523283  0.801805  0.001803  0.010890  0.005602  -1.496043  0.118322  0.241322  1.000000  
57.754843 0.010962  -0.010673  -0.002502  0.750590  0.397407  0.527904  -0.594541  0.754800  0.277122  -0.288332  -0.521866  0.802821  0.001739  0.010679  0.005590  -1.518250  0.114940  0.246595  1.000000  
57.756093 0.010964  -0.010662  -0.002494  0.750558  0.398878  0.526838  -0.594768  0.755192  0.275565  -0.287947  -0.520174  0.804055  0.001690  0.010330  0.005699  -1.542638  0.122821  0.251443  1.000000  
57.757342 0.010965  -0.010650  -0.002484  0.750649  0.400190  0.525713  -0.594840  0.755663  0.274117  -0.287563  -0.518480  0.805286  0.001593  0.009953  0.005849  -1.567167  0.131960  0.250539  1.000000  
57.758591 0.010967  -0.010639  -0.002474  0.750647  0.401773  0.524507  -0.595090  0.756038  0.272535  -0.287050  -0.516706  0.806609  0.001530  0.009687  0.006126  -1.585527  0.142399  0.255578  1.000000  
57.759594 0.010969  -0.010631  -0.002466  0.750615  0.403045  0.523577  -0.595316  0.756321  0.271252  -0.286666  -0.515299  0.807644  0.001502  0.009427  0.006310  -1.602618  0.145310  0.263693  1.000000  
57.760841 0.010969  -0.010621  -0.002455  0.750612  0.404621  0.522363  -0.595565  0.756690  0.269670  -0.286153  -0.513519  0.808959  0.001379  0.009239  0.006475  -1.624591  0.157129  0.271153  1.000000  
57.761841 0.010970  -0.010613  -0.002447  0.750702  0.405669  0.521421  -0.595637  0.757019  0.268587  -0.285768  -0.512206  0.809927  0.001305  0.009048  0.006583  -1.634882  0.161070  0.273101  1.000000  
57.763092 0.010971  -0.010604  -0.002438  0.750699  0.407239  0.520199  -0.595886  0.757383  0.267004  -0.285255  -0.510419  0.811235  0.001263  0.008831  0.006749  -1.654992  0.172754  0.280178  1.000000  
57.764109 0.010971  -0.010597  -0.002431  0.750666  0.408501  0.519257  -0.596112  0.757656  0.265721  -0.284870  -0.509003  0.812259  0.001217  0.008626  0.006851  -1.672002  0.178348  0.284560  1.000000  
57.765348 0.010972  -0.010588  -0.002421  0.750662  0.410065  0.518027  -0.596361  0.758013  0.264139  -0.284357  -0.507210  0.813559  0.001159  0.008421  0.007075  -1.688785  0.186496  0.289241  1.000000  
57.766601 0.010973  -0.010579  -0.002412  0.750659  0.411689  0.516744  -0.596610  0.758399  0.262464  -0.283844  -0.505315  0.814917  0.001042  0.008249  0.007227  -1.712823  0.194565  0.293737  1.000000  
57.767850 0.010974  -0.010571  -0.002401  0.750807  0.413142  0.515366  -0.596728  0.758792  0.261055  -0.283203  -0.503535  0.816240  0.000959  0.008010  0.007591  -1.732097  0.210175  0.295346  1.000000  
57.769097 0.010974  -0.010562  -0.002390  0.750803  0.414758  0.514073  -0.596977  0.759171  0.259380  -0.282689  -0.501633  0.817589  0.000876  0.007814  0.007790  -1.749797  0.214681  0.305264  1.000000  
57.770110 0.010975  -0.010555  -0.002380  0.750798  0.416121  0.512977  -0.597226  0.759421  0.258073  -0.282176  -0.500124  0.818690  0.000812  0.007676  0.007992  -1.769456  0.222641  0.309695  1.000000  
57.771341 0.010975  -0.010547  -0.002368  0.750823  0.417719  0.511640  -0.597498  0.759720  0.256558  -0.281534  -0.498334  0.820001  0.000754  0.007474  0.008221  -1.779990  0.232759  0.314138  1.000000  
57.772591 0.010976  -0.010539  -0.002356  0.750818  0.419261  0.510385  -0.597746  0.760057  0.254975  -0.281021  -0.496521  0.821276  0.000645  0.007249  0.008414  -1.794810  0.239211  0.318667  1.000000  
57.773594 0.010976  -0.010532  -0.002346  0.750812  0.420553  0.509329  -0.597994  0.760268  0.253761  -0.280507  -0.495103  0.822307  0.000573  0.007114  0.008544  -1.798504  0.247301  0.323041  1.000000  
57.774841 0.010977  -0.010524  -0.002332  0.750959  0.421984  0.507928  -0.598111  0.760646  0.252352  -0.279865  -0.493303  0.823607  0.000535  0.007019  0.008767  -1.809006  0.259169  0.321817  1.000000  
57.776098 0.010977  -0.010516  -0.002319  0.750982  0.423690  0.506471  -0.598382  0.760994  0.250653  -0.279222  -0.491299  0.825021  0.000494  0.006849  0.008949  -1.829039  0.271244  0.328410  1.000000  
57.777342 0.010977  -0.010508  -0.002305  0.751004  0.425453  0.504958  -0.598653  0.761369  0.248862  -0.278580  -0.489191  0.826490  0.000407  0.006735  0.009306  -1.853684  0.277729  0.338107  1.000000  
57.778592 0.010976  -0.010500  -0.002289  0.751027  0.427210  0.503438  -0.598924  0.761739  0.247071  -0.277937  -0.487078  0.827953  0.000339  0.006679  0.009685  -1.873040  0.285962  0.342059  1.000000  
57.779596 0.010976  -0.010494  -0.002277  0.751020  0.428608  0.502260  -0.599171  0.761997  0.245673  -0.277423  -0.485445  0.829084  0.000256  0.006630  0.010062  -1.888632  0.294067  0.346176  1.000000  
57.780877 0.010975  -0.010486  -0.002259  0.751070  0.430407  0.500644  -0.599464  0.762319  0.243951  -0.276652  -0.483342  0.830568  0.000154  0.006559  0.010586  -1.910452  0.308541  0.355066  1.000000  
57.782096 0.010974  -0.010478  -0.002242  0.751214  0.431932  0.499111  -0.599580  0.762737  0.242356  -0.276009  -0.481318  0.831957  0.000085  0.006503  0.011099  -1.927642  0.321984  0.353429  1.000000  
57.783344 0.010973  -0.010471  -0.002224  0.751235  0.433610  0.497623  -0.599849  0.763063  0.240657  -0.275366  -0.479289  0.833340  -0.000061  0.006404  0.011500  -1.943165  0.330294  0.357266  1.000000  
57.784594 0.010972  -0.010464  -0.002207  0.751255  0.435283  0.496129  -0.600119  0.763384  0.238959  -0.274723  -0.477256  0.834718  -0.000202  0.006319  0.011830  -1.955183  0.334928  0.358823  1.000000  
57.785595 0.010971  -0.010459  -0.002194  0.751275  0.436711  0.494843  -0.600388  0.763587  0.237632  -0.274079  -0.475625  0.835860  -0.000313  0.006206  0.012140  -1.965008  0.342704  0.371405  1.000000  
57.786598 0.010969  -0.010453  -0.002181  0.751266  0.438085  0.493640  -0.600634  0.763827  0.236235  -0.273565  -0.473972  0.836966  -0.000458  0.006106  0.012289  -1.976961  0.351051  0.375389  1.000000  
57.787849 0.010967  -0.010447  -0.002164  0.751314  0.439735  0.492099  -0.600926  0.764071  0.234700  -0.272792  -0.472048  0.838305  -0.000645  0.005960  0.012590  -1.981009  0.359643  0.379231  1.000000  
57.789100 0.010964  -0.010442  -0.002146  0.751332  0.441390  0.490586  -0.601195  0.764379  0.233003  -0.272149  -0.470000  0.839664  -0.000866  0.005780  0.012968  -1.988825  0.368221  0.382945  1.000000  
57.790342 0.010961  -0.010436  -0.002127  0.751379  0.443089  0.488981  -0.601486  0.764644  0.231376  -0.271376  -0.467966  0.841049  -0.001088  0.005605  0.013357  -2.003072  0.374199  0.391644  1.000000  
57.791343 0.010959  -0.010431  -0.002112  0.751368  0.444389  0.487815  -0.601731  0.764844  0.230073  -0.270861  -0.466403  0.842082  -0.001207  0.005522  0.013656  -2.007372  0.378127  0.394108  1.000000  
57.792593 0.010956  -0.010427  -0.002091  0.751414  0.446020  0.486255  -0.602021  0.765075  0.228540  -0.270088  -0.464464  0.843401  -0.001432  0.005282  0.014015  -2.015481  0.386780  0.397840  1.000000  
57.793842 0.010952  -0.010421  -0.002071  0.751431  0.447656  0.484723  -0.602289  0.765369  0.226844  -0.269444  -0.462400  0.844740  -0.001654  0.005102  0.014392  -2.023323  0.392190  0.398311  1.000000  
57.795091 0.010948  -0.010417  -0.002048  0.751419  0.449239  0.483274  -0.602534  0.765698  0.225077  -0.268928  -0.460316  0.846042  -0.001875  0.004870  0.014797  -2.032078  0.393289  0.397524  1.000000  
57.796093 0.010945  -0.010413  -0.002030  0.751407  0.450584  0.482039  -0.602778  0.765914  0.223682  -0.268413  -0.458639  0.847116  -0.001996  0.004728  0.015069  -2.037038  0.390585  0.402285  1.000000  
57.797342 0.010940  -0.010409  -0.002008  0.751299  0.452306  0.480593  -0.603200  0.766077  0.221981  -0.267768  -0.456667  0.848384  -0.002198  0.004535  0.015384  -2.039076  0.392156  0.409352  1.000000  
57.798344 0.010937  -0.010405  -0.001990  0.751286  0.453643  0.479350  -0.603444  0.766288  0.220586  -0.267253  -0.454985  0.849450  -0.002460  0.004375  0.015672  -2.046747  0.396741  0.410764  1.000000  
57.799345 0.010933  -0.010402  -0.001972  0.751245  0.454873  0.478248  -0.603666  0.766507  0.219214  -0.266866  -0.453386  0.850426  -0.002601  0.004180  0.015972  -2.047300  0.393108  0.408844  1.000000  
57.800347 0.010929  -0.010400  -0.001953  0.751232  0.456088  0.477109  -0.603910  0.766659  0.218006  -0.266350  -0.451905  0.851375  -0.002822  0.004002  0.016352  -2.047188  0.390981  0.414344  1.000000  
57.801362 0.010925  -0.010397  -0.001933  0.751095  0.457459  0.476013  -0.604309  0.766715  0.216701  -0.265834  -0.450421  0.852322  -0.002961  0.003801  0.016799  -2.045347  0.387743  0.418704  1.000000  
57.802593 0.010920  -0.010394  -0.001907  0.750984  0.459047  0.474656  -0.604729  0.766809  0.215189  -0.265189  -0.448642  0.853461  -0.003193  0.003689  0.017315  -2.044443  0.389577  0.426150  1.000000  
57.803841 0.010913  -0.010391  -0.001881  0.750873  0.460631  0.473296  -0.605150  0.766900  0.213678  -0.264544  -0.446860  0.854595  -0.003445  0.003413  0.017996  -2.045687  0.387858  0.429891  1.000000  
57.804841 0.010908  -0.010389  -0.001860  0.750831  0.461788  0.472233  -0.605371  0.767080  0.212400  -0.264157  -0.445353  0.855501  -0.003633  0.003271  0.018357  -2.043370  0.381526  0.432758  1.000000  
57.806091 0.010902  -0.010388  -0.001832  0.750692  0.463376  0.470898  -0.605769  0.767228  0.210726  -0.263641  -0.443445  0.856650  -0.003888  0.002998  0.018942  -2.037459  0.375529  0.435557  1.000000  
57.807341 0.010895  -0.010386  -0.001805  0.750579  0.465006  0.469468  -0.606188  0.767335  0.209124  -0.262995  -0.441550  0.857827  -0.004111  0.002758  0.019450  -2.026654  0.373322  0.440351  1.000000  
57.808343 0.010890  -0.010384  -0.001782  0.750439  0.466359  0.468349  -0.606586  0.767374  0.207823  -0.262479  -0.440053  0.858754  -0.004290  0.002581  0.019802  -2.016789  0.370266  0.446885  1.000000  
57.809591 0.010882  -0.010382  -0.001754  0.750173  0.468093  0.467043  -0.607137  0.767415  0.206055  -0.261962  -0.438136  0.859891  -0.004482  0.002471  0.020195  -2.012046  0.361860  0.454071  1.000000  
57.810841 0.010875  -0.010380  -0.001725  0.750059  0.469655  0.465656  -0.607556  0.767486  0.204550  -0.261317  -0.436337  0.861002  -0.004719  0.002274  0.020703  -1.999685  0.356239  0.457397  1.000000  
57.812093 0.010868  -0.010377  -0.001695  0.749819  0.471370  0.464307  -0.608130  0.767457  0.202950  -0.260671  -0.434535  0.862108  -0.004924  0.002143  0.021215  -1.990683  0.347464  0.473529  1.000000  
57.813340 0.010860  -0.010375  -0.001663  0.749579  0.473082  0.462953  -0.608702  0.767424  0.201352  -0.260025  -0.432729  0.863210  -0.005091  0.002021  0.021853  -1.982078  0.342299  0.484401  1.000000  
57.814345 0.010854  -0.010373  -0.001636  0.749436  0.474362  0.461872  -0.609099  0.767424  0.200150  -0.259508  -0.431325  0.864068  -0.005281  0.001958  0.022456  -1.971530  0.339016  0.491448  1.000000  
57.815600 0.010847  -0.010370  -0.001602  0.749194  0.476067  0.460509  -0.609671  0.767384  0.198554  -0.258862  -0.429514  0.865163  -0.005400  0.001937  0.023107  -1.962310  0.329835  0.500238  1.000000  
57.816848 0.010840  -0.010367  -0.001567  0.748952  0.477767  0.459141  -0.610243  0.767340  0.196960  -0.258216  -0.427701  0.866254  -0.005558  0.001946  0.023775  -1.953987  0.320850  0.509313  1.000000  
57.818095 0.010832  -0.010364  -0.001531  0.748834  0.479250  0.457785  -0.610660  0.767367  0.195556  -0.257570  -0.425990  0.867289  -0.005720  0.001913  0.024483  -1.939538  0.320092  0.512440  1.000000  
57.819340 0.010825  -0.010361  -0.001496  0.748590  0.480886  0.456466  -0.611231  0.767293  0.194058  -0.256923  -0.424276  0.868320  -0.005705  0.002015  0.025009  -1.926874  0.315121  0.523501  1.000000  
57.820592 0.010818  -0.010358  -0.001460  0.748345  0.482464  0.455200  -0.611802  0.767191  0.192655  -0.256276  -0.422665  0.869297  -0.005773  0.002016  0.025639  -1.915235  0.306346  0.532874  1.000000  
57.821840 0.010812  -0.010354  -0.001424  0.748126  0.484137  0.453782  -0.612394  0.767074  0.191235  -0.255500  -0.420961  0.870351  -0.005690  0.002179  0.026146  -1.905270  0.305190  0.545722  1.000000  
57.823091 0.010806  -0.010351  -0.001387  0.747880  0.485763  0.452449  -0.612964  0.766989  0.189743  -0.254854  -0.419240  0.871371  -0.005663  0.002206  0.026707  -1.896462  0.296349  0.554824  1.000000  
57.824097 0.010801  -0.010349  -0.001358  0.747607  0.487122  0.451438  -0.613513  0.766845  0.188550  -0.254336  -0.417924  0.872154  -0.005608  0.002289  0.027212  -1.882876  0.289822  0.568666  1.000000  
57.825341 0.010795  -0.010345  -0.001319  0.747385  0.488784  0.450006  -0.614104  0.766718  0.187135  -0.253559  -0.416212  0.873198  -0.005518  0.002368  0.027778  -1.868483  0.296140  0.578201  1.000000  
57.826590 0.010790  -0.010341  -0.001282  0.747162  0.490496  0.448511  -0.614694  0.766611  0.185629  -0.252783  -0.414392  0.874288  -0.005367  0.002485  0.028375  -1.860256  0.296823  0.588668  1.000000  
57.827592 0.010787  -0.010338  -0.001251  0.747040  0.491786  0.447301  -0.615109  0.766547  0.184515  -0.252136  -0.412979  0.875144  -0.005221  0.002527  0.028772  -1.853760  0.298870  0.596123  1.000000  
57.828840 0.010782  -0.010334  -0.001211  0.746816  0.493436  0.445856  -0.615699  0.766412  0.183105  -0.251359  -0.411259  0.876176  -0.005038  0.002633  0.029197  -1.839257  0.305240  0.605473  1.000000  
57.829840 0.010779  -0.010331  -0.001180  0.746539  0.494835  0.444768  -0.616246  0.766277  0.181828  -0.250841  -0.409828  0.876995  -0.004865  0.002709  0.029528  -1.838565  0.300358  0.616858  1.000000  
57.830880 0.010775  -0.010328  -0.001150  0.746440  0.496104  0.443518  -0.616681  0.766149  0.180885  -0.250063  -0.408529  0.877822  -0.004611  0.002748  0.029646  -1.828635  0.304705  0.628694  1.000000  
57.832101 0.010771  -0.010323  -0.001112  0.746213  0.497742  0.442061  -0.617270  0.766006  0.179481  -0.249286  -0.406802  0.878845  -0.004421  0.002880  0.029819  -1.825266  0.308785  0.633627  1.000000  
57.833345 0.010768  -0.010318  -0.001076  0.745960  0.499335  0.440690  -0.617837  0.765893  0.178004  -0.248638  -0.405059  0.879833  -0.004161  0.003008  0.029940  -1.825341  0.305757  0.642183  1.000000  
57.834347 0.010765  -0.010314  -0.001045  0.745834  0.500552  0.439522  -0.618250  0.765795  0.176991  -0.247990  -0.403740  0.880622  -0.003960  0.003132  0.030046  -1.816682  0.314852  0.645577  1.000000  
57.835594 0.010762  -0.010309  -0.001007  0.745579  0.502138  0.438143  -0.618816  0.765676  0.175517  -0.247342  -0.401992  0.881603  -0.003714  0.003275  0.030204  -1.806089  0.313366  0.651013  1.000000  
