1-Time 2-Px 3-Py 4-Pz 5-R11 6-R21 7-R31 8-R12 9-R22 10-R32 11-R13 12-R23 13-R33 14-Vx 15-Vy 16-Vz 17-Wx 18-Wy 19-Wz 20-state
32.094729 0.029339  -0.001961  -0.001049  0.277975  0.853987  0.439814  -0.925700  0.360427  -0.114773  -0.256535  -0.375232  0.890725  0.001767  -0.006439  -0.018448  0.000000  0.000000  0.000000  1.000000  
32.095736 0.029340  -0.001967  -0.001062  0.277965  0.853972  0.439848  -0.925667  0.360475  -0.114887  -0.256664  -0.375218  0.890693  0.001396  -0.006944  -0.017765  0.000000  0.000000  0.000000  1.000000  
32.096977 0.029328  -0.001980  -0.001080  0.277965  0.853972  0.439848  -0.925667  0.360475  -0.114887  -0.256664  -0.375218  0.890693  -0.005619  -0.009353  -0.015764  0.000000  0.000000  0.000000  1.000000  
32.098227 0.029309  -0.001996  -0.001096  0.277955  0.853958  0.439883  -0.925634  0.360523  -0.115001  -0.256794  -0.375205  0.890662  -0.009246  -0.010682  -0.014664  0.000000  0.000000  0.000000  1.000000  
32.099477 0.029295  -0.002007  -0.001113  0.277955  0.853958  0.439883  -0.925634  0.360523  -0.115001  -0.256794  -0.375205  0.890662  -0.009814  -0.010293  -0.014238  0.000000  0.000000  0.000000  1.000000  
32.100479 0.029285  -0.002014  -0.001125  0.277945  0.853944  0.439917  -0.925601  0.360571  -0.115115  -0.256923  -0.375192  0.890630  -0.009819  -0.009642  -0.013929  0.000000  0.000000  0.000000  1.000000  
32.101727 0.029267  -0.002024  -0.001142  0.277745  0.854003  0.439927  -0.925625  0.360443  -0.115320  -0.257052  -0.375178  0.890598  -0.010771  -0.009245  -0.013786  0.000000  0.000000  0.000000  1.000000  
32.102981 0.029243  -0.002031  -0.001159  0.277745  0.854003  0.439927  -0.925625  0.360443  -0.115320  -0.257052  -0.375178  0.890598  -0.012080  -0.008727  -0.013734  0.000000  0.000000  0.000000  1.000000  
32.104227 0.029219  -0.002038  -0.001178  0.277735  0.853936  0.440065  -0.925592  0.360505  -0.115390  -0.257182  -0.375273  0.890521  -0.013050  -0.008252  -0.013926  0.000000  0.000000  0.000000  1.000000  
32.105231 0.029201  -0.002042  -0.001191  0.277544  0.854010  0.440041  -0.925649  0.360330  -0.115481  -0.257182  -0.375273  0.890521  -0.013460  -0.007911  -0.013913  0.000000  0.000000  0.000000  1.000000  
32.106236 0.029184  -0.002048  -0.001205  0.277544  0.853956  0.440145  -0.925649  0.360344  -0.115437  -0.257182  -0.375381  0.890476  -0.013815  -0.007696  -0.013867  0.000000  0.000000  0.000000  1.000000  
32.107482 0.029160  -0.002055  -0.001220  0.277544  0.853956  0.440145  -0.925649  0.360344  -0.115437  -0.257182  -0.375381  0.890476  -0.014316  -0.007479  -0.013733  0.000000  0.000000  0.000000  1.000000  
32.108483 0.029138  -0.002061  -0.001231  0.277354  0.853977  0.440225  -0.925707  0.360182  -0.115484  -0.257182  -0.375489  0.890430  -0.014933  -0.007406  -0.013474  0.000000  0.000000  0.000000  1.000000  
32.109731 0.029105  -0.002072  -0.001241  0.277344  0.853909  0.440363  -0.925674  0.360244  -0.115554  -0.257311  -0.375584  0.890353  -0.015894  -0.007503  -0.013042  0.000000  0.000000  0.000000  1.000000  
32.110978 0.029067  -0.002089  -0.001251  0.277344  0.853909  0.440363  -0.925674  0.360244  -0.115554  -0.257311  -0.375584  0.890353  -0.018169  -0.008044  -0.012341  0.000000  0.000000  0.000000  1.000000  
32.111979 0.029036  -0.002104  -0.001261  0.277344  0.853856  0.440466  -0.925674  0.360258  -0.115511  -0.257311  -0.375692  0.890307  -0.019552  -0.008141  -0.012025  0.000000  0.000000  0.000000  1.000000  
32.112982 0.029006  -0.002115  -0.001272  0.277524  0.853767  0.440524  -0.925583  0.360482  -0.115534  -0.257440  -0.375678  0.890275  -0.020519  -0.008098  -0.011895  0.000000  0.000000  0.000000  1.000000  
32.114227 0.028971  -0.002127  -0.001289  0.277515  0.853753  0.440558  -0.925550  0.360530  -0.115648  -0.257570  -0.375665  0.890244  -0.021980  -0.008074  -0.011969  0.000000  0.000000  0.000000  1.000000  
32.115477 0.028935  -0.002136  -0.001305  0.277695  0.853611  0.440720  -0.925460  0.360768  -0.115628  -0.257699  -0.375759  0.890166  -0.023346  -0.008092  -0.011985  0.000000  0.000000  0.000000  1.000000  
32.116479 0.028905  -0.002143  -0.001316  0.277685  0.853596  0.440754  -0.925427  0.360816  -0.115742  -0.257828  -0.375746  0.890135  -0.024491  -0.008111  -0.011828  0.000000  0.000000  0.000000  1.000000  
32.117727 0.028870  -0.002151  -0.001327  0.278056  0.853433  0.440836  -0.925280  0.361216  -0.115674  -0.257957  -0.375733  0.890103  -0.025282  -0.008164  -0.011450  0.000000  0.000000  0.000000  1.000000  
32.118977 0.028837  -0.002159  -0.001338  0.278247  0.853359  0.440860  -0.925223  0.361391  -0.115584  -0.257957  -0.375733  0.890103  -0.025845  -0.008207  -0.010868  0.000000  0.000000  0.000000  1.000000  
32.120227 0.028806  -0.002164  -0.001346  0.278427  0.853216  0.441021  -0.925132  0.361629  -0.115563  -0.258087  -0.375827  0.890025  -0.026350  -0.008106  -0.010316  0.000000  0.000000  0.000000  1.000000  
32.121477 0.028775  -0.002170  -0.001351  0.278808  0.853067  0.441069  -0.925017  0.361980  -0.115382  -0.258087  -0.375827  0.890025  -0.027005  -0.008060  -0.009582  0.000000  0.000000  0.000000  1.000000  
32.122485 0.028747  -0.002177  -0.001356  0.278989  0.852978  0.441127  -0.924927  0.362204  -0.115405  -0.258216  -0.375814  0.889994  -0.027668  -0.008216  -0.009015  0.000000  0.000000  0.000000  1.000000  
32.123738 0.028710  -0.002189  -0.001363  0.279370  0.852829  0.441175  -0.924812  0.362555  -0.115223  -0.258216  -0.375814  0.889994  -0.028140  -0.008417  -0.008631  0.000000  0.000000  0.000000  1.000000  
32.125001 0.028672  -0.002203  -0.001375  0.279750  0.852733  0.441119  -0.924697  0.362893  -0.115085  -0.258216  -0.375706  0.890039  -0.028397  -0.008543  -0.008780  0.000000  0.000000  0.000000  1.000000  
32.126229 0.028636  -0.002216  -0.001388  0.280131  0.852584  0.441166  -0.924582  0.363244  -0.114904  -0.258216  -0.375706  0.890039  -0.028234  -0.008178  -0.008987  0.000000  0.000000  0.000000  1.000000  
32.127231 0.028606  -0.002224  -0.001400  0.280512  0.852488  0.441110  -0.924466  0.363581  -0.114766  -0.258216  -0.375598  0.890085  -0.028109  -0.007752  -0.009090  0.000000  0.000000  0.000000  1.000000  
32.128484 0.028569  -0.002233  -0.001416  0.280892  0.852338  0.441157  -0.924351  0.363932  -0.114585  -0.258216  -0.375598  0.890085  -0.028226  -0.007420  -0.009048  0.000000  0.000000  0.000000  1.000000  
32.129727 0.028530  -0.002239  -0.001429  0.281273  0.852242  0.441101  -0.924235  0.364269  -0.114447  -0.258216  -0.375490  0.890130  -0.028470  -0.007229  -0.008878  0.000000  0.000000  0.000000  1.000000  
32.130977 0.028492  -0.002245  -0.001440  0.281844  0.852016  0.441171  -0.924061  0.364795  -0.114175  -0.258216  -0.375490  0.890130  -0.028610  -0.007048  -0.008622  0.000000  0.000000  0.000000  1.000000  
32.131978 0.028463  -0.002248  -0.001447  0.282224  0.851866  0.441218  -0.923945  0.365146  -0.113993  -0.258216  -0.375490  0.890130  -0.028519  -0.006742  -0.008422  0.059096  0.025037  -0.163593  1.000000  
32.132979 0.028432  -0.002250  -0.001455  0.282605  0.851769  0.441162  -0.923829  0.365483  -0.113856  -0.258216  -0.375382  0.890176  -0.028731  -0.006474  -0.008333  0.058100  0.029971  -0.174463  1.000000  
32.134227 0.028393  -0.002252  -0.001466  0.282995  0.851687  0.441071  -0.923745  0.365772  -0.113605  -0.258087  -0.375287  0.890253  -0.029192  -0.006158  -0.008420  0.054008  0.043713  -0.184788  1.000000  
32.135227 0.028360  -0.002255  -0.001475  0.283185  0.851612  0.441094  -0.923687  0.365947  -0.113514  -0.258087  -0.375287  0.890253  -0.029803  -0.006085  -0.008640  0.057090  0.048497  -0.195455  1.000000  
32.136483 0.028319  -0.002260  -0.001487  0.283576  0.851529  0.441002  -0.923603  0.366236  -0.113263  -0.257957  -0.375193  0.890331  -0.030407  -0.005988  -0.009114  0.052954  0.058232  -0.207633  1.000000  
32.137727 0.028277  -0.002267  -0.001501  0.283966  0.851446  0.440911  -0.923519  0.366525  -0.113012  -0.257828  -0.375098  0.890408  -0.030855  -0.005862  -0.009544  0.051996  0.067004  -0.216425  1.000000  
32.138736 0.028241  -0.002274  -0.001512  0.284176  0.851454  0.440761  -0.923527  0.366590  -0.112738  -0.257570  -0.375017  0.890517  -0.031253  -0.005634  -0.009925  0.047816  0.085177  -0.225283  1.000000  
32.139983 0.028193  -0.002282  -0.001525  0.284387  0.851515  0.440507  -0.923534  0.366642  -0.112508  -0.257311  -0.374828  0.890671  -0.031965  -0.005271  -0.010042  0.037060  0.095344  -0.226288  1.000000  
32.141232 0.028147  -0.002288  -0.001538  0.284597  0.851522  0.440357  -0.923541  0.366708  -0.112234  -0.257052  -0.374746  0.890780  -0.032638  -0.004776  -0.009904  0.034722  0.106058  -0.228784  1.000000  
32.142480 0.028103  -0.002294  -0.001549  0.284808  0.851583  0.440103  -0.923548  0.366761  -0.112005  -0.256794  -0.374557  0.890934  -0.033133  -0.004513  -0.009653  0.022576  0.118388  -0.223621  1.000000  
32.143727 0.028060  -0.002296  -0.001556  0.285018  0.851591  0.439953  -0.923555  0.366827  -0.111731  -0.256535  -0.374475  0.891043  -0.033461  -0.004133  -0.009175  0.020277  0.133265  -0.224520  1.000000  
32.144728 0.028024  -0.002297  -0.001563  0.285218  0.851637  0.439734  -0.923529  0.366927  -0.111615  -0.256406  -0.374272  0.891166  -0.033828  -0.003842  -0.008919  0.009894  0.139936  -0.228912  1.000000  
32.145978 0.027979  -0.002296  -0.001572  0.285238  0.851773  0.439457  -0.923595  0.366804  -0.111476  -0.256147  -0.374083  0.891320  -0.034329  -0.003448  -0.008777  0.000026  0.149867  -0.217917  1.000000  
32.147227 0.027936  -0.002297  -0.001584  0.285449  0.851833  0.439203  -0.923602  0.366857  -0.111247  -0.255888  -0.373893  0.891474  -0.034727  -0.003278  -0.009024  -0.008078  0.161979  -0.212466  1.000000  
32.148228 0.027902  -0.002298  -0.001597  0.285649  0.851826  0.439087  -0.923576  0.366971  -0.111087  -0.255759  -0.373798  0.891550  -0.034891  -0.003188  -0.009325  -0.012222  0.171611  -0.210764  1.000000  
32.149477 0.027859  -0.002301  -0.001615  0.285859  0.851940  0.438729  -0.923582  0.367010  -0.110902  -0.255500  -0.373500  0.891750  -0.035114  -0.003251  -0.009881  -0.030073  0.179927  -0.197741  1.000000  
32.150477 0.027822  -0.002304  -0.001629  0.286070  0.852000  0.438475  -0.923589  0.367064  -0.110673  -0.255242  -0.373310  0.891903  -0.035364  -0.003217  -0.010130  -0.038195  0.188136  -0.194320  1.000000  
32.151727 0.027777  -0.002311  -0.001645  0.286280  0.852060  0.438220  -0.923595  0.367117  -0.110444  -0.254983  -0.373120  0.892057  -0.035628  -0.003232  -0.010351  -0.046321  0.196363  -0.190918  1.000000  
32.152979 0.027733  -0.002318  -0.001660  0.286490  0.852174  0.437862  -0.923601  0.367157  -0.110259  -0.254724  -0.372822  0.892255  -0.035664  -0.003191  -0.010403  -0.060233  0.206108  -0.179668  1.000000  
32.154227 0.027691  -0.002325  -0.001672  0.286701  0.852287  0.437504  -0.923607  0.367197  -0.110075  -0.254465  -0.372523  0.892454  -0.035391  -0.003239  -0.010345  -0.074150  0.211716  -0.170126  1.000000  
32.155233 0.027659  -0.002330  -0.001681  0.287101  0.852271  0.437272  -0.923554  0.367426  -0.109756  -0.254207  -0.372333  0.892607  -0.035011  -0.003113  -0.010249  -0.078217  0.219890  -0.166702  1.000000  
32.156234 0.027627  -0.002335  -0.001690  0.287301  0.852370  0.436949  -0.923527  0.367514  -0.109685  -0.254077  -0.372021  0.892774  -0.034667  -0.003086  -0.010183  -0.092867  0.223204  -0.160192  1.000000  
32.157480 0.027589  -0.002338  -0.001703  0.287712  0.852421  0.436577  -0.923506  0.367682  -0.109297  -0.253689  -0.371735  0.893003  -0.034247  -0.002956  -0.010287  -0.101086  0.235657  -0.155075  1.000000  
32.158483 0.027560  -0.002339  -0.001712  0.288102  0.852444  0.436276  -0.923420  0.367946  -0.109137  -0.253559  -0.371424  0.893170  -0.033889  -0.002950  -0.010528  -0.110646  0.240374  -0.158244  1.000000  
32.159729 0.027522  -0.002341  -0.001726  0.288513  0.852548  0.435801  -0.923398  0.368102  -0.108794  -0.253171  -0.371029  0.893444  -0.033340  -0.003009  -0.010939  -0.125600  0.252161  -0.148247  1.000000  
32.160733 0.027494  -0.002343  -0.001738  0.288903  0.852623  0.435396  -0.923312  0.368353  -0.108679  -0.253042  -0.370609  0.893655  -0.032922  -0.003131  -0.011267  -0.141919  0.256270  -0.146574  1.000000  
32.161978 0.027457  -0.002345  -0.001756  0.289494  0.852636  0.434978  -0.923198  0.368732  -0.108361  -0.252783  -0.370201  0.893897  -0.032436  -0.003263  -0.011680  -0.158267  0.264554  -0.143186  1.000000  
32.162979 0.027427  -0.002348  -0.001769  0.289894  0.852724  0.434537  -0.923143  0.368937  -0.108133  -0.252524  -0.369793  0.894139  -0.032178  -0.003364  -0.011677  -0.170525  0.272808  -0.139806  1.000000  
32.164227 0.027388  -0.002352  -0.001784  0.290484  0.852790  0.434015  -0.923028  0.369303  -0.107860  -0.252265  -0.369276  0.894426  -0.031929  -0.003422  -0.011485  -0.183359  0.282082  -0.150543  1.000000  
32.165477 0.027347  -0.002358  -0.001796  0.291075  0.852854  0.433492  -0.922913  0.369671  -0.107588  -0.252006  -0.368760  0.894712  -0.031683  -0.003567  -0.011127  -0.197967  0.288780  -0.155116  1.000000  
32.166477 0.027314  -0.002364  -0.001805  0.291655  0.852798  0.433212  -0.922765  0.370111  -0.107341  -0.251877  -0.368447  0.894877  -0.031387  -0.003591  -0.010804  -0.205005  0.295625  -0.164448  1.000000  
32.167727 0.027273  -0.002373  -0.001817  0.292255  0.852877  0.432653  -0.922681  0.370432  -0.106955  -0.251488  -0.367942  0.895194  -0.031177  -0.003710  -0.010664  -0.221309  0.304702  -0.170367  1.000000  
32.168977 0.027234  -0.002379  -0.001830  0.293035  0.852916  0.432048  -0.922504  0.370963  -0.106641  -0.251229  -0.367316  0.895524  -0.031032  -0.003639  -0.010740  -0.230496  0.313902  -0.185814  1.000000  
32.170227 0.027193  -0.002384  -0.001846  0.293635  0.852993  0.431487  -0.922419  0.371285  -0.106256  -0.250841  -0.366811  0.895840  -0.031046  -0.003619  -0.011004  -0.243304  0.323086  -0.196522  1.000000  
32.171227 0.027161  -0.002388  -0.001860  0.294046  0.853146  0.430904  -0.922394  0.371431  -0.105961  -0.250452  -0.366306  0.896155  -0.031056  -0.003549  -0.011301  -0.257825  0.329668  -0.201077  1.000000  
32.172235 0.027129  -0.002392  -0.001874  0.294636  0.853208  0.430379  -0.922276  0.371801  -0.105692  -0.250193  -0.365788  0.896439  -0.031204  -0.003666  -0.011590  -0.268710  0.337371  -0.215226  1.000000  
32.173479 0.027090  -0.002395  -0.001890  0.295436  0.853274  0.429699  -0.922161  0.372240  -0.105152  -0.249675  -0.365186  0.896829  -0.031331  -0.003738  -0.011872  -0.283996  0.353313  -0.230540  1.000000  
32.174480 0.027057  -0.002398  -0.001902  0.295846  0.853426  0.429115  -0.922134  0.372389  -0.104858  -0.249286  -0.364679  0.897143  -0.031560  -0.003865  -0.011982  -0.296233  0.361165  -0.231557  1.000000  
32.175480 0.027023  -0.002400  -0.001914  0.296436  0.853486  0.428588  -0.922015  0.372759  -0.104591  -0.249027  -0.364160  0.897426  -0.031873  -0.003819  -0.011960  -0.305722  0.371674  -0.252182  1.000000  
32.176484 0.026986  -0.002404  -0.001926  0.297036  0.853612  0.427921  -0.921927  0.373071  -0.104255  -0.248638  -0.363545  0.897783  -0.032402  -0.003970  -0.011760  -0.318588  0.384920  -0.261298  1.000000  
32.177728 0.026939  -0.002409  -0.001936  0.297456  0.853933  0.426988  -0.921931  0.373137  -0.103983  -0.248120  -0.362723  0.898259  -0.033117  -0.004152  -0.011354  -0.339811  0.398303  -0.270608  1.000000  
32.178977 0.026890  -0.002415  -0.001945  0.298077  0.854242  0.425935  -0.921905  0.373321  -0.103555  -0.247471  -0.361804  0.898808  -0.033799  -0.004280  -0.010968  -0.366789  0.413155  -0.271981  1.000000  
32.180227 0.026840  -0.002421  -0.001954  0.298687  0.854484  0.425022  -0.921846  0.373564  -0.103197  -0.246953  -0.360981  0.899281  -0.034376  -0.004250  -0.010691  -0.383860  0.426391  -0.281278  1.000000  
32.181477 0.026788  -0.002427  -0.001965  0.299307  0.854791  0.423967  -0.921818  0.373750  -0.102770  -0.246305  -0.360060  0.899828  -0.035049  -0.004178  -0.010683  -0.409133  0.443790  -0.288905  1.000000  
32.182727 0.026737  -0.002432  -0.001977  0.299748  0.855137  0.422956  -0.921883  0.373728  -0.102271  -0.245526  -0.359260  0.900360  -0.035722  -0.003931  -0.010679  -0.428046  0.462836  -0.288676  1.000000  
32.183728 0.026697  -0.002435  -0.001989  0.300188  0.855431  0.422048  -0.921947  0.373719  -0.101727  -0.244748  -0.358568  0.900848  -0.036395  -0.003794  -0.010742  -0.443180  0.481994  -0.284298  1.000000  
32.184978 0.026648  -0.002438  -0.002003  0.300818  0.855750  0.420952  -0.921947  0.373864  -0.101187  -0.243970  -0.357657  0.901421  -0.036961  -0.003647  -0.010628  -0.464266  0.503355  -0.290301  1.000000  
32.185980 0.026609  -0.002441  -0.002013  0.301059  0.856104  0.420059  -0.922040  0.373727  -0.100845  -0.243321  -0.356951  0.901876  -0.037471  -0.003613  -0.010377  -0.486408  0.513116  -0.279434  1.000000  
32.187229 0.026559  -0.002444  -0.002023  0.301689  0.856420  0.418962  -0.922040  0.373874  -0.100305  -0.242542  -0.356038  0.902447  -0.038010  -0.003508  -0.009995  -0.509173  0.531933  -0.279304  1.000000  
32.188230 0.026520  -0.002446  -0.002031  0.302129  0.856710  0.418050  -0.922100  0.373870  -0.099762  -0.241763  -0.355343  0.902930  -0.038539  -0.003379  -0.009610  -0.525597  0.548331  -0.272996  1.000000  
32.189231 0.026480  -0.002448  -0.002036  0.302579  0.857065  0.416996  -0.922190  0.373811  -0.099149  -0.240854  -0.354549  0.903484  -0.039120  -0.003400  -0.009072  -0.546514  0.573526  -0.267296  1.000000  
32.190233 0.026440  -0.002451  -0.002043  0.303029  0.857419  0.415941  -0.922280  0.373753  -0.098536  -0.239945  -0.353754  0.904038  -0.039513  -0.003470  -0.008712  -0.561122  0.596318  -0.261856  1.000000  
32.191481 0.026389  -0.002456  -0.002051  0.303499  0.857901  0.414601  -0.922429  0.373583  -0.097783  -0.238776  -0.352762  0.904735  -0.039868  -0.003500  -0.008357  -0.587949  0.623288  -0.248240  1.000000  
32.192486 0.026346  -0.002461  -0.002058  0.303958  0.858267  0.413505  -0.922546  0.373483  -0.097055  -0.237736  -0.351977  0.905314  -0.040151  -0.003546  -0.008236  -0.606071  0.649683  -0.230752  1.000000  
32.193727 0.026293  -0.002467  -0.002067  0.304618  0.858720  0.412078  -0.922629  0.373483  -0.096263  -0.236567  -0.350872  0.906049  -0.040494  -0.003590  -0.008272  -0.628165  0.675753  -0.224146  1.000000  
32.194728 0.026250  -0.002471  -0.002076  0.305077  0.859133  0.410875  -0.922743  0.373375  -0.095580  -0.235526  -0.349973  0.906668  -0.040678  -0.003514  -0.008373  -0.651720  0.703813  -0.210435  1.000000  
32.195980 0.026199  -0.002476  -0.002086  0.305556  0.859773  0.409178  -0.922916  0.373135  -0.094847  -0.234226  -0.348656  0.907512  -0.040662  -0.003383  -0.008366  -0.690423  0.734541  -0.191697  1.000000  
32.197227 0.026148  -0.002480  -0.002095  0.306253  0.860327  0.407488  -0.923112  0.372955  -0.093639  -0.232535  -0.347480  0.908397  -0.040639  -0.003302  -0.008257  -0.717527  0.773952  -0.172835  1.000000  
32.198227 0.026108  -0.002482  -0.002102  0.306731  0.860813  0.406099  -0.923281  0.372755  -0.092770  -0.231233  -0.346488  0.909108  -0.040580  -0.003269  -0.007897  -0.746116  0.811474  -0.155626  1.000000  
32.199227 0.026069  -0.002484  -0.002105  0.307199  0.861283  0.404747  -0.923418  0.372602  -0.092016  -0.230061  -0.345484  0.909787  -0.040610  -0.003207  -0.007331  -0.768337  0.838014  -0.138601  1.000000  
32.200484 0.026020  -0.002487  -0.002108  0.308076  0.861788  0.403002  -0.923514  0.372642  -0.090884  -0.228498  -0.344179  0.910675  -0.040563  -0.003122  -0.006627  -0.795472  0.877824  -0.131073  1.000000  
32.201727 0.025971  -0.002489  -0.002110  0.308772  0.862381  0.401196  -0.923699  0.372466  -0.089720  -0.226805  -0.342882  0.911588  -0.040500  -0.003073  -0.006003  -0.826028  0.912306  -0.114753  1.000000  
32.202978 0.025924  -0.002492  -0.002111  0.309457  0.862908  0.399531  -0.923852  0.372347  -0.088626  -0.225241  -0.341682  0.912425  -0.040418  -0.003163  -0.005433  -0.850698  0.949582  -0.101229  1.000000  
32.203979 0.025884  -0.002497  -0.002112  0.310124  0.863356  0.398046  -0.923946  0.372330  -0.087719  -0.223937  -0.340569  0.913162  -0.040429  -0.003301  -0.005158  -0.875248  0.978511  -0.090888  1.000000  
32.204980 0.025844  -0.002501  -0.002115  0.310599  0.863829  0.396645  -0.924101  0.372149  -0.086848  -0.222633  -0.339565  0.913855  -0.040399  -0.003433  -0.004939  -0.893398  1.005118  -0.074395  1.000000  
32.205985 0.025804  -0.002508  -0.002120  0.311274  0.864287  0.395116  -0.924219  0.372094  -0.085825  -0.221198  -0.338459  0.914613  -0.040340  -0.003568  -0.004766  -0.917379  1.042574  -0.064833  1.000000  
32.206988 0.025763  -0.002514  -0.002124  0.311949  0.864742  0.393585  -0.924334  0.372043  -0.084802  -0.219762  -0.337350  0.915368  -0.040213  -0.003662  -0.004652  -0.936473  1.078442  -0.059310  1.000000  
32.208230 0.025711  -0.002523  -0.002130  0.312832  0.865290  0.391676  -0.924437  0.372058  -0.083601  -0.218065  -0.335927  0.916297  -0.040197  -0.003877  -0.004350  -0.960126  1.118954  -0.052630  1.000000  
32.209231 0.025670  -0.002529  -0.002133  0.313515  0.865754  0.390100  -0.924574  0.371971  -0.082462  -0.216498  -0.334823  0.917073  -0.040064  -0.003969  -0.004070  -0.975138  1.158980  -0.045740  1.000000  
32.210484 0.025618  -0.002537  -0.002136  0.314206  0.866372  0.388167  -0.924736  0.371817  -0.081342  -0.214799  -0.333394  0.917992  -0.040089  -0.004236  -0.003546  -0.995970  1.192459  -0.034642  1.000000  
32.211729 0.025567  -0.002544  -0.002137  0.315097  0.866924  0.386207  -0.924856  0.371804  -0.080026  -0.212969  -0.331970  0.918934  -0.040119  -0.004455  -0.002884  -1.019774  1.233121  -0.028281  1.000000  
32.212978 0.025514  -0.002551  -0.002136  0.315987  0.867566  0.384034  -0.924972  0.371777  -0.078800  -0.211139  -0.330320  0.919950  -0.040290  -0.004611  -0.002353  -1.045685  1.267211  -0.031747  1.000000  
32.213981 0.025473  -0.002556  -0.002135  0.316667  0.868065  0.382341  -0.925096  0.371698  -0.077706  -0.209569  -0.329095  0.920748  -0.040383  -0.004877  -0.002030  -1.064918  1.293262  -0.026562  1.000000  
32.215228 0.025421  -0.002563  -0.002133  0.317565  0.868667  0.380225  -0.925231  0.371649  -0.076319  -0.207606  -0.327559  0.921740  -0.040609  -0.005195  -0.001704  -1.088621  1.335104  -0.024226  1.000000  
32.216484 0.025370  -0.002572  -0.002132  0.318453  0.869295  0.378039  -0.925335  0.371639  -0.075095  -0.205774  -0.325899  0.922739  -0.040791  -0.005622  -0.001543  -1.118541  1.373258  -0.026339  1.000000  
32.217727 0.025318  -0.002580  -0.002132  0.319149  0.869996  0.375834  -0.925501  0.371456  -0.073948  -0.203940  -0.324234  0.923732  -0.041045  -0.005975  -0.001466  -1.146399  1.409591  -0.022344  1.000000  
32.218977 0.025264  -0.002591  -0.002132  0.319863  0.870720  0.373544  -0.925714  0.371197  -0.072567  -0.201844  -0.322584  0.924770  -0.041332  -0.006310  -0.001317  -1.168744  1.438218  -0.016693  1.000000  
32.219977 0.025220  -0.002601  -0.002132  0.320549  0.871306  0.371584  -0.925847  0.371083  -0.071446  -0.200140  -0.321128  0.925646  -0.041657  -0.006630  -0.001104  -1.192048  1.465525  -0.015772  1.000000  
32.221227 0.025165  -0.002614  -0.002130  0.321260  0.872020  0.369286  -0.926051  0.370837  -0.070064  -0.198042  -0.319470  0.926671  -0.041906  -0.006958  -0.000647  -1.217228  1.494949  -0.007504  1.000000  
32.222234 0.025122  -0.002624  -0.002128  0.321953  0.872568  0.367384  -0.926202  0.370702  -0.068781  -0.196206  -0.318128  0.927523  -0.042015  -0.007196  -0.000101  -1.238907  1.526638  -0.010013  1.000000  
32.223481 0.025068  -0.002636  -0.002123  0.322663  0.873317  0.364973  -0.926397  0.370459  -0.067442  -0.194106  -0.316349  0.928572  -0.042179  -0.007490  0.000586  -1.260225  1.553954  -0.005058  1.000000  
32.224486 0.025025  -0.002646  -0.002118  0.323345  0.873887  0.362999  -0.926515  0.370367  -0.066321  -0.192399  -0.314880  0.929426  -0.042239  -0.007710  0.001108  -1.283490  1.579282  -0.003053  1.000000  
32.225732 0.024971  -0.002658  -0.002114  0.324070  0.874654  0.360498  -0.926750  0.370058  -0.064746  -0.190035  -0.313109  0.930510  -0.042458  -0.008008  0.001491  -1.299520  1.615730  -0.000310  1.000000  
32.226977 0.024918  -0.002670  -0.002109  0.324792  0.875502  0.357780  -0.926979  0.369741  -0.063260  -0.187670  -0.311108  0.931661  -0.042536  -0.008293  0.001838  -1.324773  1.638369  0.002380  1.000000  
32.227979 0.024876  -0.002679  -0.002107  0.325472  0.876015  0.355901  -0.927085  0.369674  -0.062093  -0.185962  -0.309741  0.932458  -0.042526  -0.008628  0.001953  -1.340843  1.652081  -0.000300  1.000000  
32.229227 0.024824  -0.002692  -0.002106  0.326176  0.876780  0.353364  -0.927257  0.369457  -0.060797  -0.183858  -0.307828  0.933508  -0.042569  -0.008981  0.001895  -1.361591  1.670167  0.000838  1.000000  
32.230227 0.024783  -0.002701  -0.002105  0.326863  0.877384  0.351224  -0.927378  0.369347  -0.059601  -0.182016  -0.306236  0.934393  -0.042558  -0.009196  0.001855  -1.383884  1.690873  0.007172  1.000000  
32.231477 0.024731  -0.002713  -0.002104  0.327565  0.878137  0.348678  -0.927542  0.369144  -0.058304  -0.179911  -0.304315  0.935427  -0.042573  -0.009444  0.001908  -1.405017  1.703303  0.008242  1.000000  
32.232483 0.024690  -0.002724  -0.002101  0.328257  0.878745  0.346489  -0.927678  0.369007  -0.056989  -0.177936  -0.302723  0.936321  -0.042564  -0.009715  0.002108  -1.424576  1.730717  0.007969  1.000000  
32.233729 0.024637  -0.002739  -0.002097  0.328980  0.879527  0.343809  -0.927898  0.368704  -0.055337  -0.175434  -0.300815  0.937408  -0.042467  -0.009990  0.002355  -1.446742  1.755077  0.017937  1.000000  
32.234977 0.024586  -0.002753  -0.002091  0.329701  0.880302  0.341124  -0.928112  0.368410  -0.053683  -0.172931  -0.298902  0.938484  -0.042265  -0.010170  0.002717  -1.467936  1.780247  0.023129  1.000000  
32.235979 0.024545  -0.002765  -0.002086  0.330199  0.880969  0.338913  -0.928301  0.368113  -0.052437  -0.170954  -0.297298  0.939355  -0.042052  -0.010278  0.002991  -1.486571  1.795227  0.032296  1.000000  
32.237229 0.024495  -0.002779  -0.002078  0.331131  0.881736  0.335996  -0.928499  0.367898  -0.050401  -0.168053  -0.295282  0.940514  -0.041841  -0.010359  0.003291  -1.507890  1.833171  0.041404  1.000000  
32.238229 0.024455  -0.002789  -0.002072  0.331634  0.882406  0.333734  -0.928699  0.367577  -0.049035  -0.165942  -0.293677  0.941391  -0.041580  -0.010327  0.003511  -1.526316  1.852200  0.051866  1.000000  
32.239231 0.024417  -0.002799  -0.002066  0.332326  0.883036  0.331372  -0.928827  0.367438  -0.047644  -0.163830  -0.291954  0.942296  -0.041291  -0.010328  0.003622  -1.548057  1.876042  0.051561  1.000000  
32.240232 0.024378  -0.002808  -0.002061  0.332826  0.883695  0.329104  -0.929018  0.367130  -0.046276  -0.161718  -0.290341  0.943159  -0.040951  -0.010284  0.003637  -1.567010  1.895785  0.062025  1.000000  
32.241481 0.024330  -0.002820  -0.002056  0.333545  0.884485  0.326242  -0.929216  0.366843  -0.044543  -0.159077  -0.288292  0.944236  -0.040586  -0.010295  0.003669  -1.589723  1.919223  0.072978  1.000000  
32.242482 0.024291  -0.002828  -0.002051  0.334240  0.885071  0.323933  -0.929348  0.366694  -0.042987  -0.156831  -0.286678  0.945103  -0.040353  -0.010234  0.003837  -1.598707  1.944827  0.078012  1.000000  
32.243728 0.024242  -0.002841  -0.002045  0.334969  0.885873  0.320975  -0.929572  0.366353  -0.041014  -0.153923  -0.284631  0.946199  -0.040211  -0.010267  0.004123  -1.618006  1.973362  0.090087  1.000000  
32.244729 0.024203  -0.002850  -0.002038  0.335661  0.886448  0.318657  -0.929691  0.366220  -0.039457  -0.151675  -0.283009  0.947048  -0.039996  -0.010257  0.004477  -1.628301  1.992951  0.091000  1.000000  
32.245742 0.024163  -0.002861  -0.002030  0.336160  0.887093  0.316327  -0.929875  0.365911  -0.037966  -0.149427  -0.281382  0.947890  -0.039957  -0.010294  0.004968  -1.640552  2.017406  0.104860  1.000000  
32.246977 0.024113  -0.002874  -0.002020  0.336883  0.887835  0.313463  -0.930077  0.365602  -0.035945  -0.146515  -0.279435  0.948920  -0.039855  -0.010351  0.005510  -1.656173  2.050980  0.118205  1.000000  
32.247978 0.024073  -0.002885  -0.002011  0.337577  0.888444  0.310981  -0.930198  0.365452  -0.034312  -0.144133  -0.277691  0.949796  -0.039701  -0.010309  0.006025  -1.668232  2.074707  0.114796  1.000000  
32.249227 0.024023  -0.002899  -0.001999  0.338295  0.889210  0.307998  -0.930384  0.365158  -0.032333  -0.141219  -0.275619  0.950837  -0.039568  -0.010287  0.006468  -1.678869  2.102976  0.126104  1.000000  
32.250477 0.023973  -0.002912  -0.001986  0.338818  0.890005  0.305111  -0.930631  0.364697  -0.030372  -0.138304  -0.273656  0.951832  -0.039509  -0.010176  0.006845  -1.686500  2.124313  0.133065  1.000000  
32.251728 0.023924  -0.002926  -0.001975  0.339544  0.890743  0.302138  -0.930834  0.364360  -0.028107  -0.135123  -0.271697  0.952850  -0.039332  -0.010134  0.007146  -1.693088  2.152442  0.144145  1.000000  
32.252729 0.023886  -0.002935  -0.001964  0.340044  0.891376  0.299698  -0.931014  0.364030  -0.026370  -0.132604  -0.270056  0.953670  -0.039288  -0.010049  0.007384  -1.702103  2.178108  0.148282  1.000000  
32.253730 0.023848  -0.002943  -0.001953  0.340542  0.891968  0.297361  -0.931187  0.363711  -0.024586  -0.130084  -0.268526  0.954448  -0.039228  -0.009963  0.007694  -1.704653  2.198130  0.157518  1.000000  
32.254979 0.023799  -0.002955  -0.001938  0.341073  0.892772  0.294325  -0.931450  0.363187  -0.022258  -0.126767  -0.266557  0.955446  -0.039240  -0.009934  0.008237  -1.710747  2.234392  0.170899  1.000000  
32.255989 0.023760  -0.002964  -0.001924  0.341577  0.893413  0.291785  -0.931641  0.362815  -0.020276  -0.123979  -0.264912  0.956269  -0.039219  -0.009908  0.008981  -1.714595  2.263574  0.178041  1.000000  
32.257232 0.023710  -0.002976  -0.001904  0.342091  0.894177  0.288827  -0.931854  0.362379  -0.018185  -0.120925  -0.262924  0.957209  -0.039405  -0.009993  0.009976  -1.718560  2.282221  0.192565  1.000000  
32.258483 0.023659  -0.002989  -0.001881  0.342799  0.894906  0.285715  -0.932002  0.362102  -0.015955  -0.117737  -0.260818  0.958182  -0.039537  -0.010017  0.011099  -1.727923  2.317085  0.197761  1.000000  
32.259730 0.023607  -0.003001  -0.001856  0.343316  0.895643  0.282768  -0.932225  0.361625  -0.013575  -0.114414  -0.258942  0.959092  -0.039761  -0.010053  0.012257  -1.726165  2.354379  0.210798  1.000000  
32.260746 0.023565  -0.003012  -0.001836  0.343805  0.896211  0.280364  -0.932367  0.361324  -0.011664  -0.111756  -0.257392  0.959823  -0.039826  -0.010055  0.013069  -1.725139  2.373992  0.216832  1.000000  
32.261980 0.023511  -0.003025  -0.001809  0.344316  0.896934  0.277407  -0.932571  0.360867  -0.009280  -0.108431  -0.255507  0.960708  -0.040082  -0.010011  0.014149  -1.722366  2.411805  0.232251  1.000000  
32.262981 0.023469  -0.003036  -0.001787  0.344805  0.897470  0.275060  -0.932711  0.360552  -0.007202  -0.105637  -0.254068  0.961400  -0.040231  -0.010041  0.014943  -1.716281  2.436212  0.242160  1.000000  
32.264227 0.023415  -0.003049  -0.001760  0.345511  0.898095  0.272116  -0.932850  0.360237  -0.004474  -0.102044  -0.252297  0.962254  -0.040516  -0.009988  0.015884  -1.709701  2.471600  0.247013  1.000000  
32.265227 0.023373  -0.003060  -0.001738  0.345797  0.898682  0.269805  -0.933032  0.359785  -0.002571  -0.099382  -0.250847  0.962912  -0.040645  -0.010010  0.016870  -1.707627  2.487400  0.254398  1.000000  
32.266477 0.023321  -0.003072  -0.001708  0.346487  0.899240  0.267049  -0.933124  0.359554  -0.000038  -0.096053  -0.249177  0.963683  -0.040927  -0.009914  0.018108  -1.694685  2.505911  0.258713  1.000000  
32.267728 0.023268  -0.003084  -0.001674  0.346976  0.899885  0.264225  -0.933266  0.359179  0.002276  -0.092856  -0.247381  0.964458  -0.041195  -0.009907  0.019339  -1.680690  2.517457  0.263272  1.000000  
32.268730 0.023225  -0.003094  -0.001646  0.347450  0.900393  0.261859  -0.933364  0.358906  0.004359  -0.090058  -0.245924  0.965096  -0.041528  -0.010011  0.020495  -1.673838  2.539652  0.264952  1.000000  
32.269977 0.023172  -0.003105  -0.001609  0.347938  0.901006  0.259090  -0.933498  0.358518  0.006839  -0.086726  -0.244240  0.965829  -0.041850  -0.009999  0.021980  -1.660802  2.558222  0.278714  1.000000  
32.271227 0.023117  -0.003118  -0.001569  0.348426  0.901654  0.256163  -0.933631  0.358112  0.009399  -0.083260  -0.242437  0.966588  -0.042228  -0.010072  0.023413  -1.650672  2.582622  0.286843  1.000000  
32.272233 0.023072  -0.003127  -0.001537  0.348890  0.902146  0.253786  -0.933703  0.357864  0.011485  -0.080460  -0.240968  0.967192  -0.042537  -0.010115  0.024533  -1.641826  2.602667  0.290641  1.000000  
32.273234 0.023028  -0.003136  -0.001504  0.349345  0.902581  0.251606  -0.933748  0.357681  0.013372  -0.077926  -0.239608  0.967737  -0.042767  -0.010017  0.025580  -1.630271  2.611333  0.288587  1.000000  
32.274480 0.022971  -0.003148  -0.001461  0.349823  0.903180  0.248777  -0.933852  0.357302  0.015979  -0.074457  -0.237911  0.968429  -0.043101  -0.010003  0.026756  -1.619044  2.627755  0.298540  1.000000  
32.275481 0.022925  -0.003158  -0.001427  0.350283  0.903638  0.246454  -0.933909  0.357045  0.018231  -0.071521  -0.236552  0.968983  -0.043397  -0.009947  0.027741  -1.606581  2.649451  0.302671  1.000000  
32.276735 0.022868  -0.003170  -0.001383  0.350948  0.904163  0.243567  -0.933929  0.356841  0.021011  -0.067917  -0.234847  0.969657  -0.043594  -0.009798  0.028852  -1.594680  2.670199  0.302871  1.000000  
32.277978 0.022811  -0.003180  -0.001338  0.351411  0.904703  0.240880  -0.933991  0.356519  0.023542  -0.064580  -0.233252  0.970269  -0.043846  -0.009597  0.029995  -1.572476  2.678183  0.306242  1.000000  
32.279227 0.022753  -0.003191  -0.001290  0.352064  0.905175  0.238138  -0.933979  0.356363  0.026244  -0.061108  -0.231655  0.970877  -0.044223  -0.009418  0.031538  -1.556587  2.695514  0.309184  1.000000  
32.280502 0.022695  -0.003200  -0.001241  0.352711  0.905629  0.235436  -0.933947  0.356247  0.028825  -0.057769  -0.230052  0.971462  -0.044454  -0.009153  0.032824  -1.541173  2.707787  0.303337  1.000000  
32.281727 0.022637  -0.003209  -0.001190  0.353355  0.906078  0.232730  -0.933905  0.356140  0.031405  -0.054429  -0.228445  0.972034  -0.044897  -0.008988  0.034216  -1.526163  2.715850  0.296365  1.000000  
32.282748 0.022591  -0.003216  -0.001148  0.353789  0.906456  0.230586  -0.933892  0.355986  0.033458  -0.051757  -0.227180  0.972476  -0.045081  -0.008773  0.035167  -1.506309  2.719523  0.289029  1.000000  
32.283977 0.022532  -0.003226  -0.001095  0.354428  0.906877  0.227935  -0.933836  0.355865  0.036203  -0.048283  -0.225685  0.973003  -0.045525  -0.008671  0.036365  -1.488456  2.730949  0.286251  1.000000  
32.284977 0.022485  -0.003232  -0.001053  0.354859  0.907258  0.225739  -0.933813  0.355697  0.038378  -0.045476  -0.224417  0.973432  -0.045781  -0.008504  0.037016  -1.480548  2.736394  0.280329  1.000000  
32.286227 0.022426  -0.003242  -0.001001  0.355680  0.907612  0.223007  -0.933657  0.355812  0.041003  -0.042134  -0.222796  0.973954  -0.046057  -0.008286  0.037896  -1.461367  2.734722  0.267052  1.000000  
32.287230 0.022378  -0.003248  -0.000959  0.356107  0.907968  0.220867  -0.933623  0.355626  0.043342  -0.039193  -0.221641  0.974340  -0.046327  -0.008090  0.038571  -1.445515  2.753677  0.260647  1.000000  
32.288230 0.022329  -0.003256  -0.000916  0.356528  0.908299  0.218817  -0.933571  0.355501  0.045438  -0.036519  -0.220481  0.974707  -0.046573  -0.007972  0.039155  -1.426351  2.753937  0.256372  1.000000  
32.289231 0.022280  -0.003262  -0.000874  0.357136  0.908569  0.216692  -0.933434  0.355602  0.047413  -0.033978  -0.219200  0.975088  -0.046830  -0.007744  0.039831  -1.410797  2.759671  0.249196  1.000000  
32.290234 0.022232  -0.003269  -0.000830  0.357552  0.908894  0.214636  -0.933368  0.355489  0.049507  -0.031304  -0.218036  0.975438  -0.047024  -0.007537  0.040474  -1.395178  2.757364  0.237321  1.000000  
32.291481 0.022172  -0.003275  -0.000775  0.358356  0.909198  0.211992  -0.933166  0.355639  0.052170  -0.027960  -0.216519  0.975878  -0.047217  -0.007163  0.041277  -1.383976  2.759564  0.225675  1.000000  
32.292482 0.022123  -0.003280  -0.000728  0.358958  0.909441  0.209919  -0.933011  0.355726  0.054306  -0.025285  -0.215351  0.976209  -0.047344  -0.006933  0.041929  -1.372331  2.761259  0.215016  1.000000  
32.293728 0.022064  -0.003285  -0.000670  0.359755  0.909720  0.207329  -0.932792  0.355859  0.057130  -0.021807  -0.213947  0.976602  -0.047514  -0.006557  0.042644  -1.353609  2.759677  0.199713  1.000000  
32.294981 0.022003  -0.003290  -0.000612  0.360550  0.910004  0.204685  -0.932563  0.355975  0.060073  -0.018196  -0.212541  0.976983  -0.047698  -0.006244  0.043306  -1.337256  2.768625  0.178409  1.000000  
32.296227 0.021943  -0.003295  -0.000554  0.361147  0.910332  0.202158  -0.932395  0.355905  0.063016  -0.014584  -0.211250  0.977323  -0.047835  -0.005957  0.043741  -1.322735  2.777980  0.176046  1.000000  
32.297477 0.021882  -0.003300  -0.000495  0.361930  0.910562  0.199708  -0.932137  0.356084  0.065755  -0.011239  -0.209955  0.977647  -0.047973  -0.005680  0.044206  -1.303185  2.785842  0.158990  1.000000  
32.298727 0.021821  -0.003305  -0.000437  0.362518  0.910881  0.197172  -0.931946  0.356032  0.068695  -0.007626  -0.208657  0.977959  -0.048193  -0.005408  0.044553  -1.285532  2.790702  0.152997  1.000000  
32.299727 0.021772  -0.003308  -0.000390  0.363292  0.911024  0.195075  -0.931664  0.356287  0.071151  -0.004683  -0.207593  0.978204  -0.048305  -0.005111  0.044960  -1.273714  2.804020  0.131349  1.000000  
32.300977 0.021711  -0.003313  -0.000331  0.364063  0.911261  0.192514  -0.931374  0.356438  0.074127  -0.001070  -0.206290  0.978490  -0.048484  -0.004799  0.045383  -1.253517  2.811845  0.116439  1.000000  
32.302228 0.021649  -0.003317  -0.000272  0.364829  0.911526  0.189789  -0.931071  0.356582  0.077180  0.002676  -0.204865  0.978787  -0.048615  -0.004579  0.045797  -1.240383  2.822592  0.104789  1.000000  
32.303477 0.021586  -0.003322  -0.000213  0.365589  0.911753  0.187217  -0.930755  0.356750  0.080151  0.006288  -0.203555  0.979043  -0.048738  -0.004268  0.046193  -1.225323  2.838391  0.089843  1.000000  
32.304484 0.021536  -0.003325  -0.000164  0.366156  0.911923  0.185275  -0.930509  0.356861  0.082480  0.009098  -0.202601  0.979219  -0.048811  -0.003999  0.046628  -1.208662  2.835575  0.080587  1.000000  
32.305791 0.021475  -0.003328  -0.000103  0.367101  0.912048  0.182771  -0.930098  0.357284  0.085241  0.012443  -0.201287  0.979453  -0.048668  -0.003713  0.046821  -1.191340  2.825943  0.053733  1.000000  
32.306981 0.021414  -0.003330  -0.000040  0.367847  0.912262  0.180182  -0.929748  0.357476  0.088205  0.016055  -0.199969  0.979671  -0.048957  -0.003506  0.047432  -1.181337  2.837569  0.041855  1.000000  
32.308231 0.021352  -0.003332  0.000022  0.368588  0.912460  0.177649  -0.929382  0.357642  0.091331  0.019801  -0.198768  0.979847  -0.049030  -0.003223  0.047700  -1.168879  2.849592  0.027969  1.000000  
32.309231 0.021303  -0.003333  0.000071  0.369329  0.912583  0.175464  -0.929017  0.357928  0.093888  0.022878  -0.197685  0.979999  -0.049081  -0.003037  0.047862  -1.158031  2.863850  0.020439  1.000000  
32.310477 0.021241  -0.003336  0.000133  0.370060  0.912773  0.172921  -0.928626  0.358109  0.097009  0.026623  -0.196478  0.980147  -0.049273  -0.002896  0.048143  -1.147171  2.880726  0.010834  1.000000  
