1-Time 2-Px 3-Py 4-Pz 5-R11 6-R21 7-R31 8-R12 9-R22 10-R32 11-R13 12-R23 13-R33 14-Vx 15-Vy 16-Vz 17-Wx 18-Wy 19-Wz 20-state
144.580944 0.019953  -0.006981  0.011363  -0.012311  0.999810  0.015131  -0.854225  -0.018381  0.519579  0.519758  -0.006528  0.854289  -0.029449  -0.022747  -0.002143  0.168873  0.047826  -0.693387  1.000000  
144.582015 0.019936  -0.006991  0.011358  -0.012135  0.999808  0.015387  -0.854227  -0.018365  0.519575  0.519758  -0.006839  0.854286  -0.021796  -0.013274  -0.006981  0.000000  0.000000  0.000000  1.000000  
144.583247 0.019903  -0.007006  0.011343  -0.011608  0.999812  0.015552  -0.854235  -0.017999  0.519576  0.519758  -0.007254  0.854283  -0.024643  -0.012737  -0.009967  0.000000  0.000000  0.000000  1.000000  
144.584259 0.019875  -0.007017  0.011327  -0.011256  0.999811  0.015823  -0.854239  -0.017840  0.519574  0.519758  -0.007668  0.854279  -0.025653  -0.012010  -0.011842  0.000000  0.000000  0.000000  1.000000  
144.585496 0.019844  -0.007030  0.011310  -0.010727  0.999817  0.015867  -0.854177  -0.017412  0.519691  0.519872  -0.007978  0.854207  -0.025689  -0.011554  -0.012493  0.000000  0.000000  0.000000  1.000000  
144.586506 0.019819  -0.007041  0.011298  -0.010376  0.999818  0.016017  -0.854181  -0.017190  0.519692  0.519872  -0.008289  0.854204  -0.025474  -0.011386  -0.012239  0.000000  0.000000  0.000000  1.000000  
144.587743 0.019786  -0.007054  0.011285  -0.010024  0.999819  0.016167  -0.854185  -0.016967  0.519692  0.519872  -0.008600  0.854201  -0.025634  -0.011255  -0.012042  0.000000  0.000000  0.000000  1.000000  
144.588757 0.019757  -0.007063  0.011272  -0.009849  0.999817  0.016422  -0.854257  -0.016949  0.519575  0.519758  -0.008912  0.854267  -0.026046  -0.010879  -0.012053  0.000000  0.000000  0.000000  1.000000  
144.589993 0.019720  -0.007072  0.011255  -0.009497  0.999818  0.016572  -0.854261  -0.016727  0.519575  0.519758  -0.009223  0.854264  -0.026610  -0.010453  -0.012372  0.000000  0.000000  0.000000  1.000000  
144.591004 0.019691  -0.007079  0.011241  -0.009145  0.999820  0.016602  -0.854195  -0.016442  0.519693  0.519872  -0.009429  0.854192  -0.026823  -0.010056  -0.012517  0.000000  0.000000  0.000000  1.000000  
144.592268 0.019658  -0.007088  0.011224  -0.008969  0.999818  0.016859  -0.854197  -0.016426  0.519690  0.519872  -0.009740  0.854189  -0.026763  -0.009671  -0.012568  0.000000  0.000000  0.000000  1.000000  
144.593520 0.019625  -0.007096  0.011207  -0.008616  0.999818  0.017010  -0.854131  -0.016204  0.519805  0.519986  -0.010050  0.854115  -0.026722  -0.009396  -0.012685  0.000000  0.000000  0.000000  1.000000  
144.594739 0.019591  -0.007104  0.011187  -0.008265  0.999821  0.017038  -0.854134  -0.015919  0.519808  0.519986  -0.010257  0.854113  -0.026832  -0.009120  -0.013052  0.000000  0.000000  0.000000  1.000000  
144.595993 0.019555  -0.007111  0.011163  -0.008088  0.999820  0.017175  -0.854067  -0.015841  0.519922  0.520101  -0.010463  0.854041  -0.026979  -0.008820  -0.013574  0.000000  0.000000  0.000000  1.000000  
144.597239 0.019520  -0.007116  0.011136  -0.007912  0.999821  0.017189  -0.854068  -0.015698  0.519924  0.520101  -0.010567  0.854040  -0.027279  -0.008108  -0.014674  0.000000  0.000000  0.000000  1.000000  
144.598240 0.019495  -0.007119  0.011115  -0.007561  0.999825  0.017097  -0.854071  -0.015349  0.519929  0.520101  -0.010671  0.854038  -0.027256  -0.007524  -0.015191  0.000000  0.000000  0.000000  1.000000  
144.599490 0.019464  -0.007123  0.011090  -0.007386  0.999824  0.017231  -0.854143  -0.015268  0.519815  0.519986  -0.010879  0.854105  -0.027071  -0.006866  -0.015615  0.000000  0.000000  0.000000  1.000000  
144.600495 0.019437  -0.007126  0.011072  -0.007210  0.999827  0.017124  -0.854144  -0.015062  0.519818  0.519986  -0.010879  0.854105  -0.027090  -0.006392  -0.015817  0.000000  0.000000  0.000000  1.000000  
144.601740 0.019405  -0.007129  0.011050  -0.006858  0.999829  0.017153  -0.854147  -0.014777  0.519822  0.519986  -0.011086  0.854103  -0.027224  -0.005692  -0.016415  0.000000  0.000000  0.000000  1.000000  
144.602745 0.019378  -0.007131  0.011033  -0.006682  0.999830  0.017167  -0.854148  -0.014634  0.519823  0.519986  -0.011189  0.854101  -0.027272  -0.005158  -0.016878  0.000000  0.000000  0.000000  1.000000  
144.603761 0.019352  -0.007133  0.011013  -0.006331  0.999834  0.017074  -0.854151  -0.014285  0.519829  0.519986  -0.011293  0.854100  -0.027001  -0.004676  -0.017332  0.000000  0.000000  0.000000  1.000000  
144.604993 0.019321  -0.007137  0.010986  -0.006155  0.999835  0.017088  -0.854152  -0.014142  0.519831  0.519986  -0.011397  0.854098  -0.026631  -0.004283  -0.017917  0.000000  0.000000  0.000000  1.000000  
144.605993 0.019297  -0.007139  0.010963  -0.005803  0.999837  0.017117  -0.854155  -0.013857  0.519834  0.519986  -0.011604  0.854096  -0.026259  -0.003997  -0.018505  0.080127  0.013599  -0.262724  1.000000  
144.607008 0.019273  -0.007141  0.010941  -0.005627  0.999837  0.017131  -0.854156  -0.013714  0.519836  0.519986  -0.011707  0.854094  -0.026081  -0.003652  -0.019209  0.077521  0.013151  -0.259188  1.000000  
144.608241 0.019244  -0.007143  0.010914  -0.005451  0.999836  0.017267  -0.854157  -0.013634  0.519836  0.519986  -0.011915  0.854091  -0.025853  -0.003265  -0.019813  0.079004  0.012651  -0.253870  1.000000  
144.609241 0.019219  -0.007145  0.010893  -0.005451  0.999834  0.017388  -0.854157  -0.013697  0.519835  0.519986  -0.012018  0.854090  -0.025719  -0.002995  -0.020187  0.080513  0.012214  -0.244802  1.000000  
144.610241 0.019194  -0.007148  0.010870  -0.005275  0.999835  0.017402  -0.854158  -0.013555  0.519837  0.519986  -0.012122  0.854088  -0.025519  -0.002666  -0.020612  0.078229  0.011873  -0.242423  1.000000  
144.611489 0.019163  -0.007149  0.010842  -0.004924  0.999840  0.017188  -0.854160  -0.013143  0.519844  0.519986  -0.012122  0.854088  -0.025213  -0.002444  -0.020712  0.064471  0.011625  -0.246163  1.000000  
144.612494 0.019140  -0.007149  0.010823  -0.004748  0.999841  0.017202  -0.854161  -0.013000  0.519846  0.519986  -0.012225  0.854087  -0.024937  -0.002139  -0.020527  0.055897  0.011632  -0.240259  1.000000  
144.613739 0.019110  -0.007148  0.010799  -0.004748  0.999841  0.017202  -0.854161  -0.013000  0.519846  0.519986  -0.012225  0.854087  -0.024778  -0.001820  -0.020399  0.000000  0.000000  0.000000  1.000000  
144.614989 0.019079  -0.007148  0.010777  -0.004572  0.999843  0.017095  -0.854162  -0.012794  0.519849  0.519986  -0.012225  0.854087  -0.024728  -0.001589  -0.020294  0.000000  0.000000  0.000000  1.000000  
144.616239 0.019047  -0.007148  0.010753  -0.004396  0.999846  0.016988  -0.854163  -0.012588  0.519853  0.519986  -0.012225  0.854087  -0.024713  -0.001368  -0.020423  0.000000  0.000000  0.000000  1.000000  
144.617489 0.019016  -0.007150  0.010727  -0.004045  0.999849  0.016896  -0.854165  -0.012240  0.519858  0.519986  -0.012329  0.854085  -0.024570  -0.001239  -0.020738  0.000000  0.000000  0.000000  1.000000  
144.618493 0.018991  -0.007150  0.010704  -0.003869  0.999852  0.016789  -0.854166  -0.012034  0.519862  0.519986  -0.012329  0.854085  -0.024482  -0.001142  -0.020991  0.000000  0.000000  0.000000  1.000000  
144.619751 0.018962  -0.007149  0.010674  -0.003693  0.999852  0.016803  -0.854166  -0.011891  0.519864  0.519986  -0.012433  0.854084  -0.024266  -0.000851  -0.021110  0.000000  0.000000  0.000000  1.000000  
144.620997 0.018932  -0.007149  0.010646  -0.003517  0.999852  0.016817  -0.854167  -0.011748  0.519866  0.519986  -0.012536  0.854082  -0.024353  -0.000631  -0.021124  0.000000  0.000000  0.000000  1.000000  
144.622243 0.018900  -0.007150  0.010620  -0.003165  0.999855  0.016724  -0.854169  -0.011400  0.519871  0.519986  -0.012640  0.854081  -0.024548  -0.000578  -0.021084  -0.004536  0.007000  -0.193539  1.000000  
144.623244 0.018875  -0.007152  0.010598  -0.002989  0.999853  0.016860  -0.854169  -0.011320  0.519872  0.519986  -0.012847  0.854078  -0.024636  -0.000544  -0.021104  0.000000  0.000000  0.000000  1.000000  
144.624247 0.018849  -0.007153  0.010577  -0.002814  0.999854  0.016874  -0.854170  -0.011177  0.519874  0.519986  -0.012951  0.854076  -0.024665  -0.000500  -0.020989  0.000000  0.000000  0.000000  1.000000  
144.625278 0.018824  -0.007153  0.010557  -0.002638  0.999854  0.016888  -0.854170  -0.011035  0.519876  0.519986  -0.013054  0.854075  -0.024600  -0.000301  -0.020759  0.000000  0.000000  0.000000  1.000000  
144.626493 0.018791  -0.007152  0.010530  -0.002286  0.999856  0.016796  -0.854171  -0.010686  0.519882  0.519986  -0.013158  0.854073  -0.024809  -0.000218  -0.020843  -0.013227  -0.001870  -0.189161  1.000000  
144.627739 0.018760  -0.007152  0.010502  -0.002110  0.999856  0.016810  -0.854172  -0.010543  0.519884  0.519986  -0.013261  0.854072  -0.024952  -0.000209  -0.021062  -0.013229  -0.001847  -0.189185  1.000000  
144.628743 0.018735  -0.007151  0.010481  -0.001934  0.999857  0.016824  -0.854172  -0.010400  0.519886  0.519986  -0.013365  0.854070  -0.024997  -0.000219  -0.021349  -0.013227  -0.001824  -0.189163  1.000000  
144.629989 0.018704  -0.007152  0.010451  -0.001758  0.999859  0.016717  -0.854173  -0.010195  0.519890  0.519986  -0.013365  0.854070  -0.025031  -0.000244  -0.021726  0.000000  0.000000  0.000000  1.000000  
144.630993 0.018679  -0.007151  0.010428  -0.001583  0.999859  0.016731  -0.854103  -0.010054  0.520006  0.520101  -0.013467  0.853999  -0.024938  -0.000202  -0.022069  0.000000  0.000000  0.000000  1.000000  
144.632243 0.018649  -0.007150  0.010396  -0.001231  0.999861  0.016639  -0.854104  -0.009705  0.520012  0.520101  -0.013571  0.853997  -0.024887  -0.000042  -0.022418  0.000000  0.000000  0.000000  1.000000  
144.633492 0.018618  -0.007148  0.010365  -0.000879  0.999865  0.016425  -0.854104  -0.009293  0.520018  0.520101  -0.013571  0.853997  -0.024908  0.000119  -0.022596  -0.021217  0.007182  -0.187585  1.000000  
144.634739 0.018588  -0.007147  0.010335  -0.000879  0.999863  0.016546  -0.854104  -0.009356  0.520017  0.520101  -0.013675  0.853995  -0.024977  0.000175  -0.022614  0.000000  0.000000  0.000000  1.000000  
144.635744 0.018564  -0.007145  0.010314  -0.000528  0.999865  0.016453  -0.854105  -0.009008  0.520023  0.520101  -0.013778  0.853994  -0.024964  0.000248  -0.022574  0.000000  0.000000  0.000000  1.000000  
144.636755 0.018539  -0.007144  0.010291  -0.000176  0.999868  0.016239  -0.854035  -0.008598  0.520144  0.520215  -0.013777  0.853924  -0.024845  0.000428  -0.022597  -0.029779  0.011630  -0.181549  1.000000  
144.637993 0.018508  -0.007143  0.010261  0.000176  0.999870  0.016146  -0.854035  -0.008249  0.520150  0.520215  -0.013881  0.853922  -0.024840  0.000612  -0.022859  -0.037703  0.011849  -0.188965  1.000000  
144.638995 0.018483  -0.007141  0.010237  0.000352  0.999869  0.016160  -0.854035  -0.008107  0.520152  0.520215  -0.013984  0.853921  -0.024882  0.000757  -0.023107  -0.041300  0.011962  -0.194864  1.000000  
144.639995 0.018458  -0.007138  0.010210  0.000527  0.999869  0.016174  -0.854035  -0.007964  0.520154  0.520215  -0.014088  0.853919  -0.024850  0.000991  -0.023610  -0.041299  0.011985  -0.194861  1.000000  
144.641002 0.018434  -0.007137  0.010182  0.000879  0.999870  0.016081  -0.853965  -0.007617  0.520274  0.520329  -0.014190  0.853848  -0.024702  0.001063  -0.023971  -0.037222  0.016487  -0.194711  1.000000  
144.642243 0.018403  -0.007134  0.010147  0.001231  0.999871  0.015988  -0.853965  -0.007268  0.520280  0.520329  -0.014294  0.853846  -0.024567  0.001187  -0.024457  -0.040840  0.016611  -0.200718  1.000000  
144.643524 0.018373  -0.007131  0.010111  0.001582  0.999872  0.015895  -0.853895  -0.006922  0.520400  0.520444  -0.014396  0.853775  -0.024491  0.001367  -0.024971  -0.043921  0.021277  -0.212188  1.000000  
144.644739 0.018342  -0.007125  0.010077  0.001934  0.999875  0.015681  -0.853894  -0.006510  0.520406  0.520444  -0.014396  0.853775  -0.024549  0.001760  -0.025372  -0.047575  0.021396  -0.218361  1.000000  
144.645741 0.018317  -0.007121  0.010049  0.002109  0.999876  0.015574  -0.853824  -0.006306  0.520524  0.520558  -0.014395  0.853705  -0.024571  0.002083  -0.025690  -0.047587  0.025890  -0.218266  1.000000  
144.646990 0.018286  -0.007115  0.010015  0.002285  0.999876  0.015587  -0.853754  -0.006165  0.520641  0.520672  -0.014497  0.853634  -0.024577  0.002366  -0.025857  -0.043165  0.030149  -0.216385  1.000000  
144.648239 0.018254  -0.007111  0.009982  0.002636  0.999878  0.015373  -0.853683  -0.005756  0.520761  0.520786  -0.014496  0.853564  -0.024668  0.002531  -0.025994  -0.047626  0.034917  -0.218151  1.000000  
144.649489 0.018222  -0.007104  0.009948  0.002987  0.999881  0.015158  -0.853612  -0.005346  0.520882  0.520900  -0.014495  0.853494  -0.024767  0.002870  -0.026214  -0.054855  0.039188  -0.222093  1.000000  
144.650739 0.018190  -0.007097  0.009915  0.003163  0.999882  0.015050  -0.853472  -0.005144  0.521113  0.521129  -0.014493  0.853355  -0.024915  0.003217  -0.026576  -0.058944  0.048134  -0.221990  1.000000  
144.651745 0.018165  -0.007090  0.009887  0.003338  0.999885  0.014821  -0.853402  -0.004877  0.521231  0.521243  -0.014388  0.853287  -0.024996  0.003630  -0.026939  -0.067027  0.052578  -0.221842  1.000000  
144.653032 0.018132  -0.007083  0.009850  0.003689  0.999887  0.014605  -0.853261  -0.004469  0.521465  0.521471  -0.014386  0.853147  -0.024965  0.004063  -0.027381  -0.075676  0.061959  -0.223245  1.000000  
144.654245 0.018099  -0.007075  0.009811  0.004040  0.999888  0.014389  -0.853120  -0.004061  0.521700  0.521700  -0.014383  0.853008  -0.025155  0.004340  -0.027889  -0.082799  0.070556  -0.227390  1.000000  
144.655256 0.018073  -0.007069  0.009782  0.004215  0.999889  0.014281  -0.852979  -0.003859  0.521931  0.521928  -0.014381  0.852868  -0.025297  0.004629  -0.028104  -0.086923  0.079535  -0.227354  1.000000  
144.656504 0.018039  -0.007061  0.009745  0.004565  0.999892  0.013943  -0.852768  -0.003390  0.522279  0.522270  -0.014274  0.852660  -0.025518  0.005070  -0.028185  -0.095755  0.093601  -0.228770  1.000000  
144.657506 0.018011  -0.007054  0.009718  0.004739  0.999893  0.013834  -0.852627  -0.003188  0.522510  0.522499  -0.014272  0.852521  -0.025755  0.005383  -0.028166  -0.099847  0.102589  -0.228566  1.000000  
144.658742 0.017977  -0.007044  0.009681  0.005089  0.999894  0.013617  -0.852415  -0.002782  0.522858  0.522841  -0.014268  0.852311  -0.026007  0.005755  -0.028209  -0.106737  0.115277  -0.232393  1.000000  
144.659748 0.017949  -0.007036  0.009653  0.005439  0.999897  0.013279  -0.852273  -0.002311  0.523092  0.523069  -0.014162  0.852173  -0.026162  0.005998  -0.028222  -0.115318  0.125283  -0.240020  1.000000  
144.660989 0.017914  -0.007026  0.009617  0.005789  0.999898  0.013061  -0.852061  -0.001905  0.523439  0.523411  -0.014159  0.851963  -0.026431  0.006255  -0.028301  -0.122096  0.133321  -0.243787  1.000000  
144.661991 0.017887  -0.007018  0.009588  0.005963  0.999898  0.012952  -0.851919  -0.001702  0.523670  0.523639  -0.014157  0.851823  -0.026616  0.006589  -0.028470  -0.123612  0.143345  -0.239741  1.000000  
144.663239 0.017851  -0.007007  0.009551  0.006312  0.999901  0.012612  -0.851637  -0.001235  0.524131  0.524095  -0.014049  0.851544  -0.026940  0.006912  -0.028708  -0.127757  0.161322  -0.239424  1.000000  
144.664495 0.017815  -0.006997  0.009515  0.006661  0.999901  0.012393  -0.851423  -0.000829  0.524478  0.524437  -0.014045  0.851334  -0.027172  0.007162  -0.028969  -0.139069  0.174965  -0.250889  1.000000  
144.665739 0.017779  -0.006987  0.009477  0.007009  0.999903  0.012052  -0.851140  -0.000361  0.524939  0.524892  -0.013937  0.851055  -0.027365  0.007347  -0.029183  -0.146120  0.191417  -0.248567  1.000000  
144.666739 0.017751  -0.006979  0.009447  0.007358  0.999903  0.011833  -0.850926  0.000045  0.525285  0.525234  -0.013934  0.850844  -0.027579  0.007426  -0.029355  -0.146238  0.200404  -0.248465  1.000000  
144.667989 0.017714  -0.006968  0.009411  0.007706  0.999904  0.011491  -0.850642  0.000513  0.525745  0.525689  -0.013826  0.850564  -0.027926  0.007661  -0.029358  -0.154335  0.218164  -0.248036  1.000000  
144.668989 0.017686  -0.006959  0.009384  0.007879  0.999906  0.011259  -0.850429  0.000777  0.526089  0.526031  -0.013720  0.850355  -0.028065  0.007841  -0.029051  -0.162481  0.231555  -0.247800  1.000000  
144.670004 0.017656  -0.006951  0.009357  0.008226  0.999905  0.011038  -0.850144  0.001182  0.526549  0.526486  -0.013715  0.850073  -0.028279  0.008014  -0.028805  -0.167894  0.251359  -0.249388  1.000000  
144.671245 0.017618  -0.006940  0.009325  0.008573  0.999906  0.010694  -0.849788  0.001648  0.527121  0.527054  -0.013606  0.849723  -0.028567  0.008165  -0.028502  -0.176204  0.269425  -0.249112  1.000000  
144.672245 0.017589  -0.006931  0.009299  0.008920  0.999907  0.010352  -0.849573  0.002118  0.527467  0.527395  -0.013500  0.849513  -0.028638  0.008309  -0.028426  -0.188010  0.282975  -0.254723  1.000000  
144.673253 0.017559  -0.006923  0.009272  0.009267  0.999906  0.010130  -0.849287  0.002523  0.527925  0.527850  -0.013495  0.849230  -0.028775  0.008334  -0.028242  -0.192361  0.296768  -0.254680  1.000000  
144.674257 0.017530  -0.006913  0.009245  0.009614  0.999905  0.009908  -0.849071  0.002929  0.528270  0.528191  -0.013492  0.849018  -0.028894  0.008411  -0.028136  -0.194289  0.307586  -0.257993  1.000000  
144.675268 0.017499  -0.006904  0.009217  0.009961  0.999905  0.009564  -0.848784  0.003398  0.528728  0.528645  -0.013385  0.848737  -0.029007  0.008478  -0.028034  -0.203480  0.323363  -0.265485  1.000000  
144.676277 0.017468  -0.006895  0.009189  0.010307  0.999903  0.009341  -0.848497  0.003802  0.529186  0.529100  -0.013380  0.848454  -0.029212  0.008573  -0.027960  -0.207561  0.336720  -0.265083  1.000000  
144.677499 0.017430  -0.006885  0.009155  0.010825  0.999901  0.009006  -0.848066  0.004409  0.529873  0.529781  -0.013373  0.848029  -0.029466  0.008589  -0.027831  -0.215158  0.364241  -0.276628  1.000000  
144.678508 0.017399  -0.006877  0.009128  0.011171  0.999899  0.008781  -0.847777  0.004814  0.530330  0.530234  -0.013369  0.847746  -0.029554  0.008629  -0.027680  -0.215183  0.377604  -0.276260  1.000000  
144.679739 0.017361  -0.006866  0.009094  0.011689  0.999896  0.008446  -0.847416  0.005422  0.530903  0.530802  -0.013363  0.847391  -0.029822  0.008606  -0.027448  -0.222747  0.391554  -0.287924  1.000000  
144.680741 0.017329  -0.006858  0.009069  0.012034  0.999893  0.008342  -0.847126  0.005762  0.531360  0.531255  -0.013462  0.847105  -0.030043  0.008568  -0.027174  -0.222403  0.405146  -0.293494  1.000000  
144.681989 0.017288  -0.006848  0.009038  0.012552  0.999889  0.008006  -0.846763  0.006371  0.531932  0.531822  -0.013456  0.846749  -0.030401  0.008590  -0.026730  -0.222125  0.418741  -0.299112  1.000000  
144.682989 0.017256  -0.006840  0.009014  0.012897  0.999887  0.007780  -0.846473  0.006775  0.532388  0.532275  -0.013451  0.846465  -0.030532  0.008558  -0.026458  -0.224305  0.429324  -0.302592  1.000000  
144.684239 0.017216  -0.006829  0.008985  0.013414  0.999882  0.007442  -0.846109  0.007384  0.532959  0.532841  -0.013446  0.846109  -0.030861  0.008514  -0.026100  -0.227779  0.442244  -0.307724  1.000000  
144.685242 0.017184  -0.006822  0.008961  0.013756  0.999879  0.007213  -0.845747  0.007787  0.533528  0.533407  -0.013440  0.845752  -0.030992  0.008480  -0.026008  -0.231627  0.455873  -0.313349  1.000000  
144.686495 0.017143  -0.006811  0.008931  0.014273  0.999875  0.006874  -0.845381  0.008395  0.534098  0.533973  -0.013434  0.845395  -0.031216  0.008456  -0.025839  -0.231332  0.464774  -0.318888  1.000000  
144.687512 0.017111  -0.006802  0.008907  0.014616  0.999870  0.006768  -0.845089  0.008735  0.534554  0.534425  -0.013532  0.845107  -0.031354  0.008453  -0.025607  -0.229114  0.472706  -0.321037  1.000000  
144.688747 0.017070  -0.006792  0.008876  0.015131  0.999865  0.006428  -0.844723  0.009343  0.535123  0.534991  -0.013527  0.844750  -0.031626  0.008426  -0.025486  -0.233257  0.486973  -0.327053  1.000000  
144.689992 0.017031  -0.006780  0.008847  0.015645  0.999859  0.006085  -0.844283  0.009950  0.535805  0.535669  -0.013520  0.844320  -0.031803  0.008391  -0.025164  -0.234587  0.496149  -0.335447  1.000000  
144.691002 0.016998  -0.006772  0.008825  0.015986  0.999855  0.005853  -0.843918  0.010353  0.536372  0.536233  -0.013514  0.843962  -0.031928  0.008331  -0.024706  -0.236612  0.509026  -0.337816  1.000000  
144.692238 0.016956  -0.006763  0.008797  0.016499  0.999849  0.005509  -0.843478  0.010959  0.537052  0.536911  -0.013507  0.843531  -0.032157  0.008291  -0.024349  -0.240624  0.522897  -0.343521  1.000000  
144.693242 0.016922  -0.006755  0.008775  0.016839  0.999844  0.005398  -0.843111  0.011297  0.537620  0.537475  -0.013604  0.843170  -0.032316  0.008262  -0.023949  -0.236271  0.536398  -0.349008  1.000000  
144.694489 0.016880  -0.006745  0.008749  0.017176  0.999839  0.005160  -0.842601  0.011696  0.538412  0.538265  -0.013595  0.842666  -0.032585  0.008233  -0.023425  -0.234613  0.549934  -0.345769  1.000000  
144.695743 0.016839  -0.006734  0.008722  0.017684  0.999831  0.004930  -0.842014  0.012233  0.539318  0.539166  -0.013688  0.842088  -0.032653  0.008253  -0.023065  -0.232335  0.567924  -0.353984  1.000000  
144.696989 0.016798  -0.006725  0.008695  0.018193  0.999823  0.004701  -0.841497  0.012773  0.540110  0.539955  -0.013782  0.841581  -0.032706  0.008243  -0.022825  -0.228176  0.581608  -0.359514  1.000000  
144.698239 0.016756  -0.006716  0.008666  0.018700  0.999815  0.004469  -0.840908  0.013310  0.541015  0.540856  -0.013875  0.841001  -0.033136  0.008182  -0.022996  -0.224432  0.599712  -0.359057  1.000000  
144.699490 0.016714  -0.006706  0.008638  0.019206  0.999807  0.004235  -0.840317  0.013847  0.541919  0.541756  -0.013967  0.840420  -0.032932  0.008083  -0.022763  -0.222098  0.617269  -0.367175  1.000000  
144.700491 0.016681  -0.006699  0.008615  0.019540  0.999801  0.003994  -0.839801  0.014245  0.542708  0.542543  -0.013959  0.839912  -0.033035  0.007993  -0.022676  -0.218384  0.630774  -0.366906  1.000000  
144.701739 0.016640  -0.006689  0.008587  0.020045  0.999792  0.003759  -0.839208  0.014782  0.543610  0.543442  -0.014051  0.839329  -0.032988  0.008030  -0.022557  -0.218332  0.648780  -0.372208  1.000000  
144.703003 0.016601  -0.006679  0.008559  0.020549  0.999783  0.003522  -0.838613  0.015318  0.544512  0.544340  -0.014143  0.838746  -0.032871  0.007930  -0.022354  -0.212240  0.662822  -0.374731  1.000000  
144.704245 0.016561  -0.006668  0.008532  0.021223  0.999770  0.003048  -0.837940  0.016124  0.545524  0.545350  -0.014132  0.838090  -0.032933  0.007921  -0.022120  -0.218238  0.684527  -0.382714  1.000000  
144.705491 0.016520  -0.006658  0.008506  0.021723  0.999760  0.002685  -0.837270  0.016725  0.546534  0.546358  -0.014121  0.837432  -0.032968  0.007896  -0.022019  -0.216510  0.704133  -0.385710  1.000000  
144.706491 0.016486  -0.006651  0.008485  0.022227  0.999750  0.002448  -0.836744  0.017263  0.547322  0.547143  -0.014214  0.836919  -0.033002  0.007822  -0.021895  -0.216513  0.717959  -0.391210  1.000000  
144.707740 0.016446  -0.006641  0.008460  0.022724  0.999740  0.002079  -0.835998  0.017861  0.548442  0.548262  -0.014201  0.836186  -0.032876  0.007841  -0.021780  -0.218669  0.733903  -0.392854  1.000000  
144.708988 0.016406  -0.006632  0.008432  0.023220  0.999729  0.001831  -0.835250  0.018393  0.549563  0.549381  -0.014290  0.835450  -0.032749  0.007789  -0.021850  -0.214926  0.755866  -0.391993  1.000000  
144.709989 0.016375  -0.006623  0.008410  0.023719  0.999718  0.001466  -0.834647  0.018995  0.550458  0.550275  -0.014280  0.834862  -0.032610  0.007779  -0.021869  -0.217066  0.775630  -0.394800  1.000000  
144.710989 0.016343  -0.006616  0.008388  0.024219  0.999706  0.001225  -0.834116  0.019532  0.551243  0.551056  -0.014372  0.834344  -0.032495  0.007741  -0.021886  -0.221115  0.789272  -0.400113  1.000000  
144.711989 0.016311  -0.006609  0.008365  0.024717  0.999694  0.000858  -0.833511  0.020134  0.552136  0.551949  -0.014362  0.833754  -0.032468  0.007736  -0.022008  -0.225185  0.807305  -0.405394  1.000000  
144.712992 0.016278  -0.006602  0.008343  0.025214  0.999682  0.000611  -0.832905  0.020669  0.553030  0.552842  -0.014453  0.833161  -0.032358  0.007760  -0.021924  -0.226287  0.829394  -0.412624  1.000000  
144.714239 0.016238  -0.006593  0.008316  0.025874  0.999665  0.000239  -0.832070  0.021404  0.554258  0.554067  -0.014540  0.832345  -0.032307  0.007713  -0.021814  -0.223447  0.849912  -0.412162  1.000000  
144.715489 0.016198  -0.006584  0.008288  0.026365  0.999652  -0.000018  -0.831312  0.021935  0.555373  0.555181  -0.014628  0.831601  -0.032178  0.007671  -0.021801  -0.221737  0.870564  -0.415032  1.000000  
144.716491 0.016167  -0.006577  0.008267  0.026854  0.999639  -0.000275  -0.830552  0.022465  0.556488  0.556293  -0.014715  0.830856  -0.032097  0.007595  -0.021657  -0.219985  0.894749  -0.416559  1.000000  
144.717739 0.016127  -0.006568  0.008240  0.027511  0.999621  -0.000653  -0.829711  0.023199  0.557712  0.557516  -0.014802  0.830035  -0.032106  0.007553  -0.021599  -0.224226  0.921776  -0.421504  1.000000  
144.718739 0.016094  -0.006561  0.008220  0.028001  0.999607  -0.000910  -0.829022  0.023731  0.558713  0.558515  -0.014890  0.829361  -0.032169  0.007472  -0.021558  -0.224316  0.944196  -0.426569  1.000000  
144.719752 0.016063  -0.006554  0.008199  0.028663  0.999588  -0.001279  -0.828401  0.024470  0.559601  0.559402  -0.014980  0.828761  -0.032078  0.007346  -0.021463  -0.226195  0.960663  -0.435196  1.000000  
144.720994 0.016022  -0.006546  0.008173  0.029145  0.999574  -0.001546  -0.827559  0.024997  0.560822  0.560622  -0.015066  0.827935  -0.032028  0.007228  -0.021542  -0.224651  0.980136  -0.436750  1.000000  
144.721994 0.015991  -0.006540  0.008151  0.029635  0.999559  -0.001803  -0.826941  0.025531  0.561709  0.561508  -0.015155  0.827333  -0.031948  0.007159  -0.021623  -0.222778  0.996889  -0.439705  1.000000  
144.722995 0.015959  -0.006533  0.008130  0.030294  0.999539  -0.002056  -0.826315  0.026201  0.562599  0.562393  -0.015345  0.826728  -0.031897  0.007047  -0.021657  -0.226739  1.010780  -0.450641  1.000000  
144.724006 0.015928  -0.006526  0.008109  0.030776  0.999524  -0.002323  -0.825543  0.026729  0.563705  0.563499  -0.015431  0.825973  -0.031833  0.007018  -0.021575  -0.226872  1.028413  -0.455501  1.000000  
144.725238 0.015888  -0.006519  0.008083  0.031427  0.999502  -0.002708  -0.824763  0.027463  0.564811  0.564604  -0.015517  0.825216  -0.031908  0.006874  -0.021448  -0.233190  1.038528  -0.462649  1.000000  
144.726243 0.015857  -0.006512  0.008063  0.031910  0.999487  -0.002853  -0.824064  0.027925  0.565808  0.565597  -0.015704  0.824532  -0.031825  0.006797  -0.021236  -0.231602  1.056374  -0.465864  1.000000  
144.727489 0.015817  -0.006505  0.008041  0.032556  0.999465  -0.003246  -0.823205  0.028656  0.567021  0.566810  -0.015788  0.823697  -0.031817  0.006671  -0.020903  -0.233801  1.065599  -0.472632  1.000000  
144.728495 0.015786  -0.006500  0.008024  0.033206  0.999442  -0.003510  -0.822495  0.029322  0.568016  0.567802  -0.015975  0.823010  -0.031738  0.006596  -0.020523  -0.236031  1.078962  -0.481589  1.000000  
144.729739 0.015746  -0.006492  0.008002  0.033849  0.999420  -0.003785  -0.821632  0.029984  0.569230  0.569013  -0.016158  0.822170  -0.031768  0.006492  -0.020096  -0.236465  1.097412  -0.486542  1.000000  
144.730989 0.015706  -0.006486  0.007982  0.034487  0.999397  -0.003946  -0.820690  0.030573  0.570556  0.570333  -0.016439  0.821249  -0.031809  0.006301  -0.019769  -0.232863  1.111057  -0.491274  1.000000  
144.732239 0.015666  -0.006479  0.007961  0.035296  0.999367  -0.004343  -0.819814  0.031439  0.571766  0.571541  -0.016621  0.820405  -0.031828  0.006131  -0.019367  -0.234904  1.124489  -0.503347  1.000000  
144.733239 0.015634  -0.006473  0.007943  0.035941  0.999343  -0.004614  -0.819097  0.032103  0.572757  0.572529  -0.016806  0.819712  -0.031772  0.006046  -0.019140  -0.235293  1.133775  -0.508370  1.000000  
144.734489 0.015593  -0.006467  0.007924  0.036574  0.999320  -0.004781  -0.818147  0.032690  0.574079  0.573844  -0.017085  0.818786  -0.031831  0.005895  -0.018691  -0.227770  1.147447  -0.513143  1.000000  
144.735739 0.015554  -0.006461  0.007904  0.037374  0.999288  -0.005068  -0.817188  0.033482  0.575398  0.575158  -0.017363  0.817858  -0.031826  0.005748  -0.018301  -0.226152  1.166037  -0.522074  1.000000  
144.736748 0.015521  -0.006456  0.007889  0.038183  0.999256  -0.005343  -0.816456  0.034280  0.576389  0.576143  -0.017646  0.817158  -0.031833  0.005674  -0.017804  -0.224899  1.173501  -0.535465  1.000000  
144.737995 0.015480  -0.006450  0.007870  0.038979  0.999224  -0.005635  -0.815492  0.035070  0.577705  0.577455  -0.017923  0.816226  -0.031967  0.005520  -0.017286  -0.218658  1.179905  -0.543187  1.000000  
144.739243 0.015439  -0.006444  0.007855  0.039777  0.999191  -0.005925  -0.814601  0.035862  0.578912  0.578656  -0.018201  0.815369  -0.032006  0.005391  -0.016488  -0.215353  1.185446  -0.548357  1.000000  
144.740500 0.015398  -0.006438  0.007840  0.040573  0.999157  -0.006217  -0.813708  0.036652  0.580116  0.579855  -0.018478  0.814510  -0.032116  0.005188  -0.015807  -0.209838  1.193541  -0.553992  1.000000  
144.741738 0.015358  -0.006432  0.007827  0.041363  0.999124  -0.006396  -0.812735  0.037369  0.581433  0.581163  -0.018852  0.813569  -0.032234  0.005188  -0.015164  -0.206290  1.202580  -0.564055  1.000000  
144.742740 0.015325  -0.006427  0.007816  0.041996  0.999096  -0.006562  -0.812002  0.037957  0.582420  0.582142  -0.019131  0.812862  -0.032327  0.005063  -0.014664  -0.200606  1.208220  -0.568028  1.000000  
144.743743 0.015292  -0.006423  0.007806  0.042628  0.999068  -0.006729  -0.811266  0.038545  0.583405  0.583121  -0.019411  0.812153  -0.032362  0.005031  -0.014223  -0.197059  1.208208  -0.572814  1.000000  
144.744989 0.015251  -0.006416  0.007793  0.043413  0.999033  -0.006915  -0.810286  0.039258  0.584718  0.584425  -0.019782  0.811207  -0.032434  0.004984  -0.013565  -0.191930  1.216539  -0.578113  1.000000  
144.745989 0.015218  -0.006412  0.007783  0.044038  0.999005  -0.007092  -0.809468  0.039841  0.585810  0.585510  -0.020058  0.810417  -0.032496  0.004918  -0.013221  -0.188530  1.221258  -0.582831  1.000000  
144.746989 0.015185  -0.006407  0.007774  0.044666  0.998976  -0.007143  -0.808727  0.040355  0.586798  0.586486  -0.020433  0.809702  -0.032583  0.004879  -0.012654  -0.178703  1.222685  -0.586973  1.000000  
144.748239 0.015144  -0.006401  0.007764  0.045450  0.998940  -0.007329  -0.807818  0.041068  0.587999  0.587677  -0.020804  0.808828  -0.032699  0.004862  -0.011964  -0.171353  1.223059  -0.591685  1.000000  
144.749489 0.015101  -0.006395  0.007754  0.046227  0.998904  -0.007403  -0.806828  0.041706  0.589313  0.588975  -0.021269  0.807871  -0.032823  0.004809  -0.011304  -0.160029  1.228326  -0.596355  1.000000  
144.750489 0.015067  -0.006390  0.007748  0.047012  0.998865  -0.007709  -0.805992  0.042491  0.590399  0.590056  -0.021542  0.807075  -0.032970  0.004821  -0.010549  -0.163102  1.236332  -0.607018  1.000000  
144.751739 0.015025  -0.006383  0.007740  0.047780  0.998827  -0.007794  -0.804918  0.043122  0.591817  0.591460  -0.022004  0.806034  -0.033097  0.004885  -0.009924  -0.151889  1.245472  -0.611202  1.000000  
144.753023 0.014982  -0.006377  0.007733  0.048712  0.998781  -0.008004  -0.803830  0.043958  0.593233  0.592861  -0.022464  0.804991  -0.033196  0.004857  -0.009041  -0.149856  1.254777  -0.625479  1.000000  
144.754245 0.014939  -0.006369  0.007727  0.049646  0.998733  -0.008211  -0.802818  0.044795  0.594539  0.594153  -0.022925  0.804025  -0.033310  0.005060  -0.008423  -0.142720  1.260970  -0.636090  1.000000  
144.755247 0.014906  -0.006363  0.007722  0.050258  0.998702  -0.008283  -0.801983  0.045298  0.595627  0.595229  -0.023292  0.803218  -0.033416  0.005097  -0.008027  -0.135342  1.269923  -0.634718  1.000000  
144.756509 0.014862  -0.006356  0.007716  0.051347  0.998645  -0.008504  -0.800875  0.046262  0.597042  0.596626  -0.023846  0.802165  -0.033537  0.005142  -0.007538  -0.128115  1.279700  -0.650146  1.000000  
144.757740 0.014819  -0.006350  0.007708  0.052274  0.998595  -0.008720  -0.799854  0.047095  0.598344  0.597914  -0.024303  0.801192  -0.033762  0.005189  -0.007129  -0.125065  1.280439  -0.660169  1.000000  
144.758741 0.014785  -0.006344  0.007704  0.053044  0.998553  -0.008801  -0.799001  0.047727  0.599433  0.598986  -0.024764  0.800377  -0.033810  0.005268  -0.006791  -0.116657  1.283773  -0.664518  1.000000  
144.759746 0.014750  -0.006339  0.007698  0.053807  0.998511  -0.009013  -0.798066  0.048427  0.600621  0.600163  -0.025125  0.799483  -0.033936  0.005268  -0.006435  -0.118596  1.294470  -0.674160  1.000000  
144.760989 0.014707  -0.006332  0.007694  0.054721  0.998460  -0.009123  -0.796956  0.049179  0.602032  0.601554  -0.025673  0.798420  -0.034075  0.005356  -0.005931  -0.114575  1.302652  -0.683596  1.000000  
144.761989 0.014672  -0.006326  0.007691  0.055480  0.998417  -0.009219  -0.796015  0.049803  0.603224  0.602729  -0.026128  0.797518  -0.034190  0.005395  -0.005485  -0.104371  1.313862  -0.688007  1.000000  
144.762989 0.014638  -0.006320  0.007689  0.056242  0.998374  -0.009310  -0.795152  0.050429  0.604309  0.603796  -0.026585  0.796695  -0.034338  0.005480  -0.005091  -0.097132  1.318780  -0.692256  1.000000  
144.764239 0.014593  -0.006313  0.007688  0.057318  0.998311  -0.009425  -0.794103  0.051311  0.605614  0.605075  -0.027228  0.795703  -0.034436  0.005588  -0.004510  -0.094234  1.319634  -0.707368  1.000000  
144.765489 0.014550  -0.006305  0.007686  0.058222  0.998258  -0.009548  -0.792980  0.052055  0.607019  0.606459  -0.027771  0.794630  -0.034516  0.005634  -0.004138  -0.087338  1.324663  -0.711203  1.000000  
144.766739 0.014506  -0.006298  0.007686  0.059123  0.998205  -0.009553  -0.791855  0.052724  0.608430  0.607841  -0.028407  0.793550  -0.034615  0.005675  -0.003591  -0.075619  1.332390  -0.708896  1.000000  
144.767739 0.014471  -0.006291  0.007685  0.060039  0.998148  -0.009779  -0.790969  0.053549  0.609508  0.608903  -0.028859  0.792720  -0.034733  0.005844  -0.003302  -0.072622  1.332819  -0.718553  1.000000  
144.768741 0.014435  -0.006285  0.007684  0.060785  0.998103  -0.009770  -0.790013  0.054090  0.610700  0.610070  -0.029403  0.791802  -0.034797  0.005842  -0.003025  -0.065585  1.342263  -0.722330  1.000000  
144.769752 0.014399  -0.006278  0.007683  0.061690  0.998045  -0.010010  -0.789041  0.054908  0.611882  0.611235  -0.029849  0.790886  -0.034892  0.005905  -0.002741  -0.063206  1.353433  -0.732139  1.000000  
144.770756 0.014363  -0.006272  0.007682  0.062594  0.997988  -0.010131  -0.788067  0.055651  0.613069  0.612399  -0.030390  0.789964  -0.034924  0.005951  -0.002476  -0.060258  1.362873  -0.741316  1.000000  
144.771997 0.014318  -0.006264  0.007681  0.063643  0.997920  -0.010278  -0.786913  0.056515  0.614471  0.613774  -0.031019  0.788872  -0.035125  0.006028  -0.002171  -0.057635  1.368657  -0.750642  1.000000  
144.773245 0.014273  -0.006256  0.007681  0.064689  0.997852  -0.010308  -0.785755  0.057302  0.615878  0.615146  -0.031741  0.787774  -0.035259  0.006101  -0.001679  -0.046828  1.378656  -0.759670  1.000000  
144.774490 0.014227  -0.006248  0.007683  0.065732  0.997784  -0.010342  -0.784593  0.058086  0.617284  0.616516  -0.032462  0.786673  -0.035471  0.006125  -0.001135  -0.039768  1.386216  -0.767542  1.000000  
144.775744 0.014181  -0.006241  0.007685  0.066765  0.997715  -0.010388  -0.783346  0.058862  0.618793  0.617990  -0.033176  0.785486  -0.035659  0.006108  -0.000610  -0.033613  1.393637  -0.777099  1.000000  
144.776752 0.014143  -0.006235  0.007688  0.067500  0.997666  -0.010268  -0.782452  0.059319  0.619879  0.619041  -0.033807  0.784630  -0.035830  0.006171  -0.000244  -0.026597  1.398423  -0.780529  1.000000  
144.777989 0.014097  -0.006228  0.007690  0.068372  0.997608  -0.010185  -0.781294  0.059890  0.621283  0.620407  -0.034521  0.783520  -0.036001  0.006129  0.000099  -0.015815  1.408774  -0.784060  1.000000  
144.779239 0.014051  -0.006221  0.007693  0.069410  0.997537  -0.010102  -0.780202  0.060593  0.622586  0.621665  -0.035332  0.782486  -0.036175  0.006086  0.000365  -0.009227  1.409798  -0.792861  1.000000  
144.780239 0.014014  -0.006215  0.007695  0.070138  0.997487  -0.009990  -0.779301  0.061043  0.623670  0.622712  -0.035958  0.781624  -0.036319  0.006127  0.000596  0.005952  1.410242  -0.791145  1.000000  
144.781489 0.013968  -0.006208  0.007698  0.071323  0.997403  -0.010052  -0.778105  0.061941  0.625073  0.624072  -0.036760  0.780501  -0.036475  0.006093  0.000832  0.008172  1.411489  -0.805308  1.000000  
144.782739 0.013921  -0.006201  0.007701  0.072511  0.997318  -0.009989  -0.776987  0.062765  0.626379  0.625326  -0.037658  0.779454  -0.036663  0.006028  0.001147  0.018711  1.409725  -0.815004  1.000000  
144.783989 0.013875  -0.006194  0.007706  0.073528  0.997244  -0.009930  -0.775798  0.063452  0.627783  0.626683  -0.038456  0.778325  -0.036782  0.005952  0.001545  0.024866  1.411754  -0.821401  1.000000  
144.784989 0.013837  -0.006188  0.007711  0.074406  0.997178  -0.009959  -0.774871  0.064098  0.628861  0.627725  -0.039074  0.777454  -0.036899  0.005903  0.001869  0.031615  1.411833  -0.824608  1.000000  
144.786239 0.013790  -0.006182  0.007716  0.075425  0.997102  -0.009897  -0.773759  0.064785  0.630158  0.628974  -0.039871  0.776403  -0.037063  0.005775  0.002309  0.038068  1.408326  -0.827801  1.000000  
144.787244 0.013752  -0.006176  0.007722  0.076457  0.997023  -0.009940  -0.772811  0.065556  0.631241  0.630013  -0.040581  0.775523  -0.037165  0.005686  0.002815  0.044687  1.413744  -0.836521  1.000000  
144.788245 0.013715  -0.006172  0.007728  0.077494  0.996943  -0.009976  -0.771945  0.066331  0.632219  0.630948  -0.041293  0.774725  -0.037250  0.005588  0.003142  0.051286  1.410403  -0.845667  1.000000  
144.789270 0.013676  -0.006168  0.007734  0.078371  0.996875  -0.009884  -0.771092  0.066899  0.633199  0.631882  -0.042003  0.773926  -0.037259  0.005463  0.003444  0.058474  1.403503  -0.850405  1.000000  
144.790509 0.013629  -0.006162  0.007741  0.079537  0.996783  -0.009845  -0.769952  0.067704  0.634500  0.633125  -0.042886  0.772860  -0.037375  0.005356  0.003739  0.068990  1.400277  -0.853638  1.000000  
144.791743 0.013582  -0.006158  0.007746  0.080857  0.996675  -0.010062  -0.768791  0.068788  0.635789  0.634367  -0.043672  0.771797  -0.037488  0.005175  0.003930  0.066824  1.393526  -0.868289  1.000000  
144.792746 0.013543  -0.006154  0.007751  0.081883  0.996589  -0.010231  -0.767914  0.069631  0.636757  0.635298  -0.044283  0.770997  -0.037548  0.005061  0.004141  0.065212  1.389963  -0.877304  1.000000  
144.793754 0.013505  -0.006150  0.007756  0.082908  0.996504  -0.010281  -0.767034  0.070396  0.637733  0.636227  -0.044987  0.770189  -0.037553  0.004890  0.004274  0.067638  1.386253  -0.886078  1.000000  
144.794996 0.013458  -0.006146  0.007762  0.084226  0.996395  -0.010136  -0.765947  0.071246  0.638943  0.637362  -0.046052  0.769187  -0.037671  0.004666  0.004571  0.077966  1.383567  -0.894571  1.000000  
144.795997 0.013419  -0.006143  0.007768  0.085412  0.996292  -0.010313  -0.765129  0.072217  0.639814  0.638187  -0.046757  0.768461  -0.037778  0.004450  0.004758  0.076046  1.371510  -0.909365  1.000000  
