1-Time 2-Px 3-Py 4-Pz 5-R11 6-R21 7-R31 8-R12 9-R22 10-R32 11-R13 12-R23 13-R33 14-Vx 15-Vy 16-Vz 17-Wx 18-Wy 19-Wz 20-state
37.508904 0.029261  -0.012640  -0.013527  0.408001  0.752801  0.516552  -0.878948  0.476917  -0.000798  -0.246953  -0.453697  0.856256  0.002048  0.000733  -0.003099  0.065239  -0.062939  0.214916  1.000000  
37.509969 0.029261  -0.012639  -0.013527  0.407834  0.752862  0.516595  -0.879062  0.476707  -0.000742  -0.246823  -0.453816  0.856230  0.000608  0.001945  -0.001053  0.065748  -0.059469  0.218636  1.000000  
37.511200 0.029251  -0.012639  -0.013518  0.407653  0.752897  0.516686  -0.879146  0.476552  -0.000791  -0.246823  -0.453920  0.856175  -0.004841  0.000800  0.004452  0.065780  -0.059525  0.218736  1.000000  
37.512201 0.029238  -0.012639  -0.013506  0.407653  0.752835  0.516777  -0.879146  0.476553  -0.000733  -0.246823  -0.454024  0.856120  -0.007590  0.000528  0.006955  0.067492  -0.056420  0.212796  1.000000  
37.513449 0.029227  -0.012635  -0.013494  0.407486  0.752958  0.516729  -0.879260  0.476342  -0.000735  -0.246694  -0.454039  0.856149  -0.007918  0.001251  0.007753  0.063455  -0.056446  0.212838  1.000000  
37.514699 0.029218  -0.012629  -0.013485  0.407124  0.753092  0.516820  -0.879427  0.476033  -0.000890  -0.246694  -0.454143  0.856094  -0.007870  0.001962  0.007486  0.061736  -0.059597  0.218734  1.000000  
37.515700 0.029206  -0.012624  -0.013480  0.406943  0.753190  0.516820  -0.879511  0.475877  -0.000997  -0.246694  -0.454143  0.856094  -0.008418  0.002463  0.007205  0.057656  -0.059607  0.218719  1.000000  
37.516702 0.029191  -0.012619  -0.013475  0.406943  0.753127  0.516911  -0.879511  0.475878  -0.000939  -0.246694  -0.454247  0.856039  -0.009329  0.002796  0.006894  0.059379  -0.060476  0.210676  1.000000  
37.517949 0.029171  -0.012611  -0.013471  0.406776  0.753188  0.516954  -0.879625  0.475667  -0.000884  -0.246564  -0.454366  0.856013  -0.010276  0.003365  0.006351  0.058918  -0.056075  0.211070  1.000000  
37.518950 0.029157  -0.012603  -0.013467  0.406595  0.753223  0.517045  -0.879708  0.475513  -0.000933  -0.246564  -0.454470  0.855958  -0.010638  0.003790  0.006117  0.058915  -0.056098  0.211052  1.000000  
37.519956 0.029145  -0.012596  -0.013462  0.406595  0.753160  0.517137  -0.879708  0.475513  -0.000875  -0.246564  -0.454574  0.855902  -0.010811  0.004114  0.006041  0.062827  -0.054285  0.198802  1.000000  
37.521200 0.029127  -0.012586  -0.013452  0.406427  0.753221  0.517180  -0.879822  0.475302  -0.000820  -0.246434  -0.454693  0.855876  -0.011119  0.004505  0.006237  0.062332  -0.049929  0.199276  1.000000  
37.522205 0.029111  -0.012580  -0.013443  0.406246  0.753256  0.517271  -0.879906  0.475147  -0.000869  -0.246434  -0.454797  0.855821  -0.011483  0.004666  0.006435  0.062849  -0.050367  0.200922  1.000000  
37.523207 0.029093  -0.012574  -0.013432  0.406079  0.753254  0.517405  -0.880019  0.474937  -0.000756  -0.246305  -0.455020  0.855740  -0.011958  0.004750  0.006763  0.066948  -0.050404  0.200905  1.000000  
37.524454 0.029066  -0.012569  -0.013415  0.406079  0.753191  0.517497  -0.880019  0.474937  -0.000698  -0.246305  -0.455124  0.855685  -0.012975  0.004745  0.007470  0.000000  0.000000  0.000000  1.000000  
37.525454 0.029042  -0.012566  -0.013398  0.405898  0.753163  0.517679  -0.880103  0.474783  -0.000690  -0.246305  -0.455331  0.855574  -0.014518  0.004914  0.008508  0.000000  0.000000  0.000000  1.000000  
37.526456 0.029018  -0.012563  -0.013384  0.405717  0.753198  0.517771  -0.880186  0.474628  -0.000739  -0.246305  -0.455435  0.855519  -0.015366  0.005134  0.008625  0.000000  0.000000  0.000000  1.000000  
37.527704 0.028990  -0.012555  -0.013370  0.405535  0.753233  0.517862  -0.880270  0.474473  -0.000788  -0.246305  -0.455539  0.855464  -0.016310  0.005514  0.008603  0.000000  0.000000  0.000000  1.000000  
37.528706 0.028968  -0.012547  -0.013364  0.405535  0.753108  0.518045  -0.880270  0.474473  -0.000673  -0.246305  -0.455746  0.855353  -0.017252  0.005894  0.008580  0.000000  0.000000  0.000000  1.000000  
37.529952 0.028939  -0.012533  -0.013356  0.405354  0.753142  0.518136  -0.880353  0.474318  -0.000722  -0.246305  -0.455850  0.855298  -0.018520  0.006316  0.008570  0.000000  0.000000  0.000000  1.000000  
37.530955 0.028915  -0.012523  -0.013346  0.405368  0.753105  0.518179  -0.880383  0.474262  -0.000560  -0.246175  -0.455969  0.855272  -0.019267  0.006712  0.008865  0.000000  0.000000  0.000000  1.000000  
37.531959 0.028890  -0.012513  -0.013332  0.405368  0.753105  0.518179  -0.880383  0.474262  -0.000560  -0.246175  -0.455969  0.855272  -0.019933  0.007013  0.009483  0.000000  0.000000  0.000000  1.000000  
37.533201 0.028863  -0.012497  -0.013310  0.405200  0.753165  0.518223  -0.880497  0.474052  -0.000505  -0.246045  -0.456088  0.855246  -0.020406  0.007435  0.010793  0.000000  0.000000  0.000000  1.000000  
37.534449 0.028839  -0.012479  -0.013284  0.405019  0.753200  0.518314  -0.880580  0.473897  -0.000555  -0.246045  -0.456192  0.855190  -0.020778  0.008081  0.011955  0.000000  0.000000  0.000000  1.000000  
37.535699 0.028813  -0.012461  -0.013255  0.405047  0.753188  0.518310  -0.880640  0.473786  -0.000289  -0.245786  -0.456327  0.855193  -0.021461  0.008561  0.013399  0.000000  0.000000  0.000000  1.000000  
37.536702 0.028790  -0.012449  -0.013233  0.404879  0.753248  0.518353  -0.880753  0.473576  -0.000235  -0.245656  -0.456446  0.855167  -0.022003  0.008958  0.014356  0.000000  0.000000  0.000000  1.000000  
37.537949 0.028758  -0.012436  -0.013207  0.404907  0.753299  0.518258  -0.880813  0.473465  -0.000027  -0.245397  -0.456477  0.855225  -0.022716  0.009271  0.015181  0.000000  0.000000  0.000000  1.000000  
37.538960 0.028732  -0.012426  -0.013189  0.404934  0.753287  0.518253  -0.880872  0.473354  0.000239  -0.245137  -0.456612  0.855227  -0.022995  0.009738  0.015495  0.000000  0.000000  0.000000  1.000000  
37.540204 0.028702  -0.012412  -0.013171  0.404961  0.753276  0.518249  -0.880932  0.473243  0.000504  -0.244878  -0.456746  0.855230  -0.023065  0.010340  0.015429  0.000000  0.000000  0.000000  1.000000  
37.541452 0.028671  -0.012397  -0.013158  0.404989  0.753264  0.518245  -0.880991  0.473131  0.000769  -0.244618  -0.456881  0.855232  -0.023158  0.011090  0.015053  0.000000  0.000000  0.000000  1.000000  
37.542703 0.028638  -0.012380  -0.013144  0.405002  0.753227  0.518288  -0.881021  0.473076  0.000931  -0.244489  -0.457000  0.855205  -0.023479  0.011670  0.015077  0.000000  0.000000  0.000000  1.000000  
37.543956 0.028604  -0.012363  -0.013129  0.405030  0.753215  0.518284  -0.881081  0.472965  0.001196  -0.244229  -0.457135  0.855208  -0.023938  0.012071  0.015745  0.000000  0.000000  0.000000  1.000000  
37.545198 0.028570  -0.012346  -0.013110  0.405238  0.753106  0.518280  -0.881057  0.473008  0.001568  -0.243970  -0.457269  0.855210  -0.024198  0.012376  0.016405  0.000000  0.000000  0.000000  1.000000  
37.546199 0.028544  -0.012330  -0.013092  0.405266  0.753157  0.518184  -0.881116  0.472897  0.001776  -0.243710  -0.457300  0.855267  -0.024296  0.012683  0.016769  0.000000  0.000000  0.000000  1.000000  
37.547449 0.028509  -0.012309  -0.013067  0.405474  0.753048  0.518179  -0.881092  0.472941  0.002148  -0.243451  -0.457434  0.855269  -0.024673  0.013185  0.017141  0.000000  0.000000  0.000000  1.000000  
37.548699 0.028474  -0.012288  -0.013041  0.405501  0.753036  0.518175  -0.881151  0.472829  0.002413  -0.243191  -0.457569  0.855271  -0.025296  0.013459  0.017253  0.000000  0.000000  0.000000  1.000000  
37.549706 0.028446  -0.012272  -0.013023  0.405710  0.752990  0.518079  -0.881126  0.472873  0.002728  -0.242932  -0.457600  0.855329  -0.026019  0.013509  0.016914  0.000000  0.000000  0.000000  1.000000  
37.550949 0.028410  -0.012253  -0.013002  0.405919  0.752944  0.517982  -0.881102  0.472917  0.003042  -0.242672  -0.457630  0.855386  -0.026581  0.013640  0.016353  0.000000  0.000000  0.000000  1.000000  
37.551955 0.028379  -0.012240  -0.012989  0.405946  0.752995  0.517887  -0.881161  0.472806  0.003250  -0.242412  -0.457661  0.855443  -0.027007  0.013784  0.015779  0.000000  0.000000  0.000000  1.000000  
37.553199 0.028339  -0.012222  -0.012971  0.406181  0.753000  0.517694  -0.881195  0.472738  0.003773  -0.241893  -0.457722  0.855557  -0.027531  0.014036  0.015474  0.081578  0.127565  0.083127  1.000000  
37.554201 0.028307  -0.012207  -0.012956  0.406222  0.753140  0.517459  -0.881283  0.472572  0.004027  -0.241504  -0.457664  0.855698  -0.027962  0.014387  0.015296  0.073482  0.139354  0.089413  1.000000  
37.555208 0.028275  -0.012193  -0.012937  0.406458  0.753208  0.517175  -0.881317  0.472505  0.004492  -0.240984  -0.457621  0.855868  -0.028509  0.014646  0.015692  0.068739  0.161354  0.086060  1.000000  
37.556454 0.028237  -0.012174  -0.012912  0.406693  0.753276  0.516891  -0.881350  0.472438  0.004957  -0.240465  -0.457578  0.856037  -0.029000  0.014859  0.016475  0.059950  0.183356  0.082721  1.000000  
37.557455 0.028206  -0.012158  -0.012891  0.407096  0.753158  0.516745  -0.881270  0.472582  0.005482  -0.240075  -0.457623  0.856122  -0.029305  0.015031  0.017185  0.061416  0.206255  0.072003  1.000000  
37.558702 0.028167  -0.012138  -0.012860  0.407318  0.753201  0.516508  -0.881273  0.472571  0.005843  -0.239685  -0.457565  0.856262  -0.029635  0.015292  0.018228  0.050444  0.219507  0.071851  1.000000  
37.559702 0.028135  -0.012121  -0.012838  0.407540  0.753243  0.516271  -0.881277  0.472560  0.006204  -0.239296  -0.457506  0.856403  -0.029974  0.015500  0.018699  0.045676  0.237555  0.066394  1.000000  
37.560704 0.028103  -0.012104  -0.012817  0.407762  0.753286  0.516034  -0.881280  0.472549  0.006565  -0.238906  -0.457448  0.856543  -0.030340  0.015594  0.018939  0.039569  0.250648  0.065260  1.000000  
37.561705 0.028072  -0.012087  -0.012800  0.407983  0.753328  0.515797  -0.881283  0.472538  0.006926  -0.238516  -0.457389  0.856683  -0.030560  0.015673  0.018769  0.036847  0.263505  0.065122  1.000000  
37.562949 0.028034  -0.012067  -0.012780  0.408386  0.753273  0.515558  -0.881202  0.472683  0.007393  -0.238126  -0.457330  0.856823  -0.030728  0.015602  0.018458  0.033736  0.284744  0.053800  1.000000  
37.563951 0.028002  -0.012052  -0.012766  0.408789  0.753156  0.515410  -0.881120  0.472826  0.007917  -0.237736  -0.457375  0.856907  -0.031023  0.015442  0.017955  0.034657  0.302079  0.040394  1.000000  
37.565199 0.027962  -0.012035  -0.012751  0.409024  0.753224  0.515124  -0.881151  0.472760  0.008382  -0.237217  -0.457331  0.857075  -0.031320  0.015315  0.017567  0.028418  0.319586  0.041139  1.000000  
37.566449 0.027921  -0.012018  -0.012733  0.409427  0.753231  0.514793  -0.881069  0.472906  0.008792  -0.236827  -0.457168  0.857269  -0.031588  0.015246  0.017484  0.021159  0.333080  0.025456  1.000000  
37.567698 0.027880  -0.012004  -0.012710  0.409843  0.753202  0.514505  -0.881015  0.472995  0.009362  -0.236307  -0.457123  0.857437  -0.031657  0.015057  0.017819  0.020359  0.347317  0.017803  1.000000  
37.568699 0.027849  -0.011991  -0.012688  0.410065  0.753245  0.514266  -0.881017  0.472985  0.009723  -0.235917  -0.457064  0.857576  -0.031642  0.014912  0.018383  0.013720  0.355559  0.015973  1.000000  
37.569949 0.027811  -0.011975  -0.012657  0.410662  0.753181  0.513883  -0.880878  0.473231  0.010342  -0.235396  -0.456915  0.857798  -0.031499  0.014786  0.019061  0.006470  0.372780  0.002497  1.000000  
37.571202 0.027774  -0.011956  -0.012625  0.411078  0.753214  0.513502  -0.880822  0.473322  0.010854  -0.234876  -0.456766  0.858020  -0.031406  0.014767  0.019485  0.001605  0.386882  -0.005124  1.000000  
37.572285 0.027744  -0.011940  -0.012600  0.411494  0.753184  0.513212  -0.880767  0.473412  0.011424  -0.234356  -0.456721  0.858186  -0.031129  0.014720  0.019560  -0.003289  0.403246  -0.012773  1.000000  
37.573451 0.027706  -0.011920  -0.012571  0.412091  0.753182  0.512736  -0.880626  0.473660  0.011985  -0.233836  -0.456468  0.858463  -0.031260  0.014765  0.019698  -0.014724  0.421776  -0.026431  1.000000  
37.574455 0.027675  -0.011904  -0.012550  0.412506  0.753215  0.512353  -0.880570  0.473752  0.012497  -0.233315  -0.456318  0.858684  -0.031177  0.014687  0.019472  -0.025373  0.436783  -0.026054  1.000000  
37.575705 0.027637  -0.011882  -0.012527  0.413116  0.753238  0.511827  -0.880456  0.473946  0.013161  -0.232665  -0.456079  0.858987  -0.031025  0.014744  0.019317  -0.036839  0.458175  -0.037577  1.000000  
37.576949 0.027601  -0.011859  -0.012503  0.413726  0.753261  0.511301  -0.880341  0.474140  0.013825  -0.232014  -0.455839  0.859291  -0.030913  0.014958  0.019397  -0.048335  0.479670  -0.049120  1.000000  
37.577949 0.027569  -0.011842  -0.012481  0.414322  0.753196  0.510913  -0.880198  0.474388  0.014442  -0.231493  -0.455688  0.859511  -0.030962  0.015025  0.020051  -0.056913  0.489850  -0.056341  1.000000  
37.578949 0.027536  -0.011826  -0.012458  0.414919  0.753131  0.510526  -0.880053  0.474636  0.015058  -0.230973  -0.455538  0.859731  -0.031091  0.015079  0.020575  -0.060735  0.511364  -0.070471  1.000000  
37.579951 0.027501  -0.011811  -0.012433  0.415334  0.753225  0.510049  -0.879994  0.474731  0.015512  -0.230452  -0.455283  0.860006  -0.031218  0.015159  0.021568  -0.070850  0.522158  -0.069613  1.000000  
37.581199 0.027457  -0.011794  -0.012401  0.416124  0.753150  0.509516  -0.879791  0.475082  0.016279  -0.229801  -0.455042  0.860307  -0.031447  0.015190  0.022474  -0.078928  0.543887  -0.083905  1.000000  
37.582449 0.027414  -0.011777  -0.012369  0.416746  0.753136  0.509027  -0.879700  0.475221  0.017103  -0.229020  -0.454919  0.860580  -0.031652  0.015332  0.023148  -0.081704  0.560584  -0.094699  1.000000  
37.583449 0.027380  -0.011762  -0.012345  0.417342  0.753132  0.508545  -0.879553  0.475472  0.017660  -0.228498  -0.454663  0.860854  -0.031782  0.015458  0.023305  -0.087471  0.571554  -0.107541  1.000000  
37.584699 0.027337  -0.011742  -0.012317  0.417964  0.753180  0.507963  -0.879461  0.475614  0.018426  -0.227717  -0.454435  0.861182  -0.032108  0.015778  0.023050  -0.095872  0.584888  -0.112303  1.000000  
37.585701 0.027304  -0.011725  -0.012295  0.418572  0.753201  0.507430  -0.879340  0.475812  0.019087  -0.227065  -0.454193  0.861481  -0.032360  0.015888  0.022867  -0.100973  0.599175  -0.120122  1.000000  
37.586949 0.027261  -0.011704  -0.012271  0.419193  0.753249  0.506847  -0.879245  0.475955  0.019851  -0.226284  -0.453964  0.861808  -0.032741  0.016048  0.022463  -0.106105  0.613240  -0.127918  1.000000  
37.587951 0.027226  -0.011685  -0.012251  0.419802  0.753270  0.506312  -0.879123  0.476154  0.020511  -0.225632  -0.453721  0.862107  -0.033041  0.016217  0.022117  -0.111198  0.627297  -0.135711  1.000000  
37.588963 0.027191  -0.011667  -0.012231  0.420409  0.753290  0.505776  -0.878999  0.476353  0.021171  -0.224980  -0.453477  0.862405  -0.033346  0.016318  0.022025  -0.117283  0.642617  -0.146795  1.000000  
37.590204 0.027145  -0.011642  -0.012202  0.421224  0.753327  0.505044  -0.878842  0.476601  0.022085  -0.224067  -0.453157  0.862811  -0.033889  0.016577  0.022342  -0.126642  0.660922  -0.152661  1.000000  
37.591455 0.027098  -0.011617  -0.012167  0.422038  0.753362  0.504310  -0.878684  0.476849  0.022998  -0.223154  -0.452835  0.863216  -0.034532  0.016681  0.023046  -0.134398  0.686364  -0.162388  1.000000  
37.592704 0.027049  -0.011594  -0.012130  0.422684  0.753583  0.503438  -0.878638  0.476892  0.023853  -0.222111  -0.452422  0.863702  -0.035201  0.016806  0.023817  -0.149433  0.709264  -0.158128  1.000000  
37.593949 0.026999  -0.011570  -0.012091  0.423511  0.753767  0.502469  -0.878503  0.477095  0.024753  -0.221067  -0.451903  0.864241  -0.035758  0.017052  0.024467  -0.169674  0.729449  -0.158569  1.000000  
37.594949 0.026957  -0.011551  -0.012060  0.424324  0.753801  0.501730  -0.878340  0.477346  0.025664  -0.220154  -0.451580  0.864643  -0.036293  0.017314  0.024828  -0.178929  0.756889  -0.171763  1.000000  
37.595951 0.026915  -0.011531  -0.012034  0.424956  0.753994  0.500904  -0.878263  0.477447  0.026413  -0.219240  -0.451150  0.865100  -0.036746  0.017788  0.024921  -0.193982  0.775861  -0.169664  1.000000  
37.597198 0.026864  -0.011506  -0.012001  0.425794  0.754202  0.499879  -0.878150  0.477599  0.027416  -0.218065  -0.450642  0.865661  -0.037253  0.018417  0.024951  -0.205995  0.809175  -0.175448  1.000000  
37.598199 0.026823  -0.011486  -0.011977  0.426606  0.754296  0.499045  -0.877982  0.477858  0.028267  -0.217151  -0.450211  0.866115  -0.037734  0.018754  0.024911  -0.219532  0.831386  -0.179374  1.000000  
37.599199 0.026783  -0.011465  -0.011953  0.427249  0.754514  0.498164  -0.877927  0.477908  0.029119  -0.216106  -0.449792  0.866594  -0.038143  0.019089  0.025015  -0.234706  0.850394  -0.177353  1.000000  
37.600449 0.026732  -0.011438  -0.011921  0.428267  0.754621  0.497127  -0.877720  0.478220  0.030222  -0.214930  -0.449281  0.867151  -0.038707  0.019420  0.025332  -0.248782  0.876339  -0.181646  1.000000  
37.601451 0.026691  -0.011417  -0.011894  0.429090  0.754739  0.496236  -0.877573  0.478428  0.031175  -0.213884  -0.448861  0.867628  -0.039183  0.019716  0.025860  -0.260486  0.905967  -0.187245  1.000000  
37.602700 0.026641  -0.011390  -0.011858  0.430131  0.754898  0.495092  -0.877413  0.478635  0.032484  -0.212446  -0.448373  0.868233  -0.039606  0.020048  0.026504  -0.270486  0.935404  -0.189530  1.000000  
37.603954 0.026590  -0.011362  -0.011821  0.431159  0.755029  0.493997  -0.877224  0.478898  0.033688  -0.211139  -0.447871  0.868811  -0.040055  0.020356  0.027327  -0.280092  0.965160  -0.189577  1.000000  
37.604974 0.026549  -0.011340  -0.011790  0.431994  0.755172  0.493049  -0.877096  0.479057  0.034743  -0.209962  -0.447460  0.869308  -0.040327  0.020413  0.027915  -0.289428  0.991556  -0.189261  1.000000  
37.606204 0.026496  -0.011315  -0.011751  0.433225  0.755316  0.491746  -0.876863  0.479376  0.036196  -0.208392  -0.446875  0.869986  -0.040766  0.020483  0.028315  -0.302020  1.029301  -0.193485  1.000000  
37.607206 0.026452  -0.011294  -0.011720  0.434058  0.755517  0.490701  -0.876730  0.479542  0.037191  -0.207214  -0.446356  0.870534  -0.041156  0.020608  0.028272  -0.317426  1.052514  -0.189722  1.000000  
37.608456 0.026396  -0.011268  -0.011683  0.435264  0.755724  0.489312  -0.876441  0.479983  0.038317  -0.205905  -0.445531  0.871267  -0.041535  0.020782  0.028129  -0.337934  1.081515  -0.198166  1.000000  
37.609705 0.026341  -0.011241  -0.011649  0.436493  0.755923  0.487907  -0.876197  0.480314  0.039707  -0.204333  -0.444835  0.871992  -0.041717  0.021028  0.027874  -0.354587  1.118800  -0.202516  1.000000  
37.610707 0.026297  -0.011219  -0.011621  0.437517  0.756108  0.486703  -0.875991  0.480594  0.040845  -0.203023  -0.444218  0.872612  -0.041891  0.021202  0.027992  -0.372571  1.148772  -0.202792  1.000000  
37.611953 0.026242  -0.011190  -0.011583  0.438744  0.756305  0.485291  -0.875741  0.480931  0.042233  -0.201451  -0.443518  0.873332  -0.042128  0.021371  0.028316  -0.390824  1.183034  -0.201262  1.000000  
37.613199 0.026187  -0.011162  -0.011541  0.440342  0.756387  0.483712  -0.875329  0.481535  0.043864  -0.199747  -0.442722  0.874127  -0.042410  0.021588  0.029081  -0.407958  1.223462  -0.219897  1.000000  
37.614199 0.026143  -0.011138  -0.011504  0.441543  0.756468  0.482489  -0.875022  0.481979  0.045096  -0.198435  -0.442100  0.874740  -0.042654  0.021771  0.029909  -0.425561  1.255887  -0.226414  1.000000  
37.615199 0.026099  -0.011115  -0.011466  0.442575  0.756674  0.481219  -0.874826  0.482216  0.046332  -0.196993  -0.441488  0.875375  -0.042891  0.021941  0.030850  -0.438267  1.293188  -0.230944  1.000000  
37.616201 0.026055  -0.011091  -0.011427  0.443606  0.756879  0.479945  -0.874628  0.482455  0.047567  -0.195550  -0.440875  0.876008  -0.043128  0.022116  0.031632  -0.452437  1.323126  -0.231534  1.000000  
37.617201 0.026011  -0.011068  -0.011389  0.444636  0.757083  0.478669  -0.874427  0.482697  0.048801  -0.194106  -0.440259  0.876638  -0.043354  0.022147  0.032289  -0.466696  1.353245  -0.232197  1.000000  
37.618451 0.025955  -0.011040  -0.011343  0.446060  0.757283  0.477025  -0.874107  0.483109  0.050426  -0.192268  -0.439464  0.877442  -0.043754  0.022145  0.032922  -0.486531  1.390241  -0.236970  1.000000  
37.619699 0.025898  -0.011014  -0.011299  0.447494  0.757507  0.475322  -0.873805  0.483471  0.052153  -0.190298  -0.438678  0.878265  -0.044114  0.022121  0.033230  -0.502290  1.434175  -0.245935  1.000000  
37.620701 0.025852  -0.010993  -0.011265  0.448712  0.757692  0.473878  -0.873522  0.483832  0.053526  -0.188722  -0.437961  0.878962  -0.044406  0.022139  0.033413  -0.519257  1.466977  -0.252819  1.000000  
37.621723 0.025804  -0.010974  -0.011234  0.449929  0.757817  0.472522  -0.873236  0.484189  0.054954  -0.187145  -0.437349  0.879604  -0.044659  0.022068  0.033419  -0.529792  1.504608  -0.257937  1.000000  
37.622954 0.025744  -0.010948  -0.011193  0.451336  0.758040  0.470820  -0.872874  0.484674  0.056407  -0.185436  -0.436425  0.880424  -0.044998  0.022009  0.033650  -0.547710  1.535120  -0.267687  1.000000  
37.623960 0.025696  -0.010930  -0.011161  0.452539  0.758192  0.469418  -0.872557  0.485096  0.057668  -0.183989  -0.435691  0.881091  -0.045251  0.021838  0.034011  -0.556404  1.558990  -0.278852  1.000000  
37.625203 0.025635  -0.010905  -0.011116  0.453954  0.758437  0.467653  -0.872209  0.485536  0.059220  -0.182148  -0.434774  0.881926  -0.045651  0.021632  0.034672  -0.570083  1.592523  -0.286631  1.000000  
37.626451 0.025573  -0.010881  -0.011068  0.455188  0.758723  0.465987  -0.871948  0.485817  0.060732  -0.180306  -0.433961  0.882705  -0.046150  0.021321  0.035419  -0.582461  1.615615  -0.284268  1.000000  
37.627698 0.025511  -0.010857  -0.011019  0.456421  0.759119  0.464132  -0.871683  0.486117  0.062124  -0.178463  -0.432930  0.883585  -0.046534  0.021119  0.036013  -0.603287  1.639254  -0.287598  1.000000  
37.628699 0.025462  -0.010836  -0.010977  0.457451  0.759335  0.462763  -0.871465  0.486337  0.063445  -0.176883  -0.432305  0.884209  -0.046911  0.020903  0.036427  -0.609932  1.660971  -0.292989  1.000000  
37.629700 0.025414  -0.010816  -0.010937  0.458490  0.759632  0.461245  -0.871265  0.486516  0.064810  -0.175171  -0.431581  0.884903  -0.047213  0.020646  0.036533  -0.622137  1.687992  -0.288564  1.000000  
37.630700 0.025365  -0.010796  -0.010897  0.459517  0.759900  0.459778  -0.871040  0.486749  0.066070  -0.173590  -0.430845  0.885573  -0.047461  0.020465  0.036656  -0.636927  1.709842  -0.288622  1.000000  
37.631701 0.025315  -0.010776  -0.010859  0.460733  0.760150  0.458145  -0.870737  0.487098  0.067468  -0.171876  -0.430009  0.886313  -0.047855  0.020192  0.036649  -0.649242  1.732699  -0.291908  1.000000  
37.632949 0.025253  -0.010753  -0.010812  0.462159  0.760488  0.456143  -0.870395  0.487473  0.069154  -0.169767  -0.428985  0.887215  -0.048421  0.019834  0.036612  -0.671631  1.762017  -0.296637  1.000000  
37.633956 0.025202  -0.010737  -0.010774  0.463203  0.760805  0.454553  -0.870198  0.487615  0.070617  -0.167921  -0.428261  0.887916  -0.048797  0.019487  0.036783  -0.683960  1.784544  -0.294268  1.000000  
37.635199 0.025138  -0.010716  -0.010723  0.464636  0.761165  0.452484  -0.869865  0.487948  0.072403  -0.165678  -0.427241  0.888829  -0.049166  0.019171  0.037365  -0.700785  1.815496  -0.294236  1.000000  
37.636449 0.025074  -0.010696  -0.010672  0.465876  0.761541  0.450572  -0.869601  0.488172  0.074047  -0.163566  -0.426315  0.889664  -0.049511  0.018761  0.038021  -0.714778  1.830987  -0.288463  1.000000  
37.637454 0.025022  -0.010682  -0.010628  0.467084  0.761724  0.449009  -0.869274  0.488532  0.075493  -0.161850  -0.425573  0.890333  -0.049738  0.018401  0.038768  -0.717075  1.857059  -0.295155  1.000000  
37.638456 0.024970  -0.010667  -0.010584  0.468122  0.762034  0.447400  -0.869058  0.488689  0.076950  -0.160002  -0.424839  0.891017  -0.050045  0.018072  0.039597  -0.726808  1.876881  -0.287023  1.000000  
37.639705 0.024905  -0.010650  -0.010529  0.469714  0.762255  0.445349  -0.868585  0.489249  0.078712  -0.157888  -0.423795  0.891891  -0.050304  0.017607  0.040401  -0.738446  1.902782  -0.291778  1.000000  
37.640705 0.024853  -0.010637  -0.010485  0.470748  0.762561  0.443732  -0.868360  0.489413  0.080164  -0.156038  -0.423056  0.892567  -0.050509  0.017211  0.040815  -0.740965  1.914368  -0.285563  1.000000  
37.641709 0.024801  -0.010624  -0.010443  0.471780  0.762864  0.442110  -0.868130  0.489581  0.081615  -0.154187  -0.422314  0.893240  -0.050645  0.016766  0.041031  -0.750146  1.934878  -0.279999  1.000000  
37.642949 0.024737  -0.010607  -0.010393  0.473188  0.763125  0.440151  -0.867737  0.489987  0.083337  -0.152072  -0.421370  0.894048  -0.050821  0.016283  0.041006  -0.756870  1.946044  -0.274333  1.000000  
37.643951 0.024685  -0.010595  -0.010354  0.474395  0.763324  0.438504  -0.867400  0.490320  0.084874  -0.150220  -0.420622  0.894713  -0.051033  0.015671  0.040879  -0.763513  1.960181  -0.264738  1.000000  
37.645200 0.024621  -0.010578  -0.010305  0.475629  0.763708  0.436494  -0.867111  0.490529  0.086606  -0.147971  -0.419681  0.895529  -0.051264  0.015101  0.040852  -0.769827  1.972098  -0.261448  1.000000  
37.646449 0.024557  -0.010563  -0.010254  0.477049  0.764015  0.434402  -0.866734  0.490851  0.088529  -0.145589  -0.418744  0.896358  -0.051399  0.014577  0.040994  -0.776488  1.988775  -0.256323  1.000000  
37.647449 0.024506  -0.010551  -0.010212  0.478250  0.764208  0.432739  -0.866382  0.491195  0.090059  -0.143735  -0.417988  0.897010  -0.051461  0.014121  0.041250  -0.781081  2.003413  -0.258637  1.000000  
37.648449 0.024453  -0.010541  -0.010167  0.479262  0.764525  0.431056  -0.866106  0.491445  0.091333  -0.142014  -0.417113  0.897691  -0.051657  0.013589  0.041714  -0.791172  2.009758  -0.254826  1.000000  
37.649702 0.024386  -0.010529  -0.010108  0.480853  0.764723  0.428928  -0.865612  0.491939  0.093337  -0.139629  -0.416167  0.898504  -0.051825  0.012954  0.042424  -0.797408  2.023156  -0.253752  1.000000  
37.650949 0.024321  -0.010516  -0.010047  0.482440  0.764970  0.426699  -0.865110  0.492450  0.095277  -0.137244  -0.415107  0.899361  -0.051936  0.012515  0.043082  -0.802916  2.038430  -0.257060  1.000000  
37.651951 0.024267  -0.010507  -0.009997  0.483642  0.765181  0.424958  -0.864752  0.492761  0.096901  -0.135256  -0.414349  0.900012  -0.052049  0.012121  0.043521  -0.809004  2.048415  -0.251337  1.000000  
37.653199 0.024201  -0.010495  -0.009936  0.485232  0.765449  0.422656  -0.864252  0.493235  0.098938  -0.132737  -0.413289  0.900873  -0.052191  0.011734  0.043930  -0.813303  2.078424  -0.255034  1.000000  
37.654201 0.024148  -0.010484  -0.009888  0.486429  0.765655  0.420904  -0.863882  0.493555  0.100557  -0.130747  -0.412525  0.901514  -0.052221  0.011560  0.044179  -0.815146  2.098360  -0.247735  1.000000  
37.655204 0.024094  -0.010475  -0.009841  0.487624  0.765909  0.419054  -0.863507  0.493891  0.102113  -0.128757  -0.411649  0.902201  -0.052303  0.011255  0.044402  -0.825161  2.112464  -0.246218  1.000000  
37.656453 0.024028  -0.010461  -0.009783  0.489036  0.766297  0.416694  -0.863100  0.494175  0.104159  -0.126103  -0.410586  0.903060  -0.052421  0.011064  0.044654  -0.831706  2.140743  -0.235806  1.000000  
37.657455 0.023974  -0.010451  -0.009737  0.490234  0.766523  0.414866  -0.862728  0.494460  0.105875  -0.123979  -0.409820  0.903702  -0.052506  0.010821  0.045145  -0.827594  2.162605  -0.242999  1.000000  
37.658702 0.023907  -0.010439  -0.009676  0.491800  0.766698  0.412683  -0.862177  0.494995  0.107848  -0.121589  -0.408845  0.904468  -0.052733  0.010582  0.045903  -0.832219  2.180770  -0.252516  1.000000  
37.659953 0.023840  -0.010427  -0.009614  0.493372  0.766946  0.410339  -0.861631  0.495502  0.109862  -0.119065  -0.407764  0.905291  -0.052941  0.010271  0.046789  -0.837975  2.195723  -0.256135  1.000000  
37.661199 0.023772  -0.010416  -0.009549  0.494939  0.767191  0.407987  -0.861077  0.496016  0.111872  -0.116541  -0.406678  0.906108  -0.053223  0.009937  0.047708  -0.838605  2.214505  -0.262254  1.000000  
37.662199 0.023717  -0.010408  -0.009498  0.496296  0.767277  0.406172  -0.860564  0.496524  0.113554  -0.114547  -0.405893  0.906714  -0.053482  0.009683  0.048383  -0.836867  2.225976  -0.263040  1.000000  
37.663449 0.023646  -0.010399  -0.009433  0.497872  0.767569  0.403684  -0.860020  0.496955  0.115765  -0.111756  -0.404813  0.907545  -0.053745  0.009486  0.048933  -0.842053  2.240467  -0.271024  1.000000  
37.664449 0.023591  -0.010392  -0.009382  0.499229  0.767727  0.401703  -0.859507  0.497439  0.117483  -0.109628  -0.403918  0.908203  -0.053908  0.009312  0.049266  -0.846541  2.261683  -0.282414  1.000000  
37.665699 0.023523  -0.010382  -0.009319  0.500967  0.767833  0.399329  -0.858831  0.498073  0.119723  -0.106968  -0.402933  0.908957  -0.054077  0.009174  0.049340  -0.842514  2.278379  -0.296481  1.000000  
37.666702 0.023468  -0.010374  -0.009269  0.502326  0.768012  0.397274  -0.858315  0.498521  0.121539  -0.104706  -0.402038  0.909616  -0.054194  0.009032  0.049378  -0.848142  2.301149  -0.300042  1.000000  
37.667951 0.023398  -0.010365  -0.009207  0.503886  0.768242  0.394847  -0.857737  0.498961  0.123792  -0.101911  -0.401052  0.910369  -0.054399  0.008828  0.049446  -0.850367  2.324484  -0.300101  1.000000  
37.669199 0.023329  -0.010354  -0.009143  0.505611  0.768385  0.392354  -0.857034  0.499628  0.125955  -0.099249  -0.399945  0.911150  -0.054623  0.008680  0.049674  -0.855777  2.338399  -0.308127  1.000000  
37.670452 0.023259  -0.010342  -0.009078  0.507162  0.768655  0.389816  -0.856437  0.500097  0.128137  -0.096452  -0.398839  0.911934  -0.054807  0.008606  0.050162  -0.857952  2.356847  -0.310374  1.000000  
37.671724 0.023190  -0.010331  -0.009008  0.508871  0.768763  0.387367  -0.855704  0.500823  0.130184  -0.093922  -0.397718  0.912688  -0.054968  0.008481  0.050939  -0.862755  2.372960  -0.324495  1.000000  
37.672953 0.023120  -0.010319  -0.008935  0.510596  0.768901  0.384815  -0.854993  0.501402  0.132600  -0.090991  -0.396720  0.913419  -0.055231  0.008420  0.051901  -0.864135  2.403295  -0.337481  1.000000  
37.673955 0.023063  -0.010309  -0.008876  0.511932  0.769014  0.382810  -0.854431  0.501867  0.134450  -0.088725  -0.395914  0.913991  -0.055391  0.008460  0.052620  -0.865910  2.422324  -0.338969  1.000000  
37.674955 0.023006  -0.010300  -0.008817  0.513266  0.769170  0.380705  -0.853864  0.502351  0.136235  -0.086460  -0.394995  0.914606  -0.055592  0.008486  0.053124  -0.871004  2.439881  -0.348740  1.000000  
37.676204 0.022933  -0.010288  -0.008744  0.514970  0.769270  0.378191  -0.853116  0.502994  0.138531  -0.083660  -0.393980  0.915304  -0.055859  0.008552  0.053769  -0.872861  2.457577  -0.359097  1.000000  
37.677448 0.022860  -0.010277  -0.008672  0.516676  0.769440  0.375511  -0.852367  0.503615  0.140864  -0.080726  -0.392854  0.916051  -0.056129  0.008661  0.054254  -0.878738  2.478227  -0.363436  1.000000  
37.678450 0.022802  -0.010268  -0.008616  0.517817  0.769617  0.373571  -0.851874  0.503985  0.142514  -0.078592  -0.392032  0.916588  -0.056304  0.008800  0.054460  -0.877537  2.491531  -0.365174  1.000000  
37.679699 0.022729  -0.010256  -0.008547  0.519507  0.769707  0.371031  -0.851098  0.504645  0.144793  -0.075791  -0.391005  0.917263  -0.056561  0.008923  0.054907  -0.879383  2.507856  -0.371250  1.000000  
37.680699 0.022671  -0.010246  -0.008489  0.520652  0.769977  0.368858  -0.850609  0.504953  0.146584  -0.073389  -0.390073  0.917854  -0.056758  0.009068  0.055425  -0.883284  2.522767  -0.365131  1.000000  
37.681703 0.022612  -0.010237  -0.008431  0.521968  0.770141  0.366649  -0.850006  0.505424  0.148448  -0.070987  -0.389139  0.918440  -0.057057  0.009216  0.056009  -0.889600  2.537544  -0.368854  1.000000  
37.682949 0.022538  -0.010224  -0.008356  0.523475  0.770351  0.364051  -0.849319  0.505899  0.150740  -0.068051  -0.388104  0.919100  -0.057336  0.009379  0.056695  -0.889310  2.549720  -0.367022  1.000000  
37.683960 0.022479  -0.010214  -0.008295  0.524778  0.770437  0.361987  -0.848694  0.506406  0.152551  -0.065781  -0.387271  0.919616  -0.057548  0.009504  0.057454  -0.891265  2.559683  -0.372339  1.000000  
37.685198 0.022404  -0.010201  -0.008217  0.526271  0.770613  0.359438  -0.847982  0.506938  0.154728  -0.062977  -0.386225  0.920252  -0.057906  0.009638  0.058251  -0.890264  2.569306  -0.374432  1.000000  
37.686199 0.022344  -0.010189  -0.008155  0.527566  0.770736  0.357267  -0.847342  0.507473  0.156469  -0.060707  -0.385275  0.920803  -0.058214  0.009752  0.058714  -0.892587  2.575651  -0.381956  1.000000  
37.687201 0.022284  -0.010178  -0.008092  0.528855  0.770786  0.355249  -0.846689  0.508038  0.158163  -0.058570  -0.384430  0.921294  -0.058502  0.009904  0.059100  -0.894954  2.578236  -0.390995  1.000000  
37.688202 0.022223  -0.010167  -0.008030  0.530314  0.770728  0.353193  -0.845921  0.508765  0.159925  -0.056433  -0.383584  0.921780  -0.058830  0.010042  0.059385  -0.896488  2.587173  -0.404457  1.000000  
37.689208 0.022162  -0.010155  -0.007968  0.531599  0.770800  0.351098  -0.845263  0.509293  0.161715  -0.054162  -0.382737  0.922268  -0.059083  0.010184  0.059517  -0.895471  2.600996  -0.406478  1.000000  
37.690459 0.022084  -0.010140  -0.007890  0.533240  0.770825  0.348545  -0.844396  0.510054  0.163833  -0.051490  -0.381672  0.922862  -0.059495  0.010342  0.059771  -0.898703  2.607922  -0.414545  1.000000  
37.691708 0.022007  -0.010125  -0.007812  0.535053  0.770768  0.345883  -0.843415  0.510936  0.166121  -0.048683  -0.380606  0.923455  -0.059880  0.010597  0.060319  -0.897076  2.620650  -0.427190  1.000000  
37.692951 0.021928  -0.010110  -0.007730  0.536682  0.770743  0.343406  -0.842529  0.511688  0.168287  -0.046010  -0.379646  0.923987  -0.060198  0.010849  0.060951  -0.893019  2.616631  -0.432513  1.000000  
37.694201 0.021850  -0.010094  -0.007647  0.538307  0.770714  0.340920  -0.841634  0.512446  0.170447  -0.043337  -0.378682  0.924512  -0.060539  0.011189  0.061863  -0.887997  2.616447  -0.437607  1.000000  
37.695449 0.021772  -0.010077  -0.007560  0.540102  0.770643  0.338229  -0.840623  0.513346  0.172711  -0.040530  -0.377605  0.925079  -0.060921  0.011442  0.062980  -0.891647  2.625530  -0.450382  1.000000  
37.696699 0.021694  -0.010060  -0.007473  0.542061  0.770353  0.335747  -0.839486  0.514411  0.175057  -0.037856  -0.376747  0.925542  -0.061173  0.011787  0.063868  -0.881825  2.626519  -0.469581  1.000000  
37.697949 0.021616  -0.010043  -0.007384  0.543839  0.770178  0.333265  -0.838446  0.515386  0.177160  -0.035316  -0.375771  0.926039  -0.061489  0.012057  0.064804  -0.880735  2.623172  -0.488944  1.000000  
37.698949 0.021552  -0.010029  -0.007314  0.545259  0.770088  0.331144  -0.837611  0.516153  0.178869  -0.033176  -0.374900  0.926471  -0.061820  0.012295  0.065469  -0.879908  2.625350  -0.496919  1.000000  
37.699959 0.021490  -0.010015  -0.007244  0.546671  0.769901  0.329246  -0.836762  0.516986  0.180428  -0.031304  -0.374136  0.926845  -0.061935  0.012594  0.065927  -0.873643  2.616975  -0.517441  1.000000  
37.701199 0.021411  -0.009998  -0.007159  0.548434  0.769675  0.326835  -0.835699  0.517952  0.182573  -0.028763  -0.373265  0.927279  -0.062239  0.012766  0.066429  -0.868780  2.620153  -0.528106  1.000000  
37.702199 0.021348  -0.009984  -0.007090  0.549843  0.769536  0.324788  -0.834844  0.518709  0.184329  -0.026623  -0.372499  0.927651  -0.062432  0.012961  0.066858  -0.863741  2.618670  -0.538965  1.000000  
37.703199 0.021284  -0.009969  -0.007021  0.551245  0.769367  0.322804  -0.833980  0.519510  0.185976  -0.024616  -0.371731  0.928014  -0.062618  0.013154  0.067280  -0.862691  2.612176  -0.550320  1.000000  
37.704203 0.021220  -0.009955  -0.006951  0.552816  0.769050  0.320870  -0.832997  0.520449  0.187747  -0.022610  -0.371073  0.928329  -0.062814  0.013282  0.067850  -0.853264  2.605906  -0.562660  1.000000  
37.705204 0.021156  -0.009942  -0.006880  0.554212  0.768864  0.318899  -0.832124  0.521192  0.189550  -0.020470  -0.370414  0.928641  -0.062930  0.013422  0.068414  -0.848027  2.603752  -0.573096  1.000000  
37.706205 0.021092  -0.009927  -0.006807  0.555776  0.768569  0.316883  -0.831130  0.522096  0.191413  -0.018329  -0.369754  0.928949  -0.063089  0.013593  0.069104  -0.842512  2.604352  -0.589938  1.000000  
37.707453 0.021011  -0.009909  -0.006715  0.557512  0.768311  0.314450  -0.830022  0.523021  0.193684  -0.015654  -0.368981  0.929305  -0.063279  0.013790  0.069850  -0.829805  2.600505  -0.609133  1.000000  
37.708453 0.020946  -0.009894  -0.006640  0.559064  0.767955  0.312558  -0.829010  0.524013  0.195329  -0.013781  -0.368315  0.929599  -0.063437  0.013947  0.070554  -0.824173  2.597080  -0.627707  1.000000  
37.709453 0.020881  -0.009879  -0.006564  0.560613  0.767586  0.310684  -0.827994  0.524942  0.197134  -0.011774  -0.367761  0.929846  -0.063563  0.014082  0.071087  -0.814736  2.593674  -0.646127  1.000000  
37.710710 0.020801  -0.009860  -0.006470  0.562502  0.767146  0.308349  -0.826744  0.526051  0.199409  -0.009232  -0.367094  0.930138  -0.063727  0.014259  0.071550  -0.797737  2.583555  -0.674797  1.000000  
37.711958 0.020720  -0.009841  -0.006376  0.564554  0.766630  0.305870  -0.825369  0.527346  0.201674  -0.006690  -0.366311  0.930468  -0.063850  0.014406  0.071884  -0.784887  2.581184  -0.708574  1.000000  
37.713199 0.020639  -0.009822  -0.006284  0.566430  0.766183  0.303515  -0.824100  0.528462  0.203931  -0.004148  -0.365639  0.930748  -0.064075  0.014547  0.072248  -0.772811  2.574052  -0.729345  1.000000  
37.714449 0.020559  -0.009801  -0.006190  0.568299  0.765732  0.301150  -0.822821  0.529581  0.206179  -0.001606  -0.364964  0.931020  -0.064173  0.014782  0.072668  -0.760117  2.577019  -0.752898  1.000000  
37.715701 0.020479  -0.009781  -0.006095  0.570330  0.765168  0.298733  -0.821415  0.530861  0.208480  0.000937  -0.364287  0.931286  -0.064270  0.014905  0.073278  -0.747720  2.571468  -0.779788  1.000000  
37.716701 0.020414  -0.009765  -0.006018  0.571849  0.764781  0.296814  -0.820354  0.531805  0.210244  0.002944  -0.363720  0.931503  -0.064392  0.015056  0.073775  -0.734511  2.571778  -0.796559  1.000000  
37.717949 0.020333  -0.009745  -0.005920  0.573699  0.764256  0.294587  -0.819048  0.532947  0.212430  0.005352  -0.363152  0.931715  -0.064451  0.015236  0.074610  -0.719595  2.569007  -0.814386  1.000000  
37.719199 0.020252  -0.009725  -0.005821  0.575544  0.763700  0.292422  -0.817735  0.534132  0.214506  0.007626  -0.362581  0.931921  -0.064565  0.015375  0.075355  -0.703497  2.557108  -0.836290  1.000000  
37.720202 0.020187  -0.009709  -0.005742  0.577049  0.763242  0.290646  -0.816654  0.535096  0.216213  0.009500  -0.362123  0.932082  -0.064593  0.015482  0.075891  -0.690390  2.552916  -0.854140  1.000000  
37.721449 0.020107  -0.009688  -0.005642  0.578715  0.762756  0.288604  -0.815445  0.536100  0.218280  0.011774  -0.361662  0.932235  -0.064596  0.015631  0.076499  -0.670509  2.539991  -0.861420  1.000000  
37.722456 0.020043  -0.009673  -0.005564  0.580211  0.762294  0.286816  -0.814352  0.537068  0.219976  0.013647  -0.361201  0.932388  -0.064540  0.015764  0.076799  -0.659747  2.530894  -0.882221  1.000000  
37.723711 0.019963  -0.009652  -0.005466  0.582033  0.761686  0.284732  -0.813007  0.538166  0.222255  0.016055  -0.360849  0.932486  -0.064450  0.015852  0.076975  -0.639308  2.525990  -0.899939  1.000000  
