1-Time 2-Px 3-Py 4-Pz 5-R11 6-R21 7-R31 8-R12 9-R22 10-R32 11-R13 12-R23 13-R33 14-Vx 15-Vy 16-Vz 17-Wx 18-Wy 19-Wz 20-state
129.277086 0.000393  -0.010808  -0.002821  0.487955  0.779858  0.392073  -0.854209  0.334261  0.398241  0.179516  -0.529236  0.829266  0.001600  0.001457  0.000070  0.000000  0.000000  0.000000  1.000000  
129.278259 0.000396  -0.010805  -0.002821  0.487779  0.779927  0.392155  -0.854310  0.334101  0.398160  0.179516  -0.529236  0.829266  0.002353  0.003296  -0.000094  0.000000  0.000000  0.000000  1.000000  
129.279259 0.000400  -0.010799  -0.002820  0.487779  0.779927  0.392155  -0.854310  0.334101  0.398160  0.179516  -0.529236  0.829266  0.003178  0.004858  0.000830  0.000000  0.000000  0.000000  1.000000  
129.280507 0.000406  -0.010789  -0.002818  0.487603  0.779995  0.392237  -0.854410  0.333940  0.398079  0.179516  -0.529236  0.829266  0.003923  0.005997  0.001025  0.000000  0.000000  0.000000  1.000000  
129.281752 0.000411  -0.010781  -0.002816  0.487603  0.779995  0.392237  -0.854410  0.333940  0.398079  0.179516  -0.529236  0.829266  0.003806  0.006129  0.001129  0.000000  0.000000  0.000000  1.000000  
129.282752 0.000414  -0.010775  -0.002814  0.487428  0.780112  0.392225  -0.854511  0.333828  0.397958  0.179516  -0.529136  0.829331  0.003659  0.006030  0.001251  0.000000  0.000000  0.000000  1.000000  
129.284004 0.000418  -0.010767  -0.002812  0.487428  0.780159  0.392130  -0.854511  0.333876  0.397917  0.179516  -0.529035  0.829395  0.003593  0.006142  0.001393  0.000000  0.000000  0.000000  1.000000  
129.285252 0.000421  -0.010757  -0.002811  0.487252  0.780228  0.392212  -0.854611  0.333716  0.397837  0.179516  -0.529035  0.829395  0.003475  0.006442  0.001249  0.000000  0.000000  0.000000  1.000000  
129.286502 0.000424  -0.010748  -0.002811  0.487064  0.780332  0.392239  -0.854690  0.333494  0.397852  0.179648  -0.529022  0.829375  0.003278  0.006568  0.001149  0.000000  0.000000  0.000000  1.000000  
129.287754 0.000427  -0.010739  -0.002811  0.487064  0.780379  0.392144  -0.854690  0.333542  0.397812  0.179648  -0.528922  0.829439  0.003150  0.006640  0.000998  0.000000  0.000000  0.000000  1.000000  
129.288758 0.000429  -0.010731  -0.002809  0.486888  0.780448  0.392226  -0.854791  0.333381  0.397731  0.179648  -0.528922  0.829439  0.003044  0.006742  0.001035  0.000000  0.000000  0.000000  1.000000  
129.289769 0.000432  -0.010722  -0.002809  0.486888  0.780448  0.392226  -0.854791  0.333381  0.397731  0.179648  -0.528922  0.829439  0.003053  0.006872  0.001001  0.000000  0.000000  0.000000  1.000000  
129.291004 0.000435  -0.010710  -0.002807  0.486700  0.780552  0.392253  -0.854870  0.333159  0.397747  0.179779  -0.528909  0.829418  0.003045  0.007123  0.001009  0.000000  0.000000  0.000000  1.000000  
129.292009 0.000439  -0.010700  -0.002806  0.486700  0.780599  0.392158  -0.854870  0.333207  0.397706  0.179779  -0.528808  0.829483  0.003062  0.007336  0.001033  0.000000  0.000000  0.000000  1.000000  
129.293255 0.000445  -0.010685  -0.002805  0.486524  0.780668  0.392240  -0.854970  0.333046  0.397626  0.179779  -0.528808  0.829483  0.003257  0.008017  0.001107  0.000000  0.000000  0.000000  1.000000  
129.294504 0.000451  -0.010668  -0.002803  0.486360  0.780701  0.392377  -0.855091  0.332947  0.397448  0.179648  -0.528821  0.829503  0.003327  0.008608  0.001100  0.000000  0.000000  0.000000  1.000000  
129.295753 0.000457  -0.010652  -0.002801  0.486348  0.780784  0.392227  -0.855070  0.332934  0.397504  0.179779  -0.528708  0.829547  0.003356  0.009048  0.001122  0.000000  0.000000  0.000000  1.000000  
129.296754 0.000460  -0.010639  -0.002801  0.486172  0.780852  0.392309  -0.855170  0.332773  0.397424  0.179779  -0.528708  0.829547  0.003304  0.009534  0.001011  0.000000  0.000000  0.000000  1.000000  
129.298002 0.000464  -0.010624  -0.002800  0.486172  0.780900  0.392215  -0.855170  0.332821  0.397383  0.179779  -0.528607  0.829611  0.003323  0.010066  0.000954  0.000000  0.000000  0.000000  1.000000  
129.299002 0.000467  -0.010611  -0.002799  0.486172  0.780947  0.392120  -0.855170  0.332870  0.397343  0.179779  -0.528506  0.829675  0.003286  0.010421  0.000882  0.000000  0.000000  0.000000  1.000000  
129.300252 0.000472  -0.010593  -0.002797  0.486008  0.780981  0.392256  -0.855291  0.332770  0.397166  0.179648  -0.528519  0.829695  0.003366  0.010931  0.000953  0.000000  0.000000  0.000000  1.000000  
129.301254 0.000474  -0.010581  -0.002795  0.486008  0.781029  0.392162  -0.855291  0.332819  0.397125  0.179648  -0.528419  0.829759  0.003369  0.011309  0.001075  0.000000  0.000000  0.000000  1.000000  
129.302502 0.000475  -0.010566  -0.002791  0.485832  0.781145  0.392149  -0.855391  0.332706  0.397004  0.179648  -0.528318  0.829823  0.003313  0.011712  0.001309  0.000000  0.000000  0.000000  1.000000  
129.303506 0.000477  -0.010554  -0.002788  0.485832  0.781145  0.392149  -0.855391  0.332706  0.397004  0.179648  -0.528318  0.829823  0.003282  0.012017  0.001413  0.000000  0.000000  0.000000  1.000000  
129.304757 0.000480  -0.010536  -0.002786  0.485832  0.781192  0.392054  -0.855391  0.332754  0.396964  0.179648  -0.528217  0.829888  0.003250  0.012403  0.001514  0.000000  0.000000  0.000000  1.000000  
129.306005 0.000485  -0.010518  -0.002783  0.485832  0.781240  0.391959  -0.855391  0.332802  0.396924  0.179648  -0.528117  0.829952  0.003271  0.012908  0.001642  0.000000  0.000000  0.000000  1.000000  
129.307008 0.000489  -0.010503  -0.002781  0.485832  0.781240  0.391959  -0.855391  0.332802  0.396924  0.179648  -0.528117  0.829952  0.003357  0.013139  0.001634  0.000000  0.000000  0.000000  1.000000  
129.308009 0.000493  -0.010489  -0.002781  0.485832  0.781240  0.391959  -0.855391  0.332802  0.396924  0.179648  -0.528117  0.829952  0.003244  0.013278  0.001614  0.000000  0.000000  0.000000  1.000000  
129.309257 0.000496  -0.010471  -0.002779  0.485832  0.781287  0.391864  -0.855391  0.332850  0.396883  0.179648  -0.528016  0.830016  0.003084  0.013326  0.001619  0.000000  0.000000  0.000000  1.000000  
129.310258 0.000499  -0.010457  -0.002779  0.485832  0.781287  0.391864  -0.855391  0.332850  0.396883  0.179648  -0.528016  0.830016  0.002957  0.013400  0.001543  0.000000  0.000000  0.000000  1.000000  
129.311502 0.000501  -0.010441  -0.002778  0.485843  0.781300  0.391825  -0.855412  0.332960  0.396746  0.179516  -0.527928  0.830100  0.002798  0.013447  0.001519  0.000000  0.000000  0.000000  1.000000  
129.312502 0.000503  -0.010428  -0.002777  0.485843  0.781300  0.391825  -0.855412  0.332960  0.396746  0.179516  -0.527928  0.830100  0.002683  0.013450  0.001552  0.000000  0.000000  0.000000  1.000000  
129.313754 0.000505  -0.010412  -0.002776  0.485843  0.781348  0.391730  -0.855412  0.333008  0.396706  0.179516  -0.527827  0.830164  0.002567  0.013442  0.001555  0.000000  0.000000  0.000000  1.000000  
129.314756 0.000505  -0.010400  -0.002773  0.485843  0.781348  0.391730  -0.855412  0.333008  0.396706  0.179516  -0.527827  0.830164  0.002354  0.013295  0.001587  0.000000  0.000000  0.000000  1.000000  
129.316004 0.000505  -0.010385  -0.002771  0.486020  0.781326  0.391553  -0.855312  0.333217  0.396746  0.179516  -0.527727  0.830228  0.002115  0.013275  0.001622  0.000000  0.000000  0.000000  1.000000  
129.317252 0.000505  -0.010370  -0.002767  0.486020  0.781326  0.391553  -0.855312  0.333217  0.396746  0.179516  -0.527727  0.830228  0.002000  0.013269  0.001625  0.000000  0.000000  0.000000  1.000000  
129.318502 0.000506  -0.010355  -0.002765  0.486031  0.781339  0.391513  -0.855333  0.333326  0.396609  0.179384  -0.527639  0.830312  0.001915  0.013247  0.001547  0.000000  0.000000  0.000000  1.000000  
129.319753 0.000508  -0.010338  -0.002763  0.486031  0.781387  0.391419  -0.855333  0.333375  0.396569  0.179384  -0.527538  0.830376  0.001865  0.013237  0.001523  0.000000  0.000000  0.000000  1.000000  
129.320755 0.000511  -0.010324  -0.002761  0.486207  0.781318  0.391337  -0.855233  0.333535  0.396649  0.179384  -0.527538  0.830376  0.001746  0.013152  0.001477  0.000000  0.000000  0.000000  1.000000  
129.321757 0.000513  -0.010310  -0.002758  0.486207  0.781365  0.391242  -0.855233  0.333584  0.396609  0.179384  -0.527437  0.830440  0.001649  0.013149  0.001608  0.000000  0.000000  0.000000  1.000000  
129.323011 0.000514  -0.010293  -0.002756  0.486207  0.781365  0.391242  -0.855233  0.333584  0.396609  0.179384  -0.527437  0.830440  0.001426  0.013030  0.001670  0.000000  0.000000  0.000000  1.000000  
129.324256 0.000515  -0.010278  -0.002752  0.486395  0.781309  0.391121  -0.855154  0.333854  0.396552  0.179253  -0.527350  0.830524  0.001262  0.012903  0.001774  0.000000  0.000000  0.000000  1.000000  
129.325258 0.000517  -0.010265  -0.002750  0.486395  0.781357  0.391026  -0.855154  0.333902  0.396512  0.179253  -0.527249  0.830588  0.001192  0.012841  0.001931  0.000000  0.000000  0.000000  1.000000  
129.326506 0.000517  -0.010250  -0.002746  0.486395  0.781357  0.391026  -0.855154  0.333902  0.396512  0.179253  -0.527249  0.830588  0.001026  0.012714  0.002128  0.000000  0.000000  0.000000  1.000000  
129.327755 0.000517  -0.010236  -0.002743  0.486583  0.781300  0.390905  -0.855074  0.334172  0.396455  0.179121  -0.527161  0.830673  0.000886  0.012594  0.002290  0.000000  0.000000  0.000000  1.000000  
129.328760 0.000516  -0.010224  -0.002740  0.486583  0.781348  0.390810  -0.855074  0.334220  0.396415  0.179121  -0.527060  0.830737  0.000785  0.012562  0.002397  0.000000  0.000000  0.000000  1.000000  
129.330003 0.000516  -0.010210  -0.002736  0.486759  0.781279  0.390728  -0.854974  0.334381  0.396495  0.179121  -0.527060  0.830737  0.000765  0.012523  0.002425  0.000000  0.000000  0.000000  1.000000  
129.331006 0.000517  -0.010198  -0.002734  0.486771  0.781292  0.390688  -0.854995  0.334491  0.396358  0.178989  -0.526972  0.830821  0.000829  0.012514  0.002397  0.000000  0.000000  0.000000  1.000000  
129.332252 0.000519  -0.010182  -0.002731  0.486771  0.781339  0.390594  -0.854995  0.334539  0.396317  0.178989  -0.526871  0.830885  0.000976  0.012549  0.002471  0.000000  0.000000  0.000000  1.000000  
129.333253 0.000521  -0.010169  -0.002729  0.486959  0.781282  0.390472  -0.854916  0.334809  0.396260  0.178858  -0.526783  0.830969  0.001043  0.012609  0.002469  0.000000  0.000000  0.000000  1.000000  
129.334503 0.000524  -0.010152  -0.002726  0.486971  0.781295  0.390433  -0.854936  0.334918  0.396123  0.178726  -0.526695  0.831053  0.001027  0.012626  0.002522  0.000000  0.000000  0.000000  1.000000  
129.335754 0.000527  -0.010134  -0.002722  0.487159  0.781238  0.390311  -0.854857  0.335188  0.396066  0.178595  -0.526607  0.831137  0.001053  0.012629  0.002632  0.000000  0.000000  0.000000  1.000000  
129.337006 0.000528  -0.010117  -0.002717  0.487335  0.781217  0.390135  -0.854757  0.335397  0.396106  0.178595  -0.526507  0.831201  0.001037  0.012599  0.002783  0.000000  0.000000  0.000000  1.000000  
129.338252 0.000530  -0.010101  -0.002711  0.487347  0.781276  0.390001  -0.854777  0.335554  0.395928  0.178463  -0.526318  0.831349  0.001049  0.012637  0.002944  0.000000  0.000000  0.000000  1.000000  
129.339253 0.000531  -0.010088  -0.002706  0.487534  0.781220  0.389879  -0.854698  0.335824  0.395871  0.178331  -0.526230  0.831433  0.001065  0.012664  0.003068  0.000000  0.000000  0.000000  1.000000  
129.340262 0.000532  -0.010075  -0.002702  0.487546  0.781232  0.389840  -0.854718  0.335933  0.395734  0.178200  -0.526142  0.831517  0.001019  0.012664  0.003173  0.000000  0.000000  0.000000  1.000000  
129.341508 0.000533  -0.010058  -0.002696  0.487734  0.781223  0.389624  -0.854639  0.336251  0.395636  0.178068  -0.525953  0.831664  0.001059  0.012823  0.003303  0.000000  0.000000  0.000000  1.000000  
129.342755 0.000533  -0.010041  -0.002692  0.487922  0.781213  0.389408  -0.854559  0.336569  0.395537  0.177936  -0.525764  0.831812  0.001063  0.012983  0.003399  0.000000  0.000000  0.000000  1.000000  
129.343762 0.000534  -0.010028  -0.002688  0.487922  0.781260  0.389313  -0.854559  0.336617  0.395497  0.177936  -0.525663  0.831876  0.001190  0.013139  0.003426  0.000000  0.000000  0.000000  1.000000  
129.345003 0.000535  -0.010010  -0.002682  0.488121  0.781216  0.389153  -0.854500  0.336996  0.395302  0.177673  -0.525486  0.832044  0.001269  0.013275  0.003596  0.000000  0.000000  0.000000  1.000000  
129.346004 0.000537  -0.009996  -0.002678  0.488309  0.781206  0.388937  -0.854420  0.337314  0.395203  0.177541  -0.525297  0.832191  0.001294  0.013442  0.003775  0.000000  0.000000  0.000000  1.000000  
129.347253 0.000539  -0.009976  -0.002673  0.488497  0.781196  0.388722  -0.854340  0.337632  0.395105  0.177410  -0.525108  0.832339  0.001302  0.013745  0.003916  0.000000  0.000000  0.000000  1.000000  
129.348502 0.000541  -0.009957  -0.002667  0.488520  0.781267  0.388548  -0.854381  0.337897  0.394789  0.177146  -0.524830  0.832570  0.001262  0.013922  0.004125  0.000000  0.000000  0.000000  1.000000  
129.349503 0.000542  -0.009942  -0.002662  0.488708  0.781210  0.388427  -0.854301  0.338167  0.394731  0.177015  -0.524742  0.832654  0.001243  0.014016  0.004234  0.000000  0.000000  0.000000  1.000000  
129.350503 0.000544  -0.009926  -0.002658  0.488895  0.781200  0.388212  -0.854221  0.338484  0.394632  0.176883  -0.524552  0.832801  0.001155  0.014102  0.004362  0.000000  0.000000  0.000000  1.000000  
129.351753 0.000545  -0.009907  -0.002651  0.489095  0.781202  0.387957  -0.854162  0.338911  0.394395  0.176619  -0.524275  0.833032  0.001138  0.014193  0.004466  0.000000  0.000000  0.000000  1.000000  
129.352753 0.000546  -0.009892  -0.002647  0.489118  0.781226  0.387878  -0.854203  0.339128  0.394120  0.176356  -0.524098  0.833199  0.001066  0.014342  0.004441  0.000000  0.000000  0.000000  1.000000  
129.354002 0.000546  -0.009873  -0.002641  0.489493  0.781158  0.387543  -0.854042  0.339715  0.393962  0.176093  -0.523819  0.833429  0.000998  0.014554  0.004441  -0.173176  -0.032790  -0.148539  1.000000  
129.355007 0.000546  -0.009858  -0.002637  0.489505  0.781264  0.387314  -0.854062  0.339919  0.393742  0.175961  -0.523529  0.833640  0.000924  0.014662  0.004397  -0.181261  -0.036598  -0.150918  1.000000  
129.356257 0.000546  -0.009838  -0.002631  0.489704  0.781265  0.387059  -0.854002  0.340344  0.393504  0.175697  -0.523250  0.833870  0.000887  0.014879  0.004441  -0.196187  -0.040895  -0.162707  1.000000  
129.357259 0.000546  -0.009823  -0.002626  0.489728  0.781289  0.386981  -0.854043  0.340561  0.393228  0.175434  -0.523073  0.834037  0.000878  0.015019  0.004543  -0.198992  -0.052156  -0.161717  1.000000  
129.358263 0.000546  -0.009808  -0.002621  0.489915  0.781325  0.386671  -0.853963  0.340926  0.393087  0.175302  -0.522782  0.834247  0.000884  0.015143  0.004593  -0.212406  -0.048546  -0.167448  1.000000  
129.359509 0.000546  -0.009788  -0.002612  0.490114  0.781326  0.386417  -0.853902  0.341351  0.392849  0.175039  -0.522503  0.834477  0.000794  0.015309  0.004778  -0.220599  -0.056207  -0.172278  1.000000  
129.360753 0.000547  -0.009767  -0.002605  0.490149  0.781362  0.386299  -0.853963  0.341676  0.392434  0.174644  -0.522237  0.834727  0.000723  0.015523  0.004935  -0.226833  -0.063328  -0.175600  1.000000  
129.362005 0.000548  -0.009745  -0.002598  0.490348  0.781409  0.385951  -0.853903  0.342148  0.392154  0.174380  -0.521856  0.835019  0.000648  0.015667  0.005066  -0.242157  -0.067891  -0.187599  1.000000  
129.363005 0.000548  -0.009728  -0.002591  0.490371  0.781480  0.385778  -0.853943  0.342412  0.391835  0.174117  -0.521577  0.835249  0.000558  0.015831  0.005249  -0.249068  -0.075368  -0.184219  1.000000  
129.364253 0.000548  -0.009706  -0.002582  0.490570  0.781527  0.385429  -0.853883  0.342884  0.391555  0.173853  -0.521196  0.835541  0.000399  0.015939  0.005436  -0.262515  -0.075609  -0.192374  1.000000  
129.365503 0.000547  -0.009685  -0.002575  0.490605  0.781610  0.385217  -0.853943  0.343255  0.391097  0.173458  -0.520828  0.835853  0.000256  0.016092  0.005500  -0.273502  -0.086907  -0.191379  1.000000  
129.366752 0.000546  -0.009664  -0.002567  0.490804  0.781657  0.384869  -0.853882  0.343726  0.390816  0.173194  -0.520447  0.836145  0.000070  0.016232  0.005632  -0.284540  -0.090199  -0.200221  1.000000  
129.367753 0.000545  -0.009647  -0.002560  0.490827  0.781774  0.384601  -0.853923  0.344037  0.390455  0.172931  -0.520065  0.836437  -0.000037  0.016450  0.005817  -0.295437  -0.097625  -0.196844  1.000000  
129.369003 0.000544  -0.009625  -0.002552  0.491037  0.781786  0.384309  -0.853882  0.344568  0.390076  0.172535  -0.519696  0.836748  -0.000108  0.016563  0.005938  -0.306041  -0.106135  -0.203244  1.000000  
129.370004 0.000542  -0.009608  -0.002545  0.491236  0.781832  0.383961  -0.853820  0.345038  0.389794  0.172272  -0.519314  0.837039  -0.000248  0.016644  0.006125  -0.317064  -0.109370  -0.212154  1.000000  
129.371006 0.000542  -0.009591  -0.002538  0.491259  0.781949  0.383693  -0.853860  0.345348  0.389432  0.172008  -0.518933  0.837330  -0.000312  0.016784  0.006308  -0.326401  -0.117708  -0.210347  1.000000  
129.372252 0.000541  -0.009569  -0.002528  0.491469  0.782006  0.383307  -0.853819  0.345925  0.389010  0.171613  -0.518461  0.837704  -0.000348  0.016945  0.006562  -0.341059  -0.120791  -0.219038  1.000000  
129.373262 0.000541  -0.009552  -0.002519  0.491668  0.782005  0.383054  -0.853758  0.346348  0.388769  0.171349  -0.518180  0.837931  -0.000359  0.017074  0.006814  -0.347886  -0.125652  -0.223171  1.000000  
129.374504 0.000541  -0.009530  -0.002508  0.491878  0.782062  0.382667  -0.853716  0.346925  0.388346  0.170954  -0.517708  0.838304  -0.000385  0.017236  0.006969  -0.360164  -0.133402  -0.227938  1.000000  
129.375510 0.000540  -0.009512  -0.002500  0.492088  0.782073  0.382376  -0.853674  0.347454  0.387964  0.170558  -0.517337  0.838613  -0.000454  0.017310  0.007136  -0.369372  -0.137461  -0.238362  1.000000  
129.376758 0.000541  -0.009489  -0.002490  0.492298  0.782083  0.382085  -0.853632  0.347983  0.387583  0.170163  -0.516966  0.838922  -0.000503  0.017362  0.007294  -0.377495  -0.141365  -0.240706  1.000000  
129.378006 0.000540  -0.009467  -0.002479  0.492508  0.782139  0.381699  -0.853590  0.348559  0.387158  0.169767  -0.516493  0.839294  -0.000503  0.017419  0.007475  -0.389721  -0.149109  -0.245426  1.000000  
129.379254 0.000539  -0.009446  -0.002468  0.492893  0.782123  0.381234  -0.853446  0.349295  0.386812  0.169371  -0.516019  0.839665  -0.000575  0.017359  0.007633  -0.403124  -0.149433  -0.253543  1.000000  
129.380504 0.000537  -0.009425  -0.002456  0.493103  0.782225  0.380754  -0.853403  0.349917  0.386344  0.168976  -0.515444  0.840098  -0.000678  0.017329  0.007896  -0.415452  -0.153439  -0.255930  1.000000  
129.381752 0.000535  -0.009405  -0.002445  0.493499  0.782174  0.380345  -0.853278  0.350712  0.385899  0.168448  -0.514981  0.840488  -0.000735  0.017255  0.008161  -0.425144  -0.160022  -0.266470  1.000000  
129.382753 0.000533  -0.009388  -0.002435  0.493709  0.782182  0.380056  -0.853235  0.351239  0.385515  0.168053  -0.514609  0.840795  -0.000772  0.017276  0.008329  -0.434363  -0.160340  -0.274514  1.000000  
129.384008 0.000532  -0.009367  -0.002422  0.494105  0.782176  0.379553  -0.853109  0.352079  0.385026  0.167525  -0.514044  0.841246  -0.000773  0.017262  0.008727  -0.445989  -0.169451  -0.281395  1.000000  
129.385252 0.000530  -0.009345  -0.002409  0.494501  0.782169  0.379051  -0.852983  0.352919  0.384536  0.166997  -0.513478  0.841696  -0.000845  0.017270  0.008972  -0.460651  -0.170116  -0.297714  1.000000  
129.386253 0.000529  -0.009328  -0.002398  0.494711  0.782223  0.378667  -0.852939  0.353492  0.384107  0.166602  -0.513002  0.842065  -0.000848  0.017293  0.009242  -0.468973  -0.176435  -0.299907  1.000000  
129.387259 0.000528  -0.009310  -0.002387  0.495095  0.782157  0.378299  -0.852793  0.354178  0.383799  0.166206  -0.512628  0.842370  -0.000849  0.017252  0.009377  -0.479257  -0.174684  -0.316298  1.000000  
129.388505 0.000527  -0.009289  -0.002373  0.495502  0.782114  0.377855  -0.852685  0.355076  0.383209  0.165546  -0.512073  0.842838  -0.000923  0.017197  0.009586  -0.492589  -0.181233  -0.326416  1.000000  
129.389510 0.000526  -0.009272  -0.002362  0.495711  0.782167  0.377472  -0.852641  0.355647  0.382779  0.165150  -0.511596  0.843205  -0.001008  0.017154  0.009749  -0.500650  -0.186724  -0.331366  1.000000  
129.390759 0.000525  -0.009250  -0.002348  0.496293  0.782095  0.376856  -0.852430  0.356750  0.382221  0.164490  -0.510937  0.843734  -0.001047  0.017125  0.009987  -0.520272  -0.187640  -0.355679  1.000000  
129.391760 0.000524  -0.009234  -0.002337  0.496864  0.781966  0.376373  -0.852199  0.357701  0.381847  0.163962  -0.510470  0.844119  -0.001136  0.017005  0.010164  -0.530707  -0.188333  -0.371945  1.000000  
129.393006 0.000522  -0.009213  -0.002322  0.497456  0.781903  0.375720  -0.852005  0.358908  0.381146  0.163170  -0.509719  0.844726  -0.001258  0.016930  0.010454  -0.554463  -0.193192  -0.398677  1.000000  
129.394253 0.000519  -0.009192  -0.002307  0.497873  0.781867  0.375241  -0.851913  0.359906  0.380410  0.162378  -0.509069  0.845270  -0.001356  0.016905  0.010744  -0.567770  -0.201403  -0.411477  1.000000  
129.395255 0.000517  -0.009176  -0.002294  0.498267  0.781809  0.374839  -0.851783  0.360694  0.379955  0.161850  -0.508601  0.845653  -0.001415  0.016885  0.011004  -0.574066  -0.202165  -0.427711  1.000000  
129.396504 0.000513  -0.009156  -0.002278  0.498859  0.781743  0.374189  -0.851587  0.361897  0.379250  0.161058  -0.507847  0.846258  -0.001469  0.016867  0.011290  -0.592570  -0.210705  -0.448626  1.000000  
129.397753 0.000510  -0.009137  -0.002263  0.499461  0.781642  0.373598  -0.851408  0.363157  0.378445  0.160134  -0.507103  0.846879  -0.001550  0.016760  0.011487  -0.607101  -0.217731  -0.473728  1.000000  
129.398753 0.000507  -0.009121  -0.002251  0.499865  0.781637  0.373065  -0.851295  0.364093  0.377801  0.159473  -0.506438  0.847401  -0.001684  0.016630  0.011585  -0.625417  -0.223993  -0.488086  1.000000  
129.399754 0.000505  -0.009105  -0.002238  0.500445  0.781557  0.372456  -0.851078  0.365188  0.377233  0.158813  -0.505773  0.847922  -0.001724  0.016525  0.011789  -0.639804  -0.228741  -0.506636  1.000000  
129.400755 0.000502  -0.009090  -0.002225  0.500849  0.781551  0.371925  -0.850963  0.366121  0.376586  0.158152  -0.505107  0.848443  -0.001829  0.016436  0.011868  -0.654192  -0.233517  -0.525192  1.000000  
129.402002 0.000500  -0.009070  -0.002211  0.501274  0.781566  0.371320  -0.850884  0.367261  0.375654  0.157227  -0.504256  0.849120  -0.001889  0.016305  0.011954  -0.671399  -0.245781  -0.540174  1.000000  
129.403051 0.000497  -0.009054  -0.002199  0.501853  0.781483  0.370713  -0.850665  0.368353  0.375082  0.156567  -0.503588  0.849639  -0.002035  0.016145  0.011964  -0.688909  -0.250234  -0.557978  1.000000  
129.404253 0.000494  -0.009035  -0.002184  0.502278  0.781496  0.370110  -0.850584  0.369489  0.374146  0.155642  -0.502735  0.850314  -0.002131  0.016060  0.012060  -0.705372  -0.264544  -0.571363  1.000000  
129.405253 0.000491  -0.009020  -0.002172  0.502681  0.781531  0.369487  -0.850466  0.370463  0.373449  0.154981  -0.501962  0.850891  -0.002303  0.015929  0.012151  -0.722441  -0.269070  -0.581577  1.000000  
129.406258 0.000487  -0.009006  -0.002160  0.503094  0.781532  0.368923  -0.850366  0.371493  0.372653  0.154187  -0.501199  0.851484  -0.002519  0.015761  0.012197  -0.745538  -0.279704  -0.598960  1.000000  
129.407263 0.000484  -0.008991  -0.002147  0.503497  0.781610  0.368207  -0.850247  0.372510  0.371908  0.153526  -0.500322  0.852120  -0.002647  0.015647  0.012270  -0.766624  -0.288112  -0.611374  1.000000  
129.408509 0.000477  -0.008973  -0.002130  0.503930  0.781675  0.367476  -0.850181  0.373787  0.370777  0.152469  -0.499267  0.852928  -0.002904  0.015463  0.012409  -0.792106  -0.300671  -0.626417  1.000000  
129.409760 0.000471  -0.008953  -0.002115  0.504353  0.781728  0.366783  -0.850096  0.374960  0.369786  0.151543  -0.498304  0.853656  -0.003087  0.015395  0.012408  -0.812170  -0.316628  -0.635372  1.000000  
129.411006 0.000466  -0.008935  -0.002098  0.504775  0.781868  0.365902  -0.850010  0.376220  0.368703  0.150617  -0.497132  0.854502  -0.003261  0.015254  0.012493  -0.837501  -0.329249  -0.650170  1.000000  
129.412007 0.000461  -0.008920  -0.002084  0.505197  0.781830  0.365400  -0.849923  0.377300  0.367799  0.149691  -0.496373  0.855106  -0.003395  0.015201  0.012521  -0.853548  -0.345151  -0.659182  1.000000  
129.413253 0.000455  -0.008902  -0.002068  0.505618  0.781924  0.364615  -0.849835  0.378511  0.366757  0.148765  -0.495302  0.855889  -0.003598  0.015096  0.012554  -0.871648  -0.354807  -0.668438  1.000000  
129.414253 0.000450  -0.008887  -0.002055  0.505854  0.782041  0.364038  -0.849833  0.379413  0.365827  0.147971  -0.494427  0.856532  -0.003778  0.015096  0.012582  -0.889835  -0.369599  -0.672474  1.000000  
129.415503 0.000444  -0.008867  -0.002037  0.506100  0.782211  0.363330  -0.849848  0.380459  0.364706  0.147045  -0.493352  0.857311  -0.003960  0.015095  0.012768  -0.908844  -0.385360  -0.673127  1.000000  
129.416753 0.000438  -0.008849  -0.002019  0.506520  0.782302  0.362547  -0.849757  0.381663  0.363656  0.146118  -0.492276  0.858087  -0.004160  0.014999  0.012915  -0.930605  -0.394735  -0.682279  1.000000  
129.417753 0.000433  -0.008835  -0.002004  0.506745  0.782495  0.361817  -0.849736  0.382548  0.362774  0.145456  -0.491283  0.858768  -0.004377  0.014907  0.013153  -0.949311  -0.402536  -0.678227  1.000000  
129.418755 0.000427  -0.008821  -0.001989  0.507144  0.782563  0.361108  -0.849611  0.383548  0.362011  0.144795  -0.490394  0.859388  -0.004546  0.014755  0.013383  -0.969224  -0.410370  -0.685825  1.000000  
129.419757 0.000422  -0.008808  -0.001974  0.507379  0.782676  0.360533  -0.849606  0.384441  0.361074  0.144000  -0.489513  0.860024  -0.004727  0.014644  0.013690  -0.986056  -0.419020  -0.690616  1.000000  
129.421002 0.000414  -0.008792  -0.001954  0.507623  0.782843  0.359828  -0.849617  0.385476  0.359943  0.143073  -0.488431  0.860793  -0.004967  0.014482  0.013928  -0.999184  -0.434352  -0.679193  1.000000  
129.422003 0.000408  -0.008780  -0.001938  0.507847  0.782988  0.359195  -0.849595  0.386310  0.359101  0.142411  -0.487538  0.861409  -0.005125  0.014326  0.014118  -1.010202  -0.442298  -0.675332  1.000000  
129.423011 0.000401  -0.008768  -0.001922  0.508070  0.783133  0.358562  -0.849572  0.387143  0.358258  0.141749  -0.486644  0.862024  -0.005248  0.014119  0.014342  -1.023914  -0.449423  -0.666161  1.000000  
129.424279 0.000393  -0.008753  -0.001903  0.508488  0.783218  0.357784  -0.849476  0.388333  0.357195  0.140822  -0.485558  0.862787  -0.005375  0.013846  0.014566  -1.038103  -0.457119  -0.661576  1.000000  
129.425507 0.000386  -0.008738  -0.001883  0.508905  0.783301  0.357008  -0.849379  0.389521  0.356129  0.139894  -0.484471  0.863549  -0.005529  0.013615  0.014847  -1.054920  -0.462064  -0.663891  1.000000  
129.426509 0.000380  -0.008726  -0.001866  0.509128  0.783487  0.356281  -0.849355  0.390392  0.355234  0.139232  -0.483469  0.864218  -0.005542  0.013416  0.015078  -1.069837  -0.466068  -0.657479  1.000000  
129.427754 0.000372  -0.008712  -0.001844  0.509535  0.783602  0.355447  -0.849240  0.391520  0.354264  0.138437  -0.482370  0.864959  -0.005681  0.013090  0.015426  -1.076839  -0.470335  -0.651118  1.000000  
129.428755 0.000366  -0.008701  -0.001825  0.509757  0.783700  0.354912  -0.849215  0.392301  0.353460  0.137774  -0.481575  0.865508  -0.005744  0.012876  0.015785  -1.082699  -0.477701  -0.638882  1.000000  
129.430002 0.000359  -0.008687  -0.001800  0.510173  0.783779  0.354138  -0.849115  0.393481  0.352387  0.136847  -0.480482  0.866262  -0.005837  0.012583  0.016293  -1.089717  -0.485837  -0.634741  1.000000  
129.431003 0.000353  -0.008676  -0.001779  0.510395  0.783919  0.353508  -0.849088  0.394302  0.351533  0.136184  -0.479580  0.866866  -0.005941  0.012288  0.016711  -1.096617  -0.485938  -0.626117  1.000000  
129.432009 0.000346  -0.008666  -0.001758  0.510792  0.783934  0.352902  -0.848956  0.395240  0.350798  0.135521  -0.478783  0.867410  -0.006056  0.011891  0.017164  -1.096106  -0.486393  -0.625495  1.000000  
129.433253 0.000338  -0.008655  -0.001731  0.511197  0.784043  0.352071  -0.848838  0.396359  0.349818  0.134726  -0.477677  0.868144  -0.006183  0.011541  0.017771  -1.103313  -0.486764  -0.616945  1.000000  
129.434503 0.000329  -0.008644  -0.001702  0.511602  0.784109  0.351336  -0.848720  0.397434  0.348884  0.133930  -0.476676  0.868817  -0.006282  0.011090  0.018402  -1.106785  -0.487530  -0.613959  1.000000  
129.435753 0.000320  -0.008634  -0.001674  0.512007  0.784216  0.350507  -0.848601  0.398549  0.347900  0.133135  -0.475568  0.869546  -0.006350  0.010805  0.018962  -1.109969  -0.483785  -0.605435  1.000000  
129.436758 0.000313  -0.008626  -0.001650  0.512228  0.784309  0.349975  -0.848572  0.399320  0.347087  0.132472  -0.474766  0.870085  -0.006442  0.010415  0.019535  -1.104682  -0.484209  -0.602223  1.000000  
129.438003 0.000303  -0.008617  -0.001619  0.512632  0.784414  0.349147  -0.848452  0.400431  0.346099  0.131676  -0.473656  0.870811  -0.006568  0.010076  0.020200  -1.108704  -0.481172  -0.599566  1.000000  
129.439253 0.000294  -0.008607  -0.001587  0.513045  0.784485  0.348380  -0.848346  0.401594  0.345009  0.130747  -0.472552  0.871550  -0.006638  0.009727  0.021095  -1.108311  -0.481898  -0.598889  1.000000  
129.440257 0.000286  -0.008601  -0.001561  0.513439  0.784536  0.347684  -0.848209  0.402564  0.344215  0.130084  -0.471642  0.872142  -0.006776  0.009292  0.021805  -1.109017  -0.478723  -0.598835  1.000000  
129.441260 0.000278  -0.008593  -0.001534  0.513842  0.784511  0.347143  -0.848087  0.403544  0.343368  0.129288  -0.470844  0.872691  -0.006912  0.009017  0.022481  -1.104571  -0.479264  -0.598295  1.000000  
129.442508 0.000268  -0.008584  -0.001499  0.514254  0.784579  0.346379  -0.847978  0.404701  0.342272  0.128359  -0.469737  0.873425  -0.007069  0.008690  0.023334  -1.104231  -0.476093  -0.595470  1.000000  
129.443757 0.000258  -0.008575  -0.001464  0.514665  0.784646  0.345616  -0.847869  0.405856  0.341174  0.127430  -0.468628  0.874157  -0.007279  0.008291  0.024139  -1.103969  -0.472950  -0.592696  1.000000  
129.445002 0.000246  -0.008567  -0.001428  0.515067  0.784702  0.344889  -0.847744  0.406914  0.340223  0.126634  -0.467615  0.874814  -0.007516  0.007993  0.024771  -1.099740  -0.470357  -0.595457  1.000000  
129.446003 0.000237  -0.008561  -0.001398  0.515286  0.784832  0.344266  -0.847710  0.407713  0.339349  0.125970  -0.466699  0.875399  -0.007737  0.007682  0.025501  -1.099746  -0.471080  -0.595076  1.000000  
129.447252 0.000224  -0.008552  -0.001361  0.515696  0.784854  0.343601  -0.847598  0.408820  0.338295  0.125041  -0.465692  0.876068  -0.008055  0.007409  0.026208  -1.095220  -0.471729  -0.594395  1.000000  
129.448255 0.000214  -0.008546  -0.001330  0.516088  0.784857  0.343005  -0.847457  0.409737  0.337538  0.124377  -0.464881  0.876593  -0.008234  0.007255  0.026755  -1.092793  -0.465140  -0.600485  1.000000  
129.449502 0.000201  -0.008538  -0.001292  0.516497  0.784878  0.342341  -0.847344  0.410841  0.336480  0.123448  -0.463872  0.877259  -0.008559  0.007091  0.027385  -1.084612  -0.466032  -0.600038  1.000000  
129.450503 0.000191  -0.008531  -0.001260  0.516715  0.785005  0.341721  -0.847308  0.411634  0.335600  0.122784  -0.462952  0.877838  -0.008772  0.006944  0.028029  -1.084323  -0.466636  -0.599505  1.000000  
129.451753 0.000176  -0.008523  -0.001219  0.517115  0.785015  0.341093  -0.847179  0.412640  0.334689  0.121987  -0.462039  0.878430  -0.009105  0.006867  0.028723  -1.075978  -0.460131  -0.600016  1.000000  
129.452760 0.000165  -0.008516  -0.001186  0.517331  0.785099  0.340569  -0.847142  0.413389  0.333857  0.121323  -0.461225  0.878950  -0.009363  0.006826  0.029391  -1.072508  -0.460706  -0.602368  1.000000  
129.454002 0.000151  -0.008507  -0.001144  0.517739  0.785117  0.339909  -0.847025  0.414485  0.332792  0.120394  -0.460211  0.879609  -0.009634  0.006829  0.029963  -1.067414  -0.461487  -0.599019  1.000000  
129.455008 0.000139  -0.008499  -0.001110  0.517956  0.785200  0.339385  -0.846987  0.415232  0.331957  0.119729  -0.459394  0.880126  -0.009905  0.006849  0.030544  -1.063159  -0.462088  -0.598562  1.000000  
129.456008 0.000127  -0.008492  -0.001076  0.518172  0.785325  0.338767  -0.846948  0.416017  0.331071  0.119065  -0.458470  0.880698  -0.010222  0.006866  0.031093  -1.062673  -0.461980  -0.592672  1.000000  
129.457011 0.000115  -0.008484  -0.001041  0.518387  0.785408  0.338245  -0.846909  0.416761  0.330234  0.118401  -0.457652  0.881213  -0.010483  0.006946  0.031524  -1.058252  -0.462516  -0.592139  1.000000  
129.458261 0.000100  -0.008473  -0.000998  0.518786  0.785495  0.337430  -0.846777  0.417837  0.329213  0.117604  -0.456519  0.881907  -0.010774  0.007125  0.032085  -1.057945  -0.463262  -0.591513  1.000000  
129.459506 0.000085  -0.008462  -0.000955  0.519009  0.785667  0.336685  -0.846750  0.418750  0.328120  0.116807  -0.455385  0.882599  -0.011106  0.007215  0.032555  -1.057852  -0.464102  -0.591005  1.000000  
129.460507 0.000072  -0.008454  -0.000920  0.519390  0.785694  0.336034  -0.846590  0.419599  0.327449  0.116275  -0.454557  0.883096  -0.011333  0.007328  0.032909  -1.053535  -0.456748  -0.586290  1.000000  
129.461753 0.000055  -0.008443  -0.000876  0.519613  0.785865  0.335289  -0.846562  0.420508  0.326353  0.115478  -0.453421  0.883784  -0.011644  0.007530  0.033380  -1.056835  -0.460851  -0.579859  1.000000  
129.463004 0.000039  -0.008431  -0.000832  0.520010  0.785948  0.334478  -0.846427  0.421576  0.325324  0.114680  -0.452283  0.884471  -0.011897  0.007749  0.033750  -1.056317  -0.461488  -0.579116  1.000000  
129.464253 0.000022  -0.008420  -0.000788  0.520224  0.786148  0.333672  -0.846385  0.422428  0.324326  0.114016  -0.451137  0.885142  -0.012113  0.007985  0.034139  -1.059370  -0.461470  -0.570406  1.000000  
129.465502 0.000006  -0.008407  -0.000742  0.520613  0.786261  0.332800  -0.846235  0.423441  0.323394  0.113351  -0.449990  0.885810  -0.012316  0.008270  0.034512  -1.059172  -0.458246  -0.567723  1.000000  
129.466503 -0.000007  -0.008397  -0.000706  0.520819  0.786370  0.332219  -0.846180  0.424121  0.322647  0.112819  -0.449158  0.886301  -0.012454  0.008544  0.034800  -1.059177  -0.454883  -0.565298  1.000000  
129.467753 -0.000023  -0.008384  -0.000660  0.521206  0.786481  0.331348  -0.846029  0.425130  0.321712  0.112154  -0.448009  0.886966  -0.012551  0.008784  0.035068  -1.058773  -0.451559  -0.562522  1.000000  
129.469003 -0.000039  -0.008370  -0.000614  0.521602  0.786519  0.330636  -0.845891  0.426150  0.320726  0.111357  -0.446973  0.887589  -0.012733  0.009116  0.035343  -1.054445  -0.448275  -0.559890  1.000000  
129.470276 -0.000056  -0.008357  -0.000569  0.521989  0.786627  0.329766  -0.845739  0.427155  0.319787  0.110692  -0.445822  0.888251  -0.012839  0.009376  0.035442  -1.052824  -0.443970  -0.548776  1.000000  
129.471503 -0.000072  -0.008343  -0.000522  0.522376  0.786694  0.328993  -0.845587  0.428120  0.318898  0.110027  -0.444777  0.888857  -0.012946  0.009614  0.035741  -1.053507  -0.438022  -0.550172  1.000000  
129.472503 -0.000086  -0.008332  -0.000486  0.522755  0.786711  0.328349  -0.845422  0.428955  0.318213  0.109495  -0.443941  0.889341  -0.013022  0.009830  0.035886  -1.049286  -0.430663  -0.545642  1.000000  
129.473512 -0.000100  -0.008321  -0.000449  0.522960  0.786816  0.327770  -0.845364  0.429627  0.317459  0.108963  -0.443103  0.889824  -0.013118  0.010011  0.035991  -1.044478  -0.425924  -0.537259  1.000000  
129.474759 -0.000118  -0.008308  -0.000403  0.523346  0.786920  0.326903  -0.845210  0.430626  0.316514  0.108298  -0.441948  0.890479  -0.013304  0.010146  0.036227  -1.048277  -0.422571  -0.534642  1.000000  
129.475760 -0.000133  -0.008297  -0.000366  0.523725  0.786935  0.326260  -0.845044  0.431458  0.315825  0.107766  -0.441109  0.890960  -0.013443  0.010303  0.036361  -1.044861  -0.415980  -0.538291  1.000000  
129.476760 -0.000148  -0.008286  -0.000328  0.524110  0.786958  0.325586  -0.844889  0.432377  0.314981  0.107101  -0.440168  0.891505  -0.013489  0.010484  0.036552  -1.048683  -0.412506  -0.535811  1.000000  
129.478004 -0.000167  -0.008272  -0.000280  0.524496  0.787019  0.324816  -0.844734  0.433332  0.314082  0.106436  -0.439118  0.892102  -0.013705  0.010582  0.036796  -1.049092  -0.406715  -0.537224  1.000000  
129.479254 -0.000187  -0.008258  -0.000233  0.524874  0.787110  0.323984  -0.844566  0.434236  0.313284  0.105903  -0.438061  0.892685  -0.013968  0.010746  0.037010  -1.048478  -0.397840  -0.526796  1.000000  
129.480254 -0.000201  -0.008247  -0.000194  0.525251  0.787121  0.323344  -0.844398  0.435063  0.312590  0.105371  -0.437219  0.893161  -0.014069  0.010855  0.037160  -1.045003  -0.391244  -0.530486  1.000000  
129.481503 -0.000221  -0.008233  -0.000147  0.525636  0.787140  0.322672  -0.844241  0.435976  0.311740  0.104706  -0.436275  0.893701  -0.014239  0.010911  0.037275  -1.044849  -0.387824  -0.528080  1.000000  
129.482753 -0.000241  -0.008219  -0.000099  0.526187  0.787138  0.321778  -0.843964  0.437037  0.311003  0.104174  -0.435215  0.894280  -0.014498  0.011003  0.037394  -1.045843  -0.375108  -0.533560  1.000000  
129.483753 -0.000257  -0.008208  -0.000061  0.526564  0.787186  0.321044  -0.843794  0.437898  0.310252  0.103641  -0.434263  0.894804  -0.014751  0.011015  0.037477  -1.050043  -0.366718  -0.531411  1.000000  
129.484754 -0.000274  -0.008197  -0.000022  0.526759  0.787315  0.320407  -0.843721  0.438509  0.309588  0.103242  -0.433412  0.895263  -0.014926  0.011020  0.037612  -1.049278  -0.360133  -0.524706  1.000000  
129.486002 -0.000296  -0.008184  0.000026  0.527317  0.787278  0.319578  -0.843454  0.439615  0.308745  0.102577  -0.432356  0.895850  -0.015353  0.010969  0.037810  -1.046742  -0.350759  -0.534572  1.000000  
129.487009 -0.000314  -0.008173  0.000067  0.527693  0.787284  0.318941  -0.843283  0.440435  0.308043  0.102044  -0.431510  0.896318  -0.015616  0.010995  0.038057  -1.047173  -0.344182  -0.538288  1.000000  
129.488255 -0.000336  -0.008160  0.000117  0.528069  0.787367  0.318114  -0.843112  0.441328  0.307232  0.101512  -0.430446  0.896890  -0.015987  0.010940  0.038393  -1.043068  -0.336924  -0.533970  1.000000  
129.489506 -0.000360  -0.008147  0.000167  0.528452  0.787417  0.317352  -0.842952  0.442268  0.306319  0.100846  -0.429387  0.897472  -0.016381  0.010943  0.038643  -1.039064  -0.332349  -0.533865  1.000000  
129.490763 -0.000384  -0.008134  0.000218  0.529002  0.787406  0.316463  -0.842671  0.443320  0.305570  0.100314  -0.428321  0.898041  -0.016781  0.010852  0.038882  -1.040063  -0.318732  -0.541675  1.000000  
129.492011 -0.000409  -0.008121  0.000269  0.529384  0.787455  0.315702  -0.842510  0.444256  0.304653  0.099648  -0.427260  0.898620  -0.017182  0.010828  0.039157  -1.031709  -0.319452  -0.541286  1.000000  
129.493256 -0.000433  -0.008107  0.000319  0.529759  0.787532  0.314877  -0.842337  0.445143  0.303836  0.099116  -0.426193  0.899186  -0.017506  0.010785  0.039362  -1.028287  -0.309068  -0.543179  1.000000  
129.494258 -0.000454  -0.008098  0.000361  0.530134  0.787533  0.314245  -0.842163  0.445954  0.303126  0.098583  -0.425343  0.899647  -0.017853  0.010703  0.039624  -1.027947  -0.309540  -0.542816  1.000000  
