1-Time 2-Px 3-Py 4-Pz 5-R11 6-R21 7-R31 8-R12 9-R22 10-R32 11-R13 12-R23 13-R33 14-Vx 15-Vy 16-Vz 17-Wx 18-Wy 19-Wz 20-state
104.872152 0.013705  -0.002614  -0.022215  0.644941  0.761943  0.059112  -0.764163  0.641908  0.063321  0.010302  -0.086010  0.996241  -0.001653  -0.000542  -0.000615  0.000000  0.000000  0.000000  1.000000  
104.873229 0.013705  -0.002614  -0.022216  0.644941  0.761943  0.059112  -0.764163  0.641908  0.063321  0.010302  -0.086010  0.996241  -0.000754  -0.000463  -0.001601  0.000000  0.000000  0.000000  1.000000  
104.874472 0.013698  -0.002617  -0.022199  0.645098  0.761818  0.059007  -0.764030  0.642072  0.063255  0.010302  -0.085889  0.996251  -0.003555  -0.001501  0.008156  0.000000  0.000000  0.000000  1.000000  
104.875486 0.013692  -0.002620  -0.022179  0.645256  0.761685  0.058994  -0.763897  0.642229  0.063268  0.010302  -0.085889  0.996251  -0.004457  -0.001951  0.012044  0.000000  0.000000  0.000000  1.000000  
104.876730 0.013685  -0.002620  -0.022162  0.645256  0.761685  0.058994  -0.763897  0.642229  0.063268  0.010302  -0.085889  0.996251  -0.004776  -0.001493  0.012503  0.000000  0.000000  0.000000  1.000000  
104.877967 0.013678  -0.002619  -0.022149  0.645413  0.761546  0.059073  -0.763764  0.642378  0.063358  0.010302  -0.086010  0.996241  -0.005001  -0.000866  0.011904  0.000000  0.000000  0.000000  1.000000  
104.879209 0.013666  -0.002618  -0.022139  0.645570  0.761414  0.059060  -0.763631  0.642535  0.063370  0.010302  -0.086010  0.996241  -0.005795  -0.000638  0.011188  0.000000  0.000000  0.000000  1.000000  
104.880212 0.013656  -0.002617  -0.022132  0.645570  0.761414  0.059060  -0.763631  0.642535  0.063370  0.010302  -0.086010  0.996241  -0.006356  -0.000439  0.010697  0.000000  0.000000  0.000000  1.000000  
104.881458 0.013645  -0.002616  -0.022121  0.645727  0.761282  0.059047  -0.763499  0.642692  0.063382  0.010302  -0.086010  0.996241  -0.006676  -0.000205  0.010415  0.000000  0.000000  0.000000  1.000000  
104.882466 0.013638  -0.002613  -0.022112  0.645727  0.761274  0.059140  -0.763499  0.642684  0.063460  0.010302  -0.086131  0.996231  -0.006722  0.000072  0.010302  0.000000  0.000000  0.000000  1.000000  
104.883706 0.013628  -0.002611  -0.022097  0.645885  0.761135  0.059219  -0.763366  0.642833  0.063550  0.010302  -0.086252  0.996220  -0.006869  0.000293  0.010494  0.000000  0.000000  0.000000  1.000000  
104.884715 0.013617  -0.002609  -0.022084  0.645885  0.761120  0.059397  -0.763367  0.642834  0.063526  0.010169  -0.086373  0.996211  -0.007167  0.000378  0.010710  0.000000  0.000000  0.000000  1.000000  
104.885960 0.013604  -0.002610  -0.022064  0.645885  0.761113  0.059490  -0.763367  0.642826  0.063604  0.010169  -0.086493  0.996201  -0.007537  0.000280  0.011196  0.000000  0.000000  0.000000  1.000000  
104.887211 0.013588  -0.002611  -0.022038  0.646043  0.760966  0.059661  -0.763234  0.642968  0.063772  0.010169  -0.086735  0.996180  -0.007932  0.000164  0.011989  0.000000  0.000000  0.000000  1.000000  
104.888213 0.013575  -0.002614  -0.022013  0.646043  0.760959  0.059753  -0.763234  0.642960  0.063850  0.010169  -0.086856  0.996169  -0.008630  0.000003  0.013547  0.000000  0.000000  0.000000  1.000000  
104.889215 0.013562  -0.002617  -0.021987  0.646200  0.760819  0.059833  -0.763101  0.643109  0.063941  0.010169  -0.086977  0.996158  -0.009216  0.000009  0.014331  0.000000  0.000000  0.000000  1.000000  
104.890463 0.013548  -0.002619  -0.021961  0.646357  0.760680  0.059912  -0.762968  0.643258  0.064031  0.010169  -0.087098  0.996148  -0.009632  0.000075  0.014536  0.000000  0.000000  0.000000  1.000000  
104.891464 0.013537  -0.002618  -0.021947  0.646358  0.760665  0.060090  -0.762969  0.643259  0.064007  0.010035  -0.087218  0.996139  -0.009964  0.000167  0.014446  0.000000  0.000000  0.000000  1.000000  
104.892712 0.013522  -0.002615  -0.021935  0.646358  0.760658  0.060182  -0.762969  0.643251  0.064085  0.010035  -0.087339  0.996128  -0.010523  0.000300  0.014460  0.000000  0.000000  0.000000  1.000000  
104.893714 0.013508  -0.002614  -0.021922  0.646514  0.760525  0.060175  -0.762835  0.643391  0.064278  0.010169  -0.087460  0.996116  -0.010900  0.000322  0.014907  0.000000  0.000000  0.000000  1.000000  
104.894958 0.013491  -0.002612  -0.021898  0.646671  0.760393  0.060162  -0.762701  0.643548  0.064290  0.010169  -0.087460  0.996116  -0.011169  0.000327  0.015720  0.000000  0.000000  0.000000  1.000000  
104.895963 0.013481  -0.002610  -0.021873  0.646828  0.760253  0.060241  -0.762568  0.643696  0.064380  0.010169  -0.087581  0.996106  -0.011233  0.000404  0.016945  0.000000  0.000000  0.000000  1.000000  
104.897206 0.013472  -0.002604  -0.021837  0.646985  0.760121  0.060228  -0.762435  0.643853  0.064393  0.010169  -0.087581  0.996106  -0.011215  0.000678  0.018524  0.000000  0.000000  0.000000  1.000000  
104.898222 0.013463  -0.002599  -0.021807  0.647141  0.759988  0.060220  -0.762301  0.643992  0.064585  0.010302  -0.087702  0.996094  -0.011336  0.000831  0.019889  0.000000  0.000000  0.000000  1.000000  
104.899456 0.013448  -0.002595  -0.021770  0.647298  0.759856  0.060207  -0.762168  0.644149  0.064597  0.010302  -0.087702  0.996094  -0.011544  0.000944  0.021119  0.000000  0.000000  0.000000  1.000000  
104.900542 0.013435  -0.002594  -0.021744  0.647454  0.759723  0.060200  -0.762033  0.644289  0.064789  0.010436  -0.087822  0.996081  -0.011598  0.001082  0.021855  0.000000  0.000000  0.000000  1.000000  
104.901712 0.013420  -0.002592  -0.021715  0.647611  0.759591  0.060186  -0.761900  0.644445  0.064802  0.010436  -0.087822  0.996081  -0.011642  0.001320  0.022263  0.000000  0.000000  0.000000  1.000000  
104.902956 0.013407  -0.002589  -0.021692  0.647767  0.759466  0.060087  -0.761766  0.644592  0.064916  0.010570  -0.087822  0.996080  -0.011507  0.001644  0.021823  0.000000  0.000000  0.000000  1.000000  
104.903974 0.013396  -0.002585  -0.021675  0.647923  0.759326  0.060165  -0.761632  0.644741  0.065006  0.010570  -0.087943  0.996069  -0.011286  0.002151  0.021147  0.000000  0.000000  0.000000  1.000000  
104.904978 0.013384  -0.002583  -0.021660  0.648079  0.759200  0.060066  -0.761498  0.644888  0.065120  0.010704  -0.087943  0.996068  -0.011252  0.002431  0.020685  0.000000  0.000000  0.000000  1.000000  
104.906209 0.013371  -0.002579  -0.021642  0.648235  0.759075  0.059966  -0.761363  0.645035  0.065234  0.010837  -0.087943  0.996067  -0.011244  0.002620  0.020531  0.000000  0.000000  0.000000  1.000000  
104.907215 0.013360  -0.002576  -0.021626  0.648392  0.758935  0.060044  -0.761230  0.645184  0.065325  0.010837  -0.088064  0.996056  -0.011213  0.002652  0.020883  0.000000  0.000000  0.000000  1.000000  
104.908463 0.013347  -0.002573  -0.021602  0.648548  0.758810  0.059945  -0.761095  0.645331  0.065438  0.010971  -0.088063  0.996054  -0.010952  0.002750  0.021645  0.000000  0.000000  0.000000  1.000000  
104.909705 0.013334  -0.002568  -0.021571  0.648703  0.758685  0.059845  -0.760960  0.645478  0.065552  0.011105  -0.088063  0.996053  -0.010678  0.002983  0.022225  0.000000  0.000000  0.000000  1.000000  
104.910708 0.013325  -0.002563  -0.021543  0.648859  0.758560  0.059745  -0.760826  0.645626  0.065666  0.011239  -0.088063  0.996051  -0.010635  0.003182  0.022377  0.000000  0.000000  0.000000  1.000000  
104.911963 0.013314  -0.002556  -0.021510  0.649015  0.758434  0.059645  -0.760691  0.645773  0.065780  0.011373  -0.088063  0.996050  -0.010733  0.003222  0.022116  0.000000  0.000000  0.000000  1.000000  
104.913205 0.013302  -0.002550  -0.021485  0.649170  0.758316  0.059453  -0.760556  0.645928  0.065815  0.011506  -0.087942  0.996059  -0.010710  0.003251  0.021493  0.000000  0.000000  0.000000  1.000000  
104.914208 0.013292  -0.002545  -0.021467  0.649326  0.758198  0.059260  -0.760421  0.646083  0.065850  0.011640  -0.087821  0.996068  -0.010534  0.003395  0.020555  0.000000  0.000000  0.000000  1.000000  
104.915459 0.013278  -0.002540  -0.021449  0.649480  0.758087  0.058982  -0.760285  0.646229  0.065987  0.011908  -0.087700  0.996076  -0.010536  0.003598  0.019805  0.000000  0.000000  0.000000  1.000000  
104.916707 0.013265  -0.002534  -0.021428  0.649478  0.758110  0.058717  -0.760283  0.646219  0.066111  0.012175  -0.087579  0.996083  -0.010368  0.003835  0.019104  0.000000  0.000000  0.000000  1.000000  
104.917959 0.013253  -0.002528  -0.021402  0.649633  0.757999  0.058438  -0.760147  0.646366  0.066247  0.012443  -0.087458  0.996091  -0.010235  0.004032  0.019320  0.000000  0.000000  0.000000  1.000000  
104.919206 0.013241  -0.002522  -0.021372  0.649787  0.757881  0.058251  -0.760010  0.646504  0.066462  0.012711  -0.087457  0.996087  -0.010143  0.004207  0.020101  0.000000  0.000000  0.000000  1.000000  
104.920208 0.013232  -0.002518  -0.021345  0.649941  0.757770  0.057972  -0.759874  0.646650  0.066598  0.012978  -0.087336  0.996094  -0.010001  0.004210  0.020731  0.000000  0.000000  0.000000  1.000000  
104.921223 0.013222  -0.002514  -0.021318  0.650095  0.757659  0.057693  -0.759737  0.646797  0.066734  0.013246  -0.087215  0.996101  -0.009881  0.004311  0.021737  0.000000  0.000000  0.000000  1.000000  
104.922465 0.013211  -0.002509  -0.021285  0.650248  0.757556  0.057328  -0.759599  0.646934  0.066971  0.013647  -0.087094  0.996107  -0.009779  0.004456  0.022532  -0.010202  0.136043  -0.161723  1.000000  
104.923469 0.013203  -0.002505  -0.021260  0.650246  0.757578  0.057063  -0.759597  0.646924  0.067095  0.013915  -0.086973  0.996114  -0.009609  0.004540  0.022783  0.000000  0.000000  0.000000  1.000000  
104.924469 0.013195  -0.002500  -0.021236  0.650401  0.757452  0.056962  -0.759461  0.647072  0.067208  0.014048  -0.086973  0.996112  -0.009415  0.004597  0.022656  0.000000  0.000000  0.000000  1.000000  
104.925711 0.013188  -0.002493  -0.021212  0.650553  0.757349  0.056596  -0.759323  0.647209  0.067445  0.014450  -0.086851  0.996116  -0.009096  0.004648  0.021931  0.000000  0.000000  0.000000  1.000000  
104.926713 0.013183  -0.002489  -0.021196  0.650707  0.757237  0.056317  -0.759186  0.647356  0.067580  0.014717  -0.086730  0.996123  -0.008862  0.004602  0.021323  0.000000  0.000000  0.000000  1.000000  
104.927714 0.013178  -0.002484  -0.021180  0.650860  0.757127  0.056043  -0.759048  0.647485  0.067896  0.015119  -0.086730  0.996117  -0.008621  0.004551  0.020927  -0.034807  0.176330  -0.158162  1.000000  
104.928968 0.013168  -0.002480  -0.021159  0.650856  0.757163  0.055599  -0.759043  0.647475  0.068042  0.015520  -0.086487  0.996132  -0.008417  0.004411  0.020870  0.000000  0.000000  0.000000  1.000000  
104.930215 0.013159  -0.002476  -0.021133  0.651008  0.757059  0.055233  -0.758904  0.647613  0.068278  0.015921  -0.086366  0.996136  -0.008071  0.004315  0.021394  0.000000  0.000000  0.000000  1.000000  
104.931463 0.013151  -0.002474  -0.021099  0.651161  0.756947  0.054953  -0.758767  0.647760  0.068413  0.016189  -0.086245  0.996142  -0.007719  0.004091  0.022292  0.000000  0.000000  0.000000  1.000000  
104.932711 0.013146  -0.002471  -0.021060  0.651468  0.756717  0.054486  -0.758492  0.648045  0.068762  0.016724  -0.086123  0.996144  -0.007259  0.003882  0.023188  -0.059338  0.220507  -0.147418  1.000000  
104.933714 0.013141  -0.002466  -0.021029  0.651465  0.756739  0.054220  -0.758489  0.648035  0.068886  0.016992  -0.086002  0.996150  -0.006897  0.003836  0.023678  -0.067454  0.228986  -0.139818  1.000000  
104.934962 0.013135  -0.002461  -0.020991  0.651616  0.756634  0.053854  -0.758349  0.648173  0.069121  0.017393  -0.085881  0.996154  -0.006583  0.003818  0.024044  -0.070993  0.236007  -0.137918  1.000000  
104.935971 0.013130  -0.002457  -0.020965  0.651613  0.756656  0.053588  -0.758346  0.648164  0.069245  0.017661  -0.085759  0.996159  -0.006265  0.003891  0.023946  -0.075530  0.241632  -0.131677  1.000000  
104.937229 0.013125  -0.002450  -0.020937  0.651923  0.756417  0.053203  -0.758074  0.648475  0.069312  0.017928  -0.085517  0.996175  -0.005847  0.004037  0.023591  -0.087855  0.251121  -0.137768  1.000000  
104.938462 0.013120  -0.002442  -0.020910  0.652074  0.756312  0.052836  -0.757934  0.648613  0.069547  0.018329  -0.085396  0.996178  -0.005538  0.004188  0.023309  -0.091266  0.258071  -0.135951  1.000000  
104.939463 0.013116  -0.002435  -0.020887  0.652225  0.756207  0.052469  -0.757794  0.648752  0.069782  0.018731  -0.085274  0.996181  -0.005249  0.004329  0.023267  -0.096123  0.269109  -0.136287  1.000000  
104.940713 0.013112  -0.002427  -0.020855  0.652220  0.756236  0.052116  -0.757788  0.648734  0.070007  0.019132  -0.085153  0.996184  -0.005100  0.004475  0.024047  -0.100162  0.277529  -0.128664  1.000000  
104.941715 0.013108  -0.002422  -0.020827  0.652373  0.756117  0.051928  -0.757650  0.648873  0.070220  0.019400  -0.085152  0.996179  -0.004997  0.004439  0.024751  -0.100185  0.281989  -0.128265  1.000000  
104.942807 0.013102  -0.002418  -0.020797  0.652525  0.756005  0.051648  -0.757512  0.649020  0.070353  0.019667  -0.085031  0.996184  -0.004928  0.004374  0.025567  -0.099883  0.285504  -0.127486  1.000000  
104.943965 0.013094  -0.002415  -0.020759  0.652522  0.756020  0.051474  -0.757508  0.649002  0.070555  0.019935  -0.085031  0.996179  -0.004919  0.004372  0.026665  -0.096047  0.290289  -0.120629  1.000000  
104.945206 0.013087  -0.002409  -0.020720  0.652672  0.755908  0.051198  -0.757367  0.649132  0.070869  0.020336  -0.085030  0.996171  -0.004790  0.004490  0.027544  -0.092049  0.294856  -0.120296  1.000000  
104.946209 0.013083  -0.002404  -0.020689  0.652825  0.755796  0.050918  -0.757229  0.649279  0.071003  0.020604  -0.084909  0.996176  -0.004627  0.004696  0.027863  -0.096262  0.295393  -0.127184  1.000000  
104.947456 0.013077  -0.002396  -0.020653  0.652975  0.755684  0.050642  -0.757088  0.649409  0.071316  0.021005  -0.084908  0.996167  -0.004605  0.005042  0.027718  -0.091602  0.302287  -0.125571  1.000000  
104.948456 0.013073  -0.002390  -0.020628  0.652971  0.755705  0.050376  -0.757084  0.649400  0.071439  0.021272  -0.084787  0.996172  -0.004638  0.005197  0.027242  -0.092166  0.299278  -0.119966  1.000000  
104.949706 0.013066  -0.002381  -0.020599  0.653122  0.755594  0.050100  -0.756943  0.649530  0.071752  0.021674  -0.084786  0.996163  -0.004683  0.005425  0.026624  -0.088161  0.303833  -0.119629  1.000000  
104.950710 0.013061  -0.002374  -0.020577  0.653274  0.755481  0.049820  -0.756804  0.649677  0.071885  0.021941  -0.084665  0.996168  -0.004688  0.005614  0.026279  -0.088183  0.303759  -0.119641  1.000000  
104.951965 0.013055  -0.002363  -0.020545  0.653424  0.755375  0.049452  -0.756663  0.649816  0.072119  0.022343  -0.084543  0.996169  -0.004725  0.005855  0.026608  -0.088226  0.308207  -0.119284  1.000000  
104.953206 0.013049  -0.002353  -0.020508  0.653574  0.755264  0.049176  -0.756521  0.649946  0.072432  0.022744  -0.084542  0.996160  -0.004811  0.005983  0.027236  -0.087734  0.310917  -0.124841  1.000000  
104.954225 0.013043  -0.002346  -0.020473  0.653725  0.755145  0.048987  -0.756382  0.650084  0.072644  0.023011  -0.084542  0.996154  -0.004984  0.006050  0.028054  -0.084348  0.313213  -0.125784  1.000000  
104.955460 0.013035  -0.002337  -0.020428  0.653875  0.755039  0.048619  -0.756240  0.650223  0.072878  0.023413  -0.084420  0.996155  -0.005194  0.006059  0.028918  -0.083853  0.315724  -0.131270  1.000000  
104.956463 0.013028  -0.002330  -0.020391  0.654024  0.754927  0.048342  -0.756099  0.650352  0.073190  0.023814  -0.084419  0.996146  -0.005382  0.006125  0.029531  -0.083780  0.315119  -0.124425  1.000000  
104.957710 0.013019  -0.002323  -0.020349  0.654174  0.754816  0.048065  -0.755957  0.650482  0.073502  0.024215  -0.084419  0.996136  -0.005584  0.006392  0.030097  -0.079802  0.315132  -0.124451  1.000000  
104.958710 0.013011  -0.002316  -0.020319  0.654323  0.754710  0.047697  -0.755815  0.650621  0.073736  0.024616  -0.084297  0.996137  -0.005672  0.006659  0.029919  -0.079987  0.320136  -0.130939  1.000000  
104.959723 0.013003  -0.002307  -0.020291  0.654472  0.754598  0.047420  -0.755672  0.650751  0.074048  0.025018  -0.084296  0.996127  -0.005758  0.007008  0.029556  -0.076610  0.322669  -0.131997  1.000000  
104.960957 0.012996  -0.002297  -0.020257  0.654619  0.754493  0.047056  -0.755527  0.650872  0.074460  0.025553  -0.084295  0.996113  -0.005835  0.007188  0.029286  -0.072032  0.329034  -0.130224  1.000000  
104.962210 0.012989  -0.002287  -0.020221  0.654765  0.754389  0.046691  -0.755382  0.650993  0.074873  0.026088  -0.084294  0.996099  -0.005967  0.007405  0.029251  -0.068087  0.333593  -0.129910  1.000000  
104.963458 0.012982  -0.002276  -0.020186  0.655069  0.754143  0.046398  -0.755104  0.651278  0.075194  0.026489  -0.084293  0.996089  -0.006063  0.007625  0.029545  -0.060185  0.334032  -0.136736  1.000000  
104.964458 0.012974  -0.002267  -0.020155  0.655218  0.754031  0.046121  -0.754961  0.651408  0.075506  0.026890  -0.084292  0.996078  -0.006232  0.007732  0.030089  -0.060307  0.334344  -0.136862  1.000000  
104.965706 0.012967  -0.002255  -0.020115  0.655363  0.753926  0.045756  -0.754816  0.651529  0.075918  0.027425  -0.084291  0.996064  -0.006261  0.007921  0.030796  -0.052387  0.343509  -0.142860  1.000000  
104.966956 0.012959  -0.002244  -0.020071  0.655509  0.753822  0.045390  -0.754669  0.651650  0.076330  0.027960  -0.084290  0.996049  -0.006404  0.007942  0.031627  -0.048423  0.347948  -0.142502  1.000000  
104.967963 0.012953  -0.002237  -0.020035  0.655655  0.753717  0.045025  -0.754523  0.651771  0.076741  0.028495  -0.084288  0.996034  -0.006515  0.007890  0.032028  -0.044441  0.356776  -0.141742  1.000000  
104.969206 0.012944  -0.002229  -0.019991  0.655955  0.753484  0.044552  -0.754241  0.652057  0.077083  0.029030  -0.084166  0.996029  -0.006573  0.007804  0.032210  -0.044525  0.361232  -0.141417  1.000000  
104.970466 0.012935  -0.002219  -0.019952  0.656253  0.753252  0.044083  -0.753957  0.652324  0.077604  0.029699  -0.084164  0.996009  -0.006693  0.007942  0.031590  -0.037174  0.369791  -0.156007  1.000000  
104.971716 0.012926  -0.002208  -0.019916  0.656395  0.753155  0.043629  -0.753806  0.652437  0.078116  0.030368  -0.084163  0.995989  -0.006704  0.008140  0.031025  -0.037271  0.378720  -0.155230  1.000000  
104.973016 0.012916  -0.002197  -0.019882  0.656692  0.752929  0.043068  -0.753520  0.652714  0.078557  0.031036  -0.084040  0.995979  -0.006627  0.008243  0.030499  -0.037473  0.392081  -0.160760  1.000000  
104.974213 0.012909  -0.002186  -0.019846  0.656985  0.752704  0.042510  -0.753231  0.652973  0.079177  0.031839  -0.084038  0.995954  -0.006542  0.008352  0.030620  -0.037824  0.411298  -0.166419  1.000000  
104.975214 0.012903  -0.002177  -0.019814  0.657129  0.752599  0.042144  -0.753083  0.653094  0.079587  0.032374  -0.084037  0.995937  -0.006506  0.008442  0.030957  -0.037893  0.420139  -0.165608  1.000000  
104.976463 0.012895  -0.002165  -0.019769  0.657424  0.752372  0.041581  -0.752796  0.653372  0.080027  0.033042  -0.083914  0.995925  -0.006609  0.008517  0.031678  -0.038378  0.430308  -0.178704  1.000000  
104.977466 0.012889  -0.002155  -0.019732  0.657565  0.752275  0.041126  -0.752643  0.653484  0.080538  0.033711  -0.083912  0.995903  -0.006633  0.008631  0.032249  -0.038470  0.443654  -0.177524  1.000000  
104.978706 0.012881  -0.002143  -0.019687  0.657857  0.752050  0.040567  -0.752352  0.653743  0.081156  0.034513  -0.083910  0.995875  -0.006601  0.008726  0.032826  -0.034732  0.457866  -0.183380  1.000000  
104.979706 0.012874  -0.002134  -0.019652  0.658151  0.751818  0.040095  -0.752064  0.654010  0.081674  0.035182  -0.083908  0.995852  -0.006603  0.008728  0.033034  -0.035029  0.471835  -0.189108  1.000000  
104.980956 0.012866  -0.002122  -0.019610  0.658284  0.751735  0.039464  -0.751903  0.654106  0.082384  0.036118  -0.083905  0.995819  -0.006622  0.008747  0.033090  -0.031069  0.486627  -0.193039  1.000000  
104.981956 0.012859  -0.002112  -0.019578  0.658577  0.751507  0.038900  -0.751613  0.654383  0.082822  0.036786  -0.083782  0.995805  -0.006667  0.008817  0.032853  -0.031369  0.500326  -0.198729  1.000000  
104.983206 0.012850  -0.002102  -0.019541  0.658864  0.751289  0.038250  -0.751316  0.654634  0.083539  0.037722  -0.083779  0.995770  -0.006736  0.008984  0.032267  -0.031993  0.522857  -0.205700  1.000000  
104.984216 0.012843  -0.002093  -0.019513  0.659002  0.751191  0.037794  -0.751161  0.654746  0.084048  0.038391  -0.083777  0.995745  -0.006678  0.009112  0.031840  -0.031854  0.532033  -0.202933  1.000000  
104.985455 0.012834  -0.002082  -0.019479  0.659287  0.750974  0.037144  -0.750862  0.654997  0.084764  0.039327  -0.083774  0.995708  -0.006710  0.009105  0.031522  -0.028185  0.550281  -0.208258  1.000000  
104.986457 0.012828  -0.002072  -0.019450  0.659424  0.750876  0.036687  -0.750707  0.655109  0.085273  0.039995  -0.083772  0.995682  -0.006601  0.009180  0.031529  -0.028322  0.559202  -0.207515  1.000000  
104.987466 0.012822  -0.002064  -0.019420  0.659557  0.750785  0.036142  -0.750547  0.655213  0.085881  0.040797  -0.083769  0.995650  -0.006511  0.009195  0.031772  -0.028702  0.577106  -0.208032  1.000000  
104.988712 0.012815  -0.002053  -0.019376  0.659840  0.750571  0.035400  -0.750246  0.655474  0.086516  0.041733  -0.083645  0.995621  -0.006433  0.009197  0.032341  -0.029120  0.591091  -0.213848  1.000000  
104.989963 0.012809  -0.002041  -0.019332  0.660123  0.750353  0.034748  -0.749945  0.655724  0.087231  0.042669  -0.083642  0.995582  -0.006357  0.009231  0.032667  -0.029295  0.604726  -0.217471  1.000000  
104.991215 0.012803  -0.002028  -0.019288  0.660401  0.750142  0.034007  -0.749638  0.655966  0.088045  0.043738  -0.083638  0.995536  -0.006239  0.009299  0.032621  -0.030025  0.628898  -0.224880  1.000000  
104.992455 0.012796  -0.002015  -0.019247  0.660679  0.749931  0.033267  -0.749330  0.656207  0.088858  0.044808  -0.083634  0.995489  -0.006178  0.009314  0.032329  -0.030190  0.645816  -0.227732  1.000000  
104.993460 0.012791  -0.002006  -0.019218  0.660809  0.749845  0.032629  -0.749167  0.656322  0.089384  0.045610  -0.083510  0.995463  -0.006109  0.009293  0.031765  -0.034453  0.659470  -0.221984  1.000000  
104.994706 0.012784  -0.001994  -0.019183  0.661084  0.749634  0.031887  -0.748858  0.656564  0.090197  0.046679  -0.083506  0.995413  -0.005988  0.009304  0.031222  -0.034937  0.678099  -0.227399  1.000000  
104.995958 0.012777  -0.001982  -0.019150  0.661364  0.749415  0.031232  -0.748553  0.656814  0.090908  0.047614  -0.083502  0.995369  -0.005910  0.009282  0.030615  -0.035146  0.691545  -0.226259  1.000000  
104.997206 0.012771  -0.001971  -0.019115  0.661638  0.749204  0.030489  -0.748242  0.657055  0.091719  0.048683  -0.083498  0.995318  -0.005703  0.009326  0.030406  -0.035331  0.708729  -0.229376  1.000000  
104.998206 0.012767  -0.001963  -0.019085  0.661919  0.748978  0.029922  -0.747940  0.657314  0.092330  0.049485  -0.083495  0.995279  -0.005563  0.009249  0.030414  -0.032008  0.724061  -0.237426  1.000000  
104.999456 0.012760  -0.001953  -0.019045  0.662038  0.748901  0.029197  -0.747763  0.657401  0.093134  0.050554  -0.083490  0.995225  -0.005401  0.009213  0.030793  -0.031981  0.735884  -0.233967  1.000000  
105.000461 0.012755  -0.001944  -0.019011  0.662319  0.748675  0.028628  -0.747460  0.657659  0.093744  0.051356  -0.083487  0.995185  -0.005285  0.009220  0.031222  -0.032181  0.744832  -0.233230  1.000000  
105.001707 0.012749  -0.001933  -0.018970  0.662589  0.748464  0.027883  -0.747146  0.657900  0.094553  0.052425  -0.083482  0.995129  -0.005173  0.009169  0.031528  -0.032726  0.758850  -0.238965  1.000000  
105.002711 0.012745  -0.001925  -0.018937  0.662869  0.748237  0.027314  -0.746841  0.658158  0.095162  0.053227  -0.083479  0.995087  -0.005050  0.009111  0.031620  -0.028878  0.767563  -0.238203  1.000000  
105.003973 0.012740  -0.001915  -0.018899  0.663138  0.748025  0.026567  -0.746525  0.658400  0.095969  0.054296  -0.083474  0.995030  -0.004896  0.009025  0.031337  -0.029410  0.778086  -0.239690  1.000000  
105.005207 0.012737  -0.001905  -0.018864  0.663402  0.747821  0.025732  -0.746203  0.658632  0.096876  0.055498  -0.083468  0.994964  -0.004705  0.008887  0.030628  -0.029748  0.794899  -0.242798  1.000000  
105.006213 0.012733  -0.001896  -0.018838  0.663525  0.747730  0.025181  -0.746033  0.658736  0.097478  0.056299  -0.083465  0.994919  -0.004629  0.008810  0.030013  -0.025834  0.805289  -0.237557  1.000000  
105.007216 0.012729  -0.001887  -0.018813  0.663797  0.747511  0.024521  -0.745720  0.658986  0.098184  0.057235  -0.083460  0.994866  -0.004547  0.008670  0.029415  -0.026172  0.813097  -0.241460  1.000000  
105.008458 0.012724  -0.001878  -0.018781  0.664063  0.747299  0.023772  -0.745400  0.659227  0.098989  0.058303  -0.083455  0.994805  -0.004418  0.008538  0.029133  -0.026682  0.823735  -0.242897  1.000000  
105.009721 0.012719  -0.001870  -0.018748  0.664333  0.747076  0.023202  -0.745085  0.659464  0.099774  0.059238  -0.083571  0.994740  -0.004267  0.008265  0.029073  -0.022885  0.823333  -0.242711  1.000000  
105.010957 0.012714  -0.001862  -0.018710  0.664597  0.746864  0.022452  -0.744764  0.659705  0.100578  0.060307  -0.083566  0.994676  -0.004227  0.008041  0.029317  -0.023189  0.832754  -0.242079  1.000000  
105.011958 0.012709  -0.001855  -0.018678  0.664871  0.746637  0.021879  -0.744454  0.659962  0.101183  0.061108  -0.083562  0.994627  -0.004197  0.007826  0.029607  -0.019679  0.837743  -0.248612  1.000000  
105.013206 0.012704  -0.001847  -0.018639  0.665134  0.746425  0.021128  -0.744131  0.660203  0.101986  0.062176  -0.083556  0.994561  -0.004214  0.007722  0.029688  -0.019812  0.839722  -0.245800  1.000000  
105.014206 0.012699  -0.001841  -0.018608  0.665407  0.746198  0.020553  -0.743820  0.660460  0.102590  0.062977  -0.083552  0.994511  -0.004186  0.007567  0.029583  -0.020398  0.844998  -0.252322  1.000000  
105.015456 0.012693  -0.001832  -0.018572  0.665821  0.745847  0.019870  -0.743358  0.660842  0.103475  0.064046  -0.083667  0.994434  -0.004122  0.007447  0.029312  -0.017191  0.852362  -0.261161  1.000000  
105.016456 0.012690  -0.001826  -0.018545  0.666092  0.745620  0.019295  -0.743045  0.661099  0.104078  0.064847  -0.083663  0.994382  -0.004044  0.007299  0.028777  -0.017629  0.854792  -0.265076  1.000000  
105.017462 0.012685  -0.001819  -0.018520  0.666210  0.745529  0.018741  -0.742869  0.661202  0.104676  0.065648  -0.083658  0.994330  -0.004051  0.007182  0.028269  -0.017901  0.854910  -0.265099  1.000000  
105.018706 0.012680  -0.001811  -0.018490  0.666621  0.745180  0.017965  -0.742405  0.661596  0.105480  0.066716  -0.083652  0.994259  -0.004133  0.007088  0.027752  -0.014567  0.859960  -0.271604  1.000000  
105.019706 0.012676  -0.001804  -0.018466  0.666732  0.745094  0.017411  -0.742221  0.661678  0.106256  0.067650  -0.083768  0.994186  -0.004147  0.006984  0.027523  -0.010443  0.863806  -0.264320  1.000000  
105.020709 0.012672  -0.001798  -0.018440  0.666995  0.744874  0.016745  -0.741899  0.661927  0.106956  0.068585  -0.083762  0.994123  -0.004182  0.006812  0.027417  -0.011119  0.868812  -0.270755  1.000000  
105.021716 0.012667  -0.001792  -0.018414  0.667264  0.744646  0.016167  -0.741583  0.662183  0.107556  0.069386  -0.083758  0.994068  -0.004285  0.006602  0.027480  -0.011534  0.866991  -0.273717  1.000000  
105.022966 0.012661  -0.001786  -0.018380  0.667671  0.744295  0.015479  -0.741115  0.662563  0.108437  0.070453  -0.083872  0.993983  -0.004375  0.006408  0.027627  -0.008203  0.871908  -0.280101  1.000000  
105.023968 0.012655  -0.001780  -0.018352  0.667938  0.744067  0.014900  -0.740798  0.662820  0.109036  0.071254  -0.083867  0.993926  -0.004465  0.006282  0.027776  -0.004816  0.872460  -0.287017  1.000000  
105.025214 0.012648  -0.001774  -0.018316  0.668192  0.743853  0.014232  -0.740466  0.663046  0.109912  0.072322  -0.083981  0.993839  -0.004536  0.006166  0.027757  -0.001124  0.872422  -0.286924  1.000000  
105.026463 0.012641  -0.001767  -0.018282  0.668590  0.743511  0.013362  -0.739988  0.663430  0.110809  0.073523  -0.083974  0.993752  -0.004664  0.006107  0.027339  -0.001954  0.877491  -0.293407  1.000000  
105.027714 0.012635  -0.001760  -0.018253  0.668842  0.743297  0.012693  -0.739653  0.663656  0.111684  0.074590  -0.084088  0.993663  -0.004685  0.006001  0.026669  0.001755  0.881976  -0.292950  1.000000  
105.028956 0.012629  -0.001752  -0.018224  0.669244  0.742947  0.011911  -0.739181  0.664048  0.112480  0.075658  -0.084081  0.993583  -0.004694  0.006010  0.026021  0.000927  0.882779  -0.299882  1.000000  
105.030206 0.012623  -0.001745  -0.018198  0.669480  0.742748  0.011062  -0.738829  0.664257  0.113551  0.076992  -0.084193  0.993471  -0.004763  0.005891  0.025327  0.004568  0.893494  -0.295899  1.000000  
105.031211 0.012618  -0.001739  -0.018176  0.669742  0.742520  0.010479  -0.738508  0.664513  0.114146  0.077792  -0.084187  0.993409  -0.004864  0.005866  0.025047  0.004255  0.891633  -0.298984  1.000000  
105.032456 0.012612  -0.001730  -0.018147  0.670135  0.742176  0.009695  -0.738024  0.664882  0.115119  0.078993  -0.084300  0.993304  -0.004883  0.005930  0.024902  0.006987  0.898856  -0.308989  1.000000  
105.033456 0.012607  -0.001724  -0.018123  0.670389  0.741954  0.009112  -0.737693  0.665115  0.115892  0.079926  -0.084414  0.993220  -0.004946  0.005869  0.024890  0.010671  0.898864  -0.308907  1.000000  
105.034462 0.012601  -0.001719  -0.018096  0.670794  0.741596  0.008414  -0.737223  0.665515  0.116586  0.080860  -0.084408  0.993145  -0.005058  0.005809  0.025097  0.009851  0.899873  -0.315858  1.000000  
105.035706 0.012594  -0.001711  -0.018063  0.671038  0.741382  0.007740  -0.736882  0.665739  0.117456  0.081927  -0.084521  0.993048  -0.005184  0.005800  0.025141  0.012999  0.900081  -0.322463  1.000000  
105.036706 0.012588  -0.001705  -0.018037  0.671290  0.741160  0.007155  -0.736549  0.665972  0.118227  0.082860  -0.084635  0.992961  -0.005298  0.005791  0.025155  0.016699  0.904688  -0.322060  1.000000  
105.037724 0.012582  -0.001699  -0.018012  0.671699  0.740795  0.006545  -0.736085  0.666379  0.118820  0.083660  -0.084629  0.992894  -0.005350  0.005850  0.024939  0.015940  0.898995  -0.332597  1.000000  
105.038964 0.012575  -0.001692  -0.017983  0.671942  0.740581  0.005869  -0.735742  0.666603  0.119689  0.084727  -0.084742  0.992794  -0.005363  0.005916  0.024584  0.019607  0.903475  -0.332128  1.000000  
105.039967 0.012570  -0.001685  -0.017961  0.672191  0.740359  0.005282  -0.735406  0.666834  0.120458  0.085660  -0.084855  0.992704  -0.005321  0.006069  0.024020  0.019228  0.903634  -0.332035  1.000000  
105.041212 0.012563  -0.001677  -0.017934  0.672583  0.740008  0.004580  -0.734923  0.667210  0.121326  0.086726  -0.084968  0.992602  -0.005331  0.006128  0.023666  0.022385  0.908663  -0.338427  1.000000  
105.042455 0.012556  -0.001668  -0.017908  0.672973  0.739657  0.003877  -0.734438  0.667585  0.122193  0.087793  -0.085080  0.992499  -0.005359  0.006217  0.023378  0.025350  0.910793  -0.341670  1.000000  
105.043462 0.012551  -0.001661  -0.017886  0.673220  0.739435  0.003288  -0.734100  0.667816  0.122961  0.088725  -0.085194  0.992406  -0.005402  0.006273  0.023310  0.029210  0.913744  -0.344744  1.000000  
105.044706 0.012544  -0.001652  -0.017857  0.673608  0.739084  0.002584  -0.733614  0.668190  0.123826  0.089792  -0.085306  0.992301  -0.005410  0.006390  0.023433  0.032071  0.911381  -0.348304  1.000000  
105.045710 0.012539  -0.001645  -0.017831  0.673861  0.738855  0.002083  -0.733283  0.668429  0.124495  0.090591  -0.085420  0.992218  -0.005492  0.006426  0.023734  0.032508  0.914094  -0.344627  1.000000  
105.046956 0.012533  -0.001637  -0.017799  0.674248  0.738504  0.001467  -0.732795  0.668787  0.125440  0.091657  -0.085652  0.992100  -0.005441  0.006483  0.024010  0.039674  0.914857  -0.351409  1.000000  
105.047962 0.012527  -0.001630  -0.017773  0.674500  0.738275  0.000965  -0.732463  0.669025  0.126108  0.092456  -0.085766  0.992016  -0.005472  0.006469  0.024080  0.043389  0.914451  -0.351163  1.000000  
105.049206 0.012521  -0.001621  -0.017741  0.674734  0.738061  0.000373  -0.732112  0.669231  0.127051  0.093522  -0.085998  0.991896  -0.005457  0.006622  0.024120  0.047022  0.914813  -0.351076  1.000000  
105.050213 0.012514  -0.001614  -0.017718  0.675135  0.737695  -0.000156  -0.731640  0.669620  0.127718  0.094321  -0.086112  0.991811  -0.005513  0.006633  0.023863  0.050172  0.911061  -0.358295  1.000000  
105.051456 0.012507  -0.001605  -0.017690  0.675367  0.737481  -0.000840  -0.731287  0.669841  0.128579  0.095387  -0.086224  0.991699  -0.005469  0.006777  0.023523  0.053387  0.912262  -0.354416  1.000000  
105.052456 0.012501  -0.001598  -0.017669  0.675607  0.737261  -0.001344  -0.730943  0.670054  0.129423  0.096319  -0.086457  0.991589  -0.005507  0.006855  0.023315  0.057033  0.912424  -0.354256  1.000000  
105.053460 0.012496  -0.001591  -0.017646  0.675855  0.737032  -0.001849  -0.730608  0.670290  0.130088  0.097118  -0.086570  0.991501  -0.005416  0.006947  0.023200  0.060721  0.912294  -0.354114  1.000000  
105.054463 0.012491  -0.001583  -0.017623  0.676094  0.736811  -0.002444  -0.730262  0.670519  0.130850  0.098050  -0.086682  0.991399  -0.005418  0.007072  0.023263  0.064388  0.916736  -0.353637  1.000000  
105.055713 0.012484  -0.001574  -0.017592  0.676473  0.736461  -0.003067  -0.729767  0.670873  0.131789  0.099116  -0.086914  0.991273  -0.005452  0.007072  0.023554  0.067351  0.912929  -0.360619  1.000000  
105.056964 0.012477  -0.001564  -0.017560  0.676851  0.736111  -0.003692  -0.729271  0.671228  0.132728  0.100181  -0.087145  0.991146  -0.005502  0.007122  0.023989  0.074990  0.913235  -0.360573  1.000000  
105.058214 0.012471  -0.001554  -0.017525  0.677078  0.735899  -0.004290  -0.728913  0.671430  0.133667  0.101246  -0.087376  0.991017  -0.005443  0.007251  0.024456  0.079732  0.910883  -0.357085  1.000000  
105.059460 0.012464  -0.001545  -0.017493  0.677454  0.735549  -0.004916  -0.728415  0.671783  0.134604  0.102310  -0.087607  0.990887  -0.005446  0.007254  0.024668  0.082706  0.907175  -0.364175  1.000000  
105.060709 0.012456  -0.001536  -0.017461  0.677838  0.735191  -0.005454  -0.727926  0.672145  0.135443  0.103242  -0.087838  0.990770  -0.005492  0.007270  0.024653  0.090390  0.898279  -0.364809  1.000000  
105.061956 0.012449  -0.001527  -0.017431  0.678212  0.734841  -0.006082  -0.727426  0.672497  0.136378  0.104307  -0.088069  0.990638  -0.005580  0.007296  0.024574  0.092672  0.900625  -0.367724  1.000000  
105.062956 0.012444  -0.001520  -0.017407  0.678603  0.734476  -0.006531  -0.726946  0.672866  0.137119  0.105105  -0.088302  0.990533  -0.005584  0.007361  0.024396  0.101135  0.894593  -0.371750  1.000000  
105.063962 0.012438  -0.001513  -0.017385  0.678855  0.734241  -0.006862  -0.726615  0.673091  0.137764  0.105770  -0.088536  0.990441  -0.005593  0.007336  0.024143  0.104854  0.885706  -0.372339  1.000000  
105.065205 0.012431  -0.001504  -0.017356  0.679225  0.733892  -0.007404  -0.726112  0.673425  0.138779  0.106835  -0.088886  0.990296  -0.005531  0.007369  0.024147  0.110973  0.883443  -0.375397  1.000000  
105.066206 0.012426  -0.001496  -0.017332  0.679615  0.733527  -0.007855  -0.725630  0.673792  0.139518  0.107633  -0.089119  0.990188  -0.005544  0.007382  0.024193  0.118055  0.884157  -0.382094  1.000000  
105.067216 0.012420  -0.001490  -0.017308  0.679854  0.733300  -0.008278  -0.725287  0.674008  0.140258  0.108431  -0.089351  0.990080  -0.005527  0.007333  0.024477  0.122351  0.879131  -0.375457  1.000000  
105.068456 0.012413  -0.001481  -0.017274  0.680232  0.732945  -0.008733  -0.724792  0.674348  0.141174  0.109362  -0.089702  0.989946  -0.005551  0.007329  0.024800  0.129337  0.875490  -0.382446  1.000000  
105.069459 0.012407  -0.001473  -0.017248  0.680619  0.732579  -0.009186  -0.724308  0.674714  0.141912  0.110160  -0.089934  0.989837  -0.005567  0.007284  0.025036  0.132323  0.871782  -0.389475  1.000000  
105.070468 0.012401  -0.001467  -0.017221  0.680867  0.732346  -0.009432  -0.723974  0.674920  0.142636  0.110825  -0.090288  0.989730  -0.005564  0.007247  0.025179  0.141795  0.864714  -0.386626  1.000000  
105.071716 0.012395  -0.001458  -0.017188  0.681243  0.731991  -0.009889  -0.723477  0.675258  0.143551  0.111756  -0.090638  0.989594  -0.005534  0.007155  0.025200  0.149487  0.860342  -0.386775  1.000000  
105.072964 0.012389  -0.001449  -0.017157  0.681766  0.731497  -0.010377  -0.722840  0.675747  0.144463  0.112686  -0.090989  0.989456  -0.005539  0.007097  0.024950  0.156516  0.856761  -0.393866  1.000000  
105.074213 0.012382  -0.001441  -0.017128  0.682150  0.731133  -0.010746  -0.722352  0.676092  0.145280  0.113484  -0.091341  0.989332  -0.005505  0.007063  0.024772  0.163466  0.843860  -0.401587  1.000000  
105.075214 0.012377  -0.001435  -0.017105  0.682544  0.730762  -0.011024  -0.721876  0.676446  0.146000  0.114149  -0.091693  0.989223  -0.005532  0.006965  0.024597  0.171257  0.839419  -0.401720  1.000000  
105.076458 0.012371  -0.001427  -0.017077  0.682916  0.730407  -0.011485  -0.721376  0.676782  0.146912  0.115079  -0.092044  0.989083  -0.005440  0.006873  0.024369  0.174176  0.835836  -0.408752  1.000000  
105.077459 0.012366  -0.001421  -0.017052  0.683308  0.730036  -0.011766  -0.720898  0.677134  0.147632  0.115743  -0.092396  0.988972  -0.005405  0.006839  0.024413  0.181249  0.832043  -0.415757  1.000000  
105.078706 0.012359  -0.001413  -0.017022  0.683678  0.729683  -0.012140  -0.720397  0.677450  0.148625  0.116674  -0.092866  0.988819  -0.005344  0.006755  0.024548  0.190745  0.830372  -0.418437  1.000000  
105.079706 0.012354  -0.001407  -0.016996  0.684069  0.729312  -0.012422  -0.719918  0.677802  0.149344  0.117338  -0.093218  0.988707  -0.005317  0.006628  0.024774  0.200070  0.824005  -0.422918  1.000000  
105.080770 0.012349  -0.001402  -0.016970  0.684459  0.728940  -0.012705  -0.719438  0.678152  0.150062  0.118002  -0.093571  0.988595  -0.005250  0.006493  0.024846  0.202622  0.818564  -0.428993  1.000000  
105.081956 0.012343  -0.001395  -0.016937  0.684838  0.728580  -0.012992  -0.718946  0.678475  0.150958  0.118800  -0.094041  0.988455  -0.005232  0.006420  0.025147  0.212376  0.814295  -0.432872  1.000000  
105.082957 0.012339  -0.001389  -0.016911  0.685227  0.728209  -0.013276  -0.718466  0.678824  0.151676  0.119464  -0.094393  0.988341  -0.005121  0.006350  0.025062  0.221803  0.803191  -0.437823  1.000000  
105.083958 0.012334  -0.001383  -0.016886  0.685615  0.727838  -0.013562  -0.717984  0.679172  0.152393  0.120128  -0.094745  0.988227  -0.005064  0.006232  0.024965  0.226221  0.797891  -0.447558  1.000000  
105.084963 0.012330  -0.001378  -0.016862  0.685991  0.727476  -0.013939  -0.717491  0.679511  0.153205  0.120925  -0.095096  0.988096  -0.004905  0.006155  0.024719  0.231709  0.795768  -0.451843  1.000000  
105.086210 0.012325  -0.001372  -0.016834  0.686367  0.727116  -0.014230  -0.716997  0.679830  0.154099  0.121722  -0.095566  0.987953  -0.004880  0.005987  0.024481  0.236693  0.789935  -0.454544  1.000000  
105.087219 0.012321  -0.001366  -0.016811  0.686753  0.726746  -0.014518  -0.716514  0.680177  0.154815  0.122386  -0.095917  0.987837  -0.004791  0.005854  0.024276  0.242223  0.783027  -0.459170  1.000000  
105.088224 0.012316  -0.001361  -0.016788  0.687139  0.726377  -0.014719  -0.716030  0.680504  0.155613  0.123050  -0.096389  0.987708  -0.004743  0.005744  0.024228  0.253214  0.779104  -0.466020  1.000000  
