1-Time 2-Px 3-Py 4-Pz 5-R11 6-R21 7-R31 8-R12 9-R22 10-R32 11-R13 12-R23 13-R33 14-Vx 15-Vy 16-Vz 17-Wx 18-Wy 19-Wz 20-state
235.778779 0.018757  -0.005980  -0.007348  0.434414  0.680351  0.590260  -0.837611  0.546113  -0.013008  -0.331199  -0.488757  0.807108  -0.002819  -0.001429  -0.003846  0.000000  0.000000  0.000000  1.000000  
235.780018 0.018756  -0.005982  -0.007355  0.434414  0.680494  0.590095  -0.837611  0.546110  -0.013141  -0.331199  -0.488562  0.807227  -0.000719  -0.002217  -0.006973  0.000000  0.000000  0.000000  1.000000  
235.781263 0.018747  -0.005986  -0.007354  0.434414  0.680637  0.589930  -0.837611  0.546107  -0.013273  -0.331199  -0.488366  0.807345  -0.004354  -0.002597  -0.002520  0.000000  0.000000  0.000000  1.000000  
235.782512 0.018735  -0.005989  -0.007352  0.434587  0.680667  0.589768  -0.837521  0.546243  -0.013284  -0.331199  -0.488170  0.807464  -0.006072  -0.002582  -0.001225  0.000000  0.000000  0.000000  1.000000  
235.783512 0.018730  -0.005990  -0.007353  0.434587  0.680811  0.589603  -0.837521  0.546240  -0.013417  -0.331199  -0.487974  0.807582  -0.005953  -0.002296  -0.001207  0.000000  0.000000  0.000000  1.000000  
235.784512 0.018723  -0.005991  -0.007356  0.434759  0.680841  0.589440  -0.837432  0.546377  -0.013428  -0.331199  -0.487778  0.807700  -0.006103  -0.002070  -0.001412  0.000000  0.000000  0.000000  1.000000  
235.785763 0.018711  -0.005992  -0.007358  0.434759  0.681056  0.589193  -0.837432  0.546372  -0.013627  -0.331199  -0.487484  0.807878  -0.006793  -0.001754  -0.001538  0.000000  0.000000  0.000000  1.000000  
235.786764 0.018700  -0.005991  -0.007361  0.434759  0.681127  0.589110  -0.837432  0.546371  -0.013693  -0.331199  -0.487386  0.807937  -0.007376  -0.001459  -0.001676  0.000000  0.000000  0.000000  1.000000  
235.787770 0.018688  -0.005990  -0.007365  0.434759  0.681270  0.588945  -0.837432  0.546367  -0.013826  -0.331199  -0.487190  0.808055  -0.007855  -0.001199  -0.001966  0.000000  0.000000  0.000000  1.000000  
235.788772 0.018677  -0.005989  -0.007368  0.434759  0.681341  0.588862  -0.837432  0.546366  -0.013892  -0.331199  -0.487092  0.808114  -0.008186  -0.000946  -0.002072  0.000000  0.000000  0.000000  1.000000  
235.790019 0.018665  -0.005988  -0.007371  0.434759  0.681413  0.588779  -0.837432  0.546364  -0.013958  -0.331199  -0.486994  0.808173  -0.008351  -0.000727  -0.002071  0.000000  0.000000  0.000000  1.000000  
235.791021 0.018654  -0.005987  -0.007371  0.434759  0.681556  0.588614  -0.837432  0.546360  -0.014091  -0.331199  -0.486798  0.808291  -0.008572  -0.000566  -0.001945  0.000000  0.000000  0.000000  1.000000  
235.792024 0.018642  -0.005987  -0.007372  0.434759  0.681627  0.588531  -0.837432  0.546359  -0.014157  -0.331199  -0.486700  0.808350  -0.008849  -0.000563  -0.001808  0.000000  0.000000  0.000000  1.000000  
235.793263 0.018624  -0.005988  -0.007369  0.434759  0.681698  0.588449  -0.837432  0.546357  -0.014223  -0.331199  -0.486602  0.808409  -0.009281  -0.000547  -0.001455  0.000000  0.000000  0.000000  1.000000  
235.794513 0.018605  -0.005990  -0.007364  0.434932  0.681586  0.588452  -0.837342  0.546497  -0.014102  -0.331199  -0.486602  0.808409  -0.010139  -0.000631  -0.000815  0.000000  0.000000  0.000000  1.000000  
235.795763 0.018584  -0.005995  -0.007358  0.434932  0.681657  0.588369  -0.837342  0.546496  -0.014168  -0.331199  -0.486504  0.808468  -0.011212  -0.000663  -0.000202  0.000000  0.000000  0.000000  1.000000  
235.797013 0.018564  -0.005996  -0.007355  0.435104  0.681616  0.588289  -0.837253  0.546634  -0.014114  -0.331199  -0.486406  0.808527  -0.011724  -0.000541  -0.000155  0.000000  0.000000  0.000000  1.000000  
235.798016 0.018549  -0.005997  -0.007356  0.435276  0.681575  0.588209  -0.837163  0.546773  -0.014059  -0.331199  -0.486308  0.808586  -0.012325  -0.000475  -0.000230  0.000000  0.000000  0.000000  1.000000  
235.799264 0.018530  -0.005996  -0.007359  0.435276  0.681646  0.588127  -0.837163  0.546771  -0.014125  -0.331199  -0.486210  0.808645  -0.012968  -0.000341  -0.000232  0.000000  0.000000  0.000000  1.000000  
235.800267 0.018514  -0.005995  -0.007359  0.435449  0.681605  0.588047  -0.837073  0.546910  -0.014070  -0.331199  -0.486111  0.808704  -0.013551  -0.000310  -0.000089  0.000000  0.000000  0.000000  1.000000  
235.801267 0.018497  -0.005995  -0.007357  0.435600  0.681534  0.588017  -0.836944  0.547106  -0.014112  -0.331325  -0.485991  0.808725  -0.013901  -0.000292  0.000167  0.000000  0.000000  0.000000  1.000000  
235.802514 0.018479  -0.005994  -0.007351  0.435773  0.681492  0.587937  -0.836855  0.547245  -0.014057  -0.331325  -0.485892  0.808784  -0.014145  -0.000268  0.000854  0.000000  0.000000  0.000000  1.000000  
235.803518 0.018466  -0.005992  -0.007344  0.435945  0.681451  0.587858  -0.836765  0.547383  -0.014002  -0.331325  -0.485794  0.808843  -0.014221  -0.000192  0.001509  0.000000  0.000000  0.000000  1.000000  
235.804530 0.018454  -0.005989  -0.007337  0.436138  0.681511  0.587645  -0.836714  0.547463  -0.013918  -0.331199  -0.485621  0.808999  -0.014419  -0.000084  0.002253  0.000000  0.000000  0.000000  1.000000  
235.805770 0.018437  -0.005987  -0.007326  0.436482  0.681357  0.587568  -0.836535  0.547741  -0.013743  -0.331199  -0.485523  0.809058  -0.014666  -0.000046  0.003061  0.000000  0.000000  0.000000  1.000000  
235.806772 0.018422  -0.005987  -0.007319  0.436675  0.681345  0.587438  -0.836484  0.547822  -0.013592  -0.331073  -0.485447  0.809155  -0.014861  0.000017  0.003564  0.000000  0.000000  0.000000  1.000000  
235.808025 0.018403  -0.005988  -0.007312  0.436847  0.681375  0.587276  -0.836394  0.547959  -0.013604  -0.331073  -0.485251  0.809273  -0.015000  -0.000026  0.003866  0.000000  0.000000  0.000000  1.000000  
235.809025 0.018389  -0.005989  -0.007309  0.437040  0.681363  0.587146  -0.836344  0.548041  -0.013454  -0.330947  -0.485176  0.809369  -0.014919  0.000092  0.003840  0.000000  0.000000  0.000000  1.000000  
235.810045 0.018375  -0.005988  -0.007307  0.437212  0.681393  0.586983  -0.836254  0.548178  -0.013466  -0.330947  -0.484979  0.809487  -0.014729  0.000316  0.003561  0.000000  0.000000  0.000000  1.000000  
235.811272 0.018356  -0.005988  -0.007308  0.437577  0.681268  0.586856  -0.836113  0.548399  -0.013195  -0.330820  -0.484904  0.809584  -0.014583  0.000541  0.003293  0.000000  0.000000  0.000000  1.000000  
235.812513 0.018336  -0.005987  -0.007308  0.437749  0.681227  0.586776  -0.836023  0.548538  -0.013140  -0.330820  -0.484806  0.809643  -0.014658  0.000674  0.003217  0.000000  0.000000  0.000000  1.000000  
235.813764 0.018317  -0.005986  -0.007307  0.437921  0.681185  0.586696  -0.835932  0.548676  -0.013086  -0.330820  -0.484708  0.809702  -0.014759  0.000681  0.003416  0.000000  0.000000  0.000000  1.000000  
235.815014 0.018297  -0.005985  -0.007303  0.438286  0.681060  0.586568  -0.835791  0.548898  -0.012815  -0.330694  -0.484632  0.809798  -0.014735  0.000723  0.003716  0.000000  0.000000  0.000000  1.000000  
235.816020 0.018280  -0.005983  -0.007298  0.438458  0.681018  0.586488  -0.835701  0.549036  -0.012761  -0.330694  -0.484534  0.809857  -0.014711  0.000801  0.004021  0.000000  0.000000  0.000000  1.000000  
235.817263 0.018260  -0.005981  -0.007290  0.438822  0.680965  0.586278  -0.835560  0.549256  -0.012557  -0.330568  -0.484360  0.810013  -0.014839  0.000927  0.004138  0.000000  0.000000  0.000000  1.000000  
235.818264 0.018244  -0.005976  -0.007284  0.438994  0.680923  0.586198  -0.835469  0.549395  -0.012503  -0.330568  -0.484262  0.810071  -0.015029  0.001078  0.004139  0.000000  0.000000  0.000000  1.000000  
235.819513 0.018224  -0.005974  -0.007280  0.439187  0.680911  0.586068  -0.835418  0.549476  -0.012353  -0.330441  -0.484186  0.810168  -0.015382  0.001034  0.003820  0.000000  0.000000  0.000000  1.000000  
235.820558 0.018212  -0.005972  -0.007278  0.439380  0.680970  0.585854  -0.835367  0.549556  -0.012270  -0.330315  -0.484012  0.810323  -0.015248  0.001040  0.003285  0.000000  0.000000  0.000000  1.000000  
235.821773 0.018190  -0.005971  -0.007276  0.439744  0.680916  0.585644  -0.835225  0.549776  -0.012066  -0.330189  -0.483838  0.810479  -0.015460  0.001087  0.002800  0.000000  0.000000  0.000000  1.000000  
235.823019 0.018164  -0.005969  -0.007275  0.440109  0.680933  0.585350  -0.835083  0.549995  -0.011929  -0.330063  -0.483566  0.810693  -0.015958  0.001289  0.002451  0.000000  0.000000  0.000000  1.000000  
235.824024 0.018146  -0.005966  -0.007273  0.440322  0.681022  0.585086  -0.835070  0.550018  -0.011750  -0.329810  -0.483415  0.810886  -0.016225  0.001494  0.002380  0.000000  0.000000  0.000000  1.000000  
235.825270 0.018125  -0.005963  -0.007269  0.440686  0.681038  0.584793  -0.834928  0.550237  -0.011613  -0.329684  -0.483142  0.811100  -0.016446  0.001695  0.002609  -0.077664  0.153627  -0.151560  1.000000  
235.826514 0.018104  -0.005960  -0.007264  0.441050  0.681055  0.584499  -0.834785  0.550456  -0.011477  -0.329557  -0.482869  0.811313  -0.016556  0.001826  0.002937  -0.083562  0.160838  -0.154929  1.000000  
235.827514 0.018087  -0.005957  -0.007258  0.441243  0.681113  0.584285  -0.834733  0.550536  -0.011394  -0.329431  -0.482695  0.811468  -0.016657  0.002013  0.003400  -0.085366  0.168021  -0.158256  1.000000  
235.828764 0.018065  -0.005953  -0.007251  0.441435  0.681243  0.583989  -0.834682  0.550615  -0.011378  -0.329305  -0.482422  0.811682  -0.016798  0.002201  0.003765  -0.096811  0.170445  -0.154704  1.000000  
235.829764 0.018048  -0.005949  -0.007246  0.441628  0.681301  0.583775  -0.834630  0.550696  -0.011296  -0.329178  -0.482248  0.811837  -0.016903  0.002389  0.003856  -0.100883  0.174271  -0.152471  1.000000  
235.831014 0.018027  -0.005945  -0.007242  0.441820  0.681359  0.583562  -0.834578  0.550776  -0.011213  -0.329052  -0.482073  0.811991  -0.016901  0.002557  0.003723  -0.100874  0.181877  -0.147925  1.000000  
235.832020 0.018012  -0.005942  -0.007241  0.441992  0.681388  0.583399  -0.834487  0.550914  -0.011226  -0.329052  -0.481876  0.812108  -0.016815  0.002636  0.003335  -0.105756  0.183304  -0.149141  1.000000  
235.833265 0.017992  -0.005938  -0.007243  0.442377  0.681363  0.583136  -0.834382  0.551078  -0.010928  -0.328799  -0.481724  0.812301  -0.016819  0.002573  0.002755  -0.106744  0.192843  -0.149017  1.000000  
235.834514 0.017972  -0.005935  -0.007246  0.442397  0.681605  0.582837  -0.834421  0.551017  -0.011032  -0.328673  -0.481451  0.812514  -0.016779  0.002593  0.002232  -0.113113  0.189534  -0.143557  1.000000  
235.835514 0.017956  -0.005933  -0.007247  0.442569  0.681633  0.582674  -0.834330  0.551154  -0.011046  -0.328673  -0.481254  0.812631  -0.017095  0.002583  0.002050  -0.117119  0.189444  -0.143544  1.000000  
235.836516 0.017940  -0.005932  -0.007246  0.442761  0.681691  0.582460  -0.834278  0.551235  -0.010964  -0.328547  -0.481079  0.812785  -0.016988  0.002664  0.002018  -0.121170  0.193240  -0.141289  1.000000  
235.837778 0.017921  -0.005929  -0.007241  0.442954  0.681819  0.582163  -0.834225  0.551315  -0.010949  -0.328420  -0.480806  0.812998  -0.016437  0.002665  0.002280  -0.128525  0.191404  -0.136874  1.000000  
235.839016 0.017903  -0.005926  -0.007235  0.443146  0.681948  0.581866  -0.834173  0.551394  -0.010933  -0.328294  -0.480532  0.813211  -0.016160  0.002666  0.002544  -0.135645  0.189889  -0.135866  1.000000  
235.840024 0.017891  -0.005922  -0.007228  0.443318  0.682046  0.581620  -0.834082  0.551531  -0.011014  -0.328294  -0.480236  0.813386  -0.015864  0.002749  0.002767  -0.139751  0.189933  -0.135984  1.000000  
235.841268 0.017874  -0.005918  -0.007221  0.443682  0.682202  0.581160  -0.833938  0.551748  -0.011013  -0.328167  -0.479765  0.813715  -0.015566  0.002849  0.002928  -0.155864  0.189765  -0.135974  1.000000  
235.842513 0.017858  -0.005912  -0.007214  0.444046  0.682357  0.580700  -0.833794  0.551966  -0.011013  -0.328041  -0.479294  0.814043  -0.015246  0.002995  0.002938  -0.169776  0.196844  -0.139329  1.000000  
235.843516 0.017845  -0.005907  -0.007212  0.444238  0.682555  0.580320  -0.833741  0.552044  -0.011065  -0.327915  -0.478921  0.814314  -0.014896  0.003101  0.002645  -0.183435  0.202310  -0.138258  1.000000  
235.844786 0.017829  -0.005902  -0.007209  0.444602  0.682710  0.579859  -0.833597  0.552262  -0.011065  -0.327788  -0.478449  0.814642  -0.014527  0.003208  0.002444  -0.199635  0.202126  -0.138246  1.000000  
235.846012 0.017815  -0.005895  -0.007209  0.445117  0.682720  0.579452  -0.833322  0.552677  -0.011042  -0.327788  -0.477955  0.814932  -0.014120  0.003361  0.002246  -0.209829  0.207201  -0.148459  1.000000  
235.847014 0.017803  -0.005890  -0.007207  0.445460  0.682703  0.579208  -0.833139  0.552954  -0.011004  -0.327788  -0.477659  0.815106  -0.013948  0.003446  0.002245  -0.215623  0.204969  -0.152021  1.000000  
235.848020 0.017789  -0.005886  -0.007205  0.445824  0.682787  0.578830  -0.832994  0.553174  -0.010938  -0.327662  -0.477285  0.815375  -0.013696  0.003553  0.002548  -0.225552  0.212085  -0.155394  1.000000  
235.849264 0.017772  -0.005881  -0.007201  0.446338  0.682796  0.578422  -0.832719  0.553589  -0.010916  -0.327662  -0.476791  0.815664  -0.013554  0.003674  0.003044  -0.237365  0.214850  -0.169045  1.000000  
235.850266 0.017757  -0.005879  -0.007196  0.446681  0.682848  0.578096  -0.832535  0.553865  -0.010947  -0.327662  -0.476395  0.815896  -0.013507  0.003696  0.003456  -0.243617  0.214556  -0.177302  1.000000  
235.851513 0.017739  -0.005876  -0.007191  0.447216  0.682887  0.577636  -0.832297  0.554224  -0.010830  -0.327535  -0.475922  0.816222  -0.013419  0.003706  0.003702  -0.253354  0.217583  -0.182847  1.000000  
235.852767 0.017722  -0.005872  -0.007185  0.447730  0.682895  0.577229  -0.832021  0.554639  -0.010809  -0.327535  -0.475427  0.816511  -0.013269  0.003808  0.003758  -0.261049  0.215071  -0.189207  1.000000  
235.854015 0.017707  -0.005866  -0.007181  0.448435  0.682818  0.576772  -0.831691  0.555139  -0.010575  -0.327409  -0.474954  0.816837  -0.013119  0.003989  0.003566  -0.262493  0.221069  -0.208401  1.000000  
235.855023 0.017693  -0.005863  -0.007180  0.448949  0.682824  0.576364  -0.831413  0.555554  -0.010555  -0.327409  -0.474458  0.817125  -0.013177  0.003983  0.003215  -0.270485  0.222170  -0.218089  1.000000  
235.856024 0.017680  -0.005857  -0.007180  0.449483  0.682791  0.575987  -0.831174  0.555915  -0.010373  -0.327283  -0.474084  0.817393  -0.013184  0.004101  0.002769  -0.276349  0.225361  -0.223770  1.000000  
235.857268 0.017663  -0.005851  -0.007180  0.449996  0.682936  0.575414  -0.830897  0.556328  -0.010490  -0.327283  -0.473389  0.817795  -0.013200  0.004116  0.002275  -0.288185  0.228009  -0.237505  1.000000  
235.858270 0.017649  -0.005845  -0.007180  0.450530  0.682972  0.574954  -0.830657  0.556688  -0.010376  -0.327156  -0.472915  0.818120  -0.013270  0.004184  0.002168  -0.295901  0.234516  -0.248879  1.000000  
235.859514 0.017632  -0.005837  -0.007176  0.451235  0.683031  0.574330  -0.830324  0.557186  -0.010279  -0.327030  -0.472242  0.818559  -0.013403  0.004367  0.002261  -0.305499  0.244326  -0.266007  1.000000  
235.860515 0.017617  -0.005830  -0.007172  0.451748  0.683035  0.573923  -0.830045  0.557601  -0.010263  -0.327030  -0.471746  0.818845  -0.013617  0.004463  0.002540  -0.313153  0.250784  -0.277364  1.000000  
235.861763 0.017597  -0.005823  -0.007163  0.452452  0.683162  0.573216  -0.829712  0.558099  -0.010235  -0.326903  -0.470973  0.819341  -0.013933  0.004543  0.002946  -0.330966  0.260603  -0.294564  1.000000  
235.863013 0.017576  -0.005816  -0.007154  0.453156  0.683289  0.572509  -0.829377  0.558596  -0.010209  -0.326777  -0.470199  0.819835  -0.014227  0.004640  0.003415  -0.350909  0.263092  -0.308252  1.000000  
235.864020 0.017558  -0.005811  -0.007147  0.453689  0.683390  0.571965  -0.829135  0.558955  -0.010166  -0.326650  -0.469624  0.820215  -0.014500  0.004759  0.003637  -0.360344  0.276633  -0.322985  1.000000  
235.865263 0.017536  -0.005803  -0.007140  0.454222  0.683630  0.571255  -0.828893  0.559313  -0.010259  -0.326524  -0.468850  0.820708  -0.014740  0.005024  0.003704  -0.376346  0.283075  -0.334574  1.000000  
235.866512 0.017515  -0.005795  -0.007136  0.454947  0.683852  0.570412  -0.828596  0.559755  -0.010207  -0.326271  -0.467997  0.821296  -0.014930  0.005407  0.003636  -0.394889  0.294160  -0.346609  1.000000  
235.867513 0.017499  -0.005788  -0.007133  0.455480  0.684021  0.569784  -0.828353  0.560113  -0.010234  -0.326144  -0.467321  0.821731  -0.015138  0.005678  0.003565  -0.410273  0.303159  -0.361232  1.000000  
235.868530 0.017483  -0.005781  -0.007131  0.456012  0.684188  0.569157  -0.828109  0.560473  -0.010262  -0.326018  -0.466644  0.822165  -0.015364  0.005887  0.003458  -0.421706  0.313112  -0.370156  1.000000  
235.869764 0.017461  -0.005773  -0.007128  0.456715  0.684309  0.568448  -0.827772  0.560971  -0.010241  -0.325891  -0.465868  0.822655  -0.015678  0.006014  0.003505  -0.431905  0.320133  -0.384288  1.000000  
235.870764 0.017445  -0.005766  -0.007126  0.457247  0.684474  0.567820  -0.827528  0.561331  -0.010271  -0.325765  -0.465191  0.823089  -0.015856  0.006196  0.003674  -0.443642  0.326388  -0.395723  1.000000  
235.871770 0.017429  -0.005759  -0.007123  0.457630  0.684785  0.567136  -0.827416  0.561495  -0.010321  -0.325512  -0.464534  0.823559  -0.016084  0.006363  0.003817  -0.455558  0.332704  -0.397011  1.000000  
235.872780 0.017413  -0.005751  -0.007117  0.458162  0.685018  0.566425  -0.827171  0.561854  -0.010419  -0.325385  -0.463756  0.824048  -0.016281  0.006538  0.004263  -0.469386  0.335484  -0.402696  1.000000  
235.874025 0.017393  -0.005741  -0.007108  0.458885  0.685234  0.565579  -0.826869  0.562298  -0.010374  -0.325132  -0.462899  0.824629  -0.016435  0.006625  0.004626  -0.479140  0.352835  -0.415669  1.000000  
235.875283 0.017371  -0.005732  -0.007099  0.459608  0.685516  0.564649  -0.826567  0.562742  -0.010398  -0.324879  -0.461941  0.825266  -0.016612  0.006677  0.004903  -0.497187  0.359497  -0.419306  1.000000  
235.876517 0.017349  -0.005723  -0.007091  0.460331  0.685865  0.563635  -0.826264  0.563185  -0.010492  -0.324626  -0.460882  0.825957  -0.016772  0.006764  0.004883  -0.521503  0.373590  -0.426733  1.000000  
235.877768 0.017327  -0.005714  -0.007085  0.461054  0.686144  0.562704  -0.825961  0.563629  -0.010518  -0.324373  -0.459922  0.826592  -0.016911  0.006901  0.004669  -0.539892  0.380475  -0.430680  1.000000  
235.879013 0.017304  -0.005704  -0.007080  0.461606  0.686606  0.561686  -0.825752  0.563932  -0.010730  -0.324120  -0.458861  0.827281  -0.016947  0.007094  0.004500  -0.561515  0.387878  -0.428665  1.000000  
235.880019 0.017287  -0.005696  -0.007075  0.462158  0.686930  0.560835  -0.825542  0.564237  -0.010806  -0.323867  -0.457999  0.827857  -0.016899  0.007283  0.004457  -0.582558  0.398562  -0.428133  1.000000  
235.881262 0.017266  -0.005685  -0.007068  0.462880  0.687273  0.559819  -0.825237  0.564681  -0.010904  -0.323614  -0.456936  0.828543  -0.016856  0.007461  0.004585  -0.601734  0.405214  -0.434107  1.000000  
235.882512 0.017244  -0.005675  -0.007057  0.463623  0.687712  0.558665  -0.824969  0.565072  -0.010976  -0.323234  -0.455792  0.829321  -0.016985  0.007527  0.005048  -0.630134  0.416419  -0.427958  1.000000  
235.883762 0.017223  -0.005664  -0.007045  0.464366  0.688148  0.557509  -0.824700  0.565463  -0.011049  -0.322854  -0.454647  0.830097  -0.017014  0.007678  0.005705  -0.660080  0.427327  -0.427658  1.000000  
235.884763 0.017206  -0.005655  -0.007034  0.465088  0.688350  0.556658  -0.824392  0.565912  -0.011014  -0.322601  -0.453782  0.830669  -0.017028  0.007832  0.006244  -0.670659  0.437751  -0.431542  1.000000  
235.886012 0.017185  -0.005645  -0.007022  0.465809  0.688820  0.555472  -0.824084  0.566356  -0.011255  -0.322347  -0.452513  0.831459  -0.017080  0.007930  0.006882  -0.703091  0.441160  -0.429841  1.000000  
235.887018 0.017168  -0.005638  -0.007011  0.466381  0.689300  0.554395  -0.823909  0.566608  -0.011377  -0.321967  -0.451464  0.832176  -0.017099  0.007903  0.007384  -0.727256  0.452301  -0.423630  1.000000  
235.888037 0.017152  -0.005631  -0.007002  0.466933  0.689681  0.553456  -0.823695  0.566915  -0.011529  -0.321714  -0.450496  0.832799  -0.017146  0.007814  0.007595  -0.745224  0.459302  -0.425218  1.000000  
235.889270 0.017130  -0.005623  -0.006990  0.467653  0.690146  0.552267  -0.823385  0.567360  -0.011774  -0.321461  -0.449223  0.833584  -0.017231  0.007692  0.007739  -0.770073  0.462901  -0.423777  1.000000  
235.890520 0.017108  -0.005616  -0.006980  0.468564  0.690587  0.550942  -0.823016  0.567895  -0.011879  -0.321080  -0.447868  0.834459  -0.017272  0.007663  0.007825  -0.796417  0.477312  -0.423532  1.000000  
235.891772 0.017086  -0.005609  -0.006972  0.469475  0.691026  0.549615  -0.822645  0.568429  -0.011986  -0.320700  -0.446511  0.835332  -0.017230  0.007507  0.007864  -0.820550  0.490965  -0.431237  1.000000  
235.893016 0.017063  -0.005602  -0.006964  0.470364  0.691365  0.548427  -0.822235  0.569018  -0.012124  -0.320447  -0.445233  0.836111  -0.017266  0.007345  0.008055  -0.838978  0.497636  -0.435539  1.000000  
235.894016 0.017046  -0.005596  -0.006954  0.471105  0.691716  0.547347  -0.821959  0.569417  -0.012141  -0.320067  -0.444177  0.836818  -0.017221  0.007174  0.008377  -0.854460  0.504204  -0.433956  1.000000  
235.895264 0.017023  -0.005590  -0.006940  0.471994  0.692051  0.546157  -0.821548  0.570007  -0.012282  -0.319813  -0.442897  0.837593  -0.017325  0.006886  0.008922  -0.871563  0.510871  -0.443979  1.000000  
235.896266 0.017005  -0.005584  -0.006928  0.472734  0.692464  0.544992  -0.821271  0.570405  -0.012371  -0.319433  -0.441737  0.838350  -0.017407  0.006711  0.009300  -0.889916  0.521443  -0.446056  1.000000  
235.897514 0.016981  -0.005578  -0.006911  0.473622  0.692794  0.543801  -0.820857  0.570996  -0.012516  -0.319179  -0.440455  0.839121  -0.017694  0.006412  0.009791  -0.904078  0.527932  -0.450362  1.000000  
235.898764 0.016959  -0.005572  -0.006893  0.474531  0.693216  0.542468  -0.820480  0.571535  -0.012636  -0.318799  -0.439088  0.839981  -0.017648  0.006042  0.010110  -0.925152  0.537369  -0.454693  1.000000  
235.899766 0.016940  -0.005568  -0.006881  0.475270  0.693623  0.541300  -0.820200  0.571935  -0.012730  -0.318418  -0.437924  0.840733  -0.017723  0.005794  0.010239  -0.942782  0.552174  -0.460561  1.000000  
235.901014 0.016917  -0.005564  -0.006866  0.476179  0.694105  0.539881  -0.819821  0.572474  -0.012922  -0.318038  -0.436453  0.841642  -0.017835  0.005385  0.010396  -0.964118  0.557713  -0.467331  1.000000  
235.902264 0.016893  -0.005561  -0.006850  0.477255  0.694467  0.538464  -0.819342  0.573157  -0.013006  -0.317657  -0.434979  0.842548  -0.018029  0.005011  0.010605  -0.983256  0.570573  -0.474968  1.000000  
235.903279 0.016874  -0.005560  -0.006837  0.477994  0.694865  0.537294  -0.819059  0.573560  -0.013106  -0.317276  -0.433811  0.843293  -0.018235  0.004611  0.010767  -1.003501  0.578477  -0.477400  1.000000  
235.904523 0.016850  -0.005559  -0.006820  0.478901  0.695403  0.535787  -0.818676  0.574099  -0.013374  -0.316896  -0.432231  0.844247  -0.018434  0.004161  0.011197  -1.023574  0.583231  -0.483804  1.000000  
235.905765 0.016825  -0.005560  -0.006803  0.479829  0.695838  0.534391  -0.818329  0.574593  -0.013409  -0.316388  -0.430874  0.845131  -0.018593  0.003653  0.011768  -1.038405  0.593833  -0.486538  1.000000  
235.906772 0.016806  -0.005561  -0.006787  0.480567  0.696229  0.533217  -0.818043  0.574998  -0.013513  -0.316007  -0.429701  0.845870  -0.018679  0.003171  0.012410  -1.048305  0.604697  -0.494772  1.000000  
235.908018 0.016780  -0.005562  -0.006766  0.481305  0.696747  0.531874  -0.817756  0.575400  -0.013759  -0.315626  -0.428321  0.846712  -0.018898  0.002613  0.013220  -1.065031  0.608091  -0.493701  1.000000  
235.909021 0.016759  -0.005564  -0.006749  0.482042  0.697069  0.530783  -0.817469  0.575808  -0.013796  -0.315246  -0.427248  0.847396  -0.019078  0.002144  0.013759  -1.071018  0.614459  -0.498113  1.000000  
235.910264 0.016733  -0.005566  -0.006726  0.482801  0.697611  0.529379  -0.817217  0.576162  -0.013947  -0.314738  -0.425884  0.848271  -0.019292  0.001605  0.014287  -1.079791  0.621865  -0.495128  1.000000  
235.911265 0.016712  -0.005568  -0.006709  0.483370  0.697983  0.528368  -0.817027  0.576429  -0.014026  -0.314357  -0.424911  0.848900  -0.019476  0.001085  0.014628  -1.083991  0.625244  -0.493771  1.000000  
235.912266 0.016692  -0.005570  -0.006693  0.483960  0.698447  0.527214  -0.816873  0.576646  -0.014078  -0.313848  -0.423853  0.849616  -0.019597  0.000575  0.014828  -1.092447  0.632663  -0.490447  1.000000  
235.913514 0.016666  -0.005572  -0.006672  0.484550  0.699100  0.525804  -0.816718  0.576858  -0.014341  -0.313340  -0.422484  0.850485  -0.019860  -0.000014  0.015012  -1.103220  0.632939  -0.483684  1.000000  
235.914765 0.016638  -0.005577  -0.006651  0.485287  0.699540  0.524539  -0.816427  0.577266  -0.014525  -0.312959  -0.421199  0.851263  -0.020119  -0.000577  0.015351  -1.107393  0.636149  -0.482577  1.000000  
235.916016 0.016610  -0.005582  -0.006628  0.485898  0.700153  0.523153  -0.816307  0.577433  -0.014622  -0.312324  -0.419948  0.852114  -0.020466  -0.001223  0.015862  -1.112144  0.637381  -0.467894  1.000000  
235.917263 0.016582  -0.005586  -0.006602  0.486488  0.700798  0.521739  -0.816150  0.577648  -0.014888  -0.311815  -0.418574  0.852975  -0.020762  -0.001664  0.016546  -1.115550  0.639487  -0.461057  1.000000  
235.918264 0.016558  -0.005591  -0.006579  0.486888  0.701279  0.520719  -0.816057  0.577774  -0.015080  -0.311434  -0.417594  0.853595  -0.021101  -0.002052  0.017232  -1.117940  0.639940  -0.454065  1.000000  
235.919513 0.016528  -0.005596  -0.006548  0.487498  0.701822  0.519414  -0.815935  0.577946  -0.015110  -0.310798  -0.416442  0.854389  -0.021454  -0.002523  0.018163  -1.116532  0.644329  -0.445319  1.000000  
235.920516 0.016504  -0.005601  -0.006522  0.487898  0.702362  0.518308  -0.815841  0.578072  -0.015373  -0.310416  -0.415357  0.855056  -0.021729  -0.002752  0.018963  -1.121128  0.641832  -0.432631  1.000000  
235.921521 0.016481  -0.005605  -0.006497  0.488319  0.702929  0.517142  -0.815783  0.578150  -0.015538  -0.309908  -0.414288  0.855759  -0.022036  -0.002983  0.019710  -1.125062  0.641611  -0.417695  1.000000  
235.922769 0.016451  -0.005609  -0.006465  0.488908  0.703562  0.515722  -0.815623  0.578368  -0.015808  -0.309399  -0.412906  0.856610  -0.022355  -0.003244  0.020442  -1.133601  0.642957  -0.402982  1.000000  
235.923778 0.016428  -0.005612  -0.006438  0.489329  0.704062  0.514639  -0.815564  0.578449  -0.015904  -0.308890  -0.411938  0.857260  -0.022478  -0.003240  0.021036  -1.133855  0.640392  -0.390024  1.000000  
235.925018 0.016398  -0.005615  -0.006406  0.489918  0.704691  0.513216  -0.815403  0.578668  -0.016176  -0.308381  -0.410553  0.858107  -0.022760  -0.003353  0.021696  -1.142843  0.642092  -0.375476  1.000000  
235.926108 0.016374  -0.005618  -0.006380  0.490317  0.705222  0.512105  -0.815307  0.578795  -0.016442  -0.307999  -0.409461  0.858766  -0.022804  -0.003346  0.022138  -1.139966  0.633827  -0.363617  1.000000  
235.927271 0.016344  -0.005621  -0.006347  0.490927  0.705873  0.510620  -0.815180  0.578969  -0.016616  -0.307362  -0.408090  0.859646  -0.023204  -0.003417  0.023110  -1.151938  0.641288  -0.348003  1.000000  
235.928512 0.016314  -0.005624  -0.006313  0.491369  0.706642  0.509131  -0.815154  0.578998  -0.016897  -0.306726  -0.406718  0.860523  -0.023444  -0.003461  0.023960  -1.159378  0.637812  -0.330605  1.000000  
235.929514 0.016289  -0.005627  -0.006284  0.491789  0.707256  0.507871  -0.815092  0.579078  -0.017136  -0.306216  -0.405535  0.861263  -0.023668  -0.003429  0.024908  -1.163704  0.637967  -0.314863  1.000000  
235.930765 0.016259  -0.005632  -0.006244  0.492377  0.707932  0.506356  -0.814928  0.579298  -0.017481  -0.305707  -0.404036  0.862147  -0.023836  -0.003388  0.026001  -1.168181  0.635589  -0.302289  1.000000  
235.932015 0.016228  -0.005637  -0.006205  0.492986  0.708512  0.504951  -0.814799  0.579477  -0.017589  -0.305070  -0.402763  0.862968  -0.024008  -0.003406  0.026898  -1.166796  0.634497  -0.281784  1.000000  
235.933262 0.016198  -0.005641  -0.006163  0.493763  0.709030  0.503463  -0.814567  0.579800  -0.017664  -0.304432  -0.401383  0.863836  -0.024013  -0.003334  0.027749  -1.166121  0.637194  -0.276752  1.000000  
235.934264 0.016174  -0.005643  -0.006131  0.494182  0.709634  0.502198  -0.814503  0.579883  -0.017905  -0.303923  -0.400193  0.864567  -0.024029  -0.003186  0.028288  -1.165982  0.637331  -0.260447  1.000000  
235.935512 0.016145  -0.005646  -0.006091  0.494958  0.710208  0.500621  -0.814269  0.580207  -0.018053  -0.303285  -0.398705  0.865478  -0.023968  -0.003059  0.028742  -1.168659  0.639658  -0.255494  1.000000  
235.936516 0.016123  -0.005648  -0.006060  0.495399  0.710774  0.499379  -0.814238  0.580248  -0.018127  -0.302648  -0.397634  0.866194  -0.023853  -0.002918  0.029118  -1.172972  0.641592  -0.240747  1.000000  
235.937516 0.016100  -0.005650  -0.006027  0.495986  0.711252  0.498115  -0.814071  0.580479  -0.018267  -0.302137  -0.396440  0.866919  -0.023774  -0.002796  0.029617  -1.173169  0.645273  -0.239806  1.000000  
235.938533 0.016078  -0.005651  -0.005994  0.496594  0.711756  0.496788  -0.813936  0.580665  -0.018310  -0.301500  -0.395262  0.867679  -0.023701  -0.002652  0.030095  -1.182896  0.652454  -0.227009  1.000000  
235.939772 0.016050  -0.005651  -0.005950  0.497201  0.712437  0.495201  -0.813802  0.580846  -0.018564  -0.300862  -0.393765  0.868580  -0.023591  -0.002437  0.030886  -1.190093  0.651053  -0.224413  1.000000  
235.941020 0.016021  -0.005651  -0.005906  0.497997  0.713023  0.493556  -0.813598  0.581130  -0.018619  -0.300096  -0.392284  0.869515  -0.023650  -0.002230  0.031804  -1.198167  0.661271  -0.217762  1.000000  
235.942269 0.015993  -0.005652  -0.005860  0.498793  0.713664  0.491822  -0.813392  0.581413  -0.018746  -0.299330  -0.390694  0.870494  -0.023402  -0.002071  0.032530  -1.210627  0.669012  -0.215154  1.000000  
235.943514 0.015963  -0.005652  -0.005813  0.499588  0.714302  0.490086  -0.813186  0.581698  -0.018874  -0.298564  -0.389102  0.871470  -0.023368  -0.001809  0.033416  -1.217228  0.679743  -0.218634  1.000000  
235.944517 0.015939  -0.005652  -0.005774  0.500195  0.714850  0.488665  -0.813047  0.581888  -0.018993  -0.297926  -0.387808  0.872265  -0.023353  -0.001621  0.033978  -1.225650  0.687607  -0.215879  1.000000  
235.945765 0.015908  -0.005653  -0.005728  0.500990  0.715481  0.486926  -0.812838  0.582176  -0.019124  -0.297159  -0.386211  0.873234  -0.023384  -0.001440  0.034449  -1.231850  0.695221  -0.223367  1.000000  
235.947014 0.015876  -0.005653  -0.005683  0.501784  0.716048  0.485271  -0.812628  0.582467  -0.019186  -0.296392  -0.384718  0.874153  -0.023445  -0.001120  0.034769  -1.238456  0.704745  -0.224764  1.000000  
235.948036 0.015851  -0.005654  -0.005648  0.502411  0.716614  0.483784  -0.812520  0.582617  -0.019208  -0.295626  -0.383434  0.874976  -0.023465  -0.000888  0.034827  -1.247967  0.718957  -0.225978  1.000000  
235.949264 0.015819  -0.005653  -0.005605  0.503225  0.717260  0.481977  -0.812341  0.582865  -0.019244  -0.294731  -0.381846  0.875972  -0.023656  -0.000651  0.035088  -1.263504  0.730087  -0.229704  1.000000  
235.950514 0.015788  -0.005653  -0.005561  0.504039  0.717844  0.480255  -0.812161  0.583118  -0.019211  -0.293836  -0.380361  0.876919  -0.023841  -0.000352  0.035455  -1.265477  0.745444  -0.233496  1.000000  
235.951764 0.015754  -0.005652  -0.005516  0.504853  0.718423  0.478530  -0.811979  0.583372  -0.019180  -0.292940  -0.378874  0.877861  -0.024214  -0.000176  0.035812  -1.268140  0.756084  -0.237220  1.000000  
235.952800 0.015727  -0.005651  -0.005480  0.505312  0.719097  0.477033  -0.811970  0.583380  -0.019304  -0.292173  -0.377582  0.878674  -0.024505  0.000018  0.035983  -1.277709  0.769425  -0.236521  1.000000  
235.954014 0.015692  -0.005648  -0.005431  0.506145  0.719754  0.475155  -0.811819  0.583592  -0.019246  -0.291149  -0.375998  0.879692  -0.024997  0.000175  0.036333  -1.284759  0.789130  -0.238853  1.000000  
235.955031 0.015662  -0.005647  -0.005393  0.506770  0.720301  0.473657  -0.811704  0.583751  -0.019274  -0.290381  -0.374702  0.880498  -0.025506  0.000291  0.036577  -1.291035  0.798994  -0.240270  1.000000  
235.956271 0.015625  -0.005644  -0.005344  0.507415  0.721158  0.471658  -0.811621  0.583857  -0.019556  -0.289484  -0.372885  0.881564  -0.026076  0.000519  0.036849  -1.309112  0.811735  -0.236659  1.000000  
235.957271 0.015594  -0.005642  -0.005306  0.507872  0.721875  0.470066  -0.811609  0.583867  -0.019754  -0.288716  -0.371477  0.882410  -0.026623  0.000620  0.036865  -1.322146  0.816516  -0.230272  1.000000  
235.958519 0.015553  -0.005639  -0.005259  0.508537  0.722692  0.468087  -0.811556  0.583936  -0.019867  -0.287691  -0.369776  0.883459  -0.027372  0.000838  0.036830  -1.333459  0.830988  -0.230340  1.000000  
235.959798 0.015513  -0.005636  -0.005213  0.509202  0.723561  0.466018  -0.811502  0.584005  -0.020052  -0.286666  -0.367964  0.884548  -0.027990  0.001119  0.036708  -1.342753  0.844742  -0.232485  1.000000  
235.961016 0.015472  -0.005632  -0.005166  0.509886  0.724394  0.463971  -0.811479  0.584036  -0.020066  -0.285512  -0.366271  0.885623  -0.028706  0.001451  0.036877  -1.357006  0.865914  -0.225416  1.000000  
235.962264 0.015430  -0.005627  -0.005118  0.510550  0.725197  0.461984  -0.811423  0.584111  -0.020182  -0.284486  -0.364560  0.886659  -0.029458  0.001746  0.037077  -1.371830  0.875301  -0.215720  1.000000  
235.963514 0.015387  -0.005623  -0.005069  0.511213  0.725938  0.460082  -0.811364  0.584191  -0.020227  -0.283459  -0.362954  0.887646  -0.030205  0.002037  0.037438  -1.380524  0.887376  -0.212064  1.000000  
235.964764 0.015344  -0.005619  -0.005019  0.511729  0.726821  0.458110  -0.811442  0.584082  -0.020267  -0.282304  -0.361359  0.888664  -0.030862  0.002240  0.037932  -1.386530  0.900705  -0.203173  1.000000  
235.965764 0.015309  -0.005616  -0.004978  0.512224  0.727563  0.456376  -0.811486  0.584020  -0.020266  -0.281277  -0.359962  0.889556  -0.031549  0.002470  0.038320  -1.402077  0.914715  -0.188958  1.000000  
235.967014 0.015266  -0.005611  -0.004927  0.512885  0.728347  0.454379  -0.811424  0.584103  -0.020384  -0.280250  -0.358239  0.890575  -0.032212  0.002681  0.038728  -1.410633  0.922609  -0.187308  1.000000  
235.968020 0.015230  -0.005608  -0.004886  0.513380  0.729026  0.452728  -0.811466  0.584047  -0.020312  -0.279222  -0.356946  0.891417  -0.032772  0.002853  0.039001  -1.415754  0.935433  -0.178339  1.000000  
235.969263 0.015186  -0.005604  -0.004835  0.513893  0.729946  0.450658  -0.811538  0.583943  -0.020422  -0.278066  -0.355231  0.892463  -0.033322  0.003000  0.039124  -1.428000  0.942084  -0.162927  1.000000  
235.970266 0.015150  -0.005600  -0.004795  0.514534  0.730473  0.449071  -0.811440  0.584082  -0.020359  -0.277166  -0.353919  0.893264  -0.033802  0.003088  0.039235  -1.432348  0.950026  -0.160976  1.000000  
235.971272 0.015113  -0.005596  -0.004756  0.515006  0.731116  0.447479  -0.811446  0.584071  -0.020389  -0.276266  -0.352605  0.894062  -0.034159  0.003209  0.039204  -1.438310  0.963270  -0.154433  1.000000  
235.972524 0.015068  -0.005592  -0.004706  0.515686  0.731903  0.445406  -0.811408  0.584123  -0.020408  -0.275109  -0.350882  0.895096  -0.034532  0.003331  0.039354  -1.446291  0.976584  -0.145783  1.000000  
235.973525 0.015031  -0.005588  -0.004666  0.516158  0.732593  0.443721  -0.811413  0.584113  -0.020509  -0.274208  -0.349455  0.895930  -0.034852  0.003402  0.039502  -1.447012  0.978257  -0.137328  1.000000  
235.974772 0.014986  -0.005583  -0.004613  0.516836  0.733371  0.441642  -0.811372  0.584169  -0.020530  -0.273050  -0.347726  0.896956  -0.035173  0.003532  0.040011  -1.459763  0.985517  -0.121957  1.000000  
235.976075 0.014940  -0.005578  -0.004559  0.517680  0.734076  0.439476  -0.811223  0.584377  -0.020531  -0.271891  -0.345884  0.898020  -0.035310  0.003591  0.040318  -1.465847  0.991883  -0.120488  1.000000  
235.977270 0.014895  -0.005571  -0.004502  0.518357  0.734896  0.437303  -0.811178  0.584435  -0.020625  -0.270732  -0.344040  0.899078  -0.035617  0.003785  0.041053  -1.479120  1.003455  -0.111629  1.000000  
235.978271 0.014859  -0.005567  -0.004456  0.518994  0.735449  0.435613  -0.811071  0.584583  -0.020638  -0.269830  -0.342602  0.899897  -0.035797  0.003835  0.041590  -1.487624  1.011623  -0.109912  1.000000  
235.979517 0.014813  -0.005561  -0.004398  0.519837  0.736139  0.433439  -0.810916  0.584798  -0.020644  -0.268671  -0.340752  0.900946  -0.035955  0.003988  0.042078  -1.497994  1.020647  -0.112376  1.000000  
235.980766 0.014768  -0.005555  -0.004340  0.520660  0.736797  0.431327  -0.810730  0.585053  -0.020752  -0.267639  -0.338885  0.901957  -0.036033  0.004141  0.042519  -1.507375  1.022299  -0.117116  1.000000  
235.982016 0.014723  -0.005548  -0.004282  0.521649  0.737278  0.429306  -0.810434  0.585465  -0.020704  -0.266608  -0.337124  0.902922  -0.036183  0.004294  0.042997  -1.509973  1.028742  -0.123782  1.000000  
235.983265 0.014677  -0.005542  -0.004224  0.522470  0.737874  0.427279  -0.810243  0.585727  -0.020746  -0.265576  -0.335361  0.903882  -0.036254  0.004365  0.043529  -1.518124  1.027907  -0.129309  1.000000  
235.984267 0.014640  -0.005537  -0.004177  0.523272  0.738285  0.425583  -0.810021  0.586036  -0.020678  -0.264673  -0.333911  0.904683  -0.036379  0.004435  0.043915  -1.519517  1.037620  -0.138435  1.000000  
235.985297 0.014603  -0.005532  -0.004130  0.524074  0.738642  0.423975  -0.809798  0.586349  -0.020541  -0.263770  -0.332569  0.905441  -0.036330  0.004510  0.044393  -1.512706  1.043198  -0.144662  1.000000  
235.986516 0.014556  -0.005527  -0.004070  0.525060  0.739103  0.421946  -0.809494  0.586770  -0.020501  -0.262737  -0.330798  0.906389  -0.036576  0.004563  0.045102  -1.508359  1.050752  -0.160812  1.000000  
235.987518 0.014518  -0.005522  -0.004021  0.525694  0.739573  0.420330  -0.809376  0.586935  -0.020454  -0.261833  -0.329452  0.907141  -0.036647  0.004645  0.045666  -1.506980  1.052593  -0.159657  1.000000  
235.988534 0.014480  -0.005517  -0.003971  0.526475  0.739895  0.418783  -0.809119  0.587290  -0.020423  -0.261058  -0.328093  0.907857  -0.036695  0.004718  0.046408  -1.494510  1.060734  -0.172215  1.000000  
235.989782 0.014433  -0.005511  -0.003908  0.527312  0.740488  0.416677  -0.808948  0.587528  -0.020374  -0.259896  -0.326326  0.908826  -0.036830  0.004788  0.047126  -1.492791  1.065986  -0.182215  1.000000  
235.991022 0.014385  -0.005503  -0.003843  0.528296  0.740880  0.414728  -0.808637  0.587959  -0.020272  -0.258862  -0.324655  0.909719  -0.037116  0.004960  0.047874  -1.482371  1.067608  -0.195607  1.000000  
235.992044 0.014347  -0.005498  -0.003793  0.528928  0.741336  0.413106  -0.808513  0.588131  -0.020230  -0.257957  -0.323301  0.910458  -0.037117  0.004979  0.048031  -1.480009  1.068999  -0.203510  1.000000  
235.993266 0.014299  -0.005489  -0.003729  0.529745  0.741840  0.411149  -0.808308  0.588413  -0.020217  -0.256923  -0.321625  0.911344  -0.037348  0.005173  0.048439  -1.480189  1.072071  -0.212172  1.000000  
