1-Time 2-Px 3-Py 4-Pz 5-R11 6-R21 7-R31 8-R12 9-R22 10-R32 11-R13 12-R23 13-R33 14-Vx 15-Vy 16-Vz 17-Wx 18-Wy 19-Wz 20-state
142.365660 0.013377  -0.007427  -0.039552  0.581643  0.796674  0.164323  -0.787532  0.602086  -0.131474  -0.203678  -0.052939  0.977606  0.000255  0.000290  0.000442  0.000000  0.000000  0.000000  1.000000  
142.366882 0.013378  -0.007428  -0.039548  0.581643  0.796674  0.164323  -0.787532  0.602086  -0.131474  -0.203678  -0.052939  0.977606  0.000219  -0.000251  0.004301  0.000000  0.000000  0.000000  1.000000  
142.368115 0.013376  -0.007432  -0.039505  0.581643  0.796674  0.164323  -0.787532  0.602086  -0.131474  -0.203678  -0.052939  0.977606  -0.000797  -0.002197  0.021194  0.000000  0.000000  0.000000  1.000000  
142.369118 0.013373  -0.007435  -0.039462  0.581643  0.796674  0.164323  -0.787532  0.602086  -0.131474  -0.203678  -0.052939  0.977606  -0.001507  -0.002326  0.027661  0.000000  0.000000  0.000000  1.000000  
142.370132 0.013370  -0.007435  -0.039431  0.581643  0.796674  0.164323  -0.787532  0.602086  -0.131474  -0.203678  -0.052939  0.977606  -0.001661  -0.001725  0.028556  0.000000  0.000000  0.000000  1.000000  
142.371364 0.013366  -0.007430  -0.039407  0.581643  0.796654  0.164419  -0.787532  0.602102  -0.131401  -0.203678  -0.053057  0.977599  -0.002089  -0.000544  0.026506  0.000000  0.000000  0.000000  1.000000  
142.372368 0.013358  -0.007426  -0.039391  0.581643  0.796654  0.164419  -0.787532  0.602102  -0.131401  -0.203678  -0.053057  0.977599  -0.003003  0.000225  0.024812  0.000000  0.000000  0.000000  1.000000  
142.373612 0.013344  -0.007420  -0.039372  0.581659  0.796659  0.164342  -0.787554  0.602096  -0.131296  -0.203547  -0.053059  0.977626  -0.004270  0.001012  0.023301  0.000000  0.000000  0.000000  1.000000  
142.374613 0.013334  -0.007415  -0.039355  0.581659  0.796639  0.164438  -0.787554  0.602112  -0.131222  -0.203547  -0.053177  0.977620  -0.004992  0.001385  0.022604  0.000000  0.000000  0.000000  1.000000  
142.375619 0.013327  -0.007410  -0.039336  0.581659  0.796619  0.164535  -0.787554  0.602128  -0.131149  -0.203547  -0.053296  0.977613  -0.005175  0.001756  0.022223  0.000000  0.000000  0.000000  1.000000  
142.376868 0.013320  -0.007405  -0.039305  0.581643  0.796574  0.164806  -0.787532  0.602166  -0.131109  -0.203678  -0.053532  0.977573  -0.005184  0.002068  0.022509  0.000000  0.000000  0.000000  1.000000  
142.378115 0.013310  -0.007401  -0.039270  0.581643  0.796534  0.164999  -0.787532  0.602198  -0.130962  -0.203678  -0.053769  0.977560  -0.005506  0.002182  0.023051  0.000000  0.000000  0.000000  1.000000  
142.379119 0.013299  -0.007398  -0.039239  0.581464  0.796594  0.165340  -0.787630  0.602087  -0.130883  -0.203809  -0.054123  0.977513  -0.005916  0.002224  0.023653  0.000000  0.000000  0.000000  1.000000  
142.380121 0.013287  -0.007398  -0.039204  0.581464  0.796554  0.165533  -0.787630  0.602119  -0.130737  -0.203809  -0.054360  0.977500  -0.006338  0.002068  0.024466  0.000000  0.000000  0.000000  1.000000  
142.381374 0.013272  -0.007401  -0.039148  0.581302  0.796597  0.165892  -0.787750  0.602018  -0.130479  -0.203809  -0.054834  0.977474  -0.007011  0.001785  0.026946  0.000000  0.000000  0.000000  1.000000  
142.382614 0.013258  -0.007403  -0.039087  0.581318  0.796541  0.166105  -0.787772  0.602060  -0.130154  -0.203678  -0.055192  0.977481  -0.007958  0.001900  0.029127  0.000000  0.000000  0.000000  1.000000  
142.383619 0.013250  -0.007403  -0.039042  0.581481  0.796377  0.166325  -0.787652  0.602255  -0.129974  -0.203678  -0.055429  0.977468  -0.008397  0.002168  0.029213  0.000000  0.000000  0.000000  1.000000  
142.384865 0.013240  -0.007397  -0.039000  0.581302  0.796456  0.166569  -0.787750  0.602129  -0.129967  -0.203809  -0.055664  0.977427  -0.008721  0.002538  0.029225  0.000000  0.000000  0.000000  1.000000  
142.385866 0.013232  -0.007390  -0.038975  0.581318  0.796420  0.166684  -0.787772  0.602154  -0.129716  -0.203678  -0.055903  0.977441  -0.009093  0.002860  0.029330  0.000000  0.000000  0.000000  1.000000  
142.386867 0.013219  -0.007382  -0.038952  0.581318  0.796400  0.166781  -0.787772  0.602170  -0.129643  -0.203678  -0.056021  0.977434  -0.009592  0.003054  0.029819  0.000000  0.000000  0.000000  1.000000  
142.388119 0.013200  -0.007375  -0.038911  0.581318  0.796360  0.166974  -0.787772  0.602201  -0.129497  -0.203678  -0.056259  0.977420  -0.009938  0.003169  0.031509  0.000000  0.000000  0.000000  1.000000  
142.389149 0.013189  -0.007369  -0.038865  0.581335  0.796344  0.166993  -0.787794  0.602211  -0.129319  -0.203547  -0.056379  0.977441  -0.009949  0.003185  0.033449  0.000000  0.000000  0.000000  1.000000  
142.390361 0.013183  -0.007361  -0.038793  0.581351  0.796308  0.167109  -0.787815  0.602236  -0.129067  -0.203416  -0.056617  0.977454  -0.009696  0.003370  0.036558  0.000000  0.000000  0.000000  1.000000  
142.391612 0.013177  -0.007353  -0.038713  0.581383  0.796276  0.167146  -0.787859  0.602255  -0.128711  -0.203154  -0.056858  0.977495  -0.009681  0.003519  0.039974  0.000000  0.000000  0.000000  1.000000  
142.392613 0.013169  -0.007347  -0.038651  0.581399  0.796260  0.167165  -0.787881  0.602265  -0.128532  -0.203023  -0.056978  0.977515  -0.009735  0.003684  0.042267  0.000000  0.000000  0.000000  1.000000  
142.393862 0.013155  -0.007340  -0.038581  0.581431  0.796229  0.167203  -0.787925  0.602284  -0.128176  -0.202761  -0.057218  0.977555  -0.009822  0.003881  0.044409  0.000000  0.000000  0.000000  1.000000  
142.395111 0.013142  -0.007333  -0.038523  0.581464  0.796218  0.167145  -0.787968  0.602287  -0.127892  -0.202499  -0.057340  0.977602  -0.009671  0.004335  0.045379  0.000000  0.000000  0.000000  1.000000  
142.396362 0.013129  -0.007324  -0.038478  0.581496  0.796186  0.167182  -0.788012  0.602305  -0.127536  -0.202237  -0.057580  0.977642  -0.009575  0.005103  0.044696  0.000000  0.000000  0.000000  1.000000  
142.397611 0.013117  -0.007315  -0.038435  0.581350  0.796274  0.167272  -0.788153  0.602166  -0.127319  -0.202106  -0.057819  0.977655  -0.009405  0.005924  0.043514  0.000000  0.000000  0.000000  1.000000  
142.398624 0.013109  -0.007308  -0.038399  0.581382  0.796263  0.167213  -0.788197  0.602169  -0.127035  -0.201844  -0.057941  0.977702  -0.009442  0.006411  0.042874  0.000000  0.000000  0.000000  1.000000  
142.399633 0.013102  -0.007302  -0.038363  0.581398  0.796227  0.167328  -0.788219  0.602194  -0.126784  -0.201713  -0.058180  0.977715  -0.009361  0.006454  0.043073  0.000000  0.000000  0.000000  1.000000  
142.400864 0.013091  -0.007296  -0.038317  0.581446  0.796221  0.167192  -0.788284  0.602190  -0.126395  -0.201320  -0.058303  0.977789  -0.009371  0.006257  0.043871  0.177793  0.079012  0.024690  1.000000  
142.401868 0.013081  -0.007291  -0.038277  0.581331  0.796338  0.167030  -0.788468  0.602023  -0.126040  -0.200926  -0.058426  0.977862  -0.009047  0.006052  0.045293  0.176473  0.092019  0.032184  1.000000  
142.403114 0.013067  -0.007286  -0.038216  0.581379  0.796332  0.166893  -0.788533  0.602019  -0.125651  -0.200533  -0.058550  0.977936  -0.008876  0.005918  0.046296  0.180469  0.105350  0.032943  1.000000  
142.404139 0.013058  -0.007281  -0.038162  0.581249  0.796465  0.166712  -0.788696  0.601843  -0.125475  -0.200271  -0.058553  0.977989  -0.008768  0.005864  0.046889  0.176315  0.110211  0.040206  1.000000  
142.405368 0.013050  -0.007275  -0.038094  0.581296  0.796479  0.166479  -0.788761  0.601824  -0.125159  -0.199878  -0.058558  0.978069  -0.008958  0.005706  0.046254  0.172423  0.123792  0.041025  1.000000  
142.406375 0.013044  -0.007269  -0.038046  0.581328  0.796509  0.166227  -0.788804  0.601796  -0.125021  -0.199616  -0.058442  0.978130  -0.009005  0.005636  0.045157  0.162938  0.131693  0.041202  1.000000  
142.407611 0.013035  -0.007260  -0.037996  0.581391  0.796547  0.165820  -0.788890  0.601756  -0.124673  -0.199091  -0.058330  0.978243  -0.008901  0.005775  0.043688  0.150787  0.153934  0.042480  1.000000  
142.408638 0.013026  -0.007252  -0.037961  0.581439  0.796602  0.165394  -0.788954  0.601707  -0.124503  -0.198698  -0.058097  0.978337  -0.008729  0.006001  0.041977  0.132962  0.173441  0.037080  1.000000  
142.409861 0.013014  -0.007240  -0.037920  0.581502  0.796680  0.164793  -0.789039  0.601636  -0.124300  -0.198173  -0.057748  0.978464  -0.008665  0.006314  0.040884  0.107698  0.189935  0.037821  1.000000  
142.410863 0.013006  -0.007230  -0.037883  0.581549  0.796734  0.164367  -0.789103  0.601588  -0.124130  -0.197780  -0.057515  0.978558  -0.008559  0.006490  0.040820  0.089606  0.205375  0.032154  1.000000  
142.411863 0.013000  -0.007222  -0.037837  0.581596  0.796767  0.164037  -0.789167  0.601554  -0.123887  -0.197386  -0.057401  0.978644  -0.008210  0.006595  0.041668  0.077385  0.214368  0.032686  1.000000  
142.413111 0.012995  -0.007213  -0.037768  0.581821  0.796721  0.163462  -0.789132  0.601648  -0.123650  -0.196862  -0.057051  0.978770  -0.007848  0.006547  0.043250  0.052492  0.230423  0.033442  1.000000  
142.414111 0.012992  -0.007209  -0.037709  0.581852  0.796770  0.163113  -0.789175  0.601606  -0.123585  -0.196599  -0.056817  0.978836  -0.007585  0.006389  0.044895  0.036316  0.243773  0.034208  1.000000  
142.415392 0.012986  -0.007204  -0.037637  0.582077  0.796703  0.162635  -0.789140  0.601716  -0.123276  -0.196074  -0.056585  0.978955  -0.007318  0.006276  0.046728  0.018985  0.259792  0.021723  1.000000  
142.416623 0.012976  -0.007199  -0.037572  0.582124  0.796756  0.162208  -0.789203  0.601668  -0.123106  -0.195681  -0.056352  0.979047  -0.007112  0.006244  0.047792  0.006771  0.273441  0.022496  1.000000  
142.417874 0.012966  -0.007193  -0.037515  0.582170  0.796829  0.161685  -0.789266  0.601605  -0.123009  -0.195287  -0.056000  0.979146  -0.006874  0.006315  0.047536  -0.013609  0.286919  0.023253  1.000000  
142.419118 0.012959  -0.007184  -0.037466  0.582395  0.796781  0.161109  -0.789230  0.601700  -0.122773  -0.194762  -0.055650  0.979271  -0.006594  0.006473  0.046464  -0.028333  0.298648  0.017099  1.000000  
142.420364 0.012957  -0.007177  -0.037420  0.582604  0.796729  0.160611  -0.789173  0.601801  -0.122642  -0.194369  -0.055298  0.979369  -0.006193  0.006565  0.044965  -0.047542  0.310151  0.010947  1.000000  
142.421613 0.012955  -0.007169  -0.037371  0.582812  0.796677  0.160113  -0.789116  0.601903  -0.122512  -0.193975  -0.054946  0.979467  -0.005782  0.006532  0.044258  -0.066558  0.315055  0.004414  1.000000  
142.422616 0.012952  -0.007165  -0.037329  0.582858  0.796767  0.159493  -0.789178  0.601826  -0.122488  -0.193581  -0.054475  0.979571  -0.005491  0.006357  0.044535  -0.091007  0.323979  0.004886  1.000000  
142.423867 0.012946  -0.007159  -0.037269  0.582905  0.796857  0.158872  -0.789241  0.601749  -0.122463  -0.193187  -0.054004  0.979675  -0.005109  0.006020  0.045893  -0.111388  0.328457  0.005081  1.000000  
142.424887 0.012942  -0.007154  -0.037214  0.583098  0.796819  0.158355  -0.789162  0.601842  -0.122512  -0.192925  -0.053532  0.979752  -0.004716  0.005669  0.047170  -0.130328  0.328651  -0.001749  1.000000  
142.426111 0.012941  -0.007147  -0.037137  0.583469  0.796680  0.157689  -0.788984  0.602079  -0.122496  -0.192531  -0.052942  0.979862  -0.004147  0.005326  0.049076  -0.156262  0.334203  -0.015105  1.000000  
142.427361 0.012943  -0.007140  -0.037057  0.583692  0.796687  0.156822  -0.788947  0.602131  -0.122480  -0.192006  -0.052234  0.980003  -0.003638  0.005205  0.050250  -0.186156  0.348418  -0.027977  1.000000  
142.428364 0.012944  -0.007134  -0.036993  0.583916  0.796655  0.156149  -0.788909  0.602213  -0.122318  -0.191480  -0.051764  0.980131  -0.003351  0.005189  0.050548  -0.203674  0.359576  -0.033810  1.000000  
142.429611 0.012943  -0.007124  -0.036919  0.584139  0.796680  0.155185  -0.788871  0.602251  -0.122376  -0.190955  -0.050937  0.980276  -0.003120  0.005474  0.050689  -0.238738  0.368808  -0.040146  1.000000  
142.430861 0.012941  -0.007114  -0.036856  0.584525  0.796561  0.154344  -0.788713  0.602468  -0.122329  -0.190430  -0.050229  0.980415  -0.002755  0.005909  0.050325  -0.264226  0.373751  -0.053430  1.000000  
142.431876 0.012936  -0.007103  -0.036811  0.584748  0.796565  0.153477  -0.788674  0.602522  -0.122314  -0.189904  -0.049520  0.980553  -0.002393  0.006342  0.049921  -0.292178  0.381930  -0.067275  1.000000  
142.433128 0.012932  -0.007090  -0.036753  0.585133  0.796444  0.152635  -0.788515  0.602740  -0.122268  -0.189379  -0.048812  0.980690  -0.002082  0.006713  0.050317  -0.318031  0.387116  -0.080697  1.000000  
142.434426 0.012931  -0.007078  -0.036685  0.585503  0.796318  0.151871  -0.788335  0.602963  -0.122328  -0.188984  -0.048102  0.980801  -0.001806  0.006965  0.051481  -0.337951  0.387579  -0.101010  1.000000  
142.435616 0.012930  -0.007069  -0.036608  0.585740  0.796323  0.150925  -0.788315  0.603012  -0.122209  -0.188328  -0.047394  0.980962  -0.001728  0.007090  0.053851  -0.361821  0.397678  -0.107662  1.000000  
142.436865 0.012930  -0.007062  -0.036526  0.585977  0.796327  0.149979  -0.788296  0.603062  -0.122090  -0.187670  -0.046686  0.981122  -0.001655  0.007090  0.055719  -0.376809  0.406917  -0.114152  1.000000  
142.438114 0.012926  -0.007054  -0.036446  0.586377  0.796224  0.148962  -0.788155  0.603261  -0.122014  -0.187013  -0.045859  0.981286  -0.001564  0.007205  0.057532  -0.394683  0.412149  -0.127737  1.000000  
142.439371 0.012921  -0.007045  -0.036372  0.586614  0.796244  0.147919  -0.788134  0.603297  -0.121969  -0.186356  -0.045031  0.981450  -0.001547  0.007508  0.058508  -0.413676  0.416774  -0.134476  1.000000  
142.440611 0.012918  -0.007033  -0.036304  0.587027  0.796142  0.146822  -0.788013  0.603493  -0.121789  -0.185567  -0.044205  0.981637  -0.001563  0.007785  0.057710  -0.428033  0.427417  -0.146399  1.000000  
142.441611 0.012916  -0.007024  -0.036252  0.587086  0.796245  0.146026  -0.788092  0.603400  -0.121733  -0.185041  -0.043614  0.981762  -0.001733  0.008139  0.056740  -0.443968  0.430962  -0.147835  1.000000  
142.442612 0.012915  -0.007014  -0.036202  0.587308  0.796240  0.145157  -0.788051  0.603457  -0.121721  -0.184515  -0.042904  0.981893  -0.001944  0.008364  0.055723  -0.460302  0.435332  -0.147813  1.000000  
142.443863 0.012912  -0.007001  -0.036138  0.587558  0.796277  0.143938  -0.788048  0.603476  -0.121645  -0.183726  -0.041957  0.982082  -0.002167  0.008660  0.054847  -0.479474  0.449052  -0.154230  1.000000  
142.445111 0.012908  -0.006985  -0.036072  0.587823  0.796315  0.142641  -0.788065  0.603490  -0.121464  -0.182806  -0.041011  0.982293  -0.002325  0.009013  0.054752  -0.504662  0.462983  -0.154039  1.000000  
142.446363 0.012903  -0.006968  -0.036002  0.588102  0.796354  0.141264  -0.788100  0.603502  -0.121177  -0.181753  -0.040066  0.982528  -0.002395  0.009341  0.055499  -0.523253  0.485836  -0.158386  1.000000  
142.447611 0.012896  -0.006953  -0.035921  0.588366  0.796389  0.139966  -0.788115  0.603519  -0.120996  -0.180832  -0.039119  0.982736  -0.002504  0.009502  0.057076  -0.546194  0.499281  -0.164741  1.000000  
142.448623 0.012892  -0.006941  -0.035852  0.588453  0.796526  0.138818  -0.788231  0.603391  -0.120876  -0.180042  -0.038290  0.982913  -0.002629  0.009615  0.058397  -0.568304  0.516347  -0.158958  1.000000  
142.449865 0.012888  -0.006926  -0.035761  0.588730  0.796560  0.137440  -0.788264  0.603405  -0.120590  -0.178989  -0.037344  0.983142  -0.002849  0.009841  0.059657  -0.588045  0.534303  -0.156939  1.000000  
142.450866 0.012884  -0.006913  -0.035690  0.588992  0.796572  0.136237  -0.788277  0.603439  -0.120337  -0.178068  -0.036515  0.983340  -0.003139  0.010384  0.060008  -0.603475  0.557193  -0.163094  1.000000  
142.451867 0.012879  -0.006900  -0.035623  0.589268  0.796586  0.134956  -0.788308  0.603470  -0.119978  -0.177015  -0.035687  0.983561  -0.003392  0.010894  0.060005  -0.619479  0.579091  -0.162347  1.000000  
142.453117 0.012872  -0.006880  -0.035551  0.589558  0.796618  0.133498  -0.788356  0.603484  -0.119587  -0.175829  -0.034740  0.983808  -0.003588  0.011729  0.059597  -0.635562  0.606375  -0.169915  1.000000  
142.454365 0.012863  -0.006860  -0.035486  0.589698  0.796790  0.131840  -0.788544  0.603317  -0.119192  -0.174512  -0.033674  0.984079  -0.003890  0.012338  0.059055  -0.654977  0.639539  -0.161437  1.000000  
142.455369 0.012858  -0.006843  -0.035434  0.589972  0.796799  0.130557  -0.788572  0.603352  -0.118833  -0.173458  -0.032845  0.984293  -0.004037  0.012879  0.058976  -0.665605  0.664165  -0.161523  1.000000  
142.456372 0.012853  -0.006828  -0.035376  0.590259  0.796824  0.129098  -0.788617  0.603369  -0.118443  -0.172272  -0.031897  0.984533  -0.004255  0.013226  0.059311  -0.681993  0.690934  -0.160858  1.000000  
142.457611 0.012847  -0.006810  -0.035299  0.590410  0.796991  0.127359  -0.788819  0.603203  -0.117941  -0.170822  -0.030830  0.984819  -0.004522  0.013596  0.060188  -0.697208  0.721961  -0.146663  1.000000  
142.458861 0.012840  -0.006793  -0.035214  0.590736  0.797034  0.125566  -0.788916  0.603200  -0.117308  -0.169240  -0.029763  0.985125  -0.004806  0.013880  0.061622  -0.707746  0.755933  -0.144425  1.000000  
142.459862 0.012833  -0.006779  -0.035145  0.591034  0.797040  0.124123  -0.788975  0.603233  -0.116739  -0.167921  -0.028933  0.985376  -0.005067  0.013982  0.062844  -0.717859  0.784547  -0.145343  1.000000  
142.461198 0.012825  -0.006760  -0.035060  0.591344  0.797090  0.122310  -0.789050  0.603223  -0.116285  -0.166470  -0.027745  0.985656  -0.005247  0.013987  0.063485  -0.729693  0.813573  -0.137798  1.000000  
142.462360 0.012815  -0.006742  -0.034977  0.591666  0.797139  0.120418  -0.789141  0.603211  -0.115725  -0.164886  -0.026556  0.985955  -0.005515  0.014249  0.064030  -0.746773  0.849902  -0.136388  1.000000  
142.463364 0.012808  -0.006728  -0.034913  0.591798  0.797291  0.118756  -0.789317  0.603057  -0.115328  -0.163566  -0.025485  0.986203  -0.005651  0.014428  0.063814  -0.764881  0.879764  -0.122335  1.000000  
142.464368 0.012802  -0.006710  -0.034850  0.592078  0.797313  0.117197  -0.789352  0.603072  -0.115012  -0.162378  -0.024414  0.986426  -0.005781  0.014816  0.063182  -0.782379  0.907804  -0.122305  1.000000  
142.465618 0.012795  -0.006688  -0.034773  0.592396  0.797367  0.115206  -0.789438  0.603052  -0.114525  -0.160794  -0.023104  0.986718  -0.006048  0.015310  0.062149  -0.803855  0.940419  -0.123150  1.000000  
142.466864 0.012786  -0.006664  -0.034697  0.592888  0.797295  0.113159  -0.789416  0.603197  -0.113910  -0.159077  -0.021793  0.987026  -0.006221  0.015706  0.061792  -0.820473  0.972908  -0.128430  1.000000  
142.467868 0.012778  -0.006645  -0.034635  0.593178  0.797297  0.111615  -0.789464  0.603228  -0.113416  -0.157756  -0.020840  0.987258  -0.006365  0.015889  0.062095  -0.832691  1.003080  -0.122840  1.000000  
142.469119 0.012768  -0.006622  -0.034551  0.593517  0.797356  0.109367  -0.789576  0.603197  -0.112793  -0.155906  -0.019409  0.987581  -0.006391  0.016095  0.063405  -0.853439  1.043602  -0.122730  1.000000  
142.470385 0.012760  -0.006599  -0.034460  0.594004  0.797285  0.107220  -0.789547  0.603336  -0.112253  -0.154187  -0.017976  0.987878  -0.006577  0.016264  0.065033  -0.873195  1.073918  -0.122857  1.000000  
142.471609 0.012752  -0.006577  -0.034360  0.594490  0.797196  0.105169  -0.789516  0.603491  -0.111642  -0.152469  -0.016662  0.988168  -0.006676  0.016516  0.066846  -0.888840  1.106386  -0.135307  1.000000  
142.472617 0.012744  -0.006559  -0.034280  0.594787  0.797212  0.103350  -0.789572  0.603501  -0.111190  -0.151014  -0.015467  0.988411  -0.006874  0.016750  0.067908  -0.904472  1.137786  -0.137003  1.000000  
142.473861 0.012735  -0.006537  -0.034186  0.595269  0.797140  0.101103  -0.789535  0.603634  -0.110727  -0.149294  -0.013912  0.988695  -0.007013  0.017035  0.068574  -0.924460  1.168697  -0.142848  1.000000  
142.474861 0.012726  -0.006519  -0.034115  0.595563  0.797162  0.099186  -0.789587  0.603635  -0.110350  -0.147839  -0.012596  0.988931  -0.007164  0.017315  0.068661  -0.944588  1.196234  -0.144941  1.000000  
142.475863 0.012715  -0.006500  -0.034053  0.595856  0.797179  0.097269  -0.789638  0.603638  -0.109973  -0.146383  -0.011279  0.989164  -0.007451  0.017721  0.068697  -0.961025  1.218472  -0.145683  1.000000  
142.477111 0.012704  -0.006477  -0.033979  0.596357  0.797095  0.094860  -0.789625  0.603776  -0.109301  -0.144397  -0.009722  0.989472  -0.007548  0.018016  0.067682  -0.979453  1.248788  -0.158459  1.000000  
142.478361 0.012693  -0.006454  -0.033901  0.596833  0.797014  0.092514  -0.789578  0.603907  -0.108914  -0.142676  -0.008044  0.989737  -0.007702  0.018246  0.067438  -1.003041  1.275736  -0.166338  1.000000  
142.479611 0.012684  -0.006430  -0.033821  0.597318  0.796940  0.089990  -0.789544  0.604027  -0.108496  -0.140822  -0.006245  0.990015  -0.007792  0.018401  0.067645  -1.030435  1.302296  -0.174328  1.000000  
142.480861 0.012675  -0.006407  -0.033732  0.597639  0.796972  0.087540  -0.789630  0.603999  -0.108025  -0.138967  -0.004565  0.990286  -0.007837  0.018445  0.068447  -1.050988  1.324389  -0.175735  1.000000  
142.481862 0.012668  -0.006389  -0.033659  0.598087  0.796842  0.085641  -0.789546  0.604178  -0.107633  -0.137509  -0.003244  0.990495  -0.007837  0.018377  0.069222  -1.066337  1.337713  -0.183735  1.000000  
142.482873 0.012661  -0.006371  -0.033583  0.598382  0.796823  0.083736  -0.789598  0.604209  -0.107081  -0.135919  -0.002043  0.990718  -0.007823  0.018281  0.070142  -1.083327  1.361717  -0.186475  1.000000  
142.484116 0.012650  -0.006349  -0.033491  0.598881  0.796726  0.081049  -0.789582  0.604341  -0.106456  -0.133798  -0.000240  0.991009  -0.007901  0.018188  0.070704  -1.106214  1.388915  -0.201759  1.000000  
142.485129 0.012642  -0.006331  -0.033417  0.599173  0.796708  0.079046  -0.789629  0.604364  -0.105978  -0.132206  0.001082  0.991222  -0.007951  0.018169  0.070739  -1.122448  1.406221  -0.202966  1.000000  
142.486368 0.012632  -0.006307  -0.033327  0.599668  0.796579  0.076550  -0.789605  0.604528  -0.105209  -0.130084  0.002646  0.991499  -0.008080  0.018234  0.069993  -1.133203  1.426277  -0.209533  1.000000  
142.487393 0.012625  -0.006288  -0.033259  0.599956  0.796571  0.074353  -0.789647  0.604531  -0.104879  -0.128492  0.004210  0.991702  -0.008071  0.018342  0.069142  -1.156886  1.440743  -0.219771  1.000000  
142.488614 0.012616  -0.006262  -0.033175  0.600456  0.796447  0.071581  -0.789631  0.604678  -0.104153  -0.126236  0.006016  0.991982  -0.008071  0.018614  0.068488  -1.181937  1.464435  -0.228733  1.000000  
142.489861 0.012605  -0.006238  -0.033093  0.600954  0.796333  0.068616  -0.789610  0.604804  -0.103575  -0.123979  0.008064  0.992252  -0.008024  0.018762  0.068197  -1.212138  1.483437  -0.235504  1.000000  
142.490864 0.012597  -0.006218  -0.033026  0.601246  0.796298  0.066432  -0.789657  0.604830  -0.103068  -0.122253  0.009510  0.992453  -0.007905  0.018824  0.068578  -1.234406  1.508888  -0.240140  1.000000  
142.491865 0.012589  -0.006199  -0.032956  0.601527  0.796266  0.064232  -0.789688  0.604845  -0.102740  -0.120659  0.011078  0.992632  -0.007785  0.018820  0.069329  -1.250357  1.512978  -0.248147  1.000000  
142.493112 0.012579  -0.006176  -0.032861  0.602017  0.796130  0.061264  -0.789656  0.604983  -0.102166  -0.118401  0.013128  0.992879  -0.007738  0.018831  0.070504  -1.274655  1.535472  -0.257563  1.000000  
142.494361 0.012570  -0.006153  -0.032763  0.602332  0.796103  0.058451  -0.789732  0.604974  -0.101637  -0.116275  0.015059  0.993103  -0.007704  0.018791  0.071687  -1.292963  1.553753  -0.257679  1.000000  
142.495611 0.012563  -0.006130  -0.032664  0.602662  0.796059  0.055573  -0.789828  0.604984  -0.100824  -0.113883  0.016870  0.993351  -0.007598  0.018800  0.072413  -1.309674  1.580130  -0.260121  1.000000  
142.496612 0.012556  -0.006112  -0.032590  0.602953  0.796000  0.053209  -0.789873  0.605015  -0.100288  -0.112021  0.018441  0.993535  -0.007637  0.018783  0.072462  -1.330244  1.597566  -0.262145  1.000000  
142.497863 0.012547  -0.006089  -0.032502  0.603278  0.795942  0.050329  -0.789961  0.605035  -0.099476  -0.109628  0.020254  0.993766  -0.007576  0.018788  0.072114  -1.347855  1.619430  -0.257925  1.000000  
142.498867 0.012540  -0.006072  -0.032438  0.603410  0.795987  0.047960  -0.790134  0.604924  -0.098771  -0.107633  0.021705  0.993954  -0.007504  0.018773  0.071436  -1.357088  1.636691  -0.253321  1.000000  
142.499875 0.012531  -0.006055  -0.032374  0.603703  0.795909  0.045514  -0.790180  0.604968  -0.098130  -0.105637  0.023277  0.994132  -0.007529  0.018750  0.070735  -1.377593  1.658573  -0.250997  1.000000  
142.501116 0.012523  -0.006032  -0.032292  0.603872  0.795950  0.042451  -0.790401  0.604842  -0.097117  -0.102976  0.025093  0.994367  -0.007438  0.018658  0.070149  -1.391564  1.685542  -0.247089  1.000000  
142.502116 0.012515  -0.006015  -0.032224  0.603996  0.795979  0.040080  -0.790564  0.604742  -0.096411  -0.100979  0.026546  0.994534  -0.007452  0.018566  0.070292  -1.401551  1.702653  -0.240385  1.000000  
142.503119 0.012508  -0.005998  -0.032151  0.604110  0.796004  0.037791  -0.790713  0.604643  -0.095811  -0.099116  0.027999  0.994682  -0.007468  0.018331  0.070574  -1.411275  1.721032  -0.231336  1.000000  
142.504217 0.012501  -0.005982  -0.032075  0.604230  0.796023  0.035420  -0.790869  0.604550  -0.095104  -0.097118  0.029452  0.994837  -0.007337  0.017849  0.070710  -1.415766  1.732787  -0.226177  1.000000  
142.505390 0.012491  -0.005961  -0.031978  0.604533  0.795912  0.032633  -0.790929  0.604611  -0.094220  -0.094721  0.031149  0.995016  -0.007347  0.017719  0.072073  -1.420701  1.754910  -0.223078  1.000000  
142.506610 0.012480  -0.005941  -0.031876  0.604685  0.795916  0.029568  -0.791127  0.604509  -0.093204  -0.092057  0.032967  0.995208  -0.007399  0.017555  0.073184  -1.427766  1.782024  -0.217895  1.000000  
142.507611 0.012472  -0.005923  -0.031795  0.604803  0.795913  0.027115  -0.791282  0.604431  -0.092391  -0.089925  0.034423  0.995354  -0.007393  0.017467  0.073612  -1.437656  1.804024  -0.206943  1.000000  
142.508612 0.012463  -0.005905  -0.031717  0.604911  0.795908  0.024744  -0.791424  0.604353  -0.091684  -0.087926  0.035878  0.995481  -0.007444  0.017394  0.073634  -1.438508  1.823237  -0.204869  1.000000  
142.509861 0.012454  -0.005882  -0.031622  0.604889  0.796015  0.021659  -0.791732  0.604102  -0.090671  -0.085260  0.037698  0.995645  -0.007556  0.017386  0.073390  -1.446779  1.852056  -0.188118  1.000000  
142.510866 0.012446  -0.005864  -0.031549  0.604992  0.795998  0.019287  -0.791867  0.604031  -0.089963  -0.083260  0.039154  0.995758  -0.007686  0.017393  0.073006  -1.451015  1.867915  -0.177078  1.000000  
142.511868 0.012437  -0.005845  -0.031477  0.605105  0.795971  0.016657  -0.792015  0.603962  -0.089115  -0.080993  0.040731  0.995882  -0.007808  0.017454  0.072960  -1.460175  1.894757  -0.173460  1.000000  
142.513110 0.012425  -0.005823  -0.031386  0.605228  0.795936  0.013575  -0.792176  0.603874  -0.088275  -0.078459  0.042673  0.996004  -0.008033  0.017501  0.073501  -1.470040  1.906630  -0.168945  1.000000  
142.514111 0.012416  -0.005805  -0.031311  0.605329  0.795898  0.011122  -0.792308  0.603820  -0.087460  -0.076325  0.044130  0.996106  -0.008114  0.017554  0.074093  -1.471449  1.924174  -0.158457  1.000000  
142.515112 0.012407  -0.005787  -0.031233  0.605433  0.795851  0.008491  -0.792444  0.603764  -0.086611  -0.074057  0.045708  0.996206  -0.008154  0.017520  0.075055  -1.481076  1.947214  -0.155043  1.000000  
142.516116 0.012398  -0.005772  -0.031151  0.605539  0.795794  0.005876  -0.792583  0.603728  -0.085584  -0.071655  0.047167  0.996314  -0.008333  0.017385  0.076110  -1.490278  1.971608  -0.145718  1.000000  
142.517117 0.012389  -0.005756  -0.031066  0.605794  0.795614  0.003441  -0.792579  0.603849  -0.084767  -0.069519  0.048624  0.996395  -0.008451  0.017279  0.077253  -1.487660  1.991090  -0.149331  1.000000  
142.518367 0.012378  -0.005736  -0.030960  0.605910  0.795533  0.000196  -0.792731  0.603796  -0.083714  -0.066716  0.050568  0.996490  -0.008609  0.017188  0.078160  -1.491784  2.007138  -0.139681  1.000000  
142.519617 0.012366  -0.005715  -0.030860  0.606022  0.795443  -0.002951  -0.792876  0.603760  -0.082588  -0.063912  0.052390  0.996579  -0.008734  0.017249  0.078366  -1.485001  2.025077  -0.130356  1.000000  
142.520617 0.012356  -0.005698  -0.030784  0.606103  0.795368  -0.005405  -0.792983  0.603731  -0.081772  -0.061776  0.053848  0.996636  -0.008857  0.017334  0.078344  -1.485931  2.038814  -0.126871  1.000000  
142.521618 0.012347  -0.005680  -0.030709  0.606350  0.795158  -0.007922  -0.792968  0.603875  -0.080851  -0.059505  0.055306  0.996695  -0.008900  0.017362  0.077749  -1.481945  2.061065  -0.130720  1.000000  
142.522862 0.012335  -0.005657  -0.030616  0.606445  0.795050  -0.010989  -0.793092  0.603848  -0.079831  -0.056834  0.057128  0.996748  -0.009014  0.017421  0.077260  -1.475304  2.074984  -0.121441  1.000000  
142.523863 0.012325  -0.005638  -0.030542  0.606681  0.794832  -0.013426  -0.793062  0.603995  -0.079018  -0.054696  0.058586  0.996783  -0.009113  0.017459  0.077034  -1.471251  2.088189  -0.125086  1.000000  
142.525111 0.012314  -0.005614  -0.030446  0.606767  0.794708  -0.016493  -0.793175  0.603978  -0.077998  -0.052024  0.060408  0.996817  -0.009183  0.017533  0.077255  -1.471909  2.097763  -0.121646  1.000000  
142.526111 0.012304  -0.005596  -0.030365  0.607005  0.794466  -0.019189  -0.793147  0.604137  -0.077047  -0.049619  0.061988  0.996843  -0.009312  0.017541  0.077808  -1.471939  2.115326  -0.125670  1.000000  
142.527111 0.012294  -0.005577  -0.030282  0.607072  0.794350  -0.021723  -0.793235  0.604138  -0.076126  -0.047347  0.063446  0.996862  -0.009374  0.017533  0.078569  -1.472737  2.128696  -0.123146  1.000000  
142.528361 0.012281  -0.005555  -0.030173  0.607314  0.794070  -0.024951  -0.793212  0.604299  -0.075079  -0.044540  0.065389  0.996865  -0.009507  0.017539  0.079693  -1.476308  2.137382  -0.133719  1.000000  
142.529611 0.012268  -0.005531  -0.030064  0.607554  0.793779  -0.028165  -0.793188  0.604482  -0.073855  -0.041599  0.067211  0.996871  -0.009598  0.017678  0.080592  -1.477465  2.162412  -0.139032  1.000000  
142.530862 0.012255  -0.005507  -0.029955  0.607789  0.793478  -0.031378  -0.793157  0.604671  -0.072632  -0.038658  0.069033  0.996865  -0.009713  0.017856  0.081125  -1.472029  2.163342  -0.149744  1.000000  
142.531864 0.012245  -0.005488  -0.029870  0.608005  0.793210  -0.033897  -0.793099  0.604855  -0.071719  -0.036385  0.070490  0.996849  -0.009757  0.018147  0.081106  -1.471630  2.171665  -0.160170  1.000000  
142.532881 0.012235  -0.005467  -0.029789  0.608051  0.793061  -0.036446  -0.793159  0.604864  -0.070979  -0.034246  0.072067  0.996812  -0.009827  0.018481  0.080735  -1.475192  2.179493  -0.164705  1.000000  
142.534113 0.012222  -0.005441  -0.029691  0.608270  0.792748  -0.039483  -0.793107  0.605070  -0.069792  -0.031438  0.073766  0.996780  -0.009920  0.018812  0.080623  -1.476363  2.195920  -0.175649  1.000000  
142.535115 0.012211  -0.005420  -0.029613  0.608473  0.792467  -0.041921  -0.793034  0.605259  -0.068988  -0.029298  0.075222  0.996736  -0.010004  0.019147  0.080592  -1.475993  2.193379  -0.178408  1.000000  
142.536118 0.012199  -0.005398  -0.029535  0.608514  0.792298  -0.044439  -0.793087  0.605313  -0.067891  -0.026890  0.076557  0.996703  -0.010183  0.019416  0.080784  -1.471619  2.206092  -0.183080  1.000000  
142.537391 0.012185  -0.005372  -0.029432  0.608723  0.791956  -0.047557  -0.793021  0.605542  -0.066601  -0.023948  0.078255  0.996646  -0.010303  0.019647  0.081399  -1.465778  2.212028  -0.194172  1.000000  
142.538401 0.012173  -0.005351  -0.029347  0.608920  0.791651  -0.050061  -0.792940  0.605768  -0.065516  -0.021540  0.079589  0.996595  -0.010435  0.019773  0.082031  -1.461164  2.224340  -0.204895  1.000000  
142.539612 0.012158  -0.005324  -0.029236  0.608959  0.791406  -0.053355  -0.792990  0.605863  -0.064006  -0.018329  0.081287  0.996522  -0.010664  0.020027  0.083279  -1.458821  2.244377  -0.217059  1.000000  
142.540861 0.012143  -0.005298  -0.029124  0.609153  0.791034  -0.056553  -0.792906  0.606119  -0.062615  -0.015252  0.082983  0.996434  -0.010938  0.020242  0.084120  -1.454877  2.260958  -0.227839  1.000000  
142.542111 0.012126  -0.005270  -0.029014  0.609178  0.790770  -0.059875  -0.792938  0.606194  -0.061465  -0.012309  0.084920  0.996312  -0.011191  0.020465  0.084524  -1.454936  2.265637  -0.233715  1.000000  
142.543362 0.012109  -0.005243  -0.028908  0.609362  0.790373  -0.063154  -0.792840  0.606472  -0.059971  -0.009098  0.086615  0.996200  -0.011473  0.020787  0.084294  -1.446640  2.287051  -0.246197  1.000000  
142.544611 0.012092  -0.005214  -0.028802  0.609377  0.790092  -0.066445  -0.792859  0.606594  -0.058465  -0.005887  0.088309  0.996076  -0.011737  0.021185  0.084029  -1.439067  2.303514  -0.250287  1.000000  
142.545612 0.012079  -0.005190  -0.028718  0.609547  0.789730  -0.069126  -0.792743  0.606852  -0.057354  -0.003345  0.089760  0.995958  -0.011906  0.021548  0.083856  -1.441025  2.310309  -0.261156  1.000000  
142.546861 0.012063  -0.005159  -0.028611  0.609551  0.789441  -0.072321  -0.792747  0.606993  -0.055776  -0.000134  0.091330  0.995821  -0.012122  0.021916  0.083981  -1.431549  2.320586  -0.258825  1.000000  
142.547866 0.012050  -0.005134  -0.028524  0.609712  0.789068  -0.074987  -0.792619  0.607277  -0.054489  0.002542  0.092659  0.995695  -0.012344  0.022273  0.084408  -1.427509  2.333072  -0.269867  1.000000  
142.548867 0.012037  -0.005108  -0.028435  0.609869  0.788698  -0.077557  -0.792485  0.607572  -0.053130  0.005218  0.093866  0.995571  -0.012505  0.022549  0.085009  -1.415320  2.349831  -0.281250  1.000000  
142.550116 0.012019  -0.005077  -0.028318  0.609856  0.788406  -0.080574  -0.792469  0.607727  -0.051587  0.008295  0.095313  0.995413  -0.012739  0.022889  0.086470  -1.403696  2.358566  -0.285807  1.000000  
142.551595 0.012003  -0.005044  -0.028199  0.610000  0.787963  -0.083755  -0.792318  0.608053  -0.050030  0.011506  0.096879  0.995230  -0.012737  0.022991  0.086563  -1.384641  2.354921  -0.290076  1.000000  
142.552619 0.011985  -0.005012  -0.028078  0.610137  0.787522  -0.086842  -0.792159  0.608392  -0.048401  0.014717  0.098323  0.995046  -0.013130  0.023652  0.088907  -1.382863  2.389304  -0.304417  1.000000  
142.553863 0.011968  -0.004979  -0.027958  0.610267  0.787077  -0.089913  -0.791990  0.608753  -0.046594  0.018062  0.099645  0.994859  -0.013295  0.024077  0.089639  -1.367027  2.411440  -0.310003  1.000000  
142.555110 0.011950  -0.004946  -0.027841  0.610388  0.786605  -0.093162  -0.791810  0.609125  -0.044759  0.021540  0.101086  0.994644  -0.013468  0.024497  0.090023  -1.356050  2.435174  -0.321401  1.000000  
142.556111 0.011936  -0.004919  -0.027751  0.610511  0.786191  -0.095813  -0.791633  0.609460  -0.043304  0.024349  0.102286  0.994457  -0.013595  0.024942  0.090126  -1.343363  2.450651  -0.327610  1.000000  
142.557360 0.011918  -0.004885  -0.027638  0.610617  0.785708  -0.099047  -0.791433  0.609860  -0.041293  0.027960  0.103603  0.994226  -0.013667  0.025485  0.090619  -1.323434  2.477114  -0.333909  1.000000  
142.558360 0.011905  -0.004858  -0.027547  0.610732  0.785303  -0.101521  -0.791245  0.610198  -0.039874  0.030635  0.104680  0.994034  -0.013625  0.025707  0.090723  -1.312566  2.486542  -0.343296  1.000000  
142.559363 0.011891  -0.004831  -0.027454  0.610842  0.784893  -0.103996  -0.791051  0.610540  -0.038456  0.033310  0.105756  0.993834  -0.013621  0.025965  0.091378  -1.299361  2.497661  -0.349010  1.000000  
142.560612 0.011875  -0.004796  -0.027333  0.611090  0.784278  -0.107127  -0.790699  0.611121  -0.036399  0.036920  0.106948  0.993579  -0.013592  0.026220  0.092307  -1.279491  2.519091  -0.361698  1.000000  
142.561860 0.011860  -0.004761  -0.027208  0.611167  0.783783  -0.110265  -0.790463  0.611547  -0.034324  0.040530  0.108138  0.993309  -0.013524  0.026517  0.093504  -1.261301  2.542387  -0.366055  1.000000  
142.562861 0.011848  -0.004733  -0.027106  0.611421  0.783250  -0.112624  -0.790118  0.612083  -0.032682  0.043337  0.108969  0.993100  -0.013435  0.026733  0.094579  -1.238131  2.564330  -0.385046  1.000000  
142.563862 0.011835  -0.004704  -0.027003  0.611661  0.782681  -0.115241  -0.789757  0.612641  -0.030907  0.046411  0.109917  0.992857  -0.013413  0.026954  0.095447  -1.225872  2.588718  -0.397112  1.000000  
142.565111 0.011820  -0.004668  -0.026876  0.611880  0.782043  -0.118375  -0.789368  0.613242  -0.028863  0.050020  0.111102  0.992549  -0.013310  0.027279  0.096161  -1.206130  2.618376  -0.410752  1.000000  
142.566126 0.011807  -0.004639  -0.026776  0.612116  0.781496  -0.120736  -0.789001  0.613788  -0.027230  0.052826  0.111929  0.992311  -0.013438  0.027918  0.097952  -1.187908  2.628458  -0.430308  1.000000  
142.567366 0.011792  -0.004601  -0.026652  0.612315  0.780852  -0.123857  -0.788587  0.614414  -0.025014  0.056567  0.112989  0.991985  -0.013144  0.027847  0.096687  -1.171971  2.657411  -0.441937  1.000000  
142.568366 0.011779  -0.004571  -0.026553  0.612540  0.780297  -0.126219  -0.788207  0.614966  -0.023387  0.059372  0.113812  0.991727  -0.013038  0.028115  0.096907  -1.156693  2.670266  -0.453078  1.000000  
142.569616 0.011763  -0.004532  -0.026428  0.612734  0.779676  -0.129084  -0.787787  0.615580  -0.021313  0.062844  0.114750  0.991405  -0.012926  0.028496  0.097344  -1.129157  2.677990  -0.473205  1.000000  
142.570616 0.011751  -0.004502  -0.026328  0.612791  0.779249  -0.131370  -0.787525  0.615966  -0.019769  0.065514  0.115572  0.991136  -0.012807  0.028732  0.097896  -1.113419  2.681989  -0.476570  1.000000  
142.571617 0.011739  -0.004471  -0.026225  0.612999  0.778699  -0.133640  -0.787124  0.616530  -0.018075  0.068318  0.116271  0.990865  -0.012674  0.028983  0.098834  -1.085758  2.697828  -0.495201  1.000000  
142.572862 0.011723  -0.004432  -0.026093  0.613174  0.778064  -0.136506  -0.786679  0.617154  -0.016011  0.071788  0.117204  0.990510  -0.012530  0.029339  0.100177  -1.062457  2.705894  -0.506668  1.000000  
142.574111 0.011709  -0.004393  -0.025957  0.613496  0.777288  -0.139452  -0.786091  0.617955  -0.013874  0.075391  0.118134  0.990132  -0.012401  0.029646  0.101535  -1.039545  2.716617  -0.532312  1.000000  
142.575361 0.011696  -0.004354  -0.025820  0.613486  0.776777  -0.142310  -0.785745  0.618442  -0.011609  0.078993  0.118941  0.989754  -0.012164  0.029911  0.102597  -1.007821  2.729403  -0.537332  1.000000  
142.576363 0.011686  -0.004323  -0.025711  0.613670  0.776212  -0.144582  -0.785314  0.619018  -0.009927  0.081793  0.119634  0.989443  -0.011982  0.030210  0.103138  -0.988539  2.735971  -0.554753  1.000000  
142.577610 0.011675  -0.004283  -0.025578  0.613822  0.775586  -0.147275  -0.784842  0.619646  -0.007906  0.085127  0.120441  0.989064  -0.011745  0.030475  0.103606  -0.969361  2.734346  -0.562153  1.000000  
142.578610 0.011666  -0.004250  -0.025473  0.613848  0.775161  -0.149387  -0.784542  0.620042  -0.006408  0.087659  0.121134  0.988758  -0.011478  0.030769  0.103755  -0.950207  2.728692  -0.571298  1.000000  
142.579611 0.011658  -0.004218  -0.025370  0.614017  0.774585  -0.151661  -0.784092  0.620626  -0.004734  0.090458  0.121823  0.988421  -0.011227  0.030929  0.103807  -0.939469  2.737226  -0.581728  1.000000  
