1-Time 2-Px 3-Py 4-Pz 5-R11 6-R21 7-R31 8-R12 9-R22 10-R32 11-R13 12-R23 13-R33 14-Vx 15-Vy 16-Vz 17-Wx 18-Wy 19-Wz 20-state
52.231739 0.018173  -0.004165  -0.023129  0.865227  0.017805  0.501063  -0.400118  0.626753  0.668645  -0.302137  -0.779014  0.549408  0.000087  -0.000635  0.002537  0.000000  0.000000  0.000000  1.000000  
52.232952 0.018171  -0.004166  -0.023124  0.865347  0.017771  0.500859  -0.399957  0.626713  0.668779  -0.302010  -0.779047  0.549432  -0.001881  -0.000928  0.004696  0.000000  0.000000  0.000000  1.000000  
52.233955 0.018164  -0.004169  -0.023105  0.865347  0.017771  0.500859  -0.399957  0.626713  0.668779  -0.302010  -0.779047  0.549432  -0.004768  -0.002236  0.012139  0.000000  0.000000  0.000000  1.000000  
52.235202 0.018152  -0.004173  -0.023073  0.865347  0.017771  0.500859  -0.399957  0.626713  0.668779  -0.302010  -0.779047  0.549432  -0.006538  -0.002665  0.017077  0.000000  0.000000  0.000000  1.000000  
52.236203 0.018145  -0.004174  -0.023054  0.865347  0.017771  0.500859  -0.399957  0.626713  0.668779  -0.302010  -0.779047  0.549432  -0.006707  -0.002307  0.017599  0.000000  0.000000  0.000000  1.000000  
52.237450 0.018135  -0.004174  -0.023037  0.865347  0.017832  0.500857  -0.399957  0.626794  0.668703  -0.302010  -0.778981  0.549526  -0.006973  -0.001708  0.016794  0.000000  0.000000  0.000000  1.000000  
52.238465 0.018124  -0.004173  -0.023024  0.865347  0.017832  0.500857  -0.399957  0.626794  0.668703  -0.302010  -0.778981  0.549526  -0.007609  -0.001316  0.016177  0.000000  0.000000  0.000000  1.000000  
52.239702 0.018107  -0.004173  -0.023008  0.865347  0.017832  0.500857  -0.399957  0.626794  0.668703  -0.302010  -0.778981  0.549526  -0.008534  -0.001042  0.015644  0.000000  0.000000  0.000000  1.000000  
52.240708 0.018094  -0.004172  -0.022996  0.865347  0.017893  0.500855  -0.399957  0.626875  0.668627  -0.302010  -0.778914  0.549621  -0.008983  -0.000791  0.015204  0.000000  0.000000  0.000000  1.000000  
52.241950 0.018082  -0.004169  -0.022981  0.865347  0.017893  0.500855  -0.399957  0.626875  0.668627  -0.302010  -0.778914  0.549621  -0.009088  -0.000420  0.014849  0.000000  0.000000  0.000000  1.000000  
52.242951 0.018073  -0.004167  -0.022966  0.865347  0.017893  0.500855  -0.399957  0.626875  0.668627  -0.302010  -0.778914  0.549621  -0.009144  -0.000187  0.014796  0.000000  0.000000  0.000000  1.000000  
52.243974 0.018061  -0.004166  -0.022949  0.865347  0.017832  0.500857  -0.399957  0.626794  0.668703  -0.302010  -0.778981  0.549526  -0.009366  -0.000113  0.014937  0.000000  0.000000  0.000000  1.000000  
52.245201 0.018044  -0.004166  -0.022926  0.865347  0.017832  0.500857  -0.399957  0.626794  0.668703  -0.302010  -0.778981  0.549526  -0.009763  -0.000119  0.015352  0.000000  0.000000  0.000000  1.000000  
52.246215 0.018029  -0.004168  -0.022904  0.865347  0.017771  0.500859  -0.399957  0.626713  0.668779  -0.302010  -0.779047  0.549432  -0.010121  -0.000245  0.015795  0.000000  0.000000  0.000000  1.000000  
52.247448 0.018009  -0.004172  -0.022870  0.865264  0.017839  0.500999  -0.400135  0.626628  0.668752  -0.302010  -0.779114  0.549337  -0.010936  -0.000487  0.017132  0.000000  0.000000  0.000000  1.000000  
52.248697 0.017987  -0.004178  -0.022831  0.865227  0.017623  0.501070  -0.400118  0.626510  0.668873  -0.302137  -0.779214  0.549125  -0.011895  -0.000658  0.018589  0.000000  0.000000  0.000000  1.000000  
52.249698 0.017971  -0.004182  -0.022803  0.865310  0.017433  0.500934  -0.399940  0.626432  0.669052  -0.302137  -0.779281  0.549030  -0.012312  -0.000680  0.018805  0.000000  0.000000  0.000000  1.000000  
52.250703 0.017955  -0.004184  -0.022781  0.865310  0.017433  0.500934  -0.399940  0.626432  0.669052  -0.302137  -0.779281  0.549030  -0.012934  -0.000664  0.018806  0.000000  0.000000  0.000000  1.000000  
52.251950 0.017936  -0.004183  -0.022760  0.865310  0.017373  0.500936  -0.399940  0.626351  0.669128  -0.302137  -0.779347  0.548936  -0.013572  -0.000565  0.018842  0.000000  0.000000  0.000000  1.000000  
52.253199 0.017912  -0.004182  -0.022739  0.865392  0.017183  0.500801  -0.399762  0.626274  0.669307  -0.302137  -0.779414  0.548841  -0.014301  -0.000544  0.019273  0.000000  0.000000  0.000000  1.000000  
52.254200 0.017893  -0.004181  -0.022715  0.865392  0.017183  0.500801  -0.399762  0.626274  0.669307  -0.302137  -0.779414  0.548841  -0.014707  -0.000564  0.019982  0.000000  0.000000  0.000000  1.000000  
52.255210 0.017877  -0.004180  -0.022685  0.865474  0.017054  0.500663  -0.399583  0.626277  0.669410  -0.302137  -0.779414  0.548841  -0.014891  -0.000559  0.021134  0.000000  0.000000  0.000000  1.000000  
52.256453 0.017862  -0.004175  -0.022641  0.865593  0.017080  0.500456  -0.399422  0.626318  0.669468  -0.302010  -0.779380  0.548959  -0.014998  -0.000322  0.023063  0.000000  0.000000  0.000000  1.000000  
52.257453 0.017849  -0.004170  -0.022602  0.865676  0.016951  0.500318  -0.399244  0.626322  0.669571  -0.302010  -0.779380  0.548959  -0.015282  -0.000222  0.024960  0.000000  0.000000  0.000000  1.000000  
52.258701 0.017831  -0.004165  -0.022552  0.865758  0.016883  0.500178  -0.399066  0.626406  0.669598  -0.302010  -0.779314  0.549054  -0.015575  0.000050  0.026973  0.000000  0.000000  0.000000  1.000000  
52.259727 0.017813  -0.004163  -0.022516  0.865758  0.016883  0.500178  -0.399066  0.626406  0.669598  -0.302010  -0.779314  0.549054  -0.015857  0.000198  0.028071  0.000000  0.000000  0.000000  1.000000  
52.260948 0.017791  -0.004161  -0.022476  0.865959  0.016781  0.499834  -0.398726  0.626451  0.669759  -0.301882  -0.779280  0.549171  -0.016160  0.000418  0.028853  0.000000  0.000000  0.000000  1.000000  
52.261950 0.017775  -0.004158  -0.022448  0.865995  0.016936  0.499765  -0.398743  0.626488  0.669714  -0.301755  -0.779247  0.549289  -0.016116  0.000869  0.029119  0.000000  0.000000  0.000000  1.000000  
52.263199 0.017755  -0.004155  -0.022415  0.866159  0.016678  0.499489  -0.398386  0.626495  0.669919  -0.301755  -0.779247  0.549289  -0.016023  0.001336  0.028763  0.000000  0.000000  0.000000  1.000000  
52.264448 0.017736  -0.004153  -0.022384  0.866278  0.016704  0.499283  -0.398225  0.626537  0.669977  -0.301627  -0.779213  0.549407  -0.015982  0.001910  0.028413  0.000000  0.000000  0.000000  1.000000  
52.265698 0.017715  -0.004150  -0.022353  0.866442  0.016446  0.499007  -0.397868  0.626543  0.670182  -0.301627  -0.779213  0.549407  -0.016016  0.002252  0.028523  0.000000  0.000000  0.000000  1.000000  
52.266698 0.017700  -0.004148  -0.022329  0.866561  0.016412  0.498802  -0.397707  0.626503  0.670316  -0.301500  -0.779246  0.549430  -0.015999  0.002367  0.029021  0.000000  0.000000  0.000000  1.000000  
52.267705 0.017685  -0.004145  -0.022302  0.866642  0.016283  0.498664  -0.397528  0.626507  0.670418  -0.301500  -0.779246  0.549430  -0.015712  0.002500  0.029975  0.000000  0.000000  0.000000  1.000000  
52.268948 0.017665  -0.004143  -0.022261  0.866761  0.016249  0.498459  -0.397367  0.626466  0.670552  -0.301372  -0.779279  0.549453  -0.015537  0.002607  0.030701  0.000000  0.000000  0.000000  1.000000  
52.269948 0.017650  -0.004140  -0.022223  0.866961  0.016086  0.498116  -0.397027  0.626430  0.670787  -0.301245  -0.779312  0.549477  -0.015399  0.002718  0.031321  0.000000  0.000000  0.000000  1.000000  
52.270948 0.017637  -0.004135  -0.022185  0.867080  0.016052  0.497911  -0.396865  0.626390  0.670921  -0.301117  -0.779345  0.549500  -0.015354  0.002803  0.031645  0.000000  0.000000  0.000000  1.000000  
52.271965 0.017626  -0.004130  -0.022149  0.867198  0.016078  0.497704  -0.396703  0.626431  0.670978  -0.300989  -0.779311  0.549618  -0.015394  0.002769  0.031327  0.000000  0.000000  0.000000  1.000000  
52.273202 0.017610  -0.004125  -0.022110  0.867398  0.015975  0.497359  -0.396363  0.626476  0.671137  -0.300862  -0.779277  0.549735  -0.015232  0.002803  0.030728  0.000000  0.000000  0.000000  1.000000  
52.274453 0.017593  -0.004120  -0.022078  0.867597  0.015993  0.497010  -0.396022  0.626683  0.671144  -0.300734  -0.779110  0.550042  -0.014967  0.002943  0.029723  0.000000  0.000000  0.000000  1.000000  
52.275701 0.017573  -0.004113  -0.022047  0.867752  0.016174  0.496734  -0.395877  0.626763  0.671156  -0.300479  -0.779042  0.550278  -0.014782  0.003221  0.029077  0.000000  0.000000  0.000000  1.000000  
52.276948 0.017556  -0.004105  -0.022013  0.867952  0.016192  0.496385  -0.395536  0.626970  0.671163  -0.300351  -0.778875  0.550584  -0.014626  0.003564  0.028995  0.015372  0.177778  -0.054535  1.000000  
52.277948 0.017543  -0.004099  -0.021980  0.868070  0.016338  0.496174  -0.395374  0.627175  0.671067  -0.300224  -0.778707  0.550891  -0.014432  0.003811  0.029467  0.001266  0.188299  -0.051055  1.000000  
52.279198 0.017528  -0.004093  -0.021932  0.868188  0.016484  0.495962  -0.395212  0.627379  0.670972  -0.300096  -0.778540  0.551197  -0.014104  0.004055  0.030542  -0.014920  0.190834  -0.047428  1.000000  
52.280448 0.017512  -0.004087  -0.021883  0.868305  0.016630  0.495751  -0.395050  0.627583  0.670876  -0.299968  -0.778372  0.551504  -0.013822  0.004281  0.031815  -0.029041  0.198758  -0.047589  1.000000  
52.281448 0.017499  -0.004081  -0.021844  0.868423  0.016716  0.495542  -0.394888  0.627706  0.670856  -0.299841  -0.778271  0.551716  -0.013614  0.004555  0.032899  -0.039444  0.208398  -0.048135  1.000000  
52.282451 0.017486  -0.004074  -0.021806  0.868541  0.016862  0.495330  -0.394726  0.627911  0.670760  -0.299713  -0.778102  0.552022  -0.013507  0.004786  0.033583  -0.051683  0.210964  -0.044498  1.000000  
52.283698 0.017471  -0.004066  -0.021761  0.868578  0.017137  0.495257  -0.394742  0.628112  0.670562  -0.299585  -0.777934  0.552329  -0.013169  0.005140  0.033933  -0.067453  0.211832  -0.040523  1.000000  
52.284702 0.017461  -0.004061  -0.021728  0.868695  0.017222  0.495047  -0.394580  0.628235  0.670542  -0.299458  -0.777833  0.552540  -0.012811  0.005349  0.033583  0.000000  0.000000  0.000000  1.000000  
52.285702 0.017453  -0.004055  -0.021696  0.868777  0.017273  0.494903  -0.394401  0.628483  0.670416  -0.299458  -0.777632  0.552823  -0.012495  0.005415  0.033107  -0.085625  0.219754  -0.040731  1.000000  
52.286950 0.017442  -0.004049  -0.021662  0.868931  0.017513  0.494624  -0.394255  0.628644  0.670350  -0.299203  -0.777496  0.553153  -0.012224  0.005440  0.032510  0.000000  0.000000  0.000000  1.000000  
52.287954 0.017434  -0.004044  -0.021636  0.869048  0.017658  0.494412  -0.394093  0.628849  0.670254  -0.299075  -0.777327  0.553459  -0.011986  0.005478  0.032191  0.000000  0.000000  0.000000  1.000000  
52.288955 0.017423  -0.004040  -0.021607  0.869085  0.017933  0.494338  -0.394110  0.629050  0.670055  -0.298947  -0.777158  0.553765  -0.011704  0.005455  0.032331  -0.117006  0.223945  -0.026399  1.000000  
52.290205 0.017411  -0.004035  -0.021564  0.869202  0.018198  0.494122  -0.393947  0.629417  0.669806  -0.298819  -0.776855  0.554259  -0.011250  0.005393  0.033139  -0.133334  0.223933  -0.026485  1.000000  
52.291453 0.017401  -0.004029  -0.021515  0.869202  0.018438  0.494113  -0.393947  0.629742  0.669501  -0.298819  -0.776586  0.554636  -0.010706  0.005245  0.034215  -0.147666  0.215959  -0.026405  1.000000  
52.292454 0.017395  -0.004025  -0.021473  0.869283  0.018548  0.493966  -0.393768  0.630070  0.669297  -0.298819  -0.776317  0.555013  -0.010243  0.005111  0.034929  -0.163963  0.215939  -0.026456  1.000000  
52.293698 0.017388  -0.004019  -0.021419  0.869364  0.018717  0.493817  -0.393589  0.630480  0.669016  -0.298819  -0.775980  0.555484  -0.009744  0.005079  0.035505  -0.182849  0.214176  -0.026306  1.000000  
52.294698 0.017380  -0.004013  -0.021377  0.869364  0.019017  0.493806  -0.393589  0.630886  0.668634  -0.298819  -0.775643  0.555954  -0.009419  0.005134  0.035702  -0.204849  0.202588  -0.022622  1.000000  
52.295954 0.017370  -0.004004  -0.021331  0.869445  0.019246  0.493654  -0.393410  0.631376  0.668276  -0.298819  -0.775238  0.556519  -0.008961  0.005306  0.035428  -0.229270  0.202543  -0.022692  1.000000  
52.297198 0.017361  -0.003993  -0.021290  0.869482  0.019700  0.493572  -0.393427  0.631819  0.667847  -0.298692  -0.774865  0.557106  -0.008561  0.005528  0.035055  -0.253756  0.195567  -0.018788  1.000000  
52.298198 0.017354  -0.003984  -0.021258  0.869563  0.019929  0.493420  -0.393248  0.632309  0.667489  -0.298692  -0.774460  0.557670  -0.008205  0.005675  0.034692  -0.278022  0.192970  -0.022493  1.000000  
52.299448 0.017346  -0.003975  -0.021216  0.869644  0.020218  0.493266  -0.393069  0.632880  0.667053  -0.298692  -0.773986  0.558327  -0.007802  0.005837  0.034594  -0.310979  0.186594  -0.022595  1.000000  
52.300454 0.017340  -0.003967  -0.021179  0.869644  0.020577  0.493251  -0.393069  0.633365  0.666592  -0.298692  -0.773579  0.558890  -0.007663  0.005951  0.034969  -0.339534  0.175808  -0.014990  1.000000  
52.301698 0.017331  -0.003959  -0.021129  0.869607  0.020901  0.493301  -0.393052  0.633974  0.666023  -0.298819  -0.773072  0.559523  -0.007555  0.006074  0.036166  -0.363160  0.163890  -0.018409  1.000000  
52.302948 0.017322  -0.003952  -0.021077  0.869652  0.021095  0.493215  -0.392857  0.634586  0.665556  -0.298947  -0.772564  0.560156  -0.007448  0.006186  0.037222  -0.389435  0.150750  -0.025562  1.000000  
52.303955 0.017314  -0.003946  -0.021036  0.869652  0.021454  0.493199  -0.392857  0.635070  0.665093  -0.298947  -0.772156  0.560718  -0.007286  0.006261  0.038190  -0.411008  0.143987  -0.025660  1.000000  
52.305210 0.017305  -0.003939  -0.020985  0.869652  0.021933  0.493178  -0.392857  0.635715  0.664477  -0.298947  -0.771612  0.561467  -0.007049  0.006411  0.038629  -0.435481  0.130603  -0.021717  1.000000  
52.306451 0.017298  -0.003931  -0.020937  0.869733  0.022280  0.493020  -0.392678  0.636364  0.663961  -0.298947  -0.771067  0.562216  -0.006878  0.006565  0.038597  -0.455978  0.125376  -0.029118  1.000000  
52.307700 0.017292  -0.003922  -0.020891  0.869733  0.022759  0.492998  -0.392678  0.637008  0.663343  -0.298947  -0.770521  0.562964  -0.006830  0.006760  0.037990  -0.480530  0.112017  -0.025148  1.000000  
52.308700 0.017286  -0.003916  -0.020859  0.869777  0.022892  0.492914  -0.392482  0.637538  0.662950  -0.299075  -0.770079  0.563501  -0.006773  0.006889  0.037274  -0.496815  0.106746  -0.032501  1.000000  
52.309947 0.017279  -0.003906  -0.020820  0.869777  0.023371  0.492891  -0.392482  0.638181  0.662331  -0.299075  -0.769531  0.564248  -0.006647  0.007014  0.036486  -0.513062  0.103262  -0.035931  1.000000  
52.310947 0.017271  -0.003897  -0.020789  0.869777  0.023849  0.492868  -0.392482  0.638824  0.661712  -0.299075  -0.768984  0.564994  -0.006572  0.007119  0.036154  -0.539269  0.097910  -0.032155  1.000000  
52.311958 0.017265  -0.003888  -0.020757  0.869821  0.024102  0.492778  -0.392287  0.639513  0.661162  -0.299203  -0.768403  0.565716  -0.006511  0.007130  0.036108  -0.566150  0.085441  -0.039553  1.000000  
52.313198 0.017255  -0.003877  -0.020710  0.869821  0.024640  0.492751  -0.392287  0.640234  0.660463  -0.299203  -0.767785  0.566555  -0.006574  0.007123  0.036570  -0.585805  0.084717  -0.039293  1.000000  
52.314198 0.017248  -0.003870  -0.020666  0.869902  0.025046  0.492588  -0.392108  0.640960  0.659865  -0.299203  -0.767166  0.567393  -0.006681  0.007114  0.037285  -0.614542  0.082133  -0.042992  1.000000  
52.315448 0.017237  -0.003860  -0.020611  0.869902  0.025643  0.492558  -0.392108  0.641760  0.659087  -0.299203  -0.766477  0.568323  -0.006883  0.007123  0.037893  -0.642543  0.079438  -0.046646  1.000000  
52.316698 0.017227  -0.003850  -0.020557  0.869946  0.026134  0.492454  -0.391912  0.642766  0.658223  -0.299330  -0.765617  0.569414  -0.006968  0.007270  0.038080  -0.682565  0.066774  -0.054138  1.000000  
52.317700 0.017218  -0.003841  -0.020518  0.869946  0.026732  0.492422  -0.391912  0.643564  0.657442  -0.299330  -0.764926  0.570342  -0.007069  0.007497  0.037927  -0.713210  0.058749  -0.053940  1.000000  
52.318949 0.017207  -0.003829  -0.020473  0.869946  0.027508  0.492379  -0.391912  0.644600  0.656427  -0.299330  -0.764025  0.571548  -0.007107  0.007837  0.037544  -0.747773  0.055583  -0.057156  1.000000  
52.319955 0.017198  -0.003819  -0.020438  0.870027  0.027973  0.492210  -0.391733  0.645401  0.655746  -0.299330  -0.763331  0.572474  -0.007251  0.008113  0.037110  -0.774305  0.053333  -0.061307  1.000000  
52.321198 0.017189  -0.003806  -0.020395  0.870144  0.028768  0.491957  -0.391570  0.646478  0.654782  -0.299203  -0.762390  0.573794  -0.007344  0.008436  0.036756  -0.810358  0.060752  -0.061132  1.000000  
52.322206 0.017182  -0.003795  -0.020360  0.870144  0.029484  0.491915  -0.391570  0.647430  0.653840  -0.299203  -0.761554  0.574903  -0.007503  0.008734  0.036621  -0.844694  0.055410  -0.057309  1.000000  
52.323453 0.017174  -0.003781  -0.020313  0.870225  0.030186  0.491730  -0.391391  0.648546  0.652841  -0.299203  -0.760577  0.576195  -0.007597  0.009144  0.037022  -0.884236  0.055795  -0.057847  1.000000  
52.324701 0.017164  -0.003769  -0.020263  0.870188  0.030928  0.491748  -0.391375  0.649695  0.651707  -0.299330  -0.759565  0.577462  -0.007749  0.009296  0.037762  -0.916855  0.053053  -0.061533  1.000000  
52.325947 0.017154  -0.003757  -0.020212  0.870269  0.031689  0.491557  -0.391196  0.650887  0.650625  -0.299330  -0.758513  0.578843  -0.007798  0.009323  0.038488  -0.950006  0.052557  -0.061107  1.000000  
52.326948 0.017146  -0.003748  -0.020170  0.870269  0.032405  0.491510  -0.391196  0.651833  0.649677  -0.299330  -0.757670  0.579946  -0.007958  0.009298  0.039153  -0.978111  0.049827  -0.064732  1.000000  
52.327956 0.017137  -0.003741  -0.020128  0.870269  0.033180  0.491459  -0.391196  0.652856  0.648648  -0.299330  -0.756755  0.581140  -0.008002  0.009237  0.039457  -1.012571  0.044855  -0.061378  1.000000  
52.329198 0.017127  -0.003731  -0.020077  0.870349  0.033939  0.491264  -0.391016  0.654043  0.647560  -0.299330  -0.755696  0.582516  -0.008028  0.009243  0.039331  -1.045464  0.044785  -0.061455  1.000000  
52.330448 0.017116  -0.003720  -0.020029  0.870466  0.034850  0.490993  -0.390854  0.655264  0.646423  -0.299203  -0.754596  0.584006  -0.008069  0.009342  0.038805  -1.075356  0.052258  -0.061366  1.000000  
52.331448 0.017107  -0.003711  -0.019994  0.870430  0.035591  0.491005  -0.390837  0.656402  0.645277  -0.299330  -0.753571  0.585262  -0.008112  0.009402  0.038201  -1.112717  0.052606  -0.061935  1.000000  
52.332698 0.017096  -0.003699  -0.019952  0.870430  0.036663  0.490926  -0.390837  0.657809  0.643843  -0.299330  -0.752292  0.586906  -0.008099  0.009490  0.037753  -1.159632  0.049937  -0.054450  1.000000  
52.333948 0.017086  -0.003686  -0.019908  0.870510  0.037659  0.490708  -0.390658  0.659299  0.642426  -0.299330  -0.750937  0.588638  -0.008096  0.009486  0.037685  -1.200750  0.054679  -0.058029  1.000000  
52.334950 0.017077  -0.003677  -0.019868  0.870474  0.038520  0.490706  -0.390642  0.660586  0.641113  -0.299458  -0.749762  0.590070  -0.008076  0.009469  0.038017  -1.241017  0.051901  -0.061650  1.000000  
52.335955 0.017070  -0.003666  -0.019826  0.870474  0.039412  0.490635  -0.390642  0.661751  0.639910  -0.299458  -0.748687  0.591433  -0.008070  0.009488  0.038605  -1.281957  0.046987  -0.058244  1.000000  
52.337196 0.017060  -0.003653  -0.019768  0.870474  0.040662  0.490533  -0.390642  0.663379  0.638222  -0.299458  -0.747178  0.593338  -0.008158  0.009496  0.039485  -1.332101  0.046507  -0.057843  1.000000  
52.338203 0.017052  -0.003642  -0.019721  0.870474  0.041673  0.490448  -0.390642  0.664694  0.636853  -0.299458  -0.745953  0.594878  -0.008231  0.009402  0.040124  -1.379650  0.049527  -0.054811  1.000000  
52.339205 0.017043  -0.003633  -0.019675  0.870554  0.042488  0.490235  -0.390462  0.665937  0.635663  -0.299458  -0.744797  0.596324  -0.008331  0.009376  0.040504  -1.416094  0.049442  -0.054871  1.000000  
52.340215 0.017034  -0.003623  -0.019632  0.870554  0.043499  0.490147  -0.390462  0.667246  0.634288  -0.299458  -0.743566  0.597859  -0.008430  0.009347  0.040643  -1.456674  0.049356  -0.054936  1.000000  
52.341450 0.017022  -0.003612  -0.019580  0.870554  0.044807  0.490029  -0.390462  0.668937  0.632505  -0.299458  -0.741968  0.599841  -0.008501  0.009341  0.040709  -1.506097  0.052012  -0.051489  1.000000  
52.342455 0.017013  -0.003604  -0.019542  0.870474  0.046014  0.490060  -0.390642  0.670307  0.630942  -0.299458  -0.740656  0.601459  -0.008590  0.009440  0.040350  -1.554816  0.041484  -0.043478  1.000000  
52.343701 0.017001  -0.003594  -0.019496  0.870474  0.047500  0.489918  -0.390642  0.672217  0.628907  -0.299458  -0.738829  0.603703  -0.008704  0.009424  0.040073  -1.616107  0.041395  -0.043570  1.000000  
52.344949 0.016989  -0.003584  -0.019449  0.870474  0.048926  0.489778  -0.390642  0.674045  0.626947  -0.299458  -0.737068  0.605851  -0.008790  0.009445  0.039935  -1.671304  0.036102  -0.039598  1.000000  
52.346198 0.016977  -0.003573  -0.019403  0.870474  0.050471  0.489621  -0.390642  0.676019  0.624818  -0.299458  -0.735154  0.608172  -0.008849  0.009367  0.039947  -1.726335  0.038474  -0.035839  1.000000  
52.347198 0.016967  -0.003566  -0.019364  0.870474  0.051658  0.489497  -0.390642  0.677532  0.623176  -0.299458  -0.733676  0.609954  -0.008917  0.009188  0.040324  -1.768938  0.033265  -0.031861  1.000000  
52.348198 0.016957  -0.003559  -0.019325  0.870437  0.052697  0.489451  -0.390625  0.679007  0.621580  -0.299585  -0.732238  0.611618  -0.008921  0.009008  0.040657  -1.812096  0.030690  -0.035716  1.000000  
52.349448 0.016946  -0.003550  -0.019272  0.870437  0.054181  0.489289  -0.390625  0.680889  0.619518  -0.299585  -0.730380  0.613835  -0.009017  0.008794  0.041120  -1.855700  0.025229  -0.031414  1.000000  
52.350450 0.016936  -0.003543  -0.019230  0.870437  0.055427  0.489150  -0.390625  0.682465  0.617782  -0.299585  -0.728814  0.615694  -0.009141  0.008533  0.041141  -1.899730  0.022569  -0.035248  1.000000  
52.351454 0.016927  -0.003536  -0.019188  0.870437  0.056732  0.489000  -0.390625  0.684111  0.615958  -0.299585  -0.727168  0.617636  -0.009289  0.008299  0.040889  -1.946859  0.017345  -0.031170  1.000000  
52.352698 0.016915  -0.003527  -0.019140  0.870400  0.058245  0.488887  -0.390609  0.686164  0.613680  -0.299713  -0.725111  0.619988  -0.009402  0.008028  0.040211  -1.992706  0.014342  -0.034452  1.000000  
52.353700 0.016906  -0.003519  -0.019105  0.870481  0.059348  0.488611  -0.390430  0.687737  0.612031  -0.299713  -0.723530  0.621833  -0.009462  0.007920  0.039536  -2.031653  0.014264  -0.034454  1.000000  
52.354709 0.016896  -0.003513  -0.019072  0.870481  0.060771  0.488436  -0.390430  0.689516  0.610027  -0.299713  -0.721716  0.623937  -0.009499  0.007674  0.038676  -2.088677  0.017131  -0.031271  1.000000  
52.355955 0.016883  -0.003505  -0.019031  0.870481  0.062429  0.488227  -0.390430  0.691584  0.607681  -0.299713  -0.719593  0.626385  -0.009547  0.007402  0.037958  -2.144145  0.011937  -0.027148  1.000000  
52.357201 0.016870  -0.003498  -0.018986  0.870561  0.064122  0.487864  -0.390250  0.693877  0.605177  -0.299713  -0.717233  0.629086  -0.009653  0.007229  0.037710  -2.201636  0.016834  -0.031114  1.000000  
52.358450 0.016858  -0.003491  -0.018938  0.870641  0.065812  0.487496  -0.390071  0.696161  0.602664  -0.299713  -0.714862  0.631779  -0.009700  0.006983  0.037793  -2.268583  0.016877  -0.031420  1.000000  
52.359451 0.016848  -0.003485  -0.018898  0.870722  0.067147  0.487170  -0.389892  0.698000  0.600650  -0.299713  -0.712943  0.633943  -0.009725  0.006800  0.038113  -2.319465  0.019020  -0.039135  1.000000  
52.360453 0.016839  -0.003481  -0.018857  0.870839  0.068566  0.486764  -0.389729  0.699793  0.598666  -0.299585  -0.711047  0.636129  -0.009663  0.006572  0.038238  -2.363984  0.024682  -0.032263  1.000000  
52.361698 0.016827  -0.003475  -0.018807  0.870919  0.070252  0.486380  -0.389550  0.702054  0.596130  -0.299585  -0.708650  0.638798  -0.009606  0.006263  0.038443  -2.419759  0.029658  -0.036587  1.000000  
52.362948 0.016817  -0.003469  -0.018761  0.870999  0.071994  0.485981  -0.389370  0.704377  0.593501  -0.299585  -0.706165  0.641544  -0.009524  0.006052  0.038264  -2.474580  0.034594  -0.040931  1.000000  
52.363950 0.016809  -0.003465  -0.018727  0.871079  0.073322  0.485639  -0.389191  0.706189  0.591462  -0.299585  -0.704217  0.643683  -0.009461  0.005866  0.037714  -2.511132  0.034491  -0.041015  1.000000  
52.365198 0.016799  -0.003459  -0.018686  0.871159  0.075061  0.485229  -0.389012  0.708495  0.588817  -0.299585  -0.701713  0.646411  -0.009293  0.005694  0.036947  -2.553559  0.041973  -0.041637  1.000000  
52.366201 0.016791  -0.003456  -0.018656  0.871159  0.076590  0.484990  -0.389012  0.710348  0.586579  -0.299585  -0.699671  0.648621  -0.009215  0.005427  0.036179  -2.602571  0.042196  -0.042086  1.000000  
52.367508 0.016782  -0.003452  -0.018619  0.871276  0.078528  0.484470  -0.388849  0.712739  0.583780  -0.299458  -0.697019  0.651528  -0.008967  0.005007  0.035176  -2.648443  0.049899  -0.043054  1.000000  
52.368698 0.016772  -0.003450  -0.018582  0.871356  0.080378  0.484023  -0.388669  0.715157  0.580935  -0.299458  -0.694326  0.654397  -0.008890  0.004607  0.034877  -2.701266  0.049467  -0.042949  1.000000  
52.369698 0.016765  -0.003449  -0.018551  0.871393  0.082048  0.483677  -0.388686  0.717018  0.578626  -0.299330  -0.692209  0.656695  -0.008762  0.004292  0.034782  -2.745254  0.052281  -0.039710  1.000000  
52.370698 0.016756  -0.003449  -0.018518  0.871473  0.083601  0.483267  -0.388506  0.719067  0.576200  -0.299330  -0.689894  0.659126  -0.008662  0.003886  0.034760  -2.787688  0.057090  -0.044180  1.000000  
52.371702 0.016748  -0.003449  -0.018482  0.871509  0.085326  0.482899  -0.388523  0.720982  0.573790  -0.299203  -0.687681  0.661493  -0.008506  0.003402  0.034831  -2.833019  0.065354  -0.045720  1.000000  
52.372951 0.016739  -0.003449  -0.018436  0.871626  0.087368  0.482323  -0.388359  0.723461  0.570772  -0.299075  -0.684814  0.664518  -0.008276  0.002924  0.034663  -2.879943  0.073115  -0.046989  1.000000  
52.374201 0.016728  -0.003450  -0.018393  0.871626  0.089415  0.481948  -0.388359  0.725878  0.567695  -0.299075  -0.681987  0.667419  -0.008148  0.002418  0.034226  -2.923740  0.073020  -0.047304  1.000000  
52.375452 0.016719  -0.003450  -0.018352  0.871662  0.091543  0.481482  -0.388376  0.728244  0.564645  -0.298947  -0.679176  0.670336  -0.007977  0.002032  0.033712  -2.961329  0.075784  -0.044181  1.000000  
52.376698 0.016710  -0.003450  -0.018315  0.871699  0.093786  0.480984  -0.388392  0.730734  0.561408  -0.298819  -0.676189  0.673406  -0.007817  0.001644  0.032713  -3.010599  0.078656  -0.041144  1.000000  
52.377703 0.016703  -0.003449  -0.018287  0.871815  0.095467  0.480442  -0.388229  0.732756  0.558881  -0.298692  -0.673762  0.675890  -0.007731  0.001369  0.032149  -3.053080  0.089473  -0.039196  1.000000  
52.378948 0.016693  -0.003450  -0.018250  0.871888  0.097844  0.479831  -0.388261  0.735251  0.555571  -0.298436  -0.670696  0.679046  -0.007701  0.001006  0.031800  -3.100754  0.094651  -0.032627  1.000000  
52.379950 0.016686  -0.003450  -0.018219  0.871925  0.099613  0.479400  -0.388278  0.737164  0.553019  -0.298309  -0.668331  0.681429  -0.007685  0.000627  0.031676  -3.139060  0.098398  -0.029923  1.000000  
52.381198 0.016676  -0.003452  -0.018177  0.871961  0.101961  0.478840  -0.388294  0.739736  0.549563  -0.298181  -0.665128  0.684612  -0.007700  0.000261  0.031965  -3.186482  0.100545  -0.026777  1.000000  
52.382201 0.016667  -0.003455  -0.018143  0.872034  0.103923  0.478285  -0.388326  0.741725  0.546852  -0.297926  -0.662604  0.687165  -0.007874  -0.000164  0.032399  -3.222220  0.109611  -0.017346  1.000000  
52.383448 0.016654  -0.003459  -0.018100  0.872107  0.106288  0.477633  -0.388359  0.744166  0.543502  -0.297670  -0.659485  0.690270  -0.008011  -0.000608  0.032710  -3.266590  0.115681  -0.011305  1.000000  
52.384458 0.016645  -0.003464  -0.018066  0.872143  0.108163  0.477145  -0.388375  0.746168  0.540738  -0.297542  -0.656912  0.692774  -0.008108  -0.001031  0.032818  -3.304413  0.114948  -0.004008  1.000000  
52.385698 0.016632  -0.003470  -0.018024  0.872296  0.110425  0.476347  -0.388228  0.748670  0.537376  -0.297287  -0.653682  0.695931  -0.008292  -0.001450  0.032884  -3.340078  0.124908  -0.002520  1.000000  
52.386950 0.016619  -0.003478  -0.017985  0.872368  0.112894  0.475635  -0.388260  0.751197  0.533813  -0.297031  -0.650352  0.699153  -0.008510  -0.001989  0.032546  -3.382286  0.126402  0.007916  1.000000  
52.388204 0.016606  -0.003487  -0.017948  0.872441  0.115301  0.474924  -0.388292  0.753644  0.530330  -0.296776  -0.647091  0.702280  -0.008710  -0.002537  0.031840  -3.420058  0.129046  0.018442  1.000000  
52.389450 0.016594  -0.003494  -0.017913  0.872593  0.117605  0.474078  -0.388145  0.756162  0.526842  -0.296520  -0.643730  0.705470  -0.008889  -0.002997  0.031376  -3.452799  0.134337  0.024136  1.000000  
52.390453 0.016584  -0.003502  -0.017886  0.872666  0.119601  0.473445  -0.388177  0.758132  0.523980  -0.296265  -0.641040  0.708022  -0.009075  -0.003569  0.031113  -3.483048  0.132918  0.031452  1.000000  
52.391701 0.016571  -0.003510  -0.017849  0.872738  0.122110  0.472670  -0.388209  0.760659  0.520280  -0.296009  -0.637563  0.711260  -0.009325  -0.004144  0.031113  -3.525920  0.135871  0.042097  1.000000  
52.392949 0.016558  -0.003520  -0.017809  0.872927  0.124478  0.471704  -0.388078  0.763096  0.516797  -0.295626  -0.634184  0.714434  -0.009547  -0.004821  0.031383  -3.562896  0.145668  0.050998  1.000000  
52.393952 0.016548  -0.003529  -0.017774  0.873079  0.126304  0.470936  -0.387930  0.765054  0.514006  -0.295370  -0.631458  0.716950  -0.009713  -0.005340  0.031750  -3.590007  0.152385  0.056826  1.000000  
52.395198 0.016535  -0.003541  -0.017728  0.873187  0.128818  0.470053  -0.387978  0.767437  0.510406  -0.294987  -0.628050  0.720094  -0.009983  -0.006091  0.032174  -3.622170  0.157598  0.070267  1.000000  
52.396448 0.016521  -0.003554  -0.017683  0.873375  0.131282  0.469021  -0.387847  0.769952  0.506704  -0.294603  -0.624451  0.723374  -0.010188  -0.006775  0.032363  -3.659156  0.167653  0.078919  1.000000  
52.397448 0.016509  -0.003565  -0.017647  0.873527  0.133151  0.468211  -0.387699  0.771934  0.503793  -0.294347  -0.621602  0.725928  -0.010353  -0.007371  0.032444  -3.686560  0.174618  0.076228  1.000000  
52.398698 0.016495  -0.003580  -0.017606  0.873715  0.135602  0.467156  -0.387567  0.774418  0.500069  -0.293964  -0.617972  0.729175  -0.010539  -0.008021  0.032342  -3.720809  0.186040  0.085181  1.000000  
52.399954 0.016480  -0.003595  -0.017566  0.873902  0.137933  0.466122  -0.387435  0.776763  0.496521  -0.293580  -0.614502  0.732255  -0.010647  -0.008595  0.032197  -3.736157  0.197365  0.085604  1.000000  
52.401198 0.016464  -0.003612  -0.017525  0.874054  0.140182  0.465166  -0.387287  0.779126  0.492922  -0.293324  -0.610993  0.735288  -0.010823  -0.009232  0.032193  -3.753840  0.201128  0.087788  1.000000  
52.402198 0.016453  -0.003626  -0.017492  0.874126  0.142191  0.464420  -0.387318  0.781027  0.489879  -0.293068  -0.608094  0.737789  -0.010935  -0.009777  0.032400  -3.771618  0.206324  0.092474  1.000000  
52.403448 0.016439  -0.003644  -0.017448  0.874277  0.144486  0.463426  -0.387170  0.783418  0.486165  -0.292812  -0.604467  0.740865  -0.011004  -0.010365  0.032877  -3.790983  0.210001  0.094501  1.000000  
52.404708 0.016424  -0.003664  -0.017402  0.874349  0.146880  0.462538  -0.387202  0.785702  0.482438  -0.292557  -0.600915  0.743850  -0.011153  -0.011193  0.033753  -3.817395  0.215490  0.097238  1.000000  
52.405953 0.016410  -0.003684  -0.017353  0.874500  0.149050  0.461556  -0.387054  0.787942  0.478892  -0.292301  -0.597438  0.746745  -0.011268  -0.011978  0.034622  -3.820912  0.221859  0.093661  1.000000  
52.406956 0.016397  -0.003701  -0.017314  0.874536  0.150969  0.460864  -0.387069  0.789820  0.475775  -0.292173  -0.594469  0.749161  -0.011411  -0.012659  0.035228  -3.836040  0.224084  0.093478  1.000000  
52.407957 0.016386  -0.003719  -0.017274  0.874492  0.152992  0.460280  -0.387265  0.791597  0.472652  -0.292045  -0.591580  0.751494  -0.011501  -0.013322  0.035625  -3.848472  0.215680  0.102544  1.000000  
52.409198 0.016371  -0.003743  -0.017225  0.874527  0.155240  0.459459  -0.387281  0.793792  0.468942  -0.291917  -0.588043  0.754314  -0.011656  -0.014134  0.036038  -3.856907  0.216168  0.101554  1.000000  
52.410453 0.016355  -0.003768  -0.017177  0.874483  0.157591  0.458742  -0.387477  0.795881  0.465225  -0.291789  -0.584584  0.757048  -0.011791  -0.015066  0.036143  -3.858417  0.208872  0.102582  1.000000  
52.411699 0.016338  -0.003794  -0.017130  0.874403  0.159979  0.458067  -0.387657  0.798096  0.461264  -0.291789  -0.580904  0.759875  -0.011971  -0.015973  0.036299  -3.864903  0.201656  0.103670  1.000000  
52.412948 0.016321  -0.003821  -0.017081  0.874279  0.162545  0.457400  -0.388033  0.800171  0.457336  -0.291661  -0.577326  0.762646  -0.012148  -0.016817  0.036706  -3.869266  0.190154  0.109873  1.000000  
52.414198 0.016303  -0.003848  -0.017030  0.874155  0.165052  0.456739  -0.388409  0.802172  0.453497  -0.291533  -0.573828  0.765330  -0.012336  -0.017584  0.037421  -3.869737  0.177165  0.115322  1.000000  
52.415448 0.016285  -0.003877  -0.016974  0.873995  0.167486  0.456159  -0.388768  0.804185  0.449607  -0.291533  -0.570294  0.767967  -0.012571  -0.018371  0.038372  -3.875378  0.159588  0.124822  1.000000  
52.416698 0.016266  -0.003906  -0.016914  0.873871  0.170043  0.455451  -0.389144  0.806202  0.445652  -0.291405  -0.566678  0.770687  -0.012835  -0.019151  0.039600  -3.875622  0.148287  0.131387  1.000000  
52.417948 0.016247  -0.003934  -0.016853  0.873710  0.172529  0.454823  -0.389504  0.808230  0.441646  -0.291405  -0.563026  0.773360  -0.013143  -0.019845  0.040834  -3.879669  0.132375  0.134149  1.000000  
52.418950 0.016231  -0.003957  -0.016803  0.873586  0.174695  0.454236  -0.389880  0.809836  0.438361  -0.291277  -0.560043  0.775571  -0.013458  -0.020470  0.041895  -3.884206  0.124621  0.143831  1.000000  
52.420201 0.016212  -0.003986  -0.016741  0.873380  0.177301  0.453620  -0.390435  0.811655  0.434484  -0.291149  -0.556579  0.778108  -0.013772  -0.020990  0.042842  -3.880116  0.101855  0.158081  1.000000  
52.421451 0.016192  -0.004015  -0.016679  0.873174  0.180015  0.452947  -0.390990  0.813560  0.430403  -0.291021  -0.552914  0.780764  -0.014112  -0.021520  0.043633  -3.881522  0.086816  0.170171  1.000000  
52.422703 0.016172  -0.004045  -0.016618  0.872888  0.182894  0.452346  -0.391725  0.815407  0.426220  -0.290893  -0.549237  0.783403  -0.014539  -0.022095  0.044488  -3.882774  0.060862  0.191489  1.000000  
52.423706 0.016155  -0.004070  -0.016570  0.872681  0.185165  0.451820  -0.392280  0.816860  0.422915  -0.290765  -0.546310  0.785494  -0.014850  -0.022468  0.045037  -3.886798  0.041713  0.209321  1.000000  
52.424953 0.016134  -0.004101  -0.016509  0.872429  0.188052  0.451115  -0.393030  0.818586  0.418860  -0.290509  -0.542727  0.788068  -0.015201  -0.022890  0.045923  -3.886698  0.022903  0.227288  1.000000  
52.426199 0.016113  -0.004132  -0.016445  0.872221  0.190647  0.450426  -0.393585  0.820310  0.414948  -0.290381  -0.539207  0.790528  -0.015499  -0.023228  0.046912  -3.874716  0.000711  0.242718  1.000000  
52.427200 0.016095  -0.004158  -0.016393  0.871968  0.193147  0.449852  -0.394335  0.821647  0.411577  -0.290125  -0.536274  0.792614  -0.015718  -0.023518  0.047785  -3.876565  -0.018431  0.269048  1.000000  
52.428448 0.016074  -0.004191  -0.016325  0.871713  0.196081  0.449075  -0.395085  0.823365  0.407404  -0.289869  -0.532562  0.795207  -0.016059  -0.023976  0.049201  -3.874655  -0.040665  0.292891  1.000000  
52.429698 0.016052  -0.004224  -0.016255  0.871493  0.199022  0.448207  -0.395851  0.824983  0.403367  -0.289484  -0.528955  0.797750  -0.016306  -0.024321  0.050170  -3.877300  -0.059136  0.319699  1.000000  
52.430948 0.016031  -0.004257  -0.016184  0.871191  0.202074  0.447428  -0.396796  0.826490  0.399333  -0.289100  -0.525433  0.800213  -0.016456  -0.024636  0.051137  -3.876260  -0.077675  0.354551  1.000000  
52.431954 0.016014  -0.004284  -0.016129  0.871016  0.204339  0.446739  -0.397366  0.827754  0.396136  -0.288844  -0.522560  0.802185  -0.016580  -0.024872  0.051607  -3.869209  -0.088080  0.370812  1.000000  
52.433198 0.015993  -0.004316  -0.016061  0.870747  0.207503  0.445805  -0.398327  0.829242  0.392037  -0.288332  -0.518941  0.804714  -0.016663  -0.025063  0.051942  -3.869594  -0.102437  0.408776  1.000000  
52.434203 0.015976  -0.004342  -0.016009  0.870606  0.209879  0.444967  -0.398913  0.830495  0.388776  -0.287947  -0.515974  0.806758  -0.016757  -0.025281  0.052108  -3.870679  -0.108853  0.427871  1.000000  
52.435447 0.015956  -0.004374  -0.015943  0.870335  0.213033  0.443997  -0.399873  0.831945  0.384667  -0.287435  -0.512332  0.809257  -0.016832  -0.025552  0.052366  -3.880571  -0.118291  0.464892  1.000000  
52.436448 0.015939  -0.004400  -0.015889  0.870110  0.215466  0.443264  -0.400638  0.833031  0.381509  -0.287050  -0.509543  0.811152  -0.016844  -0.025661  0.052717  -3.871458  -0.124467  0.491880  1.000000  
52.437448 0.015923  -0.004426  -0.015835  0.869919  0.218064  0.442367  -0.401418  0.834167  0.378192  -0.286537  -0.506571  0.813193  -0.016856  -0.025782  0.053036  -3.872949  -0.123000  0.516189  1.000000  
52.438455 0.015907  -0.004451  -0.015779  0.869762  0.220720  0.441357  -0.402215  0.835260  0.374918  -0.285896  -0.503610  0.815255  -0.016819  -0.025847  0.053626  -3.875770  -0.122192  0.553031  1.000000  
52.439701 0.015885  -0.004485  -0.015707  0.869521  0.223917  0.440221  -0.403190  0.836609  0.370841  -0.285255  -0.499947  0.817730  -0.016840  -0.026026  0.054363  -3.883668  -0.119930  0.585705  1.000000  
52.440951 0.015864  -0.004517  -0.015636  0.869195  0.227173  0.439195  -0.404345  0.837801  0.366873  -0.284614  -0.496470  0.820069  -0.016843  -0.026089  0.054874  -3.885487  -0.121192  0.623851  1.000000  
52.441951 0.015847  -0.004543  -0.015579  0.869000  0.229594  0.438322  -0.405125  0.838742  0.363850  -0.284101  -0.493760  0.821880  -0.016843  -0.026100  0.055206  -3.875226  -0.118955  0.648419  1.000000  
52.443199 0.015824  -0.004576  -0.015509  0.868705  0.233006  0.437104  -0.406294  0.839956  0.359720  -0.283331  -0.490083  0.824343  -0.016896  -0.026122  0.055285  -3.880487  -0.112024  0.691545  1.000000  
52.444450 0.015803  -0.004608  -0.015442  0.868442  0.236576  0.435706  -0.407479  0.841207  0.355430  -0.282433  -0.486212  0.826940  -0.016821  -0.026018  0.055144  -3.896321  -0.101010  0.729210  1.000000  
52.445698 0.015782  -0.004640  -0.015377  0.868177  0.240031  0.434342  -0.408664  0.842349  0.351343  -0.281534  -0.482528  0.829400  -0.016846  -0.025948  0.054736  -3.900898  -0.085947  0.769436  1.000000  
52.446948 0.015761  -0.004671  -0.015312  0.867910  0.243426  0.432985  -0.409849  0.843426  0.347356  -0.280635  -0.478932  0.831786  -0.016851  -0.025823  0.054469  -3.897802  -0.070688  0.801233  1.000000  
52.447955 0.015744  -0.004696  -0.015261  0.867776  0.246041  0.431775  -0.410660  0.844319  0.344215  -0.279865  -0.476014  0.833719  -0.016903  -0.025768  0.054219  -3.895829  -0.056057  0.824612  1.000000  
