1-Time 2-Px 3-Py 4-Pz 5-R11 6-R21 7-R31 8-R12 9-R22 10-R32 11-R13 12-R23 13-R33 14-Vx 15-Vy 16-Vz 17-Wx 18-Wy 19-Wz 20-state
53.509582 -0.011843  -0.010674  -0.024020  0.752517  0.642891  0.142861  -0.633522  0.765916  -0.109647  -0.179911  -0.007994  0.983650  -0.000255  -0.000017  0.000163  0.000000  0.000000  0.000000  1.000000  
53.510686 -0.011843  -0.010674  -0.024020  0.752517  0.642891  0.142861  -0.633522  0.765916  -0.109647  -0.179911  -0.007994  0.983650  0.000000  0.000000  0.000000  0.000000  0.000000  0.000000  1.000000  
53.511942 -0.011836  -0.010669  -0.024002  0.752517  0.642891  0.142861  -0.633522  0.765916  -0.109647  -0.179911  -0.007994  0.983650  0.003618  0.002403  0.008564  0.000000  0.000000  0.000000  1.000000  
53.512982 -0.011828  -0.010664  -0.023983  0.752517  0.642891  0.142861  -0.633522  0.765916  -0.109647  -0.179911  -0.007994  0.983650  0.004833  0.003333  0.012152  0.000000  0.000000  0.000000  1.000000  
53.514191 -0.011821  -0.010658  -0.023964  0.752517  0.642891  0.142861  -0.633522  0.765916  -0.109647  -0.179911  -0.007994  0.983650  0.005106  0.003789  0.013204  0.000000  0.000000  0.000000  1.000000  
53.515198 -0.011816  -0.010653  -0.023951  0.752499  0.642908  0.142884  -0.633507  0.765903  -0.109825  -0.180042  -0.007875  0.983627  0.005140  0.004105  0.013081  0.000000  0.000000  0.000000  1.000000  
53.516454 -0.011807  -0.010643  -0.023937  0.752499  0.642908  0.142884  -0.633507  0.765903  -0.109825  -0.180042  -0.007875  0.983627  0.005425  0.004781  0.012731  0.000000  0.000000  0.000000  1.000000  
53.517695 -0.011799  -0.010633  -0.023926  0.752499  0.642908  0.142884  -0.633507  0.765903  -0.109825  -0.180042  -0.007875  0.983627  0.005630  0.005268  0.012118  0.000000  0.000000  0.000000  1.000000  
53.518942 -0.011793  -0.010627  -0.023915  0.752368  0.643048  0.142939  -0.633662  0.765784  -0.109761  -0.180042  -0.007994  0.983626  0.005517  0.005282  0.011672  0.000000  0.000000  0.000000  1.000000  
53.519953 -0.011787  -0.010624  -0.023903  0.752368  0.643048  0.142939  -0.633662  0.765784  -0.109761  -0.180042  -0.007994  0.983626  0.005532  0.005047  0.011656  0.000000  0.000000  0.000000  1.000000  
53.521184 -0.011781  -0.010619  -0.023885  0.752350  0.643030  0.143118  -0.633646  0.765798  -0.109753  -0.180174  -0.008113  0.983601  0.005465  0.004870  0.011976  0.000000  0.000000  0.000000  1.000000  
53.522184 -0.011776  -0.010613  -0.023870  0.752331  0.643012  0.143296  -0.633631  0.765812  -0.109745  -0.180306  -0.008232  0.983576  0.005486  0.004951  0.012189  0.000000  0.000000  0.000000  1.000000  
53.523444 -0.011769  -0.010604  -0.023852  0.752182  0.643134  0.143531  -0.633770  0.765707  -0.109674  -0.180437  -0.008471  0.983550  0.005458  0.005202  0.012407  0.000000  0.000000  0.000000  1.000000  
53.524688 -0.011760  -0.010595  -0.023828  0.752164  0.643098  0.143787  -0.633754  0.765734  -0.109573  -0.180569  -0.008709  0.983524  0.005607  0.005385  0.012975  0.000000  0.000000  0.000000  1.000000  
53.525689 -0.011751  -0.010587  -0.023802  0.752033  0.643221  0.143921  -0.633909  0.765629  -0.109417  -0.180569  -0.008948  0.983522  0.006199  0.005809  0.014645  0.000000  0.000000  0.000000  1.000000  
53.526938 -0.011735  -0.010576  -0.023767  0.752015  0.643185  0.144177  -0.633894  0.765656  -0.109316  -0.180700  -0.009186  0.983495  0.006694  0.006214  0.015673  0.000000  0.000000  0.000000  1.000000  
53.527942 -0.011722  -0.010565  -0.023744  0.752015  0.643167  0.144255  -0.633894  0.765669  -0.109223  -0.180700  -0.009305  0.983494  0.007098  0.006587  0.015978  0.000000  0.000000  0.000000  1.000000  
53.529183 -0.011706  -0.010550  -0.023721  0.751884  0.643290  0.144389  -0.634048  0.765563  -0.109067  -0.180700  -0.009544  0.983492  0.007689  0.007180  0.016198  0.000000  0.000000  0.000000  1.000000  
53.530189 -0.011696  -0.010538  -0.023707  0.751884  0.643272  0.144467  -0.634048  0.765576  -0.108974  -0.180700  -0.009663  0.983491  0.007995  0.007652  0.016275  0.000000  0.000000  0.000000  1.000000  
53.531438 -0.011685  -0.010523  -0.023687  0.751754  0.643430  0.144444  -0.634203  0.765444  -0.109004  -0.180700  -0.009663  0.983491  0.008144  0.007984  0.016653  0.000000  0.000000  0.000000  1.000000  
53.532439 -0.011678  -0.010513  -0.023666  0.751754  0.643412  0.144523  -0.634203  0.765457  -0.108911  -0.180700  -0.009782  0.983490  0.008219  0.008151  0.017623  0.000000  0.000000  0.000000  1.000000  
53.533439 -0.011670  -0.010504  -0.023639  0.751754  0.643412  0.144523  -0.634203  0.765457  -0.108911  -0.180700  -0.009782  0.983490  0.008361  0.008329  0.018655  0.000000  0.000000  0.000000  1.000000  
53.534439 -0.011662  -0.010496  -0.023607  0.751623  0.643570  0.144500  -0.634358  0.765325  -0.108941  -0.180700  -0.009782  0.983490  0.008594  0.008676  0.020285  0.000000  0.000000  0.000000  1.000000  
53.535694 -0.011656  -0.010486  -0.023565  0.751511  0.643728  0.144377  -0.634528  0.765191  -0.108886  -0.180569  -0.009783  0.983514  0.008585  0.009061  0.021967  0.000000  0.000000  0.000000  1.000000  
53.536933 -0.011651  -0.010474  -0.023527  0.751511  0.643728  0.144377  -0.634528  0.765191  -0.108886  -0.180569  -0.009783  0.983514  0.008463  0.009434  0.023292  0.000000  0.000000  0.000000  1.000000  
53.538183 -0.011642  -0.010460  -0.023494  0.751530  0.643712  0.144355  -0.634544  0.765204  -0.108708  -0.180437  -0.009902  0.983537  0.008606  0.009780  0.024155  0.000000  0.000000  0.000000  1.000000  
53.539433 -0.011631  -0.010445  -0.023465  0.751417  0.643871  0.144232  -0.634714  0.765070  -0.108653  -0.180306  -0.009902  0.983561  0.008738  0.010121  0.024577  0.000000  0.000000  0.000000  1.000000  
53.540686 -0.011619  -0.010431  -0.023439  0.751305  0.644012  0.144187  -0.634884  0.764950  -0.108505  -0.180174  -0.010022  0.983584  0.008746  0.010406  0.024183  0.000000  0.000000  0.000000  1.000000  
53.541935 -0.011606  -0.010419  -0.023414  0.751305  0.643994  0.144265  -0.634884  0.764963  -0.108412  -0.180174  -0.010141  0.983582  0.008598  0.010496  0.023579  0.000000  0.000000  0.000000  1.000000  
53.543183 -0.011593  -0.010405  -0.023392  0.751323  0.643978  0.144243  -0.634900  0.764976  -0.108234  -0.180042  -0.010261  0.983605  0.008286  0.010424  0.023191  0.000000  0.000000  0.000000  1.000000  
53.544433 -0.011582  -0.010393  -0.023372  0.751360  0.643962  0.144120  -0.634931  0.764987  -0.107971  -0.179779  -0.010381  0.983652  0.008029  0.010241  0.023240  0.000000  0.000000  0.000000  1.000000  
53.545433 -0.011577  -0.010386  -0.023354  0.751248  0.644121  0.143997  -0.635101  0.764853  -0.107916  -0.179648  -0.010381  0.983676  0.007774  0.009914  0.023356  0.000000  0.000000  0.000000  1.000000  
53.546449 -0.011572  -0.010381  -0.023330  0.751285  0.644123  0.143796  -0.635132  0.764852  -0.107746  -0.179384  -0.010381  0.983724  0.007552  0.009428  0.023946  0.000000  0.000000  0.000000  1.000000  
53.547695 -0.011565  -0.010375  -0.023295  0.751321  0.644125  0.143595  -0.635163  0.764850  -0.107576  -0.179121  -0.010382  0.983772  0.007388  0.009002  0.024260  0.000000  0.000000  0.000000  1.000000  
53.548696 -0.011560  -0.010370  -0.023266  0.751358  0.644127  0.143394  -0.635194  0.764848  -0.107406  -0.178858  -0.010382  0.983820  0.007192  0.008790  0.024194  0.000000  0.000000  0.000000  1.000000  
53.549942 -0.011553  -0.010364  -0.023232  0.751394  0.644147  0.143115  -0.635225  0.764833  -0.107329  -0.178595  -0.010264  0.983869  0.007138  0.008602  0.023748  0.000000  0.000000  0.000000  1.000000  
53.551189 -0.011547  -0.010355  -0.023202  0.751449  0.644184  0.142657  -0.635271  0.764805  -0.107260  -0.178200  -0.010026  0.983943  0.007221  0.008405  0.022986  0.000000  0.000000  0.000000  1.000000  
53.552439 -0.011537  -0.010345  -0.023179  0.751634  0.644047  0.142299  -0.635163  0.764922  -0.107068  -0.177805  -0.009907  0.984016  0.007375  0.008187  0.022134  0.000000  0.000000  0.000000  1.000000  
53.553441 -0.011528  -0.010335  -0.023162  0.751671  0.644084  0.141942  -0.635193  0.764894  -0.107084  -0.177541  -0.009669  0.984066  0.007447  0.008061  0.021733  0.000000  0.000000  0.000000  1.000000  
53.554692 -0.011515  -0.010321  -0.023136  0.751874  0.643947  0.141483  -0.635100  0.765010  -0.106807  -0.177015  -0.009550  0.984162  0.007567  0.008032  0.021587  0.000000  0.000000  0.000000  1.000000  
53.555693 -0.011503  -0.010312  -0.023110  0.751928  0.643967  0.141103  -0.635145  0.764995  -0.106645  -0.176619  -0.009432  0.984234  0.007703  0.007899  0.021949  0.000000  0.000000  0.000000  1.000000  
53.556938 -0.011490  -0.010303  -0.023073  0.752000  0.644005  0.140545  -0.635206  0.764966  -0.106491  -0.176093  -0.009194  0.984331  0.007709  0.007655  0.022759  0.000000  0.000000  0.000000  1.000000  
53.558005 -0.011481  -0.010298  -0.023045  0.752185  0.643851  0.140265  -0.635097  0.765096  -0.106207  -0.175697  -0.009194  0.984401  0.007555  0.007259  0.023404  0.000000  0.000000  0.000000  1.000000  
53.559187 -0.011472  -0.010292  -0.023009  0.752387  0.643714  0.139806  -0.635003  0.765212  -0.105931  -0.175171  -0.009076  0.984496  0.007472  0.006845  0.024603  0.000000  0.000000  0.000000  1.000000  
53.560189 -0.011467  -0.010288  -0.022982  0.752459  0.643735  0.139325  -0.635063  0.765196  -0.105684  -0.174644  -0.008957  0.984591  0.007493  0.006650  0.025163  -0.026925  0.206767  0.015578  1.000000  
53.561439 -0.011458  -0.010285  -0.022949  0.752530  0.643738  0.138922  -0.635123  0.765193  -0.105344  -0.174117  -0.008958  0.984684  0.007597  0.006429  0.025437  -0.030026  0.226747  0.009029  1.000000  
53.562466 -0.011451  -0.010282  -0.022923  0.752732  0.643601  0.138463  -0.635028  0.765310  -0.105069  -0.173590  -0.008840  0.984778  0.007693  0.006306  0.025216  -0.032588  0.242633  0.002296  1.000000  
53.563722 -0.011441  -0.010278  -0.022894  0.752785  0.643621  0.138083  -0.635073  0.765295  -0.104907  -0.173194  -0.008721  0.984849  0.007942  0.006209  0.024720  -0.035437  0.256163  -0.004397  1.000000  
53.564950 -0.011430  -0.010272  -0.022866  0.752969  0.643482  0.137724  -0.634963  0.765413  -0.104716  -0.172799  -0.008602  0.984920  0.008237  0.006133  0.024325  -0.037081  0.265366  -0.017943  1.000000  
53.566188 -0.011419  -0.010264  -0.022840  0.753040  0.643503  0.137243  -0.635023  0.765397  -0.104469  -0.172272  -0.008483  0.985013  0.008496  0.006128  0.024138  -0.041180  0.283468  -0.017802  1.000000  
53.567189 -0.011409  -0.010256  -0.022816  0.753092  0.643522  0.136863  -0.635067  0.765382  -0.104307  -0.171876  -0.008364  0.985083  0.008669  0.005988  0.024602  -0.045261  0.292459  -0.017737  1.000000  
53.568441 -0.011395  -0.010248  -0.022780  0.753293  0.643401  0.136325  -0.634971  0.765486  -0.104125  -0.171349  -0.008126  0.985177  0.008796  0.005608  0.025730  -0.055086  0.310700  -0.031225  1.000000  
53.569442 -0.011383  -0.010240  -0.022744  0.753477  0.643246  0.136044  -0.634860  0.765617  -0.103842  -0.170954  -0.008127  0.985246  0.008935  0.005473  0.026619  -0.053856  0.319621  -0.037942  1.000000  
53.570689 -0.011368  -0.010233  -0.022694  0.753564  0.643266  0.135462  -0.634934  0.765601  -0.103510  -0.170294  -0.008008  0.985361  0.009037  0.005247  0.027751  -0.060809  0.337647  -0.044589  1.000000  
53.571940 -0.011353  -0.010226  -0.022643  0.753634  0.643286  0.134981  -0.634993  0.765585  -0.103263  -0.169767  -0.007889  0.985453  0.009118  0.005126  0.028672  -0.068980  0.351150  -0.044470  1.000000  
53.573189 -0.011339  -0.010219  -0.022598  0.753703  0.643305  0.134499  -0.635051  0.765570  -0.103016  -0.169240  -0.007770  0.985544  0.009324  0.005169  0.029368  -0.077144  0.364618  -0.044347  1.000000  
53.574438 -0.011326  -0.010211  -0.022557  0.753789  0.643326  0.133917  -0.635124  0.765554  -0.102684  -0.168580  -0.007652  0.985658  0.009696  0.005360  0.029776  -0.084127  0.382743  -0.051008  1.000000  
53.575689 -0.011313  -0.010203  -0.022518  0.753858  0.643345  0.133436  -0.635182  0.765539  -0.102437  -0.168053  -0.007533  0.985749  0.010037  0.005580  0.030034  -0.088225  0.391729  -0.050953  1.000000  
53.576938 -0.011298  -0.010194  -0.022478  0.753927  0.643364  0.132954  -0.635240  0.765524  -0.102190  -0.167525  -0.007414  0.985840  0.010463  0.005938  0.030520  -0.091570  0.397448  -0.050484  1.000000  
53.578188 -0.011284  -0.010186  -0.022434  0.753995  0.643367  0.132551  -0.635297  0.765522  -0.101850  -0.166997  -0.007415  0.985929  0.010802  0.006278  0.031413  -0.092474  0.410286  -0.050893  1.000000  
53.579188 -0.011272  -0.010179  -0.022397  0.754047  0.643369  0.132248  -0.635341  0.765520  -0.101595  -0.166602  -0.007415  0.985996  0.010963  0.006472  0.032339  -0.088297  0.414258  -0.050816  1.000000  
53.580193 -0.011261  -0.010171  -0.022359  0.753967  0.643529  0.131925  -0.635539  0.765386  -0.101367  -0.166206  -0.007416  0.986063  0.011167  0.006643  0.033660  -0.085407  0.418573  -0.043975  1.000000  
53.581438 -0.011246  -0.010161  -0.022309  0.754018  0.643532  0.131622  -0.635582  0.765384  -0.101112  -0.165810  -0.007416  0.986130  0.011375  0.006715  0.035242  -0.082569  0.418661  -0.037202  1.000000  
53.582688 -0.011231  -0.010150  -0.022258  0.753955  0.643676  0.131276  -0.635794  0.765261  -0.100706  -0.165282  -0.007537  0.986218  0.011539  0.006795  0.036307  -0.070982  0.424261  -0.030096  1.000000  
53.583691 -0.011217  -0.010143  -0.022217  0.753874  0.643820  0.131030  -0.635992  0.765138  -0.100385  -0.164886  -0.007657  0.986283  0.011649  0.006879  0.036970  -0.064590  0.423073  -0.023559  1.000000  
53.584966 -0.011200  -0.010133  -0.022164  0.753942  0.643808  0.130705  -0.636049  0.765148  -0.099952  -0.164358  -0.007777  0.986370  0.011774  0.006940  0.037209  -0.053485  0.426998  -0.016707  1.000000  
53.586187 -0.011183  -0.010123  -0.022115  0.753895  0.643953  0.130258  -0.636275  0.765024  -0.099460  -0.163698  -0.007898  0.986479  0.011918  0.007205  0.037161  -0.046184  0.432725  -0.009746  1.000000  
53.587191 -0.011171  -0.010115  -0.022080  0.753830  0.644114  0.129834  -0.636487  0.764889  -0.099146  -0.163170  -0.007898  0.986566  0.011963  0.007369  0.036929  -0.044849  0.436241  0.003783  1.000000  
53.588441 -0.011155  -0.010104  -0.022035  0.753783  0.644275  0.129310  -0.636712  0.764753  -0.098747  -0.162510  -0.007899  0.986675  0.012152  0.007600  0.036999  -0.041941  0.440671  0.010616  1.000000  
53.589689 -0.011139  -0.010093  -0.021988  0.753751  0.644438  0.128684  -0.636951  0.764616  -0.098263  -0.161718  -0.007900  0.986805  0.012309  0.007780  0.037575  -0.043909  0.445926  0.024140  1.000000  
53.590690 -0.011127  -0.010084  -0.021944  0.753833  0.644426  0.128258  -0.637021  0.764624  -0.097744  -0.161058  -0.008021  0.986912  0.012403  0.007957  0.038385  -0.035801  0.450302  0.024176  1.000000  
53.591945 -0.011112  -0.010073  -0.021885  0.753801  0.644588  0.127633  -0.637259  0.764488  -0.097259  -0.160266  -0.008022  0.987041  0.012444  0.008137  0.039694  -0.034310  0.458323  0.038027  1.000000  
53.593188 -0.011097  -0.010061  -0.021823  0.753784  0.644752  0.126907  -0.637511  0.764350  -0.096688  -0.159341  -0.008023  0.987191  0.012483  0.008311  0.040724  -0.031123  0.472627  0.044636  1.000000  
53.594438 -0.011081  -0.010049  -0.021762  0.753750  0.644914  0.126282  -0.637749  0.764213  -0.096202  -0.158549  -0.008024  0.987319  0.012616  0.008553  0.041823  -0.029316  0.485673  0.058238  1.000000  
53.595440 -0.011069  -0.010038  -0.021716  0.753716  0.645076  0.125657  -0.637986  0.764076  -0.095716  -0.157756  -0.008025  0.987446  0.012650  0.008703  0.042247  -0.026596  0.503223  0.065645  1.000000  
53.596449 -0.011056  -0.010027  -0.021673  0.753812  0.645081  0.125052  -0.638068  0.764072  -0.095204  -0.156963  -0.008026  0.987572  0.012718  0.008903  0.042399  -0.022473  0.516524  0.065708  1.000000  
53.597686 -0.011039  -0.010014  -0.021622  0.753824  0.645231  0.124203  -0.638344  0.763944  -0.094368  -0.155774  -0.008147  0.987759  0.012765  0.009075  0.042439  -0.016407  0.539076  0.078958  1.000000  
53.598703 -0.011025  -0.010004  -0.021581  0.753804  0.645379  0.123556  -0.638594  0.763818  -0.093703  -0.154848  -0.008268  0.987904  0.012758  0.009273  0.042309  -0.009452  0.552210  0.086482  1.000000  
53.599947 -0.011010  -0.009994  -0.021531  0.753798  0.645528  0.122808  -0.638856  0.763691  -0.092952  -0.153791  -0.008390  0.988068  0.012708  0.009326  0.042294  -0.003480  0.570197  0.100313  1.000000  
53.601191 -0.010996  -0.009984  -0.021479  0.753955  0.645522  0.121878  -0.638988  0.763695  -0.092005  -0.152469  -0.008511  0.988272  0.012515  0.009313  0.042605  0.004762  0.597303  0.100574  1.000000  
53.602458 -0.010983  -0.009975  -0.021425  0.753978  0.645673  0.120929  -0.639275  0.763565  -0.091082  -0.151146  -0.008633  0.988474  0.012268  0.009172  0.043099  0.011896  0.619350  0.107540  1.000000  
53.603689 -0.010970  -0.009965  -0.021369  0.754000  0.645824  0.119980  -0.639560  0.763436  -0.090159  -0.149823  -0.008755  0.988674  0.012102  0.009107  0.043954  0.019051  0.646686  0.114683  1.000000  
53.604933 -0.010957  -0.009955  -0.021309  0.754167  0.645834  0.118870  -0.639702  0.763428  -0.089217  -0.148368  -0.008757  0.988893  0.011882  0.009050  0.044583  0.023041  0.677129  0.114024  1.000000  
53.605933 -0.010946  -0.009947  -0.021259  0.754171  0.645999  0.117943  -0.639972  0.763288  -0.088471  -0.147177  -0.008758  0.989071  0.011815  0.008987  0.044943  0.022053  0.699343  0.120995  1.000000  
53.606936 -0.010935  -0.009939  -0.021211  0.754306  0.646007  0.117035  -0.640087  0.763281  -0.087701  -0.145986  -0.008760  0.989248  0.011805  0.008946  0.044926  0.026187  0.726062  0.121178  1.000000  
53.607939 -0.010923  -0.009928  -0.021165  0.754322  0.646173  0.116008  -0.640368  0.763140  -0.086868  -0.144662  -0.008761  0.989442  0.011771  0.009034  0.044566  0.025435  0.759007  0.129256  1.000000  
53.609183 -0.010908  -0.009914  -0.021111  0.754498  0.646184  0.114797  -0.640517  0.763131  -0.085840  -0.143073  -0.008763  0.989673  0.011740  0.009111  0.044112  0.025350  0.792980  0.128553  1.000000  
53.610183 -0.010896  -0.009904  -0.021070  0.754497  0.646363  0.113792  -0.640784  0.762981  -0.085184  -0.141881  -0.008645  0.989846  0.011710  0.009130  0.043896  0.021408  0.819899  0.128761  1.000000  
53.611184 -0.010885  -0.009893  -0.021027  0.754641  0.646372  0.112783  -0.640906  0.762974  -0.084327  -0.140557  -0.008647  0.990035  0.011630  0.009131  0.043842  0.021509  0.850938  0.129003  1.000000  
53.612433 -0.010871  -0.009881  -0.020972  0.754709  0.646541  0.111352  -0.641231  0.762830  -0.083149  -0.138702  -0.008649  0.990296  0.011475  0.009028  0.044003  0.017603  0.899958  0.129473  1.000000  
53.613437 -0.010860  -0.009873  -0.020925  0.754849  0.646550  0.110342  -0.641350  0.762822  -0.082291  -0.137377  -0.008650  0.990481  0.011272  0.008932  0.044450  0.017710  0.931223  0.129751  1.000000  
53.614687 -0.010848  -0.009863  -0.020863  0.755044  0.646549  0.109006  -0.641516  0.762822  -0.080997  -0.135521  -0.008773  0.990736  0.010990  0.008848  0.045176  0.018886  0.975802  0.123464  1.000000  
53.615942 -0.010836  -0.009854  -0.020800  0.755118  0.646707  0.107553  -0.641846  0.762687  -0.079639  -0.133532  -0.008895  0.991005  0.010820  0.008771  0.046005  0.019043  1.020578  0.124005  1.000000  
53.617186 -0.010825  -0.009844  -0.020739  0.755320  0.646720  0.106037  -0.642018  0.762675  -0.078351  -0.131543  -0.008898  0.991271  0.010724  0.008798  0.046463  0.016163  1.065138  0.117669  1.000000  
53.618437 -0.010812  -0.009834  -0.020681  0.755375  0.646877  0.104685  -0.642332  0.762541  -0.077077  -0.129686  -0.009020  0.991514  0.010709  0.008891  0.046650  0.020344  1.105235  0.118093  1.000000  
53.619450 -0.010803  -0.009826  -0.020635  0.755400  0.647045  0.103456  -0.642622  0.762398  -0.076067  -0.128094  -0.009022  0.991721  0.010619  0.008918  0.046463  0.020635  1.140859  0.119268  1.000000  
53.620460 -0.010792  -0.009816  -0.020590  0.755556  0.647044  0.102322  -0.642754  0.762398  -0.074943  -0.126501  -0.009144  0.991924  0.010662  0.009073  0.046150  0.020755  1.172051  0.119671  1.000000  
53.621682 -0.010777  -0.009804  -0.020536  0.755628  0.647216  0.100689  -0.643084  0.762252  -0.073587  -0.124377  -0.009147  0.992193  0.010719  0.009180  0.045810  0.020753  1.212414  0.119231  1.000000  
53.622682 -0.010765  -0.009793  -0.020493  0.755647  0.647384  0.099461  -0.643368  0.762109  -0.072575  -0.122784  -0.009149  0.992391  0.010773  0.009191  0.045563  0.020876  1.243615  0.119517  1.000000  
53.623682 -0.010753  -0.009783  -0.020449  0.755783  0.647382  0.098427  -0.643484  0.762109  -0.071536  -0.121323  -0.009271  0.992570  0.010747  0.009157  0.045582  0.025038  1.270503  0.119855  1.000000  
53.624932 -0.010737  -0.009770  -0.020391  0.755823  0.647552  0.096997  -0.643786  0.761965  -0.070350  -0.119464  -0.009273  0.992795  0.010832  0.009098  0.045947  0.025186  1.301497  0.120128  1.000000  
53.626182 -0.010723  -0.009758  -0.020328  0.755883  0.647724  0.095365  -0.644106  0.761818  -0.068992  -0.117338  -0.009275  0.993049  0.010826  0.009008  0.046637  0.025380  1.338202  0.120557  1.000000  
53.627432 -0.010709  -0.009747  -0.020262  0.755928  0.647884  0.093912  -0.644413  0.761681  -0.067626  -0.115345  -0.009398  0.993281  0.010807  0.008929  0.047373  0.025532  1.368635  0.120949  1.000000  
53.628433 -0.010697  -0.009738  -0.020207  0.755947  0.648053  0.092583  -0.644698  0.761537  -0.066524  -0.113617  -0.009400  0.993480  0.010830  0.008948  0.047863  0.021634  1.395437  0.121294  1.000000  
53.629688 -0.010682  -0.009727  -0.020140  0.755997  0.648214  0.091030  -0.645010  0.761399  -0.065070  -0.111490  -0.009523  0.993720  0.011072  0.009108  0.048130  0.020898  1.426114  0.128532  1.000000  
53.630693 -0.010671  -0.009717  -0.020090  0.756011  0.648373  0.089781  -0.645291  0.761262  -0.063874  -0.109761  -0.009645  0.993911  0.011205  0.009285  0.048159  0.021243  1.455940  0.129962  1.000000  
53.631701 -0.010658  -0.009707  -0.020040  0.756011  0.648541  0.088554  -0.645560  0.761119  -0.062856  -0.108165  -0.009647  0.994086  0.011480  0.009450  0.048130  0.020314  1.470615  0.135958  1.000000  
53.632941 -0.010641  -0.009693  -0.019981  0.756063  0.648704  0.086900  -0.645874  0.760978  -0.061313  -0.105903  -0.009770  0.994328  0.011779  0.009692  0.048211  0.020540  1.502232  0.136493  1.000000  
53.634186 -0.010624  -0.009679  -0.019921  0.756101  0.648866  0.085348  -0.646175  0.760838  -0.059856  -0.103774  -0.009892  0.994552  0.012098  0.009927  0.048499  0.020936  1.532234  0.137969  1.000000  
53.635438 -0.010606  -0.009666  -0.019858  0.756135  0.649018  0.083874  -0.646474  0.760705  -0.058305  -0.101645  -0.010136  0.994769  0.012370  0.010043  0.048910  0.029320  1.550225  0.138357  1.000000  
53.636683 -0.010589  -0.009652  -0.019792  0.756155  0.649180  0.082424  -0.646761  0.760565  -0.056932  -0.099648  -0.010259  0.994970  0.012562  0.010129  0.049728  0.032474  1.564183  0.144407  1.000000  
53.637684 -0.010575  -0.009642  -0.019737  0.756153  0.649341  0.081176  -0.647028  0.760427  -0.055732  -0.097917  -0.010381  0.995140  0.012638  0.010057  0.050512  0.037047  1.582050  0.145808  1.000000  
53.638686 -0.010561  -0.009631  -0.019681  0.756138  0.649491  0.080108  -0.647285  0.760295  -0.054525  -0.096319  -0.010624  0.995294  0.012788  0.010095  0.051326  0.044542  1.595008  0.152982  1.000000  
53.639939 -0.010543  -0.009619  -0.019611  0.756017  0.649801  0.078726  -0.647721  0.760027  -0.053074  -0.094321  -0.010868  0.995482  0.013045  0.010062  0.052028  0.056195  1.608254  0.160096  1.000000  
53.641183 -0.010525  -0.009607  -0.019542  0.756035  0.649956  0.077255  -0.648006  0.759891  -0.051519  -0.092190  -0.011112  0.995679  0.013277  0.010104  0.052359  0.063274  1.621893  0.166104  1.000000  
53.642183 -0.010510  -0.009598  -0.019487  0.756022  0.650118  0.076008  -0.648265  0.759750  -0.050315  -0.090458  -0.011234  0.995837  0.013494  0.010098  0.052493  0.068154  1.630965  0.167581  1.000000  
53.643433 -0.010491  -0.009586  -0.019421  0.755909  0.650432  0.074426  -0.648709  0.759478  -0.048687  -0.088192  -0.011478  0.996037  0.013784  0.010172  0.052400  0.074403  1.648675  0.180393  1.000000  
53.644436 -0.010475  -0.009575  -0.019368  0.755891  0.650586  0.073259  -0.648963  0.759342  -0.047389  -0.086460  -0.011721  0.996186  0.014072  0.010264  0.052360  0.078628  1.657784  0.189061  1.000000  
53.645441 -0.010460  -0.009565  -0.019316  0.755870  0.650740  0.072093  -0.649216  0.759206  -0.046091  -0.084727  -0.011965  0.996332  0.014323  0.010349  0.052435  0.087044  1.661783  0.189286  1.000000  
53.646494 -0.010444  -0.009554  -0.019263  0.755856  0.650905  0.070747  -0.649474  0.759063  -0.044797  -0.082860  -0.012088  0.996488  0.014460  0.010347  0.052566  0.086451  1.667837  0.196160  1.000000  
53.647687 -0.010424  -0.009541  -0.019193  0.755863  0.651057  0.069255  -0.649751  0.758927  -0.043058  -0.080593  -0.012453  0.996669  0.014766  0.010358  0.053369  0.098392  1.684492  0.195600  1.000000  
53.648707 -0.010407  -0.009530  -0.019134  0.755834  0.651221  0.068011  -0.649997  0.758784  -0.041850  -0.078859  -0.012575  0.996806  0.014956  0.010302  0.054066  0.098711  1.687428  0.204016  1.000000  
53.649938 -0.010387  -0.009517  -0.019059  0.755701  0.651531  0.066512  -0.650423  0.758512  -0.040123  -0.076592  -0.012940  0.996979  0.015080  0.010269  0.054986  0.110698  1.697458  0.211486  1.000000  
53.650942 -0.010371  -0.009506  -0.018998  0.755674  0.651690  0.065247  -0.650671  0.758371  -0.038734  -0.074724  -0.013184  0.997117  0.015251  0.010250  0.055601  0.115092  1.706171  0.211900  1.000000  
53.652196 -0.010351  -0.009494  -0.018925  0.755682  0.651848  0.063555  -0.650949  0.758228  -0.036817  -0.072188  -0.013549  0.997299  0.015346  0.010213  0.055928  0.127071  1.719257  0.219259  1.000000  
53.653435 -0.010332  -0.009481  -0.018854  0.755684  0.652008  0.061864  -0.651222  0.758084  -0.034899  -0.069653  -0.013915  0.997474  0.015517  0.010160  0.056058  0.135717  1.742427  0.220075  1.000000  
53.654685 -0.010312  -0.009470  -0.018786  0.755682  0.652169  0.060174  -0.651491  0.757939  -0.032980  -0.067116  -0.014280  0.997643  0.015639  0.010159  0.055945  0.148383  1.764841  0.220697  1.000000  
53.655686 -0.010297  -0.009461  -0.018733  0.755641  0.652324  0.058989  -0.651728  0.757799  -0.031496  -0.065247  -0.014645  0.997762  0.015698  0.010081  0.055740  0.159647  1.768569  0.219500  1.000000  
53.656936 -0.010277  -0.009450  -0.018668  0.755630  0.652487  0.057299  -0.651989  0.757651  -0.029575  -0.062710  -0.015011  0.997919  0.015780  0.010059  0.055539  0.169563  1.787086  0.221779  1.000000  
53.658183 -0.010257  -0.009439  -0.018600  0.755620  0.652647  0.055588  -0.652252  0.757504  -0.027474  -0.060039  -0.015497  0.998076  0.015813  0.009954  0.055664  0.186378  1.805326  0.222519  1.000000  
53.659433 -0.010238  -0.009428  -0.018532  0.755593  0.652805  0.054080  -0.652500  0.757358  -0.025547  -0.057635  -0.015984  0.998210  0.015798  0.009831  0.055743  0.199091  1.814533  0.223255  1.000000  
53.660683 -0.010218  -0.009416  -0.018462  0.755568  0.652972  0.052392  -0.652750  0.757205  -0.023624  -0.055097  -0.016349  0.998347  0.015822  0.009721  0.056056  0.205977  1.826440  0.222256  1.000000  
53.661686 -0.010203  -0.009408  -0.018405  0.755521  0.653136  0.051008  -0.652981  0.757056  -0.021961  -0.052959  -0.016715  0.998457  0.015827  0.009599  0.056351  0.218529  1.844668  0.222906  1.000000  
53.662947 -0.010183  -0.009397  -0.018333  0.755486  0.653300  0.049400  -0.653222  0.756904  -0.019944  -0.050421  -0.017201  0.998580  0.015740  0.009406  0.056278  0.232926  1.854033  0.225133  1.000000  
53.664188 -0.010163  -0.009385  -0.018263  0.755455  0.653475  0.047511  -0.653468  0.756744  -0.017844  -0.047614  -0.017567  0.998711  0.015765  0.009302  0.056178  0.237579  1.877111  0.226126  1.000000  
53.665194 -0.010147  -0.009376  -0.018208  0.755396  0.653643  0.046129  -0.653689  0.756591  -0.016179  -0.045476  -0.017932  0.998804  0.015755  0.009158  0.055675  0.246027  1.889843  0.226716  1.000000  
53.666440 -0.010127  -0.009365  -0.018142  0.755490  0.653665  0.044244  -0.653770  0.756563  -0.014067  -0.042669  -0.018298  0.998922  0.015732  0.009034  0.055031  0.255172  1.917028  0.220715  1.000000  
53.667687 -0.010107  -0.009353  -0.018078  0.755443  0.653839  0.042437  -0.654001  0.756401  -0.011872  -0.039861  -0.018785  0.999029  0.015748  0.008983  0.054479  0.263799  1.939427  0.221777  1.000000  
53.668688 -0.010092  -0.009345  -0.018027  0.755375  0.654012  0.040954  -0.654214  0.756242  -0.010118  -0.037589  -0.019150  0.999110  0.015749  0.008933  0.054181  0.272310  1.961767  0.222599  1.000000  
53.669937 -0.010073  -0.009334  -0.017962  0.755448  0.654032  0.039251  -0.654278  0.756212  -0.008000  -0.034914  -0.019637  0.999197  0.015691  0.008878  0.054066  0.279512  1.981887  0.208403  1.000000  
53.671183 -0.010054  -0.009324  -0.017894  0.755384  0.654211  0.037444  -0.654495  0.756044  -0.005803  -0.032106  -0.020124  0.999282  0.015623  0.008834  0.054232  0.290462  2.002660  0.210951  1.000000  
53.672433 -0.010036  -0.009314  -0.017825  0.755447  0.654230  0.035820  -0.654549  0.756011  -0.003594  -0.029431  -0.020731  0.999352  0.015521  0.008754  0.054467  0.303968  2.020936  0.198318  1.000000  
53.673683 -0.010017  -0.009304  -0.017754  0.755506  0.654258  0.034015  -0.654600  0.755974  -0.001388  -0.026623  -0.021218  0.999420  0.015490  0.008655  0.054614  0.312949  2.043633  0.192554  1.000000  
53.674933 -0.009998  -0.009294  -0.017687  0.755562  0.654286  0.032189  -0.654649  0.755932  0.000997  -0.023680  -0.021826  0.999481  0.015499  0.008607  0.054476  0.323235  2.062417  0.185590  1.000000  
53.675935 -0.009982  -0.009285  -0.017634  0.755601  0.654308  0.030788  -0.654682  0.755899  0.002853  -0.021406  -0.022312  0.999522  0.015453  0.008597  0.054184  0.335419  2.085997  0.174311  1.000000  
53.676936 -0.009967  -0.009277  -0.017583  0.755503  0.654490  0.029287  -0.654870  0.755727  0.004790  -0.018998  -0.022798  0.999560  0.015481  0.008579  0.053797  0.344866  2.098843  0.173968  1.000000  
53.678183 -0.009945  -0.009266  -0.017519  0.755542  0.654525  0.027461  -0.654904  0.755678  0.007175  -0.016055  -0.023405  0.999597  0.015555  0.008550  0.053307  0.357575  2.125086  0.168454  1.000000  
53.679183 -0.009929  -0.009257  -0.017468  0.755568  0.654552  0.026060  -0.654926  0.755639  0.009031  -0.013781  -0.023891  0.999620  0.015574  0.008546  0.052991  0.366447  2.144235  0.162805  1.000000  
53.680188 -0.009913  -0.009248  -0.017417  0.755589  0.654581  0.024660  -0.654945  0.755598  0.010887  -0.011506  -0.024377  0.999637  0.015585  0.008556  0.052743  0.373917  2.156181  0.157982  1.000000  
53.681188 -0.009897  -0.009240  -0.017366  0.755608  0.654612  0.023237  -0.654961  0.755552  0.012922  -0.009098  -0.024984  0.999646  0.015573  0.008498  0.052630  0.386644  2.169489  0.152236  1.000000  
53.682188 -0.009881  -0.009231  -0.017311  0.755622  0.654644  0.021815  -0.654973  0.755504  0.014957  -0.006690  -0.025590  0.999650  0.015588  0.008453  0.052849  0.396178  2.183530  0.145701  1.000000  
53.683436 -0.009861  -0.009220  -0.017242  0.755634  0.654689  0.019989  -0.654983  0.755444  0.017343  -0.003746  -0.026197  0.999650  0.015627  0.008461  0.053238  0.403970  2.196463  0.141068  1.000000  
53.684700 -0.009841  -0.009210  -0.017170  0.755639  0.654734  0.018242  -0.654988  0.755379  0.019820  -0.000803  -0.026925  0.999637  0.015678  0.008418  0.053609  0.416709  2.213540  0.128755  1.000000  
53.685932 -0.009820  -0.009199  -0.017098  0.755637  0.654785  0.016394  -0.654986  0.755309  0.022384  0.002275  -0.027652  0.999615  0.015851  0.008497  0.054011  0.425859  2.232253  0.129736  1.000000  
53.686942 -0.009804  -0.009190  -0.017039  0.755631  0.654826  0.014972  -0.654981  0.755251  0.024419  0.004683  -0.028258  0.999590  0.015914  0.008587  0.054145  0.438057  2.246051  0.117956  1.000000  
53.688183 -0.009782  -0.009177  -0.016969  0.755619  0.654872  0.013507  -0.654970  0.755179  0.026812  0.007359  -0.029106  0.999549  0.016113  0.008698  0.054239  0.450864  2.245758  0.118762  1.000000  
53.689183 -0.009764  -0.009167  -0.016914  0.755739  0.654760  0.012180  -0.654802  0.755253  0.028762  0.009633  -0.029712  0.999512  0.016359  0.008860  0.054238  0.459216  2.260347  0.107060  1.000000  
53.690433 -0.009741  -0.009154  -0.016846  0.755717  0.654812  0.010635  -0.654783  0.755178  0.031063  0.012309  -0.030439  0.999461  0.016631  0.009060  0.054320  0.471738  2.264962  0.101485  1.000000  
53.691436 -0.009723  -0.009143  -0.016790  0.755694  0.654858  0.009393  -0.654763  0.755109  0.033101  0.014584  -0.031165  0.999408  0.016802  0.009243  0.054566  0.484206  2.269577  0.095913  1.000000  
53.692438 -0.009704  -0.009133  -0.016735  0.755665  0.654909  0.008051  -0.654738  0.755035  0.035227  0.016992  -0.031891  0.999347  0.016980  0.009335  0.054869  0.496560  2.282815  0.090552  1.000000  
53.693683 -0.009681  -0.009120  -0.016662  0.755626  0.654971  0.006565  -0.654704  0.754940  0.037798  0.019801  -0.032859  0.999264  0.017121  0.009454  0.055454  0.513252  2.283704  0.084971  1.000000  
53.694683 -0.009662  -0.009110  -0.016603  0.755722  0.654871  0.005294  -0.654515  0.754989  0.040016  0.022209  -0.033706  0.999185  0.017283  0.009522  0.056108  0.529495  2.292410  0.079709  1.000000  
53.695686 -0.009643  -0.009100  -0.016542  0.755680  0.654929  0.003951  -0.654478  0.754905  0.042141  0.024616  -0.034431  0.999104  0.017472  0.009567  0.056627  0.545542  2.300454  0.074159  1.000000  
53.696691 -0.009624  -0.009091  -0.016482  0.755633  0.654990  0.002689  -0.654438  0.754814  0.044357  0.027024  -0.035277  0.999012  0.017646  0.009624  0.057230  0.561866  2.305353  0.068821  1.000000  
53.697939 -0.009600  -0.009079  -0.016406  0.755572  0.655064  0.001282  -0.654385  0.754698  0.047019  0.029833  -0.036365  0.998893  0.017960  0.009754  0.057691  0.586769  2.301295  0.070583  1.000000  
53.699054 -0.009579  -0.009069  -0.016345  0.755654  0.654971  0.000111  -0.654184  0.754737  0.049147  0.032106  -0.037210  0.998792  0.018181  0.009753  0.057464  0.600816  2.297354  0.058049  1.000000  
53.700188 -0.009554  -0.009055  -0.016271  0.755583  0.655052  -0.001375  -0.654122  0.754619  0.051716  0.034914  -0.038176  0.998661  0.018653  0.010046  0.058051  0.619380  2.310539  0.060078  1.000000  
53.701436 -0.009527  -0.009041  -0.016198  0.755633  0.654989  -0.002995  -0.653893  0.754618  0.054550  0.037990  -0.039262  0.998507  0.019082  0.010261  0.058148  0.635686  2.324667  0.048614  1.000000  
53.702440 -0.009504  -0.009029  -0.016139  0.755565  0.655060  -0.004235  -0.653835  0.754518  0.056586  0.040263  -0.039985  0.998389  0.019458  0.010432  0.058112  0.643630  2.324060  0.050012  1.000000  
53.703683 -0.009475  -0.009013  -0.016065  0.755603  0.655004  -0.005855  -0.653595  0.754508  0.059418  0.043337  -0.041069  0.998216  0.019919  0.010628  0.058360  0.662592  2.332325  0.045262  1.000000  
53.704933 -0.009446  -0.008998  -0.015990  0.755498  0.655109  -0.007384  -0.653505  0.754351  0.062343  0.046411  -0.042274  0.998027  0.020319  0.010771  0.058827  0.682721  2.336759  0.047528  1.000000  
53.705934 -0.009422  -0.008986  -0.015927  0.755546  0.655039  -0.008659  -0.653274  0.754364  0.064554  0.048817  -0.043117  0.997877  0.020649  0.010873  0.059365  0.694696  2.341442  0.042375  1.000000  
53.706935 -0.009399  -0.008974  -0.015864  0.755594  0.654967  -0.009754  -0.653044  0.754371  0.066768  0.051089  -0.044080  0.997721  0.021002  0.010939  0.059986  0.710577  2.337460  0.030213  1.000000  
53.707935 -0.009374  -0.008963  -0.015799  0.755499  0.655058  -0.010936  -0.652962  0.754234  0.069071  0.053494  -0.045043  0.997552  0.021374  0.010987  0.060511  0.728567  2.338833  0.031707  1.000000  
53.709183 -0.009344  -0.008949  -0.015720  0.755500  0.655030  -0.012500  -0.652691  0.754179  0.072169  0.056700  -0.046365  0.997314  0.021796  0.011104  0.060827  0.750561  2.350954  0.027798  1.000000  
53.710183 -0.009319  -0.008937  -0.015658  0.755528  0.654974  -0.013617  -0.652444  0.754160  0.074560  0.059105  -0.047447  0.997124  0.022186  0.011219  0.060979  0.770583  2.355967  0.022960  1.000000  
53.711183 -0.009295  -0.008926  -0.015597  0.755559  0.654917  -0.014635  -0.652199  0.754141  0.076862  0.061375  -0.048529  0.996934  0.022607  0.011367  0.061077  0.786432  2.351752  0.017942  1.000000  
53.712433 -0.009263  -0.008911  -0.015523  0.755547  0.654895  -0.016179  -0.651917  0.754082  0.079778  0.064446  -0.049729  0.996681  0.023169  0.011516  0.060909  0.802202  2.352033  0.013373  1.000000  
53.713451 -0.009236  -0.008900  -0.015465  0.755561  0.654850  -0.017298  -0.651658  0.754049  0.082165  0.066849  -0.050809  0.996469  0.023649  0.011592  0.060664  0.824314  2.352607  0.007892  1.000000  
53.714691 -0.009203  -0.008885  -0.015392  0.755663  0.654689  -0.018882  -0.651204  0.754099  0.085253  0.070053  -0.052127  0.996180  0.024152  0.011673  0.060654  0.841635  2.366583  -0.002372  1.000000  
53.715939 -0.009168  -0.008870  -0.015317  0.755630  0.654685  -0.020269  -0.650904  0.754002  0.088348  0.073123  -0.053565  0.995883  0.024652  0.011717  0.060691  0.868122  2.367714  -0.007273  1.000000  
53.717187 -0.009134  -0.008857  -0.015240  0.755716  0.654535  -0.021855  -0.650437  0.754038  0.091431  0.076325  -0.054880  0.995572  0.025094  0.011658  0.060962  0.883520  2.377255  -0.018117  1.000000  
53.718455 -0.009098  -0.008842  -0.015163  0.755652  0.654550  -0.023525  -0.650111  0.753927  0.094604  0.079660  -0.056194  0.995237  0.025528  0.011580  0.061120  0.902707  2.398649  -0.021583  1.000000  
53.719685 -0.009062  -0.008828  -0.015084  0.755730  0.654399  -0.025172  -0.649637  0.753978  0.097414  0.082727  -0.057266  0.994926  0.026004  0.011519  0.061392  0.910748  2.409514  -0.025764  1.000000  
53.720685 -0.009033  -0.008817  -0.015022  0.755702  0.654383  -0.026396  -0.649342  0.753909  0.099880  0.085260  -0.058340  0.994649  0.026396  0.011446  0.061406  0.926482  2.423552  -0.030010  1.000000  
53.721933 -0.008997  -0.008803  -0.014945  0.755758  0.654256  -0.027908  -0.648849  0.753907  0.103047  0.088459  -0.059771  0.994285  0.026778  0.011398  0.061240  0.941894  2.430733  -0.039588  1.000000  
53.723183 -0.008960  -0.008789  -0.014870  0.755805  0.654128  -0.029580  -0.648350  0.753924  0.106029  0.091657  -0.060959  0.993923  0.027291  0.011328  0.060854  0.948503  2.442786  -0.051148  1.000000  
53.724433 -0.008923  -0.008776  -0.014797  0.755845  0.654008  -0.031174  -0.647843  0.753921  0.109099  0.094854  -0.062266  0.993542  0.027730  0.011282  0.060527  0.959951  2.449582  -0.053760  1.000000  
53.725433 -0.008893  -0.008765  -0.014738  0.755773  0.654026  -0.032523  -0.647512  0.753806  0.111823  0.097651  -0.063454  0.993196  0.028098  0.011250  0.060283  0.975331  2.466278  -0.058611  1.000000  
53.726686 -0.008855  -0.008753  -0.014665  0.755910  0.653778  -0.034265  -0.646820  0.753900  0.115147  0.101113  -0.064877  0.992757  0.028438  0.011162  0.060168  0.985632  2.482661  -0.074012  1.000000  
53.727941 -0.008817  -0.008740  -0.014590  0.755782  0.653845  -0.035781  -0.646441  0.753707  0.118486  0.104440  -0.066420  0.992311  0.028840  0.011014  0.060270  1.004619  2.503017  -0.077966  1.000000  
