1-Time 2-Px 3-Py 4-Pz 5-R11 6-R21 7-R31 8-R12 9-R22 10-R32 11-R13 12-R23 13-R33 14-Vx 15-Vy 16-Vz 17-Wx 18-Wy 19-Wz 20-state
159.015346 0.020211  -0.004153  -0.013646  0.653251  0.740541  0.157677  -0.741522  0.667830  -0.064408  -0.152998  -0.074846  0.985388  -0.000064  -0.000130  -0.000032  0.000000  0.000000  0.000000  1.000000  
159.016466 0.020210  -0.004154  -0.013647  0.653251  0.740541  0.157677  -0.741522  0.667830  -0.064408  -0.152998  -0.074846  0.985388  -0.000985  -0.000323  -0.000534  0.000000  0.000000  0.000000  1.000000  
159.017480 0.020204  -0.004155  -0.013640  0.653251  0.740541  0.157677  -0.741522  0.667830  -0.064408  -0.152998  -0.074846  0.985388  -0.003808  -0.001119  0.003610  0.000000  0.000000  0.000000  1.000000  
159.018711 0.020192  -0.004159  -0.013625  0.653251  0.740541  0.157677  -0.741522  0.667830  -0.064408  -0.152998  -0.074846  0.985388  -0.006364  -0.002000  0.007048  0.000000  0.000000  0.000000  1.000000  
159.019734 0.020184  -0.004161  -0.013615  0.653251  0.740541  0.157677  -0.741522  0.667830  -0.064408  -0.152998  -0.074846  0.985388  -0.006597  -0.001791  0.007671  0.000000  0.000000  0.000000  1.000000  
159.020968 0.020177  -0.004160  -0.013608  0.653251  0.740541  0.157677  -0.741522  0.667830  -0.064408  -0.152998  -0.074846  0.985388  -0.006452  -0.001257  0.007261  0.000000  0.000000  0.000000  1.000000  
159.022217 0.020166  -0.004159  -0.013601  0.653251  0.740541  0.157677  -0.741522  0.667830  -0.064408  -0.152998  -0.074846  0.985388  -0.006941  -0.000936  0.006887  0.000000  0.000000  0.000000  1.000000  
159.023467 0.020150  -0.004159  -0.013595  0.653099  0.740659  0.157753  -0.741656  0.667685  -0.064359  -0.152998  -0.074966  0.985379  -0.007790  -0.000705  0.006652  0.000000  0.000000  0.000000  1.000000  
159.024469 0.020139  -0.004157  -0.013590  0.653099  0.740659  0.157753  -0.741656  0.667685  -0.064359  -0.152998  -0.074966  0.985379  -0.008196  -0.000444  0.006418  0.000000  0.000000  0.000000  1.000000  
159.025720 0.020126  -0.004155  -0.013584  0.653099  0.740640  0.157843  -0.741656  0.667693  -0.064278  -0.152998  -0.075085  0.985370  -0.008417  -0.000124  0.006251  0.000000  0.000000  0.000000  1.000000  
159.026745 0.020116  -0.004152  -0.013577  0.653099  0.740640  0.157843  -0.741656  0.667693  -0.064278  -0.152998  -0.075085  0.985370  -0.008548  0.000091  0.006237  0.000000  0.000000  0.000000  1.000000  
159.027981 0.020102  -0.004151  -0.013567  0.653099  0.740621  0.157933  -0.741656  0.667701  -0.064197  -0.152998  -0.075205  0.985361  -0.008857  0.000219  0.006433  0.000000  0.000000  0.000000  1.000000  
159.029217 0.020085  -0.004150  -0.013554  0.652946  0.740739  0.158009  -0.741791  0.667556  -0.064149  -0.152998  -0.075324  0.985352  -0.009305  0.000234  0.006840  0.000000  0.000000  0.000000  1.000000  
159.030462 0.020066  -0.004152  -0.013537  0.652946  0.740720  0.158099  -0.741791  0.667564  -0.064068  -0.152998  -0.075444  0.985343  -0.009814  0.000067  0.007423  0.000000  0.000000  0.000000  1.000000  
159.031712 0.020044  -0.004156  -0.013518  0.652946  0.740720  0.158099  -0.741791  0.667564  -0.064068  -0.152998  -0.075444  0.985343  -0.011067  -0.000184  0.008546  0.000000  0.000000  0.000000  1.000000  
159.032962 0.020021  -0.004160  -0.013501  0.653099  0.740564  0.158202  -0.741656  0.667724  -0.063954  -0.152998  -0.075563  0.985333  -0.011852  -0.000177  0.008904  0.000000  0.000000  0.000000  1.000000  
159.034215 0.020002  -0.004159  -0.013488  0.653099  0.740544  0.158292  -0.741656  0.667732  -0.063873  -0.152998  -0.075683  0.985324  -0.012492  0.000050  0.008773  0.000000  0.000000  0.000000  1.000000  
159.035462 0.019984  -0.004157  -0.013480  0.653099  0.740525  0.158382  -0.741656  0.667740  -0.063792  -0.152998  -0.075803  0.985315  -0.013154  0.000181  0.008703  0.000000  0.000000  0.000000  1.000000  
159.036465 0.019968  -0.004155  -0.013474  0.653099  0.740525  0.158382  -0.741656  0.667740  -0.063792  -0.152998  -0.075803  0.985315  -0.013776  0.000258  0.008779  0.000000  0.000000  0.000000  1.000000  
159.037470 0.019950  -0.004155  -0.013464  0.653251  0.740388  0.158395  -0.741522  0.667892  -0.063759  -0.152998  -0.075803  0.985315  -0.014178  0.000277  0.009123  0.000000  0.000000  0.000000  1.000000  
159.038734 0.019931  -0.004152  -0.013447  0.653251  0.740368  0.158485  -0.741522  0.667900  -0.063678  -0.152998  -0.075922  0.985306  -0.014436  0.000414  0.009804  0.000000  0.000000  0.000000  1.000000  
159.039975 0.019914  -0.004147  -0.013427  0.653404  0.740231  0.158498  -0.741387  0.668052  -0.063646  -0.152998  -0.075922  0.985306  -0.014721  0.000567  0.010773  0.000000  0.000000  0.000000  1.000000  
159.041216 0.019899  -0.004142  -0.013404  0.653404  0.740212  0.158588  -0.741387  0.668060  -0.063565  -0.152998  -0.076042  0.985297  -0.014924  0.000767  0.011856  0.000000  0.000000  0.000000  1.000000  
159.042219 0.019885  -0.004138  -0.013384  0.653570  0.740081  0.158514  -0.741268  0.668205  -0.063433  -0.152865  -0.076043  0.985317  -0.015123  0.000899  0.012683  0.000000  0.000000  0.000000  1.000000  
159.043464 0.019864  -0.004137  -0.013361  0.653570  0.740062  0.158603  -0.741268  0.668213  -0.063352  -0.152865  -0.076163  0.985308  -0.015448  0.000933  0.013442  0.000000  0.000000  0.000000  1.000000  
159.044712 0.019842  -0.004136  -0.013342  0.653736  0.739931  0.158529  -0.741149  0.668357  -0.063221  -0.152733  -0.076164  0.985328  -0.015689  0.001014  0.013680  0.000000  0.000000  0.000000  1.000000  
159.045962 0.019823  -0.004134  -0.013329  0.653889  0.739793  0.158542  -0.741014  0.668510  -0.063188  -0.152733  -0.076164  0.985328  -0.015606  0.001377  0.013331  0.000000  0.000000  0.000000  1.000000  
159.047212 0.019804  -0.004131  -0.013318  0.653902  0.739800  0.158455  -0.741030  0.668502  -0.063089  -0.152601  -0.076166  0.985349  -0.015401  0.001780  0.012913  0.000000  0.000000  0.000000  1.000000  
159.048214 0.019788  -0.004128  -0.013311  0.654055  0.739643  0.158558  -0.740895  0.668662  -0.062975  -0.152601  -0.076285  0.985339  -0.015280  0.002147  0.012483  0.000000  0.000000  0.000000  1.000000  
159.049462 0.019768  -0.004123  -0.013300  0.654055  0.739643  0.158558  -0.740895  0.668662  -0.062975  -0.152601  -0.076285  0.985339  -0.015457  0.002382  0.012520  0.000000  0.000000  0.000000  1.000000  
159.050514 0.019753  -0.004119  -0.013291  0.654221  0.739512  0.158483  -0.740776  0.668807  -0.062844  -0.152469  -0.076287  0.985360  -0.015345  0.002514  0.012680  0.000000  0.000000  0.000000  1.000000  
159.051711 0.019735  -0.004115  -0.013276  0.654221  0.739512  0.158483  -0.740776  0.668807  -0.062844  -0.152469  -0.076287  0.985360  -0.015181  0.002690  0.013182  0.000000  0.000000  0.000000  1.000000  
159.052713 0.019720  -0.004111  -0.013261  0.654387  0.739381  0.158409  -0.740656  0.668951  -0.062713  -0.152336  -0.076288  0.985380  -0.015092  0.002938  0.013359  0.000000  0.000000  0.000000  1.000000  
159.053728 0.019705  -0.004106  -0.013244  0.654400  0.739388  0.158322  -0.740671  0.668943  -0.062614  -0.152204  -0.076290  0.985400  -0.015071  0.003107  0.013560  0.000000  0.000000  0.000000  1.000000  
159.054969 0.019687  -0.004098  -0.013223  0.654400  0.739369  0.158412  -0.740671  0.668951  -0.062533  -0.152204  -0.076410  0.985391  -0.015167  0.003264  0.013595  0.000000  0.000000  0.000000  1.000000  
159.055974 0.019674  -0.004093  -0.013209  0.654566  0.739238  0.158337  -0.740552  0.669096  -0.062401  -0.152072  -0.076411  0.985411  -0.015255  0.003290  0.013190  0.000000  0.000000  0.000000  1.000000  
159.057221 0.019655  -0.004088  -0.013194  0.654580  0.739245  0.158250  -0.740567  0.669088  -0.062302  -0.151940  -0.076413  0.985432  -0.015273  0.003357  0.012615  0.000000  0.000000  0.000000  1.000000  
159.058461 0.019636  -0.004085  -0.013182  0.654759  0.739139  0.157998  -0.740463  0.669217  -0.062153  -0.151675  -0.076296  0.985481  -0.015205  0.003479  0.011978  0.000000  0.000000  0.000000  1.000000  
159.059465 0.019620  -0.004080  -0.013173  0.654772  0.739146  0.157911  -0.740478  0.669210  -0.062055  -0.151543  -0.076298  0.985502  -0.015083  0.003810  0.011504  0.000000  0.000000  0.000000  1.000000  
159.060712 0.019600  -0.004074  -0.013160  0.654786  0.739172  0.157734  -0.740493  0.669194  -0.062037  -0.151411  -0.076180  0.985531  -0.015142  0.004057  0.011434  0.000000  0.000000  0.000000  1.000000  
159.061713 0.019585  -0.004069  -0.013148  0.654965  0.739048  0.157572  -0.740389  0.669331  -0.061807  -0.151146  -0.076183  0.985571  -0.015111  0.004207  0.011590  0.000000  0.000000  0.000000  1.000000  
159.062961 0.019567  -0.004063  -0.013129  0.654979  0.739074  0.157395  -0.740404  0.669316  -0.061789  -0.151014  -0.076065  0.985601  -0.015003  0.004356  0.012256  0.000000  0.000000  0.000000  1.000000  
159.063968 0.019554  -0.004058  -0.013113  0.655144  0.738962  0.157231  -0.740284  0.669453  -0.061740  -0.150882  -0.075947  0.985630  -0.014802  0.004451  0.012854  0.000000  0.000000  0.000000  1.000000  
159.065212 0.019536  -0.004052  -0.013092  0.655171  0.738975  0.157056  -0.740314  0.669438  -0.061542  -0.150617  -0.075950  0.985670  -0.014696  0.004577  0.013457  0.000000  0.000000  0.000000  1.000000  
159.066214 0.019524  -0.004045  -0.013075  0.655184  0.739001  0.156879  -0.740329  0.669423  -0.061524  -0.150485  -0.075832  0.985700  -0.014549  0.004755  0.013813  0.000000  0.000000  0.000000  1.000000  
159.067214 0.019511  -0.004041  -0.013061  0.655211  0.739014  0.156704  -0.740360  0.669408  -0.061327  -0.150220  -0.075835  0.985740  -0.014431  0.004826  0.013787  0.000000  0.000000  0.000000  1.000000  
159.068465 0.019497  -0.004035  -0.013048  0.655377  0.738902  0.156539  -0.740240  0.669545  -0.061277  -0.150088  -0.075717  0.985769  -0.014156  0.004810  0.013333  0.000000  0.000000  0.000000  1.000000  
159.069728 0.019484  -0.004028  -0.013037  0.655403  0.738916  0.156365  -0.740270  0.669530  -0.061080  -0.149823  -0.075720  0.985809  -0.013779  0.004743  0.012595  0.000000  0.000000  0.000000  1.000000  
159.070970 0.019470  -0.004024  -0.013027  0.655596  0.738817  0.156025  -0.740180  0.669652  -0.060832  -0.149427  -0.075605  0.985878  -0.013596  0.004636  0.012093  0.000000  0.000000  0.000000  1.000000  
159.071975 0.019458  -0.004021  -0.013019  0.655622  0.738830  0.155850  -0.740210  0.669637  -0.060635  -0.149162  -0.075608  0.985918  -0.013345  0.004570  0.011848  0.000000  0.000000  0.000000  1.000000  
159.073220 0.019443  -0.004019  -0.013007  0.655649  0.738863  0.155586  -0.740240  0.669614  -0.060519  -0.148897  -0.075492  0.985967  -0.013034  0.004465  0.011855  0.000000  0.000000  0.000000  1.000000  
159.074221 0.019431  -0.004016  -0.012993  0.655827  0.738738  0.155423  -0.740134  0.669751  -0.060289  -0.148633  -0.075495  0.986007  -0.012759  0.004329  0.012174  0.000000  0.000000  0.000000  1.000000  
159.075492 0.019419  -0.004011  -0.012972  0.656019  0.738639  0.155083  -0.740044  0.669873  -0.060042  -0.148236  -0.075380  0.986075  -0.012241  0.004229  0.012687  0.000000  0.000000  0.000000  1.000000  
159.076713 0.019407  -0.004006  -0.012950  0.656059  0.738678  0.154731  -0.740088  0.669843  -0.059827  -0.147839  -0.075265  0.986143  -0.011851  0.004222  0.013152  0.000000  0.000000  0.000000  1.000000  
159.077962 0.019395  -0.004001  -0.012930  0.656250  0.738579  0.154391  -0.739998  0.669965  -0.059581  -0.147442  -0.075150  0.986212  -0.011445  0.004154  0.013258  0.000000  0.000000  0.000000  1.000000  
159.079212 0.019383  -0.003995  -0.012910  0.656442  0.738480  0.154051  -0.739907  0.670088  -0.059334  -0.147045  -0.075034  0.986280  -0.011114  0.004088  0.013187  0.000000  0.000000  0.000000  1.000000  
159.080214 0.019374  -0.003990  -0.012897  0.656633  0.738380  0.153711  -0.739816  0.670210  -0.059087  -0.146648  -0.074919  0.986348  -0.010774  0.004078  0.012919  0.000000  0.000000  0.000000  1.000000  
159.081216 0.019365  -0.003985  -0.012886  0.656672  0.738419  0.153359  -0.739860  0.670180  -0.058873  -0.146251  -0.074804  0.986415  -0.010533  0.004036  0.012599  -0.040598  0.217019  -0.065714  1.000000  
159.082462 0.019356  -0.003978  -0.012874  0.656876  0.738326  0.152931  -0.739783  0.670295  -0.058528  -0.145721  -0.074690  0.986502  -0.010203  0.004108  0.012356  -0.043314  0.229104  -0.070940  1.000000  
159.083462 0.019348  -0.003973  -0.012863  0.656902  0.738358  0.152666  -0.739812  0.670273  -0.058411  -0.145456  -0.074574  0.986550  -0.009898  0.004086  0.012299  -0.048398  0.237511  -0.063517  1.000000  
159.084504 0.019339  -0.003969  -0.012851  0.657080  0.738233  0.152503  -0.739706  0.670410  -0.058183  -0.145192  -0.074576  0.986589  -0.009766  0.004005  0.012577  -0.051794  0.244159  -0.070417  1.000000  
159.085712 0.019328  -0.003966  -0.012832  0.657132  0.738278  0.152062  -0.739764  0.670374  -0.057869  -0.144662  -0.074463  0.986675  -0.009664  0.003927  0.013137  -0.056527  0.255287  -0.062159  1.000000  
159.086721 0.019317  -0.003963  -0.012818  0.657310  0.738153  0.151899  -0.739657  0.670511  -0.057640  -0.144397  -0.074466  0.986714  -0.009595  0.003902  0.013675  -0.055980  0.262382  -0.069150  1.000000  
159.087975 0.019304  -0.003961  -0.012798  0.657513  0.738060  0.151470  -0.739580  0.670626  -0.057296  -0.143868  -0.074352  0.986800  -0.009449  0.003897  0.014161  -0.055557  0.273596  -0.067608  1.000000  
159.089235 0.019291  -0.003958  -0.012778  0.657565  0.738087  0.151120  -0.739637  0.670596  -0.056901  -0.143338  -0.074357  0.986876  -0.009318  0.003842  0.014274  -0.056009  0.284607  -0.067435  1.000000  
159.090469 0.019280  -0.003953  -0.012761  0.657755  0.737987  0.150778  -0.739545  0.670719  -0.056655  -0.142941  -0.074242  0.986943  -0.009240  0.003900  0.014113  -0.055042  0.294226  -0.073645  1.000000  
159.091711 0.019269  -0.003947  -0.012745  0.657793  0.738025  0.150426  -0.739587  0.670690  -0.056441  -0.142544  -0.074127  0.987009  -0.009234  0.003898  0.013707  -0.059680  0.295779  -0.065966  1.000000  
159.092717 0.019259  -0.003944  -0.012733  0.657983  0.737906  0.150174  -0.739495  0.670820  -0.056114  -0.142146  -0.074131  0.987066  -0.009245  0.003820  0.013308  -0.055101  0.307675  -0.072667  1.000000  
159.093962 0.019247  -0.003940  -0.012720  0.658021  0.737944  0.149821  -0.739537  0.670791  -0.055899  -0.141749  -0.074015  0.987132  -0.009194  0.003766  0.012861  -0.055694  0.313610  -0.064685  1.000000  
159.094964 0.019238  -0.003935  -0.012708  0.658046  0.737976  0.149556  -0.739566  0.670769  -0.055783  -0.141484  -0.073899  0.987178  -0.009179  0.003774  0.012794  -0.060246  0.316152  -0.065233  1.000000  
159.095968 0.019230  -0.003928  -0.012695  0.658236  0.737875  0.149214  -0.739472  0.670892  -0.055538  -0.141087  -0.073783  0.987244  -0.009207  0.003844  0.012944  -0.059258  0.325609  -0.071416  1.000000  
159.097212 0.019217  -0.003921  -0.012675  0.658286  0.737920  0.148774  -0.739529  0.670856  -0.055224  -0.140557  -0.073669  0.987328  -0.009396  0.003865  0.013458  -0.062858  0.331855  -0.070187  1.000000  
159.098212 0.019207  -0.003917  -0.012654  0.658489  0.737826  0.148344  -0.739449  0.670972  -0.054881  -0.140027  -0.073555  0.987412  -0.009589  0.003841  0.014180  -0.062887  0.345176  -0.069220  1.000000  
159.099462 0.019193  -0.003912  -0.012628  0.658551  0.737876  0.147815  -0.739519  0.670928  -0.054469  -0.139364  -0.073442  0.987514  -0.009754  0.003832  0.014928  -0.067572  0.361709  -0.068847  1.000000  
159.100507 0.019182  -0.003908  -0.012607  0.658740  0.737776  0.147473  -0.739425  0.671052  -0.054224  -0.138967  -0.073326  0.987579  -0.009839  0.003854  0.015198  -0.071556  0.365542  -0.068413  1.000000  
159.101711 0.019168  -0.003904  -0.012585  0.658777  0.737813  0.147120  -0.739467  0.671023  -0.054009  -0.138569  -0.073211  0.987643  -0.009938  0.003966  0.015535  -0.071097  0.367475  -0.067657  1.000000  
159.102712 0.019157  -0.003900  -0.012568  0.658814  0.737851  0.146767  -0.739508  0.670995  -0.053794  -0.138172  -0.073095  0.987707  -0.009985  0.004138  0.015596  -0.075169  0.371903  -0.067346  1.000000  
159.103732 0.019146  -0.003895  -0.012554  0.658863  0.737877  0.146415  -0.739563  0.670965  -0.053400  -0.137642  -0.073100  0.987781  -0.010035  0.004289  0.015474  -0.072716  0.378775  -0.060737  1.000000  
159.104967 0.019133  -0.003889  -0.012537  0.659064  0.737782  0.145985  -0.739483  0.671082  -0.053056  -0.137112  -0.072986  0.987863  -0.010061  0.004401  0.015408  -0.071784  0.388354  -0.066960  1.000000  
159.105969 0.019122  -0.003885  -0.012524  0.659265  0.737670  0.145644  -0.739402  0.671204  -0.052632  -0.136582  -0.072991  0.987936  -0.010254  0.004418  0.015450  -0.071833  0.392862  -0.066633  1.000000  
159.106971 0.019112  -0.003880  -0.012509  0.659314  0.737714  0.145203  -0.739456  0.671169  -0.052318  -0.136051  -0.072877  0.988018  -0.010340  0.004449  0.015623  -0.072844  0.401257  -0.059175  1.000000  
159.108059 0.019101  -0.003876  -0.012494  0.659514  0.737601  0.144861  -0.739375  0.671292  -0.051894  -0.135521  -0.072882  0.988090  -0.010320  0.004534  0.015768  -0.067624  0.405011  -0.065498  1.000000  
159.109211 0.019089  -0.003870  -0.012472  0.659575  0.737651  0.144332  -0.739442  0.671249  -0.051482  -0.134858  -0.072769  0.988189  -0.010469  0.004585  0.016397  -0.068290  0.415768  -0.057445  1.000000  
159.110212 0.019078  -0.003865  -0.012453  0.659775  0.737539  0.143990  -0.739360  0.671372  -0.051058  -0.134328  -0.072774  0.988261  -0.010576  0.004472  0.016760  -0.064290  0.420227  -0.057145  1.000000  
159.111213 0.019067  -0.003861  -0.012433  0.659835  0.737589  0.143461  -0.739427  0.671329  -0.050646  -0.133665  -0.072661  0.988359  -0.010661  0.004370  0.017221  -0.064340  0.429134  -0.056541  1.000000  
159.112217 0.019057  -0.003857  -0.012412  0.660034  0.737494  0.143029  -0.739344  0.671446  -0.050303  -0.133135  -0.072546  0.988439  -0.010692  0.004239  0.017459  -0.064910  0.432615  -0.057060  1.000000  
159.113461 0.019043  -0.003853  -0.012387  0.660257  0.737412  0.142422  -0.739288  0.671548  -0.049763  -0.132339  -0.072434  0.988554  -0.010799  0.004211  0.017411  -0.063477  0.447387  -0.062108  1.000000  
159.114462 0.019031  -0.003849  -0.012369  0.660316  0.737444  0.141981  -0.739354  0.671512  -0.049270  -0.131676  -0.072441  0.988642  -0.010805  0.004196  0.017238  -0.064565  0.460896  -0.054422  1.000000  
159.115462 0.019020  -0.003845  -0.012353  0.660515  0.737349  0.141549  -0.739270  0.671629  -0.048927  -0.131145  -0.072326  0.988721  -0.010871  0.004239  0.017017  -0.064105  0.464588  -0.061697  1.000000  
159.116712 0.019006  -0.003839  -0.012333  0.660749  0.737273  0.140853  -0.739225  0.671725  -0.048289  -0.130217  -0.072215  0.988852  -0.010792  0.004264  0.016767  -0.067692  0.483101  -0.059586  1.000000  
159.117715 0.018996  -0.003834  -0.012316  0.660959  0.737184  0.140332  -0.739154  0.671835  -0.047849  -0.129553  -0.072101  0.988948  -0.010705  0.004366  0.016866  -0.067734  0.491929  -0.058984  1.000000  
159.118961 0.018983  -0.003829  -0.012293  0.661192  0.737124  0.139546  -0.739108  0.671924  -0.047292  -0.128625  -0.071870  0.989086  -0.010759  0.004297  0.017244  -0.074965  0.505819  -0.064854  1.000000  
159.119976 0.018972  -0.003825  -0.012271  0.661413  0.737041  0.138937  -0.739049  0.672028  -0.046753  -0.127828  -0.071757  0.989197  -0.010759  0.004302  0.017853  -0.075628  0.518787  -0.064776  1.000000  
159.121220 0.018958  -0.003818  -0.012242  0.661644  0.736964  0.138239  -0.739001  0.672124  -0.046116  -0.126899  -0.071646  0.989325  -0.010778  0.004331  0.018562  -0.078286  0.537949  -0.069512  1.000000  
159.122469 0.018945  -0.003812  -0.012214  0.661887  0.736877  0.137542  -0.738966  0.672218  -0.045299  -0.125838  -0.071656  0.989460  -0.010779  0.004401  0.019203  -0.074855  0.559721  -0.068729  1.000000  
159.123469 0.018933  -0.003808  -0.012192  0.662106  0.736794  0.136931  -0.738905  0.672322  -0.044760  -0.125041  -0.071543  0.989569  -0.010876  0.004345  0.019506  -0.073373  0.577844  -0.073383  1.000000  
159.124782 0.018920  -0.003803  -0.012167  0.662347  0.736723  0.136144  -0.738868  0.672411  -0.044025  -0.123979  -0.071433  0.989710  -0.010845  0.004244  0.019660  -0.072994  0.599730  -0.079418  1.000000  
159.125969 0.018905  -0.003800  -0.012144  0.662588  0.736652  0.135357  -0.738830  0.672500  -0.043290  -0.122917  -0.071322  0.989851  -0.010982  0.004156  0.019602  -0.073250  0.618956  -0.078359  1.000000  
159.127212 0.018891  -0.003796  -0.012123  0.662816  0.736558  0.134746  -0.738779  0.672602  -0.042572  -0.121987  -0.071330  0.989965  -0.011077  0.004101  0.019297  -0.067789  0.632179  -0.083246  1.000000  
159.128214 0.018879  -0.003793  -0.012107  0.663044  0.736481  0.134046  -0.738727  0.672699  -0.041936  -0.121058  -0.071218  0.990087  -0.011103  0.004075  0.018963  -0.068453  0.646355  -0.083368  1.000000  
159.129215 0.018868  -0.003790  -0.012091  0.663109  0.736535  0.133426  -0.738799  0.672652  -0.041426  -0.120261  -0.071105  0.990193  -0.011091  0.004000  0.018873  -0.068543  0.655344  -0.082806  1.000000  
159.130462 0.018854  -0.003786  -0.012070  0.663509  0.736331  0.132557  -0.738633  0.672886  -0.040565  -0.119065  -0.070996  0.990345  -0.011051  0.003950  0.018893  -0.067303  0.678199  -0.087194  1.000000  
159.131712 0.018840  -0.003783  -0.012046  0.663757  0.736266  0.131679  -0.738602  0.672969  -0.039733  -0.117870  -0.070886  0.990496  -0.011086  0.003797  0.019130  -0.066993  0.705728  -0.093097  1.000000  
159.132713 0.018828  -0.003780  -0.012024  0.663972  0.736181  0.131066  -0.738536  0.673074  -0.039196  -0.117072  -0.070772  0.990598  -0.011210  0.003605  0.019482  -0.066237  0.720105  -0.099120  1.000000  
159.133962 0.018814  -0.003776  -0.011995  0.664218  0.736116  0.130187  -0.738503  0.673157  -0.038363  -0.115876  -0.070662  0.990747  -0.011241  0.003513  0.019737  -0.066344  0.742266  -0.097560  1.000000  
159.134964 0.018805  -0.003772  -0.011972  0.664300  0.736182  0.129389  -0.738595  0.673097  -0.037657  -0.114813  -0.070551  0.990879  -0.011147  0.003481  0.019944  -0.069936  0.758217  -0.095179  1.000000  
159.135970 0.018794  -0.003768  -0.011949  0.664534  0.736109  0.128598  -0.738549  0.673187  -0.036923  -0.113750  -0.070439  0.991009  -0.011076  0.003419  0.019861  -0.070639  0.777862  -0.095092  1.000000  
159.136978 0.018784  -0.003765  -0.011929  0.664767  0.736037  0.127806  -0.738503  0.673279  -0.036190  -0.112686  -0.070327  0.991139  -0.011058  0.003278  0.019726  -0.073956  0.796079  -0.100677  1.000000  
159.138220 0.018772  -0.003760  -0.011905  0.665010  0.735970  0.126926  -0.738466  0.673363  -0.035358  -0.111490  -0.070217  0.991282  -0.010953  0.003233  0.019481  -0.074155  0.814563  -0.099565  1.000000  
159.139243 0.018761  -0.003757  -0.011888  0.665241  0.735897  0.126133  -0.738417  0.673454  -0.034625  -0.110426  -0.070105  0.991409  -0.010933  0.003224  0.019226  -0.077412  0.831940  -0.105053  1.000000  
159.140470 0.018748  -0.003753  -0.011865  0.665491  0.735836  0.125163  -0.738390  0.673532  -0.033696  -0.109096  -0.069995  0.991564  -0.010828  0.003174  0.019163  -0.077634  0.854962  -0.103636  1.000000  
159.141713 0.018735  -0.003751  -0.011841  0.665893  0.735637  0.124199  -0.738223  0.673761  -0.032741  -0.107766  -0.069885  0.991717  -0.010738  0.003088  0.019377  -0.081086  0.873756  -0.109314  1.000000  
159.142717 0.018724  -0.003749  -0.011821  0.665979  0.735708  0.123310  -0.738319  0.673695  -0.031936  -0.106569  -0.069774  0.991854  -0.010724  0.003012  0.019679  -0.081208  0.895873  -0.107789  1.000000  
159.143968 0.018712  -0.003746  -0.011795  0.666387  0.735514  0.122256  -0.738160  0.673918  -0.030883  -0.105105  -0.069664  0.992018  -0.010557  0.002984  0.020052  -0.080579  0.918732  -0.113160  1.000000  
159.145211 0.018700  -0.003744  -0.011768  0.666642  0.735459  0.121194  -0.738137  0.673990  -0.029856  -0.103641  -0.069555  0.992180  -0.010425  0.002856  0.020426  -0.080114  0.937961  -0.110464  1.000000  
159.146214 0.018691  -0.003741  -0.011747  0.666868  0.735370  0.120488  -0.738082  0.674086  -0.029043  -0.102577  -0.069562  0.992290  -0.010290  0.002857  0.020587  -0.075425  0.951787  -0.116382  1.000000  
159.147461 0.018680  -0.003739  -0.011722  0.667121  0.735315  0.119426  -0.738056  0.674158  -0.028016  -0.101113  -0.069452  0.992448  -0.010079  0.002771  0.020460  -0.075663  0.969789  -0.115278  1.000000  
159.148462 0.018672  -0.003736  -0.011703  0.667345  0.735240  0.118630  -0.737998  0.674251  -0.027286  -0.100048  -0.069340  0.992564  -0.009918  0.002740  0.020233  -0.075812  0.982978  -0.114445  1.000000  
159.149711 0.018662  -0.003733  -0.011682  0.667586  0.735178  0.117655  -0.737959  0.674330  -0.026358  -0.098716  -0.069228  0.992705  -0.009634  0.002709  0.019736  -0.076030  0.996426  -0.113651  1.000000  
159.150714 0.018654  -0.003730  -0.011665  0.667817  0.735109  0.116769  -0.737910  0.674417  -0.025529  -0.097518  -0.069116  0.992831  -0.009501  0.002589  0.019275  -0.076207  1.009668  -0.112834  1.000000  
159.151795 0.018647  -0.003727  -0.011649  0.668039  0.735020  0.116061  -0.737849  0.674513  -0.024717  -0.096452  -0.069123  0.992934  -0.009229  0.002547  0.018921  -0.072785  1.015574  -0.113578  1.000000  
159.152981 0.018637  -0.003725  -0.011627  0.668277  0.734971  0.114996  -0.737806  0.674590  -0.023872  -0.095121  -0.068891  0.993079  -0.009129  0.002424  0.018814  -0.077216  1.031031  -0.113061  1.000000  
159.154219 0.018628  -0.003721  -0.011603  0.668674  0.734775  0.113935  -0.737634  0.674815  -0.022824  -0.093655  -0.068781  0.993226  -0.008911  0.002372  0.019002  -0.077483  1.044904  -0.112307  1.000000  
159.155232 0.018620  -0.003719  -0.011582  0.668909  0.734712  0.112958  -0.737589  0.674895  -0.021898  -0.092323  -0.068669  0.993358  -0.008694  0.002325  0.019149  -0.080969  1.058109  -0.118224  1.000000  
159.156468 0.018609  -0.003716  -0.011554  0.669152  0.734654  0.111891  -0.737551  0.674969  -0.020874  -0.090858  -0.068557  0.993501  -0.008508  0.002336  0.019455  -0.081246  1.076629  -0.117178  1.000000  
159.157469 0.018602  -0.003714  -0.011531  0.669376  0.734584  0.111002  -0.737493  0.675057  -0.020047  -0.089658  -0.068444  0.993618  -0.008278  0.002369  0.019616  -0.081433  1.089993  -0.116373  1.000000  
159.158718 0.018592  -0.003711  -0.011505  0.669768  0.734387  0.109938  -0.737315  0.675282  -0.019000  -0.088192  -0.068333  0.993757  -0.008119  0.002407  0.019639  -0.080955  1.103915  -0.122449  1.000000  
159.159970 0.018584  -0.003707  -0.011481  0.670006  0.734329  0.108869  -0.737272  0.675357  -0.017977  -0.086726  -0.068221  0.993894  -0.007901  0.002516  0.019485  -0.081218  1.112816  -0.121975  1.000000  
159.161213 0.018575  -0.003704  -0.011458  0.670251  0.734277  0.107710  -0.737236  0.675425  -0.016856  -0.085127  -0.068110  0.994039  -0.007741  0.002507  0.019251  -0.084859  1.126113  -0.119529  1.000000  
159.162216 0.018567  -0.003700  -0.011442  0.670471  0.734193  0.106908  -0.737173  0.675515  -0.015948  -0.083927  -0.068117  0.994141  -0.007610  0.002612  0.019037  -0.081725  1.135414  -0.120610  1.000000  
159.163462 0.018560  -0.003696  -0.011421  0.670857  0.733995  0.105840  -0.736988  0.675742  -0.014904  -0.082460  -0.068005  0.994271  -0.007437  0.002712  0.018810  -0.080612  1.144386  -0.125352  1.000000  
159.164462 0.018554  -0.003692  -0.011404  0.671082  0.733930  0.104859  -0.736931  0.675824  -0.013980  -0.081127  -0.067892  0.994389  -0.007372  0.002762  0.018815  -0.080857  1.157894  -0.124601  1.000000  
159.165462 0.018547  -0.003689  -0.011386  0.671299  0.733846  0.104055  -0.736864  0.675914  -0.013074  -0.079926  -0.067898  0.994486  -0.007309  0.002777  0.018945  -0.077708  1.162929  -0.126036  1.000000  
159.166712 0.018537  -0.003686  -0.011362  0.671530  0.733786  0.102983  -0.736812  0.675990  -0.012052  -0.078459  -0.067786  0.994610  -0.007356  0.002737  0.019233  -0.077340  1.166856  -0.124252  1.000000  
159.167714 0.018530  -0.003684  -0.011343  0.671744  0.733702  0.102178  -0.736743  0.676081  -0.011146  -0.077259  -0.067792  0.994704  -0.007247  0.002768  0.019326  -0.073511  1.175688  -0.123718  1.000000  
159.168964 0.018520  -0.003682  -0.011318  0.671979  0.733649  0.101015  -0.736696  0.676150  -0.010027  -0.075658  -0.067680  0.994834  -0.007290  0.002699  0.019397  -0.069768  1.184540  -0.123340  1.000000  
159.169977 0.018513  -0.003679  -0.011297  0.672198  0.733583  0.100031  -0.736631  0.676233  -0.009105  -0.074323  -0.067566  0.994943  -0.007259  0.002719  0.019331  -0.070600  1.193961  -0.124493  1.000000  
159.171220 0.018504  -0.003676  -0.011274  0.672588  0.733395  0.098779  -0.736449  0.676448  -0.007868  -0.072589  -0.067454  0.995078  -0.007200  0.002735  0.019060  -0.070299  1.207997  -0.130623  1.000000  
159.172237 0.018497  -0.003672  -0.011257  0.672804  0.733317  0.097882  -0.736381  0.676532  -0.006864  -0.071254  -0.067460  0.995174  -0.007098  0.002819  0.018578  -0.066461  1.211866  -0.130345  1.000000  
159.173470 0.018488  -0.003668  -0.011237  0.673038  0.733269  0.096627  -0.736333  0.676596  -0.005649  -0.069519  -0.067348  0.995305  -0.007048  0.002891  0.018211  -0.066829  1.221283  -0.129954  1.000000  
159.174722 0.018479  -0.003663  -0.011216  0.673270  0.733220  0.095371  -0.736283  0.676659  -0.004433  -0.067784  -0.067235  0.995432  -0.007080  0.002984  0.017964  -0.067761  1.229676  -0.122629  1.000000  
159.175971 0.018470  -0.003658  -0.011193  0.673646  0.733026  0.094204  -0.736085  0.676881  -0.003297  -0.066182  -0.067122  0.995547  -0.007065  0.003098  0.017959  -0.071567  1.239280  -0.129007  1.000000  
159.177211 0.018461  -0.003653  -0.011169  0.673874  0.732976  0.092947  -0.736030  0.676946  -0.002082  -0.064446  -0.067008  0.995669  -0.007073  0.003170  0.018170  -0.071926  1.248519  -0.128600  1.000000  
159.178212 0.018455  -0.003648  -0.011148  0.674084  0.732897  0.092047  -0.735954  0.677031  -0.001081  -0.063111  -0.067014  0.995754  -0.007092  0.003253  0.018470  -0.067520  1.256082  -0.126419  1.000000  
159.179212 0.018447  -0.003644  -0.011127  0.674291  0.732830  0.091059  -0.735877  0.677115  -0.000162  -0.061776  -0.066899  0.995846  -0.007173  0.003272  0.018771  -0.071816  1.264938  -0.125903  1.000000  
159.180214 0.018439  -0.003640  -0.011105  0.674504  0.732757  0.090068  -0.735804  0.677194  0.000938  -0.060307  -0.066905  0.995935  -0.007281  0.003315  0.019023  -0.068045  1.278338  -0.125093  1.000000  
159.181462 0.018429  -0.003636  -0.011079  0.674871  0.732551  0.088987  -0.735597  0.677416  0.002153  -0.058704  -0.066911  0.996030  -0.007373  0.003405  0.019195  -0.064530  1.288450  -0.133794  1.000000  
159.182464 0.018421  -0.003632  -0.011060  0.675070  0.732476  0.088086  -0.735509  0.677508  0.002973  -0.057502  -0.066795  0.996108  -0.007368  0.003527  0.019189  -0.064597  1.289237  -0.133280  1.000000  
159.183711 0.018411  -0.003628  -0.011038  0.675283  0.732409  0.087004  -0.735438  0.677580  0.004169  -0.055899  -0.066801  0.996199  -0.007446  0.003601  0.018916  -0.060374  1.292917  -0.131470  1.000000  
159.184715 0.018402  -0.003624  -0.011020  0.675641  0.732197  0.086010  -0.735219  0.677809  0.005285  -0.054429  -0.066807  0.996280  -0.007504  0.003719  0.018785  -0.056080  1.301470  -0.137711  1.000000  
159.185963 0.018393  -0.003619  -0.011000  0.675850  0.732140  0.084838  -0.735144  0.677881  0.006398  -0.052826  -0.066692  0.996374  -0.007535  0.003873  0.018573  -0.056927  1.305519  -0.130770  1.000000  
159.186971 0.018384  -0.003614  -0.010983  0.676049  0.732061  0.083934  -0.735056  0.677966  0.007396  -0.051490  -0.066696  0.996444  -0.007646  0.003918  0.018602  -0.053641  1.307211  -0.132551  1.000000  
159.188219 0.018374  -0.003609  -0.010959  0.676415  0.731866  0.082667  -0.734847  0.678176  0.008804  -0.049619  -0.066703  0.996538  -0.007737  0.003945  0.018741  -0.049443  1.320791  -0.138595  1.000000  
159.189223 0.018367  -0.003604  -0.010939  0.676611  0.731787  0.081762  -0.734756  0.678261  0.009802  -0.048283  -0.066707  0.996604  -0.007754  0.004030  0.019045  -0.045661  1.325390  -0.138403  1.000000  
159.190468 0.018357  -0.003598  -0.010912  0.676818  0.731736  0.080496  -0.734677  0.678327  0.011012  -0.046545  -0.066592  0.996694  -0.007839  0.004115  0.019384  -0.046484  1.333881  -0.131093  1.000000  
159.191713 0.018346  -0.003592  -0.010885  0.677175  0.731535  0.079316  -0.734457  0.678544  0.012319  -0.044808  -0.066597  0.996773  -0.007906  0.004180  0.019643  -0.042323  1.343516  -0.137499  1.000000  
159.192717 0.018337  -0.003588  -0.010862  0.677366  0.731456  0.078410  -0.734361  0.678629  0.013316  -0.043471  -0.066601  0.996832  -0.008035  0.004181  0.019715  -0.038531  1.347819  -0.137278  1.000000  
159.193961 0.018327  -0.003581  -0.010835  0.677571  0.731401  0.077141  -0.734280  0.678687  0.014705  -0.041599  -0.066606  0.996912  -0.008152  0.004293  0.019782  -0.038582  1.354739  -0.134990  1.000000  
159.195215 0.018315  -0.003574  -0.010810  0.677925  0.731206  0.075867  -0.734057  0.678897  0.016108  -0.039728  -0.066611  0.996988  -0.008243  0.004446  0.019587  -0.035250  1.365861  -0.136207  1.000000  
159.196462 0.018304  -0.003568  -0.010785  0.678122  0.731145  0.074687  -0.733967  0.678962  0.017398  -0.037990  -0.066616  0.997055  -0.008336  0.004533  0.019577  -0.031543  1.374966  -0.135720  1.000000  
159.197712 0.018292  -0.003561  -0.010761  0.678468  0.730944  0.073503  -0.733735  0.679178  0.018702  -0.036251  -0.066620  0.997120  -0.008396  0.004721  0.019658  -0.031226  1.381880  -0.140255  1.000000  
159.198712 0.018283  -0.003556  -0.010739  0.678648  0.730858  0.072683  -0.733627  0.679270  0.019598  -0.035048  -0.066623  0.997162  -0.008464  0.004854  0.019965  -0.027741  1.380019  -0.142443  1.000000  
159.199969 0.018271  -0.003548  -0.010712  0.678839  0.730797  0.071501  -0.733531  0.679335  0.020886  -0.033310  -0.066627  0.997222  -0.008609  0.004998  0.020355  -0.023831  1.382207  -0.140495  1.000000  
159.201213 0.018258  -0.003542  -0.010683  0.679180  0.730596  0.070314  -0.733293  0.679551  0.022188  -0.031571  -0.066631  0.997278  -0.008796  0.005052  0.020877  -0.020191  1.382094  -0.140589  1.000000  
159.202215 0.018248  -0.003536  -0.010660  0.679356  0.730511  0.069493  -0.733180  0.679643  0.023084  -0.030368  -0.066633  0.997315  -0.008943  0.005134  0.021242  -0.020498  1.378328  -0.140974  1.000000  
159.203230 0.018239  -0.003530  -0.010635  0.679537  0.730429  0.068579  -0.733072  0.679718  0.024257  -0.028896  -0.066757  0.997351  -0.009035  0.005296  0.021626  -0.012874  1.379399  -0.142623  1.000000  
159.204470 0.018227  -0.003523  -0.010607  0.679874  0.730234  0.067299  -0.732831  0.679927  0.025655  -0.027024  -0.066761  0.997403  -0.009185  0.005376  0.021787  -0.008899  1.384946  -0.149386  1.000000  
159.205717 0.018214  -0.003516  -0.010579  0.680056  0.730173  0.066113  -0.732724  0.679992  0.026940  -0.025285  -0.066764  0.997448  -0.009362  0.005421  0.021845  -0.005544  1.389023  -0.142295  1.000000  
159.206719 0.018205  -0.003510  -0.010558  0.680229  0.730094  0.065199  -0.732608  0.680077  0.027932  -0.023948  -0.066766  0.997481  -0.009450  0.005505  0.021737  -0.001781  1.388507  -0.142342  1.000000  
159.207973 0.018192  -0.003503  -0.010531  0.680560  0.729891  0.064004  -0.732360  0.680283  0.029410  -0.022075  -0.066890  0.997516  -0.009580  0.005506  0.021670  0.002165  1.393307  -0.148855  1.000000  
159.209218 0.018179  -0.003496  -0.010505  0.680738  0.729837  0.062726  -0.732249  0.680341  0.030792  -0.020202  -0.066892  0.997556  -0.009683  0.005540  0.021647  0.005521  1.397406  -0.141768  1.000000  
159.210462 0.018165  -0.003489  -0.010478  0.681064  0.729642  0.061441  -0.731995  0.680550  0.032186  -0.018329  -0.066895  0.997592  -0.009830  0.005618  0.021799  0.005368  1.402790  -0.148428  1.000000  
159.211462 0.018155  -0.003484  -0.010455  0.681232  0.729561  0.060522  -0.731873  0.680624  0.033356  -0.016858  -0.067017  0.997609  -0.009927  0.005594  0.022014  0.009077  1.408923  -0.145924  1.000000  
159.212462 0.018144  -0.003478  -0.010431  0.681399  0.729489  0.059515  -0.731750  0.680702  0.034443  -0.015386  -0.067019  0.997633  -0.010063  0.005594  0.022406  0.012799  1.417895  -0.145432  1.000000  
159.213712 0.018131  -0.003471  -0.010400  0.681717  0.729281  0.058406  -0.731488  0.680912  0.035819  -0.013647  -0.067142  0.997650  -0.010156  0.005633  0.022639  0.016528  1.420674  -0.147169  1.000000  
159.214962 0.018116  -0.003464  -0.010367  0.682034  0.729080  0.057207  -0.731224  0.681127  0.037112  -0.011908  -0.067143  0.997672  -0.010321  0.005605  0.023000  0.016249  1.422773  -0.151915  1.000000  
159.215969 0.018105  -0.003458  -0.010343  0.682195  0.729000  0.056286  -0.731095  0.681200  0.038280  -0.010436  -0.067265  0.997681  -0.010345  0.005683  0.023031  0.024135  1.425487  -0.153779  1.000000  
159.217220 0.018092  -0.003451  -0.010313  0.682508  0.728806  0.054995  -0.730827  0.681408  0.039669  -0.008563  -0.067267  0.997698  -0.010457  0.005665  0.023022  0.023542  1.431704  -0.151346  1.000000  
159.218464 0.018078  -0.003444  -0.010284  0.682669  0.728745  0.053800  -0.730697  0.681461  0.041129  -0.006690  -0.067389  0.997704  -0.010564  0.005654  0.023077  0.027140  1.436221  -0.150979  1.000000  
159.219717 0.018065  -0.003437  -0.010257  0.682977  0.728544  0.052595  -0.730424  0.681664  0.042599  -0.004817  -0.067510  0.997707  -0.010647  0.005610  0.022957  0.030917  1.441128  -0.157448  1.000000  
159.220719 0.018054  -0.003432  -0.010234  0.683131  0.728465  0.051674  -0.730288  0.681748  0.043584  -0.003479  -0.067511  0.997712  -0.010761  0.005575  0.023029  0.034682  1.439027  -0.152842  1.000000  
159.221721 0.018043  -0.003427  -0.010212  0.683284  0.728387  0.050750  -0.730150  0.681820  0.044750  -0.002007  -0.067632  0.997708  -0.010775  0.005526  0.023046  0.038683  1.442147  -0.154664  1.000000  
159.222970 0.018029  -0.003421  -0.010182  0.683586  0.728180  0.049633  -0.729870  0.682028  0.046120  -0.000268  -0.067753  0.997702  -0.010829  0.005474  0.023303  0.042195  1.443804  -0.159264  1.000000  
159.223980 0.018019  -0.003416  -0.010156  0.683736  0.728114  0.048529  -0.729729  0.682099  0.047299  0.001338  -0.067753  0.997701  -0.010859  0.005422  0.023662  0.041627  1.442696  -0.152303  1.000000  
159.225211 0.018005  -0.003410  -0.010126  0.684033  0.727908  0.047410  -0.729444  0.682307  0.048668  0.003077  -0.067874  0.997689  -0.010852  0.005376  0.023885  0.045087  1.441246  -0.157329  1.000000  
159.226213 0.017994  -0.003406  -0.010100  0.684180  0.727831  0.046484  -0.729299  0.682378  0.049831  0.004549  -0.067994  0.997675  -0.010909  0.005307  0.024042  0.049123  1.444112  -0.159144  1.000000  
159.227462 0.017981  -0.003400  -0.010068  0.684474  0.727630  0.045276  -0.729011  0.682591  0.051116  0.006288  -0.067994  0.997666  -0.010844  0.005245  0.024141  0.048680  1.444175  -0.159158  1.000000  
159.228462 0.017971  -0.003395  -0.010044  0.684617  0.727547  0.044440  -0.728863  0.682668  0.052181  0.007626  -0.068114  0.997648  -0.010837  0.005146  0.024148  0.052431  1.448682  -0.158774  1.000000  
159.229712 0.017958  -0.003389  -0.010015  0.684907  0.727342  0.043318  -0.728570  0.682875  0.053546  0.009366  -0.068234  0.997625  -0.010723  0.005097  0.023890  0.056157  1.449461  -0.165630  1.000000  
