1-Time 2-Px 3-Py 4-Pz 5-R11 6-R21 7-R31 8-R12 9-R22 10-R32 11-R13 12-R23 13-R33 14-Vx 15-Vy 16-Vz 17-Wx 18-Wy 19-Wz 20-state
245.595086 0.011437  -0.020594  0.002820  0.476969  0.689206  0.545432  -0.812684  0.582170  -0.024953  -0.334732  -0.431362  0.837784  -0.000302  0.000038  0.000224  0.198304  0.368706  0.268879  1.000000  
245.596306 0.011437  -0.020593  0.002818  0.476725  0.689496  0.545278  -0.813035  0.581690  -0.024720  -0.334227  -0.431546  0.837891  -0.000072  0.001157  -0.001212  0.000000  0.000000  0.000000  1.000000  
245.597519 0.011436  -0.020584  0.002815  0.476648  0.689534  0.545297  -0.813287  0.581358  -0.024234  -0.333723  -0.431932  0.837892  -0.000288  0.004681  -0.002114  0.000000  0.000000  0.000000  1.000000  
245.598767 0.011435  -0.020574  0.002811  0.476403  0.689758  0.545228  -0.813637  0.580880  -0.023930  -0.333218  -0.432217  0.837946  -0.000536  0.005883  -0.002362  0.000000  0.000000  0.000000  1.000000  
245.600022 0.011433  -0.020566  0.002810  0.476348  0.689958  0.545024  -0.813928  0.580491  -0.023488  -0.332587  -0.432421  0.838092  -0.000780  0.005892  -0.002031  0.000000  0.000000  0.000000  1.000000  
245.601301 0.011431  -0.020560  0.002810  0.476103  0.690248  0.544871  -0.814277  0.580010  -0.023255  -0.332083  -0.432604  0.838197  -0.001070  0.005678  -0.001553  0.000000  0.000000  0.000000  1.000000  
245.602518 0.011425  -0.020551  0.002809  0.476047  0.690381  0.544751  -0.814567  0.579624  -0.022743  -0.331452  -0.432910  0.838289  -0.001655  0.006024  -0.001486  0.000000  0.000000  0.000000  1.000000  
245.603520 0.011419  -0.020542  0.002806  0.475779  0.690641  0.544656  -0.814878  0.579192  -0.022606  -0.331073  -0.433072  0.838355  -0.002188  0.006378  -0.001622  0.000000  0.000000  0.000000  1.000000  
245.604525 0.011413  -0.020532  0.002803  0.475510  0.690835  0.544644  -0.815188  0.578763  -0.022399  -0.330694  -0.433337  0.838368  -0.002649  0.006706  -0.001817  0.000000  0.000000  0.000000  1.000000  
245.605773 0.011405  -0.020522  0.002800  0.475453  0.691034  0.544441  -0.815477  0.578373  -0.021956  -0.330063  -0.433540  0.838512  -0.003035  0.006901  -0.001852  0.070500  0.300345  0.446334  1.000000  
245.607019 0.011400  -0.020510  0.002798  0.475206  0.691257  0.544374  -0.815825  0.577893  -0.021653  -0.329557  -0.433824  0.838563  -0.003183  0.007153  -0.001849  0.072088  0.293728  0.449284  1.000000  
245.608026 0.011395  -0.020500  0.002795  0.475083  0.691368  0.544340  -0.815999  0.577653  -0.021501  -0.329305  -0.433967  0.838589  -0.003321  0.007363  -0.001910  0.070584  0.282182  0.437016  1.000000  
245.609267 0.011387  -0.020485  0.002790  0.474981  0.691443  0.544334  -0.816211  0.577365  -0.021182  -0.328926  -0.434231  0.838601  -0.003580  0.007796  -0.002112  0.076822  0.276205  0.423772  1.000000  
245.610267 0.011382  -0.020471  0.002784  0.474835  0.691525  0.544357  -0.816347  0.577175  -0.021127  -0.328799  -0.434353  0.838587  -0.003703  0.008191  -0.002344  0.075249  0.259743  0.411135  1.000000  
245.611514 0.011375  -0.020451  0.002779  0.474689  0.691673  0.544297  -0.816483  0.576983  -0.021142  -0.328673  -0.434373  0.838626  -0.004188  0.009467  -0.002660  0.065282  0.241630  0.393979  1.000000  
245.612764 0.011371  -0.020429  0.002773  0.474565  0.691784  0.544263  -0.816656  0.576742  -0.020990  -0.328420  -0.434515  0.838652  -0.004352  0.010206  -0.002713  0.063680  0.232838  0.382743  1.000000  
245.613764 0.011367  -0.020412  0.002769  0.474588  0.691813  0.544207  -0.816694  0.576692  -0.020893  -0.328294  -0.434535  0.838691  -0.004563  0.010800  -0.002808  0.060250  0.226670  0.365364  1.000000  
245.614764 0.011361  -0.020395  0.002766  0.474778  0.691724  0.544155  -0.816635  0.576784  -0.020684  -0.328167  -0.434555  0.838730  -0.004822  0.011521  -0.002986  0.060673  0.225707  0.340912  1.000000  
245.616020 0.011352  -0.020374  0.002762  0.474778  0.691724  0.544155  -0.816635  0.576784  -0.020684  -0.328167  -0.434555  0.838730  -0.005363  0.012609  -0.003253  0.057000  0.212043  0.320274  1.000000  
245.617265 0.011343  -0.020352  0.002759  0.474756  0.691694  0.544211  -0.816597  0.576834  -0.020781  -0.328294  -0.434535  0.838691  -0.005509  0.013367  -0.003378  0.053760  0.194633  0.299343  1.000000  
245.618516 0.011337  -0.020330  0.002753  0.474734  0.691731  0.544184  -0.816559  0.576882  -0.020948  -0.328420  -0.434413  0.838705  -0.005487  0.014131  -0.003533  0.045638  0.179066  0.280583  1.000000  
245.619524 0.011331  -0.020313  0.002748  0.474711  0.691702  0.544240  -0.816521  0.576932  -0.021045  -0.328547  -0.434393  0.838665  -0.005426  0.014635  -0.003654  0.043729  0.166718  0.266378  1.000000  
245.620765 0.011323  -0.020291  0.002743  0.474689  0.691739  0.544213  -0.816483  0.576980  -0.021212  -0.328673  -0.434271  0.838679  -0.005456  0.015391  -0.003837  0.036832  0.153957  0.250994  1.000000  
245.621767 0.011317  -0.020272  0.002739  0.474857  0.691620  0.544217  -0.816385  0.577122  -0.021100  -0.328673  -0.434271  0.838679  -0.005594  0.016043  -0.003932  0.038017  0.151498  0.234986  1.000000  
245.622768 0.011312  -0.020252  0.002735  0.474835  0.691657  0.544190  -0.816347  0.577170  -0.021267  -0.328799  -0.434149  0.838693  -0.005617  0.016713  -0.004030  0.032212  0.141674  0.224189  1.000000  
245.624022 0.011304  -0.020226  0.002728  0.474835  0.691657  0.544190  -0.816347  0.577170  -0.021267  -0.328799  -0.434149  0.838693  -0.005643  0.017565  -0.004193  0.030806  0.135489  0.214402  1.000000  
245.625266 0.011295  -0.020199  0.002721  0.474623  0.691783  0.544214  -0.816369  0.577125  -0.021643  -0.329052  -0.434007  0.838667  -0.005749  0.018142  -0.004225  0.023189  0.118987  0.207159  1.000000  
245.626512 0.011287  -0.020172  0.002715  0.474579  0.691725  0.544327  -0.816292  0.577226  -0.021837  -0.329305  -0.433967  0.838589  -0.005920  0.018545  -0.004260  0.019857  0.098025  0.182975  1.000000  
245.627517 0.011279  -0.020149  0.002711  0.474557  0.691762  0.544299  -0.816254  0.577273  -0.022004  -0.329431  -0.433845  0.838602  -0.006216  0.018922  -0.004218  0.000000  0.000000  0.000000  1.000000  
245.628764 0.011268  -0.020121  0.002706  0.474534  0.691733  0.544356  -0.816216  0.577324  -0.022101  -0.329557  -0.433824  0.838563  -0.006618  0.019386  -0.004244  0.000000  0.000000  0.000000  1.000000  
245.629764 0.011255  -0.020100  0.002700  0.474512  0.691769  0.544328  -0.816178  0.577371  -0.022268  -0.329684  -0.433702  0.838577  -0.007060  0.019668  -0.004382  0.000000  0.000000  0.000000  1.000000  
245.631014 0.011240  -0.020074  0.002691  0.474344  0.691954  0.544240  -0.816276  0.577226  -0.022450  -0.329684  -0.433601  0.838629  -0.007456  0.020053  -0.004742  0.000000  0.000000  0.000000  1.000000  
245.632021 0.011229  -0.020052  0.002684  0.474344  0.692020  0.544156  -0.816276  0.577223  -0.022520  -0.329684  -0.433499  0.838682  -0.007772  0.020384  -0.005064  0.000000  0.000000  0.000000  1.000000  
245.633266 0.011215  -0.020023  0.002674  0.474176  0.692205  0.544067  -0.816373  0.577078  -0.022702  -0.329684  -0.433397  0.838735  -0.008242  0.020776  -0.005401  0.000000  0.000000  0.000000  1.000000  
245.634514 0.011200  -0.019995  0.002665  0.473986  0.692295  0.544119  -0.816433  0.576986  -0.022911  -0.329810  -0.433377  0.838695  -0.008727  0.021208  -0.005571  0.000000  0.000000  0.000000  1.000000  
245.635764 0.011185  -0.019967  0.002656  0.473818  0.692480  0.544030  -0.816530  0.576840  -0.023093  -0.329810  -0.433275  0.838748  -0.009214  0.021606  -0.005790  0.000000  0.000000  0.000000  1.000000  
245.636768 0.011174  -0.019944  0.002650  0.473672  0.692693  0.543885  -0.816666  0.576645  -0.023178  -0.329684  -0.433194  0.838840  -0.009641  0.021909  -0.005964  0.000000  0.000000  0.000000  1.000000  
245.637772 0.011163  -0.019919  0.002644  0.473504  0.692878  0.543796  -0.816764  0.576499  -0.023360  -0.329684  -0.433092  0.838892  -0.009973  0.022209  -0.006105  0.000000  0.000000  0.000000  1.000000  
245.638772 0.011153  -0.019893  0.002637  0.473358  0.693092  0.543651  -0.816899  0.576304  -0.023445  -0.329557  -0.433010  0.838984  -0.010251  0.022595  -0.006195  0.000000  0.000000  0.000000  1.000000  
245.639774 0.011142  -0.019866  0.002629  0.473380  0.693121  0.543595  -0.816937  0.576254  -0.023347  -0.329431  -0.433031  0.839023  -0.010533  0.022979  -0.006390  0.000000  0.000000  0.000000  1.000000  
245.641021 0.011127  -0.019833  0.002621  0.473234  0.693334  0.543450  -0.817073  0.576058  -0.023432  -0.329305  -0.432949  0.839115  -0.010928  0.023348  -0.006477  0.000000  0.000000  0.000000  1.000000  
245.642267 0.011112  -0.019801  0.002612  0.473065  0.693519  0.543361  -0.817170  0.575912  -0.023614  -0.329305  -0.432847  0.839167  -0.011266  0.023623  -0.006681  0.000000  0.000000  0.000000  1.000000  
245.643516 0.011095  -0.019771  0.002602  0.472919  0.693732  0.543215  -0.817306  0.575716  -0.023698  -0.329178  -0.432766  0.839259  -0.011687  0.023703  -0.007002  0.000000  0.000000  0.000000  1.000000  
245.644764 0.011079  -0.019740  0.002591  0.472773  0.693946  0.543070  -0.817441  0.575521  -0.023783  -0.329052  -0.432684  0.839351  -0.011728  0.024046  -0.007284  0.000000  0.000000  0.000000  1.000000  
245.645765 0.011066  -0.019714  0.002581  0.472773  0.694012  0.542986  -0.817441  0.575518  -0.023853  -0.329052  -0.432582  0.839403  -0.011810  0.024361  -0.007484  0.000000  0.000000  0.000000  1.000000  
245.647014 0.011051  -0.019681  0.002568  0.472795  0.694106  0.542845  -0.817479  0.575465  -0.023825  -0.328926  -0.432501  0.839495  -0.011878  0.024692  -0.007702  0.000000  0.000000  0.000000  1.000000  
245.648021 0.011039  -0.019655  0.002559  0.472649  0.694320  0.542700  -0.817615  0.575269  -0.023909  -0.328799  -0.432419  0.839586  -0.011957  0.024961  -0.007768  0.000000  0.000000  0.000000  1.000000  
245.649265 0.011025  -0.019623  0.002549  0.472671  0.694480  0.542475  -0.817653  0.575213  -0.023952  -0.328673  -0.432235  0.839730  -0.011868  0.025227  -0.007859  0.000000  0.000000  0.000000  1.000000  
245.650515 0.011014  -0.019589  0.002539  0.472671  0.694546  0.542391  -0.817653  0.575210  -0.024022  -0.328673  -0.432133  0.839783  -0.011628  0.025612  -0.007951  0.000000  0.000000  0.000000  1.000000  
245.651766 0.011002  -0.019555  0.002528  0.472693  0.694706  0.542166  -0.817691  0.575154  -0.024064  -0.328547  -0.431950  0.839927  -0.011416  0.025957  -0.008137  0.000000  0.000000  0.000000  1.000000  
245.653022 0.010992  -0.019519  0.002516  0.472715  0.694867  0.541942  -0.817729  0.575098  -0.024106  -0.328420  -0.431766  0.840070  -0.011238  0.026273  -0.008438  0.000000  0.000000  0.000000  1.000000  
245.654269 0.010981  -0.019482  0.002505  0.472737  0.694962  0.541801  -0.817767  0.575045  -0.024078  -0.328294  -0.431684  0.840162  -0.011102  0.026483  -0.008525  0.000000  0.000000  0.000000  1.000000  
245.655271 0.010972  -0.019454  0.002497  0.472927  0.695003  0.541581  -0.817708  0.575133  -0.024009  -0.328167  -0.431501  0.840306  -0.010992  0.026559  -0.008611  0.000000  0.000000  0.000000  1.000000  
245.656521 0.010959  -0.019419  0.002487  0.472949  0.695164  0.541356  -0.817746  0.575077  -0.024051  -0.328041  -0.431317  0.840449  -0.010813  0.026714  -0.008696  0.000000  0.000000  0.000000  1.000000  
245.657774 0.010945  -0.019385  0.002477  0.473118  0.695242  0.541108  -0.817648  0.575211  -0.024149  -0.328041  -0.431011  0.840606  -0.010619  0.026948  -0.008751  0.000000  0.000000  0.000000  1.000000  
245.659015 0.010930  -0.019350  0.002466  0.473139  0.695468  0.540799  -0.817686  0.575152  -0.024261  -0.327915  -0.430725  0.840802  -0.010601  0.027258  -0.008789  0.000000  0.000000  0.000000  1.000000  
245.660022 0.010917  -0.019322  0.002457  0.473308  0.695481  0.540635  -0.817589  0.575290  -0.024289  -0.327915  -0.430521  0.840906  -0.010509  0.027469  -0.008734  0.000000  0.000000  0.000000  1.000000  
245.661080 0.010905  -0.019294  0.002449  0.473498  0.695522  0.540415  -0.817529  0.575377  -0.024220  -0.327788  -0.430337  0.841050  -0.010425  0.027521  -0.008565  0.000000  0.000000  0.000000  1.000000  
245.662264 0.010890  -0.019258  0.002441  0.473666  0.695600  0.540167  -0.817432  0.575512  -0.024318  -0.327788  -0.430031  0.841206  -0.010486  0.027792  -0.008329  0.000000  0.000000  0.000000  1.000000  
245.663265 0.010878  -0.019229  0.002435  0.473688  0.695760  0.539942  -0.817470  0.575456  -0.024361  -0.327662  -0.429847  0.841350  -0.010494  0.027954  -0.008201  0.000000  0.000000  0.000000  1.000000  
245.664275 0.010866  -0.019200  0.002428  0.473879  0.695802  0.539721  -0.817410  0.575543  -0.024292  -0.327535  -0.429663  0.841493  -0.010616  0.028191  -0.007995  -0.169847  0.063027  0.054408  1.000000  
245.665514 0.010851  -0.019161  0.002418  0.474237  0.695790  0.539422  -0.817253  0.575771  -0.024182  -0.327409  -0.429376  0.841688  -0.010826  0.028522  -0.008017  -0.171240  0.076018  0.039024  1.000000  
245.666515 0.010839  -0.019131  0.002410  0.474405  0.695802  0.539258  -0.817155  0.575909  -0.024210  -0.327409  -0.429172  0.841793  -0.011083  0.028719  -0.008006  -0.169379  0.077356  0.025121  1.000000  
245.667765 0.010823  -0.019094  0.002400  0.474574  0.695880  0.539010  -0.817058  0.576043  -0.024309  -0.327409  -0.428866  0.841949  -0.011475  0.028791  -0.007867  -0.172969  0.083284  0.013566  1.000000  
245.669015 0.010807  -0.019058  0.002392  0.474742  0.695957  0.538761  -0.816960  0.576178  -0.024408  -0.327409  -0.428559  0.842105  -0.011786  0.028762  -0.007666  -0.176563  0.085238  -0.000028  1.000000  
245.670269 0.010789  -0.019022  0.002383  0.475100  0.696010  0.538377  -0.816802  0.576403  -0.024368  -0.327283  -0.428170  0.842352  -0.012176  0.028787  -0.007595  -0.181903  0.094087  -0.017365  1.000000  
245.671520 0.010768  -0.018986  0.002374  0.475290  0.696116  0.538072  -0.816742  0.576488  -0.024370  -0.327156  -0.427884  0.842546  -0.012765  0.028867  -0.007480  -0.189526  0.099987  -0.028925  1.000000  
245.672525 0.010750  -0.018958  0.002368  0.475627  0.696074  0.537829  -0.816547  0.576766  -0.024358  -0.327156  -0.427577  0.842702  -0.013231  0.028971  -0.007344  -0.194662  0.106738  -0.040817  1.000000  
245.673768 0.010728  -0.018921  0.002361  0.475985  0.696126  0.537444  -0.816388  0.576991  -0.024319  -0.327030  -0.427188  0.842948  -0.013692  0.029110  -0.007091  -0.196072  0.115680  -0.058333  1.000000  
245.675017 0.010707  -0.018884  0.002355  0.476321  0.696149  0.537117  -0.816192  0.577266  -0.024378  -0.327030  -0.426779  0.843156  -0.014025  0.029244  -0.006767  -0.201484  0.120569  -0.077875  1.000000  
245.676286 0.010685  -0.018846  0.002350  0.476489  0.696356  0.536700  -0.816094  0.577394  -0.024617  -0.327030  -0.426268  0.843414  -0.014449  0.029402  -0.006500  -0.215388  0.119429  -0.085732  1.000000  
245.677518 0.010663  -0.018807  0.002345  0.476847  0.696407  0.536315  -0.815936  0.577620  -0.024579  -0.326903  -0.425878  0.843660  -0.014952  0.029679  -0.006287  -0.220967  0.128390  -0.103298  1.000000  
245.678765 0.010641  -0.018767  0.002339  0.477015  0.696614  0.535897  -0.815838  0.577748  -0.024819  -0.326903  -0.425366  0.843918  -0.015484  0.029910  -0.006151  -0.233074  0.130240  -0.108272  1.000000  
245.679765 0.010625  -0.018733  0.002334  0.477373  0.696664  0.535513  -0.815679  0.577974  -0.024782  -0.326777  -0.424976  0.844164  -0.015712  0.030081  -0.005947  -0.238669  0.137228  -0.120888  1.000000  
245.680765 0.010608  -0.018700  0.002330  0.477563  0.696834  0.535123  -0.815618  0.578056  -0.024854  -0.326650  -0.424586  0.844409  -0.016010  0.030252  -0.005735  -0.248651  0.140156  -0.126762  1.000000  
245.682015 0.010588  -0.018660  0.002326  0.477899  0.696920  0.534710  -0.815422  0.578328  -0.024985  -0.326650  -0.424074  0.844666  -0.016338  0.030456  -0.005349  -0.256396  0.142037  -0.140539  1.000000  
245.683265 0.010565  -0.018620  0.002321  0.478257  0.697035  0.534241  -0.815262  0.578551  -0.025018  -0.326524  -0.423581  0.844962  -0.016834  0.030630  -0.004988  -0.268172  0.147894  -0.152245  1.000000  
245.684515 0.010542  -0.018581  0.002317  0.478446  0.697333  0.533681  -0.815202  0.578627  -0.025232  -0.326397  -0.422986  0.845309  -0.017246  0.030810  -0.004723  -0.279941  0.153535  -0.154853  1.000000  
245.685764 0.010517  -0.018542  0.002312  0.478804  0.697447  0.533211  -0.815042  0.578850  -0.025265  -0.326271  -0.422493  0.845605  -0.017566  0.031015  -0.004507  -0.289866  0.156411  -0.160720  1.000000  
245.686765 0.010498  -0.018512  0.002308  0.478994  0.697615  0.532821  -0.814981  0.578933  -0.025339  -0.326144  -0.422102  0.845849  -0.017706  0.031162  -0.004345  -0.295673  0.159251  -0.166537  1.000000  
245.687770 0.010479  -0.018480  0.002303  0.479352  0.697728  0.532351  -0.814822  0.579156  -0.025373  -0.326018  -0.421608  0.846144  -0.017757  0.031402  -0.004192  -0.305591  0.166098  -0.170395  1.000000  
245.688774 0.010461  -0.018447  0.002300  0.479542  0.697960  0.531875  -0.814760  0.579236  -0.025517  -0.325891  -0.421114  0.846438  -0.017848  0.031634  -0.004084  -0.313950  0.170291  -0.177681  1.000000  
245.690020 0.010437  -0.018405  0.002295  0.479899  0.698202  0.531236  -0.814601  0.579453  -0.025693  -0.325765  -0.420415  0.846834  -0.017985  0.031932  -0.004035  -0.329442  0.175745  -0.180147  1.000000  
245.691021 0.010419  -0.018371  0.002291  0.480257  0.698314  0.530765  -0.814440  0.579677  -0.025728  -0.325638  -0.419921  0.847128  -0.018091  0.032204  -0.003988  -0.340012  0.178933  -0.186381  1.000000  
245.692270 0.010396  -0.018328  0.002287  0.480446  0.698673  0.530120  -0.814379  0.579750  -0.026013  -0.325512  -0.419220  0.847524  -0.018131  0.032446  -0.003960  -0.358472  0.179941  -0.187664  1.000000  
245.693517 0.010373  -0.018284  0.002283  0.480994  0.698886  0.529343  -0.814157  0.580060  -0.026054  -0.325259  -0.418436  0.848008  -0.018181  0.032708  -0.003827  -0.374417  0.189725  -0.197486  1.000000  
245.694764 0.010351  -0.018240  0.002280  0.481351  0.699125  0.528702  -0.813996  0.580277  -0.026231  -0.325132  -0.417735  0.848402  -0.018277  0.032883  -0.003613  -0.385287  0.194943  -0.199781  1.000000  
245.695765 0.010333  -0.018204  0.002278  0.481563  0.699447  0.528083  -0.813972  0.580306  -0.026349  -0.324879  -0.417156  0.848784  -0.018369  0.033046  -0.003426  -0.404883  0.200510  -0.199556  1.000000  
245.697014 0.010309  -0.018161  0.002278  0.482110  0.699721  0.527220  -0.813749  0.580613  -0.026461  -0.324626  -0.416268  0.849317  -0.018573  0.033262  -0.003211  -0.427128  0.211343  -0.201545  1.000000  
245.698015 0.010290  -0.018127  0.002277  0.482321  0.700042  0.526600  -0.813725  0.580642  -0.026580  -0.324373  -0.415688  0.849698  -0.018689  0.033449  -0.002984  -0.439383  0.219280  -0.197649  1.000000  
245.699265 0.010265  -0.018086  0.002275  0.482868  0.700250  0.525821  -0.813501  0.580953  -0.026623  -0.324120  -0.414901  0.850179  -0.018766  0.033599  -0.002848  -0.455330  0.229025  -0.207525  1.000000  
245.700269 0.010244  -0.018052  0.002275  0.483247  0.700450  0.525206  -0.813377  0.581127  -0.026633  -0.323867  -0.414320  0.850558  -0.018853  0.033755  -0.002658  -0.465512  0.237899  -0.207752  1.000000  
245.701516 0.010220  -0.018010  0.002273  0.483794  0.700784  0.524256  -0.813153  0.581432  -0.026819  -0.323614  -0.413326  0.851138  -0.018911  0.033953  -0.002384  -0.489474  0.247545  -0.217627  1.000000  
245.702765 0.010195  -0.017968  0.002272  0.484195  0.701201  0.523327  -0.813065  0.581549  -0.026944  -0.323234  -0.412453  0.851706  -0.018975  0.034157  -0.002117  -0.509706  0.259349  -0.211878  1.000000  
245.703767 0.010175  -0.017934  0.002271  0.484742  0.701343  0.522632  -0.812840  0.581864  -0.026919  -0.322981  -0.411767  0.852133  -0.019097  0.034214  -0.001928  -0.523708  0.266105  -0.215892  1.000000  
245.704769 0.010154  -0.017899  0.002270  0.485120  0.701603  0.521931  -0.812715  0.582036  -0.027002  -0.322727  -0.411081  0.852560  -0.019225  0.034270  -0.001684  -0.540324  0.276236  -0.213890  1.000000  
245.705770 0.010134  -0.017865  0.002270  0.485667  0.701806  0.521149  -0.812489  0.582349  -0.027049  -0.322474  -0.410291  0.853037  -0.019301  0.034276  -0.001494  -0.552143  0.289925  -0.221850  1.000000  
245.706773 0.010113  -0.017832  0.002270  0.486213  0.702008  0.520368  -0.812263  0.582662  -0.027097  -0.322221  -0.409500  0.853512  -0.019427  0.034258  -0.001206  -0.563900  0.299524  -0.231788  1.000000  
245.708021 0.010087  -0.017789  0.002269  0.486759  0.702335  0.519415  -0.812036  0.582968  -0.027287  -0.321967  -0.408502  0.854086  -0.019664  0.034150  -0.000953  -0.586223  0.310325  -0.233992  1.000000  
245.709265 0.010061  -0.017748  0.002270  0.487494  0.702568  0.518409  -0.811746  0.583373  -0.027273  -0.321587  -0.407521  0.854698  -0.019955  0.033963  -0.000644  -0.600090  0.326909  -0.248027  1.000000  
245.710269 0.010040  -0.017715  0.002271  0.487872  0.702949  0.517536  -0.811619  0.583539  -0.027500  -0.321334  -0.406625  0.855220  -0.020157  0.033748  -0.000528  -0.620439  0.334755  -0.244314  1.000000  
245.711514 0.010012  -0.017676  0.002272  0.488607  0.703242  0.516443  -0.811327  0.583942  -0.027559  -0.320954  -0.405539  0.855878  -0.020450  0.033458  -0.000357  -0.637178  0.348415  -0.256274  1.000000  
245.712515 0.009989  -0.017646  0.002273  0.489174  0.703529  0.515515  -0.811136  0.584207  -0.027584  -0.320574  -0.404659  0.856437  -0.020728  0.033198  -0.000241  -0.655241  0.359072  -0.258498  1.000000  
245.713515 0.009966  -0.017615  0.002274  0.489719  0.703849  0.514560  -0.810907  0.584516  -0.027778  -0.320320  -0.403657  0.857004  -0.020912  0.032997  -0.000120  -0.676701  0.371614  -0.270825  1.000000  
245.714765 0.009938  -0.017578  0.002277  0.490309  0.704347  0.513315  -0.810751  0.584725  -0.027919  -0.319813  -0.402482  0.857746  -0.021086  0.032751  0.000161  -0.695495  0.390233  -0.273069  1.000000  
245.716017 0.009910  -0.017539  0.002279  0.491043  0.704695  0.512134  -0.810457  0.585127  -0.028054  -0.319433  -0.401287  0.858447  -0.021303  0.032481  0.000416  -0.720953  0.402690  -0.285469  1.000000  
245.717264 0.009882  -0.017502  0.002283  0.491799  0.705069  0.510893  -0.810198  0.585483  -0.028091  -0.318925  -0.400109  0.859185  -0.021480  0.032165  0.000759  -0.739054  0.420838  -0.287541  1.000000  
245.718265 0.009859  -0.017472  0.002287  0.492365  0.705348  0.509961  -0.810003  0.585751  -0.028121  -0.318545  -0.399225  0.859738  -0.021721  0.031861  0.001037  -0.750974  0.434313  -0.295799  1.000000  
245.719515 0.009830  -0.017436  0.002293  0.492932  0.705811  0.508772  -0.809808  0.586009  -0.028364  -0.318165  -0.398027  0.860434  -0.021945  0.031463  0.001505  -0.773088  0.444829  -0.298289  1.000000  
245.720517 0.009807  -0.017407  0.002297  0.493498  0.706148  0.507754  -0.809613  0.586274  -0.028466  -0.317784  -0.397036  0.861032  -0.022077  0.031174  0.001835  -0.791246  0.455443  -0.300753  1.000000  
245.721521 0.009784  -0.017378  0.002302  0.494065  0.706484  0.506735  -0.809416  0.586540  -0.028569  -0.317403  -0.396045  0.861629  -0.022291  0.030727  0.002187  -0.807961  0.465805  -0.307741  1.000000  
245.722767 0.009755  -0.017343  0.002308  0.494653  0.706969  0.505483  -0.809256  0.586754  -0.028716  -0.316896  -0.394861  0.862358  -0.022499  0.030283  0.002530  -0.822128  0.480409  -0.308448  1.000000  
245.723768 0.009731  -0.017316  0.002311  0.495219  0.707240  0.504548  -0.809059  0.587024  -0.028750  -0.316515  -0.393972  0.862905  -0.022723  0.029826  0.002783  -0.830057  0.493899  -0.316914  1.000000  
245.725018 0.009701  -0.017284  0.002317  0.495807  0.707782  0.503209  -0.808897  0.587236  -0.028970  -0.316007  -0.392681  0.863679  -0.022945  0.029285  0.003067  -0.854732  0.501682  -0.313733  1.000000  
245.726039 0.009676  -0.017259  0.002322  0.496373  0.708051  0.502273  -0.808699  0.587507  -0.029005  -0.315626  -0.391790  0.864223  -0.023118  0.028743  0.003378  -0.857988  0.510689  -0.323970  1.000000  
245.727269 0.009645  -0.017229  0.002328  0.496983  0.708555  0.500957  -0.808572  0.587680  -0.029058  -0.314992  -0.390618  0.864984  -0.023337  0.028266  0.003722  -0.872891  0.525668  -0.325068  1.000000  
245.728270 0.009620  -0.017205  0.002334  0.497571  0.708908  0.499873  -0.808408  0.587904  -0.029068  -0.314484  -0.389638  0.865611  -0.023506  0.027802  0.004033  -0.887134  0.536273  -0.327734  1.000000  
245.729515 0.009589  -0.017175  0.002342  0.498158  0.709381  0.498616  -0.808244  0.588123  -0.029220  -0.313976  -0.388447  0.866331  -0.023678  0.027268  0.004430  -0.903814  0.544151  -0.324697  1.000000  
245.730765 0.009558  -0.017146  0.002352  0.498934  0.709818  0.497216  -0.808012  0.588440  -0.029245  -0.313340  -0.387166  0.867134  -0.023857  0.026665  0.004963  -0.916483  0.556929  -0.328883  1.000000  
245.732016 0.009527  -0.017117  0.002364  0.499521  0.710286  0.495957  -0.807846  0.588660  -0.029400  -0.312832  -0.385971  0.867849  -0.024053  0.026083  0.005439  -0.928405  0.565195  -0.330573  1.000000  
245.733265 0.009495  -0.017089  0.002376  0.500130  0.710779  0.494635  -0.807715  0.588837  -0.029457  -0.312197  -0.384792  0.868601  -0.024270  0.025524  0.005970  -0.941276  0.572371  -0.322966  1.000000  
245.734266 0.009470  -0.017065  0.002385  0.500550  0.711244  0.493540  -0.807651  0.588919  -0.029572  -0.311688  -0.383806  0.869220  -0.024370  0.025127  0.006279  -0.949694  0.580218  -0.319955  1.000000  
245.735515 0.009439  -0.017037  0.002399  0.501159  0.711733  0.492216  -0.807519  0.589097  -0.029631  -0.311052  -0.382624  0.869969  -0.024550  0.024638  0.006771  -0.962014  0.591965  -0.315153  1.000000  
245.736517 0.009412  -0.017016  0.002409  0.501579  0.712194  0.491119  -0.807454  0.589181  -0.029747  -0.310544  -0.381635  0.870584  -0.024802  0.024205  0.007158  -0.972455  0.597023  -0.306215  1.000000  
245.737519 0.009386  -0.016994  0.002421  0.501977  0.712628  0.490083  -0.807353  0.589308  -0.029963  -0.310162  -0.380629  0.871161  -0.025014  0.023662  0.007675  -0.982810  0.598011  -0.299119  1.000000  
245.738523 0.009359  -0.016974  0.002432  0.502563  0.712965  0.488990  -0.807183  0.589539  -0.029980  -0.309653  -0.379638  0.871774  -0.025200  0.023212  0.008202  -0.991052  0.606635  -0.300492  1.000000  
245.739771 0.009324  -0.016948  0.002449  0.503005  0.713567  0.487656  -0.807152  0.589574  -0.030142  -0.309017  -0.378451  0.872515  -0.025531  0.022773  0.008949  -1.000012  0.609155  -0.285816  1.000000  
245.740772 0.009296  -0.016928  0.002463  0.503403  0.713995  0.486617  -0.807050  0.589702  -0.030359  -0.308635  -0.377442  0.873088  -0.025767  0.022438  0.009570  -1.006156  0.610062  -0.278652  1.000000  
245.742020 0.009262  -0.016904  0.002482  0.504011  0.714472  0.485287  -0.806914  0.589885  -0.030422  -0.307999  -0.376252  0.873826  -0.025980  0.022015  0.010411  -1.008319  0.615661  -0.279533  1.000000  
245.743268 0.009227  -0.016879  0.002502  0.504618  0.715005  0.483869  -0.806777  0.590065  -0.030557  -0.307362  -0.374955  0.874607  -0.026174  0.021753  0.011206  -1.017173  0.623126  -0.267263  1.000000  
245.744516 0.009193  -0.016854  0.002522  0.505225  0.715535  0.482449  -0.806639  0.590247  -0.030693  -0.306726  -0.373656  0.875386  -0.026415  0.021381  0.012083  -1.021629  0.626913  -0.266481  1.000000  
245.745764 0.009159  -0.016830  0.002543  0.505688  0.716211  0.480960  -0.806640  0.590239  -0.030829  -0.305961  -0.372371  0.876201  -0.026620  0.021084  0.012716  -1.030459  0.633593  -0.250050  1.000000  
245.747014 0.009125  -0.016806  0.002565  0.506295  0.716794  0.479450  -0.806500  0.590418  -0.031038  -0.305324  -0.370962  0.877020  -0.026805  0.020776  0.013446  -1.040983  0.634628  -0.243283  1.000000  
245.748016 0.009099  -0.016786  0.002583  0.506880  0.717173  0.478263  -0.806326  0.590652  -0.031133  -0.304815  -0.369855  0.877665  -0.026906  0.020516  0.014031  -1.049312  0.638445  -0.242288  1.000000  
245.749268 0.009065  -0.016762  0.002607  0.507486  0.717693  0.476838  -0.806185  0.590837  -0.031272  -0.304178  -0.368550  0.878435  -0.027055  0.020161  0.014821  -1.053596  0.646311  -0.239693  1.000000  
245.750515 0.009031  -0.016738  0.002632  0.508114  0.718294  0.475262  -0.806078  0.590977  -0.031385  -0.303413  -0.367151  0.879284  -0.027236  0.019935  0.015542  -1.061467  0.652987  -0.233378  1.000000  
245.751764 0.008996  -0.016715  0.002658  0.508576  0.718956  0.473765  -0.806074  0.590975  -0.031524  -0.302648  -0.365858  0.880087  -0.027381  0.019616  0.016519  -1.070038  0.655591  -0.218922  1.000000  
245.752765 0.008968  -0.016698  0.002680  0.509181  0.719352  0.472511  -0.805931  0.591170  -0.031522  -0.302010  -0.364761  0.880761  -0.027461  0.019436  0.017152  -1.072243  0.666153  -0.222258  1.000000  
245.753767 0.008939  -0.016680  0.002703  0.509599  0.719843  0.471312  -0.805858  0.591259  -0.031718  -0.301500  -0.363647  0.881396  -0.027542  0.019224  0.017800  -1.082624  0.667374  -0.215358  1.000000  
245.754775 0.008911  -0.016663  0.002727  0.510205  0.720178  0.470143  -0.805713  0.591460  -0.031646  -0.300862  -0.362654  0.882023  -0.027576  0.018991  0.018610  -1.079449  0.676640  -0.216339  1.000000  
245.756021 0.008876  -0.016641  0.002756  0.510831  0.720709  0.468647  -0.805601  0.591610  -0.031691  -0.300096  -0.361354  0.882817  -0.027574  0.018821  0.019374  -1.087848  0.683631  -0.210402  1.000000  
245.757270 0.008841  -0.016619  0.002787  0.511479  0.721262  0.467086  -0.805523  0.591720  -0.031636  -0.299203  -0.360067  0.883645  -0.027633  0.018650  0.020161  -1.090833  0.690268  -0.205530  1.000000  
245.758522 0.008806  -0.016596  0.002818  0.512271  0.721665  0.465594  -0.805304  0.592021  -0.031587  -0.298436  -0.358764  0.884434  -0.027663  0.018453  0.020885  -1.092861  0.696553  -0.210917  1.000000  
245.759764 0.008771  -0.016574  0.002850  0.512897  0.722243  0.464006  -0.805189  0.592170  -0.031706  -0.297670  -0.357351  0.885264  -0.027732  0.018288  0.021678  -1.099498  0.702028  -0.202591  1.000000  
245.760766 0.008744  -0.016556  0.002875  0.513357  0.722771  0.462673  -0.805179  0.592184  -0.031706  -0.296904  -0.356258  0.885962  -0.027716  0.018189  0.022184  -1.103745  0.710002  -0.200040  1.000000  
245.762015 0.008709  -0.016533  0.002908  0.513982  0.723343  0.461082  -0.805062  0.592336  -0.031826  -0.296137  -0.354842  0.886786  -0.027735  0.018115  0.022914  -1.115229  0.716294  -0.194267  1.000000  
245.763015 0.008682  -0.016516  0.002934  0.514607  0.723801  0.459665  -0.804945  0.592497  -0.031804  -0.295370  -0.353639  0.887523  -0.027794  0.018013  0.023413  -1.124883  0.726179  -0.195297  1.000000  
245.764016 0.008653  -0.016498  0.002962  0.515066  0.724322  0.458328  -0.804932  0.592514  -0.031805  -0.294603  -0.352541  0.888214  -0.027949  0.017891  0.024053  -1.129245  0.734249  -0.192832  1.000000  
245.765265 0.008617  -0.016476  0.002995  0.515733  0.724880  0.456692  -0.804879  0.592594  -0.031656  -0.293580  -0.351256  0.889061  -0.028023  0.017817  0.024641  -1.133737  0.746468  -0.188870  1.000000  
245.766267 0.008588  -0.016458  0.003024  0.516357  0.725330  0.455271  -0.804758  0.592759  -0.031636  -0.292812  -0.350048  0.889791  -0.028145  0.017725  0.025202  -1.140103  0.757086  -0.192595  1.000000  
245.767515 0.008550  -0.016437  0.003059  0.517023  0.725938  0.453543  -0.804703  0.592839  -0.031560  -0.291789  -0.348650  0.890675  -0.028358  0.017663  0.025690  -1.145238  0.773777  -0.189731  1.000000  
245.768764 0.008511  -0.016417  0.003095  0.517689  0.726541  0.451814  -0.804645  0.592920  -0.031485  -0.290765  -0.347250  0.891556  -0.028573  0.017545  0.026113  -1.153853  0.785981  -0.185991  1.000000  
245.769768 0.008480  -0.016400  0.003123  0.518291  0.726957  0.450452  -0.804489  0.593128  -0.031568  -0.290125  -0.346023  0.892242  -0.028709  0.017546  0.026435  -1.159982  0.792254  -0.191456  1.000000  
245.771018 0.008440  -0.016379  0.003158  0.518956  0.727555  0.448719  -0.804429  0.593213  -0.031494  -0.289100  -0.344619  0.893118  -0.029032  0.017481  0.026794  -1.168107  0.808594  -0.183369  1.000000  
245.772022 0.008409  -0.016361  0.003186  0.519413  0.728112  0.447284  -0.804410  0.593235  -0.031571  -0.288332  -0.343401  0.893835  -0.029242  0.017479  0.027071  -1.176112  0.816395  -0.181077  1.000000  
245.773270 0.008369  -0.016339  0.003223  0.520242  0.728635  0.445465  -0.804241  0.593470  -0.031479  -0.287306  -0.341884  0.894746  -0.029587  0.017424  0.027452  -1.184780  0.833708  -0.189737  1.000000  
245.774520 0.008330  -0.016317  0.003260  0.520906  0.729276  0.443637  -0.804177  0.593556  -0.031480  -0.286281  -0.340365  0.895653  -0.029881  0.017467  0.027806  -1.193308  0.841723  -0.187910  1.000000  
245.775769 0.008289  -0.016295  0.003298  0.521424  0.730059  0.441736  -0.804251  0.593456  -0.031472  -0.285127  -0.338856  0.896593  -0.030356  0.017348  0.028207  -1.199909  0.855695  -0.176696  1.000000  
245.777015 0.008248  -0.016273  0.003337  0.522086  0.730692  0.439904  -0.804184  0.593546  -0.031474  -0.284101  -0.337332  0.897493  -0.030750  0.017330  0.028591  -1.204617  0.868115  -0.173353  1.000000  
245.778015 0.008215  -0.016256  0.003367  0.522562  0.731258  0.438395  -0.804192  0.593537  -0.031452  -0.283203  -0.336118  0.898232  -0.031087  0.017351  0.028877  -1.211201  0.877384  -0.166472  1.000000  
245.779015 0.008181  -0.016238  0.003399  0.523203  0.731700  0.436891  -0.804091  0.593679  -0.031340  -0.282304  -0.334903  0.898969  -0.031434  0.017311  0.029140  -1.217742  0.892948  -0.166020  1.000000  
245.780016 0.008148  -0.016220  0.003430  0.523699  0.732286  0.435313  -0.804128  0.593635  -0.031218  -0.281277  -0.333699  0.899738  -0.031805  0.017296  0.029460  -1.222031  0.905165  -0.162409  1.000000  
245.781264 0.008105  -0.016200  0.003469  0.524215  0.733103  0.433312  -0.804196  0.593541  -0.031283  -0.280122  -0.332069  0.900701  -0.032189  0.017233  0.029687  -1.232668  0.918308  -0.154524  1.000000  
245.782264 0.008070  -0.016182  0.003501  0.524689  0.733658  0.431796  -0.804199  0.593537  -0.031262  -0.279222  -0.330848  0.901429  -0.032472  0.017265  0.029992  -1.239066  0.924036  -0.146548  1.000000  
245.783267 0.008036  -0.016165  0.003533  0.525163  0.734210  0.430279  -0.804202  0.593535  -0.031241  -0.278323  -0.329625  0.902155  -0.032716  0.017310  0.030133  -1.247798  0.933394  -0.141503  1.000000  
245.784514 0.007993  -0.016143  0.003573  0.525842  0.734841  0.428368  -0.804157  0.593600  -0.031146  -0.277166  -0.328097  0.903068  -0.032996  0.017354  0.030475  -1.256298  0.944637  -0.141562  1.000000  
245.785515 0.007959  -0.016125  0.003605  0.526335  0.735359  0.426870  -0.804188  0.593568  -0.030952  -0.276137  -0.326993  0.903783  -0.033207  0.017440  0.030739  -1.262642  0.954555  -0.131922  1.000000  
245.786517 0.007925  -0.016108  0.003638  0.526808  0.735902  0.425348  -0.804188  0.593570  -0.030932  -0.275237  -0.325764  0.904501  -0.033357  0.017457  0.031105  -1.266890  0.962611  -0.130142  1.000000  
245.787555 0.007891  -0.016090  0.003671  0.527280  0.736443  0.423825  -0.804186  0.593573  -0.030913  -0.274337  -0.324534  0.905216  -0.033490  0.017409  0.031348  -1.276138  0.968719  -0.118671  1.000000  
245.788767 0.007847  -0.016069  0.003714  0.527978  0.737083  0.421839  -0.804166  0.593610  -0.030718  -0.273050  -0.323010  0.906150  -0.033833  0.017415  0.031826  -1.282397  0.982439  -0.115880  1.000000  
245.790017 0.007804  -0.016048  0.003758  0.528489  0.737818  0.419910  -0.804223  0.593534  -0.030713  -0.271891  -0.321470  0.907046  -0.033994  0.017382  0.032205  -1.288488  0.990943  -0.110268  1.000000  
245.791268 0.007761  -0.016026  0.003801  0.529185  0.738398  0.418008  -0.804200  0.593579  -0.030447  -0.270603  -0.320050  0.907933  -0.034177  0.017329  0.032542  -1.288992  1.007520  -0.105797  1.000000  
245.792272 0.007726  -0.016009  0.003837  0.529655  0.738926  0.416478  -0.804193  0.593589  -0.030429  -0.269702  -0.318812  0.908636  -0.034270  0.017289  0.032899  -1.293553  1.013137  -0.102150  1.000000  
245.793513 0.007684  -0.015988  0.003882  0.530165  0.739648  0.414543  -0.804245  0.593518  -0.030424  -0.268542  -0.317265  0.909521  -0.034332  0.017254  0.033203  -1.301680  1.015093  -0.092189  1.000000  
245.794517 0.007650  -0.015971  0.003918  0.530634  0.740169  0.413010  -0.804237  0.593531  -0.030406  -0.267639  -0.316023  0.910219  -0.034378  0.017175  0.033616  -1.306733  1.016897  -0.090030  1.000000  
245.795765 0.007606  -0.015951  0.003964  0.531288  0.740738  0.411144  -0.804147  0.593651  -0.030418  -0.266608  -0.314460  0.911063  -0.034387  0.017174  0.034036  -1.311306  1.021045  -0.090385  1.000000  
245.797014 0.007564  -0.015929  0.004011  0.531981  0.741349  0.409142  -0.804116  0.593704  -0.030227  -0.265318  -0.312917  0.911970  -0.034338  0.017161  0.034514  -1.313008  1.029214  -0.085267  1.000000  
245.798015 0.007531  -0.015912  0.004048  0.532615  0.741689  0.407699  -0.803994  0.593878  -0.030055  -0.264415  -0.311780  0.912621  -0.034258  0.017146  0.034933  -1.311761  1.031604  -0.092960  1.000000  
245.799264 0.007489  -0.015891  0.004096  0.533287  0.742269  0.405760  -0.803929  0.593969  -0.029968  -0.263254  -0.310221  0.913488  -0.034179  0.017099  0.035445  -1.316814  1.037657  -0.089636  1.000000  
245.800266 0.007456  -0.015874  0.004135  0.533754  0.742774  0.404219  -0.803915  0.593990  -0.029953  -0.262350  -0.308970  0.914172  -0.034073  0.017060  0.035974  -1.318388  1.041589  -0.085736  1.000000  
245.801267 0.007423  -0.015857  0.004175  0.534221  0.743277  0.402676  -0.803899  0.594011  -0.029938  -0.261446  -0.307717  0.914853  -0.033987  0.017021  0.036425  -1.324765  1.043516  -0.079574  1.000000  
245.802514 0.007382  -0.015836  0.004226  0.534891  0.743845  0.400731  -0.803831  0.594108  -0.029853  -0.260283  -0.306152  0.915709  -0.033981  0.016991  0.037067  -1.325331  1.047678  -0.080103  1.000000  
245.803518 0.007349  -0.015819  0.004266  0.535542  0.744193  0.399213  -0.803732  0.594256  -0.029582  -0.259250  -0.305018  0.916381  -0.033726  0.016918  0.037389  -1.319600  1.058056  -0.084877  1.000000  
245.804518 0.007316  -0.015804  0.004307  0.536007  0.744639  0.397756  -0.803713  0.594286  -0.029497  -0.258345  -0.303871  0.917017  -0.033679  0.016830  0.037736  -1.317879  1.055799  -0.080242  1.000000  
245.805521 0.007283  -0.015787  0.004347  0.536472  0.745081  0.396297  -0.803693  0.594317  -0.029412  -0.257440  -0.302723  0.917651  -0.033558  0.016786  0.038141  -1.312965  1.055987  -0.085708  1.000000  
245.806522 0.007250  -0.015771  0.004388  0.537102  0.745447  0.394753  -0.803561  0.594499  -0.029318  -0.256535  -0.301462  0.918319  -0.033448  0.016725  0.038528  -1.313147  1.059982  -0.085839  1.000000  
245.807769 0.007209  -0.015751  0.004439  0.537604  0.746025  0.392974  -0.803596  0.594459  -0.029173  -0.255371  -0.300109  0.919087  -0.033364  0.016622  0.038943  -1.305556  1.059914  -0.087780  1.000000  
245.809014 0.007168  -0.015731  0.004492  0.538271  0.746524  0.391109  -0.803519  0.594571  -0.029021  -0.254207  -0.298643  0.919887  -0.033270  0.016532  0.039516  -1.303455  1.059601  -0.085908  1.000000  
245.810019 0.007135  -0.015716  0.004534  0.538919  0.746808  0.389673  -0.803412  0.594732  -0.028683  -0.253171  -0.297610  0.920507  -0.033182  0.016462  0.039910  -1.292416  1.066142  -0.096135  1.000000  
