1-Time 2-Px 3-Py 4-Pz 5-R11 6-R21 7-R31 8-R12 9-R22 10-R32 11-R13 12-R23 13-R33 14-Vx 15-Vy 16-Vz 17-Wx 18-Wy 19-Wz 20-state
46.817803 0.016700  0.001819  0.009283  0.039838  0.966688  0.252837  -0.962192  -0.031120  0.270589  0.269444  -0.254058  0.928900  -0.001277  -0.001415  -0.003808  -0.202810  -0.318147  -0.730156  1.000000  
46.818982 0.016700  0.001817  0.009279  0.040436  0.966704  0.252680  -0.962239  -0.030455  0.270497  0.269186  -0.254077  0.928969  0.000647  -0.001608  -0.004095  -0.202451  -0.300869  -0.725436  1.000000  
46.819984 0.016693  0.001811  0.009270  0.040637  0.966708  0.252635  -0.962303  -0.030188  0.270301  0.268928  -0.254096  0.929039  -0.003160  -0.003677  -0.006504  -0.198360  -0.295646  -0.710216  1.000000  
46.821230 0.016682  0.001803  0.009257  0.040637  0.966708  0.252635  -0.962303  -0.030188  0.270301  0.268928  -0.254096  0.929039  -0.005446  -0.004827  -0.008093  -0.190598  -0.276850  -0.677907  1.000000  
46.822241 0.016676  0.001797  0.009248  0.040836  0.966713  0.252585  -0.962330  -0.029955  0.270229  0.268800  -0.254105  0.929073  -0.005638  -0.004970  -0.008180  -0.186244  -0.267064  -0.659623  1.000000  
46.823496 0.016671  0.001793  0.009240  0.041431  0.966731  0.252418  -0.962305  -0.029358  0.270385  0.268800  -0.254105  0.929073  -0.005206  -0.004601  -0.007795  -0.184077  -0.247013  -0.647045  1.000000  
46.824736 0.016662  0.001788  0.009232  0.041627  0.966738  0.252357  -0.962260  -0.029193  0.270561  0.268928  -0.254096  0.929039  -0.005583  -0.004472  -0.007535  -0.174199  -0.226350  -0.620850  1.000000  
46.825981 0.016648  0.001786  0.009223  0.041626  0.966740  0.252351  -0.962224  -0.029227  0.270685  0.269057  -0.254086  0.929004  -0.006386  -0.004104  -0.007475  -0.167011  -0.208197  -0.590777  1.000000  
46.826981 0.016637  0.001785  0.009215  0.041624  0.966772  0.252229  -0.962188  -0.029228  0.270813  0.269186  -0.253964  0.929000  -0.006984  -0.003685  -0.007547  -0.165289  -0.191921  -0.565737  1.000000  
46.828234 0.016625  0.001787  0.009205  0.041623  0.966773  0.252223  -0.962152  -0.029262  0.270937  0.269315  -0.253954  0.928965  -0.007279  -0.003087  -0.007571  -0.157619  -0.168777  -0.532101  1.000000  
46.829479 0.016614  0.001787  0.009194  0.041619  0.966807  0.252095  -0.962080  -0.029297  0.271189  0.269573  -0.253823  0.928927  -0.007404  -0.002727  -0.007721  -0.154070  -0.145670  -0.498440  1.000000  
46.830479 0.016605  0.001788  0.009185  0.041814  0.966846  0.251912  -0.962000  -0.029133  0.271492  0.269830  -0.253691  0.928888  -0.007579  -0.002475  -0.007839  -0.150288  -0.123421  -0.478735  1.000000  
46.831729 0.016589  0.001787  0.009173  0.042008  0.966918  0.251605  -0.961883  -0.028969  0.271924  0.270217  -0.253437  0.928845  -0.008050  -0.002336  -0.008034  0.000000  0.000000  0.000000  1.000000  
46.832730 0.016575  0.001784  0.009162  0.042402  0.966962  0.251370  -0.961829  -0.028572  0.272155  0.270346  -0.253315  0.928841  -0.008471  -0.002362  -0.008224  0.000000  0.000000  0.000000  1.000000  
46.833979 0.016556  0.001777  0.009146  0.042795  0.967037  0.251012  -0.961739  -0.028175  0.272514  0.270603  -0.253071  0.928832  -0.009620  -0.002699  -0.008877  0.000000  0.000000  0.000000  1.000000  
46.835229 0.016538  0.001768  0.009129  0.043387  0.967117  0.250604  -0.961676  -0.027546  0.272799  0.270732  -0.252836  0.928859  -0.010218  -0.002767  -0.009205  0.000000  0.000000  0.000000  1.000000  
46.836481 0.016522  0.001762  0.009115  0.044178  0.967171  0.250256  -0.961604  -0.026750  0.273133  0.270861  -0.252714  0.928854  -0.010564  -0.002585  -0.009295  0.000000  0.000000  0.000000  1.000000  
46.837728 0.016509  0.001757  0.009105  0.044969  0.967223  0.249914  -0.961568  -0.025920  0.273342  0.270861  -0.252601  0.928885  -0.010949  -0.002585  -0.009293  -0.146860  0.140499  -0.232053  1.000000  
46.838738 0.016500  0.001752  0.009096  0.045761  0.967244  0.249689  -0.961530  -0.025124  0.273548  0.270861  -0.252601  0.928885  -0.011334  -0.002674  -0.009491  -0.150437  0.143717  -0.257612  1.000000  
46.839982 0.016488  0.001745  0.009083  0.046751  0.967270  0.249407  -0.961483  -0.024128  0.273805  0.270861  -0.252601  0.928885  -0.011416  -0.002834  -0.009835  -0.154562  0.147436  -0.286481  1.000000  
46.840989 0.016480  0.001739  0.009071  0.047345  0.967254  0.249355  -0.961454  -0.023564  0.273956  0.270861  -0.252714  0.928854  -0.011199  -0.003139  -0.010234  -0.149784  0.147806  -0.298872  1.000000  
46.842235 0.016471  0.001732  0.009054  0.048534  0.967281  0.249023  -0.961430  -0.022336  0.274140  0.270732  -0.252723  0.928889  -0.010866  -0.003655  -0.010654  -0.155821  0.147797  -0.332271  1.000000  
46.843482 0.016465  0.001727  0.009037  0.049922  0.967310  0.248634  -0.961396  -0.020908  0.274374  0.270603  -0.252733  0.928924  -0.010543  -0.004053  -0.011099  -0.163437  0.149830  -0.369893  1.000000  
46.844482 0.016459  0.001722  0.009025  0.050715  0.967325  0.248414  -0.961390  -0.020077  0.274455  0.270474  -0.252742  0.928959  -0.010348  -0.004468  -0.011312  -0.165630  0.147181  -0.386127  1.000000  
46.845729 0.016450  0.001715  0.009008  0.051709  0.967342  0.248145  -0.961410  -0.019014  0.274462  0.270217  -0.252761  0.929029  -0.010019  -0.004918  -0.011708  -0.168145  0.140671  -0.405786  1.000000  
46.846729 0.016440  0.001708  0.008994  0.052504  0.967353  0.247933  -0.961439  -0.018150  0.274418  0.269959  -0.252780  0.929099  -0.009839  -0.005284  -0.011979  -0.169963  0.134061  -0.420735  1.000000  
46.847729 0.016430  0.001700  0.008980  0.053300  0.967394  0.247603  -0.961468  -0.017253  0.274376  0.269702  -0.252686  0.929199  -0.009636  -0.005612  -0.012124  -0.175729  0.127871  -0.434693  1.000000  
46.848731 0.016420  0.001691  0.008967  0.054096  0.967404  0.247391  -0.961496  -0.016388  0.274331  0.269444  -0.252705  0.929269  -0.009215  -0.005805  -0.012120  -0.177942  0.130365  -0.444105  1.000000  
46.849979 0.016409  0.001682  0.008952  0.055090  0.967477  0.246888  -0.961511  -0.015259  0.274341  0.269186  -0.252499  0.929399  -0.008714  -0.005828  -0.011971  -0.191422  0.135519  -0.463228  1.000000  
46.851229 0.016398  0.001676  0.008941  0.056086  0.967516  0.246510  -0.961562  -0.014128  0.274225  0.268800  -0.252414  0.929534  -0.008444  -0.005826  -0.011806  -0.204569  0.131261  -0.498608  1.000000  
46.852481 0.016386  0.001671  0.008929  0.056882  0.967553  0.246181  -0.961587  -0.013231  0.274181  0.268542  -0.252320  0.929634  -0.008389  -0.005810  -0.011930  -0.212228  0.130430  -0.512648  1.000000  
46.853482 0.016377  0.001667  0.008917  0.057678  0.967560  0.245970  -0.961612  -0.012367  0.274135  0.268284  -0.252339  0.929704  -0.008384  -0.005785  -0.012122  -0.215900  0.125336  -0.527908  1.000000  
46.854732 0.016366  0.001662  0.008899  0.058476  0.967593  0.245650  -0.961671  -0.011436  0.273967  0.267897  -0.252255  0.929838  -0.008280  -0.005634  -0.012476  -0.225335  0.113271  -0.551609  1.000000  
46.855735 0.016357  0.001658  0.008884  0.059077  0.967594  0.245503  -0.961742  -0.010737  0.273746  0.267511  -0.252283  0.929942  -0.008295  -0.005497  -0.012685  -0.232651  0.102095  -0.580114  1.000000  
46.856737 0.016348  0.001654  0.008869  0.059673  0.967598  0.245342  -0.961741  -0.010106  0.273773  0.267382  -0.252292  0.929976  -0.008440  -0.005386  -0.012821  -0.234130  0.098631  -0.601742  1.000000  
46.857986 0.016334  0.001649  0.008851  0.060271  0.967570  0.245306  -0.961776  -0.009474  0.273675  0.267124  -0.252424  0.930015  -0.008978  -0.005322  -0.012868  -0.235607  0.090921  -0.624654  1.000000  
46.859229 0.016318  0.001643  0.008834  0.061068  0.967544  0.245213  -0.961797  -0.008643  0.273627  0.266866  -0.252555  0.930053  -0.009512  -0.005351  -0.012938  -0.234896  0.080580  -0.655160  1.000000  
46.860234 0.016303  0.001637  0.008820  0.061468  0.967543  0.245116  -0.961843  -0.008177  0.273480  0.266608  -0.252574  0.930122  -0.010116  -0.005398  -0.013014  -0.232639  0.064926  -0.666223  1.000000  
46.861480 0.016282  0.001630  0.008804  0.062067  0.967514  0.245081  -0.961876  -0.007545  0.273382  0.266350  -0.252705  0.930160  -0.010713  -0.005280  -0.012912  -0.224194  0.046697  -0.685067  1.000000  
46.862736 0.016258  0.001623  0.008787  0.062864  0.967486  0.244989  -0.961896  -0.006714  0.273335  0.266092  -0.252837  0.930198  -0.011497  -0.005103  -0.012861  -0.215619  0.032792  -0.702472  1.000000  
46.863979 0.016234  0.001615  0.008768  0.063465  0.967483  0.244845  -0.961963  -0.006015  0.273113  0.265705  -0.252865  0.930301  -0.012350  -0.004946  -0.013111  -0.211535  0.015409  -0.707501  1.000000  
46.865229 0.016212  0.001609  0.008749  0.064066  0.967450  0.244818  -0.962030  -0.005350  0.272891  0.265318  -0.253006  0.930373  -0.013078  -0.004772  -0.013506  -0.199374  -0.000234  -0.712637  1.000000  
46.866234 0.016196  0.001606  0.008732  0.064467  0.967448  0.244723  -0.962074  -0.004884  0.272743  0.265060  -0.253024  0.930442  -0.013550  -0.004641  -0.013960  -0.193192  -0.016793  -0.709220  1.000000  
46.867479 0.016175  0.001606  0.008712  0.065066  0.967446  0.244571  -0.962105  -0.004219  0.272646  0.264802  -0.253043  0.930510  -0.014024  -0.004362  -0.014457  -0.187475  -0.025298  -0.705768  1.000000  
46.868482 0.016159  0.001605  0.008694  0.065662  0.967416  0.244528  -0.962100  -0.003620  0.272673  0.264673  -0.253165  0.930514  -0.014515  -0.004150  -0.014835  -0.181570  -0.031295  -0.700651  1.000000  
46.869729 0.016139  0.001604  0.008673  0.066459  0.967414  0.244321  -0.962116  -0.002756  0.272625  0.264415  -0.253184  0.930582  -0.015128  -0.003887  -0.015044  -0.179641  -0.041631  -0.696624  1.000000  
46.870979 0.016120  0.001601  0.008652  0.067257  0.967382  0.244231  -0.962132  -0.001925  0.272578  0.264157  -0.253315  0.930619  -0.015658  -0.003698  -0.015194  -0.179593  -0.050159  -0.699156  1.000000  
46.871985 0.016104  0.001597  0.008637  0.067856  0.967349  0.244198  -0.962161  -0.001293  0.272480  0.263899  -0.253447  0.930657  -0.016141  -0.003735  -0.015170  -0.171282  -0.060106  -0.686717  1.000000  
46.873232 0.016083  0.001591  0.008620  0.068656  0.967312  0.244117  -0.962210  -0.000428  0.272308  0.263512  -0.253587  0.930728  -0.016516  -0.003835  -0.015204  -0.161486  -0.073985  -0.669817  1.000000  
46.874483 0.016061  0.001584  0.008600  0.069654  0.967246  0.244098  -0.962244  0.000603  0.272187  0.263124  -0.253841  0.930769  -0.016936  -0.003809  -0.015326  -0.153135  -0.082554  -0.672109  1.000000  
46.875757 0.016039  0.001578  0.008580  0.070652  0.967208  0.243963  -0.962277  0.001668  0.272066  0.262737  -0.253982  0.930840  -0.017031  -0.003747  -0.015536  -0.148725  -0.086764  -0.672791  1.000000  
46.876981 0.016019  0.001571  0.008557  0.071848  0.967138  0.243889  -0.962294  0.002898  0.271995  0.262350  -0.254235  0.930880  -0.016871  -0.003682  -0.016024  -0.142303  -0.084993  -0.679943  1.000000  
46.878229 0.016000  0.001564  0.008532  0.073048  0.967064  0.243825  -0.962345  0.004162  0.271800  0.261833  -0.254498  0.930953  -0.016521  -0.003637  -0.016481  -0.131704  -0.091888  -0.689064  1.000000  
46.879480 0.015981  0.001558  0.008507  0.074247  0.966989  0.243762  -0.962393  0.005427  0.271606  0.261317  -0.254761  0.931027  -0.016261  -0.003636  -0.016898  -0.120968  -0.094379  -0.696556  1.000000  
46.880485 0.015967  0.001554  0.008488  0.075447  0.966941  0.243582  -0.962440  0.006724  0.271411  0.260800  -0.254911  0.931130  -0.016086  -0.003658  -0.017127  -0.116201  -0.099509  -0.711749  1.000000  
46.881729 0.015950  0.001551  0.008464  0.076850  0.966855  0.243485  -0.962539  0.008256  0.271018  0.260025  -0.255192  0.931270  -0.015822  -0.003724  -0.017406  -0.109126  -0.111544  -0.736030  1.000000  
46.882979 0.015935  0.001548  0.008441  0.078452  0.966765  0.243334  -0.962619  0.009987  0.270676  0.259250  -0.255473  0.931409  -0.015463  -0.003819  -0.017543  -0.102970  -0.120786  -0.760250  1.000000  
46.883979 0.015923  0.001544  0.008423  0.079656  0.966708  0.243168  -0.962694  0.011319  0.270357  0.258604  -0.255632  0.931545  -0.015171  -0.004031  -0.017501  -0.098947  -0.126935  -0.781984  1.000000  
46.885229 0.015907  0.001537  0.008401  0.081261  0.966609  0.243030  -0.962802  0.013084  0.269890  0.257699  -0.255922  0.931716  -0.014971  -0.004410  -0.017563  -0.098596  -0.134271  -0.812446  1.000000  
46.886229 0.015893  0.001531  0.008384  0.082465  0.966548  0.242867  -0.962873  0.014416  0.269571  0.257052  -0.256080  0.931851  -0.014852  -0.004644  -0.017715  -0.099581  -0.141843  -0.835074  1.000000  
46.887480 0.015876  0.001523  0.008363  0.084075  0.966440  0.242744  -0.963009  0.016215  0.268981  0.256018  -0.256379  0.932054  -0.014671  -0.004763  -0.017881  -0.102205  -0.160483  -0.867843  1.000000  
46.888493 0.015861  0.001516  0.008345  0.085084  0.966376  0.242650  -0.963126  0.017383  0.268487  0.255242  -0.256547  0.932221  -0.014481  -0.004918  -0.018121  -0.102138  -0.175520  -0.892598  1.000000  
46.889730 0.015842  0.001506  0.008323  0.086701  0.966256  0.242554  -0.963324  0.019251  0.267649  0.253948  -0.256863  0.932487  -0.014285  -0.005113  -0.018273  -0.105616  -0.203885  -0.928178  1.000000  
46.890740 0.015826  0.001498  0.008303  0.088111  0.966176  0.242364  -0.963435  0.020851  0.267131  0.253042  -0.257039  0.932685  -0.014234  -0.005314  -0.018473  -0.113143  -0.220000  -0.967500  1.000000  
46.891981 0.015807  0.001490  0.008280  0.089725  0.966053  0.242263  -0.963591  0.022686  0.266417  0.251877  -0.257346  0.932915  -0.014124  -0.005452  -0.018490  -0.113341  -0.241434  -1.008507  1.000000  
46.893228 0.015786  0.001481  0.008258  0.091344  0.965952  0.242059  -0.963777  0.024587  0.265575  0.250582  -0.257549  0.933208  -0.014299  -0.005537  -0.018319  -0.120481  -0.260610  -1.040617  1.000000  
46.894231 0.015768  0.001475  0.008241  0.092758  0.965831  0.242006  -0.963910  0.026190  0.264936  0.249545  -0.257847  0.933404  -0.014474  -0.005616  -0.018078  -0.119854  -0.281614  -1.082611  1.000000  
46.895481 0.015744  0.001468  0.008220  0.094580  0.965685  0.241883  -0.964101  0.028293  0.264023  0.248120  -0.258171  0.933694  -0.014843  -0.005703  -0.017852  -0.125502  -0.305372  -1.130881  1.000000  
46.896485 0.015726  0.001465  0.008204  0.096002  0.965550  0.241860  -0.964293  0.029964  0.263135  0.246823  -0.258486  0.933950  -0.015180  -0.005821  -0.017624  -0.125445  -0.335311  -1.173905  1.000000  
46.897729 0.015701  0.001459  0.008184  0.097828  0.965393  0.241758  -0.964507  0.032103  0.262099  0.245267  -0.258818  0.934268  -0.015807  -0.005963  -0.017439  -0.129244  -0.369602  -1.218629  1.000000  
46.898729 0.015678  0.001452  0.008168  0.099050  0.965262  0.241783  -0.964678  0.033542  0.261286  0.244099  -0.259123  0.934490  -0.016496  -0.006184  -0.017305  -0.125582  -0.394440  -1.246595  1.000000  
46.899979 0.015648  0.001442  0.008147  0.100878  0.965067  0.241806  -0.964882  0.035650  0.260254  0.242542  -0.259568  0.934772  -0.017565  -0.006420  -0.017205  -0.126934  -0.426801  -1.297686  1.000000  
46.901229 0.015616  0.001433  0.008127  0.102511  0.964900  0.241782  -0.965132  0.037625  0.259044  0.240854  -0.259907  0.935114  -0.018556  -0.006556  -0.017155  -0.128716  -0.467111  -1.337111  1.000000  
46.902504 0.015583  0.001423  0.008105  0.104341  0.964726  0.241697  -0.965324  0.039765  0.258008  0.239296  -0.260237  0.935422  -0.019514  -0.006679  -0.017076  -0.132053  -0.496457  -1.379253  1.000000  
46.903732 0.015550  0.001412  0.008085  0.105975  0.964521  0.241801  -0.965563  0.041711  0.256803  0.237606  -0.260689  0.935727  -0.020499  -0.006816  -0.017042  -0.128671  -0.532575  -1.408059  1.000000  
46.904749 0.015522  0.001404  0.008068  0.107405  0.964359  0.241817  -0.965756  0.043420  0.255793  0.236177  -0.261009  0.935999  -0.021371  -0.006765  -0.016861  -0.127892  -0.567424  -1.441729  1.000000  
46.905989 0.015487  0.001395  0.008049  0.109443  0.964154  0.241721  -0.965971  0.045829  0.254559  0.234356  -0.261355  0.936360  -0.022457  -0.006767  -0.016599  -0.135115  -0.605868  -1.488046  1.000000  
46.906998 0.015459  0.001388  0.008035  0.110878  0.963981  0.241759  -0.966185  0.047574  0.253424  0.232795  -0.261683  0.936658  -0.023317  -0.006751  -0.016228  -0.133159  -0.640788  -1.511823  1.000000  
46.908236 0.015423  0.001380  0.008019  0.112718  0.963746  0.241843  -0.966409  0.049755  0.252147  0.230973  -0.262141  0.936981  -0.024303  -0.006780  -0.015932  -0.132709  -0.678471  -1.544438  1.000000  
46.909481 0.015387  0.001372  0.008002  0.114360  0.963547  0.241867  -0.966650  0.051770  0.250814  0.229150  -0.262484  0.937333  -0.025188  -0.006769  -0.015578  -0.134528  -0.717730  -1.569896  1.000000  
46.910733 0.015350  0.001365  0.007985  0.116209  0.963294  0.241992  -0.966921  0.054022  0.249289  0.227065  -0.262957  0.937707  -0.026113  -0.006893  -0.015394  -0.130289  -0.763012  -1.590283  1.000000  
46.911979 0.015314  0.001359  0.007966  0.118258  0.963024  0.242073  -0.967160  0.056474  0.247814  0.224980  -0.263429  0.938077  -0.026801  -0.006907  -0.015302  -0.129310  -0.800433  -1.622621  1.000000  
46.913227 0.015275  0.001349  0.007947  0.120106  0.962765  0.242196  -0.967386  0.058693  0.246415  0.223024  -0.263892  0.938414  -0.027665  -0.007083  -0.015275  -0.120946  -0.837206  -1.640769  1.000000  
46.914228 0.015243  0.001340  0.007931  0.121548  0.962563  0.242277  -0.967595  0.060477  0.245158  0.221328  -0.264225  0.938722  -0.028239  -0.007220  -0.015263  -0.120972  -0.869535  -1.657427  1.000000  
46.915478 0.015203  0.001329  0.007911  0.123599  0.962277  0.242377  -0.967810  0.062931  0.243685  0.219240  -0.264694  0.939080  -0.028836  -0.007272  -0.015178  -0.114804  -0.899373  -1.675553  1.000000  
46.916479 0.015171  0.001321  0.007897  0.125042  0.962038  0.242585  -0.968008  0.064686  0.242438  0.217543  -0.265139  0.939349  -0.029318  -0.007317  -0.014990  -0.109827  -0.932168  -1.697369  1.000000  
46.917727 0.015130  0.001310  0.007880  0.127099  0.961707  0.242830  -0.968237  0.067148  0.240850  0.215322  -0.265729  0.939694  -0.029798  -0.007409  -0.014771  -0.100194  -0.965224  -1.728809  1.000000  
46.918731 0.015098  0.001302  0.007866  0.128750  0.961436  0.243031  -0.968452  0.069173  0.239405  0.213362  -0.266188  0.940011  -0.030130  -0.007385  -0.014597  -0.094226  -0.994108  -1.746171  1.000000  
46.919978 0.015058  0.001290  0.007850  0.131015  0.961068  0.243275  -0.968693  0.071906  0.237621  0.210877  -0.266791  0.940401  -0.030468  -0.007440  -0.014353  -0.088279  -1.030811  -1.778378  1.000000  
46.920979 0.015027  0.001282  0.007836  0.132464  0.960807  0.243521  -0.968893  0.073700  0.236253  0.209046  -0.267241  0.940682  -0.030701  -0.007531  -0.014231  -0.078092  -1.056108  -1.786494  1.000000  
46.921981 0.014996  0.001274  0.007822  0.134117  0.960522  0.243740  -0.969087  0.075728  0.234810  0.207083  -0.267697  0.940986  -0.030889  -0.007612  -0.014239  -0.075083  -1.086063  -1.809603  1.000000  
46.922981 0.014965  0.001266  0.007808  0.135970  0.960217  0.243916  -0.969246  0.077955  0.233419  0.205119  -0.268153  0.941286  -0.031018  -0.007699  -0.014278  -0.066691  -1.114317  -1.838024  1.000000  
46.923981 0.014933  0.001258  0.007794  0.137827  0.959901  0.244116  -0.969425  0.080218  0.231905  0.203023  -0.268615  0.941609  -0.031235  -0.007793  -0.014303  -0.062139  -1.140272  -1.861459  1.000000  
46.925230 0.014893  0.001248  0.007776  0.140295  0.959484  0.244351  -0.969589  0.083153  0.230178  0.200533  -0.269213  0.941972  -0.031483  -0.007987  -0.014431  -0.056936  -1.172981  -1.892071  1.000000  
46.926479 0.014852  0.001238  0.007758  0.142963  0.959040  0.244549  -0.969712  0.086287  0.228503  0.198042  -0.269810  0.942328  -0.031853  -0.008325  -0.014427  -0.054664  -1.190315  -1.927274  1.000000  
46.927487 0.014817  0.001228  0.007744  0.145022  0.958686  0.244725  -0.969832  0.088750  0.227043  0.195943  -0.270269  0.942635  -0.032057  -0.008541  -0.014339  -0.049658  -1.214440  -1.954899  1.000000  
46.928489 0.014781  0.001217  0.007730  0.147288  0.958295  0.244900  -0.969965  0.091483  0.225385  0.193581  -0.270741  0.942988  -0.032365  -0.008679  -0.014160  -0.050357  -1.243367  -1.999252  1.000000  
46.929729 0.014736  0.001203  0.007713  0.149770  0.957856  0.245115  -0.970157  0.094557  0.223279  0.190692  -0.271241  0.943433  -0.032744  -0.008838  -0.014017  -0.051269  -1.280570  -2.032865  1.000000  
46.930979 0.014690  0.001191  0.007698  0.152249  0.957382  0.245438  -0.970310  0.097568  0.221312  0.187933  -0.271846  0.943812  -0.033140  -0.008956  -0.013764  -0.042785  -1.307152  -2.062635  1.000000  
46.932229 0.014642  0.001179  0.007682  0.155135  0.956846  0.245722  -0.970434  0.101047  0.219199  0.184910  -0.272463  0.944231  -0.033614  -0.009062  -0.013591  -0.040812  -1.345481  -2.119226  1.000000  
46.933230 0.014604  0.001168  0.007669  0.157404  0.956390  0.246053  -0.970517  0.103756  0.217560  0.182542  -0.273043  0.944524  -0.034055  -0.009163  -0.013555  -0.038262  -1.368304  -2.152843  1.000000  
46.934482 0.014556  0.001155  0.007652  0.160491  0.955809  0.246318  -0.970575  0.107434  0.215502  0.179516  -0.273657  0.944926  -0.034599  -0.009306  -0.013583  -0.035989  -1.393141  -2.210595  1.000000  
46.935729 0.014507  0.001143  0.007634  0.163374  0.955242  0.246622  -0.970626  0.110879  0.213522  0.176619  -0.274261  0.945297  -0.035183  -0.009424  -0.013744  -0.033406  -1.419132  -2.248023  1.000000  
46.936981 0.014456  0.001131  0.007615  0.166662  0.954609  0.246873  -0.970613  0.114755  0.211521  0.173590  -0.274870  0.945681  -0.036016  -0.009535  -0.013800  -0.030599  -1.439848  -2.305125  1.000000  
46.937986 0.014416  0.001121  0.007602  0.169138  0.954076  0.247247  -0.970653  0.117736  0.209693  0.170954  -0.275458  0.945990  -0.036661  -0.009710  -0.013729  -0.026766  -1.470211  -2.351536  1.000000  
46.939234 0.014362  0.001108  0.007584  0.171830  0.953483  0.247677  -0.970732  0.121059  0.207421  0.167789  -0.276069  0.946379  -0.037603  -0.009900  -0.013730  -0.020774  -1.502839  -2.397754  1.000000  
46.940238 0.014319  0.001097  0.007570  0.174307  0.952931  0.248074  -0.970743  0.124042  0.205599  0.165150  -0.276653  0.946672  -0.038310  -0.010074  -0.013634  -0.015248  -1.522250  -2.439785  1.000000  
46.941481 0.014262  0.001084  0.007554  0.177202  0.952282  0.248511  -0.970775  0.127600  0.203259  0.161850  -0.277266  0.947063  -0.039329  -0.010243  -0.013557  -0.011263  -1.552744  -2.479396  1.000000  
46.942729 0.014203  0.001070  0.007538  0.180097  0.951621  0.248964  -0.970787  0.131159  0.200923  0.158549  -0.277876  0.947442  -0.040321  -0.010329  -0.013508  -0.008579  -1.585213  -2.526096  1.000000  
46.943731 0.014155  0.001059  0.007525  0.182169  0.951097  0.249455  -0.970807  0.133715  0.199132  0.156038  -0.278449  0.947691  -0.041261  -0.010348  -0.013428  -0.000100  -1.604311  -2.554477  1.000000  
46.944979 0.014094  0.001047  0.007510  0.184263  0.950556  0.249982  -0.970937  0.136517  0.196580  0.152733  -0.278939  0.948085  -0.042187  -0.010268  -0.013407  0.001337  -1.641877  -2.567486  1.000000  
46.945979 0.014045  0.001037  0.007496  0.186342  0.950034  0.250425  -0.970974  0.139173  0.194528  0.149956  -0.279405  0.948391  -0.043034  -0.010270  -0.013475  0.006022  -1.674050  -2.599583  1.000000  
46.947229 0.013983  0.001026  0.007479  0.189238  0.949321  0.250955  -0.970939  0.142771  0.192079  0.146515  -0.280011  0.948750  -0.043932  -0.010175  -0.013551  0.006984  -1.699465  -2.637626  1.000000  
46.948229 0.013933  0.001018  0.007464  0.191316  0.948782  0.251420  -0.970947  0.145428  0.190032  0.143735  -0.280471  0.949039  -0.044701  -0.010050  -0.013675  0.009332  -1.725185  -2.661690  1.000000  
46.949479 0.013870  0.001007  0.007446  0.194014  0.948068  0.252042  -0.970935  0.148870  0.187414  0.140159  -0.281077  0.949395  -0.045721  -0.009877  -0.013732  0.013020  -1.751050  -2.688118  1.000000  
46.950482 0.013819  0.000999  0.007432  0.196286  0.947488  0.252466  -0.970857  0.151686  0.185549  0.137509  -0.281529  0.949649  -0.046620  -0.009751  -0.013653  0.014340  -1.765688  -2.715465  1.000000  
46.951729 0.013756  0.000989  0.007416  0.199178  0.946727  0.253053  -0.970750  0.155287  0.183114  0.134063  -0.282124  0.949965  -0.047504  -0.009598  -0.013551  0.015864  -1.790761  -2.753339  1.000000  
46.952979 0.013690  0.000979  0.007399  0.202069  0.945952  0.253657  -0.970622  0.158889  0.180683  0.130615  -0.282716  0.950269  -0.048404  -0.009445  -0.013580  0.018851  -1.813260  -2.783305  1.000000  
46.954229 0.013623  0.000969  0.007381  0.204766  0.945182  0.254366  -0.970550  0.162370  0.177956  0.126899  -0.283315  0.950594  -0.049281  -0.009258  -0.013525  0.024665  -1.843825  -2.801672  1.000000  
46.955238 0.013570  0.000961  0.007367  0.207233  0.944527  0.254801  -0.970370  0.165382  0.176156  0.124245  -0.283757  0.950813  -0.050030  -0.009071  -0.013541  0.026507  -1.861562  -2.827256  1.000000  
46.956485 0.013501  0.000950  0.007350  0.210123  0.943705  0.255477  -0.970201  0.169022  0.173614  0.120659  -0.284345  0.951099  -0.050760  -0.008828  -0.013556  0.035114  -1.890727  -2.852351  1.000000  
46.957732 0.013434  0.000940  0.007331  0.213010  0.942870  0.256171  -0.970011  0.172661  0.171077  0.117072  -0.284929  0.951372  -0.051344  -0.008577  -0.013756  0.041937  -1.915448  -2.864641  1.000000  
46.958733 0.013379  0.000933  0.007316  0.215077  0.942277  0.256625  -0.969887  0.175343  0.169036  0.114281  -0.285253  0.951615  -0.051786  -0.008374  -0.013972  0.042676  -1.929443  -2.875518  1.000000  
46.959734 0.013325  0.000927  0.007301  0.217139  0.941653  0.257176  -0.969738  0.177967  0.167144  0.111623  -0.285687  0.951800  -0.052143  -0.008137  -0.014136  0.048314  -1.937024  -2.879960  1.000000  
46.960980 0.013257  0.000919  0.007282  0.219625  0.940881  0.257892  -0.969599  0.181277  0.164366  0.107899  -0.286151  0.952090  -0.052605  -0.007865  -0.014330  0.052669  -1.963067  -2.882581  1.000000  
46.962229 0.013189  0.000913  0.007262  0.222106  0.940074  0.258710  -0.969427  0.184530  0.161739  0.104307  -0.286724  0.952318  -0.052965  -0.007534  -0.014434  0.061877  -1.982029  -2.878573  1.000000  
46.963229 0.013133  0.000907  0.007248  0.223969  0.939477  0.259269  -0.969309  0.187055  0.159532  0.101379  -0.287042  0.952538  -0.053356  -0.007295  -0.014431  0.061636  -2.001708  -2.872150  1.000000  
46.964481 0.013065  0.000903  0.007230  0.226249  0.938712  0.260060  -0.969162  0.190173  0.156712  0.097651  -0.287496  0.952791  -0.053687  -0.006929  -0.014436  0.068872  -2.029371  -2.854381  1.000000  
46.965729 0.012995  0.000897  0.007212  0.228722  0.937937  0.260691  -0.968938  0.193465  0.154050  0.094055  -0.287828  0.953052  -0.054140  -0.006669  -0.014528  0.069735  -2.053225  -2.849254  1.000000  
46.966729 0.012939  0.000893  0.007198  0.230574  0.937336  0.261223  -0.968753  0.195915  0.152099  0.091391  -0.288131  0.953220  -0.054530  -0.006407  -0.014489  0.074847  -2.070068  -2.825039  1.000000  
46.967729 0.012882  0.000889  0.007183  0.232428  0.936719  0.261793  -0.968570  0.198402  0.150026  0.088592  -0.288435  0.953392  -0.054779  -0.006129  -0.014596  0.075229  -2.079393  -2.808597  1.000000  
46.968731 0.012824  0.000884  0.007169  0.234080  0.936137  0.262402  -0.968424  0.200696  0.147902  0.085793  -0.288737  0.953557  -0.055113  -0.005900  -0.014653  0.075555  -2.086168  -2.793389  1.000000  
46.969979 0.012750  0.000879  0.007150  0.236140  0.935397  0.263193  -0.968214  0.203509  0.145417  0.082460  -0.289166  0.953721  -0.055498  -0.005550  -0.014757  0.081768  -2.097013  -2.770551  1.000000  
46.970979 0.012691  0.000875  0.007134  0.237589  0.934845  0.263849  -0.968094  0.205611  0.143243  0.079660  -0.289463  0.953869  -0.055846  -0.005246  -0.014892  0.087549  -2.110096  -2.740607  1.000000  
46.971987 0.012632  0.000872  0.007119  0.239234  0.934255  0.264452  -0.967905  0.207868  0.141249  0.076992  -0.289756  0.953999  -0.056223  -0.004869  -0.014942  0.086291  -2.114078  -2.725011  1.000000  
46.973232 0.012555  0.000869  0.007098  0.241289  0.933517  0.265190  -0.967664  0.210736  0.138624  0.073523  -0.290063  0.954179  -0.056738  -0.004501  -0.015042  0.087408  -2.123669  -2.708831  1.000000  
46.974482 0.012478  0.000867  0.007079  0.243138  0.932833  0.265906  -0.967439  0.213335  0.136195  0.070320  -0.290362  0.954330  -0.057382  -0.004077  -0.015080  0.087533  -2.124331  -2.700404  1.000000  
46.975732 0.012401  0.000865  0.007060  0.244783  0.932164  0.266741  -0.967243  0.215689  0.133864  0.067250  -0.290771  0.954426  -0.058027  -0.003658  -0.014992  0.096664  -2.119845  -2.667846  1.000000  
46.976981 0.012322  0.000864  0.007043  0.246227  0.931567  0.267499  -0.967085  0.217868  0.131454  0.064179  -0.291061  0.954549  -0.058765  -0.003287  -0.014857  0.100018  -2.119685  -2.619312  1.000000  
46.978230 0.012242  0.000864  0.007025  0.247668  0.930965  0.268264  -0.966916  0.220046  0.129047  0.061108  -0.291349  0.954663  -0.059519  -0.002837  -0.014802  0.101646  -2.115681  -2.584005  1.000000  
46.979233 0.012177  0.000864  0.007011  0.248898  0.930485  0.268790  -0.966749  0.221860  0.127179  0.058704  -0.291507  0.954766  -0.060202  -0.002591  -0.014845  0.101930  -2.107359  -2.546521  1.000000  
46.980481 0.012095  0.000866  0.006993  0.250134  0.929929  0.269563  -0.966604  0.223810  0.124844  0.055765  -0.291788  0.954856  -0.061032  -0.002126  -0.014868  0.105484  -2.107654  -2.496717  1.000000  
46.981483 0.012028  0.000867  0.006977  0.251160  0.929499  0.270093  -0.966466  0.225394  0.123046  0.053494  -0.291940  0.954939  -0.061722  -0.001799  -0.014988  0.105160  -2.103266  -2.447301  1.000000  
46.982729 0.011944  0.000867  0.006958  0.252590  0.928933  0.270707  -0.966245  0.227513  0.120867  0.050688  -0.292099  0.955044  -0.062497  -0.001441  -0.015019  0.102816  -2.095143  -2.396105  1.000000  
46.983979 0.011861  0.000868  0.006940  0.253815  0.928429  0.271287  -0.966054  0.229364  0.118881  0.048149  -0.292251  0.955129  -0.063288  -0.000913  -0.015060  0.100157  -2.069534  -2.339294  1.000000  
46.984979 0.011793  0.000869  0.006924  0.254835  0.928000  0.271799  -0.965889  0.230910  0.117211  0.046010  -0.292397  0.955190  -0.063907  -0.000597  -0.015102  0.100437  -2.062348  -2.302501  1.000000  
46.986229 0.011708  0.000871  0.006906  0.256059  0.927481  0.272421  -0.965689  0.232799  0.115104  0.043337  -0.292548  0.955268  -0.064667  -0.000154  -0.014946  0.099026  -2.051371  -2.228867  1.000000  
46.987479 0.011622  0.000873  0.006889  0.257477  0.926920  0.272993  -0.965423  0.234840  0.113178  0.040797  -0.292695  0.955335  -0.065288  0.000111  -0.014764  0.094914  -2.028359  -2.180209  1.000000  
46.988489 0.011555  0.000875  0.006875  0.258490  0.926502  0.273452  -0.965229  0.236310  0.111759  0.038926  -0.292833  0.955371  -0.065726  0.000503  -0.014599  0.095826  -2.008499  -2.130097  1.000000  
46.989731 0.011470  0.000878  0.006858  0.259705  0.926003  0.273991  -0.964992  0.238084  0.110027  0.036653  -0.292974  0.955418  -0.066237  0.000805  -0.014507  0.092590  -1.986948  -2.083654  1.000000  
46.990735 0.011402  0.000882  0.006843  0.260715  0.925581  0.274457  -0.964789  0.239554  0.108610  0.034781  -0.293109  0.955446  -0.066612  0.001124  -0.014438  0.092677  -1.956386  -2.036870  1.000000  
46.991983 0.011317  0.000886  0.006824  0.262126  0.925027  0.274982  -0.964486  0.241518  0.106938  0.032507  -0.293248  0.955484  -0.067046  0.001449  -0.014552  0.086893  -1.922761  -1.991658  1.000000  
46.993229 0.011231  0.000889  0.006805  0.263335  0.924529  0.275501  -0.964226  0.243253  0.105334  0.030368  -0.293383  0.955512  -0.067373  0.001668  -0.014676  0.086898  -1.887038  -1.948524  1.000000  
46.994230 0.011163  0.000891  0.006789  0.264339  0.924120  0.275910  -0.964001  0.244646  0.104167  0.028763  -0.293513  0.955522  -0.067598  0.001791  -0.014778  0.085662  -1.845640  -1.904990  1.000000  
46.995483 0.011079  0.000894  0.006770  0.265546  0.923650  0.276325  -0.963731  0.246393  0.102536  0.026623  -0.293530  0.955579  -0.067761  0.001903  -0.014803  0.083704  -1.809797  -1.851029  1.000000  
46.996729 0.010993  0.000897  0.006751  0.266948  0.923104  0.276801  -0.963396  0.248280  0.101116  0.024616  -0.293661  0.955592  -0.067891  0.001979  -0.014792  0.082666  -1.777300  -1.816784  1.000000  
46.997729 0.010926  0.000899  0.006737  0.267951  0.922711  0.277142  -0.963161  0.249722  0.099799  0.022878  -0.293674  0.955632  -0.067923  0.002122  -0.014759  0.078891  -1.750916  -1.780521  1.000000  
46.998729 0.010859  0.000902  0.006722  0.268952  0.922316  0.277486  -0.962922  0.251164  0.098484  0.021139  -0.293685  0.955669  -0.067922  0.002283  -0.014739  0.074628  -1.722616  -1.750871  1.000000  
46.999979 0.010775  0.000905  0.006706  0.270548  0.921752  0.277808  -0.962514  0.253212  0.097217  0.019266  -0.293696  0.955705  -0.067855  0.002390  -0.014541  0.067558  -1.673874  -1.725128  1.000000  
47.001229 0.010692  0.000909  0.006689  0.271944  0.921203  0.278266  -0.962156  0.255058  0.095926  0.017393  -0.293822  0.955702  -0.067739  0.002509  -0.014503  0.063522  -1.628144  -1.690356  1.000000  
47.002229 0.010626  0.000911  0.006674  0.273140  0.920758  0.278567  -0.961845  0.256649  0.094793  0.015788  -0.293830  0.955727  -0.067555  0.002624  -0.014525  0.061013  -1.602129  -1.673046  1.000000  
47.003484 0.010544  0.000915  0.006659  0.274533  0.920270  0.278810  -0.961477  0.258516  0.093442  0.013915  -0.293722  0.955790  -0.067385  0.002660  -0.014406  0.050119  -1.551471  -1.631101  1.000000  
47.004732 0.010462  0.000918  0.006641  0.276123  0.919680  0.279185  -0.961048  0.260598  0.092057  0.011908  -0.293730  0.955814  -0.067178  0.002603  -0.014440  0.043486  -1.521733  -1.627231  1.000000  
47.005735 0.010397  0.000921  0.006627  0.277315  0.919248  0.279426  -0.960721  0.262112  0.091173  0.010570  -0.293734  0.955829  -0.067016  0.002646  -0.014422  0.038774  -1.477763  -1.609120  1.000000  
47.006740 0.010330  0.000924  0.006613  0.278703  0.918749  0.279686  -0.960334  0.263851  0.090225  0.009098  -0.293738  0.955843  -0.066871  0.002585  -0.014281  0.032514  -1.445259  -1.606587  1.000000  
47.007981 0.010248  0.000926  0.006595  0.280288  0.918204  0.279892  -0.959888  0.265865  0.089057  0.007359  -0.293627  0.955892  -0.066686  0.002494  -0.014240  0.022741  -1.400490  -1.600628  1.000000  
47.008984 0.010181  0.000927  0.006582  0.281476  0.917753  0.280178  -0.959550  0.267414  0.088053  0.005887  -0.293629  0.955901  -0.066596  0.002449  -0.014021  0.020840  -1.370275  -1.591560  1.000000  
47.010237 0.010097  0.000929  0.006565  0.282861  0.917223  0.280521  -0.959152  0.269226  0.086862  0.004148  -0.293632  0.955910  -0.066541  0.002378  -0.013878  0.015103  -1.329093  -1.586269  1.000000  
47.011480 0.010012  0.000930  0.006549  0.284442  0.916599  0.280960  -0.958691  0.271339  0.085362  0.002007  -0.293634  0.955916  -0.066546  0.002265  -0.013693  0.012837  -1.308038  -1.592092  1.000000  
47.012654 0.009945  0.000930  0.006536  0.285824  0.916073  0.281275  -0.958282  0.273112  0.084296  0.000401  -0.293635  0.955918  -0.065684  0.002088  -0.013437  0.011336  -1.272545  -1.584200  1.000000  
47.013729 0.009860  0.000931  0.006521  0.287402  0.915452  0.281687  -0.957809  0.275184  0.082921  -0.001606  -0.293634  0.955917  -0.066561  0.001926  -0.013439  0.009618  -1.258688  -1.601648  1.000000  
47.014729 0.009792  0.000932  0.006509  0.288781  0.914930  0.281974  -0.957390  0.276917  0.081980  -0.003077  -0.293633  0.955913  -0.066648  0.001800  -0.013345  0.006822  -1.237858  -1.606876  1.000000  
47.015979 0.009708  0.000934  0.006494  0.290355  0.914336  0.282284  -0.956906  0.278997  0.080575  -0.005084  -0.293515  0.955941  -0.066754  0.001696  -0.013232  0.001682  -1.207439  -1.615081  1.000000  
47.017229 0.009622  0.000936  0.006478  0.291927  0.913703  0.282711  -0.956414  0.281066  0.079204  -0.007091  -0.293511  0.955929  -0.066925  0.001660  -0.013110  0.000196  -1.188120  -1.616566  1.000000  
47.018481 0.009537  0.000938  0.006462  0.293694  0.913042  0.283017  -0.955856  0.283331  0.077860  -0.009098  -0.293390  0.955949  -0.067170  0.001556  -0.013105  -0.005997  -1.174760  -1.631156  1.000000  
47.019729 0.009451  0.000940  0.006448  0.295261  0.912389  0.283493  -0.955351  0.285435  0.076371  -0.011239  -0.293384  0.955929  -0.067418  0.001475  -0.012897  -0.007531  -1.166114  -1.642739  1.000000  
47.020729 0.009382  0.000941  0.006437  0.296631  0.911859  0.283765  -0.954904  0.287246  0.075156  -0.012978  -0.293262  0.955944  -0.067695  0.001275  -0.012692  -0.013548  -1.157956  -1.654781  1.000000  
47.021735 0.009312  0.000941  0.006426  0.297804  0.911364  0.284129  -0.954516  0.288821  0.074042  -0.014584  -0.293255  0.955923  -0.067943  0.001122  -0.012509  -0.015242  -1.147805  -1.655121  1.000000  
47.022981 0.009224  0.000942  0.006412  0.299366  0.910733  0.284509  -0.953992  0.290930  0.072522  -0.016724  -0.293130  0.955926  -0.068273  0.001078  -0.012176  -0.020821  -1.143720  -1.668349  1.000000  
47.023985 0.009152  0.000944  0.006402  0.300535  0.910254  0.284808  -0.953592  0.292549  0.071252  -0.018463  -0.293005  0.955933  -0.068553  0.001069  -0.011936  -0.026899  -1.145860  -1.676116  1.000000  
47.024988 0.009081  0.000945  0.006392  0.301898  0.909678  0.285208  -0.953126  0.294347  0.070077  -0.020202  -0.292995  0.955901  -0.068826  0.001094  -0.011736  -0.024826  -1.145934  -1.690440  1.000000  
47.026232 0.008993  0.000947  0.006380  0.303452  0.909012  0.285680  -0.952578  0.296525  0.068317  -0.022610  -0.292864  0.955887  -0.069078  0.001144  -0.011476  -0.030088  -1.150765  -1.706760  1.000000  
47.027479 0.008904  0.000948  0.006367  0.305004  0.908320  0.286231  -0.952026  0.298656  0.066717  -0.024884  -0.292848  0.955835  -0.070232  0.001208  -0.011424  -0.027255  -1.154351  -1.711121  1.000000  
47.028484 0.008833  0.000950  0.006356  0.306361  0.907720  0.286683  -0.951539  0.300487  0.065425  -0.026757  -0.292834  0.955789  -0.069610  0.001263  -0.011166  -0.024833  -1.153140  -1.729049  1.000000  
47.029729 0.008745  0.000952  0.006341  0.307711  0.907069  0.287297  -0.951033  0.302466  0.063648  -0.029164  -0.292814  0.955725  -0.069816  0.001370  -0.011160  -0.022056  -1.172556  -1.727981  1.000000  
47.030979 0.008658  0.000956  0.006327  0.309060  0.906461  0.287767  -0.950523  0.304413  0.061958  -0.031438  -0.292678  0.955694  -0.069985  0.001462  -0.011105  -0.027495  -1.185458  -1.731925  1.000000  
47.031979 0.008588  0.000960  0.006315  0.310216  0.905927  0.288206  -0.950087  0.306017  0.060733  -0.033176  -0.292662  0.955640  -0.070133  0.001580  -0.011031  -0.025308  -1.189769  -1.733240  1.000000  
47.033229 0.008501  0.000965  0.006302  0.311755  0.905201  0.288824  -0.949496  0.308178  0.059021  -0.035583  -0.292637  0.955561  -0.070236  0.001788  -0.010851  -0.018360  -1.205257  -1.745341  1.000000  
47.034479 0.008414  0.000969  0.006289  0.313487  0.904420  0.289396  -0.948837  0.310487  0.057493  -0.037856  -0.292613  0.955481  -0.070263  0.002001  -0.010745  -0.015411  -1.210357  -1.756794  1.000000  
47.035729 0.008327  0.000974  0.006275  0.314823  0.903773  0.289968  -0.948290  0.312502  0.055567  -0.040396  -0.292468  0.955422  -0.070286  0.002201  -0.010739  -0.016722  -1.238222  -1.758190  1.000000  
47.036729 0.008259  0.000977  0.006265  0.315771  0.903252  0.290557  -0.947882  0.314027  0.053925  -0.042535  -0.292442  0.955337  -0.070228  0.002407  -0.010738  -0.014573  -1.263789  -1.751860  1.000000  
