1-Time 2-Px 3-Py 4-Pz 5-R11 6-R21 7-R31 8-R12 9-R22 10-R32 11-R13 12-R23 13-R33 14-Vx 15-Vy 16-Vz 17-Wx 18-Wy 19-Wz 20-state
42.347575 0.028335  0.001349  0.011353  0.129519  0.936966  0.324529  -0.966620  0.046339  0.251989  0.221067  -0.346333  0.911692  0.000256  -0.001870  -0.003918  0.000000  0.000000  0.000000  1.000000  
42.348734 0.028333  0.001348  0.011349  0.129523  0.937000  0.324431  -0.966649  0.046416  0.251863  0.220937  -0.346233  0.911762  -0.001283  -0.001881  -0.003628  0.000000  0.000000  0.000000  1.000000  
42.349738 0.028320  0.001338  0.011339  0.129523  0.937039  0.324318  -0.966649  0.046446  0.251857  0.220937  -0.346123  0.911804  -0.007438  -0.005622  -0.006856  0.000000  0.000000  0.000000  1.000000  
42.350983 0.028296  0.001323  0.011322  0.129722  0.937069  0.324152  -0.966623  0.046670  0.251918  0.220937  -0.346012  0.911846  -0.012002  -0.007987  -0.009317  0.000000  0.000000  0.000000  1.000000  
42.351983 0.028282  0.001317  0.011312  0.129726  0.937102  0.324055  -0.966652  0.046746  0.251792  0.220806  -0.345912  0.911915  -0.012509  -0.007744  -0.009515  0.000000  0.000000  0.000000  1.000000  
42.352987 0.028271  0.001312  0.011305  0.129726  0.937141  0.323941  -0.966652  0.046777  0.251786  0.220806  -0.345801  0.911957  -0.012067  -0.007132  -0.008993  0.000000  0.000000  0.000000  1.000000  
42.354233 0.028258  0.001310  0.011300  0.129726  0.937180  0.323827  -0.966652  0.046807  0.251780  0.220806  -0.345691  0.911999  -0.011863  -0.006135  -0.008167  0.000000  0.000000  0.000000  1.000000  
42.355236 0.028241  0.001307  0.011294  0.129730  0.937213  0.323730  -0.966681  0.046883  0.251654  0.220676  -0.345591  0.912069  -0.012553  -0.005615  -0.007822  0.000000  0.000000  0.000000  1.000000  
42.356248 0.028219  0.001305  0.011286  0.129929  0.937204  0.323678  -0.966654  0.047076  0.251720  0.220676  -0.345591  0.912069  -0.013537  -0.005256  -0.007853  0.000000  0.000000  0.000000  1.000000  
42.357485 0.028195  0.001302  0.011275  0.129929  0.937243  0.323564  -0.966654  0.047107  0.251715  0.220676  -0.345480  0.912111  -0.014369  -0.004820  -0.008002  0.000000  0.000000  0.000000  1.000000  
42.358489 0.028178  0.001300  0.011267  0.129929  0.937282  0.323451  -0.966654  0.047137  0.251709  0.220676  -0.345369  0.912153  -0.014544  -0.004561  -0.007958  0.000000  0.000000  0.000000  1.000000  
42.359732 0.028159  0.001296  0.011257  0.129929  0.937361  0.323223  -0.966654  0.047199  0.251697  0.220676  -0.345148  0.912236  -0.014664  -0.004428  -0.008006  0.000000  0.000000  0.000000  1.000000  
42.360735 0.028141  0.001293  0.011247  0.129929  0.937400  0.323110  -0.966654  0.047229  0.251692  0.220676  -0.345037  0.912278  -0.014927  -0.004346  -0.008127  0.000000  0.000000  0.000000  1.000000  
42.361986 0.028112  0.001289  0.011234  0.129929  0.937439  0.322996  -0.966654  0.047260  0.251686  0.220676  -0.344927  0.912320  -0.015606  -0.004245  -0.008347  0.000000  0.000000  0.000000  1.000000  
42.362987 0.028085  0.001280  0.011221  0.130128  0.937469  0.322830  -0.966628  0.047483  0.251747  0.220676  -0.344816  0.912362  -0.016913  -0.004637  -0.008822  0.000000  0.000000  0.000000  1.000000  
42.364231 0.028049  0.001265  0.011203  0.130327  0.937537  0.322551  -0.966601  0.047737  0.251802  0.220676  -0.344595  0.912445  -0.018630  -0.005306  -0.009430  0.000000  0.000000  0.000000  1.000000  
42.365237 0.028020  0.001250  0.011189  0.130327  0.937615  0.322324  -0.966601  0.047798  0.251790  0.220676  -0.344373  0.912529  -0.019317  -0.005372  -0.009469  0.000000  0.000000  0.000000  1.000000  
42.366481 0.027987  0.001237  0.011173  0.130729  0.937667  0.322009  -0.966576  0.048291  0.251790  0.220545  -0.344162  0.912640  -0.020030  -0.005457  -0.009547  0.000000  0.000000  0.000000  1.000000  
42.367481 0.027961  0.001230  0.011164  0.130928  0.937697  0.321843  -0.966549  0.048515  0.251850  0.220545  -0.344052  0.912682  -0.020998  -0.005569  -0.009678  0.000000  0.000000  0.000000  1.000000  
42.368487 0.027935  0.001225  0.011155  0.131131  0.937719  0.321694  -0.966552  0.048784  0.251790  0.220415  -0.343951  0.912751  -0.022289  -0.005788  -0.010014  0.000000  0.000000  0.000000  1.000000  
42.369731 0.027902  0.001220  0.011142  0.131338  0.937736  0.321561  -0.966583  0.049099  0.251608  0.220154  -0.343861  0.912848  -0.023161  -0.005909  -0.010341  0.000000  0.000000  0.000000  1.000000  
42.370731 0.027877  0.001214  0.011129  0.131736  0.937755  0.321344  -0.966529  0.049515  0.251734  0.220154  -0.343751  0.912890  -0.023593  -0.006176  -0.010729  0.000000  0.000000  0.000000  1.000000  
42.371736 0.027854  0.001208  0.011113  0.131939  0.937777  0.321195  -0.966531  0.049784  0.251673  0.220023  -0.343650  0.912959  -0.023723  -0.006363  -0.011223  0.000000  0.000000  0.000000  1.000000  
42.372739 0.027831  0.001201  0.011095  0.132341  0.937750  0.321108  -0.966506  0.050216  0.251685  0.219893  -0.343661  0.912987  -0.024081  -0.006778  -0.011888  0.000000  0.000000  0.000000  1.000000  
42.373741 0.027809  0.001193  0.011079  0.132743  0.937762  0.320907  -0.966480  0.050678  0.251690  0.219762  -0.343560  0.913056  -0.024458  -0.007102  -0.012437  0.000000  0.000000  0.000000  1.000000  
42.374988 0.027779  0.001184  0.011059  0.133145  0.937735  0.320820  -0.966455  0.051110  0.251701  0.219632  -0.343571  0.913083  -0.025039  -0.007440  -0.013026  0.000000  0.000000  0.000000  1.000000  
42.376231 0.027747  0.001173  0.011041  0.133746  0.937697  0.320681  -0.966401  0.051735  0.251778  0.219501  -0.343581  0.913111  -0.025543  -0.007937  -0.013379  -0.144119  -0.000368  -0.158380  1.000000  
42.377235 0.027718  0.001161  0.011027  0.134147  0.937669  0.320594  -0.966375  0.052166  0.251789  0.219370  -0.343591  0.913138  -0.025842  -0.008432  -0.013586  -0.142277  0.000218  -0.167332  1.000000  
42.378482 0.027683  0.001145  0.011008  0.134549  0.937680  0.320394  -0.966349  0.052628  0.251793  0.219240  -0.343491  0.913207  -0.025759  -0.008574  -0.013714  -0.146990  0.000768  -0.178683  1.000000  
42.379731 0.027649  0.001129  0.010991  0.134947  0.937697  0.320176  -0.966293  0.053045  0.251919  0.219240  -0.343380  0.913249  -0.025710  -0.008544  -0.013687  -0.145939  0.009642  -0.189615  1.000000  
42.380734 0.027621  0.001119  0.010979  0.135548  0.937658  0.320038  -0.966239  0.053670  0.251996  0.219109  -0.343390  0.913277  -0.025674  -0.008306  -0.013573  -0.144875  0.010188  -0.203683  1.000000  
42.381982 0.027586  0.001109  0.010965  0.136149  0.937657  0.319785  -0.966184  0.054325  0.252066  0.218979  -0.343290  0.913346  -0.025843  -0.008283  -0.013581  -0.149376  0.017260  -0.222479  1.000000  
42.382985 0.027557  0.001104  0.010952  0.136551  0.937667  0.319585  -0.966157  0.054787  0.252070  0.218848  -0.343190  0.913415  -0.026010  -0.008262  -0.013854  -0.152385  0.017791  -0.236595  1.000000  
42.384231 0.027524  0.001099  0.010933  0.136953  0.937638  0.319498  -0.966130  0.055218  0.252080  0.218718  -0.343200  0.913442  -0.026112  -0.008187  -0.014287  -0.151335  0.018332  -0.250691  1.000000  
42.385231 0.027498  0.001097  0.010917  0.137355  0.937647  0.319298  -0.966102  0.055681  0.252084  0.218587  -0.343099  0.913511  -0.026080  -0.007968  -0.014605  -0.154335  0.023033  -0.263257  1.000000  
42.386481 0.027464  0.001094  0.010895  0.137757  0.937618  0.319211  -0.966074  0.056112  0.252094  0.218457  -0.343110  0.913538  -0.026376  -0.007707  -0.014781  -0.151806  0.021211  -0.271146  1.000000  
42.387731 0.027425  0.001089  0.010875  0.138158  0.937627  0.319011  -0.966047  0.056574  0.252098  0.218326  -0.343009  0.913607  -0.027049  -0.007485  -0.014712  -0.154778  0.021727  -0.285215  1.000000  
42.388738 0.027393  0.001083  0.010861  0.138556  0.937604  0.318907  -0.965990  0.056960  0.252229  0.218326  -0.343009  0.913607  -0.027738  -0.007360  -0.014582  -0.154998  0.026649  -0.300171  1.000000  
42.389986 0.027351  0.001073  0.010845  0.138755  0.937553  0.318969  -0.965961  0.057123  0.252302  0.218326  -0.343120  0.913566  -0.028564  -0.007369  -0.014301  -0.147209  0.028804  -0.304103  1.000000  
42.391236 0.027308  0.001064  0.010829  0.139157  0.937523  0.318883  -0.965933  0.057554  0.252312  0.218195  -0.343130  0.913593  -0.029269  -0.007194  -0.014146  -0.147296  0.029565  -0.320698  1.000000  
42.392490 0.027262  0.001054  0.010811  0.139356  0.937472  0.318944  -0.965904  0.057716  0.252385  0.218195  -0.343241  0.913552  -0.029977  -0.006869  -0.014099  -0.135050  0.029542  -0.320660  1.000000  
42.393730 0.027214  0.001041  0.010791  0.139753  0.937449  0.318840  -0.965847  0.058102  0.252516  0.218195  -0.343241  0.913552  -0.030930  -0.006615  -0.014234  -0.132932  0.034007  -0.330613  1.000000  
42.394734 0.027176  0.001032  0.010774  0.139952  0.937398  0.318902  -0.965818  0.058265  0.252589  0.218195  -0.343352  0.913510  -0.031587  -0.006405  -0.014476  -0.117886  0.034294  -0.333809  1.000000  
42.395981 0.027132  0.001023  0.010753  0.140350  0.937335  0.318912  -0.965760  0.058620  0.252727  0.218195  -0.343463  0.913468  -0.032185  -0.006253  -0.014890  -0.107024  0.036610  -0.339707  1.000000  
42.396983 0.027098  0.001020  0.010736  0.140549  0.937323  0.318860  -0.965731  0.058813  0.252793  0.218195  -0.343463  0.913468  -0.032578  -0.005991  -0.015306  -0.102915  0.040796  -0.338100  1.000000  
42.398231 0.027056  0.001018  0.010713  0.140946  0.937260  0.318869  -0.965673  0.059168  0.252931  0.218195  -0.343573  0.913427  -0.033103  -0.005731  -0.015793  -0.093959  0.044636  -0.333748  1.000000  
42.399231 0.027021  0.001016  0.010692  0.141149  0.937241  0.318835  -0.965673  0.059407  0.252876  0.218065  -0.343584  0.913454  -0.033484  -0.005512  -0.016075  -0.089878  0.044622  -0.333781  1.000000  
42.400231 0.026987  0.001014  0.010672  0.141547  0.937178  0.318844  -0.965615  0.059762  0.253015  0.218065  -0.343694  0.913412  -0.034103  -0.005535  -0.016340  -0.083275  0.051159  -0.338493  1.000000  
42.401232 0.026951  0.001010  0.010654  0.141945  0.937153  0.318740  -0.965557  0.060148  0.253146  0.218065  -0.343694  0.913412  -0.034782  -0.005713  -0.016374  -0.083249  0.055333  -0.336911  1.000000  
42.402481 0.026905  0.001002  0.010632  0.142545  0.937109  0.318602  -0.965498  0.060772  0.253222  0.217934  -0.343705  0.913440  -0.035285  -0.005907  -0.016447  -0.080682  0.057688  -0.343270  1.000000  
42.403481 0.026867  0.000994  0.010615  0.142943  0.937084  0.318497  -0.965439  0.061158  0.253353  0.217934  -0.343705  0.913440  -0.035643  -0.006070  -0.016562  -0.076611  0.061841  -0.341689  1.000000  
42.404483 0.026827  0.000985  0.010597  0.143344  0.937014  0.318525  -0.965409  0.061559  0.253371  0.217804  -0.343826  0.913425  -0.036050  -0.006139  -0.016915  -0.074018  0.064220  -0.347943  1.000000  
42.405487 0.026788  0.000976  0.010578  0.143746  0.936943  0.318552  -0.965378  0.061959  0.253388  0.217673  -0.343947  0.913411  -0.036393  -0.006219  -0.017452  -0.068983  0.062389  -0.344458  1.000000  
42.406490 0.026749  0.000967  0.010556  0.144342  0.936904  0.318395  -0.965289  0.062538  0.253585  0.217673  -0.343947  0.913411  -0.036607  -0.006283  -0.018044  -0.070457  0.068963  -0.349121  1.000000  
42.407510 0.026712  0.000958  0.010534  0.144943  0.936820  0.318371  -0.965229  0.063131  0.253668  0.217543  -0.344068  0.913396  -0.036520  -0.006309  -0.018546  -0.063753  0.067093  -0.356803  1.000000  
42.408734 0.026667  0.000945  0.010504  0.145742  0.936722  0.318293  -0.965138  0.063917  0.253817  0.217412  -0.344189  0.913382  -0.036413  -0.006340  -0.019151  -0.062704  0.071934  -0.369754  1.000000  
42.409984 0.026623  0.000934  0.010474  0.146541  0.936624  0.318216  -0.965046  0.064703  0.253966  0.217281  -0.344310  0.913367  -0.036294  -0.006337  -0.019791  -0.057520  0.076696  -0.382400  1.000000  
42.410986 0.026588  0.000927  0.010450  0.147142  0.936538  0.318191  -0.964984  0.065297  0.254050  0.217151  -0.344431  0.913353  -0.036268  -0.006421  -0.020289  -0.050454  0.074287  -0.387275  1.000000  
42.412231 0.026546  0.000921  0.010421  0.147941  0.936438  0.318114  -0.964892  0.066083  0.254199  0.217020  -0.344552  0.913338  -0.036253  -0.006584  -0.020719  -0.046700  0.079117  -0.388785  1.000000  
42.413481 0.026505  0.000914  0.010391  0.148744  0.936370  0.317942  -0.964827  0.066945  0.254220  0.216759  -0.344573  0.913392  -0.036154  -0.006933  -0.021081  -0.045178  0.078986  -0.399676  1.000000  
42.414481 0.026471  0.000907  0.010368  0.149547  0.936262  0.317883  -0.964761  0.067776  0.254248  0.216498  -0.344704  0.913405  -0.036141  -0.007331  -0.021232  -0.040334  0.080209  -0.417290  1.000000  
42.415731 0.026427  0.000895  0.010340  0.150549  0.936177  0.317659  -0.964664  0.068831  0.254334  0.216236  -0.344724  0.913459  -0.036149  -0.007820  -0.021475  -0.044761  0.083143  -0.437837  1.000000  
42.416733 0.026389  0.000885  0.010316  0.151353  0.936106  0.317488  -0.964597  0.069693  0.254354  0.215975  -0.344745  0.913513  -0.036209  -0.008178  -0.022018  -0.047708  0.079490  -0.453660  1.000000  
42.417982 0.026342  0.000871  0.010284  0.152359  0.936012  0.317283  -0.964526  0.070793  0.254318  0.215583  -0.344775  0.913594  -0.036281  -0.008484  -0.022626  -0.048020  0.078202  -0.475882  1.000000  
42.419233 0.026293  0.000856  0.010251  0.153564  0.935902  0.317026  -0.964423  0.072086  0.254348  0.215191  -0.344806  0.913675  -0.036179  -0.008750  -0.023450  -0.053470  0.074467  -0.501671  1.000000  
42.420234 0.026255  0.000844  0.010225  0.154367  0.935866  0.316742  -0.964353  0.072979  0.254358  0.214930  -0.344715  0.913771  -0.036171  -0.008995  -0.023826  -0.065960  0.073216  -0.523722  1.000000  
42.421484 0.026207  0.000830  0.010191  0.155775  0.935731  0.316453  -0.964243  0.074509  0.254332  0.214407  -0.344756  0.913878  -0.036172  -0.009189  -0.024320  -0.075312  0.075489  -0.570776  1.000000  
42.422488 0.026170  0.000819  0.010165  0.156777  0.935677  0.316117  -0.964138  0.075595  0.254407  0.214146  -0.344665  0.913973  -0.036219  -0.009252  -0.024631  -0.088633  0.075962  -0.594278  1.000000  
42.423493 0.026132  0.000809  0.010138  0.157783  0.935576  0.315914  -0.964061  0.076694  0.254370  0.213754  -0.344695  0.914054  -0.036310  -0.009304  -0.024837  -0.093700  0.071089  -0.622727  1.000000  
42.424493 0.026093  0.000798  0.010114  0.158789  0.935513  0.315598  -0.963983  0.077825  0.254323  0.213362  -0.344615  0.914176  -0.036436  -0.009314  -0.024780  -0.107708  0.068001  -0.652842  1.000000  
42.425734 0.026046  0.000788  0.010084  0.160197  0.935369  0.315311  -0.963866  0.079355  0.254295  0.212839  -0.344655  0.914283  -0.036761  -0.009434  -0.024808  -0.119096  0.063139  -0.690977  1.000000  
42.426980 0.025998  0.000777  0.010054  0.161406  0.935240  0.315078  -0.963779  0.080692  0.254202  0.212316  -0.344695  0.914389  -0.037113  -0.009689  -0.024748  -0.125337  0.057751  -0.723046  1.000000  
42.427983 0.025958  0.000768  0.010031  0.162412  0.935172  0.314764  -0.963696  0.081822  0.254154  0.211923  -0.344614  0.914510  -0.037553  -0.009917  -0.024811  -0.138842  0.052754  -0.752735  1.000000  
42.429231 0.025907  0.000755  0.009999  0.163621  0.935039  0.314531  -0.963607  0.083159  0.254060  0.211400  -0.344654  0.914616  -0.038222  -0.010292  -0.025061  -0.144827  0.051625  -0.782661  1.000000  
42.430481 0.025852  0.000740  0.009968  0.165222  0.934916  0.314061  -0.963420  0.084866  0.254206  0.211008  -0.344573  0.914738  -0.038910  -0.010525  -0.025194  -0.161472  0.051353  -0.825664  1.000000  
42.431481 0.025806  0.000727  0.009941  0.166233  0.934834  0.313769  -0.963360  0.086041  0.254036  0.210485  -0.344502  0.914885  -0.039530  -0.010681  -0.025410  -0.169726  0.045839  -0.849425  1.000000  
42.432488 0.025760  0.000714  0.009915  0.167239  0.934760  0.313457  -0.963272  0.087170  0.253987  0.210092  -0.344421  0.915006  -0.040064  -0.010787  -0.025486  -0.178033  0.040306  -0.872949  1.000000  
42.433731 0.025701  0.000697  0.009882  0.168448  0.934658  0.313114  -0.963175  0.088537  0.253880  0.209569  -0.344349  0.915153  -0.040776  -0.010978  -0.025519  -0.190398  0.034856  -0.896997  1.000000  
42.434981 0.025643  0.000684  0.009850  0.169459  0.934572  0.312824  -0.963111  0.089711  0.253709  0.209046  -0.344278  0.915299  -0.041414  -0.010896  -0.025438  -0.197049  0.024921  -0.914802  1.000000  
42.436231 0.025584  0.000671  0.009821  0.170668  0.934504  0.312369  -0.963011  0.091109  0.253591  0.208522  -0.344095  0.915487  -0.042151  -0.010773  -0.025069  -0.213305  0.019450  -0.938519  1.000000  
42.437231 0.025536  0.000661  0.009799  0.171481  0.934434  0.312133  -0.962980  0.092090  0.253355  0.207999  -0.344023  0.915633  -0.042877  -0.010696  -0.024820  -0.222516  0.009308  -0.949395  1.000000  
42.438240 0.025490  0.000652  0.009776  0.172486  0.934390  0.311710  -0.962885  0.093249  0.253291  0.207606  -0.343830  0.915795  -0.043550  -0.010608  -0.024528  -0.237929  -0.000906  -0.968573  1.000000  
42.439488 0.025430  0.000641  0.009750  0.173497  0.934337  0.311309  -0.962816  0.094454  0.253107  0.207083  -0.343647  0.915982  -0.044225  -0.010501  -0.024257  -0.251227  -0.011186  -0.979324  1.000000  
42.440495 0.025383  0.000633  0.009728  0.174305  0.934272  0.311053  -0.962755  0.095389  0.252990  0.206690  -0.343565  0.916102  -0.044901  -0.010462  -0.024074  -0.256487  -0.017261  -0.988720  1.000000  
42.441739 0.025324  0.000624  0.009700  0.175514  0.934196  0.310602  -0.962648  0.096786  0.252868  0.206166  -0.343382  0.916288  -0.045666  -0.010406  -0.023998  -0.271323  -0.020954  -1.004803  1.000000  
42.442983 0.025264  0.000613  0.009672  0.176529  0.934129  0.310225  -0.962602  0.098034  0.252561  0.205512  -0.343208  0.916501  -0.046320  -0.010380  -0.023929  -0.283785  -0.032794  -1.015587  1.000000  
42.443985 0.025212  0.000601  0.009648  0.177337  0.934061  0.309970  -0.962537  0.098970  0.252442  0.205119  -0.343125  0.916619  -0.047077  -0.010462  -0.023757  -0.292427  -0.035415  -1.017664  1.000000  
42.445231 0.025149  0.000586  0.009620  0.178348  0.934000  0.309573  -0.962462  0.100173  0.252255  0.204595  -0.342941  0.916805  -0.047669  -0.010430  -0.023565  -0.300238  -0.043933  -1.021020  1.000000  
42.446481 0.025084  0.000570  0.009593  0.179556  0.933917  0.309125  -0.962348  0.101568  0.252130  0.204071  -0.342757  0.916991  -0.048111  -0.010461  -0.023192  -0.308408  -0.047304  -1.028540  1.000000  
42.447481 0.025032  0.000558  0.009573  0.180166  0.933904  0.308810  -0.962318  0.102341  0.251934  0.203678  -0.342563  0.917151  -0.048549  -0.010377  -0.022819  -0.314670  -0.053929  -1.023657  1.000000  
42.448488 0.024981  0.000548  0.009553  0.180973  0.933831  0.308557  -0.962249  0.103276  0.251814  0.203285  -0.342481  0.917269  -0.048826  -0.010109  -0.022330  -0.318043  -0.059159  -1.019433  1.000000  
42.449731 0.024918  0.000537  0.009529  0.181786  0.933787  0.308215  -0.962207  0.104286  0.251560  0.202761  -0.342296  0.917454  -0.049148  -0.009934  -0.021811  -0.319156  -0.067191  -1.014430  1.000000  
42.450981 0.024856  0.000526  0.009505  0.182999  0.933726  0.307679  -0.962115  0.105756  0.251299  0.202106  -0.342010  0.917705  -0.049326  -0.009802  -0.021457  -0.332044  -0.074483  -1.018228  1.000000  
42.451981 0.024806  0.000517  0.009486  0.184005  0.933629  0.307376  -0.962005  0.106882  0.251241  0.201713  -0.341927  0.917822  -0.049532  -0.009787  -0.021224  -0.334528  -0.075740  -1.017922  1.000000  
42.452983 0.024756  0.000508  0.009466  0.185010  0.933567  0.306960  -0.961895  0.108039  0.251169  0.201320  -0.341732  0.917981  -0.049647  -0.009784  -0.021063  -0.336737  -0.078245  -1.011580  1.000000  
42.454231 0.024695  0.000498  0.009440  0.186422  0.933478  0.306375  -0.961759  0.109700  0.250969  0.200664  -0.341445  0.918232  -0.049805  -0.009705  -0.020992  -0.349811  -0.084394  -1.021122  1.000000  
42.455252 0.024647  0.000490  0.009419  0.187630  0.933381  0.305932  -0.961633  0.111093  0.250838  0.200140  -0.341260  0.918415  -0.049882  -0.009704  -0.020969  -0.356035  -0.085184  -1.028940  1.000000  
42.456493 0.024585  0.000479  0.009393  0.189037  0.933259  0.305439  -0.961467  0.112678  0.250768  0.199616  -0.341074  0.918598  -0.050075  -0.009839  -0.020837  -0.363764  -0.085290  -1.029254  1.000000  
42.457734 0.024521  0.000464  0.009368  0.190448  0.933162  0.304857  -0.961324  0.114338  0.250564  0.198960  -0.340786  0.918847  -0.050318  -0.010054  -0.020599  -0.372917  -0.087372  -1.037660  1.000000  
42.458736 0.024469  0.000451  0.009349  0.191651  0.933104  0.304280  -0.961167  0.115716  0.250537  0.198567  -0.340479  0.919046  -0.050391  -0.010155  -0.020299  -0.386127  -0.085149  -1.043898  1.000000  
42.459983 0.024403  0.000434  0.009326  0.193458  0.932954  0.303597  -0.960940  0.117759  0.250454  0.197911  -0.340191  0.919294  -0.050598  -0.010297  -0.019943  -0.396582  -0.084843  -1.058369  1.000000  
42.461231 0.024337  0.000419  0.009305  0.195259  0.932808  0.302891  -0.960683  0.119757  0.250491  0.197386  -0.339893  0.919517  -0.050687  -0.010305  -0.019568  -0.405143  -0.081496  -1.070133  1.000000  
42.462231 0.024283  0.000406  0.009286  0.196664  0.932671  0.302402  -0.960504  0.121340  0.250415  0.196862  -0.339707  0.919698  -0.050804  -0.010367  -0.019434  -0.413593  -0.079988  -1.085788  1.000000  
42.463234 0.024231  0.000395  0.009268  0.198465  0.932481  0.301811  -0.960241  0.123307  0.250463  0.196337  -0.339520  0.919879  -0.050832  -0.010374  -0.019298  -0.422694  -0.074874  -1.112485  1.000000  
42.464488 0.024165  0.000381  0.009245  0.200270  0.932315  0.301133  -0.960000  0.125348  0.250374  0.195681  -0.339230  0.920126  -0.051055  -0.010560  -0.019257  -0.435769  -0.069842  -1.139379  1.000000  
42.465731 0.024099  0.000368  0.009221  0.201883  0.932197  0.300420  -0.959823  0.127271  0.250085  0.194893  -0.338838  0.920438  -0.051338  -0.010758  -0.019239  -0.446057  -0.069707  -1.154066  1.000000  
42.466982 0.024032  0.000355  0.009196  0.203886  0.931995  0.299694  -0.959532  0.129503  0.250053  0.194237  -0.338548  0.920683  -0.051607  -0.010803  -0.019265  -0.458165  -0.063670  -1.185501  1.000000  
42.467983 0.023978  0.000345  0.009176  0.205691  0.931815  0.299020  -0.959280  0.131542  0.249958  0.193581  -0.338258  0.920928  -0.051869  -0.010881  -0.019301  -0.472543  -0.060569  -1.220191  1.000000  
42.469232 0.023910  0.000331  0.009152  0.207698  0.931593  0.298322  -0.959006  0.133816  0.249802  0.192793  -0.337976  0.921196  -0.052422  -0.011182  -0.019171  -0.481412  -0.059899  -1.248864  1.000000  
42.470234 0.023855  0.000320  0.009132  0.209305  0.931431  0.297703  -0.958788  0.135662  0.249641  0.192137  -0.337685  0.921440  -0.052896  -0.011372  -0.019131  -0.490335  -0.059246  -1.277341  1.000000  
42.471484 0.023783  0.000304  0.009110  0.211114  0.931264  0.296947  -0.958549  0.137773  0.249403  0.191349  -0.337291  0.921749  -0.053555  -0.011656  -0.018845  -0.506982  -0.054398  -1.304080  1.000000  
42.472485 0.023724  0.000290  0.009092  0.212517  0.931134  0.296355  -0.958344  0.139382  0.249299  0.190824  -0.336991  0.921967  -0.054051  -0.011829  -0.018673  -0.513179  -0.054266  -1.318327  1.000000  
42.473495 0.023665  0.000277  0.009076  0.213729  0.931019  0.295843  -0.958205  0.140843  0.249011  0.190167  -0.336699  0.922210  -0.054486  -0.011826  -0.018488  -0.521969  -0.056913  -1.336868  1.000000  
42.474737 0.023590  0.000258  0.009053  0.215334  0.930880  0.295116  -0.957976  0.142717  0.248827  0.189510  -0.336295  0.922492  -0.055074  -0.011929  -0.018506  -0.535011  -0.055889  -1.355459  1.000000  
42.475987 0.023516  0.000242  0.009030  0.217142  0.930697  0.294367  -0.957723  0.144825  0.248581  0.188722  -0.335899  0.922798  -0.055608  -0.011994  -0.018596  -0.544940  -0.056350  -1.380191  1.000000  
42.477233 0.023442  0.000226  0.009006  0.218950  0.930545  0.293506  -0.957466  0.146963  0.248314  0.187933  -0.335391  0.923144  -0.056153  -0.012062  -0.018690  -0.563162  -0.053591  -1.415459  1.000000  
42.478234 0.023383  0.000214  0.008986  0.220161  0.930420  0.292999  -0.957318  0.148421  0.248021  0.187276  -0.335098  0.923383  -0.056559  -0.012058  -0.018805  -0.573411  -0.057644  -1.431662  1.000000  
42.479481 0.023310  0.000201  0.008962  0.221771  0.930255  0.292306  -0.957100  0.150336  0.247708  0.186488  -0.334701  0.923687  -0.057046  -0.012046  -0.018841  -0.585999  -0.057166  -1.460230  1.000000  
42.480488 0.023250  0.000190  0.008943  0.222981  0.930124  0.291802  -0.956946  0.151793  0.247412  0.185830  -0.334407  0.923926  -0.057502  -0.012042  -0.018824  -0.591800  -0.057076  -1.474292  1.000000  
42.481731 0.023175  0.000176  0.008921  0.224586  0.929998  0.290972  -0.956699  0.153692  0.247197  0.185173  -0.333889  0.924245  -0.058106  -0.012135  -0.018685  -0.604697  -0.059543  -1.482720  1.000000  
42.482984 0.023100  0.000163  0.008899  0.226398  0.929781  0.290261  -0.956449  0.155839  0.246818  0.184252  -0.333499  0.924570  -0.058631  -0.012178  -0.018449  -0.610324  -0.068085  -1.500013  1.000000  
42.484231 0.023023  0.000149  0.008879  0.228007  0.929637  0.289463  -0.956219  0.157780  0.246478  0.183463  -0.332988  0.924911  -0.059119  -0.012161  -0.018195  -0.622923  -0.070549  -1.508246  1.000000  
42.485481 0.022945  0.000134  0.008859  0.229616  0.929488  0.288666  -0.955985  0.159720  0.246135  0.182674  -0.332477  0.925251  -0.059701  -0.012185  -0.017943  -0.633112  -0.071999  -1.518430  1.000000  
42.486731 0.022868  0.000119  0.008838  0.231219  0.929346  0.287842  -0.955724  0.161616  0.245911  0.182016  -0.331957  0.925567  -0.060052  -0.012080  -0.017823  -0.641658  -0.074558  -1.526394  1.000000  
42.487732 0.022806  0.000107  0.008823  0.232428  0.929233  0.287234  -0.955556  0.163099  0.245585  0.181358  -0.331549  0.925843  -0.060257  -0.011997  -0.017720  -0.648754  -0.079231  -1.527713  1.000000  
42.488750 0.022744  0.000095  0.008806  0.233631  0.929128  0.286597  -0.955362  0.164538  0.245379  0.180832  -0.331132  0.926095  -0.060388  -0.011793  -0.017668  -0.654514  -0.085101  -1.526988  1.000000  
42.489988 0.022667  0.000081  0.008784  0.235239  0.928966  0.285807  -0.955116  0.166475  0.245028  0.180042  -0.330619  0.926432  -0.060513  -0.011620  -0.017634  -0.660562  -0.096570  -1.524144  1.000000  
42.491237 0.022592  0.000068  0.008764  0.237037  0.928775  0.284939  -0.954796  0.168559  0.244853  0.179384  -0.330098  0.926745  -0.060666  -0.011318  -0.017382  -0.669129  -0.094937  -1.530766  1.000000  
42.492237 0.022532  0.000058  0.008749  0.238245  0.928651  0.284336  -0.954618  0.170039  0.244521  0.178726  -0.329688  0.927018  -0.060647  -0.011155  -0.017051  -0.669711  -0.104383  -1.519520  1.000000  
42.493481 0.022458  0.000048  0.008732  0.239846  0.928454  0.283634  -0.954340  0.171901  0.244304  0.178068  -0.329278  0.927290  -0.060695  -0.010908  -0.016653  -0.670461  -0.109627  -1.507299  1.000000  
42.494481 0.022400  0.000039  0.008719  0.241244  0.928333  0.282840  -0.954086  0.173558  0.244126  0.177541  -0.328748  0.927580  -0.060638  -0.010738  -0.016194  -0.681828  -0.111140  -1.502991  1.000000  
42.495731 0.022326  0.000028  0.008703  0.243041  0.928127  0.281977  -0.953752  0.175639  0.243942  0.176883  -0.328224  0.927891  -0.060650  -0.010612  -0.015678  -0.685998  -0.105389  -1.507639  1.000000  
42.496733 0.022267  0.000019  0.008691  0.244242  0.928002  0.281349  -0.953543  0.177073  0.243723  0.176356  -0.327806  0.928139  -0.060600  -0.010478  -0.015294  -0.689826  -0.111855  -1.493197  1.000000  
42.497983 0.022192  0.000007  0.008677  0.245848  0.927780  0.280683  -0.953276  0.178974  0.243378  0.175566  -0.327402  0.928431  -0.060553  -0.010363  -0.014784  -0.688928  -0.119323  -1.474043  1.000000  
42.499231 0.022116  -0.000005  0.008662  0.247447  0.927599  0.279875  -0.952983  0.180862  0.243129  0.174907  -0.326878  0.928740  -0.060449  -0.010222  -0.014430  -0.690478  -0.118999  -1.462071  1.000000  
42.500231 0.022056  -0.000015  0.008652  0.249040  0.927391  0.279150  -0.952665  0.182676  0.243020  0.174380  -0.326458  0.928987  -0.060288  -0.010083  -0.014011  -0.693758  -0.115378  -1.460743  1.000000  
42.501481 0.021980  -0.000028  0.008638  0.251036  0.927115  0.278277  -0.952285  0.184986  0.242761  0.173590  -0.325941  0.929316  -0.060155  -0.009969  -0.013598  -0.697989  -0.113833  -1.467240  1.000000  
42.502731 0.021905  -0.000040  0.008624  0.252836  0.926872  0.277457  -0.951953  0.187103  0.242441  0.172799  -0.325423  0.929645  -0.060048  -0.009779  -0.013216  -0.702365  -0.116510  -1.475364  1.000000  
42.503732 0.021845  -0.000049  0.008615  0.254427  0.926652  0.276736  -0.951625  0.188916  0.242326  0.172272  -0.325003  0.929890  -0.059955  -0.009647  -0.012747  -0.706872  -0.110619  -1.480381  1.000000  
42.504738 0.021786  -0.000057  0.008607  0.256018  0.926429  0.276016  -0.951293  0.190727  0.242208  0.171745  -0.324582  0.930135  -0.059776  -0.009348  -0.012049  -0.711650  -0.103707  -1.489385  1.000000  
42.505991 0.021712  -0.000067  0.008598  0.258012  0.926133  0.275151  -0.950897  0.193032  0.241938  0.170954  -0.324063  0.930461  -0.059603  -0.009133  -0.011264  -0.715763  -0.106381  -1.497006  1.000000  
42.507237 0.021638  -0.000077  0.008591  0.260005  0.925831  0.274288  -0.950496  0.195336  0.241665  0.170163  -0.323544  0.930787  -0.059610  -0.008997  -0.010561  -0.721316  -0.102585  -1.510186  1.000000  
42.508237 0.021579  -0.000084  0.008587  0.261594  0.925595  0.273573  -0.950154  0.197145  0.241540  0.169635  -0.323122  0.931030  -0.059576  -0.008938  -0.009814  -0.722927  -0.094472  -1.521565  1.000000  
42.509237 0.021520  -0.000092  0.008582  0.263183  0.925355  0.272859  -0.949809  0.198953  0.241414  0.169108  -0.322700  0.931272  -0.059677  -0.008876  -0.009255  -0.727432  -0.088560  -1.526676  1.000000  
42.510483 0.021444  -0.000103  0.008578  0.265168  0.925051  0.271968  -0.949374  0.201211  0.241253  0.168448  -0.322172  0.931574  -0.059811  -0.008852  -0.008510  -0.733650  -0.079516  -1.540106  1.000000  
42.511734 0.021367  -0.000113  0.008572  0.267153  0.924708  0.271191  -0.948934  0.203440  0.241114  0.167789  -0.321756  0.931837  -0.059931  -0.008813  -0.007868  -0.730263  -0.072551  -1.549678  1.000000  
42.512984 0.021290  -0.000124  0.008567  0.269332  0.924350  0.270254  -0.948435  0.205887  0.241003  0.167129  -0.321228  0.932138  -0.060131  -0.008779  -0.007204  -0.736263  -0.063658  -1.562660  1.000000  
42.514231 0.021211  -0.000136  0.008564  0.271314  0.924029  0.269368  -0.947985  0.208142  0.240833  0.166470  -0.320699  0.932438  -0.060369  -0.008741  -0.006550  -0.737582  -0.055847  -1.574040  1.000000  
42.515231 0.021147  -0.000145  0.008562  0.272900  0.923735  0.268773  -0.947623  0.209916  0.240720  0.165942  -0.320388  0.932639  -0.060628  -0.008657  -0.006006  -0.734631  -0.048543  -1.584406  1.000000  
42.516483 0.021066  -0.000156  0.008560  0.274686  0.923448  0.267941  -0.947222  0.211979  0.240490  0.165282  -0.319858  0.932937  -0.060984  -0.008509  -0.005095  -0.734790  -0.047187  -1.590860  1.000000  
42.517731 0.020985  -0.000166  0.008559  0.276471  0.923123  0.267222  -0.946817  0.214012  0.240283  0.164622  -0.319442  0.933197  -0.061395  -0.008430  -0.004230  -0.731309  -0.040802  -1.597029  1.000000  
42.518731 0.020920  -0.000174  0.008560  0.278055  0.922851  0.266519  -0.946445  0.215812  0.240139  0.164094  -0.319017  0.933435  -0.061719  -0.008280  -0.003683  -0.733316  -0.037089  -1.610870  1.000000  
42.519981 0.020838  -0.000182  0.008562  0.279833  0.922530  0.265767  -0.946012  0.217802  0.240048  0.163566  -0.318593  0.933673  -0.062222  -0.008176  -0.002863  -0.729151  -0.027243  -1.613820  1.000000  
42.520984 0.020773  -0.000188  0.008564  0.281416  0.922250  0.265067  -0.945634  0.219601  0.239900  0.163038  -0.318168  0.933910  -0.062654  -0.008118  -0.002301  -0.729416  -0.025750  -1.620105  1.000000  
42.521992 0.020707  -0.000195  0.008565  0.282803  0.921980  0.264529  -0.945311  0.221180  0.239722  0.162510  -0.317856  0.934108  -0.063146  -0.008043  -0.001733  -0.725013  -0.020443  -1.624090  1.000000  
42.523240 0.020623  -0.000204  0.008568  0.284586  0.921667  0.263705  -0.944889  0.223237  0.239478  0.161850  -0.317324  0.934403  -0.063828  -0.008026  -0.001170  -0.729123  -0.019031  -1.630419  1.000000  
42.524488 0.020540  -0.000213  0.008570  0.286555  0.921284  0.262910  -0.944384  0.225413  0.239432  0.161322  -0.316899  0.934639  -0.064383  -0.007970  -0.000710  -0.721232  -0.013486  -1.635553  1.000000  
42.525736 0.020454  -0.000223  0.008574  0.288330  0.920943  0.262165  -0.943934  0.227398  0.239331  0.160794  -0.316473  0.934875  -0.064999  -0.007881  -0.000146  -0.716275  -0.010080  -1.634329  1.000000  
42.526989 0.020368  -0.000233  0.008577  0.290304  0.920569  0.261298  -0.943441  0.229641  0.239133  0.160134  -0.315940  0.935168  -0.065672  -0.007839  0.000469  -0.718598  -0.000077  -1.652311  1.000000  
42.528232 0.020282  -0.000242  0.008582  0.292077  0.920218  0.260556  -0.942983  0.231623  0.239026  0.159605  -0.315514  0.935402  -0.066215  -0.007710  0.001088  -0.718984  0.005649  -1.657834  1.000000  
42.529481 0.020194  -0.000252  0.008589  0.294037  0.919859  0.259617  -0.942441  0.233783  0.239062  0.159209  -0.314967  0.935654  -0.066767  -0.007540  0.001811  -0.719328  0.015415  -1.661563  1.000000  
42.530731 0.020106  -0.000260  0.008596  0.295808  0.919531  0.258766  -0.941976  0.235793  0.238922  0.158681  -0.314426  0.935926  -0.067203  -0.007397  0.002326  -0.717124  0.020753  -1.652365  1.000000  
42.531731 0.020036  -0.000268  0.008601  0.297384  0.919216  0.258077  -0.941568  0.237583  0.238755  0.158152  -0.313999  0.936158  -0.067663  -0.007280  0.002841  -0.717423  0.022212  -1.658947  1.000000  
42.532984 0.019948  -0.000274  0.008609  0.299154  0.918880  0.257229  -0.941096  0.239591  0.238610  0.157624  -0.313458  0.936429  -0.068039  -0.007059  0.003328  -0.715176  0.027559  -1.649641  1.000000  
42.534231 0.019860  -0.000281  0.008617  0.301310  0.918439  0.256284  -0.940496  0.241976  0.238567  0.157095  -0.312917  0.936699  -0.068494  -0.006961  0.003738  -0.715568  0.033080  -1.655274  1.000000  
42.535481 0.019772  -0.000287  0.008623  0.303272  0.918012  0.255501  -0.939954  0.244141  0.238499  0.156567  -0.312489  0.936930  -0.068970  -0.006823  0.004062  -0.710968  0.040656  -1.653151  1.000000  
42.536488 0.019701  -0.000293  0.008629  0.304832  0.917706  0.254740  -0.939493  0.245848  0.238562  0.156302  -0.312047  0.937121  -0.069340  -0.006716  0.004367  -0.710150  0.048320  -1.649965  1.000000  
42.537731 0.019611  -0.000300  0.008637  0.306792  0.917301  0.253847  -0.938943  0.248040  0.238458  0.155774  -0.311505  0.937389  -0.069732  -0.006655  0.004657  -0.709182  0.055826  -1.647492  1.000000  
42.538738 0.019539  -0.000306  0.008642  0.308357  0.916944  0.253238  -0.938496  0.249756  0.238428  0.155377  -0.311184  0.937562  -0.070058  -0.006476  0.004974  -0.703757  0.059651  -1.645358  1.000000  
42.539738 0.019467  -0.000311  0.008649  0.309922  0.916615  0.252519  -0.938046  0.251501  0.238365  0.154981  -0.310748  0.937772  -0.070361  -0.006374  0.005204  -0.702896  0.063139  -1.643772  1.000000  
42.540987 0.019375  -0.000320  0.008659  0.311879  0.916195  0.251630  -0.937484  0.253689  0.238255  0.154452  -0.310206  0.938039  -0.070837  -0.006296  0.005737  -0.706045  0.066553  -1.642569  1.000000  
42.542236 0.019283  -0.000328  0.008669  0.314020  0.915731  0.250654  -0.936834  0.256026  0.238312  0.154055  -0.309656  0.938286  -0.071200  -0.006176  0.006094  -0.706498  0.076324  -1.646766  1.000000  
42.543481 0.019190  -0.000336  0.008679  0.315975  0.915331  0.249658  -0.936264  0.258241  0.238163  0.153526  -0.308999  0.938589  -0.071558  -0.006082  0.006435  -0.708903  0.076899  -1.639523  1.000000  
42.544488 0.019117  -0.000341  0.008689  0.317536  0.914986  0.248942  -0.935800  0.259982  0.238091  0.153130  -0.308563  0.938797  -0.071731  -0.005906  0.006676  -0.707560  0.080837  -1.637277  1.000000  
42.545731 0.019024  -0.000347  0.008700  0.319482  0.914559  0.248019  -0.935203  0.262126  0.238088  0.152733  -0.308012  0.939043  -0.072203  -0.005779  0.006952  -0.711364  0.087972  -1.635593  1.000000  
42.546731 0.018949  -0.000352  0.008708  0.321234  0.914152  0.247256  -0.934667  0.264053  0.238062  0.152336  -0.307576  0.939250  -0.072452  -0.005633  0.007121  -0.712445  0.096386  -1.646730  1.000000  
42.547983 0.018856  -0.000358  0.008718  0.323184  0.913732  0.246265  -0.934081  0.266263  0.237902  0.151807  -0.306917  0.939551  -0.072803  -0.005587  0.007290  -0.720651  0.101857  -1.651800  1.000000  
42.549231 0.018762  -0.000364  0.008729  0.324941  0.913332  0.245435  -0.933557  0.268255  0.237720  0.151278  -0.306373  0.939814  -0.073210  -0.005489  0.007543  -0.723806  0.105275  -1.650673  1.000000  
42.550231 0.018686  -0.000368  0.008738  0.326498  0.912967  0.244725  -0.933078  0.269990  0.237637  0.150882  -0.305935  0.940020  -0.073607  -0.005481  0.007794  -0.723310  0.104528  -1.651154  1.000000  
42.551481 0.018591  -0.000374  0.008751  0.328630  0.912490  0.243648  -0.932393  0.272346  0.237637  0.150485  -0.305270  0.940300  -0.074038  -0.005413  0.008102  -0.732916  0.115584  -1.661772  1.000000  
42.552487 0.018513  -0.000380  0.008761  0.330186  0.912117  0.242939  -0.931907  0.274079  0.237549  0.150088  -0.304832  0.940506  -0.074453  -0.005416  0.008417  -0.732642  0.119127  -1.661627  1.000000  
42.553733 0.018415  -0.000387  0.008774  0.332322  0.911616  0.241907  -0.931233  0.276471  0.237423  0.149559  -0.304172  0.940804  -0.074986  -0.005446  0.008793  -0.737391  0.122235  -1.673426  1.000000  
42.554736 0.018335  -0.000394  0.008786  0.334067  0.911178  0.241152  -0.930672  0.278389  0.237381  0.149162  -0.303734  0.941008  -0.075467  -0.005513  0.009163  -0.741788  0.127935  -1.678745  1.000000  
42.555739 0.018256  -0.000400  0.008799  0.335811  0.910736  0.240398  -0.930107  0.280307  0.237336  0.148765  -0.303296  0.941212  -0.075818  -0.005449  0.009477  -0.746972  0.132447  -1.690989  1.000000  
42.556988 0.018157  -0.000408  0.008812  0.337937  0.910231  0.239327  -0.929401  0.282656  0.237319  0.148368  -0.302629  0.941490  -0.076301  -0.005400  0.009694  -0.751474  0.141010  -1.695544  1.000000  
42.558241 0.018056  -0.000415  0.008826  0.339870  0.909751  0.238416  -0.928759  0.284787  0.237284  0.147971  -0.302076  0.941730  -0.076827  -0.005398  0.009957  -0.755713  0.143286  -1.701572  1.000000  
42.559479 0.017956  -0.000423  0.008840  0.341802  0.909265  0.237506  -0.928113  0.286917  0.237245  0.147574  -0.301523  0.941969  -0.077456  -0.005471  0.010103  -0.755165  0.145486  -1.701049  1.000000  
42.560489 0.017876  -0.000429  0.008851  0.343351  0.908864  0.236805  -0.927604  0.288643  0.237141  0.147177  -0.301084  0.942172  -0.077784  -0.005525  0.010267  -0.755331  0.147901  -1.707049  1.000000  
42.561734 0.017774  -0.000435  0.008865  0.345471  0.908338  0.235739  -0.926879  0.290986  0.237111  0.146780  -0.300416  0.942447  -0.078383  -0.005574  0.010563  -0.759773  0.153217  -1.712576  1.000000  
42.562984 0.017673  -0.000443  0.008880  0.347399  0.907837  0.234832  -0.926221  0.293112  0.237064  0.146383  -0.299862  0.942685  -0.079000  -0.005690  0.010837  -0.759897  0.162885  -1.716442  1.000000  
42.564231 0.017569  -0.000450  0.008896  0.349516  0.907299  0.233768  -0.925487  0.295453  0.237026  0.145986  -0.299194  0.942959  -0.079510  -0.005786  0.011135  -0.763202  0.164760  -1.715560  1.000000  
