1-Time 2-Px 3-Py 4-Pz 5-R11 6-R21 7-R31 8-R12 9-R22 10-R32 11-R13 12-R23 13-R33 14-Vx 15-Vy 16-Vz 17-Wx 18-Wy 19-Wz 20-state
39.829574 0.028729  -0.008515  -0.029228  0.403809  0.903628  0.142809  -0.760881  0.245063  0.600836  0.507935  -0.351283  0.786512  0.018718  0.004978  0.007708  0.147145  0.467246  0.464484  1.000000  
39.830666 0.028745  -0.008510  -0.029221  0.403557  0.903745  0.142784  -0.760784  0.244752  0.601086  0.508281  -0.351200  0.786326  0.021554  0.006494  0.009350  0.149547  0.461265  0.466305  1.000000  
39.831668 0.028758  -0.008508  -0.029198  0.403273  0.903883  0.142711  -0.760627  0.244400  0.601428  0.508742  -0.351089  0.786078  0.016213  0.003873  0.017359  0.149632  0.461167  0.466108  1.000000  
39.832679 0.028764  -0.008510  -0.029163  0.403209  0.903944  0.142503  -0.760506  0.244390  0.601584  0.508972  -0.350938  0.785996  0.012493  0.001908  0.023676  0.139335  0.450897  0.456964  1.000000  
39.833681 0.028771  -0.008508  -0.029133  0.402988  0.904039  0.142528  -0.760469  0.244121  0.601741  0.509203  -0.350883  0.785871  0.011158  0.001894  0.025176  0.139416  0.442668  0.453208  1.000000  
39.834921 0.028784  -0.008500  -0.029105  0.402800  0.904128  0.142493  -0.760492  0.243967  0.601775  0.509318  -0.350760  0.785852  0.010881  0.002937  0.024571  0.130328  0.422927  0.442333  1.000000  
39.836168 0.028791  -0.008490  -0.029083  0.402580  0.904240  0.142409  -0.760454  0.243771  0.601902  0.509548  -0.350609  0.785770  0.009914  0.003990  0.023264  0.122991  0.409211  0.429657  1.000000  
39.837433 0.028792  -0.008481  -0.029059  0.402359  0.904351  0.142325  -0.760416  0.243575  0.602029  0.509778  -0.350458  0.785688  0.008274  0.004475  0.022444  0.119010  0.396903  0.423975  1.000000  
39.838438 0.028792  -0.008473  -0.029041  0.402295  0.904395  0.142227  -0.760296  0.243492  0.602214  0.510008  -0.350402  0.785563  0.007304  0.004867  0.021949  0.109046  0.388536  0.409084  1.000000  
39.839673 0.028795  -0.008461  -0.029016  0.402264  0.904417  0.142178  -0.760235  0.243450  0.602307  0.510124  -0.350375  0.785501  0.006752  0.005491  0.021698  0.104812  0.375726  0.394993  1.000000  
39.840674 0.028800  -0.008452  -0.028995  0.402107  0.904450  0.142411  -0.760318  0.243191  0.602307  0.510124  -0.350470  0.785458  0.006535  0.005855  0.021699  0.108916  0.355322  0.385855  1.000000  
39.841747 0.028802  -0.008445  -0.028970  0.401950  0.904482  0.142645  -0.760401  0.242932  0.602308  0.510124  -0.350565  0.785416  0.006172  0.005861  0.021819  0.110220  0.339373  0.373542  1.000000  
39.842921 0.028802  -0.008440  -0.028933  0.401794  0.904515  0.142879  -0.760484  0.242672  0.602308  0.510124  -0.350660  0.785373  0.005609  0.005749  0.022711  0.109636  0.321083  0.364115  1.000000  
39.844167 0.028799  -0.008437  -0.028887  0.401669  0.904526  0.143161  -0.760627  0.242455  0.602215  0.510008  -0.350784  0.785393  0.004892  0.005448  0.023893  0.110269  0.294941  0.345905  1.000000  
39.845170 0.028792  -0.008438  -0.028849  0.401513  0.904558  0.143395  -0.760710  0.242195  0.602215  0.510008  -0.350879  0.785350  0.003560  0.005006  0.025375  0.000000  0.000000  0.000000  1.000000  
39.846444 0.028780  -0.008441  -0.028797  0.401324  0.904595  0.143690  -0.760732  0.241822  0.602337  0.510124  -0.351041  0.785203  0.001536  0.004567  0.027094  0.000000  0.000000  0.000000  1.000000  
39.847671 0.028768  -0.008441  -0.028753  0.401136  0.904649  0.143874  -0.760754  0.241521  0.602429  0.510239  -0.351109  0.785098  0.000295  0.004599  0.027346  0.000000  0.000000  0.000000  1.000000  
39.848919 0.028756  -0.008437  -0.028719  0.400791  0.904753  0.144183  -0.760859  0.241034  0.602492  0.510354  -0.351176  0.784993  -0.001168  0.004663  0.027174  0.000000  0.000000  0.000000  1.000000  
39.849920 0.028745  -0.008431  -0.028697  0.400634  0.904803  0.144307  -0.760941  0.240847  0.602463  0.510354  -0.351176  0.784993  -0.002572  0.004610  0.027183  0.000000  0.000000  0.000000  1.000000  
39.850923 0.028732  -0.008424  -0.028672  0.400634  0.904803  0.144307  -0.760941  0.240847  0.602463  0.510354  -0.351176  0.784993  -0.003991  0.004460  0.027817  0.000000  0.000000  0.000000  1.000000  
39.852172 0.028714  -0.008416  -0.028634  0.400477  0.904852  0.144431  -0.761024  0.240661  0.602433  0.510354  -0.351176  0.784993  -0.005265  0.004407  0.028880  0.000000  0.000000  0.000000  1.000000  
39.853189 0.028703  -0.008407  -0.028594  0.400477  0.904852  0.144431  -0.761024  0.240661  0.602433  0.510354  -0.351176  0.784993  -0.005992  0.004481  0.030284  0.000000  0.000000  0.000000  1.000000  
39.854419 0.028694  -0.008391  -0.028539  0.400445  0.904874  0.144382  -0.760963  0.240619  0.602526  0.510469  -0.351148  0.784931  -0.006659  0.004860  0.032212  0.000000  0.000000  0.000000  1.000000  
39.855487 0.028687  -0.008376  -0.028491  0.400382  0.904918  0.144284  -0.760842  0.240536  0.602712  0.510699  -0.351093  0.784806  -0.007600  0.005122  0.033977  0.000000  0.000000  0.000000  1.000000  
39.856674 0.028673  -0.008361  -0.028431  0.400318  0.904944  0.144296  -0.760721  0.240380  0.602927  0.510929  -0.351132  0.784639  -0.008644  0.005665  0.036081  0.000000  0.000000  0.000000  1.000000  
39.857923 0.028655  -0.008350  -0.028373  0.400379  0.904960  0.144026  -0.760457  0.240442  0.603235  0.511274  -0.351048  0.784452  -0.009993  0.006035  0.037375  0.000000  0.000000  0.000000  1.000000  
39.859175 0.028635  -0.008340  -0.028322  0.400408  0.904998  0.143706  -0.760133  0.240462  0.603636  0.511734  -0.350936  0.784202  -0.011020  0.006569  0.037732  0.000000  0.000000  0.000000  1.000000  
39.860425 0.028617  -0.008329  -0.028278  0.400312  0.905081  0.143449  -0.759951  0.240410  0.603885  0.512079  -0.350757  0.784057  -0.011561  0.007460  0.037305  0.000000  0.000000  0.000000  1.000000  
39.861676 0.028599  -0.008316  -0.028239  0.400373  0.905097  0.143178  -0.759687  0.240472  0.604193  0.512423  -0.350673  0.783869  -0.011917  0.008492  0.036524  0.000000  0.000000  0.000000  1.000000  
39.862919 0.028581  -0.008300  -0.028199  0.400622  0.905042  0.142832  -0.759400  0.240762  0.604438  0.512653  -0.350617  0.783744  -0.012346  0.009476  0.036488  0.000000  0.000000  0.000000  1.000000  
39.863920 0.028567  -0.008288  -0.028167  0.400682  0.905058  0.142560  -0.759136  0.240824  0.604745  0.512998  -0.350533  0.783556  -0.012676  0.009991  0.037061  0.000000  0.000000  0.000000  1.000000  
39.865169 0.028552  -0.008270  -0.028124  0.400898  0.905042  0.142055  -0.758789  0.241145  0.605053  0.513342  -0.350354  0.783410  -0.012683  0.010656  0.038068  0.000000  0.000000  0.000000  1.000000  
39.866169 0.028540  -0.008256  -0.028087  0.400958  0.905058  0.141783  -0.758524  0.241207  0.605360  0.513687  -0.350270  0.783222  -0.012558  0.011190  0.038762  0.000000  0.000000  0.000000  1.000000  
39.867169 0.028526  -0.008240  -0.028047  0.401018  0.905074  0.141512  -0.758259  0.241269  0.605667  0.514031  -0.350186  0.783034  -0.012502  0.011735  0.039144  0.000000  0.000000  0.000000  1.000000  
39.868171 0.028513  -0.008222  -0.028004  0.401266  0.905019  0.141164  -0.757972  0.241559  0.605910  0.514261  -0.350130  0.782908  -0.012669  0.012339  0.039380  0.000000  0.000000  0.000000  1.000000  
39.869420 0.028498  -0.008199  -0.027952  0.401449  0.905024  0.140609  -0.757564  0.241840  0.606309  0.514719  -0.349922  0.782699  -0.013172  0.012805  0.039000  0.017758  0.170150  0.056615  1.000000  
39.870669 0.028484  -0.008174  -0.027906  0.401508  0.905057  0.140227  -0.757298  0.241976  0.606586  0.515064  -0.349743  0.782553  -0.013411  0.013278  0.038250  0.002628  0.187158  0.051306  1.000000  
39.871684 0.028471  -0.008157  -0.027873  0.401755  0.905018  0.139769  -0.757011  0.242339  0.606800  0.515293  -0.349592  0.782470  -0.013481  0.013642  0.037011  -0.016052  0.202905  0.038880  1.000000  
39.872923 0.028451  -0.008137  -0.027836  0.401970  0.905018  0.139153  -0.756663  0.242735  0.607076  0.515637  -0.349318  0.782366  -0.013563  0.014201  0.035764  -0.039031  0.227839  0.030171  1.000000  
39.874174 0.028428  -0.008117  -0.027798  0.402028  0.905050  0.138770  -0.756397  0.242871  0.607352  0.515981  -0.349138  0.782219  -0.013804  0.014857  0.034911  -0.061913  0.247379  0.019420  1.000000  
39.875423 0.028407  -0.008096  -0.027758  0.402087  0.905083  0.138388  -0.756132  0.243008  0.607628  0.516325  -0.348959  0.782072  -0.014042  0.015521  0.034708  -0.073650  0.262178  0.019512  1.000000  
39.876424 0.028391  -0.008078  -0.027721  0.402145  0.905099  0.138116  -0.755866  0.243070  0.607934  0.516668  -0.348874  0.781883  -0.014106  0.016129  0.035127  -0.084209  0.273127  0.012271  1.000000  
39.877683 0.028373  -0.008057  -0.027668  0.402359  0.905081  0.137608  -0.755517  0.243393  0.608238  0.517012  -0.348695  0.781736  -0.014081  0.016502  0.036008  -0.107198  0.292964  -0.005634  1.000000  
39.878922 0.028357  -0.008035  -0.027610  0.402540  0.905085  0.137051  -0.755107  0.243675  0.608634  0.517470  -0.348488  0.781525  -0.014014  0.016908  0.037167  -0.126126  0.312707  -0.016373  1.000000  
39.880170 0.028341  -0.008012  -0.027550  0.402565  0.905139  0.136619  -0.754780  0.243771  0.609002  0.517928  -0.348280  0.781314  -0.014096  0.017260  0.038271  -0.137365  0.333981  -0.019876  1.000000  
39.881420 0.028324  -0.007988  -0.027497  0.402810  0.905083  0.136270  -0.754492  0.244061  0.609243  0.518157  -0.348224  0.781188  -0.014143  0.017637  0.038694  -0.143308  0.344161  -0.026812  1.000000  
39.882669 0.028307  -0.007964  -0.027452  0.403088  0.905004  0.135970  -0.754265  0.244393  0.609391  0.518271  -0.348195  0.781124  -0.014220  0.017829  0.038293  -0.153906  0.355424  -0.041110  1.000000  
39.883672 0.028294  -0.007944  -0.027422  0.403178  0.905014  0.135636  -0.754059  0.244571  0.609573  0.518500  -0.348044  0.781040  -0.014204  0.017921  0.037367  -0.162838  0.364844  -0.045032  1.000000  
39.884919 0.028278  -0.007919  -0.027385  0.403456  0.904935  0.135336  -0.753832  0.244902  0.609721  0.518614  -0.348016  0.780976  -0.014353  0.017922  0.036542  -0.168666  0.366806  -0.055420  1.000000  
39.886169 0.028260  -0.007898  -0.027346  0.403700  0.904878  0.134986  -0.753544  0.245193  0.609961  0.518843  -0.347959  0.780850  -0.014569  0.017804  0.036346  -0.179795  0.371517  -0.066103  1.000000  
39.887425 0.028237  -0.007880  -0.027301  0.404133  0.904749  0.134560  -0.753233  0.245711  0.610137  0.518958  -0.347931  0.780786  -0.014807  0.017660  0.036608  -0.186881  0.368071  -0.080436  1.000000  
39.888674 0.028214  -0.007862  -0.027252  0.404565  0.904619  0.134133  -0.752922  0.246228  0.610312  0.519072  -0.347903  0.780723  -0.014928  0.017537  0.037481  -0.199210  0.366051  -0.102810  1.000000  
39.889675 0.028197  -0.007848  -0.027206  0.404842  0.904539  0.133833  -0.752694  0.246560  0.610459  0.519186  -0.347875  0.780659  -0.014753  0.017368  0.038540  -0.201361  0.361718  -0.109236  1.000000  
39.890924 0.028179  -0.007830  -0.027147  0.405119  0.904444  0.133642  -0.752466  0.246817  0.610636  0.519301  -0.347941  0.780554  -0.014687  0.017136  0.039631  -0.196666  0.355570  -0.118089  1.000000  
39.892172 0.028161  -0.007812  -0.027085  0.405584  0.904291  0.133264  -0.752216  0.247376  0.610718  0.519301  -0.347941  0.780554  -0.014609  0.016902  0.040352  -0.205489  0.351025  -0.135367  1.000000  
39.893421 0.028140  -0.007793  -0.027026  0.406170  0.904093  0.132821  -0.751820  0.248005  0.610950  0.519415  -0.348007  0.780448  -0.014873  0.016711  0.040461  -0.210495  0.347244  -0.153962  1.000000  
39.894424 0.028124  -0.007777  -0.026983  0.406634  0.903924  0.132554  -0.751569  0.248489  0.611062  0.519415  -0.348102  0.780406  -0.015107  0.016611  0.040131  -0.211736  0.340123  -0.166056  1.000000  
39.895430 0.028110  -0.007758  -0.026944  0.406911  0.903843  0.132252  -0.751341  0.248821  0.611208  0.519529  -0.348074  0.780342  -0.015211  0.016596  0.039542  -0.211245  0.338334  -0.173250  1.000000  
39.896669 0.028092  -0.007733  -0.026897  0.407496  0.903645  0.131809  -0.750944  0.249450  0.611439  0.519644  -0.348140  0.780237  -0.015218  0.016640  0.039385  -0.212698  0.332292  -0.186180  1.000000  
39.897669 0.028077  -0.007715  -0.026858  0.407772  0.903548  0.131617  -0.750715  0.249707  0.611615  0.519758  -0.348206  0.780131  -0.015326  0.016555  0.039581  -0.212295  0.326552  -0.195127  1.000000  
39.898669 0.028061  -0.007698  -0.026814  0.408390  0.903326  0.131223  -0.750379  0.250376  0.611754  0.519758  -0.348301  0.780089  -0.015578  0.016369  0.040549  -0.213132  0.321774  -0.213040  1.000000  
39.899919 0.028038  -0.007681  -0.026750  0.408975  0.903110  0.130888  -0.749982  0.250931  0.612014  0.519872  -0.348462  0.779941  -0.016053  0.015903  0.042312  -0.208186  0.314297  -0.229295  1.000000  
39.900921 0.028018  -0.007668  -0.026697  0.409438  0.902939  0.130620  -0.749729  0.251414  0.612125  0.519872  -0.348556  0.779898  -0.016420  0.015637  0.043989  -0.207202  0.310849  -0.243709  1.000000  
39.902170 0.027991  -0.007652  -0.026629  0.410022  0.902723  0.130284  -0.749331  0.251968  0.612385  0.519986  -0.348717  0.779750  -0.016690  0.015406  0.045603  -0.200685  0.309228  -0.254368  1.000000  
39.903426 0.027964  -0.007637  -0.026566  0.410638  0.902483  0.129999  -0.748993  0.252563  0.612554  0.519986  -0.348906  0.779666  -0.016934  0.015203  0.046493  -0.196766  0.302400  -0.279821  1.000000  
39.904692 0.027937  -0.007621  -0.026507  0.411376  0.902214  0.129537  -0.748509  0.253302  0.612840  0.520101  -0.349067  0.779517  -0.017390  0.015126  0.046581  -0.195256  0.301216  -0.299419  1.000000  
39.905924 0.027909  -0.007604  -0.026452  0.411958  0.901981  0.129310  -0.748109  0.253781  0.613130  0.520215  -0.349322  0.779327  -0.017961  0.015067  0.046317  -0.194222  0.300789  -0.319710  1.000000  
39.906925 0.027888  -0.007590  -0.026410  0.412541  0.901763  0.128974  -0.747708  0.254334  0.613389  0.520329  -0.349483  0.779179  -0.018528  0.015036  0.045766  -0.192759  0.299649  -0.339336  1.000000  
39.908176 0.027860  -0.007572  -0.026357  0.413243  0.901499  0.128569  -0.747161  0.254957  0.613797  0.520558  -0.349709  0.778924  -0.018963  0.014994  0.045382  -0.185755  0.300197  -0.354194  1.000000  
39.909422 0.027834  -0.007552  -0.026302  0.413978  0.901212  0.128215  -0.746675  0.255620  0.614113  0.520672  -0.349964  0.778733  -0.019336  0.014968  0.045422  -0.188018  0.297583  -0.380923  1.000000  
39.910423 0.027813  -0.007535  -0.026255  0.414525  0.901000  0.127936  -0.746212  0.256057  0.614494  0.520900  -0.350190  0.778479  -0.019774  0.014823  0.045939  -0.180583  0.300731  -0.396516  1.000000  
39.911428 0.027791  -0.007520  -0.026204  0.415071  0.900788  0.127656  -0.745748  0.256493  0.614875  0.521129  -0.350416  0.778224  -0.020408  0.014469  0.046986  -0.179216  0.312096  -0.410705  1.000000  
39.912669 0.027760  -0.007502  -0.026133  0.415890  0.900493  0.127072  -0.745052  0.257259  0.615398  0.521471  -0.350613  0.777906  -0.021131  0.014198  0.048355  -0.180047  0.327355  -0.425017  1.000000  
39.913918 0.027728  -0.007485  -0.026059  0.416555  0.900235  0.126723  -0.744441  0.257764  0.615926  0.521814  -0.350905  0.777545  -0.021960  0.013928  0.049472  -0.174297  0.341076  -0.444460  1.000000  
39.914918 0.027701  -0.007471  -0.026002  0.417252  0.899969  0.126315  -0.743890  0.258385  0.616332  0.522042  -0.351130  0.777290  -0.022453  0.013965  0.049906  -0.172979  0.352374  -0.458523  1.000000  
39.915919 0.027673  -0.007457  -0.025946  0.417762  0.899780  0.125982  -0.743363  0.258778  0.616802  0.522384  -0.351327  0.776971  -0.022952  0.014061  0.050054  -0.169595  0.364311  -0.471142  1.000000  
39.917169 0.027636  -0.007439  -0.025882  0.418577  0.899483  0.125394  -0.742664  0.259542  0.617323  0.522727  -0.351523  0.776652  -0.023632  0.014262  0.049824  -0.168359  0.379886  -0.483551  1.000000  
39.918175 0.027606  -0.007423  -0.025833  0.419085  0.899293  0.125059  -0.742136  0.259935  0.617792  0.523069  -0.351719  0.776333  -0.024258  0.014509  0.049686  -0.163450  0.392864  -0.490336  1.000000  
39.919426 0.027568  -0.007403  -0.025774  0.419898  0.898980  0.124579  -0.741435  0.260623  0.618344  0.523411  -0.352009  0.775971  -0.025072  0.014759  0.049790  -0.158142  0.408446  -0.502663  1.000000  
39.920449 0.027537  -0.007387  -0.025725  0.420557  0.898721  0.124225  -0.740820  0.261125  0.618869  0.523753  -0.352298  0.775609  -0.025576  0.014884  0.049979  -0.156715  0.427735  -0.512604  1.000000  
39.921680 0.027500  -0.007365  -0.025660  0.421333  0.898431  0.123691  -0.740056  0.261771  0.619510  0.524209  -0.352558  0.775182  -0.026243  0.015262  0.050862  -0.151558  0.447650  -0.523319  1.000000  
39.922928 0.027464  -0.007342  -0.025590  0.422108  0.898126  0.123264  -0.739292  0.262340  0.620182  0.524664  -0.352912  0.774713  -0.026885  0.015630  0.051996  -0.149295  0.472048  -0.535100  1.000000  
39.924174 0.027427  -0.007318  -0.025517  0.423033  0.897752  0.122818  -0.738439  0.263019  0.620910  0.525120  -0.353359  0.774200  -0.027618  0.015832  0.053225  -0.137000  0.491373  -0.542250  1.000000  
39.925426 0.027389  -0.007297  -0.025443  0.423957  0.897377  0.122369  -0.737585  0.263696  0.621638  0.525575  -0.353806  0.773687  -0.028436  0.015858  0.054195  -0.129777  0.511707  -0.558643  1.000000  
39.926671 0.027349  -0.007277  -0.025370  0.424879  0.897017  0.121811  -0.736729  0.264447  0.622333  0.526031  -0.354158  0.773217  -0.029107  0.015987  0.054647  -0.129715  0.535693  -0.573466  1.000000  
39.927675 0.027317  -0.007261  -0.025315  0.425531  0.896742  0.121559  -0.736108  0.264870  0.622887  0.526372  -0.354538  0.772810  -0.029643  0.016113  0.054413  -0.116741  0.548744  -0.580094  1.000000  
39.928722 0.027283  -0.007245  -0.025262  0.426334  0.896412  0.121177  -0.735399  0.265476  0.623466  0.526713  -0.354919  0.772403  -0.030010  0.016236  0.053857  -0.111271  0.567588  -0.589409  1.000000  
39.929933 0.027241  -0.007224  -0.025197  0.427403  0.895982  0.120595  -0.734452  0.266334  0.624216  0.527168  -0.355363  0.771888  -0.030685  0.016517  0.053525  -0.106238  0.588124  -0.600281  1.000000  
39.931169 0.027198  -0.007203  -0.025134  0.428470  0.895536  0.120118  -0.733504  0.267114  0.624998  0.527623  -0.355900  0.771330  -0.031249  0.016713  0.053280  -0.100630  0.614900  -0.614251  1.000000  
39.932185 0.027163  -0.007186  -0.025083  0.429233  0.895230  0.119681  -0.732730  0.267677  0.625664  0.528077  -0.356249  0.770857  -0.031573  0.016895  0.053355  -0.095411  0.634230  -0.623971  1.000000  
39.933422 0.027120  -0.007163  -0.025014  0.430296  0.894783  0.119201  -0.731779  0.268454  0.626444  0.528532  -0.356785  0.770298  -0.031903  0.017089  0.054025  -0.092679  0.658018  -0.637947  1.000000  
39.934676 0.027076  -0.007140  -0.024940  0.431356  0.894336  0.118719  -0.730825  0.269231  0.627223  0.528986  -0.357319  0.769738  -0.032271  0.017377  0.054888  -0.083584  0.678026  -0.648100  1.000000  
39.935919 0.027034  -0.007115  -0.024862  0.432565  0.893819  0.118214  -0.729781  0.270114  0.628059  0.529440  -0.357947  0.769134  -0.032579  0.017551  0.055871  -0.081639  0.702429  -0.668247  1.000000  
39.936921 0.027000  -0.007095  -0.024798  0.433508  0.893417  0.117801  -0.728974  0.270821  0.628691  0.529781  -0.358417  0.768681  -0.032934  0.017758  0.056584  -0.076514  0.718057  -0.679966  1.000000  
39.937925 0.026965  -0.007074  -0.024735  0.434449  0.893014  0.117387  -0.728166  0.271526  0.629323  0.530121  -0.358886  0.768227  -0.033254  0.017832  0.056995  -0.072500  0.733308  -0.693879  1.000000  
39.939181 0.026921  -0.007049  -0.024660  0.435688  0.892471  0.116928  -0.727177  0.272446  0.630069  0.530461  -0.359541  0.767686  -0.033750  0.017941  0.057033  -0.066890  0.751404  -0.710622  1.000000  
39.940425 0.026877  -0.007024  -0.024591  0.437038  0.891881  0.116393  -0.726035  0.273429  0.630959  0.530915  -0.360258  0.767036  -0.034117  0.018208  0.056818  -0.065108  0.772524  -0.732980  1.000000  
39.941673 0.026830  -0.007000  -0.024525  0.438272  0.891321  0.116037  -0.725042  0.274268  0.631737  0.531255  -0.361004  0.766449  -0.034638  0.018443  0.056316  -0.055614  0.782791  -0.753563  1.000000  
39.943003 0.026781  -0.006978  -0.024459  0.439616  0.890715  0.115604  -0.723895  0.275170  0.632659  0.531708  -0.361812  0.765753  -0.035275  0.018630  0.056276  -0.046080  0.795040  -0.769967  1.000000  
39.944168 0.026733  -0.006957  -0.024392  0.440845  0.890140  0.115351  -0.722897  0.275927  0.633470  0.532048  -0.362649  0.765121  -0.035605  0.018664  0.056211  -0.035957  0.807554  -0.789590  1.000000  
39.945172 0.026695  -0.006939  -0.024334  0.441812  0.889681  0.115195  -0.722140  0.276512  0.634079  0.532275  -0.363330  0.764640  -0.035879  0.018731  0.056763  -0.019949  0.809011  -0.804499  1.000000  
39.946420 0.026646  -0.006919  -0.024259  0.443038  0.889091  0.115046  -0.721138  0.277189  0.634923  0.532615  -0.364258  0.763962  -0.036284  0.018671  0.057523  -0.006448  0.819521  -0.824831  1.000000  
39.947420 0.026606  -0.006902  -0.024198  0.444150  0.888573  0.114755  -0.720286  0.277953  0.635555  0.532841  -0.364938  0.763479  -0.036624  0.018625  0.058094  0.003081  0.823353  -0.838855  1.000000  
39.948669 0.026557  -0.006881  -0.024122  0.445519  0.887924  0.114470  -0.719188  0.278809  0.636423  0.533181  -0.365864  0.762799  -0.037209  0.018660  0.058957  0.012810  0.836036  -0.863980  1.000000  
39.949671 0.026518  -0.006862  -0.024061  0.446628  0.887391  0.114282  -0.718332  0.279492  0.637090  0.533407  -0.366635  0.762270  -0.037265  0.018513  0.058639  0.025539  0.840834  -0.885172  1.000000  
39.950755 0.026479  -0.006843  -0.024004  0.447920  0.886774  0.114016  -0.717443  0.280398  0.637694  0.533520  -0.367435  0.761805  -0.037401  0.018311  0.057853  0.035019  0.844494  -0.904612  1.000000  
39.951919 0.026430  -0.006819  -0.023935  0.449282  0.886122  0.113723  -0.716337  0.281246  0.638562  0.533860  -0.368358  0.761122  -0.037974  0.018416  0.057516  0.044528  0.853439  -0.925538  1.000000  
39.953168 0.026381  -0.006795  -0.023869  0.450827  0.885385  0.113349  -0.715197  0.282316  0.639367  0.534086  -0.369311  0.760501  -0.038362  0.018265  0.056703  0.053745  0.855567  -0.948785  1.000000  
39.954169 0.026340  -0.006777  -0.023816  0.451928  0.884835  0.113261  -0.714333  0.282914  0.640069  0.534312  -0.370171  0.759924  -0.038764  0.018188  0.056298  0.062562  0.855686  -0.967336  1.000000  
39.955189 0.026299  -0.006758  -0.023763  0.453174  0.884226  0.113038  -0.713374  0.283693  0.640794  0.534538  -0.371029  0.759346  -0.039150  0.018002  0.056080  0.071514  0.860066  -0.988216  1.000000  
39.956425 0.026245  -0.006738  -0.023692  0.454711  0.883485  0.112656  -0.712225  0.284755  0.641600  0.534764  -0.371979  0.758722  -0.039677  0.017790  0.056435  0.080802  0.863051  -1.012422  1.000000  
39.957677 0.026192  -0.006718  -0.023618  0.456392  0.882657  0.112353  -0.710979  0.285840  0.642498  0.534991  -0.373112  0.758006  -0.040172  0.017712  0.057343  0.090441  0.868433  -1.041342  1.000000  
39.958930 0.026138  -0.006701  -0.023540  0.458031  0.881840  0.112098  -0.709669  0.286802  0.643518  0.535330  -0.374303  0.757178  -0.040293  0.017322  0.057678  0.099974  0.878124  -1.068242  1.000000  
39.960168 0.026085  -0.006683  -0.023462  0.459705  0.880995  0.111894  -0.708415  0.287801  0.644452  0.535556  -0.375525  0.756413  -0.040676  0.017092  0.058170  0.113232  0.883275  -1.091889  1.000000  
39.961177 0.026042  -0.006668  -0.023402  0.460938  0.880353  0.111871  -0.707442  0.288410  0.645248  0.535782  -0.376562  0.755738  -0.040916  0.017018  0.058073  0.134360  0.885833  -1.108526  1.000000  
39.962420 0.025988  -0.006649  -0.023331  0.462567  0.879519  0.111711  -0.706121  0.289282  0.646304  0.536120  -0.377840  0.754859  -0.041224  0.016858  0.057781  0.151539  0.889447  -1.132285  1.000000  
39.963420 0.025945  -0.006634  -0.023278  0.463795  0.878875  0.111681  -0.705143  0.289885  0.647101  0.536346  -0.378874  0.754180  -0.041517  0.016737  0.057212  0.167634  0.893175  -1.142779  1.000000  
39.964670 0.025892  -0.006614  -0.023214  0.465417  0.878039  0.111513  -0.703815  0.290750  0.648158  0.536685  -0.380148  0.753297  -0.041724  0.016558  0.056479  0.184711  0.900769  -1.164247  1.000000  
39.965919 0.025840  -0.006594  -0.023151  0.467219  0.877099  0.111369  -0.702448  0.291755  0.649189  0.536911  -0.381545  0.752430  -0.041951  0.016325  0.055907  0.201791  0.904228  -1.187127  1.000000  
39.966919 0.025799  -0.006578  -0.023098  0.468440  0.876439  0.111436  -0.701461  0.292270  0.650023  0.537137  -0.382665  0.751699  -0.042172  0.015998  0.055874  0.222291  0.906601  -1.198279  1.000000  
39.967921 0.025757  -0.006563  -0.023043  0.469948  0.875644  0.111339  -0.700279  0.293064  0.650940  0.537362  -0.383876  0.750920  -0.042310  0.015753  0.056013  0.239500  0.914170  -1.219797  1.000000  
39.969173 0.025703  -0.006546  -0.022971  0.471740  0.874673  0.111394  -0.698900  0.293898  0.652045  0.537588  -0.385449  0.749952  -0.042537  0.015276  0.056399  0.264814  0.922355  -1.241111  1.000000  
39.970174 0.025659  -0.006534  -0.022913  0.473240  0.873876  0.111288  -0.697711  0.294684  0.652963  0.537814  -0.386656  0.749169  -0.042716  0.014970  0.056712  0.281515  0.927187  -1.256835  1.000000  
39.971439 0.025604  -0.006518  -0.022841  0.475128  0.872883  0.111037  -0.696165  0.295725  0.654141  0.538152  -0.388100  0.748178  -0.042683  0.014612  0.056714  0.296335  0.940119  -1.282359  1.000000  
39.972674 0.025550  -0.006503  -0.022770  0.476867  0.871923  0.111125  -0.694713  0.296423  0.655368  0.538490  -0.389724  0.747090  -0.042820  0.014337  0.056520  0.322218  0.949051  -1.302255  1.000000  
39.973690 0.025506  -0.006491  -0.022716  0.478500  0.871060  0.110872  -0.693414  0.297376  0.656311  0.538716  -0.390925  0.746300  -0.042821  0.014211  0.055851  0.326681  0.960635  -1.322700  1.000000  
39.974925 0.025452  -0.006476  -0.022650  0.480515  0.870001  0.110468  -0.691756  0.298580  0.657513  0.539054  -0.392362  0.745301  -0.042896  0.014010  0.055011  0.330458  0.975714  -1.352065  1.000000  
39.975926 0.025409  -0.006463  -0.022600  0.482099  0.869152  0.110254  -0.690389  0.299402  0.658575  0.539392  -0.393616  0.744394  -0.042944  0.013905  0.054373  0.337633  0.993417  -1.376713  1.000000  
39.977175 0.025356  -0.006446  -0.022538  0.484146  0.868046  0.110000  -0.688779  0.300558  0.659733  0.539617  -0.395173  0.743405  -0.042816  0.013789  0.053787  0.351261  1.008871  -1.400973  1.000000  
39.978190 0.025313  -0.006432  -0.022488  0.485579  0.867242  0.110017  -0.687504  0.301112  0.660810  0.539955  -0.396513  0.742446  -0.042768  0.013642  0.053471  0.371572  1.019512  -1.406673  1.000000  
39.979421 0.025261  -0.006415  -0.022423  0.487475  0.866168  0.110099  -0.685984  0.301919  0.662021  0.540180  -0.398244  0.741355  -0.042804  0.013451  0.053651  0.386972  1.032488  -1.430115  1.000000  
39.980668 0.025207  -0.006399  -0.022356  0.489465  0.865033  0.110189  -0.684299  0.302693  0.663410  0.540518  -0.400118  0.740098  -0.042912  0.013206  0.053852  0.417299  1.052700  -1.450458  1.000000  
39.981668 0.025164  -0.006387  -0.022300  0.491210  0.864057  0.110080  -0.682869  0.303550  0.664490  0.540743  -0.401574  0.739145  -0.043013  0.012994  0.054080  0.429542  1.065081  -1.470190  1.000000  
39.982669 0.025121  -0.006374  -0.022245  0.492811  0.863129  0.110207  -0.681536  0.304144  0.665586  0.540968  -0.403118  0.738139  -0.043260  0.012921  0.054379  0.454349  1.075242  -1.483532  1.000000  
39.983734 0.025077  -0.006362  -0.022191  0.494548  0.862150  0.110087  -0.680097  0.304992  0.666669  0.541193  -0.404569  0.737179  -0.042954  0.012640  0.053692  0.465728  1.088351  -1.507993  1.000000  
39.984919 0.025022  -0.006347  -0.022128  0.496657  0.860960  0.109909  -0.678289  0.305999  0.668048  0.541531  -0.406341  0.735956  -0.043216  0.012686  0.053250  0.485244  1.111336  -1.529001  1.000000  
39.986169 0.024966  -0.006332  -0.022067  0.498802  0.859735  0.109781  -0.676533  0.307041  0.669349  0.541756  -0.408144  0.734792  -0.043302  0.012666  0.052495  0.502431  1.123434  -1.553837  1.000000  
39.987421 0.024909  -0.006318  -0.022011  0.500942  0.858494  0.109750  -0.674770  0.307995  0.670690  0.541981  -0.410032  0.733574  -0.043445  0.012603  0.051549  0.519738  1.139846  -1.576529  1.000000  
39.988422 0.024865  -0.006305  -0.021966  0.502841  0.857399  0.109630  -0.673265  0.308958  0.671758  0.542093  -0.411598  0.732614  -0.043426  0.012602  0.050922  0.536579  1.153634  -1.599635  1.000000  
39.989671 0.024810  -0.006289  -0.021910  0.505107  0.856076  0.109549  -0.671385  0.309992  0.673162  0.542318  -0.413568  0.731336  -0.043458  0.012688  0.050192  0.554252  1.166213  -1.619590  1.000000  
39.990920 0.024756  -0.006271  -0.021850  0.507090  0.854865  0.109841  -0.669707  0.310584  0.674560  0.542543  -0.415624  0.730003  -0.043508  0.012792  0.050053  0.578861  1.174058  -1.633848  1.000000  
39.992171 0.024702  -0.006253  -0.021788  0.509343  0.853524  0.109846  -0.667812  0.311519  0.676005  0.542767  -0.417675  0.728664  -0.043625  0.012845  0.050011  0.596174  1.191386  -1.656203  1.000000  
39.993420 0.024648  -0.006235  -0.021723  0.511496  0.852211  0.110041  -0.666073  0.312314  0.677353  0.542880  -0.419758  0.727382  -0.043688  0.012872  0.050156  0.613746  1.205593  -1.686021  1.000000  
39.994431 0.024604  -0.006220  -0.021671  0.513369  0.851077  0.110094  -0.664539  0.313079  0.678505  0.542992  -0.421485  0.726299  -0.043753  0.012961  0.050048  0.630669  1.211549  -1.707657  1.000000  
39.995672 0.024549  -0.006203  -0.021609  0.515647  0.849680  0.110236  -0.662681  0.313951  0.679918  0.543105  -0.423649  0.724955  -0.043925  0.013105  0.049671  0.652160  1.223226  -1.727517  1.000000  
39.996919 0.024492  -0.006184  -0.021551  0.517918  0.848267  0.110471  -0.660815  0.314731  0.681372  0.543217  -0.425896  0.723552  -0.044052  0.013338  0.048930  0.669234  1.235370  -1.752842  1.000000  
39.998169 0.024435  -0.006165  -0.021494  0.520183  0.846851  0.110697  -0.658941  0.315501  0.682829  0.543329  -0.428139  0.722143  -0.044253  0.013510  0.048233  0.690913  1.245536  -1.773115  1.000000  
39.999169 0.024388  -0.006151  -0.021451  0.522080  0.845658  0.110883  -0.657439  0.316199  0.683953  0.543329  -0.429977  0.721050  -0.044470  0.013661  0.047515  0.703264  1.251612  -1.788595  1.000000  
40.000422 0.024330  -0.006132  -0.021398  0.524647  0.844069  0.110870  -0.655392  0.317345  0.685386  0.543329  -0.432249  0.719690  -0.044610  0.013990  0.047024  0.717698  1.263540  -1.821134  1.000000  
40.001669 0.024272  -0.006112  -0.021341  0.526938  0.842648  0.110822  -0.653552  0.318383  0.686660  0.543329  -0.434255  0.718482  -0.044742  0.014286  0.046917  0.725862  1.263069  -1.840902  1.000000  
40.002919 0.024213  -0.006093  -0.021284  0.529222  0.841196  0.110969  -0.651704  0.319245  0.688015  0.543329  -0.436432  0.717162  -0.045024  0.014550  0.047005  0.742372  1.267927  -1.856040  1.000000  
40.003919 0.024166  -0.006076  -0.021236  0.531232  0.839926  0.110984  -0.650066  0.320086  0.689172  0.543329  -0.438257  0.716048  -0.045136  0.014860  0.047206  0.755069  1.268821  -1.874786  1.000000  
40.004931 0.024120  -0.006058  -0.021186  0.533016  0.838735  0.111438  -0.648698  0.320538  0.690251  0.543217  -0.440204  0.714937  -0.045294  0.015130  0.047425  0.788631  1.261891  -1.885279  1.000000  
40.006174 0.024061  -0.006036  -0.021125  0.535416  0.837180  0.111622  -0.646719  0.321380  0.691715  0.543217  -0.442543  0.713492  -0.045649  0.015445  0.047490  0.815026  1.266100  -1.906758  1.000000  
40.007432 0.024003  -0.006013  -0.021065  0.537855  0.835570  0.111958  -0.644786  0.322173  0.693149  0.543105  -0.445003  0.712046  -0.045905  0.015783  0.047201  0.835025  1.269082  -1.926398  1.000000  
40.008678 0.023943  -0.005991  -0.021008  0.540420  0.833889  0.112140  -0.642733  0.323127  0.694610  0.542992  -0.447457  0.710592  -0.046218  0.016079  0.046698  0.848648  1.273808  -1.956901  1.000000  
40.009701 0.023895  -0.005972  -0.020963  0.542317  0.832618  0.112421  -0.641228  0.323720  0.695724  0.542880  -0.449391  0.709457  -0.046478  0.016304  0.046214  0.864364  1.268584  -1.963920  1.000000  
40.010924 0.023835  -0.005949  -0.020911  0.544868  0.830943  0.112482  -0.639157  0.324739  0.697154  0.542767  -0.451751  0.708043  -0.046850  0.016668  0.045710  0.870583  1.274703  -1.996136  1.000000  
40.012170 0.023772  -0.005927  -0.020858  0.547412  0.829235  0.112734  -0.637076  0.325577  0.698666  0.542655  -0.454278  0.706510  -0.047269  0.016933  0.045398  0.887637  1.274360  -2.016426  1.000000  
40.013193 0.023722  -0.005908  -0.020815  0.549341  0.827902  0.113153  -0.635605  0.326106  0.699757  0.542430  -0.456326  0.705362  -0.047467  0.017176  0.045222  0.903841  1.266323  -2.026516  1.000000  
40.014419 0.023658  -0.005885  -0.020759  0.551740  0.826239  0.113629  -0.633620  0.326668  0.701294  0.542318  -0.458929  0.703758  -0.047989  0.017506  0.045441  0.934584  1.265358  -2.038688  1.000000  
40.015425 0.023606  -0.005867  -0.020712  0.553789  0.824831  0.113888  -0.632022  0.327352  0.702416  0.542093  -0.460971  0.702596  -0.048432  0.017734  0.045809  0.946297  1.265919  -2.061154  1.000000  
40.016669 0.023541  -0.005843  -0.020652  0.556353  0.823066  0.114160  -0.629960  0.328195  0.703874  0.541868  -0.463519  0.701091  -0.048709  0.017940  0.045976  0.964784  1.264097  -2.079769  1.000000  
40.017709 0.023489  -0.005823  -0.020603  0.558522  0.821583  0.114258  -0.628232  0.329031  0.705027  0.541643  -0.465554  0.699916  -0.048918  0.018242  0.046009  0.979567  1.260582  -2.095707  1.000000  
40.018919 0.023424  -0.005797  -0.020545  0.561072  0.819781  0.114708  -0.626151  0.329680  0.706573  0.541418  -0.468263  0.698281  -0.049481  0.018565  0.046080  1.002662  1.261733  -2.108693  1.000000  
40.020172 0.023359  -0.005771  -0.020491  0.563662  0.817946  0.115109  -0.624113  0.330450  0.708016  0.541081  -0.470922  0.696752  -0.050003  0.018903  0.045650  1.023422  1.260570  -2.133823  1.000000  
40.021436 0.023293  -0.005745  -0.020439  0.566501  0.815954  0.115304  -0.621831  0.331457  0.709551  0.540743  -0.473661  0.695156  -0.050434  0.019126  0.044848  1.032840  1.263482  -2.165211  1.000000  
40.022672 0.023227  -0.005719  -0.020387  0.569204  0.814039  0.115533  -0.619653  0.332369  0.711029  0.540405  -0.476311  0.693607  -0.050911  0.019365  0.044478  1.042530  1.261544  -2.188671  1.000000  
40.023677 0.023173  -0.005699  -0.020346  0.571262  0.812545  0.115892  -0.618051  0.332950  0.712150  0.540068  -0.478451  0.692396  -0.051314  0.019442  0.044115  1.055448  1.258063  -2.204404  1.000000  
40.024922 0.023105  -0.005674  -0.020292  0.573998  0.810561  0.116260  -0.615905  0.333799  0.713610  0.539617  -0.481216  0.690829  -0.051903  0.019569  0.044028  1.069495  1.256580  -2.227913  1.000000  
40.026175 0.023037  -0.005649  -0.020238  0.576551  0.808670  0.116797  -0.613813  0.334334  0.715160  0.539279  -0.484019  0.689133  -0.052436  0.019733  0.044242  1.090657  1.255338  -2.242838  1.000000  
40.027177 0.022982  -0.005629  -0.020194  0.578768  0.807020  0.117240  -0.612120  0.334927  0.716333  0.538828  -0.486356  0.687838  -0.052694  0.019845  0.044269  1.100074  1.253261  -2.258943  1.000000  
40.028422 0.022912  -0.005606  -0.020138  0.581608  0.804935  0.117522  -0.609821  0.335817  0.717876  0.538377  -0.489190  0.686180  -0.053145  0.019845  0.044337  1.110221  1.255484  -2.286932  1.000000  
40.029669 0.022841  -0.005582  -0.020084  0.584314  0.802912  0.117937  -0.607629  0.336527  0.719400  0.537926  -0.492017  0.684510  -0.053653  0.019932  0.044165  1.131730  1.252072  -2.297847  1.000000  
40.030669 0.022785  -0.005562  -0.020042  0.586637  0.801192  0.118103  -0.605787  0.337341  0.720572  0.537475  -0.494259  0.683248  -0.053921  0.020001  0.043851  1.139135  1.256734  -2.323138  1.000000  
40.031919 0.022714  -0.005536  -0.019991  0.589676  0.798911  0.118421  -0.603432  0.338363  0.722067  0.536798  -0.497245  0.681613  -0.054286  0.020097  0.043223  1.160726  1.255485  -2.354991  1.000000  
40.033169 0.022643  -0.005510  -0.019943  0.592531  0.796738  0.118808  -0.601132  0.339157  0.723611  0.536233  -0.500182  0.679906  -0.054662  0.020180  0.042497  1.179166  1.258325  -2.382745  1.000000  
40.034419 0.022572  -0.005483  -0.019896  0.595355  0.794518  0.119555  -0.599044  0.339779  0.725049  0.535443  -0.503280  0.678240  -0.055137  0.020324  0.041790  1.202452  1.252691  -2.405218  1.000000  
40.035421 0.022515  -0.005462  -0.019859  0.597701  0.792726  0.119742  -0.597209  0.340595  0.726179  0.534878  -0.505549  0.676998  -0.055441  0.020255  0.041368  1.207244  1.249358  -2.423338  1.000000  
40.036669 0.022443  -0.005435  -0.019812  0.600460  0.790554  0.120302  -0.595045  0.341232  0.727655  0.534199  -0.508513  0.675312  -0.055911  0.020399  0.041137  1.224983  1.246406  -2.440854  1.000000  
40.037925 0.022370  -0.005409  -0.019763  0.603384  0.788239  0.120858  -0.592794  0.341977  0.729141  0.533407  -0.511596  0.673607  -0.056308  0.020331  0.040930  1.235044  1.240080  -2.468141  1.000000  
40.039187 0.022296  -0.005384  -0.019713  0.606228  0.785937  0.121614  -0.590703  0.342592  0.730548  0.532501  -0.514717  0.671944  -0.056665  0.020336  0.040720  1.258479  1.235028  -2.494155  1.000000  
40.040425 0.022222  -0.005358  -0.019664  0.609186  0.783555  0.122205  -0.588472  0.343353  0.731990  0.531595  -0.517832  0.670266  -0.057106  0.020360  0.040474  1.277659  1.226514  -2.519049  1.000000  
40.041675 0.022148  -0.005334  -0.019614  0.612307  0.781057  0.122599  -0.586149  0.344397  0.733362  0.530575  -0.520903  0.668693  -0.057457  0.020386  0.040036  1.288714  1.217306  -2.550533  1.000000  
40.042968 0.022075  -0.005309  -0.019568  0.615229  0.778624  0.123439  -0.584112  0.345063  0.734673  0.529440  -0.524095  0.667097  -0.057507  0.020410  0.039350  1.302863  1.204469  -2.575410  1.000000  
40.044172 0.022000  -0.005284  -0.019523  0.618264  0.776109  0.124114  -0.581931  0.345875  0.736021  0.528305  -0.527281  0.665484  -0.057906  0.020503  0.038689  1.311047  1.193562  -2.611555  1.000000  
40.045190 0.021942  -0.005263  -0.019490  0.620590  0.774134  0.124839  -0.580277  0.346313  0.737119  0.527395  -0.529891  0.664131  -0.057968  0.020608  0.038014  1.329057  1.183472  -2.628332  1.000000  
40.046419 0.021870  -0.005237  -0.019449  0.623662  0.771531  0.125645  -0.578116  0.347056  0.738467  0.526144  -0.533191  0.662480  -0.058201  0.020669  0.037494  1.347369  1.168787  -2.659210  1.000000  
40.047425 0.021813  -0.005215  -0.019414  0.626095  0.769482  0.126103  -0.576311  0.347720  0.739565  0.525234  -0.535712  0.661167  -0.058176  0.020718  0.037095  1.365269  1.161297  -2.680793  1.000000  
40.048669 0.021742  -0.005189  -0.019371  0.629085  0.766891  0.127005  -0.574296  0.348413  0.740805  0.523867  -0.538967  0.659604  -0.058298  0.020729  0.036957  1.374874  1.138905  -2.705936  1.000000  
40.049919 0.021670  -0.005163  -0.019328  0.632184  0.764200  0.127832  -0.572135  0.349159  0.742125  0.522499  -0.542297  0.657958  -0.058243  0.020591  0.036708  1.388563  1.125198  -2.735294  1.000000  
40.050924 0.021613  -0.005142  -0.019292  0.634872  0.761860  0.128482  -0.570301  0.349910  0.743182  0.521243  -0.545099  0.656638  -0.058141  0.020585  0.036530  1.405565  1.106204  -2.762564  1.000000  
