1-Time 2-Px 3-Py 4-Pz 5-R11 6-R21 7-R31 8-R12 9-R22 10-R32 11-R13 12-R23 13-R33 14-Vx 15-Vy 16-Vz 17-Wx 18-Wy 19-Wz 20-state
213.085422 0.013125  -0.000004  0.014793  0.433922  0.703180  0.563249  -0.860799  0.508130  0.028784  -0.265963  -0.497334  0.825786  0.002437  0.000968  0.001497  0.000000  0.000000  0.000000  1.000000  
213.086609 0.013123  -0.000005  0.014791  0.433922  0.703180  0.563249  -0.860799  0.508130  0.028784  -0.265963  -0.497334  0.825786  -0.002104  -0.000848  -0.001210  0.000000  0.000000  0.000000  1.000000  
213.087861 0.013114  -0.000010  0.014779  0.433922  0.703180  0.563249  -0.860799  0.508130  0.028784  -0.265963  -0.497334  0.825786  -0.004785  -0.002646  -0.006014  0.000000  0.000000  0.000000  1.000000  
213.089106 0.013105  -0.000015  0.014764  0.434099  0.703008  0.563328  -0.860710  0.508271  0.028962  -0.265963  -0.497434  0.825726  -0.005728  -0.003003  -0.008063  0.000000  0.000000  0.000000  1.000000  
213.090107 0.013101  -0.000017  0.014756  0.434099  0.703008  0.563328  -0.860710  0.508271  0.028962  -0.265963  -0.497434  0.825726  -0.005418  -0.002903  -0.008059  0.000000  0.000000  0.000000  1.000000  
213.091141 0.013097  -0.000019  0.014752  0.434099  0.703008  0.563328  -0.860710  0.508271  0.028962  -0.265963  -0.497434  0.825726  -0.005140  -0.002693  -0.007397  0.000000  0.000000  0.000000  1.000000  
213.092356 0.013089  -0.000022  0.014744  0.434099  0.703008  0.563328  -0.860710  0.508271  0.028962  -0.265963  -0.497434  0.825726  -0.005400  -0.002626  -0.007173  0.000000  0.000000  0.000000  1.000000  
213.093609 0.013076  -0.000025  0.014735  0.434276  0.702903  0.563322  -0.860621  0.508416  0.029078  -0.265963  -0.497434  0.825726  -0.006087  -0.002531  -0.007204  0.000000  0.000000  0.000000  1.000000  
213.094861 0.013064  -0.000025  0.014726  0.434276  0.702903  0.563322  -0.860621  0.508416  0.029078  -0.265963  -0.497434  0.825726  -0.006563  -0.002278  -0.007236  0.000000  0.000000  0.000000  1.000000  
213.095862 0.013057  -0.000026  0.014719  0.434292  0.703001  0.563187  -0.860652  0.508360  0.029115  -0.265834  -0.497353  0.825816  -0.006640  -0.002110  -0.007156  0.000000  0.000000  0.000000  1.000000  
213.097116 0.013049  -0.000028  0.014711  0.434469  0.702896  0.563181  -0.860563  0.508505  0.029231  -0.265834  -0.497353  0.825816  -0.006627  -0.002027  -0.007130  0.000000  0.000000  0.000000  1.000000  
213.098362 0.013039  -0.000030  0.014699  0.434485  0.702926  0.563131  -0.860595  0.508445  0.029329  -0.265705  -0.497371  0.825847  -0.006798  -0.002017  -0.007328  0.000000  0.000000  0.000000  1.000000  
213.099607 0.013025  -0.000032  0.014685  0.434485  0.702995  0.563046  -0.860595  0.508449  0.029268  -0.265705  -0.497271  0.825907  -0.007151  -0.002008  -0.007692  0.000000  0.000000  0.000000  1.000000  
213.100608 0.013014  -0.000035  0.014670  0.434663  0.702890  0.563040  -0.860505  0.508594  0.029383  -0.265705  -0.497271  0.825907  -0.007436  -0.002033  -0.008170  0.000000  0.000000  0.000000  1.000000  
213.101865 0.012999  -0.000041  0.014650  0.434856  0.702884  0.562899  -0.860447  0.508682  0.029536  -0.265576  -0.497189  0.825998  -0.008211  -0.002317  -0.009313  0.000000  0.000000  0.000000  1.000000  
213.103106 0.012985  -0.000047  0.014631  0.434856  0.702952  0.562814  -0.860447  0.508686  0.029475  -0.265576  -0.497089  0.826058  -0.008536  -0.002362  -0.009549  0.000000  0.000000  0.000000  1.000000  
213.104112 0.012973  -0.000051  0.014620  0.434856  0.702952  0.562814  -0.860447  0.508686  0.029475  -0.265576  -0.497089  0.826058  -0.008885  -0.002406  -0.009663  0.000000  0.000000  0.000000  1.000000  
213.105357 0.012958  -0.000055  0.014607  0.435033  0.702915  0.562722  -0.860358  0.508834  0.029529  -0.265576  -0.496988  0.826119  -0.009449  -0.002449  -0.009846  0.000000  0.000000  0.000000  1.000000  
213.106606 0.012943  -0.000057  0.014595  0.435210  0.702811  0.562716  -0.860268  0.508979  0.029645  -0.265576  -0.496988  0.826119  -0.010100  -0.002455  -0.010283  0.000000  0.000000  0.000000  1.000000  
213.107859 0.012929  -0.000061  0.014579  0.435387  0.702774  0.562625  -0.860179  0.509127  0.029699  -0.265576  -0.496888  0.826179  -0.010363  -0.002519  -0.010721  0.000000  0.000000  0.000000  1.000000  
213.109106 0.012916  -0.000065  0.014560  0.435564  0.702669  0.562619  -0.860089  0.509272  0.029814  -0.265576  -0.496888  0.826179  -0.010372  -0.002641  -0.011369  0.000000  0.000000  0.000000  1.000000  
213.110106 0.012907  -0.000068  0.014542  0.435564  0.702669  0.562619  -0.860089  0.509272  0.029814  -0.265576  -0.496888  0.826179  -0.010298  -0.002784  -0.012091  0.000000  0.000000  0.000000  1.000000  
213.111356 0.012898  -0.000071  0.014520  0.435741  0.702564  0.562612  -0.859999  0.509417  0.029930  -0.265576  -0.496888  0.826179  -0.010401  -0.002944  -0.013045  0.000000  0.000000  0.000000  1.000000  
213.112364 0.012890  -0.000073  0.014503  0.435918  0.702528  0.562521  -0.859910  0.509565  0.029984  -0.265576  -0.496788  0.826239  -0.010526  -0.003040  -0.013767  0.000000  0.000000  0.000000  1.000000  
213.113613 0.012877  -0.000079  0.014480  0.436095  0.702423  0.562515  -0.859820  0.509710  0.030100  -0.265576  -0.496788  0.826239  -0.010649  -0.003318  -0.014481  0.000000  0.000000  0.000000  1.000000  
213.114862 0.012864  -0.000085  0.014459  0.436272  0.702318  0.562509  -0.859730  0.509854  0.030216  -0.265576  -0.496788  0.826239  -0.010577  -0.003517  -0.014823  0.000000  0.000000  0.000000  1.000000  
213.115863 0.012853  -0.000089  0.014443  0.436449  0.702213  0.562502  -0.859640  0.509999  0.030332  -0.265576  -0.496788  0.826239  -0.010442  -0.003515  -0.014865  0.000000  0.000000  0.000000  1.000000  
213.117118 0.012841  -0.000094  0.014426  0.436626  0.702176  0.562411  -0.859550  0.510147  0.030386  -0.265576  -0.496688  0.826299  -0.010306  -0.003444  -0.014623  0.000000  0.000000  0.000000  1.000000  
213.118357 0.012828  -0.000098  0.014414  0.436819  0.702101  0.562355  -0.859492  0.510232  0.030600  -0.265447  -0.496706  0.826330  -0.010221  -0.003271  -0.014278  0.000000  0.000000  0.000000  1.000000  
213.119606 0.012814  -0.000101  0.014403  0.437173  0.701959  0.562257  -0.859312  0.510525  0.030770  -0.265447  -0.496606  0.826390  -0.010166  -0.003192  -0.014125  0.000000  0.000000  0.000000  1.000000  
213.120857 0.012800  -0.000102  0.014388  0.437350  0.701854  0.562251  -0.859222  0.510670  0.030885  -0.265447  -0.496606  0.826390  -0.010133  -0.003071  -0.014329  0.000000  0.000000  0.000000  1.000000  
213.122106 0.012788  -0.000104  0.014368  0.437704  0.701712  0.562153  -0.859042  0.510962  0.031055  -0.265447  -0.496506  0.826450  -0.009976  -0.003032  -0.014799  0.000000  0.000000  0.000000  1.000000  
213.123356 0.012778  -0.000104  0.014346  0.437881  0.701607  0.562146  -0.858952  0.511107  0.031171  -0.265447  -0.496506  0.826450  -0.009730  -0.002769  -0.015063  0.000000  0.000000  0.000000  1.000000  
213.124374 0.012769  -0.000104  0.014328  0.438074  0.701600  0.562004  -0.858893  0.511196  0.031323  -0.265318  -0.496424  0.826541  -0.009624  -0.002531  -0.015132  0.000000  0.000000  0.000000  1.000000  
213.125607 0.012758  -0.000104  0.014307  0.438250  0.701495  0.561998  -0.858803  0.511340  0.031439  -0.265318  -0.496424  0.826541  -0.009708  -0.002330  -0.015060  0.000000  0.000000  0.000000  1.000000  
213.126860 0.012744  -0.000107  0.014288  0.438620  0.701314  0.561935  -0.858654  0.511570  0.031768  -0.265189  -0.496442  0.826571  -0.010033  -0.002334  -0.014891  0.000000  0.000000  0.000000  1.000000  
213.127860 0.012732  -0.000110  0.014273  0.438797  0.701209  0.561928  -0.858564  0.511714  0.031884  -0.265189  -0.496442  0.826571  -0.010209  -0.002226  -0.014680  0.000000  0.000000  0.000000  1.000000  
213.128866 0.012720  -0.000112  0.014258  0.438990  0.701134  0.561871  -0.858505  0.511799  0.032098  -0.265060  -0.496460  0.826602  -0.010267  -0.002098  -0.014505  0.000000  0.000000  0.000000  1.000000  
213.130110 0.012705  -0.000115  0.014241  0.439183  0.701059  0.561814  -0.858446  0.511885  0.032312  -0.264931  -0.496478  0.826632  -0.010417  -0.001950  -0.014268  0.000000  0.000000  0.000000  1.000000  
213.131115 0.012693  -0.000117  0.014225  0.439376  0.700915  0.561842  -0.858387  0.511966  0.032589  -0.264802  -0.496597  0.826602  -0.010474  -0.001755  -0.014322  0.000000  0.000000  0.000000  1.000000  
213.132362 0.012678  -0.000120  0.014205  0.439568  0.700840  0.561785  -0.858328  0.512051  0.032803  -0.264673  -0.496615  0.826633  -0.010685  -0.001618  -0.014728  0.019157  0.116360  -0.132422  1.000000  
213.133608 0.012663  -0.000123  0.014183  0.439938  0.700660  0.561721  -0.858179  0.512280  0.033132  -0.264544  -0.496633  0.826663  -0.010847  -0.001596  -0.015408  0.026894  0.127103  -0.141572  1.000000  
213.134609 0.012651  -0.000123  0.014163  0.439938  0.700660  0.561721  -0.858179  0.512280  0.033132  -0.264544  -0.496633  0.826663  -0.010840  -0.001469  -0.016021  0.029136  0.123651  -0.135856  1.000000  
213.135865 0.012637  -0.000122  0.014138  0.440147  0.700615  0.561613  -0.858151  0.512306  0.033445  -0.264286  -0.496670  0.826724  -0.010863  -0.001312  -0.016688  0.029106  0.131337  -0.131201  1.000000  
213.137113 0.012623  -0.000120  0.014112  0.440340  0.700540  0.561556  -0.858092  0.512391  0.033659  -0.264157  -0.496688  0.826754  -0.011027  -0.001087  -0.017041  0.033172  0.135192  -0.128902  1.000000  
213.138360 0.012608  -0.000119  0.014088  0.440549  0.700563  0.561363  -0.858064  0.512422  0.033909  -0.263899  -0.496624  0.826875  -0.011408  -0.000972  -0.017282  0.030662  0.145193  -0.128990  1.000000  
213.139360 0.012596  -0.000118  0.014071  0.440565  0.700593  0.561312  -0.858096  0.512362  0.034008  -0.263770  -0.496642  0.826905  -0.011583  -0.000938  -0.017152  0.029062  0.146764  -0.121981  1.000000  
213.140362 0.012582  -0.000118  0.014056  0.440774  0.700617  0.561119  -0.858068  0.512393  0.034258  -0.263512  -0.496578  0.827026  -0.011954  -0.000958  -0.016994  0.024959  0.154457  -0.117354  1.000000  
213.141616 0.012563  -0.000119  0.014037  0.440806  0.700677  0.561018  -0.858130  0.512274  0.034455  -0.263254  -0.496615  0.827086  -0.012235  -0.000809  -0.016962  0.027190  0.158768  -0.107047  1.000000  
213.142860 0.012544  -0.000121  0.014016  0.441015  0.700633  0.560910  -0.858102  0.512300  0.034767  -0.262995  -0.496651  0.827147  -0.012523  -0.000727  -0.017217  0.027164  0.166470  -0.102412  1.000000  
213.143866 0.012530  -0.000121  0.013996  0.441047  0.700762  0.560724  -0.858165  0.512186  0.034902  -0.262737  -0.496587  0.827267  -0.012668  -0.000624  -0.017505  0.023061  0.174155  -0.097783  1.000000  
213.145116 0.012514  -0.000122  0.013969  0.441272  0.700747  0.560565  -0.858168  0.512153  0.035313  -0.262350  -0.496641  0.827357  -0.012745  -0.000440  -0.018183  0.023025  0.185710  -0.090837  1.000000  
213.146362 0.012498  -0.000124  0.013940  0.441496  0.700801  0.560320  -0.858170  0.512125  0.035661  -0.261962  -0.496595  0.827508  -0.012811  -0.000378  -0.018806  0.000000  0.000000  0.000000  1.000000  
213.147615 0.012482  -0.000125  0.013910  0.441721  0.700787  0.560161  -0.858173  0.512092  0.036072  -0.261575  -0.496649  0.827598  -0.012873  -0.000248  -0.019397  0.000000  0.000000  0.000000  1.000000  
213.148863 0.012466  -0.000125  0.013879  0.442123  0.700735  0.559909  -0.858084  0.512207  0.036536  -0.261188  -0.496602  0.827748  -0.012957  -0.000166  -0.019968  0.022908  0.216541  -0.072391  1.000000  
213.150106 0.012450  -0.000124  0.013849  0.442524  0.700615  0.559742  -0.857995  0.512319  0.037062  -0.260800  -0.496656  0.827838  -0.013066  -0.000043  -0.020293  0.024499  0.229720  -0.070617  1.000000  
213.151106 0.012437  -0.000123  0.013827  0.442732  0.700639  0.559547  -0.857966  0.512349  0.037312  -0.260542  -0.496592  0.827958  -0.013149  -0.000095  -0.020406  0.018778  0.235866  -0.060858  1.000000  
213.152113 0.012424  -0.000124  0.013805  0.442957  0.700693  0.559302  -0.857968  0.512321  0.037660  -0.260154  -0.496545  0.828108  -0.013259  -0.000257  -0.020487  0.018738  0.247367  -0.053937  1.000000  
213.153356 0.012406  -0.000126  0.013780  0.443358  0.700641  0.559049  -0.857878  0.512437  0.038123  -0.259767  -0.496498  0.828258  -0.013476  -0.000471  -0.020520  0.016312  0.260261  -0.052320  1.000000  
213.154357 0.012391  -0.000127  0.013759  0.443743  0.700559  0.558847  -0.857757  0.512612  0.038488  -0.259508  -0.496434  0.828377  -0.013653  -0.000616  -0.020797  0.018087  0.267643  -0.055775  1.000000  
213.155608 0.012371  -0.000129  0.013731  0.444144  0.700575  0.558508  -0.857667  0.512733  0.038889  -0.259121  -0.496286  0.828587  -0.013797  -0.000666  -0.021377  0.011753  0.282377  -0.054583  1.000000  
213.156608 0.012355  -0.000130  0.013708  0.444722  0.700485  0.558161  -0.857485  0.512998  0.039405  -0.258733  -0.496138  0.828797  -0.013852  -0.000746  -0.021938  0.007210  0.296831  -0.061401  1.000000  
213.157613 0.012341  -0.000131  0.013684  0.445138  0.700464  0.557855  -0.857424  0.513056  0.039966  -0.258216  -0.496109  0.828976  -0.013803  -0.000698  -0.022510  0.003137  0.314719  -0.052691  1.000000  
213.158856 0.012323  -0.000134  0.013651  0.445539  0.700547  0.557430  -0.857333  0.513182  0.040305  -0.257828  -0.495860  0.829245  -0.013843  -0.000820  -0.023016  -0.007281  0.323296  -0.053442  1.000000  
213.160112 0.012304  -0.000136  0.013619  0.446309  0.700450  0.556937  -0.857088  0.513539  0.040970  -0.257311  -0.495629  0.829544  -0.013999  -0.000915  -0.023311  -0.014222  0.347791  -0.064210  1.000000  
213.161356 0.012285  -0.000137  0.013589  0.446902  0.700458  0.556451  -0.856934  0.513751  0.041521  -0.256794  -0.495398  0.829842  -0.014192  -0.000917  -0.023398  -0.026779  0.363230  -0.068236  1.000000  
213.162362 0.012270  -0.000138  0.013567  0.447302  0.700473  0.556110  -0.856841  0.513873  0.041921  -0.256406  -0.495249  0.830051  -0.014379  -0.000910  -0.023248  -0.035213  0.373866  -0.064225  1.000000  
213.163363 0.012254  -0.000140  0.013546  0.447879  0.700382  0.555760  -0.856656  0.514140  0.042435  -0.256018  -0.495101  0.830259  -0.014555  -0.000991  -0.022990  -0.039830  0.388446  -0.071131  1.000000  
213.164611 0.012236  -0.000140  0.013521  0.448295  0.700563  0.555196  -0.856593  0.514214  0.042808  -0.255500  -0.494768  0.830617  -0.014720  -0.001080  -0.022628  -0.052623  0.406857  -0.075784  1.000000  
213.165860 0.012216  -0.000140  0.013493  0.448887  0.700570  0.554709  -0.856437  0.514428  0.043357  -0.254983  -0.494535  0.830914  -0.014970  -0.001159  -0.022611  -0.060864  0.421922  -0.079788  1.000000  
213.167108 0.012195  -0.000144  0.013464  0.449656  0.700538  0.554126  -0.856187  0.514792  0.043958  -0.254465  -0.494202  0.831271  -0.015265  -0.001317  -0.022742  -0.071794  0.443597  -0.090116  1.000000  
213.168112 0.012177  -0.000147  0.013439  0.450072  0.700651  0.553646  -0.856123  0.514862  0.044393  -0.253948  -0.493969  0.831568  -0.015529  -0.001447  -0.023104  -0.078865  0.458359  -0.092114  1.000000  
213.169356 0.012154  -0.000151  0.013407  0.450856  0.700649  0.553010  -0.855902  0.515169  0.045091  -0.253301  -0.493652  0.831954  -0.015787  -0.001627  -0.023424  -0.087428  0.483554  -0.105133  1.000000  
213.170356 0.012137  -0.000154  0.013382  0.451432  0.700691  0.552486  -0.855713  0.515448  0.045478  -0.252912  -0.493300  0.832280  -0.015835  -0.001706  -0.023722  -0.096132  0.494186  -0.114414  1.000000  
213.171607 0.012115  -0.000158  0.013349  0.452215  0.700689  0.551849  -0.855490  0.515756  0.046175  -0.252265  -0.492982  0.832665  -0.016032  -0.001894  -0.023973  -0.105406  0.519315  -0.130517  1.000000  
213.172607 0.012096  -0.000161  0.013323  0.452982  0.700655  0.551262  -0.855237  0.516122  0.046773  -0.251747  -0.492647  0.833020  -0.016310  -0.002008  -0.024039  -0.116409  0.537037  -0.143174  1.000000  
213.173619 0.012078  -0.000164  0.013299  0.453589  0.700691  0.550717  -0.855106  0.516281  0.047417  -0.251100  -0.492429  0.833344  -0.016581  -0.002016  -0.023851  -0.120370  0.563278  -0.154853  1.000000  
213.174856 0.012054  -0.000166  0.013271  0.454388  0.700851  0.549854  -0.854910  0.516544  0.048086  -0.250322  -0.491925  0.833876  -0.016960  -0.002056  -0.023577  -0.138617  0.584274  -0.161852  1.000000  
213.176112 0.012031  -0.000169  0.013246  0.455170  0.700980  0.549042  -0.854683  0.516866  0.048655  -0.249675  -0.491403  0.834378  -0.017216  -0.002105  -0.023245  -0.157826  0.602010  -0.174647  1.000000  
213.177356 0.012008  -0.000171  0.013222  0.455968  0.701139  0.548176  -0.854484  0.517131  0.049322  -0.248897  -0.490897  0.834908  -0.017451  -0.002144  -0.023022  -0.173066  0.623658  -0.185251  1.000000  
213.178365 0.011990  -0.000172  0.013201  0.456559  0.701276  0.547509  -0.854320  0.517362  0.049741  -0.248379  -0.490458  0.835320  -0.017758  -0.002235  -0.023029  -0.193328  0.636019  -0.190467  1.000000  
213.179612 0.011966  -0.000174  0.013174  0.457532  0.701393  0.546546  -0.854025  0.517780  0.050456  -0.247601  -0.489849  0.835908  -0.018048  -0.002318  -0.023119  -0.211023  0.661157  -0.206967  1.000000  
213.180616 0.011947  -0.000176  0.013150  0.458137  0.701559  0.545825  -0.853888  0.517955  0.050972  -0.246953  -0.489425  0.836347  -0.018283  -0.002404  -0.023249  -0.224073  0.675624  -0.214184  1.000000  
213.181862 0.011921  -0.000179  0.013120  0.459125  0.701640  0.544891  -0.853619  0.518311  0.051847  -0.246045  -0.488933  0.836903  -0.018547  -0.002404  -0.023314  -0.239623  0.701488  -0.222735  1.000000  
213.183106 0.011896  -0.000183  0.013090  0.459953  0.701923  0.543827  -0.853472  0.518473  0.052644  -0.245008  -0.488355  0.837545  -0.018714  -0.002417  -0.023311  -0.260984  0.727577  -0.223242  1.000000  
213.184113 0.011876  -0.000186  0.013067  0.460749  0.702011  0.543038  -0.853266  0.518738  0.053369  -0.244229  -0.487945  0.838010  -0.018870  -0.002329  -0.023067  -0.274051  0.749685  -0.225912  1.000000  
213.185356 0.011849  -0.000190  0.013040  0.461736  0.702155  0.542013  -0.852992  0.519105  0.054177  -0.243321  -0.487348  0.838622  -0.019211  -0.002320  -0.022706  -0.289677  0.775515  -0.234633  1.000000  
213.186357 0.011828  -0.000192  0.013019  0.462515  0.702277  0.541190  -0.852754  0.519436  0.054739  -0.242672  -0.486820  0.839117  -0.019462  -0.002265  -0.022388  -0.304566  0.786586  -0.236283  1.000000  
213.187613 0.011801  -0.000195  0.012992  0.463326  0.702460  0.540258  -0.852572  0.519654  0.055497  -0.241763  -0.486322  0.839667  -0.019668  -0.002237  -0.022000  -0.319255  0.798272  -0.239411  1.000000  
213.188856 0.011775  -0.000197  0.012967  0.464357  0.702694  0.539067  -0.852378  0.519854  0.056598  -0.240465  -0.485771  0.840359  -0.019881  -0.002187  -0.021721  -0.335332  0.834859  -0.239888  1.000000  
213.189858 0.011753  -0.000199  0.012947  0.465182  0.702907  0.538078  -0.852221  0.520018  0.057453  -0.239426  -0.485287  0.840935  -0.020115  -0.002193  -0.021678  -0.346382  0.857761  -0.234893  1.000000  
213.190862 0.011732  -0.000201  0.012926  0.465991  0.703022  0.537226  -0.852034  0.520233  0.058272  -0.238516  -0.484889  0.841423  -0.020255  -0.002175  -0.021728  -0.355477  0.879692  -0.237727  1.000000  
213.192113 0.011707  -0.000202  0.012897  0.467021  0.703319  0.535942  -0.851833  0.520445  0.059307  -0.237217  -0.484231  0.842169  -0.020412  -0.002135  -0.021980  -0.374074  0.906274  -0.232180  1.000000  
213.193357 0.011680  -0.000205  0.012868  0.468065  0.703645  0.534601  -0.851657  0.520603  0.060440  -0.235787  -0.483587  0.842940  -0.020642  -0.002196  -0.022209  -0.391605  0.939947  -0.228670  1.000000  
213.194607 0.011652  -0.000208  0.012839  0.469094  0.703939  0.533311  -0.851450  0.520820  0.061473  -0.234486  -0.482925  0.843682  -0.020920  -0.002296  -0.022362  -0.403339  0.972985  -0.233223  1.000000  
213.195616 0.011630  -0.000211  0.012817  0.469931  0.704243  0.532172  -0.851310  0.520944  0.062359  -0.233315  -0.482348  0.844337  -0.021169  -0.002315  -0.022235  -0.421788  1.003512  -0.230289  1.000000  
213.196870 0.011601  -0.000215  0.012792  0.471018  0.704724  0.530572  -0.851207  0.520947  0.063723  -0.231493  -0.481641  0.845241  -0.021349  -0.002350  -0.021844  -0.441251  1.045483  -0.214408  1.000000  
213.198109 0.011572  -0.000217  0.012769  0.472248  0.705033  0.529065  -0.850948  0.521212  0.064996  -0.229931  -0.480902  0.846088  -0.021614  -0.002286  -0.021379  -0.456171  1.081487  -0.218756  1.000000  
213.199111 0.011548  -0.000220  0.012753  0.473273  0.705257  0.527849  -0.850730  0.521432  0.066087  -0.228629  -0.480334  0.846763  -0.021864  -0.002291  -0.020957  -0.471177  1.113037  -0.215947  1.000000  
213.200112 0.011524  -0.000222  0.012735  0.474282  0.705449  0.526685  -0.850482  0.521709  0.067078  -0.227456  -0.479750  0.847410  -0.022030  -0.002186  -0.020655  -0.480663  1.143015  -0.214913  1.000000  
213.201357 0.011494  -0.000225  0.012712  0.475510  0.705754  0.525168  -0.850213  0.521983  0.068347  -0.225893  -0.479004  0.848250  -0.022244  -0.002218  -0.020441  -0.498706  1.177190  -0.211923  1.000000  
213.202357 0.011470  -0.000228  0.012694  0.476358  0.706083  0.523957  -0.850084  0.522064  0.069326  -0.224589  -0.478432  0.848919  -0.022463  -0.002218  -0.020248  -0.511651  1.200491  -0.199368  1.000000  
213.203612 0.011440  -0.000230  0.012669  0.477583  0.706448  0.522346  -0.849809  0.522352  0.070528  -0.223024  -0.477578  0.849812  -0.022645  -0.002273  -0.020186  -0.531810  1.227792  -0.200625  1.000000  
213.204857 0.011411  -0.000234  0.012644  0.478822  0.706779  0.520762  -0.849555  0.522579  0.071891  -0.221328  -0.476839  0.850670  -0.022824  -0.002331  -0.020178  -0.543813  1.264681  -0.196097  1.000000  
213.206107 0.011380  -0.000238  0.012618  0.480060  0.707171  0.519087  -0.849296  0.522818  0.073188  -0.219632  -0.475993  0.851582  -0.023136  -0.002469  -0.020162  -0.555570  1.298875  -0.193180  1.000000  
213.207107 0.011355  -0.000242  0.012598  0.481093  0.707481  0.517707  -0.849082  0.523009  0.074306  -0.218195  -0.475324  0.852325  -0.023424  -0.002629  -0.019942  -0.565258  1.328446  -0.192634  1.000000  
213.208114 0.011330  -0.000246  0.012579  0.481950  0.707834  0.516425  -0.848964  0.523047  0.075379  -0.216759  -0.474756  0.853008  -0.023753  -0.002774  -0.019613  -0.574990  1.363026  -0.182108  1.000000  
213.209356 0.011297  -0.000252  0.012557  0.483184  0.708221  0.514739  -0.848694  0.523297  0.076672  -0.215061  -0.473903  0.853912  -0.024089  -0.002967  -0.019064  -0.588307  1.389418  -0.175970  1.000000  
213.210359 0.011270  -0.000257  0.012542  0.484200  0.708432  0.513492  -0.848446  0.523541  0.077750  -0.213754  -0.473317  0.854565  -0.024330  -0.003119  -0.018646  -0.594067  1.415375  -0.177727  1.000000  
213.211613 0.011236  -0.000264  0.012523  0.485620  0.708801  0.511639  -0.848093  0.523898  0.079180  -0.211923  -0.472369  0.855544  -0.024698  -0.003314  -0.018218  -0.608149  1.452742  -0.173477  1.000000  
213.212615 0.011210  -0.000269  0.012508  0.486647  0.709041  0.510328  -0.847862  0.524092  0.080354  -0.210485  -0.471792  0.856217  -0.024956  -0.003512  -0.017993  -0.612591  1.479503  -0.175557  1.000000  
213.213617 0.011182  -0.000275  0.012493  0.487674  0.709342  0.508929  -0.847629  0.524299  0.081463  -0.209046  -0.471110  0.856945  -0.025246  -0.003795  -0.017909  -0.624237  1.502338  -0.171718  1.000000  
213.214861 0.011147  -0.000282  0.012471  0.489076  0.709673  0.507119  -0.847238  0.524722  0.082787  -0.207345  -0.470140  0.857891  -0.025539  -0.004100  -0.017890  -0.638702  1.532645  -0.172107  1.000000  
213.215861 0.011120  -0.000288  0.012454  0.490100  0.710031  0.505626  -0.846998  0.524945  0.083829  -0.205905  -0.469349  0.858670  -0.025767  -0.004318  -0.017809  -0.654395  1.559377  -0.166232  1.000000  
213.217111 0.011086  -0.000295  0.012433  0.491499  0.710357  0.503807  -0.846599  0.525376  0.085149  -0.204202  -0.468374  0.859609  -0.026012  -0.004582  -0.017699  -0.667344  1.588861  -0.174821  1.000000  
213.218357 0.011051  -0.000304  0.012414  0.492910  0.710772  0.501840  -0.846219  0.525767  0.086501  -0.202368  -0.467304  0.860625  -0.026425  -0.004964  -0.017299  -0.686198  1.615299  -0.177750  1.000000  
213.219609 0.011016  -0.000312  0.012398  0.494320  0.711123  0.499952  -0.845834  0.526153  0.087915  -0.200533  -0.466334  0.861579  -0.026769  -0.005314  -0.016700  -0.701965  1.635892  -0.182671  1.000000  
213.220857 0.010979  -0.000322  0.012383  0.495553  0.711579  0.498078  -0.845545  0.526396  0.089222  -0.198698  -0.465362  0.862530  -0.027203  -0.005658  -0.015937  -0.717850  1.658000  -0.179668  1.000000  
213.221858 0.010949  -0.000330  0.012372  0.496584  0.711958  0.496508  -0.845308  0.526583  0.090355  -0.197124  -0.464571  0.863317  -0.027558  -0.006012  -0.015346  -0.729374  1.679726  -0.178804  1.000000  
213.223107 0.010911  -0.000342  0.012360  0.498002  0.712332  0.494547  -0.844931  0.526928  0.091860  -0.195156  -0.463604  0.864283  -0.027940  -0.006431  -0.014633  -0.740447  1.702538  -0.181728  1.000000  
213.224113 0.010880  -0.000353  0.012351  0.499017  0.712616  0.493114  -0.844664  0.527164  0.092953  -0.193712  -0.462901  0.864985  -0.028285  -0.006822  -0.014004  -0.747933  1.716368  -0.185153  1.000000  
213.225356 0.010842  -0.000366  0.012337  0.500431  0.712985  0.491143  -0.844277  0.527518  0.094453  -0.191743  -0.461928  0.865943  -0.028576  -0.007244  -0.013636  -0.755394  1.739993  -0.188379  1.000000  
213.226356 0.010811  -0.000377  0.012327  0.501456  0.713237  0.489730  -0.844025  0.527695  0.095706  -0.190167  -0.461337  0.866605  -0.028812  -0.007638  -0.013323  -0.755454  1.747058  -0.193866  1.000000  
213.227357 0.010779  -0.000388  0.012316  0.502480  0.713546  0.488227  -0.843770  0.527887  0.096894  -0.188590  -0.460638  0.867321  -0.029096  -0.008007  -0.013072  -0.760977  1.750771  -0.193580  1.000000  
213.228367 0.010747  -0.000401  0.012304  0.503516  0.713827  0.486748  -0.843532  0.528016  0.098244  -0.186882  -0.460055  0.868001  -0.029454  -0.008509  -0.012751  -0.760621  1.768700  -0.194998  1.000000  
213.229616 0.010708  -0.000415  0.012293  0.504736  0.714146  0.485011  -0.843209  0.528267  0.099663  -0.185041  -0.459270  0.868810  -0.029785  -0.009001  -0.012098  -0.763746  1.773122  -0.186983  1.000000  
213.230617 0.010676  -0.000427  0.012284  0.505731  0.714329  0.483704  -0.842900  0.528561  0.100711  -0.183726  -0.458647  0.869418  -0.030141  -0.009421  -0.011531  -0.763759  1.776517  -0.194701  1.000000  
213.231643 0.010643  -0.000439  0.012279  0.506762  0.714606  0.482214  -0.842652  0.528699  0.102056  -0.182016  -0.458057  0.870089  -0.030429  -0.009822  -0.010686  -0.760502  1.790675  -0.187819  1.000000  
213.232859 0.010600  -0.000455  0.012274  0.507978  0.714862  0.480552  -0.842316  0.528947  0.103534  -0.180174  -0.457370  0.870833  -0.031039  -0.010339  -0.009740  -0.759071  1.796491  -0.188053  1.000000  
213.233860 0.010565  -0.000468  0.012273  0.508981  0.715073  0.479175  -0.842018  0.529196  0.104676  -0.178726  -0.456753  0.871455  -0.031541  -0.010806  -0.008846  -0.756378  1.804395  -0.185650  1.000000  
213.235109 0.010520  -0.000484  0.012271  0.510231  0.715479  0.477237  -0.841734  0.529306  0.106386  -0.176488  -0.455988  0.872311  -0.032072  -0.011243  -0.008015  -0.757045  1.823419  -0.185392  1.000000  
213.236357 0.010474  -0.000502  0.012271  0.511465  0.715851  0.475354  -0.841424  0.529474  0.107993  -0.174380  -0.455209  0.873141  -0.032697  -0.011697  -0.007090  -0.755110  1.831496  -0.183608  1.000000  
213.237610 0.010428  -0.000519  0.012270  0.512512  0.716298  0.473549  -0.841195  0.529550  0.109401  -0.172404  -0.454416  0.873947  -0.033226  -0.012090  -0.006251  -0.759020  1.836851  -0.173666  1.000000  
213.238856 0.010382  -0.000536  0.012270  0.513754  0.716698  0.471595  -0.840893  0.529673  0.111105  -0.170163  -0.453642  0.874788  -0.033696  -0.012411  -0.005515  -0.756702  1.847682  -0.169733  1.000000  
213.239857 0.010344  -0.000550  0.012270  0.514623  0.717136  0.469978  -0.840760  0.529582  0.112541  -0.168185  -0.453055  0.875474  -0.034253  -0.012699  -0.004760  -0.759462  1.864674  -0.157071  1.000000  
213.241107 0.010297  -0.000567  0.012273  0.515687  0.717641  0.468037  -0.840553  0.529567  0.114145  -0.165942  -0.452273  0.876306  -0.034736  -0.012892  -0.003778  -0.755971  1.874136  -0.139219  1.000000  
213.242356 0.010248  -0.000585  0.012277  0.516910  0.717946  0.466216  -0.840216  0.529741  0.115807  -0.163830  -0.451584  0.877058  -0.035394  -0.013122  -0.002589  -0.750378  1.881890  -0.135669  1.000000  
213.243357 0.010210  -0.000599  0.012283  0.517923  0.718151  0.464773  -0.839925  0.529896  0.117200  -0.162114  -0.451075  0.877639  -0.035883  -0.013236  -0.001425  -0.747961  1.889842  -0.133237  1.000000  
213.244358 0.010170  -0.000613  0.012290  0.518946  0.718443  0.463178  -0.839648  0.530017  0.118627  -0.160266  -0.450468  0.878290  -0.036363  -0.013372  -0.000333  -0.741404  1.901301  -0.129053  1.000000  
213.245367 0.010131  -0.000626  0.012299  0.519795  0.718843  0.461604  -0.839475  0.529993  0.119957  -0.158416  -0.449858  0.878938  -0.036907  -0.013514  0.000989  -0.736764  1.911243  -0.112354  1.000000  
213.246617 0.010081  -0.000644  0.012311  0.521020  0.719174  0.459703  -0.839136  0.530129  0.121712  -0.156170  -0.449167  0.879693  -0.037531  -0.013671  0.002147  -0.726400  1.926854  -0.106470  1.000000  
213.247864 0.010029  -0.000662  0.012325  0.522426  0.719426  0.457709  -0.838701  0.530367  0.123658  -0.153791  -0.448483  0.880461  -0.038074  -0.013807  0.003479  -0.712291  1.943000  -0.100787  1.000000  
213.249112 0.009978  -0.000681  0.012338  0.523646  0.719698  0.455883  -0.838350  0.530497  0.125472  -0.151543  -0.447892  0.881151  -0.038590  -0.014071  0.004439  -0.699315  1.951966  -0.090945  1.000000  
213.250363 0.009925  -0.000700  0.012351  0.525046  0.719947  0.453877  -0.837901  0.530743  0.127412  -0.149162  -0.447201  0.881908  -0.039065  -0.014170  0.005367  -0.689192  1.967949  -0.085189  1.000000  
213.251608 0.009873  -0.000719  0.012364  0.526442  0.720138  0.451951  -0.837445  0.530978  0.129414  -0.146780  -0.446613  0.882606  -0.039474  -0.014285  0.006378  -0.679643  1.983469  -0.086247  1.000000  
213.252857 0.009820  -0.000738  0.012381  0.527835  0.720329  0.450018  -0.836982  0.531217  0.131412  -0.144397  -0.446021  0.883297  -0.039965  -0.014379  0.007368  -0.659898  1.995568  -0.083773  1.000000  
213.254110 0.009767  -0.000757  0.012398  0.529215  0.720486  0.448142  -0.836496  0.531511  0.133308  -0.142146  -0.445418  0.883967  -0.040432  -0.014478  0.008641  -0.649943  2.009143  -0.084842  1.000000  
213.255360 0.009713  -0.000775  0.012419  0.530774  0.720563  0.446169  -0.835910  0.531906  0.135391  -0.139762  -0.444820  0.884648  -0.040915  -0.014504  0.009997  -0.633227  2.025620  -0.088356  1.000000  
213.256362 0.009670  -0.000788  0.012438  0.531774  0.720787  0.444615  -0.835582  0.532044  0.136862  -0.137907  -0.444292  0.885204  -0.041215  -0.014514  0.011079  -0.630937  2.029561  -0.088154  1.000000  
213.257623 0.009616  -0.000806  0.012462  0.533155  0.720918  0.442746  -0.835093  0.532281  0.138912  -0.135521  -0.443795  0.885821  -0.041563  -0.014502  0.012326  -0.619610  2.044071  -0.090186  1.000000  
213.258857 0.009561  -0.000824  0.012488  0.534714  0.721023  0.440689  -0.834501  0.532638  0.141085  -0.133002  -0.443196  0.886503  -0.042051  -0.014605  0.013551  -0.613670  2.069780  -0.093276  1.000000  
213.259866 0.009517  -0.000838  0.012508  0.535887  0.721112  0.439115  -0.834063  0.532866  0.142803  -0.131013  -0.442776  0.887009  -0.042327  -0.014627  0.014323  -0.605349  2.087163  -0.087943  1.000000  
213.261108 0.009461  -0.000856  0.012533  0.537267  0.721325  0.437075  -0.833567  0.533082  0.144879  -0.128492  -0.442170  0.887680  -0.042663  -0.014641  0.015059  -0.596374  2.108483  -0.085217  1.000000  
213.262159 0.009416  -0.000871  0.012552  0.538445  0.721444  0.435427  -0.833132  0.533266  0.146692  -0.126369  -0.441753  0.888192  -0.042876  -0.014587  0.015692  -0.590286  2.126548  -0.085713  1.000000  
213.263362 0.009359  -0.000890  0.012577  0.539989  0.721491  0.433431  -0.832511  0.533620  0.148915  -0.123846  -0.441248  0.888798  -0.043328  -0.014642  0.016450  -0.585337  2.153626  -0.088883  1.000000  
213.264367 0.009312  -0.000905  0.012598  0.540971  0.721654  0.431932  -0.832147  0.533761  0.150433  -0.121987  -0.440811  0.889272  -0.043684  -0.014647  0.017260  -0.576933  2.159928  -0.089717  1.000000  
213.265396 0.009265  -0.000919  0.012620  0.542123  0.721707  0.430398  -0.831668  0.534052  0.152039  -0.120128  -0.440372  0.889742  -0.043931  -0.014593  0.017993  -0.568074  2.168007  -0.101608  1.000000  
213.266612 0.009206  -0.000938  0.012649  0.543486  0.721861  0.428416  -0.831139  0.534267  0.154163  -0.117604  -0.439859  0.890334  -0.044498  -0.014597  0.019102  -0.557959  2.185517  -0.104028  1.000000  
213.267858 0.009146  -0.000956  0.012679  0.544666  0.722092  0.426523  -0.830702  0.534386  0.156097  -0.115212  -0.439334  0.890905  -0.045041  -0.014576  0.020094  -0.549650  2.193929  -0.107236  1.000000  
213.268878 0.009097  -0.000970  0.012705  0.545647  0.722232  0.425030  -0.830332  0.534469  0.157771  -0.113218  -0.439003  0.891324  -0.045371  -0.014443  0.020766  -0.532689  2.199437  -0.108164  1.000000  
213.270106 0.009036  -0.000987  0.012738  0.546828  0.722494  0.423062  -0.829895  0.534545  0.159799  -0.110692  -0.438480  0.891898  -0.045873  -0.014428  0.021555  -0.526634  2.212438  -0.112527  1.000000  
213.271107 0.008986  -0.001001  0.012764  0.547804  0.722633  0.421561  -0.829516  0.534632  0.161469  -0.108697  -0.438144  0.892308  -0.046340  -0.014420  0.022064  -0.515583  2.219593  -0.118371  1.000000  
213.272113 0.008936  -0.001015  0.012790  0.548947  0.722712  0.419934  -0.829019  0.534890  0.163159  -0.106702  -0.437698  0.892768  -0.046840  -0.014404  0.022532  -0.508430  2.230179  -0.122300  1.000000  
213.273357 0.008873  -0.001032  0.012822  0.550127  0.722952  0.417972  -0.828575  0.534907  0.165344  -0.104041  -0.437281  0.893287  -0.047330  -0.014340  0.022925  -0.499053  2.242758  -0.118370  1.000000  
213.274606 0.008810  -0.001050  0.012854  0.551465  0.723049  0.416036  -0.827999  0.535125  0.167511  -0.101512  -0.436854  0.893786  -0.047893  -0.014336  0.023420  -0.487466  2.250252  -0.121489  1.000000  
213.275856 0.008745  -0.001067  0.012886  0.552614  0.723241  0.414173  -0.827507  0.535314  0.169327  -0.099249  -0.436303  0.894309  -0.048493  -0.014304  0.023865  -0.477960  2.250671  -0.123854  1.000000  
213.277108 0.008679  -0.001085  0.012921  0.553775  0.723447  0.412260  -0.827030  0.535390  0.171403  -0.096719  -0.435870  0.894798  -0.049264  -0.014300  0.024685  -0.472675  2.254903  -0.123829  1.000000  
213.278138 0.008626  -0.001099  0.012950  0.554719  0.723517  0.410865  -0.826598  0.535588  0.172860  -0.094987  -0.435509  0.895159  -0.049583  -0.014194  0.025221  -0.462919  2.252073  -0.128491  1.000000  
213.279363 0.008558  -0.001117  0.012988  0.556035  0.723628  0.408885  -0.825985  0.535888  0.174850  -0.092590  -0.434956  0.895679  -0.050298  -0.014130  0.026015  -0.461836  2.257951  -0.128663  1.000000  
213.280370 0.008504  -0.001131  0.013019  0.556988  0.723812  0.407260  -0.825565  0.536016  0.176436  -0.090591  -0.434493  0.896108  -0.050886  -0.014144  0.026678  -0.460633  2.258331  -0.122218  1.000000  
213.281612 0.008434  -0.001149  0.013058  0.558291  0.723839  0.405424  -0.824930  0.536348  0.178386  -0.088326  -0.434038  0.896554  -0.051521  -0.014070  0.027364  -0.451081  2.254660  -0.126288  1.000000  
213.282858 0.008366  -0.001166  0.013097  0.559597  0.723897  0.403515  -0.824298  0.536635  0.180431  -0.085926  -0.433585  0.897006  -0.052025  -0.014009  0.027856  -0.445902  2.256170  -0.128294  1.000000  
213.284121 0.008296  -0.001183  0.013136  0.560893  0.723922  0.401667  -0.823650  0.536973  0.182373  -0.083660  -0.433125  0.897443  -0.052576  -0.013981  0.028346  -0.440110  2.255324  -0.130146  1.000000  
213.285373 0.008228  -0.001200  0.013174  0.562192  0.723978  0.399745  -0.823005  0.537266  0.184411  -0.081260  -0.432667  0.897884  -0.053064  -0.013978  0.028663  -0.434393  2.254066  -0.131981  1.000000  
213.286608 0.008158  -0.001218  0.013211  0.563474  0.723968  0.397953  -0.822336  0.537658  0.186247  -0.079126  -0.432196  0.898301  -0.053581  -0.013978  0.029049  -0.433096  2.247285  -0.137774  1.000000  
213.287857 0.008088  -0.001236  0.013250  0.564922  0.723846  0.396117  -0.821544  0.538201  0.188160  -0.076992  -0.431724  0.898714  -0.054093  -0.014103  0.029483  -0.426331  2.238854  -0.148646  1.000000  
213.288858 0.008031  -0.001251  0.013282  0.566012  0.723799  0.394646  -0.820955  0.538569  0.189675  -0.075257  -0.431345  0.899043  -0.054529  -0.014166  0.029913  -0.424942  2.230630  -0.157189  1.000000  
213.289882 0.007974  -0.001266  0.013315  0.567279  0.723705  0.392995  -0.820261  0.538992  0.191466  -0.073256  -0.430973  0.899386  -0.054770  -0.014126  0.030324  -0.418220  2.233044  -0.164893  1.000000  
213.291106 0.007903  -0.001285  0.013358  0.568723  0.723613  0.391074  -0.819460  0.539495  0.193467  -0.070987  -0.430499  0.899795  -0.055313  -0.014280  0.031042  -0.415816  2.228751  -0.173467  1.000000  
213.292107 0.007845  -0.001300  0.013393  0.569973  0.723452  0.389549  -0.818740  0.540018  0.195053  -0.069252  -0.430115  0.900114  -0.055601  -0.014355  0.031479  -0.413987  2.223384  -0.187192  1.000000  
213.293356 0.007773  -0.001318  0.013438  0.571409  0.723357  0.387616  -0.817927  0.540526  0.197045  -0.066983  -0.429635  0.900515  -0.055973  -0.014374  0.032112  -0.412059  2.211944  -0.192529  1.000000  
213.294606 0.007701  -0.001337  0.013484  0.573005  0.723116  0.385705  -0.816983  0.541233  0.199013  -0.064847  -0.429150  0.900903  -0.056229  -0.014429  0.032620  -0.405288  2.209841  -0.210552  1.000000  
213.295625 0.007642  -0.001352  0.013520  0.574246  0.722952  0.384165  -0.816247  0.541762  0.200588  -0.063111  -0.428760  0.901211  -0.056437  -0.014474  0.032915  -0.402880  2.207701  -0.223642  1.000000  
213.296858 0.007570  -0.001370  0.013565  0.575666  0.722820  0.382283  -0.815409  0.542325  0.202467  -0.060974  -0.428271  0.901591  -0.056738  -0.014568  0.033296  -0.404323  2.205707  -0.241539  1.000000  
213.297861 0.007512  -0.001384  0.013602  0.576901  0.722653  0.380734  -0.814663  0.542857  0.204035  -0.059238  -0.427878  0.901893  -0.056928  -0.014557  0.033679  -0.401197  2.203265  -0.259215  1.000000  
213.299109 0.007440  -0.001402  0.013647  0.578309  0.722485  0.378911  -0.813807  0.543471  0.205807  -0.057235  -0.427381  0.902258  -0.057176  -0.014609  0.034109  -0.399265  2.190072  -0.274934  1.000000  
213.300109 0.007381  -0.001417  0.013685  0.579701  0.722171  0.377380  -0.812928  0.544202  0.207347  -0.055632  -0.426982  0.902547  -0.057402  -0.014660  0.034601  -0.399676  2.186656  -0.300632  1.000000  
213.301119 0.007321  -0.001432  0.013723  0.580924  0.721967  0.375888  -0.812163  0.544786  0.208805  -0.054028  -0.426582  0.902834  -0.057613  -0.014732  0.035134  -0.400610  2.184105  -0.318129  1.000000  
213.302357 0.007247  -0.001451  0.013772  0.582489  0.721637  0.374093  -0.811172  0.545530  0.210708  -0.052024  -0.426189  0.903137  -0.057985  -0.014796  0.035852  -0.393822  2.173299  -0.348145  1.000000  
