1-Time 2-Px 3-Py 4-Pz 5-R11 6-R21 7-R31 8-R12 9-R22 10-R32 11-R13 12-R23 13-R33 14-Vx 15-Vy 16-Vz 17-Wx 18-Wy 19-Wz 20-state
28.897822 0.026194  -0.014581  -0.002840  0.558585  0.805153  0.199278  -0.811970  0.579859  -0.066842  -0.169371  -0.124471  0.977661  -0.000480  -0.000630  -0.000460  0.000000  0.000000  0.000000  1.000000  
28.898999 0.026193  -0.014581  -0.002839  0.558585  0.805177  0.199181  -0.811970  0.579851  -0.066912  -0.169371  -0.124353  0.977676  -0.000954  -0.000070  0.000426  0.000000  0.000000  0.000000  1.000000  
28.900241 0.026181  -0.014581  -0.002837  0.558572  0.805216  0.199060  -0.811952  0.579848  -0.067161  -0.169503  -0.124113  0.977683  -0.005728  0.000237  0.001161  0.000000  0.000000  0.000000  1.000000  
28.901492 0.026167  -0.014580  -0.002834  0.558572  0.805264  0.198864  -0.811952  0.579832  -0.067302  -0.169503  -0.123875  0.977713  -0.007903  0.000265  0.001735  0.000000  0.000000  0.000000  1.000000  
28.902499 0.026158  -0.014579  -0.002832  0.558572  0.805288  0.198767  -0.811952  0.579824  -0.067372  -0.169503  -0.123757  0.977728  -0.007977  0.000450  0.001639  0.000000  0.000000  0.000000  1.000000  
28.903741 0.026149  -0.014577  -0.002828  0.558572  0.805336  0.198571  -0.811952  0.579807  -0.067513  -0.169503  -0.123520  0.977758  -0.007925  0.000774  0.001958  0.000000  0.000000  0.000000  1.000000  
28.904743 0.026137  -0.014573  -0.002826  0.558405  0.805504  0.198362  -0.812067  0.579625  -0.067694  -0.169503  -0.123282  0.977788  -0.008553  0.001243  0.002057  0.000000  0.000000  0.000000  1.000000  
28.905992 0.026117  -0.014568  -0.002825  0.558405  0.805528  0.198264  -0.812067  0.579617  -0.067764  -0.169503  -0.123164  0.977803  -0.009661  0.001692  0.001859  0.000000  0.000000  0.000000  1.000000  
28.907000 0.026102  -0.014563  -0.002824  0.558405  0.805552  0.198167  -0.812067  0.579609  -0.067835  -0.169503  -0.123045  0.977818  -0.010299  0.002077  0.001758  0.000000  0.000000  0.000000  1.000000  
28.908250 0.026083  -0.014556  -0.002822  0.558418  0.805585  0.197995  -0.812085  0.579587  -0.067797  -0.169371  -0.122929  0.977856  -0.010871  0.002447  0.001723  0.000000  0.000000  0.000000  1.000000  
28.909496 0.026067  -0.014549  -0.002818  0.558251  0.805752  0.197785  -0.812200  0.579405  -0.067978  -0.169371  -0.122692  0.977885  -0.011090  0.002772  0.001879  0.000000  0.000000  0.000000  1.000000  
28.910500 0.026053  -0.014543  -0.002815  0.558264  0.805786  0.197613  -0.812219  0.579383  -0.067941  -0.169240  -0.122576  0.977923  -0.011337  0.003027  0.001940  0.000000  0.000000  0.000000  1.000000  
28.911501 0.026036  -0.014538  -0.002812  0.558264  0.805810  0.197516  -0.812219  0.579375  -0.068011  -0.169240  -0.122458  0.977938  -0.011745  0.003213  0.002025  0.000000  0.000000  0.000000  1.000000  
28.912744 0.026011  -0.014531  -0.002808  0.558264  0.805834  0.197418  -0.812219  0.579366  -0.068081  -0.169240  -0.122339  0.977952  -0.012396  0.003399  0.002124  0.000000  0.000000  0.000000  1.000000  
28.913994 0.025984  -0.014525  -0.002803  0.558264  0.805882  0.197222  -0.812219  0.579350  -0.068222  -0.169240  -0.122102  0.977982  -0.013950  0.003732  0.002439  0.000000  0.000000  0.000000  1.000000  
28.915242 0.025957  -0.014519  -0.002799  0.558264  0.805905  0.197125  -0.812219  0.579341  -0.068292  -0.169240  -0.121983  0.977997  -0.015051  0.004176  0.002515  0.000000  0.000000  0.000000  1.000000  
28.916492 0.025931  -0.014512  -0.002796  0.558418  0.805849  0.196920  -0.812085  0.579496  -0.068570  -0.169371  -0.121625  0.978019  -0.015786  0.004631  0.002522  0.000000  0.000000  0.000000  1.000000  
28.917742 0.025906  -0.014502  -0.002796  0.558418  0.805896  0.196724  -0.812085  0.579479  -0.068711  -0.169371  -0.121387  0.978048  -0.016774  0.005128  0.002419  0.000000  0.000000  0.000000  1.000000  
28.918742 0.025885  -0.014494  -0.002794  0.558572  0.805792  0.196715  -0.811952  0.579650  -0.068849  -0.169503  -0.121266  0.978040  -0.017720  0.005516  0.002225  0.000000  0.000000  0.000000  1.000000  
28.919784 0.025863  -0.014485  -0.002792  0.558572  0.805839  0.196519  -0.811952  0.579633  -0.068989  -0.169503  -0.121029  0.978070  -0.018213  0.005904  0.002282  0.000000  0.000000  0.000000  1.000000  
28.920992 0.025837  -0.014474  -0.002787  0.558739  0.805768  0.196338  -0.811837  0.579783  -0.069089  -0.169503  -0.120791  0.978099  -0.018669  0.006254  0.002539  0.000000  0.000000  0.000000  1.000000  
28.921992 0.025819  -0.014464  -0.002782  0.558894  0.805663  0.196329  -0.811703  0.579953  -0.069227  -0.169635  -0.120670  0.978091  -0.018850  0.006566  0.002768  0.000000  0.000000  0.000000  1.000000  
28.922992 0.025801  -0.014454  -0.002777  0.559061  0.805567  0.196245  -0.811588  0.580111  -0.069257  -0.169635  -0.120551  0.978106  -0.019036  0.006888  0.003053  0.000000  0.000000  0.000000  1.000000  
28.923995 0.025784  -0.014443  -0.002770  0.559228  0.805472  0.196162  -0.811473  0.580268  -0.069287  -0.169635  -0.120433  0.978121  -0.019261  0.007253  0.003337  0.000000  0.000000  0.000000  1.000000  
28.924998 0.025766  -0.014433  -0.002763  0.559408  0.805409  0.195906  -0.811376  0.580404  -0.069280  -0.169503  -0.120198  0.978172  -0.019667  0.007597  0.003623  0.000000  0.000000  0.000000  1.000000  
28.926001 0.025745  -0.014423  -0.002757  0.559575  0.805313  0.195823  -0.811261  0.580561  -0.069310  -0.169503  -0.120079  0.978187  -0.020032  0.007896  0.003769  0.000000  0.000000  0.000000  1.000000  
28.927247 0.025717  -0.014413  -0.002752  0.559909  0.805098  0.195754  -0.811031  0.580885  -0.069300  -0.169503  -0.119961  0.978201  -0.020324  0.008112  0.003826  0.000000  0.000000  0.000000  1.000000  
28.928496 0.025690  -0.014402  -0.002749  0.560243  0.804906  0.195587  -0.810800  0.581199  -0.069360  -0.169503  -0.119724  0.978230  -0.020365  0.008436  0.003746  0.000000  0.000000  0.000000  1.000000  
28.929742 0.025663  -0.014390  -0.002747  0.560577  0.804714  0.195420  -0.810569  0.581514  -0.069421  -0.169503  -0.119486  0.978260  -0.020322  0.008794  0.003549  0.000000  0.000000  0.000000  1.000000  
28.930743 0.025641  -0.014378  -0.002746  0.560743  0.804642  0.195239  -0.810454  0.581663  -0.069521  -0.169503  -0.119249  0.978288  -0.020360  0.009260  0.003525  0.000000  0.000000  0.000000  1.000000  
28.931994 0.025613  -0.014365  -0.002743  0.561077  0.804450  0.195073  -0.810223  0.581977  -0.069582  -0.169503  -0.119012  0.978317  -0.020598  0.009570  0.003613  0.000000  0.000000  0.000000  1.000000  
28.933242 0.025583  -0.014351  -0.002741  0.561411  0.804257  0.194906  -0.809992  0.582291  -0.069643  -0.169503  -0.118774  0.978346  -0.020859  0.009807  0.003644  0.000000  0.000000  0.000000  1.000000  
28.934242 0.025560  -0.014338  -0.002738  0.561744  0.804065  0.194740  -0.809761  0.582605  -0.069704  -0.169503  -0.118537  0.978375  -0.020910  0.010084  0.003649  0.000000  0.000000  0.000000  1.000000  
28.935492 0.025532  -0.014323  -0.002733  0.562077  0.803872  0.194574  -0.809529  0.582920  -0.069765  -0.169503  -0.118300  0.978404  -0.021026  0.010367  0.003711  0.000000  0.000000  0.000000  1.000000  
28.936498 0.025510  -0.014309  -0.002729  0.562411  0.803655  0.194505  -0.809298  0.583242  -0.069756  -0.169503  -0.118181  0.978418  -0.021184  0.010713  0.003738  0.000000  0.000000  0.000000  1.000000  
28.937741 0.025482  -0.014292  -0.002724  0.562757  0.803448  0.194361  -0.809085  0.583551  -0.069639  -0.169371  -0.118065  0.978455  -0.021550  0.010976  0.003627  0.000000  0.000000  0.000000  1.000000  
28.938742 0.025459  -0.014279  -0.002720  0.562936  0.803384  0.194106  -0.808987  0.583687  -0.069633  -0.169240  -0.117830  0.978506  -0.021961  0.011114  0.003462  0.000000  0.000000  0.000000  1.000000  
28.939742 0.025435  -0.014268  -0.002717  0.563269  0.803167  0.194037  -0.808756  0.584009  -0.069624  -0.169240  -0.117712  0.978520  -0.022355  0.011163  0.003156  -0.134974  0.029176  -0.200861  1.000000  
28.940992 0.025405  -0.014254  -0.002714  0.563615  0.802982  0.193796  -0.808542  0.584310  -0.069579  -0.169108  -0.117477  0.978571  -0.022679  0.011280  0.002850  -0.136716  0.030786  -0.214289  1.000000  
28.942002 0.025379  -0.014242  -0.002714  0.563795  0.802895  0.193638  -0.808445  0.584454  -0.069502  -0.168976  -0.117361  0.978608  -0.022879  0.011576  0.002610  -0.136684  0.036306  -0.222277  1.000000  
28.943249 0.025345  -0.014227  -0.002711  0.563974  0.802807  0.193480  -0.808347  0.584598  -0.069426  -0.168844  -0.117245  0.978645  -0.023358  0.011846  0.002530  -0.131440  0.041554  -0.228487  1.000000  
28.944495 0.025313  -0.014211  -0.002709  0.564153  0.802742  0.193225  -0.808250  0.584734  -0.069421  -0.168712  -0.117010  0.978695  -0.023750  0.012101  0.002534  -0.130300  0.046794  -0.234748  1.000000  
28.945742 0.025280  -0.014196  -0.002706  0.564499  0.802557  0.192984  -0.808036  0.585035  -0.069376  -0.168580  -0.116775  0.978746  -0.024114  0.012178  0.002639  -0.129157  0.056501  -0.240489  1.000000  
28.946742 0.025253  -0.014182  -0.002704  0.564678  0.802469  0.192826  -0.807938  0.585179  -0.069300  -0.168448  -0.116659  0.978783  -0.024365  0.012367  0.002682  -0.127994  0.061756  -0.246707  1.000000  
28.947993 0.025220  -0.014164  -0.002701  0.564870  0.802413  0.192495  -0.807859  0.585301  -0.069187  -0.168185  -0.116427  0.978856  -0.024587  0.012663  0.002714  -0.122777  0.071431  -0.252406  1.000000  
28.949242 0.025188  -0.014144  -0.002701  0.564883  0.802446  0.192323  -0.807877  0.585280  -0.069151  -0.168053  -0.116311  0.978892  -0.024835  0.012980  0.002461  -0.119900  0.079514  -0.244631  1.000000  
28.950492 0.025158  -0.014124  -0.002700  0.565062  0.802381  0.192067  -0.807779  0.585416  -0.069146  -0.167921  -0.116076  0.978943  -0.025021  0.013236  0.002150  -0.123040  0.083289  -0.242227  1.000000  
28.951742 0.025129  -0.014105  -0.002701  0.565254  0.802301  0.191834  -0.807700  0.585547  -0.068963  -0.167657  -0.115963  0.979001  -0.025084  0.013353  0.001727  -0.118913  0.096461  -0.240441  1.000000  
28.952747 0.025104  -0.014091  -0.002702  0.565267  0.802333  0.191662  -0.807718  0.585526  -0.068927  -0.167525  -0.115847  0.979038  -0.025197  0.013417  0.001411  -0.121074  0.100871  -0.235122  1.000000  
28.953992 0.025073  -0.014074  -0.002704  0.565459  0.802277  0.191331  -0.807638  0.585649  -0.068815  -0.167261  -0.115614  0.979110  -0.025370  0.013585  0.000957  -0.124172  0.108871  -0.232178  1.000000  
28.955242 0.025042  -0.014055  -0.002705  0.565485  0.802318  0.191083  -0.807675  0.585616  -0.068671  -0.166997  -0.115501  0.979169  -0.025442  0.013784  0.000695  -0.121340  0.112457  -0.224971  1.000000  
28.956242 0.025018  -0.014040  -0.002706  0.565664  0.802229  0.190925  -0.807577  0.585760  -0.068595  -0.166865  -0.115385  0.979205  -0.025349  0.014046  0.000591  -0.121371  0.116874  -0.224483  1.000000  
28.957492 0.024988  -0.014023  -0.002705  0.565856  0.802150  0.190692  -0.807497  0.585891  -0.068413  -0.166602  -0.115271  0.979263  -0.025174  0.014198  0.000585  -0.118487  0.124860  -0.216682  1.000000  
28.958500 0.024964  -0.014009  -0.002704  0.566048  0.802070  0.190458  -0.807417  0.586023  -0.068230  -0.166338  -0.115158  0.979321  -0.024947  0.014348  0.000420  -0.116568  0.133954  -0.210631  1.000000  
28.959747 0.024934  -0.013989  -0.002703  0.566406  0.801892  0.190141  -0.807220  0.586311  -0.068079  -0.166074  -0.114925  0.979394  -0.024710  0.014664  0.000364  -0.116588  0.142821  -0.209582  1.000000  
28.960748 0.024911  -0.013972  -0.002703  0.566585  0.801803  0.189982  -0.807122  0.586456  -0.068004  -0.165942  -0.114809  0.979430  -0.024545  0.014918  0.000195  -0.116615  0.147276  -0.209089  1.000000  
28.961997 0.024882  -0.013950  -0.002704  0.566776  0.801723  0.189749  -0.807041  0.586587  -0.067821  -0.165678  -0.114695  0.979488  -0.024227  0.015291  -0.000089  -0.109640  0.155332  -0.201271  1.000000  
28.963241 0.024853  -0.013927  -0.002707  0.567134  0.801545  0.189431  -0.806844  0.586876  -0.067671  -0.165414  -0.114463  0.979559  -0.023971  0.015516  -0.000459  -0.112826  0.162898  -0.198622  1.000000  
28.964242 0.024832  -0.013909  -0.002710  0.567325  0.801488  0.189100  -0.806763  0.586999  -0.067560  -0.165150  -0.114230  0.979631  -0.023768  0.015662  -0.000657  -0.114952  0.172330  -0.192482  1.000000  
28.965247 0.024811  -0.013891  -0.002712  0.567670  0.801278  0.188955  -0.806548  0.587309  -0.067446  -0.165018  -0.114114  0.979667  -0.023531  0.015841  -0.000771  -0.110878  0.176744  -0.191967  1.000000  
28.966492 0.024783  -0.013869  -0.002714  0.568040  0.801085  0.188659  -0.806368  0.587593  -0.067118  -0.164622  -0.114003  0.979746  -0.023398  0.016037  -0.000893  -0.110038  0.188605  -0.188892  1.000000  
28.967492 0.024761  -0.013851  -0.002715  0.568385  0.800898  0.188417  -0.806152  0.587894  -0.067076  -0.164490  -0.113768  0.979796  -0.023319  0.016228  -0.000892  -0.115042  0.190111  -0.190474  1.000000  
28.968742 0.024732  -0.013830  -0.002715  0.568755  0.800705  0.188121  -0.805972  0.588178  -0.066749  -0.164094  -0.113656  0.979875  -0.023153  0.016501  -0.000738  -0.111016  0.199001  -0.189454  1.000000  
28.969749 0.024709  -0.013814  -0.002715  0.569112  0.800526  0.187803  -0.805774  0.588467  -0.066600  -0.163830  -0.113424  0.979946  -0.023054  0.016614  -0.000595  -0.113956  0.208674  -0.195194  1.000000  
28.970992 0.024680  -0.013793  -0.002715  0.569482  0.800332  0.187506  -0.805593  0.588751  -0.066273  -0.163434  -0.113312  0.980025  -0.022988  0.016719  -0.000608  -0.109046  0.215807  -0.192614  1.000000  
28.971994 0.024657  -0.013776  -0.002715  0.570004  0.800032  0.187201  -0.805277  0.589205  -0.066086  -0.163170  -0.113080  0.980096  -0.022871  0.016982  -0.000650  -0.110881  0.221839  -0.205633  1.000000  
28.973242 0.024629  -0.013752  -0.002715  0.570361  0.799852  0.186883  -0.805077  0.589494  -0.065938  -0.162906  -0.112847  0.980167  -0.022746  0.017358  -0.000689  -0.113828  0.227012  -0.211874  1.000000  
28.974242 0.024605  -0.013733  -0.002716  0.570730  0.799658  0.186585  -0.804896  0.589778  -0.065611  -0.162510  -0.112736  0.980245  -0.022751  0.017568  -0.000882  -0.108702  0.236607  -0.217594  1.000000  
28.975251 0.024582  -0.013713  -0.002717  0.571087  0.799478  0.186267  -0.804696  0.590067  -0.065464  -0.162246  -0.112503  0.980316  -0.022742  0.017821  -0.000928  -0.113701  0.242935  -0.218870  1.000000  
28.976497 0.024553  -0.013688  -0.002717  0.571621  0.799207  0.185788  -0.804396  0.590500  -0.065243  -0.161850  -0.112153  0.980421  -0.022736  0.018022  -0.000840  -0.115562  0.253395  -0.231476  1.000000  
28.977746 0.024523  -0.013664  -0.002718  0.572156  0.798936  0.185310  -0.804096  0.590933  -0.065022  -0.161454  -0.111804  0.980527  -0.022841  0.018129  -0.000781  -0.117455  0.259395  -0.244625  1.000000  
28.978993 0.024492  -0.013638  -0.002717  0.572702  0.798650  0.184852  -0.803813  0.591362  -0.064624  -0.160926  -0.111576  0.980639  -0.022997  0.018362  -0.000481  -0.118213  0.275130  -0.263479  1.000000  
28.979993 0.024467  -0.013617  -0.002715  0.573071  0.798500  0.184359  -0.803629  0.591631  -0.064443  -0.160530  -0.111226  0.980744  -0.023328  0.018611  -0.000227  -0.125304  0.284777  -0.269292  1.000000  
28.980994 0.024442  -0.013596  -0.002712  0.573592  0.798196  0.184053  -0.803310  0.592084  -0.064259  -0.160266  -0.110993  0.980814  -0.023499  0.018786  0.000082  -0.121960  0.291538  -0.289197  1.000000  
28.982242 0.024410  -0.013572  -0.002708  0.573972  0.798054  0.183483  -0.803144  0.592341  -0.063971  -0.159737  -0.110646  0.980939  -0.023765  0.018927  0.000395  -0.128022  0.303131  -0.292085  1.000000  
28.983242 0.024383  -0.013552  -0.002705  0.574353  0.797888  0.183011  -0.802977  0.592606  -0.063613  -0.159209  -0.110417  0.981051  -0.024048  0.019074  0.000678  -0.129956  0.313496  -0.304594  1.000000  
28.984245 0.024356  -0.013532  -0.002703  0.574886  0.797592  0.182627  -0.802674  0.593047  -0.063323  -0.158813  -0.110186  0.981141  -0.024252  0.019334  0.000858  -0.132971  0.322077  -0.320251  1.000000  
28.985492 0.024323  -0.013507  -0.002701  0.575278  0.797457  0.181981  -0.802523  0.593293  -0.062930  -0.158152  -0.109841  0.981286  -0.024556  0.019640  0.000976  -0.140183  0.336225  -0.325638  1.000000  
28.986499 0.024297  -0.013486  -0.002699  0.575645  0.797283  0.181584  -0.802338  0.593570  -0.062679  -0.157756  -0.109610  0.981376  -0.024759  0.019914  0.001121  -0.143209  0.345821  -0.331414  1.000000  
28.987742 0.024265  -0.013459  -0.002697  0.576202  0.797047  0.180852  -0.802067  0.593973  -0.062322  -0.157095  -0.109146  0.981534  -0.025035  0.020188  0.001239  -0.149327  0.360735  -0.343675  1.000000  
28.988992 0.024233  -0.013431  -0.002694  0.576771  0.796797  0.180141  -0.801814  0.594371  -0.061787  -0.156302  -0.108802  0.981698  -0.025265  0.020429  0.001366  -0.154174  0.376950  -0.352403  1.000000  
28.989993 0.024206  -0.013409  -0.002693  0.577150  0.796629  0.179666  -0.801644  0.594637  -0.061431  -0.155774  -0.108573  0.981808  -0.025503  0.020665  0.001538  -0.157242  0.390944  -0.357701  1.000000  
28.990994 0.024179  -0.013385  -0.002691  0.577528  0.796484  0.179094  -0.801474  0.594896  -0.061147  -0.155245  -0.108225  0.981930  -0.025701  0.020864  0.001764  -0.161672  0.403783  -0.366580  1.000000  
28.991999 0.024152  -0.013362  -0.002687  0.577907  0.796338  0.178522  -0.801303  0.595155  -0.060864  -0.154716  -0.107877  0.982052  -0.025911  0.021135  0.002132  -0.169950  0.412536  -0.365604  1.000000  
28.993246 0.024119  -0.013333  -0.002682  0.578474  0.796107  0.177712  -0.801046  0.595547  -0.060403  -0.153923  -0.107414  0.982227  -0.026114  0.021347  0.002356  -0.176112  0.431810  -0.377340  1.000000  
28.994497 0.024085  -0.013305  -0.002677  0.579029  0.795845  0.177075  -0.800772  0.595958  -0.059978  -0.153262  -0.107068  0.982368  -0.026364  0.021521  0.002562  -0.183384  0.445949  -0.382801  1.000000  
28.995742 0.024050  -0.013276  -0.002674  0.579595  0.795592  0.176360  -0.800514  0.596359  -0.059446  -0.152469  -0.106723  0.982529  -0.026553  0.021720  0.002556  -0.189088  0.465147  -0.384061  1.000000  
28.996742 0.024022  -0.013254  -0.002670  0.579985  0.795452  0.175709  -0.800358  0.596607  -0.059059  -0.151807  -0.106377  0.982669  -0.026720  0.021876  0.002624  -0.194939  0.482303  -0.385920  1.000000  
28.997992 0.023988  -0.013224  -0.002667  0.580562  0.795206  0.174915  -0.800114  0.596996  -0.058422  -0.150882  -0.106034  0.982849  -0.026806  0.022177  0.002588  -0.200621  0.501214  -0.387194  1.000000  
28.999242 0.023955  -0.013194  -0.002663  0.581139  0.794959  0.174121  -0.799869  0.597386  -0.057787  -0.149956  -0.105692  0.983027  -0.026765  0.022542  0.002646  -0.205606  0.523981  -0.395466  1.000000  
29.000243 0.023929  -0.013170  -0.002660  0.581527  0.794817  0.173469  -0.799711  0.597635  -0.057401  -0.149294  -0.105345  0.983165  -0.026694  0.022885  0.002772  -0.212333  0.533182  -0.391110  1.000000  
29.001492 0.023896  -0.013140  -0.002655  0.582103  0.794569  0.172673  -0.799464  0.598026  -0.056767  -0.148368  -0.105002  0.983342  -0.026751  0.023070  0.002873  -0.218294  0.554922  -0.392249  1.000000  
29.002499 0.023870  -0.013115  -0.002650  0.582502  0.794435  0.171942  -0.799320  0.598264  -0.056275  -0.147574  -0.104657  0.983498  -0.026781  0.023318  0.003142  -0.222559  0.572549  -0.390379  1.000000  
29.003741 0.023838  -0.013083  -0.002644  0.583077  0.794206  0.171049  -0.799072  0.598648  -0.055716  -0.146648  -0.104194  0.983686  -0.026766  0.023560  0.003405  -0.228086  0.586269  -0.392263  1.000000  
29.004742 0.023812  -0.013058  -0.002639  0.583475  0.794050  0.170413  -0.798927  0.598894  -0.055153  -0.145854  -0.103968  0.983828  -0.026675  0.023808  0.003601  -0.232424  0.604069  -0.390539  1.000000  
29.005742 0.023786  -0.013032  -0.002635  0.584037  0.793791  0.169692  -0.798660  0.599298  -0.054628  -0.145059  -0.103622  0.983982  -0.026638  0.023974  0.003740  -0.235629  0.622360  -0.395506  1.000000  
29.006746 0.023761  -0.013007  -0.002629  0.584599  0.793532  0.168971  -0.798393  0.599701  -0.054104  -0.144265  -0.103276  0.984135  -0.026568  0.024107  0.003881  -0.237851  0.640762  -0.397569  1.000000  
29.008004 0.023728  -0.012976  -0.002624  0.585183  0.793308  0.167996  -0.798156  0.600076  -0.053441  -0.143206  -0.102814  0.984338  -0.026489  0.024197  0.003909  -0.242212  0.662795  -0.395359  1.000000  
29.009247 0.023695  -0.012945  -0.002619  0.585755  0.793055  0.167195  -0.797902  0.600469  -0.052813  -0.142279  -0.102470  0.984508  -0.026436  0.024350  0.003939  -0.246672  0.676206  -0.394220  1.000000  
29.010247 0.023668  -0.012922  -0.002615  0.586151  0.792917  0.166460  -0.797753  0.600710  -0.052325  -0.141484  -0.102123  0.984659  -0.026402  0.024385  0.004023  -0.246980  0.689558  -0.393099  1.000000  
29.011497 0.023635  -0.012891  -0.002610  0.586733  0.792691  0.165483  -0.797512  0.601087  -0.051665  -0.140424  -0.101661  0.984858  -0.026280  0.024539  0.004078  -0.251377  0.707135  -0.391434  1.000000  
29.012745 0.023603  -0.012861  -0.002604  0.587489  0.792329  0.164534  -0.797164  0.601622  -0.050793  -0.139232  -0.101320  0.985063  -0.026103  0.024638  0.004248  -0.254848  0.730177  -0.396141  1.000000  
29.013992 0.023572  -0.012831  -0.002596  0.588070  0.792081  0.163651  -0.796921  0.602006  -0.050062  -0.138172  -0.100977  0.985247  -0.025979  0.024652  0.004530  -0.252122  0.747066  -0.397637  1.000000  
29.015242 0.023540  -0.012800  -0.002589  0.588813  0.791728  0.162681  -0.796555  0.602547  -0.049371  -0.137112  -0.100514  0.985443  -0.025948  0.024642  0.004738  -0.257695  0.762709  -0.407138  1.000000  
29.016243 0.023515  -0.012776  -0.002581  0.589217  0.791575  0.161960  -0.796415  0.602786  -0.048709  -0.136184  -0.100287  0.985594  -0.025816  0.024697  0.005064  -0.258066  0.780643  -0.405535  1.000000  
29.017492 0.023483  -0.012745  -0.002572  0.589981  0.791237  0.160831  -0.796075  0.603306  -0.047808  -0.134858  -0.099828  0.985823  -0.025799  0.024696  0.005265  -0.258359  0.801882  -0.413154  1.000000  
29.018742 0.023453  -0.012714  -0.002563  0.590733  0.790870  0.159875  -0.795719  0.603844  -0.046943  -0.133665  -0.099485  0.986020  -0.025634  0.024584  0.005428  -0.256990  0.817405  -0.416105  1.000000  
29.019748 0.023429  -0.012690  -0.002556  0.591298  0.790610  0.159065  -0.795454  0.604241  -0.046322  -0.132737  -0.099139  0.986181  -0.025516  0.024467  0.005535  -0.260391  0.831278  -0.421728  1.000000  
29.020991 0.023397  -0.012661  -0.002548  0.591885  0.790366  0.158097  -0.795216  0.604617  -0.045492  -0.131543  -0.098796  0.986375  -0.025494  0.024309  0.005649  -0.257742  0.847313  -0.423111  1.000000  
29.021992 0.023373  -0.012637  -0.002541  0.592449  0.790105  0.157286  -0.794949  0.605014  -0.044873  -0.130615  -0.098449  0.986533  -0.025435  0.024181  0.005901  -0.257171  0.861296  -0.428892  1.000000  
29.022992 0.023346  -0.012615  -0.002534  0.593023  0.789851  0.156394  -0.794695  0.605402  -0.044150  -0.129553  -0.098104  0.986707  -0.025487  0.024050  0.006006  -0.257591  0.874360  -0.427832  1.000000  
29.023999 0.023320  -0.012592  -0.002527  0.593597  0.789577  0.155598  -0.794439  0.605795  -0.043354  -0.128492  -0.097878  0.986869  -0.025383  0.023926  0.006263  -0.255085  0.895471  -0.437059  1.000000  
29.025000 0.023295  -0.012571  -0.002518  0.594159  0.789314  0.154784  -0.794168  0.606193  -0.042739  -0.127563  -0.097531  0.987024  -0.025293  0.023768  0.006571  -0.254532  0.904946  -0.443319  1.000000  
29.026247 0.023264  -0.012544  -0.002509  0.594925  0.788957  0.153660  -0.793828  0.606713  -0.041669  -0.126103  -0.097190  0.987245  -0.025161  0.023569  0.006879  -0.254170  0.927840  -0.448226  1.000000  
29.027248 0.023239  -0.012522  -0.002499  0.595485  0.788692  0.152844  -0.793554  0.607113  -0.041056  -0.125174  -0.096842  0.987397  -0.025062  0.023403  0.007184  -0.254604  0.936629  -0.447703  1.000000  
29.028494 0.023208  -0.012495  -0.002488  0.596249  0.788333  0.151718  -0.793210  0.607634  -0.039989  -0.123714  -0.096501  0.987615  -0.025048  0.023185  0.007493  -0.254331  0.955156  -0.453158  1.000000  
29.029501 0.023184  -0.012474  -0.002479  0.596645  0.788192  0.150891  -0.793057  0.607872  -0.039409  -0.122784  -0.096152  0.987765  -0.024968  0.022969  0.007656  -0.254718  0.963744  -0.452557  1.000000  
29.030745 0.023154  -0.012447  -0.002469  0.597396  0.787823  0.149841  -0.792696  0.608404  -0.038450  -0.121456  -0.095809  0.987962  -0.024892  0.022687  0.007685  -0.254460  0.977911  -0.458543  1.000000  
29.031998 0.023125  -0.012420  -0.002459  0.597973  0.787571  0.148862  -0.792443  0.608784  -0.037630  -0.120261  -0.095463  0.988142  -0.024744  0.022405  0.007788  -0.254096  0.987273  -0.464837  1.000000  
29.033242 0.023097  -0.012394  -0.002448  0.598722  0.787200  0.147809  -0.792078  0.609318  -0.036674  -0.118932  -0.095119  0.988336  -0.024559  0.022152  0.007871  -0.251716  0.997530  -0.466470  1.000000  
29.034242 0.023073  -0.012373  -0.002441  0.599287  0.786939  0.146907  -0.791809  0.609709  -0.035961  -0.117870  -0.094771  0.988496  -0.024562  0.021925  0.007908  -0.251352  1.006981  -0.472804  1.000000  
29.035492 0.023043  -0.012348  -0.002431  0.599871  0.786692  0.145844  -0.791564  0.610082  -0.035038  -0.116541  -0.094426  0.988687  -0.024434  0.021663  0.008015  -0.251010  1.018983  -0.470002  1.000000  
29.036498 0.023020  -0.012328  -0.002422  0.600435  0.786429  0.144940  -0.791292  0.610474  -0.034327  -0.115478  -0.094078  0.988845  -0.024302  0.021351  0.008137  -0.251525  1.027696  -0.469514  1.000000  
29.037743 0.022991  -0.012303  -0.002410  0.601189  0.786062  0.143801  -0.790932  0.610999  -0.033271  -0.114016  -0.093735  0.989047  -0.024109  0.021159  0.008418  -0.247393  1.042079  -0.475751  1.000000  
29.038992 0.022961  -0.012279  -0.002399  0.601941  0.785694  0.142661  -0.790569  0.611525  -0.032217  -0.112553  -0.093390  0.989247  -0.023957  0.020920  0.008559  -0.244181  1.056563  -0.483499  1.000000  
29.040001 0.022939  -0.012259  -0.002388  0.602502  0.785429  0.141753  -0.790292  0.611919  -0.031509  -0.111490  -0.093042  0.989400  -0.023737  0.020723  0.008717  -0.246749  1.069416  -0.487431  1.000000  
29.041266 0.022911  -0.012235  -0.002376  0.603251  0.785076  0.140514  -0.789925  0.612442  -0.030532  -0.110027  -0.092577  0.989608  -0.023492  0.020550  0.008786  -0.246508  1.082743  -0.493310  1.000000  
29.042496 0.022884  -0.012209  -0.002364  0.603837  0.784831  0.139362  -0.789681  0.612808  -0.029512  -0.108564  -0.092232  0.989802  -0.023317  0.020488  0.008848  -0.248314  1.091514  -0.486393  1.000000  
29.043498 0.022862  -0.012190  -0.002356  0.604394  0.784563  0.138451  -0.789399  0.613204  -0.028807  -0.107500  -0.091882  0.989950  -0.023096  0.020359  0.008873  -0.247980  1.100804  -0.492748  1.000000  
29.044499 0.022840  -0.012170  -0.002348  0.604960  0.784285  0.137553  -0.789128  0.613594  -0.027925  -0.106303  -0.091654  0.990101  -0.022953  0.020260  0.008730  -0.244533  1.109568  -0.492270  1.000000  
29.045742 0.022813  -0.012146  -0.002337  0.605713  0.783918  0.136322  -0.788764  0.614113  -0.026774  -0.104706  -0.091309  0.990303  -0.022788  0.020097  0.008781  -0.245471  1.123282  -0.491674  1.000000  
29.046994 0.022786  -0.012120  -0.002327  0.606302  0.783694  0.134989  -0.788522  0.614468  -0.025727  -0.103109  -0.090844  0.990513  -0.022609  0.019985  0.008806  -0.250318  1.136198  -0.490819  1.000000  
29.048000 0.022765  -0.012101  -0.002317  0.606864  0.783414  0.134088  -0.788245  0.614860  -0.024848  -0.101911  -0.090615  0.990658  -0.022493  0.019829  0.008884  -0.246836  1.144797  -0.490288  1.000000  
29.049242 0.022738  -0.012077  -0.002306  0.607604  0.783037  0.132933  -0.787863  0.615390  -0.023807  -0.100447  -0.090268  0.990839  -0.022345  0.019724  0.009018  -0.248797  1.153828  -0.491841  1.000000  
29.050242 0.022716  -0.012058  -0.002296  0.608156  0.782764  0.132014  -0.787572  0.615789  -0.023109  -0.099382  -0.089917  0.990978  -0.022190  0.019664  0.009163  -0.248301  1.158195  -0.490135  1.000000  
29.051492 0.022689  -0.012033  -0.002283  0.608893  0.782385  0.130856  -0.787186  0.616321  -0.022071  -0.097917  -0.089569  0.991156  -0.022074  0.019655  0.009265  -0.246229  1.162478  -0.492135  1.000000  
29.052499 0.022666  -0.012015  -0.002273  0.609451  0.782118  0.129854  -0.786902  0.616711  -0.021271  -0.096719  -0.089219  0.991305  -0.021982  0.019527  0.009294  -0.249719  1.170994  -0.489753  1.000000  
29.053741 0.022640  -0.011990  -0.002261  0.610023  0.781864  0.128689  -0.786638  0.617082  -0.020262  -0.095254  -0.088871  0.991478  -0.021832  0.019618  0.009338  -0.248477  1.174790  -0.485091  1.000000  
29.054742 0.022618  -0.011970  -0.002251  0.610571  0.781572  0.127861  -0.786341  0.617485  -0.019494  -0.094188  -0.088639  0.991601  -0.021740  0.019594  0.009363  -0.249092  1.179214  -0.485063  1.000000  
29.055742 0.022597  -0.011950  -0.002241  0.611133  0.781309  0.126774  -0.786062  0.617868  -0.018593  -0.092856  -0.088290  0.991757  -0.021624  0.019648  0.009375  -0.249858  1.183541  -0.485182  1.000000  
29.056745 0.022576  -0.011930  -0.002231  0.611694  0.781031  0.125781  -0.785782  0.618253  -0.017617  -0.091524  -0.088060  0.991902  -0.021637  0.019693  0.009390  -0.245713  1.197216  -0.491105  1.000000  
29.057997 0.022549  -0.011903  -0.002218  0.612423  0.780647  0.124613  -0.785383  0.618787  -0.016587  -0.090058  -0.087711  0.992067  -0.021487  0.019785  0.009538  -0.246573  1.196931  -0.491588  1.000000  
29.058998 0.022528  -0.011883  -0.002208  0.612813  0.780487  0.123696  -0.785216  0.619022  -0.015744  -0.088859  -0.087480  0.992195  -0.021504  0.019803  0.009592  -0.246729  1.205401  -0.482389  1.000000  
29.060000 0.022507  -0.011862  -0.002197  0.613363  0.780199  0.122781  -0.784921  0.619417  -0.014877  -0.087659  -0.087248  0.992322  -0.021448  0.019884  0.009813  -0.244834  1.210649  -0.484866  1.000000  
29.061249 0.022481  -0.011837  -0.002181  0.614095  0.779819  0.121527  -0.784526  0.619944  -0.013747  -0.086060  -0.086899  0.992493  -0.021441  0.019947  0.010174  -0.243414  1.223504  -0.488502  1.000000  
29.062492 0.022453  -0.011811  -0.002165  0.614664  0.779551  0.120363  -0.784254  0.620313  -0.012568  -0.084460  -0.086670  0.992650  -0.021494  0.020023  0.010455  -0.240978  1.231963  -0.481395  1.000000  
29.063743 0.022426  -0.011785  -0.002149  0.615386  0.779163  0.119188  -0.783844  0.620850  -0.011545  -0.082993  -0.086320  0.992805  -0.021512  0.020086  0.010765  -0.241145  1.232377  -0.488770  1.000000  
29.064743 0.022403  -0.011765  -0.002136  0.615777  0.779007  0.118183  -0.783678  0.621077  -0.010602  -0.081660  -0.086089  0.992935  -0.021575  0.020149  0.010988  -0.238440  1.245063  -0.481137  1.000000  
29.065991 0.022376  -0.011739  -0.002120  0.616502  0.778609  0.117017  -0.783272  0.621608  -0.009403  -0.080060  -0.085859  0.993085  -0.021582  0.020313  0.011195  -0.236588  1.253083  -0.482739  1.000000  
29.066992 0.022353  -0.011719  -0.002107  0.617039  0.778310  0.116176  -0.782958  0.622014  -0.008647  -0.078993  -0.085625  0.993191  -0.021646  0.020378  0.011416  -0.233231  1.248555  -0.483608  1.000000  
29.067994 0.022331  -0.011697  -0.002093  0.617419  0.778146  0.115250  -0.782778  0.622252  -0.007811  -0.077792  -0.085392  0.993306  -0.021627  0.020544  0.011685  -0.232558  1.249220  -0.482036  1.000000  
29.069242 0.022304  -0.011670  -0.002076  0.618140  0.777760  0.113984  -0.782367  0.622782  -0.006691  -0.076191  -0.085041  0.993460  -0.021668  0.020669  0.011964  -0.229353  1.257985  -0.481846  1.000000  
29.070495 0.022275  -0.011644  -0.002058  0.618699  0.777487  0.112810  -0.782080  0.623154  -0.005521  -0.074590  -0.084811  0.993601  -0.021815  0.020733  0.012354  -0.226806  1.261585  -0.475000  1.000000  
29.071742 0.022248  -0.011617  -0.002040  0.619422  0.777092  0.111553  -0.781670  0.623678  -0.004225  -0.072856  -0.084581  0.993750  -0.021840  0.020842  0.012734  -0.221147  1.274237  -0.476503  1.000000  
29.072992 0.022220  -0.011590  -0.002020  0.619977  0.776818  0.110375  -0.781378  0.624050  -0.003057  -0.071254  -0.084349  0.993885  -0.021985  0.020919  0.013203  -0.218582  1.277695  -0.469676  1.000000  
29.073992 0.022197  -0.011568  -0.002004  0.620518  0.776516  0.109455  -0.781069  0.624441  -0.002023  -0.069920  -0.084237  0.993990  -0.022062  0.020997  0.013644  -0.211249  1.282124  -0.469692  1.000000  
29.074998 0.022174  -0.011547  -0.001987  0.621058  0.776227  0.108440  -0.780758  0.624832  -0.001066  -0.068585  -0.084003  0.994102  -0.022217  0.021018  0.013969  -0.209754  1.283456  -0.474772  1.000000  
29.075999 0.022151  -0.011525  -0.001970  0.621591  0.775917  0.107601  -0.780439  0.625232  -0.000139  -0.067383  -0.083890  0.994194  -0.022342  0.021125  0.014310  -0.202287  1.283217  -0.475096  1.000000  
29.077247 0.022121  -0.011499  -0.001947  0.622300  0.775512  0.106417  -0.780010  0.625766  0.001046  -0.065781  -0.083657  0.994321  -0.022497  0.021143  0.014806  -0.199120  1.287606  -0.475186  1.000000  
29.078497 0.022092  -0.011472  -0.001925  0.622841  0.775215  0.105409  -0.779700  0.626149  0.002179  -0.064313  -0.083545  0.994427  -0.022659  0.021237  0.015168  -0.192396  1.286848  -0.468684  1.000000  
29.079742 0.022062  -0.011445  -0.001904  0.623547  0.774808  0.104222  -0.779267  0.626683  0.003360  -0.062710  -0.083312  0.994548  -0.022770  0.021304  0.015447  -0.187037  1.290174  -0.470978  1.000000  
29.080742 0.022038  -0.011424  -0.001885  0.623914  0.774625  0.103378  -0.779068  0.626925  0.004262  -0.061509  -0.083198  0.994633  -0.022912  0.021312  0.015884  -0.181793  1.291339  -0.469218  1.000000  
29.081742 0.022014  -0.011403  -0.001866  0.624446  0.774320  0.102449  -0.778746  0.627317  0.005288  -0.060173  -0.083084  0.994724  -0.022970  0.021414  0.016341  -0.178458  1.295783  -0.469138  1.000000  
29.082992 0.021983  -0.011376  -0.001842  0.625142  0.773892  0.101434  -0.778300  0.627860  0.006438  -0.058704  -0.082970  0.994821  -0.023200  0.021400  0.016788  -0.167075  1.295598  -0.469580  1.000000  
29.083997 0.021960  -0.011354  -0.001822  0.625502  0.773701  0.100670  -0.778091  0.628110  0.007233  -0.057635  -0.082855  0.994894  -0.023323  0.021427  0.017254  -0.164129  1.294793  -0.462942  1.000000  
29.085241 0.021929  -0.011327  -0.001797  0.626190  0.773265  0.099735  -0.777635  0.628661  0.008277  -0.056299  -0.082741  0.994980  -0.023485  0.021485  0.017689  -0.158944  1.289097  -0.465859  1.000000  
29.086242 0.021905  -0.011306  -0.001776  0.626552  0.773069  0.098980  -0.777429  0.628902  0.009251  -0.055097  -0.082746  0.995046  -0.023632  0.021498  0.018128  -0.148053  1.283987  -0.459710  1.000000  
29.087242 0.021880  -0.011284  -0.001755  0.627073  0.772755  0.098128  -0.777093  0.629303  0.010168  -0.053895  -0.082631  0.995122  -0.023759  0.021492  0.018507  -0.141908  1.285686  -0.464704  1.000000  
29.088245 0.021855  -0.011263  -0.001734  0.627594  0.772440  0.097275  -0.776756  0.629704  0.011085  -0.052692  -0.082515  0.995196  -0.023971  0.021462  0.018841  -0.140854  1.284484  -0.467124  1.000000  
29.089492 0.021824  -0.011236  -0.001708  0.628117  0.772121  0.096431  -0.776422  0.630095  0.012180  -0.051356  -0.082521  0.995265  -0.024109  0.021439  0.019163  -0.130063  1.275049  -0.461396  1.000000  
29.090494 0.021798  -0.011216  -0.001687  0.628635  0.771794  0.095669  -0.776082  0.630495  0.013171  -0.050153  -0.082526  0.995326  -0.024308  0.021371  0.019380  -0.122660  1.274988  -0.461595  1.000000  
29.091499 0.021773  -0.011194  -0.001666  0.628992  0.771608  0.094815  -0.775869  0.630737  0.014065  -0.048951  -0.082410  0.995396  -0.024407  0.021355  0.019722  -0.116782  1.271300  -0.460007  1.000000  
29.092746 0.021741  -0.011169  -0.001638  0.629675  0.771165  0.093880  -0.775406  0.631278  0.015280  -0.047481  -0.082416  0.995466  -0.024607  0.021283  0.020106  -0.109457  1.271176  -0.460191  1.000000  
29.093748 0.021715  -0.011148  -0.001616  0.630026  0.770961  0.093201  -0.775186  0.631527  0.016146  -0.046411  -0.082420  0.995516  -0.024755  0.021228  0.020350  -0.101976  1.262040  -0.461104  1.000000  
29.094748 0.021689  -0.011128  -0.001594  0.630536  0.770626  0.092519  -0.774834  0.631935  0.017030  -0.045342  -0.082425  0.995565  -0.024851  0.021122  0.020590  -0.094501  1.252947  -0.462030  1.000000  
29.096000 0.021657  -0.011102  -0.001566  0.631056  0.770312  0.091583  -0.774496  0.632317  0.018223  -0.043872  -0.082430  0.995631  -0.024984  0.021119  0.020974  -0.083100  1.252762  -0.462271  1.000000  
29.097243 0.021625  -0.011076  -0.001537  0.631730  0.769861  0.090725  -0.774021  0.632865  0.019330  -0.042535  -0.082435  0.995688  -0.025184  0.021045  0.021314  -0.075771  1.248645  -0.463004  1.000000  
29.098492 0.021592  -0.011050  -0.001508  0.632250  0.769554  0.089702  -0.773682  0.633238  0.020624  -0.040931  -0.082440  0.995755  -0.025300  0.021029  0.021591  -0.064413  1.253063  -0.462912  1.000000  
29.099493 0.021566  -0.011029  -0.001485  0.632755  0.769219  0.089014  -0.773325  0.633645  0.021505  -0.039861  -0.082444  0.995798  -0.025423  0.020946  0.021776  -0.060016  1.247956  -0.465743  1.000000  
29.100741 0.021534  -0.011003  -0.001456  0.633269  0.768893  0.088165  -0.772979  0.634023  0.022770  -0.038391  -0.082569  0.995846  -0.025538  0.020867  0.022016  -0.045972  1.238956  -0.457471  1.000000  
29.101742 0.021507  -0.010983  -0.001433  0.633610  0.768681  0.087564  -0.772745  0.634280  0.023528  -0.037455  -0.082572  0.995881  -0.025666  0.020794  0.022155  -0.042105  1.224207  -0.454154  1.000000  
29.102748 0.021481  -0.010963  -0.001410  0.634112  0.768345  0.086873  -0.772384  0.634686  0.024406  -0.036385  -0.082576  0.995920  -0.025789  0.020702  0.022345  -0.035047  1.216238  -0.459559  1.000000  
29.103998 0.021448  -0.010938  -0.001382  0.634617  0.768006  0.086190  -0.772026  0.635081  0.025463  -0.035182  -0.082700  0.995953  -0.025851  0.020630  0.022494  -0.023970  1.202267  -0.453942  1.000000  
29.105242 0.021416  -0.010913  -0.001352  0.635123  0.767684  0.085327  -0.771669  0.635470  0.026545  -0.033845  -0.082704  0.995999  -0.025939  0.020535  0.022620  -0.020468  1.192587  -0.450407  1.000000  
29.106242 0.021389  -0.010894  -0.001329  0.635622  0.767337  0.084726  -0.771305  0.635872  0.027498  -0.032775  -0.082827  0.996025  -0.026015  0.020411  0.022754  -0.013004  1.188070  -0.450782  1.000000  
29.107492 0.021356  -0.010869  -0.001300  0.636123  0.766998  0.084038  -0.770942  0.636265  0.028552  -0.031571  -0.082952  0.996053  -0.026091  0.020354  0.022914  -0.001645  1.174703  -0.452004  1.000000  
29.108496 0.021331  -0.010849  -0.001276  0.636617  0.766654  0.083427  -0.770571  0.636679  0.029323  -0.030635  -0.082954  0.996082  -0.026067  0.020264  0.023100  0.001811  1.165762  -0.452836  1.000000  
29.109497 0.021305  -0.010830  -0.001253  0.636953  0.766431  0.082913  -0.770331  0.636931  0.030154  -0.029699  -0.083077  0.996100  -0.026099  0.020165  0.023141  0.012711  1.151667  -0.444721  1.000000  
29.110498 0.021279  -0.010811  -0.001229  0.637448  0.766084  0.082307  -0.769961  0.637332  0.031104  -0.028629  -0.083201  0.996122  -0.026013  0.020120  0.023233  0.020562  1.147752  -0.452007  1.000000  
29.111745 0.021247  -0.010787  -0.001200  0.637947  0.765752  0.081530  -0.769596  0.637716  0.032258  -0.027292  -0.083324  0.996149  -0.026035  0.019937  0.023315  0.027609  1.138242  -0.445912  1.000000  
