1-Time 2-Px 3-Py 4-Pz 5-R11 6-R21 7-R31 8-R12 9-R22 10-R32 11-R13 12-R23 13-R33 14-Vx 15-Vy 16-Vz 17-Wx 18-Wy 19-Wz 20-state
78.059140 0.019478  0.003889  -0.017976  0.438396  0.780203  0.446197  -0.835583  0.536668  -0.117422  -0.331073  -0.321357  0.887198  0.000555  -0.000330  -0.002976  0.000000  0.000000  0.000000  1.000000  
78.060248 0.019478  0.003888  -0.017978  0.438396  0.780203  0.446197  -0.835583  0.536668  -0.117422  -0.331073  -0.321357  0.887198  0.000467  -0.000471  -0.002210  0.000000  0.000000  0.000000  1.000000  
78.061482 0.019470  0.003882  -0.017967  0.438396  0.780203  0.446197  -0.835583  0.536668  -0.117422  -0.331073  -0.321357  0.887198  -0.004117  -0.003291  0.004461  0.000000  0.000000  0.000000  1.000000  
78.062498 0.019459  0.003874  -0.017953  0.438396  0.780203  0.446197  -0.835583  0.536668  -0.117422  -0.331073  -0.321357  0.887198  -0.006195  -0.004818  0.007801  0.000000  0.000000  0.000000  1.000000  
78.063738 0.019450  0.003870  -0.017941  0.438396  0.780203  0.446197  -0.835583  0.536668  -0.117422  -0.331073  -0.321357  0.887198  -0.006451  -0.004395  0.008426  0.000000  0.000000  0.000000  1.000000  
78.064988 0.019442  0.003869  -0.017933  0.438396  0.780149  0.446292  -0.835583  0.536682  -0.117357  -0.331073  -0.321465  0.887159  -0.006474  -0.003621  0.007899  0.000000  0.000000  0.000000  1.000000  
78.066255 0.019429  0.003866  -0.017927  0.438396  0.780149  0.446292  -0.835583  0.536682  -0.117357  -0.331073  -0.321465  0.887159  -0.007244  -0.003346  0.007272  0.000000  0.000000  0.000000  1.000000  
78.067480 0.019413  0.003862  -0.017921  0.438224  0.780205  0.446362  -0.835674  0.536536  -0.117384  -0.331073  -0.321573  0.887120  -0.008147  -0.003312  0.006987  0.000000  0.000000  0.000000  1.000000  
78.068483 0.019404  0.003862  -0.017916  0.438224  0.780205  0.446362  -0.835674  0.536536  -0.117384  -0.331073  -0.321573  0.887120  -0.008236  -0.003008  0.006706  0.000000  0.000000  0.000000  1.000000  
78.069505 0.019396  0.003862  -0.017911  0.438224  0.780205  0.446362  -0.835674  0.536536  -0.117384  -0.331073  -0.321573  0.887120  -0.008221  -0.002645  0.006554  0.000000  0.000000  0.000000  1.000000  
78.070734 0.019384  0.003862  -0.017903  0.438204  0.780131  0.446512  -0.835634  0.536588  -0.117424  -0.331199  -0.321665  0.887039  -0.008327  -0.002372  0.006538  0.000000  0.000000  0.000000  1.000000  
78.071749 0.019373  0.003860  -0.017894  0.438204  0.780077  0.446606  -0.835634  0.536602  -0.117359  -0.331199  -0.321773  0.887000  -0.008583  -0.002310  0.006696  0.000000  0.000000  0.000000  1.000000  
78.072990 0.019357  0.003857  -0.017880  0.438031  0.780133  0.446677  -0.835725  0.536456  -0.117386  -0.331199  -0.321880  0.886961  -0.008941  -0.002345  0.007144  0.000000  0.000000  0.000000  1.000000  
78.074240 0.019339  0.003850  -0.017860  0.438031  0.780079  0.446772  -0.835725  0.536470  -0.117321  -0.331199  -0.321988  0.886922  -0.009403  -0.002629  0.007915  0.000000  0.000000  0.000000  1.000000  
78.075245 0.019322  0.003841  -0.017841  0.438031  0.780025  0.446866  -0.835725  0.536484  -0.117256  -0.331199  -0.322095  0.886883  -0.010407  -0.003155  0.009154  0.000000  0.000000  0.000000  1.000000  
78.076492 0.019299  0.003827  -0.017818  0.438031  0.779917  0.447055  -0.835725  0.536513  -0.117125  -0.331199  -0.322311  0.886805  -0.011380  -0.003540  0.009866  0.000000  0.000000  0.000000  1.000000  
78.077738 0.019278  0.003817  -0.017801  0.438031  0.779862  0.447150  -0.835725  0.536527  -0.117060  -0.331199  -0.322418  0.886766  -0.011956  -0.003743  0.009896  0.000000  0.000000  0.000000  1.000000  
78.078983 0.019260  0.003812  -0.017791  0.438031  0.779808  0.447245  -0.835725  0.536541  -0.116995  -0.331199  -0.322526  0.886727  -0.012591  -0.003810  0.009893  0.000000  0.000000  0.000000  1.000000  
78.080231 0.019240  0.003807  -0.017781  0.438031  0.779754  0.447339  -0.835725  0.536555  -0.116930  -0.331199  -0.322633  0.886688  -0.013301  -0.004100  0.010123  0.000000  0.000000  0.000000  1.000000  
78.081232 0.019224  0.003802  -0.017770  0.438031  0.779700  0.447434  -0.835725  0.536570  -0.116865  -0.331199  -0.322741  0.886649  -0.013685  -0.004297  0.010493  0.000000  0.000000  0.000000  1.000000  
78.082232 0.019209  0.003798  -0.017754  0.438204  0.779589  0.447458  -0.835634  0.536730  -0.116773  -0.331199  -0.322741  0.886649  -0.013849  -0.004344  0.011240  0.000000  0.000000  0.000000  1.000000  
78.083482 0.019196  0.003797  -0.017729  0.438204  0.779535  0.447552  -0.835634  0.536744  -0.116708  -0.331199  -0.322848  0.886609  -0.013873  -0.004295  0.012488  0.000000  0.000000  0.000000  1.000000  
78.084482 0.019187  0.003799  -0.017706  0.438204  0.779535  0.447552  -0.835634  0.536744  -0.116708  -0.331199  -0.322848  0.886609  -0.013897  -0.004216  0.013677  0.000000  0.000000  0.000000  1.000000  
78.085731 0.019173  0.003798  -0.017676  0.438396  0.779390  0.447616  -0.835583  0.536881  -0.116446  -0.331073  -0.322971  0.886612  -0.014068  -0.004244  0.015124  0.000000  0.000000  0.000000  1.000000  
78.086732 0.019158  0.003796  -0.017654  0.438396  0.779390  0.447616  -0.835583  0.536881  -0.116446  -0.331073  -0.322971  0.886612  -0.014303  -0.004327  0.016039  0.000000  0.000000  0.000000  1.000000  
78.087981 0.019140  0.003789  -0.017628  0.438589  0.779300  0.447585  -0.835532  0.537003  -0.116248  -0.330947  -0.322986  0.886653  -0.014498  -0.004536  0.016806  0.000000  0.000000  0.000000  1.000000  
78.088996 0.019126  0.003784  -0.017611  0.438609  0.779320  0.447529  -0.835572  0.536964  -0.116143  -0.330820  -0.323001  0.886695  -0.014456  -0.004439  0.016878  0.000000  0.000000  0.000000  1.000000  
78.090241 0.019109  0.003778  -0.017593  0.438802  0.779229  0.447498  -0.835520  0.537087  -0.115946  -0.330694  -0.323016  0.886737  -0.014244  -0.004234  0.016508  0.000000  0.000000  0.000000  1.000000  
78.091489 0.019090  0.003772  -0.017578  0.438802  0.779229  0.447498  -0.835520  0.537087  -0.115946  -0.330694  -0.323016  0.886737  -0.013907  -0.003663  0.015962  0.000000  0.000000  0.000000  1.000000  
78.092542 0.019076  0.003769  -0.017569  0.438994  0.779139  0.447467  -0.835469  0.537209  -0.115749  -0.330568  -0.323032  0.886778  -0.013668  -0.003264  0.015687  0.000000  0.000000  0.000000  1.000000  
78.093747 0.019059  0.003767  -0.017556  0.439187  0.779048  0.447435  -0.835418  0.537331  -0.115552  -0.330441  -0.323047  0.886820  -0.013624  -0.003102  0.015900  0.000000  0.000000  0.000000  1.000000  
78.094989 0.019045  0.003764  -0.017538  0.439380  0.778958  0.447404  -0.835367  0.537453  -0.115355  -0.330315  -0.323062  0.886861  -0.013253  -0.002896  0.016424  0.000000  0.000000  0.000000  1.000000  
78.095996 0.019033  0.003763  -0.017521  0.439400  0.778924  0.447443  -0.835406  0.537429  -0.115185  -0.330189  -0.323185  0.886864  -0.012958  -0.002608  0.016888  0.000000  0.000000  0.000000  1.000000  
78.097232 0.019017  0.003763  -0.017493  0.439593  0.778833  0.447412  -0.835354  0.537551  -0.114987  -0.330063  -0.323200  0.886905  -0.012790  -0.002342  0.017376  0.000000  0.000000  0.000000  1.000000  
78.098481 0.019004  0.003766  -0.017465  0.439785  0.778743  0.447380  -0.835303  0.537673  -0.114790  -0.329936  -0.323215  0.886947  -0.012779  -0.002053  0.017577  0.000000  0.000000  0.000000  1.000000  
78.099481 0.018994  0.003769  -0.017446  0.439998  0.778726  0.447199  -0.835290  0.537743  -0.114553  -0.329684  -0.323137  0.887069  -0.012928  -0.002040  0.017313  0.000000  0.000000  0.000000  1.000000  
78.100481 0.018982  0.003769  -0.017430  0.440191  0.778636  0.447167  -0.835239  0.537865  -0.114356  -0.329557  -0.323153  0.887110  -0.012976  -0.002007  0.016664  0.000000  0.000000  0.000000  1.000000  
78.101483 0.018968  0.003768  -0.017416  0.440383  0.778600  0.447041  -0.835187  0.537973  -0.114225  -0.329431  -0.323060  0.887191  -0.012899  -0.001906  0.016144  0.000000  0.000000  0.000000  1.000000  
78.102731 0.018949  0.003765  -0.017400  0.440617  0.778658  0.446709  -0.835213  0.537991  -0.113948  -0.329052  -0.322890  0.887393  -0.012917  -0.001602  0.015422  0.000000  0.000000  0.000000  1.000000  
78.103735 0.018934  0.003764  -0.017388  0.440830  0.778641  0.446527  -0.835201  0.538061  -0.113711  -0.328799  -0.322812  0.887515  -0.012993  -0.001436  0.015089  0.000000  0.000000  0.000000  1.000000  
78.104762 0.018921  0.003764  -0.017373  0.441043  0.778679  0.446251  -0.835188  0.538117  -0.113540  -0.328547  -0.322627  0.887676  -0.012978  -0.001047  0.015052  0.000000  0.000000  0.000000  1.000000  
78.106001 0.018904  0.003763  -0.017350  0.441428  0.778606  0.445998  -0.835084  0.538334  -0.113277  -0.328294  -0.322442  0.887837  -0.012886  -0.000710  0.015659  0.000000  0.000000  0.000000  1.000000  
78.107240 0.018888  0.003763  -0.017326  0.441661  0.778610  0.445760  -0.835109  0.538366  -0.112935  -0.327915  -0.322379  0.888000  -0.012787  -0.000417  0.016540  0.000000  0.000000  0.000000  1.000000  
78.108255 0.018875  0.003763  -0.017304  0.442046  0.778537  0.445506  -0.835005  0.538583  -0.112672  -0.327662  -0.322193  0.888161  -0.012661  -0.000215  0.017176  0.000000  0.000000  0.000000  1.000000  
78.109504 0.018861  0.003766  -0.017277  0.442300  0.778614  0.445118  -0.835069  0.538564  -0.112291  -0.327156  -0.322038  0.888403  -0.012640  0.000081  0.017878  0.000000  0.000000  0.000000  1.000000  
78.110772 0.018848  0.003769  -0.017252  0.442705  0.778507  0.444903  -0.835002  0.538757  -0.111858  -0.326777  -0.321975  0.888566  -0.012476  0.000359  0.018187  0.000000  0.000000  0.000000  1.000000  
78.111999 0.018835  0.003770  -0.017230  0.442939  0.778565  0.444570  -0.835027  0.538776  -0.111582  -0.326397  -0.321804  0.888767  -0.012332  0.000454  0.017810  0.000000  0.000000  0.000000  1.000000  
78.113246 0.018824  0.003772  -0.017214  0.443536  0.778420  0.444227  -0.834907  0.539078  -0.111018  -0.325891  -0.321648  0.889009  -0.012206  0.000382  0.017004  0.000000  0.000000  0.000000  1.000000  
78.114483 0.018811  0.003773  -0.017200  0.443941  0.778367  0.443916  -0.834840  0.539257  -0.110651  -0.325512  -0.321476  0.889210  -0.012182  0.000280  0.016374  0.000000  0.000000  0.000000  1.000000  
78.115486 0.018800  0.003772  -0.017189  0.444195  0.778444  0.443526  -0.834902  0.539239  -0.110270  -0.325006  -0.321320  0.889452  -0.012121  0.000221  0.016088  -0.026132  0.265312  -0.098433  1.000000  
78.116736 0.018783  0.003767  -0.017172  0.444620  0.778410  0.443159  -0.834873  0.539381  -0.109798  -0.324500  -0.321163  0.889693  -0.011996  0.000046  0.016152  -0.029799  0.286676  -0.104641  1.000000  
78.117986 0.018768  0.003763  -0.017150  0.444853  0.778467  0.442825  -0.834896  0.539401  -0.109523  -0.324120  -0.320991  0.889894  -0.011809  -0.000117  0.016502  -0.038002  0.295106  -0.101622  1.000000  
78.119235 0.018755  0.003760  -0.017122  0.445279  0.778487  0.442363  -0.834866  0.539530  -0.109116  -0.323614  -0.320726  0.890174  -0.011443  -0.000258  0.017279  -0.045409  0.309781  -0.108537  1.000000  
78.120238 0.018746  0.003758  -0.017099  0.445684  0.778486  0.441956  -0.834797  0.539697  -0.108815  -0.323234  -0.320446  0.890412  -0.011181  -0.000312  0.017748  -0.055344  0.320311  -0.111654  1.000000  
78.121494 0.018734  0.003757  -0.017069  0.446109  0.778506  0.441493  -0.834766  0.539827  -0.108410  -0.322727  -0.320181  0.890692  -0.010843  -0.000315  0.018070  -0.065853  0.342210  -0.112724  1.000000  
78.122741 0.018722  0.003758  -0.017041  0.446726  0.778434  0.440995  -0.834680  0.540080  -0.107808  -0.322094  -0.319929  0.891011  -0.010620  -0.000333  0.018240  -0.071364  0.365609  -0.125090  1.000000  
78.123742 0.018713  0.003759  -0.017022  0.447151  0.778453  0.440531  -0.834648  0.540210  -0.107403  -0.321587  -0.319663  0.891290  -0.010400  -0.000356  0.017975  -0.080769  0.377474  -0.125739  1.000000  
78.124989 0.018704  0.003761  -0.017001  0.447596  0.778545  0.439916  -0.834653  0.540290  -0.106958  -0.320954  -0.319303  0.891647  -0.010202  -0.000395  0.017708  -0.095575  0.399648  -0.126923  1.000000  
78.126236 0.018694  0.003763  -0.016983  0.448193  0.778452  0.439473  -0.834528  0.540582  -0.106462  -0.320447  -0.319037  0.891925  -0.009955  -0.000478  0.017370  -0.107461  0.416760  -0.134721  1.000000  
78.127484 0.018683  0.003763  -0.016961  0.448789  0.778412  0.438935  -0.834402  0.540861  -0.106033  -0.319940  -0.318661  0.892241  -0.009854  -0.000528  0.017523  -0.119368  0.433900  -0.142594  1.000000  
78.128740 0.018670  0.003762  -0.016935  0.449214  0.778429  0.438469  -0.834368  0.540993  -0.105629  -0.319433  -0.318394  0.892518  -0.009892  -0.000715  0.018263  -0.125355  0.444443  -0.145804  1.000000  
78.129986 0.018656  0.003759  -0.016906  0.449831  0.778409  0.437873  -0.834278  0.541235  -0.105095  -0.318799  -0.318033  0.892873  -0.009925  -0.000898  0.019210  -0.137310  0.465852  -0.152193  1.000000  
78.130987 0.018645  0.003754  -0.016883  0.450427  0.778314  0.437427  -0.834150  0.541528  -0.104601  -0.318291  -0.317765  0.893149  -0.009855  -0.001000  0.020060  -0.141100  0.478719  -0.161616  1.000000  
78.132233 0.018628  0.003748  -0.016853  0.451043  0.778240  0.436924  -0.834059  0.541783  -0.104002  -0.317657  -0.317511  0.893466  -0.009890  -0.001140  0.020698  -0.140868  0.495883  -0.169590  1.000000  
78.133481 0.018613  0.003745  -0.016824  0.451831  0.778054  0.436442  -0.833874  0.542200  -0.103314  -0.317023  -0.317257  0.893781  -0.009966  -0.001126  0.021002  -0.142521  0.511070  -0.185250  1.000000  
78.134481 0.018601  0.003742  -0.016803  0.452427  0.777958  0.435994  -0.833744  0.542494  -0.102821  -0.316515  -0.316988  0.894056  -0.010111  -0.001171  0.020919  -0.142407  0.524417  -0.194926  1.000000  
78.135482 0.018590  0.003741  -0.016783  0.452871  0.777942  0.435563  -0.833743  0.542603  -0.102248  -0.315880  -0.316842  0.894332  -0.010260  -0.001157  0.020655  -0.143122  0.538749  -0.193430  1.000000  
78.136734 0.018575  0.003738  -0.016761  0.453507  0.777939  0.434905  -0.833686  0.542810  -0.101612  -0.315119  -0.316493  0.894725  -0.010495  -0.001338  0.020166  -0.149198  0.553405  -0.195267  1.000000  
78.137738 0.018563  0.003737  -0.016744  0.454122  0.777863  0.434398  -0.833590  0.543068  -0.101015  -0.314484  -0.316237  0.895039  -0.010602  -0.001394  0.019761  -0.153004  0.570185  -0.203123  1.000000  
78.138743 0.018552  0.003738  -0.016727  0.454738  0.777839  0.433797  -0.833494  0.543314  -0.100484  -0.313848  -0.315873  0.895390  -0.010744  -0.001455  0.019698  -0.160382  0.585420  -0.208183  1.000000  
78.139743 0.018540  0.003740  -0.016708  0.455353  0.777763  0.433288  -0.833397  0.543573  -0.099889  -0.313213  -0.315617  0.895703  -0.011063  -0.001459  0.019902  -0.164491  0.598916  -0.217944  1.000000  
78.140989 0.018524  0.003739  -0.016679  0.456200  0.777740  0.432438  -0.833316  0.543856  -0.099020  -0.312197  -0.315184  0.896210  -0.011513  -0.001576  0.020599  -0.168973  0.625751  -0.225888  1.000000  
78.142288 0.018506  0.003736  -0.016645  0.457026  0.777643  0.431739  -0.833196  0.544190  -0.098192  -0.311307  -0.314846  0.896638  -0.011965  -0.001823  0.021348  -0.174020  0.646489  -0.235365  1.000000  
78.143479 0.018486  0.003733  -0.016609  0.457701  0.777731  0.430865  -0.833205  0.544316  -0.097414  -0.310289  -0.314413  0.897143  -0.012505  -0.001974  0.022117  -0.187222  0.665503  -0.232841  1.000000  
78.144492 0.018470  0.003730  -0.016580  0.458355  0.777745  0.430143  -0.833176  0.544491  -0.096676  -0.309399  -0.314073  0.897569  -0.012824  -0.001960  0.022510  -0.194938  0.685453  -0.236632  1.000000  
78.145734 0.018449  0.003727  -0.016549  0.459201  0.777719  0.429287  -0.833088  0.544779  -0.095811  -0.308381  -0.313638  0.898072  -0.013221  -0.001896  0.022686  -0.199358  0.707601  -0.246119  1.000000  
78.146734 0.018432  0.003724  -0.016525  0.460026  0.777620  0.428582  -0.832962  0.545116  -0.094985  -0.307490  -0.313297  0.898496  -0.013531  -0.001792  0.022682  -0.203414  0.724382  -0.254238  1.000000  
78.147980 0.018411  0.003722  -0.016499  0.460891  0.777665  0.427570  -0.832906  0.545358  -0.094082  -0.306344  -0.312764  0.899073  -0.013891  -0.001582  0.022493  -0.213510  0.756152  -0.264228  1.000000  
78.148984 0.018394  0.003721  -0.016477  0.461544  0.777677  0.426843  -0.832872  0.545537  -0.093346  -0.305452  -0.312422  0.899495  -0.014228  -0.001518  0.022437  -0.217540  0.777218  -0.268537  1.000000  
78.150231 0.018375  0.003720  -0.016450  0.462599  0.777577  0.425883  -0.832753  0.545916  -0.092186  -0.304178  -0.312010  0.900070  -0.014507  -0.001371  0.022477  -0.217842  0.806783  -0.274905  1.000000  
78.151233 0.018359  0.003719  -0.016427  0.463271  0.777608  0.425094  -0.832751  0.546060  -0.091346  -0.303158  -0.311680  0.900528  -0.014865  -0.001286  0.022916  -0.222042  0.832764  -0.277946  1.000000  
78.152481 0.018339  0.003720  -0.016397  0.464365  0.777547  0.424012  -0.832698  0.546368  -0.089976  -0.301627  -0.311292  0.901176  -0.015152  -0.001173  0.023453  -0.226438  0.865812  -0.282715  1.000000  
78.153481 0.018322  0.003719  -0.016370  0.465227  0.777485  0.423179  -0.832632  0.546638  -0.088945  -0.300479  -0.310973  0.901670  -0.015486  -0.001218  0.024123  -0.226707  0.891177  -0.288158  1.000000  
78.154750 0.018301  0.003719  -0.016334  0.466128  0.777514  0.422132  -0.832634  0.546825  -0.087770  -0.299075  -0.310570  0.902275  -0.016030  -0.001431  0.024986  -0.226959  0.921328  -0.289883  1.000000  
78.155758 0.018283  0.003717  -0.016305  0.467009  0.777523  0.421142  -0.832598  0.547050  -0.086701  -0.297798  -0.310152  0.902841  -0.016327  -0.001503  0.025304  -0.235313  0.954924  -0.292315  1.000000  
78.157009 0.018259  0.003713  -0.016270  0.468100  0.777509  0.419955  -0.832532  0.547354  -0.085402  -0.296265  -0.309649  0.903518  -0.016791  -0.001552  0.025483  -0.239793  0.992942  -0.293588  1.000000  
78.158237 0.018234  0.003710  -0.016236  0.469228  0.777535  0.418646  -0.832532  0.547588  -0.083893  -0.294475  -0.309171  0.904266  -0.017086  -0.001542  0.025239  -0.244612  1.040420  -0.292252  1.000000  
78.159238 0.018213  0.003709  -0.016213  0.470126  0.777561  0.417588  -0.832522  0.547782  -0.082721  -0.293068  -0.308762  0.904863  -0.017390  -0.001464  0.024920  -0.253257  1.074565  -0.294996  1.000000  
78.160242 0.018193  0.003707  -0.016190  0.471023  0.777586  0.416529  -0.832509  0.547977  -0.081551  -0.291661  -0.308352  0.905457  -0.017647  -0.001392  0.024715  -0.259842  1.106003  -0.291480  1.000000  
78.161502 0.018168  0.003705  -0.016160  0.472130  0.777639  0.415175  -0.832464  0.548242  -0.080217  -0.289997  -0.307746  0.906198  -0.017856  -0.001250  0.024747  -0.272667  1.144052  -0.292987  1.000000  
78.162740 0.018144  0.003704  -0.016126  0.473254  0.777711  0.413758  -0.832448  0.548475  -0.078779  -0.288203  -0.307150  0.906972  -0.018042  -0.001200  0.025260  -0.281597  1.186777  -0.293273  1.000000  
78.163986 0.018120  0.003705  -0.016087  0.474377  0.777782  0.412338  -0.832428  0.548709  -0.077343  -0.286409  -0.306552  0.907742  -0.018358  -0.001077  0.026128  -0.296678  1.227175  -0.287266  1.000000  
78.164989 0.018100  0.003706  -0.016054  0.475461  0.777710  0.411222  -0.832337  0.549036  -0.075985  -0.284870  -0.306148  0.908363  -0.018643  -0.000979  0.026879  -0.301424  1.261132  -0.290275  1.000000  
78.166239 0.018075  0.003706  -0.016012  0.476772  0.777685  0.409749  -0.832244  0.549400  -0.074362  -0.282946  -0.305558  0.909162  -0.018953  -0.000855  0.027737  -0.312411  1.309938  -0.295360  1.000000  
78.167489 0.018050  0.003707  -0.015972  0.478082  0.777708  0.408177  -0.832145  0.549758  -0.072806  -0.281021  -0.304855  0.909995  -0.019271  -0.000797  0.028357  -0.323644  1.350604  -0.303726  1.000000  
78.168742 0.018023  0.003706  -0.015933  0.479408  0.777700  0.406634  -0.832073  0.550092  -0.071081  -0.278965  -0.304272  0.910822  -0.019673  -0.000898  0.028628  -0.327988  1.392078  -0.305065  1.000000  
78.169988 0.017995  0.003704  -0.015897  0.480734  0.777690  0.405085  -0.831996  0.550430  -0.069357  -0.276909  -0.303687  0.911645  -0.020095  -0.000976  0.028717  -0.337201  1.434211  -0.305727  1.000000  
78.170989 0.017972  0.003702  -0.015868  0.481812  0.777661  0.403857  -0.831884  0.550759  -0.068074  -0.275366  -0.303163  0.912286  -0.020448  -0.000922  0.028618  -0.342151  1.463654  -0.310614  1.000000  
78.171997 0.017948  0.003700  -0.015841  0.483097  0.777559  0.402516  -0.831733  0.551179  -0.066498  -0.273565  -0.302661  0.912994  -0.020704  -0.000896  0.028587  -0.350690  1.511997  -0.317228  1.000000  
78.173236 0.017918  0.003697  -0.015808  0.484436  0.777613  0.400798  -0.831671  0.551482  -0.064741  -0.271376  -0.301969  0.913876  -0.021071  -0.000900  0.028580  -0.357636  1.554198  -0.324062  1.000000  
78.174237 0.017893  0.003695  -0.015780  0.485701  0.777487  0.399510  -0.831478  0.551942  -0.063274  -0.269702  -0.301451  0.914543  -0.021351  -0.000932  0.028827  -0.361857  1.581636  -0.329737  1.000000  
78.175237 0.017869  0.003693  -0.015749  0.486793  0.777522  0.398111  -0.831381  0.552237  -0.061959  -0.268026  -0.300821  0.915242  -0.021602  -0.000933  0.029377  -0.370127  1.619950  -0.339253  1.000000  
78.176486 0.017838  0.003690  -0.015708  0.488298  0.777457  0.396391  -0.831202  0.552709  -0.060126  -0.265834  -0.300121  0.916111  -0.021985  -0.000996  0.030184  -0.379911  1.658437  -0.342049  1.000000  
78.177733 0.017808  0.003689  -0.015663  0.489783  0.777370  0.394727  -0.830986  0.553219  -0.058402  -0.263770  -0.299408  0.916941  -0.022470  -0.001056  0.030846  -0.383546  1.694375  -0.352645  1.000000  
78.178983 0.017777  0.003689  -0.015619  0.491113  0.777414  0.392983  -0.830895  0.553537  -0.056655  -0.261575  -0.298703  0.917799  -0.022834  -0.001063  0.031222  -0.392117  1.728921  -0.355870  1.000000  
78.180230 0.017747  0.003688  -0.015576  0.492630  0.777363  0.391182  -0.830726  0.553985  -0.054724  -0.259250  -0.298006  0.918685  -0.023202  -0.001198  0.031332  -0.402024  1.766768  -0.358833  1.000000  
78.181231 0.017722  0.003688  -0.015545  0.493920  0.777315  0.389647  -0.830562  0.554386  -0.053127  -0.257311  -0.297385  0.919431  -0.023551  -0.001239  0.031185  -0.409784  1.802639  -0.369256  1.000000  
78.182480 0.017689  0.003686  -0.015505  0.495415  0.777238  0.387897  -0.830350  0.554875  -0.051307  -0.255112  -0.296672  0.920274  -0.024086  -0.001399  0.031111  -0.419853  1.827746  -0.376599  1.000000  
78.183481 0.017661  0.003684  -0.015475  0.496703  0.777186  0.386352  -0.830175  0.555282  -0.049714  -0.253171  -0.296047  0.921011  -0.024509  -0.001542  0.031032  -0.429384  1.864441  -0.388534  1.000000  
78.184481 0.017633  0.003681  -0.015444  0.497988  0.777133  0.384802  -0.829995  0.555691  -0.048123  -0.251229  -0.295419  0.921744  -0.024864  -0.001566  0.031147  -0.439564  1.895112  -0.394526  1.000000  
78.185732 0.017598  0.003677  -0.015402  0.499665  0.776956  0.382981  -0.829690  0.556316  -0.046127  -0.248897  -0.294708  0.922604  -0.025302  -0.001686  0.031551  -0.442433  1.921863  -0.407171  1.000000  
78.186985 0.017561  0.003673  -0.015358  0.501135  0.776850  0.381272  -0.829423  0.556852  -0.044424  -0.246823  -0.293973  0.923395  -0.025813  -0.001806  0.032215  -0.448600  1.942587  -0.416215  1.000000  
78.188252 0.017525  0.003668  -0.015312  0.502653  0.776849  0.379271  -0.829234  0.557286  -0.042475  -0.244359  -0.293154  0.924310  -0.026218  -0.001927  0.033118  -0.460515  1.966852  -0.425245  1.000000  
78.189486 0.017489  0.003665  -0.015265  0.504101  0.776763  0.377520  -0.828926  0.557857  -0.040952  -0.242412  -0.292292  0.925096  -0.026603  -0.001951  0.033871  -0.471200  1.980413  -0.437642  1.000000  
78.190490 0.017460  0.003662  -0.015228  0.505394  0.776719  0.375879  -0.828744  0.558249  -0.039269  -0.240335  -0.291661  0.925836  -0.026923  -0.002004  0.034250  -0.473377  2.005405  -0.445305  1.000000  
78.191739 0.017424  0.003659  -0.015182  0.506905  0.776664  0.373953  -0.828533  0.558699  -0.037261  -0.237866  -0.290945  0.926699  -0.027245  -0.002108  0.034418  -0.476139  2.030833  -0.453477  1.000000  
78.192740 0.017395  0.003656  -0.015148  0.508006  0.776710  0.372359  -0.828416  0.558970  -0.035765  -0.235917  -0.290300  0.927399  -0.027564  -0.002182  0.034320  -0.484235  2.054051  -0.454795  1.000000  
78.193991 0.017360  0.003654  -0.015107  0.509528  0.776715  0.370262  -0.828218  0.559391  -0.033724  -0.233315  -0.289474  0.928315  -0.027844  -0.002342  0.034060  -0.491237  2.079118  -0.463159  1.000000  
78.195236 0.017324  0.003651  -0.015066  0.511096  0.776734  0.368056  -0.828090  0.559721  -0.031302  -0.230322  -0.288785  0.929277  -0.028235  -0.002530  0.033982  -0.496278  2.119812  -0.459713  1.000000  
78.196481 0.017287  0.003647  -0.015025  0.512611  0.776734  0.365943  -0.827874  0.560151  -0.029268  -0.227717  -0.287952  0.930177  -0.028594  -0.002748  0.034179  -0.503229  2.136078  -0.461528  1.000000  
78.197733 0.017249  0.003642  -0.014980  0.514124  0.776730  0.363823  -0.827649  0.560585  -0.027238  -0.225110  -0.287114  0.931070  -0.028902  -0.002945  0.034616  -0.512096  2.158933  -0.463706  1.000000  
78.198987 0.017211  0.003636  -0.014934  0.515648  0.776743  0.361631  -0.827440  0.560992  -0.025105  -0.222372  -0.286282  0.931983  -0.029144  -0.003110  0.035097  -0.517125  2.181869  -0.466122  1.000000  
78.200231 0.017171  0.003630  -0.014883  0.517185  0.776774  0.359364  -0.827248  0.561372  -0.022869  -0.219501  -0.285455  0.932917  -0.029379  -0.003273  0.035738  -0.528076  2.207350  -0.460840  1.000000  
78.201231 0.017139  0.003626  -0.014842  0.518470  0.776729  0.357605  -0.827029  0.561763  -0.021104  -0.217281  -0.284808  0.933634  -0.029605  -0.003291  0.036166  -0.535339  2.231455  -0.466147  1.000000  
78.202481 0.017100  0.003620  -0.014792  0.520155  0.776574  0.355488  -0.826688  0.562346  -0.018840  -0.214538  -0.284078  0.934491  -0.029834  -0.003359  0.036481  -0.536443  2.248088  -0.474286  1.000000  
78.203733 0.017062  0.003616  -0.014744  0.521680  0.776595  0.353199  -0.826468  0.562739  -0.016615  -0.211662  -0.283240  0.935401  -0.029973  -0.003400  0.036715  -0.543262  2.268369  -0.470431  1.000000  
78.204751 0.017031  0.003612  -0.014707  0.522957  0.776500  0.351516  -0.826227  0.563143  -0.014790  -0.209438  -0.282697  0.936065  -0.030094  -0.003459  0.036558  -0.543541  2.288184  -0.468890  1.000000  
78.205753 0.017000  0.003609  -0.014670  0.524231  0.776446  0.349734  -0.825981  0.563547  -0.013037  -0.207214  -0.282039  0.936759  -0.030204  -0.003467  0.036543  -0.548134  2.306671  -0.472149  1.000000  
78.206992 0.016962  0.003606  -0.014625  0.525731  0.776396  0.347585  -0.825712  0.563987  -0.010859  -0.204464  -0.281296  0.937586  -0.030354  -0.003463  0.036613  -0.547042  2.323896  -0.469895  1.000000  
78.208252 0.016923  0.003603  -0.014578  0.527243  0.776364  0.345361  -0.825458  0.564399  -0.008579  -0.201582  -0.280557  0.938431  -0.030587  -0.003504  0.036921  -0.549888  2.349167  -0.464733  1.000000  
78.209485 0.016884  0.003600  -0.014530  0.528934  0.776233  0.343062  -0.825106  0.564944  -0.006127  -0.198567  -0.279822  0.939293  -0.030823  -0.003558  0.037452  -0.551587  2.373067  -0.467609  1.000000  
78.210737 0.016843  0.003595  -0.014479  0.530634  0.776119  0.340686  -0.824766  0.565463  -0.003573  -0.195418  -0.279091  0.940170  -0.031117  -0.003682  0.038110  -0.551624  2.402368  -0.475478  1.000000  
78.211981 0.016801  0.003588  -0.014426  0.532315  0.775940  0.338463  -0.824392  0.566018  -0.001061  -0.192399  -0.278462  0.940979  -0.031438  -0.003808  0.038799  -0.550850  2.424112  -0.471827  1.000000  
78.213231 0.016759  0.003582  -0.014373  0.533836  0.775936  0.336068  -0.824139  0.566386  0.001414  -0.189247  -0.277722  0.941837  -0.031701  -0.003886  0.039260  -0.550220  2.450387  -0.470419  1.000000  
78.214233 0.016725  0.003577  -0.014332  0.535114  0.775864  0.334197  -0.823879  0.566755  0.003425  -0.186750  -0.277171  0.942497  -0.031851  -0.003827  0.039465  -0.548604  2.466552  -0.464312  1.000000  
78.215481 0.016682  0.003572  -0.014280  0.536755  0.775678  0.331992  -0.823433  0.567385  0.005644  -0.183989  -0.276403  0.943265  -0.032038  -0.003785  0.039479  -0.551699  2.479425  -0.463451  1.000000  
78.216731 0.016640  0.003567  -0.014230  0.538248  0.775605  0.329736  -0.823129  0.567797  0.008071  -0.180964  -0.275759  0.944039  -0.032271  -0.003760  0.039495  -0.550714  2.509538  -0.457208  1.000000  
78.217731 0.016606  0.003564  -0.014189  0.539502  0.775506  0.327915  -0.822826  0.568207  0.009966  -0.178595  -0.275193  0.944655  -0.032448  -0.003691  0.039551  -0.549136  2.521876  -0.455732  1.000000  
78.218982 0.016563  0.003561  -0.014139  0.540999  0.775449  0.325574  -0.822522  0.568596  0.012491  -0.175434  -0.274550  0.945434  -0.032716  -0.003612  0.039738  -0.546052  2.549886  -0.446900  1.000000  
78.220235 0.016520  0.003558  -0.014086  0.542492  0.775389  0.323225  -0.822208  0.568990  0.015012  -0.172272  -0.273902  0.946203  -0.033067  -0.003565  0.040150  -0.539864  2.577408  -0.448767  1.000000  
78.221497 0.016477  0.003556  -0.014030  0.544003  0.775328  0.320822  -0.821920  0.569325  0.017809  -0.168844  -0.273378  0.946972  -0.033356  -0.003463  0.040924  -0.534539  2.606610  -0.438756  1.000000  
78.222740 0.016434  0.003553  -0.013970  0.545653  0.775107  0.318545  -0.821470  0.569885  0.020456  -0.165678  -0.272837  0.947687  -0.033673  -0.003406  0.041861  -0.522913  2.631877  -0.448327  1.000000  
78.223990 0.016390  0.003550  -0.013909  0.547129  0.775002  0.316263  -0.821121  0.570289  0.023033  -0.162510  -0.272293  0.948392  -0.034006  -0.003445  0.042673  -0.516456  2.646708  -0.443623  1.000000  
78.224992 0.016353  0.003547  -0.013860  0.548201  0.774990  0.314430  -0.820899  0.570526  0.025018  -0.160002  -0.271830  0.948951  -0.034335  -0.003399  0.043316  -0.514515  2.647041  -0.442126  1.000000  
78.226237 0.016306  0.003542  -0.013799  0.549836  0.774762  0.312128  -0.820417  0.571096  0.027653  -0.156831  -0.271280  0.949638  -0.034743  -0.003326  0.043966  -0.504414  2.665916  -0.446561  1.000000  
78.227240 0.016268  0.003539  -0.013752  0.551081  0.774612  0.310300  -0.820083  0.571465  0.029870  -0.154187  -0.270933  0.950169  -0.034971  -0.003155  0.044255  -0.493682  2.684667  -0.450227  1.000000  
78.228485 0.016221  0.003535  -0.013694  0.552536  0.774461  0.308081  -0.819694  0.571879  0.032501  -0.151014  -0.270491  0.950805  -0.035349  -0.003049  0.044601  -0.482381  2.696057  -0.442920  1.000000  
78.229733 0.016174  0.003532  -0.013634  0.554154  0.774228  0.305753  -0.819181  0.572459  0.035122  -0.147839  -0.269930  0.951463  -0.035611  -0.002852  0.045045  -0.472490  2.710868  -0.448761  1.000000  
78.230987 0.016126  0.003529  -0.013574  0.555609  0.774056  0.303539  -0.818786  0.572846  0.037919  -0.144530  -0.269601  0.952064  -0.035980  -0.002730  0.045765  -0.455806  2.723222  -0.447695  1.000000  
78.232231 0.016078  0.003526  -0.013511  0.557204  0.773762  0.301357  -0.818233  0.573458  0.040493  -0.141484  -0.269143  0.952651  -0.036288  -0.002604  0.046563  -0.447207  2.732284  -0.448030  1.000000  
78.233231 0.016040  0.003525  -0.013458  0.558416  0.773548  0.299660  -0.817839  0.573864  0.042657  -0.138967  -0.268893  0.953092  -0.036576  -0.002459  0.047546  -0.433790  2.740770  -0.447659  1.000000  
78.234481 0.015992  0.003525  -0.013391  0.559843  0.773352  0.297493  -0.817397  0.574288  0.045335  -0.135786  -0.268550  0.953647  -0.036967  -0.002320  0.048582  -0.421485  2.751258  -0.448088  1.000000  
78.235733 0.015944  0.003525  -0.013322  0.561274  0.773176  0.295245  -0.816959  0.574685  0.048115  -0.132472  -0.268209  0.954209  -0.037320  -0.002144  0.049515  -0.407991  2.764239  -0.443244  1.000000  
78.236983 0.015893  0.003525  -0.013252  0.562858  0.772824  0.293145  -0.816380  0.575267  0.050915  -0.129288  -0.267975  0.954711  -0.037793  -0.001995  0.050290  -0.390079  2.777781  -0.448281  1.000000  
78.238236 0.015842  0.003523  -0.013183  0.564276  0.772646  0.290879  -0.815919  0.575668  0.053685  -0.125970  -0.267627  0.955252  -0.038302  -0.001878  0.050866  -0.377793  2.791192  -0.447308  1.000000  
78.239244 0.015801  0.003523  -0.013129  0.565642  0.772294  0.289157  -0.815379  0.576206  0.056065  -0.123315  -0.267486  0.955638  -0.038644  -0.001707  0.051190  -0.360814  2.797264  -0.450116  1.000000  
78.240491 0.015748  0.003522  -0.013061  0.567030  0.772037  0.287115  -0.814871  0.576664  0.058687  -0.120261  -0.267239  0.956097  -0.039104  -0.001458  0.051674  -0.345407  2.791449  -0.447333  1.000000  
78.241740 0.015694  0.003522  -0.012993  0.568590  0.771682  0.284979  -0.814248  0.577254  0.061467  -0.117072  -0.266993  0.956561  -0.039511  -0.001229  0.052223  -0.332832  2.795156  -0.448279  1.000000  
78.242993 0.015641  0.003522  -0.012922  0.569975  0.771444  0.282847  -0.813732  0.577686  0.064184  -0.113883  -0.266745  0.957015  -0.039897  -0.000902  0.053110  -0.316302  2.794786  -0.450682  1.000000  
78.244241 0.015587  0.003524  -0.012847  0.571355  0.771171  0.280800  -0.813204  0.578113  0.066966  -0.110692  -0.266609  0.957427  -0.040371  -0.000563  0.054096  -0.296666  2.797018  -0.445099  1.000000  
78.245484 0.015534  0.003526  -0.012771  0.572895  0.770779  0.278731  -0.812549  0.578699  0.069801  -0.107500  -0.266471  0.957829  -0.040792  -0.000229  0.055236  -0.279093  2.808616  -0.451457  1.000000  
78.246737 0.015480  0.003529  -0.012694  0.574278  0.770547  0.276518  -0.812023  0.579070  0.072783  -0.104041  -0.266337  0.958248  -0.041212  0.000152  0.056220  -0.258471  2.825349  -0.448707  1.000000  
78.247980 0.015426  0.003534  -0.012616  0.575638  0.770240  0.274539  -0.811462  0.579491  0.075622  -0.100846  -0.266309  0.958598  -0.041664  0.000555  0.057126  -0.238902  2.823874  -0.444087  1.000000  
78.248981 0.015382  0.003537  -0.012555  0.576786  0.769982  0.272846  -0.810957  0.579909  0.077806  -0.098317  -0.266144  0.958906  -0.041963  0.000851  0.057664  -0.229581  2.825572  -0.448776  1.000000  
78.250231 0.015328  0.003543  -0.012480  0.578127  0.769654  0.270926  -0.810367  0.580361  0.080531  -0.095254  -0.266107  0.959226  -0.042306  0.001179  0.058034  -0.209140  2.821458  -0.451901  1.000000  
78.251231 0.015285  0.003546  -0.012419  0.579267  0.769363  0.269314  -0.809847  0.580771  0.082779  -0.092723  -0.266055  0.959488  -0.042601  0.001465  0.058353  -0.195173  2.814150  -0.459533  1.000000  
78.252481 0.015229  0.003552  -0.012344  0.580764  0.768915  0.267363  -0.809120  0.581383  0.085551  -0.089658  -0.266013  0.959791  -0.042990  0.001905  0.058726  -0.178999  2.806267  -0.466465  1.000000  
78.253732 0.015173  0.003557  -0.012268  0.582254  0.768468  0.265402  -0.808382  0.581995  0.088318  -0.086593  -0.265969  0.960084  -0.043305  0.002216  0.059283  -0.161658  2.807969  -0.474658  1.000000  
78.254763 0.015128  0.003561  -0.012207  0.583379  0.768144  0.263863  -0.807838  0.582395  0.090624  -0.084060  -0.266027  0.960293  -0.043374  0.002604  0.059579  -0.142816  2.805366  -0.479130  1.000000  
78.255990 0.015072  0.003567  -0.012129  0.584864  0.767717  0.261811  -0.807091  0.582979  0.093486  -0.080860  -0.265981  0.960581  -0.043706  0.003085  0.060419  -0.131460  2.809251  -0.483843  1.000000  
78.257237 0.015015  0.003574  -0.012048  0.586330  0.767216  0.259993  -0.806316  0.583609  0.096204  -0.077926  -0.266044  0.960806  -0.043882  0.003446  0.061055  -0.111085  2.796569  -0.488966  1.000000  
78.258240 0.014971  0.003580  -0.011983  0.587434  0.766872  0.258511  -0.805740  0.584039  0.098395  -0.075524  -0.266093  0.960984  -0.043958  0.003861  0.061659  -0.095882  2.791433  -0.494846  1.000000  
78.259486 0.014916  0.003589  -0.011901  0.589072  0.766315  0.256429  -0.804850  0.584740  0.101468  -0.072188  -0.266159  0.961222  -0.044064  0.004335  0.062083  -0.074715  2.797718  -0.501738  1.000000  
78.260732 0.014862  0.003598  -0.011820  0.590531  0.765856  0.254435  -0.804061  0.585313  0.104378  -0.068985  -0.266219  0.961441  -0.044075  0.004835  0.062350  -0.061756  2.796074  -0.510835  1.000000  
78.261733 0.014819  0.003607  -0.011757  0.591786  0.765392  0.252911  -0.803341  0.585900  0.106609  -0.066582  -0.266263  0.961598  -0.044081  0.005159  0.062487  -0.050334  2.794279  -0.515825  1.000000  
78.262737 0.014775  0.003615  -0.011694  0.592871  0.765049  0.251403  -0.802736  0.586329  0.108784  -0.064179  -0.266305  0.961750  -0.044092  0.005545  0.062494  -0.038676  2.788065  -0.521484  1.000000  
78.263981 0.014721  0.003626  -0.011615  0.594473  0.764419  0.249531  -0.801791  0.587073  0.111699  -0.061108  -0.266473  0.961903  -0.044110  0.005927  0.062657  -0.019522  2.792424  -0.531831  1.000000  
78.264981 0.014678  0.003635  -0.011552  0.595878  0.763834  0.247963  -0.800926  0.587817  0.113969  -0.058704  -0.266512  0.962042  -0.044105  0.006288  0.062920  -0.009286  2.787628  -0.548229  1.000000  
78.266231 0.014623  0.003647  -0.011471  0.597458  0.763162  0.246227  -0.799950  0.588617  0.116665  -0.055899  -0.266671  0.962165  -0.044078  0.006704  0.063241  0.006697  2.776175  -0.563356  1.000000  
78.267233 0.014580  0.003656  -0.011406  0.598689  0.762698  0.244669  -0.799193  0.589202  0.118875  -0.053494  -0.266707  0.962292  -0.044018  0.007018  0.063605  0.016273  2.769264  -0.573191  1.000000  
78.268481 0.014525  0.003667  -0.011323  0.600261  0.762048  0.242838  -0.798205  0.589972  0.121663  -0.050554  -0.266864  0.962407  -0.043924  0.007481  0.064053  0.026465  2.760826  -0.586367  1.000000  
78.269733 0.014470  0.003679  -0.011240  0.601661  0.761519  0.241023  -0.797331  0.590584  0.124396  -0.047614  -0.267020  0.962514  -0.043949  0.007850  0.064624  0.042659  2.752707  -0.589701  1.000000  
78.270987 0.014416  0.003691  -0.011156  0.603220  0.760840  0.239266  -0.796323  0.591336  0.127245  -0.044674  -0.267289  0.962580  -0.043705  0.008292  0.064900  0.059957  2.747153  -0.605620  1.000000  
78.272010 0.014373  0.003701  -0.011090  0.604427  0.760326  0.237850  -0.795532  0.591932  0.129405  -0.042401  -0.267433  0.962643  -0.043452  0.008640  0.064865  0.068518  2.740245  -0.611248  1.000000  
78.273238 0.014321  0.003715  -0.011009  0.605973  0.759677  0.235983  -0.794506  0.592698  0.132170  -0.039460  -0.267582  0.962727  -0.043342  0.009041  0.064950  0.081751  2.732843  -0.629227  1.000000  
78.274239 0.014279  0.003726  -0.010943  0.607170  0.759135  0.234646  -0.793701  0.593276  0.134393  -0.037187  -0.267839  0.962746  -0.043130  0.009335  0.064928  0.091972  2.728867  -0.640294  1.000000  
78.275242 0.014238  0.003739  -0.010879  0.608357  0.758578  0.233368  -0.792883  0.593927  0.136336  -0.035182  -0.267975  0.962783  -0.042950  0.009663  0.064890  0.100891  2.710013  -0.650046  1.000000  
78.276487 0.014187  0.003755  -0.010798  0.609883  0.757880  0.231648  -0.791830  0.594701  0.139056  -0.032374  -0.268234  0.962810  -0.042823  0.010029  0.064984  0.113913  2.693019  -0.669877  1.000000  
78.277517 0.014145  0.003767  -0.010732  0.611225  0.757172  0.230421  -0.790874  0.595488  0.141111  -0.030368  -0.268484  0.962805  -0.042591  0.010236  0.065052  0.124144  2.673523  -0.695005  1.000000  
78.278737 0.014095  0.003782  -0.010648  0.612904  0.756374  0.228576  -0.789681  0.596386  0.143969  -0.027425  -0.268741  0.962822  -0.042445  0.010544  0.065500  0.137266  2.675845  -0.710528  1.000000  
