1-Time 2-Px 3-Py 4-Pz 5-R11 6-R21 7-R31 8-R12 9-R22 10-R32 11-R13 12-R23 13-R33 14-Vx 15-Vy 16-Vz 17-Wx 18-Wy 19-Wz 20-state
7.716661 -0.044285  0.052697  -0.031077  0.970457  0.230383  0.071670  -0.164373  0.413855  0.895380  0.176619  -0.880708  0.439498  0.000000  0.000000  0.000000  0.000000  0.000000  0.000000  1.000000  
7.717684 -0.044285  0.052697  -0.031077  0.970457  0.230383  0.071670  -0.164373  0.413855  0.895380  0.176619  -0.880708  0.439498  0.000488  0.000069  0.000138  0.000000  0.000000  0.000000  1.000000  
7.718694 -0.044279  0.052689  -0.031079  0.970457  0.230383  0.071670  -0.164373  0.413855  0.895380  0.176619  -0.880708  0.439498  0.003740  -0.004418  -0.001011  0.000000  0.000000  0.000000  1.000000  
7.719934 -0.044265  0.052672  -0.031083  0.970457  0.230375  0.071698  -0.164373  0.413747  0.895430  0.176619  -0.880762  0.439391  0.006867  -0.008503  -0.001820  0.000000  0.000000  0.000000  1.000000  
7.721193 -0.044246  0.052652  -0.031085  0.970457  0.230366  0.071726  -0.164373  0.413638  0.895480  0.176619  -0.880815  0.439284  0.009173  -0.010643  -0.001912  0.000000  0.000000  0.000000  1.000000  
7.722430 -0.044224  0.052629  -0.031088  0.970457  0.230331  0.071838  -0.164373  0.413204  0.895681  0.176619  -0.881028  0.438857  0.011089  -0.012428  -0.002002  0.000000  0.000000  0.000000  1.000000  
7.723434 -0.044204  0.052605  -0.031094  0.970457  0.230314  0.071894  -0.164373  0.412986  0.895781  0.176619  -0.881134  0.438643  0.012583  -0.014207  -0.002592  0.000000  0.000000  0.000000  1.000000  
7.724451 -0.044179  0.052576  -0.031101  0.970457  0.230287  0.071977  -0.164373  0.412660  0.895931  0.176619  -0.881294  0.438322  0.014149  -0.016118  -0.003115  0.000000  0.000000  0.000000  1.000000  
7.725697 -0.044144  0.052534  -0.031107  0.970468  0.230293  0.071819  -0.164170  0.412362  0.896106  0.176751  -0.881432  0.437991  0.016193  -0.018627  -0.003448  0.000000  0.000000  0.000000  1.000000  
7.726710 -0.044111  0.052499  -0.031111  0.970501  0.230182  0.071718  -0.163970  0.412083  0.896271  0.176751  -0.881592  0.437670  0.017866  -0.020304  -0.003446  0.000000  0.000000  0.000000  1.000000  
7.727946 -0.044068  0.052452  -0.031115  0.970558  0.229954  0.071675  -0.163774  0.411824  0.896426  0.176619  -0.881772  0.437360  0.019756  -0.022273  -0.003421  0.000000  0.000000  0.000000  1.000000  
7.729182 -0.044024  0.052402  -0.031121  0.970639  0.229602  0.071717  -0.163582  0.411476  0.896621  0.176356  -0.882026  0.436953  0.021358  -0.024155  -0.003558  0.000000  0.000000  0.000000  1.000000  
7.730439 -0.043982  0.052348  -0.031126  0.970662  0.229460  0.071859  -0.163586  0.411169  0.896761  0.176224  -0.882206  0.436643  0.022496  -0.025864  -0.003637  0.000000  0.000000  0.000000  1.000000  
7.731447 -0.043947  0.052304  -0.031129  0.970719  0.229232  0.071815  -0.163390  0.410910  0.896915  0.176093  -0.882386  0.436332  0.023310  -0.027133  -0.003576  0.000000  0.000000  0.000000  1.000000  
7.732706 -0.043902  0.052244  -0.031130  0.970776  0.229014  0.071744  -0.163194  0.410759  0.897020  0.175961  -0.882513  0.436128  0.025890  -0.030621  -0.003521  0.000000  0.000000  0.000000  1.000000  
7.733943 -0.043855  0.052181  -0.031130  0.970832  0.228787  0.071700  -0.162998  0.410499  0.897175  0.175829  -0.882693  0.435818  0.028377  -0.033979  -0.003360  0.000000  0.000000  0.000000  1.000000  
7.735180 -0.043810  0.052116  -0.031128  0.970866  0.228685  0.071570  -0.162798  0.410328  0.897289  0.175829  -0.882799  0.435603  0.030084  -0.036815  -0.002958  0.000000  0.000000  0.000000  1.000000  
7.736180 -0.043775  0.052062  -0.031124  0.970889  0.228551  0.071683  -0.162802  0.410130  0.897379  0.175697  -0.882926  0.435400  0.031426  -0.039368  -0.002616  0.000000  0.000000  0.000000  1.000000  
7.737183 -0.043742  0.052005  -0.031122  0.970889  0.228534  0.071739  -0.162802  0.409912  0.897478  0.175697  -0.883031  0.435185  0.032477  -0.041933  -0.002344  0.000000  0.000000  0.000000  1.000000  
7.738197 -0.043708  0.051948  -0.031123  0.970866  0.228633  0.071737  -0.162798  0.409675  0.897587  0.175829  -0.883116  0.434961  0.033552  -0.044529  -0.001939  0.000000  0.000000  0.000000  1.000000  
7.739432 -0.043666  0.051872  -0.031126  0.970809  0.228808  0.071948  -0.162994  0.409282  0.897731  0.175961  -0.883253  0.434629  0.034254  -0.046993  -0.001668  0.236891  0.043324  -0.054680  1.000000  
7.740434 -0.043633  0.051811  -0.031127  0.970763  0.229023  0.071888  -0.162986  0.409025  0.897850  0.176224  -0.883316  0.434394  0.034648  -0.049098  -0.001350  0.237091  0.046536  -0.042128  1.000000  
7.741434 -0.043601  0.051747  -0.031128  0.970693  0.229347  0.071800  -0.162975  0.408640  0.898027  0.176619  -0.883410  0.434041  0.034615  -0.051030  -0.001138  0.242258  0.051916  -0.025707  1.000000  
7.742461 -0.043571  0.051682  -0.031128  0.970613  0.229638  0.071954  -0.163167  0.408226  0.898180  0.176883  -0.883526  0.433699  0.034247  -0.052719  -0.000976  0.248158  0.047358  -0.011737  1.000000  
7.743684 -0.043534  0.051600  -0.031133  0.970486  0.230153  0.072021  -0.163351  0.407665  0.898402  0.177410  -0.883651  0.433228  0.033859  -0.054886  -0.001015  0.256336  0.047280  0.010114  1.000000  
7.744932 -0.043500  0.051516  -0.031141  0.970358  0.230669  0.072090  -0.163535  0.407103  0.898623  0.177936  -0.883776  0.432758  0.033279  -0.056959  -0.001177  0.263527  0.047151  0.030028  1.000000  
7.745937 -0.043473  0.051448  -0.031149  0.970230  0.231193  0.072131  -0.163719  0.406650  0.898795  0.178463  -0.883847  0.432394  0.032729  -0.058809  -0.001359  0.268200  0.047423  0.048644  1.000000  
7.746970 -0.043448  0.051379  -0.031154  0.970126  0.231591  0.072257  -0.163907  0.406107  0.899006  0.178858  -0.883993  0.431934  0.031970  -0.060211  -0.001670  0.278510  0.046005  0.062443  1.000000  
7.748188 -0.043418  0.051290  -0.031162  0.969974  0.232223  0.072270  -0.164086  0.405524  0.899236  0.179516  -0.884094  0.431452  0.031050  -0.061990  -0.002102  0.296481  0.049907  0.085736  1.000000  
7.749194 -0.043394  0.051218  -0.031167  0.969845  0.232746  0.072312  -0.164270  0.405070  0.899407  0.180042  -0.884165  0.431088  0.030056  -0.063627  -0.002550  0.305643  0.051699  0.104821  1.000000  
7.750449 -0.043366  0.051127  -0.031174  0.969669  0.233494  0.072269  -0.164445  0.404467  0.899647  0.180832  -0.884244  0.430596  0.028896  -0.065135  -0.003260  0.323118  0.057483  0.132010  1.000000  
7.751684 -0.043340  0.051036  -0.031181  0.969549  0.234051  0.072070  -0.164425  0.404041  0.899842  0.181490  -0.884291  0.430221  0.027950  -0.066609  -0.003861  0.320702  0.066859  0.151052  1.000000  
7.752687 -0.043320  0.050963  -0.031185  0.969453  0.234492  0.071929  -0.164409  0.403634  0.900027  0.182016  -0.884360  0.429857  0.026883  -0.067707  -0.004255  0.323313  0.075289  0.168446  1.000000  
7.753692 -0.043300  0.050890  -0.031187  0.969367  0.234975  0.071517  -0.164189  0.403365  0.900188  0.182674  -0.884355  0.429589  0.025937  -0.068674  -0.004285  0.319422  0.090528  0.184111  1.000000  
7.754703 -0.043280  0.050816  -0.031188  0.969270  0.235424  0.071347  -0.164172  0.403068  0.900324  0.183200  -0.884371  0.429332  0.025041  -0.069426  -0.004179  0.317770  0.099085  0.201668  1.000000  
7.755945 -0.043253  0.050725  -0.031186  0.969149  0.235981  0.071150  -0.164152  0.402641  0.900519  0.183858  -0.884417  0.428956  0.024092  -0.070352  -0.003945  0.319231  0.100895  0.220986  1.000000  
7.757199 -0.043227  0.050632  -0.031181  0.969003  0.236664  0.070868  -0.164127  0.402304  0.900674  0.184647  -0.884388  0.428677  0.023283  -0.071259  -0.003551  0.313536  0.102441  0.255243  1.000000  
7.758460 -0.043203  0.050539  -0.031175  0.968949  0.237065  0.070272  -0.163708  0.402085  0.900848  0.185304  -0.884380  0.428409  0.022425  -0.071795  -0.002856  0.308187  0.120335  0.276481  1.000000  
7.759703 -0.043178  0.050444  -0.031169  0.968860  0.237549  0.069861  -0.163487  0.401816  0.901008  0.185962  -0.884372  0.428140  0.021792  -0.072579  -0.001867  0.298784  0.140183  0.301797  1.000000  
7.760936 -0.043152  0.050350  -0.031162  0.968771  0.238032  0.069451  -0.163267  0.401548  0.901167  0.186619  -0.884364  0.427871  0.021415  -0.073256  -0.000912  0.294940  0.152065  0.326326  1.000000  
7.762192 -0.043126  0.050253  -0.031156  0.968656  0.238633  0.068985  -0.163043  0.401261  0.901336  0.187408  -0.884333  0.427591  0.020992  -0.073861  0.000103  0.290743  0.165730  0.354521  1.000000  
7.763198 -0.043105  0.050175  -0.031152  0.968582  0.238958  0.068903  -0.163030  0.400874  0.901511  0.187802  -0.884420  0.427237  0.020868  -0.074591  0.000747  0.295890  0.167298  0.373485  1.000000  
7.764226 -0.043084  0.050095  -0.031148  0.968517  0.239326  0.068550  -0.162814  0.400626  0.901660  0.188328  -0.884433  0.426978  0.020574  -0.074692  0.001369  0.295827  0.175055  0.389594  1.000000  
7.765447 -0.043058  0.049992  -0.031146  0.968475  0.239568  0.068282  -0.162602  0.400288  0.901848  0.188722  -0.884520  0.426624  0.020552  -0.075666  0.001925  0.298711  0.188972  0.402914  1.000000  
7.766685 -0.043031  0.049890  -0.031144  0.968376  0.240010  0.068144  -0.162586  0.399882  0.902031  0.189247  -0.884584  0.426258  0.020581  -0.076505  0.002606  0.300577  0.195291  0.416073  1.000000  
7.767701 -0.043010  0.049806  -0.031142  0.968301  0.240336  0.068063  -0.162573  0.399495  0.902205  0.189641  -0.884671  0.425903  0.020696  -0.077137  0.002933  0.302815  0.200528  0.427324  1.000000  
7.768947 -0.042981  0.049701  -0.031141  0.968225  0.240653  0.068011  -0.162560  0.398998  0.902427  0.190035  -0.884809  0.425441  0.020951  -0.078033  0.003145  0.309752  0.210455  0.432577  1.000000  
7.770184 -0.042951  0.049594  -0.031139  0.968125  0.241087  0.067904  -0.162544  0.398482  0.902658  0.190561  -0.884923  0.424967  0.021246  -0.079114  0.003227  0.315379  0.212528  0.437241  1.000000  
7.771186 -0.042927  0.049508  -0.031136  0.968075  0.241296  0.067879  -0.162535  0.398114  0.902822  0.190824  -0.885032  0.424623  0.021399  -0.079956  0.003266  0.315369  0.212362  0.437304  1.000000  
7.772440 -0.042897  0.049399  -0.031132  0.967966  0.241703  0.067985  -0.162722  0.397677  0.902981  0.191218  -0.885117  0.424268  0.021734  -0.081117  0.003214  0.311589  0.212356  0.437765  1.000000  
7.773682 -0.042866  0.049291  -0.031128  0.967915  0.241904  0.067990  -0.162713  0.397199  0.903193  0.191480  -0.885277  0.423816  0.022110  -0.082079  0.003076  0.310098  0.214171  0.426581  1.000000  
7.774704 -0.042841  0.049203  -0.031124  0.967831  0.242203  0.068123  -0.162904  0.396891  0.903294  0.191743  -0.885333  0.423579  0.022477  -0.082810  0.002937  0.304308  0.211728  0.421817  1.000000  
7.775939 -0.042809  0.049093  -0.031118  0.967722  0.242602  0.068259  -0.163090  0.396344  0.903500  0.192137  -0.885469  0.423117  0.022984  -0.084075  0.002901  0.304577  0.207796  0.414198  1.000000  
7.776969 -0.042783  0.049003  -0.031110  0.967637  0.242901  0.068393  -0.163281  0.396035  0.903601  0.192399  -0.885525  0.422880  0.023192  -0.084565  0.003090  0.295968  0.205376  0.409599  1.000000  
7.778186 -0.042751  0.048892  -0.031100  0.967586  0.243118  0.068340  -0.163273  0.395777  0.903716  0.192662  -0.885582  0.422642  0.023602  -0.085587  0.003422  0.288577  0.206012  0.395834  1.000000  
7.779204 -0.042726  0.048802  -0.031093  0.967527  0.243299  0.068529  -0.163467  0.395488  0.903807  0.192793  -0.885661  0.422417  0.023930  -0.086283  0.003721  0.282611  0.199621  0.382718  1.000000  
7.780440 -0.042694  0.048690  -0.031084  0.967476  0.243516  0.068477  -0.163459  0.395229  0.903922  0.193056  -0.885717  0.422179  0.024254  -0.086848  0.004120  0.275210  0.198310  0.364995  1.000000  
7.781451 -0.042668  0.048600  -0.031077  0.967417  0.243698  0.068666  -0.163654  0.394940  0.904013  0.193187  -0.885796  0.421953  0.024590  -0.087356  0.004554  0.274499  0.185773  0.354557  1.000000  
7.782690 -0.042635  0.048486  -0.031068  0.967358  0.243871  0.068886  -0.163849  0.394541  0.904152  0.193318  -0.885926  0.421620  0.024969  -0.088085  0.004967  0.271915  0.169883  0.337572  1.000000  
7.783692 -0.042609  0.048394  -0.031062  0.967324  0.243944  0.069101  -0.164048  0.394381  0.904186  0.193318  -0.885977  0.421513  0.025234  -0.088617  0.005351  0.272208  0.150465  0.328535  1.000000  
7.784697 -0.042581  0.048301  -0.031059  0.967265  0.244125  0.069291  -0.164242  0.394091  0.904277  0.193450  -0.886056  0.421286  0.025444  -0.089036  0.005484  0.273540  0.138534  0.319473  1.000000  
7.785935 -0.042547  0.048184  -0.031056  0.967231  0.244181  0.069566  -0.164442  0.393712  0.904406  0.193450  -0.886209  0.420964  0.025789  -0.089716  0.005404  0.274871  0.122704  0.302366  1.000000  
7.786938 -0.042520  0.048090  -0.031057  0.967231  0.244164  0.069625  -0.164442  0.393493  0.904501  0.193450  -0.886311  0.420749  0.025968  -0.090173  0.005135  0.277210  0.111995  0.280618  1.000000  
7.788183 -0.042485  0.047971  -0.031059  0.967138  0.244426  0.070002  -0.164836  0.393153  0.904577  0.193581  -0.886390  0.420523  0.026307  -0.090982  0.004725  0.282754  0.086960  0.274878  1.000000  
7.789184 -0.042456  0.047875  -0.031062  0.967078  0.244607  0.070192  -0.165030  0.392863  0.904668  0.193712  -0.886468  0.420297  0.026542  -0.091500  0.004233  0.285400  0.068967  0.268681  1.000000  
7.790189 -0.042426  0.047777  -0.031066  0.967044  0.244671  0.070437  -0.165229  0.392593  0.904749  0.193712  -0.886570  0.420082  0.026816  -0.092169  0.003681  0.290743  0.047561  0.256801  1.000000  
7.791437 -0.042388  0.047654  -0.031073  0.967019  0.244762  0.070471  -0.165225  0.392244  0.904901  0.193844  -0.886700  0.419748  0.027211  -0.093044  0.002692  0.293418  0.033267  0.241238  1.000000  
7.792461 -0.042358  0.047553  -0.031078  0.966959  0.244943  0.070661  -0.165420  0.391954  0.904991  0.193975  -0.886778  0.419522  0.027441  -0.093659  0.001779  0.296121  0.017209  0.239062  1.000000  
7.793693 -0.042321  0.047426  -0.031086  0.966874  0.245240  0.070797  -0.165610  0.391644  0.905090  0.194237  -0.886833  0.419284  0.027854  -0.094765  0.000663  0.294932  -0.000789  0.232947  1.000000  
7.794934 -0.042283  0.047298  -0.031095  0.966814  0.245412  0.071017  -0.165805  0.391244  0.905228  0.194369  -0.886962  0.418951  0.028257  -0.095892  -0.000545  0.296000  -0.012711  0.223549  1.000000  
7.795951 -0.042252  0.047195  -0.031103  0.966729  0.245709  0.071152  -0.165995  0.390934  0.905327  0.194631  -0.887016  0.418713  0.028608  -0.096656  -0.001640  0.296944  -0.028996  0.223026  1.000000  
7.796966 -0.042221  0.047093  -0.031111  0.966677  0.245934  0.071072  -0.165986  0.390784  0.905393  0.194893  -0.887020  0.418583  0.028941  -0.097391  -0.002624  0.288689  -0.030962  0.218847  1.000000  
7.798196 -0.042182  0.046962  -0.031120  0.966592  0.246240  0.071178  -0.166176  0.390583  0.905445  0.195156  -0.887024  0.418453  0.029410  -0.098676  -0.003778  0.279899  -0.036870  0.220176  1.000000  
7.799448 -0.042142  0.046832  -0.031130  0.966540  0.246457  0.071127  -0.166167  0.390323  0.905559  0.195418  -0.887078  0.418216  0.029773  -0.099606  -0.004845  0.274020  -0.041099  0.213786  1.000000  
7.800684 -0.042102  0.046701  -0.031140  0.966514  0.246565  0.071102  -0.166163  0.390193  0.905615  0.195550  -0.887105  0.418097  0.030114  -0.100447  -0.005576  0.263775  -0.044648  0.204007  1.000000  
7.801696 -0.042070  0.046597  -0.031149  0.966463  0.246799  0.070992  -0.166154  0.390153  0.905634  0.195812  -0.887058  0.418075  0.030433  -0.101151  -0.006248  0.249641  -0.046982  0.201578  1.000000  
7.802934 -0.042031  0.046466  -0.031161  0.966437  0.246907  0.070966  -0.166150  0.390023  0.905691  0.195943  -0.887085  0.417956  0.030775  -0.102044  -0.006934  0.240342  -0.042854  0.194725  1.000000  
7.803938 -0.041999  0.046360  -0.031170  0.966411  0.247024  0.070911  -0.166145  0.390003  0.905701  0.196074  -0.887061  0.417945  0.030979  -0.102667  -0.007294  0.226168  -0.044430  0.189012  1.000000  
7.805179 -0.041958  0.046226  -0.031183  0.966359  0.247258  0.070801  -0.166136  0.389963  0.905720  0.196337  -0.887013  0.417923  0.031267  -0.103461  -0.007776  0.212783  -0.038384  0.186156  1.000000  
7.806195 -0.041924  0.046118  -0.031193  0.966334  0.247375  0.070746  -0.166132  0.389942  0.905729  0.196468  -0.886990  0.417911  0.031424  -0.104032  -0.008154  0.203332  -0.034223  0.179187  1.000000  
7.807448 -0.041883  0.045982  -0.031207  0.966282  0.247609  0.070636  -0.166123  0.389902  0.905748  0.196730  -0.886942  0.417889  0.031738  -0.104804  -0.008625  0.191385  -0.030312  0.173610  1.000000  
7.808679 -0.041841  0.045845  -0.031223  0.966256  0.247735  0.070551  -0.166118  0.389992  0.905710  0.196862  -0.886867  0.417985  0.032013  -0.105531  -0.009143  0.177859  -0.032008  0.168296  1.000000  
7.809946 -0.041798  0.045705  -0.031242  0.966204  0.247960  0.070470  -0.166110  0.389842  0.905776  0.197124  -0.886870  0.417855  0.032302  -0.106159  -0.009781  0.172397  -0.024024  0.169341  1.000000  
7.811185 -0.041755  0.045564  -0.031260  0.966152  0.248194  0.070360  -0.166101  0.389802  0.905795  0.197386  -0.886823  0.417833  0.032688  -0.107107  -0.010373  0.000000  0.000000  0.000000  1.000000  
7.812486 -0.041710  0.045421  -0.031279  0.966074  0.248545  0.070195  -0.166087  0.389741  0.905824  0.197780  -0.886751  0.417799  0.032983  -0.107817  -0.010993  0.000000  0.000000  0.000000  1.000000  
7.813696 -0.041664  0.045276  -0.031298  0.965987  0.248859  0.070271  -0.166277  0.389650  0.905828  0.198042  -0.886703  0.417776  0.033444  -0.108935  -0.011625  0.000000  0.000000  0.000000  1.000000  
7.814944 -0.041618  0.045131  -0.031317  0.965909  0.249201  0.070136  -0.166264  0.389480  0.905904  0.198435  -0.886682  0.417635  0.033913  -0.109969  -0.012281  0.000000  0.000000  0.000000  1.000000  
7.816026 -0.041581  0.045014  -0.031333  0.965856  0.249435  0.070026  -0.166255  0.389439  0.905923  0.198698  -0.886634  0.417612  0.034109  -0.110282  -0.012717  0.000000  0.000000  0.000000  1.000000  
7.817180 -0.041533  0.044867  -0.031352  0.965744  0.249857  0.070078  -0.166440  0.389218  0.905984  0.199091  -0.886612  0.417471  0.034776  -0.111943  -0.013219  0.118618  0.019236  0.198141  1.000000  
7.818190 -0.041495  0.044748  -0.031367  0.965657  0.250171  0.070154  -0.166630  0.389126  0.905989  0.199353  -0.886564  0.417448  0.035222  -0.112872  -0.013607  0.107405  0.023210  0.207971  1.000000  
7.819439 -0.041446  0.044600  -0.031385  0.965604  0.250405  0.070044  -0.166620  0.389086  0.906008  0.199616  -0.886516  0.417425  0.035814  -0.113980  -0.014053  0.097075  0.030982  0.207378  1.000000  
7.820445 -0.041407  0.044481  -0.031400  0.965517  0.250719  0.070121  -0.166810  0.388994  0.906012  0.199878  -0.886467  0.417402  0.036201  -0.114690  -0.014388  0.089751  0.033142  0.213200  1.000000  
7.821702 -0.041358  0.044331  -0.031417  0.965464  0.250952  0.070010  -0.166801  0.388953  0.906031  0.200140  -0.886419  0.417380  0.036660  -0.115511  -0.014588  0.076165  0.041163  0.214379  1.000000  
7.822933 -0.041309  0.044180  -0.031433  0.965377  0.251266  0.070087  -0.166991  0.388861  0.906036  0.200402  -0.886370  0.417357  0.037209  -0.116573  -0.014661  0.067451  0.042699  0.216626  1.000000  
7.824198 -0.041260  0.044029  -0.031450  0.965324  0.251508  0.069946  -0.166982  0.388931  0.906008  0.200664  -0.886271  0.417441  0.037665  -0.117443  -0.014607  0.050315  0.049134  0.215396  1.000000  
7.825433 -0.041211  0.043877  -0.031464  0.965237  0.251831  0.069992  -0.167171  0.388948  0.905965  0.200926  -0.886172  0.417526  0.038064  -0.118222  -0.014356  0.037815  0.050660  0.217826  1.000000  
7.826457 -0.041171  0.043755  -0.031476  0.965210  0.251948  0.069937  -0.167166  0.388928  0.905975  0.201058  -0.886148  0.417515  0.038332  -0.118570  -0.014106  0.029967  0.049114  0.215470  1.000000  
7.827459 -0.041131  0.043633  -0.031486  0.965150  0.252144  0.070069  -0.167361  0.388856  0.905970  0.201189  -0.886123  0.417503  0.038672  -0.119444  -0.013833  0.027272  0.041051  0.214301  1.000000  
7.828691 -0.041081  0.043478  -0.031499  0.965062  0.252467  0.070115  -0.167550  0.388873  0.905927  0.201451  -0.886024  0.417588  0.038935  -0.119897  -0.013429  0.019132  0.041053  0.214292  1.000000  
7.829929 -0.041030  0.043324  -0.031512  0.965035  0.252583  0.070059  -0.167545  0.388853  0.905937  0.201582  -0.885999  0.417576  0.039210  -0.120621  -0.013019  0.014948  0.040726  0.212651  1.000000  
7.830945 -0.040990  0.043200  -0.031524  0.964974  0.252780  0.070191  -0.167740  0.388781  0.905932  0.201713  -0.885975  0.417565  0.039637  -0.121606  -0.012769  0.012377  0.032990  0.213191  1.000000  
7.832199 -0.040939  0.043044  -0.031538  0.964887  0.253094  0.070267  -0.167929  0.388688  0.905937  0.201975  -0.885926  0.417542  0.039630  -0.121434  -0.012345  0.013761  0.028765  0.220077  1.000000  
7.833437 -0.040887  0.042888  -0.031552  0.964825  0.253291  0.070399  -0.168123  0.388616  0.905932  0.202106  -0.885902  0.417530  0.039913  -0.122199  -0.012050  0.010990  0.020544  0.217201  1.000000  
7.834444 -0.040846  0.042763  -0.031563  0.964764  0.253479  0.070561  -0.168317  0.388433  0.905974  0.202237  -0.885928  0.417411  0.040107  -0.122757  -0.011829  0.016545  0.014564  0.221853  1.000000  
7.835680 -0.040794  0.042606  -0.031578  0.964676  0.253792  0.070638  -0.168506  0.388340  0.905979  0.202499  -0.885879  0.417388  0.040287  -0.123291  -0.011691  0.017798  0.010266  0.226980  1.000000  
7.836711 -0.040753  0.042480  -0.031590  0.964615  0.253989  0.070769  -0.168700  0.388268  0.905974  0.202630  -0.885854  0.417377  0.040278  -0.123290  -0.011534  0.019320  0.002298  0.227388  1.000000  
7.837951 -0.040703  0.042322  -0.031605  0.964526  0.254294  0.070876  -0.168889  0.388064  0.906026  0.202892  -0.885856  0.417246  0.040447  -0.123847  -0.011412  0.028873  -0.001912  0.234393  1.000000  
7.839195 -0.040653  0.042165  -0.031619  0.964465  0.254490  0.071008  -0.169083  0.387992  0.906021  0.203023  -0.885831  0.417234  0.040507  -0.124288  -0.011325  0.026222  -0.009974  0.233384  1.000000  
7.840442 -0.040603  0.042007  -0.031632  0.964403  0.254687  0.071139  -0.169277  0.387919  0.906016  0.203154  -0.885807  0.417223  0.040506  -0.124711  -0.011208  0.027401  -0.017871  0.230286  1.000000  
7.841690 -0.040554  0.041850  -0.031646  0.964315  0.254992  0.071247  -0.169466  0.387715  0.906067  0.203416  -0.885808  0.417092  0.040458  -0.125040  -0.011178  0.033143  -0.026084  0.231090  1.000000  
7.842929 -0.040506  0.041693  -0.031658  0.964253  0.255188  0.071379  -0.169660  0.387642  0.906062  0.203547  -0.885783  0.417081  0.040359  -0.125232  -0.011153  0.034259  -0.033838  0.227928  1.000000  
7.843929 -0.040468  0.041568  -0.031667  0.964191  0.255385  0.071510  -0.169854  0.387569  0.906057  0.203678  -0.885759  0.417069  0.040215  -0.125345  -0.011083  0.030262  -0.035771  0.224037  1.000000  
7.844933 -0.040429  0.041444  -0.031677  0.964164  0.255510  0.071424  -0.169849  0.387659  0.906020  0.203809  -0.885684  0.417165  0.040121  -0.125428  -0.010957  0.026234  -0.037643  0.219937  1.000000  
7.846196 -0.040382  0.041289  -0.031687  0.964076  0.255823  0.071501  -0.170038  0.387565  0.906025  0.204071  -0.885634  0.417142  0.039808  -0.125233  -0.010707  0.022407  -0.039862  0.217600  1.000000  
7.847196 -0.040345  0.041166  -0.031695  0.964049  0.255940  0.071446  -0.170033  0.387544  0.906034  0.204202  -0.885609  0.417130  0.039606  -0.125257  -0.010454  0.022427  -0.041762  0.213474  1.000000  
7.848435 -0.040298  0.041013  -0.031703  0.964022  0.256057  0.071391  -0.170029  0.387524  0.906044  0.204333  -0.885585  0.417118  0.039272  -0.125060  -0.010039  0.000000  0.000000  0.000000  1.000000  
7.849445 -0.040262  0.040890  -0.031709  0.963933  0.256379  0.071436  -0.170217  0.387540  0.906002  0.204595  -0.885485  0.417202  0.038881  -0.124809  -0.009673  0.018437  -0.043713  0.209686  1.000000  
7.850697 -0.040216  0.040736  -0.031717  0.963906  0.256495  0.071381  -0.170213  0.387519  0.906011  0.204726  -0.885460  0.417191  0.038458  -0.124523  -0.009160  0.000000  0.000000  0.000000  1.000000  
7.851934 -0.040172  0.040582  -0.031724  0.963852  0.256729  0.071271  -0.170203  0.387478  0.906031  0.204988  -0.885410  0.417167  0.038073  -0.124417  -0.008648  0.000000  0.000000  0.000000  1.000000  
7.852959 -0.040136  0.040460  -0.031730  0.963798  0.256971  0.071130  -0.170194  0.387546  0.906003  0.205250  -0.885310  0.417251  0.037647  -0.123879  -0.008236  0.000000  0.000000  0.000000  1.000000  
7.854180 -0.040093  0.040307  -0.031736  0.963806  0.257007  0.070889  -0.169990  0.387579  0.906028  0.205381  -0.885285  0.417240  0.037354  -0.123960  -0.007809  0.000000  0.000000  0.000000  1.000000  
7.855184 -0.040058  0.040185  -0.031743  0.963752  0.257241  0.070779  -0.169981  0.387538  0.906047  0.205643  -0.885235  0.417216  0.036991  -0.123637  -0.007522  0.000000  0.000000  0.000000  1.000000  
7.856188 -0.040024  0.040062  -0.031750  0.963698  0.257474  0.070669  -0.169971  0.387497  0.906066  0.205905  -0.885186  0.417193  0.036685  -0.123471  -0.007324  0.000000  0.000000  0.000000  1.000000  
7.857209 -0.039990  0.039940  -0.031757  0.963705  0.257511  0.070427  -0.169768  0.387529  0.906091  0.206035  -0.885161  0.417181  0.036269  -0.123161  -0.007023  0.000000  0.000000  0.000000  1.000000  
7.858235 -0.039956  0.039819  -0.031763  0.963651  0.257744  0.070317  -0.169759  0.387488  0.906110  0.206297  -0.885111  0.417157  0.035819  -0.122409  -0.006816  0.018299  -0.006794  0.191769  1.000000  
7.859306 -0.039922  0.039698  -0.031770  0.963632  0.257898  0.070021  -0.169551  0.387500  0.906144  0.206559  -0.885061  0.417134  0.035388  -0.121669  -0.006593  0.015465  0.007339  0.189641  1.000000  
7.860432 -0.039880  0.039548  -0.031778  0.963577  0.258131  0.069911  -0.169541  0.387459  0.906163  0.206821  -0.885011  0.417110  0.035311  -0.122263  -0.006462  0.014022  0.015299  0.190134  1.000000  
7.861682 -0.039838  0.039400  -0.031785  0.963557  0.258284  0.069615  -0.169333  0.387471  0.906197  0.207083  -0.884961  0.417087  0.034992  -0.121865  -0.006284  0.011239  0.027481  0.184522  1.000000  
7.862930 -0.039797  0.039252  -0.031792  0.963538  0.258438  0.069318  -0.169125  0.387483  0.906230  0.207345  -0.884911  0.417063  0.034710  -0.121578  -0.006151  0.009834  0.033524  0.181420  1.000000  
7.863941 -0.039764  0.039134  -0.031795  0.963518  0.258591  0.069022  -0.168917  0.387496  0.906264  0.207606  -0.884860  0.417039  0.034414  -0.121182  -0.005941  0.002989  0.047577  0.179762  1.000000  
7.864942 -0.039730  0.039016  -0.031799  0.963498  0.258745  0.068725  -0.168709  0.387508  0.906297  0.207868  -0.884810  0.417016  0.034173  -0.120728  -0.005761  0.000181  0.062115  0.179462  1.000000  
7.866180 -0.039689  0.038870  -0.031802  0.963478  0.258898  0.068429  -0.168501  0.387520  0.906331  0.208130  -0.884760  0.416992  0.033936  -0.120308  -0.005505  -0.002635  0.073798  0.172368  1.000000  
7.867432 -0.039649  0.038725  -0.031804  0.963465  0.259088  0.067891  -0.168090  0.387566  0.906388  0.208522  -0.884684  0.416956  0.033655  -0.119776  -0.005171  -0.010914  0.095833  0.171873  1.000000  
7.868679 -0.039608  0.038581  -0.031805  0.963444  0.259250  0.067563  -0.167882  0.387689  0.906374  0.208784  -0.884583  0.417040  0.033436  -0.119209  -0.004791  -0.017793  0.108020  0.166174  1.000000  
7.869679 -0.039576  0.038465  -0.031806  0.963396  0.259520  0.067211  -0.167670  0.387681  0.906416  0.209177  -0.884507  0.417004  0.033345  -0.118967  -0.004402  -0.020630  0.123969  0.168505  1.000000  
7.870929 -0.039537  0.038322  -0.031805  0.963410  0.259602  0.066696  -0.167263  0.387857  0.906416  0.209438  -0.884406  0.417087  0.033109  -0.118084  -0.003817  -0.030337  0.150118  0.161001  1.000000  
7.871936 -0.039505  0.038208  -0.031804  0.963389  0.259755  0.066400  -0.167055  0.387870  0.906449  0.209700  -0.884355  0.417063  0.032987  -0.117622  -0.003263  -0.035816  0.158102  0.162205  1.000000  
7.873179 -0.039464  0.038067  -0.031803  0.963375  0.259945  0.065862  -0.166644  0.387917  0.906504  0.210092  -0.884279  0.417028  0.032943  -0.117241  -0.002664  -0.040112  0.180201  0.161757  1.000000  
7.874427 -0.039423  0.037926  -0.031801  0.963388  0.260018  0.065378  -0.166238  0.387984  0.906550  0.210354  -0.884228  0.417004  0.032754  -0.116075  -0.001855  -0.040359  0.198444  0.153163  1.000000  
7.875427 -0.039390  0.037814  -0.031800  0.963367  0.260172  0.065082  -0.166030  0.387997  0.906583  0.210616  -0.884177  0.416980  0.032709  -0.115618  -0.001479  -0.041787  0.206330  0.154271  1.000000  
7.876427 -0.039357  0.037703  -0.031799  0.963379  0.260245  0.064599  -0.165624  0.388064  0.906628  0.210877  -0.884126  0.416955  0.032650  -0.115031  -0.000949  -0.046078  0.226425  0.149704  1.000000  
7.877439 -0.039324  0.037593  -0.031799  0.963358  0.260398  0.064302  -0.165416  0.388077  0.906661  0.211139  -0.884075  0.416931  0.032703  -0.114691  -0.000639  -0.047538  0.234422  0.150898  1.000000  
7.878677 -0.039281  0.037456  -0.031799  0.963370  0.260472  0.063819  -0.165010  0.388145  0.906706  0.211400  -0.884024  0.416907  0.032715  -0.113826  -0.000263  -0.050430  0.246554  0.145172  1.000000  
7.879677 -0.039247  0.037346  -0.031798  0.963348  0.260625  0.063522  -0.164802  0.388158  0.906738  0.211662  -0.883973  0.416883  0.032779  -0.113343  -0.000017  -0.049269  0.260570  0.143451  1.000000  
7.880697 -0.039213  0.037236  -0.031798  0.963360  0.260691  0.063070  -0.164396  0.388116  0.906830  0.211923  -0.883972  0.416752  0.032816  -0.112609  0.000240  -0.048117  0.274583  0.141773  1.000000  
7.881933 -0.039170  0.037100  -0.031797  0.963338  0.260844  0.062774  -0.164188  0.388130  0.906861  0.212185  -0.883921  0.416728  0.032971  -0.112112  0.000433  -0.049600  0.280648  0.138917  1.000000  
7.883180 -0.039127  0.036964  -0.031796  0.963349  0.260917  0.062290  -0.163782  0.388197  0.906906  0.212446  -0.883869  0.416703  0.033131  -0.111654  0.000610  -0.048476  0.292797  0.133186  1.000000  
7.884211 -0.039094  0.036855  -0.031794  0.963361  0.260991  0.061807  -0.163375  0.388265  0.906950  0.212708  -0.883818  0.416679  0.033184  -0.110863  0.000777  -0.050335  0.301057  0.131289  1.000000  
7.885447 -0.039051  0.036720  -0.031791  0.963310  0.261260  0.061455  -0.163163  0.388260  0.906991  0.213100  -0.883741  0.416643  0.033444  -0.110413  0.000968  -0.051879  0.309214  0.132538  1.000000  
7.886699 -0.039007  0.036585  -0.031787  0.963321  0.261326  0.061004  -0.162757  0.388218  0.907082  0.213362  -0.883739  0.416511  0.033710  -0.109964  0.001149  -0.050406  0.321167  0.129977  1.000000  
7.887950 -0.038962  0.036451  -0.031782  0.963303  0.261516  0.060465  -0.162346  0.388267  0.907134  0.213754  -0.883662  0.416475  0.033973  -0.109413  0.001421  -0.051897  0.326931  0.127008  1.000000  
7.889194 -0.038917  0.036318  -0.031777  0.963314  0.261590  0.059982  -0.161940  0.388335  0.907178  0.214015  -0.883610  0.416450  0.034242  -0.108907  0.001631  -0.053591  0.334150  0.124586  1.000000  
7.890428 -0.038871  0.036187  -0.031772  0.963324  0.261663  0.059499  -0.161534  0.388404  0.907221  0.214276  -0.883558  0.416426  0.034633  -0.108466  0.001870  -0.056356  0.345082  0.118427  1.000000  
7.891677 -0.038824  0.036056  -0.031767  0.963334  0.261736  0.059015  -0.161127  0.388472  0.907264  0.214538  -0.883506  0.416401  0.034953  -0.107958  0.002150  -0.057875  0.351151  0.115578  1.000000  
7.892927 -0.038778  0.035925  -0.031763  0.963310  0.261889  0.058718  -0.160920  0.388487  0.907294  0.214799  -0.883454  0.416377  0.035257  -0.107539  0.002420  -0.057945  0.351124  0.115580  1.000000  
7.893927 -0.038739  0.035821  -0.031759  0.963319  0.261955  0.058267  -0.160514  0.388446  0.907384  0.215061  -0.883453  0.416245  0.035595  -0.107129  0.002649  -0.055443  0.357292  0.112787  1.000000  
7.894927 -0.038701  0.035717  -0.031755  0.963357  0.261912  0.057838  -0.160112  0.388535  0.907417  0.215191  -0.883427  0.416233  0.035881  -0.106756  0.002891  -0.056953  0.361471  0.105902  1.000000  
7.895938 -0.038662  0.035612  -0.031752  0.963394  0.261869  0.057410  -0.159711  0.388623  0.907450  0.215322  -0.883401  0.416221  0.036207  -0.106379  0.003058  -0.058908  0.368407  0.099762  1.000000  
7.897185 -0.038613  0.035482  -0.031748  0.963403  0.261942  0.056926  -0.159305  0.388692  0.907491  0.215583  -0.883349  0.416196  0.036632  -0.105925  0.003262  -0.059016  0.366538  0.095722  1.000000  
7.898431 -0.038565  0.035352  -0.031745  0.963440  0.261898  0.056498  -0.158903  0.388781  0.907524  0.215714  -0.883323  0.416184  0.037041  -0.105598  0.003395  -0.056469  0.370750  0.088759  1.000000  
7.899681 -0.038515  0.035222  -0.031743  0.963477  0.261848  0.056101  -0.158502  0.388759  0.907603  0.215844  -0.883347  0.416064  0.037454  -0.105490  0.003387  -0.053940  0.372997  0.077767  1.000000  
7.900929 -0.038466  0.035092  -0.031740  0.963514  0.261805  0.055672  -0.158101  0.388848  0.907635  0.215975  -0.883321  0.416052  0.037865  -0.105069  0.003299  -0.049946  0.369161  0.069618  1.000000  
7.901946 -0.038425  0.034988  -0.031738  0.963550  0.261754  0.055275  -0.157699  0.388827  0.907714  0.216106  -0.883345  0.415932  0.038224  -0.104700  0.003173  -0.045905  0.367024  0.065542  1.000000  
7.903197 -0.038374  0.034858  -0.031738  0.963619  0.261631  0.054660  -0.157099  0.388969  0.907757  0.216236  -0.883319  0.415920  0.038627  -0.104370  0.002880  -0.048907  0.377262  0.055712  1.000000  
7.904428 -0.038322  0.034730  -0.031736  0.963655  0.261581  0.054263  -0.156698  0.388948  0.907836  0.216367  -0.883343  0.415801  0.039082  -0.104287  0.002643  -0.044953  0.373705  0.047650  1.000000  
7.905678 -0.038270  0.034601  -0.031735  0.963691  0.261531  0.053866  -0.156297  0.388926  0.907914  0.216498  -0.883367  0.415681  0.039419  -0.103974  0.002410  -0.040940  0.371779  0.043611  1.000000  
7.906928 -0.038218  0.034474  -0.031733  0.963759  0.261401  0.053282  -0.155697  0.388959  0.908003  0.216628  -0.883392  0.415562  0.039856  -0.103716  0.002182  -0.038404  0.375944  0.036688  1.000000  
7.907930 -0.038176  0.034372  -0.031732  0.963794  0.261357  0.052853  -0.155295  0.389048  0.908034  0.216759  -0.883365  0.415549  0.040130  -0.103527  0.002024  -0.039946  0.380091  0.029742  1.000000  
7.909178 -0.038122  0.034244  -0.031730  0.963829  0.261307  0.052456  -0.154894  0.389026  0.908111  0.216890  -0.883389  0.415430  0.040512  -0.103364  0.001882  -0.035642  0.375067  0.025493  1.000000  
7.910428 -0.038069  0.034117  -0.031727  0.963925  0.261067  0.051895  -0.154298  0.389188  0.908144  0.216890  -0.883389  0.415430  0.040806  -0.103196  0.001774  -0.042680  0.383462  0.011741  1.000000  
7.911678 -0.038017  0.033990  -0.031724  0.963960  0.261017  0.051498  -0.153897  0.389166  0.908221  0.217020  -0.883414  0.415310  0.041065  -0.102983  0.001692  -0.038707  0.381573  0.007735  1.000000  
7.912928 -0.037965  0.033864  -0.031723  0.964054  0.260777  0.050937  -0.153302  0.389327  0.908253  0.217020  -0.883414  0.415310  0.041320  -0.102695  0.001559  -0.040240  0.381834  -0.007221  1.000000  
7.913938 -0.037922  0.033763  -0.031722  0.964089  0.260727  0.050540  -0.152900  0.389306  0.908329  0.217151  -0.883438  0.415191  0.041534  -0.102346  0.001413  -0.037746  0.386033  -0.014083  1.000000  
7.915189 -0.037870  0.033638  -0.031722  0.964183  0.260487  0.049979  -0.152305  0.389467  0.908360  0.217151  -0.883438  0.415191  0.041704  -0.102047  0.001306  -0.039279  0.388379  -0.025012  1.000000  
7.916198 -0.037828  0.033537  -0.031722  0.964277  0.260240  0.049449  -0.151709  0.389518  0.908438  0.217151  -0.883488  0.415084  0.041787  -0.101749  0.001205  -0.038225  0.396575  -0.038755  1.000000  
7.917432 -0.037775  0.033412  -0.031722  0.964339  0.260080  0.049075  -0.151312  0.389625  0.908459  0.217151  -0.883488  0.415084  0.042019  -0.101735  0.001073  -0.042367  0.391079  -0.050859  1.000000  
7.918432 -0.037733  0.033312  -0.031723  0.964433  0.259833  0.048546  -0.150716  0.389675  0.908536  0.217151  -0.883538  0.414976  0.042068  -0.101310  0.000963  -0.039850  0.393324  -0.061759  1.000000  
7.919681 -0.037681  0.033188  -0.031723  0.964525  0.259587  0.048016  -0.150121  0.389725  0.908613  0.217151  -0.883589  0.414869  0.042112  -0.101018  0.000853  -0.038815  0.401636  -0.075512  1.000000  
7.920942 -0.037628  0.033065  -0.031724  0.964589  0.259457  0.047431  -0.149521  0.389757  0.908698  0.217281  -0.883613  0.414750  0.042148  -0.100583  0.000632  -0.035131  0.400739  -0.084166  1.000000  
7.922200 -0.037575  0.032941  -0.031725  0.964681  0.259216  0.046870  -0.148925  0.389917  0.908728  0.217281  -0.883613  0.414750  0.042100  -0.100268  0.000468  -0.036667  0.402879  -0.095139  1.000000  
7.923428 -0.037522  0.032819  -0.031727  0.964773  0.258970  0.046340  -0.148329  0.389967  0.908804  0.217281  -0.883663  0.414643  0.042131  -0.100105  0.000226  -0.034142  0.407408  -0.102135  1.000000  
7.924428 -0.037480  0.032721  -0.031728  0.964834  0.258803  0.045997  -0.147932  0.389964  0.908870  0.217281  -0.883713  0.414535  0.042097  -0.099803  0.000043  -0.035693  0.409693  -0.113094  1.000000  
7.925428 -0.037439  0.032623  -0.031729  0.964866  0.258754  0.045600  -0.147530  0.389942  0.908945  0.217412  -0.883737  0.414416  0.042033  -0.099500  -0.000195  -0.031672  0.409684  -0.113062  1.000000  
7.926428 -0.037398  0.032526  -0.031730  0.964927  0.258594  0.045226  -0.147133  0.390048  0.908963  0.217412  -0.883737  0.414416  0.041933  -0.099251  -0.000390  -0.031702  0.407787  -0.117136  1.000000  
7.927678 -0.037347  0.032405  -0.031731  0.965018  0.258347  0.044695  -0.146537  0.390098  0.909038  0.217412  -0.883788  0.414309  0.041840  -0.098937  -0.000552  -0.030399  0.414690  -0.125890  1.000000  
7.928928 -0.037297  0.032285  -0.031733  0.965079  0.258218  0.044111  -0.145936  0.390129  0.909121  0.217543  -0.883811  0.414189  0.041721  -0.098649  -0.000672  -0.030452  0.414641  -0.125818  1.000000  
7.930178 -0.037247  0.032165  -0.031733  0.965139  0.258052  0.043768  -0.145539  0.390125  0.909187  0.217543  -0.883862  0.414082  0.041554  -0.098245  -0.000709  -0.026466  0.410835  -0.133858  1.000000  
7.931184 -0.037208  0.032070  -0.031733  0.965229  0.257811  0.043206  -0.144943  0.390285  0.909214  0.217543  -0.883862  0.414082  0.041414  -0.097860  -0.000742  -0.028211  0.418391  -0.141892  1.000000  
7.932434 -0.037159  0.031952  -0.031732  0.965288  0.257645  0.042863  -0.144546  0.390280  0.909279  0.217543  -0.883912  0.413975  0.041092  -0.097250  -0.000682  -0.028024  0.413291  -0.144787  1.000000  
7.933445 -0.037120  0.031859  -0.031731  0.965319  0.257601  0.042434  -0.144144  0.390369  0.909304  0.217673  -0.883886  0.413962  0.041066  -0.097315  -0.000614  -0.030860  0.410192  -0.142944  1.000000  
7.934683 -0.037072  0.031743  -0.031730  0.965408  0.257355  0.041903  -0.143548  0.390418  0.909378  0.217673  -0.883936  0.413855  0.040492  -0.096256  -0.000452  -0.028329  0.414588  -0.149923  1.000000  
7.935940 -0.037025  0.031629  -0.031729  0.965467  0.257194  0.041529  -0.143150  0.390524  0.909395  0.217673  -0.883936  0.413855  0.040200  -0.095756  -0.000306  -0.032427  0.412584  -0.153929  1.000000  
7.936942 -0.036987  0.031538  -0.031728  0.965526  0.257028  0.041186  -0.142752  0.390519  0.909459  0.217673  -0.883986  0.413748  0.039882  -0.095210  -0.000169  -0.032421  0.412526  -0.153851  1.000000  
