1-Time 2-Px 3-Py 4-Pz 5-R11 6-R21 7-R31 8-R12 9-R22 10-R32 11-R13 12-R23 13-R33 14-Vx 15-Vy 16-Vz 17-Wx 18-Wy 19-Wz 20-state 21-PR11 22-PR21 23-PR31 24-PR12 25-PR22 26-PR32 27-PR13 28-PR23 29-PR33 
23.599657 0.006941  0.087587  -0.008182  0.994750  0.101507  0.013000  -0.101930  0.994078  0.037676  -0.009098  -0.038804  0.999205  -0.000024  -0.000053  -0.000010  0.000000  0.000000  0.000000  2.000000  
23.600665 0.006941  0.087587  -0.008182  0.994750  0.101507  0.013000  -0.101930  0.994078  0.037676  -0.009098  -0.038804  0.999205  -0.000024  -0.000053  -0.000010  0.000000  0.000000  0.000000  2.000000  
23.601689 0.006941  0.087585  -0.008183  0.994708  0.101914  0.013027  -0.102340  0.994031  0.037792  -0.009098  -0.038925  0.999201  0.000004  -0.000195  -0.000060  0.000000  0.000000  0.000000  2.000000  
23.602909 0.006942  0.087580  -0.008184  0.994622  0.102728  0.013192  -0.103159  0.993948  0.037767  -0.009232  -0.038925  0.999199  0.000047  -0.000475  -0.000123  0.000000  0.000000  0.000000  2.000000  
23.604161 0.006943  0.087576  -0.008184  0.994578  0.103129  0.013365  -0.103568  0.993897  0.037989  -0.009366  -0.039167  0.999189  0.000139  -0.000782  -0.000144  0.000000  0.000000  0.000000  2.000000  
23.605162 0.006945  0.087572  -0.008185  0.994557  0.103333  0.013373  -0.103773  0.993875  0.037986  -0.009366  -0.039167  0.999189  0.000260  -0.001013  -0.000202  0.000000  0.000000  0.000000  2.000000  
23.606176 0.006946  0.087568  -0.008186  0.994514  0.103741  0.013401  -0.104183  0.993828  0.038101  -0.009366  -0.039288  0.999184  0.000356  -0.001297  -0.000270  0.000000  0.000000  0.000000  2.000000  
23.607414 0.006949  0.087564  -0.008187  0.994430  0.104566  0.013192  -0.105002  0.993732  0.038359  -0.009098  -0.039531  0.999177  0.000517  -0.001531  -0.000281  0.000000  0.000000  0.000000  2.000000  
23.608653 0.006952  0.087560  -0.008187  0.994345  0.105388  0.013103  -0.105821  0.993640  0.038483  -0.008964  -0.039652  0.999173  0.000750  -0.001820  -0.000306  0.000000  0.000000  0.000000  2.000000  
23.609668 0.006955  0.087556  -0.008188  0.994257  0.106205  0.013148  -0.106640  0.993548  0.038593  -0.008964  -0.039773  0.999169  0.000932  -0.002080  -0.000358  0.000000  0.000000  0.000000  2.000000  
23.610903 0.006959  0.087552  -0.008189  0.994168  0.107016  0.013326  -0.107458  0.993457  0.038688  -0.009098  -0.039894  0.999162  0.001197  -0.002359  -0.000488  0.034708  -0.007292  0.185157  2.000000  
23.611906 0.006962  0.087550  -0.008190  0.994079  0.107834  0.013357  -0.108277  0.993368  0.038677  -0.009098  -0.039894  0.999162  0.001395  -0.002542  -0.000541  0.034727  -0.008437  0.214250  2.000000  
23.612908 0.006965  0.087547  -0.008191  0.994011  0.108441  0.013527  -0.108891  0.993297  0.038775  -0.009232  -0.040016  0.999156  0.001625  -0.002698  -0.000573  0.038296  -0.013652  0.232968  2.000000  
23.614156 0.006969  0.087543  -0.008190  0.993897  0.109456  0.013713  -0.109914  0.993181  0.038867  -0.009366  -0.040137  0.999150  0.001891  -0.002888  -0.000532  0.042361  -0.019642  0.269329  2.000000  
23.615157 0.006972  0.087539  -0.008191  0.993806  0.110272  0.013759  -0.110732  0.993086  0.038976  -0.009366  -0.040258  0.999145  0.002088  -0.003200  -0.000562  0.046170  -0.020746  0.296899  2.000000  
23.616158 0.006976  0.087534  -0.008191  0.993716  0.111096  0.013658  -0.111551  0.992994  0.038979  -0.009232  -0.040258  0.999147  0.002308  -0.003459  -0.000582  0.045947  -0.017352  0.324809  2.000000  
23.617415 0.006980  0.087526  -0.008192  0.993624  0.111912  0.013704  -0.112369  0.992897  0.039089  -0.009232  -0.040379  0.999142  0.002547  -0.003689  -0.000545  0.049735  -0.018454  0.352215  2.000000  
23.618424 0.006983  0.087520  -0.008192  0.993531  0.112727  0.013750  -0.113187  0.992800  0.039198  -0.009232  -0.040500  0.999137  0.002745  -0.003916  -0.000497  0.053541  -0.019567  0.379748  2.000000  
23.619656 0.006987  0.087511  -0.008192  0.993414  0.113746  0.013818  -0.114210  0.992674  0.039424  -0.009232  -0.040743  0.999127  0.002909  -0.004195  -0.000509  0.061451  -0.021015  0.414827  2.000000  
23.620904 0.006992  0.087500  -0.008193  0.993294  0.114761  0.014005  -0.115232  0.992552  0.039515  -0.009366  -0.040864  0.999121  0.003107  -0.004553  -0.000480  0.065155  -0.026903  0.449039  2.000000  
23.621909 0.006997  0.087492  -0.008195  0.993198  0.115569  0.014198  -0.116050  0.992449  0.039729  -0.009500  -0.041106  0.999110  0.003333  -0.004953  -0.000587  0.073003  -0.032549  0.476391  2.000000  
23.623161 0.007004  0.087480  -0.008198  0.993102  0.116385  0.014245  -0.116868  0.992348  0.039837  -0.009500  -0.041227  0.999105  0.003570  -0.005420  -0.000732  0.076815  -0.033682  0.504000  2.000000  
23.624413 0.007010  0.087468  -0.008201  0.993005  0.117198  0.014306  -0.117685  0.992242  0.040066  -0.009500  -0.041470  0.999095  0.003733  -0.005967  -0.000919  0.084705  -0.034853  0.531620  2.000000  
23.625656 0.007015  0.087455  -0.008206  0.992907  0.118008  0.014486  -0.118503  0.992141  0.040159  -0.009633  -0.041591  0.999088  0.003865  -0.006492  -0.001120  0.088512  -0.040501  0.559245  2.000000  
23.626925 0.007022  0.087442  -0.008211  0.992809  0.118823  0.014534  -0.119321  0.992039  0.040268  -0.009633  -0.041712  0.999083  0.004033  -0.007243  -0.001371  0.092268  -0.041622  0.586511  2.000000  
23.628157 0.007029  0.087428  -0.008217  0.992709  0.119633  0.014714  -0.120138  0.991936  0.040360  -0.009767  -0.041833  0.999077  0.004217  -0.007861  -0.001745  0.096106  -0.047294  0.614370  2.000000  
23.629161 0.007034  0.087417  -0.008220  0.992633  0.120238  0.014886  -0.120751  0.991858  0.040455  -0.009901  -0.041954  0.999070  0.004337  -0.008489  -0.002041  0.099929  -0.052655  0.634833  2.000000  
23.630161 0.007039  0.087405  -0.008224  0.992557  0.120845  0.015044  -0.121364  0.991784  0.040429  -0.010035  -0.041954  0.999069  0.004419  -0.008970  -0.002271  0.099713  -0.057999  0.655551  2.000000  
23.631412 0.007045  0.087391  -0.008228  0.992481  0.121450  0.015216  -0.121977  0.991705  0.040524  -0.010169  -0.042075  0.999063  0.004558  -0.009374  -0.002451  0.099697  -0.062912  0.662903  2.000000  
23.632420 0.007050  0.087380  -0.008231  0.992429  0.121853  0.015366  -0.122385  0.991656  0.040501  -0.010302  -0.042075  0.999061  0.004686  -0.009808  -0.002590  0.098767  -0.062061  0.650007  2.000000  
23.633656 0.007055  0.087365  -0.008235  0.992352  0.122460  0.015523  -0.122998  0.991581  0.040476  -0.010436  -0.042075  0.999060  0.004797  -0.010295  -0.002910  0.094572  -0.062381  0.656882  2.000000  
23.634906 0.007061  0.087349  -0.008239  0.992273  0.123061  0.015814  -0.123610  0.991507  0.040433  -0.010704  -0.042075  0.999057  0.004861  -0.010712  -0.003177  0.091131  -0.072216  0.668957  2.000000  
23.636157 0.007066  0.087333  -0.008243  0.992197  0.123673  0.015839  -0.124223  0.991431  0.040423  -0.010704  -0.042075  0.999057  0.004840  -0.011050  -0.003282  0.086302  -0.071969  0.670566  2.000000  
23.637407 0.007072  0.087317  -0.008247  0.992144  0.124074  0.016003  -0.124631  0.991375  0.040520  -0.010837  -0.042196  0.999051  0.004858  -0.011516  -0.003426  0.082402  -0.084871  0.656002  2.000000  
23.638412 0.007076  0.087304  -0.008250  0.992117  0.124272  0.016144  -0.124836  0.991351  0.040500  -0.010971  -0.042196  0.999049  0.004723  -0.011658  -0.003508  0.079179  -0.093711  0.640029  2.000000  
23.639651 0.007081  0.087288  -0.008255  0.992064  0.124675  0.016293  -0.125244  0.991300  0.040477  -0.011105  -0.042196  0.999048  0.004727  -0.011833  -0.003518  0.074640  -0.096949  0.621364  2.000000  
23.640651 0.007086  0.087275  -0.008258  0.992012  0.125083  0.016310  -0.125652  0.991249  0.040470  -0.011105  -0.042196  0.999048  0.004713  -0.012046  -0.003494  0.070612  -0.092233  0.614594  2.000000  
23.641655 0.007090  0.087261  -0.008262  0.991959  0.125486  0.016459  -0.126061  0.991198  0.040447  -0.011239  -0.042196  0.999046  0.004617  -0.012271  -0.003459  0.070683  -0.096090  0.600456  2.000000  
23.642660 0.007094  0.087247  -0.008266  0.991931  0.125686  0.016585  -0.126265  0.991177  0.040306  -0.011373  -0.042075  0.999050  0.004517  -0.012432  -0.003444  0.063247  -0.096033  0.584683  2.000000  
23.643663 0.007097  0.087233  -0.008271  0.991904  0.125885  0.016726  -0.126469  0.991152  0.040286  -0.011506  -0.042075  0.999048  0.004366  -0.012682  -0.003529  0.059298  -0.095199  0.563842  2.000000  
23.644904 0.007102  0.087215  -0.008279  0.991849  0.126282  0.017008  -0.126877  0.991102  0.040245  -0.011774  -0.042075  0.999045  0.004289  -0.012873  -0.003693  0.058889  -0.102779  0.545211  2.000000  
23.645907 0.007105  0.087201  -0.008285  0.991795  0.126686  0.017141  -0.127285  0.991055  0.040101  -0.011908  -0.041953  0.999049  0.004231  -0.013051  -0.003898  0.050925  -0.106698  0.531449  2.000000  
23.647153 0.007109  0.087183  -0.008292  0.991741  0.127089  0.017290  -0.127693  0.991004  0.040077  -0.012042  -0.041953  0.999047  0.004075  -0.013334  -0.004119  0.047019  -0.115061  0.517275  2.000000  
23.648158 0.007113  0.087169  -0.008298  0.991713  0.127287  0.017431  -0.127897  0.990978  0.040056  -0.012175  -0.041953  0.999045  0.003961  -0.013498  -0.004316  0.043618  -0.119467  0.493995  2.000000  
23.649405 0.007117  0.087151  -0.008306  0.991685  0.127488  0.017557  -0.128101  0.990958  0.039915  -0.012309  -0.041832  0.999049  0.003889  -0.013636  -0.004546  0.035265  -0.122320  0.475804  2.000000  
23.650415 0.007120  0.087137  -0.008312  0.991657  0.127686  0.017697  -0.128305  0.990932  0.039894  -0.012443  -0.041832  0.999047  0.003807  -0.013745  -0.004792  0.027702  -0.121906  0.444955  2.000000  
23.651652 0.007124  0.087119  -0.008320  0.991600  0.128083  0.017979  -0.128713  0.990881  0.039853  -0.012711  -0.041832  0.999044  0.003700  -0.013795  -0.004992  0.023502  -0.124854  0.427521  2.000000  
23.652655 0.007127  0.087106  -0.008324  0.991546  0.128488  0.018112  -0.129121  0.990834  0.039708  -0.012844  -0.041711  0.999047  0.003609  -0.013881  -0.005142  0.011420  -0.129056  0.420487  2.000000  
23.653899 0.007131  0.087089  -0.008330  0.991517  0.128686  0.018253  -0.129325  0.990808  0.039687  -0.012978  -0.041711  0.999045  0.003565  -0.013897  -0.005227  0.007582  -0.132729  0.399860  2.000000  
23.654899 0.007135  0.087076  -0.008334  0.991462  0.129091  0.018386  -0.129733  0.990760  0.039542  -0.013112  -0.041589  0.999049  0.003532  -0.013922  -0.005246  -0.000457  -0.136888  0.392777  2.000000  
23.655902 0.007139  0.087063  -0.008338  0.991436  0.129295  0.018394  -0.129937  0.990734  0.039538  -0.013112  -0.041589  0.999049  0.003437  -0.013950  -0.005296  -0.004297  -0.131691  0.372642  2.000000  
23.657158 0.007143  0.087047  -0.008343  0.991407  0.129495  0.018519  -0.130141  0.990713  0.039396  -0.013246  -0.041468  0.999052  0.003379  -0.013846  -0.005271  -0.016297  -0.131569  0.347825  2.000000  
23.658417 0.007147  0.087031  -0.008348  0.991352  0.129900  0.018652  -0.130549  0.990665  0.039251  -0.013379  -0.041347  0.999055  0.003334  -0.013691  -0.005181  -0.024194  -0.134643  0.337879  2.000000  
23.659651 0.007151  0.087015  -0.008354  0.991323  0.130101  0.018777  -0.130752  0.990643  0.039110  -0.013513  -0.041226  0.999058  0.003348  -0.013615  -0.005116  -0.028064  -0.129304  0.317485  2.000000  
23.660655 0.007155  0.087002  -0.008358  0.991269  0.130509  0.018793  -0.131161  0.990590  0.039102  -0.013513  -0.041226  0.999058  0.003364  -0.013465  -0.004961  -0.032128  -0.124861  0.317650  2.000000  
23.661903 0.007160  0.086987  -0.008364  0.991240  0.130709  0.018918  -0.131364  0.990568  0.038960  -0.013647  -0.041104  0.999062  0.003398  -0.013332  -0.004886  -0.036048  -0.124259  0.303914  2.000000  
23.662903 0.007164  0.086975  -0.008368  0.991211  0.130910  0.019043  -0.131568  0.990547  0.038819  -0.013781  -0.040983  0.999065  0.003496  -0.013173  -0.004790  -0.039968  -0.123675  0.290219  2.000000  
23.663905 0.007169  0.086962  -0.008373  0.991182  0.131109  0.019183  -0.131772  0.990521  0.038797  -0.013915  -0.040983  0.999063  0.003568  -0.013023  -0.004635  -0.039931  -0.123413  0.283413  2.000000  
23.665156 0.007176  0.086947  -0.008379  0.991126  0.131513  0.019316  -0.132180  0.990472  0.038652  -0.014048  -0.040862  0.999066  0.003770  -0.012854  -0.004561  -0.044284  -0.124106  0.278799  2.000000  
23.666415 0.007183  0.086932  -0.008385  0.991097  0.131712  0.019456  -0.132384  0.990446  0.038630  -0.014182  -0.040862  0.999064  0.004012  -0.012685  -0.004434  -0.044132  -0.123486  0.264871  2.000000  
23.667653 0.007190  0.086917  -0.008391  0.991070  0.131916  0.019464  -0.132588  0.990418  0.038626  -0.014182  -0.040862  0.999064  0.004182  -0.012626  -0.004444  -0.047826  -0.122524  0.262766  2.000000  
23.668653 0.007196  0.086904  -0.008396  0.991041  0.132114  0.019604  -0.132791  0.990392  0.038604  -0.014316  -0.040862  0.999062  0.004390  -0.012539  -0.004411  -0.047775  -0.122239  0.255910  2.000000  
23.669656 0.007203  0.086891  -0.008400  0.991013  0.132318  0.019612  -0.132995  0.990365  0.038600  -0.014316  -0.040862  0.999062  0.004549  -0.012507  -0.004484  -0.048097  -0.118462  0.251284  2.000000  
23.670900 0.007210  0.086875  -0.008406  0.990956  0.132721  0.019761  -0.133403  0.990311  0.038574  -0.014450  -0.040861  0.999060  0.004791  -0.012508  -0.004510  -0.047826  -0.117779  0.256085  2.000000  
23.671901 0.007217  0.086862  -0.008410  0.990929  0.132924  0.019769  -0.133607  0.990284  0.038570  -0.014450  -0.040861  0.999060  0.005065  -0.012520  -0.004522  -0.043695  -0.117479  0.249238  2.000000  
23.673149 0.007227  0.086847  -0.008413  0.990900  0.133123  0.019909  -0.133811  0.990257  0.038548  -0.014584  -0.040861  0.999058  0.005395  -0.012482  -0.004424  -0.043659  -0.112746  0.242582  2.000000  
23.674155 0.007235  0.086835  -0.008416  0.990900  0.133123  0.019909  -0.133811  0.990257  0.038548  -0.014584  -0.040861  0.999058  0.005747  -0.012399  -0.004296  -0.043593  -0.108024  0.235952  2.000000  
23.675155 0.007242  0.086823  -0.008417  0.990870  0.133321  0.020050  -0.134015  0.990230  0.038526  -0.014717  -0.040861  0.999056  0.005970  -0.012373  -0.004078  -0.039812  -0.108602  0.230965  2.000000  
23.676403 0.007251  0.086808  -0.008419  0.990842  0.133528  0.020041  -0.134219  0.990207  0.038402  -0.014717  -0.040740  0.999061  0.006238  -0.012302  -0.003892  -0.043566  -0.098797  0.229475  2.000000  
23.677405 0.007259  0.086797  -0.008421  0.990815  0.133731  0.020049  -0.134423  0.990180  0.038398  -0.014717  -0.040740  0.999061  0.006493  -0.012258  -0.003660  -0.043837  -0.094807  0.224581  2.000000  
23.678409 0.007267  0.086786  -0.008422  0.990813  0.133726  0.020182  -0.134422  0.990181  0.038380  -0.014851  -0.040740  0.999059  0.006730  -0.012165  -0.003421  -0.043677  -0.094230  0.210746  2.000000  
23.679652 0.007277  0.086772  -0.008423  0.990785  0.133930  0.020190  -0.134626  0.990153  0.038376  -0.014851  -0.040740  0.999059  0.006956  -0.012113  -0.003127  -0.039620  -0.089736  0.210962  2.000000  
23.680653 0.007285  0.086760  -0.008425  0.990757  0.134136  0.020181  -0.134830  0.990130  0.038251  -0.014851  -0.040619  0.999064  0.007114  -0.012057  -0.002919  -0.043351  -0.084528  0.209414  2.000000  
23.681901 0.007294  0.086746  -0.008427  0.990755  0.134131  0.020314  -0.134830  0.990131  0.038233  -0.014985  -0.040619  0.999062  0.007255  -0.012022  -0.002629  -0.039240  -0.084230  0.202558  2.000000  
23.682903 0.007302  0.086733  -0.008429  0.990728  0.134335  0.020322  -0.135034  0.990103  0.038229  -0.014985  -0.040619  0.999062  0.007337  -0.012015  -0.002426  -0.039488  -0.080161  0.197535  2.000000  
23.684153 0.007310  0.086718  -0.008431  0.990700  0.134538  0.020329  -0.135238  0.990076  0.038225  -0.014985  -0.040619  0.999062  0.007408  -0.011969  -0.002165  -0.039409  -0.075390  0.190825  2.000000  
23.685406 0.007318  0.086701  -0.008434  0.990700  0.134536  0.020346  -0.135238  0.990071  0.038345  -0.014985  -0.040740  0.999057  0.007412  -0.012018  -0.002036  -0.031160  -0.070590  0.184042  2.000000  
23.686653 0.007326  0.086685  -0.008437  0.990670  0.134734  0.020486  -0.135442  0.990044  0.038323  -0.015119  -0.040740  0.999055  0.007379  -0.012024  -0.001842  -0.027010  -0.070294  0.177132  2.000000  
23.687904 0.007334  0.086667  -0.008439  0.990670  0.134732  0.020502  -0.135442  0.990039  0.038443  -0.015119  -0.040861  0.999050  0.007257  -0.012146  -0.001771  -0.018773  -0.065527  0.170430  2.000000  
23.689155 0.007340  0.086650  -0.008442  0.990642  0.134936  0.020510  -0.135646  0.990011  0.038439  -0.015119  -0.040861  0.999050  0.007072  -0.012324  -0.001743  0.000000  0.000000  0.000000  2.000000  
23.690157 0.007346  0.086636  -0.008443  0.990642  0.134936  0.020510  -0.135646  0.990011  0.038439  -0.015119  -0.040861  0.999050  0.006972  -0.012464  -0.001712  0.000000  0.000000  0.000000  2.000000  
23.691407 0.007353  0.086619  -0.008446  0.990614  0.135137  0.020535  -0.135850  0.989979  0.038554  -0.015119  -0.040982  0.999045  0.006726  -0.012682  -0.001760  0.000000  0.000000  0.000000  2.000000  
23.692415 0.007358  0.086604  -0.008447  0.990614  0.135137  0.020535  -0.135850  0.989979  0.038554  -0.015119  -0.040982  0.999045  0.006568  -0.012868  -0.001805  0.000000  0.000000  0.000000  2.000000  
23.693676 0.007364  0.086586  -0.008449  0.990614  0.135137  0.020535  -0.135850  0.989979  0.038554  -0.015119  -0.040982  0.999045  0.006287  -0.013138  -0.001827  0.000000  0.000000  0.000000  2.000000  
23.694903 0.007370  0.086568  -0.008451  0.990586  0.135341  0.020543  -0.136054  0.989951  0.038550  -0.015119  -0.040982  0.999045  0.006052  -0.013395  -0.001834  0.000000  0.000000  0.000000  2.000000  
23.695909 0.007375  0.086553  -0.008452  0.990586  0.135341  0.020543  -0.136054  0.989951  0.038550  -0.015119  -0.040982  0.999045  0.005787  -0.013632  -0.001808  0.000000  0.000000  0.000000  2.000000  
23.697153 0.007381  0.086536  -0.008454  0.990586  0.135341  0.020543  -0.136054  0.989951  0.038550  -0.015119  -0.040982  0.999045  0.005619  -0.013818  -0.001772  0.000000  0.000000  0.000000  2.000000  
23.698157 0.007385  0.086521  -0.008454  0.990588  0.135346  0.020410  -0.136054  0.989950  0.038568  -0.014985  -0.040982  0.999047  0.005455  -0.013925  -0.001636  0.000000  0.000000  0.000000  2.000000  
23.699405 0.007391  0.086503  -0.008455  0.990560  0.135550  0.020418  -0.136258  0.989923  0.038564  -0.014985  -0.040982  0.999047  0.005284  -0.014097  -0.001502  0.000000  0.000000  0.000000  2.000000  
23.700405 0.007396  0.086489  -0.008456  0.990588  0.135346  0.020410  -0.136054  0.989950  0.038568  -0.014985  -0.040982  0.999047  0.005175  -0.014185  -0.001440  0.000000  0.000000  0.000000  2.000000  
23.701653 0.007401  0.086470  -0.008457  0.990588  0.135346  0.020410  -0.136054  0.989950  0.038568  -0.014985  -0.040982  0.999047  0.005002  -0.014303  -0.001366  0.000000  0.000000  0.000000  2.000000  
23.702899 0.007407  0.086451  -0.008460  0.990588  0.135346  0.020410  -0.136054  0.989950  0.038568  -0.014985  -0.040982  0.999047  0.004866  -0.014460  -0.001354  0.000000  0.000000  0.000000  2.000000  
23.703902 0.007412  0.086435  -0.008461  0.990586  0.135338  0.020559  -0.136054  0.989946  0.038670  -0.015119  -0.041103  0.999041  0.004841  -0.014611  -0.001331  0.000000  0.000000  0.000000  2.000000  
23.705156 0.007418  0.086415  -0.008464  0.990586  0.135338  0.020559  -0.136054  0.989946  0.038670  -0.015119  -0.041103  0.999041  0.004799  -0.014734  -0.001405  0.000000  0.000000  0.000000  2.000000  
23.706412 0.007425  0.086396  -0.008468  0.990586  0.135336  0.020575  -0.136054  0.989942  0.038790  -0.015119  -0.041225  0.999036  0.004788  -0.014861  -0.001467  0.000000  0.000000  0.000000  2.000000  
23.707650 0.007431  0.086376  -0.008470  0.990586  0.135336  0.020575  -0.136054  0.989942  0.038790  -0.015119  -0.041225  0.999036  0.004794  -0.015002  -0.001509  0.000000  0.000000  0.000000  2.000000  
23.708651 0.007437  0.086359  -0.008473  0.990586  0.135336  0.020575  -0.136054  0.989942  0.038790  -0.015119  -0.041225  0.999036  0.004864  -0.015120  -0.001587  0.000000  0.000000  0.000000  2.000000  
23.709653 0.007443  0.086343  -0.008475  0.990586  0.135333  0.020592  -0.136054  0.989937  0.038910  -0.015119  -0.041346  0.999031  0.004925  -0.015247  -0.001602  0.000000  0.000000  0.000000  2.000000  
23.710657 0.007449  0.086327  -0.008476  0.990586  0.135333  0.020592  -0.136054  0.989937  0.038910  -0.015119  -0.041346  0.999031  0.005040  -0.015348  -0.001631  0.000000  0.000000  0.000000  2.000000  
23.711903 0.007457  0.086307  -0.008478  0.990586  0.135333  0.020592  -0.136054  0.989937  0.038910  -0.015119  -0.041346  0.999031  0.005195  -0.015478  -0.001683  0.000000  0.000000  0.000000  2.000000  
23.712907 0.007464  0.086292  -0.008480  0.990586  0.135331  0.020608  -0.136054  0.989932  0.039031  -0.015119  -0.041467  0.999025  0.005328  -0.015587  -0.001750  0.000000  0.000000  0.000000  2.000000  
23.714156 0.007473  0.086272  -0.008481  0.990586  0.135331  0.020608  -0.136054  0.989932  0.039031  -0.015119  -0.041467  0.999025  0.005521  -0.015669  -0.001778  0.000000  0.000000  0.000000  2.000000  
23.715157 0.007480  0.086257  -0.008483  0.990586  0.135331  0.020608  -0.136054  0.989932  0.039031  -0.015119  -0.041467  0.999025  0.005698  -0.015696  -0.001829  0.000000  0.000000  0.000000  2.000000  
23.716157 0.007487  0.086242  -0.008484  0.990588  0.135336  0.020476  -0.136054  0.989932  0.039049  -0.014985  -0.041467  0.999027  0.005892  -0.015751  -0.001827  0.000000  0.000000  0.000000  2.000000  
23.717166 0.007494  0.086226  -0.008486  0.990588  0.135336  0.020476  -0.136054  0.989932  0.039049  -0.014985  -0.041467  0.999027  0.006056  -0.015712  -0.001835  0.000000  0.000000  0.000000  2.000000  
23.718416 0.007503  0.086207  -0.008487  0.990588  0.135336  0.020476  -0.136054  0.989932  0.039049  -0.014985  -0.041467  0.999027  0.006289  -0.015701  -0.001794  0.000000  0.000000  0.000000  2.000000  
23.719660 0.007513  0.086189  -0.008489  0.990588  0.135336  0.020476  -0.136054  0.989932  0.039049  -0.014985  -0.041467  0.999027  0.006529  -0.015614  -0.001719  0.000000  0.000000  0.000000  2.000000  
23.720917 0.007523  0.086171  -0.008491  0.990560  0.135540  0.020484  -0.136258  0.989904  0.039045  -0.014985  -0.041467  0.999027  0.006712  -0.015519  -0.001639  0.000000  0.000000  0.000000  2.000000  
23.721918 0.007530  0.086156  -0.008492  0.990560  0.135540  0.020484  -0.136258  0.989904  0.039045  -0.014985  -0.041467  0.999027  0.006850  -0.015443  -0.001544  0.000000  0.000000  0.000000  2.000000  
23.723154 0.007540  0.086137  -0.008494  0.990560  0.135540  0.020484  -0.136258  0.989904  0.039045  -0.014985  -0.041467  0.999027  0.007090  -0.015348  -0.001482  0.000000  0.000000  0.000000  2.000000  
23.724411 0.007550  0.086119  -0.008496  0.990560  0.135540  0.020484  -0.136258  0.989904  0.039045  -0.014985  -0.041467  0.999027  0.007253  -0.015190  -0.001423  0.000000  0.000000  0.000000  2.000000  
23.725659 0.007560  0.086100  -0.008498  0.990532  0.135741  0.020508  -0.136462  0.989871  0.039160  -0.014985  -0.041588  0.999022  0.007426  -0.015109  -0.001449  0.000000  0.000000  0.000000  2.000000  
23.726907 0.007571  0.086082  -0.008501  0.990532  0.135741  0.020508  -0.136462  0.989871  0.039160  -0.014985  -0.041588  0.999022  0.007560  -0.015032  -0.001509  0.000000  0.000000  0.000000  2.000000  
23.728163 0.007581  0.086063  -0.008504  0.990532  0.135741  0.020508  -0.136462  0.989871  0.039160  -0.014985  -0.041588  0.999022  0.007709  -0.014973  -0.001592  0.000000  0.000000  0.000000  2.000000  
23.729412 0.007592  0.086044  -0.008507  0.990504  0.135945  0.020516  -0.136666  0.989843  0.039156  -0.014985  -0.041588  0.999022  0.007819  -0.014917  -0.001708  0.000000  0.000000  0.000000  2.000000  
23.730670 0.007602  0.086025  -0.008509  0.990504  0.135945  0.020516  -0.136666  0.989843  0.039156  -0.014985  -0.041588  0.999022  0.007916  -0.014901  -0.001728  0.000000  0.000000  0.000000  2.000000  
23.731914 0.007613  0.086007  -0.008512  0.990476  0.136149  0.020524  -0.136870  0.989815  0.039152  -0.014985  -0.041588  0.999022  0.008064  -0.014860  -0.001777  0.000000  0.000000  0.000000  2.000000  
23.733154 0.007624  0.085990  -0.008514  0.990476  0.136149  0.020524  -0.136870  0.989815  0.039152  -0.014985  -0.041588  0.999022  0.008168  -0.014766  -0.001827  0.000000  0.000000  0.000000  2.000000  
23.734156 0.007632  0.085975  -0.008516  0.990448  0.136353  0.020532  -0.137073  0.989787  0.039148  -0.014985  -0.041588  0.999022  0.008220  -0.014727  -0.001825  0.000000  0.000000  0.000000  2.000000  
23.735169 0.007640  0.085961  -0.008517  0.990448  0.136353  0.020532  -0.137073  0.989787  0.039148  -0.014985  -0.041588  0.999022  0.008256  -0.014680  -0.001851  0.000000  0.000000  0.000000  2.000000  
23.736418 0.007650  0.085943  -0.008519  0.990419  0.136557  0.020541  -0.137277  0.989759  0.039143  -0.014985  -0.041588  0.999022  0.008239  -0.014642  -0.001860  0.000000  0.000000  0.000000  2.000000  
23.737668 0.007660  0.085926  -0.008522  0.990391  0.136760  0.020549  -0.137481  0.989731  0.039139  -0.014985  -0.041588  0.999022  0.008242  -0.014608  -0.001920  0.000000  0.000000  0.000000  2.000000  
23.738705 0.007667  0.085911  -0.008523  0.990391  0.136760  0.020549  -0.137481  0.989731  0.039139  -0.014985  -0.041588  0.999022  0.008187  -0.014509  -0.001899  0.000000  0.000000  0.000000  2.000000  
23.739911 0.007677  0.085894  -0.008526  0.990363  0.136964  0.020557  -0.137685  0.989703  0.039135  -0.014985  -0.041588  0.999022  0.008176  -0.014476  -0.001901  0.000000  0.000000  0.000000  2.000000  
23.740916 0.007684  0.085880  -0.008528  0.990363  0.136964  0.020557  -0.137685  0.989703  0.039135  -0.014985  -0.041588  0.999022  0.008112  -0.014445  -0.001907  0.000000  0.000000  0.000000  2.000000  
23.742152 0.007694  0.085862  -0.008530  0.990334  0.137168  0.020565  -0.137889  0.989674  0.039131  -0.014985  -0.041588  0.999022  0.008050  -0.014363  -0.001894  0.000000  0.000000  0.000000  2.000000  
23.743157 0.007701  0.085848  -0.008532  0.990334  0.137168  0.020565  -0.137889  0.989674  0.039131  -0.014985  -0.041588  0.999022  0.007970  -0.014308  -0.001875  0.000000  0.000000  0.000000  2.000000  
23.744415 0.007710  0.085831  -0.008534  0.990306  0.137372  0.020573  -0.138093  0.989646  0.039127  -0.014985  -0.041588  0.999022  0.007872  -0.014209  -0.001801  0.000000  0.000000  0.000000  2.000000  
23.745656 0.007719  0.085813  -0.008537  0.990277  0.137575  0.020581  -0.138297  0.989618  0.039122  -0.014985  -0.041588  0.999022  0.007799  -0.014170  -0.001848  0.000000  0.000000  0.000000  2.000000  
23.746659 0.007726  0.085799  -0.008539  0.990277  0.137575  0.020581  -0.138297  0.989618  0.039122  -0.014985  -0.041588  0.999022  0.007680  -0.014100  -0.001832  0.000000  0.000000  0.000000  2.000000  
23.747918 0.007735  0.085782  -0.008541  0.990249  0.137779  0.020589  -0.138501  0.989589  0.039118  -0.014985  -0.041588  0.999022  0.007562  -0.014076  -0.001820  0.000000  0.000000  0.000000  2.000000  
23.749156 0.007744  0.085764  -0.008544  0.990220  0.137983  0.020597  -0.138704  0.989561  0.039114  -0.014985  -0.041588  0.999022  0.007436  -0.014115  -0.001896  0.000000  0.000000  0.000000  2.000000  
23.750424 0.007752  0.085746  -0.008547  0.990220  0.137983  0.020597  -0.138704  0.989561  0.039114  -0.014985  -0.041588  0.999022  0.007308  -0.014130  -0.001917  0.000000  0.000000  0.000000  2.000000  
23.751657 0.007761  0.085728  -0.008549  0.990192  0.138186  0.020605  -0.138908  0.989533  0.039110  -0.014985  -0.041588  0.999022  0.007217  -0.014135  -0.001945  0.000000  0.000000  0.000000  2.000000  
23.752914 0.007770  0.085710  -0.008552  0.990192  0.138186  0.020605  -0.138908  0.989533  0.039110  -0.014985  -0.041588  0.999022  0.007171  -0.014131  -0.001975  0.000000  0.000000  0.000000  2.000000  
23.754154 0.007778  0.085692  -0.008554  0.990163  0.138390  0.020613  -0.139112  0.989504  0.039105  -0.014985  -0.041588  0.999022  0.007118  -0.014165  -0.001949  0.000000  0.000000  0.000000  2.000000  
23.755406 0.007786  0.085674  -0.008556  0.990135  0.138594  0.020621  -0.139316  0.989476  0.039101  -0.014985  -0.041588  0.999022  0.007065  -0.014165  -0.001943  0.000000  0.000000  0.000000  2.000000  
23.756652 0.007795  0.085657  -0.008557  0.990135  0.138594  0.020621  -0.139316  0.989476  0.039101  -0.014985  -0.041588  0.999022  0.006985  -0.014155  -0.001865  0.000000  0.000000  0.000000  2.000000  
23.757898 0.007803  0.085640  -0.008559  0.990106  0.138798  0.020629  -0.139520  0.989447  0.039097  -0.014985  -0.041588  0.999022  0.006933  -0.014157  -0.001860  0.000000  0.000000  0.000000  2.000000  
23.758899 0.007810  0.085626  -0.008560  0.990106  0.138798  0.020629  -0.139520  0.989447  0.039097  -0.014985  -0.041588  0.999022  0.006910  -0.014159  -0.001788  0.000000  0.000000  0.000000  2.000000  
23.759900 0.007816  0.085612  -0.008561  0.990106  0.138798  0.020629  -0.139520  0.989447  0.039097  -0.014985  -0.041588  0.999022  0.006845  -0.014155  -0.001747  0.000000  0.000000  0.000000  2.000000  
23.760907 0.007823  0.085598  -0.008563  0.990077  0.139001  0.020637  -0.139724  0.989419  0.039093  -0.014985  -0.041588  0.999022  0.006797  -0.014176  -0.001730  0.000000  0.000000  0.000000  2.000000  
23.762154 0.007831  0.085581  -0.008565  0.990077  0.139001  0.020637  -0.139724  0.989419  0.039093  -0.014985  -0.041588  0.999022  0.006706  -0.014133  -0.001662  0.000000  0.000000  0.000000  2.000000  
23.763157 0.007837  0.085567  -0.008567  0.990048  0.139205  0.020645  -0.139928  0.989390  0.039088  -0.014985  -0.041588  0.999022  0.006683  -0.014102  -0.001636  0.000000  0.000000  0.000000  2.000000  
23.764406 0.007845  0.085549  -0.008569  0.990046  0.139199  0.020778  -0.139927  0.989391  0.039070  -0.015119  -0.041588  0.999020  0.006630  -0.014103  -0.001631  0.000000  0.000000  0.000000  2.000000  
23.765654 0.007853  0.085532  -0.008571  0.990018  0.139406  0.020769  -0.140131  0.989367  0.038945  -0.015119  -0.041467  0.999025  0.006573  -0.014037  -0.001543  0.000000  0.000000  0.000000  2.000000  
23.766903 0.007861  0.085514  -0.008573  0.990018  0.139406  0.020769  -0.140131  0.989367  0.038945  -0.015119  -0.041467  0.999025  0.006554  -0.014016  -0.001517  0.000000  0.000000  0.000000  2.000000  
23.768156 0.007869  0.085497  -0.008575  0.989989  0.139609  0.020777  -0.140335  0.989338  0.038941  -0.015119  -0.041467  0.999025  0.006486  -0.014008  -0.001475  0.000000  0.000000  0.000000  2.000000  
23.769405 0.007877  0.085479  -0.008576  0.989989  0.139609  0.020777  -0.140335  0.989338  0.038941  -0.015119  -0.041467  0.999025  0.006475  -0.014012  -0.001438  0.000000  0.000000  0.000000  2.000000  
23.770413 0.007883  0.085464  -0.008578  0.989960  0.139811  0.020802  -0.140539  0.989305  0.039057  -0.015119  -0.041588  0.999020  0.006435  -0.014024  -0.001460  0.000000  0.000000  0.000000  2.000000  
23.771651 0.007891  0.085447  -0.008580  0.989960  0.139811  0.020802  -0.140539  0.989305  0.039057  -0.015119  -0.041588  0.999020  0.006399  -0.014039  -0.001489  0.000000  0.000000  0.000000  2.000000  
23.772899 0.007899  0.085429  -0.008582  0.989931  0.140014  0.020810  -0.140742  0.989276  0.039053  -0.015119  -0.041588  0.999020  0.006369  -0.014075  -0.001514  0.000000  0.000000  0.000000  2.000000  
23.773904 0.007905  0.085414  -0.008584  0.989931  0.140014  0.020810  -0.140742  0.989276  0.039053  -0.015119  -0.041588  0.999020  0.006314  -0.014130  -0.001593  0.000000  0.000000  0.000000  2.000000  
23.775156 0.007912  0.085396  -0.008586  0.989931  0.140014  0.020810  -0.140742  0.989276  0.039053  -0.015119  -0.041588  0.999020  0.006270  -0.014162  -0.001577  0.000000  0.000000  0.000000  2.000000  
23.776157 0.007919  0.085382  -0.008588  0.989902  0.140218  0.020818  -0.140946  0.989247  0.039048  -0.015119  -0.041588  0.999020  0.006284  -0.014172  -0.001613  0.000000  0.000000  0.000000  2.000000  
23.777409 0.007926  0.085364  -0.008590  0.989902  0.140218  0.020818  -0.140946  0.989247  0.039048  -0.015119  -0.041588  0.999020  0.006264  -0.014234  -0.001617  0.000000  0.000000  0.000000  2.000000  
23.778416 0.007932  0.085349  -0.008592  0.989873  0.140421  0.020826  -0.141150  0.989218  0.039044  -0.015119  -0.041588  0.999020  0.006220  -0.014245  -0.001641  0.000000  0.000000  0.000000  2.000000  
23.779653 0.007939  0.085332  -0.008594  0.989873  0.140421  0.020826  -0.141150  0.989218  0.039044  -0.015119  -0.041588  0.999020  0.006199  -0.014202  -0.001622  0.000000  0.000000  0.000000  2.000000  
23.780904 0.007947  0.085315  -0.008596  0.989844  0.140625  0.020834  -0.141354  0.989189  0.039040  -0.015119  -0.041588  0.999020  0.006180  -0.014237  -0.001679  0.000000  0.000000  0.000000  2.000000  
23.782154 0.007955  0.085297  -0.008599  0.989844  0.140625  0.020834  -0.141354  0.989189  0.039040  -0.015119  -0.041588  0.999020  0.006186  -0.014222  -0.001726  0.000000  0.000000  0.000000  2.000000  
23.783406 0.007962  0.085279  -0.008601  0.989844  0.140625  0.020834  -0.141354  0.989189  0.039040  -0.015119  -0.041588  0.999020  0.006104  -0.014222  -0.001789  0.000000  0.000000  0.000000  2.000000  
23.784653 0.007970  0.085262  -0.008605  0.989815  0.140829  0.020842  -0.141558  0.989160  0.039035  -0.015119  -0.041588  0.999020  0.006085  -0.014237  -0.001905  0.000000  0.000000  0.000000  2.000000  
23.785903 0.007978  0.085244  -0.008608  0.989815  0.140829  0.020842  -0.141558  0.989160  0.039035  -0.015119  -0.041588  0.999020  0.006089  -0.014217  -0.001953  0.000000  0.000000  0.000000  2.000000  
23.786906 0.007984  0.085229  -0.008610  0.989785  0.141032  0.020850  -0.141761  0.989131  0.039031  -0.015119  -0.041588  0.999020  0.006069  -0.014250  -0.002010  0.000000  0.000000  0.000000  2.000000  
23.788149 0.007992  0.085211  -0.008613  0.989785  0.141032  0.020850  -0.141761  0.989131  0.039031  -0.015119  -0.041588  0.999020  0.006095  -0.014241  -0.002083  0.000000  0.000000  0.000000  2.000000  
23.789151 0.007998  0.085197  -0.008616  0.989785  0.141032  0.020850  -0.141761  0.989131  0.039031  -0.015119  -0.041588  0.999020  0.006109  -0.014252  -0.002119  0.000000  0.000000  0.000000  2.000000  
23.790153 0.008004  0.085182  -0.008618  0.989756  0.141236  0.020858  -0.141965  0.989102  0.039027  -0.015119  -0.041588  0.999020  0.006123  -0.014262  -0.002156  0.000000  0.000000  0.000000  2.000000  
23.791154 0.008010  0.085167  -0.008621  0.989756  0.141236  0.020858  -0.141965  0.989102  0.039027  -0.015119  -0.041588  0.999020  0.006104  -0.014298  -0.002213  0.000000  0.000000  0.000000  2.000000  
23.792414 0.008018  0.085149  -0.008624  0.989756  0.141236  0.020858  -0.141965  0.989102  0.039027  -0.015119  -0.041588  0.999020  0.006137  -0.014312  -0.002339  0.000000  0.000000  0.000000  2.000000  
23.793649 0.008027  0.085131  -0.008628  0.989727  0.141440  0.020866  -0.142169  0.989073  0.039023  -0.015119  -0.041588  0.999020  0.006214  -0.014338  -0.002364  0.000000  0.000000  0.000000  2.000000  
23.794658 0.008033  0.085117  -0.008631  0.989727  0.141440  0.020866  -0.142169  0.989073  0.039023  -0.015119  -0.041588  0.999020  0.006248  -0.014353  -0.002493  0.000000  0.000000  0.000000  2.000000  
23.795906 0.008042  0.085099  -0.008635  0.989727  0.141440  0.020866  -0.142169  0.989073  0.039023  -0.015119  -0.041588  0.999020  0.006331  -0.014378  -0.002573  0.000000  0.000000  0.000000  2.000000  
23.797153 0.008050  0.085081  -0.008639  0.989698  0.141643  0.020874  -0.142373  0.989044  0.039018  -0.015119  -0.041588  0.999020  0.006341  -0.014422  -0.002682  0.000000  0.000000  0.000000  2.000000  
23.798156 0.008057  0.085067  -0.008642  0.989698  0.141643  0.020874  -0.142373  0.989044  0.039018  -0.015119  -0.041588  0.999020  0.006442  -0.014417  -0.002727  0.000000  0.000000  0.000000  2.000000  
23.799156 0.008064  0.085052  -0.008645  0.989698  0.141643  0.020874  -0.142373  0.989044  0.039018  -0.015119  -0.041588  0.999020  0.006463  -0.014453  -0.002753  0.000000  0.000000  0.000000  2.000000  
23.800157 0.008071  0.085038  -0.008647  0.989698  0.141643  0.020874  -0.142373  0.989044  0.039018  -0.015119  -0.041588  0.999020  0.006534  -0.014382  -0.002759  0.000000  0.000000  0.000000  2.000000  
23.801406 0.008079  0.085020  -0.008651  0.989698  0.141643  0.020874  -0.142373  0.989044  0.039018  -0.015119  -0.041588  0.999020  0.006600  -0.014393  -0.002800  0.000000  0.000000  0.000000  2.000000  
23.802416 0.008087  0.085006  -0.008653  0.989668  0.141847  0.020882  -0.142576  0.989015  0.039014  -0.015119  -0.041588  0.999020  0.006680  -0.014394  -0.002733  0.000000  0.000000  0.000000  2.000000  
23.803654 0.008095  0.084988  -0.008656  0.989668  0.141847  0.020882  -0.142576  0.989015  0.039014  -0.015119  -0.041588  0.999020  0.006733  -0.014393  -0.002752  0.000000  0.000000  0.000000  2.000000  
23.804899 0.008104  0.084970  -0.008659  0.989668  0.141847  0.020882  -0.142576  0.989015  0.039014  -0.015119  -0.041588  0.999020  0.006795  -0.014407  -0.002768  0.000000  0.000000  0.000000  2.000000  
23.805900 0.008111  0.084955  -0.008662  0.989668  0.141847  0.020882  -0.142576  0.989015  0.039014  -0.015119  -0.041588  0.999020  0.006850  -0.014399  -0.002810  0.000000  0.000000  0.000000  2.000000  
23.807154 0.008120  0.084937  -0.008665  0.989668  0.141847  0.020882  -0.142576  0.989015  0.039014  -0.015119  -0.041588  0.999020  0.006895  -0.014413  -0.002779  0.000000  0.000000  0.000000  2.000000  
23.808405 0.008129  0.084919  -0.008669  0.989668  0.141847  0.020882  -0.142576  0.989015  0.039014  -0.015119  -0.041588  0.999020  0.006901  -0.014407  -0.002813  0.000000  0.000000  0.000000  2.000000  
23.809407 0.008136  0.084904  -0.008672  0.989639  0.142051  0.020890  -0.142780  0.988985  0.039010  -0.015119  -0.041588  0.999020  0.006963  -0.014459  -0.002783  0.000000  0.000000  0.000000  2.000000  
23.810423 0.008143  0.084890  -0.008674  0.989639  0.142051  0.020890  -0.142780  0.988985  0.039010  -0.015119  -0.041588  0.999020  0.006964  -0.014401  -0.002708  0.000000  0.000000  0.000000  2.000000  
23.811653 0.008152  0.084871  -0.008677  0.989639  0.142051  0.020890  -0.142780  0.988985  0.039010  -0.015119  -0.041588  0.999020  0.007004  -0.014424  -0.002654  0.000000  0.000000  0.000000  2.000000  
23.812903 0.008161  0.084854  -0.008680  0.989639  0.142051  0.020890  -0.142780  0.988985  0.039010  -0.015119  -0.041588  0.999020  0.007031  -0.014427  -0.002585  0.000000  0.000000  0.000000  2.000000  
23.813903 0.008168  0.084839  -0.008682  0.989639  0.142051  0.020890  -0.142780  0.988985  0.039010  -0.015119  -0.041588  0.999020  0.007018  -0.014426  -0.002548  0.000000  0.000000  0.000000  2.000000  
23.814904 0.008174  0.084825  -0.008684  0.989639  0.142051  0.020890  -0.142780  0.988985  0.039010  -0.015119  -0.041588  0.999020  0.007014  -0.014455  -0.002500  0.000000  0.000000  0.000000  2.000000  
23.816153 0.008183  0.084807  -0.008687  0.989639  0.142051  0.020890  -0.142780  0.988985  0.039010  -0.015119  -0.041588  0.999020  0.007015  -0.014462  -0.002501  0.000000  0.000000  0.000000  2.000000  
23.817405 0.008191  0.084789  -0.008690  0.989639  0.142051  0.020890  -0.142780  0.988985  0.039010  -0.015119  -0.041588  0.999020  0.006973  -0.014496  -0.002486  0.000000  0.000000  0.000000  2.000000  
