1-Time 2-Px 3-Py 4-Pz 5-R11 6-R21 7-R31 8-R12 9-R22 10-R32 11-R13 12-R23 13-R33 14-Vx 15-Vy 16-Vz 17-Wx 18-Wy 19-Wz 20-state 21-PR11 22-PR21 23-PR31 24-PR12 25-PR22 26-PR32 27-PR13 28-PR23 29-PR33 
71.916926 0.007841  0.098015  -0.004526  0.988883  0.146813  0.023605  -0.147662  0.988248  0.039510  -0.017527  -0.042556  0.998940  -0.000088  -0.000087  -0.000063  0.000000  0.000000  0.000000  2.000000  
71.917928 0.007841  0.098015  -0.004526  0.988883  0.146813  0.023605  -0.147662  0.988248  0.039510  -0.017527  -0.042556  0.998940  -0.000102  -0.000086  -0.000030  0.000000  0.000000  0.000000  2.000000  
71.918929 0.007842  0.098015  -0.004525  0.988791  0.147424  0.023629  -0.148273  0.988158  0.039495  -0.017527  -0.042556  0.998940  -0.000012  -0.000076  -0.000001  0.000000  0.000000  0.000000  2.000000  
71.920181 0.007844  0.098016  -0.004525  0.988636  0.148432  0.023820  -0.149290  0.988001  0.039571  -0.017661  -0.042677  0.998933  0.000151  -0.000009  0.000036  0.000000  0.000000  0.000000  2.000000  
71.921182 0.007846  0.098015  -0.004525  0.988508  0.149232  0.024135  -0.150104  0.987876  0.039631  -0.017928  -0.042798  0.998923  0.000275  -0.000048  0.000051  0.000000  0.000000  0.000000  2.000000  
71.922183 0.007847  0.098014  -0.004525  0.988412  0.149833  0.024310  -0.150714  0.987779  0.039715  -0.018062  -0.042919  0.998915  0.000364  -0.000115  0.000044  0.000000  0.000000  0.000000  2.000000  
71.923430 0.007851  0.098015  -0.004525  0.988319  0.150440  0.024352  -0.151324  0.987682  0.039820  -0.018062  -0.043040  0.998910  0.000600  -0.000071  0.000055  0.000000  0.000000  0.000000  2.000000  
71.924433 0.007854  0.098015  -0.004525  0.988197  0.151256  0.024271  -0.152138  0.987552  0.039940  -0.017928  -0.043161  0.998907  0.000815  -0.000001  0.000089  0.000000  0.000000  0.000000  2.000000  
71.925455 0.007856  0.098016  -0.004524  0.988042  0.152275  0.024199  -0.153156  0.987390  0.040055  -0.017794  -0.043283  0.998904  0.000976  0.000066  0.000126  0.021154  -0.021477  0.185871  2.000000  
71.926682 0.007859  0.098017  -0.004523  0.987822  0.153701  0.024143  -0.154580  0.987164  0.040161  -0.017661  -0.043404  0.998902  0.001201  0.000113  0.000171  0.024412  -0.019095  0.234598  2.000000  
71.927684 0.007862  0.098017  -0.004524  0.987660  0.154705  0.024354  -0.155596  0.986996  0.040355  -0.017794  -0.043646  0.998889  0.001369  0.000121  0.000129  0.031938  -0.025105  0.268933  2.000000  
71.928934 0.007866  0.098019  -0.004524  0.987433  0.156119  0.024563  -0.157019  0.986768  0.040418  -0.017928  -0.043767  0.998881  0.001715  0.000272  0.000125  0.035145  -0.031708  0.317155  2.000000  
71.930185 0.007872  0.098022  -0.004523  0.987201  0.157526  0.024904  -0.158441  0.986539  0.040460  -0.018196  -0.043888  0.998871  0.002069  0.000477  0.000194  0.038322  -0.042810  0.365186  2.000000  
71.931185 0.007877  0.098025  -0.004520  0.986969  0.158939  0.025114  -0.159863  0.986307  0.040522  -0.018329  -0.044009  0.998863  0.002430  0.000678  0.000352  0.041518  -0.049433  0.413466  2.000000  
71.932435 0.007883  0.098028  -0.004517  0.986702  0.160551  0.025351  -0.161488  0.986035  0.040699  -0.018463  -0.044251  0.998850  0.002851  0.000911  0.000589  0.048634  -0.056358  0.468385  2.000000  
71.933435 0.007889  0.098031  -0.004515  0.986535  0.161563  0.025413  -0.162504  0.985864  0.040792  -0.018463  -0.044373  0.998844  0.003198  0.001097  0.000675  0.052089  -0.057889  0.502932  2.000000  
71.934438 0.007894  0.098033  -0.004514  0.986334  0.162777  0.025483  -0.163722  0.985659  0.040880  -0.018463  -0.044494  0.998839  0.003471  0.001226  0.000752  0.055415  -0.059719  0.544330  2.000000  
71.935682 0.007901  0.098035  -0.004513  0.986097  0.164192  0.025582  -0.165144  0.985414  0.041083  -0.018463  -0.044736  0.998828  0.003811  0.001356  0.000792  0.062708  -0.061909  0.592790  2.000000  
71.936932 0.007908  0.098035  -0.004511  0.985855  0.165602  0.025793  -0.166564  0.985172  0.041143  -0.018597  -0.044857  0.998820  0.004091  0.001443  0.000924  0.065363  -0.068023  0.636012  2.000000  
71.938178 0.007915  0.098035  -0.004511  0.985612  0.167010  0.026024  -0.167984  0.984923  0.041322  -0.018731  -0.045099  0.998807  0.004386  0.001370  0.000951  0.073116  -0.075255  0.689222  2.000000  
71.939181 0.007923  0.098034  -0.004511  0.985366  0.168417  0.026256  -0.169404  0.984673  0.041501  -0.018864  -0.045341  0.998793  0.004675  0.001278  0.000927  0.079642  -0.076836  0.731590  2.000000  
71.940184 0.007930  0.098034  -0.004511  0.985151  0.169618  0.026592  -0.170620  0.984461  0.041542  -0.019132  -0.045462  0.998783  0.005030  0.001193  0.000914  0.083508  -0.088320  0.778629  2.000000  
71.941444 0.007938  0.098032  -0.004511  0.984866  0.171226  0.026833  -0.172242  0.984171  0.041714  -0.019266  -0.045705  0.998769  0.005362  0.001006  0.000812  0.090542  -0.095298  0.833266  2.000000  
71.942684 0.007946  0.098029  -0.004513  0.984648  0.172426  0.027169  -0.173457  0.983956  0.041754  -0.019533  -0.045825  0.998758  0.005632  0.000764  0.000720  0.093782  -0.106216  0.874748  2.000000  
71.943685 0.007953  0.098025  -0.004515  0.984502  0.173224  0.027377  -0.174268  0.983804  0.041947  -0.019667  -0.046068  0.998745  0.005905  0.000428  0.000603  0.100531  -0.111123  0.894791  2.000000  
71.944688 0.007961  0.098023  -0.004518  0.984317  0.174221  0.027704  -0.175280  0.983623  0.041991  -0.019935  -0.046189  0.998734  0.006119  0.000069  0.000372  0.104650  -0.122593  0.936167  2.000000  
71.945938 0.007971  0.098019  -0.004519  0.984097  0.175426  0.027909  -0.176495  0.983403  0.042053  -0.020068  -0.046310  0.998726  0.006403  -0.000367  0.000069  0.107854  -0.128951  0.977166  2.000000  
71.947186 0.007980  0.098015  -0.004523  0.983909  0.176423  0.028236  -0.177507  0.983219  0.042096  -0.020336  -0.046430  0.998715  0.006584  -0.000905  -0.000397  0.111191  -0.139591  1.011745  2.000000  
71.948434 0.007988  0.098010  -0.004526  0.983721  0.177419  0.028564  -0.178519  0.983034  0.042138  -0.020604  -0.046551  0.998703  0.006652  -0.001404  -0.000718  0.114741  -0.149569  1.032122  2.000000  
71.949682 0.007997  0.098005  -0.004529  0.983568  0.178217  0.028862  -0.179328  0.982890  0.042067  -0.020871  -0.046551  0.998698  0.006769  -0.002014  -0.001066  0.110579  -0.153800  1.024897  2.000000  
71.950683 0.008004  0.098000  -0.004533  0.983449  0.178805  0.029282  -0.179934  0.982783  0.041977  -0.021272  -0.046551  0.998689  0.006857  -0.002391  -0.001358  0.106292  -0.158042  1.017752  2.000000  
71.951927 0.008012  0.097993  -0.004536  0.983257  0.179804  0.029588  -0.180945  0.982600  0.041898  -0.021540  -0.046550  0.998684  0.006933  -0.002792  -0.001662  0.100907  -0.161884  1.022953  2.000000  
71.952928 0.008017  0.097987  -0.004539  0.983140  0.180399  0.029877  -0.181551  0.982491  0.041831  -0.021807  -0.046550  0.998678  0.006861  -0.003192  -0.001897  0.100772  -0.170800  1.022585  2.000000  
71.954183 0.008022  0.097979  -0.004543  0.983019  0.180991  0.030275  -0.182157  0.982388  0.041621  -0.022209  -0.046429  0.998675  0.006609  -0.003757  -0.002221  0.088652  -0.184081  1.016001  2.000000  
71.955428 0.008027  0.097971  -0.004547  0.982938  0.181383  0.030555  -0.182560  0.982316  0.041559  -0.022476  -0.046428  0.998669  0.006390  -0.004189  -0.002427  0.085159  -0.200749  0.987750  2.000000  
71.956432 0.008031  0.097965  -0.004551  0.982822  0.181988  0.030690  -0.183167  0.982210  0.041397  -0.022610  -0.046307  0.998671  0.006201  -0.004489  -0.002659  0.077285  -0.208896  0.972909  2.000000  
71.957685 0.008035  0.097956  -0.004557  0.982702  0.182586  0.030956  -0.183773  0.982105  0.041210  -0.022878  -0.046186  0.998671  0.005871  -0.004897  -0.002932  0.066183  -0.213571  0.945946  2.000000  
71.958693 0.008037  0.097948  -0.004562  0.982621  0.182978  0.031235  -0.184176  0.982032  0.041148  -0.023145  -0.046185  0.998665  0.005560  -0.005167  -0.003153  0.062476  -0.216848  0.917969  2.000000  
71.959932 0.008040  0.097939  -0.004569  0.982498  0.183570  0.031633  -0.184781  0.981927  0.040935  -0.023546  -0.046064  0.998661  0.005105  -0.005616  -0.003443  0.054615  -0.220189  0.890503  2.000000  
71.961181 0.008042  0.097929  -0.004577  0.982412  0.183960  0.032021  -0.185184  0.981859  0.040729  -0.023948  -0.045942  0.998657  0.004627  -0.005991  -0.003791  0.046563  -0.225735  0.848447  2.000000  
71.962182 0.008043  0.097920  -0.004585  0.982329  0.184356  0.032278  -0.185587  0.981791  0.040547  -0.024215  -0.045821  0.998656  0.004211  -0.006359  -0.004139  0.038887  -0.228941  0.820768  2.000000  
71.963429 0.008044  0.097909  -0.004594  0.982205  0.184948  0.032674  -0.186192  0.981685  0.040333  -0.024616  -0.045699  0.998652  0.003720  -0.006740  -0.004550  0.027185  -0.241151  0.792828  2.000000  
71.964429 0.008045  0.097901  -0.004601  0.982122  0.185345  0.032931  -0.186595  0.981616  0.040151  -0.024884  -0.045578  0.998651  0.003293  -0.007005  -0.004872  0.019586  -0.248844  0.765051  2.000000  
71.965435 0.008045  0.097893  -0.004609  0.982038  0.185741  0.033188  -0.186999  0.981547  0.039968  -0.025151  -0.045456  0.998650  0.002854  -0.007191  -0.005127  0.011840  -0.256771  0.743911  2.000000  
71.966678 0.008045  0.097884  -0.004618  0.981954  0.186141  0.033421  -0.187402  0.981482  0.039666  -0.025419  -0.045214  0.998654  0.002351  -0.007393  -0.005477  -0.003456  -0.261262  0.701629  2.000000  
71.967679 0.008045  0.097876  -0.004625  0.981870  0.186537  0.033678  -0.187805  0.981412  0.039483  -0.025687  -0.045092  0.998653  0.001953  -0.007552  -0.005744  -0.011305  -0.267373  0.681655  2.000000  
71.968681 0.008044  0.097868  -0.004632  0.981786  0.186934  0.033934  -0.188208  0.981343  0.039300  -0.025954  -0.044971  0.998651  0.001583  -0.007663  -0.006085  -0.022886  -0.267763  0.645826  2.000000  
71.969930 0.008044  0.097858  -0.004642  0.981660  0.187530  0.034306  -0.188812  0.981240  0.038965  -0.026355  -0.044728  0.998651  0.001232  -0.007735  -0.006412  -0.038633  -0.270732  0.611144  2.000000  
71.970933 0.008043  0.097850  -0.004649  0.981575  0.187927  0.034562  -0.189215  0.981170  0.038782  -0.026623  -0.044607  0.998650  0.000885  -0.007863  -0.006690  -0.046044  -0.271969  0.585208  2.000000  
71.972178 0.008043  0.097842  -0.004657  0.981447  0.188519  0.034956  -0.189819  0.981061  0.038565  -0.027024  -0.044485  0.998644  0.000633  -0.007826  -0.006810  -0.057870  -0.280056  0.564365  2.000000  
71.973191 0.008043  0.097835  -0.004663  0.981362  0.188916  0.035212  -0.190222  0.980991  0.038381  -0.027292  -0.044364  0.998643  0.000442  -0.007770  -0.006928  -0.066008  -0.281114  0.541365  2.000000  
71.974194 0.008043  0.097829  -0.004669  0.981240  0.189525  0.035321  -0.190827  0.980884  0.038096  -0.027425  -0.044121  0.998650  0.000264  -0.007694  -0.006997  -0.077965  -0.280378  0.527407  2.000000  
71.975441 0.008044  0.097823  -0.004677  0.981155  0.189921  0.035575  -0.191230  0.980813  0.037911  -0.027693  -0.044000  0.998648  0.000173  -0.007446  -0.006962  -0.089677  -0.279158  0.499743  2.000000  
71.976684 0.008045  0.097817  -0.004684  0.980989  0.190722  0.035846  -0.192036  0.980663  0.037711  -0.027960  -0.043878  0.998646  0.000147  -0.007109  -0.006801  -0.097778  -0.283371  0.492686  2.000000  
71.977686 0.008046  0.097813  -0.004689  0.980903  0.191118  0.036100  -0.192439  0.980591  0.037526  -0.028228  -0.043757  0.998643  0.000186  -0.006845  -0.006708  -0.105724  -0.282731  0.478836  2.000000  
71.978933 0.008048  0.097807  -0.004697  0.980737  0.191919  0.036370  -0.193245  0.980440  0.037326  -0.028495  -0.043635  0.998641  0.000224  -0.006505  -0.006581  -0.109934  -0.282707  0.478859  2.000000  
71.979935 0.008050  0.097803  -0.004703  0.980650  0.192315  0.036624  -0.193647  0.980368  0.037140  -0.028763  -0.043514  0.998639  0.000355  -0.006238  -0.006466  -0.113845  -0.282173  0.465247  2.000000  
71.980935 0.008053  0.097800  -0.004708  0.980518  0.192908  0.037017  -0.194250  0.980257  0.036921  -0.029164  -0.043392  0.998632  0.000488  -0.005938  -0.006382  -0.118096  -0.282098  0.465182  2.000000  
71.982184 0.008057  0.097796  -0.004716  0.980391  0.193507  0.037279  -0.194854  0.980144  0.036727  -0.029431  -0.043271  0.998630  0.000777  -0.005556  -0.006278  -0.122088  -0.281674  0.458147  2.000000  
71.983204 0.008060  0.097793  -0.004721  0.980262  0.194105  0.037540  -0.195458  0.980031  0.036533  -0.029699  -0.043149  0.998627  0.001073  -0.005194  -0.006160  -0.126217  -0.281484  0.457897  2.000000  
71.984437 0.008065  0.097790  -0.004728  0.980130  0.194698  0.037932  -0.196061  0.979919  0.036312  -0.030100  -0.043028  0.998620  0.001452  -0.004726  -0.005995  -0.126458  -0.281544  0.458115  2.000000  
71.985686 0.008071  0.097788  -0.004735  0.980000  0.195296  0.038193  -0.196665  0.979805  0.036117  -0.030368  -0.042906  0.998617  0.001873  -0.004230  -0.005842  -0.126591  -0.281504  0.458170  2.000000  
71.986687 0.008076  0.097786  -0.004741  0.979875  0.195901  0.038322  -0.197270  0.979690  0.035949  -0.030501  -0.042785  0.998619  0.002248  -0.003872  -0.005798  -0.130915  -0.281785  0.465096  2.000000  
71.987688 0.008082  0.097785  -0.004745  0.979745  0.196494  0.038606  -0.197873  0.979571  0.035872  -0.030769  -0.042784  0.998610  0.002635  -0.003502  -0.005654  -0.127141  -0.282040  0.471978  2.000000  
71.988931 0.008089  0.097784  -0.004750  0.979614  0.197093  0.038866  -0.198476  0.979456  0.035676  -0.031036  -0.042663  0.998607  0.003055  -0.003166  -0.005531  -0.126452  -0.280060  0.475135  2.000000  
71.989933 0.008096  0.097783  -0.004754  0.979487  0.197692  0.039019  -0.199081  0.979335  0.035626  -0.031170  -0.042663  0.998603  0.003486  -0.002798  -0.005391  -0.123526  -0.277869  0.479304  2.000000  
71.991180 0.008104  0.097783  -0.004758  0.979315  0.198492  0.039286  -0.199885  0.979179  0.035421  -0.031438  -0.042541  0.998600  0.003985  -0.002417  -0.005160  -0.127085  -0.271680  0.489232  2.000000  
71.992189 0.008111  0.097783  -0.004762  0.979224  0.198889  0.039539  -0.200287  0.979104  0.035233  -0.031705  -0.042420  0.998597  0.004400  -0.002079  -0.004999  -0.128277  -0.269316  0.493400  2.000000  
71.993202 0.008118  0.097783  -0.004765  0.979096  0.199493  0.039667  -0.200891  0.978986  0.035063  -0.031839  -0.042299  0.998598  0.004801  -0.001776  -0.004790  -0.128316  -0.264637  0.493389  2.000000  
71.994444 0.008127  0.097783  -0.004769  0.978963  0.200091  0.039926  -0.201494  0.978869  0.034866  -0.032106  -0.042177  0.998594  0.005206  -0.001453  -0.004626  -0.124621  -0.264948  0.500525  2.000000  
71.995685 0.008135  0.097784  -0.004773  0.978830  0.200689  0.040185  -0.202097  0.978752  0.034668  -0.032374  -0.042056  0.998591  0.005590  -0.001126  -0.004398  -0.124826  -0.260466  0.500883  2.000000  
71.996935 0.008144  0.097785  -0.004776  0.978659  0.201495  0.040320  -0.202902  0.978592  0.034489  -0.032507  -0.041934  0.998591  0.005927  -0.000745  -0.004118  -0.125327  -0.256511  0.514916  2.000000  
71.998182 0.008154  0.097787  -0.004780  0.978525  0.202088  0.040603  -0.203504  0.978469  0.034410  -0.032775  -0.041934  0.998583  0.006250  -0.000419  -0.003928  -0.116565  -0.254667  0.517622  2.000000  
71.999183 0.008161  0.097788  -0.004783  0.978437  0.202490  0.040723  -0.203906  0.978391  0.034247  -0.032909  -0.041813  0.998583  0.006446  -0.000137  -0.003742  -0.116676  -0.250159  0.517865  2.000000  
72.000434 0.008169  0.097790  -0.004787  0.978302  0.203089  0.040981  -0.204509  0.978272  0.034049  -0.033176  -0.041691  0.998580  0.006660  0.000121  -0.003550  -0.113727  -0.247606  0.522312  2.000000  
72.001443 0.008176  0.097791  -0.004790  0.978214  0.203491  0.041101  -0.204911  0.978194  0.033886  -0.033310  -0.041570  0.998580  0.006777  0.000295  -0.003390  -0.113638  -0.238211  0.515710  2.000000  
72.002448 0.008183  0.097792  -0.004794  0.978121  0.203888  0.041352  -0.205312  0.978116  0.033695  -0.033577  -0.041448  0.998576  0.006817  0.000457  -0.003336  -0.113754  -0.238098  0.515625  2.000000  
72.003693 0.008190  0.097793  -0.004799  0.977985  0.204486  0.041610  -0.205914  0.977997  0.033496  -0.033845  -0.041327  0.998572  0.006865  0.000618  -0.003268  -0.113271  -0.236584  0.518726  2.000000  
72.004930 0.008197  0.097793  -0.004804  0.977895  0.204888  0.041729  -0.206316  0.977918  0.033333  -0.033978  -0.041205  0.998573  0.006769  0.000668  -0.003348  -0.113136  -0.231711  0.511955  2.000000  
72.006182 0.008203  0.097793  -0.004810  0.977801  0.205280  0.042004  -0.206716  0.977835  0.033260  -0.034246  -0.041205  0.998564  0.006580  0.000679  -0.003435  -0.104944  -0.235822  0.504954  2.000000  
72.007428 0.008209  0.097793  -0.004815  0.977712  0.205683  0.042124  -0.207118  0.977756  0.033097  -0.034379  -0.041084  0.998564  0.006397  0.000674  -0.003484  -0.104639  -0.230767  0.491555  2.000000  
72.008432 0.008213  0.097793  -0.004819  0.977622  0.206085  0.042243  -0.207519  0.977676  0.032933  -0.034513  -0.040962  0.998564  0.006220  0.000694  -0.003502  -0.104749  -0.226270  0.491813  2.000000  
72.009439 0.008217  0.097792  -0.004823  0.977575  0.206286  0.042356  -0.207720  0.977639  0.032778  -0.034647  -0.040841  0.998565  0.006005  0.000586  -0.003574  -0.105036  -0.218100  0.475293  2.000000  
72.010445 0.008220  0.097791  -0.004827  0.977484  0.206683  0.042500  -0.208121  0.977555  0.032733  -0.034781  -0.040841  0.998560  0.005743  0.000513  -0.003691  -0.101041  -0.213544  0.475418  2.000000  
72.011558 0.008223  0.097791  -0.004831  0.977437  0.206884  0.042612  -0.208322  0.977518  0.032578  -0.034914  -0.040720  0.998560  0.005426  0.000381  -0.003740  -0.100315  -0.207630  0.460077  2.000000  
72.012680 0.008226  0.097790  -0.004837  0.977390  0.207085  0.042724  -0.208522  0.977480  0.032422  -0.035048  -0.040598  0.998561  0.005089  0.000262  -0.003893  -0.099770  -0.201968  0.451520  2.000000  
72.013682 0.008229  0.097789  -0.004842  0.977299  0.207488  0.042843  -0.208923  0.977400  0.032258  -0.035182  -0.040477  0.998561  0.004709  0.000078  -0.004004  -0.099637  -0.197165  0.444864  2.000000  
72.014682 0.008230  0.097788  -0.004846  0.977256  0.207694  0.042825  -0.209124  0.977361  0.032131  -0.035182  -0.040356  0.998566  0.004366  -0.000087  -0.004135  -0.104193  -0.184741  0.435363  2.000000  
72.015683 0.008232  0.097787  -0.004851  0.977208  0.207895  0.042937  -0.209325  0.977323  0.031976  -0.035316  -0.040235  0.998566  0.004030  -0.000196  -0.004220  -0.103155  -0.182858  0.424889  2.000000  
72.016932 0.008233  0.097786  -0.004856  0.977161  0.208096  0.043049  -0.209525  0.977285  0.031820  -0.035449  -0.040113  0.998566  0.003573  -0.000358  -0.004275  -0.102560  -0.177494  0.404526  2.000000  
72.017933 0.008234  0.097785  -0.004861  0.977161  0.208102  0.043023  -0.209525  0.977289  0.031702  -0.035449  -0.039992  0.998571  0.003166  -0.000494  -0.004317  -0.106174  -0.172441  0.391005  2.000000  
72.018937 0.008234  0.097784  -0.004866  0.977117  0.208308  0.043005  -0.209726  0.977250  0.031574  -0.035449  -0.039871  0.998576  0.002745  -0.000636  -0.004415  -0.106396  -0.163946  0.373832  2.000000  
72.020182 0.008233  0.097781  -0.004872  0.977113  0.208308  0.043110  -0.209725  0.977255  0.031428  -0.035583  -0.039750  0.998576  0.002272  -0.000801  -0.004473  -0.105821  -0.158618  0.353449  2.000000  
72.021184 0.008233  0.097780  -0.004877  0.977070  0.208514  0.043091  -0.209926  0.977216  0.031300  -0.035583  -0.039629  0.998581  0.001922  -0.000907  -0.004521  -0.109502  -0.149067  0.340068  2.000000  
72.022429 0.008232  0.097777  -0.004884  0.977065  0.208514  0.043197  -0.209925  0.977221  0.031154  -0.035717  -0.039507  0.998581  0.001492  -0.001046  -0.004593  -0.107940  -0.146938  0.316682  2.000000  
72.023433 0.008231  0.097776  -0.004888  0.977017  0.208716  0.043308  -0.210125  0.977183  0.030998  -0.035850  -0.039386  0.998581  0.001172  -0.001122  -0.004621  -0.108407  -0.143027  0.305619  2.000000  
72.024678 0.008231  0.097773  -0.004894  0.977017  0.208721  0.043283  -0.210125  0.977187  0.030880  -0.035850  -0.039265  0.998586  0.000856  -0.001240  -0.004686  -0.106841  -0.136525  0.282755  2.000000  
72.025687 0.008230  0.097771  -0.004899  0.977012  0.208721  0.043388  -0.210124  0.977192  0.030733  -0.035984  -0.039144  0.998585  0.000577  -0.001327  -0.004727  -0.107059  -0.132266  0.264526  2.000000  
72.026932 0.008230  0.097769  -0.004905  0.977012  0.208726  0.043363  -0.210124  0.977195  0.030615  -0.035984  -0.039022  0.998590  0.000339  -0.001407  -0.004745  -0.105509  -0.125877  0.242027  2.000000  
72.027933 0.008229  0.097767  -0.004910  0.977012  0.208726  0.043363  -0.210124  0.977195  0.030615  -0.035984  -0.039022  0.998590  0.000139  -0.001476  -0.004805  -0.105700  -0.117090  0.223661  2.000000  
72.029183 0.008228  0.097765  -0.004915  0.977012  0.208732  0.043338  -0.210124  0.977199  0.030496  -0.035984  -0.038901  0.998595  -0.000117  -0.001582  -0.004775  -0.104367  -0.111082  0.208295  2.000000  
72.030184 0.008228  0.097763  -0.004919  0.977012  0.208737  0.043312  -0.210124  0.977203  0.030377  -0.035984  -0.038780  0.998600  -0.000236  -0.001684  -0.004723  -0.104554  -0.102166  0.189687  2.000000  
72.031447 0.008228  0.097761  -0.004924  0.977008  0.208732  0.043443  -0.210123  0.977204  0.030349  -0.036118  -0.038780  0.998595  -0.000305  -0.001703  -0.004638  -0.099729  -0.096764  0.169032  2.000000  
72.032686 0.008228  0.097759  -0.004928  0.977008  0.208737  0.043418  -0.210123  0.977207  0.030231  -0.036118  -0.038659  0.998600  -0.000378  -0.001745  -0.004516  0.000000  0.000000  0.000000  2.000000  
72.033687 0.008228  0.097758  -0.004930  0.977003  0.208737  0.043523  -0.210122  0.977212  0.030084  -0.036251  -0.038538  0.998599  -0.000359  -0.001705  -0.004346  0.000000  0.000000  0.000000  2.000000  
72.034930 0.008229  0.097757  -0.004934  0.977003  0.208743  0.043498  -0.210122  0.977216  0.029966  -0.036251  -0.038416  0.998604  -0.000300  -0.001631  -0.004170  0.000000  0.000000  0.000000  2.000000  
72.035932 0.008229  0.097757  -0.004936  0.977003  0.208743  0.043498  -0.210122  0.977216  0.029966  -0.036251  -0.038416  0.998604  -0.000228  -0.001552  -0.004007  0.000000  0.000000  0.000000  2.000000  
72.037180 0.008230  0.097757  -0.004939  0.976998  0.208743  0.043603  -0.210121  0.977220  0.029819  -0.036385  -0.038295  0.998604  -0.000121  -0.001414  -0.003752  0.000000  0.000000  0.000000  2.000000  
72.038183 0.008231  0.097757  -0.004941  0.976998  0.208743  0.043603  -0.210121  0.977220  0.029819  -0.036385  -0.038295  0.998604  -0.000001  -0.001274  -0.003606  0.000000  0.000000  0.000000  2.000000  
72.039433 0.008233  0.097758  -0.004943  0.976998  0.208748  0.043578  -0.210121  0.977224  0.029701  -0.036385  -0.038174  0.998608  0.000174  -0.001044  -0.003323  0.000000  0.000000  0.000000  2.000000  
72.040680 0.008235  0.097758  -0.004945  0.976993  0.208743  0.043708  -0.210120  0.977225  0.029672  -0.036519  -0.038174  0.998604  0.000331  -0.000869  -0.003066  0.000000  0.000000  0.000000  2.000000  
72.041680 0.008237  0.097759  -0.004947  0.976993  0.208743  0.043708  -0.210120  0.977225  0.029672  -0.036519  -0.038174  0.998604  0.000469  -0.000685  -0.002838  0.000000  0.000000  0.000000  2.000000  
72.042684 0.008239  0.097760  -0.004948  0.976993  0.208743  0.043708  -0.210120  0.977225  0.029672  -0.036519  -0.038174  0.998604  0.000674  -0.000471  -0.002567  0.000000  0.000000  0.000000  2.000000  
72.043932 0.008241  0.097762  -0.004949  0.976945  0.208945  0.043820  -0.210320  0.977187  0.029517  -0.036653  -0.038052  0.998603  0.000847  -0.000234  -0.002353  0.000000  0.000000  0.000000  2.000000  
72.044932 0.008242  0.097762  -0.004950  0.976945  0.208945  0.043820  -0.210320  0.977187  0.029517  -0.036653  -0.038052  0.998603  0.000948  -0.000056  -0.002159  0.000000  0.000000  0.000000  2.000000  
72.046183 0.008245  0.097764  -0.004951  0.976945  0.208945  0.043820  -0.210320  0.977187  0.029517  -0.036653  -0.038052  0.998603  0.001161  0.000169  -0.001877  0.000000  0.000000  0.000000  2.000000  
72.047434 0.008248  0.097765  -0.004952  0.976902  0.209141  0.043851  -0.210521  0.977140  0.029626  -0.036653  -0.038174  0.998599  0.001334  0.000405  -0.001667  0.000000  0.000000  0.000000  2.000000  
72.048439 0.008250  0.097766  -0.004953  0.976897  0.209136  0.043982  -0.210520  0.977141  0.029598  -0.036786  -0.038173  0.998594  0.001484  0.000553  -0.001559  0.000000  0.000000  0.000000  2.000000  
72.049692 0.008252  0.097768  -0.004954  0.976854  0.209337  0.043988  -0.210721  0.977098  0.029589  -0.036786  -0.038173  0.998594  0.001606  0.000707  -0.001383  0.000000  0.000000  0.000000  2.000000  
72.050930 0.008255  0.097769  -0.004955  0.976810  0.209538  0.043994  -0.210923  0.977055  0.029580  -0.036786  -0.038173  0.998594  0.001715  0.000844  -0.001222  0.000000  0.000000  0.000000  2.000000  
72.052178 0.008258  0.097772  -0.004956  0.976806  0.209533  0.044125  -0.210922  0.977056  0.029552  -0.036920  -0.038173  0.998589  0.001854  0.001013  -0.001127  0.000000  0.000000  0.000000  2.000000  
72.053179 0.008260  0.097774  -0.004956  0.976762  0.209734  0.044131  -0.211123  0.977013  0.029543  -0.036920  -0.038173  0.998589  0.001920  0.001126  -0.001040  0.000000  0.000000  0.000000  2.000000  
72.054185 0.008262  0.097775  -0.004957  0.976719  0.209935  0.044137  -0.211324  0.976970  0.029534  -0.036920  -0.038173  0.998589  0.001943  0.001183  -0.000933  0.000000  0.000000  0.000000  2.000000  
72.055432 0.008265  0.097778  -0.004958  0.976675  0.210131  0.044168  -0.211525  0.976923  0.029643  -0.036920  -0.038294  0.998584  0.002002  0.001322  -0.000855  0.000000  0.000000  0.000000  2.000000  
72.056680 0.008267  0.097780  -0.004959  0.976627  0.210327  0.044305  -0.211725  0.976881  0.029606  -0.037054  -0.038294  0.998579  0.002019  0.001381  -0.000809  0.000000  0.000000  0.000000  2.000000  
72.057684 0.008269  0.097781  -0.004959  0.976627  0.210327  0.044305  -0.211725  0.976881  0.029606  -0.037054  -0.038294  0.998579  0.001997  0.001407  -0.000785  0.000000  0.000000  0.000000  2.000000  
72.058936 0.008271  0.097783  -0.004960  0.976583  0.210528  0.044311  -0.211926  0.976837  0.029597  -0.037054  -0.038294  0.998579  0.002022  0.001469  -0.000673  0.000000  0.000000  0.000000  2.000000  
72.060180 0.008273  0.097785  -0.004961  0.976539  0.210724  0.044343  -0.212127  0.976791  0.029706  -0.037054  -0.038415  0.998575  0.001984  0.001488  -0.000716  0.000000  0.000000  0.000000  2.000000  
72.061189 0.008274  0.097785  -0.004962  0.976491  0.210920  0.044479  -0.212327  0.976748  0.029668  -0.037187  -0.038415  0.998570  0.001904  0.001432  -0.000725  0.000000  0.000000  0.000000  2.000000  
72.062437 0.008276  0.097786  -0.004964  0.976447  0.211116  0.044511  -0.212528  0.976701  0.029778  -0.037187  -0.038536  0.998565  0.001875  0.001420  -0.000789  0.000000  0.000000  0.000000  2.000000  
72.063440 0.008277  0.097786  -0.004965  0.976403  0.211317  0.044517  -0.212729  0.976658  0.029769  -0.037187  -0.038536  0.998565  0.001785  0.001331  -0.000853  0.000000  0.000000  0.000000  2.000000  
72.064682 0.008278  0.097787  -0.004968  0.976355  0.211507  0.044679  -0.212929  0.976612  0.029849  -0.037321  -0.038657  0.998555  0.001711  0.001249  -0.000916  0.000000  0.000000  0.000000  2.000000  
72.065686 0.008279  0.097786  -0.004969  0.976311  0.211708  0.044686  -0.213130  0.976568  0.029840  -0.037321  -0.038657  0.998555  0.001657  0.001157  -0.000985  0.000000  0.000000  0.000000  2.000000  
72.066932 0.008281  0.097787  -0.004971  0.976267  0.211904  0.044717  -0.213331  0.976521  0.029949  -0.037321  -0.038778  0.998551  0.001547  0.001016  -0.001060  0.000000  0.000000  0.000000  2.000000  
72.068182 0.008282  0.097787  -0.004974  0.976218  0.212100  0.044854  -0.213531  0.976478  0.029912  -0.037455  -0.038778  0.998546  0.001498  0.000854  -0.001129  0.000000  0.000000  0.000000  2.000000  
72.069432 0.008284  0.097787  -0.004976  0.976174  0.212295  0.044886  -0.213732  0.976431  0.030021  -0.037455  -0.038899  0.998541  0.001432  0.000721  -0.001265  0.000000  0.000000  0.000000  2.000000  
72.070678 0.008285  0.097786  -0.004979  0.976125  0.212491  0.045023  -0.213932  0.976388  0.029983  -0.037589  -0.038899  0.998536  0.001315  0.000527  -0.001384  0.000000  0.000000  0.000000  2.000000  
72.071682 0.008286  0.097785  -0.004981  0.976081  0.212692  0.045029  -0.214133  0.976345  0.029974  -0.037589  -0.038899  0.998536  0.001215  0.000318  -0.001483  0.000000  0.000000  0.000000  2.000000  
72.072930 0.008287  0.097785  -0.004984  0.976032  0.212883  0.045191  -0.214332  0.976298  0.030054  -0.037722  -0.039020  0.998526  0.001166  0.000190  -0.001647  0.000000  0.000000  0.000000  2.000000  
72.074206 0.008287  0.097784  -0.004986  0.975983  0.213079  0.045328  -0.214532  0.976256  0.030016  -0.037856  -0.039020  0.998521  0.001062  -0.000024  -0.001750  0.000000  0.000000  0.000000  2.000000  
72.075435 0.008288  0.097782  -0.004989  0.975978  0.213068  0.045484  -0.214531  0.976253  0.030106  -0.037990  -0.039141  0.998511  0.000966  -0.000169  -0.001862  0.000000  0.000000  0.000000  2.000000  
72.076683 0.008288  0.097781  -0.004992  0.975934  0.213269  0.045491  -0.214732  0.976209  0.030097  -0.037990  -0.039141  0.998511  0.000883  -0.000280  -0.001919  0.000000  0.000000  0.000000  2.000000  
72.077684 0.008288  0.097780  -0.004994  0.975885  0.213465  0.045627  -0.214932  0.976166  0.030059  -0.038123  -0.039140  0.998506  0.000784  -0.000446  -0.001981  0.000000  0.000000  0.000000  2.000000  
72.078685 0.008289  0.097779  -0.004996  0.975835  0.213661  0.045764  -0.215132  0.976124  0.030020  -0.038257  -0.039140  0.998501  0.000746  -0.000532  -0.002048  0.000000  0.000000  0.000000  2.000000  
72.079934 0.008289  0.097777  -0.004999  0.975791  0.213856  0.045796  -0.215333  0.976076  0.030129  -0.038257  -0.039261  0.998496  0.000643  -0.000617  -0.002078  0.000000  0.000000  0.000000  2.000000  
72.081183 0.008289  0.097776  -0.005001  0.975742  0.214052  0.045933  -0.215532  0.976033  0.030091  -0.038391  -0.039261  0.998491  0.000550  -0.000727  -0.002100  0.000000  0.000000  0.000000  2.000000  
72.082183 0.008289  0.097775  -0.005004  0.975692  0.214248  0.046069  -0.215732  0.975990  0.030053  -0.038524  -0.039261  0.998486  0.000490  -0.000786  -0.002141  0.000000  0.000000  0.000000  2.000000  
72.083184 0.008289  0.097775  -0.005006  0.975643  0.214438  0.046232  -0.215932  0.975943  0.030133  -0.038658  -0.039382  0.998476  0.000460  -0.000815  -0.002162  0.000000  0.000000  0.000000  2.000000  
72.084434 0.008289  0.097773  -0.005009  0.975593  0.214634  0.046369  -0.216132  0.975900  0.030094  -0.038792  -0.039382  0.998471  0.000357  -0.000901  -0.002192  0.000000  0.000000  0.000000  2.000000  
72.085683 0.008289  0.097772  -0.005012  0.975539  0.214824  0.046636  -0.216330  0.975858  0.030027  -0.039059  -0.039381  0.998461  0.000288  -0.000937  -0.002245  0.000000  0.000000  0.000000  2.000000  
72.086932 0.008289  0.097771  -0.005016  0.975489  0.215014  0.046798  -0.216530  0.975812  0.030107  -0.039193  -0.039502  0.998451  0.000216  -0.000958  -0.002263  0.000000  0.000000  0.000000  2.000000  
72.088183 0.008289  0.097770  -0.005019  0.975434  0.215205  0.047065  -0.216728  0.975770  0.030039  -0.039460  -0.039502  0.998440  0.000177  -0.000963  -0.002291  0.000000  0.000000  0.000000  2.000000  
72.089183 0.008290  0.097769  -0.005021  0.975384  0.215401  0.047202  -0.216928  0.975726  0.030001  -0.039594  -0.039502  0.998435  0.000139  -0.000971  -0.002326  0.000000  0.000000  0.000000  2.000000  
72.090443 0.008290  0.097768  -0.005024  0.975329  0.215591  0.047469  -0.217127  0.975684  0.029933  -0.039861  -0.039501  0.998424  0.000136  -0.000927  -0.002280  0.000000  0.000000  0.000000  2.000000  
72.091680 0.008290  0.097768  -0.005027  0.975235  0.215982  0.047638  -0.217527  0.975593  0.030003  -0.039995  -0.039622  0.998414  0.000150  -0.000895  -0.002321  0.033822  -0.100314  0.167697  2.000000  
72.092684 0.008291  0.097768  -0.005029  0.975224  0.215972  0.047899  -0.217525  0.975595  0.029944  -0.040263  -0.039622  0.998403  0.000200  -0.000814  -0.002289  0.000000  0.000000  0.000000  2.000000  
72.093686 0.008291  0.097767  -0.005031  0.975174  0.216167  0.048035  -0.217724  0.975552  0.029905  -0.040396  -0.039621  0.998398  0.000172  -0.000778  -0.002314  0.029983  -0.114612  0.168510  2.000000  
72.094932 0.008292  0.097767  -0.005034  0.975074  0.216559  0.048308  -0.218123  0.975465  0.029827  -0.040664  -0.039621  0.998387  0.000245  -0.000690  -0.002311  0.025390  -0.118403  0.173791  2.000000  
72.095933 0.008293  0.097767  -0.005036  0.975023  0.216754  0.048445  -0.218323  0.975422  0.029788  -0.040797  -0.039621  0.998382  0.000269  -0.000618  -0.002343  0.025378  -0.122860  0.173617  2.000000  
72.096933 0.008293  0.097767  -0.005037  0.974968  0.216939  0.048738  -0.218521  0.975376  0.029838  -0.041065  -0.039741  0.998366  0.000307  -0.000563  -0.002271  0.025552  -0.128389  0.174857  2.000000  
72.098181 0.008295  0.097768  -0.005040  0.974912  0.217129  0.049005  -0.218720  0.975334  0.029770  -0.041332  -0.039741  0.998355  0.000356  -0.000453  -0.002246  0.025318  -0.136250  0.173072  2.000000  
72.099183 0.008296  0.097768  -0.005042  0.974856  0.217320  0.049271  -0.218918  0.975291  0.029701  -0.041599  -0.039740  0.998344  0.000430  -0.000345  -0.002195  0.021428  -0.146381  0.174148  2.000000  
72.100434 0.008297  0.097769  -0.005044  0.974755  0.217711  0.049544  -0.219317  0.975204  0.029622  -0.041867  -0.039740  0.998333  0.000510  -0.000233  -0.002141  0.021114  -0.151124  0.180851  2.000000  
72.101445 0.008298  0.097770  -0.005045  0.974699  0.217901  0.049811  -0.219515  0.975161  0.029553  -0.042134  -0.039740  0.998321  0.000577  -0.000118  -0.002050  0.021083  -0.160070  0.180452  2.000000  
72.102682 0.008299  0.097770  -0.005048  0.974592  0.218287  0.050214  -0.219913  0.975075  0.029444  -0.042535  -0.039739  0.998304  0.000659  -0.000006  -0.001998  0.016686  -0.169399  0.187059  2.000000  
72.103932 0.008300  0.097771  -0.005050  0.974490  0.218672  0.050513  -0.220311  0.974984  0.029483  -0.042802  -0.039860  0.998288  0.000739  0.000106  -0.001945  0.020464  -0.174336  0.193956  2.000000  
72.105178 0.008302  0.097772  -0.005052  0.974428  0.218857  0.050910  -0.220508  0.974942  0.029384  -0.043204  -0.039859  0.998271  0.000832  0.000209  -0.001927  0.019962  -0.186409  0.198533  2.000000  
72.106182 0.008303  0.097772  -0.005054  0.974326  0.219248  0.051183  -0.220907  0.974855  0.029304  -0.043471  -0.039858  0.998259  0.000895  0.000288  -0.001931  0.015597  -0.191143  0.205190  2.000000  
72.107428 0.008305  0.097773  -0.005057  0.974269  0.219439  0.051449  -0.221105  0.974812  0.029235  -0.043738  -0.039858  0.998248  0.000928  0.000336  -0.001953  0.015556  -0.195622  0.205035  2.000000  
72.108437 0.008306  0.097773  -0.005060  0.974166  0.219830  0.051722  -0.221503  0.974724  0.029154  -0.044006  -0.039857  0.998236  0.001008  0.000369  -0.001933  0.015247  -0.204836  0.211562  2.000000  
72.109447 0.008307  0.097774  -0.005061  0.974103  0.220008  0.052145  -0.221700  0.974678  0.029173  -0.044407  -0.039978  0.998213  0.001032  0.000430  -0.001918  0.015302  -0.215377  0.212761  2.000000  
72.110685 0.008309  0.097774  -0.005064  0.974000  0.220399  0.052418  -0.222098  0.974590  0.029092  -0.044674  -0.039977  0.998201  0.001115  0.000464  -0.001902  0.014977  -0.220241  0.219585  2.000000  
72.111932 0.008311  0.097774  -0.005067  0.973891  0.220785  0.052820  -0.222495  0.974503  0.028981  -0.045075  -0.039977  0.998183  0.001164  0.000476  -0.001951  0.014507  -0.227611  0.224269  2.000000  
72.112935 0.008312  0.097775  -0.005068  0.973788  0.221176  0.053093  -0.222894  0.974414  0.028900  -0.045342  -0.039976  0.998171  0.001179  0.000464  -0.001939  0.010213  -0.234299  0.232862  2.000000  
72.114184 0.008314  0.097775  -0.005071  0.973678  0.221561  0.053495  -0.223290  0.974327  0.028788  -0.045743  -0.039975  0.998153  0.001201  0.000438  -0.001963  0.009856  -0.243570  0.239419  2.000000  
72.115435 0.008315  0.097775  -0.005073  0.973568  0.221947  0.053897  -0.223687  0.974239  0.028677  -0.046144  -0.039975  0.998135  0.001219  0.000391  -0.001943  0.009477  -0.248321  0.246128  2.000000  
72.116435 0.008316  0.097774  -0.005075  0.973464  0.222337  0.054169  -0.224085  0.974150  0.028594  -0.046411  -0.039974  0.998122  0.001205  0.000327  -0.001991  0.005052  -0.253057  0.252793  2.000000  
72.117679 0.008317  0.097774  -0.005077  0.973353  0.222716  0.054599  -0.224482  0.974058  0.028600  -0.046812  -0.040095  0.998099  0.001222  0.000281  -0.001971  0.008689  -0.260215  0.257229  2.000000  
72.118679 0.008319  0.097775  -0.005079  0.973248  0.223107  0.054871  -0.224880  0.973969  0.028518  -0.047080  -0.040094  0.998086  0.001239  0.000266  -0.001959  0.008339  -0.264944  0.263899  2.000000  
72.119681 0.008320  0.097774  -0.005081  0.973184  0.223292  0.055267  -0.225076  0.973927  0.028416  -0.047481  -0.040093  0.998067  0.001197  0.000160  -0.001982  0.008315  -0.271627  0.265897  2.000000  
72.120928 0.008321  0.097774  -0.005084  0.973026  0.223877  0.055675  -0.225672  0.973792  0.028291  -0.047882  -0.040092  0.998048  0.001170  0.000102  -0.001994  0.007573  -0.278921  0.277122  2.000000  
72.121928 0.008321  0.097774  -0.005086  0.972961  0.224062  0.056071  -0.225868  0.973750  0.028189  -0.048283  -0.040092  0.998029  0.001128  0.000076  -0.001981  0.003462  -0.285811  0.279283  2.000000  
72.122932 0.008322  0.097773  -0.005088  0.972855  0.224453  0.056342  -0.226266  0.973660  0.028106  -0.048550  -0.040091  0.998016  0.001111  0.000007  -0.001950  0.003070  -0.288147  0.283614  2.000000  
72.123933 0.008323  0.097773  -0.005090  0.972743  0.224838  0.056744  -0.226662  0.973571  0.027992  -0.048951  -0.040090  0.997996  0.001084  -0.000048  -0.001961  0.002664  -0.292839  0.290245  2.000000  
72.125182 0.008324  0.097772  -0.005092  0.972630  0.225223  0.057146  -0.227058  0.973482  0.027877  -0.049352  -0.040090  0.997977  0.001050  -0.000097  -0.001937  0.002274  -0.301975  0.296686  2.000000  
72.126186 0.008325  0.097771  -0.005094  0.972517  0.225608  0.057547  -0.227454  0.973393  0.027762  -0.049753  -0.040089  0.997957  0.000987  -0.000175  -0.001936  0.001875  -0.309220  0.305841  2.000000  
72.127480 0.008326  0.097771  -0.005097  0.972404  0.225993  0.057949  -0.227850  0.973304  0.027647  -0.050153  -0.040088  0.997937  0.000937  -0.000257  -0.001960  -0.002305  -0.313293  0.305211  2.000000  
72.128683 0.008326  0.097770  -0.005099  0.972237  0.226573  0.058486  -0.228444  0.973169  0.027489  -0.050688  -0.040087  0.997910  0.000887  -0.000337  -0.002000  -0.003048  -0.320653  0.316503  2.000000  
72.129685 0.008327  0.097769  -0.005102  0.972170  0.226751  0.058909  -0.228640  0.973122  0.027504  -0.051089  -0.040207  0.997884  0.000816  -0.000396  -0.002007  0.000892  -0.327818  0.318916  2.000000  
72.130933 0.008327  0.097768  -0.005104  0.972008  0.227336  0.059315  -0.229235  0.972986  0.027375  -0.051490  -0.040206  0.997864  0.000792  -0.000469  -0.001974  0.000435  -0.328109  0.325831  2.000000  
72.131935 0.008328  0.097767  -0.005106  0.971894  0.227721  0.059717  -0.229631  0.972896  0.027259  -0.051891  -0.040205  0.997843  0.000762  -0.000499  -0.001995  -0.000004  -0.332809  0.332483  2.000000  
