1-Time 2-Px 3-Py 4-Pz 5-R11 6-R21 7-R31 8-R12 9-R22 10-R32 11-R13 12-R23 13-R33 14-Vx 15-Vy 16-Vz 17-Wx 18-Wy 19-Wz 20-state 21-PR11 22-PR21 23-PR31 24-PR12 25-PR22 26-PR32 27-PR13 28-PR23 29-PR33 
32.245647 0.014156  0.095092  -0.013376  0.995398  0.093606  0.020526  -0.094754  0.993384  0.064890  -0.014316  -0.066536  0.997681  -0.000004  -0.000100  -0.000192  0.000000  0.000000  0.000000  2.000000  
32.246651 0.014156  0.095092  -0.013376  0.995398  0.093606  0.020526  -0.094754  0.993384  0.064890  -0.014316  -0.066536  0.997681  -0.000016  -0.000097  -0.000153  0.000000  0.000000  0.000000  2.000000  
32.247652 0.014159  0.095092  -0.013376  0.995359  0.094012  0.020564  -0.095164  0.993337  0.065002  -0.014316  -0.066657  0.997673  0.000135  -0.000096  -0.000133  0.000000  0.000000  0.000000  2.000000  
32.248652 0.014162  0.095092  -0.013375  0.995298  0.094617  0.020737  -0.095779  0.993280  0.064976  -0.014450  -0.066657  0.997671  0.000414  -0.000063  -0.000065  0.000000  0.000000  0.000000  2.000000  
32.249899 0.014166  0.095091  -0.013375  0.995256  0.095012  0.020920  -0.096188  0.993226  0.065196  -0.014584  -0.066899  0.997653  0.000675  -0.000174  -0.000051  0.000000  0.000000  0.000000  2.000000  
32.251154 0.014172  0.095088  -0.013376  0.995236  0.095211  0.020956  -0.096393  0.993190  0.065432  -0.014584  -0.067141  0.997637  0.001015  -0.000293  -0.000122  0.000000  0.000000  0.000000  2.000000  
32.252155 0.014177  0.095088  -0.013377  0.995217  0.095413  0.020981  -0.096598  0.993163  0.065549  -0.014584  -0.067262  0.997629  0.001375  -0.000356  -0.000180  0.000000  0.000000  0.000000  2.000000  
32.253405 0.014184  0.095086  -0.013377  0.995161  0.096039  0.020779  -0.097213  0.993086  0.065803  -0.014316  -0.067504  0.997616  0.001829  -0.000439  -0.000163  0.000000  0.000000  0.000000  2.000000  
32.254416 0.014190  0.095085  -0.013378  0.995120  0.096446  0.020818  -0.097623  0.993038  0.065914  -0.014316  -0.067625  0.997608  0.002262  -0.000469  -0.000166  0.000000  0.000000  0.000000  2.000000  
32.255651 0.014197  0.095084  -0.013377  0.995040  0.097258  0.020896  -0.098442  0.992943  0.066138  -0.014316  -0.067867  0.997592  0.002688  -0.000572  -0.000137  0.000000  0.000000  0.000000  2.000000  
32.256659 0.014203  0.095082  -0.013378  0.994979  0.097869  0.020949  -0.099057  0.992874  0.066246  -0.014316  -0.067988  0.997583  0.003154  -0.000670  -0.000193  0.000000  0.000000  0.000000  2.000000  
32.257903 0.014212  0.095083  -0.013378  0.994895  0.098673  0.021160  -0.099876  0.992778  0.066456  -0.014450  -0.068230  0.997565  0.003760  -0.000643  -0.000164  0.000000  0.000000  0.000000  2.000000  
32.258906 0.014220  0.095084  -0.013376  0.994831  0.099274  0.021346  -0.100490  0.992710  0.066550  -0.014584  -0.068351  0.997555  0.004318  -0.000578  -0.000028  0.058542  -0.021103  0.178837  2.000000  
32.260154 0.014230  0.095084  -0.013373  0.994746  0.100077  0.021558  -0.101309  0.992613  0.066760  -0.014717  -0.068593  0.997536  0.004975  -0.000534  0.000185  0.066294  -0.027486  0.206179  2.000000  
32.261410 0.014240  0.095086  -0.013370  0.994662  0.100889  0.021637  -0.102128  0.992514  0.066983  -0.014717  -0.068835  0.997520  0.005690  -0.000407  0.000393  0.074008  -0.029369  0.233667  2.000000  
32.262413 0.014250  0.095088  -0.013368  0.994580  0.101711  0.021584  -0.102948  0.992413  0.067219  -0.014584  -0.069077  0.997505  0.006194  -0.000318  0.000487  0.081767  -0.026787  0.261546  2.000000  
32.263653 0.014262  0.095088  -0.013367  0.994495  0.102522  0.021664  -0.103767  0.992312  0.067442  -0.014584  -0.069319  0.997488  0.006683  -0.000285  0.000569  0.089553  -0.028709  0.289256  2.000000  
32.264656 0.014271  0.095088  -0.013365  0.994430  0.103130  0.021731  -0.104381  0.992233  0.067669  -0.014584  -0.069561  0.997471  0.007065  -0.000191  0.000715  0.097396  -0.030154  0.309928  2.000000  
32.265901 0.014282  0.095085  -0.013364  0.994344  0.103939  0.021825  -0.105200  0.992123  0.068013  -0.014584  -0.069924  0.997446  0.007469  -0.000211  0.000831  0.109242  -0.032104  0.337583  2.000000  
32.266902 0.014291  0.095083  -0.013363  0.994257  0.104748  0.021919  -0.106019  0.992012  0.068356  -0.014584  -0.070287  0.997420  0.007738  -0.000286  0.000946  0.121078  -0.034060  0.365204  2.000000  
32.267902 0.014300  0.095080  -0.013363  0.994168  0.105550  0.022133  -0.106837  0.991910  0.068564  -0.014717  -0.070529  0.997401  0.007952  -0.000449  0.000919  0.128695  -0.040959  0.399374  2.000000  
32.268902 0.014310  0.095077  -0.013363  0.994101  0.106155  0.022214  -0.107451  0.991819  0.068911  -0.014717  -0.070892  0.997375  0.008250  -0.000594  0.000972  0.140622  -0.042458  0.420070  2.000000  
32.270150 0.014320  0.095071  -0.013364  0.994013  0.106963  0.022310  -0.108270  0.991706  0.069254  -0.014717  -0.071254  0.997350  0.008473  -0.000865  0.000914  0.151218  -0.044082  0.444054  2.000000  
32.271150 0.014328  0.095065  -0.013365  0.993968  0.107366  0.022365  -0.108679  0.991645  0.069485  -0.014717  -0.071496  0.997332  0.008597  -0.001173  0.000876  0.160441  -0.045461  0.461582  2.000000  
32.272408 0.014339  0.095059  -0.013367  0.993899  0.107961  0.022579  -0.109293  0.991555  0.069817  -0.014851  -0.071859  0.997304  0.008736  -0.001574  0.000679  0.172275  -0.051450  0.481793  2.000000  
32.273410 0.014348  0.095054  -0.013369  0.993831  0.108565  0.022662  -0.109906  0.991462  0.070164  -0.014851  -0.072222  0.997278  0.008838  -0.001977  0.000490  0.184155  -0.052964  0.502362  2.000000  
32.274420 0.014358  0.095049  -0.013371  0.993763  0.109172  0.022732  -0.110520  0.991378  0.070391  -0.014851  -0.072464  0.997260  0.008933  -0.002397  0.000197  0.191948  -0.054452  0.522906  2.000000  
32.275654 0.014368  0.095042  -0.013374  0.993692  0.109766  0.022948  -0.111134  0.991286  0.070723  -0.014985  -0.072827  0.997232  0.008983  -0.002908  -0.000180  0.203892  -0.061006  0.550611  2.000000  
32.276656 0.014377  0.095038  -0.013375  0.993645  0.110159  0.023136  -0.111543  0.991224  0.070939  -0.015119  -0.073069  0.997212  0.008888  -0.003321  -0.000425  0.211874  -0.066032  0.557105  2.000000  
32.277903 0.014388  0.095032  -0.013377  0.993599  0.110559  0.023206  -0.111952  0.991153  0.071290  -0.015119  -0.073431  0.997186  0.008839  -0.003843  -0.000630  0.220045  -0.066172  0.557136  2.000000  
32.278904 0.014396  0.095027  -0.013377  0.993552  0.110964  0.023249  -0.112361  0.991099  0.071401  -0.015119  -0.073552  0.997177  0.008773  -0.004163  -0.000761  0.220002  -0.061752  0.557428  2.000000  
32.280153 0.014404  0.095019  -0.013379  0.993504  0.111354  0.023451  -0.112770  0.991028  0.071737  -0.015252  -0.073915  0.997148  0.008641  -0.004526  -0.000953  0.224022  -0.061926  0.557453  2.000000  
32.281403 0.014412  0.095011  -0.013379  0.993458  0.111756  0.023508  -0.113179  0.990965  0.071967  -0.015252  -0.074157  0.997130  0.008390  -0.004894  -0.001038  0.228001  -0.062518  0.564357  2.000000  
32.282416 0.014418  0.095004  -0.013379  0.993434  0.111954  0.023550  -0.113383  0.990924  0.072203  -0.015252  -0.074399  0.997112  0.008089  -0.005248  -0.001077  0.228041  -0.066621  0.556877  2.000000  
32.283652 0.014424  0.094995  -0.013379  0.993387  0.112357  0.023607  -0.113792  0.990861  0.072433  -0.015252  -0.074641  0.997094  0.007722  -0.005558  -0.001059  0.230338  -0.070649  0.552193  2.000000  
32.284672 0.014428  0.094987  -0.013378  0.993385  0.112344  0.023753  -0.113792  0.990853  0.072538  -0.015386  -0.074762  0.997083  0.007454  -0.005797  -0.001000  0.228396  -0.073802  0.528488  2.000000  
32.285902 0.014434  0.094977  -0.013379  0.993339  0.112746  0.023810  -0.114201  0.990789  0.072769  -0.015386  -0.075003  0.997065  0.007142  -0.005999  -0.000997  0.228823  -0.073540  0.522312  2.000000  
32.287155 0.014438  0.094966  -0.013381  0.993315  0.112944  0.023852  -0.114406  0.990748  0.073005  -0.015386  -0.075245  0.997046  0.006691  -0.006299  -0.000893  0.233045  -0.067618  0.501615  2.000000  
32.288406 0.014442  0.094956  -0.013384  0.993313  0.112929  0.024012  -0.114405  0.990731  0.073230  -0.015520  -0.075487  0.997026  0.006258  -0.006531  -0.000966  0.231418  -0.065715  0.477033  2.000000  
32.289410 0.014445  0.094947  -0.013386  0.993289  0.113127  0.024055  -0.114610  0.990690  0.073465  -0.015520  -0.075729  0.997008  0.005828  -0.006783  -0.001000  0.237567  -0.060330  0.460337  2.000000  
32.290417 0.014448  0.094939  -0.013390  0.993287  0.113111  0.024215  -0.114610  0.990674  0.073690  -0.015654  -0.075971  0.996987  0.005380  -0.007031  -0.001083  0.237879  -0.062903  0.432256  2.000000  
32.291659 0.014451  0.094928  -0.013394  0.993287  0.113105  0.024242  -0.114610  0.990656  0.073930  -0.015654  -0.076212  0.996969  0.004904  -0.007354  -0.001242  0.238414  -0.065507  0.404474  2.000000  
32.292904 0.014454  0.094917  -0.013398  0.993285  0.113089  0.024402  -0.114609  0.990639  0.074155  -0.015788  -0.076454  0.996948  0.004429  -0.007655  -0.001450  0.238830  -0.068081  0.376568  2.000000  
32.294154 0.014457  0.094907  -0.013402  0.993262  0.113284  0.024459  -0.114814  0.990589  0.074511  -0.015788  -0.076817  0.996920  0.004003  -0.007871  -0.001584  0.241116  -0.066630  0.359761  2.000000  
32.295154 0.014460  0.094899  -0.013404  0.993262  0.113281  0.024472  -0.114814  0.990580  0.074631  -0.015788  -0.076938  0.996911  0.003638  -0.008036  -0.001699  0.237395  -0.065189  0.339233  2.000000  
32.296154 0.014461  0.094890  -0.013407  0.993259  0.113265  0.024632  -0.114814  0.990563  0.074856  -0.015921  -0.077180  0.996890  0.003342  -0.008191  -0.001872  0.235909  -0.067805  0.307346  2.000000  
32.297407 0.014463  0.094879  -0.013409  0.993257  0.113248  0.024792  -0.114813  0.990546  0.075081  -0.016055  -0.077421  0.996869  0.002998  -0.008321  -0.002004  0.232184  -0.065301  0.272648  2.000000  
32.298415 0.014464  0.094870  -0.013411  0.993257  0.113245  0.024806  -0.114813  0.990537  0.075201  -0.016055  -0.077542  0.996860  0.002755  -0.008432  -0.002163  0.224284  -0.063809  0.251859  2.000000  
32.299653 0.014467  0.094860  -0.013413  0.993255  0.113229  0.024966  -0.114813  0.990519  0.075426  -0.016189  -0.077784  0.996839  0.002594  -0.008491  -0.002311  0.220703  -0.066334  0.224002  2.000000  
32.300654 0.014469  0.094852  -0.013414  0.993255  0.113226  0.024980  -0.114813  0.990510  0.075546  -0.016189  -0.077905  0.996829  0.002404  -0.008482  -0.002338  0.215056  -0.064804  0.208462  2.000000  
32.301902 0.014471  0.094843  -0.013414  0.993255  0.113220  0.025007  -0.114813  0.990492  0.075787  -0.016189  -0.078147  0.996810  0.002259  -0.008338  -0.002265  0.211324  -0.063322  0.187908  2.000000  
32.302902 0.014474  0.094836  -0.013414  0.993255  0.113217  0.025021  -0.114813  0.990483  0.075907  -0.016189  -0.078267  0.996801  0.002220  -0.008246  -0.002130  0.207626  -0.057373  0.167736  2.000000  
32.304150 0.014477  0.094829  -0.013414  0.993255  0.113211  0.025048  -0.114813  0.990464  0.076147  -0.016189  -0.078509  0.996782  0.002201  -0.008003  -0.001892  0.203887  -0.055867  0.147178  2.000000  
32.305155 0.014481  0.094823  -0.013414  0.993253  0.113197  0.025195  -0.114813  0.990456  0.076252  -0.016323  -0.078630  0.996770  0.002242  -0.007821  -0.001656  0.197852  -0.054276  0.120797  2.000000  
32.306177 0.014484  0.094818  -0.013414  0.993253  0.113194  0.025208  -0.114813  0.990447  0.076372  -0.016323  -0.078751  0.996761  0.002275  -0.007557  -0.001414  0.189770  -0.053214  0.106902  2.000000  
32.307407 0.014489  0.094813  -0.013414  0.993251  0.113178  0.025368  -0.114813  0.990430  0.076597  -0.016456  -0.078993  0.996739  0.002371  -0.007288  -0.001203  0.188423  -0.052313  0.099236  2.000000  
32.308410 0.014492  0.094808  -0.013416  0.993251  0.113175  0.025382  -0.114813  0.990420  0.076717  -0.016456  -0.079113  0.996730  0.002443  -0.007031  -0.001072  0.186205  -0.051172  0.079339  2.000000  
32.309410 0.014497  0.094803  -0.013417  0.993249  0.113158  0.025542  -0.114812  0.990403  0.076942  -0.016590  -0.079355  0.996708  0.002571  -0.006802  -0.000934  0.186308  -0.055145  0.072084  2.000000  
32.310654 0.014502  0.094797  -0.013418  0.993249  0.113155  0.025556  -0.114812  0.990394  0.077062  -0.016590  -0.079476  0.996699  0.002754  -0.006492  -0.000855  0.182462  -0.049616  0.058630  2.000000  
32.311903 0.014507  0.094791  -0.013420  0.993246  0.113138  0.025716  -0.114812  0.990376  0.077287  -0.016724  -0.079718  0.996677  0.002983  -0.006159  -0.000793  0.182692  -0.053052  0.044479  2.000000  
32.312905 0.014511  0.094787  -0.013421  0.993246  0.113132  0.025743  -0.114812  0.990357  0.077527  -0.016724  -0.079959  0.996658  0.003208  -0.005811  -0.000745  0.185335  -0.052092  0.037260  2.000000  
32.314154 0.014517  0.094781  -0.013423  0.993223  0.113329  0.025787  -0.115016  0.990315  0.077762  -0.016724  -0.080201  0.996638  0.003420  -0.005420  -0.000703  0.182878  -0.052560  0.037570  2.000000  
32.315405 0.014523  0.094776  -0.013425  0.993221  0.113312  0.025946  -0.115016  0.990298  0.077987  -0.016858  -0.080443  0.996617  0.003666  -0.005148  -0.000770  0.185447  -0.051579  0.030395  2.000000  
32.316406 0.014528  0.094772  -0.013426  0.993221  0.113309  0.025960  -0.115016  0.990288  0.078107  -0.016858  -0.080564  0.996607  0.003872  -0.004960  -0.000797  0.181521  -0.051053  0.023545  2.000000  
32.317406 0.014533  0.094768  -0.013427  0.993195  0.113496  0.026136  -0.115220  0.990247  0.078327  -0.016992  -0.080805  0.996585  0.004043  -0.004749  -0.000870  0.182985  -0.051471  0.023723  2.000000  
32.318410 0.014539  0.094765  -0.013427  0.993195  0.113493  0.026150  -0.115220  0.990238  0.078447  -0.016992  -0.080926  0.996575  0.004267  -0.004520  -0.000876  0.178907  -0.051475  0.023714  2.000000  
32.319653 0.014546  0.094762  -0.013426  0.993195  0.113487  0.026178  -0.115220  0.990218  0.078687  -0.016992  -0.081168  0.996556  0.004429  -0.004332  -0.000785  0.177575  -0.050526  0.016669  2.000000  
32.320900 0.014552  0.094758  -0.013426  0.993195  0.113483  0.026191  -0.115220  0.990209  0.078807  -0.016992  -0.081289  0.996546  0.004566  -0.004088  -0.000791  0.173551  -0.046089  0.017013  2.000000  
32.321902 0.014557  0.094757  -0.013425  0.993195  0.113480  0.026205  -0.115220  0.990199  0.078927  -0.016992  -0.081410  0.996536  0.004699  -0.003871  -0.000710  0.000000  0.000000  0.000000  2.000000  
32.322907 0.014562  0.094754  -0.013425  0.993171  0.113678  0.026249  -0.115425  0.990157  0.079162  -0.016992  -0.081651  0.996516  0.004794  -0.003698  -0.000664  0.000000  0.000000  0.000000  2.000000  
32.324155 0.014568  0.094752  -0.013424  0.993171  0.113675  0.026263  -0.115425  0.990147  0.079282  -0.016992  -0.081772  0.996506  0.004831  -0.003434  -0.000505  0.000000  0.000000  0.000000  2.000000  
32.325411 0.014573  0.094750  -0.013424  0.993147  0.113875  0.026293  -0.115629  0.990114  0.079397  -0.016992  -0.081893  0.996496  0.004843  -0.003199  -0.000409  0.000000  0.000000  0.000000  2.000000  
32.326654 0.014579  0.094748  -0.013424  0.993147  0.113872  0.026307  -0.115629  0.990104  0.079517  -0.016992  -0.082014  0.996486  0.004880  -0.002935  -0.000250  0.000000  0.000000  0.000000  2.000000  
32.327654 0.014584  0.094747  -0.013424  0.993147  0.113869  0.026321  -0.115629  0.990095  0.079637  -0.016992  -0.082135  0.996476  0.004901  -0.002740  -0.000128  0.000000  0.000000  0.000000  2.000000  
32.328904 0.014588  0.094745  -0.013424  0.993147  0.113862  0.026348  -0.115629  0.990075  0.079877  -0.016992  -0.082377  0.996456  0.004857  -0.002470  -0.000051  0.000000  0.000000  0.000000  2.000000  
32.330154 0.014593  0.094742  -0.013425  0.993147  0.113859  0.026362  -0.115629  0.990066  0.079997  -0.016992  -0.082497  0.996446  0.004744  -0.002269  -0.000004  0.000000  0.000000  0.000000  2.000000  
32.331406 0.014598  0.094739  -0.013428  0.993147  0.113856  0.026376  -0.115629  0.990056  0.080118  -0.016992  -0.082618  0.996436  0.004601  -0.002160  -0.000070  0.000000  0.000000  0.000000  2.000000  
32.332652 0.014602  0.094736  -0.013430  0.993147  0.113850  0.026403  -0.115629  0.990037  0.080358  -0.016992  -0.082860  0.996416  0.004412  -0.002117  -0.000222  0.000000  0.000000  0.000000  2.000000  
32.333900 0.014605  0.094732  -0.013432  0.993147  0.113846  0.026417  -0.115629  0.990027  0.080478  -0.016992  -0.082981  0.996406  0.004236  -0.002097  -0.000393  0.000000  0.000000  0.000000  2.000000  
32.334902 0.014608  0.094729  -0.013434  0.993149  0.113851  0.026312  -0.115630  0.990006  0.080733  -0.016858  -0.083223  0.996388  0.004080  -0.002134  -0.000512  0.000000  0.000000  0.000000  2.000000  
32.336150 0.014611  0.094725  -0.013436  0.993149  0.113848  0.026326  -0.115630  0.989996  0.080853  -0.016858  -0.083344  0.996378  0.003819  -0.002232  -0.000708  0.000000  0.000000  0.000000  2.000000  
32.337152 0.014613  0.094721  -0.013437  0.993149  0.113845  0.026340  -0.115630  0.989986  0.080974  -0.016858  -0.083465  0.996368  0.003642  -0.002337  -0.000858  0.000000  0.000000  0.000000  2.000000  
32.338152 0.014615  0.094717  -0.013439  0.993149  0.113841  0.026354  -0.115630  0.989977  0.081094  -0.016858  -0.083585  0.996358  0.003468  -0.002442  -0.000924  0.000000  0.000000  0.000000  2.000000  
32.339410 0.014618  0.094713  -0.013440  0.993149  0.113838  0.026368  -0.115630  0.989967  0.081214  -0.016858  -0.083706  0.996348  0.003236  -0.002533  -0.001049  0.000000  0.000000  0.000000  2.000000  
32.340681 0.014619  0.094709  -0.013441  0.993175  0.113642  0.026232  -0.115425  0.989979  0.081355  -0.016724  -0.083827  0.996340  0.002932  -0.002721  -0.001230  0.000000  0.000000  0.000000  2.000000  
32.341904 0.014621  0.094706  -0.013442  0.993175  0.113639  0.026246  -0.115425  0.989969  0.081475  -0.016724  -0.083948  0.996330  0.002668  -0.002823  -0.001279  0.000000  0.000000  0.000000  2.000000  
32.343157 0.014622  0.094702  -0.013444  0.993175  0.113639  0.026246  -0.115425  0.989969  0.081475  -0.016724  -0.083948  0.996330  0.002412  -0.002959  -0.001382  0.000000  0.000000  0.000000  2.000000  
32.344417 0.014622  0.094699  -0.013446  0.993199  0.113432  0.026243  -0.115221  0.989983  0.081600  -0.016724  -0.084069  0.996320  0.002087  -0.003014  -0.001433  0.000000  0.000000  0.000000  2.000000  
32.345654 0.014623  0.094696  -0.013447  0.993199  0.113429  0.026257  -0.115221  0.989973  0.081720  -0.016724  -0.084190  0.996309  0.001861  -0.003016  -0.001365  0.000000  0.000000  0.000000  2.000000  
32.346655 0.014623  0.094694  -0.013448  0.993223  0.113225  0.026240  -0.115016  0.989996  0.081726  -0.016724  -0.084190  0.996309  0.001615  -0.003040  -0.001362  0.000000  0.000000  0.000000  2.000000  
32.347903 0.014622  0.094690  -0.013450  0.993223  0.113222  0.026254  -0.115016  0.989986  0.081846  -0.016724  -0.084311  0.996299  0.001305  -0.003037  -0.001363  0.000000  0.000000  0.000000  2.000000  
32.349153 0.014621  0.094686  -0.013452  0.993246  0.113018  0.026237  -0.114812  0.990009  0.081851  -0.016724  -0.084311  0.996299  0.000998  -0.002995  -0.001306  0.000000  0.000000  0.000000  2.000000  
32.350156 0.014620  0.094683  -0.013454  0.993246  0.113015  0.026251  -0.114812  0.989999  0.081971  -0.016724  -0.084432  0.996289  0.000747  -0.003018  -0.001301  0.000000  0.000000  0.000000  2.000000  
32.351159 0.014620  0.094680  -0.013456  0.993270  0.112811  0.026234  -0.114608  0.990023  0.081977  -0.016724  -0.084432  0.996289  0.000572  -0.002985  -0.001291  0.000000  0.000000  0.000000  2.000000  
32.352411 0.014619  0.094676  -0.013459  0.993270  0.112808  0.026247  -0.114608  0.990013  0.082097  -0.016724  -0.084552  0.996279  0.000313  -0.002935  -0.001397  0.000000  0.000000  0.000000  2.000000  
32.353652 0.014618  0.094672  -0.013461  0.993294  0.112601  0.026244  -0.114403  0.990026  0.082222  -0.016724  -0.084673  0.996268  0.000140  -0.002922  -0.001455  0.000000  0.000000  0.000000  2.000000  
32.354653 0.014617  0.094669  -0.013463  0.993294  0.112598  0.026258  -0.114403  0.990016  0.082342  -0.016724  -0.084794  0.996258  -0.000021  -0.002897  -0.001486  0.000000  0.000000  0.000000  2.000000  
32.355900 0.014617  0.094664  -0.013466  0.993317  0.112394  0.026241  -0.114199  0.990039  0.082348  -0.016724  -0.084794  0.996258  -0.000197  -0.002965  -0.001666  0.000000  0.000000  0.000000  2.000000  
32.356910 0.014616  0.094661  -0.013469  0.993317  0.112391  0.026254  -0.114199  0.990029  0.082468  -0.016724  -0.084915  0.996248  -0.000318  -0.002937  -0.001790  0.000000  0.000000  0.000000  2.000000  
32.358163 0.014616  0.094658  -0.013472  0.993341  0.112187  0.026237  -0.113994  0.990052  0.082473  -0.016724  -0.084915  0.996248  -0.000434  -0.002945  -0.001926  0.000000  0.000000  0.000000  2.000000  
32.359409 0.014615  0.094656  -0.013475  0.993341  0.112184  0.026251  -0.113994  0.990042  0.082593  -0.016724  -0.085036  0.996238  -0.000457  -0.002906  -0.001968  0.000000  0.000000  0.000000  2.000000  
32.360655 0.014615  0.094653  -0.013478  0.993341  0.112184  0.026251  -0.113994  0.990042  0.082593  -0.016724  -0.085036  0.996238  -0.000509  -0.002844  -0.002040  0.000000  0.000000  0.000000  2.000000  
32.361904 0.014615  0.094651  -0.013480  0.993364  0.111980  0.026234  -0.113790  0.990065  0.082599  -0.016724  -0.085036  0.996238  -0.000498  -0.002737  -0.002088  0.000000  0.000000  0.000000  2.000000  
32.362905 0.014615  0.094650  -0.013481  0.993364  0.111980  0.026234  -0.113790  0.990065  0.082599  -0.016724  -0.085036  0.996238  -0.000468  -0.002595  -0.002072  0.000000  0.000000  0.000000  2.000000  
32.364157 0.014615  0.094649  -0.013483  0.993364  0.111977  0.026248  -0.113790  0.990055  0.082719  -0.016724  -0.085157  0.996227  -0.000438  -0.002453  -0.002057  0.000000  0.000000  0.000000  2.000000  
32.365406 0.014615  0.094648  -0.013485  0.993388  0.111773  0.026231  -0.113585  0.990078  0.082724  -0.016724  -0.085157  0.996227  -0.000355  -0.002201  -0.002056  0.000000  0.000000  0.000000  2.000000  
32.366650 0.014615  0.094648  -0.013488  0.993388  0.111773  0.026231  -0.113585  0.990078  0.082724  -0.016724  -0.085157  0.996227  -0.000292  -0.001983  -0.002118  0.000000  0.000000  0.000000  2.000000  
32.367652 0.014615  0.094648  -0.013490  0.993388  0.111773  0.026231  -0.113585  0.990078  0.082724  -0.016724  -0.085157  0.996227  -0.000215  -0.001785  -0.002084  0.000000  0.000000  0.000000  2.000000  
32.368655 0.014616  0.094648  -0.013492  0.993388  0.111773  0.026231  -0.113585  0.990078  0.082724  -0.016724  -0.085157  0.996227  -0.000159  -0.001532  -0.002088  0.000000  0.000000  0.000000  2.000000  
32.369904 0.014616  0.094649  -0.013495  0.993388  0.111773  0.026231  -0.113585  0.990078  0.082724  -0.016724  -0.085157  0.996227  -0.000055  -0.001223  -0.002075  0.000000  0.000000  0.000000  2.000000  
32.371153 0.014617  0.094649  -0.013497  0.993388  0.111770  0.026244  -0.113585  0.990068  0.082844  -0.016724  -0.085277  0.996217  0.000028  -0.000956  -0.002041  0.000000  0.000000  0.000000  2.000000  
32.372404 0.014618  0.094650  -0.013500  0.993388  0.111770  0.026244  -0.113585  0.990068  0.082844  -0.016724  -0.085277  0.996217  0.000140  -0.000678  -0.002017  0.000000  0.000000  0.000000  2.000000  
32.373410 0.014619  0.094651  -0.013502  0.993388  0.111770  0.026244  -0.113585  0.990068  0.082844  -0.016724  -0.085277  0.996217  0.000245  -0.000404  -0.001987  0.000000  0.000000  0.000000  2.000000  
32.374418 0.014620  0.094652  -0.013505  0.993388  0.111770  0.026244  -0.113585  0.990068  0.082844  -0.016724  -0.085277  0.996217  0.000362  -0.000211  -0.002004  0.000000  0.000000  0.000000  2.000000  
32.375654 0.014622  0.094652  -0.013508  0.993364  0.111974  0.026261  -0.113790  0.990045  0.082839  -0.016724  -0.085277  0.996217  0.000452  -0.000050  -0.002051  0.000000  0.000000  0.000000  2.000000  
32.376904 0.014623  0.094653  -0.013512  0.993364  0.111974  0.026261  -0.113790  0.990045  0.082839  -0.016724  -0.085277  0.996217  0.000546  0.000137  -0.002177  0.000000  0.000000  0.000000  2.000000  
32.378154 0.014625  0.094654  -0.013515  0.993364  0.111974  0.026261  -0.113790  0.990045  0.082839  -0.016724  -0.085277  0.996217  0.000655  0.000239  -0.002200  0.000000  0.000000  0.000000  2.000000  
32.379155 0.014626  0.094655  -0.013517  0.993364  0.111974  0.026261  -0.113790  0.990045  0.082839  -0.016724  -0.085277  0.996217  0.000782  0.000426  -0.002256  0.000000  0.000000  0.000000  2.000000  
32.380155 0.014628  0.094656  -0.013521  0.993364  0.111974  0.026261  -0.113790  0.990045  0.082839  -0.016724  -0.085277  0.996217  0.000883  0.000509  -0.002377  0.000000  0.000000  0.000000  2.000000  
32.381406 0.014630  0.094658  -0.013523  0.993341  0.112177  0.026278  -0.113994  0.990022  0.082833  -0.016724  -0.085277  0.996217  0.001010  0.000651  -0.002335  0.000000  0.000000  0.000000  2.000000  
32.382407 0.014631  0.094659  -0.013525  0.993341  0.112177  0.026278  -0.113994  0.990022  0.082833  -0.016724  -0.085277  0.996217  0.001075  0.000758  -0.002388  0.000000  0.000000  0.000000  2.000000  
32.383409 0.014633  0.094661  -0.013528  0.993341  0.112174  0.026292  -0.113994  0.990012  0.082954  -0.016724  -0.085398  0.996207  0.001151  0.000837  -0.002432  0.000000  0.000000  0.000000  2.000000  
32.384417 0.014634  0.094662  -0.013530  0.993341  0.112174  0.026292  -0.113994  0.990012  0.082954  -0.016724  -0.085398  0.996207  0.001213  0.000896  -0.002385  0.000000  0.000000  0.000000  2.000000  
32.385656 0.014635  0.094664  -0.013532  0.993317  0.112381  0.026295  -0.114199  0.989999  0.082828  -0.016724  -0.085277  0.996217  0.001234  0.000954  -0.002374  0.000000  0.000000  0.000000  2.000000  
32.386906 0.014637  0.094665  -0.013534  0.993317  0.112381  0.026295  -0.114199  0.989999  0.082828  -0.016724  -0.085277  0.996217  0.001297  0.001013  -0.002329  0.000000  0.000000  0.000000  2.000000  
32.388151 0.014639  0.094666  -0.013536  0.993317  0.112381  0.026295  -0.114199  0.989999  0.082828  -0.016724  -0.085277  0.996217  0.001319  0.001023  -0.002308  0.000000  0.000000  0.000000  2.000000  
32.389151 0.014640  0.094668  -0.013538  0.993317  0.112381  0.026295  -0.114199  0.989999  0.082828  -0.016724  -0.085277  0.996217  0.001316  0.001086  -0.002218  0.000000  0.000000  0.000000  2.000000  
32.390157 0.014641  0.094668  -0.013540  0.993317  0.112381  0.026295  -0.114199  0.989999  0.082828  -0.016724  -0.085277  0.996217  0.001282  0.001082  -0.002198  0.000000  0.000000  0.000000  2.000000  
32.391406 0.014641  0.094668  -0.013543  0.993294  0.112585  0.026312  -0.114403  0.989976  0.082823  -0.016724  -0.085277  0.996217  0.001230  0.001034  -0.002184  0.000000  0.000000  0.000000  2.000000  
32.392414 0.014642  0.094668  -0.013546  0.993294  0.112585  0.026312  -0.114403  0.989976  0.082823  -0.016724  -0.085277  0.996217  0.001216  0.000974  -0.002143  0.000000  0.000000  0.000000  2.000000  
32.393672 0.014643  0.094669  -0.013548  0.993294  0.112585  0.026312  -0.114403  0.989976  0.082823  -0.016724  -0.085277  0.996217  0.001160  0.000951  -0.002086  0.000000  0.000000  0.000000  2.000000  
32.394904 0.014644  0.094668  -0.013550  0.993294  0.112585  0.026312  -0.114403  0.989976  0.082823  -0.016724  -0.085277  0.996217  0.001084  0.000849  -0.001996  0.000000  0.000000  0.000000  2.000000  
32.396156 0.014645  0.094668  -0.013553  0.993291  0.112574  0.026445  -0.114403  0.989977  0.082807  -0.016858  -0.085277  0.996215  0.001012  0.000705  -0.002044  0.000000  0.000000  0.000000  2.000000  
32.397408 0.014645  0.094668  -0.013555  0.993291  0.112574  0.026445  -0.114403  0.989977  0.082807  -0.016858  -0.085277  0.996215  0.000957  0.000571  -0.001980  0.000000  0.000000  0.000000  2.000000  
32.398408 0.014646  0.094668  -0.013556  0.993268  0.112778  0.026462  -0.114607  0.989954  0.082802  -0.016858  -0.085277  0.996215  0.000867  0.000484  -0.001905  0.000000  0.000000  0.000000  2.000000  
32.399652 0.014646  0.094667  -0.013559  0.993268  0.112778  0.026462  -0.114607  0.989954  0.082802  -0.016858  -0.085277  0.996215  0.000765  0.000298  -0.001919  0.000000  0.000000  0.000000  2.000000  
32.400653 0.014646  0.094666  -0.013560  0.993268  0.112778  0.026462  -0.114607  0.989954  0.082802  -0.016858  -0.085277  0.996215  0.000722  0.000154  -0.001902  0.000000  0.000000  0.000000  2.000000  
32.401900 0.014646  0.094664  -0.013563  0.993268  0.112778  0.026462  -0.114607  0.989954  0.082802  -0.016858  -0.085277  0.996215  0.000576  -0.000066  -0.001907  0.000000  0.000000  0.000000  2.000000  
32.402905 0.014646  0.094664  -0.013563  0.993268  0.112778  0.026462  -0.114607  0.989954  0.082802  -0.016858  -0.085277  0.996215  0.000465  -0.000196  -0.001829  0.000000  0.000000  0.000000  2.000000  
32.403925 0.014646  0.094663  -0.013565  0.993268  0.112778  0.026462  -0.114607  0.989954  0.082802  -0.016858  -0.085277  0.996215  0.000423  -0.000333  -0.001802  0.000000  0.000000  0.000000  2.000000  
32.405157 0.014646  0.094662  -0.013565  0.993268  0.112778  0.026462  -0.114607  0.989954  0.082802  -0.016858  -0.085277  0.996215  0.000341  -0.000430  -0.001684  0.000000  0.000000  0.000000  2.000000  
32.406157 0.014645  0.094661  -0.013566  0.993268  0.112778  0.026462  -0.114607  0.989954  0.082802  -0.016858  -0.085277  0.996215  0.000277  -0.000503  -0.001518  0.000000  0.000000  0.000000  2.000000  
32.407407 0.014645  0.094660  -0.013566  0.993268  0.112778  0.026462  -0.114607  0.989954  0.082802  -0.016858  -0.085277  0.996215  0.000217  -0.000541  -0.001389  0.000000  0.000000  0.000000  2.000000  
32.408409 0.014645  0.094659  -0.013567  0.993268  0.112778  0.026462  -0.114607  0.989954  0.082802  -0.016858  -0.085277  0.996215  0.000132  -0.000650  -0.001281  0.000000  0.000000  0.000000  2.000000  
32.409413 0.014645  0.094659  -0.013567  0.993268  0.112778  0.026462  -0.114607  0.989954  0.082802  -0.016858  -0.085277  0.996215  0.000117  -0.000658  -0.001171  0.000000  0.000000  0.000000  2.000000  
32.410416 0.014645  0.094658  -0.013568  0.993244  0.112981  0.026479  -0.114812  0.989931  0.082796  -0.016858  -0.085277  0.996215  0.000051  -0.000688  -0.001095  0.000000  0.000000  0.000000  2.000000  
32.411654 0.014645  0.094657  -0.013568  0.993244  0.112981  0.026479  -0.114812  0.989931  0.082796  -0.016858  -0.085277  0.996215  0.000037  -0.000720  -0.000941  0.000000  0.000000  0.000000  2.000000  
32.412654 0.014646  0.094657  -0.013568  0.993244  0.112981  0.026479  -0.114812  0.989931  0.082796  -0.016858  -0.085277  0.996215  0.000001  -0.000721  -0.000839  0.000000  0.000000  0.000000  2.000000  
32.413654 0.014645  0.094656  -0.013569  0.993244  0.112981  0.026479  -0.114812  0.989931  0.082796  -0.016858  -0.085277  0.996215  -0.000042  -0.000735  -0.000808  0.000000  0.000000  0.000000  2.000000  
32.414656 0.014646  0.094656  -0.013569  0.993244  0.112981  0.026479  -0.114812  0.989931  0.082796  -0.016858  -0.085277  0.996215  0.000007  -0.000731  -0.000638  0.000000  0.000000  0.000000  2.000000  
32.415900 0.014646  0.094655  -0.013569  0.993244  0.112981  0.026479  -0.114812  0.989931  0.082796  -0.016858  -0.085277  0.996215  0.000014  -0.000683  -0.000527  0.000000  0.000000  0.000000  2.000000  
32.417153 0.014646  0.094654  -0.013569  0.993244  0.112981  0.026479  -0.114812  0.989931  0.082796  -0.016858  -0.085277  0.996215  0.000033  -0.000673  -0.000418  0.000000  0.000000  0.000000  2.000000  
32.418158 0.014647  0.094654  -0.013569  0.993244  0.112981  0.026479  -0.114812  0.989931  0.082796  -0.016858  -0.085277  0.996215  0.000041  -0.000647  -0.000323  0.000000  0.000000  0.000000  2.000000  
32.419402 0.014647  0.094654  -0.013568  0.993244  0.112981  0.026479  -0.114812  0.989931  0.082796  -0.016858  -0.085277  0.996215  0.000059  -0.000604  -0.000257  0.000000  0.000000  0.000000  2.000000  
32.420403 0.014647  0.094654  -0.013568  0.993244  0.112981  0.026479  -0.114812  0.989931  0.082796  -0.016858  -0.085277  0.996215  0.000143  -0.000521  -0.000153  0.000000  0.000000  0.000000  2.000000  
32.421403 0.014648  0.094654  -0.013568  0.993244  0.112978  0.026493  -0.114812  0.989921  0.082917  -0.016858  -0.085398  0.996204  0.000161  -0.000457  -0.000138  0.000000  0.000000  0.000000  2.000000  
32.422406 0.014648  0.094654  -0.013567  0.993244  0.112978  0.026493  -0.114812  0.989921  0.082917  -0.016858  -0.085398  0.996204  0.000211  -0.000395  -0.000055  0.000000  0.000000  0.000000  2.000000  
32.423653 0.014649  0.094654  -0.013567  0.993221  0.113182  0.026510  -0.115016  0.989897  0.082911  -0.016858  -0.085398  0.996204  0.000255  -0.000311  0.000019  0.000000  0.000000  0.000000  2.000000  
32.424907 0.014649  0.094655  -0.013566  0.993221  0.113182  0.026510  -0.115016  0.989897  0.082911  -0.016858  -0.085398  0.996204  0.000252  -0.000223  0.000061  0.000000  0.000000  0.000000  2.000000  
32.426151 0.014650  0.094656  -0.013565  0.993221  0.113182  0.026510  -0.115016  0.989897  0.082911  -0.016858  -0.085398  0.996204  0.000319  -0.000101  0.000156  0.000000  0.000000  0.000000  2.000000  
32.427153 0.014650  0.094657  -0.013565  0.993221  0.113182  0.026510  -0.115016  0.989897  0.082911  -0.016858  -0.085398  0.996204  0.000304  -0.000011  0.000236  0.000000  0.000000  0.000000  2.000000  
32.428405 0.014651  0.094658  -0.013564  0.993221  0.113182  0.026510  -0.115016  0.989897  0.082911  -0.016858  -0.085398  0.996204  0.000376  0.000131  0.000283  0.000000  0.000000  0.000000  2.000000  
32.429406 0.014651  0.094659  -0.013563  0.993221  0.113182  0.026510  -0.115016  0.989897  0.082911  -0.016858  -0.085398  0.996204  0.000362  0.000221  0.000364  0.000000  0.000000  0.000000  2.000000  
32.430651 0.014652  0.094661  -0.013563  0.993221  0.113182  0.026510  -0.115016  0.989897  0.082911  -0.016858  -0.085398  0.996204  0.000385  0.000370  0.000424  0.000000  0.000000  0.000000  2.000000  
32.431652 0.014652  0.094661  -0.013563  0.993221  0.113182  0.026510  -0.115016  0.989897  0.082911  -0.016858  -0.085398  0.996204  0.000395  0.000454  0.000427  0.000000  0.000000  0.000000  2.000000  
32.432653 0.014652  0.094662  -0.013562  0.993221  0.113182  0.026510  -0.115016  0.989897  0.082911  -0.016858  -0.085398  0.996204  0.000393  0.000566  0.000419  0.000000  0.000000  0.000000  2.000000  
32.433907 0.014653  0.094663  -0.013562  0.993221  0.113182  0.026510  -0.115016  0.989897  0.082911  -0.016858  -0.085398  0.996204  0.000403  0.000650  0.000421  0.000000  0.000000  0.000000  2.000000  
32.435159 0.014653  0.094664  -0.013562  0.993221  0.113182  0.026510  -0.115016  0.989897  0.082911  -0.016858  -0.085398  0.996204  0.000391  0.000678  0.000411  0.000000  0.000000  0.000000  2.000000  
32.436400 0.014654  0.094664  -0.013562  0.993221  0.113182  0.026510  -0.115016  0.989897  0.082911  -0.016858  -0.085398  0.996204  0.000386  0.000690  0.000356  0.000000  0.000000  0.000000  2.000000  
32.437400 0.014654  0.094665  -0.013562  0.993221  0.113182  0.026510  -0.115016  0.989897  0.082911  -0.016858  -0.085398  0.996204  0.000364  0.000744  0.000336  0.000000  0.000000  0.000000  2.000000  
32.438411 0.014654  0.094666  -0.013562  0.993197  0.113386  0.026527  -0.115221  0.989874  0.082906  -0.016858  -0.085398  0.996204  0.000370  0.000756  0.000342  0.000000  0.000000  0.000000  2.000000  
32.439659 0.014655  0.094666  -0.013561  0.993197  0.113386  0.026527  -0.115221  0.989874  0.082906  -0.016858  -0.085398  0.996204  0.000393  0.000725  0.000312  0.000000  0.000000  0.000000  2.000000  
32.440904 0.014655  0.094667  -0.013561  0.993197  0.113386  0.026527  -0.115221  0.989874  0.082906  -0.016858  -0.085398  0.996204  0.000351  0.000723  0.000280  0.000000  0.000000  0.000000  2.000000  
32.441904 0.014656  0.094667  -0.013561  0.993197  0.113386  0.026527  -0.115221  0.989874  0.082906  -0.016858  -0.085398  0.996204  0.000374  0.000692  0.000250  0.000000  0.000000  0.000000  2.000000  
32.443154 0.014656  0.094668  -0.013561  0.993197  0.113386  0.026527  -0.115221  0.989874  0.082906  -0.016858  -0.085398  0.996204  0.000353  0.000635  0.000238  0.000000  0.000000  0.000000  2.000000  
32.444155 0.014656  0.094668  -0.013561  0.993197  0.113386  0.026527  -0.115221  0.989874  0.082906  -0.016858  -0.085398  0.996204  0.000334  0.000602  0.000175  0.000000  0.000000  0.000000  2.000000  
32.445156 0.014656  0.094669  -0.013560  0.993197  0.113386  0.026527  -0.115221  0.989874  0.082906  -0.016858  -0.085398  0.996204  0.000345  0.000574  0.000186  0.000000  0.000000  0.000000  2.000000  
32.446156 0.014656  0.094669  -0.013560  0.993197  0.113386  0.026527  -0.115221  0.989874  0.082906  -0.016858  -0.085398  0.996204  0.000281  0.000491  0.000190  0.000000  0.000000  0.000000  2.000000  
32.447406 0.014656  0.094669  -0.013560  0.993221  0.113182  0.026510  -0.115016  0.989897  0.082911  -0.016858  -0.085398  0.996204  0.000260  0.000434  0.000177  0.000000  0.000000  0.000000  2.000000  
32.448407 0.014657  0.094669  -0.013559  0.993221  0.113185  0.026496  -0.115016  0.989908  0.082791  -0.016858  -0.085277  0.996215  0.000260  0.000434  0.000177  0.000000  0.000000  0.000000  2.000000  
32.449656 0.014657  0.094669  -0.013559  0.993221  0.113185  0.026496  -0.115016  0.989908  0.082791  -0.016858  -0.085277  0.996215  0.000251  0.000350  0.000174  0.000000  0.000000  0.000000  2.000000  
32.450904 0.014657  0.094669  -0.013559  0.993221  0.113185  0.026496  -0.115016  0.989908  0.082791  -0.016858  -0.085277  0.996215  0.000206  0.000300  0.000241  0.000000  0.000000  0.000000  2.000000  
32.451918 0.014657  0.094668  -0.013559  0.993221  0.113185  0.026496  -0.115016  0.989908  0.082791  -0.016858  -0.085277  0.996215  0.000197  0.000215  0.000238  0.000000  0.000000  0.000000  2.000000  
32.453154 0.014657  0.094668  -0.013558  0.993221  0.113182  0.026510  -0.115016  0.989897  0.082911  -0.016858  -0.085398  0.996204  0.000174  0.000156  0.000222  0.000000  0.000000  0.000000  2.000000  
32.454416 0.014657  0.094668  -0.013558  0.993221  0.113182  0.026510  -0.115016  0.989897  0.082911  -0.016858  -0.085398  0.996204  0.000145  0.000129  0.000203  0.000000  0.000000  0.000000  2.000000  
32.455652 0.014657  0.094668  -0.013558  0.993221  0.113182  0.026510  -0.115016  0.989897  0.082911  -0.016858  -0.085398  0.996204  0.000133  0.000043  0.000197  0.000000  0.000000  0.000000  2.000000  
32.456659 0.014657  0.094667  -0.013558  0.993221  0.113182  0.026510  -0.115016  0.989897  0.082911  -0.016858  -0.085398  0.996204  0.000071  -0.000039  0.000204  0.000000  0.000000  0.000000  2.000000  
32.457904 0.014657  0.094666  -0.013558  0.993221  0.113182  0.026510  -0.115016  0.989897  0.082911  -0.016858  -0.085398  0.996204  0.000050  -0.000095  0.000188  0.000000  0.000000  0.000000  2.000000  
32.458904 0.014656  0.094666  -0.013558  0.993197  0.113386  0.026527  -0.115221  0.989874  0.082906  -0.016858  -0.085398  0.996204  0.000030  -0.000153  0.000179  0.000000  0.000000  0.000000  2.000000  
32.459905 0.014656  0.094666  -0.013557  0.993197  0.113386  0.026527  -0.115221  0.989874  0.082906  -0.016858  -0.085398  0.996204  -0.000002  -0.000207  0.000206  0.000000  0.000000  0.000000  2.000000  
32.461158 0.014656  0.094665  -0.013558  0.993197  0.113389  0.026513  -0.115221  0.989884  0.082786  -0.016858  -0.085277  0.996215  -0.000022  -0.000240  0.000144  0.000000  0.000000  0.000000  2.000000  
32.462409 0.014656  0.094665  -0.013557  0.993197  0.113389  0.026513  -0.115221  0.989884  0.082786  -0.016858  -0.085277  0.996215  -0.000034  -0.000236  0.000183  0.000000  0.000000  0.000000  2.000000  
