1-Time 2-Px 3-Py 4-Pz 5-R11 6-R21 7-R31 8-R12 9-R22 10-R32 11-R13 12-R23 13-R33 14-Vx 15-Vy 16-Vz 17-Wx 18-Wy 19-Wz 20-state 21-PR11 22-PR21 23-PR31 24-PR12 25-PR22 26-PR32 27-PR13 28-PR23 29-PR33 
59.632685 0.012368  0.095574  -0.005486  0.989106  0.116380  0.090143  -0.119908  0.992176  0.034754  -0.085393  -0.045184  0.995322  0.000171  0.000185  0.000172  0.000000  0.000000  0.000000  2.000000  
59.633939 0.012368  0.095574  -0.005487  0.989081  0.116584  0.090150  -0.120112  0.992152  0.034735  -0.085393  -0.045184  0.995322  0.000216  0.000211  0.000158  0.000000  0.000000  0.000000  2.000000  
59.635184 0.012371  0.095574  -0.005486  0.988959  0.117389  0.090443  -0.120924  0.992058  0.034628  -0.085660  -0.045183  0.995299  0.000402  0.000182  0.000125  0.000000  0.000000  0.000000  2.000000  
59.636189 0.012374  0.095574  -0.005486  0.988850  0.117973  0.090875  -0.121530  0.991983  0.034644  -0.086060  -0.045302  0.995259  0.000604  0.000187  0.000151  0.000000  0.000000  0.000000  2.000000  
59.637438 0.012378  0.095573  -0.005486  0.988740  0.118556  0.091308  -0.122137  0.991908  0.034659  -0.086460  -0.045421  0.995219  0.000820  0.000074  0.000113  0.000000  0.000000  0.000000  2.000000  
59.638441 0.012382  0.095572  -0.005486  0.988667  0.118941  0.091601  -0.122541  0.991856  0.034709  -0.086726  -0.045541  0.995191  0.001083  0.000021  0.000091  0.000000  0.000000  0.000000  2.000000  
59.639442 0.012387  0.095573  -0.005486  0.988605  0.119333  0.091761  -0.122947  0.991804  0.034775  -0.086860  -0.045661  0.995174  0.001394  0.000026  0.000111  0.000000  0.000000  0.000000  2.000000  
59.640688 0.012393  0.095574  -0.005485  0.988515  0.120133  0.091687  -0.123762  0.991696  0.034957  -0.086726  -0.045903  0.995174  0.001812  0.000118  0.000164  0.000000  0.000000  0.000000  2.000000  
59.641691 0.012398  0.095575  -0.005484  0.988401  0.120933  0.091863  -0.124575  0.991593  0.034985  -0.086860  -0.046023  0.995157  0.002154  0.000153  0.000207  0.000000  0.000000  0.000000  2.000000  
59.642934 0.012405  0.095575  -0.005483  0.988261  0.121925  0.092060  -0.125591  0.991461  0.035114  -0.086993  -0.046264  0.995134  0.002571  0.000137  0.000270  0.019941  -0.044798  0.191170  2.000000  
59.643942 0.012412  0.095576  -0.005482  0.988122  0.122712  0.092500  -0.126400  0.991358  0.035108  -0.087393  -0.046383  0.995094  0.003038  0.000207  0.000367  0.021572  -0.059529  0.217998  2.000000  
59.645189 0.012422  0.095578  -0.005479  0.987919  0.123889  0.093102  -0.127614  0.991200  0.035166  -0.087926  -0.046622  0.995035  0.003673  0.000316  0.000551  0.026082  -0.083942  0.258342  2.000000  
59.646189 0.012430  0.095579  -0.005475  0.987740  0.124873  0.093681  -0.128625  0.991071  0.035122  -0.088459  -0.046741  0.994983  0.004239  0.000429  0.000775  0.027072  -0.103507  0.291904  2.000000  
59.647440 0.012441  0.095582  -0.005469  0.987533  0.126061  0.094268  -0.129839  0.990915  0.035057  -0.088992  -0.046859  0.994929  0.004883  0.000612  0.001197  0.027439  -0.123392  0.332343  2.000000  
59.648441 0.012449  0.095584  -0.005464  0.987364  0.127051  0.094715  -0.130851  0.990783  0.035027  -0.089392  -0.046978  0.994888  0.005512  0.000717  0.001523  0.028192  -0.137382  0.363223  2.000000  
59.649690 0.012460  0.095586  -0.005459  0.987178  0.128250  0.095038  -0.132067  0.990623  0.034995  -0.089658  -0.047098  0.994858  0.006063  0.000812  0.001830  0.028828  -0.153882  0.406773  2.000000  
59.650691 0.012469  0.095588  -0.005456  0.987057  0.129037  0.095230  -0.132878  0.990509  0.035139  -0.089792  -0.047339  0.994835  0.006466  0.000924  0.002061  0.034520  -0.159682  0.434023  2.000000  
59.651936 0.012480  0.095588  -0.005453  0.986856  0.130230  0.095684  -0.134093  0.990347  0.035088  -0.090191  -0.047457  0.994793  0.006942  0.001032  0.002255  0.034868  -0.175154  0.474816  2.000000  
59.653184 0.012491  0.095588  -0.005450  0.986654  0.131411  0.096155  -0.135306  0.990180  0.035156  -0.090591  -0.047697  0.994745  0.007406  0.001059  0.002447  0.039273  -0.190650  0.515563  2.000000  
59.654185 0.012501  0.095587  -0.005449  0.986438  0.132597  0.096742  -0.136518  0.990016  0.035084  -0.091124  -0.047815  0.994691  0.007761  0.000982  0.002465  0.039572  -0.215041  0.555723  2.000000  
59.655440 0.012516  0.095587  -0.005449  0.986163  0.134178  0.097359  -0.138136  0.989791  0.035091  -0.091657  -0.048054  0.994630  0.008298  0.000875  0.002449  0.042664  -0.235625  0.609839  2.000000  
59.656689 0.012529  0.095586  -0.005448  0.985902  0.135549  0.098102  -0.139549  0.989593  0.035098  -0.092323  -0.048293  0.994557  0.008747  0.000757  0.002392  0.046306  -0.260444  0.656991  2.000000  
59.657935 0.012542  0.095583  -0.005449  0.985667  0.136715  0.098837  -0.140757  0.989421  0.035122  -0.092989  -0.048531  0.994484  0.009180  0.000538  0.002303  0.050536  -0.284962  0.697274  2.000000  
59.658943 0.012552  0.095580  -0.005450  0.985485  0.137702  0.099285  -0.141767  0.989278  0.035084  -0.093389  -0.048650  0.994440  0.009399  0.000275  0.002142  0.051360  -0.300016  0.730820  2.000000  
59.660192 0.012566  0.095577  -0.005451  0.985260  0.138874  0.099888  -0.142977  0.989103  0.035125  -0.093922  -0.048888  0.994379  0.009667  -0.000081  0.001876  0.055644  -0.324532  0.771058  2.000000  
59.661442 0.012581  0.095574  -0.005452  0.985045  0.140052  0.100360  -0.144188  0.988925  0.035183  -0.094321  -0.049128  0.994329  0.009939  -0.000431  0.001422  0.059901  -0.340020  0.811581  2.000000  
59.662454 0.012591  0.095571  -0.005453  0.984901  0.140829  0.100687  -0.144996  0.988802  0.035302  -0.094588  -0.049368  0.994292  0.010033  -0.000804  0.001020  0.065430  -0.350294  0.838360  2.000000  
59.663689 0.012603  0.095565  -0.005454  0.984683  0.142018  0.101142  -0.146206  0.988626  0.035239  -0.094987  -0.049487  0.994248  0.010140  -0.001265  0.000613  0.066257  -0.365685  0.872649  2.000000  
59.664691 0.012613  0.095562  -0.005455  0.984525  0.142800  0.101583  -0.147012  0.988508  0.035216  -0.095387  -0.049605  0.994204  0.010207  -0.001686  0.000245  0.069459  -0.374993  0.878931  2.000000  
59.665939 0.012626  0.095556  -0.005457  0.984304  0.144001  0.102021  -0.148222  0.988333  0.035031  -0.095787  -0.049603  0.994165  0.010366  -0.002168  -0.000148  0.063714  -0.371262  0.892976  2.000000  
59.667189 0.012638  0.095550  -0.005459  0.984101  0.144980  0.102601  -0.149227  0.988184  0.034966  -0.096319  -0.049721  0.994108  0.010433  -0.002593  -0.000488  0.062023  -0.376519  0.906446  2.000000  
59.668440 0.012650  0.095544  -0.005461  0.983864  0.146174  0.103170  -0.150435  0.988009  0.034759  -0.096852  -0.049719  0.994056  0.010392  -0.002980  -0.000764  0.054579  -0.383671  0.925764  2.000000  
59.669686 0.012660  0.095537  -0.005463  0.983714  0.146962  0.103479  -0.151241  0.987886  0.034754  -0.097118  -0.049838  0.994024  0.010212  -0.003327  -0.000908  0.049723  -0.388687  0.932447  2.000000  
59.670689 0.012668  0.095531  -0.005465  0.983564  0.147762  0.103771  -0.152047  0.987766  0.034628  -0.097385  -0.049837  0.993998  0.009985  -0.003739  -0.001122  0.045983  -0.405345  0.939272  2.000000  
59.671934 0.012678  0.095525  -0.005469  0.983400  0.148556  0.104194  -0.152851  0.987648  0.034481  -0.097784  -0.049835  0.993959  0.009753  -0.004004  -0.001362  0.041321  -0.411111  0.931375  2.000000  
59.672937 0.012686  0.095521  -0.005472  0.983292  0.149159  0.104346  -0.153456  0.987557  0.034396  -0.097917  -0.049834  0.993946  0.009554  -0.004181  -0.001582  0.034618  -0.409727  0.926048  2.000000  
59.674184 0.012694  0.095513  -0.005479  0.983095  0.150156  0.104776  -0.154462  0.987406  0.034227  -0.098317  -0.049832  0.993907  0.009255  -0.004427  -0.001928  0.029313  -0.410881  0.924275  2.000000  
59.675184 0.012700  0.095506  -0.005484  0.982973  0.150753  0.105060  -0.155065  0.987315  0.034121  -0.098583  -0.049831  0.993880  0.008919  -0.004709  -0.002232  0.022128  -0.401428  0.910989  2.000000  
59.676189 0.012706  0.095499  -0.005490  0.982838  0.151343  0.105475  -0.155666  0.987225  0.033993  -0.098982  -0.049829  0.993841  0.008537  -0.005077  -0.002603  0.019678  -0.394771  0.898142  2.000000  
59.677192 0.012711  0.095491  -0.005498  0.982670  0.152149  0.105878  -0.156469  0.987107  0.033724  -0.099382  -0.049706  0.993807  0.008145  -0.005375  -0.003044  0.011809  -0.394452  0.891263  2.000000  
59.678445 0.012717  0.095480  -0.005508  0.982501  0.152942  0.106300  -0.157272  0.986984  0.033574  -0.099781  -0.049704  0.993767  0.007717  -0.005783  -0.003678  0.008676  -0.393787  0.877334  2.000000  
59.679689 0.012722  0.095470  -0.005517  0.982345  0.153741  0.106590  -0.158077  0.986860  0.033444  -0.100048  -0.049703  0.993740  0.007247  -0.006131  -0.004146  0.004976  -0.390310  0.863343  2.000000  
59.680693 0.012727  0.095462  -0.005524  0.982221  0.154338  0.106873  -0.158679  0.986767  0.033336  -0.100314  -0.049702  0.993714  0.006787  -0.006359  -0.004546  -0.002057  -0.392929  0.856559  2.000000  
59.681945 0.012733  0.095454  -0.005531  0.982077  0.155157  0.107013  -0.159486  0.986645  0.033107  -0.100447  -0.049580  0.993706  0.006391  -0.006514  -0.004909  -0.009065  -0.387736  0.842938  2.000000  
59.683188 0.012737  0.095444  -0.005539  0.981965  0.155772  0.107146  -0.160090  0.986554  0.032900  -0.100580  -0.049459  0.993699  0.005987  -0.006702  -0.005240  -0.022601  -0.371451  0.816506  2.000000  
59.684436 0.012742  0.095435  -0.005547  0.981839  0.156382  0.107409  -0.160692  0.986464  0.032671  -0.100846  -0.049337  0.993678  0.005578  -0.006922  -0.005746  -0.028903  -0.358347  0.789437  2.000000  
59.685532 0.012747  0.095428  -0.005554  0.981713  0.156991  0.107673  -0.161294  0.986373  0.032442  -0.101113  -0.049215  0.993657  0.005262  -0.006995  -0.005983  -0.039268  -0.351687  0.766345  2.000000  
59.686696 0.012752  0.095419  -0.005562  0.981540  0.157797  0.108074  -0.162096  0.986250  0.032168  -0.101512  -0.049093  0.993622  0.004988  -0.007207  -0.006301  -0.045940  -0.342713  0.748332  2.000000  
59.687935 0.012758  0.095411  -0.005569  0.981366  0.158616  0.108455  -0.162898  0.986131  0.031775  -0.101911  -0.048850  0.993593  0.004820  -0.007285  -0.006446  -0.061324  -0.333184  0.735258  2.000000  
59.688936 0.012762  0.095405  -0.005574  0.981251  0.159232  0.108587  -0.163501  0.986038  0.031566  -0.102044  -0.048729  0.993586  0.004660  -0.007286  -0.006439  -0.068396  -0.325702  0.722699  2.000000  
59.689936 0.012767  0.095401  -0.005579  0.981157  0.159651  0.108823  -0.163901  0.985982  0.031239  -0.102310  -0.048486  0.993570  0.004555  -0.007181  -0.006445  -0.082789  -0.320203  0.702336  2.000000  
59.691184 0.012773  0.095394  -0.005586  0.981042  0.160267  0.108954  -0.164505  0.985888  0.031030  -0.102444  -0.048365  0.993562  0.004475  -0.006985  -0.006349  -0.093093  -0.310351  0.682312  2.000000  
59.692190 0.012778  0.095389  -0.005590  0.980927  0.160896  0.109065  -0.165108  0.985797  0.030701  -0.102577  -0.048123  0.993560  0.004460  -0.006772  -0.006146  -0.104725  -0.301038  0.675869  2.000000  
59.693192 0.012783  0.095385  -0.005596  0.980811  0.161511  0.109196  -0.165712  0.985703  0.030492  -0.102710  -0.048002  0.993552  0.004483  -0.006444  -0.005958  -0.115911  -0.298067  0.661017  2.000000  
59.694444 0.012790  0.095379  -0.005602  0.980634  0.162317  0.109594  -0.166512  0.985576  0.030216  -0.103109  -0.047880  0.993517  0.004630  -0.006119  -0.005768  -0.123686  -0.293216  0.654282  2.000000  
59.695692 0.012798  0.095374  -0.005609  0.980503  0.162927  0.109855  -0.167113  0.985482  0.029984  -0.103375  -0.047758  0.993495  0.004760  -0.005888  -0.005706  -0.125921  -0.287680  0.633880  2.000000  
59.696940 0.012806  0.095368  -0.005617  0.980324  0.163746  0.110233  -0.167914  0.985358  0.029587  -0.103774  -0.047515  0.993465  0.004931  -0.005725  -0.005679  -0.137770  -0.282827  0.627244  2.000000  
59.698187 0.012816  0.095362  -0.005624  0.980145  0.164552  0.110631  -0.168714  0.985229  0.029309  -0.104174  -0.047392  0.993429  0.005216  -0.005477  -0.005654  -0.140934  -0.280461  0.622073  2.000000  
59.699188 0.012823  0.095357  -0.005630  0.980013  0.165162  0.110891  -0.169315  0.985133  0.029076  -0.104440  -0.047271  0.993407  0.005466  -0.005250  -0.005598  -0.144290  -0.277227  0.606768  2.000000  
59.700189 0.012830  0.095353  -0.005636  0.979915  0.165555  0.111165  -0.169713  0.985067  0.028985  -0.104706  -0.047269  0.993379  0.005720  -0.005089  -0.005619  -0.147866  -0.276988  0.599992  2.000000  
59.701440 0.012840  0.095348  -0.005644  0.979761  0.166373  0.111299  -0.170518  0.984935  0.028752  -0.104839  -0.047148  0.993371  0.005977  -0.004809  -0.005562  -0.152031  -0.272395  0.600074  2.000000  
59.702450 0.012849  0.095345  -0.005648  0.979663  0.166780  0.111553  -0.170916  0.984872  0.028541  -0.105105  -0.047026  0.993349  0.006226  -0.004605  -0.005505  -0.154828  -0.271619  0.586176  2.000000  
59.703686 0.012860  0.095341  -0.005654  0.979495  0.167592  0.111818  -0.171718  0.984740  0.028283  -0.105371  -0.046904  0.993326  0.006586  -0.004420  -0.005382  -0.158510  -0.269777  0.588381  2.000000  
59.704691 0.012869  0.095338  -0.005656  0.979361  0.168201  0.112076  -0.172318  0.984642  0.028049  -0.105637  -0.046783  0.993304  0.006904  -0.004218  -0.005227  -0.163376  -0.267116  0.586522  2.000000  
59.705934 0.012880  0.095336  -0.005659  0.979226  0.168824  0.112314  -0.172918  0.984547  0.027694  -0.105903  -0.046540  0.993287  0.007282  -0.003969  -0.004988  -0.169616  -0.264581  0.575035  2.000000  
59.706939 0.012891  0.095334  -0.005661  0.979113  0.169225  0.112698  -0.173314  0.984484  0.027459  -0.106303  -0.046418  0.993250  0.007589  -0.003758  -0.004801  -0.169127  -0.264151  0.568159  2.000000  
59.708189 0.012903  0.095332  -0.005665  0.978964  0.169842  0.113066  -0.173911  0.984389  0.027081  -0.106702  -0.046175  0.993218  0.007981  -0.003519  -0.004596  -0.177567  -0.261171  0.559462  2.000000  
59.709190 0.012912  0.095331  -0.005667  0.978828  0.170452  0.113324  -0.174511  0.984289  0.026845  -0.106968  -0.046053  0.993195  0.008274  -0.003304  -0.004429  -0.181775  -0.261105  0.559394  2.000000  
59.710191 0.012922  0.095330  -0.005670  0.978742  0.170878  0.113424  -0.174911  0.984227  0.026536  -0.107101  -0.045812  0.993192  0.008506  -0.003058  -0.004210  -0.189282  -0.260697  0.552522  2.000000  
59.711442 0.012934  0.095328  -0.005674  0.978605  0.171502  0.113661  -0.175510  0.984129  0.026181  -0.107367  -0.045569  0.993175  0.008736  -0.002727  -0.003954  -0.191904  -0.258433  0.547967  2.000000  
59.712452 0.012943  0.095328  -0.005676  0.978505  0.171909  0.113912  -0.175908  0.984064  0.025968  -0.107633  -0.045447  0.993151  0.008899  -0.002454  -0.003741  -0.195362  -0.262551  0.540987  2.000000  
59.713692 0.012956  0.095327  -0.005679  0.978367  0.172518  0.114169  -0.176507  0.983963  0.025731  -0.107899  -0.045326  0.993128  0.009089  -0.002149  -0.003485  -0.196361  -0.264268  0.538483  2.000000  
59.714695 0.012965  0.095327  -0.005682  0.978281  0.172945  0.114268  -0.176908  0.983899  0.025421  -0.108032  -0.045084  0.993125  0.009256  -0.001815  -0.003181  -0.199794  -0.263851  0.531667  2.000000  
59.715943 0.012977  0.095327  -0.005684  0.978128  0.173549  0.114655  -0.177504  0.983798  0.025160  -0.108431  -0.044962  0.993087  0.009431  -0.001506  -0.002877  -0.198420  -0.266190  0.527331  2.000000  
59.717193 0.012989  0.095326  -0.005688  0.977990  0.174159  0.114911  -0.178103  0.983696  0.024922  -0.108697  -0.044840  0.993063  0.009533  -0.001292  -0.002678  -0.195404  -0.258891  0.525083  2.000000  
59.718451 0.013001  0.095324  -0.005692  0.977837  0.174762  0.115297  -0.178699  0.983595  0.024661  -0.109096  -0.044717  0.993025  0.009560  -0.001092  -0.002615  -0.190726  -0.262893  0.517887  2.000000  
59.719690 0.013012  0.095322  -0.005697  0.977734  0.175170  0.115547  -0.179096  0.983528  0.024446  -0.109362  -0.044596  0.993001  0.009548  -0.001062  -0.002698  -0.186104  -0.262539  0.511171  2.000000  
59.720700 0.013021  0.095322  -0.005701  0.977632  0.175577  0.115798  -0.179494  0.983461  0.024231  -0.109628  -0.044474  0.992977  0.009499  -0.000953  -0.002824  -0.185395  -0.266532  0.503891  2.000000  
59.721936 0.013032  0.095320  -0.005706  0.977506  0.176192  0.115922  -0.180095  0.983356  0.024016  -0.109761  -0.044353  0.992968  0.009411  -0.000933  -0.002972  -0.184040  -0.264424  0.500047  2.000000  
59.722937 0.013040  0.095319  -0.005709  0.977455  0.176389  0.116057  -0.180293  0.983321  0.023968  -0.109894  -0.044352  0.992953  0.009320  -0.000893  -0.002998  -0.176044  -0.265969  0.490567  2.000000  
59.724189 0.013051  0.095318  -0.005713  0.977314  0.177013  0.116290  -0.180892  0.983220  0.023610  -0.110160  -0.044110  0.992935  0.009211  -0.000831  -0.003008  -0.178725  -0.263619  0.486433  2.000000  
59.725440 0.013061  0.095317  -0.005716  0.977225  0.177426  0.116409  -0.181291  0.983151  0.023418  -0.110293  -0.043989  0.992925  0.009104  -0.000785  -0.002998  -0.177399  -0.254029  0.473248  2.000000  
59.726688 0.013071  0.095317  -0.005718  0.977121  0.177833  0.116659  -0.181688  0.983082  0.023203  -0.110559  -0.043867  0.992901  0.008970  -0.000755  -0.002967  -0.176826  -0.249203  0.466652  2.000000  
59.727693 0.013078  0.095316  -0.005720  0.977032  0.178246  0.116777  -0.182088  0.983013  0.023011  -0.110692  -0.043746  0.992892  0.008821  -0.000797  -0.002905  -0.172830  -0.241530  0.457148  2.000000  
59.728939 0.013086  0.095316  -0.005722  0.976928  0.178668  0.117004  -0.182485  0.982947  0.022676  -0.110958  -0.043504  0.992872  0.008559  -0.000812  -0.002802  -0.175578  -0.240868  0.443529  2.000000  
59.730189 0.013094  0.095315  -0.005725  0.976823  0.179076  0.117253  -0.182882  0.982878  0.022459  -0.111224  -0.043382  0.992848  0.008283  -0.000786  -0.002801  -0.178281  -0.238837  0.439840  2.000000  
59.731189 0.013101  0.095316  -0.005726  0.976771  0.179286  0.117367  -0.183080  0.982845  0.022291  -0.111357  -0.043261  0.992838  0.008085  -0.000752  -0.002732  -0.177606  -0.239865  0.422964  2.000000  
59.732453 0.013108  0.095315  -0.005729  0.976681  0.179700  0.117485  -0.183479  0.982775  0.022099  -0.111490  -0.043140  0.992829  0.007720  -0.000699  -0.002668  -0.176825  -0.234852  0.416038  2.000000  
59.733689 0.013114  0.095314  -0.005732  0.976643  0.179930  0.117445  -0.183680  0.982743  0.021837  -0.111490  -0.042899  0.992839  0.007442  -0.000638  -0.002587  -0.179555  -0.225297  0.402963  2.000000  
59.734937 0.013120  0.095313  -0.005736  0.976591  0.180141  0.117559  -0.183879  0.982710  0.021669  -0.111623  -0.042778  0.992830  0.007073  -0.000628  -0.002555  -0.173359  -0.215343  0.382840  2.000000  
59.736189 0.013125  0.095311  -0.005740  0.976538  0.180352  0.117672  -0.184077  0.982677  0.021501  -0.111756  -0.042657  0.992820  0.006682  -0.000622  -0.002500  -0.171920  -0.205650  0.369438  2.000000  
59.737190 0.013130  0.095310  -0.005744  0.976485  0.180549  0.117807  -0.184275  0.982641  0.021452  -0.111889  -0.042656  0.992805  0.006361  -0.000655  -0.002476  -0.162350  -0.200519  0.355952  2.000000  
59.738447 0.013135  0.095308  -0.005747  0.976418  0.180754  0.118050  -0.184471  0.982608  0.021259  -0.112154  -0.042535  0.992780  0.005959  -0.000736  -0.002455  -0.156865  -0.195330  0.342401  2.000000  
59.739684 0.013140  0.095306  -0.005750  0.976403  0.180763  0.118159  -0.184468  0.982612  0.021115  -0.112287  -0.042414  0.992770  0.005703  -0.000782  -0.002428  -0.154174  -0.188663  0.326245  2.000000  
59.740693 0.013143  0.095304  -0.005753  0.976365  0.180980  0.118141  -0.184669  0.982577  0.020972  -0.112287  -0.042293  0.992775  0.005324  -0.000848  -0.002452  -0.149365  -0.183803  0.319586  2.000000  
59.741693 0.013146  0.095303  -0.005757  0.976365  0.180994  0.118119  -0.184669  0.982580  0.020853  -0.112287  -0.042173  0.992780  0.005026  -0.000942  -0.002546  -0.148348  -0.175369  0.301998  2.000000  
59.742936 0.013150  0.095300  -0.005761  0.976365  0.180994  0.118119  -0.184669  0.982580  0.020853  -0.112287  -0.042173  0.992780  0.004697  -0.001079  -0.002648  -0.137673  -0.164500  0.286505  2.000000  
59.743940 0.013152  0.095298  -0.005764  0.976365  0.181008  0.118097  -0.184669  0.982582  0.020734  -0.112287  -0.042052  0.992786  0.004338  -0.001222  -0.002804  -0.136104  -0.159317  0.272928  2.000000  
59.745188 0.013156  0.095295  -0.005767  0.976350  0.181017  0.118206  -0.184666  0.982586  0.020590  -0.112420  -0.041931  0.992776  0.004071  -0.001376  -0.002857  -0.133906  -0.153951  0.252724  2.000000  
59.746450 0.013158  0.095292  -0.005770  0.976350  0.181046  0.118162  -0.184666  0.982591  0.020351  -0.112420  -0.041690  0.992786  0.003680  -0.001563  -0.002884  -0.132733  -0.140743  0.234750  2.000000  
59.747687 0.013161  0.095290  -0.005772  0.976374  0.180853  0.118266  -0.184462  0.982631  0.020232  -0.112553  -0.041569  0.992776  0.003460  -0.001645  -0.002820  -0.128692  -0.133960  0.205839  2.000000  
59.748689 0.013163  0.095289  -0.005774  0.976374  0.180867  0.118244  -0.184462  0.982634  0.020113  -0.112553  -0.041449  0.992781  0.003242  -0.001666  -0.002763  -0.127916  -0.121066  0.188140  2.000000  
59.749690 0.013165  0.095288  -0.005774  0.976374  0.180881  0.118222  -0.184462  0.982636  0.019993  -0.112553  -0.041329  0.992786  0.003038  -0.001665  -0.002546  -0.129727  -0.114900  0.179343  2.000000  
59.750690 0.013166  0.095287  -0.005774  0.976374  0.180881  0.118222  -0.184462  0.982636  0.019993  -0.112553  -0.041329  0.992786  0.002807  -0.001643  -0.002355  -0.124227  -0.105425  0.166162  2.000000  
59.751935 0.013168  0.095287  -0.005775  0.976426  0.180699  0.118066  -0.184264  0.982675  0.019923  -0.112420  -0.041209  0.992806  0.002592  -0.001575  -0.002180  0.000000  0.000000  0.000000  2.000000  
59.753187 0.013169  0.095286  -0.005776  0.976464  0.180511  0.118040  -0.184063  0.982714  0.019828  -0.112420  -0.041088  0.992811  0.002371  -0.001494  -0.001944  0.000000  0.000000  0.000000  2.000000  
59.754190 0.013170  0.095285  -0.005777  0.976464  0.180525  0.118018  -0.184063  0.982717  0.019709  -0.112420  -0.040968  0.992816  0.002105  -0.001444  -0.001806  0.000000  0.000000  0.000000  2.000000  
59.755435 0.013171  0.095285  -0.005778  0.976502  0.180337  0.117992  -0.183862  0.982756  0.019614  -0.112420  -0.040848  0.992821  0.001914  -0.001350  -0.001689  0.000000  0.000000  0.000000  2.000000  
59.756439 0.013172  0.095284  -0.005779  0.976502  0.180351  0.117970  -0.183862  0.982759  0.019495  -0.112420  -0.040727  0.992826  0.001717  -0.001276  -0.001523  0.000000  0.000000  0.000000  2.000000  
59.757689 0.013173  0.095284  -0.005780  0.976540  0.180149  0.117966  -0.183661  0.982796  0.019519  -0.112420  -0.040727  0.992826  0.001561  -0.001088  -0.001333  0.000000  0.000000  0.000000  2.000000  
59.758694 0.013174  0.095283  -0.005781  0.976540  0.180163  0.117944  -0.183661  0.982798  0.019400  -0.112420  -0.040607  0.992831  0.001454  -0.000977  -0.001201  0.000000  0.000000  0.000000  2.000000  
59.759939 0.013175  0.095283  -0.005782  0.976578  0.179961  0.117940  -0.183460  0.982835  0.019424  -0.112420  -0.040607  0.992831  0.001286  -0.000771  -0.000969  0.000000  0.000000  0.000000  2.000000  
59.760940 0.013175  0.095283  -0.005783  0.976578  0.179975  0.117919  -0.183460  0.982838  0.019305  -0.112420  -0.040486  0.992836  0.001182  -0.000623  -0.000878  0.000000  0.000000  0.000000  2.000000  
59.762192 0.013176  0.095283  -0.005783  0.976578  0.179975  0.117919  -0.183460  0.982838  0.019305  -0.112420  -0.040486  0.992836  0.001033  -0.000501  -0.000774  0.000000  0.000000  0.000000  2.000000  
59.763214 0.013177  0.095284  -0.005783  0.976616  0.179773  0.117915  -0.183259  0.982875  0.019329  -0.112420  -0.040486  0.992836  0.000978  -0.000374  -0.000637  0.000000  0.000000  0.000000  2.000000  
59.764441 0.013178  0.095285  -0.005782  0.976630  0.179793  0.117762  -0.183262  0.982876  0.019235  -0.112287  -0.040366  0.992856  0.000886  -0.000253  -0.000536  0.000000  0.000000  0.000000  2.000000  
59.765442 0.013179  0.095285  -0.005781  0.976630  0.179793  0.117762  -0.183262  0.982876  0.019235  -0.112287  -0.040366  0.992856  0.000855  -0.000159  -0.000455  0.000000  0.000000  0.000000  2.000000  
59.766445 0.013180  0.095286  -0.005780  0.976630  0.179793  0.117762  -0.183262  0.982876  0.019235  -0.112287  -0.040366  0.992856  0.000843  -0.000044  -0.000400  0.000000  0.000000  0.000000  2.000000  
59.767688 0.013181  0.095288  -0.005780  0.976668  0.179604  0.117736  -0.183061  0.982915  0.019140  -0.112287  -0.040246  0.992860  0.000825  0.000134  -0.000289  0.000000  0.000000  0.000000  2.000000  
59.768690 0.013182  0.095290  -0.005779  0.976668  0.179604  0.117736  -0.183061  0.982915  0.019140  -0.112287  -0.040246  0.992860  0.000837  0.000342  -0.000155  0.000000  0.000000  0.000000  2.000000  
59.769938 0.013183  0.095292  -0.005778  0.976668  0.179604  0.117736  -0.183061  0.982915  0.019140  -0.112287  -0.040246  0.992860  0.000815  0.000499  0.000004  0.000000  0.000000  0.000000  2.000000  
59.771186 0.013184  0.095295  -0.005776  0.976668  0.179619  0.117715  -0.183061  0.982918  0.019020  -0.112287  -0.040126  0.992865  0.000831  0.000729  0.000194  0.000000  0.000000  0.000000  2.000000  
59.772450 0.013186  0.095298  -0.005774  0.976668  0.179619  0.117715  -0.183061  0.982918  0.019020  -0.112287  -0.040126  0.992865  0.000884  0.000958  0.000401  0.000000  0.000000  0.000000  2.000000  
59.773687 0.013188  0.095302  -0.005772  0.976668  0.179619  0.117715  -0.183061  0.982918  0.019020  -0.112287  -0.040126  0.992865  0.000983  0.001211  0.000605  0.000000  0.000000  0.000000  2.000000  
59.774690 0.013190  0.095304  -0.005771  0.976668  0.179619  0.117715  -0.183061  0.982918  0.019020  -0.112287  -0.040126  0.992865  0.001035  0.001409  0.000723  0.000000  0.000000  0.000000  2.000000  
59.775943 0.013192  0.095308  -0.005769  0.976668  0.179619  0.117715  -0.183061  0.982918  0.019020  -0.112287  -0.040126  0.992865  0.001174  0.001652  0.000911  0.000000  0.000000  0.000000  2.000000  
59.776945 0.013194  0.095311  -0.005769  0.976668  0.179619  0.117715  -0.183061  0.982918  0.019020  -0.112287  -0.040126  0.992865  0.001267  0.001852  0.000969  0.000000  0.000000  0.000000  2.000000  
59.778189 0.013197  0.095313  -0.005769  0.976630  0.179821  0.117719  -0.183262  0.982881  0.018996  -0.112287  -0.040126  0.992865  0.001357  0.001932  0.000939  0.000000  0.000000  0.000000  2.000000  
59.779190 0.013199  0.095315  -0.005769  0.976630  0.179807  0.117740  -0.183262  0.982878  0.019115  -0.112287  -0.040246  0.992860  0.001446  0.002066  0.000904  0.000000  0.000000  0.000000  2.000000  
59.780191 0.013202  0.095317  -0.005769  0.976630  0.179807  0.117740  -0.183262  0.982878  0.019115  -0.112287  -0.040246  0.992860  0.001553  0.002109  0.000848  0.000000  0.000000  0.000000  2.000000  
59.781441 0.013205  0.095320  -0.005768  0.976630  0.179807  0.117740  -0.183262  0.982878  0.019115  -0.112287  -0.040246  0.992860  0.001715  0.002216  0.000831  0.000000  0.000000  0.000000  2.000000  
59.782453 0.013208  0.095322  -0.005767  0.976630  0.179793  0.117762  -0.183262  0.982876  0.019235  -0.112287  -0.040366  0.992856  0.001841  0.002277  0.000827  0.000000  0.000000  0.000000  2.000000  
59.783689 0.013212  0.095324  -0.005767  0.976593  0.179995  0.117766  -0.183463  0.982839  0.019210  -0.112287  -0.040366  0.992856  0.002004  0.002271  0.000829  0.000000  0.000000  0.000000  2.000000  
59.784690 0.013215  0.095326  -0.005766  0.976593  0.179995  0.117766  -0.183463  0.982839  0.019210  -0.112287  -0.040366  0.992856  0.002150  0.002330  0.000790  0.000000  0.000000  0.000000  2.000000  
59.785691 0.013218  0.095328  -0.005765  0.976593  0.179995  0.117766  -0.183463  0.982839  0.019210  -0.112287  -0.040366  0.992856  0.002326  0.002325  0.000746  0.000000  0.000000  0.000000  2.000000  
59.786937 0.013222  0.095331  -0.005765  0.976593  0.179981  0.117788  -0.183463  0.982837  0.019330  -0.112287  -0.040487  0.992851  0.002445  0.002283  0.000608  0.000000  0.000000  0.000000  2.000000  
59.788185 0.013225  0.095333  -0.005765  0.976555  0.180183  0.117792  -0.183664  0.982800  0.019305  -0.112287  -0.040487  0.992851  0.002531  0.002189  0.000496  0.000000  0.000000  0.000000  2.000000  
59.789441 0.013229  0.095336  -0.005765  0.976555  0.180183  0.117792  -0.183664  0.982800  0.019305  -0.112287  -0.040487  0.992851  0.002667  0.002170  0.000397  0.000000  0.000000  0.000000  2.000000  
59.790442 0.013232  0.095338  -0.005765  0.976555  0.180169  0.117814  -0.183664  0.982797  0.019425  -0.112287  -0.040607  0.992846  0.002715  0.002130  0.000300  0.000000  0.000000  0.000000  2.000000  
59.791688 0.013236  0.095341  -0.005766  0.976555  0.180169  0.117814  -0.183664  0.982797  0.019425  -0.112287  -0.040607  0.992846  0.002788  0.002063  0.000178  0.000000  0.000000  0.000000  2.000000  
59.792692 0.013238  0.095342  -0.005766  0.976555  0.180169  0.117814  -0.183664  0.982797  0.019425  -0.112287  -0.040607  0.992846  0.002821  0.002007  0.000164  0.000000  0.000000  0.000000  2.000000  
59.793693 0.013241  0.095344  -0.005767  0.976555  0.180169  0.117814  -0.183664  0.982797  0.019425  -0.112287  -0.040607  0.992846  0.002860  0.001979  0.000118  0.000000  0.000000  0.000000  2.000000  
59.794960 0.013244  0.095345  -0.005767  0.976517  0.180357  0.117840  -0.183865  0.982758  0.019520  -0.112287  -0.040728  0.992841  0.002880  0.001947  0.000093  0.000000  0.000000  0.000000  2.000000  
59.796189 0.013247  0.095347  -0.005769  0.976517  0.180357  0.117840  -0.183865  0.982758  0.019520  -0.112287  -0.040728  0.992841  0.002845  0.001875  -0.000039  0.000000  0.000000  0.000000  2.000000  
59.797442 0.013250  0.095348  -0.005770  0.976517  0.180342  0.117862  -0.183865  0.982755  0.019639  -0.112287  -0.040848  0.992836  0.002823  0.001783  -0.000145  0.000000  0.000000  0.000000  2.000000  
59.798443 0.013253  0.095349  -0.005771  0.976517  0.180342  0.117862  -0.183865  0.982755  0.019639  -0.112287  -0.040848  0.992836  0.002758  0.001686  -0.000275  0.000000  0.000000  0.000000  2.000000  
59.799689 0.013256  0.095350  -0.005772  0.976517  0.180342  0.117862  -0.183865  0.982755  0.019639  -0.112287  -0.040848  0.992836  0.002745  0.001587  -0.000426  0.000000  0.000000  0.000000  2.000000  
59.800691 0.013258  0.095351  -0.005774  0.976517  0.180342  0.117862  -0.183865  0.982755  0.019639  -0.112287  -0.040848  0.992836  0.002640  0.001484  -0.000595  0.000000  0.000000  0.000000  2.000000  
59.801939 0.013261  0.095351  -0.005777  0.976532  0.180333  0.117753  -0.183868  0.982752  0.019783  -0.112154  -0.040969  0.992846  0.002611  0.001350  -0.000799  0.000000  0.000000  0.000000  2.000000  
59.803211 0.013264  0.095351  -0.005779  0.976532  0.180333  0.117753  -0.183868  0.982752  0.019783  -0.112154  -0.040969  0.992846  0.002531  0.001167  -0.000940  0.000000  0.000000  0.000000  2.000000  
59.804435 0.013266  0.095352  -0.005781  0.976532  0.180333  0.117753  -0.183868  0.982752  0.019783  -0.112154  -0.040969  0.992846  0.002459  0.001082  -0.001043  0.000000  0.000000  0.000000  2.000000  
59.805435 0.013268  0.095353  -0.005783  0.976532  0.180333  0.117753  -0.183868  0.982752  0.019783  -0.112154  -0.040969  0.992846  0.002404  0.000958  -0.001172  0.000000  0.000000  0.000000  2.000000  
59.806690 0.013270  0.095353  -0.005785  0.976532  0.180333  0.117753  -0.183868  0.982752  0.019783  -0.112154  -0.040969  0.992846  0.002299  0.000796  -0.001295  0.000000  0.000000  0.000000  2.000000  
59.807940 0.013273  0.095354  -0.005786  0.976517  0.180314  0.117905  -0.183865  0.982751  0.019877  -0.112287  -0.041089  0.992826  0.002241  0.000737  -0.001342  0.000000  0.000000  0.000000  2.000000  
59.809187 0.013275  0.095354  -0.005789  0.976517  0.180314  0.117905  -0.183865  0.982751  0.019877  -0.112287  -0.041089  0.992826  0.002190  0.000626  -0.001460  0.000000  0.000000  0.000000  2.000000  
59.810192 0.013277  0.095355  -0.005790  0.976517  0.180314  0.117905  -0.183865  0.982751  0.019877  -0.112287  -0.041089  0.992826  0.002110  0.000576  -0.001528  0.000000  0.000000  0.000000  2.000000  
59.811445 0.013278  0.095355  -0.005793  0.976517  0.180314  0.117905  -0.183865  0.982751  0.019877  -0.112287  -0.041089  0.992826  0.002030  0.000481  -0.001633  0.000000  0.000000  0.000000  2.000000  
59.812453 0.013280  0.095355  -0.005795  0.976555  0.180111  0.117901  -0.183664  0.982788  0.019901  -0.112287  -0.041089  0.992826  0.001925  0.000416  -0.001711  0.000000  0.000000  0.000000  2.000000  
59.813688 0.013282  0.095355  -0.005797  0.976555  0.180111  0.117901  -0.183664  0.982788  0.019901  -0.112287  -0.041089  0.992826  0.001878  0.000376  -0.001743  0.000000  0.000000  0.000000  2.000000  
59.814690 0.013283  0.095355  -0.005800  0.976555  0.180111  0.117901  -0.183664  0.982788  0.019901  -0.112287  -0.041089  0.992826  0.001824  0.000352  -0.001792  0.000000  0.000000  0.000000  2.000000  
59.815691 0.013285  0.095356  -0.005802  0.976555  0.180111  0.117901  -0.183664  0.982788  0.019901  -0.112287  -0.041089  0.992826  0.001820  0.000338  -0.001835  0.000000  0.000000  0.000000  2.000000  
59.816939 0.013287  0.095356  -0.005804  0.976555  0.180111  0.117901  -0.183664  0.982788  0.019901  -0.112287  -0.041089  0.992826  0.001767  0.000338  -0.001832  0.000000  0.000000  0.000000  2.000000  
59.818189 0.013289  0.095357  -0.005806  0.976555  0.180111  0.117901  -0.183664  0.982788  0.019901  -0.112287  -0.041089  0.992826  0.001706  0.000365  -0.001843  0.000000  0.000000  0.000000  2.000000  
59.819435 0.013291  0.095357  -0.005809  0.976555  0.180111  0.117901  -0.183664  0.982788  0.019901  -0.112287  -0.041089  0.992826  0.001683  0.000309  -0.001852  0.000000  0.000000  0.000000  2.000000  
59.820435 0.013293  0.095357  -0.005811  0.976555  0.180111  0.117901  -0.183664  0.982788  0.019901  -0.112287  -0.041089  0.992826  0.001642  0.000305  -0.001886  0.000000  0.000000  0.000000  2.000000  
59.821439 0.013295  0.095357  -0.005813  0.976555  0.180111  0.117901  -0.183664  0.982788  0.019901  -0.112287  -0.041089  0.992826  0.001670  0.000310  -0.001918  0.000000  0.000000  0.000000  2.000000  
59.822451 0.013297  0.095358  -0.005815  0.976555  0.180111  0.117901  -0.183664  0.982788  0.019901  -0.112287  -0.041089  0.992826  0.001682  0.000306  -0.001952  0.000000  0.000000  0.000000  2.000000  
59.823686 0.013299  0.095358  -0.005818  0.976555  0.180111  0.117901  -0.183664  0.982788  0.019901  -0.112287  -0.041089  0.992826  0.001683  0.000293  -0.001995  0.000000  0.000000  0.000000  2.000000  
59.824688 0.013301  0.095359  -0.005819  0.976555  0.180111  0.117901  -0.183664  0.982788  0.019901  -0.112287  -0.041089  0.992826  0.001659  0.000323  -0.001969  0.000000  0.000000  0.000000  2.000000  
59.825939 0.013303  0.095360  -0.005821  0.976555  0.180111  0.117901  -0.183664  0.982788  0.019901  -0.112287  -0.041089  0.992826  0.001703  0.000349  -0.001983  0.000000  0.000000  0.000000  2.000000  
59.826948 0.013305  0.095361  -0.005823  0.976555  0.180111  0.117901  -0.183664  0.982788  0.019901  -0.112287  -0.041089  0.992826  0.001765  0.000423  -0.001896  0.000000  0.000000  0.000000  2.000000  
59.828190 0.013308  0.095363  -0.005824  0.976555  0.180111  0.117901  -0.183664  0.982788  0.019901  -0.112287  -0.041089  0.992826  0.001805  0.000515  -0.001826  0.000000  0.000000  0.000000  2.000000  
59.829190 0.013310  0.095364  -0.005825  0.976555  0.180111  0.117901  -0.183664  0.982788  0.019901  -0.112287  -0.041089  0.992826  0.001843  0.000606  -0.001755  0.000000  0.000000  0.000000  2.000000  
59.830444 0.013313  0.095366  -0.005826  0.976555  0.180111  0.117901  -0.183664  0.982788  0.019901  -0.112287  -0.041089  0.992826  0.001867  0.000701  -0.001647  0.000000  0.000000  0.000000  2.000000  
59.831689 0.013315  0.095368  -0.005827  0.976555  0.180111  0.117901  -0.183664  0.982788  0.019901  -0.112287  -0.041089  0.992826  0.001903  0.000770  -0.001528  0.000000  0.000000  0.000000  2.000000  
59.832692 0.013318  0.095370  -0.005828  0.976555  0.180111  0.117901  -0.183664  0.982788  0.019901  -0.112287  -0.041089  0.992826  0.001985  0.000887  -0.001470  0.000000  0.000000  0.000000  2.000000  
59.833939 0.013320  0.095372  -0.005829  0.976517  0.180314  0.117905  -0.183865  0.982751  0.019877  -0.112287  -0.041089  0.992826  0.002000  0.001009  -0.001374  0.000000  0.000000  0.000000  2.000000  
59.835186 0.013324  0.095373  -0.005830  0.976517  0.180314  0.117905  -0.183865  0.982751  0.019877  -0.112287  -0.041089  0.992826  0.002058  0.001081  -0.001284  0.000000  0.000000  0.000000  2.000000  
59.836440 0.013326  0.095375  -0.005831  0.976517  0.180314  0.117905  -0.183865  0.982751  0.019877  -0.112287  -0.041089  0.992826  0.002063  0.001195  -0.001194  0.000000  0.000000  0.000000  2.000000  
59.837441 0.013329  0.095377  -0.005832  0.976517  0.180314  0.117905  -0.183865  0.982751  0.019877  -0.112287  -0.041089  0.992826  0.002122  0.001266  -0.001108  0.000000  0.000000  0.000000  2.000000  
59.838442 0.013331  0.095379  -0.005832  0.976517  0.180314  0.117905  -0.183865  0.982751  0.019877  -0.112287  -0.041089  0.992826  0.002167  0.001385  -0.000981  0.000000  0.000000  0.000000  2.000000  
59.839731 0.013335  0.095381  -0.005833  0.976502  0.180308  0.118036  -0.183862  0.982752  0.019853  -0.112420  -0.041088  0.992811  0.002253  0.001472  -0.000910  0.000000  0.000000  0.000000  2.000000  
59.840939 0.013338  0.095384  -0.005833  0.976502  0.180308  0.118036  -0.183862  0.982752  0.019853  -0.112420  -0.041088  0.992811  0.002321  0.001601  -0.000783  0.000000  0.000000  0.000000  2.000000  
59.842190 0.013341  0.095387  -0.005833  0.976502  0.180308  0.118036  -0.183862  0.982752  0.019853  -0.112420  -0.041088  0.992811  0.002356  0.001669  -0.000666  0.000000  0.000000  0.000000  2.000000  
59.843441 0.013345  0.095389  -0.005833  0.976502  0.180308  0.118036  -0.183862  0.982752  0.019853  -0.112420  -0.041088  0.992811  0.002441  0.001740  -0.000547  0.000000  0.000000  0.000000  2.000000  
59.844446 0.013348  0.095392  -0.005833  0.976464  0.180511  0.118040  -0.184063  0.982714  0.019828  -0.112420  -0.041088  0.992811  0.002478  0.001830  -0.000476  0.000000  0.000000  0.000000  2.000000  
59.845689 0.013351  0.095394  -0.005833  0.976464  0.180511  0.118040  -0.184063  0.982714  0.019828  -0.112420  -0.041088  0.992811  0.002522  0.001831  -0.000448  0.000000  0.000000  0.000000  2.000000  
59.846691 0.013353  0.095396  -0.005833  0.976464  0.180511  0.118040  -0.184063  0.982714  0.019828  -0.112420  -0.041088  0.992811  0.002550  0.001865  -0.000419  0.000000  0.000000  0.000000  2.000000  
59.847936 0.013357  0.095399  -0.005833  0.976464  0.180511  0.118040  -0.184063  0.982714  0.019828  -0.112420  -0.041088  0.992811  0.002590  0.001950  -0.000355  0.000000  0.000000  0.000000  2.000000  
59.848941 0.013359  0.095401  -0.005833  0.976464  0.180511  0.118040  -0.184063  0.982714  0.019828  -0.112420  -0.041088  0.992811  0.002572  0.001939  -0.000263  0.000000  0.000000  0.000000  2.000000  
59.850189 0.013362  0.095403  -0.005833  0.976464  0.180511  0.118040  -0.184063  0.982714  0.019828  -0.112420  -0.041088  0.992811  0.002566  0.002004  -0.000178  0.000000  0.000000  0.000000  2.000000  
59.851441 0.013365  0.095406  -0.005833  0.976464  0.180511  0.118040  -0.184063  0.982714  0.019828  -0.112420  -0.041088  0.992811  0.002614  0.002068  -0.000096  0.000000  0.000000  0.000000  2.000000  
