1-Time 2-Px 3-Py 4-Pz 5-R11 6-R21 7-R31 8-R12 9-R22 10-R32 11-R13 12-R23 13-R33 14-Vx 15-Vy 16-Vz 17-Wx 18-Wy 19-Wz 20-state 21-PR11 22-PR21 23-PR31 24-PR12 25-PR22 26-PR32 27-PR13 28-PR23 29-PR33 
126.499004 0.014299  0.097990  -0.004036  0.991288  0.126350  0.037204  -0.127220  0.991630  0.022004  -0.034112  -0.026545  0.999065  0.000041  0.000006  0.000035  0.000000  0.000000  0.000000  2.000000  
126.500009 0.014299  0.097990  -0.004036  0.991288  0.126350  0.037204  -0.127220  0.991630  0.022004  -0.034112  -0.026545  0.999065  0.000071  0.000037  0.000058  0.000000  0.000000  0.000000  2.000000  
126.501251 0.014303  0.097992  -0.004035  0.991183  0.127162  0.037237  -0.128036  0.991523  0.022094  -0.034112  -0.026667  0.999062  0.000325  0.000136  0.000123  0.000000  0.000000  0.000000  2.000000  
126.502256 0.014307  0.097993  -0.004035  0.991094  0.127767  0.037516  -0.128647  0.991446  0.022036  -0.034379  -0.026666  0.999053  0.000551  0.000225  0.000118  0.000000  0.000000  0.000000  2.000000  
126.503256 0.014310  0.097993  -0.004034  0.991032  0.128164  0.037806  -0.129054  0.991391  0.022107  -0.034647  -0.026787  0.999041  0.000795  0.000240  0.000182  0.000000  0.000000  0.000000  2.000000  
126.504501 0.014315  0.097993  -0.004034  0.990948  0.128773  0.037952  -0.129665  0.991312  0.022066  -0.034781  -0.026787  0.999036  0.001131  0.000223  0.000184  0.000000  0.000000  0.000000  2.000000  
126.505507 0.014321  0.097994  -0.004034  0.990894  0.129181  0.037961  -0.130073  0.991259  0.022050  -0.034781  -0.026787  0.999036  0.001482  0.000316  0.000207  0.000000  0.000000  0.000000  2.000000  
126.506754 0.014328  0.097996  -0.004033  0.990791  0.129996  0.037862  -0.130890  0.991149  0.022157  -0.034647  -0.026909  0.999037  0.002011  0.000479  0.000246  0.000000  0.000000  0.000000  2.000000  
126.507757 0.014334  0.097998  -0.004032  0.990688  0.130811  0.037764  -0.131706  0.991039  0.022263  -0.034513  -0.027030  0.999039  0.002403  0.000612  0.000332  0.000000  0.000000  0.000000  2.000000  
126.508781 0.014340  0.098000  -0.004031  0.990579  0.131627  0.037782  -0.132522  0.990931  0.022232  -0.034513  -0.027030  0.999039  0.002755  0.000651  0.000345  0.010125  -0.018288  0.179202  2.000000  
126.510008 0.014348  0.098001  -0.004031  0.990433  0.132635  0.038086  -0.133540  0.990793  0.022278  -0.034781  -0.027151  0.999026  0.003307  0.000729  0.000379  0.012991  -0.028226  0.213620  2.000000  
126.511261 0.014358  0.098004  -0.004029  0.990258  0.133847  0.038395  -0.134762  0.990627  0.022315  -0.035048  -0.027272  0.999013  0.003991  0.000927  0.000469  0.015603  -0.038345  0.254844  2.000000  
126.512519 0.014369  0.098007  -0.004027  0.990081  0.135059  0.038704  -0.135984  0.990459  0.022351  -0.035316  -0.027393  0.999001  0.004718  0.001190  0.000642  0.018197  -0.048449  0.295953  2.000000  
126.513754 0.014380  0.098011  -0.004023  0.989880  0.136478  0.038885  -0.137410  0.990261  0.022397  -0.035449  -0.027514  0.998993  0.005480  0.001444  0.000934  0.020579  -0.054300  0.344387  2.000000  
126.514755 0.014389  0.098015  -0.004020  0.989733  0.137493  0.039040  -0.138428  0.990120  0.022339  -0.035583  -0.027514  0.998988  0.006084  0.001649  0.001098  0.019351  -0.059729  0.378822  2.000000  
126.516004 0.014402  0.098019  -0.004018  0.989532  0.138915  0.039089  -0.139855  0.989919  0.022402  -0.035583  -0.027635  0.998985  0.006680  0.001813  0.001166  0.021563  -0.060568  0.423732  2.000000  
126.517005 0.014412  0.098022  -0.004016  0.989417  0.139726  0.039124  -0.140669  0.989801  0.022490  -0.035583  -0.027756  0.998981  0.007146  0.001984  0.001310  0.024849  -0.061835  0.454803  2.000000  
126.518250 0.014424  0.098024  -0.004013  0.989238  0.140940  0.039302  -0.141891  0.989626  0.022543  -0.035717  -0.027877  0.998973  0.007576  0.002087  0.001369  0.027454  -0.067508  0.496302  2.000000  
126.519256 0.014433  0.098025  -0.004012  0.989091  0.141959  0.039325  -0.142909  0.989480  0.022503  -0.035717  -0.027877  0.998973  0.008007  0.002221  0.001456  0.026240  -0.068436  0.530760  2.000000  
126.520290 0.014444  0.098027  -0.004011  0.988934  0.142965  0.039630  -0.143926  0.989332  0.022544  -0.035984  -0.027998  0.998960  0.008354  0.002209  0.001526  0.029005  -0.078327  0.564539  2.000000  
126.521501 0.014458  0.098028  -0.004010  0.988721  0.144382  0.039812  -0.145350  0.989122  0.022587  -0.036118  -0.028119  0.998952  0.008800  0.002116  0.001523  0.031118  -0.083576  0.608393  2.000000  
126.522518 0.014471  0.098029  -0.004009  0.988591  0.145189  0.040095  -0.146163  0.989004  0.022515  -0.036385  -0.028119  0.998942  0.009256  0.002076  0.001537  0.030305  -0.093976  0.640563  2.000000  
126.523752 0.014483  0.098028  -0.004009  0.988405  0.146407  0.040255  -0.147383  0.988825  0.022446  -0.036519  -0.028118  0.998937  0.009590  0.001896  0.001501  0.028806  -0.099638  0.682134  2.000000  
126.524752 0.014493  0.098027  -0.004008  0.988274  0.147213  0.040538  -0.148195  0.988705  0.022373  -0.036786  -0.028118  0.998927  0.009823  0.001736  0.001489  0.027731  -0.109379  0.709501  2.000000  
126.525759 0.014504  0.098025  -0.004009  0.988151  0.148023  0.040574  -0.149009  0.988581  0.022460  -0.036786  -0.028239  0.998924  0.010061  0.001478  0.001413  0.030819  -0.110153  0.736960  2.000000  
126.527006 0.014519  0.098024  -0.004009  0.987993  0.149036  0.040729  -0.150026  0.988428  0.022398  -0.036920  -0.028239  0.998919  0.010310  0.001132  0.001223  0.029545  -0.115611  0.771505  2.000000  
126.528009 0.014530  0.098023  -0.004010  0.987864  0.149847  0.040880  -0.150838  0.988306  0.022344  -0.037054  -0.028239  0.998914  0.010483  0.000857  0.000965  0.028503  -0.120841  0.798875  2.000000  
126.529255 0.014543  0.098020  -0.004010  0.987703  0.150855  0.041053  -0.151854  0.988149  0.022401  -0.037187  -0.028360  0.998906  0.010586  0.000440  0.000696  0.031301  -0.126369  0.833537  2.000000  
126.530258 0.014552  0.098017  -0.004011  0.987604  0.151462  0.041199  -0.152464  0.988056  0.022356  -0.037321  -0.028360  0.998901  0.010580  0.000055  0.000489  0.031000  -0.131062  0.840378  2.000000  
126.531508 0.014565  0.098015  -0.004012  0.987473  0.152277  0.041331  -0.153276  0.987934  0.022181  -0.037455  -0.028239  0.998899  0.010539  -0.000399  0.000307  0.022730  -0.131045  0.840266  2.000000  
126.532518 0.014575  0.098011  -0.004013  0.987374  0.152883  0.041477  -0.153885  0.987841  0.022135  -0.037589  -0.028238  0.998894  0.010554  -0.000820  0.000120  0.022188  -0.130176  0.840342  2.000000  
126.533755 0.014586  0.098007  -0.004015  0.987236  0.153694  0.041741  -0.154697  0.987718  0.021940  -0.037856  -0.028117  0.998888  0.010494  -0.001244  -0.000145  0.013681  -0.126942  0.854282  2.000000  
126.535001 0.014595  0.098001  -0.004016  0.987136  0.154305  0.041868  -0.155306  0.987627  0.021774  -0.037990  -0.027996  0.998886  0.010260  -0.001686  -0.000347  0.009221  -0.130520  0.854172  2.000000  
126.536004 0.014603  0.097997  -0.004017  0.987067  0.154708  0.042008  -0.155711  0.987563  0.021736  -0.038123  -0.027996  0.998881  0.010004  -0.002059  -0.000439  0.005414  -0.135943  0.854100  2.000000  
126.537250 0.014611  0.097991  -0.004019  0.986965  0.155325  0.042116  -0.156320  0.987474  0.021449  -0.038257  -0.027753  0.998882  0.009570  -0.002533  -0.000632  -0.002467  -0.143439  0.839916  2.000000  
126.538253 0.014617  0.097986  -0.004021  0.986896  0.155728  0.042257  -0.156726  0.987410  0.021411  -0.038391  -0.027753  0.998877  0.009286  -0.002808  -0.000804  -0.006010  -0.152038  0.825994  2.000000  
126.539501 0.014624  0.097980  -0.004024  0.986826  0.156141  0.042360  -0.157131  0.987352  0.021133  -0.038524  -0.027511  0.998879  0.008907  -0.003151  -0.001055  -0.017501  -0.151457  0.805598  2.000000  
126.540506 0.014629  0.097975  -0.004027  0.986756  0.156549  0.042482  -0.157537  0.987290  0.020975  -0.038658  -0.027389  0.998877  0.008496  -0.003405  -0.001203  -0.021147  -0.151015  0.791794  2.000000  
126.541508 0.014634  0.097969  -0.004030  0.986686  0.156957  0.042603  -0.157942  0.987229  0.020816  -0.038792  -0.027268  0.998875  0.008076  -0.003709  -0.001392  -0.028633  -0.147104  0.771279  2.000000  
126.542521 0.014638  0.097963  -0.004034  0.986616  0.157365  0.042725  -0.158347  0.987167  0.020658  -0.038926  -0.027147  0.998873  0.007524  -0.004071  -0.001684  -0.035877  -0.141684  0.742853  2.000000  
126.543755 0.014643  0.097955  -0.004039  0.986540  0.157769  0.042978  -0.158752  0.987106  0.020478  -0.039193  -0.027025  0.998866  0.006976  -0.004438  -0.001945  -0.043175  -0.145528  0.715606  2.000000  
126.544755 0.014646  0.097948  -0.004043  0.986470  0.158177  0.043099  -0.159157  0.987044  0.020319  -0.039327  -0.026904  0.998864  0.006474  -0.004754  -0.002202  -0.046433  -0.143874  0.695819  2.000000  
126.546004 0.014648  0.097940  -0.004048  0.986366  0.158794  0.043205  -0.159766  0.986952  0.020032  -0.039460  -0.026661  0.998865  0.005892  -0.005024  -0.002451  -0.057810  -0.148616  0.667068  2.000000  
126.547004 0.014651  0.097934  -0.004050  0.986333  0.159002  0.043190  -0.159969  0.986921  0.019903  -0.039460  -0.026540  0.998869  0.005360  -0.005272  -0.002557  -0.064894  -0.146989  0.647730  2.000000  
126.548008 0.014652  0.097929  -0.004054  0.986262  0.159410  0.043311  -0.160374  0.986859  0.019744  -0.039594  -0.026419  0.998867  0.004763  -0.005448  -0.002701  -0.072619  -0.147431  0.625338  2.000000  
126.549255 0.014653  0.097921  -0.004057  0.986191  0.159824  0.043412  -0.160779  0.986798  0.019466  -0.039728  -0.026176  0.998868  0.004236  -0.005574  -0.002741  -0.079386  -0.150072  0.599640  2.000000  
126.550255 0.014654  0.097915  -0.004059  0.986157  0.160038  0.043377  -0.160982  0.986770  0.019217  -0.039728  -0.025934  0.998874  0.003736  -0.005691  -0.002842  -0.090662  -0.140541  0.573125  2.000000  
126.551256 0.014654  0.097909  -0.004062  0.986086  0.160446  0.043497  -0.161387  0.986707  0.019058  -0.039861  -0.025813  0.998872  0.003325  -0.005764  -0.002942  -0.098217  -0.140597  0.542599  2.000000  
126.552262 0.014656  0.097903  -0.004065  0.986042  0.160653  0.043726  -0.161589  0.986680  0.018767  -0.040129  -0.025570  0.998867  0.002907  -0.005853  -0.003060  -0.105763  -0.140029  0.522082  2.000000  
126.553507 0.014657  0.097897  -0.004067  0.985937  0.161269  0.043830  -0.162197  0.986585  0.018479  -0.040263  -0.025328  0.998868  0.002515  -0.005887  -0.003062  -0.113149  -0.139357  0.501160  2.000000  
126.554514 0.014658  0.097893  -0.004069  0.985898  0.161474  0.043947  -0.162399  0.986555  0.018328  -0.040396  -0.025207  0.998866  0.002162  -0.005836  -0.002978  -0.116496  -0.134245  0.480430  2.000000  
126.555750 0.014659  0.097888  -0.004070  0.985826  0.161888  0.044047  -0.162804  0.986493  0.018049  -0.040530  -0.024964  0.998866  0.001907  -0.005686  -0.002842  -0.127245  -0.137289  0.462948  2.000000  
126.556752 0.014660  0.097885  -0.004072  0.985792  0.162102  0.044011  -0.163007  0.986464  0.017801  -0.040530  -0.024722  0.998872  0.001675  -0.005525  -0.002733  -0.134548  -0.132209  0.442446  2.000000  
126.557756 0.014662  0.097882  -0.004073  0.985720  0.162510  0.044131  -0.163412  0.986400  0.017641  -0.040664  -0.024600  0.998870  0.001494  -0.005309  -0.002523  -0.138999  -0.132733  0.425395  2.000000  
126.558775 0.014663  0.097879  -0.004074  0.985652  0.162927  0.044098  -0.163818  0.986337  0.017383  -0.040664  -0.024358  0.998876  0.001347  -0.005051  -0.002254  -0.150613  -0.127755  0.411401  2.000000  
126.560008 0.014666  0.097876  -0.004074  0.985579  0.163340  0.044198  -0.164223  0.986275  0.017104  -0.040797  -0.024116  0.998876  0.001322  -0.004664  -0.001976  -0.158380  -0.127424  0.397853  2.000000  
126.561258 0.014668  0.097873  -0.004074  0.985501  0.163751  0.044429  -0.164627  0.986213  0.016803  -0.041065  -0.023873  0.998871  0.001287  -0.004358  -0.001698  -0.161992  -0.131485  0.383926  2.000000  
126.562521 0.014672  0.097871  -0.004074  0.985427  0.164159  0.044547  -0.165031  0.986148  0.016643  -0.041198  -0.023752  0.998869  0.001350  -0.003990  -0.001477  -0.165507  -0.126535  0.370013  2.000000  
126.563756 0.014676  0.097870  -0.004074  0.985349  0.164570  0.044778  -0.165435  0.986085  0.016341  -0.041466  -0.023509  0.998863  0.001543  -0.003596  -0.001205  -0.169473  -0.130852  0.363204  2.000000  
126.565007 0.014680  0.097868  -0.004074  0.985241  0.165187  0.044880  -0.166043  0.985988  0.016052  -0.041599  -0.023267  0.998863  0.001761  -0.003204  -0.001002  -0.173332  -0.126101  0.356394  2.000000  
126.566256 0.014684  0.097867  -0.004074  0.985167  0.165600  0.044978  -0.166448  0.985924  0.015772  -0.041733  -0.023024  0.998863  0.002010  -0.002792  -0.000777  -0.176021  -0.125017  0.353532  2.000000  
126.567505 0.014689  0.097867  -0.004073  0.985093  0.166009  0.045096  -0.166852  0.985858  0.015611  -0.041867  -0.022903  0.998861  0.002233  -0.002349  -0.000531  -0.177209  -0.130317  0.349415  2.000000  
126.568755 0.014694  0.097867  -0.004072  0.985018  0.166423  0.045194  -0.167257  0.985794  0.015331  -0.042000  -0.022661  0.998861  0.002513  -0.001877  -0.000277  -0.181328  -0.130250  0.349427  2.000000  
126.570005 0.014700  0.097868  -0.004071  0.984944  0.166831  0.045312  -0.167662  0.985728  0.015171  -0.042134  -0.022539  0.998858  0.002804  -0.001484  -0.000066  -0.181094  -0.130033  0.342526  2.000000  
126.571255 0.014706  0.097870  -0.004068  0.984869  0.167245  0.045409  -0.168066  0.985663  0.014890  -0.042268  -0.022297  0.998857  0.003177  -0.000989  0.000266  -0.181206  -0.125484  0.342746  2.000000  
126.572516 0.014713  0.097873  -0.004065  0.984754  0.167859  0.045641  -0.168673  0.985564  0.014578  -0.042535  -0.022054  0.998852  0.003475  -0.000586  0.000537  -0.184100  -0.129013  0.346679  2.000000  
126.573756 0.014720  0.097876  -0.004061  0.984679  0.168273  0.045738  -0.169077  0.985499  0.014298  -0.042669  -0.021812  0.998851  0.003759  -0.000177  0.000831  -0.185399  -0.125323  0.342751  2.000000  
126.575005 0.014727  0.097880  -0.004058  0.984638  0.168484  0.045832  -0.169279  0.985468  0.014027  -0.042802  -0.021569  0.998851  0.004039  0.000244  0.001086  -0.187679  -0.124062  0.333092  2.000000  
126.576008 0.014732  0.097883  -0.004055  0.984563  0.168892  0.045949  -0.169683  0.985401  0.013865  -0.042936  -0.021448  0.998848  0.004315  0.000665  0.001295  -0.189278  -0.125049  0.335864  2.000000  
126.577255 0.014738  0.097887  -0.004052  0.984493  0.169309  0.045913  -0.170089  0.985335  0.013607  -0.042936  -0.021206  0.998853  0.004498  0.001044  0.001507  -0.189330  -0.120490  0.336053  2.000000  
126.578262 0.014743  0.097890  -0.004050  0.984417  0.169723  0.046009  -0.170493  0.985269  0.013327  -0.043070  -0.020963  0.998852  0.004625  0.001410  0.001643  -0.193388  -0.124898  0.335894  2.000000  
126.579508 0.014751  0.097896  -0.004046  0.984341  0.170137  0.046105  -0.170897  0.985202  0.013046  -0.043204  -0.020721  0.998851  0.004850  0.001862  0.001894  -0.196179  -0.123976  0.340021  2.000000  
126.580755 0.014757  0.097901  -0.004043  0.984265  0.170551  0.046201  -0.171302  0.985136  0.012765  -0.043337  -0.020479  0.998851  0.004985  0.002217  0.002062  -0.193764  -0.124894  0.342858  2.000000  
126.581755 0.014763  0.097904  -0.004040  0.984230  0.170760  0.046183  -0.171504  0.985102  0.012636  -0.043337  -0.020357  0.998853  0.005117  0.002580  0.002255  -0.193545  -0.120226  0.336144  2.000000  
126.582756 0.014768  0.097908  -0.004038  0.984189  0.170966  0.046296  -0.171706  0.985069  0.012484  -0.043471  -0.020236  0.998850  0.005184  0.002814  0.002341  -0.189186  -0.119982  0.329185  2.000000  
126.584007 0.014774  0.097913  -0.004036  0.984112  0.171380  0.046392  -0.172110  0.985002  0.012203  -0.043605  -0.019994  0.998849  0.005224  0.003060  0.002432  -0.189240  -0.115399  0.329292  2.000000  
126.585253 0.014780  0.097918  -0.004034  0.984041  0.171797  0.046355  -0.172515  0.984934  0.011945  -0.043605  -0.019751  0.998854  0.005265  0.003303  0.002400  -0.189290  -0.110840  0.329467  2.000000  
126.586254 0.014785  0.097922  -0.004033  0.984000  0.172002  0.046468  -0.172717  0.984901  0.011793  -0.043738  -0.019630  0.998850  0.005224  0.003406  0.002356  -0.189320  -0.115301  0.329393  2.000000  
126.587506 0.014791  0.097926  -0.004031  0.983964  0.172216  0.046429  -0.172919  0.984868  0.011544  -0.043738  -0.019388  0.998855  0.005179  0.003558  0.002256  -0.189045  -0.110569  0.322598  2.000000  
126.588755 0.014796  0.097931  -0.004030  0.983929  0.172425  0.046410  -0.173122  0.984834  0.011415  -0.043738  -0.019267  0.998857  0.005058  0.003670  0.002095  -0.183259  -0.109513  0.313285  2.000000  
126.590003 0.014801  0.097936  -0.004029  0.983857  0.172842  0.046373  -0.173527  0.984766  0.011157  -0.043738  -0.019024  0.998862  0.004951  0.003759  0.001948  -0.183185  -0.104921  0.313244  2.000000  
126.591004 0.014805  0.097940  -0.004027  0.983852  0.172850  0.046463  -0.173526  0.984769  0.010895  -0.043872  -0.018782  0.998861  0.004851  0.003800  0.001858  -0.184193  -0.100929  0.302156  2.000000  
126.592260 0.014808  0.097944  -0.004026  0.983816  0.173064  0.046423  -0.173729  0.984736  0.010647  -0.043872  -0.018540  0.998865  0.004673  0.003835  0.001717  -0.188046  -0.096256  0.295434  2.000000  
126.593509 0.014813  0.097949  -0.004024  0.983780  0.173278  0.046383  -0.173931  0.984703  0.010398  -0.043872  -0.018297  0.998870  0.004485  0.003844  0.001603  -0.187697  -0.087000  0.288584  2.000000  
126.594520 0.014815  0.097953  -0.004023  0.983780  0.173284  0.046362  -0.173931  0.984704  0.010279  -0.043872  -0.018176  0.998872  0.004304  0.003823  0.001499  -0.182975  -0.082132  0.274759  2.000000  
126.595755 0.014819  0.097957  -0.004022  0.983744  0.173498  0.046322  -0.174134  0.984671  0.010031  -0.043872  -0.017934  0.998876  0.004072  0.003748  0.001352  -0.186870  -0.077486  0.268097  2.000000  
126.597005 0.014822  0.097962  -0.004020  0.983744  0.173509  0.046280  -0.174134  0.984673  0.009792  -0.043872  -0.017691  0.998881  0.003878  0.003735  0.001310  -0.186291  -0.072643  0.254377  2.000000  
126.598008 0.014824  0.097965  -0.004019  0.983744  0.173520  0.046238  -0.174134  0.984676  0.009553  -0.043872  -0.017449  0.998885  0.003636  0.003720  0.001220  -0.189742  -0.072305  0.240524  2.000000  
126.599009 0.014826  0.097968  -0.004018  0.983750  0.173528  0.046085  -0.174135  0.984676  0.009457  -0.043738  -0.017328  0.998893  0.003423  0.003647  0.001141  -0.187908  -0.062634  0.231905  2.000000  
126.600014 0.014828  0.097971  -0.004017  0.983750  0.173539  0.046043  -0.174135  0.984679  0.009218  -0.043738  -0.017086  0.998897  0.003196  0.003558  0.001146  -0.188842  -0.058313  0.220055  2.000000  
126.601112 0.014828  0.097973  -0.004017  0.983750  0.173545  0.046022  -0.174135  0.984680  0.009098  -0.043738  -0.016965  0.998899  0.002936  0.003433  0.001037  -0.187648  -0.053345  0.205656  2.000000  
126.602259 0.014830  0.097975  -0.004017  0.983750  0.173556  0.045980  -0.174135  0.984682  0.008859  -0.043738  -0.016722  0.998903  0.002682  0.003302  0.000966  -0.187503  -0.044103  0.185893  2.000000  
126.603509 0.014831  0.097977  -0.004016  0.983750  0.173562  0.045959  -0.174135  0.984683  0.008740  -0.043738  -0.016601  0.998905  0.002374  0.003092  0.000912  -0.182776  -0.039292  0.172099  2.000000  
126.604756 0.014832  0.097979  -0.004015  0.983786  0.173370  0.045915  -0.173932  0.984721  0.008511  -0.043738  -0.016359  0.998909  0.002107  0.002888  0.000892  -0.182205  -0.034494  0.158384  2.000000  
126.606000 0.014832  0.097980  -0.004015  0.983786  0.173376  0.045894  -0.173932  0.984722  0.008391  -0.043738  -0.016238  0.998911  0.001856  0.002689  0.000799  -0.180150  -0.029478  0.143481  2.000000  
126.607002 0.014833  0.097982  -0.004014  0.983792  0.173383  0.045742  -0.173933  0.984723  0.008295  -0.043605  -0.016116  0.998919  0.001675  0.002533  0.000792  -0.175475  -0.024731  0.129837  2.000000  
126.608006 0.014833  0.097982  -0.004014  0.983827  0.173186  0.045719  -0.173731  0.984759  0.008185  -0.043605  -0.015995  0.998921  0.001484  0.002338  0.000698  -0.174604  -0.019876  0.109364  2.000000  
126.609009 0.014834  0.097983  -0.004014  0.983827  0.173192  0.045698  -0.173731  0.984760  0.008065  -0.043605  -0.015874  0.998923  0.001290  0.002113  0.000641  0.000000  0.000000  0.000000  2.000000  
126.610010 0.014834  0.097983  -0.004014  0.983863  0.172995  0.045675  -0.173528  0.984797  0.007955  -0.043605  -0.015753  0.998925  0.001090  0.001906  0.000583  0.000000  0.000000  0.000000  2.000000  
126.611259 0.014833  0.097983  -0.004013  0.983869  0.173008  0.045502  -0.173529  0.984798  0.007740  -0.043471  -0.015511  0.998934  0.000851  0.001584  0.000501  0.000000  0.000000  0.000000  2.000000  
126.612518 0.014834  0.097984  -0.004012  0.983905  0.172810  0.045479  -0.173326  0.984835  0.007630  -0.043471  -0.015390  0.998936  0.000683  0.001298  0.000477  0.000000  0.000000  0.000000  2.000000  
126.613756 0.014834  0.097984  -0.004010  0.983905  0.172821  0.045437  -0.173326  0.984837  0.007391  -0.043471  -0.015147  0.998940  0.000509  0.001080  0.000539  0.000000  0.000000  0.000000  2.000000  
126.615008 0.014833  0.097985  -0.004008  0.983940  0.172624  0.045415  -0.173124  0.984873  0.007281  -0.043471  -0.015026  0.998942  0.000391  0.000930  0.000590  0.000000  0.000000  0.000000  2.000000  
126.616255 0.014833  0.097985  -0.004006  0.983940  0.172630  0.045394  -0.173124  0.984874  0.007161  -0.043471  -0.014905  0.998944  0.000293  0.000764  0.000720  0.000000  0.000000  0.000000  2.000000  
126.617255 0.014833  0.097985  -0.004004  0.983976  0.172432  0.045371  -0.172921  0.984910  0.007051  -0.043471  -0.014784  0.998945  0.000225  0.000684  0.000848  0.000000  0.000000  0.000000  2.000000  
126.618516 0.014833  0.097986  -0.004002  0.983976  0.172443  0.045329  -0.172921  0.984912  0.006812  -0.043471  -0.014541  0.998949  0.000158  0.000565  0.000957  0.000000  0.000000  0.000000  2.000000  
126.619755 0.014834  0.097986  -0.004000  0.984017  0.172248  0.045176  -0.172720  0.984948  0.006725  -0.043337  -0.014420  0.998956  0.000119  0.000482  0.001012  0.000000  0.000000  0.000000  2.000000  
126.621001 0.014834  0.097986  -0.003999  0.984017  0.172248  0.045176  -0.172720  0.984948  0.006725  -0.043337  -0.014420  0.998956  0.000095  0.000389  0.001112  0.000000  0.000000  0.000000  2.000000  
126.622003 0.014835  0.097987  -0.003997  0.984017  0.172254  0.045155  -0.172720  0.984949  0.006606  -0.043337  -0.014299  0.998958  0.000102  0.000341  0.001170  0.000000  0.000000  0.000000  2.000000  
126.623251 0.014836  0.097987  -0.003996  0.984011  0.172257  0.045265  -0.172719  0.984950  0.006463  -0.043471  -0.014178  0.998954  0.000147  0.000293  0.001243  0.000000  0.000000  0.000000  2.000000  
126.624254 0.014837  0.097987  -0.003994  0.984011  0.172257  0.045265  -0.172719  0.984950  0.006463  -0.043471  -0.014178  0.998954  0.000174  0.000302  0.001313  0.000000  0.000000  0.000000  2.000000  
126.625255 0.014838  0.097988  -0.003993  0.984011  0.172263  0.045245  -0.172719  0.984951  0.006344  -0.043471  -0.014057  0.998956  0.000272  0.000314  0.001369  0.000000  0.000000  0.000000  2.000000  
126.626258 0.014839  0.097989  -0.003993  0.984011  0.172263  0.045245  -0.172719  0.984951  0.006344  -0.043471  -0.014057  0.998956  0.000351  0.000341  0.001367  0.000000  0.000000  0.000000  2.000000  
126.627507 0.014841  0.097989  -0.003992  0.984017  0.172265  0.045113  -0.172720  0.984950  0.006367  -0.043337  -0.014057  0.998962  0.000448  0.000370  0.001354  0.000000  0.000000  0.000000  2.000000  
126.628508 0.014842  0.097990  -0.003990  0.983976  0.172471  0.045225  -0.172921  0.984916  0.006215  -0.043471  -0.013936  0.998957  0.000545  0.000398  0.001339  0.000000  0.000000  0.000000  2.000000  
126.629509 0.014843  0.097991  -0.003989  0.983976  0.172471  0.045225  -0.172921  0.984916  0.006215  -0.043471  -0.013936  0.998957  0.000685  0.000453  0.001313  0.000000  0.000000  0.000000  2.000000  
126.630511 0.014846  0.097993  -0.003988  0.983976  0.172471  0.045225  -0.172921  0.984916  0.006215  -0.043471  -0.013936  0.998957  0.000812  0.000508  0.001237  0.000000  0.000000  0.000000  2.000000  
126.631756 0.014848  0.097994  -0.003986  0.983940  0.172679  0.045205  -0.173124  0.984881  0.006086  -0.043471  -0.013814  0.998959  0.000965  0.000564  0.001260  0.000000  0.000000  0.000000  2.000000  
126.632758 0.014851  0.097996  -0.003985  0.983940  0.172679  0.045205  -0.173124  0.984881  0.006086  -0.043471  -0.013814  0.998959  0.001202  0.000711  0.001218  0.000000  0.000000  0.000000  2.000000  
126.634004 0.014854  0.097999  -0.003983  0.983905  0.172882  0.045206  -0.173326  0.984846  0.006077  -0.043471  -0.013814  0.998959  0.001405  0.000895  0.001183  0.000000  0.000000  0.000000  2.000000  
126.635253 0.014857  0.098001  -0.003982  0.983905  0.172882  0.045206  -0.173326  0.984846  0.006077  -0.043471  -0.013814  0.998959  0.001584  0.001063  0.001181  0.000000  0.000000  0.000000  2.000000  
126.636506 0.014861  0.098005  -0.003980  0.983869  0.173085  0.045208  -0.173529  0.984810  0.006067  -0.043471  -0.013814  0.998959  0.001793  0.001253  0.001198  0.000000  0.000000  0.000000  2.000000  
126.637756 0.014864  0.098008  -0.003979  0.983869  0.173085  0.045208  -0.173529  0.984810  0.006067  -0.043471  -0.013814  0.998959  0.001964  0.001450  0.001185  0.000000  0.000000  0.000000  2.000000  
126.639003 0.014868  0.098012  -0.003976  0.983833  0.173287  0.045209  -0.173732  0.984774  0.006058  -0.043471  -0.013814  0.998959  0.002123  0.001652  0.001208  0.000000  0.000000  0.000000  2.000000  
126.640009 0.014871  0.098015  -0.003975  0.983797  0.173490  0.045210  -0.173934  0.984739  0.006049  -0.043471  -0.013814  0.998959  0.002291  0.001827  0.001241  0.000000  0.000000  0.000000  2.000000  
126.641255 0.014875  0.098019  -0.003973  0.983797  0.173490  0.045210  -0.173934  0.984739  0.006049  -0.043471  -0.013814  0.998959  0.002426  0.002031  0.001302  0.000000  0.000000  0.000000  2.000000  
126.642258 0.014878  0.098022  -0.003972  0.983762  0.173693  0.045211  -0.174137  0.984703  0.006039  -0.043471  -0.013814  0.998959  0.002540  0.002234  0.001325  0.000000  0.000000  0.000000  2.000000  
126.643508 0.014882  0.098025  -0.003972  0.983720  0.173888  0.045365  -0.174338  0.984667  0.006126  -0.043605  -0.013935  0.998952  0.002637  0.002360  0.001266  0.000000  0.000000  0.000000  2.000000  
126.644509 0.014884  0.098029  -0.003971  0.983720  0.173888  0.045365  -0.174338  0.984667  0.006126  -0.043605  -0.013935  0.998952  0.002735  0.002511  0.001276  0.000000  0.000000  0.000000  2.000000  
126.645755 0.014888  0.098033  -0.003970  0.983684  0.174085  0.045388  -0.174541  0.984630  0.006236  -0.043605  -0.014057  0.998950  0.002826  0.002698  0.001193  0.000000  0.000000  0.000000  2.000000  
126.647006 0.014892  0.098037  -0.003969  0.983648  0.174288  0.045389  -0.174743  0.984594  0.006227  -0.043605  -0.014057  0.998950  0.002875  0.002790  0.001150  0.000000  0.000000  0.000000  2.000000  
126.648007 0.014896  0.098040  -0.003968  0.983648  0.174288  0.045389  -0.174743  0.984594  0.006227  -0.043605  -0.014057  0.998950  0.002941  0.002895  0.001103  0.000000  0.000000  0.000000  2.000000  
126.649008 0.014899  0.098043  -0.003966  0.983612  0.174485  0.045412  -0.174946  0.984558  0.006337  -0.043605  -0.014178  0.998948  0.002976  0.002947  0.001157  0.000000  0.000000  0.000000  2.000000  
126.650256 0.014903  0.098047  -0.003964  0.983612  0.174485  0.045412  -0.174946  0.984558  0.006337  -0.043605  -0.014178  0.998948  0.003061  0.003092  0.001170  0.000000  0.000000  0.000000  2.000000  
126.651257 0.014906  0.098051  -0.003963  0.983570  0.174681  0.045566  -0.175147  0.984521  0.006424  -0.043738  -0.014299  0.998941  0.003050  0.003117  0.001158  0.000000  0.000000  0.000000  2.000000  
126.652518 0.014909  0.098055  -0.003961  0.983534  0.174878  0.045588  -0.175350  0.984485  0.006534  -0.043738  -0.014420  0.998939  0.003064  0.003151  0.001217  0.000000  0.000000  0.000000  2.000000  
126.653751 0.014913  0.098058  -0.003959  0.983534  0.174878  0.045588  -0.175350  0.984485  0.006534  -0.043738  -0.014420  0.998939  0.003006  0.003127  0.001187  0.000000  0.000000  0.000000  2.000000  
126.654752 0.014915  0.098061  -0.003958  0.983534  0.174872  0.045609  -0.175350  0.984484  0.006653  -0.043738  -0.014541  0.998937  0.002942  0.003117  0.001162  0.000000  0.000000  0.000000  2.000000  
126.655755 0.014917  0.098064  -0.003956  0.983498  0.175075  0.045611  -0.175552  0.984448  0.006644  -0.043738  -0.014541  0.998937  0.002908  0.003098  0.001201  0.000000  0.000000  0.000000  2.000000  
126.656756 0.014920  0.098067  -0.003955  0.983498  0.175069  0.045632  -0.175552  0.984447  0.006763  -0.043738  -0.014662  0.998935  0.002883  0.003092  0.001211  0.000000  0.000000  0.000000  2.000000  
126.658024 0.014922  0.098070  -0.003954  0.983492  0.175062  0.045785  -0.175551  0.984446  0.006859  -0.043872  -0.014783  0.998928  0.002805  0.003030  0.001198  0.000000  0.000000  0.000000  2.000000  
126.659261 0.014924  0.098073  -0.003952  0.983456  0.175265  0.045786  -0.175754  0.984410  0.006850  -0.043872  -0.014783  0.998928  0.002692  0.002964  0.001263  0.000000  0.000000  0.000000  2.000000  
126.660507 0.014927  0.098075  -0.003951  0.983456  0.175259  0.045807  -0.175754  0.984410  0.006969  -0.043872  -0.014905  0.998926  0.002615  0.002884  0.001299  0.000000  0.000000  0.000000  2.000000  
126.661507 0.014929  0.098077  -0.003950  0.983456  0.175253  0.045829  -0.175754  0.984409  0.007088  -0.043872  -0.015026  0.998924  0.002521  0.002789  0.001311  0.000000  0.000000  0.000000  2.000000  
126.662520 0.014930  0.098079  -0.003949  0.983450  0.175252  0.045960  -0.175753  0.984409  0.007065  -0.044006  -0.015026  0.998918  0.002414  0.002696  0.001275  0.000000  0.000000  0.000000  2.000000  
126.663756 0.014932  0.098081  -0.003948  0.983414  0.175449  0.045983  -0.175955  0.984372  0.007175  -0.044006  -0.015147  0.998916  0.002292  0.002551  0.001230  0.000000  0.000000  0.000000  2.000000  
126.664758 0.014934  0.098083  -0.003947  0.983414  0.175443  0.046004  -0.175955  0.984371  0.007294  -0.044006  -0.015268  0.998915  0.002197  0.002434  0.001207  0.000000  0.000000  0.000000  2.000000  
126.666007 0.014936  0.098084  -0.003945  0.983408  0.175441  0.046136  -0.175954  0.984372  0.007271  -0.044139  -0.015268  0.998909  0.002039  0.002232  0.001184  0.000000  0.000000  0.000000  2.000000  
126.667255 0.014937  0.098084  -0.003945  0.983408  0.175435  0.046157  -0.175954  0.984371  0.007390  -0.044139  -0.015389  0.998907  0.001936  0.002051  0.001117  0.000000  0.000000  0.000000  2.000000  
126.668502 0.014939  0.098085  -0.003944  0.983408  0.175430  0.046178  -0.175954  0.984370  0.007510  -0.044139  -0.015510  0.998905  0.001794  0.001848  0.001060  0.000000  0.000000  0.000000  2.000000  
126.669764 0.014940  0.098086  -0.003943  0.983403  0.175428  0.046310  -0.175953  0.984370  0.007486  -0.044273  -0.015510  0.998899  0.001619  0.001610  0.000971  0.000000  0.000000  0.000000  2.000000  
126.671003 0.014941  0.098086  -0.003942  0.983403  0.175422  0.046331  -0.175953  0.984369  0.007605  -0.044273  -0.015631  0.998897  0.001510  0.001444  0.000944  0.000000  0.000000  0.000000  2.000000  
126.672251 0.014941  0.098086  -0.003942  0.983403  0.175422  0.046331  -0.175953  0.984369  0.007605  -0.044273  -0.015631  0.998897  0.001381  0.001237  0.000850  0.000000  0.000000  0.000000  2.000000  
126.673256 0.014942  0.098086  -0.003941  0.983397  0.175414  0.046484  -0.175952  0.984369  0.007701  -0.044407  -0.015752  0.998889  0.001247  0.001057  0.000842  0.000000  0.000000  0.000000  2.000000  
126.674259 0.014942  0.098086  -0.003940  0.983397  0.175414  0.046484  -0.175952  0.984369  0.007701  -0.044407  -0.015752  0.998889  0.001187  0.000925  0.000804  0.000000  0.000000  0.000000  2.000000  
126.675509 0.014943  0.098087  -0.003940  0.983391  0.175407  0.046637  -0.175951  0.984368  0.007797  -0.044540  -0.015873  0.998881  0.001041  0.000787  0.000736  0.000000  0.000000  0.000000  2.000000  
126.676759 0.014943  0.098086  -0.003939  0.983391  0.175407  0.046637  -0.175951  0.984368  0.007797  -0.044540  -0.015873  0.998881  0.000896  0.000581  0.000677  0.000000  0.000000  0.000000  2.000000  
126.678008 0.014943  0.098086  -0.003939  0.983385  0.175399  0.046790  -0.175950  0.984368  0.007893  -0.044674  -0.015995  0.998874  0.000755  0.000398  0.000570  0.000000  0.000000  0.000000  2.000000  
126.679254 0.014943  0.098086  -0.003940  0.983385  0.175399  0.046790  -0.175950  0.984368  0.007893  -0.044674  -0.015995  0.998874  0.000663  0.000272  0.000503  0.000000  0.000000  0.000000  2.000000  
126.680255 0.014943  0.098086  -0.003940  0.983379  0.175397  0.046921  -0.175949  0.984368  0.007869  -0.044808  -0.015994  0.998868  0.000564  0.000205  0.000422  0.000000  0.000000  0.000000  2.000000  
126.681255 0.014943  0.098085  -0.003940  0.983379  0.175391  0.046943  -0.175949  0.984367  0.007989  -0.044808  -0.016116  0.998866  0.000449  0.000060  0.000383  0.000000  0.000000  0.000000  2.000000  
126.682520 0.014944  0.098085  -0.003938  0.983373  0.175389  0.047074  -0.175948  0.984367  0.007965  -0.044941  -0.016116  0.998860  0.000404  0.000032  0.000395  0.000000  0.000000  0.000000  2.000000  
126.683755 0.014944  0.098085  -0.003938  0.983373  0.175389  0.047074  -0.175948  0.984367  0.007965  -0.044941  -0.016116  0.998860  0.000354  -0.000057  0.000359  0.000000  0.000000  0.000000  2.000000  
126.685002 0.014945  0.098085  -0.003938  0.983367  0.175381  0.047227  -0.175947  0.984367  0.008061  -0.045075  -0.016237  0.998852  0.000348  -0.000056  0.000354  0.000000  0.000000  0.000000  2.000000  
126.686004 0.014945  0.098084  -0.003937  0.983325  0.175582  0.047360  -0.176148  0.984331  0.008028  -0.045209  -0.016236  0.998846  0.000294  -0.000120  0.000312  0.000000  0.000000  0.000000  2.000000  
126.687253 0.014946  0.098084  -0.003937  0.983325  0.175582  0.047360  -0.176148  0.984331  0.008028  -0.045209  -0.016236  0.998846  0.000263  -0.000152  0.000289  0.000000  0.000000  0.000000  2.000000  
126.688256 0.014946  0.098085  -0.003936  0.983319  0.175574  0.047513  -0.176147  0.984330  0.008124  -0.045342  -0.016358  0.998838  0.000302  -0.000122  0.000272  0.000000  0.000000  0.000000  2.000000  
126.689504 0.014947  0.098085  -0.003936  0.983319  0.175574  0.047513  -0.176147  0.984330  0.008124  -0.045342  -0.016358  0.998838  0.000302  -0.000122  0.000272  0.000000  0.000000  0.000000  2.000000  
126.690750 0.014948  0.098085  -0.003935  0.983313  0.175572  0.047645  -0.176146  0.984331  0.008100  -0.045476  -0.016357  0.998832  0.000332  -0.000091  0.000295  0.000000  0.000000  0.000000  2.000000  
126.691753 0.014949  0.098086  -0.003935  0.983307  0.175569  0.047776  -0.176145  0.984331  0.008077  -0.045610  -0.016357  0.998825  0.000416  -0.000058  0.000317  0.000000  0.000000  0.000000  2.000000  
126.692764 0.014950  0.098087  -0.003934  0.983271  0.175766  0.047799  -0.176347  0.984294  0.008186  -0.045610  -0.016478  0.998823  0.000472  0.000030  0.000358  0.000000  0.000000  0.000000  2.000000  
126.694008 0.014951  0.098087  -0.003933  0.983265  0.175764  0.047931  -0.176346  0.984294  0.008163  -0.045743  -0.016478  0.998817  0.000509  0.000123  0.000430  0.000000  0.000000  0.000000  2.000000  
126.695254 0.014952  0.098088  -0.003932  0.983259  0.175762  0.048062  -0.176345  0.984295  0.008139  -0.045877  -0.016478  0.998811  0.000601  0.000189  0.000503  0.000000  0.000000  0.000000  2.000000  
126.696255 0.014954  0.098090  -0.003932  0.983222  0.175959  0.048085  -0.176547  0.984258  0.008248  -0.045877  -0.016599  0.998809  0.000693  0.000303  0.000526  0.000000  0.000000  0.000000  2.000000  
126.697255 0.014955  0.098091  -0.003931  0.983216  0.175957  0.048217  -0.176546  0.984258  0.008225  -0.046010  -0.016599  0.998803  0.000770  0.000394  0.000535  0.000000  0.000000  0.000000  2.000000  
126.698517 0.014957  0.098093  -0.003930  0.983216  0.175957  0.048217  -0.176546  0.984258  0.008225  -0.046010  -0.016599  0.998803  0.000882  0.000568  0.000569  0.000000  0.000000  0.000000  2.000000  
126.699755 0.014959  0.098095  -0.003928  0.983174  0.176157  0.048350  -0.176748  0.984222  0.008191  -0.046144  -0.016599  0.998797  0.000963  0.000689  0.000629  0.000000  0.000000  0.000000  2.000000  
126.701004 0.014962  0.098098  -0.003927  0.983131  0.176357  0.048483  -0.176949  0.984186  0.008158  -0.046278  -0.016599  0.998791  0.001130  0.000885  0.000711  0.000000  0.000000  0.000000  2.000000  
126.702256 0.014964  0.098100  -0.003926  0.983125  0.176349  0.048636  -0.176948  0.984186  0.008253  -0.046411  -0.016720  0.998782  0.001263  0.001075  0.000758  0.000000  0.000000  0.000000  2.000000  
126.703501 0.014967  0.098103  -0.003924  0.983089  0.176552  0.048638  -0.177150  0.984149  0.008243  -0.046411  -0.016720  0.998782  0.001381  0.001238  0.000851  0.000000  0.000000  0.000000  2.000000  
126.704567 0.014969  0.098105  -0.003922  0.983083  0.176550  0.048769  -0.177149  0.984150  0.008220  -0.046545  -0.016720  0.998776  0.001492  0.001369  0.000884  0.000000  0.000000  0.000000  2.000000  
126.705755 0.014972  0.098108  -0.003920  0.983046  0.176752  0.048771  -0.177352  0.984113  0.008210  -0.046545  -0.016720  0.998776  0.001596  0.001532  0.001007  0.000000  0.000000  0.000000  2.000000  
126.707007 0.014975  0.098112  -0.003918  0.983004  0.176953  0.048904  -0.177553  0.984077  0.008176  -0.046679  -0.016720  0.998770  0.001727  0.001742  0.001103  0.000000  0.000000  0.000000  2.000000  
126.708255 0.014978  0.098115  -0.003916  0.982997  0.176945  0.049057  -0.177552  0.984077  0.008271  -0.046812  -0.016841  0.998762  0.001879  0.001900  0.001221  0.000000  0.000000  0.000000  2.000000  
126.709258 0.014981  0.098118  -0.003914  0.982961  0.177147  0.049059  -0.177754  0.984040  0.008261  -0.046812  -0.016841  0.998762  0.002003  0.002049  0.001267  0.000000  0.000000  0.000000  2.000000  
126.710510 0.014984  0.098122  -0.003912  0.982918  0.177348  0.049192  -0.177955  0.984004  0.008227  -0.046946  -0.016841  0.998755  0.002072  0.002194  0.001315  0.000000  0.000000  0.000000  2.000000  
126.711755 0.014987  0.098126  -0.003909  0.982881  0.177550  0.049194  -0.178158  0.983968  0.008217  -0.046946  -0.016841  0.998755  0.002164  0.002344  0.001434  0.000000  0.000000  0.000000  2.000000  
126.712758 0.014990  0.098129  -0.003908  0.982875  0.177548  0.049325  -0.178157  0.983968  0.008193  -0.047080  -0.016841  0.998749  0.002295  0.002500  0.001481  0.000000  0.000000  0.000000  2.000000  
126.713759 0.014992  0.098132  -0.003906  0.982839  0.177751  0.049327  -0.178359  0.983931  0.008183  -0.047080  -0.016841  0.998749  0.002331  0.002594  0.001553  0.000000  0.000000  0.000000  2.000000  
126.714767 0.014995  0.098136  -0.003904  0.982796  0.177951  0.049460  -0.178560  0.983895  0.008149  -0.047213  -0.016841  0.998743  0.002400  0.002739  0.001600  0.000000  0.000000  0.000000  2.000000  
126.716009 0.014998  0.098140  -0.003902  0.982796  0.177951  0.049460  -0.178560  0.983895  0.008149  -0.047213  -0.016841  0.998743  0.002441  0.002838  0.001676  0.000000  0.000000  0.000000  2.000000  
126.717018 0.015001  0.098143  -0.003900  0.982753  0.178151  0.049593  -0.178761  0.983859  0.008115  -0.047347  -0.016841  0.998737  0.002483  0.002899  0.001755  0.000000  0.000000  0.000000  2.000000  
