1-Time 2-Px 3-Py 4-Pz 5-R11 6-R21 7-R31 8-R12 9-R22 10-R32 11-R13 12-R23 13-R33 14-Vx 15-Vy 16-Vz 17-Wx 18-Wy 19-Wz 20-state 21-PR11 22-PR21 23-PR31 24-PR12 25-PR22 26-PR32 27-PR13 28-PR23 29-PR33 
277.463593 -0.001621  0.086728  -0.015032  0.998489  -0.047773  -0.027161  0.031050  0.082636  0.996096  -0.045342  -0.995434  0.083994  -0.000061  0.000017  -0.000133  0.000000  0.000000  0.000000  2.000000  
277.464838 -0.001621  0.086728  -0.015032  0.998489  -0.047773  -0.027161  0.031050  0.082636  0.996096  -0.045342  -0.995434  0.083994  -0.000092  -0.000006  -0.000151  0.000000  0.000000  0.000000  2.000000  
277.466086 -0.001623  0.086725  -0.015033  0.998482  -0.047674  -0.027582  0.031461  0.082620  0.996084  -0.045209  -0.995440  0.083995  -0.000213  -0.000240  -0.000196  0.000000  0.000000  0.000000  2.000000  
277.467335 -0.001626  0.086721  -0.015033  0.998488  -0.047428  -0.027804  0.031667  0.082740  0.996068  -0.044941  -0.995442  0.084117  -0.000368  -0.000517  -0.000214  0.000000  0.000000  0.000000  2.000000  
277.468343 -0.001627  0.086718  -0.015033  0.998494  -0.047295  -0.027815  0.031667  0.082744  0.996068  -0.044808  -0.995448  0.084117  -0.000488  -0.000699  -0.000177  0.000000  0.000000  0.000000  2.000000  
277.469587 -0.001629  0.086714  -0.015032  0.998493  -0.047182  -0.028026  0.031873  0.082859  0.996051  -0.044674  -0.995444  0.084238  -0.000592  -0.000926  -0.000124  0.000000  0.000000  0.000000  2.000000  
277.470591 -0.001631  0.086712  -0.015032  0.998486  -0.047199  -0.028231  0.032078  0.082850  0.996046  -0.044674  -0.995444  0.084238  -0.000692  -0.001133  -0.000115  0.000000  0.000000  0.000000  2.000000  
277.471832 -0.001633  0.086708  -0.015032  0.998480  -0.047220  -0.028430  0.032284  0.082961  0.996030  -0.044674  -0.995433  0.084359  -0.000818  -0.001389  -0.000115  0.000000  0.000000  0.000000  2.000000  
277.472838 -0.001634  0.086705  -0.015033  0.998472  -0.047124  -0.028846  0.032695  0.083066  0.996008  -0.044540  -0.995429  0.084480  -0.000895  -0.001601  -0.000178  0.000000  0.000000  0.000000  2.000000  
277.474083 -0.001635  0.086701  -0.015034  0.998472  -0.047016  -0.029051  0.032901  0.083303  0.995981  -0.044407  -0.995415  0.084722  -0.001004  -0.001839  -0.000259  0.000000  0.000000  0.000000  2.000000  
277.475084 -0.001637  0.086699  -0.015035  0.998464  -0.046920  -0.029467  0.033312  0.083409  0.995958  -0.044273  -0.995410  0.084844  -0.001100  -0.002025  -0.000295  0.000000  0.000000  0.000000  2.000000  
277.476336 -0.001639  0.086695  -0.015038  0.998462  -0.046692  -0.029894  0.033724  0.083519  0.995935  -0.044006  -0.995412  0.084965  -0.001279  -0.002286  -0.000420  0.000000  0.000000  0.000000  2.000000  
277.477585 -0.001643  0.086690  -0.015040  0.998460  -0.046468  -0.030315  0.034135  0.083751  0.995902  -0.043738  -0.995403  0.085208  -0.001477  -0.002572  -0.000598  0.000000  0.000000  0.000000  2.000000  
277.478590 -0.001646  0.086685  -0.015043  0.998458  -0.046355  -0.030526  0.034341  0.083866  0.995885  -0.043605  -0.995398  0.085329  -0.001703  -0.002882  -0.000790  0.000000  0.000000  0.000000  2.000000  
277.479592 -0.001651  0.086679  -0.015046  0.998450  -0.046261  -0.030942  0.034752  0.083973  0.995862  -0.043471  -0.995394  0.085450  -0.001996  -0.003283  -0.000972  0.000000  0.000000  0.000000  2.000000  
277.480835 -0.001657  0.086671  -0.015048  0.998454  -0.046019  -0.031159  0.034958  0.084214  0.995834  -0.043204  -0.995384  0.085693  -0.002285  -0.003632  -0.001069  0.000000  0.000000  0.000000  2.000000  
277.482087 -0.001663  0.086663  -0.015050  0.998452  -0.045795  -0.031580  0.035370  0.084446  0.995800  -0.042936  -0.995375  0.085935  -0.002548  -0.003932  -0.001157  0.000000  0.000000  0.000000  2.000000  
277.483335 -0.001669  0.086655  -0.015051  0.998448  -0.045572  -0.032002  0.035781  0.084678  0.995766  -0.042669  -0.995366  0.086178  -0.002796  -0.004231  -0.001189  0.000000  0.000000  0.000000  2.000000  
277.484587 -0.001675  0.086646  -0.015051  0.998452  -0.045331  -0.032219  0.035987  0.084920  0.995738  -0.042401  -0.995356  0.086420  -0.003082  -0.004555  -0.001288  0.000000  0.000000  0.000000  2.000000  
277.485592 -0.001680  0.086640  -0.015052  0.998456  -0.045090  -0.032437  0.036193  0.085162  0.995710  -0.042134  -0.995346  0.086662  -0.003293  -0.004803  -0.001303  0.000000  0.000000  0.000000  2.000000  
277.486838 -0.001685  0.086632  -0.015052  0.998458  -0.044738  -0.032865  0.036605  0.085520  0.995664  -0.041733  -0.995332  0.087026  -0.003555  -0.005097  -0.001257  -0.094069  0.189428  0.105569  2.000000  
277.488088 -0.001690  0.086624  -0.015052  0.998467  -0.044364  -0.033094  0.036811  0.085767  0.995635  -0.041332  -0.995327  0.087269  -0.003773  -0.005369  -0.001229  -0.101948  0.197468  0.118382  2.000000  
277.489338 -0.001695  0.086617  -0.015052  0.998471  -0.044124  -0.033312  0.037017  0.086010  0.995606  -0.041065  -0.995317  0.087511  -0.003985  -0.005667  -0.001193  -0.109817  0.205125  0.126713  2.000000  
277.490595 -0.001700  0.086609  -0.015053  0.998479  -0.043754  -0.033536  0.037223  0.086378  0.995567  -0.040664  -0.995301  0.087875  -0.004166  -0.005907  -0.001145  -0.121475  0.220057  0.138909  2.000000  
277.491836 -0.001706  0.086602  -0.015054  0.998488  -0.043381  -0.033766  0.037429  0.086625  0.995538  -0.040263  -0.995296  0.088118  -0.004392  -0.006105  -0.001045  -0.129408  0.228188  0.151766  2.000000  
277.493081 -0.001712  0.086593  -0.015055  0.998496  -0.043012  -0.033990  0.037636  0.086994  0.995498  -0.039861  -0.995280  0.088482  -0.004457  -0.006316  -0.000896  -0.140251  0.234375  0.163247  2.000000  
277.494335 -0.001718  0.086583  -0.015056  0.998499  -0.042776  -0.034203  0.037842  0.087357  0.995458  -0.039594  -0.995258  0.088845  -0.004574  -0.006505  -0.000684  -0.157488  0.244051  0.172967  2.000000  
277.495581 -0.001725  0.086574  -0.015055  0.998515  -0.042389  -0.034223  0.037842  0.087734  0.995425  -0.039193  -0.995242  0.089208  -0.004605  -0.006584  -0.000472  -0.164629  0.236026  0.180966  2.000000  
277.496591 -0.001730  0.086566  -0.015055  0.998512  -0.042287  -0.034425  0.038048  0.088093  0.995385  -0.039059  -0.995214  0.089571  -0.004640  -0.006637  -0.000372  -0.176781  0.236047  0.180914  2.000000  
277.497836 -0.001737  0.086557  -0.015055  0.998523  -0.042033  -0.034434  0.038048  0.088465  0.995352  -0.038792  -0.995192  0.089934  -0.004663  -0.006681  -0.000277  -0.186755  0.231169  0.182963  2.000000  
277.498837 -0.001742  0.086550  -0.015054  0.998533  -0.041776  -0.034448  0.038049  0.088717  0.995330  -0.038524  -0.995180  0.090176  -0.004709  -0.006721  -0.000215  -0.191154  0.224697  0.187996  2.000000  
277.500085 -0.001749  0.086541  -0.015055  0.998548  -0.041389  -0.034469  0.038049  0.089094  0.995296  -0.038123  -0.995163  0.090540  -0.004776  -0.006787  -0.000205  -0.201727  0.224024  0.199712  2.000000  
277.501088 -0.001755  0.086533  -0.015055  0.998551  -0.041154  -0.034683  0.038255  0.089458  0.995256  -0.037856  -0.995140  0.090903  -0.004854  -0.006901  -0.000240  -0.211850  0.219818  0.210863  2.000000  
277.502088 -0.001761  0.086526  -0.015055  0.998566  -0.040767  -0.034704  0.038256  0.089836  0.995222  -0.037455  -0.995122  0.091266  -0.004968  -0.006942  -0.000234  -0.220340  0.213775  0.220375  2.000000  
277.503335 -0.001766  0.086518  -0.015054  0.998576  -0.040518  -0.034709  0.038256  0.090329  0.995177  -0.037187  -0.995087  0.091750  -0.005034  -0.006956  -0.000143  -0.231006  0.206081  0.228031  2.000000  
277.504586 -0.001772  0.086510  -0.015053  0.998583  -0.040150  -0.034936  0.038462  0.090698  0.995135  -0.036786  -0.995069  0.092114  -0.005079  -0.007040  -0.000026  -0.239477  0.199738  0.233072  2.000000  
277.505834 -0.001778  0.086501  -0.015052  0.998600  -0.039882  -0.034737  0.038257  0.091199  0.995098  -0.036519  -0.995034  0.092597  -0.005180  -0.007144  0.000146  -0.250425  0.180761  0.236702  2.000000  
277.507082 -0.001786  0.086492  -0.015051  0.998610  -0.039633  -0.034742  0.038258  0.091692  0.995052  -0.036251  -0.994998  0.093081  -0.005286  -0.007222  0.000308  -0.263302  0.167501  0.242414  2.000000  
277.508335 -0.001793  0.086482  -0.015050  0.998620  -0.039384  -0.034748  0.038258  0.092185  0.995007  -0.035984  -0.994963  0.093565  -0.005391  -0.007284  0.000427  -0.269763  0.152524  0.241547  2.000000  
277.509587 -0.001801  0.086472  -0.015049  0.998629  -0.039131  -0.034759  0.038258  0.092557  0.994972  -0.035717  -0.994938  0.093928  -0.005455  -0.007294  0.000517  -0.278455  0.139342  0.247214  2.000000  
277.510836 -0.001810  0.086461  -0.015048  0.998644  -0.038748  -0.034778  0.038259  0.093055  0.994926  -0.035316  -0.994907  0.094412  -0.005584  -0.007405  0.000492  -0.285433  0.127241  0.254939  2.000000  
277.512084 -0.001818  0.086450  -0.015049  0.998653  -0.038499  -0.034784  0.038259  0.093548  0.994879  -0.035048  -0.994870  0.094895  -0.005666  -0.007485  0.000442  -0.295484  0.119430  0.253400  2.000000  
277.513090 -0.001825  0.086442  -0.015050  0.998670  -0.038227  -0.034591  0.038054  0.093928  0.994851  -0.034781  -0.994845  0.095258  -0.005798  -0.007605  0.000284  -0.302792  0.099824  0.257306  2.000000  
277.514335 -0.001835  0.086430  -0.015054  0.998684  -0.037844  -0.034611  0.038054  0.094426  0.994804  -0.034379  -0.994812  0.095742  -0.005987  -0.007750  0.000049  -0.311317  0.093467  0.262446  2.000000  
277.515335 -0.001843  0.086421  -0.015057  0.998693  -0.037591  -0.034623  0.038055  0.094798  0.994769  -0.034112  -0.994787  0.096105  -0.006175  -0.007864  -0.000145  -0.313086  0.085950  0.260891  2.000000  
277.516336 -0.001851  0.086412  -0.015060  0.998702  -0.037337  -0.034635  0.038055  0.095171  0.994733  -0.033845  -0.994761  0.096468  -0.006320  -0.008000  -0.000352  -0.317544  0.079234  0.261608  2.000000  
277.517587 -0.001861  0.086401  -0.015064  0.998719  -0.037069  -0.034438  0.037850  0.095671  0.994693  -0.033577  -0.994723  0.096951  -0.006560  -0.008160  -0.000624  -0.325959  0.065210  0.258232  2.000000  
277.518590 -0.001868  0.086393  -0.015067  0.998728  -0.036815  -0.034450  0.037850  0.096043  0.994657  -0.033310  -0.994696  0.097314  -0.006703  -0.008264  -0.000832  -0.333250  0.052058  0.261620  2.000000  
277.519837 -0.001878  0.086382  -0.015070  0.998741  -0.036433  -0.034472  0.037851  0.096541  0.994609  -0.032909  -0.994662  0.097798  -0.007018  -0.008436  -0.001200  -0.337576  0.045283  0.262226  2.000000  
277.521089 -0.001889  0.086370  -0.015074  0.998750  -0.036184  -0.034480  0.037851  0.097033  0.994561  -0.032641  -0.994623  0.098282  -0.007316  -0.008655  -0.001590  -0.345736  0.044959  0.257733  2.000000  
277.522333 -0.001900  0.086358  -0.015079  0.998767  -0.035914  -0.034284  0.037646  0.097533  0.994520  -0.032374  -0.994584  0.098765  -0.007541  -0.008825  -0.001965  -0.351521  0.031032  0.256910  2.000000  
277.523596 -0.001912  0.086345  -0.015084  0.998775  -0.035665  -0.034293  0.037646  0.098026  0.994472  -0.032106  -0.994545  0.099248  -0.007806  -0.009010  -0.002397  -0.354554  0.024099  0.255102  2.000000  
277.524833 -0.001924  0.086333  -0.015090  0.998784  -0.035416  -0.034303  0.037646  0.098518  0.994423  -0.031839  -0.994505  0.099732  -0.008093  -0.009150  -0.002834  -0.356134  0.017193  0.253791  2.000000  
277.525833 -0.001933  0.086322  -0.015095  0.998788  -0.035299  -0.034299  0.037647  0.099006  0.994374  -0.031705  -0.994461  0.100215  -0.008245  -0.009283  -0.003109  -0.363406  0.010132  0.252065  2.000000  
277.527081 -0.001946  0.086309  -0.015101  0.998808  -0.034897  -0.034118  0.037441  0.099511  0.994332  -0.031304  -0.994424  0.100699  -0.008532  -0.009409  -0.003501  -0.368706  0.003735  0.255057  2.000000  
277.528081 -0.001956  0.086299  -0.015107  0.998813  -0.034780  -0.034114  0.037442  0.099998  0.994283  -0.031170  -0.994380  0.101181  -0.008720  -0.009537  -0.003781  -0.372814  0.003417  0.250662  2.000000  
277.529340 -0.001968  0.086286  -0.015114  0.998821  -0.034531  -0.034124  0.037442  0.100490  0.994233  -0.030903  -0.994339  0.101665  -0.008885  -0.009627  -0.004001  -0.379862  0.003119  0.248187  2.000000  
277.530597 -0.001981  0.086273  -0.015122  0.998833  -0.034153  -0.034145  0.037442  0.101108  0.994171  -0.030501  -0.994289  0.102269  -0.009087  -0.009721  -0.004255  -0.388095  -0.003208  0.253230  2.000000  
277.531835 -0.001994  0.086260  -0.015129  0.998841  -0.033903  -0.034155  0.037443  0.101601  0.994120  -0.030234  -0.994247  0.102752  -0.009261  -0.009827  -0.004487  -0.389083  -0.003509  0.246806  2.000000  
277.533085 -0.002006  0.086248  -0.015137  0.998849  -0.033658  -0.034163  0.037443  0.102213  0.994058  -0.029966  -0.994193  0.103356  -0.009429  -0.009929  -0.004805  -0.392336  -0.003827  0.244401  2.000000  
277.534336 -0.002019  0.086234  -0.015146  0.998865  -0.033388  -0.033969  0.037238  0.102713  0.994014  -0.029699  -0.994151  0.103839  -0.009663  -0.010100  -0.005153  -0.396869  -0.017930  0.241286  2.000000  
277.535341 -0.002030  0.086224  -0.015154  0.998873  -0.033139  -0.033981  0.037238  0.103205  0.993963  -0.029431  -0.994108  0.104322  -0.009855  -0.010232  -0.005486  -0.400569  -0.010942  0.240530  2.000000  
277.536589 -0.002043  0.086210  -0.015164  0.998881  -0.032893  -0.033989  0.037238  0.103817  0.993899  -0.029164  -0.994052  0.104926  -0.010015  -0.010342  -0.005886  -0.404691  -0.010812  0.240569  2.000000  
277.537836 -0.002056  0.086197  -0.015173  0.998889  -0.032644  -0.034001  0.037238  0.104310  0.993847  -0.028896  -0.994009  0.105409  -0.010107  -0.010417  -0.006140  -0.404692  -0.010696  0.240580  2.000000  
277.539085 -0.002069  0.086183  -0.015182  0.998900  -0.032266  -0.034024  0.037239  0.104927  0.993782  -0.028495  -0.993956  0.106013  -0.010190  -0.010439  -0.006429  -0.408771  -0.010116  0.245069  2.000000  
277.540085 -0.002079  0.086173  -0.015189  0.998911  -0.032124  -0.033822  0.037033  0.105300  0.993751  -0.028362  -0.993921  0.106375  -0.010230  -0.010489  -0.006535  -0.409688  -0.016784  0.243757  2.000000  
277.541086 -0.002090  0.086162  -0.015195  0.998919  -0.031874  -0.033835  0.037034  0.105792  0.993698  -0.028094  -0.993877  0.106858  -0.010280  -0.010519  -0.006652  -0.413106  -0.017259  0.241332  2.000000  
277.542086 -0.002100  0.086151  -0.015201  0.998934  -0.031603  -0.033643  0.036828  0.106291  0.993653  -0.027827  -0.993833  0.107341  -0.010268  -0.010519  -0.006686  -0.417319  -0.024034  0.241999  2.000000  
277.543331 -0.002113  0.086138  -0.015209  0.998942  -0.031358  -0.033653  0.036829  0.106903  0.993587  -0.027559  -0.993775  0.107945  -0.010340  -0.010550  -0.006705  -0.421847  -0.016901  0.239380  2.000000  
277.544333 -0.002123  0.086128  -0.015215  0.998949  -0.031108  -0.033667  0.036829  0.107395  0.993534  -0.027292  -0.993730  0.108428  -0.010343  -0.010550  -0.006705  -0.425829  -0.016798  0.239358  2.000000  
277.545581 -0.002136  0.086115  -0.015221  0.998964  -0.030841  -0.033473  0.036623  0.108014  0.993475  -0.027024  -0.993671  0.109031  -0.010372  -0.010548  -0.006637  -0.430094  -0.023492  0.240085  2.000000  
277.546601 -0.002147  0.086104  -0.015227  0.998971  -0.030587  -0.033491  0.036624  0.108385  0.993434  -0.026757  -0.993638  0.109394  -0.010369  -0.010586  -0.006646  -0.429297  -0.024033  0.237463  2.000000  
277.547836 -0.002160  0.086091  -0.015234  0.998978  -0.030342  -0.033502  0.036624  0.108997  0.993367  -0.026489  -0.993579  0.109997  -0.010439  -0.010632  -0.006552  -0.437507  -0.017054  0.236911  2.000000  
277.549085 -0.002174  0.086077  -0.015242  0.998993  -0.030074  -0.033308  0.036419  0.109616  0.993307  -0.026222  -0.993519  0.110600  -0.010488  -0.010670  -0.006487  -0.442155  -0.023621  0.235666  2.000000  
277.550335 -0.002188  0.086063  -0.015250  0.999010  -0.029673  -0.033130  0.036213  0.110239  0.993245  -0.025820  -0.993462  0.111204  -0.010493  -0.010697  -0.006423  -0.446009  -0.030552  0.238361  2.000000  
277.551336 -0.002198  0.086052  -0.015256  0.999014  -0.029556  -0.033131  0.036213  0.110725  0.993191  -0.025687  -0.993411  0.111687  -0.010507  -0.010696  -0.006226  -0.450042  -0.030922  0.233885  2.000000  
277.552344 -0.002209  0.086042  -0.015262  0.999028  -0.029284  -0.032942  0.036008  0.111223  0.993143  -0.025419  -0.993364  0.112169  -0.010493  -0.010658  -0.006132  -0.450124  -0.030340  0.238421  2.000000  
277.553598 -0.002222  0.086029  -0.015268  0.999042  -0.029011  -0.032753  0.035803  0.111720  0.993095  -0.025151  -0.993316  0.112652  -0.010501  -0.010614  -0.005965  -0.450046  -0.037082  0.239031  2.000000  
277.554600 -0.002232  0.086019  -0.015273  0.999049  -0.028761  -0.032770  0.035803  0.112212  0.993039  -0.024884  -0.993268  0.113135  -0.010515  -0.010576  -0.005802  -0.454071  -0.036979  0.239029  2.000000  
277.555836 -0.002245  0.086006  -0.015280  0.999063  -0.028488  -0.032582  0.035597  0.112709  0.992990  -0.024616  -0.993220  0.113617  -0.010508  -0.010559  -0.005753  -0.450355  -0.043740  0.239885  2.000000  
277.556837 -0.002256  0.085995  -0.015286  0.999077  -0.028215  -0.032394  0.035392  0.113206  0.992941  -0.024349  -0.993171  0.114100  -0.010551  -0.010577  -0.005733  -0.454401  -0.043637  0.239898  2.000000  
277.558081 -0.002269  0.085982  -0.015293  0.999083  -0.027965  -0.032411  0.035392  0.113697  0.992885  -0.024081  -0.993122  0.114583  -0.010579  -0.010605  -0.005741  -0.450697  -0.042687  0.242405  2.000000  
277.559084 -0.002280  0.085971  -0.015299  0.999094  -0.027825  -0.032208  0.035187  0.114189  0.992836  -0.023948  -0.993069  0.115065  -0.010619  -0.010638  -0.005721  -0.454743  -0.050300  0.240785  2.000000  
277.560331 -0.002294  0.085957  -0.015307  0.999111  -0.027422  -0.032033  0.034981  0.114811  0.992771  -0.023546  -0.993009  0.115668  -0.010665  -0.010691  -0.005781  -0.455120  -0.056081  0.243967  2.000000  
277.561333 -0.002305  0.085945  -0.015312  0.999121  -0.027281  -0.031831  0.034776  0.115303  0.992721  -0.023413  -0.992956  0.116150  -0.010727  -0.010779  -0.005763  -0.459360  -0.063290  0.240323  2.000000  
277.562334 -0.002316  0.085934  -0.015317  0.999127  -0.027031  -0.031849  0.034776  0.115794  0.992664  -0.023145  -0.992905  0.116633  -0.010760  -0.010817  -0.005733  -0.459287  -0.062676  0.244758  2.000000  
277.563339 -0.002328  0.085922  -0.015322  0.999140  -0.026753  -0.031666  0.034570  0.116170  0.992628  -0.022878  -0.992869  0.116995  -0.010801  -0.010899  -0.005660  -0.455284  -0.069980  0.247681  2.000000  
277.564588 -0.002342  0.085907  -0.015329  0.999154  -0.026483  -0.031477  0.034365  0.116786  0.992562  -0.022610  -0.992804  0.117598  -0.010833  -0.010982  -0.005578  -0.459133  -0.070314  0.243143  2.000000  
277.565588 -0.002354  0.085895  -0.015334  0.999167  -0.026205  -0.031295  0.034159  0.117162  0.992525  -0.022343  -0.992767  0.117960  -0.010911  -0.011041  -0.005530  -0.455512  -0.075970  0.246363  2.000000  
277.566595 -0.002365  0.085883  -0.015340  0.999173  -0.025951  -0.031317  0.034160  0.117532  0.992481  -0.022075  -0.992730  0.118322  -0.010931  -0.011120  -0.005529  -0.450967  -0.076456  0.248366  2.000000  
277.567835 -0.002379  0.085868  -0.015348  0.999185  -0.025680  -0.031129  0.033954  0.118149  0.992415  -0.021807  -0.992664  0.118924  -0.011004  -0.011224  -0.005559  -0.455639  -0.082550  0.247211  2.000000  
277.568855 -0.002390  0.085856  -0.015354  0.999195  -0.025538  -0.030928  0.033749  0.118640  0.992364  -0.021674  -0.992609  0.119406  -0.011043  -0.011378  -0.005646  -0.455205  -0.090931  0.241002  2.000000  
277.570089 -0.002404  0.085841  -0.015363  0.999211  -0.025134  -0.030756  0.033543  0.119260  0.992296  -0.021272  -0.992545  0.120009  -0.011158  -0.011553  -0.005825  -0.459426  -0.090328  0.245616  2.000000  
277.571333 -0.002419  0.085825  -0.015372  0.999223  -0.024863  -0.030569  0.033338  0.119876  0.992229  -0.021005  -0.992477  0.120612  -0.011245  -0.011723  -0.005942  -0.459665  -0.097072  0.246513  2.000000  
277.572333 -0.002430  0.085813  -0.015380  0.999229  -0.024612  -0.030589  0.033338  0.120366  0.992170  -0.020737  -0.992424  0.121094  -0.011309  -0.011819  -0.006057  -0.459750  -0.088847  0.248180  2.000000  
277.573598 -0.002445  0.085797  -0.015389  0.999241  -0.024336  -0.030405  0.033132  0.120862  0.992116  -0.020470  -0.992371  0.121576  -0.011338  -0.011954  -0.006184  -0.455324  -0.096778  0.246506  2.000000  
277.574833 -0.002460  0.085781  -0.015398  0.999254  -0.024065  -0.030219  0.032927  0.121477  0.992048  -0.020202  -0.992302  0.122179  -0.011468  -0.012085  -0.006284  -0.456003  -0.102201  0.249885  2.000000  
277.575833 -0.002472  0.085768  -0.015405  0.999259  -0.023814  -0.030240  0.032927  0.121967  0.991988  -0.019935  -0.992248  0.122661  -0.011510  -0.012226  -0.006384  -0.459606  -0.096582  0.246753  2.000000  
277.577083 -0.002487  0.085751  -0.015414  0.999271  -0.023542  -0.030055  0.032721  0.122582  0.991919  -0.019667  -0.992179  0.123263  -0.011552  -0.012392  -0.006503  -0.459915  -0.102452  0.245532  2.000000  
277.578334 -0.002502  0.085733  -0.015422  0.999276  -0.023294  -0.030073  0.032721  0.123193  0.991843  -0.019400  -0.992109  0.123866  -0.011654  -0.012581  -0.006668  -0.459726  -0.095491  0.244792  2.000000  
277.579337 -0.002514  0.085719  -0.015429  0.999286  -0.023151  -0.029875  0.032516  0.123683  0.991789  -0.019266  -0.992052  0.124347  -0.011700  -0.012702  -0.006780  -0.459568  -0.103542  0.243209  2.000000  
277.580587 -0.002529  0.085702  -0.015437  0.999291  -0.022900  -0.029897  0.032516  0.124173  0.991728  -0.018998  -0.991996  0.124829  -0.011708  -0.012838  -0.006875  -0.455298  -0.096540  0.242447  2.000000  
277.581591 -0.002541  0.085689  -0.015444  0.999300  -0.022756  -0.029698  0.032310  0.124663  0.991673  -0.018864  -0.991938  0.125311  -0.011730  -0.012958  -0.006955  -0.456011  -0.103051  0.237027  2.000000  
277.582834 -0.002555  0.085672  -0.015453  0.999305  -0.022509  -0.029718  0.032311  0.125273  0.991596  -0.018597  -0.991867  0.125913  -0.011740  -0.013095  -0.007023  -0.459690  -0.096068  0.236173  2.000000  
277.583837 -0.002566  0.085658  -0.015460  0.999314  -0.022361  -0.029523  0.032105  0.125643  0.991556  -0.018463  -0.991824  0.126274  -0.011742  -0.013206  -0.007093  -0.455538  -0.095949  0.236167  2.000000  
277.585092 -0.002580  0.085641  -0.015469  0.999319  -0.022114  -0.029543  0.032105  0.126253  0.991478  -0.018196  -0.991752  0.126876  -0.011718  -0.013357  -0.007024  -0.458996  -0.090248  0.232822  2.000000  
277.586335 -0.002594  0.085624  -0.015477  0.999330  -0.021844  -0.029357  0.031899  0.126987  0.991391  -0.017928  -0.991664  0.127599  -0.011660  -0.013456  -0.006966  -0.463306  -0.096984  0.233778  2.000000  
277.587335 -0.002604  0.085610  -0.015483  0.999333  -0.021726  -0.029363  0.031900  0.127472  0.991329  -0.017794  -0.991604  0.128080  -0.011595  -0.013548  -0.006905  -0.463136  -0.090550  0.228523  2.000000  
277.588587 -0.002618  0.085593  -0.015491  0.999344  -0.021452  -0.029181  0.031694  0.128086  0.991256  -0.017527  -0.991531  0.128682  -0.011545  -0.013623  -0.006835  -0.467439  -0.089707  0.226714  2.000000  
277.589588 -0.002628  0.085579  -0.015497  0.999346  -0.021330  -0.029190  0.031694  0.128451  0.991209  -0.017393  -0.991486  0.129043  -0.011412  -0.013659  -0.006736  -0.462913  -0.084008  0.223289  2.000000  
277.590590 -0.002639  0.085565  -0.015504  0.999349  -0.021212  -0.029197  0.031694  0.128936  0.991146  -0.017259  -0.991426  0.129525  -0.011304  -0.013721  -0.006671  -0.462876  -0.083896  0.223319  2.000000  
277.591833 -0.002653  0.085548  -0.015511  0.999360  -0.020937  -0.029015  0.031489  0.129550  0.991073  -0.016992  -0.991352  0.130127  -0.011227  -0.013749  -0.006612  -0.462987  -0.084343  0.218978  2.000000  
277.592835 -0.002663  0.085534  -0.015517  0.999362  -0.020819  -0.029022  0.031489  0.130035  0.991009  -0.016858  -0.991291  0.130608  -0.011100  -0.013748  -0.006568  -0.462991  -0.076735  0.216326  2.000000  
277.594082 -0.002676  0.085517  -0.015525  0.999371  -0.020674  -0.028826  0.031283  0.130525  0.990951  -0.016724  -0.991230  0.131089  -0.010991  -0.013753  -0.006512  -0.463001  -0.077189  0.211951  2.000000  
277.595085 -0.002686  0.085504  -0.015531  0.999373  -0.020555  -0.028833  0.031283  0.131009  0.990887  -0.016590  -0.991168  0.131570  -0.010844  -0.013711  -0.006462  -0.467001  -0.077652  0.207548  2.000000  
277.596086 -0.002696  0.085490  -0.015536  0.999384  -0.020277  -0.028655  0.031077  0.131503  0.990829  -0.016323  -0.991108  0.132052  -0.010744  -0.013680  -0.006332  -0.466977  -0.077552  0.207587  2.000000  
277.597335 -0.002708  0.085474  -0.015543  0.999386  -0.020158  -0.028662  0.031077  0.131988  0.990764  -0.016189  -0.991046  0.132533  -0.010586  -0.013632  -0.006208  -0.466814  -0.071203  0.202333  2.000000  
277.598335 -0.002718  0.085462  -0.015547  0.999394  -0.020012  -0.028467  0.030872  0.132476  0.990705  -0.016055  -0.990984  0.133014  -0.010490  -0.013554  -0.006024  -0.466839  -0.071111  0.202384  2.000000  
277.599589 -0.002729  0.085446  -0.015553  0.999399  -0.019765  -0.028490  0.030872  0.133085  0.990624  -0.015788  -0.990907  0.133616  -0.010307  -0.013424  -0.005807  -0.466426  -0.065266  0.198753  2.000000  
277.600835 -0.002740  0.085431  -0.015558  0.999407  -0.019618  -0.028295  0.030666  0.133574  0.990564  -0.015654  -0.990845  0.134097  -0.010150  -0.013302  -0.005586  -0.462526  -0.072603  0.195237  2.000000  
277.602088 -0.002752  0.085416  -0.015563  0.999411  -0.019370  -0.028319  0.030666  0.134183  0.990482  -0.015386  -0.990767  0.134698  -0.009977  -0.013178  -0.005399  -0.462271  -0.066184  0.189895  2.000000  
277.603088 -0.002761  0.085404  -0.015566  0.999420  -0.019224  -0.028123  0.030461  0.134672  0.990422  -0.015252  -0.990704  0.135179  -0.009853  -0.013049  -0.005202  -0.466317  -0.066679  0.185458  2.000000  
277.604336 -0.002772  0.085388  -0.015571  0.999428  -0.019077  -0.027928  0.030255  0.135160  0.990362  -0.015119  -0.990640  0.135660  -0.009807  -0.013008  -0.005079  -0.462497  -0.074042  0.181987  2.000000  
277.605586 -0.002784  0.085373  -0.015577  0.999436  -0.018934  -0.027731  0.030049  0.135769  0.990285  -0.014985  -0.990560  0.136261  -0.009648  -0.012800  -0.004871  -0.462362  -0.074496  0.177528  2.000000  
277.606832 -0.002795  0.085358  -0.015582  0.999440  -0.018682  -0.027759  0.030049  0.136257  0.990218  -0.014717  -0.990497  0.136742  -0.009492  -0.012633  -0.004704  -0.458436  -0.066417  0.179640  2.000000  
277.607836 -0.002804  0.085347  -0.015586  0.999448  -0.018535  -0.027564  0.029844  0.136745  0.990157  -0.014584  -0.990433  0.137223  -0.009343  -0.012440  -0.004508  -0.458248  -0.074314  0.177605  2.000000  
277.609084 -0.002815  0.085333  -0.015591  0.999458  -0.018259  -0.027386  0.029638  0.137357  0.990078  -0.014316  -0.990353  0.137824  -0.009234  -0.012252  -0.004376  -0.458531  -0.073612  0.176198  2.000000  
277.610331 -0.002826  0.085319  -0.015596  0.999466  -0.018111  -0.027192  0.029432  0.137846  0.990016  -0.014182  -0.990288  0.138305  -0.009167  -0.012087  -0.004266  -0.458672  -0.080336  0.177151  2.000000  
277.611331 -0.002835  0.085308  -0.015600  0.999468  -0.017992  -0.027201  0.029432  0.138330  0.989949  -0.014048  -0.990223  0.138786  -0.009085  -0.011950  -0.004145  -0.458555  -0.074040  0.171869  2.000000  
277.612333 -0.002843  0.085298  -0.015604  0.999476  -0.017841  -0.027010  0.029227  0.138698  0.989903  -0.013915  -0.990174  0.139146  -0.009027  -0.011779  -0.004089  -0.454565  -0.080761  0.172792  2.000000  
277.613339 -0.002851  0.085287  -0.015608  0.999484  -0.017693  -0.026816  0.029021  0.139185  0.989841  -0.013781  -0.990108  0.139627  -0.008904  -0.011603  -0.004035  -0.458472  -0.081973  0.169866  2.000000  
277.614595 -0.002862  0.085274  -0.015613  0.999486  -0.017577  -0.026824  0.029021  0.139789  0.989756  -0.013647  -0.990025  0.140228  -0.008846  -0.011431  -0.003978  -0.458151  -0.082417  0.165348  2.000000  
277.615835 -0.002872  0.085261  -0.015618  0.999495  -0.017296  -0.026649  0.028815  0.140281  0.989692  -0.013379  -0.989961  0.140709  -0.008788  -0.011318  -0.004001  -0.450115  -0.082343  0.165451  2.000000  
277.616835 -0.002880  0.085251  -0.015622  0.999503  -0.017148  -0.026456  0.028610  0.140768  0.989629  -0.013246  -0.989894  0.141189  -0.008737  -0.011164  -0.003990  -0.450222  -0.089122  0.166427  2.000000  
277.618095 -0.002891  0.085238  -0.015627  0.999511  -0.017002  -0.026261  0.028404  0.141376  0.989548  -0.013112  -0.989810  0.141790  -0.008695  -0.011031  -0.004027  -0.450079  -0.096437  0.162879  2.000000  
277.619336 -0.002901  0.085225  -0.015631  0.999514  -0.016750  -0.026291  0.028404  0.141864  0.989479  -0.012844  -0.989744  0.142270  -0.008607  -0.010883  -0.003991  -0.447524  -0.088417  0.165543  2.000000  
277.620338 -0.002910  0.085215  -0.015635  0.999522  -0.016601  -0.026098  0.028198  0.142351  0.989415  -0.012711  -0.989677  0.142751  -0.008543  -0.010742  -0.003971  -0.450282  -0.095719  0.167516  2.000000  
277.621584 -0.002920  0.085202  -0.015639  0.999529  -0.016452  -0.025905  0.027993  0.142838  0.989350  -0.012577  -0.989609  0.143231  -0.008481  -0.010598  -0.003907  -0.446511  -0.095451  0.161749  2.000000  
277.622840 -0.002931  0.085190  -0.015644  0.999531  -0.016336  -0.025915  0.027993  0.143442  0.989263  -0.012443  -0.989524  0.143832  -0.008412  -0.010430  -0.003887  -0.445999  -0.096108  0.163110  2.000000  
277.624083 -0.002940  0.085178  -0.015649  0.999540  -0.016054  -0.025742  0.027787  0.143932  0.989197  -0.012175  -0.989457  0.144312  -0.008363  -0.010351  -0.003867  -0.446117  -0.096061  0.163211  2.000000  
277.625331 -0.002951  0.085165  -0.015654  0.999541  -0.015937  -0.025751  0.027787  0.144536  0.989109  -0.012042  -0.989371  0.144912  -0.008335  -0.010234  -0.003866  -0.446459  -0.095179  0.161915  2.000000  
277.626331 -0.002959  0.085156  -0.015658  0.999549  -0.015784  -0.025561  0.027581  0.144903  0.989061  -0.011908  -0.989320  0.145273  -0.008294  -0.010168  -0.003892  -0.442523  -0.095137  0.162000  2.000000  
277.627586 -0.002969  0.085144  -0.015664  0.999550  -0.015664  -0.025573  0.027581  0.145386  0.988990  -0.011774  -0.989251  0.145753  -0.008242  -0.010069  -0.003916  -0.441958  -0.096435  0.158894  2.000000  
277.628834 -0.002979  0.085132  -0.015669  0.999553  -0.015412  -0.025605  0.027581  0.145873  0.988919  -0.011506  -0.989183  0.146233  -0.008247  -0.010012  -0.003970  -0.437860  -0.088888  0.162468  2.000000  
277.629853 -0.002988  0.085122  -0.015674  0.999559  -0.015395  -0.025394  0.027376  0.146356  0.988853  -0.011506  -0.989112  0.146713  -0.008212  -0.009919  -0.004008  -0.437594  -0.096215  0.158900  2.000000  
277.631088 -0.002997  0.085111  -0.015679  0.999561  -0.015271  -0.025408  0.027376  0.146720  0.988799  -0.011373  -0.989060  0.147073  -0.008202  -0.009856  -0.004010  -0.434133  -0.089256  0.152339  2.000000  
277.632335 -0.003008  0.085099  -0.015685  0.999562  -0.015152  -0.025420  0.027376  0.147203  0.988727  -0.011239  -0.988990  0.147553  -0.008183  -0.009767  -0.004055  -0.429554  -0.083069  0.152709  2.000000  
277.633599 -0.003018  0.085087  -0.015689  0.999569  -0.015004  -0.025227  0.027170  0.147810  0.988643  -0.011105  -0.988902  0.148153  -0.008164  -0.009715  -0.004046  -0.429314  -0.082933  0.152678  2.000000  
277.634839 -0.003028  0.085075  -0.015694  0.999572  -0.014752  -0.025259  0.027170  0.148296  0.988570  -0.010837  -0.988833  0.148634  -0.008184  -0.009644  -0.004070  -0.429350  -0.082872  0.152741  2.000000  
277.636085 -0.003038  0.085063  -0.015699  0.999574  -0.014635  -0.025270  0.027170  0.148899  0.988479  -0.010704  -0.988744  0.149234  -0.008149  -0.009576  -0.004105  -0.429918  -0.075345  0.150605  2.000000  
277.637335 -0.003048  0.085052  -0.015704  0.999575  -0.014515  -0.025283  0.027170  0.149383  0.988406  -0.010570  -0.988673  0.149714  -0.008132  -0.009505  -0.004104  -0.429177  -0.069663  0.146410  2.000000  
277.638581 -0.003058  0.085040  -0.015709  0.999582  -0.014364  -0.025093  0.026964  0.149869  0.988338  -0.010436  -0.988602  0.150193  -0.008154  -0.009490  -0.004115  -0.425782  -0.075821  0.146248  2.000000  
277.639584 -0.003066  0.085031  -0.015712  0.999582  -0.014376  -0.025086  0.026964  0.150348  0.988265  -0.010436  -0.988529  0.150673  -0.008130  -0.009413  -0.004111  -0.429693  -0.069605  0.140862  2.000000  
277.640586 -0.003075  0.085022  -0.015716  0.999583  -0.014253  -0.025101  0.026964  0.150711  0.988210  -0.010302  -0.988475  0.151033  -0.008141  -0.009381  -0.004083  -0.425660  -0.062771  0.139933  2.000000  
277.641836 -0.003086  0.085010  -0.015721  0.999585  -0.014133  -0.025114  0.026964  0.151194  0.988136  -0.010169  -0.988403  0.151513  -0.008184  -0.009399  -0.004063  -0.424942  -0.057012  0.135650  2.000000  
277.643081 -0.003096  0.084999  -0.015726  0.999587  -0.013881  -0.025148  0.026965  0.151681  0.988062  -0.009901  -0.988332  0.151993  -0.008178  -0.009351  -0.004019  -0.421519  -0.055839  0.139003  2.000000  
277.644083 -0.003104  0.084990  -0.015729  0.999587  -0.013890  -0.025143  0.026965  0.152041  0.988006  -0.009901  -0.988277  0.152352  -0.008171  -0.009323  -0.003931  -0.417323  -0.049634  0.133589  2.000000  
277.645083 -0.003112  0.084981  -0.015733  0.999594  -0.013736  -0.024955  0.026759  0.152406  0.987956  -0.009767  -0.988222  0.152712  -0.008197  -0.009274  -0.003912  -0.413274  -0.049578  0.133611  2.000000  
277.646083 -0.003120  0.084972  -0.015737  0.999596  -0.013613  -0.024971  0.026759  0.152769  0.987900  -0.009633  -0.988168  0.153072  -0.008209  -0.009269  -0.003876  -0.413202  -0.049522  0.133609  2.000000  
277.647085 -0.003128  0.084963  -0.015741  0.999597  -0.013493  -0.024984  0.026759  0.153252  0.987825  -0.009500  -0.988095  0.153552  -0.008189  -0.009241  -0.003822  -0.412506  -0.043021  0.133737  2.000000  
277.648093 -0.003137  0.084954  -0.015744  0.999597  -0.013502  -0.024980  0.026759  0.153612  0.987769  -0.009500  -0.988039  0.153911  -0.008204  -0.009180  -0.003796  -0.409007  -0.036489  0.127219  2.000000  
277.649335 -0.003147  0.084943  -0.015749  0.999604  -0.013350  -0.024790  0.026553  0.154097  0.987699  -0.009366  -0.987965  0.154391  -0.008189  -0.009143  -0.003793  -0.409067  -0.043875  0.123842  2.000000  
277.650336 -0.003155  0.084934  -0.015753  0.999605  -0.013227  -0.024806  0.026553  0.154460  0.987642  -0.009232  -0.987910  0.154750  -0.008173  -0.009075  -0.003793  -0.404945  -0.037037  0.122842  2.000000  
277.651337 -0.003162  0.084926  -0.015757  0.999606  -0.013107  -0.024820  0.026553  0.154943  0.987567  -0.009098  -0.987836  0.155230  -0.008107  -0.009008  -0.003802  -0.408204  -0.030441  0.122841  2.000000  
277.652591 -0.003172  0.084915  -0.015762  0.999613  -0.012955  -0.024632  0.026347  0.155428  0.987496  -0.008964  -0.987762  0.155709  -0.008105  -0.008972  -0.003804  -0.404228  -0.037218  0.123904  2.000000  
277.653599 -0.003179  0.084907  -0.015765  0.999614  -0.012832  -0.024648  0.026347  0.155791  0.987439  -0.008831  -0.987707  0.156069  -0.008043  -0.008896  -0.003775  -0.403996  -0.030320  0.122833  2.000000  
277.654834 -0.003189  0.084896  -0.015769  0.999616  -0.012579  -0.024683  0.026347  0.156277  0.987362  -0.008563  -0.987633  0.156549  -0.008009  -0.008866  -0.003714  -0.400776  -0.030020  0.121872  2.000000  
277.655844 -0.003196  0.084888  -0.015773  0.999623  -0.012424  -0.024497  0.026142  0.156642  0.987309  -0.008429  -0.987577  0.156908  -0.007928  -0.008783  -0.003715  -0.399916  -0.030210  0.122865  2.000000  
277.657085 -0.003205  0.084877  -0.015776  0.999624  -0.012304  -0.024512  0.026142  0.157125  0.987233  -0.008295  -0.987502  0.157387  -0.007862  -0.008730  -0.003637  -0.399996  -0.030157  0.122906  2.000000  
277.658331 -0.003215  0.084867  -0.015781  0.999630  -0.012151  -0.024324  0.025936  0.157610  0.987161  -0.008162  -0.987427  0.157867  -0.007777  -0.008638  -0.003594  -0.396891  -0.036643  0.122991  2.000000  
277.659587 -0.003223  0.084856  -0.015784  0.999631  -0.012031  -0.024339  0.025936  0.158092  0.987084  -0.008028  -0.987351  0.158346  -0.007667  -0.008583  -0.003526  -0.396778  -0.029797  0.121950  2.000000  
277.660837 -0.003232  0.084846  -0.015788  0.999639  -0.011746  -0.024172  0.025730  0.158580  0.987011  -0.007760  -0.987276  0.158825  -0.007568  -0.008508  -0.003472  -0.400098  -0.036133  0.128471  2.000000  
277.662084 -0.003241  0.084836  -0.015793  0.999640  -0.011626  -0.024188  0.025730  0.159063  0.986933  -0.007626  -0.987200  0.159304  -0.007489  -0.008438  -0.003475  -0.396799  -0.035774  0.127431  2.000000  
277.663090 -0.003247  0.084828  -0.015797  0.999646  -0.011470  -0.024002  0.025525  0.159427  0.986880  -0.007493  -0.987143  0.159664  -0.007375  -0.008378  -0.003496  -0.395940  -0.036010  0.128482  2.000000  
277.664335 -0.003255  0.084818  -0.015801  0.999648  -0.011217  -0.024039  0.025525  0.159913  0.986801  -0.007225  -0.987067  0.160143  -0.007239  -0.008290  -0.003462  -0.396749  -0.034975  0.131858  2.000000  
277.665335 -0.003262  0.084811  -0.015805  0.999654  -0.011061  -0.023853  0.025319  0.160278  0.986747  -0.007091  -0.987010  0.160502  -0.007167  -0.008248  -0.003464  -0.392802  -0.041703  0.132949  2.000000  
277.666336 -0.003268  0.084803  -0.015809  0.999655  -0.010941  -0.023869  0.025319  0.160760  0.986669  -0.006957  -0.986933  0.160981  -0.007063  -0.008184  -0.003448  -0.392762  -0.041635  0.132958  2.000000  
277.667588 -0.003276  0.084794  -0.015813  0.999661  -0.010784  -0.023684  0.025113  0.161124  0.986615  -0.006824  -0.986875  0.161341  -0.006936  -0.008075  -0.003424  -0.388748  -0.048355  0.134036  2.000000  
277.668836 -0.003283  0.084785  -0.015818  0.999668  -0.010498  -0.023519  0.024907  0.161612  0.986540  -0.006556  -0.986799  0.161820  -0.006793  -0.007989  -0.003434  -0.387908  -0.047984  0.139626  2.000000  
277.669836 -0.003289  0.084777  -0.015821  0.999669  -0.010375  -0.023537  0.024907  0.161974  0.986481  -0.006422  -0.986740  0.162179  -0.006682  -0.007903  -0.003462  -0.387923  -0.047936  0.139652  2.000000  
277.670839 -0.003295  0.084770  -0.015825  0.999670  -0.010251  -0.023555  0.024907  0.162336  0.986421  -0.006288  -0.986682  0.162538  -0.006611  -0.007867  -0.003458  -0.384694  -0.047488  0.138510  2.000000  
277.672088 -0.003303  0.084761  -0.015829  0.999676  -0.010095  -0.023370  0.024702  0.162701  0.986366  -0.006155  -0.986624  0.162897  -0.006473  -0.007727  -0.003484  -0.383802  -0.054648  0.140748  2.000000  
277.673332 -0.003310  0.084752  -0.015832  0.999683  -0.009808  -0.023206  0.024496  0.163188  0.986291  -0.005887  -0.986546  0.163376  -0.006375  -0.007671  -0.003472  -0.384102  -0.060744  0.146406  2.000000  
277.674345 -0.003316  0.084745  -0.015835  0.999683  -0.009682  -0.023225  0.024496  0.163430  0.986251  -0.005753  -0.986507  0.163616  -0.006267  -0.007572  -0.003460  -0.375522  -0.053804  0.145195  2.000000  
277.675585 -0.003323  0.084736  -0.015839  0.999689  -0.009528  -0.023039  0.024290  0.163914  0.986176  -0.005620  -0.986429  0.164095  -0.006180  -0.007497  -0.003448  -0.376656  -0.060095  0.145165  2.000000  
277.676586 -0.003328  0.084729  -0.015842  0.999690  -0.009401  -0.023059  0.024290  0.164156  0.986135  -0.005486  -0.986390  0.164334  -0.006047  -0.007396  -0.003386  -0.372727  -0.059362  0.149635  2.000000  
277.677833 -0.003335  0.084721  -0.015846  0.999696  -0.009115  -0.022895  0.024084  0.164643  0.986059  -0.005218  -0.986311  0.164813  -0.005927  -0.007282  -0.003402  -0.372678  -0.065341  0.155127  2.000000  
