1-Time 2-Px 3-Py 4-Pz 5-R11 6-R21 7-R31 8-R12 9-R22 10-R32 11-R13 12-R23 13-R33 14-Vx 15-Vy 16-Vz 17-Wx 18-Wy 19-Wz 20-state 21-PR11 22-PR21 23-PR31 24-PR12 25-PR22 26-PR32 27-PR13 28-PR23 29-PR33 
53.133048 -0.000957  0.087494  -0.016159  0.992488  0.004165  -0.122270  0.121563  0.079007  0.989434  0.013781  -0.996865  0.077908  0.000127  0.000043  -0.000358  0.000000  0.000000  0.000000  2.000000  
53.134068 -0.000957  0.087493  -0.016160  0.992488  0.004165  -0.122270  0.121563  0.079007  0.989434  0.013781  -0.996865  0.077908  0.000136  0.000020  -0.000355  0.000000  0.000000  0.000000  2.000000  
53.135302 -0.000959  0.087490  -0.016161  0.992508  0.004578  -0.122098  0.121358  0.079055  0.989456  0.014182  -0.996860  0.077907  0.000021  -0.000195  -0.000447  0.000000  0.000000  0.000000  2.000000  
53.136303 -0.000960  0.087487  -0.016162  0.992500  0.005093  -0.122140  0.121357  0.079240  0.989441  0.014717  -0.996843  0.078027  -0.000074  -0.000383  -0.000484  0.000000  0.000000  0.000000  2.000000  
53.137549 -0.000961  0.087484  -0.016162  0.992467  0.005606  -0.122385  0.121560  0.079306  0.989411  0.015252  -0.996835  0.078027  -0.000172  -0.000592  -0.000476  0.000000  0.000000  0.000000  2.000000  
53.138558 -0.000962  0.087481  -0.016163  0.992459  0.006136  -0.122426  0.121559  0.079371  0.989406  0.015788  -0.996826  0.078026  -0.000260  -0.000803  -0.000504  0.000000  0.000000  0.000000  2.000000  
53.139803 -0.000964  0.087477  -0.016163  0.992477  0.006549  -0.122254  0.121354  0.079418  0.989427  0.016189  -0.996820  0.078026  -0.000344  -0.001059  -0.000479  0.000000  0.000000  0.000000  2.000000  
53.141054 -0.000964  0.087474  -0.016163  0.992518  0.007111  -0.121888  0.120944  0.079480  0.989472  0.016724  -0.996811  0.078025  -0.000396  -0.001291  -0.000437  0.000000  0.000000  0.000000  2.000000  
53.142307 -0.000964  0.087471  -0.016164  0.992534  0.007643  -0.121726  0.120739  0.079663  0.989483  0.017259  -0.996793  0.078145  -0.000426  -0.001527  -0.000467  0.000000  0.000000  0.000000  2.000000  
53.143552 -0.000964  0.087468  -0.016164  0.992550  0.008174  -0.121565  0.120533  0.079845  0.989493  0.017794  -0.996774  0.078265  -0.000413  -0.001691  -0.000434  0.000000  0.000000  0.000000  2.000000  
53.144804 -0.000964  0.087466  -0.016165  0.992560  0.008970  -0.121425  0.120327  0.080060  0.989501  0.018597  -0.996750  0.078385  -0.000473  -0.001838  -0.000499  0.000000  0.000000  0.000000  2.000000  
53.146053 -0.000966  0.087464  -0.016167  0.992542  0.009882  -0.121499  0.120325  0.080292  0.989482  0.019533  -0.996722  0.078505  -0.000564  -0.002003  -0.000580  -0.015268  -0.046932  0.197625  2.000000  
53.147299 -0.000967  0.087461  -0.016171  0.992546  0.010928  -0.121381  0.120118  0.080659  0.989478  0.020604  -0.996682  0.078745  -0.000703  -0.002200  -0.000778  -0.023388  -0.044088  0.233497  2.000000  
53.148303 -0.000970  0.087457  -0.016174  0.992554  0.011724  -0.121242  0.119912  0.080872  0.989485  0.021406  -0.996656  0.078864  -0.000840  -0.002407  -0.001006  -0.027312  -0.048844  0.260890  2.000000  
53.149554 -0.000974  0.087453  -0.016178  0.992552  0.012903  -0.121136  0.119704  0.081254  0.989479  0.022610  -0.996610  0.079104  -0.001092  -0.002639  -0.001201  -0.035300  -0.052534  0.301814  2.000000  
53.150798 -0.000977  0.087448  -0.016181  0.992555  0.013832  -0.121007  0.119497  0.081483  0.989485  0.023546  -0.996579  0.079223  -0.001217  -0.002715  -0.001304  -0.043295  -0.056965  0.333790  2.000000  
53.151802 -0.000980  0.087444  -0.016183  0.992533  0.014729  -0.121084  0.119495  0.081834  0.989457  0.024483  -0.996537  0.079463  -0.001308  -0.002785  -0.001370  -0.051403  -0.054440  0.365131  2.000000  
53.153056 -0.000983  0.087439  -0.016184  0.992531  0.015776  -0.120969  0.119287  0.082198  0.989451  0.025553  -0.996491  0.079703  -0.001388  -0.002905  -0.001407  -0.059366  -0.058447  0.401485  2.000000  
53.154315 -0.000985  0.087434  -0.016183  0.992528  0.016808  -0.120856  0.119079  0.082682  0.989436  0.026623  -0.996434  0.080063  -0.001494  -0.002989  -0.001376  -0.071521  -0.055513  0.437204  2.000000  
53.155557 -0.000987  0.087429  -0.016182  0.992523  0.017854  -0.120742  0.118872  0.083046  0.989431  0.027693  -0.996386  0.080302  -0.001569  -0.003100  -0.001277  -0.079563  -0.059570  0.474104  2.000000  
53.156804 -0.000989  0.087422  -0.016181  0.992518  0.018887  -0.120630  0.118664  0.083529  0.989415  0.028763  -0.996326  0.080663  -0.001722  -0.003327  -0.001214  -0.091538  -0.063485  0.510202  2.000000  
53.158052 -0.000990  0.087417  -0.016181  0.992507  0.020066  -0.120528  0.118455  0.083907  0.989408  0.029966  -0.996272  0.080901  -0.001794  -0.003534  -0.001144  -0.099493  -0.067114  0.551190  2.000000  
53.159053 -0.000992  0.087411  -0.016182  0.992503  0.020980  -0.120405  0.118248  0.084253  0.989403  0.030903  -0.996223  0.081141  -0.001857  -0.003799  -0.001193  -0.107427  -0.071430  0.583062  2.000000  
53.160304 -0.000993  0.087404  -0.016185  0.992490  0.022145  -0.120306  0.118039  0.084751  0.989386  0.032106  -0.996156  0.081500  -0.001833  -0.004086  -0.001258  -0.118618  -0.067545  0.618374  2.000000  
53.161304 -0.000994  0.087397  -0.016187  0.992484  0.023045  -0.120187  0.117831  0.085216  0.989371  0.033042  -0.996096  0.081860  -0.001890  -0.004435  -0.001255  -0.131589  -0.072357  0.655321  2.000000  
53.162316 -0.000995  0.087391  -0.016190  0.992472  0.024093  -0.120076  0.117622  0.085577  0.989364  0.034112  -0.996040  0.082099  -0.001823  -0.004695  -0.001260  -0.139445  -0.076257  0.691425  2.000000  
53.163549 -0.000996  0.087381  -0.016194  0.992460  0.025125  -0.119968  0.117414  0.086057  0.989347  0.035182  -0.995973  0.082458  -0.001698  -0.005032  -0.001216  -0.150278  -0.079529  0.722306  2.000000  
53.164573 -0.000998  0.087374  -0.016196  0.992451  0.026026  -0.119851  0.117205  0.086521  0.989332  0.036118  -0.995910  0.082818  -0.001594  -0.005306  -0.001149  -0.163559  -0.078193  0.750210  2.000000  
53.165800 -0.001000  0.087364  -0.016199  0.992441  0.026926  -0.119734  0.116997  0.086985  0.989316  0.037054  -0.995846  0.083177  -0.001469  -0.005637  -0.001153  -0.171550  -0.083872  0.764779  2.000000  
53.167048 -0.001002  0.087355  -0.016201  0.992449  0.027977  -0.119425  0.116584  0.087459  0.989323  0.038123  -0.995775  0.083536  -0.001440  -0.005891  -0.001253  -0.181620  -0.102122  0.778015  2.000000  
53.168053 -0.001005  0.087346  -0.016204  0.992442  0.028746  -0.119299  0.116376  0.087906  0.989307  0.038926  -0.995714  0.083896  -0.001464  -0.006201  -0.001356  -0.195151  -0.109042  0.794393  2.000000  
53.169298 -0.001009  0.087336  -0.016208  0.992448  0.029797  -0.118991  0.115962  0.088378  0.989314  0.039995  -0.995641  0.084255  -0.001556  -0.006570  -0.001628  -0.205315  -0.113002  0.810483  2.000000  
53.170316 -0.001012  0.087326  -0.016212  0.992434  0.030698  -0.118877  0.115753  0.088840  0.989297  0.040931  -0.995573  0.084614  -0.001690  -0.006948  -0.001998  -0.219000  -0.112256  0.834659  2.000000  
53.171552 -0.001017  0.087315  -0.016216  0.992390  0.031699  -0.118983  0.115748  0.089443  0.989243  0.042000  -0.995487  0.085093  -0.001857  -0.007302  -0.002371  -0.233490  -0.102497  0.849675  2.000000  
53.172802 -0.001021  0.087304  -0.016220  0.992369  0.032718  -0.118885  0.115539  0.090040  0.989214  0.043070  -0.995401  0.085572  -0.002076  -0.007584  -0.002616  -0.247724  -0.095088  0.869662  2.000000  
53.173805 -0.001024  0.087295  -0.016222  0.992376  0.033638  -0.118570  0.115125  0.090494  0.989220  0.044006  -0.995329  0.085931  -0.002221  -0.007853  -0.002714  -0.255302  -0.107916  0.879747  2.000000  
53.175054 -0.001029  0.087284  -0.016224  0.992364  0.034393  -0.118451  0.114917  0.091059  0.989193  0.044808  -0.995251  0.086411  -0.002444  -0.008105  -0.002694  -0.265242  -0.106409  0.877130  2.000000  
53.176304 -0.001034  0.087274  -0.016225  0.992375  0.035153  -0.118134  0.114504  0.091736  0.989178  0.045610  -0.995163  0.087011  -0.002630  -0.008258  -0.002541  -0.279014  -0.121426  0.876513  2.000000  
53.177552 -0.001039  0.087263  -0.016227  0.992386  0.035913  -0.117818  0.114091  0.092413  0.989163  0.046411  -0.995073  0.087612  -0.002905  -0.008423  -0.002379  -0.294908  -0.128742  0.868175  2.000000  
53.178554 -0.001043  0.087254  -0.016227  0.992378  0.036550  -0.117686  0.113884  0.092841  0.989147  0.047080  -0.995010  0.087971  -0.003148  -0.008499  -0.002220  -0.298810  -0.129218  0.859210  2.000000  
53.179801 -0.001050  0.087243  -0.016228  0.992364  0.037292  -0.117575  0.113675  0.093524  0.989106  0.047882  -0.994918  0.088571  -0.003472  -0.008596  -0.002068  -0.314983  -0.129676  0.850441  2.000000  
53.181049 -0.001057  0.087231  -0.016230  0.992365  0.038185  -0.117274  0.113261  0.094215  0.989088  0.048817  -0.994819  0.089170  -0.003792  -0.008723  -0.002073  -0.324310  -0.134791  0.849073  2.000000  
53.182051 -0.001063  0.087222  -0.016234  0.992349  0.038941  -0.117160  0.113052  0.094777  0.989058  0.049619  -0.994737  0.089650  -0.004090  -0.008837  -0.002137  -0.334767  -0.136271  0.846692  2.000000  
53.183303 -0.001072  0.087209  -0.016240  0.992333  0.039683  -0.117052  0.112844  0.095459  0.989017  0.050421  -0.994642  0.090249  -0.004460  -0.009046  -0.002311  -0.346737  -0.136644  0.837623  2.000000  
53.184313 -0.001079  0.087198  -0.016245  0.992352  0.040180  -0.116717  0.112432  0.096102  0.989001  0.050955  -0.994560  0.090850  -0.004736  -0.009133  -0.002483  -0.355384  -0.149219  0.827579  2.000000  
53.185550 -0.001089  0.087185  -0.016253  0.992357  0.040943  -0.116407  0.112019  0.096775  0.988982  0.051757  -0.994464  0.091449  -0.005094  -0.009278  -0.002658  -0.367092  -0.156483  0.819469  2.000000  
53.186802 -0.001099  0.087172  -0.016258  0.992369  0.041573  -0.116086  0.111606  0.097433  0.988965  0.052425  -0.994373  0.092049  -0.005411  -0.009378  -0.002760  -0.374637  -0.164037  0.806656  2.000000  
53.188054 -0.001108  0.087160  -0.016264  0.992402  0.042224  -0.115562  0.110989  0.098081  0.988970  0.053093  -0.994282  0.092649  -0.005748  -0.009467  -0.002886  -0.385040  -0.181098  0.787684  2.000000  
53.189309 -0.001117  0.087148  -0.016268  0.992412  0.042842  -0.115248  0.110577  0.098857  0.988939  0.053761  -0.994179  0.093369  -0.006046  -0.009554  -0.002986  -0.396705  -0.189101  0.770395  2.000000  
53.190315 -0.001125  0.087138  -0.016271  0.992422  0.043488  -0.114924  0.110164  0.099392  0.988931  0.054429  -0.994098  0.093848  -0.006378  -0.009626  -0.003114  -0.404231  -0.196428  0.761884  2.000000  
53.191552 -0.001134  0.087126  -0.016275  0.992423  0.044239  -0.114624  0.109751  0.100182  0.988898  0.055231  -0.993985  0.094568  -0.006695  -0.009751  -0.003309  -0.416126  -0.204193  0.749602  2.000000  
53.192552 -0.001142  0.087116  -0.016279  0.992432  0.044872  -0.114307  0.109338  0.100836  0.988877  0.055899  -0.993891  0.095167  -0.006896  -0.009778  -0.003479  -0.427808  -0.211540  0.741307  2.000000  
53.193801 -0.001152  0.087103  -0.016283  0.992439  0.045491  -0.113996  0.108925  0.101610  0.988843  0.056567  -0.993784  0.095886  -0.007177  -0.009907  -0.003831  -0.435860  -0.217002  0.727009  2.000000  
53.194803 -0.001160  0.087094  -0.016288  0.992454  0.045993  -0.113668  0.108513  0.102249  0.988823  0.057101  -0.993695  0.096486  -0.007380  -0.009937  -0.004052  -0.447079  -0.226936  0.715850  2.000000  
53.196054 -0.001170  0.087081  -0.016293  0.992482  0.046621  -0.113161  0.107896  0.103132  0.988798  0.057769  -0.993575  0.097326  -0.007609  -0.010031  -0.004236  -0.459020  -0.231851  0.706251  2.000000  
53.197304 -0.001181  0.087069  -0.016298  0.992510  0.047263  -0.112649  0.107279  0.103894  0.988786  0.058437  -0.993465  0.098045  -0.007738  -0.009976  -0.004233  -0.474416  -0.241877  0.694908  2.000000  
53.198317 -0.001190  0.087060  -0.016302  0.992523  0.047766  -0.112323  0.106867  0.104531  0.988763  0.058971  -0.993374  0.098645  -0.007856  -0.009926  -0.004104  -0.481856  -0.249146  0.686459  2.000000  
53.199550 -0.001200  0.087048  -0.016305  0.992527  0.048375  -0.112023  0.106454  0.105422  0.988713  0.059639  -0.993250  0.099484  -0.007863  -0.009779  -0.003861  -0.497751  -0.256945  0.674101  2.000000  
53.200616 -0.001208  0.087040  -0.016308  0.992561  0.048888  -0.111501  0.105838  0.106168  0.988700  0.060173  -0.993146  0.100204  -0.007875  -0.009627  -0.003669  -0.507900  -0.270966  0.660597  2.000000  
53.201803 -0.001219  0.087029  -0.016312  0.992564  0.049498  -0.111202  0.105425  0.107057  0.988648  0.060841  -0.993020  0.101043  -0.008019  -0.009539  -0.003509  -0.520480  -0.276622  0.648644  2.000000  
53.203053 -0.001229  0.087018  -0.016316  0.992597  0.049998  -0.110688  0.104808  0.107922  0.988619  0.061375  -0.992901  0.101883  -0.008063  -0.009443  -0.003516  -0.531691  -0.291535  0.632429  2.000000  
53.204055 -0.001238  0.087009  -0.016321  0.992615  0.050359  -0.110358  0.104397  0.108663  0.988582  0.061776  -0.992802  0.102603  -0.008180  -0.009395  -0.003636  -0.539696  -0.302164  0.620748  2.000000  
53.205063 -0.001246  0.087000  -0.016328  0.992625  0.050852  -0.110043  0.103985  0.109417  0.988542  0.062310  -0.992694  0.103322  -0.008234  -0.009333  -0.003859  -0.551281  -0.302002  0.615946  2.000000  
53.206310 -0.001257  0.086989  -0.016336  0.992647  0.051474  -0.109551  0.103367  0.110413  0.988496  0.062977  -0.992552  0.104281  -0.008280  -0.009245  -0.004124  -0.562496  -0.315688  0.613038  2.000000  
53.207351 -0.001265  0.086980  -0.016343  0.992677  0.051991  -0.109034  0.102751  0.111156  0.988477  0.063512  -0.992442  0.105000  -0.008273  -0.009159  -0.004309  -0.569321  -0.322204  0.608649  2.000000  
53.208555 -0.001275  0.086970  -0.016350  0.992686  0.052460  -0.108734  0.102339  0.112148  0.988408  0.064046  -0.992306  0.105959  -0.008317  -0.009030  -0.004490  -0.585824  -0.329969  0.601497  2.000000  
53.209805 -0.001284  0.086960  -0.016356  0.992715  0.052965  -0.108225  0.101722  0.113009  0.988373  0.064580  -0.992181  0.106798  -0.008265  -0.008913  -0.004516  -0.593392  -0.337762  0.589075  2.000000  
53.211055 -0.001293  0.086950  -0.016361  0.992743  0.053459  -0.107723  0.101105  0.113989  0.988324  0.065114  -0.992043  0.107757  -0.008191  -0.008750  -0.004533  -0.604517  -0.352348  0.577252  2.000000  
53.212304 -0.001304  0.086940  -0.016366  0.992761  0.054072  -0.107243  0.100488  0.115102  0.988258  0.065781  -0.991881  0.108835  -0.008156  -0.008652  -0.004518  -0.618752  -0.362650  0.574192  2.000000  
53.213304 -0.001311  0.086931  -0.016370  0.992776  0.054438  -0.106920  0.100076  0.115839  0.988214  0.066182  -0.991775  0.109554  -0.008106  -0.008568  -0.004539  -0.627551  -0.366516  0.565630  2.000000  
53.214313 -0.001320  0.086923  -0.016374  0.992802  0.054947  -0.106414  0.099460  0.116697  0.988175  0.066716  -0.991646  0.110392  -0.008130  -0.008488  -0.004615  -0.634479  -0.379724  0.567124  2.000000  
53.215549 -0.001330  0.086913  -0.016380  0.992819  0.055577  -0.105931  0.098842  0.117688  0.988119  0.067383  -0.991494  0.111349  -0.008163  -0.008471  -0.004810  -0.645011  -0.383155  0.563675  2.000000  
53.216803 -0.001341  0.086903  -0.016386  0.992806  0.056315  -0.105668  0.098428  0.118702  0.988039  0.068184  -0.991332  0.112305  -0.008134  -0.008396  -0.004974  -0.658729  -0.379045  0.568099  2.000000  
53.218051 -0.001352  0.086892  -0.016394  0.992821  0.056959  -0.105181  0.097810  0.119571  0.987996  0.068852  -0.991190  0.113142  -0.008205  -0.008406  -0.005194  -0.664649  -0.381825  0.568720  2.000000  
53.219303 -0.001364  0.086881  -0.016403  0.992844  0.057459  -0.104687  0.097193  0.120546  0.987938  0.069386  -0.991043  0.114099  -0.008303  -0.008415  -0.005345  -0.672125  -0.388647  0.565383  2.000000  
53.220550 -0.001376  0.086871  -0.016412  0.992867  0.057960  -0.104194  0.096576  0.121521  0.987879  0.069920  -0.990895  0.115057  -0.008363  -0.008297  -0.005445  -0.683461  -0.396371  0.553062  2.000000  
53.221556 -0.001385  0.086863  -0.016419  0.992869  0.058450  -0.103898  0.096164  0.122387  0.987813  0.070453  -0.990760  0.115893  -0.008469  -0.008241  -0.005452  -0.692841  -0.399623  0.553417  2.000000  
53.222803 -0.001397  0.086854  -0.016427  0.992910  0.058979  -0.103204  0.095343  0.123348  0.987773  0.070987  -0.990609  0.116850  -0.008552  -0.008145  -0.005460  -0.700259  -0.406963  0.545552  2.000000  
53.224055 -0.001409  0.086846  -0.016435  0.992931  0.059495  -0.102706  0.094726  0.124201  0.987725  0.071521  -0.990472  0.117687  -0.008714  -0.008025  -0.005542  -0.699866  -0.414024  0.542420  2.000000  
53.225311 -0.001421  0.086837  -0.016444  0.992932  0.059975  -0.102421  0.094313  0.125185  0.987641  0.072055  -0.990319  0.118643  -0.008888  -0.007937  -0.005714  -0.707708  -0.406887  0.537186  2.000000  
53.226314 -0.001431  0.086830  -0.016452  0.992951  0.060493  -0.101925  0.093697  0.126036  0.987591  0.072589  -0.990180  0.119480  -0.009062  -0.007859  -0.005990  -0.715091  -0.413302  0.538178  2.000000  
53.227551 -0.001444  0.086820  -0.016462  0.992960  0.061120  -0.101462  0.093079  0.127139  0.987508  0.073256  -0.990000  0.120555  -0.009252  -0.007807  -0.006392  -0.723200  -0.412915  0.538780  2.000000  
53.228552 -0.001455  0.086812  -0.016471  0.992969  0.061482  -0.101155  0.092667  0.127989  0.987437  0.073656  -0.989868  0.121392  -0.009439  -0.007798  -0.006740  -0.731041  -0.412952  0.534541  2.000000  
53.229552 -0.001466  0.086804  -0.016480  0.992987  0.062003  -0.100663  0.092050  0.128838  0.987384  0.074190  -0.989725  0.122227  -0.009621  -0.007803  -0.007038  -0.738558  -0.419453  0.535664  2.000000  
53.230800 -0.001480  0.086793  -0.016490  0.993004  0.062501  -0.100186  0.091433  0.129926  0.987299  0.074724  -0.989552  0.123303  -0.009836  -0.007842  -0.007278  -0.746441  -0.419426  0.531611  2.000000  
53.231801 -0.001491  0.086785  -0.016498  0.993001  0.062997  -0.099899  0.091021  0.130787  0.987223  0.075257  -0.989407  0.124138  -0.010005  -0.007847  -0.007477  -0.747685  -0.421870  0.532734  2.000000  
53.233047 -0.001505  0.086774  -0.016507  0.993007  0.063628  -0.099442  0.090403  0.131886  0.987134  0.075925  -0.989221  0.125211  -0.010170  -0.007842  -0.007543  -0.755561  -0.420869  0.537628  2.000000  
53.234050 -0.001516  0.086766  -0.016514  0.993003  0.064126  -0.099156  0.089990  0.132746  0.987056  0.076458  -0.989074  0.126046  -0.010304  -0.007824  -0.007532  -0.759382  -0.419920  0.542391  2.000000  
53.235298 -0.001530  0.086755  -0.016523  0.993008  0.064759  -0.098702  0.089372  0.133843  0.986964  0.077125  -0.988884  0.127119  -0.010400  -0.007870  -0.007471  -0.767336  -0.419474  0.542928  2.000000  
53.236302 -0.001540  0.086747  -0.016530  0.993003  0.065246  -0.098426  0.088960  0.134821  0.986869  0.077659  -0.988720  0.128074  -0.010513  -0.007903  -0.007480  -0.771017  -0.418903  0.543231  2.000000  
53.237302 -0.001551  0.086738  -0.016537  0.993027  0.065641  -0.097924  0.088344  0.135654  0.986810  0.078059  -0.988579  0.128909  -0.010607  -0.007982  -0.007547  -0.775871  -0.419542  0.539849  2.000000  
53.238311 -0.001562  0.086729  -0.016546  0.993032  0.066009  -0.097625  0.087932  0.136500  0.986730  0.078459  -0.988438  0.129744  -0.010746  -0.008164  -0.007727  -0.776675  -0.422323  0.539318  2.000000  
53.239553 -0.001576  0.086717  -0.016558  0.993044  0.066514  -0.097157  0.087315  0.137582  0.986634  0.078993  -0.988254  0.130818  -0.010843  -0.008315  -0.007958  -0.781796  -0.424665  0.540572  2.000000  
53.240555 -0.001587  0.086708  -0.016568  0.993066  0.066913  -0.096657  0.086699  0.138413  0.986572  0.079393  -0.988112  0.131652  -0.010928  -0.008529  -0.008146  -0.785609  -0.424756  0.536475  2.000000  
53.241805 -0.001601  0.086696  -0.016580  0.993059  0.067391  -0.096395  0.086286  0.139509  0.986454  0.079926  -0.987925  0.132725  -0.011005  -0.008675  -0.008307  -0.788245  -0.421320  0.536108  2.000000  
53.243052 -0.001614  0.086685  -0.016593  0.993069  0.067911  -0.095922  0.085669  0.140470  0.986372  0.080460  -0.987753  0.133678  -0.011016  -0.008801  -0.008428  -0.785621  -0.416833  0.536531  2.000000  
53.244054 -0.001625  0.086675  -0.016602  0.993090  0.068312  -0.095425  0.085053  0.141299  0.986307  0.080860  -0.987607  0.134513  -0.010981  -0.008870  -0.008436  -0.788057  -0.421020  0.532607  2.000000  
53.245305 -0.001638  0.086664  -0.016613  0.993082  0.068793  -0.095165  0.084641  0.142392  0.986185  0.081393  -0.987417  0.135585  -0.010902  -0.008917  -0.008462  -0.791948  -0.413940  0.527444  2.000000  
53.246307 -0.001648  0.086655  -0.016621  0.993101  0.069195  -0.094669  0.084024  0.143221  0.986117  0.081793  -0.987269  0.136419  -0.010837  -0.008965  -0.008454  -0.795160  -0.421423  0.519646  2.000000  
53.247550 -0.001661  0.086643  -0.016631  0.993103  0.069558  -0.094385  0.083613  0.144182  0.986012  0.082193  -0.987103  0.137372  -0.010807  -0.009038  -0.008467  -0.795612  -0.415283  0.510385  2.000000  
53.248552 -0.001672  0.086634  -0.016638  0.993132  0.069830  -0.093872  0.082998  0.144999  0.985945  0.082460  -0.986965  0.138207  -0.010738  -0.009064  -0.008503  -0.799020  -0.422289  0.507132  2.000000  
53.249800 -0.001684  0.086623  -0.016648  0.993150  0.070213  -0.093395  0.082381  0.146064  0.985839  0.082860  -0.986780  0.139280  -0.010640  -0.009119  -0.008605  -0.803325  -0.423148  0.498946  2.000000  
53.251055 -0.001697  0.086611  -0.016658  0.993157  0.070728  -0.092938  0.081764  0.147141  0.985730  0.083393  -0.986584  0.140351  -0.010603  -0.009169  -0.008660  -0.806533  -0.422293  0.499000  2.000000  
53.252298 -0.001709  0.086600  -0.016668  0.993157  0.071082  -0.092666  0.081353  0.148220  0.985603  0.083793  -0.986397  0.141423  -0.010520  -0.009213  -0.008723  -0.808260  -0.418567  0.495587  2.000000  
53.253304 -0.001718  0.086591  -0.016675  0.993173  0.071479  -0.092183  0.080737  0.149164  0.985511  0.084193  -0.986226  0.142375  -0.010384  -0.009167  -0.008638  -0.815906  -0.418597  0.491384  2.000000  
53.254315 -0.001728  0.086582  -0.016682  0.993184  0.071725  -0.091876  0.080326  0.149993  0.985419  0.084460  -0.986082  0.143209  -0.010288  -0.009158  -0.008444  -0.819699  -0.418735  0.487236  2.000000  
53.255556 -0.001739  0.086572  -0.016691  0.993199  0.072112  -0.091404  0.079710  0.151056  0.985306  0.084860  -0.985891  0.144281  -0.010126  -0.009060  -0.008215  -0.822623  -0.415929  0.481884  2.000000  
53.256806 -0.001750  0.086562  -0.016699  0.993214  0.072501  -0.090932  0.079094  0.152118  0.985192  0.085260  -0.985700  0.145352  -0.009933  -0.008973  -0.007875  -0.822377  -0.416585  0.473426  2.000000  
53.258119 -0.001761  0.086551  -0.016708  0.993256  0.072802  -0.090230  0.078274  0.153035  0.985116  0.085527  -0.985535  0.146305  -0.009715  -0.008856  -0.007601  -0.819381  -0.430709  0.461368  2.000000  
53.259305 -0.001771  0.086541  -0.016715  0.993270  0.073204  -0.089751  0.077658  0.153977  0.985018  0.085926  -0.985359  0.147256  -0.009576  -0.008795  -0.007401  -0.817337  -0.424885  0.457384  2.000000  
53.260551 -0.001781  0.086531  -0.016724  0.993295  0.073464  -0.089263  0.077042  0.155028  0.984901  0.086193  -0.985175  0.148328  -0.009370  -0.008695  -0.007275  -0.817174  -0.425611  0.448952  2.000000  
53.261552 -0.001789  0.086523  -0.016732  0.993319  0.073737  -0.088765  0.076427  0.155958  0.984802  0.086460  -0.985008  0.149281  -0.009184  -0.008635  -0.007286  -0.820506  -0.433257  0.441378  2.000000  
53.262553 -0.001797  0.086514  -0.016741  0.993328  0.073999  -0.088454  0.076016  0.156665  0.984722  0.086726  -0.984876  0.149994  -0.009020  -0.008574  -0.007317  -0.816727  -0.427267  0.431821  2.000000  
53.263801 -0.001807  0.086504  -0.016751  0.993367  0.074295  -0.087764  0.075197  0.157698  0.984620  0.086993  -0.984688  0.151066  -0.008844  -0.008514  -0.007385  -0.815432  -0.442345  0.420874  2.000000  
53.265054 -0.001817  0.086494  -0.016762  0.993378  0.074702  -0.087289  0.074581  0.158638  0.984516  0.087393  -0.984507  0.152016  -0.008670  -0.008457  -0.007455  -0.810970  -0.443084  0.412360  2.000000  
53.266116 -0.001825  0.086485  -0.016770  0.993412  0.074858  -0.086765  0.073966  0.159437  0.984433  0.087526  -0.984366  0.152850  -0.008481  -0.008378  -0.007502  -0.804564  -0.450530  0.399587  2.000000  
53.267302 -0.001833  0.086475  -0.016780  0.993423  0.075256  -0.086300  0.073350  0.160495  0.984308  0.087926  -0.984164  0.153919  -0.008296  -0.008327  -0.007487  -0.807494  -0.447353  0.397557  2.000000  
53.268307 -0.001840  0.086467  -0.016787  0.993429  0.075512  -0.086000  0.072939  0.161319  0.984203  0.088192  -0.984009  0.154751  -0.008109  -0.008255  -0.007415  -0.807405  -0.447682  0.393559  2.000000  
53.269549 -0.001848  0.086457  -0.016795  0.993451  0.075781  -0.085516  0.072324  0.162365  0.984077  0.088459  -0.983816  0.155821  -0.007876  -0.008202  -0.007389  -0.807200  -0.448515  0.385214  2.000000  
53.270550 -0.001855  0.086450  -0.016802  0.993472  0.076071  -0.085015  0.071709  0.163173  0.983988  0.088725  -0.983660  0.156653  -0.007689  -0.008141  -0.007361  -0.807073  -0.448842  0.381198  2.000000  
53.271552 -0.001861  0.086442  -0.016808  0.993492  0.076363  -0.084513  0.071093  0.163980  0.983898  0.088992  -0.983504  0.157484  -0.007519  -0.008094  -0.007356  -0.806214  -0.455856  0.378106  2.000000  
53.272802 -0.001868  0.086433  -0.016816  0.993512  0.076635  -0.084032  0.070478  0.165026  0.983768  0.089259  -0.983307  0.158554  -0.007289  -0.008036  -0.007325  -0.808668  -0.461202  0.368461  2.000000  
53.274053 -0.001876  0.086423  -0.016825  0.993531  0.076908  -0.083550  0.069863  0.166071  0.983636  0.089525  -0.983110  0.159623  -0.007121  -0.008049  -0.007428  -0.809873  -0.457664  0.361433  2.000000  
53.275054 -0.001881  0.086415  -0.016832  0.993562  0.077062  -0.083039  0.069248  0.166987  0.983524  0.089658  -0.982943  0.160575  -0.006923  -0.008028  -0.007453  -0.811850  -0.469949  0.352630  2.000000  
53.276054 -0.001887  0.086407  -0.016840  0.993567  0.077323  -0.082742  0.068838  0.167808  0.983413  0.089925  -0.982783  0.161406  -0.006800  -0.007987  -0.007466  -0.812324  -0.463519  0.347571  2.000000  
53.277305 -0.001894  0.086397  -0.016851  0.993585  0.077599  -0.082263  0.068222  0.168852  0.983278  0.090191  -0.982582  0.162475  -0.006605  -0.007960  -0.007489  -0.812847  -0.466720  0.341723  2.000000  
53.278308 -0.001900  0.086390  -0.016859  0.993601  0.077730  -0.081946  0.067812  0.169664  0.983166  0.090325  -0.982432  0.163307  -0.006402  -0.007876  -0.007391  -0.815876  -0.464060  0.339441  2.000000  
53.279552 -0.001907  0.086380  -0.016869  0.993619  0.078008  -0.081467  0.067197  0.170707  0.983028  0.090591  -0.982229  0.164376  -0.006211  -0.007813  -0.007362  -0.816554  -0.467376  0.333754  2.000000  
53.280800 -0.001913  0.086371  -0.016879  0.993636  0.078297  -0.080980  0.066582  0.171630  0.982909  0.090858  -0.982045  0.165325  -0.006003  -0.007745  -0.007379  -0.811723  -0.465546  0.327210  2.000000  
53.281801 -0.001918  0.086363  -0.016887  0.993651  0.078430  -0.080664  0.066172  0.172441  0.982795  0.090991  -0.981892  0.166156  -0.005845  -0.007705  -0.007367  -0.808300  -0.468845  0.321492  2.000000  
53.283050 -0.001924  0.086354  -0.016897  0.993679  0.078590  -0.080156  0.065557  0.173355  0.982675  0.091124  -0.981719  0.167107  -0.005644  -0.007687  -0.007493  -0.803235  -0.467647  0.310311  2.000000  
53.284056 -0.001928  0.086346  -0.016906  0.993707  0.078761  -0.079638  0.064943  0.174149  0.982575  0.091257  -0.981564  0.167938  -0.005535  -0.007697  -0.007681  -0.802678  -0.474977  0.307400  2.000000  
53.285332 -0.001934  0.086336  -0.016919  0.993735  0.078913  -0.079140  0.064328  0.175182  0.982432  0.091391  -0.981368  0.169008  -0.005389  -0.007727  -0.007924  -0.801580  -0.475475  0.298673  2.000000  
53.286550 -0.001940  0.086325  -0.016931  0.993737  0.079171  -0.078857  0.063917  0.176119  0.982291  0.091657  -0.981180  0.169956  -0.005267  -0.007803  -0.008189  -0.799584  -0.471692  0.296901  2.000000  
53.287798 -0.001945  0.086314  -0.016943  0.993752  0.079466  -0.078373  0.063302  0.177040  0.982166  0.091924  -0.980990  0.170904  -0.005159  -0.007894  -0.008453  -0.800113  -0.465402  0.291898  2.000000  
53.288805 -0.001950  0.086306  -0.016952  0.993766  0.079613  -0.078049  0.062892  0.177731  0.982067  0.092057  -0.980854  0.171615  -0.005015  -0.007916  -0.008590  -0.799007  -0.462860  0.289137  2.000000  
53.290055 -0.001954  0.086296  -0.016963  0.993780  0.079900  -0.077576  0.062277  0.178770  0.981918  0.092323  -0.980641  0.172682  -0.004826  -0.007956  -0.008723  -0.799476  -0.456462  0.284098  2.000000  
53.291305 -0.001959  0.086285  -0.016974  0.993806  0.080066  -0.077070  0.061662  0.179681  0.981790  0.092456  -0.980461  0.173631  -0.004691  -0.008015  -0.008802  -0.791161  -0.456836  0.280135  2.000000  
53.292307 -0.001962  0.086277  -0.016982  0.993806  0.080346  -0.076771  0.061252  0.180379  0.981688  0.092723  -0.980310  0.174340  -0.004524  -0.008016  -0.008733  -0.788652  -0.452189  0.282552  2.000000  
53.293553 -0.001967  0.086267  -0.016992  0.993831  0.080515  -0.076266  0.060637  0.181290  0.981559  0.092856  -0.980128  0.175289  -0.004352  -0.008078  -0.008790  -0.787512  -0.450282  0.275382  2.000000  
53.294558 -0.001970  0.086259  -0.017001  0.993844  0.080665  -0.075944  0.060227  0.181979  0.981456  0.092989  -0.979988  0.176000  -0.004245  -0.008106  -0.008802  -0.783097  -0.450658  0.271217  2.000000  
53.295802 -0.001975  0.086248  -0.017012  0.993868  0.080835  -0.075440  0.059612  0.182889  0.981325  0.093123  -0.979805  0.176949  -0.004142  -0.008189  -0.008901  -0.785604  -0.445459  0.266750  2.000000  
53.297049 -0.001980  0.086238  -0.017023  0.993868  0.081099  -0.075162  0.059202  0.183824  0.981175  0.093389  -0.979608  0.177895  -0.004076  -0.008250  -0.008943  -0.781336  -0.440566  0.264371  2.000000  
53.298053 -0.001984  0.086229  -0.017033  0.993880  0.081251  -0.074841  0.058792  0.184512  0.981070  0.093522  -0.979466  0.178606  -0.004001  -0.008321  -0.009052  -0.776233  -0.438761  0.256993  2.000000  
53.299304 -0.001989  0.086218  -0.017046  0.993891  0.081555  -0.074362  0.058177  0.185429  0.980934  0.093789  -0.979267  0.179552  -0.003942  -0.008340  -0.009149  -0.771787  -0.438347  0.257363  2.000000  
53.300553 -0.001993  0.086209  -0.017058  0.993914  0.081728  -0.073859  0.057562  0.186338  0.980798  0.093922  -0.979080  0.180500  -0.003880  -0.008330  -0.009146  -0.768325  -0.432087  0.252239  2.000000  
53.301798 -0.001999  0.086198  -0.017070  0.993913  0.081995  -0.073583  0.057151  0.187271  0.980644  0.094188  -0.978880  0.181445  -0.003845  -0.008343  -0.009169  -0.766150  -0.428421  0.250626  2.000000  
53.303053 -0.002003  0.086189  -0.017082  0.993935  0.082180  -0.073071  0.056537  0.188061  0.980529  0.094321  -0.978713  0.182274  -0.003777  -0.008264  -0.009134  -0.756729  -0.425667  0.247560  2.000000  
53.304314 -0.002008  0.086179  -0.017093  0.993957  0.082356  -0.072570  0.055922  0.188969  0.980389  0.094455  -0.978524  0.183221  -0.003738  -0.008161  -0.009072  -0.754321  -0.422626  0.241468  2.000000  
53.305556 -0.002012  0.086169  -0.017103  0.993968  0.082503  -0.072261  0.055512  0.189774  0.980257  0.094588  -0.978355  0.184050  -0.003716  -0.008119  -0.009068  -0.741257  -0.412982  0.237103  2.000000  
53.306807 -0.002016  0.086160  -0.017115  0.993976  0.082821  -0.071775  0.054897  0.190570  0.980137  0.094854  -0.978174  0.184876  -0.003720  -0.008073  -0.009120  -0.737038  -0.412743  0.237469  2.000000  
53.308053 -0.002021  0.086150  -0.017125  0.993997  0.083000  -0.071275  0.054282  0.191477  0.979995  0.094987  -0.977981  0.185822  -0.003726  -0.008032  -0.009179  -0.734327  -0.416653  0.232704  2.000000  
53.309054 -0.002025  0.086142  -0.017134  0.994007  0.083158  -0.070957  0.053872  0.192163  0.979883  0.095121  -0.977833  0.186532  -0.003747  -0.008019  -0.009193  -0.728816  -0.413940  0.229398  2.000000  
53.310308 -0.002030  0.086133  -0.017145  0.994015  0.083478  -0.070472  0.053257  0.192958  0.979761  0.095387  -0.977650  0.187357  -0.003800  -0.007974  -0.009143  -0.723846  -0.419616  0.235368  2.000000  
53.311556 -0.002035  0.086123  -0.017156  0.994024  0.083629  -0.070165  0.052847  0.193762  0.979624  0.095520  -0.977478  0.188185  -0.003826  -0.007923  -0.009123  -0.716284  -0.413422  0.230134  2.000000  
53.312802 -0.002040  0.086113  -0.017166  0.994031  0.083951  -0.069682  0.052232  0.194556  0.979500  0.095787  -0.977292  0.189010  -0.003838  -0.007872  -0.009009  -0.712194  -0.412444  0.234958  2.000000  
53.314056 -0.002046  0.086103  -0.017176  0.994037  0.084282  -0.069188  0.051616  0.195231  0.979398  0.096053  -0.977129  0.189716  -0.003870  -0.007809  -0.008816  -0.702172  -0.408040  0.237723  2.000000  
53.315308 -0.002051  0.086094  -0.017186  0.994045  0.084434  -0.068882  0.051207  0.196034  0.979259  0.096186  -0.976955  0.190543  -0.003914  -0.007795  -0.008667  -0.695235  -0.401410  0.237077  2.000000  
53.316550 -0.002056  0.086084  -0.017196  0.994051  0.084758  -0.068400  0.050591  0.196827  0.979132  0.096452  -0.976768  0.191368  -0.003905  -0.007736  -0.008551  -0.689864  -0.407575  0.238487  2.000000  
53.317550 -0.002060  0.086077  -0.017205  0.994059  0.084928  -0.068074  0.050181  0.197392  0.979039  0.096586  -0.976639  0.191958  -0.003935  -0.007707  -0.008487  -0.683937  -0.404815  0.235117  2.000000  
53.318803 -0.002065  0.086067  -0.017216  0.994077  0.085132  -0.067557  0.049567  0.198059  0.978936  0.096719  -0.976486  0.192666  -0.003961  -0.007658  -0.008469  -0.677651  -0.408055  0.234740  2.000000  
53.320048 -0.002071  0.086058  -0.017227  0.994084  0.085295  -0.067242  0.049157  0.198742  0.978818  0.096852  -0.976333  0.193374  -0.004077  -0.007659  -0.008549  -0.666181  -0.401997  0.229503  2.000000  
53.321054 -0.002075  0.086051  -0.017236  0.994088  0.085638  -0.066741  0.048542  0.199296  0.978736  0.097118  -0.976190  0.193961  -0.004108  -0.007642  -0.008558  -0.659302  -0.404259  0.236116  2.000000  
53.322056 -0.002080  0.086044  -0.017246  0.994095  0.085802  -0.066426  0.048132  0.199979  0.978617  0.097251  -0.976036  0.194669  -0.004156  -0.007569  -0.008641  -0.659221  -0.404916  0.231991  2.000000  
53.323307 -0.002086  0.086035  -0.017258  0.994089  0.086097  -0.066138  0.047721  0.200669  0.978496  0.097518  -0.975868  0.195374  -0.004239  -0.007540  -0.008696  -0.651516  -0.397031  0.235426  2.000000  
53.324317 -0.002090  0.086028  -0.017267  0.994096  0.086270  -0.065814  0.047311  0.201233  0.978400  0.097651  -0.975737  0.195963  -0.004251  -0.007486  -0.008706  -0.649539  -0.400375  0.234997  2.000000  
53.325551 -0.002095  0.086019  -0.017278  0.994098  0.086608  -0.065325  0.046696  0.201904  0.978292  0.097917  -0.975568  0.196668  -0.004295  -0.007396  -0.008712  -0.641357  -0.399325  0.239713  2.000000  
53.326555 -0.002100  0.086013  -0.017286  0.994114  0.086824  -0.064800  0.046081  0.202450  0.978208  0.098050  -0.975436  0.197257  -0.004276  -0.007321  -0.008706  -0.634223  -0.402337  0.241955  2.000000  
53.327555 -0.002103  0.086006  -0.017294  0.994120  0.086998  -0.064476  0.045671  0.203013  0.978110  0.098184  -0.975304  0.197846  -0.004273  -0.007251  -0.008673  -0.626049  -0.403044  0.237856  2.000000  
53.328803 -0.002109  0.085997  -0.017304  0.994135  0.087200  -0.063972  0.045057  0.203796  0.977976  0.098317  -0.975122  0.198671  -0.004301  -0.007204  -0.008656  -0.622060  -0.402917  0.238278  2.000000  
53.329805 -0.002113  0.085991  -0.017312  0.994140  0.087376  -0.063649  0.044647  0.204359  0.977877  0.098450  -0.974989  0.199260  -0.004290  -0.007107  -0.008661  -0.617832  -0.402693  0.238510  2.000000  
53.331052 -0.002119  0.085982  -0.017322  0.994154  0.087586  -0.063136  0.044032  0.205022  0.977766  0.098583  -0.974831  0.199967  -0.004306  -0.007061  -0.008680  -0.609026  -0.410171  0.235795  2.000000  
53.332053 -0.002123  0.085975  -0.017331  0.994146  0.087893  -0.062840  0.043622  0.205591  0.977665  0.098849  -0.974683  0.200553  -0.004339  -0.006986  -0.008667  -0.607901  -0.405758  0.238426  2.000000  
53.333053 -0.002128  0.085968  -0.017340  0.994150  0.088078  -0.062507  0.043212  0.206034  0.977590  0.098982  -0.974573  0.201023  -0.004365  -0.006985  -0.008727  -0.597192  -0.402148  0.239351  2.000000  
53.334314 -0.002133  0.085960  -0.017351  0.994142  0.088378  -0.062222  0.042801  0.206721  0.977463  0.099249  -0.974400  0.201727  -0.004346  -0.006910  -0.008720  -0.592847  -0.400959  0.244004  2.000000  
53.335547 -0.002138  0.085952  -0.017363  0.994155  0.088598  -0.061699  0.042187  0.207264  0.977375  0.099382  -0.974265  0.202315  -0.004346  -0.006855  -0.008753  -0.583595  -0.404462  0.243749  2.000000  
53.336550 -0.002143  0.085946  -0.017373  0.994159  0.088777  -0.061378  0.041777  0.207826  0.977273  0.099515  -0.974129  0.202903  -0.004331  -0.006787  -0.008755  -0.579401  -0.404230  0.243980  2.000000  
53.337550 -0.002147  0.085939  -0.017382  0.994162  0.088955  -0.061057  0.041367  0.208388  0.977171  0.099648  -0.973993  0.203491  -0.004314  -0.006715  -0.008752  -0.576019  -0.397400  0.242936  2.000000  
53.338554 -0.002151  0.085933  -0.017392  0.994166  0.089135  -0.060736  0.040957  0.208949  0.977068  0.099781  -0.973856  0.204079  -0.004304  -0.006659  -0.008780  -0.572503  -0.401356  0.240809  2.000000  
53.339802 -0.002156  0.085926  -0.017404  0.994178  0.089357  -0.060214  0.040343  0.209492  0.976978  0.099914  -0.973719  0.204667  -0.004274  -0.006572  -0.008864  -0.562958  -0.404541  0.240410  2.000000  
53.340803 -0.002160  0.085920  -0.017413  0.994181  0.089545  -0.059882  0.039933  0.209934  0.976900  0.100048  -0.973606  0.205137  -0.004259  -0.006517  -0.008920  -0.556007  -0.401879  0.236915  2.000000  
53.341807 -0.002164  0.085914  -0.017423  0.994184  0.089732  -0.059551  0.039523  0.210376  0.976821  0.100181  -0.973494  0.205606  -0.004234  -0.006439  -0.009032  -0.547706  -0.401665  0.237120  2.000000  
53.343054 -0.002169  0.085907  -0.017436  0.994187  0.089913  -0.059231  0.039113  0.210937  0.976717  0.100314  -0.973356  0.206194  -0.004226  -0.006395  -0.009222  -0.543169  -0.399136  0.231062  2.000000  
53.344055 -0.002173  0.085901  -0.017446  0.994176  0.090232  -0.058927  0.038703  0.211384  0.976637  0.100580  -0.973229  0.206661  -0.004190  -0.006320  -0.009379  -0.539717  -0.391424  0.234290  2.000000  
53.345306 -0.002179  0.085893  -0.017459  0.994186  0.090464  -0.058396  0.038088  0.211807  0.976569  0.100713  -0.973116  0.207130  -0.004203  -0.006255  -0.009538  -0.526892  -0.397982  0.235932  2.000000  
53.346314 -0.002183  0.085888  -0.017469  0.994188  0.090653  -0.058065  0.037678  0.212248  0.976489  0.100846  -0.973002  0.207599  -0.004180  -0.006143  -0.009660  -0.519384  -0.395087  0.232260  2.000000  
53.347549 -0.002188  0.085881  -0.017481  0.994177  0.090973  -0.057763  0.037268  0.212695  0.976408  0.101113  -0.972875  0.208066  -0.004153  -0.006030  -0.009709  -0.511193  -0.390966  0.235025  2.000000  
53.348551 -0.002192  0.085876  -0.017490  0.994178  0.091163  -0.057433  0.036858  0.213136  0.976327  0.101246  -0.972760  0.208535  -0.004149  -0.005940  -0.009763  -0.507978  -0.387370  0.235858  2.000000  
53.349803 -0.002197  0.085869  -0.017502  0.994180  0.091353  -0.057103  0.036448  0.213577  0.976246  0.101379  -0.972646  0.209004  -0.004125  -0.005828  -0.009731  -0.499650  -0.387132  0.236037  2.000000  
