1-Time 2-Px 3-Py 4-Pz 5-R11 6-R21 7-R31 8-R12 9-R22 10-R32 11-R13 12-R23 13-R33 14-Vx 15-Vy 16-Vz 17-Wx 18-Wy 19-Wz 20-state 21-PR11 22-PR21 23-PR31 24-PR12 25-PR22 26-PR32 27-PR13 28-PR23 29-PR33 
167.421785 0.014389  0.098361  -0.015357  0.994097  0.108275  0.006948  -0.108486  0.992895  0.048883  -0.001606  -0.049348  0.998780  -0.000030  0.000222  0.000068  0.000000  0.000000  0.000000  2.000000  
167.422791 0.014389  0.098361  -0.015357  0.994074  0.108479  0.006958  -0.108691  0.992873  0.048881  -0.001606  -0.049348  0.998780  -0.000007  0.000193  0.000038  0.000000  0.000000  0.000000  2.000000  
167.424038 0.014392  0.098363  -0.015357  0.994007  0.109092  0.007001  -0.109304  0.992800  0.048997  -0.001606  -0.049469  0.998774  0.000234  0.000315  0.000074  0.000000  0.000000  0.000000  2.000000  
167.425038 0.014396  0.098364  -0.015356  0.993962  0.109493  0.007167  -0.109714  0.992750  0.049100  -0.001739  -0.049590  0.998768  0.000475  0.000413  0.000159  0.000000  0.000000  0.000000  2.000000  
167.426289 0.014400  0.098365  -0.015355  0.993894  0.110099  0.007344  -0.110328  0.992677  0.049201  -0.001873  -0.049711  0.998762  0.000783  0.000402  0.000203  0.000000  0.000000  0.000000  2.000000  
167.427290 0.014405  0.098365  -0.015355  0.993871  0.110302  0.007367  -0.110532  0.992648  0.049320  -0.001873  -0.049832  0.998756  0.001092  0.000414  0.000197  0.000000  0.000000  0.000000  2.000000  
167.428291 0.014410  0.098365  -0.015355  0.993825  0.110717  0.007268  -0.110941  0.992596  0.049452  -0.001739  -0.049953  0.998750  0.001455  0.000428  0.000185  0.000000  0.000000  0.000000  2.000000  
167.429541 0.014417  0.098366  -0.015355  0.993734  0.111539  0.007203  -0.111760  0.992492  0.049702  -0.001606  -0.050196  0.998738  0.001870  0.000465  0.000184  0.000000  0.000000  0.000000  2.000000  
167.430790 0.014424  0.098368  -0.015355  0.993619  0.112566  0.007135  -0.112783  0.992369  0.049830  -0.001472  -0.050317  0.998732  0.002389  0.000522  0.000222  0.000000  0.000000  0.000000  2.000000  
167.432035 0.014431  0.098369  -0.015354  0.993502  0.113587  0.007200  -0.113805  0.992247  0.049943  -0.001472  -0.050438  0.998726  0.002867  0.000598  0.000247  0.032341  -0.004496  0.179922  2.000000  
167.433289 0.014439  0.098371  -0.015354  0.993384  0.114606  0.007280  -0.114828  0.992117  0.050176  -0.001472  -0.050680  0.998714  0.003452  0.000701  0.000209  0.040434  -0.006249  0.214433  2.000000  
167.434551 0.014449  0.098375  -0.015353  0.993265  0.115620  0.007478  -0.115850  0.991994  0.050274  -0.001606  -0.050802  0.998707  0.004106  0.000980  0.000320  0.044421  -0.012482  0.248650  2.000000  
167.435786 0.014459  0.098379  -0.015350  0.993146  0.116640  0.007544  -0.116873  0.991868  0.050386  -0.001606  -0.050923  0.998701  0.004754  0.001183  0.000469  0.048469  -0.014241  0.283354  2.000000  
167.437054 0.014469  0.098383  -0.015347  0.993000  0.117863  0.007635  -0.118099  0.991711  0.050618  -0.001606  -0.051165  0.998689  0.005472  0.001500  0.000675  0.056515  -0.016353  0.324578  2.000000  
167.438288 0.014481  0.098389  -0.015345  0.992854  0.119087  0.007712  -0.119326  0.991558  0.050728  -0.001606  -0.051286  0.998683  0.006109  0.001787  0.000829  0.060554  -0.018472  0.366210  2.000000  
167.439294 0.014491  0.098393  -0.015343  0.992731  0.120113  0.007660  -0.120348  0.991422  0.050977  -0.001472  -0.051528  0.998670  0.006593  0.001973  0.000888  0.068673  -0.015772  0.400954  2.000000  
167.440543 0.014503  0.098397  -0.015341  0.992606  0.121131  0.007742  -0.121370  0.991286  0.051210  -0.001472  -0.051771  0.998658  0.007104  0.002160  0.000939  0.076765  -0.017570  0.435459  2.000000  
167.441788 0.014515  0.098399  -0.015339  0.992481  0.122150  0.007825  -0.122391  0.991148  0.051442  -0.001472  -0.052013  0.998645  0.007496  0.002288  0.001023  0.084872  -0.019380  0.470051  2.000000  
167.442790 0.014525  0.098400  -0.015338  0.992354  0.123168  0.007908  -0.123413  0.991009  0.051674  -0.001472  -0.052255  0.998633  0.007874  0.002398  0.001135  0.092966  -0.021195  0.504571  2.000000  
167.444044 0.014537  0.098402  -0.015337  0.992201  0.124390  0.008002  -0.124639  0.990844  0.051905  -0.001472  -0.052497  0.998620  0.008265  0.002395  0.001243  0.101042  -0.023370  0.545960  2.000000  
167.445289 0.014550  0.098403  -0.015336  0.992046  0.125605  0.008229  -0.125864  0.990677  0.052119  -0.001606  -0.052740  0.998607  0.008630  0.002385  0.001279  0.109119  -0.030055  0.587335  2.000000  
167.446534 0.014561  0.098402  -0.015335  0.991916  0.126623  0.008313  -0.126885  0.990535  0.052350  -0.001606  -0.052982  0.998594  0.008864  0.002228  0.001261  0.117227  -0.031901  0.621941  2.000000  
167.447539 0.014570  0.098400  -0.015335  0.991838  0.127232  0.008376  -0.127498  0.990444  0.052585  -0.001606  -0.053224  0.998581  0.009112  0.002053  0.001318  0.129382  -0.032993  0.642459  2.000000  
167.448783 0.014582  0.098399  -0.015335  0.991706  0.128250  0.008461  -0.128519  0.990300  0.052817  -0.001606  -0.053466  0.998568  0.009300  0.001789  0.001272  0.137519  -0.034859  0.677205  2.000000  
167.449784 0.014592  0.098398  -0.015335  0.991600  0.129064  0.008521  -0.129335  0.990187  0.052930  -0.001606  -0.053588  0.998562  0.009446  0.001486  0.001109  0.141556  -0.036326  0.704870  2.000000  
167.450786 0.014603  0.098397  -0.015336  0.991493  0.129870  0.008728  -0.130152  0.990069  0.053146  -0.001739  -0.053830  0.998549  0.009614  0.001239  0.000960  0.149620  -0.042332  0.732297  2.000000  
167.451786 0.014612  0.098397  -0.015336  0.991385  0.130684  0.008804  -0.130968  0.989948  0.053379  -0.001739  -0.054072  0.998536  0.009719  0.000911  0.000739  0.157738  -0.043855  0.759986  2.000000  
167.452789 0.014622  0.098396  -0.015337  0.991304  0.131287  0.008985  -0.131580  0.989862  0.053476  -0.001873  -0.054193  0.998529  0.009704  0.000650  0.000615  0.160397  -0.048701  0.767146  2.000000  
167.453837 0.014631  0.098395  -0.015336  0.991222  0.131896  0.009050  -0.132193  0.989768  0.053710  -0.001873  -0.054435  0.998516  0.009627  0.000207  0.000525  0.165535  -0.049166  0.772247  2.000000  
167.455039 0.014642  0.098393  -0.015337  0.991140  0.132499  0.009232  -0.132805  0.989681  0.053807  -0.002007  -0.054556  0.998509  0.009612  -0.000219  0.000357  0.165715  -0.049344  0.773565  2.000000  
167.456042 0.014651  0.098391  -0.015337  0.991058  0.133109  0.009281  -0.133417  0.989592  0.053921  -0.002007  -0.054678  0.998502  0.009538  -0.000507  0.000211  0.165624  -0.045301  0.780581  2.000000  
167.457292 0.014659  0.098387  -0.015337  0.990948  0.133923  0.009342  -0.134233  0.989476  0.054034  -0.002007  -0.054799  0.998495  0.009315  -0.000909  0.000094  0.165607  -0.046122  0.794446  2.000000  
167.458549 0.014667  0.098384  -0.015336  0.990864  0.134525  0.009524  -0.134845  0.989387  0.054130  -0.002141  -0.054920  0.998488  0.009006  -0.001195  0.000121  0.161474  -0.055229  0.793691  2.000000  
167.459787 0.014675  0.098379  -0.015335  0.990781  0.135135  0.009574  -0.135457  0.989297  0.054244  -0.002141  -0.055041  0.998482  0.008648  -0.001587  0.000097  0.160257  -0.059344  0.787206  2.000000  
167.460788 0.014680  0.098375  -0.015334  0.990697  0.135738  0.009756  -0.136069  0.989208  0.054340  -0.002275  -0.055162  0.998475  0.008361  -0.001839  0.000121  0.160267  -0.067984  0.779859  2.000000  
167.462037 0.014685  0.098369  -0.015334  0.990613  0.136347  0.009806  -0.136681  0.989117  0.054454  -0.002275  -0.055283  0.998468  0.007957  -0.002113  0.000097  0.161648  -0.067552  0.765651  2.000000  
167.463283 0.014690  0.098364  -0.015335  0.990556  0.136755  0.009828  -0.137088  0.989061  0.054450  -0.002275  -0.055283  0.998468  0.007533  -0.002366  0.000021  0.152266  -0.066365  0.745678  2.000000  
167.464288 0.014694  0.098360  -0.015336  0.990499  0.137153  0.010000  -0.137496  0.988999  0.054547  -0.002408  -0.055404  0.998461  0.007097  -0.002579  -0.000029  0.153520  -0.065925  0.731360  2.000000  
167.465534 0.014697  0.098353  -0.015338  0.990414  0.137763  0.010050  -0.138108  0.988908  0.054661  -0.002408  -0.055525  0.998454  0.006477  -0.002933  -0.000113  0.152224  -0.065085  0.718258  2.000000  
167.466547 0.014700  0.098349  -0.015339  0.990385  0.137959  0.010194  -0.138312  0.988880  0.054641  -0.002542  -0.055525  0.998454  0.005935  -0.003226  -0.000166  0.149355  -0.068281  0.689057  2.000000  
167.467786 0.014702  0.098343  -0.015341  0.990300  0.138569  0.010244  -0.138923  0.988788  0.054754  -0.002542  -0.055646  0.998447  0.005394  -0.003528  -0.000307  0.144186  -0.067144  0.670016  2.000000  
167.469034 0.014704  0.098337  -0.015344  0.990242  0.138968  0.010399  -0.139331  0.988732  0.054732  -0.002676  -0.055646  0.998447  0.004690  -0.003871  -0.000464  0.136142  -0.074656  0.642050  2.000000  
167.470036 0.014705  0.098332  -0.015345  0.990185  0.139374  0.010439  -0.139739  0.988668  0.054847  -0.002676  -0.055767  0.998440  0.004186  -0.004054  -0.000554  0.136163  -0.073993  0.628301  2.000000  
167.471042 0.014706  0.098328  -0.015346  0.990156  0.139570  0.010582  -0.139943  0.988641  0.054826  -0.002810  -0.055767  0.998440  0.003597  -0.004234  -0.000629  0.129150  -0.077680  0.605593  2.000000  
167.472289 0.014705  0.098321  -0.015348  0.990098  0.139976  0.010622  -0.140350  0.988576  0.054942  -0.002810  -0.055889  0.998433  0.003064  -0.004382  -0.000739  0.125190  -0.076330  0.578209  2.000000  
167.473544 0.014704  0.098315  -0.015350  0.990040  0.140376  0.010777  -0.140758  0.988520  0.054919  -0.002944  -0.055889  0.998433  0.002484  -0.004557  -0.000941  0.116092  -0.079123  0.552706  2.000000  
167.474553 0.014704  0.098310  -0.015351  0.990010  0.140572  0.010920  -0.140962  0.988492  0.054898  -0.003077  -0.055889  0.998432  0.001961  -0.004688  -0.001094  0.108828  -0.082765  0.528921  2.000000  
167.475789 0.014703  0.098304  -0.015352  0.989952  0.140971  0.011075  -0.141369  0.988435  0.054874  -0.003211  -0.055888  0.998432  0.001483  -0.004698  -0.001267  0.100701  -0.081348  0.501427  2.000000  
167.477038 0.014703  0.098300  -0.015352  0.989893  0.141371  0.011230  -0.141777  0.988378  0.054851  -0.003345  -0.055888  0.998431  0.001128  -0.004629  -0.001251  0.092557  -0.085153  0.487398  2.000000  
167.478288 0.014703  0.098296  -0.015352  0.989834  0.141770  0.011385  -0.142184  0.988321  0.054827  -0.003479  -0.055888  0.998431  0.000792  -0.004526  -0.001172  0.084415  -0.088561  0.466373  2.000000  
167.479539 0.014703  0.098293  -0.015352  0.989805  0.141974  0.011396  -0.142388  0.988291  0.054825  -0.003479  -0.055888  0.998431  0.000596  -0.004345  -0.001059  0.076325  -0.087094  0.438685  2.000000  
167.480792 0.014704  0.098290  -0.015351  0.989746  0.142373  0.011551  -0.142796  0.988234  0.054801  -0.003613  -0.055888  0.998430  0.000348  -0.004132  -0.000846  0.064095  -0.086038  0.417964  2.000000  
167.482035 0.014706  0.098289  -0.015350  0.989716  0.142569  0.011694  -0.142999  0.988206  0.054780  -0.003746  -0.055888  0.998430  0.000302  -0.003867  -0.000678  0.055969  -0.084983  0.397400  2.000000  
167.483036 0.014706  0.098287  -0.015350  0.989656  0.142969  0.011849  -0.143407  0.988148  0.054756  -0.003880  -0.055888  0.998429  0.000262  -0.003667  -0.000524  0.051869  -0.089093  0.390127  2.000000  
167.484288 0.014709  0.098285  -0.015349  0.989626  0.143166  0.011975  -0.143610  0.988126  0.054614  -0.004014  -0.055767  0.998436  0.000282  -0.003385  -0.000373  0.043372  -0.092064  0.372993  2.000000  
167.485544 0.014711  0.098284  -0.015349  0.989566  0.143559  0.012262  -0.144018  0.988069  0.054571  -0.004282  -0.055767  0.998435  0.000355  -0.003101  -0.000230  0.035556  -0.096192  0.355001  2.000000  
167.486785 0.014714  0.098282  -0.015349  0.989536  0.143755  0.012405  -0.144221  0.988041  0.054549  -0.004415  -0.055767  0.998434  0.000563  -0.002785  -0.000078  0.031247  -0.099135  0.338190  2.000000  
167.487791 0.014716  0.098281  -0.015349  0.989476  0.144154  0.012560  -0.144629  0.987983  0.054524  -0.004549  -0.055767  0.998433  0.000794  -0.002489  -0.000014  0.027178  -0.103601  0.337911  2.000000  
167.489038 0.014720  0.098280  -0.015349  0.989445  0.144343  0.012836  -0.144832  0.987955  0.054483  -0.004817  -0.055767  0.998432  0.001090  -0.002113  0.000107  0.023333  -0.107835  0.319773  2.000000  
167.490289 0.014724  0.098280  -0.015350  0.989414  0.144537  0.012996  -0.145036  0.987920  0.054581  -0.004951  -0.055888  0.998425  0.001396  -0.001716  0.000139  0.027185  -0.111030  0.310006  2.000000  
167.491289 0.014728  0.098280  -0.015350  0.989383  0.144726  0.013272  -0.145239  0.987892  0.054539  -0.005218  -0.055888  0.998423  0.001629  -0.001490  0.000138  0.023322  -0.115697  0.298517  2.000000  
167.492291 0.014732  0.098281  -0.015350  0.989322  0.145125  0.013427  -0.145646  0.987834  0.054515  -0.005352  -0.055888  0.998423  0.001966  -0.001203  0.000129  0.019253  -0.119830  0.291373  2.000000  
167.493541 0.014737  0.098282  -0.015349  0.989291  0.145314  0.013702  -0.145850  0.987806  0.054473  -0.005620  -0.055888  0.998421  0.002337  -0.000854  0.000212  0.015139  -0.123920  0.284129  2.000000  
167.494551 0.014742  0.098284  -0.015348  0.989260  0.145509  0.013846  -0.146053  0.987777  0.054450  -0.005753  -0.055888  0.998420  0.002584  -0.000626  0.000203  0.015145  -0.128002  0.276922  2.000000  
167.495788 0.014748  0.098286  -0.015346  0.989199  0.145909  0.014000  -0.146461  0.987718  0.054425  -0.005887  -0.055888  0.998420  0.002910  -0.000296  0.000330  0.011064  -0.127670  0.270085  2.000000  
167.497039 0.014753  0.098289  -0.015345  0.989167  0.146099  0.014258  -0.146664  0.987697  0.054263  -0.006155  -0.055767  0.998425  0.003223  0.000069  0.000384  0.002904  -0.136272  0.262689  2.000000  
167.498284 0.014759  0.098292  -0.015343  0.989136  0.146295  0.014401  -0.146868  0.987668  0.054241  -0.006288  -0.055767  0.998424  0.003473  0.000412  0.000506  0.002875  -0.134775  0.253687  2.000000  
167.499290 0.014764  0.098295  -0.015341  0.989105  0.146491  0.014545  -0.147071  0.987639  0.054218  -0.006422  -0.055767  0.998423  0.003724  0.000732  0.000558  -0.001165  -0.140024  0.248642  2.000000  
167.500540 0.014769  0.098299  -0.015339  0.989043  0.146883  0.014831  -0.147478  0.987581  0.054173  -0.006690  -0.055766  0.998421  0.003880  0.001033  0.000661  -0.001221  -0.148167  0.252959  2.000000  
167.501786 0.014775  0.098303  -0.015337  0.989011  0.147081  0.014957  -0.147682  0.987558  0.054030  -0.006824  -0.055645  0.998427  0.004099  0.001479  0.000828  -0.005266  -0.147742  0.246069  2.000000  
167.502789 0.014779  0.098307  -0.015335  0.988980  0.147277  0.015100  -0.147885  0.987529  0.054007  -0.006957  -0.055645  0.998426  0.004209  0.001742  0.000944  -0.009310  -0.147376  0.239212  2.000000  
167.504037 0.014785  0.098312  -0.015333  0.988948  0.147465  0.015375  -0.148088  0.987501  0.053965  -0.007225  -0.055645  0.998424  0.004331  0.002134  0.001075  -0.009402  -0.152717  0.234058  2.000000  
167.505038 0.014789  0.098316  -0.015333  0.988916  0.147663  0.015500  -0.148292  0.987478  0.053822  -0.007359  -0.055524  0.998430  0.004425  0.002412  0.001141  -0.013399  -0.151425  0.232108  2.000000  
167.506044 0.014794  0.098320  -0.015332  0.988885  0.147859  0.015644  -0.148495  0.987449  0.053799  -0.007493  -0.055524  0.998429  0.004468  0.002676  0.001229  -0.013490  -0.156788  0.226878  2.000000  
167.507289 0.014799  0.098324  -0.015331  0.988853  0.148055  0.015787  -0.148699  0.987419  0.053776  -0.007626  -0.055524  0.998428  0.004449  0.002907  0.001243  -0.013485  -0.156423  0.219998  2.000000  
167.508293 0.014802  0.098328  -0.015332  0.988821  0.148251  0.015930  -0.148902  0.987390  0.053753  -0.007760  -0.055524  0.998427  0.004412  0.003109  0.001176  -0.013512  -0.156378  0.219933  2.000000  
167.509540 0.014807  0.098332  -0.015332  0.988790  0.148447  0.016073  -0.149105  0.987360  0.053729  -0.007894  -0.055524  0.998426  0.004357  0.003246  0.001117  -0.013529  -0.160887  0.219709  2.000000  
167.510786 0.014812  0.098336  -0.015332  0.988758  0.148643  0.016216  -0.149309  0.987331  0.053706  -0.008028  -0.055524  0.998425  0.004277  0.003363  0.000962  -0.013410  -0.159214  0.211095  2.000000  
167.511789 0.014815  0.098340  -0.015332  0.988726  0.148839  0.016359  -0.149512  0.987301  0.053683  -0.008162  -0.055524  0.998424  0.004210  0.003433  0.000872  -0.013548  -0.160495  0.212793  2.000000  
167.513037 0.014820  0.098344  -0.015331  0.988694  0.149034  0.016503  -0.149716  0.987272  0.053660  -0.008295  -0.055524  0.998423  0.004133  0.003507  0.000812  -0.013538  -0.160145  0.205930  2.000000  
167.514040 0.014823  0.098347  -0.015330  0.988663  0.149240  0.016496  -0.149919  0.987248  0.053536  -0.008295  -0.055402  0.998430  0.004037  0.003526  0.000739  -0.013551  -0.155612  0.206177  2.000000  
167.515285 0.014827  0.098351  -0.015330  0.988631  0.149436  0.016639  -0.150123  0.987218  0.053513  -0.008429  -0.055402  0.998429  0.003923  0.003512  0.000603  -0.013468  -0.154323  0.204469  2.000000  
167.516290 0.014830  0.098354  -0.015330  0.988631  0.149436  0.016639  -0.150123  0.987218  0.053513  -0.008429  -0.055402  0.998429  0.003806  0.003472  0.000516  -0.013521  -0.145876  0.192877  2.000000  
167.517539 0.014834  0.098358  -0.015329  0.988599  0.149631  0.016782  -0.150326  0.987188  0.053489  -0.008563  -0.055402  0.998427  0.003721  0.003490  0.000441  -0.013436  -0.144674  0.191288  2.000000  
167.518544 0.014836  0.098361  -0.015328  0.988599  0.149631  0.016782  -0.150326  0.987188  0.053489  -0.008563  -0.055402  0.998427  0.003551  0.003398  0.000421  -0.013466  -0.140583  0.179265  2.000000  
167.519786 0.014839  0.098365  -0.015327  0.988568  0.149837  0.016775  -0.150529  0.987164  0.053366  -0.008563  -0.055281  0.998434  0.003389  0.003366  0.000381  -0.017428  -0.130542  0.178337  2.000000  
167.520790 0.014842  0.098369  -0.015326  0.988568  0.149837  0.016775  -0.150529  0.987164  0.053366  -0.008563  -0.055281  0.998434  0.003278  0.003335  0.000405  -0.021612  -0.126746  0.173129  2.000000  
167.522038 0.014844  0.098372  -0.015325  0.988567  0.149829  0.016907  -0.150529  0.987165  0.053346  -0.008697  -0.055281  0.998433  0.003098  0.003251  0.000463  -0.021421  -0.120864  0.165094  2.000000  
167.523290 0.014846  0.098375  -0.015324  0.988567  0.149829  0.016907  -0.150529  0.987165  0.053346  -0.008697  -0.055281  0.998433  0.002953  0.003145  0.000527  0.000000  0.000000  0.000000  2.000000  
167.524291 0.014848  0.098377  -0.015323  0.988567  0.149831  0.016888  -0.150529  0.987172  0.053226  -0.008697  -0.055160  0.998440  0.002829  0.003064  0.000576  0.000000  0.000000  0.000000  2.000000  
167.525540 0.014850  0.098379  -0.015323  0.988567  0.149831  0.016888  -0.150529  0.987172  0.053226  -0.008697  -0.055160  0.998440  0.002604  0.002916  0.000624  0.000000  0.000000  0.000000  2.000000  
167.526543 0.014851  0.098381  -0.015323  0.988567  0.149831  0.016888  -0.150529  0.987172  0.053226  -0.008697  -0.055160  0.998440  0.002417  0.002773  0.000629  0.000000  0.000000  0.000000  2.000000  
167.527787 0.014853  0.098382  -0.015322  0.988567  0.149831  0.016888  -0.150529  0.987172  0.053226  -0.008697  -0.055160  0.998440  0.002222  0.002570  0.000581  0.000000  0.000000  0.000000  2.000000  
167.528788 0.014853  0.098383  -0.015321  0.988567  0.149831  0.016888  -0.150529  0.987172  0.053226  -0.008697  -0.055160  0.998440  0.002047  0.002401  0.000595  0.000000  0.000000  0.000000  2.000000  
167.530035 0.014855  0.098383  -0.015321  0.988568  0.149839  0.016756  -0.150529  0.987171  0.053246  -0.008563  -0.055160  0.998441  0.001922  0.002225  0.000614  0.000000  0.000000  0.000000  2.000000  
167.531041 0.014856  0.098384  -0.015321  0.988568  0.149839  0.016756  -0.150529  0.987171  0.053246  -0.008563  -0.055160  0.998441  0.001748  0.002062  0.000615  0.000000  0.000000  0.000000  2.000000  
167.532288 0.014856  0.098384  -0.015320  0.988599  0.149636  0.016745  -0.150326  0.987201  0.053250  -0.008563  -0.055160  0.998441  0.001534  0.001779  0.000602  0.000000  0.000000  0.000000  2.000000  
167.533289 0.014857  0.098384  -0.015320  0.988599  0.149636  0.016745  -0.150326  0.987201  0.053250  -0.008563  -0.055160  0.998441  0.001430  0.001611  0.000582  0.000000  0.000000  0.000000  2.000000  
167.534550 0.014857  0.098384  -0.015319  0.988599  0.149636  0.016745  -0.150326  0.987201  0.053250  -0.008563  -0.055160  0.998441  0.001219  0.001297  0.000565  0.000000  0.000000  0.000000  2.000000  
167.535786 0.014857  0.098385  -0.015318  0.988601  0.149643  0.016613  -0.150326  0.987200  0.053270  -0.008429  -0.055160  0.998442  0.001019  0.001052  0.000518  0.000000  0.000000  0.000000  2.000000  
167.537038 0.014857  0.098385  -0.015316  0.988631  0.149440  0.016602  -0.150123  0.987231  0.053273  -0.008429  -0.055160  0.998442  0.000858  0.000836  0.000589  0.000000  0.000000  0.000000  2.000000  
167.538042 0.014857  0.098385  -0.015315  0.988631  0.149440  0.016602  -0.150123  0.987231  0.053273  -0.008429  -0.055160  0.998442  0.000708  0.000654  0.000622  0.000000  0.000000  0.000000  2.000000  
167.539294 0.014857  0.098385  -0.015313  0.988631  0.149440  0.016602  -0.150123  0.987231  0.053273  -0.008429  -0.055160  0.998442  0.000522  0.000463  0.000725  0.000000  0.000000  0.000000  2.000000  
167.540541 0.014856  0.098385  -0.015311  0.988663  0.149244  0.016459  -0.149919  0.987261  0.053297  -0.008295  -0.055160  0.998443  0.000396  0.000357  0.000823  0.000000  0.000000  0.000000  2.000000  
167.541789 0.014855  0.098384  -0.015310  0.988663  0.149244  0.016459  -0.149919  0.987261  0.053297  -0.008295  -0.055160  0.998443  0.000221  0.000187  0.000837  0.000000  0.000000  0.000000  2.000000  
167.543038 0.014855  0.098384  -0.015309  0.988663  0.149244  0.016459  -0.149919  0.987261  0.053297  -0.008295  -0.055160  0.998443  0.000106  0.000078  0.000897  0.000000  0.000000  0.000000  2.000000  
167.544038 0.014854  0.098384  -0.015307  0.988663  0.149244  0.016459  -0.149919  0.987261  0.053297  -0.008295  -0.055160  0.998443  0.000023  0.000023  0.000930  0.000000  0.000000  0.000000  2.000000  
167.545285 0.014854  0.098383  -0.015306  0.988663  0.149244  0.016459  -0.149919  0.987261  0.053297  -0.008295  -0.055160  0.998443  -0.000071  -0.000029  0.000986  0.000000  0.000000  0.000000  2.000000  
167.546286 0.014854  0.098384  -0.015305  0.988663  0.149242  0.016477  -0.149919  0.987254  0.053417  -0.008295  -0.055281  0.998436  -0.000093  -0.000023  0.001064  0.000000  0.000000  0.000000  2.000000  
167.547287 0.014854  0.098384  -0.015304  0.988663  0.149242  0.016477  -0.149919  0.987254  0.053417  -0.008295  -0.055281  0.998436  -0.000146  -0.000025  0.001071  0.000000  0.000000  0.000000  2.000000  
167.548540 0.014854  0.098384  -0.015304  0.988663  0.149242  0.016477  -0.149919  0.987254  0.053417  -0.008295  -0.055281  0.998436  -0.000179  -0.000056  0.001066  0.000000  0.000000  0.000000  2.000000  
167.549541 0.014854  0.098383  -0.015304  0.988663  0.149242  0.016477  -0.149919  0.987254  0.053417  -0.008295  -0.055281  0.998436  -0.000195  -0.000087  0.000988  0.000000  0.000000  0.000000  2.000000  
167.550541 0.014855  0.098383  -0.015304  0.988663  0.149242  0.016477  -0.149919  0.987254  0.053417  -0.008295  -0.055281  0.998436  -0.000173  -0.000116  0.000958  0.000000  0.000000  0.000000  2.000000  
167.551786 0.014855  0.098383  -0.015303  0.988663  0.149242  0.016477  -0.149919  0.987254  0.053417  -0.008295  -0.055281  0.998436  -0.000151  -0.000122  0.000880  0.000000  0.000000  0.000000  2.000000  
167.552789 0.014856  0.098383  -0.015303  0.988663  0.149242  0.016477  -0.149919  0.987254  0.053417  -0.008295  -0.055281  0.998436  -0.000076  -0.000149  0.000844  0.000000  0.000000  0.000000  2.000000  
167.554041 0.014857  0.098383  -0.015303  0.988633  0.149445  0.016488  -0.150123  0.987223  0.053413  -0.008295  -0.055281  0.998436  0.000009  -0.000135  0.000683  0.000000  0.000000  0.000000  2.000000  
167.555288 0.014858  0.098383  -0.015302  0.988633  0.149445  0.016488  -0.150123  0.987223  0.053413  -0.008295  -0.055281  0.998436  0.000103  -0.000104  0.000648  0.000000  0.000000  0.000000  2.000000  
167.556291 0.014859  0.098384  -0.015302  0.988633  0.149445  0.016488  -0.150123  0.987223  0.053413  -0.008295  -0.055281  0.998436  0.000238  -0.000049  0.000608  0.000000  0.000000  0.000000  2.000000  
167.557543 0.014860  0.098384  -0.015301  0.988602  0.149648  0.016499  -0.150326  0.987193  0.053410  -0.008295  -0.055281  0.998436  0.000379  0.000054  0.000479  0.000000  0.000000  0.000000  2.000000  
167.558544 0.014861  0.098385  -0.015302  0.988602  0.149648  0.016499  -0.150326  0.987193  0.053410  -0.008295  -0.055281  0.998436  0.000485  0.000103  0.000367  0.000000  0.000000  0.000000  2.000000  
167.559790 0.014863  0.098387  -0.015302  0.988602  0.149648  0.016499  -0.150326  0.987193  0.053410  -0.008295  -0.055281  0.998436  0.000590  0.000186  0.000351  0.000000  0.000000  0.000000  2.000000  
167.560791 0.014864  0.098387  -0.015302  0.988602  0.149648  0.016499  -0.150326  0.987193  0.053410  -0.008295  -0.055281  0.998436  0.000663  0.000234  0.000212  0.000000  0.000000  0.000000  2.000000  
167.562040 0.014866  0.098389  -0.015302  0.988571  0.149851  0.016510  -0.150530  0.987162  0.053406  -0.008295  -0.055281  0.998436  0.000789  0.000317  0.000162  0.000000  0.000000  0.000000  2.000000  
167.563286 0.014867  0.098390  -0.015302  0.988571  0.149851  0.016510  -0.150530  0.987162  0.053406  -0.008295  -0.055281  0.998436  0.000881  0.000455  0.000133  0.000000  0.000000  0.000000  2.000000  
167.564287 0.014869  0.098392  -0.015302  0.988540  0.150055  0.016521  -0.150733  0.987131  0.053403  -0.008295  -0.055281  0.998436  0.000967  0.000558  0.000111  0.000000  0.000000  0.000000  2.000000  
167.565534 0.014870  0.098393  -0.015302  0.988540  0.150055  0.016521  -0.150733  0.987131  0.053403  -0.008295  -0.055281  0.998436  0.001058  0.000694  0.000082  0.000000  0.000000  0.000000  2.000000  
167.566541 0.014871  0.098394  -0.015302  0.988509  0.150258  0.016532  -0.150937  0.987100  0.053400  -0.008295  -0.055281  0.998436  0.001105  0.000759  0.000057  0.000000  0.000000  0.000000  2.000000  
167.567789 0.014873  0.098395  -0.015303  0.988509  0.150258  0.016532  -0.150937  0.987100  0.053400  -0.008295  -0.055281  0.998436  0.001128  0.000819  -0.000056  0.000000  0.000000  0.000000  2.000000  
167.569034 0.014875  0.098396  -0.015304  0.988478  0.150461  0.016543  -0.151140  0.987069  0.053396  -0.008295  -0.055281  0.998436  0.001188  0.000903  -0.000059  0.000000  0.000000  0.000000  2.000000  
167.570034 0.014876  0.098397  -0.015304  0.988446  0.150664  0.016554  -0.151344  0.987038  0.053393  -0.008295  -0.055281  0.998436  0.001199  0.000923  -0.000146  0.000000  0.000000  0.000000  2.000000  
167.571041 0.014877  0.098398  -0.015304  0.988446  0.150664  0.016554  -0.151344  0.987038  0.053393  -0.008295  -0.055281  0.998436  0.001259  0.000983  -0.000101  0.000000  0.000000  0.000000  2.000000  
167.572289 0.014879  0.098400  -0.015304  0.988415  0.150867  0.016565  -0.151547  0.987007  0.053389  -0.008295  -0.055281  0.998436  0.001277  0.001061  -0.000136  0.000000  0.000000  0.000000  2.000000  
167.573292 0.014880  0.098401  -0.015304  0.988384  0.151071  0.016576  -0.151751  0.986976  0.053386  -0.008295  -0.055281  0.998436  0.001257  0.001052  -0.000122  0.000000  0.000000  0.000000  2.000000  
167.574553 0.014882  0.098402  -0.015304  0.988384  0.151071  0.016576  -0.151751  0.986976  0.053386  -0.008295  -0.055281  0.998436  0.001267  0.001048  -0.000161  0.000000  0.000000  0.000000  2.000000  
167.575791 0.014883  0.098403  -0.015304  0.988353  0.151274  0.016587  -0.151954  0.986945  0.053383  -0.008295  -0.055281  0.998436  0.001215  0.001047  -0.000154  0.000000  0.000000  0.000000  2.000000  
167.577041 0.014883  0.098405  -0.015303  0.988321  0.151477  0.016598  -0.152158  0.986914  0.053379  -0.008295  -0.055281  0.998436  0.001150  0.001049  -0.000107  0.000000  0.000000  0.000000  2.000000  
167.578290 0.014884  0.098406  -0.015303  0.988290  0.151680  0.016609  -0.152361  0.986883  0.053376  -0.008295  -0.055281  0.998436  0.001119  0.001018  -0.000130  0.000000  0.000000  0.000000  2.000000  
167.579562 0.014885  0.098407  -0.015303  0.988259  0.151883  0.016620  -0.152565  0.986851  0.053372  -0.008295  -0.055281  0.998436  0.001064  0.000992  -0.000074  0.000000  0.000000  0.000000  2.000000  
167.580794 0.014885  0.098407  -0.015303  0.988227  0.152086  0.016631  -0.152768  0.986820  0.053369  -0.008295  -0.055281  0.998436  0.000970  0.000941  -0.000001  0.000000  0.000000  0.000000  2.000000  
167.582040 0.014886  0.098408  -0.015302  0.988196  0.152290  0.016642  -0.152972  0.986789  0.053365  -0.008295  -0.055281  0.998436  0.000906  0.000942  0.000046  0.000000  0.000000  0.000000  2.000000  
167.583286 0.014886  0.098408  -0.015303  0.988164  0.152491  0.016672  -0.153175  0.986751  0.053482  -0.008295  -0.055402  0.998430  0.000820  0.000870  0.000039  0.000000  0.000000  0.000000  2.000000  
167.584289 0.014886  0.098409  -0.015303  0.988133  0.152694  0.016683  -0.153378  0.986719  0.053478  -0.008295  -0.055402  0.998430  0.000748  0.000813  0.000033  0.000000  0.000000  0.000000  2.000000  
167.585307 0.014886  0.098409  -0.015303  0.988133  0.152694  0.016683  -0.153378  0.986719  0.053478  -0.008295  -0.055402  0.998430  0.000646  0.000741  0.000044  0.000000  0.000000  0.000000  2.000000  
167.586548 0.014886  0.098409  -0.015303  0.988069  0.153100  0.016705  -0.153785  0.986656  0.053471  -0.008295  -0.055402  0.998430  0.000554  0.000626  0.000025  0.000000  0.000000  0.000000  2.000000  
167.587792 0.014886  0.098409  -0.015303  0.988039  0.153311  0.016584  -0.153989  0.986624  0.053489  -0.008162  -0.055403  0.998431  0.000440  0.000540  0.000035  0.000000  0.000000  0.000000  2.000000  
167.589037 0.014887  0.098408  -0.015304  0.988007  0.153514  0.016595  -0.154192  0.986592  0.053485  -0.008162  -0.055403  0.998431  0.000383  0.000446  -0.000001  0.000000  0.000000  0.000000  2.000000  
167.590038 0.014887  0.098408  -0.015304  0.988007  0.153514  0.016595  -0.154192  0.986592  0.053485  -0.008162  -0.055403  0.998431  0.000323  0.000363  0.000002  0.000000  0.000000  0.000000  2.000000  
167.591290 0.014887  0.098407  -0.015304  0.987944  0.153918  0.016636  -0.154599  0.986522  0.053598  -0.008162  -0.055524  0.998424  0.000244  0.000247  -0.000056  0.000000  0.000000  0.000000  2.000000  
167.592290 0.014886  0.098407  -0.015305  0.987912  0.154121  0.016647  -0.154802  0.986491  0.053595  -0.008162  -0.055524  0.998424  0.000168  0.000110  -0.000067  0.000000  0.000000  0.000000  2.000000  
167.593541 0.014886  0.098406  -0.015305  0.987880  0.154324  0.016658  -0.155006  0.986459  0.053591  -0.008162  -0.055524  0.998424  0.000127  -0.000003  -0.000092  0.000000  0.000000  0.000000  2.000000  
167.594553 0.014886  0.098405  -0.015306  0.987848  0.154527  0.016669  -0.155209  0.986427  0.053588  -0.008162  -0.055524  0.998424  0.000059  -0.000121  -0.000189  0.000000  0.000000  0.000000  2.000000  
167.595789 0.014885  0.098404  -0.015306  0.987816  0.154730  0.016680  -0.155413  0.986395  0.053584  -0.008162  -0.055524  0.998424  -0.000009  -0.000263  -0.000238  0.000000  0.000000  0.000000  2.000000  
167.597033 0.014885  0.098403  -0.015306  0.987784  0.154933  0.016691  -0.155616  0.986363  0.053581  -0.008162  -0.055524  0.998424  -0.000047  -0.000374  -0.000265  0.000000  0.000000  0.000000  2.000000  
167.598035 0.014885  0.098403  -0.015306  0.987752  0.155136  0.016702  -0.155819  0.986332  0.053577  -0.008162  -0.055524  0.998424  -0.000047  -0.000374  -0.000264  0.000000  0.000000  0.000000  2.000000  
167.599290 0.014885  0.098402  -0.015307  0.987688  0.155542  0.016724  -0.156226  0.986268  0.053571  -0.008162  -0.055524  0.998424  -0.000098  -0.000468  -0.000305  0.006675  -0.005052  0.171543  2.000000  
167.600534 0.014885  0.098401  -0.015308  0.987655  0.155746  0.016735  -0.156429  0.986235  0.053567  -0.008162  -0.055524  0.998424  -0.000115  -0.000493  -0.000361  0.006679  -0.005055  0.171649  2.000000  
167.601538 0.014884  0.098401  -0.015308  0.987623  0.155949  0.016746  -0.156633  0.986203  0.053564  -0.008162  -0.055524  0.998424  -0.000145  -0.000546  -0.000336  0.006676  -0.005053  0.171576  2.000000  
167.602549 0.014884  0.098400  -0.015309  0.987591  0.156152  0.016757  -0.156836  0.986171  0.053560  -0.008162  -0.055524  0.998424  -0.000167  -0.000588  -0.000404  0.006672  -0.005476  0.179838  2.000000  
167.603785 0.014884  0.098399  -0.015310  0.987526  0.156558  0.016779  -0.157243  0.986107  0.053553  -0.008162  -0.055524  0.998424  -0.000195  -0.000608  -0.000420  0.006563  -0.005813  0.185272  2.000000  
167.604790 0.014884  0.098399  -0.015310  0.987494  0.156761  0.016790  -0.157446  0.986075  0.053550  -0.008162  -0.055524  0.998424  -0.000175  -0.000648  -0.000457  0.006617  -0.005861  0.186797  2.000000  
167.606042 0.014884  0.098398  -0.015311  0.987429  0.157167  0.016812  -0.157852  0.986010  0.053543  -0.008162  -0.055524  0.998424  -0.000144  -0.000617  -0.000434  0.006560  -0.006244  0.193701  2.000000  
167.607289 0.014884  0.098397  -0.015312  0.987396  0.157370  0.016823  -0.158056  0.985978  0.053539  -0.008162  -0.055524  0.998424  -0.000131  -0.000610  -0.000466  0.006449  -0.006573  0.198947  2.000000  
167.608541 0.014885  0.098397  -0.015313  0.987331  0.157776  0.016845  -0.158462  0.985913  0.053532  -0.008162  -0.055524  0.998424  -0.000103  -0.000566  -0.000499  0.006395  -0.006955  0.205876  2.000000  
167.609788 0.014885  0.098397  -0.015313  0.987266  0.158182  0.016867  -0.158869  0.985848  0.053526  -0.008162  -0.055524  0.998424  -0.000030  -0.000508  -0.000493  0.006388  -0.007393  0.214405  2.000000  
167.610789 0.014886  0.098397  -0.015314  0.987233  0.158384  0.016878  -0.159072  0.985815  0.053522  -0.008162  -0.055524  0.998424  0.000054  -0.000453  -0.000527  0.006337  -0.007334  0.212680  2.000000  
167.612038 0.014887  0.098397  -0.015315  0.987168  0.158790  0.016900  -0.159478  0.985750  0.053515  -0.008162  -0.055524  0.998424  0.000126  -0.000372  -0.000570  0.006280  -0.007714  0.219514  2.000000  
167.613040 0.014888  0.098397  -0.015315  0.987135  0.158993  0.016911  -0.159682  0.985717  0.053512  -0.008162  -0.055524  0.998424  0.000210  -0.000340  -0.000554  0.002255  -0.007790  0.221310  2.000000  
167.614044 0.014889  0.098398  -0.015316  0.987069  0.159399  0.016933  -0.160088  0.985652  0.053505  -0.008162  -0.055524  0.998424  0.000252  -0.000289  -0.000619  0.002198  -0.008174  0.228215  2.000000  
167.615288 0.014889  0.098398  -0.015317  0.987003  0.159805  0.016955  -0.160495  0.985586  0.053498  -0.008162  -0.055524  0.998424  0.000324  -0.000230  -0.000613  0.002068  -0.008874  0.240205  2.000000  
167.616290 0.014891  0.098399  -0.015318  0.986937  0.160211  0.016977  -0.160901  0.985520  0.053491  -0.008162  -0.055524  0.998424  0.000427  -0.000119  -0.000633  0.002085  -0.008945  0.242132  2.000000  
167.617538 0.014891  0.098399  -0.015319  0.986904  0.160414  0.016988  -0.161104  0.985487  0.053487  -0.008162  -0.055524  0.998424  0.000492  -0.000037  -0.000665  0.002027  -0.013705  0.246711  2.000000  
167.618549 0.014892  0.098400  -0.015319  0.986837  0.160819  0.017010  -0.161510  0.985421  0.053480  -0.008162  -0.055524  0.998424  0.000580  0.000080  -0.000617  0.001987  -0.014195  0.255538  2.000000  
167.619787 0.014894  0.098401  -0.015320  0.986771  0.161225  0.017032  -0.161917  0.985355  0.053473  -0.008162  -0.055524  0.998424  0.000631  0.000185  -0.000658  0.001915  -0.014463  0.260363  2.000000  
167.620791 0.014894  0.098402  -0.015321  0.986737  0.161430  0.017024  -0.162120  0.985328  0.053350  -0.008162  -0.055403  0.998431  0.000672  0.000242  -0.000695  -0.006223  -0.014583  0.262520  2.000000  
167.622038 0.014895  0.098403  -0.015322  0.986670  0.161836  0.017046  -0.162526  0.985261  0.053343  -0.008162  -0.055403  0.998431  0.000752  0.000383  -0.000685  -0.006228  -0.014844  0.267217  2.000000  
167.623039 0.014897  0.098404  -0.015322  0.986603  0.162241  0.017068  -0.162932  0.985195  0.053336  -0.008162  -0.055403  0.998431  0.000800  0.000459  -0.000677  -0.006280  -0.014968  0.269444  2.000000  
167.624289 0.014898  0.098405  -0.015324  0.986536  0.162647  0.017090  -0.163339  0.985128  0.053329  -0.008162  -0.055403  0.998431  0.000863  0.000578  -0.000701  -0.006339  -0.015359  0.276493  2.000000  
167.625541 0.014899  0.098407  -0.015325  0.986469  0.163053  0.017112  -0.163745  0.985061  0.053322  -0.008162  -0.055403  0.998431  0.000867  0.000647  -0.000725  -0.006392  -0.015735  0.283249  2.000000  
167.626551 0.014900  0.098408  -0.015325  0.986401  0.163458  0.017134  -0.164151  0.984993  0.053315  -0.008162  -0.055403  0.998431  0.000930  0.000744  -0.000700  -0.006446  -0.016112  0.290037  2.000000  
167.627788 0.014901  0.098409  -0.015326  0.986334  0.163864  0.017155  -0.164557  0.984926  0.053308  -0.008162  -0.055403  0.998431  0.000908  0.000797  -0.000719  -0.006505  -0.016502  0.297065  2.000000  
167.628789 0.014902  0.098410  -0.015327  0.986266  0.164269  0.017177  -0.164963  0.984858  0.053301  -0.008162  -0.055403  0.998431  0.000939  0.000851  -0.000745  -0.006561  -0.016884  0.303948  2.000000  
167.630036 0.014904  0.098412  -0.015328  0.986198  0.164675  0.017199  -0.165369  0.984791  0.053294  -0.008162  -0.055403  0.998431  0.001000  0.000936  -0.000748  -0.006564  -0.017129  0.308349  2.000000  
167.631036 0.014905  0.098413  -0.015329  0.986130  0.165080  0.017221  -0.165775  0.984723  0.053287  -0.008162  -0.055403  0.998431  0.000988  0.000962  -0.000758  -0.006619  -0.017273  0.310946  2.000000  
167.632036 0.014906  0.098414  -0.015329  0.986061  0.165488  0.017223  -0.166181  0.984661  0.053160  -0.008162  -0.055281  0.998437  0.001013  0.000950  -0.000714  -0.010754  -0.017638  0.317866  2.000000  
167.633286 0.014908  0.098415  -0.015331  0.985959  0.166096  0.017256  -0.166790  0.984559  0.053150  -0.008162  -0.055281  0.998437  0.001043  0.001003  -0.000739  -0.010775  -0.018249  0.328879  2.000000  
167.634286 0.014909  0.098416  -0.015331  0.985889  0.166494  0.017410  -0.167196  0.984492  0.053120  -0.008295  -0.055281  0.998436  0.001032  0.001029  -0.000748  -0.010856  -0.023088  0.335566  2.000000  
167.635293 0.014909  0.098416  -0.015332  0.985820  0.166899  0.017431  -0.167602  0.984423  0.053113  -0.008295  -0.055281  0.998436  0.001030  0.000989  -0.000774  -0.010944  -0.023276  0.338291  2.000000  
167.636535 0.014911  0.098417  -0.015333  0.985751  0.167305  0.017453  -0.168008  0.984354  0.053106  -0.008295  -0.055281  0.998436  0.001066  0.000975  -0.000769  -0.010913  -0.023470  0.342445  2.000000  
167.637548 0.014912  0.098418  -0.015334  0.985681  0.167710  0.017475  -0.168414  0.984285  0.053099  -0.008295  -0.055281  0.998436  0.001072  0.000993  -0.000742  -0.010997  -0.023651  0.345085  2.000000  
167.638790 0.014913  0.098419  -0.015335  0.985577  0.168318  0.017508  -0.169022  0.984181  0.053088  -0.008295  -0.055281  0.998436  0.001064  0.000934  -0.000795  -0.011057  -0.024041  0.352080  2.000000  
167.639791 0.014915  0.098420  -0.015335  0.985508  0.168723  0.017530  -0.169428  0.984112  0.053081  -0.008295  -0.055281  0.998436  0.001106  0.000938  -0.000763  -0.011114  -0.024423  0.358971  2.000000  
