1-Time 2-Px 3-Py 4-Pz 5-R11 6-R21 7-R31 8-R12 9-R22 10-R32 11-R13 12-R23 13-R33 14-Vx 15-Vy 16-Vz 17-Wx 18-Wy 19-Wz 20-state 21-PR11 22-PR21 23-PR31 24-PR12 25-PR22 26-PR32 27-PR13 28-PR23 29-PR33 
137.294515 0.015289  0.096285  -0.014597  0.992456  0.122522  0.004487  -0.122596  0.991280  0.048314  0.001472  -0.048500  0.998822  -0.000199  0.000288  -0.000213  0.000000  0.000000  0.000000  2.000000  
137.295754 0.015290  0.096286  -0.014596  0.992430  0.122726  0.004497  -0.122800  0.991255  0.048313  0.001472  -0.048500  0.998822  -0.000114  0.000318  -0.000197  0.000000  0.000000  0.000000  2.000000  
137.297009 0.015294  0.096287  -0.014596  0.992329  0.123542  0.004552  -0.123617  0.991147  0.048430  0.001472  -0.048621  0.998816  0.000154  0.000381  -0.000139  0.000000  0.000000  0.000000  2.000000  
137.298254 0.015299  0.096288  -0.014596  0.992253  0.124147  0.004729  -0.124230  0.991066  0.048531  0.001338  -0.048742  0.998811  0.000542  0.000416  -0.000086  0.000000  0.000000  0.000000  2.000000  
137.299260 0.015303  0.096287  -0.014596  0.992201  0.124555  0.004764  -0.124639  0.991009  0.048649  0.001338  -0.048863  0.998805  0.000837  0.000360  -0.000101  0.000000  0.000000  0.000000  2.000000  
137.300508 0.015310  0.096287  -0.014596  0.992150  0.124962  0.004799  -0.125047  0.990952  0.048767  0.001338  -0.048984  0.998799  0.001315  0.000337  -0.000074  0.000000  0.000000  0.000000  2.000000  
137.301512 0.015316  0.096287  -0.014596  0.992072  0.125580  0.004712  -0.125660  0.990867  0.048901  0.001472  -0.049105  0.998793  0.001736  0.000338  -0.000090  0.000000  0.000000  0.000000  2.000000  
137.302756 0.015324  0.096289  -0.014597  0.991968  0.126408  0.004518  -0.126477  0.990750  0.049171  0.001739  -0.049348  0.998780  0.002288  0.000396  -0.000107  0.000000  0.000000  0.000000  2.000000  
137.303760 0.015330  0.096289  -0.014596  0.991837  0.127434  0.004452  -0.127498  0.990613  0.049304  0.001873  -0.049469  0.998774  0.002709  0.000373  -0.000073  0.000000  0.000000  0.000000  2.000000  
137.304762 0.015336  0.096289  -0.014597  0.991732  0.128256  0.004375  -0.128314  0.990501  0.049437  0.002007  -0.049590  0.998768  0.003163  0.000404  -0.000066  0.037005  0.008801  0.187425  2.000000  
137.306008 0.015346  0.096291  -0.014597  0.991599  0.129268  0.004574  -0.129335  0.990363  0.049536  0.001873  -0.049711  0.998762  0.003800  0.000492  -0.000067  0.041133  0.002601  0.221787  2.000000  
137.307008 0.015354  0.096293  -0.014596  0.991466  0.130286  0.004657  -0.130356  0.990217  0.049771  0.001873  -0.049953  0.998750  0.004348  0.000637  -0.000040  0.049345  0.000872  0.256345  2.000000  
137.308010 0.015363  0.096296  -0.014595  0.991358  0.131101  0.004714  -0.131172  0.990104  0.049887  0.001873  -0.050075  0.998744  0.004970  0.000816  0.000042  0.053464  -0.000508  0.283969  2.000000  
137.309260 0.015373  0.096300  -0.014593  0.991168  0.132527  0.004802  -0.132601  0.989908  0.050001  0.001873  -0.050196  0.998738  0.005702  0.001035  0.000252  0.057625  -0.002915  0.332360  2.000000  
137.310513 0.015386  0.096304  -0.014590  0.991003  0.133749  0.004896  -0.133825  0.989731  0.050235  0.001873  -0.050438  0.998725  0.006466  0.001279  0.000446  0.065833  -0.005008  0.373739  2.000000  
137.311761 0.015399  0.096309  -0.014588  0.990809  0.135187  0.004736  -0.135253  0.989523  0.050504  0.002141  -0.050680  0.998713  0.007134  0.001485  0.000512  0.074124  0.001526  0.422560  2.000000  
137.313006 0.015413  0.096312  -0.014586  0.990641  0.136415  0.004699  -0.136477  0.989342  0.050756  0.002275  -0.050923  0.998700  0.007691  0.001667  0.000641  0.082395  0.003902  0.464315  2.000000  
137.314254 0.015425  0.096313  -0.014584  0.990471  0.137635  0.004812  -0.137700  0.989154  0.051110  0.002275  -0.051286  0.998681  0.008149  0.001740  0.000787  0.094749  0.001747  0.506034  2.000000  
137.315255 0.015436  0.096314  -0.014582  0.990300  0.138855  0.004909  -0.138924  0.988971  0.051344  0.002275  -0.051528  0.998669  0.008584  0.001837  0.000931  0.102957  -0.000392  0.547371  2.000000  
137.316506 0.015451  0.096314  -0.014581  0.990099  0.140279  0.005017  -0.140351  0.988758  0.051577  0.002275  -0.051771  0.998656  0.008997  0.001767  0.001055  0.110283  -0.002863  0.590833  2.000000  
137.317511 0.015463  0.096314  -0.014579  0.989925  0.141499  0.005115  -0.141573  0.988571  0.051811  0.002275  -0.052013  0.998644  0.009415  0.001722  0.001187  0.119382  -0.005044  0.636948  2.000000  
137.318759 0.015476  0.096312  -0.014578  0.989750  0.142718  0.005231  -0.142796  0.988377  0.052164  0.002275  -0.052376  0.998625  0.009776  0.001564  0.001233  0.131706  -0.007254  0.678501  2.000000  
137.320008 0.015490  0.096309  -0.014577  0.989602  0.143734  0.005320  -0.143815  0.988216  0.052398  0.002275  -0.052618  0.998612  0.010114  0.001269  0.001313  0.139919  -0.009085  0.713034  2.000000  
137.321263 0.015504  0.096305  -0.014576  0.989424  0.144953  0.005437  -0.145037  0.988019  0.052751  0.002275  -0.052982  0.998593  0.010476  0.000904  0.001395  0.152232  -0.011322  0.754524  2.000000  
137.322522 0.015519  0.096303  -0.014576  0.989244  0.146172  0.005538  -0.146259  0.987826  0.052984  0.002275  -0.053224  0.998580  0.010746  0.000478  0.001336  0.160398  -0.013520  0.795670  2.000000  
137.323762 0.015534  0.096301  -0.014576  0.989062  0.147390  0.005657  -0.147481  0.987626  0.053337  0.002275  -0.053587  0.998561  0.011060  0.000070  0.001150  0.172718  -0.015784  0.837202  2.000000  
137.325008 0.015549  0.096298  -0.014576  0.988910  0.148404  0.005766  -0.148499  0.987454  0.053690  0.002275  -0.053951  0.998541  0.011204  -0.000299  0.001010  0.183673  -0.017931  0.872247  2.000000  
137.326258 0.015563  0.096295  -0.014575  0.988788  0.149209  0.005978  -0.149313  0.987319  0.053905  0.002141  -0.054193  0.998528  0.011305  -0.000773  0.000961  0.189122  -0.023076  0.885663  2.000000  
137.327512 0.015577  0.096292  -0.014574  0.988633  0.150224  0.006070  -0.150331  0.987152  0.054138  0.002141  -0.054435  0.998515  0.011314  -0.001303  0.000859  0.197263  -0.023537  0.892459  2.000000  
137.328758 0.015590  0.096288  -0.014573  0.988478  0.151231  0.006295  -0.151349  0.986985  0.054351  0.002007  -0.054678  0.998502  0.011358  -0.001677  0.000747  0.197183  -0.024472  0.906345  2.000000  
137.330004 0.015603  0.096283  -0.014572  0.988322  0.152246  0.006369  -0.152366  0.986822  0.054464  0.002007  -0.054799  0.998495  0.011309  -0.002069  0.000722  0.195619  -0.025806  0.926360  2.000000  
137.331264 0.015614  0.096277  -0.014570  0.988228  0.152847  0.006572  -0.152977  0.986716  0.054679  0.001873  -0.055041  0.998482  0.011047  -0.002470  0.000747  0.201311  -0.034812  0.926683  2.000000  
137.332508 0.015624  0.096271  -0.014567  0.988102  0.153658  0.006635  -0.153790  0.986583  0.054794  0.001873  -0.055162  0.998476  0.010795  -0.002838  0.000837  0.197353  -0.043961  0.926178  2.000000  
137.333755 0.015634  0.096265  -0.014565  0.988007  0.154266  0.006707  -0.154400  0.986475  0.055029  0.001873  -0.055404  0.998462  0.010539  -0.003168  0.000891  0.199834  -0.047506  0.904725  2.000000  
137.334758 0.015642  0.096259  -0.014563  0.987911  0.154867  0.006891  -0.155011  0.986374  0.055124  0.001739  -0.055525  0.998456  0.010319  -0.003389  0.000948  0.199818  -0.056163  0.897382  2.000000  
137.335759 0.015649  0.096252  -0.014563  0.987815  0.155476  0.006944  -0.155621  0.986271  0.055239  0.001739  -0.055646  0.998449  0.010021  -0.003619  0.000924  0.201376  -0.051515  0.891172  2.000000  
137.336762 0.015655  0.096247  -0.014563  0.987719  0.156084  0.006997  -0.156231  0.986168  0.055354  0.001739  -0.055768  0.998442  0.009600  -0.003907  0.000900  0.197256  -0.050941  0.877260  2.000000  
137.337780 0.015661  0.096241  -0.014563  0.987655  0.156489  0.007039  -0.156638  0.986097  0.055471  0.001739  -0.055889  0.998435  0.009179  -0.004129  0.000888  0.197124  -0.050286  0.862965  2.000000  
137.339008 0.015668  0.096233  -0.014564  0.987558  0.157090  0.007224  -0.157248  0.985995  0.055565  0.001606  -0.056010  0.998429  0.008631  -0.004539  0.000812  0.197164  -0.053449  0.835716  2.000000  
137.340009 0.015673  0.096226  -0.014565  0.987493  0.157495  0.007266  -0.157654  0.985923  0.055682  0.001606  -0.056131  0.998422  0.008228  -0.004832  0.000709  0.191456  -0.052424  0.815043  2.000000  
137.341258 0.015678  0.096218  -0.014567  0.987396  0.158095  0.007452  -0.158264  0.985820  0.055776  0.001472  -0.056252  0.998416  0.007671  -0.005157  0.000530  0.191435  -0.060335  0.794060  2.000000  
137.342258 0.015682  0.096212  -0.014568  0.987330  0.158499  0.007513  -0.158671  0.985742  0.056012  0.001472  -0.056494  0.998402  0.007149  -0.005432  0.000384  0.188967  -0.064089  0.772816  2.000000  
137.343511 0.015687  0.096205  -0.014569  0.987232  0.159107  0.007567  -0.159280  0.985637  0.056127  0.001472  -0.056615  0.998395  0.006546  -0.005640  0.000271  0.184869  -0.067221  0.744833  2.000000  
137.344522 0.015689  0.096198  -0.014571  0.987167  0.159505  0.007741  -0.159687  0.985565  0.056222  0.001338  -0.056736  0.998388  0.006050  -0.005822  0.000094  0.180636  -0.070698  0.723571  2.000000  
137.345758 0.015692  0.096190  -0.014572  0.987101  0.159910  0.007784  -0.160093  0.985493  0.056338  0.001338  -0.056858  0.998381  0.005412  -0.006016  -0.000101  0.175326  -0.068863  0.691258  2.000000  
137.347004 0.015694  0.096181  -0.014573  0.987002  0.160510  0.007970  -0.160703  0.985388  0.056431  0.001204  -0.056979  0.998375  0.004886  -0.006162  -0.000332  0.170995  -0.071872  0.662826  2.000000  
137.348005 0.015695  0.096175  -0.014574  0.986936  0.160914  0.008013  -0.161109  0.985315  0.056548  0.001204  -0.057100  0.998368  0.004435  -0.006270  -0.000580  0.166895  -0.070490  0.635367  2.000000  
137.349259 0.015698  0.096167  -0.014574  0.986870  0.161313  0.008168  -0.161516  0.985250  0.056523  0.001070  -0.057100  0.998368  0.003883  -0.006311  -0.000736  0.155981  -0.074175  0.612822  2.000000  
137.350504 0.015700  0.096160  -0.014574  0.986803  0.161717  0.008211  -0.161922  0.985177  0.056639  0.001070  -0.057221  0.998361  0.003499  -0.006266  -0.000774  0.150590  -0.072529  0.587093  2.000000  
137.351534 0.015702  0.096156  -0.014574  0.986736  0.162122  0.008254  -0.162328  0.985103  0.056755  0.001070  -0.057342  0.998354  0.003176  -0.006161  -0.000741  0.143546  -0.072075  0.570800  2.000000  
137.352779 0.015704  0.096150  -0.014573  0.986669  0.162527  0.008277  -0.162735  0.985036  0.056752  0.001070  -0.057342  0.998354  0.002892  -0.006036  -0.000673  0.131288  -0.070652  0.543211  2.000000  
137.354004 0.015708  0.096145  -0.014572  0.986602  0.162932  0.008320  -0.163141  0.984963  0.056868  0.001070  -0.057463  0.998347  0.002671  -0.005863  -0.000561  0.126220  -0.069073  0.518544  2.000000  
137.355012 0.015710  0.096141  -0.014571  0.986535  0.163329  0.008495  -0.163547  0.984890  0.056962  0.000937  -0.057584  0.998340  0.002476  -0.005665  -0.000423  0.123065  -0.068570  0.502013  2.000000  
137.356258 0.015714  0.096136  -0.014571  0.986468  0.163734  0.008519  -0.163953  0.984822  0.056958  0.000937  -0.057584  0.998340  0.002387  -0.005450  -0.000266  0.113972  -0.067692  0.491089  2.000000  
137.357258 0.015717  0.096132  -0.014571  0.986400  0.164131  0.008694  -0.164359  0.984749  0.057052  0.000803  -0.057705  0.998333  0.002307  -0.005333  -0.000187  0.110801  -0.071686  0.474276  2.000000  
137.358514 0.015722  0.096128  -0.014571  0.986332  0.164537  0.008717  -0.164766  0.984682  0.057049  0.000803  -0.057705  0.998333  0.002312  -0.005102  -0.000081  0.102552  -0.066064  0.453644  2.000000  
137.359758 0.015726  0.096123  -0.014571  0.986231  0.165136  0.008904  -0.165375  0.984574  0.057141  0.000669  -0.057826  0.998326  0.002448  -0.004876  -0.000035  0.102509  -0.069834  0.439595  2.000000  
137.360759 0.015730  0.096119  -0.014573  0.986162  0.165533  0.009080  -0.165781  0.984500  0.057234  0.000535  -0.057947  0.998319  0.002584  -0.004734  -0.000032  0.098360  -0.069519  0.432651  2.000000  
137.361759 0.015734  0.096115  -0.014574  0.986128  0.165735  0.009091  -0.165984  0.984466  0.057232  0.000535  -0.057947  0.998319  0.002741  -0.004511  -0.000066  0.094267  -0.068763  0.418833  2.000000  
137.362760 0.015739  0.096111  -0.014575  0.986060  0.166132  0.009267  -0.166390  0.984392  0.057326  0.000401  -0.058069  0.998313  0.002941  -0.004286  -0.000067  0.094248  -0.073311  0.418610  2.000000  
137.364004 0.015745  0.096108  -0.014576  0.985991  0.166529  0.009442  -0.166796  0.984318  0.057419  0.000268  -0.058190  0.998306  0.003189  -0.004056  -0.000132  0.093447  -0.076829  0.408094  2.000000  
137.365007 0.015751  0.096105  -0.014577  0.985923  0.166933  0.009486  -0.167202  0.984243  0.057535  0.000268  -0.058311  0.998298  0.003451  -0.003839  -0.000179  0.094180  -0.072238  0.397908  2.000000  
137.366252 0.015758  0.096102  -0.014577  0.985819  0.167532  0.009674  -0.167811  0.984134  0.057626  0.000134  -0.058432  0.998291  0.003820  -0.003622  -0.000239  0.093378  -0.076531  0.401193  2.000000  
137.367257 0.015765  0.096101  -0.014576  0.985750  0.167928  0.009850  -0.168217  0.984059  0.057719  0.000000  -0.058553  0.998284  0.004113  -0.003399  -0.000214  0.093349  -0.080643  0.394092  2.000000  
137.368504 0.015774  0.096100  -0.014575  0.985646  0.168536  0.009885  -0.168825  0.983955  0.057712  0.000000  -0.058553  0.998284  0.004522  -0.003093  -0.000199  0.085283  -0.076281  0.394561  2.000000  
137.369507 0.015781  0.096100  -0.014574  0.985611  0.168729  0.010049  -0.169028  0.983915  0.057807  -0.000134  -0.058674  0.998277  0.004795  -0.002841  -0.000145  0.085214  -0.080355  0.387270  2.000000  
137.370757 0.015790  0.096100  -0.014573  0.985507  0.169337  0.010085  -0.169637  0.983810  0.057801  -0.000134  -0.058674  0.998277  0.005197  -0.002516  -0.000106  0.081141  -0.076312  0.394337  2.000000  
137.371764 0.015797  0.096100  -0.014572  0.985437  0.169734  0.010240  -0.170043  0.983742  0.057774  -0.000268  -0.058674  0.998277  0.005481  -0.002284  -0.000040  0.077686  -0.081040  0.390337  2.000000  
137.373009 0.015806  0.096100  -0.014569  0.985331  0.170342  0.010276  -0.170651  0.983637  0.057768  -0.000268  -0.058674  0.998277  0.005777  -0.001957  0.000102  0.069547  -0.081103  0.390402  2.000000  
137.374258 0.015816  0.096101  -0.014567  0.985226  0.170942  0.010443  -0.171260  0.983533  0.057739  -0.000401  -0.058674  0.998277  0.006133  -0.001552  0.000286  0.064878  -0.080851  0.394013  2.000000  
137.375512 0.015826  0.096103  -0.014565  0.985155  0.171337  0.010619  -0.171665  0.983456  0.057831  -0.000535  -0.058795  0.998270  0.006472  -0.001083  0.000483  0.065385  -0.085656  0.390091  2.000000  
137.376758 0.015836  0.096105  -0.014563  0.985049  0.171945  0.010655  -0.172274  0.983350  0.057824  -0.000535  -0.058795  0.998270  0.006790  -0.000686  0.000693  0.061280  -0.081189  0.390339  2.000000  
137.377758 0.015845  0.096107  -0.014562  0.984978  0.172342  0.010811  -0.172679  0.983281  0.057797  -0.000669  -0.058795  0.998270  0.007065  -0.000308  0.000891  0.057180  -0.085706  0.390091  2.000000  
137.379009 0.015854  0.096108  -0.014562  0.984871  0.172941  0.010978  -0.173288  0.983176  0.057767  -0.000803  -0.058795  0.998270  0.007321  0.000089  0.000998  0.057134  -0.086115  0.397039  2.000000  
137.380259 0.015865  0.096111  -0.014562  0.984764  0.173547  0.011034  -0.173896  0.983062  0.057879  -0.000803  -0.058916  0.998263  0.007540  0.000461  0.001054  0.057126  -0.086552  0.403875  2.000000  
137.381514 0.015875  0.096113  -0.014562  0.984656  0.174147  0.011202  -0.174504  0.982956  0.057849  -0.000937  -0.058916  0.998262  0.007693  0.000707  0.000970  0.052624  -0.090780  0.407428  2.000000  
137.382756 0.015886  0.096115  -0.014563  0.984548  0.174754  0.011237  -0.175112  0.982848  0.057842  -0.000937  -0.058916  0.998262  0.007842  0.000982  0.000877  0.052630  -0.091189  0.414327  2.000000  
137.383756 0.015894  0.096117  -0.014564  0.984476  0.175149  0.011414  -0.175518  0.982770  0.057933  -0.001070  -0.059037  0.998255  0.007876  0.001107  0.000702  0.052998  -0.096416  0.417178  2.000000  
137.385006 0.015904  0.096119  -0.014565  0.984367  0.175756  0.011450  -0.176125  0.982662  0.057926  -0.001070  -0.059037  0.998255  0.007990  0.001274  0.000582  0.048499  -0.091612  0.420925  2.000000  
137.386254 0.015914  0.096121  -0.014565  0.984258  0.176363  0.011486  -0.176733  0.982553  0.057919  -0.001070  -0.059037  0.998255  0.008045  0.001432  0.000471  0.048495  -0.092006  0.427748  2.000000  
137.387255 0.015922  0.096123  -0.014565  0.984185  0.176758  0.011662  -0.177139  0.982475  0.058010  -0.001204  -0.059158  0.998248  0.008075  0.001532  0.000347  0.048436  -0.092055  0.427723  2.000000  
137.388262 0.015929  0.096124  -0.014566  0.984112  0.177163  0.011686  -0.177544  0.982402  0.058005  -0.001204  -0.059158  0.998248  0.008067  0.001600  0.000194  0.048841  -0.092825  0.431300  2.000000  
137.389515 0.015939  0.096126  -0.014566  0.984002  0.177770  0.011722  -0.178152  0.982292  0.057998  -0.001204  -0.059158  0.998248  0.008064  0.001677  0.000093  0.044721  -0.088333  0.431423  2.000000  
137.390757 0.015948  0.096129  -0.014566  0.983892  0.178376  0.011758  -0.178759  0.982182  0.057991  -0.001204  -0.059158  0.998248  0.008002  0.001771  -0.000107  0.040287  -0.083599  0.435062  2.000000  
137.391758 0.015955  0.096132  -0.014566  0.983818  0.178782  0.011760  -0.179164  0.982116  0.057867  -0.001204  -0.059037  0.998255  0.007955  0.001818  -0.000187  0.036241  -0.083973  0.441917  2.000000  
137.392759 0.015962  0.096134  -0.014566  0.983745  0.179186  0.011784  -0.179569  0.982042  0.057862  -0.001204  -0.059037  0.998255  0.007882  0.001872  -0.000252  0.032168  -0.079549  0.442182  2.000000  
137.394008 0.015971  0.096138  -0.014566  0.983633  0.179793  0.011820  -0.180177  0.981931  0.057855  -0.001204  -0.059037  0.998255  0.007761  0.001948  -0.000293  0.028326  -0.075741  0.446075  2.000000  
137.395258 0.015979  0.096141  -0.014567  0.983559  0.180197  0.011843  -0.180582  0.981857  0.057850  -0.001204  -0.059037  0.998255  0.007612  0.001970  -0.000361  0.024223  -0.071291  0.446405  2.000000  
137.396509 0.015987  0.096143  -0.014568  0.983447  0.180804  0.011879  -0.181189  0.981746  0.057842  -0.001204  -0.059037  0.998255  0.007431  0.002027  -0.000360  0.019978  -0.070723  0.442681  2.000000  
137.397511 0.015992  0.096145  -0.014569  0.983373  0.181209  0.011881  -0.181594  0.981678  0.057718  -0.001204  -0.058916  0.998262  0.007216  0.002026  -0.000428  0.011958  -0.066811  0.446551  2.000000  
137.398756 0.015999  0.096146  -0.014571  0.983298  0.181613  0.011905  -0.181999  0.981604  0.057713  -0.001204  -0.058916  0.998262  0.007003  0.001991  -0.000446  0.011960  -0.066822  0.446624  2.000000  
137.400004 0.016004  0.096148  -0.014572  0.983185  0.182220  0.011940  -0.182606  0.981491  0.057706  -0.001204  -0.058916  0.998262  0.006685  0.001931  -0.000498  0.007785  -0.062259  0.450127  2.000000  
137.401009 0.016009  0.096149  -0.014573  0.983110  0.182622  0.011986  -0.183011  0.981409  0.057820  -0.001204  -0.059037  0.998255  0.006460  0.001905  -0.000518  0.011933  -0.062402  0.446991  2.000000  
137.402260 0.016015  0.096150  -0.014575  0.983035  0.183026  0.012010  -0.183416  0.981334  0.057815  -0.001204  -0.059037  0.998255  0.006191  0.001868  -0.000626  0.011802  -0.057424  0.443489  2.000000  
137.403268 0.016019  0.096151  -0.014576  0.982959  0.183438  0.011903  -0.183821  0.981257  0.057835  -0.001070  -0.059037  0.998255  0.005944  0.001775  -0.000715  0.011903  -0.048502  0.440684  2.000000  
137.404520 0.016024  0.096151  -0.014578  0.982845  0.184044  0.011938  -0.184428  0.981143  0.057828  -0.001070  -0.059037  0.998255  0.005665  0.001651  -0.000827  0.007759  -0.048544  0.443996  2.000000  
137.405759 0.016028  0.096152  -0.014580  0.982769  0.184448  0.011962  -0.184833  0.981068  0.057823  -0.001070  -0.059037  0.998255  0.005295  0.001528  -0.000966  0.007798  -0.044047  0.441013  2.000000  
137.407012 0.016032  0.096152  -0.014582  0.982655  0.185054  0.011998  -0.185439  0.980953  0.057815  -0.001070  -0.059037  0.998255  0.004979  0.001321  -0.001119  0.007768  -0.039554  0.441235  2.000000  
137.408258 0.016036  0.096153  -0.014583  0.982579  0.185467  0.011868  -0.185844  0.980883  0.057716  -0.000937  -0.058916  0.998262  0.004646  0.001143  -0.001159  0.003727  -0.034637  0.434667  2.000000  
137.409510 0.016040  0.096154  -0.014583  0.982464  0.186073  0.011904  -0.186451  0.980768  0.057709  -0.000937  -0.058916  0.998262  0.004383  0.000986  -0.001137  0.003697  -0.030144  0.434877  2.000000  
137.410523 0.016043  0.096155  -0.014583  0.982387  0.186477  0.011927  -0.186855  0.980691  0.057704  -0.000937  -0.058916  0.998262  0.004145  0.000926  -0.001043  -0.000379  -0.030180  0.435013  2.000000  
137.411758 0.016046  0.096156  -0.014583  0.982272  0.187090  0.011832  -0.187462  0.980574  0.057722  -0.000803  -0.058916  0.998263  0.003857  0.000836  -0.000967  -0.000379  -0.021195  0.435461  2.000000  
137.412758 0.016048  0.096157  -0.014582  0.982194  0.187494  0.011856  -0.187867  0.980497  0.057717  -0.000803  -0.058916  0.998263  0.003639  0.000779  -0.000797  -0.004456  -0.021222  0.435463  2.000000  
137.414004 0.016050  0.096158  -0.014582  0.982078  0.188099  0.011891  -0.188473  0.980381  0.057709  -0.000803  -0.058916  0.998263  0.003333  0.000715  -0.000731  -0.004486  -0.016735  0.435807  2.000000  
137.415006 0.016051  0.096158  -0.014581  0.982000  0.188503  0.011915  -0.188877  0.980304  0.057704  -0.000803  -0.058916  0.998263  0.003072  0.000631  -0.000542  -0.004448  -0.016593  0.432104  2.000000  
137.416258 0.016053  0.096159  -0.014580  0.981883  0.189108  0.011951  -0.189484  0.980187  0.057697  -0.000803  -0.058916  0.998263  0.002788  0.000614  -0.000418  -0.008562  -0.016758  0.435702  2.000000  
137.417506 0.016054  0.096159  -0.014579  0.981766  0.189722  0.011855  -0.190090  0.980069  0.057715  -0.000669  -0.058916  0.998263  0.002558  0.000589  -0.000263  -0.008563  -0.007780  0.436264  2.000000  
137.418519 0.016055  0.096160  -0.014578  0.981649  0.190327  0.011891  -0.190697  0.979951  0.057708  -0.000669  -0.058916  0.998263  0.002364  0.000645  -0.000058  -0.008566  -0.008185  0.443006  2.000000  
137.419756 0.016057  0.096162  -0.014577  0.981531  0.190932  0.011926  -0.191303  0.979834  0.057700  -0.000669  -0.058916  0.998263  0.002152  0.000680  0.000143  -0.008504  -0.008526  0.446344  2.000000  
137.421011 0.016058  0.096164  -0.014576  0.981373  0.191739  0.011974  -0.192111  0.979676  0.057690  -0.000669  -0.058916  0.998263  0.001918  0.000796  0.000376  -0.004498  -0.008569  0.450023  2.000000  
137.422011 0.016059  0.096164  -0.014575  0.981214  0.192553  0.011890  -0.192919  0.979516  0.057706  -0.000535  -0.058916  0.998263  0.001788  0.000821  0.000485  -0.004449  -0.005261  0.467159  2.000000  
137.423260 0.016059  0.096165  -0.014574  0.981055  0.193360  0.011938  -0.193727  0.979357  0.057697  -0.000535  -0.058916  0.998263  0.001521  0.000821  0.000657  -0.004486  -0.005304  0.471057  2.000000  
137.424521 0.016061  0.096167  -0.014572  0.980895  0.194166  0.011985  -0.194535  0.979198  0.057687  -0.000535  -0.058916  0.998263  0.001365  0.000860  0.000780  -0.004461  -0.006070  0.480875  2.000000  
137.425779 0.016062  0.096168  -0.014570  0.980735  0.194972  0.012033  -0.195343  0.979038  0.057677  -0.000535  -0.058916  0.998263  0.001189  0.000865  0.000840  -0.004501  -0.006524  0.491440  2.000000  
137.427008 0.016063  0.096169  -0.014568  0.980533  0.195988  0.011961  -0.196352  0.978835  0.057691  -0.000401  -0.058916  0.998263  0.001125  0.000865  0.000984  -0.004488  -0.003264  0.512810  2.000000  
137.428009 0.016064  0.096170  -0.014567  0.980371  0.196794  0.012009  -0.197160  0.978673  0.057681  -0.000401  -0.058916  0.998263  0.001034  0.000881  0.001014  -0.000419  -0.004015  0.522256  2.000000  
137.429256 0.016065  0.096172  -0.014565  0.980168  0.197809  0.011937  -0.198169  0.978468  0.057695  -0.000268  -0.058916  0.998263  0.000991  0.000960  0.001119  -0.000399  -0.000775  0.543032  2.000000  
137.430260 0.016066  0.096173  -0.014563  0.980004  0.198615  0.011985  -0.198976  0.978305  0.057685  -0.000268  -0.058916  0.998263  0.000953  0.000977  0.001144  -0.004484  -0.001223  0.554418  2.000000  
137.431265 0.016067  0.096174  -0.014562  0.979799  0.199621  0.012044  -0.199984  0.978100  0.057673  -0.000268  -0.058916  0.998263  0.000937  0.001069  0.001227  -0.004499  -0.002447  0.575173  2.000000  
137.432510 0.016068  0.096177  -0.014559  0.979551  0.200836  0.012009  -0.201194  0.977844  0.057803  -0.000134  -0.059037  0.998256  0.000923  0.001162  0.001311  -0.000359  -0.004082  0.597830  2.000000  
137.433754 0.016069  0.096178  -0.014558  0.979260  0.202245  0.012092  -0.202606  0.977554  0.057786  -0.000134  -0.059037  0.998256  0.000885  0.001173  0.001319  -0.000380  -0.006109  0.632118  2.000000  
137.434758 0.016071  0.096180  -0.014556  0.979051  0.203259  0.012021  -0.203614  0.977344  0.057801  0.000000  -0.059037  0.998256  0.000951  0.001257  0.001428  -0.000349  -0.002872  0.652960  2.000000  
137.436005 0.016072  0.096182  -0.014555  0.978715  0.204876  0.011985  -0.205226  0.977006  0.057808  0.000134  -0.059037  0.998256  0.000978  0.001263  0.001388  -0.000321  -0.000445  0.687435  2.000000  
137.437006 0.016074  0.096185  -0.014554  0.978503  0.205881  0.012045  -0.206233  0.976794  0.057796  0.000134  -0.059037  0.998256  0.001028  0.001350  0.001423  -0.000331  -0.001661  0.708102  2.000000  
137.438012 0.016076  0.096186  -0.014553  0.978247  0.207095  0.011985  -0.207442  0.976538  0.057808  0.000268  -0.059037  0.998256  0.001088  0.001423  0.001380  0.003829  -0.003264  0.741450  2.000000  
137.439257 0.016077  0.096189  -0.014553  0.977904  0.208703  0.012081  -0.209053  0.976195  0.057789  0.000268  -0.059037  0.998256  0.001101  0.001453  0.001331  0.003818  -0.005306  0.776168  2.000000  
137.440260 0.016078  0.096189  -0.014553  0.977645  0.209915  0.012047  -0.210260  0.975928  0.057920  0.000401  -0.059158  0.998249  0.001129  0.001453  0.001258  0.007943  -0.002498  0.804325  2.000000  
137.441513 0.016081  0.096191  -0.014552  0.977298  0.211530  0.012012  -0.211870  0.975579  0.057929  0.000535  -0.059158  0.998248  0.001201  0.001463  0.001119  0.007975  -0.004907  0.838443  2.000000  
137.442523 0.016083  0.096192  -0.014552  0.977035  0.212735  0.012083  -0.213077  0.975317  0.057914  0.000535  -0.059158  0.998248  0.001266  0.001471  0.000976  0.008034  -0.006171  0.865714  2.000000  
137.443761 0.016084  0.096193  -0.014552  0.976639  0.214550  0.012060  -0.214887  0.974920  0.057920  0.000669  -0.059158  0.998248  0.001345  0.001465  0.000891  0.008091  -0.004135  0.907651  2.000000  
137.445009 0.016087  0.096194  -0.014552  0.976239  0.216363  0.012037  -0.216696  0.974519  0.057926  0.000803  -0.059158  0.998248  0.001423  0.001482  0.000754  0.008154  -0.002098  0.949552  2.000000  
137.446258 0.016089  0.096196  -0.014552  0.975835  0.218175  0.012041  -0.218505  0.974108  0.058051  0.000937  -0.059279  0.998241  0.001500  0.001420  0.000627  0.012295  -0.000121  0.991157  2.000000  
137.447510 0.016091  0.096196  -0.014552  0.975429  0.219987  0.012018  -0.220312  0.973700  0.058058  0.001070  -0.059279  0.998241  0.001537  0.001322  0.000467  0.012436  -0.002575  1.032631  2.000000  
137.448756 0.016093  0.096197  -0.014552  0.975019  0.221798  0.011995  -0.222119  0.973289  0.058066  0.001204  -0.059279  0.998241  0.001590  0.001249  0.000351  0.012517  -0.000540  1.074383  2.000000  
137.449756 0.016094  0.096198  -0.014553  0.974651  0.223409  0.011961  -0.223725  0.972921  0.058076  0.001338  -0.059279  0.998241  0.001567  0.001188  0.000205  0.012603  0.001904  1.109444  2.000000  
137.451004 0.016095  0.096198  -0.014554  0.974189  0.225418  0.011977  -0.225731  0.972450  0.058199  0.001472  -0.059400  0.998233  0.001520  0.001037  0.000078  0.016635  0.003432  1.148502  2.000000  
137.452257 0.016097  0.096199  -0.014554  0.973721  0.227435  0.011837  -0.227736  0.971980  0.058235  0.001739  -0.059400  0.998233  0.001498  0.000902  -0.000051  0.017028  0.005903  1.192989  2.000000  
137.453257 0.016097  0.096199  -0.014555  0.973345  0.229043  0.011803  -0.229339  0.971602  0.058246  0.001873  -0.059400  0.998232  0.001381  0.000797  -0.000118  0.016985  0.008274  1.217366  2.000000  
137.454260 0.016098  0.096199  -0.014555  0.972966  0.230643  0.011899  -0.230942  0.971224  0.058227  0.001873  -0.059400  0.998232  0.001364  0.000695  -0.000147  0.017151  0.006708  1.255582  2.000000  
137.455262 0.016098  0.096199  -0.014555  0.972536  0.232450  0.011877  -0.232744  0.970793  0.058236  0.002007  -0.059400  0.998232  0.001275  0.000606  -0.000217  0.017159  0.008277  1.295837  2.000000  
137.456511 0.016098  0.096198  -0.014556  0.972006  0.234654  0.011907  -0.234946  0.970255  0.058358  0.002141  -0.059521  0.998225  0.001126  0.000451  -0.000255  0.021378  0.005743  1.334399  2.000000  
137.457758 0.016097  0.096197  -0.014557  0.971422  0.237065  0.011792  -0.237346  0.969669  0.058391  0.002408  -0.059521  0.998224  0.000980  0.000362  -0.000317  0.021773  0.012308  1.387212  2.000000  
137.458761 0.016097  0.096196  -0.014558  0.970931  0.239069  0.011782  -0.239346  0.969177  0.058399  0.002542  -0.059521  0.998224  0.000845  0.000246  -0.000369  0.021905  0.014335  1.428658  2.000000  
137.460008 0.016097  0.096196  -0.014559  0.970386  0.241271  0.011785  -0.241544  0.968631  0.058404  0.002676  -0.059521  0.998223  0.000679  0.000101  -0.000443  0.022151  0.011878  1.470420  2.000000  
137.461259 0.016097  0.096194  -0.014560  0.969786  0.243669  0.011829  -0.243940  0.968023  0.058525  0.002810  -0.059642  0.998216  0.000502  -0.000104  -0.000540  0.026171  0.013295  1.506612  2.000000  
137.462516 0.016096  0.096193  -0.014562  0.969231  0.245869  0.011832  -0.246136  0.967466  0.058531  0.002944  -0.059642  0.998215  0.000291  -0.000279  -0.000599  0.022532  0.012075  1.539051  2.000000  
137.463756 0.016095  0.096191  -0.014563  0.968568  0.248472  0.011730  -0.248728  0.966801  0.058566  0.003211  -0.059642  0.998215  0.000134  -0.000455  -0.000666  0.022927  0.013693  1.588336  2.000000  
137.464758 0.016095  0.096189  -0.014564  0.968105  0.250263  0.011839  -0.250523  0.966339  0.058544  0.003211  -0.059642  0.998215  0.000008  -0.000600  -0.000709  0.022960  0.012461  1.609060  2.000000  
137.466004 0.016094  0.096187  -0.014565  0.967483  0.252664  0.011756  -0.252913  0.965707  0.058699  0.003479  -0.059763  0.998207  -0.000148  -0.000800  -0.000725  0.027206  0.014265  1.637067  2.000000  
137.467259 0.016093  0.096185  -0.014566  0.966854  0.255057  0.011771  -0.255303  0.965077  0.058704  0.003613  -0.059763  0.998206  -0.000219  -0.000946  -0.000774  0.027597  0.017229  1.678724  2.000000  
137.468512 0.016093  0.096182  -0.014567  0.966167  0.257646  0.011799  -0.257889  0.964389  0.058707  0.003746  -0.059763  0.998206  -0.000302  -0.001088  -0.000784  0.027688  0.014232  1.712905  2.000000  
137.469514 0.016092  0.096180  -0.014567  0.965741  0.259242  0.011767  -0.259480  0.963962  0.058722  0.003880  -0.059763  0.998205  -0.000355  -0.001241  -0.000811  0.024066  0.014242  1.726710  2.000000  
137.470756 0.016092  0.096177  -0.014568  0.965150  0.261432  0.011771  -0.261666  0.963370  0.058730  0.004014  -0.059763  0.998205  -0.000372  -0.001409  -0.000817  0.024062  0.016537  1.747282  2.000000  
137.471760 0.016091  0.096175  -0.014569  0.964555  0.263621  0.011775  -0.263851  0.962773  0.058738  0.004148  -0.059763  0.998204  -0.000440  -0.001517  -0.000827  0.024544  0.015438  1.782422  2.000000  
137.473008 0.016091  0.096173  -0.014570  0.963844  0.266203  0.011836  -0.266431  0.962055  0.058859  0.004282  -0.059884  0.998196  -0.000414  -0.001660  -0.000850  0.028945  0.013271  1.817081  2.000000  
137.474258 0.016092  0.096171  -0.014571  0.963072  0.268974  0.012006  -0.269208  0.961284  0.058825  0.004282  -0.059884  0.998196  -0.000336  -0.001717  -0.000838  0.029169  0.006725  1.852255  2.000000  
137.475511 0.016092  0.096168  -0.014572  0.962292  0.271752  0.012047  -0.271983  0.960502  0.058826  0.004415  -0.059884  0.998196  -0.000285  -0.001772  -0.000834  0.029285  0.003805  1.883875  2.000000  
137.476757 0.016093  0.096166  -0.014574  0.961560  0.274329  0.012076  -0.274557  0.959770  0.058830  0.004549  -0.059884  0.998195  -0.000200  -0.001861  -0.000874  0.025574  0.002055  1.911454  2.000000  
137.477758 0.016094  0.096164  -0.014574  0.960879  0.276699  0.012221  -0.276932  0.959089  0.058800  0.004549  -0.059884  0.998195  -0.000103  -0.001858  -0.000848  0.025956  -0.003242  1.940982  2.000000  
137.478762 0.016095  0.096163  -0.014575  0.960249  0.278878  0.012226  -0.279107  0.958458  0.058810  0.004683  -0.059884  0.998194  0.000006  -0.001884  -0.000812  0.026294  -0.004891  1.968303  2.000000  
137.480004 0.016097  0.096161  -0.014576  0.959382  0.281837  0.012407  -0.282071  0.957592  0.058772  0.004683  -0.059884  0.998194  0.000159  -0.001883  -0.000793  0.026359  -0.012167  2.000022  2.000000  
137.481262 0.016098  0.096158  -0.014577  0.958506  0.284800  0.012461  -0.285032  0.956715  0.058771  0.004817  -0.059884  0.998194  0.000322  -0.001885  -0.000813  0.022837  -0.013629  2.037302  2.000000  
137.482518 0.016100  0.096155  -0.014579  0.957680  0.287556  0.012630  -0.287793  0.955890  0.058735  0.004817  -0.059884  0.998194  0.000509  -0.001915  -0.000863  0.023055  -0.019761  2.063915  2.000000  
137.483756 0.016103  0.096153  -0.014580  0.956906  0.290121  0.012659  -0.290355  0.955114  0.058740  0.004951  -0.059884  0.998193  0.000685  -0.001918  -0.000899  0.023409  -0.021006  2.085225  2.000000  
137.485004 0.016105  0.096150  -0.014582  0.956005  0.293069  0.012841  -0.293309  0.954214  0.058700  0.004951  -0.059884  0.998193  0.000881  -0.001955  -0.000988  0.023501  -0.027746  2.109292  2.000000  
137.486006 0.016107  0.096148  -0.014583  0.955338  0.295229  0.012974  -0.295473  0.953548  0.058671  0.004951  -0.059884  0.998193  0.001034  -0.001936  -0.001022  0.023691  -0.033016  2.122679  2.000000  
137.487007 0.016110  0.096146  -0.014585  0.954605  0.297592  0.012991  -0.297832  0.952813  0.058679  0.005084  -0.059884  0.998192  0.001243  -0.001909  -0.001082  0.020004  -0.034368  2.142845  2.000000  
137.488011 0.016112  0.096145  -0.014586  0.953804  0.300141  0.013148  -0.300386  0.952013  0.058644  0.005084  -0.059884  0.998192  0.001414  -0.001849  -0.001049  0.020338  -0.039551  2.167097  2.000000  
137.489258 0.016116  0.096143  -0.014588  0.952872  0.303079  0.013329  -0.303330  0.951082  0.058603  0.005084  -0.059884  0.998192  0.001587  -0.001855  -0.001121  0.020569  -0.045293  2.188276  2.000000  
137.490259 0.016118  0.096141  -0.014590  0.952183  0.305232  0.013462  -0.305487  0.950393  0.058573  0.005084  -0.059884  0.998192  0.001754  -0.001833  -0.001180  0.020768  -0.050604  2.201654  2.000000  
137.491514 0.016122  0.096140  -0.014592  0.951235  0.308166  0.013642  -0.308426  0.949446  0.058531  0.005084  -0.059884  0.998192  0.001960  -0.001807  -0.001217  0.016915  -0.056449  2.221382  2.000000  
137.492759 0.016125  0.096137  -0.014594  0.950278  0.311098  0.013785  -0.311362  0.948497  0.058373  0.005084  -0.059763  0.998200  0.002117  -0.001847  -0.001341  0.013251  -0.066945  2.248637  2.000000  
137.494008 0.016129  0.096136  -0.014597  0.949312  0.314025  0.013966  -0.314295  0.947532  0.058330  0.005084  -0.059763  0.998200  0.002269  -0.001774  -0.001471  0.013435  -0.072901  2.264355  2.000000  
137.495258 0.016133  0.096134  -0.014600  0.948336  0.316957  0.014019  -0.317224  0.946555  0.058329  0.005218  -0.059763  0.998199  0.002433  -0.001752  -0.001542  0.009806  -0.074058  2.290040  2.000000  
137.496261 0.016136  0.096132  -0.014602  0.947550  0.319295  0.014163  -0.319566  0.945769  0.058295  0.005218  -0.059763  0.998199  0.002512  -0.001704  -0.001618  0.010023  -0.079395  2.304220  2.000000  
137.497509 0.016140  0.096130  -0.014605  0.946558  0.322214  0.014343  -0.322491  0.944779  0.058250  0.005218  -0.059763  0.998199  0.002632  -0.001663  -0.001770  0.010264  -0.085091  2.323764  2.000000  
137.498518 0.016143  0.096128  -0.014608  0.945825  0.324354  0.014436  -0.324634  0.944054  0.058103  0.005218  -0.059642  0.998206  0.002728  -0.001666  -0.001854  0.006375  -0.089839  2.330109  2.000000  
137.499756 0.016147  0.096126  -0.014612  0.944751  0.327462  0.014627  -0.327747  0.942980  0.058055  0.005218  -0.059642  0.998206  0.002819  -0.001654  -0.002032  0.006724  -0.096862  2.372716  2.000000  
137.501004 0.016150  0.096123  -0.014616  0.943598  0.330761  0.014830  -0.331052  0.941828  0.058004  0.005218  -0.059642  0.998206  0.002884  -0.001669  -0.002153  0.007060  -0.103562  2.404965  2.000000  
137.502004 0.016154  0.096121  -0.014619  0.942709  0.333280  0.014985  -0.333576  0.940940  0.057964  0.005218  -0.059642  0.998206  0.002919  -0.001679  -0.002272  0.007303  -0.109032  2.420376  2.000000  
137.503006 0.016157  0.096120  -0.014622  0.941882  0.335605  0.015088  -0.335904  0.940120  0.057813  0.005218  -0.059521  0.998213  0.002965  -0.001694  -0.002429  -0.000586  -0.113894  2.426991  2.000000  
137.504267 0.016161  0.096117  -0.014626  0.940700  0.338894  0.015290  -0.339198  0.938940  0.057760  0.005218  -0.059521  0.998213  0.003006  -0.001759  -0.002572  -0.000427  -0.119359  2.447530  2.000000  
137.505268 0.016164  0.096115  -0.014630  0.939860  0.341212  0.015432  -0.341521  0.938100  0.057722  0.005218  -0.059521  0.998213  0.003068  -0.001803  -0.002726  -0.000393  -0.119715  2.453268  2.000000  
137.506523 0.016168  0.096112  -0.014634  0.938730  0.344300  0.015623  -0.344615  0.936971  0.057671  0.005218  -0.059521  0.998213  0.003084  -0.001806  -0.002800  -0.000127  -0.125401  2.472936  2.000000  
137.507761 0.016172  0.096110  -0.014639  0.937589  0.347387  0.015770  -0.347705  0.935839  0.057505  0.005218  -0.059400  0.998221  0.003102  -0.001852  -0.002985  -0.004168  -0.125711  2.480781  2.000000  
137.509009 0.016176  0.096107  -0.014643  0.936439  0.350467  0.015960  -0.350792  0.934689  0.057453  0.005218  -0.059400  0.998221  0.003075  -0.001948  -0.003103  -0.003934  -0.131041  2.494669  2.000000  
137.510262 0.016180  0.096104  -0.014647  0.935424  0.353162  0.016082  -0.353489  0.933682  0.057294  0.005218  -0.059279  0.998228  0.003121  -0.002010  -0.003163  -0.007876  -0.134952  2.487275  2.000000  
137.511511 0.016184  0.096101  -0.014652  0.934328  0.356043  0.016259  -0.356376  0.932587  0.057244  0.005218  -0.059279  0.998228  0.003126  -0.002052  -0.003307  -0.007841  -0.135349  2.493889  2.000000  
137.512512 0.016187  0.096099  -0.014655  0.933371  0.358538  0.016412  -0.358876  0.931631  0.057200  0.005218  -0.059279  0.998228  0.003179  -0.002051  -0.003312  -0.007641  -0.135915  2.501581  2.000000  
137.513756 0.016191  0.096097  -0.014661  0.932109  0.361796  0.016612  -0.362140  0.930371  0.057142  0.005218  -0.059279  0.998228  0.003197  -0.002063  -0.003447  -0.007332  -0.141975  2.528239  2.000000  
137.514762 0.016194  0.096094  -0.014665  0.931137  0.364287  0.016721  -0.364633  0.929406  0.056985  0.005218  -0.059158  0.998235  0.003195  -0.002097  -0.003497  -0.011536  -0.142145  2.534895  2.000000  
