1-Time 2-Px 3-Py 4-Pz 5-R11 6-R21 7-R31 8-R12 9-R22 10-R32 11-R13 12-R23 13-R33 14-Vx 15-Vy 16-Vz 17-Wx 18-Wy 19-Wz 20-state 21-PR11 22-PR21 23-PR31 24-PR12 25-PR22 26-PR32 27-PR13 28-PR23 29-PR33 
19.612308 0.003483  0.090624  -0.006526  0.987676  0.155504  0.017741  -0.156224  0.986381  0.051448  -0.009500  -0.053585  0.998518  -0.000416  0.001448  -0.000484  0.000000  0.000000  0.000000  2.000000  
19.613314 0.003483  0.090625  -0.006526  0.987676  0.155504  0.017741  -0.156224  0.986381  0.051448  -0.009500  -0.053585  0.998518  -0.000452  0.001401  -0.000459  0.000000  0.000000  0.000000  2.000000  
19.614319 0.003482  0.090625  -0.006527  0.987579  0.156111  0.017792  -0.156834  0.986278  0.051556  -0.009500  -0.053706  0.998512  -0.000447  0.001299  -0.000483  0.000000  0.000000  0.000000  2.000000  
19.615323 0.003482  0.090624  -0.006528  0.987416  0.157117  0.017996  -0.157850  0.986112  0.051636  -0.009633  -0.053827  0.998504  -0.000457  0.001123  -0.000506  0.000000  0.000000  0.000000  2.000000  
19.616560 0.003481  0.090622  -0.006530  0.987284  0.157919  0.018190  -0.158663  0.985977  0.051720  -0.009767  -0.053948  0.998496  -0.000449  0.000841  -0.000587  0.000000  0.000000  0.000000  2.000000  
19.617561 0.003481  0.090619  -0.006531  0.987185  0.158519  0.018373  -0.159273  0.985874  0.051807  -0.009901  -0.054069  0.998488  -0.000435  0.000593  -0.000580  0.000000  0.000000  0.000000  2.000000  
19.618808 0.003481  0.090617  -0.006532  0.987086  0.159123  0.018443  -0.159882  0.985764  0.052035  -0.009901  -0.054312  0.998475  -0.000357  0.000341  -0.000611  0.000000  0.000000  0.000000  2.000000  
19.619810 0.003482  0.090616  -0.006531  0.986957  0.159947  0.018242  -0.160696  0.985624  0.052182  -0.009633  -0.054433  0.998471  -0.000333  0.000147  -0.000559  0.000000  0.000000  0.000000  2.000000  
19.621064 0.003482  0.090615  -0.006531  0.986727  0.161377  0.018093  -0.162118  0.985377  0.052438  -0.009366  -0.054675  0.998460  -0.000263  -0.000069  -0.000467  0.034800  -0.006372  0.200610  2.000000  
19.622064 0.003483  0.090614  -0.006531  0.986561  0.162397  0.018035  -0.163134  0.985203  0.052561  -0.009232  -0.054796  0.998455  -0.000196  -0.000240  -0.000430  0.038570  -0.003769  0.235421  2.000000  
19.623308 0.003483  0.090612  -0.006531  0.986325  0.163812  0.018150  -0.164556  0.984955  0.052774  -0.009232  -0.055039  0.998442  -0.000123  -0.000461  -0.000464  0.045891  -0.006375  0.281464  2.000000  
19.624317 0.003484  0.090611  -0.006532  0.986119  0.165019  0.018367  -0.165774  0.984747  0.052849  -0.009366  -0.055160  0.998434  -0.000008  -0.000597  -0.000494  0.049521  -0.013084  0.322295  2.000000  
19.625329 0.003486  0.090612  -0.006531  0.985879  0.166436  0.018463  -0.167194  0.984502  0.052941  -0.009366  -0.055281  0.998427  0.000139  -0.000684  -0.000362  0.053511  -0.015837  0.373048  2.000000  
19.626331 0.003488  0.090612  -0.006529  0.985671  0.167642  0.018681  -0.168412  0.984290  0.053015  -0.009500  -0.055402  0.998419  0.000310  -0.000722  -0.000221  0.057165  -0.022607  0.414217  2.000000  
19.627563 0.003490  0.090612  -0.006527  0.985357  0.169463  0.018799  -0.170238  0.983971  0.053100  -0.009500  -0.055523  0.998412  0.000507  -0.000877  0.000005  0.060684  -0.026042  0.476633  2.000000  
19.628811 0.003492  0.090610  -0.006526  0.985006  0.171494  0.018798  -0.172266  0.983613  0.053204  -0.009366  -0.055644  0.998407  0.000673  -0.001000  0.000121  0.064141  -0.025361  0.545976  2.000000  
19.629813 0.003494  0.090607  -0.006526  0.984794  0.172713  0.018753  -0.173483  0.983392  0.053323  -0.009232  -0.055765  0.998401  0.000770  -0.001143  0.000177  0.067860  -0.023173  0.587625  2.000000  
19.630817 0.003495  0.090604  -0.006524  0.984543  0.174128  0.018851  -0.174902  0.983136  0.053415  -0.009232  -0.055886  0.998394  0.000943  -0.001240  0.000410  0.071471  -0.025855  0.635876  2.000000  
19.632063 0.003496  0.090599  -0.006523  0.984291  0.175548  0.018839  -0.176321  0.982870  0.053650  -0.009098  -0.056129  0.998382  0.001031  -0.001426  0.000556  0.079253  -0.024112  0.684809  2.000000  
19.633064 0.003498  0.090594  -0.006521  0.984036  0.176959  0.018959  -0.177739  0.982603  0.053861  -0.009098  -0.056371  0.998368  0.001185  -0.001617  0.000665  0.086931  -0.026850  0.732955  2.000000  
19.634313 0.003502  0.090587  -0.006520  0.983703  0.178765  0.019255  -0.179562  0.982255  0.054159  -0.009232  -0.056734  0.998347  0.001380  -0.001984  0.000745  0.098510  -0.034902  0.794742  2.000000  
19.635323 0.003505  0.090582  -0.006520  0.983481  0.179974  0.019366  -0.180777  0.982020  0.054374  -0.009232  -0.056976  0.998333  0.001521  -0.002276  0.000694  0.106243  -0.037282  0.835946  2.000000  
19.636558 0.003508  0.090573  -0.006521  0.983182  0.181586  0.019500  -0.182396  0.981709  0.054580  -0.009232  -0.057218  0.998319  0.001739  -0.002779  0.000595  0.113947  -0.040476  0.891764  2.000000  
19.637560 0.003510  0.090565  -0.006523  0.982993  0.182592  0.019600  -0.183408  0.981508  0.054798  -0.009232  -0.057461  0.998305  0.001837  -0.003256  0.000551  0.121759  -0.042499  0.926174  2.000000  
19.638560 0.003513  0.090557  -0.006525  0.982765  0.183792  0.019844  -0.184622  0.981270  0.054987  -0.009366  -0.057703  0.998290  0.001996  -0.003654  0.000456  0.129468  -0.049415  0.967447  2.000000  
19.639560 0.003516  0.090550  -0.006526  0.982574  0.184797  0.019945  -0.185634  0.981067  0.055204  -0.009366  -0.057945  0.998276  0.002104  -0.004131  0.000355  0.136170  -0.051040  0.993773  2.000000  
19.640811 0.003521  0.090539  -0.006529  0.982306  0.186205  0.020070  -0.187050  0.980786  0.055414  -0.009366  -0.058187  0.998262  0.002252  -0.004874  0.000063  0.144970  -0.054283  1.050192  2.000000  
19.641815 0.003523  0.090531  -0.006530  0.982073  0.187404  0.020315  -0.188263  0.980544  0.055601  -0.009500  -0.058429  0.998246  0.002282  -0.005434  -0.000130  0.152634  -0.061215  1.091216  2.000000  
19.643073 0.003527  0.090520  -0.006532  0.981840  0.188613  0.020406  -0.189475  0.980305  0.055695  -0.009500  -0.058550  0.998239  0.002391  -0.006146  -0.000377  0.156320  -0.063611  1.132696  2.000000  
19.644318 0.003530  0.090509  -0.006534  0.981643  0.189612  0.020618  -0.190486  0.980105  0.055768  -0.009633  -0.058671  0.998231  0.002504  -0.006691  -0.000558  0.154862  -0.068462  1.137078  2.000000  
19.645327 0.003533  0.090501  -0.006535  0.981484  0.190408  0.020818  -0.191294  0.979943  0.055844  -0.009767  -0.058792  0.998222  0.002574  -0.007053  -0.000711  0.156051  -0.068356  1.132125  2.000000  
19.646562 0.003536  0.090489  -0.006536  0.981246  0.191608  0.021041  -0.192506  0.979702  0.055911  -0.009901  -0.058913  0.998214  0.002632  -0.007474  -0.000844  0.151684  -0.064887  1.146724  2.000000  
19.647563 0.003537  0.090480  -0.006537  0.981086  0.192407  0.021218  -0.193314  0.979545  0.055868  -0.010035  -0.058913  0.998213  0.002644  -0.007813  -0.001015  0.147391  -0.070228  1.160266  2.000000  
19.648563 0.003538  0.090470  -0.006539  0.980925  0.193204  0.021419  -0.194121  0.979381  0.055944  -0.010169  -0.059034  0.998204  0.002557  -0.008124  -0.001194  0.147236  -0.075246  1.166850  2.000000  
19.649814 0.003539  0.090457  -0.006540  0.980763  0.194002  0.021596  -0.194929  0.979223  0.055900  -0.010302  -0.059034  0.998203  0.002379  -0.008503  -0.001314  0.139300  -0.088069  1.152261  2.000000  
19.651063 0.003539  0.090444  -0.006543  0.980602  0.194806  0.021665  -0.195736  0.979056  0.056001  -0.010302  -0.059155  0.998196  0.002157  -0.008852  -0.001460  0.138385  -0.096003  1.135495  2.000000  
19.652313 0.003539  0.090431  -0.006546  0.980440  0.195604  0.021842  -0.196543  0.978897  0.055957  -0.010436  -0.059155  0.998194  0.001982  -0.009083  -0.001527  0.131642  -0.104330  1.116664  2.000000  
19.653560 0.003539  0.090418  -0.006548  0.980277  0.196408  0.021912  -0.197351  0.978729  0.056057  -0.010436  -0.059276  0.998187  0.001736  -0.009279  -0.001552  0.130715  -0.102838  1.093936  2.000000  
19.654812 0.003537  0.090404  -0.006552  0.980072  0.197407  0.022101  -0.198359  0.978528  0.056008  -0.010570  -0.059276  0.998186  0.001306  -0.009585  -0.001642  0.126659  -0.102116  1.080204  2.000000  
19.656062 0.003535  0.090389  -0.006557  0.979948  0.198004  0.022266  -0.198964  0.978407  0.055968  -0.010704  -0.059276  0.998184  0.000881  -0.009906  -0.001877  0.118840  -0.099883  1.039048  2.000000  
19.657069 0.003532  0.090376  -0.006563  0.979824  0.198600  0.022432  -0.199569  0.978286  0.055928  -0.010837  -0.059276  0.998183  0.000492  -0.010181  -0.002138  0.116097  -0.102877  1.005908  2.000000  
19.658330 0.003528  0.090361  -0.006570  0.979658  0.199398  0.022609  -0.200376  0.978124  0.055882  -0.010971  -0.059276  0.998181  0.000019  -0.010476  -0.002544  0.112314  -0.109871  0.970342  2.000000  
19.659568 0.003524  0.090346  -0.006578  0.979491  0.200196  0.022786  -0.201182  0.977961  0.055837  -0.011105  -0.059276  0.998180  -0.000512  -0.010763  -0.002960  0.108575  -0.117370  0.942662  2.000000  
19.660812 0.003520  0.090332  -0.006585  0.979323  0.200996  0.022938  -0.201988  0.977804  0.055673  -0.011239  -0.059155  0.998186  -0.000978  -0.010944  -0.003357  0.099766  -0.119699  0.914298  2.000000  
19.661814 0.003515  0.090321  -0.006592  0.979197  0.201592  0.023103  -0.202593  0.977682  0.055631  -0.011373  -0.059155  0.998184  -0.001394  -0.011072  -0.003707  0.092713  -0.128175  0.893622  2.000000  
19.663063 0.003509  0.090308  -0.006600  0.979070  0.202191  0.023244  -0.203197  0.977565  0.055471  -0.011506  -0.059033  0.998190  -0.001872  -0.011130  -0.004117  0.080040  -0.130037  0.858563  2.000000  
19.664064 0.003504  0.090297  -0.006607  0.978945  0.202798  0.023253  -0.203802  0.977447  0.055338  -0.011506  -0.058912  0.998197  -0.002332  -0.011221  -0.004540  0.064774  -0.124339  0.824536  2.000000  
19.665065 0.003499  0.090286  -0.006613  0.978817  0.203396  0.023394  -0.204406  0.977330  0.055178  -0.011640  -0.058791  0.998202  -0.002708  -0.011248  -0.004876  0.056238  -0.126965  0.803724  2.000000  
19.666324 0.003492  0.090273  -0.006621  0.978645  0.204189  0.023676  -0.205211  0.977172  0.054986  -0.011908  -0.058670  0.998206  -0.003159  -0.011195  -0.005236  0.040638  -0.135033  0.774988  2.000000  
19.667565 0.003486  0.090261  -0.006628  0.978517  0.204787  0.023816  -0.205815  0.977054  0.054825  -0.012042  -0.058549  0.998212  -0.003598  -0.011141  -0.005500  0.024589  -0.138060  0.747372  2.000000  
19.668813 0.003480  0.090250  -0.006634  0.978388  0.205386  0.023955  -0.206419  0.976935  0.054664  -0.012175  -0.058428  0.998217  -0.003997  -0.011007  -0.005701  0.012483  -0.136898  0.726637  2.000000  
19.670060 0.003473  0.090239  -0.006640  0.978301  0.205783  0.024083  -0.206822  0.976859  0.054508  -0.012309  -0.058306  0.998223  -0.004307  -0.010802  -0.005847  -0.003498  -0.139515  0.692096  2.000000  
19.671314 0.003467  0.090227  -0.006647  0.978173  0.206393  0.024067  -0.207426  0.976745  0.054256  -0.012309  -0.058064  0.998237  -0.004521  -0.010601  -0.005929  -0.015375  -0.137087  0.665655  2.000000  
19.672563 0.003460  0.090216  -0.006655  0.978086  0.206790  0.024195  -0.207828  0.976668  0.054100  -0.012443  -0.057943  0.998242  -0.004710  -0.010248  -0.005981  -0.027295  -0.135533  0.638267  2.000000  
19.673565 0.003456  0.090207  -0.006663  0.977956  0.207389  0.024334  -0.208432  0.976548  0.053939  -0.012577  -0.057822  0.998248  -0.004821  -0.010035  -0.006105  -0.035319  -0.134746  0.624618  2.000000  
19.674567 0.003452  0.090199  -0.006669  0.977867  0.207778  0.024592  -0.208834  0.976473  0.053755  -0.012844  -0.057701  0.998251  -0.004812  -0.009851  -0.006106  -0.043650  -0.139115  0.608683  2.000000  
19.675568 0.003448  0.090191  -0.006676  0.977822  0.207975  0.024708  -0.209035  0.976438  0.053603  -0.012978  -0.057579  0.998257  -0.004848  -0.009609  -0.006150  -0.047571  -0.137867  0.587954  2.000000  
19.676570 0.003445  0.090183  -0.006682  0.977734  0.208372  0.024836  -0.209437  0.976360  0.053447  -0.013112  -0.057458  0.998262  -0.004763  -0.009383  -0.006122  -0.055565  -0.136666  0.567260  2.000000  
19.677812 0.003442  0.090173  -0.006691  0.977644  0.208765  0.025068  -0.209839  0.976291  0.053144  -0.013379  -0.057216  0.998272  -0.004545  -0.009123  -0.006154  -0.067680  -0.139942  0.546395  2.000000  
19.678814 0.003441  0.090167  -0.006698  0.977599  0.208962  0.025185  -0.210040  0.976256  0.052992  -0.013513  -0.057095  0.998277  -0.004308  -0.008826  -0.006179  -0.071535  -0.143166  0.525314  2.000000  
19.680063 0.003439  0.090158  -0.006707  0.977511  0.209360  0.025312  -0.210442  0.976178  0.052835  -0.013647  -0.056973  0.998282  -0.003996  -0.008532  -0.006270  -0.075528  -0.142352  0.511582  2.000000  
19.681315 0.003437  0.090149  -0.006717  0.977421  0.209747  0.025594  -0.210844  0.976094  0.052768  -0.013915  -0.056973  0.998279  -0.003686  -0.008284  -0.006385  -0.079504  -0.150554  0.497217  2.000000  
19.682327 0.003437  0.090143  -0.006724  0.977375  0.209943  0.025710  -0.211045  0.976059  0.052616  -0.014048  -0.056852  0.998284  -0.003354  -0.008049  -0.006513  -0.083432  -0.149635  0.483132  2.000000  
19.683560 0.003437  0.090134  -0.006732  0.977330  0.210140  0.025826  -0.211245  0.976024  0.052464  -0.014182  -0.056731  0.998289  -0.002915  -0.007831  -0.006665  -0.091418  -0.153018  0.462458  2.000000  
19.684560 0.003437  0.090129  -0.006738  0.977283  0.210326  0.026098  -0.211446  0.975984  0.052403  -0.014450  -0.056731  0.998285  -0.002504  -0.007618  -0.006697  -0.091254  -0.156306  0.441477  2.000000  
19.685568 0.003438  0.090123  -0.006743  0.977237  0.210523  0.026214  -0.211647  0.975949  0.052251  -0.014584  -0.056609  0.998290  -0.002120  -0.007348  -0.006711  -0.095176  -0.155411  0.427488  2.000000  
19.686808 0.003440  0.090117  -0.006749  0.977192  0.210716  0.026355  -0.211847  0.975907  0.052217  -0.014717  -0.056609  0.998288  -0.001611  -0.007038  -0.006533  -0.094374  -0.153498  0.410701  2.000000  
19.687808 0.003441  0.090113  -0.006754  0.977190  0.210712  0.026460  -0.211847  0.975915  0.052070  -0.014851  -0.056488  0.998293  -0.001192  -0.006743  -0.006434  -0.098145  -0.152178  0.389881  2.000000  
19.688810 0.003442  0.090108  -0.006757  0.977144  0.210909  0.026576  -0.212048  0.975879  0.051918  -0.014985  -0.056367  0.998298  -0.000766  -0.006433  -0.006219  -0.102077  -0.151383  0.376241  2.000000  
19.690065 0.003445  0.090104  -0.006762  0.977140  0.210894  0.026837  -0.212047  0.975882  0.051861  -0.015252  -0.056367  0.998294  -0.000309  -0.006024  -0.005952  -0.097731  -0.154203  0.348526  2.000000  
19.691316 0.003448  0.090101  -0.006766  0.977095  0.211091  0.026953  -0.212248  0.975847  0.051709  -0.015386  -0.056245  0.998298  0.000156  -0.005617  -0.005704  -0.101516  -0.157434  0.327699  2.000000  
19.692563 0.003452  0.090098  -0.006770  0.977093  0.211087  0.027057  -0.212247  0.975855  0.051563  -0.015520  -0.056124  0.998303  0.000636  -0.005126  -0.005344  -0.102133  -0.157517  0.309738  2.000000  
19.693570 0.003455  0.090096  -0.006773  0.977047  0.211280  0.027199  -0.212448  0.975813  0.051529  -0.015654  -0.056124  0.998301  0.000989  -0.004781  -0.005079  -0.097885  -0.156662  0.295854  2.000000  
19.694813 0.003458  0.090094  -0.006777  0.977043  0.211269  0.027434  -0.212447  0.975822  0.051353  -0.015921  -0.056003  0.998304  0.001289  -0.004392  -0.004758  -0.100921  -0.158659  0.272684  2.000000  
19.695813 0.003461  0.090092  -0.006781  0.977041  0.211262  0.027565  -0.212446  0.975824  0.051325  -0.016055  -0.056003  0.998302  0.001560  -0.004059  -0.004559  -0.097353  -0.153883  0.247587  2.000000  
19.696813 0.003464  0.090089  -0.006785  0.977039  0.211258  0.027669  -0.212446  0.975832  0.051178  -0.016189  -0.055881  0.998306  0.001819  -0.003719  -0.004251  -0.097097  -0.152668  0.226888  2.000000  
19.697816 0.003466  0.090088  -0.006789  0.976993  0.211451  0.027811  -0.212647  0.975790  0.051144  -0.016323  -0.055881  0.998304  0.002003  -0.003379  -0.004073  -0.092933  -0.152227  0.219942  2.000000  
19.699064 0.003469  0.090085  -0.006794  0.976991  0.211444  0.027941  -0.212646  0.975791  0.051116  -0.016456  -0.055881  0.998302  0.002188  -0.003042  -0.003897  -0.088592  -0.155546  0.199012  2.000000  
19.700314 0.003472  0.090083  -0.006798  0.976989  0.211437  0.028072  -0.212646  0.975793  0.051087  -0.016590  -0.055881  0.998300  0.002283  -0.002793  -0.003768  -0.083645  -0.153463  0.183673  2.000000  
19.701564 0.003474  0.090080  -0.006802  0.976986  0.211426  0.028228  -0.212645  0.975788  0.051177  -0.016724  -0.056002  0.998291  0.002303  -0.002517  -0.003624  -0.071833  -0.153545  0.164487  2.000000  
19.702808 0.003476  0.090078  -0.006806  0.976943  0.211627  0.028238  -0.212846  0.975745  0.051172  -0.016724  -0.056002  0.998291  0.002351  -0.002282  -0.003494  0.000000  0.000000  0.000000  2.000000  
19.703811 0.003477  0.090076  -0.006809  0.976940  0.211619  0.028369  -0.212846  0.975746  0.051143  -0.016858  -0.056002  0.998288  0.002317  -0.002127  -0.003456  0.000000  0.000000  0.000000  2.000000  
19.705063 0.003478  0.090074  -0.006812  0.976940  0.211619  0.028369  -0.212846  0.975746  0.051143  -0.016858  -0.056002  0.998288  0.002230  -0.002013  -0.003361  0.000000  0.000000  0.000000  2.000000  
19.706323 0.003480  0.090072  -0.006816  0.976938  0.211609  0.028525  -0.212845  0.975742  0.051233  -0.016992  -0.056123  0.998279  0.002076  -0.001887  -0.003365  0.000000  0.000000  0.000000  2.000000  
19.707562 0.003480  0.090070  -0.006819  0.976938  0.211609  0.028525  -0.212845  0.975742  0.051233  -0.016992  -0.056123  0.998279  0.001869  -0.001824  -0.003275  0.000000  0.000000  0.000000  2.000000  
19.708566 0.003480  0.090069  -0.006821  0.976938  0.211609  0.028525  -0.212845  0.975742  0.051233  -0.016992  -0.056123  0.998279  0.001675  -0.001765  -0.003215  0.000000  0.000000  0.000000  2.000000  
19.709567 0.003481  0.090069  -0.006823  0.976938  0.211609  0.028525  -0.212845  0.975742  0.051233  -0.016992  -0.056123  0.998279  0.001509  -0.001699  -0.003117  0.000000  0.000000  0.000000  2.000000  
19.710813 0.003480  0.090068  -0.006825  0.976938  0.211609  0.028525  -0.212845  0.975742  0.051233  -0.016992  -0.056123  0.998279  0.001264  -0.001604  -0.002937  0.000000  0.000000  0.000000  2.000000  
19.712063 0.003480  0.090067  -0.006826  0.976938  0.211609  0.028525  -0.212845  0.975742  0.051233  -0.016992  -0.056123  0.998279  0.001011  -0.001469  -0.002684  0.000000  0.000000  0.000000  2.000000  
19.713315 0.003479  0.090066  -0.006829  0.976982  0.211408  0.028514  -0.212644  0.975785  0.051239  -0.016992  -0.056123  0.998279  0.000766  -0.001373  -0.002529  0.000000  0.000000  0.000000  2.000000  
19.714317 0.003479  0.090065  -0.006831  0.976982  0.211408  0.028514  -0.212644  0.975785  0.051239  -0.016992  -0.056123  0.998279  0.000618  -0.001316  -0.002420  0.000000  0.000000  0.000000  2.000000  
19.715326 0.003478  0.090063  -0.006833  0.977026  0.211207  0.028504  -0.212443  0.975829  0.051245  -0.016992  -0.056123  0.998279  0.000359  -0.001291  -0.002314  0.000000  0.000000  0.000000  2.000000  
19.716560 0.003476  0.090061  -0.006837  0.977026  0.211203  0.028529  -0.212443  0.975823  0.051363  -0.016992  -0.056244  0.998272  0.000162  -0.001268  -0.002295  0.000000  0.000000  0.000000  2.000000  
19.717561 0.003475  0.090059  -0.006840  0.977026  0.211203  0.028529  -0.212443  0.975823  0.051363  -0.016992  -0.056244  0.998272  -0.000101  -0.001301  -0.002266  0.000000  0.000000  0.000000  2.000000  
19.718563 0.003473  0.090057  -0.006842  0.977069  0.210999  0.028544  -0.212242  0.975860  0.051487  -0.016992  -0.056365  0.998266  -0.000258  -0.001296  -0.002253  0.000000  0.000000  0.000000  2.000000  
19.719566 0.003472  0.090054  -0.006845  0.977069  0.210999  0.028544  -0.212242  0.975860  0.051487  -0.016992  -0.056365  0.998266  -0.000437  -0.001341  -0.002248  0.000000  0.000000  0.000000  2.000000  
19.720816 0.003470  0.090052  -0.006849  0.977115  0.210802  0.028429  -0.212041  0.975895  0.051640  -0.016858  -0.056486  0.998261  -0.000643  -0.001393  -0.002310  0.000000  0.000000  0.000000  2.000000  
19.721816 0.003468  0.090049  -0.006852  0.977159  0.210598  0.028444  -0.211840  0.975932  0.051764  -0.016858  -0.056607  0.998254  -0.000768  -0.001470  -0.002317  0.000000  0.000000  0.000000  2.000000  
19.723066 0.003465  0.090046  -0.006855  0.977205  0.210401  0.028328  -0.211639  0.975968  0.051917  -0.016724  -0.056729  0.998250  -0.000968  -0.001566  -0.002325  0.000000  0.000000  0.000000  2.000000  
19.724066 0.003464  0.090044  -0.006857  0.977248  0.210196  0.028343  -0.211438  0.976005  0.052041  -0.016724  -0.056850  0.998243  -0.001148  -0.001685  -0.002339  0.000000  0.000000  0.000000  2.000000  
19.725068 0.003462  0.090042  -0.006859  0.977248  0.210193  0.028368  -0.211438  0.975999  0.052159  -0.016724  -0.056971  0.998236  -0.001268  -0.001756  -0.002329  0.000000  0.000000  0.000000  2.000000  
19.726328 0.003460  0.090040  -0.006860  0.977337  0.209799  0.028216  -0.211036  0.976083  0.052199  -0.016590  -0.056971  0.998238  -0.001417  -0.001851  -0.002337  0.000000  0.000000  0.000000  2.000000  
19.727562 0.003457  0.090038  -0.006861  0.977381  0.209594  0.028231  -0.210835  0.976120  0.052323  -0.016590  -0.057092  0.998231  -0.001505  -0.001916  -0.002281  0.000000  0.000000  0.000000  2.000000  
19.728565 0.003455  0.090037  -0.006863  0.977381  0.209594  0.028231  -0.210835  0.976120  0.052323  -0.016590  -0.057092  0.998231  -0.001609  -0.001938  -0.002245  0.000000  0.000000  0.000000  2.000000  
19.729814 0.003453  0.090036  -0.006864  0.977426  0.209397  0.028115  -0.210634  0.976155  0.052476  -0.016456  -0.057213  0.998226  -0.001682  -0.001895  -0.002083  0.000000  0.000000  0.000000  2.000000  
19.730816 0.003452  0.090034  -0.006864  0.977470  0.209196  0.028104  -0.210433  0.976199  0.052482  -0.016456  -0.057213  0.998226  -0.001690  -0.001857  -0.001959  0.000000  0.000000  0.000000  2.000000  
19.732062 0.003449  0.090034  -0.006864  0.977556  0.208794  0.028083  -0.210031  0.976285  0.052493  -0.016456  -0.057213  0.998226  -0.001750  -0.001737  -0.001787  0.000000  0.000000  0.000000  2.000000  
19.733064 0.003448  0.090033  -0.006865  0.977602  0.208597  0.027967  -0.209830  0.976320  0.052645  -0.016323  -0.057334  0.998222  -0.001759  -0.001645  -0.001595  0.000000  0.000000  0.000000  2.000000  
19.734312 0.003446  0.090032  -0.006865  0.977645  0.208396  0.027956  -0.209629  0.976362  0.052651  -0.016323  -0.057334  0.998222  -0.001723  -0.001494  -0.001316  0.000000  0.000000  0.000000  2.000000  
19.735334 0.003445  0.090032  -0.006865  0.977645  0.208393  0.027981  -0.209629  0.976356  0.052769  -0.016323  -0.057455  0.998215  -0.001698  -0.001369  -0.001094  0.000000  0.000000  0.000000  2.000000  
19.736566 0.003444  0.090031  -0.006865  0.977688  0.208192  0.027970  -0.209427  0.976399  0.052775  -0.016323  -0.057455  0.998215  -0.001667  -0.001252  -0.000908  0.000000  0.000000  0.000000  2.000000  
19.737816 0.003442  0.090030  -0.006866  0.977731  0.207988  0.027985  -0.209226  0.976435  0.052899  -0.016323  -0.057577  0.998208  -0.001552  -0.001065  -0.000759  0.000000  0.000000  0.000000  2.000000  
19.739066 0.003442  0.090030  -0.006866  0.977776  0.207791  0.027868  -0.209025  0.976470  0.053052  -0.016189  -0.057698  0.998203  -0.001468  -0.000938  -0.000630  0.000000  0.000000  0.000000  2.000000  
19.740321 0.003441  0.090029  -0.006867  0.977819  0.207586  0.027883  -0.208824  0.976506  0.053176  -0.016189  -0.057819  0.998196  -0.001397  -0.000834  -0.000548  0.000000  0.000000  0.000000  2.000000  
19.741325 0.003440  0.090029  -0.006868  0.977819  0.207586  0.027883  -0.208824  0.976506  0.053176  -0.016189  -0.057819  0.998196  -0.001292  -0.000760  -0.000523  0.000000  0.000000  0.000000  2.000000  
19.742564 0.003440  0.090028  -0.006869  0.977862  0.207382  0.027897  -0.208623  0.976543  0.053300  -0.016189  -0.057940  0.998189  -0.001139  -0.000624  -0.000511  0.000000  0.000000  0.000000  2.000000  
19.743576 0.003440  0.090028  -0.006869  0.977862  0.207382  0.027897  -0.208623  0.976543  0.053300  -0.016189  -0.057940  0.998189  -0.001024  -0.000573  -0.000476  0.000000  0.000000  0.000000  2.000000  
19.744815 0.003441  0.090029  -0.006869  0.977862  0.207379  0.027922  -0.208623  0.976536  0.053418  -0.016189  -0.058061  0.998182  -0.000793  -0.000393  -0.000371  0.000000  0.000000  0.000000  2.000000  
19.746063 0.003442  0.090031  -0.006869  0.977862  0.207379  0.027922  -0.208623  0.976536  0.053418  -0.016189  -0.058061  0.998182  -0.000580  -0.000243  -0.000321  0.000000  0.000000  0.000000  2.000000  
19.747063 0.003443  0.090032  -0.006868  0.977905  0.207177  0.027911  -0.208421  0.976579  0.053424  -0.016189  -0.058061  0.998182  -0.000380  -0.000090  -0.000236  0.000000  0.000000  0.000000  2.000000  
19.748064 0.003445  0.090033  -0.006867  0.977905  0.207177  0.027911  -0.208421  0.976579  0.053424  -0.016189  -0.058061  0.998182  -0.000199  0.000013  -0.000158  0.000000  0.000000  0.000000  2.000000  
19.749315 0.003446  0.090035  -0.006867  0.977905  0.207174  0.027936  -0.208421  0.976572  0.053543  -0.016189  -0.058182  0.998175  -0.000005  0.000212  -0.000131  0.000000  0.000000  0.000000  2.000000  
19.750364 0.003447  0.090037  -0.006866  0.977905  0.207174  0.027936  -0.208421  0.976572  0.053543  -0.016189  -0.058182  0.998175  0.000164  0.000338  -0.000066  0.000000  0.000000  0.000000  2.000000  
19.751562 0.003448  0.090038  -0.006865  0.977862  0.207375  0.027947  -0.208623  0.976530  0.053537  -0.016189  -0.058182  0.998175  0.000312  0.000507  -0.000022  0.000000  0.000000  0.000000  2.000000  
19.752809 0.003449  0.090040  -0.006865  0.977862  0.207375  0.027947  -0.208623  0.976530  0.053537  -0.016189  -0.058182  0.998175  0.000466  0.000636  0.000076  0.000000  0.000000  0.000000  2.000000  
19.753811 0.003450  0.090041  -0.006865  0.977862  0.207375  0.027947  -0.208623  0.976530  0.053537  -0.016189  -0.058182  0.998175  0.000586  0.000783  0.000100  0.000000  0.000000  0.000000  2.000000  
19.754811 0.003451  0.090042  -0.006865  0.977862  0.207375  0.027947  -0.208623  0.976530  0.053537  -0.016189  -0.058182  0.998175  0.000691  0.000857  0.000125  0.000000  0.000000  0.000000  2.000000  
19.756062 0.003453  0.090044  -0.006865  0.977819  0.207573  0.027983  -0.208824  0.976481  0.053650  -0.016189  -0.058303  0.998168  0.000837  0.001010  0.000213  0.000000  0.000000  0.000000  2.000000  
19.757069 0.003454  0.090045  -0.006866  0.977819  0.207573  0.027983  -0.208824  0.976481  0.053650  -0.016189  -0.058303  0.998168  0.000918  0.001100  0.000211  0.000000  0.000000  0.000000  2.000000  
19.758316 0.003455  0.090046  -0.006866  0.977819  0.207573  0.027983  -0.208824  0.976481  0.053650  -0.016189  -0.058303  0.998168  0.000970  0.001153  0.000203  0.000000  0.000000  0.000000  2.000000  
19.759322 0.003456  0.090046  -0.006868  0.977776  0.207770  0.028020  -0.209025  0.976431  0.053762  -0.016189  -0.058424  0.998161  0.001012  0.001164  0.000137  0.000000  0.000000  0.000000  2.000000  
19.760564 0.003457  0.090047  -0.006869  0.977776  0.207770  0.028020  -0.209025  0.976431  0.053762  -0.016189  -0.058424  0.998161  0.001027  0.001158  0.000023  0.000000  0.000000  0.000000  2.000000  
19.761568 0.003458  0.090047  -0.006870  0.977733  0.207971  0.028031  -0.209227  0.976388  0.053756  -0.016189  -0.058424  0.998161  0.000997  0.001063  -0.000130  0.000000  0.000000  0.000000  2.000000  
19.762813 0.003459  0.090047  -0.006872  0.977733  0.207971  0.028031  -0.209227  0.976388  0.053756  -0.016189  -0.058424  0.998161  0.000966  0.000959  -0.000259  0.000000  0.000000  0.000000  2.000000  
19.764063 0.003459  0.090047  -0.006874  0.977733  0.207971  0.028031  -0.209227  0.976388  0.053756  -0.016189  -0.058424  0.998161  0.000925  0.000807  -0.000461  0.000000  0.000000  0.000000  2.000000  
19.765327 0.003460  0.090047  -0.006876  0.977690  0.208172  0.028042  -0.209428  0.976346  0.053751  -0.016189  -0.058424  0.998161  0.000879  0.000679  -0.000639  0.000000  0.000000  0.000000  2.000000  
19.766561 0.003461  0.090047  -0.006877  0.977690  0.208172  0.028042  -0.209428  0.976346  0.053751  -0.016189  -0.058424  0.998161  0.000839  0.000541  -0.000778  0.000000  0.000000  0.000000  2.000000  
19.767808 0.003461  0.090046  -0.006879  0.977647  0.208373  0.028053  -0.209629  0.976303  0.053745  -0.016189  -0.058424  0.998161  0.000801  0.000405  -0.000919  0.000000  0.000000  0.000000  2.000000  
19.768809 0.003462  0.090045  -0.006880  0.977647  0.208373  0.028053  -0.209629  0.976303  0.053745  -0.016189  -0.058424  0.998161  0.000744  0.000252  -0.000982  0.000000  0.000000  0.000000  2.000000  
19.769813 0.003462  0.090045  -0.006880  0.977604  0.208574  0.028064  -0.209830  0.976260  0.053739  -0.016189  -0.058424  0.998161  0.000679  0.000130  -0.001037  0.000000  0.000000  0.000000  2.000000  
19.771060 0.003462  0.090044  -0.006881  0.977604  0.208574  0.028064  -0.209830  0.976260  0.053739  -0.016189  -0.058424  0.998161  0.000604  -0.000001  -0.001093  0.000000  0.000000  0.000000  2.000000  
19.772314 0.003462  0.090043  -0.006883  0.977561  0.208775  0.028075  -0.210032  0.976217  0.053733  -0.016189  -0.058424  0.998161  0.000557  -0.000156  -0.001175  0.000000  0.000000  0.000000  2.000000  
19.773564 0.003462  0.090042  -0.006885  0.977561  0.208775  0.028075  -0.210032  0.976217  0.053733  -0.016189  -0.058424  0.998161  0.000471  -0.000279  -0.001194  0.000000  0.000000  0.000000  2.000000  
19.774571 0.003462  0.090041  -0.006886  0.977561  0.208775  0.028075  -0.210032  0.976217  0.053733  -0.016189  -0.058424  0.998161  0.000388  -0.000407  -0.001218  0.000000  0.000000  0.000000  2.000000  
19.775813 0.003462  0.090040  -0.006888  0.977517  0.208976  0.028086  -0.210233  0.976174  0.053728  -0.016189  -0.058424  0.998161  0.000315  -0.000514  -0.001303  0.000000  0.000000  0.000000  2.000000  
19.776815 0.003462  0.090039  -0.006890  0.977517  0.208976  0.028086  -0.210233  0.976174  0.053728  -0.016189  -0.058424  0.998161  0.000260  -0.000590  -0.001332  0.000000  0.000000  0.000000  2.000000  
19.778064 0.003462  0.090037  -0.006892  0.977474  0.209177  0.028097  -0.210434  0.976131  0.053722  -0.016189  -0.058424  0.998161  0.000223  -0.000683  -0.001363  0.000000  0.000000  0.000000  2.000000  
19.779316 0.003463  0.090036  -0.006895  0.977474  0.209177  0.028097  -0.210434  0.976131  0.053722  -0.016189  -0.058424  0.998161  0.000208  -0.000757  -0.001363  0.000000  0.000000  0.000000  2.000000  
19.780563 0.003463  0.090034  -0.006897  0.977474  0.209177  0.028097  -0.210434  0.976131  0.053722  -0.016189  -0.058424  0.998161  0.000164  -0.000870  -0.001405  0.000000  0.000000  0.000000  2.000000  
19.781564 0.003463  0.090033  -0.006898  0.977431  0.209382  0.028083  -0.210635  0.976094  0.053598  -0.016189  -0.058303  0.998168  0.000149  -0.000945  -0.001404  0.000000  0.000000  0.000000  2.000000  
19.782565 0.003464  0.090031  -0.006900  0.977431  0.209382  0.028083  -0.210635  0.976094  0.053598  -0.016189  -0.058303  0.998168  0.000138  -0.000999  -0.001448  0.000000  0.000000  0.000000  2.000000  
19.783816 0.003464  0.090030  -0.006902  0.977431  0.209382  0.028083  -0.210635  0.976094  0.053598  -0.016189  -0.058303  0.998168  0.000185  -0.001034  -0.001541  0.000000  0.000000  0.000000  2.000000  
19.785059 0.003465  0.090028  -0.006904  0.977387  0.209583  0.028094  -0.210837  0.976051  0.053592  -0.016189  -0.058303  0.998168  0.000193  -0.001098  -0.001584  0.000000  0.000000  0.000000  2.000000  
19.786063 0.003466  0.090028  -0.006906  0.977387  0.209583  0.028094  -0.210837  0.976051  0.053592  -0.016189  -0.058303  0.998168  0.000240  -0.001094  -0.001625  0.000000  0.000000  0.000000  2.000000  
19.787314 0.003467  0.090027  -0.006907  0.977387  0.209586  0.028068  -0.210837  0.976058  0.053473  -0.016189  -0.058182  0.998175  0.000300  -0.001082  -0.001637  0.000000  0.000000  0.000000  2.000000  
19.788560 0.003467  0.090026  -0.006909  0.977387  0.209586  0.028068  -0.210837  0.976058  0.053473  -0.016189  -0.058182  0.998175  0.000362  -0.001030  -0.001598  0.000000  0.000000  0.000000  2.000000  
19.789808 0.003469  0.090026  -0.006910  0.977344  0.209787  0.028079  -0.211038  0.976014  0.053468  -0.016189  -0.058182  0.998175  0.000436  -0.000983  -0.001595  0.000000  0.000000  0.000000  2.000000  
19.790811 0.003469  0.090026  -0.006911  0.977344  0.209787  0.028079  -0.211038  0.976014  0.053468  -0.016189  -0.058182  0.998175  0.000507  -0.000877  -0.001510  0.000000  0.000000  0.000000  2.000000  
19.791818 0.003470  0.090026  -0.006912  0.977344  0.209787  0.028079  -0.211038  0.976014  0.053468  -0.016189  -0.058182  0.998175  0.000537  -0.000783  -0.001447  0.000000  0.000000  0.000000  2.000000  
19.793064 0.003471  0.090026  -0.006913  0.977344  0.209790  0.028054  -0.211038  0.976021  0.053349  -0.016189  -0.058061  0.998182  0.000581  -0.000695  -0.001394  0.000000  0.000000  0.000000  2.000000  
19.794330 0.003472  0.090027  -0.006914  0.977342  0.209783  0.028184  -0.211037  0.976023  0.053321  -0.016323  -0.058061  0.998180  0.000674  -0.000545  -0.001288  0.000000  0.000000  0.000000  2.000000  
19.795566 0.003474  0.090028  -0.006916  0.977342  0.209783  0.028184  -0.211037  0.976023  0.053321  -0.016323  -0.058061  0.998180  0.000705  -0.000397  -0.001290  0.000000  0.000000  0.000000  2.000000  
19.796813 0.003475  0.090028  -0.006918  0.977342  0.209783  0.028184  -0.211037  0.976023  0.053321  -0.016323  -0.058061  0.998180  0.000773  -0.000322  -0.001308  0.000000  0.000000  0.000000  2.000000  
19.798063 0.003476  0.090028  -0.006920  0.977342  0.209783  0.028184  -0.211037  0.976023  0.053321  -0.016323  -0.058061  0.998180  0.000804  -0.000175  -0.001309  0.000000  0.000000  0.000000  2.000000  
19.799317 0.003477  0.090028  -0.006923  0.977342  0.209783  0.028184  -0.211037  0.976023  0.053321  -0.016323  -0.058061  0.998180  0.000864  -0.000080  -0.001326  0.000000  0.000000  0.000000  2.000000  
19.800560 0.003479  0.090029  -0.006925  0.977342  0.209783  0.028184  -0.211037  0.976023  0.053321  -0.016323  -0.058061  0.998180  0.000914  0.000039  -0.001350  0.000000  0.000000  0.000000  2.000000  
19.801562 0.003480  0.090029  -0.006927  0.977342  0.209783  0.028184  -0.211037  0.976023  0.053321  -0.016323  -0.058061  0.998180  0.000914  0.000088  -0.001393  0.000000  0.000000  0.000000  2.000000  
19.802808 0.003481  0.090029  -0.006929  0.977342  0.209783  0.028184  -0.211037  0.976023  0.053321  -0.016323  -0.058061  0.998180  0.000947  0.000129  -0.001428  0.000000  0.000000  0.000000  2.000000  
19.803808 0.003482  0.090029  -0.006931  0.977342  0.209783  0.028184  -0.211037  0.976023  0.053321  -0.016323  -0.058061  0.998180  0.000953  0.000149  -0.001473  0.000000  0.000000  0.000000  2.000000  
19.805062 0.003484  0.090029  -0.006934  0.977342  0.209783  0.028184  -0.211037  0.976023  0.053321  -0.016323  -0.058061  0.998180  0.000998  0.000222  -0.001533  0.000000  0.000000  0.000000  2.000000  
19.806316 0.003485  0.090029  -0.006935  0.977342  0.209783  0.028184  -0.211037  0.976023  0.053321  -0.016323  -0.058061  0.998180  0.001010  0.000219  -0.001567  0.000000  0.000000  0.000000  2.000000  
19.807558 0.003485  0.090030  -0.006937  0.977344  0.209790  0.028054  -0.211038  0.976021  0.053349  -0.016189  -0.058061  0.998182  0.000981  0.000206  -0.001640  0.000000  0.000000  0.000000  2.000000  
19.808567 0.003486  0.090030  -0.006940  0.977344  0.209790  0.028054  -0.211038  0.976021  0.053349  -0.016189  -0.058061  0.998182  0.000968  0.000196  -0.001737  0.000000  0.000000  0.000000  2.000000  
19.809814 0.003487  0.090030  -0.006942  0.977344  0.209790  0.028054  -0.211038  0.976021  0.053349  -0.016189  -0.058061  0.998182  0.000938  0.000170  -0.001757  0.000000  0.000000  0.000000  2.000000  
19.811063 0.003488  0.090030  -0.006944  0.977344  0.209790  0.028054  -0.211038  0.976021  0.053349  -0.016189  -0.058061  0.998182  0.000938  0.000170  -0.001756  0.000000  0.000000  0.000000  2.000000  
19.812064 0.003488  0.090030  -0.006945  0.977344  0.209790  0.028054  -0.211038  0.976021  0.053349  -0.016189  -0.058061  0.998182  0.000902  0.000175  -0.001782  0.000000  0.000000  0.000000  2.000000  
19.813315 0.003489  0.090030  -0.006947  0.977344  0.209790  0.028054  -0.211038  0.976021  0.053349  -0.016189  -0.058061  0.998182  0.000856  0.000146  -0.001772  0.000000  0.000000  0.000000  2.000000  
19.814324 0.003490  0.090031  -0.006949  0.977387  0.209589  0.028043  -0.210837  0.976064  0.053355  -0.016189  -0.058061  0.998182  0.000805  0.000154  -0.001762  0.000000  0.000000  0.000000  2.000000  
19.815329 0.003491  0.090031  -0.006950  0.977387  0.209589  0.028043  -0.210837  0.976064  0.053355  -0.016189  -0.058061  0.998182  0.000799  0.000133  -0.001716  0.000000  0.000000  0.000000  2.000000  
19.816560 0.003491  0.090031  -0.006953  0.977387  0.209589  0.028043  -0.210837  0.976064  0.053355  -0.016189  -0.058061  0.998182  0.000779  0.000155  -0.001700  0.000000  0.000000  0.000000  2.000000  
19.817813 0.003492  0.090030  -0.006955  0.977387  0.209586  0.028068  -0.210837  0.976058  0.053473  -0.016189  -0.058182  0.998175  0.000672  0.000087  -0.001718  0.000000  0.000000  0.000000  2.000000  
19.819063 0.003492  0.090030  -0.006957  0.977387  0.209586  0.028068  -0.210837  0.976058  0.053473  -0.016189  -0.058182  0.998175  0.000636  0.000040  -0.001694  0.000000  0.000000  0.000000  2.000000  
19.820063 0.003493  0.090029  -0.006959  0.977385  0.209578  0.028199  -0.210836  0.976059  0.053445  -0.016323  -0.058182  0.998173  0.000600  -0.000007  -0.001670  0.000000  0.000000  0.000000  2.000000  
19.821309 0.003493  0.090028  -0.006961  0.977385  0.209578  0.028199  -0.210836  0.976059  0.053445  -0.016323  -0.058182  0.998173  0.000556  -0.000110  -0.001695  0.000000  0.000000  0.000000  2.000000  
19.822315 0.003494  0.090027  -0.006963  0.977385  0.209578  0.028199  -0.210836  0.976059  0.053445  -0.016323  -0.058182  0.998173  0.000581  -0.000160  -0.001702  0.000000  0.000000  0.000000  2.000000  
19.823564 0.003494  0.090026  -0.006965  0.977385  0.209578  0.028199  -0.210836  0.976059  0.053445  -0.016323  -0.058182  0.998173  0.000556  -0.000230  -0.001674  0.000000  0.000000  0.000000  2.000000  
19.824584 0.003495  0.090025  -0.006966  0.977385  0.209575  0.028224  -0.210836  0.976053  0.053564  -0.016323  -0.058303  0.998165  0.000528  -0.000281  -0.001675  0.000000  0.000000  0.000000  2.000000  
19.825813 0.003495  0.090025  -0.006968  0.977385  0.209575  0.028224  -0.210836  0.976053  0.053564  -0.016323  -0.058303  0.998165  0.000500  -0.000352  -0.001642  0.000000  0.000000  0.000000  2.000000  
19.827063 0.003496  0.090025  -0.006970  0.977385  0.209575  0.028224  -0.210836  0.976053  0.053564  -0.016323  -0.058303  0.998165  0.000512  -0.000373  -0.001638  0.000000  0.000000  0.000000  2.000000  
19.828064 0.003497  0.090024  -0.006971  0.977385  0.209575  0.028224  -0.210836  0.976053  0.053564  -0.016323  -0.058303  0.998165  0.000511  -0.000421  -0.001577  0.000000  0.000000  0.000000  2.000000  
19.829315 0.003497  0.090024  -0.006972  0.977385  0.209575  0.028224  -0.210836  0.976053  0.053564  -0.016323  -0.058303  0.998165  0.000518  -0.000461  -0.001531  0.000000  0.000000  0.000000  2.000000  
