1-Time 2-Px 3-Py 4-Pz 5-R11 6-R21 7-R31 8-R12 9-R22 10-R32 11-R13 12-R23 13-R33 14-Vx 15-Vy 16-Vz 17-Wx 18-Wy 19-Wz 20-state 21-PR11 22-PR21 23-PR31 24-PR12 25-PR22 26-PR32 27-PR13 28-PR23 29-PR33 
128.278682 -0.000137  0.088546  -0.017370  0.999587  0.009666  0.027072  -0.027788  0.083844  0.996091  0.007359  -0.996432  0.084078  0.001579  0.001149  0.000375  0.049579  -0.139905  0.233091  2.000000  
128.279688 -0.000136  0.088547  -0.017369  0.999585  0.009933  0.027050  -0.027788  0.083837  0.996092  0.007626  -0.996430  0.084078  0.001578  0.001148  0.000375  0.049575  -0.132966  0.232428  2.000000  
128.280689 -0.000135  0.088546  -0.017370  0.999578  0.010084  0.027243  -0.027994  0.083831  0.996087  0.007760  -0.996429  0.084078  0.001501  0.001030  0.000338  0.045529  -0.133361  0.227940  2.000000  
128.281941 -0.000135  0.088544  -0.017370  0.999564  0.010385  0.027631  -0.028405  0.083820  0.996076  0.008028  -0.996427  0.084078  0.001384  0.000793  0.000291  0.045601  -0.140248  0.228516  2.000000  
128.283187 -0.000135  0.088543  -0.017369  0.999557  0.010539  0.027824  -0.028611  0.083934  0.996060  0.008162  -0.996416  0.084199  0.001277  0.000585  0.000335  0.037464  -0.133799  0.223555  2.000000  
128.284189 -0.000134  0.088541  -0.017368  0.999549  0.010822  0.028006  -0.028817  0.083925  0.996055  0.008429  -0.996413  0.084199  0.001184  0.000395  0.000296  0.037486  -0.133729  0.223439  2.000000  
128.285190 -0.000134  0.088540  -0.017367  0.999542  0.010973  0.028200  -0.029023  0.083918  0.996050  0.008563  -0.996412  0.084199  0.001107  0.000212  0.000358  0.037522  -0.134130  0.218991  2.000000  
128.286444 -0.000134  0.088538  -0.017365  0.999528  0.011277  0.028586  -0.029434  0.084027  0.996029  0.008831  -0.996400  0.084319  0.000996  -0.000017  0.000447  0.029443  -0.140990  0.219526  2.000000  
128.287687 -0.000132  0.088536  -0.017364  0.999512  0.011712  0.028962  -0.029846  0.084010  0.996018  0.009232  -0.996396  0.084319  0.000939  -0.000227  0.000480  0.029546  -0.147540  0.224652  2.000000  
128.288691 -0.000132  0.088535  -0.017364  0.999503  0.011999  0.029143  -0.030051  0.084121  0.996002  0.009500  -0.996383  0.084440  0.000866  -0.000390  0.000497  0.021433  -0.147512  0.224609  2.000000  
128.289938 -0.000132  0.088532  -0.017364  0.999496  0.012153  0.029336  -0.030257  0.084235  0.995986  0.009633  -0.996372  0.084560  0.000715  -0.000671  0.000476  0.017391  -0.147880  0.220139  2.000000  
128.291190 -0.000132  0.088530  -0.017364  0.999481  0.012458  0.029722  -0.030668  0.084343  0.995965  0.009901  -0.996359  0.084681  0.000575  -0.000955  0.000419  0.009332  -0.154788  0.220748  2.000000  
128.292438 -0.000133  0.088526  -0.017365  0.999465  0.012763  0.030108  -0.031080  0.084450  0.995943  0.010169  -0.996346  0.084802  0.000422  -0.001289  0.000315  0.005352  -0.161667  0.221345  2.000000  
128.293449 -0.000133  0.088523  -0.017365  0.999451  0.012938  0.030503  -0.031491  0.084682  0.995910  0.010302  -0.996324  0.085043  0.000302  -0.001547  0.000313  -0.006787  -0.168858  0.217372  2.000000  
128.294685 -0.000134  0.088518  -0.017366  0.999443  0.013093  0.030695  -0.031697  0.084796  0.995894  0.010436  -0.996312  0.085164  0.000091  -0.001942  0.000223  -0.010830  -0.169310  0.213009  2.000000  
128.295938 -0.000136  0.088513  -0.017366  0.999428  0.013272  0.031089  -0.032109  0.085149  0.995851  0.010570  -0.996280  0.085526  -0.000069  -0.002254  0.000244  -0.027040  -0.176531  0.209103  2.000000  
128.297185 -0.000137  0.088507  -0.017365  0.999414  0.013448  0.031484  -0.032520  0.085381  0.995818  0.010704  -0.996258  0.085768  -0.000159  -0.002468  0.000299  -0.034768  -0.189172  0.204205  2.000000  
128.298188 -0.000138  0.088503  -0.017364  0.999406  0.013607  0.031675  -0.032726  0.085615  0.995791  0.010837  -0.996235  0.086009  -0.000216  -0.002700  0.000292  -0.043161  -0.191068  0.201406  2.000000  
128.299190 -0.000139  0.088498  -0.017364  0.999391  0.013783  0.032070  -0.033137  0.085847  0.995757  0.010971  -0.996213  0.086251  -0.000312  -0.002909  0.000299  -0.055304  -0.197940  0.202000  2.000000  
128.300445 -0.000139  0.088493  -0.017363  0.999381  0.014079  0.032247  -0.033343  0.086197  0.995720  0.011239  -0.996179  0.086613  -0.000337  -0.003125  0.000221  -0.067398  -0.204738  0.202571  2.000000  
128.301687 -0.000138  0.088488  -0.017363  0.999365  0.014259  0.032640  -0.033754  0.086549  0.995676  0.011373  -0.996146  0.086976  -0.000323  -0.003342  0.000169  -0.083619  -0.212052  0.198769  2.000000  
128.302688 -0.000137  0.088484  -0.017363  0.999357  0.014418  0.032830  -0.033960  0.086783  0.995648  0.011506  -0.996123  0.087217  -0.000324  -0.003511  0.000101  -0.091717  -0.212394  0.194297  2.000000  
128.303689 -0.000136  0.088481  -0.017363  0.999341  0.014595  0.033224  -0.034371  0.087014  0.995614  0.011640  -0.996100  0.087459  -0.000252  -0.003596  0.000075  -0.103785  -0.226157  0.195489  2.000000  
128.304942 -0.000134  0.088476  -0.017363  0.999326  0.014781  0.033616  -0.034783  0.087487  0.995558  0.011774  -0.996056  0.087942  -0.000156  -0.003776  0.000070  -0.119966  -0.233369  0.191645  2.000000  
128.306190 -0.000132  0.088472  -0.017364  0.999317  0.014944  0.033803  -0.034988  0.087841  0.995520  0.011908  -0.996022  0.088304  0.000004  -0.003838  0.000015  -0.136216  -0.233728  0.187191  2.000000  
128.307435 -0.000131  0.088467  -0.017364  0.999299  0.015259  0.034184  -0.035400  0.088188  0.995475  0.012175  -0.995987  0.088666  0.000081  -0.003953  0.000081  -0.148263  -0.247511  0.188456  2.000000  
128.308438 -0.000131  0.088462  -0.017364  0.999290  0.015423  0.034371  -0.035605  0.088542  0.995436  0.012309  -0.995953  0.089029  0.000141  -0.004075  0.000049  -0.164541  -0.247503  0.188498  2.000000  
128.309684 -0.000130  0.088456  -0.017365  0.999274  0.015609  0.034762  -0.036017  0.089014  0.995379  0.012443  -0.995908  0.089512  0.000293  -0.004121  0.000069  -0.179210  -0.259539  0.183798  2.000000  
128.310685 -0.000129  0.088452  -0.017365  0.999265  0.015778  0.034947  -0.036223  0.089489  0.995329  0.012577  -0.995863  0.089995  0.000494  -0.004103  0.000057  -0.195354  -0.259501  0.183866  2.000000  
128.311688 -0.000128  0.088448  -0.017366  0.999248  0.015961  0.035339  -0.036634  0.089840  0.995282  0.012711  -0.995828  0.090357  0.000608  -0.004087  -0.000047  -0.207403  -0.259823  0.179446  2.000000  
128.312933 -0.000127  0.088443  -0.017367  0.999237  0.016267  0.035510  -0.036839  0.090430  0.995221  0.012978  -0.995770  0.090960  0.000736  -0.004053  -0.000169  -0.227601  -0.259420  0.183998  2.000000  
128.313936 -0.000126  0.088440  -0.017368  0.999228  0.016432  0.035697  -0.037045  0.090784  0.995181  0.013112  -0.995735  0.091323  0.000863  -0.003970  -0.000270  -0.235648  -0.259370  0.184057  2.000000  
128.315190 -0.000124  0.088436  -0.017369  0.999210  0.016624  0.036084  -0.037456  0.091376  0.995112  0.013246  -0.995678  0.091926  0.000995  -0.003884  -0.000439  -0.255702  -0.266506  0.180272  2.000000  
128.316191 -0.000122  0.088433  -0.017371  0.999201  0.016794  0.036269  -0.037662  0.091850  0.995060  0.013379  -0.995631  0.092409  0.001093  -0.003822  -0.000560  -0.270120  -0.262212  0.176789  2.000000  
128.317192 -0.000121  0.088430  -0.017373  0.999190  0.017097  0.036441  -0.037868  0.092319  0.995009  0.013647  -0.995583  0.092892  0.001100  -0.003744  -0.000668  -0.286314  -0.262129  0.176826  2.000000  
128.318445 -0.000119  0.088428  -0.017374  0.999172  0.017286  0.036829  -0.038279  0.092790  0.994950  0.013781  -0.995536  0.093375  0.001124  -0.003613  -0.000800  -0.298450  -0.262857  0.167936  2.000000  
128.319688 -0.000117  0.088425  -0.017375  0.999160  0.017593  0.036999  -0.038485  0.093380  0.994887  0.014048  -0.995475  0.093978  0.001140  -0.003460  -0.000799  -0.314743  -0.262428  0.172533  2.000000  
128.320938 -0.000116  0.088423  -0.017376  0.999149  0.017901  0.037167  -0.038690  0.093969  0.994823  0.014316  -0.995414  0.094582  0.001082  -0.003318  -0.000811  -0.331081  -0.255488  0.172018  2.000000  
128.322191 -0.000116  0.088420  -0.017376  0.999129  0.018229  0.037541  -0.039101  0.094555  0.994751  0.014584  -0.995353  0.095185  0.001066  -0.003152  -0.000842  -0.347257  -0.255379  0.172081  2.000000  
128.323452 -0.000116  0.088417  -0.017377  0.999119  0.018409  0.037719  -0.039307  0.095270  0.994675  0.014717  -0.995281  0.095909  0.000992  -0.002961  -0.000870  -0.363438  -0.248285  0.171496  2.000000  
128.324683 -0.000116  0.088415  -0.017379  0.999107  0.018722  0.037885  -0.039513  0.095979  0.994599  0.014985  -0.995207  0.096633  0.000942  -0.002780  -0.000942  -0.380822  -0.245906  0.174729  2.000000  
128.325683 -0.000116  0.088413  -0.017380  0.999097  0.018898  0.038065  -0.039718  0.096573  0.994533  0.015119  -0.995146  0.097236  0.000839  -0.002617  -0.000988  -0.392260  -0.241014  0.175699  2.000000  
128.326683 -0.000116  0.088411  -0.017382  0.999086  0.019070  0.038248  -0.039924  0.097046  0.994479  0.015252  -0.995097  0.097719  0.000785  -0.002457  -0.001045  -0.404454  -0.240957  0.175770  2.000000  
128.327685 -0.000116  0.088410  -0.017383  0.999076  0.019246  0.038428  -0.040129  0.097640  0.994412  0.015386  -0.995036  0.098322  0.000724  -0.002273  -0.001110  -0.413131  -0.238846  0.174385  2.000000  
128.328688 -0.000116  0.088409  -0.017385  0.999064  0.019551  0.038597  -0.040335  0.098108  0.994358  0.015654  -0.994984  0.098805  0.000655  -0.002098  -0.001165  -0.421266  -0.231541  0.178282  2.000000  
128.329933 -0.000116  0.088408  -0.017387  0.999043  0.019886  0.038965  -0.040746  0.098813  0.994271  0.015921  -0.994907  0.099528  0.000572  -0.001878  -0.001175  -0.433710  -0.231222  0.183002  2.000000  
128.330935 -0.000116  0.088408  -0.017388  0.999041  0.020042  0.038940  -0.040746  0.099410  0.994212  0.016055  -0.994845  0.100132  0.000479  -0.001687  -0.001131  -0.445567  -0.224133  0.182318  2.000000  
128.331938 -0.000115  0.088408  -0.017389  0.999028  0.020352  0.039105  -0.040951  0.099998  0.994145  0.016323  -0.994779  0.100734  0.000384  -0.001498  -0.001113  -0.457595  -0.218653  0.187821  2.000000  
128.333187 -0.000115  0.088408  -0.017391  0.999009  0.020560  0.039484  -0.041363  0.100828  0.994044  0.016456  -0.994691  0.101579  0.000320  -0.001332  -0.001107  -0.473859  -0.225467  0.188640  2.000000  
128.334190 -0.000115  0.088408  -0.017392  0.998996  0.020871  0.039649  -0.041568  0.101416  0.993975  0.016724  -0.994625  0.102182  0.000218  -0.001210  -0.001127  -0.485924  -0.218402  0.187998  2.000000  
128.335440 -0.000114  0.088408  -0.017393  0.998985  0.021058  0.039822  -0.041774  0.102250  0.993881  0.016858  -0.994536  0.103026  0.000164  -0.001046  -0.001184  -0.498069  -0.216491  0.186582  2.000000  
128.336687 -0.000114  0.088408  -0.017394  0.998972  0.021379  0.039981  -0.041979  0.103078  0.993787  0.017125  -0.994443  0.103870  0.000112  -0.000912  -0.001170  -0.514237  -0.209093  0.190471  2.000000  
128.337688 -0.000115  0.088407  -0.017395  0.998961  0.021563  0.040156  -0.042185  0.103792  0.993704  0.017259  -0.994365  0.104593  0.000063  -0.000794  -0.001173  -0.526624  -0.210710  0.192179  2.000000  
128.338691 -0.000115  0.088407  -0.017395  0.998950  0.021742  0.040333  -0.042390  0.104384  0.993633  0.017393  -0.994299  0.105196  0.000037  -0.000641  -0.001187  -0.534776  -0.203703  0.191582  2.000000  
128.339937 -0.000115  0.088406  -0.017395  0.998936  0.022063  0.040491  -0.042596  0.105212  0.993537  0.017661  -0.994205  0.106040  0.000046  -0.000494  -0.001111  -0.547098  -0.196707  0.191057  2.000000  
128.340941 -0.000116  0.088407  -0.017396  0.998925  0.022242  0.040668  -0.042801  0.105804  0.993465  0.017794  -0.994138  0.106643  0.000045  -0.000345  -0.000997  -0.555185  -0.196600  0.191140  2.000000  
128.342188 -0.000115  0.088407  -0.017395  0.998912  0.022565  0.040825  -0.043007  0.106632  0.993368  0.018062  -0.994043  0.107486  0.000063  -0.000170  -0.000829  -0.562811  -0.194451  0.194172  2.000000  
128.343449 -0.000115  0.088408  -0.017394  0.998889  0.022914  0.041183  -0.043418  0.107575  0.993248  0.018329  -0.993933  0.108450  0.000047  -0.000039  -0.000633  -0.579405  -0.195372  0.200321  2.000000  
128.344683 -0.000114  0.088409  -0.017394  0.998877  0.023109  0.041350  -0.043623  0.108528  0.993136  0.018463  -0.993825  0.109414  0.000109  0.000060  -0.000506  -0.591011  -0.194149  0.194460  2.000000  
128.345686 -0.000114  0.088410  -0.017393  0.998866  0.023290  0.041526  -0.043829  0.109120  0.993062  0.018597  -0.993756  0.110017  0.000131  0.000138  -0.000370  -0.595125  -0.194075  0.194598  2.000000  
128.346933 -0.000113  0.088411  -0.017393  0.998852  0.023618  0.041678  -0.044034  0.110067  0.992948  0.018864  -0.993644  0.110980  0.000121  0.000192  -0.000251  -0.607277  -0.186624  0.198474  2.000000  
128.348188 -0.000113  0.088412  -0.017392  0.998831  0.023832  0.042052  -0.044445  0.110894  0.992838  0.018998  -0.993546  0.111824  0.000092  0.000255  -0.000061  -0.620541  -0.188522  0.195819  2.000000  
128.349193 -0.000113  0.088412  -0.017392  0.998819  0.024019  0.042224  -0.044651  0.111606  0.992749  0.019132  -0.993462  0.112547  0.000070  0.000260  0.000013  -0.628450  -0.188805  0.191397  2.000000  
128.350461 -0.000114  0.088412  -0.017391  0.998808  0.024210  0.042393  -0.044857  0.112438  0.992646  0.019266  -0.993364  0.113390  0.000018  0.000293  0.000153  -0.636109  -0.188998  0.186928  2.000000  
128.351687 -0.000114  0.088412  -0.017390  0.998784  0.024559  0.042750  -0.045268  0.113259  0.992534  0.019533  -0.993262  0.114233  0.000017  0.000325  0.000282  -0.643511  -0.193874  0.190864  2.000000  
128.352688 -0.000115  0.088412  -0.017389  0.998772  0.024741  0.042924  -0.045473  0.113849  0.992457  0.019667  -0.993190  0.114835  -0.000008  0.000304  0.000395  -0.643263  -0.194165  0.186486  2.000000  
128.353690 -0.000115  0.088412  -0.017388  0.998760  0.024928  0.043095  -0.045679  0.114560  0.992366  0.019801  -0.993103  0.115557  -0.000010  0.000335  0.000521  -0.652618  -0.195641  0.188155  2.000000  
128.354740 -0.000115  0.088412  -0.017387  0.998748  0.025116  0.043266  -0.045884  0.115271  0.992274  0.019935  -0.993016  0.116280  0.000002  0.000389  0.000575  -0.655514  -0.195172  0.187955  2.000000  
128.355937 -0.000116  0.088412  -0.017386  0.998726  0.025333  0.043637  -0.046295  0.116097  0.992158  0.020068  -0.992915  0.117122  -0.000011  0.000366  0.000648  -0.660742  -0.195861  0.183980  2.000000  
128.356937 -0.000116  0.088411  -0.017385  0.998714  0.025522  0.043807  -0.046501  0.116808  0.992065  0.020202  -0.992827  0.117845  -0.000058  0.000277  0.000640  -0.668811  -0.195732  0.184083  2.000000  
128.358183 -0.000116  0.088411  -0.017385  0.998692  0.025735  0.044181  -0.046912  0.117513  0.991963  0.020336  -0.992738  0.118567  -0.000082  0.000230  0.000631  -0.667272  -0.200842  0.183463  2.000000  
128.359187 -0.000116  0.088411  -0.017384  0.998677  0.026057  0.044335  -0.047117  0.118217  0.991869  0.020604  -0.992646  0.119289  -0.000139  0.000137  0.000648  -0.671258  -0.200227  0.188027  2.000000  
128.360440 -0.000117  0.088411  -0.017385  0.998655  0.026281  0.044702  -0.047528  0.119163  0.991737  0.020737  -0.992527  0.120251  -0.000225  0.000041  0.000603  -0.680689  -0.209573  0.181585  2.000000  
128.361688 -0.000117  0.088410  -0.017384  0.998632  0.026507  0.045068  -0.047939  0.120108  0.991603  0.020871  -0.992407  0.121214  -0.000272  -0.000053  0.000584  -0.688746  -0.216818  0.178082  2.000000  
128.362933 -0.000118  0.088409  -0.017384  0.998610  0.026733  0.045435  -0.048350  0.121053  0.991468  0.021005  -0.992286  0.122177  -0.000342  -0.000196  0.000556  -0.695067  -0.221718  0.177558  2.000000  
128.363938 -0.000119  0.088408  -0.017383  0.998587  0.026949  0.045807  -0.048761  0.121757  0.991362  0.021139  -0.992194  0.122899  -0.000352  -0.000262  0.000545  -0.694891  -0.228402  0.178487  2.000000  
128.365190 -0.000120  0.088407  -0.017384  0.998571  0.027284  0.045952  -0.048966  0.122700  0.991235  0.021406  -0.992069  0.123861  -0.000428  -0.000379  0.000509  -0.700724  -0.223248  0.179407  2.000000  
128.366446 -0.000121  0.088406  -0.017383  0.998548  0.027512  0.046316  -0.049377  0.123644  0.991097  0.021540  -0.991945  0.124823  -0.000468  -0.000462  0.000416  -0.704389  -0.230396  0.175876  2.000000  
128.367690 -0.000122  0.088405  -0.017384  0.998525  0.027740  0.046681  -0.049788  0.124588  0.990959  0.021674  -0.991821  0.125785  -0.000477  -0.000491  0.000324  -0.708423  -0.237148  0.176914  2.000000  
128.368939 -0.000123  0.088403  -0.017385  0.998498  0.028102  0.047028  -0.050199  0.125524  0.990820  0.021941  -0.991692  0.126747  -0.000519  -0.000596  0.000131  -0.712469  -0.236999  0.177139  2.000000  
128.370187 -0.000124  0.088402  -0.017386  0.998474  0.028338  0.047388  -0.050610  0.126588  0.990663  0.022075  -0.991551  0.127829  -0.000551  -0.000639  0.000021  -0.723332  -0.241955  0.176861  2.000000  
128.371190 -0.000124  0.088402  -0.017387  0.998451  0.028558  0.047758  -0.051021  0.127290  0.990552  0.022209  -0.991454  0.128550  -0.000517  -0.000660  -0.000127  -0.724341  -0.250978  0.174692  2.000000  
128.372440 -0.000125  0.088401  -0.017389  0.998427  0.028789  0.048121  -0.051432  0.128233  0.990410  0.022343  -0.991326  0.129512  -0.000578  -0.000724  -0.000250  -0.726379  -0.255608  0.174301  2.000000  
128.373452 -0.000125  0.088400  -0.017390  0.998413  0.028989  0.048283  -0.051638  0.129061  0.990291  0.022476  -0.991213  0.130353  -0.000604  -0.000741  -0.000354  -0.727971  -0.257999  0.171445  2.000000  
128.374683 -0.000126  0.088399  -0.017392  0.998386  0.029354  0.048627  -0.052048  0.129996  0.990147  0.022744  -0.991080  0.131314  -0.000616  -0.000807  -0.000484  -0.730076  -0.262077  0.175553  2.000000  
128.375683 -0.000126  0.088398  -0.017392  0.998361  0.029576  0.048996  -0.052459  0.130697  0.990033  0.022878  -0.990981  0.132035  -0.000628  -0.000856  -0.000530  -0.733990  -0.268789  0.176571  2.000000  
128.376683 -0.000127  0.088397  -0.017393  0.998347  0.029777  0.049157  -0.052665  0.131525  0.989913  0.023011  -0.990866  0.132876  -0.000648  -0.000883  -0.000584  -0.737976  -0.268642  0.176778  2.000000  
128.377685 -0.000128  0.088396  -0.017394  0.998322  0.030000  0.049525  -0.053076  0.132226  0.989798  0.023145  -0.990766  0.133596  -0.000657  -0.000911  -0.000674  -0.737756  -0.275308  0.177805  2.000000  
128.378933 -0.000128  0.088395  -0.017395  0.998297  0.030235  0.049885  -0.053486  0.133167  0.989649  0.023279  -0.990632  0.134557  -0.000644  -0.000893  -0.000755  -0.741950  -0.275774  0.173679  2.000000  
128.379933 -0.000129  0.088394  -0.017396  0.998275  0.030326  0.050271  -0.053897  0.133875  0.989532  0.023279  -0.990534  0.135278  -0.000622  -0.000898  -0.000828  -0.741725  -0.282988  0.170291  2.000000  
128.380937 -0.000130  0.088393  -0.017397  0.998250  0.030557  0.050634  -0.054308  0.134695  0.989398  0.023413  -0.990416  0.136119  -0.000601  -0.000903  -0.000902  -0.749483  -0.289617  0.171322  2.000000  
128.381940 -0.000130  0.088391  -0.017398  0.998235  0.030754  0.050797  -0.054514  0.135402  0.989290  0.023546  -0.990313  0.136839  -0.000589  -0.000923  -0.000990  -0.751670  -0.291916  0.172993  2.000000  
128.382941 -0.000131  0.088390  -0.017399  0.998210  0.030979  0.051164  -0.054924  0.136102  0.989171  0.023680  -0.990210  0.137559  -0.000588  -0.000922  -0.000990  -0.751542  -0.291756  0.173186  2.000000  
128.384188 -0.000131  0.088389  -0.017401  0.998184  0.031217  0.051523  -0.055335  0.137041  0.989019  0.023814  -0.990073  0.138520  -0.000550  -0.000935  -0.001038  -0.752494  -0.299485  0.170153  2.000000  
128.385203 -0.000132  0.088389  -0.017401  0.998169  0.031416  0.051685  -0.055541  0.137747  0.988909  0.023948  -0.989969  0.139240  -0.000538  -0.000923  -0.001000  -0.751006  -0.298785  0.170043  2.000000  
128.386203 -0.000132  0.088388  -0.017402  0.998143  0.031649  0.052047  -0.055951  0.138567  0.988771  0.024081  -0.989847  0.140080  -0.000507  -0.000899  -0.000982  -0.759749  -0.298910  0.170403  2.000000  
128.387444 -0.000133  0.088387  -0.017403  0.998117  0.031889  0.052404  -0.056362  0.139505  0.988616  0.024215  -0.989708  0.141040  -0.000518  -0.000897  -0.000946  -0.763154  -0.305426  0.171465  2.000000  
128.388445 -0.000133  0.088386  -0.017404  0.998090  0.032117  0.052769  -0.056773  0.140204  0.988494  0.024349  -0.989602  0.141760  -0.000544  -0.000927  -0.000904  -0.767145  -0.305294  0.171660  2.000000  
128.389692 -0.000134  0.088386  -0.017404  0.998067  0.032226  0.053145  -0.057184  0.141150  0.988335  0.024349  -0.989464  0.142720  -0.000551  -0.000890  -0.000835  -0.767014  -0.312593  0.168417  2.000000  
128.391010 -0.000135  0.088384  -0.017405  0.998040  0.032468  0.053501  -0.057595  0.142088  0.988177  0.024483  -0.989321  0.143680  -0.000549  -0.000886  -0.000831  -0.765234  -0.311721  0.168339  2.000000  
128.392189 -0.000136  0.088383  -0.017406  0.998013  0.032711  0.053857  -0.058005  0.143026  0.988018  0.024616  -0.989178  0.144639  -0.000594  -0.000912  -0.000816  -0.767295  -0.313022  0.164651  2.000000  
128.393190 -0.000137  0.088382  -0.017406  0.997997  0.032912  0.054017  -0.058211  0.143730  0.987903  0.024750  -0.989069  0.145358  -0.000633  -0.000863  -0.000760  -0.767430  -0.306052  0.163956  2.000000  
128.394434 -0.000139  0.088381  -0.017406  0.997970  0.033150  0.054376  -0.058621  0.144548  0.987760  0.024884  -0.988942  0.146198  -0.000673  -0.000865  -0.000691  -0.760727  -0.310119  0.163750  2.000000  
128.395440 -0.000139  0.088381  -0.017406  0.997946  0.033249  0.054759  -0.059032  0.145253  0.987632  0.024884  -0.988836  0.146917  -0.000671  -0.000829  -0.000655  -0.758887  -0.313172  0.160923  2.000000  
128.396685 -0.000140  0.088380  -0.017406  0.997918  0.033488  0.055117  -0.059443  0.146070  0.987487  0.025018  -0.988707  0.147756  -0.000708  -0.000762  -0.000552  -0.756713  -0.310497  0.159858  2.000000  
128.397688 -0.000142  0.088380  -0.017406  0.997903  0.033697  0.055272  -0.059648  0.146894  0.987352  0.025151  -0.988578  0.148595  -0.000748  -0.000732  -0.000451  -0.760533  -0.310296  0.160065  2.000000  
128.398689 -0.000142  0.088380  -0.017405  0.997878  0.033798  0.055654  -0.060059  0.147598  0.987222  0.025151  -0.988470  0.149315  -0.000770  -0.000690  -0.000338  -0.758670  -0.313984  0.152755  2.000000  
128.399937 -0.000143  0.088379  -0.017405  0.997850  0.034045  0.056008  -0.060470  0.148534  0.987057  0.025285  -0.988321  0.150273  -0.000787  -0.000650  -0.000267  -0.756402  -0.311252  0.151776  2.000000  
128.400940 -0.000145  0.088379  -0.017406  0.997821  0.034279  0.056369  -0.060880  0.149230  0.986926  0.025419  -0.988208  0.150992  -0.000847  -0.000646  -0.000220  -0.754524  -0.313722  0.153311  2.000000  
128.402190 -0.000146  0.088378  -0.017405  0.997793  0.034521  0.056726  -0.061291  0.150046  0.986777  0.025553  -0.988076  0.151831  -0.000917  -0.000639  -0.000136  -0.750392  -0.313577  0.153594  2.000000  
128.403451 -0.000147  0.088377  -0.017405  0.997767  0.034638  0.057099  -0.061702  0.150989  0.986608  0.025553  -0.987928  0.152789  -0.000958  -0.000600  -0.000118  -0.748030  -0.318262  0.149160  2.000000  
128.404689 -0.000149  0.088376  -0.017406  0.997739  0.034881  0.057455  -0.062113  0.151804  0.986457  0.025687  -0.987795  0.153628  -0.000985  -0.000612  -0.000097  -0.746119  -0.314522  0.145259  2.000000  
128.405690 -0.000150  0.088375  -0.017406  0.997722  0.035086  0.057612  -0.062318  0.152507  0.986336  0.025820  -0.987679  0.154346  -0.001056  -0.000623  -0.000088  -0.741985  -0.314401  0.145504  2.000000  
128.406937 -0.000152  0.088374  -0.017407  0.997697  0.035198  0.057988  -0.062729  0.153330  0.986182  0.025820  -0.987548  0.155185  -0.001083  -0.000608  -0.000076  -0.737896  -0.314921  0.141342  2.000000  
128.408183 -0.000153  0.088374  -0.017407  0.997667  0.035450  0.058339  -0.063139  0.154264  0.986010  0.025954  -0.987394  0.156142  -0.001053  -0.000585  -0.000058  -0.739945  -0.312242  0.140459  2.000000  
128.409185 -0.000154  0.088373  -0.017407  0.997651  0.035656  0.058496  -0.063344  0.154966  0.985887  0.026088  -0.987276  0.156860  -0.001035  -0.000550  -0.000087  -0.740189  -0.305400  0.139708  2.000000  
128.410189 -0.000155  0.088373  -0.017407  0.997625  0.035762  0.058875  -0.063755  0.155668  0.985750  0.026088  -0.987162  0.157579  -0.001086  -0.000548  -0.000076  -0.737957  -0.308392  0.136643  2.000000  
128.411433 -0.000156  0.088372  -0.017407  0.997595  0.036016  0.059225  -0.064166  0.156602  0.985575  0.026222  -0.987005  0.158536  -0.001019  -0.000541  -0.000085  -0.736026  -0.305788  0.135823  2.000000  
128.412434 -0.000156  0.088372  -0.017408  0.997581  0.036091  0.059402  -0.064371  0.157312  0.985449  0.026222  -0.986889  0.159254  -0.001008  -0.000543  -0.000122  -0.736301  -0.305804  0.136096  2.000000  
128.413448 -0.000157  0.088371  -0.017408  0.997565  0.036299  0.059557  -0.064576  0.158013  0.985323  0.026355  -0.986770  0.159972  -0.000994  -0.000580  -0.000189  -0.736211  -0.298828  0.135255  2.000000  
128.414683 -0.000157  0.088371  -0.017409  0.997534  0.036547  0.059911  -0.064987  0.158826  0.985166  0.026489  -0.986630  0.160809  -0.000926  -0.000552  -0.000242  -0.732088  -0.298688  0.135520  2.000000  
128.415690 -0.000158  0.088370  -0.017409  0.997508  0.036656  0.060290  -0.065397  0.159528  0.985025  0.026489  -0.986513  0.161527  -0.000877  -0.000554  -0.000252  -0.730060  -0.302445  0.128024  2.000000  
128.416937 -0.000159  0.088369  -0.017410  0.997491  0.036879  0.060435  -0.065602  0.160467  0.984859  0.026623  -0.986352  0.162484  -0.000859  -0.000579  -0.000281  -0.727959  -0.299115  0.131632  2.000000  
128.418190 -0.000159  0.088369  -0.017410  0.997460  0.037128  0.060787  -0.066013  0.161279  0.984699  0.026757  -0.986210  0.163321  -0.000774  -0.000593  -0.000308  -0.727832  -0.298968  0.131870  2.000000  
128.419194 -0.000159  0.088368  -0.017410  0.997433  0.037239  0.061166  -0.066424  0.161981  0.984556  0.026757  -0.986091  0.164038  -0.000692  -0.000570  -0.000300  -0.725760  -0.302051  0.128788  2.000000  
128.420440 -0.000160  0.088367  -0.017410  0.997415  0.037456  0.061315  -0.066629  0.162800  0.984407  0.026890  -0.985948  0.164875  -0.000622  -0.000546  -0.000257  -0.719996  -0.292706  0.126937  2.000000  
128.421688 -0.000160  0.088367  -0.017410  0.997388  0.037576  0.061688  -0.067039  0.163620  0.984243  0.026890  -0.985807  0.165712  -0.000541  -0.000524  -0.000250  -0.719855  -0.293240  0.122758  2.000000  
128.422691 -0.000160  0.088366  -0.017411  0.997370  0.037779  0.061846  -0.067244  0.164201  0.984132  0.027024  -0.985703  0.166309  -0.000449  -0.000504  -0.000280  -0.713749  -0.288039  0.127373  2.000000  
128.423935 -0.000159  0.088366  -0.017411  0.997339  0.038031  0.062196  -0.067655  0.165012  0.983968  0.027158  -0.985558  0.167146  -0.000369  -0.000451  -0.000277  -0.709638  -0.287925  0.127636  2.000000  
128.425190 -0.000159  0.088366  -0.017412  0.997311  0.038152  0.062569  -0.068065  0.165831  0.983802  0.027158  -0.985416  0.167982  -0.000276  -0.000462  -0.000304  -0.709663  -0.288543  0.123448  2.000000  
128.426436 -0.000159  0.088365  -0.017412  0.997279  0.038405  0.062919  -0.068476  0.166642  0.983637  0.027292  -0.985269  0.168818  -0.000195  -0.000440  -0.000297  -0.707669  -0.292854  0.123747  2.000000  
128.427688 -0.000158  0.088365  -0.017412  0.997262  0.038624  0.063066  -0.068681  0.167460  0.983484  0.027425  -0.985122  0.169654  -0.000114  -0.000417  -0.000290  -0.703671  -0.285929  0.122905  2.000000  
128.428933 -0.000158  0.088365  -0.017412  0.997233  0.038747  0.063439  -0.069092  0.168279  0.983315  0.027425  -0.984978  0.170491  -0.000073  -0.000410  -0.000260  -0.699717  -0.286575  0.118781  2.000000  
128.429935 -0.000158  0.088365  -0.017412  0.997215  0.038952  0.063595  -0.069297  0.168858  0.983201  0.027559  -0.984870  0.171087  -0.000015  -0.000383  -0.000180  -0.695754  -0.278973  0.122257  2.000000  
128.430947 -0.000157  0.088365  -0.017412  0.997183  0.039192  0.063953  -0.069707  0.169429  0.983074  0.027693  -0.984763  0.171684  0.000047  -0.000342  -0.000148  -0.693175  -0.281133  0.123448  2.000000  
128.432197 -0.000157  0.088364  -0.017411  0.997154  0.039308  0.064329  -0.070117  0.170129  0.982924  0.027693  -0.984638  0.172401  0.000094  -0.000364  -0.000113  -0.684980  -0.281748  0.119246  2.000000  
128.433451 -0.000156  0.088364  -0.017411  0.997136  0.039529  0.064475  -0.070323  0.170946  0.982768  0.027827  -0.984487  0.173236  0.000164  -0.000339  -0.000070  -0.685021  -0.274040  0.122771  2.000000  
128.434690 -0.000156  0.088363  -0.017410  0.997107  0.039647  0.064851  -0.070733  0.171645  0.982616  0.027827  -0.984361  0.173952  0.000223  -0.000313  0.000011  -0.677074  -0.274763  0.118608  2.000000  
128.435691 -0.000156  0.088362  -0.017410  0.997089  0.039853  0.065006  -0.070938  0.172223  0.982500  0.027960  -0.984251  0.174549  0.000231  -0.000336  0.000019  -0.673136  -0.267857  0.117651  2.000000  
128.436939 -0.000155  0.088362  -0.017409  0.997056  0.040103  0.065358  -0.071348  0.172912  0.982350  0.028094  -0.984120  0.175264  0.000290  -0.000309  0.000100  -0.669218  -0.267091  0.122329  2.000000  
128.438188 -0.000155  0.088362  -0.017409  0.997026  0.040222  0.065733  -0.071759  0.173611  0.982197  0.028094  -0.983993  0.175981  0.000329  -0.000308  0.000126  -0.664870  -0.274536  0.119242  2.000000  
128.439194 -0.000154  0.088361  -0.017408  0.997008  0.040429  0.065887  -0.071964  0.174188  0.982079  0.028228  -0.983882  0.176577  0.000357  -0.000305  0.000189  -0.656770  -0.267589  0.118270  2.000000  
128.440437 -0.000154  0.088361  -0.017408  0.996974  0.040680  0.066238  -0.072374  0.174877  0.981927  0.028362  -0.983750  0.177292  0.000361  -0.000349  0.000243  -0.651198  -0.271332  0.123043  2.000000  
128.441688 -0.000153  0.088360  -0.017407  0.996944  0.040801  0.066613  -0.072785  0.175575  0.981772  0.028362  -0.983620  0.178008  0.000366  -0.000394  0.000296  -0.644305  -0.274208  0.119872  2.000000  
128.442935 -0.000153  0.088359  -0.017407  0.996926  0.041017  0.066761  -0.072990  0.176271  0.981632  0.028495  -0.983487  0.178723  0.000363  -0.000415  0.000342  -0.640448  -0.267324  0.118929  2.000000  
128.444183 -0.000152  0.088358  -0.017407  0.996892  0.041269  0.067112  -0.073400  0.176959  0.981477  0.028629  -0.983353  0.179438  0.000372  -0.000454  0.000352  -0.635194  -0.264294  0.122546  2.000000  
128.445188 -0.000152  0.088357  -0.017407  0.996876  0.041347  0.067289  -0.073605  0.177546  0.981356  0.028629  -0.983244  0.180034  0.000355  -0.000509  0.000349  -0.628253  -0.267174  0.119348  2.000000  
128.446190 -0.000152  0.088356  -0.017407  0.996842  0.041592  0.067643  -0.074015  0.178114  0.981222  0.028763  -0.983130  0.180630  0.000332  -0.000556  0.000339  -0.626867  -0.270883  0.124071  2.000000  
128.447440 -0.000152  0.088355  -0.017406  0.996827  0.041678  0.067815  -0.074220  0.178819  0.981078  0.028763  -0.982999  0.181345  0.000342  -0.000593  0.000350  -0.618924  -0.264776  0.118721  2.000000  
128.448463 -0.000152  0.088354  -0.017406  0.996812  0.041748  0.067997  -0.074426  0.179287  0.980978  0.028763  -0.982911  0.181822  0.000284  -0.000650  0.000319  -0.611473  -0.260631  0.114160  2.000000  
128.449688 -0.000152  0.088352  -0.017406  0.996777  0.042003  0.068346  -0.074836  0.179974  0.980821  0.028896  -0.982774  0.182537  0.000276  -0.000712  0.000277  -0.607989  -0.260808  0.114483  2.000000  
128.450694 -0.000152  0.088351  -0.017406  0.996762  0.042073  0.068528  -0.075041  0.180441  0.980719  0.028896  -0.982686  0.183014  0.000299  -0.000750  0.000253  -0.603733  -0.260669  0.114592  2.000000  
128.451938 -0.000152  0.088349  -0.017406  0.996742  0.042283  0.068679  -0.075246  0.181017  0.980597  0.029030  -0.982571  0.183609  0.000248  -0.000831  0.000230  -0.591830  -0.253840  0.113620  2.000000  
128.452940 -0.000151  0.088348  -0.017406  0.996723  0.042485  0.068836  -0.075451  0.181474  0.980497  0.029164  -0.982478  0.184085  0.000229  -0.000892  0.000224  -0.587589  -0.252926  0.118157  2.000000  
128.454189 -0.000151  0.088347  -0.017406  0.996692  0.042610  0.069209  -0.075861  0.182170  0.980336  0.029164  -0.982343  0.184800  0.000190  -0.000974  0.000166  -0.583584  -0.253663  0.113947  2.000000  
128.455441 -0.000151  0.088345  -0.017406  0.996672  0.042820  0.069360  -0.076066  0.182746  0.980213  0.029298  -0.982227  0.185395  0.000170  -0.001037  0.000159  -0.575278  -0.252725  0.118531  2.000000  
128.456687 -0.000151  0.088343  -0.017406  0.996657  0.042900  0.069536  -0.076271  0.183332  0.980088  0.029298  -0.982115  0.185991  0.000132  -0.001116  0.000101  -0.567397  -0.246672  0.113080  2.000000  
128.457935 -0.000151  0.088341  -0.017406  0.996637  0.043111  0.069687  -0.076476  0.183907  0.979964  0.029431  -0.981998  0.186586  0.000135  -0.001211  0.000071  -0.559501  -0.239824  0.112044  2.000000  
128.458935 -0.000151  0.088339  -0.017406  0.996621  0.043183  0.069867  -0.076681  0.184374  0.979860  0.029431  -0.981907  0.187062  0.000124  -0.001281  0.000026  -0.555332  -0.240535  0.107735  2.000000  
128.459971 -0.000150  0.088338  -0.017407  0.996601  0.043386  0.070023  -0.076886  0.184830  0.979758  0.029565  -0.981812  0.187538  0.000120  -0.001352  -0.000012  -0.550821  -0.232604  0.110926  2.000000  
128.461185 -0.000150  0.088335  -0.017407  0.996586  0.043466  0.070199  -0.077091  0.185415  0.979632  0.029565  -0.981698  0.188133  0.000152  -0.001404  -0.000024  -0.546935  -0.231706  0.105899  2.000000  
128.462188 -0.000151  0.088333  -0.017407  0.996566  0.043670  0.070354  -0.077296  0.185871  0.979529  0.029699  -0.981603  0.188609  0.000100  -0.001499  -0.000052  -0.543146  -0.224125  0.109188  2.000000  
128.463449 -0.000150  0.088330  -0.017408  0.996550  0.043742  0.070534  -0.077501  0.186338  0.979424  0.029699  -0.981512  0.189085  0.000143  -0.001549  -0.000099  -0.530880  -0.224811  0.104927  2.000000  
128.464685 -0.000150  0.088328  -0.017408  0.996530  0.043954  0.070684  -0.077706  0.186912  0.979298  0.029833  -0.981393  0.189679  0.000169  -0.001596  -0.000119  -0.527076  -0.217207  0.108227  2.000000  
128.465691 -0.000149  0.088326  -0.017408  0.996530  0.043980  0.070668  -0.077706  0.187269  0.979230  0.029833  -0.981324  0.190036  0.000153  -0.001666  -0.000121  -0.519076  -0.211183  0.102676  2.000000  
128.466937 -0.000150  0.088324  -0.017408  0.996510  0.044192  0.070818  -0.077911  0.187843  0.979104  0.029966  -0.981204  0.190631  0.000141  -0.001715  -0.000166  -0.515247  -0.204387  0.101570  2.000000  
128.467938 -0.000149  0.088322  -0.017408  0.996494  0.044257  0.071003  -0.078116  0.188190  0.979021  0.029966  -0.981135  0.190988  0.000167  -0.001764  -0.000187  -0.507501  -0.199231  0.101258  2.000000  
128.469189 -0.000149  0.088320  -0.017408  0.996490  0.044422  0.070956  -0.078116  0.188655  0.978932  0.030100  -0.981038  0.191463  0.000182  -0.001810  -0.000170  -0.499485  -0.190806  0.099276  2.000000  
128.470445 -0.000149  0.088317  -0.017409  0.996474  0.044504  0.071131  -0.078321  0.189240  0.978802  0.030100  -0.980922  0.192058  0.000173  -0.001889  -0.000220  -0.495466  -0.186274  0.094503  2.000000  
128.471688 -0.000148  0.088314  -0.017408  0.996454  0.044709  0.071285  -0.078526  0.189695  0.978698  0.030234  -0.980825  0.192533  0.000177  -0.001934  -0.000166  -0.487650  -0.177166  0.096959  2.000000  
128.472692 -0.000148  0.088312  -0.017408  0.996454  0.044735  0.071269  -0.078526  0.190051  0.978629  0.030234  -0.980754  0.192890  0.000185  -0.001957  -0.000158  -0.479582  -0.172596  0.092143  2.000000  
128.473935 -0.000148  0.088310  -0.017408  0.996433  0.044939  0.071422  -0.078731  0.190506  0.978524  0.030368  -0.980657  0.193365  0.000187  -0.001969  -0.000103  -0.471685  -0.165772  0.090972  2.000000  
128.475187 -0.000148  0.088307  -0.017408  0.996433  0.044974  0.071401  -0.078731  0.190981  0.978431  0.030368  -0.980563  0.193841  0.000171  -0.001976  -0.000076  -0.463964  -0.157620  0.089031  2.000000  
128.476438 -0.000148  0.088304  -0.017408  0.996413  0.045179  0.071554  -0.078935  0.191436  0.978326  0.030501  -0.980465  0.194316  0.000187  -0.002023  -0.000059  -0.455720  -0.152059  0.088568  2.000000  
128.477685 -0.000147  0.088302  -0.017407  0.996413  0.045213  0.071532  -0.078935  0.191911  0.978233  0.030501  -0.980370  0.194791  0.000215  -0.002021  0.000004  -0.448028  -0.138436  0.086066  2.000000  
128.478938 -0.000147  0.088299  -0.017407  0.996393  0.045410  0.071691  -0.079140  0.192247  0.978150  0.030635  -0.980295  0.195147  0.000204  -0.002018  0.000041  -0.440320  -0.137274  0.085424  2.000000  
128.480193 -0.000147  0.088297  -0.017407  0.996393  0.045445  0.071669  -0.079140  0.192722  0.978057  0.030635  -0.980201  0.195623  0.000201  -0.002039  0.000086  -0.432255  -0.124800  0.083626  2.000000  
128.481434 -0.000146  0.088294  -0.017406  0.996372  0.045650  0.071822  -0.079345  0.193176  0.977951  0.030769  -0.980102  0.196098  0.000202  -0.002051  0.000138  -0.428782  -0.123762  0.083017  2.000000  
128.482452 -0.000146  0.088292  -0.017406  0.996372  0.045676  0.071806  -0.079345  0.193532  0.977880  0.030769  -0.980030  0.196454  0.000178  -0.002032  0.000160  -0.424020  -0.117852  0.082378  2.000000  
128.483689 -0.000146  0.088290  -0.017406  0.996372  0.045702  0.071789  -0.079345  0.193888  0.977810  0.030769  -0.979959  0.196811  0.000168  -0.002032  0.000197  -0.412763  -0.110993  0.076094  2.000000  
128.484938 -0.000146  0.088287  -0.017405  0.996352  0.045908  0.071942  -0.079550  0.194343  0.977703  0.030903  -0.979859  0.197286  0.000164  -0.002053  0.000243  -0.408255  -0.105086  0.075475  2.000000  
128.485938 -0.000146  0.088285  -0.017405  0.996352  0.045925  0.071931  -0.079550  0.194580  0.977656  0.030903  -0.979811  0.197523  0.000172  -0.002077  0.000251  -0.400136  -0.105068  0.075520  2.000000  
128.486940 -0.000145  0.088283  -0.017404  0.996348  0.046082  0.071888  -0.079550  0.194925  0.977587  0.031036  -0.979735  0.197879  0.000192  -0.002050  0.000306  -0.396161  -0.098224  0.074218  2.000000  
128.488188 -0.000145  0.088281  -0.017404  0.996348  0.046117  0.071865  -0.079550  0.195399  0.977492  0.031036  -0.979639  0.198354  0.000197  -0.002039  0.000309  -0.392707  -0.084655  0.071643  2.000000  
128.489440 -0.000145  0.088278  -0.017403  0.996331  0.046183  0.072050  -0.079755  0.195746  0.977406  0.031036  -0.979567  0.198711  0.000220  -0.001993  0.000319  -0.384358  -0.085448  0.067238  2.000000  
128.490447 -0.000144  0.088277  -0.017403  0.996327  0.046340  0.072006  -0.079754  0.196091  0.977337  0.031170  -0.979490  0.199066  0.000247  -0.001977  0.000333  -0.380198  -0.084532  0.071671  2.000000  
128.491687 -0.000144  0.088275  -0.017402  0.996327  0.046366  0.071990  -0.079754  0.196446  0.977266  0.031170  -0.979418  0.199423  0.000217  -0.001950  0.000399  -0.372320  -0.077727  0.070383  2.000000  
128.492934 -0.000143  0.088273  -0.017401  0.996327  0.046401  0.071967  -0.079754  0.196921  0.977170  0.031170  -0.979321  0.199898  0.000252  -0.001918  0.000418  -0.369522  -0.071205  0.064143  2.000000  
128.494183 -0.000143  0.088271  -0.017400  0.996323  0.046558  0.071923  -0.079754  0.197266  0.977101  0.031304  -0.979244  0.200254  0.000272  -0.001892  0.000472  -0.365677  -0.063578  0.067210  2.000000  
