1-Time 2-Px 3-Py 4-Pz 5-R11 6-R21 7-R31 8-R12 9-R22 10-R32 11-R13 12-R23 13-R33 14-Vx 15-Vy 16-Vz 17-Wx 18-Wy 19-Wz 20-state 21-PR11 22-PR21 23-PR31 24-PR12 25-PR22 26-PR32 27-PR13 28-PR23 29-PR33 
89.198480 0.014149  0.097926  -0.004204  0.992911  0.113911  0.033945  -0.114773  0.993086  0.024645  -0.030903  -0.028366  0.999120  -0.000020  -0.000057  -0.000012  0.000000  0.000000  0.000000  2.000000  
89.199734 0.014150  0.097926  -0.004204  0.992887  0.114115  0.033950  -0.114978  0.993062  0.024638  -0.030903  -0.028366  0.999120  0.000034  -0.000056  -0.000014  0.000000  0.000000  0.000000  2.000000  
89.200986 0.014154  0.097927  -0.004204  0.992812  0.114725  0.034098  -0.115590  0.992992  0.024601  -0.031036  -0.028366  0.999116  0.000257  0.000012  0.000028  0.000000  0.000000  0.000000  2.000000  
89.202218 0.014158  0.097928  -0.004203  0.992712  0.115534  0.034265  -0.116407  0.992895  0.024678  -0.031170  -0.028487  0.999108  0.000579  0.000107  0.000055  0.000000  0.000000  0.000000  2.000000  
89.203221 0.014162  0.097927  -0.004203  0.992680  0.115731  0.034535  -0.116611  0.992872  0.024640  -0.031438  -0.028487  0.999100  0.000817  0.000062  0.000071  0.000000  0.000000  0.000000  2.000000  
89.204483 0.014168  0.097928  -0.004204  0.992632  0.116136  0.034560  -0.117020  0.992821  0.024746  -0.031438  -0.028608  0.999096  0.001238  0.000100  0.000046  0.000000  0.000000  0.000000  2.000000  
89.205720 0.014175  0.097929  -0.004204  0.992535  0.116953  0.034580  -0.117837  0.992725  0.024718  -0.031438  -0.028608  0.999096  0.001726  0.000222  0.000022  0.000000  0.000000  0.000000  2.000000  
89.206974 0.014183  0.097931  -0.004204  0.992442  0.117770  0.034482  -0.118655  0.992625  0.024826  -0.031304  -0.028729  0.999097  0.002255  0.000350  0.000031  0.000000  0.000000  0.000000  2.000000  
89.208230 0.014190  0.097932  -0.004205  0.992319  0.118792  0.034507  -0.119676  0.992503  0.024790  -0.031304  -0.028729  0.999097  0.002764  0.000442  -0.000019  0.000000  0.000000  0.000000  2.000000  
89.209485 0.014199  0.097934  -0.004205  0.992191  0.119806  0.034680  -0.120697  0.992378  0.024859  -0.031438  -0.028850  0.999089  0.003382  0.000538  -0.000071  0.006619  -0.023126  0.179130  2.000000  
89.210489 0.014208  0.097936  -0.004206  0.992088  0.120615  0.034848  -0.121514  0.992277  0.024934  -0.031571  -0.028971  0.999082  0.003978  0.000663  -0.000099  0.009815  -0.028416  0.206580  2.000000  
89.211725 0.014220  0.097939  -0.004205  0.991954  0.121628  0.035139  -0.122534  0.992153  0.024866  -0.031839  -0.028971  0.999073  0.004774  0.000885  -0.000061  0.008494  -0.038626  0.247989  2.000000  
89.212975 0.014232  0.097942  -0.004204  0.991793  0.122842  0.035450  -0.123758  0.992000  0.024909  -0.032106  -0.029092  0.999061  0.005565  0.001086  0.000025  0.011225  -0.048809  0.289103  2.000000  
89.214230 0.014245  0.097945  -0.004203  0.991661  0.123855  0.035623  -0.124778  0.991870  0.024977  -0.032240  -0.029213  0.999053  0.006358  0.001295  0.000095  0.018260  -0.054284  0.323442  2.000000  
89.215234 0.014256  0.097948  -0.004203  0.991558  0.124671  0.035644  -0.125595  0.991768  0.024947  -0.032240  -0.029213  0.999053  0.007051  0.001440  0.000068  0.017386  -0.055079  0.351069  2.000000  
89.216557 0.014271  0.097951  -0.004204  0.991402  0.125892  0.035690  -0.126819  0.991610  0.025023  -0.032240  -0.029334  0.999050  0.007718  0.001582  -0.000010  0.020104  -0.056167  0.391612  2.000000  
89.217721 0.014285  0.097953  -0.004205  0.991266  0.126905  0.035863  -0.127839  0.991477  0.025090  -0.032374  -0.029455  0.999042  0.008432  0.001736  -0.000123  0.023113  -0.061834  0.427076  2.000000  
89.218971 0.014300  0.097954  -0.004207  0.991130  0.127921  0.036022  -0.128859  0.991347  0.025036  -0.032507  -0.029455  0.999037  0.009023  0.001801  -0.000211  0.021767  -0.067525  0.468396  2.000000  
89.219976 0.014313  0.097955  -0.004209  0.991019  0.128729  0.036190  -0.129675  0.991239  0.025109  -0.032641  -0.029576  0.999029  0.009571  0.001771  -0.000346  0.024936  -0.072861  0.495987  2.000000  
89.221222 0.014330  0.097956  -0.004211  0.990850  0.129946  0.036486  -0.130897  0.991080  0.025029  -0.032909  -0.029576  0.999021  0.010167  0.001747  -0.000504  0.023597  -0.083236  0.538385  2.000000  
89.222481 0.014347  0.097956  -0.004215  0.990710  0.130962  0.036645  -0.131917  0.990946  0.024974  -0.033042  -0.029576  0.999016  0.010842  0.001632  -0.000683  0.022395  -0.088520  0.571437  2.000000  
89.223719 0.014363  0.097954  -0.004218  0.990592  0.131770  0.036930  -0.132731  0.990839  0.024908  -0.033310  -0.029576  0.999007  0.011280  0.001430  -0.000939  0.021435  -0.098328  0.598942  2.000000  
89.224969 0.014379  0.097952  -0.004223  0.990478  0.132582  0.037083  -0.133546  0.990731  0.024860  -0.033443  -0.029576  0.999003  0.011756  0.001198  -0.001179  0.020342  -0.102803  0.621496  2.000000  
89.225981 0.014393  0.097951  -0.004227  0.990363  0.133394  0.037236  -0.134361  0.990622  0.024811  -0.033577  -0.029575  0.998998  0.012060  0.000961  -0.001414  0.019570  -0.108920  0.653979  2.000000  
89.227218 0.014411  0.097949  -0.004233  0.990220  0.134410  0.037394  -0.135380  0.990484  0.024755  -0.033711  -0.029575  0.998994  0.012450  0.000594  -0.001852  0.018420  -0.114484  0.688816  2.000000  
89.228223 0.014425  0.097948  -0.004237  0.990132  0.135017  0.037542  -0.135991  0.990402  0.024714  -0.033845  -0.029575  0.998989  0.012780  0.000337  -0.002296  0.017476  -0.119779  0.716322  2.000000  
89.229242 0.014438  0.097945  -0.004242  0.990071  0.135421  0.037684  -0.136398  0.990347  0.024680  -0.033978  -0.029575  0.998985  0.012867  -0.000040  -0.002693  0.016834  -0.123612  0.723791  2.000000  
89.230482 0.014454  0.097942  -0.004249  0.989950  0.136229  0.037969  -0.137212  0.990236  0.024612  -0.034246  -0.029575  0.998976  0.012983  -0.000527  -0.003085  0.016871  -0.133591  0.729328  2.000000  
89.231735 0.014470  0.097938  -0.004255  0.989860  0.136841  0.038100  -0.137823  0.990155  0.024450  -0.034379  -0.029453  0.998975  0.013098  -0.000952  -0.003427  0.008570  -0.129065  0.729274  2.000000  
89.232984 0.014486  0.097934  -0.004262  0.989737  0.137653  0.038369  -0.138637  0.990046  0.024262  -0.034647  -0.029332  0.998969  0.013171  -0.001305  -0.003775  0.003843  -0.129442  0.743219  2.000000  
89.234233 0.014500  0.097928  -0.004269  0.989647  0.138265  0.038499  -0.139247  0.989964  0.024099  -0.034781  -0.029211  0.998968  0.013128  -0.001787  -0.004156  -0.004589  -0.134193  0.750318  2.000000  
89.235475 0.014513  0.097922  -0.004276  0.989580  0.138670  0.038757  -0.139654  0.989911  0.023926  -0.035048  -0.029089  0.998962  0.012933  -0.002182  -0.004426  -0.008305  -0.142709  0.736083  2.000000  
89.236715 0.014527  0.097918  -0.004282  0.989518  0.139078  0.038882  -0.140060  0.989858  0.023771  -0.035182  -0.028968  0.998961  0.012620  -0.002595  -0.004610  -0.016098  -0.150288  0.723087  2.000000  
89.237721 0.014537  0.097913  -0.004288  0.989460  0.139491  0.038875  -0.140468  0.989803  0.023635  -0.035182  -0.028847  0.998965  0.012427  -0.002896  -0.004870  -0.019682  -0.149829  0.709285  2.000000  
89.238964 0.014548  0.097906  -0.004297  0.989397  0.139899  0.039000  -0.140874  0.989749  0.023480  -0.035316  -0.028726  0.998963  0.012148  -0.003195  -0.005157  -0.027146  -0.153783  0.688985  2.000000  
89.240213 0.014560  0.097899  -0.004306  0.989330  0.140304  0.039257  -0.141280  0.989695  0.023306  -0.035583  -0.028604  0.998957  0.011776  -0.003519  -0.005458  -0.034728  -0.153177  0.668344  2.000000  
89.241214 0.014568  0.097893  -0.004313  0.989296  0.140513  0.039360  -0.141483  0.989672  0.023039  -0.035717  -0.028362  0.998959  0.011376  -0.003856  -0.005672  -0.042201  -0.152459  0.647583  2.000000  
89.242481 0.014578  0.097886  -0.004323  0.989233  0.140922  0.039485  -0.141890  0.989618  0.022884  -0.035850  -0.028240  0.998958  0.010852  -0.004208  -0.005958  -0.049504  -0.147257  0.620463  2.000000  
89.243721 0.014587  0.097878  -0.004334  0.989165  0.141327  0.039742  -0.142296  0.989564  0.022710  -0.036118  -0.028119  0.998952  0.010402  -0.004588  -0.006268  -0.057272  -0.147628  0.597709  2.000000  
89.244969 0.014595  0.097869  -0.004344  0.989102  0.141740  0.039849  -0.142703  0.989511  0.022434  -0.036251  -0.027876  0.998954  0.009788  -0.004931  -0.006544  -0.064450  -0.150392  0.578904  2.000000  
89.246220 0.014603  0.097862  -0.004353  0.989038  0.142149  0.039974  -0.143109  0.989456  0.022279  -0.036385  -0.027755  0.998952  0.009300  -0.005168  -0.006736  -0.071636  -0.154072  0.551372  2.000000  
89.247221 0.014609  0.097856  -0.004361  0.989004  0.142354  0.040093  -0.143312  0.989430  0.022131  -0.036519  -0.027634  0.998951  0.008812  -0.005390  -0.006855  -0.075009  -0.157909  0.530682  2.000000  
89.248223 0.014614  0.097850  -0.004368  0.988974  0.142562  0.040080  -0.143516  0.989403  0.022003  -0.036519  -0.027513  0.998954  0.008308  -0.005564  -0.007005  -0.082938  -0.154067  0.507992  2.000000  
89.249470 0.014620  0.097842  -0.004378  0.988940  0.142772  0.040183  -0.143719  0.989380  0.021736  -0.036653  -0.027270  0.998956  0.007821  -0.005697  -0.007112  -0.089638  -0.152042  0.482888  2.000000  
89.250484 0.014624  0.097835  -0.004385  0.988871  0.143177  0.040439  -0.144124  0.989325  0.021560  -0.036920  -0.027149  0.998949  0.007331  -0.005839  -0.007268  -0.097679  -0.152480  0.459122  2.000000  
89.251716 0.014630  0.097827  -0.004394  0.988806  0.143590  0.040545  -0.144531  0.989271  0.021284  -0.037054  -0.026906  0.998951  0.006794  -0.006027  -0.007490  -0.104562  -0.150811  0.441733  2.000000  
89.252964 0.014636  0.097820  -0.004402  0.988742  0.144004  0.040651  -0.144937  0.989218  0.021008  -0.037187  -0.026664  0.998953  0.006426  -0.006087  -0.007479  -0.112275  -0.145938  0.428235  2.000000  
89.253965 0.014640  0.097814  -0.004409  0.988702  0.144206  0.040902  -0.145139  0.989192  0.020841  -0.037455  -0.026542  0.998946  0.006038  -0.006137  -0.007507  -0.115656  -0.149766  0.407471  2.000000  
89.255217 0.014645  0.097809  -0.004416  0.988637  0.144619  0.041008  -0.145546  0.989138  0.020565  -0.037589  -0.026300  0.998947  0.005668  -0.006023  -0.007397  -0.123354  -0.144894  0.393951  2.000000  
89.256219 0.014649  0.097805  -0.004422  0.988607  0.144833  0.040977  -0.145749  0.989113  0.020317  -0.037589  -0.026057  0.998954  0.005395  -0.005903  -0.007256  -0.131665  -0.140881  0.369966  2.000000  
89.257464 0.014655  0.097800  -0.004429  0.988542  0.145242  0.041100  -0.146155  0.989056  0.020160  -0.037722  -0.025936  0.998952  0.005189  -0.005727  -0.007071  -0.134397  -0.143959  0.359914  2.000000  
89.258478 0.014660  0.097797  -0.004435  0.988477  0.145656  0.041205  -0.146562  0.989002  0.019884  -0.037856  -0.025694  0.998953  0.004937  -0.005483  -0.006867  -0.143155  -0.140137  0.348977  2.000000  
89.259721 0.014666  0.097792  -0.004441  0.988411  0.146069  0.041310  -0.146968  0.988947  0.019607  -0.037990  -0.025451  0.998954  0.004828  -0.005235  -0.006601  -0.149924  -0.138808  0.339400  2.000000  
89.260968 0.014672  0.097788  -0.004448  0.988346  0.146478  0.041433  -0.147374  0.988890  0.019450  -0.038123  -0.025330  0.998952  0.004662  -0.005027  -0.006428  -0.149679  -0.138540  0.332461  2.000000  
89.262220 0.014679  0.097785  -0.004454  0.988275  0.146889  0.041670  -0.147780  0.988835  0.019154  -0.038391  -0.025087  0.998948  0.004659  -0.004739  -0.006227  -0.157331  -0.138102  0.318707  2.000000  
89.263474 0.014685  0.097781  -0.004461  0.988173  0.147503  0.041910  -0.148388  0.988750  0.018849  -0.038658  -0.024845  0.998944  0.004636  -0.004484  -0.006060  -0.161500  -0.138077  0.318805  2.000000  
89.264718 0.014693  0.097777  -0.004467  0.988107  0.147912  0.042032  -0.148794  0.988691  0.018692  -0.038792  -0.024723  0.998941  0.004778  -0.004176  -0.005823  -0.161335  -0.137892  0.312050  2.000000  
89.265719 0.014699  0.097775  -0.004471  0.988071  0.148117  0.042150  -0.148997  0.988664  0.018543  -0.038926  -0.024602  0.998939  0.004923  -0.003845  -0.005633  -0.162398  -0.138759  0.307620  2.000000  
89.266720 0.014705  0.097773  -0.004477  0.988005  0.148531  0.042254  -0.149403  0.988608  0.018266  -0.039059  -0.024360  0.998940  0.005029  -0.003606  -0.005513  -0.166473  -0.138665  0.307561  2.000000  
89.267965 0.014714  0.097772  -0.004482  0.987938  0.148940  0.042375  -0.149809  0.988549  0.018109  -0.039193  -0.024238  0.998938  0.005229  -0.003190  -0.005292  -0.165419  -0.137685  0.311936  2.000000  
89.269218 0.014723  0.097771  -0.004487  0.987871  0.149349  0.042497  -0.150215  0.988490  0.017951  -0.039327  -0.024117  0.998935  0.005478  -0.002839  -0.005078  -0.162516  -0.138603  0.307669  2.000000  
89.270219 0.014731  0.097771  -0.004490  0.987798  0.149760  0.042732  -0.150620  0.988434  0.017654  -0.039594  -0.023875  0.998931  0.005762  -0.002488  -0.004889  -0.166869  -0.143185  0.314400  2.000000  
89.271468 0.014741  0.097771  -0.004493  0.987731  0.150169  0.042853  -0.151026  0.988375  0.017496  -0.039728  -0.023753  0.998928  0.006084  -0.002140  -0.004596  -0.166962  -0.143190  0.314510  2.000000  
89.272479 0.014750  0.097772  -0.004495  0.987664  0.150583  0.042956  -0.151432  0.988318  0.017218  -0.039861  -0.023511  0.998929  0.006327  -0.001826  -0.004356  -0.169906  -0.142109  0.318750  2.000000  
89.273715 0.014761  0.097774  -0.004499  0.987591  0.150995  0.043191  -0.151837  0.988261  0.016920  -0.040129  -0.023268  0.998924  0.006641  -0.001444  -0.004155  -0.174056  -0.142067  0.318810  2.000000  
89.274715 0.014770  0.097775  -0.004501  0.987523  0.151404  0.043311  -0.152243  0.988201  0.016762  -0.040263  -0.023147  0.998921  0.006916  -0.001145  -0.003996  -0.174339  -0.142185  0.325639  2.000000  
89.275717 0.014779  0.097776  -0.004504  0.987486  0.151615  0.043410  -0.152445  0.988174  0.016493  -0.040396  -0.022904  0.998921  0.007186  -0.000846  -0.003835  -0.174118  -0.141931  0.318814  2.000000  
89.276721 0.014788  0.097778  -0.004507  0.987418  0.152024  0.043531  -0.152851  0.988114  0.016335  -0.040530  -0.022783  0.998919  0.007448  -0.000521  -0.003686  -0.174400  -0.146521  0.325567  2.000000  
89.277967 0.014799  0.097781  -0.004510  0.987349  0.152438  0.043632  -0.153257  0.988056  0.016057  -0.040664  -0.022541  0.998919  0.007774  -0.000070  -0.003425  -0.178488  -0.146462  0.325593  2.000000  
89.278968 0.014809  0.097783  -0.004512  0.987281  0.152847  0.043753  -0.153662  0.987995  0.015898  -0.040797  -0.022419  0.998916  0.008057  0.000296  -0.003214  -0.176246  -0.147825  0.335311  2.000000  
89.279968 0.014819  0.097786  -0.004514  0.987249  0.153061  0.043719  -0.153866  0.987968  0.015650  -0.040797  -0.022177  0.998921  0.008297  0.000640  -0.003061  -0.180330  -0.143253  0.335416  2.000000  
89.281220 0.014831  0.097790  -0.004518  0.987175  0.153473  0.043952  -0.154271  0.987909  0.015351  -0.041065  -0.021934  0.998916  0.008626  0.001098  -0.002898  -0.182927  -0.146449  0.332515  2.000000  
89.282220 0.014840  0.097792  -0.004520  0.987106  0.153882  0.044072  -0.154676  0.987848  0.015192  -0.041198  -0.021813  0.998913  0.008799  0.001341  -0.002784  -0.180505  -0.143162  0.335535  2.000000  
89.283472 0.014853  0.097796  -0.004525  0.987037  0.154297  0.044173  -0.155082  0.987789  0.014914  -0.041332  -0.021571  0.998913  0.009038  0.001679  -0.002751  -0.180463  -0.143011  0.335406  2.000000  
89.284474 0.014863  0.097799  -0.004529  0.986967  0.154706  0.044292  -0.155487  0.987728  0.014755  -0.041466  -0.021449  0.998910  0.009212  0.001935  -0.002746  -0.180766  -0.143125  0.342305  2.000000  
89.285715 0.014875  0.097803  -0.004535  0.986935  0.154920  0.044257  -0.155690  0.987699  0.014506  -0.041466  -0.021207  0.998915  0.009367  0.002146  -0.002881  -0.179065  -0.137270  0.332837  2.000000  
89.286716 0.014884  0.097806  -0.004539  0.986898  0.155126  0.044374  -0.155893  0.987670  0.014356  -0.041599  -0.021086  0.998912  0.009399  0.002292  -0.003059  -0.179126  -0.137242  0.332882  2.000000  
89.287968 0.014896  0.097810  -0.004545  0.986828  0.155535  0.044493  -0.156298  0.987608  0.014197  -0.041733  -0.020965  0.998909  0.009454  0.002458  -0.003176  -0.175087  -0.141626  0.332768  2.000000  
89.288970 0.014905  0.097812  -0.004550  0.986763  0.155953  0.044461  -0.156704  0.987547  0.013940  -0.041733  -0.020722  0.998914  0.009462  0.002563  -0.003368  -0.176592  -0.138248  0.335724  2.000000  
89.290219 0.014917  0.097817  -0.004556  0.986726  0.156164  0.044558  -0.156907  0.987519  0.013670  -0.041867  -0.020480  0.998913  0.009507  0.002750  -0.003492  -0.178970  -0.136904  0.326157  2.000000  
89.291469 0.014927  0.097820  -0.004562  0.986693  0.156378  0.044522  -0.157110  0.987490  0.013421  -0.041867  -0.020237  0.998918  0.009493  0.002828  -0.003749  -0.180204  -0.128796  0.322153  2.000000  
89.292479 0.014936  0.097823  -0.004567  0.986655  0.156584  0.044638  -0.157312  0.987460  0.013271  -0.042000  -0.020116  0.998915  0.009432  0.002912  -0.003897  -0.178477  -0.127534  0.312640  2.000000  
89.293719 0.014946  0.097827  -0.004574  0.986591  0.157001  0.044606  -0.157718  0.987398  0.013013  -0.042000  -0.019874  0.998920  0.009356  0.002998  -0.004119  -0.179983  -0.119512  0.315434  2.000000  
89.294723 0.014955  0.097831  -0.004579  0.986558  0.157216  0.044570  -0.157921  0.987369  0.012765  -0.042000  -0.019632  0.998925  0.009210  0.003015  -0.004393  -0.183813  -0.114812  0.308662  2.000000  
89.295968 0.014964  0.097835  -0.004587  0.986520  0.157427  0.044667  -0.158124  0.987340  0.012495  -0.042134  -0.019389  0.998924  0.009060  0.003063  -0.004677  -0.183588  -0.114594  0.301799  2.000000  
89.297218 0.014974  0.097839  -0.004594  0.986487  0.157647  0.044612  -0.158327  0.987312  0.012126  -0.042134  -0.019026  0.998931  0.008897  0.003112  -0.004903  -0.189896  -0.108964  0.292566  2.000000  
89.298222 0.014981  0.097843  -0.004601  0.986460  0.157858  0.044463  -0.158531  0.987281  0.012018  -0.042000  -0.018905  0.998939  0.008720  0.003140  -0.005120  -0.187139  -0.096180  0.288400  2.000000  
89.299227 0.014988  0.097845  -0.004608  0.986460  0.157869  0.044425  -0.158531  0.987284  0.011779  -0.042000  -0.018662  0.998943  0.008524  0.003074  -0.005363  -0.190882  -0.091449  0.281495  2.000000  
89.300471 0.014996  0.097848  -0.004617  0.986428  0.158088  0.044370  -0.158734  0.987255  0.011411  -0.042000  -0.018299  0.998950  0.008228  0.003098  -0.005583  -0.198518  -0.086608  0.267831  2.000000  
89.301472 0.015003  0.097851  -0.004624  0.986428  0.158093  0.044351  -0.158734  0.987257  0.011291  -0.042000  -0.018177  0.998952  0.008023  0.003072  -0.005756  -0.193878  -0.081767  0.254096  2.000000  
89.302479 0.015009  0.097853  -0.004631  0.986395  0.158307  0.044315  -0.158937  0.987227  0.011042  -0.042000  -0.017935  0.998957  0.007835  0.002992  -0.005905  -0.197663  -0.072572  0.247333  2.000000  
89.303714 0.015016  0.097855  -0.004641  0.986395  0.158318  0.044276  -0.158937  0.987230  0.010803  -0.042000  -0.017693  0.998961  0.007568  0.002926  -0.006174  -0.195862  -0.067349  0.238664  2.000000  
89.304715 0.015022  0.097857  -0.004649  0.986395  0.158329  0.044238  -0.158937  0.987232  0.010563  -0.042000  -0.017450  0.998965  0.007316  0.002813  -0.006380  -0.199347  -0.062565  0.225044  2.000000  
89.305716 0.015027  0.097859  -0.004657  0.986395  0.158334  0.044218  -0.158937  0.987234  0.010443  -0.042000  -0.017329  0.998967  0.007095  0.002731  -0.006563  -0.195042  -0.057928  0.218295  2.000000  
89.306968 0.015034  0.097860  -0.004667  0.986395  0.158345  0.044180  -0.158937  0.987236  0.010204  -0.042000  -0.017087  0.998971  0.006798  0.002548  -0.006870  -0.195842  -0.053453  0.199497  2.000000  
89.307968 0.015039  0.097862  -0.004675  0.986395  0.158356  0.044142  -0.158937  0.987238  0.009964  -0.042000  -0.016845  0.998976  0.006608  0.002501  -0.007014  -0.199379  -0.048652  0.185785  2.000000  
89.309220 0.015045  0.097863  -0.004686  0.986401  0.158368  0.043971  -0.158938  0.987240  0.009746  -0.041867  -0.016602  0.998985  0.006293  0.002252  -0.007373  -0.197415  -0.039145  0.177549  2.000000  
89.310221 0.015050  0.097864  -0.004694  0.986401  0.158379  0.043933  -0.158938  0.987243  0.009507  -0.041867  -0.016360  0.998989  0.006130  0.002137  -0.007441  -0.198518  -0.034669  0.165315  2.000000  
89.311470 0.015057  0.097866  -0.004704  0.986401  0.158390  0.043894  -0.158938  0.987245  0.009267  -0.041867  -0.016118  0.998993  0.005924  0.001942  -0.007652  -0.202008  -0.029875  0.151561  2.000000  
89.312481 0.015062  0.097867  -0.004712  0.986433  0.158197  0.043854  -0.158735  0.987280  0.009037  -0.041867  -0.015875  0.998997  0.005698  0.001808  -0.007694  -0.203843  -0.024885  0.136701  2.000000  
89.313717 0.015068  0.097869  -0.004721  0.986433  0.158208  0.043816  -0.158735  0.987282  0.008797  -0.041867  -0.015633  0.999001  0.005529  0.001644  -0.007775  -0.204668  -0.020174  0.117179  2.000000  
89.314965 0.015074  0.097871  -0.004729  0.986433  0.158218  0.043777  -0.158735  0.987284  0.008558  -0.041867  -0.015391  0.999005  0.005399  0.001563  -0.007738  -0.202729  -0.015396  0.109458  2.000000  
89.315968 0.015080  0.097872  -0.004735  0.986433  0.158229  0.043739  -0.158735  0.987286  0.008318  -0.041867  -0.015148  0.999008  0.005313  0.001497  -0.007673  -0.207927  -0.010756  0.096628  2.000000  
89.317216 0.015085  0.097874  -0.004744  0.986466  0.158036  0.043699  -0.158532  0.987321  0.008088  -0.041867  -0.014906  0.999012  0.005209  0.001438  -0.007606  -0.209645  -0.010401  0.082104  2.000000  
89.318219 0.015090  0.097875  -0.004750  0.986466  0.158047  0.043661  -0.158532  0.987323  0.007848  -0.041867  -0.014664  0.999016  0.005119  0.001370  -0.007537  -0.209089  -0.005678  0.068479  2.000000  
89.319470 0.015096  0.097876  -0.004759  0.986466  0.158058  0.043622  -0.158532  0.987325  0.007609  -0.041867  -0.014421  0.999019  0.005038  0.001267  -0.007453  -0.210216  -0.005465  0.055215  2.000000  
89.320717 0.015103  0.097877  -0.004767  0.986460  0.158066  0.043716  -0.158531  0.987327  0.007348  -0.042000  -0.014179  0.999017  0.005009  0.001253  -0.007335  -0.209941  -0.005333  0.048306  2.000000  
89.321718 0.015108  0.097879  -0.004773  0.986460  0.158077  0.043678  -0.158531  0.987328  0.007108  -0.042000  -0.013936  0.999020  0.005009  0.001270  -0.007192  -0.209646  -0.005203  0.041395  2.000000  
89.322963 0.015115  0.097881  -0.004780  0.986493  0.157879  0.043657  -0.158328  0.987362  0.006998  -0.042000  -0.013815  0.999022  0.005021  0.001256  -0.007043  -0.207415  -0.000464  0.027429  2.000000  
89.323964 0.015120  0.097883  -0.004786  0.986493  0.157890  0.043619  -0.158328  0.987363  0.006758  -0.042000  -0.013573  0.999025  0.005049  0.001304  -0.006877  -0.207083  -0.000343  0.020567  2.000000  
89.324967 0.015126  0.097885  -0.004792  0.986493  0.157895  0.043599  -0.158328  0.987364  0.006638  -0.042000  -0.013452  0.999027  0.005128  0.001418  -0.006633  -0.204478  -0.000228  0.013828  2.000000  
89.326227 0.015133  0.097888  -0.004799  0.986460  0.158103  0.043582  -0.158531  0.987333  0.006510  -0.042000  -0.013331  0.999029  0.005155  0.001475  -0.006450  -0.200049  0.004383  0.006985  2.000000  
89.327471 0.015141  0.097890  -0.004806  0.986460  0.158114  0.043543  -0.158531  0.987334  0.006270  -0.042000  -0.013088  0.999032  0.005272  0.001547  -0.006285  -0.200041  0.004385  0.006984  2.000000  
89.328473 0.015147  0.097892  -0.004811  0.986460  0.158119  0.043524  -0.158531  0.987335  0.006150  -0.042000  -0.012967  0.999033  0.005370  0.001602  -0.006134  -0.195678  -0.000000  -0.000000  2.000000  
89.329473 0.015153  0.097894  -0.004816  0.986455  0.158123  0.043637  -0.158530  0.987336  0.006009  -0.042134  -0.012846  0.999029  0.005412  0.001636  -0.006028  -0.191594  -0.004496  -0.000071  2.000000  
89.330482 0.015160  0.097897  -0.004821  0.986422  0.158331  0.043619  -0.158733  0.987304  0.005881  -0.042134  -0.012725  0.999031  0.005500  0.001719  -0.005883  -0.187455  -0.004495  -0.000070  2.000000  
89.331720 0.015168  0.097900  -0.004827  0.986422  0.158342  0.043581  -0.158733  0.987305  0.005641  -0.042134  -0.012482  0.999034  0.005675  0.001825  -0.005747  -0.187509  -0.004496  -0.000069  2.000000  
89.332720 0.015175  0.097903  -0.004832  0.986389  0.158550  0.043562  -0.158936  0.987273  0.005512  -0.042134  -0.012361  0.999035  0.005838  0.001956  -0.005619  -0.183443  -0.004496  -0.000068  2.000000  
89.333967 0.015184  0.097907  -0.004838  0.986357  0.158759  0.043544  -0.159139  0.987241  0.005384  -0.042134  -0.012240  0.999037  0.005992  0.002129  -0.005474  -0.178193  -0.004562  0.006789  2.000000  
89.335220 0.015193  0.097912  -0.004843  0.986357  0.158764  0.043525  -0.159139  0.987242  0.005264  -0.042134  -0.012119  0.999038  0.006190  0.002338  -0.005302  -0.175608  -0.004599  0.006847  2.000000  
89.336469 0.015202  0.097916  -0.004849  0.986324  0.158978  0.043488  -0.159342  0.987211  0.005015  -0.042134  -0.011876  0.999041  0.006370  0.002505  -0.005114  -0.175870  -0.004697  0.013759  2.000000  
89.337714 0.015211  0.097921  -0.004853  0.986291  0.159187  0.043469  -0.159545  0.987179  0.004887  -0.042134  -0.011755  0.999043  0.006501  0.002673  -0.004940  -0.170683  -0.004754  0.020503  2.000000  
89.338715 0.015219  0.097925  -0.004858  0.986253  0.159388  0.043602  -0.159747  0.987146  0.004856  -0.042268  -0.011755  0.999037  0.006663  0.002824  -0.004860  0.000000  0.000000  0.000000  2.000000  
89.339716 0.015226  0.097930  -0.004861  0.986220  0.159597  0.043584  -0.159950  0.987114  0.004728  -0.042268  -0.011634  0.999039  0.006803  0.003009  -0.004738  0.000000  0.000000  0.000000  2.000000  
89.340963 0.015237  0.097935  -0.004867  0.986187  0.159805  0.043566  -0.160153  0.987081  0.004599  -0.042268  -0.011513  0.999040  0.006983  0.003192  -0.004618  0.000000  0.000000  0.000000  2.000000  
89.341966 0.015244  0.097939  -0.004871  0.986187  0.159805  0.043566  -0.160153  0.987081  0.004599  -0.042268  -0.011513  0.999040  0.007124  0.003373  -0.004515  0.000000  0.000000  0.000000  2.000000  
89.342985 0.015252  0.097944  -0.004876  0.986154  0.160014  0.043547  -0.160356  0.987049  0.004470  -0.042268  -0.011391  0.999041  0.007246  0.003528  -0.004442  0.000000  0.000000  0.000000  2.000000  
89.344220 0.015263  0.097949  -0.004881  0.986121  0.160217  0.043548  -0.160559  0.987016  0.004461  -0.042268  -0.011391  0.999041  0.007410  0.003734  -0.004424  0.000000  0.000000  0.000000  2.000000  
89.345471 0.015273  0.097955  -0.004887  0.986088  0.160425  0.043529  -0.160762  0.986984  0.004333  -0.042268  -0.011270  0.999043  0.007550  0.003836  -0.004430  0.000000  0.000000  0.000000  2.000000  
89.346483 0.015281  0.097959  -0.004892  0.986055  0.160629  0.043530  -0.160965  0.986951  0.004324  -0.042268  -0.011270  0.999043  0.007648  0.003987  -0.004424  0.000000  0.000000  0.000000  2.000000  
89.347716 0.015292  0.097965  -0.004898  0.986016  0.160836  0.043644  -0.161168  0.986918  0.004173  -0.042401  -0.011149  0.999038  0.007764  0.004118  -0.004407  0.000000  0.000000  0.000000  2.000000  
89.348717 0.015300  0.097970  -0.004902  0.985983  0.161039  0.043644  -0.161371  0.986885  0.004164  -0.042401  -0.011149  0.999038  0.007898  0.004259  -0.004397  0.000000  0.000000  0.000000  2.000000  
89.349717 0.015309  0.097975  -0.004907  0.985949  0.161242  0.043645  -0.161574  0.986852  0.004156  -0.042401  -0.011149  0.999038  0.008034  0.004371  -0.004374  0.000000  0.000000  0.000000  2.000000  
89.350718 0.015318  0.097980  -0.004912  0.985916  0.161445  0.043646  -0.161776  0.986819  0.004147  -0.042401  -0.011149  0.999038  0.008115  0.004475  -0.004460  0.000000  0.000000  0.000000  2.000000  
89.351963 0.015329  0.097987  -0.004917  0.985883  0.161654  0.043627  -0.161979  0.986786  0.004018  -0.042401  -0.011028  0.999040  0.008232  0.004591  -0.004476  0.000000  0.000000  0.000000  2.000000  
89.352967 0.015337  0.097991  -0.004922  0.985849  0.161857  0.043628  -0.162182  0.986753  0.004009  -0.042401  -0.011028  0.999040  0.008313  0.004628  -0.004538  0.000000  0.000000  0.000000  2.000000  
89.354220 0.015348  0.097997  -0.004928  0.985816  0.162060  0.043629  -0.162385  0.986719  0.004000  -0.042401  -0.011028  0.999040  0.008349  0.004632  -0.004610  0.000000  0.000000  0.000000  2.000000  
89.355468 0.015359  0.098004  -0.004934  0.985783  0.162263  0.043630  -0.162588  0.986686  0.003991  -0.042401  -0.011028  0.999040  0.008400  0.004682  -0.004668  0.000000  0.000000  0.000000  2.000000  
89.356468 0.015367  0.098008  -0.004939  0.985783  0.162263  0.043630  -0.162588  0.986686  0.003991  -0.042401  -0.011028  0.999040  0.008444  0.004710  -0.004682  0.000000  0.000000  0.000000  2.000000  
89.357469 0.015375  0.098013  -0.004944  0.985749  0.162471  0.043611  -0.162791  0.986653  0.003862  -0.042401  -0.010907  0.999041  0.008452  0.004736  -0.004732  0.000000  0.000000  0.000000  2.000000  
89.358479 0.015384  0.098017  -0.004948  0.985710  0.162673  0.043744  -0.162993  0.986620  0.003831  -0.042535  -0.010907  0.999035  0.008509  0.004768  -0.004672  0.000000  0.000000  0.000000  2.000000  
89.359491 0.015392  0.098022  -0.004953  0.985676  0.162876  0.043745  -0.163196  0.986586  0.003822  -0.042535  -0.010907  0.999035  0.008503  0.004765  -0.004670  0.000000  0.000000  0.000000  2.000000  
89.360718 0.015402  0.098027  -0.004959  0.985676  0.162876  0.043745  -0.163196  0.986586  0.003822  -0.042535  -0.010907  0.999035  0.008486  0.004740  -0.004697  0.000000  0.000000  0.000000  2.000000  
89.361721 0.015411  0.098032  -0.004964  0.985643  0.163079  0.043745  -0.163399  0.986553  0.003813  -0.042535  -0.010907  0.999035  0.008511  0.004771  -0.004675  0.000000  0.000000  0.000000  2.000000  
89.362965 0.015420  0.098037  -0.004970  0.985643  0.163079  0.043745  -0.163399  0.986553  0.003813  -0.042535  -0.010907  0.999035  0.008456  0.004710  -0.004721  0.000000  0.000000  0.000000  2.000000  
89.363967 0.015428  0.098041  -0.004975  0.985609  0.163282  0.043746  -0.163602  0.986519  0.003804  -0.042535  -0.010907  0.999035  0.008394  0.004648  -0.004767  0.000000  0.000000  0.000000  2.000000  
89.364968 0.015437  0.098045  -0.004980  0.985609  0.163282  0.043746  -0.163602  0.986519  0.003804  -0.042535  -0.010907  0.999035  0.008386  0.004587  -0.004822  0.000000  0.000000  0.000000  2.000000  
89.365968 0.015444  0.098049  -0.004985  0.985575  0.163480  0.043767  -0.163805  0.986485  0.003915  -0.042535  -0.011028  0.999034  0.008279  0.004496  -0.004856  0.000000  0.000000  0.000000  2.000000  
89.367218 0.015454  0.098054  -0.004992  0.985575  0.163480  0.043767  -0.163805  0.986485  0.003915  -0.042535  -0.011028  0.999034  0.008204  0.004379  -0.004920  0.000000  0.000000  0.000000  2.000000  
89.368469 0.015464  0.098058  -0.004998  0.985536  0.163682  0.043899  -0.164007  0.986452  0.003884  -0.042669  -0.011028  0.999028  0.008133  0.004290  -0.004915  0.000000  0.000000  0.000000  2.000000  
89.369470 0.015471  0.098061  -0.005003  0.985536  0.163682  0.043899  -0.164007  0.986452  0.003884  -0.042669  -0.011028  0.999028  0.008053  0.004184  -0.004935  0.000000  0.000000  0.000000  2.000000  
89.370717 0.015480  0.098065  -0.005010  0.985536  0.163682  0.043899  -0.164007  0.986452  0.003884  -0.042669  -0.011028  0.999028  0.007900  0.004030  -0.004949  0.000000  0.000000  0.000000  2.000000  
89.371964 0.015489  0.098069  -0.005015  0.985536  0.163682  0.043899  -0.164007  0.986452  0.003884  -0.042669  -0.011028  0.999028  0.007851  0.003957  -0.004943  0.000000  0.000000  0.000000  2.000000  
89.373217 0.015497  0.098073  -0.005021  0.985536  0.163682  0.043899  -0.164007  0.986452  0.003884  -0.042669  -0.011028  0.999028  0.007713  0.003794  -0.004907  0.000000  0.000000  0.000000  2.000000  
89.374219 0.015504  0.098076  -0.005026  0.985502  0.163885  0.043900  -0.164210  0.986418  0.003875  -0.042669  -0.011028  0.999028  0.007633  0.003726  -0.004931  0.000000  0.000000  0.000000  2.000000  
89.375220 0.015511  0.098079  -0.005030  0.985497  0.163883  0.044032  -0.164209  0.986418  0.003853  -0.042802  -0.011028  0.999023  0.007513  0.003568  -0.004916  0.000000  0.000000  0.000000  2.000000  
89.376221 0.015518  0.098082  -0.005035  0.985497  0.163878  0.044052  -0.164209  0.986418  0.003973  -0.042802  -0.011149  0.999021  0.007405  0.003495  -0.004897  0.000000  0.000000  0.000000  2.000000  
89.377222 0.015524  0.098085  -0.005039  0.985497  0.163878  0.044052  -0.164209  0.986418  0.003973  -0.042802  -0.011149  0.999021  0.007280  0.003416  -0.004863  0.000000  0.000000  0.000000  2.000000  
89.378483 0.015532  0.098089  -0.005045  0.985497  0.163878  0.044052  -0.164209  0.986418  0.003973  -0.042802  -0.011149  0.999021  0.007159  0.003297  -0.004841  0.000000  0.000000  0.000000  2.000000  
89.379718 0.015539  0.098092  -0.005051  0.985497  0.163878  0.044052  -0.164209  0.986418  0.003973  -0.042802  -0.011149  0.999021  0.006946  0.003162  -0.004781  0.000000  0.000000  0.000000  2.000000  
89.380719 0.015545  0.098095  -0.005055  0.985497  0.163878  0.044052  -0.164209  0.986418  0.003973  -0.042802  -0.011149  0.999021  0.006844  0.003112  -0.004719  0.000000  0.000000  0.000000  2.000000  
89.381967 0.015553  0.098098  -0.005060  0.985491  0.163877  0.044184  -0.164208  0.986418  0.003951  -0.042936  -0.011149  0.999016  0.006741  0.003035  -0.004630  0.000000  0.000000  0.000000  2.000000  
89.382969 0.015559  0.098101  -0.005064  0.985491  0.163871  0.044204  -0.164208  0.986417  0.004070  -0.042936  -0.011270  0.999014  0.006624  0.002991  -0.004509  0.000000  0.000000  0.000000  2.000000  
89.383969 0.015565  0.098104  -0.005068  0.985491  0.163871  0.044204  -0.164208  0.986417  0.004070  -0.042936  -0.011270  0.999014  0.006482  0.002936  -0.004482  0.000000  0.000000  0.000000  2.000000  
89.385219 0.015573  0.098107  -0.005073  0.985491  0.163871  0.044204  -0.164208  0.986417  0.004070  -0.042936  -0.011270  0.999014  0.006421  0.002890  -0.004385  0.000000  0.000000  0.000000  2.000000  
89.386219 0.015578  0.098110  -0.005077  0.985485  0.163870  0.044335  -0.164207  0.986418  0.004048  -0.043070  -0.011270  0.999008  0.006309  0.002865  -0.004333  0.000000  0.000000  0.000000  2.000000  
89.387470 0.015585  0.098113  -0.005082  0.985485  0.163864  0.044355  -0.164207  0.986417  0.004168  -0.043070  -0.011391  0.999007  0.006208  0.002820  -0.004265  0.000000  0.000000  0.000000  2.000000  
89.388471 0.015591  0.098115  -0.005086  0.985485  0.163864  0.044355  -0.164207  0.986417  0.004168  -0.043070  -0.011391  0.999007  0.006117  0.002759  -0.004244  0.000000  0.000000  0.000000  2.000000  
89.389718 0.015598  0.098119  -0.005090  0.985480  0.163863  0.044487  -0.164206  0.986417  0.004146  -0.043204  -0.011391  0.999001  0.006025  0.002771  -0.004134  0.000000  0.000000  0.000000  2.000000  
89.390964 0.015606  0.098122  -0.005094  0.985480  0.163857  0.044507  -0.164206  0.986417  0.004266  -0.043204  -0.011512  0.999000  0.005980  0.002727  -0.004069  0.000000  0.000000  0.000000  2.000000  
89.391966 0.015611  0.098126  -0.005097  0.985480  0.163857  0.044507  -0.164206  0.986417  0.004266  -0.043204  -0.011512  0.999000  0.005940  0.002739  -0.003961  0.000000  0.000000  0.000000  2.000000  
89.392972 0.015617  0.098129  -0.005101  0.985480  0.163857  0.044507  -0.164206  0.986417  0.004266  -0.043204  -0.011512  0.999000  0.005896  0.002746  -0.003854  0.000000  0.000000  0.000000  2.000000  
89.394221 0.015625  0.098133  -0.005104  0.985474  0.163851  0.044659  -0.164205  0.986417  0.004363  -0.043337  -0.011633  0.998993  0.005897  0.002764  -0.003709  0.000000  0.000000  0.000000  2.000000  
89.395470 0.015633  0.098137  -0.005107  0.985440  0.164054  0.044660  -0.164408  0.986383  0.004354  -0.043337  -0.011633  0.998993  0.005920  0.002843  -0.003555  0.000000  0.000000  0.000000  2.000000  
89.396474 0.015638  0.098140  -0.005111  0.985440  0.164054  0.044660  -0.164408  0.986383  0.004354  -0.043337  -0.011633  0.998993  0.005877  0.002873  -0.003489  0.000000  0.000000  0.000000  2.000000  
89.397719 0.015646  0.098145  -0.005113  0.985434  0.164047  0.044811  -0.164407  0.986383  0.004452  -0.043471  -0.011754  0.998986  0.005915  0.002947  -0.003376  0.000000  0.000000  0.000000  2.000000  
89.398969 0.015654  0.098149  -0.005116  0.985434  0.164047  0.044811  -0.164407  0.986383  0.004452  -0.043471  -0.011754  0.998986  0.005934  0.003021  -0.003221  0.000000  0.000000  0.000000  2.000000  
89.400221 0.015661  0.098153  -0.005119  0.985395  0.164248  0.044944  -0.164609  0.986349  0.004421  -0.043605  -0.011754  0.998980  0.005936  0.003060  -0.003115  0.000000  0.000000  0.000000  2.000000  
89.401468 0.015669  0.098158  -0.005121  0.985395  0.164243  0.044964  -0.164609  0.986348  0.004540  -0.043605  -0.011876  0.998978  0.005978  0.003172  -0.002913  0.000000  0.000000  0.000000  2.000000  
89.402481 0.015675  0.098162  -0.005124  0.985395  0.164243  0.044964  -0.164609  0.986348  0.004540  -0.043605  -0.011876  0.998978  0.006005  0.003263  -0.002822  0.000000  0.000000  0.000000  2.000000  
89.403719 0.015683  0.098167  -0.005127  0.985355  0.164439  0.045117  -0.164811  0.986314  0.004629  -0.043738  -0.011997  0.998971  0.006079  0.003383  -0.002652  0.000000  0.000000  0.000000  2.000000  
89.404964 0.015691  0.098172  -0.005129  0.985355  0.164439  0.045117  -0.164811  0.986314  0.004629  -0.043738  -0.011997  0.998971  0.006083  0.003464  -0.002554  0.000000  0.000000  0.000000  2.000000  
89.405965 0.015698  0.098176  -0.005131  0.985315  0.164640  0.045250  -0.165013  0.986281  0.004597  -0.043872  -0.011997  0.998965  0.006149  0.003608  -0.002406  0.000000  0.000000  0.000000  2.000000  
89.406965 0.015704  0.098180  -0.005133  0.985315  0.164635  0.045270  -0.165013  0.986280  0.004717  -0.043872  -0.012118  0.998964  0.006181  0.003658  -0.002340  0.000000  0.000000  0.000000  2.000000  
89.408230 0.015712  0.098186  -0.005135  0.985315  0.164635  0.045270  -0.165013  0.986280  0.004717  -0.043872  -0.012118  0.998964  0.006278  0.003780  -0.002210  0.000000  0.000000  0.000000  2.000000  
89.409471 0.015720  0.098191  -0.005137  0.985275  0.164831  0.045422  -0.165215  0.986246  0.004805  -0.044006  -0.012239  0.998956  0.006245  0.003861  -0.002135  0.000000  0.000000  0.000000  2.000000  
89.410480 0.015727  0.098196  -0.005139  0.985275  0.164831  0.045422  -0.165215  0.986246  0.004805  -0.044006  -0.012239  0.998956  0.006288  0.003926  -0.002049  0.000000  0.000000  0.000000  2.000000  
89.411721 0.015735  0.098201  -0.005141  0.985236  0.165032  0.045555  -0.165416  0.986212  0.004774  -0.044139  -0.012239  0.998950  0.006296  0.003990  -0.002001  0.000000  0.000000  0.000000  2.000000  
89.412967 0.015742  0.098206  -0.005143  0.985202  0.165230  0.045576  -0.165619  0.986178  0.004884  -0.044139  -0.012360  0.998949  0.006310  0.004011  -0.001971  0.000000  0.000000  0.000000  2.000000  
89.413968 0.015749  0.098210  -0.005145  0.985202  0.165230  0.045576  -0.165619  0.986178  0.004884  -0.044139  -0.012360  0.998949  0.006329  0.004068  -0.001958  0.000000  0.000000  0.000000  2.000000  
89.414969 0.015755  0.098214  -0.005147  0.985162  0.165431  0.045709  -0.165821  0.986144  0.004852  -0.044273  -0.012360  0.998943  0.006341  0.004149  -0.001879  0.000000  0.000000  0.000000  2.000000  
89.416218 0.015763  0.098220  -0.005149  0.985162  0.165425  0.045729  -0.165821  0.986143  0.004972  -0.044273  -0.012481  0.998942  0.006370  0.004222  -0.001838  0.000000  0.000000  0.000000  2.000000  
