1-Time 2-Px 3-Py 4-Pz 5-R11 6-R21 7-R31 8-R12 9-R22 10-R32 11-R13 12-R23 13-R33 14-Vx 15-Vy 16-Vz 17-Wx 18-Wy 19-Wz 20-state 21-PR11 22-PR21 23-PR31 24-PR12 25-PR22 26-PR32 27-PR13 28-PR23 29-PR33 
188.132554 0.013066  0.097216  -0.017168  0.993602  0.112940  -0.000519  -0.112781  0.992423  0.048748  0.006021  -0.048378  0.998811  0.000123  0.000165  -0.000009  0.000000  0.000000  0.000000  2.000000  
188.133554 0.013067  0.097217  -0.017168  0.993602  0.112940  -0.000519  -0.112781  0.992423  0.048748  0.006021  -0.048378  0.998811  0.000151  0.000191  0.000013  0.000000  0.000000  0.000000  2.000000  
188.134570 0.013069  0.097218  -0.017168  0.993555  0.113349  -0.000485  -0.113190  0.992371  0.048869  0.006021  -0.048499  0.998805  0.000321  0.000255  0.000040  0.000000  0.000000  0.000000  2.000000  
188.135807 0.013073  0.097218  -0.017168  0.993462  0.114166  -0.000431  -0.114008  0.992271  0.048990  0.006021  -0.048620  0.998799  0.000575  0.000287  -0.000012  0.000000  0.000000  0.000000  2.000000  
188.136808 0.013077  0.097219  -0.017167  0.993415  0.114575  -0.000397  -0.114417  0.992218  0.049110  0.006021  -0.048741  0.998793  0.000808  0.000300  0.000063  0.000000  0.000000  0.000000  2.000000  
188.137812 0.013081  0.097218  -0.017167  0.993368  0.114977  -0.000230  -0.114826  0.992166  0.049215  0.005887  -0.048862  0.998788  0.001084  0.000256  0.000078  0.000000  0.000000  0.000000  2.000000  
188.139058 0.013086  0.097218  -0.017168  0.993296  0.115596  -0.000319  -0.115439  0.992088  0.049351  0.006021  -0.048983  0.998781  0.001466  0.000237  0.000027  0.000000  0.000000  0.000000  2.000000  
188.140061 0.013092  0.097219  -0.017169  0.993224  0.116215  -0.000407  -0.116053  0.992009  0.049487  0.006155  -0.049105  0.998775  0.001826  0.000271  -0.000043  0.000000  0.000000  0.000000  2.000000  
188.141062 0.013097  0.097219  -0.017169  0.993150  0.116841  -0.000627  -0.116666  0.991930  0.049639  0.006422  -0.049226  0.998767  0.002174  0.000306  -0.000073  0.000000  0.000000  0.000000  2.000000  
188.142309 0.013104  0.097220  -0.017169  0.993030  0.117862  -0.000562  -0.117688  0.991803  0.049760  0.006422  -0.049347  0.998761  0.002629  0.000321  -0.000071  0.033683  0.005021  0.173394  2.000000  
188.143309 0.013110  0.097221  -0.017169  0.992908  0.118883  -0.000496  -0.118710  0.991675  0.049881  0.006422  -0.049468  0.998755  0.003010  0.000387  -0.000078  0.037978  0.003319  0.207961  2.000000  
188.144571 0.013119  0.097223  -0.017170  0.992785  0.119904  -0.000431  -0.119732  0.991546  0.050001  0.006422  -0.049589  0.998749  0.003619  0.000511  -0.000107  0.042248  0.001611  0.242392  2.000000  
188.145808 0.013129  0.097226  -0.017169  0.992637  0.121129  -0.000339  -0.120959  0.991385  0.050242  0.006422  -0.049831  0.998737  0.004230  0.000697  -0.000044  0.050682  -0.000456  0.283982  2.000000  
188.147056 0.013138  0.097230  -0.017167  0.992487  0.122353  -0.000263  -0.122185  0.991229  0.050363  0.006422  -0.049953  0.998731  0.004892  0.000945  0.000103  0.055016  -0.002514  0.325444  2.000000  
188.148305 0.013149  0.097234  -0.017165  0.992335  0.123577  -0.000170  -0.123411  0.991065  0.050604  0.006422  -0.050195  0.998719  0.005525  0.001172  0.000199  0.063439  -0.004601  0.366972  2.000000  
188.149559 0.013161  0.097239  -0.017164  0.992181  0.124808  -0.000225  -0.124636  0.990904  0.050741  0.006556  -0.050316  0.998712  0.006159  0.001408  0.000236  0.067781  -0.002179  0.408537  2.000000  
188.150561 0.013171  0.097242  -0.017163  0.992077  0.125631  -0.000286  -0.125453  0.990788  0.050998  0.006690  -0.050558  0.998699  0.006624  0.001582  0.000315  0.076144  0.000893  0.436441  2.000000  
188.151813 0.013183  0.097244  -0.017162  0.991920  0.126861  -0.000324  -0.126678  0.990619  0.051256  0.006824  -0.050800  0.998686  0.007139  0.001763  0.000357  0.084581  0.003272  0.478061  2.000000  
188.153059 0.013195  0.097245  -0.017162  0.991763  0.128085  -0.000230  -0.127903  0.990449  0.051496  0.006824  -0.051043  0.998673  0.007593  0.001862  0.000403  0.093004  0.001151  0.519545  2.000000  
188.154062 0.013206  0.097246  -0.017161  0.991657  0.128901  -0.000172  -0.128720  0.990337  0.051617  0.006824  -0.051164  0.998667  0.007976  0.001881  0.000493  0.097247  -0.000258  0.547128  2.000000  
188.155308 0.013220  0.097247  -0.017161  0.991471  0.130328  -0.000066  -0.130149  0.990137  0.051857  0.006824  -0.051406  0.998655  0.008453  0.001843  0.000513  0.105714  -0.002741  0.595516  2.000000  
188.156310 0.013230  0.097246  -0.017162  0.991363  0.131143  0.000009  -0.130965  0.990017  0.052097  0.006824  -0.051648  0.998642  0.008798  0.001774  0.000529  0.114063  -0.004198  0.623262  2.000000  
188.157314 0.013240  0.097245  -0.017161  0.991255  0.131958  0.000067  -0.131782  0.989902  0.052217  0.006824  -0.051769  0.998636  0.009145  0.001678  0.000553  0.118273  -0.005619  0.650660  2.000000  
188.158564 0.013253  0.097243  -0.017162  0.991146  0.132773  0.000143  -0.132598  0.989781  0.052457  0.006824  -0.052012  0.998623  0.009438  0.001440  0.000489  0.126634  -0.007089  0.678469  2.000000  
188.159810 0.013267  0.097241  -0.017164  0.990982  0.133996  0.000224  -0.133822  0.989610  0.052577  0.006824  -0.052133  0.998617  0.009780  0.001121  0.000413  0.130952  -0.009214  0.719794  2.000000  
188.160811 0.013278  0.097239  -0.017166  0.990871  0.134811  0.000300  -0.134638  0.989486  0.052817  0.006824  -0.052375  0.998604  0.009988  0.000814  0.000195  0.139293  -0.010697  0.747493  2.000000  
188.162058 0.013292  0.097238  -0.017168  0.990733  0.135822  0.000519  -0.135658  0.989335  0.053038  0.006690  -0.052617  0.998592  0.010257  0.000532  -0.000081  0.147582  -0.016676  0.774967  2.000000  
188.163306 0.013305  0.097237  -0.017170  0.990593  0.136840  0.000591  -0.136678  0.989188  0.053158  0.006690  -0.052739  0.998586  0.010407  0.000166  -0.000343  0.151909  -0.018476  0.809681  2.000000  
188.164310 0.013316  0.097236  -0.017171  0.990509  0.137444  0.000772  -0.137290  0.989098  0.053259  0.006556  -0.052860  0.998580  0.010469  -0.000193  -0.000478  0.151961  -0.023426  0.816699  2.000000  
188.165555 0.013329  0.097234  -0.017172  0.990367  0.138462  0.000844  -0.138309  0.988950  0.053378  0.006556  -0.052981  0.998574  0.010549  -0.000512  -0.000606  0.151962  -0.023870  0.823383  2.000000  
188.166561 0.013339  0.097231  -0.017174  0.990282  0.139073  0.000894  -0.138921  0.988857  0.053498  0.006556  -0.053102  0.998568  0.010587  -0.000864  -0.000805  0.151976  -0.024317  0.830127  2.000000  
188.167808 0.013351  0.097229  -0.017175  0.990139  0.140083  0.001098  -0.139940  0.988708  0.053598  0.006422  -0.053223  0.998562  0.010565  -0.001093  -0.000907  0.150763  -0.025271  0.843973  2.000000  
188.168827 0.013360  0.097226  -0.017176  0.990052  0.140694  0.001131  -0.140552  0.988622  0.053597  0.006422  -0.053223  0.998562  0.010452  -0.001340  -0.000978  0.147892  -0.030004  0.850160  2.000000  
188.170056 0.013370  0.097222  -0.017176  0.989965  0.141304  0.001182  -0.141163  0.988528  0.053716  0.006422  -0.053344  0.998556  0.010206  -0.001643  -0.000971  0.146837  -0.034335  0.843539  2.000000  
188.171062 0.013378  0.097219  -0.017176  0.989908  0.141704  0.001336  -0.141571  0.988471  0.053697  0.006288  -0.053344  0.998556  0.010022  -0.001873  -0.001005  0.143914  -0.047425  0.835829  2.000000  
188.172314 0.013386  0.097213  -0.017178  0.989821  0.142315  0.001386  -0.142182  0.988376  0.053816  0.006288  -0.053465  0.998550  0.009741  -0.002148  -0.001113  0.143775  -0.046457  0.815051  2.000000  
188.173564 0.013394  0.097208  -0.017179  0.989703  0.143128  0.001431  -0.142997  0.988259  0.053815  0.006288  -0.053465  0.998550  0.009418  -0.002337  -0.001151  0.135578  -0.046199  0.808128  2.000000  
188.174574 0.013400  0.097204  -0.017182  0.989645  0.143528  0.001585  -0.143405  0.988201  0.053795  0.006155  -0.053465  0.998551  0.009059  -0.002515  -0.001217  0.131325  -0.050011  0.793860  2.000000  
188.175811 0.013408  0.097199  -0.017186  0.989556  0.144139  0.001618  -0.144016  0.988112  0.053794  0.006155  -0.053465  0.998551  0.008625  -0.002726  -0.001299  0.127155  -0.049001  0.773348  2.000000  
188.177059 0.013414  0.097193  -0.017189  0.989497  0.144545  0.001641  -0.144424  0.988053  0.053794  0.006155  -0.053465  0.998551  0.008094  -0.003025  -0.001446  0.122941  -0.047631  0.745925  2.000000  
188.178059 0.013418  0.097189  -0.017193  0.989438  0.144945  0.001795  -0.144831  0.987994  0.053774  0.006021  -0.053466  0.998552  0.007677  -0.003264  -0.001558  0.114588  -0.051128  0.724831  2.000000  
188.179305 0.013423  0.097184  -0.017197  0.989348  0.145555  0.001828  -0.145442  0.987904  0.053772  0.006021  -0.053466  0.998552  0.007174  -0.003453  -0.001760  0.110459  -0.054600  0.704052  2.000000  
188.180308 0.013427  0.097180  -0.017202  0.989288  0.145962  0.001850  -0.145850  0.987844  0.053772  0.006021  -0.053466  0.998552  0.006639  -0.003654  -0.001982  0.105487  -0.058279  0.691021  2.000000  
188.181560 0.013431  0.097175  -0.017207  0.989229  0.146362  0.002005  -0.146257  0.987785  0.053751  0.005887  -0.053466  0.998552  0.006107  -0.003756  -0.002165  0.093924  -0.066076  0.661812  2.000000  
188.182562 0.013433  0.097171  -0.017210  0.989169  0.146768  0.002027  -0.146664  0.987725  0.053750  0.005887  -0.053466  0.998552  0.005586  -0.003932  -0.002372  0.089051  -0.065204  0.649409  2.000000  
188.183806 0.013435  0.097165  -0.017215  0.989108  0.147175  0.002031  -0.147072  0.987671  0.053630  0.005887  -0.053344  0.998559  0.005006  -0.004069  -0.002604  0.076757  -0.063818  0.622078  2.000000  
188.184806 0.013436  0.097160  -0.017219  0.989048  0.147575  0.002185  -0.147479  0.987611  0.053609  0.005753  -0.053344  0.998560  0.004564  -0.004177  -0.002872  0.072548  -0.067238  0.601326  2.000000  
188.185812 0.013437  0.097155  -0.017223  0.988988  0.147982  0.002189  -0.147886  0.987557  0.053489  0.005753  -0.053223  0.998566  0.004098  -0.004261  -0.003075  0.060729  -0.066367  0.578529  2.000000  
188.187057 0.013439  0.097150  -0.017227  0.988927  0.148382  0.002325  -0.148293  0.987503  0.053348  0.005620  -0.053102  0.998573  0.003649  -0.004265  -0.003312  0.047977  -0.069591  0.559838  2.000000  
188.188058 0.013440  0.097147  -0.017230  0.988866  0.148788  0.002347  -0.148701  0.987442  0.053347  0.005620  -0.053102  0.998573  0.003292  -0.004205  -0.003436  0.043849  -0.068907  0.546146  2.000000  
188.189312 0.013442  0.097143  -0.017233  0.988805  0.149195  0.002351  -0.149108  0.987387  0.053226  0.005620  -0.052981  0.998580  0.002835  -0.004103  -0.003452  0.031811  -0.068059  0.523043  2.000000  
188.190564 0.013444  0.097140  -0.017236  0.988744  0.149602  0.002355  -0.149515  0.987332  0.053106  0.005620  -0.052860  0.998586  0.002499  -0.003971  -0.003411  0.019449  -0.066993  0.502266  2.000000  
188.191811 0.013447  0.097138  -0.017239  0.988682  0.150009  0.002359  -0.149922  0.987277  0.052985  0.005620  -0.052739  0.998593  0.002270  -0.003757  -0.003347  0.007058  -0.061441  0.481780  2.000000  
188.193058 0.013450  0.097136  -0.017242  0.988620  0.150416  0.002362  -0.150329  0.987222  0.052864  0.005620  -0.052618  0.998599  0.002123  -0.003508  -0.003237  -0.001223  -0.060348  0.461059  2.000000  
188.194059 0.013453  0.097135  -0.017244  0.988559  0.150815  0.002498  -0.150736  0.987167  0.052723  0.005486  -0.052497  0.998606  0.001992  -0.003316  -0.003134  -0.009331  -0.064307  0.457039  2.000000  
188.195307 0.013456  0.097134  -0.017247  0.988497  0.151222  0.002501  -0.151143  0.987111  0.052603  0.005486  -0.052376  0.998612  0.001913  -0.003100  -0.003027  -0.017759  -0.058890  0.433419  2.000000  
188.196555 0.013460  0.097132  -0.017250  0.988435  0.151622  0.002637  -0.151550  0.987056  0.052462  0.005352  -0.052254  0.998619  0.001917  -0.002878  -0.002890  -0.025774  -0.062509  0.422843  2.000000  
188.197559 0.013463  0.097131  -0.017254  0.988373  0.152029  0.002640  -0.151957  0.987000  0.052341  0.005352  -0.052133  0.998626  0.001994  -0.002635  -0.002886  -0.033965  -0.057321  0.409293  2.000000  
188.198804 0.013467  0.097130  -0.017258  0.988310  0.152435  0.002661  -0.152364  0.986938  0.052340  0.005352  -0.052133  0.998626  0.002153  -0.002363  -0.002869  -0.034073  -0.056642  0.395894  2.000000  
188.199809 0.013471  0.097129  -0.017261  0.988248  0.152835  0.002796  -0.152771  0.986882  0.052198  0.005218  -0.052012  0.998633  0.002338  -0.002039  -0.002816  -0.042550  -0.061194  0.391727  2.000000  
188.200809 0.013475  0.097128  -0.017265  0.988216  0.153038  0.002807  -0.152975  0.986851  0.052198  0.005218  -0.052012  0.998633  0.002514  -0.001816  -0.002805  -0.042273  -0.055885  0.381952  2.000000  
188.202056 0.013481  0.097128  -0.017269  0.988153  0.153445  0.002810  -0.153382  0.986794  0.052077  0.005218  -0.051891  0.998639  0.002756  -0.001514  -0.002774  -0.050394  -0.055517  0.375051  2.000000  
188.203057 0.013486  0.097128  -0.017272  0.988122  0.153641  0.002953  -0.153585  0.986763  0.052056  0.005084  -0.051891  0.998640  0.003042  -0.001268  -0.002804  -0.050457  -0.059607  0.367951  2.000000  
188.204063 0.013492  0.097129  -0.017275  0.988059  0.154047  0.002974  -0.153992  0.986700  0.052055  0.005084  -0.051891  0.998640  0.003351  -0.000985  -0.002861  -0.050916  -0.059738  0.364100  2.000000  
188.205309 0.013500  0.097130  -0.017278  0.987996  0.154454  0.002977  -0.154399  0.986643  0.051934  0.005084  -0.051770  0.998646  0.003758  -0.000676  -0.002857  -0.055062  -0.054867  0.357470  2.000000  
188.206310 0.013506  0.097132  -0.017280  0.987964  0.154657  0.002988  -0.154602  0.986611  0.051933  0.005084  -0.051770  0.998646  0.004049  -0.000450  -0.002838  -0.055099  -0.054501  0.350548  2.000000  
188.207563 0.013515  0.097135  -0.017282  0.987900  0.155063  0.002990  -0.155009  0.986553  0.051812  0.005084  -0.051649  0.998652  0.004442  -0.000114  -0.002842  -0.059225  -0.049614  0.343800  2.000000  
188.208809 0.013524  0.097138  -0.017285  0.987836  0.155470  0.002993  -0.155416  0.986496  0.051691  0.005084  -0.051528  0.998659  0.004796  0.000172  -0.002780  -0.063306  -0.049597  0.343827  2.000000  
188.209812 0.013531  0.097140  -0.017286  0.987804  0.155673  0.003003  -0.155619  0.986464  0.051691  0.005084  -0.051528  0.998659  0.005118  0.000428  -0.002739  -0.063342  -0.049231  0.336902  2.000000  
188.211058 0.013540  0.097145  -0.017288  0.987708  0.156276  0.003148  -0.156229  0.986375  0.051548  0.004951  -0.051407  0.998666  0.005473  0.000812  -0.002616  -0.067465  -0.049212  0.336914  2.000000  
188.212306 0.013550  0.097150  -0.017289  0.987644  0.156682  0.003150  -0.156636  0.986317  0.051427  0.004951  -0.051285  0.998672  0.005880  0.001235  -0.002467  -0.071565  -0.049207  0.337026  2.000000  
188.213306 0.013558  0.097154  -0.017291  0.987612  0.156886  0.003142  -0.156839  0.986291  0.051307  0.004951  -0.051164  0.998678  0.006231  0.001658  -0.002283  -0.071598  -0.048802  0.330098  2.000000  
188.214307 0.013567  0.097159  -0.017292  0.987579  0.157089  0.003133  -0.157043  0.986264  0.051187  0.004951  -0.051043  0.998684  0.006562  0.002058  -0.002146  -0.075719  -0.044302  0.330429  2.000000  
188.215561 0.013578  0.097165  -0.017294  0.987515  0.157495  0.003155  -0.157449  0.986200  0.051186  0.004951  -0.051043  0.998684  0.006962  0.002513  -0.002004  -0.071651  -0.043905  0.323401  2.000000  
188.216806 0.013588  0.097171  -0.017297  0.987450  0.157902  0.003156  -0.157856  0.986141  0.051065  0.004951  -0.050922  0.998690  0.007234  0.002886  -0.001932  -0.071673  -0.039375  0.323639  2.000000  
188.217811 0.013597  0.097176  -0.017299  0.987385  0.158308  0.003177  -0.158262  0.986076  0.051063  0.004951  -0.050922  0.998690  0.007453  0.003216  -0.001870  -0.071075  -0.039046  0.320939  2.000000  
188.219061 0.013608  0.097183  -0.017304  0.987319  0.158714  0.003179  -0.158669  0.986017  0.050942  0.004951  -0.050801  0.998697  0.007766  0.003621  -0.001932  -0.071672  -0.039335  0.323640  2.000000  
188.220308 0.013620  0.097189  -0.017308  0.987254  0.159120  0.003200  -0.159075  0.985951  0.050941  0.004951  -0.050801  0.998697  0.007976  0.003941  -0.002019  -0.067607  -0.039322  0.323699  2.000000  
188.221309 0.013629  0.097195  -0.017312  0.987221  0.159323  0.003211  -0.159279  0.985919  0.050941  0.004951  -0.050801  0.998697  0.008178  0.004203  -0.002159  -0.062987  -0.038968  0.320944  2.000000  
188.222310 0.013639  0.097200  -0.017316  0.987155  0.159736  0.003100  -0.159685  0.985852  0.050961  0.005084  -0.050801  0.998696  0.008367  0.004431  -0.002307  -0.059410  -0.034780  0.323836  2.000000  
188.223561 0.013650  0.097207  -0.017321  0.987089  0.160142  0.003101  -0.160091  0.985792  0.050840  0.005084  -0.050680  0.998702  0.008580  0.004694  -0.002488  -0.059450  -0.034385  0.316944  2.000000  
188.224573 0.013659  0.097212  -0.017325  0.987056  0.160345  0.003112  -0.160295  0.985759  0.050839  0.005084  -0.050680  0.998702  0.008677  0.004848  -0.002607  -0.058982  -0.029648  0.314563  2.000000  
188.225808 0.013670  0.097219  -0.017330  0.986990  0.160751  0.003133  -0.160701  0.985693  0.050838  0.005084  -0.050680  0.998702  0.008818  0.005001  -0.002848  -0.055404  -0.029880  0.317230  2.000000  
188.226810 0.013680  0.097224  -0.017334  0.986923  0.161164  0.003002  -0.161107  0.985632  0.050738  0.005218  -0.050559  0.998707  0.008909  0.005099  -0.003021  -0.055398  -0.020855  0.317665  2.000000  
188.228059 0.013692  0.097232  -0.017339  0.986890  0.161367  0.003013  -0.161310  0.985599  0.050738  0.005218  -0.050559  0.998707  0.009043  0.005249  -0.003260  -0.051353  -0.020479  0.310728  2.000000  
188.229059 0.013701  0.097238  -0.017343  0.986823  0.161773  0.003014  -0.161717  0.985538  0.050617  0.005218  -0.050437  0.998714  0.009095  0.005321  -0.003416  -0.051348  -0.020439  0.310703  2.000000  
188.230307 0.013713  0.097246  -0.017347  0.986790  0.161976  0.003024  -0.161920  0.985505  0.050616  0.005218  -0.050437  0.998714  0.009169  0.005474  -0.003608  -0.051410  -0.015596  0.304053  2.000000  
188.231561 0.013724  0.097254  -0.017353  0.986723  0.162388  0.002894  -0.162326  0.985443  0.050517  0.005352  -0.050316  0.998719  0.009233  0.005622  -0.003797  -0.051354  -0.011421  0.311198  2.000000  
188.232808 0.013736  0.097263  -0.017358  0.986689  0.162598  0.002772  -0.162529  0.985409  0.050538  0.005486  -0.050316  0.998718  0.009265  0.005763  -0.003937  -0.050971  -0.002068  0.302259  2.000000  
188.234054 0.013747  0.097271  -0.017364  0.986655  0.162801  0.002763  -0.162732  0.985381  0.050418  0.005486  -0.050195  0.998724  0.009297  0.005841  -0.004012  -0.055061  -0.001700  0.295459  2.000000  
188.235056 0.013756  0.097276  -0.017370  0.986621  0.163004  0.002773  -0.162935  0.985348  0.050418  0.005486  -0.050195  0.998724  0.009271  0.005853  -0.004168  -0.051044  -0.001332  0.288552  2.000000  
188.236062 0.013765  0.097282  -0.017375  0.986587  0.163214  0.002632  -0.163138  0.985319  0.050319  0.005620  -0.050074  0.998730  0.009248  0.005929  -0.004234  -0.055521  0.003166  0.291153  2.000000  
188.237309 0.013776  0.097290  -0.017381  0.986554  0.163417  0.002642  -0.163341  0.985286  0.050319  0.005620  -0.050074  0.998730  0.009195  0.005952  -0.004274  -0.051492  0.003536  0.284303  2.000000  
188.238564 0.013787  0.097296  -0.017388  0.986520  0.163620  0.002653  -0.163545  0.985252  0.050318  0.005620  -0.050074  0.998730  0.009146  0.005984  -0.004443  -0.047438  0.003904  0.277312  2.000000  
188.239811 0.013798  0.097303  -0.017395  0.986486  0.163829  0.002531  -0.163748  0.985217  0.050340  0.005753  -0.050074  0.998729  0.009114  0.006003  -0.004564  -0.047032  0.008326  0.275274  2.000000  
188.241061 0.013808  0.097309  -0.017402  0.986452  0.164032  0.002542  -0.163951  0.985183  0.050339  0.005753  -0.050074  0.998729  0.009041  0.005932  -0.004760  -0.043434  0.013605  0.263942  2.000000  
188.242307 0.013819  0.097315  -0.017411  0.986417  0.164242  0.002400  -0.164154  0.985155  0.050241  0.005887  -0.049953  0.998734  0.008992  0.005858  -0.005037  -0.043465  0.018483  0.257325  2.000000  
188.243308 0.013828  0.097320  -0.017418  0.986417  0.164242  0.002400  -0.164154  0.985155  0.050241  0.005887  -0.049953  0.998734  0.008891  0.005760  -0.005257  -0.039424  0.018847  0.250402  2.000000  
188.244570 0.013838  0.097325  -0.017427  0.986383  0.164451  0.002279  -0.164356  0.985120  0.050263  0.006021  -0.049953  0.998733  0.008812  0.005599  -0.005491  -0.035072  0.023505  0.241676  2.000000  
188.245805 0.013849  0.097331  -0.017436  0.986348  0.164660  0.002157  -0.164559  0.985085  0.050284  0.006155  -0.049953  0.998733  0.008778  0.005462  -0.005749  -0.031310  0.028557  0.237009  2.000000  
188.246810 0.013858  0.097336  -0.017443  0.986348  0.164660  0.002157  -0.164559  0.985085  0.050284  0.006155  -0.049953  0.998733  0.008759  0.005370  -0.005903  -0.031387  0.029255  0.223187  2.000000  
188.248056 0.013869  0.097342  -0.017451  0.986313  0.164870  0.002036  -0.164762  0.985050  0.050306  0.006288  -0.049953  0.998732  0.008743  0.005231  -0.006118  -0.027337  0.034113  0.216531  2.000000  
188.249059 0.013878  0.097348  -0.017457  0.986313  0.164870  0.002036  -0.164762  0.985050  0.050306  0.006288  -0.049953  0.998732  0.008702  0.005143  -0.006194  -0.027147  0.034174  0.207866  2.000000  
188.250304 0.013889  0.097354  -0.017464  0.986278  0.165079  0.001894  -0.164965  0.985021  0.050208  0.006422  -0.049831  0.998737  0.008665  0.005048  -0.006298  -0.031219  0.038990  0.201251  2.000000  
188.251314 0.013896  0.097358  -0.017470  0.986278  0.165086  0.001763  -0.164965  0.985020  0.050230  0.006556  -0.049831  0.998736  0.008566  0.004965  -0.006335  -0.031536  0.044490  0.189278  2.000000  
188.252564 0.013906  0.097364  -0.017478  0.986243  0.165295  0.001641  -0.165168  0.984984  0.050252  0.006690  -0.049831  0.998735  0.008528  0.004879  -0.006413  -0.031554  0.044841  0.182379  2.000000  
188.253811 0.013916  0.097370  -0.017485  0.986208  0.165505  0.001520  -0.165371  0.984949  0.050273  0.006824  -0.049831  0.998734  0.008471  0.004792  -0.006434  -0.027511  0.049700  0.175722  2.000000  
188.254814 0.013924  0.097375  -0.017492  0.986207  0.165511  0.001388  -0.165371  0.984948  0.050295  0.006957  -0.049831  0.998733  0.008432  0.004790  -0.006479  0.000000  0.000000  0.000000  2.000000  
188.256059 0.013935  0.097381  -0.017499  0.986172  0.165721  0.001266  -0.165574  0.984913  0.050317  0.007091  -0.049831  0.998732  0.008460  0.004820  -0.006445  0.000000  0.000000  0.000000  2.000000  
188.257309 0.013945  0.097387  -0.017506  0.986137  0.165930  0.001145  -0.165776  0.984878  0.050339  0.007225  -0.049831  0.998732  0.008386  0.004834  -0.006337  0.000000  0.000000  0.000000  2.000000  
188.258571 0.013956  0.097394  -0.017514  0.986102  0.166139  0.001024  -0.165979  0.984842  0.050361  0.007359  -0.049831  0.998731  0.008381  0.004861  -0.006225  0.000000  0.000000  0.000000  2.000000  
188.259811 0.013966  0.097400  -0.017521  0.986067  0.166349  0.000902  -0.166182  0.984807  0.050383  0.007493  -0.049831  0.998730  0.008354  0.004897  -0.006159  0.000000  0.000000  0.000000  2.000000  
188.261058 0.013977  0.097407  -0.017530  0.985997  0.166761  0.000791  -0.166588  0.984737  0.050405  0.007626  -0.049831  0.998729  0.008331  0.004927  -0.006129  0.000000  0.000000  0.000000  2.000000  
188.262310 0.013988  0.097413  -0.017538  0.985961  0.166976  0.000538  -0.166791  0.984701  0.050449  0.007894  -0.049831  0.998726  0.008321  0.004931  -0.006090  0.000000  0.000000  0.000000  2.000000  
188.263554 0.013999  0.097419  -0.017546  0.985890  0.167395  0.000316  -0.167196  0.984624  0.050613  0.008162  -0.049952  0.998718  0.008326  0.004924  -0.006121  0.000000  0.000000  0.000000  2.000000  
188.264570 0.014008  0.097425  -0.017552  0.985854  0.167604  0.000194  -0.167399  0.984588  0.050636  0.008295  -0.049952  0.998717  0.008367  0.004953  -0.006145  0.000000  0.000000  0.000000  2.000000  
188.265804 0.014019  0.097430  -0.017561  0.985783  0.168023  -0.000048  -0.167805  0.984517  0.050680  0.008563  -0.049952  0.998715  0.008441  0.004948  -0.006227  0.000000  0.000000  0.000000  2.000000  
188.266808 0.014029  0.097435  -0.017567  0.985747  0.168232  -0.000170  -0.168007  0.984481  0.050703  0.008697  -0.049952  0.998714  0.008572  0.004987  -0.006193  0.000000  0.000000  0.000000  2.000000  
188.268054 0.014041  0.097442  -0.017574  0.985641  0.168853  -0.000381  -0.168616  0.984368  0.050867  0.008964  -0.050073  0.998705  0.008700  0.005038  -0.006228  0.001251  0.102781  0.176944  2.000000  
188.269061 0.014050  0.097448  -0.017580  0.985569  0.169272  -0.000624  -0.169021  0.984297  0.050913  0.009232  -0.050073  0.998703  0.008803  0.005134  -0.006173  0.001388  0.106542  0.190864  2.000000  
188.270328 0.014063  0.097455  -0.017587  0.985496  0.169697  -0.000998  -0.169426  0.984223  0.050981  0.009633  -0.050072  0.998699  0.008950  0.005154  -0.006240  0.001490  0.120492  0.199931  2.000000  
188.271561 0.014076  0.097462  -0.017594  0.985388  0.170318  -0.001209  -0.170034  0.984110  0.051146  0.009901  -0.050193  0.998690  0.009138  0.005258  -0.006118  0.009793  0.124352  0.214080  2.000000  
188.272562 0.014086  0.097469  -0.017600  0.985316  0.170737  -0.001451  -0.170440  0.984037  0.051192  0.010169  -0.050193  0.998688  0.009272  0.005313  -0.006162  0.009797  0.131922  0.219665  2.000000  
188.273808 0.014100  0.097477  -0.017607  0.985207  0.171358  -0.001662  -0.171048  0.983923  0.051358  0.010436  -0.050314  0.998679  0.009479  0.005446  -0.006130  0.014110  0.136774  0.235498  2.000000  
188.274811 0.014111  0.097483  -0.017613  0.985099  0.171979  -0.001894  -0.171656  0.983815  0.051405  0.010704  -0.050314  0.998676  0.009649  0.005550  -0.006082  0.014314  0.144710  0.256670  2.000000  
188.275812 0.014122  0.097490  -0.017620  0.985025  0.172397  -0.002115  -0.172061  0.983735  0.051571  0.010971  -0.050435  0.998667  0.009814  0.005634  -0.006103  0.018498  0.148829  0.263797  2.000000  
188.277059 0.014135  0.097498  -0.017628  0.984879  0.173227  -0.002446  -0.172871  0.983583  0.051762  0.011373  -0.050556  0.998656  0.010014  0.005775  -0.006154  0.022682  0.159583  0.289742  2.000000  
188.278309 0.014150  0.097506  -0.017637  0.984733  0.174051  -0.002667  -0.173681  0.983438  0.051810  0.011640  -0.050556  0.998653  0.010219  0.005886  -0.006192  0.023112  0.164346  0.313085  2.000000  
188.279559 0.014164  0.097514  -0.017645  0.984585  0.174881  -0.002998  -0.174491  0.983285  0.052001  0.012042  -0.050677  0.998643  0.010398  0.005983  -0.006226  0.031280  0.170874  0.331530  2.000000  
188.280560 0.014176  0.097521  -0.017653  0.984474  0.175502  -0.003207  -0.175099  0.983168  0.052169  0.012309  -0.050798  0.998633  0.010602  0.006167  -0.006249  0.035568  0.178770  0.352634  2.000000  
188.281810 0.014191  0.097530  -0.017662  0.984324  0.176331  -0.003559  -0.175909  0.983019  0.052242  0.012711  -0.050797  0.998628  0.010812  0.006305  -0.006339  0.036146  0.188142  0.376646  2.000000  
188.283056 0.014207  0.097539  -0.017671  0.984172  0.177168  -0.004021  -0.176718  0.982863  0.052459  0.013246  -0.050918  0.998615  0.011076  0.006444  -0.006439  0.040290  0.198565  0.401673  2.000000  
188.284309 0.014222  0.097548  -0.017680  0.984019  0.178005  -0.004482  -0.177527  0.982705  0.052676  0.013781  -0.051039  0.998602  0.011308  0.006587  -0.006576  0.044680  0.210881  0.422951  2.000000  
188.285309 0.014235  0.097555  -0.017688  0.983867  0.178835  -0.004811  -0.178336  0.982548  0.052871  0.014182  -0.051160  0.998590  0.011491  0.006658  -0.006716  0.049459  0.220543  0.447665  2.000000  
188.286555 0.014251  0.097563  -0.017698  0.983678  0.179867  -0.005129  -0.179348  0.982353  0.053067  0.014584  -0.051281  0.998578  0.011708  0.006722  -0.006969  0.053512  0.226238  0.471893  2.000000  
188.287567 0.014265  0.097571  -0.017706  0.983524  0.180697  -0.005458  -0.180157  0.982195  0.053262  0.014985  -0.051401  0.998566  0.011886  0.006771  -0.007134  0.058366  0.235930  0.496823  2.000000  
188.288809 0.014281  0.097580  -0.017716  0.983292  0.181938  -0.005895  -0.181370  0.981959  0.053485  0.015520  -0.051522  0.998551  0.012122  0.006907  -0.007308  0.062571  0.245275  0.534632  2.000000  
188.289812 0.014295  0.097587  -0.017725  0.983137  0.182767  -0.006223  -0.182179  0.981799  0.053682  0.015921  -0.051643  0.998539  0.012297  0.006927  -0.007461  0.067472  0.255567  0.553379  2.000000  
188.291060 0.014312  0.097597  -0.017734  0.982940  0.183805  -0.006693  -0.183189  0.981605  0.053786  0.016456  -0.051643  0.998530  0.012518  0.007039  -0.007543  0.068022  0.263141  0.581464  2.000000  
188.292308 0.014328  0.097606  -0.017745  0.982704  0.185045  -0.007130  -0.184401  0.981366  0.054012  0.016992  -0.051763  0.998515  0.012712  0.007123  -0.007649  0.072122  0.272565  0.611652  2.000000  
188.293563 0.014345  0.097616  -0.017755  0.982464  0.186292  -0.007697  -0.185613  0.981123  0.054264  0.017661  -0.051884  0.998497  0.012889  0.007223  -0.007795  0.073348  0.286769  0.644980  2.000000  
188.294575 0.014359  0.097624  -0.017763  0.982266  0.187324  -0.008012  -0.186623  0.980921  0.054466  0.018062  -0.052004  0.998484  0.013044  0.007326  -0.007860  0.077923  0.294171  0.672796  2.000000  
188.295806 0.014376  0.097634  -0.017774  0.982025  0.188563  -0.008447  -0.187834  0.980677  0.054695  0.018597  -0.052125  0.998467  0.013195  0.007440  -0.008013  0.082688  0.301883  0.701331  2.000000  
188.297057 0.014394  0.097644  -0.017785  0.981782  0.189803  -0.008881  -0.189045  0.980431  0.054925  0.019132  -0.052246  0.998451  0.013343  0.007519  -0.008149  0.083345  0.309346  0.729423  2.000000  
188.298306 0.014412  0.097654  -0.017797  0.981496  0.191251  -0.009434  -0.190457  0.980143  0.055184  0.019801  -0.052366  0.998432  0.013478  0.007602  -0.008272  0.087531  0.318367  0.758401  2.000000  
188.299309 0.014426  0.097663  -0.017806  0.981291  0.192282  -0.009747  -0.191466  0.979935  0.055389  0.020202  -0.052487  0.998417  0.013568  0.007676  -0.008395  0.092954  0.324611  0.786210  2.000000  
188.300559 0.014443  0.097672  -0.017818  0.981001  0.193730  -0.010299  -0.192877  0.979643  0.055651  0.020871  -0.052607  0.998397  0.013707  0.007783  -0.008515  0.093012  0.333245  0.814247  2.000000  
188.301813 0.014462  0.097683  -0.017830  0.980711  0.195170  -0.010720  -0.194289  0.979351  0.055888  0.021406  -0.052728  0.998379  0.013801  0.007853  -0.008676  0.098548  0.339329  0.841849  2.000000  
188.303056 0.014480  0.097693  -0.017841  0.980456  0.196416  -0.011282  -0.195497  0.979096  0.056151  0.022075  -0.052848  0.998359  0.013924  0.007912  -0.008705  0.098576  0.348425  0.863166  2.000000  
188.304063 0.014494  0.097701  -0.017851  0.980202  0.197654  -0.011712  -0.196706  0.978840  0.056389  0.022610  -0.052968  0.998340  0.013996  0.007932  -0.008819  0.104141  0.359120  0.891408  2.000000  
188.305314 0.014513  0.097710  -0.017862  0.979902  0.199101  -0.012262  -0.198115  0.978540  0.056657  0.023279  -0.053089  0.998318  0.014114  0.007966  -0.008895  0.104972  0.366951  0.912718  2.000000  
188.306570 0.014531  0.097720  -0.017874  0.979559  0.200748  -0.012798  -0.199725  0.978197  0.056929  0.023948  -0.053209  0.998296  0.014170  0.007978  -0.009024  0.110049  0.378482  0.947749  2.000000  
188.307811 0.014549  0.097730  -0.017885  0.979216  0.202389  -0.013203  -0.201336  0.977852  0.057176  0.024483  -0.053329  0.998277  0.014261  0.008008  -0.009073  0.111009  0.381511  0.975890  2.000000  
188.308812 0.014564  0.097737  -0.017895  0.978954  0.203626  -0.013631  -0.202542  0.977589  0.057419  0.025018  -0.053450  0.998257  0.014321  0.007975  -0.009207  0.111757  0.389228  0.996961  2.000000  
188.309812 0.014578  0.097745  -0.017904  0.978648  0.205063  -0.014071  -0.203950  0.977288  0.057548  0.025553  -0.053449  0.998244  0.014397  0.007949  -0.009249  0.112666  0.396753  1.025019  2.000000  
188.311058 0.014597  0.097754  -0.017916  0.978294  0.206709  -0.014605  -0.205558  0.976935  0.057827  0.026222  -0.053569  0.998220  0.014483  0.007920  -0.009331  0.113754  0.404213  1.053288  2.000000  
188.312061 0.014611  0.097763  -0.017926  0.977986  0.208139  -0.014889  -0.206966  0.976625  0.058049  0.026623  -0.053690  0.998203  0.014504  0.007892  -0.009363  0.114725  0.402671  1.081056  2.000000  
188.313305 0.014630  0.097773  -0.017937  0.977626  0.209784  -0.015421  -0.208572  0.976266  0.058331  0.027292  -0.053810  0.998178  0.014562  0.007926  -0.009323  0.118946  0.406770  1.100072  2.000000  
188.314309 0.014645  0.097781  -0.017946  0.977314  0.211214  -0.015703  -0.209979  0.975951  0.058556  0.027693  -0.053930  0.998161  0.014636  0.007900  -0.009363  0.119940  0.405168  1.127449  2.000000  
188.315555 0.014665  0.097792  -0.017957  0.976948  0.212856  -0.016259  -0.211584  0.975594  0.058723  0.028362  -0.053929  0.998142  0.014741  0.007966  -0.009292  0.117876  0.412406  1.151376  2.000000  
188.316811 0.014684  0.097803  -0.017968  0.976540  0.214694  -0.016646  -0.213390  0.975185  0.058985  0.028896  -0.054050  0.998120  0.014800  0.008002  -0.009199  0.119038  0.410642  1.178586  2.000000  
188.318058 0.014702  0.097812  -0.017979  0.976172  0.216330  -0.017044  -0.214995  0.974816  0.059246  0.029431  -0.054170  0.998098  0.014826  0.007979  -0.009175  0.119202  0.410106  1.196513  2.000000  
188.319061 0.014717  0.097820  -0.017989  0.975801  0.217963  -0.017468  -0.216599  0.974453  0.059390  0.029966  -0.054169  0.998082  0.014862  0.007980  -0.009201  0.117062  0.412696  1.220244  2.000000  
188.320307 0.014736  0.097830  -0.018000  0.975427  0.219598  -0.017865  -0.218202  0.974079  0.059653  0.030501  -0.054289  0.998059  0.014908  0.007988  -0.009174  0.117306  0.412188  1.237994  2.000000  
188.321308 0.014751  0.097838  -0.018009  0.975050  0.221233  -0.018261  -0.219805  0.973702  0.059918  0.031036  -0.054409  0.998036  0.014942  0.008013  -0.009189  0.119266  0.414727  1.262132  2.000000  
188.322312 0.014766  0.097845  -0.018018  0.974720  0.222657  -0.018565  -0.221207  0.973377  0.060033  0.031438  -0.054409  0.998024  0.014965  0.007995  -0.009127  0.116194  0.413558  1.282908  2.000000  
188.323561 0.014785  0.097855  -0.018030  0.974292  0.224491  -0.018947  -0.223009  0.972949  0.060304  0.031972  -0.054529  0.998000  0.015029  0.007971  -0.009128  0.120621  0.408585  1.299667  2.000000  
188.324573 0.014800  0.097863  -0.018039  0.973957  0.225914  -0.019251  -0.224410  0.972620  0.060422  0.032374  -0.054528  0.997987  0.015048  0.007997  -0.009100  0.117439  0.407784  1.313412  2.000000  
188.325810 0.014820  0.097873  -0.018050  0.973476  0.227947  -0.019619  -0.226411  0.972139  0.060700  0.032909  -0.054648  0.997963  0.015099  0.008007  -0.009075  0.119728  0.405393  1.344774  2.000000  
188.327059 0.014839  0.097882  -0.018061  0.973037  0.229779  -0.019998  -0.228210  0.971701  0.060976  0.033443  -0.054768  0.997939  0.015181  0.007985  -0.009062  0.120807  0.404512  1.358697  2.000000  
188.328310 0.014859  0.097893  -0.018073  0.972595  0.231607  -0.020405  -0.230008  0.971267  0.061136  0.033978  -0.054767  0.997921  0.015204  0.007988  -0.009045  0.118039  0.403440  1.379847  2.000000  
188.329559 0.014879  0.097903  -0.018084  0.972102  0.233637  -0.020770  -0.232006  0.970773  0.061420  0.034513  -0.054887  0.997896  0.015297  0.007973  -0.009040  0.119392  0.397554  1.399970  2.000000  
188.330806 0.014898  0.097913  -0.018095  0.971604  0.235664  -0.021163  -0.234002  0.970283  0.061587  0.035048  -0.054886  0.997877  0.015335  0.007955  -0.009083  0.116643  0.396382  1.420801  2.000000  
188.332054 0.014918  0.097923  -0.018106  0.971107  0.237685  -0.021397  -0.235999  0.969784  0.061843  0.035449  -0.055006  0.997857  0.015356  0.007942  -0.009074  0.117289  0.386576  1.442899  2.000000  
188.333056 0.014934  0.097932  -0.018115  0.970654  0.239503  -0.021671  -0.237794  0.969336  0.061978  0.035850  -0.055006  0.997842  0.015409  0.007945  -0.009085  0.114705  0.380550  1.470046  2.000000  
188.334057 0.014949  0.097940  -0.018124  0.970247  0.241120  -0.021958  -0.239389  0.968935  0.062109  0.036251  -0.055005  0.997828  0.015473  0.008007  -0.009043  0.111767  0.375347  1.483824  2.000000  
188.335304 0.014969  0.097950  -0.018135  0.969738  0.243139  -0.022189  -0.241382  0.968424  0.062369  0.036653  -0.055125  0.997807  0.015522  0.008008  -0.009052  0.113179  0.365185  1.504081  2.000000  
188.336306 0.014985  0.097959  -0.018144  0.969324  0.244755  -0.022475  -0.242975  0.968017  0.062502  0.037054  -0.055124  0.997792  0.015623  0.008072  -0.008976  0.110220  0.359808  1.517173  2.000000  
188.337312 0.015001  0.097967  -0.018153  0.968908  0.246370  -0.022760  -0.244568  0.967607  0.062637  0.037455  -0.055123  0.997777  0.015692  0.008129  -0.008972  0.107769  0.358228  1.529587  2.000000  
188.338570 0.015022  0.097979  -0.018164  0.968388  0.248383  -0.023019  -0.246558  0.967092  0.062783  0.037856  -0.055123  0.997762  0.015763  0.008216  -0.008911  0.104901  0.348295  1.542426  2.000000  
188.339811 0.015042  0.097989  -0.018175  0.967813  0.250597  -0.023235  -0.248747  0.966514  0.063052  0.038257  -0.055243  0.997740  0.015877  0.008311  -0.008890  0.109684  0.339459  1.557192  2.000000  
188.341061 0.015063  0.098000  -0.018187  0.967284  0.252608  -0.023492  -0.250735  0.965991  0.063200  0.038658  -0.055242  0.997724  0.015956  0.008391  -0.008976  0.107446  0.328699  1.569296  2.000000  
188.342063 0.015080  0.098010  -0.018196  0.966859  0.254213  -0.023647  -0.252325  0.965569  0.063306  0.038926  -0.055241  0.997714  0.016068  0.008452  -0.008939  0.104334  0.323335  1.582741  2.000000  
188.343308 0.015101  0.098021  -0.018207  0.966323  0.256221  -0.023903  -0.254311  0.965038  0.063456  0.039327  -0.055240  0.997698  0.016177  0.008561  -0.008954  0.101347  0.313951  1.589483  2.000000  
188.344309 0.015118  0.098030  -0.018216  0.965840  0.258026  -0.024013  -0.256098  0.964551  0.063686  0.039594  -0.055361  0.997681  0.016206  0.008626  -0.008994  0.102618  0.308272  1.610701  2.000000  
188.345559 0.015139  0.098042  -0.018228  0.965295  0.260033  -0.024268  -0.258082  0.964012  0.063839  0.039995  -0.055360  0.997665  0.016316  0.008711  -0.009006  0.099677  0.298958  1.617895  2.000000  
188.346806 0.015161  0.098053  -0.018240  0.964799  0.261840  -0.024537  -0.259866  0.963522  0.063988  0.040396  -0.055359  0.997649  0.016436  0.008784  -0.009047  0.099883  0.295489  1.616862  2.000000  
188.347807 0.015178  0.098063  -0.018249  0.964360  0.263441  -0.024689  -0.261452  0.963086  0.064098  0.040664  -0.055359  0.997638  0.016540  0.008897  -0.009072  0.096842  0.290150  1.630114  2.000000  
188.348809 0.015195  0.098072  -0.018258  0.963863  0.265239  -0.024828  -0.263235  0.962592  0.064214  0.040931  -0.055358  0.997627  0.016606  0.008954  -0.009066  0.098175  0.279509  1.636196  2.000000  
188.349813 0.015212  0.098082  -0.018268  0.963363  0.267036  -0.024966  -0.265018  0.962095  0.064331  0.041198  -0.055357  0.997616  0.016690  0.009022  -0.009113  0.095105  0.274074  1.649237  2.000000  
188.351054 0.015234  0.098095  -0.018279  0.962695  0.269427  -0.025064  -0.267394  0.961429  0.064464  0.041466  -0.055357  0.997605  0.016851  0.009207  -0.009131  0.092209  0.261039  1.670092  2.000000  
188.352056 0.015251  0.098105  -0.018288  0.962131  0.271420  -0.025189  -0.269372  0.960868  0.064587  0.041733  -0.055356  0.997594  0.016920  0.009289  -0.009176  0.093491  0.255392  1.689964  2.000000  
