1-Time 2-Px 3-Py 4-Pz 5-R11 6-R21 7-R31 8-R12 9-R22 10-R32 11-R13 12-R23 13-R33 14-Vx 15-Vy 16-Vz 17-Wx 18-Wy 19-Wz 20-state 21-PR11 22-PR21 23-PR31 24-PR12 25-PR22 26-PR32 27-PR13 28-PR23 29-PR33 
19.829078 0.006804  0.090965  -0.011084  0.996181  0.075242  0.044294  -0.077885  0.995073  0.061340  -0.039460  -0.064556  0.997134  0.000067  0.000007  0.000096  0.000000  0.000000  0.000000  2.000000  
19.830091 0.006804  0.090965  -0.011084  0.996181  0.075242  0.044294  -0.077885  0.995073  0.061340  -0.039460  -0.064556  0.997134  0.000081  0.000003  0.000061  0.000000  0.000000  0.000000  2.000000  
19.831339 0.006805  0.090964  -0.011084  0.996144  0.075637  0.044461  -0.078295  0.995036  0.061432  -0.039594  -0.064677  0.997120  0.000129  -0.000101  0.000064  0.000000  0.000000  0.000000  2.000000  
19.832588 0.006806  0.090961  -0.011085  0.996106  0.076033  0.044629  -0.078705  0.994998  0.061524  -0.039728  -0.064797  0.997107  0.000179  -0.000265  -0.000018  0.000000  0.000000  0.000000  2.000000  
19.833838 0.006807  0.090958  -0.011086  0.996063  0.076414  0.044939  -0.079114  0.994953  0.061726  -0.039995  -0.065038  0.997081  0.000256  -0.000505  -0.000069  0.000000  0.000000  0.000000  2.000000  
19.834870 0.006809  0.090955  -0.011086  0.996041  0.076605  0.045094  -0.079319  0.994930  0.061827  -0.040129  -0.065159  0.997068  0.000364  -0.000717  -0.000100  0.000000  0.000000  0.000000  2.000000  
19.836087 0.006811  0.090952  -0.011086  0.996009  0.077004  0.045138  -0.079729  0.994883  0.062050  -0.040129  -0.065401  0.997052  0.000514  -0.000930  -0.000100  0.000000  0.000000  0.000000  2.000000  
19.837333 0.006814  0.090948  -0.011087  0.995976  0.077402  0.045182  -0.080139  0.994837  0.062272  -0.040129  -0.065643  0.997036  0.000675  -0.001145  -0.000138  0.000000  0.000000  0.000000  2.000000  
19.838341 0.006816  0.090947  -0.011086  0.995926  0.078006  0.045240  -0.080754  0.994773  0.062486  -0.040129  -0.065885  0.997020  0.000826  -0.001275  -0.000101  0.000000  0.000000  0.000000  2.000000  
19.839348 0.006818  0.090944  -0.011086  0.995893  0.078410  0.045275  -0.081164  0.994734  0.062588  -0.040129  -0.066006  0.997012  0.000956  -0.001435  -0.000121  0.000000  0.000000  0.000000  2.000000  
19.840590 0.006821  0.090941  -0.011086  0.995815  0.079200  0.045611  -0.081983  0.994655  0.062770  -0.040396  -0.066247  0.996985  0.001168  -0.001593  -0.000081  0.000000  0.000000  0.000000  2.000000  
19.841834 0.006825  0.090940  -0.011085  0.995753  0.079791  0.045926  -0.082597  0.994600  0.062840  -0.040664  -0.066367  0.996966  0.001422  -0.001749  -0.000010  0.000000  0.000000  0.000000  2.000000  
19.843087 0.006830  0.090937  -0.011081  0.995668  0.080573  0.046396  -0.083416  0.994521  0.063010  -0.041065  -0.066608  0.996934  0.001718  -0.001891  0.000232  0.065867  -0.070569  0.182419  2.000000  
19.844332 0.006833  0.090935  -0.011078  0.995594  0.081377  0.046590  -0.084235  0.994447  0.063082  -0.041198  -0.066728  0.996920  0.001953  -0.002029  0.000447  0.068258  -0.076258  0.208009  2.000000  
19.845345 0.006836  0.090932  -0.011075  0.995536  0.081971  0.046782  -0.084850  0.994382  0.063283  -0.041332  -0.066970  0.996899  0.002157  -0.002207  0.000604  0.076095  -0.082733  0.230031  2.000000  
19.846590 0.006839  0.090929  -0.011072  0.995478  0.082565  0.046974  -0.085464  0.994317  0.063484  -0.041466  -0.067211  0.996877  0.002298  -0.002322  0.000819  0.083405  -0.088627  0.250455  2.000000  
19.847837 0.006842  0.090923  -0.011070  0.995402  0.083363  0.047180  -0.086283  0.994234  0.063675  -0.041599  -0.067453  0.996855  0.002395  -0.002499  0.001026  0.090427  -0.094976  0.277758  2.000000  
19.848847 0.006844  0.090918  -0.011069  0.995366  0.083761  0.047226  -0.086693  0.994184  0.063896  -0.041599  -0.067694  0.996838  0.002445  -0.002633  0.001156  0.097978  -0.095883  0.291418  2.000000  
19.850088 0.006847  0.090911  -0.011068  0.995283  0.084544  0.047575  -0.087512  0.994093  0.064196  -0.041867  -0.068056  0.996803  0.002538  -0.002866  0.001209  0.105008  -0.106801  0.318507  2.000000  
19.851339 0.006850  0.090903  -0.011069  0.995200  0.085322  0.047935  -0.088330  0.993993  0.064615  -0.042134  -0.068539  0.996758  0.002564  -0.003179  0.001194  0.120128  -0.117679  0.345431  2.000000  
19.852589 0.006854  0.090895  -0.011070  0.995115  0.086104  0.048285  -0.089149  0.993901  0.064914  -0.042401  -0.068901  0.996722  0.002639  -0.003577  0.001141  0.131179  -0.128561  0.372397  2.000000  
19.853838 0.006856  0.090886  -0.011072  0.995049  0.086682  0.048623  -0.089763  0.993825  0.065222  -0.042669  -0.069263  0.996686  0.002621  -0.003981  0.000991  0.142518  -0.139002  0.392497  2.000000  
19.855089 0.006859  0.090876  -0.011074  0.994987  0.087263  0.048838  -0.090377  0.993741  0.065662  -0.042802  -0.069746  0.996646  0.002578  -0.004517  0.000793  0.157937  -0.144971  0.412832  2.000000  
19.856332 0.006861  0.090866  -0.011077  0.994920  0.087840  0.049176  -0.090990  0.993664  0.065969  -0.043070  -0.070108  0.996609  0.002519  -0.004980  0.000513  0.167929  -0.154199  0.429501  2.000000  
19.857338 0.006864  0.090857  -0.011080  0.994858  0.088433  0.049371  -0.091604  0.993595  0.066167  -0.043204  -0.070349  0.996586  0.002426  -0.005508  0.000150  0.176470  -0.156852  0.453510  2.000000  
19.858346 0.006866  0.090849  -0.011082  0.994814  0.088814  0.049563  -0.092013  0.993535  0.066496  -0.043337  -0.070712  0.996555  0.002364  -0.005924  -0.000172  0.188066  -0.162332  0.466902  2.000000  
19.859347 0.006868  0.090841  -0.011084  0.994771  0.089202  0.049745  -0.092422  0.993483  0.066704  -0.043471  -0.070953  0.996532  0.002302  -0.006341  -0.000493  0.194113  -0.166526  0.476688  2.000000  
19.860588 0.006871  0.090831  -0.011087  0.994707  0.089794  0.049941  -0.093036  0.993413  0.066902  -0.043605  -0.071194  0.996509  0.002262  -0.006791  -0.000841  0.201572  -0.171943  0.489983  2.000000  
19.861590 0.006873  0.090822  -0.011088  0.994677  0.089967  0.050242  -0.093240  0.993380  0.067108  -0.043872  -0.071435  0.996480  0.002237  -0.007146  -0.001048  0.207495  -0.177464  0.486779  2.000000  
19.862837 0.006876  0.090812  -0.011090  0.994613  0.090559  0.050438  -0.093853  0.993308  0.067305  -0.044006  -0.071677  0.996457  0.002283  -0.007488  -0.001345  0.209476  -0.172136  0.489956  2.000000  
19.863839 0.006878  0.090803  -0.011091  0.994563  0.090937  0.050753  -0.094262  0.993256  0.067500  -0.044273  -0.071918  0.996428  0.002241  -0.007689  -0.001470  0.210827  -0.178650  0.500579  2.000000  
19.865087 0.006880  0.090792  -0.011093  0.994518  0.091324  0.050936  -0.094671  0.993203  0.067708  -0.044407  -0.072159  0.996404  0.002165  -0.007955  -0.001630  0.210743  -0.178758  0.500496  2.000000  
19.866090 0.006881  0.090783  -0.011094  0.994492  0.091506  0.051105  -0.094875  0.993169  0.067926  -0.044540  -0.072400  0.996381  0.002107  -0.008171  -0.001719  0.214795  -0.183343  0.500173  2.000000  
19.867340 0.006883  0.090772  -0.011096  0.994473  0.091692  0.051152  -0.095080  0.993125  0.068277  -0.044540  -0.072763  0.996354  0.002008  -0.008357  -0.001771  0.219458  -0.186995  0.485938  2.000000  
19.868589 0.006885  0.090760  -0.011099  0.994428  0.092079  0.051335  -0.095488  0.993072  0.068484  -0.044674  -0.073004  0.996331  0.001952  -0.008519  -0.001839  0.219693  -0.186639  0.479012  2.000000  
19.869590 0.006886  0.090751  -0.011102  0.994402  0.092261  0.051505  -0.095693  0.993037  0.068701  -0.044808  -0.073245  0.996307  0.001864  -0.008617  -0.001913  0.220223  -0.185797  0.465187  2.000000  
19.870836 0.006887  0.090739  -0.011106  0.994376  0.092437  0.051685  -0.095897  0.992994  0.069039  -0.044941  -0.073607  0.996274  0.001779  -0.008723  -0.001963  0.224822  -0.180504  0.451701  2.000000  
19.872085 0.006888  0.090726  -0.011111  0.994344  0.092609  0.051987  -0.096100  0.992960  0.069244  -0.045209  -0.073848  0.996244  0.001648  -0.008880  -0.002118  0.229655  -0.179119  0.430947  2.000000  
19.873338 0.006888  0.090713  -0.011118  0.994313  0.092775  0.052300  -0.096304  0.992918  0.069569  -0.045476  -0.074210  0.996205  0.001469  -0.009067  -0.002387  0.234223  -0.178282  0.417114  2.000000  
19.874347 0.006888  0.090703  -0.011124  0.994281  0.092947  0.052603  -0.096507  0.992884  0.069773  -0.045743  -0.074450  0.996175  0.001322  -0.009211  -0.002662  0.239026  -0.176844  0.396282  2.000000  
19.875589 0.006888  0.090690  -0.011132  0.994255  0.093128  0.052772  -0.096711  0.992849  0.069990  -0.045877  -0.074692  0.996151  0.001163  -0.009393  -0.003073  0.239611  -0.175985  0.382504  2.000000  
19.876839 0.006889  0.090678  -0.011140  0.994229  0.093310  0.052942  -0.096916  0.992813  0.070207  -0.046010  -0.074933  0.996127  0.000990  -0.009533  -0.003469  0.240532  -0.179116  0.361513  2.000000  
19.878090 0.006889  0.090666  -0.011147  0.994202  0.093491  0.053112  -0.097120  0.992778  0.070424  -0.046144  -0.075174  0.996102  0.000818  -0.009583  -0.003825  0.241078  -0.178207  0.347658  2.000000  
19.879350 0.006889  0.090654  -0.011154  0.994196  0.093468  0.053267  -0.097119  0.992762  0.070652  -0.046278  -0.075415  0.996078  0.000658  -0.009634  -0.004216  0.239929  -0.175332  0.324203  2.000000  
19.880590 0.006889  0.090642  -0.011160  0.994170  0.093650  0.053437  -0.097323  0.992726  0.070869  -0.046411  -0.075656  0.996053  0.000546  -0.009663  -0.004489  0.235087  -0.170549  0.299782  2.000000  
19.881841 0.006888  0.090630  -0.011167  0.994138  0.093821  0.053740  -0.097527  0.992692  0.071073  -0.046679  -0.075897  0.996022  0.000374  -0.009716  -0.004845  0.227595  -0.169026  0.278805  2.000000  
19.883087 0.006888  0.090619  -0.011173  0.994111  0.094002  0.053910  -0.097731  0.992656  0.071289  -0.046812  -0.076138  0.995998  0.000270  -0.009730  -0.005002  0.226291  -0.162267  0.263133  2.000000  
19.884087 0.006888  0.090609  -0.011177  0.994085  0.094190  0.054068  -0.097935  0.992629  0.071386  -0.046946  -0.076259  0.995982  0.000127  -0.009750  -0.005175  0.216181  -0.158696  0.258684  2.000000  
19.885340 0.006887  0.090599  -0.011182  0.994058  0.094371  0.054239  -0.098139  0.992594  0.071602  -0.047080  -0.076500  0.995957  -0.000008  -0.009688  -0.005189  0.212669  -0.157745  0.244821  2.000000  
19.886342 0.006886  0.090590  -0.011185  0.994058  0.094364  0.054250  -0.098139  0.992585  0.071723  -0.047080  -0.076621  0.995948  -0.000099  -0.009581  -0.005175  0.209531  -0.151797  0.224465  2.000000  
19.887586 0.006885  0.090580  -0.011190  0.994052  0.094341  0.054406  -0.098138  0.992568  0.071950  -0.047213  -0.076862  0.995923  -0.000180  -0.009447  -0.005103  0.202289  -0.150351  0.203733  2.000000  
19.888589 0.006884  0.090572  -0.011195  0.994026  0.094528  0.054564  -0.098342  0.992541  0.072046  -0.047347  -0.076982  0.995908  -0.000265  -0.009244  -0.004968  0.198516  -0.149890  0.196830  2.000000  
19.889832 0.006884  0.090562  -0.011201  0.994005  0.094720  0.054602  -0.098547  0.992504  0.072276  -0.047347  -0.077224  0.995889  -0.000310  -0.009073  -0.004928  0.197197  -0.143760  0.188684  2.000000  
19.890832 0.006883  0.090553  -0.011206  0.993999  0.094703  0.054746  -0.098546  0.992497  0.072383  -0.047481  -0.077344  0.995873  -0.000355  -0.008924  -0.004846  0.193723  -0.138314  0.175298  2.000000  
19.891834 0.006883  0.090546  -0.011212  0.993986  0.094669  0.055034  -0.098545  0.992481  0.072598  -0.047748  -0.077584  0.995842  -0.000380  -0.008802  -0.004785  0.194326  -0.141789  0.161266  2.000000  
19.892834 0.006883  0.090539  -0.011217  0.993960  0.094856  0.055194  -0.098749  0.992454  0.072694  -0.047882  -0.077705  0.995826  -0.000382  -0.008626  -0.004717  0.194612  -0.141291  0.154406  2.000000  
19.893839 0.006884  0.090530  -0.011223  0.993953  0.094832  0.055349  -0.098748  0.992437  0.072921  -0.048015  -0.077946  0.995801  -0.000349  -0.008547  -0.004793  0.195200  -0.135843  0.141023  2.000000  
19.894840 0.006884  0.090523  -0.011228  0.993927  0.095019  0.055508  -0.098952  0.992410  0.073017  -0.048149  -0.078066  0.995785  -0.000307  -0.008425  -0.004779  0.193038  -0.136473  0.135271  2.000000  
19.896087 0.006885  0.090513  -0.011236  0.993927  0.095006  0.055531  -0.098952  0.992392  0.073258  -0.048149  -0.078308  0.995766  -0.000211  -0.008253  -0.004868  0.191773  -0.130429  0.127636  2.000000  
19.897090 0.006886  0.090505  -0.011242  0.993920  0.094989  0.055675  -0.098952  0.992384  0.073365  -0.048283  -0.078428  0.995750  -0.000181  -0.008162  -0.004955  0.185526  -0.135506  0.121432  2.000000  
19.898349 0.006887  0.090495  -0.011249  0.993914  0.094965  0.055831  -0.098951  0.992367  0.073592  -0.048416  -0.078669  0.995724  -0.000054  -0.008033  -0.005054  0.186092  -0.134442  0.107578  2.000000  
19.899349 0.006888  0.090487  -0.011253  0.993893  0.095156  0.055869  -0.099156  0.992330  0.073822  -0.048416  -0.078911  0.995705  0.000074  -0.007986  -0.005056  0.184275  -0.129467  0.113859  2.000000  
19.900589 0.006890  0.090477  -0.011259  0.993887  0.095138  0.056013  -0.099155  0.992322  0.073929  -0.048550  -0.079031  0.995689  0.000224  -0.007973  -0.005089  0.178281  -0.129513  0.100989  2.000000  
19.901837 0.006892  0.090467  -0.011263  0.993880  0.095114  0.056169  -0.099154  0.992305  0.074156  -0.048683  -0.079272  0.995664  0.000437  -0.007902  -0.005078  0.178588  -0.124527  0.094412  2.000000  
19.903087 0.006895  0.090458  -0.011266  0.993880  0.095100  0.056192  -0.099154  0.992287  0.074397  -0.048683  -0.079513  0.995644  0.000675  -0.007848  -0.004953  0.000000  0.000000  0.000000  2.000000  
19.904337 0.006897  0.090449  -0.011270  0.993874  0.095083  0.056336  -0.099154  0.992279  0.074504  -0.048817  -0.079634  0.995628  0.000866  -0.007775  -0.004807  0.000000  0.000000  0.000000  2.000000  
19.905585 0.006900  0.090441  -0.011273  0.993874  0.095076  0.056348  -0.099154  0.992270  0.074625  -0.048817  -0.079754  0.995618  0.001133  -0.007613  -0.004495  0.000000  0.000000  0.000000  2.000000  
19.906588 0.006902  0.090435  -0.011276  0.993854  0.095274  0.056375  -0.099358  0.992241  0.074733  -0.048817  -0.079875  0.995609  0.001297  -0.007526  -0.004336  0.000000  0.000000  0.000000  2.000000  
19.907835 0.006905  0.090427  -0.011279  0.993847  0.095249  0.056530  -0.099358  0.992224  0.074961  -0.048951  -0.080116  0.995583  0.001467  -0.007409  -0.004084  0.000000  0.000000  0.000000  2.000000  
19.908835 0.006908  0.090422  -0.011281  0.993847  0.095242  0.056542  -0.099358  0.992215  0.075081  -0.048951  -0.080237  0.995573  0.001594  -0.007256  -0.003906  0.000000  0.000000  0.000000  2.000000  
19.910086 0.006911  0.090415  -0.011285  0.993847  0.095236  0.056553  -0.099358  0.992206  0.075201  -0.048951  -0.080358  0.995563  0.001784  -0.007086  -0.003647  0.000000  0.000000  0.000000  2.000000  
19.911340 0.006914  0.090408  -0.011289  0.993840  0.095218  0.056697  -0.099357  0.992198  0.075309  -0.049084  -0.080478  0.995547  0.001925  -0.006892  -0.003427  0.000000  0.000000  0.000000  2.000000  
19.912344 0.006917  0.090402  -0.011292  0.993840  0.095211  0.056709  -0.099357  0.992189  0.075429  -0.049084  -0.080599  0.995537  0.002088  -0.006723  -0.003185  0.000000  0.000000  0.000000  2.000000  
19.913587 0.006920  0.090394  -0.011297  0.993834  0.095187  0.056865  -0.099356  0.992172  0.075656  -0.049218  -0.080840  0.995511  0.002186  -0.006565  -0.003088  0.000000  0.000000  0.000000  2.000000  
19.914589 0.006922  0.090388  -0.011301  0.993834  0.095180  0.056876  -0.099356  0.992162  0.075777  -0.049218  -0.080960  0.995501  0.002271  -0.006457  -0.003036  0.000000  0.000000  0.000000  2.000000  
19.915837 0.006925  0.090379  -0.011306  0.993827  0.095162  0.057020  -0.099356  0.992154  0.075884  -0.049352  -0.081081  0.995485  0.002342  -0.006362  -0.003089  0.000000  0.000000  0.000000  2.000000  
19.916837 0.006927  0.090372  -0.011310  0.993827  0.095148  0.057043  -0.099356  0.992136  0.076124  -0.049352  -0.081322  0.995465  0.002332  -0.006336  -0.003099  0.000000  0.000000  0.000000  2.000000  
19.917840 0.006930  0.090365  -0.011314  0.993827  0.095141  0.057055  -0.099356  0.992127  0.076245  -0.049352  -0.081443  0.995455  0.002393  -0.006295  -0.003199  0.000000  0.000000  0.000000  2.000000  
19.919087 0.006933  0.090356  -0.011319  0.993827  0.095127  0.057078  -0.099356  0.992108  0.076485  -0.049352  -0.081684  0.995436  0.002418  -0.006305  -0.003274  0.000000  0.000000  0.000000  2.000000  
19.920087 0.006935  0.090349  -0.011322  0.993827  0.095120  0.057090  -0.099356  0.992099  0.076606  -0.049352  -0.081805  0.995426  0.002411  -0.006339  -0.003369  0.000000  0.000000  0.000000  2.000000  
19.921340 0.006937  0.090339  -0.011327  0.993827  0.095107  0.057113  -0.099356  0.992080  0.076846  -0.049352  -0.082047  0.995406  0.002412  -0.006457  -0.003441  0.000000  0.000000  0.000000  2.000000  
19.922586 0.006940  0.090331  -0.011330  0.993827  0.095100  0.057124  -0.099356  0.992071  0.076967  -0.049352  -0.082167  0.995396  0.002401  -0.006510  -0.003487  0.000000  0.000000  0.000000  2.000000  
19.923588 0.006942  0.090324  -0.011334  0.993827  0.095093  0.057136  -0.099356  0.992062  0.077087  -0.049352  -0.082288  0.995386  0.002335  -0.006615  -0.003532  0.000000  0.000000  0.000000  2.000000  
19.924834 0.006944  0.090315  -0.011338  0.993827  0.095086  0.057147  -0.099356  0.992052  0.077207  -0.049352  -0.082409  0.995376  0.002231  -0.006721  -0.003589  0.000000  0.000000  0.000000  2.000000  
19.926083 0.006946  0.090307  -0.011342  0.993827  0.095079  0.057159  -0.099356  0.992043  0.077328  -0.049352  -0.082530  0.995366  0.002157  -0.006772  -0.003593  0.000000  0.000000  0.000000  2.000000  
19.927086 0.006947  0.090301  -0.011345  0.993827  0.095072  0.057170  -0.099356  0.992033  0.077448  -0.049352  -0.082650  0.995356  0.002074  -0.006798  -0.003608  0.000000  0.000000  0.000000  2.000000  
19.928340 0.006948  0.090294  -0.011349  0.993827  0.095065  0.057182  -0.099356  0.992024  0.077568  -0.049352  -0.082771  0.995346  0.001929  -0.006793  -0.003583  0.000000  0.000000  0.000000  2.000000  
19.929352 0.006949  0.090288  -0.011353  0.993827  0.095058  0.057193  -0.099356  0.992015  0.077689  -0.049352  -0.082892  0.995336  0.001809  -0.006780  -0.003531  0.000000  0.000000  0.000000  2.000000  
19.930591 0.006950  0.090280  -0.011358  0.993827  0.095051  0.057205  -0.099356  0.992005  0.077809  -0.049352  -0.083012  0.995326  0.001686  -0.006729  -0.003540  0.000000  0.000000  0.000000  2.000000  
19.931611 0.006950  0.090273  -0.011362  0.993827  0.095051  0.057205  -0.099356  0.992005  0.077809  -0.049352  -0.083012  0.995326  0.001572  -0.006668  -0.003580  0.000000  0.000000  0.000000  2.000000  
19.932837 0.006951  0.090265  -0.011368  0.993827  0.095044  0.057216  -0.099356  0.991996  0.077929  -0.049352  -0.083133  0.995316  0.001393  -0.006702  -0.003628  0.000000  0.000000  0.000000  2.000000  
19.933837 0.006951  0.090258  -0.011373  0.993827  0.095037  0.057228  -0.099356  0.991986  0.078050  -0.049352  -0.083254  0.995306  0.001232  -0.006649  -0.003662  0.000000  0.000000  0.000000  2.000000  
19.935087 0.006951  0.090249  -0.011378  0.993827  0.095023  0.057251  -0.099356  0.991967  0.078290  -0.049352  -0.083495  0.995285  0.001090  -0.006623  -0.003728  0.000000  0.000000  0.000000  2.000000  
19.936340 0.006951  0.090240  -0.011384  0.993827  0.095016  0.057262  -0.099356  0.991958  0.078411  -0.049352  -0.083616  0.995275  0.000873  -0.006627  -0.003842  0.000000  0.000000  0.000000  2.000000  
19.937586 0.006951  0.090231  -0.011390  0.993854  0.094816  0.057125  -0.099152  0.991967  0.078556  -0.049218  -0.083737  0.995272  0.000719  -0.006658  -0.003954  0.000000  0.000000  0.000000  2.000000  
19.938588 0.006951  0.090223  -0.011394  0.993854  0.094810  0.057137  -0.099152  0.991957  0.078676  -0.049218  -0.083858  0.995261  0.000574  -0.006714  -0.004056  0.000000  0.000000  0.000000  2.000000  
19.939590 0.006951  0.090216  -0.011399  0.993854  0.094796  0.057160  -0.099152  0.991938  0.078917  -0.049218  -0.084100  0.995241  0.000470  -0.006768  -0.004127  0.000000  0.000000  0.000000  2.000000  
19.940832 0.006950  0.090206  -0.011404  0.993854  0.094789  0.057171  -0.099152  0.991928  0.079037  -0.049218  -0.084220  0.995231  0.000302  -0.006880  -0.004241  0.000000  0.000000  0.000000  2.000000  
19.942088 0.006950  0.090197  -0.011410  0.993854  0.094782  0.057183  -0.099152  0.991919  0.079158  -0.049218  -0.084341  0.995221  0.000179  -0.006966  -0.004370  0.000000  0.000000  0.000000  2.000000  
19.943338 0.006950  0.090188  -0.011416  0.993854  0.094775  0.057194  -0.099152  0.991909  0.079278  -0.049218  -0.084462  0.995210  0.000111  -0.007065  -0.004412  0.000000  0.000000  0.000000  2.000000  
19.944592 0.006950  0.090180  -0.011420  0.993861  0.094786  0.057062  -0.099152  0.991908  0.079291  -0.049084  -0.084462  0.995217  -0.000001  -0.007070  -0.004445  0.000000  0.000000  0.000000  2.000000  
19.945838 0.006950  0.090173  -0.011425  0.993861  0.094779  0.057073  -0.099152  0.991898  0.079412  -0.049084  -0.084583  0.995207  -0.000023  -0.007043  -0.004419  0.000000  0.000000  0.000000  2.000000  
19.947090 0.006950  0.090166  -0.011430  0.993861  0.094779  0.057073  -0.099152  0.991898  0.079412  -0.049084  -0.084583  0.995207  -0.000045  -0.006988  -0.004363  0.000000  0.000000  0.000000  2.000000  
19.948340 0.006950  0.090159  -0.011434  0.993881  0.094568  0.057068  -0.098948  0.991908  0.079544  -0.049084  -0.084704  0.995196  -0.000054  -0.006847  -0.004280  0.000000  0.000000  0.000000  2.000000  
19.949351 0.006950  0.090153  -0.011438  0.993881  0.094568  0.057068  -0.098948  0.991908  0.079544  -0.049084  -0.084704  0.995196  -0.000075  -0.006730  -0.004213  0.000000  0.000000  0.000000  2.000000  
19.950589 0.006950  0.090147  -0.011442  0.993881  0.094561  0.057080  -0.098948  0.991899  0.079664  -0.049084  -0.084824  0.995186  -0.000051  -0.006573  -0.004136  0.000000  0.000000  0.000000  2.000000  
19.951837 0.006951  0.090141  -0.011447  0.993881  0.094561  0.057080  -0.098948  0.991899  0.079664  -0.049084  -0.084824  0.995186  0.000003  -0.006381  -0.004016  0.000000  0.000000  0.000000  2.000000  
19.953087 0.006951  0.090134  -0.011451  0.993881  0.094554  0.057091  -0.098948  0.991889  0.079784  -0.049084  -0.084945  0.995176  -0.000003  -0.006193  -0.003951  0.000000  0.000000  0.000000  2.000000  
19.954334 0.006951  0.090128  -0.011456  0.993881  0.094547  0.057103  -0.098948  0.991879  0.079905  -0.049084  -0.085066  0.995166  0.000042  -0.005992  -0.003868  0.000000  0.000000  0.000000  2.000000  
19.955589 0.006951  0.090121  -0.011460  0.993881  0.094547  0.057103  -0.098948  0.991879  0.079905  -0.049084  -0.085066  0.995166  0.000092  -0.005735  -0.003795  0.000000  0.000000  0.000000  2.000000  
19.956834 0.006952  0.090115  -0.011465  0.993881  0.094540  0.057114  -0.098948  0.991870  0.080025  -0.049084  -0.085187  0.995155  0.000139  -0.005552  -0.003739  0.000000  0.000000  0.000000  2.000000  
19.958088 0.006953  0.090109  -0.011471  0.993881  0.094533  0.057126  -0.098948  0.991860  0.080145  -0.049084  -0.085307  0.995145  0.000211  -0.005372  -0.003754  0.000000  0.000000  0.000000  2.000000  
19.959347 0.006954  0.090103  -0.011476  0.993881  0.094533  0.057126  -0.098948  0.991860  0.080145  -0.049084  -0.085307  0.995145  0.000300  -0.005242  -0.003749  0.000000  0.000000  0.000000  2.000000  
19.960589 0.006955  0.090097  -0.011481  0.993861  0.094731  0.057154  -0.099152  0.991831  0.080254  -0.049084  -0.085428  0.995135  0.000367  -0.005120  -0.003824  0.000000  0.000000  0.000000  2.000000  
19.961836 0.006957  0.090093  -0.011486  0.993861  0.094731  0.057154  -0.099152  0.991831  0.080254  -0.049084  -0.085428  0.995135  0.000490  -0.004946  -0.003846  0.000000  0.000000  0.000000  2.000000  
19.962858 0.006959  0.090089  -0.011490  0.993861  0.094724  0.057165  -0.099152  0.991821  0.080374  -0.049084  -0.085549  0.995124  0.000580  -0.004787  -0.003874  0.000000  0.000000  0.000000  2.000000  
19.964087 0.006960  0.090086  -0.011496  0.993861  0.094724  0.057165  -0.099152  0.991821  0.080374  -0.049084  -0.085549  0.995124  0.000710  -0.004600  -0.003952  0.000000  0.000000  0.000000  2.000000  
19.965090 0.006962  0.090083  -0.011500  0.993861  0.094724  0.057165  -0.099152  0.991821  0.080374  -0.049084  -0.085549  0.995124  0.000802  -0.004446  -0.003992  0.000000  0.000000  0.000000  2.000000  
19.966342 0.006964  0.090080  -0.011506  0.993840  0.094928  0.057182  -0.099357  0.991801  0.080362  -0.049084  -0.085549  0.995124  0.000869  -0.004217  -0.004063  0.000000  0.000000  0.000000  2.000000  
19.967588 0.006966  0.090077  -0.011511  0.993840  0.094928  0.057182  -0.099357  0.991801  0.080362  -0.049084  -0.085549  0.995124  0.000990  -0.003978  -0.004056  0.000000  0.000000  0.000000  2.000000  
19.968837 0.006968  0.090074  -0.011516  0.993840  0.094921  0.057193  -0.099357  0.991792  0.080483  -0.049084  -0.085669  0.995114  0.001087  -0.003729  -0.004108  0.000000  0.000000  0.000000  2.000000  
19.970083 0.006970  0.090072  -0.011521  0.993834  0.094910  0.057326  -0.099356  0.991793  0.080469  -0.049218  -0.085669  0.995107  0.001246  -0.003426  -0.004119  0.000000  0.000000  0.000000  2.000000  
19.971084 0.006971  0.090071  -0.011524  0.993834  0.094910  0.057326  -0.099356  0.991793  0.080469  -0.049218  -0.085669  0.995107  0.001287  -0.003195  -0.004118  0.000000  0.000000  0.000000  2.000000  
19.972333 0.006973  0.090069  -0.011530  0.993813  0.095114  0.057342  -0.099561  0.991773  0.080458  -0.049218  -0.085669  0.995107  0.001419  -0.002857  -0.004155  0.000000  0.000000  0.000000  2.000000  
19.973338 0.006975  0.090068  -0.011535  0.993820  0.095125  0.057210  -0.099561  0.991772  0.080471  -0.049084  -0.085669  0.995114  0.001459  -0.002667  -0.004195  0.000000  0.000000  0.000000  2.000000  
19.974583 0.006978  0.090067  -0.011541  0.993820  0.095118  0.057221  -0.099561  0.991762  0.080591  -0.049084  -0.085790  0.995103  0.001549  -0.002311  -0.004220  0.000000  0.000000  0.000000  2.000000  
19.975587 0.006980  0.090066  -0.011546  0.993820  0.095118  0.057221  -0.099561  0.991762  0.080591  -0.049084  -0.085790  0.995103  0.001614  -0.002087  -0.004292  0.000000  0.000000  0.000000  2.000000  
19.976838 0.006982  0.090065  -0.011553  0.993800  0.095322  0.057238  -0.099766  0.991743  0.080579  -0.049084  -0.085790  0.995103  0.001669  -0.001814  -0.004430  0.000000  0.000000  0.000000  2.000000  
19.978085 0.006985  0.090064  -0.011561  0.993800  0.095322  0.057238  -0.099766  0.991743  0.080579  -0.049084  -0.085790  0.995103  0.001720  -0.001596  -0.004609  0.000000  0.000000  0.000000  2.000000  
19.979088 0.006986  0.090063  -0.011566  0.993800  0.095322  0.057238  -0.099766  0.991743  0.080579  -0.049084  -0.085790  0.995103  0.001720  -0.001444  -0.004676  0.000000  0.000000  0.000000  2.000000  
19.980088 0.006989  0.090063  -0.011572  0.993800  0.095322  0.057238  -0.099766  0.991743  0.080579  -0.049084  -0.085790  0.995103  0.001801  -0.001313  -0.004806  0.000000  0.000000  0.000000  2.000000  
19.981339 0.006992  0.090063  -0.011580  0.993779  0.095520  0.057266  -0.099971  0.991713  0.080688  -0.049084  -0.085911  0.995093  0.001859  -0.001123  -0.004972  0.000000  0.000000  0.000000  2.000000  
19.982343 0.006994  0.090063  -0.011586  0.993772  0.095508  0.057399  -0.099970  0.991714  0.080674  -0.049218  -0.085910  0.995086  0.001921  -0.000963  -0.005100  0.000000  0.000000  0.000000  2.000000  
19.983587 0.006997  0.090063  -0.011593  0.993772  0.095508  0.057399  -0.099970  0.991714  0.080674  -0.049218  -0.085910  0.995086  0.001981  -0.000770  -0.005270  0.000000  0.000000  0.000000  2.000000  
19.984837 0.006999  0.090062  -0.011602  0.993752  0.095712  0.057415  -0.100175  0.991695  0.080663  -0.049218  -0.085910  0.995086  0.001998  -0.000660  -0.005504  0.000000  0.000000  0.000000  2.000000  
19.985838 0.007002  0.090063  -0.011608  0.993752  0.095712  0.057415  -0.100175  0.991695  0.080663  -0.049218  -0.085910  0.995086  0.002085  -0.000544  -0.005643  0.000000  0.000000  0.000000  2.000000  
19.987089 0.007005  0.090063  -0.011615  0.993758  0.095724  0.057283  -0.100175  0.991694  0.080676  -0.049084  -0.085911  0.995093  0.002109  -0.000399  -0.005783  0.000000  0.000000  0.000000  2.000000  
19.988336 0.007008  0.090064  -0.011623  0.993758  0.095724  0.057283  -0.100175  0.991694  0.080676  -0.049084  -0.085911  0.995093  0.002163  -0.000257  -0.005872  0.000000  0.000000  0.000000  2.000000  
19.989348 0.007010  0.090064  -0.011629  0.993738  0.095928  0.057299  -0.100380  0.991674  0.080664  -0.049084  -0.085911  0.995093  0.002202  -0.000157  -0.005974  0.000000  0.000000  0.000000  2.000000  
19.990587 0.007013  0.090065  -0.011636  0.993738  0.095921  0.057311  -0.100380  0.991664  0.080785  -0.049084  -0.086031  0.995083  0.002241  -0.000037  -0.005980  0.000000  0.000000  0.000000  2.000000  
19.991595 0.007016  0.090065  -0.011642  0.993738  0.095921  0.057311  -0.100380  0.991664  0.080785  -0.049084  -0.086031  0.995083  0.002279  0.000045  -0.006042  0.000000  0.000000  0.000000  2.000000  
19.992835 0.007019  0.090066  -0.011649  0.993738  0.095921  0.057311  -0.100380  0.991664  0.080785  -0.049084  -0.086031  0.995083  0.002325  0.000150  -0.006024  0.000000  0.000000  0.000000  2.000000  
19.993839 0.007021  0.090067  -0.011655  0.993738  0.095921  0.057311  -0.100380  0.991664  0.080785  -0.049084  -0.086031  0.995083  0.002351  0.000225  -0.006060  0.000000  0.000000  0.000000  2.000000  
19.995092 0.007025  0.090067  -0.011663  0.993738  0.095921  0.057311  -0.100380  0.991664  0.080785  -0.049084  -0.086031  0.995083  0.002387  0.000274  -0.006088  0.000000  0.000000  0.000000  2.000000  
19.996339 0.007028  0.090067  -0.011671  0.993710  0.096114  0.057460  -0.100584  0.991646  0.080759  -0.049218  -0.086031  0.995076  0.002418  0.000301  -0.006067  0.000000  0.000000  0.000000  2.000000  
19.997340 0.007031  0.090067  -0.011677  0.993710  0.096114  0.057460  -0.100584  0.991646  0.080759  -0.049218  -0.086031  0.995076  0.002458  0.000308  -0.006094  0.000000  0.000000  0.000000  2.000000  
19.998342 0.007034  0.090067  -0.011683  0.993710  0.096114  0.057460  -0.100584  0.991646  0.080759  -0.049218  -0.086031  0.995076  0.002491  0.000269  -0.006101  0.000000  0.000000  0.000000  2.000000  
19.999350 0.007036  0.090067  -0.011690  0.993710  0.096114  0.057460  -0.100584  0.991646  0.080759  -0.049218  -0.086031  0.995076  0.002543  0.000266  -0.006105  0.000000  0.000000  0.000000  2.000000  
20.000587 0.007040  0.090066  -0.011699  0.993710  0.096114  0.057460  -0.100584  0.991646  0.080759  -0.049218  -0.086031  0.995076  0.002582  0.000193  -0.006172  0.000000  0.000000  0.000000  2.000000  
20.001838 0.007043  0.090065  -0.011706  0.993710  0.096107  0.057472  -0.100584  0.991636  0.080880  -0.049218  -0.086152  0.995066  0.002627  0.000126  -0.006173  0.000000  0.000000  0.000000  2.000000  
20.003087 0.007046  0.090064  -0.011715  0.993710  0.096107  0.057472  -0.100584  0.991636  0.080880  -0.049218  -0.086152  0.995066  0.002614  -0.000012  -0.006258  0.000000  0.000000  0.000000  2.000000  
20.004135 0.007049  0.090063  -0.011720  0.993710  0.096107  0.057472  -0.100584  0.991636  0.080880  -0.049218  -0.086152  0.995066  0.002644  -0.000115  -0.006203  0.000000  0.000000  0.000000  2.000000  
20.005340 0.007052  0.090062  -0.011729  0.993710  0.096107  0.057472  -0.100584  0.991636  0.080880  -0.049218  -0.086152  0.995066  0.002641  -0.000204  -0.006263  0.000000  0.000000  0.000000  2.000000  
20.006588 0.007056  0.090060  -0.011736  0.993710  0.096107  0.057472  -0.100584  0.991636  0.080880  -0.049218  -0.086152  0.995066  0.002658  -0.000336  -0.006283  0.000000  0.000000  0.000000  2.000000  
20.007834 0.007058  0.090059  -0.011744  0.993690  0.096304  0.057500  -0.100788  0.991606  0.080988  -0.049218  -0.086272  0.995055  0.002621  -0.000464  -0.006292  0.000000  0.000000  0.000000  2.000000  
20.009087 0.007061  0.090058  -0.011751  0.993690  0.096304  0.057500  -0.100788  0.991606  0.080988  -0.049218  -0.086272  0.995055  0.002580  -0.000589  -0.006265  0.000000  0.000000  0.000000  2.000000  
20.010337 0.007063  0.090057  -0.011759  0.993690  0.096304  0.057500  -0.100788  0.991606  0.080988  -0.049218  -0.086272  0.995055  0.002516  -0.000690  -0.006255  0.000000  0.000000  0.000000  2.000000  
20.011591 0.007065  0.090056  -0.011765  0.993690  0.096304  0.057500  -0.100788  0.991606  0.080988  -0.049218  -0.086272  0.995055  0.002427  -0.000758  -0.006163  0.000000  0.000000  0.000000  2.000000  
20.012837 0.007068  0.090055  -0.011772  0.993690  0.096304  0.057500  -0.100788  0.991606  0.080988  -0.049218  -0.086272  0.995055  0.002339  -0.000804  -0.006133  0.000000  0.000000  0.000000  2.000000  
20.013840 0.007069  0.090054  -0.011778  0.993690  0.096304  0.057500  -0.100788  0.991606  0.080988  -0.049218  -0.086272  0.995055  0.002302  -0.000850  -0.006115  0.000000  0.000000  0.000000  2.000000  
20.015086 0.007072  0.090053  -0.011786  0.993690  0.096304  0.057500  -0.100788  0.991606  0.080988  -0.049218  -0.086272  0.995055  0.002225  -0.000840  -0.006036  0.000000  0.000000  0.000000  2.000000  
20.016087 0.007073  0.090052  -0.011791  0.993669  0.096508  0.057517  -0.100993  0.991586  0.080976  -0.049218  -0.086272  0.995055  0.002116  -0.000860  -0.005967  0.000000  0.000000  0.000000  2.000000  
20.017339 0.007075  0.090051  -0.011799  0.993669  0.096508  0.057517  -0.100993  0.991586  0.080976  -0.049218  -0.086272  0.995055  0.002023  -0.000877  -0.005957  0.000000  0.000000  0.000000  2.000000  
20.018349 0.007076  0.090050  -0.011805  0.993669  0.096508  0.057517  -0.100993  0.991586  0.080976  -0.049218  -0.086272  0.995055  0.001916  -0.000922  -0.005868  0.000000  0.000000  0.000000  2.000000  
20.019350 0.007078  0.090049  -0.011811  0.993669  0.096501  0.057529  -0.100993  0.991576  0.081096  -0.049218  -0.086393  0.995045  0.001861  -0.000918  -0.005858  0.000000  0.000000  0.000000  2.000000  
20.020589 0.007080  0.090047  -0.011818  0.993648  0.096705  0.057545  -0.101197  0.991557  0.081085  -0.049218  -0.086393  0.995045  0.001811  -0.000917  -0.005860  0.000000  0.000000  0.000000  2.000000  
20.021837 0.007082  0.090046  -0.011825  0.993648  0.096705  0.057545  -0.101197  0.991557  0.081085  -0.049218  -0.086393  0.995045  0.001721  -0.000963  -0.005825  0.000000  0.000000  0.000000  2.000000  
20.023085 0.007084  0.090045  -0.011832  0.993648  0.096698  0.057557  -0.101197  0.991547  0.081205  -0.049218  -0.086514  0.995034  0.001659  -0.000935  -0.005830  0.000000  0.000000  0.000000  2.000000  
20.024338 0.007086  0.090043  -0.011840  0.993627  0.096902  0.057574  -0.101402  0.991527  0.081193  -0.049218  -0.086514  0.995034  0.001635  -0.000979  -0.005822  0.000000  0.000000  0.000000  2.000000  
20.025338 0.007087  0.090042  -0.011845  0.993627  0.096902  0.057574  -0.101402  0.991527  0.081193  -0.049218  -0.086514  0.995034  0.001603  -0.000954  -0.005778  0.000000  0.000000  0.000000  2.000000  
20.026593 0.007089  0.090042  -0.011852  0.993627  0.096902  0.057574  -0.101402  0.991527  0.081193  -0.049218  -0.086514  0.995034  0.001603  -0.000954  -0.005779  0.000000  0.000000  0.000000  2.000000  
20.027832 0.007092  0.090041  -0.011859  0.993627  0.096895  0.057585  -0.101402  0.991517  0.081313  -0.049218  -0.086634  0.995024  0.001601  -0.000946  -0.005757  0.000000  0.000000  0.000000  2.000000  
20.028841 0.007093  0.090041  -0.011864  0.993606  0.097099  0.057602  -0.101607  0.991497  0.081301  -0.049218  -0.086634  0.995024  0.001591  -0.000868  -0.005703  0.000000  0.000000  0.000000  2.000000  
20.030092 0.007096  0.090041  -0.011870  0.993606  0.097099  0.057602  -0.101607  0.991497  0.081301  -0.049218  -0.086634  0.995024  0.001633  -0.000785  -0.005635  0.000000  0.000000  0.000000  2.000000  
20.031339 0.007098  0.090041  -0.011877  0.993606  0.097099  0.057602  -0.101607  0.991497  0.081301  -0.049218  -0.086634  0.995024  0.001641  -0.000724  -0.005569  0.000000  0.000000  0.000000  2.000000  
20.032588 0.007101  0.090041  -0.011882  0.993585  0.097304  0.057619  -0.101811  0.991477  0.081290  -0.049218  -0.086634  0.995024  0.001664  -0.000616  -0.005493  0.000000  0.000000  0.000000  2.000000  
20.033837 0.007103  0.090042  -0.011888  0.993585  0.097297  0.057631  -0.101811  0.991467  0.081410  -0.049218  -0.086755  0.995013  0.001702  -0.000531  -0.005409  0.000000  0.000000  0.000000  2.000000  
20.034837 0.007105  0.090041  -0.011894  0.993585  0.097297  0.057631  -0.101811  0.991467  0.081410  -0.049218  -0.086755  0.995013  0.001743  -0.000450  -0.005342  0.000000  0.000000  0.000000  2.000000  
20.036088 0.007108  0.090042  -0.011899  0.993564  0.097501  0.057647  -0.102016  0.991447  0.081398  -0.049218  -0.086755  0.995013  0.001801  -0.000310  -0.005242  0.000000  0.000000  0.000000  2.000000  
20.037338 0.007110  0.090041  -0.011905  0.993564  0.097501  0.057647  -0.102016  0.991447  0.081398  -0.049218  -0.086755  0.995013  0.001845  -0.000256  -0.005152  0.000000  0.000000  0.000000  2.000000  
20.038592 0.007113  0.090041  -0.011912  0.993564  0.097494  0.057659  -0.102016  0.991437  0.081518  -0.049218  -0.086876  0.995003  0.001884  -0.000144  -0.005104  0.000000  0.000000  0.000000  2.000000  
20.039834 0.007115  0.090041  -0.011918  0.993543  0.097698  0.057676  -0.102220  0.991417  0.081506  -0.049218  -0.086876  0.995003  0.001904  -0.000114  -0.005048  0.000000  0.000000  0.000000  2.000000  
20.041082 0.007117  0.090041  -0.011925  0.993543  0.097691  0.057688  -0.102220  0.991407  0.081627  -0.049218  -0.086996  0.994992  0.001919  -0.000067  -0.005029  0.000000  0.000000  0.000000  2.000000  
20.042082 0.007119  0.090041  -0.011929  0.993543  0.097691  0.057688  -0.102220  0.991407  0.081627  -0.049218  -0.086996  0.994992  0.001950  -0.000041  -0.005009  0.000000  0.000000  0.000000  2.000000  
20.043083 0.007121  0.090041  -0.011935  0.993543  0.097691  0.057688  -0.102220  0.991407  0.081627  -0.049218  -0.086996  0.994992  0.001941  -0.000015  -0.005020  0.000000  0.000000  0.000000  2.000000  
20.044084 0.007123  0.090041  -0.011940  0.993522  0.097888  0.057717  -0.102425  0.991377  0.081735  -0.049218  -0.087117  0.994982  0.001969  -0.000011  -0.004952  0.000000  0.000000  0.000000  2.000000  
20.045091 0.007125  0.090040  -0.011945  0.993522  0.097888  0.057717  -0.102425  0.991377  0.081735  -0.049218  -0.087117  0.994982  0.001938  -0.000037  -0.004973  0.000000  0.000000  0.000000  2.000000  
20.046346 0.007127  0.090040  -0.011951  0.993529  0.097900  0.057584  -0.102425  0.991376  0.081749  -0.049084  -0.087118  0.994988  0.001912  -0.000057  -0.004999  0.000000  0.000000  0.000000  2.000000  
20.047588 0.007129  0.090040  -0.011958  0.993529  0.097900  0.057584  -0.102425  0.991376  0.081749  -0.049084  -0.087118  0.994988  0.001875  -0.000090  -0.005014  0.000000  0.000000  0.000000  2.000000  
20.048591 0.007130  0.090040  -0.011963  0.993508  0.098097  0.057613  -0.102630  0.991346  0.081857  -0.049084  -0.087238  0.994977  0.001858  -0.000136  -0.005033  0.000000  0.000000  0.000000  2.000000  
20.049837 0.007132  0.090040  -0.011968  0.993508  0.098097  0.057613  -0.102630  0.991346  0.081857  -0.049084  -0.087238  0.994977  0.001819  -0.000109  -0.004961  0.000000  0.000000  0.000000  2.000000  
20.051087 0.007134  0.090040  -0.011974  0.993508  0.098097  0.057613  -0.102630  0.991346  0.081857  -0.049084  -0.087238  0.994977  0.001787  -0.000135  -0.004982  0.000000  0.000000  0.000000  2.000000  
