1-Time 2-Px 3-Py 4-Pz 5-R11 6-R21 7-R31 8-R12 9-R22 10-R32 11-R13 12-R23 13-R33 14-Vx 15-Vy 16-Vz 17-Wx 18-Wy 19-Wz 20-state 21-PR11 22-PR21 23-PR31 24-PR12 25-PR22 26-PR32 27-PR13 28-PR23 29-PR33 
172.567666 0.011321  0.094243  -0.008752  0.995358  0.085182  0.044804  -0.087725  0.994441  0.058234  -0.039594  -0.061895  0.997297  -0.000077  0.000315  -0.000093  0.000000  0.000000  0.000000  2.000000  
172.568668 0.011322  0.094244  -0.008752  0.995339  0.085387  0.044816  -0.087930  0.994424  0.058225  -0.039594  -0.061895  0.997297  -0.000046  0.000344  -0.000071  0.000000  0.000000  0.000000  2.000000  
172.569672 0.011323  0.094244  -0.008752  0.995298  0.085783  0.044983  -0.088339  0.994382  0.058316  -0.039728  -0.062015  0.997284  0.000059  0.000321  -0.000033  0.000000  0.000000  0.000000  2.000000  
172.570672 0.011325  0.094243  -0.008752  0.995256  0.086184  0.045140  -0.088749  0.994347  0.058285  -0.039861  -0.062015  0.997279  0.000199  0.000264  -0.000058  0.000000  0.000000  0.000000  2.000000  
172.571674 0.011328  0.094242  -0.008752  0.995209  0.086566  0.045451  -0.089157  0.994299  0.058484  -0.040129  -0.062256  0.997253  0.000380  0.000211  -0.000050  0.000000  0.000000  0.000000  2.000000  
172.572680 0.011330  0.094240  -0.008752  0.995185  0.086756  0.045606  -0.089362  0.994275  0.058583  -0.040263  -0.062377  0.997240  0.000542  0.000017  -0.000092  0.000000  0.000000  0.000000  2.000000  
172.573920 0.011334  0.094239  -0.008753  0.995143  0.087152  0.045774  -0.089771  0.994233  0.058673  -0.040396  -0.062497  0.997227  0.000820  -0.000119  -0.000095  0.000000  0.000000  0.000000  2.000000  
172.575170 0.011339  0.094238  -0.008753  0.995087  0.087755  0.045831  -0.090386  0.994164  0.058886  -0.040396  -0.062739  0.997212  0.001173  -0.000200  -0.000090  0.000000  0.000000  0.000000  2.000000  
172.576425 0.011344  0.094237  -0.008753  0.995037  0.088366  0.045756  -0.091001  0.994095  0.059111  -0.040263  -0.062982  0.997202  0.001516  -0.000255  -0.000096  0.000000  0.000000  0.000000  2.000000  
172.577669 0.011349  0.094236  -0.008753  0.994975  0.088966  0.045936  -0.091615  0.994034  0.059191  -0.040396  -0.063102  0.997189  0.001835  -0.000388  -0.000066  0.000000  0.000000  0.000000  2.000000  
172.578669 0.011353  0.094235  -0.008752  0.994913  0.089560  0.046127  -0.092229  0.993965  0.059392  -0.040530  -0.063344  0.997168  0.002111  -0.000439  -0.000031  0.000000  0.000000  0.000000  2.000000  
172.579922 0.011359  0.094235  -0.008752  0.994806  0.090561  0.046465  -0.093252  0.993867  0.059440  -0.040797  -0.063464  0.997150  0.002539  -0.000465  -0.000019  0.045200  -0.052524  0.190619  2.000000  
172.581171 0.011366  0.094236  -0.008750  0.994718  0.091357  0.046791  -0.094070  0.993786  0.059497  -0.041065  -0.063584  0.997131  0.002991  -0.000422  0.000148  0.048140  -0.063254  0.217673  2.000000  
172.582423 0.011373  0.094237  -0.008746  0.994610  0.092357  0.047129  -0.095093  0.993686  0.059544  -0.041332  -0.063704  0.997113  0.003482  -0.000398  0.000394  0.050781  -0.074406  0.251568  2.000000  
172.583670 0.011379  0.094238  -0.008743  0.994531  0.093164  0.047200  -0.095912  0.993595  0.059746  -0.041332  -0.063946  0.997097  0.003881  -0.000354  0.000566  0.058090  -0.075738  0.272241  2.000000  
172.584917 0.011386  0.094239  -0.008741  0.994447  0.093962  0.047405  -0.096730  0.993504  0.059935  -0.041466  -0.064188  0.997076  0.004199  -0.000302  0.000762  0.065112  -0.082016  0.299591  2.000000  
172.585918 0.011392  0.094238  -0.008739  0.994387  0.094570  0.047454  -0.097344  0.993439  0.060026  -0.041466  -0.064309  0.997068  0.004382  -0.000318  0.000864  0.068347  -0.083344  0.320283  2.000000  
172.586926 0.011397  0.094237  -0.008738  0.994326  0.095172  0.047514  -0.097958  0.993366  0.060238  -0.041466  -0.064551  0.997053  0.004566  -0.000288  0.000965  0.075637  -0.084671  0.340872  2.000000  
172.588173 0.011403  0.094234  -0.008737  0.994240  0.095970  0.047720  -0.098777  0.993273  0.060427  -0.041599  -0.064792  0.997031  0.004778  -0.000335  0.001043  0.082670  -0.090983  0.368294  2.000000  
172.589429 0.011410  0.094231  -0.008738  0.994132  0.096972  0.047938  -0.099799  0.993160  0.060605  -0.041733  -0.065034  0.997010  0.004945  -0.000493  0.001002  0.088715  -0.096971  0.399449  2.000000  
172.590671 0.011417  0.094227  -0.008739  0.994023  0.097968  0.048169  -0.100822  0.993039  0.060904  -0.041867  -0.065396  0.996981  0.005070  -0.000712  0.000938  0.100167  -0.104455  0.436610  2.000000  
172.591920 0.011424  0.094222  -0.008740  0.993929  0.098756  0.048508  -0.101640  0.992945  0.061078  -0.042134  -0.065637  0.996954  0.005191  -0.000990  0.000828  0.107131  -0.115248  0.463624  2.000000  
172.592920 0.011429  0.094217  -0.008742  0.993866  0.099358  0.048570  -0.102253  0.992869  0.061289  -0.042134  -0.065879  0.996938  0.005282  -0.001262  0.000727  0.114434  -0.116630  0.484301  2.000000  
172.594174 0.011435  0.094210  -0.008746  0.993797  0.099951  0.048765  -0.102867  0.992793  0.061486  -0.042268  -0.066121  0.996916  0.005286  -0.001725  0.000441  0.121751  -0.122552  0.504890  2.000000  
172.595239 0.011440  0.094205  -0.008748  0.993727  0.100543  0.048960  -0.103480  0.992717  0.061683  -0.042401  -0.066362  0.996894  0.005250  -0.002090  0.000229  0.128765  -0.128178  0.524247  2.000000  
172.596435 0.011446  0.094198  -0.008752  0.993642  0.101349  0.049035  -0.104298  0.992619  0.061883  -0.042401  -0.066604  0.996878  0.005250  -0.002607  -0.000260  0.135920  -0.130159  0.552384  2.000000  
172.597668 0.011452  0.094191  -0.008756  0.993572  0.101935  0.049243  -0.104911  0.992535  0.062200  -0.042535  -0.066966  0.996848  0.005224  -0.003116  -0.000712  0.147387  -0.136205  0.573276  2.000000  
172.598915 0.011458  0.094184  -0.008759  0.993501  0.102527  0.049439  -0.105524  0.992457  0.062396  -0.042669  -0.067208  0.996826  0.005125  -0.003613  -0.001124  0.153592  -0.136015  0.582126  2.000000  
172.599921 0.011463  0.094179  -0.008762  0.993452  0.102921  0.049610  -0.105933  0.992408  0.062482  -0.042802  -0.067328  0.996812  0.005067  -0.004033  -0.001463  0.153581  -0.140562  0.581925  2.000000  
172.601167 0.011468  0.094171  -0.008766  0.993380  0.103512  0.049806  -0.106546  0.992330  0.062678  -0.042936  -0.067570  0.996790  0.004988  -0.004465  -0.001819  0.157486  -0.136198  0.582107  2.000000  
172.602429 0.011472  0.094163  -0.008769  0.993309  0.104110  0.049990  -0.107158  0.992260  0.062753  -0.043070  -0.067690  0.996776  0.004862  -0.004887  -0.002160  0.154314  -0.133402  0.594122  2.000000  
172.603674 0.011476  0.094154  -0.008773  0.993259  0.104498  0.050174  -0.107567  0.992202  0.062959  -0.043204  -0.067932  0.996754  0.004676  -0.005202  -0.002315  0.158281  -0.133485  0.593983  2.000000  
172.604925 0.011479  0.094146  -0.008775  0.993214  0.104900  0.050212  -0.107976  0.992152  0.063059  -0.043204  -0.068053  0.996746  0.004340  -0.005628  -0.002507  0.154489  -0.133136  0.587042  2.000000  
172.606191 0.011482  0.094137  -0.008778  0.993192  0.105092  0.050251  -0.108180  0.992115  0.063289  -0.043204  -0.068294  0.996729  0.004084  -0.005880  -0.002633  0.155051  -0.136808  0.572715  2.000000  
172.607422 0.011484  0.094128  -0.008782  0.993142  0.105485  0.050422  -0.108589  0.992065  0.063374  -0.043337  -0.068415  0.996715  0.003846  -0.006094  -0.002704  0.154052  -0.135359  0.561388  2.000000  
172.608422 0.011485  0.094121  -0.008785  0.993119  0.105677  0.050461  -0.108793  0.992027  0.063604  -0.043337  -0.068657  0.996699  0.003622  -0.006227  -0.002786  0.158673  -0.130139  0.548111  2.000000  
172.609423 0.011487  0.094113  -0.008789  0.993091  0.105866  0.050620  -0.108997  0.991999  0.063700  -0.043471  -0.068777  0.996684  0.003401  -0.006355  -0.002852  0.159142  -0.129271  0.534293  2.000000  
172.610433 0.011488  0.094106  -0.008793  0.993069  0.106064  0.050646  -0.109201  0.991969  0.063810  -0.043471  -0.068898  0.996676  0.003057  -0.006565  -0.002961  0.157118  -0.120038  0.518365  2.000000  
172.611667 0.011489  0.094096  -0.008800  0.993035  0.106238  0.050950  -0.109404  0.991934  0.064011  -0.043738  -0.069139  0.996648  0.002759  -0.006731  -0.003184  0.160686  -0.117838  0.493818  2.000000  
172.612670 0.011490  0.094088  -0.008806  0.993006  0.106427  0.051108  -0.109608  0.991905  0.064106  -0.043872  -0.069259  0.996634  0.002480  -0.006938  -0.003392  0.163130  -0.117033  0.470299  2.000000  
172.613915 0.011491  0.094078  -0.008813  0.992978  0.106609  0.051280  -0.109812  0.991869  0.064321  -0.044006  -0.069501  0.996611  0.002170  -0.007127  -0.003624  0.166368  -0.119677  0.452379  2.000000  
172.614917 0.011492  0.094071  -0.008820  0.992955  0.106807  0.051306  -0.110016  0.991839  0.064431  -0.044006  -0.069622  0.996602  0.001970  -0.007226  -0.003862  0.162880  -0.114391  0.438972  2.000000  
172.616169 0.011493  0.094063  -0.008826  0.992927  0.106990  0.051478  -0.110220  0.991803  0.064646  -0.044139  -0.069863  0.996580  0.001675  -0.007274  -0.004006  0.167912  -0.117636  0.418470  2.000000  
172.617170 0.011494  0.094056  -0.008831  0.992921  0.106974  0.051623  -0.110220  0.991796  0.064752  -0.044273  -0.069984  0.996565  0.001492  -0.007238  -0.004160  0.166257  -0.121223  0.393704  2.000000  
172.618170 0.011494  0.094050  -0.008836  0.992892  0.107163  0.051782  -0.110423  0.991767  0.064847  -0.044407  -0.070104  0.996551  0.001328  -0.007241  -0.004281  0.161092  -0.119836  0.383609  2.000000  
172.619422 0.011495  0.094042  -0.008841  0.992863  0.107345  0.051954  -0.110627  0.991730  0.065062  -0.044540  -0.070345  0.996528  0.001181  -0.007156  -0.004458  0.162246  -0.118087  0.356263  2.000000  
172.620425 0.011496  0.094035  -0.008846  0.992835  0.107534  0.052113  -0.110831  0.991701  0.065157  -0.044674  -0.070466  0.996513  0.001058  -0.007122  -0.004658  0.159021  -0.116737  0.335664  2.000000  
172.621673 0.011497  0.094028  -0.008851  0.992800  0.107713  0.052404  -0.111034  0.991673  0.065237  -0.044941  -0.070586  0.996493  0.000948  -0.007046  -0.004768  0.153289  -0.115895  0.310809  2.000000  
172.622676 0.011498  0.094023  -0.008854  0.992771  0.107901  0.052563  -0.111238  0.991644  0.065332  -0.045075  -0.070706  0.996478  0.000931  -0.006866  -0.004832  0.149783  -0.119483  0.296662  2.000000  
172.623919 0.011500  0.094018  -0.008858  0.992742  0.108089  0.052722  -0.111441  0.991615  0.065426  -0.045209  -0.070827  0.996464  0.000951  -0.006537  -0.004756  0.144781  -0.118095  0.287386  2.000000  
172.624920 0.011501  0.094015  -0.008861  0.992736  0.108074  0.052868  -0.111441  0.991608  0.065532  -0.045342  -0.070947  0.996449  0.000956  -0.006306  -0.004631  0.143427  -0.117512  0.262798  2.000000  
172.625920 0.011504  0.094011  -0.008864  0.992713  0.108278  0.052882  -0.111645  0.991586  0.065521  -0.045342  -0.070947  0.996449  0.001027  -0.005997  -0.004511  0.135522  -0.116298  0.248333  2.000000  
172.626924 0.011506  0.094009  -0.008866  0.992684  0.108466  0.053041  -0.111849  0.991557  0.065615  -0.045476  -0.071068  0.996434  0.001102  -0.005657  -0.004306  0.132015  -0.115384  0.234510  2.000000  
172.628167 0.011508  0.094006  -0.008870  0.992655  0.108654  0.053200  -0.112052  0.991527  0.065709  -0.045610  -0.071188  0.996420  0.001217  -0.005195  -0.004060  0.131243  -0.118462  0.225466  2.000000  
172.629422 0.011511  0.094003  -0.008873  0.992620  0.108833  0.053492  -0.112255  0.991499  0.065789  -0.045877  -0.071308  0.996399  0.001331  -0.004769  -0.003778  0.125005  -0.118033  0.206566  2.000000  
172.630667 0.011515  0.094001  -0.008877  0.992584  0.109005  0.053796  -0.112458  0.991463  0.065988  -0.046144  -0.071549  0.996369  0.001502  -0.004273  -0.003537  0.129697  -0.121634  0.192503  2.000000  
172.631670 0.011518  0.093999  -0.008880  0.992555  0.109200  0.053943  -0.112662  0.991442  0.065962  -0.046278  -0.071548  0.996363  0.001667  -0.003960  -0.003388  0.124549  -0.125071  0.190565  2.000000  
172.632915 0.011522  0.093997  -0.008885  0.992520  0.109371  0.054248  -0.112865  0.991405  0.066162  -0.046545  -0.071789  0.996333  0.001836  -0.003636  -0.003390  0.125156  -0.128641  0.176589  2.000000  
172.633920 0.011526  0.093995  -0.008889  0.992507  0.109352  0.054512  -0.112863  0.991407  0.066131  -0.046812  -0.071788  0.996321  0.002089  -0.003277  -0.003311  0.000000  0.000000  0.000000  2.000000  
172.635169 0.011530  0.093993  -0.008894  0.992478  0.109534  0.054685  -0.113067  0.991370  0.066346  -0.046946  -0.072030  0.996297  0.002241  -0.002939  -0.003325  0.000000  0.000000  0.000000  2.000000  
172.636173 0.011533  0.093992  -0.008898  0.992448  0.109722  0.054844  -0.113271  0.991340  0.066439  -0.047080  -0.072150  0.996282  0.002450  -0.002545  -0.003289  0.000000  0.000000  0.000000  2.000000  
172.637423 0.011538  0.093991  -0.008903  0.992412  0.109900  0.055136  -0.113474  0.991312  0.066518  -0.047347  -0.072270  0.996261  0.002692  -0.002171  -0.003325  0.000000  0.000000  0.000000  2.000000  
172.638430 0.011542  0.093990  -0.008907  0.992383  0.110088  0.055296  -0.113677  0.991282  0.066612  -0.047481  -0.072390  0.996246  0.002845  -0.001930  -0.003365  0.000000  0.000000  0.000000  2.000000  
172.639679 0.011547  0.093990  -0.008910  0.992346  0.110259  0.055601  -0.113880  0.991246  0.066811  -0.047748  -0.072631  0.996215  0.003083  -0.001685  -0.003343  0.000000  0.000000  0.000000  2.000000  
172.640920 0.011552  0.093989  -0.008914  0.992317  0.110447  0.055761  -0.114084  0.991216  0.066904  -0.047882  -0.072751  0.996200  0.003218  -0.001478  -0.003348  0.000000  0.000000  0.000000  2.000000  
172.641920 0.011556  0.093990  -0.008916  0.992280  0.110624  0.056053  -0.114286  0.991187  0.066982  -0.048149  -0.072871  0.996178  0.003379  -0.001291  -0.003335  0.000000  0.000000  0.000000  2.000000  
172.643170 0.011561  0.093989  -0.008920  0.992274  0.110608  0.056199  -0.114286  0.991180  0.067087  -0.048283  -0.072992  0.996163  0.003512  -0.001066  -0.003356  0.000000  0.000000  0.000000  2.000000  
172.644171 0.011565  0.093990  -0.008923  0.992244  0.110802  0.056345  -0.114489  0.991158  0.067060  -0.048416  -0.072991  0.996157  0.003610  -0.000933  -0.003384  0.000000  0.000000  0.000000  2.000000  
172.645425 0.011569  0.093990  -0.008926  0.992214  0.110990  0.056504  -0.114693  0.991129  0.067154  -0.048550  -0.073112  0.996141  0.003618  -0.000766  -0.003343  0.000000  0.000000  0.000000  2.000000  
172.646431 0.011572  0.093990  -0.008929  0.992207  0.110973  0.056650  -0.114692  0.991122  0.067259  -0.048683  -0.073232  0.996126  0.003596  -0.000629  -0.003326  0.000000  0.000000  0.000000  2.000000  
172.647670 0.011575  0.093991  -0.008932  0.992177  0.111168  0.056797  -0.114895  0.991100  0.067232  -0.048817  -0.073231  0.996119  0.003603  -0.000399  -0.003202  0.000000  0.000000  0.000000  2.000000  
172.648918 0.011579  0.093992  -0.008936  0.992171  0.111151  0.056942  -0.114895  0.991093  0.067337  -0.048951  -0.073352  0.996104  0.003567  -0.000232  -0.003149  0.000000  0.000000  0.000000  2.000000  
172.650171 0.011582  0.093992  -0.008940  0.992164  0.111141  0.057075  -0.114894  0.991094  0.067321  -0.049084  -0.073351  0.996098  0.003514  -0.000086  -0.003069  0.000000  0.000000  0.000000  2.000000  
172.651416 0.011585  0.093992  -0.008944  0.992134  0.111328  0.057235  -0.115097  0.991064  0.067414  -0.049218  -0.073472  0.996082  0.003404  0.000022  -0.003024  0.000000  0.000000  0.000000  2.000000  
172.652421 0.011587  0.093992  -0.008949  0.992134  0.111322  0.057248  -0.115097  0.991056  0.067535  -0.049218  -0.073592  0.996073  0.003234  0.000050  -0.003020  0.000000  0.000000  0.000000  2.000000  
172.653425 0.011588  0.093991  -0.008953  0.992128  0.111312  0.057380  -0.115097  0.991057  0.067519  -0.049352  -0.073592  0.996067  0.003113  0.000041  -0.003117  0.000000  0.000000  0.000000  2.000000  
172.654437 0.011590  0.093991  -0.008958  0.992121  0.111295  0.057526  -0.115096  0.991050  0.067624  -0.049485  -0.073712  0.996051  0.002909  0.000064  -0.003230  0.000000  0.000000  0.000000  2.000000  
172.655669 0.011591  0.093989  -0.008964  0.992121  0.111288  0.057540  -0.115096  0.991042  0.067744  -0.049485  -0.073833  0.996042  0.002651  -0.000010  -0.003386  0.000000  0.000000  0.000000  2.000000  
172.656694 0.011592  0.093988  -0.008969  0.992121  0.111281  0.057553  -0.115096  0.991033  0.067864  -0.049485  -0.073954  0.996033  0.002408  -0.000102  -0.003560  0.000000  0.000000  0.000000  2.000000  
172.657940 0.011593  0.093986  -0.008975  0.992114  0.111264  0.057699  -0.115095  0.991026  0.067969  -0.049619  -0.074074  0.996018  0.002160  -0.000228  -0.003748  0.000000  0.000000  0.000000  2.000000  
172.659169 0.011593  0.093984  -0.008981  0.992114  0.111257  0.057713  -0.115095  0.991018  0.068090  -0.049619  -0.074195  0.996009  0.001893  -0.000374  -0.003864  0.000000  0.000000  0.000000  2.000000  
172.660423 0.011593  0.093982  -0.008986  0.992138  0.111046  0.057712  -0.114891  0.991033  0.068222  -0.049619  -0.074316  0.996000  0.001632  -0.000516  -0.003964  0.000000  0.000000  0.000000  2.000000  
172.661667 0.011593  0.093980  -0.008991  0.992138  0.111046  0.057712  -0.114891  0.991033  0.068222  -0.049619  -0.074316  0.996000  0.001364  -0.000716  -0.004111  0.000000  0.000000  0.000000  2.000000  
172.662668 0.011593  0.093979  -0.008995  0.992138  0.111039  0.057726  -0.114891  0.991024  0.068342  -0.049619  -0.074437  0.995991  0.001175  -0.000827  -0.004158  0.000000  0.000000  0.000000  2.000000  
172.663915 0.011593  0.093978  -0.008999  0.992138  0.111039  0.057726  -0.114891  0.991024  0.068342  -0.049619  -0.074437  0.995991  0.000920  -0.000933  -0.004163  0.000000  0.000000  0.000000  2.000000  
172.664919 0.011593  0.093977  -0.009002  0.992138  0.111032  0.057739  -0.114891  0.991016  0.068462  -0.049619  -0.074558  0.995981  0.000708  -0.001027  -0.004216  0.000000  0.000000  0.000000  2.000000  
172.666165 0.011593  0.093976  -0.009006  0.992162  0.110828  0.057725  -0.114687  0.991039  0.068474  -0.049619  -0.074558  0.995981  0.000569  -0.001062  -0.004148  0.000000  0.000000  0.000000  2.000000  
172.667170 0.011592  0.093976  -0.009009  0.992162  0.110828  0.057725  -0.114687  0.991039  0.068474  -0.049619  -0.074558  0.995981  0.000387  -0.001093  -0.004083  0.000000  0.000000  0.000000  2.000000  
172.668424 0.011592  0.093975  -0.009013  0.992168  0.110831  0.057606  -0.114687  0.991030  0.068609  -0.049485  -0.074679  0.995979  0.000231  -0.001098  -0.003991  0.000000  0.000000  0.000000  2.000000  
172.669676 0.011592  0.093974  -0.009017  0.992192  0.110627  0.057592  -0.114483  0.991052  0.068621  -0.049485  -0.074679  0.995979  0.000104  -0.001092  -0.003830  0.000000  0.000000  0.000000  2.000000  
172.670920 0.011591  0.093973  -0.009021  0.992192  0.110620  0.057605  -0.114483  0.991044  0.068742  -0.049485  -0.074800  0.995970  0.000011  -0.001080  -0.003715  0.000000  0.000000  0.000000  2.000000  
172.671921 0.011591  0.093972  -0.009024  0.992192  0.110620  0.057605  -0.114483  0.991044  0.068742  -0.049485  -0.074800  0.995970  -0.000061  -0.001013  -0.003587  0.000000  0.000000  0.000000  2.000000  
172.673170 0.011591  0.093971  -0.009028  0.992192  0.110613  0.057619  -0.114483  0.991036  0.068862  -0.049485  -0.074920  0.995961  -0.000112  -0.000998  -0.003441  0.000000  0.000000  0.000000  2.000000  
172.674174 0.011591  0.093970  -0.009030  0.992192  0.110606  0.057632  -0.114483  0.991027  0.068982  -0.049485  -0.075041  0.995952  -0.000098  -0.000901  -0.003293  0.000000  0.000000  0.000000  2.000000  
172.675428 0.011592  0.093969  -0.009033  0.992215  0.110395  0.057631  -0.114279  0.991042  0.069114  -0.049485  -0.075162  0.995943  -0.000064  -0.000857  -0.003125  0.000000  0.000000  0.000000  2.000000  
172.676670 0.011592  0.093968  -0.009037  0.992215  0.110388  0.057645  -0.114279  0.991033  0.069234  -0.049485  -0.075283  0.995934  -0.000056  -0.000798  -0.003077  0.000000  0.000000  0.000000  2.000000  
172.677671 0.011593  0.093968  -0.009039  0.992215  0.110388  0.057645  -0.114279  0.991033  0.069234  -0.049485  -0.075283  0.995934  -0.000006  -0.000736  -0.002996  0.000000  0.000000  0.000000  2.000000  
172.678915 0.011594  0.093966  -0.009043  0.992215  0.110381  0.057658  -0.114279  0.991025  0.069354  -0.049485  -0.075404  0.995924  0.000076  -0.000730  -0.002932  0.000000  0.000000  0.000000  2.000000  
172.679917 0.011595  0.093966  -0.009045  0.992215  0.110374  0.057672  -0.114279  0.991016  0.069475  -0.049485  -0.075524  0.995915  0.000128  -0.000719  -0.002887  0.000000  0.000000  0.000000  2.000000  
172.681165 0.011596  0.093966  -0.009047  0.992215  0.110367  0.057685  -0.114279  0.991008  0.069595  -0.049485  -0.075645  0.995906  0.000217  -0.000654  -0.002775  0.000000  0.000000  0.000000  2.000000  
172.682171 0.011597  0.093967  -0.009048  0.992215  0.110367  0.057685  -0.114279  0.991008  0.069595  -0.049485  -0.075645  0.995906  0.000358  -0.000560  -0.002579  0.000000  0.000000  0.000000  2.000000  
172.683421 0.011599  0.093968  -0.009049  0.992215  0.110360  0.057698  -0.114279  0.991000  0.069715  -0.049485  -0.075766  0.995897  0.000473  -0.000458  -0.002403  0.000000  0.000000  0.000000  2.000000  
172.684431 0.011600  0.093969  -0.009050  0.992192  0.110557  0.057726  -0.114483  0.990968  0.069823  -0.049485  -0.075887  0.995888  0.000567  -0.000337  -0.002242  0.000000  0.000000  0.000000  2.000000  
172.685667 0.011601  0.093970  -0.009051  0.992192  0.110557  0.057726  -0.114483  0.990968  0.069823  -0.049485  -0.075887  0.995888  0.000689  -0.000159  -0.002071  0.000000  0.000000  0.000000  2.000000  
172.686676 0.011602  0.093972  -0.009051  0.992192  0.110550  0.057740  -0.114483  0.990960  0.069944  -0.049485  -0.076008  0.995879  0.000761  -0.000026  -0.001831  0.000000  0.000000  0.000000  2.000000  
172.687920 0.011603  0.093973  -0.009052  0.992192  0.110550  0.057740  -0.114483  0.990960  0.069944  -0.049485  -0.076008  0.995879  0.000838  0.000129  -0.001642  0.000000  0.000000  0.000000  2.000000  
172.688921 0.011604  0.093974  -0.009053  0.992168  0.110747  0.057767  -0.114687  0.990929  0.070052  -0.049485  -0.076128  0.995869  0.000884  0.000268  -0.001534  0.000000  0.000000  0.000000  2.000000  
172.690170 0.011605  0.093976  -0.009053  0.992168  0.110747  0.057767  -0.114687  0.990929  0.070052  -0.049485  -0.076128  0.995869  0.000909  0.000443  -0.001389  0.000000  0.000000  0.000000  2.000000  
172.691425 0.011606  0.093977  -0.009054  0.992168  0.110740  0.057781  -0.114687  0.990920  0.070172  -0.049485  -0.076249  0.995860  0.000965  0.000638  -0.001159  0.000000  0.000000  0.000000  2.000000  
172.692670 0.011608  0.093978  -0.009055  0.992145  0.110937  0.057809  -0.114892  0.990889  0.070280  -0.049485  -0.076370  0.995851  0.000988  0.000715  -0.001070  0.000000  0.000000  0.000000  2.000000  
172.693670 0.011608  0.093979  -0.009056  0.992145  0.110930  0.057822  -0.114892  0.990880  0.070401  -0.049485  -0.076491  0.995842  0.000986  0.000879  -0.000927  0.000000  0.000000  0.000000  2.000000  
172.694673 0.011609  0.093980  -0.009057  0.992145  0.110923  0.057836  -0.114892  0.990872  0.070521  -0.049485  -0.076612  0.995832  0.000969  0.000946  -0.000803  0.000000  0.000000  0.000000  2.000000  
172.695918 0.011610  0.093981  -0.009059  0.992121  0.111127  0.057850  -0.115096  0.990849  0.070509  -0.049485  -0.076612  0.995832  0.000936  0.001002  -0.000787  0.000000  0.000000  0.000000  2.000000  
172.696920 0.011611  0.093981  -0.009060  0.992121  0.111120  0.057864  -0.115096  0.990840  0.070629  -0.049485  -0.076732  0.995823  0.000892  0.000977  -0.000772  0.000000  0.000000  0.000000  2.000000  
172.698166 0.011611  0.093982  -0.009061  0.992121  0.111113  0.057877  -0.115096  0.990832  0.070749  -0.049485  -0.076853  0.995814  0.000807  0.000949  -0.000790  0.000000  0.000000  0.000000  2.000000  
172.699170 0.011612  0.093982  -0.009062  0.992097  0.111310  0.057905  -0.115300  0.990800  0.070857  -0.049485  -0.076974  0.995804  0.000803  0.000907  -0.000766  0.000000  0.000000  0.000000  2.000000  
172.700170 0.011612  0.093982  -0.009063  0.992097  0.111310  0.057905  -0.115300  0.990800  0.070857  -0.049485  -0.076974  0.995804  0.000741  0.000850  -0.000810  0.000000  0.000000  0.000000  2.000000  
172.701171 0.011613  0.093983  -0.009064  0.992074  0.111507  0.057933  -0.115504  0.990769  0.070966  -0.049485  -0.077095  0.995795  0.000733  0.000809  -0.000836  0.000000  0.000000  0.000000  2.000000  
172.702422 0.011613  0.093983  -0.009066  0.992074  0.111507  0.057933  -0.115504  0.990769  0.070966  -0.049485  -0.077095  0.995795  0.000693  0.000720  -0.000906  0.000000  0.000000  0.000000  2.000000  
172.703425 0.011613  0.093983  -0.009066  0.992074  0.111500  0.057947  -0.115504  0.990760  0.071086  -0.049485  -0.077216  0.995786  0.000650  0.000609  -0.000929  0.000000  0.000000  0.000000  2.000000  
172.704434 0.011614  0.093984  -0.009067  0.992056  0.111714  0.057829  -0.115709  0.990736  0.071089  -0.049352  -0.077216  0.995792  0.000606  0.000584  -0.000913  0.000000  0.000000  0.000000  2.000000  
172.705672 0.011615  0.093984  -0.009067  0.992056  0.111714  0.057829  -0.115709  0.990736  0.071089  -0.049352  -0.077216  0.995792  0.000562  0.000524  -0.000874  0.000000  0.000000  0.000000  2.000000  
172.706920 0.011615  0.093984  -0.009067  0.992056  0.111707  0.057843  -0.115709  0.990727  0.071210  -0.049352  -0.077337  0.995783  0.000539  0.000447  -0.000838  0.000000  0.000000  0.000000  2.000000  
172.707923 0.011615  0.093984  -0.009067  0.992032  0.111911  0.057857  -0.115914  0.990704  0.071198  -0.049352  -0.077337  0.995783  0.000498  0.000385  -0.000741  0.000000  0.000000  0.000000  2.000000  
172.709172 0.011615  0.093984  -0.009068  0.992032  0.111904  0.057871  -0.115914  0.990696  0.071318  -0.049352  -0.077458  0.995773  0.000443  0.000278  -0.000728  0.000000  0.000000  0.000000  2.000000  
172.710427 0.011616  0.093984  -0.009068  0.992032  0.111904  0.057871  -0.115914  0.990696  0.071318  -0.049352  -0.077458  0.995773  0.000405  0.000204  -0.000654  0.000000  0.000000  0.000000  2.000000  
172.711671 0.011616  0.093983  -0.009068  0.992009  0.112108  0.057886  -0.116118  0.990673  0.071306  -0.049352  -0.077458  0.995773  0.000368  0.000130  -0.000581  0.000000  0.000000  0.000000  2.000000  
172.712919 0.011616  0.093982  -0.009070  0.992009  0.112101  0.057899  -0.116118  0.990664  0.071426  -0.049352  -0.077578  0.995764  0.000356  0.000048  -0.000582  0.000000  0.000000  0.000000  2.000000  
172.714171 0.011616  0.093982  -0.009071  0.992009  0.112101  0.057899  -0.116118  0.990664  0.071426  -0.049352  -0.077578  0.995764  0.000291  -0.000033  -0.000578  0.000000  0.000000  0.000000  2.000000  
172.715425 0.011616  0.093981  -0.009072  0.991985  0.112298  0.057927  -0.116322  0.990632  0.071534  -0.049352  -0.077699  0.995755  0.000280  -0.000114  -0.000579  0.000000  0.000000  0.000000  2.000000  
172.716665 0.011617  0.093980  -0.009073  0.991985  0.112298  0.057927  -0.116322  0.990632  0.071534  -0.049352  -0.077699  0.995755  0.000274  -0.000219  -0.000561  0.000000  0.000000  0.000000  2.000000  
172.717667 0.011617  0.093979  -0.009074  0.991985  0.112298  0.057927  -0.116322  0.990632  0.071534  -0.049352  -0.077699  0.995755  0.000253  -0.000273  -0.000572  0.000000  0.000000  0.000000  2.000000  
172.718668 0.011617  0.093978  -0.009075  0.991961  0.112495  0.057956  -0.116526  0.990600  0.071643  -0.049352  -0.077820  0.995745  0.000272  -0.000325  -0.000551  0.000000  0.000000  0.000000  2.000000  
172.719673 0.011618  0.093977  -0.009076  0.991961  0.112495  0.057956  -0.116526  0.990600  0.071643  -0.049352  -0.077820  0.995745  0.000278  -0.000415  -0.000599  0.000000  0.000000  0.000000  2.000000  
172.720923 0.011619  0.093977  -0.009077  0.991961  0.112495  0.057956  -0.116526  0.990600  0.071643  -0.049352  -0.077820  0.995745  0.000283  -0.000478  -0.000685  0.000000  0.000000  0.000000  2.000000  
172.722170 0.011619  0.093976  -0.009078  0.991937  0.112692  0.057984  -0.116731  0.990568  0.071751  -0.049352  -0.077941  0.995736  0.000282  -0.000533  -0.000758  0.000000  0.000000  0.000000  2.000000  
172.723426 0.011620  0.093975  -0.009079  0.991937  0.112692  0.057984  -0.116731  0.990568  0.071751  -0.049352  -0.077941  0.995736  0.000320  -0.000598  -0.000787  0.000000  0.000000  0.000000  2.000000  
172.724434 0.011621  0.093975  -0.009080  0.991913  0.112896  0.057999  -0.116935  0.990545  0.071739  -0.049352  -0.077941  0.995736  0.000345  -0.000605  -0.000861  0.000000  0.000000  0.000000  2.000000  
172.725671 0.011621  0.093974  -0.009081  0.991913  0.112896  0.057999  -0.116935  0.990545  0.071739  -0.049352  -0.077941  0.995736  0.000368  -0.000635  -0.000889  0.000000  0.000000  0.000000  2.000000  
172.726920 0.011621  0.093974  -0.009081  0.991889  0.113100  0.058014  -0.117139  0.990522  0.071727  -0.049352  -0.077941  0.995736  0.000362  -0.000625  -0.000874  0.000000  0.000000  0.000000  2.000000  
172.727922 0.011622  0.093974  -0.009082  0.991889  0.113100  0.058014  -0.117139  0.990522  0.071727  -0.049352  -0.077941  0.995736  0.000387  -0.000602  -0.000829  0.000000  0.000000  0.000000  2.000000  
172.729165 0.011623  0.093974  -0.009083  0.991864  0.113303  0.058029  -0.117343  0.990499  0.071715  -0.049352  -0.077941  0.995736  0.000432  -0.000509  -0.000783  0.000000  0.000000  0.000000  2.000000  
172.730432 0.011623  0.093974  -0.009084  0.991840  0.113507  0.058043  -0.117547  0.990475  0.071703  -0.049352  -0.077941  0.995736  0.000450  -0.000436  -0.000794  0.000000  0.000000  0.000000  2.000000  
172.731665 0.011624  0.093974  -0.009084  0.991840  0.113507  0.058043  -0.117547  0.990475  0.071703  -0.049352  -0.077941  0.995736  0.000459  -0.000377  -0.000746  0.000000  0.000000  0.000000  2.000000  
172.732667 0.011625  0.093974  -0.009085  0.991816  0.113711  0.058058  -0.117752  0.990452  0.071691  -0.049352  -0.077941  0.995736  0.000516  -0.000291  -0.000737  0.000000  0.000000  0.000000  2.000000  
172.733667 0.011625  0.093974  -0.009086  0.991816  0.113704  0.058072  -0.117752  0.990443  0.071811  -0.049352  -0.078062  0.995726  0.000506  -0.000265  -0.000747  0.000000  0.000000  0.000000  2.000000  
172.734915 0.011626  0.093975  -0.009088  0.991785  0.113898  0.058219  -0.117955  0.990421  0.071784  -0.049485  -0.078061  0.995720  0.000520  -0.000163  -0.000793  0.000000  0.000000  0.000000  2.000000  
172.735916 0.011627  0.093975  -0.009090  0.991785  0.113898  0.058219  -0.117955  0.990421  0.071784  -0.049485  -0.078061  0.995720  0.000523  -0.000141  -0.000840  0.000000  0.000000  0.000000  2.000000  
172.736924 0.011627  0.093975  -0.009091  0.991761  0.114102  0.058234  -0.118159  0.990398  0.071772  -0.049485  -0.078061  0.995720  0.000522  -0.000117  -0.000864  0.000000  0.000000  0.000000  2.000000  
172.738171 0.011628  0.093974  -0.009093  0.991737  0.114306  0.058249  -0.118363  0.990374  0.071760  -0.049485  -0.078061  0.995720  0.000538  -0.000099  -0.000950  0.000000  0.000000  0.000000  2.000000  
172.739425 0.011629  0.093974  -0.009094  0.991712  0.114509  0.058263  -0.118567  0.990350  0.071748  -0.049485  -0.078061  0.995720  0.000563  -0.000046  -0.000960  0.000000  0.000000  0.000000  2.000000  
172.740426 0.011630  0.093974  -0.009096  0.991712  0.114509  0.058263  -0.118567  0.990350  0.071748  -0.049485  -0.078061  0.995720  0.000575  -0.000025  -0.001023  0.000000  0.000000  0.000000  2.000000  
172.741670 0.011631  0.093974  -0.009097  0.991688  0.114713  0.058278  -0.118772  0.990327  0.071736  -0.049485  -0.078061  0.995720  0.000622  0.000023  -0.001086  0.000000  0.000000  0.000000  2.000000  
172.742670 0.011631  0.093974  -0.009098  0.991688  0.114713  0.058278  -0.118772  0.990327  0.071736  -0.049485  -0.078061  0.995720  0.000634  -0.000007  -0.001094  0.000000  0.000000  0.000000  2.000000  
172.743920 0.011632  0.093974  -0.009100  0.991663  0.114917  0.058293  -0.118976  0.990303  0.071724  -0.049485  -0.078061  0.995720  0.000616  -0.000014  -0.001182  0.000000  0.000000  0.000000  2.000000  
172.745169 0.011633  0.093974  -0.009101  0.991639  0.115121  0.058308  -0.119180  0.990280  0.071712  -0.049485  -0.078061  0.995720  0.000661  0.000012  -0.001199  0.000000  0.000000  0.000000  2.000000  
172.746170 0.011633  0.093974  -0.009102  0.991614  0.115325  0.058322  -0.119384  0.990256  0.071700  -0.049485  -0.078061  0.995720  0.000642  -0.000021  -0.001257  0.000000  0.000000  0.000000  2.000000  
172.747420 0.011634  0.093974  -0.009104  0.991614  0.115325  0.058322  -0.119384  0.990256  0.071700  -0.049485  -0.078061  0.995720  0.000634  0.000001  -0.001283  0.000000  0.000000  0.000000  2.000000  
172.748421 0.011634  0.093974  -0.009105  0.991590  0.115529  0.058337  -0.119588  0.990232  0.071688  -0.049485  -0.078061  0.995720  0.000632  0.000005  -0.001268  0.000000  0.000000  0.000000  2.000000  
172.749421 0.011635  0.093974  -0.009106  0.991590  0.115529  0.058337  -0.119588  0.990232  0.071688  -0.049485  -0.078061  0.995720  0.000588  -0.000046  -0.001223  0.000000  0.000000  0.000000  2.000000  
172.750666 0.011635  0.093975  -0.009106  0.991565  0.115733  0.058352  -0.119792  0.990208  0.071676  -0.049485  -0.078061  0.995720  0.000593  -0.000010  -0.001127  0.000000  0.000000  0.000000  2.000000  
172.751690 0.011636  0.093975  -0.009108  0.991534  0.115926  0.058499  -0.119996  0.990186  0.071647  -0.049619  -0.078061  0.995713  0.000580  0.000020  -0.001118  0.000000  0.000000  0.000000  2.000000  
172.752919 0.011636  0.093975  -0.009109  0.991534  0.115926  0.058499  -0.119996  0.990186  0.071647  -0.049619  -0.078061  0.995713  0.000558  0.000023  -0.001064  0.000000  0.000000  0.000000  2.000000  
172.753920 0.011636  0.093975  -0.009110  0.991509  0.116130  0.058514  -0.120200  0.990162  0.071635  -0.049619  -0.078061  0.995713  0.000505  0.000024  -0.001059  0.000000  0.000000  0.000000  2.000000  
172.754921 0.011636  0.093974  -0.009111  0.991509  0.116130  0.058514  -0.120200  0.990162  0.071635  -0.049619  -0.078061  0.995713  0.000484  -0.000030  -0.001071  0.000000  0.000000  0.000000  2.000000  
172.756170 0.011637  0.093974  -0.009112  0.991484  0.116327  0.058542  -0.120404  0.990129  0.071744  -0.049619  -0.078181  0.995704  0.000467  -0.000023  -0.001014  0.000000  0.000000  0.000000  2.000000  
172.757171 0.011637  0.093973  -0.009113  0.991484  0.116327  0.058542  -0.120404  0.990129  0.071744  -0.049619  -0.078181  0.995704  0.000397  -0.000080  -0.001041  0.000000  0.000000  0.000000  2.000000  
172.758427 0.011637  0.093973  -0.009115  0.991453  0.116520  0.058689  -0.120607  0.990106  0.071715  -0.049753  -0.078181  0.995697  0.000404  -0.000081  -0.001058  0.000000  0.000000  0.000000  2.000000  
172.759670 0.011638  0.093972  -0.009116  0.991428  0.116724  0.058704  -0.120811  0.990082  0.071703  -0.049753  -0.078181  0.995697  0.000346  -0.000163  -0.001074  0.000000  0.000000  0.000000  2.000000  
172.760920 0.011638  0.093971  -0.009117  0.991428  0.116724  0.058704  -0.120811  0.990082  0.071703  -0.049753  -0.078181  0.995697  0.000326  -0.000159  -0.001018  0.000000  0.000000  0.000000  2.000000  
172.762165 0.011638  0.093971  -0.009119  0.991403  0.116928  0.058719  -0.121015  0.990058  0.071691  -0.049753  -0.078181  0.995697  0.000269  -0.000239  -0.001034  0.000000  0.000000  0.000000  2.000000  
172.763169 0.011638  0.093971  -0.009119  0.991396  0.116917  0.058851  -0.121015  0.990060  0.071675  -0.049886  -0.078180  0.995690  0.000266  -0.000261  -0.000987  0.000000  0.000000  0.000000  2.000000  
172.764432 0.011638  0.093970  -0.009120  0.991371  0.117121  0.058866  -0.121219  0.990036  0.071663  -0.049886  -0.078180  0.995690  0.000182  -0.000316  -0.000973  0.000000  0.000000  0.000000  2.000000  
172.765668 0.011638  0.093970  -0.009121  0.991371  0.117121  0.058866  -0.121219  0.990036  0.071663  -0.049886  -0.078180  0.995690  0.000148  -0.000368  -0.000948  0.000000  0.000000  0.000000  2.000000  
172.766915 0.011638  0.093969  -0.009122  0.991340  0.117315  0.059013  -0.121422  0.990013  0.071635  -0.050020  -0.078180  0.995684  0.000145  -0.000362  -0.000932  0.000000  0.000000  0.000000  2.000000  
172.767921 0.011637  0.093969  -0.009122  0.991340  0.117315  0.059013  -0.121422  0.990013  0.071635  -0.050020  -0.078180  0.995684  0.000078  -0.000386  -0.000858  0.000000  0.000000  0.000000  2.000000  
172.769165 0.011638  0.093969  -0.009122  0.991315  0.117519  0.059028  -0.121626  0.989989  0.071622  -0.050020  -0.078180  0.995684  0.000067  -0.000354  -0.000854  0.000000  0.000000  0.000000  2.000000  
172.770172 0.011637  0.093969  -0.009123  0.991308  0.117508  0.059160  -0.121625  0.989990  0.071606  -0.050153  -0.078179  0.995677  0.000032  -0.000320  -0.000791  0.000000  0.000000  0.000000  2.000000  
172.771422 0.011637  0.093969  -0.009123  0.991283  0.117712  0.059175  -0.121829  0.989966  0.071594  -0.050153  -0.078179  0.995677  0.000006  -0.000313  -0.000718  0.000000  0.000000  0.000000  2.000000  
172.772422 0.011637  0.093969  -0.009124  0.991276  0.117702  0.059307  -0.121829  0.989967  0.071578  -0.050287  -0.078179  0.995670  -0.000038  -0.000254  -0.000665  0.000000  0.000000  0.000000  2.000000  
172.773424 0.011637  0.093969  -0.009124  0.991251  0.117905  0.059322  -0.122033  0.989943  0.071566  -0.050287  -0.078179  0.995670  -0.000064  -0.000246  -0.000592  0.000000  0.000000  0.000000  2.000000  
172.774435 0.011637  0.093969  -0.009124  0.991251  0.117905  0.059322  -0.122033  0.989943  0.071566  -0.050287  -0.078179  0.995670  -0.000069  -0.000187  -0.000515  0.000000  0.000000  0.000000  2.000000  
172.775670 0.011637  0.093969  -0.009124  0.991220  0.118099  0.059469  -0.122236  0.989920  0.071537  -0.050421  -0.078178  0.995664  -0.000095  -0.000180  -0.000441  0.000000  0.000000  0.000000  2.000000  
172.776920 0.011636  0.093969  -0.009124  0.991220  0.118099  0.059469  -0.122236  0.989920  0.071537  -0.050421  -0.078178  0.995664  -0.000099  -0.000116  -0.000355  0.000000  0.000000  0.000000  2.000000  
172.777920 0.011637  0.093969  -0.009125  0.991188  0.118285  0.059630  -0.122439  0.989888  0.071629  -0.050554  -0.078298  0.995647  -0.000109  -0.000090  -0.000366  0.000000  0.000000  0.000000  2.000000  
172.779166 0.011636  0.093969  -0.009125  0.991162  0.118489  0.059645  -0.122643  0.989864  0.071616  -0.050554  -0.078298  0.995647  -0.000120  -0.000085  -0.000323  0.000000  0.000000  0.000000  2.000000  
172.780419 0.011636  0.093969  -0.009125  0.991156  0.118478  0.059777  -0.122642  0.989865  0.071600  -0.050688  -0.078298  0.995641  -0.000112  -0.000027  -0.000275  0.000000  0.000000  0.000000  2.000000  
172.781421 0.011636  0.093969  -0.009125  0.991130  0.118682  0.059792  -0.122846  0.989840  0.071588  -0.050688  -0.078298  0.995641  -0.000112  -0.000027  -0.000275  0.000000  0.000000  0.000000  2.000000  
172.782671 0.011636  0.093970  -0.009125  0.991124  0.118672  0.059924  -0.122846  0.989842  0.071571  -0.050822  -0.078297  0.995634  -0.000118  0.000036  -0.000193  0.000000  0.000000  0.000000  2.000000  
172.783915 0.011635  0.093970  -0.009124  0.991098  0.118876  0.059939  -0.123050  0.989817  0.071559  -0.050822  -0.078297  0.995634  -0.000144  0.000044  -0.000119  0.000000  0.000000  0.000000  2.000000  
172.785173 0.011636  0.093971  -0.009123  0.991092  0.118865  0.060071  -0.123049  0.989819  0.071542  -0.050955  -0.078297  0.995627  -0.000094  0.000106  -0.000037  0.000000  0.000000  0.000000  2.000000  
