1-Time 2-Px 3-Py 4-Pz 5-R11 6-R21 7-R31 8-R12 9-R22 10-R32 11-R13 12-R23 13-R33 14-Vx 15-Vy 16-Vz 17-Wx 18-Wy 19-Wz 20-state 21-PR11 22-PR21 23-PR31 24-PR12 25-PR22 26-PR32 27-PR13 28-PR23 29-PR33 
171.349727 0.006347  0.087128  -0.016998  0.993609  0.010462  0.112387  -0.112782  0.051891  0.992264  0.004549  -0.998598  0.052739  0.000090  0.000616  0.000133  0.000000  0.000000  0.000000  2.000000  
171.350731 0.006347  0.087128  -0.016998  0.993609  0.010608  0.112379  -0.112782  0.051996  0.992258  0.004683  -0.998591  0.052860  0.000092  0.000639  0.000085  0.000000  0.000000  0.000000  2.000000  
171.351733 0.006347  0.087127  -0.016999  0.993609  0.010476  0.112386  -0.112782  0.052011  0.992258  0.004549  -0.998592  0.052860  0.000066  0.000504  0.000035  0.000000  0.000000  0.000000  2.000000  
171.352981 0.006348  0.087124  -0.017000  0.993611  0.010091  0.112406  -0.112782  0.052177  0.992249  0.004148  -0.998587  0.052982  0.000111  0.000251  -0.000095  0.000000  0.000000  0.000000  2.000000  
171.354234 0.006349  0.087121  -0.017001  0.993590  0.009584  0.112637  -0.112987  0.052355  0.992216  0.003613  -0.998583  0.053103  0.000164  0.000032  -0.000126  0.000000  0.000000  0.000000  2.000000  
171.355492 0.006350  0.087118  -0.017000  0.993591  0.009200  0.112657  -0.112987  0.052521  0.992207  0.003211  -0.998577  0.053224  0.000257  -0.000272  -0.000168  0.000000  0.000000  0.000000  2.000000  
171.356728 0.006352  0.087115  -0.017000  0.993592  0.009067  0.112664  -0.112987  0.052536  0.992207  0.003077  -0.998578  0.053224  0.000382  -0.000491  -0.000102  0.000000  0.000000  0.000000  2.000000  
171.357731 0.006354  0.087112  -0.017000  0.993615  0.008937  0.112466  -0.112782  0.052673  0.992223  0.002944  -0.998572  0.053345  0.000510  -0.000687  -0.000084  0.000000  0.000000  0.000000  2.000000  
171.358978 0.006356  0.087109  -0.017001  0.993616  0.008672  0.112480  -0.112782  0.052704  0.992221  0.002676  -0.998573  0.053345  0.000644  -0.000992  -0.000097  0.000000  0.000000  0.000000  2.000000  
171.360231 0.006359  0.087105  -0.017001  0.993617  0.008287  0.112501  -0.112782  0.052869  0.992212  0.002275  -0.998567  0.053466  0.000811  -0.001273  -0.000089  0.000000  0.000000  0.000000  2.000000  
171.361235 0.006360  0.087102  -0.017002  0.993618  0.007902  0.112521  -0.112783  0.053035  0.992203  0.001873  -0.998561  0.053588  0.000917  -0.001556  -0.000219  0.000000  0.000000  0.000000  2.000000  
171.362482 0.006362  0.087097  -0.017003  0.993596  0.007249  0.112761  -0.112987  0.053109  0.992176  0.001204  -0.998562  0.053588  0.001039  -0.001917  -0.000281  0.000000  0.000000  0.000000  2.000000  
171.363489 0.006363  0.087092  -0.017004  0.993596  0.006599  0.112796  -0.112987  0.053304  0.992166  0.000535  -0.998557  0.053709  0.001148  -0.002332  -0.000392  0.000000  0.000000  0.000000  2.000000  
171.364735 0.006365  0.087086  -0.017004  0.993596  0.005830  0.112837  -0.112987  0.053636  0.992148  -0.000268  -0.998544  0.053951  0.001252  -0.002821  -0.000358  0.000000  0.000000  0.000000  2.000000  
171.365980 0.006367  0.087080  -0.017003  0.993596  0.005180  0.112872  -0.112987  0.053831  0.992137  -0.000937  -0.998537  0.054072  0.001291  -0.003252  -0.000347  0.000000  0.000000  0.000000  2.000000  
171.366980 0.006368  0.087074  -0.017002  0.993595  0.004677  0.112900  -0.112987  0.054133  0.992121  -0.001472  -0.998523  0.054314  0.001394  -0.003488  -0.000179  0.000000  0.000000  0.000000  2.000000  
171.367980 0.006369  0.087069  -0.017001  0.993594  0.004159  0.112928  -0.112987  0.054313  0.992111  -0.002007  -0.998515  0.054435  0.001431  -0.003638  -0.000063  -0.065211  -0.017245  -0.192691  2.000000  
171.368980 0.006370  0.087063  -0.017001  0.993593  0.003656  0.112956  -0.112987  0.054614  0.992094  -0.002542  -0.998501  0.054677  0.001442  -0.003935  0.000002  -0.069289  -0.018245  -0.210646  2.000000  
171.369981 0.006370  0.087058  -0.017001  0.993568  0.003150  0.113189  -0.113191  0.054794  0.992061  -0.003077  -0.998493  0.054799  0.001392  -0.004121  -0.000058  -0.073364  -0.026374  -0.232722  2.000000  
171.370982 0.006371  0.087053  -0.017002  0.993566  0.002514  0.113225  -0.113191  0.055111  0.992044  -0.003746  -0.998477  0.055041  0.001342  -0.004311  -0.000119  -0.081515  -0.027610  -0.255151  2.000000  
171.372228 0.006373  0.087048  -0.017003  0.993540  0.001889  0.113465  -0.113395  0.055427  0.992003  -0.004415  -0.998461  0.055283  0.001339  -0.004451  -0.000247  -0.088959  -0.035718  -0.279471  2.000000  
171.373231 0.006375  0.087044  -0.017005  0.993538  0.001372  0.113495  -0.113395  0.055607  0.991993  -0.004951  -0.998452  0.055404  0.001306  -0.004538  -0.000356  -0.093800  -0.037011  -0.299814  2.000000  
171.374235 0.006377  0.087041  -0.017007  0.993534  0.000736  0.113531  -0.113395  0.055924  0.991975  -0.005620  -0.998435  0.055646  0.001330  -0.004546  -0.000434  -0.097851  -0.038516  -0.326650  2.000000  
171.375494 0.006380  0.087037  -0.017009  0.993530  0.000099  0.113568  -0.113394  0.056240  0.991957  -0.006288  -0.998417  0.055888  0.001404  -0.004552  -0.000521  -0.105945  -0.039996  -0.353371  2.000000  
171.376728 0.006383  0.087033  -0.017010  0.993502  -0.000525  0.113810  -0.113598  0.056557  0.991916  -0.006957  -0.998399  0.056130  0.001487  -0.004492  -0.000532  -0.114185  -0.048444  -0.380171  2.000000  
171.377731 0.006385  0.087030  -0.017011  0.993498  -0.001161  0.113847  -0.113598  0.056873  0.991898  -0.007626  -0.998381  0.056372  0.001467  -0.004375  -0.000500  -0.122342  -0.049715  -0.402599  2.000000  
171.378978 0.006387  0.087026  -0.017012  0.993469  -0.001771  0.114090  -0.113802  0.057310  0.991849  -0.008295  -0.998355  0.056735  0.001479  -0.004258  -0.000520  -0.134581  -0.058169  -0.429119  2.000000  
171.379983 0.006388  0.087023  -0.017012  0.993464  -0.002274  0.114120  -0.113801  0.057612  0.991832  -0.008831  -0.998336  0.056976  0.001482  -0.004146  -0.000566  -0.138692  -0.059494  -0.451648  2.000000  
171.380987 0.006389  0.087018  -0.017013  0.993436  -0.002766  0.114356  -0.114005  0.057914  0.991791  -0.009366  -0.998318  0.057218  0.001476  -0.004065  -0.000672  -0.146853  -0.067191  -0.464664  2.000000  
171.382232 0.006390  0.087014  -0.017014  0.993431  -0.003255  0.114387  -0.114004  0.058336  0.991766  -0.009901  -0.998292  0.057581  0.001468  -0.003958  -0.000795  -0.155030  -0.067804  -0.473650  2.000000  
171.383232 0.006392  0.087011  -0.017014  0.993427  -0.003611  0.114412  -0.114004  0.058742  0.991742  -0.010302  -0.998267  0.057944  0.001554  -0.003746  -0.000942  -0.165880  -0.060729  -0.474584  2.000000  
171.384234 0.006395  0.087009  -0.017016  0.993421  -0.004100  0.114444  -0.114003  0.059164  0.991717  -0.010837  -0.998240  0.058307  0.001682  -0.003547  -0.001018  -0.173982  -0.061092  -0.479023  2.000000  
171.385494 0.006399  0.087007  -0.017018  0.993415  -0.004576  0.114477  -0.114003  0.059706  0.991685  -0.011373  -0.998206  0.058791  0.001892  -0.003194  -0.001101  -0.187574  -0.061965  -0.487214  2.000000  
171.386730 0.006403  0.087005  -0.017020  0.993386  -0.005052  0.114714  -0.114206  0.060129  0.991636  -0.011908  -0.998178  0.059154  0.002073  -0.002930  -0.001148  -0.195883  -0.069789  -0.500573  2.000000  
171.387978 0.006409  0.087005  -0.017023  0.993354  -0.005662  0.114960  -0.114410  0.060567  0.991586  -0.012577  -0.998148  0.059517  0.002295  -0.002659  -0.001164  -0.206482  -0.084015  -0.513474  2.000000  
171.388978 0.006412  0.087004  -0.017024  0.993349  -0.006018  0.114986  -0.114409  0.060974  0.991561  -0.012978  -0.998121  0.059880  0.002368  -0.002483  -0.001182  -0.218616  -0.084355  -0.517877  2.000000  
171.389978 0.006416  0.087004  -0.017026  0.993345  -0.006255  0.115003  -0.114409  0.061245  0.991544  -0.013246  -0.998103  0.060122  0.002471  -0.002281  -0.001179  -0.224566  -0.084910  -0.517764  2.000000  
171.391231 0.006421  0.087004  -0.017027  0.993340  -0.006611  0.115030  -0.114408  0.061652  0.991519  -0.013647  -0.998076  0.060485  0.002587  -0.002024  -0.001128  -0.230817  -0.084331  -0.513457  2.000000  
171.392481 0.006424  0.087003  -0.017028  0.993336  -0.006821  0.115049  -0.114408  0.062163  0.991487  -0.013915  -0.998043  0.060969  0.002659  -0.001847  -0.001146  -0.246940  -0.076827  -0.500402  2.000000  
171.393494 0.006427  0.087002  -0.017030  0.993335  -0.006912  0.115060  -0.114408  0.062539  0.991463  -0.014048  -0.998019  0.061332  0.002776  -0.001674  -0.001230  -0.253035  -0.076306  -0.481980  2.000000  
171.394733 0.006430  0.087000  -0.017033  0.993329  -0.007254  0.115088  -0.114407  0.063066  0.991430  -0.014450  -0.997983  0.061816  0.002880  -0.001541  -0.001402  -0.263172  -0.075325  -0.469205  2.000000  
171.395981 0.006433  0.086998  -0.017038  0.993325  -0.007463  0.115108  -0.114407  0.063578  0.991397  -0.014717  -0.997949  0.062300  0.002980  -0.001385  -0.001679  -0.273532  -0.075073  -0.455107  2.000000  
171.396986 0.006436  0.086996  -0.017041  0.993295  -0.007792  0.115340  -0.114610  0.064106  0.991340  -0.015119  -0.997913  0.062783  0.003139  -0.001215  -0.001890  -0.285824  -0.081850  -0.450159  2.000000  
171.398235 0.006441  0.086994  -0.017046  0.993291  -0.008001  0.115361  -0.114610  0.064618  0.991307  -0.015386  -0.997878  0.063267  0.003238  -0.001079  -0.002123  -0.294033  -0.081227  -0.436707  2.000000  
171.399498 0.006445  0.086993  -0.017051  0.993287  -0.008211  0.115382  -0.114610  0.065129  0.991273  -0.015654  -0.997843  0.063751  0.003289  -0.000964  -0.002335  -0.301984  -0.073638  -0.423389  2.000000  
171.400731 0.006451  0.086994  -0.017054  0.993283  -0.008406  0.115404  -0.114609  0.065761  0.991232  -0.015921  -0.997800  0.064356  0.003387  -0.000815  -0.002385  -0.315846  -0.072690  -0.411189  2.000000  
171.401980 0.006456  0.086995  -0.017056  0.993283  -0.008350  0.115408  -0.114609  0.066242  0.991200  -0.015921  -0.997769  0.064840  0.003457  -0.000659  -0.002354  -0.322499  -0.064672  -0.383565  2.000000  
171.402981 0.006461  0.086996  -0.017058  0.993305  -0.008440  0.115217  -0.114404  0.066737  0.991190  -0.016055  -0.997735  0.065324  0.003484  -0.000583  -0.002393  -0.334701  -0.057072  -0.370530  2.000000  
171.404234 0.006466  0.086996  -0.017061  0.993302  -0.008517  0.115229  -0.114404  0.067233  0.991157  -0.016189  -0.997701  0.065808  0.003519  -0.000535  -0.002421  -0.340008  -0.055646  -0.349610  2.000000  
171.405491 0.006470  0.086996  -0.017065  0.993300  -0.008580  0.115243  -0.114404  0.067849  0.991115  -0.016323  -0.997659  0.066413  0.003530  -0.000574  -0.002595  -0.352179  -0.054707  -0.331805  2.000000  
171.406730 0.006474  0.086993  -0.017069  0.993298  -0.008642  0.115258  -0.114404  0.068465  0.991072  -0.016456  -0.997616  0.067018  0.003458  -0.000718  -0.002824  -0.363202  -0.047033  -0.312523  2.000000  
171.407976 0.006477  0.086991  -0.017074  0.993296  -0.008719  0.115271  -0.114403  0.068962  0.991038  -0.016590  -0.997581  0.067502  0.003415  -0.000804  -0.003039  -0.368277  -0.045648  -0.292099  2.000000  
171.408976 0.006480  0.086989  -0.017078  0.993296  -0.008663  0.115275  -0.114403  0.069442  0.991004  -0.016590  -0.997548  0.067986  0.003405  -0.000836  -0.003135  -0.376307  -0.037794  -0.274720  2.000000  
171.409978 0.006482  0.086988  -0.017081  0.993317  -0.008754  0.115084  -0.114199  0.069937  0.990993  -0.016724  -0.997513  0.068470  0.003426  -0.000808  -0.003077  -0.384355  -0.030209  -0.261810  2.000000  
171.411233 0.006485  0.086986  -0.017084  0.993317  -0.008698  0.115088  -0.114199  0.070418  0.990959  -0.016724  -0.997480  0.068954  0.003422  -0.000731  -0.003041  -0.391552  -0.021962  -0.237483  2.000000  
171.412480 0.006489  0.086984  -0.017088  0.993317  -0.008615  0.115095  -0.114199  0.071139  0.990908  -0.016724  -0.997429  0.069680  0.003372  -0.000768  -0.002934  -0.400394  -0.021054  -0.222122  2.000000  
171.413486 0.006492  0.086983  -0.017090  0.993317  -0.008559  0.115099  -0.114199  0.071619  0.990873  -0.016724  -0.997395  0.070163  0.003363  -0.000712  -0.002844  -0.407729  -0.020167  -0.205971  2.000000  
171.414490 0.006495  0.086982  -0.017093  0.993317  -0.008503  0.115103  -0.114199  0.072100  0.990838  -0.016724  -0.997361  0.070647  0.003339  -0.000757  -0.002819  -0.407679  -0.019393  -0.192475  2.000000  
171.415499 0.006498  0.086981  -0.017096  0.993317  -0.008447  0.115107  -0.114199  0.072581  0.990803  -0.016724  -0.997327  0.071131  0.003195  -0.000862  -0.002893  -0.415612  -0.011389  -0.174920  2.000000  
171.416731 0.006502  0.086980  -0.017101  0.993338  -0.008525  0.114918  -0.113994  0.073195  0.990781  -0.016858  -0.997281  0.071736  0.003059  -0.000998  -0.003074  -0.419804  -0.003702  -0.161996  2.000000  
171.417981 0.006505  0.086978  -0.017106  0.993338  -0.008455  0.114923  -0.113994  0.073796  0.990737  -0.016858  -0.997237  0.072341  0.002949  -0.001190  -0.003272  -0.427926  0.004310  -0.144526  2.000000  
171.419231 0.006509  0.086976  -0.017111  0.993341  -0.008253  0.114918  -0.113994  0.074382  0.990693  -0.016724  -0.997196  0.072946  0.002854  -0.001332  -0.003326  -0.436486  0.005695  -0.121071  2.000000  
171.420231 0.006511  0.086974  -0.017114  0.993341  -0.008197  0.114922  -0.113994  0.074863  0.990657  -0.016724  -0.997160  0.073430  0.002778  -0.001437  -0.003414  -0.440554  0.006240  -0.112180  2.000000  
171.421481 0.006514  0.086971  -0.017119  0.993341  -0.008128  0.114927  -0.113994  0.075463  0.990611  -0.016724  -0.997115  0.074034  0.002677  -0.001558  -0.003377  -0.448199  0.007138  -0.099634  2.000000  
171.422728 0.006516  0.086967  -0.017122  0.993341  -0.008058  0.114932  -0.113994  0.076064  0.990565  -0.016724  -0.997070  0.074639  0.002637  -0.001652  -0.003253  -0.456696  0.007341  -0.094379  2.000000  
171.423730 0.006518  0.086963  -0.017124  0.993341  -0.008002  0.114936  -0.113994  0.076545  0.990528  -0.016724  -0.997034  0.075123  0.002585  -0.001793  -0.003123  -0.460467  0.007969  -0.086189  2.000000  
171.424976 0.006520  0.086958  -0.017127  0.993341  -0.007932  0.114941  -0.113994  0.077145  0.990482  -0.016724  -0.996988  0.075727  0.002492  -0.001971  -0.003084  -0.460761  0.008472  -0.076592  2.000000  
171.425976 0.006521  0.086954  -0.017129  0.993341  -0.007891  0.114944  -0.113994  0.077506  0.990454  -0.016724  -0.996961  0.076090  0.002418  -0.002148  -0.003012  -0.460779  0.009062  -0.067699  2.000000  
171.426978 0.006523  0.086951  -0.017131  0.993341  -0.007835  0.114948  -0.113994  0.077986  0.990416  -0.016724  -0.996924  0.076574  0.002391  -0.002246  -0.002981  -0.460730  0.016810  -0.054840  2.000000  
171.428234 0.006526  0.086946  -0.017136  0.993343  -0.007633  0.114942  -0.113994  0.078572  0.990370  -0.016590  -0.996879  0.077179  0.002363  -0.002461  -0.003070  -0.464654  0.017715  -0.041488  2.000000  
171.429486 0.006529  0.086942  -0.017141  0.993341  -0.007709  0.114956  -0.113994  0.079068  0.990330  -0.016724  -0.996839  0.077662  0.002294  -0.002674  -0.003189  -0.464828  0.018017  -0.037061  2.000000  
171.430736 0.006532  0.086937  -0.017146  0.993341  -0.007640  0.114961  -0.113994  0.079668  0.990282  -0.016724  -0.996792  0.078267  0.002244  -0.002978  -0.003225  -0.464341  0.018773  -0.028390  2.000000  
171.431737 0.006535  0.086933  -0.017151  0.993317  -0.007567  0.115168  -0.114199  0.080150  0.990219  -0.016724  -0.996754  0.078750  0.002202  -0.003192  -0.003275  -0.468549  0.011862  -0.027903  2.000000  
171.432981 0.006537  0.086927  -0.017157  0.993317  -0.007511  0.115172  -0.114199  0.080631  0.990180  -0.016724  -0.996716  0.079234  0.002126  -0.003410  -0.003360  -0.464692  0.005274  -0.022929  2.000000  
171.434234 0.006540  0.086922  -0.017161  0.993317  -0.007442  0.115177  -0.114199  0.081231  0.990131  -0.016724  -0.996668  0.079838  0.002054  -0.003696  -0.003370  -0.468908  0.005544  -0.018293  2.000000  
171.435494 0.006542  0.086915  -0.017166  0.993317  -0.007386  0.115180  -0.114199  0.081712  0.990092  -0.016724  -0.996629  0.080322  0.002041  -0.003906  -0.003351  -0.464422  0.005906  -0.013956  2.000000  
171.436730 0.006545  0.086909  -0.017169  0.993317  -0.007316  0.115185  -0.114199  0.082312  0.990042  -0.016724  -0.996580  0.080926  0.002059  -0.004048  -0.003376  -0.464709  0.006234  -0.009483  2.000000  
171.437730 0.006547  0.086903  -0.017173  0.993317  -0.007274  0.115187  -0.114199  0.082672  0.990012  -0.016724  -0.996550  0.081289  0.002062  -0.004241  -0.003446  -0.464615  0.006564  -0.004999  2.000000  
171.438981 0.006549  0.086896  -0.017178  0.993317  -0.007204  0.115192  -0.114199  0.083273  0.989962  -0.016724  -0.996501  0.081893  0.002121  -0.004416  -0.003575  -0.464646  0.006899  -0.000519  2.000000  
171.440231 0.006552  0.086888  -0.017183  0.993315  -0.007267  0.115207  -0.114198  0.083888  0.989910  -0.016858  -0.996449  0.082498  0.002107  -0.004618  -0.003756  -0.464977  -0.000337  -0.004447  2.000000  
171.441481 0.006554  0.086880  -0.017189  0.993315  -0.007211  0.115210  -0.114198  0.084369  0.989869  -0.016858  -0.996409  0.082981  0.002156  -0.004823  -0.003981  -0.465057  -0.000339  -0.004448  2.000000  
171.442728 0.006557  0.086873  -0.017195  0.993315  -0.007141  0.115215  -0.114198  0.084969  0.989818  -0.016858  -0.996358  0.083585  0.002143  -0.005022  -0.004101  -0.460939  -0.000342  -0.004447  2.000000  
171.443731 0.006560  0.086867  -0.017200  0.993315  -0.007099  0.115217  -0.114198  0.085329  0.989787  -0.016858  -0.996328  0.083948  0.002156  -0.005160  -0.004181  -0.456937  -0.000344  -0.004447  2.000000  
171.444982 0.006564  0.086860  -0.017206  0.993315  -0.007029  0.115222  -0.114198  0.085929  0.989735  -0.016858  -0.996276  0.084552  0.002196  -0.005300  -0.004220  -0.456629  -0.000350  -0.004484  2.000000  
171.446000 0.006567  0.086855  -0.017210  0.993317  -0.006855  0.115213  -0.114199  0.086274  0.989705  -0.016724  -0.996248  0.084915  0.002269  -0.005347  -0.004119  -0.452396  -0.006542  0.005022  2.000000  
171.447234 0.006570  0.086848  -0.017215  0.993317  -0.006785  0.115217  -0.114199  0.086874  0.989652  -0.016724  -0.996196  0.085519  0.002329  -0.005494  -0.004117  -0.452682  -0.006543  0.005029  2.000000  
171.448234 0.006574  0.086843  -0.017219  0.993315  -0.006875  0.115231  -0.114198  0.087250  0.989619  -0.016858  -0.996163  0.085881  0.002409  -0.005580  -0.004098  -0.448585  -0.007253  -0.003935  2.000000  
171.449485 0.006578  0.086835  -0.017224  0.993315  -0.006805  0.115235  -0.114198  0.087850  0.989566  -0.016858  -0.996110  0.086486  0.002512  -0.005673  -0.004157  -0.448560  -0.007255  -0.003930  2.000000  
171.450730 0.006581  0.086827  -0.017231  0.993315  -0.006750  0.115238  -0.114198  0.088330  0.989523  -0.016858  -0.996068  0.086969  0.002530  -0.005849  -0.004317  -0.444538  -0.007258  -0.003927  2.000000  
171.451731 0.006584  0.086820  -0.017237  0.993315  -0.006708  0.115241  -0.114198  0.088690  0.989491  -0.016858  -0.996037  0.087331  0.002606  -0.005922  -0.004495  -0.440480  -0.007260  -0.003924  2.000000  
171.452981 0.006587  0.086812  -0.017245  0.993315  -0.006638  0.115245  -0.114198  0.089290  0.989437  -0.016858  -0.995984  0.087935  0.002683  -0.006043  -0.004814  -0.440455  -0.007262  -0.003919  2.000000  
171.454233 0.006591  0.086803  -0.017252  0.993315  -0.006582  0.115248  -0.114198  0.089770  0.989394  -0.016858  -0.995941  0.088419  0.002772  -0.006047  -0.004936  -0.436344  -0.007264  -0.003915  2.000000  
171.455493 0.006595  0.086795  -0.017259  0.993315  -0.006526  0.115251  -0.114198  0.090250  0.989350  -0.016858  -0.995898  0.088902  0.002887  -0.006058  -0.004992  -0.436150  -0.007263  -0.003910  2.000000  
171.456730 0.006599  0.086788  -0.017265  0.993315  -0.006470  0.115254  -0.114198  0.090730  0.989306  -0.016858  -0.995854  0.089385  0.003010  -0.006021  -0.004970  -0.432787  -0.007208  -0.003876  2.000000  
171.457731 0.006603  0.086782  -0.017270  0.993315  -0.006428  0.115257  -0.114198  0.091090  0.989273  -0.016858  -0.995822  0.089747  0.003072  -0.006027  -0.005015  -0.428152  -0.007644  -0.008385  2.000000  
171.458976 0.006608  0.086775  -0.017276  0.993315  -0.006372  0.115260  -0.114198  0.091570  0.989229  -0.016858  -0.995778  0.090231  0.003174  -0.006048  -0.004953  -0.428791  -0.007213  -0.003870  2.000000  
171.459976 0.006612  0.086769  -0.017280  0.993315  -0.006330  0.115262  -0.114198  0.091930  0.989195  -0.016858  -0.995745  0.090593  0.003256  -0.006113  -0.004985  -0.424771  -0.007215  -0.003867  2.000000  
171.461233 0.006618  0.086761  -0.017286  0.993315  -0.006274  0.115265  -0.114198  0.092410  0.989151  -0.016858  -0.995701  0.091076  0.003356  -0.006197  -0.005090  -0.420121  -0.000382  -0.004483  2.000000  
171.462482 0.006623  0.086753  -0.017293  0.993315  -0.006218  0.115268  -0.114198  0.092890  0.989106  -0.016858  -0.995657  0.091559  0.003445  -0.006250  -0.005125  -0.420557  -0.000380  -0.004444  2.000000  
171.463495 0.006626  0.086746  -0.017298  0.993315  -0.006162  0.115271  -0.114198  0.093370  0.989061  -0.016858  -0.995612  0.092042  0.003455  -0.006345  -0.005233  -0.419755  -0.000386  -0.004479  2.000000  
171.464730 0.006631  0.086738  -0.017305  0.993315  -0.006106  0.115274  -0.114198  0.093850  0.989015  -0.016858  -0.995568  0.092525  0.003520  -0.006382  -0.005237  -0.416460  -0.000385  -0.004443  2.000000  
171.465734 0.006635  0.086731  -0.017310  0.993315  -0.006064  0.115276  -0.114198  0.094210  0.988981  -0.016858  -0.995534  0.092887  0.003584  -0.006391  -0.005286  -0.415842  -0.000390  -0.004480  2.000000  
171.466981 0.006639  0.086722  -0.017317  0.993338  -0.006028  0.115076  -0.113994  0.094688  0.988959  -0.016858  -0.995489  0.093370  0.003677  -0.006424  -0.005219  -0.412347  0.006447  -0.005042  2.000000  
171.468232 0.006644  0.086714  -0.017323  0.993338  -0.005986  0.115078  -0.113994  0.095048  0.988924  -0.016858  -0.995455  0.093733  0.003772  -0.006371  -0.005111  -0.409678  0.006467  -0.005062  2.000000  
171.469233 0.006649  0.086708  -0.017327  0.993338  -0.005944  0.115080  -0.113994  0.095408  0.988890  -0.016858  -0.995420  0.094095  0.003842  -0.006358  -0.005019  -0.403516  0.006892  -0.000610  2.000000  
171.470235 0.006653  0.086702  -0.017332  0.993338  -0.005902  0.115082  -0.113994  0.095768  0.988855  -0.016858  -0.995386  0.094457  0.003921  -0.006355  -0.004968  -0.399341  0.006890  -0.000613  2.000000  
171.471493 0.006658  0.086694  -0.017338  0.993338  -0.005861  0.115084  -0.113994  0.096128  0.988820  -0.016858  -0.995352  0.094819  0.003978  -0.006379  -0.004962  -0.395154  0.006888  -0.000615  2.000000  
171.472728 0.006664  0.086686  -0.017344  0.993336  -0.005937  0.115100  -0.113994  0.096623  0.988772  -0.016992  -0.995303  0.095302  0.004027  -0.006399  -0.004934  -0.391291  0.006489  -0.005099  2.000000  
171.473729 0.006668  0.086680  -0.017350  0.993336  -0.005895  0.115102  -0.113994  0.096983  0.988736  -0.016992  -0.995269  0.095664  0.004031  -0.006474  -0.005016  -0.392092  0.006433  -0.005058  2.000000  
171.474976 0.006673  0.086672  -0.017356  0.993336  -0.005853  0.115104  -0.113994  0.097342  0.988701  -0.016992  -0.995234  0.096026  0.004026  -0.006459  -0.005022  -0.384063  0.006432  -0.005062  2.000000  
171.475978 0.006676  0.086665  -0.017361  0.993336  -0.005811  0.115106  -0.113994  0.097702  0.988666  -0.016992  -0.995199  0.096389  0.003968  -0.006531  -0.005060  -0.384272  0.006029  -0.009512  2.000000  
171.477228 0.006681  0.086656  -0.017367  0.993360  -0.005790  0.114905  -0.113789  0.098061  0.988654  -0.016992  -0.995164  0.096751  0.003944  -0.006584  -0.005070  -0.375863  0.012855  -0.010136  2.000000  
171.478230 0.006685  0.086649  -0.017371  0.993360  -0.005748  0.114907  -0.113789  0.098420  0.988618  -0.016992  -0.995128  0.097113  0.003979  -0.006591  -0.004998  -0.375844  0.013259  -0.005698  2.000000  
171.479232 0.006689  0.086643  -0.017376  0.993360  -0.005706  0.114909  -0.113789  0.098780  0.988582  -0.016992  -0.995093  0.097475  0.003955  -0.006583  -0.004919  -0.371763  0.013255  -0.005703  2.000000  
171.480235 0.006693  0.086636  -0.017379  0.993360  -0.005664  0.114911  -0.113789  0.099140  0.988546  -0.016992  -0.995057  0.097837  0.004038  -0.006525  -0.004779  -0.370717  0.013361  -0.005755  2.000000  
171.481487 0.006698  0.086628  -0.017383  0.993360  -0.005622  0.114913  -0.113789  0.099500  0.988510  -0.016992  -0.995022  0.098199  0.004073  -0.006484  -0.004606  -0.363661  0.013250  -0.005714  2.000000  
171.482732 0.006703  0.086621  -0.017388  0.993360  -0.005581  0.114915  -0.113789  0.099859  0.988474  -0.016992  -0.994986  0.098561  0.004084  -0.006455  -0.004510  -0.358543  0.013358  -0.005768  2.000000  
171.483980 0.006708  0.086613  -0.017393  0.993360  -0.005539  0.114917  -0.113789  0.100219  0.988437  -0.016992  -0.994950  0.098923  0.004054  -0.006433  -0.004446  -0.354520  0.013357  -0.005775  2.000000  
171.484981 0.006712  0.086607  -0.017397  0.993360  -0.005511  0.114919  -0.113789  0.100459  0.988413  -0.016992  -0.994926  0.099165  0.004032  -0.006427  -0.004369  -0.351534  0.013243  -0.005729  2.000000  
171.486233 0.006717  0.086599  -0.017402  0.993383  -0.005490  0.114717  -0.113585  0.100817  0.988400  -0.016992  -0.994890  0.099527  0.003988  -0.006444  -0.004348  -0.346192  0.020239  -0.006437  2.000000  
171.487493 0.006721  0.086591  -0.017408  0.993383  -0.005448  0.114719  -0.113585  0.101177  0.988363  -0.016992  -0.994854  0.099889  0.003895  -0.006454  -0.004351  -0.341995  0.020229  -0.006443  2.000000  
171.488726 0.006726  0.086583  -0.017414  0.993383  -0.005406  0.114721  -0.113585  0.101537  0.988326  -0.016992  -0.994817  0.100251  0.003873  -0.006439  -0.004295  -0.339305  0.020067  -0.006400  2.000000  
171.489729 0.006730  0.086577  -0.017418  0.993383  -0.005365  0.114723  -0.113585  0.101896  0.988289  -0.016992  -0.994781  0.100613  0.003843  -0.006420  -0.004208  -0.338026  0.020230  -0.006461  2.000000  
171.490729 0.006733  0.086571  -0.017422  0.993383  -0.005337  0.114724  -0.113585  0.102136  0.988265  -0.016992  -0.994756  0.100854  0.003851  -0.006375  -0.004130  -0.333941  0.020228  -0.006467  2.000000  
171.491976 0.006738  0.086563  -0.017426  0.993383  -0.005295  0.114726  -0.113585  0.102496  0.988227  -0.016992  -0.994719  0.101216  0.003840  -0.006313  -0.004004  -0.327182  0.020061  -0.006423  2.000000  
171.492976 0.006741  0.086557  -0.017429  0.993381  -0.005399  0.114741  -0.113584  0.102750  0.988201  -0.017125  -0.994693  0.101457  0.003785  -0.006273  -0.003859  -0.323194  0.019631  -0.010870  2.000000  
171.493976 0.006744  0.086551  -0.017432  0.993381  -0.005358  0.114743  -0.113584  0.103110  0.988163  -0.017125  -0.994656  0.101819  0.003765  -0.006244  -0.003830  -0.323162  0.019625  -0.010876  2.000000  
171.494982 0.006748  0.086545  -0.017435  0.993404  -0.005351  0.114541  -0.113380  0.103349  0.988162  -0.017125  -0.994631  0.102060  0.003757  -0.006160  -0.003752  -0.317553  0.026669  -0.011647  2.000000  
171.495989 0.006751  0.086539  -0.017438  0.993404  -0.005323  0.114542  -0.113380  0.103588  0.988137  -0.017125  -0.994606  0.102302  0.003697  -0.006113  -0.003773  -0.313352  0.026655  -0.011650  2.000000  
171.497234 0.006756  0.086533  -0.017442  0.993404  -0.005282  0.114544  -0.113380  0.103948  0.988099  -0.017125  -0.994569  0.102664  0.003625  -0.006081  -0.003736  -0.309534  0.019776  -0.010988  2.000000  
171.498485 0.006760  0.086526  -0.017446  0.993404  -0.005240  0.114546  -0.113380  0.104308  0.988061  -0.017125  -0.994531  0.103025  0.003585  -0.006012  -0.003703  -0.305396  0.019767  -0.010995  2.000000  
171.499490 0.006764  0.086520  -0.017449  0.993404  -0.005212  0.114547  -0.113380  0.104547  0.988036  -0.017125  -0.994506  0.103267  0.003540  -0.005956  -0.003615  -0.301274  0.019761  -0.010999  2.000000  
171.500731 0.006767  0.086514  -0.017453  0.993404  -0.005184  0.114549  -0.113380  0.104787  0.988010  -0.017125  -0.994481  0.103508  0.003481  -0.005886  -0.003509  -0.298853  0.019600  -0.010915  2.000000  
171.501981 0.006771  0.086508  -0.017456  0.993404  -0.005143  0.114550  -0.113380  0.105146  0.987972  -0.017125  -0.994443  0.103870  0.003425  -0.005767  -0.003291  -0.297308  0.019761  -0.011016  2.000000  
171.503231 0.006776  0.086501  -0.017459  0.993404  -0.005115  0.114552  -0.113380  0.105386  0.987947  -0.017125  -0.994418  0.104111  0.003437  -0.005651  -0.003152  -0.290769  0.020037  -0.006492  2.000000  
171.504234 0.006778  0.086496  -0.017461  0.993404  -0.005087  0.114553  -0.113380  0.105626  0.987921  -0.017125  -0.994393  0.104352  0.003375  -0.005585  -0.003015  -0.285020  0.020200  -0.006553  2.000000  
171.505234 0.006781  0.086491  -0.017463  0.993404  -0.005059  0.114554  -0.113380  0.105865  0.987896  -0.017125  -0.994368  0.104594  0.003320  -0.005518  -0.002915  -0.285131  0.020207  -0.006560  2.000000  
171.506484 0.006785  0.086485  -0.017466  0.993404  -0.005018  0.114556  -0.113380  0.106225  0.987857  -0.017125  -0.994329  0.104955  0.003291  -0.005400  -0.002805  -0.280921  0.020194  -0.006566  2.000000  
171.507731 0.006789  0.086479  -0.017470  0.993404  -0.004990  0.114557  -0.113380  0.106465  0.987831  -0.017125  -0.994304  0.105197  0.003252  -0.005316  -0.002795  -0.272891  0.013310  -0.005873  2.000000  
171.508976 0.006792  0.086473  -0.017473  0.993404  -0.004962  0.114558  -0.113380  0.106704  0.987805  -0.017125  -0.994278  0.105438  0.003190  -0.005204  -0.002759  -0.270680  0.013201  -0.005829  2.000000  
171.509981 0.006795  0.086468  -0.017476  0.993404  -0.004934  0.114560  -0.113380  0.106944  0.987779  -0.017125  -0.994253  0.105679  0.003120  -0.005146  -0.002768  -0.266640  0.013199  -0.005833  2.000000  
171.511231 0.006799  0.086463  -0.017480  0.993404  -0.004906  0.114561  -0.113380  0.107183  0.987753  -0.017125  -0.994227  0.105920  0.003115  -0.005039  -0.002739  -0.262594  0.013197  -0.005837  2.000000  
171.512483 0.006803  0.086458  -0.017484  0.993404  -0.004893  0.114561  -0.113380  0.107303  0.987740  -0.017125  -0.994214  0.106041  0.003049  -0.004893  -0.002705  -0.254500  0.013195  -0.005840  2.000000  
171.513488 0.006806  0.086453  -0.017486  0.993404  -0.004865  0.114563  -0.113380  0.107543  0.987714  -0.017125  -0.994189  0.106282  0.003059  -0.004833  -0.002653  -0.252486  0.013300  -0.005891  2.000000  
171.514737 0.006809  0.086448  -0.017489  0.993404  -0.004837  0.114564  -0.113380  0.107783  0.987688  -0.017125  -0.994163  0.106523  0.002999  -0.004718  -0.002613  -0.248415  0.013299  -0.005896  2.000000  
171.515980 0.006814  0.086443  -0.017492  0.993404  -0.004823  0.114564  -0.113380  0.107902  0.987675  -0.017125  -0.994150  0.106644  0.002992  -0.004634  -0.002535  -0.238435  0.006365  -0.005144  2.000000  
171.517231 0.006817  0.086438  -0.017494  0.993404  -0.004795  0.114566  -0.113380  0.108142  0.987649  -0.017125  -0.994124  0.106885  0.002987  -0.004525  -0.002505  -0.236460  0.006420  -0.005191  2.000000  
171.518240 0.006820  0.086433  -0.017496  0.993404  -0.004781  0.114566  -0.113380  0.108262  0.987636  -0.017125  -0.994111  0.107006  0.002931  -0.004516  -0.002493  -0.228088  0.006412  -0.005188  2.000000  
171.519492 0.006823  0.086428  -0.017500  0.993404  -0.004754  0.114567  -0.113380  0.108501  0.987609  -0.017125  -0.994085  0.107247  0.002903  -0.004434  -0.002521  -0.224033  0.006411  -0.005190  2.000000  
171.520731 0.006826  0.086423  -0.017502  0.993404  -0.004726  0.114568  -0.113380  0.108741  0.987583  -0.017125  -0.994059  0.107488  0.002910  -0.004370  -0.002491  -0.220021  0.006412  -0.005194  2.000000  
171.521981 0.006829  0.086417  -0.017506  0.993404  -0.004712  0.114569  -0.113380  0.108861  0.987570  -0.017125  -0.994046  0.107608  0.002857  -0.004326  -0.002522  -0.211883  0.006411  -0.005195  2.000000  
171.522983 0.006833  0.086414  -0.017509  0.993404  -0.004684  0.114570  -0.113380  0.109100  0.987544  -0.017125  -0.994020  0.107850  0.002883  -0.004249  -0.002560  -0.211876  0.006880  -0.000725  2.000000  
171.523983 0.006835  0.086410  -0.017512  0.993404  -0.004670  0.114571  -0.113380  0.109220  0.987530  -0.017125  -0.994007  0.107970  0.002853  -0.004192  -0.002540  -0.207805  0.006880  -0.000726  2.000000  
171.525226 0.006839  0.086405  -0.017515  0.993404  -0.004656  0.114571  -0.113380  0.109340  0.987517  -0.017125  -0.993994  0.108091  0.002903  -0.004109  -0.002528  -0.202164  -0.000000  0.000000  2.000000  
171.526226 0.006842  0.086402  -0.017518  0.993404  -0.004629  0.114572  -0.113380  0.109579  0.987490  -0.017125  -0.993967  0.108332  0.002875  -0.004053  -0.002509  -0.198168  0.000000  -0.000000  2.000000  
171.527231 0.006845  0.086399  -0.017521  0.993402  -0.004747  0.114587  -0.113380  0.109714  0.987476  -0.017259  -0.993952  0.108452  0.002864  -0.004005  -0.002511  -0.194097  -0.000471  -0.004436  2.000000  
171.528480 0.006848  0.086394  -0.017524  0.993402  -0.004733  0.114588  -0.113380  0.109834  0.987462  -0.017259  -0.993939  0.108573  0.002840  -0.003948  -0.002548  -0.186015  -0.000472  -0.004436  2.000000  
171.529487 0.006851  0.086390  -0.017527  0.993402  -0.004719  0.114588  -0.113380  0.109954  0.987449  -0.017259  -0.993925  0.108693  0.002836  -0.003924  -0.002540  -0.181959  -0.000473  -0.004435  2.000000  
171.530488 0.006854  0.086386  -0.017530  0.993402  -0.004705  0.114589  -0.113380  0.110074  0.987436  -0.017259  -0.993912  0.108814  0.002812  -0.003927  -0.002664  -0.179354  -0.000477  -0.004471  2.000000  
171.531733 0.006857  0.086381  -0.017534  0.993402  -0.004677  0.114590  -0.113380  0.110313  0.987409  -0.017259  -0.993886  0.109055  0.002736  -0.003902  -0.002756  -0.175304  -0.000479  -0.004471  2.000000  
171.532982 0.006860  0.086376  -0.017538  0.993402  -0.004663  0.114591  -0.113380  0.110433  0.987395  -0.017259  -0.993873  0.109175  0.002734  -0.003877  -0.002818  -0.171231  -0.000480  -0.004471  2.000000  
171.533986 0.006863  0.086372  -0.017541  0.993402  -0.004649  0.114591  -0.113380  0.110553  0.987382  -0.017259  -0.993859  0.109296  0.002751  -0.003859  -0.002893  0.000000  0.000000  0.000000  2.000000  
171.535232 0.006866  0.086367  -0.017545  0.993402  -0.004636  0.114592  -0.113380  0.110672  0.987369  -0.017259  -0.993846  0.109417  0.002739  -0.003831  -0.002915  0.000000  0.000000  0.000000  2.000000  
171.536232 0.006868  0.086363  -0.017548  0.993402  -0.004622  0.114592  -0.113380  0.110792  0.987355  -0.017259  -0.993833  0.109537  0.002714  -0.003837  -0.002974  0.000000  0.000000  0.000000  2.000000  
171.537483 0.006872  0.086358  -0.017552  0.993402  -0.004608  0.114593  -0.113380  0.110912  0.987342  -0.017259  -0.993820  0.109658  0.002746  -0.003811  -0.002953  0.000000  0.000000  0.000000  2.000000  
171.538483 0.006875  0.086354  -0.017554  0.993402  -0.004608  0.114593  -0.113380  0.110912  0.987342  -0.017259  -0.993820  0.109658  0.002734  -0.003807  -0.002913  0.000000  0.000000  0.000000  2.000000  
171.539729 0.006878  0.086350  -0.017558  0.993402  -0.004594  0.114594  -0.113380  0.111032  0.987328  -0.017259  -0.993806  0.109778  0.002734  -0.003808  -0.002914  0.000000  0.000000  0.000000  2.000000  
171.540982 0.006882  0.086345  -0.017561  0.993402  -0.004580  0.114594  -0.113380  0.111151  0.987315  -0.017259  -0.993793  0.109899  0.002722  -0.003864  -0.002963  0.000000  0.000000  0.000000  2.000000  
171.541993 0.006885  0.086341  -0.017564  0.993402  -0.004566  0.114595  -0.113380  0.111271  0.987301  -0.017259  -0.993780  0.110019  0.002718  -0.003887  -0.002913  0.000000  0.000000  0.000000  2.000000  
171.543226 0.006888  0.086336  -0.017569  0.993402  -0.004566  0.114595  -0.113380  0.111271  0.987301  -0.017259  -0.993780  0.110019  0.002707  -0.003920  -0.003024  0.000000  0.000000  0.000000  2.000000  
171.544238 0.006890  0.086332  -0.017573  0.993402  -0.004552  0.114595  -0.113380  0.111391  0.987288  -0.017259  -0.993766  0.110140  0.002648  -0.003951  -0.003104  0.000000  0.000000  0.000000  2.000000  
171.545491 0.006894  0.086327  -0.017577  0.993402  -0.004538  0.114596  -0.113380  0.111511  0.987274  -0.017259  -0.993753  0.110260  0.002646  -0.003949  -0.003102  0.000000  0.000000  0.000000  2.000000  
171.546734 0.006896  0.086322  -0.017581  0.993402  -0.004538  0.114596  -0.113380  0.111511  0.987274  -0.017259  -0.993753  0.110260  0.002615  -0.003977  -0.003124  0.000000  0.000000  0.000000  2.000000  
171.547987 0.006899  0.086317  -0.017585  0.993402  -0.004524  0.114596  -0.113380  0.111630  0.987261  -0.017259  -0.993739  0.110381  0.002605  -0.003949  -0.003133  0.000000  0.000000  0.000000  2.000000  
171.549231 0.006902  0.086312  -0.017589  0.993402  -0.004510  0.114597  -0.113380  0.111750  0.987247  -0.017259  -0.993726  0.110501  0.002595  -0.003948  -0.003096  0.000000  0.000000  0.000000  2.000000  
171.550482 0.006905  0.086307  -0.017593  0.993378  -0.004487  0.114800  -0.113584  0.111751  0.987224  -0.017259  -0.993726  0.110501  0.002577  -0.003893  -0.003124  0.000000  0.000000  0.000000  2.000000  
171.551492 0.006907  0.086304  -0.017596  0.993378  -0.004487  0.114800  -0.113584  0.111751  0.987224  -0.017259  -0.993726  0.110501  0.002533  -0.003889  -0.003142  0.000000  0.000000  0.000000  2.000000  
171.552730 0.006910  0.086299  -0.017600  0.993378  -0.004474  0.114801  -0.113584  0.111871  0.987210  -0.017259  -0.993713  0.110622  0.002536  -0.003866  -0.003200  0.000000  0.000000  0.000000  2.000000  
171.553731 0.006913  0.086296  -0.017603  0.993378  -0.004474  0.114801  -0.113584  0.111871  0.987210  -0.017259  -0.993713  0.110622  0.002442  -0.003861  -0.003213  0.000000  0.000000  0.000000  2.000000  
171.554979 0.006916  0.086291  -0.017607  0.993378  -0.004460  0.114801  -0.113584  0.111991  0.987196  -0.017259  -0.993699  0.110743  0.002412  -0.003861  -0.003287  0.000000  0.000000  0.000000  2.000000  
171.555980 0.006918  0.086287  -0.017611  0.993378  -0.004460  0.114801  -0.113584  0.111991  0.987196  -0.017259  -0.993699  0.110743  0.002360  -0.003856  -0.003278  0.000000  0.000000  0.000000  2.000000  
171.556991 0.006920  0.086284  -0.017614  0.993378  -0.004460  0.114801  -0.113584  0.111991  0.987196  -0.017259  -0.993699  0.110743  0.002321  -0.003831  -0.003356  0.000000  0.000000  0.000000  2.000000  
171.558230 0.006923  0.086279  -0.017618  0.993381  -0.004328  0.114786  -0.113584  0.111976  0.987198  -0.017125  -0.993702  0.110743  0.002288  -0.003801  -0.003285  0.000000  0.000000  0.000000  2.000000  
171.559490 0.006925  0.086275  -0.017622  0.993381  -0.004314  0.114787  -0.113584  0.112095  0.987185  -0.017125  -0.993688  0.110863  0.002255  -0.003738  -0.003261  0.000000  0.000000  0.000000  2.000000  
171.560726 0.006927  0.086270  -0.017626  0.993381  -0.004314  0.114787  -0.113584  0.112095  0.987185  -0.017125  -0.993688  0.110863  0.002196  -0.003731  -0.003219  0.000000  0.000000  0.000000  2.000000  
171.561728 0.006929  0.086267  -0.017629  0.993381  -0.004314  0.114787  -0.113584  0.112095  0.987185  -0.017125  -0.993688  0.110863  0.002220  -0.003681  -0.003210  0.000000  0.000000  0.000000  2.000000  
171.562734 0.006931  0.086263  -0.017632  0.993381  -0.004314  0.114787  -0.113584  0.112095  0.987185  -0.017125  -0.993688  0.110863  0.002186  -0.003622  -0.003184  0.000000  0.000000  0.000000  2.000000  
171.563995 0.006934  0.086259  -0.017637  0.993381  -0.004314  0.114787  -0.113584  0.112095  0.987185  -0.017125  -0.993688  0.110863  0.002123  -0.003562  -0.003229  0.000000  0.000000  0.000000  2.000000  
