1-Time 2-Px 3-Py 4-Pz 5-R11 6-R21 7-R31 8-R12 9-R22 10-R32 11-R13 12-R23 13-R33 14-Vx 15-Vy 16-Vz 17-Wx 18-Wy 19-Wz 20-state 21-PR11 22-PR21 23-PR31 24-PR12 25-PR22 26-PR32 27-PR13 28-PR23 29-PR33 
208.229765 -0.003135  0.083983  -0.012931  0.999094  0.035002  0.024219  -0.027157  0.086062  0.995920  0.032775  -0.995675  0.086934  0.002065  0.001705  0.001232  0.000000  0.000000  0.000000  2.000000  
208.230772 -0.003133  0.083984  -0.012931  0.999094  0.035002  0.024219  -0.027157  0.086062  0.995920  0.032775  -0.995675  0.086934  0.002087  0.001643  0.001082  0.000000  0.000000  0.000000  2.000000  
208.232033 -0.003132  0.083982  -0.012931  0.999077  0.035058  0.024830  -0.027774  0.086161  0.995894  0.032775  -0.995664  0.087055  0.001965  0.001332  0.000970  0.000000  0.000000  0.000000  2.000000  
208.233267 -0.003132  0.083980  -0.012929  0.999064  0.034978  0.025456  -0.028391  0.086143  0.995878  0.032641  -0.995669  0.087056  0.001789  0.001043  0.001037  -0.002105  -0.184441  0.034159  2.000000  
208.234268 -0.003132  0.083978  -0.012928  0.999056  0.034884  0.025874  -0.028803  0.086253  0.995857  0.032507  -0.995662  0.087177  0.001709  0.000840  0.001110  -0.005971  -0.191717  0.030292  2.000000  
208.235269 -0.003132  0.083976  -0.012927  0.999055  0.034771  0.026086  -0.029009  0.086371  0.995841  0.032374  -0.995656  0.087298  0.001559  0.000562  0.001060  -0.010273  -0.185654  0.020747  2.000000  
208.236525 -0.003133  0.083972  -0.012927  0.999049  0.034789  0.026291  -0.029214  0.086364  0.995835  0.032374  -0.995656  0.087298  0.001351  0.000161  0.000905  -0.010490  -0.178654  0.020133  2.000000  
208.237766 -0.003134  0.083969  -0.012924  0.999037  0.034831  0.026693  -0.029626  0.086591  0.995803  0.032374  -0.995635  0.087539  0.001115  -0.000199  0.000946  -0.018212  -0.192091  0.025846  2.000000  
208.239015 -0.003134  0.083967  -0.012922  0.999024  0.034870  0.027099  -0.030037  0.086697  0.995782  0.032374  -0.995624  0.087660  0.000886  -0.000431  0.001099  -0.021826  -0.206238  0.022583  2.000000  
208.240263 -0.003135  0.083965  -0.012923  0.999012  0.034909  0.027505  -0.030448  0.086804  0.995760  0.032374  -0.995614  0.087781  0.000667  -0.000731  0.001006  -0.025908  -0.206287  0.022601  2.000000  
208.241518 -0.003137  0.083961  -0.012924  0.998997  0.034836  0.028123  -0.031065  0.087028  0.995721  0.032240  -0.995597  0.088023  0.000338  -0.001102  0.000761  -0.033831  -0.213915  0.014269  2.000000  
208.242768 -0.003138  0.083958  -0.012924  0.998989  0.034743  0.028540  -0.031477  0.087139  0.995699  0.032106  -0.995590  0.088144  0.000054  -0.001500  0.000553  -0.037704  -0.221230  0.010410  2.000000  
208.244021 -0.003141  0.083954  -0.012924  0.998980  0.034652  0.028954  -0.031888  0.087370  0.995665  0.031972  -0.995573  0.088386  -0.000310  -0.001905  0.000468  -0.045417  -0.235350  0.007168  2.000000  
208.245263 -0.003145  0.083948  -0.012925  0.998971  0.034566  0.029363  -0.032300  0.087722  0.995621  0.031839  -0.995545  0.088749  -0.000729  -0.002382  0.000441  -0.057482  -0.242816  0.003342  2.000000  
208.246268 -0.003148  0.083942  -0.012925  0.998958  0.034609  0.029764  -0.032711  0.087950  0.995588  0.031839  -0.995524  0.088990  -0.001030  -0.002756  0.000436  -0.065602  -0.242677  0.003370  2.000000  
208.247270 -0.003151  0.083937  -0.012924  0.998955  0.034505  0.029969  -0.032917  0.088309  0.995549  0.031705  -0.995495  0.089353  -0.001261  -0.003028  0.000384  -0.073744  -0.243434  -0.005529  2.000000  
208.248523 -0.003155  0.083929  -0.012923  0.998941  0.034552  0.030366  -0.033328  0.088657  0.995504  0.031705  -0.995463  0.089715  -0.001530  -0.003364  0.000352  -0.085504  -0.257139  -0.004261  2.000000  
208.249767 -0.003160  0.083922  -0.012922  0.998932  0.034467  0.030775  -0.033740  0.089010  0.995459  0.031571  -0.995434  0.090078  -0.001869  -0.003672  0.000356  -0.097332  -0.271392  -0.007470  2.000000  
208.251018 -0.003163  0.083915  -0.012923  0.998915  0.034400  0.031390  -0.034357  0.089355  0.995407  0.031438  -0.995406  0.090440  -0.002069  -0.003944  0.000315  -0.109343  -0.278646  -0.011284  2.000000  
208.252269 -0.003165  0.083908  -0.012924  0.998901  0.034453  0.031783  -0.034768  0.089824  0.995351  0.031438  -0.995362  0.090923  -0.002134  -0.004194  0.000096  -0.125649  -0.279098  -0.015697  2.000000  
208.253518 -0.003167  0.083901  -0.012925  0.998898  0.034350  0.031987  -0.034974  0.090184  0.995311  0.031304  -0.995333  0.091286  -0.002199  -0.004498  -0.000201  -0.136566  -0.284082  -0.019351  2.000000  
208.254763 -0.003168  0.083896  -0.012926  0.998883  0.034402  0.032381  -0.035385  0.090653  0.995254  0.031304  -0.995288  0.091769  -0.002244  -0.004634  -0.000256  -0.153554  -0.300201  -0.018204  2.000000  
208.255768 -0.003169  0.083892  -0.012928  0.998865  0.034585  0.032766  -0.035796  0.090996  0.995208  0.031438  -0.995251  0.092130  -0.002244  -0.004766  -0.000312  -0.165515  -0.306637  -0.013049  2.000000  
208.257016 -0.003169  0.083887  -0.012932  0.998850  0.034638  0.033158  -0.036207  0.091464  0.995150  0.031438  -0.995206  0.092613  -0.002148  -0.004899  -0.000531  -0.181830  -0.307097  -0.017456  2.000000  
208.258263 -0.003170  0.083880  -0.012936  0.998835  0.034692  0.033551  -0.036619  0.091933  0.995092  0.031438  -0.995161  0.093096  -0.002088  -0.005109  -0.000754  -0.197932  -0.314018  -0.016760  2.000000  
208.259263 -0.003172  0.083874  -0.012938  0.998820  0.034742  0.033948  -0.037030  0.092281  0.995044  0.031438  -0.995127  0.093458  -0.002023  -0.005250  -0.000945  -0.207978  -0.325076  -0.015326  2.000000  
208.260518 -0.003174  0.083867  -0.012940  0.998804  0.034801  0.034337  -0.037441  0.092870  0.994974  0.031438  -0.995070  0.094062  -0.001899  -0.005311  -0.000978  -0.227578  -0.345641  -0.013367  2.000000  
208.261522 -0.003176  0.083861  -0.012941  0.998792  0.034966  0.034517  -0.037647  0.093220  0.994934  0.031571  -0.995031  0.094423  -0.001832  -0.005319  -0.001119  -0.239732  -0.345302  -0.008863  2.000000  
208.262523 -0.003177  0.083856  -0.012943  0.998777  0.035021  0.034909  -0.038058  0.093688  0.994874  0.031571  -0.994985  0.094906  -0.001696  -0.005296  -0.001296  -0.254302  -0.333822  -0.005608  2.000000  
208.263539 -0.003179  0.083850  -0.012946  0.998765  0.035191  0.035084  -0.038263  0.094158  0.994822  0.031705  -0.994935  0.095389  -0.001559  -0.005319  -0.001550  -0.266577  -0.326337  -0.001660  2.000000  
208.264772 -0.003181  0.083842  -0.012949  0.998749  0.035251  0.035473  -0.038675  0.094747  0.994750  0.031705  -0.994877  0.095992  -0.001352  -0.005316  -0.001808  -0.283107  -0.325734  0.007414  2.000000  
208.266018 -0.003182  0.083836  -0.012952  0.998728  0.035445  0.035848  -0.039086  0.095331  0.994678  0.031839  -0.994814  0.096595  -0.001270  -0.005247  -0.001953  -0.303270  -0.332230  0.012628  2.000000  
208.267267 -0.003184  0.083829  -0.012956  0.998708  0.035639  0.036223  -0.039497  0.095914  0.994606  0.031972  -0.994751  0.097198  -0.001267  -0.005237  -0.002128  -0.319338  -0.338701  0.017866  2.000000  
208.268521 -0.003185  0.083824  -0.012960  0.998692  0.035701  0.036611  -0.039908  0.096503  0.994532  0.031972  -0.994692  0.097801  -0.001197  -0.005178  -0.002351  -0.331507  -0.338629  0.018006  2.000000  
208.269522 -0.003185  0.083820  -0.012963  0.998671  0.035891  0.036990  -0.040319  0.096965  0.994471  0.032106  -0.994640  0.098283  -0.001123  -0.005145  -0.002483  -0.345031  -0.335524  0.022386  2.000000  
208.270765 -0.003186  0.083815  -0.012966  0.998646  0.036220  0.037351  -0.040730  0.097543  0.994398  0.032374  -0.994572  0.098886  -0.001144  -0.005115  -0.002548  -0.360261  -0.330529  0.031022  2.000000  
208.272014 -0.003188  0.083810  -0.012970  0.998633  0.036396  0.037520  -0.040935  0.098133  0.994331  0.032507  -0.994508  0.099488  -0.001243  -0.005104  -0.002531  -0.373498  -0.326984  0.039770  2.000000  
208.273015 -0.003189  0.083806  -0.012973  0.998612  0.036587  0.037899  -0.041346  0.098595  0.994268  0.032641  -0.994455  0.099970  -0.001289  -0.005040  -0.002531  -0.384949  -0.321487  0.052995  2.000000  
208.274022 -0.003191  0.083800  -0.012977  0.998599  0.036764  0.038068  -0.041552  0.099185  0.994201  0.032775  -0.994390  0.100573  -0.001316  -0.004995  -0.002646  -0.397390  -0.314160  0.056955  2.000000  
208.275267 -0.003194  0.083793  -0.012982  0.998577  0.036965  0.038437  -0.041963  0.099887  0.994114  0.032909  -0.994312  0.101296  -0.001371  -0.005013  -0.002905  -0.413865  -0.313403  0.066088  2.000000  
208.276513 -0.003198  0.083785  -0.012987  0.998560  0.037035  0.038819  -0.042374  0.100596  0.994025  0.032909  -0.994238  0.102020  -0.001457  -0.005057  -0.003083  -0.422264  -0.317538  0.066353  2.000000  
208.277524 -0.003200  0.083780  -0.012992  0.998547  0.037207  0.038992  -0.042579  0.101065  0.993968  0.033042  -0.994184  0.102502  -0.001534  -0.005001  -0.003286  -0.429972  -0.312325  0.075312  2.000000  
208.278770 -0.003204  0.083773  -0.012998  0.998529  0.037282  0.039370  -0.042990  0.101893  0.993866  0.033042  -0.994096  0.103346  -0.001642  -0.005046  -0.003519  -0.446335  -0.311870  0.079984  2.000000  
208.279774 -0.003206  0.083767  -0.013003  0.998516  0.037460  0.039538  -0.043196  0.102482  0.993796  0.033176  -0.994029  0.103948  -0.001696  -0.004989  -0.003667  -0.454601  -0.304450  0.083922  2.000000  
208.281023 -0.003209  0.083761  -0.013009  0.998498  0.037776  0.039687  -0.043401  0.103186  0.993715  0.033443  -0.993944  0.104671  -0.001755  -0.004968  -0.003800  -0.466951  -0.298753  0.097691  2.000000  
208.282267 -0.003211  0.083756  -0.013014  0.998475  0.037981  0.040055  -0.043812  0.103888  0.993624  0.033577  -0.993864  0.105394  -0.001826  -0.004946  -0.003900  -0.475388  -0.293332  0.100658  2.000000  
208.283522 -0.003213  0.083751  -0.013019  0.998457  0.038297  0.040203  -0.044017  0.104592  0.993541  0.033845  -0.993778  0.106116  -0.001896  -0.004867  -0.003918  -0.487617  -0.287444  0.114397  2.000000  
208.284799 -0.003215  0.083746  -0.013024  0.998435  0.038497  0.040575  -0.044428  0.105173  0.993461  0.033978  -0.993709  0.106718  -0.001959  -0.004864  -0.004003  -0.491008  -0.293552  0.119608  2.000000  
208.286022 -0.003216  0.083741  -0.013029  0.998425  0.038554  0.040747  -0.044633  0.106008  0.993363  0.033978  -0.993618  0.107562  -0.001994  -0.004901  -0.004158  -0.504076  -0.280406  0.114047  2.000000  
208.287267 -0.003219  0.083734  -0.013034  0.998402  0.038765  0.041108  -0.045044  0.106830  0.993256  0.034112  -0.993521  0.108405  -0.002081  -0.004985  -0.004228  -0.515959  -0.284461  0.118427  2.000000  
208.288267 -0.003221  0.083729  -0.013039  0.998393  0.038812  0.041289  -0.045250  0.107424  0.993183  0.034112  -0.993455  0.109008  -0.002101  -0.005013  -0.004281  -0.524580  -0.279895  0.118875  2.000000  
208.289519 -0.003224  0.083723  -0.013044  0.998379  0.039002  0.041446  -0.045455  0.108253  0.993084  0.034246  -0.993358  0.109851  -0.002072  -0.004951  -0.004290  -0.536620  -0.270230  0.121799  2.000000  
208.290768 -0.003226  0.083717  -0.013048  0.998356  0.039210  0.041812  -0.045866  0.108954  0.992988  0.034379  -0.993273  0.110573  -0.002002  -0.004832  -0.004221  -0.541486  -0.265142  0.126820  2.000000  
208.292013 -0.003229  0.083710  -0.013054  0.998342  0.039401  0.041968  -0.046071  0.109783  0.992887  0.034513  -0.993174  0.111416  -0.002005  -0.004836  -0.004254  -0.553259  -0.262923  0.125956  2.000000  
208.293017 -0.003232  0.083705  -0.013057  0.998328  0.039582  0.042133  -0.046277  0.110371  0.992813  0.034647  -0.993102  0.112018  -0.001983  -0.004802  -0.004195  -0.557359  -0.255495  0.129791  2.000000  
208.294266 -0.003233  0.083700  -0.013062  0.998308  0.039663  0.042509  -0.046688  0.111197  0.992701  0.034647  -0.993007  0.112861  -0.001909  -0.004710  -0.004119  -0.565334  -0.255822  0.125518  2.000000  
208.295534 -0.003235  0.083694  -0.013068  0.998294  0.039850  0.042669  -0.046893  0.111905  0.992612  0.034781  -0.992920  0.113583  -0.001818  -0.004618  -0.004045  -0.569924  -0.250843  0.125955  2.000000  
208.296770 -0.003236  0.083690  -0.013073  0.998270  0.040060  0.043033  -0.047304  0.112605  0.992513  0.034914  -0.992832  0.114305  -0.001739  -0.004559  -0.004092  -0.574218  -0.250386  0.130646  2.000000  
208.298023 -0.003237  0.083685  -0.013078  0.998256  0.040247  0.043193  -0.047509  0.113313  0.992423  0.035048  -0.992744  0.115027  -0.001657  -0.004541  -0.004083  -0.578399  -0.243382  0.130056  2.000000  
208.299268 -0.003238  0.083680  -0.013083  0.998236  0.040326  0.043572  -0.047920  0.114018  0.992322  0.035048  -0.992660  0.115750  -0.001619  -0.004524  -0.004130  -0.581875  -0.241847  0.124734  2.000000  
208.300519 -0.003239  0.083676  -0.013088  0.998222  0.040519  0.043727  -0.048125  0.114846  0.992217  0.035182  -0.992557  0.116592  -0.001558  -0.004483  -0.004097  -0.590087  -0.234907  0.124156  2.000000  
208.301768 -0.003240  0.083670  -0.013093  0.998197  0.040731  0.044090  -0.048536  0.115545  0.992116  0.035316  -0.992467  0.117314  -0.001483  -0.004439  -0.004095  -0.594665  -0.244112  0.121631  2.000000  
208.303019 -0.003242  0.083665  -0.013097  0.998172  0.040944  0.044453  -0.048947  0.116244  0.992014  0.035449  -0.992376  0.118035  -0.001393  -0.004367  -0.003980  -0.598881  -0.244100  0.121829  2.000000  
208.304028 -0.003243  0.083661  -0.013100  0.998162  0.040995  0.044632  -0.049152  0.116837  0.991934  0.035449  -0.992305  0.118637  -0.001309  -0.004294  -0.003889  -0.598574  -0.244401  0.117449  2.000000  
208.305268 -0.003244  0.083656  -0.013103  0.998137  0.041214  0.044990  -0.049563  0.117656  0.991817  0.035583  -0.992199  0.119479  -0.001227  -0.004225  -0.003803  -0.603037  -0.244478  0.117724  2.000000  
208.306513 -0.003245  0.083651  -0.013107  0.998122  0.041409  0.045143  -0.049768  0.118483  0.991708  0.035717  -0.992092  0.120321  -0.001108  -0.004115  -0.003682  -0.607152  -0.236937  0.121581  2.000000  
208.307520 -0.003245  0.083648  -0.013110  0.998112  0.041466  0.045317  -0.049974  0.119196  0.991612  0.035717  -0.992005  0.121043  -0.000980  -0.003969  -0.003594  -0.614241  -0.235408  0.116270  2.000000  
208.308768 -0.003247  0.083643  -0.013113  0.998086  0.041686  0.045674  -0.050385  0.120014  0.991493  0.035850  -0.991897  0.121885  -0.000904  -0.003874  -0.003515  -0.614184  -0.234790  0.120894  2.000000  
208.310015 -0.003247  0.083639  -0.013118  0.998071  0.041883  0.045826  -0.050590  0.120840  0.991382  0.035984  -0.991788  0.122726  -0.000821  -0.003803  -0.003428  -0.618268  -0.234722  0.121093  2.000000  
208.311019 -0.003247  0.083637  -0.013121  0.998050  0.041960  0.046209  -0.051001  0.121424  0.991290  0.035984  -0.991713  0.123328  -0.000759  -0.003703  -0.003434  -0.617946  -0.242460  0.113145  2.000000  
208.312271 -0.003247  0.083634  -0.013125  0.998035  0.042157  0.046361  -0.051206  0.122251  0.991177  0.036118  -0.991604  0.124169  -0.000670  -0.003571  -0.003326  -0.623179  -0.237987  0.109014  2.000000  
208.313271 -0.003247  0.083632  -0.013129  0.998024  0.042216  0.046534  -0.051411  0.122963  0.991079  0.036118  -0.991513  0.124891  -0.000632  -0.003474  -0.003273  -0.627352  -0.238477  0.104725  2.000000  
208.314274 -0.003247  0.083628  -0.013132  0.998009  0.042403  0.046696  -0.051617  0.123549  0.990995  0.036251  -0.991432  0.125491  -0.000607  -0.003426  -0.003264  -0.631290  -0.237850  0.109301  2.000000  
208.315532 -0.003248  0.083625  -0.013136  0.997983  0.042626  0.047051  -0.052027  0.124366  0.990871  0.036385  -0.991320  0.126333  -0.000568  -0.003327  -0.003210  -0.635154  -0.237696  0.109458  2.000000  
208.316767 -0.003248  0.083622  -0.013140  0.997967  0.042824  0.047201  -0.052233  0.125191  0.990757  0.036519  -0.991208  0.127174  -0.000540  -0.003250  -0.003108  -0.634197  -0.235750  0.108787  2.000000  
208.317767 -0.003249  0.083619  -0.013144  0.997951  0.043017  0.047357  -0.052438  0.125897  0.990657  0.036653  -0.991110  0.127894  -0.000481  -0.003142  -0.003145  -0.635532  -0.230191  0.113510  2.000000  
208.319017 -0.003249  0.083615  -0.013147  0.997930  0.043115  0.047723  -0.052849  0.126840  0.990514  0.036653  -0.990986  0.128856  -0.000425  -0.003054  -0.003157  -0.639446  -0.237526  0.110097  2.000000  
208.320018 -0.003250  0.083612  -0.013151  0.997914  0.043302  0.047884  -0.053054  0.127425  0.990428  0.036786  -0.990903  0.129456  -0.000394  -0.002962  -0.003210  -0.642196  -0.234962  0.113723  2.000000  
208.321267 -0.003249  0.083609  -0.013155  0.997903  0.043369  0.048051  -0.053259  0.128257  0.990310  0.036786  -0.990792  0.130298  -0.000308  -0.002880  -0.003299  -0.643568  -0.237400  0.110441  2.000000  
208.322518 -0.003249  0.083605  -0.013160  0.997887  0.043569  0.048200  -0.053464  0.129082  0.990192  0.036920  -0.990676  0.131138  -0.000267  -0.002844  -0.003350  -0.643689  -0.230406  0.109786  2.000000  
208.323520 -0.003249  0.083603  -0.013164  0.997876  0.043625  0.048378  -0.053670  0.129673  0.990103  0.036920  -0.990597  0.131739  -0.000184  -0.002756  -0.003417  -0.643565  -0.230850  0.105444  2.000000  
208.324764 -0.003249  0.083599  -0.013169  0.997855  0.043958  0.048509  -0.053875  0.130490  0.989985  0.037187  -0.990475  0.132579  -0.000164  -0.002695  -0.003439  -0.646375  -0.228348  0.109180  2.000000  
208.325767 -0.003249  0.083598  -0.013172  0.997839  0.044146  0.048668  -0.054080  0.131075  0.989896  0.037321  -0.990389  0.133179  -0.000134  -0.002629  -0.003475  -0.646547  -0.227797  0.113778  2.000000  
208.327020 -0.003249  0.083595  -0.013176  0.997823  0.044341  0.048822  -0.054285  0.131779  0.989792  0.037455  -0.990287  0.133899  -0.000117  -0.002648  -0.003482  -0.646610  -0.220853  0.113064  2.000000  
208.328268 -0.003248  0.083592  -0.013181  0.997807  0.044536  0.048976  -0.054490  0.132483  0.989686  0.037589  -0.990184  0.134619  -0.000073  -0.002639  -0.003520  -0.648191  -0.215758  0.113326  2.000000  
208.329272 -0.003248  0.083590  -0.013185  0.997790  0.044726  0.049134  -0.054695  0.133066  0.989597  0.037722  -0.990097  0.135219  -0.000055  -0.002569  -0.003521  -0.643944  -0.215635  0.113445  2.000000  
208.330527 -0.003248  0.083587  -0.013190  0.997779  0.044795  0.049300  -0.054901  0.133897  0.989473  0.037722  -0.989982  0.136059  -0.000031  -0.002577  -0.003591  -0.648086  -0.208626  0.112708  2.000000  
208.331768 -0.003248  0.083584  -0.013195  0.997768  0.044859  0.049471  -0.055106  0.134608  0.989365  0.037722  -0.989883  0.136780  0.000031  -0.002530  -0.003669  -0.648280  -0.209182  0.108436  2.000000  
208.333017 -0.003248  0.083580  -0.013200  0.997763  0.045027  0.049420  -0.055106  0.135321  0.989268  0.037856  -0.989778  0.137499  0.000066  -0.002504  -0.003720  -0.647497  -0.193795  0.105933  2.000000  
208.334027 -0.003248  0.083578  -0.013204  0.997746  0.045217  0.049578  -0.055311  0.135904  0.989177  0.037990  -0.989690  0.138099  0.000047  -0.002469  -0.003802  -0.647472  -0.193154  0.110472  2.000000  
208.335264 -0.003248  0.083575  -0.013210  0.997735  0.045281  0.049749  -0.055516  0.136615  0.989067  0.037990  -0.989589  0.138819  0.000088  -0.002421  -0.003891  -0.643706  -0.186853  0.105322  2.000000  
208.336268 -0.003248  0.083573  -0.013214  0.997730  0.045443  0.049702  -0.055516  0.137207  0.988985  0.038123  -0.989499  0.139419  0.000089  -0.002362  -0.003930  -0.641026  -0.181441  0.105418  2.000000  
208.337270 -0.003248  0.083571  -0.013218  0.997713  0.045634  0.049860  -0.055721  0.137790  0.988893  0.038257  -0.989410  0.140018  0.000069  -0.002290  -0.003958  -0.637031  -0.180810  0.110013  2.000000  
208.338517 -0.003248  0.083569  -0.013223  0.997702  0.045699  0.050030  -0.055927  0.138501  0.988782  0.038257  -0.989307  0.140738  0.000105  -0.002211  -0.003920  -0.633208  -0.174461  0.104790  2.000000  
208.339521 -0.003248  0.083568  -0.013226  0.997697  0.045855  0.049989  -0.055926  0.138973  0.988716  0.038391  -0.989234  0.141217  0.000119  -0.002099  -0.003915  -0.629204  -0.167506  0.103947  2.000000  
208.340764 -0.003248  0.083566  -0.013230  0.997680  0.046053  0.050140  -0.056132  0.139676  0.988605  0.038524  -0.989126  0.141937  0.000098  -0.002091  -0.003905  -0.624158  -0.165498  0.107657  2.000000  
208.341765 -0.003247  0.083565  -0.013234  0.997668  0.046106  0.050321  -0.056337  0.140146  0.988527  0.038524  -0.989057  0.142416  0.000081  -0.002001  -0.003920  -0.616006  -0.166013  0.103328  2.000000  
208.342768 -0.003248  0.083563  -0.013238  0.997668  0.046136  0.050293  -0.056337  0.140745  0.988442  0.038524  -0.988970  0.143016  0.000031  -0.001994  -0.003909  -0.616567  -0.152370  0.101600  2.000000  
208.344019 -0.003248  0.083562  -0.013242  0.997652  0.046328  0.050450  -0.056542  0.141328  0.988347  0.038658  -0.988878  0.143615  0.000025  -0.001917  -0.003841  -0.608420  -0.152285  0.101705  2.000000  
208.345269 -0.003249  0.083559  -0.013246  0.997635  0.046526  0.050600  -0.056747  0.142030  0.988234  0.038792  -0.988768  0.144334  -0.000062  -0.001857  -0.003781  -0.608410  -0.152214  0.101817  2.000000  
208.346275 -0.003249  0.083558  -0.013249  0.997623  0.046580  0.050781  -0.056952  0.142500  0.988155  0.038792  -0.988698  0.144814  -0.000056  -0.001781  -0.003744  -0.601447  -0.147161  0.097364  2.000000  
208.347529 -0.003250  0.083556  -0.013252  0.997611  0.046646  0.050950  -0.057158  0.143209  0.988041  0.038792  -0.988593  0.145533  -0.000124  -0.001693  -0.003627  -0.593095  -0.147647  0.093005  2.000000  
208.348768 -0.003251  0.083554  -0.013256  0.997594  0.046839  0.051106  -0.057363  0.143791  0.987944  0.038926  -0.988499  0.146132  -0.000154  -0.001610  -0.003492  -0.581352  -0.140164  0.096661  2.000000  
208.350019 -0.003251  0.083553  -0.013259  0.997594  0.046864  0.051083  -0.057363  0.144271  0.987874  0.038926  -0.988428  0.146612  -0.000190  -0.001499  -0.003357  -0.573450  -0.133878  0.091336  2.000000  
208.351267 -0.003252  0.083552  -0.013263  0.997577  0.047056  0.051239  -0.057568  0.144852  0.987777  0.039059  -0.988334  0.147210  -0.000230  -0.001397  -0.003259  -0.564632  -0.132085  0.095083  2.000000  
208.352519 -0.003252  0.083551  -0.013266  0.997565  0.047111  0.051419  -0.057773  0.145322  0.987696  0.039059  -0.988262  0.147690  -0.000262  -0.001281  -0.003093  -0.553224  -0.126883  0.090544  2.000000  
208.353519 -0.003253  0.083551  -0.013268  0.997553  0.047166  0.051600  -0.057979  0.145791  0.987615  0.039059  -0.988190  0.148169  -0.000306  -0.001201  -0.003050  -0.548458  -0.132596  0.090828  2.000000  
208.354766 -0.003253  0.083551  -0.013272  0.997541  0.047228  0.051774  -0.058184  0.146381  0.987516  0.039059  -0.988100  0.148769  -0.000355  -0.001142  -0.002962  -0.541078  -0.128057  0.081817  2.000000  
208.356012 -0.003254  0.083550  -0.013274  0.997524  0.047421  0.051929  -0.058389  0.146962  0.987417  0.039193  -0.988005  0.149367  -0.000429  -0.001087  -0.002845  -0.536370  -0.133749  0.082195  2.000000  
208.357267 -0.003254  0.083549  -0.013276  0.997500  0.047513  0.052307  -0.058800  0.147541  0.987306  0.039193  -0.987914  0.149966  -0.000446  -0.000994  -0.002697  -0.532633  -0.141270  0.078929  2.000000  
208.358513 -0.003255  0.083549  -0.013279  0.997488  0.047569  0.052487  -0.059005  0.148011  0.987224  0.039193  -0.987841  0.150446  -0.000488  -0.000920  -0.002569  -0.519832  -0.141679  0.074510  2.000000  
208.359526 -0.003256  0.083548  -0.013280  0.997488  0.047588  0.052470  -0.059005  0.148370  0.987170  0.039193  -0.987786  0.150805  -0.000537  -0.000845  -0.002432  -0.512128  -0.136603  0.069759  2.000000  
208.360762 -0.003257  0.083547  -0.013282  0.997458  0.047807  0.052833  -0.059416  0.148821  0.987077  0.039327  -0.987708  0.151284  -0.000540  -0.000775  -0.002281  -0.503738  -0.141624  0.074680  2.000000  
208.361765 -0.003258  0.083546  -0.013283  0.997458  0.047833  0.052809  -0.059416  0.149300  0.987005  0.039327  -0.987634  0.151763  -0.000550  -0.000719  -0.002168  -0.499905  -0.134782  0.073759  2.000000  
208.362769 -0.003258  0.083546  -0.013284  0.997446  0.047883  0.052995  -0.059621  0.149650  0.986940  0.039327  -0.987579  0.152122  -0.000512  -0.000667  -0.002063  -0.491496  -0.143339  0.070990  2.000000  
208.363774 -0.003259  0.083545  -0.013285  0.997434  0.047933  0.053181  -0.059826  0.149999  0.986874  0.039327  -0.987524  0.152482  -0.000543  -0.000617  -0.001946  -0.483423  -0.143985  0.066623  2.000000  
208.365022 -0.003259  0.083545  -0.013286  0.997409  0.048021  0.053564  -0.060237  0.150458  0.986780  0.039327  -0.987449  0.152961  -0.000535  -0.000534  -0.001779  -0.474842  -0.150736  0.067697  2.000000  
208.366026 -0.003259  0.083545  -0.013288  0.997397  0.048071  0.053750  -0.060442  0.150807  0.986714  0.039327  -0.987394  0.153320  -0.000496  -0.000482  -0.001673  -0.466398  -0.158196  0.064333  2.000000  
208.367267 -0.003260  0.083545  -0.013288  0.997384  0.048128  0.053929  -0.060648  0.151276  0.986629  0.039327  -0.987319  0.153799  -0.000500  -0.000448  -0.001550  -0.458623  -0.157554  0.059494  2.000000  
208.368268 -0.003260  0.083545  -0.013289  0.997372  0.048173  0.054121  -0.060853  0.151505  0.986582  0.039327  -0.987282  0.154039  -0.000498  -0.000439  -0.001417  -0.446121  -0.158833  0.060064  2.000000  
208.369519 -0.003260  0.083545  -0.013291  0.997354  0.048362  0.054280  -0.061058  0.151966  0.986498  0.039460  -0.987202  0.154517  -0.000503  -0.000405  -0.001292  -0.442148  -0.164273  0.060660  2.000000  
208.370765 -0.003261  0.083544  -0.013292  0.997341  0.048413  0.054465  -0.061263  0.152315  0.986431  0.039460  -0.987146  0.154876  -0.000489  -0.000400  -0.001195  -0.429521  -0.166276  0.056819  2.000000  
208.372013 -0.003262  0.083544  -0.013293  0.997329  0.048471  0.054645  -0.061469  0.152784  0.986346  0.039460  -0.987070  0.155355  -0.000513  -0.000393  -0.001124  -0.421949  -0.164880  0.056442  2.000000  
208.373013 -0.003262  0.083543  -0.013294  0.997316  0.048516  0.054836  -0.061674  0.153013  0.986298  0.039460  -0.987033  0.155594  -0.000510  -0.000406  -0.001061  -0.413194  -0.166891  0.052533  2.000000  
208.374018 -0.003263  0.083542  -0.013295  0.997303  0.048567  0.055022  -0.061879  0.153362  0.986231  0.039460  -0.986976  0.155953  -0.000492  -0.000411  -0.001016  -0.409499  -0.172268  0.053185  2.000000  
208.375263 -0.003264  0.083541  -0.013296  0.997285  0.048751  0.055186  -0.062084  0.153702  0.986165  0.039594  -0.986914  0.156312  -0.000484  -0.000404  -0.001000  -0.397410  -0.172266  0.053288  2.000000  
208.376264 -0.003265  0.083540  -0.013297  0.997285  0.048764  0.055174  -0.062084  0.153942  0.986128  0.039594  -0.986876  0.156551  -0.000490  -0.000424  -0.000956  -0.389672  -0.165500  0.052327  2.000000  
208.377266 -0.003265  0.083540  -0.013298  0.997272  0.048809  0.055365  -0.062290  0.154171  0.986079  0.039594  -0.986838  0.156791  -0.000459  -0.000402  -0.000939  -0.381207  -0.172215  0.053409  2.000000  
208.378266 -0.003266  0.083539  -0.013299  0.997260  0.048861  0.055551  -0.062495  0.154520  0.986011  0.039594  -0.986781  0.157150  -0.000490  -0.000424  -0.000957  -0.373086  -0.172854  0.049081  2.000000  
208.379275 -0.003266  0.083539  -0.013299  0.997241  0.049038  0.055721  -0.062700  0.154740  0.985964  0.039728  -0.986737  0.157388  -0.000484  -0.000448  -0.000948  -0.367977  -0.173569  0.053991  2.000000  
208.380523 -0.003266  0.083538  -0.013301  0.997241  0.049059  0.055703  -0.062700  0.155099  0.985907  0.039728  -0.986680  0.157747  -0.000477  -0.000472  -0.000938  -0.360047  -0.167377  0.048571  2.000000  
208.381524 -0.003267  0.083538  -0.013302  0.997228  0.049104  0.055894  -0.062905  0.155328  0.985858  0.039728  -0.986642  0.157987  -0.000497  -0.000475  -0.000918  -0.351888  -0.167356  0.048631  2.000000  
208.382767 -0.003268  0.083537  -0.013303  0.997210  0.049281  0.056064  -0.063110  0.155549  0.985810  0.039861  -0.986598  0.158225  -0.000522  -0.000522  -0.000926  -0.343811  -0.166692  0.053149  2.000000  
208.384020 -0.003269  0.083536  -0.013304  0.997210  0.049295  0.056052  -0.063110  0.155788  0.985772  0.039861  -0.986560  0.158465  -0.000571  -0.000561  -0.000863  -0.331825  -0.159823  0.052153  2.000000  
208.385266 -0.003269  0.083535  -0.013304  0.997197  0.049348  0.056237  -0.063315  0.156137  0.985704  0.039861  -0.986502  0.158824  -0.000589  -0.000599  -0.000861  -0.325044  -0.159174  0.047385  2.000000  
208.386267 -0.003270  0.083535  -0.013305  0.997179  0.049518  0.056413  -0.063520  0.156238  0.985675  0.039995  -0.986477  0.158942  -0.000599  -0.000594  -0.000822  -0.312902  -0.158471  0.051840  2.000000  
208.387524 -0.003271  0.083533  -0.013306  0.997179  0.049532  0.056401  -0.063520  0.156477  0.985637  0.039995  -0.986439  0.159182  -0.000627  -0.000673  -0.000835  -0.303446  -0.152884  0.051251  2.000000  
208.388764 -0.003273  0.083532  -0.013307  0.997160  0.049716  0.056564  -0.063725  0.156817  0.985570  0.040129  -0.986376  0.159540  -0.000666  -0.000657  -0.000813  -0.297004  -0.150967  0.055319  2.000000  
208.390018 -0.003274  0.083531  -0.013308  0.997160  0.049730  0.056552  -0.063725  0.157056  0.985532  0.040129  -0.986337  0.159779  -0.000683  -0.000688  -0.000781  -0.287474  -0.146051  0.050319  2.000000  
208.391267 -0.003275  0.083530  -0.013309  0.997142  0.049901  0.056728  -0.063930  0.157157  0.985502  0.040263  -0.986312  0.159898  -0.000689  -0.000665  -0.000791  -0.275297  -0.145368  0.054818  2.000000  
208.392512 -0.003275  0.083530  -0.013310  0.997129  0.049947  0.056918  -0.064136  0.157386  0.985452  0.040263  -0.986273  0.160137  -0.000678  -0.000654  -0.000778  -0.269029  -0.144177  0.054419  2.000000  
208.393518 -0.003276  0.083529  -0.013310  0.997129  0.049954  0.056912  -0.064136  0.157505  0.985433  0.040263  -0.986254  0.160257  -0.000702  -0.000646  -0.000708  -0.261158  -0.137360  0.053369  2.000000  
208.394520 -0.003276  0.083529  -0.013311  0.997110  0.050132  0.057082  -0.064341  0.157725  0.985385  0.040396  -0.986210  0.160495  -0.000671  -0.000625  -0.000691  -0.255146  -0.137767  0.058301  2.000000  
208.395531 -0.003277  0.083529  -0.013311  0.997110  0.050139  0.057076  -0.064341  0.157845  0.985366  0.040396  -0.986190  0.160615  -0.000693  -0.000631  -0.000666  -0.249255  -0.129839  0.056765  2.000000  
208.396772 -0.003277  0.083528  -0.013312  0.997091  0.050310  0.057251  -0.064545  0.157946  0.985336  0.040530  -0.986165  0.160733  -0.000649  -0.000657  -0.000631  -0.234996  -0.130182  0.061722  2.000000  
208.397773 -0.003277  0.083527  -0.013312  0.997091  0.050324  0.057239  -0.064545  0.158185  0.985298  0.040530  -0.986126  0.160973  -0.000642  -0.000681  -0.000621  -0.231180  -0.123327  0.060667  2.000000  
208.399018 -0.003277  0.083526  -0.013312  0.997073  0.050495  0.057414  -0.064750  0.158285  0.985268  0.040664  -0.986101  0.161091  -0.000595  -0.000672  -0.000585  -0.223324  -0.116505  0.059616  2.000000  
208.400266 -0.003277  0.083526  -0.013312  0.997059  0.050535  0.057611  -0.064956  0.158394  0.985237  0.040664  -0.986082  0.161211  -0.000522  -0.000613  -0.000508  -0.213542  -0.122543  0.060355  2.000000  
208.401267 -0.003278  0.083525  -0.013312  0.997054  0.050673  0.057583  -0.064955  0.158505  0.985219  0.040797  -0.986057  0.161330  -0.000477  -0.000638  -0.000471  -0.205314  -0.114817  0.063588  2.000000  
208.402519 -0.003278  0.083525  -0.013312  0.997040  0.050713  0.057780  -0.065161  0.158614  0.985188  0.040797  -0.986037  0.161449  -0.000419  -0.000580  -0.000394  -0.197211  -0.114792  0.063611  2.000000  
208.403764 -0.003277  0.083524  -0.013312  0.997035  0.050852  0.057752  -0.065160  0.158725  0.985170  0.040931  -0.986012  0.161568  -0.000312  -0.000562  -0.000324  -0.189391  -0.107297  0.066953  2.000000  
208.405019 -0.003277  0.083524  -0.013312  0.997022  0.050891  0.057949  -0.065365  0.158834  0.985139  0.040931  -0.985993  0.161688  -0.000235  -0.000500  -0.000242  -0.178982  -0.102045  0.061994  2.000000  
208.406264 -0.003277  0.083524  -0.013311  0.997003  0.051063  0.058124  -0.065570  0.158935  0.985109  0.041065  -0.985968  0.161806  -0.000131  -0.000450  -0.000177  -0.170872  -0.101343  0.066477  2.000000  
208.407267 -0.003276  0.083523  -0.013311  0.997003  0.051070  0.058117  -0.065570  0.159054  0.985090  0.041065  -0.985948  0.161926  -0.000032  -0.000415  -0.000119  0.000000  0.000000  0.000000  2.000000  
208.408517 -0.003275  0.083524  -0.013311  0.996984  0.051241  0.058292  -0.065775  0.159154  0.985060  0.041198  -0.985923  0.162045  0.000062  -0.000342  -0.000065  0.000000  0.000000  0.000000  2.000000  
208.409764 -0.003274  0.083524  -0.013310  0.996965  0.051406  0.058474  -0.065980  0.159135  0.985050  0.041332  -0.985918  0.162044  0.000153  -0.000302  0.000031  0.000000  0.000000  0.000000  2.000000  
208.411018 -0.003274  0.083525  -0.013310  0.996965  0.051413  0.058467  -0.065980  0.159255  0.985030  0.041332  -0.985898  0.162163  0.000232  -0.000227  0.000117  0.000000  0.000000  0.000000  2.000000  
208.412041 -0.003273  0.083525  -0.013310  0.996951  0.051446  0.058670  -0.066185  0.159244  0.985018  0.041332  -0.985898  0.162163  0.000260  -0.000185  0.000127  0.000000  0.000000  0.000000  2.000000  
208.413268 -0.003273  0.083525  -0.013309  0.996932  0.051617  0.058845  -0.066390  0.159344  0.984988  0.041466  -0.985873  0.162282  0.000300  -0.000111  0.000185  0.000000  0.000000  0.000000  2.000000  
208.414271 -0.003272  0.083526  -0.013309  0.996932  0.051617  0.058845  -0.066390  0.159344  0.984988  0.041466  -0.985873  0.162282  0.000362  -0.000044  0.000214  0.000000  0.000000  0.000000  2.000000  
208.415273 -0.003272  0.083526  -0.013309  0.996913  0.051789  0.059020  -0.066595  0.159444  0.984958  0.041599  -0.985848  0.162401  0.000381  0.000027  0.000213  0.000000  0.000000  0.000000  2.000000  
208.416521 -0.003271  0.083526  -0.013309  0.996899  0.051822  0.059223  -0.066800  0.159433  0.984946  0.041599  -0.985848  0.162401  0.000437  0.000095  0.000238  0.000000  0.000000  0.000000  2.000000  
208.417767 -0.003271  0.083526  -0.013308  0.996879  0.051993  0.059397  -0.067005  0.159533  0.984916  0.041733  -0.985822  0.162519  0.000412  0.000147  0.000255  0.000000  0.000000  0.000000  2.000000  
208.419017 -0.003271  0.083527  -0.013308  0.996879  0.051993  0.059397  -0.067005  0.159533  0.984916  0.041733  -0.985822  0.162519  0.000424  0.000214  0.000250  0.000000  0.000000  0.000000  2.000000  
208.420267 -0.003271  0.083527  -0.013308  0.996860  0.052158  0.059578  -0.067210  0.159514  0.984905  0.041867  -0.985817  0.162518  0.000411  0.000261  0.000232  0.000000  0.000000  0.000000  2.000000  
208.421513 -0.003270  0.083528  -0.013308  0.996846  0.052190  0.059781  -0.067415  0.159503  0.984893  0.041867  -0.985817  0.162518  0.000405  0.000285  0.000223  0.000000  0.000000  0.000000  2.000000  
208.422518 -0.003270  0.083529  -0.013308  0.996846  0.052198  0.059775  -0.067415  0.159623  0.984874  0.041867  -0.985797  0.162638  0.000349  0.000314  0.000223  0.000000  0.000000  0.000000  2.000000  
208.423765 -0.003270  0.083529  -0.013308  0.996827  0.052362  0.059956  -0.067620  0.159603  0.984863  0.042000  -0.985792  0.162637  0.000311  0.000316  0.000197  0.000000  0.000000  0.000000  2.000000  
208.424765 -0.003270  0.083529  -0.013308  0.996813  0.052395  0.060159  -0.067825  0.159592  0.984850  0.042000  -0.985792  0.162637  0.000247  0.000300  0.000156  0.000000  0.000000  0.000000  2.000000  
208.425769 -0.003270  0.083529  -0.013308  0.996813  0.052395  0.060159  -0.067825  0.159592  0.984850  0.042000  -0.985792  0.162637  0.000209  0.000302  0.000129  0.000000  0.000000  0.000000  2.000000  
208.427020 -0.003271  0.083529  -0.013308  0.996799  0.052428  0.060361  -0.068031  0.159581  0.984838  0.042000  -0.985792  0.162637  0.000143  0.000254  0.000093  0.000000  0.000000  0.000000  2.000000  
208.428263 -0.003271  0.083529  -0.013309  0.996779  0.052592  0.060542  -0.068235  0.159561  0.984827  0.042134  -0.985786  0.162636  0.000074  0.000233  0.000049  0.000000  0.000000  0.000000  2.000000  
208.429272 -0.003271  0.083529  -0.013309  0.996779  0.052592  0.060542  -0.068235  0.159561  0.984827  0.042134  -0.985786  0.162636  0.000044  0.000215  0.000033  0.000000  0.000000  0.000000  2.000000  
208.430524 -0.003272  0.083529  -0.013309  0.996765  0.052625  0.060745  -0.068441  0.159551  0.984814  0.042134  -0.985786  0.162636  -0.000026  0.000191  -0.000011  0.000000  0.000000  0.000000  2.000000  
208.431531 -0.003272  0.083529  -0.013309  0.996751  0.052658  0.060948  -0.068646  0.159540  0.984802  0.042134  -0.985786  0.162636  -0.000089  0.000150  -0.000046  0.000000  0.000000  0.000000  2.000000  
208.432767 -0.003273  0.083529  -0.013309  0.996751  0.052658  0.060948  -0.068646  0.159540  0.984802  0.042134  -0.985786  0.162636  -0.000082  0.000167  -0.000090  0.000000  0.000000  0.000000  2.000000  
208.433767 -0.003273  0.083529  -0.013309  0.996737  0.052691  0.061151  -0.068851  0.159529  0.984789  0.042134  -0.985786  0.162636  -0.000109  0.000124  -0.000099  0.000000  0.000000  0.000000  2.000000  
208.435018 -0.003273  0.083529  -0.013310  0.996731  0.052822  0.061129  -0.068851  0.159520  0.984791  0.042268  -0.985780  0.162635  -0.000179  0.000103  -0.000143  0.000000  0.000000  0.000000  2.000000  
208.436267 -0.003273  0.083529  -0.013310  0.996717  0.052855  0.061332  -0.069056  0.159509  0.984778  0.042268  -0.985780  0.162635  -0.000204  0.000057  -0.000152  0.000000  0.000000  0.000000  2.000000  
208.437513 -0.003273  0.083529  -0.013309  0.996703  0.052881  0.061541  -0.069261  0.159379  0.984785  0.042268  -0.985800  0.162516  -0.000212  0.000060  -0.000114  0.000000  0.000000  0.000000  2.000000  
208.438517 -0.003274  0.083529  -0.013310  0.996703  0.052881  0.061541  -0.069261  0.159379  0.984785  0.042268  -0.985800  0.162516  -0.000241  0.000014  -0.000124  0.000000  0.000000  0.000000  2.000000  
208.439528 -0.003274  0.083529  -0.013310  0.996688  0.052913  0.061744  -0.069466  0.159368  0.984772  0.042268  -0.985800  0.162516  -0.000241  0.000014  -0.000124  0.000000  0.000000  0.000000  2.000000  
208.440768 -0.003274  0.083529  -0.013310  0.996688  0.052913  0.061744  -0.069466  0.159368  0.984772  0.042268  -0.985800  0.162516  -0.000231  -0.000010  -0.000113  0.000000  0.000000  0.000000  2.000000  
208.442015 -0.003274  0.083529  -0.013309  0.996674  0.052946  0.061946  -0.069671  0.159357  0.984760  0.042268  -0.985800  0.162516  -0.000212  0.000016  -0.000061  0.000000  0.000000  0.000000  2.000000  
208.443263 -0.003274  0.083529  -0.013309  0.996674  0.052946  0.061946  -0.069671  0.159357  0.984760  0.042268  -0.985800  0.162516  -0.000174  0.000014  -0.000035  0.000000  0.000000  0.000000  2.000000  
208.444270 -0.003274  0.083529  -0.013309  0.996660  0.052979  0.062149  -0.069877  0.159346  0.984747  0.042268  -0.985800  0.162516  -0.000186  0.000018  -0.000000  0.000000  0.000000  0.000000  2.000000  
208.445532 -0.003274  0.083530  -0.013309  0.996660  0.052979  0.062149  -0.069877  0.159346  0.984747  0.042268  -0.985800  0.162516  -0.000125  0.000063  0.000035  0.000000  0.000000  0.000000  2.000000  
208.446769 -0.003274  0.083530  -0.013309  0.996645  0.053012  0.062352  -0.070082  0.159335  0.984734  0.042268  -0.985800  0.162516  -0.000094  0.000085  0.000052  0.000000  0.000000  0.000000  2.000000  
208.447772 -0.003273  0.083531  -0.013309  0.996645  0.053012  0.062352  -0.070082  0.159335  0.984734  0.042268  -0.985800  0.162516  -0.000050  0.000104  0.000034  0.000000  0.000000  0.000000  2.000000  
