1-Time 2-Px 3-Py 4-Pz 5-R11 6-R21 7-R31 8-R12 9-R22 10-R32 11-R13 12-R23 13-R33 14-Vx 15-Vy 16-Vz 17-Wx 18-Wy 19-Wz 20-state 21-PR11 22-PR21 23-PR31 24-PR12 25-PR22 26-PR32 27-PR13 28-PR23 29-PR33 
82.087531 0.000197  0.088482  -0.049485  0.988254  0.152819  0.000203  -0.152564  0.986525  0.059093  0.008831  -0.058430  0.998252  0.004902  0.003378  0.005969  0.000000  0.000000  0.000000  2.000000  
82.088533 0.000202  0.088486  -0.049479  0.988254  0.152819  0.000203  -0.152564  0.986525  0.059093  0.008831  -0.058430  0.998252  0.004900  0.003378  0.006018  0.000000  0.000000  0.000000  2.000000  
82.089535 0.000206  0.088487  -0.049473  0.988160  0.153428  0.000258  -0.153174  0.986424  0.059212  0.008831  -0.058551  0.998245  0.004867  0.003258  0.005950  0.000000  0.000000  0.000000  2.000000  
82.090783 0.000211  0.088488  -0.049466  0.988003  0.154436  0.000469  -0.154192  0.986259  0.059311  0.008697  -0.058672  0.998239  0.004798  0.003016  0.005962  0.000000  0.000000  0.000000  2.000000  
82.091784 0.000216  0.088488  -0.049461  0.987877  0.155240  0.000669  -0.155005  0.986126  0.059410  0.008563  -0.058793  0.998233  0.004758  0.002826  0.005893  0.000000  0.000000  0.000000  2.000000  
82.093036 0.000221  0.088488  -0.049454  0.987781  0.155849  0.000725  -0.155615  0.986022  0.059529  0.008563  -0.058914  0.998226  0.004674  0.002509  0.005842  0.000000  0.000000  0.000000  2.000000  
82.094036 0.000225  0.088488  -0.049448  0.987716  0.156255  0.000768  -0.156022  0.985951  0.059648  0.008563  -0.059035  0.998219  0.004595  0.002293  0.005850  0.000000  0.000000  0.000000  2.000000  
82.095280 0.000229  0.088489  -0.049441  0.987553  0.157285  0.000604  -0.157038  0.985773  0.059928  0.008831  -0.059277  0.998203  0.004526  0.002052  0.005861  0.000000  0.000000  0.000000  2.000000  
82.096532 0.000234  0.088491  -0.049432  0.987388  0.158315  0.000421  -0.158054  0.985600  0.060089  0.009098  -0.059398  0.998193  0.004378  0.001888  0.005931  0.034199  -0.014680  0.172407  2.000000  
82.097778 0.000238  0.088493  -0.049425  0.987191  0.159541  0.000402  -0.159274  0.985388  0.060349  0.009232  -0.059640  0.998177  0.004279  0.001724  0.005931  0.042755  -0.012665  0.214149  2.000000  
82.098783 0.000241  0.088494  -0.049420  0.987060  0.160352  0.000471  -0.160087  0.985249  0.060468  0.009232  -0.059761  0.998170  0.004138  0.001564  0.005859  0.047064  -0.009822  0.242011  2.000000  
82.100032 0.000246  0.088496  -0.049412  0.986894  0.161366  0.000573  -0.161103  0.985069  0.060707  0.009232  -0.060003  0.998155  0.004026  0.001424  0.005900  0.055593  -0.012309  0.283426  2.000000  
82.101034 0.000250  0.088498  -0.049403  0.986761  0.162177  0.000642  -0.161915  0.984928  0.060826  0.009232  -0.060124  0.998148  0.003999  0.001366  0.006060  0.059918  -0.013966  0.311020  2.000000  
82.102044 0.000254  0.088500  -0.049394  0.986628  0.162988  0.000712  -0.162728  0.984787  0.060945  0.009232  -0.060246  0.998141  0.003973  0.001266  0.006301  0.064228  -0.015622  0.338539  2.000000  
82.103288 0.000259  0.088501  -0.049382  0.986426  0.164204  0.000827  -0.163946  0.984570  0.061183  0.009232  -0.060488  0.998126  0.003880  0.001044  0.006593  0.072770  -0.018133  0.380024  2.000000  
82.104534 0.000265  0.088502  -0.049369  0.986288  0.165031  0.000634  -0.164758  0.984424  0.061345  0.009500  -0.060609  0.998116  0.003894  0.000958  0.006948  0.077164  -0.010829  0.408233  2.000000  
82.105537 0.000269  0.088502  -0.049359  0.986185  0.165646  0.000581  -0.165367  0.984306  0.061606  0.009633  -0.060851  0.998100  0.003884  0.000926  0.007220  0.085506  -0.003140  0.429466  2.000000  
82.106785 0.000273  0.088500  -0.049347  0.986047  0.166465  0.000540  -0.166179  0.984153  0.061866  0.009767  -0.061093  0.998084  0.003816  0.000821  0.007621  0.093983  -0.000358  0.457540  2.000000  
82.108036 0.000278  0.088497  -0.049335  0.985910  0.167275  0.000652  -0.166991  0.983993  0.062224  0.009767  -0.061456  0.998062  0.003806  0.000594  0.007942  0.106415  -0.002100  0.484900  2.000000  
82.109283 0.000283  0.088493  -0.049323  0.985772  0.168085  0.000764  -0.167803  0.983832  0.062581  0.009767  -0.061819  0.998040  0.003826  0.000291  0.008230  0.119011  -0.004269  0.519622  2.000000  
82.110530 0.000289  0.088488  -0.049313  0.985634  0.168895  0.000877  -0.168614  0.983671  0.062939  0.009767  -0.062182  0.998017  0.003920  -0.000106  0.008471  0.131493  -0.006033  0.547216  2.000000  
82.111535 0.000294  0.088485  -0.049303  0.985529  0.169502  0.000957  -0.169223  0.983551  0.063177  0.009767  -0.062424  0.998002  0.004042  -0.000445  0.008667  0.139811  -0.007352  0.567817  2.000000  
82.112784 0.000300  0.088479  -0.049293  0.985460  0.169907  0.001045  -0.169629  0.983458  0.063534  0.009767  -0.062788  0.997979  0.004186  -0.000935  0.008875  0.152147  -0.003807  0.581967  2.000000  
82.114030 0.000306  0.088472  -0.049283  0.985390  0.170311  0.001133  -0.170035  0.983365  0.063891  0.009767  -0.063151  0.997956  0.004281  -0.001519  0.009051  0.164518  -0.004754  0.595827  2.000000  
82.115278 0.000312  0.088465  -0.049274  0.985318  0.170724  0.001090  -0.170440  0.983270  0.064272  0.009901  -0.063514  0.997932  0.004395  -0.002075  0.009026  0.175468  -0.001208  0.604919  2.000000  
82.116281 0.000317  0.088460  -0.049268  0.985248  0.171128  0.001158  -0.170846  0.983184  0.064510  0.009901  -0.063756  0.997916  0.004369  -0.002606  0.008907  0.185212  -0.002138  0.623767  2.000000  
82.117284 0.000321  0.088453  -0.049261  0.985178  0.171533  0.001247  -0.171251  0.983090  0.064867  0.009901  -0.064119  0.997893  0.004352  -0.003137  0.008701  0.197569  -0.003099  0.637571  2.000000  
82.118285 0.000325  0.088447  -0.049252  0.985142  0.171735  0.001302  -0.171454  0.983039  0.065105  0.009901  -0.064361  0.997878  0.004378  -0.003599  0.008607  0.205793  -0.003601  0.644494  2.000000  
82.119535 0.000329  0.088439  -0.049242  0.985108  0.171928  0.001489  -0.171657  0.982989  0.065320  0.009767  -0.064603  0.997863  0.004325  -0.004237  0.008486  0.207968  -0.007294  0.625202  2.000000  
82.120536 0.000333  0.088432  -0.049234  0.985108  0.171928  0.001530  -0.171657  0.982973  0.065559  0.009767  -0.064845  0.997848  0.004267  -0.004608  0.008344  0.213401  -0.000844  0.596115  2.000000  
82.121783 0.000336  0.088423  -0.049223  0.985038  0.172332  0.001620  -0.172063  0.982878  0.065916  0.009767  -0.065208  0.997824  0.004196  -0.005139  0.008301  0.219576  0.004322  0.577815  2.000000  
82.123035 0.000338  0.088414  -0.049211  0.985038  0.172332  0.001662  -0.172063  0.982862  0.066154  0.009767  -0.065450  0.997808  0.004030  -0.005539  0.008260  0.223426  0.005497  0.557256  2.000000  
82.124282 0.000339  0.088404  -0.049200  0.985002  0.172534  0.001738  -0.172266  0.982802  0.066512  0.009767  -0.065814  0.997784  0.003725  -0.005905  0.008250  0.227387  0.001734  0.543297  2.000000  
82.125287 0.000339  0.088397  -0.049190  0.985002  0.172533  0.001759  -0.172266  0.982794  0.066631  0.009767  -0.065935  0.997776  0.003396  -0.006167  0.008341  0.228947  -0.000640  0.512900  2.000000  
82.126305 0.000339  0.088390  -0.049180  0.985002  0.172533  0.001801  -0.172266  0.982778  0.066869  0.009767  -0.066177  0.997760  0.003030  -0.006405  0.008348  0.232708  -0.007966  0.484462  2.000000  
82.127532 0.000338  0.088382  -0.049168  0.985001  0.172541  0.001711  -0.172265  0.982760  0.067131  0.009901  -0.066419  0.997743  0.002615  -0.006553  0.008420  0.232531  -0.005472  0.443349  2.000000  
82.128532 0.000338  0.088376  -0.049160  0.984965  0.172743  0.001746  -0.172468  0.982717  0.067250  0.009901  -0.066540  0.997735  0.002251  -0.006571  0.008435  0.232369  -0.004216  0.422700  2.000000  
82.129779 0.000336  0.088369  -0.049149  0.984965  0.172743  0.001788  -0.172468  0.982700  0.067488  0.009901  -0.066782  0.997718  0.001751  -0.006583  0.008576  0.234215  -0.002518  0.391783  2.000000  
82.130783 0.000334  0.088364  -0.049142  0.984965  0.172742  0.001830  -0.172468  0.982684  0.067726  0.009901  -0.067024  0.997702  0.001244  -0.006598  0.008659  0.235843  -0.000435  0.360530  2.000000  
82.132034 0.000331  0.088356  -0.049133  0.984967  0.172733  0.001982  -0.172468  0.982677  0.067822  0.009767  -0.067145  0.997695  0.000726  -0.006601  0.008612  0.233675  -0.003179  0.329965  2.000000  
82.133284 0.000326  0.088349  -0.049127  0.984931  0.172935  0.002038  -0.172671  0.982625  0.068060  0.009767  -0.067387  0.997679  0.000101  -0.006537  0.008357  0.233298  -0.001064  0.295646  2.000000  
82.134533 0.000322  0.088342  -0.049122  0.984931  0.172935  0.002080  -0.172671  0.982609  0.068299  0.009767  -0.067629  0.997663  -0.000507  -0.006501  0.008020  0.237096  -0.008259  0.267654  2.000000  
82.135542 0.000317  0.088335  -0.049118  0.984931  0.172934  0.002122  -0.172671  0.982592  0.068537  0.009767  -0.067871  0.997646  -0.001116  -0.006494  0.007722  0.234662  -0.011111  0.241887  2.000000  
82.136786 0.000312  0.088327  -0.049112  0.984896  0.173136  0.002157  -0.172874  0.982548  0.068656  0.009767  -0.067992  0.997638  -0.001658  -0.006440  0.007370  0.230570  -0.014311  0.221049  2.000000  
82.138045 0.000307  0.088318  -0.049105  0.984896  0.173136  0.002199  -0.172874  0.982532  0.068894  0.009767  -0.068234  0.997622  -0.002124  -0.006362  0.007046  0.230107  -0.012559  0.193253  2.000000  
82.139283 0.000302  0.088309  -0.049100  0.984896  0.173135  0.002262  -0.172874  0.982506  0.069252  0.009767  -0.068597  0.997597  -0.002576  -0.006318  0.006600  0.227735  -0.010477  0.160175  2.000000  
82.140534 0.000296  0.088301  -0.049095  0.984860  0.173337  0.002319  -0.173077  0.982454  0.069490  0.009767  -0.068839  0.997580  -0.002927  -0.006299  0.006142  0.225628  -0.009519  0.144978  2.000000  
82.141536 0.000292  0.088293  -0.049091  0.984860  0.173336  0.002340  -0.173077  0.982445  0.069609  0.009767  -0.068960  0.997572  -0.003176  -0.006339  0.005778  0.217357  -0.008645  0.131179  2.000000  
82.142783 0.000287  0.088286  -0.049085  0.984824  0.173538  0.002417  -0.173279  0.982384  0.069966  0.009767  -0.069323  0.997546  -0.003388  -0.006352  0.005414  0.219547  -0.008160  0.123251  2.000000  
82.144029 0.000283  0.088279  -0.049080  0.984823  0.173546  0.002328  -0.173279  0.982366  0.070227  0.009901  -0.069565  0.997528  -0.003589  -0.006301  0.005036  0.215380  -0.002836  0.109851  2.000000  
82.145034 0.000280  0.088274  -0.049076  0.984859  0.173344  0.002334  -0.173076  0.982393  0.070347  0.009901  -0.069686  0.997520  -0.003669  -0.006263  0.004763  0.208783  -0.005990  0.089737  2.000000  
82.146279 0.000277  0.088269  -0.049070  0.984823  0.173545  0.002391  -0.173279  0.982340  0.070585  0.009901  -0.069928  0.997503  -0.003703  -0.006127  0.004510  0.207032  -0.005505  0.082165  2.000000  
82.147283 0.000276  0.088266  -0.049065  0.984823  0.173545  0.002412  -0.173279  0.982332  0.070704  0.009901  -0.070049  0.997494  -0.003578  -0.005944  0.004440  0.198806  -0.004604  0.068469  2.000000  
82.148529 0.000274  0.088262  -0.049059  0.984823  0.173545  0.002433  -0.173279  0.982323  0.070823  0.009901  -0.070170  0.997486  -0.003448  -0.005732  0.004451  0.194730  0.000296  0.061934  2.000000  
82.149530 0.000273  0.088259  -0.049055  0.984823  0.173544  0.002475  -0.173279  0.982306  0.071061  0.009901  -0.070412  0.997469  -0.003252  -0.005503  0.004454  0.194646  0.000744  0.055081  2.000000  
82.150532 0.000272  0.088257  -0.049051  0.984824  0.173535  0.002628  -0.173279  0.982299  0.071157  0.009767  -0.070533  0.997462  -0.003033  -0.005230  0.004425  0.190594  -0.003717  0.054778  2.000000  
82.151539 0.000271  0.088254  -0.049047  0.984824  0.173534  0.002649  -0.173279  0.982290  0.071277  0.009767  -0.070654  0.997453  -0.002833  -0.004997  0.004380  0.183840  -0.002820  0.041413  2.000000  
82.152783 0.000270  0.088251  -0.049041  0.984823  0.173543  0.002538  -0.173279  0.982280  0.071419  0.009901  -0.070775  0.997443  -0.002496  -0.004567  0.004315  0.179818  0.001659  0.041731  2.000000  
82.154045 0.000270  0.088248  -0.049035  0.984859  0.173340  0.002566  -0.173076  0.982298  0.071658  0.009901  -0.071017  0.997426  -0.002121  -0.004146  0.004397  0.175519  0.002592  0.027910  2.000000  
82.155285 0.000271  0.088245  -0.049030  0.984859  0.173340  0.002608  -0.173076  0.982281  0.071896  0.009901  -0.071259  0.997409  -0.001694  -0.003763  0.004420  0.178185  0.002567  0.027691  2.000000  
82.156534 0.000273  0.088242  -0.049024  0.984859  0.173339  0.002650  -0.173076  0.982263  0.072134  0.009901  -0.071501  0.997391  -0.001261  -0.003396  0.004452  0.175578  -0.001907  0.027611  2.000000  
82.157536 0.000275  0.088240  -0.049019  0.984859  0.173339  0.002692  -0.173076  0.982246  0.072373  0.009901  -0.071743  0.997374  -0.000851  -0.003066  0.004499  0.179657  -0.001912  0.027611  2.000000  
82.158782 0.000277  0.088238  -0.049013  0.984824  0.173531  0.002880  -0.173279  0.982194  0.072587  0.009767  -0.071985  0.997358  -0.000382  -0.002784  0.004536  0.178182  -0.006352  0.027074  2.000000  
82.159784 0.000279  0.088236  -0.049009  0.984823  0.173539  0.002791  -0.173279  0.982175  0.072849  0.009901  -0.072227  0.997339  -0.000053  -0.002564  0.004554  0.183800  -0.001924  0.027620  2.000000  
82.161033 0.000283  0.088234  -0.049003  0.984823  0.173539  0.002833  -0.173279  0.982157  0.073087  0.009901  -0.072468  0.997322  0.000352  -0.002325  0.004559  0.182243  -0.001915  0.027385  2.000000  
82.162042 0.000286  0.088234  -0.048998  0.984823  0.173538  0.002854  -0.173279  0.982148  0.073206  0.009901  -0.072589  0.997313  0.000630  -0.002191  0.004575  0.179586  0.002550  0.027913  2.000000  
82.163283 0.000289  0.088232  -0.048992  0.984823  0.173538  0.002896  -0.173279  0.982130  0.073444  0.009901  -0.072831  0.997295  0.001052  -0.001986  0.004563  0.182153  0.003006  0.020849  2.000000  
82.164530 0.000293  0.088232  -0.048985  0.984787  0.173739  0.002953  -0.173482  0.982077  0.073682  0.009901  -0.073073  0.997277  0.001388  -0.001794  0.004633  0.182231  0.002518  0.027696  2.000000  
82.165534 0.000296  0.088232  -0.048980  0.984787  0.173739  0.002974  -0.173482  0.982068  0.073801  0.009901  -0.073194  0.997269  0.001646  -0.001618  0.004710  0.178220  0.002513  0.027702  2.000000  
82.166534 0.000298  0.088232  -0.048975  0.984752  0.173940  0.003032  -0.173685  0.982014  0.074039  0.009901  -0.073436  0.997251  0.001837  -0.001444  0.004788  0.182250  0.002508  0.027700  2.000000  
82.167780 0.000302  0.088233  -0.048968  0.984753  0.173930  0.003184  -0.173685  0.982007  0.074135  0.009767  -0.073557  0.997243  0.002100  -0.001201  0.004919  0.178189  -0.001946  0.027382  2.000000  
82.168788 0.000304  0.088233  -0.048962  0.984717  0.174132  0.003221  -0.173888  0.981962  0.074253  0.009767  -0.073678  0.997234  0.002261  -0.001008  0.004971  0.175654  -0.002459  0.034510  2.000000  
82.170049 0.000306  0.088234  -0.048954  0.984716  0.174141  0.003132  -0.173887  0.981942  0.074514  0.009901  -0.073920  0.997215  0.002384  -0.000723  0.005125  0.175500  0.002511  0.027914  2.000000  
82.171283 0.000309  0.088235  -0.048945  0.984680  0.174343  0.003168  -0.174090  0.981897  0.074633  0.009901  -0.074041  0.997206  0.002442  -0.000486  0.005354  0.171600  0.002012  0.034835  2.000000  
82.172536 0.000311  0.088236  -0.048936  0.984680  0.174342  0.003210  -0.174090  0.981879  0.074871  0.009901  -0.074283  0.997188  0.002413  -0.000240  0.005537  0.000000  0.000000  0.000000  2.000000  
82.173784 0.000313  0.088237  -0.048927  0.984644  0.174543  0.003268  -0.174293  0.981825  0.075109  0.009901  -0.074525  0.997170  0.002382  0.000005  0.005769  0.000000  0.000000  0.000000  2.000000  
82.175035 0.000314  0.088238  -0.048918  0.984608  0.174745  0.003305  -0.174496  0.981780  0.075227  0.009901  -0.074646  0.997161  0.002244  0.000211  0.005945  0.000000  0.000000  0.000000  2.000000  
82.176036 0.000314  0.088239  -0.048912  0.984572  0.174946  0.003363  -0.174698  0.981726  0.075464  0.009901  -0.074888  0.997143  0.002105  0.000317  0.006121  0.000000  0.000000  0.000000  2.000000  
82.177046 0.000315  0.088239  -0.048906  0.984572  0.174946  0.003384  -0.174698  0.981717  0.075584  0.009901  -0.075009  0.997134  0.001938  0.000404  0.006182  0.000000  0.000000  0.000000  2.000000  
82.178287 0.000315  0.088239  -0.048898  0.984536  0.175147  0.003442  -0.174901  0.981662  0.075821  0.009901  -0.075251  0.997116  0.001665  0.000451  0.006248  0.171744  -0.004024  0.055196  2.000000  
82.179530 0.000313  0.088239  -0.048891  0.984536  0.175147  0.003463  -0.174901  0.981653  0.075940  0.009901  -0.075371  0.997106  0.001325  0.000453  0.006329  0.000000  0.000000  0.000000  2.000000  
82.180531 0.000313  0.088238  -0.048886  0.984500  0.175348  0.003500  -0.175104  0.981608  0.076058  0.009901  -0.075492  0.997097  0.001136  0.000432  0.006334  0.000000  0.000000  0.000000  2.000000  
82.181535 0.000312  0.088238  -0.048880  0.984500  0.175348  0.003521  -0.175104  0.981599  0.076178  0.009901  -0.075613  0.997088  0.000838  0.000421  0.006287  0.000000  0.000000  0.000000  2.000000  
82.182781 0.000310  0.088237  -0.048874  0.984464  0.175549  0.003580  -0.175306  0.981544  0.076415  0.009901  -0.075855  0.997070  0.000511  0.000301  0.006275  0.170510  -0.005032  0.068442  2.000000  
82.183781 0.000309  0.088236  -0.048869  0.984464  0.175549  0.003601  -0.175306  0.981535  0.076534  0.009901  -0.075976  0.997060  0.000330  0.000212  0.006181  0.000000  0.000000  0.000000  2.000000  
82.184782 0.000307  0.088236  -0.048864  0.984428  0.175750  0.003659  -0.175509  0.981480  0.076771  0.009901  -0.076218  0.997042  0.000077  0.000138  0.006104  0.170642  -0.006068  0.082126  2.000000  
82.185788 0.000306  0.088235  -0.048859  0.984428  0.175750  0.003681  -0.175509  0.981471  0.076890  0.009901  -0.076339  0.997033  -0.000190  0.000022  0.005931  0.000000  0.000000  0.000000  2.000000  
82.187047 0.000304  0.088235  -0.048853  0.984428  0.175749  0.003702  -0.175509  0.981461  0.077009  0.009901  -0.076460  0.997023  -0.000462  -0.000099  0.005745  0.000000  0.000000  0.000000  2.000000  
82.188283 0.000301  0.088233  -0.048846  0.984428  0.175748  0.003745  -0.175509  0.981443  0.077248  0.009901  -0.076702  0.997005  -0.000761  -0.000268  0.005604  0.000000  0.000000  0.000000  2.000000  
82.189284 0.000299  0.088232  -0.048841  0.984428  0.175748  0.003766  -0.175509  0.981433  0.077367  0.009901  -0.076823  0.996996  -0.000960  -0.000372  0.005459  0.000000  0.000000  0.000000  2.000000  
82.190533 0.000298  0.088231  -0.048835  0.984392  0.175949  0.003825  -0.175712  0.981378  0.077604  0.009901  -0.077065  0.996977  -0.001108  -0.000474  0.005382  0.000000  0.000000  0.000000  2.000000  
82.191537 0.000296  0.088231  -0.048829  0.984392  0.175948  0.003846  -0.175712  0.981369  0.077723  0.009901  -0.077186  0.996968  -0.001248  -0.000566  0.005314  0.000000  0.000000  0.000000  2.000000  
82.192784 0.000294  0.088229  -0.048822  0.984392  0.175948  0.003867  -0.175712  0.981359  0.077842  0.009901  -0.077306  0.996958  -0.001361  -0.000645  0.005264  0.000000  0.000000  0.000000  2.000000  
82.194031 0.000292  0.088229  -0.048814  0.984392  0.175947  0.003889  -0.175712  0.981350  0.077961  0.009901  -0.077427  0.996949  -0.001476  -0.000720  0.005252  0.000000  0.000000  0.000000  2.000000  
82.195279 0.000291  0.088228  -0.048807  0.984428  0.175745  0.003894  -0.175509  0.981377  0.078081  0.009901  -0.077548  0.996939  -0.001502  -0.000707  0.005283  0.000000  0.000000  0.000000  2.000000  
82.196280 0.000289  0.088227  -0.048802  0.984428  0.175744  0.003915  -0.175509  0.981367  0.078200  0.009901  -0.077669  0.996930  -0.001515  -0.000743  0.005331  0.000000  0.000000  0.000000  2.000000  
82.197280 0.000288  0.088227  -0.048796  0.984428  0.175744  0.003937  -0.175509  0.981358  0.078319  0.009901  -0.077790  0.996921  -0.001474  -0.000686  0.005343  0.000000  0.000000  0.000000  2.000000  
82.198281 0.000288  0.088227  -0.048792  0.984428  0.175743  0.003958  -0.175509  0.981348  0.078438  0.009901  -0.077911  0.996911  -0.001440  -0.000664  0.005313  0.000000  0.000000  0.000000  2.000000  
82.199531 0.000287  0.088227  -0.048786  0.984428  0.175743  0.003979  -0.175509  0.981339  0.078557  0.009901  -0.078032  0.996902  -0.001349  -0.000632  0.005314  0.000000  0.000000  0.000000  2.000000  
82.200531 0.000287  0.088227  -0.048781  0.984428  0.175743  0.003979  -0.175509  0.981339  0.078557  0.009901  -0.078032  0.996902  -0.001268  -0.000581  0.005308  0.000000  0.000000  0.000000  2.000000  
82.201539 0.000287  0.088227  -0.048776  0.984428  0.175743  0.004000  -0.175509  0.981329  0.078676  0.009901  -0.078153  0.996892  -0.001138  -0.000525  0.005271  0.000000  0.000000  0.000000  2.000000  
82.202540 0.000287  0.088227  -0.048772  0.984428  0.175742  0.004022  -0.175509  0.981319  0.078795  0.009901  -0.078274  0.996883  -0.001036  -0.000457  0.005223  0.000000  0.000000  0.000000  2.000000  
82.203783 0.000288  0.088227  -0.048766  0.984428  0.175742  0.004043  -0.175509  0.981310  0.078914  0.009901  -0.078395  0.996873  -0.000858  -0.000372  0.005169  0.000000  0.000000  0.000000  2.000000  
82.204783 0.000288  0.088227  -0.048762  0.984428  0.175741  0.004064  -0.175509  0.981300  0.079033  0.009901  -0.078516  0.996864  -0.000702  -0.000333  0.005101  0.000000  0.000000  0.000000  2.000000  
82.206039 0.000289  0.088227  -0.048756  0.984428  0.175741  0.004086  -0.175509  0.981291  0.079152  0.009901  -0.078637  0.996854  -0.000522  -0.000247  0.005041  0.000000  0.000000  0.000000  2.000000  
82.207048 0.000289  0.088227  -0.048751  0.984428  0.175740  0.004107  -0.175509  0.981281  0.079271  0.009901  -0.078758  0.996845  -0.000407  -0.000204  0.004949  0.000000  0.000000  0.000000  2.000000  
82.208283 0.000290  0.088227  -0.048746  0.984428  0.175740  0.004128  -0.175509  0.981272  0.079390  0.009901  -0.078878  0.996835  -0.000213  -0.000142  0.004808  0.000000  0.000000  0.000000  2.000000  
82.209283 0.000290  0.088227  -0.048741  0.984392  0.175941  0.004166  -0.175712  0.981226  0.079508  0.009901  -0.078999  0.996825  -0.000101  -0.000101  0.004765  0.000000  0.000000  0.000000  2.000000  
82.210531 0.000291  0.088228  -0.048735  0.984391  0.175951  0.004056  -0.175711  0.981214  0.079651  0.010035  -0.079120  0.996815  0.000081  -0.000014  0.004661  0.000000  0.000000  0.000000  2.000000  
82.211532 0.000292  0.088228  -0.048730  0.984391  0.175950  0.004077  -0.175711  0.981205  0.079770  0.010035  -0.079241  0.996805  0.000211  0.000074  0.004677  0.000000  0.000000  0.000000  2.000000  
82.212779 0.000293  0.088230  -0.048724  0.984391  0.175950  0.004077  -0.175711  0.981205  0.079770  0.010035  -0.079241  0.996805  0.000345  0.000231  0.004669  0.000000  0.000000  0.000000  2.000000  
82.213784 0.000294  0.088232  -0.048719  0.984354  0.176152  0.004115  -0.175914  0.981159  0.079888  0.010035  -0.079362  0.996795  0.000433  0.000353  0.004693  0.000000  0.000000  0.000000  2.000000  
82.215034 0.000295  0.088234  -0.048712  0.984354  0.176152  0.004115  -0.175914  0.981159  0.079888  0.010035  -0.079362  0.996795  0.000541  0.000492  0.004746  0.000000  0.000000  0.000000  2.000000  
82.216280 0.000296  0.088236  -0.048705  0.984354  0.176151  0.004137  -0.175914  0.981149  0.080007  0.010035  -0.079483  0.996786  0.000622  0.000643  0.004809  0.000000  0.000000  0.000000  2.000000  
82.217281 0.000297  0.088238  -0.048700  0.984318  0.176353  0.004174  -0.176117  0.981103  0.080125  0.010035  -0.079604  0.996776  0.000662  0.000736  0.004879  0.000000  0.000000  0.000000  2.000000  
82.218286 0.000298  0.088239  -0.048695  0.984318  0.176353  0.004174  -0.176117  0.981103  0.080125  0.010035  -0.079604  0.996776  0.000692  0.000854  0.004940  0.000000  0.000000  0.000000  2.000000  
82.219287 0.000298  0.088241  -0.048688  0.984318  0.176352  0.004196  -0.176117  0.981093  0.080244  0.010035  -0.079725  0.996766  0.000715  0.000942  0.005030  0.000000  0.000000  0.000000  2.000000  
82.220540 0.000299  0.088242  -0.048683  0.984282  0.176554  0.004234  -0.176319  0.981047  0.080362  0.010035  -0.079846  0.996757  0.000714  0.001040  0.005077  0.000000  0.000000  0.000000  2.000000  
82.221783 0.000299  0.088243  -0.048676  0.984282  0.176554  0.004234  -0.176319  0.981047  0.080362  0.010035  -0.079846  0.996757  0.000674  0.001071  0.005124  0.000000  0.000000  0.000000  2.000000  
82.223035 0.000300  0.088244  -0.048669  0.984244  0.176766  0.004140  -0.176522  0.980999  0.080504  0.010169  -0.079966  0.996746  0.000682  0.001142  0.005177  0.000000  0.000000  0.000000  2.000000  
82.224035 0.000300  0.088244  -0.048665  0.984244  0.176765  0.004162  -0.176522  0.980989  0.080623  0.010169  -0.080087  0.996736  0.000641  0.001146  0.005157  0.000000  0.000000  0.000000  2.000000  
82.225285 0.000300  0.088244  -0.048659  0.984208  0.176967  0.004200  -0.176724  0.980943  0.080741  0.010169  -0.080208  0.996726  0.000587  0.001122  0.005211  0.000000  0.000000  0.000000  2.000000  
82.226286 0.000300  0.088244  -0.048654  0.984208  0.176966  0.004221  -0.176724  0.980933  0.080860  0.010169  -0.080329  0.996717  0.000568  0.001075  0.005153  0.000000  0.000000  0.000000  2.000000  
82.227534 0.000301  0.088245  -0.048648  0.984171  0.177168  0.004260  -0.176927  0.980887  0.080978  0.010169  -0.080450  0.996707  0.000521  0.000979  0.005176  0.000000  0.000000  0.000000  2.000000  
82.228535 0.000301  0.088245  -0.048642  0.984171  0.177168  0.004260  -0.176927  0.980887  0.080978  0.010169  -0.080450  0.996707  0.000477  0.000884  0.005154  0.000000  0.000000  0.000000  2.000000  
82.229778 0.000301  0.088246  -0.048636  0.984134  0.177380  0.004167  -0.177129  0.980839  0.081120  0.010302  -0.080571  0.996696  0.000420  0.000774  0.005138  0.000000  0.000000  0.000000  2.000000  
82.230779 0.000301  0.088246  -0.048631  0.984134  0.177379  0.004188  -0.177129  0.980829  0.081239  0.010302  -0.080692  0.996686  0.000386  0.000693  0.005158  0.000000  0.000000  0.000000  2.000000  
82.231781 0.000302  0.088247  -0.048625  0.984097  0.177581  0.004205  -0.177332  0.980792  0.081238  0.010302  -0.080692  0.996686  0.000352  0.000633  0.005152  0.000000  0.000000  0.000000  2.000000  
82.233035 0.000302  0.088246  -0.048618  0.984097  0.177581  0.004226  -0.177332  0.980783  0.081357  0.010302  -0.080813  0.996676  0.000305  0.000476  0.005162  0.000000  0.000000  0.000000  2.000000  
82.234279 0.000302  0.088246  -0.048611  0.984061  0.177782  0.004265  -0.177535  0.980736  0.081475  0.010302  -0.080933  0.996666  0.000206  0.000376  0.005173  0.000000  0.000000  0.000000  2.000000  
82.235287 0.000302  0.088247  -0.048605  0.984024  0.177984  0.004281  -0.177737  0.980699  0.081474  0.010302  -0.080933  0.996666  0.000197  0.000309  0.005252  0.000000  0.000000  0.000000  2.000000  
82.236534 0.000302  0.088246  -0.048597  0.984023  0.177994  0.004172  -0.177737  0.980688  0.081617  0.010436  -0.081054  0.996655  0.000170  0.000228  0.005341  0.000000  0.000000  0.000000  2.000000  
82.237538 0.000301  0.088246  -0.048590  0.983986  0.178196  0.004189  -0.177939  0.980651  0.081616  0.010436  -0.081054  0.996655  0.000148  0.000183  0.005464  0.000000  0.000000  0.000000  2.000000  
82.238783 0.000301  0.088246  -0.048582  0.983949  0.178397  0.004227  -0.178142  0.980604  0.081734  0.010436  -0.081175  0.996645  0.000077  0.000107  0.005577  0.000000  0.000000  0.000000  2.000000  
82.239784 0.000301  0.088245  -0.048576  0.983913  0.178599  0.004266  -0.178345  0.980558  0.081852  0.010436  -0.081296  0.996635  0.000053  0.000060  0.005707  0.000000  0.000000  0.000000  2.000000  
82.241035 0.000300  0.088245  -0.048568  0.983875  0.178811  0.004173  -0.178547  0.980509  0.081994  0.010570  -0.081417  0.996624  0.000018  0.000008  0.005788  0.000000  0.000000  0.000000  2.000000  
82.242046 0.000300  0.088244  -0.048562  0.983838  0.179013  0.004190  -0.178749  0.980472  0.081993  0.010570  -0.081417  0.996624  -0.000007  -0.000040  0.005911  0.000000  0.000000  0.000000  2.000000  
82.243283 0.000300  0.088243  -0.048554  0.983801  0.179214  0.004228  -0.178952  0.980425  0.082111  0.010570  -0.081538  0.996614  -0.000072  -0.000111  0.005975  0.000000  0.000000  0.000000  2.000000  
82.244531 0.000299  0.088243  -0.048547  0.983763  0.179426  0.004136  -0.179154  0.980377  0.082253  0.010704  -0.081658  0.996603  -0.000159  -0.000204  0.006032  0.000000  0.000000  0.000000  2.000000  
82.245531 0.000299  0.088242  -0.048541  0.983726  0.179627  0.004175  -0.179357  0.980330  0.082371  0.010704  -0.081779  0.996593  -0.000188  -0.000254  0.006114  0.000000  0.000000  0.000000  2.000000  
82.246779 0.000298  0.088241  -0.048534  0.983689  0.179829  0.004213  -0.179559  0.980283  0.082489  0.010704  -0.081900  0.996583  -0.000266  -0.000366  0.006067  0.000000  0.000000  0.000000  2.000000  
82.247781 0.000297  0.088240  -0.048528  0.983652  0.180031  0.004230  -0.179762  0.980246  0.082488  0.010704  -0.081900  0.996583  -0.000334  -0.000416  0.006139  0.000000  0.000000  0.000000  2.000000  
82.249034 0.000296  0.088239  -0.048520  0.983578  0.180434  0.004286  -0.180167  0.980161  0.082605  0.010704  -0.082021  0.996573  -0.000356  -0.000463  0.006124  0.000000  0.000000  0.000000  2.000000  
82.250042 0.000296  0.088238  -0.048514  0.983541  0.180635  0.004325  -0.180369  0.980114  0.082723  0.010704  -0.082142  0.996563  -0.000404  -0.000559  0.006148  0.000000  0.000000  0.000000  2.000000  
82.251283 0.000295  0.088237  -0.048506  0.983502  0.180847  0.004233  -0.180572  0.980065  0.082866  0.010837  -0.082263  0.996552  -0.000438  -0.000574  0.006169  0.000000  0.000000  0.000000  2.000000  
82.252287 0.000294  0.088237  -0.048500  0.983465  0.181049  0.004250  -0.180774  0.980028  0.082865  0.010837  -0.082263  0.996552  -0.000491  -0.000642  0.006143  0.000000  0.000000  0.000000  2.000000  
82.253300 0.000293  0.088236  -0.048494  0.983428  0.181250  0.004289  -0.180976  0.979980  0.082983  0.010837  -0.082384  0.996542  -0.000525  -0.000672  0.006130  0.000000  0.000000  0.000000  2.000000  
82.254532 0.000293  0.088234  -0.048485  0.983353  0.181653  0.004345  -0.181381  0.979896  0.083100  0.010837  -0.082505  0.996532  -0.000545  -0.000710  0.006115  0.000000  0.000000  0.000000  2.000000  
82.255536 0.000292  0.088234  -0.048478  0.983314  0.181865  0.004231  -0.181584  0.979856  0.083123  0.010971  -0.082504  0.996530  -0.000596  -0.000718  0.006197  0.000000  0.000000  0.000000  2.000000  
82.256786 0.000291  0.088233  -0.048470  0.983239  0.182268  0.004288  -0.181988  0.979771  0.083240  0.010971  -0.082625  0.996520  -0.000600  -0.000719  0.006249  0.079391  0.012239  0.181563  2.000000  
82.258045 0.000290  0.088233  -0.048462  0.983202  0.182470  0.004327  -0.182191  0.979723  0.083358  0.010971  -0.082746  0.996510  -0.000645  -0.000715  0.006266  0.079339  0.012209  0.181445  2.000000  
82.259282 0.000290  0.088233  -0.048453  0.983125  0.182883  0.004252  -0.182595  0.979636  0.083499  0.011105  -0.082867  0.996499  -0.000625  -0.000661  0.006361  0.079535  0.011060  0.195293  2.000000  
82.260284 0.000289  0.088233  -0.048446  0.983088  0.183085  0.004269  -0.182798  0.979598  0.083499  0.011105  -0.082867  0.996499  -0.000643  -0.000645  0.006416  0.075454  0.011047  0.195283  2.000000  
82.261536 0.000289  0.088232  -0.048438  0.983012  0.183488  0.004326  -0.183203  0.979513  0.083616  0.011105  -0.082988  0.996489  -0.000628  -0.000599  0.006518  0.079601  0.010469  0.202170  2.000000  
82.262779 0.000288  0.088232  -0.048430  0.982937  0.183891  0.004383  -0.183607  0.979427  0.083733  0.011105  -0.083109  0.996479  -0.000637  -0.000567  0.006546  0.079778  0.009313  0.216040  2.000000  
82.264033 0.000287  0.088231  -0.048422  0.982898  0.184103  0.004269  -0.183809  0.979387  0.083756  0.011239  -0.083109  0.996477  -0.000650  -0.000543  0.006587  0.075689  0.013779  0.216336  2.000000  
82.265280 0.000286  0.088231  -0.048414  0.982822  0.184506  0.004326  -0.184214  0.979301  0.083873  0.011239  -0.083229  0.996467  -0.000673  -0.000493  0.006624  0.079205  0.013093  0.221457  2.000000  
82.266529 0.000285  0.088230  -0.048406  0.982746  0.184909  0.004383  -0.184619  0.979215  0.083990  0.011239  -0.083350  0.996457  -0.000659  -0.000420  0.006589  0.079364  0.007491  0.234760  2.000000  
82.267534 0.000284  0.088230  -0.048400  0.982670  0.185311  0.004440  -0.185023  0.979128  0.084107  0.011239  -0.083471  0.996447  -0.000687  -0.000440  0.006523  0.083477  0.006912  0.241584  2.000000  
82.268536 0.000283  0.088229  -0.048394  0.982592  0.185725  0.004343  -0.185428  0.979050  0.084130  0.011373  -0.083471  0.996445  -0.000668  -0.000397  0.006502  0.080177  0.010866  0.250834  2.000000  
82.269540 0.000283  0.088229  -0.048388  0.982554  0.185926  0.004383  -0.185630  0.979001  0.084248  0.011373  -0.083592  0.996435  -0.000665  -0.000395  0.006455  0.080165  0.010834  0.250796  2.000000  
82.270786 0.000282  0.088228  -0.048380  0.982477  0.186329  0.004441  -0.186034  0.978915  0.084365  0.011373  -0.083713  0.996425  -0.000620  -0.000399  0.006432  0.080274  0.005752  0.257373  2.000000  
82.272035 0.000282  0.088227  -0.048373  0.982361  0.186944  0.004384  -0.186641  0.978787  0.084506  0.011506  -0.083833  0.996413  -0.000614  -0.000393  0.006374  0.083850  0.009003  0.269383  2.000000  
82.273036 0.000282  0.088227  -0.048367  0.982284  0.187346  0.004442  -0.187045  0.978700  0.084623  0.011506  -0.083954  0.996403  -0.000570  -0.000396  0.006346  0.084591  0.008469  0.278415  2.000000  
82.274045 0.000281  0.088226  -0.048360  0.982205  0.187760  0.004346  -0.187450  0.978620  0.084646  0.011640  -0.083954  0.996402  -0.000559  -0.000424  0.006309  0.080586  0.012357  0.285598  2.000000  
82.275288 0.000281  0.088226  -0.048352  0.982128  0.188163  0.004403  -0.187854  0.978533  0.084763  0.011640  -0.084075  0.996391  -0.000515  -0.000428  0.006285  0.080697  0.007270  0.292173  2.000000  
82.276533 0.000281  0.088225  -0.048344  0.982010  0.188778  0.004348  -0.188460  0.978404  0.084904  0.011774  -0.084196  0.996380  -0.000490  -0.000472  0.006238  0.080878  0.010567  0.306358  2.000000  
82.277781 0.000281  0.088225  -0.048336  0.981933  0.189180  0.004383  -0.188864  0.978326  0.084902  0.011774  -0.084196  0.996380  -0.000451  -0.000482  0.006271  0.080978  0.009995  0.313342  2.000000  
82.278781 0.000281  0.088224  -0.048330  0.981853  0.189594  0.004310  -0.189268  0.978236  0.085044  0.011908  -0.084316  0.996368  -0.000396  -0.000511  0.006248  0.080994  0.014439  0.313697  2.000000  
82.280029 0.000281  0.088223  -0.048322  0.981735  0.190208  0.004255  -0.189875  0.978106  0.085185  0.012042  -0.084437  0.996356  -0.000345  -0.000534  0.006260  0.080524  0.017588  0.325247  2.000000  
82.281034 0.000281  0.088223  -0.048315  0.981656  0.190611  0.004290  -0.190279  0.978027  0.085184  0.012042  -0.084437  0.996356  -0.000267  -0.000522  0.006258  0.077186  0.012650  0.334347  2.000000  
82.282043 0.000281  0.088222  -0.048309  0.981537  0.191226  0.004235  -0.190885  0.977897  0.085325  0.012175  -0.084558  0.996344  -0.000228  -0.000519  0.006269  0.081432  0.015954  0.348460  2.000000  
82.283282 0.000281  0.088220  -0.048301  0.981417  0.191840  0.004180  -0.191491  0.977766  0.085466  0.012309  -0.084679  0.996332  -0.000199  -0.000595  0.006281  0.081003  0.019092  0.359906  2.000000  
82.284532 0.000281  0.088220  -0.048293  0.981297  0.192455  0.004102  -0.192096  0.977645  0.085489  0.012443  -0.084679  0.996331  -0.000117  -0.000603  0.006323  0.077012  0.022929  0.366887  2.000000  
82.285541 0.000281  0.088218  -0.048287  0.981178  0.193058  0.004178  -0.192702  0.977516  0.085606  0.012443  -0.084799  0.996320  -0.000093  -0.000662  0.006340  0.081898  0.017455  0.383267  2.000000  
82.286787 0.000281  0.088217  -0.048279  0.981056  0.193684  0.003993  -0.193308  0.977382  0.085773  0.012711  -0.084920  0.996307  -0.000031  -0.000718  0.006370  0.081371  0.025582  0.387774  2.000000  
82.288036 0.000282  0.088215  -0.048272  0.980935  0.194298  0.003938  -0.193913  0.977249  0.085915  0.012844  -0.085041  0.996295  -0.000005  -0.000783  0.006324  0.081585  0.028836  0.401948  2.000000  
82.289038 0.000282  0.088214  -0.048265  0.980813  0.194913  0.003861  -0.194519  0.977127  0.085938  0.012978  -0.085040  0.996293  0.000028  -0.000858  0.006294  0.078291  0.028459  0.412021  2.000000  
82.290045 0.000282  0.088212  -0.048260  0.980731  0.195326  0.003789  -0.194922  0.977034  0.086081  0.013112  -0.085161  0.996281  0.000045  -0.000994  0.006256  0.082465  0.032328  0.419225  2.000000  
82.291285 0.000283  0.088209  -0.048252  0.980568  0.196141  0.003753  -0.195729  0.976860  0.086223  0.013246  -0.085282  0.996269  0.000085  -0.001097  0.006276  0.082692  0.035607  0.433558  2.000000  
82.292533 0.000283  0.088206  -0.048243  0.980403  0.196967  0.003586  -0.196536  0.976683  0.086390  0.013513  -0.085402  0.996255  0.000112  -0.001273  0.006286  0.082906  0.043344  0.448037  2.000000  
82.293780 0.000283  0.088203  -0.048235  0.980280  0.197581  0.003533  -0.197141  0.976549  0.086533  0.013647  -0.085523  0.996243  0.000122  -0.001402  0.006281  0.087234  0.042159  0.461930  2.000000  
82.295036 0.000283  0.088199  -0.048227  0.980114  0.198408  0.003343  -0.197948  0.976381  0.086583  0.013915  -0.085523  0.996239  0.000157  -0.001599  0.006301  0.083368  0.049912  0.476344  2.000000  
82.296280 0.000283  0.088196  -0.048219  0.979947  0.199234  0.003177  -0.198754  0.976202  0.086751  0.014182  -0.085643  0.996225  0.000185  -0.001777  0.006315  0.083618  0.057654  0.490964  2.000000  
82.297282 0.000284  0.088193  -0.048211  0.979781  0.200049  0.003142  -0.199560  0.976025  0.086894  0.014316  -0.085764  0.996213  0.000228  -0.001907  0.006428  0.087179  0.060433  0.500970  2.000000  
82.298529 0.000285  0.088190  -0.048203  0.979612  0.200874  0.002977  -0.200366  0.975845  0.087063  0.014584  -0.085884  0.996198  0.000264  -0.002006  0.006485  0.087475  0.063667  0.515137  2.000000  
82.299531 0.000285  0.088187  -0.048195  0.979445  0.201689  0.002918  -0.201173  0.975677  0.087087  0.014717  -0.085884  0.996196  0.000275  -0.002155  0.006580  0.083739  0.066340  0.536074  2.000000  
82.300778 0.000285  0.088183  -0.048185  0.979234  0.202716  0.002771  -0.202180  0.975454  0.087256  0.014985  -0.086005  0.996182  0.000296  -0.002333  0.006688  0.084077  0.073414  0.557326  2.000000  
82.301796 0.000286  0.088180  -0.048178  0.979063  0.203541  0.002607  -0.202985  0.975271  0.087427  0.015252  -0.086125  0.996168  0.000302  -0.002468  0.006747  0.084930  0.077805  0.568914  2.000000  
82.303043 0.000287  0.088176  -0.048168  0.978849  0.204567  0.002436  -0.203992  0.975056  0.087478  0.015520  -0.086125  0.996163  0.000338  -0.002599  0.006949  0.081211  0.084965  0.590369  2.000000  
82.304287 0.000287  0.088172  -0.048158  0.978635  0.205593  0.002290  -0.204999  0.974830  0.087649  0.015788  -0.086245  0.996149  0.000336  -0.002727  0.007093  0.081541  0.088220  0.604719  2.000000  
82.305288 0.000288  0.088169  -0.048149  0.978464  0.206407  0.002257  -0.205804  0.974647  0.087792  0.015921  -0.086366  0.996136  0.000377  -0.002867  0.007275  0.085836  0.091472  0.618808  2.000000  
82.306532 0.000288  0.088164  -0.048139  0.978245  0.207444  0.001981  -0.206810  0.974416  0.087991  0.016323  -0.086486  0.996119  0.000390  -0.002920  0.007428  0.085595  0.097790  0.635097  2.000000  
