1-Time 2-Px 3-Py 4-Pz 5-R11 6-R21 7-R31 8-R12 9-R22 10-R32 11-R13 12-R23 13-R33 14-Vx 15-Vy 16-Vz 17-Wx 18-Wy 19-Wz 20-state 21-PR11 22-PR21 23-PR31 24-PR12 25-PR22 26-PR32 27-PR13 28-PR23 29-PR33 
131.414395 0.004422  0.092700  -0.070675  0.985207  0.079974  -0.151563  -0.069074  0.994722  0.075876  0.156831  -0.064285  0.985531  0.000232  0.000152  0.000117  0.000000  0.000000  0.000000  2.000000  
131.415398 0.004422  0.092700  -0.070675  0.985207  0.079974  -0.151563  -0.069074  0.994722  0.075876  0.156831  -0.064285  0.985531  0.000199  0.000130  0.000100  0.000000  0.000000  0.000000  2.000000  
131.416399 0.004423  0.092699  -0.070675  0.985137  0.080419  -0.151785  -0.069476  0.994678  0.076078  0.157095  -0.064402  0.985481  0.000271  0.000065  0.000124  0.000000  0.000000  0.000000  2.000000  
131.417648 0.004424  0.092697  -0.070675  0.985003  0.080890  -0.152401  -0.069874  0.994633  0.076308  0.157756  -0.064514  0.985368  0.000304  -0.000100  0.000119  0.000000  0.000000  0.000000  2.000000  
131.418900 0.004426  0.092694  -0.070674  0.984883  0.081175  -0.153023  -0.070070  0.994595  0.076627  0.158416  -0.064747  0.985247  0.000395  -0.000302  0.000136  0.000000  0.000000  0.000000  2.000000  
131.420151 0.004427  0.092690  -0.070675  0.984763  0.081460  -0.153645  -0.070265  0.994556  0.076947  0.159077  -0.064979  0.985126  0.000423  -0.000569  0.000015  0.000000  0.000000  0.000000  2.000000  
131.421395 0.004429  0.092686  -0.070675  0.984634  0.082165  -0.154094  -0.070867  0.994475  0.077442  0.159605  -0.065331  0.985017  0.000554  -0.000857  0.000039  0.000000  0.000000  0.000000  2.000000  
131.422645 0.004430  0.092682  -0.070675  0.984505  0.082852  -0.154551  -0.071469  0.994403  0.077816  0.160134  -0.065565  0.984915  0.000626  -0.001110  0.000041  0.000000  0.000000  0.000000  2.000000  
131.423648 0.004431  0.092681  -0.070674  0.984375  0.083520  -0.155019  -0.072071  0.994339  0.078071  0.160662  -0.065678  0.984822  0.000678  -0.001225  0.000051  0.000000  0.000000  0.000000  2.000000  
131.424898 0.004431  0.092678  -0.070676  0.984208  0.084420  -0.155591  -0.072873  0.994248  0.078488  0.161322  -0.065910  0.984698  0.000656  -0.001383  -0.000076  0.000000  0.000000  0.000000  2.000000  
131.425908 0.004431  0.092678  -0.070678  0.984070  0.084892  -0.156205  -0.073270  0.994200  0.078722  0.161982  -0.066022  0.984583  0.000636  -0.001448  -0.000198  0.086519  0.151112  0.167383  2.000000  
131.427148 0.004430  0.092678  -0.070680  0.983888  0.085382  -0.157082  -0.073664  0.994151  0.078975  0.162906  -0.066132  0.984423  0.000546  -0.001457  -0.000340  0.092919  0.181671  0.183157  2.000000  
131.428153 0.004430  0.092678  -0.070681  0.983727  0.085864  -0.157827  -0.074060  0.994102  0.079220  0.163698  -0.066242  0.984284  0.000527  -0.001425  -0.000395  0.099249  0.207604  0.198498  2.000000  
131.429400 0.004430  0.092679  -0.070683  0.983543  0.086373  -0.158693  -0.074453  0.994043  0.079596  0.164622  -0.066471  0.984114  0.000517  -0.001419  -0.000502  0.109718  0.242603  0.214555  2.000000  
131.430403 0.004432  0.092678  -0.070682  0.983380  0.086875  -0.159427  -0.074848  0.993984  0.079962  0.165414  -0.066700  0.983966  0.000609  -0.001433  -0.000463  0.119051  0.269012  0.223149  2.000000  
131.431653 0.004435  0.092678  -0.070680  0.983179  0.087609  -0.160264  -0.075443  0.993896  0.080493  0.166338  -0.067048  0.983787  0.000747  -0.001350  -0.000344  0.134776  0.299112  0.245794  2.000000  
131.432901 0.004438  0.092676  -0.070675  0.983014  0.088131  -0.160986  -0.075838  0.993826  0.080981  0.167129  -0.067397  0.983629  0.000926  -0.001341  -0.000056  0.149299  0.324988  0.261187  2.000000  
131.433910 0.004443  0.092673  -0.070670  0.982864  0.088448  -0.161725  -0.076030  0.993774  0.081437  0.167921  -0.067745  0.983470  0.001113  -0.001320  0.000278  0.162684  0.351265  0.269742  2.000000  
131.435149 0.004447  0.092669  -0.070664  0.982653  0.089028  -0.162687  -0.076421  0.993683  0.082188  0.168976  -0.068329  0.983249  0.001353  -0.001436  0.000722  0.185506  0.390797  0.286290  2.000000  
131.436394 0.004452  0.092663  -0.070659  0.982418  0.089619  -0.163779  -0.076809  0.993589  0.082950  0.170163  -0.068911  0.983004  0.001542  -0.001529  0.001044  0.208332  0.430221  0.302774  2.000000  
131.437395 0.004455  0.092658  -0.070656  0.982220  0.089977  -0.164767  -0.076997  0.993525  0.083548  0.171217  -0.069375  0.982788  0.001703  -0.001637  0.001264  0.225926  0.465592  0.312111  2.000000  
131.438644 0.004459  0.092652  -0.070651  0.982014  0.090161  -0.165892  -0.076981  0.993467  0.084243  0.172404  -0.069957  0.982539  0.001889  -0.001945  0.001550  0.246494  0.505912  0.315000  2.000000  
131.439649 0.004463  0.092645  -0.070648  0.981860  0.090502  -0.166617  -0.077172  0.993403  0.084820  0.173194  -0.070424  0.982367  0.002146  -0.002239  0.001898  0.264072  0.536848  0.324109  2.000000  
131.440909 0.004468  0.092638  -0.070644  0.981681  0.090853  -0.167473  -0.077362  0.993338  0.085409  0.174117  -0.070888  0.982170  0.002545  -0.002689  0.002325  0.280330  0.567808  0.326161  2.000000  
131.442149 0.004474  0.092632  -0.070642  0.981549  0.091207  -0.168055  -0.077555  0.993264  0.086098  0.174775  -0.071476  0.982011  0.002991  -0.003169  0.002618  0.302038  0.589840  0.334770  2.000000  
131.443394 0.004480  0.092626  -0.070639  0.981440  0.091532  -0.168517  -0.077749  0.993200  0.086656  0.175302  -0.071945  0.981882  0.003367  -0.003560  0.002859  0.316993  0.602336  0.340184  2.000000  
131.444400 0.004486  0.092620  -0.070636  0.981330  0.091856  -0.168978  -0.077944  0.993136  0.087214  0.175829  -0.072415  0.981754  0.003722  -0.003968  0.003150  0.337170  0.624740  0.351205  2.000000  
131.445407 0.004491  0.092616  -0.070632  0.981236  0.091957  -0.169468  -0.077936  0.993101  0.087617  0.176356  -0.072765  0.981633  0.004013  -0.004206  0.003400  0.349373  0.642422  0.352445  2.000000  
131.446651 0.004500  0.092611  -0.070625  0.981118  0.092108  -0.170067  -0.077927  0.993044  0.088271  0.177015  -0.073352  0.981471  0.004327  -0.004471  0.003673  0.362523  0.648448  0.332673  2.000000  
131.447652 0.004506  0.092608  -0.070619  0.981016  0.092036  -0.170695  -0.077716  0.993016  0.088770  0.177673  -0.073819  0.981317  0.004583  -0.004657  0.003853  0.372716  0.653989  0.319642  2.000000  
131.448901 0.004515  0.092602  -0.070609  0.980897  0.092189  -0.171294  -0.077706  0.992958  0.089424  0.178331  -0.074405  0.981153  0.004818  -0.004770  0.004055  0.379728  0.654042  0.312989  2.000000  
131.449910 0.004522  0.092597  -0.070601  0.980778  0.092322  -0.171903  -0.077697  0.992910  0.089957  0.178989  -0.074872  0.980998  0.005089  -0.004880  0.004301  0.390877  0.658799  0.306621  2.000000  
131.450911 0.004529  0.092590  -0.070590  0.980683  0.092466  -0.172370  -0.077689  0.992852  0.090601  0.179516  -0.075460  0.980857  0.005301  -0.005002  0.004742  0.400848  0.664075  0.293577  2.000000  
131.452150 0.004538  0.092582  -0.070578  0.980603  0.092407  -0.172856  -0.077480  0.992813  0.091209  0.180042  -0.076047  0.980715  0.005580  -0.005158  0.005302  0.408598  0.661560  0.266368  2.000000  
131.453401 0.004545  0.092573  -0.070564  0.980531  0.092564  -0.173181  -0.077474  0.992744  0.091963  0.180437  -0.076755  0.980587  0.005811  -0.005299  0.005898  0.420334  0.658995  0.239175  2.000000  
131.454651 0.004552  0.092565  -0.070551  0.980458  0.092700  -0.173518  -0.077468  0.992686  0.092596  0.180832  -0.077344  0.980468  0.005950  -0.005321  0.006519  0.427936  0.651915  0.211587  2.000000  
131.455899 0.004559  0.092558  -0.070538  0.980386  0.092857  -0.173842  -0.077463  0.992615  0.093349  0.181227  -0.078052  0.980339  0.006038  -0.005347  0.007088  0.442477  0.638720  0.196018  2.000000  
131.456900 0.004564  0.092552  -0.070528  0.980329  0.092768  -0.174209  -0.077255  0.992587  0.093826  0.181622  -0.078522  0.980229  0.006117  -0.005402  0.007711  0.454785  0.627353  0.176056  2.000000  
131.457910 0.004569  0.092547  -0.070519  0.980281  0.092874  -0.174425  -0.077251  0.992539  0.094328  0.181885  -0.078993  0.980142  0.006134  -0.005369  0.008178  0.464630  0.610282  0.161291  2.000000  
131.459149 0.004576  0.092542  -0.070508  0.980224  0.092807  -0.174781  -0.077044  0.992499  0.094925  0.182279  -0.079582  0.980021  0.006103  -0.005311  0.008639  0.470701  0.592951  0.145762  2.000000  
131.460396 0.004582  0.092537  -0.070500  0.980215  0.092741  -0.174864  -0.076840  0.992448  0.095621  0.182411  -0.080293  0.979938  0.006018  -0.005295  0.008802  0.482252  0.568327  0.117108  2.000000  
131.461401 0.004587  0.092533  -0.070493  0.980215  0.092826  -0.174819  -0.076840  0.992401  0.096103  0.182411  -0.080768  0.979899  0.005922  -0.005257  0.008863  0.486711  0.543089  0.095558  2.000000  
131.462405 0.004592  0.092529  -0.070487  0.980215  0.092932  -0.174762  -0.076840  0.992343  0.096705  0.182411  -0.081363  0.979850  0.005834  -0.005314  0.008932  0.496402  0.521504  0.080475  2.000000  
131.463649 0.004599  0.092523  -0.070479  0.980191  0.093049  -0.174837  -0.076838  0.992283  0.097317  0.182542  -0.081955  0.979776  0.005676  -0.005345  0.008863  0.499578  0.495364  0.071954  2.000000  
131.464901 0.004605  0.092517  -0.070470  0.980207  0.092972  -0.174789  -0.076636  0.992231  0.098003  0.182542  -0.082668  0.979716  0.005537  -0.005334  0.008743  0.499809  0.460798  0.049114  2.000000  
131.465909 0.004610  0.092511  -0.070464  0.980182  0.093110  -0.174852  -0.076634  0.992159  0.098735  0.182674  -0.083379  0.979632  0.005371  -0.005294  0.008421  0.506849  0.439910  0.040863  2.000000  
131.467150 0.004615  0.092502  -0.070455  0.980149  0.093055  -0.175066  -0.076429  0.992104  0.099442  0.182937  -0.084088  0.979522  0.005178  -0.005363  0.008179  0.507114  0.400056  0.017629  2.000000  
131.468397 0.004620  0.092492  -0.070446  0.980141  0.092990  -0.175149  -0.076225  0.992049  0.100138  0.183069  -0.084798  0.979436  0.005014  -0.005408  0.007903  0.509972  0.364730  0.008281  2.000000  
131.469401 0.004624  0.092484  -0.070439  0.980116  0.093107  -0.175224  -0.076223  0.991988  0.100750  0.183200  -0.085390  0.979360  0.004873  -0.005530  0.007628  0.512827  0.342864  -0.000086  2.000000  
131.470644 0.004628  0.092473  -0.070430  0.980107  0.093042  -0.175307  -0.076020  0.991932  0.101446  0.183332  -0.086101  0.979273  0.004693  -0.005737  0.007325  0.518292  0.323346  -0.014782  2.000000  
131.471647 0.004632  0.092466  -0.070424  0.980099  0.092935  -0.175414  -0.075816  0.991901  0.101901  0.183463  -0.086574  0.979207  0.004597  -0.005847  0.007067  0.516021  0.304717  -0.030101  2.000000  
131.472900 0.004636  0.092457  -0.070418  0.980099  0.093062  -0.175346  -0.075816  0.991827  0.102623  0.183463  -0.087286  0.979144  0.004466  -0.006027  0.006746  0.522716  0.289463  -0.037501  2.000000  
131.473908 0.004640  0.092451  -0.070412  0.980114  0.092943  -0.175322  -0.075614  0.991796  0.103068  0.183463  -0.087762  0.979101  0.004350  -0.006134  0.006514  0.521513  0.269921  -0.046246  2.000000  
131.475145 0.004644  0.092446  -0.070407  0.980130  0.092866  -0.175276  -0.075412  0.991740  0.103754  0.183463  -0.088474  0.979037  0.004263  -0.006109  0.006294  0.523047  0.251167  -0.060641  2.000000  
131.476152 0.004648  0.092443  -0.070404  0.980121  0.092759  -0.175383  -0.075209  0.991708  0.104209  0.183595  -0.088947  0.978970  0.004167  -0.006115  0.006055  0.525735  0.238369  -0.068348  2.000000  
131.477153 0.004651  0.092440  -0.070402  0.980121  0.092844  -0.175338  -0.075209  0.991657  0.104690  0.183595  -0.089422  0.978926  0.004011  -0.006058  0.005767  0.527177  0.217385  -0.063853  2.000000  
131.478404 0.004656  0.092437  -0.070399  0.980152  0.092542  -0.175325  -0.074805  0.991632  0.105219  0.183595  -0.090016  0.978872  0.003885  -0.005834  0.005429  0.524618  0.191667  -0.079528  2.000000  
131.479650 0.004660  0.092434  -0.070397  0.980142  0.092457  -0.175421  -0.074601  0.991586  0.105794  0.183726  -0.090607  0.978793  0.003713  -0.005628  0.004919  0.523624  0.169983  -0.088126  2.000000  
131.480913 0.004663  0.092429  -0.070396  0.980142  0.092563  -0.175365  -0.074601  0.991521  0.106396  0.183726  -0.091201  0.978738  0.003547  -0.005418  0.004508  0.519045  0.151972  -0.089452  2.000000  
131.482153 0.004666  0.092424  -0.070395  0.980158  0.092486  -0.175319  -0.074400  0.991463  0.107081  0.183726  -0.091913  0.978671  0.003391  -0.005159  0.003961  0.519184  0.134165  -0.090903  2.000000  
131.483398 0.004669  0.092417  -0.070394  0.980149  0.092401  -0.175416  -0.074196  0.991416  0.107656  0.183858  -0.092504  0.978590  0.003243  -0.004926  0.003362  0.517788  0.124832  -0.097587  2.000000  
131.484648 0.004671  0.092410  -0.070395  0.980139  0.092316  -0.175513  -0.073992  0.991368  0.108231  0.183989  -0.093095  0.978510  0.003100  -0.004715  0.002710  0.516510  0.116589  -0.105003  2.000000  
131.485649 0.004673  0.092404  -0.070395  0.980115  0.092413  -0.175599  -0.073991  0.991315  0.108722  0.184121  -0.093568  0.978440  0.002973  -0.004597  0.002259  0.512634  0.108664  -0.106587  2.000000  
131.486651 0.004675  0.092398  -0.070396  0.980105  0.092307  -0.175707  -0.073787  0.991280  0.109177  0.184252  -0.094040  0.978370  0.002842  -0.004475  0.001806  0.512577  0.099750  -0.107312  2.000000  
131.487652 0.004677  0.092392  -0.070397  0.980081  0.092426  -0.175781  -0.073785  0.991213  0.109788  0.184384  -0.094631  0.978288  0.002745  -0.004416  0.001412  0.516770  0.095354  -0.107680  2.000000  
131.488899 0.004680  0.092386  -0.070399  0.980047  0.092354  -0.176009  -0.073580  0.991163  0.110372  0.184647  -0.095219  0.978181  0.002648  -0.004397  0.000907  0.516366  0.094597  -0.106702  2.000000  
131.490146 0.004683  0.092381  -0.070400  0.980022  0.092474  -0.176083  -0.073578  0.991095  0.110983  0.184778  -0.095810  0.978099  0.002558  -0.004347  0.000417  0.513560  0.094063  -0.099916  2.000000  
131.491146 0.004685  0.092377  -0.070402  0.979997  0.092572  -0.176169  -0.073576  0.991040  0.111474  0.184910  -0.096282  0.978028  0.002491  -0.004363  0.000087  0.513864  0.094169  -0.099930  2.000000  
131.492147 0.004688  0.092375  -0.070404  0.979988  0.092445  -0.176289  -0.073372  0.991017  0.111808  0.185041  -0.096636  0.977968  0.002465  -0.004348  -0.000174  0.508272  0.099212  -0.106149  2.000000  
131.493148 0.004691  0.092372  -0.070407  0.979988  0.092530  -0.176244  -0.073372  0.990963  0.112289  0.185041  -0.097110  0.977921  0.002400  -0.004350  -0.000504  0.504250  0.099274  -0.106099  2.000000  
131.494153 0.004693  0.092371  -0.070409  0.979963  0.092629  -0.176329  -0.073370  0.990907  0.112779  0.185173  -0.097582  0.977849  0.002315  -0.004284  -0.000807  0.500243  0.100159  -0.106911  2.000000  
131.495402 0.004696  0.092369  -0.070413  0.979963  0.092714  -0.176285  -0.073370  0.990853  0.113260  0.185173  -0.098057  0.977802  0.002260  -0.004142  -0.001146  0.493307  0.095109  -0.100481  2.000000  
131.496404 0.004697  0.092367  -0.070416  0.979938  0.092813  -0.176370  -0.073369  0.990797  0.113751  0.185304  -0.098529  0.977729  0.002164  -0.004046  -0.001409  0.490414  0.094518  -0.093640  2.000000  
131.497406 0.004698  0.092365  -0.070417  0.979914  0.092912  -0.176455  -0.073367  0.990740  0.114241  0.185436  -0.099001  0.977657  0.002094  -0.003814  -0.001515  0.486321  0.094569  -0.093586  2.000000  
131.498649 0.004700  0.092362  -0.070419  0.979889  0.093011  -0.176541  -0.073365  0.990684  0.114732  0.185567  -0.099472  0.977584  0.001981  -0.003603  -0.001660  0.479644  0.088791  -0.086487  2.000000  
131.499900 0.004700  0.092359  -0.070420  0.979889  0.093118  -0.176484  -0.073365  0.990614  0.115332  0.185567  -0.100065  0.977523  0.001897  -0.003324  -0.001665  0.476859  0.083771  -0.080133  2.000000  
131.500911 0.004701  0.092356  -0.070420  0.979864  0.093217  -0.176569  -0.073363  0.990557  0.115823  0.185699  -0.100537  0.977450  0.001834  -0.003069  -0.001646  0.472472  0.088957  -0.080286  2.000000  
131.502151 0.004702  0.092351  -0.070420  0.979839  0.093337  -0.176643  -0.073361  0.990485  0.116433  0.185830  -0.101127  0.977364  0.001742  -0.002847  -0.001560  0.469769  0.088380  -0.073475  2.000000  
131.503400 0.004703  0.092348  -0.070420  0.979815  0.093458  -0.176717  -0.073359  0.990414  0.117044  0.185962  -0.101717  0.977278  0.001634  -0.002593  -0.001476  0.471103  0.092257  -0.066227  2.000000  
131.504650 0.004704  0.092345  -0.070420  0.979790  0.093600  -0.176779  -0.073357  0.990327  0.117774  0.186093  -0.102426  0.977179  0.001497  -0.002446  -0.001314  0.471111  0.096784  -0.065724  2.000000  
131.505909 0.004706  0.092343  -0.070418  0.979765  0.093721  -0.176853  -0.073356  0.990255  0.118385  0.186225  -0.103016  0.977092  0.001411  -0.002309  -0.001079  0.473558  0.095475  -0.052116  2.000000  
131.507146 0.004708  0.092341  -0.070419  0.979740  0.093842  -0.176926  -0.073354  0.990182  0.118995  0.186356  -0.103606  0.977004  0.001287  -0.002210  -0.000948  0.473882  0.099193  -0.051217  2.000000  
131.508147 0.004709  0.092341  -0.070419  0.979740  0.093907  -0.176892  -0.073354  0.990138  0.119355  0.186356  -0.103961  0.976966  0.001178  -0.002123  -0.000784  0.471070  0.098541  -0.044458  2.000000  
131.509398 0.004710  0.092339  -0.070419  0.979715  0.094028  -0.176966  -0.073352  0.990065  0.119966  0.186488  -0.104551  0.976878  0.001055  -0.002089  -0.000582  0.472311  0.097894  -0.037684  2.000000  
131.510648 0.004711  0.092337  -0.070419  0.979715  0.094135  -0.176909  -0.073352  0.989992  0.120566  0.186488  -0.105144  0.976815  0.001022  -0.002069  -0.000342  0.473529  0.097233  -0.030910  2.000000  
131.511651 0.004712  0.092336  -0.070419  0.979715  0.094221  -0.176863  -0.073352  0.989933  0.121046  0.186488  -0.105618  0.976764  0.000942  -0.002044  -0.000178  0.470776  0.097415  -0.024351  2.000000  
131.512906 0.004712  0.092334  -0.070419  0.979715  0.094328  -0.176806  -0.073352  0.989859  0.121647  0.186488  -0.106210  0.976699  0.000864  -0.002034  -0.000054  0.471765  0.096683  -0.017514  2.000000  
131.513910 0.004712  0.092332  -0.070419  0.979715  0.094393  -0.176771  -0.073352  0.989815  0.122007  0.186488  -0.106565  0.976661  0.000817  -0.001925  -0.000014  0.467636  0.092207  -0.017926  2.000000  
131.515149 0.004711  0.092329  -0.070418  0.979715  0.094500  -0.176714  -0.073352  0.989741  0.122607  0.186488  -0.107158  0.976596  0.000741  -0.001921  0.000107  0.469270  0.086366  -0.011481  2.000000  
131.516398 0.004711  0.092326  -0.070417  0.979730  0.094403  -0.176682  -0.073150  0.989686  0.123171  0.186488  -0.107750  0.976531  0.000666  -0.001833  0.000187  0.469157  0.078156  -0.012443  2.000000  
131.517648 0.004711  0.092324  -0.070416  0.979705  0.094503  -0.176767  -0.073148  0.989625  0.123661  0.186619  -0.108221  0.976454  0.000590  -0.001745  0.000267  0.461217  0.077514  -0.012297  2.000000  
131.518901 0.004712  0.092322  -0.070414  0.979705  0.094611  -0.176709  -0.073148  0.989550  0.124261  0.186619  -0.108813  0.976388  0.000520  -0.001660  0.000399  0.462124  0.068494  -0.006516  2.000000  
131.520146 0.004712  0.092321  -0.070411  0.979696  0.094507  -0.176819  -0.072945  0.989508  0.124715  0.186750  -0.109284  0.976310  0.000492  -0.001580  0.000499  0.456890  0.069227  -0.013243  2.000000  
131.521150 0.004713  0.092320  -0.070410  0.979696  0.094593  -0.176773  -0.072945  0.989447  0.125195  0.186750  -0.109758  0.976257  0.000435  -0.001524  0.000634  0.456833  0.064752  -0.013679  2.000000  
131.522151 0.004714  0.092320  -0.070409  0.979696  0.094657  -0.176739  -0.072945  0.989401  0.125555  0.186750  -0.110113  0.976217  0.000401  -0.001440  0.000680  0.458172  0.059576  -0.007369  2.000000  
131.523393 0.004714  0.092319  -0.070407  0.979686  0.094576  -0.176838  -0.072741  0.989343  0.126128  0.186882  -0.110702  0.976125  0.000319  -0.001412  0.000788  0.457190  0.064242  -0.013510  2.000000  
131.524394 0.004715  0.092320  -0.070407  0.979686  0.094640  -0.176803  -0.072741  0.989297  0.126488  0.186882  -0.111058  0.976085  0.000318  -0.001308  0.000849  0.453179  0.059817  -0.013958  2.000000  
131.525399 0.004715  0.092320  -0.070407  0.979686  0.094683  -0.176780  -0.072741  0.989267  0.126728  0.186882  -0.111294  0.976058  0.000224  -0.001206  0.000834  0.449053  0.059810  -0.013937  2.000000  
131.526646 0.004715  0.092320  -0.070407  0.979701  0.094565  -0.176761  -0.072540  0.989225  0.127172  0.186882  -0.111768  0.976004  0.000182  -0.001101  0.000813  0.443729  0.056105  -0.021086  2.000000  
131.527650 0.004714  0.092320  -0.070408  0.979701  0.094608  -0.176738  -0.072540  0.989194  0.127412  0.186882  -0.112005  0.975976  0.000171  -0.000991  0.000770  0.435345  0.052128  -0.021728  2.000000  
131.528679 0.004714  0.092319  -0.070409  0.979701  0.094672  -0.176703  -0.072540  0.989147  0.127771  0.186882  -0.112360  0.975936  0.000149  -0.000865  0.000736  0.434716  0.047595  -0.022162  2.000000  
131.529916 0.004713  0.092319  -0.070410  0.979701  0.094736  -0.176669  -0.072540  0.989101  0.128131  0.186882  -0.112715  0.975895  0.000128  -0.000665  0.000545  0.426737  0.043156  -0.022635  2.000000  
131.531152 0.004713  0.092318  -0.070412  0.979715  0.094618  -0.176649  -0.072338  0.989058  0.128575  0.186882  -0.113188  0.975840  0.000101  -0.000544  0.000342  0.421599  0.043932  -0.029381  2.000000  
131.532154 0.004713  0.092318  -0.070413  0.979715  0.094661  -0.176626  -0.072338  0.989027  0.128815  0.186882  -0.113425  0.975812  0.000112  -0.000404  0.000209  0.413428  0.039471  -0.029854  2.000000  
131.533398 0.004713  0.092319  -0.070414  0.979691  0.094762  -0.176710  -0.072336  0.988963  0.129304  0.187013  -0.113896  0.975732  0.000116  -0.000257  0.000022  0.410090  0.039167  -0.029594  2.000000  
131.534398 0.004713  0.092319  -0.070415  0.979691  0.094805  -0.176687  -0.072336  0.988932  0.129544  0.187013  -0.114132  0.975705  0.000071  -0.000190  -0.000195  0.397940  0.039178  -0.029576  2.000000  
131.535398 0.004713  0.092319  -0.070416  0.979680  0.094681  -0.176810  -0.072132  0.988903  0.129877  0.187145  -0.114485  0.975638  0.000056  -0.000098  -0.000396  0.391776  0.035798  -0.037053  2.000000  
131.536644 0.004714  0.092320  -0.070418  0.979680  0.094745  -0.176775  -0.072132  0.988855  0.130237  0.187145  -0.114840  0.975597  0.000029  0.000023  -0.000590  0.384524  0.035521  -0.036735  2.000000  
131.537909 0.004714  0.092321  -0.070419  0.979655  0.094825  -0.176871  -0.072131  0.988807  0.130607  0.187276  -0.115192  0.975530  -0.000013  0.000091  -0.000763  0.379425  0.035821  -0.037008  2.000000  
131.539149 0.004714  0.092321  -0.070420  0.979630  0.094883  -0.176978  -0.072129  0.988774  0.130856  0.187408  -0.115425  0.975477  -0.000042  0.000129  -0.000926  0.367333  0.035850  -0.037006  2.000000  
131.540394 0.004713  0.092322  -0.070422  0.979645  0.094744  -0.176971  -0.071927  0.988746  0.131179  0.187408  -0.115780  0.975435  -0.000078  0.000191  -0.001021  0.358972  0.036327  -0.043384  2.000000  
131.541394 0.004713  0.092324  -0.070423  0.979620  0.094781  -0.177089  -0.071925  0.988729  0.131309  0.187539  -0.115896  0.975396  -0.000122  0.000279  -0.001080  0.346907  0.040780  -0.042879  2.000000  
131.542400 0.004712  0.092325  -0.070425  0.979620  0.094824  -0.177066  -0.071925  0.988697  0.131549  0.187539  -0.116132  0.975368  -0.000155  0.000345  -0.001156  0.337500  0.041131  -0.043210  2.000000  
131.543643 0.004711  0.092326  -0.070425  0.979620  0.094867  -0.177043  -0.071925  0.988665  0.131789  0.187539  -0.116369  0.975340  -0.000159  0.000447  -0.001130  0.330716  0.040810  -0.042847  2.000000  
131.544652 0.004711  0.092327  -0.070427  0.979620  0.094910  -0.177020  -0.071925  0.988633  0.132028  0.187539  -0.116605  0.975311  -0.000168  0.000563  -0.001138  0.321176  0.041160  -0.043178  2.000000  
131.545916 0.004710  0.092329  -0.070429  0.979635  0.094749  -0.177025  -0.071724  0.988620  0.132232  0.187539  -0.116842  0.975283  -0.000187  0.000700  -0.001129  0.308769  0.041155  -0.043136  2.000000  
131.547151 0.004710  0.092330  -0.070429  0.979610  0.094808  -0.177132  -0.071722  0.988587  0.132481  0.187670  -0.117076  0.975230  -0.000190  0.000796  -0.001103  0.300762  0.041191  -0.043141  2.000000  
131.548398 0.004710  0.092332  -0.070431  0.979610  0.094851  -0.177109  -0.071722  0.988555  0.132721  0.187670  -0.117312  0.975201  -0.000219  0.000867  -0.001126  0.290216  0.040870  -0.042774  2.000000  
131.549399 0.004710  0.092333  -0.070432  0.979585  0.094888  -0.177227  -0.071720  0.988538  0.132850  0.187802  -0.117428  0.975162  -0.000259  0.000954  -0.001133  0.277613  0.040441  -0.036362  2.000000  
131.550647 0.004710  0.092334  -0.070433  0.979585  0.094931  -0.177204  -0.071720  0.988506  0.133090  0.187802  -0.117664  0.975134  -0.000267  0.000980  -0.001083  0.269587  0.040474  -0.036364  2.000000  
131.551648 0.004711  0.092335  -0.070433  0.979560  0.094990  -0.177311  -0.071718  0.988472  0.133340  0.187933  -0.117898  0.975080  -0.000228  0.000999  -0.001013  0.263199  0.044563  -0.035518  2.000000  
131.552902 0.004711  0.092335  -0.070434  0.979560  0.095033  -0.177288  -0.071718  0.988440  0.133579  0.187933  -0.118134  0.975051  -0.000179  0.000975  -0.000977  0.253108  0.040475  -0.036311  2.000000  
131.554147 0.004711  0.092336  -0.070434  0.979560  0.095076  -0.177265  -0.071718  0.988407  0.133819  0.187933  -0.118371  0.975023  -0.000161  0.000943  -0.000922  0.246275  0.039698  -0.029549  2.000000  
131.555400 0.004712  0.092336  -0.070435  0.979535  0.095113  -0.177384  -0.071716  0.988390  0.133949  0.188065  -0.118486  0.974983  -0.000085  0.000890  -0.000860  0.238119  0.044171  -0.029013  2.000000  
131.556644 0.004712  0.092336  -0.070436  0.979535  0.095156  -0.177361  -0.071716  0.988357  0.134188  0.188065  -0.118722  0.974955  -0.000053  0.000815  -0.000789  0.233425  0.043030  -0.022069  2.000000  
131.557894 0.004712  0.092336  -0.070436  0.979535  0.095178  -0.177349  -0.071716  0.988341  0.134308  0.188065  -0.118841  0.974940  -0.000014  0.000730  -0.000782  0.225377  0.043042  -0.022062  2.000000  
131.558898 0.004712  0.092336  -0.070436  0.979535  0.095199  -0.177338  -0.071716  0.988325  0.134428  0.188065  -0.118959  0.974926  0.000035  0.000638  -0.000670  0.217298  0.043050  -0.022053  2.000000  
131.559899 0.004712  0.092336  -0.070437  0.979535  0.095221  -0.177326  -0.071716  0.988308  0.134548  0.188065  -0.119077  0.974911  0.000061  0.000581  -0.000665  0.213313  0.043066  -0.022051  2.000000  
131.560913 0.004712  0.092337  -0.070437  0.979535  0.095242  -0.177315  -0.071716  0.988292  0.134668  0.188065  -0.119196  0.974897  0.000130  0.000539  -0.000539  0.203975  0.042590  -0.015456  2.000000  
131.561917 0.004712  0.092337  -0.070437  0.979535  0.095264  -0.177303  -0.071716  0.988276  0.134788  0.188065  -0.119314  0.974883  0.000143  0.000436  -0.000504  0.199885  0.042590  -0.015447  2.000000  
131.563151 0.004712  0.092338  -0.070437  0.979495  0.095483  -0.177405  -0.071916  0.988255  0.134834  0.188196  -0.119311  0.974858  0.000167  0.000401  -0.000395  0.184935  0.041800  -0.008692  2.000000  
131.564397 0.004713  0.092338  -0.070436  0.979495  0.095505  -0.177394  -0.071916  0.988239  0.134954  0.188196  -0.119429  0.974843  0.000193  0.000356  -0.000229  0.179376  0.041459  -0.008613  2.000000  
131.565398 0.004713  0.092339  -0.070435  0.979495  0.095526  -0.177382  -0.071916  0.988222  0.135074  0.188196  -0.119547  0.974829  0.000198  0.000353  -0.000177  0.172575  0.036229  -0.002442  2.000000  
131.566398 0.004713  0.092339  -0.070435  0.979495  0.095548  -0.177371  -0.071916  0.988206  0.135193  0.188196  -0.119665  0.974814  0.000189  0.000297  -0.000087  0.000000  0.000000  0.000000  2.000000  
131.567647 0.004714  0.092339  -0.070434  0.979480  0.095751  -0.177343  -0.072118  0.988186  0.135230  0.188196  -0.119665  0.974814  0.000170  0.000274  0.000001  0.000000  0.000000  0.000000  2.000000  
131.568648 0.004714  0.092339  -0.070433  0.979480  0.095773  -0.177331  -0.072118  0.988170  0.135350  0.188196  -0.119784  0.974800  0.000147  0.000246  0.000091  0.000000  0.000000  0.000000  2.000000  
131.569908 0.004713  0.092339  -0.070432  0.979455  0.095810  -0.177450  -0.072116  0.988152  0.135479  0.188328  -0.119899  0.974760  0.000091  0.000196  0.000164  0.000000  0.000000  0.000000  2.000000  
131.570909 0.004713  0.092339  -0.070433  0.979440  0.096014  -0.177422  -0.072318  0.988132  0.135516  0.188328  -0.119899  0.974760  0.000063  0.000171  0.000200  0.000000  0.000000  0.000000  2.000000  
131.572149 0.004713  0.092338  -0.070432  0.979440  0.096035  -0.177410  -0.072318  0.988116  0.135636  0.188328  -0.120017  0.974745  0.000054  0.000114  0.000292  0.000000  0.000000  0.000000  2.000000  
131.573395 0.004712  0.092337  -0.070431  0.979425  0.096239  -0.177382  -0.072519  0.988096  0.135672  0.188328  -0.120017  0.974745  0.000039  0.000061  0.000331  0.000000  0.000000  0.000000  2.000000  
131.574395 0.004712  0.092337  -0.070432  0.979425  0.096260  -0.177370  -0.072519  0.988080  0.135792  0.188328  -0.120135  0.974731  0.000011  0.000035  0.000361  0.000000  0.000000  0.000000  2.000000  
131.575643 0.004711  0.092336  -0.070432  0.979410  0.096463  -0.177343  -0.072721  0.988060  0.135828  0.188328  -0.120135  0.974731  -0.000055  -0.000007  0.000328  0.000000  0.000000  0.000000  2.000000  
131.576646 0.004711  0.092336  -0.070432  0.979410  0.096463  -0.177343  -0.072721  0.988060  0.135828  0.188328  -0.120135  0.974731  -0.000042  -0.000036  0.000331  0.000000  0.000000  0.000000  2.000000  
131.577652 0.004711  0.092336  -0.070432  0.979395  0.096667  -0.177315  -0.072922  0.988040  0.135865  0.188328  -0.120135  0.974731  -0.000061  -0.000086  0.000317  0.000000  0.000000  0.000000  2.000000  
131.578664 0.004712  0.092336  -0.070432  0.979380  0.096892  -0.177275  -0.073124  0.988004  0.136021  0.188328  -0.120254  0.974716  -0.000075  -0.000164  0.000257  0.000000  0.000000  0.000000  2.000000  
131.579904 0.004712  0.092336  -0.070431  0.979380  0.096892  -0.177275  -0.073124  0.988004  0.136021  0.188328  -0.120254  0.974716  -0.000090  -0.000218  0.000296  0.000000  0.000000  0.000000  2.000000  
131.580912 0.004712  0.092336  -0.070431  0.979365  0.097095  -0.177247  -0.073326  0.987984  0.136058  0.188328  -0.120254  0.974716  -0.000062  -0.000193  0.000259  0.000000  0.000000  0.000000  2.000000  
131.582151 0.004712  0.092336  -0.070430  0.979350  0.097299  -0.177219  -0.073527  0.987964  0.136094  0.188328  -0.120254  0.974716  -0.000095  -0.000214  0.000242  0.000000  0.000000  0.000000  2.000000  
131.583398 0.004712  0.092336  -0.070429  0.979350  0.097299  -0.177219  -0.073527  0.987964  0.136094  0.188328  -0.120254  0.974716  -0.000082  -0.000243  0.000245  0.000000  0.000000  0.000000  2.000000  
131.584398 0.004713  0.092336  -0.070428  0.979335  0.097502  -0.177191  -0.073729  0.987944  0.136131  0.188328  -0.120254  0.974716  -0.000049  -0.000222  0.000262  0.000000  0.000000  0.000000  2.000000  
131.585399 0.004712  0.092335  -0.070429  0.979320  0.097705  -0.177163  -0.073931  0.987923  0.136167  0.188328  -0.120254  0.974716  -0.000035  -0.000251  0.000264  0.000000  0.000000  0.000000  2.000000  
131.586650 0.004712  0.092335  -0.070427  0.979320  0.097705  -0.177163  -0.073931  0.987923  0.136167  0.188328  -0.120254  0.974716  -0.000010  -0.000203  0.000332  0.000000  0.000000  0.000000  2.000000  
131.587651 0.004712  0.092334  -0.070427  0.979304  0.097909  -0.177135  -0.074132  0.987903  0.136204  0.188328  -0.120254  0.974716  0.000003  -0.000232  0.000334  0.000000  0.000000  0.000000  2.000000  
131.588899 0.004712  0.092334  -0.070426  0.979289  0.098112  -0.177107  -0.074334  0.987883  0.136240  0.188328  -0.120254  0.974716  0.000029  -0.000185  0.000402  0.000000  0.000000  0.000000  2.000000  
131.590148 0.004712  0.092334  -0.070426  0.979274  0.098294  -0.177091  -0.074535  0.987879  0.136157  0.188328  -0.120135  0.974731  0.000029  -0.000185  0.000402  0.000000  0.000000  0.000000  2.000000  
131.591394 0.004713  0.092334  -0.070425  0.979258  0.098497  -0.177063  -0.074737  0.987859  0.136193  0.188328  -0.120135  0.974731  0.000099  -0.000142  0.000481  0.000000  0.000000  0.000000  2.000000  
131.592399 0.004713  0.092334  -0.070425  0.979284  0.098481  -0.176932  -0.074739  0.987860  0.136183  0.188196  -0.120138  0.974756  0.000100  -0.000145  0.000489  0.000000  0.000000  0.000000  2.000000  
131.593643 0.004713  0.092335  -0.070424  0.979268  0.098685  -0.176904  -0.074940  0.987840  0.136220  0.188196  -0.120138  0.974756  0.000119  -0.000092  0.000495  0.000000  0.000000  0.000000  2.000000  
131.594654 0.004714  0.092335  -0.070424  0.979253  0.098888  -0.176876  -0.075142  0.987820  0.136256  0.188196  -0.120138  0.974756  0.000148  -0.000069  0.000467  0.000000  0.000000  0.000000  2.000000  
131.595906 0.004714  0.092335  -0.070423  0.979237  0.099091  -0.176848  -0.075344  0.987799  0.136293  0.188196  -0.120138  0.974756  0.000119  -0.000092  0.000495  0.000000  0.000000  0.000000  2.000000  
131.597151 0.004715  0.092335  -0.070422  0.979222  0.099273  -0.176832  -0.075545  0.987796  0.136209  0.188196  -0.120020  0.974770  0.000167  -0.000101  0.000522  0.000000  0.000000  0.000000  2.000000  
131.598398 0.004715  0.092334  -0.070422  0.979206  0.099477  -0.176804  -0.075747  0.987775  0.136246  0.188196  -0.120020  0.974770  0.000167  -0.000101  0.000522  0.000000  0.000000  0.000000  2.000000  
131.599648 0.004715  0.092334  -0.070421  0.979191  0.099680  -0.176776  -0.075948  0.987755  0.136282  0.188196  -0.120020  0.974770  0.000200  -0.000080  0.000539  0.000000  0.000000  0.000000  2.000000  
131.600649 0.004715  0.092333  -0.070420  0.979175  0.099883  -0.176748  -0.076150  0.987734  0.136318  0.188196  -0.120020  0.974770  0.000210  -0.000107  0.000532  0.000000  0.000000  0.000000  2.000000  
131.601910 0.004715  0.092332  -0.070419  0.979159  0.100087  -0.176720  -0.076352  0.987713  0.136355  0.188196  -0.120020  0.974770  0.000185  -0.000133  0.000577  0.000000  0.000000  0.000000  2.000000  
131.603149 0.004715  0.092332  -0.070418  0.979169  0.100274  -0.176562  -0.076555  0.987694  0.136381  0.188065  -0.120023  0.974795  0.000198  -0.000162  0.000580  0.000000  0.000000  0.000000  2.000000  
131.604395 0.004715  0.092332  -0.070417  0.979153  0.100456  -0.176546  -0.076757  0.987690  0.136298  0.188065  -0.119905  0.974810  0.000195  -0.000160  0.000571  0.000000  0.000000  0.000000  2.000000  
131.605643 0.004715  0.092331  -0.070416  0.979121  0.100863  -0.176490  -0.077160  0.987648  0.136370  0.188065  -0.119905  0.974810  0.000200  -0.000163  0.000623  0.000000  0.000000  0.000000  2.000000  
131.606643 0.004715  0.092331  -0.070416  0.979105  0.101066  -0.176462  -0.077361  0.987628  0.136407  0.188065  -0.119905  0.974810  0.000168  -0.000184  0.000606  0.000000  0.000000  0.000000  2.000000  
131.607644 0.004715  0.092331  -0.070415  0.979089  0.101269  -0.176434  -0.077563  0.987607  0.136443  0.188065  -0.119905  0.974810  0.000173  -0.000187  0.000659  0.000000  0.000000  0.000000  2.000000  
131.608648 0.004715  0.092332  -0.070414  0.979073  0.101473  -0.176406  -0.077765  0.987586  0.136479  0.188065  -0.119905  0.974810  0.000135  -0.000186  0.000704  0.000000  0.000000  0.000000  2.000000  
131.609650 0.004715  0.092332  -0.070413  0.979082  0.101660  -0.176248  -0.077968  0.987566  0.136505  0.187933  -0.119908  0.974835  0.000105  -0.000208  0.000728  0.000000  0.000000  0.000000  2.000000  
131.610915 0.004715  0.092332  -0.070413  0.979066  0.101863  -0.176219  -0.078170  0.987545  0.136541  0.187933  -0.119908  0.974835  0.000094  -0.000182  0.000737  0.000000  0.000000  0.000000  2.000000  
131.612152 0.004716  0.092331  -0.070412  0.979034  0.102270  -0.176163  -0.078573  0.987503  0.136614  0.187933  -0.119908  0.974835  0.000074  -0.000233  0.000723  0.020311  -0.034157  0.166950  2.000000  
131.613404 0.004715  0.092331  -0.070411  0.979043  0.102457  -0.176005  -0.078776  0.987484  0.136640  0.187802  -0.119911  0.974860  0.000027  -0.000225  0.000704  0.020299  -0.038620  0.166402  2.000000  
131.614648 0.004715  0.092330  -0.070411  0.979010  0.102842  -0.175961  -0.079180  0.987458  0.136592  0.187802  -0.119793  0.974874  -0.000006  -0.000247  0.000687  0.018831  -0.040283  0.179947  2.000000  
131.615648 0.004715  0.092329  -0.070410  0.978994  0.103046  -0.175933  -0.079381  0.987437  0.136629  0.187802  -0.119793  0.974874  -0.000026  -0.000293  0.000662  0.018673  -0.039945  0.178438  2.000000  
131.616649 0.004715  0.092328  -0.070409  0.978986  0.103436  -0.175747  -0.079786  0.987395  0.136691  0.187670  -0.119796  0.974899  -0.000032  -0.000295  0.000620  0.021242  -0.046021  0.191281  2.000000  
131.617910 0.004715  0.092327  -0.070409  0.978970  0.103640  -0.175719  -0.079988  0.987374  0.136727  0.187670  -0.119796  0.974899  0.000015  -0.000302  0.000638  0.021407  -0.046380  0.192771  2.000000  
131.619152 0.004715  0.092326  -0.070408  0.978937  0.104046  -0.175662  -0.080391  0.987331  0.136799  0.187670  -0.119796  0.974899  0.000008  -0.000381  0.000627  0.026792  -0.047214  0.199584  2.000000  
131.620393 0.004716  0.092325  -0.070407  0.978929  0.104437  -0.175476  -0.080796  0.987290  0.136861  0.187539  -0.119799  0.974924  0.000021  -0.000404  0.000619  0.027852  -0.052085  0.204127  2.000000  
131.621396 0.004716  0.092325  -0.070406  0.978895  0.104843  -0.175420  -0.081199  0.987247  0.136933  0.187539  -0.119799  0.974924  0.000034  -0.000440  0.000632  0.029383  -0.053345  0.212560  2.000000  
131.622644 0.004716  0.092324  -0.070406  0.978887  0.105234  -0.175233  -0.081604  0.987205  0.136994  0.187408  -0.119802  0.974949  0.000046  -0.000461  0.000624  0.030406  -0.053739  0.217542  2.000000  
131.623649 0.004716  0.092324  -0.070405  0.978870  0.105437  -0.175205  -0.081806  0.987183  0.137030  0.187408  -0.119802  0.974949  0.000073  -0.000527  0.000639  0.030667  -0.054201  0.219411  2.000000  
131.624899 0.004716  0.092323  -0.070404  0.978861  0.105827  -0.175019  -0.082211  0.987141  0.137092  0.187276  -0.119805  0.974974  0.000052  -0.000568  0.000615  0.032962  -0.059802  0.230337  2.000000  
131.625909 0.004716  0.092323  -0.070403  0.978852  0.106218  -0.174832  -0.082616  0.987099  0.137153  0.187145  -0.119808  0.974999  0.000052  -0.000568  0.000615  0.034517  -0.065589  0.238438  2.000000  
131.627148 0.004716  0.092322  -0.070403  0.978818  0.106624  -0.174776  -0.083019  0.987055  0.137225  0.187145  -0.119808  0.974999  0.000020  -0.000589  0.000598  0.039569  -0.065868  0.243205  2.000000  
131.628160 0.004716  0.092322  -0.070401  0.978809  0.107015  -0.174589  -0.083424  0.987012  0.137285  0.187013  -0.119811  0.975024  0.000038  -0.000631  0.000664  0.041162  -0.071679  0.251320  2.000000  
131.629408 0.004716  0.092321  -0.070401  0.978782  0.107608  -0.174374  -0.084031  0.986947  0.137382  0.186882  -0.119814  0.975049  0.000025  -0.000602  0.000661  0.043741  -0.077803  0.264273  2.000000  
131.630648 0.004715  0.092319  -0.070400  0.978772  0.107999  -0.174188  -0.084436  0.986904  0.137443  0.186750  -0.119817  0.975073  0.000010  -0.000645  0.000689  0.044661  -0.082433  0.268316  2.000000  
131.631651 0.004715  0.092318  -0.070398  0.978737  0.108426  -0.174118  -0.084839  0.986843  0.137634  0.186750  -0.119936  0.975059  0.000003  -0.000630  0.000751  0.050425  -0.083996  0.277387  2.000000  
