1-Time 2-Px 3-Py 4-Pz 5-R11 6-R21 7-R31 8-R12 9-R22 10-R32 11-R13 12-R23 13-R33 14-Vx 15-Vy 16-Vz 17-Wx 18-Wy 19-Wz 20-state 21-PR11 22-PR21 23-PR31 24-PR12 25-PR22 26-PR32 27-PR13 28-PR23 29-PR33 
61.157509 0.001603  0.087253  -0.043922  0.986741  0.155054  -0.047971  -0.152954  0.987220  0.044742  0.054296  -0.036812  0.997846  0.000356  0.000381  0.001333  0.000000  0.000000  0.000000  2.000000  
61.158510 0.001603  0.087253  -0.043921  0.986709  0.155257  -0.047962  -0.153157  0.987188  0.044752  0.054296  -0.036812  0.997846  0.000361  0.000354  0.001385  0.000000  0.000000  0.000000  2.000000  
61.159760 0.001603  0.087250  -0.043920  0.986544  0.156284  -0.048029  -0.154172  0.987021  0.044942  0.054429  -0.036932  0.997834  0.000314  0.000156  0.001361  0.000000  0.000000  0.000000  2.000000  
61.160763 0.001602  0.087247  -0.043919  0.986409  0.157102  -0.048124  -0.154983  0.986892  0.045002  0.054563  -0.036932  0.997827  0.000234  -0.000064  0.001322  0.000000  0.000000  0.000000  2.000000  
61.162021 0.001602  0.087243  -0.043918  0.986274  0.157925  -0.048199  -0.155794  0.986756  0.045182  0.054696  -0.037053  0.997815  0.000194  -0.000389  0.001302  0.000000  0.000000  0.000000  2.000000  
61.163260 0.001602  0.087238  -0.043917  0.986170  0.158545  -0.048284  -0.156402  0.986652  0.045353  0.054830  -0.037174  0.997803  0.000132  -0.000763  0.001273  0.013514  0.011554  0.173255  2.000000  
61.164508 0.001602  0.087233  -0.043915  0.985994  0.159577  -0.048482  -0.157415  0.986481  0.045564  0.055097  -0.037294  0.997784  0.000107  -0.001115  0.001214  0.019144  0.019519  0.201380  2.000000  
61.165508 0.001602  0.087230  -0.043914  0.985842  0.160410  -0.048820  -0.158223  0.986341  0.045787  0.055498  -0.037414  0.997758  0.000115  -0.001347  0.001248  0.024766  0.031943  0.229348  2.000000  
61.166510 0.001603  0.087228  -0.043912  0.985624  0.161649  -0.049139  -0.159437  0.986134  0.046031  0.055899  -0.037534  0.997731  0.000135  -0.001523  0.001278  0.031177  0.043864  0.271287  2.000000  
61.167510 0.001603  0.087225  -0.043912  0.985445  0.162679  -0.049336  -0.160449  0.985960  0.046244  0.056166  -0.037655  0.997711  0.000106  -0.001747  0.001169  0.036819  0.051802  0.299240  2.000000  
61.168515 0.001603  0.087223  -0.043912  0.985264  0.163710  -0.049532  -0.161461  0.985785  0.046457  0.056433  -0.037775  0.997692  0.000068  -0.001944  0.001054  0.046917  0.059484  0.334021  2.000000  
61.169764 0.001603  0.087221  -0.043913  0.985083  0.164741  -0.049727  -0.162473  0.985609  0.046671  0.056700  -0.037896  0.997672  0.000025  -0.002115  0.000888  0.052961  0.067161  0.368900  2.000000  
61.170764 0.001604  0.087219  -0.043912  0.984933  0.165562  -0.049952  -0.163282  0.985471  0.046756  0.056967  -0.037895  0.997657  0.000069  -0.002220  0.000863  0.054167  0.075374  0.389961  2.000000  
61.172015 0.001605  0.087217  -0.043909  0.984682  0.166999  -0.050128  -0.164698  0.985224  0.046991  0.057235  -0.038016  0.997637  0.000122  -0.002340  0.000925  0.060981  0.082502  0.438514  2.000000  
61.173262 0.001606  0.087213  -0.043907  0.984463  0.168232  -0.050312  -0.165912  0.985010  0.047217  0.057502  -0.038136  0.997617  0.000159  -0.002687  0.000960  0.067061  0.090179  0.473452  2.000000  
61.174262 0.001607  0.087210  -0.043905  0.984269  0.169260  -0.050659  -0.166921  0.984833  0.047336  0.057902  -0.038135  0.997594  0.000273  -0.002774  0.001018  0.069091  0.102353  0.508431  2.000000  
61.175263 0.001608  0.087207  -0.043903  0.984115  0.170088  -0.050862  -0.167729  0.984686  0.047542  0.058170  -0.038256  0.997573  0.000363  -0.002809  0.001112  0.074794  0.110273  0.536409  2.000000  
61.176512 0.001610  0.087201  -0.043899  0.983954  0.170920  -0.051197  -0.168536  0.984537  0.047771  0.058570  -0.038376  0.997545  0.000553  -0.002906  0.001306  0.080152  0.122944  0.557654  2.000000  
61.177766 0.001612  0.087192  -0.043894  0.983757  0.171961  -0.051501  -0.169544  0.984347  0.048130  0.058971  -0.038617  0.997512  0.000681  -0.003173  0.001517  0.090361  0.135029  0.592596  2.000000  
61.179013 0.001615  0.087183  -0.043891  0.983558  0.172995  -0.051825  -0.170553  0.984161  0.048371  0.059372  -0.038737  0.997484  0.000880  -0.003498  0.001669  0.096530  0.147176  0.627679  2.000000  
61.180260 0.001620  0.087174  -0.043888  0.983366  0.174031  -0.051995  -0.171562  0.983968  0.048709  0.059639  -0.038978  0.997459  0.001188  -0.003846  0.001713  0.106362  0.155065  0.655767  2.000000  
61.181261 0.001625  0.087166  -0.043885  0.983209  0.174858  -0.052197  -0.172369  0.983817  0.048917  0.059906  -0.039099  0.997438  0.001477  -0.004174  0.001815  0.112088  0.162934  0.683617  2.000000  
61.182263 0.001629  0.087157  -0.043882  0.983122  0.175280  -0.052419  -0.172771  0.983737  0.049104  0.060173  -0.039219  0.997417  0.001754  -0.004602  0.002006  0.116664  0.171636  0.690951  2.000000  
61.183508 0.001636  0.087145  -0.043878  0.982999  0.175904  -0.052630  -0.173376  0.983621  0.049302  0.060440  -0.039339  0.997396  0.002209  -0.005173  0.002242  0.122030  0.179799  0.712047  2.000000  
61.184514 0.001640  0.087134  -0.043877  0.982920  0.176321  -0.052719  -0.173779  0.983542  0.049466  0.060574  -0.039460  0.997383  0.002512  -0.005750  0.002352  0.126917  0.183675  0.725853  2.000000  
61.185521 0.001646  0.087125  -0.043877  0.982840  0.176737  -0.052809  -0.174182  0.983462  0.049631  0.060707  -0.039581  0.997371  0.002828  -0.006429  0.002390  0.131409  0.187816  0.732768  2.000000  
61.186766 0.001651  0.087111  -0.043875  0.982725  0.177356  -0.052888  -0.174788  0.983346  0.049806  0.060841  -0.039701  0.997358  0.003108  -0.007218  0.002297  0.136796  0.191565  0.754032  2.000000  
61.188020 0.001656  0.087097  -0.043873  0.982645  0.177773  -0.052978  -0.175191  0.983266  0.049970  0.060974  -0.039822  0.997345  0.003421  -0.007905  0.002317  0.145355  0.195735  0.760875  2.000000  
61.189262 0.001661  0.087083  -0.043869  0.982636  0.177784  -0.053087  -0.175190  0.983259  0.050113  0.061108  -0.039943  0.997332  0.003681  -0.008570  0.002358  0.143888  0.196749  0.733443  2.000000  
61.190264 0.001665  0.087071  -0.043866  0.982600  0.177993  -0.053055  -0.175392  0.983216  0.050243  0.061108  -0.040064  0.997327  0.003851  -0.009118  0.002400  0.146796  0.192988  0.712489  2.000000  
61.191512 0.001669  0.087056  -0.043862  0.982528  0.178398  -0.053035  -0.175796  0.983142  0.050265  0.061108  -0.040064  0.997327  0.003937  -0.009684  0.002441  0.141951  0.193523  0.698855  2.000000  
61.192513 0.001671  0.087044  -0.043858  0.982528  0.178405  -0.053013  -0.175796  0.983136  0.050384  0.061108  -0.040184  0.997322  0.004046  -0.010059  0.002458  0.140795  0.189746  0.677986  2.000000  
61.193760 0.001674  0.087028  -0.043853  0.982492  0.178607  -0.053003  -0.175999  0.983100  0.050395  0.061108  -0.040184  0.997322  0.003990  -0.010488  0.002577  0.134849  0.184230  0.658588  2.000000  
61.194763 0.001676  0.087016  -0.043849  0.982492  0.178613  -0.052981  -0.175999  0.983093  0.050514  0.061108  -0.040305  0.997317  0.003831  -0.010756  0.002680  0.134077  0.173527  0.628975  2.000000  
61.196009 0.001678  0.087001  -0.043842  0.982492  0.178613  -0.052981  -0.175999  0.983093  0.050514  0.061108  -0.040305  0.997317  0.003592  -0.011169  0.002894  0.127352  0.157420  0.580028  2.000000  
61.197024 0.001679  0.086989  -0.043836  0.982492  0.178613  -0.052981  -0.175999  0.983093  0.050514  0.061108  -0.040305  0.997317  0.003376  -0.011346  0.003090  0.121276  0.149685  0.544944  2.000000  
61.198259 0.001680  0.086975  -0.043829  0.982492  0.178620  -0.052959  -0.175999  0.983087  0.050634  0.061108  -0.040426  0.997312  0.003071  -0.011447  0.003293  0.122855  0.140666  0.513047  2.000000  
61.199260 0.001681  0.086964  -0.043824  0.982492  0.178620  -0.052959  -0.175999  0.983087  0.050634  0.061108  -0.040426  0.997312  0.002761  -0.011564  0.003647  0.116835  0.133035  0.478367  2.000000  
61.200517 0.001682  0.086950  -0.043817  0.982500  0.178608  -0.052850  -0.176000  0.983094  0.050491  0.060974  -0.040306  0.997325  0.002412  -0.011675  0.004003  0.107244  0.117762  0.440122  2.000000  
61.201762 0.001681  0.086934  -0.043811  0.982508  0.178603  -0.052718  -0.176002  0.983095  0.050467  0.060841  -0.040306  0.997333  0.002008  -0.011791  0.004273  0.100293  0.109195  0.401922  2.000000  
61.202765 0.001680  0.086922  -0.043808  0.982516  0.178597  -0.052587  -0.176003  0.983096  0.050444  0.060707  -0.040306  0.997341  0.001644  -0.011857  0.004372  0.094250  0.094013  0.356279  2.000000  
61.204015 0.001678  0.086906  -0.043806  0.982488  0.178795  -0.052445  -0.176207  0.983060  0.050431  0.060574  -0.040307  0.997350  0.001157  -0.011987  0.004268  0.091877  0.080949  0.325451  2.000000  
61.205016 0.001675  0.086892  -0.043805  0.982496  0.178789  -0.052314  -0.176208  0.983061  0.050408  0.060440  -0.040307  0.997358  0.000715  -0.012120  0.004139  0.086217  0.068627  0.297502  2.000000  
61.206019 0.001673  0.086879  -0.043803  0.982496  0.178789  -0.052314  -0.176208  0.983061  0.050408  0.060440  -0.040307  0.997358  0.000343  -0.012178  0.004059  0.080858  0.052554  0.264693  2.000000  
61.207026 0.001671  0.086866  -0.043802  0.982496  0.178789  -0.052314  -0.176208  0.983061  0.050408  0.060440  -0.040307  0.997358  0.000015  -0.012266  0.003843  0.075561  0.044359  0.243577  2.000000  
61.208262 0.001669  0.086850  -0.043800  0.982504  0.178784  -0.052183  -0.176210  0.983062  0.050384  0.060307  -0.040307  0.997366  -0.000305  -0.012297  0.003685  0.069307  0.031714  0.213777  2.000000  
61.209263 0.001667  0.086836  -0.043800  0.982467  0.178993  -0.052150  -0.176412  0.983019  0.050514  0.060307  -0.040428  0.997361  -0.000544  -0.012370  0.003371  0.063772  0.019828  0.180500  2.000000  
61.210264 0.001666  0.086823  -0.043799  0.982439  0.179190  -0.052009  -0.176616  0.982984  0.050501  0.060173  -0.040429  0.997369  -0.000743  -0.012447  0.003118  0.058880  0.006887  0.166170  2.000000  
61.211508 0.001663  0.086806  -0.043799  0.982439  0.179196  -0.051987  -0.176616  0.982977  0.050620  0.060173  -0.040550  0.997364  -0.001055  -0.012613  0.002678  0.000000  0.000000  0.000000  2.000000  
61.212510 0.001661  0.086793  -0.043798  0.982403  0.179405  -0.051955  -0.176818  0.982934  0.050750  0.060173  -0.040671  0.997359  -0.001275  -0.012760  0.002286  0.000000  0.000000  0.000000  2.000000  
61.213758 0.001659  0.086777  -0.043797  0.982403  0.179405  -0.051955  -0.176818  0.982934  0.050750  0.060173  -0.040671  0.997359  -0.001470  -0.012869  0.001903  0.000000  0.000000  0.000000  2.000000  
61.214763 0.001658  0.086764  -0.043797  0.982395  0.179410  -0.052086  -0.176816  0.982933  0.050774  0.060307  -0.040670  0.997351  -0.001573  -0.012972  0.001571  0.000000  0.000000  0.000000  2.000000  
61.216012 0.001656  0.086749  -0.043796  0.982358  0.179612  -0.052076  -0.177019  0.982896  0.050785  0.060307  -0.040670  0.997351  -0.001692  -0.012994  0.001224  0.000000  0.000000  0.000000  2.000000  
61.217023 0.001655  0.086738  -0.043795  0.982358  0.179612  -0.052076  -0.177019  0.982896  0.050785  0.060307  -0.040670  0.997351  -0.001717  -0.012920  0.000956  0.000000  0.000000  0.000000  2.000000  
61.218026 0.001654  0.086726  -0.043794  0.982322  0.179821  -0.052043  -0.177221  0.982853  0.050915  0.060307  -0.040791  0.997346  -0.001695  -0.012841  0.000870  0.000000  0.000000  0.000000  2.000000  
61.219265 0.001653  0.086713  -0.043792  0.982322  0.179821  -0.052043  -0.177221  0.982853  0.050915  0.060307  -0.040791  0.997346  -0.001571  -0.012636  0.000887  0.000000  0.000000  0.000000  2.000000  
61.220513 0.001653  0.086699  -0.043792  0.982285  0.180023  -0.052033  -0.177423  0.982816  0.050925  0.060307  -0.040791  0.997346  -0.001415  -0.012474  0.000822  0.000000  0.000000  0.000000  2.000000  
61.221766 0.001653  0.086685  -0.043791  0.982277  0.180029  -0.052164  -0.177422  0.982815  0.050949  0.060440  -0.040791  0.997338  -0.001216  -0.012224  0.000779  0.000000  0.000000  0.000000  2.000000  
61.223018 0.001654  0.086673  -0.043790  0.982241  0.180231  -0.052154  -0.177624  0.982778  0.050960  0.060440  -0.040791  0.997338  -0.000995  -0.011978  0.000649  0.000000  0.000000  0.000000  2.000000  
61.224263 0.001656  0.086661  -0.043789  0.982204  0.180433  -0.052143  -0.177826  0.982741  0.050971  0.060440  -0.040791  0.997338  -0.000744  -0.011651  0.000680  0.000000  0.000000  0.000000  2.000000  
61.225512 0.001658  0.086649  -0.043789  0.982196  0.180445  -0.052253  -0.177825  0.982734  0.051113  0.060574  -0.040912  0.997325  -0.000413  -0.011310  0.000703  0.000000  0.000000  0.000000  2.000000  
61.226512 0.001661  0.086639  -0.043788  0.982159  0.180654  -0.052220  -0.178027  0.982690  0.051243  0.060574  -0.041033  0.997320  -0.000127  -0.011053  0.000703  0.000000  0.000000  0.000000  2.000000  
61.227763 0.001664  0.086627  -0.043788  0.982123  0.180856  -0.052210  -0.178229  0.982653  0.051254  0.060574  -0.041033  0.997320  0.000257  -0.010817  0.000609  0.000000  0.000000  0.000000  2.000000  
61.229016 0.001667  0.086615  -0.043788  0.982086  0.181065  -0.052177  -0.178431  0.982610  0.051384  0.060574  -0.041154  0.997315  0.000632  -0.010569  0.000607  0.000000  0.000000  0.000000  2.000000  
61.230019 0.001671  0.086605  -0.043787  0.982049  0.181273  -0.052145  -0.178633  0.982566  0.051514  0.060574  -0.041275  0.997310  0.000933  -0.010370  0.000663  0.000000  0.000000  0.000000  2.000000  
61.231258 0.001675  0.086593  -0.043785  0.982013  0.181482  -0.052112  -0.178836  0.982523  0.051644  0.060574  -0.041396  0.997305  0.001298  -0.010222  0.000705  0.000000  0.000000  0.000000  2.000000  
61.232258 0.001679  0.086583  -0.043783  0.981976  0.181690  -0.052079  -0.179038  0.982479  0.051774  0.060574  -0.041516  0.997300  0.001614  -0.010080  0.000771  0.000000  0.000000  0.000000  2.000000  
61.233260 0.001683  0.086574  -0.043781  0.981939  0.181893  -0.052069  -0.179240  0.982442  0.051785  0.060574  -0.041516  0.997300  0.001973  -0.009950  0.000859  0.000000  0.000000  0.000000  2.000000  
61.234262 0.001688  0.086566  -0.043778  0.981902  0.182101  -0.052036  -0.179442  0.982398  0.051914  0.060574  -0.041637  0.997295  0.002320  -0.009781  0.000941  0.000000  0.000000  0.000000  2.000000  
61.235268 0.001693  0.086557  -0.043776  0.981828  0.182512  -0.051992  -0.179846  0.982316  0.052055  0.060574  -0.041758  0.997290  0.002680  -0.009594  0.001070  0.000000  0.000000  0.000000  2.000000  
61.236516 0.001699  0.086547  -0.043773  0.981799  0.182709  -0.051850  -0.180050  0.982280  0.052042  0.060440  -0.041759  0.997298  0.003095  -0.009389  0.001233  0.000000  0.000000  0.000000  2.000000  
61.237766 0.001705  0.086537  -0.043770  0.981762  0.182917  -0.051818  -0.180252  0.982236  0.052171  0.060440  -0.041880  0.997293  0.003431  -0.009199  0.001404  0.000000  0.000000  0.000000  2.000000  
61.239016 0.001711  0.086528  -0.043765  0.981687  0.183328  -0.051774  -0.180656  0.982154  0.052312  0.060440  -0.042001  0.997288  0.003760  -0.009004  0.001619  0.000000  0.000000  0.000000  2.000000  
61.240261 0.001718  0.086519  -0.043761  0.981658  0.183531  -0.051610  -0.180860  0.982111  0.052418  0.060307  -0.042122  0.997291  0.004026  -0.008794  0.001855  0.000000  0.000000  0.000000  2.000000  
61.241318 0.001723  0.086512  -0.043758  0.981621  0.183739  -0.051577  -0.181062  0.982067  0.052547  0.060307  -0.042243  0.997286  0.004194  -0.008594  0.002032  0.000000  0.000000  0.000000  2.000000  
61.242515 0.001728  0.086503  -0.043753  0.981584  0.183948  -0.051543  -0.181264  0.982023  0.052677  0.060307  -0.042364  0.997281  0.004370  -0.008367  0.002409  0.000000  0.000000  0.000000  2.000000  
61.243761 0.001734  0.086494  -0.043748  0.981509  0.184358  -0.051499  -0.181668  0.981940  0.052817  0.060307  -0.042485  0.997275  0.004505  -0.008179  0.002618  0.071172  -0.002412  0.165845  2.000000  
61.245008 0.001739  0.086485  -0.043744  0.981479  0.184561  -0.051335  -0.181872  0.981897  0.052923  0.060173  -0.042606  0.997278  0.004584  -0.008022  0.002895  0.075035  -0.011601  0.170933  2.000000  
61.246017 0.001743  0.086477  -0.043741  0.981442  0.184770  -0.051302  -0.182074  0.981853  0.053052  0.060173  -0.042727  0.997273  0.004580  -0.007861  0.002995  0.079719  -0.011705  0.172316  2.000000  
61.247023 0.001746  0.086469  -0.043739  0.981412  0.184978  -0.051115  -0.182277  0.981803  0.053277  0.060039  -0.042969  0.997271  0.004524  -0.007727  0.003014  0.087559  -0.016374  0.177571  2.000000  
61.248259 0.001750  0.086459  -0.043736  0.981337  0.185389  -0.051070  -0.182681  0.981720  0.053417  0.060039  -0.043090  0.997265  0.004446  -0.007707  0.003012  0.088011  -0.016691  0.184495  2.000000  
61.249513 0.001754  0.086448  -0.043732  0.981300  0.185597  -0.051037  -0.182883  0.981675  0.053546  0.060039  -0.043211  0.997260  0.004287  -0.007670  0.003041  0.092432  -0.016983  0.191264  2.000000  
61.250514 0.001756  0.086440  -0.043730  0.981262  0.185805  -0.051003  -0.183085  0.981631  0.053676  0.060039  -0.043332  0.997255  0.004129  -0.007699  0.003008  0.097282  -0.017137  0.192862  2.000000  
61.251766 0.001760  0.086429  -0.043728  0.981224  0.186020  -0.050947  -0.183287  0.981579  0.053925  0.060039  -0.043574  0.997244  0.003976  -0.007739  0.002979  0.104984  -0.021763  0.197907  2.000000  
61.252766 0.001763  0.086421  -0.043725  0.981186  0.186228  -0.050913  -0.183489  0.981534  0.054054  0.060039  -0.043695  0.997239  0.003818  -0.007769  0.002947  0.109949  -0.021959  0.199579  2.000000  
61.254018 0.001766  0.086410  -0.043722  0.981111  0.186638  -0.050868  -0.183893  0.981451  0.054194  0.060039  -0.043816  0.997234  0.003607  -0.007873  0.002889  0.114416  -0.022259  0.206430  2.000000  
61.255263 0.001768  0.086399  -0.043719  0.981073  0.186853  -0.050812  -0.184095  0.981399  0.054443  0.060039  -0.044058  0.997223  0.003334  -0.008030  0.002801  0.118939  -0.027086  0.213162  2.000000  
61.256512 0.001770  0.086388  -0.043717  0.981035  0.187061  -0.050778  -0.184297  0.981354  0.054572  0.060039  -0.044179  0.997218  0.003093  -0.008153  0.002662  0.117953  -0.026887  0.211392  2.000000  
61.257764 0.001773  0.086378  -0.043714  0.980997  0.187275  -0.050721  -0.184499  0.981303  0.054821  0.060039  -0.044421  0.997207  0.002859  -0.008279  0.002544  0.123023  -0.027152  0.213166  2.000000  
61.258768 0.001774  0.086368  -0.043712  0.980997  0.187281  -0.050699  -0.184499  0.981296  0.054940  0.060039  -0.044542  0.997202  0.002624  -0.008411  0.002394  0.126671  -0.026866  0.206243  2.000000  
61.260017 0.001776  0.086358  -0.043709  0.980959  0.187490  -0.050664  -0.184701  0.981251  0.055069  0.060039  -0.044663  0.997196  0.002408  -0.008491  0.002286  0.125634  -0.026671  0.204551  2.000000  
61.261260 0.001776  0.086346  -0.043707  0.980921  0.187704  -0.050608  -0.184903  0.981199  0.055318  0.060039  -0.044905  0.997185  0.002201  -0.008564  0.002213  0.130754  -0.026930  0.206245  2.000000  
61.262261 0.001778  0.086338  -0.043705  0.980921  0.187710  -0.050585  -0.184903  0.981192  0.055437  0.060039  -0.045026  0.997180  0.002049  -0.008638  0.002153  0.130333  -0.026655  0.199336  2.000000  
61.263263 0.001779  0.086329  -0.043703  0.980921  0.187716  -0.050562  -0.184903  0.981185  0.055556  0.060039  -0.045147  0.997175  0.001926  -0.008649  0.002139  0.129904  -0.026376  0.192414  2.000000  
61.264508 0.001781  0.086319  -0.043700  0.980883  0.187930  -0.050505  -0.185105  0.981133  0.055804  0.060039  -0.045389  0.997164  0.001808  -0.008628  0.002157  0.136518  -0.025886  0.184000  2.000000  
61.265508 0.001782  0.086311  -0.043697  0.980883  0.187937  -0.050482  -0.185105  0.981126  0.055923  0.060039  -0.045510  0.997158  0.001738  -0.008572  0.002216  0.136122  -0.025612  0.177175  2.000000  
61.266513 0.001783  0.086303  -0.043695  0.980875  0.187955  -0.050568  -0.185104  0.981112  0.056186  0.060173  -0.045751  0.997139  0.001607  -0.008520  0.002219  0.143788  -0.016420  0.170710  2.000000  
61.267514 0.001785  0.086295  -0.043693  0.980875  0.187961  -0.050545  -0.185104  0.981105  0.056305  0.060173  -0.045872  0.997133  0.001531  -0.008474  0.002205  0.144571  -0.016274  0.165232  2.000000  
61.268516 0.001786  0.086288  -0.043690  0.980837  0.188175  -0.050488  -0.185306  0.981052  0.056553  0.060173  -0.046114  0.997122  0.001450  -0.008451  0.002234  0.148631  -0.016302  0.165210  2.000000  
61.269766 0.001788  0.086278  -0.043688  0.980845  0.188175  -0.050334  -0.185307  0.981047  0.056648  0.060039  -0.046235  0.997125  0.001408  -0.008362  0.002142  0.000000  0.000000  0.000000  2.000000  
61.271019 0.001791  0.086269  -0.043685  0.980845  0.188187  -0.050288  -0.185307  0.981033  0.056886  0.060039  -0.046477  0.997113  0.001421  -0.008242  0.002122  0.000000  0.000000  0.000000  2.000000  
61.272262 0.001794  0.086260  -0.043682  0.980807  0.188396  -0.050254  -0.185509  0.980987  0.057015  0.060039  -0.046598  0.997108  0.001463  -0.008093  0.002216  0.000000  0.000000  0.000000  2.000000  
61.273513 0.001796  0.086251  -0.043678  0.980807  0.188408  -0.050208  -0.185509  0.980973  0.057253  0.060039  -0.046840  0.997096  0.001493  -0.007972  0.002278  0.000000  0.000000  0.000000  2.000000  
61.274513 0.001799  0.086244  -0.043676  0.980807  0.188414  -0.050185  -0.185509  0.980966  0.057372  0.060039  -0.046961  0.997091  0.001569  -0.007856  0.002317  0.000000  0.000000  0.000000  2.000000  
61.275762 0.001802  0.086236  -0.043671  0.980768  0.188622  -0.050150  -0.185711  0.980921  0.057501  0.060039  -0.047082  0.997085  0.001717  -0.007672  0.002464  0.000000  0.000000  0.000000  2.000000  
61.277025 0.001805  0.086228  -0.043667  0.980768  0.188634  -0.050105  -0.185711  0.980907  0.057739  0.060039  -0.047324  0.997074  0.001829  -0.007447  0.002614  0.000000  0.000000  0.000000  2.000000  
61.278260 0.001808  0.086220  -0.043662  0.980730  0.188842  -0.050070  -0.185913  0.980861  0.057868  0.060039  -0.047445  0.997068  0.001939  -0.007299  0.002739  0.000000  0.000000  0.000000  2.000000  
61.279261 0.001811  0.086214  -0.043658  0.980730  0.188848  -0.050047  -0.185913  0.980854  0.057987  0.060039  -0.047566  0.997062  0.002064  -0.007123  0.002829  0.000000  0.000000  0.000000  2.000000  
61.280263 0.001814  0.086208  -0.043655  0.980692  0.189062  -0.049989  -0.186115  0.980801  0.058236  0.060039  -0.047808  0.997050  0.002142  -0.007004  0.002868  0.000000  0.000000  0.000000  2.000000  
61.281510 0.001817  0.086202  -0.043650  0.980684  0.189074  -0.050097  -0.186113  0.980792  0.058380  0.060173  -0.047928  0.997037  0.002258  -0.006783  0.002993  0.000000  0.000000  0.000000  2.000000  
61.282513 0.001820  0.086197  -0.043646  0.980646  0.189282  -0.050062  -0.186315  0.980746  0.058509  0.060173  -0.048049  0.997031  0.002375  -0.006570  0.003098  0.000000  0.000000  0.000000  2.000000  
61.283762 0.001823  0.086191  -0.043641  0.980607  0.189497  -0.050004  -0.186517  0.980693  0.058757  0.060173  -0.048291  0.997019  0.002431  -0.006327  0.003267  0.000000  0.000000  0.000000  2.000000  
61.285036 0.001827  0.086186  -0.043636  0.980569  0.189711  -0.049946  -0.186719  0.980640  0.059005  0.060173  -0.048533  0.997007  0.002517  -0.006046  0.003483  0.000000  0.000000  0.000000  2.000000  
61.286261 0.001830  0.086181  -0.043630  0.980530  0.189925  -0.049888  -0.186921  0.980586  0.059253  0.060173  -0.048775  0.996996  0.002596  -0.005759  0.003717  0.000000  0.000000  0.000000  2.000000  
61.287263 0.001832  0.086176  -0.043625  0.980492  0.190132  -0.049853  -0.187123  0.980540  0.059383  0.060173  -0.048896  0.996990  0.002588  -0.005556  0.003856  0.000000  0.000000  0.000000  2.000000  
61.288511 0.001835  0.086172  -0.043619  0.980453  0.190346  -0.049794  -0.187324  0.980486  0.059631  0.060173  -0.049137  0.996978  0.002588  -0.005293  0.003955  0.000000  0.000000  0.000000  2.000000  
61.289511 0.001837  0.086168  -0.043614  0.980415  0.190560  -0.049736  -0.187526  0.980433  0.059879  0.060173  -0.049379  0.996966  0.002575  -0.005092  0.004136  0.000000  0.000000  0.000000  2.000000  
61.290758 0.001840  0.086164  -0.043607  0.980330  0.190983  -0.049796  -0.187928  0.980338  0.060162  0.060307  -0.049621  0.996946  0.002570  -0.004791  0.004273  0.000000  0.000000  0.000000  2.000000  
61.291761 0.001842  0.086160  -0.043602  0.980291  0.191196  -0.049737  -0.188130  0.980284  0.060410  0.060307  -0.049863  0.996934  0.002496  -0.004632  0.004376  0.000000  0.000000  0.000000  2.000000  
61.293118 0.001844  0.086156  -0.043597  0.980252  0.191404  -0.049701  -0.188332  0.980238  0.060539  0.060307  -0.049984  0.996928  0.002400  -0.004256  0.004400  0.000000  0.000000  0.000000  2.000000  
61.294262 0.001846  0.086151  -0.043589  0.980174  0.191826  -0.049607  -0.188736  0.980137  0.060917  0.060307  -0.050346  0.996909  0.002292  -0.004147  0.004704  0.000000  0.000000  0.000000  2.000000  
61.295516 0.001848  0.086148  -0.043581  0.980089  0.192248  -0.049666  -0.189138  0.980042  0.061200  0.060440  -0.050588  0.996889  0.002188  -0.003932  0.004889  0.000000  0.000000  0.000000  2.000000  
61.296760 0.001849  0.086144  -0.043574  0.980011  0.192664  -0.049594  -0.189541  0.979947  0.061458  0.060440  -0.050830  0.996877  0.002058  -0.003784  0.004998  0.000000  0.000000  0.000000  2.000000  
61.297761 0.001849  0.086141  -0.043568  0.979972  0.192877  -0.049534  -0.189743  0.979893  0.061706  0.060440  -0.051071  0.996864  0.001912  -0.003668  0.005160  0.179358  0.001249  0.157816  2.000000  
61.298763 0.001850  0.086138  -0.043561  0.979886  0.193294  -0.049616  -0.190145  0.979805  0.061871  0.060574  -0.051192  0.996850  0.001761  -0.003506  0.005344  0.179772  0.005351  0.164865  2.000000  
61.300008 0.001851  0.086135  -0.043553  0.979807  0.193709  -0.049544  -0.190548  0.979710  0.062129  0.060574  -0.051434  0.996838  0.001598  -0.003391  0.005527  0.184655  0.009107  0.178792  2.000000  
61.301011 0.001851  0.086132  -0.043546  0.979729  0.194124  -0.049471  -0.190952  0.979615  0.062387  0.060574  -0.051676  0.996825  0.001459  -0.003297  0.005686  0.185494  0.008390  0.192492  2.000000  
61.302014 0.001851  0.086129  -0.043540  0.979650  0.194540  -0.049398  -0.191355  0.979520  0.062645  0.060574  -0.051917  0.996813  0.001253  -0.003226  0.005771  0.190319  0.007677  0.206129  2.000000  
61.303015 0.001851  0.086127  -0.043534  0.979563  0.194962  -0.049456  -0.191757  0.979423  0.062928  0.060707  -0.052159  0.996792  0.001086  -0.003128  0.005863  0.194795  0.011755  0.213197  2.000000  
61.304015 0.001850  0.086124  -0.043527  0.979484  0.195371  -0.049407  -0.192160  0.979335  0.063068  0.060707  -0.052280  0.996786  0.000905  -0.003033  0.006010  0.197239  0.011141  0.228756  2.000000  
61.305015 0.001850  0.086122  -0.043520  0.979405  0.195786  -0.049333  -0.192563  0.979239  0.063326  0.060707  -0.052522  0.996773  0.000773  -0.002948  0.006092  0.198083  0.010396  0.242564  2.000000  
61.306028 0.001849  0.086119  -0.043513  0.979365  0.196000  -0.049273  -0.192765  0.979183  0.063573  0.060707  -0.052763  0.996760  0.000571  -0.002893  0.006218  0.202078  0.010348  0.242468  2.000000  
61.307264 0.001848  0.086116  -0.043503  0.979238  0.196623  -0.049316  -0.193368  0.979045  0.063867  0.060841  -0.053005  0.996739  0.000375  -0.002772  0.006411  0.207516  0.013759  0.263498  2.000000  
61.308513 0.001848  0.086114  -0.043493  0.979158  0.197045  -0.049218  -0.193771  0.978941  0.064244  0.060841  -0.053367  0.996720  0.000195  -0.002686  0.006598  0.212010  0.013329  0.270400  2.000000  
61.309766 0.001847  0.086111  -0.043484  0.979038  0.197661  -0.049131  -0.194376  0.978803  0.064511  0.060841  -0.053609  0.996707  0.000012  -0.002608  0.006803  0.216878  0.012577  0.284139  2.000000  
61.311016 0.001845  0.086108  -0.043474  0.978950  0.198083  -0.049187  -0.194778  0.978705  0.064795  0.060974  -0.053851  0.996686  -0.000157  -0.002523  0.006938  0.217784  0.011805  0.297974  2.000000  
61.312019 0.001844  0.086106  -0.043465  0.978870  0.198498  -0.049112  -0.195181  0.978607  0.065053  0.060974  -0.054092  0.996673  -0.000321  -0.002483  0.007141  0.222218  0.011395  0.304789  2.000000  
61.313260 0.001843  0.086103  -0.043455  0.978749  0.199114  -0.049024  -0.195785  0.978469  0.065320  0.060974  -0.054334  0.996659  -0.000494  -0.002428  0.007267  0.223122  0.010614  0.318678  2.000000  
61.314508 0.001842  0.086100  -0.043445  0.978620  0.199737  -0.049066  -0.196388  0.978328  0.065614  0.061108  -0.054575  0.996638  -0.000603  -0.002378  0.007421  0.226182  0.014216  0.329966  2.000000  
61.315513 0.001841  0.086098  -0.043437  0.978539  0.200152  -0.048990  -0.196791  0.978230  0.065872  0.061108  -0.054817  0.996625  -0.000679  -0.002319  0.007523  0.228484  0.013896  0.339615  2.000000  
61.316763 0.001840  0.086096  -0.043426  0.978410  0.200775  -0.049031  -0.197394  0.978089  0.066166  0.061241  -0.055059  0.996603  -0.000793  -0.002286  0.007666  0.229449  0.017593  0.353803  2.000000  
61.318019 0.001838  0.086093  -0.043415  0.978287  0.201391  -0.048942  -0.197998  0.977949  0.066433  0.061241  -0.055300  0.996590  -0.000845  -0.002240  0.007857  0.230144  0.016774  0.367377  2.000000  
61.319266 0.001837  0.086090  -0.043404  0.978124  0.202202  -0.048862  -0.198804  0.977774  0.066592  0.061241  -0.055421  0.996583  -0.000890  -0.002185  0.008076  0.227346  0.015621  0.388100  2.000000  
61.320516 0.001836  0.086088  -0.043393  0.977993  0.202831  -0.048878  -0.199406  0.977623  0.067005  0.061375  -0.055783  0.996555  -0.000952  -0.002179  0.008236  0.231870  0.015137  0.394954  2.000000  
61.321767 0.001835  0.086085  -0.043382  0.977828  0.203648  -0.048773  -0.200211  0.977440  0.067282  0.061375  -0.056025  0.996541  -0.000940  -0.002132  0.008346  0.233134  0.013942  0.415647  2.000000  
61.323019 0.001833  0.086082  -0.043371  0.977655  0.204472  -0.048799  -0.201015  0.977254  0.067586  0.061509  -0.056266  0.996519  -0.000987  -0.002151  0.008457  0.237368  0.017172  0.434499  2.000000  
61.324262 0.001832  0.086080  -0.043359  0.977481  0.205302  -0.048799  -0.201818  0.977059  0.068009  0.061642  -0.056629  0.996491  -0.000965  -0.002129  0.008569  0.238994  0.021218  0.443792  2.000000  
61.325262 0.001832  0.086078  -0.043350  0.977356  0.205917  -0.048707  -0.202422  0.976915  0.068276  0.061642  -0.056870  0.996477  -0.000968  -0.002119  0.008701  0.239922  0.015880  0.457450  2.000000  
61.326512 0.001831  0.086076  -0.043338  0.977140  0.206942  -0.048717  -0.203426  0.976685  0.068590  0.061776  -0.057112  0.996455  -0.000958  -0.002107  0.008816  0.241172  0.019136  0.478292  2.000000  
61.327763 0.001829  0.086073  -0.043326  0.976964  0.207771  -0.048716  -0.204229  0.976487  0.069013  0.061909  -0.057474  0.996426  -0.000953  -0.002132  0.008863  0.246217  0.022739  0.492512  2.000000  
61.328765 0.001829  0.086070  -0.043317  0.976795  0.208587  -0.048608  -0.205033  0.976299  0.069290  0.061909  -0.057715  0.996412  -0.000931  -0.002109  0.008968  0.247392  0.016987  0.512699  2.000000  
61.330010 0.001828  0.086068  -0.043304  0.976618  0.209411  -0.048631  -0.205836  0.976109  0.069594  0.062043  -0.057957  0.996389  -0.000914  -0.002087  0.009123  0.247894  0.020977  0.519935  2.000000  
61.331258 0.001826  0.086065  -0.043292  0.976397  0.210441  -0.048613  -0.206839  0.975866  0.070027  0.062176  -0.058319  0.996360  -0.000936  -0.002126  0.009194  0.251611  0.023589  0.543253  2.000000  
61.332260 0.001825  0.086063  -0.043282  0.976218  0.211258  -0.048660  -0.207642  0.975682  0.070213  0.062310  -0.058439  0.996344  -0.000904  -0.002131  0.009305  0.252529  0.027223  0.557264  2.000000  
61.333508 0.001824  0.086060  -0.043269  0.975996  0.212287  -0.048641  -0.208645  0.975437  0.070646  0.062443  -0.058801  0.996315  -0.000878  -0.002135  0.009465  0.257498  0.026294  0.570961  2.000000  
61.334508 0.001823  0.086057  -0.043259  0.975816  0.213104  -0.048687  -0.209447  0.975251  0.070832  0.062577  -0.058922  0.996299  -0.000920  -0.002156  0.009537  0.254345  0.029880  0.584908  2.000000  
61.335516 0.001822  0.086055  -0.043249  0.975635  0.213927  -0.048707  -0.210248  0.975057  0.071137  0.062710  -0.059163  0.996277  -0.000920  -0.002181  0.009628  0.257283  0.033694  0.603657  2.000000  
61.336518 0.001821  0.086053  -0.043238  0.975401  0.214957  -0.048842  -0.211249  0.974815  0.071480  0.062977  -0.059403  0.996245  -0.000947  -0.002191  0.009784  0.258668  0.036869  0.624548  2.000000  
61.337765 0.001819  0.086050  -0.043225  0.975175  0.215980  -0.048847  -0.212251  0.974574  0.071795  0.063111  -0.059645  0.996223  -0.000990  -0.002213  0.009862  0.255990  0.040008  0.645671  2.000000  
61.339015 0.001817  0.086046  -0.043213  0.974896  0.217211  -0.048966  -0.213452  0.974286  0.072148  0.063378  -0.059885  0.996191  -0.001046  -0.002309  0.009926  0.259856  0.046940  0.668581  2.000000  
61.340015 0.001816  0.086043  -0.043202  0.974667  0.218234  -0.048969  -0.214453  0.974042  0.072464  0.063512  -0.060126  0.996168  -0.001081  -0.002318  0.010024  0.258705  0.046304  0.687460  2.000000  
61.341262 0.001813  0.086039  -0.043188  0.974385  0.219465  -0.049086  -0.215653  0.973751  0.072818  0.063779  -0.060367  0.996137  -0.001188  -0.002449  0.010147  0.260505  0.053531  0.715514  2.000000  
61.342512 0.001811  0.086035  -0.043174  0.974056  0.220895  -0.049188  -0.217054  0.973413  0.073183  0.064046  -0.060608  0.996105  -0.001264  -0.002519  0.010303  0.260625  0.059859  0.744404  2.000000  
61.343513 0.001809  0.086032  -0.043163  0.973816  0.221925  -0.049319  -0.218053  0.973163  0.073528  0.064313  -0.060848  0.996073  -0.001312  -0.002598  0.010429  0.263800  0.063864  0.764623  2.000000  
61.344763 0.001805  0.086027  -0.043149  0.973484  0.223355  -0.049418  -0.219452  0.972821  0.073893  0.064580  -0.061089  0.996041  -0.001499  -0.002750  0.010520  0.265618  0.071049  0.792662  2.000000  
61.346011 0.001802  0.086022  -0.043135  0.973149  0.224785  -0.049517  -0.220851  0.972476  0.074259  0.064847  -0.061329  0.996009  -0.001621  -0.002917  0.010653  0.269771  0.077242  0.820946  2.000000  
61.347023 0.001799  0.086018  -0.043123  0.972905  0.225814  -0.049646  -0.221848  0.972223  0.074605  0.065114  -0.061570  0.995977  -0.001761  -0.003029  0.010767  0.272962  0.081339  0.841550  2.000000  
61.348262 0.001795  0.086012  -0.043109  0.972558  0.227251  -0.049873  -0.223244  0.971873  0.075002  0.065514  -0.061810  0.995935  -0.001991  -0.003237  0.010852  0.272733  0.092251  0.863117  2.000000  
61.349513 0.001791  0.086007  -0.043093  0.972164  0.228887  -0.050083  -0.224840  0.971473  0.075410  0.065915  -0.062050  0.995894  -0.002167  -0.003400  0.011060  0.275110  0.098917  0.897722  2.000000  
61.350760 0.001787  0.086001  -0.043077  0.971813  0.230324  -0.050308  -0.226235  0.971118  0.075808  0.066315  -0.062290  0.995853  -0.002334  -0.003576  0.011249  0.276619  0.110847  0.919092  2.000000  
61.351765 0.001783  0.085996  -0.043064  0.971507  0.231560  -0.050547  -0.227429  0.970809  0.076197  0.066716  -0.062530  0.995811  -0.002540  -0.003775  0.011461  0.278100  0.122751  0.940347  2.000000  
61.352767 0.001779  0.085991  -0.043051  0.971199  0.232795  -0.050786  -0.228622  0.970498  0.076586  0.067116  -0.062770  0.995769  -0.002711  -0.003933  0.011651  0.281589  0.131713  0.962622  2.000000  
61.354029 0.001774  0.085985  -0.043033  0.970795  0.234424  -0.051020  -0.230215  0.970098  0.076880  0.067517  -0.062889  0.995734  -0.002930  -0.004112  0.011961  0.275302  0.138717  0.990125  2.000000  
61.355264 0.001768  0.085978  -0.043015  0.970379  0.236067  -0.051354  -0.231806  0.969684  0.077323  0.068051  -0.063128  0.995683  -0.003150  -0.004299  0.012249  0.277489  0.154836  1.019262  2.000000  
61.356512 0.001762  0.085971  -0.042996  0.969912  0.237908  -0.051671  -0.233595  0.969218  0.077778  0.068585  -0.063367  0.995631  -0.003438  -0.004553  0.012638  0.276012  0.165911  1.054595  2.000000  
61.357513 0.001757  0.085965  -0.042981  0.969557  0.239328  -0.051789  -0.234988  0.968861  0.078032  0.068852  -0.063487  0.995605  -0.003623  -0.004714  0.012931  0.273524  0.168966  1.075651  2.000000  
61.358762 0.001750  0.085957  -0.042962  0.969035  0.241367  -0.052087  -0.236975  0.968339  0.078500  0.069386  -0.063726  0.995552  -0.003889  -0.004919  0.013332  0.274246  0.182616  1.108875  2.000000  
61.359764 0.001744  0.085951  -0.042946  0.968665  0.242794  -0.052333  -0.238364  0.967975  0.078788  0.069786  -0.063845  0.995517  -0.004137  -0.005122  0.013585  0.274080  0.191622  1.139202  2.000000  
61.361016 0.001736  0.085942  -0.042926  0.968186  0.244633  -0.052645  -0.240149  0.967496  0.079248  0.070320  -0.064084  0.995464  -0.004425  -0.005374  0.013972  0.272166  0.203011  1.167423  2.000000  
61.362023 0.001730  0.085935  -0.042909  0.967811  0.246058  -0.052888  -0.241538  0.967126  0.079538  0.070720  -0.064203  0.995428  -0.004627  -0.005504  0.014340  0.273811  0.210538  1.188461  2.000000  
61.363260 0.001722  0.085926  -0.042887  0.967325  0.247896  -0.053197  -0.243321  0.966641  0.080000  0.071254  -0.064442  0.995374  -0.004881  -0.005741  0.014762  0.272079  0.222016  1.217343  2.000000  
61.364513 0.001713  0.085916  -0.042865  0.966835  0.249733  -0.053505  -0.245104  0.966152  0.080464  0.071788  -0.064681  0.995320  -0.005192  -0.006036  0.015174  0.274477  0.229031  1.245736  2.000000  
61.365760 0.001704  0.085907  -0.042843  0.966291  0.251761  -0.053824  -0.247084  0.965618  0.080823  0.072322  -0.064799  0.995274  -0.005528  -0.006279  0.015621  0.275387  0.237780  1.277229  2.000000  
61.367023 0.001694  0.085897  -0.042819  0.965734  0.253804  -0.054241  -0.249061  0.965067  0.081334  0.072989  -0.065038  0.995210  -0.005871  -0.006587  0.016139  0.277764  0.253574  1.305733  2.000000  
61.368264 0.001685  0.085886  -0.042795  0.965233  0.255632  -0.054575  -0.250840  0.964576  0.081685  0.073523  -0.065156  0.995163  -0.006099  -0.006827  0.016571  0.273375  0.263466  1.330906  2.000000  
61.369268 0.001677  0.085878  -0.042776  0.964789  0.257252  -0.054795  -0.252421  0.964137  0.081993  0.073923  -0.065274  0.995125  -0.006417  -0.007069  0.016925  0.271486  0.270403  1.358741  2.000000  
61.370276 0.001668  0.085869  -0.042756  0.964386  0.258682  -0.055161  -0.253801  0.963747  0.082324  0.074457  -0.065393  0.995078  -0.006666  -0.007295  0.017273  0.272872  0.278237  1.372545  2.000000  
61.371515 0.001658  0.085858  -0.042731  0.963770  0.260911  -0.055426  -0.255974  0.963129  0.082819  0.074991  -0.065631  0.995022  -0.006970  -0.007551  0.017759  0.271380  0.285172  1.401320  2.000000  
61.372765 0.001647  0.085847  -0.042704  0.963193  0.262942  -0.055866  -0.257945  0.962569  0.083222  0.075658  -0.065749  0.994964  -0.007283  -0.007808  0.018296  0.269912  0.296659  1.429879  2.000000  
61.374018 0.001635  0.085835  -0.042677  0.962718  0.264577  -0.056340  -0.259518  0.962113  0.083604  0.076325  -0.065866  0.994905  -0.007577  -0.008052  0.018755  0.266967  0.309408  1.437557  2.000000  
61.375263 0.001623  0.085823  -0.042650  0.962142  0.266598  -0.056649  -0.261488  0.961547  0.083976  0.076858  -0.065984  0.994856  -0.007917  -0.008325  0.019261  0.263738  0.313343  1.460574  2.000000  
61.376512 0.001610  0.085811  -0.042622  0.961453  0.269013  -0.056922  -0.263854  0.960865  0.084373  0.077392  -0.066102  0.994807  -0.008262  -0.008571  0.019716  0.259913  0.318727  1.493571  2.000000  
