1-Time 2-Px 3-Py 4-Pz 5-R11 6-R21 7-R31 8-R12 9-R22 10-R32 11-R13 12-R23 13-R33 14-Vx 15-Vy 16-Vz 17-Wx 18-Wy 19-Wz 20-state 21-PR11 22-PR21 23-PR31 24-PR12 25-PR22 26-PR32 27-PR13 28-PR23 29-PR33 
227.840233 -0.004173  0.083670  -0.018134  0.997780  -0.047249  -0.046940  0.047898  0.019346  0.998665  -0.046278  -0.998696  0.021566  0.002043  0.001993  0.000937  0.000000  0.000000  0.000000  2.000000  
227.841245 -0.004171  0.083672  -0.018133  0.997780  -0.047249  -0.046940  0.047898  0.019346  0.998665  -0.046278  -0.998696  0.021566  0.002018  0.001947  0.000928  0.000000  0.000000  0.000000  2.000000  
227.842501 -0.004171  0.083670  -0.018132  0.997766  -0.047123  -0.047355  0.048309  0.019333  0.998645  -0.046144  -0.998702  0.021566  0.001835  0.001651  0.000861  0.000000  0.000000  0.000000  2.000000  
227.843502 -0.004172  0.083668  -0.018133  0.997762  -0.046994  -0.047563  0.048515  0.019330  0.998635  -0.046010  -0.998708  0.021566  0.001630  0.001358  0.000733  0.000000  0.000000  0.000000  2.000000  
227.844737 -0.004173  0.083665  -0.018133  0.997764  -0.046731  -0.047774  0.048721  0.019333  0.998625  -0.045743  -0.998720  0.021567  0.001407  0.000949  0.000658  0.000000  0.000000  0.000000  2.000000  
227.845737 -0.004174  0.083662  -0.018133  0.997771  -0.046598  -0.047777  0.048721  0.019340  0.998625  -0.045610  -0.998727  0.021567  0.001233  0.000631  0.000599  0.000000  0.000000  0.000000  2.000000  
227.846985 -0.004175  0.083658  -0.018132  0.997760  -0.046602  -0.047983  0.048927  0.019330  0.998615  -0.045610  -0.998727  0.021567  0.000964  0.000184  0.000590  0.000000  0.000000  0.000000  2.000000  
227.847991 -0.004176  0.083654  -0.018132  0.997750  -0.046600  -0.048194  0.049132  0.019199  0.998608  -0.045610  -0.998729  0.021446  0.000741  -0.000225  0.000514  0.000000  0.000000  0.000000  2.000000  
227.849234 -0.004177  0.083650  -0.018133  0.997730  -0.046608  -0.048605  0.049543  0.019180  0.998588  -0.045610  -0.998729  0.021446  0.000498  -0.000659  0.000386  0.000000  0.000000  0.000000  2.000000  
227.850496 -0.004177  0.083646  -0.018133  0.997726  -0.046478  -0.048814  0.049749  0.019177  0.998578  -0.045476  -0.998735  0.021446  0.000323  -0.001070  0.000299  0.000000  0.000000  0.000000  2.000000  
227.851734 -0.004178  0.083642  -0.018133  0.997722  -0.046355  -0.049016  0.049954  0.019295  0.998565  -0.045342  -0.998739  0.021567  0.000094  -0.001456  0.000216  0.000000  0.000000  0.000000  2.000000  
227.852737 -0.004179  0.083639  -0.018134  0.997713  -0.046096  -0.049433  0.050366  0.019290  0.998545  -0.045075  -0.998751  0.021567  -0.000131  -0.001820  0.000087  0.000000  0.000000  0.000000  2.000000  
227.853984 -0.004182  0.083635  -0.018136  0.997698  -0.045970  -0.049847  0.050777  0.019278  0.998524  -0.044941  -0.998757  0.021567  -0.000444  -0.002273  -0.000083  0.000000  0.000000  0.000000  2.000000  
227.855236 -0.004185  0.083629  -0.018138  0.997694  -0.045841  -0.050056  0.050983  0.019275  0.998514  -0.044808  -0.998763  0.021568  -0.000870  -0.002862  -0.000303  0.000000  0.000000  0.000000  2.000000  
227.856237 -0.004189  0.083623  -0.018139  0.997689  -0.045711  -0.050264  0.051188  0.019272  0.998503  -0.044674  -0.998769  0.021568  -0.001169  -0.003281  -0.000421  0.000000  0.000000  0.000000  2.000000  
227.857493 -0.004194  0.083615  -0.018140  0.997685  -0.045582  -0.050473  0.051394  0.019270  0.998493  -0.044540  -0.998775  0.021568  -0.001547  -0.003716  -0.000504  0.000000  0.000000  0.000000  2.000000  
227.858511 -0.004199  0.083608  -0.018140  0.997680  -0.045452  -0.050681  0.051600  0.019267  0.998482  -0.044407  -0.998781  0.021568  -0.001790  -0.004032  -0.000477  0.000000  0.000000  0.000000  2.000000  
227.859737 -0.004205  0.083599  -0.018140  0.997665  -0.045327  -0.051095  0.052011  0.019256  0.998461  -0.044273  -0.998787  0.021568  -0.002132  -0.004379  -0.000464  0.000000  0.000000  0.000000  2.000000  
227.860988 -0.004211  0.083590  -0.018139  0.997660  -0.045197  -0.051304  0.052216  0.019253  0.998450  -0.044139  -0.998793  0.021568  -0.002473  -0.004751  -0.000396  0.000000  0.000000  0.000000  2.000000  
227.862236 -0.004216  0.083581  -0.018137  0.997666  -0.045070  -0.051301  0.052217  0.019381  0.998448  -0.044006  -0.998796  0.021689  -0.002702  -0.005040  -0.000327  0.000000  0.000000  0.000000  2.000000  
227.863499 -0.004220  0.083573  -0.018136  0.997667  -0.044807  -0.051512  0.052423  0.019386  0.998437  -0.043738  -0.998808  0.021690  -0.002959  -0.005309  -0.000260  0.000000  0.000000  0.000000  2.000000  
227.864740 -0.004223  0.083565  -0.018136  0.997662  -0.044671  -0.051726  0.052628  0.019263  0.998428  -0.043605  -0.998816  0.021569  -0.003131  -0.005577  -0.000236  0.000000  0.000000  0.000000  2.000000  
227.865981 -0.004226  0.083558  -0.018135  0.997668  -0.044538  -0.051729  0.052629  0.019270  0.998428  -0.043471  -0.998822  0.021569  -0.003199  -0.005800  -0.000168  0.000000  0.000000  0.000000  2.000000  
227.866983 -0.004227  0.083552  -0.018135  0.997673  -0.044404  -0.051732  0.052629  0.019277  0.998428  -0.043337  -0.998828  0.021569  -0.003227  -0.005958  -0.000160  0.000000  0.000000  0.000000  2.000000  
227.867985 -0.004228  0.083547  -0.018136  0.997679  -0.044271  -0.051735  0.052629  0.019284  0.998428  -0.043204  -0.998833  0.021569  -0.003225  -0.006096  -0.000136  0.000000  0.000000  0.000000  2.000000  
227.869236 -0.004229  0.083540  -0.018136  0.997674  -0.044141  -0.051943  0.052835  0.019282  0.998417  -0.043070  -0.998839  0.021569  -0.003156  -0.006272  -0.000001  0.000000  0.000000  0.000000  2.000000  
227.870238 -0.004231  0.083534  -0.018136  0.997680  -0.044014  -0.051941  0.052835  0.019410  0.998415  -0.042936  -0.998842  0.021690  -0.003034  -0.006348  0.000135  0.000000  0.000000  0.000000  2.000000  
227.871490 -0.004232  0.083525  -0.018135  0.997680  -0.044014  -0.051941  0.052835  0.019410  0.998415  -0.042936  -0.998842  0.021690  -0.002789  -0.006402  0.000301  0.000000  0.000000  0.000000  2.000000  
227.872491 -0.004234  0.083518  -0.018134  0.997685  -0.043881  -0.051944  0.052836  0.019417  0.998414  -0.042802  -0.998848  0.021691  -0.002648  -0.006417  0.000423  0.000000  0.000000  0.000000  2.000000  
227.873500 -0.004236  0.083512  -0.018132  0.997696  -0.043877  -0.051738  0.052630  0.019426  0.998425  -0.042802  -0.998848  0.021691  -0.002457  -0.006411  0.000501  0.000000  0.000000  0.000000  2.000000  
227.874509 -0.004238  0.083505  -0.018131  0.997696  -0.043877  -0.051738  0.052630  0.019426  0.998425  -0.042802  -0.998848  0.021691  -0.002213  -0.006361  0.000577  0.000000  0.000000  0.000000  2.000000  
227.875745 -0.004240  0.083497  -0.018130  0.997702  -0.043743  -0.051741  0.052631  0.019433  0.998425  -0.042669  -0.998854  0.021691  -0.001942  -0.006297  0.000608  0.000000  0.000000  0.000000  2.000000  
227.876991 -0.004241  0.083489  -0.018129  0.997708  -0.043610  -0.051744  0.052631  0.019440  0.998425  -0.042535  -0.998859  0.021691  -0.001728  -0.006248  0.000561  0.000000  0.000000  0.000000  2.000000  
227.878237 -0.004243  0.083482  -0.018128  0.997719  -0.043343  -0.051750  0.052632  0.019454  0.998424  -0.042268  -0.998871  0.021691  -0.001533  -0.006181  0.000543  0.000000  0.000000  0.000000  2.000000  
227.879488 -0.004243  0.083476  -0.018127  0.997725  -0.043209  -0.051753  0.052632  0.019461  0.998424  -0.042134  -0.998876  0.021691  -0.001325  -0.006073  0.000614  0.000000  0.000000  0.000000  2.000000  
227.880489 -0.004242  0.083472  -0.018126  0.997736  -0.043212  -0.051542  0.052426  0.019591  0.998433  -0.042134  -0.998874  0.021812  -0.001120  -0.005923  0.000632  0.000000  0.000000  0.000000  2.000000  
227.881734 -0.004240  0.083467  -0.018124  0.997741  -0.043078  -0.051545  0.052427  0.019598  0.998432  -0.042000  -0.998879  0.021812  -0.000896  -0.005769  0.000744  0.000000  0.000000  0.000000  2.000000  
227.882736 -0.004239  0.083463  -0.018124  0.997741  -0.043084  -0.051540  0.052427  0.019719  0.998430  -0.042000  -0.998877  0.021934  -0.000736  -0.005689  0.000840  0.000000  0.000000  0.000000  2.000000  
227.883981 -0.004238  0.083459  -0.018122  0.997752  -0.043080  -0.051334  0.052221  0.019728  0.998441  -0.042000  -0.998877  0.021934  -0.000573  -0.005509  0.000953  0.000000  0.000000  0.000000  2.000000  
227.884985 -0.004237  0.083455  -0.018121  0.997752  -0.043087  -0.051329  0.052221  0.019849  0.998438  -0.042000  -0.998874  0.022055  -0.000463  -0.005378  0.001002  0.000000  0.000000  0.000000  2.000000  
227.885987 -0.004237  0.083450  -0.018121  0.997752  -0.043093  -0.051324  0.052221  0.019970  0.998436  -0.042000  -0.998871  0.022176  -0.000347  -0.005225  0.001007  0.000000  0.000000  0.000000  2.000000  
227.887232 -0.004237  0.083444  -0.018120  0.997768  -0.042955  -0.051121  0.052016  0.019986  0.998446  -0.041867  -0.998877  0.022176  -0.000217  -0.005058  0.000931  0.000000  0.000000  0.000000  2.000000  
227.888233 -0.004237  0.083439  -0.018120  0.997774  -0.042828  -0.051119  0.052016  0.020114  0.998444  -0.041733  -0.998880  0.022297  -0.000118  -0.004909  0.000839  0.000000  0.000000  0.000000  2.000000  
227.889234 -0.004238  0.083434  -0.018122  0.997774  -0.042828  -0.051119  0.052016  0.020114  0.998444  -0.041733  -0.998880  0.022297  -0.000022  -0.004813  0.000667  0.000000  0.000000  0.000000  2.000000  
227.890487 -0.004239  0.083429  -0.018124  0.997779  -0.042701  -0.051117  0.052017  0.020242  0.998441  -0.041599  -0.998883  0.022419  0.000035  -0.004671  0.000417  0.000000  0.000000  0.000000  2.000000  
227.891493 -0.004240  0.083424  -0.018126  0.997790  -0.042697  -0.050911  0.051811  0.020251  0.998452  -0.041599  -0.998883  0.022419  0.000107  -0.004551  0.000215  0.000000  0.000000  0.000000  2.000000  
227.892739 -0.004241  0.083418  -0.018129  0.997796  -0.042569  -0.050909  0.051812  0.020379  0.998449  -0.041466  -0.998886  0.022540  0.000133  -0.004428  -0.000055  0.000000  0.000000  0.000000  2.000000  
227.893742 -0.004241  0.083414  -0.018131  0.997796  -0.042569  -0.050909  0.051812  0.020379  0.998449  -0.041466  -0.998886  0.022540  0.000101  -0.004339  -0.000223  0.000000  0.000000  0.000000  2.000000  
227.894988 -0.004241  0.083410  -0.018132  0.997801  -0.042436  -0.050912  0.051812  0.020386  0.998449  -0.041332  -0.998891  0.022540  0.000063  -0.004229  -0.000400  0.000000  0.000000  0.000000  2.000000  
227.896237 -0.004242  0.083407  -0.018134  0.997807  -0.042308  -0.050910  0.051812  0.020514  0.998446  -0.041198  -0.998894  0.022661  -0.000052  -0.004112  -0.000627  0.000000  0.000000  0.000000  2.000000  
227.897491 -0.004242  0.083403  -0.018136  0.997807  -0.042308  -0.050910  0.051812  0.020514  0.998446  -0.041198  -0.998894  0.022661  -0.000193  -0.004093  -0.000832  0.000000  0.000000  0.000000  2.000000  
227.898736 -0.004243  0.083400  -0.018139  0.997812  -0.042181  -0.050908  0.051813  0.020642  0.998443  -0.041065  -0.998897  0.022783  -0.000345  -0.004020  -0.001142  0.000000  0.000000  0.000000  2.000000  
227.899984 -0.004244  0.083395  -0.018142  0.997812  -0.042187  -0.050903  0.051813  0.020763  0.998441  -0.041065  -0.998894  0.022904  -0.000484  -0.003956  -0.001390  0.000000  0.000000  0.000000  2.000000  
227.901234 -0.004246  0.083391  -0.018145  0.997812  -0.042193  -0.050897  0.051813  0.020884  0.998438  -0.041065  -0.998891  0.023025  -0.000596  -0.003815  -0.001649  0.000000  0.000000  0.000000  2.000000  
227.902484 -0.004248  0.083388  -0.018148  0.997818  -0.042066  -0.050895  0.051813  0.021013  0.998436  -0.040931  -0.998894  0.023146  -0.000766  -0.003668  -0.001872  0.000000  0.000000  0.000000  2.000000  
227.903497 -0.004251  0.083384  -0.018151  0.997818  -0.042072  -0.050890  0.051813  0.021134  0.998433  -0.040931  -0.998891  0.023267  -0.000878  -0.003595  -0.002044  0.000000  0.000000  0.000000  2.000000  
227.904736 -0.004253  0.083380  -0.018154  0.997818  -0.042079  -0.050885  0.051813  0.021255  0.998431  -0.040931  -0.998888  0.023389  -0.001045  -0.003445  -0.002133  0.000000  0.000000  0.000000  2.000000  
227.905738 -0.004256  0.083377  -0.018157  0.997823  -0.041951  -0.050883  0.051813  0.021383  0.998428  -0.040797  -0.998891  0.023510  -0.001166  -0.003319  -0.002188  0.000000  0.000000  0.000000  2.000000  
227.906982 -0.004259  0.083374  -0.018159  0.997823  -0.041951  -0.050883  0.051813  0.021383  0.998428  -0.040797  -0.998891  0.023510  -0.001240  -0.003142  -0.002147  0.000000  0.000000  0.000000  2.000000  
227.907991 -0.004261  0.083372  -0.018162  0.997818  -0.041828  -0.051087  0.052019  0.021502  0.998415  -0.040664  -0.998893  0.023631  -0.001352  -0.002968  -0.002145  0.000000  0.000000  0.000000  2.000000  
227.909238 -0.004263  0.083370  -0.018164  0.997818  -0.041828  -0.051087  0.052019  0.021502  0.998415  -0.040664  -0.998893  0.023631  -0.001464  -0.002847  -0.002238  0.000000  0.000000  0.000000  2.000000  
227.910492 -0.004265  0.083368  -0.018168  0.997818  -0.041835  -0.051082  0.052019  0.021623  0.998412  -0.040664  -0.998891  0.023752  -0.001614  -0.002740  -0.002307  0.000000  0.000000  0.000000  2.000000  
227.911736 -0.004268  0.083366  -0.018171  0.997818  -0.041841  -0.051077  0.052019  0.021744  0.998409  -0.040664  -0.998888  0.023873  -0.001761  -0.002660  -0.002371  0.000000  0.000000  0.000000  2.000000  
227.912736 -0.004269  0.083364  -0.018174  0.997813  -0.041718  -0.051280  0.052224  0.021864  0.998396  -0.040530  -0.998890  0.023995  -0.001835  -0.002590  -0.002519  0.000000  0.000000  0.000000  2.000000  
227.913738 -0.004271  0.083362  -0.018177  0.997813  -0.041724  -0.051275  0.052224  0.021985  0.998393  -0.040530  -0.998887  0.024116  -0.001869  -0.002471  -0.002560  0.000000  0.000000  0.000000  2.000000  
227.914986 -0.004272  0.083361  -0.018180  0.997813  -0.041730  -0.051270  0.052224  0.022106  0.998391  -0.040530  -0.998884  0.024237  -0.001888  -0.002304  -0.002556  0.000000  0.000000  0.000000  2.000000  
227.916235 -0.004274  0.083359  -0.018182  0.997813  -0.041737  -0.051265  0.052224  0.022227  0.998388  -0.040530  -0.998881  0.024358  -0.001868  -0.002184  -0.002476  0.000000  0.000000  0.000000  2.000000  
227.917486 -0.004275  0.083357  -0.018184  0.997813  -0.041743  -0.051260  0.052224  0.022348  0.998385  -0.040530  -0.998878  0.024479  -0.001772  -0.002022  -0.002396  0.000000  0.000000  0.000000  2.000000  
227.918490 -0.004277  0.083356  -0.018185  0.997813  -0.041749  -0.051255  0.052224  0.022469  0.998383  -0.040530  -0.998875  0.024601  -0.001734  -0.001868  -0.002241  0.000000  0.000000  0.000000  2.000000  
227.919734 -0.004278  0.083354  -0.018185  0.997813  -0.041749  -0.051255  0.052224  0.022469  0.998383  -0.040530  -0.998875  0.024601  -0.001655  -0.001727  -0.002083  0.000000  0.000000  0.000000  2.000000  
227.920734 -0.004279  0.083353  -0.018187  0.997813  -0.041755  -0.051250  0.052224  0.022591  0.998380  -0.040530  -0.998872  0.024722  -0.001549  -0.001615  -0.001990  0.000000  0.000000  0.000000  2.000000  
227.921981 -0.004281  0.083352  -0.018187  0.997813  -0.041762  -0.051245  0.052224  0.022712  0.998377  -0.040530  -0.998869  0.024843  -0.001459  -0.001477  -0.001868  0.000000  0.000000  0.000000  2.000000  
227.922989 -0.004282  0.083352  -0.018188  0.997813  -0.041768  -0.051240  0.052224  0.022833  0.998374  -0.040530  -0.998866  0.024964  -0.001390  -0.001364  -0.001799  0.000000  0.000000  0.000000  2.000000  
227.924240 -0.004283  0.083351  -0.018190  0.997813  -0.041768  -0.051240  0.052224  0.022833  0.998374  -0.040530  -0.998866  0.024964  -0.001291  -0.001225  -0.001689  0.000000  0.000000  0.000000  2.000000  
227.925243 -0.004283  0.083351  -0.018191  0.997813  -0.041774  -0.051235  0.052224  0.022954  0.998372  -0.040530  -0.998863  0.025085  -0.001219  -0.001154  -0.001566  0.000000  0.000000  0.000000  2.000000  
227.926492 -0.004284  0.083350  -0.018192  0.997813  -0.041780  -0.051230  0.052224  0.023075  0.998369  -0.040530  -0.998860  0.025206  -0.001110  -0.001040  -0.001470  0.000000  0.000000  0.000000  2.000000  
227.927736 -0.004284  0.083350  -0.018193  0.997813  -0.041786  -0.051225  0.052224  0.023196  0.998366  -0.040530  -0.998857  0.025328  -0.001007  -0.000906  -0.001280  0.000000  0.000000  0.000000  2.000000  
227.928736 -0.004285  0.083350  -0.018194  0.997813  -0.041793  -0.051220  0.052224  0.023317  0.998363  -0.040530  -0.998854  0.025449  -0.000953  -0.000810  -0.001131  0.000000  0.000000  0.000000  2.000000  
227.929739 -0.004285  0.083350  -0.018194  0.997813  -0.041799  -0.051215  0.052224  0.023438  0.998360  -0.040530  -0.998851  0.025570  -0.000856  -0.000703  -0.000920  0.000000  0.000000  0.000000  2.000000  
227.930989 -0.004285  0.083351  -0.018194  0.997818  -0.041934  -0.051000  0.052019  0.023561  0.998368  -0.040664  -0.998843  0.025691  -0.000772  -0.000539  -0.000804  0.000000  0.000000  0.000000  2.000000  
227.932236 -0.004285  0.083351  -0.018193  0.997818  -0.041940  -0.050995  0.052019  0.023682  0.998365  -0.040664  -0.998839  0.025812  -0.000686  -0.000420  -0.000636  0.000000  0.000000  0.000000  2.000000  
227.933237 -0.004286  0.083350  -0.018193  0.997818  -0.041940  -0.050995  0.052019  0.023682  0.998365  -0.040664  -0.998839  0.025812  -0.000616  -0.000401  -0.000595  0.000000  0.000000  0.000000  2.000000  
227.934492 -0.004286  0.083350  -0.018194  0.997818  -0.041946  -0.050990  0.052019  0.023803  0.998362  -0.040664  -0.998836  0.025933  -0.000528  -0.000312  -0.000553  0.000000  0.000000  0.000000  2.000000  
227.935734 -0.004286  0.083349  -0.018194  0.997818  -0.041952  -0.050985  0.052019  0.023924  0.998359  -0.040664  -0.998833  0.026054  -0.000464  -0.000241  -0.000519  0.000000  0.000000  0.000000  2.000000  
227.936734 -0.004287  0.083349  -0.018195  0.997829  -0.041947  -0.050780  0.051813  0.023933  0.998370  -0.040664  -0.998833  0.026054  -0.000402  -0.000198  -0.000487  0.000000  0.000000  0.000000  2.000000  
227.937987 -0.004287  0.083349  -0.018195  0.997829  -0.041953  -0.050775  0.051813  0.024054  0.998367  -0.040664  -0.998830  0.026175  -0.000364  -0.000201  -0.000462  0.000000  0.000000  0.000000  2.000000  
227.939237 -0.004288  0.083349  -0.018196  0.997834  -0.041826  -0.050773  0.051814  0.024182  0.998364  -0.040530  -0.998832  0.026297  -0.000344  -0.000176  -0.000410  0.000000  0.000000  0.000000  2.000000  
227.940239 -0.004288  0.083348  -0.018196  0.997834  -0.041826  -0.050773  0.051814  0.024182  0.998364  -0.040530  -0.998832  0.026297  -0.000324  -0.000152  -0.000357  0.000000  0.000000  0.000000  2.000000  
227.941495 -0.004289  0.083348  -0.018196  0.997834  -0.041832  -0.050768  0.051814  0.024303  0.998361  -0.040530  -0.998829  0.026418  -0.000324  -0.000148  -0.000228  0.000000  0.000000  0.000000  2.000000  
227.942738 -0.004289  0.083347  -0.018196  0.997834  -0.041832  -0.050768  0.051814  0.024303  0.998361  -0.040530  -0.998829  0.026418  -0.000291  -0.000171  -0.000158  0.000000  0.000000  0.000000  2.000000  
227.943986 -0.004290  0.083347  -0.018196  0.997834  -0.041838  -0.050763  0.051814  0.024424  0.998358  -0.040530  -0.998826  0.026539  -0.000310  -0.000212  -0.000163  0.000000  0.000000  0.000000  2.000000  
227.945237 -0.004290  0.083347  -0.018196  0.997829  -0.041978  -0.050754  0.051813  0.024538  0.998355  -0.040664  -0.998817  0.026660  -0.000341  -0.000262  -0.000175  0.000000  0.000000  0.000000  2.000000  
227.946498 -0.004291  0.083346  -0.018197  0.997829  -0.041978  -0.050754  0.051813  0.024538  0.998355  -0.040664  -0.998817  0.026660  -0.000381  -0.000310  -0.000281  0.000000  0.000000  0.000000  2.000000  
227.947736 -0.004292  0.083345  -0.018198  0.997829  -0.041984  -0.050749  0.051813  0.024659  0.998352  -0.040664  -0.998814  0.026781  -0.000408  -0.000311  -0.000343  0.000000  0.000000  0.000000  2.000000  
227.948737 -0.004292  0.083345  -0.018199  0.997834  -0.041851  -0.050753  0.051814  0.024666  0.998352  -0.040530  -0.998819  0.026781  -0.000404  -0.000291  -0.000388  0.000000  0.000000  0.000000  2.000000  
227.949739 -0.004293  0.083345  -0.018200  0.997834  -0.041851  -0.050753  0.051814  0.024666  0.998352  -0.040530  -0.998819  0.026781  -0.000435  -0.000312  -0.000405  0.000000  0.000000  0.000000  2.000000  
227.950987 -0.004294  0.083344  -0.018201  0.997834  -0.041857  -0.050748  0.051814  0.024787  0.998349  -0.040530  -0.998816  0.026903  -0.000467  -0.000334  -0.000421  0.000000  0.000000  0.000000  2.000000  
227.952232 -0.004294  0.083344  -0.018201  0.997834  -0.041857  -0.050748  0.051814  0.024787  0.998349  -0.040530  -0.998816  0.026903  -0.000508  -0.000323  -0.000403  0.000000  0.000000  0.000000  2.000000  
227.953237 -0.004295  0.083344  -0.018201  0.997823  -0.041862  -0.050953  0.052019  0.024779  0.998339  -0.040530  -0.998816  0.026903  -0.000521  -0.000350  -0.000365  0.000000  0.000000  0.000000  2.000000  
227.954488 -0.004296  0.083343  -0.018201  0.997823  -0.041862  -0.050953  0.052019  0.024779  0.998339  -0.040530  -0.998816  0.026903  -0.000557  -0.000392  -0.000336  0.000000  0.000000  0.000000  2.000000  
227.955489 -0.004297  0.083342  -0.018201  0.997823  -0.041862  -0.050953  0.052019  0.024779  0.998339  -0.040530  -0.998816  0.026903  -0.000582  -0.000437  -0.000344  0.000000  0.000000  0.000000  2.000000  
227.956736 -0.004298  0.083341  -0.018201  0.997823  -0.041868  -0.050948  0.052019  0.024900  0.998336  -0.040530  -0.998813  0.027024  -0.000603  -0.000451  -0.000355  0.000000  0.000000  0.000000  2.000000  
227.957740 -0.004298  0.083341  -0.018201  0.997818  -0.042002  -0.050944  0.052019  0.024893  0.998336  -0.040664  -0.998807  0.027024  -0.000620  -0.000435  -0.000369  0.000000  0.000000  0.000000  2.000000  
227.958745 -0.004299  0.083340  -0.018201  0.997818  -0.042002  -0.050944  0.052019  0.024893  0.998336  -0.040664  -0.998807  0.027024  -0.000613  -0.000459  -0.000360  0.000000  0.000000  0.000000  2.000000  
227.959987 -0.004299  0.083340  -0.018202  0.997818  -0.042002  -0.050944  0.052019  0.024893  0.998336  -0.040664  -0.998807  0.027024  -0.000613  -0.000459  -0.000361  0.000000  0.000000  0.000000  2.000000  
227.961237 -0.004300  0.083340  -0.018202  0.997807  -0.042007  -0.051150  0.052224  0.024884  0.998325  -0.040664  -0.998807  0.027024  -0.000593  -0.000434  -0.000307  0.000000  0.000000  0.000000  2.000000  
227.962238 -0.004300  0.083339  -0.018202  0.997807  -0.042007  -0.051150  0.052224  0.024884  0.998325  -0.040664  -0.998807  0.027024  -0.000604  -0.000431  -0.000270  0.000000  0.000000  0.000000  2.000000  
227.963502 -0.004301  0.083339  -0.018202  0.997807  -0.042013  -0.051145  0.052224  0.025005  0.998322  -0.040664  -0.998804  0.027145  -0.000587  -0.000427  -0.000172  0.000000  0.000000  0.000000  2.000000  
227.964736 -0.004301  0.083339  -0.018201  0.997807  -0.042013  -0.051145  0.052224  0.025005  0.998322  -0.040664  -0.998804  0.027145  -0.000538  -0.000372  -0.000064  0.000000  0.000000  0.000000  2.000000  
227.965984 -0.004301  0.083340  -0.018200  0.997807  -0.042013  -0.051145  0.052224  0.025005  0.998322  -0.040664  -0.998804  0.027145  -0.000466  -0.000302  0.000057  0.000000  0.000000  0.000000  2.000000  
227.967238 -0.004301  0.083340  -0.018199  0.997807  -0.042013  -0.051145  0.052224  0.025005  0.998322  -0.040664  -0.998804  0.027145  -0.000465  -0.000279  0.000149  0.000000  0.000000  0.000000  2.000000  
227.968487 -0.004301  0.083340  -0.018198  0.997807  -0.042013  -0.051145  0.052224  0.025005  0.998322  -0.040664  -0.998804  0.027145  -0.000413  -0.000206  0.000207  0.000000  0.000000  0.000000  2.000000  
227.969731 -0.004302  0.083340  -0.018197  0.997796  -0.042012  -0.051356  0.052430  0.024876  0.998315  -0.040664  -0.998807  0.027024  -0.000350  -0.000163  0.000240  0.000000  0.000000  0.000000  2.000000  
227.970732 -0.004302  0.083340  -0.018196  0.997796  -0.042012  -0.051356  0.052430  0.024876  0.998315  -0.040664  -0.998807  0.027024  -0.000348  -0.000113  0.000320  0.000000  0.000000  0.000000  2.000000  
227.971732 -0.004302  0.083340  -0.018196  0.997796  -0.042012  -0.051356  0.052430  0.024876  0.998315  -0.040664  -0.998807  0.027024  -0.000286  -0.000070  0.000353  0.000000  0.000000  0.000000  2.000000  
227.972747 -0.004302  0.083341  -0.018195  0.997796  -0.042012  -0.051356  0.052430  0.024876  0.998315  -0.040664  -0.998807  0.027024  -0.000245  -0.000002  0.000420  0.000000  0.000000  0.000000  2.000000  
227.973985 -0.004301  0.083342  -0.018194  0.997796  -0.042012  -0.051356  0.052430  0.024876  0.998315  -0.040664  -0.998807  0.027024  -0.000176  0.000092  0.000527  0.000000  0.000000  0.000000  2.000000  
227.974991 -0.004301  0.083342  -0.018192  0.997791  -0.042145  -0.051352  0.052429  0.024869  0.998315  -0.040797  -0.998802  0.027023  -0.000107  0.000164  0.000659  0.000000  0.000000  0.000000  2.000000  
227.976239 -0.004301  0.083343  -0.018191  0.997791  -0.042145  -0.051352  0.052429  0.024869  0.998315  -0.040797  -0.998802  0.027023  -0.000034  0.000235  0.000782  0.000000  0.000000  0.000000  2.000000  
227.977488 -0.004300  0.083344  -0.018189  0.997791  -0.042145  -0.051352  0.052429  0.024869  0.998315  -0.040797  -0.998802  0.027023  0.000007  0.000280  0.000875  0.000000  0.000000  0.000000  2.000000  
227.978498 -0.004299  0.083345  -0.018188  0.997791  -0.042145  -0.051352  0.052429  0.024869  0.998315  -0.040797  -0.998802  0.027023  0.000093  0.000367  0.000915  0.000000  0.000000  0.000000  2.000000  
227.979737 -0.004299  0.083345  -0.018187  0.997791  -0.042145  -0.051352  0.052429  0.024869  0.998315  -0.040797  -0.998802  0.027023  0.000169  0.000413  0.000927  0.000000  0.000000  0.000000  2.000000  
227.980737 -0.004299  0.083345  -0.018187  0.997780  -0.042150  -0.051557  0.052635  0.024860  0.998304  -0.040797  -0.998802  0.027023  0.000137  0.000391  0.000910  0.000000  0.000000  0.000000  2.000000  
227.981987 -0.004299  0.083346  -0.018186  0.997780  -0.042144  -0.051563  0.052635  0.024739  0.998307  -0.040797  -0.998805  0.026902  0.000180  0.000410  0.000890  0.000000  0.000000  0.000000  2.000000  
227.983233 -0.004298  0.083346  -0.018185  0.997780  -0.042144  -0.051563  0.052635  0.024739  0.998307  -0.040797  -0.998805  0.026902  0.000219  0.000421  0.000856  0.000000  0.000000  0.000000  2.000000  
227.984240 -0.004298  0.083346  -0.018185  0.997780  -0.042144  -0.051563  0.052635  0.024739  0.998307  -0.040797  -0.998805  0.026902  0.000233  0.000425  0.000833  0.000000  0.000000  0.000000  2.000000  
227.985486 -0.004298  0.083346  -0.018185  0.997780  -0.042144  -0.051563  0.052635  0.024739  0.998307  -0.040797  -0.998805  0.026902  0.000244  0.000422  0.000796  0.000000  0.000000  0.000000  2.000000  
227.986500 -0.004298  0.083347  -0.018184  0.997780  -0.042138  -0.051568  0.052635  0.024618  0.998310  -0.040797  -0.998808  0.026781  0.000276  0.000443  0.000812  0.000000  0.000000  0.000000  2.000000  
227.987734 -0.004298  0.083347  -0.018183  0.997775  -0.042271  -0.051564  0.052634  0.024611  0.998311  -0.040931  -0.998803  0.026781  0.000241  0.000416  0.000784  0.000000  0.000000  0.000000  2.000000  
227.988739 -0.004298  0.083347  -0.018182  0.997775  -0.042271  -0.051564  0.052634  0.024611  0.998311  -0.040931  -0.998803  0.026781  0.000231  0.000374  0.000751  0.000000  0.000000  0.000000  2.000000  
227.989982 -0.004298  0.083347  -0.018182  0.997775  -0.042271  -0.051564  0.052634  0.024611  0.998311  -0.040931  -0.998803  0.026781  0.000207  0.000344  0.000687  0.000000  0.000000  0.000000  2.000000  
227.990989 -0.004298  0.083347  -0.018182  0.997775  -0.042265  -0.051569  0.052634  0.024490  0.998314  -0.040931  -0.998806  0.026660  0.000156  0.000298  0.000617  0.000000  0.000000  0.000000  2.000000  
227.991995 -0.004298  0.083347  -0.018182  0.997764  -0.042270  -0.051775  0.052840  0.024481  0.998303  -0.040931  -0.998806  0.026660  0.000117  0.000254  0.000521  0.000000  0.000000  0.000000  2.000000  
227.993238 -0.004298  0.083348  -0.018182  0.997764  -0.042270  -0.051775  0.052840  0.024481  0.998303  -0.040931  -0.998806  0.026660  0.000076  0.000205  0.000415  0.000000  0.000000  0.000000  2.000000  
227.994502 -0.004299  0.083347  -0.018182  0.997764  -0.042270  -0.051775  0.052840  0.024481  0.998303  -0.040931  -0.998806  0.026660  -0.000007  0.000136  0.000327  0.000000  0.000000  0.000000  2.000000  
227.995736 -0.004299  0.083347  -0.018183  0.997764  -0.042264  -0.051780  0.052840  0.024360  0.998306  -0.040931  -0.998809  0.026539  -0.000016  0.000107  0.000233  0.000000  0.000000  0.000000  2.000000  
227.996986 -0.004299  0.083346  -0.018183  0.997764  -0.042264  -0.051780  0.052840  0.024360  0.998306  -0.040931  -0.998809  0.026539  -0.000054  0.000015  0.000181  0.000000  0.000000  0.000000  2.000000  
227.997987 -0.004300  0.083346  -0.018184  0.997764  -0.042264  -0.051780  0.052840  0.024360  0.998306  -0.040931  -0.998809  0.026539  -0.000139  -0.000053  0.000097  0.000000  0.000000  0.000000  2.000000  
227.999235 -0.004301  0.083345  -0.018183  0.997764  -0.042264  -0.051780  0.052840  0.024360  0.998306  -0.040931  -0.998809  0.026539  -0.000172  -0.000093  0.000124  0.000000  0.000000  0.000000  2.000000  
228.000482 -0.004301  0.083345  -0.018183  0.997764  -0.042264  -0.051780  0.052840  0.024360  0.998306  -0.040931  -0.998809  0.026539  -0.000192  -0.000118  0.000071  0.000000  0.000000  0.000000  2.000000  
228.001483 -0.004302  0.083344  -0.018184  0.997764  -0.042258  -0.051785  0.052840  0.024239  0.998309  -0.040931  -0.998813  0.026418  -0.000237  -0.000187  0.000011  0.000000  0.000000  0.000000  2.000000  
228.002485 -0.004301  0.083344  -0.018184  0.997764  -0.042258  -0.051785  0.052840  0.024239  0.998309  -0.040931  -0.998813  0.026418  -0.000215  -0.000192  -0.000062  0.000000  0.000000  0.000000  2.000000  
228.003497 -0.004302  0.083344  -0.018185  0.997764  -0.042258  -0.051785  0.052840  0.024239  0.998309  -0.040931  -0.998813  0.026418  -0.000259  -0.000245  -0.000170  0.000000  0.000000  0.000000  2.000000  
228.004734 -0.004302  0.083343  -0.018186  0.997764  -0.042258  -0.051785  0.052840  0.024239  0.998309  -0.040931  -0.998813  0.026418  -0.000258  -0.000292  -0.000247  0.000000  0.000000  0.000000  2.000000  
228.005740 -0.004302  0.083343  -0.018186  0.997764  -0.042258  -0.051785  0.052840  0.024239  0.998309  -0.040931  -0.998813  0.026418  -0.000247  -0.000294  -0.000284  0.000000  0.000000  0.000000  2.000000  
228.006982 -0.004302  0.083342  -0.018186  0.997764  -0.042258  -0.051785  0.052840  0.024239  0.998309  -0.040931  -0.998813  0.026418  -0.000278  -0.000316  -0.000300  0.000000  0.000000  0.000000  2.000000  
228.007990 -0.004302  0.083342  -0.018187  0.997764  -0.042258  -0.051785  0.052840  0.024239  0.998309  -0.040931  -0.998813  0.026418  -0.000265  -0.000348  -0.000333  0.000000  0.000000  0.000000  2.000000  
228.009279 -0.004302  0.083342  -0.018187  0.997764  -0.042258  -0.051785  0.052840  0.024239  0.998309  -0.040931  -0.998813  0.026418  -0.000226  -0.000349  -0.000308  0.000000  0.000000  0.000000  2.000000  
228.010498 -0.004302  0.083342  -0.018187  0.997764  -0.042258  -0.051785  0.052840  0.024239  0.998309  -0.040931  -0.998813  0.026418  -0.000206  -0.000325  -0.000255  0.000000  0.000000  0.000000  2.000000  
228.011736 -0.004302  0.083341  -0.018187  0.997764  -0.042258  -0.051785  0.052840  0.024239  0.998309  -0.040931  -0.998813  0.026418  -0.000206  -0.000325  -0.000255  0.000000  0.000000  0.000000  2.000000  
228.012987 -0.004302  0.083341  -0.018187  0.997764  -0.042258  -0.051785  0.052840  0.024239  0.998309  -0.040931  -0.998813  0.026418  -0.000141  -0.000278  -0.000218  0.000000  0.000000  0.000000  2.000000  
228.014238 -0.004303  0.083341  -0.018187  0.997764  -0.042258  -0.051785  0.052840  0.024239  0.998309  -0.040931  -0.998813  0.026418  -0.000139  -0.000261  -0.000267  0.000000  0.000000  0.000000  2.000000  
228.015488 -0.004303  0.083341  -0.018187  0.997764  -0.042258  -0.051785  0.052840  0.024239  0.998309  -0.040931  -0.998813  0.026418  -0.000139  -0.000261  -0.000267  0.000000  0.000000  0.000000  2.000000  
228.016490 -0.004303  0.083341  -0.018188  0.997764  -0.042258  -0.051785  0.052840  0.024239  0.998309  -0.040931  -0.998813  0.026418  -0.000121  -0.000192  -0.000267  0.000000  0.000000  0.000000  2.000000  
228.017735 -0.004303  0.083341  -0.018188  0.997764  -0.042258  -0.051785  0.052840  0.024239  0.998309  -0.040931  -0.998813  0.026418  -0.000089  -0.000171  -0.000250  0.000000  0.000000  0.000000  2.000000  
228.018984 -0.004303  0.083341  -0.018188  0.997764  -0.042264  -0.051780  0.052840  0.024360  0.998306  -0.040931  -0.998809  0.026539  -0.000107  -0.000144  -0.000222  0.000000  0.000000  0.000000  2.000000  
228.019984 -0.004303  0.083341  -0.018189  0.997764  -0.042264  -0.051780  0.052840  0.024360  0.998306  -0.040931  -0.998809  0.026539  -0.000082  -0.000099  -0.000214  0.000000  0.000000  0.000000  2.000000  
228.021234 -0.004303  0.083341  -0.018189  0.997775  -0.042259  -0.051574  0.052634  0.024369  0.998316  -0.040931  -0.998809  0.026539  -0.000091  -0.000094  -0.000174  0.000000  0.000000  0.000000  2.000000  
228.022239 -0.004304  0.083341  -0.018189  0.997775  -0.042259  -0.051574  0.052634  0.024369  0.998316  -0.040931  -0.998809  0.026539  -0.000091  -0.000094  -0.000174  0.000000  0.000000  0.000000  2.000000  
228.023497 -0.004304  0.083341  -0.018189  0.997775  -0.042259  -0.051574  0.052634  0.024369  0.998316  -0.040931  -0.998809  0.026539  -0.000102  -0.000091  -0.000138  0.000000  0.000000  0.000000  2.000000  
228.024739 -0.004304  0.083341  -0.018189  0.997775  -0.042259  -0.051574  0.052634  0.024369  0.998316  -0.040931  -0.998809  0.026539  -0.000111  -0.000069  -0.000148  0.000000  0.000000  0.000000  2.000000  
228.025742 -0.004304  0.083341  -0.018189  0.997775  -0.042259  -0.051574  0.052634  0.024369  0.998316  -0.040931  -0.998809  0.026539  -0.000111  -0.000069  -0.000148  0.000000  0.000000  0.000000  2.000000  
228.026987 -0.004304  0.083340  -0.018189  0.997775  -0.042265  -0.051569  0.052634  0.024490  0.998314  -0.040931  -0.998806  0.026660  -0.000140  -0.000089  -0.000162  0.000000  0.000000  0.000000  2.000000  
228.028236 -0.004305  0.083340  -0.018190  0.997775  -0.042265  -0.051569  0.052634  0.024490  0.998314  -0.040931  -0.998806  0.026660  -0.000129  -0.000092  -0.000198  0.000000  0.000000  0.000000  2.000000  
228.029488 -0.004305  0.083339  -0.018190  0.997775  -0.042265  -0.051569  0.052634  0.024490  0.998314  -0.040931  -0.998806  0.026660  -0.000160  -0.000113  -0.000215  0.000000  0.000000  0.000000  2.000000  
228.030491 -0.004305  0.083339  -0.018190  0.997775  -0.042265  -0.051569  0.052634  0.024490  0.998314  -0.040931  -0.998806  0.026660  -0.000131  -0.000093  -0.000202  0.000000  0.000000  0.000000  2.000000  
228.031734 -0.004305  0.083339  -0.018191  0.997775  -0.042265  -0.051569  0.052634  0.024490  0.998314  -0.040931  -0.998806  0.026660  -0.000149  -0.000162  -0.000202  0.000000  0.000000  0.000000  2.000000  
228.032738 -0.004306  0.083338  -0.018191  0.997775  -0.042265  -0.051569  0.052634  0.024490  0.998314  -0.040931  -0.998806  0.026660  -0.000181  -0.000184  -0.000218  0.000000  0.000000  0.000000  2.000000  
228.033986 -0.004306  0.083338  -0.018191  0.997780  -0.042132  -0.051573  0.052635  0.024497  0.998313  -0.040797  -0.998812  0.026660  -0.000181  -0.000184  -0.000218  0.000000  0.000000  0.000000  2.000000  
228.035233 -0.004306  0.083338  -0.018192  0.997780  -0.042132  -0.051573  0.052635  0.024497  0.998313  -0.040797  -0.998812  0.026660  -0.000213  -0.000223  -0.000187  0.000000  0.000000  0.000000  2.000000  
228.036487 -0.004307  0.083338  -0.018192  0.997780  -0.042138  -0.051568  0.052635  0.024618  0.998310  -0.040797  -0.998808  0.026781  -0.000244  -0.000244  -0.000203  0.000000  0.000000  0.000000  2.000000  
228.037734 -0.004307  0.083337  -0.018193  0.997780  -0.042138  -0.051568  0.052635  0.024618  0.998310  -0.040797  -0.998808  0.026781  -0.000234  -0.000247  -0.000240  0.000000  0.000000  0.000000  2.000000  
228.038736 -0.004307  0.083337  -0.018193  0.997780  -0.042138  -0.051568  0.052635  0.024618  0.998310  -0.040797  -0.998808  0.026781  -0.000258  -0.000276  -0.000297  0.000000  0.000000  0.000000  2.000000  
228.039985 -0.004308  0.083336  -0.018194  0.997780  -0.042138  -0.051568  0.052635  0.024618  0.998310  -0.040797  -0.998808  0.026781  -0.000278  -0.000316  -0.000300  0.000000  0.000000  0.000000  2.000000  
228.040989 -0.004309  0.083336  -0.018194  0.997780  -0.042138  -0.051568  0.052635  0.024618  0.998310  -0.040797  -0.998808  0.026781  -0.000314  -0.000343  -0.000322  0.000000  0.000000  0.000000  2.000000  
228.041996 -0.004309  0.083336  -0.018195  0.997780  -0.042138  -0.051568  0.052635  0.024618  0.998310  -0.040797  -0.998808  0.026781  -0.000289  -0.000297  -0.000313  0.000000  0.000000  0.000000  2.000000  
228.043238 -0.004309  0.083335  -0.018195  0.997780  -0.042138  -0.051568  0.052635  0.024618  0.998310  -0.040797  -0.998808  0.026781  -0.000283  -0.000321  -0.000305  0.000000  0.000000  0.000000  2.000000  
228.044246 -0.004309  0.083335  -0.018195  0.997780  -0.042138  -0.051568  0.052635  0.024618  0.998310  -0.040797  -0.998808  0.026781  -0.000283  -0.000321  -0.000305  0.000000  0.000000  0.000000  2.000000  
228.045489 -0.004310  0.083334  -0.018195  0.997780  -0.042144  -0.051563  0.052635  0.024739  0.998307  -0.040797  -0.998805  0.026902  -0.000309  -0.000337  -0.000316  0.000000  0.000000  0.000000  2.000000  
228.046492 -0.004310  0.083334  -0.018195  0.997780  -0.042144  -0.051563  0.052635  0.024739  0.998307  -0.040797  -0.998805  0.026902  -0.000332  -0.000316  -0.000293  0.000000  0.000000  0.000000  2.000000  
228.047736 -0.004311  0.083334  -0.018196  0.997780  -0.042144  -0.051563  0.052635  0.024739  0.998307  -0.040797  -0.998805  0.026902  -0.000326  -0.000311  -0.000288  0.000000  0.000000  0.000000  2.000000  
228.048737 -0.004311  0.083334  -0.018196  0.997780  -0.042144  -0.051563  0.052635  0.024739  0.998307  -0.040797  -0.998805  0.026902  -0.000332  -0.000316  -0.000293  0.000000  0.000000  0.000000  2.000000  
228.049737 -0.004311  0.083333  -0.018196  0.997780  -0.042144  -0.051563  0.052635  0.024739  0.998307  -0.040797  -0.998805  0.026902  -0.000321  -0.000319  -0.000330  0.000000  0.000000  0.000000  2.000000  
228.050740 -0.004311  0.083333  -0.018196  0.997780  -0.042144  -0.051563  0.052635  0.024739  0.998307  -0.040797  -0.998805  0.026902  -0.000321  -0.000319  -0.000330  0.000000  0.000000  0.000000  2.000000  
228.051985 -0.004312  0.083333  -0.018197  0.997780  -0.042144  -0.051563  0.052635  0.024739  0.998307  -0.040797  -0.998805  0.026902  -0.000332  -0.000316  -0.000293  0.000000  0.000000  0.000000  2.000000  
228.052987 -0.004312  0.083332  -0.018197  0.997780  -0.042144  -0.051563  0.052635  0.024739  0.998307  -0.040797  -0.998805  0.026902  -0.000294  -0.000318  -0.000268  0.000000  0.000000  0.000000  2.000000  
228.054239 -0.004312  0.083332  -0.018197  0.997791  -0.042139  -0.051357  0.052429  0.024748  0.998318  -0.040797  -0.998805  0.026902  -0.000280  -0.000270  -0.000223  0.000000  0.000000  0.000000  2.000000  
228.055488 -0.004312  0.083332  -0.018197  0.997791  -0.042139  -0.051357  0.052429  0.024748  0.998318  -0.040797  -0.998805  0.026902  -0.000248  -0.000248  -0.000206  0.000000  0.000000  0.000000  2.000000  
228.056734 -0.004312  0.083332  -0.018197  0.997791  -0.042145  -0.051352  0.052429  0.024869  0.998315  -0.040797  -0.998802  0.027023  -0.000224  -0.000220  -0.000151  0.000000  0.000000  0.000000  2.000000  
