1-Time 2-Px 3-Py 4-Pz 5-R11 6-R21 7-R31 8-R12 9-R22 10-R32 11-R13 12-R23 13-R33 14-Vx 15-Vy 16-Vz 17-Wx 18-Wy 19-Wz 20-state 21-PR11 22-PR21 23-PR31 24-PR12 25-PR22 26-PR32 27-PR13 28-PR23 29-PR33 
110.486420 -0.008262  0.079562  -0.013687  0.997848  0.023351  -0.061275  0.059439  0.072537  0.995593  0.027693  -0.997092  0.070993  0.001636  0.002052  0.000430  0.000000  0.000000  0.000000  2.000000  
110.487430 -0.008261  0.079564  -0.013687  0.997851  0.023218  -0.061265  0.059439  0.072529  0.995594  0.027559  -0.997096  0.070993  0.001649  0.002088  0.000471  0.000000  0.000000  0.000000  2.000000  
110.488665 -0.008263  0.079562  -0.013687  0.997860  0.023359  -0.061073  0.059233  0.072653  0.995597  0.027693  -0.997084  0.071114  0.001414  0.001817  0.000422  0.000000  0.000000  0.000000  2.000000  
110.489668 -0.008265  0.079560  -0.013688  0.997860  0.023359  -0.061073  0.059233  0.072653  0.995597  0.027693  -0.997084  0.071114  0.001145  0.001523  0.000357  0.000000  0.000000  0.000000  2.000000  
110.490668 -0.008267  0.079557  -0.013688  0.997868  0.023499  -0.060880  0.059028  0.072777  0.995600  0.027827  -0.997071  0.071235  0.000918  0.001202  0.000325  0.000000  0.000000  0.000000  2.000000  
110.491917 -0.008269  0.079553  -0.013688  0.997868  0.023499  -0.060880  0.059028  0.072777  0.995600  0.027827  -0.997071  0.071235  0.000611  0.000778  0.000266  0.000000  0.000000  0.000000  2.000000  
110.492918 -0.008272  0.079550  -0.013687  0.997877  0.023647  -0.060685  0.058822  0.072780  0.995612  0.027960  -0.997068  0.071234  0.000286  0.000401  0.000314  0.000000  0.000000  0.000000  2.000000  
110.493922 -0.008275  0.079546  -0.013686  0.997889  0.023662  -0.060480  0.058617  0.072775  0.995624  0.027960  -0.997068  0.071234  -0.000005  -0.000003  0.000303  0.000000  0.000000  0.000000  2.000000  
110.495171 -0.008278  0.079541  -0.013685  0.997901  0.023670  -0.060277  0.058411  0.072891  0.995628  0.027960  -0.997059  0.071355  -0.000324  -0.000494  0.000338  0.000000  0.000000  0.000000  2.000000  
110.496419 -0.008280  0.079538  -0.013685  0.997921  0.023826  -0.059880  0.058000  0.073010  0.995643  0.028094  -0.997047  0.071476  -0.000582  -0.000908  0.000355  0.000000  0.000000  0.000000  2.000000  
110.497427 -0.008282  0.079535  -0.013685  0.997917  0.023952  -0.059892  0.058000  0.073138  0.995634  0.028228  -0.997034  0.071597  -0.000901  -0.001284  0.000273  0.000000  0.000000  0.000000  2.000000  
110.498679 -0.008286  0.079530  -0.013686  0.997922  0.024226  -0.059710  0.057794  0.073269  0.995636  0.028495  -0.997018  0.071717  -0.001304  -0.001769  0.000163  0.000000  0.000000  0.000000  2.000000  
110.499921 -0.008290  0.079524  -0.013688  0.997942  0.024382  -0.059312  0.057383  0.073388  0.995651  0.028629  -0.997005  0.071838  -0.001719  -0.002329  0.000020  0.000000  0.000000  0.000000  2.000000  
110.500924 -0.008295  0.079518  -0.013689  0.997946  0.024649  -0.059132  0.057177  0.073640  0.995645  0.028896  -0.996980  0.072079  -0.002159  -0.002931  -0.000130  0.000000  0.000000  0.000000  2.000000  
110.502170 -0.008303  0.079509  -0.013692  0.997950  0.024924  -0.058950  0.056971  0.073771  0.995647  0.029164  -0.996964  0.072199  -0.002759  -0.003684  -0.000360  0.000000  0.000000  0.000000  2.000000  
110.503433 -0.008312  0.079498  -0.013694  0.997958  0.025051  -0.058763  0.056765  0.074135  0.995631  0.029298  -0.996934  0.072562  -0.003335  -0.004352  -0.000488  0.000000  0.000000  0.000000  2.000000  
110.504670 -0.008321  0.079487  -0.013695  0.997965  0.025185  -0.058574  0.056560  0.074379  0.995625  0.029431  -0.996912  0.072803  -0.003763  -0.004902  -0.000467  0.000000  0.000000  0.000000  2.000000  
110.505918 -0.008330  0.079474  -0.013695  0.997969  0.025452  -0.058395  0.056354  0.074631  0.995618  0.029699  -0.996886  0.073045  -0.004235  -0.005516  -0.000503  0.000000  0.000000  0.000000  2.000000  
110.507166 -0.008339  0.079462  -0.013695  0.997973  0.025720  -0.058216  0.056148  0.074882  0.995610  0.029966  -0.996861  0.073286  -0.004629  -0.006029  -0.000531  0.000000  0.000000  0.000000  2.000000  
110.508168 -0.008347  0.079453  -0.013695  0.997976  0.025988  -0.058037  0.055942  0.075133  0.995603  0.030234  -0.996835  0.073527  -0.004965  -0.006470  -0.000587  0.000000  0.000000  0.000000  2.000000  
110.509421 -0.008355  0.079441  -0.013695  0.997980  0.026248  -0.057861  0.055736  0.075505  0.995587  0.030501  -0.996800  0.073889  -0.005242  -0.006870  -0.000651  0.000000  0.000000  0.000000  2.000000  
110.510422 -0.008360  0.079432  -0.013696  0.997983  0.026516  -0.057682  0.055530  0.075756  0.995579  0.030769  -0.996774  0.074130  -0.005490  -0.007257  -0.000680  0.000000  0.000000  0.000000  2.000000  
110.511668 -0.008367  0.079420  -0.013698  0.997982  0.026917  -0.057513  0.055324  0.076014  0.995571  0.031170  -0.996743  0.074371  -0.005777  -0.007750  -0.000840  0.000000  0.000000  0.000000  2.000000  
110.512671 -0.008372  0.079411  -0.013700  0.997985  0.027179  -0.057338  0.055118  0.076385  0.995554  0.031438  -0.996708  0.074733  -0.005958  -0.008176  -0.001031  0.000000  0.000000  0.000000  2.000000  
110.513673 -0.008377  0.079402  -0.013703  0.997988  0.027447  -0.057160  0.054912  0.076636  0.995546  0.031705  -0.996681  0.074975  -0.006053  -0.008564  -0.001131  0.000000  0.000000  0.000000  2.000000  
110.514675 -0.008383  0.079392  -0.013707  0.997995  0.027582  -0.056972  0.054707  0.076879  0.995538  0.031839  -0.996659  0.075216  -0.006274  -0.008977  -0.001296  0.000000  0.000000  0.000000  2.000000  
110.515925 -0.008391  0.079378  -0.013711  0.997993  0.027970  -0.056810  0.054500  0.077378  0.995511  0.032240  -0.996609  0.075699  -0.006405  -0.009363  -0.001422  0.000000  0.000000  0.000000  2.000000  
110.517169 -0.008399  0.079363  -0.013714  0.998011  0.028114  -0.056421  0.054089  0.077736  0.995506  0.032374  -0.996577  0.076061  -0.006423  -0.009683  -0.001454  -0.164471  -0.166391  0.168809  2.000000  
110.518173 -0.008406  0.079352  -0.013717  0.998014  0.028376  -0.056246  0.053883  0.078107  0.995488  0.032641  -0.996541  0.076423  -0.006411  -0.009943  -0.001505  -0.173929  -0.167030  0.179183  2.000000  
110.519431 -0.008416  0.079336  -0.013719  0.998020  0.028505  -0.056062  0.053678  0.078471  0.995470  0.032775  -0.996509  0.076785  -0.006401  -0.010175  -0.001661  -0.185893  -0.173520  0.184166  2.000000  
110.520671 -0.008426  0.079321  -0.013722  0.998034  0.028783  -0.055683  0.053266  0.078835  0.995464  0.033042  -0.996472  0.077147  -0.006462  -0.010370  -0.001829  -0.193855  -0.180090  0.189261  2.000000  
110.521919 -0.008436  0.079307  -0.013725  0.998036  0.029039  -0.055513  0.053060  0.079327  0.995436  0.033310  -0.996426  0.077630  -0.006563  -0.010533  -0.002030  -0.209942  -0.186286  0.198806  2.000000  
110.523166 -0.008447  0.079292  -0.013730  0.998048  0.029317  -0.055135  0.052649  0.079691  0.995428  0.033577  -0.996388  0.077992  -0.006676  -0.010715  -0.002273  -0.220092  -0.191223  0.202162  2.000000  
110.524168 -0.008455  0.079280  -0.013734  0.998050  0.029580  -0.054961  0.052443  0.080061  0.995409  0.033845  -0.996351  0.078354  -0.006829  -0.010909  -0.002595  -0.228149  -0.190503  0.211102  2.000000  
110.525172 -0.008463  0.079269  -0.013738  0.998041  0.029826  -0.054993  0.052442  0.080437  0.995379  0.034112  -0.996313  0.078716  -0.006926  -0.011026  -0.002849  -0.242778  -0.177998  0.216438  2.000000  
110.526421 -0.008472  0.079257  -0.013742  0.998049  0.030232  -0.054629  0.052031  0.080929  0.995361  0.034513  -0.996261  0.079198  -0.007113  -0.011098  -0.002998  -0.254640  -0.183728  0.230365  2.000000  
110.527668 -0.008481  0.079245  -0.013745  0.998050  0.030489  -0.054460  0.051825  0.081419  0.995332  0.034781  -0.996213  0.079680  -0.007223  -0.011115  -0.002964  -0.264669  -0.181832  0.233003  2.000000  
110.528669 -0.008488  0.079234  -0.013747  0.998056  0.030612  -0.054281  0.051619  0.081903  0.995303  0.034914  -0.996170  0.080163  -0.007388  -0.011157  -0.002934  -0.276589  -0.188970  0.229169  2.000000  
110.529916 -0.008497  0.079222  -0.013750  0.998068  0.030886  -0.053908  0.051208  0.082387  0.995284  0.035182  -0.996122  0.080646  -0.007544  -0.011199  -0.002811  -0.288640  -0.188532  0.233641  2.000000  
110.530924 -0.008505  0.079210  -0.013752  0.998074  0.031010  -0.053729  0.051002  0.082870  0.995254  0.035316  -0.996078  0.081129  -0.007612  -0.011175  -0.002731  -0.296633  -0.188754  0.229221  2.000000  
110.531929 -0.008514  0.079199  -0.013754  0.998080  0.031134  -0.053550  0.050796  0.083353  0.995225  0.035449  -0.996034  0.081612  -0.007782  -0.011133  -0.002726  -0.311214  -0.190553  0.226647  2.000000  
110.533171 -0.008525  0.079185  -0.013757  0.998091  0.031403  -0.053181  0.050385  0.083958  0.995195  0.035717  -0.995974  0.082215  -0.007906  -0.011102  -0.002682  -0.319326  -0.197126  0.231921  2.000000  
110.534172 -0.008534  0.079173  -0.013760  0.998097  0.031527  -0.053002  0.050179  0.084441  0.995164  0.035850  -0.995930  0.082698  -0.008024  -0.011064  -0.002768  -0.331405  -0.196979  0.231891  2.000000  
110.535436 -0.008545  0.079159  -0.013765  0.998097  0.031785  -0.052835  0.049973  0.084930  0.995133  0.036118  -0.995880  0.083180  -0.008109  -0.010993  -0.002926  -0.339314  -0.196784  0.231834  2.000000  
110.536671 -0.008557  0.079144  -0.013772  0.998098  0.032037  -0.052672  0.049767  0.085541  0.995091  0.036385  -0.995819  0.083783  -0.008205  -0.011049  -0.003150  -0.347545  -0.196748  0.232022  2.000000  
110.537919 -0.008569  0.079130  -0.013779  0.998109  0.032307  -0.052304  0.049356  0.086144  0.995059  0.036653  -0.995759  0.084387  -0.008253  -0.011003  -0.003322  -0.356568  -0.201889  0.230764  2.000000  
110.538920 -0.008578  0.079119  -0.013784  0.998114  0.032432  -0.052126  0.049150  0.086627  0.995028  0.036786  -0.995713  0.084869  -0.008281  -0.010947  -0.003430  -0.367607  -0.203819  0.228251  2.000000  
110.540166 -0.008588  0.079106  -0.013790  0.998114  0.032691  -0.051960  0.048944  0.087116  0.994995  0.037054  -0.995662  0.085352  -0.008398  -0.010913  -0.003514  -0.371745  -0.203786  0.228411  2.000000  
110.541423 -0.008599  0.079094  -0.013795  0.998114  0.032943  -0.051798  0.048738  0.087726  0.994952  0.037321  -0.995600  0.085955  -0.008470  -0.010885  -0.003576  -0.383768  -0.203974  0.223934  2.000000  
110.542668 -0.008609  0.079081  -0.013800  0.998124  0.033215  -0.051431  0.048327  0.088328  0.994918  0.037589  -0.995537  0.086557  -0.008588  -0.010928  -0.003729  -0.388456  -0.209052  0.222774  2.000000  
110.543924 -0.008620  0.079068  -0.013805  0.998124  0.033468  -0.051270  0.048121  0.088938  0.994874  0.037856  -0.995475  0.087160  -0.008685  -0.010916  -0.003838  -0.400517  -0.208950  0.222858  2.000000  
110.545171 -0.008630  0.079056  -0.013810  0.998129  0.033588  -0.051097  0.047915  0.089541  0.994830  0.037990  -0.995417  0.087764  -0.008705  -0.010859  -0.003937  -0.404744  -0.202350  0.217960  2.000000  
110.546416 -0.008641  0.079042  -0.013816  0.998128  0.033836  -0.050940  0.047709  0.090270  0.994774  0.038257  -0.995342  0.088487  -0.008738  -0.010833  -0.004179  -0.416898  -0.202269  0.218114  2.000000  
110.547430 -0.008649  0.079032  -0.013819  0.998143  0.033981  -0.050559  0.047298  0.090745  0.994750  0.038391  -0.995294  0.088970  -0.008754  -0.010781  -0.004286  -0.423948  -0.211019  0.215998  2.000000  
110.548434 -0.008659  0.079021  -0.013824  0.998147  0.034102  -0.050387  0.047092  0.091348  0.994705  0.038524  -0.995235  0.089573  -0.008772  -0.010692  -0.004465  -0.432004  -0.210881  0.216068  2.000000  
110.549672 -0.008670  0.079009  -0.013831  0.998147  0.034351  -0.050231  0.046886  0.092077  0.994647  0.038792  -0.995159  0.090296  -0.008786  -0.010592  -0.004584  -0.444597  -0.203956  0.215692  2.000000  
110.550926 -0.008682  0.078996  -0.013837  0.998146  0.034605  -0.050071  0.046680  0.092686  0.994601  0.039059  -0.995094  0.090899  -0.008762  -0.010398  -0.004569  -0.448547  -0.203805  0.215771  2.000000  
110.552170 -0.008693  0.078985  -0.013842  0.998145  0.034854  -0.049916  0.046474  0.093415  0.994542  0.039327  -0.995017  0.091622  -0.008727  -0.010232  -0.004452  -0.461063  -0.201680  0.218575  2.000000  
110.553170 -0.008701  0.078976  -0.013846  0.998149  0.034976  -0.049745  0.046268  0.094017  0.994495  0.039460  -0.994956  0.092225  -0.008699  -0.010071  -0.004410  -0.469230  -0.197137  0.210980  2.000000  
110.554171 -0.008710  0.078967  -0.013850  0.998154  0.035104  -0.049570  0.046063  0.094499  0.994459  0.039594  -0.994906  0.092707  -0.008676  -0.009952  -0.004336  -0.473263  -0.197430  0.206581  2.000000  
110.555435 -0.008721  0.078957  -0.013856  0.998152  0.035360  -0.049411  0.045857  0.095107  0.994410  0.039861  -0.994839  0.093310  -0.008706  -0.009762  -0.004284  -0.477002  -0.197199  0.206567  2.000000  
110.556667 -0.008732  0.078946  -0.013862  0.998156  0.035482  -0.049240  0.045651  0.095709  0.994362  0.039995  -0.994777  0.093912  -0.008766  -0.009651  -0.004393  -0.485307  -0.197963  0.197792  2.000000  
110.557670 -0.008741  0.078937  -0.013869  0.998161  0.035605  -0.049070  0.045445  0.096310  0.994313  0.040129  -0.994714  0.094515  -0.008814  -0.009605  -0.004565  -0.489351  -0.197852  0.197898  2.000000  
110.558916 -0.008752  0.078926  -0.013876  0.998159  0.035856  -0.048916  0.045239  0.097039  0.994252  0.040396  -0.994635  0.095238  -0.008828  -0.009511  -0.004750  -0.497721  -0.188911  0.200238  2.000000  
110.559923 -0.008760  0.078917  -0.013882  0.998163  0.035985  -0.048742  0.045033  0.097520  0.994214  0.040530  -0.994583  0.095720  -0.008850  -0.009407  -0.004938  -0.497671  -0.190741  0.197499  2.000000  
110.560924 -0.008769  0.078908  -0.013889  0.998167  0.036108  -0.048572  0.044828  0.098121  0.994164  0.040664  -0.994519  0.096323  -0.008851  -0.009293  -0.005052  -0.501625  -0.189072  0.195962  2.000000  
110.562171 -0.008779  0.078898  -0.013896  0.998165  0.036359  -0.048420  0.044622  0.098849  0.994101  0.040931  -0.994438  0.097045  -0.008792  -0.009131  -0.005183  -0.506252  -0.183701  0.197208  2.000000  
110.563423 -0.008789  0.078887  -0.013903  0.998169  0.036477  -0.048254  0.044416  0.099571  0.994039  0.041065  -0.994362  0.097769  -0.008684  -0.008982  -0.005249  -0.510035  -0.183472  0.197226  2.000000  
110.564425 -0.008797  0.078878  -0.013908  0.998172  0.036602  -0.048085  0.044210  0.100172  0.993987  0.041198  -0.994297  0.098371  -0.008626  -0.008847  -0.005283  -0.518129  -0.183775  0.192829  2.000000  
110.565433 -0.008805  0.078870  -0.013914  0.998176  0.036732  -0.047911  0.044005  0.100653  0.993948  0.041332  -0.994243  0.098853  -0.008525  -0.008715  -0.005318  -0.517956  -0.182207  0.191347  2.000000  
110.566671 -0.008815  0.078860  -0.013919  0.998174  0.036984  -0.047760  0.043799  0.101380  0.993883  0.041599  -0.994160  0.099575  -0.008404  -0.008598  -0.005310  -0.522418  -0.176673  0.192414  2.000000  
110.567673 -0.008822  0.078852  -0.013925  0.998177  0.037109  -0.047591  0.043593  0.101981  0.993831  0.041733  -0.994094  0.100178  -0.008352  -0.008518  -0.005425  -0.526451  -0.176980  0.188031  2.000000  
110.568920 -0.008832  0.078843  -0.013932  0.998175  0.037367  -0.047436  0.043387  0.102588  0.993777  0.042000  -0.994022  0.100780  -0.008287  -0.008452  -0.005579  -0.526530  -0.176908  0.188185  2.000000  
110.570170 -0.008842  0.078833  -0.013940  0.998178  0.037486  -0.047272  0.043181  0.103309  0.993712  0.042134  -0.993943  0.101502  -0.008229  -0.008394  -0.005682  -0.534600  -0.177198  0.183798  2.000000  
110.571171 -0.008850  0.078825  -0.013947  0.998167  0.037723  -0.047322  0.043181  0.103923  0.993648  0.042401  -0.993870  0.102104  -0.008116  -0.008344  -0.005832  -0.538934  -0.169795  0.187728  2.000000  
110.572419 -0.008860  0.078815  -0.013956  0.998170  0.037843  -0.047159  0.042975  0.104645  0.993581  0.042535  -0.993789  0.102827  -0.008096  -0.008335  -0.005907  -0.542480  -0.168684  0.181821  2.000000  
110.573420 -0.008868  0.078807  -0.013963  0.998173  0.037963  -0.046996  0.042769  0.105366  0.993513  0.042669  -0.993709  0.103549  -0.008009  -0.008260  -0.005995  -0.551267  -0.163064  0.182769  2.000000  
110.574422 -0.008875  0.078798  -0.013970  0.998182  0.037957  -0.046814  0.042564  0.105960  0.993459  0.042669  -0.993646  0.104152  -0.007924  -0.008191  -0.006043  -0.555320  -0.163826  0.173906  2.000000  
110.575434 -0.008883  0.078791  -0.013977  0.998185  0.038083  -0.046647  0.042358  0.106561  0.993404  0.042802  -0.993577  0.104754  -0.007841  -0.008105  -0.006093  -0.559215  -0.163684  0.173946  2.000000  
110.576668 -0.008892  0.078781  -0.013986  0.998194  0.038065  -0.046475  0.042152  0.107396  0.993322  0.042802  -0.993487  0.105598  -0.007766  -0.008053  -0.006182  -0.562877  -0.162700  0.168253  2.000000  
110.577668 -0.008899  0.078774  -0.013993  0.998188  0.038170  -0.046512  0.042152  0.108004  0.993256  0.042936  -0.993417  0.106200  -0.007702  -0.007928  -0.006255  -0.563223  -0.155798  0.167708  2.000000  
110.578672 -0.008905  0.078767  -0.013999  0.998197  0.038164  -0.046331  0.041947  0.108599  0.993200  0.042936  -0.993353  0.106802  -0.007560  -0.007845  -0.006363  -0.567238  -0.156581  0.158913  2.000000  
110.579916 -0.008913  0.078758  -0.014009  0.998200  0.038286  -0.046168  0.041741  0.109319  0.993130  0.043070  -0.993269  0.107524  -0.007479  -0.007732  -0.006542  -0.567172  -0.156453  0.159014  2.000000  
110.580930 -0.008919  0.078752  -0.014016  0.998208  0.038280  -0.045987  0.041535  0.109914  0.993073  0.043070  -0.993204  0.108127  -0.007347  -0.007636  -0.006707  -0.571637  -0.158489  0.151421  2.000000  
110.582170 -0.008927  0.078743  -0.014026  0.998211  0.038397  -0.045830  0.041330  0.110754  0.992988  0.043204  -0.993106  0.108969  -0.007239  -0.007556  -0.006938  -0.576012  -0.158912  0.147159  2.000000  
110.583171 -0.008934  0.078736  -0.014035  0.998211  0.038369  -0.045853  0.041330  0.111357  0.992921  0.043204  -0.993040  0.109572  -0.007171  -0.007529  -0.007140  -0.576124  -0.152353  0.142041  2.000000  
110.584418 -0.008942  0.078727  -0.014045  0.998214  0.038492  -0.045691  0.041124  0.112077  0.992848  0.043337  -0.992954  0.110294  -0.007057  -0.007512  -0.007299  -0.579444  -0.151468  0.136528  2.000000  
110.585431 -0.008949  0.078719  -0.014053  0.998222  0.038487  -0.045510  0.040918  0.112671  0.992789  0.043337  -0.992887  0.110896  -0.006975  -0.007453  -0.007418  -0.583531  -0.151863  0.132186  2.000000  
110.586667 -0.008957  0.078710  -0.014062  0.998225  0.038610  -0.045349  0.040713  0.113391  0.992716  0.043471  -0.992800  0.111618  -0.006869  -0.007435  -0.007450  -0.587484  -0.151756  0.132272  2.000000  
110.587669 -0.008964  0.078702  -0.014069  0.998225  0.038582  -0.045372  0.040713  0.113993  0.992647  0.043471  -0.992732  0.112220  -0.006789  -0.007373  -0.007449  -0.587784  -0.145323  0.127224  2.000000  
110.588918 -0.008972  0.078692  -0.014079  0.998233  0.038573  -0.045196  0.040507  0.114708  0.992573  0.043471  -0.992650  0.112942  -0.006652  -0.007334  -0.007461  -0.588563  -0.147365  0.119449  2.000000  
110.589923 -0.008978  0.078684  -0.014086  0.998241  0.038569  -0.045015  0.040302  0.115302  0.992513  0.043471  -0.992581  0.113544  -0.006574  -0.007309  -0.007493  -0.591770  -0.146555  0.114096  2.000000  
110.591170 -0.008985  0.078675  -0.014097  0.998250  0.038566  -0.044834  0.040096  0.115896  0.992452  0.043471  -0.992512  0.114146  -0.006450  -0.007317  -0.007629  -0.584567  -0.148663  0.106241  2.000000  
110.592421 -0.008993  0.078666  -0.014108  0.998258  0.038557  -0.044658  0.039891  0.116610  0.992376  0.043471  -0.992429  0.114869  -0.006369  -0.007328  -0.007831  -0.584764  -0.142167  0.101127  2.000000  
110.593668 -0.009000  0.078657  -0.014120  0.998266  0.038549  -0.044482  0.039685  0.117324  0.992300  0.043471  -0.992345  0.115591  -0.006335  -0.007347  -0.008061  -0.588906  -0.143081  0.092292  2.000000  
110.594916 -0.009006  0.078649  -0.014133  0.998274  0.038541  -0.044305  0.039480  0.118038  0.992224  0.043471  -0.992261  0.116313  -0.006195  -0.007311  -0.008276  -0.588237  -0.142356  0.087213  2.000000  
110.595921 -0.009012  0.078642  -0.014143  0.998282  0.038538  -0.044124  0.039274  0.118632  0.992161  0.043471  -0.992190  0.116915  -0.006150  -0.007288  -0.008470  -0.591765  -0.149556  0.083566  2.000000  
110.597170 -0.009018  0.078634  -0.014155  0.998291  0.038536  -0.043944  0.039069  0.119226  0.992098  0.043471  -0.992119  0.117517  -0.006086  -0.007246  -0.008626  -0.587679  -0.150464  0.074795  2.000000  
110.598173 -0.009024  0.078628  -0.014165  0.998291  0.038515  -0.043962  0.039069  0.119707  0.992040  0.043471  -0.992062  0.117998  -0.005990  -0.007192  -0.008703  -0.584665  -0.145280  0.070278  2.000000  
110.599176 -0.009029  0.078622  -0.014174  0.998299  0.038518  -0.043777  0.038863  0.120181  0.991991  0.043471  -0.992005  0.118479  -0.005949  -0.007107  -0.008782  -0.580463  -0.145707  0.065874  2.000000  
110.600423 -0.009037  0.078614  -0.014185  0.998312  0.038379  -0.043585  0.038658  0.120889  0.991913  0.043337  -0.991924  0.119202  -0.005865  -0.007030  -0.008857  -0.580562  -0.147179  0.052584  2.000000  
110.601424 -0.009042  0.078607  -0.014194  0.998320  0.038377  -0.043404  0.038452  0.121483  0.991848  0.043337  -0.991851  0.119803  -0.005817  -0.006973  -0.008945  -0.580503  -0.147634  0.048200  2.000000  
110.602671 -0.009050  0.078599  -0.014205  0.998328  0.038376  -0.043223  0.038247  0.122077  0.991783  0.043337  -0.991778  0.120405  -0.005774  -0.006873  -0.009075  -0.576581  -0.148147  0.043842  2.000000  
110.603924 -0.009058  0.078590  -0.014216  0.998336  0.038370  -0.043046  0.038041  0.122791  0.991703  0.043337  -0.991691  0.121127  -0.005737  -0.006763  -0.009161  -0.575516  -0.154199  0.039914  2.000000  
110.605170 -0.009065  0.078583  -0.014227  0.998344  0.038364  -0.042870  0.037836  0.123504  0.991622  0.043337  -0.991602  0.121848  -0.005710  -0.006635  -0.009264  -0.572681  -0.149151  0.035141  2.000000  
110.606423 -0.009072  0.078576  -0.014238  0.998352  0.038358  -0.042694  0.037630  0.124218  0.991541  0.043337  -0.991513  0.122570  -0.005659  -0.006476  -0.009308  -0.568231  -0.149026  0.035235  2.000000  
110.607668 -0.009078  0.078569  -0.014250  0.998359  0.038353  -0.042518  0.037425  0.124932  0.991459  0.043337  -0.991424  0.123292  -0.005585  -0.006322  -0.009296  -0.568271  -0.149530  0.030879  2.000000  
110.608921 -0.009085  0.078563  -0.014261  0.998367  0.038348  -0.042342  0.037219  0.125646  0.991377  0.043337  -0.991334  0.124013  -0.005578  -0.006163  -0.009214  -0.568091  -0.156407  0.031794  2.000000  
110.610165 -0.009090  0.078558  -0.014272  0.998375  0.038343  -0.042165  0.037014  0.126359  0.991294  0.043337  -0.991243  0.124735  -0.005470  -0.005939  -0.009108  -0.569017  -0.156047  0.027281  2.000000  
110.611174 -0.009094  0.078553  -0.014280  0.998382  0.038349  -0.041980  0.036808  0.126832  0.991241  0.043337  -0.991183  0.125215  -0.005428  -0.005806  -0.008967  -0.559836  -0.156865  0.027531  2.000000  
110.612424 -0.009099  0.078548  -0.014291  0.998390  0.038349  -0.041799  0.036602  0.127425  0.991173  0.043337  -0.991106  0.125817  -0.005312  -0.005625  -0.008866  -0.551606  -0.157355  0.023177  2.000000  
110.613670 -0.009105  0.078543  -0.014302  0.998405  0.038372  -0.041419  0.036191  0.128131  0.991097  0.043337  -0.991015  0.126538  -0.005231  -0.005445  -0.008769  -0.551342  -0.164213  0.024111  2.000000  
110.614677 -0.009109  0.078539  -0.014310  0.998405  0.038352  -0.041438  0.036191  0.128612  0.991034  0.043337  -0.990953  0.127019  -0.005126  -0.005246  -0.008726  -0.547159  -0.164705  0.019732  2.000000  
110.615924 -0.009115  0.078533  -0.014321  0.998412  0.038348  -0.041262  0.035986  0.129325  0.990949  0.043337  -0.990860  0.127740  -0.005046  -0.005073  -0.008758  -0.547164  -0.164693  0.019852  2.000000  
110.617170 -0.009121  0.078528  -0.014333  0.998427  0.038372  -0.040881  0.035575  0.130031  0.990872  0.043337  -0.990767  0.128461  -0.004889  -0.004920  -0.008797  -0.547068  -0.172148  0.016347  2.000000  
110.618170 -0.009125  0.078523  -0.014342  0.998434  0.038379  -0.040696  0.035369  0.130503  0.990817  0.043337  -0.990705  0.128942  -0.004780  -0.004793  -0.008830  -0.542926  -0.172119  0.016439  2.000000  
110.619170 -0.009130  0.078518  -0.014351  0.998441  0.038386  -0.040511  0.035164  0.130976  0.990762  0.043337  -0.990642  0.129422  -0.004688  -0.004665  -0.008842  -0.542933  -0.172113  0.016523  2.000000  
110.620171 -0.009134  0.078514  -0.014359  0.998441  0.038366  -0.040529  0.035164  0.131457  0.990698  0.043337  -0.990579  0.129903  -0.004612  -0.004538  -0.008827  -0.538885  -0.172114  0.016618  2.000000  
110.621171 -0.009138  0.078511  -0.014367  0.998449  0.038374  -0.040344  0.034958  0.131930  0.990642  0.043337  -0.990516  0.130384  -0.004457  -0.004413  -0.008750  -0.534732  -0.172080  0.016709  2.000000  
110.622421 -0.009141  0.078506  -0.014377  0.998463  0.038404  -0.039959  0.034547  0.132515  0.990579  0.043337  -0.990437  0.130984  -0.004289  -0.004243  -0.008635  -0.534050  -0.177450  0.017508  2.000000  
110.623430 -0.009144  0.078503  -0.014385  0.998464  0.038544  -0.039792  0.034341  0.132992  0.990522  0.043471  -0.990367  0.131464  -0.004145  -0.004114  -0.008522  -0.530148  -0.178299  0.022217  2.000000  
110.624443 -0.009146  0.078501  -0.014392  0.998471  0.038552  -0.039606  0.034136  0.133465  0.990466  0.043471  -0.990303  0.131945  -0.004002  -0.003987  -0.008412  -0.525834  -0.178206  0.022304  2.000000  
110.625668 -0.009149  0.078498  -0.014401  0.998478  0.038561  -0.039421  0.033930  0.133937  0.990409  0.043471  -0.990239  0.132425  -0.003801  -0.003855  -0.008282  -0.517596  -0.183676  0.023091  2.000000  
110.626922 -0.009152  0.078495  -0.014409  0.998485  0.038565  -0.039241  0.033725  0.134530  0.990335  0.043471  -0.990159  0.133026  -0.003627  -0.003708  -0.008157  -0.518094  -0.178319  0.022538  2.000000  
110.628168 -0.009154  0.078491  -0.014419  0.998492  0.038569  -0.039060  0.033519  0.135123  0.990262  0.043471  -0.990078  0.133626  -0.003428  -0.003597  -0.008099  -0.517659  -0.183671  0.023316  2.000000  
110.629170 -0.009157  0.078488  -0.014426  0.998499  0.038582  -0.038870  0.033313  0.135475  0.990221  0.043471  -0.990029  0.133986  -0.003312  -0.003549  -0.008009  -0.513610  -0.183659  0.023394  2.000000  
110.630419 -0.009160  0.078485  -0.014435  0.998513  0.038615  -0.038486  0.032902  0.136060  0.990154  0.043471  -0.989948  0.134587  -0.003102  -0.003395  -0.007915  -0.509267  -0.189874  0.028811  2.000000  
110.631446 -0.009162  0.078481  -0.014442  0.998513  0.038601  -0.038500  0.032902  0.136420  0.990105  0.043471  -0.989899  0.134947  -0.002936  -0.003295  -0.007750  -0.501074  -0.184396  0.028245  2.000000  
110.632672 -0.009165  0.078478  -0.014452  0.998532  0.038501  -0.038098  0.032491  0.137000  0.990038  0.043337  -0.989823  0.135548  -0.002738  -0.003137  -0.007627  -0.497107  -0.191956  0.024818  2.000000  
110.633923 -0.009168  0.078474  -0.014460  0.998539  0.038511  -0.037913  0.032286  0.137473  0.989979  0.043337  -0.989757  0.136028  -0.002541  -0.002992  -0.007444  -0.493044  -0.190375  0.024707  2.000000  
110.635168 -0.009170  0.078471  -0.014469  0.998545  0.038526  -0.037723  0.032080  0.137825  0.989937  0.043337  -0.989707  0.136388  -0.002395  -0.002890  -0.007310  -0.480924  -0.190366  0.024812  2.000000  
110.636170 -0.009172  0.078468  -0.014476  0.998552  0.038540  -0.037533  0.031875  0.138177  0.989894  0.043337  -0.989657  0.136749  -0.002271  -0.002813  -0.007247  -0.472763  -0.191964  0.025126  2.000000  
110.637170 -0.009173  0.078466  -0.014483  0.998558  0.038555  -0.037343  0.031669  0.138529  0.989852  0.043337  -0.989608  0.137109  -0.002107  -0.002741  -0.007179  -0.464550  -0.191928  0.025216  2.000000  
110.638423 -0.009174  0.078463  -0.014492  0.998565  0.038566  -0.037158  0.031463  0.139002  0.989792  0.043337  -0.989541  0.137589  -0.001976  -0.002670  -0.007135  -0.456293  -0.191869  0.025327  2.000000  
110.639666 -0.009176  0.078460  -0.014500  0.998571  0.038576  -0.036973  0.031258  0.139474  0.989732  0.043337  -0.989474  0.138069  -0.001897  -0.002659  -0.007127  -0.448624  -0.190331  0.025230  2.000000  
110.640669 -0.009176  0.078458  -0.014508  0.998578  0.038592  -0.036784  0.031052  0.139826  0.989689  0.043337  -0.989424  0.138429  -0.001793  -0.002674  -0.007166  -0.444248  -0.191922  0.025536  2.000000  
110.641671 -0.009177  0.078455  -0.014515  0.998578  0.038578  -0.036798  0.031052  0.140186  0.989638  0.043337  -0.989373  0.138789  -0.001713  -0.002663  -0.007160  -0.440315  -0.184992  0.024693  2.000000  
110.642916 -0.009178  0.078452  -0.014524  0.998584  0.038594  -0.036608  0.030847  0.140538  0.989595  0.043337  -0.989323  0.139149  -0.001609  -0.002659  -0.007112  -0.428646  -0.183475  0.024581  2.000000  
110.643922 -0.009179  0.078449  -0.014530  0.998591  0.038610  -0.036418  0.030641  0.140891  0.989551  0.043337  -0.989272  0.139509  -0.001492  -0.002646  -0.007062  -0.424628  -0.183475  0.024661  2.000000  
110.645166 -0.009180  0.078446  -0.014538  0.998597  0.038621  -0.036233  0.030436  0.141363  0.989490  0.043337  -0.989204  0.139989  -0.001368  -0.002643  -0.006958  -0.416662  -0.183514  0.024779  2.000000  
110.646168 -0.009180  0.078443  -0.014544  0.998603  0.038637  -0.036044  0.030230  0.141715  0.989446  0.043337  -0.989153  0.140349  -0.001296  -0.002652  -0.006911  -0.412519  -0.183460  0.024851  2.000000  
110.647172 -0.009182  0.078440  -0.014550  0.998603  0.038790  -0.035868  0.030024  0.141951  0.989418  0.043471  -0.989113  0.140588  -0.001210  -0.002615  -0.006821  -0.399637  -0.184371  0.029605  2.000000  
110.648177 -0.009182  0.078437  -0.014557  0.998603  0.038777  -0.035882  0.030024  0.142311  0.989367  0.043471  -0.989062  0.140948  -0.001080  -0.002624  -0.006756  -0.395739  -0.177453  0.028740  2.000000  
110.649428 -0.009184  0.078434  -0.014564  0.998610  0.038793  -0.035693  0.029819  0.142663  0.989322  0.043471  -0.989011  0.141308  -0.000992  -0.002585  -0.006662  -0.387572  -0.177433  0.028825  2.000000  
110.650670 -0.009185  0.078431  -0.014572  0.998616  0.038810  -0.035503  0.029613  0.143015  0.989277  0.043471  -0.988959  0.141668  -0.000920  -0.002595  -0.006617  -0.379524  -0.177467  0.028919  2.000000  
110.651670 -0.009186  0.078428  -0.014579  0.998622  0.038830  -0.035309  0.029407  0.143247  0.989250  0.043471  -0.988925  0.141908  -0.000889  -0.002587  -0.006661  -0.371330  -0.177438  0.028981  2.000000  
110.652921 -0.009186  0.078426  -0.014588  0.998628  0.038847  -0.035119  0.029202  0.143599  0.989205  0.043471  -0.988873  0.142268  -0.000829  -0.002588  -0.006647  -0.363205  -0.178059  0.024615  2.000000  
110.653924 -0.009187  0.078424  -0.014594  0.998628  0.038839  -0.035129  0.029202  0.143839  0.989170  0.043471  -0.988839  0.142507  -0.000809  -0.002564  -0.006593  -0.357259  -0.170170  0.023577  2.000000  
110.655171 -0.009188  0.078421  -0.014603  0.998634  0.038855  -0.034939  0.028996  0.144191  0.989125  0.043471  -0.988787  0.142867  -0.000810  -0.002565  -0.006598  -0.347617  -0.164399  0.022869  2.000000  
110.656173 -0.009188  0.078419  -0.014609  0.998640  0.038877  -0.034745  0.028791  0.144423  0.989097  0.043471  -0.988752  0.143107  -0.000790  -0.002540  -0.006543  -0.343349  -0.164302  0.022906  2.000000  
110.657421 -0.009188  0.078416  -0.014617  0.998640  0.038864  -0.034759  0.028791  0.144783  0.989045  0.043471  -0.988700  0.143467  -0.000723  -0.002488  -0.006491  -0.336873  -0.156194  0.021843  2.000000  
110.658671 -0.009189  0.078413  -0.014625  0.998646  0.038881  -0.034570  0.028585  0.145135  0.988999  0.043471  -0.988648  0.143827  -0.000689  -0.002418  -0.006400  -0.331461  -0.157455  0.022097  2.000000  
110.659916 -0.009189  0.078410  -0.014632  0.998652  0.038903  -0.034376  0.028380  0.145367  0.988971  0.043471  -0.988613  0.144067  -0.000634  -0.002400  -0.006326  -0.320727  -0.156190  0.021978  2.000000  
110.660916 -0.009189  0.078409  -0.014637  0.998652  0.038895  -0.034385  0.028380  0.145606  0.988935  0.043471  -0.988578  0.144306  -0.000546  -0.002320  -0.006290  -0.312937  -0.149391  0.021077  2.000000  
110.661924 -0.009189  0.078407  -0.014643  0.998657  0.038916  -0.034191  0.028174  0.145838  0.988907  0.043471  -0.988543  0.144546  -0.000490  -0.002268  -0.006285  -0.307374  -0.149987  0.025759  2.000000  
110.663166 -0.009189  0.078403  -0.014650  0.998663  0.038938  -0.033997  0.027968  0.146070  0.988879  0.043471  -0.988508  0.144786  -0.000459  -0.002240  -0.006255  -0.300792  -0.148740  0.025592  2.000000  
110.664175 -0.009189  0.078402  -0.014657  0.998663  0.038930  -0.034006  0.027968  0.146310  0.988843  0.043471  -0.988472  0.145026  -0.000373  -0.002209  -0.006289  -0.295337  -0.143074  0.024877  2.000000  
110.665437 -0.009189  0.078399  -0.014664  0.998669  0.038952  -0.033812  0.027763  0.146542  0.988815  0.043471  -0.988437  0.145266  -0.000277  -0.002158  -0.006255  -0.287078  -0.143012  0.024920  2.000000  
110.666673 -0.009189  0.078396  -0.014672  0.998669  0.038943  -0.033821  0.027763  0.146782  0.988779  0.043471  -0.988402  0.145505  -0.000221  -0.002141  -0.006185  -0.279368  -0.136230  0.024007  2.000000  
110.667920 -0.009189  0.078393  -0.014680  0.998675  0.038966  -0.033627  0.027557  0.147014  0.988751  0.043471  -0.988367  0.145745  -0.000153  -0.002142  -0.006120  -0.273027  -0.135102  0.023850  2.000000  
110.669170 -0.009188  0.078391  -0.014687  0.998675  0.038957  -0.033637  0.027557  0.147254  0.988715  0.043471  -0.988331  0.145985  -0.000072  -0.002108  -0.006012  -0.267452  -0.129378  0.023117  2.000000  
110.670422 -0.009188  0.078389  -0.014694  0.998680  0.038980  -0.033443  0.027352  0.147485  0.988686  0.043471  -0.988296  0.146225  -0.000012  -0.002088  -0.005962  -0.261203  -0.128305  0.022965  2.000000  
110.671433 -0.009187  0.078387  -0.014700  0.998680  0.038976  -0.033447  0.027352  0.147605  0.988668  0.043471  -0.988278  0.146345  0.000059  -0.002053  -0.005933  -0.251357  -0.122479  0.022201  2.000000  
110.672668 -0.009187  0.078386  -0.014707  0.998686  0.038998  -0.033253  0.027146  0.147837  0.988639  0.043471  -0.988243  0.146584  0.000141  -0.001992  -0.005856  -0.247355  -0.122509  0.022245  2.000000  
110.673920 -0.009186  0.078383  -0.014714  0.998686  0.038994  -0.033258  0.027146  0.147957  0.988621  0.043471  -0.988225  0.146704  0.000179  -0.001953  -0.005885  -0.237553  -0.114721  0.021111  2.000000  
110.675171 -0.009186  0.078381  -0.014721  0.998691  0.039016  -0.033064  0.026940  0.148189  0.988592  0.043471  -0.988189  0.146944  0.000242  -0.001915  -0.005854  -0.227372  -0.115704  0.021343  2.000000  
110.676422 -0.009185  0.078379  -0.014729  0.998697  0.039043  -0.032865  0.026735  0.148301  0.988581  0.043471  -0.988171  0.147064  0.000261  -0.001899  -0.005932  -0.219117  -0.115647  0.021361  2.000000  
110.677423 -0.009184  0.078378  -0.014734  0.998697  0.039039  -0.032870  0.026735  0.148421  0.988563  0.043471  -0.988153  0.147184  0.000337  -0.001815  -0.005882  -0.213564  -0.108551  0.015805  2.000000  
110.678670 -0.009184  0.078376  -0.014741  0.998697  0.039031  -0.032879  0.026735  0.148661  0.988527  0.043471  -0.988118  0.147423  0.000351  -0.001768  -0.005841  -0.209873  -0.101788  0.014852  2.000000  
110.679917 -0.009183  0.078374  -0.014748  0.998702  0.039057  -0.032681  0.026529  0.148772  0.988516  0.043471  -0.988100  0.147543  0.000385  -0.001699  -0.005752  -0.201908  -0.101847  0.014886  2.000000  
110.680924 -0.009182  0.078373  -0.014753  0.998702  0.039053  -0.032685  0.026529  0.148892  0.988497  0.043471  -0.988082  0.147663  0.000433  -0.001628  -0.005669  -0.195533  -0.095749  0.014018  2.000000  
110.682172 -0.009182  0.078371  -0.014759  0.998708  0.039080  -0.032487  0.026324  0.149004  0.988486  0.043471  -0.988064  0.147783  0.000474  -0.001586  -0.005583  -0.187114  -0.102604  0.015047  2.000000  
110.683426 -0.009181  0.078369  -0.014765  0.998708  0.039072  -0.032496  0.026324  0.149244  0.988450  0.043471  -0.988028  0.148023  0.000473  -0.001573  -0.005435  -0.183299  -0.095739  0.014070  2.000000  
110.684430 -0.009181  0.078368  -0.014770  0.998713  0.039099  -0.032297  0.026118  0.149356  0.988439  0.043471  -0.988010  0.148142  0.000500  -0.001529  -0.005428  -0.179206  -0.095728  0.014086  2.000000  
110.685437 -0.009180  0.078366  -0.014775  0.998713  0.039099  -0.032297  0.026118  0.149356  0.988439  0.043471  -0.988010  0.148142  0.000487  -0.001524  -0.005389  -0.169683  -0.094958  0.013985  2.000000  
110.686674 -0.009180  0.078364  -0.014781  0.998719  0.039122  -0.032103  0.025912  0.149588  0.988409  0.043471  -0.987974  0.148382  0.000464  -0.001517  -0.005325  -0.166986  -0.095726  0.014128  2.000000  
110.687675 -0.009180  0.078363  -0.014787  0.998719  0.039122  -0.032103  0.025912  0.149588  0.988409  0.043471  -0.987974  0.148382  0.000471  -0.001498  -0.005370  0.000000  0.000000  0.000000  2.000000  
110.688921 -0.009179  0.078361  -0.014794  0.998719  0.039118  -0.032108  0.025912  0.149707  0.988391  0.043471  -0.987956  0.148502  0.000464  -0.001518  -0.005327  0.000000  0.000000  0.000000  2.000000  
110.689924 -0.009179  0.078359  -0.014800  0.998724  0.039145  -0.031909  0.025707  0.149819  0.988379  0.043471  -0.987938  0.148622  0.000459  -0.001493  -0.005335  0.000000  0.000000  0.000000  2.000000  
110.691172 -0.009178  0.078358  -0.014807  0.998724  0.039141  -0.031914  0.025707  0.149939  0.988361  0.043471  -0.987920  0.148742  0.000473  -0.001446  -0.005295  0.000000  0.000000  0.000000  2.000000  
110.692417 -0.009177  0.078356  -0.014813  0.998724  0.039137  -0.031919  0.025707  0.150059  0.988343  0.043471  -0.987902  0.148861  0.000451  -0.001469  -0.005251  0.000000  0.000000  0.000000  2.000000  
110.693421 -0.009177  0.078355  -0.014818  0.998729  0.039168  -0.031715  0.025501  0.150051  0.988349  0.043471  -0.987902  0.148861  0.000454  -0.001462  -0.005216  0.000000  0.000000  0.000000  2.000000  
110.694421 -0.009177  0.078353  -0.014823  0.998729  0.039164  -0.031720  0.025501  0.150171  0.988331  0.043471  -0.987884  0.148981  0.000423  -0.001438  -0.005192  0.000000  0.000000  0.000000  2.000000  
110.695434 -0.009176  0.078352  -0.014828  0.998729  0.039164  -0.031720  0.025501  0.150171  0.988331  0.043471  -0.987884  0.148981  0.000405  -0.001452  -0.005203  0.000000  0.000000  0.000000  2.000000  
110.696671 -0.009176  0.078350  -0.014834  0.998729  0.039161  -0.031725  0.025501  0.150291  0.988313  0.043471  -0.987866  0.149101  0.000380  -0.001452  -0.005172  0.000000  0.000000  0.000000  2.000000  
110.697674 -0.009176  0.078349  -0.014839  0.998734  0.039192  -0.031521  0.025296  0.150283  0.988319  0.043471  -0.987866  0.149101  0.000325  -0.001463  -0.005213  0.000000  0.000000  0.000000  2.000000  
110.698677 -0.009176  0.078347  -0.014844  0.998734  0.039188  -0.031526  0.025296  0.150403  0.988301  0.043471  -0.987848  0.149221  0.000314  -0.001459  -0.005180  0.000000  0.000000  0.000000  2.000000  
110.699924 -0.009177  0.078345  -0.014851  0.998734  0.039188  -0.031526  0.025296  0.150403  0.988301  0.043471  -0.987848  0.149221  0.000276  -0.001461  -0.005235  0.000000  0.000000  0.000000  2.000000  
110.701169 -0.009177  0.078343  -0.014856  0.998734  0.039188  -0.031526  0.025296  0.150403  0.988301  0.043471  -0.987848  0.149221  0.000205  -0.001445  -0.005159  0.000000  0.000000  0.000000  2.000000  
