1-Time 2-Px 3-Py 4-Pz 5-R11 6-R21 7-R31 8-R12 9-R22 10-R32 11-R13 12-R23 13-R33 14-Vx 15-Vy 16-Vz 17-Wx 18-Wy 19-Wz 20-state 21-PR11 22-PR21 23-PR31 24-PR12 25-PR22 26-PR32 27-PR13 28-PR23 29-PR33 
255.437510 -0.001929  0.085973  -0.010427  0.998330  0.055212  -0.017009  0.014593  0.043859  0.998931  0.055899  -0.997511  0.042980  -0.002399  0.002431  0.011407  0.134352  -0.239573  0.318883  2.000000  
255.438520 -0.001931  0.085977  -0.010414  0.998318  0.055492  -0.016801  0.014388  0.043609  0.998945  0.056166  -0.997506  0.042737  -0.002311  0.002506  0.011497  0.139242  -0.235030  0.312081  2.000000  
255.439770 -0.001936  0.085977  -0.010401  0.998309  0.055939  -0.015783  0.013360  0.043436  0.998967  0.056567  -0.997489  0.042615  -0.002365  0.002367  0.011521  0.140383  -0.255698  0.312887  2.000000  
255.440771 -0.001940  0.085977  -0.010390  0.998290  0.056510  -0.014977  0.012537  0.043275  0.998985  0.057101  -0.997464  0.042493  -0.002433  0.002202  0.011503  0.145318  -0.269323  0.317991  2.000000  
255.442018 -0.001944  0.085977  -0.010375  0.998277  0.056950  -0.014157  0.011715  0.042991  0.999007  0.057502  -0.997451  0.042250  -0.002511  0.001998  0.011571  0.150616  -0.290096  0.318881  2.000000  
255.443267 -0.001949  0.085976  -0.010361  0.998253  0.057513  -0.013549  0.011098  0.042720  0.999025  0.058036  -0.997430  0.042007  -0.002617  0.001791  0.011584  0.155268  -0.296972  0.323759  2.000000  
255.444521 -0.001954  0.085975  -0.010345  0.998230  0.058085  -0.012735  0.010276  0.042435  0.999046  0.058570  -0.997409  0.041763  -0.002739  0.001524  0.011725  0.156498  -0.317638  0.324478  2.000000  
255.445768 -0.001958  0.085974  -0.010329  0.998203  0.058806  -0.011521  0.009042  0.042248  0.999066  0.059238  -0.997375  0.041641  -0.002846  0.001278  0.011864  0.158173  -0.344857  0.334611  2.000000  
255.446791 -0.001962  0.085974  -0.010316  0.998181  0.059393  -0.010302  0.007809  0.042059  0.999085  0.059772  -0.997348  0.041519  -0.002947  0.001055  0.011947  0.160088  -0.378698  0.344785  2.000000  
255.448017 -0.001967  0.085974  -0.010300  0.998149  0.060106  -0.009287  0.006781  0.041760  0.999105  0.060440  -0.997318  0.041275  -0.003107  0.000853  0.011981  0.165643  -0.399339  0.354854  2.000000  
255.449266 -0.001973  0.085974  -0.010285  0.998124  0.060692  -0.008068  0.005548  0.041567  0.999120  0.060974  -0.997291  0.041153  -0.003382  0.000586  0.012013  0.167784  -0.433711  0.360821  2.000000  
255.450521 -0.001979  0.085973  -0.010270  0.998089  0.061412  -0.006854  0.004315  0.041374  0.999134  0.061642  -0.997255  0.041030  -0.003611  0.000339  0.012024  0.169949  -0.467779  0.371185  2.000000  
255.451538 -0.001984  0.085973  -0.010258  0.998052  0.062131  -0.005639  0.003082  0.041179  0.999147  0.062310  -0.997218  0.040907  -0.003824  0.000089  0.011987  0.172065  -0.501590  0.381348  2.000000  
255.452765 -0.001991  0.085971  -0.010243  0.998013  0.062848  -0.004433  0.001849  0.041103  0.999153  0.062977  -0.997176  0.040906  -0.004125  -0.000204  0.012007  0.165942  -0.529307  0.391815  2.000000  
255.454010 -0.002000  0.085969  -0.010228  0.997964  0.063700  -0.003223  0.000616  0.040905  0.999163  0.063779  -0.997130  0.040783  -0.004477  -0.000529  0.012086  0.168259  -0.563128  0.411241  2.000000  
255.455258 -0.002009  0.085967  -0.010212  0.997921  0.064409  -0.002222  -0.000411  0.040839  0.999166  0.064446  -0.997088  0.040781  -0.004751  -0.000661  0.012251  0.166117  -0.590367  0.421382  2.000000  
255.456263 -0.002014  0.085966  -0.010198  0.997886  0.064976  -0.001421  -0.001233  0.040785  0.999167  0.064980  -0.997053  0.040779  -0.004867  -0.000712  0.012391  0.159089  -0.604071  0.431063  2.000000  
255.457270 -0.002020  0.085964  -0.010185  0.997849  0.065552  -0.000415  -0.002260  0.040717  0.999168  0.065514  -0.997018  0.040778  -0.005027  -0.000821  0.012524  0.156801  -0.630901  0.440903  2.000000  
255.458274 -0.002026  0.085963  -0.010171  0.997811  0.066128  0.000592  -0.003287  0.040648  0.999168  0.066048  -0.996983  0.040776  -0.005176  -0.000896  0.012645  0.154627  -0.658071  0.450984  2.000000  
255.459521 -0.002032  0.085960  -0.010154  0.997753  0.066978  0.001794  -0.004519  0.040563  0.999167  0.066849  -0.996930  0.040774  -0.005254  -0.001001  0.012732  0.153082  -0.692155  0.465992  2.000000  
255.460528 -0.002036  0.085958  -0.010141  0.997713  0.067545  0.002595  -0.005340  0.040505  0.999165  0.067383  -0.996894  0.040773  -0.005288  -0.001043  0.012748  0.150536  -0.712405  0.475759  2.000000  
255.461764 -0.002041  0.085957  -0.010125  0.997652  0.068387  0.003582  -0.006367  0.040551  0.999157  0.068184  -0.996834  0.040892  -0.005269  -0.001129  0.012725  0.140031  -0.732571  0.490094  2.000000  
255.462764 -0.002044  0.085955  -0.010114  0.997609  0.068962  0.004589  -0.007394  0.040477  0.999153  0.068718  -0.996798  0.040890  -0.005216  -0.001257  0.012584  0.137969  -0.759813  0.500210  2.000000  
255.464012 -0.002047  0.085952  -0.010102  0.997545  0.069804  0.005584  -0.008420  0.040399  0.999148  0.069519  -0.996742  0.040888  -0.004999  -0.001447  0.012433  0.131542  -0.779873  0.519017  2.000000  
255.465020 -0.002049  0.085948  -0.010093  0.997491  0.070505  0.006371  -0.009241  0.040457  0.999139  0.070187  -0.996691  0.041007  -0.004828  -0.001673  0.012300  0.125030  -0.799743  0.533209  2.000000  
255.466264 -0.002051  0.085945  -0.010081  0.997436  0.071205  0.007166  -0.010062  0.040392  0.999133  0.070854  -0.996644  0.041005  -0.004539  -0.001888  0.011983  0.122252  -0.813232  0.547386  2.000000  
255.467266 -0.002053  0.085941  -0.010073  0.997389  0.071773  0.007959  -0.010883  0.040449  0.999122  0.071388  -0.996601  0.041124  -0.004287  -0.002090  0.011736  0.115743  -0.833437  0.557180  2.000000  
255.468511 -0.002055  0.085936  -0.010063  0.997332  0.072473  0.008754  -0.011704  0.040382  0.999116  0.072055  -0.996553  0.041122  -0.003919  -0.002301  0.011430  0.108468  -0.846936  0.566957  2.000000  
255.469514 -0.002056  0.085931  -0.010056  0.997283  0.073040  0.009546  -0.012525  0.040436  0.999104  0.072589  -0.996509  0.041241  -0.003544  -0.002492  0.011077  0.100770  -0.846578  0.571316  2.000000  
255.470759 -0.002057  0.085925  -0.010047  0.997227  0.073732  0.010135  -0.013140  0.040383  0.999098  0.073256  -0.996460  0.041239  -0.003086  -0.002752  0.010549  0.096382  -0.832940  0.575307  2.000000  
255.471765 -0.002058  0.085921  -0.010040  0.997189  0.074158  0.010727  -0.013755  0.040453  0.999087  0.073656  -0.996426  0.041359  -0.002765  -0.002953  0.010083  0.088616  -0.832723  0.575172  2.000000  
255.472766 -0.002059  0.085917  -0.010034  0.997144  0.074708  0.011116  -0.014165  0.040415  0.999083  0.074190  -0.996386  0.041357  -0.002443  -0.003109  0.009562  0.080406  -0.825417  0.583600  2.000000  
255.473767 -0.002061  0.085913  -0.010028  0.997095  0.075267  0.011702  -0.014781  0.040482  0.999071  0.074724  -0.996341  0.041477  -0.002141  -0.003240  0.009068  0.069191  -0.832305  0.583863  2.000000  
255.474771 -0.002062  0.085908  -0.010023  0.997045  0.075827  0.012287  -0.015396  0.040548  0.999059  0.075257  -0.996296  0.041596  -0.001899  -0.003416  0.008535  0.060673  -0.818360  0.587753  2.000000  
255.476019 -0.002063  0.085904  -0.010018  0.996985  0.076520  0.012867  -0.016011  0.040612  0.999047  0.075925  -0.996241  0.041715  -0.001625  -0.003649  0.007648  0.047610  -0.797792  0.586932  2.000000  
255.477266 -0.002064  0.085900  -0.010013  0.996927  0.077205  0.013241  -0.016421  0.040690  0.999037  0.076592  -0.996185  0.041833  -0.001444  -0.003751  0.007100  0.038222  -0.770615  0.585800  2.000000  
255.478523 -0.002065  0.085897  -0.010008  0.996876  0.077766  0.013817  -0.017036  0.040876  0.999019  0.077125  -0.996133  0.042073  -0.001274  -0.003761  0.006577  0.020796  -0.749309  0.584812  2.000000  
255.479766 -0.002066  0.085895  -0.010002  0.996827  0.078320  0.014187  -0.017445  0.041077  0.999004  0.077659  -0.996082  0.042313  -0.001156  -0.003659  0.006179  0.007133  -0.724355  0.581226  2.000000  
255.480766 -0.002067  0.085892  -0.009998  0.996789  0.078738  0.014572  -0.017855  0.041159  0.998993  0.078059  -0.996045  0.042433  -0.001120  -0.003593  0.005835  0.002346  -0.702454  0.574148  2.000000  
255.482015 -0.002068  0.085890  -0.009993  0.996750  0.079160  0.014937  -0.018265  0.041483  0.998972  0.078459  -0.995998  0.042794  -0.001062  -0.003439  0.005449  -0.016395  -0.667809  0.559506  2.000000  
255.483265 -0.002071  0.085888  -0.009988  0.996700  0.079714  0.015306  -0.018675  0.041682  0.998956  0.078993  -0.995946  0.043033  -0.001060  -0.003256  0.005058  -0.025563  -0.647161  0.549532  2.000000  
255.484523 -0.002073  0.085886  -0.009984  0.996661  0.080136  0.015671  -0.019084  0.042005  0.998935  0.079393  -0.995898  0.043394  -0.001134  -0.003017  0.004688  -0.043480  -0.619513  0.539158  2.000000  
255.485760 -0.002076  0.085883  -0.009982  0.996631  0.080424  0.016051  -0.019494  0.042209  0.998919  0.079660  -0.995867  0.043635  -0.001248  -0.002784  0.004299  -0.051961  -0.601252  0.525496  2.000000  
255.487013 -0.002078  0.085882  -0.009981  0.996591  0.080847  0.016416  -0.019904  0.042532  0.998897  0.080060  -0.995819  0.043996  -0.001324  -0.002552  0.003858  -0.065777  -0.574340  0.515696  2.000000  
255.488260 -0.002081  0.085880  -0.009980  0.996551  0.081270  0.016780  -0.020314  0.042854  0.998875  0.080460  -0.995770  0.044357  -0.001417  -0.002303  0.003393  -0.079606  -0.547243  0.505719  2.000000  
255.489265 -0.002083  0.085879  -0.009980  0.996510  0.081692  0.017153  -0.020723  0.043054  0.998858  0.080860  -0.995727  0.044597  -0.001447  -0.002094  0.003069  -0.088899  -0.526943  0.495919  2.000000  
255.490269 -0.002084  0.085879  -0.009979  0.996484  0.081971  0.017327  -0.020928  0.043274  0.998844  0.081127  -0.995695  0.044838  -0.001489  -0.001823  0.002781  -0.098273  -0.506607  0.486068  2.000000  
255.491269 -0.002085  0.085879  -0.009979  0.996454  0.082260  0.017707  -0.021338  0.043477  0.998827  0.081393  -0.995662  0.045078  -0.001494  -0.001606  0.002513  -0.104435  -0.490806  0.471343  2.000000  
255.492273 -0.002085  0.085879  -0.009978  0.996412  0.082681  0.018080  -0.021747  0.043677  0.998809  0.081793  -0.995618  0.045318  -0.001471  -0.001385  0.002306  -0.113896  -0.470177  0.465948  2.000000  
255.493530 -0.002086  0.085878  -0.009977  0.996381  0.082972  0.018449  -0.022157  0.044000  0.998786  0.082060  -0.995580  0.045680  -0.001436  -0.001222  0.001987  -0.125915  -0.453171  0.448294  2.000000  
255.494766 -0.002086  0.085878  -0.009975  0.996350  0.083264  0.018817  -0.022567  0.044324  0.998762  0.082327  -0.995541  0.046041  -0.001384  -0.001077  0.001777  -0.136955  -0.430259  0.428505  2.000000  
255.496015 -0.002086  0.085879  -0.009972  0.996314  0.083567  0.019381  -0.023182  0.044751  0.998729  0.082593  -0.995497  0.046523  -0.001265  -0.000885  0.001653  -0.153561  -0.423767  0.414757  2.000000  
255.497265 -0.002085  0.085879  -0.009969  0.996282  0.083859  0.019750  -0.023592  0.045073  0.998705  0.082860  -0.995458  0.046884  -0.001083  -0.000668  0.001474  -0.161262  -0.406875  0.401916  2.000000  
255.498528 -0.002084  0.085880  -0.009966  0.996234  0.084294  0.020317  -0.024206  0.045375  0.998677  0.083260  -0.995407  0.047245  -0.000886  -0.000506  0.001417  -0.175550  -0.396746  0.391014  2.000000  
255.499762 -0.002083  0.085880  -0.009962  0.996201  0.084589  0.020674  -0.024616  0.045818  0.998646  0.083527  -0.995362  0.047727  -0.000620  -0.000315  0.001473  -0.188782  -0.383684  0.377289  2.000000  
255.500765 -0.002082  0.085881  -0.009958  0.996169  0.084879  0.021052  -0.025025  0.046019  0.998627  0.083793  -0.995328  0.047967  -0.000401  -0.000150  0.001599  -0.197326  -0.376900  0.372497  2.000000  
255.502008 -0.002081  0.085882  -0.009953  0.996136  0.085174  0.021409  -0.025435  0.046462  0.998596  0.084060  -0.995282  0.048449  -0.000190  0.000028  0.001860  -0.207722  -0.374159  0.360714  2.000000  
255.503010 -0.002080  0.085884  -0.009949  0.996114  0.085335  0.021783  -0.025845  0.046787  0.998570  0.084193  -0.995253  0.048810  0.000019  0.000224  0.002103  -0.220234  -0.367796  0.347050  2.000000  
255.504011 -0.002079  0.085886  -0.009943  0.996092  0.085492  0.022167  -0.026255  0.046990  0.998550  0.084327  -0.995230  0.049051  0.000241  0.000427  0.002443  -0.224704  -0.361510  0.333451  2.000000  
255.505259 -0.002077  0.085888  -0.009937  0.996059  0.085789  0.022523  -0.026664  0.047433  0.998518  0.084593  -0.995184  0.049533  0.000482  0.000656  0.002835  -0.237259  -0.355247  0.319947  2.000000  
255.506266 -0.002076  0.085890  -0.009932  0.996036  0.085950  0.022896  -0.027074  0.047757  0.998492  0.084727  -0.995154  0.049895  0.000606  0.000770  0.003162  -0.243713  -0.352021  0.304418  2.000000  
255.507276 -0.002075  0.085893  -0.009926  0.996014  0.086111  0.023270  -0.027484  0.048081  0.998465  0.084860  -0.995125  0.050256  0.000716  0.000950  0.003564  -0.251621  -0.352385  0.290877  2.000000  
255.508519 -0.002074  0.085895  -0.009919  0.995985  0.086282  0.023848  -0.028099  0.048388  0.998433  0.084993  -0.995095  0.050618  0.000835  0.001122  0.003870  -0.257059  -0.356759  0.280060  2.000000  
255.509524 -0.002073  0.085897  -0.009914  0.995962  0.086444  0.024221  -0.028508  0.048712  0.998406  0.085127  -0.995065  0.050979  0.000916  0.001272  0.004131  -0.263063  -0.360144  0.268932  2.000000  
255.510763 -0.002072  0.085899  -0.009907  0.995939  0.086609  0.024583  -0.028918  0.049157  0.998372  0.085260  -0.995029  0.051461  0.000938  0.001369  0.004372  -0.273006  -0.357614  0.257993  2.000000  
255.511767 -0.002071  0.085901  -0.009902  0.995927  0.086639  0.024963  -0.029328  0.049484  0.998344  0.085260  -0.995010  0.051824  0.000938  0.001433  0.004578  -0.275176  -0.361095  0.246770  2.000000  
255.513014 -0.002071  0.085902  -0.009894  0.995897  0.086815  0.025530  -0.029943  0.049911  0.998305  0.085393  -0.994973  0.052306  0.000914  0.001505  0.004850  -0.282666  -0.368567  0.233779  2.000000  
255.514265 -0.002071  0.085903  -0.009887  0.995873  0.086978  0.025903  -0.030353  0.050234  0.998276  0.085527  -0.994943  0.052667  0.000871  0.001550  0.005071  -0.282630  -0.368992  0.224980  2.000000  
255.515519 -0.002071  0.085904  -0.009880  0.995843  0.087155  0.026470  -0.030967  0.050661  0.998236  0.085660  -0.994906  0.053149  0.000760  0.001548  0.005291  -0.289975  -0.375801  0.220831  2.000000  
255.516764 -0.002071  0.085904  -0.009872  0.995819  0.087318  0.026842  -0.031377  0.050984  0.998206  0.085793  -0.994875  0.053511  0.000679  0.001496  0.005463  -0.289944  -0.376245  0.212039  2.000000  
255.518015 -0.002072  0.085904  -0.009865  0.995788  0.087493  0.027420  -0.031992  0.051289  0.998171  0.085926  -0.994844  0.053872  0.000511  0.001350  0.005593  -0.289234  -0.383450  0.203511  2.000000  
255.519264 -0.002073  0.085904  -0.009857  0.995763  0.087657  0.027791  -0.032401  0.051612  0.998141  0.086060  -0.994813  0.054233  0.000324  0.001178  0.005670  -0.290815  -0.380696  0.193057  2.000000  
255.520290 -0.002075  0.085904  -0.009852  0.995750  0.087689  0.028171  -0.032811  0.051939  0.998111  0.086060  -0.994793  0.054595  0.000143  0.001023  0.005691  -0.297046  -0.384229  0.181191  2.000000  
255.521522 -0.002077  0.085902  -0.009845  0.995718  0.087861  0.028758  -0.033426  0.052123  0.998081  0.086193  -0.994768  0.054836  -0.000106  0.000750  0.005664  -0.290157  -0.388389  0.175857  2.000000  
255.522531 -0.002079  0.085902  -0.009841  0.995692  0.088022  0.029141  -0.033835  0.052324  0.998057  0.086326  -0.994743  0.055077  -0.000305  0.000515  0.005559  -0.288205  -0.391766  0.168348  2.000000  
255.523545 -0.002081  0.085900  -0.009837  0.995678  0.088054  0.029520  -0.034245  0.052651  0.998026  0.086326  -0.994723  0.055439  -0.000509  0.000260  0.005500  -0.292072  -0.391698  0.163875  2.000000  
255.524764 -0.002084  0.085898  -0.009832  0.995652  0.088216  0.029902  -0.034655  0.052852  0.998001  0.086460  -0.994698  0.055680  -0.000791  0.000010  0.005347  -0.289308  -0.395885  0.158683  2.000000  
255.525770 -0.002087  0.085897  -0.009829  0.995638  0.088245  0.030291  -0.035065  0.053058  0.997976  0.086460  -0.994685  0.055921  -0.001029  -0.000185  0.005220  -0.284042  -0.392624  0.150784  2.000000  
255.527015 -0.002090  0.085895  -0.009824  0.995612  0.088411  0.030662  -0.035474  0.053380  0.997944  0.086593  -0.994653  0.056282  -0.001273  -0.000396  0.005086  -0.284008  -0.392859  0.146460  2.000000  
255.528017 -0.002093  0.085894  -0.009821  0.995597  0.088441  0.031052  -0.035884  0.053586  0.997918  0.086593  -0.994639  0.056523  -0.001511  -0.000587  0.004906  -0.279857  -0.393250  0.137587  2.000000  
255.529264 -0.002097  0.085892  -0.009817  0.995582  0.088471  0.031441  -0.036294  0.053791  0.997892  0.086593  -0.994625  0.056765  -0.001733  -0.000762  0.004682  -0.277519  -0.390468  0.127649  2.000000  
255.530267 -0.002099  0.085890  -0.009814  0.995567  0.088501  0.031831  -0.036704  0.053997  0.997866  0.086593  -0.994611  0.057006  -0.001894  -0.000911  0.004472  -0.271637  -0.394163  0.119879  2.000000  
255.531518 -0.002103  0.085888  -0.009811  0.995541  0.088667  0.032202  -0.037114  0.054319  0.997834  0.086726  -0.994579  0.057367  -0.002151  -0.001086  0.004184  -0.272070  -0.387356  0.115133  2.000000  
255.532522 -0.002106  0.085887  -0.009809  0.995525  0.088698  0.032591  -0.037524  0.054524  0.997807  0.086726  -0.994565  0.057609  -0.002268  -0.001166  0.003989  -0.267917  -0.387761  0.106260  2.000000  
255.533528 -0.002108  0.085886  -0.009805  0.995518  0.088717  0.032775  -0.037729  0.054748  0.997787  0.086726  -0.994551  0.057850  -0.002401  -0.001251  0.003720  -0.265761  -0.384889  0.101055  2.000000  
255.534764 -0.002112  0.085883  -0.009803  0.995502  0.088748  0.033164  -0.038138  0.054954  0.997760  0.086726  -0.994537  0.058091  -0.002561  -0.001392  0.003371  -0.260331  -0.381611  0.092673  2.000000  
255.536014 -0.002115  0.085881  -0.009801  0.995475  0.088915  0.033535  -0.038548  0.055275  0.997727  0.086860  -0.994504  0.058452  -0.002647  -0.001475  0.003121  -0.258154  -0.378457  0.092054  2.000000  
255.537015 -0.002118  0.085879  -0.009799  0.995467  0.088931  0.033729  -0.038753  0.055378  0.997713  0.086860  -0.994497  0.058573  -0.002704  -0.001518  0.002945  -0.248737  -0.375084  0.088103  2.000000  
255.538015 -0.002120  0.085878  -0.009797  0.995459  0.088950  0.033913  -0.038958  0.055601  0.997693  0.086860  -0.994483  0.058814  -0.002680  -0.001548  0.002755  -0.247225  -0.365066  0.087074  2.000000  
255.539019 -0.002122  0.085875  -0.009796  0.995439  0.089103  0.034089  -0.039162  0.055820  0.997673  0.086993  -0.994457  0.059055  -0.002689  -0.001596  0.002568  -0.243755  -0.358256  0.086819  2.000000  
255.540025 -0.002124  0.085873  -0.009794  0.995431  0.089119  0.034284  -0.039367  0.055923  0.997659  0.086993  -0.994450  0.059175  -0.002630  -0.001633  0.002438  -0.233972  -0.354348  0.082724  2.000000  
255.541032 -0.002126  0.085872  -0.009793  0.995423  0.089139  0.034468  -0.039572  0.056146  0.997638  0.086993  -0.994435  0.059417  -0.002572  -0.001671  0.002309  -0.230408  -0.347599  0.077938  2.000000  
255.542293 -0.002128  0.085870  -0.009792  0.995415  0.089159  0.034651  -0.039777  0.056370  0.997617  0.086993  -0.994421  0.059658  -0.002453  -0.001673  0.002086  -0.227489  -0.334049  0.072779  2.000000  
255.543531 -0.002128  0.085868  -0.009790  0.995395  0.089307  0.034838  -0.039981  0.056467  0.997604  0.087126  -0.994402  0.059778  -0.002258  -0.001675  0.001919  -0.218210  -0.324645  0.071917  2.000000  
255.544763 -0.002130  0.085866  -0.009791  0.995386  0.089327  0.035022  -0.040186  0.056691  0.997583  0.087126  -0.994388  0.060019  -0.002094  -0.001656  0.001637  -0.210708  -0.317781  0.071645  2.000000  
255.545765 -0.002130  0.085865  -0.009791  0.995378  0.089343  0.035216  -0.040391  0.056793  0.997569  0.087126  -0.994380  0.060140  -0.001940  -0.001658  0.001445  -0.205480  -0.306895  0.067044  2.000000  
255.546768 -0.002130  0.085864  -0.009791  0.995378  0.089348  0.035205  -0.040391  0.056914  0.997562  0.087126  -0.994373  0.060260  -0.001740  -0.001645  0.001276  -0.197876  -0.300210  0.062226  2.000000  
255.548016 -0.002131  0.085862  -0.009792  0.995358  0.089501  0.035381  -0.040596  0.057133  0.997541  0.087259  -0.994347  0.060501  -0.001565  -0.001632  0.001003  -0.194960  -0.286429  0.061526  2.000000  
255.549016 -0.002131  0.085861  -0.009792  0.995358  0.089505  0.035370  -0.040596  0.057254  0.997534  0.087259  -0.994339  0.060621  -0.001352  -0.001564  0.000834  -0.192089  -0.272948  0.056301  2.000000  
255.550262 -0.002130  0.085860  -0.009792  0.995338  0.089659  0.035546  -0.040800  0.057472  0.997513  0.087393  -0.994313  0.060862  -0.001133  -0.001468  0.000689  -0.187222  -0.263853  0.060034  2.000000  
255.551265 -0.002130  0.085860  -0.009792  0.995338  0.089667  0.035524  -0.040800  0.057714  0.997499  0.087393  -0.994298  0.061103  -0.000908  -0.001401  0.000550  -0.188248  -0.250236  0.054802  2.000000  
255.552511 -0.002130  0.085859  -0.009792  0.995326  0.089804  0.035505  -0.040800  0.057829  0.997492  0.087526  -0.994279  0.061223  -0.000745  -0.001304  0.000416  -0.186048  -0.229854  0.053675  2.000000  
255.553531 -0.002130  0.085858  -0.009791  0.995318  0.089825  0.035688  -0.041005  0.058053  0.997471  0.087526  -0.994264  0.061464  -0.000544  -0.001202  0.000332  -0.182574  -0.222978  0.053336  2.000000  
255.554535 -0.002130  0.085858  -0.009791  0.995306  0.089962  0.035669  -0.041004  0.058168  0.997464  0.087659  -0.994245  0.061584  -0.000414  -0.001100  0.000229  -0.180979  -0.210805  0.052947  2.000000  
255.555764 -0.002129  0.085858  -0.009791  0.995306  0.089971  0.035647  -0.041004  0.058410  0.997450  0.087659  -0.994230  0.061825  -0.000242  -0.000982  0.000152  -0.180829  -0.195574  0.051796  2.000000  
255.557017 -0.002128  0.085858  -0.009790  0.995295  0.090112  0.035617  -0.041004  0.058647  0.997436  0.087793  -0.994203  0.062066  -0.000059  -0.000827  0.000079  -0.179992  -0.176490  0.051045  2.000000  
255.558265 -0.002128  0.085857  -0.009790  0.995274  0.090266  0.035792  -0.041208  0.058865  0.997415  0.087926  -0.994177  0.062306  0.000046  -0.000704  0.000045  -0.176549  -0.169365  0.055189  2.000000  
255.559271 -0.002127  0.085858  -0.009791  0.995274  0.090270  0.035781  -0.041208  0.058986  0.997408  0.087926  -0.994169  0.062427  0.000146  -0.000582  0.000002  -0.173642  -0.155557  0.054382  2.000000  
255.560519 -0.002126  0.085858  -0.009791  0.995263  0.090412  0.035751  -0.041208  0.059222  0.997394  0.088059  -0.994142  0.062667  0.000235  -0.000461  0.000003  -0.174849  -0.141519  0.058082  2.000000  
255.561767 -0.002125  0.085859  -0.009791  0.995242  0.090561  0.035937  -0.041412  0.059319  0.997380  0.088192  -0.994123  0.062787  0.000333  -0.000330  -0.000039  -0.167289  -0.134629  0.057703  2.000000  
255.562767 -0.002124  0.085859  -0.009792  0.995230  0.090699  0.035918  -0.041411  0.059434  0.997373  0.088326  -0.994103  0.062907  0.000419  -0.000218  -0.000005  -0.164408  -0.120580  0.061380  2.000000  
255.563769 -0.002124  0.085858  -0.009793  0.995210  0.090848  0.036104  -0.041616  0.059531  0.997359  0.088459  -0.994084  0.063027  0.000456  -0.000175  -0.000031  -0.160309  -0.120285  0.065885  2.000000  
255.565016 -0.002123  0.085859  -0.009793  0.995198  0.090985  0.036084  -0.041615  0.059647  0.997352  0.088592  -0.994064  0.063147  0.000487  -0.000108  -0.000066  0.000000  0.000000  0.000000  2.000000  
255.566065 -0.002123  0.085859  -0.009794  0.995178  0.091135  0.036270  -0.041820  0.059743  0.997337  0.088725  -0.994045  0.063266  0.000497  -0.000068  -0.000154  0.000000  0.000000  0.000000  2.000000  
255.567266 -0.002123  0.085858  -0.009795  0.995145  0.091418  0.036447  -0.042024  0.059834  0.997323  0.088992  -0.994013  0.063385  0.000486  -0.000076  -0.000250  0.000000  0.000000  0.000000  2.000000  
255.568514 -0.002123  0.085857  -0.009797  0.995134  0.091555  0.036428  -0.042023  0.059950  0.997316  0.089125  -0.993994  0.063505  0.000465  -0.000082  -0.000342  0.000000  0.000000  0.000000  2.000000  
255.569761 -0.002123  0.085856  -0.009798  0.995101  0.091837  0.036605  -0.042227  0.060040  0.997302  0.089392  -0.993962  0.063624  0.000471  -0.000116  -0.000461  0.000000  0.000000  0.000000  2.000000  
255.571009 -0.002123  0.085855  -0.009799  0.995068  0.092115  0.036793  -0.042431  0.060010  0.997296  0.089658  -0.993938  0.063623  0.000428  -0.000146  -0.000573  0.000000  0.000000  0.000000  2.000000  
255.572011 -0.002123  0.085855  -0.009801  0.995048  0.092265  0.036979  -0.042635  0.060106  0.997281  0.089792  -0.993919  0.063743  0.000391  -0.000200  -0.000677  0.000000  0.000000  0.000000  2.000000  
255.573017 -0.002123  0.085854  -0.009802  0.995027  0.092410  0.037176  -0.042840  0.060082  0.997274  0.089925  -0.993907  0.063742  0.000347  -0.000254  -0.000758  0.000000  0.000000  0.000000  2.000000  
255.574017 -0.002122  0.085853  -0.009802  0.994994  0.092693  0.037353  -0.043043  0.060172  0.997260  0.090191  -0.993875  0.063861  0.000323  -0.000301  -0.000767  0.000000  0.000000  0.000000  2.000000  
255.575026 -0.002122  0.085853  -0.009803  0.994973  0.092838  0.037549  -0.043248  0.060147  0.997252  0.090325  -0.993863  0.063860  0.000266  -0.000371  -0.000793  0.000000  0.000000  0.000000  2.000000  
255.576267 -0.002123  0.085852  -0.009803  0.994940  0.093121  0.037726  -0.043451  0.060238  0.997238  0.090591  -0.993831  0.063979  0.000217  -0.000465  -0.000811  0.000000  0.000000  0.000000  2.000000  
255.577520 -0.002123  0.085850  -0.009804  0.994907  0.093399  0.037915  -0.043655  0.060207  0.997231  0.090858  -0.993807  0.063977  0.000153  -0.000546  -0.000780  0.000000  0.000000  0.000000  2.000000  
255.578528 -0.002123  0.085849  -0.009804  0.994873  0.093682  0.038091  -0.043859  0.060297  0.997216  0.091124  -0.993775  0.064096  0.000085  -0.000612  -0.000773  0.000000  0.000000  0.000000  2.000000  
255.579783 -0.002123  0.085848  -0.009804  0.994831  0.093972  0.038485  -0.044267  0.060246  0.997201  0.091391  -0.993750  0.064095  -0.000019  -0.000731  -0.000751  0.000000  0.000000  0.000000  2.000000  
255.581015 -0.002124  0.085846  -0.009805  0.994797  0.094250  0.038673  -0.044471  0.060215  0.997194  0.091657  -0.993726  0.064093  -0.000073  -0.000834  -0.000715  0.000000  0.000000  0.000000  2.000000  
255.582016 -0.002124  0.085845  -0.009806  0.994763  0.094528  0.038861  -0.044675  0.060184  0.997187  0.091924  -0.993701  0.064092  -0.000111  -0.000889  -0.000699  0.000000  0.000000  0.000000  2.000000  
255.583262 -0.002125  0.085843  -0.009807  0.994708  0.094951  0.039246  -0.045083  0.060127  0.997172  0.092323  -0.993664  0.064089  -0.000161  -0.000983  -0.000716  0.000000  0.000000  0.000000  2.000000  
255.584566 -0.002126  0.085840  -0.009808  0.994674  0.095234  0.039423  -0.045286  0.060216  0.997158  0.092590  -0.993632  0.064208  -0.000228  -0.001088  -0.000653  -0.072392  -0.133677  0.174901  2.000000  
255.585758 -0.002127  0.085838  -0.009809  0.994618  0.095657  0.039807  -0.045694  0.060159  0.997142  0.092989  -0.993595  0.064206  -0.000273  -0.001167  -0.000661  -0.066620  -0.145614  0.188022  2.000000  
255.586759 -0.002127  0.085835  -0.009810  0.994584  0.095935  0.039996  -0.045898  0.060127  0.997135  0.093256  -0.993570  0.064204  -0.000328  -0.001279  -0.000635  -0.057875  -0.152115  0.192909  2.000000  
255.587824 -0.002128  0.085834  -0.009811  0.994540  0.096221  0.040401  -0.046306  0.059954  0.997127  0.093522  -0.993553  0.064082  -0.000362  -0.001362  -0.000608  -0.049455  -0.159371  0.203525  2.000000  
255.589019 -0.002128  0.085831  -0.009812  0.994470  0.096777  0.040777  -0.046713  0.059889  0.997111  0.094055  -0.993503  0.064079  -0.000425  -0.001512  -0.000670  -0.040080  -0.172552  0.218284  2.000000  
255.590269 -0.002129  0.085828  -0.009812  0.994413  0.097200  0.041162  -0.047121  0.059831  0.997096  0.094455  -0.993465  0.064076  -0.000454  -0.001625  -0.000657  -0.030612  -0.185699  0.228154  2.000000  
255.591271 -0.002130  0.085825  -0.009813  0.994366  0.097610  0.041341  -0.047324  0.059792  0.997088  0.094854  -0.993427  0.064074  -0.000491  -0.001773  -0.000710  -0.026479  -0.185093  0.237122  2.000000  
255.592273 -0.002130  0.085822  -0.009814  0.994321  0.097900  0.041735  -0.047732  0.059739  0.997072  0.095121  -0.993402  0.064072  -0.000528  -0.001914  -0.000708  -0.021098  -0.198582  0.242550  2.000000  
255.593528 -0.002132  0.085818  -0.009815  0.994250  0.098456  0.042111  -0.048139  0.059673  0.997057  0.095653  -0.993351  0.064069  -0.000619  -0.002124  -0.000732  -0.015542  -0.209674  0.254744  2.000000  
255.594764 -0.002133  0.085814  -0.009816  0.994169  0.099024  0.042693  -0.048751  0.059586  0.997032  0.096186  -0.993299  0.064066  -0.000658  -0.002281  -0.000761  -0.010156  -0.222443  0.268992  2.000000  
255.595766 -0.002134  0.085810  -0.009817  0.994110  0.099441  0.043090  -0.049158  0.059404  0.997023  0.096586  -0.993269  0.063943  -0.000723  -0.002440  -0.000776  -0.001383  -0.230971  0.281111  2.000000  
255.596768 -0.002135  0.085806  -0.009817  0.994038  0.099997  0.043466  -0.049565  0.059337  0.997007  0.097118  -0.993217  0.063939  -0.000740  -0.002599  -0.000769  0.004066  -0.243394  0.294933  2.000000  
255.598016 -0.002137  0.085801  -0.009818  0.993965  0.100552  0.043842  -0.049971  0.059269  0.996990  0.097651  -0.993165  0.063936  -0.000813  -0.002783  -0.000741  0.008893  -0.249668  0.304366  2.000000  
255.599016 -0.002139  0.085797  -0.009818  0.993892  0.101107  0.044219  -0.050378  0.059201  0.996974  0.098184  -0.993113  0.063933  -0.000886  -0.002963  -0.000712  0.009631  -0.255669  0.318266  2.000000  
255.600259 -0.002141  0.085792  -0.009820  0.993795  0.101807  0.044792  -0.050989  0.059104  0.996949  0.098849  -0.993047  0.063929  -0.000963  -0.003126  -0.000725  0.015665  -0.273183  0.330392  2.000000  
255.601264 -0.002142  0.085788  -0.009820  0.993734  0.102224  0.045189  -0.051396  0.058921  0.996939  0.099249  -0.993015  0.063806  -0.001034  -0.003292  -0.000710  0.024679  -0.281710  0.342512  2.000000  
255.602525 -0.002145  0.085782  -0.009822  0.993636  0.102924  0.045762  -0.052006  0.058823  0.996913  0.099914  -0.992948  0.063801  -0.001149  -0.003543  -0.000790  0.025483  -0.287770  0.356494  2.000000  
255.603526 -0.002147  0.085777  -0.009823  0.993537  0.103624  0.046335  -0.052616  0.058724  0.996887  0.100580  -0.992881  0.063797  -0.001244  -0.003719  -0.000822  0.031404  -0.304687  0.372706  2.000000  
255.604761 -0.002149  0.085770  -0.009825  0.993437  0.104323  0.046908  -0.053226  0.058625  0.996860  0.101246  -0.992814  0.063793  -0.001368  -0.003954  -0.000864  0.032884  -0.317559  0.387067  2.000000  
255.605768 -0.002152  0.085765  -0.009826  0.993336  0.105017  0.047494  -0.053836  0.058403  0.996840  0.101911  -0.992754  0.063668  -0.001467  -0.004120  -0.000892  0.042416  -0.329913  0.405597  2.000000  
255.606773 -0.002154  0.085759  -0.009829  0.993245  0.105704  0.047862  -0.054241  0.058324  0.996823  0.102577  -0.992686  0.063663  -0.001589  -0.004307  -0.000986  0.042923  -0.331669  0.422299  2.000000  
255.608015 -0.002158  0.085752  -0.009830  0.993129  0.106536  0.048426  -0.054850  0.058215  0.996796  0.103375  -0.992603  0.063658  -0.001760  -0.004534  -0.001022  0.044102  -0.341475  0.437585  2.000000  
255.609016 -0.002161  0.085745  -0.009832  0.993026  0.107235  0.048999  -0.055460  0.058112  0.996768  0.104041  -0.992534  0.063654  -0.001895  -0.004775  -0.001082  0.049658  -0.354201  0.451829  2.000000  
255.610261 -0.002164  0.085737  -0.009833  0.992896  0.108072  0.049782  -0.056272  0.057858  0.996738  0.104839  -0.992458  0.063528  -0.002034  -0.005019  -0.001123  0.055938  -0.373584  0.471016  2.000000  
255.611271 -0.002168  0.085730  -0.009835  0.992791  0.108770  0.050356  -0.056882  0.057753  0.996709  0.105504  -0.992388  0.063523  -0.002212  -0.005267  -0.001213  0.057265  -0.382607  0.488746  2.000000  
255.612515 -0.002172  0.085720  -0.009837  0.992644  0.109746  0.051117  -0.057693  0.057609  0.996671  0.106436  -0.992289  0.063517  -0.002364  -0.005531  -0.001303  0.059091  -0.398497  0.508351  2.000000  
255.613525 -0.002176  0.085713  -0.009838  0.992523  0.110576  0.051682  -0.058301  0.057495  0.996642  0.107234  -0.992203  0.063512  -0.002514  -0.005804  -0.001324  0.060690  -0.410950  0.527016  2.000000  
255.614763 -0.002180  0.085703  -0.009840  0.992372  0.111666  0.052243  -0.058908  0.057243  0.996621  0.108298  -0.992096  0.063384  -0.002699  -0.006103  -0.001387  0.070481  -0.423105  0.550132  2.000000  
255.615763 -0.002185  0.085694  -0.009842  0.992236  0.112508  0.053013  -0.059720  0.057103  0.996581  0.109096  -0.992009  0.063378  -0.002895  -0.006377  -0.001431  0.072711  -0.439172  0.573521  2.000000  
255.616764 -0.002189  0.085686  -0.009843  0.992096  0.113470  0.053569  -0.060326  0.056977  0.996551  0.110027  -0.991906  0.063372  -0.003062  -0.006643  -0.001464  0.073731  -0.444851  0.591905  2.000000  
255.618015 -0.002195  0.085675  -0.009845  0.991928  0.114570  0.054336  -0.061136  0.056697  0.996518  0.111091  -0.991796  0.063244  -0.003278  -0.006991  -0.001507  0.075671  -0.460681  0.615966  2.000000  
255.619263 -0.002200  0.085663  -0.009848  0.991745  0.115688  0.055294  -0.062149  0.056513  0.996466  0.112154  -0.991677  0.063236  -0.003485  -0.007347  -0.001585  0.078737  -0.483266  0.639474  2.000000  
255.620515 -0.002207  0.085651  -0.009850  0.991558  0.116926  0.056038  -0.062957  0.056342  0.996425  0.113351  -0.991541  0.063228  -0.003726  -0.007701  -0.001592  0.079943  -0.491220  0.661875  2.000000  
255.621764 -0.002213  0.085638  -0.009852  0.991385  0.118025  0.056806  -0.063766  0.056057  0.996389  0.114414  -0.991427  0.063100  -0.003947  -0.008065  -0.001592  0.085816  -0.503412  0.684966  2.000000  
255.622768 -0.002219  0.085627  -0.009854  0.991209  0.119130  0.057559  -0.064574  0.055891  0.996347  0.115478  -0.991304  0.063092  -0.004128  -0.008382  -0.001616  0.087649  -0.515477  0.707969  2.000000  
255.623772 -0.002225  0.085617  -0.009856  0.991047  0.120095  0.058335  -0.065384  0.055610  0.996309  0.116408  -0.991204  0.062965  -0.004358  -0.008698  -0.001634  0.094275  -0.532200  0.732444  2.000000  
255.625022 -0.002233  0.085603  -0.009859  0.990839  0.121343  0.059285  -0.066394  0.055407  0.996254  0.117604  -0.991063  0.062956  -0.004636  -0.009089  -0.001713  0.092177  -0.544465  0.755692  2.000000  
255.626269 -0.002241  0.085588  -0.009861  0.990612  0.122723  0.060226  -0.067403  0.055192  0.996198  0.118932  -0.990905  0.062946  -0.004886  -0.009468  -0.001727  0.095033  -0.563682  0.779609  2.000000  
255.627519 -0.002250  0.085572  -0.009863  0.990366  0.124227  0.061174  -0.068411  0.054844  0.996149  0.120394  -0.990737  0.062814  -0.005222  -0.009914  -0.001748  0.101221  -0.575325  0.811776  2.000000  
255.628767 -0.002259  0.085557  -0.009866  0.990117  0.125738  0.062107  -0.069418  0.054614  0.996092  0.121855  -0.990559  0.062803  -0.005510  -0.010288  -0.001837  0.104184  -0.594176  0.840088  2.000000  
255.629769 -0.002266  0.085544  -0.009867  0.989898  0.126976  0.063073  -0.070427  0.054280  0.996039  0.123050  -0.990419  0.062674  -0.005754  -0.010629  -0.001811  0.111095  -0.613154  0.863562  2.000000  
255.631016 -0.002277  0.085527  -0.009870  0.989629  0.128497  0.064211  -0.071636  0.054017  0.995967  0.124510  -0.990238  0.062662  -0.006071  -0.011066  -0.001864  0.110035  -0.631850  0.896434  2.000000  
255.632017 -0.002285  0.085513  -0.009871  0.989404  0.129734  0.065177  -0.072644  0.053677  0.995912  0.125705  -0.990095  0.062533  -0.006364  -0.011401  -0.001831  0.117039  -0.650933  0.920054  2.000000  
255.633270 -0.002295  0.085496  -0.009873  0.989111  0.131385  0.066307  -0.073851  0.053398  0.995839  0.127298  -0.989892  0.062520  -0.006676  -0.011796  -0.001842  0.119514  -0.663098  0.948211  2.000000  
255.634529 -0.002306  0.085478  -0.009875  0.988797  0.133159  0.067444  -0.075055  0.052985  0.995771  0.129023  -0.989677  0.062386  -0.007021  -0.012203  -0.001788  0.126748  -0.680796  0.984574  2.000000  
255.635767 -0.002318  0.085459  -0.009877  0.988496  0.134809  0.068575  -0.076261  0.052698  0.995694  0.130615  -0.989469  0.062373  -0.007371  -0.012643  -0.001773  0.124964  -0.693965  1.009428  2.000000  
255.636772 -0.002328  0.085443  -0.009879  0.988242  0.136183  0.069516  -0.077265  0.052456  0.995630  0.131941  -0.989294  0.062362  -0.007640  -0.012996  -0.001764  0.128139  -0.712875  1.032983  2.000000  
255.638017 -0.002340  0.085424  -0.009881  0.987933  0.137822  0.070663  -0.078468  0.052042  0.995557  0.133532  -0.989089  0.062228  -0.007986  -0.013430  -0.001748  0.135886  -0.730874  1.064592  2.000000  
255.639021 -0.002350  0.085408  -0.009883  0.987656  0.139205  0.071810  -0.079674  0.051765  0.995476  0.134858  -0.988910  0.062217  -0.008301  -0.013796  -0.001767  0.139156  -0.749862  1.088241  2.000000  
255.640266 -0.002363  0.085387  -0.009885  0.987305  0.140985  0.073153  -0.081078  0.051303  0.995387  0.136582  -0.988682  0.062082  -0.008605  -0.014210  -0.001767  0.142787  -0.768898  1.121517  2.000000  
255.641274 -0.002374  0.085370  -0.009888  0.987020  0.142488  0.074087  -0.082078  0.051037  0.995318  0.138039  -0.988480  0.062070  -0.008864  -0.014571  -0.001792  0.145320  -0.780491  1.143970  2.000000  
255.642526 -0.002388  0.085348  -0.009890  0.986660  0.144265  0.075431  -0.083479  0.050566  0.995226  0.139762  -0.988246  0.061934  -0.009235  -0.015014  -0.001792  0.153932  -0.806060  1.172475  2.000000  
255.643531 -0.002399  0.085330  -0.009892  0.986350  0.145776  0.076570  -0.084680  0.050263  0.995140  0.141219  -0.988040  0.061922  -0.009508  -0.015373  -0.001783  0.153423  -0.825059  1.196032  2.000000  
255.644769 -0.002414  0.085307  -0.009895  0.985925  0.147825  0.078103  -0.086280  0.049730  0.995029  0.143206  -0.987763  0.061784  -0.009844  -0.015785  -0.001841  0.162448  -0.850810  1.229740  2.000000  
255.646015 -0.002429  0.085283  -0.009898  0.985531  0.149739  0.079421  -0.087677  0.049353  0.994926  0.145059  -0.987493  0.061767  -0.010165  -0.016234  -0.001848  0.166465  -0.869535  1.258022  2.000000  
255.647016 -0.002441  0.085264  -0.009899  0.985170  0.151379  0.080774  -0.089076  0.048873  0.994825  0.146648  -0.987267  0.061633  -0.010424  -0.016593  -0.001873  0.174343  -0.888277  1.286130  2.000000  
255.648019 -0.002454  0.085245  -0.009901  0.984823  0.153017  0.081905  -0.090271  0.048542  0.994734  0.148236  -0.987031  0.061618  -0.010765  -0.017052  -0.001896  0.174181  -0.907266  1.309713  2.000000  
255.649267 -0.002471  0.085219  -0.009903  0.984355  0.155191  0.083430  -0.091863  0.047973  0.994615  0.150353  -0.986719  0.061478  -0.011071  -0.017463  -0.001896  0.182609  -0.925608  1.347116  2.000000  
255.650340 -0.002484  0.085199  -0.009905  0.983980  0.156837  0.084765  -0.093259  0.047599  0.994503  0.151940  -0.986477  0.061463  -0.011351  -0.017780  -0.001912  0.187076  -0.948937  1.367705  2.000000  
255.651513 -0.002501  0.085173  -0.009908  0.983499  0.159006  0.086292  -0.094848  0.047018  0.994381  0.154055  -0.986157  0.061323  -0.011738  -0.018295  -0.001940  0.192942  -0.976475  1.408762  2.000000  
255.652516 -0.002515  0.085152  -0.009909  0.983114  0.160649  0.087626  -0.096241  0.046634  0.994265  0.155642  -0.985909  0.061308  -0.012007  -0.018645  -0.001930  0.196367  -0.993859  1.425742  2.000000  
