1-Time 2-Px 3-Py 4-Pz 5-R11 6-R21 7-R31 8-R12 9-R22 10-R32 11-R13 12-R23 13-R33 14-Vx 15-Vy 16-Vz 17-Wx 18-Wy 19-Wz 20-state 21-PR11 22-PR21 23-PR31 24-PR12 25-PR22 26-PR32 27-PR13 28-PR23 29-PR33 
155.910468 0.003643  0.090672  -0.025876  0.991489  0.027578  0.127238  -0.128698  0.059982  0.989868  0.019667  -0.997818  0.063020  -0.002067  0.000455  0.009494  0.000000  0.000000  0.000000  2.000000  
155.911475 0.003642  0.090673  -0.025866  0.991457  0.027856  0.127425  -0.128902  0.059942  0.989844  0.019935  -0.997813  0.063020  -0.002092  0.000507  0.009508  0.000000  0.000000  0.000000  2.000000  
155.912716 0.003640  0.090673  -0.025855  0.991433  0.027736  0.127637  -0.129106  0.059953  0.989817  0.019801  -0.997816  0.063020  -0.002057  0.000455  0.009447  0.000000  0.000000  0.000000  2.000000  
155.913719 0.003637  0.090672  -0.025846  0.991388  0.027379  0.128066  -0.129515  0.060114  0.989754  0.019400  -0.997816  0.063142  -0.002051  0.000378  0.009358  0.000000  0.000000  0.000000  2.000000  
155.914966 0.003635  0.090670  -0.025834  0.991342  0.027006  0.128499  -0.129924  0.060154  0.989697  0.018998  -0.997824  0.063142  -0.002055  0.000257  0.009407  0.000000  0.000000  0.000000  2.000000  
155.916218 0.003633  0.090668  -0.025822  0.991293  0.026782  0.128920  -0.130333  0.060298  0.989635  0.018731  -0.997821  0.063264  -0.002049  0.000112  0.009465  0.000000  0.000000  0.000000  2.000000  
155.917467 0.003632  0.090666  -0.025809  0.991271  0.026545  0.129137  -0.130538  0.060447  0.989599  0.018463  -0.997818  0.063385  -0.001934  -0.000061  0.009500  0.000000  0.000000  0.000000  2.000000  
155.918467 0.003631  0.090665  -0.025800  0.991244  0.026573  0.129338  -0.130742  0.060562  0.989565  0.018463  -0.997811  0.063506  -0.001813  -0.000151  0.009545  0.000000  0.000000  0.000000  2.000000  
155.919477 0.003630  0.090662  -0.025790  0.991220  0.026454  0.129550  -0.130946  0.060574  0.989537  0.018329  -0.997813  0.063506  -0.001721  -0.000356  0.009547  0.000000  0.000000  0.000000  2.000000  
155.920712 0.003629  0.090660  -0.025778  0.991200  0.026085  0.129776  -0.131151  0.060741  0.989500  0.017928  -0.997813  0.063628  -0.001640  -0.000554  0.009575  0.000000  0.000000  0.000000  2.000000  
155.921713 0.003627  0.090657  -0.025768  0.991180  0.025700  0.130005  -0.131356  0.060788  0.989470  0.017527  -0.997820  0.063628  -0.001587  -0.000799  0.009622  0.000000  0.000000  0.000000  2.000000  
155.922713 0.003626  0.090653  -0.025758  0.991135  0.025196  0.130446  -0.131766  0.060848  0.989412  0.016992  -0.997829  0.063629  -0.001529  -0.001144  0.009632  -0.017386  -0.174021  -0.011485  2.000000  
155.923964 0.003626  0.090648  -0.025747  0.991092  0.024575  0.130892  -0.132175  0.061046  0.989345  0.016323  -0.997832  0.063750  -0.001406  -0.001591  0.009547  -0.021099  -0.187995  -0.037216  2.000000  
155.925216 0.003625  0.090642  -0.025734  0.991077  0.023809  0.131144  -0.132381  0.061267  0.989304  0.015520  -0.997837  0.063872  -0.001267  -0.002043  0.009630  -0.025318  -0.198237  -0.064022  2.000000  
155.926216 0.003624  0.090636  -0.025723  0.991060  0.023192  0.131384  -0.132586  0.061591  0.989256  0.014851  -0.997832  0.064115  -0.001218  -0.002513  0.009735  -0.033143  -0.205200  -0.089763  2.000000  
155.927224 0.003623  0.090630  -0.025712  0.991041  0.022692  0.131619  -0.132791  0.061777  0.989217  0.014316  -0.997832  0.064237  -0.001133  -0.002886  0.009879  -0.037406  -0.214771  -0.107919  2.000000  
155.928470 0.003622  0.090622  -0.025700  0.990997  0.021939  0.132075  -0.133201  0.061994  0.989148  0.013513  -0.997835  0.064358  -0.001079  -0.003319  0.009911  -0.041442  -0.223687  -0.138869  2.000000  
155.929717 0.003621  0.090613  -0.025689  0.990980  0.021190  0.132325  -0.133406  0.062336  0.989099  0.012711  -0.997830  0.064601  -0.000969  -0.003876  0.009863  -0.049657  -0.226036  -0.174758  2.000000  
155.930720 0.003619  0.090606  -0.025681  0.990961  0.020574  0.132566  -0.133612  0.062661  0.989051  0.012042  -0.997823  0.064844  -0.000936  -0.004174  0.009732  -0.057749  -0.234640  -0.201169  2.000000  
155.931969 0.003618  0.090598  -0.025672  0.990913  0.019954  0.133014  -0.134021  0.062862  0.988983  0.011373  -0.997823  0.064965  -0.000935  -0.004626  0.009511  -0.061783  -0.243292  -0.227637  2.000000  
155.932971 0.003618  0.090593  -0.025665  0.990892  0.019454  0.133250  -0.134225  0.063050  0.988943  0.010837  -0.997821  0.065087  -0.000910  -0.004881  0.009264  -0.065806  -0.251665  -0.249626  2.000000  
155.934218 0.003618  0.090586  -0.025658  0.990872  0.018706  0.133500  -0.134431  0.063393  0.988893  0.010035  -0.997813  0.065329  -0.000840  -0.005195  0.008920  -0.074046  -0.253752  -0.281039  2.000000  
155.935481 0.003619  0.090580  -0.025651  0.990824  0.017970  0.133955  -0.134840  0.063733  0.988816  0.009232  -0.997805  0.065572  -0.000655  -0.005446  0.008573  -0.082215  -0.255960  -0.316729  2.000000  
155.936715 0.003621  0.090574  -0.025644  0.990804  0.017222  0.134207  -0.135044  0.064078  0.988765  0.008429  -0.997796  0.065814  -0.000437  -0.005589  0.008266  -0.090495  -0.258180  -0.348295  2.000000  
155.937716 0.003622  0.090569  -0.025637  0.990782  0.016475  0.134459  -0.135249  0.064422  0.988715  0.007626  -0.997787  0.066057  -0.000323  -0.005648  0.008064  -0.098727  -0.260258  -0.379678  2.000000  
155.938964 0.003622  0.090562  -0.025629  0.990760  0.015727  0.134711  -0.135454  0.064767  0.988664  0.006824  -0.997776  0.066299  -0.000233  -0.005733  0.007806  -0.106865  -0.269238  -0.410598  2.000000  
155.940211 0.003622  0.090554  -0.025621  0.990737  0.014979  0.134964  -0.135659  0.065113  0.988614  0.006021  -0.997765  0.066542  -0.000169  -0.005814  0.007543  -0.114192  -0.269194  -0.438496  2.000000  
155.941216 0.003622  0.090548  -0.025614  0.990685  0.014378  0.135411  -0.136067  0.065437  0.988536  0.005352  -0.997753  0.066784  -0.000098  -0.005847  0.007270  -0.122522  -0.278435  -0.465732  2.000000  
155.942466 0.003623  0.090540  -0.025607  0.990660  0.013763  0.135656  -0.136272  0.065765  0.988486  0.004683  -0.997740  0.067026  0.000018  -0.005895  0.006807  -0.131580  -0.274723  -0.491385  2.000000  
155.943474 0.003624  0.090535  -0.025602  0.990662  0.013399  0.135679  -0.136272  0.066059  0.988467  0.004282  -0.997726  0.067268  0.000155  -0.005782  0.006479  -0.135893  -0.260955  -0.492146  2.000000  
155.944716 0.003626  0.090528  -0.025595  0.990637  0.012801  0.135922  -0.136476  0.066507  0.988408  0.003613  -0.997704  0.067632  0.000357  -0.005674  0.006231  -0.148351  -0.254779  -0.501622  2.000000  
155.945962 0.003629  0.090522  -0.025589  0.990639  0.012057  0.135972  -0.136476  0.066976  0.988377  0.002810  -0.997682  0.067995  0.000727  -0.005470  0.005949  -0.155487  -0.240286  -0.516150  2.000000  
155.946969 0.003633  0.090519  -0.025585  0.990613  0.011459  0.136216  -0.136681  0.067425  0.988318  0.002141  -0.997659  0.068358  0.000973  -0.005311  0.005779  -0.165001  -0.243256  -0.533748  2.000000  
155.948215 0.003638  0.090515  -0.025580  0.990558  0.010743  0.136674  -0.137089  0.067889  0.988230  0.001338  -0.997635  0.068721  0.001353  -0.005123  0.005535  -0.171753  -0.250013  -0.555573  2.000000  
155.949215 0.003642  0.090512  -0.025577  0.990530  0.010146  0.136919  -0.137293  0.068338  0.988170  0.000669  -0.997611  0.069084  0.001611  -0.004946  0.005433  -0.183906  -0.258150  -0.572885  2.000000  
155.950215 0.003646  0.090509  -0.025573  0.990502  0.009664  0.137157  -0.137497  0.068649  0.988120  0.000134  -0.997594  0.069326  0.001841  -0.004807  0.005341  -0.189593  -0.260990  -0.586553  2.000000  
155.951477 0.003651  0.090505  -0.025569  0.990474  0.009067  0.137403  -0.137701  0.069099  0.988061  -0.000535  -0.997569  0.069689  0.002072  -0.004654  0.005079  -0.201938  -0.254397  -0.591227  2.000000  
155.952713 0.003656  0.090501  -0.025564  0.990445  0.008735  0.137631  -0.137904  0.069512  0.988003  -0.000937  -0.997543  0.070052  0.002325  -0.004542  0.004858  -0.212634  -0.245358  -0.582539  2.000000  
155.953715 0.003660  0.090496  -0.025561  0.990445  0.008521  0.137646  -0.137904  0.069908  0.987975  -0.001204  -0.997517  0.070415  0.002543  -0.004436  0.004580  -0.222764  -0.232836  -0.574808  2.000000  
155.954963 0.003664  0.090491  -0.025558  0.990416  0.008206  0.137874  -0.138108  0.070441  0.987909  -0.001606  -0.997482  0.070899  0.002795  -0.004304  0.004277  -0.235146  -0.232135  -0.561358  2.000000  
155.956212 0.003668  0.090484  -0.025557  0.990387  0.007874  0.138102  -0.138312  0.070854  0.987851  -0.002007  -0.997456  0.071262  0.003054  -0.004276  0.003848  -0.237342  -0.229775  -0.547731  2.000000  
155.957216 0.003672  0.090478  -0.025555  0.990357  0.007525  0.138332  -0.138516  0.071148  0.987801  -0.002408  -0.997437  0.071504  0.003245  -0.004242  0.003512  -0.241516  -0.229611  -0.543330  2.000000  
155.958461 0.003677  0.090472  -0.025554  0.990327  0.007079  0.138570  -0.138719  0.071699  0.987733  -0.002944  -0.997401  0.071988  0.003561  -0.004190  0.003208  -0.253813  -0.222319  -0.534825  2.000000  
155.959474 0.003682  0.090467  -0.025552  0.990298  0.006880  0.138790  -0.138923  0.072094  0.987675  -0.003211  -0.997374  0.072351  0.003774  -0.004146  0.002935  -0.259990  -0.223003  -0.521028  2.000000  
155.960716 0.003689  0.090462  -0.025548  0.990268  0.006549  0.139020  -0.139127  0.072508  0.987616  -0.003613  -0.997346  0.072714  0.004037  -0.004058  0.002818  -0.262056  -0.220765  -0.507899  2.000000  
155.961717 0.003694  0.090459  -0.025544  0.990267  0.006335  0.139037  -0.139127  0.072905  0.987587  -0.003880  -0.997319  0.073076  0.004151  -0.004017  0.002841  -0.272539  -0.207994  -0.499581  2.000000  
155.962963 0.003702  0.090456  -0.025538  0.990238  0.006268  0.139247  -0.139331  0.073281  0.987531  -0.004014  -0.997292  0.073439  0.004361  -0.003996  0.002881  -0.278469  -0.205495  -0.482117  2.000000  
155.963970 0.003709  0.090453  -0.025534  0.990237  0.006187  0.139255  -0.139330  0.073659  0.987503  -0.004148  -0.997264  0.073802  0.004527  -0.003964  0.002936  -0.284882  -0.198825  -0.463973  2.000000  
155.964971 0.003714  0.090450  -0.025531  0.990208  0.006121  0.139466  -0.139534  0.074036  0.987446  -0.004282  -0.997237  0.074165  0.004605  -0.003994  0.002848  -0.293061  -0.197976  -0.450421  2.000000  
155.966216 0.003721  0.090445  -0.025527  0.990207  0.006056  0.139473  -0.139534  0.074534  0.987408  -0.004415  -0.997200  0.074649  0.004738  -0.004053  0.002797  -0.301400  -0.182484  -0.424503  2.000000  
155.967477 0.003727  0.090439  -0.025525  0.990177  0.005858  0.139694  -0.139738  0.074929  0.987349  -0.004683  -0.997172  0.075012  0.004764  -0.004175  0.002683  -0.301375  -0.180982  -0.401848  2.000000  
155.968716 0.003732  0.090432  -0.025523  0.990147  0.005677  0.139914  -0.139942  0.075444  0.987281  -0.004951  -0.997134  0.075495  0.004812  -0.004260  0.002591  -0.309710  -0.179913  -0.383971  2.000000  
155.969965 0.003737  0.090426  -0.025519  0.990118  0.005629  0.140124  -0.140145  0.075941  0.987214  -0.005084  -0.997096  0.075979  0.004885  -0.004310  0.002628  -0.317905  -0.178432  -0.361441  2.000000  
155.971215 0.003742  0.090419  -0.025515  0.990117  0.005548  0.140133  -0.140145  0.076318  0.987185  -0.005218  -0.997068  0.076342  0.004950  -0.004308  0.002762  -0.319409  -0.162115  -0.341619  2.000000  
155.972466 0.003748  0.090412  -0.025511  0.990088  0.005499  0.140343  -0.140349  0.076815  0.987118  -0.005352  -0.997030  0.076825  0.005024  -0.004275  0.002992  -0.326224  -0.161998  -0.321979  2.000000  
155.973714 0.003753  0.090407  -0.025505  0.990088  0.005550  0.140341  -0.140349  0.077174  0.987090  -0.005352  -0.997002  0.077188  0.005001  -0.004242  0.003253  -0.326377  -0.160871  -0.304086  2.000000  
155.974961 0.003759  0.090400  -0.025500  0.990058  0.005502  0.140552  -0.140553  0.077671  0.987022  -0.005486  -0.996964  0.077672  0.004958  -0.004316  0.003324  -0.331705  -0.158625  -0.288068  2.000000  
155.975963 0.003764  0.090396  -0.025498  0.990029  0.005553  0.140754  -0.140756  0.077909  0.986974  -0.005486  -0.996945  0.077914  0.004904  -0.004390  0.003295  -0.330514  -0.158096  -0.263560  2.000000  
155.976963 0.003768  0.090390  -0.025495  0.990029  0.005604  0.140752  -0.140756  0.078268  0.986946  -0.005486  -0.996917  0.078277  0.004766  -0.004592  0.003127  -0.331833  -0.155546  -0.243516  2.000000  
155.977974 0.003773  0.090385  -0.025493  0.990000  0.005671  0.140953  -0.140960  0.078626  0.986888  -0.005486  -0.996888  0.078639  0.004645  -0.004769  0.002970  -0.334484  -0.147972  -0.218981  2.000000  
155.979211 0.003779  0.090378  -0.025491  0.989971  0.005739  0.141154  -0.141164  0.078984  0.986830  -0.005486  -0.996859  0.079002  0.004561  -0.004942  0.002841  -0.331899  -0.145236  -0.194965  2.000000  
155.980219 0.003783  0.090372  -0.025488  0.989971  0.005790  0.141152  -0.141164  0.079343  0.986802  -0.005486  -0.996831  0.079365  0.004432  -0.005150  0.002814  -0.334659  -0.137931  -0.174609  2.000000  
155.981467 0.003788  0.090364  -0.025484  0.989942  0.005875  0.141352  -0.141368  0.079821  0.986734  -0.005486  -0.996792  0.079848  0.004368  -0.005350  0.002881  -0.340107  -0.135557  -0.155369  2.000000  
155.982468 0.003791  0.090357  -0.025480  0.989913  0.005926  0.141554  -0.141572  0.080059  0.986685  -0.005486  -0.996773  0.080090  0.004318  -0.005496  0.002996  -0.338747  -0.135665  -0.143105  2.000000  
155.983477 0.003795  0.090349  -0.025476  0.989884  0.005994  0.141755  -0.141775  0.080417  0.986627  -0.005486  -0.996743  0.080453  0.004264  -0.005675  0.003157  -0.338720  -0.141909  -0.133540  2.000000  
155.984716 0.003798  0.090338  -0.025470  0.989854  0.006079  0.141955  -0.141979  0.080894  0.986559  -0.005486  -0.996704  0.080937  0.004129  -0.005970  0.003322  -0.338842  -0.140990  -0.120056  2.000000  
155.985717 0.003801  0.090329  -0.025466  0.989855  0.006246  0.141943  -0.141979  0.081115  0.986541  -0.005352  -0.996685  0.081178  0.004013  -0.006163  0.003400  -0.338831  -0.139983  -0.106564  2.000000  
155.986965 0.003804  0.090319  -0.025462  0.989826  0.006314  0.142144  -0.142183  0.081472  0.986482  -0.005352  -0.996656  0.081541  0.003880  -0.006462  0.003335  -0.338898  -0.131769  -0.089124  2.000000  
155.987966 0.003807  0.090310  -0.025460  0.989797  0.006383  0.142344  -0.142387  0.081830  0.986423  -0.005352  -0.996626  0.081904  0.003786  -0.006678  0.003236  -0.336113  -0.136858  -0.078911  2.000000  
155.989213 0.003810  0.090299  -0.025458  0.989768  0.006583  0.142534  -0.142591  0.082168  0.986365  -0.005218  -0.996597  0.082266  0.003659  -0.007001  0.002994  -0.336142  -0.128334  -0.057163  2.000000  
155.990464 0.003814  0.090288  -0.025457  0.989739  0.006652  0.142735  -0.142795  0.082526  0.986306  -0.005218  -0.996567  0.082629  0.003518  -0.007329  0.002835  -0.334907  -0.128386  -0.044135  2.000000  
155.991711 0.003819  0.090278  -0.025455  0.989709  0.006739  0.142935  -0.142998  0.083003  0.986236  -0.005218  -0.996526  0.083113  0.003434  -0.007595  0.002707  -0.336252  -0.133497  -0.034288  2.000000  
155.992713 0.003822  0.090269  -0.025454  0.989680  0.006790  0.143136  -0.143202  0.083241  0.986187  -0.005218  -0.996506  0.083354  0.003346  -0.007880  0.002671  -0.334935  -0.134248  -0.030044  2.000000  
155.993976 0.003826  0.090257  -0.025451  0.989650  0.006860  0.143337  -0.143406  0.083598  0.986127  -0.005218  -0.996476  0.083717  0.003207  -0.008210  0.002697  -0.330817  -0.140769  -0.024952  2.000000  
155.995216 0.003830  0.090245  -0.025448  0.989621  0.006947  0.143536  -0.143610  0.084076  0.986057  -0.005218  -0.996435  0.084200  0.003144  -0.008475  0.002672  -0.335142  -0.140524  -0.020425  2.000000  
155.996467 0.003833  0.090232  -0.025443  0.989621  0.006999  0.143534  -0.143610  0.084434  0.986026  -0.005218  -0.996404  0.084563  0.003035  -0.008765  0.002712  -0.332177  -0.132102  -0.016296  2.000000  
155.997469 0.003836  0.090222  -0.025440  0.989591  0.007051  0.143735  -0.143813  0.084672  0.985976  -0.005218  -0.996384  0.084805  0.002928  -0.009041  0.002668  -0.328271  -0.138271  -0.006817  2.000000  
155.998469 0.003838  0.090210  -0.025437  0.989561  0.007121  0.143935  -0.144017  0.085029  0.985915  -0.005218  -0.996353  0.085167  0.002889  -0.009213  0.002604  -0.326838  -0.138657  0.002152  2.000000  
155.999477 0.003841  0.090199  -0.025434  0.989532  0.007173  0.144137  -0.144221  0.085267  0.985865  -0.005218  -0.996332  0.085409  0.002867  -0.009439  0.002470  -0.322674  -0.138252  0.006674  2.000000  
156.000714 0.003844  0.090184  -0.025432  0.989502  0.007243  0.144337  -0.144424  0.085624  0.985804  -0.005218  -0.996301  0.085772  0.002894  -0.009713  0.002321  -0.320172  -0.143637  0.011673  2.000000  
156.001715 0.003847  0.090172  -0.025430  0.989472  0.007182  0.144549  -0.144628  0.086001  0.985742  -0.005352  -0.996269  0.086134  0.002926  -0.009960  0.002170  -0.322869  -0.144834  0.011823  2.000000  
156.002715 0.003850  0.090160  -0.025429  0.989472  0.007217  0.144547  -0.144628  0.086240  0.985721  -0.005352  -0.996248  0.086376  0.002946  -0.010188  0.002105  -0.318883  -0.144872  0.011870  2.000000  
156.003965 0.003854  0.090145  -0.025426  0.989442  0.007287  0.144747  -0.144832  0.086597  0.985660  -0.005352  -0.996217  0.086738  0.002980  -0.010410  0.002187  -0.316163  -0.143632  0.011821  2.000000  
156.005212 0.003859  0.090131  -0.025423  0.989412  0.007358  0.144947  -0.145035  0.086954  0.985598  -0.005352  -0.996185  0.087101  0.003075  -0.010663  0.002263  -0.314946  -0.151435  0.017044  2.000000  
156.006212 0.003864  0.090120  -0.025420  0.989382  0.007411  0.145149  -0.145239  0.087192  0.985547  -0.005352  -0.996164  0.087342  0.003134  -0.010824  0.002407  -0.312162  -0.150092  0.016929  2.000000  
156.007216 0.003869  0.090108  -0.025417  0.989352  0.007464  0.145350  -0.145443  0.087429  0.985496  -0.005352  -0.996143  0.087584  0.003239  -0.011068  0.002531  -0.308344  -0.157022  0.017555  2.000000  
156.008465 0.003874  0.090094  -0.025413  0.989322  0.007535  0.145550  -0.145646  0.087786  0.985434  -0.005352  -0.996111  0.087947  0.003344  -0.011232  0.002608  -0.308204  -0.156944  0.017604  2.000000  
156.009466 0.003878  0.090081  -0.025410  0.989292  0.007589  0.145751  -0.145850  0.088024  0.985383  -0.005352  -0.996089  0.088188  0.003374  -0.011466  0.002600  -0.304149  -0.156933  0.017651  2.000000  
156.010466 0.003882  0.090068  -0.025409  0.989261  0.007528  0.145963  -0.146054  0.088400  0.985319  -0.005486  -0.996057  0.088551  0.003468  -0.011653  0.002535  -0.304165  -0.164123  0.013839  2.000000  
156.011471 0.003886  0.090055  -0.025408  0.989261  0.007563  0.145961  -0.146054  0.088639  0.985298  -0.005486  -0.996035  0.088792  0.003578  -0.011851  0.002334  -0.302525  -0.158560  0.013418  2.000000  
156.012711 0.003891  0.090037  -0.025406  0.989201  0.007653  0.146364  -0.146461  0.088995  0.985205  -0.005486  -0.996003  0.089155  0.003642  -0.012109  0.002219  -0.300615  -0.164384  0.013971  2.000000  
156.013722 0.003895  0.090023  -0.025404  0.989201  0.007689  0.146362  -0.146461  0.089234  0.985183  -0.005486  -0.995981  0.089396  0.003729  -0.012292  0.002088  -0.294399  -0.158565  0.013535  2.000000  
156.014971 0.003900  0.090007  -0.025400  0.989171  0.007760  0.146562  -0.146665  0.089591  0.985121  -0.005486  -0.995948  0.089759  0.003857  -0.012419  0.002178  -0.294374  -0.158546  0.013591  2.000000  
156.016215 0.003905  0.089991  -0.025396  0.989141  0.007832  0.146762  -0.146868  0.089948  0.985058  -0.005486  -0.995916  0.090121  0.004002  -0.012505  0.002321  -0.294462  -0.158980  0.009172  2.000000  
156.017463 0.003911  0.089975  -0.025391  0.989111  0.007904  0.146962  -0.147072  0.090304  0.984995  -0.005486  -0.995883  0.090484  0.004121  -0.012539  0.002553  -0.292075  -0.164507  0.009745  2.000000  
156.018472 0.003916  0.089962  -0.025387  0.989080  0.007958  0.147163  -0.147276  0.090542  0.984943  -0.005486  -0.995861  0.090725  0.004236  -0.012593  0.002709  -0.290294  -0.166191  0.005393  2.000000  
156.019715 0.003922  0.089946  -0.025381  0.989050  0.008031  0.147362  -0.147479  0.090899  0.984879  -0.005486  -0.995828  0.091088  0.004270  -0.012708  0.002842  -0.290363  -0.166229  0.005455  2.000000  
156.020717 0.003926  0.089933  -0.025379  0.989050  0.008066  0.147361  -0.147479  0.091137  0.984857  -0.005486  -0.995806  0.091329  0.004303  -0.012825  0.002861  -0.286214  -0.159314  0.004902  2.000000  
156.021961 0.003932  0.089917  -0.025375  0.989020  0.008157  0.147559  -0.147683  0.091614  0.984783  -0.005486  -0.995761  0.091812  0.004281  -0.012961  0.002867  -0.291964  -0.158012  0.004919  2.000000  
156.022965 0.003936  0.089903  -0.025372  0.988989  0.008212  0.147760  -0.147886  0.091851  0.984730  -0.005486  -0.995739  0.092054  0.004253  -0.013111  0.002803  -0.290311  -0.159322  0.005008  2.000000  
156.024212 0.003941  0.089886  -0.025369  0.988989  0.008265  0.147757  -0.147886  0.092209  0.984696  -0.005486  -0.995705  0.092416  0.004282  -0.013193  0.002828  -0.287978  -0.151222  0.004421  2.000000  
156.025476 0.003946  0.089869  -0.025365  0.988959  0.008338  0.147957  -0.148090  0.092566  0.984632  -0.005486  -0.995672  0.092778  0.004254  -0.013277  0.002911  -0.287886  -0.151172  0.004475  2.000000  
156.026715 0.003951  0.089851  -0.025361  0.988928  0.008411  0.148156  -0.148294  0.092922  0.984568  -0.005486  -0.995638  0.093141  0.004281  -0.013337  0.003118  -0.287880  -0.151167  0.004530  2.000000  
156.027963 0.003956  0.089833  -0.025356  0.988898  0.008466  0.148357  -0.148497  0.093159  0.984515  -0.005486  -0.995615  0.093382  0.004267  -0.013363  0.003302  -0.283891  -0.158011  0.005188  2.000000  
156.028966 0.003960  0.089819  -0.025353  0.988898  0.008520  0.148354  -0.148497  0.093518  0.984481  -0.005486  -0.995581  0.093745  0.004285  -0.013437  0.003365  -0.282169  -0.152448  0.004679  2.000000  
156.029972 0.003964  0.089804  -0.025349  0.988898  0.008556  0.148352  -0.148497  0.093756  0.984458  -0.005486  -0.995558  0.093986  0.004248  -0.013506  0.003391  -0.282023  -0.145498  0.004093  2.000000  
156.031215 0.003969  0.089786  -0.025345  0.988868  0.008743  0.148540  -0.148701  0.093974  0.984407  -0.005352  -0.995536  0.094228  0.004205  -0.013617  0.003372  -0.278058  -0.144744  0.013098  2.000000  
156.032218 0.003973  0.089772  -0.025342  0.988868  0.008779  0.148538  -0.148701  0.094213  0.984384  -0.005352  -0.995513  0.094469  0.004187  -0.013746  0.003278  -0.273910  -0.137830  0.012515  2.000000  
156.033467 0.003978  0.089754  -0.025339  0.988837  0.008853  0.148737  -0.148904  0.094569  0.984319  -0.005352  -0.995479  0.094831  0.004137  -0.013874  0.003214  -0.273880  -0.137811  0.012563  2.000000  
156.034715 0.003983  0.089736  -0.025336  0.988837  0.008889  0.148735  -0.148904  0.094808  0.984296  -0.005352  -0.995456  0.095073  0.004082  -0.014042  0.003049  -0.273854  -0.130923  0.011967  2.000000  
156.035716 0.003987  0.089721  -0.025333  0.988837  0.008925  0.148733  -0.148904  0.095046  0.984273  -0.005352  -0.995433  0.095314  0.004062  -0.014154  0.003051  -0.269735  -0.124026  0.011375  2.000000  
156.036965 0.003992  0.089702  -0.025329  0.988806  0.008999  0.148932  -0.149108  0.095403  0.984208  -0.005352  -0.995398  0.095677  0.003978  -0.014344  0.003052  -0.273851  -0.124041  0.011414  2.000000  
156.038213 0.003996  0.089683  -0.025324  0.988806  0.009035  0.148930  -0.149108  0.095642  0.984185  -0.005352  -0.995375  0.095918  0.003944  -0.014455  0.003137  -0.267501  -0.116175  0.010726  2.000000  
156.039215 0.004000  0.089668  -0.025320  0.988806  0.009089  0.148927  -0.149108  0.096000  0.984150  -0.005352  -0.995340  0.096280  0.003903  -0.014596  0.003257  -0.273768  -0.110248  0.010212  2.000000  
156.040215 0.004004  0.089652  -0.025316  0.988806  0.009125  0.148925  -0.149108  0.096238  0.984127  -0.005352  -0.995316  0.096522  0.003906  -0.014657  0.003357  -0.271509  -0.108921  0.014596  2.000000  
156.041461 0.004009  0.089633  -0.025310  0.988776  0.009181  0.149125  -0.149312  0.096475  0.984072  -0.005352  -0.995293  0.096763  0.003908  -0.014747  0.003458  -0.267538  -0.108946  0.014633  2.000000  
156.042467 0.004013  0.089618  -0.025306  0.988776  0.009235  0.149122  -0.149312  0.096833  0.984037  -0.005352  -0.995258  0.097125  0.003936  -0.014829  0.003483  -0.269565  -0.096019  0.013499  2.000000  
156.043468 0.004017  0.089603  -0.025302  0.988776  0.009272  0.149119  -0.149312  0.097072  0.984014  -0.005352  -0.995234  0.097367  0.003904  -0.014877  0.003513  -0.267421  -0.095253  0.013414  2.000000  
156.044712 0.004021  0.089583  -0.025298  0.988776  0.009308  0.149117  -0.149312  0.097311  0.983990  -0.005352  -0.995211  0.097608  0.003901  -0.014987  0.003521  -0.263322  -0.088409  0.012799  2.000000  
156.045714 0.004025  0.089568  -0.025295  0.988776  0.009344  0.149115  -0.149312  0.097550  0.983967  -0.005352  -0.995187  0.097850  0.003887  -0.015036  0.003471  -0.263285  -0.081573  0.012176  2.000000  
156.046719 0.004029  0.089553  -0.025292  0.988776  0.009380  0.149113  -0.149312  0.097788  0.983943  -0.005352  -0.995163  0.098091  0.003855  -0.015064  0.003454  -0.261301  -0.075342  0.011648  2.000000  
156.047966 0.004033  0.089534  -0.025287  0.988776  0.009416  0.149110  -0.149312  0.098027  0.983919  -0.005352  -0.995139  0.098333  0.003814  -0.015115  0.003525  -0.257243  -0.068466  0.011019  2.000000  
156.049219 0.004038  0.089515  -0.025283  0.988776  0.009453  0.149108  -0.149312  0.098266  0.983895  -0.005352  -0.995115  0.098574  0.003784  -0.015192  0.003656  -0.257209  -0.061575  0.010380  2.000000  
156.050467 0.004043  0.089496  -0.025277  0.988776  0.009489  0.149106  -0.149312  0.098504  0.983871  -0.005352  -0.995091  0.098815  0.003767  -0.015249  0.003783  -0.251033  -0.061061  0.010312  2.000000  
156.051471 0.004047  0.089481  -0.025272  0.988776  0.009525  0.149104  -0.149312  0.098743  0.983847  -0.005352  -0.995067  0.099057  0.003796  -0.015239  0.003902  -0.248942  -0.054663  0.009754  2.000000  
156.052716 0.004052  0.089461  -0.025265  0.988745  0.009600  0.149303  -0.149515  0.099099  0.983781  -0.005352  -0.995031  0.099419  0.003819  -0.015269  0.004061  -0.250981  -0.054220  0.009692  2.000000  
156.053965 0.004057  0.089442  -0.025260  0.988745  0.009636  0.149300  -0.149515  0.099338  0.983757  -0.005352  -0.995007  0.099660  0.003837  -0.015326  0.004079  -0.244905  -0.054666  0.009792  2.000000  
156.055213 0.004062  0.089422  -0.025254  0.988745  0.009690  0.149297  -0.149515  0.099696  0.983720  -0.005352  -0.994971  0.100022  0.003893  -0.015399  0.004110  -0.245003  -0.047802  0.009150  2.000000  
156.056463 0.004067  0.089402  -0.025249  0.988745  0.009726  0.149294  -0.149515  0.099934  0.983696  -0.005352  -0.994947  0.100264  0.003883  -0.015416  0.004025  -0.240801  -0.040894  0.008492  2.000000  
156.057467 0.004071  0.089387  -0.025245  0.988745  0.009762  0.149292  -0.149515  0.100173  0.983672  -0.005352  -0.994922  0.100505  0.003923  -0.015418  0.004053  -0.242848  -0.040553  0.008429  2.000000  
156.058716 0.004077  0.089367  -0.025240  0.988746  0.009948  0.149275  -0.149515  0.100511  0.983638  -0.005218  -0.994886  0.100867  0.003964  -0.015425  0.004081  -0.240746  -0.033561  0.012319  2.000000  
156.059960 0.004082  0.089348  -0.025234  0.988746  0.009985  0.149273  -0.149515  0.100750  0.983613  -0.005218  -0.994862  0.101109  0.004021  -0.015421  0.004156  -0.238825  -0.033290  0.012229  2.000000  
156.060965 0.004087  0.089334  -0.025230  0.988746  0.010003  0.149271  -0.149515  0.100869  0.983601  -0.005218  -0.994849  0.101229  0.004092  -0.015410  0.004305  -0.236627  -0.027108  0.007181  2.000000  
156.062213 0.004093  0.089315  -0.025223  0.988746  0.010057  0.149268  -0.149515  0.101227  0.983564  -0.005218  -0.994813  0.101591  0.004209  -0.015380  0.004459  -0.238733  -0.026884  0.007131  2.000000  
156.063225 0.004099  0.089300  -0.025218  0.988746  0.010075  0.149267  -0.149515  0.101346  0.983552  -0.005218  -0.994800  0.101712  0.004311  -0.015308  0.004580  -0.232439  -0.020211  0.006514  2.000000  
156.064468 0.004105  0.089281  -0.025213  0.988746  0.010129  0.149263  -0.149515  0.101704  0.983515  -0.005218  -0.994763  0.102074  0.004422  -0.015347  0.004562  -0.236566  -0.020214  0.006521  2.000000  
156.065479 0.004110  0.089266  -0.025209  0.988746  0.010148  0.149262  -0.149515  0.101823  0.983503  -0.005218  -0.994751  0.102195  0.004491  -0.015291  0.004557  -0.230579  -0.020046  0.006471  2.000000  
156.066715 0.004116  0.089247  -0.025204  0.988746  0.010202  0.149258  -0.149515  0.102181  0.983465  -0.005218  -0.994713  0.102557  0.004542  -0.015368  0.004457  -0.232474  -0.013326  0.005847  2.000000  
156.067715 0.004121  0.089231  -0.025200  0.988746  0.010220  0.149257  -0.149515  0.102300  0.983453  -0.005218  -0.994701  0.102677  0.004617  -0.015346  0.004358  -0.230537  -0.013214  0.005800  2.000000  
156.068965 0.004128  0.089212  -0.025195  0.988746  0.010274  0.149253  -0.149515  0.102658  0.983416  -0.005218  -0.994664  0.103039  0.004747  -0.015310  0.004303  -0.228399  -0.013323  0.005854  2.000000  
156.069966 0.004133  0.089197  -0.025191  0.988716  0.010445  0.149441  -0.149719  0.102756  0.983375  -0.005084  -0.994652  0.103160  0.004797  -0.015247  0.004290  -0.224354  -0.019758  0.011023  2.000000  
156.071215 0.004140  0.089177  -0.025186  0.988716  0.010500  0.149437  -0.149719  0.103113  0.983337  -0.005084  -0.994614  0.103522  0.004971  -0.015234  0.004308  -0.228363  -0.012868  0.010334  2.000000  
156.072466 0.004148  0.089158  -0.025180  0.988716  0.010536  0.149434  -0.149719  0.103352  0.983312  -0.005084  -0.994589  0.103763  0.005103  -0.015216  0.004345  -0.222458  -0.012760  0.010254  2.000000  
156.073714 0.004155  0.089140  -0.025173  0.988716  0.010572  0.149432  -0.149719  0.103590  0.983287  -0.005084  -0.994564  0.104004  0.005246  -0.015176  0.004435  -0.220246  -0.012864  0.010344  2.000000  
156.074998 0.004163  0.089121  -0.025168  0.988716  0.010608  0.149429  -0.149719  0.103829  0.983262  -0.005084  -0.994539  0.104246  0.005370  -0.015153  0.004422  -0.220031  -0.012848  0.010337  2.000000  
156.076211 0.004171  0.089102  -0.025162  0.988716  0.010645  0.149427  -0.149719  0.104068  0.983237  -0.005084  -0.994513  0.104487  0.005486  -0.015200  0.004410  -0.218453  -0.012754  0.010266  2.000000  
156.077215 0.004177  0.089087  -0.025157  0.988716  0.010663  0.149425  -0.149719  0.104187  0.983224  -0.005084  -0.994501  0.104608  0.005586  -0.015213  0.004380  -0.214371  -0.012750  0.010266  2.000000  
156.078216 0.004183  0.089070  -0.025154  0.988716  0.010699  0.149423  -0.149719  0.104425  0.983199  -0.005084  -0.994475  0.104849  0.005653  -0.015327  0.004298  -0.216194  -0.012856  0.010357  2.000000  
156.079465 0.004190  0.089051  -0.025149  0.988716  0.010735  0.149420  -0.149719  0.104664  0.983173  -0.005084  -0.994450  0.105090  0.005687  -0.015380  0.004233  -0.216164  -0.012851  0.010358  2.000000  
156.080471 0.004196  0.089034  -0.025145  0.988716  0.010753  0.149419  -0.149719  0.104783  0.983161  -0.005084  -0.994437  0.105211  0.005725  -0.015466  0.004220  -0.212031  -0.012846  0.010358  2.000000  
156.081718 0.004203  0.089015  -0.025141  0.988716  0.010790  0.149416  -0.149719  0.105022  0.983135  -0.005084  -0.994411  0.105452  0.005784  -0.015475  0.004159  -0.212053  -0.012845  0.010362  2.000000  
156.082966 0.004210  0.088994  -0.025136  0.988716  0.010826  0.149413  -0.149719  0.105260  0.983110  -0.005084  -0.994386  0.105693  0.005845  -0.015535  0.004204  -0.207956  -0.005960  0.009657  2.000000  
156.083969 0.004216  0.088979  -0.025132  0.988685  0.010866  0.149615  -0.149922  0.105377  0.983066  -0.005084  -0.994373  0.105814  0.005853  -0.015562  0.004213  -0.203927  -0.012842  0.010370  2.000000  
156.085218 0.004223  0.088959  -0.025126  0.988685  0.010902  0.149612  -0.149922  0.105616  0.983040  -0.005084  -0.994347  0.106055  0.005896  -0.015574  0.004243  -0.204005  -0.012844  0.010377  2.000000  
156.086468 0.004230  0.088939  -0.025121  0.988685  0.010920  0.149611  -0.149922  0.105735  0.983028  -0.005084  -0.994334  0.106176  0.005914  -0.015607  0.004213  -0.195752  -0.012835  0.010375  2.000000  
156.087477 0.004236  0.088924  -0.025117  0.988685  0.010938  0.149609  -0.149922  0.105854  0.983015  -0.005084  -0.994322  0.106296  0.005896  -0.015651  0.004160  -0.191601  -0.012828  0.010373  2.000000  
156.088715 0.004243  0.088904  -0.025112  0.988685  0.010975  0.149607  -0.149922  0.106093  0.982989  -0.005084  -0.994296  0.106537  0.005848  -0.015726  0.004090  -0.190105  -0.013188  0.005859  2.000000  
156.089717 0.004249  0.088888  -0.025109  0.988685  0.010993  0.149605  -0.149922  0.106212  0.982976  -0.005084  -0.994283  0.106658  0.005805  -0.015815  0.004023  -0.187579  -0.013295  0.005909  2.000000  
156.090720 0.004254  0.088872  -0.025105  0.988685  0.011142  0.149590  -0.149923  0.106311  0.982966  -0.004951  -0.994270  0.106779  0.005736  -0.015831  0.003937  -0.187592  -0.012827  0.010384  2.000000  
156.091970 0.004261  0.088852  -0.025099  0.988685  0.011160  0.149588  -0.149923  0.106430  0.982953  -0.004951  -0.994258  0.106899  0.005673  -0.015913  0.003952  -0.179424  -0.012824  0.010386  2.000000  
156.093218 0.004268  0.088832  -0.025093  0.988685  0.011197  0.149586  -0.149923  0.106669  0.982927  -0.004951  -0.994232  0.107140  0.005615  -0.015922  0.004011  -0.182063  -0.012721  0.010307  2.000000  
156.094219 0.004273  0.088816  -0.025089  0.988654  0.011237  0.149787  -0.150126  0.106786  0.982883  -0.004951  -0.994219  0.107261  0.005594  -0.015918  0.004094  -0.175422  -0.019704  0.011118  2.000000  
156.095224 0.004278  0.088799  -0.025084  0.988654  0.011255  0.149785  -0.150126  0.106905  0.982870  -0.004951  -0.994206  0.107382  0.005544  -0.015945  0.004159  -0.175455  -0.019706  0.011123  2.000000  
156.096240 0.004283  0.088783  -0.025080  0.988654  0.011273  0.149784  -0.150126  0.107024  0.982857  -0.004951  -0.994193  0.107502  0.005495  -0.015975  0.004226  0.000000  0.000000  0.000000  2.000000  
156.097470 0.004289  0.088762  -0.025074  0.988654  0.011310  0.149781  -0.150126  0.107263  0.982831  -0.004951  -0.994166  0.107743  0.005450  -0.016022  0.004297  0.000000  0.000000  0.000000  2.000000  
156.098471 0.004294  0.088746  -0.025069  0.988654  0.011328  0.149780  -0.150126  0.107382  0.982818  -0.004951  -0.994153  0.107864  0.005440  -0.016025  0.004339  0.000000  0.000000  0.000000  2.000000  
156.099473 0.004299  0.088730  -0.025065  0.988654  0.011346  0.149779  -0.150126  0.107501  0.982805  -0.004951  -0.994140  0.107985  0.005375  -0.016075  0.004303  0.000000  0.000000  0.000000  2.000000  
156.100717 0.004306  0.088710  -0.025060  0.988654  0.011364  0.149777  -0.150126  0.107620  0.982792  -0.004951  -0.994127  0.108105  0.005340  -0.016073  0.004287  0.000000  0.000000  0.000000  2.000000  
156.101718 0.004311  0.088693  -0.025056  0.988654  0.011382  0.149776  -0.150126  0.107739  0.982779  -0.004951  -0.994114  0.108226  0.005271  -0.016141  0.004247  0.000000  0.000000  0.000000  2.000000  
156.102967 0.004318  0.088673  -0.025051  0.988654  0.011419  0.149773  -0.150126  0.107978  0.982753  -0.004951  -0.994088  0.108467  0.005229  -0.016170  0.004272  0.000000  0.000000  0.000000  2.000000  
156.103971 0.004323  0.088657  -0.025047  0.988655  0.011568  0.149757  -0.150126  0.108077  0.982742  -0.004817  -0.994075  0.108588  0.005196  -0.016196  0.004254  0.000000  0.000000  0.000000  2.000000  
156.105217 0.004329  0.088636  -0.025042  0.988655  0.011586  0.149756  -0.150126  0.108196  0.982729  -0.004817  -0.994062  0.108708  0.005174  -0.016244  0.004295  0.000000  0.000000  0.000000  2.000000  
156.106218 0.004334  0.088620  -0.025038  0.988624  0.011627  0.149957  -0.150330  0.108313  0.982685  -0.004817  -0.994049  0.108829  0.005140  -0.016292  0.004326  0.000000  0.000000  0.000000  2.000000  
156.107219 0.004339  0.088603  -0.025032  0.988624  0.011645  0.149955  -0.150330  0.108432  0.982672  -0.004817  -0.994036  0.108949  0.005134  -0.016345  0.004373  0.000000  0.000000  0.000000  2.000000  
156.108462 0.004345  0.088582  -0.025027  0.988624  0.011663  0.149954  -0.150330  0.108551  0.982658  -0.004817  -0.994022  0.109070  0.005087  -0.016406  0.004351  0.000000  0.000000  0.000000  2.000000  
156.109465 0.004350  0.088565  -0.025023  0.988624  0.011681  0.149953  -0.150330  0.108671  0.982645  -0.004817  -0.994009  0.109190  0.005095  -0.016432  0.004360  0.000000  0.000000  0.000000  2.000000  
156.110466 0.004355  0.088549  -0.025018  0.988624  0.011681  0.149953  -0.150330  0.108671  0.982645  -0.004817  -0.994009  0.109190  0.005069  -0.016458  0.004301  0.000000  0.000000  0.000000  2.000000  
156.111478 0.004360  0.088532  -0.025014  0.988624  0.011700  0.149951  -0.150330  0.108790  0.982632  -0.004817  -0.993996  0.109311  0.005060  -0.016480  0.004298  0.000000  0.000000  0.000000  2.000000  
156.112734 0.004366  0.088511  -0.025008  0.988624  0.011718  0.149950  -0.150330  0.108909  0.982619  -0.004817  -0.993983  0.109432  0.005067  -0.016482  0.004259  0.000000  0.000000  0.000000  2.000000  
156.113969 0.004372  0.088490  -0.025004  0.988625  0.011867  0.149934  -0.150330  0.109008  0.982608  -0.004683  -0.993970  0.109552  0.005047  -0.016596  0.004212  0.000000  0.000000  0.000000  2.000000  
156.114970 0.004377  0.088473  -0.025000  0.988625  0.011886  0.149932  -0.150330  0.109127  0.982595  -0.004683  -0.993957  0.109673  0.005007  -0.016559  0.004231  0.000000  0.000000  0.000000  2.000000  
156.116218 0.004383  0.088453  -0.024994  0.988625  0.011904  0.149931  -0.150330  0.109247  0.982581  -0.004683  -0.993943  0.109793  0.004976  -0.016618  0.004265  0.000000  0.000000  0.000000  2.000000  
156.117468 0.004390  0.088432  -0.024989  0.988625  0.011922  0.149929  -0.150330  0.109366  0.982568  -0.004683  -0.993930  0.109914  0.004975  -0.016597  0.004313  0.000000  0.000000  0.000000  2.000000  
156.118468 0.004394  0.088416  -0.024984  0.988625  0.011922  0.149929  -0.150330  0.109366  0.982568  -0.004683  -0.993930  0.109914  0.004947  -0.016638  0.004300  0.000000  0.000000  0.000000  2.000000  
156.119477 0.004399  0.088399  -0.024980  0.988625  0.011940  0.149928  -0.150330  0.109485  0.982555  -0.004683  -0.993917  0.110035  0.004911  -0.016617  0.004324  0.000000  0.000000  0.000000  2.000000  
156.120713 0.004405  0.088379  -0.024975  0.988625  0.012090  0.149912  -0.150330  0.109584  0.982544  -0.004549  -0.993904  0.110155  0.004894  -0.016641  0.004318  0.000000  0.000000  0.000000  2.000000  
156.121713 0.004409  0.088362  -0.024971  0.988625  0.012090  0.149912  -0.150330  0.109584  0.982544  -0.004549  -0.993904  0.110155  0.004853  -0.016643  0.004294  0.000000  0.000000  0.000000  2.000000  
156.122734 0.004413  0.088345  -0.024967  0.988656  0.012085  0.149708  -0.150126  0.109706  0.982561  -0.004549  -0.993891  0.110276  0.004781  -0.016594  0.004200  0.000000  0.000000  0.000000  2.000000  
156.123967 0.004419  0.088324  -0.024963  0.988656  0.012104  0.149707  -0.150126  0.109825  0.982548  -0.004549  -0.993877  0.110396  0.004714  -0.016624  0.004116  0.000000  0.000000  0.000000  2.000000  
156.125216 0.004424  0.088303  -0.024958  0.988656  0.012104  0.149707  -0.150126  0.109825  0.982548  -0.004549  -0.993877  0.110396  0.004672  -0.016630  0.004092  0.000000  0.000000  0.000000  2.000000  
