1-Time 2-Px 3-Py 4-Pz 5-R11 6-R21 7-R31 8-R12 9-R22 10-R32 11-R13 12-R23 13-R33 14-Vx 15-Vy 16-Vz 17-Wx 18-Wy 19-Wz 20-state 21-PR11 22-PR21 23-PR31 24-PR12 25-PR22 26-PR32 27-PR13 28-PR23 29-PR33 
104.116117 0.000286  0.090237  -0.073873  0.989546  0.111424  -0.091563  -0.107577  0.993135  0.045940  0.096053  -0.035610  0.994739  0.000331  0.000346  -0.001008  0.000000  0.000000  0.000000  2.000000  
104.117122 0.000286  0.090236  -0.073875  0.989546  0.111424  -0.091563  -0.107577  0.993135  0.045940  0.096053  -0.035610  0.994739  0.000298  0.000325  -0.001023  0.000000  0.000000  0.000000  2.000000  
104.118366 0.000287  0.090234  -0.073875  0.989454  0.112046  -0.091799  -0.108185  0.993065  0.046025  0.096319  -0.035609  0.994713  0.000299  0.000159  -0.000886  0.000000  0.000000  0.000000  2.000000  
104.119367 0.000286  0.090232  -0.073876  0.989361  0.112680  -0.092021  -0.108794  0.992989  0.046232  0.096586  -0.035728  0.994683  0.000222  -0.000039  -0.000886  0.000000  0.000000  0.000000  2.000000  
104.120369 0.000286  0.090229  -0.073877  0.989278  0.113115  -0.092386  -0.109197  0.992935  0.046434  0.096985  -0.035848  0.994640  0.000196  -0.000269  -0.000919  0.000000  0.000000  0.000000  2.000000  
104.121617 0.000285  0.090224  -0.073879  0.989229  0.113351  -0.092613  -0.109397  0.992899  0.046723  0.097251  -0.036088  0.994605  0.000140  -0.000626  -0.000977  0.000000  0.000000  0.000000  2.000000  
104.122867 0.000285  0.090219  -0.073881  0.989110  0.113995  -0.093099  -0.110003  0.992821  0.046959  0.097784  -0.036207  0.994549  0.000123  -0.000966  -0.000966  0.000000  0.000000  0.000000  2.000000  
104.123874 0.000285  0.090216  -0.073881  0.989015  0.114629  -0.093321  -0.110611  0.992744  0.047167  0.098050  -0.036326  0.994518  0.000109  -0.001204  -0.000893  0.000000  0.000000  0.000000  2.000000  
104.125119 0.000285  0.090213  -0.073881  0.988872  0.115477  -0.093797  -0.111419  0.992641  0.047424  0.098583  -0.036445  0.994461  0.000096  -0.001444  -0.000821  0.000000  0.000000  0.000000  2.000000  
104.126121 0.000285  0.090211  -0.073883  0.988740  0.116320  -0.094140  -0.112229  0.992538  0.047666  0.098982  -0.036564  0.994417  0.000039  -0.001614  -0.000911  0.048809  0.092876  0.168752  2.000000  
104.127366 0.000284  0.090209  -0.073886  0.988618  0.116964  -0.094625  -0.112834  0.992458  0.047905  0.099515  -0.036683  0.994360  -0.000035  -0.001722  -0.001039  0.054961  0.110094  0.190056  2.000000  
104.128375 0.000283  0.090208  -0.073889  0.988532  0.117399  -0.094988  -0.113236  0.992403  0.048110  0.099914  -0.036802  0.994315  -0.000122  -0.001859  -0.001203  0.060411  0.123024  0.204247  2.000000  
104.129377 0.000283  0.090208  -0.073891  0.988408  0.118043  -0.095473  -0.113840  0.992322  0.048350  0.100447  -0.036921  0.994257  -0.000176  -0.001927  -0.001231  0.066577  0.140225  0.225535  2.000000  
104.130623 0.000283  0.090206  -0.073892  0.988284  0.118687  -0.095957  -0.114445  0.992241  0.048590  0.100979  -0.037039  0.994199  -0.000205  -0.002054  -0.001256  0.072793  0.157508  0.246957  2.000000  
104.131877 0.000284  0.090203  -0.073892  0.988122  0.119541  -0.096563  -0.115251  0.992134  0.048867  0.101645  -0.037157  0.994127  -0.000186  -0.002272  -0.001168  0.078957  0.179107  0.268270  2.000000  
104.133122 0.000285  0.090199  -0.073892  0.987983  0.120202  -0.097164  -0.115853  0.992045  0.049244  0.102310  -0.037396  0.994049  -0.000093  -0.002395  -0.001143  0.089271  0.200818  0.289800  2.000000  
104.134371 0.000287  0.090195  -0.073890  0.987867  0.120647  -0.097790  -0.116252  0.991986  0.049482  0.102976  -0.037514  0.993976  0.000060  -0.002433  -0.000933  0.094824  0.222774  0.304405  2.000000  
104.135371 0.000289  0.090190  -0.073887  0.987788  0.120895  -0.098278  -0.116449  0.991947  0.049806  0.103508  -0.037753  0.993912  0.000249  -0.002536  -0.000613  0.103743  0.240451  0.311959  2.000000  
104.136373 0.000291  0.090184  -0.073885  0.987685  0.121347  -0.098757  -0.116849  0.991883  0.050149  0.104041  -0.037992  0.993847  0.000424  -0.002711  -0.000357  0.113353  0.257860  0.326382  2.000000  
104.137619 0.000294  0.090176  -0.073883  0.987568  0.121805  -0.099367  -0.117247  0.991818  0.050509  0.104706  -0.038230  0.993768  0.000628  -0.002968  -0.000148  0.123020  0.279820  0.341049  2.000000  
104.138621 0.000297  0.090169  -0.073882  0.987463  0.122270  -0.099830  -0.117647  0.991746  0.050974  0.105238  -0.038590  0.993698  0.000742  -0.003204  -0.000074  0.136742  0.297244  0.355550  2.000000  
104.139874 0.000301  0.090161  -0.073880  0.987355  0.122529  -0.100581  -0.117840  0.991705  0.051329  0.106036  -0.038828  0.993604  0.001049  -0.003551  0.000063  0.145703  0.323840  0.363387  2.000000  
104.140882 0.000305  0.090153  -0.073879  0.987288  0.122773  -0.100937  -0.118039  0.991665  0.051638  0.106436  -0.039067  0.993552  0.001334  -0.003901  0.000295  0.154587  0.336934  0.370712  2.000000  
104.142121 0.000310  0.090144  -0.073878  0.987232  0.122819  -0.101435  -0.118032  0.991650  0.051941  0.106968  -0.039306  0.993485  0.001731  -0.004408  0.000606  0.162901  0.355005  0.371575  2.000000  
104.143392 0.000315  0.090136  -0.073877  0.987140  0.123280  -0.101765  -0.118433  0.991579  0.052392  0.107367  -0.039666  0.993428  0.002120  -0.004905  0.000864  0.176442  0.367547  0.385532  2.000000  
104.144620 0.000320  0.090128  -0.073878  0.987073  0.123525  -0.102120  -0.118631  0.991539  0.052701  0.107766  -0.039905  0.993375  0.002448  -0.005309  0.000896  0.185557  0.381100  0.393358  2.000000  
104.145626 0.000324  0.090121  -0.073877  0.987006  0.123769  -0.102475  -0.118829  0.991499  0.053010  0.108165  -0.040144  0.993322  0.002771  -0.005771  0.000987  0.194445  0.394174  0.400689  2.000000  
104.146878 0.000329  0.090111  -0.073875  0.986977  0.123805  -0.102709  -0.118826  0.991484  0.053282  0.108431  -0.040384  0.993283  0.003053  -0.006134  0.001113  0.202668  0.403149  0.401113  2.000000  
104.148121 0.000334  0.090102  -0.073872  0.986933  0.123859  -0.103060  -0.118821  0.991463  0.053691  0.108830  -0.040743  0.993225  0.003244  -0.006477  0.001298  0.212909  0.408386  0.380736  2.000000  
104.149122 0.000337  0.090095  -0.073870  0.986905  0.123895  -0.103294  -0.118817  0.991449  0.053963  0.109096  -0.040983  0.993186  0.003395  -0.006815  0.001335  0.214940  0.409098  0.360154  2.000000  
104.150371 0.000341  0.090085  -0.073866  0.986837  0.124153  -0.103633  -0.119015  0.991401  0.054393  0.109495  -0.041343  0.993127  0.003487  -0.007043  0.001389  0.222538  0.409318  0.353396  2.000000  
104.151620 0.000346  0.090074  -0.073860  0.986793  0.124194  -0.103999  -0.119010  0.991386  0.054681  0.109894  -0.041582  0.993073  0.003633  -0.007229  0.001647  0.221350  0.409976  0.339898  2.000000  
104.152874 0.000350  0.090064  -0.073853  0.986764  0.124243  -0.104217  -0.119006  0.991365  0.055073  0.110160  -0.041942  0.993029  0.003639  -0.007368  0.001991  0.227314  0.405955  0.318968  2.000000  
104.154116 0.000353  0.090053  -0.073846  0.986734  0.124293  -0.104436  -0.119003  0.991343  0.055466  0.110426  -0.042302  0.992984  0.003635  -0.007490  0.002359  0.227467  0.398921  0.295857  2.000000  
104.155121 0.000355  0.090046  -0.073841  0.986720  0.124324  -0.104538  -0.119001  0.991329  0.055722  0.110559  -0.042542  0.992959  0.003573  -0.007579  0.002559  0.230629  0.389791  0.270333  2.000000  
104.156372 0.000358  0.090036  -0.073834  0.986690  0.124373  -0.104756  -0.118997  0.991308  0.056115  0.110825  -0.042902  0.992914  0.003450  -0.007596  0.002930  0.235966  0.381822  0.242542  2.000000  
104.157616 0.000361  0.090027  -0.073827  0.986675  0.124404  -0.104858  -0.118996  0.991293  0.056371  0.110958  -0.043143  0.992888  0.003284  -0.007594  0.003317  0.235992  0.370598  0.219825  2.000000  
104.158622 0.000363  0.090021  -0.073822  0.986661  0.124423  -0.104975  -0.118994  0.991286  0.056508  0.111091  -0.043262  0.992868  0.003133  -0.007628  0.003760  0.238620  0.362188  0.205825  2.000000  
104.159871 0.000365  0.090013  -0.073817  0.986661  0.124461  -0.104929  -0.118994  0.991265  0.056868  0.111091  -0.043624  0.992852  0.002970  -0.007555  0.004001  0.244723  0.340870  0.184648  2.000000  
104.160881 0.000367  0.090006  -0.073814  0.986670  0.124275  -0.105058  -0.118789  0.991283  0.056983  0.111224  -0.043743  0.992832  0.002764  -0.007513  0.004237  0.241779  0.332938  0.156986  2.000000  
104.161889 0.000368  0.090000  -0.073812  0.986685  0.124295  -0.104896  -0.118791  0.991270  0.057207  0.111091  -0.043985  0.992836  0.002585  -0.007373  0.004229  0.245493  0.309299  0.136506  2.000000  
104.163123 0.000370  0.089992  -0.073810  0.986661  0.124524  -0.104854  -0.118994  0.991230  0.057469  0.111091  -0.044226  0.992826  0.002401  -0.007321  0.004215  0.244193  0.287536  0.121981  2.000000  
104.164125 0.000371  0.089985  -0.073809  0.986661  0.124550  -0.104824  -0.118994  0.991216  0.057710  0.111091  -0.044467  0.992815  0.002227  -0.007312  0.004096  0.246815  0.270105  0.107540  2.000000  
104.165371 0.000372  0.089976  -0.073808  0.986661  0.124588  -0.104778  -0.118994  0.991195  0.058071  0.111091  -0.044828  0.992799  0.002011  -0.007259  0.003902  0.248125  0.250318  0.099179  2.000000  
104.166620 0.000373  0.089966  -0.073806  0.986670  0.124428  -0.104877  -0.118789  0.991199  0.058426  0.111224  -0.045189  0.992767  0.001804  -0.007207  0.003574  0.247478  0.231266  0.071723  2.000000  
104.167874 0.000374  0.089956  -0.073805  0.986670  0.124479  -0.104817  -0.118789  0.991171  0.058906  0.111224  -0.045670  0.992745  0.001647  -0.007186  0.003213  0.249812  0.209105  0.057046  2.000000  
104.168876 0.000375  0.089948  -0.073804  0.986670  0.124504  -0.104786  -0.118789  0.991156  0.059147  0.111224  -0.045911  0.992734  0.001537  -0.007153  0.002869  0.249070  0.186916  0.049265  2.000000  
104.169883 0.000377  0.089939  -0.073803  0.986656  0.124536  -0.104888  -0.118787  0.991141  0.059403  0.111357  -0.046151  0.992708  0.001459  -0.007205  0.002629  0.248259  0.178165  0.042042  2.000000  
104.171119 0.000379  0.089929  -0.073801  0.986656  0.124574  -0.104843  -0.118787  0.991120  0.059764  0.111357  -0.046512  0.992691  0.001396  -0.007233  0.002247  0.251753  0.156094  0.034279  2.000000  
104.172122 0.000380  0.089922  -0.073801  0.986680  0.124395  -0.104825  -0.118584  0.991131  0.059983  0.111357  -0.046753  0.992680  0.001338  -0.007254  0.001914  0.250172  0.143158  0.019979  2.000000  
104.173367 0.000382  0.089913  -0.073801  0.986665  0.124427  -0.104926  -0.118582  0.991115  0.060239  0.111490  -0.046993  0.992654  0.001302  -0.007276  0.001389  0.247602  0.137949  0.012853  2.000000  
104.174617 0.000385  0.089906  -0.073802  0.986665  0.124453  -0.104896  -0.118582  0.991101  0.060479  0.111490  -0.047234  0.992642  0.001324  -0.007223  0.001075  0.246662  0.124772  0.005475  2.000000  
104.175622 0.000387  0.089901  -0.073802  0.986665  0.124478  -0.104866  -0.118582  0.991086  0.060720  0.111490  -0.047475  0.992631  0.001361  -0.007151  0.000812  0.245916  0.111706  -0.001900  2.000000  
104.176875 0.000390  0.089895  -0.073802  0.986690  0.124287  -0.104864  -0.118379  0.991104  0.060819  0.111490  -0.047595  0.992625  0.001447  -0.007044  0.000640  0.241106  0.103092  -0.009089  2.000000  
104.177884 0.000392  0.089891  -0.073803  0.986675  0.124318  -0.104965  -0.118377  0.991089  0.061075  0.111623  -0.047835  0.992599  0.001519  -0.006832  0.000446  0.238924  0.094923  -0.009529  2.000000  
104.179124 0.000395  0.089887  -0.073804  0.986675  0.124331  -0.104950  -0.118377  0.991081  0.061195  0.111623  -0.047956  0.992593  0.001653  -0.006562  0.000317  0.230836  0.081476  -0.010113  2.000000  
104.180125 0.000398  0.089883  -0.073804  0.986699  0.124140  -0.104948  -0.118174  0.991099  0.061294  0.111623  -0.048076  0.992587  0.001808  -0.006320  0.000254  0.225234  0.073114  -0.024242  2.000000  
104.181371 0.000401  0.089878  -0.073804  0.986699  0.124165  -0.104918  -0.118174  0.991084  0.061534  0.111623  -0.048317  0.992575  0.001943  -0.005994  0.000136  0.225254  0.059650  -0.024837  2.000000  
104.182372 0.000404  0.089874  -0.073805  0.986684  0.124197  -0.105019  -0.118172  0.991069  0.061790  0.111756  -0.048557  0.992549  0.002005  -0.005682  0.000038  0.225245  0.059655  -0.024822  2.000000  
104.183621 0.000406  0.089868  -0.073805  0.986669  0.124216  -0.105136  -0.118171  0.991060  0.061926  0.111889  -0.048677  0.992528  0.002073  -0.005398  -0.000111  0.217077  0.055166  -0.025011  2.000000  
104.184634 0.000408  0.089864  -0.073807  0.986669  0.124242  -0.105106  -0.118171  0.991045  0.062167  0.111889  -0.048918  0.992516  0.002108  -0.005128  -0.000275  0.217007  0.046173  -0.025403  2.000000  
104.185885 0.000410  0.089858  -0.073809  0.986630  0.124478  -0.105195  -0.118372  0.991004  0.062445  0.112021  -0.049158  0.992489  0.002110  -0.004795  -0.000496  0.213646  0.045852  -0.018517  2.000000  
104.187120 0.000412  0.089853  -0.073810  0.986615  0.124510  -0.105296  -0.118370  0.990988  0.062701  0.112154  -0.049398  0.992462  0.002134  -0.004595  -0.000605  0.212005  0.045505  -0.018364  2.000000  
104.188370 0.000414  0.089848  -0.073812  0.986600  0.124542  -0.105398  -0.118368  0.990972  0.062957  0.112287  -0.049638  0.992435  0.002148  -0.004347  -0.000694  0.213784  0.041399  -0.018717  2.000000  
104.189620 0.000417  0.089844  -0.073812  0.986586  0.124574  -0.105500  -0.118367  0.990956  0.063213  0.112420  -0.049878  0.992408  0.002180  -0.004141  -0.000712  0.209696  0.045895  -0.018492  2.000000  
104.190882 0.000420  0.089840  -0.073813  0.986546  0.124811  -0.105588  -0.118568  0.990914  0.063491  0.112553  -0.050118  0.992381  0.002191  -0.003981  -0.000742  0.211152  0.045230  -0.004740  2.000000  
104.192120 0.000423  0.089836  -0.073815  0.986531  0.124843  -0.105690  -0.118566  0.990898  0.063747  0.112686  -0.050358  0.992354  0.002138  -0.003865  -0.000804  0.208775  0.054124  -0.011083  2.000000  
104.193122 0.000424  0.089834  -0.073817  0.986507  0.125060  -0.105662  -0.118769  0.990864  0.063889  0.112686  -0.050478  0.992348  0.002079  -0.003765  -0.000897  0.209490  0.053786  -0.004261  2.000000  
104.194367 0.000426  0.089831  -0.073819  0.986467  0.125296  -0.105750  -0.118970  0.990822  0.064167  0.112819  -0.050718  0.992320  0.001949  -0.003661  -0.000989  0.206222  0.057918  0.002781  2.000000  
104.195374 0.000427  0.089828  -0.073820  0.986467  0.125309  -0.105735  -0.118970  0.990814  0.064288  0.112819  -0.050838  0.992314  0.001831  -0.003561  -0.001049  0.199752  0.058390  0.002817  2.000000  
104.196374 0.000427  0.089826  -0.073821  0.986443  0.125526  -0.105706  -0.119174  0.990781  0.064430  0.112819  -0.050959  0.992308  0.001738  -0.003438  -0.001074  0.197229  0.053233  0.016346  2.000000  
104.197376 0.000428  0.089824  -0.073821  0.986428  0.125545  -0.105823  -0.119172  0.990772  0.064566  0.112952  -0.051078  0.992287  0.001633  -0.003287  -0.001101  0.189064  0.057717  0.016576  2.000000  
104.198629 0.000429  0.089822  -0.073821  0.986403  0.125762  -0.105794  -0.119375  0.990738  0.064708  0.112952  -0.051199  0.992280  0.001560  -0.003092  -0.001008  0.181705  0.057383  0.023459  2.000000  
104.199874 0.000430  0.089819  -0.073820  0.986388  0.125795  -0.105895  -0.119373  0.990722  0.064964  0.113085  -0.051439  0.992253  0.001437  -0.002869  -0.000882  0.180266  0.056922  0.023286  2.000000  
104.200886 0.000430  0.089817  -0.073820  0.986349  0.126018  -0.105999  -0.119574  0.990687  0.065122  0.113218  -0.051558  0.992232  0.001349  -0.002727  -0.000749  0.174249  0.061494  0.030561  2.000000  
104.202123 0.000430  0.089814  -0.073818  0.986349  0.126044  -0.105968  -0.119574  0.990671  0.065362  0.113218  -0.051799  0.992219  0.001218  -0.002560  -0.000531  0.171017  0.061167  0.037458  2.000000  
104.203369 0.000430  0.089812  -0.073817  0.986309  0.126268  -0.106071  -0.119775  0.990637  0.065520  0.113351  -0.051918  0.992198  0.001054  -0.002424  -0.000369  0.167762  0.060832  0.044345  2.000000  
104.204618 0.000430  0.089809  -0.073817  0.986309  0.126293  -0.106040  -0.119775  0.990621  0.065760  0.113351  -0.052159  0.992185  0.000841  -0.002286  -0.000340  0.167775  0.060826  0.044363  2.000000  
104.205620 0.000430  0.089808  -0.073817  0.986269  0.126517  -0.106143  -0.119977  0.990586  0.065918  0.113484  -0.052279  0.992163  0.000667  -0.002140  -0.000249  0.167149  0.064425  0.051035  2.000000  
104.206867 0.000430  0.089806  -0.073817  0.986269  0.126530  -0.106128  -0.119977  0.990578  0.066039  0.113484  -0.052399  0.992157  0.000543  -0.002009  -0.000180  0.167948  0.064086  0.057863  2.000000  
104.207868 0.000430  0.089805  -0.073817  0.986229  0.126767  -0.106215  -0.120178  0.990535  0.066317  0.113617  -0.052639  0.992129  0.000394  -0.001919  -0.000030  0.168773  0.063744  0.064706  2.000000  
104.208870 0.000430  0.089805  -0.073817  0.986229  0.126780  -0.106200  -0.120178  0.990527  0.066437  0.113617  -0.052759  0.992123  0.000299  -0.001850  0.000040  0.168700  0.063709  0.064686  2.000000  
104.209881 0.000429  0.089804  -0.073818  0.986229  0.126792  -0.106185  -0.120178  0.990519  0.066557  0.113617  -0.052880  0.992116  0.000204  -0.001732  0.000066  0.170844  0.063867  0.072083  2.000000  
104.210896 0.000428  0.089803  -0.073819  0.986205  0.126996  -0.106171  -0.120381  0.990493  0.066579  0.113617  -0.052880  0.992116  0.000084  -0.001631  0.000079  0.000000  0.000000  0.000000  2.000000  
104.212125 0.000428  0.089801  -0.073821  0.986205  0.127022  -0.106140  -0.120381  0.990476  0.066819  0.113617  -0.053120  0.992104  -0.000006  -0.001589  0.000044  0.000000  0.000000  0.000000  2.000000  
104.213376 0.000427  0.089799  -0.073822  0.986180  0.127239  -0.106111  -0.120584  0.990442  0.066961  0.113617  -0.053241  0.992097  -0.000126  -0.001538  -0.000046  0.000000  0.000000  0.000000  2.000000  
104.214622 0.000427  0.089798  -0.073822  0.986165  0.127259  -0.106227  -0.120582  0.990433  0.067098  0.113750  -0.053360  0.992075  -0.000180  -0.001475  -0.000064  0.000000  0.000000  0.000000  2.000000  
104.215622 0.000427  0.089796  -0.073822  0.986165  0.127272  -0.106212  -0.120582  0.990425  0.067218  0.113750  -0.053480  0.992069  -0.000232  -0.001408  -0.000178  0.000000  0.000000  0.000000  2.000000  
104.216875 0.000427  0.089795  -0.073823  0.986140  0.127489  -0.106182  -0.120785  0.990391  0.067360  0.113750  -0.053601  0.992062  -0.000225  -0.001324  -0.000319  0.000000  0.000000  0.000000  2.000000  
104.217885 0.000427  0.089794  -0.073823  0.986125  0.127496  -0.106314  -0.120783  0.990390  0.067376  0.113883  -0.053600  0.992047  -0.000193  -0.001243  -0.000351  0.000000  0.000000  0.000000  2.000000  
104.219123 0.000427  0.089792  -0.073823  0.986125  0.127521  -0.106283  -0.120783  0.990373  0.067616  0.113883  -0.053841  0.992034  -0.000178  -0.001191  -0.000391  0.000000  0.000000  0.000000  2.000000  
104.220369 0.000427  0.089791  -0.073824  0.986110  0.127541  -0.106400  -0.120781  0.990364  0.067752  0.114016  -0.053960  0.992012  -0.000202  -0.001155  -0.000499  0.000000  0.000000  0.000000  2.000000  
104.221625 0.000427  0.089791  -0.073825  0.986110  0.127554  -0.106384  -0.120781  0.990356  0.067872  0.114016  -0.054080  0.992006  -0.000199  -0.001073  -0.000541  0.000000  0.000000  0.000000  2.000000  
104.222867 0.000428  0.089790  -0.073825  0.986095  0.127562  -0.106516  -0.120780  0.990355  0.067889  0.114149  -0.054080  0.991991  -0.000137  -0.001013  -0.000555  0.000000  0.000000  0.000000  2.000000  
104.223871 0.000428  0.089790  -0.073825  0.986070  0.127778  -0.106486  -0.120983  0.990321  0.068031  0.114149  -0.054200  0.991984  -0.000125  -0.000957  -0.000500  0.000000  0.000000  0.000000  2.000000  
104.225118 0.000428  0.089791  -0.073826  0.986070  0.127791  -0.106471  -0.120983  0.990312  0.068151  0.114149  -0.054320  0.991978  -0.000037  -0.000854  -0.000450  0.000000  0.000000  0.000000  2.000000  
104.226368 0.000428  0.089791  -0.073828  0.986070  0.127791  -0.106471  -0.120983  0.990312  0.068151  0.114149  -0.054320  0.991978  -0.000002  -0.000754  -0.000476  0.000000  0.000000  0.000000  2.000000  
104.227369 0.000428  0.089791  -0.073828  0.986054  0.127811  -0.106587  -0.120981  0.990303  0.068287  0.114281  -0.054440  0.991956  0.000001  -0.000674  -0.000518  0.000000  0.000000  0.000000  2.000000  
104.228375 0.000428  0.089791  -0.073830  0.986054  0.127811  -0.106587  -0.120981  0.990303  0.068287  0.114281  -0.054440  0.991956  0.000012  -0.000518  -0.000548  0.000000  0.000000  0.000000  2.000000  
104.229633 0.000427  0.089791  -0.073831  0.986054  0.127824  -0.106572  -0.120981  0.990295  0.068407  0.114281  -0.054560  0.991949  0.000030  -0.000393  -0.000639  0.000000  0.000000  0.000000  2.000000  
104.230887 0.000427  0.089791  -0.073833  0.986054  0.127837  -0.106556  -0.120981  0.990287  0.068527  0.114281  -0.054680  0.991942  0.000015  -0.000279  -0.000736  0.000000  0.000000  0.000000  2.000000  
104.232123 0.000427  0.089792  -0.073835  0.986039  0.127845  -0.106688  -0.120979  0.990286  0.068543  0.114414  -0.054680  0.991927  0.000005  -0.000169  -0.000781  0.000000  0.000000  0.000000  2.000000  
104.233371 0.000427  0.089792  -0.073835  0.986024  0.127865  -0.106804  -0.120977  0.990277  0.068680  0.114547  -0.054799  0.991905  0.000029  -0.000039  -0.000810  0.000000  0.000000  0.000000  2.000000  
104.234620 0.000428  0.089792  -0.073835  0.986024  0.127878  -0.106789  -0.120977  0.990268  0.068800  0.114547  -0.054919  0.991899  0.000043  0.000034  -0.000734  0.000000  0.000000  0.000000  2.000000  
104.235621 0.000428  0.089793  -0.073835  0.986009  0.127885  -0.106920  -0.120975  0.990267  0.068816  0.114680  -0.054919  0.991883  0.000102  0.000097  -0.000654  0.000000  0.000000  0.000000  2.000000  
104.236873 0.000429  0.089793  -0.073835  0.986009  0.127898  -0.106905  -0.120975  0.990259  0.068936  0.114680  -0.055039  0.991877  0.000105  0.000177  -0.000695  0.000000  0.000000  0.000000  2.000000  
104.238123 0.000429  0.089793  -0.073836  0.985994  0.127918  -0.107021  -0.120973  0.990250  0.069072  0.114813  -0.055158  0.991855  0.000050  0.000217  -0.000726  0.000000  0.000000  0.000000  2.000000  
104.239367 0.000428  0.089794  -0.073837  0.985953  0.128129  -0.107138  -0.121174  0.990222  0.069111  0.114946  -0.055157  0.991839  0.000026  0.000275  -0.000730  0.000000  0.000000  0.000000  2.000000  
104.240369 0.000428  0.089795  -0.073837  0.985953  0.128142  -0.107123  -0.121174  0.990214  0.069231  0.114946  -0.055278  0.991833  -0.000013  0.000279  -0.000694  0.000000  0.000000  0.000000  2.000000  
104.241369 0.000428  0.089796  -0.073838  0.985938  0.128150  -0.107255  -0.121172  0.990213  0.069247  0.115079  -0.055277  0.991817  -0.000005  0.000357  -0.000683  0.000000  0.000000  0.000000  2.000000  
104.242618 0.000428  0.089797  -0.073838  0.985938  0.128150  -0.107255  -0.121172  0.990213  0.069247  0.115079  -0.055277  0.991817  -0.000004  0.000371  -0.000569  0.000000  0.000000  0.000000  2.000000  
104.243623 0.000428  0.089798  -0.073837  0.985923  0.128170  -0.107371  -0.121171  0.990204  0.069383  0.115212  -0.055396  0.991795  0.000016  0.000439  -0.000454  0.000000  0.000000  0.000000  2.000000  
104.244643 0.000428  0.089799  -0.073837  0.985898  0.128374  -0.107357  -0.121374  0.990177  0.069405  0.115212  -0.055396  0.991795  0.000038  0.000515  -0.000343  0.000000  0.000000  0.000000  2.000000  
104.245887 0.000428  0.089801  -0.073837  0.985883  0.128394  -0.107473  -0.121372  0.990168  0.069542  0.115345  -0.055516  0.991773  0.000040  0.000607  -0.000277  0.000000  0.000000  0.000000  2.000000  
104.247126 0.000428  0.089802  -0.073836  0.985883  0.128394  -0.107473  -0.121372  0.990168  0.069542  0.115345  -0.055516  0.991773  0.000035  0.000664  -0.000126  0.000000  0.000000  0.000000  2.000000  
104.248370 0.000429  0.089803  -0.073836  0.985842  0.128619  -0.107574  -0.121573  0.990132  0.069700  0.115478  -0.055635  0.991751  0.000093  0.000715  -0.000044  0.000000  0.000000  0.000000  2.000000  
104.249371 0.000429  0.089803  -0.073835  0.985827  0.128626  -0.107706  -0.121571  0.990131  0.069716  0.115611  -0.055634  0.991735  0.000089  0.000752  0.000006  0.000000  0.000000  0.000000  2.000000  
104.250371 0.000430  0.089804  -0.073834  0.985812  0.128647  -0.107822  -0.121569  0.990122  0.069853  0.115743  -0.055754  0.991713  0.000081  0.000764  0.000056  0.000000  0.000000  0.000000  2.000000  
104.251371 0.000430  0.089804  -0.073834  0.985771  0.128858  -0.107940  -0.121770  0.990095  0.069891  0.115876  -0.055753  0.991698  0.000081  0.000764  0.000056  0.000000  0.000000  0.000000  2.000000  
104.252621 0.000431  0.089805  -0.073832  0.985756  0.128878  -0.108056  -0.121768  0.990085  0.070028  0.116009  -0.055872  0.991675  0.000179  0.000776  0.000249  0.000000  0.000000  0.000000  2.000000  
104.253874 0.000432  0.089805  -0.073831  0.985715  0.129103  -0.108157  -0.121969  0.990049  0.070186  0.116142  -0.055992  0.991653  0.000242  0.000755  0.000425  0.000000  0.000000  0.000000  2.000000  
104.255119 0.000433  0.089805  -0.073829  0.985675  0.129314  -0.108274  -0.122170  0.990022  0.070225  0.116275  -0.055991  0.991638  0.000344  0.000694  0.000506  0.000000  0.000000  0.000000  2.000000  
104.256367 0.000434  0.089805  -0.073828  0.985659  0.129334  -0.108390  -0.122168  0.990012  0.070361  0.116408  -0.056110  0.991615  0.000386  0.000625  0.000667  0.000000  0.000000  0.000000  2.000000  
104.257369 0.000434  0.089806  -0.073827  0.985634  0.129538  -0.108376  -0.122371  0.989986  0.070383  0.116408  -0.056110  0.991615  0.000456  0.000595  0.000750  0.000000  0.000000  0.000000  2.000000  
104.258371 0.000435  0.089806  -0.073826  0.985593  0.129763  -0.108477  -0.122572  0.989949  0.070542  0.116541  -0.056230  0.991593  0.000486  0.000533  0.000807  0.000000  0.000000  0.000000  2.000000  
104.259373 0.000435  0.089806  -0.073825  0.985578  0.129770  -0.108609  -0.122570  0.989949  0.070559  0.116674  -0.056229  0.991577  0.000484  0.000453  0.000851  0.000000  0.000000  0.000000  2.000000  
104.260376 0.000436  0.089806  -0.073824  0.985553  0.129974  -0.108594  -0.122773  0.989922  0.070581  0.116674  -0.056229  0.991577  0.000513  0.000391  0.000907  0.000000  0.000000  0.000000  2.000000  
104.261631 0.000436  0.089806  -0.073823  0.985512  0.130198  -0.108696  -0.122974  0.989885  0.070740  0.116807  -0.056348  0.991555  0.000549  0.000305  0.000912  0.000000  0.000000  0.000000  2.000000  
104.262882 0.000437  0.089806  -0.073822  0.985455  0.130430  -0.108929  -0.123173  0.989848  0.070915  0.117072  -0.056467  0.991517  0.000612  0.000263  0.000984  0.000000  0.000000  0.000000  2.000000  
104.264123 0.000438  0.089806  -0.073820  0.985415  0.130642  -0.109046  -0.123374  0.989820  0.070954  0.117205  -0.056466  0.991501  0.000610  0.000182  0.001027  0.000000  0.000000  0.000000  2.000000  
104.265370 0.000439  0.089805  -0.073817  0.985348  0.131070  -0.109132  -0.123778  0.989757  0.071136  0.117338  -0.056585  0.991479  0.000603  0.000095  0.001104  0.000000  0.000000  0.000000  2.000000  
104.266372 0.000439  0.089805  -0.073816  0.985307  0.131281  -0.109249  -0.123979  0.989729  0.071175  0.117471  -0.056584  0.991463  0.000632  0.000064  0.001178  0.000000  0.000000  0.000000  2.000000  
104.267621 0.000440  0.089804  -0.073813  0.985266  0.131506  -0.109350  -0.124180  0.989692  0.071334  0.117604  -0.056704  0.991440  0.000597  -0.000044  0.001289  0.000000  0.000000  0.000000  2.000000  
104.268625 0.000440  0.089804  -0.073811  0.985225  0.131717  -0.109467  -0.124380  0.989664  0.071373  0.117737  -0.056703  0.991425  0.000586  -0.000094  0.001298  0.000000  0.000000  0.000000  2.000000  
104.269874 0.000441  0.089802  -0.073809  0.985142  0.132153  -0.109685  -0.124782  0.989599  0.071571  0.118002  -0.056821  0.991386  0.000512  -0.000190  0.001360  0.000000  0.000000  0.000000  2.000000  
104.270882 0.000441  0.089802  -0.073808  0.985101  0.132364  -0.109802  -0.124983  0.989571  0.071611  0.118135  -0.056820  0.991371  0.000490  -0.000239  0.001347  0.000000  0.000000  0.000000  2.000000  
104.272120 0.000441  0.089801  -0.073806  0.985059  0.132575  -0.109919  -0.125184  0.989543  0.071650  0.118268  -0.056819  0.991355  0.000476  -0.000292  0.001388  0.000000  0.000000  0.000000  2.000000  
104.273372 0.000441  0.089800  -0.073805  0.984976  0.133011  -0.110136  -0.125585  0.989478  0.071849  0.118534  -0.056938  0.991316  0.000429  -0.000365  0.001414  0.000000  0.000000  0.000000  2.000000  
104.274621 0.000442  0.089800  -0.073803  0.984909  0.133426  -0.110238  -0.125989  0.989422  0.071911  0.118667  -0.056937  0.991300  0.000406  -0.000410  0.001429  0.000000  0.000000  0.000000  2.000000  
104.275873 0.000442  0.089799  -0.073802  0.984825  0.133849  -0.110472  -0.126390  0.989365  0.071990  0.118932  -0.056935  0.991269  0.000392  -0.000462  0.001469  0.068646  0.110630  0.177003  2.000000  
104.276876 0.000442  0.089798  -0.073800  0.984783  0.134073  -0.110572  -0.126591  0.989328  0.072150  0.119065  -0.057054  0.991246  0.000333  -0.000505  0.001491  0.073480  0.114646  0.184001  2.000000  
104.277895 0.000442  0.089798  -0.073799  0.984715  0.134488  -0.110674  -0.126994  0.989271  0.072212  0.119198  -0.057053  0.991230  0.000299  -0.000528  0.001445  0.070792  0.115103  0.192238  2.000000  
104.279123 0.000442  0.089797  -0.073797  0.984647  0.134903  -0.110776  -0.127398  0.989215  0.072275  0.119331  -0.057053  0.991214  0.000252  -0.000602  0.001473  0.072495  0.114410  0.206101  2.000000  
104.280124 0.000442  0.089797  -0.073796  0.984589  0.135122  -0.111024  -0.127596  0.989185  0.072332  0.119597  -0.057051  0.991182  0.000246  -0.000598  0.001419  0.069271  0.118495  0.213215  2.000000  
104.281372 0.000442  0.089796  -0.073794  0.984505  0.135558  -0.111241  -0.127998  0.989119  0.072531  0.119862  -0.057169  0.991143  0.000168  -0.000609  0.001388  0.074238  0.122635  0.220430  2.000000  
104.282621 0.000442  0.089794  -0.073793  0.984436  0.135973  -0.111342  -0.128401  0.989062  0.072594  0.119995  -0.057168  0.991127  0.000141  -0.000654  0.001322  0.071804  0.121809  0.234102  2.000000  
104.283621 0.000442  0.089794  -0.073791  0.984351  0.136395  -0.111575  -0.128802  0.989004  0.072675  0.120261  -0.057166  0.991095  0.000118  -0.000671  0.001390  0.068590  0.125894  0.241222  2.000000  
104.284873 0.000442  0.089792  -0.073789  0.984266  0.136817  -0.111808  -0.129203  0.988946  0.072755  0.120526  -0.057164  0.991063  0.000085  -0.000690  0.001374  0.069439  0.129961  0.248271  2.000000  
104.285876 0.000442  0.089791  -0.073787  0.984224  0.137042  -0.111908  -0.129404  0.988907  0.072915  0.120659  -0.057284  0.991040  0.000085  -0.000690  0.001375  0.070266  0.134011  0.255369  2.000000  
104.287125 0.000442  0.089791  -0.073785  0.984111  0.137668  -0.112126  -0.130007  0.988821  0.073019  0.120925  -0.057282  0.991008  0.000081  -0.000677  0.001448  0.071963  0.137728  0.269358  2.000000  
104.288369 0.000442  0.089790  -0.073784  0.984026  0.138090  -0.112359  -0.130408  0.988762  0.073100  0.121191  -0.057280  0.990975  0.000059  -0.000714  0.001412  0.068206  0.140662  0.274242  2.000000  
104.289617 0.000442  0.089789  -0.073781  0.983940  0.138513  -0.112592  -0.130809  0.988703  0.073181  0.121456  -0.057278  0.990943  0.000032  -0.000737  0.001450  0.069082  0.144739  0.281317  2.000000  
104.290621 0.000442  0.089789  -0.073779  0.983870  0.138927  -0.112693  -0.131212  0.988645  0.073245  0.121589  -0.057277  0.990927  0.000027  -0.000725  0.001525  0.066463  0.145580  0.290617  2.000000  
104.291623 0.000443  0.089788  -0.073777  0.983810  0.139146  -0.112941  -0.131410  0.988614  0.073304  0.121855  -0.057275  0.990894  0.000060  -0.000705  0.001540  0.066756  0.152863  0.295462  2.000000  
104.292872 0.000442  0.089788  -0.073776  0.983713  0.139764  -0.113027  -0.132016  0.988527  0.073391  0.121987  -0.057274  0.990878  0.000032  -0.000718  0.001554  0.064415  0.147624  0.308843  2.000000  
104.293874 0.000443  0.089787  -0.073775  0.983653  0.139983  -0.113274  -0.132214  0.988496  0.073450  0.122253  -0.057272  0.990845  0.000065  -0.000698  0.001567  0.064440  0.156496  0.309277  2.000000  
104.295125 0.000442  0.089787  -0.073773  0.983555  0.140601  -0.113360  -0.132819  0.988408  0.073537  0.122386  -0.057272  0.990829  0.000036  -0.000648  0.001536  0.061779  0.152869  0.318400  2.000000  
104.296373 0.000442  0.089786  -0.073772  0.983468  0.141023  -0.113593  -0.133220  0.988348  0.073620  0.122651  -0.057270  0.990796  -0.000009  -0.000639  0.001519  0.062687  0.157003  0.325586  2.000000  
104.297625 0.000442  0.089785  -0.073770  0.983380  0.141445  -0.113825  -0.133620  0.988288  0.073702  0.122917  -0.057268  0.990763  0.000023  -0.000619  0.001533  0.059518  0.156565  0.332394  2.000000  
104.298875 0.000442  0.089784  -0.073767  0.983265  0.142057  -0.114060  -0.134223  0.988208  0.073688  0.123182  -0.057146  0.990737  0.000011  -0.000590  0.001531  0.056708  0.158982  0.343528  2.000000  
104.300121 0.000442  0.089783  -0.073765  0.983193  0.142471  -0.114161  -0.134626  0.988148  0.073753  0.123315  -0.057145  0.990721  0.000005  -0.000566  0.001583  0.053139  0.160259  0.346338  2.000000  
104.301124 0.000442  0.089782  -0.073763  0.983133  0.142690  -0.114408  -0.134824  0.988117  0.073813  0.123581  -0.057143  0.990688  0.000005  -0.000566  0.001583  0.053211  0.164763  0.346616  2.000000  
104.302371 0.000442  0.089781  -0.073761  0.983033  0.143308  -0.114494  -0.135429  0.988027  0.073901  0.123714  -0.057142  0.990671  -0.000028  -0.000585  0.001567  0.050034  0.159843  0.353183  2.000000  
104.303623 0.000441  0.089781  -0.073760  0.982961  0.143722  -0.114595  -0.135831  0.987967  0.073967  0.123846  -0.057141  0.990655  -0.000060  -0.000596  0.001527  0.050098  0.159901  0.353306  2.000000  
104.304872 0.000441  0.089780  -0.073758  0.982872  0.144144  -0.114827  -0.136231  0.987906  0.074050  0.124112  -0.057139  0.990622  -0.000104  -0.000587  0.001511  0.050169  0.159835  0.353148  2.000000  
104.305884 0.000440  0.089780  -0.073757  0.982799  0.144558  -0.114928  -0.136634  0.987845  0.074116  0.124245  -0.057138  0.990605  -0.000157  -0.000584  0.001464  0.046972  0.159390  0.359944  2.000000  
104.307119 0.000440  0.089779  -0.073754  0.982727  0.144973  -0.115028  -0.137036  0.987785  0.074181  0.124377  -0.057137  0.990589  -0.000181  -0.000598  0.001479  0.047032  0.159435  0.360038  2.000000  
104.308120 0.000440  0.089779  -0.073753  0.982682  0.145184  -0.115144  -0.137236  0.987754  0.074223  0.124510  -0.057136  0.990572  -0.000184  -0.000609  0.001505  0.046693  0.158129  0.357083  2.000000  
104.309371 0.000439  0.089779  -0.073752  0.982609  0.145584  -0.115263  -0.137638  0.987702  0.074169  0.124643  -0.057015  0.990562  -0.000208  -0.000551  0.001499  0.042718  0.153695  0.356801  2.000000  
104.310619 0.000439  0.089779  -0.073750  0.982535  0.145998  -0.115363  -0.138041  0.987641  0.074235  0.124776  -0.057014  0.990546  -0.000222  -0.000490  0.001524  0.038751  0.149247  0.356606  2.000000  
104.311624 0.000438  0.089778  -0.073749  0.982462  0.146412  -0.115464  -0.138443  0.987579  0.074301  0.124908  -0.057013  0.990529  -0.000293  -0.000525  0.001441  0.039129  0.150520  0.359642  2.000000  
104.312876 0.000437  0.089778  -0.073748  0.982388  0.146827  -0.115565  -0.138845  0.987518  0.074367  0.125041  -0.057012  0.990512  -0.000350  -0.000488  0.001424  0.039179  0.145956  0.359195  2.000000  
104.313890 0.000436  0.089777  -0.073747  0.982360  0.147030  -0.115549  -0.139047  0.987488  0.074391  0.125041  -0.057012  0.990512  -0.000379  -0.000459  0.001336  0.039208  0.136914  0.358503  2.000000  
104.315122 0.000435  0.089776  -0.073746  0.982286  0.147444  -0.115650  -0.139449  0.987426  0.074457  0.125174  -0.057011  0.990495  -0.000430  -0.000447  0.001267  0.038451  0.132902  0.351596  2.000000  
104.316371 0.000434  0.089776  -0.073745  0.982212  0.147858  -0.115750  -0.139851  0.987364  0.074524  0.125307  -0.057010  0.990479  -0.000494  -0.000406  0.001196  0.034444  0.128395  0.351345  2.000000  
104.317622 0.000434  0.089775  -0.073744  0.982137  0.148272  -0.115851  -0.140253  0.987302  0.074590  0.125439  -0.057009  0.990462  -0.000544  -0.000393  0.001125  0.034490  0.128397  0.351345  2.000000  
104.318624 0.000433  0.089775  -0.073743  0.982109  0.148489  -0.115817  -0.140456  0.987262  0.074734  0.125439  -0.057129  0.990455  -0.000589  -0.000384  0.001108  0.038269  0.122855  0.348169  2.000000  
104.319871 0.000431  0.089774  -0.073743  0.982034  0.148904  -0.115918  -0.140858  0.987200  0.074800  0.125572  -0.057128  0.990438  -0.000618  -0.000393  0.001023  0.038349  0.118439  0.348009  2.000000  
104.320882 0.000431  0.089774  -0.073742  0.981976  0.149310  -0.115887  -0.141262  0.987139  0.074848  0.125572  -0.057128  0.990438  -0.000636  -0.000361  0.000969  0.038383  0.109496  0.347377  2.000000  
104.321889 0.000430  0.089773  -0.073741  0.981930  0.149521  -0.116003  -0.141462  0.987107  0.074891  0.125705  -0.057127  0.990421  -0.000685  -0.000383  0.000915  0.037875  0.110754  0.343255  2.000000  
104.323119 0.000429  0.089773  -0.073741  0.981872  0.149927  -0.115972  -0.141866  0.987045  0.074938  0.125705  -0.057127  0.990421  -0.000724  -0.000365  0.000832  0.037098  0.102273  0.336201  2.000000  
104.324367 0.000427  0.089773  -0.073740  0.981797  0.150341  -0.116072  -0.142268  0.986982  0.075005  0.125838  -0.057126  0.990405  -0.000789  -0.000404  0.000803  0.037668  0.100985  0.340048  2.000000  
104.325367 0.000426  0.089772  -0.073740  0.981751  0.150552  -0.116188  -0.142467  0.986950  0.075048  0.125970  -0.057125  0.990388  -0.000822  -0.000444  0.000686  0.036889  0.096941  0.333041  2.000000  
104.326369 0.000426  0.089771  -0.073740  0.981721  0.150755  -0.116173  -0.142670  0.986919  0.075072  0.125970  -0.057125  0.990388  -0.000828  -0.000440  0.000633  0.036056  0.092878  0.325972  2.000000  
104.327617 0.000424  0.089771  -0.073740  0.981646  0.151183  -0.116254  -0.143071  0.986847  0.075259  0.126103  -0.057245  0.990364  -0.000911  -0.000447  0.000550  0.040169  0.088416  0.325752  2.000000  
104.328625 0.000423  0.089770  -0.073739  0.981587  0.151589  -0.116223  -0.143476  0.986785  0.075306  0.126103  -0.057245  0.990364  -0.000904  -0.000471  0.000499  0.043754  0.080573  0.321021  2.000000  
104.329898 0.000422  0.089769  -0.073739  0.981511  0.152003  -0.116323  -0.143877  0.986721  0.075374  0.126236  -0.057244  0.990347  -0.000924  -0.000474  0.000454  0.043755  0.080497  0.320714  2.000000  
104.331120 0.000421  0.089768  -0.073739  0.981452  0.152410  -0.116292  -0.144281  0.986658  0.075421  0.126236  -0.057244  0.990347  -0.000925  -0.000539  0.000384  0.044336  0.070613  0.324660  2.000000  
104.332121 0.000419  0.089767  -0.073739  0.981405  0.152634  -0.116389  -0.144481  0.986617  0.075584  0.126369  -0.057363  0.990323  -0.000980  -0.000564  0.000322  0.047559  0.070978  0.317821  2.000000  
104.333371 0.000418  0.089766  -0.073739  0.981329  0.153048  -0.116489  -0.144883  0.986553  0.075652  0.126501  -0.057362  0.990307  -0.000972  -0.000631  0.000306  0.047138  0.071977  0.313658  2.000000  
104.334372 0.000417  0.089765  -0.073739  0.981269  0.153454  -0.116458  -0.145287  0.986489  0.075700  0.126501  -0.057362  0.990307  -0.001027  -0.000658  0.000243  0.048021  0.067084  0.320219  2.000000  
