1-Time 2-Px 3-Py 4-Pz 5-R11 6-R21 7-R31 8-R12 9-R22 10-R32 11-R13 12-R23 13-R33 14-Vx 15-Vy 16-Vz 17-Wx 18-Wy 19-Wz 20-state 21-PR11 22-PR21 23-PR31 24-PR12 25-PR22 26-PR32 27-PR13 28-PR23 29-PR33 
35.793236 0.003158  0.092087  -0.013528  0.991462  0.127719  -0.026305  -0.126620  0.991148  0.039914  0.031170  -0.036242  0.998857  0.000333  0.000192  0.000217  0.000000  0.000000  0.000000  2.000000  
35.794237 0.003158  0.092087  -0.013529  0.991462  0.127719  -0.026305  -0.126620  0.991148  0.039914  0.031170  -0.036242  0.998857  0.000345  0.000189  0.000181  0.000000  0.000000  0.000000  2.000000  
35.795488 0.003158  0.092086  -0.013529  0.991357  0.128538  -0.026257  -0.127436  0.991038  0.040056  0.031170  -0.036363  0.998852  0.000311  0.000088  0.000124  0.000000  0.000000  0.000000  2.000000  
35.796733 0.003158  0.092083  -0.013530  0.991247  0.129362  -0.026341  -0.128252  0.990926  0.040215  0.031304  -0.036484  0.998844  0.000273  -0.000109  0.000075  0.000000  0.000000  0.000000  2.000000  
35.797990 0.003159  0.092081  -0.013530  0.991195  0.129774  -0.026308  -0.128660  0.990868  0.040346  0.031304  -0.036606  0.998839  0.000284  -0.000306  0.000017  0.000000  0.000000  0.000000  2.000000  
35.798990 0.003159  0.092078  -0.013530  0.991142  0.130182  -0.026292  -0.129068  0.990814  0.040356  0.031304  -0.036606  0.998839  0.000276  -0.000477  -0.000014  0.000000  0.000000  0.000000  2.000000  
35.799991 0.003160  0.092076  -0.013531  0.991084  0.130598  -0.026392  -0.129476  0.990755  0.040505  0.031438  -0.036727  0.998831  0.000341  -0.000598  -0.000043  0.000000  0.000000  0.000000  2.000000  
35.800993 0.003161  0.092075  -0.013530  0.990996  0.131222  -0.026616  -0.130087  0.990668  0.040676  0.031705  -0.036847  0.998818  0.000344  -0.000717  -0.000026  0.000000  0.000000  0.000000  2.000000  
35.802238 0.003162  0.092073  -0.013530  0.990853  0.132255  -0.026823  -0.131105  0.990526  0.040859  0.031972  -0.036968  0.998805  0.000367  -0.000862  -0.000038  0.000000  0.000000  0.000000  2.000000  
35.803241 0.003162  0.092072  -0.013531  0.990740  0.133079  -0.026905  -0.131921  0.990411  0.041018  0.032106  -0.037089  0.998796  0.000385  -0.000963  -0.000103  0.034219  0.024854  0.180794  2.000000  
35.804491 0.003163  0.092070  -0.013532  0.990595  0.134111  -0.027112  -0.132939  0.990267  0.041202  0.032374  -0.037210  0.998783  0.000414  -0.001068  -0.000205  0.039420  0.032560  0.215684  2.000000  
35.805737 0.003164  0.092070  -0.013534  0.990454  0.135139  -0.027185  -0.133958  0.990123  0.041368  0.032507  -0.037331  0.998774  0.000437  -0.001127  -0.000360  0.044621  0.035775  0.250454  2.000000  
35.807002 0.003166  0.092070  -0.013534  0.990311  0.136166  -0.027259  -0.134977  0.989978  0.041534  0.032641  -0.037452  0.998765  0.000538  -0.001124  -0.000376  0.049788  0.038955  0.284998  2.000000  
35.808236 0.003167  0.092069  -0.013534  0.990163  0.137199  -0.027464  -0.135995  0.989831  0.041718  0.032909  -0.037573  0.998752  0.000607  -0.001172  -0.000367  0.055034  0.046666  0.320020  2.000000  
35.809237 0.003167  0.092068  -0.013534  0.990046  0.138019  -0.027562  -0.136810  0.989717  0.041759  0.033042  -0.037573  0.998747  0.000613  -0.001271  -0.000396  0.055944  0.050138  0.347825  2.000000  
35.810243 0.003168  0.092067  -0.013535  0.989924  0.138847  -0.027776  -0.137624  0.989596  0.041939  0.033310  -0.037693  0.998734  0.000683  -0.001296  -0.000432  0.060947  0.058069  0.375728  2.000000  
35.811485 0.003169  0.092064  -0.013536  0.989769  0.139887  -0.028096  -0.138641  0.989440  0.042263  0.033711  -0.037935  0.998711  0.000765  -0.001270  -0.000422  0.070311  0.070235  0.410877  2.000000  
35.812735 0.003171  0.092062  -0.013535  0.989674  0.140512  -0.028317  -0.139251  0.989347  0.042437  0.033978  -0.038056  0.998698  0.000801  -0.001288  -0.000349  0.075123  0.078430  0.431969  2.000000  
35.813985 0.003172  0.092057  -0.013535  0.989545  0.141349  -0.028645  -0.140064  0.989219  0.042757  0.034379  -0.038298  0.998675  0.000819  -0.001432  -0.000346  0.084279  0.090838  0.460179  2.000000  
35.815238 0.003174  0.092052  -0.013536  0.989392  0.142384  -0.028831  -0.141081  0.989061  0.043064  0.034647  -0.038540  0.998656  0.000914  -0.001624  -0.000362  0.093631  0.098475  0.495073  2.000000  
35.816482 0.003177  0.092047  -0.013536  0.989295  0.143012  -0.029034  -0.141691  0.988961  0.043360  0.034914  -0.038782  0.998638  0.001066  -0.001834  -0.000385  0.102528  0.106615  0.516109  2.000000  
35.817484 0.003179  0.092042  -0.013536  0.989227  0.143433  -0.029263  -0.142097  0.988895  0.043530  0.035182  -0.038902  0.998623  0.001163  -0.002045  -0.000379  0.107126  0.115045  0.530243  2.000000  
35.818488 0.003180  0.092037  -0.013536  0.989159  0.143854  -0.029492  -0.142503  0.988829  0.043700  0.035449  -0.039023  0.998609  0.001197  -0.002328  -0.000365  0.111741  0.123487  0.544444  2.000000  
35.819492 0.003182  0.092031  -0.013537  0.989096  0.144270  -0.029589  -0.142910  0.988764  0.043851  0.035583  -0.039144  0.998600  0.001320  -0.002624  -0.000311  0.116397  0.127514  0.558828  2.000000  
35.820743 0.003185  0.092025  -0.013539  0.989028  0.144695  -0.029800  -0.143316  0.988692  0.044141  0.035850  -0.039386  0.998581  0.001439  -0.003059  -0.000353  0.124980  0.135793  0.572492  2.000000  
35.821996 0.003188  0.092018  -0.013540  0.988959  0.145119  -0.030011  -0.143721  0.988620  0.044432  0.036118  -0.039628  0.998562  0.001503  -0.003464  -0.000409  0.133625  0.144133  0.586456  2.000000  
35.823238 0.003190  0.092012  -0.013541  0.988920  0.145337  -0.030249  -0.143924  0.988583  0.044596  0.036385  -0.039749  0.998547  0.001571  -0.003886  -0.000476  0.138086  0.152900  0.594036  2.000000  
35.824487 0.003192  0.092005  -0.013542  0.988885  0.145550  -0.030354  -0.144126  0.988547  0.044742  0.036519  -0.039870  0.998537  0.001615  -0.004178  -0.000464  0.138132  0.157328  0.594250  2.000000  
35.825746 0.003194  0.091999  -0.013543  0.988880  0.145562  -0.030451  -0.144126  0.988536  0.045001  0.036653  -0.040112  0.998523  0.001667  -0.004509  -0.000467  0.145380  0.158267  0.566454  2.000000  
35.827003 0.003195  0.091992  -0.013543  0.988846  0.145775  -0.030557  -0.144329  0.988499  0.045146  0.036786  -0.040232  0.998513  0.001672  -0.004800  -0.000518  0.144691  0.163465  0.545844  2.000000  
35.828234 0.003196  0.091985  -0.013544  0.988816  0.145982  -0.030530  -0.144532  0.988464  0.045272  0.036786  -0.040354  0.998508  0.001656  -0.004994  -0.000604  0.144524  0.163742  0.539212  2.000000  
35.829238 0.003195  0.091979  -0.013544  0.988811  0.145991  -0.030644  -0.144531  0.988458  0.045412  0.036920  -0.040475  0.998498  0.001552  -0.005107  -0.000616  0.144102  0.168722  0.525635  2.000000  
35.830482 0.003196  0.091973  -0.013544  0.988811  0.145995  -0.030626  -0.144531  0.988452  0.045532  0.036920  -0.040596  0.998493  0.001403  -0.005208  -0.000539  0.142271  0.159144  0.500390  2.000000  
35.831485 0.003195  0.091967  -0.013543  0.988836  0.145800  -0.030750  -0.144327  0.988476  0.045664  0.037054  -0.040717  0.998483  0.001201  -0.005347  -0.000525  0.145462  0.155714  0.472785  2.000000  
35.832485 0.003195  0.091962  -0.013543  0.988831  0.145809  -0.030865  -0.144326  0.988469  0.045804  0.037187  -0.040837  0.998474  0.001027  -0.005399  -0.000510  0.144589  0.156740  0.445430  2.000000  
35.833733 0.003193  0.091955  -0.013543  0.988831  0.145813  -0.030847  -0.144326  0.988464  0.045924  0.037187  -0.040959  0.998469  0.000843  -0.005403  -0.000434  0.143471  0.149126  0.410870  2.000000  
35.834733 0.003193  0.091950  -0.013542  0.988826  0.145822  -0.030962  -0.144326  0.988458  0.046063  0.037321  -0.041079  0.998459  0.000659  -0.005398  -0.000302  0.142550  0.150132  0.383417  2.000000  
35.835742 0.003192  0.091944  -0.013542  0.988826  0.145826  -0.030944  -0.144326  0.988452  0.046183  0.037321  -0.041201  0.998454  0.000428  -0.005369  -0.000207  0.142516  0.148160  0.351803  2.000000  
35.836743 0.003191  0.091940  -0.013541  0.988856  0.145623  -0.030953  -0.144122  0.988482  0.046176  0.037321  -0.041201  0.998454  0.000195  -0.005335  -0.000084  0.137327  0.145084  0.317260  2.000000  
35.837995 0.003189  0.091933  -0.013542  0.988861  0.145621  -0.030804  -0.144123  0.988477  0.046277  0.037187  -0.041322  0.998454  -0.000090  -0.005359  -0.000061  0.136056  0.132849  0.282019  2.000000  
35.839237 0.003187  0.091926  -0.013544  0.988861  0.145625  -0.030786  -0.144123  0.988472  0.046397  0.037187  -0.041443  0.998449  -0.000361  -0.005371  -0.000119  0.134927  0.125245  0.247227  2.000000  
35.840490 0.003183  0.091919  -0.013546  0.988861  0.145628  -0.030768  -0.144123  0.988466  0.046517  0.037187  -0.041564  0.998444  -0.000693  -0.005435  -0.000216  0.133713  0.117579  0.212291  2.000000  
35.841738 0.003181  0.091913  -0.013549  0.988866  0.145623  -0.030636  -0.144124  0.988467  0.046497  0.037054  -0.041564  0.998449  -0.000954  -0.005382  -0.000360  0.128693  0.100700  0.183958  2.000000  
35.842989 0.003177  0.091907  -0.013551  0.988895  0.145423  -0.030628  -0.143920  0.988491  0.046611  0.037054  -0.041685  0.998443  -0.001204  -0.005300  -0.000461  0.000000  0.000000  0.000000  2.000000  
35.843993 0.003175  0.091903  -0.013552  0.988895  0.145427  -0.030610  -0.143920  0.988485  0.046731  0.037054  -0.041807  0.998438  -0.001401  -0.005177  -0.000531  0.000000  0.000000  0.000000  2.000000  
35.845234 0.003171  0.091898  -0.013554  0.988895  0.145431  -0.030593  -0.143920  0.988480  0.046851  0.037054  -0.041928  0.998433  -0.001588  -0.005061  -0.000677  0.000000  0.000000  0.000000  2.000000  
35.846488 0.003168  0.091893  -0.013558  0.988900  0.145429  -0.030443  -0.143921  0.988475  0.046951  0.036920  -0.042049  0.998433  -0.001832  -0.004928  -0.000960  0.000000  0.000000  0.000000  2.000000  
35.847734 0.003164  0.091887  -0.013560  0.988900  0.145432  -0.030425  -0.143921  0.988469  0.047071  0.036920  -0.042170  0.998428  -0.002043  -0.004842  -0.001118  0.000000  0.000000  0.000000  2.000000  
35.848738 0.003161  0.091884  -0.013562  0.988905  0.145427  -0.030293  -0.143921  0.988470  0.047052  0.036786  -0.042170  0.998433  -0.002230  -0.004701  -0.001317  0.000000  0.000000  0.000000  2.000000  
35.849996 0.003157  0.091880  -0.013564  0.988935  0.145227  -0.030285  -0.143718  0.988494  0.047166  0.036786  -0.042291  0.998428  -0.002431  -0.004545  -0.001525  0.000000  0.000000  0.000000  2.000000  
35.851234 0.003154  0.091877  -0.013566  0.988930  0.145236  -0.030400  -0.143717  0.988488  0.047305  0.036920  -0.042412  0.998418  -0.002501  -0.004368  -0.001635  0.000000  0.000000  0.000000  2.000000  
35.852239 0.003152  0.091874  -0.013568  0.988930  0.145236  -0.030400  -0.143717  0.988488  0.047305  0.036920  -0.042412  0.998418  -0.002563  -0.004162  -0.001748  0.000000  0.000000  0.000000  2.000000  
35.853245 0.003149  0.091872  -0.013570  0.988930  0.145240  -0.030382  -0.143717  0.988482  0.047425  0.036920  -0.042533  0.998413  -0.002616  -0.003947  -0.001863  0.000000  0.000000  0.000000  2.000000  
35.854489 0.003147  0.091869  -0.013572  0.988930  0.145240  -0.030382  -0.143717  0.988482  0.047425  0.036920  -0.042533  0.998413  -0.002611  -0.003658  -0.001849  0.000000  0.000000  0.000000  2.000000  
35.855737 0.003145  0.091866  -0.013575  0.988959  0.145040  -0.030374  -0.143514  0.988506  0.047538  0.036920  -0.042654  0.998407  -0.002587  -0.003394  -0.001863  0.000000  0.000000  0.000000  2.000000  
35.856743 0.003143  0.091864  -0.013577  0.988964  0.145034  -0.030242  -0.143514  0.988507  0.047519  0.036786  -0.042655  0.998412  -0.002512  -0.003202  -0.001921  0.000000  0.000000  0.000000  2.000000  
35.858000 0.003142  0.091862  -0.013580  0.988964  0.145038  -0.030224  -0.143514  0.988501  0.047639  0.036786  -0.042776  0.998407  -0.002333  -0.002936  -0.001958  0.000000  0.000000  0.000000  2.000000  
35.859237 0.003141  0.091860  -0.013583  0.988959  0.145044  -0.030357  -0.143514  0.988500  0.047658  0.036920  -0.042776  0.998402  -0.002168  -0.002724  -0.002044  0.000000  0.000000  0.000000  2.000000  
35.860237 0.003141  0.091859  -0.013585  0.988959  0.145047  -0.030339  -0.143514  0.988494  0.047778  0.036920  -0.042897  0.998397  -0.002016  -0.002528  -0.002048  0.000000  0.000000  0.000000  2.000000  
35.861483 0.003140  0.091858  -0.013588  0.988959  0.145051  -0.030321  -0.143514  0.988489  0.047898  0.036920  -0.043018  0.998392  -0.001844  -0.002347  -0.002064  0.000000  0.000000  0.000000  2.000000  
35.862486 0.003140  0.091857  -0.013592  0.988959  0.145055  -0.030304  -0.143514  0.988483  0.048018  0.036920  -0.043139  0.998387  -0.001599  -0.002110  -0.002136  0.000000  0.000000  0.000000  2.000000  
35.863486 0.003141  0.091856  -0.013595  0.988959  0.145055  -0.030304  -0.143514  0.988483  0.048018  0.036920  -0.043139  0.998387  -0.001330  -0.001927  -0.002210  0.000000  0.000000  0.000000  2.000000  
35.864488 0.003141  0.091854  -0.013597  0.988959  0.145059  -0.030286  -0.143514  0.988477  0.048138  0.036920  -0.043260  0.998381  -0.001138  -0.001783  -0.002268  0.000000  0.000000  0.000000  2.000000  
35.865733 0.003142  0.091854  -0.013600  0.988955  0.145068  -0.030401  -0.143513  0.988470  0.048277  0.037054  -0.043381  0.998371  -0.000869  -0.001615  -0.002332  0.000000  0.000000  0.000000  2.000000  
35.866998 0.003143  0.091854  -0.013603  0.988955  0.145072  -0.030383  -0.143513  0.988464  0.048397  0.037054  -0.043502  0.998366  -0.000576  -0.001371  -0.002361  0.000000  0.000000  0.000000  2.000000  
35.868009 0.003145  0.091855  -0.013604  0.988955  0.145075  -0.030366  -0.143513  0.988458  0.048517  0.037054  -0.043623  0.998361  -0.000303  -0.001146  -0.002325  0.000000  0.000000  0.000000  2.000000  
35.869240 0.003147  0.091855  -0.013606  0.988955  0.145075  -0.030366  -0.143513  0.988458  0.048517  0.037054  -0.043623  0.998361  -0.000041  -0.000959  -0.002300  0.000000  0.000000  0.000000  2.000000  
35.870494 0.003149  0.091857  -0.013608  0.988925  0.145282  -0.030338  -0.143716  0.988423  0.048643  0.037054  -0.043744  0.998355  0.000273  -0.000673  -0.002237  0.000000  0.000000  0.000000  2.000000  
35.871739 0.003151  0.091858  -0.013609  0.988920  0.145288  -0.030470  -0.143716  0.988422  0.048662  0.037187  -0.043744  0.998350  0.000518  -0.000416  -0.002140  0.000000  0.000000  0.000000  2.000000  
35.872989 0.003153  0.091860  -0.013610  0.988920  0.145292  -0.030453  -0.143716  0.988416  0.048782  0.037187  -0.043865  0.998345  0.000745  -0.000165  -0.002008  0.000000  0.000000  0.000000  2.000000  
35.874000 0.003155  0.091861  -0.013611  0.988890  0.145495  -0.030443  -0.143919  0.988386  0.048788  0.037187  -0.043865  0.998345  0.000943  0.000064  -0.001887  0.000000  0.000000  0.000000  2.000000  
35.875237 0.003158  0.091864  -0.013611  0.988890  0.145499  -0.030425  -0.143919  0.988380  0.048908  0.037187  -0.043986  0.998340  0.001124  0.000288  -0.001743  0.000000  0.000000  0.000000  2.000000  
35.876488 0.003160  0.091865  -0.013612  0.988890  0.145499  -0.030425  -0.143919  0.988380  0.048908  0.037187  -0.043986  0.998340  0.001319  0.000527  -0.001583  0.000000  0.000000  0.000000  2.000000  
35.877824 0.003161  0.091866  -0.013612  0.988890  0.145499  -0.030425  -0.143919  0.988380  0.048908  0.037187  -0.043986  0.998340  0.001399  0.000690  -0.001308  0.000000  0.000000  0.000000  2.000000  
35.878995 0.003164  0.091868  -0.013614  0.988861  0.145706  -0.030397  -0.144123  0.988344  0.049034  0.037187  -0.044107  0.998334  0.001566  0.000919  -0.001226  0.000000  0.000000  0.000000  2.000000  
35.880236 0.003165  0.091869  -0.013616  0.988861  0.145706  -0.030397  -0.144123  0.988344  0.049034  0.037187  -0.044107  0.998334  0.001571  0.000984  -0.001107  0.000000  0.000000  0.000000  2.000000  
35.881485 0.003166  0.091870  -0.013617  0.988831  0.145913  -0.030369  -0.144326  0.988308  0.049161  0.037187  -0.044228  0.998329  0.001562  0.001061  -0.001034  0.000000  0.000000  0.000000  2.000000  
35.882737 0.003167  0.091870  -0.013619  0.988831  0.145917  -0.030352  -0.144326  0.988302  0.049280  0.037187  -0.044349  0.998324  0.001521  0.001038  -0.001017  0.000000  0.000000  0.000000  2.000000  
35.883738 0.003167  0.091870  -0.013621  0.988801  0.146124  -0.030324  -0.144530  0.988266  0.049407  0.037187  -0.044471  0.998318  0.001442  0.001013  -0.001029  0.000000  0.000000  0.000000  2.000000  
35.885009 0.003168  0.091870  -0.013623  0.988796  0.146130  -0.030456  -0.144529  0.988265  0.049426  0.037321  -0.044470  0.998313  0.001316  0.000929  -0.001047  0.000000  0.000000  0.000000  2.000000  
35.886243 0.003167  0.091870  -0.013625  0.988796  0.146134  -0.030438  -0.144529  0.988259  0.049546  0.037321  -0.044591  0.998308  0.001132  0.000828  -0.001080  0.000000  0.000000  0.000000  2.000000  
35.887494 0.003167  0.091870  -0.013627  0.988796  0.146134  -0.030438  -0.144529  0.988259  0.049546  0.037321  -0.044591  0.998308  0.000966  0.000700  -0.001139  0.000000  0.000000  0.000000  2.000000  
35.888740 0.003167  0.091869  -0.013629  0.988767  0.146341  -0.030410  -0.144733  0.988223  0.049672  0.037321  -0.044712  0.998303  0.000790  0.000521  -0.001246  0.000000  0.000000  0.000000  2.000000  
35.889999 0.003166  0.091869  -0.013631  0.988767  0.146341  -0.030410  -0.144733  0.988223  0.049672  0.037321  -0.044712  0.998303  0.000593  0.000367  -0.001323  0.000000  0.000000  0.000000  2.000000  
35.891236 0.003165  0.091868  -0.013632  0.988767  0.146341  -0.030410  -0.144733  0.988223  0.049672  0.037321  -0.044712  0.998303  0.000342  0.000192  -0.001349  0.000000  0.000000  0.000000  2.000000  
35.892238 0.003165  0.091868  -0.013633  0.988767  0.146341  -0.030410  -0.144733  0.988223  0.049672  0.037321  -0.044712  0.998303  0.000256  0.000117  -0.001439  0.000000  0.000000  0.000000  2.000000  
35.893487 0.003164  0.091867  -0.013634  0.988767  0.146341  -0.030410  -0.144733  0.988223  0.049672  0.037321  -0.044712  0.998303  -0.000004  -0.000081  -0.001385  0.000000  0.000000  0.000000  2.000000  
35.894737 0.003163  0.091865  -0.013636  0.988767  0.146345  -0.030393  -0.144733  0.988217  0.049792  0.037321  -0.044834  0.998297  -0.000153  -0.000256  -0.001427  0.000000  0.000000  0.000000  2.000000  
35.895988 0.003162  0.091864  -0.013637  0.988732  0.146554  -0.030514  -0.144936  0.988186  0.049817  0.037455  -0.044833  0.998292  -0.000248  -0.000369  -0.001371  0.000000  0.000000  0.000000  2.000000  
35.896999 0.003161  0.091862  -0.013638  0.988732  0.146554  -0.030514  -0.144936  0.988186  0.049817  0.037455  -0.044833  0.998292  -0.000381  -0.000521  -0.001379  0.000000  0.000000  0.000000  2.000000  
35.898235 0.003160  0.091861  -0.013641  0.988762  0.146351  -0.030525  -0.144732  0.988216  0.049811  0.037455  -0.044833  0.998292  -0.000450  -0.000635  -0.001396  0.000000  0.000000  0.000000  2.000000  
35.899235 0.003159  0.091859  -0.013643  0.988762  0.146351  -0.030525  -0.144732  0.988216  0.049811  0.037455  -0.044833  0.998292  -0.000536  -0.000756  -0.001400  0.000000  0.000000  0.000000  2.000000  
35.900482 0.003159  0.091857  -0.013644  0.988762  0.146354  -0.030507  -0.144732  0.988210  0.049931  0.037455  -0.044954  0.998287  -0.000591  -0.000851  -0.001385  0.000000  0.000000  0.000000  2.000000  
35.901487 0.003158  0.091856  -0.013646  0.988762  0.146354  -0.030507  -0.144732  0.988210  0.049931  0.037455  -0.044954  0.998287  -0.000605  -0.000922  -0.001386  0.000000  0.000000  0.000000  2.000000  
35.902490 0.003158  0.091855  -0.013648  0.988762  0.146354  -0.030507  -0.144732  0.988210  0.049931  0.037455  -0.044954  0.998287  -0.000616  -0.000973  -0.001432  0.000000  0.000000  0.000000  2.000000  
35.903738 0.003158  0.091854  -0.013650  0.988762  0.146354  -0.030507  -0.144732  0.988210  0.049931  0.037455  -0.044954  0.998287  -0.000599  -0.001019  -0.001414  0.000000  0.000000  0.000000  2.000000  
35.904761 0.003158  0.091853  -0.013653  0.988757  0.146364  -0.030621  -0.144731  0.988203  0.050070  0.037589  -0.045075  0.998276  -0.000569  -0.001087  -0.001492  0.000000  0.000000  0.000000  2.000000  
35.905999 0.003158  0.091852  -0.013655  0.988757  0.146364  -0.030621  -0.144731  0.988203  0.050070  0.037589  -0.045075  0.998276  -0.000456  -0.001089  -0.001545  0.000000  0.000000  0.000000  2.000000  
35.907003 0.003159  0.091851  -0.013657  0.988757  0.146364  -0.030621  -0.144731  0.988203  0.050070  0.037589  -0.045075  0.998276  -0.000424  -0.001118  -0.001609  0.000000  0.000000  0.000000  2.000000  
35.908237 0.003159  0.091851  -0.013659  0.988757  0.146364  -0.030621  -0.144731  0.988203  0.050070  0.037589  -0.045075  0.998276  -0.000323  -0.001056  -0.001653  0.000000  0.000000  0.000000  2.000000  
35.909238 0.003160  0.091851  -0.013661  0.988757  0.146364  -0.030621  -0.144731  0.988203  0.050070  0.037589  -0.045075  0.998276  -0.000201  -0.001004  -0.001732  0.000000  0.000000  0.000000  2.000000  
35.910486 0.003161  0.091851  -0.013662  0.988757  0.146364  -0.030621  -0.144731  0.988203  0.050070  0.037589  -0.045075  0.998276  -0.000093  -0.000892  -0.001728  0.000000  0.000000  0.000000  2.000000  
35.911490 0.003162  0.091852  -0.013663  0.988727  0.146567  -0.030611  -0.144935  0.988173  0.050076  0.037589  -0.045075  0.998276  0.000052  -0.000754  -0.001670  0.000000  0.000000  0.000000  2.000000  
35.912735 0.003164  0.091852  -0.013664  0.988722  0.146573  -0.030743  -0.144934  0.988172  0.050096  0.037722  -0.045075  0.998271  0.000217  -0.000595  -0.001629  0.000000  0.000000  0.000000  2.000000  
35.913999 0.003165  0.091853  -0.013665  0.988722  0.146573  -0.030743  -0.144934  0.988172  0.050096  0.037722  -0.045075  0.998271  0.000397  -0.000425  -0.001549  0.000000  0.000000  0.000000  2.000000  
35.915238 0.003167  0.091854  -0.013666  0.988722  0.146573  -0.030743  -0.144934  0.988172  0.050096  0.037722  -0.045075  0.998271  0.000577  -0.000225  -0.001489  0.000000  0.000000  0.000000  2.000000  
35.916483 0.003169  0.091856  -0.013668  0.988722  0.146573  -0.030743  -0.144934  0.988172  0.050096  0.037722  -0.045075  0.998271  0.000715  -0.000050  -0.001425  0.000000  0.000000  0.000000  2.000000  
35.917485 0.003171  0.091857  -0.013668  0.988722  0.146573  -0.030743  -0.144934  0.988172  0.050096  0.037722  -0.045075  0.998271  0.000838  0.000127  -0.001312  0.000000  0.000000  0.000000  2.000000  
35.918486 0.003172  0.091858  -0.013669  0.988687  0.146783  -0.030865  -0.145137  0.988141  0.050122  0.037856  -0.045075  0.998266  0.000943  0.000275  -0.001254  0.000000  0.000000  0.000000  2.000000  
35.919490 0.003174  0.091860  -0.013670  0.988687  0.146783  -0.030865  -0.145137  0.988141  0.050122  0.037856  -0.045075  0.998266  0.001070  0.000472  -0.001187  0.000000  0.000000  0.000000  2.000000  
35.920739 0.003176  0.091862  -0.013672  0.988687  0.146783  -0.030865  -0.145137  0.988141  0.050122  0.037856  -0.045075  0.998266  0.001226  0.000658  -0.001129  0.000000  0.000000  0.000000  2.000000  
35.921739 0.003178  0.091863  -0.013673  0.988687  0.146783  -0.030865  -0.145137  0.988141  0.050122  0.037856  -0.045075  0.998266  0.001294  0.000806  -0.001099  0.000000  0.000000  0.000000  2.000000  
35.922989 0.003180  0.091864  -0.013675  0.988657  0.146986  -0.030855  -0.145341  0.988111  0.050128  0.037856  -0.045075  0.998266  0.001377  0.000887  -0.001103  0.000000  0.000000  0.000000  2.000000  
35.923990 0.003182  0.091866  -0.013676  0.988657  0.146986  -0.030855  -0.145341  0.988111  0.050128  0.037856  -0.045075  0.998266  0.001440  0.001012  -0.001029  0.000000  0.000000  0.000000  2.000000  
35.925236 0.003183  0.091867  -0.013678  0.988652  0.146992  -0.030987  -0.145340  0.988110  0.050147  0.037990  -0.045075  0.998261  0.001507  0.001104  -0.001080  0.000000  0.000000  0.000000  2.000000  
35.926237 0.003185  0.091868  -0.013679  0.988622  0.147196  -0.030977  -0.145543  0.988080  0.050154  0.037990  -0.045075  0.998261  0.001563  0.001149  -0.001079  0.000000  0.000000  0.000000  2.000000  
35.927239 0.003187  0.091869  -0.013680  0.988622  0.147196  -0.030977  -0.145543  0.988080  0.050154  0.037990  -0.045075  0.998261  0.001585  0.001198  -0.001069  0.000000  0.000000  0.000000  2.000000  
35.928485 0.003189  0.091871  -0.013681  0.988622  0.147196  -0.030977  -0.145543  0.988080  0.050154  0.037990  -0.045075  0.998261  0.001619  0.001245  -0.001095  0.000000  0.000000  0.000000  2.000000  
35.929733 0.003191  0.091872  -0.013682  0.988587  0.147405  -0.031098  -0.145746  0.988049  0.050180  0.038123  -0.045074  0.998256  0.001643  0.001225  -0.001085  0.000000  0.000000  0.000000  2.000000  
35.930733 0.003192  0.091873  -0.013683  0.988587  0.147405  -0.031098  -0.145746  0.988049  0.050180  0.038123  -0.045074  0.998256  0.001648  0.001197  -0.001114  0.000000  0.000000  0.000000  2.000000  
35.931738 0.003194  0.091874  -0.013684  0.988557  0.147608  -0.031088  -0.145950  0.988018  0.050186  0.038123  -0.045074  0.998256  0.001658  0.001174  -0.001106  0.000000  0.000000  0.000000  2.000000  
35.932987 0.003196  0.091875  -0.013685  0.988552  0.147614  -0.031220  -0.145949  0.988017  0.050205  0.038257  -0.045074  0.998251  0.001651  0.001130  -0.001115  0.000000  0.000000  0.000000  2.000000  
35.933992 0.003198  0.091875  -0.013685  0.988552  0.147614  -0.031220  -0.145949  0.988017  0.050205  0.038257  -0.045074  0.998251  0.001639  0.001079  -0.001061  0.000000  0.000000  0.000000  2.000000  
35.935009 0.003199  0.091876  -0.013686  0.988517  0.147824  -0.031342  -0.146152  0.987986  0.050231  0.038391  -0.045074  0.998246  0.001600  0.001011  -0.000989  0.000000  0.000000  0.000000  2.000000  
35.936244 0.003200  0.091876  -0.013687  0.988517  0.147824  -0.031342  -0.146152  0.987986  0.050231  0.038391  -0.045074  0.998246  0.001545  0.000915  -0.000974  0.000000  0.000000  0.000000  2.000000  
35.937491 0.003202  0.091877  -0.013688  0.988487  0.148027  -0.031332  -0.146355  0.987956  0.050238  0.038391  -0.045074  0.998246  0.001508  0.000848  -0.000903  0.000000  0.000000  0.000000  2.000000  
35.938739 0.003203  0.091877  -0.013689  0.988452  0.148236  -0.031453  -0.146558  0.987924  0.050264  0.038524  -0.045074  0.998241  0.001483  0.000778  -0.000868  0.000000  0.000000  0.000000  2.000000  
35.939991 0.003204  0.091877  -0.013690  0.988452  0.148236  -0.031453  -0.146558  0.987924  0.050264  0.038524  -0.045074  0.998241  0.001423  0.000661  -0.000807  0.000000  0.000000  0.000000  2.000000  
35.940992 0.003205  0.091877  -0.013691  0.988421  0.148440  -0.031443  -0.146761  0.987894  0.050270  0.038524  -0.045074  0.998241  0.001378  0.000601  -0.000804  0.000000  0.000000  0.000000  2.000000  
35.941994 0.003206  0.091877  -0.013691  0.988416  0.148446  -0.031575  -0.146761  0.987893  0.050290  0.038658  -0.045073  0.998235  0.001312  0.000509  -0.000753  0.000000  0.000000  0.000000  2.000000  
35.943237 0.003207  0.091877  -0.013692  0.988386  0.148649  -0.031565  -0.146964  0.987862  0.050296  0.038658  -0.045073  0.998235  0.001255  0.000415  -0.000738  0.000000  0.000000  0.000000  2.000000  
35.944484 0.003208  0.091876  -0.013694  0.988356  0.148853  -0.031554  -0.147168  0.987832  0.050303  0.038658  -0.045073  0.998235  0.001181  0.000292  -0.000777  0.000000  0.000000  0.000000  2.000000  
35.945486 0.003209  0.091876  -0.013695  0.988351  0.148859  -0.031687  -0.147167  0.987831  0.050323  0.038792  -0.045073  0.998230  0.001136  0.000224  -0.000783  0.000000  0.000000  0.000000  2.000000  
35.946735 0.003210  0.091876  -0.013696  0.988320  0.149066  -0.031658  -0.147370  0.987794  0.050449  0.038792  -0.045194  0.998225  0.001023  0.000123  -0.000782  0.000000  0.000000  0.000000  2.000000  
35.947988 0.003210  0.091875  -0.013697  0.988285  0.149275  -0.031780  -0.147573  0.987762  0.050475  0.038926  -0.045194  0.998220  0.000922  -0.000024  -0.000817  0.000000  0.000000  0.000000  2.000000  
35.948991 0.003211  0.091875  -0.013698  0.988254  0.149478  -0.031769  -0.147777  0.987732  0.050482  0.038926  -0.045194  0.998220  0.000876  -0.000049  -0.000823  0.000000  0.000000  0.000000  2.000000  
35.950238 0.003211  0.091874  -0.013698  0.988224  0.149682  -0.031759  -0.147980  0.987701  0.050488  0.038926  -0.045194  0.998220  0.000793  -0.000170  -0.000804  0.000000  0.000000  0.000000  2.000000  
35.951488 0.003211  0.091873  -0.013699  0.988219  0.149688  -0.031891  -0.147979  0.987700  0.050508  0.039059  -0.045194  0.998214  0.000677  -0.000241  -0.000811  0.000000  0.000000  0.000000  2.000000  
35.952489 0.003211  0.091873  -0.013700  0.988188  0.149891  -0.031881  -0.148183  0.987669  0.050515  0.039059  -0.045194  0.998214  0.000644  -0.000287  -0.000785  0.000000  0.000000  0.000000  2.000000  
35.953491 0.003211  0.091872  -0.013700  0.988153  0.150100  -0.032002  -0.148385  0.987637  0.050541  0.039193  -0.045194  0.998209  0.000539  -0.000365  -0.000783  0.000000  0.000000  0.000000  2.000000  
35.954743 0.003211  0.091871  -0.013701  0.988122  0.150304  -0.031992  -0.148589  0.987606  0.050548  0.039193  -0.045194  0.998209  0.000454  -0.000412  -0.000749  0.000000  0.000000  0.000000  2.000000  
35.955990 0.003211  0.091871  -0.013701  0.988086  0.150513  -0.032114  -0.148791  0.987574  0.050574  0.039327  -0.045193  0.998204  0.000405  -0.000428  -0.000719  0.000000  0.000000  0.000000  2.000000  
35.957002 0.003211  0.091870  -0.013702  0.988056  0.150716  -0.032103  -0.148995  0.987543  0.050581  0.039327  -0.045193  0.998204  0.000318  -0.000459  -0.000705  0.000000  0.000000  0.000000  2.000000  
35.958237 0.003212  0.091870  -0.013703  0.988020  0.150926  -0.032225  -0.149197  0.987512  0.050607  0.039460  -0.045193  0.998199  0.000259  -0.000436  -0.000706  0.000000  0.000000  0.000000  2.000000  
35.959238 0.003211  0.091870  -0.013704  0.987989  0.151133  -0.032196  -0.149401  0.987474  0.050734  0.039460  -0.045314  0.998193  0.000208  -0.000436  -0.000698  0.000000  0.000000  0.000000  2.000000  
35.960488 0.003211  0.091870  -0.013705  0.987953  0.151342  -0.032318  -0.149603  0.987442  0.050760  0.039594  -0.045314  0.998188  0.000146  -0.000434  -0.000653  0.000000  0.000000  0.000000  2.000000  
35.961490 0.003211  0.091869  -0.013705  0.987953  0.151342  -0.032318  -0.149603  0.987442  0.050760  0.039594  -0.045314  0.998188  0.000095  -0.000434  -0.000644  0.000000  0.000000  0.000000  2.000000  
35.962734 0.003211  0.091869  -0.013707  0.987886  0.151755  -0.032429  -0.150009  0.987379  0.050794  0.039728  -0.045314  0.998183  0.000056  -0.000437  -0.000673  0.000000  0.000000  0.000000  2.000000  
35.963736 0.003211  0.091868  -0.013707  0.987886  0.151759  -0.032410  -0.150009  0.987373  0.050913  0.039728  -0.045435  0.998177  0.000036  -0.000411  -0.000645  0.000000  0.000000  0.000000  2.000000  
35.964737 0.003212  0.091868  -0.013708  0.987855  0.151962  -0.032400  -0.150213  0.987342  0.050920  0.039728  -0.045435  0.998177  0.000027  -0.000387  -0.000653  0.000000  0.000000  0.000000  2.000000  
35.965738 0.003211  0.091867  -0.013708  0.987819  0.152171  -0.032522  -0.150415  0.987309  0.050947  0.039861  -0.045435  0.998172  -0.000015  -0.000411  -0.000637  0.000000  0.000000  0.000000  2.000000  
35.967000 0.003212  0.091867  -0.013709  0.987752  0.152588  -0.032614  -0.150821  0.987239  0.051100  0.039995  -0.045555  0.998161  0.000027  -0.000387  -0.000653  0.000000  0.000000  0.000000  2.000000  
35.968009 0.003212  0.091867  -0.013710  0.987721  0.152791  -0.032604  -0.151025  0.987208  0.051107  0.039995  -0.045555  0.998161  0.000058  -0.000361  -0.000634  0.000000  0.000000  0.000000  2.000000  
35.969237 0.003213  0.091866  -0.013711  0.987684  0.153000  -0.032725  -0.151227  0.987176  0.051134  0.040129  -0.045555  0.998156  0.000069  -0.000358  -0.000660  0.000000  0.000000  0.000000  2.000000  
35.970239 0.003213  0.091866  -0.013711  0.987648  0.153213  -0.032828  -0.151430  0.987137  0.051281  0.040263  -0.045676  0.998145  0.000101  -0.000338  -0.000652  0.000000  0.000000  0.000000  2.000000  
35.971487 0.003213  0.091866  -0.013712  0.987617  0.153417  -0.032817  -0.151633  0.987105  0.051287  0.040263  -0.045676  0.998145  0.000110  -0.000335  -0.000677  0.000000  0.000000  0.000000  2.000000  
35.972488 0.003214  0.091865  -0.013712  0.987580  0.153630  -0.032920  -0.151835  0.987067  0.051434  0.040396  -0.045797  0.998134  0.000151  -0.000338  -0.000660  0.000000  0.000000  0.000000  2.000000  
35.973738 0.003214  0.091865  -0.013713  0.987512  0.154042  -0.033031  -0.152241  0.987002  0.051468  0.040530  -0.045797  0.998128  0.000188  -0.000329  -0.000622  0.031591  0.054732  0.182483  2.000000  
35.974992 0.003215  0.091865  -0.013714  0.987475  0.154256  -0.033134  -0.152444  0.986963  0.051615  0.040664  -0.045917  0.998117  0.000230  -0.000332  -0.000604  0.035679  0.054699  0.182413  2.000000  
35.976236 0.003215  0.091865  -0.013714  0.987407  0.154672  -0.033226  -0.152849  0.986893  0.051769  0.040797  -0.046038  0.998106  0.000287  -0.000275  -0.000557  0.035682  0.058387  0.188030  2.000000  
35.977239 0.003216  0.091865  -0.013715  0.987376  0.154875  -0.033215  -0.153053  0.986861  0.051775  0.040797  -0.046038  0.998106  0.000303  -0.000283  -0.000603  0.035971  0.058861  0.189555  2.000000  
35.978485 0.003216  0.091865  -0.013715  0.987339  0.155088  -0.033317  -0.153255  0.986822  0.051922  0.040931  -0.046159  0.998095  0.000317  -0.000250  -0.000538  0.040018  0.058053  0.194853  2.000000  
35.979737 0.003217  0.091865  -0.013716  0.987270  0.155505  -0.033409  -0.153661  0.986750  0.052076  0.041065  -0.046280  0.998084  0.000359  -0.000227  -0.000555  0.044714  0.062695  0.203574  2.000000  
35.980986 0.003217  0.091864  -0.013717  0.987233  0.155714  -0.033530  -0.153863  0.986717  0.052104  0.041198  -0.046280  0.998079  0.000389  -0.000201  -0.000536  0.044384  0.062195  0.201948  2.000000  
35.981991 0.003218  0.091864  -0.013718  0.987196  0.155928  -0.033633  -0.154066  0.986678  0.052251  0.041332  -0.046400  0.998067  0.000393  -0.000181  -0.000581  0.048827  0.067170  0.203767  2.000000  
35.983237 0.003218  0.091864  -0.013719  0.987127  0.156344  -0.033724  -0.154471  0.986606  0.052405  0.041466  -0.046521  0.998056  0.000399  -0.000184  -0.000591  0.052783  0.066305  0.208986  2.000000  
35.984238 0.003218  0.091864  -0.013719  0.987089  0.156557  -0.033826  -0.154674  0.986567  0.052552  0.041599  -0.046642  0.998045  0.000391  -0.000160  -0.000599  0.056843  0.070751  0.209206  2.000000  
35.985488 0.003219  0.091863  -0.013720  0.987020  0.156974  -0.033918  -0.155079  0.986495  0.052707  0.041733  -0.046763  0.998034  0.000395  -0.000160  -0.000625  0.061695  0.071001  0.217832  2.000000  
35.986491 0.003219  0.091863  -0.013721  0.986983  0.157183  -0.034039  -0.155281  0.986462  0.052735  0.041867  -0.046763  0.998028  0.000402  -0.000163  -0.000636  0.061984  0.075167  0.224921  2.000000  
35.987743 0.003220  0.091862  -0.013722  0.986913  0.157604  -0.034111  -0.155687  0.986383  0.053009  0.042000  -0.047004  0.998011  0.000414  -0.000166  -0.000672  0.070168  0.079651  0.225190  2.000000  
35.988744 0.003220  0.091862  -0.013723  0.986876  0.157813  -0.034232  -0.155889  0.986350  0.053036  0.042134  -0.047004  0.998006  0.000371  -0.000189  -0.000655  0.066397  0.079311  0.232083  2.000000  
35.989995 0.003220  0.091862  -0.013724  0.986806  0.158229  -0.034322  -0.156295  0.986277  0.053191  0.042268  -0.047125  0.997994  0.000383  -0.000191  -0.000691  0.070751  0.083444  0.239129  2.000000  
35.991237 0.003221  0.091862  -0.013725  0.986768  0.158447  -0.034405  -0.156497  0.986231  0.053458  0.042401  -0.047367  0.997977  0.000352  -0.000218  -0.000711  0.078966  0.083449  0.239235  2.000000  
35.992238 0.003221  0.091861  -0.013726  0.986698  0.158859  -0.034515  -0.156902  0.986164  0.053493  0.042535  -0.047366  0.997972  0.000366  -0.000240  -0.000726  0.079247  0.087600  0.246290  2.000000  
35.993490 0.003222  0.091861  -0.013726  0.986654  0.159083  -0.034729  -0.157104  0.986117  0.053782  0.042802  -0.047608  0.997949  0.000329  -0.000267  -0.000720  0.083373  0.092049  0.246517  2.000000  
35.994733 0.003222  0.091861  -0.013727  0.986584  0.159500  -0.034819  -0.157509  0.986043  0.053937  0.042936  -0.047729  0.997937  0.000335  -0.000265  -0.000745  0.087045  0.095429  0.251594  2.000000  
35.995737 0.003222  0.091861  -0.013728  0.986513  0.159916  -0.034909  -0.157914  0.985970  0.054092  0.043070  -0.047850  0.997926  0.000321  -0.000244  -0.000729  0.091393  0.095079  0.258411  2.000000  
35.996739 0.003223  0.091860  -0.013729  0.986475  0.160130  -0.035011  -0.158116  0.985930  0.054240  0.043204  -0.047970  0.997914  0.000330  -0.000267  -0.000721  0.091943  0.096207  0.253783  2.000000  
35.997991 0.003223  0.091860  -0.013729  0.986398  0.160553  -0.035233  -0.158521  0.985855  0.054416  0.043471  -0.048091  0.997897  0.000309  -0.000241  -0.000693  0.095562  0.104005  0.258999  2.000000  
35.999236 0.003223  0.091860  -0.013730  0.986327  0.160974  -0.035303  -0.158926  0.985775  0.054691  0.043605  -0.048333  0.997879  0.000324  -0.000263  -0.000709  0.103916  0.103593  0.265715  2.000000  
36.000488 0.003224  0.091859  -0.013731  0.986250  0.161401  -0.035505  -0.159330  0.985693  0.054987  0.043872  -0.048574  0.997856  0.000324  -0.000263  -0.000709  0.108308  0.107684  0.272809  2.000000  
36.001488 0.003224  0.091859  -0.013731  0.986179  0.161818  -0.035594  -0.159735  0.985619  0.055143  0.044006  -0.048695  0.997844  0.000304  -0.000237  -0.000682  0.113318  0.108559  0.275072  2.000000  
36.002489 0.003224  0.091859  -0.013732  0.986140  0.162031  -0.035695  -0.159937  0.985577  0.055291  0.044139  -0.048816  0.997832  0.000324  -0.000263  -0.000709  0.113345  0.113028  0.275321  2.000000  
36.003491 0.003225  0.091859  -0.013733  0.986068  0.162452  -0.035765  -0.160342  0.985496  0.055566  0.044273  -0.049057  0.997814  0.000349  -0.000239  -0.000665  0.121805  0.112643  0.282182  2.000000  
36.004740 0.003226  0.091859  -0.013734  0.985990  0.162880  -0.035966  -0.160747  0.985414  0.055863  0.044540  -0.049299  0.997790  0.000349  -0.000239  -0.000666  0.126258  0.116778  0.289380  2.000000  
36.005993 0.003226  0.091858  -0.013734  0.985918  0.163301  -0.036035  -0.161152  0.985332  0.056138  0.044674  -0.049541  0.997773  0.000332  -0.000232  -0.000618  0.130335  0.116692  0.289315  2.000000  
36.007002 0.003227  0.091858  -0.013734  0.985846  0.163717  -0.036124  -0.161557  0.985257  0.056294  0.044808  -0.049661  0.997761  0.000356  -0.000207  -0.000573  0.134693  0.120804  0.296367  2.000000  
36.008237 0.003227  0.091857  -0.013734  0.985767  0.164149  -0.036304  -0.161960  0.985166  0.056711  0.045075  -0.050024  0.997730  0.000367  -0.000250  -0.000547  0.143254  0.124937  0.303628  2.000000  
36.009239 0.003228  0.091857  -0.013734  0.985728  0.164363  -0.036404  -0.162162  0.985125  0.056859  0.045209  -0.050145  0.997718  0.000393  -0.000225  -0.000500  0.147359  0.124909  0.303610  2.000000  
36.010240 0.003228  0.091857  -0.013735  0.985649  0.164791  -0.036605  -0.162566  0.985041  0.057157  0.045476  -0.050386  0.997694  0.000401  -0.000249  -0.000491  0.151803  0.129018  0.310769  2.000000  
36.011490 0.003229  0.091857  -0.013735  0.985542  0.165415  -0.036661  -0.163174  0.984924  0.057440  0.045610  -0.050628  0.997676  0.000421  -0.000220  -0.000436  0.156219  0.128624  0.317691  2.000000  
36.012734 0.003229  0.091857  -0.013735  0.985463  0.165842  -0.036860  -0.163578  0.984839  0.057738  0.045877  -0.050869  0.997651  0.000418  -0.000241  -0.000391  0.159323  0.136088  0.322392  2.000000  
