1-Time 2-Px 3-Py 4-Pz 5-R11 6-R21 7-R31 8-R12 9-R22 10-R32 11-R13 12-R23 13-R33 14-Vx 15-Vy 16-Vz 17-Wx 18-Wy 19-Wz 20-state 21-PR11 22-PR21 23-PR31 24-PR12 25-PR22 26-PR32 27-PR13 28-PR23 29-PR33 
69.902196 0.011372  0.093984  -0.011420  0.993104  0.112153  0.034152  -0.113553  0.992634  0.042228  -0.029164  -0.045815  0.998524  0.000102  0.000434  0.000902  0.000000  0.000000  0.000000  2.000000  
69.903198 0.011372  0.093985  -0.011419  0.993104  0.112153  0.034152  -0.113553  0.992634  0.042228  -0.029164  -0.045815  0.998524  0.000133  0.000462  0.000923  0.000000  0.000000  0.000000  2.000000  
69.904445 0.011374  0.093985  -0.011418  0.993006  0.112961  0.034333  -0.114370  0.992537  0.042305  -0.029298  -0.045936  0.998515  0.000270  0.000467  0.000981  0.000000  0.000000  0.000000  2.000000  
69.905454 0.011377  0.093985  -0.011416  0.992955  0.113359  0.034497  -0.114778  0.992486  0.042396  -0.029431  -0.046057  0.998505  0.000460  0.000471  0.001032  0.000000  0.000000  0.000000  2.000000  
69.906691 0.011381  0.093985  -0.011414  0.992876  0.113955  0.034802  -0.115391  0.992412  0.042464  -0.029699  -0.046177  0.998492  0.000735  0.000396  0.001110  0.000000  0.000000  0.000000  2.000000  
69.907939 0.011386  0.093984  -0.011413  0.992821  0.114348  0.035099  -0.115799  0.992361  0.042539  -0.029966  -0.046298  0.998478  0.001035  0.000314  0.001110  0.000000  0.000000  0.000000  2.000000  
69.909189 0.011392  0.093984  -0.011411  0.992753  0.114958  0.035020  -0.116412  0.992280  0.042774  -0.029833  -0.046540  0.998471  0.001438  0.000292  0.001187  0.000000  0.000000  0.000000  2.000000  
69.910442 0.011399  0.093985  -0.011408  0.992685  0.115573  0.034928  -0.117026  0.992202  0.042888  -0.029699  -0.046662  0.998469  0.001820  0.000324  0.001291  0.000000  0.000000  0.000000  2.000000  
69.911688 0.011406  0.093986  -0.011405  0.992564  0.116586  0.035000  -0.118048  0.992072  0.043093  -0.029699  -0.046904  0.998458  0.002336  0.000313  0.001453  0.000000  0.000000  0.000000  2.000000  
69.912936 0.011414  0.093987  -0.011401  0.992438  0.117596  0.035192  -0.119069  0.991947  0.043161  -0.029833  -0.047025  0.998448  0.002868  0.000322  0.001578  0.035460  -0.030811  0.178580  2.000000  
69.914189 0.011422  0.093989  -0.011398  0.992331  0.118392  0.035521  -0.119885  0.991841  0.043341  -0.030100  -0.047267  0.998429  0.003449  0.000415  0.001735  0.042766  -0.041101  0.205777  2.000000  
69.915190 0.011430  0.093991  -0.011394  0.992228  0.119198  0.035704  -0.120702  0.991739  0.043416  -0.030234  -0.047388  0.998419  0.003966  0.000512  0.001937  0.046026  -0.046914  0.233293  2.000000  
69.916195 0.011439  0.093993  -0.011388  0.992121  0.119998  0.036019  -0.121518  0.991637  0.043474  -0.030501  -0.047508  0.998405  0.004541  0.000645  0.002230  0.049227  -0.057185  0.260411  2.000000  
69.917439 0.011449  0.093996  -0.011380  0.991991  0.121003  0.036226  -0.122538  0.991503  0.043661  -0.030635  -0.047750  0.998389  0.005168  0.000809  0.002675  0.055889  -0.062833  0.292438  2.000000  
69.918448 0.011459  0.093999  -0.011375  0.991890  0.121815  0.036277  -0.123355  0.991398  0.043751  -0.030635  -0.047872  0.998384  0.005817  0.000981  0.003001  0.059556  -0.064618  0.322251  2.000000  
69.919692 0.011470  0.094002  -0.011368  0.991788  0.122623  0.036343  -0.124172  0.991286  0.043962  -0.030635  -0.048114  0.998372  0.006426  0.001143  0.003317  0.066889  -0.065967  0.349920  2.000000  
69.920693 0.011480  0.094004  -0.011361  0.991711  0.123226  0.036400  -0.124784  0.991200  0.044180  -0.030635  -0.048356  0.998360  0.006861  0.001310  0.003689  0.074410  -0.066977  0.370581  2.000000  
69.921938 0.011491  0.094006  -0.011354  0.991604  0.124027  0.036599  -0.125601  0.991088  0.044374  -0.030769  -0.048598  0.998344  0.007263  0.001398  0.003972  0.081731  -0.072841  0.398105  2.000000  
69.922939 0.011501  0.094006  -0.011349  0.991500  0.124830  0.036681  -0.126417  0.990969  0.044704  -0.030769  -0.048961  0.998327  0.007700  0.001497  0.004277  0.093132  -0.074226  0.425732  2.000000  
69.924187 0.011514  0.094006  -0.011344  0.991391  0.125626  0.036896  -0.127233  0.990851  0.045017  -0.030903  -0.049324  0.998305  0.008105  0.001467  0.004480  0.104517  -0.080123  0.453200  2.000000  
69.925191 0.011524  0.094007  -0.011339  0.991282  0.126426  0.037096  -0.128049  0.990737  0.045210  -0.031036  -0.049566  0.998289  0.008536  0.001449  0.004693  0.111820  -0.086000  0.480668  2.000000  
69.926192 0.011535  0.094006  -0.011334  0.991225  0.126814  0.037293  -0.128456  0.990669  0.045538  -0.031170  -0.049929  0.998266  0.008787  0.001359  0.004785  0.123547  -0.091202  0.494034  2.000000  
69.927442 0.011547  0.094005  -0.011329  0.991142  0.127406  0.037500  -0.129068  0.990575  0.045859  -0.031304  -0.050292  0.998244  0.009128  0.001210  0.004923  0.134895  -0.097105  0.521393  2.000000  
69.928687 0.011559  0.094003  -0.011325  0.991088  0.127800  0.037565  -0.129476  0.990506  0.046204  -0.031304  -0.050656  0.998225  0.009397  0.000987  0.005022  0.146736  -0.097889  0.535306  2.000000  
69.929937 0.011572  0.094001  -0.011320  0.991004  0.128391  0.037773  -0.130088  0.990410  0.046523  -0.031438  -0.051019  0.998203  0.009627  0.000658  0.004989  0.158310  -0.103490  0.555830  2.000000  
69.931193 0.011585  0.093999  -0.011316  0.990923  0.128989  0.037849  -0.130700  0.990314  0.046860  -0.031438  -0.051382  0.998184  0.009763  0.000398  0.004830  0.169892  -0.104588  0.576471  2.000000  
69.932436 0.011597  0.093998  -0.011311  0.990870  0.129383  0.037915  -0.131108  0.990244  0.047205  -0.031438  -0.051745  0.998165  0.009837  0.000082  0.004586  0.180308  -0.104560  0.585741  2.000000  
69.933688 0.011608  0.093996  -0.011306  0.990838  0.129566  0.038104  -0.131311  0.990201  0.047540  -0.031571  -0.052108  0.998142  0.009832  -0.000249  0.004469  0.192307  -0.104636  0.585547  2.000000  
69.934693 0.011618  0.093995  -0.011301  0.990811  0.129761  0.038145  -0.131515  0.990162  0.047772  -0.031571  -0.052350  0.998130  0.009817  -0.000539  0.004383  0.198529  -0.100077  0.569752  2.000000  
69.935696 0.011627  0.093994  -0.011297  0.990753  0.130152  0.038329  -0.131922  0.990098  0.047979  -0.031705  -0.052592  0.998113  0.009829  -0.000735  0.004314  0.202727  -0.099832  0.562788  2.000000  
69.936943 0.011637  0.093991  -0.011292  0.990726  0.130347  0.038371  -0.132126  0.990060  0.048212  -0.031705  -0.052834  0.998100  0.009734  -0.000967  0.004163  0.202888  -0.090655  0.556366  2.000000  
69.938191 0.011645  0.093988  -0.011286  0.990698  0.130541  0.038412  -0.132330  0.990021  0.048444  -0.031705  -0.053076  0.998087  0.009472  -0.001242  0.004125  0.205272  -0.085575  0.552119  2.000000  
69.939444 0.011653  0.093985  -0.011280  0.990698  0.130527  0.038460  -0.132330  0.990003  0.048804  -0.031705  -0.053440  0.998068  0.009109  -0.001458  0.004105  0.215967  -0.089507  0.528692  2.000000  
69.940689 0.011661  0.093982  -0.011274  0.990698  0.130518  0.038491  -0.132330  0.989992  0.049044  -0.031705  -0.053682  0.998055  0.008736  -0.001640  0.004116  0.216854  -0.092737  0.500820  2.000000  
69.941939 0.011667  0.093978  -0.011269  0.990698  0.130504  0.038539  -0.132330  0.989974  0.049405  -0.031705  -0.054045  0.998035  0.008276  -0.001862  0.004112  0.226151  -0.091145  0.466430  2.000000  
69.942942 0.011672  0.093975  -0.011266  0.990698  0.130495  0.038571  -0.132330  0.989962  0.049645  -0.031705  -0.054287  0.998022  0.007998  -0.001918  0.004093  0.226707  -0.085693  0.445806  2.000000  
69.944193 0.011677  0.093971  -0.011262  0.990698  0.130485  0.038602  -0.132330  0.989950  0.049885  -0.031705  -0.054529  0.998009  0.007406  -0.002079  0.004077  0.231744  -0.075014  0.411621  2.000000  
69.945451 0.011681  0.093966  -0.011260  0.990698  0.130476  0.038634  -0.132330  0.989937  0.050125  -0.031705  -0.054771  0.997995  0.006814  -0.002301  0.003972  0.236778  -0.064325  0.377438  2.000000  
69.946685 0.011684  0.093961  -0.011258  0.990726  0.130263  0.038655  -0.132126  0.989952  0.050373  -0.031705  -0.055013  0.997982  0.006271  -0.002543  0.003782  0.236004  -0.057706  0.340499  2.000000  
69.947687 0.011686  0.093956  -0.011256  0.990726  0.130253  0.038687  -0.132126  0.989940  0.050613  -0.031705  -0.055255  0.997969  0.005801  -0.002742  0.003622  0.243103  -0.051975  0.309015  2.000000  
69.948934 0.011688  0.093951  -0.011255  0.990726  0.130244  0.038718  -0.132126  0.989928  0.050853  -0.031705  -0.055498  0.997955  0.005119  -0.003036  0.003304  0.241965  -0.050202  0.279061  2.000000  
69.949936 0.011689  0.093946  -0.011254  0.990753  0.130031  0.038739  -0.131922  0.989942  0.051102  -0.031705  -0.055740  0.997942  0.004599  -0.003212  0.003102  0.246832  -0.048821  0.251613  2.000000  
69.951190 0.011690  0.093941  -0.011252  0.990780  0.129818  0.038760  -0.131719  0.989956  0.051350  -0.031705  -0.055982  0.997928  0.003942  -0.003415  0.002891  0.243635  -0.047461  0.224188  2.000000  
69.952200 0.011690  0.093937  -0.011250  0.990784  0.129816  0.038660  -0.131719  0.989943  0.051607  -0.031571  -0.056224  0.997919  0.003363  -0.003599  0.002688  0.242693  -0.037130  0.192000  2.000000  
69.953474 0.011690  0.093932  -0.011246  0.990807  0.129595  0.038813  -0.131515  0.989958  0.051838  -0.031705  -0.056466  0.997901  0.002784  -0.003712  0.002534  0.243416  -0.035302  0.157236  2.000000  
69.954691 0.011689  0.093926  -0.011244  0.990807  0.129586  0.038844  -0.131515  0.989945  0.052078  -0.031705  -0.056708  0.997887  0.002221  -0.003902  0.002303  0.236625  -0.029071  0.123116  2.000000  
69.955694 0.011689  0.093922  -0.011241  0.990807  0.129576  0.038876  -0.131515  0.989933  0.052318  -0.031705  -0.056950  0.997873  0.001850  -0.004021  0.002168  0.237033  -0.023870  0.109528  2.000000  
69.956941 0.011689  0.093917  -0.011238  0.990834  0.129363  0.038896  -0.131311  0.989947  0.052566  -0.031705  -0.057192  0.997860  0.001406  -0.004088  0.002020  0.233863  -0.017931  0.082155  2.000000  
69.957943 0.011689  0.093914  -0.011235  0.990834  0.129353  0.038928  -0.131311  0.989934  0.052807  -0.031705  -0.057434  0.997846  0.001104  -0.004111  0.002027  0.230240  -0.017210  0.068342  2.000000  
69.959190 0.011689  0.093910  -0.011231  0.990861  0.129140  0.038948  -0.131107  0.989948  0.053055  -0.031705  -0.057676  0.997832  0.000829  -0.004088  0.002080  0.228948  -0.011512  0.047458  2.000000  
69.960438 0.011690  0.093907  -0.011227  0.990892  0.128935  0.038836  -0.130903  0.989960  0.053320  -0.031571  -0.057919  0.997822  0.000624  -0.003946  0.002192  0.225861  -0.005578  0.020311  2.000000  
69.961443 0.011691  0.093905  -0.011224  0.990892  0.128925  0.038867  -0.130903  0.989947  0.053561  -0.031571  -0.058161  0.997808  0.000503  -0.003783  0.002296  0.224225  -0.004490  -0.000247  2.000000  
69.962450 0.011692  0.093902  -0.011221  0.990888  0.128908  0.039031  -0.130903  0.989935  0.053783  -0.031705  -0.058402  0.997790  0.000425  -0.003666  0.002369  0.224377  -0.004108  -0.007151  2.000000  
69.963686 0.011694  0.093898  -0.011217  0.990888  0.128899  0.039062  -0.130903  0.989922  0.054023  -0.031705  -0.058645  0.997775  0.000441  -0.003563  0.002534  0.218781  -0.003693  -0.013945  2.000000  
69.964687 0.011696  0.093896  -0.011214  0.990911  0.128682  0.039199  -0.130698  0.989943  0.054134  -0.031839  -0.058765  0.997764  0.000479  -0.003393  0.002644  0.215208  -0.007383  -0.027895  2.000000  
69.965687 0.011698  0.093894  -0.011212  0.990911  0.128673  0.039230  -0.130698  0.989930  0.054374  -0.031839  -0.059007  0.997750  0.000559  -0.003304  0.002745  0.215669  -0.002156  -0.041352  2.000000  
69.966942 0.011701  0.093891  -0.011209  0.990911  0.128663  0.039261  -0.130698  0.989917  0.054614  -0.031839  -0.059249  0.997735  0.000750  -0.003173  0.002742  0.215828  -0.001761  -0.048189  2.000000  
69.968190 0.011705  0.093887  -0.011206  0.990911  0.128654  0.039293  -0.130698  0.989904  0.054855  -0.031839  -0.059491  0.997721  0.000994  -0.003042  0.002733  0.216049  -0.001363  -0.055039  2.000000  
69.969193 0.011708  0.093884  -0.011204  0.990911  0.128644  0.039324  -0.130698  0.989890  0.055095  -0.031839  -0.059733  0.997706  0.001252  -0.002913  0.002712  0.213772  -0.001358  -0.055498  2.000000  
69.970202 0.011712  0.093882  -0.011202  0.990911  0.128635  0.039355  -0.130698  0.989877  0.055335  -0.031839  -0.059976  0.997692  0.001531  -0.002749  0.002723  0.213698  -0.001344  -0.055479  2.000000  
69.971210 0.011715  0.093879  -0.011200  0.990911  0.128625  0.039386  -0.130698  0.989863  0.055575  -0.031839  -0.060218  0.997677  0.001787  -0.002639  0.002721  0.213640  -0.001330  -0.055464  2.000000  
69.972446 0.011721  0.093877  -0.011197  0.990907  0.128603  0.039565  -0.130697  0.989844  0.055918  -0.031972  -0.060580  0.997651  0.002166  -0.002540  0.002674  0.216055  -0.005756  -0.055297  2.000000  
69.973689 0.011726  0.093874  -0.011193  0.990907  0.128593  0.039597  -0.130697  0.989831  0.056158  -0.031972  -0.060822  0.997636  0.002511  -0.002448  0.002640  0.217837  -0.005790  -0.055754  2.000000  
69.974689 0.011731  0.093873  -0.011189  0.990907  0.128583  0.039628  -0.130697  0.989817  0.056398  -0.031972  -0.061064  0.997622  0.002812  -0.002382  0.002685  0.217849  -0.005777  -0.055759  2.000000  
69.975692 0.011736  0.093872  -0.011184  0.990907  0.128574  0.039659  -0.130697  0.989803  0.056638  -0.031972  -0.061306  0.997607  0.003128  -0.002263  0.002826  0.217815  -0.005762  -0.055752  2.000000  
69.976939 0.011743  0.093872  -0.011178  0.990907  0.128564  0.039690  -0.130697  0.989789  0.056878  -0.031972  -0.061548  0.997592  0.003480  -0.002093  0.002942  0.217606  -0.006153  -0.048852  2.000000  
69.978188 0.011750  0.093871  -0.011173  0.990880  0.128758  0.039733  -0.130901  0.989749  0.057110  -0.031972  -0.061790  0.997577  0.003805  -0.001909  0.003085  0.215605  -0.006493  -0.041606  2.000000  
69.979190 0.011755  0.093871  -0.011168  0.990880  0.128749  0.039764  -0.130901  0.989735  0.057350  -0.031972  -0.062032  0.997562  0.004059  -0.001745  0.003220  0.217157  -0.006943  -0.035046  2.000000  
69.980436 0.011762  0.093870  -0.011163  0.990880  0.128739  0.039796  -0.130901  0.989721  0.057590  -0.031972  -0.062274  0.997547  0.004264  -0.001625  0.003324  0.215448  -0.006880  -0.034772  2.000000  
69.981441 0.011767  0.093870  -0.011158  0.990853  0.128933  0.039839  -0.131105  0.989681  0.057822  -0.031972  -0.062516  0.997532  0.004467  -0.001453  0.003466  0.216747  -0.012237  -0.021513  2.000000  
69.982442 0.011772  0.093870  -0.011153  0.990853  0.128923  0.039870  -0.131105  0.989667  0.058062  -0.031972  -0.062758  0.997516  0.004642  -0.001276  0.003636  0.219022  -0.012133  -0.021340  2.000000  
69.983688 0.011779  0.093870  -0.011148  0.990821  0.129109  0.040046  -0.131309  0.989627  0.058277  -0.032106  -0.063000  0.997497  0.004855  -0.001047  0.003830  0.214817  -0.012964  -0.007658  2.000000  
69.984688 0.011785  0.093870  -0.011143  0.990821  0.129099  0.040077  -0.131309  0.989613  0.058517  -0.032106  -0.063242  0.997482  0.005001  -0.000902  0.003979  0.218575  -0.012946  -0.007650  2.000000  
69.985695 0.011790  0.093869  -0.011138  0.990821  0.129095  0.040093  -0.131309  0.989606  0.058637  -0.032106  -0.063363  0.997474  0.005148  -0.000737  0.004223  0.212182  -0.013048  -0.007715  2.000000  
69.986945 0.011797  0.093868  -0.011134  0.990794  0.129284  0.040152  -0.131513  0.989558  0.058989  -0.032106  -0.063726  0.997451  0.005262  -0.000594  0.004301  0.215823  -0.013883  0.006085  2.000000  
69.988190 0.011803  0.093867  -0.011129  0.990767  0.129478  0.040195  -0.131717  0.989517  0.059220  -0.032106  -0.063968  0.997435  0.005259  -0.000532  0.004390  0.215434  -0.014729  0.019891  2.000000  
69.989445 0.011810  0.093866  -0.011124  0.990767  0.129463  0.040242  -0.131717  0.989495  0.059580  -0.032106  -0.064331  0.997412  0.005324  -0.000452  0.004385  0.219453  -0.019219  0.019607  2.000000  
69.990445 0.011815  0.093866  -0.011121  0.990740  0.129657  0.040286  -0.131921  0.989454  0.059812  -0.032106  -0.064573  0.997396  0.005315  -0.000475  0.004284  0.219032  -0.020074  0.033409  2.000000  
69.991445 0.011820  0.093864  -0.011117  0.990740  0.129647  0.040318  -0.131921  0.989440  0.060052  -0.032106  -0.064815  0.997381  0.005310  -0.000524  0.004190  0.223077  -0.015590  0.033677  2.000000  
69.992447 0.011824  0.093863  -0.011115  0.990717  0.129855  0.040213  -0.132125  0.989404  0.060182  -0.031972  -0.064936  0.997377  0.005218  -0.000589  0.004076  0.217042  -0.011443  0.040528  2.000000  
69.993688 0.011830  0.093861  -0.011110  0.990717  0.129840  0.040261  -0.132125  0.989382  0.060542  -0.031972  -0.065299  0.997353  0.005168  -0.000674  0.004044  0.222916  -0.011550  0.040860  2.000000  
69.994947 0.011835  0.093859  -0.011106  0.990690  0.130034  0.040305  -0.132329  0.989341  0.060773  -0.031972  -0.065541  0.997338  0.005083  -0.000764  0.003939  0.222399  -0.007930  0.054925  2.000000  
69.996190 0.011840  0.093857  -0.011101  0.990690  0.130024  0.040336  -0.132329  0.989326  0.061013  -0.031972  -0.065783  0.997322  0.004983  -0.000826  0.003866  0.222460  -0.007946  0.054938  2.000000  
69.997435 0.011844  0.093856  -0.011097  0.990690  0.130019  0.040352  -0.132329  0.989319  0.061133  -0.031972  -0.065904  0.997314  0.004820  -0.000924  0.003749  0.216586  -0.007890  0.054484  2.000000  
69.998442 0.011848  0.093855  -0.011093  0.990663  0.130213  0.040396  -0.132533  0.989277  0.061365  -0.031972  -0.066146  0.997298  0.004654  -0.001027  0.003723  0.218190  -0.008405  0.061845  2.000000  
69.999684 0.011852  0.093854  -0.011089  0.990663  0.130208  0.040412  -0.132533  0.989270  0.061485  -0.031972  -0.066267  0.997290  0.004505  -0.001064  0.003658  0.212456  -0.008351  0.061365  2.000000  
70.000687 0.011855  0.093853  -0.011085  0.990663  0.130203  0.040428  -0.132533  0.989262  0.061605  -0.031972  -0.066388  0.997282  0.004331  -0.001071  0.003569  0.208328  -0.008359  0.061339  2.000000  
70.001691 0.011858  0.093852  -0.011082  0.990635  0.130402  0.040456  -0.132737  0.989228  0.061717  -0.031972  -0.066509  0.997273  0.004163  -0.001104  0.003489  0.201636  -0.004393  0.069021  2.000000  
70.002698 0.011861  0.093851  -0.011079  0.990635  0.130392  0.040488  -0.132737  0.989213  0.061957  -0.031972  -0.066751  0.997257  0.003995  -0.001159  0.003457  0.201572  -0.004408  0.068998  2.000000  
70.003943 0.011863  0.093849  -0.011076  0.990635  0.130387  0.040504  -0.132737  0.989205  0.062077  -0.031972  -0.066872  0.997249  0.003727  -0.001222  0.003305  0.197532  -0.004422  0.069010  2.000000  
70.005189 0.011866  0.093846  -0.011074  0.990635  0.130377  0.040535  -0.132737  0.989190  0.062317  -0.031972  -0.067114  0.997233  0.003456  -0.001318  0.003150  0.195939  -0.004403  0.068453  2.000000  
70.006189 0.011867  0.093844  -0.011073  0.990635  0.130373  0.040551  -0.132737  0.989183  0.062437  -0.031972  -0.067235  0.997225  0.003215  -0.001383  0.003015  0.193495  -0.004452  0.069022  2.000000  
70.007445 0.011870  0.093841  -0.011071  0.990635  0.130368  0.040567  -0.132737  0.989175  0.062557  -0.031972  -0.067356  0.997217  0.003015  -0.001444  0.002905  0.185298  -0.004468  0.069005  2.000000  
70.008446 0.011871  0.093838  -0.011070  0.990635  0.130363  0.040583  -0.132737  0.989168  0.062677  -0.031972  -0.067477  0.997208  0.002752  -0.001542  0.002715  0.185501  -0.004028  0.062098  2.000000  
70.009689 0.011872  0.093835  -0.011068  0.990635  0.130353  0.040614  -0.132737  0.989152  0.062917  -0.031972  -0.067718  0.997192  0.002525  -0.001613  0.002545  0.181483  -0.004048  0.062117  2.000000  
70.010940 0.011874  0.093832  -0.011067  0.990635  0.130348  0.040630  -0.132737  0.989145  0.063037  -0.031972  -0.067839  0.997184  0.002276  -0.001713  0.002311  0.177626  -0.003608  0.055214  2.000000  
70.012188 0.011875  0.093829  -0.011067  0.990635  0.130343  0.040646  -0.132737  0.989137  0.063157  -0.031972  -0.067960  0.997176  0.002050  -0.001844  0.002050  0.173577  -0.003619  0.055222  2.000000  
70.013442 0.011875  0.093825  -0.011066  0.990635  0.130333  0.040678  -0.132737  0.989122  0.063397  -0.031972  -0.068202  0.997159  0.001858  -0.001970  0.001764  0.173744  0.001310  0.048600  2.000000  
70.014442 0.011876  0.093823  -0.011066  0.990635  0.130333  0.040678  -0.132737  0.989122  0.063397  -0.031972  -0.068202  0.997159  0.001630  -0.002078  0.001550  0.000000  0.000000  0.000000  2.000000  
70.015451 0.011877  0.093820  -0.011066  0.990635  0.130328  0.040693  -0.132737  0.989114  0.063516  -0.031972  -0.068323  0.997151  0.001469  -0.002236  0.001294  0.000000  0.000000  0.000000  2.000000  
70.016687 0.011878  0.093818  -0.011065  0.990635  0.130323  0.040709  -0.132737  0.989106  0.063636  -0.031972  -0.068444  0.997142  0.001315  -0.002267  0.001129  0.000000  0.000000  0.000000  2.000000  
70.017689 0.011878  0.093817  -0.011064  0.990635  0.130323  0.040709  -0.132737  0.989106  0.063636  -0.031972  -0.068444  0.997142  0.001151  -0.002278  0.001003  0.000000  0.000000  0.000000  2.000000  
70.018696 0.011878  0.093815  -0.011063  0.990635  0.130318  0.040725  -0.132737  0.989099  0.063756  -0.031972  -0.068565  0.997134  0.001012  -0.002267  0.000940  0.000000  0.000000  0.000000  2.000000  
70.019941 0.011879  0.093814  -0.011061  0.990635  0.130313  0.040741  -0.132737  0.989091  0.063876  -0.031972  -0.068686  0.997126  0.000886  -0.002189  0.000883  0.000000  0.000000  0.000000  2.000000  
70.020945 0.011879  0.093813  -0.011060  0.990635  0.130313  0.040741  -0.132737  0.989091  0.063876  -0.031972  -0.068686  0.997126  0.000801  -0.002109  0.000857  0.000000  0.000000  0.000000  2.000000  
70.022191 0.011879  0.093811  -0.011060  0.990635  0.130313  0.040741  -0.132737  0.989091  0.063876  -0.031972  -0.068686  0.997126  0.000634  -0.002035  0.000768  0.000000  0.000000  0.000000  2.000000  
70.023445 0.011879  0.093810  -0.011060  0.990635  0.130308  0.040757  -0.132737  0.989083  0.063996  -0.031972  -0.068807  0.997118  0.000553  -0.001925  0.000693  0.000000  0.000000  0.000000  2.000000  
70.024447 0.011879  0.093809  -0.011059  0.990635  0.130308  0.040757  -0.132737  0.989083  0.063996  -0.031972  -0.068807  0.997118  0.000436  -0.001771  0.000639  0.000000  0.000000  0.000000  2.000000  
70.025453 0.011879  0.093808  -0.011059  0.990608  0.130512  0.040770  -0.132941  0.989056  0.063988  -0.031972  -0.068807  0.997118  0.000385  -0.001638  0.000587  0.000000  0.000000  0.000000  2.000000  
70.026689 0.011879  0.093808  -0.011058  0.990604  0.130498  0.040918  -0.132941  0.989050  0.064090  -0.032106  -0.068928  0.997105  0.000344  -0.001449  0.000586  0.000000  0.000000  0.000000  2.000000  
70.027935 0.011880  0.093808  -0.011058  0.990604  0.130498  0.040918  -0.132941  0.989050  0.064090  -0.032106  -0.068928  0.997105  0.000362  -0.001241  0.000532  0.000000  0.000000  0.000000  2.000000  
70.028936 0.011881  0.093807  -0.011059  0.990604  0.130493  0.040934  -0.132941  0.989042  0.064210  -0.032106  -0.069049  0.997097  0.000312  -0.001112  0.000482  0.000000  0.000000  0.000000  2.000000  
70.030189 0.011881  0.093808  -0.011059  0.990576  0.130697  0.040947  -0.133144  0.989015  0.064202  -0.032106  -0.069049  0.997097  0.000299  -0.000862  0.000452  0.000000  0.000000  0.000000  2.000000  
70.031189 0.011882  0.093808  -0.011059  0.990576  0.130692  0.040963  -0.133144  0.989007  0.064322  -0.032106  -0.069170  0.997088  0.000312  -0.000756  0.000405  0.000000  0.000000  0.000000  2.000000  
70.032443 0.011882  0.093808  -0.011059  0.990549  0.130895  0.040976  -0.133348  0.988980  0.064313  -0.032106  -0.069170  0.997088  0.000305  -0.000599  0.000338  0.000000  0.000000  0.000000  2.000000  
70.033690 0.011884  0.093809  -0.011059  0.990545  0.130886  0.041108  -0.133348  0.988982  0.064295  -0.032240  -0.069169  0.997084  0.000346  -0.000435  0.000261  0.000000  0.000000  0.000000  2.000000  
70.034690 0.011884  0.093810  -0.011058  0.990517  0.131090  0.041121  -0.133552  0.988955  0.064287  -0.032240  -0.069169  0.997084  0.000349  -0.000306  0.000205  0.000000  0.000000  0.000000  2.000000  
70.035696 0.011884  0.093810  -0.011058  0.990517  0.131090  0.041121  -0.133552  0.988955  0.064287  -0.032240  -0.069169  0.997084  0.000348  -0.000154  0.000141  0.000000  0.000000  0.000000  2.000000  
70.036943 0.011885  0.093812  -0.011058  0.990490  0.131293  0.041135  -0.133756  0.988928  0.064279  -0.032240  -0.069169  0.997084  0.000404  0.000062  0.000118  0.000000  0.000000  0.000000  2.000000  
70.038189 0.011886  0.093815  -0.011057  0.990458  0.131488  0.041280  -0.133959  0.988902  0.064252  -0.032374  -0.069169  0.997080  0.000469  0.000337  0.000145  0.000000  0.000000  0.000000  2.000000  
70.039192 0.011886  0.093816  -0.011057  0.990458  0.131488  0.041280  -0.133959  0.988902  0.064252  -0.032374  -0.069169  0.997080  0.000513  0.000470  0.000120  0.000000  0.000000  0.000000  2.000000  
70.040441 0.011887  0.093819  -0.011057  0.990430  0.131691  0.041293  -0.134163  0.988875  0.064244  -0.032374  -0.069169  0.997080  0.000548  0.000678  0.000133  0.000000  0.000000  0.000000  2.000000  
70.041692 0.011889  0.093821  -0.011056  0.990398  0.131886  0.041439  -0.134366  0.988849  0.064217  -0.032507  -0.069169  0.997075  0.000631  0.000937  0.000172  0.000000  0.000000  0.000000  2.000000  
70.042938 0.011890  0.093824  -0.011054  0.990371  0.132089  0.041452  -0.134570  0.988822  0.064209  -0.032507  -0.069169  0.997075  0.000670  0.001111  0.000283  0.000000  0.000000  0.000000  2.000000  
70.044185 0.011892  0.093827  -0.011053  0.990339  0.132284  0.041597  -0.134773  0.988796  0.064182  -0.032641  -0.069168  0.997071  0.000730  0.001315  0.000362  0.000000  0.000000  0.000000  2.000000  
70.045186 0.011893  0.093829  -0.011053  0.990311  0.132487  0.041611  -0.134977  0.988768  0.064174  -0.032641  -0.069168  0.997071  0.000760  0.001428  0.000423  0.000000  0.000000  0.000000  2.000000  
70.046190 0.011894  0.093831  -0.011052  0.990279  0.132682  0.041756  -0.135181  0.988742  0.064147  -0.032775  -0.069168  0.997066  0.000802  0.001566  0.000491  0.000000  0.000000  0.000000  2.000000  
70.047434 0.011896  0.093833  -0.011051  0.990247  0.132876  0.041901  -0.135384  0.988716  0.064120  -0.032909  -0.069168  0.997062  0.000884  0.001649  0.000501  0.000000  0.000000  0.000000  2.000000  
70.048439 0.011897  0.093834  -0.011051  0.990219  0.133080  0.041915  -0.135588  0.988689  0.064112  -0.032909  -0.069168  0.997062  0.000889  0.001703  0.000499  0.000000  0.000000  0.000000  2.000000  
70.049440 0.011898  0.093835  -0.011051  0.990186  0.133274  0.042060  -0.135791  0.988663  0.064085  -0.033042  -0.069167  0.997058  0.000958  0.001703  0.000507  0.000000  0.000000  0.000000  2.000000  
70.050451 0.011900  0.093836  -0.011050  0.990154  0.133468  0.042205  -0.135994  0.988636  0.064058  -0.033176  -0.069167  0.997053  0.001042  0.001729  0.000523  0.000000  0.000000  0.000000  2.000000  
70.051692 0.011902  0.093838  -0.011049  0.990126  0.133672  0.042219  -0.136198  0.988609  0.064049  -0.033176  -0.069167  0.997053  0.001167  0.001760  0.000571  0.000000  0.000000  0.000000  2.000000  
70.052693 0.011904  0.093840  -0.011049  0.990094  0.133866  0.042364  -0.136401  0.988583  0.064023  -0.033310  -0.069167  0.997049  0.001230  0.001733  0.000576  0.000000  0.000000  0.000000  2.000000  
70.053697 0.011906  0.093841  -0.011048  0.990033  0.134264  0.042522  -0.136808  0.988529  0.063987  -0.033443  -0.069167  0.997044  0.001356  0.001736  0.000622  0.000000  0.000000  0.000000  2.000000  
70.054939 0.011908  0.093843  -0.011047  0.990000  0.134458  0.042668  -0.137012  0.988502  0.063960  -0.033577  -0.069166  0.997040  0.001398  0.001663  0.000665  0.000000  0.000000  0.000000  2.000000  
70.055940 0.011910  0.093844  -0.011046  0.989968  0.134653  0.042813  -0.137215  0.988476  0.063933  -0.033711  -0.069166  0.997035  0.001503  0.001606  0.000700  0.000000  0.000000  0.000000  2.000000  
70.057189 0.011912  0.093845  -0.011045  0.989930  0.134838  0.043090  -0.137417  0.988451  0.063887  -0.033978  -0.069165  0.997026  0.001517  0.001496  0.000672  0.000000  0.000000  0.000000  2.000000  
70.058454 0.011914  0.093847  -0.011043  0.989869  0.135241  0.043232  -0.137824  0.988404  0.063731  -0.034112  -0.069044  0.997030  0.001544  0.001414  0.000701  0.000000  0.000000  0.000000  2.000000  
70.059690 0.011915  0.093847  -0.011042  0.989836  0.135435  0.043378  -0.138027  0.988378  0.063704  -0.034246  -0.069044  0.997026  0.001513  0.001278  0.000688  0.000000  0.000000  0.000000  2.000000  
70.060937 0.011917  0.093848  -0.011041  0.989775  0.135833  0.043536  -0.138434  0.988323  0.063668  -0.034379  -0.069043  0.997021  0.001544  0.001199  0.000719  -0.010059  -0.088715  0.174121  2.000000  
70.061937 0.011918  0.093849  -0.011040  0.989737  0.136018  0.043813  -0.138637  0.988298  0.063622  -0.034647  -0.069043  0.997012  0.001507  0.001124  0.000793  -0.010082  -0.097672  0.173468  2.000000  
70.063190 0.011918  0.093849  -0.011039  0.989675  0.136416  0.043972  -0.139044  0.988243  0.063585  -0.034781  -0.069042  0.997007  0.001450  0.000994  0.000856  -0.010570  -0.098634  0.187275  2.000000  
70.064438 0.011919  0.093849  -0.011038  0.989637  0.136601  0.044249  -0.139246  0.988217  0.063539  -0.035048  -0.069042  0.996998  0.001393  0.000927  0.000868  -0.010511  -0.106749  0.185164  2.000000  
70.065450 0.011920  0.093849  -0.011037  0.989604  0.136795  0.044394  -0.139449  0.988190  0.063511  -0.035182  -0.069041  0.996993  0.001317  0.000851  0.000909  -0.010753  -0.111650  0.191659  2.000000  
70.066451 0.011920  0.093849  -0.011037  0.989542  0.137193  0.044552  -0.139856  0.988135  0.063474  -0.035316  -0.069041  0.996989  0.001179  0.000697  0.000862  -0.011087  -0.117511  0.199786  2.000000  
70.067686 0.011921  0.093848  -0.011036  0.989508  0.137387  0.044697  -0.140059  0.988108  0.063446  -0.035449  -0.069041  0.996984  0.001107  0.000580  0.000862  -0.011261  -0.117069  0.205071  2.000000  
70.068694 0.011921  0.093848  -0.011036  0.989475  0.137582  0.044843  -0.140262  0.988081  0.063418  -0.035583  -0.069040  0.996979  0.000971  0.000470  0.000813  -0.011364  -0.122483  0.206385  2.000000  
70.069945 0.011921  0.093848  -0.011036  0.989408  0.137970  0.045133  -0.140668  0.988027  0.063362  -0.035850  -0.069040  0.996970  0.000829  0.000332  0.000716  -0.011546  -0.130987  0.211137  2.000000  
70.070946 0.011921  0.093847  -0.011036  0.989374  0.138164  0.045278  -0.140871  0.988000  0.063334  -0.035984  -0.069039  0.996965  0.000702  0.000193  0.000676  -0.011658  -0.131924  0.212646  2.000000  
70.072207 0.011920  0.093846  -0.011036  0.989340  0.138359  0.045423  -0.141074  0.987973  0.063306  -0.036118  -0.069039  0.996960  0.000544  0.000048  0.000565  -0.011675  -0.136437  0.212377  2.000000  
70.073442 0.011920  0.093845  -0.011036  0.989272  0.138753  0.045696  -0.141480  0.987926  0.063130  -0.036385  -0.068918  0.996959  0.000423  -0.000093  0.000480  -0.016033  -0.141371  0.218945  2.000000  
70.074451 0.011919  0.093844  -0.011037  0.989238  0.138947  0.045841  -0.141683  0.987899  0.063101  -0.036519  -0.068917  0.996954  0.000272  -0.000240  0.000378  -0.016043  -0.145811  0.218565  2.000000  
70.075452 0.011918  0.093844  -0.011037  0.989204  0.139141  0.045986  -0.141886  0.987872  0.063073  -0.036653  -0.068917  0.996949  0.000124  -0.000326  0.000317  -0.016074  -0.145808  0.218559  2.000000  
70.076686 0.011918  0.093842  -0.011036  0.989165  0.139326  0.046263  -0.142088  0.987845  0.063026  -0.036920  -0.068916  0.996939  0.000029  -0.000407  0.000247  -0.015980  -0.153579  0.216251  2.000000  
70.077687 0.011917  0.093841  -0.011036  0.989131  0.139521  0.046408  -0.142291  0.987818  0.062997  -0.037054  -0.068916  0.996934  -0.000106  -0.000517  0.000198  -0.016142  -0.154842  0.218028  2.000000  
70.078687 0.011916  0.093841  -0.011037  0.989092  0.139706  0.046685  -0.142493  0.987792  0.062949  -0.037321  -0.068915  0.996924  -0.000166  -0.000552  0.000107  -0.016187  -0.159328  0.217715  2.000000  
70.079934 0.011915  0.093840  -0.011037  0.989028  0.140103  0.046843  -0.142900  0.987736  0.062911  -0.037455  -0.068915  0.996919  -0.000281  -0.000608  0.000069  -0.016311  -0.162937  0.222453  2.000000  
70.080935 0.011915  0.093839  -0.011037  0.988989  0.140288  0.047120  -0.143102  0.987709  0.062863  -0.037722  -0.068914  0.996909  -0.000340  -0.000643  -0.000022  -0.016360  -0.167409  0.222175  2.000000  
70.082193 0.011914  0.093839  -0.011037  0.988954  0.140483  0.047265  -0.143305  0.987682  0.062834  -0.037856  -0.068914  0.996904  -0.000419  -0.000685  -0.000076  -0.016525  -0.168779  0.223992  2.000000  
70.083194 0.011914  0.093838  -0.011038  0.988915  0.140668  0.047542  -0.143507  0.987656  0.062786  -0.038123  -0.068913  0.996894  -0.000448  -0.000692  -0.000147  -0.016574  -0.173278  0.223695  2.000000  
70.084435 0.011914  0.093838  -0.011038  0.988880  0.140862  0.047687  -0.143710  0.987628  0.062757  -0.038257  -0.068913  0.996889  -0.000441  -0.000681  -0.000144  -0.016473  -0.171896  0.221911  2.000000  
70.085453 0.011914  0.093837  -0.011039  0.988840  0.141047  0.047964  -0.143912  0.987602  0.062709  -0.038524  -0.068912  0.996879  -0.000446  -0.000669  -0.000195  -0.016266  -0.175810  0.214679  2.000000  
70.086692 0.011914  0.093837  -0.011039  0.988771  0.141435  0.048254  -0.144318  0.987546  0.062651  -0.038792  -0.068911  0.996868  -0.000412  -0.000617  -0.000221  -0.016697  -0.182230  0.223043  2.000000  
70.087693 0.011914  0.093837  -0.011039  0.988736  0.141630  0.048399  -0.144520  0.987518  0.062622  -0.038926  -0.068911  0.996863  -0.000381  -0.000588  -0.000199  -0.016728  -0.182223  0.223034  2.000000  
70.088939 0.011914  0.093836  -0.011039  0.988696  0.141815  0.048676  -0.144723  0.987492  0.062573  -0.039193  -0.068910  0.996853  -0.000344  -0.000550  -0.000174  -0.012344  -0.184704  0.214080  2.000000  
70.089939 0.011914  0.093836  -0.011040  0.988656  0.142000  0.048952  -0.144925  0.987465  0.062524  -0.039460  -0.068910  0.996842  -0.000272  -0.000482  -0.000219  -0.012389  -0.189150  0.213767  2.000000  
70.091194 0.011915  0.093836  -0.011040  0.988615  0.142185  0.049229  -0.145127  0.987439  0.062476  -0.039728  -0.068909  0.996832  -0.000224  -0.000449  -0.000231  -0.012295  -0.190222  0.208618  2.000000  
70.092199 0.011915  0.093836  -0.011039  0.988575  0.142370  0.049506  -0.145328  0.987412  0.062427  -0.039995  -0.068908  0.996821  -0.000131  -0.000346  -0.000217  -0.012340  -0.194714  0.208313  2.000000  
70.093439 0.011915  0.093837  -0.011039  0.988504  0.142758  0.049796  -0.145734  0.987356  0.062367  -0.040263  -0.068907  0.996810  -0.000047  -0.000229  -0.000158  -0.012661  -0.195224  0.215244  2.000000  
70.094442 0.011916  0.093838  -0.011039  0.988469  0.142952  0.049940  -0.145937  0.987328  0.062338  -0.040396  -0.068907  0.996805  0.000018  -0.000152  -0.000165  -0.012688  -0.195169  0.215183  2.000000  
70.095451 0.011916  0.093839  -0.011039  0.988428  0.143137  0.050217  -0.146139  0.987301  0.062288  -0.040664  -0.068906  0.996794  0.000102  -0.000038  -0.000109  -0.012468  -0.199121  0.207915  2.000000  
70.096687 0.011916  0.093840  -0.011038  0.988357  0.143525  0.050507  -0.146544  0.987245  0.062229  -0.040931  -0.068905  0.996783  0.000132  0.000076  -0.000048  -0.012785  -0.204219  0.214642  2.000000  
70.097688 0.011917  0.093841  -0.011037  0.988316  0.143710  0.050783  -0.146746  0.987218  0.062179  -0.041198  -0.068905  0.996772  0.000203  0.000193  0.000046  -0.012844  -0.204186  0.214605  2.000000  
70.098937 0.011917  0.093843  -0.011035  0.988244  0.144099  0.051073  -0.147151  0.987161  0.062119  -0.041466  -0.068904  0.996761  0.000195  0.000336  0.000170  -0.012787  -0.207004  0.212579  2.000000  
70.100193 0.011917  0.093845  -0.011034  0.988198  0.144275  0.051481  -0.147352  0.987136  0.062049  -0.041867  -0.068903  0.996744  0.000221  0.000511  0.000317  -0.012846  -0.215887  0.211944  2.000000  
70.101442 0.011917  0.093846  -0.011034  0.988126  0.144663  0.051770  -0.147757  0.987079  0.061989  -0.042134  -0.068902  0.996733  0.000210  0.000609  0.000400  -0.013011  -0.217634  0.213656  2.000000  
70.102451 0.011917  0.093848  -0.011032  0.988084  0.144848  0.052047  -0.147959  0.987052  0.061938  -0.042401  -0.068901  0.996722  0.000186  0.000724  0.000467  -0.008977  -0.222032  0.213286  2.000000  
70.103456 0.011917  0.093849  -0.011032  0.988006  0.145220  0.052486  -0.148363  0.986989  0.061977  -0.042802  -0.069021  0.996697  0.000174  0.000835  0.000496  -0.005235  -0.231445  0.219500  2.000000  
70.104689 0.011917  0.093850  -0.011030  0.987934  0.145609  0.052775  -0.148768  0.986932  0.061916  -0.043070  -0.069020  0.996685  0.000187  0.000916  0.000633  -0.005577  -0.232061  0.226527  2.000000  
70.105694 0.011917  0.093851  -0.011030  0.987892  0.145793  0.053051  -0.148970  0.986905  0.061865  -0.043337  -0.069019  0.996674  0.000178  0.001043  0.000673  -0.005625  -0.236503  0.226173  2.000000  
70.106939 0.011917  0.093852  -0.011029  0.987813  0.146172  0.053473  -0.149374  0.986849  0.061784  -0.043738  -0.069018  0.996656  0.000153  0.001056  0.000689  -0.005707  -0.241049  0.225915  2.000000  
70.107940 0.011917  0.093854  -0.011028  0.987771  0.146357  0.053749  -0.149576  0.986821  0.061733  -0.044006  -0.069017  0.996644  0.000152  0.001137  0.000789  -0.005755  -0.245527  0.225595  2.000000  
70.109191 0.011918  0.093855  -0.011027  0.987660  0.146939  0.054183  -0.150183  0.986735  0.061639  -0.044407  -0.069016  0.996627  0.000129  0.001167  0.000816  -0.006403  -0.250965  0.239074  2.000000  
70.110443 0.011918  0.093855  -0.011025  0.987587  0.147327  0.054472  -0.150588  0.986677  0.061577  -0.044674  -0.069015  0.996615  0.000112  0.001129  0.000888  -0.006737  -0.255871  0.245604  2.000000  
70.111689 0.011918  0.093857  -0.011024  0.987507  0.147706  0.054892  -0.150992  0.986620  0.061494  -0.045075  -0.069014  0.996597  0.000112  0.001125  0.000951  -0.006826  -0.260379  0.245311  2.000000  
70.112689 0.011919  0.093857  -0.011023  0.987427  0.148085  0.055313  -0.151396  0.986564  0.061411  -0.045476  -0.069013  0.996579  0.000132  0.001072  0.000971  -0.007185  -0.269824  0.251580  2.000000  
70.113937 0.011919  0.093858  -0.011021  0.987346  0.148464  0.055734  -0.151799  0.986507  0.061327  -0.045877  -0.069011  0.996560  0.000140  0.001028  0.000965  -0.007504  -0.272543  0.256055  2.000000  
70.114940 0.011919  0.093858  -0.011020  0.987271  0.148852  0.056023  -0.152204  0.986449  0.061264  -0.046144  -0.069011  0.996548  0.000123  0.000905  0.000930  -0.007849  -0.277465  0.262584  2.000000  
70.116190 0.011919  0.093858  -0.011019  0.987184  0.149221  0.056575  -0.152607  0.986393  0.061159  -0.046679  -0.069009  0.996523  0.000138  0.000815  0.000982  -0.008257  -0.286916  0.268878  2.000000  
70.117440 0.011919  0.093859  -0.011017  0.987071  0.149803  0.057008  -0.153214  0.986305  0.061063  -0.047080  -0.069008  0.996505  0.000169  0.000738  0.001013  -0.008944  -0.292312  0.282249  2.000000  
70.118449 0.011920  0.093859  -0.011016  0.986989  0.150182  0.057428  -0.153617  0.986247  0.060978  -0.047481  -0.069006  0.996486  0.000199  0.000660  0.001043  -0.009115  -0.299072  0.284131  2.000000  
70.119692 0.011919  0.093858  -0.011014  0.986907  0.150561  0.057849  -0.154021  0.986190  0.060892  -0.047882  -0.069005  0.996467  0.000157  0.000537  0.001085  -0.009521  -0.304107  0.290780  2.000000  
