1-Time 2-Px 3-Py 4-Pz 5-R11 6-R21 7-R31 8-R12 9-R22 10-R32 11-R13 12-R23 13-R33 14-Vx 15-Vy 16-Vz 17-Wx 18-Wy 19-Wz 20-state 21-PR11 22-PR21 23-PR31 24-PR12 25-PR22 26-PR32 27-PR13 28-PR23 29-PR33 
54.977501 -0.000544  0.087403  -0.035730  0.987926  0.141633  -0.062795  -0.138590  0.989064  0.050442  0.069252  -0.041130  0.996751  0.002122  0.001446  0.001180  0.000000  0.000000  0.000000  2.000000  
54.978502 -0.000541  0.087404  -0.035729  0.987926  0.141633  -0.062795  -0.138590  0.989064  0.050442  0.069252  -0.041130  0.996751  0.002162  0.001444  0.001202  0.000000  0.000000  0.000000  2.000000  
54.979504 -0.000540  0.087404  -0.035728  0.987831  0.142250  -0.062896  -0.139199  0.988976  0.050499  0.069386  -0.041130  0.996742  0.002126  0.001325  0.001187  0.000000  0.000000  0.000000  2.000000  
54.980506 -0.000539  0.087402  -0.035727  0.987706  0.143077  -0.062969  -0.140011  0.988852  0.050690  0.069519  -0.041250  0.996727  0.002075  0.001136  0.001168  0.000000  0.000000  0.000000  2.000000  
54.981752 -0.000537  0.087399  -0.035726  0.987582  0.143912  -0.063024  -0.140823  0.988720  0.051000  0.069653  -0.041492  0.996708  0.001999  0.000804  0.001141  0.000000  0.000000  0.000000  2.000000  
54.982757 -0.000536  0.087397  -0.035726  0.987543  0.144129  -0.063128  -0.141025  0.988684  0.051152  0.069786  -0.041612  0.996694  0.001965  0.000564  0.001132  0.000000  0.000000  0.000000  2.000000  
54.984006 -0.000534  0.087393  -0.035725  0.987437  0.144758  -0.063343  -0.141633  0.988587  0.051349  0.070053  -0.041732  0.996670  0.001905  0.000202  0.001113  0.000000  0.000000  0.000000  2.000000  
54.985262 -0.000533  0.087390  -0.035722  0.987263  0.145808  -0.063651  -0.142645  0.988422  0.051711  0.070453  -0.041973  0.996632  0.001821  -0.000174  0.001178  0.000000  0.000000  0.000000  2.000000  
54.986506 -0.000531  0.087387  -0.035720  0.987058  0.147053  -0.063965  -0.143860  0.988233  0.051967  0.070854  -0.042093  0.996598  0.001799  -0.000437  0.001177  0.045695  0.046136  0.188426  2.000000  
54.987756 -0.000530  0.087384  -0.035720  0.986881  0.148102  -0.064271  -0.144872  0.988066  0.052331  0.071254  -0.042333  0.996559  0.001658  -0.000814  0.001117  0.055845  0.058453  0.216636  2.000000  
54.989008 -0.000529  0.087381  -0.035721  0.986733  0.148941  -0.064606  -0.145680  0.987934  0.052562  0.071655  -0.042453  0.996526  0.001487  -0.001166  0.000900  0.061900  0.070746  0.244729  2.000000  
54.990015 -0.000528  0.087379  -0.035721  0.986594  0.149781  -0.064790  -0.146490  0.987797  0.052894  0.071922  -0.042694  0.996496  0.001434  -0.001331  0.000831  0.072018  0.078518  0.272614  2.000000  
54.991259 -0.000526  0.087378  -0.035719  0.986414  0.150823  -0.065112  -0.147501  0.987633  0.053140  0.072322  -0.042814  0.996462  0.001364  -0.001593  0.000851  0.078599  0.090528  0.307663  2.000000  
54.992260 -0.000524  0.087376  -0.035716  0.986273  0.151655  -0.065314  -0.148311  0.987501  0.053353  0.072589  -0.042934  0.996437  0.001318  -0.001830  0.000929  0.084682  0.098335  0.335638  2.000000  
54.993506 -0.000523  0.087371  -0.035714  0.986122  0.152493  -0.065647  -0.149118  0.987366  0.053586  0.072989  -0.043053  0.996403  0.001236  -0.002188  0.000992  0.090802  0.110638  0.363826  2.000000  
54.994751 -0.000521  0.087367  -0.035712  0.985960  0.153345  -0.066093  -0.149925  0.987224  0.053960  0.073523  -0.043293  0.996353  0.001228  -0.002437  0.001086  0.101047  0.127422  0.392254  2.000000  
54.995755 -0.000520  0.087363  -0.035709  0.985838  0.153988  -0.066417  -0.150529  0.987113  0.054300  0.073923  -0.043534  0.996313  0.001232  -0.002597  0.001240  0.110761  0.139971  0.413513  2.000000  
54.996757 -0.000518  0.087358  -0.035705  0.985715  0.154623  -0.066760  -0.151133  0.987009  0.054522  0.074323  -0.043653  0.996278  0.001258  -0.002743  0.001446  0.116434  0.152576  0.434864  2.000000  
54.998009 -0.000517  0.087348  -0.035700  0.985592  0.155274  -0.067066  -0.151738  0.986890  0.054983  0.074724  -0.044014  0.996232  0.001222  -0.003173  0.001677  0.130193  0.165026  0.455963  2.000000  
54.999256 -0.000514  0.087339  -0.035697  0.985459  0.155924  -0.067521  -0.152340  0.986777  0.055345  0.075257  -0.044254  0.996182  0.001315  -0.003579  0.001821  0.139981  0.182073  0.477480  2.000000  
55.000502 -0.000510  0.087329  -0.035694  0.985324  0.156581  -0.067956  -0.152943  0.986657  0.055828  0.075791  -0.044615  0.996125  0.001449  -0.004040  0.001869  0.153850  0.199079  0.498991  2.000000  
55.001508 -0.000507  0.087321  -0.035690  0.985263  0.156827  -0.068283  -0.153141  0.986601  0.056262  0.076191  -0.044976  0.996078  0.001590  -0.004449  0.002023  0.166661  0.212142  0.506435  2.000000  
55.002510 -0.000504  0.087311  -0.035687  0.985211  0.157067  -0.068477  -0.153340  0.986547  0.056676  0.076458  -0.045338  0.996041  0.001786  -0.004918  0.002242  0.179444  0.220715  0.513707  2.000000  
55.003757 -0.000499  0.087298  -0.035684  0.985159  0.157307  -0.068672  -0.153540  0.986492  0.057090  0.076725  -0.045699  0.996004  0.002061  -0.005587  0.002467  0.192274  0.229341  0.521109  2.000000  
55.005010 -0.000494  0.087285  -0.035683  0.985065  0.157756  -0.068986  -0.153941  0.986403  0.057539  0.077125  -0.046060  0.995957  0.002281  -0.006269  0.002505  0.205566  0.242058  0.535384  2.000000  
55.006011 -0.000489  0.087275  -0.035682  0.985024  0.157982  -0.069067  -0.154142  0.986356  0.057813  0.077259  -0.046301  0.995935  0.002448  -0.006895  0.002485  0.214265  0.246189  0.542516  2.000000  
55.007020 -0.000486  0.087264  -0.035679  0.984971  0.158214  -0.069280  -0.154342  0.986307  0.058108  0.077525  -0.046542  0.995903  0.002616  -0.007545  0.002526  0.222914  0.254711  0.549630  2.000000  
55.008264 -0.000481  0.087250  -0.035676  0.984961  0.158246  -0.069355  -0.154340  0.986285  0.058488  0.077659  -0.046904  0.995876  0.002823  -0.008211  0.002620  0.235251  0.259188  0.550057  2.000000  
55.009507 -0.000476  0.087237  -0.035671  0.984983  0.158066  -0.069460  -0.154136  0.986302  0.058733  0.077792  -0.047145  0.995854  0.003053  -0.008830  0.002725  0.236921  0.260691  0.515787  2.000000  
55.010751 -0.000471  0.087223  -0.035667  0.984972  0.158089  -0.069553  -0.154134  0.986287  0.058993  0.077926  -0.047386  0.995832  0.003216  -0.009367  0.002780  0.241129  0.259732  0.484279  2.000000  
55.011752 -0.000469  0.087211  -0.035663  0.984940  0.158309  -0.069503  -0.154337  0.986240  0.059247  0.077926  -0.047628  0.995821  0.003301  -0.009802  0.002800  0.240130  0.255751  0.470430  2.000000  
55.012753 -0.000466  0.087199  -0.035658  0.984940  0.158317  -0.069483  -0.154337  0.986233  0.059366  0.077926  -0.047748  0.995815  0.003458  -0.010121  0.002863  0.239679  0.251573  0.463471  2.000000  
55.013756 -0.000464  0.087187  -0.035654  0.984972  0.158131  -0.069457  -0.154134  0.986251  0.059591  0.077926  -0.047990  0.995803  0.003459  -0.010382  0.002968  0.243751  0.245824  0.439363  2.000000  
55.015007 -0.000461  0.087172  -0.035647  0.985004  0.157953  -0.069412  -0.153931  0.986262  0.059936  0.077926  -0.048352  0.995786  0.003396  -0.010742  0.003183  0.244883  0.234135  0.397536  2.000000  
55.016252 -0.000458  0.087158  -0.035640  0.985004  0.157970  -0.069374  -0.153931  0.986247  0.060175  0.077926  -0.048594  0.995774  0.003299  -0.010998  0.003403  0.244439  0.220326  0.359505  2.000000  
55.017259 -0.000457  0.087147  -0.035634  0.984994  0.158002  -0.069448  -0.153930  0.986225  0.060554  0.078059  -0.048956  0.995746  0.003190  -0.011132  0.003625  0.247984  0.214576  0.327568  2.000000  
55.018518 -0.000455  0.087132  -0.035626  0.985036  0.157809  -0.069290  -0.153728  0.986243  0.060759  0.077926  -0.049198  0.995745  0.003000  -0.011250  0.003969  0.249415  0.202559  0.292425  2.000000  
55.019758 -0.000452  0.087118  -0.035618  0.985036  0.157834  -0.069233  -0.153728  0.986221  0.061118  0.077926  -0.049560  0.995727  0.002816  -0.011298  0.004432  0.251120  0.190718  0.257575  2.000000  
55.020759 -0.000451  0.087107  -0.035612  0.985067  0.157648  -0.069207  -0.153526  0.986239  0.061343  0.077926  -0.049802  0.995715  0.002625  -0.011361  0.004705  0.252613  0.178768  0.222475  2.000000  
55.022015 -0.000449  0.087093  -0.035605  0.985078  0.157658  -0.069037  -0.153527  0.986225  0.061562  0.077792  -0.050044  0.995713  0.002465  -0.011430  0.004942  0.254040  0.166817  0.187363  2.000000  
55.023258 -0.000447  0.087078  -0.035600  0.985088  0.157677  -0.068848  -0.153529  0.986203  0.061900  0.077659  -0.050407  0.995705  0.002255  -0.011468  0.005015  0.260159  0.150113  0.159008  2.000000  
55.024259 -0.000447  0.087066  -0.035597  0.985098  0.157687  -0.068679  -0.153530  0.986189  0.062119  0.077525  -0.050649  0.995703  0.001976  -0.011591  0.005018  0.260516  0.136447  0.136588  2.000000  
55.025508 -0.000446  0.087050  -0.035594  0.985108  0.157696  -0.068509  -0.153532  0.986175  0.062337  0.077392  -0.050891  0.995701  0.001760  -0.011673  0.004951  0.256536  0.111890  0.108913  2.000000  
55.026508 -0.000445  0.087038  -0.035592  0.985108  0.157713  -0.068470  -0.153532  0.986160  0.062577  0.077392  -0.051132  0.995689  0.001631  -0.011740  0.004839  0.259078  0.099386  0.087622  2.000000  
55.027509 -0.000444  0.087026  -0.035588  0.985150  0.157520  -0.068313  -0.153331  0.986179  0.062781  0.077259  -0.051374  0.995687  0.001524  -0.011761  0.004737  0.257462  0.082369  0.066097  2.000000  
55.028510 -0.000442  0.087013  -0.035585  0.985150  0.157545  -0.068256  -0.153331  0.986156  0.063140  0.077259  -0.051737  0.995668  0.001499  -0.011788  0.004680  0.258720  0.073526  0.051555  2.000000  
55.029755 -0.000440  0.086997  -0.035582  0.985129  0.157766  -0.068054  -0.153535  0.986101  0.063492  0.077125  -0.052100  0.995659  0.001438  -0.011864  0.004420  0.257355  0.051802  0.036766  2.000000  
55.031007 -0.000438  0.086981  -0.035579  0.985129  0.157790  -0.067997  -0.153535  0.986078  0.063851  0.077125  -0.052462  0.995640  0.001369  -0.012003  0.004110  0.257949  0.035267  0.015540  2.000000  
55.032254 -0.000436  0.086965  -0.035577  0.985129  0.157815  -0.067939  -0.153535  0.986055  0.064210  0.077125  -0.052824  0.995621  0.001381  -0.012127  0.003804  0.255316  0.026398  0.008152  2.000000  
55.033502 -0.000433  0.086949  -0.035574  0.985129  0.157840  -0.067882  -0.153535  0.986031  0.064569  0.077125  -0.053186  0.995602  0.001422  -0.012213  0.003467  0.254756  0.013365  0.000663  2.000000  
55.034506 -0.000431  0.086937  -0.035572  0.985119  0.157872  -0.067956  -0.153534  0.986007  0.064948  0.077259  -0.053548  0.995572  0.001462  -0.012303  0.003171  0.254220  0.009251  -0.006389  2.000000  
55.035519 -0.000428  0.086925  -0.035570  0.985087  0.158091  -0.067904  -0.153736  0.985958  0.065201  0.077259  -0.053790  0.995559  0.001568  -0.012365  0.002890  0.251611  0.000692  -0.013776  2.000000  
55.036758 -0.000424  0.086911  -0.035567  0.985077  0.158123  -0.067978  -0.153735  0.985933  0.065581  0.077392  -0.054151  0.995529  0.001684  -0.012347  0.002656  0.253722  0.000691  -0.013669  2.000000  
55.038017 -0.000419  0.086897  -0.035564  0.985077  0.158139  -0.067940  -0.153735  0.985918  0.065820  0.077392  -0.054393  0.995516  0.001905  -0.012297  0.002468  0.251148  -0.007931  -0.021125  2.000000  
55.039258 -0.000415  0.086883  -0.035562  0.985077  0.158156  -0.067902  -0.153735  0.985902  0.066059  0.077392  -0.054634  0.995503  0.002119  -0.012168  0.002383  0.251708  -0.012770  -0.014469  2.000000  
55.040509 -0.000410  0.086870  -0.035559  0.985066  0.158180  -0.067995  -0.153733  0.985884  0.066319  0.077525  -0.054875  0.995479  0.002413  -0.012028  0.002363  0.251650  -0.012764  -0.014468  2.000000  
55.041755 -0.000405  0.086857  -0.035557  0.985066  0.158196  -0.067956  -0.153733  0.985868  0.066558  0.077525  -0.055117  0.995466  0.002656  -0.011875  0.002251  0.251203  -0.012409  -0.021368  2.000000  
55.042756 -0.000400  0.086847  -0.035554  0.985066  0.158213  -0.067918  -0.153733  0.985852  0.066797  0.077525  -0.055358  0.995452  0.002901  -0.011727  0.002196  0.251716  -0.012760  -0.014479  2.000000  
55.044001 -0.000394  0.086835  -0.035552  0.985025  0.158439  -0.067998  -0.153934  0.985802  0.067071  0.077659  -0.055599  0.995428  0.003154  -0.011493  0.002140  0.250214  -0.008554  -0.007298  2.000000  
55.045006 -0.000389  0.086825  -0.035550  0.985014  0.158463  -0.068091  -0.153933  0.985785  0.067331  0.077792  -0.055840  0.995405  0.003413  -0.011209  0.002128  0.250689  -0.004454  -0.000233  2.000000  
55.046254 -0.000382  0.086813  -0.035547  0.985014  0.158480  -0.068052  -0.153933  0.985768  0.067570  0.077792  -0.056082  0.995391  0.003719  -0.010994  0.002099  0.248699  -0.004491  -0.000236  2.000000  
55.047254 -0.000377  0.086802  -0.035546  0.985014  0.158505  -0.067995  -0.153933  0.985744  0.067928  0.077792  -0.056444  0.995371  0.003960  -0.010817  0.002036  0.250721  -0.008909  -0.000472  2.000000  
55.048502 -0.000371  0.086789  -0.035544  0.984972  0.158740  -0.068054  -0.154134  0.985685  0.068322  0.077926  -0.056805  0.995340  0.004161  -0.010657  0.001965  0.255937  -0.000728  0.013671  2.000000  
55.049506 -0.000366  0.086779  -0.035543  0.984972  0.158756  -0.068016  -0.154134  0.985668  0.068561  0.077926  -0.057047  0.995326  0.004313  -0.010503  0.001950  0.255816  -0.000731  0.013665  2.000000  
55.050759 -0.000360  0.086766  -0.035540  0.984930  0.158991  -0.068075  -0.154335  0.985609  0.068954  0.078059  -0.057409  0.995294  0.004459  -0.010349  0.001977  0.259040  0.007499  0.028042  2.000000  
55.052013 -0.000354  0.086754  -0.035536  0.984920  0.159024  -0.068149  -0.154334  0.985583  0.069333  0.078192  -0.057770  0.995263  0.004619  -0.010251  0.002060  0.260921  0.011881  0.028051  2.000000  
55.053013 -0.000349  0.086744  -0.035533  0.984888  0.159243  -0.068096  -0.154536  0.985533  0.069586  0.078192  -0.058012  0.995249  0.004679  -0.010205  0.002092  0.259509  0.016084  0.035415  2.000000  
55.054256 -0.000343  0.086731  -0.035529  0.984846  0.159479  -0.068155  -0.154737  0.985474  0.069980  0.078326  -0.058373  0.995217  0.004797  -0.010119  0.002199  0.261998  0.024477  0.042455  2.000000  
55.055257 -0.000338  0.086722  -0.035526  0.984846  0.159495  -0.068117  -0.154737  0.985457  0.070219  0.078326  -0.058614  0.995203  0.004846  -0.010000  0.002253  0.261986  0.028920  0.042704  2.000000  
55.056260 -0.000335  0.086713  -0.035522  0.984814  0.159715  -0.068064  -0.154940  0.985407  0.070472  0.078326  -0.058856  0.995189  0.004813  -0.009947  0.002327  0.262513  0.028531  0.049541  2.000000  
55.057506 -0.000329  0.086701  -0.035518  0.984782  0.159934  -0.068010  -0.155143  0.985357  0.070725  0.078326  -0.059097  0.995175  0.004780  -0.009861  0.002455  0.263596  0.032216  0.063462  2.000000  
55.058506 -0.000325  0.086693  -0.035515  0.984782  0.159942  -0.067991  -0.155143  0.985349  0.070844  0.078326  -0.059218  0.995167  0.004726  -0.009801  0.002507  0.255514  0.032202  0.063472  2.000000  
55.059756 -0.000320  0.086682  -0.035510  0.984750  0.160162  -0.067937  -0.155346  0.985298  0.071097  0.078326  -0.059459  0.995153  0.004679  -0.009692  0.002669  0.253533  0.036937  0.064255  2.000000  
55.061008 -0.000315  0.086671  -0.035505  0.984718  0.160381  -0.067884  -0.155548  0.985248  0.071350  0.078326  -0.059701  0.995139  0.004536  -0.009573  0.002861  0.249962  0.036525  0.071145  2.000000  
55.062026 -0.000312  0.086663  -0.035501  0.984686  0.160600  -0.067830  -0.155751  0.985198  0.071603  0.078326  -0.059942  0.995124  0.004416  -0.009483  0.003023  0.246282  0.036092  0.077998  2.000000  
55.063254 -0.000308  0.086652  -0.035495  0.984686  0.160617  -0.067791  -0.155751  0.985180  0.071842  0.078326  -0.060184  0.995110  0.004276  -0.009316  0.003316  0.242373  0.036093  0.078062  2.000000  
55.064502 -0.000304  0.086641  -0.035491  0.984654  0.160844  -0.067718  -0.155954  0.985121  0.072215  0.078326  -0.060546  0.995088  0.004119  -0.009232  0.003448  0.240950  0.030928  0.084019  2.000000  
55.065506 -0.000302  0.086631  -0.035487  0.984654  0.160860  -0.067679  -0.155954  0.985103  0.072454  0.078326  -0.060787  0.995073  0.003959  -0.009154  0.003558  0.240480  0.031309  0.077216  2.000000  
55.066752 -0.000299  0.086619  -0.035483  0.984622  0.161080  -0.067625  -0.156157  0.985053  0.072707  0.078326  -0.061029  0.995058  0.003757  -0.009117  0.003569  0.236925  0.026431  0.083782  2.000000  
55.068010 -0.000296  0.086607  -0.035479  0.984590  0.161307  -0.067551  -0.156359  0.984993  0.073079  0.078326  -0.061391  0.995036  0.003551  -0.009127  0.003550  0.241514  0.026009  0.090626  2.000000  
55.069021 -0.000294  0.086597  -0.035476  0.984579  0.161332  -0.067644  -0.156358  0.984974  0.073339  0.078459  -0.061631  0.995010  0.003336  -0.009107  0.003545  0.243369  0.030674  0.091588  2.000000  
55.070260 -0.000291  0.086585  -0.035473  0.984579  0.161348  -0.067604  -0.156358  0.984956  0.073578  0.078459  -0.061873  0.994995  0.003179  -0.009153  0.003557  0.243484  0.026176  0.091372  2.000000  
55.071508 -0.000288  0.086572  -0.035470  0.984547  0.161575  -0.067531  -0.156560  0.984896  0.073950  0.078459  -0.062235  0.994973  0.003011  -0.009244  0.003472  0.248089  0.025741  0.098263  2.000000  
55.072509 -0.000286  0.086562  -0.035468  0.984547  0.161584  -0.067511  -0.156560  0.984887  0.074070  0.078459  -0.062356  0.994965  0.002881  -0.009308  0.003358  0.244009  0.025722  0.098266  2.000000  
55.073510 -0.000283  0.086552  -0.035466  0.984525  0.161794  -0.067325  -0.156765  0.984837  0.074302  0.078326  -0.062598  0.994961  0.002794  -0.009380  0.003268  0.244516  0.016309  0.104611  2.000000  
55.074758 -0.000279  0.086541  -0.035463  0.984525  0.161811  -0.067286  -0.156765  0.984819  0.074541  0.078326  -0.062839  0.994945  0.002712  -0.009451  0.003135  0.244020  0.012208  0.097476  2.000000  
55.076012 -0.000276  0.086529  -0.035460  0.984525  0.161827  -0.067246  -0.156765  0.984801  0.074779  0.078326  -0.063080  0.994930  0.002636  -0.009516  0.002957  0.243968  0.012182  0.097459  2.000000  
55.077021 -0.000272  0.086520  -0.035458  0.984493  0.162038  -0.067211  -0.156967  0.984759  0.074913  0.078326  -0.063201  0.994922  0.002638  -0.009563  0.002852  0.238824  0.011672  0.103648  2.000000  
55.078285 -0.000269  0.086508  -0.035456  0.984493  0.162054  -0.067172  -0.156967  0.984740  0.075152  0.078326  -0.063442  0.994907  0.002594  -0.009602  0.002612  0.231556  0.007634  0.097114  2.000000  
55.079509 -0.000266  0.086496  -0.035453  0.984450  0.162273  -0.067268  -0.157168  0.984696  0.075306  0.078459  -0.063562  0.994889  0.002564  -0.009692  0.002462  0.223620  0.007618  0.097200  2.000000  
55.080757 -0.000262  0.086484  -0.035451  0.984450  0.162290  -0.067229  -0.157168  0.984678  0.075545  0.078459  -0.063804  0.994873  0.002599  -0.009626  0.002340  0.221825  0.007533  0.096421  2.000000  
55.082016 -0.000258  0.086472  -0.035449  0.984418  0.162501  -0.067194  -0.157371  0.984636  0.075678  0.078459  -0.063924  0.994866  0.002643  -0.009661  0.002221  0.212033  0.002656  0.103859  2.000000  
55.083252 -0.000255  0.086460  -0.035446  0.984418  0.162517  -0.067154  -0.157371  0.984617  0.075917  0.078459  -0.064166  0.994850  0.002690  -0.009627  0.002108  0.209707  0.003029  0.096154  2.000000  
55.084256 -0.000252  0.086451  -0.035445  0.984418  0.162525  -0.067135  -0.157371  0.984608  0.076036  0.078459  -0.064286  0.994842  0.002756  -0.009540  0.002002  0.205115  -0.001020  0.089044  2.000000  
55.085260 -0.000249  0.086442  -0.035444  0.984385  0.162736  -0.067099  -0.157574  0.984565  0.076170  0.078459  -0.064407  0.994835  0.002817  -0.009481  0.001941  0.202721  -0.001045  0.089774  2.000000  
55.086509 -0.000245  0.086431  -0.035442  0.984353  0.162955  -0.067044  -0.157776  0.984513  0.076422  0.078459  -0.064648  0.994819  0.002877  -0.009392  0.001877  0.199203  -0.001500  0.096666  2.000000  
55.087757 -0.000241  0.086420  -0.035440  0.984353  0.162963  -0.067024  -0.157776  0.984504  0.076542  0.078459  -0.064769  0.994811  0.002950  -0.009319  0.001824  0.194606  -0.001088  0.089791  2.000000  
55.089012 -0.000236  0.086410  -0.035439  0.984320  0.163182  -0.066969  -0.157979  0.984452  0.076794  0.078459  -0.065010  0.994795  0.003047  -0.009190  0.001687  0.194569  -0.001110  0.089774  2.000000  
55.090258 -0.000231  0.086399  -0.035437  0.984288  0.163393  -0.066933  -0.158182  0.984409  0.076927  0.078459  -0.065131  0.994787  0.003104  -0.009096  0.001623  0.190519  -0.001126  0.089786  2.000000  
55.091506 -0.000226  0.086389  -0.035436  0.984255  0.163604  -0.066898  -0.158384  0.984366  0.077061  0.078459  -0.065252  0.994780  0.003203  -0.009011  0.001582  0.186964  -0.001576  0.096660  2.000000  
55.092756 -0.000221  0.086379  -0.035435  0.984212  0.163823  -0.066993  -0.158585  0.984321  0.077215  0.078592  -0.065372  0.994761  0.003269  -0.008922  0.001476  0.182933  0.002895  0.096963  2.000000  
55.094003 -0.000217  0.086369  -0.035432  0.984180  0.164034  -0.066957  -0.158788  0.984278  0.077348  0.078592  -0.065492  0.994753  0.003355  -0.008817  0.001472  0.177355  0.002853  0.096150  2.000000  
55.095007 -0.000213  0.086360  -0.035431  0.984147  0.164236  -0.066942  -0.158990  0.984244  0.077362  0.078592  -0.065492  0.994753  0.003414  -0.008744  0.001455  0.000000  0.000000  0.000000  2.000000  
55.096008 -0.000209  0.086352  -0.035429  0.984114  0.164447  -0.066906  -0.159193  0.984201  0.077495  0.078592  -0.065613  0.994745  0.003495  -0.008624  0.001481  0.000000  0.000000  0.000000  2.000000  
55.097018 -0.000205  0.086344  -0.035426  0.984081  0.164658  -0.066870  -0.159396  0.984158  0.077628  0.078592  -0.065734  0.994737  0.003547  -0.008550  0.001507  0.000000  0.000000  0.000000  2.000000  
55.098253 -0.000200  0.086333  -0.035423  0.984005  0.165080  -0.066949  -0.159799  0.984079  0.077796  0.078726  -0.065854  0.994719  0.003629  -0.008444  0.001546  0.000000  0.000000  0.000000  2.000000  
55.099254 -0.000197  0.086325  -0.035420  0.983972  0.165282  -0.066933  -0.160002  0.984045  0.077810  0.078726  -0.065854  0.994719  0.003631  -0.008407  0.001651  0.000000  0.000000  0.000000  2.000000  
55.100256 -0.000194  0.086317  -0.035418  0.983939  0.165493  -0.066897  -0.160204  0.984002  0.077943  0.078726  -0.065974  0.994711  0.003678  -0.008341  0.001720  0.000000  0.000000  0.000000  2.000000  
55.101258 -0.000190  0.086309  -0.035416  0.983896  0.165704  -0.067012  -0.160405  0.983966  0.077979  0.078859  -0.065974  0.994700  0.003693  -0.008293  0.001773  0.000000  0.000000  0.000000  2.000000  
55.102260 -0.000187  0.086301  -0.035413  0.983863  0.165915  -0.066976  -0.160608  0.983923  0.078112  0.078859  -0.066094  0.994692  0.003695  -0.008208  0.001899  0.000000  0.000000  0.000000  2.000000  
55.103261 -0.000183  0.086293  -0.035410  0.983797  0.166328  -0.066924  -0.161013  0.983845  0.078259  0.078859  -0.066215  0.994684  0.003704  -0.008162  0.001996  0.000000  0.000000  0.000000  2.000000  
55.104266 -0.000179  0.086286  -0.035408  0.983753  0.166540  -0.067039  -0.161214  0.983809  0.078294  0.078993  -0.066214  0.994674  0.003702  -0.008063  0.002037  0.000000  0.000000  0.000000  2.000000  
55.105505 -0.000175  0.086277  -0.035405  0.983687  0.166953  -0.066987  -0.161619  0.983731  0.078441  0.078993  -0.066335  0.994666  0.003656  -0.008031  0.002156  0.126180  0.011607  0.165306  2.000000  
55.106506 -0.000172  0.086270  -0.035402  0.983643  0.167164  -0.067102  -0.161819  0.983695  0.078476  0.079126  -0.066334  0.994655  0.003618  -0.007963  0.002315  0.118098  0.016037  0.165590  2.000000  
55.107756 -0.000168  0.086260  -0.035398  0.983576  0.167577  -0.067049  -0.162224  0.983617  0.078623  0.079126  -0.066455  0.994647  0.003539  -0.007910  0.002410  0.119178  0.015126  0.179244  2.000000  
55.108756 -0.000165  0.086253  -0.035396  0.983543  0.167780  -0.067033  -0.162427  0.983582  0.078637  0.079126  -0.066455  0.994647  0.003507  -0.007858  0.002484  0.115677  0.014670  0.186076  2.000000  
55.109757 -0.000162  0.086245  -0.035393  0.983465  0.168202  -0.067111  -0.162830  0.983502  0.078806  0.079259  -0.066575  0.994628  0.003467  -0.007785  0.002553  0.113135  0.014308  0.194513  2.000000  
55.111008 -0.000159  0.086236  -0.035390  0.983432  0.168404  -0.067095  -0.163033  0.983467  0.078819  0.079259  -0.066575  0.994628  0.003353  -0.007727  0.002582  0.109580  0.013842  0.201354  2.000000  
55.112008 -0.000155  0.086228  -0.035387  0.983354  0.168818  -0.067194  -0.163436  0.983396  0.078869  0.079393  -0.066574  0.994618  0.003319  -0.007679  0.002602  0.105225  0.017724  0.206882  2.000000  
55.113254 -0.000152  0.086219  -0.035384  0.983276  0.169231  -0.067293  -0.163839  0.983325  0.078918  0.079526  -0.066573  0.994607  0.003206  -0.007596  0.002637  0.099031  0.021425  0.222623  2.000000  
55.114502 -0.000149  0.086210  -0.035379  0.983209  0.169644  -0.067240  -0.164244  0.983246  0.079065  0.079526  -0.066694  0.994599  0.003166  -0.007545  0.002697  0.098777  0.020777  0.227663  2.000000  
55.115504 -0.000146  0.086202  -0.035376  0.983131  0.170058  -0.067338  -0.164647  0.983175  0.079115  0.079660  -0.066693  0.994589  0.003094  -0.007493  0.002748  0.091786  0.024299  0.241604  2.000000  
55.116756 -0.000143  0.086193  -0.035372  0.983052  0.170472  -0.067437  -0.165050  0.983103  0.079165  0.079793  -0.066693  0.994578  0.003030  -0.007441  0.002756  0.088284  0.028279  0.248677  2.000000  
55.118009 -0.000139  0.086185  -0.035369  0.982940  0.171088  -0.067519  -0.165655  0.982996  0.079228  0.079926  -0.066692  0.994567  0.002990  -0.007367  0.002824  0.082521  0.031604  0.271681  2.000000  
55.119014 -0.000136  0.086177  -0.035365  0.982895  0.171299  -0.067634  -0.165856  0.982959  0.079265  0.080060  -0.066691  0.994557  0.002909  -0.007385  0.002889  0.079129  0.036382  0.274291  2.000000  
55.120258 -0.000133  0.086169  -0.035362  0.982792  0.171906  -0.067585  -0.166463  0.982853  0.079306  0.080060  -0.066691  0.994557  0.002842  -0.007329  0.002897  0.075486  0.035148  0.285760  2.000000  
55.121259 -0.000131  0.086161  -0.035359  0.982713  0.172319  -0.067684  -0.166866  0.982781  0.079356  0.080193  -0.066690  0.994546  0.002824  -0.007310  0.002916  0.071975  0.039161  0.292933  2.000000  
55.122505 -0.000128  0.086152  -0.035355  0.982599  0.172935  -0.067766  -0.167471  0.982673  0.079421  0.080326  -0.066690  0.994535  0.002737  -0.007303  0.002915  0.068469  0.037915  0.304175  2.000000  
55.123507 -0.000125  0.086146  -0.035353  0.982520  0.173348  -0.067864  -0.167873  0.982600  0.079471  0.080460  -0.066689  0.994524  0.002680  -0.007248  0.002899  0.065531  0.042241  0.313880  2.000000  
55.124756 -0.000122  0.086137  -0.035349  0.982405  0.173964  -0.067946  -0.168478  0.982491  0.079535  0.080593  -0.066688  0.994514  0.002623  -0.007224  0.002896  0.066661  0.045819  0.327983  2.000000  
55.125757 -0.000120  0.086130  -0.035347  0.982325  0.174377  -0.068045  -0.168881  0.982418  0.079586  0.080726  -0.066688  0.994503  0.002614  -0.007197  0.002909  0.063155  0.049828  0.335157  2.000000  
55.127023 -0.000117  0.086121  -0.035344  0.982221  0.174984  -0.067996  -0.169488  0.982310  0.079628  0.080726  -0.066688  0.994503  0.002552  -0.007134  0.002871  0.060138  0.048857  0.348680  2.000000  
55.128254 -0.000114  0.086113  -0.035340  0.982094  0.175608  -0.068209  -0.170091  0.982199  0.079715  0.080993  -0.066686  0.994481  0.002532  -0.007100  0.002888  0.056722  0.052896  0.356083  2.000000  
55.129255 -0.000112  0.086106  -0.035338  0.981989  0.176215  -0.068159  -0.170697  0.982090  0.079757  0.080993  -0.066686  0.994481  0.002485  -0.007042  0.002786  0.057826  0.051977  0.369839  2.000000  
55.130505 -0.000109  0.086097  -0.035335  0.981838  0.177024  -0.068246  -0.171504  0.981953  0.079717  0.081127  -0.066565  0.994479  0.002468  -0.006994  0.002774  0.050807  0.055552  0.383934  2.000000  
55.131755 -0.000107  0.086089  -0.035331  0.981721  0.177639  -0.068328  -0.172108  0.981842  0.079782  0.081260  -0.066564  0.994468  0.002414  -0.006974  0.002773  0.047492  0.054159  0.394408  2.000000  
55.132757 -0.000104  0.086082  -0.035328  0.981604  0.178254  -0.068410  -0.172713  0.981730  0.079847  0.081393  -0.066563  0.994457  0.002370  -0.006965  0.002768  0.048618  0.057700  0.408355  2.000000  
55.134012 -0.000101  0.086074  -0.035323  0.981439  0.179080  -0.068606  -0.173517  0.981580  0.079950  0.081660  -0.066562  0.994435  0.002343  -0.006923  0.002825  0.046146  0.061733  0.425876  2.000000  
55.135261 -0.000099  0.086065  -0.035318  0.981321  0.179695  -0.068688  -0.174121  0.981468  0.080016  0.081793  -0.066561  0.994424  0.002321  -0.006885  0.002878  0.042637  0.065712  0.432908  2.000000  
55.136506 -0.000096  0.086056  -0.035314  0.981167  0.180512  -0.068753  -0.174928  0.981318  0.080096  0.081927  -0.066560  0.994413  0.002243  -0.006940  0.002957  0.044006  0.063811  0.449863  2.000000  
55.137511 -0.000094  0.086049  -0.035310  0.981048  0.181127  -0.068834  -0.175532  0.981205  0.080162  0.082060  -0.066560  0.994402  0.002220  -0.006905  0.003013  0.040879  0.068335  0.460748  2.000000  
55.138512 -0.000093  0.086042  -0.035306  0.980892  0.181935  -0.068921  -0.176337  0.981063  0.080123  0.082193  -0.066438  0.994399  0.002166  -0.006923  0.003124  0.038506  0.071467  0.481665  2.000000  
55.139757 -0.000090  0.086033  -0.035301  0.980725  0.182761  -0.069117  -0.177141  0.980910  0.080227  0.082460  -0.066437  0.994377  0.002146  -0.006926  0.003256  0.035646  0.075010  0.495760  2.000000  
55.141011 -0.000088  0.086024  -0.035297  0.980568  0.183577  -0.069182  -0.177947  0.980758  0.080307  0.082593  -0.066436  0.994366  0.002108  -0.006969  0.003330  0.036831  0.074087  0.509497  2.000000  
55.142014 -0.000086  0.086017  -0.035292  0.980410  0.184394  -0.069247  -0.178752  0.980605  0.080388  0.082727  -0.066435  0.994355  0.002091  -0.006982  0.003478  0.038539  0.077177  0.530323  2.000000  
55.143257 -0.000084  0.086007  -0.035287  0.980204  0.185412  -0.069448  -0.179757  0.980421  0.080388  0.082993  -0.066313  0.994341  0.002044  -0.007040  0.003629  0.036267  0.080342  0.551425  2.000000  
55.144257 -0.000082  0.086000  -0.035282  0.980044  0.186228  -0.069513  -0.180562  0.980266  0.080470  0.083127  -0.066313  0.994330  0.002023  -0.007038  0.003758  0.033348  0.083866  0.565423  2.000000  
55.145508 -0.000080  0.085991  -0.035277  0.979874  0.187053  -0.069708  -0.181365  0.980109  0.080575  0.083393  -0.066311  0.994308  0.001978  -0.007082  0.003876  0.034591  0.087439  0.579519  2.000000  
55.146754 -0.000077  0.085981  -0.035271  0.979627  0.188280  -0.069870  -0.182572  0.979874  0.080710  0.083660  -0.066310  0.994286  0.001948  -0.007162  0.004009  0.036667  0.089351  0.602381  2.000000  
55.148013 -0.000075  0.085971  -0.035265  0.979416  0.189306  -0.070048  -0.183576  0.979677  0.080831  0.083927  -0.066308  0.994263  0.001884  -0.007272  0.004117  0.038215  0.093635  0.621266  2.000000  
55.149254 -0.000073  0.085961  -0.035258  0.979167  0.190534  -0.070210  -0.184781  0.979439  0.080967  0.084193  -0.066307  0.994241  0.001823  -0.007370  0.004230  0.040290  0.095520  0.643940  2.000000  
55.150255 -0.000072  0.085953  -0.035254  0.978992  0.191358  -0.070405  -0.185583  0.979278  0.081074  0.084460  -0.066305  0.994218  0.001804  -0.007468  0.004318  0.041502  0.103505  0.658156  2.000000  
55.151282 -0.000070  0.085945  -0.035248  0.978828  0.192173  -0.070469  -0.186387  0.979119  0.081157  0.084593  -0.066304  0.994207  0.001799  -0.007527  0.004456  0.043038  0.103356  0.676800  2.000000  
55.152512 -0.000068  0.085934  -0.035241  0.978563  0.193408  -0.070760  -0.187590  0.978876  0.081319  0.084993  -0.066302  0.994173  0.001753  -0.007708  0.004634  0.044964  0.111023  0.698503  2.000000  
55.153756 -0.000066  0.085923  -0.035234  0.978309  0.194635  -0.070921  -0.188794  0.978633  0.081457  0.085260  -0.066301  0.994150  0.001736  -0.007833  0.004774  0.046830  0.114150  0.719560  2.000000  
55.154756 -0.000064  0.085914  -0.035227  0.978091  0.195659  -0.071098  -0.189797  0.978428  0.081581  0.085527  -0.066299  0.994128  0.001726  -0.007945  0.004901  0.048702  0.117269  0.740563  2.000000  
55.156009 -0.000062  0.085902  -0.035220  0.977834  0.196877  -0.071282  -0.191000  0.978192  0.081601  0.085793  -0.066177  0.994113  0.001710  -0.008090  0.005085  0.046488  0.120392  0.761294  2.000000  
55.157019 -0.000061  0.085893  -0.035214  0.977614  0.197901  -0.071459  -0.192002  0.977986  0.081725  0.086060  -0.066175  0.994090  0.001665  -0.008261  0.005176  0.047928  0.126950  0.776188  2.000000  
55.158256 -0.000058  0.085882  -0.035206  0.977342  0.199135  -0.071750  -0.193203  0.977735  0.081891  0.086460  -0.066173  0.994055  0.001692  -0.008379  0.005368  0.049741  0.131567  0.796634  2.000000  
55.159548 -0.000056  0.085870  -0.035198  0.977068  0.200368  -0.072040  -0.194403  0.977483  0.082057  0.086860  -0.066171  0.994021  0.001678  -0.008545  0.005521  0.051042  0.139425  0.809830  2.000000  
55.160753 -0.000054  0.085858  -0.035190  0.976753  0.201803  -0.072313  -0.195804  0.977189  0.082239  0.087259  -0.066168  0.993986  0.001661  -0.008765  0.005696  0.057750  0.146842  0.839255  2.000000  
55.162018 -0.000052  0.085846  -0.035181  0.976476  0.203036  -0.072602  -0.197004  0.976933  0.082408  0.087659  -0.066166  0.993951  0.001654  -0.008937  0.005888  0.059103  0.154799  0.853039  2.000000  
55.163254 -0.000050  0.085833  -0.035173  0.976116  0.204670  -0.072857  -0.198605  0.976592  0.082607  0.088059  -0.066164  0.993915  0.001675  -0.009109  0.006078  0.062357  0.159759  0.887898  2.000000  
55.164262 -0.000049  0.085822  -0.035166  0.975876  0.205702  -0.073163  -0.199602  0.976376  0.082762  0.088459  -0.066161  0.993880  0.001640  -0.009278  0.006162  0.063682  0.169556  0.902488  2.000000  
55.165501 -0.000047  0.085809  -0.035157  0.975511  0.207327  -0.073443  -0.201202  0.976040  0.082844  0.088859  -0.066039  0.993853  0.001611  -0.009442  0.006308  0.062307  0.174916  0.930139  2.000000  
55.166502 -0.000045  0.085798  -0.035150  0.975227  0.208558  -0.073731  -0.202400  0.975778  0.083016  0.089259  -0.066036  0.993817  0.001618  -0.009614  0.006414  0.064308  0.182434  0.951082  2.000000  
55.167511 -0.000044  0.085787  -0.035143  0.974899  0.209990  -0.074002  -0.203797  0.975471  0.083204  0.089658  -0.066034  0.993781  0.001624  -0.009785  0.006520  0.066906  0.189488  0.978805  2.000000  
55.168514 -0.000042  0.085775  -0.035136  0.974623  0.211212  -0.074159  -0.204996  0.975207  0.083350  0.089925  -0.066032  0.993757  0.001610  -0.009967  0.006654  0.072976  0.190169  1.000465  2.000000  
55.169756 -0.000041  0.085761  -0.035126  0.974237  0.212852  -0.074542  -0.206591  0.974851  0.083582  0.090458  -0.066029  0.993709  0.001587  -0.010195  0.006799  0.075091  0.200176  1.020586  2.000000  
55.171011 -0.000039  0.085745  -0.035117  0.973860  0.214484  -0.074794  -0.208188  0.974493  0.083788  0.090858  -0.066027  0.993673  0.001546  -0.010460  0.006884  0.077739  0.207253  1.048418  2.000000  
55.172258 -0.000037  0.085730  -0.035108  0.973468  0.216123  -0.075176  -0.209781  0.974131  0.084023  0.091391  -0.066023  0.993624  0.001515  -0.010756  0.006979  0.080008  0.217032  1.071435  2.000000  
55.173507 -0.000036  0.085714  -0.035098  0.973073  0.217752  -0.075584  -0.211374  0.973777  0.084142  0.091924  -0.065900  0.993583  0.001482  -0.010993  0.007114  0.082242  0.224748  1.092521  2.000000  
55.174756 -0.000035  0.085698  -0.035088  0.972675  0.219390  -0.075964  -0.212966  0.973409  0.084380  0.092456  -0.065896  0.993534  0.001429  -0.011325  0.007250  0.084951  0.234018  1.118675  2.000000  
55.175757 -0.000033  0.085685  -0.035080  0.972331  0.220818  -0.076232  -0.214359  0.973086  0.084575  0.092856  -0.065894  0.993497  0.001364  -0.011540  0.007366  0.087277  0.239614  1.142364  2.000000  
55.177023 -0.000032  0.085669  -0.035069  0.971884  0.222655  -0.076594  -0.216150  0.972668  0.084832  0.093389  -0.065891  0.993447  0.001330  -0.011818  0.007449  0.089486  0.246994  1.162498  2.000000  
55.178254 -0.000031  0.085651  -0.035059  0.971433  0.224482  -0.076983  -0.217939  0.972256  0.084972  0.093922  -0.065767  0.993405  0.001239  -0.012117  0.007601  0.088378  0.254338  1.191144  2.000000  
55.179255 -0.000030  0.085637  -0.035051  0.971068  0.225918  -0.077379  -0.219328  0.971924  0.085200  0.094455  -0.065763  0.993355  0.001223  -0.012341  0.007701  0.090019  0.266926  1.205936  2.000000  
55.180502 -0.000030  0.085619  -0.035041  0.970611  0.227752  -0.077739  -0.221115  0.971496  0.085461  0.094987  -0.065760  0.993304  0.001099  -0.012712  0.007763  0.092994  0.274116  1.234191  2.000000  
55.181503 -0.000030  0.085604  -0.035032  0.970242  0.229186  -0.078134  -0.222502  0.971159  0.085692  0.095520  -0.065757  0.993253  0.001001  -0.012948  0.007862  0.094537  0.279316  1.244653  2.000000  
55.182504 -0.000030  0.085589  -0.035024  0.969882  0.230602  -0.078427  -0.223892  0.970832  0.085776  0.095920  -0.065634  0.993223  0.000904  -0.013169  0.007946  0.092791  0.282560  1.265694  2.000000  
55.183757 -0.000031  0.085570  -0.035013  0.969403  0.232443  -0.078915  -0.225674  0.970393  0.086072  0.096586  -0.065629  0.993159  0.000763  -0.013522  0.008074  0.095393  0.297414  1.290601  2.000000  
55.185010 -0.000031  0.085550  -0.035002  0.968920  0.234283  -0.079402  -0.227455  0.969951  0.086370  0.097251  -0.065625  0.993094  0.000614  -0.013880  0.008175  0.097956  0.304974  1.311561  2.000000  
55.186024 -0.000032  0.085533  -0.034993  0.968541  0.235705  -0.079824  -0.228839  0.969615  0.086489  0.097784  -0.065501  0.993050  0.000451  -0.014149  0.008236  0.099702  0.313066  1.325265  2.000000  
55.187259 -0.000033  0.085513  -0.034982  0.968004  0.237744  -0.080292  -0.230817  0.969117  0.086807  0.098450  -0.065497  0.992984  0.000308  -0.014524  0.008376  0.102361  0.320814  1.347007  2.000000  
55.188261 -0.000034  0.085496  -0.034974  0.967571  0.239374  -0.080665  -0.232399  0.968716  0.087063  0.098982  -0.065493  0.992932  0.000152  -0.014810  0.008403  0.105468  0.327989  1.375148  2.000000  
55.189505 -0.000035  0.085474  -0.034963  0.966978  0.241599  -0.081143  -0.234573  0.968172  0.087285  0.099648  -0.065369  0.992873  0.000008  -0.015165  0.008454  0.105165  0.336462  1.407421  2.000000  
55.190508 -0.000036  0.085456  -0.034954  0.966538  0.243228  -0.081515  -0.236153  0.967764  0.087545  0.100181  -0.065365  0.992820  -0.000203  -0.015528  0.008536  0.107559  0.343727  1.427225  2.000000  
55.191755 -0.000038  0.085433  -0.034942  0.965984  0.245252  -0.082009  -0.238126  0.967262  0.087754  0.100846  -0.065240  0.992761  -0.000444  -0.015975  0.008630  0.106527  0.350243  1.452992  2.000000  
55.192756 -0.000040  0.085415  -0.034933  0.965538  0.246879  -0.082380  -0.239704  0.966848  0.088017  0.101379  -0.065237  0.992707  -0.000556  -0.016246  0.008677  0.108375  0.358194  1.466798  2.000000  
55.194003 -0.000042  0.085392  -0.034922  0.964977  0.248901  -0.082873  -0.241675  0.966338  0.088230  0.102044  -0.065112  0.992647  -0.000770  -0.016619  0.008769  0.106813  0.362423  1.482439  2.000000  
55.195021 -0.000044  0.085372  -0.034913  0.964474  0.250725  -0.083225  -0.243449  0.965866  0.088514  0.102577  -0.065108  0.992592  -0.000938  -0.016988  0.008781  0.113713  0.368861  1.507706  2.000000  
55.196252 -0.000047  0.085348  -0.034900  0.963904  0.252745  -0.083717  -0.245417  0.965348  0.088732  0.103242  -0.064983  0.992531  -0.001112  -0.017344  0.008904  0.111564  0.373674  1.517070  2.000000  
