1-Time 2-Px 3-Py 4-Pz 5-R11 6-R21 7-R31 8-R12 9-R22 10-R32 11-R13 12-R23 13-R33 14-Vx 15-Vy 16-Vz 17-Wx 18-Wy 19-Wz 20-state 21-PR11 22-PR21 23-PR31 24-PR12 25-PR22 26-PR32 27-PR13 28-PR23 29-PR33 
66.234681 -0.002890  0.084900  -0.000149  0.996876  -0.054998  -0.056688  0.061235  0.084856  0.994510  -0.049886  -0.994874  0.087959  0.000164  -0.000128  -0.000539  0.000000  0.000000  0.000000  2.000000  
66.235684 -0.002890  0.084899  -0.000149  0.996889  -0.054981  -0.056483  0.061030  0.084868  0.994521  -0.049886  -0.994874  0.087959  0.000164  -0.000128  -0.000538  0.000000  0.000000  0.000000  2.000000  
66.236685 -0.002892  0.084896  -0.000150  0.996883  -0.054866  -0.056699  0.061235  0.084864  0.994509  -0.049753  -0.994881  0.087960  0.000024  -0.000318  -0.000600  0.000000  0.000000  0.000000  2.000000  
66.237932 -0.002894  0.084891  -0.000152  0.996877  -0.054509  -0.057138  0.061647  0.084987  0.994473  -0.049352  -0.994890  0.088082  -0.000156  -0.000650  -0.000656  0.000000  0.000000  0.000000  2.000000  
66.238933 -0.002897  0.084887  -0.000153  0.996878  -0.054261  -0.057366  0.061853  0.084992  0.994460  -0.049084  -0.994903  0.088083  -0.000310  -0.000897  -0.000703  0.000000  0.000000  0.000000  2.000000  
66.239936 -0.002899  0.084883  -0.000154  0.996871  -0.054145  -0.057582  0.062059  0.084990  0.994447  -0.048951  -0.994910  0.088084  -0.000498  -0.001186  -0.000699  0.000000  0.000000  0.000000  2.000000  
66.240940 -0.002901  0.084879  -0.000155  0.996878  -0.054012  -0.057594  0.062059  0.084998  0.994447  -0.048817  -0.994916  0.088084  -0.000671  -0.001442  -0.000726  0.000000  0.000000  0.000000  2.000000  
66.241941 -0.002905  0.084875  -0.000156  0.996865  -0.054037  -0.057792  0.062264  0.085107  0.994424  -0.048817  -0.994905  0.088205  -0.000908  -0.001746  -0.000791  0.000000  0.000000  0.000000  2.000000  
66.243191 -0.002908  0.084868  -0.000158  0.996859  -0.053922  -0.058009  0.062470  0.085104  0.994412  -0.048683  -0.994912  0.088206  -0.001144  -0.002149  -0.000873  0.000000  0.000000  0.000000  2.000000  
66.244440 -0.002911  0.084863  -0.000159  0.996859  -0.053680  -0.058231  0.062676  0.085231  0.994388  -0.048416  -0.994914  0.088327  -0.001350  -0.002528  -0.000936  0.000000  0.000000  0.000000  2.000000  
66.245686 -0.002914  0.084857  -0.000162  0.996846  -0.053457  -0.058657  0.063087  0.085346  0.994352  -0.048149  -0.994916  0.088449  -0.001592  -0.002909  -0.001030  0.000000  0.000000  0.000000  2.000000  
66.246689 -0.002917  0.084852  -0.000164  0.996846  -0.053216  -0.058879  0.063293  0.085472  0.994328  -0.047882  -0.994918  0.088571  -0.001814  -0.003217  -0.001126  0.000000  0.000000  0.000000  2.000000  
66.247691 -0.002921  0.084847  -0.000166  0.996852  -0.052842  -0.059113  0.063500  0.085608  0.994303  -0.047481  -0.994927  0.088693  -0.002085  -0.003578  -0.001293  0.000000  0.000000  0.000000  2.000000  
66.248937 -0.002927  0.084839  -0.000172  0.996844  -0.052486  -0.059551  0.063911  0.085732  0.994266  -0.047080  -0.994935  0.088816  -0.002473  -0.004116  -0.001595  0.000000  0.000000  0.000000  2.000000  
66.250188 -0.002934  0.084829  -0.000177  0.996850  -0.052112  -0.059785  0.064118  0.085867  0.994241  -0.046679  -0.994943  0.088938  -0.002969  -0.004822  -0.001941  0.000000  0.000000  0.000000  2.000000  
66.251437 -0.002943  0.084816  -0.000183  0.996849  -0.051879  -0.060001  0.064324  0.086115  0.994207  -0.046411  -0.994934  0.089181  -0.003413  -0.005381  -0.002180  0.000000  0.000000  0.000000  2.000000  
66.252682 -0.002951  0.084804  -0.000187  0.996855  -0.051506  -0.060235  0.064530  0.086251  0.994181  -0.046010  -0.994941  0.089303  -0.003781  -0.005863  -0.002304  0.000000  0.000000  0.000000  2.000000  
66.253684 -0.002957  0.084794  -0.000190  0.996867  -0.051254  -0.060247  0.064531  0.086509  0.994159  -0.045743  -0.994932  0.089545  -0.004055  -0.006236  -0.002425  0.000000  0.000000  0.000000  2.000000  
66.254684 -0.002964  0.084785  -0.000192  0.996872  -0.050881  -0.060481  0.064737  0.086645  0.994134  -0.045342  -0.994939  0.089668  -0.004342  -0.006633  -0.002507  0.000000  0.000000  0.000000  2.000000  
66.255686 -0.002971  0.084775  -0.000193  0.996884  -0.050623  -0.060499  0.064738  0.086783  0.994122  -0.045075  -0.994940  0.089790  -0.004632  -0.007039  -0.002543  0.000000  0.000000  0.000000  2.000000  
66.256934 -0.002979  0.084763  -0.000194  0.996908  -0.050106  -0.060535  0.064740  0.087058  0.994097  -0.044540  -0.994942  0.090033  -0.004933  -0.007469  -0.002540  -0.059679  0.133076  0.168698  2.000000  
66.257942 -0.002984  0.084753  -0.000195  0.996906  -0.049873  -0.060751  0.064946  0.087307  0.994062  -0.044273  -0.994932  0.090276  -0.005180  -0.007837  -0.002515  -0.067496  0.140728  0.176952  2.000000  
66.259191 -0.002991  0.084740  -0.000197  0.996930  -0.049356  -0.060787  0.064947  0.087582  0.994038  -0.043738  -0.994934  0.090519  -0.005460  -0.008325  -0.002520  -0.075677  0.142353  0.194838  2.000000  
66.260439 -0.002998  0.084727  -0.000198  0.996947  -0.048965  -0.060818  0.064948  0.087729  0.994025  -0.043337  -0.994940  0.090641  -0.005615  -0.008741  -0.002480  -0.079788  0.143592  0.208289  2.000000  
66.261687 -0.003005  0.084714  -0.000200  0.996983  -0.048431  -0.060650  0.064745  0.088015  0.994013  -0.042802  -0.994941  0.090885  -0.005855  -0.009221  -0.002454  -0.088304  0.138364  0.226828  2.000000  
66.262689 -0.003011  0.084704  -0.000202  0.997006  -0.047914  -0.060687  0.064746  0.088290  0.993988  -0.042268  -0.994942  0.091128  -0.005988  -0.009537  -0.002386  -0.100562  0.139989  0.244729  2.000000  
66.263937 -0.003017  0.084690  -0.000205  0.997029  -0.047405  -0.060718  0.064747  0.088686  0.993953  -0.041733  -0.994931  0.091492  -0.006035  -0.009942  -0.002177  -0.112824  0.141652  0.262620  2.000000  
66.265188 -0.003025  0.084676  -0.000207  0.997051  -0.046895  -0.060750  0.064749  0.089083  0.993917  -0.041198  -0.994920  0.091856  -0.006061  -0.010235  -0.001936  -0.124791  0.150230  0.279933  2.000000  
66.266451 -0.003032  0.084661  -0.000208  0.997067  -0.046519  -0.060770  0.064750  0.089470  0.993883  -0.040797  -0.994903  0.092220  -0.005959  -0.010363  -0.001637  -0.137297  0.144134  0.289337  2.000000  
66.267684 -0.003039  0.084646  -0.000209  0.997097  -0.046117  -0.060591  0.064546  0.089747  0.993871  -0.040396  -0.994896  0.092463  -0.005871  -0.010576  -0.001412  -0.141239  0.122990  0.293366  2.000000  
66.268686 -0.003045  0.084634  -0.000208  0.997121  -0.045847  -0.060400  0.064341  0.090014  0.993860  -0.040129  -0.994885  0.092705  -0.005829  -0.010706  -0.001251  -0.151211  0.109871  0.292552  2.000000  
66.269932 -0.003052  0.084620  -0.000208  0.997131  -0.045603  -0.060408  0.064342  0.090393  0.993826  -0.039861  -0.994861  0.093068  -0.005755  -0.010843  -0.001059  -0.162440  0.102611  0.295228  2.000000  
66.270934 -0.003058  0.084608  -0.000208  0.997161  -0.045201  -0.060230  0.064138  0.090669  0.993814  -0.039460  -0.994855  0.093311  -0.005763  -0.010985  -0.001035  -0.170866  0.096638  0.304750  2.000000  
66.272192 -0.003066  0.084593  -0.000210  0.997182  -0.044684  -0.060269  0.064139  0.090945  0.993788  -0.038926  -0.994853  0.093554  -0.005721  -0.011176  -0.001023  -0.176722  0.091857  0.321390  2.000000  
66.273433 -0.003073  0.084578  -0.000211  0.997215  -0.044156  -0.060098  0.063935  0.091350  0.993764  -0.038391  -0.994839  0.093918  -0.005699  -0.011322  -0.001013  -0.187979  0.079111  0.337685  2.000000  
66.274451 -0.003078  0.084566  -0.000212  0.997231  -0.043779  -0.060120  0.063936  0.091737  0.993729  -0.037990  -0.994820  0.094282  -0.005713  -0.011459  -0.000977  -0.198183  0.066449  0.345993  2.000000  
66.275689 -0.003084  0.084551  -0.000212  0.997246  -0.043403  -0.060142  0.063937  0.092124  0.993693  -0.037589  -0.994801  0.094645  -0.005658  -0.011559  -0.000901  -0.206727  0.060089  0.351231  2.000000  
66.276693 -0.003089  0.084540  -0.000213  0.997269  -0.043133  -0.059952  0.063732  0.092391  0.993681  -0.037321  -0.994788  0.094887  -0.005594  -0.011675  -0.000814  -0.211391  0.045970  0.347994  2.000000  
66.277938 -0.003095  0.084524  -0.000213  0.997292  -0.042870  -0.059757  0.063528  0.092778  0.993658  -0.037054  -0.994763  0.095250  -0.005548  -0.011775  -0.000623  -0.218624  0.025197  0.347034  2.000000  
66.279189 -0.003102  0.084508  -0.000213  0.997315  -0.042607  -0.059563  0.063323  0.093165  0.993635  -0.036786  -0.994739  0.095613  -0.005560  -0.011961  -0.000478  -0.225099  0.010914  0.342239  2.000000  
66.280438 -0.003110  0.084492  -0.000213  0.997338  -0.042351  -0.059363  0.063118  0.093673  0.993600  -0.036519  -0.994702  0.096097  -0.005551  -0.012017  -0.000319  -0.236003  -0.002728  0.340777  2.000000  
66.281439 -0.003116  0.084479  -0.000213  0.997347  -0.042099  -0.059378  0.063119  0.093931  0.993576  -0.036251  -0.994688  0.096339  -0.005589  -0.012127  -0.000288  -0.242241  -0.009989  0.339666  2.000000  
66.282448 -0.003122  0.084466  -0.000213  0.997357  -0.041855  -0.059389  0.063119  0.094309  0.993540  -0.035984  -0.994663  0.096702  -0.005615  -0.012197  -0.000319  -0.250560  -0.016783  0.340167  2.000000  
66.283684 -0.003130  0.084448  -0.000215  0.997384  -0.041459  -0.059208  0.062915  0.094705  0.993515  -0.035583  -0.994642  0.097065  -0.005659  -0.012371  -0.000448  -0.255020  -0.023573  0.340984  2.000000  
66.284685 -0.003137  0.084435  -0.000218  0.997394  -0.041215  -0.059219  0.062916  0.095083  0.993479  -0.035316  -0.994616  0.097428  -0.005731  -0.012555  -0.000664  -0.261594  -0.031041  0.340069  2.000000  
66.285932 -0.003146  0.084416  -0.000223  0.997416  -0.040951  -0.059026  0.062711  0.095470  0.993455  -0.035048  -0.994590  0.097791  -0.005816  -0.012756  -0.000990  -0.265573  -0.037269  0.335045  2.000000  
66.286933 -0.003153  0.084403  -0.000228  0.997438  -0.040680  -0.058837  0.062506  0.095736  0.993442  -0.034781  -0.994575  0.098033  -0.005907  -0.012909  -0.001239  -0.269859  -0.044455  0.331247  2.000000  
66.288183 -0.003162  0.084385  -0.000234  0.997448  -0.040436  -0.058849  0.062507  0.096114  0.993406  -0.034513  -0.994549  0.098396  -0.006009  -0.013043  -0.001545  -0.274175  -0.051609  0.327502  2.000000  
66.289192 -0.003169  0.084372  -0.000238  0.997470  -0.040172  -0.058656  0.062302  0.096500  0.993381  -0.034246  -0.994522  0.098759  -0.006143  -0.013143  -0.001764  -0.280726  -0.059666  0.321893  2.000000  
66.290434 -0.003178  0.084355  -0.000242  0.997479  -0.039921  -0.058673  0.062302  0.096758  0.993356  -0.033978  -0.994507  0.099001  -0.006368  -0.013284  -0.001988  -0.282475  -0.059126  0.319299  2.000000  
66.291442 -0.003186  0.084342  -0.000245  0.997501  -0.039656  -0.058480  0.062098  0.097144  0.993331  -0.033711  -0.994480  0.099364  -0.006555  -0.013357  -0.002165  -0.288797  -0.060364  0.312943  2.000000  
66.292443 -0.003194  0.084329  -0.000249  0.997510  -0.039412  -0.058492  0.062098  0.097522  0.993294  -0.033443  -0.994453  0.099727  -0.006742  -0.013457  -0.002420  -0.292851  -0.061132  0.304024  2.000000  
66.293688 -0.003205  0.084311  -0.000254  0.997518  -0.039168  -0.058505  0.062099  0.097900  0.993257  -0.033176  -0.994425  0.100089  -0.007026  -0.013577  -0.002763  -0.292846  -0.061891  0.295125  2.000000  
66.294936 -0.003216  0.084293  -0.000259  0.997536  -0.039043  -0.058295  0.061894  0.098398  0.993220  -0.033042  -0.994381  0.100572  -0.007317  -0.013692  -0.003147  -0.297171  -0.069954  0.282407  2.000000  
66.296186 -0.003228  0.084275  -0.000265  0.997544  -0.038806  -0.058303  0.061894  0.098897  0.993171  -0.032775  -0.994341  0.101056  -0.007578  -0.013786  -0.003492  -0.301355  -0.070303  0.278089  2.000000  
66.297188 -0.003237  0.084261  -0.000270  0.997562  -0.038667  -0.058102  0.061689  0.099154  0.993158  -0.032641  -0.994321  0.101297  -0.007810  -0.013857  -0.003860  -0.301137  -0.070626  0.273447  2.000000  
66.298190 -0.003247  0.084247  -0.000276  0.997566  -0.038555  -0.058102  0.061689  0.099523  0.993121  -0.032507  -0.994288  0.101660  -0.008090  -0.013923  -0.004158  -0.305212  -0.070985  0.269009  2.000000  
66.299439 -0.003260  0.084229  -0.000283  0.997575  -0.038311  -0.058115  0.061690  0.099901  0.993083  -0.032240  -0.994260  0.102022  -0.008359  -0.013971  -0.004409  -0.308982  -0.064456  0.263859  2.000000  
66.300684 -0.003273  0.084212  -0.000290  0.997583  -0.038073  -0.058124  0.061691  0.100399  0.993033  -0.031972  -0.994218  0.102505  -0.008576  -0.013893  -0.004497  -0.314311  -0.057017  0.261085  2.000000  
66.301685 -0.003283  0.084198  -0.000295  0.997600  -0.037934  -0.057924  0.061485  0.100656  0.993020  -0.031839  -0.994198  0.102747  -0.008795  -0.013866  -0.004529  -0.313024  -0.065611  0.250493  2.000000  
66.302932 -0.003295  0.084181  -0.000301  0.997609  -0.037689  -0.057938  0.061486  0.101034  0.992981  -0.031571  -0.994169  0.103110  -0.008967  -0.013788  -0.004583  -0.314505  -0.065445  0.244047  2.000000  
66.303932 -0.003305  0.084168  -0.000307  0.997613  -0.037578  -0.057938  0.061486  0.101404  0.992943  -0.031438  -0.994135  0.103472  -0.009243  -0.013846  -0.004679  -0.318288  -0.059428  0.234513  2.000000  
66.304933 -0.003315  0.084154  -0.000312  0.997617  -0.037459  -0.057942  0.061486  0.101653  0.992918  -0.031304  -0.994114  0.103714  -0.009374  -0.013867  -0.004805  -0.314334  -0.060263  0.225733  2.000000  
66.305934 -0.003325  0.084141  -0.000318  0.997634  -0.037326  -0.057738  0.061281  0.102030  0.992892  -0.031170  -0.994081  0.104076  -0.009554  -0.013893  -0.004945  -0.318473  -0.067440  0.221906  2.000000  
66.306934 -0.003335  0.084126  -0.000324  0.997638  -0.037208  -0.057743  0.061282  0.102279  0.992866  -0.031036  -0.994060  0.104317  -0.009701  -0.013922  -0.005144  -0.314224  -0.061003  0.216837  2.000000  
66.307943 -0.003346  0.084113  -0.000331  0.997642  -0.037096  -0.057744  0.061282  0.102648  0.992828  -0.030903  -0.994026  0.104679  -0.009870  -0.013891  -0.005353  -0.316452  -0.054976  0.213405  2.000000  
66.309187 -0.003359  0.084096  -0.000339  0.997646  -0.036984  -0.057744  0.061282  0.103018  0.992790  -0.030769  -0.993992  0.105042  -0.009981  -0.013884  -0.005555  -0.317704  -0.048093  0.206579  2.000000  
66.310190 -0.003369  0.084082  -0.000346  0.997667  -0.036711  -0.057559  0.061077  0.103282  0.992775  -0.030501  -0.993974  0.105284  -0.010072  -0.013866  -0.005744  -0.312161  -0.048416  0.208307  2.000000  
66.311439 -0.003381  0.084065  -0.000354  0.997671  -0.036600  -0.057560  0.061077  0.103652  0.992737  -0.030368  -0.993940  0.105646  -0.010092  -0.013797  -0.005887  -0.313617  -0.048406  0.202167  2.000000  
66.312440 -0.003391  0.084052  -0.000360  0.997675  -0.036488  -0.057560  0.061078  0.104021  0.992698  -0.030234  -0.993906  0.106008  -0.010086  -0.013676  -0.005894  -0.313684  -0.048797  0.197798  2.000000  
66.313686 -0.003404  0.084036  -0.000367  0.997692  -0.036355  -0.057357  0.060873  0.104398  0.992671  -0.030100  -0.993871  0.106370  -0.010090  -0.013579  -0.005878  -0.312131  -0.050025  0.190475  2.000000  
66.314689 -0.003413  0.084023  -0.000372  0.997700  -0.036103  -0.057377  0.060873  0.104655  0.992644  -0.029833  -0.993853  0.106612  -0.010024  -0.013425  -0.005821  -0.308006  -0.049963  0.190471  2.000000  
66.315973 -0.003425  0.084009  -0.000377  0.997704  -0.035984  -0.057382  0.060873  0.104904  0.992618  -0.029699  -0.993831  0.106853  -0.009954  -0.013241  -0.005722  -0.303353  -0.043899  0.180633  2.000000  
66.317182 -0.003437  0.083994  -0.000383  0.997724  -0.035718  -0.057193  0.060668  0.105289  0.992589  -0.029431  -0.993800  0.107216  -0.009934  -0.013171  -0.005705  -0.305236  -0.043076  0.183804  2.000000  
66.318187 -0.003446  0.083982  -0.000388  0.997728  -0.035599  -0.057199  0.060669  0.105537  0.992563  -0.029298  -0.993778  0.107457  -0.009911  -0.013048  -0.005652  -0.303693  -0.044307  0.176406  2.000000  
66.319437 -0.003458  0.083967  -0.000394  0.997732  -0.035487  -0.057201  0.060669  0.105907  0.992524  -0.029164  -0.993743  0.107819  -0.009871  -0.012921  -0.005632  -0.305006  -0.037066  0.174255  2.000000  
66.320687 -0.003470  0.083952  -0.000401  0.997752  -0.035221  -0.057012  0.060464  0.106291  0.992495  -0.028896  -0.993711  0.108182  -0.009782  -0.012804  -0.005610  -0.305182  -0.044286  0.170533  2.000000  
66.321687 -0.003480  0.083939  -0.000407  0.997752  -0.035241  -0.056999  0.060464  0.106652  0.992456  -0.028896  -0.993672  0.108544  -0.009770  -0.012730  -0.005600  -0.305064  -0.038343  0.161018  2.000000  
66.322941 -0.003492  0.083924  -0.000414  0.997768  -0.035107  -0.056797  0.060259  0.107029  0.992428  -0.028763  -0.993636  0.108906  -0.009710  -0.012584  -0.005546  -0.305166  -0.045560  0.157260  2.000000  
66.324190 -0.003503  0.083910  -0.000422  0.997785  -0.034966  -0.056599  0.060054  0.107285  0.992413  -0.028629  -0.993613  0.109147  -0.009630  -0.012385  -0.005466  -0.295713  -0.053229  0.154861  2.000000  
66.325191 -0.003513  0.083898  -0.000427  0.997788  -0.034847  -0.056605  0.060054  0.107534  0.992386  -0.028495  -0.993591  0.109388  -0.009569  -0.012246  -0.005364  -0.295459  -0.046307  0.154130  2.000000  
66.326193 -0.003522  0.083887  -0.000433  0.997804  -0.034706  -0.056407  0.059849  0.107789  0.992371  -0.028362  -0.993568  0.109630  -0.009507  -0.012099  -0.005309  -0.291666  -0.053154  0.154916  2.000000  
66.327440 -0.003533  0.083873  -0.000440  0.997821  -0.034565  -0.056208  0.059643  0.108045  0.992355  -0.028228  -0.993545  0.109871  -0.009436  -0.011950  -0.005320  -0.283381  -0.053552  0.150401  2.000000  
66.328440 -0.003542  0.083862  -0.000445  0.997824  -0.034446  -0.056215  0.059644  0.108294  0.992328  -0.028094  -0.993522  0.110113  -0.009344  -0.011793  -0.005304  -0.283383  -0.053518  0.150420  2.000000  
66.329444 -0.003551  0.083850  -0.000452  0.997840  -0.034305  -0.056017  0.059438  0.108550  0.992312  -0.027960  -0.993499  0.110354  -0.009333  -0.011779  -0.005412  -0.279495  -0.060347  0.151166  2.000000  
66.330468 -0.003559  0.083839  -0.000458  0.997856  -0.034163  -0.055819  0.059233  0.108805  0.992297  -0.027827  -0.993476  0.110596  -0.009220  -0.011686  -0.005538  -0.275334  -0.067590  0.147303  2.000000  
66.331688 -0.003571  0.083824  -0.000467  0.997868  -0.034154  -0.055607  0.059028  0.109053  0.992282  -0.027827  -0.993449  0.110837  -0.009227  -0.011675  -0.005724  -0.271522  -0.068092  0.142996  2.000000  
66.332934 -0.003582  0.083809  -0.000475  0.997884  -0.034012  -0.055409  0.058823  0.109309  0.992266  -0.027693  -0.993426  0.111078  -0.009185  -0.011710  -0.005945  -0.267662  -0.075415  0.139303  2.000000  
66.334188 -0.003593  0.083794  -0.000485  0.997900  -0.033864  -0.055215  0.058617  0.109444  0.992263  -0.027559  -0.993416  0.111199  -0.009187  -0.011730  -0.006160  -0.259723  -0.082265  0.140076  2.000000  
66.335437 -0.003604  0.083779  -0.000493  0.997916  -0.033722  -0.055018  0.058412  0.109699  0.992247  -0.027425  -0.993393  0.111440  -0.009151  -0.011720  -0.006265  -0.253746  -0.088372  0.139696  2.000000  
66.336448 -0.003614  0.083767  -0.000500  0.997931  -0.033580  -0.054820  0.058207  0.109955  0.992231  -0.027292  -0.993369  0.111682  -0.009059  -0.011649  -0.006295  -0.253713  -0.088332  0.139707  2.000000  
66.337686 -0.003624  0.083753  -0.000508  0.997947  -0.033431  -0.054627  0.058002  0.110090  0.992228  -0.027158  -0.993359  0.111803  -0.009013  -0.011663  -0.006347  -0.245813  -0.095604  0.136041  2.000000  
66.338932 -0.003635  0.083738  -0.000517  0.997959  -0.033422  -0.054414  0.057796  0.110337  0.992212  -0.027158  -0.993332  0.112044  -0.008931  -0.011662  -0.006453  -0.241983  -0.102877  0.132393  2.000000  
66.339939 -0.003643  0.083726  -0.000524  0.997971  -0.033406  -0.054206  0.057591  0.110464  0.992210  -0.027158  -0.993319  0.112164  -0.008843  -0.011685  -0.006548  -0.235799  -0.104668  0.124563  2.000000  
66.340947 -0.003651  0.083714  -0.000531  0.997986  -0.033257  -0.054013  0.057385  0.110599  0.992207  -0.027024  -0.993308  0.112285  -0.008770  -0.011673  -0.006665  -0.227740  -0.111472  0.125295  2.000000  
66.342190 -0.003661  0.083700  -0.000541  0.997986  -0.033264  -0.054009  0.057385  0.110720  0.992194  -0.027024  -0.993295  0.112406  -0.008714  -0.011752  -0.006862  -0.219657  -0.111972  0.120895  2.000000  
66.343442 -0.003671  0.083685  -0.000551  0.997998  -0.033254  -0.053796  0.057180  0.110967  0.992178  -0.027024  -0.993268  0.112646  -0.008586  -0.011733  -0.007069  -0.215534  -0.112408  0.116438  2.000000  
66.344689 -0.003680  0.083671  -0.000562  0.998013  -0.033105  -0.053603  0.056975  0.111102  0.992174  -0.026890  -0.993257  0.112767  -0.008484  -0.011749  -0.007275  -0.211638  -0.119761  0.112753  2.000000  
66.345690 -0.003687  0.083660  -0.000572  0.998025  -0.033082  -0.053399  0.056769  0.111109  0.992186  -0.026890  -0.993257  0.112767  -0.008367  -0.011751  -0.007438  -0.203925  -0.127274  0.109194  2.000000  
66.346939 -0.003696  0.083645  -0.000583  0.998040  -0.032933  -0.053206  0.056564  0.111243  0.992182  -0.026757  -0.993247  0.112888  -0.008206  -0.011746  -0.007682  -0.195465  -0.127569  0.104606  2.000000  
66.347939 -0.003704  0.083633  -0.000593  0.998040  -0.032933  -0.053206  0.056564  0.111243  0.992182  -0.026757  -0.993247  0.112888  -0.008105  -0.011748  -0.007819  -0.187341  -0.128077  0.100172  2.000000  
66.348940 -0.003711  0.083621  -0.000602  0.998052  -0.032916  -0.052997  0.056359  0.111371  0.992180  -0.026757  -0.993234  0.113009  -0.007953  -0.011754  -0.007957  -0.183440  -0.135425  0.096485  2.000000  
66.349940 -0.003717  0.083609  -0.000611  0.998052  -0.032916  -0.052997  0.056359  0.111371  0.992180  -0.026757  -0.993234  0.113009  -0.007805  -0.011736  -0.008106  -0.171179  -0.135887  0.092029  2.000000  
66.351185 -0.003725  0.083594  -0.000623  0.998064  -0.032900  -0.052789  0.056153  0.111498  0.992177  -0.026757  -0.993220  0.113129  -0.007588  -0.011748  -0.008329  0.000000  0.000000  0.000000  2.000000  
66.352201 -0.003731  0.083582  -0.000631  0.998075  -0.032877  -0.052585  0.055948  0.111504  0.992188  -0.026757  -0.993220  0.113129  -0.007427  -0.011708  -0.008462  0.000000  0.000000  0.000000  2.000000  
66.353437 -0.003739  0.083568  -0.000643  0.998075  -0.032883  -0.052581  0.055948  0.111625  0.992174  -0.026757  -0.993206  0.113250  -0.007189  -0.011731  -0.008697  0.000000  0.000000  0.000000  2.000000  
66.354446 -0.003744  0.083556  -0.000653  0.998087  -0.032860  -0.052377  0.055742  0.111632  0.992185  -0.026757  -0.993206  0.113250  -0.006979  -0.011712  -0.008893  0.000000  0.000000  0.000000  2.000000  
66.355685 -0.003750  0.083542  -0.000665  0.998090  -0.032728  -0.052392  0.055742  0.111639  0.992184  -0.026623  -0.993210  0.113250  -0.006731  -0.011673  -0.009075  0.000000  0.000000  0.000000  2.000000  
66.356686 -0.003755  0.083531  -0.000675  0.998102  -0.032705  -0.052187  0.055537  0.111646  0.992195  -0.026623  -0.993210  0.113250  -0.006506  -0.011640  -0.009205  0.000000  0.000000  0.000000  2.000000  
66.357691 -0.003759  0.083520  -0.000685  0.998102  -0.032705  -0.052187  0.055537  0.111646  0.992195  -0.026623  -0.993210  0.113250  -0.006288  -0.011599  -0.009338  0.000000  0.000000  0.000000  2.000000  
66.358694 -0.003763  0.083509  -0.000695  0.998113  -0.032682  -0.051983  0.055331  0.111652  0.992206  -0.026623  -0.993210  0.113250  -0.006034  -0.011555  -0.009405  0.000000  0.000000  0.000000  2.000000  
66.359944 -0.003768  0.083496  -0.000707  0.998113  -0.032682  -0.051983  0.055331  0.111652  0.992206  -0.026623  -0.993210  0.113250  -0.005756  -0.011469  -0.009467  0.000000  0.000000  0.000000  2.000000  
66.361189 -0.003773  0.083484  -0.000719  0.998113  -0.032682  -0.051983  0.055331  0.111652  0.992206  -0.026623  -0.993210  0.113250  -0.005461  -0.011352  -0.009520  0.000000  0.000000  0.000000  2.000000  
66.362190 -0.003776  0.083474  -0.000728  0.998128  -0.032520  -0.051798  0.055126  0.111546  0.992229  -0.026489  -0.993227  0.113130  -0.005144  -0.011200  -0.009490  0.000000  0.000000  0.000000  2.000000  
66.363441 -0.003780  0.083461  -0.000740  0.998128  -0.032520  -0.051798  0.055126  0.111546  0.992229  -0.026489  -0.993227  0.113130  -0.004844  -0.011030  -0.009499  0.000000  0.000000  0.000000  2.000000  
66.364442 -0.003783  0.083452  -0.000749  0.998128  -0.032520  -0.051798  0.055126  0.111546  0.992229  -0.026489  -0.993227  0.113130  -0.004536  -0.010872  -0.009526  0.000000  0.000000  0.000000  2.000000  
66.365690 -0.003786  0.083440  -0.000761  0.998136  -0.032623  -0.051583  0.054920  0.111425  0.992254  -0.026623  -0.993237  0.113009  -0.004227  -0.010668  -0.009558  0.000000  0.000000  0.000000  2.000000  
66.366970 -0.003789  0.083429  -0.000773  0.998136  -0.032623  -0.051583  0.054920  0.111425  0.992254  -0.026623  -0.993237  0.113009  -0.003957  -0.010471  -0.009598  0.000000  0.000000  0.000000  2.000000  
66.368187 -0.003792  0.083418  -0.000785  0.998147  -0.032600  -0.051378  0.054715  0.111432  0.992265  -0.026623  -0.993237  0.113009  -0.003673  -0.010206  -0.009610  0.000000  0.000000  0.000000  2.000000  
66.369187 -0.003794  0.083409  -0.000795  0.998151  -0.032461  -0.051397  0.054715  0.111319  0.992277  -0.026489  -0.993254  0.112889  -0.003388  -0.009986  -0.009607  0.000000  0.000000  0.000000  2.000000  
66.370188 -0.003796  0.083401  -0.000804  0.998151  -0.032461  -0.051397  0.054715  0.111319  0.992277  -0.026489  -0.993254  0.112889  -0.003154  -0.009756  -0.009566  0.000000  0.000000  0.000000  2.000000  
66.371188 -0.003796  0.083394  -0.000813  0.998162  -0.032432  -0.051197  0.054510  0.111205  0.992301  -0.026489  -0.993268  0.112769  -0.002915  -0.009507  -0.009501  0.000000  0.000000  0.000000  2.000000  
66.372441 -0.003797  0.083385  -0.000823  0.998162  -0.032426  -0.051201  0.054510  0.111085  0.992315  -0.026489  -0.993282  0.112648  -0.002559  -0.009140  -0.009392  0.000000  0.000000  0.000000  2.000000  
66.373682 -0.003798  0.083377  -0.000834  0.998177  -0.032270  -0.051012  0.054304  0.111099  0.992325  -0.026355  -0.993285  0.112649  -0.002288  -0.008831  -0.009278  0.000000  0.000000  0.000000  2.000000  
66.374691 -0.003798  0.083371  -0.000842  0.998177  -0.032264  -0.051016  0.054304  0.110978  0.992338  -0.026355  -0.993299  0.112528  -0.002030  -0.008525  -0.009148  0.000000  0.000000  0.000000  2.000000  
66.375693 -0.003798  0.083365  -0.000850  0.998177  -0.032258  -0.051019  0.054304  0.110858  0.992352  -0.026355  -0.993313  0.112408  -0.001753  -0.008212  -0.009092  0.000000  0.000000  0.000000  2.000000  
66.376938 -0.003797  0.083357  -0.000860  0.998188  -0.032229  -0.050819  0.054099  0.110744  0.992375  -0.026355  -0.993326  0.112287  -0.001464  -0.007892  -0.008960  0.000000  0.000000  0.000000  2.000000  
66.378187 -0.003797  0.083350  -0.000871  0.998199  -0.032206  -0.050615  0.053893  0.110751  0.992386  -0.026355  -0.993326  0.112287  -0.001167  -0.007551  -0.008860  0.000000  0.000000  0.000000  2.000000  
66.379188 -0.003797  0.083345  -0.000879  0.998202  -0.032067  -0.050634  0.053894  0.110638  0.992399  -0.026222  -0.993343  0.112167  -0.000972  -0.007298  -0.008775  0.000000  0.000000  0.000000  2.000000  
66.380438 -0.003795  0.083339  -0.000888  0.998213  -0.032038  -0.050433  0.053688  0.110524  0.992422  -0.026222  -0.993357  0.112046  -0.000664  -0.006907  -0.008639  0.000000  0.000000  0.000000  2.000000  
66.381439 -0.003795  0.083334  -0.000897  0.998213  -0.032032  -0.050437  0.053688  0.110403  0.992436  -0.026222  -0.993371  0.111926  -0.000430  -0.006615  -0.008581  0.000000  0.000000  0.000000  2.000000  
66.382463 -0.003793  0.083330  -0.000904  0.998228  -0.031871  -0.050252  0.053483  0.110297  0.992459  -0.026088  -0.993388  0.111806  -0.000168  -0.006247  -0.008410  0.000000  0.000000  0.000000  2.000000  
66.383684 -0.003792  0.083325  -0.000915  0.998228  -0.031859  -0.050259  0.053483  0.110056  0.992485  -0.026088  -0.993415  0.111565  0.000090  -0.005939  -0.008306  0.000000  0.000000  0.000000  2.000000  
66.384945 -0.003790  0.083320  -0.000924  0.998239  -0.031830  -0.050059  0.053277  0.109942  0.992509  -0.026088  -0.993428  0.111444  0.000390  -0.005475  -0.008182  0.000000  0.000000  0.000000  2.000000  
66.386184 -0.003787  0.083317  -0.000933  0.998253  -0.031668  -0.049873  0.053072  0.109835  0.992532  -0.025954  -0.993445  0.111324  0.000607  -0.005145  -0.008029  0.000000  0.000000  0.000000  2.000000  
66.387437 -0.003785  0.083313  -0.000942  0.998253  -0.031656  -0.049881  0.053072  0.109595  0.992559  -0.025954  -0.993472  0.111083  0.000840  -0.004794  -0.007898  0.000000  0.000000  0.000000  2.000000  
66.388688 -0.003782  0.083311  -0.000951  0.998264  -0.031628  -0.049681  0.052866  0.109481  0.992582  -0.025954  -0.993486  0.110963  0.001097  -0.004390  -0.007811  0.000000  0.000000  0.000000  2.000000  
66.389691 -0.003779  0.083309  -0.000957  0.998264  -0.031622  -0.049684  0.052866  0.109360  0.992595  -0.025954  -0.993499  0.110842  0.001252  -0.004117  -0.007714  0.000000  0.000000  0.000000  2.000000  
66.390941 -0.003775  0.083307  -0.000966  0.998279  -0.031460  -0.049499  0.052661  0.109253  0.992618  -0.025820  -0.993516  0.110722  0.001514  -0.003696  -0.007613  0.000000  0.000000  0.000000  2.000000  
66.391941 -0.003773  0.083306  -0.000973  0.998279  -0.031448  -0.049506  0.052661  0.109013  0.992644  -0.025820  -0.993543  0.110481  0.001647  -0.003427  -0.007493  0.000000  0.000000  0.000000  2.000000  
66.392942 -0.003771  0.083304  -0.000980  0.998289  -0.031420  -0.049306  0.052456  0.108899  0.992668  -0.025820  -0.993556  0.110361  0.001790  -0.003139  -0.007415  0.000000  0.000000  0.000000  2.000000  
66.394188 -0.003767  0.083303  -0.000988  0.998289  -0.031414  -0.049310  0.052456  0.108778  0.992681  -0.025820  -0.993570  0.110240  0.001976  -0.002776  -0.007282  0.000000  0.000000  0.000000  2.000000  
66.395194 -0.003765  0.083302  -0.000995  0.998304  -0.031253  -0.049124  0.052250  0.108671  0.992704  -0.025687  -0.993586  0.110120  0.002086  -0.002511  -0.007223  0.000000  0.000000  0.000000  2.000000  
66.396450 -0.003761  0.083301  -0.001003  0.998304  -0.031241  -0.049131  0.052250  0.108430  0.992730  -0.025687  -0.993613  0.109879  0.002262  -0.002166  -0.007043  0.000000  0.000000  0.000000  2.000000  
66.397689 -0.003757  0.083300  -0.001011  0.998314  -0.031213  -0.048931  0.052045  0.108316  0.992753  -0.025687  -0.993626  0.109758  0.002413  -0.001888  -0.006938  0.000000  0.000000  0.000000  2.000000  
66.398938 -0.003754  0.083300  -0.001019  0.998314  -0.031201  -0.048938  0.052045  0.108076  0.992779  -0.025687  -0.993653  0.109517  0.002520  -0.001582  -0.006832  0.000000  0.000000  0.000000  2.000000  
66.399938 -0.003751  0.083300  -0.001025  0.998325  -0.031173  -0.048738  0.051839  0.107962  0.992803  -0.025687  -0.993666  0.109397  0.002596  -0.001376  -0.006724  0.000000  0.000000  0.000000  2.000000  
66.400940 -0.003748  0.083300  -0.001032  0.998325  -0.031161  -0.048745  0.051839  0.107721  0.992829  -0.025687  -0.993693  0.109156  0.002681  -0.001165  -0.006688  0.000000  0.000000  0.000000  2.000000  
66.402183 -0.003744  0.083299  -0.001040  0.998325  -0.031149  -0.048753  0.051839  0.107480  0.992855  -0.025687  -0.993719  0.108915  0.002767  -0.000948  -0.006643  0.000000  0.000000  0.000000  2.000000  
66.403187 -0.003741  0.083299  -0.001046  0.998336  -0.031121  -0.048552  0.051634  0.107366  0.992878  -0.025687  -0.993732  0.108794  0.002767  -0.000847  -0.006623  0.000000  0.000000  0.000000  2.000000  
66.404436 -0.003737  0.083298  -0.001054  0.998339  -0.030976  -0.048574  0.051634  0.107132  0.992903  -0.025553  -0.993762  0.108553  0.002834  -0.000729  -0.006550  0.000000  0.000000  0.000000  2.000000  
66.405685 -0.003733  0.083298  -0.001062  0.998350  -0.030943  -0.048377  0.051428  0.106897  0.992939  -0.025553  -0.993788  0.108312  0.002864  -0.000607  -0.006511  0.000000  0.000000  0.000000  2.000000  
66.406686 -0.003731  0.083298  -0.001068  0.998350  -0.030937  -0.048381  0.051428  0.106777  0.992952  -0.025553  -0.993802  0.108192  0.002876  -0.000556  -0.006474  0.000000  0.000000  0.000000  2.000000  
66.407687 -0.003728  0.083297  -0.001074  0.998350  -0.030925  -0.048389  0.051428  0.106536  0.992978  -0.025553  -0.993828  0.107951  0.002905  -0.000476  -0.006386  0.000000  0.000000  0.000000  2.000000  
66.408935 -0.003724  0.083296  -0.001082  0.998360  -0.030891  -0.048192  0.051223  0.106302  0.993014  -0.025553  -0.993854  0.107710  0.002921  -0.000448  -0.006336  0.000000  0.000000  0.000000  2.000000  
66.409937 -0.003721  0.083296  -0.001087  0.998360  -0.030880  -0.048199  0.051223  0.106061  0.993039  -0.025553  -0.993880  0.107468  0.002957  -0.000393  -0.006241  0.000000  0.000000  0.000000  2.000000  
66.411186 -0.003718  0.083295  -0.001094  0.998357  -0.031001  -0.048192  0.051223  0.105813  0.993066  -0.025687  -0.993903  0.107227  0.002941  -0.000387  -0.006207  0.000000  0.000000  0.000000  2.000000  
66.412442 -0.003714  0.083294  -0.001101  0.998367  -0.030967  -0.047995  0.051017  0.105578  0.993101  -0.025687  -0.993929  0.106986  0.002955  -0.000401  -0.006105  0.000000  0.000000  0.000000  2.000000  
66.413685 -0.003711  0.083293  -0.001108  0.998367  -0.030962  -0.047999  0.051017  0.105458  0.993114  -0.025687  -0.993942  0.106865  0.002921  -0.000466  -0.006071  0.000000  0.000000  0.000000  2.000000  
66.414933 -0.003708  0.083292  -0.001115  0.998367  -0.030950  -0.048007  0.051017  0.105217  0.993140  -0.025687  -0.993968  0.106624  0.002859  -0.000521  -0.005976  0.000000  0.000000  0.000000  2.000000  
66.415935 -0.003705  0.083291  -0.001120  0.998378  -0.030917  -0.047810  0.050811  0.104982  0.993175  -0.025687  -0.993993  0.106383  0.002811  -0.000580  -0.005911  0.000000  0.000000  0.000000  2.000000  
66.417186 -0.003703  0.083290  -0.001127  0.998378  -0.030905  -0.047817  0.050811  0.104741  0.993201  -0.025687  -0.994019  0.106142  0.002754  -0.000630  -0.005821  0.000000  0.000000  0.000000  2.000000  
66.418434 -0.003700  0.083288  -0.001134  0.998378  -0.030893  -0.047825  0.050811  0.104501  0.993226  -0.025687  -0.994045  0.105901  0.002669  -0.000717  -0.005767  0.169479  -0.067803  0.016448  2.000000  
66.419437 -0.003698  0.083287  -0.001139  0.998388  -0.030866  -0.047624  0.050606  0.104386  0.993248  -0.025687  -0.994058  0.105780  0.002599  -0.000788  -0.005628  0.167953  -0.074088  0.017052  2.000000  
66.420684 -0.003695  0.083286  -0.001145  0.998388  -0.030855  -0.047631  0.050606  0.104145  0.993274  -0.025687  -0.994083  0.105539  0.002531  -0.000821  -0.005543  0.172116  -0.067726  0.011856  2.000000  
66.421684 -0.003693  0.083284  -0.001151  0.998388  -0.030843  -0.047639  0.050606  0.103905  0.993299  -0.025687  -0.994109  0.105298  0.002483  -0.000881  -0.005478  0.176184  -0.067737  0.011845  2.000000  
66.422685 -0.003691  0.083283  -0.001155  0.998399  -0.030810  -0.047442  0.050400  0.103670  0.993334  -0.025687  -0.994134  0.105057  0.002421  -0.000936  -0.005382  0.180220  -0.067736  0.011832  2.000000  
66.423945 -0.003689  0.083282  -0.001161  0.998399  -0.030799  -0.047449  0.050400  0.103429  0.993359  -0.025687  -0.994160  0.104816  0.002318  -0.000990  -0.005308  0.181650  -0.068277  0.011910  2.000000  
66.424959 -0.003687  0.083280  -0.001166  0.998409  -0.030766  -0.047252  0.050195  0.103194  0.993394  -0.025687  -0.994185  0.104574  0.002248  -0.001020  -0.005216  0.185678  -0.068742  0.007425  2.000000  
66.426190 -0.003684  0.083278  -0.001172  0.998409  -0.030754  -0.047260  0.050195  0.102953  0.993419  -0.025687  -0.994211  0.104333  0.002207  -0.001107  -0.005145  0.185836  -0.068802  0.007414  2.000000  
66.427444 -0.003682  0.083277  -0.001177  0.998419  -0.030722  -0.047063  0.049989  0.102719  0.993454  -0.025687  -0.994236  0.104092  0.002138  -0.001138  -0.005056  0.189816  -0.068768  0.007398  2.000000  
66.428445 -0.003680  0.083276  -0.001182  0.998419  -0.030710  -0.047070  0.049989  0.102478  0.993478  -0.025687  -0.994261  0.103851  0.002083  -0.001174  -0.005001  0.189803  -0.068765  0.007381  2.000000  
66.429686 -0.003678  0.083274  -0.001187  0.998430  -0.030672  -0.046877  0.049784  0.102122  0.993525  -0.025687  -0.994299  0.103489  0.002061  -0.001188  -0.004929  0.198018  -0.068789  0.007366  2.000000  
66.430687 -0.003675  0.083273  -0.001192  0.998430  -0.030661  -0.046884  0.049784  0.101881  0.993550  -0.025687  -0.994324  0.103248  0.002044  -0.001226  -0.004844  0.198028  -0.068794  0.007350  2.000000  
66.431939 -0.003673  0.083272  -0.001197  0.998443  -0.030496  -0.046701  0.049578  0.101653  0.993584  -0.025553  -0.994352  0.103007  0.002007  -0.001234  -0.004738  0.197791  -0.075174  0.012535  2.000000  
66.433183 -0.003671  0.083270  -0.001202  0.998453  -0.030458  -0.046507  0.049373  0.101298  0.993630  -0.025553  -0.994390  0.102645  0.001996  -0.001210  -0.004600  0.204294  -0.074575  0.012417  2.000000  
66.434449 -0.003668  0.083269  -0.001206  0.998464  -0.030426  -0.046310  0.049167  0.101063  0.993664  -0.025553  -0.994415  0.102404  0.001994  -0.001204  -0.004485  0.205713  -0.082509  0.008755  2.000000  
66.435465 -0.003666  0.083269  -0.001210  0.998464  -0.030415  -0.046318  0.049167  0.100822  0.993689  -0.025553  -0.994439  0.102163  0.001981  -0.001164  -0.004367  0.205782  -0.075595  0.008003  2.000000  
66.436687 -0.003664  0.083267  -0.001215  0.998477  -0.030250  -0.046134  0.048962  0.100594  0.993722  -0.025419  -0.994468  0.101922  0.001989  -0.001133  -0.004294  0.205810  -0.082078  0.013191  2.000000  
66.437932 -0.003661  0.083267  -0.001219  0.998487  -0.030212  -0.045940  0.048756  0.100238  0.993768  -0.025419  -0.994505  0.101560  0.001968  -0.001063  -0.004186  0.212094  -0.088255  0.013786  2.000000  
66.438941 -0.003659  0.083266  -0.001223  0.998497  -0.030181  -0.045743  0.048551  0.100004  0.993802  -0.025419  -0.994529  0.101319  0.001966  -0.001007  -0.004117  0.213785  -0.088962  0.013874  2.000000  
66.440185 -0.003657  0.083266  -0.001227  0.998511  -0.030016  -0.045559  0.048345  0.099775  0.993835  -0.025285  -0.994557  0.101078  0.001960  -0.000927  -0.004061  0.211865  -0.094133  0.023327  2.000000  
66.441191 -0.003655  0.083266  -0.001231  0.998521  -0.029979  -0.045366  0.048140  0.099420  0.993880  -0.025285  -0.994594  0.100716  0.001980  -0.000846  -0.003945  0.217502  -0.101791  0.024209  2.000000  
66.442201 -0.003653  0.083265  -0.001234  0.998534  -0.029815  -0.045182  0.047934  0.099191  0.993913  -0.025151  -0.994622  0.100475  0.001975  -0.000788  -0.003869  0.217458  -0.101307  0.028650  2.000000  
66.443442 -0.003650  0.083265  -0.001238  0.998544  -0.029783  -0.044984  0.047729  0.098956  0.993947  -0.025151  -0.994646  0.100233  0.001981  -0.000677  -0.003761  0.221381  -0.108201  0.029351  2.000000  
66.444687 -0.003648  0.083265  -0.001242  0.998557  -0.029614  -0.044804  0.047523  0.098607  0.993991  -0.025018  -0.994686  0.099872  0.001950  -0.000586  -0.003638  0.225309  -0.114635  0.034508  2.000000  
66.445937 -0.003646  0.083265  -0.001246  0.998580  -0.029424  -0.044419  0.047112  0.098264  0.994045  -0.024884  -0.994725  0.099510  0.001934  -0.000523  -0.003536  0.229222  -0.121065  0.039659  2.000000  
66.447187 -0.003644  0.083265  -0.001249  0.998589  -0.029388  -0.044225  0.046907  0.097908  0.994089  -0.024884  -0.994761  0.099148  0.001915  -0.000464  -0.003440  0.233175  -0.127985  0.040342  2.000000  
