1-Time 2-Px 3-Py 4-Pz 5-R11 6-R21 7-R31 8-R12 9-R22 10-R32 11-R13 12-R23 13-R33 14-Vx 15-Vy 16-Vz 17-Wx 18-Wy 19-Wz 20-state 21-PR11 22-PR21 23-PR31 24-PR12 25-PR22 26-PR32 27-PR13 28-PR23 29-PR33 
76.037444 0.007064  0.090634  -0.012519  0.979197  0.199754  0.035655  -0.201122  0.978746  0.040086  -0.026890  -0.046423  0.998560  -0.003117  -0.000522  0.004931  0.000000  0.000000  0.000000  2.000000  
76.038451 0.007060  0.090633  -0.012514  0.979197  0.199750  0.035680  -0.201122  0.978741  0.040205  -0.026890  -0.046544  0.998554  -0.003186  -0.000561  0.004951  0.000000  0.000000  0.000000  2.000000  
76.039696 0.007055  0.090630  -0.012508  0.978944  0.200948  0.035885  -0.202330  0.978490  0.040252  -0.027024  -0.046665  0.998545  -0.003279  -0.000771  0.004911  0.000000  0.000000  0.000000  2.000000  
76.040945 0.007051  0.090625  -0.012503  0.978645  0.202341  0.036229  -0.203739  0.978197  0.040265  -0.027292  -0.046786  0.998532  -0.003351  -0.001031  0.004888  0.000000  0.000000  0.000000  2.000000  
76.042199 0.007046  0.090620  -0.012498  0.978424  0.203321  0.036712  -0.204744  0.977982  0.040383  -0.027693  -0.047028  0.998510  -0.003380  -0.001350  0.004808  0.000000  0.000000  0.000000  2.000000  
76.043445 0.007043  0.090615  -0.012492  0.978251  0.204116  0.036900  -0.205549  0.977811  0.040444  -0.027827  -0.047149  0.998500  -0.003370  -0.001668  0.004760  0.000000  0.000000  0.000000  2.000000  
76.044445 0.007040  0.090611  -0.012488  0.978085  0.204918  0.036853  -0.206356  0.977631  0.040678  -0.027693  -0.047391  0.998492  -0.003367  -0.001878  0.004741  0.072806  -0.034984  0.171645  2.000000  
76.045457 0.007037  0.090608  -0.012482  0.977837  0.206133  0.036667  -0.207565  0.977370  0.040806  -0.027425  -0.047513  0.998494  -0.003341  -0.002056  0.004774  0.075665  -0.027883  0.213229  2.000000  
76.046693 0.007034  0.090604  -0.012476  0.977497  0.207740  0.036654  -0.209176  0.977018  0.041011  -0.027292  -0.047755  0.998486  -0.003301  -0.002268  0.004790  0.078304  -0.026021  0.268842  2.000000  
76.047696 0.007031  0.090600  -0.012472  0.977238  0.208938  0.036755  -0.210383  0.976750  0.041203  -0.027292  -0.047997  0.998475  -0.003276  -0.002507  0.004741  0.081309  -0.028025  0.310499  2.000000  
76.048698 0.007030  0.090597  -0.012468  0.976930  0.210330  0.036996  -0.211791  0.976440  0.041358  -0.027425  -0.048239  0.998459  -0.003151  -0.002702  0.004622  0.087870  -0.035121  0.365292  2.000000  
76.049940 0.007028  0.090593  -0.012462  0.976529  0.212117  0.037385  -0.213599  0.976041  0.041469  -0.027693  -0.048481  0.998440  -0.002973  -0.002892  0.004643  0.089470  -0.046714  0.423593  2.000000  
76.050940 0.007027  0.090590  -0.012455  0.976216  0.213508  0.037627  -0.215005  0.975726  0.041623  -0.027827  -0.048723  0.998425  -0.002770  -0.002962  0.004739  0.092938  -0.053957  0.475267  2.000000  
76.051949 0.007027  0.090589  -0.012447  0.975857  0.215104  0.037852  -0.216612  0.975369  0.041651  -0.027960  -0.048844  0.998415  -0.002521  -0.003087  0.004954  0.095445  -0.061079  0.530215  2.000000  
76.053197 0.007027  0.090584  -0.012437  0.975451  0.216895  0.038112  -0.218419  0.974960  0.041788  -0.028094  -0.049086  0.998399  -0.002267  -0.003272  0.005197  0.097766  -0.068612  0.592121  2.000000  
76.054200 0.007026  0.090580  -0.012430  0.975135  0.218291  0.038225  -0.219824  0.974636  0.041969  -0.028094  -0.049328  0.998387  -0.001997  -0.003406  0.005383  0.100501  -0.071017  0.640400  2.000000  
76.055458 0.007027  0.090574  -0.012421  0.974772  0.219881  0.038374  -0.221430  0.974260  0.042261  -0.028094  -0.049692  0.998369  -0.001666  -0.003522  0.005639  0.111180  -0.073759  0.695487  2.000000  
76.056696 0.007026  0.090567  -0.012411  0.974409  0.221483  0.038367  -0.223036  0.973885  0.042463  -0.027960  -0.049934  0.998361  -0.001448  -0.003675  0.005903  0.113823  -0.072074  0.751191  2.000000  
76.057945 0.007027  0.090557  -0.012401  0.974037  0.223066  0.038648  -0.224639  0.973505  0.042724  -0.028094  -0.050297  0.998339  -0.001162  -0.003941  0.006194  0.120404  -0.079414  0.806228  2.000000  
76.059197 0.007030  0.090547  -0.012394  0.973662  0.224648  0.038931  -0.226243  0.973122  0.042985  -0.028228  -0.050660  0.998317  -0.000694  -0.004356  0.006376  0.131054  -0.086730  0.861274  2.000000  
76.060199 0.007034  0.090539  -0.012388  0.973331  0.226030  0.039205  -0.227645  0.972783  0.043252  -0.028362  -0.051023  0.998295  -0.000256  -0.004683  0.006418  0.137809  -0.093782  0.909382  2.000000  
76.061444 0.007038  0.090527  -0.012380  0.972998  0.227410  0.039480  -0.229046  0.972442  0.043519  -0.028495  -0.051386  0.998272  0.000216  -0.005172  0.006450  0.148639  -0.100805  0.957535  2.000000  
76.062696 0.007042  0.090514  -0.012374  0.972711  0.228590  0.039747  -0.230247  0.972146  0.043793  -0.028629  -0.051749  0.998250  0.000746  -0.005769  0.006590  0.155558  -0.107551  0.998633  2.000000  
76.063941 0.007047  0.090499  -0.012369  0.972422  0.229770  0.040014  -0.231447  0.971849  0.044067  -0.028763  -0.052113  0.998227  0.001168  -0.006429  0.006526  0.166593  -0.114287  1.040031  2.000000  
76.064944 0.007052  0.090487  -0.012367  0.972180  0.230753  0.040246  -0.232447  0.971603  0.044230  -0.028896  -0.052354  0.998210  0.001616  -0.007202  0.006381  0.169641  -0.120681  1.074373  2.000000  
76.066193 0.007058  0.090471  -0.012362  0.971892  0.231939  0.040385  -0.233648  0.971301  0.044534  -0.028896  -0.052718  0.998191  0.002064  -0.008058  0.006021  0.180690  -0.122920  1.115670  2.000000  
76.067448 0.007063  0.090454  -0.012357  0.971647  0.232917  0.040645  -0.234647  0.971047  0.044814  -0.029030  -0.053081  0.998168  0.002377  -0.008857  0.005694  0.191924  -0.129367  1.150253  2.000000  
76.068450 0.007067  0.090439  -0.012353  0.971453  0.233706  0.040739  -0.235447  0.970844  0.045016  -0.029030  -0.053323  0.998155  0.002669  -0.009579  0.005492  0.193589  -0.129860  1.167991  2.000000  
76.069703 0.007072  0.090422  -0.012347  0.971252  0.234477  0.041120  -0.236246  0.970638  0.045273  -0.029298  -0.053686  0.998128  0.003098  -0.010480  0.005256  0.203679  -0.134661  1.156595  2.000000  
76.070947 0.007077  0.090403  -0.012342  0.971053  0.235259  0.041345  -0.237044  0.970435  0.045443  -0.029431  -0.053928  0.998111  0.003384  -0.011241  0.004982  0.208091  -0.124879  1.136598  2.000000  
76.072199 0.007081  0.090384  -0.012337  0.970854  0.236041  0.041569  -0.237843  0.970232  0.045612  -0.029565  -0.054170  0.998094  0.003704  -0.012032  0.004586  0.206116  -0.119649  1.127244  2.000000  
76.073447 0.007084  0.090364  -0.012332  0.970703  0.236628  0.041755  -0.238442  0.970082  0.045672  -0.029699  -0.054290  0.998083  0.003775  -0.012606  0.004427  0.208075  -0.120080  1.122779  2.000000  
76.074456 0.007086  0.090347  -0.012327  0.970601  0.237015  0.041933  -0.238840  0.969981  0.045741  -0.029833  -0.054411  0.998073  0.003709  -0.013260  0.004272  0.204505  -0.128152  1.101080  2.000000  
76.075459 0.007088  0.090331  -0.012323  0.970502  0.237410  0.041980  -0.239240  0.969878  0.045841  -0.029833  -0.054532  0.998066  0.003566  -0.013758  0.004179  0.205427  -0.135839  1.072894  2.000000  
76.076692 0.007090  0.090311  -0.012318  0.970403  0.237799  0.042057  -0.239639  0.969769  0.046059  -0.029833  -0.054774  0.998053  0.003402  -0.014246  0.004073  0.204696  -0.138095  1.036942  2.000000  
76.077693 0.007091  0.090296  -0.012314  0.970354  0.237993  0.042095  -0.239839  0.969714  0.046168  -0.029833  -0.054895  0.998046  0.003279  -0.014562  0.003976  0.201654  -0.136532  1.002761  2.000000  
76.078694 0.007091  0.090279  -0.012311  0.970255  0.238387  0.042143  -0.240239  0.969611  0.046268  -0.029833  -0.055017  0.998040  0.003006  -0.014906  0.003952  0.198535  -0.130494  0.968748  2.000000  
76.079941 0.007090  0.090258  -0.012308  0.970202  0.238575  0.042311  -0.240438  0.969558  0.046345  -0.029966  -0.055137  0.998029  0.002579  -0.015246  0.003909  0.197925  -0.123691  0.907999  2.000000  
76.080941 0.007089  0.090240  -0.012307  0.970149  0.238762  0.042479  -0.240636  0.969505  0.046422  -0.030100  -0.055258  0.998018  0.002145  -0.015606  0.003768  0.194918  -0.121691  0.866471  2.000000  
76.082200 0.007086  0.090216  -0.012306  0.970042  0.239142  0.042787  -0.241034  0.969404  0.046458  -0.030368  -0.055379  0.998004  0.001556  -0.016118  0.003444  0.190265  -0.118710  0.818295  2.000000  
76.083449 0.007082  0.090192  -0.012308  0.969988  0.239329  0.042955  -0.241232  0.969351  0.046534  -0.030501  -0.055500  0.997993  0.001004  -0.016491  0.002982  0.187762  -0.120430  0.763163  2.000000  
76.084698 0.007077  0.090168  -0.012309  0.969885  0.239716  0.043133  -0.241631  0.969249  0.046602  -0.030635  -0.055620  0.997982  0.000294  -0.016899  0.002504  0.182687  -0.123161  0.713757  2.000000  
76.085747 0.007072  0.090149  -0.012311  0.969835  0.239915  0.043142  -0.241831  0.969199  0.046593  -0.030635  -0.055620  0.997982  -0.000357  -0.017165  0.002102  0.175328  -0.125721  0.677936  2.000000  
76.086948 0.007066  0.090125  -0.012313  0.969785  0.240109  0.043181  -0.242030  0.969144  0.046701  -0.030635  -0.055742  0.997975  -0.001035  -0.017532  0.001644  0.168838  -0.119035  0.630898  2.000000  
76.088198 0.007059  0.090102  -0.012314  0.969731  0.240296  0.043349  -0.242229  0.969091  0.046778  -0.030769  -0.055862  0.997964  -0.001699  -0.017757  0.001178  0.162323  -0.116309  0.575934  2.000000  
76.089447 0.007052  0.090078  -0.012316  0.969681  0.240491  0.043388  -0.242428  0.969036  0.046886  -0.030769  -0.055983  0.997957  -0.002317  -0.017952  0.000739  0.155477  -0.109307  0.527490  2.000000  
76.090459 0.007046  0.090059  -0.012318  0.969577  0.240882  0.043537  -0.242827  0.968938  0.046836  -0.030903  -0.055983  0.997953  -0.002804  -0.018138  0.000354  0.148005  -0.107838  0.499616  2.000000  
76.091698 0.007038  0.090036  -0.012319  0.969523  0.241069  0.043705  -0.243025  0.968885  0.046912  -0.031036  -0.056104  0.997942  -0.003524  -0.018409  -0.000144  0.140868  -0.106135  0.465231  2.000000  
76.092946 0.007031  0.090014  -0.012319  0.969419  0.241461  0.043854  -0.243423  0.968787  0.046862  -0.031170  -0.056104  0.997938  -0.004109  -0.018577  -0.000463  0.129423  -0.104740  0.437645  2.000000  
76.093947 0.007025  0.089996  -0.012320  0.969365  0.241653  0.043993  -0.243622  0.968739  0.046820  -0.031304  -0.056103  0.997934  -0.004487  -0.018631  -0.000688  0.122053  -0.107771  0.409704  2.000000  
76.095193 0.007017  0.089975  -0.012319  0.969315  0.241852  0.044003  -0.243822  0.968690  0.046811  -0.031304  -0.056103  0.997934  -0.004863  -0.018550  -0.000752  0.109737  -0.101031  0.379222  2.000000  
76.096442 0.007010  0.089954  -0.012319  0.969265  0.242052  0.044013  -0.244021  0.968640  0.046802  -0.031304  -0.056103  0.997934  -0.005168  -0.018392  -0.000811  0.098675  -0.099266  0.345077  2.000000  
76.097446 0.007004  0.089937  -0.012320  0.969164  0.242451  0.044032  -0.244420  0.968540  0.046784  -0.031304  -0.056103  0.997934  -0.005413  -0.018216  -0.000858  0.090941  -0.094068  0.331479  2.000000  
76.098455 0.006998  0.089921  -0.012321  0.969110  0.242643  0.044171  -0.244619  0.968492  0.046742  -0.031438  -0.056103  0.997930  -0.005605  -0.018013  -0.000837  0.080241  -0.093373  0.306520  2.000000  
76.099693 0.006991  0.089901  -0.012322  0.969055  0.242835  0.044310  -0.244817  0.968444  0.046700  -0.031571  -0.056103  0.997926  -0.005714  -0.017858  -0.000813  0.071907  -0.091933  0.290432  2.000000  
76.100693 0.006986  0.089885  -0.012323  0.969001  0.243022  0.044478  -0.245016  0.968390  0.046776  -0.031705  -0.056224  0.997915  -0.005749  -0.017703  -0.000759  0.072277  -0.091200  0.276679  2.000000  
76.101700 0.006982  0.089869  -0.012323  0.968946  0.243214  0.044618  -0.245214  0.968342  0.046734  -0.031839  -0.056224  0.997910  -0.005654  -0.017432  -0.000677  0.065305  -0.090823  0.258176  2.000000  
76.102947 0.006978  0.089849  -0.012323  0.968887  0.243398  0.044886  -0.245411  0.968295  0.046659  -0.032106  -0.056223  0.997902  -0.005488  -0.017152  -0.000609  0.057748  -0.094209  0.237230  2.000000  
76.103974 0.006976  0.089834  -0.012324  0.968887  0.243393  0.044916  -0.245411  0.968290  0.046777  -0.032106  -0.056344  0.997895  -0.005227  -0.016834  -0.000548  0.058122  -0.093385  0.223200  2.000000  
76.105195 0.006973  0.089815  -0.012325  0.968832  0.243585  0.045055  -0.245610  0.968242  0.046735  -0.032240  -0.056344  0.997891  -0.004956  -0.016596  -0.000529  0.053622  -0.092713  0.221555  2.000000  
76.106198 0.006971  0.089800  -0.012326  0.968778  0.243772  0.045223  -0.245808  0.968188  0.046810  -0.032374  -0.056465  0.997880  -0.004639  -0.016370  -0.000458  0.054271  -0.097623  0.216243  2.000000  
76.107447 0.006971  0.089781  -0.012326  0.968774  0.243759  0.045382  -0.245807  0.968184  0.046895  -0.032507  -0.056585  0.997868  -0.004178  -0.016089  -0.000459  0.050602  -0.101364  0.202129  2.000000  
76.108450 0.006970  0.089766  -0.012326  0.968719  0.243951  0.045521  -0.246006  0.968135  0.046852  -0.032641  -0.056585  0.997864  -0.003781  -0.015889  -0.000420  0.046725  -0.105475  0.194958  2.000000  
76.109695 0.006971  0.089748  -0.012323  0.968664  0.244137  0.045690  -0.246204  0.968081  0.046928  -0.032775  -0.056706  0.997853  -0.003255  -0.015722  -0.000281  0.046701  -0.105504  0.194955  2.000000  
76.110696 0.006973  0.089734  -0.012320  0.968659  0.244130  0.045819  -0.246203  0.968083  0.046895  -0.032909  -0.056706  0.997848  -0.002723  -0.015537  -0.000047  0.042815  -0.105128  0.188041  2.000000  
76.111942 0.006976  0.089718  -0.012315  0.968651  0.244110  0.046108  -0.246201  0.968081  0.046946  -0.033176  -0.056826  0.997833  -0.002067  -0.015203  0.000310  0.043221  -0.104417  0.174288  2.000000  
76.113191 0.006979  0.089702  -0.012310  0.968596  0.244301  0.046247  -0.246399  0.968033  0.046904  -0.033310  -0.056826  0.997828  -0.001357  -0.014868  0.000708  0.042830  -0.103532  0.172810  2.000000  
76.114195 0.006981  0.089689  -0.012306  0.968592  0.244294  0.046376  -0.246398  0.968035  0.046871  -0.033443  -0.056826  0.997824  -0.000854  -0.014656  0.001012  0.039301  -0.103999  0.167310  2.000000  
76.115456 0.006985  0.089674  -0.012301  0.968587  0.244281  0.046535  -0.246397  0.968031  0.046955  -0.033577  -0.056947  0.997812  -0.000094  -0.014258  0.001482  0.000000  0.000000  0.000000  2.000000  
76.116692 0.006989  0.089660  -0.012294  0.968528  0.244466  0.046804  -0.246594  0.967984  0.046880  -0.033845  -0.056946  0.997803  0.000462  -0.013924  0.001906  0.000000  0.000000  0.000000  2.000000  
76.117693 0.006994  0.089649  -0.012290  0.968523  0.244458  0.046933  -0.246593  0.967986  0.046847  -0.033978  -0.056946  0.997799  0.000957  -0.013606  0.002237  0.000000  0.000000  0.000000  2.000000  
76.118698 0.006998  0.089639  -0.012284  0.968519  0.244445  0.047092  -0.246592  0.967982  0.046932  -0.034112  -0.057067  0.997787  0.001451  -0.013229  0.002652  0.000000  0.000000  0.000000  2.000000  
76.119699 0.007003  0.089629  -0.012278  0.968515  0.244438  0.047221  -0.246591  0.967984  0.046899  -0.034246  -0.057066  0.997783  0.002007  -0.012835  0.003159  0.000000  0.000000  0.000000  2.000000  
76.120948 0.007009  0.089616  -0.012271  0.968510  0.244425  0.047380  -0.246589  0.967981  0.046983  -0.034379  -0.057187  0.997771  0.002513  -0.012443  0.003724  0.000000  0.000000  0.000000  2.000000  
76.122199 0.007014  0.089602  -0.012265  0.968450  0.244609  0.047649  -0.246786  0.967934  0.046907  -0.034647  -0.057187  0.997762  0.002939  -0.012112  0.004143  0.000000  0.000000  0.000000  2.000000  
76.123448 0.007019  0.089589  -0.012259  0.968446  0.244596  0.047808  -0.246785  0.967930  0.046992  -0.034781  -0.057307  0.997751  0.003241  -0.011826  0.004420  0.000000  0.000000  0.000000  2.000000  
76.124695 0.007024  0.089575  -0.012253  0.968390  0.244782  0.047977  -0.246984  0.967876  0.047066  -0.034914  -0.057428  0.997739  0.003533  -0.011536  0.004649  0.000000  0.000000  0.000000  2.000000  
76.125697 0.007028  0.089563  -0.012248  0.968386  0.244769  0.048136  -0.246982  0.967872  0.047151  -0.035048  -0.057549  0.997727  0.003698  -0.011358  0.004807  0.000000  0.000000  0.000000  2.000000  
76.126942 0.007033  0.089550  -0.012242  0.968331  0.244960  0.048275  -0.247181  0.967824  0.047108  -0.035182  -0.057549  0.997723  0.003850  -0.011211  0.004905  0.000000  0.000000  0.000000  2.000000  
76.128211 0.007037  0.089535  -0.012236  0.968326  0.244947  0.048434  -0.247179  0.967820  0.047192  -0.035316  -0.057669  0.997711  0.003922  -0.011067  0.004941  0.000000  0.000000  0.000000  2.000000  
76.129446 0.007042  0.089522  -0.012230  0.968275  0.245140  0.048473  -0.247379  0.967764  0.047300  -0.035316  -0.057790  0.997704  0.004034  -0.010919  0.005008  0.000000  0.000000  0.000000  2.000000  
76.130454 0.007045  0.089510  -0.012226  0.968270  0.245133  0.048602  -0.247378  0.967766  0.047267  -0.035449  -0.057790  0.997699  0.004030  -0.010923  0.004997  0.000000  0.000000  0.000000  2.000000  
76.131694 0.007049  0.089496  -0.012220  0.968220  0.245326  0.048642  -0.247577  0.967709  0.047374  -0.035449  -0.057911  0.997692  0.003998  -0.010908  0.004935  0.000000  0.000000  0.000000  2.000000  
76.132940 0.007053  0.089483  -0.012215  0.968169  0.245525  0.048652  -0.247776  0.967659  0.047364  -0.035449  -0.057911  0.997692  0.003891  -0.010965  0.004855  0.000000  0.000000  0.000000  2.000000  
76.133942 0.007056  0.089472  -0.012210  0.968164  0.245512  0.048811  -0.247775  0.967655  0.047448  -0.035583  -0.058032  0.997680  0.003769  -0.010996  0.004815  0.000000  0.000000  0.000000  2.000000  
76.134949 0.007058  0.089461  -0.012206  0.968113  0.245711  0.048821  -0.247974  0.967604  0.047438  -0.035583  -0.058032  0.997680  0.003593  -0.011054  0.004655  0.000000  0.000000  0.000000  2.000000  
76.135954 0.007061  0.089451  -0.012202  0.968113  0.245711  0.048821  -0.247974  0.967604  0.047438  -0.035583  -0.058032  0.997680  0.003486  -0.011018  0.004619  0.000000  0.000000  0.000000  2.000000  
76.137202 0.007063  0.089437  -0.012197  0.968062  0.245910  0.048830  -0.248174  0.967554  0.047428  -0.035583  -0.058032  0.997680  0.003258  -0.011019  0.004544  0.000000  0.000000  0.000000  2.000000  
76.138458 0.007066  0.089424  -0.012192  0.968066  0.245918  0.048701  -0.248175  0.967552  0.047461  -0.035449  -0.058032  0.997685  0.003100  -0.010987  0.004518  0.000000  0.000000  0.000000  2.000000  
76.139695 0.007068  0.089410  -0.012188  0.968066  0.245912  0.048731  -0.248175  0.967546  0.047579  -0.035449  -0.058153  0.997678  0.002902  -0.010980  0.004323  0.000000  0.000000  0.000000  2.000000  
76.140696 0.007069  0.089398  -0.012187  0.968066  0.245912  0.048731  -0.248175  0.967546  0.047579  -0.035449  -0.058153  0.997678  0.002756  -0.011040  0.004117  0.000000  0.000000  0.000000  2.000000  
76.141698 0.007070  0.089386  -0.012185  0.968015  0.246111  0.048741  -0.248374  0.967495  0.047569  -0.035449  -0.058153  0.997678  0.002535  -0.011105  0.003879  0.000000  0.000000  0.000000  2.000000  
76.142947 0.007071  0.089370  -0.012183  0.968015  0.246111  0.048741  -0.248374  0.967495  0.047569  -0.035449  -0.058153  0.997678  0.002303  -0.011212  0.003627  0.000000  0.000000  0.000000  2.000000  
76.143947 0.007073  0.089358  -0.012181  0.968015  0.246105  0.048771  -0.248374  0.967490  0.047686  -0.035449  -0.058274  0.997671  0.002183  -0.011238  0.003399  0.000000  0.000000  0.000000  2.000000  
76.145196 0.007075  0.089343  -0.012180  0.968020  0.246113  0.048641  -0.248375  0.967488  0.047719  -0.035316  -0.058274  0.997676  0.002047  -0.011322  0.003121  0.000000  0.000000  0.000000  2.000000  
76.146443 0.007077  0.089328  -0.012178  0.968020  0.246107  0.048671  -0.248375  0.967482  0.047837  -0.035316  -0.058395  0.997669  0.001914  -0.011438  0.002896  0.000000  0.000000  0.000000  2.000000  
76.147445 0.007079  0.089315  -0.012177  0.968076  0.245915  0.048532  -0.248177  0.967531  0.047880  -0.035182  -0.058396  0.997673  0.001826  -0.011532  0.002654  0.000000  0.000000  0.000000  2.000000  
76.148692 0.007081  0.089300  -0.012175  0.968076  0.245909  0.048562  -0.248177  0.967525  0.047997  -0.035182  -0.058517  0.997666  0.001749  -0.011671  0.002433  0.000000  0.000000  0.000000  2.000000  
76.149695 0.007083  0.089287  -0.012174  0.968080  0.245917  0.048432  -0.248178  0.967523  0.048030  -0.035048  -0.058517  0.997671  0.001691  -0.011815  0.002167  0.000000  0.000000  0.000000  2.000000  
76.150943 0.007086  0.089271  -0.012173  0.968080  0.245917  0.048432  -0.248178  0.967523  0.048030  -0.035048  -0.058517  0.997671  0.001650  -0.011985  0.001890  0.000000  0.000000  0.000000  2.000000  
76.151951 0.007088  0.089259  -0.012171  0.968131  0.245718  0.048423  -0.247979  0.967574  0.048040  -0.035048  -0.058517  0.997671  0.001649  -0.012093  0.001701  0.000000  0.000000  0.000000  2.000000  
76.153208 0.007091  0.089244  -0.012169  0.968136  0.245725  0.048293  -0.247980  0.967572  0.048073  -0.034914  -0.058517  0.997676  0.001684  -0.012188  0.001552  0.000000  0.000000  0.000000  2.000000  
76.154457 0.007093  0.089230  -0.012166  0.968187  0.245526  0.048283  -0.247781  0.967622  0.048083  -0.034914  -0.058517  0.997676  0.001735  -0.012184  0.001545  0.000000  0.000000  0.000000  2.000000  
76.155460 0.007096  0.089218  -0.012163  0.968191  0.245534  0.048154  -0.247782  0.967620  0.048116  -0.034781  -0.058518  0.997680  0.001807  -0.012157  0.001596  0.000000  0.000000  0.000000  2.000000  
76.156695 0.007099  0.089204  -0.012160  0.968191  0.245534  0.048154  -0.247782  0.967620  0.048116  -0.034781  -0.058518  0.997680  0.001916  -0.012103  0.001645  0.000000  0.000000  0.000000  2.000000  
76.157945 0.007102  0.089191  -0.012157  0.968242  0.245335  0.048144  -0.247583  0.967671  0.048126  -0.034781  -0.058518  0.997680  0.002032  -0.011973  0.001716  0.000000  0.000000  0.000000  2.000000  
76.159195 0.007106  0.089177  -0.012154  0.968247  0.245342  0.048015  -0.247584  0.967669  0.048159  -0.034647  -0.058518  0.997685  0.002148  -0.011846  0.001788  0.000000  0.000000  0.000000  2.000000  
76.160196 0.007109  0.089168  -0.012151  0.968298  0.245143  0.048005  -0.247385  0.967719  0.048169  -0.034647  -0.058518  0.997685  0.002250  -0.011709  0.001918  0.000000  0.000000  0.000000  2.000000  
76.161199 0.007112  0.089157  -0.012148  0.968298  0.245143  0.048005  -0.247385  0.967719  0.048169  -0.034647  -0.058518  0.997685  0.002353  -0.011559  0.002026  0.000000  0.000000  0.000000  2.000000  
76.162455 0.007117  0.089145  -0.012144  0.968349  0.244944  0.047995  -0.247185  0.967770  0.048179  -0.034647  -0.058518  0.997685  0.002545  -0.011315  0.002186  0.000000  0.000000  0.000000  2.000000  
76.163692 0.007122  0.089133  -0.012140  0.968349  0.244944  0.047995  -0.247185  0.967770  0.048179  -0.034647  -0.058518  0.997685  0.002684  -0.011106  0.002330  0.000000  0.000000  0.000000  2.000000  
76.164693 0.007125  0.089123  -0.012138  0.968349  0.244944  0.047995  -0.247185  0.967770  0.048179  -0.034647  -0.058518  0.997685  0.002803  -0.010899  0.002439  0.000000  0.000000  0.000000  2.000000  
76.165693 0.007129  0.089114  -0.012135  0.968353  0.244951  0.047866  -0.247186  0.967768  0.048212  -0.034513  -0.058518  0.997690  0.002962  -0.010689  0.002578  0.000000  0.000000  0.000000  2.000000  
76.166944 0.007135  0.089102  -0.012131  0.968353  0.244951  0.047866  -0.247186  0.967768  0.048212  -0.034513  -0.058518  0.997690  0.003125  -0.010460  0.002671  0.000000  0.000000  0.000000  2.000000  
76.167947 0.007139  0.089093  -0.012129  0.968353  0.244951  0.047866  -0.247186  0.967768  0.048212  -0.034513  -0.058518  0.997690  0.003289  -0.010286  0.002678  0.000000  0.000000  0.000000  2.000000  
76.168955 0.007144  0.089084  -0.012125  0.968353  0.244951  0.047866  -0.247186  0.967768  0.048212  -0.034513  -0.058518  0.997690  0.003485  -0.010034  0.002776  0.000000  0.000000  0.000000  2.000000  
76.170200 0.007151  0.089074  -0.012121  0.968353  0.244951  0.047866  -0.247186  0.967768  0.048212  -0.034513  -0.058518  0.997690  0.003784  -0.009764  0.002869  0.000000  0.000000  0.000000  2.000000  
76.171451 0.007158  0.089064  -0.012116  0.968353  0.244951  0.047866  -0.247186  0.967768  0.048212  -0.034513  -0.058518  0.997690  0.004022  -0.009469  0.002963  0.000000  0.000000  0.000000  2.000000  
76.172451 0.007164  0.089057  -0.012113  0.968353  0.244951  0.047866  -0.247186  0.967768  0.048212  -0.034513  -0.058518  0.997690  0.004212  -0.009240  0.002982  0.000000  0.000000  0.000000  2.000000  
76.173695 0.007170  0.089048  -0.012109  0.968353  0.244951  0.047866  -0.247186  0.967768  0.048212  -0.034513  -0.058518  0.997690  0.004415  -0.008995  0.003032  0.000000  0.000000  0.000000  2.000000  
76.174695 0.007176  0.089041  -0.012107  0.968302  0.245151  0.047876  -0.247386  0.967717  0.048202  -0.034513  -0.058518  0.997690  0.004553  -0.008745  0.003010  0.000000  0.000000  0.000000  2.000000  
76.175697 0.007180  0.089034  -0.012105  0.968302  0.245151  0.047876  -0.247386  0.967717  0.048202  -0.034513  -0.058518  0.997690  0.004683  -0.008504  0.002957  0.000000  0.000000  0.000000  2.000000  
76.176942 0.007187  0.089026  -0.012101  0.968302  0.245151  0.047876  -0.247386  0.967717  0.048202  -0.034513  -0.058518  0.997690  0.004798  -0.008272  0.002947  0.000000  0.000000  0.000000  2.000000  
76.178204 0.007194  0.089018  -0.012098  0.968302  0.245151  0.047876  -0.247386  0.967717  0.048202  -0.034513  -0.058518  0.997690  0.004945  -0.007943  0.002892  0.000000  0.000000  0.000000  2.000000  
76.179448 0.007200  0.089011  -0.012096  0.968251  0.245350  0.047885  -0.247585  0.967667  0.048192  -0.034513  -0.058518  0.997690  0.005060  -0.007612  0.002840  0.000000  0.000000  0.000000  2.000000  
76.180693 0.007206  0.089004  -0.012093  0.968256  0.245357  0.047756  -0.247586  0.967665  0.048225  -0.034379  -0.058518  0.997694  0.005111  -0.007342  0.002782  0.000000  0.000000  0.000000  2.000000  
76.181696 0.007211  0.088998  -0.012091  0.968205  0.245557  0.047766  -0.247786  0.967614  0.048216  -0.034379  -0.058518  0.997694  0.005190  -0.007050  0.002722  0.000000  0.000000  0.000000  2.000000  
76.182941 0.007217  0.088992  -0.012090  0.968205  0.245557  0.047766  -0.247786  0.967614  0.048216  -0.034379  -0.058518  0.997694  0.005202  -0.006768  0.002589  0.000000  0.000000  0.000000  2.000000  
76.183961 0.007222  0.088986  -0.012089  0.968205  0.245557  0.047766  -0.247786  0.967614  0.048216  -0.034379  -0.058518  0.997694  0.005139  -0.006538  0.002431  0.000000  0.000000  0.000000  2.000000  
76.185200 0.007228  0.088980  -0.012088  0.968154  0.245756  0.047776  -0.247985  0.967564  0.048206  -0.034379  -0.058518  0.997694  0.005096  -0.006273  0.002172  0.000000  0.000000  0.000000  2.000000  
76.186202 0.007233  0.088975  -0.012087  0.968154  0.245756  0.047776  -0.247985  0.967564  0.048206  -0.034379  -0.058518  0.997694  0.005062  -0.006076  0.001979  0.000000  0.000000  0.000000  2.000000  
76.187452 0.007239  0.088968  -0.012087  0.968158  0.245763  0.047647  -0.247986  0.967562  0.048239  -0.034246  -0.058519  0.997699  0.004998  -0.005881  0.001718  0.000000  0.000000  0.000000  2.000000  
76.188694 0.007245  0.088962  -0.012086  0.968107  0.245963  0.047657  -0.248185  0.967511  0.048229  -0.034246  -0.058519  0.997699  0.004968  -0.005721  0.001580  0.000000  0.000000  0.000000  2.000000  
76.189695 0.007250  0.088957  -0.012085  0.968107  0.245968  0.047627  -0.248185  0.967517  0.048112  -0.034246  -0.058398  0.997706  0.004961  -0.005605  0.001420  0.000000  0.000000  0.000000  2.000000  
76.190695 0.007254  0.088952  -0.012086  0.968060  0.246175  0.047507  -0.248386  0.967464  0.048135  -0.034112  -0.058398  0.997710  0.004934  -0.005459  0.001287  0.000000  0.000000  0.000000  2.000000  
76.191699 0.007259  0.088948  -0.012085  0.968060  0.246175  0.047507  -0.248386  0.967464  0.048135  -0.034112  -0.058398  0.997710  0.004910  -0.005295  0.001102  0.000000  0.000000  0.000000  2.000000  
76.192946 0.007265  0.088941  -0.012085  0.968065  0.246183  0.047378  -0.248387  0.967463  0.048168  -0.033978  -0.058398  0.997715  0.004847  -0.005213  0.000851  0.000000  0.000000  0.000000  2.000000  
76.193948 0.007269  0.088937  -0.012085  0.968065  0.246183  0.047378  -0.248387  0.967463  0.048168  -0.033978  -0.058398  0.997715  0.004779  -0.005109  0.000742  0.000000  0.000000  0.000000  2.000000  
76.195192 0.007275  0.088931  -0.012085  0.968069  0.246190  0.047249  -0.248388  0.967461  0.048201  -0.033845  -0.058398  0.997719  0.004743  -0.005020  0.000559  0.000000  0.000000  0.000000  2.000000  
76.196194 0.007280  0.088927  -0.012086  0.968018  0.246389  0.047259  -0.248587  0.967410  0.048192  -0.033845  -0.058398  0.997719  0.004752  -0.004951  0.000416  0.000000  0.000000  0.000000  2.000000  
76.197196 0.007284  0.088922  -0.012086  0.968022  0.246397  0.047129  -0.248588  0.967408  0.048225  -0.033711  -0.058399  0.997724  0.004711  -0.004884  0.000280  0.000000  0.000000  0.000000  2.000000  
76.198196 0.007289  0.088918  -0.012087  0.968022  0.246397  0.047129  -0.248588  0.967408  0.048225  -0.033711  -0.058399  0.997724  0.004741  -0.004787  0.000196  0.000000  0.000000  0.000000  2.000000  
76.199445 0.007295  0.088913  -0.012087  0.968027  0.246404  0.047000  -0.248590  0.967406  0.048258  -0.033577  -0.058399  0.997728  0.004731  -0.004691  0.000080  0.000000  0.000000  0.000000  2.000000  
76.200447 0.007300  0.088909  -0.012088  0.968027  0.246404  0.047000  -0.248590  0.967406  0.048258  -0.033577  -0.058399  0.997728  0.004701  -0.004653  -0.000022  0.000000  0.000000  0.000000  2.000000  
76.201449 0.007305  0.088905  -0.012089  0.968031  0.246412  0.046871  -0.248591  0.967404  0.048291  -0.033443  -0.058399  0.997733  0.004700  -0.004585  -0.000125  0.000000  0.000000  0.000000  2.000000  
76.202449 0.007309  0.088901  -0.012090  0.968031  0.246412  0.046871  -0.248591  0.967404  0.048291  -0.033443  -0.058399  0.997733  0.004706  -0.004456  -0.000182  0.000000  0.000000  0.000000  2.000000  
76.203458 0.007314  0.088898  -0.012090  0.968035  0.246425  0.046712  -0.248592  0.967408  0.048207  -0.033310  -0.058278  0.997745  0.004698  -0.004374  -0.000313  0.000000  0.000000  0.000000  2.000000  
76.204510 0.007319  0.088894  -0.012092  0.968035  0.246425  0.046712  -0.248592  0.967408  0.048207  -0.033310  -0.058278  0.997745  0.004681  -0.004289  -0.000417  0.000000  0.000000  0.000000  2.000000  
76.205700 0.007325  0.088889  -0.012093  0.968040  0.246433  0.046582  -0.248593  0.967406  0.048240  -0.033176  -0.058279  0.997749  0.004730  -0.004210  -0.000504  0.000000  0.000000  0.000000  2.000000  
76.206949 0.007332  0.088884  -0.012094  0.968040  0.246433  0.046582  -0.248593  0.967406  0.048240  -0.033176  -0.058279  0.997749  0.004771  -0.004141  -0.000579  0.000000  0.000000  0.000000  2.000000  
76.208196 0.007338  0.088879  -0.012094  0.968095  0.246241  0.046443  -0.248395  0.967455  0.048283  -0.033042  -0.058279  0.997753  0.004842  -0.004059  -0.000599  0.000000  0.000000  0.000000  2.000000  
76.209447 0.007344  0.088874  -0.012096  0.968099  0.246249  0.046314  -0.248396  0.967453  0.048316  -0.032909  -0.058279  0.997758  0.004832  -0.004047  -0.000751  0.000000  0.000000  0.000000  2.000000  
76.210455 0.007349  0.088870  -0.012097  0.968099  0.246249  0.046314  -0.248396  0.967453  0.048316  -0.032909  -0.058279  0.997758  0.004865  -0.003998  -0.000777  0.000000  0.000000  0.000000  2.000000  
76.211694 0.007356  0.088865  -0.012098  0.968104  0.246256  0.046184  -0.248397  0.967451  0.048350  -0.032775  -0.058279  0.997762  0.004923  -0.003964  -0.000868  0.000000  0.000000  0.000000  2.000000  
76.212694 0.007361  0.088861  -0.012099  0.968104  0.246256  0.046184  -0.248397  0.967451  0.048350  -0.032775  -0.058279  0.997762  0.004955  -0.003938  -0.000847  0.000000  0.000000  0.000000  2.000000  
76.213946 0.007368  0.088856  -0.012100  0.968108  0.246264  0.046055  -0.248398  0.967449  0.048383  -0.032641  -0.058280  0.997767  0.005014  -0.003922  -0.000902  0.000000  0.000000  0.000000  2.000000  
76.215196 0.007374  0.088851  -0.012102  0.968108  0.246264  0.046055  -0.248398  0.967449  0.048383  -0.032641  -0.058280  0.997767  0.005027  -0.003922  -0.000948  0.000000  0.000000  0.000000  2.000000  
76.216448 0.007381  0.088847  -0.012103  0.968112  0.246271  0.045926  -0.248399  0.967447  0.048416  -0.032507  -0.058280  0.997771  0.005102  -0.003874  -0.000944  0.000000  0.000000  0.000000  2.000000  
76.217693 0.007387  0.088842  -0.012105  0.968112  0.246271  0.045926  -0.248399  0.967447  0.048416  -0.032507  -0.058280  0.997771  0.005109  -0.003855  -0.000992  0.000000  0.000000  0.000000  2.000000  
76.218701 0.007392  0.088838  -0.012106  0.968116  0.246279  0.045797  -0.248400  0.967445  0.048449  -0.032374  -0.058280  0.997775  0.005120  -0.003861  -0.001021  0.000000  0.000000  0.000000  2.000000  
76.219948 0.007399  0.088834  -0.012108  0.968116  0.246279  0.045797  -0.248400  0.967445  0.048449  -0.032374  -0.058280  0.997775  0.005144  -0.003847  -0.001114  0.000000  0.000000  0.000000  2.000000  
76.221198 0.007405  0.088829  -0.012110  0.968116  0.246273  0.045826  -0.248400  0.967439  0.048566  -0.032374  -0.058401  0.997768  0.005148  -0.003845  -0.001149  0.000000  0.000000  0.000000  2.000000  
76.222208 0.007410  0.088825  -0.012112  0.968121  0.246281  0.045697  -0.248401  0.967437  0.048600  -0.032240  -0.058401  0.997772  0.005172  -0.003855  -0.001218  0.000000  0.000000  0.000000  2.000000  
76.223448 0.007416  0.088820  -0.012114  0.968121  0.246281  0.045697  -0.248401  0.967437  0.048600  -0.032240  -0.058401  0.997772  0.005113  -0.003885  -0.001310  0.000000  0.000000  0.000000  2.000000  
76.224699 0.007423  0.088815  -0.012116  0.968121  0.246281  0.045697  -0.248401  0.967437  0.048600  -0.032240  -0.058401  0.997772  0.005150  -0.003840  -0.001335  0.000000  0.000000  0.000000  2.000000  
76.225701 0.007427  0.088810  -0.012117  0.968121  0.246281  0.045697  -0.248401  0.967437  0.048600  -0.032240  -0.058401  0.997772  0.005119  -0.003869  -0.001356  0.000000  0.000000  0.000000  2.000000  
76.226945 0.007433  0.088805  -0.012120  0.968121  0.246281  0.045697  -0.248401  0.967437  0.048600  -0.032240  -0.058401  0.997772  0.005075  -0.003947  -0.001425  0.000000  0.000000  0.000000  2.000000  
76.228200 0.007439  0.088799  -0.012122  0.968121  0.246275  0.045727  -0.248401  0.967431  0.048717  -0.032240  -0.058523  0.997765  0.005063  -0.003984  -0.001484  0.000000  0.000000  0.000000  2.000000  
76.229443 0.007445  0.088793  -0.012123  0.968121  0.246275  0.045727  -0.248401  0.967431  0.048717  -0.032240  -0.058523  0.997765  0.005003  -0.004066  -0.001514  0.000000  0.000000  0.000000  2.000000  
76.230450 0.007450  0.088789  -0.012126  0.968121  0.246275  0.045727  -0.248401  0.967431  0.048717  -0.032240  -0.058523  0.997765  0.004922  -0.004143  -0.001611  0.000000  0.000000  0.000000  2.000000  
76.231451 0.007455  0.088784  -0.012127  0.968121  0.246275  0.045727  -0.248401  0.967431  0.048717  -0.032240  -0.058523  0.997765  0.004895  -0.004203  -0.001623  0.000000  0.000000  0.000000  2.000000  
76.232705 0.007460  0.088777  -0.012130  0.968121  0.246275  0.045727  -0.248401  0.967431  0.048717  -0.032240  -0.058523  0.997765  0.004819  -0.004313  -0.001712  0.000000  0.000000  0.000000  2.000000  
76.233943 0.007465  0.088771  -0.012133  0.968121  0.246270  0.045757  -0.248401  0.967425  0.048834  -0.032240  -0.058644  0.997758  0.004761  -0.004447  -0.001754  0.000000  0.000000  0.000000  2.000000  
76.234948 0.007469  0.088766  -0.012135  0.968069  0.246469  0.045767  -0.248600  0.967375  0.048825  -0.032240  -0.058644  0.997758  0.004702  -0.004540  -0.001769  0.000000  0.000000  0.000000  2.000000  
76.235953 0.007473  0.088760  -0.012137  0.968069  0.246469  0.045767  -0.248600  0.967375  0.048825  -0.032240  -0.058644  0.997758  0.004609  -0.004661  -0.001826  0.000000  0.000000  0.000000  2.000000  
76.237201 0.007478  0.088754  -0.012140  0.968069  0.246469  0.045767  -0.248600  0.967375  0.048825  -0.032240  -0.058644  0.997758  0.004533  -0.004753  -0.001872  0.000000  0.000000  0.000000  2.000000  
76.238452 0.007483  0.088747  -0.012143  0.968065  0.246461  0.045896  -0.248599  0.967377  0.048792  -0.032374  -0.058643  0.997754  0.004436  -0.004878  -0.001930  0.000000  0.000000  0.000000  2.000000  
76.239697 0.007487  0.088740  -0.012146  0.968065  0.246461  0.045896  -0.248599  0.967377  0.048792  -0.032374  -0.058643  0.997754  0.004285  -0.005011  -0.001977  0.000000  0.000000  0.000000  2.000000  
76.240945 0.007492  0.088732  -0.012149  0.968014  0.246655  0.045936  -0.248799  0.967320  0.048900  -0.032374  -0.058764  0.997747  0.004198  -0.005146  -0.002075  0.000000  0.000000  0.000000  2.000000  
76.242207 0.007496  0.088725  -0.012152  0.968014  0.246655  0.045936  -0.248799  0.967320  0.048900  -0.032374  -0.058764  0.997747  0.004063  -0.005271  -0.002108  0.000000  0.000000  0.000000  2.000000  
76.243217 0.007499  0.088718  -0.012153  0.968014  0.246655  0.045936  -0.248799  0.967320  0.048900  -0.032374  -0.058764  0.997747  0.003937  -0.005423  -0.002131  0.000000  0.000000  0.000000  2.000000  
76.244441 0.007503  0.088710  -0.012157  0.968014  0.246655  0.045936  -0.248799  0.967320  0.048900  -0.032374  -0.058764  0.997747  0.003811  -0.005560  -0.002214  0.000000  0.000000  0.000000  2.000000  
76.245457 0.007506  0.088704  -0.012158  0.967959  0.246841  0.046105  -0.248997  0.967265  0.048974  -0.032507  -0.058885  0.997735  0.003700  -0.005634  -0.002191  0.000000  0.000000  0.000000  2.000000  
76.246696 0.007509  0.088695  -0.012161  0.967959  0.246841  0.046105  -0.248997  0.967265  0.048974  -0.032507  -0.058885  0.997735  0.003587  -0.005822  -0.002219  0.000000  0.000000  0.000000  2.000000  
76.247940 0.007513  0.088687  -0.012164  0.967959  0.246841  0.046105  -0.248997  0.967265  0.048974  -0.032507  -0.058885  0.997735  0.003438  -0.005936  -0.002212  0.000000  0.000000  0.000000  2.000000  
76.248941 0.007515  0.088681  -0.012165  0.967907  0.247040  0.046116  -0.249196  0.967214  0.048965  -0.032507  -0.058885  0.997735  0.003347  -0.006003  -0.002131  0.000000  0.000000  0.000000  2.000000  
76.249949 0.007518  0.088674  -0.012167  0.967907  0.247035  0.046145  -0.249196  0.967208  0.049082  -0.032507  -0.059006  0.997728  0.003252  -0.006121  -0.002137  0.000000  0.000000  0.000000  2.000000  
76.251196 0.007521  0.088666  -0.012169  0.967852  0.247226  0.046285  -0.249394  0.967160  0.049039  -0.032641  -0.059006  0.997724  0.003126  -0.006198  -0.002085  0.000000  0.000000  0.000000  2.000000  
76.252199 0.007524  0.088660  -0.012170  0.967852  0.247226  0.046285  -0.249394  0.967160  0.049039  -0.032641  -0.059006  0.997724  0.003047  -0.006270  -0.002041  0.000000  0.000000  0.000000  2.000000  
76.253200 0.007526  0.088653  -0.012172  0.967852  0.247226  0.046285  -0.249394  0.967160  0.049039  -0.032641  -0.059006  0.997724  0.002990  -0.006288  -0.001987  0.000000  0.000000  0.000000  2.000000  
76.254201 0.007529  0.088647  -0.012174  0.967800  0.247419  0.046325  -0.249594  0.967103  0.049147  -0.032641  -0.059127  0.997717  0.002920  -0.006382  -0.001969  0.000000  0.000000  0.000000  2.000000  
76.255459 0.007532  0.088638  -0.012176  0.967800  0.247419  0.046325  -0.249594  0.967103  0.049147  -0.032641  -0.059127  0.997717  0.002781  -0.006469  -0.001869  0.000000  0.000000  0.000000  2.000000  
