1-Time 2-Px 3-Py 4-Pz 5-R11 6-R21 7-R31 8-R12 9-R22 10-R32 11-R13 12-R23 13-R33 14-Vx 15-Vy 16-Vz 17-Wx 18-Wy 19-Wz 20-state 21-PR11 22-PR21 23-PR31 24-PR12 25-PR22 26-PR32 27-PR13 28-PR23 29-PR33 
189.782499 -0.004228  0.082838  -0.015325  0.996835  -0.063825  0.047398  -0.040656  0.103072  0.993843  -0.068318  -0.992624  0.100151  0.002001  0.001371  0.001073  0.000000  0.000000  0.000000  2.000000  
189.783513 -0.004227  0.082839  -0.015325  0.996835  -0.063825  0.047398  -0.040656  0.103072  0.993843  -0.068318  -0.992624  0.100151  0.001939  0.001318  0.000998  0.000000  0.000000  0.000000  2.000000  
189.784752 -0.004227  0.082836  -0.015324  0.996842  -0.063995  0.047010  -0.040245  0.103172  0.993849  -0.068451  -0.992603  0.100271  0.001726  0.001001  0.000916  0.000000  0.000000  0.000000  2.000000  
189.785753 -0.004228  0.082833  -0.015324  0.996841  -0.064149  0.046819  -0.040040  0.103164  0.993858  -0.068585  -0.992594  0.100270  0.001537  0.000730  0.000841  0.000000  0.000000  0.000000  2.000000  
189.787001 -0.004229  0.082829  -0.015323  0.996841  -0.064291  0.046643  -0.039834  0.103397  0.993842  -0.068718  -0.992560  0.100510  0.001312  0.000372  0.000848  0.000000  0.000000  0.000000  2.000000  
189.788002 -0.004230  0.082827  -0.015322  0.996831  -0.064418  0.046664  -0.039834  0.103523  0.993829  -0.068852  -0.992539  0.100629  0.001129  0.000076  0.000783  0.000000  0.000000  0.000000  2.000000  
189.789245 -0.004231  0.082823  -0.015321  0.996838  -0.064588  0.046276  -0.039423  0.103623  0.993835  -0.068985  -0.992517  0.100749  0.000857  -0.000277  0.000802  0.000000  0.000000  0.000000  2.000000  
189.790250 -0.004232  0.082820  -0.015320  0.996845  -0.064758  0.045888  -0.039012  0.103722  0.993841  -0.069119  -0.992496  0.100868  0.000629  -0.000590  0.000754  0.000000  0.000000  0.000000  2.000000  
189.791498 -0.004234  0.082816  -0.015320  0.996851  -0.065082  0.045309  -0.038396  0.103812  0.993856  -0.069386  -0.992465  0.100987  0.000389  -0.000953  0.000663  0.000000  0.000000  0.000000  2.000000  
189.792748 -0.004235  0.082812  -0.015320  0.996848  -0.065379  0.044943  -0.037984  0.104037  0.993848  -0.069653  -0.992422  0.101226  0.000150  -0.001316  0.000573  0.000000  0.000000  0.000000  2.000000  
189.793748 -0.004236  0.082810  -0.015321  0.996854  -0.065544  0.044563  -0.037574  0.104256  0.993840  -0.069786  -0.992388  0.101465  -0.000040  -0.001589  0.000498  0.000000  0.000000  0.000000  2.000000  
189.794749 -0.004237  0.082806  -0.015322  0.996852  -0.065693  0.044380  -0.037368  0.104368  0.993836  -0.069920  -0.992367  0.101585  -0.000242  -0.001909  0.000379  0.000000  0.000000  0.000000  2.000000  
189.795756 -0.004238  0.082802  -0.015323  0.996849  -0.065990  0.044014  -0.036957  0.104592  0.993828  -0.070187  -0.992323  0.101824  -0.000459  -0.002278  0.000217  0.000000  0.000000  0.000000  2.000000  
189.796763 -0.004240  0.082796  -0.015325  0.996855  -0.066155  0.043635  -0.036546  0.104811  0.993820  -0.070320  -0.992289  0.102063  -0.000745  -0.002763  -0.000015  0.000000  0.000000  0.000000  2.000000  
189.798002 -0.004245  0.082788  -0.015327  0.996849  -0.066608  0.043078  -0.035929  0.105025  0.993820  -0.070720  -0.992236  0.102301  -0.001155  -0.003345  -0.000177  0.000000  0.000000  0.000000  2.000000  
189.799253 -0.004249  0.082778  -0.015329  0.996854  -0.066768  0.042707  -0.035519  0.105364  0.993799  -0.070854  -0.992190  0.102661  -0.001529  -0.003997  -0.000348  0.000000  0.000000  0.000000  2.000000  
189.800505 -0.004255  0.082767  -0.015329  0.996842  -0.067040  0.042554  -0.035313  0.105721  0.993769  -0.071121  -0.992133  0.103020  -0.001794  -0.004443  -0.000350  0.000000  0.000000  0.000000  2.000000  
189.801505 -0.004260  0.082758  -0.015330  0.996847  -0.067206  0.042175  -0.034902  0.105940  0.993760  -0.071254  -0.992099  0.103260  -0.002101  -0.004875  -0.000472  -0.093372  0.169274  -0.107715  2.000000  
189.802752 -0.004265  0.082747  -0.015331  0.996843  -0.067499  0.041818  -0.034491  0.106283  0.993738  -0.071521  -0.992042  0.103619  -0.002406  -0.005380  -0.000623  -0.104641  0.181646  -0.122598  2.000000  
189.804001 -0.004270  0.082737  -0.015332  0.996847  -0.067661  0.041447  -0.034080  0.106621  0.993715  -0.071655  -0.991995  0.103979  -0.002646  -0.005838  -0.000740  -0.115885  0.194890  -0.128514  2.000000  
189.805024 -0.004274  0.082729  -0.015332  0.996845  -0.067800  0.041281  -0.033875  0.106973  0.993685  -0.071788  -0.991948  0.104339  -0.002825  -0.006126  -0.000804  -0.127521  0.201124  -0.133632  2.000000  
189.806253 -0.004278  0.082721  -0.015332  0.996842  -0.067940  0.041115  -0.033669  0.107325  0.993654  -0.071922  -0.991900  0.104699  -0.003011  -0.006474  -0.000817  -0.138866  0.214526  -0.139665  2.000000  
189.807496 -0.004281  0.082713  -0.015333  0.996839  -0.068075  0.040958  -0.033463  0.107798  0.993609  -0.072055  -0.991839  0.105179  -0.003092  -0.006710  -0.000825  -0.154700  0.220938  -0.144929  2.000000  
189.808503 -0.004283  0.082707  -0.015333  0.996836  -0.068220  0.040784  -0.033258  0.108029  0.993591  -0.072188  -0.991804  0.105419  -0.003225  -0.006978  -0.000818  -0.162283  0.227227  -0.150077  2.000000  
189.809746 -0.004287  0.082700  -0.015332  0.996827  -0.068338  0.040823  -0.033258  0.108395  0.993551  -0.072322  -0.991756  0.105779  -0.003336  -0.007099  -0.000694  -0.174574  0.226357  -0.159121  2.000000  
189.810752 -0.004289  0.082694  -0.015332  0.996834  -0.068345  0.040643  -0.033052  0.108743  0.993520  -0.072322  -0.991718  0.106140  -0.003432  -0.007176  -0.000568  -0.185828  0.240054  -0.160586  2.000000  
189.811769 -0.004293  0.082688  -0.015331  0.996824  -0.068463  0.040682  -0.033052  0.109109  0.993480  -0.072455  -0.991669  0.106499  -0.003492  -0.007222  -0.000327  -0.197912  0.239401  -0.164995  2.000000  
189.813010 -0.004297  0.082679  -0.015329  0.996824  -0.068438  0.040724  -0.033052  0.109711  0.993414  -0.072455  -0.991605  0.107101  -0.003484  -0.007238  -0.000051  -0.218384  0.239463  -0.165145  2.000000  
189.814256 -0.004302  0.082670  -0.015326  0.996821  -0.068569  0.040575  -0.032847  0.110304  0.993355  -0.072589  -0.991530  0.107701  -0.003534  -0.007190  0.000219  -0.238783  0.239466  -0.165255  2.000000  
189.815517 -0.004307  0.082662  -0.015322  0.996811  -0.068682  0.040623  -0.032846  0.110790  0.993301  -0.072722  -0.991468  0.108181  -0.003444  -0.006959  0.000546  -0.251862  0.225599  -0.163823  2.000000  
189.816751 -0.004311  0.082655  -0.015318  0.996811  -0.068657  0.040665  -0.032846  0.111393  0.993234  -0.072722  -0.991402  0.108782  -0.003327  -0.006717  0.000891  -0.266527  0.217428  -0.157465  2.000000  
189.817753 -0.004314  0.082649  -0.015315  0.996795  -0.068747  0.040917  -0.033051  0.111893  0.993170  -0.072856  -0.991339  0.109262  -0.003181  -0.006473  0.001154  -0.277369  0.212322  -0.158135  2.000000  
189.819002 -0.004317  0.082642  -0.015312  0.996795  -0.068722  0.040959  -0.033051  0.112495  0.993102  -0.072856  -0.991273  0.109864  -0.003084  -0.006302  0.001374  -0.294580  0.198968  -0.152250  2.000000  
189.820252 -0.004319  0.082635  -0.015308  0.996795  -0.068697  0.041000  -0.033051  0.113098  0.993034  -0.072856  -0.991206  0.110465  -0.002956  -0.006163  0.001658  -0.311884  0.186165  -0.141938  2.000000  
189.821503 -0.004321  0.082630  -0.015304  0.996798  -0.068516  0.041231  -0.033257  0.113710  0.992957  -0.072722  -0.991149  0.111067  -0.002804  -0.005940  0.001937  -0.330098  0.159589  -0.130105  2.000000  
189.822750 -0.004321  0.082625  -0.015299  0.996798  -0.068496  0.041265  -0.033257  0.114191  0.992902  -0.072722  -0.991095  0.111548  -0.002626  -0.005719  0.002280  -0.339790  0.139951  -0.119044  2.000000  
189.823751 -0.004321  0.082621  -0.015295  0.996800  -0.068320  0.041487  -0.033462  0.114683  0.992838  -0.072589  -0.991050  0.112030  -0.002470  -0.005623  0.002543  -0.348947  0.127152  -0.108680  2.000000  
189.824997 -0.004321  0.082616  -0.015290  0.996800  -0.068295  0.041529  -0.033462  0.115285  0.992769  -0.072589  -0.990982  0.112631  -0.002220  -0.005511  0.002813  -0.363196  0.112925  -0.101920  2.000000  
189.826244 -0.004321  0.082609  -0.015286  0.996794  -0.068246  0.041775  -0.033667  0.115901  0.992690  -0.072589  -0.990913  0.113232  -0.001980  -0.005510  0.003023  -0.372867  0.093936  -0.086489  2.000000  
189.827252 -0.004322  0.082603  -0.015282  0.996787  -0.068202  0.042012  -0.033873  0.116397  0.992625  -0.072589  -0.990858  0.113713  -0.001764  -0.005399  0.003197  -0.382356  0.073951  -0.079850  2.000000  
189.828496 -0.004323  0.082596  -0.015278  0.996787  -0.068176  0.042053  -0.033873  0.116999  0.992554  -0.072589  -0.990789  0.114313  -0.001541  -0.005344  0.003279  -0.396395  0.054529  -0.068857  2.000000  
189.829510 -0.004323  0.082589  -0.015275  0.996780  -0.068132  0.042291  -0.034078  0.117494  0.992489  -0.072589  -0.990734  0.114794  -0.001267  -0.005272  0.003324  -0.404147  0.042131  -0.058903  2.000000  
189.830757 -0.004323  0.082581  -0.015272  0.996782  -0.067944  0.042529  -0.034283  0.118226  0.992395  -0.072455  -0.990659  0.115516  -0.000964  -0.005289  0.003220  -0.417850  0.022999  -0.043248  2.000000  
189.832001 -0.004323  0.082574  -0.015269  0.996782  -0.067918  0.042570  -0.034283  0.118828  0.992323  -0.072455  -0.990589  0.116117  -0.000727  -0.005316  0.003205  -0.423555  0.009678  -0.036970  2.000000  
189.833251 -0.004323  0.082566  -0.015267  0.996785  -0.067735  0.042800  -0.034489  0.119439  0.992242  -0.072322  -0.990528  0.116719  -0.000480  -0.005303  0.003102  -0.437185  -0.009761  -0.025841  2.000000  
189.834251 -0.004322  0.082560  -0.015265  0.996785  -0.067715  0.042833  -0.034489  0.119921  0.992184  -0.072322  -0.990472  0.117200  -0.000312  -0.005350  0.003045  -0.441342  -0.016215  -0.020816  2.000000  
189.835252 -0.004321  0.082555  -0.015264  0.996787  -0.067537  0.043055  -0.034694  0.120411  0.992118  -0.072188  -0.990424  0.117681  -0.000136  -0.005328  0.002945  -0.450702  -0.028953  -0.010339  2.000000  
189.836504 -0.004321  0.082549  -0.015261  0.996787  -0.067510  0.043095  -0.034694  0.121013  0.992044  -0.072188  -0.990353  0.118282  0.000008  -0.005450  0.002834  -0.455056  -0.035300  -0.005076  2.000000  
189.837750 -0.004319  0.082542  -0.015259  0.996780  -0.067459  0.043341  -0.034900  0.121628  0.991962  -0.072188  -0.990281  0.118883  0.000091  -0.005559  0.002687  -0.464120  -0.048504  0.000961  2.000000  
189.838997 -0.004319  0.082535  -0.015257  0.996780  -0.067428  0.043390  -0.034900  0.122350  0.991873  -0.072188  -0.990194  0.119603  0.000111  -0.005672  0.002455  -0.476986  -0.054867  0.006236  2.000000  
189.840000 -0.004319  0.082529  -0.015256  0.996780  -0.067401  0.043431  -0.034900  0.122952  0.991799  -0.072188  -0.990121  0.120204  0.000087  -0.005805  0.002243  -0.485047  -0.054343  0.010729  2.000000  
189.841246 -0.004320  0.082520  -0.015255  0.996773  -0.067344  0.043684  -0.035105  0.123688  0.991700  -0.072188  -0.990033  0.120924  0.000113  -0.005943  0.002020  -0.494638  -0.067042  0.016676  2.000000  
189.842247 -0.004320  0.082513  -0.015255  0.996773  -0.067318  0.043725  -0.035105  0.124289  0.991625  -0.072188  -0.989960  0.121525  0.000120  -0.005996  0.001847  -0.502307  -0.066978  0.016695  2.000000  
189.843248 -0.004321  0.082506  -0.015254  0.996773  -0.067291  0.043765  -0.035105  0.124890  0.991549  -0.072188  -0.989886  0.122125  0.000097  -0.006085  0.001637  -0.506575  -0.066998  0.016739  2.000000  
189.844256 -0.004322  0.082499  -0.015254  0.996773  -0.067265  0.043806  -0.035105  0.125492  0.991473  -0.072188  -0.989812  0.122725  0.000037  -0.006103  0.001507  -0.510872  -0.073240  0.021988  2.000000  
189.845509 -0.004323  0.082490  -0.015254  0.996766  -0.067207  0.044059  -0.035310  0.126227  0.991373  -0.072188  -0.989722  0.123446  -0.000037  -0.006144  0.001248  -0.519604  -0.079528  0.027264  2.000000  
189.846514 -0.004325  0.082484  -0.015254  0.996766  -0.067180  0.044100  -0.035310  0.126828  0.991296  -0.072188  -0.989647  0.124046  -0.000110  -0.006167  0.001071  -0.523534  -0.080113  0.027519  2.000000  
189.847755 -0.004326  0.082475  -0.015256  0.996766  -0.067148  0.044149  -0.035310  0.127550  0.991203  -0.072188  -0.989557  0.124766  -0.000228  -0.006269  0.000834  -0.527293  -0.072741  0.031238  2.000000  
189.849002 -0.004328  0.082467  -0.015257  0.996766  -0.067116  0.044198  -0.035310  0.128271  0.991110  -0.072188  -0.989466  0.125486  -0.000328  -0.006312  0.000605  -0.531105  -0.072132  0.031028  2.000000  
189.850252 -0.004329  0.082459  -0.015258  0.996766  -0.067084  0.044247  -0.035310  0.128992  0.991017  -0.072188  -0.989374  0.126206  -0.000500  -0.006379  0.000372  -0.535141  -0.072111  0.031076  2.000000  
189.851506 -0.004331  0.082451  -0.015260  0.996766  -0.067051  0.044295  -0.035310  0.129714  0.990923  -0.072188  -0.989282  0.126926  -0.000721  -0.006505  0.000063  -0.539333  -0.066403  0.026110  2.000000  
189.852751 -0.004332  0.082443  -0.015262  0.996758  -0.066987  0.044556  -0.035515  0.130569  0.990803  -0.072188  -0.989174  0.127766  -0.000891  -0.006652  -0.000245  -0.551832  -0.073209  0.026972  2.000000  
189.853756 -0.004335  0.082435  -0.015264  0.996758  -0.066954  0.044605  -0.035515  0.131290  0.990708  -0.072188  -0.989080  0.128486  -0.001096  -0.006785  -0.000444  -0.559318  -0.066865  0.021713  2.000000  
189.855066 -0.004338  0.082426  -0.015265  0.996758  -0.066922  0.044654  -0.035515  0.132011  0.990612  -0.072188  -0.988987  0.129206  -0.001246  -0.006800  -0.000625  -0.562371  -0.066729  0.021718  2.000000  
189.856253 -0.004340  0.082417  -0.015267  0.996751  -0.066862  0.044906  -0.035720  0.132745  0.990506  -0.072188  -0.988892  0.129926  -0.001412  -0.006850  -0.000820  -0.567595  -0.066851  0.021807  2.000000  
189.857500 -0.004344  0.082409  -0.015268  0.996751  -0.066824  0.044963  -0.035720  0.133586  0.990393  -0.072188  -0.988782  0.130765  -0.001565  -0.006840  -0.000923  -0.575277  -0.059989  0.021010  2.000000  
189.858745 -0.004346  0.082400  -0.015268  0.996751  -0.066786  0.045020  -0.035720  0.134427  0.990279  -0.072188  -0.988670  0.131605  -0.001628  -0.006822  -0.000950  -0.582739  -0.059488  0.020879  2.000000  
189.859746 -0.004348  0.082394  -0.015268  0.996744  -0.066731  0.045264  -0.035926  0.135042  0.990188  -0.072188  -0.988590  0.132204  -0.001704  -0.006782  -0.000982  -0.586792  -0.059478  0.020912  2.000000  
189.860753 -0.004350  0.082387  -0.015269  0.996744  -0.066698  0.045313  -0.035926  0.135762  0.990090  -0.072188  -0.988494  0.132924  -0.001728  -0.006768  -0.000983  -0.590338  -0.053227  0.015673  2.000000  
189.861994 -0.004352  0.082380  -0.015269  0.996736  -0.066637  0.045565  -0.036131  0.136496  0.989981  -0.072188  -0.988397  0.133643  -0.001801  -0.006707  -0.000954  -0.594917  -0.060013  0.016567  2.000000  
189.863010 -0.004354  0.082374  -0.015269  0.996736  -0.066609  0.045606  -0.036131  0.137097  0.989898  -0.072188  -0.988316  0.134243  -0.001846  -0.006593  -0.000890  -0.599077  -0.054194  0.011405  2.000000  
189.864252 -0.004356  0.082368  -0.015269  0.996739  -0.066415  0.045840  -0.036336  0.137826  0.989790  -0.072055  -0.988227  0.134963  -0.001895  -0.006536  -0.000800  -0.603821  -0.060480  0.016779  2.000000  
189.865516 -0.004358  0.082361  -0.015269  0.996739  -0.066376  0.045896  -0.036336  0.138666  0.989672  -0.072055  -0.988112  0.135802  -0.001927  -0.006421  -0.000665  -0.611125  -0.054163  0.011477  2.000000  
189.866752 -0.004360  0.082355  -0.015268  0.996731  -0.066314  0.046148  -0.036542  0.139400  0.989562  -0.072055  -0.988013  0.136521  -0.001937  -0.006318  -0.000469  -0.615553  -0.054187  0.011520  2.000000  
189.868001 -0.004362  0.082348  -0.015267  0.996731  -0.066275  0.046204  -0.036542  0.140240  0.989443  -0.072055  -0.987897  0.137360  -0.001952  -0.006184  -0.000281  -0.623672  -0.054175  0.011559  2.000000  
189.869002 -0.004364  0.082342  -0.015266  0.996724  -0.066212  0.046456  -0.036747  0.140974  0.989331  -0.072055  -0.987797  0.138079  -0.001905  -0.006060  -0.000140  -0.628218  -0.061008  0.012487  2.000000  
189.870252 -0.004366  0.082336  -0.015265  0.996716  -0.066144  0.046716  -0.036952  0.141828  0.989201  -0.072055  -0.987679  0.138918  -0.001851  -0.005912  0.000090  -0.632218  -0.060991  0.012533  2.000000  
189.871515 -0.004368  0.082329  -0.015264  0.996708  -0.066075  0.046976  -0.037157  0.142681  0.989071  -0.072055  -0.987561  0.139756  -0.001776  -0.005733  0.000239  -0.636545  -0.067796  0.013479  2.000000  
189.872749 -0.004369  0.082323  -0.015262  0.996708  -0.066035  0.047032  -0.037157  0.143521  0.988949  -0.072055  -0.987442  0.140595  -0.001662  -0.005552  0.000370  -0.636841  -0.067816  0.013542  2.000000  
189.873751 -0.004369  0.082319  -0.015261  0.996701  -0.065971  0.047284  -0.037362  0.144254  0.988835  -0.072055  -0.987339  0.141313  -0.001521  -0.005414  0.000482  -0.644453  -0.074061  0.014378  2.000000  
189.874994 -0.004369  0.082314  -0.015260  0.996693  -0.065901  0.047543  -0.037568  0.145107  0.988702  -0.072055  -0.987219  0.142152  -0.001395  -0.005235  0.000612  -0.645709  -0.074661  0.014564  2.000000  
189.875997 -0.004369  0.082309  -0.015259  0.996685  -0.065842  0.047787  -0.037773  0.145721  0.988604  -0.072055  -0.987132  0.142750  -0.001261  -0.005076  0.000679  -0.645073  -0.080841  0.015403  2.000000  
189.876999 -0.004369  0.082305  -0.015258  0.996685  -0.065807  0.047835  -0.037773  0.146440  0.988498  -0.072055  -0.987028  0.143469  -0.001101  -0.004965  0.000764  -0.648917  -0.080805  0.015452  2.000000  
189.878246 -0.004369  0.082300  -0.015256  0.996677  -0.065736  0.048094  -0.037978  0.147293  0.988364  -0.072055  -0.986906  0.144307  -0.000995  -0.004843  0.000846  -0.653597  -0.087595  0.016444  2.000000  
189.879258 -0.004369  0.082297  -0.015255  0.996670  -0.065676  0.048337  -0.038183  0.147906  0.988264  -0.072055  -0.986818  0.144905  -0.000840  -0.004719  0.000935  -0.659241  -0.095112  0.017564  2.000000  
189.880506 -0.004369  0.082292  -0.015254  0.996671  -0.065473  0.048577  -0.038389  0.148753  0.988129  -0.071922  -0.986705  0.145745  -0.000703  -0.004657  0.000961  -0.663816  -0.101322  0.023035  2.000000  
189.881754 -0.004369  0.082286  -0.015252  0.996663  -0.065407  0.048828  -0.038594  0.149486  0.988010  -0.071922  -0.986598  0.146463  -0.000544  -0.004530  0.001052  -0.659724  -0.101302  0.023115  2.000000  
189.883003 -0.004369  0.082281  -0.015252  0.996655  -0.065334  0.049087  -0.038799  0.150338  0.987873  -0.071922  -0.986473  0.147300  -0.000400  -0.004427  0.001039  -0.660271  -0.108125  0.024155  2.000000  
189.884004 -0.004369  0.082277  -0.015251  0.996655  -0.065298  0.049134  -0.038799  0.151057  0.987763  -0.071922  -0.986366  0.148018  -0.000299  -0.004342  0.001045  -0.664321  -0.108104  0.024226  2.000000  
189.885251 -0.004369  0.082272  -0.015250  0.996647  -0.065225  0.049393  -0.039004  0.151909  0.987625  -0.071922  -0.986240  0.148856  -0.000191  -0.004263  0.000964  -0.669193  -0.114970  0.025286  2.000000  
189.886521 -0.004369  0.082267  -0.015250  0.996630  -0.065284  0.049672  -0.039209  0.152766  0.987484  -0.072055  -0.986104  0.149692  -0.000064  -0.004133  0.000894  -0.668493  -0.115457  0.020907  2.000000  
189.887755 -0.004369  0.082262  -0.015251  0.996622  -0.065210  0.049930  -0.039414  0.153618  0.987344  -0.072055  -0.985976  0.150529  -0.000030  -0.004105  0.000733  -0.669360  -0.122335  0.021991  2.000000  
189.888998 -0.004369  0.082258  -0.015251  0.996613  -0.065136  0.050189  -0.039619  0.154470  0.987203  -0.072055  -0.985848  0.151366  0.000043  -0.003977  0.000623  -0.669385  -0.122320  0.022095  2.000000  
189.890002 -0.004368  0.082255  -0.015251  0.996613  -0.065099  0.050236  -0.039619  0.155188  0.987090  -0.072055  -0.985738  0.152083  0.000085  -0.003913  0.000550  -0.673376  -0.122290  0.022174  2.000000  
189.891244 -0.004368  0.082251  -0.015252  0.996605  -0.065025  0.050495  -0.039825  0.156040  0.986948  -0.072055  -0.985608  0.152920  0.000126  -0.003790  0.000470  -0.676769  -0.128108  0.023074  2.000000  
189.892248 -0.004367  0.082249  -0.015252  0.996597  -0.064962  0.050737  -0.040030  0.156651  0.986842  -0.072055  -0.985515  0.153518  0.000118  -0.003722  0.000408  -0.674176  -0.129144  0.023357  2.000000  
189.893249 -0.004368  0.082246  -0.015252  0.996597  -0.064925  0.050785  -0.040030  0.157370  0.986728  -0.072055  -0.985403  0.154235  0.000106  -0.003647  0.000289  -0.680691  -0.128055  0.023233  2.000000  
189.894249 -0.004368  0.082243  -0.015252  0.996589  -0.064861  0.051027  -0.040235  0.157981  0.986622  -0.072055  -0.985310  0.154833  0.000078  -0.003589  0.000224  -0.680632  -0.128680  0.018896  2.000000  
189.895512 -0.004369  0.082239  -0.015252  0.996580  -0.064785  0.051285  -0.040440  0.158832  0.986477  -0.072055  -0.985178  0.155669  -0.000011  -0.003547  0.000104  -0.681176  -0.135446  0.020006  2.000000  
189.896753 -0.004370  0.082234  -0.015252  0.996580  -0.064736  0.051348  -0.040440  0.159790  0.986322  -0.072055  -0.985026  0.156625  -0.000080  -0.003466  0.000007  -0.686281  -0.129713  0.019288  2.000000  
189.898030 -0.004371  0.082230  -0.015252  0.996572  -0.064659  0.051606  -0.040645  0.160640  0.986176  -0.072055  -0.984893  0.157462  -0.000126  -0.003348  -0.000055  -0.689655  -0.129566  0.019371  2.000000  
189.899252 -0.004372  0.082226  -0.015253  0.996572  -0.064609  0.051669  -0.040645  0.161597  0.986019  -0.072055  -0.984740  0.158417  -0.000178  -0.003260  -0.000153  -0.690446  -0.129696  0.019519  2.000000  
189.900506 -0.004373  0.082223  -0.015253  0.996564  -0.064531  0.051927  -0.040850  0.162448  0.985871  -0.072055  -0.984605  0.159253  -0.000268  -0.003174  -0.000175  -0.692726  -0.128591  0.019448  2.000000  
189.901522 -0.004374  0.082221  -0.015253  0.996564  -0.064494  0.051974  -0.040850  0.163165  0.985753  -0.072055  -0.984489  0.159970  -0.000297  -0.003027  -0.000187  -0.693345  -0.122721  0.018660  2.000000  
189.902752 -0.004375  0.082218  -0.015253  0.996555  -0.064416  0.052231  -0.041056  0.164015  0.985603  -0.072055  -0.984352  0.160806  -0.000365  -0.002924  -0.000156  -0.689804  -0.122799  0.018786  2.000000  
189.903999 -0.004375  0.082215  -0.015253  0.996537  -0.064463  0.052518  -0.041260  0.164990  0.985432  -0.072188  -0.984186  0.161759  -0.000421  -0.002824  -0.000176  -0.693840  -0.123456  0.014452  2.000000  
189.905000 -0.004375  0.082214  -0.015253  0.996537  -0.064431  0.052557  -0.041260  0.165588  0.985332  -0.072188  -0.984088  0.162356  -0.000450  -0.002723  -0.000120  -0.693842  -0.123448  0.014527  2.000000  
189.906004 -0.004375  0.082212  -0.015253  0.996537  -0.064392  0.052604  -0.041260  0.166305  0.985211  -0.072188  -0.983970  0.163072  -0.000513  -0.002639  -0.000095  -0.693306  -0.116612  0.013557  2.000000  
189.907245 -0.004375  0.082211  -0.015252  0.996529  -0.064313  0.052862  -0.041466  0.167155  0.985058  -0.072188  -0.983831  0.163908  -0.000497  -0.002525  -0.000059  -0.696425  -0.122447  0.014590  2.000000  
189.908247 -0.004375  0.082210  -0.015252  0.996529  -0.064281  0.052901  -0.041466  0.167752  0.984957  -0.072188  -0.983731  0.164504  -0.000508  -0.002425  0.000002  -0.693523  -0.116628  0.013731  2.000000  
189.909248 -0.004376  0.082208  -0.015251  0.996520  -0.064208  0.053150  -0.041671  0.168482  0.984824  -0.072188  -0.983611  0.165220  -0.000519  -0.002325  0.000064  -0.696018  -0.115679  0.013690  2.000000  
189.910248 -0.004376  0.082207  -0.015250  0.996520  -0.064176  0.053189  -0.041671  0.169079  0.984721  -0.072188  -0.983511  0.165817  -0.000488  -0.002174  0.000143  -0.691323  -0.109581  0.008290  2.000000  
189.911260 -0.004376  0.082205  -0.015249  0.996512  -0.064102  0.053439  -0.041876  0.169809  0.984587  -0.072188  -0.983390  0.166532  -0.000467  -0.002049  0.000222  -0.697414  -0.117277  0.009520  2.000000  
189.912508 -0.004377  0.082204  -0.015248  0.996512  -0.064057  0.053493  -0.041876  0.170645  0.984442  -0.072188  -0.983248  0.167367  -0.000395  -0.001834  0.000317  -0.699357  -0.109560  0.008448  2.000000  
189.913522 -0.004377  0.082203  -0.015246  0.996503  -0.063982  0.053742  -0.042081  0.171375  0.984307  -0.072188  -0.983126  0.168083  -0.000348  -0.001663  0.000404  -0.700634  -0.110392  0.008600  2.000000  
189.914754 -0.004376  0.082203  -0.015245  0.996493  -0.064068  0.053819  -0.042081  0.172216  0.984160  -0.072322  -0.982974  0.168916  -0.000250  -0.001451  0.000562  -0.698830  -0.103492  0.003128  2.000000  
189.916003 -0.004376  0.082203  -0.015242  0.996493  -0.064023  0.053873  -0.042081  0.173051  0.984013  -0.072322  -0.982830  0.169751  -0.000152  -0.001235  0.000719  -0.696003  -0.097539  0.002151  2.000000  
189.917253 -0.004375  0.082204  -0.015240  0.996485  -0.063948  0.054123  -0.042286  0.173781  0.983876  -0.072322  -0.982706  0.170466  -0.000023  -0.000999  0.000893  -0.692265  -0.096860  0.006669  2.000000  
189.918254 -0.004374  0.082205  -0.015238  0.996485  -0.063908  0.054169  -0.042286  0.174497  0.983749  -0.072322  -0.982582  0.171181  0.000076  -0.000784  0.001051  -0.696157  -0.096266  0.006687  2.000000  
189.919513 -0.004372  0.082206  -0.015236  0.996485  -0.063869  0.054216  -0.042286  0.175213  0.983622  -0.072322  -0.982457  0.171896  0.000179  -0.000547  0.001161  -0.691156  -0.089957  0.005685  2.000000  
189.920754 -0.004370  0.082208  -0.015234  0.996476  -0.063786  0.054472  -0.042491  0.176061  0.983462  -0.072322  -0.982310  0.172730  0.000321  -0.000314  0.001300  -0.691282  -0.089969  0.005762  2.000000  
189.921803 -0.004370  0.082209  -0.015232  0.996476  -0.063753  0.054511  -0.042491  0.176657  0.983355  -0.072322  -0.982206  0.173326  0.000334  -0.000166  0.001365  -0.686020  -0.089810  0.005812  2.000000  
189.923036 -0.004369  0.082210  -0.015231  0.996467  -0.063677  0.054760  -0.042696  0.177386  0.983215  -0.072322  -0.982079  0.174041  0.000418  0.000044  0.001426  -0.682411  -0.089866  0.005887  2.000000  
189.924249 -0.004369  0.082211  -0.015229  0.996457  -0.063762  0.054837  -0.042696  0.178226  0.983063  -0.072455  -0.981921  0.174873  0.000502  0.000255  0.001489  -0.685234  -0.083219  0.000380  2.000000  
189.925252 -0.004368  0.082212  -0.015227  0.996457  -0.063729  0.054876  -0.042696  0.178823  0.982955  -0.072455  -0.981815  0.175468  0.000560  0.000420  0.001540  -0.682539  -0.077134  -0.000702  2.000000  
189.926504 -0.004367  0.082214  -0.015225  0.996449  -0.063652  0.055125  -0.042901  0.179551  0.982813  -0.072455  -0.981687  0.176183  0.000597  0.000579  0.001600  -0.677215  -0.083227  0.000501  2.000000  
189.927508 -0.004367  0.082215  -0.015224  0.996449  -0.063612  0.055171  -0.042901  0.180266  0.982682  -0.072455  -0.981559  0.176897  0.000676  0.000794  0.001588  -0.673983  -0.077090  -0.000580  2.000000  
189.928747 -0.004367  0.082217  -0.015222  0.996449  -0.063571  0.055217  -0.042901  0.180981  0.982550  -0.072455  -0.981430  0.177611  0.000679  0.000926  0.001631  -0.668611  -0.076476  -0.000519  2.000000  
189.929760 -0.004366  0.082218  -0.015221  0.996440  -0.063500  0.055458  -0.043106  0.181590  0.982429  -0.072455  -0.981322  0.178207  0.000676  0.001034  0.001585  -0.665853  -0.077093  -0.000467  2.000000  
189.931003 -0.004366  0.082220  -0.015219  0.996440  -0.063460  0.055504  -0.043106  0.182305  0.982297  -0.072455  -0.981192  0.178921  0.000619  0.001110  0.001533  -0.661877  -0.077105  -0.000407  2.000000  
189.932004 -0.004366  0.082221  -0.015218  0.996440  -0.063426  0.055543  -0.043106  0.182901  0.982186  -0.072455  -0.981083  0.179516  0.000574  0.001182  0.001444  -0.657241  -0.070298  -0.001531  2.000000  
189.933254 -0.004366  0.082223  -0.015217  0.996431  -0.063348  0.055791  -0.043311  0.183629  0.982041  -0.072455  -0.980952  0.180230  0.000521  0.001189  0.001386  -0.649900  -0.077136  -0.000290  2.000000  
189.934504 -0.004366  0.082224  -0.015216  0.996431  -0.063301  0.055845  -0.043311  0.184463  0.981885  -0.072455  -0.980799  0.181063  0.000408  0.001197  0.001311  -0.649121  -0.069530  0.003018  2.000000  
189.935516 -0.004366  0.082225  -0.015215  0.996431  -0.063274  0.055875  -0.043311  0.184939  0.981795  -0.072455  -0.980711  0.181538  0.000313  0.001175  0.001271  -0.640578  -0.069485  0.003058  2.000000  
189.936750 -0.004366  0.082226  -0.015214  0.996422  -0.063195  0.056124  -0.043516  0.185666  0.981649  -0.072455  -0.980579  0.182252  0.000235  0.001122  0.001257  -0.639787  -0.068959  0.003081  2.000000  
189.937753 -0.004367  0.082226  -0.015213  0.996422  -0.063168  0.056154  -0.043516  0.186143  0.981559  -0.072455  -0.980490  0.182728  0.000111  0.001053  0.001209  -0.632682  -0.069509  0.003152  2.000000  
189.938997 -0.004368  0.082226  -0.015212  0.996412  -0.063258  0.056225  -0.043516  0.186863  0.981422  -0.072589  -0.980347  0.183440  0.000010  0.000950  0.001180  -0.628326  -0.063520  -0.002427  2.000000  
189.940003 -0.004369  0.082225  -0.015211  0.996403  -0.063192  0.056457  -0.043721  0.187352  0.981319  -0.072589  -0.980258  0.183915  -0.000067  0.000873  0.001122  -0.624625  -0.070303  -0.001182  2.000000  
189.941244 -0.004370  0.082225  -0.015209  0.996403  -0.063151  0.056503  -0.043721  0.188066  0.981183  -0.072589  -0.980124  0.184629  -0.000181  0.000740  0.001073  -0.619385  -0.063028  -0.002328  2.000000  
189.942249 -0.004371  0.082225  -0.015208  0.996403  -0.063123  0.056534  -0.043721  0.188542  0.981091  -0.072589  -0.980034  0.185104  -0.000234  0.000661  0.001030  -0.612202  -0.063544  -0.002304  2.000000  
189.943504 -0.004372  0.082224  -0.015208  0.996394  -0.063050  0.056774  -0.043926  0.189150  0.980965  -0.072589  -0.979922  0.185699  -0.000334  0.000509  0.000970  -0.603249  -0.063036  -0.002244  2.000000  
189.944504 -0.004372  0.082224  -0.015207  0.996394  -0.063023  0.056805  -0.043926  0.189626  0.980873  -0.072589  -0.979832  0.186174  -0.000379  0.000411  0.000938  -0.599026  -0.062224  0.002182  2.000000  
189.945510 -0.004373  0.082223  -0.015206  0.996394  -0.062995  0.056835  -0.043926  0.190102  0.980781  -0.072589  -0.979741  0.186649  -0.000443  0.000253  0.000902  -0.591189  -0.062250  0.002220  2.000000  
189.946751 -0.004374  0.082222  -0.015206  0.996385  -0.062914  0.057083  -0.044131  0.190829  0.980631  -0.072589  -0.979605  0.187362  -0.000542  0.000093  0.000848  -0.586749  -0.062206  0.002268  2.000000  
189.947761 -0.004375  0.082222  -0.015205  0.996385  -0.062887  0.057114  -0.044131  0.191304  0.980538  -0.072589  -0.979514  0.187838  -0.000621  -0.000067  0.000847  -0.583270  -0.062700  0.002324  2.000000  
189.949004 -0.004375  0.082221  -0.015205  0.996385  -0.062852  0.057152  -0.044131  0.191899  0.980422  -0.072589  -0.979400  0.188432  -0.000637  -0.000207  0.000800  -0.575250  -0.062713  0.002370  2.000000  
189.950250 -0.004376  0.082219  -0.015204  0.996376  -0.062785  0.057384  -0.044336  0.192388  0.980317  -0.072589  -0.979308  0.188907  -0.000700  -0.000400  0.000772  -0.567225  -0.062725  0.002409  2.000000  
189.951252 -0.004377  0.082218  -0.015203  0.996376  -0.062757  0.057414  -0.044336  0.192863  0.980223  -0.072589  -0.979217  0.189382  -0.000712  -0.000494  0.000781  -0.562443  -0.062195  0.002419  2.000000  
189.952505 -0.004378  0.082217  -0.015202  0.996367  -0.062682  0.057654  -0.044541  0.193471  0.980094  -0.072589  -0.979102  0.189976  -0.000706  -0.000616  0.000763  -0.554883  -0.068927  0.003712  2.000000  
189.953506 -0.004379  0.082215  -0.015201  0.996367  -0.062661  0.057677  -0.044541  0.193827  0.980024  -0.072589  -0.979032  0.190332  -0.000702  -0.000693  0.000692  -0.546484  -0.061400  0.006881  2.000000  
189.954747 -0.004380  0.082214  -0.015200  0.996358  -0.062586  0.057917  -0.044746  0.194434  0.979894  -0.072589  -0.978917  0.190926  -0.000703  -0.000774  0.000691  -0.539080  -0.068664  0.008252  2.000000  
189.955750 -0.004380  0.082213  -0.015200  0.996358  -0.062565  0.057940  -0.044746  0.194791  0.979824  -0.072589  -0.978847  0.191282  -0.000685  -0.000818  0.000639  -0.530889  -0.068656  0.008285  2.000000  
189.956752 -0.004381  0.082212  -0.015199  0.996358  -0.062537  0.057970  -0.044746  0.195266  0.979729  -0.072589  -0.978754  0.191757  -0.000666  -0.000846  0.000612  -0.526320  -0.061870  0.007048  2.000000  
189.957995 -0.004381  0.082211  -0.015199  0.996348  -0.062468  0.058202  -0.044952  0.195755  0.979622  -0.072589  -0.978661  0.192232  -0.000650  -0.000856  0.000611  -0.518607  -0.068104  0.008294  2.000000  
189.958996 -0.004382  0.082211  -0.015199  0.996339  -0.062407  0.058426  -0.045157  0.196124  0.979539  -0.072589  -0.978591  0.192588  -0.000638  -0.000860  0.000575  -0.511245  -0.074861  0.009602  2.000000  
189.959997 -0.004382  0.082211  -0.015199  0.996349  -0.062248  0.058431  -0.045157  0.196593  0.979445  -0.072455  -0.978507  0.193064  -0.000626  -0.000863  0.000540  -0.506482  -0.067267  0.012747  2.000000  
189.961002 -0.004382  0.082211  -0.015198  0.996340  -0.062186  0.058655  -0.045362  0.196962  0.979361  -0.072455  -0.978437  0.193421  -0.000602  -0.000819  0.000548  -0.498765  -0.073968  0.014054  2.000000  
189.962247 -0.004383  0.082210  -0.015199  0.996340  -0.062157  0.058685  -0.045362  0.197438  0.979265  -0.072455  -0.978343  0.193895  -0.000585  -0.000802  0.000468  -0.490909  -0.073994  0.014106  2.000000  
189.963259 -0.004384  0.082210  -0.015198  0.996330  -0.062095  0.058909  -0.045567  0.197807  0.979181  -0.072455  -0.978272  0.194251  -0.000595  -0.000771  0.000422  -0.478483  -0.074571  0.014263  2.000000  
189.964511 -0.004384  0.082210  -0.015199  0.996321  -0.062026  0.059141  -0.045773  0.198295  0.979073  -0.072455  -0.978178  0.194726  -0.000570  -0.000680  0.000376  -0.470614  -0.081304  0.015601  2.000000  
189.965526 -0.004385  0.082210  -0.015198  0.996321  -0.062004  0.059164  -0.045773  0.198651  0.979001  -0.072455  -0.978107  0.195082  -0.000577  -0.000610  0.000313  -0.466338  -0.081262  0.015629  2.000000  
189.966751 -0.004385  0.082209  -0.015199  0.996311  -0.061935  0.059395  -0.045978  0.199139  0.978892  -0.072455  -0.978012  0.195556  -0.000527  -0.000539  0.000236  -0.458561  -0.081318  0.015691  2.000000  
189.967753 -0.004386  0.082210  -0.015199  0.996302  -0.061872  0.059619  -0.046183  0.199507  0.978807  -0.072455  -0.977941  0.195912  -0.000506  -0.000437  0.000149  -0.455278  -0.087362  0.016890  2.000000  
189.969001 -0.004386  0.082210  -0.015199  0.996302  -0.061843  0.059649  -0.046183  0.199982  0.978710  -0.072455  -0.977846  0.196387  -0.000511  -0.000339  0.000076  -0.446801  -0.087213  0.021503  2.000000  
189.970001 -0.004386  0.082210  -0.015199  0.996292  -0.061780  0.059873  -0.046388  0.200351  0.978625  -0.072455  -0.977774  0.196743  -0.000446  -0.000278  0.000066  -0.443176  -0.086497  0.021360  2.000000  
189.971253 -0.004386  0.082210  -0.015200  0.996283  -0.061710  0.060105  -0.046593  0.200839  0.978516  -0.072455  -0.977679  0.197217  -0.000377  -0.000152  -0.000044  -0.435070  -0.093963  0.022914  2.000000  
189.972498 -0.004386  0.082211  -0.015200  0.996273  -0.061646  0.060329  -0.046798  0.201207  0.978430  -0.072455  -0.977607  0.197573  -0.000309  -0.000063  -0.000062  -0.427428  -0.100727  0.024285  2.000000  
189.973504 -0.004386  0.082210  -0.015200  0.996273  -0.061625  0.060351  -0.046798  0.201563  0.978357  -0.072455  -0.977535  0.197928  -0.000266  -0.000026  -0.000128  -0.423423  -0.093175  0.022805  2.000000  
189.974745 -0.004385  0.082211  -0.015200  0.996263  -0.061554  0.060582  -0.047003  0.202051  0.978246  -0.072455  -0.977439  0.198403  -0.000205  0.000041  -0.000101  -0.419396  -0.100732  0.024390  2.000000  
189.975748 -0.004385  0.082211  -0.015201  0.996254  -0.061490  0.060806  -0.047208  0.202419  0.978160  -0.072455  -0.977367  0.198758  -0.000151  0.000055  -0.000155  -0.416391  -0.106599  0.025545  2.000000  
189.976753 -0.004385  0.082211  -0.015201  0.996244  -0.061426  0.061030  -0.047413  0.202788  0.978074  -0.072455  -0.977294  0.199114  -0.000110  0.000073  -0.000177  -0.407543  -0.107450  0.025811  2.000000  
189.977998 -0.004384  0.082211  -0.015202  0.996234  -0.061362  0.061254  -0.047618  0.203157  0.977988  -0.072455  -0.977222  0.199470  -0.000054  0.000086  -0.000228  -0.400708  -0.113287  0.026978  2.000000  
189.979018 -0.004384  0.082211  -0.015202  0.996234  -0.061340  0.061276  -0.047618  0.203512  0.977914  -0.072455  -0.977149  0.199825  -0.000011  0.000105  -0.000251  -0.399712  -0.114146  0.027234  2.000000  
189.980248 -0.004384  0.082211  -0.015203  0.996224  -0.061268  0.061507  -0.047824  0.203999  0.977802  -0.072455  -0.977052  0.200299  0.000050  0.000094  -0.000292  -0.396645  -0.113257  0.027080  2.000000  
189.981255 -0.004384  0.082210  -0.015203  0.996215  -0.061211  0.061723  -0.048029  0.204249  0.977740  -0.072455  -0.977003  0.200536  0.000069  0.000068  -0.000324  -0.388172  -0.120943  0.028700  2.000000  
189.982264 -0.004384  0.082210  -0.015204  0.996205  -0.061146  0.061947  -0.048234  0.204618  0.977653  -0.072455  -0.976930  0.200892  0.000118  0.000061  -0.000334  -0.384012  -0.120905  0.028745  2.000000  
189.983521 -0.004384  0.082211  -0.015204  0.996195  -0.061082  0.062170  -0.048439  0.204986  0.977566  -0.072455  -0.976857  0.201247  0.000182  0.000104  -0.000300  -0.380356  -0.127630  0.030145  2.000000  
189.984751 -0.004383  0.082211  -0.015204  0.996185  -0.061024  0.062386  -0.048644  0.205236  0.977503  -0.072455  -0.976808  0.201484  0.000200  0.000076  -0.000327  -0.373550  -0.128080  0.030300  2.000000  
189.985754 -0.004383  0.082211  -0.015204  0.996175  -0.060967  0.062602  -0.048849  0.205485  0.977440  -0.072455  -0.976759  0.201721  0.000195  0.000056  -0.000282  -0.364660  -0.134408  0.031606  2.000000  
189.987001 -0.004383  0.082211  -0.015205  0.996165  -0.060902  0.062826  -0.049054  0.205854  0.977353  -0.072455  -0.976686  0.202077  0.000181  0.000006  -0.000326  -0.360633  -0.134414  0.031667  2.000000  
189.988249 -0.004383  0.082211  -0.015205  0.996154  -0.060836  0.063049  -0.049259  0.206222  0.977265  -0.072455  -0.976612  0.202432  0.000169  0.000010  -0.000290  -0.353028  -0.141181  0.033103  2.000000  
189.989502 -0.004383  0.082211  -0.015205  0.996144  -0.060779  0.063265  -0.049464  0.206471  0.977202  -0.072455  -0.976563  0.202669  0.000156  -0.000039  -0.000334  -0.346095  -0.140905  0.028503  2.000000  
189.990747 -0.004383  0.082211  -0.015205  0.996134  -0.060713  0.063488  -0.049669  0.206839  0.977113  -0.072455  -0.976489  0.203024  0.000110  -0.000056  -0.000310  -0.342548  -0.147602  0.029923  2.000000  
189.991998 -0.004383  0.082210  -0.015205  0.996124  -0.060647  0.063711  -0.049874  0.207207  0.977025  -0.072455  -0.976415  0.203380  0.000074  -0.000098  -0.000283  -0.337197  -0.148795  0.030240  2.000000  
189.993248 -0.004383  0.082210  -0.015205  0.996114  -0.060581  0.063935  -0.050079  0.207575  0.976936  -0.072455  -0.976341  0.203735  0.000070  -0.000120  -0.000242  -0.334528  -0.147606  0.030055  2.000000  
189.994249 -0.004384  0.082209  -0.015205  0.996103  -0.060523  0.064150  -0.050285  0.207825  0.976873  -0.072455  -0.976292  0.203972  0.000026  -0.000135  -0.000220  -0.330886  -0.154262  0.031459  2.000000  
189.995249 -0.004384  0.082209  -0.015205  0.996093  -0.060465  0.064366  -0.050490  0.208074  0.976809  -0.072455  -0.976242  0.204209  0.000014  -0.000134  -0.000187  -0.326842  -0.154253  0.031505  2.000000  
189.996260 -0.004384  0.082209  -0.015205  0.996093  -0.060449  0.064381  -0.050490  0.208311  0.976759  -0.072455  -0.976193  0.204445  0.000034  -0.000109  -0.000134  -0.320826  -0.148725  0.030433  2.000000  
