1-Time 2-Px 3-Py 4-Pz 5-R11 6-R21 7-R31 8-R12 9-R22 10-R32 11-R13 12-R23 13-R33 14-Vx 15-Vy 16-Vz 17-Wx 18-Wy 19-Wz 20-state 21-PR11 22-PR21 23-PR31 24-PR12 25-PR22 26-PR32 27-PR13 28-PR23 29-PR33 
187.683425 0.003150  0.089180  -0.062812  0.993184  0.093413  -0.069710  -0.090007  0.994659  0.050514  0.074057  -0.043896  0.996288  -0.000055  -0.000057  0.000274  0.000000  0.000000  0.000000  2.000000  
187.684429 0.003150  0.089179  -0.062811  0.993165  0.093618  -0.069700  -0.090211  0.994640  0.050529  0.074057  -0.043896  0.996288  -0.000043  -0.000085  0.000278  0.000000  0.000000  0.000000  2.000000  
187.685431 0.003150  0.089177  -0.062811  0.993118  0.094042  -0.069800  -0.090619  0.994595  0.050690  0.074190  -0.044016  0.996272  0.000006  -0.000201  0.000342  0.000000  0.000000  0.000000  2.000000  
187.686681 0.003150  0.089174  -0.062811  0.993032  0.094674  -0.070167  -0.091230  0.994535  0.050770  0.074590  -0.044015  0.996242  -0.000024  -0.000433  0.000261  0.000000  0.000000  0.000000  2.000000  
187.687931 0.003150  0.089169  -0.062811  0.992994  0.094907  -0.070399  -0.091432  0.994502  0.051050  0.074857  -0.044256  0.996212  -0.000017  -0.000753  0.000242  0.000000  0.000000  0.000000  2.000000  
187.688932 0.003150  0.089165  -0.062811  0.992955  0.095132  -0.070643  -0.091635  0.994475  0.051210  0.075124  -0.044376  0.996186  0.000010  -0.001021  0.000185  0.000000  0.000000  0.000000  2.000000  
187.690187 0.003151  0.089160  -0.062811  0.992868  0.095782  -0.070986  -0.092245  0.994402  0.051532  0.075524  -0.044616  0.996145  0.000074  -0.001375  0.000188  0.000000  0.000000  0.000000  2.000000  
187.691432 0.003153  0.089155  -0.062810  0.992781  0.096431  -0.071329  -0.092856  0.994328  0.051854  0.075925  -0.044856  0.996104  0.000204  -0.001687  0.000224  0.000000  0.000000  0.000000  2.000000  
187.692434 0.003154  0.089153  -0.062810  0.992703  0.097066  -0.071550  -0.093467  0.994261  0.052043  0.076191  -0.044976  0.996078  0.000274  -0.001858  0.000244  0.000000  0.000000  0.000000  2.000000  
187.693677 0.003155  0.089149  -0.062811  0.992614  0.097706  -0.071904  -0.094077  0.994193  0.052246  0.076592  -0.045095  0.996042  0.000332  -0.002103  0.000151  0.000000  0.000000  0.000000  2.000000  
187.694953 0.003155  0.089146  -0.062812  0.992525  0.098347  -0.072258  -0.094687  0.994124  0.052449  0.076992  -0.045215  0.996006  0.000366  -0.002286  0.000052  0.053783  0.091034  0.176583  2.000000  
187.696178 0.003156  0.089145  -0.062813  0.992436  0.098997  -0.072600  -0.095297  0.994049  0.052773  0.077392  -0.045455  0.995964  0.000408  -0.002395  -0.000088  0.063072  0.102796  0.196415  2.000000  
187.697183 0.003156  0.089143  -0.062813  0.992376  0.099418  -0.072843  -0.095704  0.994007  0.052828  0.077659  -0.045454  0.995943  0.000455  -0.002509  -0.000075  0.064139  0.111093  0.210484  2.000000  
187.698201 0.003157  0.089141  -0.062812  0.992316  0.099848  -0.073075  -0.096110  0.993958  0.053005  0.077926  -0.045574  0.995917  0.000515  -0.002650  -0.000007  0.069764  0.120259  0.226222  2.000000  
187.699432 0.003159  0.089137  -0.062811  0.992225  0.100498  -0.073415  -0.096720  0.993882  0.053330  0.078326  -0.045814  0.995875  0.000599  -0.002854  0.000016  0.079590  0.132856  0.247667  2.000000  
187.700678 0.003160  0.089133  -0.062810  0.992154  0.100935  -0.073779  -0.097126  0.993832  0.053519  0.078726  -0.045934  0.995838  0.000712  -0.002905  0.000063  0.084254  0.146024  0.255205  2.000000  
187.701680 0.003162  0.089130  -0.062808  0.992113  0.101161  -0.074021  -0.097328  0.993804  0.053681  0.078993  -0.046053  0.995811  0.000848  -0.002930  0.000222  0.088881  0.154660  0.262473  2.000000  
187.702684 0.003164  0.089125  -0.062805  0.992071  0.101395  -0.074250  -0.097530  0.993768  0.053963  0.079259  -0.046294  0.995778  0.000970  -0.003029  0.000421  0.097591  0.163288  0.269769  2.000000  
187.703930 0.003167  0.089117  -0.062802  0.992000  0.101841  -0.074601  -0.097935  0.993712  0.054274  0.079660  -0.046534  0.995735  0.001109  -0.003245  0.000613  0.106899  0.176170  0.284286  2.000000  
187.705181 0.003170  0.089108  -0.062800  0.991947  0.102083  -0.074963  -0.098136  0.993676  0.054570  0.080060  -0.046774  0.995692  0.001238  -0.003454  0.000756  0.115614  0.189255  0.291740  2.000000  
187.706186 0.003173  0.089102  -0.062799  0.991906  0.102318  -0.075192  -0.098339  0.993640  0.054853  0.080326  -0.047015  0.995659  0.001349  -0.003628  0.000750  0.128373  0.197841  0.298951  2.000000  
187.707218 0.003176  0.089095  -0.062797  0.991864  0.102553  -0.075421  -0.098541  0.993604  0.055136  0.080593  -0.047255  0.995626  0.001510  -0.003914  0.000851  0.136411  0.206558  0.299053  2.000000  
187.708428 0.003181  0.089084  -0.062794  0.991853  0.102578  -0.075529  -0.098540  0.993590  0.055390  0.080726  -0.047496  0.995604  0.001769  -0.004327  0.001080  0.143671  0.209692  0.297417  2.000000  
187.709431 0.003185  0.089076  -0.062793  0.991843  0.102593  -0.075649  -0.098539  0.993583  0.055524  0.080860  -0.047616  0.995587  0.002034  -0.004759  0.001279  0.148904  0.215827  0.299990  2.000000  
187.710432 0.003189  0.089069  -0.062793  0.991812  0.102823  -0.075745  -0.098742  0.993548  0.055793  0.080993  -0.047857  0.995565  0.002220  -0.005109  0.001326  0.157574  0.219909  0.307035  2.000000  
187.711678 0.003193  0.089059  -0.062793  0.991812  0.102841  -0.075720  -0.098742  0.993534  0.056034  0.080993  -0.048099  0.995553  0.002495  -0.005675  0.001360  0.165792  0.219958  0.307182  2.000000  
187.712928 0.003198  0.089048  -0.062793  0.991791  0.103064  -0.075684  -0.098946  0.993499  0.056291  0.080993  -0.048340  0.995542  0.002755  -0.006207  0.001289  0.174408  0.219507  0.313965  2.000000  
187.713935 0.003202  0.089040  -0.062791  0.991791  0.103073  -0.075671  -0.098946  0.993493  0.056412  0.080993  -0.048461  0.995536  0.002916  -0.006597  0.001334  0.178507  0.219516  0.314020  2.000000  
187.715181 0.003206  0.089029  -0.062789  0.991812  0.102887  -0.075658  -0.098742  0.993500  0.056637  0.080993  -0.048703  0.995524  0.003131  -0.007107  0.001403  0.180484  0.216284  0.286330  2.000000  
187.716430 0.003211  0.089019  -0.062785  0.991812  0.102905  -0.075633  -0.098742  0.993486  0.056878  0.080993  -0.048944  0.995512  0.003311  -0.007538  0.001504  0.187084  0.203742  0.265055  2.000000  
187.717433 0.003214  0.089010  -0.062782  0.991812  0.102924  -0.075608  -0.098742  0.993472  0.057119  0.080993  -0.049186  0.995500  0.003405  -0.007767  0.001531  0.186541  0.199486  0.257971  2.000000  
187.718679 0.003219  0.088999  -0.062778  0.991843  0.102731  -0.075462  -0.098539  0.993480  0.057331  0.080860  -0.049428  0.995499  0.003492  -0.007979  0.001645  0.188090  0.185169  0.241706  2.000000  
187.719680 0.003222  0.088989  -0.062772  0.991843  0.102749  -0.075437  -0.098539  0.993466  0.057572  0.080860  -0.049669  0.995487  0.003532  -0.008164  0.001900  0.188519  0.173727  0.229210  2.000000  
187.720680 0.003225  0.088980  -0.062767  0.991863  0.102563  -0.075424  -0.098334  0.993474  0.057798  0.080860  -0.049911  0.995475  0.003563  -0.008328  0.002200  0.190472  0.161520  0.201036  2.000000  
187.721928 0.003228  0.088968  -0.062759  0.991863  0.102581  -0.075399  -0.098334  0.993460  0.058039  0.080860  -0.050152  0.995463  0.003497  -0.008550  0.002554  0.188893  0.148993  0.179770  2.000000  
187.722929 0.003230  0.088959  -0.062754  0.991863  0.102599  -0.075374  -0.098334  0.993445  0.058280  0.080860  -0.050394  0.995451  0.003450  -0.008628  0.002776  0.194375  0.139494  0.164218  2.000000  
187.723934 0.003232  0.088951  -0.062748  0.991883  0.102413  -0.075362  -0.098130  0.993452  0.058505  0.080860  -0.050635  0.995438  0.003259  -0.008664  0.003072  0.193264  0.133273  0.130717  2.000000  
187.725178 0.003235  0.088940  -0.062741  0.991883  0.102432  -0.075337  -0.098130  0.993438  0.058746  0.080860  -0.050877  0.995426  0.003116  -0.008687  0.003419  0.194876  0.124047  0.115701  2.000000  
187.726184 0.003236  0.088932  -0.062736  0.991883  0.102450  -0.075312  -0.098130  0.993424  0.058987  0.080860  -0.051118  0.995414  0.002971  -0.008740  0.003899  0.199266  0.112102  0.102113  2.000000  
187.727425 0.003238  0.088921  -0.062730  0.991883  0.102459  -0.075299  -0.098130  0.993417  0.059108  0.080860  -0.051239  0.995408  0.002798  -0.008781  0.004166  0.196614  0.098497  0.086996  2.000000  
187.728680 0.003240  0.088911  -0.062726  0.991894  0.102479  -0.075130  -0.098131  0.993396  0.059456  0.080726  -0.051602  0.995400  0.002610  -0.008711  0.004435  0.203093  0.086118  0.065869  2.000000  
187.729932 0.003242  0.088901  -0.062722  0.991894  0.102498  -0.075105  -0.098131  0.993381  0.059697  0.080726  -0.051843  0.995387  0.002405  -0.008711  0.004493  0.205991  0.073385  0.051542  2.000000  
187.730936 0.003242  0.088891  -0.062720  0.991874  0.102711  -0.075080  -0.098335  0.993353  0.059833  0.080726  -0.051964  0.995381  0.002165  -0.008786  0.004498  0.203056  0.060841  0.044425  2.000000  
187.731941 0.003243  0.088882  -0.062718  0.991874  0.102729  -0.075055  -0.098335  0.993338  0.060074  0.080726  -0.052205  0.995368  0.001943  -0.008857  0.004444  0.206016  0.052527  0.030213  2.000000  
187.732956 0.003244  0.088872  -0.062715  0.991874  0.102748  -0.075030  -0.098335  0.993324  0.060315  0.080726  -0.052447  0.995355  0.001787  -0.008880  0.004420  0.205342  0.043854  0.022878  2.000000  
187.734182 0.003244  0.088860  -0.062712  0.991863  0.102782  -0.075125  -0.098334  0.993301  0.060690  0.080860  -0.052808  0.995326  0.001594  -0.008937  0.004186  0.209080  0.035252  0.015576  2.000000  
187.735211 0.003245  0.088849  -0.062709  0.991863  0.102800  -0.075100  -0.098334  0.993286  0.060931  0.080860  -0.053050  0.995313  0.001442  -0.008973  0.004008  0.208249  0.026574  0.008232  2.000000  
187.736436 0.003246  0.088836  -0.062706  0.991832  0.103030  -0.075195  -0.098537  0.993250  0.061200  0.080993  -0.053291  0.995289  0.001282  -0.009113  0.003732  0.207897  0.017963  0.000906  2.000000  
187.737441 0.003247  0.088825  -0.062703  0.991832  0.103057  -0.075158  -0.098537  0.993227  0.061562  0.080993  -0.053653  0.995270  0.001200  -0.009228  0.003537  0.211945  0.013471  0.000684  2.000000  
187.738680 0.003248  0.088812  -0.062700  0.991821  0.103083  -0.075265  -0.098536  0.993212  0.061816  0.081127  -0.053894  0.995246  0.001095  -0.009378  0.003324  0.216065  0.008982  0.000457  2.000000  
187.739681 0.003249  0.088802  -0.062697  0.991810  0.103108  -0.075373  -0.098535  0.993196  0.062070  0.081260  -0.054135  0.995222  0.001002  -0.009482  0.003082  0.216232  0.013483  0.000690  2.000000  
187.740926 0.003249  0.088790  -0.062696  0.991799  0.103134  -0.075480  -0.098534  0.993180  0.062324  0.081393  -0.054376  0.995198  0.000872  -0.009564  0.002767  0.213747  0.013714  -0.006144  2.000000  
187.741943 0.003251  0.088781  -0.062693  0.991779  0.103347  -0.075455  -0.098738  0.993151  0.062460  0.081393  -0.054496  0.995191  0.000842  -0.009618  0.002596  0.213793  0.013718  -0.006144  2.000000  
187.743176 0.003252  0.088771  -0.062690  0.991768  0.103373  -0.075562  -0.098737  0.993135  0.062714  0.081527  -0.054737  0.995167  0.000808  -0.009621  0.002487  0.213781  0.018174  -0.005909  2.000000  
187.744178 0.003253  0.088763  -0.062688  0.991768  0.103382  -0.075550  -0.098737  0.993128  0.062835  0.081527  -0.054858  0.995160  0.000794  -0.009591  0.002433  0.214316  0.017818  0.000925  2.000000  
187.745271 0.003254  0.088756  -0.062685  0.991757  0.103399  -0.075670  -0.098736  0.993119  0.062968  0.081660  -0.054978  0.995143  0.000816  -0.009429  0.002384  0.211344  0.022386  0.001166  2.000000  
187.746426 0.003255  0.088746  -0.062682  0.991757  0.103408  -0.075657  -0.098736  0.993112  0.063089  0.081660  -0.055099  0.995136  0.000853  -0.009343  0.002429  0.206238  0.022273  0.001164  2.000000  
187.747435 0.003257  0.088739  -0.062681  0.991757  0.103417  -0.075645  -0.098736  0.993104  0.063209  0.081660  -0.055219  0.995129  0.000932  -0.009153  0.002370  0.204368  0.022089  0.008063  2.000000  
187.748444 0.003258  0.088732  -0.062678  0.991737  0.103631  -0.075619  -0.098940  0.993075  0.063345  0.081660  -0.055340  0.995123  0.000937  -0.008960  0.002334  0.200803  0.026209  0.015186  2.000000  
187.749683 0.003259  0.088723  -0.062676  0.991726  0.103647  -0.075739  -0.098939  0.993067  0.063479  0.081793  -0.055460  0.995105  0.000962  -0.008728  0.002262  0.196817  0.030708  0.015434  2.000000  
187.750683 0.003260  0.088715  -0.062676  0.991726  0.103656  -0.075726  -0.098939  0.993059  0.063599  0.081793  -0.055581  0.995098  0.000963  -0.008536  0.002125  0.193284  0.030338  0.022325  2.000000  
187.751931 0.003262  0.088706  -0.062674  0.991726  0.103675  -0.075701  -0.098939  0.993044  0.063840  0.081793  -0.055822  0.995085  0.000997  -0.008324  0.002019  0.189452  0.030370  0.022363  2.000000  
187.753006 0.003263  0.088698  -0.062673  0.991715  0.103691  -0.075821  -0.098938  0.993035  0.063974  0.081927  -0.055942  0.995067  0.001028  -0.008075  0.001875  0.188767  0.034737  0.022525  2.000000  
187.754190 0.003265  0.088688  -0.062672  0.991695  0.103914  -0.075783  -0.099142  0.992998  0.064230  0.081927  -0.056184  0.995053  0.001122  -0.007930  0.001734  0.186214  0.034064  0.036351  2.000000  
187.755431 0.003267  0.088678  -0.062671  0.991695  0.103933  -0.075758  -0.099142  0.992982  0.064471  0.081927  -0.056425  0.995040  0.001192  -0.007803  0.001623  0.186270  0.034065  0.036370  2.000000  
187.756451 0.003269  0.088670  -0.062671  0.991674  0.104146  -0.075732  -0.099347  0.992953  0.064607  0.081927  -0.056546  0.995033  0.001272  -0.007693  0.001512  0.186695  0.033663  0.043229  2.000000  
187.757680 0.003271  0.088660  -0.062671  0.991664  0.104172  -0.075839  -0.099345  0.992937  0.064862  0.082060  -0.056787  0.995008  0.001345  -0.007684  0.001347  0.186860  0.042664  0.043763  2.000000  
187.758929 0.003274  0.088651  -0.062670  0.991643  0.104386  -0.075813  -0.099550  0.992907  0.064998  0.082060  -0.056907  0.995001  0.001460  -0.007600  0.001185  0.181829  0.041931  0.050239  2.000000  
187.760180 0.003278  0.088642  -0.062670  0.991643  0.104404  -0.075788  -0.099550  0.992892  0.065238  0.082060  -0.057149  0.994988  0.001595  -0.007659  0.001048  0.181831  0.041919  0.050249  2.000000  
187.761430 0.003281  0.088633  -0.062670  0.991623  0.104627  -0.075749  -0.099754  0.992854  0.065495  0.082060  -0.057390  0.994974  0.001681  -0.007617  0.000846  0.181840  0.041909  0.050262  2.000000  
187.762432 0.003283  0.088627  -0.062670  0.991623  0.104636  -0.075736  -0.099754  0.992846  0.065615  0.082060  -0.057511  0.994967  0.001746  -0.007521  0.000723  0.177775  0.041895  0.050264  2.000000  
187.763436 0.003286  0.088621  -0.062669  0.991602  0.104850  -0.075710  -0.099958  0.992817  0.065751  0.082060  -0.057631  0.994960  0.001884  -0.007462  0.000639  0.175720  0.041849  0.057569  2.000000  
187.764682 0.003289  0.088613  -0.062669  0.991602  0.104859  -0.075697  -0.099958  0.992809  0.065872  0.082060  -0.057752  0.994953  0.002026  -0.007355  0.000513  0.000000  0.000000  0.000000  2.000000  
187.765686 0.003293  0.088607  -0.062667  0.991581  0.105072  -0.075671  -0.100162  0.992779  0.066008  0.082060  -0.057873  0.994946  0.002156  -0.007265  0.000527  0.000000  0.000000  0.000000  2.000000  
187.766937 0.003296  0.088599  -0.062665  0.991581  0.105082  -0.075658  -0.100162  0.992771  0.066128  0.082060  -0.057993  0.994939  0.002299  -0.007102  0.000602  0.000000  0.000000  0.000000  2.000000  
187.768181 0.003300  0.088591  -0.062663  0.991561  0.105295  -0.075632  -0.100366  0.992742  0.066264  0.082060  -0.058114  0.994932  0.002427  -0.006991  0.000667  0.000000  0.000000  0.000000  2.000000  
187.769430 0.003303  0.088584  -0.062662  0.991561  0.105304  -0.075619  -0.100366  0.992733  0.066385  0.082060  -0.058235  0.994925  0.002507  -0.006796  0.000716  0.000000  0.000000  0.000000  2.000000  
187.770680 0.003306  0.088575  -0.062660  0.991540  0.105527  -0.075580  -0.100570  0.992696  0.066641  0.082060  -0.058476  0.994910  0.002570  -0.006644  0.000755  0.000000  0.000000  0.000000  2.000000  
187.771680 0.003309  0.088570  -0.062659  0.991540  0.105536  -0.075567  -0.100570  0.992688  0.066761  0.082060  -0.058597  0.994903  0.002602  -0.006519  0.000778  0.000000  0.000000  0.000000  2.000000  
187.772933 0.003312  0.088562  -0.062658  0.991519  0.105750  -0.075540  -0.100774  0.992658  0.066897  0.082060  -0.058718  0.994896  0.002639  -0.006404  0.000852  0.000000  0.000000  0.000000  2.000000  
187.774182 0.003315  0.088555  -0.062657  0.991519  0.105759  -0.075527  -0.100774  0.992650  0.067018  0.082060  -0.058838  0.994889  0.002699  -0.006243  0.000891  0.000000  0.000000  0.000000  2.000000  
187.775431 0.003318  0.088547  -0.062656  0.991519  0.105768  -0.075515  -0.100774  0.992641  0.067138  0.082060  -0.058959  0.994882  0.002675  -0.006187  0.000884  0.000000  0.000000  0.000000  2.000000  
187.776682 0.003321  0.088539  -0.062657  0.991499  0.105982  -0.075488  -0.100979  0.992611  0.067274  0.082060  -0.059080  0.994875  0.002687  -0.006115  0.000895  0.000000  0.000000  0.000000  2.000000  
187.777930 0.003325  0.088532  -0.062658  0.991510  0.105983  -0.075343  -0.100980  0.992604  0.067381  0.081927  -0.059201  0.994879  0.002669  -0.006076  0.000789  0.000000  0.000000  0.000000  2.000000  
187.778934 0.003327  0.088525  -0.062658  0.991489  0.106196  -0.075316  -0.101184  0.992574  0.067517  0.081927  -0.059322  0.994871  0.002606  -0.006132  0.000757  0.000000  0.000000  0.000000  2.000000  
187.780182 0.003330  0.088518  -0.062658  0.991489  0.106196  -0.075316  -0.101184  0.992574  0.067517  0.081927  -0.059322  0.994871  0.002559  -0.006123  0.000638  0.000000  0.000000  0.000000  2.000000  
187.781435 0.003332  0.088510  -0.062659  0.991489  0.106205  -0.075303  -0.101184  0.992566  0.067637  0.081927  -0.059442  0.994864  0.002517  -0.006125  0.000516  0.000000  0.000000  0.000000  2.000000  
187.782682 0.003335  0.088502  -0.062659  0.991468  0.106419  -0.075276  -0.101388  0.992536  0.067773  0.081927  -0.059563  0.994857  0.002457  -0.006192  0.000334  0.000000  0.000000  0.000000  2.000000  
187.783931 0.003338  0.088494  -0.062659  0.991468  0.106428  -0.075263  -0.101388  0.992528  0.067894  0.081927  -0.059684  0.994850  0.002415  -0.006192  0.000222  0.000000  0.000000  0.000000  2.000000  
187.784933 0.003340  0.088487  -0.062658  0.991468  0.106428  -0.075263  -0.101388  0.992528  0.067894  0.081927  -0.059684  0.994850  0.002386  -0.006231  0.000148  0.000000  0.000000  0.000000  2.000000  
187.786188 0.003341  0.088479  -0.062659  0.991468  0.106437  -0.075250  -0.101388  0.992519  0.068014  0.081927  -0.059804  0.994842  0.002271  -0.006260  0.000045  0.000000  0.000000  0.000000  2.000000  
187.787432 0.003343  0.088471  -0.062658  0.991468  0.106437  -0.075250  -0.101388  0.992519  0.068014  0.081927  -0.059804  0.994842  0.002179  -0.006244  -0.000045  0.000000  0.000000  0.000000  2.000000  
187.788678 0.003345  0.088464  -0.062658  0.991457  0.106454  -0.075370  -0.101387  0.992510  0.068148  0.082060  -0.059924  0.994824  0.002057  -0.006254  -0.000100  0.000000  0.000000  0.000000  2.000000  
187.789924 0.003347  0.088457  -0.062658  0.991457  0.106454  -0.075370  -0.101387  0.992510  0.068148  0.082060  -0.059924  0.994824  0.002015  -0.006232  -0.000057  0.000000  0.000000  0.000000  2.000000  
187.790927 0.003348  0.088451  -0.062658  0.991457  0.106463  -0.075357  -0.101387  0.992502  0.068268  0.082060  -0.060045  0.994817  0.001916  -0.006191  -0.000049  0.000000  0.000000  0.000000  2.000000  
187.792181 0.003350  0.088445  -0.062657  0.991457  0.106463  -0.075357  -0.101387  0.992502  0.068268  0.082060  -0.060045  0.994817  0.001824  -0.006090  0.000010  0.000000  0.000000  0.000000  2.000000  
187.793426 0.003352  0.088439  -0.062657  0.991457  0.106463  -0.075357  -0.101387  0.992502  0.068268  0.082060  -0.060045  0.994817  0.001721  -0.006010  0.000075  0.000000  0.000000  0.000000  2.000000  
187.794428 0.003352  0.088434  -0.062658  0.991457  0.106463  -0.075357  -0.101387  0.992502  0.068268  0.082060  -0.060045  0.994817  0.001642  -0.005919  0.000046  0.000000  0.000000  0.000000  2.000000  
187.795431 0.003353  0.088429  -0.062658  0.991468  0.106455  -0.075225  -0.101388  0.992503  0.068255  0.081927  -0.060046  0.994828  0.001531  -0.005850  0.000051  0.000000  0.000000  0.000000  2.000000  
187.796685 0.003354  0.088423  -0.062658  0.991468  0.106455  -0.075225  -0.101388  0.992503  0.068255  0.081927  -0.060046  0.994828  0.001405  -0.005681  0.000002  0.000000  0.000000  0.000000  2.000000  
187.797934 0.003356  0.088417  -0.062658  0.991457  0.106473  -0.075344  -0.101387  0.992494  0.068389  0.082060  -0.060166  0.994810  0.001328  -0.005556  0.000030  0.000000  0.000000  0.000000  2.000000  
187.798935 0.003357  0.088412  -0.062658  0.991457  0.106473  -0.075344  -0.101387  0.992494  0.068389  0.082060  -0.060166  0.994810  0.001224  -0.005442  0.000038  0.000000  0.000000  0.000000  2.000000  
187.800185 0.003357  0.088406  -0.062658  0.991457  0.106473  -0.075344  -0.101387  0.992494  0.068389  0.082060  -0.060166  0.994810  0.001122  -0.005293  0.000053  0.000000  0.000000  0.000000  2.000000  
187.801430 0.003358  0.088399  -0.062657  0.991457  0.106473  -0.075344  -0.101387  0.992494  0.068389  0.082060  -0.060166  0.994810  0.001076  -0.005182  0.000091  0.000000  0.000000  0.000000  2.000000  
187.802430 0.003359  0.088395  -0.062656  0.991457  0.106473  -0.075344  -0.101387  0.992494  0.068389  0.082060  -0.060166  0.994810  0.001060  -0.005100  0.000140  0.000000  0.000000  0.000000  2.000000  
187.803680 0.003360  0.088389  -0.062655  0.991457  0.106473  -0.075344  -0.101387  0.992494  0.068389  0.082060  -0.060166  0.994810  0.000986  -0.004962  0.000167  0.000000  0.000000  0.000000  2.000000  
187.804933 0.003361  0.088384  -0.062655  0.991457  0.106473  -0.075344  -0.101387  0.992494  0.068389  0.082060  -0.060166  0.994810  0.000938  -0.004843  0.000153  0.000000  0.000000  0.000000  2.000000  
187.806180 0.003363  0.088379  -0.062655  0.991457  0.106473  -0.075344  -0.101387  0.992494  0.068389  0.082060  -0.060166  0.994810  0.000891  -0.004728  0.000140  0.000000  0.000000  0.000000  2.000000  
187.807180 0.003363  0.088375  -0.062654  0.991446  0.106481  -0.075476  -0.101386  0.992493  0.068402  0.082193  -0.060165  0.994799  0.000878  -0.004653  0.000188  0.000000  0.000000  0.000000  2.000000  
187.808426 0.003365  0.088372  -0.062654  0.991446  0.106471  -0.075489  -0.101386  0.992501  0.068282  0.082193  -0.060044  0.994806  0.000867  -0.004461  0.000248  0.000000  0.000000  0.000000  2.000000  
187.809428 0.003366  0.088369  -0.062653  0.991446  0.106471  -0.075489  -0.101386  0.992501  0.068282  0.082193  -0.060044  0.994806  0.000908  -0.004320  0.000323  0.000000  0.000000  0.000000  2.000000  
187.810428 0.003367  0.088366  -0.062652  0.991446  0.106471  -0.075489  -0.101386  0.992501  0.068282  0.082193  -0.060044  0.994806  0.000927  -0.004166  0.000342  0.000000  0.000000  0.000000  2.000000  
187.811676 0.003369  0.088364  -0.062651  0.991446  0.106471  -0.075489  -0.101386  0.992501  0.068282  0.082193  -0.060044  0.994806  0.000948  -0.003911  0.000467  0.000000  0.000000  0.000000  2.000000  
187.812679 0.003370  0.088362  -0.062650  0.991446  0.106471  -0.075489  -0.101386  0.992501  0.068282  0.082193  -0.060044  0.994806  0.000990  -0.003708  0.000549  0.000000  0.000000  0.000000  2.000000  
187.813684 0.003371  0.088360  -0.062649  0.991446  0.106471  -0.075489  -0.101386  0.992501  0.068282  0.082193  -0.060044  0.994806  0.000981  -0.003501  0.000615  0.000000  0.000000  0.000000  2.000000  
187.814685 0.003372  0.088359  -0.062648  0.991446  0.106471  -0.075489  -0.101386  0.992501  0.068282  0.082193  -0.060044  0.994806  0.001011  -0.003266  0.000694  0.000000  0.000000  0.000000  2.000000  
187.815933 0.003374  0.088356  -0.062646  0.991446  0.106462  -0.075502  -0.101386  0.992509  0.068161  0.082193  -0.059924  0.994813  0.001042  -0.003032  0.000774  0.000000  0.000000  0.000000  2.000000  
187.816934 0.003375  0.088355  -0.062644  0.991425  0.106667  -0.075488  -0.101590  0.992487  0.068177  0.082193  -0.059924  0.994813  0.001072  -0.002797  0.000803  0.000000  0.000000  0.000000  2.000000  
187.818188 0.003376  0.088353  -0.062643  0.991425  0.106667  -0.075488  -0.101590  0.992487  0.068177  0.082193  -0.059924  0.994813  0.001065  -0.002473  0.000820  0.000000  0.000000  0.000000  2.000000  
187.819429 0.003378  0.088352  -0.062642  0.991425  0.106667  -0.075488  -0.101590  0.992487  0.068177  0.082193  -0.059924  0.994813  0.001122  -0.002210  0.000905  0.000000  0.000000  0.000000  2.000000  
187.820677 0.003380  0.088351  -0.062640  0.991425  0.106667  -0.075488  -0.101590  0.992487  0.068177  0.082193  -0.059924  0.994813  0.001188  -0.001962  0.001050  0.000000  0.000000  0.000000  2.000000  
187.821681 0.003381  0.088351  -0.062638  0.991425  0.106657  -0.075501  -0.101590  0.992496  0.068057  0.082193  -0.059803  0.994821  0.001213  -0.001701  0.001089  0.000000  0.000000  0.000000  2.000000  
187.822928 0.003383  0.088350  -0.062637  0.991425  0.106657  -0.075501  -0.101590  0.992496  0.068057  0.082193  -0.059803  0.994821  0.001214  -0.001520  0.001140  0.000000  0.000000  0.000000  2.000000  
187.823928 0.003384  0.088350  -0.062636  0.991404  0.106862  -0.075487  -0.101794  0.992474  0.068072  0.082193  -0.059803  0.994821  0.001221  -0.001305  0.001220  0.000000  0.000000  0.000000  2.000000  
187.825181 0.003385  0.088351  -0.062634  0.991404  0.106862  -0.075487  -0.101794  0.992474  0.068072  0.082193  -0.059803  0.994821  0.001241  -0.001079  0.001231  0.000000  0.000000  0.000000  2.000000  
187.826186 0.003386  0.088351  -0.062634  0.991404  0.106862  -0.075487  -0.101794  0.992474  0.068072  0.082193  -0.059803  0.994821  0.001188  -0.000922  0.001179  0.000000  0.000000  0.000000  2.000000  
187.827426 0.003387  0.088351  -0.062633  0.991404  0.106853  -0.075500  -0.101794  0.992482  0.067952  0.082193  -0.059682  0.994828  0.001177  -0.000724  0.001176  0.000000  0.000000  0.000000  2.000000  
187.828431 0.003387  0.088352  -0.062632  0.991404  0.106853  -0.075500  -0.101794  0.992482  0.067952  0.082193  -0.059682  0.994828  0.001112  -0.000532  0.001120  0.000000  0.000000  0.000000  2.000000  
187.829678 0.003388  0.088353  -0.062631  0.991383  0.107057  -0.075486  -0.101998  0.992460  0.067967  0.082193  -0.059682  0.994828  0.001036  -0.000382  0.001085  0.000000  0.000000  0.000000  2.000000  
187.830679 0.003388  0.088354  -0.062630  0.991383  0.107057  -0.075486  -0.101998  0.992460  0.067967  0.082193  -0.059682  0.994828  0.000966  -0.000212  0.001065  0.000000  0.000000  0.000000  2.000000  
187.831680 0.003388  0.088354  -0.062630  0.991383  0.107057  -0.075486  -0.101998  0.992460  0.067967  0.082193  -0.059682  0.994828  0.000877  -0.000062  0.000995  0.000000  0.000000  0.000000  2.000000  
187.832681 0.003388  0.088355  -0.062629  0.991383  0.107057  -0.075486  -0.101998  0.992460  0.067967  0.082193  -0.059682  0.994828  0.000818  0.000082  0.000978  0.000000  0.000000  0.000000  2.000000  
187.833686 0.003388  0.088355  -0.062628  0.991372  0.107065  -0.075619  -0.101997  0.992459  0.067981  0.082327  -0.059682  0.994817  0.000692  0.000183  0.000928  0.000000  0.000000  0.000000  2.000000  
187.834941 0.003387  0.088357  -0.062627  0.991372  0.107065  -0.075619  -0.101997  0.992459  0.067981  0.082327  -0.059682  0.994817  0.000580  0.000327  0.000928  0.000000  0.000000  0.000000  2.000000  
187.836183 0.003387  0.088358  -0.062625  0.991372  0.107065  -0.075619  -0.101997  0.992459  0.067981  0.082327  -0.059682  0.994817  0.000407  0.000470  0.000870  0.000000  0.000000  0.000000  2.000000  
187.837185 0.003387  0.088359  -0.062625  0.991372  0.107065  -0.075619  -0.101997  0.992459  0.067981  0.082327  -0.059682  0.994817  0.000327  0.000564  0.000840  0.000000  0.000000  0.000000  2.000000  
187.838431 0.003386  0.088360  -0.062624  0.991372  0.107065  -0.075619  -0.101997  0.992459  0.067981  0.082327  -0.059682  0.994817  0.000179  0.000615  0.000778  0.000000  0.000000  0.000000  2.000000  
187.839677 0.003385  0.088360  -0.062624  0.991372  0.107065  -0.075619  -0.101997  0.992459  0.067981  0.082327  -0.059682  0.994817  0.000033  0.000653  0.000754  0.000000  0.000000  0.000000  2.000000  
187.840682 0.003385  0.088361  -0.062623  0.991372  0.107065  -0.075619  -0.101997  0.992459  0.067981  0.082327  -0.059682  0.994817  -0.000056  0.000679  0.000727  0.000000  0.000000  0.000000  2.000000  
187.841931 0.003385  0.088362  -0.062622  0.991372  0.107065  -0.075619  -0.101997  0.992459  0.067981  0.082327  -0.059682  0.994817  -0.000146  0.000694  0.000688  0.000000  0.000000  0.000000  2.000000  
187.843176 0.003384  0.088362  -0.062623  0.991372  0.107065  -0.075619  -0.101997  0.992459  0.067981  0.082327  -0.059682  0.994817  -0.000210  0.000641  0.000644  0.000000  0.000000  0.000000  2.000000  
187.844178 0.003384  0.088362  -0.062622  0.991372  0.107065  -0.075619  -0.101997  0.992459  0.067981  0.082327  -0.059682  0.994817  -0.000254  0.000650  0.000626  0.000000  0.000000  0.000000  2.000000  
187.845182 0.003384  0.088362  -0.062622  0.991372  0.107065  -0.075619  -0.101997  0.992459  0.067981  0.082327  -0.059682  0.994817  -0.000308  0.000579  0.000596  0.000000  0.000000  0.000000  2.000000  
187.846428 0.003383  0.088362  -0.062622  0.991372  0.107065  -0.075619  -0.101997  0.992459  0.067981  0.082327  -0.059682  0.994817  -0.000321  0.000505  0.000486  0.000000  0.000000  0.000000  2.000000  
187.847435 0.003383  0.088362  -0.062622  0.991372  0.107065  -0.075619  -0.101997  0.992459  0.067981  0.082327  -0.059682  0.994817  -0.000344  0.000458  0.000423  0.000000  0.000000  0.000000  2.000000  
187.848683 0.003383  0.088361  -0.062623  0.991372  0.107065  -0.075619  -0.101997  0.992459  0.067981  0.082327  -0.059682  0.994817  -0.000344  0.000355  0.000367  0.000000  0.000000  0.000000  2.000000  
187.849932 0.003382  0.088360  -0.062624  0.991372  0.107074  -0.075606  -0.101997  0.992451  0.068101  0.082327  -0.059802  0.994810  -0.000335  0.000227  0.000213  0.000000  0.000000  0.000000  2.000000  
187.851181 0.003382  0.088359  -0.062624  0.991372  0.107074  -0.075606  -0.101997  0.992451  0.068101  0.082327  -0.059802  0.994810  -0.000325  0.000098  0.000110  0.000000  0.000000  0.000000  2.000000  
187.852429 0.003382  0.088359  -0.062625  0.991372  0.107074  -0.075606  -0.101997  0.992451  0.068101  0.082327  -0.059802  0.994810  -0.000327  -0.000004  0.000003  0.000000  0.000000  0.000000  2.000000  
187.853430 0.003382  0.088359  -0.062625  0.991372  0.107074  -0.075606  -0.101997  0.992451  0.068101  0.082327  -0.059802  0.994810  -0.000305  -0.000058  -0.000041  0.000000  0.000000  0.000000  2.000000  
187.854680 0.003382  0.088358  -0.062625  0.991383  0.107066  -0.075473  -0.101998  0.992452  0.068088  0.082193  -0.059803  0.994821  -0.000233  -0.000149  -0.000114  0.000000  0.000000  0.000000  2.000000  
187.855933 0.003382  0.088358  -0.062625  0.991383  0.107066  -0.075473  -0.101998  0.992452  0.068088  0.082193  -0.059803  0.994821  -0.000227  -0.000252  -0.000118  0.000000  0.000000  0.000000  2.000000  
187.856933 0.003382  0.088358  -0.062625  0.991383  0.107066  -0.075473  -0.101998  0.992452  0.068088  0.082193  -0.059803  0.994821  -0.000221  -0.000283  -0.000168  0.000000  0.000000  0.000000  2.000000  
187.858185 0.003382  0.088357  -0.062625  0.991383  0.107066  -0.075473  -0.101998  0.992452  0.068088  0.082193  -0.059803  0.994821  -0.000154  -0.000345  -0.000192  0.000000  0.000000  0.000000  2.000000  
187.859450 0.003381  0.088356  -0.062626  0.991383  0.107066  -0.075473  -0.101998  0.992452  0.068088  0.082193  -0.059803  0.994821  -0.000144  -0.000371  -0.000240  0.000000  0.000000  0.000000  2.000000  
187.860678 0.003380  0.088356  -0.062626  0.991383  0.107066  -0.075473  -0.101998  0.992452  0.068088  0.082193  -0.059803  0.994821  -0.000207  -0.000408  -0.000268  0.000000  0.000000  0.000000  2.000000  
187.861678 0.003380  0.088355  -0.062627  0.991383  0.107066  -0.075473  -0.101998  0.992452  0.068088  0.082193  -0.059803  0.994821  -0.000198  -0.000434  -0.000316  0.000000  0.000000  0.000000  2.000000  
187.862678 0.003380  0.088354  -0.062627  0.991383  0.107066  -0.075473  -0.101998  0.992452  0.068088  0.082193  -0.059803  0.994821  -0.000186  -0.000462  -0.000312  0.000000  0.000000  0.000000  2.000000  
187.863682 0.003379  0.088354  -0.062628  0.991383  0.107075  -0.075460  -0.101998  0.992443  0.068208  0.082193  -0.059924  0.994813  -0.000220  -0.000481  -0.000378  0.000000  0.000000  0.000000  2.000000  
187.864934 0.003379  0.088353  -0.062629  0.991383  0.107075  -0.075460  -0.101998  0.992443  0.068208  0.082193  -0.059924  0.994813  -0.000236  -0.000460  -0.000388  0.000000  0.000000  0.000000  2.000000  
187.865935 0.003379  0.088353  -0.062629  0.991362  0.107280  -0.075446  -0.102202  0.992421  0.068224  0.082193  -0.059924  0.994813  -0.000203  -0.000439  -0.000372  0.000000  0.000000  0.000000  2.000000  
187.867185 0.003379  0.088353  -0.062630  0.991362  0.107280  -0.075446  -0.102202  0.992421  0.068224  0.082193  -0.059924  0.994813  -0.000214  -0.000410  -0.000375  0.000000  0.000000  0.000000  2.000000  
187.868430 0.003378  0.088352  -0.062631  0.991351  0.107287  -0.075579  -0.102201  0.992421  0.068237  0.082327  -0.059923  0.994802  -0.000250  -0.000429  -0.000443  0.000000  0.000000  0.000000  2.000000  
187.869680 0.003378  0.088352  -0.062631  0.991351  0.107297  -0.075566  -0.102201  0.992412  0.068358  0.082327  -0.060044  0.994795  -0.000283  -0.000450  -0.000459  0.000000  0.000000  0.000000  2.000000  
187.870929 0.003377  0.088351  -0.062632  0.991351  0.107297  -0.075566  -0.102201  0.992412  0.068358  0.082327  -0.060044  0.994795  -0.000292  -0.000413  -0.000505  0.000000  0.000000  0.000000  2.000000  
187.871930 0.003377  0.088351  -0.062632  0.991351  0.107297  -0.075566  -0.102201  0.992412  0.068358  0.082327  -0.060044  0.994795  -0.000292  -0.000412  -0.000505  0.000000  0.000000  0.000000  2.000000  
187.873178 0.003377  0.088351  -0.062633  0.991351  0.107297  -0.075566  -0.102201  0.992412  0.068358  0.082327  -0.060044  0.994795  -0.000348  -0.000377  -0.000528  0.000000  0.000000  0.000000  2.000000  
187.874426 0.003376  0.088352  -0.062633  0.991351  0.107297  -0.075566  -0.102201  0.992412  0.068358  0.082327  -0.060044  0.994795  -0.000337  -0.000302  -0.000469  0.000000  0.000000  0.000000  2.000000  
187.875426 0.003376  0.088352  -0.062632  0.991351  0.107297  -0.075566  -0.102201  0.992412  0.068358  0.082327  -0.060044  0.994795  -0.000335  -0.000304  -0.000418  0.000000  0.000000  0.000000  2.000000  
187.876426 0.003376  0.088352  -0.062632  0.991351  0.107297  -0.075566  -0.102201  0.992412  0.068358  0.082327  -0.060044  0.994795  -0.000323  -0.000228  -0.000358  0.000000  0.000000  0.000000  2.000000  
187.877426 0.003376  0.088352  -0.062632  0.991351  0.107297  -0.075566  -0.102201  0.992412  0.068358  0.082327  -0.060044  0.994795  -0.000312  -0.000153  -0.000299  0.000000  0.000000  0.000000  2.000000  
187.878428 0.003376  0.088353  -0.062631  0.991351  0.107297  -0.075566  -0.102201  0.992412  0.068358  0.082327  -0.060044  0.994795  -0.000287  -0.000108  -0.000185  0.000000  0.000000  0.000000  2.000000  
187.879676 0.003375  0.088353  -0.062631  0.991330  0.107510  -0.075538  -0.102405  0.992382  0.068494  0.082327  -0.060164  0.994788  -0.000276  -0.000033  -0.000125  0.000000  0.000000  0.000000  2.000000  
187.880681 0.003375  0.088354  -0.062630  0.991330  0.107510  -0.075538  -0.102405  0.992382  0.068494  0.082327  -0.060164  0.994788  -0.000265  0.000042  -0.000066  0.000000  0.000000  0.000000  2.000000  
187.881933 0.003375  0.088354  -0.062630  0.991330  0.107510  -0.075538  -0.102405  0.992382  0.068494  0.082327  -0.060164  0.994788  -0.000209  0.000110  0.000013  0.000000  0.000000  0.000000  2.000000  
187.883180 0.003375  0.088355  -0.062630  0.991330  0.107510  -0.075538  -0.102405  0.992382  0.068494  0.082327  -0.060164  0.994788  -0.000199  0.000188  0.000023  0.000000  0.000000  0.000000  2.000000  
187.884432 0.003376  0.088355  -0.062630  0.991330  0.107510  -0.075538  -0.102405  0.992382  0.068494  0.082327  -0.060164  0.994788  -0.000146  0.000260  0.000103  0.000000  0.000000  0.000000  2.000000  
187.885433 0.003376  0.088356  -0.062630  0.991330  0.107510  -0.075538  -0.102405  0.992382  0.068494  0.082327  -0.060164  0.994788  -0.000077  0.000300  0.000187  0.000000  0.000000  0.000000  2.000000  
187.886683 0.003376  0.088356  -0.062630  0.991330  0.107510  -0.075538  -0.102405  0.992382  0.068494  0.082327  -0.060164  0.994788  -0.000089  0.000329  0.000184  0.000000  0.000000  0.000000  2.000000  
187.887932 0.003376  0.088356  -0.062630  0.991330  0.107510  -0.075538  -0.102405  0.992382  0.068494  0.082327  -0.060164  0.994788  -0.000011  0.000342  0.000220  0.000000  0.000000  0.000000  2.000000  
187.889176 0.003377  0.088357  -0.062629  0.991330  0.107519  -0.075525  -0.102405  0.992374  0.068614  0.082327  -0.060285  0.994780  0.000022  0.000358  0.000232  0.000000  0.000000  0.000000  2.000000  
187.890187 0.003377  0.088357  -0.062629  0.991330  0.107519  -0.075525  -0.102405  0.992374  0.068614  0.082327  -0.060285  0.994780  0.000066  0.000358  0.000204  0.000000  0.000000  0.000000  2.000000  
187.891434 0.003377  0.088357  -0.062629  0.991330  0.107519  -0.075525  -0.102405  0.992374  0.068614  0.082327  -0.060285  0.994780  0.000111  0.000351  0.000224  0.000000  0.000000  0.000000  2.000000  
187.892678 0.003378  0.088357  -0.062629  0.991330  0.107519  -0.075525  -0.102405  0.992374  0.068614  0.082327  -0.060285  0.994780  0.000178  0.000288  0.000199  0.000000  0.000000  0.000000  2.000000  
187.893681 0.003378  0.088357  -0.062629  0.991330  0.107519  -0.075525  -0.102405  0.992374  0.068614  0.082327  -0.060285  0.994780  0.000188  0.000261  0.000152  0.000000  0.000000  0.000000  2.000000  
187.894681 0.003378  0.088357  -0.062629  0.991330  0.107519  -0.075525  -0.102405  0.992374  0.068614  0.082327  -0.060285  0.994780  0.000188  0.000261  0.000152  0.000000  0.000000  0.000000  2.000000  
187.895929 0.003379  0.088357  -0.062628  0.991330  0.107519  -0.075525  -0.102405  0.992374  0.068614  0.082327  -0.060285  0.994780  0.000227  0.000252  0.000118  0.000000  0.000000  0.000000  2.000000  
187.896949 0.003379  0.088357  -0.062628  0.991330  0.107519  -0.075525  -0.102405  0.992374  0.068614  0.082327  -0.060285  0.994780  0.000209  0.000206  0.000107  0.000000  0.000000  0.000000  2.000000  
187.898190 0.003379  0.088357  -0.062628  0.991330  0.107519  -0.075525  -0.102405  0.992374  0.068614  0.082327  -0.060285  0.994780  0.000221  0.000177  0.000110  0.000000  0.000000  0.000000  2.000000  
187.899434 0.003379  0.088357  -0.062628  0.991330  0.107519  -0.075525  -0.102405  0.992374  0.068614  0.082327  -0.060285  0.994780  0.000202  0.000125  0.000149  0.000000  0.000000  0.000000  2.000000  
187.900680 0.003378  0.088357  -0.062628  0.991330  0.107519  -0.075525  -0.102405  0.992374  0.068614  0.082327  -0.060285  0.994780  0.000133  0.000081  0.000114  0.000000  0.000000  0.000000  2.000000  
187.901681 0.003378  0.088357  -0.062628  0.991330  0.107519  -0.075525  -0.102405  0.992374  0.068614  0.082327  -0.060285  0.994780  0.000133  0.000081  0.000114  0.000000  0.000000  0.000000  2.000000  
