1-Time 2-Px 3-Py 4-Pz 5-R11 6-R21 7-R31 8-R12 9-R22 10-R32 11-R13 12-R23 13-R33 14-Vx 15-Vy 16-Vz 17-Wx 18-Wy 19-Wz 20-state 21-PR11 22-PR21 23-PR31 24-PR12 25-PR22 26-PR32 27-PR13 28-PR23 29-PR33 
95.282155 -0.001723  0.081225  -0.010914  0.997999  0.022225  -0.059190  0.057592  0.066724  0.996108  0.026088  -0.997524  0.065310  0.000084  0.000072  0.000090  0.000000  0.000000  0.000000  2.000000  
95.283158 -0.001723  0.081225  -0.010914  0.997999  0.022225  -0.059190  0.057592  0.066724  0.996108  0.026088  -0.997524  0.065310  0.000084  0.000072  0.000090  0.000000  0.000000  0.000000  2.000000  
95.284430 -0.001726  0.081220  -0.010916  0.998008  0.022372  -0.058994  0.057387  0.066727  0.996120  0.026222  -0.997520  0.065310  -0.000085  -0.000269  -0.000001  0.000000  0.000000  0.000000  2.000000  
95.285657 -0.001728  0.081213  -0.010917  0.998012  0.022645  -0.058809  0.057181  0.066858  0.996123  0.026489  -0.997505  0.065431  -0.000306  -0.000706  -0.000109  0.000000  0.000000  0.000000  2.000000  
95.286904 -0.001731  0.081207  -0.010918  0.998021  0.022792  -0.058613  0.056975  0.066861  0.996134  0.026623  -0.997502  0.065430  -0.000468  -0.001119  -0.000135  0.000000  0.000000  0.000000  2.000000  
95.287905 -0.001733  0.081202  -0.010917  0.998017  0.022925  -0.058622  0.056975  0.066869  0.996134  0.026757  -0.997498  0.065430  -0.000618  -0.001480  -0.000116  0.000000  0.000000  0.000000  2.000000  
95.288906 -0.001735  0.081197  -0.010917  0.998025  0.023072  -0.058425  0.056769  0.066872  0.996145  0.026890  -0.997495  0.065430  -0.000709  -0.001828  -0.000151  0.000000  0.000000  0.000000  2.000000  
95.290153 -0.001737  0.081190  -0.010917  0.998033  0.023212  -0.058232  0.056564  0.066995  0.996149  0.027024  -0.997483  0.065551  -0.000899  -0.002338  -0.000128  0.000000  0.000000  0.000000  2.000000  
95.291153 -0.001738  0.081185  -0.010917  0.998041  0.023359  -0.058035  0.056358  0.066998  0.996160  0.027158  -0.997480  0.065550  -0.000951  -0.002687  -0.000135  0.000000  0.000000  0.000000  2.000000  
95.292406 -0.001739  0.081178  -0.010917  0.998045  0.023632  -0.057851  0.056152  0.067129  0.996163  0.027425  -0.997464  0.065671  -0.001016  -0.003137  -0.000128  0.000000  0.000000  0.000000  2.000000  
95.293661 -0.001741  0.081171  -0.010917  0.998050  0.023906  -0.057666  0.055946  0.067260  0.996166  0.027693  -0.997449  0.065791  -0.001192  -0.003602  -0.000197  0.000000  0.000000  0.000000  2.000000  
95.294901 -0.001744  0.081164  -0.010919  0.998057  0.024046  -0.057473  0.055741  0.067383  0.996169  0.027827  -0.997437  0.065912  -0.001401  -0.004093  -0.000285  0.000000  0.000000  0.000000  2.000000  
95.295902 -0.001746  0.081157  -0.010920  0.998061  0.024319  -0.057288  0.055535  0.067514  0.996172  0.028094  -0.997422  0.066033  -0.001564  -0.004565  -0.000389  0.000000  0.000000  0.000000  2.000000  
95.297155 -0.001751  0.081146  -0.010923  0.998065  0.024593  -0.057104  0.055329  0.067645  0.996174  0.028362  -0.997406  0.066153  -0.001859  -0.005210  -0.000543  0.000000  0.000000  0.000000  2.000000  
95.298160 -0.001755  0.081137  -0.010924  0.998058  0.024845  -0.057127  0.055328  0.067901  0.996157  0.028629  -0.997383  0.066395  -0.002163  -0.005877  -0.000620  0.000000  0.000000  0.000000  2.000000  
95.299179 -0.001761  0.081127  -0.010925  0.998065  0.024986  -0.056934  0.055123  0.068024  0.996160  0.028763  -0.997371  0.066515  -0.002391  -0.006279  -0.000602  0.000000  0.000000  0.000000  2.000000  
95.300409 -0.001768  0.081114  -0.010924  0.998069  0.025253  -0.056753  0.054917  0.068275  0.996154  0.029030  -0.997347  0.066757  -0.002654  -0.006704  -0.000466  0.000000  0.000000  0.000000  2.000000  
95.301655 -0.001775  0.081101  -0.010924  0.998072  0.025519  -0.056572  0.054711  0.068526  0.996148  0.029298  -0.997323  0.066998  -0.002940  -0.007184  -0.000429  0.000000  0.000000  0.000000  2.000000  
95.302656 -0.001780  0.081090  -0.010923  0.998080  0.025653  -0.056382  0.054505  0.068770  0.996142  0.029431  -0.997303  0.067240  -0.003157  -0.007603  -0.000401  0.000000  0.000000  0.000000  2.000000  
95.303659 -0.001785  0.081079  -0.010923  0.998072  0.025913  -0.056403  0.054505  0.068906  0.996133  0.029699  -0.997287  0.067360  -0.003392  -0.008008  -0.000384  0.000000  0.000000  0.000000  2.000000  
95.304906 -0.001790  0.081065  -0.010922  0.998075  0.026180  -0.056223  0.054299  0.069156  0.996127  0.029966  -0.997262  0.067602  -0.003595  -0.008465  -0.000381  0.000000  0.000000  0.000000  2.000000  
95.306151 -0.001795  0.081051  -0.010922  0.998074  0.026580  -0.056051  0.054093  0.069414  0.996120  0.030368  -0.997234  0.067843  -0.003793  -0.008892  -0.000343  0.000000  0.000000  0.000000  2.000000  
95.307156 -0.001798  0.081040  -0.010922  0.998066  0.026833  -0.056076  0.054092  0.069670  0.996102  0.030635  -0.997209  0.068084  -0.004013  -0.009330  -0.000397  0.000000  0.000000  0.000000  2.000000  
95.308403 -0.001802  0.081026  -0.010925  0.998069  0.027100  -0.055895  0.053886  0.069921  0.996096  0.030903  -0.997184  0.068326  -0.004147  -0.009888  -0.000506  0.000000  0.000000  0.000000  2.000000  
95.309406 -0.001805  0.081014  -0.010926  0.998072  0.027367  -0.055715  0.053680  0.070171  0.996090  0.031170  -0.997159  0.068567  -0.004204  -0.010311  -0.000545  0.000000  0.000000  0.000000  2.000000  
95.310654 -0.001811  0.080997  -0.010929  0.998074  0.027635  -0.055535  0.053474  0.070422  0.996083  0.031438  -0.997134  0.068808  -0.004323  -0.010800  -0.000614  -0.114241  -0.125945  0.188745  2.000000  
95.311901 -0.001816  0.080979  -0.010931  0.998066  0.027881  -0.055564  0.053474  0.070798  0.996056  0.031705  -0.997101  0.069170  -0.004419  -0.011362  -0.000555  -0.126489  -0.125341  0.197798  2.000000  
95.312905 -0.001821  0.080964  -0.010932  0.998073  0.028009  -0.055378  0.053268  0.071162  0.996041  0.031839  -0.997071  0.069533  -0.004418  -0.011694  -0.000572  -0.137349  -0.130796  0.201072  2.000000  
95.314157 -0.001827  0.080945  -0.010933  0.998079  0.028137  -0.055193  0.053063  0.071526  0.996026  0.031972  -0.997042  0.069896  -0.004406  -0.012139  -0.000555  -0.149453  -0.130752  0.201086  2.000000  
95.315182 -0.001832  0.080930  -0.010934  0.998075  0.028250  -0.055212  0.053062  0.071895  0.996000  0.032106  -0.997012  0.070258  -0.004334  -0.012462  -0.000660  -0.158973  -0.124843  0.202246  2.000000  
95.316413 -0.001838  0.080911  -0.010934  0.998077  0.028511  -0.055036  0.052856  0.072266  0.995984  0.032374  -0.996978  0.070620  -0.004322  -0.012866  -0.000698  -0.170991  -0.131728  0.202778  2.000000  
95.317658 -0.001845  0.080892  -0.010936  0.998079  0.028772  -0.054861  0.052651  0.072637  0.995968  0.032641  -0.996943  0.070982  -0.004341  -0.013246  -0.000868  -0.183220  -0.131405  0.207321  2.000000  
95.318906 -0.001853  0.080872  -0.010938  0.998086  0.028907  -0.054672  0.052445  0.072879  0.995961  0.032775  -0.996922  0.071224  -0.004494  -0.013583  -0.001013  -0.191356  -0.131380  0.207338  2.000000  
95.319917 -0.001858  0.080857  -0.010940  0.998077  0.029154  -0.054702  0.052444  0.073256  0.995933  0.033042  -0.996887  0.071586  -0.004574  -0.013889  -0.001198  -0.199608  -0.124070  0.211297  2.000000  
95.321155 -0.001865  0.080838  -0.010942  0.998079  0.029415  -0.054526  0.052238  0.073626  0.995917  0.033310  -0.996852  0.071948  -0.004723  -0.014251  -0.001361  -0.211940  -0.123800  0.215941  2.000000  
95.322156 -0.001871  0.080824  -0.010943  0.998075  0.029529  -0.054547  0.052238  0.073996  0.995889  0.033443  -0.996821  0.072311  -0.004882  -0.014488  -0.001329  -0.220246  -0.117139  0.210975  2.000000  
95.323401 -0.001877  0.080806  -0.010943  0.998081  0.029657  -0.054362  0.052032  0.074359  0.995873  0.033577  -0.996790  0.072673  -0.004994  -0.014663  -0.001215  -0.228450  -0.117437  0.206585  2.000000  
95.324410 -0.001882  0.080791  -0.010943  0.998087  0.029786  -0.054178  0.051827  0.074722  0.995857  0.033711  -0.996759  0.073035  -0.005135  -0.014859  -0.001102  -0.236447  -0.117316  0.206489  2.000000  
95.325416 -0.001888  0.080776  -0.010943  0.998082  0.029899  -0.054198  0.051827  0.075091  0.995829  0.033845  -0.996728  0.073398  -0.005258  -0.015005  -0.000972  -0.246673  -0.116342  0.204862  2.000000  
95.326653 -0.001896  0.080756  -0.010942  0.998089  0.030022  -0.054018  0.051621  0.075575  0.995803  0.033978  -0.996688  0.073881  -0.005425  -0.015104  -0.000791  -0.256818  -0.117851  0.197616  2.000000  
95.327655 -0.001903  0.080740  -0.010942  0.998089  0.029996  -0.054032  0.051621  0.076058  0.995766  0.033978  -0.996652  0.074365  -0.005596  -0.015228  -0.000700  -0.267063  -0.110303  0.191110  2.000000  
95.328903 -0.001911  0.080719  -0.010942  0.998095  0.030118  -0.053852  0.051415  0.076542  0.995740  0.034112  -0.996611  0.074848  -0.005723  -0.015294  -0.000637  -0.275175  -0.110568  0.186734  2.000000  
95.330156 -0.001920  0.080699  -0.010944  0.998101  0.030248  -0.053668  0.051209  0.076905  0.995722  0.034246  -0.996579  0.075210  -0.005869  -0.015427  -0.000663  -0.279129  -0.110801  0.182275  2.000000  
95.331159 -0.001927  0.080682  -0.010945  0.998096  0.030355  -0.053693  0.051209  0.077395  0.995685  0.034379  -0.996538  0.075693  -0.005999  -0.015510  -0.000734  -0.293878  -0.104765  0.183328  2.000000  
95.332406 -0.001936  0.080661  -0.010948  0.998102  0.030485  -0.053509  0.051003  0.077758  0.995667  0.034513  -0.996506  0.076056  -0.006131  -0.015628  -0.000847  -0.295261  -0.111008  0.177893  2.000000  
95.333409 -0.001943  0.080644  -0.010951  0.998093  0.030731  -0.053540  0.051003  0.078134  0.995637  0.034781  -0.996469  0.076417  -0.006189  -0.015719  -0.000910  -0.299595  -0.103824  0.181940  2.000000  
95.334656 -0.001951  0.080623  -0.010954  0.998099  0.030855  -0.053361  0.050797  0.078617  0.995610  0.034914  -0.996427  0.076901  -0.006250  -0.015823  -0.000974  -0.310132  -0.105243  0.174472  2.000000  
95.335657 -0.001957  0.080607  -0.010956  0.998104  0.030985  -0.053177  0.050592  0.078980  0.995592  0.035048  -0.996395  0.077263  -0.006337  -0.015910  -0.000969  -0.315610  -0.104647  0.168595  2.000000  
95.336904 -0.001965  0.080587  -0.010957  0.998110  0.031115  -0.052994  0.050386  0.079343  0.995573  0.035182  -0.996362  0.077625  -0.006363  -0.016033  -0.000958  -0.318018  -0.113022  0.161591  2.000000  
95.338154 -0.001972  0.080566  -0.010958  0.998116  0.031239  -0.052814  0.050180  0.079826  0.995545  0.035316  -0.996319  0.078108  -0.006478  -0.016229  -0.001040  -0.326124  -0.113284  0.157134  2.000000  
95.339401 -0.001980  0.080545  -0.010959  0.998111  0.031346  -0.052840  0.050180  0.080316  0.995506  0.035449  -0.996276  0.078591  -0.006519  -0.016407  -0.001071  -0.331752  -0.105789  0.150939  2.000000  
95.340658 -0.001988  0.080524  -0.010960  0.998116  0.031470  -0.052661  0.049974  0.080799  0.995477  0.035583  -0.996233  0.079074  -0.006534  -0.016563  -0.001184  -0.338491  -0.106913  0.147722  2.000000  
95.341902 -0.001995  0.080503  -0.010961  0.998122  0.031588  -0.052486  0.049768  0.081403  0.995438  0.035717  -0.996181  0.079678  -0.006445  -0.016578  -0.001246  -0.346683  -0.107195  0.143315  2.000000  
95.343157 -0.002002  0.080482  -0.010963  0.998127  0.031713  -0.052307  0.049563  0.081886  0.995409  0.035850  -0.996137  0.080161  -0.006367  -0.016662  -0.001358  -0.350481  -0.114360  0.139385  2.000000  
95.344405 -0.002010  0.080460  -0.010964  0.998128  0.031964  -0.052143  0.049357  0.082496  0.995368  0.036118  -0.996079  0.080764  -0.006343  -0.016735  -0.001403  -0.355646  -0.113011  0.142736  2.000000  
95.345417 -0.002016  0.080443  -0.010966  0.998123  0.032078  -0.052165  0.049356  0.082865  0.995338  0.036251  -0.996044  0.081126  -0.006258  -0.016753  -0.001439  -0.359971  -0.106146  0.142275  2.000000  
95.346653 -0.002023  0.080423  -0.010967  0.998128  0.032203  -0.051987  0.049151  0.083348  0.995308  0.036385  -0.996000  0.081609  -0.006211  -0.016767  -0.001388  -0.363945  -0.106069  0.142299  2.000000  
95.347658 -0.002029  0.080406  -0.010968  0.998134  0.032328  -0.051808  0.048945  0.083831  0.995277  0.036519  -0.995955  0.082092  -0.006087  -0.016731  -0.001260  -0.370734  -0.114114  0.139554  2.000000  
95.348660 -0.002034  0.080390  -0.010969  0.998129  0.032443  -0.051831  0.048945  0.084199  0.995246  0.036653  -0.995921  0.082454  -0.005954  -0.016684  -0.001184  -0.375035  -0.107177  0.139057  2.000000  
95.349906 -0.002041  0.080370  -0.010970  0.998134  0.032568  -0.051653  0.048739  0.084682  0.995215  0.036786  -0.995876  0.082937  -0.005841  -0.016643  -0.001019  -0.375883  -0.113464  0.134097  2.000000  
95.351155 -0.002047  0.080349  -0.010971  0.998139  0.032687  -0.051479  0.048533  0.085285  0.995174  0.036920  -0.995820  0.083540  -0.005760  -0.016678  -0.000950  -0.382945  -0.114648  0.130749  2.000000  
95.352407 -0.002053  0.080328  -0.010973  0.998144  0.032813  -0.051301  0.048328  0.085768  0.995142  0.037054  -0.995775  0.084023  -0.005690  -0.016715  -0.000981  -0.387021  -0.114597  0.130803  2.000000  
95.353408 -0.002059  0.080311  -0.010974  0.998149  0.032939  -0.051124  0.048122  0.086250  0.995111  0.037187  -0.995729  0.084506  -0.005683  -0.016764  -0.001043  -0.390848  -0.121439  0.131400  2.000000  
95.354655 -0.002065  0.080289  -0.010977  0.998144  0.033047  -0.051151  0.048122  0.086740  0.995068  0.037321  -0.995683  0.084988  -0.005554  -0.016811  -0.001180  -0.391036  -0.114468  0.130897  2.000000  
95.355658 -0.002070  0.080272  -0.010979  0.998149  0.033174  -0.050974  0.047916  0.087222  0.995036  0.037455  -0.995636  0.085471  -0.005465  -0.016840  -0.001227  -0.395635  -0.114568  0.131124  2.000000  
95.356665 -0.002074  0.080254  -0.010981  0.998154  0.033306  -0.050792  0.047710  0.087584  0.995014  0.037589  -0.995600  0.085833  -0.005385  -0.016886  -0.001313  -0.394726  -0.121224  0.131505  2.000000  
95.357903 -0.002079  0.080232  -0.010983  0.998158  0.033433  -0.050615  0.047504  0.088066  0.994981  0.037722  -0.995553  0.086316  -0.005219  -0.016964  -0.001360  -0.394889  -0.120851  0.136105  2.000000  
95.359156 -0.002084  0.080209  -0.010985  0.998163  0.033559  -0.050438  0.047299  0.088548  0.994948  0.037856  -0.995506  0.086798  -0.005046  -0.017000  -0.001383  -0.394612  -0.128041  0.132239  2.000000  
95.360401 -0.002088  0.080188  -0.010986  0.998163  0.033819  -0.050273  0.047093  0.089036  0.994914  0.038123  -0.995454  0.087280  -0.004856  -0.017074  -0.001366  -0.395323  -0.126184  0.140074  2.000000  
95.361405 -0.002092  0.080170  -0.010987  0.998167  0.033946  -0.050096  0.046887  0.089518  0.994881  0.038257  -0.995406  0.087763  -0.004656  -0.017113  -0.001346  -0.399100  -0.132959  0.140688  2.000000  
95.362653 -0.002096  0.080148  -0.010989  0.998172  0.034074  -0.049920  0.046681  0.090000  0.994847  0.038391  -0.995359  0.088245  -0.004476  -0.017228  -0.001371  -0.399342  -0.133347  0.136400  2.000000  
95.363663 -0.002099  0.080130  -0.010990  0.998167  0.034188  -0.049944  0.046681  0.090369  0.994814  0.038524  -0.995321  0.088607  -0.004291  -0.017349  -0.001383  -0.398456  -0.127385  0.136895  2.000000  
95.364908 -0.002103  0.080107  -0.010992  0.998166  0.034449  -0.049780  0.046475  0.090857  0.994779  0.038792  -0.995268  0.089089  -0.004158  -0.017505  -0.001480  -0.402313  -0.133863  0.142027  2.000000  
95.365910 -0.002106  0.080089  -0.010994  0.998170  0.034583  -0.049599  0.046269  0.091218  0.994755  0.038926  -0.995230  0.089451  -0.003999  -0.017616  -0.001569  -0.402249  -0.133796  0.142060  2.000000  
95.367155 -0.002110  0.080065  -0.010996  0.998175  0.034710  -0.049423  0.046064  0.091699  0.994721  0.039059  -0.995182  0.089933  -0.003876  -0.017803  -0.001619  -0.402293  -0.134128  0.137669  2.000000  
95.368155 -0.002114  0.080046  -0.010999  0.998179  0.034844  -0.049243  0.045858  0.092060  0.994697  0.039193  -0.995144  0.090295  -0.003790  -0.017978  -0.001697  -0.402366  -0.133726  0.142228  2.000000  
95.369155 -0.002117  0.080027  -0.011002  0.998183  0.034973  -0.049068  0.045652  0.092542  0.994662  0.039327  -0.995094  0.090777  -0.003652  -0.018058  -0.001760  -0.406057  -0.140519  0.142833  2.000000  
95.370407 -0.002121  0.080003  -0.011006  0.998187  0.035101  -0.048892  0.045446  0.093023  0.994626  0.039460  -0.995045  0.091259  -0.003506  -0.018205  -0.001804  -0.406096  -0.140469  0.142922  2.000000  
95.371412 -0.002124  0.079985  -0.011008  0.998182  0.035216  -0.048917  0.045446  0.093391  0.994592  0.039594  -0.995006  0.091621  -0.003374  -0.018251  -0.001847  -0.402117  -0.133470  0.142339  2.000000  
95.372653 -0.002127  0.079961  -0.011010  0.998186  0.035345  -0.048742  0.045240  0.093873  0.994556  0.039728  -0.994957  0.092103  -0.003259  -0.018317  -0.001869  -0.402208  -0.133437  0.142443  2.000000  
95.373656 -0.002129  0.079943  -0.011012  0.998190  0.035479  -0.048562  0.045035  0.094233  0.994531  0.039861  -0.994918  0.092465  -0.003125  -0.018370  -0.001913  -0.397865  -0.140270  0.143103  2.000000  
95.374901 -0.002132  0.079919  -0.011015  0.998194  0.035608  -0.048387  0.044829  0.094714  0.994495  0.039995  -0.994867  0.092947  -0.003036  -0.018475  -0.001988  -0.398639  -0.139064  0.141994  2.000000  
95.375903 -0.002134  0.079901  -0.011018  0.998188  0.035724  -0.048412  0.044829  0.095082  0.994460  0.040129  -0.994828  0.093309  -0.002930  -0.018529  -0.002124  -0.394106  -0.133282  0.142660  2.000000  
95.376907 -0.002136  0.079881  -0.011021  0.998198  0.035726  -0.048221  0.044623  0.095437  0.994435  0.040129  -0.994794  0.093671  -0.002842  -0.018635  -0.002245  -0.394003  -0.140576  0.138896  2.000000  
95.378151 -0.002139  0.079858  -0.011025  0.998187  0.035968  -0.048263  0.044623  0.095931  0.994387  0.040396  -0.994738  0.094152  -0.002744  -0.018736  -0.002349  -0.394862  -0.132070  0.141588  2.000000  
95.379151 -0.002141  0.079838  -0.011028  0.998191  0.036103  -0.048084  0.044417  0.096291  0.994362  0.040530  -0.994698  0.094514  -0.002665  -0.018848  -0.002495  -0.390812  -0.132014  0.141649  2.000000  
95.380153 -0.002143  0.079818  -0.011031  0.998191  0.036086  -0.048097  0.044417  0.096653  0.994327  0.040530  -0.994664  0.094876  -0.002605  -0.018970  -0.002559  -0.390683  -0.132319  0.137211  2.000000  
95.381158 -0.002146  0.079798  -0.011034  0.998194  0.036227  -0.047914  0.044211  0.096893  0.994312  0.040664  -0.994635  0.095116  -0.002581  -0.019075  -0.002649  -0.385739  -0.133361  0.138394  2.000000  
95.382160 -0.002148  0.079778  -0.011036  0.998189  0.036343  -0.047940  0.044211  0.097261  0.994276  0.040797  -0.994595  0.095478  -0.002487  -0.019180  -0.002642  -0.381904  -0.126413  0.137826  2.000000  
95.383419 -0.002150  0.079752  -0.011039  0.998192  0.036472  -0.047766  0.044005  0.097741  0.994238  0.040931  -0.994543  0.095960  -0.002333  -0.019244  -0.002604  -0.377688  -0.126296  0.137851  2.000000  
95.384656 -0.002153  0.079727  -0.011043  0.998187  0.036588  -0.047792  0.044005  0.098109  0.994202  0.041065  -0.994503  0.096321  -0.002196  -0.019393  -0.002614  -0.374005  -0.119398  0.137328  2.000000  
95.385657 -0.002154  0.079706  -0.011045  0.998191  0.036724  -0.047613  0.043799  0.098469  0.994176  0.041198  -0.994462  0.096683  -0.002115  -0.019490  -0.002625  -0.370624  -0.125189  0.136860  2.000000  
95.386904 -0.002156  0.079681  -0.011049  0.998191  0.036706  -0.047627  0.043799  0.098831  0.994140  0.041198  -0.994427  0.097044  -0.002021  -0.019593  -0.002671  -0.365835  -0.119696  0.132955  2.000000  
95.387905 -0.002157  0.079661  -0.011052  0.998185  0.036822  -0.047653  0.043799  0.099199  0.994103  0.041332  -0.994386  0.097406  -0.001930  -0.019699  -0.002758  -0.366108  -0.112767  0.132369  2.000000  
95.388905 -0.002157  0.079641  -0.011056  0.998188  0.036964  -0.047471  0.043593  0.099438  0.994088  0.041466  -0.994357  0.097646  -0.001839  -0.019825  -0.002854  -0.362012  -0.112725  0.132402  2.000000  
95.390151 -0.002158  0.079615  -0.011061  0.998188  0.036947  -0.047484  0.043593  0.099800  0.994052  0.041466  -0.994321  0.098008  -0.001688  -0.019948  -0.002980  -0.355230  -0.105320  0.126274  2.000000  
95.391154 -0.002159  0.079595  -0.011064  0.998192  0.037083  -0.047306  0.043388  0.100160  0.994025  0.041599  -0.994280  0.098369  -0.001619  -0.020071  -0.003009  -0.354104  -0.106566  0.122899  2.000000  
95.392401 -0.002160  0.079570  -0.011069  0.998186  0.037198  -0.047333  0.043387  0.100527  0.993988  0.041733  -0.994239  0.098731  -0.001502  -0.020146  -0.003072  -0.351144  -0.105635  0.121915  2.000000  
95.393405 -0.002161  0.079549  -0.011072  0.998186  0.037187  -0.047342  0.043387  0.100768  0.993963  0.041733  -0.994215  0.098972  -0.001409  -0.020248  -0.003118  -0.346294  -0.100040  0.117880  2.000000  
95.394656 -0.002161  0.079523  -0.011076  0.998190  0.037323  -0.047164  0.043182  0.101128  0.993936  0.041867  -0.994173  0.099333  -0.001232  -0.020333  -0.003083  -0.343327  -0.099144  0.116911  2.000000  
95.395903 -0.002162  0.079497  -0.011079  0.998184  0.037445  -0.047186  0.043181  0.101375  0.993911  0.042000  -0.994143  0.099574  -0.001155  -0.020426  -0.003029  -0.335543  -0.092709  0.111874  2.000000  
95.397155 -0.002163  0.079470  -0.011081  0.998193  0.037449  -0.046995  0.042976  0.101729  0.993883  0.042000  -0.994107  0.099936  -0.001005  -0.020509  -0.002994  -0.330125  -0.094268  0.103882  2.000000  
95.398159 -0.002163  0.079449  -0.011083  0.998187  0.037570  -0.047018  0.042976  0.101976  0.993858  0.042134  -0.994077  0.100176  -0.000873  -0.020550  -0.002932  -0.326255  -0.086907  0.107706  2.000000  
95.399421 -0.002164  0.079423  -0.011086  0.998196  0.037574  -0.046827  0.042770  0.102329  0.993831  0.042134  -0.994041  0.100538  -0.000744  -0.020589  -0.002895  -0.322028  -0.087685  0.098749  2.000000  
95.400657 -0.002164  0.079396  -0.011088  0.998190  0.037696  -0.046849  0.042770  0.102576  0.993805  0.042268  -0.994011  0.100778  -0.000643  -0.020671  -0.002828  -0.311728  -0.079718  0.101797  2.000000  
95.401906 -0.002163  0.079370  -0.011091  0.998194  0.037833  -0.046672  0.042564  0.102936  0.993777  0.042401  -0.993968  0.101140  -0.000504  -0.020764  -0.002782  -0.310217  -0.080768  0.098199  2.000000  
95.403155 -0.002162  0.079344  -0.011094  0.998188  0.037954  -0.046695  0.042564  0.103183  0.993751  0.042535  -0.993938  0.101380  -0.000374  -0.020801  -0.002697  -0.299875  -0.072816  0.101202  2.000000  
95.404156 -0.002161  0.079323  -0.011096  0.998197  0.037964  -0.046499  0.042358  0.103416  0.993736  0.042535  -0.993913  0.101621  -0.000262  -0.020848  -0.002586  -0.293893  -0.080695  0.098256  2.000000  
95.405419 -0.002160  0.079297  -0.011098  0.998191  0.038086  -0.046522  0.042358  0.103663  0.993710  0.042669  -0.993883  0.101862  -0.000123  -0.020910  -0.002377  -0.287715  -0.073180  0.096806  2.000000  
95.406653 -0.002159  0.079271  -0.011101  0.998194  0.038234  -0.046336  0.042152  0.103781  0.993707  0.042802  -0.993865  0.101982  0.000001  -0.020954  -0.002299  -0.279628  -0.073159  0.096828  2.000000  
95.407658 -0.002158  0.079249  -0.011103  0.998203  0.038245  -0.046141  0.041947  0.104014  0.993691  0.042802  -0.993840  0.102223  0.000119  -0.021000  -0.002181  -0.273451  -0.081038  0.093845  2.000000  
95.408906 -0.002157  0.079223  -0.011105  0.998197  0.038372  -0.046159  0.041947  0.104140  0.993678  0.042936  -0.993822  0.102343  0.000272  -0.021031  -0.002065  -0.261509  -0.074577  0.088719  2.000000  
95.410151 -0.002156  0.079196  -0.011107  0.998200  0.038515  -0.045977  0.041741  0.104379  0.993661  0.043070  -0.993792  0.102583  0.000395  -0.021095  -0.001981  -0.255054  -0.080328  0.093138  2.000000  
95.411156 -0.002155  0.079174  -0.011108  0.998203  0.038664  -0.045791  0.041535  0.104497  0.993657  0.043204  -0.993773  0.102703  0.000488  -0.021144  -0.001949  -0.251003  -0.080312  0.093154  2.000000  
95.412402 -0.002154  0.079146  -0.011111  0.998211  0.038680  -0.045591  0.041330  0.104610  0.993654  0.043204  -0.993761  0.102824  0.000613  -0.021227  -0.001976  -0.238609  -0.087561  0.089433  2.000000  
95.413405 -0.002152  0.079125  -0.011112  0.998205  0.038807  -0.045610  0.041329  0.104736  0.993641  0.043337  -0.993743  0.102944  0.000706  -0.021275  -0.001943  -0.230857  -0.080736  0.088795  2.000000  
95.414410 -0.002151  0.079103  -0.011115  0.998208  0.038956  -0.045424  0.041124  0.104854  0.993637  0.043471  -0.993724  0.103064  0.000813  -0.021335  -0.001947  -0.224192  -0.088219  0.090194  2.000000  
95.415423 -0.002150  0.079081  -0.011116  0.998211  0.039110  -0.045233  0.040918  0.104851  0.993646  0.043605  -0.993719  0.103063  0.000925  -0.021340  -0.001932  -0.211870  -0.088169  0.090176  2.000000  
95.416658 -0.002148  0.079055  -0.011118  0.998213  0.039259  -0.045047  0.040712  0.104969  0.993642  0.043738  -0.993700  0.103183  0.001040  -0.021381  -0.001846  -0.203496  -0.094607  0.095397  2.000000  
95.417906 -0.002145  0.079028  -0.011120  0.998207  0.039387  -0.045065  0.040712  0.105095  0.993629  0.043872  -0.993682  0.103303  0.001155  -0.021406  -0.001758  -0.191594  -0.087721  0.094755  2.000000  
95.419156 -0.002143  0.079001  -0.011121  0.998204  0.039674  -0.044888  0.040506  0.105098  0.993637  0.044139  -0.993670  0.103302  0.001244  -0.021431  -0.001653  -0.179018  -0.094115  0.099926  2.000000  
95.420156 -0.002141  0.078981  -0.011121  0.998206  0.039823  -0.044703  0.040300  0.105215  0.993633  0.044273  -0.993652  0.103422  0.001334  -0.021458  -0.001576  -0.174638  -0.100979  0.100645  2.000000  
95.421407 -0.002138  0.078954  -0.011122  0.998209  0.039978  -0.044512  0.040094  0.105212  0.993641  0.044407  -0.993646  0.103421  0.001445  -0.021419  -0.001466  -0.162386  -0.100497  0.105129  2.000000  
95.422410 -0.002136  0.078933  -0.011123  0.998211  0.040132  -0.044321  0.039889  0.105209  0.993650  0.044540  -0.993640  0.103420  0.001494  -0.021490  -0.001416  0.000000  0.000000  0.000000  2.000000  
95.423415 -0.002134  0.078911  -0.011124  0.998211  0.040132  -0.044321  0.039889  0.105209  0.993650  0.044540  -0.993640  0.103420  0.001565  -0.021495  -0.001386  0.000000  0.000000  0.000000  2.000000  
95.424659 -0.002132  0.078884  -0.011126  0.998207  0.040419  -0.044144  0.039683  0.105212  0.993658  0.044808  -0.993628  0.103419  0.001668  -0.021474  -0.001319  0.000000  0.000000  0.000000  2.000000  
95.425903 -0.002129  0.078857  -0.011127  0.998209  0.040574  -0.043953  0.039477  0.105209  0.993666  0.044941  -0.993622  0.103419  0.001752  -0.021486  -0.001307  0.000000  0.000000  0.000000  2.000000  
95.426905 -0.002127  0.078835  -0.011129  0.998211  0.040728  -0.043763  0.039271  0.105206  0.993675  0.045075  -0.993616  0.103418  0.001800  -0.021479  -0.001284  0.000000  0.000000  0.000000  2.000000  
95.428151 -0.002125  0.078808  -0.011130  0.998199  0.040994  -0.043790  0.039271  0.105216  0.993674  0.045342  -0.993604  0.103417  0.001901  -0.021457  -0.001218  0.000000  0.000000  0.000000  2.000000  
95.429153 -0.002122  0.078787  -0.011132  0.998201  0.041154  -0.043595  0.039065  0.105092  0.993695  0.045476  -0.993611  0.103296  0.001932  -0.021442  -0.001199  0.000000  0.000000  0.000000  2.000000  
95.430155 -0.002120  0.078766  -0.011133  0.998203  0.041308  -0.043404  0.038859  0.105089  0.993703  0.045610  -0.993605  0.103295  0.002001  -0.021440  -0.001151  0.000000  0.000000  0.000000  2.000000  
95.431159 -0.002117  0.078744  -0.011134  0.998197  0.041446  -0.043413  0.038859  0.104974  0.993716  0.045743  -0.993611  0.103174  0.002101  -0.021396  -0.001085  0.000000  0.000000  0.000000  2.000000  
95.432407 -0.002114  0.078717  -0.011136  0.998193  0.041734  -0.043236  0.038653  0.104975  0.993723  0.046010  -0.993599  0.103172  0.002153  -0.021444  -0.001091  0.000000  0.000000  0.000000  2.000000  
95.433408 -0.002111  0.078696  -0.011137  0.998195  0.041893  -0.043040  0.038447  0.104851  0.993744  0.046144  -0.993605  0.103051  0.002209  -0.021447  -0.001121  0.000000  0.000000  0.000000  2.000000  
95.434408 -0.002108  0.078675  -0.011137  0.998196  0.042053  -0.042844  0.038242  0.104727  0.993765  0.046278  -0.993611  0.102930  0.002292  -0.021438  -0.001108  0.000000  0.000000  0.000000  2.000000  
95.435420 -0.002104  0.078654  -0.011138  0.998184  0.042324  -0.042866  0.038241  0.104617  0.993777  0.046545  -0.993612  0.102808  0.002374  -0.021418  -0.001095  0.000000  0.000000  0.000000  2.000000  
95.436656 -0.002100  0.078627  -0.011140  0.998186  0.042484  -0.042670  0.038035  0.104493  0.993798  0.046679  -0.993618  0.102687  0.002458  -0.021495  -0.001163  0.000000  0.000000  0.000000  2.000000  
95.437906 -0.002097  0.078599  -0.011141  0.998181  0.042776  -0.042488  0.037829  0.104373  0.993818  0.046946  -0.993618  0.102565  0.002560  -0.021525  -0.001175  0.000000  0.000000  0.000000  2.000000  
95.439155 -0.002093  0.078572  -0.011142  0.998176  0.043068  -0.042306  0.037623  0.104254  0.993839  0.047213  -0.993618  0.102444  0.002646  -0.021538  -0.001160  0.000000  0.000000  0.000000  2.000000  
95.440405 -0.002089  0.078545  -0.011143  0.998177  0.043228  -0.042109  0.037418  0.104130  0.993860  0.047347  -0.993624  0.102322  0.002799  -0.021532  -0.001102  0.000000  0.000000  0.000000  2.000000  
95.441658 -0.002084  0.078518  -0.011144  0.998165  0.043498  -0.042131  0.037417  0.104019  0.993871  0.047614  -0.993624  0.102201  0.002907  -0.021498  -0.001024  0.000000  0.000000  0.000000  2.000000  
95.442911 -0.002079  0.078491  -0.011145  0.998160  0.043796  -0.041944  0.037211  0.103779  0.993904  0.047882  -0.993636  0.101958  0.003066  -0.021494  -0.000952  0.000000  0.000000  0.000000  2.000000  
95.444161 -0.002074  0.078464  -0.011146  0.998161  0.043955  -0.041747  0.037006  0.103654  0.993925  0.048015  -0.993642  0.101837  0.003223  -0.021490  -0.000893  0.000000  0.000000  0.000000  2.000000  
95.445427 -0.002069  0.078438  -0.011147  0.998156  0.044252  -0.041559  0.036800  0.103414  0.993957  0.048283  -0.993654  0.101595  0.003385  -0.021452  -0.000879  0.000000  0.000000  0.000000  2.000000  
95.446654 -0.002064  0.078412  -0.011148  0.998143  0.044523  -0.041581  0.036799  0.103303  0.993969  0.048550  -0.993653  0.101473  0.003490  -0.021451  -0.000851  0.000000  0.000000  0.000000  2.000000  
95.447660 -0.002059  0.078391  -0.011148  0.998144  0.044682  -0.041384  0.036593  0.103178  0.993990  0.048683  -0.993659  0.101352  0.003584  -0.021420  -0.000835  0.000000  0.000000  0.000000  2.000000  
95.448661 -0.002055  0.078370  -0.011149  0.998138  0.044979  -0.041196  0.036387  0.102938  0.994022  0.048951  -0.993670  0.101109  0.003680  -0.021418  -0.000858  0.079804  -0.120472  0.179636  2.000000  
95.449665 -0.002050  0.078348  -0.011151  0.998132  0.045117  -0.041204  0.036387  0.102822  0.994034  0.049084  -0.993676  0.100988  0.003763  -0.021406  -0.000845  0.087644  -0.113586  0.178912  2.000000  
95.450904 -0.002045  0.078322  -0.011151  0.998126  0.045414  -0.041015  0.036181  0.102581  0.994066  0.049352  -0.993687  0.100746  0.003890  -0.021371  -0.000810  0.095060  -0.112247  0.181911  2.000000  
95.452151 -0.002038  0.078296  -0.011152  0.998120  0.045706  -0.040832  0.035975  0.102461  0.994086  0.049619  -0.993686  0.100624  0.004056  -0.021363  -0.000787  0.099460  -0.118630  0.187056  2.000000  
95.453152 -0.002033  0.078274  -0.011153  0.998114  0.046002  -0.040643  0.035769  0.102220  0.994119  0.049886  -0.993698  0.100381  0.004165  -0.021315  -0.000766  0.107575  -0.118197  0.191480  2.000000  
95.454154 -0.002028  0.078253  -0.011153  0.998108  0.046140  -0.040651  0.035769  0.102104  0.994130  0.050020  -0.993703  0.100260  0.004312  -0.021263  -0.000718  0.111310  -0.111385  0.190769  2.000000  
95.455419 -0.002022  0.078227  -0.011153  0.998101  0.046437  -0.040462  0.035563  0.101863  0.994163  0.050287  -0.993714  0.100018  0.004451  -0.021202  -0.000680  0.120365  -0.112276  0.192245  2.000000  
95.456654 -0.002015  0.078200  -0.011153  0.998095  0.046733  -0.040273  0.035357  0.101621  0.994195  0.050554  -0.993725  0.099775  0.004612  -0.021207  -0.000609  0.128609  -0.111900  0.196807  2.000000  
95.457655 -0.002009  0.078179  -0.011154  0.998089  0.047029  -0.040083  0.035151  0.101380  0.994227  0.050822  -0.993736  0.099533  0.004733  -0.021158  -0.000624  0.135975  -0.117352  0.200279  2.000000  
95.458662 -0.002004  0.078158  -0.011154  0.998075  0.047300  -0.040104  0.035151  0.101269  0.994238  0.051089  -0.993734  0.099411  0.004836  -0.021129  -0.000558  0.136776  -0.111448  0.201180  2.000000  
95.459903 -0.001996  0.078132  -0.011154  0.998069  0.047596  -0.039915  0.034945  0.101027  0.994270  0.051356  -0.993745  0.099169  0.005004  -0.021127  -0.000534  0.145009  -0.111057  0.205718  2.000000  
95.460908 -0.001990  0.078111  -0.011154  0.998062  0.047893  -0.039725  0.034739  0.100785  0.994302  0.051623  -0.993755  0.098926  0.005119  -0.021103  -0.000503  0.149445  -0.117511  0.210864  2.000000  
95.462151 -0.001982  0.078085  -0.011155  0.998056  0.048189  -0.039535  0.034533  0.100543  0.994333  0.051891  -0.993765  0.098684  0.005298  -0.021143  -0.000469  0.156347  -0.116130  0.213576  2.000000  
95.463153 -0.001976  0.078064  -0.011155  0.998049  0.048485  -0.039345  0.034327  0.100301  0.994365  0.052158  -0.993775  0.098441  0.005397  -0.021103  -0.000403  0.160413  -0.116156  0.213534  2.000000  
95.464157 -0.001970  0.078042  -0.011156  0.998035  0.048914  -0.039168  0.034121  0.100064  0.994396  0.052559  -0.993778  0.098198  0.005489  -0.021144  -0.000369  0.165857  -0.116251  0.224232  2.000000  
95.465165 -0.001964  0.078021  -0.011156  0.998028  0.049209  -0.038977  0.033915  0.099821  0.994427  0.052826  -0.993788  0.097956  0.005601  -0.021091  -0.000308  0.170336  -0.123182  0.224934  2.000000  
95.466412 -0.001956  0.077995  -0.011155  0.998020  0.049505  -0.038787  0.033709  0.099579  0.994459  0.053093  -0.993797  0.097713  0.005763  -0.021101  -0.000237  0.174381  -0.122727  0.229306  2.000000  
95.467655 -0.001948  0.077969  -0.011155  0.998013  0.049954  -0.038404  0.033297  0.099331  0.994497  0.053494  -0.993800  0.097470  0.005870  -0.021084  -0.000169  0.181445  -0.128128  0.232553  2.000000  
95.468658 -0.001941  0.077948  -0.011155  0.997998  0.050382  -0.038226  0.033091  0.099092  0.994528  0.053895  -0.993802  0.097227  0.005987  -0.021057  -0.000137  0.182988  -0.128345  0.243396  2.000000  
95.469905 -0.001933  0.077921  -0.011156  0.997976  0.050948  -0.038055  0.032885  0.098738  0.994570  0.054429  -0.993808  0.096862  0.006057  -0.021113  -0.000168  0.191557  -0.134381  0.253006  2.000000  
95.470906 -0.001927  0.077900  -0.011156  0.997961  0.051377  -0.037877  0.032678  0.098499  0.994600  0.054830  -0.993810  0.096619  0.006141  -0.021110  -0.000154  0.195681  -0.133534  0.261938  2.000000  
95.472155 -0.001919  0.077874  -0.011155  0.997952  0.051829  -0.037487  0.032267  0.098129  0.994651  0.055231  -0.993823  0.096255  0.006222  -0.021090  -0.000151  0.204229  -0.140014  0.267046  2.000000  
95.473157 -0.001913  0.077852  -0.011156  0.997936  0.052257  -0.037308  0.032061  0.097889  0.994681  0.055632  -0.993824  0.096012  0.006259  -0.021102  -0.000120  0.208833  -0.146132  0.276820  2.000000  
95.474404 -0.001904  0.077826  -0.011155  0.997913  0.052823  -0.037136  0.031854  0.097534  0.994722  0.056166  -0.993829  0.095648  0.006320  -0.021121  -0.000104  0.215203  -0.144062  0.283294  2.000000  
95.475417 -0.001898  0.077805  -0.011155  0.997890  0.053383  -0.036969  0.031648  0.097298  0.994752  0.056700  -0.993823  0.095404  0.006319  -0.021116  -0.000022  0.215275  -0.142817  0.296596  2.000000  
95.476658 -0.001891  0.077779  -0.011154  0.997872  0.053968  -0.036591  0.031236  0.096931  0.994801  0.057235  -0.993827  0.095039  0.006327  -0.021103  0.000072  0.225658  -0.150068  0.308663  2.000000  
95.477903 -0.001883  0.077752  -0.011152  0.997848  0.054529  -0.036424  0.031030  0.096695  0.994830  0.057769  -0.993819  0.094795  0.006314  -0.021122  0.000175  0.224248  -0.154857  0.315653  2.000000  
95.479156 -0.001876  0.077726  -0.011151  0.997821  0.055246  -0.036057  0.030618  0.096331  0.994878  0.058437  -0.993815  0.094430  0.006274  -0.021115  0.000284  0.232780  -0.160431  0.329588  2.000000  
95.480405 -0.001869  0.077699  -0.011151  0.997796  0.055811  -0.035883  0.030411  0.095974  0.994919  0.058971  -0.993818  0.094065  0.006209  -0.021104  0.000320  0.236834  -0.159185  0.342781  2.000000  
95.481422 -0.001864  0.077679  -0.011150  0.997777  0.056395  -0.035503  0.029999  0.095605  0.994967  0.059505  -0.993821  0.093700  0.006143  -0.021043  0.000404  0.243185  -0.166508  0.354987  2.000000  
95.482658 -0.001857  0.077652  -0.011149  0.997751  0.056959  -0.035328  0.029793  0.095247  0.995008  0.060039  -0.993823  0.093336  0.006009  -0.021069  0.000403  0.251907  -0.172667  0.364726  2.000000  
95.483906 -0.001851  0.077626  -0.011148  0.997723  0.057675  -0.034959  0.029381  0.094881  0.995055  0.060707  -0.993816  0.092970  0.005925  -0.021036  0.000475  0.256491  -0.178362  0.378809  2.000000  
95.485156 -0.001844  0.077601  -0.011147  0.997688  0.058372  -0.034795  0.029174  0.094526  0.995095  0.061375  -0.993810  0.092605  0.005795  -0.021020  0.000565  0.260797  -0.177258  0.392377  2.000000  
95.486407 -0.001838  0.077575  -0.011145  0.997659  0.059088  -0.034426  0.028762  0.094159  0.995142  0.062043  -0.993802  0.092240  0.005675  -0.020938  0.000698  0.263043  -0.181352  0.402866  2.000000  
95.487656 -0.001833  0.077549  -0.011144  0.997629  0.059804  -0.034056  0.028350  0.093792  0.995188  0.062710  -0.993794  0.091874  0.005503  -0.020906  0.000758  0.269781  -0.188546  0.420217  2.000000  
95.488906 -0.001827  0.077524  -0.011141  0.997584  0.060637  -0.033896  0.028144  0.093319  0.995238  0.063512  -0.993788  0.091387  0.005378  -0.020853  0.000939  0.275841  -0.185485  0.434563  2.000000  
95.489906 -0.001822  0.077503  -0.011139  0.997562  0.061219  -0.033513  0.027732  0.092947  0.995285  0.064046  -0.993787  0.091022  0.005254  -0.020861  0.001040  0.282679  -0.193160  0.447694  2.000000  
95.491153 -0.001816  0.077477  -0.011136  0.997530  0.061934  -0.033141  0.027320  0.092578  0.995331  0.064713  -0.993777  0.090657  0.005160  -0.020825  0.001231  0.287257  -0.199293  0.457200  2.000000  
95.492401 -0.001811  0.077451  -0.011133  0.997492  0.062634  -0.032966  0.027114  0.092100  0.995381  0.065381  -0.993778  0.090171  0.005004  -0.020793  0.001391  0.293521  -0.203386  0.467377  2.000000  
95.493407 -0.001807  0.077430  -0.011130  0.997459  0.063348  -0.032594  0.026702  0.091730  0.995426  0.066048  -0.993767  0.089805  0.004906  -0.020743  0.001497  0.302159  -0.209072  0.481341  2.000000  
95.494653 -0.001801  0.077404  -0.011127  0.997426  0.064062  -0.032221  0.026290  0.091359  0.995471  0.066716  -0.993755  0.089440  0.004803  -0.020703  0.001675  0.302681  -0.215206  0.490753  2.000000  
95.495655 -0.001797  0.077384  -0.011124  0.997392  0.064776  -0.031847  0.025878  0.090988  0.995516  0.067383  -0.993743  0.089074  0.004748  -0.020707  0.001795  0.310894  -0.214066  0.504028  2.000000  
95.496901 -0.001791  0.077358  -0.011120  0.997348  0.065626  -0.031477  0.025466  0.090498  0.995571  0.068184  -0.993732  0.088587  0.004680  -0.020681  0.001968  0.315504  -0.219839  0.517887  2.000000  
95.497908 -0.001787  0.077337  -0.011117  0.997307  0.066321  -0.031307  0.025259  0.090139  0.995609  0.068852  -0.993718  0.088221  0.004622  -0.020632  0.002145  0.322281  -0.220934  0.530970  2.000000  
