1-Time 2-Px 3-Py 4-Pz 5-R11 6-R21 7-R31 8-R12 9-R22 10-R32 11-R13 12-R23 13-R33 14-Vx 15-Vy 16-Vz 17-Wx 18-Wy 19-Wz 20-state 21-PR11 22-PR21 23-PR31 24-PR12 25-PR22 26-PR32 27-PR13 28-PR23 29-PR33 
213.175474 0.005607  0.089990  -0.050621  0.988948  0.075952  -0.127330  -0.064427  0.993644  0.092312  0.133532  -0.083088  0.987555  0.000476  0.000296  -0.000039  0.000000  0.000000  0.000000  2.000000  
213.176485 0.005608  0.089990  -0.050621  0.988930  0.075963  -0.127462  -0.064426  0.993643  0.092321  0.133665  -0.083087  0.987537  0.000493  0.000272  0.000013  0.000000  0.000000  0.000000  2.000000  
213.177485 0.005609  0.089989  -0.050620  0.988886  0.076399  -0.127547  -0.064832  0.993600  0.092502  0.133798  -0.083205  0.987510  0.000574  0.000185  0.000001  0.000000  0.000000  0.000000  2.000000  
213.178733 0.005610  0.089986  -0.050621  0.988787  0.076868  -0.128027  -0.065234  0.993554  0.092710  0.134328  -0.083319  0.987428  0.000614  -0.000003  -0.000038  0.000000  0.000000  0.000000  2.000000  
213.179981 0.005613  0.089983  -0.050621  0.988715  0.076959  -0.128526  -0.065230  0.993517  0.093106  0.134858  -0.083672  0.987326  0.000732  -0.000279  -0.000040  0.000000  0.000000  0.000000  2.000000  
213.180993 0.005615  0.089978  -0.050621  0.988630  0.077255  -0.129006  -0.065428  0.993464  0.093529  0.135389  -0.084025  0.987223  0.000893  -0.000559  -0.000020  0.000000  0.000000  0.000000  2.000000  
213.182230 0.005619  0.089973  -0.050622  0.988530  0.077756  -0.129466  -0.065831  0.993395  0.093979  0.135919  -0.084378  0.987120  0.001106  -0.000950  -0.000029  0.000000  0.000000  0.000000  2.000000  
213.183482 0.005622  0.089967  -0.050621  0.988417  0.078446  -0.129916  -0.066436  0.993321  0.094335  0.136449  -0.084611  0.987027  0.001279  -0.001365  0.000040  0.000000  0.000000  0.000000  2.000000  
213.184727 0.005626  0.089963  -0.050620  0.988303  0.079153  -0.130356  -0.067042  0.993235  0.094813  0.136979  -0.084964  0.986923  0.001467  -0.001703  0.000070  0.000000  0.000000  0.000000  2.000000  
213.185977 0.005628  0.089958  -0.050621  0.988169  0.079854  -0.130937  -0.067646  0.993159  0.095179  0.137642  -0.085196  0.986811  0.001586  -0.002000  -0.000020  0.000000  0.000000  0.000000  2.000000  
213.186982 0.005630  0.089955  -0.050622  0.988068  0.080325  -0.131415  -0.068048  0.993111  0.095390  0.138172  -0.085309  0.986727  0.001706  -0.002252  -0.000031  0.000000  0.000000  0.000000  2.000000  
213.188230 0.005633  0.089953  -0.050623  0.987929  0.080834  -0.132146  -0.068447  0.993050  0.095740  0.138967  -0.085539  0.986596  0.001827  -0.002421  -0.000126  0.110421  0.166373  0.165528  2.000000  
213.189230 0.005635  0.089952  -0.050623  0.987822  0.081128  -0.132765  -0.068644  0.993006  0.096053  0.139629  -0.085770  0.986482  0.001964  -0.002540  -0.000112  0.119575  0.188179  0.174293  2.000000  
213.190476 0.005639  0.089950  -0.050622  0.987648  0.081854  -0.133608  -0.069245  0.992927  0.096441  0.140557  -0.085998  0.986331  0.002171  -0.002722  -0.000066  0.128651  0.216587  0.189108  2.000000  
213.191481 0.005643  0.089948  -0.050620  0.987540  0.082148  -0.134226  -0.069441  0.992883  0.096756  0.141219  -0.086229  0.986216  0.002390  -0.002780  0.000010  0.138843  0.240114  0.199390  2.000000  
213.192730 0.005649  0.089946  -0.050618  0.987364  0.082891  -0.135058  -0.070042  0.992791  0.097265  0.142146  -0.086576  0.986052  0.002618  -0.002830  0.000172  0.154036  0.269711  0.222626  2.000000  
213.193739 0.005653  0.089943  -0.050613  0.987255  0.083202  -0.135665  -0.070238  0.992734  0.097701  0.142808  -0.086927  0.985926  0.002861  -0.002874  0.000474  0.167252  0.291421  0.231371  2.000000  
213.194984 0.005660  0.089938  -0.050607  0.987092  0.083759  -0.136505  -0.070635  0.992646  0.098304  0.143735  -0.087393  0.985750  0.003139  -0.002963  0.000907  0.185573  0.321547  0.247791  2.000000  
213.196230 0.005666  0.089930  -0.050601  0.986924  0.084140  -0.137486  -0.070828  0.992563  0.099010  0.144795  -0.087977  0.985543  0.003362  -0.003127  0.001359  0.207054  0.356753  0.257831  2.000000  
213.197234 0.005671  0.089923  -0.050597  0.986778  0.084703  -0.138183  -0.071225  0.992462  0.099725  0.145589  -0.088565  0.985373  0.003497  -0.003278  0.001668  0.225358  0.382310  0.273908  2.000000  
213.198488 0.005677  0.089915  -0.050591  0.986588  0.085098  -0.139295  -0.071416  0.992377  0.100441  0.146780  -0.089146  0.985144  0.003667  -0.003512  0.001991  0.246783  0.421826  0.284269  2.000000  
213.199730 0.005682  0.089904  -0.050587  0.986396  0.085511  -0.140395  -0.071606  0.992278  0.101278  0.147971  -0.089847  0.984902  0.003821  -0.003907  0.002300  0.272541  0.461745  0.294962  2.000000  
213.200991 0.005688  0.089893  -0.050581  0.986257  0.085681  -0.141263  -0.071596  0.992210  0.101947  0.148897  -0.090432  0.984709  0.004002  -0.004379  0.002667  0.292823  0.492643  0.297617  2.000000  
213.202027 0.005693  0.089883  -0.050578  0.986123  0.086026  -0.141989  -0.071790  0.992138  0.102515  0.149691  -0.090899  0.984546  0.004214  -0.004820  0.002951  0.309836  0.518222  0.306551  2.000000  
213.203228 0.005700  0.089873  -0.050576  0.985988  0.086407  -0.142693  -0.071985  0.992040  0.103323  0.150485  -0.091604  0.984359  0.004494  -0.005366  0.003104  0.334931  0.545878  0.309634  2.000000  
213.204490 0.005708  0.089863  -0.050573  0.985858  0.086964  -0.143254  -0.072383  0.991936  0.104032  0.151146  -0.092192  0.984203  0.004763  -0.005919  0.003313  0.357199  0.571202  0.325683  2.000000  
213.205730 0.005715  0.089853  -0.050568  0.985721  0.087329  -0.143968  -0.072577  0.991850  0.104721  0.151940  -0.092777  0.984026  0.005038  -0.006498  0.003596  0.375758  0.592767  0.332480  2.000000  
213.206981 0.005724  0.089844  -0.050562  0.985600  0.087474  -0.144713  -0.072568  0.991793  0.105260  0.152733  -0.093243  0.983859  0.005243  -0.006916  0.003879  0.391181  0.615668  0.327914  2.000000  
213.208235 0.005733  0.089836  -0.050554  0.985477  0.087637  -0.145448  -0.072559  0.991724  0.105920  0.153526  -0.093828  0.983680  0.005466  -0.007258  0.004098  0.404687  0.630569  0.317904  2.000000  
213.209499 0.005742  0.089828  -0.050546  0.985354  0.087818  -0.146171  -0.072550  0.991641  0.106699  0.154320  -0.094532  0.983488  0.005619  -0.007540  0.004240  0.415937  0.635233  0.311679  2.000000  
213.210730 0.005750  0.089819  -0.050536  0.985251  0.087988  -0.146764  -0.072543  0.991558  0.107469  0.154981  -0.095238  0.983316  0.005788  -0.007665  0.004537  0.428063  0.639720  0.303624  2.000000  
213.211985 0.005759  0.089808  -0.050523  0.985147  0.088141  -0.147366  -0.072535  0.991488  0.108119  0.155642  -0.095824  0.983155  0.005920  -0.007820  0.004940  0.433776  0.646016  0.292794  2.000000  
213.213232 0.005767  0.089797  -0.050510  0.985043  0.088313  -0.147958  -0.072527  0.991405  0.108889  0.156302  -0.096529  0.982981  0.006102  -0.007998  0.005511  0.447267  0.652357  0.273103  2.000000  
213.214480 0.005774  0.089784  -0.050496  0.984959  0.088472  -0.148418  -0.072521  0.991321  0.109649  0.156831  -0.097236  0.982827  0.006162  -0.008127  0.006074  0.456500  0.654011  0.252959  2.000000  
213.215481 0.005779  0.089775  -0.050485  0.984896  0.088601  -0.148758  -0.072517  0.991252  0.110279  0.157227  -0.097826  0.982705  0.006277  -0.008142  0.006634  0.467015  0.649858  0.237608  2.000000  
213.216731 0.005786  0.089762  -0.050470  0.984812  0.088762  -0.149218  -0.072510  0.991167  0.111039  0.157756  -0.098533  0.982550  0.006287  -0.008237  0.007395  0.484264  0.648114  0.218610  2.000000  
213.217992 0.005793  0.089751  -0.050455  0.984728  0.088906  -0.149688  -0.072504  0.991096  0.111679  0.158284  -0.099120  0.982406  0.006281  -0.008250  0.008216  0.494343  0.640085  0.204319  2.000000  
213.219226 0.005800  0.089740  -0.050440  0.984643  0.089086  -0.150137  -0.072498  0.990997  0.112559  0.158813  -0.099946  0.982237  0.006238  -0.008352  0.008886  0.509765  0.631177  0.195883  2.000000  
213.220227 0.005805  0.089731  -0.050430  0.984616  0.088982  -0.150379  -0.072292  0.990958  0.113028  0.159077  -0.100418  0.982146  0.006153  -0.008406  0.009330  0.518050  0.616494  0.168348  2.000000  
213.221229 0.005811  0.089723  -0.050420  0.984573  0.089100  -0.150587  -0.072289  0.990888  0.113648  0.159341  -0.101009  0.982043  0.006115  -0.008459  0.009766  0.529364  0.603722  0.160535  2.000000  
213.222474 0.005818  0.089713  -0.050411  0.984531  0.089236  -0.150784  -0.072286  0.990803  0.114389  0.159605  -0.101720  0.981926  0.006019  -0.008566  0.009894  0.539083  0.586562  0.144693  2.000000  
213.223477 0.005824  0.089704  -0.050403  0.984510  0.089341  -0.150861  -0.072284  0.990732  0.114999  0.159737  -0.102313  0.981843  0.005937  -0.008690  0.009993  0.545293  0.565754  0.129369  2.000000  
213.224729 0.005830  0.089693  -0.050393  0.984488  0.089483  -0.150916  -0.072283  0.990633  0.115850  0.159869  -0.103144  0.981735  0.005791  -0.008862  0.010060  0.556271  0.543971  0.120805  2.000000  
213.225731 0.005836  0.089684  -0.050385  0.984482  0.089385  -0.151017  -0.072078  0.990580  0.116429  0.160002  -0.103737  0.981651  0.005685  -0.009024  0.010084  0.557813  0.519108  0.098669  2.000000  
213.226731 0.005841  0.089675  -0.050376  0.984439  0.089504  -0.151225  -0.072075  0.990507  0.117049  0.160266  -0.104328  0.981545  0.005619  -0.009065  0.009947  0.560244  0.502096  0.090042  2.000000  
213.227736 0.005846  0.089664  -0.050368  0.984418  0.089610  -0.151301  -0.072074  0.990435  0.117660  0.160398  -0.104921  0.981460  0.005499  -0.009182  0.009830  0.558717  0.471734  0.073982  2.000000  
213.228984 0.005852  0.089650  -0.050356  0.984390  0.089563  -0.151512  -0.071868  0.990351  0.118488  0.160662  -0.105750  0.981328  0.005400  -0.009321  0.009702  0.560615  0.446124  0.058069  2.000000  
213.229985 0.005856  0.089637  -0.050346  0.984361  0.089479  -0.151744  -0.071662  0.990296  0.119077  0.160926  -0.106340  0.981221  0.005284  -0.009479  0.009612  0.563602  0.424378  0.049271  2.000000  
213.230993 0.005859  0.089625  -0.050336  0.984355  0.089400  -0.151834  -0.071458  0.990226  0.119776  0.161058  -0.107052  0.981122  0.005142  -0.009646  0.009482  0.569440  0.403223  0.033668  2.000000  
213.232229 0.005864  0.089610  -0.050323  0.984326  0.089354  -0.152045  -0.071252  0.990140  0.120604  0.161322  -0.107881  0.980988  0.005030  -0.009833  0.009353  0.575665  0.382368  0.018110  2.000000  
213.233479 0.005869  0.089596  -0.050311  0.984305  0.089479  -0.152111  -0.071251  0.990051  0.121334  0.161454  -0.108592  0.980888  0.004911  -0.010033  0.009143  0.574579  0.365154  0.009765  2.000000  
213.234727 0.005874  0.089582  -0.050300  0.984298  0.089400  -0.152201  -0.071046  0.989980  0.122033  0.161586  -0.109304  0.980787  0.004773  -0.010198  0.008969  0.576497  0.344187  -0.005883  2.000000  
213.235975 0.005880  0.089571  -0.050289  0.984291  0.089322  -0.152293  -0.070842  0.989908  0.122732  0.161718  -0.110015  0.980685  0.004712  -0.010253  0.008942  0.577670  0.329439  -0.020484  2.000000  
213.236982 0.005885  0.089563  -0.050280  0.984284  0.089225  -0.152395  -0.070638  0.989851  0.123310  0.161850  -0.110607  0.980597  0.004640  -0.010291  0.008948  0.585328  0.310472  -0.029583  2.000000  
213.238225 0.005890  0.089553  -0.050272  0.984291  0.088925  -0.152522  -0.070231  0.989812  0.123857  0.161982  -0.111199  0.980508  0.004530  -0.010231  0.008898  0.582645  0.291738  -0.044519  2.000000  
213.239227 0.005895  0.089546  -0.050265  0.984284  0.088810  -0.152636  -0.070027  0.989769  0.124315  0.162114  -0.111673  0.980433  0.004429  -0.010167  0.008818  0.577296  0.279064  -0.052476  2.000000  
213.240475 0.005900  0.089537  -0.050257  0.984298  0.088699  -0.152607  -0.069824  0.989711  0.124884  0.162114  -0.112267  0.980365  0.004344  -0.009973  0.008669  0.576298  0.253247  -0.061862  2.000000  
213.241480 0.005904  0.089529  -0.050251  0.984277  0.088807  -0.152684  -0.069823  0.989634  0.125493  0.162246  -0.112859  0.980275  0.004264  -0.009865  0.008493  0.576355  0.240012  -0.063126  2.000000  
213.242728 0.005909  0.089518  -0.050245  0.984291  0.088695  -0.152656  -0.069620  0.989576  0.126062  0.162246  -0.113454  0.980206  0.004175  -0.009719  0.008161  0.571034  0.218533  -0.072051  2.000000  
213.243735 0.005912  0.089509  -0.050241  0.984305  0.088584  -0.152629  -0.069418  0.989518  0.126631  0.162246  -0.114048  0.980137  0.004090  -0.009561  0.007784  0.574641  0.203231  -0.081225  2.000000  
213.244736 0.005915  0.089498  -0.050239  0.984298  0.088470  -0.152743  -0.069213  0.989474  0.127089  0.162378  -0.114521  0.980060  0.004022  -0.009440  0.007260  0.569374  0.195046  -0.088859  2.000000  
213.245986 0.005919  0.089485  -0.050235  0.984276  0.088596  -0.152809  -0.069212  0.989380  0.127818  0.162510  -0.115232  0.979955  0.003999  -0.009338  0.006724  0.569317  0.181691  -0.090166  2.000000  
213.247229 0.005923  0.089471  -0.050231  0.984269  0.088519  -0.152902  -0.069008  0.989304  0.128516  0.162642  -0.115943  0.979849  0.003946  -0.009241  0.006115  0.567597  0.167709  -0.097496  2.000000  
213.248229 0.005927  0.089460  -0.050229  0.984240  0.088440  -0.153136  -0.068802  0.989242  0.129103  0.162906  -0.116532  0.979736  0.003914  -0.009191  0.005583  0.566441  0.164071  -0.104606  2.000000  
213.249479 0.005932  0.089447  -0.050226  0.984196  0.088582  -0.153333  -0.068799  0.989145  0.129841  0.163170  -0.117240  0.979607  0.003891  -0.009195  0.005116  0.568199  0.155841  -0.099551  2.000000  
213.250479 0.005936  0.089437  -0.050224  0.984189  0.088487  -0.153437  -0.068595  0.989083  0.130418  0.163302  -0.117831  0.979514  0.003883  -0.009197  0.004526  0.567002  0.152172  -0.106728  2.000000  
213.251728 0.005942  0.089426  -0.050220  0.984159  0.088427  -0.153661  -0.068389  0.989004  0.131125  0.163566  -0.118539  0.979385  0.003910  -0.009305  0.004042  0.565234  0.151743  -0.112473  2.000000  
213.252732 0.005947  0.089417  -0.050219  0.984137  0.088536  -0.153738  -0.068388  0.988923  0.131733  0.163698  -0.119130  0.979291  0.003960  -0.009378  0.003667  0.565702  0.148577  -0.113780  2.000000  
213.253982 0.005954  0.089407  -0.050217  0.984115  0.088645  -0.153815  -0.068386  0.988842  0.132342  0.163830  -0.119721  0.979197  0.004005  -0.009431  0.003242  0.561654  0.148665  -0.113688  2.000000  
213.255224 0.005960  0.089397  -0.050216  0.984093  0.088755  -0.153892  -0.068385  0.988761  0.132951  0.163962  -0.120312  0.979102  0.004105  -0.009421  0.002829  0.557105  0.147534  -0.112678  2.000000  
213.256227 0.005965  0.089390  -0.050215  0.984086  0.088661  -0.153996  -0.068181  0.988697  0.133528  0.164094  -0.120904  0.979007  0.004154  -0.009396  0.002514  0.557142  0.147616  -0.112597  2.000000  
213.257230 0.005970  0.089383  -0.050215  0.984064  0.088751  -0.154084  -0.068179  0.988631  0.134017  0.164226  -0.121376  0.978927  0.004193  -0.009330  0.002153  0.553042  0.147667  -0.112505  2.000000  
213.258242 0.005975  0.089376  -0.050214  0.984042  0.088842  -0.154172  -0.068178  0.988565  0.134506  0.164358  -0.121848  0.978846  0.004304  -0.009150  0.001919  0.546302  0.143662  -0.107032  2.000000  
213.259491 0.005980  0.089366  -0.050213  0.984034  0.088749  -0.154276  -0.067973  0.988500  0.135082  0.164490  -0.122439  0.978750  0.004389  -0.008917  0.001725  0.538079  0.139261  -0.107435  2.000000  
213.260493 0.005984  0.089359  -0.050212  0.984012  0.088840  -0.154364  -0.067972  0.988433  0.135571  0.164622  -0.122911  0.978669  0.004435  -0.008703  0.001608  0.534051  0.134873  -0.107893  2.000000  
213.261731 0.005990  0.089350  -0.050210  0.983990  0.088950  -0.154440  -0.067970  0.988350  0.136179  0.164754  -0.123502  0.978572  0.004578  -0.008407  0.001494  0.527222  0.129740  -0.101581  2.000000  
213.262733 0.005994  0.089342  -0.050209  0.983982  0.088838  -0.154556  -0.067766  0.988301  0.136636  0.164886  -0.123974  0.978490  0.004669  -0.008198  0.001400  0.523046  0.129775  -0.101492  2.000000  
213.263982 0.006001  0.089332  -0.050208  0.983960  0.088967  -0.154622  -0.067765  0.988200  0.137364  0.165018  -0.124683  0.978378  0.004750  -0.007966  0.001303  0.524014  0.132431  -0.093339  2.000000  
213.265229 0.006007  0.089322  -0.050206  0.983916  0.089113  -0.154818  -0.067762  0.988097  0.138102  0.165282  -0.125390  0.978243  0.004811  -0.007850  0.001205  0.521176  0.132761  -0.087194  2.000000  
213.266252 0.006012  0.089314  -0.050206  0.983894  0.089224  -0.154895  -0.067760  0.988012  0.138710  0.165414  -0.125980  0.978145  0.004819  -0.007694  0.001054  0.521932  0.136364  -0.079740  2.000000  
213.267480 0.006019  0.089304  -0.050205  0.983849  0.089370  -0.155091  -0.067757  0.987909  0.139447  0.165678  -0.126686  0.978009  0.004834  -0.007668  0.000932  0.527209  0.139002  -0.071799  2.000000  
213.268725 0.006025  0.089294  -0.050203  0.983819  0.089314  -0.155316  -0.067552  0.987823  0.140152  0.165942  -0.127392  0.977872  0.004814  -0.007657  0.000902  0.531364  0.143512  -0.071180  2.000000  
213.269731 0.006030  0.089286  -0.050203  0.983797  0.089425  -0.155392  -0.067550  0.987737  0.140760  0.166074  -0.127982  0.977773  0.004810  -0.007651  0.000902  0.536680  0.143857  -0.064878  2.000000  
213.270990 0.006037  0.089276  -0.050201  0.983775  0.089537  -0.155468  -0.067549  0.987650  0.141368  0.166206  -0.128572  0.977673  0.004829  -0.007706  0.000960  0.533604  0.143032  -0.057993  2.000000  
213.272225 0.006043  0.089266  -0.050199  0.983753  0.089667  -0.155534  -0.067547  0.987546  0.142095  0.166338  -0.129281  0.977557  0.004876  -0.007788  0.001049  0.538674  0.145552  -0.050189  2.000000  
213.273227 0.006047  0.089258  -0.050198  0.983753  0.089742  -0.155490  -0.067547  0.987477  0.142575  0.166338  -0.129755  0.977494  0.004856  -0.007845  0.001085  0.539829  0.144748  -0.043403  2.000000  
213.274231 0.006053  0.089250  -0.050196  0.983730  0.089835  -0.155577  -0.067546  0.987406  0.143063  0.166470  -0.130227  0.977409  0.004934  -0.007871  0.001155  0.535756  0.144765  -0.043320  2.000000  
213.275482 0.006058  0.089241  -0.050194  0.983744  0.089726  -0.155552  -0.067343  0.987338  0.143629  0.166470  -0.130819  0.977330  0.004962  -0.007912  0.001235  0.531986  0.141521  -0.044129  2.000000  
213.276483 0.006063  0.089233  -0.050191  0.983722  0.089819  -0.155639  -0.067342  0.987267  0.144117  0.166602  -0.131291  0.977244  0.004956  -0.007909  0.001282  0.529017  0.140684  -0.037277  2.000000  
213.277493 0.006068  0.089226  -0.050189  0.983700  0.089912  -0.155726  -0.067340  0.987195  0.144605  0.166734  -0.131762  0.977159  0.004962  -0.007872  0.001372  0.528812  0.140649  -0.037194  2.000000  
213.278730 0.006073  0.089217  -0.050185  0.983691  0.089821  -0.155832  -0.067136  0.987125  0.145181  0.166865  -0.132351  0.977056  0.004912  -0.007834  0.001508  0.520877  0.136276  -0.037674  2.000000  
213.279982 0.006079  0.089208  -0.050182  0.983669  0.089934  -0.155907  -0.067134  0.987035  0.145788  0.166997  -0.132941  0.976954  0.004893  -0.007742  0.001641  0.517837  0.129924  -0.031141  2.000000  
213.280993 0.006084  0.089200  -0.050179  0.983683  0.089825  -0.155883  -0.066932  0.986965  0.146355  0.166997  -0.133533  0.976873  0.004879  -0.007724  0.001783  0.516603  0.127358  -0.038633  2.000000  
213.281994 0.006088  0.089193  -0.050176  0.983661  0.089918  -0.155970  -0.066930  0.986893  0.146843  0.167129  -0.134004  0.976786  0.004827  -0.007631  0.001960  0.517653  0.122023  -0.032375  2.000000  
213.283229 0.006094  0.089184  -0.050172  0.983652  0.089847  -0.156065  -0.066726  0.986803  0.147538  0.167261  -0.134712  0.976666  0.004763  -0.007609  0.002178  0.516757  0.122987  -0.039068  2.000000  
213.284230 0.006098  0.089176  -0.050168  0.983630  0.089940  -0.156152  -0.066725  0.986730  0.148025  0.167393  -0.135183  0.976578  0.004697  -0.007578  0.002344  0.516791  0.127474  -0.038429  2.000000  
213.285476 0.006104  0.089167  -0.050164  0.983621  0.089850  -0.156258  -0.066521  0.986657  0.148600  0.167525  -0.135772  0.976474  0.004677  -0.007555  0.002535  0.512669  0.127490  -0.038340  2.000000  
213.286726 0.006109  0.089156  -0.050161  0.983621  0.089964  -0.156193  -0.066521  0.986549  0.149318  0.167525  -0.136483  0.976375  0.004576  -0.007589  0.002573  0.516534  0.122043  -0.038530  2.000000  
213.287727 0.006113  0.089149  -0.050160  0.983612  0.089855  -0.156310  -0.066317  0.986494  0.149774  0.167657  -0.136953  0.976286  0.004518  -0.007558  0.002594  0.515419  0.122956  -0.045181  2.000000  
213.288730 0.006117  0.089141  -0.050158  0.983612  0.089931  -0.156267  -0.066317  0.986421  0.150252  0.167657  -0.137427  0.976220  0.004459  -0.007570  0.002624  0.516508  0.117655  -0.038995  2.000000  
213.289976 0.006122  0.089131  -0.050157  0.983604  0.089841  -0.156373  -0.066113  0.986347  0.150827  0.167789  -0.138016  0.976114  0.004379  -0.007627  0.002522  0.515432  0.114168  -0.046226  2.000000  
213.290989 0.006126  0.089123  -0.050157  0.983604  0.089917  -0.156330  -0.066113  0.986274  0.151306  0.167789  -0.138489  0.976047  0.004306  -0.007598  0.002397  0.515452  0.109775  -0.046764  2.000000  
213.292227 0.006131  0.089113  -0.050155  0.983581  0.090011  -0.156416  -0.066111  0.986199  0.151793  0.167921  -0.138960  0.975957  0.004301  -0.007618  0.002288  0.511373  0.109794  -0.046700  2.000000  
213.293233 0.006136  0.089106  -0.050154  0.983595  0.089884  -0.156404  -0.065909  0.986144  0.152239  0.167921  -0.139433  0.975890  0.004315  -0.007602  0.002253  0.511695  0.106307  -0.047643  2.000000  
213.294236 0.006140  0.089099  -0.050152  0.983595  0.089960  -0.156360  -0.065909  0.986070  0.152718  0.167921  -0.139907  0.975822  0.004286  -0.007624  0.002139  0.507266  0.101805  -0.048155  2.000000  
213.295482 0.006146  0.089089  -0.050150  0.983586  0.089870  -0.156468  -0.065705  0.985994  0.153292  0.168053  -0.140495  0.975715  0.004262  -0.007651  0.001978  0.502078  0.101937  -0.054415  2.000000  
213.296729 0.006151  0.089080  -0.050149  0.983563  0.089984  -0.156543  -0.065703  0.985900  0.153899  0.168185  -0.141084  0.975607  0.004285  -0.007639  0.001891  0.498016  0.097552  -0.054948  2.000000  
213.297730 0.006156  0.089073  -0.050147  0.983541  0.090060  -0.156641  -0.065702  0.985842  0.154266  0.168316  -0.141436  0.975533  0.004230  -0.007647  0.001714  0.485873  0.093949  -0.055960  2.000000  
213.298982 0.006161  0.089064  -0.050145  0.983532  0.089971  -0.156748  -0.065498  0.985766  0.154841  0.168448  -0.142024  0.975425  0.004236  -0.007644  0.001568  0.481686  0.093966  -0.055884  2.000000  
213.299983 0.006165  0.089056  -0.050144  0.983523  0.089863  -0.156867  -0.065294  0.985708  0.155295  0.168580  -0.142494  0.975334  0.004183  -0.007609  0.001444  0.480489  0.090471  -0.063207  2.000000  
213.300992 0.006168  0.089048  -0.050143  0.983523  0.089920  -0.156834  -0.065294  0.985651  0.155654  0.168580  -0.142849  0.975282  0.004119  -0.007651  0.001312  0.472161  0.090468  -0.063140  2.000000  
213.302225 0.006173  0.089038  -0.050142  0.983514  0.089831  -0.156942  -0.065090  0.985574  0.156228  0.168712  -0.143437  0.975173  0.004137  -0.007622  0.001281  0.471321  0.091513  -0.069884  2.000000  
213.303226 0.006177  0.089030  -0.050140  0.983491  0.089908  -0.157039  -0.065088  0.985516  0.156595  0.168844  -0.143789  0.975098  0.004125  -0.007594  0.001276  0.467357  0.095187  -0.068645  2.000000  
213.304228 0.006180  0.089023  -0.050139  0.983491  0.089984  -0.156996  -0.065088  0.985440  0.157073  0.168844  -0.144262  0.975028  0.004113  -0.007527  0.001264  0.467380  0.090809  -0.069223  2.000000  
213.305475 0.006185  0.089014  -0.050138  0.983482  0.089877  -0.157115  -0.064884  0.985381  0.157528  0.168976  -0.144731  0.974936  0.004079  -0.007486  0.001258  0.463411  0.095279  -0.068561  2.000000  
213.306482 0.006189  0.089007  -0.050137  0.983482  0.089934  -0.157082  -0.064884  0.985323  0.157886  0.168976  -0.145086  0.974883  0.004069  -0.007461  0.001254  0.459253  0.090870  -0.069128  2.000000  
213.307730 0.006194  0.089000  -0.050136  0.983460  0.090029  -0.157169  -0.064883  0.985245  0.158373  0.169108  -0.145556  0.974790  0.004075  -0.007370  0.001260  0.454999  0.091686  -0.069660  2.000000  
213.308982 0.006199  0.088992  -0.050135  0.983450  0.089903  -0.157299  -0.064679  0.985205  0.158708  0.169240  -0.145907  0.974715  0.004024  -0.007246  0.001191  0.446793  0.091711  -0.069607  2.000000  
213.309988 0.006203  0.088986  -0.050134  0.983450  0.089960  -0.157266  -0.064679  0.985147  0.159066  0.169240  -0.146262  0.974662  0.003964  -0.007164  0.001155  0.438452  0.087256  -0.070170  2.000000  
213.310995 0.006207  0.088980  -0.050134  0.983441  0.089834  -0.157396  -0.064475  0.985106  0.159401  0.169371  -0.146613  0.974586  0.003931  -0.007074  0.001043  0.434280  0.087269  -0.070118  2.000000  
213.312232 0.006213  0.088972  -0.050133  0.983418  0.089930  -0.157483  -0.064474  0.985028  0.159887  0.169503  -0.147083  0.974492  0.003947  -0.007002  0.001004  0.430463  0.087361  -0.070112  2.000000  
213.313480 0.006218  0.088964  -0.050131  0.983418  0.089988  -0.157450  -0.064474  0.984969  0.160246  0.169503  -0.147437  0.974439  0.003926  -0.006893  0.001010  0.419623  0.086469  -0.063347  2.000000  
213.314728 0.006223  0.088955  -0.050129  0.983396  0.090084  -0.157536  -0.064472  0.984890  0.160732  0.169635  -0.147907  0.974345  0.003971  -0.006794  0.000988  0.415887  0.085732  -0.062741  2.000000  
213.315729 0.006227  0.088949  -0.050128  0.983386  0.089958  -0.157667  -0.064268  0.984849  0.161067  0.169767  -0.148258  0.974268  0.003946  -0.006739  0.001026  0.407160  0.086491  -0.063223  2.000000  
213.316730 0.006231  0.088942  -0.050126  0.983364  0.090016  -0.157775  -0.064267  0.984808  0.161314  0.169899  -0.148491  0.974210  0.003973  -0.006661  0.001081  0.398945  0.090952  -0.062531  2.000000  
213.317985 0.006235  0.088933  -0.050124  0.983341  0.090094  -0.157872  -0.064265  0.984748  0.161681  0.170031  -0.148842  0.974133  0.003948  -0.006603  0.001071  0.391847  0.089969  -0.055723  2.000000  
213.319227 0.006240  0.088924  -0.050122  0.983318  0.090190  -0.157958  -0.064264  0.984668  0.162167  0.170163  -0.149311  0.974038  0.003961  -0.006588  0.001139  0.387912  0.090034  -0.055694  2.000000  
213.320228 0.006243  0.088918  -0.050120  0.983331  0.090026  -0.157970  -0.064061  0.984648  0.162373  0.170163  -0.149547  0.974002  0.003977  -0.006478  0.001190  0.380598  0.089291  -0.055197  2.000000  
213.321476 0.006248  0.088911  -0.050118  0.983309  0.090084  -0.158078  -0.064060  0.984607  0.162621  0.170294  -0.149780  0.973943  0.003966  -0.006409  0.001246  0.368579  0.093756  -0.054522  2.000000  
213.322482 0.006252  0.088906  -0.050117  0.983286  0.090162  -0.158175  -0.064058  0.984546  0.162987  0.170426  -0.150131  0.973866  0.003959  -0.006346  0.001286  0.369006  0.093628  -0.048223  2.000000  
213.323728 0.006257  0.088900  -0.050115  0.983286  0.090200  -0.158154  -0.064058  0.984507  0.163226  0.170426  -0.150367  0.973830  0.003971  -0.006225  0.001305  0.357563  0.092794  -0.047750  2.000000  
213.324984 0.006263  0.088894  -0.050113  0.983286  0.090238  -0.158132  -0.064058  0.984467  0.163465  0.170426  -0.150603  0.973793  0.003954  -0.006094  0.001400  0.345366  0.088386  -0.048360  2.000000  
213.325988 0.006267  0.088890  -0.050111  0.983263  0.090297  -0.158240  -0.064057  0.984426  0.163712  0.170558  -0.150836  0.973734  0.003981  -0.005969  0.001516  0.337088  0.088111  -0.041968  2.000000  
213.327237 0.006273  0.088886  -0.050109  0.983240  0.090355  -0.158348  -0.064055  0.984385  0.163960  0.170690  -0.151069  0.973675  0.003994  -0.005738  0.001577  0.324867  0.092578  -0.041264  2.000000  
213.328480 0.006278  0.088881  -0.050106  0.983240  0.090394  -0.158326  -0.064055  0.984345  0.164199  0.170690  -0.151305  0.973638  0.003986  -0.005525  0.001680  0.317953  0.082705  -0.035833  2.000000  
213.329482 0.006282  0.088876  -0.050104  0.983218  0.090433  -0.158445  -0.064054  0.984324  0.164326  0.170822  -0.151420  0.973597  0.003958  -0.005361  0.001722  0.305699  0.087157  -0.035135  2.000000  
213.330733 0.006286  0.088871  -0.050101  0.983218  0.090472  -0.158423  -0.064054  0.984284  0.164565  0.170822  -0.151656  0.973561  0.003964  -0.005175  0.001782  0.298843  0.081739  -0.029044  2.000000  
213.331981 0.006291  0.088865  -0.050098  0.983195  0.090530  -0.158531  -0.064052  0.984243  0.164812  0.170954  -0.151888  0.973501  0.003993  -0.004938  0.001855  0.287623  0.080686  -0.022252  2.000000  
213.332982 0.006294  0.088860  -0.050096  0.983195  0.090569  -0.158509  -0.064052  0.984203  0.165051  0.170954  -0.152125  0.973464  0.003958  -0.004836  0.001891  0.283548  0.076248  -0.022902  2.000000  
213.333985 0.006298  0.088856  -0.050093  0.983172  0.090608  -0.158628  -0.064051  0.984182  0.165179  0.171085  -0.152239  0.973423  0.003948  -0.004638  0.001944  0.271309  0.080698  -0.022202  2.000000  
213.335225 0.006302  0.088850  -0.050091  0.983149  0.090667  -0.158736  -0.064049  0.984140  0.165426  0.171217  -0.152472  0.973364  0.003915  -0.004542  0.001978  0.264381  0.079694  -0.015435  2.000000  
213.336236 0.006306  0.088846  -0.050089  0.983149  0.090686  -0.158725  -0.064049  0.984120  0.165546  0.171217  -0.152590  0.973345  0.003886  -0.004390  0.001971  0.256194  0.079687  -0.015414  2.000000  
213.337475 0.006311  0.088842  -0.050087  0.983126  0.090726  -0.158844  -0.064048  0.984099  0.165673  0.171349  -0.152704  0.973304  0.003888  -0.004278  0.002024  0.246039  0.079049  -0.015270  2.000000  
213.338730 0.006315  0.088838  -0.050084  0.983126  0.090765  -0.158822  -0.064048  0.984058  0.165912  0.171349  -0.152940  0.973267  0.003869  -0.004151  0.002072  0.241113  0.074234  -0.009309  2.000000  
213.339734 0.006319  0.088834  -0.050082  0.983103  0.090804  -0.158941  -0.064046  0.984037  0.166040  0.171481  -0.153055  0.973226  0.003834  -0.004067  0.002057  0.232970  0.078686  -0.008608  2.000000  
213.340990 0.006324  0.088831  -0.050080  0.983103  0.090824  -0.158930  -0.064046  0.984017  0.166159  0.171481  -0.153173  0.973207  0.003818  -0.003927  0.002054  0.224119  0.072598  -0.002512  2.000000  
213.342227 0.006329  0.088828  -0.050078  0.983103  0.090843  -0.158919  -0.064046  0.983997  0.166279  0.171481  -0.153291  0.973189  0.003758  -0.003869  0.002071  0.211982  0.068189  -0.003169  2.000000  
213.343234 0.006333  0.088825  -0.050077  0.983081  0.090863  -0.159049  -0.064045  0.983995  0.166287  0.171613  -0.153287  0.973166  0.003720  -0.003783  0.001960  0.201474  0.073188  -0.002496  2.000000  
213.344486 0.006337  0.088822  -0.050075  0.983081  0.090883  -0.159038  -0.064045  0.983975  0.166407  0.171613  -0.153405  0.973147  0.003685  -0.003589  0.001899  0.189214  0.068734  -0.003161  2.000000  
213.345730 0.006342  0.088819  -0.050072  0.983081  0.090883  -0.159038  -0.064045  0.983975  0.166407  0.171613  -0.153405  0.973147  0.003678  -0.003460  0.001947  0.178209  0.063263  0.002900  2.000000  
213.346984 0.006345  0.088815  -0.050069  0.983058  0.090922  -0.159157  -0.064043  0.983954  0.166534  0.171745  -0.153520  0.973106  0.003657  -0.003319  0.001945  0.165955  0.063254  0.002919  2.000000  
213.348230 0.006349  0.088811  -0.050066  0.983058  0.090922  -0.159157  -0.064043  0.983954  0.166534  0.171745  -0.153520  0.973106  0.003600  -0.003179  0.001921  0.000000  0.000000  0.000000  2.000000  
213.349481 0.006353  0.088808  -0.050063  0.983035  0.090943  -0.159287  -0.064042  0.983952  0.166543  0.171876  -0.153516  0.973083  0.003572  -0.003014  0.001963  0.000000  0.000000  0.000000  2.000000  
213.350729 0.006358  0.088805  -0.050060  0.983035  0.090943  -0.159287  -0.064042  0.983952  0.166543  0.171876  -0.153516  0.973083  0.003558  -0.002878  0.001961  0.000000  0.000000  0.000000  2.000000  
213.351980 0.006361  0.088802  -0.050057  0.983012  0.090983  -0.159406  -0.064040  0.983931  0.166671  0.172008  -0.153631  0.973042  0.003517  -0.002782  0.002038  0.000000  0.000000  0.000000  2.000000  
213.352985 0.006365  0.088800  -0.050055  0.983012  0.090983  -0.159406  -0.064040  0.983931  0.166671  0.172008  -0.153631  0.973042  0.003469  -0.002671  0.002067  0.000000  0.000000  0.000000  2.000000  
213.354225 0.006368  0.088797  -0.050053  0.982989  0.091003  -0.159535  -0.064039  0.983929  0.166679  0.172140  -0.153627  0.973019  0.003403  -0.002611  0.002035  0.000000  0.000000  0.000000  2.000000  
213.355226 0.006371  0.088796  -0.050051  0.982989  0.091003  -0.159535  -0.064039  0.983929  0.166679  0.172140  -0.153627  0.973019  0.003356  -0.002499  0.002015  0.000000  0.000000  0.000000  2.000000  
213.356475 0.006375  0.088793  -0.050049  0.982989  0.091003  -0.159535  -0.064039  0.983929  0.166679  0.172140  -0.153627  0.973019  0.003278  -0.002411  0.001979  0.000000  0.000000  0.000000  2.000000  
213.357480 0.006379  0.088792  -0.050049  0.982966  0.091024  -0.159665  -0.064037  0.983928  0.166688  0.172272  -0.153624  0.972997  0.003246  -0.002327  0.001917  0.000000  0.000000  0.000000  2.000000  
213.358729 0.006382  0.088789  -0.050047  0.982966  0.091024  -0.159665  -0.064037  0.983928  0.166688  0.172272  -0.153624  0.972997  0.003190  -0.002295  0.001938  0.000000  0.000000  0.000000  2.000000  
213.359732 0.006385  0.088788  -0.050046  0.982966  0.091004  -0.159676  -0.064037  0.983948  0.166568  0.172272  -0.153506  0.973015  0.003145  -0.002182  0.001870  0.000000  0.000000  0.000000  2.000000  
213.360742 0.006388  0.088786  -0.050045  0.982966  0.091004  -0.159676  -0.064037  0.983948  0.166568  0.172272  -0.153506  0.973015  0.003073  -0.002121  0.001792  0.000000  0.000000  0.000000  2.000000  
213.361991 0.006391  0.088784  -0.050043  0.982953  0.091188  -0.159653  -0.064240  0.983950  0.166482  0.172272  -0.153388  0.973034  0.003008  -0.002059  0.001711  0.000000  0.000000  0.000000  2.000000  
213.363229 0.006394  0.088781  -0.050041  0.982953  0.091188  -0.159653  -0.064240  0.983950  0.166482  0.172272  -0.153388  0.973034  0.002949  -0.001999  0.001679  0.000000  0.000000  0.000000  2.000000  
213.364230 0.006396  0.088779  -0.050040  0.982953  0.091188  -0.159653  -0.064240  0.983950  0.166482  0.172272  -0.153388  0.973034  0.002924  -0.001942  0.001573  0.000000  0.000000  0.000000  2.000000  
213.365481 0.006400  0.088777  -0.050038  0.982930  0.091189  -0.159794  -0.064238  0.983969  0.166371  0.172404  -0.153266  0.973030  0.002856  -0.001880  0.001541  0.000000  0.000000  0.000000  2.000000  
213.366730 0.006402  0.088776  -0.050036  0.982930  0.091189  -0.159794  -0.064238  0.983969  0.166371  0.172404  -0.153266  0.973030  0.002781  -0.001789  0.001406  0.000000  0.000000  0.000000  2.000000  
213.367732 0.006405  0.088774  -0.050034  0.982930  0.091169  -0.159805  -0.064238  0.983989  0.166252  0.172404  -0.153148  0.973048  0.002725  -0.001755  0.001379  0.000000  0.000000  0.000000  2.000000  
213.368975 0.006408  0.088773  -0.050032  0.982906  0.091190  -0.159935  -0.064237  0.983987  0.166260  0.172535  -0.153144  0.973025  0.002733  -0.001653  0.001386  0.000000  0.000000  0.000000  2.000000  
213.369980 0.006411  0.088772  -0.050030  0.982906  0.091170  -0.159946  -0.064237  0.984008  0.166141  0.172535  -0.153026  0.973044  0.002697  -0.001591  0.001420  0.000000  0.000000  0.000000  2.000000  
213.370990 0.006414  0.088771  -0.050029  0.982906  0.091170  -0.159946  -0.064237  0.984008  0.166141  0.172535  -0.153026  0.973044  0.002626  -0.001527  0.001387  0.000000  0.000000  0.000000  2.000000  
213.372227 0.006417  0.088770  -0.050027  0.982906  0.091151  -0.159957  -0.064237  0.984028  0.166021  0.172535  -0.152908  0.973062  0.002602  -0.001473  0.001476  0.000000  0.000000  0.000000  2.000000  
213.373227 0.006419  0.088769  -0.050026  0.982906  0.091151  -0.159957  -0.064237  0.984028  0.166021  0.172535  -0.152908  0.973062  0.002558  -0.001449  0.001451  0.000000  0.000000  0.000000  2.000000  
213.374475 0.006423  0.088769  -0.050024  0.982906  0.091132  -0.159968  -0.064237  0.984048  0.165902  0.172535  -0.152790  0.973081  0.002555  -0.001343  0.001502  0.000000  0.000000  0.000000  2.000000  
213.375477 0.006425  0.088768  -0.050023  0.982906  0.091112  -0.159979  -0.064237  0.984068  0.165783  0.172535  -0.152672  0.973100  0.002532  -0.001288  0.001493  0.000000  0.000000  0.000000  2.000000  
213.376480 0.006427  0.088767  -0.050022  0.982906  0.091112  -0.159979  -0.064237  0.984068  0.165783  0.172535  -0.152672  0.973100  0.002497  -0.001204  0.001478  0.000000  0.000000  0.000000  2.000000  
213.377481 0.006429  0.088766  -0.050021  0.982906  0.091093  -0.159990  -0.064237  0.984088  0.165663  0.172535  -0.152554  0.973118  0.002500  -0.001096  0.001385  0.000000  0.000000  0.000000  2.000000  
213.378734 0.006432  0.088765  -0.050020  0.982906  0.091093  -0.159990  -0.064237  0.984088  0.165663  0.172535  -0.152554  0.973118  0.002462  -0.001024  0.001371  0.000000  0.000000  0.000000  2.000000  
213.379735 0.006435  0.088765  -0.050019  0.982893  0.091276  -0.159967  -0.064439  0.984089  0.165577  0.172535  -0.152436  0.973137  0.002472  -0.000944  0.001379  0.000000  0.000000  0.000000  2.000000  
213.380994 0.006438  0.088763  -0.050017  0.982893  0.091276  -0.159967  -0.064439  0.984089  0.165577  0.172535  -0.152436  0.973137  0.002450  -0.000887  0.001320  0.000000  0.000000  0.000000  2.000000  
213.382230 0.006441  0.088762  -0.050016  0.982893  0.091257  -0.159978  -0.064439  0.984109  0.165457  0.172535  -0.152318  0.973155  0.002433  -0.000831  0.001264  0.000000  0.000000  0.000000  2.000000  
213.383482 0.006444  0.088762  -0.050014  0.982893  0.091257  -0.159978  -0.064439  0.984109  0.165457  0.172535  -0.152318  0.973155  0.002440  -0.000750  0.001270  0.000000  0.000000  0.000000  2.000000  
213.384732 0.006447  0.088761  -0.050012  0.982893  0.091237  -0.159990  -0.064439  0.984130  0.165338  0.172535  -0.152200  0.973174  0.002435  -0.000715  0.001219  0.000000  0.000000  0.000000  2.000000  
213.385991 0.006450  0.088761  -0.050011  0.982893  0.091237  -0.159990  -0.064439  0.984130  0.165338  0.172535  -0.152200  0.973174  0.002451  -0.000670  0.001229  0.000000  0.000000  0.000000  2.000000  
213.387226 0.006454  0.088761  -0.050008  0.982893  0.091218  -0.160001  -0.064439  0.984150  0.165219  0.172535  -0.152082  0.973192  0.002434  -0.000609  0.001222  0.000000  0.000000  0.000000  2.000000  
213.388227 0.006456  0.088761  -0.050007  0.982893  0.091218  -0.160001  -0.064439  0.984150  0.165219  0.172535  -0.152082  0.973192  0.002444  -0.000530  0.001230  0.000000  0.000000  0.000000  2.000000  
213.389227 0.006458  0.088761  -0.050006  0.982880  0.091420  -0.159967  -0.064642  0.984131  0.165252  0.172535  -0.152082  0.973192  0.002428  -0.000505  0.001223  0.000000  0.000000  0.000000  2.000000  
213.390480 0.006461  0.088761  -0.050005  0.982880  0.091401  -0.159978  -0.064642  0.984151  0.165132  0.172535  -0.151964  0.973210  0.002438  -0.000425  0.001231  0.000000  0.000000  0.000000  2.000000  
213.391729 0.006464  0.088761  -0.050003  0.982880  0.091401  -0.159978  -0.064642  0.984151  0.165132  0.172535  -0.151964  0.973210  0.002453  -0.000345  0.001242  0.000000  0.000000  0.000000  2.000000  
213.392748 0.006466  0.088762  -0.050001  0.982880  0.091382  -0.159989  -0.064642  0.984171  0.165013  0.172535  -0.151846  0.973229  0.002441  -0.000238  0.001339  0.000000  0.000000  0.000000  2.000000  
