1-Time 2-Px 3-Py 4-Pz 5-R11 6-R21 7-R31 8-R12 9-R22 10-R32 11-R13 12-R23 13-R33 14-Vx 15-Vy 16-Vz 17-Wx 18-Wy 19-Wz 20-state 21-PR11 22-PR21 23-PR31 24-PR12 25-PR22 26-PR32 27-PR13 28-PR23 29-PR33 
135.737844 0.000732  0.087233  -0.038692  0.990865  0.124342  -0.052211  -0.121985  0.991459  0.046137  0.057502  -0.039346  0.997570  0.002235  0.001592  0.000813  0.000000  0.000000  0.000000  2.000000  
135.739098 0.000735  0.087234  -0.038691  0.990865  0.124342  -0.052211  -0.121985  0.991459  0.046137  0.057502  -0.039346  0.997570  0.002214  0.001541  0.000757  0.000000  0.000000  0.000000  2.000000  
135.740100 0.000736  0.087233  -0.038691  0.990774  0.124971  -0.052432  -0.122595  0.991375  0.046322  0.057769  -0.039467  0.997550  0.002154  0.001373  0.000735  0.000000  0.000000  0.000000  2.000000  
135.741348 0.000738  0.087232  -0.038691  0.990690  0.125594  -0.052521  -0.123206  0.991292  0.046491  0.057902  -0.039587  0.997537  0.002084  0.001130  0.000699  0.000000  0.000000  0.000000  2.000000  
135.742353 0.000739  0.087229  -0.038691  0.990632  0.126014  -0.052619  -0.123613  0.991233  0.046649  0.058036  -0.039708  0.997524  0.002020  0.000788  0.000580  0.000000  0.000000  0.000000  2.000000  
135.743591 0.000741  0.087225  -0.038692  0.990566  0.126446  -0.052834  -0.124019  0.991169  0.046945  0.058303  -0.039949  0.997499  0.001961  0.000422  0.000511  0.000000  0.000000  0.000000  2.000000  
135.744594 0.000742  0.087221  -0.038691  0.990499  0.126871  -0.053064  -0.124425  0.991110  0.047120  0.058570  -0.040070  0.997479  0.001927  0.000078  0.000503  0.000000  0.000000  0.000000  2.000000  
135.745596 0.000744  0.087218  -0.038690  0.990398  0.127505  -0.053417  -0.125034  0.991023  0.047323  0.058971  -0.040190  0.997450  0.001877  -0.000240  0.000532  0.000000  0.000000  0.000000  2.000000  
135.746839 0.000746  0.087214  -0.038689  0.990238  0.128560  -0.053866  -0.126049  0.990877  0.047686  0.059505  -0.040430  0.997409  0.001827  -0.000632  0.000469  0.000000  0.000000  0.000000  2.000000  
135.747844 0.000747  0.087211  -0.038689  0.990118  0.129393  -0.054076  -0.126862  0.990764  0.047884  0.059772  -0.040551  0.997388  0.001784  -0.000951  0.000455  0.000000  0.000000  0.000000  2.000000  
135.749106 0.000748  0.087207  -0.038691  0.989963  0.130442  -0.054392  -0.127878  0.990616  0.048231  0.060173  -0.040792  0.997354  0.001671  -0.001362  0.000265  0.060239  0.100028  0.197488  2.000000  
135.750356 0.000750  0.087205  -0.038692  0.989860  0.131084  -0.054727  -0.128487  0.990522  0.048557  0.060574  -0.041033  0.997320  0.001598  -0.001678  0.000140  0.069109  0.111774  0.217048  2.000000  
135.751600 0.000753  0.087202  -0.038691  0.989729  0.131922  -0.055068  -0.129299  0.990405  0.048774  0.060974  -0.041153  0.997291  0.001555  -0.001997  0.000126  0.075431  0.120529  0.246756  2.000000  
135.752604 0.000754  0.087199  -0.038690  0.989598  0.132761  -0.055409  -0.130110  0.990288  0.048991  0.061375  -0.041273  0.997261  0.001512  -0.002316  0.000112  0.081168  0.132832  0.274817  2.000000  
135.753604 0.000756  0.087195  -0.038689  0.989501  0.133390  -0.055627  -0.130719  0.990199  0.049181  0.061642  -0.041393  0.997240  0.001449  -0.002707  0.000137  0.086513  0.140964  0.295889  2.000000  
135.754845 0.000758  0.087189  -0.038688  0.989352  0.134247  -0.056215  -0.131529  0.990073  0.049555  0.062310  -0.041633  0.997188  0.001465  -0.002984  0.000199  0.096524  0.162453  0.324782  2.000000  
135.755852 0.000760  0.087185  -0.038687  0.989246  0.134888  -0.056549  -0.132136  0.989976  0.049882  0.062710  -0.041874  0.997153  0.001501  -0.003208  0.000272  0.106015  0.175098  0.346143  2.000000  
135.757097 0.000762  0.087177  -0.038684  0.989131  0.135536  -0.057014  -0.132743  0.989877  0.050228  0.063245  -0.042114  0.997109  0.001548  -0.003503  0.000455  0.115374  0.191963  0.367164  2.000000  
135.758349 0.000763  0.087166  -0.038681  0.989006  0.136196  -0.057594  -0.133348  0.989771  0.050713  0.063912  -0.042475  0.997051  0.001531  -0.003979  0.000735  0.128988  0.208992  0.388583  2.000000  
135.759593 0.000767  0.087155  -0.038678  0.988890  0.136844  -0.058059  -0.133954  0.989671  0.051060  0.064446  -0.042716  0.997007  0.001644  -0.004414  0.000857  0.138556  0.226147  0.410197  2.000000  
135.760839 0.000771  0.087143  -0.038676  0.988736  0.137708  -0.058627  -0.134763  0.989536  0.051558  0.065114  -0.043077  0.996948  0.001807  -0.004947  0.000911  0.153052  0.247138  0.445707  2.000000  
135.761849 0.000775  0.087134  -0.038674  0.988682  0.137944  -0.058980  -0.134963  0.989492  0.051864  0.065514  -0.043317  0.996911  0.001974  -0.005402  0.001010  0.161662  0.260187  0.453034  2.000000  
135.763089 0.000780  0.087120  -0.038671  0.988583  0.138401  -0.059569  -0.135364  0.989413  0.052339  0.066182  -0.043678  0.996851  0.002159  -0.006045  0.001223  0.174983  0.277597  0.467783  2.000000  
135.764344 0.000786  0.087105  -0.038671  0.988492  0.138854  -0.060025  -0.135766  0.989333  0.052796  0.066716  -0.044039  0.996800  0.002463  -0.006748  0.001358  0.188197  0.294912  0.482385  2.000000  
135.765591 0.000792  0.087090  -0.038671  0.988429  0.139103  -0.060492  -0.135965  0.989282  0.053241  0.067250  -0.044401  0.996748  0.002739  -0.007575  0.001435  0.199320  0.309919  0.486027  2.000000  
135.766592 0.000797  0.087078  -0.038671  0.988346  0.139543  -0.060833  -0.136368  0.989209  0.053561  0.067650  -0.044641  0.996710  0.002939  -0.008254  0.001328  0.208378  0.322682  0.500354  2.000000  
135.767595 0.000801  0.087066  -0.038670  0.988282  0.139792  -0.061299  -0.136566  0.989158  0.054006  0.068184  -0.045002  0.996657  0.003141  -0.008881  0.001361  0.221078  0.335634  0.507756  2.000000  
135.768599 0.000806  0.087053  -0.038668  0.988263  0.139819  -0.061530  -0.136564  0.989143  0.054283  0.068451  -0.045243  0.996628  0.003325  -0.009456  0.001382  0.231122  0.347327  0.512364  2.000000  
135.769850 0.000812  0.087037  -0.038665  0.988227  0.139866  -0.062007  -0.136559  0.989120  0.054716  0.068985  -0.045604  0.996575  0.003630  -0.010278  0.001510  0.238197  0.357129  0.492202  2.000000  
135.771096 0.000818  0.087021  -0.038663  0.988200  0.139906  -0.062352  -0.136555  0.989097  0.055131  0.069386  -0.045965  0.996530  0.003850  -0.010840  0.001562  0.247159  0.363858  0.468013  2.000000  
135.772348 0.000823  0.087004  -0.038660  0.988181  0.139941  -0.062566  -0.136552  0.989075  0.055527  0.069653  -0.046327  0.996495  0.004126  -0.011442  0.001572  0.250456  0.368821  0.454697  2.000000  
135.773593 0.000828  0.086987  -0.038655  0.988153  0.139983  -0.062911  -0.136549  0.989053  0.055942  0.070053  -0.046689  0.996450  0.004244  -0.011878  0.001648  0.255435  0.372612  0.437836  2.000000  
135.774593 0.000831  0.086974  -0.038652  0.988135  0.140010  -0.063141  -0.136546  0.989037  0.056218  0.070320  -0.046929  0.996420  0.004300  -0.012157  0.001734  0.257001  0.374197  0.427619  2.000000  
135.775594 0.000834  0.086960  -0.038648  0.988135  0.139841  -0.063515  -0.136339  0.989050  0.056500  0.070720  -0.047170  0.996380  0.004261  -0.012448  0.001912  0.259442  0.375337  0.400329  2.000000  
135.776594 0.000838  0.086946  -0.038643  0.988116  0.139869  -0.063745  -0.136336  0.989034  0.056776  0.070987  -0.047411  0.996350  0.004219  -0.012730  0.002088  0.259460  0.370842  0.368798  2.000000  
135.777839 0.000842  0.086930  -0.038637  0.988125  0.139693  -0.063987  -0.136130  0.989048  0.057039  0.071254  -0.047651  0.996319  0.004166  -0.012864  0.002306  0.259274  0.369324  0.331698  2.000000  
135.778845 0.000845  0.086917  -0.038632  0.988106  0.139729  -0.064200  -0.136128  0.989025  0.057436  0.071521  -0.048013  0.996283  0.004080  -0.012992  0.002592  0.263412  0.369445  0.299954  2.000000  
135.780093 0.000849  0.086900  -0.038626  0.988106  0.139560  -0.064574  -0.135920  0.989037  0.057717  0.071922  -0.048253  0.996242  0.003949  -0.013077  0.002944  0.263963  0.371646  0.277154  2.000000  
135.781107 0.000852  0.086887  -0.038622  0.988096  0.139583  -0.064673  -0.135919  0.989022  0.057975  0.072055  -0.048495  0.996221  0.003827  -0.013150  0.003315  0.264321  0.366829  0.251480  2.000000  
135.782346 0.000855  0.086870  -0.038618  0.988105  0.139415  -0.064898  -0.135713  0.989028  0.058358  0.072322  -0.048856  0.996184  0.003633  -0.013271  0.003501  0.268125  0.360984  0.215175  2.000000  
135.783597 0.000858  0.086853  -0.038616  0.988095  0.139438  -0.064996  -0.135711  0.989013  0.058616  0.072455  -0.049097  0.996162  0.003508  -0.013345  0.003512  0.270345  0.353225  0.187436  2.000000  
135.784597 0.000861  0.086839  -0.038615  0.988086  0.139460  -0.065094  -0.135710  0.988998  0.058874  0.072589  -0.049338  0.996141  0.003313  -0.013431  0.003434  0.270726  0.339314  0.160620  2.000000  
135.785600 0.000863  0.086825  -0.038614  0.988086  0.139476  -0.065061  -0.135710  0.988983  0.059114  0.072589  -0.049580  0.996129  0.003151  -0.013541  0.003351  0.269382  0.326785  0.139408  2.000000  
135.786848 0.000866  0.086807  -0.038613  0.988076  0.139506  -0.065142  -0.135709  0.988961  0.059492  0.072722  -0.049942  0.996101  0.002987  -0.013630  0.003221  0.272068  0.314194  0.118181  2.000000  
135.788093 0.000870  0.086789  -0.038611  0.988067  0.139536  -0.065223  -0.135708  0.988938  0.059870  0.072856  -0.050304  0.996073  0.002909  -0.013706  0.003042  0.272974  0.298848  0.103002  2.000000  
135.789096 0.000872  0.086774  -0.038611  0.988085  0.139355  -0.065334  -0.135503  0.988952  0.060114  0.072989  -0.050545  0.996051  0.002869  -0.013759  0.002835  0.268821  0.289437  0.068835  2.000000  
135.790358 0.000876  0.086755  -0.038610  0.988047  0.139589  -0.065403  -0.135705  0.988900  0.060506  0.073123  -0.050907  0.996023  0.002809  -0.013841  0.002569  0.267735  0.271937  0.054268  2.000000  
135.791591 0.000880  0.086737  -0.038609  0.988047  0.139613  -0.065352  -0.135705  0.988878  0.060866  0.073123  -0.051270  0.996004  0.002799  -0.013951  0.002279  0.271085  0.254825  0.039747  2.000000  
135.792594 0.000883  0.086722  -0.038608  0.988038  0.139636  -0.065450  -0.135704  0.988862  0.061124  0.073256  -0.051511  0.995982  0.002792  -0.014054  0.002002  0.265969  0.241915  0.025377  2.000000  
135.793844 0.000886  0.086704  -0.038607  0.988038  0.139660  -0.065399  -0.135704  0.988840  0.061484  0.073256  -0.051873  0.995963  0.002780  -0.014150  0.001719  0.269537  0.224247  0.017690  2.000000  
135.795090 0.000892  0.086687  -0.038605  0.988028  0.139690  -0.065480  -0.135702  0.988817  0.061862  0.073389  -0.052235  0.995934  0.002887  -0.014213  0.001408  0.266440  0.214215  0.003520  2.000000  
135.796100 0.000896  0.086674  -0.038604  0.988028  0.139706  -0.065446  -0.135702  0.988801  0.062101  0.073389  -0.052477  0.995922  0.002921  -0.014248  0.001242  0.264009  0.193809  -0.004374  2.000000  
135.797343 0.000901  0.086657  -0.038601  0.988046  0.139534  -0.065540  -0.135497  0.988807  0.062466  0.073523  -0.052839  0.995893  0.003086  -0.014188  0.001096  0.262581  0.181384  -0.025650  2.000000  
135.798346 0.000906  0.086644  -0.038600  0.988046  0.139549  -0.065507  -0.135497  0.988791  0.062706  0.073523  -0.053080  0.995880  0.003244  -0.014139  0.001070  0.264439  0.170972  -0.025843  2.000000  
135.799590 0.000912  0.086628  -0.038598  0.988046  0.139565  -0.065473  -0.135497  0.988776  0.062946  0.073523  -0.053322  0.995867  0.003413  -0.014055  0.001083  0.260413  0.157630  -0.026456  2.000000  
135.800593 0.000917  0.086615  -0.038597  0.988046  0.139581  -0.065439  -0.135497  0.988761  0.063185  0.073523  -0.053563  0.995854  0.003624  -0.013954  0.001100  0.256363  0.148727  -0.026852  2.000000  
135.801597 0.000923  0.086603  -0.038596  0.988046  0.139597  -0.065405  -0.135497  0.988746  0.063425  0.073523  -0.053805  0.995841  0.003840  -0.013827  0.001144  0.254364  0.136470  -0.027701  2.000000  
135.802605 0.000928  0.086590  -0.038595  0.988046  0.139613  -0.065371  -0.135497  0.988730  0.063665  0.073523  -0.054047  0.995828  0.004019  -0.013734  0.001144  0.254260  0.122956  -0.028336  2.000000  
135.803852 0.000936  0.086574  -0.038594  0.988046  0.139629  -0.065337  -0.135497  0.988715  0.063905  0.073523  -0.054288  0.995815  0.004338  -0.013571  0.001168  0.250228  0.114008  -0.028760  2.000000  
135.805093 0.000944  0.086557  -0.038593  0.988074  0.139441  -0.065317  -0.135294  0.988728  0.064131  0.073523  -0.054530  0.995802  0.004636  -0.013446  0.001132  0.250319  0.100583  -0.029430  2.000000  
135.806094 0.000950  0.086544  -0.038593  0.988074  0.139457  -0.065283  -0.135294  0.988712  0.064371  0.073523  -0.054771  0.995788  0.004851  -0.013328  0.001104  0.250283  0.091595  -0.029862  2.000000  
135.807346 0.000959  0.086527  -0.038593  0.988074  0.139481  -0.065232  -0.135294  0.988689  0.064731  0.073523  -0.055134  0.995768  0.005151  -0.013283  0.000980  0.250736  0.077763  -0.023627  2.000000  
135.808593 0.000967  0.086508  -0.038594  0.988074  0.139504  -0.065181  -0.135294  0.988665  0.065091  0.073523  -0.055496  0.995748  0.005471  -0.013294  0.000867  0.250790  0.068806  -0.024070  2.000000  
135.809594 0.000974  0.086493  -0.038594  0.988074  0.139520  -0.065147  -0.135294  0.988649  0.065331  0.073523  -0.055738  0.995735  0.005638  -0.013361  0.000770  0.251237  0.059457  -0.017626  2.000000  
135.810844 0.000982  0.086475  -0.038595  0.988074  0.139544  -0.065097  -0.135294  0.988625  0.065690  0.073523  -0.056100  0.995714  0.005879  -0.013469  0.000570  0.255469  0.050512  -0.018091  2.000000  
135.812089 0.000991  0.086457  -0.038595  0.988064  0.139575  -0.065178  -0.135293  0.988600  0.066068  0.073656  -0.056462  0.995684  0.006054  -0.013591  0.000485  0.257802  0.049720  -0.011083  2.000000  
135.813090 0.000999  0.086441  -0.038594  0.988092  0.139387  -0.065158  -0.135089  0.988613  0.066295  0.073656  -0.056703  0.995670  0.006279  -0.013764  0.000368  0.257283  0.045628  -0.018142  2.000000  
135.814092 0.001006  0.086427  -0.038594  0.988092  0.139411  -0.065107  -0.135089  0.988589  0.066654  0.073656  -0.057065  0.995650  0.006488  -0.013833  0.000293  0.261308  0.041177  -0.018364  2.000000  
135.815345 0.001015  0.086408  -0.038594  0.988054  0.139646  -0.065174  -0.135291  0.988535  0.067046  0.073790  -0.057427  0.995619  0.006638  -0.014033  0.000252  0.261882  0.040828  -0.011518  2.000000  
135.816594 0.001024  0.086390  -0.038593  0.988054  0.139662  -0.065140  -0.135291  0.988519  0.067285  0.073790  -0.057669  0.995605  0.006741  -0.014164  0.000174  0.261827  0.036369  -0.011746  2.000000  
135.817844 0.001033  0.086372  -0.038593  0.988054  0.139685  -0.065090  -0.135291  0.988494  0.067645  0.073790  -0.058031  0.995584  0.006838  -0.014278  0.000091  0.259922  0.032185  -0.012072  2.000000  
135.818850 0.001040  0.086358  -0.038593  0.988054  0.139701  -0.065056  -0.135291  0.988478  0.067885  0.073790  -0.058273  0.995570  0.006919  -0.014363  0.000044  0.260400  0.027318  -0.005418  2.000000  
135.820101 0.001049  0.086341  -0.038592  0.988045  0.139725  -0.065154  -0.135290  0.988460  0.068143  0.073923  -0.058514  0.995546  0.006980  -0.014477  0.000062  0.255907  0.027708  -0.012304  2.000000  
135.821351 0.001057  0.086323  -0.038590  0.988045  0.139741  -0.065120  -0.135290  0.988443  0.068383  0.073923  -0.058755  0.995532  0.006976  -0.014505  0.000158  0.251687  0.027696  -0.012289  2.000000  
135.822593 0.001065  0.086305  -0.038590  0.988045  0.139756  -0.065086  -0.135290  0.988427  0.068622  0.073923  -0.058997  0.995517  0.006968  -0.014517  0.000248  0.249676  0.023024  -0.012431  2.000000  
135.823593 0.001071  0.086290  -0.038589  0.988045  0.139772  -0.065052  -0.135290  0.988410  0.068862  0.073923  -0.059238  0.995503  0.006958  -0.014525  0.000338  0.247695  0.023222  -0.012529  2.000000  
135.824594 0.001077  0.086275  -0.038589  0.988035  0.139796  -0.065150  -0.135289  0.988392  0.069120  0.074057  -0.059479  0.995479  0.006893  -0.014537  0.000369  0.243599  0.023224  -0.012521  2.000000  
135.825597 0.001083  0.086260  -0.038588  0.988035  0.139812  -0.065116  -0.135289  0.988376  0.069360  0.074057  -0.059720  0.995464  0.006825  -0.014570  0.000462  0.243540  0.023221  -0.012512  2.000000  
135.826839 0.001090  0.086240  -0.038588  0.988007  0.140031  -0.065068  -0.135492  0.988330  0.069613  0.074057  -0.059962  0.995450  0.006689  -0.014706  0.000455  0.244664  0.017963  0.001016  2.000000  
135.827843 0.001095  0.086224  -0.038589  0.987997  0.140063  -0.065149  -0.135491  0.988303  0.069991  0.074190  -0.060324  0.995418  0.006521  -0.014756  0.000355  0.248685  0.022449  0.001277  2.000000  
135.828846 0.001100  0.086207  -0.038590  0.987997  0.140078  -0.065115  -0.135491  0.988286  0.070230  0.074190  -0.060565  0.995403  0.006336  -0.014920  0.000264  0.248664  0.022446  0.001282  2.000000  
135.829862 0.001105  0.086190  -0.038591  0.987987  0.140102  -0.065213  -0.135489  0.988268  0.070488  0.074323  -0.060806  0.995379  0.006215  -0.015021  0.000161  0.248538  0.026922  0.001545  2.000000  
135.831089 0.001111  0.086169  -0.038593  0.987987  0.140126  -0.065162  -0.135489  0.988242  0.070848  0.074323  -0.061168  0.995356  0.006070  -0.015268  0.000007  0.250917  0.026741  0.001542  2.000000  
135.832344 0.001117  0.086147  -0.038595  0.987959  0.140345  -0.065113  -0.135693  0.988196  0.071101  0.074323  -0.061410  0.995342  0.005840  -0.015522  -0.000120  0.251311  0.026332  0.008384  2.000000  
135.833598 0.001124  0.086126  -0.038597  0.987949  0.140377  -0.065194  -0.135691  0.988169  0.071479  0.074457  -0.061771  0.995309  0.005699  -0.015773  -0.000282  0.253334  0.031031  0.008723  2.000000  
135.834845 0.001131  0.086104  -0.038599  0.987921  0.140604  -0.065128  -0.135895  0.988114  0.071852  0.074457  -0.062133  0.995287  0.005600  -0.015989  -0.000450  0.258382  0.030215  0.022508  2.000000  
135.836107 0.001138  0.086083  -0.038601  0.987921  0.140620  -0.065094  -0.135895  0.988097  0.072092  0.074457  -0.062375  0.995272  0.005501  -0.016240  -0.000700  0.254253  0.030202  0.022512  2.000000  
135.837351 0.001145  0.086062  -0.038602  0.987912  0.140652  -0.065175  -0.135893  0.988069  0.072469  0.074590  -0.062736  0.995239  0.005440  -0.016491  -0.000817  0.258318  0.034682  0.022786  2.000000  
135.838594 0.001152  0.086041  -0.038603  0.987912  0.140668  -0.065141  -0.135893  0.988052  0.072709  0.074590  -0.062978  0.995224  0.005397  -0.016681  -0.000930  0.254340  0.034688  0.022805  2.000000  
135.839595 0.001158  0.086023  -0.038603  0.987912  0.140684  -0.065107  -0.135893  0.988034  0.072949  0.074590  -0.063219  0.995208  0.005383  -0.016838  -0.001027  0.254320  0.034680  0.022812  2.000000  
135.840595 0.001164  0.086006  -0.038604  0.987902  0.140700  -0.065222  -0.135892  0.988024  0.073087  0.074724  -0.063339  0.995191  0.005403  -0.016944  -0.001030  0.246163  0.039163  0.023089  2.000000  
135.841596 0.001170  0.085989  -0.038605  0.987874  0.140919  -0.065172  -0.136095  0.987977  0.073340  0.074724  -0.063581  0.995175  0.005422  -0.017020  -0.001137  0.246651  0.034250  0.029713  2.000000  
135.842846 0.001177  0.085967  -0.038605  0.987874  0.140935  -0.065138  -0.136095  0.987960  0.073579  0.074724  -0.063822  0.995160  0.005493  -0.017112  -0.001095  0.243073  0.033822  0.036609  2.000000  
135.843846 0.001183  0.085949  -0.038606  0.987864  0.140951  -0.065253  -0.136094  0.987949  0.073717  0.074857  -0.063942  0.995142  0.005547  -0.017171  -0.001015  0.234942  0.038304  0.036893  2.000000  
135.844851 0.001190  0.085932  -0.038606  0.987864  0.140967  -0.065219  -0.136094  0.987932  0.073957  0.074857  -0.064184  0.995127  0.005657  -0.017202  -0.000976  0.234362  0.034217  0.029732  2.000000  
135.846090 0.001198  0.085910  -0.038606  0.987864  0.140983  -0.065185  -0.136094  0.987914  0.074197  0.074857  -0.064425  0.995111  0.005796  -0.017223  -0.000833  0.232525  0.033942  0.029507  2.000000  
135.847092 0.001204  0.085893  -0.038606  0.987864  0.140999  -0.065150  -0.136094  0.987896  0.074436  0.074857  -0.064666  0.995095  0.005905  -0.017211  -0.000726  0.230397  0.034217  0.029765  2.000000  
135.848095 0.001211  0.085876  -0.038606  0.987854  0.141023  -0.065248  -0.136093  0.987876  0.074694  0.074991  -0.064907  0.995070  0.006018  -0.017195  -0.000662  0.232515  0.038377  0.029797  2.000000  
135.849340 0.001220  0.085855  -0.038607  0.987854  0.141039  -0.065214  -0.136093  0.987858  0.074934  0.074991  -0.065149  0.995054  0.006106  -0.017203  -0.000591  0.228540  0.038380  0.029817  2.000000  
135.850360 0.001227  0.085837  -0.038609  0.987854  0.141055  -0.065180  -0.136093  0.987840  0.075173  0.074991  -0.065390  0.995038  0.006245  -0.017262  -0.000592  0.230321  0.034184  0.029779  2.000000  
135.851597 0.001235  0.085816  -0.038611  0.987854  0.141071  -0.065145  -0.136093  0.987822  0.075413  0.074991  -0.065631  0.995022  0.006299  -0.017248  -0.000667  0.230348  0.034181  0.029791  2.000000  
135.852603 0.001243  0.085799  -0.038612  0.987854  0.141078  -0.065128  -0.136093  0.987813  0.075533  0.074991  -0.065752  0.995014  0.006415  -0.017233  -0.000680  0.226223  0.034168  0.029791  2.000000  
135.853849 0.001252  0.085777  -0.038613  0.987854  0.141094  -0.065094  -0.136093  0.987794  0.075773  0.074991  -0.065993  0.994998  0.006554  -0.017259  -0.000699  0.226268  0.029679  0.029522  2.000000  
135.855095 0.001261  0.085755  -0.038615  0.987816  0.141322  -0.065176  -0.136295  0.987745  0.076044  0.075124  -0.066234  0.994972  0.006701  -0.017305  -0.000719  0.224960  0.033453  0.036403  2.000000  
135.856346 0.001271  0.085734  -0.038615  0.987816  0.141330  -0.065159  -0.136295  0.987736  0.076164  0.075124  -0.066355  0.994964  0.006830  -0.017311  -0.000705  0.220451  0.033887  0.029585  2.000000  
135.857594 0.001280  0.085711  -0.038616  0.987816  0.141346  -0.065125  -0.136295  0.987718  0.076403  0.075124  -0.066596  0.994948  0.006970  -0.017330  -0.000767  0.214070  0.029660  0.029549  2.000000  
135.858595 0.001288  0.085694  -0.038616  0.987816  0.141354  -0.065107  -0.136295  0.987708  0.076523  0.075124  -0.066717  0.994940  0.007119  -0.017281  -0.000727  0.210010  0.029657  0.029557  2.000000  
135.859844 0.001298  0.085672  -0.038616  0.987788  0.141565  -0.065075  -0.136498  0.987670  0.076656  0.075124  -0.066838  0.994932  0.007177  -0.017349  -0.000702  0.204845  0.024529  0.035879  2.000000  
135.861090 0.001307  0.085650  -0.038616  0.987778  0.141590  -0.065172  -0.136497  0.987650  0.076914  0.075257  -0.067078  0.994905  0.007306  -0.017350  -0.000671  0.202406  0.029203  0.036463  2.000000  
135.862091 0.001315  0.085634  -0.038616  0.987778  0.141598  -0.065155  -0.136497  0.987641  0.077034  0.075257  -0.067199  0.994897  0.007375  -0.017328  -0.000686  0.197796  0.029639  0.029578  2.000000  
135.863094 0.001322  0.085616  -0.038616  0.987778  0.141605  -0.065138  -0.136497  0.987631  0.077154  0.075257  -0.067320  0.994889  0.007419  -0.017365  -0.000612  0.189592  0.025137  0.029286  2.000000  
135.864344 0.001332  0.085595  -0.038616  0.987740  0.141826  -0.065236  -0.136699  0.987592  0.077305  0.075391  -0.067440  0.994871  0.007493  -0.017329  -0.000564  0.184573  0.028942  0.036181  2.000000  
135.865589 0.001341  0.085573  -0.038616  0.987740  0.141834  -0.065219  -0.136699  0.987582  0.077425  0.075391  -0.067560  0.994863  0.007499  -0.017317  -0.000428  0.180215  0.029414  0.029388  2.000000  
135.866592 0.001348  0.085557  -0.038616  0.987740  0.141841  -0.065202  -0.136699  0.987573  0.077545  0.075391  -0.067681  0.994855  0.007521  -0.017305  -0.000323  0.175951  0.029372  0.029358  2.000000  
135.867594 0.001355  0.085540  -0.038616  0.987712  0.142053  -0.065169  -0.136902  0.987534  0.077678  0.075391  -0.067802  0.994846  0.007460  -0.017285  -0.000262  0.172395  0.024464  0.035895  2.000000  
135.868597 0.001362  0.085523  -0.038616  0.987712  0.142061  -0.065152  -0.136902  0.987525  0.077798  0.075391  -0.067922  0.994838  0.007436  -0.017256  -0.000179  0.169729  0.024657  0.036193  2.000000  
135.869598 0.001368  0.085506  -0.038616  0.987712  0.142068  -0.065134  -0.136902  0.987515  0.077917  0.075391  -0.068043  0.994830  0.007379  -0.017227  -0.000097  0.000000  0.000000  0.000000  2.000000  
135.870847 0.001377  0.085484  -0.038616  0.987702  0.142085  -0.065249  -0.136901  0.987505  0.078056  0.075524  -0.068163  0.994811  0.007308  -0.017179  -0.000041  0.000000  0.000000  0.000000  2.000000  
135.872094 0.001385  0.085462  -0.038617  0.987673  0.142297  -0.065216  -0.137104  0.987466  0.078189  0.075524  -0.068284  0.994803  0.007196  -0.017229  -0.000050  0.000000  0.000000  0.000000  2.000000  
135.873095 0.001391  0.085444  -0.038616  0.987673  0.142305  -0.065198  -0.137104  0.987456  0.078309  0.075524  -0.068404  0.994795  0.007106  -0.017254  -0.000021  0.000000  0.000000  0.000000  2.000000  
135.874355 0.001399  0.085422  -0.038617  0.987645  0.142516  -0.065165  -0.137307  0.987418  0.078442  0.075524  -0.068525  0.994787  0.006982  -0.017263  -0.000013  0.000000  0.000000  0.000000  2.000000  
135.875594 0.001407  0.085400  -0.038617  0.987645  0.142524  -0.065148  -0.137307  0.987408  0.078561  0.075524  -0.068646  0.994778  0.006864  -0.017294  -0.000029  0.000000  0.000000  0.000000  2.000000  
135.876841 0.001415  0.085377  -0.038616  0.987607  0.142744  -0.065246  -0.137509  0.987368  0.078713  0.075658  -0.068766  0.994760  0.006797  -0.017350  -0.000037  0.000000  0.000000  0.000000  2.000000  
135.877844 0.001421  0.085359  -0.038617  0.987607  0.142752  -0.065229  -0.137509  0.987358  0.078833  0.075658  -0.068886  0.994752  0.006687  -0.017396  -0.000069  0.000000  0.000000  0.000000  2.000000  
135.879089 0.001429  0.085337  -0.038615  0.987568  0.142964  -0.065344  -0.137711  0.987328  0.078865  0.075791  -0.068886  0.994741  0.006613  -0.017473  0.000060  0.000000  0.000000  0.000000  2.000000  
135.880095 0.001436  0.085320  -0.038614  0.987568  0.142972  -0.065327  -0.137711  0.987318  0.078984  0.075791  -0.069006  0.994733  0.006566  -0.017495  0.000113  0.000000  0.000000  0.000000  2.000000  
135.881109 0.001442  0.085302  -0.038614  0.987568  0.142980  -0.065310  -0.137711  0.987309  0.079104  0.075791  -0.069127  0.994725  0.006527  -0.017521  0.000143  0.000000  0.000000  0.000000  2.000000  
135.882353 0.001450  0.085280  -0.038612  0.987530  0.143192  -0.065425  -0.137913  0.987278  0.079136  0.075925  -0.069126  0.994715  0.006484  -0.017573  0.000268  0.000000  0.000000  0.000000  2.000000  
135.883599 0.001458  0.085258  -0.038611  0.987502  0.143404  -0.065391  -0.138116  0.987239  0.079269  0.075925  -0.069247  0.994706  0.006406  -0.017636  0.000370  0.000000  0.000000  0.000000  2.000000  
135.884615 0.001464  0.085242  -0.038609  0.987502  0.143404  -0.065391  -0.138116  0.987239  0.079269  0.075925  -0.069247  0.994706  0.006374  -0.017589  0.000454  0.000000  0.000000  0.000000  2.000000  
135.885847 0.001472  0.085220  -0.038608  0.987473  0.143615  -0.065358  -0.138320  0.987200  0.079402  0.075925  -0.069367  0.994698  0.006361  -0.017593  0.000540  0.000000  0.000000  0.000000  2.000000  
135.886848 0.001478  0.085203  -0.038607  0.987473  0.143615  -0.065358  -0.138320  0.987200  0.079402  0.075925  -0.069367  0.994698  0.006322  -0.017538  0.000663  0.000000  0.000000  0.000000  2.000000  
135.888095 0.001485  0.085182  -0.038605  0.987445  0.143826  -0.065324  -0.138523  0.987160  0.079536  0.075925  -0.069488  0.994689  0.006286  -0.017467  0.000746  0.000000  0.000000  0.000000  2.000000  
135.889347 0.001493  0.085161  -0.038604  0.987445  0.143826  -0.065324  -0.138523  0.987160  0.079536  0.075925  -0.069488  0.994689  0.006285  -0.017408  0.000884  0.000000  0.000000  0.000000  2.000000  
135.890363 0.001499  0.085144  -0.038602  0.987416  0.144029  -0.065308  -0.138726  0.987131  0.079549  0.075925  -0.069488  0.994689  0.006265  -0.017308  0.001015  0.000000  0.000000  0.000000  2.000000  
135.891597 0.001507  0.085123  -0.038599  0.987416  0.144037  -0.065290  -0.138726  0.987121  0.079669  0.075925  -0.069609  0.994681  0.006256  -0.017227  0.001150  0.000000  0.000000  0.000000  2.000000  
135.892845 0.001514  0.085102  -0.038598  0.987387  0.144240  -0.065274  -0.138929  0.987091  0.079682  0.075925  -0.069609  0.994681  0.006212  -0.017160  0.001268  0.000000  0.000000  0.000000  2.000000  
135.894093 0.001522  0.085081  -0.038595  0.987349  0.144461  -0.065372  -0.139131  0.987051  0.079834  0.076058  -0.069729  0.994662  0.006188  -0.017116  0.001303  0.000000  0.000000  0.000000  2.000000  
135.895094 0.001528  0.085064  -0.038593  0.987320  0.144664  -0.065355  -0.139335  0.987021  0.079847  0.076058  -0.069729  0.994662  0.006155  -0.017068  0.001424  0.000000  0.000000  0.000000  2.000000  
135.896098 0.001535  0.085047  -0.038591  0.987320  0.144664  -0.065355  -0.139335  0.987021  0.079847  0.076058  -0.069729  0.994662  0.006170  -0.017037  0.001525  0.000000  0.000000  0.000000  2.000000  
135.897345 0.001542  0.085025  -0.038588  0.987291  0.144867  -0.065339  -0.139538  0.986991  0.079861  0.076058  -0.069729  0.994662  0.006147  -0.017014  0.001609  0.000000  0.000000  0.000000  2.000000  
135.898353 0.001549  0.085008  -0.038586  0.987263  0.145078  -0.065305  -0.139741  0.986952  0.079994  0.076058  -0.069849  0.994654  0.006153  -0.016951  0.001669  0.000000  0.000000  0.000000  2.000000  
135.899595 0.001556  0.084987  -0.038584  0.987234  0.145281  -0.065288  -0.139944  0.986922  0.080007  0.076058  -0.069849  0.994654  0.006153  -0.016966  0.001706  0.000000  0.000000  0.000000  2.000000  
135.900839 0.001564  0.084967  -0.038581  0.987205  0.145485  -0.065272  -0.140148  0.986892  0.080021  0.076058  -0.069849  0.994654  0.006111  -0.016904  0.001827  0.000000  0.000000  0.000000  2.000000  
135.901848 0.001570  0.084950  -0.038579  0.987176  0.145688  -0.065255  -0.140351  0.986862  0.080034  0.076058  -0.069849  0.994654  0.006125  -0.016854  0.001882  0.000000  0.000000  0.000000  2.000000  
135.902851 0.001576  0.084934  -0.038576  0.987186  0.145678  -0.065123  -0.140352  0.986863  0.080016  0.075925  -0.069850  0.994664  0.006142  -0.016821  0.001954  0.000000  0.000000  0.000000  2.000000  
135.904096 0.001583  0.084913  -0.038573  0.987157  0.145882  -0.065107  -0.140555  0.986833  0.080029  0.075925  -0.069850  0.994664  0.006108  -0.016780  0.002078  0.000000  0.000000  0.000000  2.000000  
135.905353 0.001591  0.084893  -0.038570  0.987128  0.146085  -0.065091  -0.140759  0.986803  0.080042  0.075925  -0.069850  0.994664  0.006093  -0.016754  0.002101  0.000000  0.000000  0.000000  2.000000  
135.906355 0.001597  0.084877  -0.038568  0.987099  0.146288  -0.065074  -0.140962  0.986773  0.080056  0.075925  -0.069850  0.994664  0.006086  -0.016653  0.002163  0.000000  0.000000  0.000000  2.000000  
135.907594 0.001604  0.084857  -0.038565  0.987070  0.146491  -0.065058  -0.141165  0.986743  0.080069  0.075925  -0.069850  0.994664  0.006057  -0.016602  0.002222  0.000000  0.000000  0.000000  2.000000  
135.908844 0.001611  0.084837  -0.038561  0.987041  0.146694  -0.065041  -0.141368  0.986713  0.080083  0.075925  -0.069850  0.994664  0.006017  -0.016538  0.002316  0.000000  0.000000  0.000000  2.000000  
135.910095 0.001618  0.084817  -0.038558  0.987012  0.146897  -0.065025  -0.141572  0.986682  0.080096  0.075925  -0.069850  0.994664  0.005971  -0.016433  0.002338  0.000000  0.000000  0.000000  2.000000  
135.911343 0.001625  0.084797  -0.038554  0.986983  0.147101  -0.065008  -0.141775  0.986652  0.080109  0.075925  -0.069850  0.994664  0.005942  -0.016391  0.002418  0.000000  0.000000  0.000000  2.000000  
135.912596 0.001632  0.084776  -0.038550  0.986954  0.147304  -0.064992  -0.141978  0.986622  0.080123  0.075925  -0.069850  0.994664  0.005892  -0.016307  0.002534  0.000000  0.000000  0.000000  2.000000  
135.913840 0.001640  0.084757  -0.038547  0.986925  0.147507  -0.064975  -0.142181  0.986591  0.080136  0.075925  -0.069850  0.994664  0.005856  -0.016236  0.002582  0.000000  0.000000  0.000000  2.000000  
135.915095 0.001647  0.084736  -0.038543  0.986895  0.147710  -0.064959  -0.142384  0.986561  0.080149  0.075925  -0.069850  0.994664  0.005833  -0.016203  0.002645  0.000000  0.000000  0.000000  2.000000  
135.916348 0.001654  0.084716  -0.038539  0.986866  0.147913  -0.064942  -0.142587  0.986531  0.080163  0.075925  -0.069850  0.994664  0.005796  -0.016140  0.002722  0.000000  0.000000  0.000000  2.000000  
135.917595 0.001661  0.084696  -0.038535  0.986837  0.148116  -0.064926  -0.142791  0.986500  0.080176  0.075925  -0.069850  0.994664  0.005779  -0.016121  0.002779  0.000000  0.000000  0.000000  2.000000  
135.918599 0.001667  0.084680  -0.038532  0.986807  0.148319  -0.064909  -0.142994  0.986470  0.080190  0.075925  -0.069850  0.994664  0.005791  -0.016074  0.002865  0.000000  0.000000  0.000000  2.000000  
135.919847 0.001674  0.084660  -0.038528  0.986778  0.148522  -0.064893  -0.143197  0.986439  0.080203  0.075925  -0.069850  0.994664  0.005781  -0.016054  0.002861  0.000000  0.000000  0.000000  2.000000  
135.920848 0.001680  0.084645  -0.038525  0.986748  0.148725  -0.064876  -0.143400  0.986409  0.080216  0.075925  -0.069850  0.994664  0.005766  -0.016033  0.002901  0.000000  0.000000  0.000000  2.000000  
135.922095 0.001687  0.084625  -0.038521  0.986758  0.148716  -0.064744  -0.143402  0.986410  0.080197  0.075791  -0.069851  0.994674  0.005748  -0.016011  0.002954  0.000000  0.000000  0.000000  2.000000  
135.923099 0.001693  0.084609  -0.038517  0.986729  0.148919  -0.064728  -0.143605  0.986379  0.080210  0.075791  -0.069851  0.994674  0.005773  -0.016008  0.003063  0.000000  0.000000  0.000000  2.000000  
135.924347 0.001700  0.084589  -0.038513  0.986699  0.149122  -0.064711  -0.143808  0.986349  0.080224  0.075791  -0.069851  0.994674  0.005780  -0.015946  0.003151  0.000000  0.000000  0.000000  2.000000  
135.925594 0.001707  0.084570  -0.038508  0.986669  0.149325  -0.064695  -0.144011  0.986318  0.080237  0.075791  -0.069851  0.994674  0.005762  -0.015928  0.003201  0.000000  0.000000  0.000000  2.000000  
135.926843 0.001714  0.084550  -0.038503  0.986640  0.149528  -0.064678  -0.144214  0.986287  0.080250  0.075791  -0.069851  0.994674  0.005752  -0.015931  0.003284  0.000000  0.000000  0.000000  2.000000  
135.928093 0.001722  0.084531  -0.038498  0.986610  0.149731  -0.064662  -0.144417  0.986256  0.080264  0.075791  -0.069851  0.994674  0.005754  -0.015865  0.003381  0.000000  0.000000  0.000000  2.000000  
135.929342 0.001729  0.084511  -0.038493  0.986580  0.149934  -0.064645  -0.144620  0.986225  0.080277  0.075791  -0.069851  0.994674  0.005766  -0.015833  0.003489  0.000000  0.000000  0.000000  2.000000  
135.930357 0.001734  0.084495  -0.038489  0.986550  0.150137  -0.064629  -0.144823  0.986195  0.080290  0.075791  -0.069851  0.994674  0.005743  -0.015780  0.003520  0.000000  0.000000  0.000000  2.000000  
135.931594 0.001742  0.084476  -0.038483  0.986521  0.150340  -0.064612  -0.145027  0.986164  0.080304  0.075791  -0.069851  0.994674  0.005756  -0.015753  0.003626  0.000000  0.000000  0.000000  2.000000  
135.932840 0.001749  0.084457  -0.038478  0.986491  0.150543  -0.064596  -0.145230  0.986133  0.080317  0.075791  -0.069851  0.994674  0.005719  -0.015705  0.003748  0.000000  0.000000  0.000000  2.000000  
135.933840 0.001754  0.084442  -0.038474  0.986461  0.150746  -0.064579  -0.145433  0.986102  0.080330  0.075791  -0.069851  0.994674  0.005723  -0.015642  0.003844  0.000000  0.000000  0.000000  2.000000  
135.934846 0.001760  0.084426  -0.038469  0.986431  0.150949  -0.064563  -0.145636  0.986071  0.080344  0.075791  -0.069851  0.994674  0.005739  -0.015615  0.003948  0.000000  0.000000  0.000000  2.000000  
135.935847 0.001766  0.084411  -0.038464  0.986401  0.151152  -0.064546  -0.145839  0.986039  0.080357  0.075791  -0.069851  0.994674  0.005711  -0.015589  0.004075  0.000000  0.000000  0.000000  2.000000  
135.936849 0.001772  0.084396  -0.038459  0.986381  0.151346  -0.064398  -0.146043  0.986010  0.080351  0.075658  -0.069851  0.994684  0.005712  -0.015505  0.004177  0.000000  0.000000  0.000000  2.000000  
135.938107 0.001779  0.084377  -0.038454  0.986351  0.151549  -0.064381  -0.146246  0.985979  0.080364  0.075658  -0.069851  0.994684  0.005758  -0.015429  0.004248  0.000000  0.000000  0.000000  2.000000  
135.939346 0.001786  0.084358  -0.038448  0.986321  0.151752  -0.064365  -0.146450  0.985947  0.080377  0.075658  -0.069851  0.994684  0.005736  -0.015406  0.004277  0.000000  0.000000  0.000000  2.000000  
135.940360 0.001792  0.084343  -0.038444  0.986290  0.151955  -0.064348  -0.146653  0.985916  0.080390  0.075658  -0.069851  0.994684  0.005749  -0.015333  0.004339  0.000000  0.000000  0.000000  2.000000  
135.941598 0.001799  0.084324  -0.038439  0.986240  0.152360  -0.064165  -0.147060  0.985845  0.080517  0.075524  -0.069973  0.994686  0.005761  -0.015274  0.004394  0.017698  -0.026032  0.177979  2.000000  
135.942847 0.001806  0.084306  -0.038433  0.986210  0.152563  -0.064148  -0.147263  0.985814  0.080530  0.075524  -0.069973  0.994686  0.005742  -0.015227  0.004384  0.017697  -0.026031  0.177974  2.000000  
135.943870 0.001812  0.084291  -0.038429  0.986179  0.152766  -0.064132  -0.147466  0.985782  0.080543  0.075524  -0.069973  0.994686  0.005740  -0.015128  0.004427  0.017686  -0.026014  0.177857  2.000000  
135.945097 0.001819  0.084272  -0.038423  0.986129  0.153162  -0.063967  -0.147874  0.985721  0.080550  0.075391  -0.069974  0.994696  0.005779  -0.015126  0.004452  0.018211  -0.031005  0.184567  2.000000  
135.946099 0.001825  0.084258  -0.038419  0.986098  0.153365  -0.063950  -0.148077  0.985689  0.080563  0.075391  -0.069974  0.994696  0.005752  -0.015057  0.004436  0.018212  -0.031006  0.184573  2.000000  
135.947345 0.001832  0.084239  -0.038414  0.986037  0.153771  -0.063917  -0.148483  0.985626  0.080589  0.075391  -0.069974  0.994696  0.005736  -0.015014  0.004428  0.018736  -0.031491  0.191464  2.000000  
135.948592 0.001839  0.084221  -0.038407  0.985986  0.154167  -0.063753  -0.148890  0.985564  0.080596  0.075257  -0.069974  0.994706  0.005758  -0.015006  0.004480  0.019091  -0.036166  0.196431  2.000000  
135.949595 0.001845  0.084206  -0.038403  0.985955  0.154378  -0.063717  -0.149093  0.985522  0.080729  0.075257  -0.070095  0.994697  0.005723  -0.014917  0.004457  0.023132  -0.036173  0.196402  2.000000  
135.950842 0.001852  0.084188  -0.038397  0.985894  0.154784  -0.063684  -0.149499  0.985459  0.080755  0.075257  -0.070095  0.994697  0.005697  -0.014846  0.004442  0.023653  -0.036658  0.203254  2.000000  
135.951848 0.001857  0.084174  -0.038393  0.985842  0.155180  -0.063519  -0.149907  0.985396  0.080761  0.075124  -0.070096  0.994707  0.005685  -0.014819  0.004437  0.024861  -0.037922  0.218663  2.000000  
135.952849 0.001863  0.084160  -0.038388  0.985811  0.155383  -0.063502  -0.150110  0.985364  0.080774  0.075124  -0.070096  0.994707  0.005663  -0.014730  0.004435  0.024864  -0.037927  0.218690  2.000000  
135.954099 0.001870  0.084142  -0.038383  0.985728  0.155982  -0.063321  -0.150720  0.985269  0.080793  0.074991  -0.070096  0.994718  0.005634  -0.014698  0.004455  0.025891  -0.043379  0.232124  2.000000  
135.955346 0.001877  0.084125  -0.038377  0.985676  0.156379  -0.063156  -0.151127  0.985207  0.080799  0.074857  -0.070097  0.994728  0.005633  -0.014584  0.004452  0.026179  -0.047951  0.236727  2.000000  
