1-Time 2-Px 3-Py 4-Pz 5-R11 6-R21 7-R31 8-R12 9-R22 10-R32 11-R13 12-R23 13-R33 14-Vx 15-Vy 16-Vz 17-Wx 18-Wy 19-Wz 20-state 21-PR11 22-PR21 23-PR31 24-PR12 25-PR22 26-PR32 27-PR13 28-PR23 29-PR33 
101.883797 0.010444  0.096372  -0.040206  0.986220  0.162598  -0.030521  -0.161826  0.986469  0.026272  0.034379  -0.020970  0.999189  0.001370  0.001308  0.001063  0.000000  0.000000  0.000000  2.000000  
101.884805 0.010446  0.096374  -0.040204  0.986220  0.162598  -0.030521  -0.161826  0.986469  0.026272  0.034379  -0.020970  0.999189  0.001397  0.001329  0.001035  0.000000  0.000000  0.000000  2.000000  
101.886061 0.010450  0.096375  -0.040203  0.986087  0.163414  -0.030479  -0.162638  0.986332  0.026416  0.034379  -0.021092  0.999186  0.001533  0.001329  0.001065  0.000000  0.000000  0.000000  2.000000  
101.887070 0.010454  0.096377  -0.040201  0.985919  0.164429  -0.030452  -0.163653  0.986163  0.026448  0.034379  -0.021092  0.999186  0.001705  0.001355  0.001069  0.000000  0.000000  0.000000  2.000000  
101.888303 0.010460  0.096379  -0.040199  0.985784  0.165245  -0.030410  -0.164465  0.986024  0.026592  0.034379  -0.021213  0.999184  0.001996  0.001331  0.001138  0.000000  0.000000  0.000000  2.000000  
101.889552 0.010466  0.096380  -0.040198  0.985682  0.165858  -0.030374  -0.165074  0.985919  0.026731  0.034379  -0.021334  0.999181  0.002275  0.001337  0.001111  0.000000  0.000000  0.000000  2.000000  
101.890802 0.010474  0.096382  -0.040196  0.985536  0.166679  -0.030595  -0.165884  0.985778  0.026920  0.034647  -0.021455  0.999169  0.002684  0.001358  0.001149  0.000000  0.000000  0.000000  2.000000  
101.891803 0.010479  0.096385  -0.040195  0.985356  0.167699  -0.030831  -0.166897  0.985605  0.026996  0.034914  -0.021455  0.999160  0.002964  0.001466  0.001123  0.030446  0.014332  0.173176  2.000000  
101.893055 0.010486  0.096388  -0.040193  0.985101  0.169132  -0.031167  -0.168314  0.985357  0.027227  0.035316  -0.021576  0.999143  0.003335  0.001544  0.001198  0.036245  0.026782  0.221852  2.000000  
101.894055 0.010492  0.096391  -0.040192  0.984917  0.170155  -0.031382  -0.169327  0.985178  0.027424  0.035583  -0.021697  0.999131  0.003663  0.001651  0.001151  0.041561  0.035025  0.256603  2.000000  
101.895300 0.010501  0.096395  -0.040192  0.984668  0.171582  -0.031453  -0.170745  0.984928  0.027612  0.035717  -0.021818  0.999124  0.004104  0.001811  0.001124  0.043286  0.038465  0.305163  2.000000  
101.896554 0.010509  0.096401  -0.040190  0.984416  0.173008  -0.031524  -0.172163  0.984676  0.027799  0.035850  -0.021939  0.999116  0.004577  0.002077  0.001171  0.049066  0.041892  0.353532  2.000000  
101.897801 0.010519  0.096406  -0.040187  0.984162  0.174433  -0.031594  -0.173581  0.984422  0.027987  0.035984  -0.022060  0.999109  0.005123  0.002370  0.001310  0.054439  0.044970  0.398856  2.000000  
101.898802 0.010528  0.096411  -0.040184  0.983942  0.175656  -0.031670  -0.174795  0.984202  0.028169  0.036118  -0.022181  0.999101  0.005613  0.002584  0.001461  0.060453  0.048918  0.443714  2.000000  
101.899823 0.010537  0.096415  -0.040180  0.983721  0.176878  -0.031745  -0.176010  0.983980  0.028351  0.036251  -0.022302  0.999094  0.006097  0.002795  0.001610  0.065981  0.052456  0.484966  2.000000  
101.901070 0.010549  0.096421  -0.040176  0.983488  0.178110  -0.032062  -0.177222  0.983752  0.028700  0.036653  -0.022544  0.999074  0.006605  0.003061  0.001775  0.075692  0.064969  0.526667  2.000000  
101.902071 0.010559  0.096427  -0.040173  0.983295  0.179132  -0.032274  -0.178233  0.983564  0.028900  0.036920  -0.022665  0.999061  0.007024  0.003327  0.001889  0.081056  0.073159  0.561319  2.000000  
101.903304 0.010572  0.096432  -0.040167  0.983097  0.180162  -0.032595  -0.179242  0.983370  0.029244  0.037321  -0.022907  0.999041  0.007503  0.003573  0.002129  0.090638  0.085889  0.596712  2.000000  
101.904552 0.010586  0.096436  -0.040161  0.982860  0.181393  -0.032909  -0.180454  0.983138  0.029595  0.037722  -0.023149  0.999020  0.007992  0.003697  0.002414  0.099625  0.097624  0.633521  2.000000  
101.905556 0.010598  0.096438  -0.040157  0.982706  0.182210  -0.032994  -0.181262  0.982984  0.029766  0.037856  -0.023270  0.999012  0.008435  0.003760  0.002635  0.101420  0.102167  0.666065  2.000000  
101.906803 0.010614  0.096441  -0.040151  0.982471  0.183438  -0.033175  -0.182474  0.982750  0.030093  0.038123  -0.023512  0.998996  0.009029  0.003736  0.002929  0.111221  0.110208  0.708101  2.000000  
101.907806 0.010626  0.096443  -0.040147  0.982311  0.184262  -0.033369  -0.183281  0.982590  0.030408  0.038391  -0.023754  0.998980  0.009490  0.003711  0.003147  0.120432  0.118451  0.735694  2.000000  
101.909055 0.010642  0.096444  -0.040139  0.982149  0.185081  -0.033584  -0.184088  0.982433  0.030604  0.038658  -0.023875  0.998967  0.009952  0.003522  0.003542  0.125606  0.126766  0.763486  2.000000  
101.910304 0.010658  0.096444  -0.040133  0.981992  0.185901  -0.033645  -0.184896  0.982272  0.030895  0.038792  -0.024118  0.998956  0.010535  0.003238  0.003969  0.134821  0.130544  0.791252  2.000000  
101.911550 0.010674  0.096444  -0.040128  0.981862  0.186521  -0.033997  -0.185499  0.982152  0.031109  0.039193  -0.024238  0.998938  0.010988  0.002900  0.004154  0.139848  0.143541  0.812463  2.000000  
101.912555 0.010686  0.096444  -0.040124  0.981743  0.187139  -0.034064  -0.186105  0.982028  0.031393  0.039327  -0.024481  0.998926  0.011350  0.002577  0.004257  0.148786  0.147433  0.833131  2.000000  
101.913803 0.010702  0.096444  -0.040119  0.981612  0.187764  -0.034393  -0.186708  0.981903  0.031727  0.039728  -0.024723  0.998905  0.011667  0.002206  0.004322  0.157907  0.160376  0.854372  2.000000  
101.915054 0.010718  0.096445  -0.040112  0.981524  0.188179  -0.034620  -0.187110  0.981821  0.031911  0.039995  -0.024843  0.998891  0.011959  0.001862  0.004520  0.161030  0.167777  0.854471  2.000000  
101.916298 0.010734  0.096445  -0.040106  0.981481  0.188393  -0.034699  -0.187311  0.981773  0.032181  0.040129  -0.025086  0.998880  0.012165  0.001467  0.004609  0.164385  0.172579  0.834143  2.000000  
101.917300 0.010746  0.096445  -0.040100  0.981393  0.188808  -0.034925  -0.187713  0.981691  0.032365  0.040396  -0.025207  0.998866  0.012297  0.001180  0.004717  0.163713  0.181860  0.813728  2.000000  
101.918305 0.010758  0.096446  -0.040095  0.981349  0.189022  -0.035004  -0.187914  0.981643  0.032635  0.040530  -0.025449  0.998854  0.012408  0.000908  0.004822  0.172521  0.188269  0.799947  2.000000  
101.919305 0.010768  0.096445  -0.040089  0.981305  0.189231  -0.035105  -0.188115  0.981600  0.032787  0.040664  -0.025570  0.998846  0.012373  0.000668  0.004935  0.172277  0.192790  0.792989  2.000000  
101.920555 0.010781  0.096444  -0.040081  0.981294  0.189242  -0.035345  -0.188113  0.981594  0.032956  0.040931  -0.025691  0.998832  0.012221  0.000423  0.005062  0.171447  0.193351  0.765373  2.000000  
101.921804 0.010793  0.096443  -0.040072  0.981283  0.189253  -0.035584  -0.188111  0.981589  0.033125  0.041198  -0.025811  0.998818  0.011939  0.000084  0.005281  0.170112  0.189740  0.723773  2.000000  
101.923055 0.010803  0.096441  -0.040064  0.981228  0.189470  -0.035948  -0.188310  0.981544  0.033327  0.041599  -0.025932  0.998798  0.011560  -0.000156  0.005439  0.172861  0.190664  0.682235  2.000000  
101.924055 0.010811  0.096440  -0.040056  0.981217  0.189481  -0.036188  -0.188308  0.981539  0.033497  0.041867  -0.026053  0.998783  0.011239  -0.000289  0.005538  0.170533  0.194152  0.649409  2.000000  
101.925056 0.010818  0.096439  -0.040050  0.981212  0.189485  -0.036319  -0.188307  0.981538  0.033522  0.042000  -0.026053  0.998778  0.010853  -0.000369  0.005602  0.166060  0.196865  0.606362  2.000000  
101.926058 0.010824  0.096437  -0.040044  0.981201  0.189496  -0.036559  -0.188305  0.981533  0.033691  0.042268  -0.026174  0.998763  0.010387  -0.000502  0.005714  0.164536  0.202256  0.564940  2.000000  
101.927064 0.010830  0.096435  -0.040039  0.981234  0.189297  -0.036697  -0.188102  0.981571  0.033709  0.042401  -0.026174  0.998758  0.009888  -0.000662  0.005804  0.158892  0.203201  0.523429  2.000000  
101.928305 0.010836  0.096432  -0.040032  0.981223  0.189304  -0.036959  -0.188100  0.981570  0.033759  0.042669  -0.026173  0.998746  0.009261  -0.000823  0.005918  0.152771  0.209044  0.468362  2.000000  
101.929557 0.010841  0.096430  -0.040027  0.981217  0.189312  -0.037068  -0.188098  0.981565  0.033903  0.042802  -0.026294  0.998737  0.008546  -0.000983  0.005834  0.151038  0.210329  0.420338  2.000000  
101.930800 0.010845  0.096428  -0.040023  0.981206  0.189324  -0.037307  -0.188096  0.981559  0.034073  0.043070  -0.026415  0.998723  0.007876  -0.001099  0.005711  0.144404  0.209234  0.382380  2.000000  
101.931803 0.010848  0.096427  -0.040021  0.981194  0.189331  -0.037569  -0.188094  0.981558  0.034123  0.043337  -0.026415  0.998711  0.007123  -0.001253  0.005529  0.139110  0.205594  0.348002  2.000000  
101.933053 0.010850  0.096425  -0.040017  0.981222  0.189140  -0.037816  -0.187890  0.981592  0.034285  0.043605  -0.026536  0.998696  0.006389  -0.001364  0.005263  0.133541  0.206620  0.307012  2.000000  
101.934307 0.010852  0.096423  -0.040013  0.981210  0.189147  -0.038079  -0.187888  0.981590  0.034335  0.043872  -0.026535  0.998685  0.005484  -0.001468  0.005050  0.124587  0.200425  0.260852  2.000000  
101.935309 0.010853  0.096421  -0.040010  0.981237  0.188957  -0.038325  -0.187684  0.981624  0.034496  0.044139  -0.026656  0.998670  0.004843  -0.001549  0.004818  0.122733  0.204297  0.231887  2.000000  
101.936556 0.010853  0.096419  -0.040008  0.981231  0.188960  -0.038456  -0.187682  0.981623  0.034522  0.044273  -0.026656  0.998664  0.004038  -0.001631  0.004346  0.113408  0.202283  0.184887  2.000000  
101.937803 0.010852  0.096416  -0.040006  0.981187  0.189166  -0.038581  -0.187883  0.981583  0.034555  0.044407  -0.026656  0.998658  0.003385  -0.001659  0.003930  0.103583  0.196677  0.162730  2.000000  
101.938803 0.010851  0.096414  -0.040004  0.981181  0.189169  -0.038712  -0.187882  0.981583  0.034580  0.044540  -0.026656  0.998652  0.002714  -0.001742  0.003569  0.099251  0.194513  0.136337  2.000000  
101.940054 0.010851  0.096412  -0.040000  0.981208  0.188974  -0.038981  -0.187678  0.981620  0.034622  0.044808  -0.026655  0.998640  0.002187  -0.001740  0.003372  0.089670  0.199859  0.101907  2.000000  
101.941055 0.010850  0.096411  -0.039997  0.981202  0.188978  -0.039113  -0.187677  0.981620  0.034647  0.044941  -0.026655  0.998634  0.001746  -0.001741  0.003164  0.084732  0.195865  0.081060  2.000000  
101.942058 0.010851  0.096411  -0.039993  0.981196  0.188981  -0.039244  -0.187676  0.981619  0.034672  0.045075  -0.026655  0.998628  0.001400  -0.001585  0.003069  0.075701  0.191848  0.060222  2.000000  
101.943300 0.010852  0.096411  -0.039988  0.981184  0.188988  -0.039506  -0.187673  0.981618  0.034722  0.045342  -0.026655  0.998616  0.001059  -0.001428  0.002928  0.070484  0.190662  0.046043  2.000000  
101.944555 0.010853  0.096411  -0.039984  0.981134  0.189192  -0.039785  -0.187873  0.981582  0.034662  0.045610  -0.026533  0.998607  0.000796  -0.001271  0.002928  0.058545  0.192391  0.039520  2.000000  
101.945559 0.010853  0.096411  -0.039979  0.981122  0.189199  -0.040047  -0.187871  0.981580  0.034712  0.045877  -0.026533  0.998595  0.000555  -0.001158  0.002981  0.054178  0.192558  0.032620  2.000000  
101.946800 0.010856  0.096411  -0.039975  0.981116  0.189203  -0.040178  -0.187870  0.981580  0.034737  0.046010  -0.026533  0.998589  0.000531  -0.001034  0.003028  0.045069  0.191364  0.018674  2.000000  
101.948053 0.010858  0.096411  -0.039972  0.981110  0.189206  -0.040309  -0.187868  0.981579  0.034762  0.046144  -0.026533  0.998582  0.000486  -0.000919  0.002957  0.040435  0.187267  0.004862  2.000000  
101.949303 0.010861  0.096411  -0.039969  0.981104  0.189210  -0.040441  -0.187867  0.981578  0.034787  0.046278  -0.026532  0.998576  0.000569  -0.000799  0.002873  0.032050  0.187451  -0.001969  2.000000  
101.950554 0.010864  0.096411  -0.039965  0.981091  0.189217  -0.040703  -0.187865  0.981577  0.034838  0.046545  -0.026532  0.998564  0.000730  -0.000668  0.002928  0.028004  0.187442  -0.001958  2.000000  
101.951564 0.010866  0.096411  -0.039963  0.981085  0.189220  -0.040834  -0.187864  0.981576  0.034863  0.046679  -0.026532  0.998558  0.000920  -0.000492  0.003088  0.024151  0.184447  -0.002080  2.000000  
101.952803 0.010871  0.096411  -0.039959  0.981118  0.189027  -0.040950  -0.187661  0.981610  0.034998  0.046812  -0.026653  0.998548  0.001290  -0.000305  0.003171  0.000000  0.000000  0.000000  2.000000  
101.953804 0.010874  0.096411  -0.039957  0.981112  0.189030  -0.041081  -0.187659  0.981610  0.035024  0.046946  -0.026653  0.998542  0.001570  -0.000199  0.003145  0.000000  0.000000  0.000000  2.000000  
101.954825 0.010879  0.096411  -0.039953  0.981105  0.189034  -0.041212  -0.187658  0.981609  0.035049  0.047080  -0.026653  0.998535  0.001891  -0.000092  0.003141  0.000000  0.000000  0.000000  2.000000  
101.956055 0.010885  0.096412  -0.039950  0.981061  0.189244  -0.041313  -0.187859  0.981565  0.035201  0.047213  -0.026774  0.998526  0.002274  0.000093  0.003153  0.000000  0.000000  0.000000  2.000000  
101.957066 0.010890  0.096413  -0.039946  0.981054  0.189248  -0.041445  -0.187858  0.981564  0.035226  0.047347  -0.026773  0.998520  0.002639  0.000200  0.003157  0.000000  0.000000  0.000000  2.000000  
101.958066 0.010896  0.096415  -0.039942  0.981048  0.189251  -0.041576  -0.187857  0.981564  0.035252  0.047481  -0.026773  0.998513  0.003011  0.000307  0.003137  0.000000  0.000000  0.000000  2.000000  
101.959302 0.010905  0.096418  -0.039936  0.981042  0.189255  -0.041707  -0.187856  0.981563  0.035277  0.047614  -0.026773  0.998507  0.003528  0.000494  0.003207  0.000000  0.000000  0.000000  2.000000  
101.960551 0.010914  0.096422  -0.039931  0.981029  0.189262  -0.041969  -0.187853  0.981562  0.035327  0.047882  -0.026773  0.998494  0.004037  0.000722  0.003260  0.000000  0.000000  0.000000  2.000000  
101.961556 0.010921  0.096426  -0.039925  0.981023  0.189265  -0.042101  -0.187852  0.981561  0.035352  0.048015  -0.026773  0.998488  0.004447  0.000974  0.003382  0.000000  0.000000  0.000000  2.000000  
101.962799 0.010931  0.096431  -0.039918  0.980972  0.189474  -0.042356  -0.188051  0.981521  0.035411  0.048283  -0.026772  0.998475  0.004970  0.001296  0.003658  0.000000  0.000000  0.000000  2.000000  
101.964055 0.010942  0.096435  -0.039911  0.980959  0.189481  -0.042618  -0.188049  0.981519  0.035461  0.048550  -0.026772  0.998462  0.005488  0.001617  0.003931  0.000000  0.000000  0.000000  2.000000  
101.965298 0.010952  0.096440  -0.039905  0.980914  0.189687  -0.042742  -0.188250  0.981480  0.035495  0.048683  -0.026772  0.998455  0.005896  0.001932  0.004130  0.000000  0.000000  0.000000  2.000000  
101.966300 0.010960  0.096444  -0.039899  0.980901  0.189689  -0.043027  -0.188247  0.981483  0.035427  0.048951  -0.026650  0.998446  0.006296  0.002222  0.004285  0.000000  0.000000  0.000000  2.000000  
101.967302 0.010968  0.096448  -0.039894  0.980856  0.189894  -0.043151  -0.188448  0.981443  0.035461  0.049084  -0.026650  0.998439  0.006611  0.002485  0.004438  0.000000  0.000000  0.000000  2.000000  
101.968306 0.010976  0.096453  -0.039889  0.980811  0.190100  -0.043275  -0.188649  0.981403  0.035495  0.049218  -0.026650  0.998432  0.006989  0.002821  0.004638  0.000000  0.000000  0.000000  2.000000  
101.969554 0.010987  0.096458  -0.039883  0.980759  0.190309  -0.043530  -0.188848  0.981362  0.035554  0.049485  -0.026649  0.998419  0.007320  0.003142  0.004748  0.000000  0.000000  0.000000  2.000000  
101.970557 0.010995  0.096463  -0.039880  0.980746  0.190316  -0.043793  -0.188846  0.981361  0.035605  0.049753  -0.026649  0.998406  0.007552  0.003461  0.004762  0.000000  0.000000  0.000000  2.000000  
101.971805 0.011005  0.096469  -0.039876  0.980694  0.190530  -0.044025  -0.189045  0.981316  0.035783  0.050020  -0.026770  0.998389  0.007828  0.003785  0.004748  0.000000  0.000000  0.000000  2.000000  
101.973056 0.011015  0.096476  -0.039872  0.980603  0.190941  -0.044272  -0.189446  0.981236  0.035852  0.050287  -0.026770  0.998376  0.007961  0.004037  0.004651  0.000000  0.000000  0.000000  2.000000  
101.974059 0.011024  0.096482  -0.039869  0.980550  0.191156  -0.044504  -0.189645  0.981191  0.036031  0.050554  -0.026890  0.998359  0.008062  0.004287  0.004527  0.000000  0.000000  0.000000  2.000000  
101.975302 0.011034  0.096489  -0.039865  0.980491  0.191368  -0.044890  -0.189843  0.981150  0.036116  0.050955  -0.026890  0.998339  0.008144  0.004529  0.004444  0.015449  0.172054  0.073175  2.000000  
101.976303 0.011042  0.096495  -0.039861  0.980439  0.191577  -0.045145  -0.190043  0.981109  0.036176  0.051222  -0.026889  0.998325  0.008157  0.004717  0.004366  0.015932  0.173299  0.080692  2.000000  
101.977557 0.011051  0.096503  -0.039856  0.980340  0.191992  -0.045523  -0.190442  0.981028  0.036271  0.051623  -0.026889  0.998305  0.008121  0.004901  0.004211  0.016497  0.180482  0.094000  2.000000  
101.978802 0.011060  0.096510  -0.039852  0.980287  0.192201  -0.045778  -0.190642  0.980987  0.036332  0.051891  -0.026888  0.998291  0.008053  0.005091  0.004037  0.016985  0.186217  0.101770  2.000000  
101.980049 0.011068  0.096517  -0.039848  0.980188  0.192616  -0.046156  -0.191041  0.980906  0.036427  0.052291  -0.026888  0.998270  0.007915  0.005215  0.003885  0.017549  0.193239  0.114876  2.000000  
101.981054 0.011075  0.096523  -0.039844  0.980096  0.193026  -0.046403  -0.191442  0.980825  0.036498  0.052559  -0.026887  0.998256  0.007771  0.005347  0.003762  0.018251  0.197336  0.128700  2.000000  
101.982056 0.011080  0.096529  -0.039841  0.980035  0.193239  -0.046789  -0.191640  0.980783  0.036584  0.052959  -0.026887  0.998235  0.007629  0.005480  0.003640  0.018631  0.206123  0.135824  2.000000  
101.983307 0.011087  0.096537  -0.039837  0.979975  0.193451  -0.047175  -0.191837  0.980741  0.036671  0.053360  -0.026886  0.998213  0.007394  0.005609  0.003464  0.015443  0.211919  0.150879  2.000000  
101.984324 0.011093  0.096543  -0.039833  0.979914  0.193664  -0.047561  -0.192035  0.980699  0.036757  0.053761  -0.026886  0.998192  0.007163  0.005750  0.003417  0.015820  0.220574  0.157919  2.000000  
101.985566 0.011099  0.096550  -0.039829  0.979807  0.194082  -0.048070  -0.192433  0.980617  0.036880  0.054296  -0.026885  0.998163  0.006941  0.005833  0.003390  0.016225  0.233910  0.165212  2.000000  
101.986807 0.011106  0.096558  -0.039825  0.979746  0.194294  -0.048455  -0.192630  0.980575  0.036967  0.054696  -0.026884  0.998141  0.006666  0.005917  0.003430  0.012555  0.242886  0.172502  2.000000  
101.988057 0.011112  0.096564  -0.039821  0.979677  0.194510  -0.048972  -0.192826  0.980532  0.037080  0.055231  -0.026884  0.998112  0.006365  0.005920  0.003488  0.012858  0.254060  0.178276  2.000000  
101.989304 0.011118  0.096572  -0.039818  0.979616  0.194723  -0.049357  -0.193024  0.980490  0.037168  0.055632  -0.026883  0.998089  0.006111  0.005920  0.003351  0.013379  0.260457  0.186767  2.000000  
101.990553 0.011123  0.096577  -0.039815  0.979554  0.194941  -0.049719  -0.193221  0.980443  0.037374  0.056032  -0.027003  0.998064  0.005782  0.005760  0.003198  0.017863  0.269226  0.193913  2.000000  
101.991555 0.011127  0.096582  -0.039813  0.979532  0.194952  -0.050112  -0.193217  0.980441  0.037452  0.056433  -0.027003  0.998041  0.005548  0.005679  0.003106  0.017764  0.275910  0.192542  2.000000  
101.992558 0.011132  0.096587  -0.039811  0.979470  0.195164  -0.050497  -0.193414  0.980399  0.037540  0.056834  -0.027002  0.998018  0.005328  0.005569  0.002972  0.017969  0.282619  0.194205  2.000000  
101.993803 0.011137  0.096591  -0.039809  0.979440  0.195179  -0.051021  -0.193408  0.980396  0.037643  0.057368  -0.027001  0.997988  0.005092  0.005412  0.002873  0.018051  0.291718  0.194517  2.000000  
101.994804 0.011140  0.096595  -0.039807  0.979417  0.195189  -0.051414  -0.193404  0.980394  0.037721  0.057769  -0.027001  0.997965  0.004899  0.005250  0.002750  0.018096  0.300636  0.194708  2.000000  
101.996049 0.011146  0.096599  -0.039804  0.979354  0.195402  -0.051799  -0.193601  0.980352  0.037809  0.058170  -0.027000  0.997942  0.004747  0.005035  0.002704  0.022046  0.307182  0.193383  2.000000  
101.997064 0.011150  0.096602  -0.039801  0.979331  0.195412  -0.052192  -0.193596  0.980349  0.037887  0.058570  -0.027000  0.997918  0.004604  0.004819  0.002601  0.021908  0.314251  0.188099  2.000000  
101.998301 0.011154  0.096606  -0.039798  0.979308  0.195423  -0.052585  -0.193592  0.980347  0.037964  0.058971  -0.026999  0.997895  0.004473  0.004589  0.002564  0.021416  0.320945  0.180043  2.000000  
101.999548 0.011159  0.096609  -0.039794  0.979277  0.195437  -0.053109  -0.193586  0.980345  0.038068  0.059505  -0.026998  0.997863  0.004342  0.004299  0.002518  0.021109  0.330017  0.173411  2.000000  
102.000548 0.011164  0.096612  -0.039791  0.979262  0.195444  -0.053371  -0.193582  0.980343  0.038120  0.059772  -0.026998  0.997847  0.004284  0.004145  0.002523  0.021155  0.330047  0.173424  2.000000  
102.001564 0.011168  0.096616  -0.039787  0.979278  0.195253  -0.053772  -0.193376  0.980381  0.038186  0.060173  -0.026997  0.997823  0.004212  0.003915  0.002561  0.016537  0.337476  0.161105  2.000000  
102.002805 0.011173  0.096619  -0.039783  0.979254  0.195257  -0.054189  -0.193371  0.980384  0.038145  0.060574  -0.026875  0.997802  0.004133  0.003704  0.002551  0.011749  0.342470  0.147444  2.000000  
102.004055 0.011178  0.096623  -0.039778  0.979230  0.195268  -0.054581  -0.193367  0.980382  0.038223  0.060974  -0.026875  0.997777  0.004087  0.003564  0.002661  0.007272  0.344290  0.139520  2.000000  
102.005056 0.011182  0.096626  -0.039776  0.979206  0.195278  -0.054974  -0.193362  0.980380  0.038300  0.061375  -0.026874  0.997753  0.004037  0.003384  0.002719  0.006995  0.347285  0.133750  2.000000  
102.006059 0.011185  0.096629  -0.039773  0.979230  0.195083  -0.055244  -0.193157  0.980418  0.038341  0.061642  -0.026873  0.997736  0.003957  0.003250  0.002762  0.006247  0.347619  0.119923  2.000000  
102.007066 0.011189  0.096632  -0.039770  0.979205  0.195094  -0.055637  -0.193152  0.980416  0.038418  0.062043  -0.026873  0.997712  0.003939  0.003169  0.002844  0.005837  0.353942  0.112353  2.000000  
102.008303 0.011194  0.096635  -0.039766  0.979181  0.195105  -0.056030  -0.193148  0.980414  0.038496  0.062443  -0.026872  0.997687  0.003905  0.003042  0.002907  0.005094  0.354282  0.098644  2.000000  
102.009303 0.011197  0.096638  -0.039762  0.979164  0.195112  -0.056292  -0.193144  0.980413  0.038547  0.062710  -0.026872  0.997670  0.003920  0.002988  0.003066  0.004769  0.352931  0.092439  2.000000  
102.010303 0.011202  0.096641  -0.039759  0.979148  0.195119  -0.056554  -0.193141  0.980411  0.038599  0.062977  -0.026871  0.997653  0.003938  0.002933  0.003122  0.003955  0.354824  0.078092  2.000000  
102.011308 0.011206  0.096644  -0.039756  0.979131  0.195126  -0.056816  -0.193138  0.980410  0.038651  0.063245  -0.026871  0.997636  0.003936  0.002932  0.003121  0.003610  0.353468  0.071714  2.000000  
102.012550 0.011211  0.096647  -0.039752  0.979106  0.195136  -0.057209  -0.193133  0.980408  0.038728  0.063645  -0.026870  0.997611  0.003980  0.002936  0.003196  0.003205  0.350772  0.064279  2.000000  
102.013798 0.011216  0.096650  -0.039749  0.979089  0.195143  -0.057471  -0.193130  0.980407  0.038780  0.063912  -0.026870  0.997594  0.003988  0.002914  0.003189  0.002441  0.345133  0.050768  2.000000  
102.014804 0.011221  0.096654  -0.039746  0.979073  0.195150  -0.057732  -0.193126  0.980405  0.038831  0.064179  -0.026869  0.997577  0.004045  0.002908  0.003135  0.002028  0.337959  0.043372  2.000000  
102.016049 0.011227  0.096657  -0.039742  0.979056  0.195164  -0.057971  -0.193123  0.980399  0.039002  0.064446  -0.026990  0.997556  0.004089  0.002913  0.003104  0.005679  0.333860  0.036442  2.000000  
102.017063 0.011232  0.096660  -0.039740  0.978999  0.195373  -0.058225  -0.193321  0.980357  0.039066  0.064713  -0.026989  0.997539  0.004159  0.002890  0.003048  0.005685  0.329264  0.036306  2.000000  
102.018068 0.011237  0.096664  -0.039737  0.978982  0.195380  -0.058486  -0.193318  0.980356  0.039117  0.064980  -0.026989  0.997522  0.004262  0.002959  0.003022  0.005322  0.327443  0.029558  2.000000  
102.019306 0.011244  0.096670  -0.039732  0.978965  0.195388  -0.058748  -0.193314  0.980355  0.039169  0.065247  -0.026988  0.997504  0.004361  0.003043  0.003086  0.000837  0.318760  0.022441  2.000000  
102.020554 0.011251  0.096674  -0.039727  0.978948  0.195395  -0.059010  -0.193311  0.980353  0.039221  0.065514  -0.026988  0.997487  0.004519  0.003098  0.003134  0.000421  0.314480  0.015417  2.000000  
102.021556 0.011257  0.096679  -0.039724  0.978899  0.195600  -0.059133  -0.193511  0.980312  0.039259  0.065648  -0.026988  0.997478  0.004636  0.003231  0.003162  0.000846  0.305304  0.022078  2.000000  
102.022803 0.011264  0.096685  -0.039719  0.978882  0.195614  -0.059371  -0.193507  0.980306  0.039430  0.065915  -0.027108  0.997457  0.004836  0.003395  0.003241  0.004465  0.298539  0.014948  2.000000  
102.023808 0.011269  0.096689  -0.039716  0.978834  0.195820  -0.059494  -0.193707  0.980265  0.039468  0.066048  -0.027108  0.997448  0.004925  0.003500  0.003202  0.004931  0.287315  0.021608  2.000000  
102.025055 0.011276  0.096695  -0.039713  0.978816  0.195827  -0.059756  -0.193704  0.980264  0.039519  0.066315  -0.027107  0.997430  0.005042  0.003661  0.003135  0.004936  0.282817  0.021485  2.000000  
102.026064 0.011282  0.096700  -0.039709  0.978768  0.196032  -0.059879  -0.193904  0.980223  0.039558  0.066449  -0.027107  0.997422  0.005191  0.003821  0.003184  0.004938  0.273741  0.021235  2.000000  
102.027065 0.011288  0.096706  -0.039706  0.978750  0.196047  -0.060117  -0.193900  0.980217  0.039728  0.066716  -0.027228  0.997400  0.005287  0.004006  0.003154  0.009018  0.269233  0.021128  2.000000  
102.028303 0.011296  0.096712  -0.039703  0.978701  0.196252  -0.060239  -0.194100  0.980175  0.039767  0.066849  -0.027227  0.997392  0.005497  0.004250  0.003196  0.009462  0.260197  0.027798  2.000000  
102.029553 0.011305  0.096719  -0.039699  0.978693  0.196263  -0.060346  -0.194098  0.980170  0.039912  0.066983  -0.027348  0.997379  0.005642  0.004439  0.003195  0.013544  0.251197  0.027568  2.000000  
102.030799 0.011313  0.096727  -0.039695  0.978635  0.196479  -0.060576  -0.194296  0.980123  0.040095  0.067250  -0.027469  0.997358  0.005802  0.004683  0.003215  0.017920  0.244480  0.034081  2.000000  
102.031800 0.011320  0.096732  -0.039692  0.978586  0.196685  -0.060699  -0.194496  0.980082  0.040133  0.067383  -0.027468  0.997349  0.005911  0.004840  0.003194  0.018806  0.235228  0.047537  2.000000  
102.032803 0.011327  0.096738  -0.039688  0.978577  0.196696  -0.060806  -0.194494  0.980076  0.040278  0.067517  -0.027589  0.997337  0.006028  0.004977  0.003271  0.026898  0.230725  0.047406  2.000000  
102.034050 0.011335  0.096745  -0.039684  0.978528  0.196908  -0.060905  -0.194694  0.980030  0.040436  0.067650  -0.027710  0.997324  0.006186  0.005135  0.003230  0.031397  0.221639  0.054027  2.000000  
102.035060 0.011343  0.096751  -0.039681  0.978479  0.197114  -0.061027  -0.194893  0.979989  0.040474  0.067784  -0.027710  0.997315  0.006312  0.005270  0.003204  0.032109  0.214238  0.061115  2.000000  
102.036060 0.011349  0.096758  -0.039677  0.978439  0.197323  -0.060995  -0.195095  0.979943  0.040606  0.067784  -0.027831  0.997312  0.006385  0.005403  0.003207  0.037089  0.200355  0.074554  2.000000  
102.037076 0.011357  0.096764  -0.039673  0.978430  0.197334  -0.061102  -0.195093  0.979938  0.040751  0.067917  -0.027951  0.997299  0.006467  0.005506  0.003214  0.041157  0.195750  0.074401  2.000000  
102.038157 0.011364  0.096770  -0.039670  0.978381  0.197547  -0.061200  -0.195293  0.979891  0.040908  0.068051  -0.028072  0.997287  0.006523  0.005582  0.003161  0.045579  0.186076  0.080846  2.000000  
102.039303 0.011372  0.096778  -0.039665  0.978341  0.197756  -0.061168  -0.195494  0.979846  0.041040  0.068051  -0.028193  0.997283  0.006698  0.005768  0.003286  0.000000  0.000000  0.000000  2.000000  
102.040553 0.011381  0.096786  -0.039660  0.978292  0.197969  -0.061266  -0.195694  0.979799  0.041197  0.068184  -0.028314  0.997271  0.006793  0.005892  0.003382  0.000000  0.000000  0.000000  2.000000  
102.041555 0.011388  0.096793  -0.039656  0.978243  0.198182  -0.061365  -0.195893  0.979753  0.041355  0.068318  -0.028434  0.997258  0.006870  0.006000  0.003483  0.000000  0.000000  0.000000  2.000000  
102.042801 0.011396  0.096801  -0.039651  0.978162  0.198592  -0.061323  -0.196296  0.979666  0.041499  0.068318  -0.028555  0.997255  0.006909  0.006109  0.003514  0.000000  0.000000  0.000000  2.000000  
102.043864 0.011404  0.096808  -0.039647  0.978112  0.198805  -0.061422  -0.196496  0.979619  0.041657  0.068451  -0.028676  0.997242  0.006921  0.006165  0.003626  0.000000  0.000000  0.000000  2.000000  
102.045049 0.011412  0.096816  -0.039641  0.978072  0.199014  -0.061389  -0.196697  0.979573  0.041788  0.068451  -0.028797  0.997239  0.006959  0.006277  0.003763  0.000000  0.000000  0.000000  2.000000  
102.046056 0.011419  0.096823  -0.039636  0.978022  0.199227  -0.061487  -0.196897  0.979527  0.041946  0.068585  -0.028918  0.997226  0.006985  0.006352  0.003870  0.000000  0.000000  0.000000  2.000000  
102.047064 0.011426  0.096830  -0.039632  0.977982  0.199444  -0.061430  -0.197098  0.979475  0.042196  0.068585  -0.029160  0.997219  0.006991  0.006404  0.003975  0.000000  0.000000  0.000000  2.000000  
102.048303 0.011435  0.096838  -0.039627  0.977932  0.199657  -0.061528  -0.197297  0.979428  0.042354  0.068718  -0.029280  0.997206  0.006982  0.006464  0.003983  0.000000  0.000000  0.000000  2.000000  
102.049303 0.011442  0.096844  -0.039623  0.977892  0.199873  -0.061471  -0.197499  0.979377  0.042604  0.068718  -0.029522  0.997199  0.006960  0.006490  0.004068  0.000000  0.000000  0.000000  2.000000  
102.050548 0.011450  0.096852  -0.039617  0.977801  0.200288  -0.061559  -0.197900  0.979289  0.042775  0.068852  -0.029643  0.997186  0.006977  0.006547  0.004130  0.000000  0.000000  0.000000  2.000000  
102.051564 0.011457  0.096858  -0.039612  0.977760  0.200504  -0.061502  -0.198101  0.979237  0.043025  0.068852  -0.029885  0.997179  0.006963  0.006518  0.004213  0.000000  0.000000  0.000000  2.000000  
102.052807 0.011466  0.096865  -0.039607  0.977711  0.200725  -0.061575  -0.198300  0.979184  0.043302  0.068985  -0.030126  0.997163  0.006985  0.006513  0.004322  0.113109  0.098626  0.168568  2.000000  
102.054061 0.011475  0.096872  -0.039602  0.977620  0.201147  -0.061639  -0.198701  0.979090  0.043591  0.069119  -0.030368  0.997146  0.006923  0.006387  0.004329  0.121766  0.093914  0.175351  2.000000  
102.055304 0.011483  0.096879  -0.039595  0.977538  0.201565  -0.061572  -0.199104  0.978997  0.043854  0.069119  -0.030610  0.997139  0.006897  0.006337  0.004409  0.130890  0.084510  0.188916  2.000000  
102.056554 0.011492  0.096886  -0.039590  0.977488  0.201786  -0.061645  -0.199303  0.978944  0.044131  0.069252  -0.030852  0.997122  0.006915  0.006235  0.004414  0.135002  0.084482  0.188943  2.000000  
102.057556 0.011498  0.096892  -0.039585  0.977447  0.202002  -0.061587  -0.199504  0.978891  0.044381  0.069252  -0.031093  0.997114  0.006885  0.006150  0.004489  0.143627  0.075254  0.195557  2.000000  
102.058803 0.011507  0.096898  -0.039580  0.977355  0.202424  -0.061650  -0.199905  0.978797  0.044671  0.069386  -0.031335  0.997098  0.006888  0.006076  0.004486  0.148220  0.075025  0.202494  2.000000  
102.060050 0.011515  0.096905  -0.039574  0.977264  0.202846  -0.061714  -0.200305  0.978701  0.044960  0.069519  -0.031577  0.997081  0.006819  0.005913  0.004485  0.155604  0.074191  0.207708  2.000000  
102.061305 0.011523  0.096912  -0.039569  0.977223  0.203063  -0.061655  -0.200506  0.978649  0.045211  0.069519  -0.031819  0.997073  0.006779  0.005805  0.004456  0.161422  0.070051  0.216160  2.000000  
102.062550 0.011531  0.096918  -0.039562  0.977131  0.203492  -0.061693  -0.200907  0.978548  0.045619  0.069653  -0.032181  0.997052  0.006712  0.005687  0.004552  0.170143  0.065317  0.223005  2.000000  
102.063552 0.011537  0.096924  -0.039557  0.977080  0.203713  -0.061765  -0.201106  0.978494  0.045896  0.069786  -0.032423  0.997035  0.006656  0.005608  0.004563  0.176805  0.069196  0.221260  2.000000  
102.064798 0.011544  0.096930  -0.039552  0.976988  0.204135  -0.061827  -0.201507  0.978398  0.046186  0.069920  -0.032664  0.997018  0.006572  0.005505  0.004555  0.181397  0.068967  0.228174  2.000000  
102.065803 0.011550  0.096934  -0.039547  0.976947  0.204351  -0.061768  -0.201708  0.978344  0.046436  0.069920  -0.032906  0.997010  0.006504  0.005381  0.004612  0.185909  0.064251  0.234869  2.000000  
102.067064 0.011557  0.096941  -0.039541  0.976855  0.204781  -0.061805  -0.202108  0.978242  0.046844  0.070053  -0.033269  0.996988  0.006402  0.005303  0.004645  0.194552  0.064000  0.241789  2.000000  
102.068308 0.011564  0.096947  -0.039535  0.976804  0.205002  -0.061876  -0.202307  0.978188  0.047121  0.070187  -0.033510  0.996971  0.006316  0.005242  0.004678  0.199778  0.064694  0.236878  2.000000  
102.069556 0.011571  0.096952  -0.039529  0.976711  0.205431  -0.061913  -0.202708  0.978085  0.047530  0.070320  -0.033873  0.996949  0.006161  0.005113  0.004639  0.208381  0.064402  0.243719  2.000000  
102.070802 0.011577  0.096958  -0.039523  0.976618  0.205861  -0.061949  -0.203108  0.977982  0.047938  0.070453  -0.034235  0.996927  0.006071  0.005085  0.004669  0.215265  0.068063  0.248734  2.000000  
102.071803 0.011582  0.096962  -0.039519  0.976535  0.206279  -0.061879  -0.203510  0.977886  0.048201  0.070453  -0.034477  0.996919  0.005946  0.004986  0.004701  0.219791  0.063340  0.255435  2.000000  
102.072805 0.011588  0.096967  -0.039514  0.976484  0.206500  -0.061950  -0.203709  0.977831  0.048478  0.070587  -0.034718  0.996901  0.005864  0.004955  0.004651  0.225701  0.068312  0.257699  2.000000  
102.074053 0.011594  0.096973  -0.039509  0.976390  0.206929  -0.061985  -0.204109  0.977727  0.048887  0.070720  -0.035081  0.996879  0.005745  0.004901  0.004660  0.232437  0.067467  0.262429  2.000000  
102.075055 0.011600  0.096978  -0.039504  0.976306  0.207354  -0.061889  -0.204511  0.977624  0.049268  0.070720  -0.035444  0.996866  0.005645  0.004821  0.004661  0.243001  0.063242  0.271357  2.000000  
102.076055 0.011605  0.096983  -0.039500  0.976213  0.207777  -0.061949  -0.204911  0.977525  0.049558  0.070854  -0.035685  0.996848  0.005596  0.004822  0.004682  0.245561  0.066913  0.276143  2.000000  
102.077066 0.011610  0.096988  -0.039495  0.976161  0.208005  -0.061994  -0.205110  0.977463  0.049954  0.070987  -0.036047  0.996826  0.005509  0.004790  0.004676  0.251569  0.071843  0.278462  2.000000  
102.078299 0.011616  0.096994  -0.039489  0.976077  0.208430  -0.061897  -0.205512  0.977359  0.050335  0.070987  -0.036410  0.996812  0.005403  0.004744  0.004690  0.258244  0.066547  0.283060  2.000000  
102.079301 0.011621  0.096998  -0.039485  0.975983  0.208852  -0.061956  -0.205912  0.977260  0.050625  0.071121  -0.036652  0.996794  0.005338  0.004688  0.004619  0.258727  0.070705  0.290048  2.000000  
102.080303 0.011626  0.097003  -0.039480  0.975898  0.209277  -0.061860  -0.206314  0.977156  0.051006  0.071121  -0.037014  0.996781  0.005275  0.004714  0.004633  0.269008  0.066716  0.292277  2.000000  
102.081568 0.011632  0.097009  -0.039474  0.975803  0.209707  -0.061893  -0.206714  0.977050  0.051415  0.071254  -0.037377  0.996758  0.005220  0.004710  0.004649  0.273525  0.066375  0.299102  2.000000  
102.082800 0.011638  0.097015  -0.039468  0.975718  0.210139  -0.061770  -0.207115  0.976938  0.051914  0.071254  -0.037860  0.996739  0.005155  0.004692  0.004639  0.280002  0.065526  0.303681  2.000000  
102.083800 0.011643  0.097019  -0.039463  0.975624  0.210561  -0.061828  -0.207515  0.976838  0.052205  0.071388  -0.038102  0.996721  0.005143  0.004720  0.004634  0.284055  0.069926  0.303832  2.000000  
102.084815 0.011649  0.097024  -0.039458  0.975538  0.210986  -0.061729  -0.207917  0.976732  0.052585  0.071388  -0.038464  0.996707  0.005117  0.004741  0.004641  0.290851  0.065647  0.312961  2.000000  
102.085816 0.011654  0.097029  -0.039453  0.975452  0.211411  -0.061631  -0.208318  0.976626  0.052966  0.071388  -0.038827  0.996693  0.005062  0.004741  0.004707  0.294961  0.061062  0.312837  2.000000  
102.087072 0.011660  0.097035  -0.039446  0.975314  0.212049  -0.061625  -0.208919  0.976468  0.053506  0.071521  -0.039310  0.996664  0.005085  0.004766  0.004771  0.304050  0.064943  0.326748  2.000000  
102.088303 0.011667  0.097042  -0.039440  0.975228  0.212481  -0.061500  -0.209320  0.976355  0.054005  0.071521  -0.039794  0.996645  0.005119  0.004801  0.004844  0.312412  0.060369  0.326809  2.000000  
102.089557 0.011674  0.097048  -0.039433  0.975099  0.213113  -0.061364  -0.209923  0.976197  0.054517  0.071521  -0.040278  0.996626  0.005100  0.004827  0.004883  0.317399  0.055223  0.340375  2.000000  
102.090803 0.011680  0.097054  -0.039427  0.974969  0.213746  -0.061226  -0.210525  0.976039  0.055028  0.071521  -0.040761  0.996606  0.005110  0.004803  0.004938  0.326068  0.054853  0.347322  2.000000  
102.092061 0.011687  0.097060  -0.039421  0.974795  0.214587  -0.061051  -0.211328  0.975829  0.055670  0.071521  -0.041365  0.996581  0.005102  0.004831  0.004957  0.339710  0.049438  0.367787  2.000000  
102.093300 0.011693  0.097066  -0.039413  0.974664  0.215219  -0.060912  -0.211930  0.975669  0.056181  0.071521  -0.041849  0.996561  0.005131  0.004831  0.005051  0.345628  0.044204  0.371579  2.000000  
102.094548 0.011700  0.097072  -0.039406  0.974533  0.215858  -0.060746  -0.212532  0.975501  0.056811  0.071521  -0.042453  0.996535  0.005131  0.004833  0.005119  0.354652  0.043504  0.385248  2.000000  
102.095548 0.011705  0.097076  -0.039401  0.974402  0.216490  -0.060606  -0.213133  0.975340  0.057321  0.071521  -0.042937  0.996514  0.005137  0.004806  0.005169  0.363253  0.038648  0.391937  2.000000  
102.096551 0.011709  0.097080  -0.039395  0.974270  0.217122  -0.060465  -0.213735  0.975178  0.057832  0.071521  -0.043420  0.996494  0.005146  0.004787  0.005272  0.372407  0.033529  0.405534  2.000000  
102.097551 0.011714  0.097084  -0.039389  0.974147  0.217748  -0.060194  -0.214339  0.975017  0.058314  0.071388  -0.043904  0.996482  0.005112  0.004730  0.005343  0.381414  0.028392  0.419032  2.000000  
102.098799 0.011720  0.097090  -0.039382  0.973970  0.218587  -0.060013  -0.215141  0.974802  0.058955  0.071388  -0.044509  0.996455  0.005102  0.004731  0.005433  0.394614  0.023224  0.432626  2.000000  
102.099827 0.011725  0.097095  -0.039375  0.973837  0.219218  -0.059870  -0.215743  0.974638  0.059464  0.071388  -0.044992  0.996433  0.005056  0.004669  0.005532  0.402165  0.018449  0.442591  2.000000  
102.101071 0.011730  0.097100  -0.039367  0.973615  0.220272  -0.059622  -0.216745  0.974361  0.060353  0.071388  -0.045838  0.996395  0.005026  0.004620  0.005660  0.419948  0.012857  0.463080  2.000000  
102.102311 0.011736  0.097105  -0.039358  0.973445  0.221104  -0.059308  -0.217549  0.974144  0.060964  0.071254  -0.046443  0.996376  0.004945  0.004569  0.005805  0.429232  0.003090  0.476677  2.000000  
