1-Time 2-Px 3-Py 4-Pz 5-R11 6-R21 7-R31 8-R12 9-R22 10-R32 11-R13 12-R23 13-R33 14-Vx 15-Vy 16-Vz 17-Wx 18-Wy 19-Wz 20-state 21-PR11 22-PR21 23-PR31 24-PR12 25-PR22 26-PR32 27-PR13 28-PR23 29-PR33 
60.822249 0.002343  0.088898  -0.008342  0.994427  0.065783  -0.082381  -0.066018  0.997818  -0.000123  0.082193  0.005561  0.996601  -0.000248  -0.000132  0.000057  0.000000  0.000000  0.000000  2.000000  
60.823259 0.002343  0.088897  -0.008342  0.994427  0.065783  -0.082381  -0.066018  0.997818  -0.000123  0.082193  0.005561  0.996601  -0.000245  -0.000159  0.000068  0.000000  0.000000  0.000000  2.000000  
60.824519 0.002342  0.088895  -0.008342  0.994403  0.065988  -0.082514  -0.066222  0.997805  -0.000097  0.082327  0.005561  0.996590  -0.000277  -0.000306  0.000069  0.000000  0.000000  0.000000  2.000000  
60.825772 0.002341  0.088891  -0.008343  0.994342  0.066397  -0.082913  -0.066629  0.997778  -0.000036  0.082727  0.005561  0.996557  -0.000343  -0.000557  0.000016  0.000000  0.000000  0.000000  2.000000  
60.827006 0.002340  0.088887  -0.008343  0.994320  0.066395  -0.083179  -0.066628  0.997778  -0.000018  0.082993  0.005560  0.996535  -0.000327  -0.000785  -0.000022  0.000000  0.000000  0.000000  2.000000  
60.828009 0.002340  0.088884  -0.008343  0.994284  0.066599  -0.083446  -0.066831  0.997764  0.000017  0.083260  0.005560  0.996512  -0.000344  -0.000980  -0.000001  0.000000  0.000000  0.000000  2.000000  
60.829259 0.002340  0.088880  -0.008343  0.994223  0.067018  -0.083836  -0.067238  0.997737  0.000199  0.083660  0.005439  0.996480  -0.000333  -0.001230  0.000005  0.000000  0.000000  0.000000  2.000000  
60.830511 0.002340  0.088877  -0.008342  0.994148  0.067632  -0.084235  -0.067850  0.997696  0.000278  0.084060  0.005439  0.996446  -0.000327  -0.001497  0.000057  0.000000  0.000000  0.000000  2.000000  
60.831761 0.002340  0.088873  -0.008342  0.994098  0.068041  -0.084501  -0.068257  0.997668  0.000331  0.084327  0.005439  0.996423  -0.000285  -0.001719  0.000082  0.000000  0.000000  0.000000  2.000000  
60.832763 0.002340  0.088870  -0.008344  0.994036  0.068450  -0.084900  -0.068664  0.997640  0.000393  0.084727  0.005439  0.996389  -0.000289  -0.001931  -0.000065  0.000000  0.000000  0.000000  2.000000  
60.833770 0.002339  0.088867  -0.008346  0.993973  0.068848  -0.085307  -0.069071  0.997612  0.000335  0.085127  0.005559  0.996355  -0.000353  -0.002116  -0.000217  0.000000  0.000000  0.000000  2.000000  
60.835009 0.002338  0.088864  -0.008348  0.993896  0.069462  -0.085706  -0.069683  0.997569  0.000416  0.085527  0.005559  0.996320  -0.000399  -0.002274  -0.000316  0.000000  0.000000  0.000000  2.000000  
60.836258 0.002337  0.088862  -0.008350  0.993822  0.069870  -0.086238  -0.070089  0.997541  0.000488  0.086060  0.005559  0.996274  -0.000450  -0.002464  -0.000503  0.000000  0.000000  0.000000  2.000000  
60.837510 0.002335  0.088857  -0.008352  0.993747  0.070277  -0.086769  -0.070495  0.997512  0.000562  0.086593  0.005559  0.996228  -0.000539  -0.002708  -0.000697  0.000000  0.000000  0.000000  2.000000  
60.838513 0.002334  0.088853  -0.008355  0.993668  0.070891  -0.087168  -0.071106  0.997469  0.000644  0.086993  0.005558  0.996193  -0.000548  -0.002945  -0.000901  0.014617  0.167296  0.171382  2.000000  
60.839757 0.002333  0.088848  -0.008357  0.993604  0.071300  -0.087566  -0.071513  0.997439  0.000708  0.087393  0.005558  0.996158  -0.000593  -0.003102  -0.000999  0.015702  0.179469  0.183664  2.000000  
60.840762 0.002332  0.088844  -0.008357  0.993539  0.071708  -0.087965  -0.071919  0.997410  0.000773  0.087793  0.005558  0.996123  -0.000561  -0.003124  -0.000954  0.017038  0.194437  0.198808  2.000000  
60.842005 0.002332  0.088838  -0.008357  0.993474  0.072117  -0.088363  -0.072326  0.997381  0.000839  0.088192  0.005558  0.996088  -0.000598  -0.003288  -0.000908  0.018261  0.208059  0.212574  2.000000  
60.843011 0.002331  0.088833  -0.008356  0.993424  0.072320  -0.088762  -0.072528  0.997366  0.000886  0.088592  0.005558  0.996052  -0.000603  -0.003432  -0.000813  0.018888  0.221520  0.219321  2.000000  
60.844254 0.002332  0.088826  -0.008354  0.993347  0.072727  -0.089293  -0.072933  0.997336  0.000961  0.089125  0.005557  0.996005  -0.000550  -0.003639  -0.000721  0.020149  0.239793  0.233207  2.000000  
60.845256 0.002333  0.088820  -0.008352  0.993284  0.072930  -0.089825  -0.073134  0.997322  0.001019  0.089658  0.005557  0.995957  -0.000482  -0.003821  -0.000653  0.020793  0.257668  0.239848  2.000000  
60.846511 0.002334  0.088813  -0.008349  0.993233  0.073133  -0.090223  -0.073336  0.997307  0.001067  0.090058  0.005557  0.995921  -0.000439  -0.004030  -0.000493  0.021432  0.271128  0.246600  2.000000  
60.847756 0.002335  0.088806  -0.008347  0.993197  0.073131  -0.090622  -0.073333  0.997307  0.001096  0.090458  0.005557  0.995885  -0.000335  -0.004261  -0.000225  0.021487  0.284689  0.246584  2.000000  
60.849011 0.002337  0.088799  -0.008345  0.993145  0.073323  -0.091029  -0.073535  0.997292  0.001023  0.090858  0.005677  0.995848  -0.000095  -0.004559  0.000089  0.018055  0.298170  0.253326  2.000000  
60.850257 0.002340  0.088792  -0.008342  0.993118  0.073527  -0.091162  -0.073739  0.997277  0.001052  0.090991  0.005677  0.995836  0.000178  -0.004839  0.000392  0.018692  0.298281  0.260278  2.000000  
60.851258 0.002342  0.088786  -0.008340  0.993106  0.073515  -0.091304  -0.073738  0.997277  0.000941  0.091124  0.005798  0.995823  0.000347  -0.005009  0.000649  0.014632  0.302780  0.260220  2.000000  
60.852258 0.002344  0.088781  -0.008338  0.993094  0.073515  -0.091436  -0.073737  0.997277  0.000951  0.091257  0.005798  0.995810  0.000553  -0.005158  0.000966  0.014654  0.307368  0.260271  2.000000  
60.853260 0.002346  0.088775  -0.008335  0.993097  0.073309  -0.091569  -0.073531  0.997292  0.000942  0.091391  0.005798  0.995798  0.000754  -0.005293  0.001364  0.014067  0.311751  0.253287  2.000000  
60.854523 0.002348  0.088769  -0.008331  0.993084  0.073297  -0.091711  -0.073531  0.997293  0.000831  0.091524  0.005919  0.995785  0.001044  -0.005358  0.001778  0.008833  0.307037  0.239383  2.000000  
60.855758 0.002351  0.088762  -0.008326  0.993087  0.073091  -0.091844  -0.073325  0.997308  0.000822  0.091657  0.005919  0.995773  0.001210  -0.005474  0.002059  0.007620  0.300263  0.223985  2.000000  
60.856763 0.002352  0.088757  -0.008322  0.993087  0.073091  -0.091844  -0.073325  0.997308  0.000822  0.091657  0.005919  0.995773  0.001409  -0.005495  0.002354  0.007709  0.293574  0.225752  2.000000  
60.858006 0.002355  0.088750  -0.008317  0.993102  0.072885  -0.091844  -0.073121  0.997323  0.000803  0.091657  0.005919  0.995773  0.001552  -0.005515  0.002551  0.006477  0.282219  0.210316  2.000000  
60.859006 0.002357  0.088745  -0.008313  0.993117  0.072680  -0.091845  -0.072916  0.997338  0.000784  0.091657  0.005919  0.995773  0.001710  -0.005476  0.002754  0.000676  0.270969  0.191493  2.000000  
60.860008 0.002359  0.088739  -0.008310  0.993132  0.072475  -0.091845  -0.072712  0.997353  0.000765  0.091657  0.005919  0.995773  0.001750  -0.005515  0.002845  -0.001120  0.261787  0.170816  2.000000  
60.861257 0.002361  0.088732  -0.008305  0.993147  0.072269  -0.091845  -0.072507  0.997368  0.000746  0.091657  0.005919  0.995773  0.001849  -0.005531  0.003015  -0.003521  0.248155  0.143330  2.000000  
60.862505 0.002363  0.088725  -0.008299  0.993162  0.072064  -0.091845  -0.072303  0.997382  0.000727  0.091657  0.005919  0.995773  0.001912  -0.005516  0.003229  -0.005288  0.237118  0.121715  2.000000  
60.863508 0.002366  0.088720  -0.008293  0.993189  0.071859  -0.091712  -0.072099  0.997397  0.000699  0.091524  0.005919  0.995785  0.001966  -0.005488  0.003505  -0.003045  0.219149  0.101284  2.000000  
60.864525 0.002368  0.088714  -0.008287  0.993204  0.071643  -0.091721  -0.071895  0.997412  0.000559  0.091524  0.006039  0.995785  0.001996  -0.005434  0.003791  -0.008889  0.205637  0.080832  2.000000  
60.865759 0.002370  0.088708  -0.008280  0.993219  0.071438  -0.091721  -0.071690  0.997427  0.000540  0.091524  0.006039  0.995785  0.001953  -0.005444  0.004052  -0.010778  0.184743  0.060956  2.000000  
60.866762 0.002372  0.088702  -0.008275  0.993234  0.071232  -0.091721  -0.071486  0.997441  0.000521  0.091524  0.006039  0.995785  0.001928  -0.005416  0.004282  -0.012612  0.171119  0.040355  2.000000  
60.867763 0.002373  0.088697  -0.008270  0.993246  0.071233  -0.091588  -0.071487  0.997441  0.000511  0.091391  0.006039  0.995797  0.001915  -0.005399  0.004450  0.000000  0.000000  0.000000  2.000000  
60.869006 0.002375  0.088690  -0.008264  0.993246  0.071222  -0.091597  -0.071487  0.997441  0.000390  0.091391  0.006160  0.995796  0.001864  -0.005395  0.004558  0.000000  0.000000  0.000000  2.000000  
60.870007 0.002376  0.088684  -0.008260  0.993273  0.071017  -0.091464  -0.071283  0.997456  0.000362  0.091257  0.006160  0.995808  0.001784  -0.005461  0.004597  0.000000  0.000000  0.000000  2.000000  
60.871008 0.002377  0.088679  -0.008257  0.993273  0.071017  -0.091464  -0.071283  0.997456  0.000362  0.091257  0.006160  0.995808  0.001745  -0.005462  0.004568  0.000000  0.000000  0.000000  2.000000  
60.872258 0.002379  0.088673  -0.008253  0.993285  0.071018  -0.091331  -0.071284  0.997456  0.000352  0.091124  0.006160  0.995820  0.001672  -0.005442  0.004503  0.000000  0.000000  0.000000  2.000000  
60.873510 0.002380  0.088666  -0.008249  0.993285  0.071018  -0.091331  -0.071284  0.997456  0.000352  0.091124  0.006160  0.995820  0.001590  -0.005428  0.004401  0.000000  0.000000  0.000000  2.000000  
60.874521 0.002381  0.088660  -0.008247  0.993285  0.071018  -0.091331  -0.071284  0.997456  0.000352  0.091124  0.006160  0.995820  0.001512  -0.005398  0.004326  0.000000  0.000000  0.000000  2.000000  
60.875770 0.002381  0.088654  -0.008243  0.993285  0.071018  -0.091331  -0.071284  0.997456  0.000352  0.091124  0.006160  0.995820  0.001418  -0.005351  0.004246  0.000000  0.000000  0.000000  2.000000  
60.877006 0.002382  0.088647  -0.008239  0.993273  0.071029  -0.091456  -0.071283  0.997456  0.000483  0.091257  0.006040  0.995809  0.001342  -0.005343  0.004152  0.000000  0.000000  0.000000  2.000000  
60.878006 0.002382  0.088642  -0.008236  0.993273  0.071029  -0.091456  -0.071283  0.997456  0.000483  0.091257  0.006040  0.995809  0.001189  -0.005302  0.003975  0.000000  0.000000  0.000000  2.000000  
60.879254 0.002384  0.088636  -0.008232  0.993273  0.071029  -0.091456  -0.071283  0.997456  0.000483  0.091257  0.006040  0.995809  0.001081  -0.005270  0.003808  0.000000  0.000000  0.000000  2.000000  
60.880254 0.002384  0.088631  -0.008229  0.993273  0.071029  -0.091456  -0.071283  0.997456  0.000483  0.091257  0.006040  0.995809  0.000991  -0.005280  0.003652  0.000000  0.000000  0.000000  2.000000  
60.881258 0.002385  0.088626  -0.008226  0.993258  0.071234  -0.091456  -0.071488  0.997441  0.000502  0.091257  0.006040  0.995809  0.000953  -0.005296  0.003492  0.000000  0.000000  0.000000  2.000000  
60.882524 0.002386  0.088619  -0.008223  0.993246  0.071233  -0.091588  -0.071487  0.997441  0.000511  0.091391  0.006039  0.995797  0.000883  -0.005262  0.003190  0.000000  0.000000  0.000000  2.000000  
60.883760 0.002388  0.088613  -0.008220  0.993246  0.071233  -0.091588  -0.071487  0.997441  0.000511  0.091391  0.006039  0.995797  0.000880  -0.005233  0.003003  0.000000  0.000000  0.000000  2.000000  
60.884763 0.002389  0.088608  -0.008217  0.993234  0.071232  -0.091721  -0.071486  0.997441  0.000521  0.091524  0.006039  0.995785  0.000883  -0.005168  0.002903  0.000000  0.000000  0.000000  2.000000  
60.886005 0.002391  0.088602  -0.008214  0.993234  0.071232  -0.091721  -0.071486  0.997441  0.000521  0.091524  0.006039  0.995785  0.000947  -0.005139  0.002837  0.000000  0.000000  0.000000  2.000000  
60.887007 0.002393  0.088597  -0.008212  0.993221  0.071231  -0.091854  -0.071485  0.997442  0.000531  0.091657  0.006039  0.995772  0.000996  -0.005097  0.002777  0.000000  0.000000  0.000000  2.000000  
60.888010 0.002395  0.088592  -0.008210  0.993221  0.071231  -0.091854  -0.071485  0.997442  0.000531  0.091657  0.006039  0.995772  0.001071  -0.005043  0.002753  0.000000  0.000000  0.000000  2.000000  
60.889257 0.002398  0.088587  -0.008206  0.993194  0.071436  -0.091987  -0.071689  0.997427  0.000559  0.091790  0.006039  0.995760  0.001202  -0.004994  0.002740  0.000000  0.000000  0.000000  2.000000  
60.890258 0.002401  0.088582  -0.008204  0.993194  0.071436  -0.091987  -0.071689  0.997427  0.000559  0.091790  0.006039  0.995760  0.001370  -0.004934  0.002737  0.000000  0.000000  0.000000  2.000000  
60.891511 0.002404  0.088576  -0.008201  0.993194  0.071436  -0.091987  -0.071689  0.997427  0.000559  0.091790  0.006039  0.995760  0.001479  -0.004918  0.002680  0.000000  0.000000  0.000000  2.000000  
60.892757 0.002407  0.088570  -0.008199  0.993182  0.071446  -0.092111  -0.071688  0.997427  0.000690  0.091924  0.005918  0.995748  0.001658  -0.004890  0.002540  0.000000  0.000000  0.000000  2.000000  
60.893759 0.002409  0.088565  -0.008197  0.993182  0.071446  -0.092111  -0.071688  0.997427  0.000690  0.091924  0.005918  0.995748  0.001699  -0.004916  0.002435  0.000000  0.000000  0.000000  2.000000  
60.895006 0.002411  0.088559  -0.008195  0.993185  0.071240  -0.092244  -0.071482  0.997442  0.000680  0.092057  0.005918  0.995736  0.001837  -0.004889  0.002268  0.000000  0.000000  0.000000  2.000000  
60.896258 0.002414  0.088552  -0.008194  0.993185  0.071240  -0.092244  -0.071482  0.997442  0.000680  0.092057  0.005918  0.995736  0.001918  -0.004880  0.002151  0.000000  0.000000  0.000000  2.000000  
60.897504 0.002417  0.088546  -0.008191  0.993185  0.071240  -0.092244  -0.071482  0.997442  0.000680  0.092057  0.005918  0.995736  0.002016  -0.004869  0.002133  0.000000  0.000000  0.000000  2.000000  
60.898505 0.002418  0.088542  -0.008189  0.993172  0.071239  -0.092377  -0.071481  0.997442  0.000690  0.092190  0.005918  0.995724  0.002050  -0.004819  0.002106  0.000000  0.000000  0.000000  2.000000  
60.899514 0.002421  0.088538  -0.008186  0.993172  0.071239  -0.092377  -0.071481  0.997442  0.000690  0.092190  0.005918  0.995724  0.002112  -0.004771  0.002146  0.000000  0.000000  0.000000  2.000000  
60.900761 0.002423  0.088532  -0.008182  0.993172  0.071239  -0.092377  -0.071481  0.997442  0.000690  0.092190  0.005918  0.995724  0.002178  -0.004700  0.002179  0.000000  0.000000  0.000000  2.000000  
60.902009 0.002426  0.088527  -0.008179  0.993172  0.071239  -0.092377  -0.071481  0.997442  0.000690  0.092190  0.005918  0.995724  0.002197  -0.004673  0.002234  0.000000  0.000000  0.000000  2.000000  
60.903257 0.002428  0.088522  -0.008175  0.993172  0.071239  -0.092377  -0.071481  0.997442  0.000690  0.092190  0.005918  0.995724  0.002125  -0.004641  0.002223  0.000000  0.000000  0.000000  2.000000  
60.904259 0.002429  0.088518  -0.008173  0.993172  0.071239  -0.092377  -0.071481  0.997442  0.000690  0.092190  0.005918  0.995724  0.002040  -0.004622  0.002196  0.000000  0.000000  0.000000  2.000000  
60.905511 0.002431  0.088512  -0.008170  0.993160  0.071239  -0.092510  -0.071481  0.997442  0.000699  0.092323  0.005918  0.995712  0.001965  -0.004613  0.002230  0.000000  0.000000  0.000000  2.000000  
60.906520 0.002432  0.088508  -0.008168  0.993160  0.071239  -0.092510  -0.071481  0.997442  0.000699  0.092323  0.005918  0.995712  0.001888  -0.004591  0.002166  0.000000  0.000000  0.000000  2.000000  
60.907756 0.002433  0.088502  -0.008166  0.993160  0.071239  -0.092510  -0.071481  0.997442  0.000699  0.092323  0.005918  0.995712  0.001758  -0.004557  0.002196  0.000000  0.000000  0.000000  2.000000  
60.909003 0.002434  0.088496  -0.008164  0.993160  0.071239  -0.092510  -0.071481  0.997442  0.000699  0.092323  0.005918  0.995712  0.001635  -0.004525  0.002232  0.000000  0.000000  0.000000  2.000000  
60.910007 0.002434  0.088491  -0.008162  0.993175  0.071045  -0.092502  -0.071276  0.997456  0.000801  0.092323  0.005797  0.995712  0.001476  -0.004495  0.002244  0.000000  0.000000  0.000000  2.000000  
60.911259 0.002434  0.088485  -0.008160  0.993160  0.071250  -0.092501  -0.071481  0.997442  0.000820  0.092323  0.005797  0.995712  0.001345  -0.004439  0.002271  0.000000  0.000000  0.000000  2.000000  
60.912509 0.002434  0.088480  -0.008157  0.993160  0.071250  -0.092501  -0.071481  0.997442  0.000820  0.092323  0.005797  0.995712  0.001188  -0.004430  0.002286  0.000000  0.000000  0.000000  2.000000  
60.913763 0.002435  0.088474  -0.008155  0.993160  0.071250  -0.092501  -0.071481  0.997442  0.000820  0.092323  0.005797  0.995712  0.001060  -0.004437  0.002235  0.000000  0.000000  0.000000  2.000000  
60.915006 0.002436  0.088469  -0.008153  0.993160  0.071250  -0.092501  -0.071481  0.997442  0.000820  0.092323  0.005797  0.995712  0.000910  -0.004436  0.002110  0.000000  0.000000  0.000000  2.000000  
60.916012 0.002436  0.088465  -0.008151  0.993160  0.071250  -0.092501  -0.071481  0.997442  0.000820  0.092323  0.005797  0.995712  0.000826  -0.004414  0.002042  0.000000  0.000000  0.000000  2.000000  
60.917258 0.002437  0.088460  -0.008149  0.993160  0.071250  -0.092501  -0.071481  0.997442  0.000820  0.092323  0.005797  0.995712  0.000697  -0.004373  0.001901  0.000000  0.000000  0.000000  2.000000  
60.918513 0.002437  0.088455  -0.008148  0.993160  0.071250  -0.092501  -0.071481  0.997442  0.000820  0.092323  0.005797  0.995712  0.000600  -0.004401  0.001823  0.000000  0.000000  0.000000  2.000000  
60.919761 0.002438  0.088450  -0.008146  0.993160  0.071250  -0.092501  -0.071481  0.997442  0.000820  0.092323  0.005797  0.995712  0.000552  -0.004337  0.001693  0.000000  0.000000  0.000000  2.000000  
60.921008 0.002439  0.088445  -0.008144  0.993175  0.071045  -0.092502  -0.071276  0.997456  0.000801  0.092323  0.005797  0.995712  0.000506  -0.004311  0.001691  0.000000  0.000000  0.000000  2.000000  
60.922009 0.002440  0.088441  -0.008142  0.993175  0.071033  -0.092510  -0.071276  0.997456  0.000680  0.092323  0.005918  0.995712  0.000477  -0.004263  0.001669  0.000000  0.000000  0.000000  2.000000  
60.923009 0.002440  0.088438  -0.008140  0.993175  0.071033  -0.092510  -0.071276  0.997456  0.000680  0.092323  0.005918  0.995712  0.000473  -0.004159  0.001692  0.000000  0.000000  0.000000  2.000000  
60.924256 0.002441  0.088433  -0.008138  0.993175  0.071033  -0.092510  -0.071276  0.997456  0.000680  0.092323  0.005918  0.995712  0.000496  -0.004067  0.001684  0.000000  0.000000  0.000000  2.000000  
60.925258 0.002442  0.088430  -0.008136  0.993175  0.071033  -0.092510  -0.071276  0.997456  0.000680  0.092323  0.005918  0.995712  0.000549  -0.003990  0.001676  0.000000  0.000000  0.000000  2.000000  
60.926513 0.002443  0.088426  -0.008135  0.993175  0.071033  -0.092510  -0.071276  0.997456  0.000680  0.092323  0.005918  0.995712  0.000584  -0.003900  0.001596  0.000000  0.000000  0.000000  2.000000  
60.927761 0.002444  0.088421  -0.008133  0.993175  0.071033  -0.092510  -0.071276  0.997456  0.000680  0.092323  0.005918  0.995712  0.000618  -0.003810  0.001515  0.000000  0.000000  0.000000  2.000000  
60.929006 0.002445  0.088418  -0.008132  0.993175  0.071033  -0.092510  -0.071276  0.997456  0.000680  0.092323  0.005918  0.995712  0.000684  -0.003694  0.001454  0.000000  0.000000  0.000000  2.000000  
60.930254 0.002447  0.088414  -0.008131  0.993175  0.071033  -0.092510  -0.071276  0.997456  0.000680  0.092323  0.005918  0.995712  0.000766  -0.003571  0.001356  0.000000  0.000000  0.000000  2.000000  
60.931258 0.002448  0.088412  -0.008130  0.993175  0.071033  -0.092510  -0.071276  0.997456  0.000680  0.092323  0.005918  0.995712  0.000782  -0.003498  0.001355  0.000000  0.000000  0.000000  2.000000  
60.932516 0.002449  0.088408  -0.008129  0.993175  0.071033  -0.092510  -0.071276  0.997456  0.000680  0.092323  0.005918  0.995712  0.000825  -0.003363  0.001321  0.000000  0.000000  0.000000  2.000000  
60.933759 0.002451  0.088405  -0.008128  0.993175  0.071033  -0.092510  -0.071276  0.997456  0.000680  0.092323  0.005918  0.995712  0.000870  -0.003219  0.001285  0.000000  0.000000  0.000000  2.000000  
60.934766 0.002452  0.088404  -0.008126  0.993175  0.071033  -0.092510  -0.071276  0.997456  0.000680  0.092323  0.005918  0.995712  0.000903  -0.003070  0.001283  0.000000  0.000000  0.000000  2.000000  
60.936008 0.002453  0.088401  -0.008125  0.993175  0.071033  -0.092510  -0.071276  0.997456  0.000680  0.092323  0.005918  0.995712  0.000935  -0.002922  0.001281  0.000000  0.000000  0.000000  2.000000  
60.937008 0.002454  0.088399  -0.008123  0.993175  0.071033  -0.092510  -0.071276  0.997456  0.000680  0.092323  0.005918  0.995712  0.000967  -0.002776  0.001279  0.000000  0.000000  0.000000  2.000000  
60.938258 0.002455  0.088397  -0.008122  0.993175  0.071033  -0.092510  -0.071276  0.997456  0.000680  0.092323  0.005918  0.995712  0.000988  -0.002635  0.001180  0.000000  0.000000  0.000000  2.000000  
60.939506 0.002456  0.088395  -0.008120  0.993175  0.071033  -0.092510  -0.071276  0.997456  0.000680  0.092323  0.005918  0.995712  0.000968  -0.002492  0.001185  0.000000  0.000000  0.000000  2.000000  
60.940510 0.002456  0.088393  -0.008119  0.993175  0.071033  -0.092510  -0.071276  0.997456  0.000680  0.092323  0.005918  0.995712  0.000951  -0.002390  0.001108  0.000000  0.000000  0.000000  2.000000  
60.941511 0.002457  0.088392  -0.008119  0.993175  0.071033  -0.092510  -0.071276  0.997456  0.000680  0.092323  0.005918  0.995712  0.000913  -0.002278  0.001060  0.000000  0.000000  0.000000  2.000000  
60.942757 0.002458  0.088390  -0.008117  0.993175  0.071033  -0.092510  -0.071276  0.997456  0.000680  0.092323  0.005918  0.995712  0.000917  -0.002081  0.001073  0.000000  0.000000  0.000000  2.000000  
60.943761 0.002458  0.088389  -0.008117  0.993175  0.071033  -0.092510  -0.071276  0.997456  0.000680  0.092323  0.005918  0.995712  0.000874  -0.001965  0.001065  0.000000  0.000000  0.000000  2.000000  
60.945004 0.002459  0.088388  -0.008115  0.993175  0.071033  -0.092510  -0.071276  0.997456  0.000680  0.092323  0.005918  0.995712  0.000804  -0.001829  0.001076  0.000000  0.000000  0.000000  2.000000  
60.946254 0.002459  0.088386  -0.008114  0.993175  0.071033  -0.092510  -0.071276  0.997456  0.000680  0.092323  0.005918  0.995712  0.000721  -0.001674  0.001119  0.000000  0.000000  0.000000  2.000000  
60.947509 0.002459  0.088385  -0.008113  0.993175  0.071033  -0.092510  -0.071276  0.997456  0.000680  0.092323  0.005918  0.995712  0.000651  -0.001523  0.001128  0.000000  0.000000  0.000000  2.000000  
60.948756 0.002459  0.088384  -0.008112  0.993175  0.071033  -0.092510  -0.071276  0.997456  0.000680  0.092323  0.005918  0.995712  0.000532  -0.001425  0.001064  0.000000  0.000000  0.000000  2.000000  
60.949762 0.002459  0.088384  -0.008111  0.993175  0.071033  -0.092510  -0.071276  0.997456  0.000680  0.092323  0.005918  0.995712  0.000464  -0.001330  0.000995  0.000000  0.000000  0.000000  2.000000  
60.951011 0.002459  0.088383  -0.008110  0.993175  0.071033  -0.092510  -0.071276  0.997456  0.000680  0.092323  0.005918  0.995712  0.000366  -0.001178  0.000946  0.000000  0.000000  0.000000  2.000000  
60.952011 0.002458  0.088382  -0.008110  0.993175  0.071033  -0.092510  -0.071276  0.997456  0.000680  0.092323  0.005918  0.995712  0.000273  -0.001132  0.000866  0.000000  0.000000  0.000000  2.000000  
60.953258 0.002458  0.088381  -0.008109  0.993175  0.071033  -0.092510  -0.071276  0.997456  0.000680  0.092323  0.005918  0.995712  0.000152  -0.001033  0.000802  0.000000  0.000000  0.000000  2.000000  
60.954259 0.002458  0.088381  -0.008109  0.993175  0.071033  -0.092510  -0.071276  0.997456  0.000680  0.092323  0.005918  0.995712  0.000121  -0.000935  0.000761  0.000000  0.000000  0.000000  2.000000  
60.955511 0.002458  0.088381  -0.008108  0.993175  0.071033  -0.092510  -0.071276  0.997456  0.000680  0.092323  0.005918  0.995712  0.000071  -0.000809  0.000745  0.000000  0.000000  0.000000  2.000000  
60.956760 0.002457  0.088381  -0.008107  0.993175  0.071033  -0.092510  -0.071276  0.997456  0.000680  0.092323  0.005918  0.995712  -0.000017  -0.000729  0.000754  0.000000  0.000000  0.000000  2.000000  
60.958005 0.002457  0.088381  -0.008105  0.993175  0.071033  -0.092510  -0.071276  0.997456  0.000680  0.092323  0.005918  0.995712  -0.000072  -0.000613  0.000771  0.000000  0.000000  0.000000  2.000000  
60.959008 0.002456  0.088380  -0.008105  0.993175  0.071033  -0.092510  -0.071276  0.997456  0.000680  0.092323  0.005918  0.995712  -0.000187  -0.000548  0.000729  0.000000  0.000000  0.000000  2.000000  
60.960257 0.002456  0.088381  -0.008104  0.993175  0.071033  -0.092510  -0.071276  0.997456  0.000680  0.092323  0.005918  0.995712  -0.000219  -0.000464  0.000721  0.000000  0.000000  0.000000  2.000000  
60.961510 0.002455  0.088381  -0.008103  0.993175  0.071033  -0.092510  -0.071276  0.997456  0.000680  0.092323  0.005918  0.995712  -0.000254  -0.000388  0.000726  0.000000  0.000000  0.000000  2.000000  
60.962516 0.002455  0.088381  -0.008102  0.993175  0.071033  -0.092510  -0.071276  0.997456  0.000680  0.092323  0.005918  0.995712  -0.000302  -0.000292  0.000731  0.000000  0.000000  0.000000  2.000000  
60.963759 0.002455  0.088381  -0.008101  0.993175  0.071033  -0.092510  -0.071276  0.997456  0.000680  0.092323  0.005918  0.995712  -0.000294  -0.000194  0.000722  0.000000  0.000000  0.000000  2.000000  
60.965006 0.002454  0.088382  -0.008100  0.993175  0.071033  -0.092510  -0.071276  0.997456  0.000680  0.092323  0.005918  0.995712  -0.000323  -0.000115  0.000713  0.000000  0.000000  0.000000  2.000000  
60.966011 0.002454  0.088382  -0.008099  0.993187  0.071034  -0.092377  -0.071277  0.997456  0.000671  0.092190  0.005918  0.995724  -0.000365  -0.000040  0.000730  0.000000  0.000000  0.000000  2.000000  
60.967256 0.002453  0.088383  -0.008099  0.993187  0.071034  -0.092377  -0.071277  0.997456  0.000671  0.092190  0.005918  0.995724  -0.000355  0.000038  0.000752  0.000000  0.000000  0.000000  2.000000  
60.968259 0.002453  0.088383  -0.008097  0.993187  0.071034  -0.092377  -0.071277  0.997456  0.000671  0.092190  0.005918  0.995724  -0.000326  0.000142  0.000817  0.000000  0.000000  0.000000  2.000000  
60.969510 0.002453  0.088384  -0.008096  0.993187  0.071034  -0.092377  -0.071277  0.997456  0.000671  0.092190  0.005918  0.995724  -0.000311  0.000193  0.000848  0.000000  0.000000  0.000000  2.000000  
60.970519 0.002453  0.088385  -0.008094  0.993187  0.071023  -0.092386  -0.071277  0.997456  0.000550  0.092190  0.006039  0.995723  -0.000312  0.000274  0.000895  0.000000  0.000000  0.000000  2.000000  
60.971759 0.002453  0.088385  -0.008093  0.993187  0.071023  -0.092386  -0.071277  0.997456  0.000550  0.092190  0.006039  0.995723  -0.000296  0.000323  0.000925  0.000000  0.000000  0.000000  2.000000  
60.973008 0.002453  0.088386  -0.008092  0.993172  0.071228  -0.092386  -0.071481  0.997442  0.000569  0.092190  0.006039  0.995723  -0.000225  0.000375  0.000944  0.000000  0.000000  0.000000  2.000000  
60.974256 0.002453  0.088387  -0.008091  0.993172  0.071228  -0.092386  -0.071481  0.997442  0.000569  0.092190  0.006039  0.995723  -0.000198  0.000418  0.000938  0.000000  0.000000  0.000000  2.000000  
60.975510 0.002453  0.088387  -0.008089  0.993172  0.071228  -0.092386  -0.071481  0.997442  0.000569  0.092190  0.006039  0.995723  -0.000155  0.000439  0.000923  0.000000  0.000000  0.000000  2.000000  
60.976758 0.002453  0.088388  -0.008088  0.993185  0.071229  -0.092253  -0.071482  0.997442  0.000559  0.092057  0.006039  0.995735  -0.000124  0.000464  0.000942  0.000000  0.000000  0.000000  2.000000  
60.978006 0.002453  0.088389  -0.008086  0.993185  0.071229  -0.092253  -0.071482  0.997442  0.000559  0.092057  0.006039  0.995735  -0.000087  0.000522  0.001049  0.000000  0.000000  0.000000  2.000000  
60.979009 0.002454  0.088389  -0.008085  0.993185  0.071229  -0.092253  -0.071482  0.997442  0.000559  0.092057  0.006039  0.995735  -0.000037  0.000528  0.001061  0.000000  0.000000  0.000000  2.000000  
60.980254 0.002454  0.088390  -0.008083  0.993185  0.071229  -0.092253  -0.071482  0.997442  0.000559  0.092057  0.006039  0.995735  0.000013  0.000573  0.001117  0.000000  0.000000  0.000000  2.000000  
60.981262 0.002454  0.088391  -0.008082  0.993185  0.071229  -0.092253  -0.071482  0.997442  0.000559  0.092057  0.006039  0.995735  0.000039  0.000578  0.001180  0.000000  0.000000  0.000000  2.000000  
60.982514 0.002454  0.088391  -0.008080  0.993197  0.071230  -0.092120  -0.071483  0.997442  0.000550  0.091924  0.006039  0.995748  0.000078  0.000589  0.001229  0.000000  0.000000  0.000000  2.000000  
60.983758 0.002454  0.088392  -0.008079  0.993197  0.071230  -0.092120  -0.071483  0.997442  0.000550  0.091924  0.006039  0.995748  0.000077  0.000579  0.001209  0.000000  0.000000  0.000000  2.000000  
60.984764 0.002454  0.088393  -0.008077  0.993182  0.071435  -0.092120  -0.071688  0.997427  0.000569  0.091924  0.006039  0.995748  0.000047  0.000563  0.001210  0.000000  0.000000  0.000000  2.000000  
60.986008 0.002454  0.088393  -0.008076  0.993182  0.071435  -0.092120  -0.071688  0.997427  0.000569  0.091924  0.006039  0.995748  0.000067  0.000535  0.001185  0.000000  0.000000  0.000000  2.000000  
60.987009 0.002454  0.088393  -0.008075  0.993194  0.071425  -0.091996  -0.071689  0.997427  0.000438  0.091790  0.006160  0.995759  0.000036  0.000509  0.001166  0.000000  0.000000  0.000000  2.000000  
60.988258 0.002454  0.088394  -0.008074  0.993194  0.071425  -0.091996  -0.071689  0.997427  0.000438  0.091790  0.006160  0.995759  0.000043  0.000485  0.001176  0.000000  0.000000  0.000000  2.000000  
60.989258 0.002454  0.088394  -0.008073  0.993194  0.071425  -0.091996  -0.071689  0.997427  0.000438  0.091790  0.006160  0.995759  0.000051  0.000461  0.001187  0.000000  0.000000  0.000000  2.000000  
60.990514 0.002453  0.088394  -0.008071  0.993194  0.071425  -0.091996  -0.071689  0.997427  0.000438  0.091790  0.006160  0.995759  -0.000006  0.000443  0.001237  0.000000  0.000000  0.000000  2.000000  
60.991759 0.002453  0.088394  -0.008069  0.993207  0.071426  -0.091863  -0.071690  0.997427  0.000428  0.091657  0.006160  0.995772  -0.000038  0.000417  0.001217  0.000000  0.000000  0.000000  2.000000  
60.992759 0.002452  0.088394  -0.008068  0.993207  0.071426  -0.091863  -0.071690  0.997427  0.000428  0.091657  0.006160  0.995772  -0.000062  0.000368  0.001207  0.000000  0.000000  0.000000  2.000000  
60.993762 0.002452  0.088395  -0.008066  0.993204  0.071632  -0.091730  -0.071895  0.997412  0.000438  0.091524  0.006160  0.995784  -0.000088  0.000375  0.001277  0.000000  0.000000  0.000000  2.000000  
60.995011 0.002452  0.088395  -0.008065  0.993204  0.071621  -0.091739  -0.071895  0.997412  0.000317  0.091524  0.006281  0.995783  -0.000151  0.000324  0.001237  0.000000  0.000000  0.000000  2.000000  
60.996254 0.002451  0.088395  -0.008063  0.993204  0.071621  -0.091739  -0.071895  0.997412  0.000317  0.091524  0.006281  0.995783  -0.000192  0.000298  0.001233  0.000000  0.000000  0.000000  2.000000  
60.997256 0.002451  0.088395  -0.008062  0.993216  0.071622  -0.091606  -0.071896  0.997412  0.000307  0.091391  0.006281  0.995795  -0.000214  0.000274  0.001200  0.000000  0.000000  0.000000  2.000000  
60.998256 0.002450  0.088396  -0.008061  0.993216  0.071622  -0.091606  -0.071896  0.997412  0.000307  0.091391  0.006281  0.995795  -0.000254  0.000248  0.001194  0.000000  0.000000  0.000000  2.000000  
60.999260 0.002450  0.088396  -0.008060  0.993216  0.071622  -0.091606  -0.071896  0.997412  0.000307  0.091391  0.006281  0.995795  -0.000290  0.000227  0.001196  0.000000  0.000000  0.000000  2.000000  
61.000510 0.002449  0.088396  -0.008059  0.993214  0.071828  -0.091473  -0.072101  0.997397  0.000316  0.091257  0.006281  0.995808  -0.000334  0.000205  0.001210  0.000000  0.000000  0.000000  2.000000  
61.001511 0.002449  0.088397  -0.008057  0.993214  0.071817  -0.091481  -0.072101  0.997397  0.000195  0.091257  0.006402  0.995807  -0.000315  0.000234  0.001264  0.000000  0.000000  0.000000  2.000000  
61.002520 0.002449  0.088397  -0.008055  0.993226  0.071817  -0.091349  -0.072102  0.997397  0.000186  0.091124  0.006402  0.995819  -0.000359  0.000212  0.001279  0.000000  0.000000  0.000000  2.000000  
61.003758 0.002448  0.088397  -0.008053  0.993226  0.071817  -0.091349  -0.072102  0.997397  0.000186  0.091124  0.006402  0.995819  -0.000356  0.000266  0.001336  0.000000  0.000000  0.000000  2.000000  
61.004764 0.002448  0.088398  -0.008052  0.993238  0.071818  -0.091216  -0.072103  0.997397  0.000176  0.090991  0.006402  0.995831  -0.000362  0.000270  0.001358  0.000000  0.000000  0.000000  2.000000  
61.006006 0.002448  0.088398  -0.008049  0.993223  0.072024  -0.091216  -0.072307  0.997382  0.000195  0.090991  0.006402  0.995831  -0.000375  0.000274  0.001394  0.000000  0.000000  0.000000  2.000000  
61.007008 0.002448  0.088398  -0.008047  0.993235  0.072013  -0.091091  -0.072308  0.997382  0.000064  0.090858  0.006523  0.995843  -0.000349  0.000279  0.001458  0.000000  0.000000  0.000000  2.000000  
61.008254 0.002447  0.088399  -0.008045  0.993247  0.072014  -0.090959  -0.072309  0.997382  0.000055  0.090724  0.006523  0.995855  -0.000325  0.000303  0.001488  0.000000  0.000000  0.000000  2.000000  
61.009258 0.002447  0.088400  -0.008044  0.993247  0.072014  -0.090959  -0.072309  0.997382  0.000055  0.090724  0.006523  0.995855  -0.000331  0.000309  0.001514  0.000000  0.000000  0.000000  2.000000  
61.010519 0.002447  0.088400  -0.008042  0.993245  0.072221  -0.090826  -0.072514  0.997367  0.000064  0.090591  0.006523  0.995867  -0.000299  0.000334  0.001531  0.000000  0.000000  0.000000  2.000000  
61.011759 0.002448  0.088401  -0.008040  0.993245  0.072209  -0.090834  -0.072514  0.997367  -0.000057  0.090591  0.006644  0.995866  -0.000232  0.000379  0.001545  0.000000  0.000000  0.000000  2.000000  
61.013005 0.002447  0.088402  -0.008037  0.993257  0.072210  -0.090702  -0.072515  0.997367  -0.000067  0.090458  0.006644  0.995878  -0.000227  0.000411  0.001633  0.000000  0.000000  0.000000  2.000000  
61.014009 0.002448  0.088403  -0.008035  0.993254  0.072417  -0.090569  -0.072721  0.997352  -0.000058  0.090325  0.006644  0.995890  -0.000158  0.000438  0.001684  0.000000  0.000000  0.000000  2.000000  
61.015254 0.002448  0.088404  -0.008032  0.993266  0.072417  -0.090436  -0.072722  0.997352  -0.000068  0.090191  0.006644  0.995902  -0.000108  0.000492  0.001755  0.000000  0.000000  0.000000  2.000000  
61.016270 0.002448  0.088404  -0.008031  0.993278  0.072407  -0.090312  -0.072722  0.997352  -0.000199  0.090058  0.006765  0.995914  -0.000103  0.000475  0.001793  0.000000  0.000000  0.000000  2.000000  
61.017510 0.002448  0.088405  -0.008028  0.993275  0.072614  -0.090179  -0.072928  0.997337  -0.000190  0.089925  0.006765  0.995926  -0.000052  0.000522  0.001838  0.000000  0.000000  0.000000  2.000000  
61.018519 0.002448  0.088406  -0.008025  0.993287  0.072615  -0.090046  -0.072929  0.997337  -0.000200  0.089792  0.006765  0.995938  -0.000021  0.000555  0.001886  0.000000  0.000000  0.000000  2.000000  
61.019759 0.002448  0.088407  -0.008023  0.993299  0.072615  -0.089913  -0.072930  0.997337  -0.000209  0.089658  0.006765  0.995950  0.000028  0.000601  0.001929  0.000000  0.000000  0.000000  2.000000  
61.021006 0.002448  0.088408  -0.008020  0.993296  0.072811  -0.089789  -0.073135  0.997322  -0.000322  0.089525  0.006886  0.995961  0.000029  0.000611  0.001961  0.000000  0.000000  0.000000  2.000000  
61.022008 0.002449  0.088409  -0.008018  0.993308  0.072812  -0.089656  -0.073136  0.997322  -0.000331  0.089392  0.006886  0.995973  0.000075  0.000699  0.001947  0.000000  0.000000  0.000000  2.000000  
61.023009 0.002449  0.088410  -0.008016  0.993305  0.073018  -0.089523  -0.073341  0.997307  -0.000323  0.089259  0.006886  0.995985  0.000108  0.000736  0.001999  0.000000  0.000000  0.000000  2.000000  
61.024256 0.002449  0.088411  -0.008012  0.993328  0.073009  -0.089266  -0.073343  0.997307  -0.000463  0.088992  0.007007  0.996008  0.000142  0.000781  0.002073  0.000000  0.000000  0.000000  2.000000  
61.025509 0.002450  0.088413  -0.008010  0.993325  0.073215  -0.089133  -0.073548  0.997292  -0.000455  0.088859  0.007007  0.996020  0.000191  0.000836  0.002147  0.000000  0.000000  0.000000  2.000000  
61.026757 0.002450  0.088414  -0.008006  0.993349  0.073217  -0.088868  -0.073550  0.997291  -0.000474  0.088592  0.007008  0.996043  0.000197  0.000868  0.002234  0.000000  0.000000  0.000000  2.000000  
61.028003 0.002451  0.088415  -0.008003  0.993357  0.073413  -0.088611  -0.073756  0.997276  -0.000597  0.088326  0.007128  0.996066  0.000246  0.000922  0.002307  0.000000  0.000000  0.000000  2.000000  
61.029010 0.002451  0.088416  -0.008001  0.993366  0.073621  -0.088345  -0.073963  0.997261  -0.000598  0.088059  0.007129  0.996090  0.000263  0.000934  0.002310  0.000000  0.000000  0.000000  2.000000  
61.030259 0.002451  0.088417  -0.007997  0.993377  0.073622  -0.088212  -0.073963  0.997261  -0.000608  0.087926  0.007129  0.996102  0.000242  0.000962  0.002335  0.000000  0.000000  0.000000  2.000000  
61.031509 0.002452  0.088419  -0.007994  0.993385  0.073818  -0.087956  -0.074170  0.997245  -0.000731  0.087659  0.007250  0.996124  0.000287  0.001000  0.002369  0.000000  0.000000  0.000000  2.000000  
61.032511 0.002452  0.088419  -0.007993  0.993394  0.074025  -0.087690  -0.074376  0.997230  -0.000733  0.087393  0.007250  0.996148  0.000274  0.000988  0.002355  0.000000  0.000000  0.000000  2.000000  
61.033758 0.002452  0.088420  -0.007990  0.993417  0.074027  -0.087424  -0.074378  0.997230  -0.000753  0.087126  0.007250  0.996171  0.000242  0.000962  0.002335  0.000000  0.000000  0.000000  2.000000  
61.034759 0.002452  0.088421  -0.007987  0.993413  0.074234  -0.087291  -0.074583  0.997215  -0.000745  0.086993  0.007250  0.996183  0.000274  0.000988  0.002354  0.000000  0.000000  0.000000  2.000000  
61.036006 0.002452  0.088422  -0.007985  0.993432  0.074431  -0.086902  -0.074790  0.997199  -0.000878  0.086593  0.007371  0.996217  0.000256  0.000975  0.002350  0.000000  0.000000  0.000000  2.000000  
61.037009 0.002452  0.088423  -0.007982  0.993429  0.074638  -0.086769  -0.074996  0.997183  -0.000870  0.086460  0.007371  0.996228  0.000237  0.000942  0.002380  0.000000  0.000000  0.000000  2.000000  
61.038257 0.002453  0.088425  -0.007979  0.993436  0.074845  -0.086503  -0.075202  0.997168  -0.000872  0.086193  0.007372  0.996251  0.000238  0.000959  0.002428  0.000000  0.000000  0.000000  2.000000  
61.039259 0.002453  0.088426  -0.007976  0.993459  0.074847  -0.086237  -0.075204  0.997168  -0.000892  0.085926  0.007372  0.996274  0.000224  0.000946  0.002416  0.000000  0.000000  0.000000  2.000000  
61.040511 0.002453  0.088427  -0.007973  0.993478  0.075045  -0.085848  -0.075411  0.997152  -0.001026  0.085527  0.007493  0.996308  0.000211  0.000950  0.002450  0.000000  0.000000  0.000000  2.000000  
61.041512 0.002453  0.088427  -0.007970  0.993485  0.075252  -0.085582  -0.075617  0.997136  -0.001028  0.085260  0.007493  0.996331  0.000155  0.000874  0.002420  -0.019412  -0.179141  0.104662  2.000000  
61.042520 0.002453  0.088428  -0.007968  0.993492  0.075459  -0.085317  -0.075823  0.997121  -0.001031  0.084993  0.007493  0.996353  0.000155  0.000873  0.002418  -0.018819  -0.183527  0.111550  2.000000  
