1-Time 2-Px 3-Py 4-Pz 5-R11 6-R21 7-R31 8-R12 9-R22 10-R32 11-R13 12-R23 13-R33 14-Vx 15-Vy 16-Vz 17-Wx 18-Wy 19-Wz 20-state 21-PR11 22-PR21 23-PR31 24-PR12 25-PR22 26-PR32 27-PR13 28-PR23 29-PR33 
124.302066 0.015771  0.096529  -0.012388  0.981597  0.176500  -0.072908  0.055227  0.103099  0.993137  0.182806  -0.978886  0.091454  0.000217  0.000199  0.000602  0.012555  0.338134  -0.108775  2.000000  
124.303071 0.015771  0.096529  -0.012388  0.981610  0.176348  -0.073100  0.055430  0.103128  0.993122  0.182674  -0.978911  0.091456  0.000198  0.000165  0.000540  0.009794  0.331317  -0.108095  2.000000  
124.304072 0.015774  0.096531  -0.012387  0.981621  0.176369  -0.072895  0.055228  0.103091  0.993137  0.182674  -0.978911  0.091456  0.000370  0.000249  0.000525  0.009533  0.311020  -0.106159  2.000000  
124.305322 0.015779  0.096532  -0.012385  0.981644  0.176421  -0.072465  0.054824  0.102898  0.993180  0.182674  -0.978922  0.091337  0.000693  0.000313  0.000583  0.018717  0.284397  -0.099117  2.000000  
124.306322 0.015783  0.096533  -0.012384  0.981655  0.176442  -0.072261  0.054622  0.102862  0.993195  0.182674  -0.978922  0.091337  0.000919  0.000373  0.000612  0.018454  0.264099  -0.097186  2.000000  
124.307567 0.015789  0.096534  -0.012383  0.981655  0.176442  -0.072261  0.054622  0.102862  0.993195  0.182674  -0.978922  0.091337  0.001288  0.000426  0.000614  0.016938  0.251000  -0.091422  2.000000  
124.308576 0.015796  0.096536  -0.012381  0.981666  0.176463  -0.072056  0.054420  0.102826  0.993210  0.182674  -0.978922  0.091337  0.001750  0.000582  0.000672  0.020741  0.230576  -0.089464  2.000000  
124.309817 0.015804  0.096538  -0.012379  0.981651  0.176788  -0.071467  0.053811  0.102731  0.993253  0.182937  -0.978873  0.091333  0.002311  0.000679  0.000769  0.024282  0.191291  -0.072220  2.000000  
124.310821 0.015812  0.096540  -0.012377  0.981624  0.177083  -0.071104  0.053404  0.102793  0.993268  0.183200  -0.978813  0.091447  0.002816  0.000776  0.000871  0.019919  0.171812  -0.061350  2.000000  
124.312069 0.015821  0.096542  -0.012374  0.981619  0.177421  -0.070332  0.052593  0.102782  0.993313  0.183463  -0.978753  0.091561  0.003427  0.000938  0.001053  0.000000  0.000000  0.000000  2.000000  
124.313076 0.015828  0.096545  -0.012372  0.981616  0.177585  -0.069957  0.052187  0.102836  0.993328  0.183595  -0.978718  0.091678  0.003854  0.001089  0.001140  0.000000  0.000000  0.000000  2.000000  
124.314322 0.015837  0.096549  -0.012369  0.981613  0.177750  -0.069582  0.051782  0.102890  0.993344  0.183726  -0.978682  0.091794  0.004463  0.001364  0.001315  0.000000  0.000000  0.000000  2.000000  
124.315324 0.015843  0.096552  -0.012368  0.981620  0.177936  -0.069002  0.051174  0.102908  0.993374  0.183858  -0.978646  0.091911  0.004924  0.001593  0.001328  0.000000  0.000000  0.000000  2.000000  
124.316573 0.015853  0.096557  -0.012365  0.981612  0.178266  -0.068252  0.050363  0.103016  0.993404  0.184121  -0.978575  0.092143  0.005529  0.001866  0.001502  0.000000  0.000000  0.000000  2.000000  
124.317575 0.015861  0.096562  -0.012364  0.981584  0.178553  -0.067911  0.049957  0.103196  0.993406  0.184384  -0.978504  0.092376  0.005978  0.002157  0.001598  0.000000  0.000000  0.000000  2.000000  
124.318577 0.015869  0.096568  -0.012362  0.981580  0.178710  -0.067557  0.049551  0.103371  0.993408  0.184515  -0.978457  0.092611  0.006497  0.002568  0.001697  0.000000  0.000000  0.000000  2.000000  
124.319822 0.015879  0.096576  -0.012359  0.981551  0.178990  -0.067238  0.049145  0.103672  0.993397  0.184778  -0.978374  0.092962  0.006847  0.002988  0.001816  0.000000  0.000000  0.000000  2.000000  
124.321072 0.015890  0.096584  -0.012356  0.981521  0.179269  -0.066919  0.048738  0.103972  0.993385  0.185041  -0.978290  0.093314  0.007217  0.003441  0.001896  0.000000  0.000000  0.000000  2.000000  
124.322074 0.015899  0.096591  -0.012353  0.981517  0.179419  -0.066588  0.048333  0.104266  0.993374  0.185173  -0.978232  0.093667  0.007541  0.003876  0.002024  0.000000  0.000000  0.000000  2.000000  
124.323319 0.015910  0.096598  -0.012352  0.981487  0.179699  -0.066269  0.047926  0.104567  0.993362  0.185436  -0.978148  0.094019  0.007740  0.004180  0.002036  0.000000  0.000000  0.000000  2.000000  
124.324585 0.015921  0.096604  -0.012349  0.981482  0.179841  -0.065960  0.047521  0.104981  0.993338  0.185567  -0.978078  0.094491  0.007921  0.004466  0.002009  0.000000  0.000000  0.000000  2.000000  
124.325819 0.015931  0.096610  -0.012348  0.981467  0.179961  -0.065856  0.047318  0.105432  0.993300  0.185699  -0.978007  0.094963  0.007955  0.004641  0.001899  -0.070249  -0.181858  0.098683  2.000000  
124.326824 0.015939  0.096613  -0.012348  0.981427  0.180220  -0.065742  0.047113  0.105769  0.993274  0.185962  -0.977923  0.095314  0.007968  0.004816  0.001783  -0.082690  -0.200815  0.114047  2.000000  
124.328074 0.015949  0.096617  -0.012348  0.981387  0.180472  -0.065651  0.046909  0.106227  0.993235  0.186225  -0.977827  0.095784  0.008068  0.004803  0.001548  -0.095160  -0.219831  0.129485  2.000000  
124.329317 0.015958  0.096618  -0.012351  0.981347  0.180731  -0.065538  0.046704  0.106563  0.993208  0.186488  -0.977743  0.096135  0.008096  0.004633  0.001192  -0.107635  -0.238871  0.144914  2.000000  
124.330327 0.015966  0.096619  -0.012355  0.981322  0.180838  -0.065616  0.046703  0.106931  0.993169  0.186619  -0.977683  0.096488  0.008181  0.004477  0.000842  -0.121338  -0.251895  0.150683  2.000000  
124.331341 0.015973  0.096620  -0.012359  0.981297  0.180945  -0.065695  0.046702  0.107299  0.993129  0.186750  -0.977623  0.096841  0.008125  0.004263  0.000422  -0.130945  -0.264412  0.160904  2.000000  
124.332575 0.015981  0.096620  -0.012365  0.981272  0.181043  -0.065796  0.046701  0.107787  0.993077  0.186882  -0.977551  0.097313  0.008037  0.003881  -0.000075  -0.147659  -0.274999  0.169938  2.000000  
124.333579 0.015988  0.096621  -0.012370  0.981247  0.181150  -0.065875  0.046700  0.108154  0.993037  0.187013  -0.977490  0.097666  0.007929  0.003522  -0.000583  -0.161039  -0.276713  0.175811  2.000000  
124.334588 0.015995  0.096621  -0.012377  0.981222  0.181257  -0.065954  0.046698  0.108522  0.992997  0.187145  -0.977430  0.098019  0.007847  0.003066  -0.001211  -0.179853  -0.262680  0.178981  2.000000  
124.335826 0.016004  0.096622  -0.012385  0.981187  0.181333  -0.066259  0.046899  0.109047  0.992930  0.187276  -0.977357  0.098491  0.007750  0.002542  -0.002004  -0.200038  -0.241978  0.181607  2.000000  
124.337071 0.016012  0.096621  -0.012394  0.981187  0.181293  -0.066369  0.046899  0.109649  0.992863  0.187276  -0.977297  0.099084  0.007564  0.002009  -0.002768  -0.218626  -0.239953  0.180201  2.000000  
124.338072 0.016019  0.096622  -0.012401  0.981152  0.181368  -0.066675  0.047100  0.110175  0.992796  0.187408  -0.977224  0.099556  0.007417  0.001652  -0.003300  -0.239312  -0.227944  0.184926  2.000000  
124.339072 0.016025  0.096621  -0.012408  0.981143  0.181313  -0.066967  0.047302  0.110694  0.992728  0.187408  -0.977176  0.100030  0.007158  0.001195  -0.003979  -0.258140  -0.214774  0.179161  2.000000  
124.340072 0.016030  0.096620  -0.012415  0.981158  0.181127  -0.067246  0.047505  0.111206  0.992661  0.187276  -0.977152  0.100506  0.006988  0.000910  -0.004379  -0.275471  -0.188959  0.163137  2.000000  
124.341318 0.016037  0.096619  -0.012423  0.981148  0.181063  -0.067560  0.047707  0.111845  0.992580  0.187276  -0.977091  0.101099  0.006795  0.000437  -0.005126  -0.294481  -0.161394  0.150364  2.000000  
124.342578 0.016043  0.096617  -0.012430  0.981138  0.180991  -0.067896  0.047909  0.112605  0.992484  0.187276  -0.977017  0.101810  0.006503  0.000081  -0.005571  -0.322288  -0.136425  0.139993  2.000000  
124.343822 0.016048  0.096616  -0.012437  0.981153  0.180796  -0.068197  0.048112  0.113238  0.992402  0.187145  -0.976980  0.102405  0.006216  -0.000144  -0.005844  -0.343792  -0.110228  0.128435  2.000000  
124.345091 0.016053  0.096614  -0.012443  0.981144  0.180723  -0.068533  0.048314  0.113997  0.992306  0.187145  -0.976905  0.103116  0.005914  -0.000351  -0.005919  -0.369152  -0.083524  0.121260  2.000000  
124.346318 0.016058  0.096612  -0.012448  0.981134  0.180649  -0.068868  0.048516  0.114757  0.992208  0.187145  -0.976830  0.103827  0.005677  -0.000497  -0.005950  -0.387593  -0.056873  0.108807  2.000000  
124.347319 0.016062  0.096612  -0.012453  0.981124  0.180592  -0.069160  0.048718  0.115275  0.992138  0.187145  -0.976779  0.104301  0.005531  -0.000526  -0.005954  -0.400751  -0.030437  0.101684  2.000000  
124.348324 0.016066  0.096612  -0.012456  0.981149  0.180428  -0.069234  0.048720  0.115750  0.992083  0.187013  -0.976754  0.104778  0.005307  -0.000632  -0.005864  -0.414845  -0.018479  0.087759  2.000000  
124.349574 0.016072  0.096612  -0.012461  0.981163  0.180223  -0.069555  0.048923  0.116503  0.991985  0.186882  -0.976702  0.105491  0.005120  -0.000608  -0.005610  -0.430083  -0.006215  0.072358  2.000000  
124.350578 0.016076  0.096612  -0.012465  0.981188  0.180050  -0.069650  0.048924  0.117098  0.991915  0.186750  -0.976663  0.106086  0.004917  -0.000643  -0.005376  -0.445598  0.013147  0.061936  2.000000  
124.351578 0.016080  0.096611  -0.012469  0.981188  0.180008  -0.069760  0.048924  0.117699  0.991843  0.186750  -0.976598  0.106679  0.004698  -0.000716  -0.005210  -0.455086  0.019025  0.052296  2.000000  
124.352822 0.016086  0.096610  -0.012474  0.981203  0.179802  -0.070080  0.049127  0.118452  0.991744  0.186619  -0.976545  0.107392  0.004540  -0.000773  -0.004896  -0.472517  0.045188  0.040559  2.000000  
124.354070 0.016092  0.096610  -0.012478  0.981228  0.179621  -0.070197  0.049129  0.119167  0.991658  0.186488  -0.976491  0.108105  0.004460  -0.000742  -0.004628  -0.481912  0.051044  0.030881  2.000000  
124.355071 0.016097  0.096610  -0.012480  0.981228  0.179578  -0.070306  0.049129  0.119768  0.991586  0.186488  -0.976426  0.108698  0.004449  -0.000661  -0.004351  -0.491407  0.056887  0.025474  2.000000  
124.356075 0.016101  0.096610  -0.012481  0.981263  0.179430  -0.070196  0.048928  0.120326  0.991528  0.186356  -0.976384  0.109293  0.004377  -0.000629  -0.003952  -0.499443  0.055956  0.012232  2.000000  
124.357317 0.016108  0.096609  -0.012483  0.981263  0.179379  -0.070326  0.048928  0.121048  0.991440  0.186356  -0.976305  0.110003  0.004415  -0.000564  -0.003612  -0.508826  0.061282  0.002527  2.000000  
124.358328 0.016113  0.096608  -0.012483  0.981298  0.179231  -0.070216  0.048727  0.121606  0.991382  0.186225  -0.976263  0.110598  0.004465  -0.000534  -0.003251  -0.517098  0.060370  -0.010902  2.000000  
124.359574 0.016119  0.096608  -0.012483  0.981323  0.179057  -0.070310  0.048728  0.122200  0.991309  0.186093  -0.976220  0.111193  0.004522  -0.000461  -0.002814  -0.522467  0.066174  -0.020596  2.000000  
124.360820 0.016126  0.096608  -0.012481  0.981333  0.179032  -0.070236  0.048526  0.122885  0.991234  0.186093  -0.976139  0.111903  0.004726  -0.000324  -0.002224  -0.533456  0.058452  -0.028855  2.000000  
124.362070 0.016133  0.096609  -0.012477  0.981343  0.179006  -0.070163  0.048324  0.123569  0.991159  0.186093  -0.976057  0.112614  0.004794  -0.000220  -0.001739  -0.540013  0.050783  -0.032370  2.000000  
124.363317 0.016140  0.096611  -0.012473  0.981343  0.178955  -0.070293  0.048324  0.124291  0.991068  0.186093  -0.975975  0.113324  0.004924  -0.000077  -0.001114  -0.548068  0.050281  -0.036833  2.000000  
124.364317 0.016146  0.096612  -0.012469  0.981353  0.178938  -0.070197  0.048122  0.124855  0.991007  0.186093  -0.975906  0.113916  0.005026  -0.000005  -0.000649  -0.554914  0.043080  -0.040568  2.000000  
124.365325 0.016152  0.096614  -0.012464  0.981363  0.178921  -0.070102  0.047920  0.125419  0.990946  0.186093  -0.975837  0.114508  0.005163  0.000148  0.000061  -0.556953  0.029896  -0.039458  2.000000  
124.366577 0.016160  0.096616  -0.012457  0.981373  0.178896  -0.070028  0.047718  0.126104  0.990869  0.186093  -0.975753  0.115218  0.005308  0.000328  0.000813  -0.563652  0.022616  -0.043193  2.000000  
124.367822 0.016168  0.096619  -0.012450  0.981407  0.178741  -0.069939  0.047517  0.126781  0.990792  0.185962  -0.975694  0.115931  0.005462  0.000566  0.001552  -0.564581  0.008025  -0.050243  2.000000  
124.369071 0.016175  0.096621  -0.012445  0.981417  0.178716  -0.069865  0.047315  0.127466  0.990714  0.185962  -0.975609  0.116641  0.005585  0.000783  0.002279  -0.566064  -0.005410  -0.048762  2.000000  
124.370321 0.016183  0.096624  -0.012438  0.981427  0.178691  -0.069791  0.047113  0.128150  0.990635  0.185962  -0.975524  0.117351  0.005681  0.001010  0.002885  -0.568225  -0.018505  -0.043188  2.000000  
124.371323 0.016189  0.096627  -0.012433  0.981461  0.178545  -0.069680  0.046912  0.128708  0.990572  0.185830  -0.975477  0.117946  0.005739  0.001169  0.003366  -0.569669  -0.032540  -0.046126  2.000000  
124.372574 0.016196  0.096629  -0.012426  0.981471  0.178513  -0.069627  0.046710  0.129512  0.990477  0.185830  -0.975377  0.118774  0.005804  0.001412  0.003848  -0.570571  -0.045710  -0.044214  2.000000  
124.373824 0.016203  0.096632  -0.012421  0.981481  0.178480  -0.069575  0.046508  0.130316  0.990381  0.185830  -0.975276  0.119602  0.005852  0.001646  0.004220  -0.572588  -0.059115  -0.038526  2.000000  
124.375073 0.016210  0.096636  -0.012416  0.981490  0.178457  -0.069501  0.046306  0.131000  0.990300  0.185830  -0.975188  0.120312  0.005883  0.001869  0.004480  -0.573821  -0.072099  -0.036667  2.000000  
124.376319 0.016217  0.096638  -0.012411  0.981524  0.178294  -0.069432  0.046105  0.131798  0.990204  0.185699  -0.975110  0.121143  0.005900  0.001993  0.004587  -0.575933  -0.086749  -0.039816  2.000000  
124.377568 0.016224  0.096640  -0.012406  0.981534  0.178271  -0.069358  0.045903  0.132482  0.990122  0.185699  -0.975022  0.121852  0.005887  0.002055  0.004622  -0.576578  -0.098921  -0.033441  2.000000  
124.378568 0.016230  0.096641  -0.012403  0.981534  0.178229  -0.069466  0.045903  0.133083  0.990041  0.185699  -0.974948  0.122444  0.005885  0.002055  0.004621  -0.580581  -0.098933  -0.033384  2.000000  
124.379818 0.016237  0.096643  -0.012399  0.981543  0.178206  -0.069392  0.045701  0.133766  0.989959  0.185699  -0.974859  0.123153  0.005825  0.002018  0.004527  -0.577978  -0.111824  -0.027309  2.000000  
124.380819 0.016242  0.096644  -0.012396  0.981528  0.178330  -0.069292  0.045498  0.134216  0.989907  0.185830  -0.974774  0.123623  0.005754  0.001943  0.004330  -0.573355  -0.118472  -0.017740  2.000000  
124.381825 0.016246  0.096644  -0.012394  0.981528  0.178288  -0.069400  0.045498  0.134816  0.989825  0.185830  -0.974699  0.124214  0.005656  0.001838  0.004112  -0.572014  -0.124694  -0.012401  2.000000  
124.383071 0.016253  0.096644  -0.012391  0.981562  0.178135  -0.069309  0.045297  0.135494  0.989742  0.185699  -0.974633  0.124927  0.005593  0.001676  0.003877  -0.566728  -0.132005  -0.015964  2.000000  
124.384071 0.016257  0.096645  -0.012389  0.981562  0.178085  -0.069439  0.045297  0.136214  0.989643  0.185699  -0.974542  0.125636  0.005493  0.001549  0.003708  -0.574936  -0.131491  -0.011419  2.000000  
124.385071 0.016262  0.096645  -0.012387  0.981562  0.178042  -0.069547  0.045297  0.136814  0.989561  0.185699  -0.974465  0.126227  0.005393  0.001376  0.003479  -0.574142  -0.130391  -0.011252  2.000000  
124.386071 0.016267  0.096645  -0.012385  0.981562  0.178000  -0.069655  0.045297  0.137415  0.989477  0.185699  -0.974389  0.126818  0.005332  0.001282  0.003254  -0.575485  -0.123182  -0.007556  2.000000  
124.387322 0.016272  0.096645  -0.012385  0.981587  0.177819  -0.069767  0.045298  0.138129  0.989378  0.185567  -0.974321  0.127530  0.005161  0.001030  0.002820  -0.576217  -0.124217  -0.007521  2.000000  
124.388574 0.016277  0.096644  -0.012385  0.981587  0.177768  -0.069896  0.045298  0.138849  0.989277  0.185567  -0.974228  0.128239  0.005003  0.000797  0.002460  -0.577347  -0.117441  -0.008255  2.000000  
124.389574 0.016281  0.096644  -0.012385  0.981587  0.177726  -0.070004  0.045298  0.139449  0.989193  0.185567  -0.974150  0.128830  0.004878  0.000679  0.002197  -0.581429  -0.116898  -0.003728  2.000000  
124.390575 0.016285  0.096644  -0.012385  0.981612  0.177562  -0.070073  0.045299  0.139923  0.989126  0.185436  -0.974112  0.129306  0.004752  0.000518  0.001930  -0.578667  -0.110710  -0.008962  2.000000  
124.391576 0.016288  0.096644  -0.012386  0.981602  0.177490  -0.070384  0.045501  0.140559  0.989026  0.185436  -0.974033  0.129897  0.004615  0.000367  0.001534  -0.579919  -0.103963  -0.009732  2.000000  
124.392821 0.016292  0.096644  -0.012387  0.981627  0.177317  -0.070475  0.045502  0.141153  0.988942  0.185304  -0.973979  0.130491  0.004445  0.000250  0.001207  -0.580616  -0.097001  -0.014860  2.000000  
124.393822 0.016296  0.096644  -0.012389  0.981627  0.177275  -0.070582  0.045502  0.141752  0.988856  0.185304  -0.973899  0.131082  0.004325  0.000133  0.000873  -0.582548  -0.091055  -0.015762  2.000000  
124.395072 0.016300  0.096643  -0.012391  0.981643  0.177072  -0.070876  0.045706  0.142383  0.988756  0.185173  -0.973844  0.131676  0.004146  -0.000022  0.000443  -0.576407  -0.077515  -0.021691  2.000000  
124.396317 0.016304  0.096642  -0.012393  0.981667  0.176891  -0.070987  0.045707  0.143096  0.988653  0.185041  -0.973773  0.132388  0.004040  -0.000104  0.000163  -0.577672  -0.071401  -0.026908  2.000000  
124.397319 0.016308  0.096641  -0.012395  0.981683  0.176696  -0.071258  0.045910  0.143606  0.988569  0.184910  -0.973733  0.132863  0.003906  -0.000215  -0.000127  -0.578888  -0.065281  -0.032148  2.000000  
124.398324 0.016312  0.096640  -0.012396  0.981707  0.176523  -0.071348  0.045911  0.144200  0.988483  0.184778  -0.973677  0.133457  0.003818  -0.000278  -0.000444  -0.580923  -0.059103  -0.033235  2.000000  
124.399324 0.016316  0.096640  -0.012397  0.981722  0.176329  -0.071619  0.046115  0.144709  0.988399  0.184647  -0.973636  0.133933  0.003797  -0.000327  -0.000659  -0.578649  -0.045821  -0.039075  2.000000  
124.400575 0.016322  0.096639  -0.012399  0.981747  0.176155  -0.071708  0.046116  0.145303  0.988312  0.184515  -0.973579  0.134527  0.003779  -0.000403  -0.000862  -0.576077  -0.039745  -0.044348  2.000000  
124.401822 0.016328  0.096638  -0.012400  0.981762  0.175951  -0.072000  0.046319  0.145932  0.988210  0.184384  -0.973522  0.135121  0.003841  -0.000465  -0.000988  -0.570332  -0.026389  -0.046042  2.000000  
124.402823 0.016333  0.096637  -0.012401  0.981787  0.175777  -0.072089  0.046320  0.146525  0.988122  0.184252  -0.973464  0.135715  0.003899  -0.000511  -0.001106  -0.568197  -0.020483  -0.051746  2.000000  
124.404071 0.016340  0.096637  -0.012401  0.981827  0.175443  -0.072362  0.046525  0.147148  0.988020  0.183989  -0.973431  0.136312  0.004064  -0.000512  -0.001123  -0.566646  -0.008205  -0.062418  2.000000  
124.405071 0.016346  0.096637  -0.012403  0.981851  0.175278  -0.072429  0.046526  0.147622  0.987949  0.183858  -0.973389  0.136787  0.004208  -0.000547  -0.001203  -0.563302  -0.002065  -0.067210  2.000000  
124.406072 0.016352  0.096636  -0.012403  0.981876  0.175104  -0.072517  0.046527  0.148215  0.987860  0.183726  -0.973330  0.137381  0.004371  -0.000572  -0.001170  -0.561083  0.004610  -0.068659  2.000000  
124.407317 0.016359  0.096635  -0.012404  0.981900  0.174930  -0.072605  0.046528  0.148808  0.987771  0.183595  -0.973271  0.137975  0.004569  -0.000587  -0.001130  -0.557759  0.010628  -0.073413  2.000000  
124.408327 0.016366  0.096635  -0.012405  0.981925  0.174765  -0.072671  0.046529  0.149281  0.987700  0.183463  -0.973228  0.138451  0.004808  -0.000622  -0.001116  -0.554101  0.010072  -0.078467  2.000000  
124.409569 0.016375  0.096635  -0.012405  0.981974  0.174460  -0.072740  0.046532  0.149867  0.987611  0.183200  -0.973192  0.139048  0.005088  -0.000607  -0.001061  -0.551420  0.015563  -0.088312  2.000000  
124.410585 0.016382  0.096634  -0.012407  0.981998  0.174295  -0.072806  0.046533  0.150340  0.987539  0.183069  -0.973149  0.139523  0.005366  -0.000549  -0.000968  -0.552440  0.021046  -0.098098  2.000000  
124.411819 0.016391  0.096634  -0.012408  0.982047  0.173991  -0.072874  0.046535  0.150927  0.987449  0.182806  -0.973113  0.140121  0.005656  -0.000478  -0.000902  -0.548221  0.019627  -0.106204  2.000000  
124.412820 0.016398  0.096635  -0.012409  0.982072  0.173825  -0.072940  0.046536  0.151400  0.987377  0.182674  -0.973069  0.140596  0.005942  -0.000367  -0.000868  -0.544106  0.019568  -0.106201  2.000000  
124.414069 0.016408  0.096635  -0.012410  0.982130  0.173561  -0.072783  0.046336  0.151831  0.987320  0.182411  -0.973049  0.141075  0.006199  -0.000333  -0.000864  -0.531967  0.018287  -0.115052  2.000000  
124.415076 0.016416  0.096636  -0.012410  0.982154  0.173396  -0.072848  0.046337  0.152304  0.987247  0.182279  -0.973004  0.141551  0.006471  -0.000186  -0.000799  -0.528133  0.017753  -0.120452  2.000000  
124.416322 0.016427  0.096638  -0.012411  0.982213  0.173123  -0.072712  0.046138  0.152854  0.987171  0.182016  -0.972967  0.142148  0.006804  -0.000016  -0.000789  -0.522606  0.009635  -0.127404  2.000000  
124.417578 0.016437  0.096640  -0.012412  0.982237  0.172949  -0.072798  0.046139  0.153447  0.987079  0.181885  -0.972904  0.142742  0.007075  0.000153  -0.000771  -0.518698  0.009621  -0.128447  2.000000  
124.418822 0.016449  0.096642  -0.012412  0.982295  0.172685  -0.072641  0.045939  0.153878  0.987021  0.181622  -0.972883  0.143221  0.007365  0.000357  -0.000692  -0.509375  0.001565  -0.136447  2.000000  
124.419822 0.016458  0.096645  -0.012411  0.982319  0.172520  -0.072705  0.045940  0.154351  0.986947  0.181490  -0.972837  0.143696  0.007592  0.000565  -0.000569  -0.505249  0.000867  -0.140889  2.000000  
124.421071 0.016469  0.096648  -0.012411  0.982353  0.172386  -0.072566  0.045739  0.154788  0.986888  0.181358  -0.972792  0.144172  0.007843  0.000789  -0.000573  -0.495802  -0.005953  -0.139935  2.000000  
124.422322 0.016481  0.096650  -0.012412  0.982411  0.172123  -0.072408  0.045539  0.155219  0.986830  0.181095  -0.972770  0.144651  0.008122  0.001007  -0.000525  -0.489245  -0.020131  -0.142498  2.000000  
124.423569 0.016493  0.096653  -0.012412  0.982435  0.171958  -0.072472  0.045540  0.155692  0.986755  0.180964  -0.972723  0.145127  0.008364  0.001238  -0.000489  -0.481163  -0.020668  -0.145727  2.000000  
124.424584 0.016502  0.096656  -0.012413  0.982468  0.171825  -0.072333  0.045339  0.156130  0.986695  0.180832  -0.972677  0.145602  0.008483  0.001408  -0.000494  -0.478664  -0.034099  -0.143820  2.000000  
124.425820 0.016513  0.096658  -0.012415  0.982502  0.171692  -0.072194  0.045138  0.156567  0.986635  0.180700  -0.972630  0.146078  0.008624  0.001579  -0.000518  -0.469131  -0.041212  -0.144024  2.000000  
124.427069 0.016524  0.096661  -0.012416  0.982535  0.171559  -0.072055  0.044936  0.157004  0.986575  0.180569  -0.972583  0.146553  0.008810  0.001782  -0.000522  -0.462777  -0.054302  -0.140906  2.000000  
124.428069 0.016533  0.096663  -0.012417  0.982569  0.171427  -0.071915  0.044735  0.157442  0.986514  0.180437  -0.972535  0.147029  0.008924  0.001943  -0.000565  -0.457285  -0.061584  -0.141096  2.000000  
124.429070 0.016543  0.096666  -0.012420  0.982569  0.171400  -0.071977  0.044735  0.157801  0.986457  0.180437  -0.972482  0.147382  0.009003  0.002073  -0.000706  -0.452201  -0.067798  -0.138927  2.000000  
124.430325 0.016554  0.096669  -0.012423  0.982602  0.171268  -0.071838  0.044534  0.158238  0.986396  0.180306  -0.972434  0.147858  0.009080  0.002202  -0.000848  -0.446545  -0.074534  -0.134610  2.000000  
124.431579 0.016565  0.096673  -0.012427  0.982611  0.171275  -0.071697  0.044332  0.158562  0.986353  0.180306  -0.972380  0.148212  0.009122  0.002323  -0.001061  -0.435763  -0.087397  -0.128130  2.000000  
124.432821 0.016577  0.096676  -0.012432  0.982644  0.171143  -0.071557  0.044131  0.158999  0.986292  0.180174  -0.972332  0.148687  0.009120  0.002404  -0.001412  -0.426986  -0.093444  -0.126080  2.000000  
124.433822 0.016586  0.096679  -0.012436  0.982653  0.171149  -0.071416  0.043928  0.159323  0.986249  0.180174  -0.972278  0.149041  0.009115  0.002437  -0.001663  -0.419873  -0.106445  -0.116209  2.000000  
124.434825 0.016595  0.096682  -0.012440  0.982662  0.171165  -0.071255  0.043726  0.159527  0.986225  0.180174  -0.972242  0.149277  0.009111  0.002470  -0.001914  -0.410428  -0.112555  -0.110720  2.000000  
124.436072 0.016606  0.096686  -0.012445  0.982686  0.171000  -0.071318  0.043727  0.160000  0.986148  0.180042  -0.972193  0.149752  0.009152  0.002579  -0.002281  -0.403029  -0.111694  -0.109750  2.000000  
124.437072 0.016615  0.096688  -0.012449  0.982695  0.171016  -0.071156  0.043525  0.160204  0.986124  0.180042  -0.972157  0.149988  0.009103  0.002584  -0.002516  -0.392860  -0.118732  -0.105160  2.000000  
124.438321 0.016626  0.096692  -0.012454  0.982704  0.171014  -0.071036  0.043322  0.160647  0.986061  0.180042  -0.972084  0.150460  0.009012  0.002611  -0.002835  -0.388485  -0.123857  -0.098859  2.000000  
124.439321 0.016634  0.096694  -0.012458  0.982713  0.171030  -0.070875  0.043120  0.160851  0.986036  0.180042  -0.972047  0.150695  0.008972  0.002619  -0.003073  -0.378174  -0.130316  -0.089712  2.000000  
124.440324 0.016643  0.096696  -0.012462  0.982713  0.171005  -0.070937  0.043120  0.161210  0.985978  0.180042  -0.971992  0.151049  0.008946  0.002654  -0.003282  -0.374268  -0.129747  -0.085246  2.000000  
124.441575 0.016653  0.096699  -0.012468  0.982722  0.171012  -0.070796  0.042918  0.161533  0.985934  0.180042  -0.971937  0.151403  0.008876  0.002625  -0.003580  -0.364666  -0.135114  -0.075232  2.000000  
124.442582 0.016660  0.096702  -0.012472  0.982722  0.170986  -0.070859  0.042918  0.161892  0.985875  0.180042  -0.971882  0.151757  0.008757  0.002633  -0.003768  -0.360519  -0.134450  -0.070713  2.000000  
124.443820 0.016671  0.096705  -0.012478  0.982731  0.170994  -0.070718  0.042716  0.162216  0.985830  0.180042  -0.971827  0.152110  0.008710  0.002628  -0.003929  -0.356599  -0.133195  -0.061788  2.000000  
124.444821 0.016678  0.096707  -0.012483  0.982716  0.171140  -0.070577  0.042512  0.162425  0.985805  0.180174  -0.971766  0.152342  0.008597  0.002604  -0.004097  -0.348385  -0.137461  -0.051412  2.000000  
124.445821 0.016686  0.096710  -0.012488  0.982716  0.171114  -0.070639  0.042512  0.162784  0.985745  0.180174  -0.971710  0.152696  0.008484  0.002591  -0.004240  -0.344316  -0.136803  -0.046939  2.000000  
124.447071 0.016696  0.096713  -0.012495  0.982724  0.171122  -0.070498  0.042310  0.163107  0.985701  0.180174  -0.971655  0.153049  0.008381  0.002584  -0.004385  -0.336256  -0.135492  -0.038054  2.000000  
124.448322 0.016706  0.096716  -0.012501  0.982733  0.171139  -0.070337  0.042108  0.163311  0.985676  0.180174  -0.971618  0.153285  0.008298  0.002592  -0.004540  -0.322768  -0.135288  -0.029413  2.000000  
124.449577 0.016715  0.096719  -0.012508  0.982733  0.171113  -0.070399  0.042108  0.163670  0.985616  0.180174  -0.971562  0.153639  0.008155  0.002535  -0.004615  -0.318649  -0.134601  -0.024906  2.000000  
124.450825 0.016724  0.096722  -0.012515  0.982742  0.171121  -0.070259  0.041905  0.163993  0.985571  0.180174  -0.971506  0.153992  0.007997  0.002454  -0.004767  -0.314605  -0.133941  -0.020405  2.000000  
124.452072 0.016733  0.096725  -0.012522  0.982750  0.171129  -0.070118  0.041703  0.164317  0.985526  0.180174  -0.971450  0.154346  0.007890  0.002453  -0.004865  -0.310583  -0.132602  -0.011460  2.000000  
124.453322 0.016742  0.096727  -0.012530  0.982759  0.171138  -0.069977  0.041501  0.164640  0.985480  0.180174  -0.971394  0.154699  0.007761  0.002342  -0.005056  -0.305242  -0.138639  -0.005921  2.000000  
124.454588 0.016751  0.096730  -0.012536  0.982767  0.171146  -0.069837  0.041298  0.164963  0.985435  0.180174  -0.971337  0.155053  0.007640  0.002363  -0.005087  -0.296923  -0.137875  -0.001408  2.000000  
124.455821 0.016759  0.096731  -0.012543  0.982776  0.171163  -0.069675  0.041096  0.165167  0.985409  0.180174  -0.971300  0.155288  0.007513  0.002270  -0.005198  -0.288957  -0.137271  0.003086  2.000000  
124.456823 0.016766  0.096732  -0.012548  0.982784  0.171181  -0.069514  0.040894  0.165371  0.985383  0.180174  -0.971262  0.155524  0.007419  0.002178  -0.005269  -0.284865  -0.136570  0.007571  2.000000  
124.458069 0.016774  0.096734  -0.012554  0.982793  0.171189  -0.069373  0.040691  0.165694  0.985337  0.180174  -0.971205  0.155877  0.007303  0.002093  -0.005262  -0.278497  -0.134763  0.011973  2.000000  
124.459317 0.016782  0.096736  -0.012560  0.982801  0.171207  -0.069212  0.040489  0.165898  0.985311  0.180174  -0.971167  0.156113  0.007197  0.001967  -0.005256  -0.270436  -0.134771  0.012023  2.000000  
124.460322 0.016789  0.096737  -0.012565  0.982809  0.171224  -0.069051  0.040287  0.166102  0.985285  0.180174  -0.971129  0.156349  0.007113  0.001860  -0.005304  -0.265165  -0.140749  0.017515  2.000000  
124.461572 0.016797  0.096739  -0.012570  0.982826  0.171276  -0.068687  0.039882  0.166271  0.985273  0.180174  -0.971092  0.156584  0.007001  0.001813  -0.005193  -0.259924  -0.147435  0.018607  2.000000  
124.462828 0.016805  0.096740  -0.012575  0.982834  0.171293  -0.068525  0.039680  0.166474  0.985247  0.180174  -0.971053  0.156820  0.006880  0.001704  -0.005133  -0.249785  -0.147911  0.023261  2.000000  
124.464069 0.016813  0.096743  -0.012580  0.982850  0.171337  -0.068182  0.039275  0.166762  0.985215  0.180174  -0.970996  0.157173  0.006781  0.001626  -0.004993  -0.250576  -0.153378  0.024169  2.000000  
124.465074 0.016819  0.096744  -0.012584  0.982858  0.171355  -0.068021  0.039073  0.166966  0.985188  0.180174  -0.970958  0.157409  0.006684  0.001553  -0.004875  -0.244487  -0.153927  0.028866  2.000000  
124.466322 0.016826  0.096745  -0.012589  0.982874  0.171407  -0.067657  0.038668  0.167134  0.985176  0.180174  -0.970920  0.157644  0.006533  0.001459  -0.004721  -0.241259  -0.159334  0.029722  2.000000  
124.467322 0.016832  0.096747  -0.012593  0.982882  0.171425  -0.067495  0.038466  0.167338  0.985149  0.180174  -0.970882  0.157880  0.006421  0.001412  -0.004610  -0.235973  -0.165988  0.030827  2.000000  
124.468574 0.016838  0.096748  -0.012598  0.982898  0.171478  -0.067131  0.038061  0.167507  0.985136  0.180174  -0.970843  0.158115  0.006265  0.001337  -0.004482  -0.230694  -0.172647  0.031936  2.000000  
124.469574 0.016843  0.096748  -0.012603  0.982914  0.171531  -0.066767  0.037656  0.167675  0.985123  0.180174  -0.970805  0.158351  0.006105  0.001255  -0.004459  -0.223178  -0.180765  0.033330  2.000000  
124.470580 0.016848  0.096750  -0.012607  0.982921  0.171557  -0.066585  0.037454  0.167759  0.985116  0.180174  -0.970786  0.158469  0.005998  0.001263  -0.004343  -0.217811  -0.187443  0.034427  2.000000  
124.471601 0.016852  0.096751  -0.012610  0.982937  0.171610  -0.066221  0.037049  0.167927  0.985103  0.180174  -0.970747  0.158704  0.005814  0.001242  -0.004231  -0.212348  -0.194022  0.035533  2.000000  
124.472824 0.016857  0.096752  -0.012615  0.982952  0.171663  -0.065857  0.036644  0.168096  0.985089  0.180174  -0.970709  0.158940  0.005626  0.001167  -0.004145  -0.207190  -0.200882  0.036695  2.000000  
124.473825 0.016862  0.096753  -0.012618  0.982959  0.171690  -0.065676  0.036442  0.168180  0.985082  0.180174  -0.970689  0.159057  0.005479  0.001178  -0.004016  -0.197802  -0.208327  0.033384  2.000000  
124.475079 0.016866  0.096753  -0.012622  0.982950  0.171873  -0.065333  0.036036  0.168353  0.985068  0.180306  -0.970627  0.159289  0.005216  0.001129  -0.003928  -0.192424  -0.214276  0.038958  2.000000  
124.476321 0.016871  0.096754  -0.012627  0.982965  0.171927  -0.064969  0.035632  0.168521  0.985054  0.180306  -0.970588  0.159524  0.004979  0.001049  -0.003871  -0.191218  -0.221032  0.040099  2.000000  
124.477572 0.016876  0.096755  -0.012631  0.982980  0.171980  -0.064605  0.035227  0.168689  0.985040  0.180306  -0.970550  0.159760  0.004772  0.000999  -0.003790  -0.183138  -0.232543  0.041985  2.000000  
124.478575 0.016879  0.096756  -0.012634  0.982987  0.172007  -0.064423  0.035025  0.168773  0.985032  0.180306  -0.970530  0.159877  0.004572  0.000945  -0.003744  -0.176515  -0.234477  0.042393  2.000000  
124.479820 0.016883  0.096757  -0.012638  0.983001  0.172061  -0.064059  0.034620  0.168941  0.985018  0.180306  -0.970491  0.160113  0.004361  0.000877  -0.003648  -0.173818  -0.239191  0.043176  2.000000  
124.481067 0.016886  0.096757  -0.012642  0.983015  0.172115  -0.063696  0.034215  0.169110  0.985003  0.180306  -0.970453  0.160348  0.004082  0.000770  -0.003573  -0.167417  -0.252681  0.045438  2.000000  
124.482075 0.016888  0.096757  -0.012645  0.983029  0.172177  -0.063311  0.033810  0.169158  0.985009  0.180306  -0.970433  0.160466  0.003888  0.000717  -0.003531  -0.159269  -0.261278  0.046929  2.000000  
124.483321 0.016892  0.096757  -0.012648  0.983019  0.172361  -0.062969  0.033405  0.169331  0.984993  0.180437  -0.970370  0.160698  0.003651  0.000614  -0.003423  -0.156713  -0.265077  0.052093  2.000000  
124.484322 0.016893  0.096757  -0.012651  0.983026  0.172389  -0.062787  0.033202  0.169415  0.984985  0.180437  -0.970351  0.160815  0.003438  0.000555  -0.003304  -0.149956  -0.267436  0.052624  2.000000  
124.485576 0.016896  0.096757  -0.012655  0.983040  0.172443  -0.062423  0.032798  0.169583  0.984970  0.180437  -0.970312  0.161051  0.003211  0.000463  -0.003236  -0.147398  -0.271731  0.053310  2.000000  
124.486576 0.016897  0.096756  -0.012658  0.983053  0.172506  -0.062038  0.032393  0.169631  0.984975  0.180437  -0.970292  0.161168  0.003033  0.000383  -0.003188  -0.143287  -0.280674  0.054894  2.000000  
124.487577 0.016899  0.096757  -0.012661  0.983060  0.172533  -0.061856  0.032190  0.169715  0.984967  0.180437  -0.970273  0.161286  0.002816  0.000339  -0.003147  -0.139192  -0.280627  0.054938  2.000000  
124.488821 0.016901  0.096756  -0.012665  0.983073  0.172595  -0.061472  0.031786  0.169763  0.984972  0.180437  -0.970253  0.161404  0.002612  0.000247  -0.003121  -0.133885  -0.287369  0.056094  2.000000  
124.490069 0.016902  0.096756  -0.012669  0.983079  0.172615  -0.061311  0.031583  0.169967  0.984944  0.180437  -0.970214  0.161639  0.002389  0.000164  -0.003104  -0.129834  -0.287411  0.056193  2.000000  
124.491318 0.016903  0.096756  -0.012673  0.983068  0.172808  -0.060948  0.031178  0.170019  0.984947  0.180569  -0.970171  0.161753  0.002153  0.000084  -0.003044  -0.124682  -0.284264  0.060174  2.000000  
124.492319 0.016904  0.096755  -0.012675  0.983074  0.172835  -0.060766  0.030975  0.170103  0.984939  0.180569  -0.970151  0.161870  0.001982  0.000001  -0.003030  -0.120636  -0.284246  0.060224  2.000000  
124.493322 0.016905  0.096755  -0.012678  0.983087  0.172898  -0.060382  0.030571  0.170151  0.984944  0.180569  -0.970131  0.161988  0.001753  -0.000049  -0.002993  -0.116318  -0.293326  0.061883  2.000000  
124.494586 0.016906  0.096755  -0.012681  0.983093  0.172918  -0.060221  0.030368  0.170355  0.984915  0.180569  -0.970092  0.162223  0.001555  -0.000102  -0.002946  -0.117535  -0.286517  0.060832  2.000000  
124.495824 0.016906  0.096754  -0.012685  0.983106  0.172981  -0.059836  0.029963  0.170403  0.984919  0.180569  -0.970072  0.162341  0.001359  -0.000156  -0.002905  -0.113484  -0.286570  0.060898  2.000000  
124.497070 0.016907  0.096754  -0.012688  0.983118  0.173037  -0.059473  0.029559  0.170571  0.984902  0.180569  -0.970033  0.162576  0.001241  -0.000180  -0.002838  -0.111336  -0.290919  0.061578  2.000000  
124.498071 0.016907  0.096754  -0.012690  0.983124  0.173065  -0.059291  0.029356  0.170655  0.984894  0.180569  -0.970013  0.162694  0.001090  -0.000206  -0.002810  -0.109416  -0.286566  0.061025  2.000000  
124.499073 0.016907  0.096754  -0.012692  0.983130  0.173093  -0.059109  0.029154  0.170738  0.984885  0.180569  -0.969993  0.162812  0.000963  -0.000197  -0.002727  -0.105326  -0.286521  0.061069  2.000000  
124.500079 0.016908  0.096753  -0.012694  0.983142  0.173156  -0.058725  0.028749  0.170787  0.984889  0.180569  -0.969974  0.162929  0.000809  -0.000248  -0.002649  -0.101228  -0.286449  0.061109  2.000000  
124.501323 0.016908  0.096753  -0.012696  0.983148  0.173177  -0.058564  0.028547  0.170990  0.984859  0.180569  -0.969934  0.163165  0.000719  -0.000212  -0.002577  -0.102606  -0.280078  0.060141  2.000000  
124.502578 0.016908  0.096753  -0.012699  0.983160  0.173240  -0.058179  0.028142  0.171038  0.984862  0.180569  -0.969914  0.163282  0.000607  -0.000259  -0.002464  -0.098422  -0.279774  0.060129  2.000000  
124.503822 0.016908  0.096752  -0.012701  0.983171  0.173297  -0.057816  0.027737  0.171206  0.984845  0.180569  -0.969875  0.163518  0.000486  -0.000255  -0.002414  -0.100427  -0.284147  0.060798  2.000000  
124.504824 0.016908  0.096752  -0.012703  0.983177  0.173325  -0.057634  0.027535  0.171289  0.984836  0.180569  -0.969855  0.163635  0.000407  -0.000247  -0.002329  -0.098431  -0.280567  0.055810  2.000000  
124.506072 0.016908  0.096752  -0.012705  0.983188  0.173389  -0.057250  0.027130  0.171337  0.984839  0.180569  -0.969835  0.163753  0.000359  -0.000208  -0.002220  -0.094334  -0.280499  0.055850  2.000000  
124.507317 0.016909  0.096753  -0.012707  0.983199  0.173452  -0.056865  0.026725  0.171386  0.984841  0.180569  -0.969815  0.163871  0.000318  -0.000171  -0.002116  -0.088274  -0.284835  0.056551  2.000000  
124.508326 0.016909  0.096753  -0.012709  0.983210  0.173509  -0.056502  0.026320  0.171553  0.984823  0.180569  -0.969775  0.164106  0.000287  -0.000162  -0.002032  -0.093079  -0.287174  0.057070  2.000000  
124.509568 0.016910  0.096753  -0.012711  0.983221  0.173573  -0.056117  0.025915  0.171601  0.984826  0.180569  -0.969755  0.164224  0.000259  -0.000129  -0.001973  -0.088281  -0.284835  0.056659  2.000000  
124.510577 0.016910  0.096753  -0.012713  0.983226  0.173601  -0.055936  0.025713  0.171685  0.984816  0.180569  -0.969735  0.164341  0.000258  -0.000065  -0.001911  -0.086159  -0.280393  0.056041  2.000000  
124.511886 0.016911  0.096754  -0.012714  0.983237  0.173665  -0.055551  0.025308  0.171733  0.984818  0.180569  -0.969716  0.164459  0.000253  0.000001  -0.001811  -0.086003  -0.279876  0.055973  2.000000  
124.513070 0.016911  0.096754  -0.012716  0.983247  0.173723  -0.055188  0.024903  0.171900  0.984800  0.180569  -0.969676  0.164694  0.000269  0.000058  -0.001776  -0.084212  -0.285521  0.052411  2.000000  
124.514327 0.016912  0.096756  -0.012717  0.983257  0.173787  -0.054803  0.024498  0.171948  0.984801  0.180569  -0.969656  0.164812  0.000300  0.000132  -0.001640  -0.086183  -0.281245  0.051768  2.000000  
124.515578 0.016913  0.096756  -0.012718  0.983267  0.173844  -0.054440  0.024094  0.172115  0.984782  0.180569  -0.969616  0.165047  0.000362  0.000194  -0.001592  -0.086140  -0.281093  0.051810  2.000000  
124.516826 0.016914  0.096757  -0.012719  0.983277  0.173909  -0.054056  0.023689  0.172163  0.984784  0.180569  -0.969596  0.165164  0.000431  0.000294  -0.001443  -0.084902  -0.287834  0.052980  2.000000  
124.518072 0.016915  0.096758  -0.012720  0.983287  0.173973  -0.053671  0.023284  0.172211  0.984785  0.180569  -0.969576  0.165282  0.000474  0.000353  -0.001334  -0.080836  -0.287860  0.053039  2.000000  
124.519323 0.016916  0.096759  -0.012721  0.983272  0.174161  -0.053330  0.022878  0.172381  0.984765  0.180700  -0.969512  0.165513  0.000520  0.000429  -0.001231  -0.084898  -0.287118  0.057529  2.000000  
