1-Time 2-Px 3-Py 4-Pz 5-R11 6-R21 7-R31 8-R12 9-R22 10-R32 11-R13 12-R23 13-R33 14-Vx 15-Vy 16-Vz 17-Wx 18-Wy 19-Wz 20-state 21-PR11 22-PR21 23-PR31 24-PR12 25-PR22 26-PR32 27-PR13 28-PR23 29-PR33 
110.699564 0.016507  0.094751  -0.012432  0.989665  0.140773  0.027308  -0.036895  0.065943  0.997141  0.138569  -0.987843  0.070455  -0.002600  -0.000950  -0.002409  -0.039388  0.101644  0.279118  2.000000  
110.700812 0.016505  0.094750  -0.012435  0.989628  0.141037  0.027290  -0.036893  0.065933  0.997142  0.138834  -0.987806  0.070452  -0.002481  -0.000867  -0.002418  -0.038471  0.094490  0.275010  2.000000  
110.701819 0.016506  0.094750  -0.012436  0.989568  0.141345  0.027870  -0.037503  0.065957  0.997117  0.139099  -0.987761  0.070569  -0.002243  -0.000749  -0.002335  -0.035064  0.067600  0.274623  2.000000  
110.703060 0.016509  0.094750  -0.012438  0.989500  0.141667  0.028655  -0.038316  0.065951  0.997087  0.139364  -0.987715  0.070687  -0.001822  -0.000602  -0.002207  -0.035133  0.039954  0.274393  2.000000  
110.704314 0.016512  0.094750  -0.012439  0.989457  0.141840  0.029261  -0.038927  0.065858  0.997069  0.139497  -0.987696  0.070685  -0.001398  -0.000569  -0.002071  -0.027605  0.011992  0.265198  2.000000  
110.705317 0.016515  0.094750  -0.012440  0.989404  0.142135  0.029635  -0.039333  0.065910  0.997050  0.139762  -0.987651  0.070802  -0.000985  -0.000485  -0.001996  -0.028846  -0.008506  0.266525  2.000000  
110.706319 0.016520  0.094750  -0.012441  0.989350  0.142429  0.030010  -0.039739  0.065962  0.997031  0.140027  -0.987605  0.070919  -0.000472  -0.000399  -0.001891  -0.031117  -0.022221  0.268235  2.000000  
110.707558 0.016527  0.094750  -0.012442  0.989242  0.143015  0.030775  -0.040550  0.065944  0.996999  0.140557  -0.987521  0.071034  0.000237  -0.000313  -0.001731  -0.030378  -0.056024  0.274551  2.000000  
110.708558 0.016532  0.094750  -0.012443  0.989133  0.143602  0.031541  -0.041362  0.065925  0.996967  0.141087  -0.987437  0.071148  0.000773  -0.000260  -0.001657  -0.026549  -0.082678  0.285416  2.000000  
110.709561 0.016537  0.094749  -0.012443  0.989050  0.144042  0.032111  -0.041970  0.065940  0.996940  0.141484  -0.987372  0.071264  0.001232  -0.000225  -0.001500  -0.027737  -0.102827  0.291328  2.000000  
110.710598 0.016543  0.094750  -0.012444  0.988986  0.144351  0.032690  -0.042579  0.065961  0.996913  0.141749  -0.987326  0.071381  0.001815  -0.000145  -0.001423  -0.027938  -0.129982  0.292926  2.000000  
110.711810 0.016549  0.094752  -0.012446  0.988894  0.144809  0.033447  -0.043391  0.066067  0.996871  0.142146  -0.987252  0.071616  0.002452  0.000023  -0.001331  -0.028181  -0.157478  0.295386  2.000000  
110.712810 0.016555  0.094753  -0.012447  0.988820  0.145132  0.034231  -0.044204  0.066056  0.996836  0.142411  -0.987205  0.071733  0.002965  0.000109  -0.001228  -0.027426  -0.191624  0.297830  2.000000  
110.714061 0.016562  0.094754  -0.012447  0.988736  0.145476  0.035185  -0.045220  0.066258  0.996777  0.142676  -0.987141  0.072090  0.003649  0.000251  -0.001087  -0.034798  -0.225674  0.300236  2.000000  
110.715314 0.016570  0.094757  -0.012448  0.988651  0.145821  0.036139  -0.046236  0.066458  0.996717  0.142941  -0.987076  0.072446  0.004278  0.000473  -0.000931  -0.041185  -0.266963  0.298786  2.000000  
110.716570 0.016578  0.094762  -0.012446  0.988565  0.146271  0.036672  -0.046844  0.066712  0.996672  0.143338  -0.986992  0.072801  0.004860  0.000809  -0.000705  -0.046330  -0.286908  0.304664  2.000000  
110.717812 0.016587  0.094768  -0.012446  0.988478  0.146726  0.037187  -0.047452  0.067086  0.996618  0.143735  -0.986900  0.073276  0.005233  0.001169  -0.000550  -0.058666  -0.314257  0.306836  2.000000  
110.718815 0.016593  0.094771  -0.012444  0.988410  0.147045  0.037730  -0.048060  0.067346  0.996572  0.144000  -0.986834  0.073632  0.005561  0.001459  -0.000382  -0.067388  -0.331716  0.310394  2.000000  
110.720060 0.016601  0.094775  -0.012445  0.988312  0.147515  0.038449  -0.048871  0.067688  0.996509  0.144397  -0.986741  0.074106  0.005800  0.001712  -0.000374  -0.080234  -0.361713  0.315052  2.000000  
110.721064 0.016608  0.094778  -0.012447  0.988253  0.147825  0.038768  -0.049276  0.068098  0.996461  0.144662  -0.986666  0.074582  0.005973  0.001913  -0.000381  -0.089392  -0.382302  0.312076  2.000000  
110.722310 0.016617  0.094781  -0.012449  0.988184  0.148150  0.039292  -0.049885  0.068477  0.996405  0.144927  -0.986591  0.075058  0.006112  0.002092  -0.000491  -0.102678  -0.402751  0.313713  2.000000  
110.723318 0.016623  0.094783  -0.012452  0.988116  0.148574  0.039413  -0.050085  0.068789  0.996373  0.145324  -0.986506  0.075413  0.006164  0.002261  -0.000591  -0.112868  -0.405861  0.316192  2.000000  
110.724582 0.016631  0.094785  -0.012455  0.988026  0.149036  0.039907  -0.050693  0.069281  0.996308  0.145721  -0.986402  0.076006  0.006230  0.002418  -0.000745  -0.129993  -0.436074  0.320700  2.000000  
110.725809 0.016639  0.094786  -0.012459  0.987947  0.149480  0.040215  -0.051096  0.069683  0.996260  0.146118  -0.986306  0.076481  0.006402  0.002427  -0.000966  -0.144282  -0.450061  0.322133  2.000000  
110.726817 0.016646  0.094787  -0.012463  0.987897  0.149777  0.040327  -0.051298  0.070121  0.996219  0.146383  -0.986230  0.076956  0.006488  0.002375  -0.001194  -0.154341  -0.463369  0.323121  2.000000  
110.728072 0.016654  0.094786  -0.012470  0.987837  0.150089  0.040643  -0.051702  0.070529  0.996169  0.146648  -0.986154  0.077431  0.006534  0.002222  -0.001535  -0.168535  -0.476908  0.324242  2.000000  
110.729323 0.016661  0.094784  -0.012477  0.987767  0.150519  0.040745  -0.051903  0.070961  0.996128  0.147045  -0.986057  0.077905  0.006519  0.001980  -0.001991  -0.183676  -0.483700  0.324917  2.000000  
110.730581 0.016668  0.094783  -0.012486  0.987706  0.150837  0.041042  -0.052307  0.071489  0.996069  0.147309  -0.985970  0.078500  0.006392  0.001599  -0.002652  -0.201862  -0.497045  0.325967  2.000000  
110.731813 0.016675  0.094781  -0.012496  0.987636  0.151266  0.041143  -0.052507  0.071920  0.996027  0.147706  -0.985873  0.078974  0.006339  0.001136  -0.003334  -0.214278  -0.479315  0.327095  2.000000  
110.733060 0.016683  0.094779  -0.012507  0.987577  0.151686  0.041019  -0.052504  0.072503  0.995985  0.148103  -0.985766  0.079567  0.006299  0.000694  -0.004128  -0.234191  -0.451664  0.329596  2.000000  
110.734060 0.016689  0.094777  -0.012516  0.987538  0.151975  0.040906  -0.052502  0.073093  0.995942  0.148368  -0.985678  0.080162  0.006271  0.000350  -0.004766  -0.259476  -0.434582  0.335471  2.000000  
110.735063 0.016695  0.094776  -0.012525  0.987498  0.152258  0.040810  -0.052500  0.073563  0.995908  0.148633  -0.985599  0.080637  0.006185  -0.000062  -0.005447  -0.273578  -0.420798  0.334548  2.000000  
110.736313 0.016702  0.094774  -0.012535  0.987447  0.152566  0.040883  -0.052701  0.074242  0.995847  0.148897  -0.985501  0.081351  0.006125  -0.000347  -0.005871  -0.292415  -0.410398  0.331442  2.000000  
110.737320 0.016708  0.094772  -0.012543  0.987407  0.152849  0.040787  -0.052699  0.074711  0.995812  0.149162  -0.985421  0.081825  0.006099  -0.000646  -0.006347  -0.310746  -0.386858  0.323062  2.000000  
110.738571 0.016716  0.094770  -0.012552  0.987388  0.153011  0.040664  -0.052698  0.075429  0.995758  0.149294  -0.985342  0.082541  0.006053  -0.000973  -0.006763  -0.336056  -0.353682  0.307165  2.000000  
110.739821 0.016722  0.094768  -0.012561  0.987368  0.153172  0.040542  -0.052697  0.076146  0.995703  0.149427  -0.985261  0.083256  0.005979  -0.001201  -0.007059  -0.356234  -0.327247  0.291725  2.000000  
110.741057 0.016728  0.094766  -0.012568  0.987328  0.153469  0.040389  -0.052695  0.076978  0.995639  0.149691  -0.985151  0.084089  0.005835  -0.001350  -0.007229  -0.380755  -0.304334  0.288100  2.000000  
110.742061 0.016733  0.094764  -0.012575  0.987288  0.153757  0.040274  -0.052693  0.077568  0.995594  0.149956  -0.985059  0.084683  0.005653  -0.001468  -0.007313  -0.399947  -0.283966  0.286664  2.000000  
110.743075 0.016737  0.094763  -0.012580  0.987258  0.154029  0.039953  -0.052487  0.078189  0.995556  0.150220  -0.984968  0.085277  0.005500  -0.001567  -0.007369  -0.421004  -0.244928  0.285561  2.000000  
110.744309 0.016741  0.094759  -0.012588  0.987218  0.154321  0.039818  -0.052485  0.078900  0.995500  0.150485  -0.984865  0.085991  0.005361  -0.001670  -0.007399  -0.438002  -0.215880  0.281382  2.000000  
110.745322 0.016745  0.094757  -0.012594  0.987178  0.154608  0.039701  -0.052483  0.079489  0.995453  0.150749  -0.984773  0.086584  0.005257  -0.001732  -0.007325  -0.449620  -0.190533  0.277096  2.000000  
110.746570 0.016751  0.094755  -0.012602  0.987158  0.154769  0.039577  -0.052482  0.080207  0.995396  0.150882  -0.984690  0.087299  0.005126  -0.001730  -0.007187  -0.465016  -0.168863  0.268775  2.000000  
110.747807 0.016756  0.094753  -0.012610  0.987158  0.154802  0.039445  -0.052482  0.081052  0.995327  0.150882  -0.984615  0.088135  0.004979  -0.001738  -0.007009  -0.480201  -0.149493  0.253921  2.000000  
110.748814 0.016760  0.094751  -0.012616  0.987138  0.154958  0.039340  -0.052481  0.081649  0.995278  0.151014  -0.984541  0.088731  0.004874  -0.001744  -0.006797  -0.491244  -0.129422  0.247852  2.000000  
110.750072 0.016766  0.094749  -0.012623  0.987107  0.155139  0.039401  -0.052683  0.082455  0.995201  0.151146  -0.984446  0.089565  0.004717  -0.001728  -0.006498  -0.507490  -0.104966  0.236182  2.000000  
110.751311 0.016772  0.094747  -0.012629  0.987086  0.155304  0.039257  -0.052682  0.083293  0.995132  0.151278  -0.984349  0.090399  0.004672  -0.001743  -0.006225  -0.517513  -0.089606  0.231311  2.000000  
110.752559 0.016779  0.094747  -0.012633  0.987066  0.155464  0.039132  -0.052681  0.084010  0.995071  0.151411  -0.984263  0.091113  0.004611  -0.001662  -0.005802  -0.527560  -0.076678  0.221315  2.000000  
110.753805 0.016786  0.094745  -0.012636  0.987015  0.155778  0.039180  -0.052882  0.084809  0.994993  0.151675  -0.984145  0.091945  0.004586  -0.001644  -0.005477  -0.540743  -0.070150  0.216373  2.000000  
110.754812 0.016791  0.094744  -0.012639  0.986994  0.155933  0.039073  -0.052881  0.085405  0.994942  0.151807  -0.984068  0.092540  0.004554  -0.001617  -0.005207  -0.546762  -0.056880  0.210790  2.000000  
110.756057 0.016797  0.094740  -0.012643  0.986963  0.156116  0.039133  -0.053083  0.086211  0.994862  0.151940  -0.983969  0.093374  0.004547  -0.001735  -0.004958  -0.560080  -0.050759  0.201423  2.000000  
110.757303 0.016803  0.094737  -0.012645  0.986932  0.156298  0.039193  -0.053285  0.087016  0.994781  0.152072  -0.983869  0.094207  0.004625  -0.001761  -0.004604  -0.573112  -0.044623  0.191943  2.000000  
110.758560 0.016809  0.094734  -0.012647  0.986901  0.156476  0.039271  -0.053487  0.087701  0.994710  0.152204  -0.983780  0.094921  0.004707  -0.001789  -0.004252  -0.577081  -0.044878  0.187508  2.000000  
110.759805 0.016814  0.094731  -0.012647  0.986869  0.156659  0.039330  -0.053689  0.088506  0.994628  0.152336  -0.983679  0.095755  0.004732  -0.001821  -0.003688  -0.590398  -0.038787  0.178107  2.000000  
110.760805 0.016819  0.094729  -0.012645  0.986849  0.156819  0.039203  -0.053688  0.089223  0.994564  0.152469  -0.983589  0.096469  0.004791  -0.001800  -0.003152  -0.599308  -0.032301  0.173029  2.000000  
110.761828 0.016824  0.094729  -0.012643  0.986818  0.156993  0.039300  -0.053890  0.089786  0.994502  0.152601  -0.983510  0.097063  0.004865  -0.001739  -0.002559  -0.608239  -0.032867  0.169972  2.000000  
110.763055 0.016830  0.094727  -0.012639  0.986786  0.157176  0.039358  -0.054092  0.090591  0.994418  0.152733  -0.983407  0.097896  0.004899  -0.001676  -0.001799  -0.614505  -0.040051  0.160370  2.000000  
110.764055 0.016835  0.094727  -0.012636  0.986754  0.157355  0.039435  -0.054294  0.091275  0.994344  0.152865  -0.983315  0.098610  0.004957  -0.001591  -0.001174  -0.617503  -0.047104  0.156567  2.000000  
110.765065 0.016839  0.094726  -0.012632  0.986723  0.157534  0.039512  -0.054496  0.091959  0.994270  0.152998  -0.983223  0.099323  0.004906  -0.001566  -0.000626  -0.625466  -0.055003  0.149520  2.000000  
110.766309 0.016845  0.094725  -0.012629  0.986691  0.157718  0.039570  -0.054698  0.092764  0.994185  0.153130  -0.983118  0.100156  0.004863  -0.001480  -0.000027  -0.628544  -0.054454  0.148365  2.000000  
110.767311 0.016850  0.094725  -0.012627  0.986691  0.157746  0.039455  -0.054698  0.093487  0.994117  0.153130  -0.983044  0.100871  0.004778  -0.001491  0.000387  -0.636733  -0.055197  0.139539  2.000000  
110.768562 0.016854  0.094723  -0.012625  0.986659  0.157935  0.039493  -0.054900  0.094412  0.994018  0.153262  -0.982926  0.101823  0.004665  -0.001479  0.000795  -0.643781  -0.061834  0.140220  2.000000  
110.769563 0.016858  0.094722  -0.012623  0.986628  0.158115  0.039569  -0.055102  0.095096  0.993942  0.153394  -0.982831  0.102536  0.004554  -0.001492  0.000999  -0.648104  -0.069058  0.142080  2.000000  
110.770572 0.016861  0.094720  -0.012621  0.986596  0.158295  0.039645  -0.055304  0.095779  0.993865  0.153526  -0.982736  0.103249  0.004455  -0.001386  0.001420  -0.650867  -0.076168  0.138242  2.000000  
110.771810 0.016865  0.094718  -0.012618  0.986575  0.158464  0.039477  -0.055303  0.096736  0.993772  0.153659  -0.982614  0.104201  0.004303  -0.001377  0.001796  -0.655029  -0.076482  0.133856  2.000000  
110.773057 0.016869  0.094715  -0.012616  0.986543  0.158649  0.039533  -0.055505  0.097540  0.993683  0.153791  -0.982505  0.105033  0.004162  -0.001348  0.002080  -0.655922  -0.089728  0.129735  2.000000  
110.774331 0.016872  0.094711  -0.012612  0.986532  0.158698  0.039622  -0.055708  0.098230  0.993603  0.153791  -0.982428  0.105748  0.003964  -0.001405  0.002326  -0.655609  -0.098397  0.118003  2.000000  
110.775560 0.016874  0.094706  -0.012610  0.986500  0.158883  0.039678  -0.055910  0.099034  0.993512  0.153923  -0.982318  0.106580  0.003717  -0.001569  0.002386  -0.657609  -0.104306  0.117832  2.000000  
110.776805 0.016876  0.094701  -0.012608  0.986459  0.159184  0.039495  -0.055908  0.099983  0.993417  0.154187  -0.982173  0.107529  0.003452  -0.001855  0.002348  -0.665541  -0.103742  0.122335  2.000000  
110.777807 0.016878  0.094697  -0.012606  0.986426  0.159360  0.039588  -0.056110  0.100545  0.993349  0.154320  -0.982087  0.108122  0.003260  -0.002056  0.002256  -0.660428  -0.109962  0.127513  2.000000  
110.779058 0.016880  0.094691  -0.012606  0.986406  0.159525  0.039439  -0.056108  0.101381  0.993264  0.154452  -0.981974  0.108954  0.002967  -0.002402  0.001985  -0.664674  -0.109896  0.127641  2.000000  
110.780308 0.016882  0.094684  -0.012606  0.986365  0.159820  0.039274  -0.056106  0.102209  0.993179  0.154716  -0.981840  0.109783  0.002719  -0.002779  0.001718  -0.666437  -0.102697  0.131634  2.000000  
110.781312 0.016883  0.094680  -0.012606  0.986332  0.159997  0.039366  -0.056308  0.102771  0.993110  0.154848  -0.981753  0.110376  0.002510  -0.003067  0.001558  -0.661716  -0.110095  0.133294  2.000000  
110.782314 0.016885  0.094674  -0.012606  0.986312  0.160152  0.039255  -0.056307  0.103366  0.993048  0.154981  -0.981665  0.110969  0.002314  -0.003428  0.001372  -0.661693  -0.110010  0.133359  2.000000  
110.783563 0.016885  0.094667  -0.012607  0.986291  0.160311  0.039123  -0.056306  0.104081  0.992974  0.155113  -0.981564  0.111681  0.002021  -0.003789  0.001158  -0.658598  -0.103555  0.128257  2.000000  
110.784573 0.016886  0.094661  -0.012608  0.986270  0.160466  0.039011  -0.056304  0.104676  0.992911  0.155245  -0.981475  0.112274  0.001844  -0.004088  0.000985  -0.658505  -0.103463  0.128305  2.000000  
110.785811 0.016886  0.094654  -0.012610  0.986249  0.160625  0.038879  -0.056303  0.105391  0.992836  0.155377  -0.981373  0.112986  0.001606  -0.004417  0.000725  -0.655650  -0.096587  0.127706  2.000000  
110.786812 0.016886  0.094648  -0.012611  0.986240  0.160758  0.038562  -0.056099  0.106019  0.992780  0.155509  -0.981283  0.113579  0.001378  -0.004706  0.000498  -0.657675  -0.082426  0.130782  2.000000  
110.788060 0.016886  0.094641  -0.012612  0.986219  0.160917  0.038430  -0.056098  0.106734  0.992704  0.155642  -0.981180  0.114290  0.001174  -0.004967  0.000151  -0.654658  -0.075524  0.130124  2.000000  
110.789060 0.016886  0.094635  -0.012615  0.986210  0.161050  0.038112  -0.055894  0.107362  0.992648  0.155774  -0.981089  0.114883  0.000980  -0.005172  -0.000144  -0.655762  -0.068651  0.129453  2.000000  
110.790061 0.016886  0.094629  -0.012617  0.986189  0.161204  0.037999  -0.055892  0.107956  0.992583  0.155906  -0.980999  0.115475  0.000879  -0.005281  -0.000443  -0.652749  -0.062248  0.124298  2.000000  
110.791309 0.016886  0.094622  -0.012621  0.986180  0.161340  0.037662  -0.055688  0.108704  0.992513  0.156038  -0.980894  0.116187  0.000675  -0.005457  -0.000866  -0.650852  -0.048560  0.122882  2.000000  
110.792554 0.016885  0.094614  -0.012625  0.986159  0.161498  0.037529  -0.055687  0.109419  0.992435  0.156170  -0.980788  0.116898  0.000519  -0.005602  -0.001249  -0.649784  -0.048096  0.121950  2.000000  
110.793558 0.016885  0.094608  -0.012629  0.986150  0.161625  0.037231  -0.055483  0.109927  0.992390  0.156302  -0.980711  0.117372  0.000401  -0.005722  -0.001583  -0.643541  -0.034522  0.120449  2.000000  
110.794572 0.016886  0.094602  -0.012632  0.986150  0.161647  0.037133  -0.055483  0.110529  0.992323  0.156302  -0.980639  0.117966  0.000312  -0.005733  -0.001785  -0.641475  -0.028404  0.116195  2.000000  
110.795810 0.016887  0.094596  -0.012635  0.986119  0.161918  0.036759  -0.055277  0.111390  0.992238  0.156567  -0.980497  0.118794  0.000262  -0.005753  -0.001974  -0.642674  -0.013630  0.122683  2.000000  
110.797059 0.016888  0.094589  -0.012637  0.986110  0.162053  0.036421  -0.055073  0.112138  0.992165  0.156699  -0.980390  0.119505  0.000275  -0.005731  -0.002073  -0.640828  -0.000057  0.121197  2.000000  
110.798316 0.016890  0.094583  -0.012640  0.986089  0.162210  0.036287  -0.055072  0.112853  0.992084  0.156831  -0.980282  0.120216  0.000321  -0.005661  -0.002182  -0.630811  0.006853  0.121416  2.000000  
110.799561 0.016892  0.094577  -0.012642  0.986079  0.162348  0.035929  -0.054868  0.113721  0.991996  0.156963  -0.980158  0.121046  0.000430  -0.005642  -0.002250  -0.631849  0.020365  0.118887  2.000000  
110.800563 0.016894  0.094572  -0.012645  0.986079  0.162370  0.035831  -0.054868  0.114323  0.991927  0.156963  -0.980085  0.121640  0.000541  -0.005570  -0.002409  -0.629016  0.026678  0.113697  2.000000  
110.801809 0.016898  0.094565  -0.012649  0.986058  0.162527  0.035696  -0.054867  0.115037  0.991845  0.157095  -0.979975  0.122351  0.000749  -0.005504  -0.002541  -0.620769  0.026768  0.113645  2.000000  
110.802838 0.016900  0.094560  -0.012652  0.986037  0.162680  0.035581  -0.054866  0.115631  0.991776  0.157227  -0.979880  0.122942  0.000937  -0.005456  -0.002694  -0.618253  0.033830  0.113671  2.000000  
110.804057 0.016904  0.094554  -0.012657  0.986016  0.162836  0.035446  -0.054864  0.116346  0.991692  0.157359  -0.979769  0.123653  0.001166  -0.005369  -0.002805  -0.620494  0.041295  0.117536  2.000000  
110.805059 0.016907  0.094549  -0.012660  0.986006  0.162965  0.035127  -0.054660  0.116974  0.991630  0.157492  -0.979673  0.124244  0.001405  -0.005295  -0.002865  -0.621336  0.054475  0.114919  2.000000  
110.806308 0.016911  0.094544  -0.012664  0.985985  0.163117  0.035011  -0.054659  0.117568  0.991559  0.157624  -0.979577  0.124836  0.001706  -0.005161  -0.002878  -0.609902  0.054470  0.111306  2.000000  
110.807559 0.016916  0.094540  -0.012667  0.985943  0.163404  0.034859  -0.054657  0.118275  0.991476  0.157888  -0.979444  0.125543  0.002097  -0.004894  -0.002757  -0.605903  0.061353  0.113967  2.000000  
110.808562 0.016921  0.094536  -0.012670  0.985932  0.163449  0.034964  -0.054860  0.118843  0.991396  0.157888  -0.979368  0.126137  0.002390  -0.004752  -0.002730  -0.605117  0.054187  0.110359  2.000000  
110.809807 0.016926  0.094532  -0.012673  0.985911  0.163610  0.034808  -0.054859  0.119677  0.991296  0.158020  -0.979239  0.126966  0.002705  -0.004556  -0.002692  -0.605752  0.054170  0.106702  2.000000  
110.811054 0.016931  0.094528  -0.012677  0.985890  0.163762  0.034692  -0.054857  0.120271  0.991224  0.158152  -0.979141  0.127557  0.002966  -0.004414  -0.002752  -0.598931  0.061055  0.105883  2.000000  
110.812054 0.016936  0.094525  -0.012680  0.985869  0.163914  0.034576  -0.054856  0.120865  0.991152  0.158284  -0.979042  0.128148  0.003207  -0.004318  -0.002862  -0.597980  0.061142  0.109395  2.000000  
110.813309 0.016942  0.094521  -0.012683  0.985836  0.164094  0.034643  -0.055058  0.121545  0.991058  0.158416  -0.978928  0.128858  0.003466  -0.004188  -0.002909  -0.596791  0.054481  0.110153  2.000000  
110.814570 0.016948  0.094517  -0.012687  0.985815  0.164250  0.034506  -0.055057  0.122259  0.990970  0.158549  -0.978813  0.129568  0.003714  -0.003974  -0.003015  -0.596823  0.054016  0.105691  2.000000  
110.815810 0.016954  0.094514  -0.012691  0.985794  0.164402  0.034389  -0.055056  0.122853  0.990897  0.158681  -0.978713  0.130159  0.003951  -0.003790  -0.003051  -0.592754  0.054083  0.105650  2.000000  
110.817062 0.016959  0.094511  -0.012695  0.985761  0.164583  0.034456  -0.055257  0.123533  0.990801  0.158813  -0.978597  0.130868  0.004114  -0.003521  -0.002977  -0.587365  0.041060  0.108177  2.000000  
110.818308 0.016965  0.094507  -0.012698  0.985750  0.164630  0.034560  -0.055460  0.124100  0.990719  0.158813  -0.978517  0.131462  0.004261  -0.003383  -0.002910  -0.581458  0.033507  0.103681  2.000000  
110.819308 0.016969  0.094505  -0.012701  0.985729  0.164777  0.034463  -0.055459  0.124573  0.990659  0.158945  -0.978432  0.131933  0.004363  -0.003206  -0.002904  -0.576346  0.026840  0.104513  2.000000  
110.820310 0.016974  0.094502  -0.012703  0.985707  0.164924  0.034365  -0.055458  0.125046  0.990600  0.159077  -0.978347  0.132405  0.004398  -0.003110  -0.002824  -0.573322  0.027142  0.105427  2.000000  
110.821311 0.016978  0.094499  -0.012707  0.985675  0.165098  0.034471  -0.055660  0.125485  0.990533  0.159209  -0.978262  0.132877  0.004418  -0.003027  -0.002862  -0.570659  0.013616  0.107049  2.000000  
110.822312 0.016982  0.094497  -0.012709  0.985675  0.165114  0.034391  -0.055660  0.125966  0.990472  0.159209  -0.978197  0.133352  0.004428  -0.002941  -0.002860  -0.566570  0.013104  0.102579  2.000000  
110.823561 0.016986  0.094493  -0.012714  0.985642  0.165292  0.034477  -0.055861  0.126525  0.990389  0.159341  -0.978095  0.133942  0.004381  -0.002877  -0.002941  -0.564407  -0.000385  0.104314  2.000000  
110.824569 0.016990  0.094490  -0.012718  0.985630  0.165335  0.034601  -0.056064  0.126972  0.990321  0.159341  -0.978030  0.134417  0.004330  -0.002867  -0.003038  -0.558812  -0.007054  0.104347  2.000000  
110.825808 0.016994  0.094485  -0.012724  0.985609  0.165486  0.034482  -0.056063  0.127565  0.990244  0.159473  -0.977927  0.135007  0.004271  -0.002882  -0.003188  -0.549629  -0.014271  0.100798  2.000000  
110.826808 0.016997  0.094482  -0.012729  0.985576  0.165656  0.034608  -0.056265  0.127884  0.990192  0.159605  -0.977857  0.135360  0.004169  -0.002858  -0.003365  -0.539801  -0.027886  0.103413  2.000000  
110.828054 0.017001  0.094478  -0.012736  0.985565  0.165703  0.034711  -0.056468  0.128450  0.990107  0.159605  -0.977775  0.135953  0.004008  -0.002911  -0.003550  -0.534820  -0.035189  0.099894  2.000000  
110.829309 0.017004  0.094473  -0.012742  0.985532  0.165877  0.034817  -0.056669  0.128889  0.990039  0.159737  -0.977687  0.136424  0.003841  -0.003012  -0.003731  -0.520218  -0.048660  0.101667  2.000000  
110.830310 0.017007  0.094469  -0.012747  0.985499  0.166047  0.034942  -0.056871  0.129207  0.989985  0.159869  -0.977616  0.136777  0.003759  -0.003060  -0.003820  -0.514810  -0.054354  0.106150  2.000000  
110.831560 0.017011  0.094464  -0.012753  0.985477  0.166199  0.034823  -0.056870  0.129800  0.989908  0.160002  -0.977512  0.137367  0.003550  -0.003185  -0.003981  -0.506675  -0.054271  0.106181  2.000000  
110.832561 0.017014  0.094461  -0.012758  0.985465  0.166238  0.034966  -0.057073  0.130126  0.989853  0.160002  -0.977462  0.137723  0.003436  -0.003270  -0.004133  -0.497636  -0.061541  0.102709  2.000000  
110.833811 0.017017  0.094456  -0.012764  0.985432  0.166413  0.035071  -0.057274  0.130565  0.989784  0.160134  -0.977374  0.138194  0.003310  -0.003343  -0.004328  -0.488255  -0.068731  0.104473  2.000000  
110.835058 0.017020  0.094451  -0.012770  0.985421  0.166457  0.035194  -0.057477  0.131011  0.989713  0.160134  -0.977307  0.138668  0.003167  -0.003421  -0.004468  -0.478029  -0.082135  0.101038  2.000000  
110.836059 0.017023  0.094447  -0.012775  0.985387  0.166627  0.035318  -0.057679  0.131329  0.989659  0.160266  -0.977235  0.139021  0.003048  -0.003512  -0.004631  -0.472764  -0.089542  0.102837  2.000000  
110.837308 0.017025  0.094442  -0.012782  0.985375  0.166671  0.035441  -0.057882  0.131775  0.989588  0.160266  -0.977167  0.139495  0.002859  -0.003650  -0.004851  -0.463519  -0.097460  0.094899  2.000000  
110.838309 0.017027  0.094437  -0.012787  0.985354  0.166815  0.035362  -0.057880  0.132127  0.989541  0.160398  -0.977095  0.139847  0.002732  -0.003768  -0.004968  -0.456493  -0.090044  0.098490  2.000000  
110.839562 0.017030  0.094433  -0.012794  0.985321  0.166990  0.035466  -0.058082  0.132565  0.989471  0.160530  -0.977006  0.140318  0.002674  -0.003783  -0.005091  -0.443022  -0.096719  0.099448  2.000000  
110.840806 0.017032  0.094428  -0.012800  0.985309  0.167034  0.035588  -0.058285  0.133011  0.989399  0.160530  -0.976938  0.140792  0.002543  -0.003836  -0.005091  -0.437874  -0.104051  0.095982  2.000000  
110.841808 0.017035  0.094425  -0.012804  0.985275  0.167205  0.035712  -0.058486  0.133329  0.989345  0.160662  -0.976865  0.141145  0.002519  -0.003827  -0.005012  -0.429373  -0.109929  0.096217  2.000000  
110.843055 0.017038  0.094420  -0.012810  0.985242  0.167376  0.035836  -0.058688  0.133647  0.989290  0.160794  -0.976793  0.141497  0.002446  -0.003821  -0.004993  -0.416433  -0.110735  0.097042  2.000000  
110.844304 0.017041  0.094416  -0.012815  0.985230  0.167417  0.035979  -0.058891  0.133972  0.989234  0.160794  -0.976741  0.141853  0.002449  -0.003757  -0.004879  -0.407796  -0.117088  0.092788  2.000000  
110.845306 0.017044  0.094414  -0.012820  0.985230  0.167430  0.035918  -0.058891  0.134332  0.989185  0.160794  -0.976689  0.142208  0.002426  -0.003702  -0.004900  -0.399759  -0.117058  0.092857  2.000000  
110.846308 0.017046  0.094410  -0.012826  0.985217  0.167470  0.036061  -0.059094  0.134658  0.989129  0.160794  -0.976638  0.142563  0.002408  -0.003671  -0.004934  -0.390871  -0.118610  0.089245  2.000000  
110.847308 0.017049  0.094407  -0.012831  0.985205  0.167507  0.036224  -0.059296  0.134863  0.989088  0.160794  -0.976603  0.142800  0.002416  -0.003651  -0.004961  -0.382395  -0.124899  0.085043  2.000000  
110.848565 0.017053  0.094403  -0.012837  0.985171  0.167683  0.036327  -0.059498  0.135301  0.989017  0.160926  -0.976512  0.143271  0.002416  -0.003583  -0.004931  -0.377347  -0.125864  0.085814  2.000000  
110.849808 0.017056  0.094399  -0.012843  0.985159  0.167724  0.036470  -0.059701  0.135626  0.988960  0.160926  -0.976460  0.143626  0.002449  -0.003529  -0.004959  -0.369150  -0.131516  0.086118  2.000000  
110.851058 0.017060  0.094395  -0.012850  0.985125  0.167896  0.036593  -0.059902  0.135943  0.988904  0.161058  -0.976386  0.143979  0.002487  -0.003481  -0.004962  -0.360014  -0.133209  0.082465  2.000000  
110.852307 0.017064  0.094391  -0.012855  0.985113  0.167932  0.036756  -0.060105  0.136149  0.988863  0.161058  -0.976351  0.144215  0.002612  -0.003362  -0.004869  -0.347857  -0.138787  0.082786  2.000000  
110.853308 0.017067  0.094389  -0.012860  0.985101  0.167969  0.036919  -0.060308  0.136354  0.988823  0.161058  -0.976316  0.144452  0.002694  -0.003245  -0.004811  -0.339708  -0.139363  0.078408  2.000000  
110.854309 0.017070  0.094385  -0.012864  0.985067  0.168137  0.037062  -0.060509  0.136551  0.988783  0.161190  -0.976260  0.144686  0.002711  -0.003225  -0.004721  -0.330432  -0.139911  0.083607  2.000000  
110.855310 0.017073  0.094383  -0.012868  0.985054  0.168174  0.037225  -0.060712  0.136756  0.988742  0.161190  -0.976225  0.144923  0.002774  -0.003164  -0.004673  -0.321031  -0.147223  0.080141  2.000000  
110.856327 0.017076  0.094380  -0.012872  0.985042  0.168211  0.037388  -0.060915  0.136962  0.988702  0.161190  -0.976190  0.145160  0.002858  -0.003132  -0.004650  -0.316906  -0.147819  0.075725  2.000000  
110.857559 0.017081  0.094376  -0.012877  0.985008  0.168383  0.037511  -0.061116  0.137279  0.988645  0.161322  -0.976116  0.145512  0.002969  -0.003049  -0.004624  -0.308761  -0.147148  0.080252  2.000000  
110.858574 0.017084  0.094374  -0.012881  0.984995  0.168421  0.037673  -0.061319  0.137484  0.988604  0.161322  -0.976080  0.145748  0.002986  -0.002987  -0.004607  -0.304497  -0.147678  0.075802  2.000000  
110.859807 0.017088  0.094370  -0.012886  0.984982  0.168458  0.037836  -0.061522  0.137689  0.988563  0.161322  -0.976045  0.145985  0.003018  -0.002976  -0.004571  -0.291366  -0.155157  0.072447  2.000000  
110.861056 0.017092  0.094367  -0.012892  0.984970  0.168496  0.037999  -0.061725  0.137894  0.988522  0.161322  -0.976009  0.146222  0.003111  -0.002886  -0.004502  -0.283189  -0.155769  0.068049  2.000000  
110.862312 0.017096  0.094364  -0.012897  0.984935  0.168669  0.038121  -0.061926  0.138211  0.988465  0.161454  -0.975935  0.146574  0.003133  -0.002859  -0.004403  -0.280829  -0.153808  0.071954  2.000000  
110.863559 0.017100  0.094361  -0.012902  0.984923  0.168706  0.038284  -0.062129  0.138416  0.988423  0.161454  -0.975899  0.146811  0.003139  -0.002816  -0.004340  -0.272728  -0.154422  0.067596  2.000000  
110.864569 0.017102  0.094358  -0.012906  0.984910  0.168744  0.038446  -0.062332  0.138621  0.988382  0.161454  -0.975864  0.147047  0.003116  -0.002788  -0.004270  -0.263576  -0.161123  0.068642  2.000000  
110.865810 0.017106  0.094355  -0.012911  0.984897  0.168782  0.038609  -0.062534  0.138826  0.988340  0.161454  -0.975828  0.147284  0.003102  -0.002719  -0.004140  -0.258675  -0.156306  0.063821  2.000000  
110.867062 0.017108  0.094352  -0.012916  0.984862  0.168950  0.038752  -0.062736  0.139023  0.988300  0.161586  -0.975771  0.147518  0.003022  -0.002684  -0.004105  -0.250486  -0.155612  0.068320  2.000000  
110.868308 0.017111  0.094349  -0.012921  0.984850  0.168993  0.038894  -0.062939  0.139348  0.988241  0.161586  -0.975717  0.147873  0.002943  -0.002650  -0.004070  -0.247322  -0.161664  0.064392  2.000000  
110.869561 0.017114  0.094346  -0.012925  0.984837  0.169031  0.039056  -0.063141  0.139553  0.988199  0.161586  -0.975681  0.148109  0.002866  -0.002638  -0.004030  -0.239230  -0.162294  0.060040  2.000000  
110.870563 0.017116  0.094343  -0.012929  0.984824  0.169065  0.039239  -0.063344  0.139638  0.988174  0.161586  -0.975663  0.148228  0.002817  -0.002573  -0.003970  -0.228944  -0.163594  0.060577  2.000000  
110.871810 0.017119  0.094339  -0.012934  0.984810  0.169103  0.039401  -0.063547  0.139843  0.988133  0.161586  -0.975627  0.148464  0.002684  -0.002605  -0.003978  -0.224905  -0.164269  0.056191  2.000000  
110.873058 0.017121  0.094335  -0.012940  0.984797  0.169137  0.039584  -0.063750  0.139928  0.988107  0.161586  -0.975609  0.148583  0.002554  -0.002635  -0.004030  -0.212668  -0.164916  0.051794  2.000000  
110.874061 0.017122  0.094332  -0.012943  0.984797  0.169146  0.039543  -0.063750  0.140167  0.988073  0.161586  -0.975573  0.148819  0.002411  -0.002686  -0.003993  -0.213732  -0.158110  0.050816  2.000000  
110.875307 0.017124  0.094329  -0.012948  0.984784  0.169180  0.039726  -0.063952  0.140252  0.988048  0.161586  -0.975555  0.148938  0.002309  -0.002703  -0.003975  -0.201572  -0.158148  0.050881  2.000000  
110.876308 0.017126  0.094326  -0.012951  0.984784  0.169185  0.039706  -0.063952  0.140372  0.988031  0.161586  -0.975537  0.149056  0.002231  -0.002701  -0.003885  -0.194534  -0.151382  0.049910  2.000000  
110.877311 0.017128  0.094323  -0.012954  0.984771  0.169223  0.039868  -0.064155  0.140577  0.987989  0.161586  -0.975501  0.149293  0.002143  -0.002744  -0.003857  -0.193353  -0.158072  0.050941  2.000000  
110.878312 0.017130  0.094320  -0.012958  0.984771  0.169228  0.039847  -0.064155  0.140697  0.987972  0.161586  -0.975483  0.149411  0.002043  -0.002777  -0.003830  -0.186367  -0.152022  0.045535  2.000000  
110.879554 0.017132  0.094316  -0.012962  0.984758  0.169262  0.040030  -0.064358  0.140782  0.987947  0.161586  -0.975464  0.149529  0.001991  -0.002816  -0.003734  -0.180791  -0.150764  0.045188  2.000000  
110.880563 0.017134  0.094313  -0.012965  0.984758  0.169267  0.040010  -0.064358  0.140902  0.987930  0.161586  -0.975446  0.149648  0.001914  -0.002893  -0.003688  -0.173832  -0.144743  0.039813  2.000000  
110.881812 0.017136  0.094309  -0.012969  0.984745  0.169301  0.040193  -0.064561  0.140987  0.987904  0.161586  -0.975428  0.149766  0.001842  -0.002899  -0.003635  -0.167047  -0.145873  0.040162  2.000000  
110.883059 0.017137  0.094305  -0.012974  0.984745  0.169306  0.040172  -0.064561  0.141107  0.987887  0.161586  -0.975410  0.149884  0.001778  -0.002985  -0.003632  -0.164106  -0.139129  0.039175  2.000000  
110.884312 0.017139  0.094301  -0.012978  0.984731  0.169339  0.040355  -0.064763  0.141192  0.987862  0.161586  -0.975392  0.150003  0.001721  -0.003007  -0.003575  -0.157120  -0.133090  0.033755  2.000000  
110.885561 0.017141  0.094297  -0.012982  0.984731  0.169344  0.040334  -0.064763  0.141311  0.987845  0.161586  -0.975374  0.150121  0.001684  -0.003043  -0.003519  -0.151725  -0.131939  0.033488  2.000000  
110.886563 0.017143  0.094295  -0.012984  0.984731  0.169349  0.040314  -0.064763  0.141431  0.987827  0.161586  -0.975355  0.150239  0.001659  -0.002986  -0.003375  0.000000  0.000000  0.000000  2.000000  
110.887808 0.017145  0.094292  -0.012987  0.984731  0.169354  0.040293  -0.064763  0.141551  0.987810  0.161586  -0.975337  0.150358  0.001631  -0.002961  -0.003270  0.000000  0.000000  0.000000  2.000000  
110.888809 0.017147  0.094289  -0.012990  0.984718  0.169383  0.040497  -0.064966  0.141516  0.987802  0.161586  -0.975337  0.150358  0.001662  -0.002907  -0.003130  0.000000  0.000000  0.000000  2.000000  
110.890059 0.017149  0.094287  -0.012993  0.984739  0.169258  0.040496  -0.064967  0.141645  0.987783  0.161454  -0.975340  0.150479  0.001657  -0.002839  -0.003036  0.000000  0.000000  0.000000  2.000000  
110.891307 0.017151  0.094284  -0.012995  0.984739  0.169263  0.040476  -0.064967  0.141764  0.987766  0.161454  -0.975322  0.150598  0.001673  -0.002790  -0.002952  0.000000  0.000000  0.000000  2.000000  
110.892556 0.017153  0.094282  -0.012998  0.984726  0.169297  0.040659  -0.065170  0.141849  0.987741  0.161454  -0.975304  0.150716  0.001638  -0.002677  -0.002861  0.000000  0.000000  0.000000  2.000000  
110.893558 0.017155  0.094280  -0.013000  0.984726  0.169302  0.040638  -0.065170  0.141969  0.987723  0.161454  -0.975285  0.150834  0.001632  -0.002603  -0.002755  0.000000  0.000000  0.000000  2.000000  
110.894570 0.017157  0.094278  -0.013001  0.984726  0.169302  0.040638  -0.065170  0.141969  0.987723  0.161454  -0.975285  0.150834  0.001636  -0.002477  -0.002619  0.000000  0.000000  0.000000  2.000000  
110.895806 0.017159  0.094276  -0.013003  0.984734  0.169206  0.040841  -0.065374  0.142063  0.987697  0.161322  -0.975288  0.150956  0.001653  -0.002379  -0.002466  0.000000  0.000000  0.000000  2.000000  
110.897077 0.017161  0.094275  -0.013004  0.984734  0.169206  0.040841  -0.065374  0.142063  0.987697  0.161322  -0.975288  0.150956  0.001650  -0.002179  -0.002223  0.000000  0.000000  0.000000  2.000000  
110.898329 0.017162  0.094273  -0.013006  0.984721  0.169240  0.041024  -0.065577  0.142148  0.987671  0.161322  -0.975270  0.151074  0.001622  -0.002079  -0.002101  0.000000  0.000000  0.000000  2.000000  
110.899561 0.017165  0.094271  -0.013007  0.984721  0.169240  0.041024  -0.065577  0.142148  0.987671  0.161322  -0.975270  0.151074  0.001657  -0.001923  -0.001932  0.000000  0.000000  0.000000  2.000000  
110.900564 0.017166  0.094270  -0.013008  0.984707  0.169274  0.041207  -0.065780  0.142233  0.987645  0.161322  -0.975252  0.151192  0.001619  -0.001817  -0.001770  0.000000  0.000000  0.000000  2.000000  
110.901807 0.017168  0.094269  -0.013009  0.984707  0.169274  0.041207  -0.065780  0.142233  0.987645  0.161322  -0.975252  0.151192  0.001612  -0.001659  -0.001636  0.000000  0.000000  0.000000  2.000000  
110.902808 0.017169  0.094269  -0.013010  0.984715  0.169179  0.041410  -0.065984  0.142326  0.987618  0.161190  -0.975255  0.151314  0.001604  -0.001525  -0.001449  0.000000  0.000000  0.000000  2.000000  
110.904058 0.017171  0.094267  -0.013011  0.984715  0.169179  0.041410  -0.065984  0.142326  0.987618  0.161190  -0.975255  0.151314  0.001586  -0.001414  -0.001423  0.000000  0.000000  0.000000  2.000000  
110.905058 0.017172  0.094267  -0.013012  0.984702  0.169208  0.041613  -0.066187  0.142291  0.987609  0.161190  -0.975255  0.151314  0.001558  -0.001340  -0.001253  0.000000  0.000000  0.000000  2.000000  
110.906058 0.017173  0.094266  -0.013012  0.984702  0.169213  0.041592  -0.066187  0.142411  0.987592  0.161190  -0.975236  0.151432  0.001489  -0.001232  -0.001156  0.000000  0.000000  0.000000  2.000000  
110.907305 0.017175  0.094265  -0.013013  0.984688  0.169242  0.041796  -0.066389  0.142376  0.987584  0.161190  -0.975236  0.151432  0.001461  -0.001122  -0.001095  0.000000  0.000000  0.000000  2.000000  
110.908312 0.017175  0.094265  -0.013014  0.984674  0.169271  0.041999  -0.066592  0.142342  0.987575  0.161190  -0.975236  0.151432  0.001402  -0.001039  -0.000985  0.000000  0.000000  0.000000  2.000000  
110.909560 0.017177  0.094264  -0.013014  0.984674  0.169271  0.041999  -0.066592  0.142342  0.987575  0.161190  -0.975236  0.151432  0.001332  -0.000982  -0.000861  0.000000  0.000000  0.000000  2.000000  
110.910567 0.017177  0.094264  -0.013014  0.984682  0.169171  0.042222  -0.066796  0.142316  0.987565  0.161058  -0.975258  0.151436  0.001258  -0.000867  -0.000757  0.000000  0.000000  0.000000  2.000000  
110.911808 0.017178  0.094263  -0.013014  0.984668  0.169205  0.042405  -0.066999  0.142400  0.987539  0.161058  -0.975239  0.151554  0.001201  -0.000799  -0.000659  0.000000  0.000000  0.000000  2.000000  
110.913054 0.017179  0.094262  -0.013014  0.984668  0.169205  0.042405  -0.066999  0.142400  0.987539  0.161058  -0.975239  0.151554  0.001121  -0.000717  -0.000550  0.000000  0.000000  0.000000  2.000000  
110.914056 0.017180  0.094262  -0.013014  0.984654  0.169234  0.042609  -0.067202  0.142366  0.987530  0.161058  -0.975239  0.151554  0.001074  -0.000677  -0.000442  0.000000  0.000000  0.000000  2.000000  
110.915059 0.017180  0.094261  -0.013013  0.984641  0.169264  0.042812  -0.067404  0.142331  0.987521  0.161058  -0.975239  0.151554  0.000976  -0.000617  -0.000345  0.000000  0.000000  0.000000  2.000000  
110.916308 0.017180  0.094261  -0.013013  0.984641  0.169264  0.042812  -0.067404  0.142331  0.987521  0.161058  -0.975239  0.151554  0.000882  -0.000572  -0.000304  0.000000  0.000000  0.000000  2.000000  
