1-Time 2-Px 3-Py 4-Pz 5-R11 6-R21 7-R31 8-R12 9-R22 10-R32 11-R13 12-R23 13-R33 14-Vx 15-Vy 16-Vz 17-Wx 18-Wy 19-Wz 20-state 21-PR11 22-PR21 23-PR31 24-PR12 25-PR22 26-PR32 27-PR13 28-PR23 29-PR33 
60.708571 0.006084  0.092627  -0.015940  0.993031  -0.006680  -0.117667  0.005315  0.999915  -0.011910  0.117737  0.011202  0.992982  -0.000225  0.000030  0.000803  0.000000  0.000000  0.000000  2.000000  
60.709573 0.006084  0.092627  -0.015940  0.993031  -0.006680  -0.117667  0.005315  0.999915  -0.011910  0.117737  0.011202  0.992982  -0.000205  0.000003  0.000774  0.000000  0.000000  0.000000  2.000000  
60.710575 0.006084  0.092626  -0.015939  0.992999  -0.006683  -0.117933  0.005315  0.999915  -0.011912  0.118002  0.011202  0.992950  -0.000175  -0.000049  0.000753  0.000000  0.000000  0.000000  2.000000  
60.711575 0.006084  0.092625  -0.015939  0.992951  -0.006908  -0.118328  0.005519  0.999912  -0.012060  0.118401  0.011321  0.992901  -0.000116  -0.000152  0.000713  0.000000  0.000000  0.000000  2.000000  
60.712825 0.006085  0.092622  -0.015939  0.992886  -0.007106  -0.118858  0.005723  0.999912  -0.011966  0.118932  0.011200  0.992839  -0.000026  -0.000306  0.000652  0.000000  0.000000  0.000000  2.000000  
60.714072 0.006087  0.092620  -0.015938  0.992822  -0.007112  -0.119389  0.005723  0.999912  -0.011969  0.119464  0.011200  0.992775  0.000072  -0.000485  0.000600  0.000000  0.000000  0.000000  2.000000  
60.715321 0.006089  0.092617  -0.015938  0.992774  -0.007116  -0.119788  0.005723  0.999912  -0.011971  0.119862  0.011199  0.992727  0.000220  -0.000686  0.000586  0.000000  0.000000  0.000000  2.000000  
60.716335 0.006090  0.092614  -0.015938  0.992743  -0.006913  -0.120056  0.005518  0.999913  -0.011948  0.120128  0.011199  0.992695  0.000308  -0.000862  0.000572  0.000000  0.000000  0.000000  2.000000  
60.717572 0.006092  0.092611  -0.015937  0.992695  -0.006918  -0.120454  0.005518  0.999913  -0.011950  0.120526  0.011198  0.992647  0.000477  -0.001090  0.000528  0.000000  0.000000  0.000000  2.000000  
60.718575 0.006093  0.092609  -0.015938  0.992662  -0.006935  -0.120719  0.005518  0.999912  -0.012073  0.120792  0.011318  0.992613  0.000568  -0.001222  0.000421  0.000000  0.000000  0.000000  2.000000  
60.719578 0.006094  0.092606  -0.015939  0.992598  -0.006956  -0.121249  0.005517  0.999910  -0.012197  0.121323  0.011438  0.992547  0.000628  -0.001381  0.000294  0.000000  0.000000  0.000000  2.000000  
60.720827 0.006094  0.092605  -0.015941  0.992516  -0.006964  -0.121913  0.005517  0.999910  -0.012201  0.121987  0.011437  0.992466  0.000640  -0.001496  0.000083  0.000000  0.000000  0.000000  2.000000  
60.722075 0.006094  0.092603  -0.015945  0.992433  -0.007177  -0.122575  0.005721  0.999909  -0.012230  0.122651  0.011436  0.992384  0.000654  -0.001647  -0.000261  0.000000  0.000000  0.000000  2.000000  
60.723076 0.006094  0.092601  -0.015949  0.992351  -0.007200  -0.123238  0.005720  0.999907  -0.012355  0.123315  0.011555  0.992300  0.000668  -0.001740  -0.000519  -0.013894  0.188647  -0.015897  2.000000  
60.724327 0.006094  0.092599  -0.015953  0.992285  -0.007206  -0.123769  0.005720  0.999907  -0.012358  0.123846  0.011555  0.992234  0.000725  -0.001866  -0.000881  -0.013897  0.206614  -0.016102  2.000000  
60.725578 0.006096  0.092597  -0.015956  0.992218  -0.007212  -0.124300  0.005720  0.999907  -0.012361  0.124377  0.011554  0.992168  0.000813  -0.001909  -0.001137  -0.013903  0.224635  -0.016310  2.000000  
60.726581 0.006097  0.092596  -0.015957  0.992168  -0.007232  -0.124697  0.005719  0.999906  -0.012485  0.124776  0.011674  0.992116  0.000826  -0.001889  -0.001222  -0.017978  0.238075  -0.016476  2.000000  
60.727824 0.006099  0.092594  -0.015957  0.992118  -0.007237  -0.125095  0.005719  0.999906  -0.012487  0.125174  0.011673  0.992066  0.000874  -0.001861  -0.001248  -0.017985  0.251612  -0.016634  2.000000  
60.728825 0.006100  0.092593  -0.015956  0.992068  -0.007241  -0.125494  0.005719  0.999906  -0.012489  0.125572  0.011672  0.992016  0.000900  -0.001839  -0.001220  -0.017988  0.265109  -0.016790  2.000000  
60.730072 0.006101  0.092589  -0.015955  0.991984  -0.007249  -0.126157  0.005718  0.999906  -0.012493  0.126236  0.011671  0.991932  0.000844  -0.001883  -0.001118  -0.017995  0.287629  -0.017051  2.000000  
60.731072 0.006102  0.092586  -0.015952  0.991916  -0.007255  -0.126688  0.005718  0.999906  -0.012496  0.126767  0.011671  0.991864  0.000821  -0.001901  -0.000996  -0.017998  0.305605  -0.017257  2.000000  
60.732075 0.006103  0.092584  -0.015950  0.991848  -0.007277  -0.127218  0.005717  0.999904  -0.012620  0.127298  0.011790  0.991794  0.000775  -0.001889  -0.000844  -0.022079  0.323597  -0.017484  2.000000  
60.733321 0.006104  0.092580  -0.015947  0.991780  -0.007283  -0.127749  0.005717  0.999904  -0.012623  0.127828  0.011789  0.991726  0.000744  -0.001942  -0.000610  -0.021903  0.338805  -0.017548  2.000000  
60.734322 0.006106  0.092578  -0.015944  0.991728  -0.007304  -0.128146  0.005717  0.999902  -0.012747  0.128227  0.011909  0.991673  0.000809  -0.001978  -0.000424  -0.026158  0.355023  -0.017867  2.000000  
60.735325 0.006108  0.092576  -0.015942  0.991694  -0.007307  -0.128411  0.005717  0.999902  -0.012749  0.128492  0.011909  0.991639  0.000923  -0.001981  -0.000117  -0.026162  0.364037  -0.017972  2.000000  
60.736340 0.006110  0.092574  -0.015940  0.991677  -0.007324  -0.128543  0.005716  0.999901  -0.012871  0.128625  0.012029  0.991620  0.001131  -0.002031  0.000297  -0.030221  0.368313  -0.018036  2.000000  
60.737575 0.006113  0.092571  -0.015937  0.991660  -0.007341  -0.128675  0.005716  0.999899  -0.012993  0.128757  0.012149  0.991602  0.001292  -0.002093  0.000700  -0.034310  0.372955  -0.018119  2.000000  
60.738577 0.006116  0.092569  -0.015935  0.991642  -0.007343  -0.128808  0.005716  0.999899  -0.012993  0.128890  0.012149  0.991584  0.001480  -0.002074  0.001101  -0.034324  0.377597  -0.018178  2.000000  
60.739578 0.006119  0.092569  -0.015932  0.991624  -0.007566  -0.128937  0.005920  0.999896  -0.013142  0.129023  0.012269  0.991566  0.001604  -0.002045  0.001509  -0.039249  0.381940  -0.025116  2.000000  
60.740826 0.006122  0.092568  -0.015929  0.991589  -0.007569  -0.129202  0.005920  0.999896  -0.013144  0.129288  0.012268  0.991531  0.001750  -0.001964  0.001928  -0.038086  0.378912  -0.018102  2.000000  
60.742075 0.006126  0.092567  -0.015924  0.991571  -0.007777  -0.129332  0.006124  0.999895  -0.013171  0.129421  0.012268  0.991514  0.001898  -0.001917  0.002214  -0.035187  0.363965  -0.024925  2.000000  
60.743076 0.006128  0.092566  -0.015921  0.991554  -0.007778  -0.129465  0.006124  0.999894  -0.013172  0.129553  0.012268  0.991497  0.001997  -0.001849  0.002462  -0.038415  0.350601  -0.017880  2.000000  
60.744327 0.006132  0.092564  -0.015916  0.991535  -0.007986  -0.129594  0.006328  0.999893  -0.013199  0.129686  0.012267  0.991479  0.002090  -0.001802  0.002646  -0.038964  0.338770  -0.024439  2.000000  
60.745572 0.006135  0.092562  -0.015911  0.991535  -0.007986  -0.129594  0.006328  0.999893  -0.013199  0.129686  0.012267  0.991479  0.002239  -0.001723  0.002808  -0.039285  0.328038  -0.024478  2.000000  
60.746574 0.006136  0.092559  -0.015908  0.991534  -0.008207  -0.129591  0.006532  0.999890  -0.013347  0.129686  0.012388  0.991478  0.002288  -0.001744  0.002845  -0.045098  0.318899  -0.038124  2.000000  
60.747822 0.006139  0.092555  -0.015903  0.991551  -0.008206  -0.129458  0.006532  0.999890  -0.013346  0.129553  0.012388  0.991495  0.002361  -0.001731  0.002970  -0.040681  0.302862  -0.037665  2.000000  
60.749070 0.006141  0.092552  -0.015898  0.991550  -0.008412  -0.129455  0.006736  0.999888  -0.013373  0.129553  0.012388  0.991495  0.002413  -0.001741  0.003143  -0.041910  0.282894  -0.044586  2.000000  
60.750075 0.006144  0.092550  -0.015893  0.991550  -0.008412  -0.129455  0.006736  0.999888  -0.013373  0.129553  0.012388  0.991495  0.002460  -0.001728  0.003311  -0.037520  0.267118  -0.044064  2.000000  
60.751325 0.006147  0.092548  -0.015885  0.991532  -0.008429  -0.129587  0.006736  0.999886  -0.013495  0.129686  0.012508  0.991476  0.002464  -0.001708  0.003631  -0.040718  0.249372  -0.037057  2.000000  
60.752570 0.006150  0.092547  -0.015878  0.991531  -0.008651  -0.129583  0.006940  0.999883  -0.013643  0.129686  0.012628  0.991475  0.002489  -0.001612  0.003911  -0.041601  0.222531  -0.043569  2.000000  
60.753578 0.006153  0.092546  -0.015872  0.991531  -0.008651  -0.129583  0.006940  0.999883  -0.013643  0.129686  0.012628  0.991475  0.002453  -0.001599  0.004193  -0.041950  0.201843  -0.043644  2.000000  
60.754579 0.006155  0.092545  -0.015867  0.991531  -0.008666  -0.129582  0.006940  0.999881  -0.013764  0.129686  0.012749  0.991473  0.002418  -0.001613  0.004354  -0.046039  0.188365  -0.043494  2.000000  
60.755826 0.006158  0.092543  -0.015862  0.991548  -0.008680  -0.129448  0.006941  0.999880  -0.013885  0.129553  0.012869  0.991489  0.002310  -0.001656  0.004465  0.000000  0.000000  0.000000  2.000000  
60.757076 0.006160  0.092541  -0.015858  0.991565  -0.008694  -0.129315  0.006941  0.999878  -0.014005  0.129421  0.012990  0.991505  0.002237  -0.001707  0.004464  0.000000  0.000000  0.000000  2.000000  
60.758077 0.006161  0.092540  -0.015856  0.991583  -0.008693  -0.129182  0.006941  0.999878  -0.014004  0.129288  0.012990  0.991522  0.002156  -0.001769  0.004320  0.000000  0.000000  0.000000  2.000000  
60.759330 0.006162  0.092537  -0.015854  0.991583  -0.008708  -0.129181  0.006941  0.999876  -0.014126  0.129288  0.013110  0.991520  0.001985  -0.001810  0.004109  0.000000  0.000000  0.000000  2.000000  
60.760576 0.006162  0.092535  -0.015853  0.991583  -0.008708  -0.129181  0.006941  0.999876  -0.014126  0.129288  0.013110  0.991520  0.001837  -0.001800  0.003912  0.000000  0.000000  0.000000  2.000000  
60.761822 0.006163  0.092532  -0.015851  0.991583  -0.008708  -0.129181  0.006941  0.999876  -0.014126  0.129288  0.013110  0.991520  0.001710  -0.001739  0.003724  0.000000  0.000000  0.000000  2.000000  
60.762828 0.006162  0.092529  -0.015849  0.991584  -0.008502  -0.129184  0.006737  0.999878  -0.014099  0.129288  0.013110  0.991520  0.001498  -0.001726  0.003571  0.000000  0.000000  0.000000  2.000000  
60.764072 0.006161  0.092527  -0.015847  0.991584  -0.008502  -0.129184  0.006737  0.999878  -0.014099  0.129288  0.013110  0.991520  0.001311  -0.001641  0.003385  0.000000  0.000000  0.000000  2.000000  
60.765322 0.006161  0.092524  -0.015844  0.991601  -0.008501  -0.129051  0.006737  0.999878  -0.014098  0.129155  0.013110  0.991538  0.001089  -0.001702  0.003149  0.000000  0.000000  0.000000  2.000000  
60.766336 0.006160  0.092521  -0.015844  0.991603  -0.008295  -0.129054  0.006533  0.999880  -0.014071  0.129155  0.013110  0.991538  0.000860  -0.001790  0.002756  0.000000  0.000000  0.000000  2.000000  
60.767575 0.006160  0.092519  -0.015842  0.991603  -0.008310  -0.129053  0.006533  0.999878  -0.014193  0.129155  0.013231  0.991536  0.000621  -0.001873  0.002316  0.000000  0.000000  0.000000  2.000000  
60.768822 0.006160  0.092517  -0.015841  0.991586  -0.008312  -0.129186  0.006533  0.999878  -0.014194  0.129288  0.013230  0.991519  0.000404  -0.001940  0.001957  0.000000  0.000000  0.000000  2.000000  
60.769828 0.006160  0.092515  -0.015841  0.991587  -0.008106  -0.129189  0.006328  0.999880  -0.014167  0.129288  0.013230  0.991519  0.000214  -0.001975  0.001620  0.000000  0.000000  0.000000  2.000000  
60.771077 0.006159  0.092514  -0.015841  0.991570  -0.008124  -0.129320  0.006328  0.999878  -0.014289  0.129421  0.013350  0.991500  0.000038  -0.001949  0.001309  0.000000  0.000000  0.000000  2.000000  
60.772326 0.006158  0.092511  -0.015840  0.991570  -0.008139  -0.129319  0.006328  0.999876  -0.014410  0.129421  0.013471  0.991498  -0.000141  -0.001954  0.001117  0.000000  0.000000  0.000000  2.000000  
60.773328 0.006157  0.092510  -0.015840  0.991571  -0.007934  -0.129322  0.006124  0.999878  -0.014384  0.129421  0.013471  0.991498  -0.000268  -0.001915  0.000978  0.000000  0.000000  0.000000  2.000000  
60.774330 0.006157  0.092509  -0.015840  0.991571  -0.007949  -0.129321  0.006124  0.999876  -0.014505  0.129421  0.013591  0.991497  -0.000326  -0.001869  0.000932  0.000000  0.000000  0.000000  2.000000  
60.775575 0.006155  0.092507  -0.015840  0.991572  -0.007743  -0.129324  0.005920  0.999878  -0.014478  0.129421  0.013591  0.991497  -0.000475  -0.001825  0.000867  0.000000  0.000000  0.000000  2.000000  
60.776577 0.006155  0.092506  -0.015840  0.991572  -0.007759  -0.129323  0.005920  0.999876  -0.014600  0.129421  0.013711  0.991495  -0.000507  -0.001737  0.000762  0.000000  0.000000  0.000000  2.000000  
60.777825 0.006154  0.092505  -0.015840  0.991572  -0.007759  -0.129323  0.005920  0.999876  -0.014600  0.129421  0.013711  0.991495  -0.000544  -0.001645  0.000621  0.000000  0.000000  0.000000  2.000000  
60.779072 0.006153  0.092503  -0.015841  0.991572  -0.007759  -0.129323  0.005920  0.999876  -0.014600  0.129421  0.013711  0.991495  -0.000541  -0.001541  0.000351  0.000000  0.000000  0.000000  2.000000  
60.780320 0.006153  0.092502  -0.015843  0.991556  -0.007555  -0.129459  0.005716  0.999877  -0.014574  0.129553  0.013711  0.991478  -0.000545  -0.001458  0.000105  0.000000  0.000000  0.000000  2.000000  
60.781326 0.006152  0.092501  -0.015845  0.991556  -0.007539  -0.129460  0.005716  0.999879  -0.014453  0.129553  0.013591  0.991479  -0.000537  -0.001373  -0.000078  0.000000  0.000000  0.000000  2.000000  
60.782326 0.006152  0.092499  -0.015846  0.991556  -0.007539  -0.129460  0.005716  0.999879  -0.014453  0.129553  0.013591  0.991479  -0.000538  -0.001307  -0.000266  0.000000  0.000000  0.000000  2.000000  
60.783572 0.006152  0.092499  -0.015848  0.991556  -0.007539  -0.129460  0.005716  0.999879  -0.014453  0.129553  0.013591  0.991479  -0.000531  -0.001220  -0.000453  0.000000  0.000000  0.000000  2.000000  
60.784824 0.006153  0.092498  -0.015848  0.991556  -0.007539  -0.129460  0.005716  0.999879  -0.014453  0.129553  0.013591  0.991479  -0.000478  -0.001154  -0.000509  0.000000  0.000000  0.000000  2.000000  
60.786073 0.006153  0.092497  -0.015849  0.991556  -0.007539  -0.129460  0.005716  0.999879  -0.014453  0.129553  0.013591  0.991479  -0.000395  -0.001107  -0.000544  0.000000  0.000000  0.000000  2.000000  
60.787079 0.006153  0.092497  -0.015848  0.991556  -0.007539  -0.129460  0.005716  0.999879  -0.014453  0.129553  0.013591  0.991479  -0.000326  -0.000996  -0.000512  0.000000  0.000000  0.000000  2.000000  
60.788330 0.006153  0.092497  -0.015847  0.991556  -0.007555  -0.129459  0.005716  0.999877  -0.014574  0.129553  0.013711  0.991478  -0.000251  -0.000866  -0.000470  0.000000  0.000000  0.000000  2.000000  
60.789578 0.006154  0.092497  -0.015846  0.991573  -0.007553  -0.129326  0.005716  0.999877  -0.014573  0.129421  0.013711  0.991495  -0.000167  -0.000762  -0.000419  0.000000  0.000000  0.000000  2.000000  
60.790826 0.006154  0.092498  -0.015846  0.991574  -0.007347  -0.129329  0.005512  0.999879  -0.014547  0.129421  0.013711  0.991495  -0.000050  -0.000608  -0.000395  0.000000  0.000000  0.000000  2.000000  
60.791828 0.006155  0.092498  -0.015846  0.991574  -0.007347  -0.129329  0.005512  0.999879  -0.014547  0.129421  0.013711  0.991495  0.000003  -0.000521  -0.000358  0.000000  0.000000  0.000000  2.000000  
60.793076 0.006155  0.092499  -0.015845  0.991574  -0.007347  -0.129329  0.005512  0.999879  -0.014547  0.129421  0.013711  0.991495  0.000112  -0.000352  -0.000349  0.000000  0.000000  0.000000  2.000000  
60.794337 0.006156  0.092500  -0.015845  0.991574  -0.007347  -0.129329  0.005512  0.999879  -0.014547  0.129421  0.013711  0.991495  0.000216  -0.000217  -0.000241  0.000000  0.000000  0.000000  2.000000  
60.795572 0.006156  0.092500  -0.015844  0.991574  -0.007347  -0.129329  0.005512  0.999879  -0.014547  0.129421  0.013711  0.991495  0.000242  -0.000076  -0.000047  0.000000  0.000000  0.000000  2.000000  
60.796576 0.006156  0.092501  -0.015844  0.991574  -0.007332  -0.129330  0.005512  0.999881  -0.014425  0.129421  0.013591  0.991497  0.000297  0.000035  0.000116  0.000000  0.000000  0.000000  2.000000  
60.797825 0.006157  0.092502  -0.015842  0.991574  -0.007332  -0.129330  0.005512  0.999881  -0.014425  0.129421  0.013591  0.991497  0.000306  0.000202  0.000338  0.000000  0.000000  0.000000  2.000000  
60.798827 0.006157  0.092502  -0.015842  0.991573  -0.007538  -0.129327  0.005716  0.999879  -0.014452  0.129421  0.013591  0.991497  0.000294  0.000261  0.000463  0.000000  0.000000  0.000000  2.000000  
60.800075 0.006156  0.092502  -0.015841  0.991573  -0.007538  -0.129327  0.005716  0.999879  -0.014452  0.129421  0.013591  0.991497  0.000249  0.000310  0.000512  0.000000  0.000000  0.000000  2.000000  
60.801425 0.006156  0.092502  -0.015841  0.991573  -0.007522  -0.129328  0.005716  0.999881  -0.014331  0.129421  0.013471  0.991498  0.000222  0.000365  0.000538  0.000000  0.000000  0.000000  2.000000  
60.802572 0.006156  0.092503  -0.015840  0.991573  -0.007522  -0.129328  0.005716  0.999881  -0.014331  0.129421  0.013471  0.991498  0.000202  0.000410  0.000515  0.000000  0.000000  0.000000  2.000000  
60.803578 0.006156  0.092504  -0.015840  0.991573  -0.007522  -0.129328  0.005716  0.999881  -0.014331  0.129421  0.013471  0.991498  0.000178  0.000433  0.000410  0.000000  0.000000  0.000000  2.000000  
60.804832 0.006157  0.092504  -0.015840  0.991556  -0.007524  -0.129461  0.005716  0.999881  -0.014331  0.129553  0.013470  0.991481  0.000178  0.000433  0.000410  0.000000  0.000000  0.000000  2.000000  
60.806075 0.006157  0.092504  -0.015840  0.991556  -0.007524  -0.129461  0.005716  0.999881  -0.014331  0.129553  0.013470  0.991481  0.000166  0.000450  0.000395  0.000000  0.000000  0.000000  2.000000  
60.807328 0.006157  0.092505  -0.015840  0.991556  -0.007539  -0.129460  0.005716  0.999879  -0.014453  0.129553  0.013591  0.991479  0.000166  0.000450  0.000395  0.000000  0.000000  0.000000  2.000000  
60.808328 0.006157  0.092506  -0.015840  0.991556  -0.007539  -0.129460  0.005716  0.999879  -0.014453  0.129553  0.013591  0.991479  0.000166  0.000450  0.000395  0.000000  0.000000  0.000000  2.000000  
60.809573 0.006158  0.092506  -0.015839  0.991556  -0.007539  -0.129460  0.005716  0.999879  -0.014453  0.129553  0.013591  0.991479  0.000135  0.000409  0.000428  0.000000  0.000000  0.000000  2.000000  
60.810574 0.006158  0.092506  -0.015838  0.991556  -0.007539  -0.129460  0.005716  0.999879  -0.014453  0.129553  0.013591  0.991479  0.000104  0.000382  0.000408  0.000000  0.000000  0.000000  2.000000  
60.811576 0.006157  0.092506  -0.015838  0.991556  -0.007539  -0.129460  0.005716  0.999879  -0.014453  0.129553  0.013591  0.991479  0.000042  0.000329  0.000369  0.000000  0.000000  0.000000  2.000000  
60.812821 0.006158  0.092506  -0.015837  0.991539  -0.007541  -0.129593  0.005716  0.999879  -0.014453  0.129686  0.013590  0.991462  0.000040  0.000246  0.000323  0.000000  0.000000  0.000000  2.000000  
60.813822 0.006157  0.092505  -0.015838  0.991539  -0.007541  -0.129593  0.005716  0.999879  -0.014453  0.129686  0.013590  0.991462  0.000020  0.000217  0.000267  0.000000  0.000000  0.000000  2.000000  
60.814825 0.006157  0.092505  -0.015839  0.991539  -0.007541  -0.129593  0.005716  0.999879  -0.014453  0.129686  0.013590  0.991462  0.000021  0.000164  0.000184  0.000000  0.000000  0.000000  2.000000  
60.815825 0.006156  0.092504  -0.015839  0.991539  -0.007541  -0.129593  0.005716  0.999879  -0.014453  0.129686  0.013590  0.991462  0.000012  0.000132  0.000089  0.000000  0.000000  0.000000  2.000000  
60.817075 0.006157  0.092504  -0.015841  0.991539  -0.007541  -0.129593  0.005716  0.999879  -0.014453  0.129686  0.013590  0.991462  0.000002  0.000022  -0.000047  0.000000  0.000000  0.000000  2.000000  
60.818337 0.006156  0.092503  -0.015842  0.991539  -0.007541  -0.129593  0.005716  0.999879  -0.014453  0.129686  0.013590  0.991462  -0.000009  -0.000032  -0.000095  0.000000  0.000000  0.000000  2.000000  
60.819580 0.006156  0.092503  -0.015842  0.991539  -0.007541  -0.129593  0.005716  0.999879  -0.014453  0.129686  0.013590  0.991462  -0.000029  -0.000061  -0.000153  0.000000  0.000000  0.000000  2.000000  
60.820828 0.006157  0.092503  -0.015842  0.991539  -0.007541  -0.129593  0.005716  0.999879  -0.014453  0.129686  0.013590  0.991462  0.000023  -0.000062  -0.000162  0.000000  0.000000  0.000000  2.000000  
60.822074 0.006157  0.092503  -0.015842  0.991539  -0.007557  -0.129592  0.005716  0.999877  -0.014575  0.129686  0.013711  0.991460  -0.000008  -0.000089  -0.000182  0.000000  0.000000  0.000000  2.000000  
60.823081 0.006157  0.092503  -0.015843  0.991539  -0.007557  -0.129592  0.005716  0.999877  -0.014575  0.129686  0.013711  0.991460  -0.000019  -0.000143  -0.000231  0.000000  0.000000  0.000000  2.000000  
60.824328 0.006157  0.092503  -0.015843  0.991539  -0.007557  -0.129592  0.005716  0.999877  -0.014575  0.129686  0.013711  0.991460  -0.000018  -0.000196  -0.000312  0.000000  0.000000  0.000000  2.000000  
60.825329 0.006157  0.092503  -0.015844  0.991539  -0.007557  -0.129592  0.005716  0.999877  -0.014575  0.129686  0.013711  0.991460  -0.000027  -0.000231  -0.000413  0.000000  0.000000  0.000000  2.000000  
60.826340 0.006157  0.092503  -0.015845  0.991539  -0.007557  -0.129592  0.005716  0.999877  -0.014575  0.129686  0.013711  0.991460  -0.000005  -0.000236  -0.000488  0.000000  0.000000  0.000000  2.000000  
60.827576 0.006157  0.092502  -0.015846  0.991521  -0.007559  -0.129724  0.005716  0.999877  -0.014575  0.129819  0.013710  0.991443  -0.000034  -0.000241  -0.000555  0.000000  0.000000  0.000000  2.000000  
60.828577 0.006157  0.092501  -0.015846  0.991521  -0.007559  -0.129724  0.005716  0.999877  -0.014575  0.129819  0.013710  0.991443  -0.000025  -0.000266  -0.000546  0.000000  0.000000  0.000000  2.000000  
60.829821 0.006156  0.092501  -0.015846  0.991521  -0.007559  -0.129724  0.005716  0.999877  -0.014575  0.129819  0.013710  0.991443  -0.000035  -0.000259  -0.000500  0.000000  0.000000  0.000000  2.000000  
60.830824 0.006156  0.092501  -0.015846  0.991521  -0.007559  -0.129724  0.005716  0.999877  -0.014575  0.129819  0.013710  0.991443  -0.000016  -0.000230  -0.000443  0.000000  0.000000  0.000000  2.000000  
60.831826 0.006156  0.092501  -0.015846  0.991521  -0.007559  -0.129724  0.005716  0.999877  -0.014575  0.129819  0.013710  0.991443  -0.000059  -0.000201  -0.000346  0.000000  0.000000  0.000000  2.000000  
60.833070 0.006155  0.092501  -0.015846  0.991521  -0.007559  -0.129724  0.005716  0.999877  -0.014575  0.129819  0.013710  0.991443  -0.000047  -0.000145  -0.000293  0.000000  0.000000  0.000000  2.000000  
60.834072 0.006155  0.092501  -0.015846  0.991521  -0.007559  -0.129724  0.005716  0.999877  -0.014575  0.129819  0.013710  0.991443  -0.000068  -0.000118  -0.000264  0.000000  0.000000  0.000000  2.000000  
60.835076 0.006156  0.092502  -0.015846  0.991522  -0.007353  -0.129727  0.005511  0.999879  -0.014549  0.129819  0.013710  0.991443  -0.000037  -0.000092  -0.000245  0.000000  0.000000  0.000000  2.000000  
60.836340 0.006156  0.092502  -0.015846  0.991522  -0.007353  -0.129727  0.005511  0.999879  -0.014549  0.129819  0.013710  0.991443  -0.000089  -0.000093  -0.000239  0.000000  0.000000  0.000000  2.000000  
60.837574 0.006156  0.092502  -0.015846  0.991522  -0.007353  -0.129727  0.005511  0.999879  -0.014549  0.129819  0.013710  0.991443  -0.000110  -0.000066  -0.000211  0.000000  0.000000  0.000000  2.000000  
60.838575 0.006155  0.092503  -0.015846  0.991522  -0.007337  -0.129728  0.005511  0.999881  -0.014427  0.129819  0.013590  0.991445  -0.000117  -0.000041  -0.000216  0.000000  0.000000  0.000000  2.000000  
60.839577 0.006155  0.092503  -0.015846  0.991522  -0.007337  -0.129728  0.005511  0.999881  -0.014427  0.129819  0.013590  0.991445  -0.000151  -0.000012  -0.000153  0.000000  0.000000  0.000000  2.000000  
60.840826 0.006155  0.092503  -0.015846  0.991522  -0.007337  -0.129728  0.005511  0.999881  -0.014427  0.129819  0.013590  0.991445  -0.000151  0.000045  -0.000066  0.000000  0.000000  0.000000  2.000000  
60.842074 0.006155  0.092504  -0.015845  0.991522  -0.007337  -0.129728  0.005511  0.999881  -0.014427  0.129819  0.013590  0.991445  -0.000109  0.000102  0.000049  0.000000  0.000000  0.000000  2.000000  
60.843075 0.006155  0.092504  -0.015844  0.991522  -0.007337  -0.129728  0.005511  0.999881  -0.014427  0.129819  0.013590  0.991445  -0.000101  0.000158  0.000098  0.000000  0.000000  0.000000  2.000000  
60.844327 0.006155  0.092504  -0.015844  0.991522  -0.007337  -0.129728  0.005511  0.999881  -0.014427  0.129819  0.013590  0.991445  -0.000081  0.000187  0.000156  0.000000  0.000000  0.000000  2.000000  
60.845570 0.006155  0.092504  -0.015843  0.991522  -0.007337  -0.129728  0.005511  0.999881  -0.014427  0.129819  0.013590  0.991445  -0.000090  0.000187  0.000191  0.000000  0.000000  0.000000  2.000000  
60.846573 0.006155  0.092504  -0.015842  0.991522  -0.007322  -0.129729  0.005511  0.999882  -0.014306  0.129819  0.013470  0.991446  -0.000029  0.000239  0.000230  0.000000  0.000000  0.000000  2.000000  
60.847823 0.006156  0.092505  -0.015842  0.991522  -0.007322  -0.129729  0.005511  0.999882  -0.014306  0.129819  0.013470  0.991446  0.000002  0.000270  0.000253  0.000000  0.000000  0.000000  2.000000  
60.848827 0.006156  0.092505  -0.015842  0.991522  -0.007322  -0.129729  0.005511  0.999882  -0.014306  0.129819  0.013470  0.991446  0.000011  0.000245  0.000262  0.000000  0.000000  0.000000  2.000000  
60.850074 0.006156  0.092506  -0.015843  0.991522  -0.007322  -0.129729  0.005511  0.999882  -0.014306  0.129819  0.013470  0.991446  0.000013  0.000263  0.000212  0.000000  0.000000  0.000000  2.000000  
60.851321 0.006156  0.092506  -0.015843  0.991522  -0.007322  -0.129729  0.005511  0.999882  -0.014306  0.129819  0.013470  0.991446  0.000013  0.000263  0.000212  0.000000  0.000000  0.000000  2.000000  
60.852327 0.006156  0.092506  -0.015843  0.991522  -0.007322  -0.129729  0.005511  0.999882  -0.014306  0.129819  0.013470  0.991446  0.000022  0.000239  0.000221  0.000000  0.000000  0.000000  2.000000  
60.853330 0.006156  0.092506  -0.015842  0.991522  -0.007322  -0.129729  0.005511  0.999882  -0.014306  0.129819  0.013470  0.991446  0.000062  0.000241  0.000249  0.000000  0.000000  0.000000  2.000000  
60.854331 0.006156  0.092507  -0.015843  0.991522  -0.007322  -0.129729  0.005511  0.999882  -0.014306  0.129819  0.013470  0.991446  0.000053  0.000270  0.000244  0.000000  0.000000  0.000000  2.000000  
60.855576 0.006156  0.092507  -0.015842  0.991522  -0.007322  -0.129729  0.005511  0.999882  -0.014306  0.129819  0.013470  0.991446  0.000063  0.000245  0.000253  0.000000  0.000000  0.000000  2.000000  
60.856578 0.006156  0.092506  -0.015842  0.991522  -0.007322  -0.129729  0.005511  0.999882  -0.014306  0.129819  0.013470  0.991446  0.000083  0.000218  0.000224  0.000000  0.000000  0.000000  2.000000  
60.857824 0.006156  0.092506  -0.015842  0.991522  -0.007322  -0.129729  0.005511  0.999882  -0.014306  0.129819  0.013470  0.991446  0.000062  0.000185  0.000164  0.000000  0.000000  0.000000  2.000000  
60.858825 0.006157  0.092507  -0.015842  0.991505  -0.007323  -0.129862  0.005511  0.999882  -0.014307  0.129951  0.013470  0.991429  0.000104  0.000209  0.000146  0.000000  0.000000  0.000000  2.000000  
60.860075 0.006157  0.092507  -0.015842  0.991505  -0.007323  -0.129862  0.005511  0.999882  -0.014307  0.129951  0.013470  0.991429  0.000128  0.000207  0.000073  0.000000  0.000000  0.000000  2.000000  
60.861075 0.006157  0.092507  -0.015843  0.991505  -0.007323  -0.129862  0.005511  0.999882  -0.014307  0.129951  0.013470  0.991429  0.000119  0.000176  -0.000023  0.000000  0.000000  0.000000  2.000000  
60.862076 0.006157  0.092507  -0.015843  0.991505  -0.007323  -0.129862  0.005511  0.999882  -0.014307  0.129951  0.013470  0.991429  0.000119  0.000176  -0.000023  0.000000  0.000000  0.000000  2.000000  
60.863330 0.006157  0.092507  -0.015842  0.991505  -0.007323  -0.129862  0.005511  0.999882  -0.014307  0.129951  0.013470  0.991429  0.000129  0.000151  -0.000014  0.000000  0.000000  0.000000  2.000000  
60.864573 0.006158  0.092507  -0.015843  0.991505  -0.007323  -0.129862  0.005511  0.999882  -0.014307  0.129951  0.013470  0.991429  0.000138  0.000126  -0.000005  0.000000  0.000000  0.000000  2.000000  
60.865820 0.006158  0.092508  -0.015843  0.991505  -0.007323  -0.129862  0.005511  0.999882  -0.014307  0.129951  0.013470  0.991429  0.000136  0.000124  -0.000005  0.000000  0.000000  0.000000  2.000000  
60.866823 0.006158  0.092508  -0.015843  0.991505  -0.007323  -0.129862  0.005511  0.999882  -0.014307  0.129951  0.013470  0.991429  0.000147  0.000102  0.000004  0.000000  0.000000  0.000000  2.000000  
60.867825 0.006158  0.092508  -0.015843  0.991505  -0.007323  -0.129862  0.005511  0.999882  -0.014307  0.129951  0.013470  0.991429  0.000116  0.000075  -0.000016  0.000000  0.000000  0.000000  2.000000  
60.869074 0.006158  0.092507  -0.015843  0.991505  -0.007323  -0.129862  0.005511  0.999882  -0.014307  0.129951  0.013470  0.991429  0.000123  0.000050  -0.000007  0.000000  0.000000  0.000000  2.000000  
60.870077 0.006158  0.092507  -0.015843  0.991505  -0.007323  -0.129862  0.005511  0.999882  -0.014307  0.129951  0.013470  0.991429  0.000135  0.000026  0.000002  0.000000  0.000000  0.000000  2.000000  
60.871328 0.006158  0.092507  -0.015843  0.991505  -0.007323  -0.129862  0.005511  0.999882  -0.014307  0.129951  0.013470  0.991429  0.000134  0.000047  -0.000044  0.000000  0.000000  0.000000  2.000000  
60.872329 0.006158  0.092507  -0.015843  0.991505  -0.007323  -0.129862  0.005511  0.999882  -0.014307  0.129951  0.013470  0.991429  0.000134  0.000047  -0.000044  0.000000  0.000000  0.000000  2.000000  
60.873574 0.006159  0.092507  -0.015842  0.991505  -0.007323  -0.129862  0.005511  0.999882  -0.014307  0.129951  0.013470  0.991429  0.000143  0.000023  -0.000036  0.000000  0.000000  0.000000  2.000000  
60.874579 0.006159  0.092507  -0.015842  0.991488  -0.007325  -0.129994  0.005511  0.999882  -0.014308  0.130084  0.013469  0.991411  0.000135  0.000026  0.000002  0.000000  0.000000  0.000000  2.000000  
60.875825 0.006159  0.092508  -0.015841  0.991488  -0.007325  -0.129994  0.005511  0.999882  -0.014308  0.130084  0.013469  0.991411  0.000143  0.000058  0.000097  0.000000  0.000000  0.000000  2.000000  
60.876827 0.006160  0.092508  -0.015841  0.991488  -0.007325  -0.129994  0.005511  0.999882  -0.014308  0.130084  0.013469  0.991411  0.000184  0.000060  0.000126  0.000000  0.000000  0.000000  2.000000  
60.878077 0.006160  0.092508  -0.015840  0.991488  -0.007325  -0.129994  0.005511  0.999882  -0.014308  0.130084  0.013469  0.991411  0.000173  0.000063  0.000164  0.000000  0.000000  0.000000  2.000000  
60.879331 0.006160  0.092509  -0.015840  0.991488  -0.007325  -0.129994  0.005511  0.999882  -0.014308  0.130084  0.013469  0.991411  0.000192  0.000092  0.000221  0.000000  0.000000  0.000000  2.000000  
60.880574 0.006160  0.092509  -0.015839  0.991488  -0.007341  -0.129994  0.005511  0.999881  -0.014429  0.130084  0.013590  0.991410  0.000150  0.000068  0.000239  0.000000  0.000000  0.000000  2.000000  
60.881820 0.006161  0.092509  -0.015839  0.991488  -0.007341  -0.129994  0.005511  0.999881  -0.014429  0.130084  0.013590  0.991410  0.000178  0.000094  0.000255  0.000000  0.000000  0.000000  2.000000  
60.882820 0.006161  0.092509  -0.015838  0.991488  -0.007341  -0.129994  0.005511  0.999881  -0.014429  0.130084  0.013590  0.991410  0.000177  0.000072  0.000301  0.000000  0.000000  0.000000  2.000000  
60.883822 0.006161  0.092509  -0.015838  0.991488  -0.007341  -0.129994  0.005511  0.999881  -0.014429  0.130084  0.013590  0.991410  0.000201  0.000125  0.000317  0.000000  0.000000  0.000000  2.000000  
60.884822 0.006161  0.092509  -0.015837  0.991488  -0.007341  -0.129994  0.005511  0.999881  -0.014429  0.130084  0.013590  0.991410  0.000218  0.000151  0.000368  0.000000  0.000000  0.000000  2.000000  
60.886078 0.006161  0.092509  -0.015837  0.991488  -0.007341  -0.129994  0.005511  0.999881  -0.014429  0.130084  0.013590  0.991410  0.000221  0.000154  0.000374  0.000000  0.000000  0.000000  2.000000  
60.887336 0.006162  0.092510  -0.015836  0.991505  -0.007339  -0.129861  0.005511  0.999881  -0.014428  0.129951  0.013590  0.991427  0.000241  0.000183  0.000432  0.000000  0.000000  0.000000  2.000000  
60.888574 0.006162  0.092511  -0.015835  0.991505  -0.007339  -0.129861  0.005511  0.999881  -0.014428  0.129951  0.013590  0.991427  0.000248  0.000233  0.000473  0.000000  0.000000  0.000000  2.000000  
60.889580 0.006163  0.092510  -0.015835  0.991505  -0.007339  -0.129861  0.005511  0.999881  -0.014428  0.129951  0.013590  0.991427  0.000261  0.000213  0.000489  0.000000  0.000000  0.000000  2.000000  
60.890825 0.006163  0.092511  -0.015834  0.991506  -0.007133  -0.129864  0.005307  0.999882  -0.014401  0.129951  0.013590  0.991427  0.000261  0.000213  0.000490  0.000000  0.000000  0.000000  2.000000  
60.892074 0.006163  0.092511  -0.015834  0.991506  -0.007133  -0.129864  0.005307  0.999882  -0.014401  0.129951  0.013590  0.991427  0.000248  0.000233  0.000473  0.000000  0.000000  0.000000  2.000000  
60.893076 0.006164  0.092512  -0.015833  0.991506  -0.007133  -0.129864  0.005307  0.999882  -0.014401  0.129951  0.013590  0.991427  0.000259  0.000231  0.000436  0.000000  0.000000  0.000000  2.000000  
60.894331 0.006164  0.092512  -0.015833  0.991506  -0.007133  -0.129864  0.005307  0.999882  -0.014401  0.129951  0.013590  0.991427  0.000268  0.000207  0.000444  0.000000  0.000000  0.000000  2.000000  
60.895570 0.006164  0.092512  -0.015833  0.991506  -0.007133  -0.129864  0.005307  0.999882  -0.014401  0.129951  0.013590  0.991427  0.000279  0.000204  0.000407  0.000000  0.000000  0.000000  2.000000  
60.896573 0.006165  0.092512  -0.015832  0.991506  -0.007133  -0.129864  0.005307  0.999882  -0.014401  0.129951  0.013590  0.991427  0.000272  0.000210  0.000452  0.000000  0.000000  0.000000  2.000000  
60.897821 0.006165  0.092512  -0.015832  0.991507  -0.006927  -0.129867  0.005103  0.999884  -0.014375  0.129951  0.013590  0.991427  0.000253  0.000181  0.000394  0.000000  0.000000  0.000000  2.000000  
60.898821 0.006165  0.092512  -0.015831  0.991507  -0.006927  -0.129867  0.005103  0.999884  -0.014375  0.129951  0.013590  0.991427  0.000268  0.000207  0.000444  0.000000  0.000000  0.000000  2.000000  
60.899822 0.006165  0.092512  -0.015831  0.991507  -0.006927  -0.129867  0.005103  0.999884  -0.014375  0.129951  0.013590  0.991427  0.000248  0.000178  0.000388  0.000000  0.000000  0.000000  2.000000  
60.901075 0.006166  0.092512  -0.015831  0.991507  -0.006927  -0.129867  0.005103  0.999884  -0.014375  0.129951  0.013590  0.991427  0.000288  0.000180  0.000416  0.000000  0.000000  0.000000  2.000000  
60.902321 0.006166  0.092512  -0.015831  0.991507  -0.006927  -0.129867  0.005103  0.999884  -0.014375  0.129951  0.013590  0.991427  0.000269  0.000151  0.000360  0.000000  0.000000  0.000000  2.000000  
60.903333 0.006166  0.092513  -0.015831  0.991508  -0.006722  -0.129870  0.004899  0.999885  -0.014348  0.129951  0.013590  0.991427  0.000253  0.000124  0.000307  0.000000  0.000000  0.000000  2.000000  
60.904333 0.006166  0.092513  -0.015831  0.991508  -0.006722  -0.129870  0.004899  0.999885  -0.014348  0.129951  0.013590  0.991427  0.000244  0.000149  0.000299  0.000000  0.000000  0.000000  2.000000  
60.905577 0.006166  0.092512  -0.015830  0.991508  -0.006722  -0.129870  0.004899  0.999885  -0.014348  0.129951  0.013590  0.991427  0.000233  0.000095  0.000250  0.000000  0.000000  0.000000  2.000000  
60.906825 0.006167  0.092512  -0.015831  0.991508  -0.006722  -0.129870  0.004899  0.999885  -0.014348  0.129951  0.013590  0.991427  0.000213  0.000065  0.000192  0.000000  0.000000  0.000000  2.000000  
60.907826 0.006167  0.092512  -0.015831  0.991508  -0.006722  -0.129870  0.004899  0.999885  -0.014348  0.129951  0.013590  0.991427  0.000182  0.000039  0.000172  0.000000  0.000000  0.000000  2.000000  
60.909079 0.006167  0.092512  -0.015831  0.991508  -0.006722  -0.129870  0.004899  0.999885  -0.014348  0.129951  0.013590  0.991427  0.000141  0.000036  0.000144  0.000000  0.000000  0.000000  2.000000  
60.910332 0.006167  0.092512  -0.015830  0.991509  -0.006516  -0.129873  0.004695  0.999886  -0.014321  0.129951  0.013590  0.991427  0.000139  0.000014  0.000190  0.000000  0.000000  0.000000  2.000000  
60.911573 0.006167  0.092512  -0.015830  0.991527  -0.006498  -0.129741  0.004695  0.999888  -0.014199  0.129819  0.013470  0.991446  0.000118  -0.000015  0.000130  0.000000  0.000000  0.000000  2.000000  
60.912822 0.006167  0.092512  -0.015830  0.991527  -0.006498  -0.129741  0.004695  0.999888  -0.014199  0.129819  0.013470  0.991446  0.000079  -0.000017  0.000104  0.000000  0.000000  0.000000  2.000000  
60.914077 0.006166  0.092511  -0.015831  0.991527  -0.006498  -0.129741  0.004695  0.999888  -0.014199  0.129819  0.013470  0.991446  0.000070  -0.000049  0.000009  0.000000  0.000000  0.000000  2.000000  
60.915327 0.006166  0.092511  -0.015831  0.991527  -0.006498  -0.129741  0.004695  0.999888  -0.014199  0.129819  0.013470  0.991446  0.000030  -0.000052  -0.000020  0.000000  0.000000  0.000000  2.000000  
60.916336 0.006166  0.092511  -0.015832  0.991527  -0.006498  -0.129741  0.004695  0.999888  -0.014199  0.129819  0.013470  0.991446  0.000041  -0.000054  -0.000058  0.000000  0.000000  0.000000  2.000000  
60.917570 0.006166  0.092511  -0.015832  0.991528  -0.006292  -0.129744  0.004491  0.999889  -0.014173  0.129819  0.013470  0.991446  0.000010  -0.000080  -0.000077  0.000000  0.000000  0.000000  2.000000  
60.918573 0.006166  0.092511  -0.015832  0.991528  -0.006292  -0.129744  0.004491  0.999889  -0.014173  0.129819  0.013470  0.991446  -0.000021  -0.000106  -0.000096  0.000000  0.000000  0.000000  2.000000  
60.919576 0.006166  0.092511  -0.015832  0.991528  -0.006292  -0.129744  0.004491  0.999889  -0.014173  0.129819  0.013470  0.991446  -0.000021  -0.000108  -0.000098  0.000000  0.000000  0.000000  2.000000  
60.920824 0.006166  0.092511  -0.015832  0.991528  -0.006292  -0.129744  0.004491  0.999889  -0.014173  0.129819  0.013470  0.991446  -0.000042  -0.000081  -0.000069  0.000000  0.000000  0.000000  2.000000  
60.921828 0.006166  0.092511  -0.015832  0.991528  -0.006292  -0.129744  0.004491  0.999889  -0.014173  0.129819  0.013470  0.991446  -0.000042  -0.000081  -0.000069  0.000000  0.000000  0.000000  2.000000  
60.923077 0.006166  0.092510  -0.015832  0.991528  -0.006292  -0.129744  0.004491  0.999889  -0.014173  0.129819  0.013470  0.991446  -0.000064  -0.000132  -0.000080  0.000000  0.000000  0.000000  2.000000  
60.924330 0.006166  0.092510  -0.015832  0.991528  -0.006292  -0.129744  0.004491  0.999889  -0.014173  0.129819  0.013470  0.991446  -0.000052  -0.000132  -0.000116  0.000000  0.000000  0.000000  2.000000  
60.925330 0.006165  0.092511  -0.015832  0.991545  -0.006290  -0.129611  0.004491  0.999889  -0.014172  0.129686  0.013470  0.991464  -0.000070  -0.000084  -0.000133  0.000000  0.000000  0.000000  2.000000  
60.926338 0.006166  0.092511  -0.015833  0.991546  -0.006085  -0.129614  0.004287  0.999891  -0.014145  0.129686  0.013470  0.991464  -0.000060  -0.000088  -0.000173  0.000000  0.000000  0.000000  2.000000  
