1-Time 2-Px 3-Py 4-Pz 5-R11 6-R21 7-R31 8-R12 9-R22 10-R32 11-R13 12-R23 13-R33 14-Vx 15-Vy 16-Vz 17-Wx 18-Wy 19-Wz 20-state 21-PR11 22-PR21 23-PR31 24-PR12 25-PR22 26-PR32 27-PR13 28-PR23 29-PR33 
76.965820 0.016286  0.089608  -0.011773  0.995302  0.068854  0.068067  -0.073077  0.073069  0.994646  0.063512  -0.994947  0.077758  -0.001456  0.000922  -0.001045  0.000000  0.000000  0.000000  2.000000  
76.966823 0.016286  0.089609  -0.011774  0.995278  0.069002  0.068261  -0.073281  0.073045  0.994633  0.063645  -0.994939  0.077757  -0.001354  0.000941  -0.001067  0.000000  0.000000  0.000000  2.000000  
76.967827 0.016288  0.089608  -0.011775  0.995257  0.068899  0.068681  -0.073691  0.073027  0.994604  0.063512  -0.994947  0.077758  -0.001107  0.000860  -0.001066  0.000000  0.000000  0.000000  2.000000  
76.969072 0.016291  0.089608  -0.011775  0.995243  0.068655  0.069120  -0.074102  0.072898  0.994583  0.063245  -0.994974  0.077638  -0.000708  0.000762  -0.000988  0.000000  0.000000  0.000000  2.000000  
76.970335 0.016295  0.089607  -0.011775  0.995229  0.068420  0.069550  -0.074513  0.072889  0.994553  0.062977  -0.994990  0.077640  -0.000263  0.000625  -0.000879  0.000000  0.000000  0.000000  2.000000  
76.971572 0.016301  0.089605  -0.011775  0.995215  0.068184  0.069980  -0.074924  0.072881  0.994522  0.062710  -0.995007  0.077641  0.000226  0.000414  -0.000775  0.000000  0.000000  0.000000  2.000000  
76.972573 0.016306  0.089604  -0.011774  0.995200  0.068199  0.070185  -0.075129  0.072867  0.994508  0.062710  -0.995007  0.077641  0.000670  0.000297  -0.000665  0.000000  0.000000  0.000000  2.000000  
76.973574 0.016311  0.089604  -0.011773  0.995169  0.068238  0.070586  -0.075539  0.072959  0.994470  0.062710  -0.994998  0.077762  0.001179  0.000238  -0.000508  0.000000  0.000000  0.000000  2.000000  
76.974821 0.016318  0.089602  -0.011773  0.995138  0.068268  0.070995  -0.075949  0.072931  0.994441  0.062710  -0.994998  0.077762  0.001769  0.000020  -0.000374  0.000000  0.000000  0.000000  2.000000  
76.976068 0.016325  0.089600  -0.011773  0.995115  0.068165  0.071415  -0.076359  0.072913  0.994411  0.062577  -0.995006  0.077762  0.002349  -0.000261  -0.000293  0.000000  0.000000  0.000000  2.000000  
76.977072 0.016330  0.089598  -0.011774  0.995092  0.068062  0.071835  -0.076770  0.072896  0.994381  0.062443  -0.995014  0.077763  0.002741  -0.000442  -0.000269  0.000000  0.000000  0.000000  2.000000  
76.978331 0.016336  0.089596  -0.011774  0.995069  0.067718  0.072472  -0.077386  0.073005  0.994325  0.062043  -0.995030  0.077886  0.003249  -0.000687  -0.000193  0.000000  0.000000  0.000000  2.000000  
76.979573 0.016343  0.089593  -0.011773  0.995054  0.067241  0.073120  -0.078003  0.073125  0.994268  0.061509  -0.995053  0.078009  0.003795  -0.000930  -0.000043  0.055971  -0.181088  -0.012742  2.000000  
76.980817 0.016349  0.089590  -0.011772  0.995022  0.067030  0.073746  -0.078619  0.073226  0.994212  0.061241  -0.995060  0.078131  0.004205  -0.001210  0.000060  0.048684  -0.200827  -0.019913  2.000000  
76.981822 0.016355  0.089588  -0.011769  0.995006  0.066803  0.074168  -0.079030  0.073340  0.994171  0.060974  -0.995067  0.078253  0.004624  -0.001370  0.000309  0.041765  -0.217279  -0.032431  2.000000  
76.982822 0.016360  0.089586  -0.011768  0.994989  0.066577  0.074591  -0.079441  0.073454  0.994130  0.060707  -0.995074  0.078375  0.004838  -0.001489  0.000490  0.034455  -0.232128  -0.044792  2.000000  
76.983826 0.016365  0.089584  -0.011765  0.994973  0.066360  0.075005  -0.079852  0.073689  0.994079  0.060440  -0.995071  0.078617  0.005010  -0.001594  0.000682  0.023082  -0.246990  -0.052734  2.000000  
76.985072 0.016370  0.089580  -0.011763  0.994956  0.066143  0.075419  -0.080263  0.073924  0.994029  0.060173  -0.995068  0.078860  0.005077  -0.001799  0.000802  0.011653  -0.261479  -0.065003  2.000000  
76.986338 0.016375  0.089576  -0.011762  0.994922  0.065942  0.076038  -0.080879  0.074146  0.993962  0.059906  -0.995065  0.079103  0.005032  -0.001968  0.000840  0.000679  -0.283005  -0.076745  2.000000  
76.987571 0.016379  0.089572  -0.011764  0.994905  0.065726  0.076452  -0.081290  0.074382  0.993911  0.059639  -0.995062  0.079345  0.004925  -0.002151  0.000724  -0.011162  -0.290763  -0.085188  2.000000  
76.988572 0.016383  0.089568  -0.011765  0.994879  0.065642  0.076856  -0.081700  0.074607  0.993861  0.059505  -0.995050  0.079587  0.004778  -0.002393  0.000529  -0.018466  -0.305239  -0.093019  2.000000  
76.989574 0.016386  0.089565  -0.011766  0.994870  0.065534  0.077063  -0.081905  0.074724  0.993835  0.059372  -0.995048  0.079709  0.004603  -0.002509  0.000444  -0.026215  -0.312479  -0.096954  2.000000  
76.990822 0.016390  0.089560  -0.011768  0.994869  0.065303  0.077273  -0.082112  0.074974  0.993799  0.059105  -0.995045  0.079951  0.004383  -0.002651  0.000333  -0.038043  -0.320465  -0.109843  2.000000  
76.991825 0.016392  0.089556  -0.011770  0.994860  0.065205  0.077473  -0.082317  0.075213  0.993764  0.058971  -0.995033  0.080193  0.004217  -0.002822  0.000268  -0.050267  -0.321153  -0.118776  2.000000  
76.993069 0.016395  0.089550  -0.011771  0.994834  0.065122  0.077877  -0.082727  0.075438  0.993713  0.058837  -0.995022  0.080435  0.004000  -0.003085  0.000168  -0.061666  -0.335731  -0.126659  2.000000  
76.994332 0.016397  0.089544  -0.011773  0.994832  0.064891  0.078087  -0.082933  0.075688  0.993677  0.058570  -0.995018  0.080678  0.003676  -0.003310  -0.000014  -0.073456  -0.343511  -0.139463  2.000000  
76.995572 0.016397  0.089537  -0.011776  0.994823  0.064793  0.078287  -0.083139  0.075926  0.993641  0.058437  -0.995006  0.080920  0.003250  -0.003598  -0.000276  -0.085328  -0.350951  -0.143452  2.000000  
76.996819 0.016398  0.089529  -0.011779  0.994806  0.064827  0.078476  -0.083344  0.076154  0.993607  0.058437  -0.994986  0.081162  0.002847  -0.003925  -0.000615  -0.092698  -0.348466  -0.146689  2.000000  
76.998072 0.016398  0.089522  -0.011782  0.994789  0.064862  0.078664  -0.083549  0.076382  0.993572  0.058437  -0.994967  0.081403  0.002419  -0.004292  -0.001078  -0.102497  -0.337272  -0.144493  2.000000  
76.999327 0.016399  0.089515  -0.011786  0.994781  0.065023  0.078630  -0.083548  0.076732  0.993545  0.058570  -0.994929  0.081764  0.002153  -0.004505  -0.001464  -0.119667  -0.322012  -0.127592  2.000000  
77.000574 0.016401  0.089508  -0.011789  0.994781  0.065052  0.078606  -0.083548  0.077094  0.993517  0.058570  -0.994899  0.082126  0.001878  -0.004736  -0.001825  -0.132772  -0.307533  -0.119667  2.000000  
77.001822 0.016403  0.089502  -0.011793  0.994764  0.065097  0.078787  -0.083753  0.077442  0.993473  0.058570  -0.994869  0.082488  0.001766  -0.004817  -0.001994  -0.143838  -0.304689  -0.114190  2.000000  
77.002825 0.016405  0.089498  -0.011795  0.994772  0.064983  0.078782  -0.083753  0.077694  0.993453  0.058437  -0.994857  0.082730  0.001649  -0.004845  -0.002085  -0.152775  -0.291405  -0.119699  2.000000  
77.004070 0.016408  0.089493  -0.011797  0.994779  0.064879  0.078770  -0.083754  0.078067  0.993424  0.058303  -0.994835  0.083093  0.001571  -0.004928  -0.002044  -0.161717  -0.278149  -0.125181  2.000000  
77.005071 0.016411  0.089489  -0.011797  0.994762  0.064914  0.078959  -0.083959  0.078294  0.993389  0.058303  -0.994815  0.083334  0.001554  -0.004941  -0.001951  -0.170229  -0.271352  -0.125708  2.000000  
77.006072 0.016413  0.089485  -0.011797  0.994754  0.065066  0.078932  -0.083958  0.078524  0.993371  0.058437  -0.994787  0.083575  0.001530  -0.004980  -0.001875  -0.180706  -0.259227  -0.118917  2.000000  
77.007072 0.016416  0.089481  -0.011795  0.994754  0.065085  0.078916  -0.083958  0.078765  0.993351  0.058437  -0.994766  0.083816  0.001478  -0.004961  -0.001714  -0.189681  -0.244672  -0.111004  2.000000  
77.008075 0.016418  0.089477  -0.011795  0.994764  0.065230  0.078676  -0.083753  0.079129  0.993340  0.058570  -0.994728  0.084178  0.001483  -0.004946  -0.001559  -0.199120  -0.222965  -0.099185  2.000000  
77.009326 0.016420  0.089470  -0.011795  0.994756  0.065382  0.078649  -0.083752  0.079359  0.993322  0.058704  -0.994700  0.084418  0.001520  -0.004951  -0.001426  -0.204422  -0.200431  -0.078388  2.000000  
77.010332 0.016422  0.089465  -0.011795  0.994748  0.065543  0.078614  -0.083751  0.079709  0.993294  0.058837  -0.994661  0.084780  0.001706  -0.004908  -0.001281  -0.217842  -0.178638  -0.066574  2.000000  
77.011569 0.016425  0.089457  -0.011796  0.994748  0.065562  0.078598  -0.083751  0.079950  0.993274  0.058837  -0.994640  0.085021  0.001861  -0.004954  -0.001153  -0.218808  -0.164243  -0.058730  2.000000  
77.012581 0.016428  0.089451  -0.011796  0.994731  0.065607  0.078779  -0.083956  0.080298  0.993229  0.058837  -0.994609  0.085383  0.002063  -0.004942  -0.000992  -0.227311  -0.156576  -0.050272  2.000000  
77.013817 0.016433  0.089444  -0.011797  0.994739  0.065494  0.078775  -0.083957  0.080550  0.993208  0.058704  -0.994597  0.085625  0.002287  -0.004868  -0.000772  -0.226395  -0.141349  -0.046525  2.000000  
77.014819 0.016437  0.089440  -0.011796  0.994739  0.065523  0.078751  -0.083957  0.080911  0.993179  0.058704  -0.994565  0.085987  0.002500  -0.004779  -0.000561  -0.235268  -0.126941  -0.038721  2.000000  
77.015821 0.016442  0.089436  -0.011795  0.994714  0.065691  0.078928  -0.084161  0.081128  0.993144  0.058837  -0.994537  0.086227  0.002720  -0.004744  -0.000288  -0.235712  -0.119403  -0.030372  2.000000  
77.016840 0.016447  0.089431  -0.011793  0.994706  0.065843  0.078900  -0.084160  0.081357  0.993125  0.058971  -0.994508  0.086468  0.002907  -0.004742  0.000019  -0.238327  -0.105437  -0.018281  2.000000  
77.018074 0.016453  0.089427  -0.011790  0.994706  0.065862  0.078884  -0.084160  0.081598  0.993106  0.058971  -0.994487  0.086709  0.003164  -0.004705  0.000371  -0.237312  -0.090231  -0.010366  2.000000  
77.019326 0.016460  0.089421  -0.011786  0.994681  0.066040  0.079053  -0.084364  0.081935  0.993061  0.059105  -0.994447  0.087070  0.003407  -0.004682  0.000705  -0.243773  -0.083351  -0.002039  2.000000  
77.020575 0.016466  0.089415  -0.011783  0.994681  0.066059  0.079037  -0.084364  0.082176  0.993041  0.059105  -0.994426  0.087312  0.003602  -0.004817  0.000884  -0.244183  -0.075712  0.006365  2.000000  
77.021577 0.016470  0.089410  -0.011781  0.994663  0.066095  0.079226  -0.084569  0.082403  0.993004  0.059105  -0.994405  0.087553  0.003754  -0.004879  0.001012  -0.244197  -0.075335  0.010865  2.000000  
77.022821 0.016475  0.089402  -0.011778  0.994663  0.066124  0.079201  -0.084569  0.082764  0.992974  0.059105  -0.994373  0.087915  0.003875  -0.005041  0.001113  -0.249100  -0.061189  0.014205  2.000000  
77.023822 0.016479  0.089395  -0.011776  0.994646  0.066160  0.079390  -0.084774  0.082992  0.992938  0.059105  -0.994352  0.088156  0.003989  -0.005205  0.001281  -0.249077  -0.060799  0.018698  2.000000  
77.025071 0.016482  0.089387  -0.011772  0.994638  0.066312  0.079362  -0.084773  0.083221  0.992919  0.059238  -0.994322  0.088396  0.004046  -0.005276  0.001587  -0.249496  -0.052770  0.031570  2.000000  
77.026072 0.016485  0.089381  -0.011768  0.994638  0.066332  0.079346  -0.084773  0.083462  0.992899  0.059238  -0.994301  0.088638  0.004120  -0.005280  0.001903  -0.254108  -0.045905  0.031008  2.000000  
77.027321 0.016489  0.089373  -0.011762  0.994620  0.066378  0.079526  -0.084978  0.083810  0.992852  0.059238  -0.994269  0.088999  0.004116  -0.005275  0.002307  -0.255953  -0.045499  0.030754  2.000000  
77.028567 0.016493  0.089365  -0.011757  0.994612  0.066529  0.079498  -0.084977  0.084039  0.992832  0.059372  -0.994239  0.089240  0.004049  -0.005323  0.002686  -0.255977  -0.045114  0.035212  2.000000  
77.029569 0.016496  0.089359  -0.011752  0.994595  0.066566  0.079686  -0.085182  0.084266  0.992796  0.059372  -0.994217  0.089481  0.003982  -0.005440  0.002945  -0.255574  -0.052315  0.031367  2.000000  
77.030823 0.016500  0.089353  -0.011747  0.994595  0.066585  0.079670  -0.085182  0.084507  0.992775  0.059372  -0.994196  0.089722  0.003847  -0.005554  0.003194  -0.251495  -0.052299  0.031379  2.000000  
77.032071 0.016504  0.089345  -0.011743  0.994595  0.066614  0.079646  -0.085182  0.084869  0.992744  0.059372  -0.994163  0.090084  0.003702  -0.005682  0.003248  -0.251913  -0.045079  0.035250  2.000000  
77.033318 0.016507  0.089338  -0.011741  0.994577  0.066651  0.079834  -0.085387  0.085096  0.992707  0.059372  -0.994141  0.090325  0.003485  -0.005879  0.003244  -0.247463  -0.051893  0.035858  2.000000  
77.034337 0.016510  0.089330  -0.011739  0.994577  0.066671  0.079818  -0.085387  0.085336  0.992687  0.059372  -0.994119  0.090566  0.003291  -0.006070  0.003209  -0.245751  -0.045021  0.040034  2.000000  
77.035572 0.016513  0.089321  -0.011736  0.994560  0.066708  0.080006  -0.085592  0.085564  0.992649  0.059372  -0.994097  0.090808  0.003129  -0.006292  0.003152  -0.241369  -0.051909  0.040668  2.000000  
77.036574 0.016515  0.089313  -0.011734  0.994552  0.066860  0.079978  -0.085591  0.085793  0.992630  0.059505  -0.994067  0.091048  0.003008  -0.006462  0.003122  -0.241366  -0.051900  0.040681  2.000000  
77.037825 0.016517  0.089301  -0.011731  0.994552  0.066879  0.079962  -0.085591  0.086034  0.992609  0.059505  -0.994045  0.091289  0.002797  -0.006695  0.003183  -0.236878  -0.059164  0.036824  2.000000  
77.039072 0.016519  0.089290  -0.011726  0.994534  0.066916  0.080150  -0.085796  0.086261  0.992572  0.059505  -0.994023  0.091530  0.002638  -0.006950  0.003234  -0.236494  -0.066441  0.032972  2.000000  
77.040324 0.016521  0.089277  -0.011723  0.994526  0.067068  0.080121  -0.085795  0.086490  0.992552  0.059639  -0.993993  0.091771  0.002526  -0.007243  0.003166  -0.230501  -0.065885  0.032721  2.000000  
77.041573 0.016524  0.089265  -0.011720  0.994526  0.067087  0.080105  -0.085795  0.086731  0.992531  0.059639  -0.993970  0.092012  0.002441  -0.007551  0.003034  -0.228298  -0.066411  0.033007  2.000000  
77.042817 0.016526  0.089252  -0.011717  0.994518  0.067239  0.080077  -0.085794  0.086960  0.992511  0.059772  -0.993940  0.092252  0.002369  -0.007876  0.002903  -0.226808  -0.058632  0.036583  2.000000  
77.043820 0.016529  0.089242  -0.011715  0.994501  0.067267  0.080273  -0.085999  0.087067  0.992484  0.059772  -0.993929  0.092373  0.002342  -0.008150  0.002657  -0.220130  -0.065588  0.041996  2.000000  
77.045067 0.016532  0.089230  -0.011713  0.994493  0.067419  0.080244  -0.085998  0.087296  0.992463  0.059906  -0.993898  0.092613  0.002333  -0.008422  0.002425  -0.218325  -0.065043  0.041669  2.000000  
77.046072 0.016536  0.089220  -0.011712  0.994493  0.067429  0.080236  -0.085998  0.087416  0.992453  0.059906  -0.993887  0.092734  0.002314  -0.008763  0.002235  -0.212502  -0.058722  0.041432  2.000000  
77.047327 0.016539  0.089208  -0.011711  0.994493  0.067438  0.080228  -0.085998  0.087537  0.992442  0.059906  -0.993876  0.092854  0.002329  -0.009077  0.002125  -0.206627  -0.058611  0.036644  2.000000  
77.048569 0.016543  0.089196  -0.011709  0.994467  0.067608  0.080403  -0.086202  0.087752  0.992406  0.060039  -0.993845  0.093095  0.002372  -0.009305  0.002040  -0.206178  -0.065012  0.041711  2.000000  
77.049573 0.016546  0.089186  -0.011708  0.994467  0.067618  0.080395  -0.086202  0.087873  0.992395  0.060039  -0.993834  0.093215  0.002369  -0.009504  0.002008  -0.200173  -0.059077  0.036975  2.000000  
77.050577 0.016549  0.089175  -0.011706  0.994459  0.067770  0.080366  -0.086202  0.088102  0.992375  0.060173  -0.993803  0.093456  0.002385  -0.009720  0.002030  -0.200105  -0.058642  0.041456  2.000000  
77.051821 0.016553  0.089162  -0.011704  0.994451  0.067912  0.080345  -0.086201  0.088211  0.992365  0.060307  -0.993784  0.093575  0.002491  -0.009894  0.001927  -0.196504  -0.051366  0.045333  2.000000  
77.052825 0.016556  0.089152  -0.011702  0.994451  0.067922  0.080337  -0.086201  0.088331  0.992354  0.060307  -0.993773  0.093696  0.002561  -0.009998  0.001841  -0.192371  -0.051342  0.045329  2.000000  
77.054070 0.016559  0.089138  -0.011700  0.994443  0.068074  0.080308  -0.086200  0.088560  0.992334  0.060440  -0.993742  0.093936  0.002665  -0.010123  0.001754  -0.188764  -0.044054  0.049208  2.000000  
77.055072 0.016563  0.089126  -0.011699  0.994443  0.068084  0.080300  -0.086200  0.088681  0.992323  0.060440  -0.993731  0.094057  0.002819  -0.010202  0.001607  -0.184678  -0.044455  0.044735  2.000000  
77.056336 0.016567  0.089113  -0.011698  0.994443  0.068094  0.080292  -0.086200  0.088801  0.992312  0.060440  -0.993719  0.094177  0.002935  -0.010249  0.001452  -0.179076  -0.044072  0.044366  2.000000  
77.057572 0.016571  0.089100  -0.011697  0.994435  0.068236  0.080271  -0.086200  0.088910  0.992303  0.060574  -0.993700  0.094297  0.003056  -0.010313  0.001298  -0.175447  -0.036834  0.048188  2.000000  
77.058573 0.016576  0.089090  -0.011697  0.994427  0.068378  0.080250  -0.086199  0.089019  0.992293  0.060707  -0.993680  0.094417  0.003182  -0.010333  0.001248  0.000000  0.000000  0.000000  2.000000  
77.059817 0.016581  0.089077  -0.011695  0.994419  0.068530  0.080221  -0.086198  0.089248  0.992272  0.060841  -0.993649  0.094657  0.003297  -0.010392  0.001183  0.000000  0.000000  0.000000  2.000000  
77.060820 0.016586  0.089067  -0.011695  0.994401  0.068558  0.080417  -0.086403  0.089354  0.992245  0.060841  -0.993638  0.094778  0.003400  -0.010427  0.001176  0.000000  0.000000  0.000000  2.000000  
77.061822 0.016591  0.089057  -0.011693  0.994393  0.068700  0.080396  -0.086402  0.089463  0.992235  0.060974  -0.993618  0.094897  0.003529  -0.010426  0.001280  0.000000  0.000000  0.000000  2.000000  
77.063069 0.016597  0.089044  -0.011691  0.994385  0.068842  0.080375  -0.086401  0.089572  0.992226  0.061108  -0.993598  0.095017  0.003711  -0.010482  0.001323  0.000000  0.000000  0.000000  2.000000  
77.064072 0.016603  0.089034  -0.011689  0.994376  0.068985  0.080354  -0.086401  0.089681  0.992216  0.061241  -0.993579  0.095137  0.003878  -0.010500  0.001307  0.000000  0.000000  0.000000  2.000000  
77.065321 0.016609  0.089020  -0.011687  0.994376  0.068994  0.080345  -0.086401  0.089801  0.992205  0.061241  -0.993567  0.095257  0.004027  -0.010589  0.001282  0.000000  0.000000  0.000000  2.000000  
77.066340 0.016614  0.089008  -0.011687  0.994350  0.069155  0.080529  -0.086605  0.089896  0.992179  0.061375  -0.993547  0.095377  0.004184  -0.010623  0.001113  0.000000  0.000000  0.000000  2.000000  
77.067574 0.016620  0.088994  -0.011687  0.994342  0.069297  0.080507  -0.086604  0.090005  0.992169  0.061509  -0.993528  0.095497  0.004385  -0.010667  0.001018  0.000000  0.000000  0.000000  2.000000  
77.068822 0.016627  0.088980  -0.011687  0.994334  0.069439  0.080486  -0.086603  0.090114  0.992159  0.061642  -0.993508  0.095617  0.004570  -0.010665  0.000911  0.000000  0.000000  0.000000  2.000000  
77.070071 0.016633  0.088967  -0.011686  0.994326  0.069582  0.080465  -0.086603  0.090222  0.992149  0.061776  -0.993488  0.095736  0.004684  -0.010661  0.000863  0.000000  0.000000  0.000000  2.000000  
77.071331 0.016640  0.088953  -0.011686  0.994318  0.069714  0.080452  -0.086602  0.090211  0.992150  0.061909  -0.993480  0.095736  0.004852  -0.010683  0.000848  0.000000  0.000000  0.000000  2.000000  
77.072573 0.016647  0.088941  -0.011684  0.994283  0.070007  0.080623  -0.086805  0.090294  0.992125  0.062176  -0.993452  0.095854  0.005033  -0.010629  0.000870  0.000000  0.000000  0.000000  2.000000  
77.073822 0.016653  0.088928  -0.011683  0.994275  0.070149  0.080601  -0.086804  0.090402  0.992115  0.062310  -0.993432  0.095974  0.005110  -0.010605  0.000929  0.000000  0.000000  0.000000  2.000000  
77.074823 0.016659  0.088918  -0.011682  0.994275  0.070149  0.080601  -0.086804  0.090402  0.992115  0.062310  -0.993432  0.095974  0.005212  -0.010586  0.000907  0.000000  0.000000  0.000000  2.000000  
77.076074 0.016666  0.088905  -0.011681  0.994267  0.070292  0.080580  -0.086804  0.090511  0.992105  0.062443  -0.993412  0.096094  0.005238  -0.010599  0.000827  0.000000  0.000000  0.000000  2.000000  
77.077325 0.016672  0.088892  -0.011680  0.994258  0.070434  0.080559  -0.086803  0.090620  0.992095  0.062577  -0.993392  0.096214  0.005227  -0.010664  0.000776  0.000000  0.000000  0.000000  2.000000  
77.078567 0.016679  0.088878  -0.011679  0.994250  0.070576  0.080537  -0.086802  0.090729  0.992086  0.062710  -0.993372  0.096333  0.005258  -0.010693  0.000673  0.000000  0.000000  0.000000  2.000000  
77.079572 0.016684  0.088867  -0.011679  0.994224  0.070727  0.080729  -0.087006  0.090703  0.992070  0.062844  -0.993363  0.096332  0.005248  -0.010720  0.000593  0.000000  0.000000  0.000000  2.000000  
77.080819 0.016690  0.088853  -0.011678  0.994215  0.070869  0.080707  -0.087005  0.090811  0.992060  0.062977  -0.993343  0.096452  0.005225  -0.010726  0.000651  0.000000  0.000000  0.000000  2.000000  
77.081822 0.016695  0.088842  -0.011677  0.994207  0.071002  0.080694  -0.087005  0.090800  0.992061  0.063111  -0.993335  0.096451  0.005202  -0.010694  0.000680  0.000000  0.000000  0.000000  2.000000  
77.083069 0.016701  0.088828  -0.011675  0.994198  0.071144  0.080673  -0.087004  0.090909  0.992051  0.063245  -0.993315  0.096571  0.005177  -0.010688  0.000760  0.000000  0.000000  0.000000  2.000000  
77.084076 0.016705  0.088817  -0.011674  0.994198  0.071144  0.080673  -0.087004  0.090909  0.992051  0.063245  -0.993315  0.096571  0.005161  -0.010675  0.000826  0.000000  0.000000  0.000000  2.000000  
77.085328 0.016711  0.088804  -0.011673  0.994190  0.071286  0.080651  -0.087003  0.091017  0.992041  0.063378  -0.993295  0.096691  0.005121  -0.010631  0.000895  0.000000  0.000000  0.000000  2.000000  
77.086336 0.016716  0.088793  -0.011672  0.994181  0.071418  0.080638  -0.087003  0.091006  0.992043  0.063512  -0.993286  0.096690  0.005073  -0.010654  0.000912  0.000000  0.000000  0.000000  2.000000  
77.087575 0.016721  0.088780  -0.011670  0.994173  0.071551  0.080626  -0.087002  0.090994  0.992044  0.063645  -0.993278  0.096689  0.004997  -0.010716  0.000907  0.000000  0.000000  0.000000  2.000000  
77.088822 0.016727  0.088766  -0.011670  0.994173  0.071551  0.080626  -0.087002  0.090994  0.992044  0.063645  -0.993278  0.096689  0.004886  -0.010803  0.000878  0.000000  0.000000  0.000000  2.000000  
77.090071 0.016732  0.088752  -0.011669  0.994147  0.071702  0.080817  -0.087206  0.090968  0.992028  0.063779  -0.993269  0.096688  0.004815  -0.010876  0.000873  0.000000  0.000000  0.000000  2.000000  
77.091072 0.016737  0.088741  -0.011668  0.994147  0.071702  0.080817  -0.087206  0.090968  0.992028  0.063779  -0.993269  0.096688  0.004725  -0.010916  0.000879  0.000000  0.000000  0.000000  2.000000  
77.092322 0.016742  0.088728  -0.011667  0.994138  0.071834  0.080804  -0.087205  0.090956  0.992029  0.063912  -0.993261  0.096687  0.004624  -0.010937  0.000902  0.000000  0.000000  0.000000  2.000000  
77.093575 0.016746  0.088714  -0.011664  0.994130  0.071977  0.080782  -0.087204  0.091065  0.992019  0.064046  -0.993240  0.096807  0.004481  -0.010935  0.001032  0.000000  0.000000  0.000000  2.000000  
77.094817 0.016751  0.088700  -0.011662  0.994130  0.071977  0.080782  -0.087204  0.091065  0.992019  0.064046  -0.993240  0.096807  0.004426  -0.010963  0.001101  0.000000  0.000000  0.000000  2.000000  
77.095822 0.016755  0.088689  -0.011660  0.994121  0.072109  0.080770  -0.087203  0.091053  0.992021  0.064179  -0.993232  0.096806  0.004313  -0.010934  0.001257  0.000000  0.000000  0.000000  2.000000  
77.097072 0.016760  0.088676  -0.011656  0.994121  0.072109  0.080770  -0.087203  0.091053  0.992021  0.064179  -0.993232  0.096806  0.004265  -0.010897  0.001368  0.000000  0.000000  0.000000  2.000000  
77.098331 0.016764  0.088663  -0.011653  0.994112  0.072241  0.080757  -0.087203  0.091042  0.992022  0.064313  -0.993223  0.096805  0.004154  -0.010837  0.001483  0.000000  0.000000  0.000000  2.000000  
77.099573 0.016769  0.088650  -0.011650  0.994112  0.072241  0.080757  -0.087203  0.091042  0.992022  0.064313  -0.993223  0.096805  0.004083  -0.010764  0.001623  0.000000  0.000000  0.000000  2.000000  
77.100575 0.016773  0.088641  -0.011647  0.994112  0.072241  0.080757  -0.087203  0.091042  0.992022  0.064313  -0.993223  0.096805  0.004035  -0.010696  0.001681  0.000000  0.000000  0.000000  2.000000  
77.101576 0.016777  0.088631  -0.011645  0.994104  0.072374  0.080744  -0.087202  0.091030  0.992023  0.064446  -0.993215  0.096804  0.003984  -0.010649  0.001791  0.000000  0.000000  0.000000  2.000000  
77.102825 0.016781  0.088619  -0.011642  0.994104  0.072374  0.080744  -0.087202  0.091030  0.992023  0.064446  -0.993215  0.096804  0.003854  -0.010565  0.001935  0.000000  0.000000  0.000000  2.000000  
77.104073 0.016785  0.088607  -0.011639  0.994095  0.072496  0.080740  -0.087201  0.090898  0.992035  0.064580  -0.993218  0.096683  0.003760  -0.010429  0.002052  0.000000  0.000000  0.000000  2.000000  
77.105324 0.016789  0.088595  -0.011634  0.994095  0.072496  0.080740  -0.087201  0.090898  0.992035  0.064580  -0.993218  0.096683  0.003698  -0.010297  0.002275  0.000000  0.000000  0.000000  2.000000  
77.106339 0.016792  0.088586  -0.011631  0.994087  0.072629  0.080727  -0.087200  0.090887  0.992036  0.064713  -0.993209  0.096682  0.003591  -0.010183  0.002460  0.000000  0.000000  0.000000  2.000000  
77.107572 0.016796  0.088574  -0.011627  0.994087  0.072629  0.080727  -0.087200  0.090887  0.992036  0.064713  -0.993209  0.096682  0.003529  -0.010048  0.002654  0.000000  0.000000  0.000000  2.000000  
77.108820 0.016800  0.088562  -0.011622  0.994069  0.072647  0.080931  -0.087405  0.090872  0.992020  0.064713  -0.993209  0.096682  0.003497  -0.009932  0.002788  0.000000  0.000000  0.000000  2.000000  
77.110072 0.016804  0.088551  -0.011618  0.994069  0.072647  0.080931  -0.087405  0.090872  0.992020  0.064713  -0.993209  0.096682  0.003474  -0.009722  0.002887  0.000000  0.000000  0.000000  2.000000  
77.111073 0.016807  0.088542  -0.011615  0.994060  0.072780  0.080918  -0.087404  0.090860  0.992021  0.064847  -0.993201  0.096681  0.003386  -0.009660  0.002913  0.000000  0.000000  0.000000  2.000000  
77.112323 0.016811  0.088531  -0.011612  0.994060  0.072780  0.080918  -0.087404  0.090860  0.992021  0.064847  -0.993201  0.096681  0.003358  -0.009492  0.002938  0.000000  0.000000  0.000000  2.000000  
77.113569 0.016814  0.088521  -0.011608  0.994060  0.072780  0.080918  -0.087404  0.090860  0.992021  0.064847  -0.993201  0.096681  0.003258  -0.009307  0.002983  0.000000  0.000000  0.000000  2.000000  
77.114817 0.016818  0.088511  -0.011604  0.994033  0.072921  0.081118  -0.087608  0.090713  0.992016  0.064980  -0.993204  0.096560  0.003221  -0.009144  0.003048  0.000000  0.000000  0.000000  2.000000  
77.115822 0.016821  0.088503  -0.011601  0.994025  0.073053  0.081105  -0.087607  0.090701  0.992017  0.065114  -0.993195  0.096559  0.003153  -0.009015  0.003082  0.000000  0.000000  0.000000  2.000000  
77.116825 0.016824  0.088495  -0.011597  0.994025  0.073053  0.081105  -0.087607  0.090701  0.992017  0.065114  -0.993195  0.096559  0.003160  -0.008855  0.003169  0.000000  0.000000  0.000000  2.000000  
77.117830 0.016827  0.088487  -0.011594  0.994025  0.073053  0.081105  -0.087607  0.090701  0.992017  0.065114  -0.993195  0.096559  0.003101  -0.008755  0.003215  0.000000  0.000000  0.000000  2.000000  
77.119072 0.016830  0.088478  -0.011589  0.994016  0.073186  0.081093  -0.087607  0.090690  0.992018  0.065247  -0.993186  0.096558  0.003022  -0.008628  0.003294  0.000000  0.000000  0.000000  2.000000  
77.120072 0.016833  0.088470  -0.011586  0.994016  0.073176  0.081101  -0.087607  0.090569  0.992029  0.065247  -0.993198  0.096438  0.002975  -0.008529  0.003299  0.000000  0.000000  0.000000  2.000000  
77.121329 0.016836  0.088460  -0.011581  0.994007  0.073308  0.081089  -0.087606  0.090558  0.992031  0.065381  -0.993189  0.096437  0.002957  -0.008389  0.003321  0.000000  0.000000  0.000000  2.000000  
77.122334 0.016839  0.088452  -0.011578  0.993989  0.073327  0.081293  -0.087811  0.090543  0.992014  0.065381  -0.993189  0.096437  0.002918  -0.008278  0.003280  0.000000  0.000000  0.000000  2.000000  
77.123572 0.016842  0.088442  -0.011575  0.993981  0.073459  0.081280  -0.087810  0.090531  0.992015  0.065514  -0.993181  0.096436  0.002867  -0.008133  0.003226  0.000000  0.000000  0.000000  2.000000  
77.124822 0.016845  0.088433  -0.011570  0.993981  0.073459  0.081280  -0.087810  0.090531  0.992015  0.065514  -0.993181  0.096436  0.002798  -0.008004  0.003261  0.000000  0.000000  0.000000  2.000000  
77.126074 0.016849  0.088425  -0.011567  0.993972  0.073592  0.081267  -0.087809  0.090519  0.992016  0.065648  -0.993172  0.096435  0.002811  -0.007795  0.003251  0.000000  0.000000  0.000000  2.000000  
77.127326 0.016852  0.088415  -0.011563  0.993963  0.073724  0.081254  -0.087808  0.090507  0.992017  0.065781  -0.993163  0.096435  0.002775  -0.007727  0.003267  0.000000  0.000000  0.000000  2.000000  
77.128569 0.016856  0.088407  -0.011559  0.993954  0.073856  0.081241  -0.087807  0.090496  0.992018  0.065915  -0.993154  0.096434  0.002773  -0.007604  0.003249  0.000000  0.000000  0.000000  2.000000  
77.129570 0.016859  0.088400  -0.011556  0.993954  0.073856  0.081241  -0.087807  0.090496  0.992018  0.065915  -0.993154  0.096434  0.002745  -0.007521  0.003223  0.000000  0.000000  0.000000  2.000000  
77.130817 0.016862  0.088391  -0.011552  0.993945  0.073979  0.081237  -0.087807  0.090364  0.992030  0.066048  -0.993157  0.096312  0.002754  -0.007431  0.003218  0.000000  0.000000  0.000000  2.000000  
77.131818 0.016865  0.088385  -0.011549  0.993937  0.074111  0.081225  -0.087806  0.090352  0.992032  0.066182  -0.993149  0.096312  0.002733  -0.007373  0.003196  0.000000  0.000000  0.000000  2.000000  
77.132820 0.016868  0.088378  -0.011547  0.993937  0.074111  0.081225  -0.087806  0.090352  0.992032  0.066182  -0.993149  0.096312  0.002725  -0.007321  0.003134  0.000000  0.000000  0.000000  2.000000  
77.133826 0.016870  0.088370  -0.011544  0.993928  0.074244  0.081212  -0.087805  0.090340  0.992033  0.066315  -0.993140  0.096311  0.002718  -0.007262  0.003075  0.000000  0.000000  0.000000  2.000000  
77.135073 0.016874  0.088361  -0.011540  0.993901  0.074395  0.081403  -0.088009  0.090313  0.992017  0.066449  -0.993131  0.096310  0.002711  -0.007211  0.003014  0.000000  0.000000  0.000000  2.000000  
77.136073 0.016876  0.088354  -0.011537  0.993901  0.074395  0.081403  -0.088009  0.090313  0.992017  0.066449  -0.993131  0.096310  0.002714  -0.007189  0.002963  0.000000  0.000000  0.000000  2.000000  
77.137327 0.016879  0.088344  -0.011534  0.993892  0.074527  0.081390  -0.088008  0.090302  0.992018  0.066582  -0.993122  0.096309  0.002700  -0.007160  0.002948  0.000000  0.000000  0.000000  2.000000  
77.138334 0.016882  0.088337  -0.011532  0.993883  0.074659  0.081378  -0.088007  0.090290  0.992019  0.066716  -0.993113  0.096308  0.002703  -0.007126  0.002897  0.000000  0.000000  0.000000  2.000000  
77.139571 0.016886  0.088328  -0.011528  0.993874  0.074792  0.081365  -0.088007  0.090278  0.992021  0.066849  -0.993104  0.096307  0.002747  -0.007110  0.002880  0.000000  0.000000  0.000000  2.000000  
77.140572 0.016888  0.088321  -0.011525  0.993865  0.074924  0.081352  -0.088006  0.090266  0.992022  0.066983  -0.993095  0.096306  0.002718  -0.007139  0.002860  0.000000  0.000000  0.000000  2.000000  
77.141572 0.016891  0.088314  -0.011522  0.993865  0.074924  0.081352  -0.088006  0.090266  0.992022  0.066983  -0.993095  0.096306  0.002740  -0.007081  0.002872  0.000000  0.000000  0.000000  2.000000  
77.142817 0.016895  0.088306  -0.011519  0.993856  0.075056  0.081339  -0.088005  0.090255  0.992023  0.067116  -0.993086  0.096306  0.002749  -0.007088  0.002831  0.000000  0.000000  0.000000  2.000000  
77.143821 0.016898  0.088299  -0.011516  0.993847  0.075189  0.081326  -0.088004  0.090243  0.992024  0.067250  -0.993077  0.096305  0.002719  -0.007115  0.002808  0.000000  0.000000  0.000000  2.000000  
77.144823 0.016901  0.088292  -0.011514  0.993838  0.075331  0.081304  -0.088003  0.090352  0.992014  0.067383  -0.993057  0.096424  0.002765  -0.007091  0.002792  0.000000  0.000000  0.000000  2.000000  
77.146072 0.016904  0.088283  -0.011510  0.993838  0.075331  0.081304  -0.088003  0.090352  0.992014  0.067383  -0.993057  0.096424  0.002732  -0.007122  0.002769  0.000000  0.000000  0.000000  2.000000  
77.147326 0.016907  0.088273  -0.011508  0.993829  0.075463  0.081291  -0.088003  0.090340  0.992015  0.067517  -0.993048  0.096423  0.002683  -0.007205  0.002690  0.000000  0.000000  0.000000  2.000000  
77.148590 0.016910  0.088264  -0.011504  0.993802  0.075614  0.081483  -0.088206  0.090313  0.992000  0.067650  -0.993039  0.096423  0.002677  -0.007183  0.002681  0.000000  0.000000  0.000000  2.000000  
77.149822 0.016913  0.088255  -0.011501  0.993793  0.075747  0.081470  -0.088206  0.090301  0.992001  0.067784  -0.993030  0.096422  0.002646  -0.007220  0.002660  0.000000  0.000000  0.000000  2.000000  
77.150825 0.016915  0.088246  -0.011498  0.993784  0.075879  0.081457  -0.088205  0.090289  0.992002  0.067917  -0.993021  0.096421  0.002622  -0.007280  0.002651  0.000000  0.000000  0.000000  2.000000  
77.152071 0.016918  0.088238  -0.011494  0.993775  0.076011  0.081444  -0.088204  0.090277  0.992003  0.068051  -0.993012  0.096420  0.002597  -0.007244  0.002679  0.000000  0.000000  0.000000  2.000000  
77.153072 0.016920  0.088230  -0.011492  0.993775  0.076011  0.081444  -0.088204  0.090277  0.992003  0.068051  -0.993012  0.096420  0.002565  -0.007307  0.002709  0.000000  0.000000  0.000000  2.000000  
77.154338 0.016923  0.088221  -0.011488  0.993766  0.076144  0.081431  -0.088203  0.090266  0.992004  0.068184  -0.993003  0.096419  0.002517  -0.007292  0.002669  0.000000  0.000000  0.000000  2.000000  
77.155571 0.016926  0.088212  -0.011486  0.993739  0.076304  0.081613  -0.088407  0.090358  0.991978  0.068318  -0.992982  0.096539  0.002532  -0.007304  0.002634  0.000000  0.000000  0.000000  2.000000  
77.156573 0.016929  0.088205  -0.011483  0.993739  0.076304  0.081613  -0.088407  0.090358  0.991978  0.068318  -0.992982  0.096539  0.002488  -0.007305  0.002597  0.000000  0.000000  0.000000  2.000000  
77.157821 0.016931  0.088195  -0.011480  0.993730  0.076437  0.081601  -0.088406  0.090347  0.991979  0.068451  -0.992973  0.096538  0.002408  -0.007359  0.002591  0.000000  0.000000  0.000000  2.000000  
77.159068 0.016934  0.088186  -0.011476  0.993721  0.076569  0.081588  -0.088405  0.090335  0.991980  0.068585  -0.992964  0.096537  0.002378  -0.007387  0.002572  0.000000  0.000000  0.000000  2.000000  
77.160072 0.016936  0.088179  -0.011474  0.993721  0.076569  0.081588  -0.088405  0.090335  0.991980  0.068585  -0.992964  0.096537  0.002329  -0.007415  0.002586  0.000000  0.000000  0.000000  2.000000  
77.161321 0.016939  0.088170  -0.011471  0.993693  0.076720  0.081779  -0.088609  0.090307  0.991964  0.068718  -0.992954  0.096536  0.002278  -0.007413  0.002597  0.000000  0.000000  0.000000  2.000000  
77.162331 0.016941  0.088162  -0.011469  0.993684  0.076852  0.081766  -0.088608  0.090296  0.991965  0.068852  -0.992945  0.096535  0.002270  -0.007403  0.002590  0.000000  0.000000  0.000000  2.000000  
77.163567 0.016943  0.088152  -0.011466  0.993684  0.076852  0.081766  -0.088608  0.090296  0.991965  0.068852  -0.992945  0.096535  0.002213  -0.007476  0.002553  0.000000  0.000000  0.000000  2.000000  
77.164569 0.016945  0.088145  -0.011463  0.993675  0.076985  0.081753  -0.088608  0.090284  0.991967  0.068985  -0.992936  0.096534  0.002177  -0.007403  0.002567  0.000000  0.000000  0.000000  2.000000  
77.165569 0.016947  0.088138  -0.011461  0.993657  0.077003  0.081958  -0.088812  0.090268  0.991950  0.068985  -0.992936  0.096534  0.002134  -0.007404  0.002533  0.000000  0.000000  0.000000  2.000000  
77.166571 0.016949  0.088131  -0.011458  0.993647  0.077136  0.081945  -0.088811  0.090256  0.991951  0.069119  -0.992927  0.096533  0.002158  -0.007318  0.002493  0.000000  0.000000  0.000000  2.000000  
77.167574 0.016951  0.088124  -0.011456  0.993647  0.077136  0.081945  -0.088811  0.090256  0.991951  0.069119  -0.992927  0.096533  0.002095  -0.007314  0.002494  0.000000  0.000000  0.000000  2.000000  
77.168822 0.016953  0.088116  -0.011452  0.993638  0.077268  0.081932  -0.088810  0.090244  0.991952  0.069252  -0.992918  0.096532  0.002096  -0.007194  0.002483  0.000000  0.000000  0.000000  2.000000  
77.170072 0.016956  0.088108  -0.011450  0.993638  0.077268  0.081932  -0.088810  0.090244  0.991952  0.069252  -0.992918  0.096532  0.002018  -0.007129  0.002466  0.000000  0.000000  0.000000  2.000000  
77.171328 0.016958  0.088101  -0.011446  0.993611  0.077419  0.082123  -0.089014  0.090217  0.991936  0.069386  -0.992909  0.096531  0.001982  -0.007037  0.002477  0.000000  0.000000  0.000000  2.000000  
77.172573 0.016961  0.088093  -0.011443  0.993601  0.077551  0.082110  -0.089013  0.090205  0.991937  0.069519  -0.992899  0.096531  0.001984  -0.006942  0.002472  0.000000  0.000000  0.000000  2.000000  
77.173822 0.016963  0.088085  -0.011440  0.993601  0.077551  0.082110  -0.089013  0.090205  0.991937  0.069519  -0.992899  0.096531  0.001939  -0.006845  0.002478  0.000000  0.000000  0.000000  2.000000  
77.175071 0.016966  0.088078  -0.011436  0.993574  0.077702  0.082302  -0.089217  0.090177  0.991922  0.069653  -0.992890  0.096530  0.001937  -0.006730  0.002512  0.000000  0.000000  0.000000  2.000000  
77.176333 0.016967  0.088070  -0.011433  0.993564  0.077834  0.082289  -0.089216  0.090165  0.991923  0.069786  -0.992881  0.096529  0.001880  -0.006619  0.002511  0.000000  0.000000  0.000000  2.000000  
77.177571 0.016970  0.088063  -0.011430  0.993564  0.077834  0.082289  -0.089216  0.090165  0.991923  0.069786  -0.992881  0.096529  0.001904  -0.006473  0.002567  0.000000  0.000000  0.000000  2.000000  
77.178822 0.016972  0.088056  -0.011427  0.993555  0.077967  0.082276  -0.089215  0.090153  0.991924  0.069920  -0.992871  0.096528  0.001905  -0.006352  0.002555  0.000000  0.000000  0.000000  2.000000  
77.179822 0.016974  0.088050  -0.011424  0.993537  0.077985  0.082480  -0.089420  0.090137  0.991907  0.069920  -0.992871  0.096528  0.001881  -0.006194  0.002572  0.000000  0.000000  0.000000  2.000000  
77.181072 0.016976  0.088044  -0.011421  0.993527  0.078118  0.082467  -0.089419  0.090125  0.991908  0.070053  -0.992862  0.096527  0.001872  -0.006078  0.002606  0.000000  0.000000  0.000000  2.000000  
77.182072 0.016978  0.088039  -0.011418  0.993518  0.078250  0.082454  -0.089418  0.090113  0.991909  0.070187  -0.992853  0.096526  0.001902  -0.005939  0.002657  0.000000  0.000000  0.000000  2.000000  
77.183318 0.016980  0.088032  -0.011415  0.993509  0.078382  0.082442  -0.089417  0.090101  0.991910  0.070320  -0.992843  0.096525  0.001874  -0.005827  0.002573  0.000000  0.000000  0.000000  2.000000  
77.184326 0.016982  0.088028  -0.011412  0.993490  0.078401  0.082646  -0.089622  0.090085  0.991893  0.070320  -0.992843  0.096525  0.001883  -0.005645  0.002621  0.000000  0.000000  0.000000  2.000000  
77.185571 0.016985  0.088023  -0.011409  0.993481  0.078533  0.082633  -0.089621  0.090073  0.991895  0.070453  -0.992834  0.096524  0.001874  -0.005494  0.002590  0.000000  0.000000  0.000000  2.000000  
77.186575 0.016987  0.088018  -0.011406  0.993472  0.078665  0.082620  -0.089620  0.090061  0.991896  0.070587  -0.992825  0.096523  0.001862  -0.005368  0.002627  0.000000  0.000000  0.000000  2.000000  
