1-Time 2-Px 3-Py 4-Pz 5-R11 6-R21 7-R31 8-R12 9-R22 10-R32 11-R13 12-R23 13-R33 14-Vx 15-Vy 16-Vz 17-Wx 18-Wy 19-Wz 20-state 21-PR11 22-PR21 23-PR31 24-PR12 25-PR22 26-PR32 27-PR13 28-PR23 29-PR33 
46.459594 0.004685  0.089107  -0.013081  0.993184  0.099689  -0.060393  -0.099498  0.995019  0.006172  0.060707  -0.000121  0.998156  -0.000059  -0.000040  0.000099  0.000000  0.000000  0.000000  2.000000  
46.460602 0.004685  0.089107  -0.013081  0.993184  0.099689  -0.060393  -0.099498  0.995019  0.006172  0.060707  -0.000121  0.998156  -0.000059  -0.000041  0.000101  0.000000  0.000000  0.000000  2.000000  
46.461850 0.004685  0.089104  -0.013081  0.993114  0.100304  -0.060522  -0.100110  0.994957  0.006223  0.060841  -0.000121  0.998147  -0.000068  -0.000221  0.000072  0.000000  0.000000  0.000000  2.000000  
46.462851 0.004684  0.089102  -0.013082  0.993044  0.100918  -0.060651  -0.100723  0.994895  0.006274  0.060974  -0.000121  0.998139  -0.000042  -0.000355  0.000017  0.000000  0.000000  0.000000  2.000000  
46.463851 0.004685  0.089099  -0.013083  0.993024  0.101123  -0.060650  -0.100927  0.994874  0.006286  0.060974  -0.000121  0.998139  -0.000030  -0.000564  -0.000039  0.000000  0.000000  0.000000  2.000000  
46.464852 0.004685  0.089096  -0.013083  0.992995  0.101335  -0.060769  -0.101131  0.994852  0.006433  0.061108  -0.000242  0.998131  0.000010  -0.000769  -0.000029  0.000000  0.000000  0.000000  2.000000  
46.466099 0.004686  0.089092  -0.013083  0.992916  0.101950  -0.061031  -0.101743  0.994790  0.006498  0.061375  -0.000242  0.998115  0.000071  -0.001004  -0.000046  0.000000  0.000000  0.000000  2.000000  
46.467101 0.004687  0.089090  -0.013082  0.992836  0.102564  -0.061292  -0.102354  0.994726  0.006563  0.061642  -0.000242  0.998098  0.000142  -0.001183  -0.000016  0.000000  0.000000  0.000000  2.000000  
46.468345 0.004688  0.089087  -0.013082  0.992735  0.103383  -0.061552  -0.103170  0.994642  0.006641  0.061909  -0.000242  0.998082  0.000223  -0.001388  0.000024  0.000000  0.000000  0.000000  2.000000  
46.469361 0.004690  0.089084  -0.013083  0.992633  0.104202  -0.061813  -0.103986  0.994556  0.006719  0.062176  -0.000242  0.998065  0.000322  -0.001551  -0.000067  0.000000  0.000000  0.000000  2.000000  
46.470362 0.004690  0.089082  -0.013084  0.992552  0.104817  -0.062074  -0.104597  0.994492  0.006785  0.062443  -0.000242  0.998048  0.000360  -0.001688  -0.000159  0.014709  0.062893  0.172578  2.000000  
46.471598 0.004691  0.089080  -0.013086  0.992428  0.105840  -0.062333  -0.105617  0.994383  0.006878  0.062710  -0.000242  0.998032  0.000415  -0.001808  -0.000336  0.016887  0.067421  0.207209  2.000000  
46.472601 0.004692  0.089079  -0.013088  0.992345  0.106454  -0.062594  -0.106228  0.994318  0.006944  0.062977  -0.000242  0.998015  0.000445  -0.001919  -0.000438  0.018196  0.076397  0.227887  2.000000  
46.473850 0.004692  0.089077  -0.013088  0.992241  0.107273  -0.062854  -0.107043  0.994230  0.007025  0.063245  -0.000242  0.997998  0.000503  -0.002027  -0.000473  0.019790  0.084739  0.253574  2.000000  
46.474870 0.004693  0.089074  -0.013090  0.992144  0.108092  -0.062981  -0.107859  0.994141  0.007091  0.063378  -0.000242  0.997990  0.000571  -0.002215  -0.000583  0.021660  0.089814  0.282931  2.000000  
46.476099 0.004694  0.089070  -0.013092  0.992038  0.108903  -0.063253  -0.108675  0.994052  0.007051  0.063645  -0.000121  0.997973  0.000609  -0.002398  -0.000739  0.019356  0.098873  0.310711  2.000000  
46.477099 0.004695  0.089067  -0.013092  0.991954  0.109517  -0.063515  -0.109285  0.993985  0.007120  0.063912  -0.000121  0.997956  0.000668  -0.002464  -0.000712  0.020693  0.107876  0.331463  2.000000  
46.478101 0.004695  0.089063  -0.013092  0.991869  0.110131  -0.063776  -0.109896  0.993917  0.007188  0.064179  -0.000121  0.997938  0.000734  -0.002537  -0.000654  0.022033  0.116865  0.352173  2.000000  
46.479102 0.004696  0.089058  -0.013091  0.991815  0.110540  -0.063905  -0.110303  0.993872  0.007229  0.064313  -0.000121  0.997930  0.000715  -0.002635  -0.000608  0.022917  0.121335  0.365910  2.000000  
46.480363 0.004697  0.089052  -0.013090  0.991730  0.111162  -0.064153  -0.110914  0.993802  0.007419  0.064580  -0.000242  0.997913  0.000727  -0.002854  -0.000477  0.028332  0.130258  0.386502  2.000000  
46.481596 0.004700  0.089044  -0.013089  0.991621  0.111980  -0.064412  -0.111729  0.993710  0.007502  0.064847  -0.000242  0.997895  0.000871  -0.003088  -0.000409  0.030139  0.139328  0.414364  2.000000  
46.482599 0.004702  0.089038  -0.013087  0.991566  0.112381  -0.064555  -0.112136  0.993665  0.007423  0.064980  -0.000121  0.997887  0.000963  -0.003367  -0.000330  0.026954  0.143815  0.428067  2.000000  
46.483846 0.004705  0.089031  -0.013085  0.991502  0.112791  -0.064817  -0.112542  0.993619  0.007479  0.065247  -0.000121  0.997869  0.001053  -0.003668  -0.000178  0.027659  0.151584  0.438340  2.000000  
46.485106 0.004707  0.089023  -0.013084  0.991447  0.113200  -0.064947  -0.112950  0.993572  0.007521  0.065381  -0.000121  0.997860  0.001117  -0.004040  0.000011  0.028778  0.157268  0.455588  2.000000  
46.486353 0.004710  0.089014  -0.013082  0.991392  0.113601  -0.065090  -0.113357  0.993526  0.007442  0.065514  0.000000  0.997852  0.001276  -0.004458  0.000277  0.025611  0.161815  0.469456  2.000000  
46.487601 0.004714  0.089006  -0.013081  0.991345  0.114010  -0.065087  -0.113765  0.993480  0.007469  0.065514  0.000000  0.997852  0.001477  -0.004806  0.000490  0.026490  0.161852  0.483377  2.000000  
46.488847 0.004716  0.088997  -0.013078  0.991313  0.114207  -0.065232  -0.113968  0.993457  0.007377  0.065648  0.000121  0.997843  0.001562  -0.005326  0.000667  0.022884  0.166385  0.490292  2.000000  
46.489851 0.004717  0.088990  -0.013077  0.991313  0.114199  -0.065246  -0.113968  0.993458  0.007257  0.065648  0.000242  0.997843  0.001609  -0.005648  0.000835  0.018655  0.165064  0.486302  2.000000  
46.490870 0.004719  0.088982  -0.013075  0.991313  0.114199  -0.065246  -0.113968  0.993458  0.007257  0.065648  0.000242  0.997843  0.001732  -0.005915  0.001130  0.018362  0.166341  0.483164  2.000000  
46.492100 0.004721  0.088974  -0.013072  0.991298  0.114395  -0.065126  -0.114173  0.993435  0.007135  0.065514  0.000363  0.997852  0.001797  -0.006237  0.001405  0.013422  0.157486  0.469667  2.000000  
46.493353 0.004723  0.088964  -0.013068  0.991298  0.114387  -0.065140  -0.114173  0.993436  0.007014  0.065514  0.000484  0.997852  0.001834  -0.006533  0.001565  0.008061  0.152969  0.448807  2.000000  
46.494598 0.004723  0.088954  -0.013065  0.991307  0.114388  -0.065007  -0.114174  0.993436  0.006999  0.065381  0.000484  0.997860  0.001807  -0.006768  0.001724  0.003518  0.142796  0.438376  2.000000  
46.495601 0.004723  0.088946  -0.013062  0.991307  0.114380  -0.065021  -0.114174  0.993437  0.006878  0.065381  0.000605  0.997860  0.001706  -0.006953  0.001858  -0.001348  0.135004  0.428171  2.000000  
46.496850 0.004724  0.088936  -0.013058  0.991339  0.114167  -0.064903  -0.113971  0.993461  0.006729  0.065247  0.000726  0.997869  0.001547  -0.007156  0.001997  -0.007592  0.121528  0.393629  2.000000  
46.498102 0.004723  0.088926  -0.013055  0.991348  0.114167  -0.064771  -0.113972  0.993461  0.006714  0.065114  0.000726  0.997878  0.001321  -0.007368  0.002093  -0.009322  0.108001  0.365912  2.000000  
46.499347 0.004721  0.088914  -0.013052  0.991371  0.113955  -0.064786  -0.113768  0.993486  0.006580  0.065114  0.000847  0.997877  0.001072  -0.007560  0.002163  -0.015432  0.098265  0.328855  2.000000  
46.500361 0.004721  0.088906  -0.013047  0.991380  0.113947  -0.064667  -0.113769  0.993486  0.006444  0.064980  0.000968  0.997886  0.000880  -0.007683  0.002417  -0.020758  0.084854  0.308161  2.000000  
46.501598 0.004720  0.088896  -0.013044  0.991380  0.113947  -0.064667  -0.113769  0.993486  0.006444  0.064980  0.000968  0.997886  0.000573  -0.007847  0.002541  -0.022907  0.075919  0.273908  2.000000  
46.502600 0.004719  0.088887  -0.013041  0.991412  0.113735  -0.064550  -0.113566  0.993511  0.006295  0.064847  0.001089  0.997895  0.000338  -0.007945  0.002638  -0.028687  0.062546  0.246523  2.000000  
46.503848 0.004716  0.088876  -0.013038  0.991412  0.113727  -0.064564  -0.113566  0.993511  0.006175  0.064847  0.001210  0.997894  -0.000056  -0.008088  0.002719  -0.034458  0.053630  0.219139  2.000000  
46.504848 0.004713  0.088866  -0.013037  0.991421  0.113720  -0.064445  -0.113567  0.993512  0.006039  0.064713  0.001331  0.997903  -0.000276  -0.008220  0.002686  -0.040285  0.044737  0.191868  2.000000  
46.505852 0.004711  0.088857  -0.013036  0.991421  0.113712  -0.064458  -0.113567  0.993513  0.005919  0.064713  0.001453  0.997903  -0.000548  -0.008346  0.002644  0.000000  0.000000  0.000000  2.000000  
46.506854 0.004709  0.088848  -0.013035  0.991421  0.113712  -0.064458  -0.113567  0.993513  0.005919  0.064713  0.001453  0.997903  -0.000862  -0.008531  0.002470  0.000000  0.000000  0.000000  2.000000  
46.508102 0.004705  0.088837  -0.013034  0.991429  0.113704  -0.064340  -0.113568  0.993513  0.005783  0.064580  0.001574  0.997911  -0.001163  -0.008636  0.002312  0.000000  0.000000  0.000000  2.000000  
46.509103 0.004702  0.088828  -0.013035  0.991429  0.113696  -0.064353  -0.113568  0.993514  0.005662  0.064580  0.001695  0.997911  -0.001376  -0.008690  0.002118  0.000000  0.000000  0.000000  2.000000  
46.510364 0.004699  0.088817  -0.013035  0.991429  0.113696  -0.064353  -0.113568  0.993514  0.005662  0.064580  0.001695  0.997911  -0.001668  -0.008744  0.001866  0.000000  0.000000  0.000000  2.000000  
46.511600 0.004695  0.088806  -0.013035  0.991406  0.113893  -0.064366  -0.113772  0.993491  0.005555  0.064580  0.001816  0.997911  -0.001943  -0.008839  0.001588  0.000000  0.000000  0.000000  2.000000  
46.512850 0.004691  0.088794  -0.013035  0.991406  0.113893  -0.064366  -0.113772  0.993491  0.005555  0.064580  0.001816  0.997911  -0.002188  -0.008924  0.001375  0.000000  0.000000  0.000000  2.000000  
46.513850 0.004687  0.088785  -0.013036  0.991397  0.113893  -0.064499  -0.113771  0.993491  0.005570  0.064713  0.001816  0.997902  -0.002344  -0.008960  0.001127  0.000000  0.000000  0.000000  2.000000  
46.515096 0.004684  0.088774  -0.013036  0.991397  0.113885  -0.064512  -0.113771  0.993492  0.005450  0.064713  0.001937  0.997902  -0.002498  -0.008976  0.000855  0.000000  0.000000  0.000000  2.000000  
46.516098 0.004681  0.088765  -0.013035  0.991365  0.114089  -0.064644  -0.113974  0.993469  0.005478  0.064847  0.001937  0.997893  -0.002645  -0.008983  0.000704  0.000000  0.000000  0.000000  2.000000  
46.517100 0.004679  0.088756  -0.013035  0.991365  0.114089  -0.064644  -0.113974  0.993469  0.005478  0.064847  0.001937  0.997893  -0.002729  -0.008996  0.000508  0.000000  0.000000  0.000000  2.000000  
46.518353 0.004676  0.088746  -0.013035  0.991365  0.114081  -0.064658  -0.113974  0.993469  0.005358  0.064847  0.002058  0.997893  -0.002773  -0.008983  0.000264  0.000000  0.000000  0.000000  2.000000  
46.519356 0.004673  0.088737  -0.013035  0.991333  0.114286  -0.064789  -0.114177  0.993446  0.005386  0.064980  0.002058  0.997884  -0.002754  -0.008943  0.000134  0.000000  0.000000  0.000000  2.000000  
46.520361 0.004671  0.088729  -0.013036  0.991333  0.114286  -0.064789  -0.114177  0.993446  0.005386  0.064980  0.002058  0.997884  -0.002746  -0.008887  -0.000005  0.000000  0.000000  0.000000  2.000000  
46.521598 0.004669  0.088718  -0.013037  0.991333  0.114278  -0.064803  -0.114177  0.993446  0.005266  0.064980  0.002179  0.997884  -0.002678  -0.008819  -0.000115  0.000000  0.000000  0.000000  2.000000  
46.522605 0.004668  0.088710  -0.013037  0.991333  0.114278  -0.064803  -0.114177  0.993446  0.005266  0.064980  0.002179  0.997884  -0.002574  -0.008743  -0.000131  0.000000  0.000000  0.000000  2.000000  
46.523850 0.004667  0.088700  -0.013037  0.991301  0.114482  -0.064935  -0.114380  0.993423  0.005295  0.065114  0.002179  0.997875  -0.002400  -0.008658  -0.000161  0.000000  0.000000  0.000000  2.000000  
46.524852 0.004667  0.088693  -0.013038  0.991301  0.114474  -0.064949  -0.114380  0.993424  0.005174  0.065114  0.002300  0.997875  -0.002195  -0.008563  -0.000203  0.000000  0.000000  0.000000  2.000000  
46.526100 0.004667  0.088683  -0.013038  0.991301  0.114474  -0.064949  -0.114380  0.993424  0.005174  0.065114  0.002300  0.997875  -0.001952  -0.008472  -0.000176  0.000000  0.000000  0.000000  2.000000  
46.527351 0.004667  0.088673  -0.013038  0.991301  0.114474  -0.064949  -0.114380  0.993424  0.005174  0.065114  0.002300  0.997875  -0.001726  -0.008339  -0.000167  0.000000  0.000000  0.000000  2.000000  
46.528352 0.004667  0.088666  -0.013037  0.991277  0.114687  -0.064934  -0.114584  0.993399  0.005308  0.065114  0.002179  0.997875  -0.001467  -0.008219  -0.000086  0.000000  0.000000  0.000000  2.000000  
46.529352 0.004667  0.088658  -0.013037  0.991277  0.114687  -0.064934  -0.114584  0.993399  0.005308  0.065114  0.002179  0.997875  -0.001267  -0.008131  -0.000088  0.000000  0.000000  0.000000  2.000000  
46.530366 0.004668  0.088651  -0.013036  0.991277  0.114687  -0.064934  -0.114584  0.993399  0.005308  0.065114  0.002179  0.997875  -0.000993  -0.008040  -0.000090  0.000000  0.000000  0.000000  2.000000  
46.531598 0.004669  0.088641  -0.013037  0.991254  0.114891  -0.064933  -0.114788  0.993376  0.005321  0.065114  0.002179  0.997875  -0.000717  -0.007988  -0.000128  0.000000  0.000000  0.000000  2.000000  
46.532598 0.004669  0.088633  -0.013036  0.991254  0.114891  -0.064933  -0.114788  0.993376  0.005321  0.065114  0.002179  0.997875  -0.000477  -0.007917  -0.000055  0.000000  0.000000  0.000000  2.000000  
46.533600 0.004670  0.088626  -0.013035  0.991254  0.114891  -0.064933  -0.114788  0.993376  0.005321  0.065114  0.002179  0.997875  -0.000290  -0.007813  0.000034  0.000000  0.000000  0.000000  2.000000  
46.534601 0.004671  0.088619  -0.013033  0.991230  0.115103  -0.064918  -0.114993  0.993351  0.005455  0.065114  0.002058  0.997876  -0.000058  -0.007689  0.000173  0.000000  0.000000  0.000000  2.000000  
46.535846 0.004673  0.088611  -0.013031  0.991230  0.115103  -0.064918  -0.114993  0.993351  0.005455  0.065114  0.002058  0.997876  0.000160  -0.007535  0.000371  0.000000  0.000000  0.000000  2.000000  
46.536852 0.004674  0.088606  -0.013029  0.991206  0.115308  -0.064916  -0.115197  0.993328  0.005469  0.065114  0.002058  0.997876  0.000379  -0.007371  0.000542  0.000000  0.000000  0.000000  2.000000  
46.538098 0.004676  0.088598  -0.013027  0.991215  0.115308  -0.064784  -0.115198  0.993328  0.005453  0.064980  0.002058  0.997884  0.000551  -0.007225  0.000705  0.000000  0.000000  0.000000  2.000000  
46.539107 0.004678  0.088592  -0.013024  0.991191  0.115513  -0.064783  -0.115402  0.993304  0.005466  0.064980  0.002058  0.997884  0.000756  -0.007032  0.000911  0.000000  0.000000  0.000000  2.000000  
46.540363 0.004679  0.088585  -0.013022  0.991191  0.115513  -0.064783  -0.115402  0.993304  0.005466  0.064980  0.002058  0.997884  0.000839  -0.006911  0.001056  0.000000  0.000000  0.000000  2.000000  
46.541601 0.004681  0.088578  -0.013020  0.991167  0.115717  -0.064782  -0.115606  0.993280  0.005480  0.064980  0.002058  0.997884  0.000968  -0.006710  0.001207  0.000000  0.000000  0.000000  2.000000  
46.542850 0.004682  0.088571  -0.013018  0.991152  0.115930  -0.064634  -0.115811  0.993256  0.005598  0.064847  0.001937  0.997893  0.001011  -0.006571  0.001272  0.000000  0.000000  0.000000  2.000000  
46.544102 0.004683  0.088564  -0.013016  0.991128  0.116134  -0.064633  -0.116015  0.993232  0.005611  0.064847  0.001937  0.997893  0.001095  -0.006414  0.001404  0.000000  0.000000  0.000000  2.000000  
46.545354 0.004684  0.088556  -0.013014  0.991104  0.116347  -0.064617  -0.116219  0.993207  0.005745  0.064847  0.001816  0.997894  0.001074  -0.006334  0.001515  0.000000  0.000000  0.000000  2.000000  
46.546362 0.004684  0.088549  -0.013013  0.991104  0.116347  -0.064617  -0.116219  0.993207  0.005745  0.064847  0.001816  0.997894  0.001058  -0.006191  0.001622  0.000000  0.000000  0.000000  2.000000  
46.547598 0.004684  0.088541  -0.013012  0.991081  0.116559  -0.064602  -0.116423  0.993182  0.005879  0.064847  0.001695  0.997894  0.000967  -0.006142  0.001594  0.000000  0.000000  0.000000  2.000000  
46.548846 0.004684  0.088533  -0.013010  0.991057  0.116763  -0.064601  -0.116627  0.993158  0.005892  0.064847  0.001695  0.997894  0.000926  -0.006086  0.001649  0.000000  0.000000  0.000000  2.000000  
46.549852 0.004684  0.088527  -0.013009  0.991032  0.116976  -0.064585  -0.116831  0.993134  0.006026  0.064847  0.001574  0.997894  0.000827  -0.006089  0.001580  0.000000  0.000000  0.000000  2.000000  
46.551104 0.004683  0.088519  -0.013008  0.991008  0.117180  -0.064584  -0.117035  0.993109  0.006039  0.064847  0.001574  0.997894  0.000674  -0.006112  0.001471  0.000000  0.000000  0.000000  2.000000  
46.552350 0.004683  0.088511  -0.013007  0.991008  0.117188  -0.064570  -0.117035  0.993109  0.006160  0.064847  0.001453  0.997894  0.000521  -0.006142  0.001364  0.000000  0.000000  0.000000  2.000000  
46.553351 0.004683  0.088504  -0.013007  0.990984  0.117392  -0.064569  -0.117239  0.993085  0.006173  0.064847  0.001453  0.997894  0.000448  -0.006174  0.001267  0.000000  0.000000  0.000000  2.000000  
46.554600 0.004682  0.088496  -0.013007  0.990960  0.117597  -0.064567  -0.117443  0.993060  0.006186  0.064847  0.001453  0.997894  0.000269  -0.006204  0.001096  0.000000  0.000000  0.000000  2.000000  
46.555621 0.004681  0.088490  -0.013007  0.990960  0.117597  -0.064567  -0.117443  0.993060  0.006186  0.064847  0.001453  0.997894  0.000104  -0.006273  0.000986  0.000000  0.000000  0.000000  2.000000  
46.556629 0.004680  0.088484  -0.013006  0.990936  0.117809  -0.064552  -0.117647  0.993035  0.006320  0.064847  0.001331  0.997894  -0.000041  -0.006324  0.000888  0.000000  0.000000  0.000000  2.000000  
46.557854 0.004679  0.088476  -0.013006  0.990936  0.117809  -0.064552  -0.117647  0.993035  0.006320  0.064847  0.001331  0.997894  -0.000234  -0.006362  0.000753  0.000000  0.000000  0.000000  2.000000  
46.559101 0.004677  0.088467  -0.013006  0.990912  0.118014  -0.064551  -0.117851  0.993011  0.006333  0.064847  0.001331  0.997894  -0.000379  -0.006408  0.000653  0.000000  0.000000  0.000000  2.000000  
46.560123 0.004675  0.088460  -0.013006  0.990912  0.118014  -0.064551  -0.117851  0.993011  0.006333  0.064847  0.001331  0.997894  -0.000563  -0.006459  0.000527  0.000000  0.000000  0.000000  2.000000  
46.561353 0.004673  0.088452  -0.013006  0.990887  0.118218  -0.064549  -0.118055  0.992987  0.006347  0.064847  0.001331  0.997894  -0.000755  -0.006511  0.000440  0.000000  0.000000  0.000000  2.000000  
46.562600 0.004670  0.088442  -0.013007  0.990887  0.118218  -0.064549  -0.118055  0.992987  0.006347  0.064847  0.001331  0.997894  -0.000945  -0.006568  0.000310  0.000000  0.000000  0.000000  2.000000  
46.563850 0.004667  0.088433  -0.013008  0.990887  0.118218  -0.064549  -0.118055  0.992987  0.006347  0.064847  0.001331  0.997894  -0.001131  -0.006688  0.000099  0.000000  0.000000  0.000000  2.000000  
46.565097 0.004664  0.088423  -0.013010  0.990887  0.118218  -0.064549  -0.118055  0.992987  0.006347  0.064847  0.001331  0.997894  -0.001310  -0.006775  -0.000065  0.000000  0.000000  0.000000  2.000000  
46.566102 0.004661  0.088416  -0.013011  0.990887  0.118218  -0.064549  -0.118055  0.992987  0.006347  0.064847  0.001331  0.997894  -0.001472  -0.006854  -0.000217  0.000000  0.000000  0.000000  2.000000  
46.567350 0.004658  0.088406  -0.013013  0.990863  0.118422  -0.064548  -0.118259  0.992962  0.006360  0.064847  0.001331  0.997894  -0.001664  -0.006958  -0.000389  0.000000  0.000000  0.000000  2.000000  
46.568598 0.004655  0.088397  -0.013015  0.990863  0.118422  -0.064548  -0.118259  0.992962  0.006360  0.064847  0.001331  0.997894  -0.001870  -0.007061  -0.000524  0.000000  0.000000  0.000000  2.000000  
46.569598 0.004652  0.088389  -0.013017  0.990863  0.118422  -0.064548  -0.118259  0.992962  0.006360  0.064847  0.001331  0.997894  -0.001991  -0.007140  -0.000647  0.000000  0.000000  0.000000  2.000000  
46.570600 0.004649  0.088382  -0.013018  0.990863  0.118422  -0.064548  -0.118259  0.992962  0.006360  0.064847  0.001331  0.997894  -0.002128  -0.007226  -0.000735  0.000000  0.000000  0.000000  2.000000  
46.571846 0.004646  0.088373  -0.013019  0.990863  0.118422  -0.064548  -0.118259  0.992962  0.006360  0.064847  0.001331  0.997894  -0.002288  -0.007298  -0.000886  0.000000  0.000000  0.000000  2.000000  
46.572856 0.004643  0.088365  -0.013020  0.990863  0.118422  -0.064548  -0.118259  0.992962  0.006360  0.064847  0.001331  0.997894  -0.002414  -0.007390  -0.000968  0.000000  0.000000  0.000000  2.000000  
46.574104 0.004639  0.088356  -0.013022  0.990872  0.118415  -0.064430  -0.118260  0.992963  0.006224  0.064713  0.001453  0.997903  -0.002560  -0.007446  -0.001067  0.000000  0.000000  0.000000  2.000000  
46.575120 0.004636  0.088348  -0.013023  0.990872  0.118415  -0.064430  -0.118260  0.992963  0.006224  0.064713  0.001453  0.997903  -0.002615  -0.007477  -0.001144  0.000000  0.000000  0.000000  2.000000  
46.576353 0.004632  0.088339  -0.013024  0.990872  0.118415  -0.064430  -0.118260  0.992963  0.006224  0.064713  0.001453  0.997903  -0.002715  -0.007549  -0.001211  0.000000  0.000000  0.000000  2.000000  
46.577600 0.004628  0.088329  -0.013026  0.990872  0.118415  -0.064430  -0.118260  0.992963  0.006224  0.064713  0.001453  0.997903  -0.002788  -0.007552  -0.001259  0.000000  0.000000  0.000000  2.000000  
46.578601 0.004625  0.088322  -0.013026  0.990847  0.118611  -0.064443  -0.118464  0.992940  0.006117  0.064713  0.001574  0.997903  -0.002862  -0.007545  -0.001225  0.000000  0.000000  0.000000  2.000000  
46.579850 0.004621  0.088312  -0.013027  0.990847  0.118611  -0.064443  -0.118464  0.992940  0.006117  0.064713  0.001574  0.997903  -0.002927  -0.007537  -0.001179  0.000000  0.000000  0.000000  2.000000  
46.581099 0.004618  0.088304  -0.013028  0.990847  0.118611  -0.064443  -0.118464  0.992940  0.006117  0.064713  0.001574  0.997903  -0.002927  -0.007458  -0.001097  0.000000  0.000000  0.000000  2.000000  
46.582099 0.004615  0.088296  -0.013029  0.990823  0.118816  -0.064442  -0.118668  0.992915  0.006130  0.064713  0.001574  0.997903  -0.002939  -0.007453  -0.001060  0.000000  0.000000  0.000000  2.000000  
46.583101 0.004612  0.088289  -0.013030  0.990823  0.118816  -0.064442  -0.118668  0.992915  0.006130  0.064713  0.001574  0.997903  -0.002983  -0.007417  -0.001003  0.000000  0.000000  0.000000  2.000000  
46.584350 0.004608  0.088281  -0.013030  0.990823  0.118816  -0.064442  -0.118668  0.992915  0.006130  0.064713  0.001574  0.997903  -0.003013  -0.007365  -0.000942  0.000000  0.000000  0.000000  2.000000  
46.585353 0.004606  0.088274  -0.013031  0.990807  0.119020  -0.064308  -0.118873  0.992891  0.006127  0.064580  0.001574  0.997911  -0.002991  -0.007318  -0.000933  0.000000  0.000000  0.000000  2.000000  
46.586360 0.004603  0.088268  -0.013032  0.990807  0.119020  -0.064308  -0.118873  0.992891  0.006127  0.064580  0.001574  0.997911  -0.002969  -0.007219  -0.000833  0.000000  0.000000  0.000000  2.000000  
46.587596 0.004600  0.088260  -0.013033  0.990783  0.119225  -0.064306  -0.119077  0.992866  0.006140  0.064580  0.001574  0.997911  -0.002946  -0.007158  -0.000830  0.000000  0.000000  0.000000  2.000000  
46.588601 0.004597  0.088253  -0.013034  0.990758  0.119421  -0.064320  -0.119281  0.992842  0.006033  0.064580  0.001695  0.997911  -0.002909  -0.007046  -0.000813  0.000000  0.000000  0.000000  2.000000  
46.589847 0.004594  0.088245  -0.013035  0.990758  0.119421  -0.064320  -0.119281  0.992842  0.006033  0.064580  0.001695  0.997911  -0.002846  -0.006982  -0.000780  0.000000  0.000000  0.000000  2.000000  
46.590848 0.004592  0.088239  -0.013035  0.990742  0.119626  -0.064186  -0.119486  0.992818  0.006031  0.064446  0.001695  0.997920  -0.002800  -0.006879  -0.000760  0.000000  0.000000  0.000000  2.000000  
46.591848 0.004590  0.088233  -0.013036  0.990717  0.119830  -0.064185  -0.119690  0.992793  0.006044  0.064446  0.001695  0.997920  -0.002722  -0.006754  -0.000721  0.000000  0.000000  0.000000  2.000000  
46.593098 0.004587  0.088226  -0.013036  0.990693  0.120035  -0.064183  -0.119894  0.992768  0.006057  0.064446  0.001695  0.997920  -0.002606  -0.006628  -0.000653  0.000000  0.000000  0.000000  2.000000  
46.594347 0.004585  0.088219  -0.013036  0.990643  0.120444  -0.064181  -0.120302  0.992719  0.006083  0.064446  0.001695  0.997920  -0.002549  -0.006475  -0.000587  0.000000  0.000000  0.000000  2.000000  
46.595351 0.004583  0.088214  -0.013036  0.990627  0.120648  -0.064047  -0.120507  0.992694  0.006080  0.064313  0.001695  0.997928  -0.002461  -0.006356  -0.000585  0.000000  0.000000  0.000000  2.000000  
46.596352 0.004582  0.088208  -0.013037  0.990602  0.120853  -0.064046  -0.120711  0.992669  0.006094  0.064313  0.001695  0.997928  -0.002330  -0.006229  -0.000553  0.000000  0.000000  0.000000  2.000000  
46.597597 0.004579  0.088202  -0.013038  0.990577  0.121057  -0.064045  -0.120915  0.992644  0.006107  0.064313  0.001695  0.997928  -0.002281  -0.006107  -0.000579  0.000000  0.000000  0.000000  2.000000  
46.598602 0.004578  0.088197  -0.013038  0.990552  0.121261  -0.064043  -0.121119  0.992619  0.006120  0.064313  0.001695  0.997928  -0.002157  -0.005930  -0.000556  0.000000  0.000000  0.000000  2.000000  
46.599847 0.004575  0.088191  -0.013039  0.990511  0.121670  -0.063908  -0.121527  0.992569  0.006130  0.064179  0.001695  0.997937  -0.002080  -0.005806  -0.000517  0.000000  0.000000  0.000000  2.000000  
46.601101 0.004574  0.088185  -0.013040  0.990461  0.122079  -0.063906  -0.121935  0.992519  0.006156  0.064179  0.001695  0.997937  -0.001954  -0.005637  -0.000542  0.000000  0.000000  0.000000  2.000000  
46.602104 0.004572  0.088180  -0.013040  0.990436  0.122283  -0.063904  -0.122139  0.992494  0.006170  0.064179  0.001695  0.997937  -0.001874  -0.005503  -0.000502  0.000000  0.000000  0.000000  2.000000  
46.603350 0.004570  0.088174  -0.013041  0.990394  0.122692  -0.063769  -0.122548  0.992443  0.006180  0.064046  0.001695  0.997946  -0.001792  -0.005356  -0.000509  0.000000  0.000000  0.000000  2.000000  
46.604351 0.004569  0.088170  -0.013042  0.990369  0.122896  -0.063768  -0.122752  0.992418  0.006193  0.064046  0.001695  0.997946  -0.001763  -0.005268  -0.000501  0.000000  0.000000  0.000000  2.000000  
46.605604 0.004567  0.088165  -0.013043  0.990327  0.123305  -0.063633  -0.123161  0.992367  0.006202  0.063912  0.001695  0.997954  -0.001658  -0.005080  -0.000543  0.000000  0.000000  0.000000  2.000000  
46.606608 0.004567  0.088160  -0.013044  0.990301  0.123509  -0.063632  -0.123365  0.992342  0.006216  0.063912  0.001695  0.997954  -0.001567  -0.004955  -0.000540  0.002971  -0.026706  0.172645  2.000000  
46.607851 0.004565  0.088155  -0.013045  0.990259  0.123918  -0.063497  -0.123773  0.992291  0.006225  0.063779  0.001695  0.997963  -0.001522  -0.004786  -0.000624  0.003817  -0.030928  0.184953  2.000000  
46.609105 0.004562  0.088150  -0.013046  0.990208  0.124327  -0.063494  -0.124181  0.992240  0.006251  0.063779  0.001695  0.997963  -0.001503  -0.004686  -0.000670  0.008371  -0.031163  0.193398  2.000000  
46.610365 0.004561  0.088144  -0.013047  0.990165  0.124736  -0.063359  -0.124590  0.992189  0.006261  0.063645  0.001695  0.997971  -0.001475  -0.004611  -0.000706  0.009242  -0.035624  0.207136  2.000000  
46.611600 0.004559  0.088139  -0.013048  0.990114  0.125144  -0.063357  -0.124998  0.992137  0.006287  0.063645  0.001695  0.997971  -0.001457  -0.004493  -0.000751  0.010133  -0.035612  0.221008  2.000000  
46.612600 0.004557  0.088135  -0.013049  0.990062  0.125553  -0.063354  -0.125405  0.992086  0.006313  0.063645  0.001695  0.997971  -0.001451  -0.004414  -0.000763  0.010577  -0.035600  0.227913  2.000000  
46.613636 0.004556  0.088131  -0.013049  0.990045  0.125757  -0.063220  -0.125610  0.992060  0.006309  0.063512  0.001695  0.997980  -0.001456  -0.004378  -0.000771  0.010992  -0.040038  0.234545  2.000000  
46.614845 0.004553  0.088126  -0.013050  0.989993  0.126166  -0.063218  -0.126018  0.992008  0.006335  0.063512  0.001695  0.997980  -0.001475  -0.004317  -0.000789  0.011436  -0.035589  0.241797  2.000000  
46.615848 0.004551  0.088121  -0.013051  0.989941  0.126574  -0.063215  -0.126425  0.991956  0.006361  0.063512  0.001695  0.997980  -0.001538  -0.004310  -0.000794  0.012322  -0.035563  0.255591  2.000000  
46.616852 0.004550  0.088117  -0.013052  0.989923  0.126778  -0.063081  -0.126630  0.991930  0.006357  0.063378  0.001695  0.997988  -0.001546  -0.004285  -0.000804  0.012202  -0.039725  0.253458  2.000000  
46.618100 0.004546  0.088112  -0.013053  0.989871  0.127187  -0.063079  -0.127038  0.991877  0.006383  0.063378  0.001695  0.997988  -0.001616  -0.004231  -0.000765  0.013188  -0.040030  0.269355  2.000000  
46.619103 0.004544  0.088108  -0.013054  0.989827  0.127595  -0.062943  -0.127446  0.991825  0.006392  0.063245  0.001695  0.997997  -0.001668  -0.004225  -0.000807  0.017544  -0.044135  0.274014  2.000000  
46.620361 0.004541  0.088102  -0.013055  0.989774  0.127996  -0.062956  -0.127854  0.991773  0.006298  0.063245  0.001816  0.997996  -0.001761  -0.004220  -0.000828  0.013921  -0.039647  0.280864  2.000000  
46.621598 0.004538  0.088097  -0.013057  0.989722  0.128405  -0.062954  -0.128262  0.991720  0.006324  0.063245  0.001816  0.997996  -0.001911  -0.004252  -0.000885  0.014359  -0.039635  0.287714  2.000000  
46.622604 0.004535  0.088092  -0.013058  0.989704  0.128609  -0.062820  -0.128466  0.991694  0.006320  0.063111  0.001816  0.998005  -0.002015  -0.004287  -0.000864  0.014457  -0.044455  0.290071  2.000000  
46.623850 0.004532  0.088086  -0.013059  0.989651  0.129017  -0.062817  -0.128874  0.991641  0.006345  0.063111  0.001816  0.998005  -0.002115  -0.004292  -0.000936  0.014899  -0.044447  0.297005  2.000000  
46.625100 0.004527  0.088081  -0.013061  0.989598  0.129426  -0.062815  -0.129281  0.991587  0.006371  0.063111  0.001816  0.998005  -0.002267  -0.004336  -0.000947  0.015215  -0.044071  0.301421  2.000000  
46.626349 0.004523  0.088074  -0.013062  0.989553  0.129826  -0.062696  -0.129690  0.991535  0.006259  0.062977  0.001937  0.998013  -0.002401  -0.004404  -0.000945  0.011132  -0.044054  0.301437  2.000000  
46.627352 0.004520  0.088069  -0.013064  0.989499  0.130235  -0.062693  -0.130097  0.991481  0.006285  0.062977  0.001937  0.998013  -0.002565  -0.004499  -0.001001  0.011663  -0.044401  0.310797  2.000000  
46.628597 0.004515  0.088063  -0.013065  0.989454  0.130643  -0.062558  -0.130506  0.991428  0.006294  0.062844  0.001937  0.998021  -0.002742  -0.004580  -0.001030  0.011985  -0.048494  0.315170  2.000000  
46.629599 0.004510  0.088057  -0.013066  0.989400  0.131051  -0.062555  -0.130913  0.991374  0.006319  0.062844  0.001937  0.998021  -0.002906  -0.004666  -0.001086  0.011963  -0.044029  0.315138  2.000000  
46.630601 0.004507  0.088052  -0.013068  0.989373  0.131255  -0.062554  -0.131117  0.991347  0.006332  0.062844  0.001937  0.998021  -0.003022  -0.004714  -0.001117  0.012061  -0.044389  0.317712  2.000000  
46.631845 0.004501  0.088045  -0.013070  0.989319  0.131656  -0.062567  -0.131524  0.991293  0.006238  0.062844  0.002058  0.998021  -0.003250  -0.004832  -0.001181  0.008355  -0.043995  0.321974  2.000000  
46.632848 0.004497  0.088039  -0.013071  0.989273  0.132064  -0.062433  -0.131933  0.991239  0.006246  0.062710  0.002058  0.998030  -0.003376  -0.004938  -0.001249  0.008382  -0.044368  0.324700  2.000000  
46.634096 0.004491  0.088032  -0.013074  0.989191  0.132677  -0.062429  -0.132544  0.991157  0.006284  0.062710  0.002058  0.998030  -0.003584  -0.005054  -0.001347  0.008748  -0.043986  0.328849  2.000000  
46.635102 0.004486  0.088026  -0.013076  0.989137  0.133077  -0.062442  -0.132951  0.991103  0.006190  0.062710  0.002179  0.998029  -0.003762  -0.005187  -0.001401  0.005159  -0.039816  0.338446  2.000000  
46.636346 0.004480  0.088018  -0.013078  0.989054  0.133689  -0.062438  -0.133562  0.991021  0.006229  0.062710  0.002179  0.998029  -0.003935  -0.005293  -0.001430  0.005553  -0.039493  0.342663  2.000000  
46.637350 0.004474  0.088012  -0.013080  0.988999  0.134090  -0.062452  -0.133969  0.990967  0.006134  0.062710  0.002300  0.998029  -0.004100  -0.005393  -0.001536  0.001497  -0.035285  0.345355  2.000000  
46.638601 0.004468  0.088005  -0.013083  0.988916  0.134702  -0.062448  -0.134580  0.990884  0.006173  0.062710  0.002300  0.998029  -0.004328  -0.005551  -0.001575  0.002372  -0.035259  0.359182  2.000000  
46.639606 0.004462  0.087998  -0.013085  0.988861  0.135110  -0.062446  -0.134987  0.990828  0.006198  0.062710  0.002300  0.998029  -0.004454  -0.005650  -0.001652  0.002372  -0.035253  0.359118  2.000000  
46.640850 0.004455  0.087990  -0.013088  0.988777  0.135714  -0.062458  -0.135598  0.990745  0.006117  0.062710  0.002421  0.998029  -0.004648  -0.005805  -0.001771  -0.001281  -0.030471  0.363050  2.000000  
46.641850 0.004450  0.087983  -0.013090  0.988693  0.136326  -0.062455  -0.136208  0.990661  0.006155  0.062710  0.002421  0.998029  -0.004743  -0.005909  -0.001838  -0.000855  -0.030713  0.373000  2.000000  
46.642851 0.004444  0.087976  -0.013093  0.988609  0.136930  -0.062467  -0.136819  0.990577  0.006074  0.062710  0.002542  0.998029  -0.004903  -0.006007  -0.001927  -0.004057  -0.030659  0.386790  2.000000  
46.644101 0.004437  0.087968  -0.013096  0.988496  0.137746  -0.062462  -0.137633  0.990464  0.006125  0.062710  0.002542  0.998029  -0.005067  -0.006135  -0.002040  -0.003210  -0.026136  0.400647  2.000000  
46.645353 0.004429  0.087958  -0.013099  0.988411  0.138350  -0.062475  -0.138244  0.990380  0.006044  0.062710  0.002663  0.998028  -0.005210  -0.006313  -0.002118  -0.006849  -0.026090  0.407448  2.000000  
46.646354 0.004423  0.087951  -0.013102  0.988297  0.139165  -0.062470  -0.139057  0.990266  0.006095  0.062710  0.002663  0.998028  -0.005353  -0.006441  -0.002237  -0.006003  -0.021561  0.421210  2.000000  
46.647598 0.004416  0.087942  -0.013105  0.988182  0.139973  -0.062482  -0.139871  0.990151  0.006026  0.062710  0.002784  0.998028  -0.005430  -0.006562  -0.002288  -0.009209  -0.021509  0.435112  2.000000  
46.648603 0.004410  0.087934  -0.013108  0.988095  0.140585  -0.062479  -0.140482  0.990065  0.006065  0.062710  0.002784  0.998028  -0.005551  -0.006695  -0.002345  -0.008336  -0.021478  0.448931  2.000000  
46.649851 0.004403  0.087925  -0.013110  0.987979  0.141392  -0.062491  -0.141295  0.989949  0.005996  0.062710  0.002905  0.998028  -0.005646  -0.006822  -0.002348  -0.007494  -0.016893  0.462706  2.000000  
46.651101 0.004395  0.087916  -0.013114  0.987825  0.142411  -0.062617  -0.142311  0.989803  0.006080  0.062844  0.002905  0.998019  -0.005711  -0.006949  -0.002423  -0.006106  -0.012250  0.479602  2.000000  
46.652102 0.004389  0.087908  -0.013116  0.987737  0.143015  -0.062630  -0.142921  0.989716  0.005998  0.062844  0.003026  0.998019  -0.005763  -0.007073  -0.002396  -0.009830  -0.007806  0.490419  2.000000  
46.653354 0.004382  0.087898  -0.013118  0.987589  0.144033  -0.062624  -0.143938  0.989568  0.006063  0.062844  0.003026  0.998019  -0.005834  -0.007225  -0.002425  -0.008521  -0.007754  0.511021  2.000000  
46.654357 0.004376  0.087890  -0.013121  0.987470  0.144841  -0.062637  -0.144751  0.989450  0.005994  0.062844  0.003147  0.998018  -0.005874  -0.007310  -0.002454  -0.011199  -0.007610  0.527453  2.000000  
46.655611 0.004368  0.087880  -0.013124  0.987321  0.145851  -0.062648  -0.145767  0.989301  0.005939  0.062844  0.003269  0.998018  -0.005921  -0.007471  -0.002406  -0.014091  -0.003089  0.552258  2.000000  
46.656856 0.004360  0.087870  -0.013126  0.987170  0.146870  -0.062642  -0.146783  0.989150  0.006003  0.062844  0.003269  0.998018  -0.005983  -0.007571  -0.002389  -0.008714  -0.003002  0.573168  2.000000  
46.658100 0.004353  0.087859  -0.013129  0.987010  0.147880  -0.062786  -0.147798  0.989000  0.005968  0.062977  0.003390  0.998009  -0.005984  -0.007671  -0.002343  -0.011445  0.001585  0.593906  2.000000  
46.659105 0.004347  0.087851  -0.013131  0.986858  0.148898  -0.062779  -0.148814  0.988847  0.006032  0.062977  0.003390  0.998009  -0.006001  -0.007794  -0.002322  -0.010095  0.006086  0.609529  2.000000  
46.660364 0.004339  0.087840  -0.013133  0.986673  0.150111  -0.062790  -0.150033  0.988663  0.005990  0.062977  0.003511  0.998009  -0.006029  -0.007884  -0.002237  -0.012411  0.006198  0.636930  2.000000  
46.661599 0.004331  0.087829  -0.013135  0.986487  0.151325  -0.062801  -0.151252  0.988477  0.005947  0.062977  0.003632  0.998008  -0.006058  -0.008011  -0.002145  -0.010772  0.006406  0.669795  2.000000  
46.662850 0.004323  0.087819  -0.013137  0.986331  0.152335  -0.062813  -0.152267  0.988322  0.005892  0.062977  0.003753  0.998008  -0.006107  -0.008096  -0.002094  -0.014024  0.010984  0.683618  2.000000  
46.663850 0.004317  0.087810  -0.013138  0.986174  0.153352  -0.062807  -0.153282  0.988164  0.005957  0.062977  0.003753  0.998008  -0.006114  -0.008208  -0.002015  -0.012719  0.011044  0.704310  2.000000  
46.664851 0.004310  0.087801  -0.013140  0.986015  0.154361  -0.062820  -0.154297  0.988007  0.005902  0.062977  0.003874  0.998007  -0.006157  -0.008284  -0.001965  -0.011417  0.011194  0.725191  2.000000  
46.666101 0.004302  0.087790  -0.013141  0.985816  0.155574  -0.062963  -0.155514  0.987816  0.005880  0.063111  0.003995  0.997999  -0.006235  -0.008419  -0.001819  -0.014136  0.015796  0.745708  2.000000  
46.667346 0.004293  0.087778  -0.013143  0.985623  0.156786  -0.062975  -0.156731  0.987624  0.005838  0.063111  0.004116  0.997998  -0.006308  -0.008513  -0.001765  -0.012295  0.015847  0.767128  2.000000  
46.668352 0.004286  0.087769  -0.013144  0.985428  0.157998  -0.062987  -0.157949  0.987430  0.005796  0.063111  0.004237  0.997998  -0.006378  -0.008604  -0.001711  -0.015167  0.016092  0.794163  2.000000  
46.669353 0.004279  0.087760  -0.013145  0.985265  0.159015  -0.062981  -0.158963  0.987267  0.005861  0.063111  0.004237  0.997998  -0.006462  -0.008694  -0.001620  -0.013752  0.016033  0.808450  2.000000  
46.670361 0.004272  0.087750  -0.013146  0.985101  0.160023  -0.062994  -0.159977  0.987104  0.005806  0.063111  0.004358  0.997997  -0.006542  -0.008776  -0.001496  -0.012452  0.016195  0.828707  2.000000  
46.671597 0.004262  0.087739  -0.013147  0.984870  0.161438  -0.063005  -0.161397  0.986873  0.005777  0.063111  0.004479  0.997996  -0.006693  -0.008865  -0.001395  -0.014768  0.016340  0.856131  2.000000  
46.672602 0.004254  0.087729  -0.013148  0.984703  0.162446  -0.063019  -0.162410  0.986707  0.005722  0.063111  0.004600  0.997996  -0.006773  -0.008950  -0.001304  -0.014455  0.016605  0.870120  2.000000  
46.673850 0.004244  0.087717  -0.013149  0.984468  0.163860  -0.063031  -0.163829  0.986472  0.005694  0.063111  0.004721  0.997995  -0.006947  -0.009034  -0.001234  -0.017227  0.016734  0.890894  2.000000  
46.674852 0.004235  0.087707  -0.013149  0.984265  0.165071  -0.063044  -0.165045  0.986270  0.005652  0.063111  0.004842  0.997995  -0.007122  -0.009145  -0.001115  -0.019995  0.016862  0.911475  2.000000  
46.676104 0.004225  0.087695  -0.013150  0.984018  0.166484  -0.063187  -0.166462  0.986032  0.005645  0.063245  0.004963  0.997986  -0.007332  -0.009257  -0.001064  -0.018629  0.021551  0.932303  2.000000  
