1-Time 2-Px 3-Py 4-Pz 5-R11 6-R21 7-R31 8-R12 9-R22 10-R32 11-R13 12-R23 13-R33 14-Vx 15-Vy 16-Vz 17-Wx 18-Wy 19-Wz 20-state 21-PR11 22-PR21 23-PR31 24-PR12 25-PR22 26-PR32 27-PR13 28-PR23 29-PR33 
229.514537 0.013261  0.093277  -0.017842  0.999434  0.031815  -0.010918  0.008642  0.070814  0.997452  0.032507  -0.996982  0.070499  0.000140  -0.000096  0.000253  0.000000  0.000000  0.000000  2.000000  
229.515780 0.013261  0.093277  -0.017841  0.999434  0.031815  -0.010918  0.008642  0.070814  0.997452  0.032507  -0.996982  0.070499  0.000140  -0.000096  0.000253  0.000000  0.000000  0.000000  2.000000  
229.517027 0.013264  0.093277  -0.017841  0.999436  0.031831  -0.010709  0.008436  0.070686  0.997463  0.032507  -0.996991  0.070378  0.000308  -0.000151  0.000281  0.000000  0.000000  0.000000  2.000000  
229.518029 0.013267  0.093277  -0.017840  0.999436  0.031831  -0.010709  0.008436  0.070686  0.997463  0.032507  -0.996991  0.070378  0.000464  -0.000157  0.000299  0.000000  0.000000  0.000000  2.000000  
229.519033 0.013270  0.093276  -0.017839  0.999436  0.031831  -0.010709  0.008436  0.070686  0.997463  0.032507  -0.996991  0.070378  0.000669  -0.000210  0.000403  0.000000  0.000000  0.000000  2.000000  
229.520035 0.013273  0.093276  -0.017838  0.999438  0.031846  -0.010503  0.008230  0.070680  0.997465  0.032507  -0.996991  0.070378  0.000885  -0.000218  0.000367  0.000000  0.000000  0.000000  2.000000  
229.521284 0.013279  0.093276  -0.017837  0.999439  0.031860  -0.010298  0.008025  0.070673  0.997467  0.032507  -0.996991  0.070378  0.001263  -0.000194  0.000448  0.000000  0.000000  0.000000  2.000000  
229.522547 0.013286  0.093276  -0.017835  0.999441  0.031875  -0.010093  0.007819  0.070667  0.997469  0.032507  -0.996991  0.070378  0.001703  -0.000199  0.000528  0.000000  0.000000  0.000000  2.000000  
229.523784 0.013292  0.093275  -0.017834  0.999438  0.032022  -0.009900  0.007613  0.070782  0.997463  0.032641  -0.996978  0.070499  0.002125  -0.000236  0.000546  0.000000  0.000000  0.000000  2.000000  
229.525031 0.013299  0.093275  -0.017833  0.999440  0.032036  -0.009695  0.007407  0.070776  0.997465  0.032641  -0.996978  0.070499  0.002556  -0.000214  0.000618  0.000000  0.000000  0.000000  2.000000  
229.526032 0.013305  0.093275  -0.017832  0.999440  0.032035  -0.009699  0.007407  0.070897  0.997456  0.032641  -0.996969  0.070620  0.002944  -0.000193  0.000658  0.000000  0.000000  0.000000  2.000000  
229.527282 0.013311  0.093276  -0.017831  0.999441  0.032050  -0.009494  0.007202  0.070890  0.997458  0.032641  -0.996969  0.070620  0.003387  -0.000174  0.000689  0.000000  0.000000  0.000000  2.000000  
229.528534 0.013318  0.093276  -0.017831  0.999444  0.032077  -0.009091  0.006790  0.071119  0.997445  0.032641  -0.996952  0.070861  0.003861  -0.000103  0.000692  0.000000  0.000000  0.000000  2.000000  
229.529779 0.013325  0.093277  -0.017831  0.999445  0.032090  -0.008889  0.006584  0.071233  0.997438  0.032641  -0.996943  0.070982  0.004287  -0.000061  0.000653  0.000000  0.000000  0.000000  2.000000  
229.531364 0.013329  0.093277  -0.017831  0.999441  0.032222  -0.008903  0.006584  0.071355  0.997429  0.032775  -0.996930  0.071103  0.004443  -0.000065  0.000642  0.000000  0.000000  0.000000  2.000000  
229.532532 0.013341  0.093278  -0.017830  0.999444  0.032249  -0.008504  0.006173  0.071705  0.997407  0.032775  -0.996904  0.071466  0.005081  0.000117  0.000697  0.000000  0.000000  0.000000  2.000000  
229.533533 0.013346  0.093279  -0.017829  0.999445  0.032261  -0.008306  0.005967  0.071940  0.997391  0.032775  -0.996887  0.071708  0.005209  0.000192  0.000693  0.000000  0.000000  0.000000  2.000000  
229.534535 0.013352  0.093280  -0.017828  0.999445  0.032260  -0.008310  0.005967  0.072061  0.997382  0.032775  -0.996878  0.071829  0.005370  0.000274  0.000658  0.000000  0.000000  0.000000  2.000000  
229.535778 0.013360  0.093281  -0.017828  0.999446  0.032272  -0.008117  0.005761  0.072417  0.997358  0.032775  -0.996852  0.072191  0.005506  0.000343  0.000615  0.000000  0.000000  0.000000  2.000000  
229.536789 0.013366  0.093282  -0.017827  0.999447  0.032285  -0.007919  0.005556  0.072653  0.997342  0.032775  -0.996835  0.072433  0.005606  0.000432  0.000629  0.000000  0.000000  0.000000  2.000000  
229.538032 0.013372  0.093282  -0.017826  0.999443  0.032416  -0.007941  0.005555  0.073016  0.997315  0.032909  -0.996804  0.072796  0.005607  0.000456  0.000579  0.000000  0.000000  0.000000  2.000000  
229.539281 0.013379  0.093282  -0.017825  0.999444  0.032429  -0.007743  0.005350  0.073252  0.997299  0.032909  -0.996786  0.073037  0.005568  0.000447  0.000561  0.000000  0.000000  0.000000  2.000000  
229.540282 0.013384  0.093281  -0.017825  0.999444  0.032426  -0.007755  0.005350  0.073614  0.997272  0.032909  -0.996759  0.073400  0.005547  0.000423  0.000486  0.000000  0.000000  0.000000  2.000000  
229.541535 0.013390  0.093281  -0.017825  0.999441  0.032573  -0.007567  0.005144  0.073850  0.997256  0.033042  -0.996737  0.073642  0.005496  0.000332  0.000466  0.000000  0.000000  0.000000  2.000000  
229.542542 0.013394  0.093279  -0.017826  0.999441  0.032571  -0.007575  0.005144  0.074092  0.997238  0.033042  -0.996719  0.073883  0.005414  0.000221  0.000354  0.000000  0.000000  0.000000  2.000000  
229.543781 0.013398  0.093278  -0.017827  0.999436  0.032702  -0.007597  0.005144  0.074456  0.997211  0.033176  -0.996688  0.074246  0.005280  0.000110  0.000307  0.000000  0.000000  0.000000  2.000000  
229.545028 0.013402  0.093275  -0.017829  0.999436  0.032699  -0.007609  0.005144  0.074819  0.997184  0.033176  -0.996661  0.074608  0.005099  -0.000090  0.000184  0.000000  0.000000  0.000000  2.000000  
229.546030 0.013406  0.093273  -0.017831  0.999432  0.032830  -0.007627  0.005144  0.075061  0.997166  0.033310  -0.996638  0.074850  0.005272  -0.000216  0.000051  0.000000  0.000000  0.000000  2.000000  
229.547284 0.013411  0.093271  -0.017832  0.999432  0.032827  -0.007643  0.005144  0.075545  0.997129  0.033310  -0.996602  0.075333  0.004706  -0.000493  -0.000133  0.000000  0.000000  0.000000  2.000000  
229.548531 0.013415  0.093269  -0.017835  0.999433  0.032839  -0.007449  0.004938  0.075901  0.997103  0.033310  -0.996574  0.075696  0.004568  -0.000665  -0.000359  -0.174097  -0.114352  0.035216  2.000000  
229.549782 0.013419  0.093268  -0.017836  0.999433  0.032837  -0.007461  0.004938  0.076264  0.997075  0.033310  -0.996547  0.076059  0.004349  -0.000863  -0.000510  -0.186425  -0.107487  0.034728  2.000000  
229.551029 0.013423  0.093266  -0.017838  0.999433  0.032834  -0.007473  0.004938  0.076627  0.997048  0.033310  -0.996519  0.076421  0.004137  -0.001049  -0.000674  -0.198567  -0.107487  0.034750  2.000000  
229.552033 0.013426  0.093264  -0.017839  0.999428  0.032965  -0.007496  0.004938  0.076990  0.997020  0.033443  -0.996487  0.076784  0.003929  -0.001202  -0.000801  -0.210910  -0.100308  0.038711  2.000000  
229.553035 0.013429  0.093263  -0.017839  0.999428  0.032962  -0.007508  0.004938  0.077353  0.996992  0.033443  -0.996459  0.077146  0.003749  -0.001306  -0.000894  -0.225102  -0.094229  0.038538  2.000000  
229.554282 0.013433  0.093260  -0.017839  0.999428  0.032959  -0.007520  0.004938  0.077716  0.996963  0.033443  -0.996431  0.077509  0.003547  -0.001475  -0.000986  -0.231561  -0.086937  0.033289  2.000000  
229.555282 0.013434  0.093258  -0.017839  0.999428  0.032956  -0.007532  0.004938  0.078079  0.996935  0.033443  -0.996402  0.077871  0.003371  -0.001552  -0.000906  -0.246021  -0.080782  0.033078  2.000000  
229.556283 0.013437  0.093256  -0.017838  0.999424  0.033087  -0.007554  0.004938  0.078442  0.996906  0.033577  -0.996369  0.078234  0.003171  -0.001683  -0.000910  -0.252226  -0.072911  0.036752  2.000000  
229.557535 0.013438  0.093253  -0.017838  0.999424  0.033083  -0.007570  0.004938  0.078926  0.996868  0.033577  -0.996331  0.078717  0.002949  -0.001779  -0.000774  -0.266774  -0.066607  0.036561  2.000000  
229.558545 0.013439  0.093250  -0.017837  0.999424  0.033081  -0.007578  0.004938  0.079168  0.996849  0.033577  -0.996312  0.078959  0.002758  -0.001903  -0.000662  -0.270952  -0.059677  0.036038  2.000000  
229.559782 0.013441  0.093247  -0.017835  0.999419  0.033211  -0.007605  0.004938  0.079652  0.996811  0.033711  -0.996269  0.079442  0.002607  -0.001936  -0.000383  -0.283531  -0.052459  0.040036  2.000000  
229.560803 0.013442  0.093244  -0.017833  0.999419  0.033208  -0.007617  0.004938  0.080015  0.996781  0.033711  -0.996240  0.079804  0.002431  -0.001997  -0.000165  -0.294794  -0.053352  0.035944  2.000000  
229.562029 0.013444  0.093241  -0.017832  0.999420  0.033221  -0.007428  0.004732  0.080491  0.996744  0.033711  -0.996202  0.080288  0.002251  -0.002036  0.000043  -0.296060  -0.045889  0.035071  2.000000  
229.563030 0.013445  0.093239  -0.017830  0.999420  0.033218  -0.007440  0.004732  0.080854  0.996715  0.033711  -0.996172  0.080650  0.002109  -0.002071  0.000282  -0.304146  -0.045870  0.035074  2.000000  
229.564282 0.013446  0.093236  -0.017829  0.999420  0.033215  -0.007456  0.004732  0.081338  0.996675  0.033711  -0.996133  0.081133  0.001892  -0.002134  0.000468  -0.312592  -0.038970  0.034568  2.000000  
229.565533 0.013448  0.093234  -0.017828  0.999421  0.033228  -0.007267  0.004527  0.081814  0.996637  0.033711  -0.996094  0.081617  0.001745  -0.002165  0.000666  -0.316591  -0.038946  0.034576  2.000000  
229.566535 0.013449  0.093232  -0.017826  0.999421  0.033225  -0.007279  0.004527  0.082177  0.996607  0.033711  -0.996064  0.081979  0.001616  -0.002202  0.000862  -0.322413  -0.031790  0.033784  2.000000  
229.567782 0.013451  0.093230  -0.017824  0.999418  0.033372  -0.007101  0.004321  0.082654  0.996569  0.033845  -0.996019  0.082462  0.001490  -0.002221  0.001056  -0.324792  -0.038927  0.034610  2.000000  
229.568782 0.013452  0.093228  -0.017822  0.999418  0.033370  -0.007113  0.004321  0.083017  0.996539  0.033845  -0.995989  0.082825  0.001403  -0.002229  0.001187  -0.330441  -0.031760  0.033801  2.000000  
229.569786 0.013454  0.093226  -0.017819  0.999419  0.033383  -0.006924  0.004115  0.083494  0.996500  0.033845  -0.995949  0.083308  0.001326  -0.002225  0.001327  -0.336997  -0.038900  0.034634  2.000000  
229.571030 0.013455  0.093223  -0.017816  0.999419  0.033380  -0.006940  0.004115  0.083977  0.996459  0.033845  -0.995908  0.083791  0.001283  -0.002229  0.001483  -0.342317  -0.038920  0.029917  2.000000  
229.572034 0.013456  0.093220  -0.017814  0.999419  0.033395  -0.006747  0.003909  0.084333  0.996430  0.033845  -0.995878  0.084153  0.001219  -0.002248  0.001581  -0.345151  -0.039231  0.030179  2.000000  
229.573281 0.013456  0.093217  -0.017810  0.999415  0.033525  -0.006775  0.003909  0.084817  0.996389  0.033978  -0.995832  0.084636  0.001175  -0.002259  0.001790  -0.349242  -0.039220  0.030198  2.000000  
229.574282 0.013457  0.093214  -0.017807  0.999416  0.033540  -0.006582  0.003704  0.085173  0.996359  0.033978  -0.995802  0.084999  0.001110  -0.002277  0.001888  -0.354216  -0.045727  0.030505  2.000000  
229.575530 0.013458  0.093211  -0.017803  0.999411  0.033670  -0.006610  0.003704  0.085656  0.996318  0.034112  -0.995756  0.085481  0.001121  -0.002269  0.002041  -0.358259  -0.045356  0.034970  2.000000  
229.576535 0.013460  0.093208  -0.017800  0.999412  0.033685  -0.006417  0.003498  0.086012  0.996288  0.034112  -0.995724  0.085844  0.001094  -0.002267  0.002184  -0.360931  -0.052966  0.031345  2.000000  
229.577782 0.013461  0.093206  -0.017796  0.999408  0.033833  -0.006240  0.003292  0.086489  0.996247  0.034246  -0.995678  0.086326  0.001119  -0.002277  0.002278  -0.365025  -0.052592  0.035852  2.000000  
229.579029 0.013463  0.093203  -0.017792  0.999409  0.033848  -0.006051  0.003086  0.086965  0.996207  0.034246  -0.995636  0.086809  0.001157  -0.002221  0.002474  -0.365887  -0.058988  0.036142  2.000000  
229.580277 0.013465  0.093201  -0.017789  0.999404  0.033979  -0.006075  0.003086  0.087328  0.996175  0.034379  -0.995600  0.087171  0.001180  -0.002230  0.002561  -0.365891  -0.058612  0.040610  2.000000  
229.581277 0.013467  0.093199  -0.017788  0.999405  0.033995  -0.005882  0.002880  0.087684  0.996144  0.034379  -0.995568  0.087534  0.001212  -0.002202  0.002583  -0.365659  -0.065433  0.041195  2.000000  
229.582279 0.013469  0.093197  -0.017786  0.999401  0.034143  -0.005705  0.002675  0.088160  0.996103  0.034513  -0.995521  0.088016  0.001254  -0.002246  0.002546  -0.372568  -0.072859  0.042140  2.000000  
229.583282 0.013471  0.093195  -0.017785  0.999401  0.034142  -0.005714  0.002675  0.088402  0.996081  0.034513  -0.995500  0.088258  0.001309  -0.002249  0.002538  -0.369510  -0.072251  0.041811  2.000000  
229.584528 0.013474  0.093193  -0.017783  0.999397  0.034291  -0.005537  0.002469  0.088879  0.996039  0.034647  -0.995452  0.088740  0.001362  -0.002244  0.002457  -0.369254  -0.078692  0.046861  2.000000  
229.585533 0.013475  0.093191  -0.017782  0.999397  0.034307  -0.005345  0.002263  0.089234  0.996008  0.034647  -0.995420  0.089103  0.001395  -0.002194  0.002431  -0.367960  -0.086584  0.043375  2.000000  
229.586554 0.013477  0.093188  -0.017782  0.999392  0.034438  -0.005369  0.002263  0.089597  0.995976  0.034781  -0.995383  0.089464  0.001438  -0.002246  0.002191  -0.371756  -0.086129  0.047848  2.000000  
229.587783 0.013478  0.093184  -0.017781  0.999388  0.034587  -0.005193  0.002057  0.090073  0.995933  0.034914  -0.995334  0.089947  0.001495  -0.002266  0.001992  -0.371757  -0.092673  0.052986  2.000000  
229.588783 0.013480  0.093181  -0.017781  0.999388  0.034586  -0.005201  0.002057  0.090315  0.995911  0.034914  -0.995313  0.090188  0.001547  -0.002323  0.001828  -0.368750  -0.091911  0.052580  2.000000  
229.589785 0.013481  0.093178  -0.017781  0.999384  0.034736  -0.005021  0.001852  0.090670  0.995879  0.035048  -0.995275  0.090550  0.001563  -0.002324  0.001605  -0.367388  -0.099517  0.053630  2.000000  
229.591032 0.013483  0.093175  -0.017780  0.999379  0.034867  -0.005050  0.001852  0.091154  0.995835  0.035182  -0.995226  0.091033  0.001630  -0.002345  0.001362  -0.367657  -0.092226  0.057573  2.000000  
229.592282 0.013485  0.093171  -0.017781  0.999375  0.035017  -0.004870  0.001646  0.091509  0.995803  0.035316  -0.995188  0.091394  0.001633  -0.002422  0.001075  -0.364385  -0.097895  0.062165  2.000000  
229.593537 0.013488  0.093167  -0.017781  0.999370  0.035167  -0.004694  0.001440  0.091985  0.995759  0.035449  -0.995139  0.091877  0.001705  -0.002484  0.000847  -0.363022  -0.105155  0.067801  2.000000  
229.594544 0.013489  0.093164  -0.017781  0.999370  0.035165  -0.004703  0.001440  0.092227  0.995737  0.035449  -0.995117  0.092118  0.001701  -0.002565  0.000644  -0.358901  -0.105121  0.067824  2.000000  
229.595779 0.013492  0.093160  -0.017782  0.999366  0.035296  -0.004732  0.001440  0.092710  0.995692  0.035583  -0.995067  0.092600  0.001688  -0.002652  0.000410  -0.359305  -0.097855  0.071785  2.000000  
229.596781 0.013494  0.093158  -0.017782  0.999361  0.035447  -0.004548  0.001234  0.092945  0.995671  0.035717  -0.995040  0.092841  0.001663  -0.002734  0.000282  -0.354959  -0.104719  0.072417  2.000000  
229.598027 0.013495  0.093154  -0.017784  0.999356  0.035579  -0.004573  0.001234  0.093307  0.995637  0.035850  -0.995001  0.093203  0.001659  -0.002756  0.000106  -0.352244  -0.096599  0.075694  2.000000  
229.599030 0.013497  0.093151  -0.017785  0.999352  0.035710  -0.004599  0.001234  0.093669  0.995603  0.035984  -0.994963  0.093565  0.001597  -0.002852  -0.000079  -0.351131  -0.096983  0.080854  2.000000  
229.600277 0.013498  0.093147  -0.017786  0.999347  0.035861  -0.004419  0.001029  0.094025  0.995569  0.036118  -0.994924  0.093926  0.001567  -0.002918  -0.000242  -0.348246  -0.095763  0.084670  2.000000  
229.601278 0.013499  0.093144  -0.017787  0.999347  0.035860  -0.004428  0.001029  0.094266  0.995547  0.036118  -0.994901  0.094168  0.001537  -0.003009  -0.000356  -0.344175  -0.095730  0.084692  2.000000  
229.602280 0.013500  0.093140  -0.017788  0.999342  0.035992  -0.004454  0.001029  0.094628  0.995512  0.036251  -0.994862  0.094529  0.001506  -0.003012  -0.000426  -0.340308  -0.088849  0.084106  2.000000  
229.603294 0.013501  0.093137  -0.017790  0.999337  0.036124  -0.004475  0.001029  0.094870  0.995489  0.036385  -0.994834  0.094770  0.001444  -0.003040  -0.000547  -0.334881  -0.089127  0.089292  2.000000  
229.604535 0.013502  0.093132  -0.017791  0.999338  0.036142  -0.004283  0.000823  0.095225  0.995455  0.036385  -0.994799  0.095132  0.001403  -0.003081  -0.000722  -0.330855  -0.089509  0.084866  2.000000  
229.605782 0.013503  0.093128  -0.017793  0.999333  0.036273  -0.004309  0.000823  0.095587  0.995421  0.036519  -0.994760  0.095494  0.001307  -0.003145  -0.000806  -0.328411  -0.081519  0.088032  2.000000  
229.606786 0.013504  0.093125  -0.017794  0.999328  0.036405  -0.004331  0.000823  0.095829  0.995397  0.036653  -0.994732  0.095734  0.001275  -0.003147  -0.000910  -0.322951  -0.081748  0.093263  2.000000  
229.608032 0.013505  0.093121  -0.017795  0.999323  0.036537  -0.004353  0.000823  0.096070  0.995374  0.036786  -0.994704  0.095975  0.001189  -0.003150  -0.000974  -0.319118  -0.074835  0.092660  2.000000  
229.609032 0.013506  0.093118  -0.017796  0.999323  0.036536  -0.004366  0.000823  0.096433  0.995339  0.036786  -0.994669  0.096337  0.001146  -0.003151  -0.001005  -0.319370  -0.068330  0.087579  2.000000  
229.610281 0.013508  0.093115  -0.017797  0.999318  0.036688  -0.004183  0.000617  0.096667  0.995317  0.036920  -0.994640  0.096578  0.001149  -0.003130  -0.001019  -0.311131  -0.074810  0.092767  2.000000  
229.611532 0.013509  0.093111  -0.017798  0.999313  0.036819  -0.004209  0.000617  0.097029  0.995281  0.037054  -0.994600  0.096940  0.001064  -0.003157  -0.001032  -0.307103  -0.067840  0.092104  2.000000  
229.612782 0.013511  0.093107  -0.017799  0.999308  0.036951  -0.004236  0.000617  0.097391  0.995246  0.037187  -0.994560  0.097301  0.001060  -0.003178  -0.001018  -0.303259  -0.060496  0.095965  2.000000  
229.614027 0.013513  0.093104  -0.017798  0.999308  0.036950  -0.004245  0.000617  0.097633  0.995222  0.037187  -0.994536  0.097542  0.001085  -0.003149  -0.000921  -0.297031  -0.053570  0.090135  2.000000  
229.615033 0.013514  0.093101  -0.017799  0.999303  0.037102  -0.004062  0.000411  0.097866  0.995199  0.037321  -0.994508  0.097783  0.001112  -0.003142  -0.000883  -0.292693  -0.059946  0.095220  2.000000  
229.616277 0.013516  0.093097  -0.017799  0.999298  0.037234  -0.004084  0.000411  0.098108  0.995176  0.037455  -0.994479  0.098024  0.001137  -0.003113  -0.000788  -0.288951  -0.053100  0.094615  2.000000  
229.617281 0.013518  0.093094  -0.017799  0.999298  0.037233  -0.004093  0.000411  0.098349  0.995152  0.037455  -0.994455  0.098265  0.001187  -0.003075  -0.000686  -0.285098  -0.046233  0.093968  2.000000  
229.618287 0.013519  0.093091  -0.017799  0.999293  0.037385  -0.003910  0.000206  0.098583  0.995129  0.037589  -0.994426  0.098506  0.001221  -0.003051  -0.000634  -0.279105  -0.053476  0.095435  2.000000  
229.619552 0.013521  0.093088  -0.017799  0.999293  0.037384  -0.003919  0.000206  0.098825  0.995105  0.037589  -0.994402  0.098747  0.001301  -0.002977  -0.000506  -0.275079  -0.046954  0.090254  2.000000  
229.620780 0.013523  0.093085  -0.017799  0.999288  0.037516  -0.003942  0.000206  0.099066  0.995081  0.037722  -0.994373  0.098988  0.001334  -0.002873  -0.000415  -0.268934  -0.046570  0.089582  2.000000  
229.621782 0.013524  0.093083  -0.017799  0.999283  0.037669  -0.003759  0.000000  0.099300  0.995058  0.037856  -0.994344  0.099228  0.001386  -0.002813  -0.000332  -0.267062  -0.046925  0.090333  2.000000  
229.623032 0.013527  0.093080  -0.017800  0.999283  0.037668  -0.003768  0.000000  0.099541  0.995033  0.037856  -0.994320  0.099470  0.001438  -0.002730  -0.000298  -0.258913  -0.047324  0.085876  2.000000  
229.624033 0.013528  0.093078  -0.017799  0.999278  0.037801  -0.003786  0.000000  0.099662  0.995021  0.037990  -0.994303  0.099590  0.001427  -0.002654  -0.000188  -0.251004  -0.039987  0.089699  2.000000  
229.625282 0.013529  0.093076  -0.017799  0.999278  0.037820  -0.003590  -0.000206  0.099895  0.994998  0.037990  -0.994279  0.099831  0.001428  -0.002571  -0.000144  -0.248682  -0.046892  0.085190  2.000000  
229.626543 0.013531  0.093074  -0.017799  0.999273  0.037952  -0.003613  -0.000206  0.100137  0.994974  0.038123  -0.994250  0.100072  0.001459  -0.002456  -0.000078  -0.242749  -0.040352  0.085215  2.000000  
229.627782 0.013533  0.093072  -0.017800  0.999273  0.037972  -0.003417  -0.000411  0.100370  0.994950  0.038123  -0.994225  0.100313  0.001453  -0.002356  -0.000065  -0.238470  -0.047652  0.081441  2.000000  
229.629027 0.013534  0.093069  -0.017799  0.999268  0.038104  -0.003440  -0.000411  0.100612  0.994926  0.038257  -0.994196  0.100554  0.001410  -0.002272  -0.000053  -0.232486  -0.047241  0.080795  2.000000  
229.630029 0.013535  0.093068  -0.017799  0.999268  0.038124  -0.003244  -0.000617  0.100845  0.994902  0.038257  -0.994171  0.100795  0.001356  -0.002185  -0.000001  -0.230332  -0.048046  0.077003  2.000000  
229.631029 0.013536  0.093067  -0.017798  0.999268  0.038124  -0.003249  -0.000617  0.100966  0.994890  0.038257  -0.994159  0.100915  0.001343  -0.002071  0.000033  -0.224380  -0.047634  0.076374  2.000000  
229.632283 0.013537  0.093065  -0.017798  0.999263  0.038256  -0.003272  -0.000617  0.101207  0.994865  0.038391  -0.994130  0.101156  0.001277  -0.001935  0.000057  -0.222180  -0.048010  0.077030  2.000000  
229.633533 0.013538  0.093063  -0.017797  0.999262  0.038277  -0.003072  -0.000823  0.101320  0.994854  0.038391  -0.994117  0.101277  0.001223  -0.001869  0.000127  -0.213961  -0.055366  0.073312  2.000000  
229.634534 0.013538  0.093061  -0.017797  0.999257  0.038409  -0.003095  -0.000823  0.101561  0.994829  0.038524  -0.994088  0.101517  0.001096  -0.001812  0.000126  -0.212241  -0.047574  0.076413  2.000000  
229.635779 0.013538  0.093059  -0.017796  0.999257  0.038429  -0.002894  -0.001029  0.101674  0.994817  0.038524  -0.994075  0.101638  0.001040  -0.001722  0.000177  -0.203906  -0.054823  0.072667  2.000000  
229.636784 0.013539  0.093058  -0.017796  0.999252  0.038562  -0.002913  -0.001029  0.101794  0.994805  0.038658  -0.994058  0.101758  0.000937  -0.001632  0.000232  -0.199843  -0.054807  0.072673  2.000000  
229.638034 0.013539  0.093057  -0.017796  0.999252  0.038561  -0.002922  -0.001029  0.102036  0.994780  0.038658  -0.994033  0.101999  0.000806  -0.001572  0.000231  -0.197407  -0.055681  0.068814  2.000000  
229.639282 0.013539  0.093055  -0.017796  0.999252  0.038582  -0.002722  -0.001234  0.102148  0.994768  0.038658  -0.994021  0.102120  0.000687  -0.001540  0.000240  -0.189007  -0.062997  0.065046  2.000000  
229.640282 0.013539  0.093054  -0.017796  0.999247  0.038715  -0.002740  -0.001234  0.102269  0.994756  0.038792  -0.994003  0.102240  0.000600  -0.001480  0.000270  -0.185302  -0.055692  0.068887  2.000000  
229.641371 0.013539  0.093054  -0.017796  0.999247  0.038715  -0.002740  -0.001234  0.102269  0.994756  0.038792  -0.994003  0.102240  0.000498  -0.001360  0.000240  -0.176501  -0.055929  0.064184  2.000000  
229.642544 0.013538  0.093051  -0.017796  0.999246  0.038735  -0.002545  -0.001440  0.102502  0.994732  0.038792  -0.993978  0.102481  0.000360  -0.001390  0.000237  -0.172622  -0.063384  0.060587  2.000000  
229.643782 0.013538  0.093050  -0.017796  0.999241  0.038868  -0.002563  -0.001440  0.102623  0.994719  0.038926  -0.993961  0.102601  0.000273  -0.001306  0.000217  -0.168581  -0.062937  0.065087  2.000000  
229.645029 0.013538  0.093049  -0.017796  0.999241  0.038867  -0.002568  -0.001440  0.102743  0.994707  0.038926  -0.993948  0.102721  0.000165  -0.001254  0.000135  0.000000  0.000000  0.000000  2.000000  
229.646031 0.013538  0.093048  -0.017796  0.999241  0.038888  -0.002368  -0.001646  0.102856  0.994695  0.038926  -0.993936  0.102842  0.000100  -0.001224  0.000135  0.000000  0.000000  0.000000  2.000000  
229.647279 0.013537  0.093047  -0.017796  0.999236  0.039021  -0.002386  -0.001646  0.102976  0.994682  0.039059  -0.993918  0.102962  0.000034  -0.001150  0.000082  0.000000  0.000000  0.000000  2.000000  
229.648282 0.013537  0.093047  -0.017796  0.999236  0.039021  -0.002391  -0.001646  0.103097  0.994670  0.039059  -0.993906  0.103082  -0.000021  -0.001056  0.000086  0.000000  0.000000  0.000000  2.000000  
229.649283 0.013537  0.093046  -0.017795  0.999236  0.039020  -0.002396  -0.001646  0.103218  0.994657  0.039059  -0.993893  0.103203  -0.000054  -0.000997  0.000108  0.000000  0.000000  0.000000  2.000000  
229.650284 0.013537  0.093046  -0.017795  0.999235  0.039042  -0.002191  -0.001851  0.103210  0.994658  0.039059  -0.993893  0.103203  -0.000088  -0.000914  0.000079  0.000000  0.000000  0.000000  2.000000  
229.651544 0.013537  0.093046  -0.017795  0.999230  0.039174  -0.002210  -0.001851  0.103330  0.994645  0.039193  -0.993875  0.103323  -0.000121  -0.000855  0.000101  0.000000  0.000000  0.000000  2.000000  
229.652789 0.013537  0.093045  -0.017794  0.999230  0.039174  -0.002214  -0.001851  0.103451  0.994633  0.039193  -0.993863  0.103444  -0.000122  -0.000769  0.000144  0.000000  0.000000  0.000000  2.000000  
229.654036 0.013537  0.093045  -0.017794  0.999230  0.039195  -0.002010  -0.002057  0.103443  0.994633  0.039193  -0.993863  0.103444  -0.000112  -0.000685  0.000147  0.000000  0.000000  0.000000  2.000000  
229.655041 0.013537  0.093045  -0.017793  0.999230  0.039195  -0.002014  -0.002057  0.103563  0.994621  0.039193  -0.993850  0.103564  -0.000113  -0.000597  0.000191  0.000000  0.000000  0.000000  2.000000  
229.656284 0.013537  0.093045  -0.017793  0.999230  0.039195  -0.002019  -0.002057  0.103684  0.994608  0.039193  -0.993838  0.103685  -0.000101  -0.000619  0.000198  0.000000  0.000000  0.000000  2.000000  
229.657285 0.013537  0.093045  -0.017792  0.999229  0.039216  -0.001814  -0.002263  0.103676  0.994609  0.039193  -0.993838  0.103685  -0.000062  -0.000426  0.000270  0.000000  0.000000  0.000000  2.000000  
229.658547 0.013537  0.093045  -0.017792  0.999229  0.039216  -0.001814  -0.002263  0.103676  0.994609  0.039193  -0.993838  0.103685  -0.000052  -0.000342  0.000272  0.000000  0.000000  0.000000  2.000000  
229.659782 0.013538  0.093046  -0.017792  0.999224  0.039349  -0.001833  -0.002263  0.103796  0.994596  0.039327  -0.993820  0.103805  0.000001  -0.000257  0.000307  0.000000  0.000000  0.000000  2.000000  
229.660784 0.013538  0.093046  -0.017792  0.999223  0.039370  -0.001628  -0.002469  0.103788  0.994596  0.039327  -0.993820  0.103805  0.000011  -0.000173  0.000310  0.000000  0.000000  0.000000  2.000000  
229.662034 0.013538  0.093046  -0.017791  0.999223  0.039370  -0.001628  -0.002469  0.103788  0.994596  0.039327  -0.993820  0.103805  0.000064  -0.000088  0.000345  0.000000  0.000000  0.000000  2.000000  
229.663281 0.013539  0.093047  -0.017791  0.999223  0.039370  -0.001633  -0.002469  0.103909  0.994584  0.039327  -0.993807  0.103925  0.000126  -0.000007  0.000333  0.000000  0.000000  0.000000  2.000000  
229.664283 0.013540  0.093047  -0.017790  0.999223  0.039392  -0.001428  -0.002674  0.103901  0.994584  0.039327  -0.993807  0.103925  0.000192  0.000075  0.000333  0.000000  0.000000  0.000000  2.000000  
229.665532 0.013540  0.093048  -0.017790  0.999223  0.039392  -0.001428  -0.002674  0.103901  0.994584  0.039327  -0.993807  0.103925  0.000210  0.000129  0.000340  0.000000  0.000000  0.000000  2.000000  
229.666545 0.013540  0.093049  -0.017789  0.999223  0.039392  -0.001428  -0.002674  0.103901  0.994584  0.039327  -0.993807  0.103925  0.000223  0.000215  0.000348  0.000000  0.000000  0.000000  2.000000  
229.667779 0.013541  0.093049  -0.017789  0.999222  0.039413  -0.001224  -0.002880  0.103893  0.994584  0.039327  -0.993807  0.103925  0.000262  0.000236  0.000325  0.000000  0.000000  0.000000  2.000000  
229.668783 0.013541  0.093049  -0.017789  0.999222  0.039413  -0.001224  -0.002880  0.103893  0.994584  0.039327  -0.993807  0.103925  0.000282  0.000292  0.000337  0.000000  0.000000  0.000000  2.000000  
229.669787 0.013542  0.093050  -0.017788  0.999222  0.039413  -0.001224  -0.002880  0.103893  0.994584  0.039327  -0.993807  0.103925  0.000314  0.000320  0.000359  0.000000  0.000000  0.000000  2.000000  
229.671032 0.013542  0.093050  -0.017787  0.999222  0.039434  -0.001019  -0.003086  0.103884  0.994585  0.039327  -0.993807  0.103925  0.000323  0.000378  0.000411  0.000000  0.000000  0.000000  2.000000  
229.672036 0.013542  0.093050  -0.017787  0.999222  0.039434  -0.001019  -0.003086  0.103884  0.994585  0.039327  -0.993807  0.103925  0.000308  0.000353  0.000355  0.000000  0.000000  0.000000  2.000000  
229.673283 0.013542  0.093051  -0.017786  0.999222  0.039434  -0.001014  -0.003086  0.103764  0.994597  0.039327  -0.993820  0.103805  0.000312  0.000406  0.000402  0.000000  0.000000  0.000000  2.000000  
229.674545 0.013542  0.093052  -0.017785  0.999221  0.039456  -0.000809  -0.003291  0.103756  0.994597  0.039327  -0.993820  0.103805  0.000306  0.000415  0.000449  0.000000  0.000000  0.000000  2.000000  
229.675782 0.013542  0.093053  -0.017784  0.999221  0.039456  -0.000809  -0.003291  0.103756  0.994597  0.039327  -0.993820  0.103805  0.000311  0.000467  0.000494  0.000000  0.000000  0.000000  2.000000  
229.677032 0.013542  0.093053  -0.017784  0.999221  0.039456  -0.000809  -0.003291  0.103756  0.994597  0.039327  -0.993820  0.103805  0.000280  0.000439  0.000472  0.000000  0.000000  0.000000  2.000000  
229.678277 0.013543  0.093053  -0.017784  0.999221  0.039456  -0.000805  -0.003291  0.103635  0.994610  0.039327  -0.993832  0.103684  0.000226  0.000442  0.000481  0.000000  0.000000  0.000000  2.000000  
229.679281 0.013542  0.093054  -0.017783  0.999220  0.039477  -0.000600  -0.003497  0.103627  0.994610  0.039327  -0.993832  0.103684  0.000184  0.000417  0.000499  0.000000  0.000000  0.000000  2.000000  
229.680545 0.013543  0.093054  -0.017783  0.999220  0.039477  -0.000600  -0.003497  0.103627  0.994610  0.039327  -0.993832  0.103684  0.000199  0.000398  0.000520  0.000000  0.000000  0.000000  2.000000  
229.681790 0.013543  0.093054  -0.017782  0.999220  0.039477  -0.000595  -0.003497  0.103506  0.994623  0.039327  -0.993845  0.103564  0.000123  0.000366  0.000463  0.000000  0.000000  0.000000  2.000000  
229.683030 0.013542  0.093054  -0.017782  0.999220  0.039477  -0.000595  -0.003497  0.103506  0.994623  0.039327  -0.993845  0.103564  0.000080  0.000341  0.000482  0.000000  0.000000  0.000000  2.000000  
229.684033 0.013542  0.093055  -0.017781  0.999220  0.039477  -0.000595  -0.003497  0.103506  0.994623  0.039327  -0.993845  0.103564  0.000080  0.000341  0.000482  0.000000  0.000000  0.000000  2.000000  
229.685033 0.013542  0.093054  -0.017780  0.999220  0.039499  -0.000385  -0.003703  0.103377  0.994635  0.039327  -0.993858  0.103443  0.000047  0.000283  0.000501  0.000000  0.000000  0.000000  2.000000  
229.686056 0.013542  0.093054  -0.017780  0.999220  0.039499  -0.000385  -0.003703  0.103377  0.994635  0.039327  -0.993858  0.103443  0.000016  0.000259  0.000487  0.000000  0.000000  0.000000  2.000000  
229.687282 0.013542  0.093054  -0.017779  0.999220  0.039499  -0.000381  -0.003703  0.103257  0.994648  0.039327  -0.993870  0.103323  0.000006  0.000176  0.000485  0.000000  0.000000  0.000000  2.000000  
229.688286 0.013542  0.093054  -0.017778  0.999220  0.039499  -0.000381  -0.003703  0.103257  0.994648  0.039327  -0.993870  0.103323  -0.000005  0.000179  0.000525  0.000000  0.000000  0.000000  2.000000  
229.689535 0.013542  0.093054  -0.017778  0.999220  0.039499  -0.000376  -0.003703  0.103136  0.994660  0.039327  -0.993883  0.103202  -0.000026  0.000145  0.000455  0.000000  0.000000  0.000000  2.000000  
229.690550 0.013542  0.093054  -0.017778  0.999220  0.039499  -0.000376  -0.003703  0.103136  0.994660  0.039327  -0.993883  0.103202  -0.000047  0.000091  0.000449  0.000000  0.000000  0.000000  2.000000  
229.691783 0.013542  0.093054  -0.017778  0.999220  0.039499  -0.000376  -0.003703  0.103136  0.994660  0.039327  -0.993883  0.103202  -0.000036  0.000063  0.000459  0.000000  0.000000  0.000000  2.000000  
229.693032 0.013542  0.093054  -0.017777  0.999219  0.039520  -0.000166  -0.003909  0.103007  0.994673  0.039327  -0.993895  0.103081  -0.000057  0.000007  0.000447  0.000000  0.000000  0.000000  2.000000  
229.694282 0.013542  0.093054  -0.017777  0.999219  0.039520  -0.000166  -0.003909  0.103007  0.994673  0.039327  -0.993895  0.103081  -0.000046  0.000003  0.000406  0.000000  0.000000  0.000000  2.000000  
229.695285 0.013542  0.093054  -0.017776  0.999219  0.039520  -0.000161  -0.003909  0.102887  0.994685  0.039327  -0.993908  0.102961  -0.000089  -0.000022  0.000425  0.000000  0.000000  0.000000  2.000000  
229.696532 0.013542  0.093054  -0.017776  0.999219  0.039520  -0.000161  -0.003909  0.102887  0.994685  0.039327  -0.993908  0.102961  -0.000067  -0.000053  0.000394  0.000000  0.000000  0.000000  2.000000  
229.697778 0.013541  0.093054  -0.017776  0.999219  0.039520  -0.000157  -0.003909  0.102766  0.994698  0.039327  -0.993920  0.102840  -0.000066  -0.000052  0.000387  0.000000  0.000000  0.000000  2.000000  
229.698781 0.013541  0.093054  -0.017775  0.999219  0.039520  -0.000157  -0.003909  0.102766  0.994698  0.039327  -0.993920  0.102840  -0.000067  -0.000053  0.000394  0.000000  0.000000  0.000000  2.000000  
229.700028 0.013541  0.093054  -0.017775  0.999219  0.039520  -0.000152  -0.003909  0.102645  0.994710  0.039327  -0.993933  0.102720  -0.000066  -0.000028  0.000338  0.000000  0.000000  0.000000  2.000000  
229.701029 0.013541  0.093054  -0.017775  0.999219  0.039520  -0.000152  -0.003909  0.102645  0.994710  0.039327  -0.993933  0.102720  -0.000066  -0.000028  0.000338  0.000000  0.000000  0.000000  2.000000  
229.702030 0.013541  0.093054  -0.017775  0.999219  0.039520  -0.000152  -0.003909  0.102645  0.994710  0.039327  -0.993933  0.102720  -0.000066  -0.000004  0.000289  0.000000  0.000000  0.000000  2.000000  
229.703035 0.013541  0.093054  -0.017775  0.999219  0.039520  -0.000147  -0.003909  0.102525  0.994723  0.039327  -0.993945  0.102599  -0.000067  0.000020  0.000243  0.000000  0.000000  0.000000  2.000000  
229.704282 0.013541  0.093054  -0.017774  0.999218  0.039541  0.000058  -0.004114  0.102517  0.994723  0.039327  -0.993945  0.102599  -0.000078  0.000023  0.000284  0.000000  0.000000  0.000000  2.000000  
229.705282 0.013541  0.093055  -0.017774  0.999218  0.039541  0.000058  -0.004114  0.102517  0.994723  0.039327  -0.993945  0.102599  -0.000077  0.000047  0.000230  0.000000  0.000000  0.000000  2.000000  
229.706544 0.013541  0.093055  -0.017774  0.999218  0.039541  0.000062  -0.004114  0.102396  0.994735  0.039327  -0.993958  0.102479  -0.000057  0.000104  0.000246  0.000000  0.000000  0.000000  2.000000  
229.707782 0.013541  0.093055  -0.017774  0.999218  0.039541  0.000062  -0.004114  0.102396  0.994735  0.039327  -0.993958  0.102479  -0.000046  0.000101  0.000206  0.000000  0.000000  0.000000  2.000000  
229.708783 0.013541  0.093055  -0.017774  0.999218  0.039541  0.000062  -0.004114  0.102396  0.994735  0.039327  -0.993958  0.102479  -0.000056  0.000126  0.000193  0.000000  0.000000  0.000000  2.000000  
229.710031 0.013541  0.093056  -0.017773  0.999218  0.039541  0.000067  -0.004114  0.102275  0.994748  0.039327  -0.993970  0.102358  -0.000025  0.000157  0.000218  0.000000  0.000000  0.000000  2.000000  
229.711031 0.013541  0.093056  -0.017773  0.999218  0.039541  0.000067  -0.004114  0.102275  0.994748  0.039327  -0.993970  0.102358  -0.000025  0.000157  0.000218  0.000000  0.000000  0.000000  2.000000  
229.712277 0.013541  0.093056  -0.017773  0.999218  0.039541  0.000067  -0.004114  0.102275  0.994748  0.039327  -0.993970  0.102358  -0.000024  0.000178  0.000166  0.000000  0.000000  0.000000  2.000000  
229.713280 0.013541  0.093056  -0.017773  0.999218  0.039541  0.000067  -0.004114  0.102275  0.994748  0.039327  -0.993970  0.102358  -0.000025  0.000181  0.000168  0.000000  0.000000  0.000000  2.000000  
229.714542 0.013541  0.093057  -0.017773  0.999218  0.039541  0.000072  -0.004114  0.102155  0.994760  0.039327  -0.993982  0.102237  -0.000025  0.000205  0.000118  0.000000  0.000000  0.000000  2.000000  
229.715780 0.013541  0.093057  -0.017773  0.999218  0.039541  0.000072  -0.004114  0.102155  0.994760  0.039327  -0.993982  0.102237  -0.000024  0.000202  0.000116  0.000000  0.000000  0.000000  2.000000  
229.716783 0.013541  0.093057  -0.017773  0.999218  0.039541  0.000072  -0.004114  0.102155  0.994760  0.039327  -0.993982  0.102237  -0.000013  0.000175  0.000126  0.000000  0.000000  0.000000  2.000000  
229.718031 0.013541  0.093057  -0.017773  0.999218  0.039541  0.000077  -0.004114  0.102034  0.994772  0.039327  -0.993995  0.102117  -0.000024  0.000202  0.000116  0.000000  0.000000  0.000000  2.000000  
229.719278 0.013540  0.093058  -0.017772  0.999217  0.039562  0.000282  -0.004320  0.102026  0.994772  0.039327  -0.993995  0.102117  -0.000035  0.000229  0.000107  0.000000  0.000000  0.000000  2.000000  
229.720293 0.013540  0.093058  -0.017772  0.999217  0.039562  0.000282  -0.004320  0.102026  0.994772  0.039327  -0.993995  0.102117  -0.000025  0.000205  0.000118  0.000000  0.000000  0.000000  2.000000  
229.721534 0.013540  0.093058  -0.017772  0.999217  0.039562  0.000282  -0.004320  0.102026  0.994772  0.039327  -0.993995  0.102117  -0.000078  0.000204  0.000125  0.000000  0.000000  0.000000  2.000000  
229.722544 0.013540  0.093058  -0.017772  0.999217  0.039562  0.000282  -0.004320  0.102026  0.994772  0.039327  -0.993995  0.102117  -0.000079  0.000207  0.000127  0.000000  0.000000  0.000000  2.000000  
229.723784 0.013540  0.093059  -0.017772  0.999217  0.039562  0.000286  -0.004320  0.101905  0.994785  0.039327  -0.994007  0.101996  -0.000079  0.000208  0.000127  0.000000  0.000000  0.000000  2.000000  
229.725032 0.013540  0.093059  -0.017772  0.999217  0.039562  0.000286  -0.004320  0.101905  0.994785  0.039327  -0.994007  0.101996  -0.000111  0.000179  0.000105  0.000000  0.000000  0.000000  2.000000  
229.726283 0.013539  0.093059  -0.017771  0.999217  0.039562  0.000286  -0.004320  0.101905  0.994785  0.039327  -0.994007  0.101996  -0.000111  0.000155  0.000155  0.000000  0.000000  0.000000  2.000000  
229.727534 0.013539  0.093058  -0.017771  0.999217  0.039562  0.000286  -0.004320  0.101905  0.994785  0.039327  -0.994007  0.101996  -0.000143  0.000126  0.000133  0.000000  0.000000  0.000000  2.000000  
229.728536 0.013539  0.093059  -0.017771  0.999217  0.039562  0.000286  -0.004320  0.101905  0.994785  0.039327  -0.994007  0.101996  -0.000165  0.000157  0.000164  0.000000  0.000000  0.000000  2.000000  
229.729780 0.013539  0.093059  -0.017771  0.999217  0.039562  0.000291  -0.004320  0.101785  0.994797  0.039327  -0.994019  0.101876  -0.000143  0.000126  0.000133  0.000000  0.000000  0.000000  2.000000  
229.731028 0.013538  0.093058  -0.017771  0.999212  0.039695  0.000278  -0.004320  0.101784  0.994797  0.039460  -0.994014  0.101875  -0.000172  0.000096  0.000109  0.000000  0.000000  0.000000  2.000000  
229.732283 0.013538  0.093058  -0.017771  0.999212  0.039695  0.000278  -0.004320  0.101784  0.994797  0.039460  -0.994014  0.101875  -0.000164  0.000070  0.000120  0.000000  0.000000  0.000000  2.000000  
