1-Time 2-Px 3-Py 4-Pz 5-R11 6-R21 7-R31 8-R12 9-R22 10-R32 11-R13 12-R23 13-R33 14-Vx 15-Vy 16-Vz 17-Wx 18-Wy 19-Wz 20-state 21-PR11 22-PR21 23-PR31 24-PR12 25-PR22 26-PR32 27-PR13 28-PR23 29-PR33 
205.719257 0.017052  0.094305  -0.013312  0.998954  0.045719  0.000484  -0.004730  0.092806  0.995673  0.045476  -0.994634  0.092925  -0.002171  0.001308  0.004962  0.000000  0.000000  0.000000  2.000000  
205.720262 0.017050  0.094306  -0.013307  0.998954  0.045719  0.000490  -0.004730  0.092685  0.995684  0.045476  -0.994645  0.092805  -0.002160  0.001256  0.005023  0.000000  0.000000  0.000000  2.000000  
205.721264 0.017051  0.094308  -0.013301  0.998953  0.045738  0.000695  -0.004936  0.092676  0.995684  0.045476  -0.994645  0.092805  -0.001932  0.001285  0.005104  0.000000  0.000000  0.000000  2.000000  
205.722522 0.017054  0.094310  -0.013293  0.998952  0.045757  0.000905  -0.005141  0.092546  0.995695  0.045476  -0.994657  0.092684  -0.001579  0.001256  0.005225  0.000000  0.000000  0.000000  2.000000  
205.723759 0.017056  0.094311  -0.013286  0.998957  0.045643  0.001123  -0.005347  0.092537  0.995695  0.045342  -0.994663  0.092684  -0.001218  0.001226  0.005319  0.000000  0.000000  0.000000  2.000000  
205.725008 0.017060  0.094313  -0.013277  0.998956  0.045662  0.001328  -0.005553  0.092528  0.995695  0.045342  -0.994663  0.092684  -0.000803  0.001258  0.005493  0.000000  0.000000  0.000000  2.000000  
205.726009 0.017064  0.094315  -0.013270  0.998955  0.045681  0.001533  -0.005758  0.092518  0.995694  0.045342  -0.994663  0.092684  -0.000321  0.001286  0.005624  0.000000  0.000000  0.000000  2.000000  
205.727261 0.017070  0.094317  -0.013264  0.998946  0.045852  0.001930  -0.006170  0.092498  0.995694  0.045476  -0.994657  0.092684  0.000229  0.001330  0.005655  0.000000  0.000000  0.000000  2.000000  
205.728508 0.017077  0.094318  -0.013256  0.998945  0.045871  0.002135  -0.006375  0.092489  0.995693  0.045476  -0.994657  0.092684  0.000890  0.001346  0.005727  0.000000  0.000000  0.000000  2.000000  
205.729754 0.017084  0.094320  -0.013249  0.998938  0.046023  0.002322  -0.006581  0.092599  0.995682  0.045610  -0.994639  0.092804  0.001495  0.001365  0.005806  0.000000  0.000000  0.000000  2.000000  
205.730758 0.017089  0.094323  -0.013244  0.998936  0.046042  0.002527  -0.006787  0.092590  0.995681  0.045610  -0.994639  0.092804  0.001990  0.001436  0.005792  0.000000  0.000000  0.000000  2.000000  
205.732004 0.017095  0.094325  -0.013237  0.998933  0.046081  0.002932  -0.007198  0.092692  0.995669  0.045610  -0.994628  0.092925  0.002597  0.001503  0.005770  0.000000  0.000000  0.000000  2.000000  
205.733009 0.017101  0.094328  -0.013232  0.998930  0.046119  0.003342  -0.007609  0.092673  0.995668  0.045610  -0.994628  0.092925  0.003179  0.001603  0.005774  0.000000  0.000000  0.000000  2.000000  
205.734259 0.017108  0.094330  -0.013227  0.998927  0.046158  0.003740  -0.008021  0.092895  0.995644  0.045610  -0.994605  0.093166  0.003824  0.001634  0.005684  0.000000  0.000000  0.000000  2.000000  
205.735514 0.017116  0.094333  -0.013222  0.998925  0.046178  0.003940  -0.008226  0.093007  0.995632  0.045610  -0.994594  0.093287  0.004379  0.001732  0.005582  0.000000  0.000000  0.000000  2.000000  
205.736526 0.017123  0.094336  -0.013217  0.998924  0.046197  0.004139  -0.008432  0.093118  0.995619  0.045610  -0.994583  0.093407  0.004776  0.001849  0.005475  0.000000  0.000000  0.000000  2.000000  
205.737758 0.017132  0.094340  -0.013210  0.998920  0.046237  0.004538  -0.008843  0.093340  0.995595  0.045610  -0.994560  0.093648  0.005237  0.002006  0.005432  0.000000  0.000000  0.000000  2.000000  
205.738763 0.017139  0.094342  -0.013206  0.998918  0.046257  0.004732  -0.009049  0.093572  0.995571  0.045610  -0.994537  0.093890  0.005535  0.002126  0.005262  0.000000  0.000000  0.000000  2.000000  
205.740008 0.017147  0.094346  -0.013200  0.998910  0.046411  0.004913  -0.009254  0.093803  0.995548  0.045743  -0.994508  0.094130  0.005824  0.002190  0.005127  0.000000  0.000000  0.000000  2.000000  
205.741008 0.017155  0.094349  -0.013196  0.998908  0.046431  0.005106  -0.009460  0.094035  0.995524  0.045743  -0.994486  0.094372  0.006033  0.002282  0.004944  0.000000  0.000000  0.000000  2.000000  
205.742009 0.017162  0.094351  -0.013192  0.998906  0.046452  0.005300  -0.009666  0.094267  0.995500  0.045743  -0.994463  0.094613  0.006229  0.002331  0.004851  0.000000  0.000000  0.000000  2.000000  
205.743258 0.017170  0.094354  -0.013186  0.998898  0.046606  0.005475  -0.009871  0.094618  0.995465  0.045877  -0.994422  0.094974  0.006328  0.002380  0.004778  -0.036939  -0.170735  0.029741  2.000000  
205.744259 0.017176  0.094355  -0.013182  0.998890  0.046760  0.005656  -0.010077  0.094849  0.995441  0.046010  -0.994393  0.095215  0.006395  0.002397  0.004681  -0.048854  -0.177242  0.034891  2.000000  
205.745509 0.017184  0.094356  -0.013177  0.998888  0.046781  0.005850  -0.010282  0.095081  0.995416  0.046010  -0.994370  0.095456  0.006463  0.002288  0.004499  -0.060749  -0.184059  0.035543  2.000000  
205.746510 0.017190  0.094357  -0.013174  0.998880  0.046935  0.006031  -0.010488  0.095311  0.995392  0.046144  -0.994340  0.095697  0.006487  0.002186  0.004316  -0.072744  -0.190763  0.040738  2.000000  
205.747757 0.017196  0.094358  -0.013171  0.998871  0.047089  0.006211  -0.010694  0.095542  0.995368  0.046278  -0.994311  0.095937  0.006442  0.002031  0.004188  -0.084550  -0.196973  0.045828  2.000000  
205.749004 0.017202  0.094358  -0.013169  0.998871  0.047092  0.006194  -0.010694  0.095904  0.995333  0.046278  -0.994276  0.096299  0.006341  0.001927  0.003964  -0.104966  -0.197034  0.045855  2.000000  
205.750254 0.017208  0.094358  -0.013166  0.998857  0.047379  0.006362  -0.010899  0.096133  0.995309  0.046545  -0.994240  0.096539  0.006211  0.001685  0.003791  -0.115899  -0.201401  0.055024  2.000000  
205.751256 0.017212  0.094357  -0.013164  0.998857  0.047381  0.006345  -0.010899  0.096495  0.995274  0.046545  -0.994205  0.096901  0.006037  0.001466  0.003597  -0.128347  -0.194564  0.054409  2.000000  
205.752259 0.017217  0.094357  -0.013162  0.998848  0.047536  0.006525  -0.011105  0.096725  0.995249  0.046679  -0.994175  0.097142  0.005906  0.001254  0.003377  -0.140431  -0.194086  0.058847  2.000000  
205.753260 0.017221  0.094357  -0.013160  0.998842  0.047670  0.006500  -0.011105  0.096965  0.995226  0.046812  -0.994146  0.097382  0.005724  0.001052  0.003122  -0.150085  -0.187974  0.067662  2.000000  
205.754520 0.017227  0.094357  -0.013157  0.998840  0.047693  0.006688  -0.011310  0.097317  0.995189  0.046812  -0.994110  0.097744  0.005493  0.000813  0.003003  -0.162253  -0.187888  0.067670  2.000000  
205.755758 0.017232  0.094357  -0.013154  0.998831  0.047848  0.006862  -0.011516  0.097668  0.995152  0.046946  -0.994068  0.098105  0.005280  0.000657  0.002913  -0.173082  -0.185957  0.071606  2.000000  
205.756758 0.017236  0.094357  -0.013150  0.998831  0.047850  0.006851  -0.011516  0.097910  0.995129  0.046946  -0.994044  0.098346  0.005035  0.000436  0.002860  -0.181482  -0.179122  0.070972  2.000000  
205.758007 0.017241  0.094357  -0.013144  0.998822  0.048006  0.007025  -0.011721  0.098260  0.995092  0.047080  -0.994002  0.098707  0.004824  0.000237  0.002870  -0.193909  -0.172288  0.070349  2.000000  
205.759011 0.017244  0.094356  -0.013139  0.998816  0.048141  0.006994  -0.011721  0.098621  0.995056  0.047213  -0.993960  0.099068  0.004621  0.000073  0.002903  -0.203950  -0.166804  0.070305  2.000000  
205.760258 0.017249  0.094355  -0.013132  0.998810  0.048277  0.006963  -0.011721  0.098981  0.995020  0.047347  -0.993918  0.099429  0.004413  -0.000078  0.003054  -0.216627  -0.159580  0.074193  2.000000  
205.761258 0.017251  0.094354  -0.013127  0.998801  0.048433  0.007137  -0.011927  0.099332  0.994983  0.047481  -0.993875  0.099790  0.004169  -0.000234  0.003211  -0.229072  -0.152180  0.077999  2.000000  
205.762261 0.017254  0.094352  -0.013122  0.998795  0.048567  0.007112  -0.011927  0.099572  0.994959  0.047614  -0.993844  0.100031  0.003958  -0.000419  0.003354  -0.233409  -0.144818  0.081817  2.000000  
205.763505 0.017257  0.094349  -0.013115  0.998786  0.048723  0.007286  -0.012132  0.099922  0.994921  0.047748  -0.993802  0.100392  0.003792  -0.000580  0.003621  -0.239942  -0.136385  0.084974  2.000000  
205.764505 0.017259  0.094347  -0.013110  0.998786  0.048726  0.007268  -0.012132  0.100284  0.994885  0.047748  -0.993765  0.100754  0.003648  -0.000725  0.003859  -0.248370  -0.129552  0.084348  2.000000  
205.765759 0.017262  0.094345  -0.013102  0.998777  0.048882  0.007442  -0.012338  0.100634  0.994847  0.047882  -0.993722  0.101114  0.003414  -0.000844  0.004246  -0.254753  -0.123249  0.088867  2.000000  
205.767005 0.017265  0.094342  -0.013095  0.998768  0.049039  0.007615  -0.012543  0.100985  0.994809  0.048015  -0.993679  0.101475  0.003287  -0.000968  0.004522  -0.260812  -0.121814  0.092631  2.000000  
205.768254 0.017268  0.094340  -0.013088  0.998765  0.049063  0.007796  -0.012749  0.101457  0.994758  0.048015  -0.993629  0.101958  0.003119  -0.001106  0.004840  -0.268880  -0.121771  0.092668  2.000000  
205.769261 0.017271  0.094339  -0.013082  0.998759  0.049198  0.007771  -0.012749  0.101697  0.994734  0.048149  -0.993598  0.102198  0.002984  -0.001251  0.005080  -0.269472  -0.107647  0.095775  2.000000  
205.770274 0.017273  0.094337  -0.013076  0.998750  0.049355  0.007944  -0.012954  0.102047  0.994695  0.048283  -0.993554  0.102559  0.002845  -0.001401  0.005274  -0.275897  -0.108560  0.096647  2.000000  
205.771512 0.017277  0.094335  -0.013068  0.998747  0.049379  0.008131  -0.013160  0.102399  0.994656  0.048283  -0.993517  0.102920  0.002720  -0.001491  0.005533  -0.275763  -0.108473  0.096640  2.000000  
205.772514 0.017279  0.094335  -0.013062  0.998738  0.049536  0.008304  -0.013366  0.102749  0.994618  0.048416  -0.993473  0.103281  0.002638  -0.001504  0.005667  -0.279801  -0.108434  0.096665  2.000000  
205.773778 0.017282  0.094332  -0.013053  0.998729  0.049693  0.008476  -0.013571  0.103099  0.994579  0.048550  -0.993429  0.103642  0.002535  -0.001601  0.005839  -0.283713  -0.107897  0.101116  2.000000  
205.775011 0.017285  0.094330  -0.013045  0.998719  0.049851  0.008643  -0.013777  0.103569  0.994527  0.048683  -0.993372  0.104123  0.002448  -0.001679  0.005928  -0.287955  -0.107922  0.101226  2.000000  
205.776259 0.017287  0.094328  -0.013035  0.998710  0.050009  0.008816  -0.013982  0.103919  0.994487  0.048817  -0.993328  0.104484  0.002355  -0.001713  0.006157  -0.292063  -0.107908  0.101275  2.000000  
205.777511 0.017289  0.094325  -0.013024  0.998700  0.050168  0.008982  -0.014188  0.104389  0.994435  0.048951  -0.993270  0.104965  0.002294  -0.001744  0.006467  -0.300151  -0.107852  0.101297  2.000000  
205.778521 0.017290  0.094323  -0.013016  0.998691  0.050324  0.009161  -0.014393  0.104618  0.994408  0.049084  -0.993238  0.105206  0.002196  -0.001750  0.006631  -0.299693  -0.114204  0.106452  2.000000  
205.779757 0.017292  0.094320  -0.013005  0.998681  0.050482  0.009333  -0.014599  0.104968  0.994368  0.049218  -0.993193  0.105566  0.002142  -0.001772  0.006907  -0.299796  -0.114211  0.106536  2.000000  
205.781006 0.017293  0.094317  -0.012993  0.998669  0.050662  0.009710  -0.015010  0.105307  0.994326  0.049352  -0.993148  0.105927  0.002017  -0.001781  0.007197  -0.299157  -0.127940  0.107995  2.000000  
205.782007 0.017294  0.094316  -0.012983  0.998662  0.050798  0.009677  -0.015010  0.105667  0.994288  0.049485  -0.993103  0.106288  0.001943  -0.001781  0.007489  -0.305079  -0.120034  0.106434  2.000000  
205.783254 0.017295  0.094314  -0.012973  0.998649  0.050978  0.010054  -0.015421  0.106006  0.994246  0.049619  -0.993058  0.106648  0.001793  -0.001777  0.007666  -0.304441  -0.133651  0.107893  2.000000  
205.784256 0.017296  0.094312  -0.012964  0.998643  0.051113  0.010027  -0.015421  0.106245  0.994220  0.049753  -0.993025  0.106889  0.001702  -0.001787  0.007843  -0.304718  -0.126329  0.111644  2.000000  
205.785268 0.017297  0.094310  -0.012957  0.998633  0.051270  0.010205  -0.015626  0.106473  0.994193  0.049886  -0.992993  0.107129  0.001580  -0.001802  0.007944  -0.302754  -0.134190  0.113296  2.000000  
205.786522 0.017298  0.094308  -0.012948  0.998623  0.051429  0.010377  -0.015832  0.106822  0.994152  0.050020  -0.992947  0.107489  0.001406  -0.001829  0.008011  -0.302683  -0.133658  0.117793  2.000000  
205.787758 0.017299  0.094305  -0.012940  0.998613  0.051588  0.010548  -0.016037  0.107171  0.994111  0.050153  -0.992901  0.107850  0.001244  -0.001917  0.007996  -0.302800  -0.133674  0.117895  2.000000  
205.788761 0.017299  0.094303  -0.012933  0.998603  0.051747  0.010720  -0.016243  0.107520  0.994070  0.050287  -0.992855  0.108211  0.001167  -0.001956  0.008025  -0.302446  -0.140506  0.118662  2.000000  
205.790009 0.017300  0.094301  -0.012924  0.998593  0.051905  0.010891  -0.016448  0.107869  0.994029  0.050421  -0.992809  0.108571  0.001013  -0.001975  0.008045  -0.303631  -0.145656  0.122867  2.000000  
205.791258 0.017300  0.094297  -0.012915  0.998582  0.052063  0.011068  -0.016653  0.108097  0.994001  0.050554  -0.992776  0.108811  0.000896  -0.002009  0.007954  -0.297973  -0.147291  0.119470  2.000000  
205.792259 0.017300  0.094294  -0.012909  0.998572  0.052221  0.011246  -0.016859  0.108326  0.993972  0.050688  -0.992743  0.109051  0.000790  -0.002070  0.007873  -0.295166  -0.152868  0.119242  2.000000  
205.793511 0.017300  0.094290  -0.012900  0.998559  0.052491  0.011197  -0.016859  0.108683  0.993934  0.050955  -0.992690  0.109411  0.000689  -0.002199  0.007707  -0.293819  -0.146725  0.124031  2.000000  
205.794523 0.017300  0.094286  -0.012894  0.998548  0.052649  0.011375  -0.017064  0.108911  0.993905  0.051089  -0.992656  0.109651  0.000555  -0.002316  0.007514  -0.289279  -0.153026  0.129226  2.000000  
205.795756 0.017300  0.094281  -0.012885  0.998541  0.052784  0.011347  -0.017064  0.109150  0.993879  0.051222  -0.992623  0.109891  0.000486  -0.002453  0.007358  -0.287364  -0.144996  0.127541  2.000000  
205.796759 0.017300  0.094277  -0.012879  0.998524  0.053074  0.011516  -0.017269  0.109255  0.993864  0.051490  -0.992596  0.110010  0.000354  -0.002645  0.007078  -0.281523  -0.145670  0.133088  2.000000  
205.797760 0.017300  0.094273  -0.012873  0.998517  0.053209  0.011488  -0.017269  0.109494  0.993837  0.051623  -0.992562  0.110250  0.000294  -0.002772  0.006936  -0.277423  -0.145145  0.137597  2.000000  
205.799006 0.017299  0.094268  -0.012865  0.998507  0.053367  0.011665  -0.017475  0.109721  0.993809  0.051757  -0.992529  0.110490  0.000221  -0.002963  0.006732  -0.271105  -0.143924  0.136523  2.000000  
205.800008 0.017300  0.094265  -0.012859  0.998500  0.053503  0.011638  -0.017475  0.109960  0.993782  0.051891  -0.992495  0.110730  0.000193  -0.003059  0.006618  -0.271477  -0.136619  0.140281  2.000000  
205.801008 0.017300  0.094261  -0.012854  0.998493  0.053637  0.011616  -0.017474  0.110078  0.993769  0.052024  -0.992475  0.110850  0.000130  -0.003277  0.006483  -0.263696  -0.129759  0.139572  2.000000  
205.802014 0.017300  0.094257  -0.012848  0.998486  0.053773  0.011588  -0.017474  0.110317  0.993743  0.052158  -0.992441  0.111090  0.000106  -0.003333  0.006473  -0.259671  -0.129735  0.139631  2.000000  
205.803019 0.017300  0.094254  -0.012843  0.998479  0.053908  0.011560  -0.017474  0.110556  0.993716  0.052291  -0.992407  0.111330  0.000081  -0.003432  0.006351  -0.257950  -0.123835  0.140017  2.000000  
205.804261 0.017300  0.094249  -0.012837  0.998465  0.054175  0.011524  -0.017474  0.110672  0.993703  0.052559  -0.992379  0.111449  0.000022  -0.003538  0.006164  -0.248145  -0.115042  0.147065  2.000000  
205.805516 0.017300  0.094244  -0.012831  0.998458  0.054311  0.011496  -0.017474  0.110911  0.993677  0.052692  -0.992345  0.111689  0.000016  -0.003657  0.006021  -0.242667  -0.102662  0.142327  2.000000  
205.806517 0.017300  0.094240  -0.012827  0.998451  0.054445  0.011474  -0.017474  0.111029  0.993664  0.052826  -0.992325  0.111808  0.000004  -0.003744  0.005808  -0.234865  -0.095274  0.146076  2.000000  
205.807761 0.017300  0.094235  -0.012822  0.998444  0.054580  0.011446  -0.017474  0.111268  0.993637  0.052959  -0.992291  0.112048  0.000002  -0.003802  0.005511  -0.231168  -0.088376  0.145380  2.000000  
205.809010 0.017301  0.094229  -0.012818  0.998437  0.054715  0.011425  -0.017473  0.111386  0.993624  0.053093  -0.992270  0.112168  0.000056  -0.003863  0.005208  -0.223344  -0.081959  0.140176  2.000000  
205.810261 0.017301  0.094224  -0.012814  0.998430  0.054849  0.011403  -0.017473  0.111504  0.993610  0.053227  -0.992249  0.112287  0.000066  -0.003949  0.004921  -0.215619  -0.075086  0.139498  2.000000  
205.811265 0.017301  0.094220  -0.012812  0.998422  0.054983  0.011381  -0.017473  0.111622  0.993597  0.053360  -0.992229  0.112407  0.000128  -0.003945  0.004669  -0.207702  -0.068146  0.138689  2.000000  
205.812510 0.017303  0.094214  -0.012807  0.998415  0.055117  0.011360  -0.017473  0.111740  0.993584  0.053494  -0.992208  0.112526  0.000213  -0.003999  0.004440  -0.202327  -0.060268  0.141262  2.000000  
205.813756 0.017304  0.094209  -0.012803  0.998408  0.055251  0.011338  -0.017473  0.111859  0.993571  0.053628  -0.992187  0.112646  0.000319  -0.003993  0.004223  -0.196214  -0.054364  0.137234  2.000000  
205.815009 0.017306  0.094204  -0.012798  0.998401  0.055385  0.011316  -0.017473  0.111977  0.993557  0.053761  -0.992166  0.112765  0.000435  -0.004041  0.004068  -0.186833  -0.047064  0.135344  2.000000  
205.816261 0.017309  0.094199  -0.012793  0.998394  0.055519  0.011294  -0.017473  0.112095  0.993544  0.053895  -0.992145  0.112885  0.000638  -0.004060  0.003930  -0.180666  -0.040573  0.135781  2.000000  
205.817511 0.017312  0.094194  -0.012788  0.998383  0.055676  0.011477  -0.017678  0.112202  0.993528  0.054028  -0.992124  0.113004  0.000807  -0.004122  0.003820  -0.171002  -0.040187  0.134611  2.000000  
205.818518 0.017315  0.094190  -0.012785  0.998376  0.055809  0.011462  -0.017678  0.112199  0.993528  0.054162  -0.992117  0.113004  0.000957  -0.004151  0.003687  0.000000  0.000000  0.000000  2.000000  
205.819556 0.017317  0.094185  -0.012782  0.998368  0.055943  0.011440  -0.017678  0.112317  0.993515  0.054296  -0.992096  0.113123  0.001114  -0.004187  0.003558  0.000000  0.000000  0.000000  2.000000  
205.820761 0.017320  0.094180  -0.012778  0.998361  0.056076  0.011425  -0.017678  0.112315  0.993515  0.054429  -0.992089  0.113122  0.001364  -0.004216  0.003465  0.000000  0.000000  0.000000  2.000000  
205.822008 0.017324  0.094175  -0.012775  0.998354  0.056210  0.011403  -0.017678  0.112433  0.993502  0.054563  -0.992068  0.113242  0.001563  -0.004247  0.003344  0.000000  0.000000  0.000000  2.000000  
205.823009 0.017326  0.094170  -0.012773  0.998350  0.056233  0.011607  -0.017883  0.112422  0.993500  0.054563  -0.992068  0.113242  0.001752  -0.004262  0.003248  0.000000  0.000000  0.000000  2.000000  
205.824263 0.017329  0.094165  -0.012769  0.998343  0.056366  0.011592  -0.017883  0.112419  0.993500  0.054696  -0.992061  0.113241  0.001969  -0.004258  0.003248  0.000000  0.000000  0.000000  2.000000  
205.825511 0.017333  0.094160  -0.012766  0.998336  0.056500  0.011570  -0.017883  0.112537  0.993487  0.054830  -0.992040  0.113360  0.002157  -0.004200  0.003174  0.000000  0.000000  0.000000  2.000000  
205.826522 0.017336  0.094156  -0.012763  0.998328  0.056633  0.011555  -0.017883  0.112535  0.993487  0.054964  -0.992033  0.113360  0.002334  -0.004189  0.003133  0.000000  0.000000  0.000000  2.000000  
205.827759 0.017341  0.094152  -0.012760  0.998317  0.056789  0.011744  -0.018088  0.112521  0.993485  0.055097  -0.992025  0.113359  0.002536  -0.004121  0.003041  0.000000  0.000000  0.000000  2.000000  
205.829009 0.017345  0.094147  -0.012758  0.998317  0.056789  0.011744  -0.018088  0.112521  0.993485  0.055097  -0.992025  0.113359  0.002705  -0.004079  0.002922  0.000000  0.000000  0.000000  2.000000  
205.830256 0.017349  0.094143  -0.012755  0.998310  0.056921  0.011729  -0.018088  0.112519  0.993485  0.055231  -0.992018  0.113358  0.002819  -0.004037  0.002811  0.000000  0.000000  0.000000  2.000000  
205.831256 0.017353  0.094139  -0.012752  0.998299  0.057077  0.011919  -0.018293  0.112504  0.993483  0.055364  -0.992011  0.113357  0.002905  -0.004008  0.002724  0.000000  0.000000  0.000000  2.000000  
205.832510 0.017356  0.094135  -0.012749  0.998299  0.057077  0.011919  -0.018293  0.112504  0.993483  0.055364  -0.992011  0.113357  0.002961  -0.003962  0.002619  0.000000  0.000000  0.000000  2.000000  
205.833756 0.017361  0.094130  -0.012746  0.998291  0.057210  0.011903  -0.018293  0.112502  0.993483  0.055498  -0.992003  0.113356  0.003058  -0.003929  0.002494  0.000000  0.000000  0.000000  2.000000  
205.835004 0.017366  0.094125  -0.012743  0.998280  0.057366  0.012093  -0.018499  0.112488  0.993481  0.055632  -0.991996  0.113355  0.003176  -0.003903  0.002491  0.000000  0.000000  0.000000  2.000000  
205.836004 0.017369  0.094121  -0.012740  0.998280  0.057366  0.012093  -0.018499  0.112488  0.993481  0.055632  -0.991996  0.113355  0.003203  -0.003868  0.002511  0.000000  0.000000  0.000000  2.000000  
205.837011 0.017373  0.094117  -0.012737  0.998273  0.057497  0.012085  -0.018499  0.112365  0.993495  0.055765  -0.992002  0.113234  0.003296  -0.003814  0.002578  0.000000  0.000000  0.000000  2.000000  
205.838258 0.017377  0.094112  -0.012733  0.998261  0.057653  0.012274  -0.018704  0.112350  0.993493  0.055899  -0.991995  0.113233  0.003307  -0.003806  0.002591  0.000000  0.000000  0.000000  2.000000  
205.839261 0.017380  0.094108  -0.012730  0.998261  0.057653  0.012274  -0.018704  0.112350  0.993493  0.055899  -0.991995  0.113233  0.003382  -0.003751  0.002598  0.000000  0.000000  0.000000  2.000000  
205.840524 0.017385  0.094104  -0.012727  0.998254  0.057784  0.012266  -0.018704  0.112227  0.993506  0.056032  -0.992001  0.113112  0.003414  -0.003730  0.002568  0.000000  0.000000  0.000000  2.000000  
205.841762 0.017389  0.094099  -0.012725  0.998246  0.057917  0.012251  -0.018704  0.112225  0.993507  0.056166  -0.991994  0.113111  0.003428  -0.003736  0.002530  0.000000  0.000000  0.000000  2.000000  
205.842762 0.017392  0.094096  -0.012723  0.998242  0.057940  0.012455  -0.018909  0.112213  0.993504  0.056166  -0.991994  0.113111  0.003430  -0.003713  0.002480  0.000000  0.000000  0.000000  2.000000  
205.844009 0.017396  0.094092  -0.012721  0.998235  0.058071  0.012447  -0.018909  0.112090  0.993518  0.056299  -0.992000  0.112990  0.003439  -0.003683  0.002444  0.000000  0.000000  0.000000  2.000000  
205.845257 0.017400  0.094088  -0.012719  0.998227  0.058202  0.012439  -0.018909  0.111967  0.993532  0.056433  -0.992006  0.112869  0.003430  -0.003647  0.002375  0.000000  0.000000  0.000000  2.000000  
205.846517 0.017404  0.094084  -0.012717  0.998220  0.058335  0.012424  -0.018909  0.111964  0.993532  0.056567  -0.991998  0.112868  0.003420  -0.003611  0.002317  0.000000  0.000000  0.000000  2.000000  
205.847757 0.017408  0.094080  -0.012715  0.998220  0.058333  0.012431  -0.018909  0.111844  0.993546  0.056567  -0.992012  0.112748  0.003334  -0.003584  0.002257  0.000000  0.000000  0.000000  2.000000  
205.849007 0.017411  0.094076  -0.012713  0.998208  0.058489  0.012620  -0.019114  0.111829  0.993544  0.056700  -0.992005  0.112747  0.003272  -0.003508  0.002154  0.000000  0.000000  0.000000  2.000000  
205.850019 0.017414  0.094073  -0.012710  0.998201  0.058620  0.012612  -0.019114  0.111706  0.993557  0.056834  -0.992011  0.112626  0.003191  -0.003479  0.002128  0.000000  0.000000  0.000000  2.000000  
205.851261 0.017417  0.094069  -0.012707  0.998201  0.058620  0.012612  -0.019114  0.111706  0.993557  0.056834  -0.992011  0.112626  0.003156  -0.003392  0.002096  0.000000  0.000000  0.000000  2.000000  
205.852262 0.017420  0.094066  -0.012705  0.998193  0.058753  0.012597  -0.019114  0.111704  0.993558  0.056967  -0.992003  0.112625  0.003082  -0.003305  0.002091  0.000000  0.000000  0.000000  2.000000  
205.853263 0.017422  0.094063  -0.012703  0.998185  0.058884  0.012590  -0.019114  0.111581  0.993572  0.057101  -0.992009  0.112504  0.003002  -0.003251  0.002016  0.000000  0.000000  0.000000  2.000000  
205.854515 0.017425  0.094060  -0.012699  0.998185  0.058884  0.012590  -0.019114  0.111581  0.993572  0.057101  -0.992009  0.112504  0.002910  -0.003160  0.001988  0.000000  0.000000  0.000000  2.000000  
205.855758 0.017428  0.094057  -0.012696  0.998178  0.059015  0.012582  -0.019113  0.111458  0.993585  0.057235  -0.992015  0.112383  0.002796  -0.003103  0.002001  0.000000  0.000000  0.000000  2.000000  
205.856762 0.017430  0.094054  -0.012694  0.998170  0.059148  0.012567  -0.019113  0.111455  0.993586  0.057368  -0.992008  0.112382  0.002738  -0.003010  0.002048  0.000000  0.000000  0.000000  2.000000  
205.858010 0.017432  0.094051  -0.012692  0.998170  0.059147  0.012574  -0.019113  0.111335  0.993599  0.057368  -0.992021  0.112261  0.002585  -0.002921  0.002070  0.000000  0.000000  0.000000  2.000000  
205.859262 0.017435  0.094049  -0.012688  0.998162  0.059279  0.012559  -0.019113  0.111332  0.993599  0.057502  -0.992014  0.112261  0.002531  -0.002811  0.002169  0.000000  0.000000  0.000000  2.000000  
205.860523 0.017437  0.094046  -0.012686  0.998151  0.059433  0.012755  -0.019319  0.111197  0.993611  0.057635  -0.992020  0.112139  0.002394  -0.002770  0.002208  0.000000  0.000000  0.000000  2.000000  
205.861756 0.017439  0.094043  -0.012683  0.998143  0.059565  0.012748  -0.019318  0.111074  0.993624  0.057769  -0.992026  0.112018  0.002270  -0.002648  0.002254  0.000000  0.000000  0.000000  2.000000  
205.862756 0.017442  0.094041  -0.012681  0.998143  0.059565  0.012748  -0.019318  0.111074  0.993624  0.057769  -0.992026  0.112018  0.002264  -0.002574  0.002240  0.000000  0.000000  0.000000  2.000000  
205.864004 0.017443  0.094038  -0.012679  0.998135  0.059696  0.012740  -0.019318  0.110951  0.993638  0.057902  -0.992031  0.111897  0.002132  -0.002513  0.002230  0.000000  0.000000  0.000000  2.000000  
205.865008 0.017445  0.094036  -0.012677  0.998135  0.059696  0.012740  -0.019318  0.110951  0.993638  0.057902  -0.992031  0.111897  0.002099  -0.002430  0.002200  0.000000  0.000000  0.000000  2.000000  
205.866256 0.017447  0.094034  -0.012675  0.998128  0.059827  0.012732  -0.019318  0.110828  0.993652  0.058036  -0.992037  0.111776  0.002010  -0.002343  0.002174  0.000000  0.000000  0.000000  2.000000  
205.867258 0.017449  0.094032  -0.012673  0.998128  0.059827  0.012732  -0.019318  0.110828  0.993652  0.058036  -0.992037  0.111776  0.001957  -0.002292  0.002079  0.000000  0.000000  0.000000  2.000000  
205.868508 0.017451  0.094030  -0.012671  0.998116  0.059982  0.012922  -0.019523  0.110813  0.993650  0.058170  -0.992030  0.111775  0.001914  -0.002207  0.002091  0.000000  0.000000  0.000000  2.000000  
205.869510 0.017453  0.094028  -0.012668  0.998108  0.060114  0.012914  -0.019523  0.110689  0.993663  0.058303  -0.992035  0.111654  0.001865  -0.002115  0.002095  0.000000  0.000000  0.000000  2.000000  
205.870523 0.017455  0.094027  -0.012665  0.998108  0.060114  0.012914  -0.019523  0.110689  0.993663  0.058303  -0.992035  0.111654  0.001880  -0.002003  0.002109  0.000000  0.000000  0.000000  2.000000  
205.871759 0.017458  0.094025  -0.012662  0.998100  0.060245  0.012907  -0.019523  0.110566  0.993677  0.058437  -0.992041  0.111532  0.001858  -0.001934  0.002179  0.000000  0.000000  0.000000  2.000000  
205.873008 0.017460  0.094024  -0.012658  0.998092  0.060377  0.012892  -0.019523  0.110564  0.993677  0.058570  -0.992033  0.111532  0.001886  -0.001813  0.002244  0.000000  0.000000  0.000000  2.000000  
205.874009 0.017462  0.094023  -0.012655  0.998092  0.060377  0.012892  -0.019523  0.110564  0.993677  0.058570  -0.992033  0.111532  0.001851  -0.001753  0.002262  0.000000  0.000000  0.000000  2.000000  
205.875259 0.017465  0.094022  -0.012652  0.998080  0.060531  0.013089  -0.019728  0.110428  0.993688  0.058704  -0.992039  0.111410  0.001870  -0.001639  0.002283  0.000000  0.000000  0.000000  2.000000  
205.876510 0.017468  0.094021  -0.012649  0.998073  0.060664  0.013074  -0.019728  0.110426  0.993689  0.058837  -0.992031  0.111410  0.001900  -0.001550  0.002290  0.000000  0.000000  0.000000  2.000000  
205.877758 0.017470  0.094019  -0.012646  0.998073  0.060662  0.013081  -0.019728  0.110305  0.993702  0.058837  -0.992045  0.111289  0.001917  -0.001456  0.002361  0.000000  0.000000  0.000000  2.000000  
205.879006 0.017473  0.094018  -0.012643  0.998065  0.060795  0.013066  -0.019728  0.110302  0.993702  0.058971  -0.992037  0.111288  0.001958  -0.001338  0.002387  0.000000  0.000000  0.000000  2.000000  
205.880254 0.017476  0.094017  -0.012640  0.998053  0.060950  0.013256  -0.019933  0.110287  0.993700  0.059105  -0.992029  0.111287  0.002018  -0.001250  0.002467  0.000000  0.000000  0.000000  2.000000  
205.881259 0.017478  0.094017  -0.012638  0.998053  0.060949  0.013263  -0.019933  0.110167  0.993713  0.059105  -0.992043  0.111167  0.002095  -0.001129  0.002485  0.000000  0.000000  0.000000  2.000000  
205.882259 0.017480  0.094017  -0.012636  0.998045  0.061082  0.013248  -0.019933  0.110164  0.993714  0.059238  -0.992035  0.111166  0.002079  -0.001007  0.002515  0.000000  0.000000  0.000000  2.000000  
205.883508 0.017483  0.094016  -0.012633  0.998037  0.061214  0.013234  -0.019933  0.110161  0.993714  0.059372  -0.992027  0.111165  0.002120  -0.000935  0.002481  0.000000  0.000000  0.000000  2.000000  
205.884509 0.017486  0.094016  -0.012631  0.998033  0.061237  0.013438  -0.020138  0.110149  0.993711  0.059372  -0.992027  0.111165  0.002196  -0.000856  0.002439  0.000000  0.000000  0.000000  2.000000  
205.885777 0.017489  0.094016  -0.012629  0.998025  0.061368  0.013431  -0.020138  0.110026  0.993725  0.059505  -0.992032  0.111044  0.002241  -0.000732  0.002378  0.000000  0.000000  0.000000  2.000000  
205.887020 0.017492  0.094016  -0.012626  0.998017  0.061501  0.013416  -0.020138  0.110023  0.993725  0.059639  -0.992025  0.111043  0.002264  -0.000625  0.002290  0.000000  0.000000  0.000000  2.000000  
205.888259 0.017496  0.094016  -0.012623  0.998005  0.061656  0.013606  -0.020343  0.110008  0.993723  0.059772  -0.992017  0.111042  0.002347  -0.000533  0.002245  0.000000  0.000000  0.000000  2.000000  
205.889511 0.017499  0.094016  -0.012620  0.997997  0.061789  0.013591  -0.020343  0.110005  0.993723  0.059906  -0.992009  0.111041  0.002357  -0.000447  0.002249  0.000000  0.000000  0.000000  2.000000  
205.890524 0.017501  0.094016  -0.012618  0.997997  0.061787  0.013598  -0.020343  0.109884  0.993736  0.059906  -0.992022  0.110921  0.002415  -0.000346  0.002195  0.000000  0.000000  0.000000  2.000000  
205.891758 0.017505  0.094016  -0.012615  0.997984  0.061942  0.013788  -0.020549  0.109869  0.993734  0.060039  -0.992014  0.110920  0.002472  -0.000227  0.002181  0.000000  0.000000  0.000000  2.000000  
205.892758 0.017508  0.094016  -0.012613  0.997976  0.062075  0.013773  -0.020548  0.109866  0.993734  0.060173  -0.992006  0.110919  0.002504  -0.000178  0.002156  0.000000  0.000000  0.000000  2.000000  
205.894008 0.017511  0.094017  -0.012611  0.997968  0.062208  0.013758  -0.020548  0.109863  0.993734  0.060307  -0.991998  0.110918  0.002512  -0.000090  0.002158  0.000000  0.000000  0.000000  2.000000  
205.895254 0.017514  0.094017  -0.012608  0.997956  0.062363  0.013948  -0.020753  0.109848  0.993732  0.060440  -0.991990  0.110918  0.002534  -0.000004  0.002119  0.000000  0.000000  0.000000  2.000000  
205.896254 0.017517  0.094018  -0.012606  0.997956  0.062363  0.013948  -0.020753  0.109848  0.993732  0.060440  -0.991990  0.110918  0.002544  0.000082  0.002122  0.000000  0.000000  0.000000  2.000000  
205.897257 0.017519  0.094019  -0.012604  0.997948  0.062496  0.013933  -0.020753  0.109845  0.993732  0.060574  -0.991982  0.110917  0.002576  0.000136  0.002095  0.000000  0.000000  0.000000  2.000000  
205.898507 0.017522  0.094020  -0.012603  0.997936  0.062651  0.014123  -0.020959  0.109829  0.993729  0.060707  -0.991974  0.110916  0.002586  0.000246  0.002048  0.000000  0.000000  0.000000  2.000000  
205.899508 0.017524  0.094020  -0.012602  0.997936  0.062651  0.014123  -0.020959  0.109829  0.993729  0.060707  -0.991974  0.110916  0.002564  0.000327  0.001976  0.000000  0.000000  0.000000  2.000000  
205.900519 0.017527  0.094021  -0.012600  0.997927  0.062784  0.014108  -0.020958  0.109827  0.993730  0.060841  -0.991966  0.110915  0.002555  0.000384  0.001915  0.000000  0.000000  0.000000  2.000000  
205.901754 0.017530  0.094023  -0.012599  0.997923  0.062807  0.014313  -0.021164  0.109814  0.993727  0.060841  -0.991966  0.110915  0.002534  0.000460  0.001846  0.000000  0.000000  0.000000  2.000000  
205.902756 0.017532  0.094024  -0.012597  0.997915  0.062939  0.014298  -0.021164  0.109811  0.993727  0.060974  -0.991958  0.110914  0.002499  0.000545  0.001814  0.000000  0.000000  0.000000  2.000000  
205.903762 0.017534  0.094025  -0.012596  0.997907  0.063072  0.014283  -0.021164  0.109808  0.993727  0.061108  -0.991950  0.110913  0.002476  0.000601  0.001793  0.000000  0.000000  0.000000  2.000000  
205.905010 0.017536  0.094026  -0.012594  0.997902  0.063095  0.014488  -0.021369  0.109795  0.993725  0.061108  -0.991950  0.110913  0.002420  0.000661  0.001692  0.000000  0.000000  0.000000  2.000000  
205.906011 0.017538  0.094027  -0.012592  0.997894  0.063227  0.014473  -0.021369  0.109792  0.993725  0.061241  -0.991942  0.110912  0.002389  0.000737  0.001667  0.000000  0.000000  0.000000  2.000000  
205.907273 0.017541  0.094028  -0.012591  0.997894  0.063227  0.014473  -0.021369  0.109792  0.993725  0.061241  -0.991942  0.110912  0.002286  0.000772  0.001579  0.000000  0.000000  0.000000  2.000000  
205.908510 0.017543  0.094030  -0.012589  0.997886  0.063360  0.014458  -0.021369  0.109789  0.993725  0.061375  -0.991933  0.110911  0.002247  0.000874  0.001546  0.000000  0.000000  0.000000  2.000000  
205.909511 0.017545  0.094031  -0.012587  0.997878  0.063493  0.014443  -0.021368  0.109787  0.993725  0.061509  -0.991925  0.110910  0.002194  0.000901  0.001502  0.000000  0.000000  0.000000  2.000000  
205.910523 0.017546  0.094032  -0.012586  0.997873  0.063515  0.014648  -0.021574  0.109773  0.993722  0.061509  -0.991925  0.110910  0.002087  0.000939  0.001412  0.000000  0.000000  0.000000  2.000000  
205.911756 0.017548  0.094033  -0.012584  0.997865  0.063648  0.014633  -0.021574  0.109771  0.993723  0.061642  -0.991917  0.110909  0.002031  0.000957  0.001419  0.000000  0.000000  0.000000  2.000000  
205.912756 0.017550  0.094034  -0.012583  0.997865  0.063648  0.014633  -0.021574  0.109771  0.993723  0.061642  -0.991917  0.110909  0.001969  0.000990  0.001417  0.000000  0.000000  0.000000  2.000000  
205.913757 0.017552  0.094035  -0.012581  0.997857  0.063781  0.014618  -0.021573  0.109768  0.993723  0.061776  -0.991909  0.110908  0.001930  0.001035  0.001432  0.000000  0.000000  0.000000  2.000000  
205.915010 0.017553  0.094037  -0.012580  0.997857  0.063781  0.014618  -0.021573  0.109768  0.993723  0.061776  -0.991909  0.110908  0.001807  0.001069  0.001432  0.000000  0.000000  0.000000  2.000000  
205.916259 0.017555  0.094038  -0.012578  0.997849  0.063913  0.014603  -0.021573  0.109765  0.993723  0.061909  -0.991901  0.110908  0.001740  0.001100  0.001428  0.000000  0.000000  0.000000  2.000000  
205.917509 0.017556  0.094040  -0.012577  0.997844  0.063936  0.014808  -0.021779  0.109752  0.993720  0.061909  -0.991901  0.110908  0.001657  0.001085  0.001410  0.000000  0.000000  0.000000  2.000000  
205.918762 0.017557  0.094041  -0.012575  0.997844  0.063936  0.014808  -0.021779  0.109752  0.993720  0.061909  -0.991901  0.110908  0.001542  0.001102  0.001370  0.000000  0.000000  0.000000  2.000000  
205.919781 0.017558  0.094042  -0.012574  0.997836  0.064069  0.014793  -0.021779  0.109749  0.993721  0.062043  -0.991892  0.110907  0.001486  0.001128  0.001323  0.000000  0.000000  0.000000  2.000000  
205.921030 0.017560  0.094044  -0.012573  0.997836  0.064069  0.014793  -0.021779  0.109749  0.993721  0.062043  -0.991892  0.110907  0.001398  0.001100  0.001305  0.000000  0.000000  0.000000  2.000000  
205.922258 0.017560  0.094045  -0.012571  0.997836  0.064069  0.014793  -0.021779  0.109749  0.993721  0.062043  -0.991892  0.110907  0.001312  0.001115  0.001282  0.000000  0.000000  0.000000  2.000000  
205.923259 0.017561  0.094046  -0.012570  0.997828  0.064201  0.014778  -0.021778  0.109746  0.993721  0.062176  -0.991884  0.110906  0.001213  0.001075  0.001260  0.000000  0.000000  0.000000  2.000000  
205.924510 0.017562  0.094047  -0.012568  0.997828  0.064201  0.014778  -0.021778  0.109746  0.993721  0.062176  -0.991884  0.110906  0.001146  0.001121  0.001297  0.000000  0.000000  0.000000  2.000000  
205.925759 0.017563  0.094049  -0.012566  0.997823  0.064224  0.014983  -0.021984  0.109733  0.993718  0.062176  -0.991884  0.110906  0.001066  0.001141  0.001290  0.000000  0.000000  0.000000  2.000000  
205.927009 0.017564  0.094051  -0.012564  0.997823  0.064224  0.014983  -0.021984  0.109733  0.993718  0.062176  -0.991884  0.110906  0.001018  0.001188  0.001293  0.000000  0.000000  0.000000  2.000000  
205.928012 0.017565  0.094052  -0.012562  0.997815  0.064356  0.014968  -0.021984  0.109730  0.993718  0.062310  -0.991876  0.110905  0.000942  0.001150  0.001341  0.000000  0.000000  0.000000  2.000000  
205.929257 0.017565  0.094054  -0.012560  0.997815  0.064356  0.014968  -0.021984  0.109730  0.993718  0.062310  -0.991876  0.110905  0.000875  0.001182  0.001336  0.000000  0.000000  0.000000  2.000000  
205.930257 0.017566  0.094055  -0.012558  0.997815  0.064356  0.014968  -0.021984  0.109730  0.993718  0.062310  -0.991876  0.110905  0.000819  0.001160  0.001393  0.000000  0.000000  0.000000  2.000000  
205.931528 0.017567  0.094056  -0.012556  0.997815  0.064356  0.014968  -0.021984  0.109730  0.993718  0.062310  -0.991876  0.110905  0.000773  0.001132  0.001407  0.000000  0.000000  0.000000  2.000000  
205.932754 0.017567  0.094057  -0.012555  0.997815  0.064356  0.014968  -0.021984  0.109730  0.993718  0.062310  -0.991876  0.110905  0.000726  0.001152  0.001454  0.000000  0.000000  0.000000  2.000000  
205.933756 0.017568  0.094058  -0.012553  0.997815  0.064356  0.014968  -0.021984  0.109730  0.993718  0.062310  -0.991876  0.110905  0.000682  0.001126  0.001471  0.000000  0.000000  0.000000  2.000000  
205.934756 0.017568  0.094059  -0.012552  0.997802  0.064512  0.015158  -0.022189  0.109714  0.993716  0.062443  -0.991868  0.110904  0.000616  0.001134  0.001518  0.000000  0.000000  0.000000  2.000000  
205.935777 0.017568  0.094060  -0.012550  0.997802  0.064512  0.015158  -0.022189  0.109714  0.993716  0.062443  -0.991868  0.110904  0.000581  0.001126  0.001557  0.000000  0.000000  0.000000  2.000000  
205.937012 0.017568  0.094062  -0.012548  0.997802  0.064510  0.015165  -0.022189  0.109593  0.993729  0.062443  -0.991881  0.110784  0.000557  0.001158  0.001586  0.000000  0.000000  0.000000  2.000000  
205.938258 0.017569  0.094063  -0.012546  0.997802  0.064510  0.015165  -0.022189  0.109593  0.993729  0.062443  -0.991881  0.110784  0.000524  0.001172  0.001589  0.000000  0.000000  0.000000  2.000000  
