1-Time 2-Px 3-Py 4-Pz 5-R11 6-R21 7-R31 8-R12 9-R22 10-R32 11-R13 12-R23 13-R33 14-Vx 15-Vy 16-Vz 17-Wx 18-Wy 19-Wz 20-state 21-PR11 22-PR21 23-PR31 24-PR12 25-PR22 26-PR32 27-PR13 28-PR23 29-PR33 
69.499330 0.008138  0.093328  -0.015929  0.993774  0.002895  -0.111380  -0.003683  0.999970  -0.006865  0.111357  0.007232  0.993754  0.000013  0.000020  -0.000086  0.000000  0.000000  0.000000  2.000000  
69.500584 0.008138  0.093328  -0.015929  0.993774  0.002895  -0.111380  -0.003683  0.999970  -0.006865  0.111357  0.007232  0.993754  0.000045  -0.000011  -0.000153  0.000000  0.000000  0.000000  2.000000  
69.501587 0.008139  0.093327  -0.015930  0.993744  0.002893  -0.111646  -0.003683  0.999970  -0.006864  0.111623  0.007232  0.993724  0.000118  -0.000039  -0.000191  0.000000  0.000000  0.000000  2.000000  
69.502837 0.008142  0.093326  -0.015930  0.993685  0.002683  -0.112176  -0.003478  0.999970  -0.006885  0.112154  0.007232  0.993664  0.000273  -0.000143  -0.000212  0.000000  0.000000  0.000000  2.000000  
69.504086 0.008143  0.093324  -0.015930  0.993640  0.002475  -0.112574  -0.003273  0.999971  -0.006907  0.112553  0.007232  0.993619  0.000386  -0.000271  -0.000214  0.000000  0.000000  0.000000  2.000000  
69.505336 0.008146  0.093322  -0.015931  0.993580  0.002485  -0.113105  -0.003273  0.999972  -0.006784  0.113085  0.007111  0.993560  0.000552  -0.000396  -0.000259  0.000000  0.000000  0.000000  2.000000  
69.506349 0.008149  0.093321  -0.015931  0.993565  0.002484  -0.113238  -0.003273  0.999972  -0.006784  0.113218  0.007110  0.993545  0.000747  -0.000479  -0.000262  0.000000  0.000000  0.000000  2.000000  
69.507583 0.008152  0.093318  -0.015931  0.993534  0.002688  -0.113505  -0.003477  0.999971  -0.006759  0.113484  0.007110  0.993514  0.000973  -0.000656  -0.000226  0.000000  0.000000  0.000000  2.000000  
69.508836 0.008155  0.093315  -0.015932  0.993488  0.002671  -0.113904  -0.003477  0.999970  -0.006879  0.113883  0.007230  0.993468  0.001168  -0.000837  -0.000258  0.000000  0.000000  0.000000  2.000000  
69.510083 0.008157  0.093313  -0.015933  0.993442  0.002668  -0.114303  -0.003477  0.999970  -0.006878  0.114281  0.007230  0.993422  0.001313  -0.000997  -0.000328  0.000000  0.000000  0.000000  2.000000  
69.511333 0.008159  0.093312  -0.015936  0.993381  0.002650  -0.114835  -0.003477  0.999969  -0.006997  0.114813  0.007350  0.993360  0.001388  -0.001071  -0.000522  0.000000  0.000000  0.000000  2.000000  
69.512334 0.008160  0.093311  -0.015939  0.993319  0.002646  -0.115367  -0.003476  0.999969  -0.006995  0.115345  0.007350  0.993298  0.001474  -0.001149  -0.000666  0.000000  0.000000  0.000000  2.000000  
69.513581 0.008161  0.093310  -0.015943  0.993243  0.002435  -0.116030  -0.003272  0.999970  -0.007017  0.116009  0.007349  0.993221  0.001532  -0.001221  -0.000946  0.000000  0.000000  0.000000  2.000000  
69.514831 0.008162  0.093309  -0.015948  0.993181  0.002432  -0.116561  -0.003271  0.999970  -0.007015  0.116541  0.007349  0.993159  0.001615  -0.001272  -0.001214  -0.007230  0.175154  -0.028780  2.000000  
69.515831 0.008164  0.093308  -0.015951  0.993133  0.002634  -0.116961  -0.003476  0.999970  -0.006990  0.116939  0.007348  0.993112  0.001721  -0.001286  -0.001412  -0.006446  0.188720  -0.022008  2.000000  
69.517078 0.008167  0.093307  -0.015954  0.993086  0.002632  -0.117360  -0.003476  0.999970  -0.006988  0.117338  0.007348  0.993065  0.001777  -0.001299  -0.001600  -0.006452  0.202245  -0.022111  2.000000  
69.518108 0.008169  0.093306  -0.015954  0.993039  0.002643  -0.117758  -0.003475  0.999970  -0.006866  0.117737  0.007227  0.993019  0.001826  -0.001267  -0.001614  -0.001583  0.215515  -0.015302  2.000000  
69.519338 0.008171  0.093304  -0.015954  0.992976  0.002639  -0.118290  -0.003475  0.999970  -0.006864  0.118268  0.007227  0.992955  0.001848  -0.001270  -0.001551  -0.001589  0.233687  -0.015445  2.000000  
69.520584 0.008174  0.093302  -0.015953  0.992912  0.002635  -0.118821  -0.003475  0.999970  -0.006862  0.118800  0.007226  0.992892  0.001794  -0.001314  -0.001449  -0.001592  0.251709  -0.015578  2.000000  
69.521585 0.008175  0.093299  -0.015952  0.992848  0.002631  -0.119353  -0.003475  0.999970  -0.006860  0.119331  0.007226  0.992828  0.001739  -0.001358  -0.001347  -0.001596  0.269732  -0.015711  2.000000  
69.522586 0.008177  0.093297  -0.015950  0.992784  0.002613  -0.119884  -0.003475  0.999970  -0.006980  0.119862  0.007346  0.992763  0.001640  -0.001397  -0.001228  -0.005676  0.287681  -0.015857  2.000000  
69.523837 0.008178  0.093293  -0.015948  0.992720  0.002609  -0.120416  -0.003474  0.999970  -0.006978  0.120394  0.007345  0.992699  0.001541  -0.001489  -0.001059  -0.005679  0.305586  -0.015984  2.000000  
69.525083 0.008180  0.093290  -0.015945  0.992672  0.002606  -0.120814  -0.003474  0.999970  -0.006976  0.120792  0.007345  0.992651  0.001545  -0.001546  -0.000773  -0.004880  0.319205  -0.009215  2.000000  
69.526348 0.008183  0.093287  -0.015943  0.992623  0.002588  -0.121213  -0.003474  0.999969  -0.007096  0.121191  0.007465  0.992601  0.001606  -0.001648  -0.000438  -0.008952  0.332491  -0.009328  2.000000  
69.527584 0.008186  0.093284  -0.015941  0.992591  0.002586  -0.121478  -0.003474  0.999969  -0.007095  0.121456  0.007465  0.992569  0.001726  -0.001802  -0.000085  -0.008957  0.341638  -0.009399  2.000000  
69.528836 0.008188  0.093282  -0.015939  0.992559  0.002364  -0.121743  -0.003269  0.999968  -0.007241  0.121722  0.007585  0.992535  0.001834  -0.001869  0.000442  -0.013841  0.350589  -0.016358  2.000000  
69.530082 0.008192  0.093280  -0.015937  0.992526  0.002362  -0.122008  -0.003269  0.999968  -0.007240  0.121987  0.007585  0.992503  0.001950  -0.001916  0.000856  -0.013845  0.359645  -0.016427  2.000000  
69.531084 0.008194  0.093280  -0.015934  0.992510  0.002361  -0.122141  -0.003269  0.999968  -0.007239  0.122120  0.007584  0.992486  0.001963  -0.001941  0.001241  -0.013847  0.355125  -0.016393  2.000000  
69.532329 0.008198  0.093279  -0.015930  0.992478  0.002153  -0.122405  -0.003065  0.999969  -0.007264  0.122386  0.007584  0.992454  0.002014  -0.001880  0.001600  -0.013737  0.352230  -0.016258  2.000000  
69.533333 0.008200  0.093278  -0.015927  0.992446  0.001945  -0.122669  -0.002860  0.999969  -0.007288  0.122651  0.007584  0.992421  0.002022  -0.001870  0.001838  -0.013745  0.347841  -0.016228  2.000000  
69.534584 0.008202  0.093277  -0.015923  0.992429  0.001944  -0.122802  -0.002860  0.999969  -0.007288  0.122784  0.007584  0.992404  0.002025  -0.001846  0.002064  -0.013862  0.337206  -0.016260  2.000000  
69.535831 0.008205  0.093275  -0.015919  0.992430  0.001738  -0.122801  -0.002656  0.999970  -0.007313  0.122784  0.007584  0.992404  0.002069  -0.001788  0.002287  -0.018604  0.325472  -0.022856  2.000000  
69.536835 0.008207  0.093272  -0.015916  0.992413  0.001737  -0.122933  -0.002656  0.999970  -0.007313  0.122917  0.007584  0.992388  0.002106  -0.001807  0.002361  -0.019579  0.319082  -0.029846  2.000000  
69.537836 0.008209  0.093269  -0.015912  0.992430  0.001738  -0.122801  -0.002656  0.999970  -0.007313  0.122784  0.007584  0.992404  0.002151  -0.001818  0.002476  -0.019579  0.310089  -0.029779  2.000000  
69.538836 0.008211  0.093266  -0.015909  0.992430  0.001532  -0.122799  -0.002452  0.999970  -0.007338  0.122784  0.007584  0.992404  0.002219  -0.001809  0.002569  -0.016190  0.298559  -0.036299  2.000000  
69.540084 0.008214  0.093262  -0.015903  0.992430  0.001517  -0.122799  -0.002452  0.999969  -0.007460  0.122784  0.007704  0.992403  0.002283  -0.001799  0.002816  -0.020416  0.283124  -0.036493  2.000000  
69.541337 0.008218  0.093260  -0.015896  0.992414  0.001310  -0.122930  -0.002247  0.999969  -0.007485  0.122917  0.007704  0.992387  0.002362  -0.001794  0.003132  -0.017166  0.269469  -0.043261  2.000000  
69.542342 0.008221  0.093258  -0.015890  0.992414  0.001310  -0.122930  -0.002247  0.999969  -0.007485  0.122917  0.007704  0.992387  0.002405  -0.001754  0.003414  -0.017188  0.251637  -0.043150  2.000000  
69.543583 0.008226  0.093257  -0.015883  0.992398  0.001088  -0.123062  -0.002043  0.999969  -0.007631  0.123050  0.007824  0.992370  0.002546  -0.001705  0.003747  -0.021274  0.233542  -0.043008  2.000000  
69.544830 0.008231  0.093256  -0.015876  0.992398  0.001088  -0.123062  -0.002043  0.999969  -0.007631  0.123050  0.007824  0.992370  0.002680  -0.001647  0.004085  -0.021106  0.218220  -0.042547  2.000000  
69.545830 0.008235  0.093255  -0.015872  0.992415  0.001090  -0.122929  -0.002043  0.999969  -0.007631  0.122917  0.007824  0.992386  0.002756  -0.001670  0.004223  -0.021934  0.200330  -0.049223  2.000000  
69.546831 0.008238  0.093254  -0.015868  0.992415  0.001075  -0.122929  -0.002043  0.999968  -0.007752  0.122917  0.007945  0.992385  0.002798  -0.001684  0.004266  -0.026203  0.188501  -0.049539  2.000000  
69.548084 0.008242  0.093252  -0.015865  0.992431  0.001076  -0.122796  -0.002043  0.999968  -0.007753  0.122784  0.007945  0.992402  0.002856  -0.001796  0.004259  -0.030061  0.169249  -0.049022  2.000000  
69.549084 0.008245  0.093249  -0.015863  0.992448  0.000871  -0.122662  -0.001839  0.999968  -0.007778  0.122651  0.007945  0.992418  0.002878  -0.001881  0.004140  0.000000  0.000000  0.000000  2.000000  
69.550084 0.008247  0.093247  -0.015861  0.992448  0.000871  -0.122662  -0.001839  0.999968  -0.007778  0.122651  0.007945  0.992418  0.002890  -0.001942  0.004014  0.000000  0.000000  0.000000  2.000000  
69.551334 0.008250  0.093245  -0.015860  0.992448  0.000871  -0.122662  -0.001839  0.999968  -0.007778  0.122651  0.007945  0.992418  0.002909  -0.001894  0.003859  0.000000  0.000000  0.000000  2.000000  
69.552335 0.008252  0.093243  -0.015858  0.992448  0.000871  -0.122662  -0.001839  0.999968  -0.007778  0.122651  0.007945  0.992418  0.002911  -0.001849  0.003764  0.000000  0.000000  0.000000  2.000000  
69.553341 0.008254  0.093241  -0.015855  0.992448  0.000871  -0.122662  -0.001839  0.999968  -0.007778  0.122651  0.007945  0.992418  0.002935  -0.001753  0.003682  0.000000  0.000000  0.000000  2.000000  
69.554349 0.008256  0.093239  -0.015853  0.992448  0.000871  -0.122662  -0.001839  0.999968  -0.007778  0.122651  0.007945  0.992418  0.002893  -0.001693  0.003530  0.000000  0.000000  0.000000  2.000000  
69.555583 0.008259  0.093236  -0.015851  0.992448  0.000871  -0.122662  -0.001839  0.999968  -0.007778  0.122651  0.007945  0.992418  0.002881  -0.001636  0.003285  0.000000  0.000000  0.000000  2.000000  
69.556585 0.008261  0.093234  -0.015849  0.992448  0.000871  -0.122662  -0.001839  0.999968  -0.007778  0.122651  0.007945  0.992418  0.002814  -0.001657  0.003005  0.000000  0.000000  0.000000  2.000000  
69.557589 0.008264  0.093232  -0.015849  0.992448  0.000871  -0.122662  -0.001839  0.999968  -0.007778  0.122651  0.007945  0.992418  0.002747  -0.001735  0.002635  0.000000  0.000000  0.000000  2.000000  
69.558837 0.008267  0.093230  -0.015848  0.992448  0.000871  -0.122662  -0.001839  0.999968  -0.007778  0.122651  0.007945  0.992418  0.002631  -0.001792  0.002229  0.000000  0.000000  0.000000  2.000000  
69.560083 0.008269  0.093227  -0.015848  0.992432  0.000870  -0.122795  -0.001839  0.999968  -0.007778  0.122784  0.007945  0.992402  0.002491  -0.001889  0.001856  0.000000  0.000000  0.000000  2.000000  
69.561084 0.008272  0.093225  -0.015848  0.992432  0.000870  -0.122795  -0.001839  0.999968  -0.007778  0.122784  0.007945  0.992402  0.002388  -0.001926  0.001502  0.000000  0.000000  0.000000  2.000000  
69.562343 0.008274  0.093223  -0.015847  0.992415  0.000869  -0.122928  -0.001839  0.999968  -0.007778  0.122917  0.007945  0.992385  0.002263  -0.001966  0.001276  0.000000  0.000000  0.000000  2.000000  
69.563579 0.008275  0.093221  -0.015848  0.992415  0.000869  -0.122928  -0.001839  0.999968  -0.007778  0.122917  0.007945  0.992385  0.002139  -0.001950  0.001055  0.000000  0.000000  0.000000  2.000000  
69.564584 0.008276  0.093219  -0.015848  0.992399  0.000868  -0.123060  -0.001839  0.999968  -0.007778  0.123050  0.007945  0.992369  0.002022  -0.001995  0.000916  0.000000  0.000000  0.000000  2.000000  
69.565584 0.008277  0.093216  -0.015848  0.992399  0.000853  -0.123060  -0.001839  0.999967  -0.007899  0.123050  0.008065  0.992368  0.001899  -0.002002  0.000828  0.000000  0.000000  0.000000  2.000000  
69.566831 0.008277  0.093214  -0.015848  0.992399  0.000853  -0.123060  -0.001839  0.999967  -0.007899  0.123050  0.008065  0.992368  0.001767  -0.002004  0.000698  0.000000  0.000000  0.000000  2.000000  
69.568088 0.008277  0.093211  -0.015849  0.992399  0.000868  -0.123060  -0.001839  0.999968  -0.007778  0.123050  0.007945  0.992369  0.001573  -0.002058  0.000456  0.000000  0.000000  0.000000  2.000000  
69.569340 0.008278  0.093208  -0.015849  0.992399  0.000868  -0.123060  -0.001839  0.999968  -0.007778  0.123050  0.007945  0.992369  0.001459  -0.002040  0.000248  0.000000  0.000000  0.000000  2.000000  
69.570345 0.008279  0.093207  -0.015851  0.992383  0.000661  -0.123192  -0.001634  0.999968  -0.007803  0.123182  0.007945  0.992352  0.001322  -0.002013  -0.000008  0.000000  0.000000  0.000000  2.000000  
69.571373 0.008278  0.093205  -0.015853  0.992383  0.000661  -0.123192  -0.001634  0.999968  -0.007803  0.123182  0.007945  0.992352  0.001170  -0.001977  -0.000259  0.000000  0.000000  0.000000  2.000000  
69.572583 0.008278  0.093203  -0.015855  0.992383  0.000676  -0.123191  -0.001634  0.999969  -0.007681  0.123182  0.007824  0.992353  0.000993  -0.001937  -0.000418  0.000000  0.000000  0.000000  2.000000  
69.573583 0.008279  0.093201  -0.015856  0.992366  0.000675  -0.123324  -0.001634  0.999969  -0.007681  0.123315  0.007824  0.992337  0.000853  -0.001894  -0.000523  0.000000  0.000000  0.000000  2.000000  
69.574835 0.008279  0.093200  -0.015856  0.992366  0.000675  -0.123324  -0.001634  0.999969  -0.007681  0.123315  0.007824  0.992337  0.000670  -0.001824  -0.000542  0.000000  0.000000  0.000000  2.000000  
69.575836 0.008279  0.093199  -0.015855  0.992366  0.000675  -0.123324  -0.001634  0.999969  -0.007681  0.123315  0.007824  0.992337  0.000535  -0.001770  -0.000504  0.000000  0.000000  0.000000  2.000000  
69.577084 0.008279  0.093198  -0.015855  0.992367  0.000469  -0.123323  -0.001430  0.999969  -0.007707  0.123315  0.007824  0.992337  0.000368  -0.001745  -0.000487  0.000000  0.000000  0.000000  2.000000  
69.578343 0.008280  0.093196  -0.015854  0.992367  0.000469  -0.123323  -0.001430  0.999969  -0.007707  0.123315  0.007824  0.992337  0.000304  -0.001658  -0.000398  0.000000  0.000000  0.000000  2.000000  
69.579584 0.008279  0.093195  -0.015853  0.992367  0.000469  -0.123323  -0.001430  0.999969  -0.007707  0.123315  0.007824  0.992337  0.000207  -0.001577  -0.000326  0.000000  0.000000  0.000000  2.000000  
69.580831 0.008279  0.093193  -0.015853  0.992367  0.000469  -0.123323  -0.001430  0.999969  -0.007707  0.123315  0.007824  0.992337  0.000167  -0.001500  -0.000314  0.000000  0.000000  0.000000  2.000000  
69.581833 0.008279  0.093192  -0.015852  0.992367  0.000263  -0.123321  -0.001226  0.999969  -0.007732  0.123315  0.007824  0.992337  0.000139  -0.001391  -0.000259  0.000000  0.000000  0.000000  2.000000  
69.583081 0.008279  0.093191  -0.015853  0.992367  0.000263  -0.123321  -0.001226  0.999969  -0.007732  0.123315  0.007824  0.992337  0.000077  -0.001321  -0.000301  0.000000  0.000000  0.000000  2.000000  
69.584334 0.008279  0.093190  -0.015853  0.992367  0.000263  -0.123321  -0.001226  0.999969  -0.007732  0.123315  0.007824  0.992337  0.000057  -0.001214  -0.000232  0.000000  0.000000  0.000000  2.000000  
69.585584 0.008279  0.093190  -0.015853  0.992367  0.000278  -0.123321  -0.001226  0.999970  -0.007611  0.123315  0.007704  0.992338  0.000055  -0.001100  -0.000059  0.000000  0.000000  0.000000  2.000000  
69.586590 0.008280  0.093190  -0.015852  0.992367  0.000072  -0.123319  -0.001021  0.999970  -0.007636  0.123315  0.007704  0.992338  0.000086  -0.000951  0.000090  0.000000  0.000000  0.000000  2.000000  
69.587837 0.008280  0.093190  -0.015851  0.992367  0.000072  -0.123319  -0.001021  0.999970  -0.007636  0.123315  0.007704  0.992338  0.000084  -0.000835  0.000266  0.000000  0.000000  0.000000  2.000000  
69.589083 0.008281  0.093190  -0.015850  0.992367  0.000087  -0.123319  -0.001021  0.999971  -0.007515  0.123315  0.007583  0.992339  0.000143  -0.000710  0.000389  0.000000  0.000000  0.000000  2.000000  
69.590083 0.008281  0.093190  -0.015850  0.992367  0.000087  -0.123319  -0.001021  0.999971  -0.007515  0.123315  0.007583  0.992339  0.000124  -0.000660  0.000371  0.000000  0.000000  0.000000  2.000000  
69.591084 0.008281  0.093191  -0.015849  0.992367  -0.000119  -0.123318  -0.000817  0.999971  -0.007540  0.123315  0.007583  0.992339  0.000115  -0.000556  0.000402  0.000000  0.000000  0.000000  2.000000  
69.592086 0.008281  0.093191  -0.015849  0.992367  -0.000119  -0.123318  -0.000817  0.999971  -0.007540  0.123315  0.007583  0.992339  0.000130  -0.000465  0.000364  0.000000  0.000000  0.000000  2.000000  
69.593336 0.008282  0.093191  -0.015849  0.992367  -0.000119  -0.123318  -0.000817  0.999971  -0.007540  0.123315  0.007583  0.992339  0.000141  -0.000359  0.000314  0.000000  0.000000  0.000000  2.000000  
69.594346 0.008282  0.093191  -0.015849  0.992367  -0.000119  -0.123318  -0.000817  0.999971  -0.007540  0.123315  0.007583  0.992339  0.000156  -0.000264  0.000274  0.000000  0.000000  0.000000  2.000000  
69.595581 0.008282  0.093191  -0.015849  0.992367  -0.000119  -0.123318  -0.000817  0.999971  -0.007540  0.123315  0.007583  0.992339  0.000196  -0.000156  0.000292  0.000000  0.000000  0.000000  2.000000  
69.596581 0.008283  0.093192  -0.015848  0.992367  -0.000119  -0.123318  -0.000817  0.999971  -0.007540  0.123315  0.007583  0.992339  0.000229  -0.000028  0.000306  0.000000  0.000000  0.000000  2.000000  
69.597581 0.008283  0.093193  -0.015848  0.992367  -0.000119  -0.123318  -0.000817  0.999971  -0.007540  0.123315  0.007583  0.992339  0.000272  0.000076  0.000329  0.000000  0.000000  0.000000  2.000000  
69.598831 0.008283  0.093194  -0.015847  0.992367  -0.000134  -0.123318  -0.000817  0.999970  -0.007661  0.123315  0.007704  0.992338  0.000276  0.000239  0.000415  0.000000  0.000000  0.000000  2.000000  
69.600083 0.008284  0.093195  -0.015846  0.992367  -0.000134  -0.123318  -0.000817  0.999970  -0.007661  0.123315  0.007704  0.992338  0.000308  0.000347  0.000476  0.000000  0.000000  0.000000  2.000000  
69.601334 0.008284  0.093196  -0.015846  0.992367  -0.000340  -0.123316  -0.000613  0.999970  -0.007687  0.123315  0.007704  0.992338  0.000284  0.000391  0.000451  0.000000  0.000000  0.000000  2.000000  
69.602582 0.008284  0.093197  -0.015846  0.992367  -0.000340  -0.123316  -0.000613  0.999970  -0.007687  0.123315  0.007704  0.992338  0.000266  0.000462  0.000386  0.000000  0.000000  0.000000  2.000000  
69.603585 0.008284  0.093197  -0.015846  0.992367  -0.000340  -0.123316  -0.000613  0.999970  -0.007687  0.123315  0.007704  0.992338  0.000229  0.000468  0.000363  0.000000  0.000000  0.000000  2.000000  
69.604838 0.008284  0.093197  -0.015847  0.992367  -0.000340  -0.123316  -0.000613  0.999970  -0.007687  0.123315  0.007704  0.992338  0.000171  0.000480  0.000180  0.000000  0.000000  0.000000  2.000000  
69.606087 0.008283  0.093197  -0.015848  0.992351  -0.000341  -0.123449  -0.000613  0.999970  -0.007687  0.123448  0.007704  0.992321  0.000121  0.000445  0.000053  0.000000  0.000000  0.000000  2.000000  
69.607336 0.008283  0.093198  -0.015850  0.992351  -0.000341  -0.123449  -0.000613  0.999970  -0.007687  0.123448  0.007704  0.992321  0.000082  0.000465  -0.000024  0.000000  0.000000  0.000000  2.000000  
69.608378 0.008283  0.093198  -0.015850  0.992351  -0.000341  -0.123449  -0.000613  0.999970  -0.007687  0.123448  0.007704  0.992321  0.000052  0.000458  -0.000092  0.000000  0.000000  0.000000  2.000000  
69.609583 0.008282  0.093198  -0.015851  0.992351  -0.000341  -0.123449  -0.000613  0.999970  -0.007687  0.123448  0.007704  0.992321  0.000011  0.000457  -0.000121  0.000000  0.000000  0.000000  2.000000  
69.610835 0.008282  0.093198  -0.015850  0.992351  -0.000356  -0.123449  -0.000613  0.999969  -0.007808  0.123448  0.007824  0.992320  -0.000031  0.000455  -0.000151  0.000000  0.000000  0.000000  2.000000  
69.611836 0.008282  0.093199  -0.015850  0.992351  -0.000356  -0.123449  -0.000613  0.999969  -0.007808  0.123448  0.007824  0.992320  -0.000021  0.000430  -0.000142  0.000000  0.000000  0.000000  2.000000  
69.613080 0.008282  0.093199  -0.015850  0.992351  -0.000356  -0.123449  -0.000613  0.999969  -0.007808  0.123448  0.007824  0.992320  -0.000072  0.000372  -0.000221  0.000000  0.000000  0.000000  2.000000  
69.614337 0.008282  0.093199  -0.015850  0.992351  -0.000562  -0.123447  -0.000409  0.999969  -0.007833  0.123448  0.007824  0.992320  -0.000082  0.000316  -0.000271  0.000000  0.000000  0.000000  2.000000  
69.615581 0.008282  0.093198  -0.015850  0.992351  -0.000562  -0.123447  -0.000409  0.999969  -0.007833  0.123448  0.007824  0.992320  -0.000081  0.000232  -0.000307  0.000000  0.000000  0.000000  2.000000  
69.616838 0.008282  0.093198  -0.015851  0.992351  -0.000577  -0.123447  -0.000409  0.999968  -0.007955  0.123448  0.007944  0.992319  -0.000103  0.000125  -0.000412  0.000000  0.000000  0.000000  2.000000  
69.618113 0.008282  0.093197  -0.015852  0.992351  -0.000577  -0.123447  -0.000409  0.999968  -0.007955  0.123448  0.007944  0.992319  -0.000157  0.000022  -0.000396  0.000000  0.000000  0.000000  2.000000  
69.619337 0.008281  0.093197  -0.015852  0.992351  -0.000577  -0.123447  -0.000409  0.999968  -0.007955  0.123448  0.007944  0.992319  -0.000166  -0.000055  -0.000392  0.000000  0.000000  0.000000  2.000000  
69.620583 0.008281  0.093196  -0.015852  0.992351  -0.000577  -0.123447  -0.000409  0.999968  -0.007955  0.123448  0.007944  0.992319  -0.000171  -0.000121  -0.000252  0.000000  0.000000  0.000000  2.000000  
69.621584 0.008281  0.093195  -0.015852  0.992351  -0.000577  -0.123447  -0.000409  0.999968  -0.007955  0.123448  0.007944  0.992319  -0.000172  -0.000143  -0.000205  0.000000  0.000000  0.000000  2.000000  
69.622839 0.008280  0.093195  -0.015852  0.992351  -0.000577  -0.123447  -0.000409  0.999968  -0.007955  0.123448  0.007944  0.992319  -0.000168  -0.000215  -0.000105  0.000000  0.000000  0.000000  2.000000  
69.624084 0.008280  0.093194  -0.015852  0.992351  -0.000577  -0.123447  -0.000409  0.999968  -0.007955  0.123448  0.007944  0.992319  -0.000125  -0.000210  -0.000074  0.000000  0.000000  0.000000  2.000000  
69.625084 0.008280  0.093194  -0.015852  0.992351  -0.000782  -0.123446  -0.000204  0.999968  -0.007980  0.123448  0.007944  0.992319  -0.000138  -0.000269  -0.000125  0.000000  0.000000  0.000000  2.000000  
69.626349 0.008279  0.093193  -0.015852  0.992351  -0.000782  -0.123446  -0.000204  0.999968  -0.007980  0.123448  0.007944  0.992319  -0.000180  -0.000374  -0.000148  0.000000  0.000000  0.000000  2.000000  
69.627584 0.008280  0.093193  -0.015853  0.992334  -0.000783  -0.123579  -0.000204  0.999968  -0.007980  0.123581  0.007944  0.992303  -0.000159  -0.000402  -0.000177  0.000000  0.000000  0.000000  2.000000  
69.628833 0.008279  0.093192  -0.015853  0.992334  -0.000783  -0.123579  -0.000204  0.999968  -0.007980  0.123581  0.007944  0.992303  -0.000191  -0.000429  -0.000198  0.000000  0.000000  0.000000  2.000000  
69.630085 0.008279  0.093192  -0.015852  0.992334  -0.000783  -0.123579  -0.000204  0.999968  -0.007980  0.123581  0.007944  0.992303  -0.000203  -0.000449  -0.000112  0.000000  0.000000  0.000000  2.000000  
69.631334 0.008279  0.093192  -0.015851  0.992334  -0.000783  -0.123579  -0.000204  0.999968  -0.007980  0.123581  0.007944  0.992303  -0.000192  -0.000411  -0.000015  0.000000  0.000000  0.000000  2.000000  
69.632581 0.008279  0.093191  -0.015851  0.992334  -0.000783  -0.123579  -0.000204  0.999968  -0.007980  0.123581  0.007944  0.992303  -0.000193  -0.000431  0.000032  0.000000  0.000000  0.000000  2.000000  
69.633837 0.008279  0.093191  -0.015850  0.992334  -0.000783  -0.123579  -0.000204  0.999968  -0.007980  0.123581  0.007944  0.992303  -0.000199  -0.000402  0.000168  0.000000  0.000000  0.000000  2.000000  
69.635081 0.008279  0.093190  -0.015849  0.992334  -0.000783  -0.123579  -0.000204  0.999968  -0.007980  0.123581  0.007944  0.992303  -0.000155  -0.000394  0.000194  0.000000  0.000000  0.000000  2.000000  
69.636086 0.008278  0.093190  -0.015849  0.992334  -0.000783  -0.123579  -0.000204  0.999968  -0.007980  0.123581  0.007944  0.992303  -0.000197  -0.000418  0.000212  0.000000  0.000000  0.000000  2.000000  
69.637087 0.008278  0.093190  -0.015848  0.992334  -0.000578  -0.123580  -0.000409  0.999968  -0.007955  0.123581  0.007944  0.992303  -0.000179  -0.000372  0.000227  0.000000  0.000000  0.000000  2.000000  
69.638339 0.008278  0.093190  -0.015848  0.992334  -0.000578  -0.123580  -0.000409  0.999968  -0.007955  0.123581  0.007944  0.992303  -0.000147  -0.000345  0.000247  0.000000  0.000000  0.000000  2.000000  
69.639589 0.008278  0.093190  -0.015848  0.992334  -0.000578  -0.123580  -0.000409  0.999968  -0.007955  0.123581  0.007944  0.992303  -0.000094  -0.000265  0.000279  0.000000  0.000000  0.000000  2.000000  
69.640835 0.008278  0.093190  -0.015848  0.992334  -0.000578  -0.123580  -0.000409  0.999968  -0.007955  0.123581  0.007944  0.992303  -0.000083  -0.000187  0.000282  0.000000  0.000000  0.000000  2.000000  
69.642083 0.008279  0.093191  -0.015848  0.992318  -0.000579  -0.123713  -0.000409  0.999968  -0.007955  0.123714  0.007944  0.992286  -0.000061  -0.000134  0.000293  0.000000  0.000000  0.000000  2.000000  
69.643084 0.008278  0.093191  -0.015847  0.992318  -0.000579  -0.123713  -0.000409  0.999968  -0.007955  0.123714  0.007944  0.992286  -0.000084  -0.000128  0.000370  0.000000  0.000000  0.000000  2.000000  
69.644336 0.008279  0.093191  -0.015846  0.992318  -0.000579  -0.123713  -0.000409  0.999968  -0.007955  0.123714  0.007944  0.992286  -0.000042  -0.000046  0.000440  0.000000  0.000000  0.000000  2.000000  
69.645336 0.008279  0.093191  -0.015846  0.992318  -0.000579  -0.123713  -0.000409  0.999968  -0.007955  0.123714  0.007944  0.992286  -0.000042  -0.000045  0.000433  0.000000  0.000000  0.000000  2.000000  
69.646346 0.008279  0.093192  -0.015845  0.992318  -0.000579  -0.123713  -0.000409  0.999968  -0.007955  0.123714  0.007944  0.992286  -0.000021  0.000007  0.000452  0.000000  0.000000  0.000000  2.000000  
69.647583 0.008279  0.093192  -0.015844  0.992318  -0.000579  -0.123713  -0.000409  0.999968  -0.007955  0.123714  0.007944  0.992286  -0.000009  0.000085  0.000454  0.000000  0.000000  0.000000  2.000000  
69.648832 0.008279  0.093192  -0.015844  0.992318  -0.000579  -0.123713  -0.000409  0.999968  -0.007955  0.123714  0.007944  0.992286  0.000013  0.000078  0.000371  0.000000  0.000000  0.000000  2.000000  
69.650084 0.008279  0.093192  -0.015844  0.992318  -0.000579  -0.123713  -0.000409  0.999968  -0.007955  0.123714  0.007944  0.992286  0.000046  0.000129  0.000351  0.000000  0.000000  0.000000  2.000000  
69.651336 0.008279  0.093193  -0.015844  0.992318  -0.000579  -0.123713  -0.000409  0.999968  -0.007955  0.123714  0.007944  0.992286  0.000068  0.000201  0.000310  0.000000  0.000000  0.000000  2.000000  
69.652587 0.008279  0.093193  -0.015843  0.992318  -0.000579  -0.123713  -0.000409  0.999968  -0.007955  0.123714  0.007944  0.992286  0.000101  0.000232  0.000335  0.000000  0.000000  0.000000  2.000000  
69.653837 0.008279  0.093193  -0.015843  0.992318  -0.000579  -0.123713  -0.000409  0.999968  -0.007955  0.123714  0.007944  0.992286  0.000091  0.000257  0.000326  0.000000  0.000000  0.000000  2.000000  
69.654837 0.008280  0.093194  -0.015843  0.992318  -0.000579  -0.123713  -0.000409  0.999968  -0.007955  0.123714  0.007944  0.992286  0.000091  0.000257  0.000326  0.000000  0.000000  0.000000  2.000000  
69.656087 0.008280  0.093195  -0.015842  0.992318  -0.000579  -0.123713  -0.000409  0.999968  -0.007955  0.123714  0.007944  0.992286  0.000111  0.000288  0.000385  0.000000  0.000000  0.000000  2.000000  
69.657338 0.008280  0.093195  -0.015842  0.992318  -0.000579  -0.123713  -0.000409  0.999968  -0.007955  0.123714  0.007944  0.992286  0.000067  0.000259  0.000396  0.000000  0.000000  0.000000  2.000000  
69.658344 0.008280  0.093195  -0.015842  0.992318  -0.000579  -0.123713  -0.000409  0.999968  -0.007955  0.123714  0.007944  0.992286  0.000078  0.000256  0.000359  0.000000  0.000000  0.000000  2.000000  
69.659583 0.008280  0.093195  -0.015842  0.992318  -0.000579  -0.123713  -0.000409  0.999968  -0.007955  0.123714  0.007944  0.992286  0.000071  0.000227  0.000267  0.000000  0.000000  0.000000  2.000000  
69.660835 0.008280  0.093195  -0.015842  0.992318  -0.000579  -0.123713  -0.000409  0.999968  -0.007955  0.123714  0.007944  0.992286  0.000051  0.000197  0.000208  0.000000  0.000000  0.000000  2.000000  
69.662079 0.008279  0.093194  -0.015842  0.992318  -0.000579  -0.123713  -0.000409  0.999968  -0.007955  0.123714  0.007944  0.992286  0.000030  0.000164  0.000147  0.000000  0.000000  0.000000  2.000000  
69.663082 0.008279  0.093194  -0.015842  0.992318  -0.000579  -0.123713  -0.000409  0.999968  -0.007955  0.123714  0.007944  0.992286  0.000031  0.000167  0.000150  0.000000  0.000000  0.000000  2.000000  
69.664334 0.008279  0.093194  -0.015842  0.992318  -0.000579  -0.123713  -0.000409  0.999968  -0.007955  0.123714  0.007944  0.992286  -0.000001  0.000139  0.000129  0.000000  0.000000  0.000000  2.000000  
69.665579 0.008279  0.093194  -0.015842  0.992318  -0.000579  -0.123713  -0.000409  0.999968  -0.007955  0.123714  0.007944  0.992286  0.000009  0.000112  0.000136  0.000000  0.000000  0.000000  2.000000  
69.666583 0.008279  0.093195  -0.015841  0.992301  -0.000580  -0.123846  -0.000409  0.999968  -0.007955  0.123846  0.007944  0.992270  0.000029  0.000142  0.000194  0.000000  0.000000  0.000000  2.000000  
69.667584 0.008279  0.093195  -0.015841  0.992301  -0.000580  -0.123846  -0.000409  0.999968  -0.007955  0.123846  0.007944  0.992270  0.000009  0.000112  0.000136  0.000000  0.000000  0.000000  2.000000  
69.668836 0.008280  0.093194  -0.015841  0.992301  -0.000580  -0.123846  -0.000409  0.999968  -0.007955  0.123846  0.007944  0.992270  0.000028  0.000062  0.000154  0.000000  0.000000  0.000000  2.000000  
69.669837 0.008280  0.093194  -0.015841  0.992301  -0.000580  -0.123846  -0.000409  0.999968  -0.007955  0.123846  0.007944  0.992270  -0.000002  0.000035  0.000133  0.000000  0.000000  0.000000  2.000000  
69.671088 0.008280  0.093194  -0.015841  0.992301  -0.000580  -0.123846  -0.000409  0.999968  -0.007955  0.123846  0.007944  0.992270  -0.000013  -0.000020  0.000086  0.000000  0.000000  0.000000  2.000000  
69.672337 0.008280  0.093194  -0.015841  0.992301  -0.000580  -0.123846  -0.000409  0.999968  -0.007955  0.123846  0.007944  0.992270  -0.000001  -0.000022  0.000047  0.000000  0.000000  0.000000  2.000000  
69.673337 0.008279  0.093194  -0.015841  0.992301  -0.000580  -0.123846  -0.000409  0.999968  -0.007955  0.123846  0.007944  0.992270  -0.000032  -0.000049  0.000026  0.000000  0.000000  0.000000  2.000000  
69.674346 0.008279  0.093194  -0.015841  0.992301  -0.000580  -0.123846  -0.000409  0.999968  -0.007955  0.123846  0.007944  0.992270  -0.000033  -0.000050  0.000027  0.000000  0.000000  0.000000  2.000000  
69.675588 0.008279  0.093194  -0.015841  0.992301  -0.000580  -0.123846  -0.000409  0.999968  -0.007955  0.123846  0.007944  0.992270  -0.000023  -0.000075  0.000036  0.000000  0.000000  0.000000  2.000000  
69.676833 0.008279  0.093194  -0.015841  0.992301  -0.000580  -0.123846  -0.000409  0.999968  -0.007955  0.123846  0.007944  0.992270  -0.000003  -0.000045  0.000095  0.000000  0.000000  0.000000  2.000000  
69.678079 0.008279  0.093194  -0.015841  0.992301  -0.000580  -0.123846  -0.000409  0.999968  -0.007955  0.123846  0.007944  0.992270  -0.000003  -0.000044  0.000093  0.000000  0.000000  0.000000  2.000000  
69.679081 0.008279  0.093194  -0.015841  0.992301  -0.000580  -0.123846  -0.000409  0.999968  -0.007955  0.123846  0.007944  0.992270  -0.000003  -0.000045  0.000095  0.000000  0.000000  0.000000  2.000000  
69.680085 0.008279  0.093194  -0.015840  0.992301  -0.000580  -0.123846  -0.000409  0.999968  -0.007955  0.123846  0.007944  0.992270  -0.000014  -0.000042  0.000133  0.000000  0.000000  0.000000  2.000000  
69.681334 0.008279  0.093194  -0.015840  0.992301  -0.000580  -0.123846  -0.000409  0.999968  -0.007955  0.123846  0.007944  0.992270  -0.000003  -0.000044  0.000093  0.000000  0.000000  0.000000  2.000000  
69.682579 0.008280  0.093194  -0.015839  0.992301  -0.000580  -0.123846  -0.000409  0.999968  -0.007955  0.123846  0.007944  0.992270  0.000028  -0.000017  0.000113  0.000000  0.000000  0.000000  2.000000  
69.683581 0.008280  0.093194  -0.015839  0.992301  -0.000580  -0.123846  -0.000409  0.999968  -0.007955  0.123846  0.007944  0.992270  0.000019  0.000008  0.000106  0.000000  0.000000  0.000000  2.000000  
69.684581 0.008280  0.093194  -0.015839  0.992301  -0.000580  -0.123846  -0.000409  0.999968  -0.007955  0.123846  0.007944  0.992270  0.000018  0.000008  0.000105  0.000000  0.000000  0.000000  2.000000  
69.685584 0.008280  0.093195  -0.015839  0.992301  -0.000580  -0.123846  -0.000409  0.999968  -0.007955  0.123846  0.007944  0.992270  0.000050  0.000035  0.000127  0.000000  0.000000  0.000000  2.000000  
69.686587 0.008280  0.093195  -0.015839  0.992301  -0.000580  -0.123846  -0.000409  0.999968  -0.007955  0.123846  0.007944  0.992270  0.000040  0.000061  0.000118  0.000000  0.000000  0.000000  2.000000  
69.687834 0.008281  0.093196  -0.015839  0.992301  -0.000580  -0.123846  -0.000409  0.999968  -0.007955  0.123846  0.007944  0.992270  0.000101  0.000114  0.000156  0.000000  0.000000  0.000000  2.000000  
69.688835 0.008281  0.093196  -0.015839  0.992301  -0.000580  -0.123846  -0.000409  0.999968  -0.007955  0.123846  0.007944  0.992270  0.000101  0.000114  0.000156  0.000000  0.000000  0.000000  2.000000  
69.690083 0.008281  0.093196  -0.015838  0.992301  -0.000374  -0.123847  -0.000613  0.999968  -0.007929  0.123846  0.007944  0.992270  0.000111  0.000168  0.000205  0.000000  0.000000  0.000000  2.000000  
69.691084 0.008281  0.093196  -0.015838  0.992301  -0.000374  -0.123847  -0.000613  0.999968  -0.007929  0.123846  0.007944  0.992270  0.000144  0.000199  0.000229  0.000000  0.000000  0.000000  2.000000  
69.692339 0.008282  0.093197  -0.015838  0.992301  -0.000374  -0.123847  -0.000613  0.999968  -0.007929  0.123846  0.007944  0.992270  0.000177  0.000248  0.000202  0.000000  0.000000  0.000000  2.000000  
69.693584 0.008282  0.093198  -0.015837  0.992301  -0.000359  -0.123847  -0.000613  0.999969  -0.007808  0.123846  0.007824  0.992271  0.000208  0.000276  0.000223  0.000000  0.000000  0.000000  2.000000  
69.694833 0.008283  0.093198  -0.015838  0.992301  -0.000359  -0.123847  -0.000613  0.999969  -0.007808  0.123846  0.007824  0.992271  0.000252  0.000323  0.000158  0.000000  0.000000  0.000000  2.000000  
69.696085 0.008283  0.093199  -0.015838  0.992301  -0.000359  -0.123847  -0.000613  0.999969  -0.007808  0.123846  0.007824  0.992271  0.000264  0.000320  0.000119  0.000000  0.000000  0.000000  2.000000  
69.697334 0.008284  0.093199  -0.015838  0.992301  -0.000359  -0.123847  -0.000613  0.999969  -0.007808  0.123846  0.007824  0.992271  0.000264  0.000320  0.000119  0.000000  0.000000  0.000000  2.000000  
69.698343 0.008284  0.093200  -0.015837  0.992301  -0.000359  -0.123847  -0.000613  0.999969  -0.007808  0.123846  0.007824  0.992271  0.000295  0.000348  0.000140  0.000000  0.000000  0.000000  2.000000  
69.699579 0.008285  0.093200  -0.015837  0.992301  -0.000359  -0.123847  -0.000613  0.999969  -0.007808  0.123846  0.007824  0.992271  0.000321  0.000369  0.000158  0.000000  0.000000  0.000000  2.000000  
69.700581 0.008285  0.093200  -0.015836  0.992301  -0.000153  -0.123849  -0.000817  0.999969  -0.007782  0.123846  0.007824  0.992271  0.000310  0.000372  0.000195  0.000000  0.000000  0.000000  2.000000  
69.701588 0.008285  0.093200  -0.015836  0.992301  -0.000153  -0.123849  -0.000817  0.999969  -0.007782  0.123846  0.007824  0.992271  0.000325  0.000353  0.000208  0.000000  0.000000  0.000000  2.000000  
69.702836 0.008285  0.093201  -0.015836  0.992301  -0.000153  -0.123849  -0.000817  0.999969  -0.007782  0.123846  0.007824  0.992271  0.000325  0.000353  0.000208  0.000000  0.000000  0.000000  2.000000  
69.703837 0.008286  0.093201  -0.015836  0.992301  -0.000153  -0.123849  -0.000817  0.999969  -0.007782  0.123846  0.007824  0.992271  0.000336  0.000350  0.000169  0.000000  0.000000  0.000000  2.000000  
69.704837 0.008286  0.093201  -0.015836  0.992301  -0.000153  -0.123849  -0.000817  0.999969  -0.007782  0.123846  0.007824  0.992271  0.000347  0.000347  0.000131  0.000000  0.000000  0.000000  2.000000  
69.706085 0.008287  0.093202  -0.015836  0.992301  -0.000153  -0.123849  -0.000817  0.999969  -0.007782  0.123846  0.007824  0.992271  0.000359  0.000345  0.000093  0.000000  0.000000  0.000000  2.000000  
69.707337 0.008287  0.093202  -0.015837  0.992301  0.000053  -0.123851  -0.001021  0.999969  -0.007757  0.123846  0.007824  0.992271  0.000374  0.000311  0.000062  0.000000  0.000000  0.000000  2.000000  
69.708584 0.008288  0.093202  -0.015836  0.992301  0.000053  -0.123851  -0.001021  0.999969  -0.007757  0.123846  0.007824  0.992271  0.000337  0.000292  0.000081  0.000000  0.000000  0.000000  2.000000  
69.709834 0.008288  0.093202  -0.015837  0.992301  0.000053  -0.123851  -0.001021  0.999969  -0.007757  0.123846  0.007824  0.992271  0.000358  0.000264  0.000052  0.000000  0.000000  0.000000  2.000000  
69.710835 0.008288  0.093203  -0.015837  0.992301  0.000053  -0.123851  -0.001021  0.999969  -0.007757  0.123846  0.007824  0.992271  0.000347  0.000267  0.000090  0.000000  0.000000  0.000000  2.000000  
69.711837 0.008288  0.093203  -0.015837  0.992301  0.000259  -0.123852  -0.001226  0.999969  -0.007731  0.123846  0.007824  0.992271  0.000316  0.000239  0.000070  0.000000  0.000000  0.000000  2.000000  
69.713084 0.008289  0.093203  -0.015836  0.992301  0.000259  -0.123852  -0.001226  0.999969  -0.007731  0.123846  0.007824  0.992271  0.000320  0.000210  0.000077  0.000000  0.000000  0.000000  2.000000  
69.714332 0.008289  0.093203  -0.015837  0.992301  0.000259  -0.123852  -0.001226  0.999969  -0.007731  0.123846  0.007824  0.992271  0.000305  0.000184  0.000020  0.000000  0.000000  0.000000  2.000000  
69.715335 0.008290  0.093203  -0.015837  0.992300  0.000465  -0.123854  -0.001430  0.999969  -0.007706  0.123846  0.007824  0.992271  0.000317  0.000181  -0.000019  0.000000  0.000000  0.000000  2.000000  
69.716344 0.008290  0.093203  -0.015837  0.992300  0.000465  -0.123854  -0.001430  0.999969  -0.007706  0.123846  0.007824  0.992271  0.000317  0.000181  -0.000019  0.000000  0.000000  0.000000  2.000000  
69.717584 0.008290  0.093203  -0.015837  0.992300  0.000465  -0.123854  -0.001430  0.999969  -0.007706  0.123846  0.007824  0.992271  0.000301  0.000123  -0.000067  0.000000  0.000000  0.000000  2.000000  
69.718837 0.008290  0.093203  -0.015837  0.992300  0.000670  -0.123855  -0.001634  0.999969  -0.007680  0.123846  0.007824  0.992271  0.000290  0.000126  -0.000030  0.000000  0.000000  0.000000  2.000000  
69.719837 0.008291  0.093203  -0.015837  0.992300  0.000670  -0.123855  -0.001634  0.999969  -0.007680  0.123846  0.007824  0.992271  0.000301  0.000123  -0.000067  0.000000  0.000000  0.000000  2.000000  
