1-Time 2-Px 3-Py 4-Pz 5-R11 6-R21 7-R31 8-R12 9-R22 10-R32 11-R13 12-R23 13-R33 14-Vx 15-Vy 16-Vz 17-Wx 18-Wy 19-Wz 20-state 21-PR11 22-PR21 23-PR31 24-PR12 25-PR22 26-PR32 27-PR13 28-PR23 29-PR33 
148.784879 0.006392  0.093722  -0.016382  0.997922  0.062278  0.016527  -0.062536  0.997921  0.015614  -0.015520  -0.016615  0.999742  0.000135  0.000050  -0.000045  0.000000  0.000000  0.000000  2.000000  
148.785884 0.006392  0.093722  -0.016382  0.997922  0.062278  0.016527  -0.062536  0.997921  0.015614  -0.015520  -0.016615  0.999742  0.000135  0.000050  -0.000045  0.000000  0.000000  0.000000  2.000000  
148.786887 0.006392  0.093721  -0.016382  0.997909  0.062483  0.016530  -0.062742  0.997908  0.015610  -0.015520  -0.016615  0.999742  0.000165  -0.000001  -0.000066  0.000000  0.000000  0.000000  2.000000  
148.788134 0.006393  0.093719  -0.016383  0.997881  0.062892  0.016670  -0.063153  0.997882  0.015595  -0.015654  -0.016615  0.999739  0.000194  -0.000129  -0.000127  0.000000  0.000000  0.000000  2.000000  
148.789397 0.006394  0.093718  -0.016383  0.997866  0.063095  0.016807  -0.063358  0.997869  0.015583  -0.015788  -0.016615  0.999737  0.000303  -0.000251  -0.000131  0.000000  0.000000  0.000000  2.000000  
148.790634 0.006396  0.093716  -0.016384  0.997853  0.063299  0.016818  -0.063563  0.997854  0.015701  -0.015788  -0.016736  0.999735  0.000382  -0.000401  -0.000156  0.000000  0.000000  0.000000  2.000000  
148.791887 0.006399  0.093714  -0.016384  0.997827  0.063709  0.016824  -0.063974  0.997828  0.015694  -0.015788  -0.016736  0.999735  0.000543  -0.000523  -0.000169  0.000000  0.000000  0.000000  2.000000  
148.793134 0.006401  0.093712  -0.016384  0.997802  0.064123  0.016697  -0.064385  0.997802  0.015696  -0.015654  -0.016736  0.999737  0.000686  -0.000597  -0.000200  0.000000  0.000000  0.000000  2.000000  
148.794382 0.006404  0.093711  -0.016384  0.997776  0.064531  0.016711  -0.064796  0.997773  0.015810  -0.015654  -0.016857  0.999735  0.000873  -0.000704  -0.000183  0.000000  0.000000  0.000000  2.000000  
148.795385 0.006406  0.093709  -0.016384  0.997749  0.064942  0.016718  -0.065207  0.997747  0.015803  -0.015654  -0.016857  0.999735  0.001016  -0.000808  -0.000132  0.000000  0.000000  0.000000  2.000000  
148.796629 0.006409  0.093708  -0.016384  0.997706  0.065556  0.016861  -0.065823  0.997706  0.015784  -0.015788  -0.016857  0.999733  0.001189  -0.000933  -0.000184  0.000000  0.000000  0.000000  2.000000  
148.797635 0.006411  0.093707  -0.016384  0.997677  0.065965  0.017001  -0.066234  0.997680  0.015768  -0.015921  -0.016857  0.999731  0.001360  -0.001001  -0.000148  0.000000  0.000000  0.000000  2.000000  
148.798883 0.006415  0.093706  -0.016383  0.997650  0.066373  0.017015  -0.066644  0.997650  0.015882  -0.015921  -0.016979  0.999729  0.001570  -0.001088  -0.000038  0.000000  0.000000  0.000000  2.000000  
148.800135 0.006418  0.093704  -0.016381  0.997608  0.066990  0.017025  -0.067260  0.997609  0.015871  -0.015921  -0.016979  0.999729  0.001763  -0.001159  0.000034  0.000000  0.000000  0.000000  2.000000  
148.801387 0.006421  0.093702  -0.016381  0.997581  0.067400  0.017032  -0.067671  0.997582  0.015864  -0.015921  -0.016979  0.999729  0.001940  -0.001272  0.000124  0.005421  -0.011904  0.172720  2.000000  
148.802396 0.006423  0.093700  -0.016380  0.997553  0.067809  0.017047  -0.068082  0.997552  0.015978  -0.015921  -0.017100  0.999727  0.002081  -0.001337  0.000162  0.009276  -0.012147  0.186525  2.000000  
148.803635 0.006426  0.093698  -0.016379  0.997525  0.068220  0.017053  -0.068493  0.997524  0.015971  -0.015921  -0.017100  0.999727  0.002181  -0.001402  0.000283  0.009061  -0.012386  0.200433  2.000000  
148.804883 0.006429  0.093694  -0.016378  0.997482  0.068836  0.017063  -0.069109  0.997481  0.015961  -0.015921  -0.017100  0.999727  0.002227  -0.001545  0.000372  0.008734  -0.012738  0.221198  2.000000  
148.805887 0.006431  0.093691  -0.016377  0.997454  0.069244  0.017078  -0.069519  0.997451  0.016075  -0.015921  -0.017221  0.999725  0.002276  -0.001636  0.000437  0.012590  -0.012984  0.234987  2.000000  
148.807133 0.006434  0.093687  -0.016377  0.997423  0.069653  0.017218  -0.069930  0.997423  0.016058  -0.016055  -0.017221  0.999723  0.002302  -0.001806  0.000468  0.016433  -0.017701  0.248778  2.000000  
148.808134 0.006436  0.093683  -0.016377  0.997408  0.069856  0.017230  -0.070135  0.997406  0.016176  -0.016055  -0.017342  0.999721  0.002369  -0.001950  0.000482  0.020406  -0.017840  0.255772  2.000000  
148.809134 0.006438  0.093679  -0.016377  0.997394  0.070061  0.017233  -0.070341  0.997392  0.016172  -0.016055  -0.017342  0.999721  0.002302  -0.002162  0.000474  0.020315  -0.022455  0.262628  2.000000  
148.810383 0.006440  0.093673  -0.016377  0.997365  0.070470  0.017248  -0.070751  0.997361  0.016286  -0.016055  -0.017464  0.999719  0.002258  -0.002399  0.000438  0.024162  -0.022696  0.276324  2.000000  
148.811386 0.006442  0.093669  -0.016378  0.997350  0.070675  0.017252  -0.070957  0.997346  0.016283  -0.016055  -0.017464  0.999719  0.002240  -0.002617  0.000420  0.024055  -0.022816  0.283265  2.000000  
148.812633 0.006444  0.093663  -0.016378  0.997336  0.070881  0.017255  -0.071162  0.997332  0.016279  -0.016055  -0.017464  0.999719  0.002177  -0.002898  0.000374  0.023946  -0.022934  0.290190  2.000000  
148.813880 0.006446  0.093658  -0.016379  0.997321  0.071086  0.017258  -0.071367  0.997317  0.016276  -0.016055  -0.017464  0.999719  0.002102  -0.003180  0.000253  0.023841  -0.023056  0.297159  2.000000  
148.814880 0.006447  0.093653  -0.016379  0.997306  0.071291  0.017262  -0.071573  0.997303  0.016272  -0.016055  -0.017464  0.999719  0.002007  -0.003434  0.000160  0.023741  -0.023183  0.304198  2.000000  
148.815886 0.006449  0.093649  -0.016379  0.997306  0.071289  0.017270  -0.071573  0.997301  0.016393  -0.016055  -0.017585  0.999716  0.001904  -0.003675  0.000081  0.027811  -0.023194  0.304096  2.000000  
148.816889 0.006450  0.093644  -0.016379  0.997306  0.071289  0.017270  -0.071573  0.997301  0.016393  -0.016055  -0.017585  0.999716  0.001839  -0.003852  0.000094  0.027895  -0.018576  0.297204  2.000000  
148.818135 0.006451  0.093638  -0.016379  0.997291  0.071497  0.017265  -0.071778  0.997288  0.016268  -0.016055  -0.017464  0.999719  0.001714  -0.004064  0.000021  0.023934  -0.018444  0.290352  2.000000  
148.819397 0.006451  0.093632  -0.016379  0.997289  0.071494  0.017399  -0.071778  0.997288  0.016259  -0.016189  -0.017464  0.999716  0.001524  -0.004242  -0.000052  0.023991  -0.018315  0.283264  2.000000  
148.820634 0.006451  0.093626  -0.016378  0.997289  0.071494  0.017399  -0.071778  0.997288  0.016259  -0.016189  -0.017464  0.999716  0.001354  -0.004376  -0.000049  0.019871  -0.018072  0.274197  2.000000  
148.821634 0.006451  0.093621  -0.016378  0.997289  0.071494  0.017399  -0.071778  0.997288  0.016259  -0.016189  -0.017464  0.999716  0.001213  -0.004484  -0.000053  0.019981  -0.017955  0.267335  2.000000  
148.822634 0.006451  0.093617  -0.016378  0.997289  0.071494  0.017399  -0.071778  0.997288  0.016259  -0.016189  -0.017464  0.999716  0.001037  -0.004559  -0.000054  0.020387  -0.022365  0.255663  2.000000  
148.823885 0.006450  0.093610  -0.016378  0.997304  0.071289  0.017395  -0.071572  0.997303  0.016262  -0.016189  -0.017464  0.999716  0.000830  -0.004639  -0.000056  0.016638  -0.022021  0.234874  2.000000  
148.825134 0.006450  0.093605  -0.016378  0.997304  0.071289  0.017395  -0.071572  0.997303  0.016262  -0.016189  -0.017464  0.999716  0.000675  -0.004641  -0.000028  0.016971  -0.021669  0.214163  2.000000  
148.826398 0.006449  0.093599  -0.016377  0.997304  0.071289  0.017395  -0.071572  0.997303  0.016262  -0.016189  -0.017464  0.999716  0.000479  -0.004663  0.000018  0.017277  -0.016805  0.193355  2.000000  
148.827632 0.006449  0.093594  -0.016377  0.997319  0.071086  0.017383  -0.071367  0.997319  0.016145  -0.016189  -0.017342  0.999719  0.000329  -0.004616  0.000054  0.013420  -0.011854  0.171380  2.000000  
148.828632 0.006448  0.093590  -0.016378  0.997319  0.071086  0.017383  -0.071367  0.997319  0.016145  -0.016189  -0.017342  0.999719  0.000151  -0.004622  0.000058  0.000000  0.000000  0.000000  2.000000  
148.829882 0.006448  0.093584  -0.016378  0.997319  0.071086  0.017383  -0.071367  0.997319  0.016145  -0.016189  -0.017342  0.999719  -0.000002  -0.004603  0.000039  0.000000  0.000000  0.000000  2.000000  
148.831130 0.006447  0.093579  -0.016379  0.997317  0.071083  0.017517  -0.071367  0.997320  0.016135  -0.016323  -0.017342  0.999716  -0.000153  -0.004583  -0.000019  0.000000  0.000000  0.000000  2.000000  
148.832132 0.006447  0.093575  -0.016379  0.997317  0.071083  0.017517  -0.071367  0.997320  0.016135  -0.016323  -0.017342  0.999716  -0.000245  -0.004564  -0.000044  0.000000  0.000000  0.000000  2.000000  
148.833382 0.006446  0.093570  -0.016380  0.997331  0.070878  0.017513  -0.071162  0.997334  0.016139  -0.016323  -0.017342  0.999716  -0.000310  -0.004447  -0.000051  0.000000  0.000000  0.000000  2.000000  
148.834394 0.006445  0.093567  -0.016379  0.997331  0.070878  0.017513  -0.071162  0.997334  0.016139  -0.016323  -0.017342  0.999716  -0.000360  -0.004367  -0.000002  0.000000  0.000000  0.000000  2.000000  
148.835634 0.006445  0.093562  -0.016379  0.997331  0.070878  0.017513  -0.071162  0.997334  0.016139  -0.016323  -0.017342  0.999716  -0.000406  -0.004247  -0.000044  0.000000  0.000000  0.000000  2.000000  
148.836634 0.006444  0.093559  -0.016379  0.997331  0.070878  0.017513  -0.071162  0.997334  0.016139  -0.016323  -0.017342  0.999716  -0.000439  -0.004146  -0.000077  0.000000  0.000000  0.000000  2.000000  
148.837884 0.006444  0.093555  -0.016378  0.997331  0.070878  0.017513  -0.071162  0.997334  0.016139  -0.016323  -0.017342  0.999716  -0.000426  -0.003993  -0.000034  0.000000  0.000000  0.000000  2.000000  
148.838884 0.006444  0.093553  -0.016378  0.997331  0.070878  0.017513  -0.071162  0.997334  0.016139  -0.016323  -0.017342  0.999716  -0.000418  -0.003850  0.000007  0.000000  0.000000  0.000000  2.000000  
148.840134 0.006444  0.093550  -0.016377  0.997331  0.070878  0.017513  -0.071162  0.997334  0.016139  -0.016323  -0.017342  0.999716  -0.000384  -0.003649  0.000060  0.000000  0.000000  0.000000  2.000000  
148.841134 0.006444  0.093549  -0.016376  0.997331  0.070878  0.017513  -0.071162  0.997334  0.016139  -0.016323  -0.017342  0.999716  -0.000344  -0.003433  0.000118  0.000000  0.000000  0.000000  2.000000  
148.842398 0.006445  0.093547  -0.016374  0.997317  0.071083  0.017517  -0.071367  0.997320  0.016135  -0.016323  -0.017342  0.999716  -0.000268  -0.003219  0.000201  0.000000  0.000000  0.000000  2.000000  
148.843633 0.006446  0.093545  -0.016373  0.997317  0.071083  0.017517  -0.071367  0.997320  0.016135  -0.016323  -0.017342  0.999716  -0.000143  -0.002958  0.000362  0.000000  0.000000  0.000000  2.000000  
148.844884 0.006447  0.093544  -0.016371  0.997317  0.071083  0.017517  -0.071367  0.997320  0.016135  -0.016323  -0.017342  0.999716  -0.000026  -0.002669  0.000514  0.000000  0.000000  0.000000  2.000000  
148.846132 0.006448  0.093542  -0.016370  0.997317  0.071083  0.017517  -0.071367  0.997320  0.016135  -0.016323  -0.017342  0.999716  0.000060  -0.002465  0.000559  0.000000  0.000000  0.000000  2.000000  
148.847132 0.006449  0.093540  -0.016370  0.997317  0.071083  0.017517  -0.071367  0.997320  0.016135  -0.016323  -0.017342  0.999716  0.000161  -0.002291  0.000657  0.000000  0.000000  0.000000  2.000000  
148.848380 0.006450  0.093539  -0.016368  0.997317  0.071083  0.017517  -0.071367  0.997320  0.016135  -0.016323  -0.017342  0.999716  0.000305  -0.002058  0.000786  0.000000  0.000000  0.000000  2.000000  
148.849395 0.006452  0.093538  -0.016367  0.997317  0.071083  0.017517  -0.071367  0.997320  0.016135  -0.016323  -0.017342  0.999716  0.000478  -0.001858  0.000854  0.000000  0.000000  0.000000  2.000000  
148.850398 0.006454  0.093537  -0.016365  0.997302  0.071289  0.017520  -0.071572  0.997305  0.016132  -0.016323  -0.017342  0.999716  0.000614  -0.001674  0.000936  0.000000  0.000000  0.000000  2.000000  
148.851407 0.006456  0.093537  -0.016364  0.997302  0.071289  0.017520  -0.071572  0.997305  0.016132  -0.016323  -0.017342  0.999716  0.000781  -0.001462  0.001037  0.000000  0.000000  0.000000  2.000000  
148.852634 0.006458  0.093536  -0.016363  0.997302  0.071289  0.017520  -0.071572  0.997305  0.016132  -0.016323  -0.017342  0.999716  0.000912  -0.001338  0.001025  0.000000  0.000000  0.000000  2.000000  
148.853636 0.006459  0.093535  -0.016362  0.997302  0.071289  0.017520  -0.071572  0.997305  0.016132  -0.016323  -0.017342  0.999716  0.001044  -0.001207  0.001067  0.000000  0.000000  0.000000  2.000000  
148.854884 0.006461  0.093534  -0.016360  0.997302  0.071289  0.017520  -0.071572  0.997305  0.016132  -0.016323  -0.017342  0.999716  0.001169  -0.001106  0.001099  0.000000  0.000000  0.000000  2.000000  
148.855884 0.006463  0.093534  -0.016359  0.997302  0.071289  0.017520  -0.071572  0.997305  0.016132  -0.016323  -0.017342  0.999716  0.001283  -0.001022  0.001131  0.000000  0.000000  0.000000  2.000000  
148.856887 0.006465  0.093533  -0.016357  0.997302  0.071289  0.017520  -0.071572  0.997305  0.016132  -0.016323  -0.017342  0.999716  0.001387  -0.000943  0.001152  0.000000  0.000000  0.000000  2.000000  
148.858134 0.006467  0.093532  -0.016355  0.997302  0.071289  0.017520  -0.071572  0.997305  0.016132  -0.016323  -0.017342  0.999716  0.001434  -0.000898  0.001181  0.000000  0.000000  0.000000  2.000000  
148.859135 0.006468  0.093532  -0.016354  0.997302  0.071289  0.017520  -0.071572  0.997305  0.016132  -0.016323  -0.017342  0.999716  0.001492  -0.000786  0.001215  0.000000  0.000000  0.000000  2.000000  
148.860385 0.006470  0.093532  -0.016352  0.997302  0.071289  0.017520  -0.071572  0.997305  0.016132  -0.016323  -0.017342  0.999716  0.001527  -0.000742  0.001280  0.000000  0.000000  0.000000  2.000000  
148.861387 0.006471  0.093531  -0.016350  0.997287  0.071494  0.017523  -0.071778  0.997290  0.016128  -0.016323  -0.017342  0.999716  0.001522  -0.000703  0.001321  0.000000  0.000000  0.000000  2.000000  
148.862631 0.006472  0.093531  -0.016348  0.997287  0.071494  0.017523  -0.071778  0.997290  0.016128  -0.016323  -0.017342  0.999716  0.001488  -0.000613  0.001377  0.000000  0.000000  0.000000  2.000000  
148.863631 0.006473  0.093530  -0.016347  0.997287  0.071494  0.017523  -0.071778  0.997290  0.016128  -0.016323  -0.017342  0.999716  0.001454  -0.000577  0.001355  0.000000  0.000000  0.000000  2.000000  
148.864634 0.006473  0.093530  -0.016346  0.997287  0.071494  0.017523  -0.071778  0.997290  0.016128  -0.016323  -0.017342  0.999716  0.001402  -0.000578  0.001364  0.000000  0.000000  0.000000  2.000000  
148.865884 0.006473  0.093529  -0.016345  0.997287  0.071494  0.017523  -0.071778  0.997290  0.016128  -0.016323  -0.017342  0.999716  0.001249  -0.000557  0.001345  0.000000  0.000000  0.000000  2.000000  
148.866886 0.006474  0.093528  -0.016343  0.997287  0.071494  0.017523  -0.071778  0.997290  0.016128  -0.016323  -0.017342  0.999716  0.001167  -0.000546  0.001370  0.000000  0.000000  0.000000  2.000000  
148.868132 0.006474  0.093527  -0.016343  0.997287  0.071494  0.017523  -0.071778  0.997290  0.016128  -0.016323  -0.017342  0.999716  0.001028  -0.000528  0.001315  0.000000  0.000000  0.000000  2.000000  
148.869134 0.006474  0.093527  -0.016342  0.997287  0.071494  0.017523  -0.071778  0.997290  0.016128  -0.016323  -0.017342  0.999716  0.000937  -0.000531  0.001296  0.000000  0.000000  0.000000  2.000000  
148.870138 0.006473  0.093525  -0.016341  0.997287  0.071494  0.017523  -0.071778  0.997290  0.016128  -0.016323  -0.017342  0.999716  0.000738  -0.000574  0.001259  0.000000  0.000000  0.000000  2.000000  
148.871386 0.006473  0.093524  -0.016340  0.997287  0.071494  0.017523  -0.071778  0.997290  0.016128  -0.016323  -0.017342  0.999716  0.000574  -0.000607  0.001192  0.000000  0.000000  0.000000  2.000000  
148.872388 0.006472  0.093523  -0.016340  0.997287  0.071494  0.017523  -0.071778  0.997290  0.016128  -0.016323  -0.017342  0.999716  0.000423  -0.000677  0.001122  0.000000  0.000000  0.000000  2.000000  
148.873633 0.006472  0.093522  -0.016339  0.997287  0.071494  0.017523  -0.071778  0.997290  0.016128  -0.016323  -0.017342  0.999716  0.000262  -0.000710  0.001056  0.000000  0.000000  0.000000  2.000000  
148.874641 0.006471  0.093520  -0.016339  0.997287  0.071494  0.017523  -0.071778  0.997290  0.016128  -0.016323  -0.017342  0.999716  0.000104  -0.000811  0.000919  0.000000  0.000000  0.000000  2.000000  
148.875883 0.006471  0.093519  -0.016337  0.997287  0.071494  0.017523  -0.071778  0.997290  0.016128  -0.016323  -0.017342  0.999716  -0.000010  -0.000866  0.000888  0.000000  0.000000  0.000000  2.000000  
148.876888 0.006470  0.093517  -0.016337  0.997287  0.071494  0.017523  -0.071778  0.997290  0.016128  -0.016323  -0.017342  0.999716  -0.000112  -0.000923  0.000820  0.000000  0.000000  0.000000  2.000000  
148.878134 0.006470  0.093516  -0.016337  0.997287  0.071496  0.017515  -0.071778  0.997292  0.016007  -0.016323  -0.017221  0.999718  -0.000182  -0.000931  0.000725  0.000000  0.000000  0.000000  2.000000  
148.879396 0.006469  0.093514  -0.016336  0.997287  0.071496  0.017515  -0.071778  0.997292  0.016007  -0.016323  -0.017221  0.999718  -0.000306  -0.001039  0.000645  0.000000  0.000000  0.000000  2.000000  
148.880631 0.006469  0.093513  -0.016336  0.997287  0.071496  0.017515  -0.071778  0.997292  0.016007  -0.016323  -0.017221  0.999718  -0.000315  -0.001071  0.000550  0.000000  0.000000  0.000000  2.000000  
148.881640 0.006469  0.093513  -0.016336  0.997287  0.071496  0.017515  -0.071778  0.997292  0.016007  -0.016323  -0.017221  0.999718  -0.000365  -0.001050  0.000513  0.000000  0.000000  0.000000  2.000000  
148.882882 0.006469  0.093512  -0.016336  0.997287  0.071496  0.017515  -0.071778  0.997292  0.016007  -0.016323  -0.017221  0.999718  -0.000379  -0.001061  0.000447  0.000000  0.000000  0.000000  2.000000  
148.884130 0.006469  0.093511  -0.016335  0.997287  0.071496  0.017515  -0.071778  0.997292  0.016007  -0.016323  -0.017221  0.999718  -0.000338  -0.001037  0.000430  0.000000  0.000000  0.000000  2.000000  
148.885138 0.006469  0.093510  -0.016336  0.997287  0.071496  0.017515  -0.071778  0.997292  0.016007  -0.016323  -0.017221  0.999718  -0.000305  -0.001044  0.000318  0.000000  0.000000  0.000000  2.000000  
148.886392 0.006469  0.093509  -0.016336  0.997287  0.071496  0.017515  -0.071778  0.997292  0.016007  -0.016323  -0.017221  0.999718  -0.000256  -0.000961  0.000308  0.000000  0.000000  0.000000  2.000000  
148.887636 0.006470  0.093508  -0.016336  0.997287  0.071496  0.017515  -0.071778  0.997292  0.016007  -0.016323  -0.017221  0.999718  -0.000189  -0.000927  0.000210  0.000000  0.000000  0.000000  2.000000  
148.888644 0.006470  0.093508  -0.016336  0.997302  0.071289  0.017520  -0.071572  0.997305  0.016132  -0.016323  -0.017342  0.999716  -0.000108  -0.000892  0.000178  0.000000  0.000000  0.000000  2.000000  
148.889884 0.006470  0.093507  -0.016337  0.997302  0.071289  0.017520  -0.071572  0.997305  0.016132  -0.016323  -0.017342  0.999716  -0.000044  -0.000872  0.000084  0.000000  0.000000  0.000000  2.000000  
148.891134 0.006471  0.093507  -0.016337  0.997302  0.071289  0.017520  -0.071572  0.997305  0.016132  -0.016323  -0.017342  0.999716  0.000063  -0.000750  0.000013  0.000000  0.000000  0.000000  2.000000  
148.892386 0.006473  0.093507  -0.016337  0.997302  0.071289  0.017520  -0.071572  0.997305  0.016132  -0.016323  -0.017342  0.999716  0.000209  -0.000646  0.000016  0.000000  0.000000  0.000000  2.000000  
148.893633 0.006473  0.093507  -0.016337  0.997302  0.071289  0.017520  -0.071572  0.997305  0.016132  -0.016323  -0.017342  0.999716  0.000274  -0.000548  -0.000037  0.000000  0.000000  0.000000  2.000000  
148.894637 0.006474  0.093507  -0.016337  0.997287  0.071494  0.017523  -0.071778  0.997290  0.016128  -0.016323  -0.017342  0.999716  0.000358  -0.000499  -0.000073  0.000000  0.000000  0.000000  2.000000  
148.895648 0.006475  0.093507  -0.016337  0.997287  0.071494  0.017523  -0.071778  0.997290  0.016128  -0.016323  -0.017342  0.999716  0.000452  -0.000396  -0.000060  0.000000  0.000000  0.000000  2.000000  
148.896885 0.006476  0.093508  -0.016338  0.997287  0.071494  0.017523  -0.071778  0.997290  0.016128  -0.016323  -0.017342  0.999716  0.000520  -0.000299  -0.000114  0.000000  0.000000  0.000000  2.000000  
148.898135 0.006477  0.093508  -0.016337  0.997287  0.071494  0.017523  -0.071778  0.997290  0.016128  -0.016323  -0.017342  0.999716  0.000530  -0.000222  -0.000111  0.000000  0.000000  0.000000  2.000000  
148.899135 0.006477  0.093508  -0.016338  0.997287  0.071494  0.017523  -0.071778  0.997290  0.016128  -0.016323  -0.017342  0.999716  0.000584  -0.000122  -0.000126  0.000000  0.000000  0.000000  2.000000  
148.900136 0.006477  0.093509  -0.016337  0.997287  0.071494  0.017523  -0.071778  0.997290  0.016128  -0.016323  -0.017342  0.999716  0.000576  -0.000043  -0.000084  0.000000  0.000000  0.000000  2.000000  
148.901392 0.006478  0.093510  -0.016337  0.997287  0.071494  0.017523  -0.071778  0.997290  0.016128  -0.016323  -0.017342  0.999716  0.000578  0.000080  -0.000101  0.000000  0.000000  0.000000  2.000000  
148.902636 0.006478  0.093511  -0.016337  0.997287  0.071494  0.017523  -0.071778  0.997290  0.016128  -0.016323  -0.017342  0.999716  0.000570  0.000155  -0.000059  0.000000  0.000000  0.000000  2.000000  
148.903638 0.006478  0.093511  -0.016337  0.997287  0.071494  0.017523  -0.071778  0.997290  0.016128  -0.016323  -0.017342  0.999716  0.000531  0.000230  -0.000047  0.000000  0.000000  0.000000  2.000000  
148.904645 0.006478  0.093512  -0.016337  0.997287  0.071494  0.017523  -0.071778  0.997290  0.016128  -0.016323  -0.017342  0.999716  0.000522  0.000360  -0.000025  0.000000  0.000000  0.000000  2.000000  
148.905885 0.006478  0.093513  -0.016337  0.997287  0.071494  0.017523  -0.071778  0.997290  0.016128  -0.016323  -0.017342  0.999716  0.000452  0.000408  -0.000033  0.000000  0.000000  0.000000  2.000000  
148.906885 0.006478  0.093514  -0.016337  0.997287  0.071492  0.017532  -0.071778  0.997288  0.016249  -0.016323  -0.017464  0.999714  0.000381  0.000456  -0.000041  0.000000  0.000000  0.000000  2.000000  
148.908134 0.006478  0.093514  -0.016337  0.997287  0.071492  0.017532  -0.071778  0.997288  0.016249  -0.016323  -0.017464  0.999714  0.000306  0.000496  -0.000048  0.000000  0.000000  0.000000  2.000000  
148.909397 0.006477  0.093515  -0.016337  0.997287  0.071492  0.017532  -0.071778  0.997288  0.016249  -0.016323  -0.017464  0.999714  0.000218  0.000557  0.000019  0.000000  0.000000  0.000000  2.000000  
148.910406 0.006477  0.093515  -0.016337  0.997287  0.071492  0.017532  -0.071778  0.997288  0.016249  -0.016323  -0.017464  0.999714  0.000127  0.000554  0.000000  0.000000  0.000000  0.000000  2.000000  
148.911634 0.006477  0.093516  -0.016338  0.997287  0.071492  0.017532  -0.071778  0.997288  0.016249  -0.016323  -0.017464  0.999714  0.000065  0.000569  0.000001  0.000000  0.000000  0.000000  2.000000  
148.912636 0.006477  0.093517  -0.016337  0.997287  0.071492  0.017532  -0.071778  0.997288  0.016249  -0.016323  -0.017464  0.999714  0.000014  0.000577  0.000010  0.000000  0.000000  0.000000  2.000000  
148.913884 0.006477  0.093517  -0.016337  0.997287  0.071492  0.017532  -0.071778  0.997288  0.016249  -0.016323  -0.017464  0.999714  -0.000037  0.000577  0.000020  0.000000  0.000000  0.000000  2.000000  
148.915129 0.006476  0.093517  -0.016338  0.997287  0.071492  0.017532  -0.071778  0.997288  0.016249  -0.016323  -0.017464  0.999714  -0.000088  0.000491  -0.000011  0.000000  0.000000  0.000000  2.000000  
148.916130 0.006476  0.093517  -0.016337  0.997287  0.071494  0.017523  -0.071778  0.997290  0.016128  -0.016323  -0.017342  0.999716  -0.000139  0.000490  -0.000002  0.000000  0.000000  0.000000  2.000000  
148.917138 0.006476  0.093517  -0.016337  0.997287  0.071494  0.017523  -0.071778  0.997290  0.016128  -0.016323  -0.017342  0.999716  -0.000163  0.000447  -0.000013  0.000000  0.000000  0.000000  2.000000  
148.918393 0.006476  0.093517  -0.016337  0.997287  0.071494  0.017523  -0.071778  0.997290  0.016128  -0.016323  -0.017342  0.999716  -0.000153  0.000423  -0.000005  0.000000  0.000000  0.000000  2.000000  
148.919398 0.006476  0.093517  -0.016337  0.997287  0.071494  0.017523  -0.071778  0.997290  0.016128  -0.016323  -0.017342  0.999716  -0.000166  0.000347  -0.000007  0.000000  0.000000  0.000000  2.000000  
148.920636 0.006476  0.093518  -0.016337  0.997287  0.071494  0.017523  -0.071778  0.997290  0.016128  -0.016323  -0.017342  0.999716  -0.000163  0.000341  -0.000007  0.000000  0.000000  0.000000  2.000000  
148.921885 0.006476  0.093518  -0.016337  0.997287  0.071494  0.017523  -0.071778  0.997290  0.016128  -0.016323  -0.017342  0.999716  -0.000175  0.000267  -0.000010  0.000000  0.000000  0.000000  2.000000  
148.922885 0.006476  0.093518  -0.016337  0.997272  0.071699  0.017527  -0.071983  0.997276  0.016125  -0.016323  -0.017342  0.999716  -0.000159  0.000223  0.000007  0.000000  0.000000  0.000000  2.000000  
148.924138 0.006476  0.093517  -0.016337  0.997272  0.071699  0.017527  -0.071983  0.997276  0.016125  -0.016323  -0.017342  0.999716  -0.000119  0.000148  -0.000005  0.000000  0.000000  0.000000  2.000000  
148.925387 0.006476  0.093517  -0.016337  0.997272  0.071699  0.017527  -0.071983  0.997276  0.016125  -0.016323  -0.017342  0.999716  -0.000108  0.000121  0.000004  0.000000  0.000000  0.000000  2.000000  
148.926390 0.006476  0.093517  -0.016337  0.997272  0.071699  0.017527  -0.071983  0.997276  0.016125  -0.016323  -0.017342  0.999716  -0.000081  0.000051  0.000030  0.000000  0.000000  0.000000  2.000000  
148.927632 0.006476  0.093517  -0.016337  0.997272  0.071699  0.017527  -0.071983  0.997276  0.016125  -0.016323  -0.017342  0.999716  -0.000051  -0.000000  0.000009  0.000000  0.000000  0.000000  2.000000  
148.928880 0.006476  0.093516  -0.016337  0.997272  0.071699  0.017527  -0.071983  0.997276  0.016125  -0.016323  -0.017342  0.999716  -0.000032  -0.000048  0.000026  0.000000  0.000000  0.000000  2.000000  
148.930135 0.006477  0.093516  -0.016336  0.997272  0.071699  0.017527  -0.071983  0.997276  0.016125  -0.016323  -0.017342  0.999716  0.000059  -0.000046  0.000046  0.000000  0.000000  0.000000  2.000000  
148.931385 0.006477  0.093516  -0.016337  0.997257  0.071905  0.017530  -0.072188  0.997261  0.016121  -0.016323  -0.017342  0.999716  0.000080  -0.000072  0.000017  0.000000  0.000000  0.000000  2.000000  
148.932386 0.006477  0.093516  -0.016337  0.997257  0.071907  0.017521  -0.072188  0.997263  0.016000  -0.016323  -0.017221  0.999718  0.000089  -0.000097  0.000025  0.000000  0.000000  0.000000  2.000000  
148.933635 0.006477  0.093515  -0.016337  0.997257  0.071907  0.017521  -0.072188  0.997263  0.016000  -0.016323  -0.017221  0.999718  0.000099  -0.000121  0.000034  0.000000  0.000000  0.000000  2.000000  
148.934644 0.006477  0.093515  -0.016337  0.997257  0.071907  0.017521  -0.072188  0.997263  0.016000  -0.016323  -0.017221  0.999718  0.000108  -0.000145  0.000043  0.000000  0.000000  0.000000  2.000000  
148.935644 0.006477  0.093515  -0.016337  0.997243  0.072112  0.017524  -0.072394  0.997248  0.015996  -0.016323  -0.017221  0.999718  0.000118  -0.000169  0.000051  0.000000  0.000000  0.000000  2.000000  
148.936695 0.006478  0.093515  -0.016336  0.997243  0.072112  0.017524  -0.072394  0.997248  0.015996  -0.016323  -0.017221  0.999718  0.000158  -0.000166  0.000079  0.000000  0.000000  0.000000  2.000000  
148.937887 0.006478  0.093515  -0.016336  0.997243  0.072112  0.017524  -0.072394  0.997248  0.015996  -0.016323  -0.017221  0.999718  0.000158  -0.000167  0.000080  0.000000  0.000000  0.000000  2.000000  
148.939134 0.006478  0.093515  -0.016336  0.997228  0.072317  0.017528  -0.072599  0.997233  0.015993  -0.016323  -0.017221  0.999718  0.000156  -0.000164  0.000078  0.000000  0.000000  0.000000  2.000000  
148.940134 0.006478  0.093515  -0.016336  0.997228  0.072317  0.017528  -0.072599  0.997233  0.015993  -0.016323  -0.017221  0.999718  0.000156  -0.000164  0.000078  0.000000  0.000000  0.000000  2.000000  
148.941135 0.006478  0.093515  -0.016336  0.997228  0.072317  0.017528  -0.072599  0.997233  0.015993  -0.016323  -0.017221  0.999718  0.000146  -0.000140  0.000070  0.000000  0.000000  0.000000  2.000000  
148.942389 0.006478  0.093515  -0.016335  0.997213  0.072523  0.017531  -0.072804  0.997218  0.015989  -0.016323  -0.017221  0.999718  0.000128  -0.000116  0.000100  0.000000  0.000000  0.000000  2.000000  
148.943632 0.006478  0.093514  -0.016335  0.997213  0.072523  0.017531  -0.072804  0.997218  0.015989  -0.016323  -0.017221  0.999718  0.000128  -0.000116  0.000100  0.000000  0.000000  0.000000  2.000000  
148.944881 0.006478  0.093514  -0.016335  0.997213  0.072523  0.017531  -0.072804  0.997218  0.015989  -0.016323  -0.017221  0.999718  0.000088  -0.000119  0.000072  0.000000  0.000000  0.000000  2.000000  
148.945885 0.006478  0.093515  -0.016335  0.997198  0.072728  0.017534  -0.073009  0.997203  0.015986  -0.016323  -0.017221  0.999718  0.000066  -0.000114  0.000148  0.000000  0.000000  0.000000  2.000000  
148.946885 0.006478  0.093515  -0.016335  0.997198  0.072728  0.017534  -0.073009  0.997203  0.015986  -0.016323  -0.017221  0.999718  0.000087  -0.000062  0.000159  0.000000  0.000000  0.000000  2.000000  
148.948132 0.006478  0.093515  -0.016335  0.997198  0.072726  0.017543  -0.073009  0.997201  0.016107  -0.016323  -0.017342  0.999716  0.000077  -0.000037  0.000148  0.000000  0.000000  0.000000  2.000000  
148.949134 0.006478  0.093515  -0.016334  0.997198  0.072726  0.017543  -0.073009  0.997201  0.016107  -0.016323  -0.017342  0.999716  0.000078  -0.000038  0.000150  0.000000  0.000000  0.000000  2.000000  
148.950390 0.006478  0.093515  -0.016334  0.997183  0.072931  0.017546  -0.073215  0.997186  0.016103  -0.016323  -0.017342  0.999716  0.000077  -0.000037  0.000148  0.000000  0.000000  0.000000  2.000000  
148.951646 0.006479  0.093515  -0.016335  0.997183  0.072931  0.017546  -0.073215  0.997186  0.016103  -0.016323  -0.017342  0.999716  0.000048  -0.000043  0.000083  0.000000  0.000000  0.000000  2.000000  
148.952885 0.006479  0.093515  -0.016335  0.997183  0.072931  0.017546  -0.073215  0.997186  0.016103  -0.016323  -0.017342  0.999716  0.000048  -0.000043  0.000082  0.000000  0.000000  0.000000  2.000000  
148.954134 0.006479  0.093515  -0.016335  0.997168  0.073136  0.017550  -0.073420  0.997171  0.016099  -0.016323  -0.017342  0.999716  0.000079  -0.000016  0.000104  0.000000  0.000000  0.000000  2.000000  
148.955135 0.006479  0.093515  -0.016335  0.997168  0.073136  0.017550  -0.073420  0.997171  0.016099  -0.016323  -0.017342  0.999716  0.000079  -0.000016  0.000104  0.000000  0.000000  0.000000  2.000000  
148.956386 0.006479  0.093515  -0.016335  0.997168  0.073136  0.017550  -0.073420  0.997171  0.016099  -0.016323  -0.017342  0.999716  0.000078  -0.000016  0.000102  0.000000  0.000000  0.000000  2.000000  
148.957387 0.006480  0.093514  -0.016335  0.997168  0.073136  0.017550  -0.073420  0.997171  0.016099  -0.016323  -0.017342  0.999716  0.000109  -0.000045  0.000036  0.000000  0.000000  0.000000  2.000000  
148.958389 0.006480  0.093514  -0.016335  0.997168  0.073136  0.017550  -0.073420  0.997171  0.016099  -0.016323  -0.017342  0.999716  0.000101  -0.000021  0.000028  0.000000  0.000000  0.000000  2.000000  
148.959397 0.006480  0.093514  -0.016335  0.997168  0.073136  0.017550  -0.073420  0.997171  0.016099  -0.016323  -0.017342  0.999716  0.000101  -0.000021  0.000028  0.000000  0.000000  0.000000  2.000000  
148.960636 0.006480  0.093514  -0.016335  0.997168  0.073136  0.017550  -0.073420  0.997171  0.016099  -0.016323  -0.017342  0.999716  0.000133  -0.000050  -0.000039  0.000000  0.000000  0.000000  2.000000  
148.961882 0.006480  0.093514  -0.016335  0.997152  0.073342  0.017553  -0.073625  0.997156  0.016096  -0.016323  -0.017342  0.999716  0.000100  -0.000076  -0.000058  0.000000  0.000000  0.000000  2.000000  
148.963135 0.006480  0.093514  -0.016335  0.997152  0.073342  0.017553  -0.073625  0.997156  0.016096  -0.016323  -0.017342  0.999716  0.000102  -0.000077  -0.000059  0.000000  0.000000  0.000000  2.000000  
148.964380 0.006480  0.093514  -0.016335  0.997152  0.073342  0.017553  -0.073625  0.997156  0.016096  -0.016323  -0.017342  0.999716  0.000091  -0.000052  -0.000067  0.000000  0.000000  0.000000  2.000000  
148.965384 0.006480  0.093513  -0.016336  0.997155  0.073344  0.017420  -0.073625  0.997156  0.016106  -0.016189  -0.017342  0.999719  0.000071  -0.000081  -0.000124  0.000000  0.000000  0.000000  2.000000  
148.966387 0.006480  0.093513  -0.016336  0.997155  0.073346  0.017411  -0.073625  0.997158  0.015985  -0.016189  -0.017221  0.999721  0.000071  -0.000104  -0.000079  0.000000  0.000000  0.000000  2.000000  
148.967651 0.006479  0.093513  -0.016336  0.997155  0.073346  0.017411  -0.073625  0.997158  0.015985  -0.016189  -0.017221  0.999721  0.000040  -0.000131  -0.000099  0.000000  0.000000  0.000000  2.000000  
148.968888 0.006479  0.093513  -0.016336  0.997155  0.073346  0.017411  -0.073625  0.997158  0.015985  -0.016189  -0.017221  0.999721  -0.000001  -0.000134  -0.000128  0.000000  0.000000  0.000000  2.000000  
148.970134 0.006479  0.093513  -0.016336  0.997155  0.073346  0.017411  -0.073625  0.997158  0.015985  -0.016189  -0.017221  0.999721  -0.000001  -0.000132  -0.000125  0.000000  0.000000  0.000000  2.000000  
148.971387 0.006479  0.093512  -0.016337  0.997155  0.073346  0.017411  -0.073625  0.997158  0.015985  -0.016189  -0.017221  0.999721  -0.000043  -0.000159  -0.000110  0.000000  0.000000  0.000000  2.000000  
148.972635 0.006479  0.093512  -0.016337  0.997155  0.073346  0.017411  -0.073625  0.997158  0.015985  -0.016189  -0.017221  0.999721  -0.000051  -0.000132  -0.000116  0.000000  0.000000  0.000000  2.000000  
148.973635 0.006478  0.093512  -0.016337  0.997155  0.073346  0.017411  -0.073625  0.997158  0.015985  -0.016189  -0.017221  0.999721  -0.000083  -0.000162  -0.000138  0.000000  0.000000  0.000000  2.000000  
148.974884 0.006478  0.093512  -0.016338  0.997155  0.073346  0.017411  -0.073625  0.997158  0.015985  -0.016189  -0.017221  0.999721  -0.000082  -0.000159  -0.000136  0.000000  0.000000  0.000000  2.000000  
148.975885 0.006478  0.093512  -0.016338  0.997155  0.073346  0.017411  -0.073625  0.997158  0.015985  -0.016189  -0.017221  0.999721  -0.000093  -0.000137  -0.000147  0.000000  0.000000  0.000000  2.000000  
148.977130 0.006478  0.093512  -0.016338  0.997155  0.073346  0.017411  -0.073625  0.997158  0.015985  -0.016189  -0.017221  0.999721  -0.000091  -0.000135  -0.000144  0.000000  0.000000  0.000000  2.000000  
148.978137 0.006478  0.093511  -0.016338  0.997155  0.073346  0.017411  -0.073625  0.997158  0.015985  -0.016189  -0.017221  0.999721  -0.000124  -0.000164  -0.000167  0.000000  0.000000  0.000000  2.000000  
148.979396 0.006478  0.093511  -0.016338  0.997155  0.073346  0.017411  -0.073625  0.997158  0.015985  -0.016189  -0.017221  0.999721  -0.000092  -0.000137  -0.000147  0.000000  0.000000  0.000000  2.000000  
148.980632 0.006478  0.093511  -0.016338  0.997170  0.073141  0.017408  -0.073420  0.997173  0.015988  -0.016189  -0.017221  0.999721  -0.000102  -0.000133  -0.000107  0.000000  0.000000  0.000000  2.000000  
148.981634 0.006478  0.093511  -0.016338  0.997170  0.073141  0.017408  -0.073420  0.997173  0.015988  -0.016189  -0.017221  0.999721  -0.000111  -0.000109  -0.000116  0.000000  0.000000  0.000000  2.000000  
148.982654 0.006478  0.093511  -0.016338  0.997170  0.073141  0.017408  -0.073420  0.997173  0.015988  -0.016189  -0.017221  0.999721  -0.000071  -0.000087  -0.000136  0.000000  0.000000  0.000000  2.000000  
148.983885 0.006478  0.093511  -0.016338  0.997170  0.073141  0.017408  -0.073420  0.997173  0.015988  -0.016189  -0.017221  0.999721  -0.000070  -0.000085  -0.000133  0.000000  0.000000  0.000000  2.000000  
148.984888 0.006478  0.093511  -0.016338  0.997170  0.073141  0.017408  -0.073420  0.997173  0.015988  -0.016189  -0.017221  0.999721  -0.000071  -0.000086  -0.000136  0.000000  0.000000  0.000000  2.000000  
148.986133 0.006478  0.093511  -0.016339  0.997170  0.073141  0.017408  -0.073420  0.997173  0.015988  -0.016189  -0.017221  0.999721  -0.000028  -0.000060  -0.000151  0.000000  0.000000  0.000000  2.000000  
148.987134 0.006478  0.093511  -0.016339  0.997170  0.073141  0.017408  -0.073420  0.997173  0.015988  -0.016189  -0.017221  0.999721  -0.000029  -0.000060  -0.000151  0.000000  0.000000  0.000000  2.000000  
148.988135 0.006478  0.093512  -0.016339  0.997170  0.073141  0.017408  -0.073420  0.997173  0.015988  -0.016189  -0.017221  0.999721  -0.000038  -0.000037  -0.000162  0.000000  0.000000  0.000000  2.000000  
148.989398 0.006478  0.093512  -0.016340  0.997170  0.073141  0.017408  -0.073420  0.997173  0.015988  -0.016189  -0.017221  0.999721  -0.000007  -0.000010  -0.000142  0.000000  0.000000  0.000000  2.000000  
148.990634 0.006478  0.093512  -0.016340  0.997170  0.073141  0.017408  -0.073420  0.997173  0.015988  -0.016189  -0.017221  0.999721  -0.000007  -0.000010  -0.000140  0.000000  0.000000  0.000000  2.000000  
148.991636 0.006478  0.093512  -0.016340  0.997170  0.073139  0.017416  -0.073420  0.997171  0.016109  -0.016189  -0.017342  0.999719  -0.000007  -0.000010  -0.000142  0.000000  0.000000  0.000000  2.000000  
148.992884 0.006479  0.093512  -0.016340  0.997170  0.073139  0.017416  -0.073420  0.997171  0.016109  -0.016189  -0.017342  0.999719  0.000056  0.000066  -0.000149  0.000000  0.000000  0.000000  2.000000  
148.994130 0.006479  0.093512  -0.016340  0.997170  0.073139  0.017416  -0.073420  0.997171  0.016109  -0.016189  -0.017342  0.999719  0.000055  0.000065  -0.000147  0.000000  0.000000  0.000000  2.000000  
148.995132 0.006479  0.093512  -0.016341  0.997170  0.073139  0.017416  -0.073420  0.997171  0.016109  -0.016189  -0.017342  0.999719  0.000067  0.000064  -0.000187  0.000000  0.000000  0.000000  2.000000  
148.996386 0.006479  0.093512  -0.016341  0.997172  0.073141  0.017283  -0.073420  0.997171  0.016119  -0.016055  -0.017342  0.999721  0.000067  0.000064  -0.000187  0.000000  0.000000  0.000000  2.000000  
148.997386 0.006479  0.093512  -0.016341  0.997172  0.073141  0.017283  -0.073420  0.997171  0.016119  -0.016055  -0.017342  0.999721  0.000055  0.000065  -0.000147  0.000000  0.000000  0.000000  2.000000  
148.998635 0.006479  0.093513  -0.016340  0.997172  0.073141  0.017283  -0.073420  0.997171  0.016119  -0.016055  -0.017342  0.999721  0.000076  0.000115  -0.000136  0.000000  0.000000  0.000000  2.000000  
148.999642 0.006479  0.093513  -0.016341  0.997172  0.073141  0.017283  -0.073420  0.997171  0.016119  -0.016055  -0.017342  0.999721  0.000089  0.000115  -0.000176  0.000000  0.000000  0.000000  2.000000  
149.000879 0.006479  0.093513  -0.016341  0.997172  0.073143  0.017274  -0.073420  0.997173  0.015998  -0.016055  -0.017221  0.999723  0.000087  0.000113  -0.000173  0.000000  0.000000  0.000000  2.000000  
149.001888 0.006479  0.093513  -0.016341  0.997172  0.073143  0.017274  -0.073420  0.997173  0.015998  -0.016055  -0.017221  0.999723  0.000078  0.000117  -0.000138  0.000000  0.000000  0.000000  2.000000  
