1-Time 2-Px 3-Py 4-Pz 5-R11 6-R21 7-R31 8-R12 9-R22 10-R32 11-R13 12-R23 13-R33 14-Vx 15-Vy 16-Vz 17-Wx 18-Wy 19-Wz 20-state 21-PR11 22-PR21 23-PR31 24-PR12 25-PR22 26-PR32 27-PR13 28-PR23 29-PR33 
76.960017 0.011005  0.093803  -0.002511  0.993576  0.110607  -0.023923  0.018616  0.048763  0.998637  0.111623  -0.992667  0.046391  -0.000030  0.000095  0.000105  0.000000  0.000000  0.000000  2.000000  
76.961020 0.011005  0.093803  -0.002511  0.993580  0.110617  -0.023717  0.018412  0.048740  0.998642  0.111623  -0.992667  0.046391  -0.000030  0.000095  0.000105  0.000000  0.000000  0.000000  2.000000  
76.962023 0.011006  0.093802  -0.002511  0.993588  0.110637  -0.023306  0.018002  0.048695  0.998651  0.111623  -0.992667  0.046391  0.000088  0.000067  0.000114  0.000000  0.000000  0.000000  2.000000  
76.963270 0.011009  0.093802  -0.002511  0.993599  0.110667  -0.022689  0.017389  0.048626  0.998666  0.111623  -0.992667  0.046391  0.000283  0.000009  0.000099  0.000000  0.000000  0.000000  2.000000  
76.964274 0.011012  0.093801  -0.002510  0.993606  0.110687  -0.022278  0.016980  0.048581  0.998675  0.111623  -0.992667  0.046391  0.000464  -0.000045  0.000119  0.000000  0.000000  0.000000  2.000000  
76.965530 0.011015  0.093799  -0.002510  0.993613  0.110707  -0.021867  0.016571  0.048535  0.998684  0.111623  -0.992667  0.046391  0.000647  -0.000185  0.000104  0.000000  0.000000  0.000000  2.000000  
76.966530 0.011018  0.093799  -0.002511  0.993619  0.110724  -0.021469  0.016161  0.048611  0.998687  0.111623  -0.992662  0.046511  0.000896  -0.000245  0.000088  0.000000  0.000000  0.000000  2.000000  
76.967535 0.011023  0.093798  -0.002510  0.993599  0.111020  -0.020865  0.015547  0.048546  0.998700  0.111889  -0.992632  0.046510  0.001185  -0.000300  0.000105  0.000000  0.000000  0.000000  2.000000  
76.968774 0.011028  0.093796  -0.002509  0.993585  0.111333  -0.019862  0.014524  0.048557  0.998715  0.112154  -0.992596  0.046629  0.001534  -0.000405  0.000180  0.000000  0.000000  0.000000  2.000000  
76.970024 0.011032  0.093795  -0.002509  0.993581  0.111506  -0.019046  0.013706  0.048467  0.998731  0.112287  -0.992581  0.046628  0.001866  -0.000543  0.000197  0.000000  0.000000  0.000000  2.000000  
76.971024 0.011035  0.093793  -0.002509  0.993592  0.111546  -0.018224  0.012887  0.048375  0.998746  0.112287  -0.992581  0.046628  0.002083  -0.000632  0.000158  0.020910  -0.184338  0.031163  2.000000  
76.972025 0.011039  0.093792  -0.002509  0.993585  0.111706  -0.017627  0.012274  0.048429  0.998751  0.112420  -0.992560  0.046748  0.002293  -0.000695  0.000108  0.019173  -0.204740  0.036637  2.000000  
76.973275 0.011043  0.093791  -0.002510  0.993597  0.111754  -0.016612  0.011251  0.048435  0.998763  0.112420  -0.992555  0.046868  0.002621  -0.000786  0.000067  0.018974  -0.239096  0.038270  2.000000  
76.974537 0.011048  0.093790  -0.002510  0.993593  0.111935  -0.015604  0.010228  0.048443  0.998774  0.112553  -0.992534  0.046988  0.002922  -0.000845  0.000050  0.018783  -0.273106  0.044377  2.000000  
76.975773 0.011052  0.093789  -0.002510  0.993571  0.112236  -0.014821  0.009409  0.048596  0.998774  0.112819  -0.992493  0.047227  0.003203  -0.000922  0.000043  0.013781  -0.300269  0.054713  2.000000  
76.977023 0.011057  0.093788  -0.002511  0.993563  0.112408  -0.014019  0.008591  0.048625  0.998780  0.112952  -0.992472  0.047347  0.003393  -0.000909  0.000029  0.008755  -0.327493  0.060498  2.000000  
76.978277 0.011061  0.093788  -0.002511  0.993555  0.112577  -0.013230  0.007773  0.048776  0.998779  0.113085  -0.992445  0.047587  0.003466  -0.000893  -0.000054  0.003734  -0.354725  0.066328  2.000000  
76.979524 0.011066  0.093787  -0.002512  0.993546  0.112747  -0.012441  0.006955  0.048927  0.998778  0.113218  -0.992418  0.047827  0.003577  -0.000860  -0.000102  -0.001283  -0.381987  0.072171  2.000000  
76.980773 0.011070  0.093786  -0.002514  0.993536  0.112916  -0.011666  0.006136  0.049198  0.998770  0.113351  -0.992386  0.048187  0.003644  -0.000882  -0.000275  -0.010375  -0.409288  0.078054  2.000000  
76.982022 0.011075  0.093783  -0.002517  0.993541  0.112954  -0.010871  0.005318  0.049347  0.998768  0.113351  -0.992374  0.048428  0.003584  -0.001033  -0.000509  -0.015413  -0.436704  0.079409  2.000000  
76.983026 0.011078  0.093780  -0.002520  0.993528  0.113104  -0.010494  0.004909  0.049544  0.998760  0.113484  -0.992347  0.048668  0.003506  -0.001144  -0.000751  -0.021976  -0.450139  0.084599  2.000000  
76.984278 0.011081  0.093777  -0.002524  0.993500  0.113398  -0.009918  0.004295  0.049717  0.998754  0.113750  -0.992305  0.048907  0.003444  -0.001259  -0.001028  -0.027742  -0.470517  0.094671  2.000000  
76.985529 0.011085  0.093772  -0.002529  0.993487  0.113559  -0.009335  0.003682  0.049890  0.998748  0.113883  -0.992278  0.049147  0.003366  -0.001472  -0.001376  -0.033508  -0.490648  0.100164  2.000000  
76.986537 0.011087  0.093767  -0.002535  0.993474  0.113710  -0.008958  0.003272  0.050086  0.998740  0.114016  -0.992251  0.049387  0.003340  -0.001730  -0.001767  -0.040053  -0.503996  0.105345  2.000000  
76.987774 0.011091  0.093761  -0.002544  0.993460  0.113862  -0.008581  0.002863  0.050282  0.998731  0.114149  -0.992223  0.049627  0.003277  -0.002062  -0.002263  -0.050700  -0.517688  0.110570  2.000000  
76.988775 0.011093  0.093755  -0.002550  0.993445  0.114013  -0.008204  0.002454  0.050478  0.998722  0.114281  -0.992196  0.049867  0.003206  -0.002396  -0.002750  -0.056472  -0.538042  0.116121  2.000000  
76.990025 0.011096  0.093748  -0.002560  0.993431  0.114165  -0.007827  0.002045  0.050673  0.998713  0.114414  -0.992169  0.050107  0.003094  -0.002826  -0.003364  -0.063036  -0.551644  0.121368  2.000000  
76.991277 0.011099  0.093740  -0.002570  0.993401  0.114439  -0.007662  0.001841  0.050893  0.998702  0.114680  -0.992126  0.050346  0.002995  -0.003259  -0.004011  -0.071900  -0.544333  0.130087  2.000000  
76.992530 0.011103  0.093733  -0.002582  0.993386  0.114590  -0.007300  0.001432  0.051209  0.998687  0.114813  -0.992092  0.050706  0.002970  -0.003761  -0.004774  -0.083414  -0.539686  0.133588  2.000000  
76.993531 0.011107  0.093727  -0.002591  0.993371  0.114721  -0.007334  0.001432  0.051452  0.998674  0.114946  -0.992064  0.050946  0.002978  -0.004109  -0.005388  -0.094540  -0.523119  0.138192  2.000000  
76.994539 0.011111  0.093722  -0.002601  0.993356  0.114862  -0.007163  0.001227  0.051670  0.998663  0.115079  -0.992037  0.051186  0.002970  -0.004450  -0.005965  -0.103431  -0.515964  0.142395  2.000000  
76.995773 0.011115  0.093714  -0.002613  0.993340  0.115003  -0.007007  0.001023  0.052010  0.998646  0.115212  -0.992003  0.051546  0.002960  -0.004835  -0.006725  -0.114716  -0.511665  0.145825  2.000000  
76.997026 0.011120  0.093708  -0.002625  0.993325  0.115144  -0.006850  0.000818  0.052350  0.998628  0.115345  -0.991968  0.051906  0.003049  -0.005049  -0.007219  -0.126095  -0.495209  0.146121  2.000000  
76.998270 0.011125  0.093701  -0.002636  0.993310  0.115274  -0.006899  0.000818  0.052714  0.998609  0.115478  -0.991934  0.052267  0.003125  -0.005229  -0.007707  -0.140226  -0.464136  0.139215  2.000000  
76.999279 0.011130  0.093695  -0.002646  0.993310  0.115272  -0.006941  0.000818  0.053077  0.998590  0.115478  -0.991915  0.052628  0.003224  -0.005477  -0.008216  -0.153437  -0.433803  0.134262  2.000000  
77.000529 0.011134  0.093688  -0.002657  0.993294  0.115413  -0.006784  0.000613  0.053417  0.998572  0.115611  -0.991880  0.052988  0.003323  -0.005600  -0.008523  -0.165854  -0.416694  0.132587  2.000000  
77.001531 0.011138  0.093683  -0.002666  0.993279  0.115543  -0.006833  0.000613  0.053780  0.998553  0.115743  -0.991845  0.053348  0.003394  -0.005625  -0.008701  -0.178445  -0.392267  0.136843  2.000000  
77.002775 0.011144  0.093677  -0.002676  0.993263  0.115673  -0.006882  0.000613  0.054144  0.998533  0.115876  -0.991811  0.053708  0.003559  -0.005567  -0.008921  -0.190529  -0.357971  0.135223  2.000000  
77.004024 0.011149  0.093670  -0.002688  0.993248  0.115804  -0.006932  0.000613  0.054507  0.998513  0.116009  -0.991775  0.054068  0.003705  -0.005592  -0.009052  -0.202590  -0.323606  0.133563  2.000000  
77.005274 0.011155  0.093664  -0.002699  0.993232  0.115933  -0.006995  0.000613  0.054992  0.998487  0.116142  -0.991734  0.054548  0.003932  -0.005495  -0.009186  -0.216136  -0.293642  0.131157  2.000000  
77.006530 0.011162  0.093658  -0.002710  0.993233  0.115942  -0.006832  0.000409  0.055331  0.998468  0.116142  -0.991714  0.054909  0.004142  -0.005363  -0.009212  -0.224328  -0.275631  0.126763  2.000000  
77.007775 0.011169  0.093653  -0.002723  0.993217  0.116072  -0.006881  0.000409  0.055694  0.998448  0.116275  -0.991678  0.055269  0.004323  -0.005264  -0.009266  -0.231534  -0.248378  0.120939  2.000000  
77.009024 0.011177  0.093648  -0.002735  0.993217  0.116080  -0.006732  0.000204  0.056155  0.998422  0.116275  -0.991651  0.055750  0.004557  -0.005065  -0.009250  -0.242113  -0.228032  0.115493  2.000000  
77.010272 0.011185  0.093643  -0.002747  0.993201  0.116210  -0.006782  0.000204  0.056518  0.998402  0.116408  -0.991615  0.056110  0.004789  -0.004919  -0.009266  -0.249347  -0.200539  0.114124  2.000000  
77.011275 0.011192  0.093639  -0.002756  0.993201  0.116220  -0.006619  0.000000  0.056858  0.998382  0.116408  -0.991595  0.056471  0.004992  -0.004808  -0.009242  -0.254992  -0.186757  0.113449  2.000000  
77.012291 0.011199  0.093636  -0.002765  0.993186  0.116362  -0.006463  -0.000204  0.057197  0.998363  0.116541  -0.991559  0.056831  0.005182  -0.004692  -0.009185  -0.260576  -0.172951  0.112751  2.000000  
77.013526 0.011208  0.093632  -0.002775  0.993170  0.116491  -0.006527  -0.000204  0.057681  0.998335  0.116674  -0.991515  0.057311  0.005430  -0.004498  -0.009107  -0.268916  -0.151095  0.110815  2.000000  
77.014538 0.011215  0.093628  -0.002784  0.993155  0.116633  -0.006372  -0.000409  0.058021  0.998315  0.116807  -0.991479  0.057671  0.005651  -0.004353  -0.009025  -0.277764  -0.144254  0.110482  2.000000  
77.015780 0.011222  0.093622  -0.002794  0.993154  0.116642  -0.006223  -0.000613  0.058481  0.998288  0.116807  -0.991451  0.058152  0.005826  -0.004299  -0.008991  -0.285689  -0.132145  0.101724  2.000000  
77.017024 0.011231  0.093617  -0.002804  0.993139  0.116796  -0.005876  -0.001022  0.058917  0.998262  0.116939  -0.991407  0.058632  0.006068  -0.004210  -0.008894  -0.291432  -0.131030  0.100943  2.000000  
77.018025 0.011237  0.093613  -0.002810  0.993138  0.116807  -0.005699  -0.001227  0.059135  0.998249  0.116939  -0.991393  0.058873  0.006211  -0.004144  -0.008782  -0.291449  -0.131260  0.096530  2.000000  
77.019275 0.011245  0.093608  -0.002818  0.993122  0.116949  -0.005558  -0.001431  0.059595  0.998222  0.117072  -0.991348  0.059353  0.006305  -0.004098  -0.008564  -0.303631  -0.118596  0.096631  2.000000  
77.020527 0.011253  0.093603  -0.002826  0.993106  0.117104  -0.005198  -0.001840  0.059910  0.998202  0.117205  -0.991311  0.059713  0.006411  -0.003961  -0.008305  -0.303547  -0.118532  0.096652  2.000000  
77.021528 0.011259  0.093600  -0.002832  0.993106  0.117115  -0.005035  -0.002045  0.060249  0.998181  0.117205  -0.991289  0.060073  0.006470  -0.003886  -0.008124  -0.311688  -0.118757  0.092190  2.000000  
77.022774 0.011266  0.093596  -0.002839  0.993089  0.117258  -0.004894  -0.002249  0.060709  0.998153  0.117338  -0.991244  0.060553  0.006499  -0.003786  -0.007736  -0.315754  -0.118718  0.092242  2.000000  
77.023775 0.011273  0.093592  -0.002845  0.993088  0.117280  -0.004540  -0.002658  0.061145  0.998125  0.117338  -0.991215  0.061034  0.006493  -0.003797  -0.007445  -0.323146  -0.125818  0.088197  2.000000  
77.024778 0.011277  0.093589  -0.002850  0.993072  0.117424  -0.004386  -0.002862  0.061484  0.998104  0.117471  -0.991177  0.061394  0.006409  -0.003731  -0.007139  -0.326329  -0.132622  0.088605  2.000000  
77.026023 0.011284  0.093585  -0.002857  0.993072  0.117434  -0.004251  -0.003067  0.062065  0.998067  0.117471  -0.991139  0.061995  0.006284  -0.003711  -0.006900  -0.335861  -0.131786  0.083504  2.000000  
77.027023 0.011289  0.093582  -0.002863  0.993070  0.117458  -0.003897  -0.003476  0.062501  0.998039  0.117471  -0.991109  0.062476  0.006149  -0.003685  -0.006693  -0.339053  -0.138794  0.079489  2.000000  
77.028276 0.011295  0.093577  -0.002870  0.993069  0.117469  -0.003749  -0.003680  0.062961  0.998009  0.117471  -0.991079  0.062957  0.005939  -0.003719  -0.006400  -0.341082  -0.147042  0.076133  2.000000  
77.029521 0.011301  0.093572  -0.002877  0.993052  0.117625  -0.003418  -0.004089  0.063517  0.997972  0.117604  -0.991025  0.063557  0.005754  -0.003733  -0.006230  -0.349663  -0.152371  0.080435  2.000000  
77.030531 0.011305  0.093567  -0.002883  0.993051  0.117637  -0.003269  -0.004293  0.063977  0.997942  0.117604  -0.990994  0.064038  0.005622  -0.003754  -0.006044  -0.351591  -0.160652  0.077057  2.000000  
77.031771 0.011310  0.093560  -0.002891  0.993050  0.117648  -0.003121  -0.004498  0.064437  0.997912  0.117604  -0.990963  0.064519  0.005345  -0.003852  -0.005942  -0.356020  -0.166391  0.072444  2.000000  
77.032781 0.011313  0.093555  -0.002897  0.993048  0.117674  -0.002767  -0.004907  0.064873  0.997881  0.117604  -0.990931  0.064999  0.005122  -0.003944  -0.005868  -0.357262  -0.181681  0.069443  2.000000  
77.034025 0.011318  0.093547  -0.002904  0.993047  0.117685  -0.002633  -0.005111  0.065454  0.997843  0.117604  -0.990891  0.065600  0.004922  -0.004130  -0.005839  -0.364739  -0.188850  0.065483  2.000000  
77.035275 0.011321  0.093538  -0.002912  0.993045  0.117711  -0.002279  -0.005520  0.065890  0.997812  0.117604  -0.990860  0.066081  0.004645  -0.004402  -0.005837  -0.367201  -0.202824  0.061911  2.000000  
77.036527 0.011326  0.093530  -0.002919  0.993028  0.117856  -0.002140  -0.005724  0.066349  0.997780  0.117737  -0.990812  0.066561  0.004438  -0.004659  -0.005805  -0.368153  -0.200823  0.065930  2.000000  
77.037527 0.011328  0.093522  -0.002925  0.993026  0.117883  -0.001772  -0.006133  0.066663  0.997757  0.117737  -0.990787  0.066921  0.004188  -0.004973  -0.005859  -0.366525  -0.214673  0.062388  2.000000  
77.038530 0.011332  0.093515  -0.002932  0.993025  0.117896  -0.001610  -0.006338  0.067002  0.997733  0.117737  -0.990763  0.067282  0.004015  -0.005226  -0.005925  -0.369481  -0.216382  0.062970  2.000000  
77.039775 0.011336  0.093506  -0.002940  0.993008  0.118042  -0.001470  -0.006542  0.067461  0.997700  0.117870  -0.990714  0.067761  0.003903  -0.005566  -0.005999  -0.372780  -0.223246  0.063500  2.000000  
77.041022 0.011340  0.093496  -0.002948  0.993006  0.118055  -0.001337  -0.006746  0.068042  0.997660  0.117870  -0.990673  0.068362  0.003743  -0.005925  -0.006086  -0.377883  -0.221428  0.063099  2.000000  
77.042275 0.011345  0.093486  -0.002957  0.993003  0.118082  -0.000983  -0.007155  0.068477  0.997627  0.117870  -0.990640  0.068843  0.003620  -0.006348  -0.006193  -0.377166  -0.228543  0.059202  2.000000  
77.043532 0.011349  0.093476  -0.002965  0.993002  0.118096  -0.000849  -0.007360  0.069058  0.997586  0.117870  -0.990598  0.069444  0.003436  -0.006737  -0.006256  -0.384117  -0.230547  0.055294  2.000000  
77.044537 0.011352  0.093467  -0.002973  0.993000  0.118110  -0.000701  -0.007564  0.069518  0.997552  0.117870  -0.990564  0.069924  0.003377  -0.006969  -0.006370  -0.384242  -0.235750  0.050932  2.000000  
77.045771 0.011356  0.093457  -0.002982  0.992999  0.118124  -0.000553  -0.007768  0.069977  0.997518  0.117870  -0.990530  0.070405  0.003358  -0.007211  -0.006479  -0.384341  -0.235786  0.051059  2.000000  
77.046772 0.011359  0.093449  -0.002989  0.992999  0.118124  -0.000611  -0.007768  0.070461  0.997484  0.117870  -0.990496  0.070886  0.003266  -0.007491  -0.006550  -0.389898  -0.222401  0.045809  2.000000  
77.047774 0.011362  0.093441  -0.002997  0.992997  0.118138  -0.000448  -0.007973  0.070800  0.997459  0.117870  -0.990470  0.071246  0.003294  -0.007589  -0.006675  -0.389921  -0.222397  0.045893  2.000000  
77.048778 0.011365  0.093432  -0.003005  0.992997  0.118138  -0.000491  -0.007973  0.071163  0.997433  0.117870  -0.990444  0.071606  0.003217  -0.007766  -0.006792  -0.393888  -0.217626  0.041408  2.000000  
77.050025 0.011369  0.093422  -0.003015  0.992995  0.118152  -0.000343  -0.008177  0.071622  0.997398  0.117870  -0.990409  0.072087  0.003221  -0.007873  -0.006971  -0.393932  -0.217630  0.041518  2.000000  
77.051028 0.011372  0.093414  -0.003023  0.992994  0.118167  -0.000181  -0.008382  0.071961  0.997372  0.117870  -0.990383  0.072447  0.003224  -0.007976  -0.007145  -0.394680  -0.211030  0.036646  2.000000  
77.052274 0.011376  0.093404  -0.003034  0.992994  0.118167  -0.000238  -0.008382  0.072445  0.997337  0.117870  -0.990348  0.072928  0.003224  -0.008036  -0.007383  -0.399604  -0.204484  0.031792  2.000000  
77.053275 0.011379  0.093396  -0.003043  0.992992  0.118182  -0.000076  -0.008586  0.072784  0.997311  0.117870  -0.990321  0.073288  0.003204  -0.008111  -0.007536  -0.395558  -0.204486  0.031881  2.000000  
77.054275 0.011383  0.093388  -0.003052  0.992990  0.118197  0.000072  -0.008791  0.073243  0.997275  0.117870  -0.990285  0.073769  0.003211  -0.008106  -0.007723  -0.396303  -0.203076  0.027252  2.000000  
77.055530 0.011388  0.093379  -0.003063  0.992974  0.118329  0.000005  -0.008790  0.073726  0.997240  0.118002  -0.990234  0.074248  0.003247  -0.008068  -0.007884  -0.397085  -0.190703  0.031131  2.000000  
77.056775 0.011393  0.093369  -0.003073  0.992973  0.118345  0.000153  -0.008995  0.074185  0.997204  0.118002  -0.990197  0.074728  0.003325  -0.008033  -0.008018  -0.393900  -0.189159  0.030973  2.000000  
77.057775 0.011397  0.093362  -0.003081  0.992973  0.118345  0.000110  -0.008995  0.074548  0.997177  0.118002  -0.990170  0.075089  0.003390  -0.007992  -0.008115  -0.390547  -0.176958  0.030360  2.000000  
77.059022 0.011402  0.093352  -0.003093  0.992971  0.118360  0.000257  -0.009199  0.075008  0.997141  0.118002  -0.990134  0.075569  0.003475  -0.007938  -0.008298  -0.391473  -0.175532  0.030192  2.000000  
77.060023 0.011407  0.093345  -0.003102  0.992969  0.118376  0.000420  -0.009404  0.075346  0.997113  0.118002  -0.990106  0.075929  0.003552  -0.007900  -0.008429  -0.387378  -0.170437  0.025558  2.000000  
77.061026 0.011412  0.093338  -0.003111  0.992951  0.118524  0.000572  -0.009608  0.075683  0.997086  0.118135  -0.990063  0.076289  0.003692  -0.007802  -0.008514  -0.383209  -0.170071  0.030111  2.000000  
77.062276 0.011418  0.093328  -0.003124  0.992951  0.118524  0.000514  -0.009608  0.076167  0.997049  0.118135  -0.990026  0.076769  0.003808  -0.007801  -0.008705  -0.384957  -0.161883  0.029453  2.000000  
77.063521 0.011424  0.093319  -0.003136  0.992949  0.118540  0.000662  -0.009812  0.076626  0.997012  0.118135  -0.989988  0.077249  0.003948  -0.007748  -0.008905  -0.381761  -0.155084  0.029055  2.000000  
77.064538 0.011429  0.093311  -0.003146  0.992947  0.118556  0.000824  -0.010017  0.076965  0.996983  0.118135  -0.989960  0.077609  0.004080  -0.007682  -0.009061  -0.381704  -0.155050  0.029107  2.000000  
77.065779 0.011435  0.093302  -0.003159  0.992929  0.118705  0.000976  -0.010221  0.077302  0.996955  0.118268  -0.989916  0.077968  0.004307  -0.007603  -0.009228  -0.377457  -0.149445  0.028921  2.000000  
77.067024 0.011442  0.093293  -0.003173  0.992927  0.118721  0.001138  -0.010426  0.077640  0.996927  0.118268  -0.989887  0.078329  0.004477  -0.007548  -0.009384  -0.373440  -0.149457  0.028989  2.000000  
77.068025 0.011448  0.093286  -0.003183  0.992909  0.118870  0.001289  -0.010630  0.077977  0.996898  0.118401  -0.989843  0.078688  0.004686  -0.007428  -0.009513  -0.369345  -0.149109  0.033537  2.000000  
77.069026 0.011454  0.093279  -0.003195  0.992909  0.118871  0.001246  -0.010630  0.078340  0.996870  0.118401  -0.989814  0.079048  0.004833  -0.007397  -0.009682  -0.370148  -0.142574  0.028598  2.000000  
77.070274 0.011462  0.093271  -0.003208  0.992907  0.118888  0.001394  -0.010834  0.078799  0.996832  0.118401  -0.989776  0.079528  0.005027  -0.007344  -0.009869  -0.371941  -0.134587  0.027915  2.000000  
77.071277 0.011468  0.093264  -0.003218  0.992905  0.118904  0.001556  -0.011039  0.079137  0.996803  0.118401  -0.989747  0.079888  0.005234  -0.007251  -0.009990  -0.370992  -0.135707  0.028208  2.000000  
77.072529 0.011477  0.093256  -0.003232  0.992886  0.119054  0.001707  -0.011243  0.079474  0.996774  0.118534  -0.989702  0.080247  0.005431  -0.007173  -0.010219  -0.362748  -0.135324  0.032751  2.000000  
77.073773 0.011487  0.093249  -0.003245  0.992884  0.119071  0.001854  -0.011447  0.079933  0.996735  0.118534  -0.989663  0.080727  0.005703  -0.007026  -0.010301  -0.360626  -0.134516  0.032625  2.000000  
77.074774 0.011494  0.093243  -0.003255  0.992882  0.119088  0.002016  -0.011652  0.080271  0.996705  0.118534  -0.989634  0.081087  0.005884  -0.006927  -0.010354  -0.354626  -0.135304  0.032885  2.000000  
77.076023 0.011503  0.093235  -0.003269  0.992879  0.119106  0.002163  -0.011856  0.080730  0.996665  0.118534  -0.989594  0.081568  0.006104  -0.006830  -0.010483  -0.355775  -0.134186  0.032674  2.000000  
77.077026 0.011511  0.093229  -0.003279  0.992877  0.119123  0.002340  -0.012060  0.080948  0.996645  0.118534  -0.989574  0.081808  0.006352  -0.006685  -0.010526  -0.350548  -0.135277  0.032992  2.000000  
77.078272 0.011521  0.093222  -0.003292  0.992858  0.119273  0.002476  -0.012265  0.081405  0.996606  0.118667  -0.989519  0.082286  0.006535  -0.006581  -0.010579  -0.349791  -0.141791  0.038080  2.000000  
77.079273 0.011529  0.093216  -0.003302  0.992856  0.119291  0.002638  -0.012469  0.081743  0.996575  0.118667  -0.989489  0.082647  0.006740  -0.006476  -0.010565  -0.350951  -0.140610  0.037809  2.000000  
77.080527 0.011539  0.093208  -0.003316  0.992853  0.119309  0.002800  -0.012673  0.082081  0.996545  0.118667  -0.989458  0.083007  0.007009  -0.006354  -0.010600  -0.345702  -0.141756  0.038191  2.000000  
77.081773 0.011549  0.093200  -0.003329  0.992851  0.119327  0.002947  -0.012878  0.082540  0.996505  0.118667  -0.989418  0.083487  0.007178  -0.006278  -0.010608  -0.342006  -0.147348  0.038477  2.000000  
77.082779 0.011557  0.093195  -0.003340  0.992832  0.119477  0.003112  -0.013082  0.082756  0.996484  0.118800  -0.989382  0.083725  0.007359  -0.006198  -0.010611  -0.336655  -0.148189  0.043330  2.000000  
77.084025 0.011567  0.093187  -0.003354  0.992829  0.119496  0.003259  -0.013286  0.083214  0.996443  0.118800  -0.989341  0.084205  0.007532  -0.006152  -0.010609  -0.336707  -0.148191  0.043408  2.000000  
77.085025 0.011575  0.093181  -0.003365  0.992827  0.119514  0.003435  -0.013491  0.083432  0.996422  0.118800  -0.989321  0.084445  0.007692  -0.006102  -0.010639  -0.331789  -0.155380  0.039517  2.000000  
77.086276 0.011585  0.093172  -0.003380  0.992821  0.119550  0.003802  -0.013900  0.083745  0.996390  0.118800  -0.989290  0.084805  0.007762  -0.006096  -0.010760  -0.326909  -0.162220  0.040137  2.000000  
77.087523 0.011595  0.093165  -0.003394  0.992818  0.119568  0.003964  -0.014104  0.084083  0.996359  0.118800  -0.989259  0.085165  0.007876  -0.006081  -0.010815  -0.323387  -0.167654  0.040412  2.000000  
77.088526 0.011603  0.093158  -0.003406  0.992815  0.119587  0.004140  -0.014308  0.084300  0.996338  0.118800  -0.989238  0.085405  0.007904  -0.006119  -0.010945  -0.319397  -0.167670  0.040470  2.000000  
77.089527 0.011611  0.093152  -0.003419  0.992812  0.119605  0.004301  -0.014513  0.084638  0.996306  0.118800  -0.989207  0.085765  0.007977  -0.006118  -0.011071  -0.314479  -0.174412  0.041088  2.000000  
77.090538 0.011619  0.093146  -0.003431  0.992793  0.119756  0.004466  -0.014717  0.084853  0.996285  0.118932  -0.989171  0.086004  0.007983  -0.006144  -0.011156  -0.312891  -0.175417  0.045948  2.000000  
77.091773 0.011629  0.093138  -0.003446  0.992790  0.119775  0.004627  -0.014921  0.085191  0.996253  0.118932  -0.989139  0.086364  0.007981  -0.006199  -0.011290  -0.308897  -0.175819  0.041555  2.000000  
77.092774 0.011637  0.093132  -0.003458  0.992787  0.119794  0.004803  -0.015126  0.085408  0.996231  0.118932  -0.989118  0.086604  0.007983  -0.006217  -0.011432  -0.304848  -0.175822  0.041612  2.000000  
77.093777 0.011644  0.093125  -0.003470  0.992784  0.119813  0.004979  -0.015330  0.085625  0.996210  0.118932  -0.989097  0.086844  0.007959  -0.006257  -0.011573  -0.300723  -0.175781  0.041658  2.000000  
77.095022 0.011653  0.093117  -0.003485  0.992781  0.119832  0.005141  -0.015535  0.085963  0.996177  0.118932  -0.989066  0.087204  0.007902  -0.006296  -0.011668  -0.295848  -0.183003  0.037827  2.000000  
77.096026 0.011660  0.093111  -0.003498  0.992778  0.119851  0.005317  -0.015739  0.086180  0.996155  0.118932  -0.989044  0.087444  0.007824  -0.006281  -0.011785  -0.295868  -0.183006  0.037874  2.000000  
77.097275 0.011669  0.093102  -0.003513  0.992774  0.119871  0.005493  -0.015943  0.086397  0.996133  0.118932  -0.989023  0.087684  0.007734  -0.006356  -0.011921  -0.287711  -0.183374  0.033460  2.000000  
77.098522 0.011677  0.093094  -0.003528  0.992771  0.119890  0.005654  -0.016148  0.086734  0.996101  0.118932  -0.988991  0.088043  0.007626  -0.006394  -0.012016  -0.285310  -0.181832  0.033247  2.000000  
77.099531 0.011683  0.093087  -0.003540  0.992752  0.120042  0.005819  -0.016352  0.086949  0.996079  0.119065  -0.988954  0.088282  0.007493  -0.006401  -0.012086  -0.283537  -0.182916  0.038052  2.000000  
77.100778 0.011691  0.093079  -0.003556  0.992748  0.120061  0.005994  -0.016556  0.087166  0.996056  0.119065  -0.988932  0.088522  0.007321  -0.006429  -0.012160  -0.275424  -0.182928  0.038124  2.000000  
77.102025 0.011699  0.093072  -0.003571  0.992745  0.120081  0.006156  -0.016761  0.087504  0.996023  0.119065  -0.988900  0.088882  0.007179  -0.006371  -0.012148  -0.273148  -0.181790  0.033433  2.000000  
77.103025 0.011705  0.093066  -0.003584  0.992741  0.120101  0.006332  -0.016965  0.087721  0.996001  0.119065  -0.988879  0.089122  0.007105  -0.006383  -0.012229  -0.271348  -0.183295  0.033767  2.000000  
77.104274 0.011713  0.093058  -0.003600  0.992738  0.120121  0.006508  -0.017169  0.087938  0.995978  0.119065  -0.988857  0.089361  0.006980  -0.006329  -0.012252  -0.263337  -0.183382  0.033853  2.000000  
77.105276 0.011720  0.093053  -0.003613  0.992734  0.120140  0.006684  -0.017374  0.088155  0.995955  0.119065  -0.988835  0.089601  0.006831  -0.006310  -0.012336  -0.259096  -0.183257  0.033887  2.000000  
77.106536 0.011728  0.093046  -0.003629  0.992731  0.120160  0.006859  -0.017578  0.088371  0.995932  0.119065  -0.988813  0.089841  0.006706  -0.006249  -0.012374  -0.250902  -0.183215  0.033948  2.000000  
77.107773 0.011736  0.093039  -0.003645  0.992727  0.120180  0.007035  -0.017782  0.088588  0.995910  0.119065  -0.988792  0.090081  0.006599  -0.006206  -0.012413  -0.244866  -0.182145  0.029291  2.000000  
77.109022 0.011744  0.093032  -0.003661  0.992723  0.120201  0.007197  -0.017987  0.088926  0.995876  0.119065  -0.988759  0.090441  0.006536  -0.006111  -0.012532  -0.244857  -0.182127  0.029357  2.000000  
77.110023 0.011750  0.093025  -0.003674  0.992720  0.120220  0.007387  -0.018191  0.089022  0.995864  0.119065  -0.988748  0.090561  0.006471  -0.006082  -0.012580  -0.234638  -0.183614  0.029653  2.000000  
77.111025 0.011757  0.093020  -0.003687  0.992716  0.120240  0.007563  -0.018396  0.089239  0.995840  0.119065  -0.988726  0.090801  0.006468  -0.006038  -0.012605  -0.234629  -0.183600  0.029697  2.000000  
77.112271 0.011765  0.093013  -0.003702  0.992696  0.120393  0.007727  -0.018600  0.089453  0.995817  0.119198  -0.988688  0.091039  0.006433  -0.005936  -0.012656  -0.228682  -0.182119  0.029514  2.000000  
77.113272 0.011771  0.093007  -0.003715  0.992692  0.120413  0.007902  -0.018804  0.089670  0.995794  0.119198  -0.988666  0.091279  0.006412  -0.005884  -0.012679  -0.224593  -0.182073  0.029563  2.000000  
77.114274 0.011778  0.093002  -0.003728  0.992689  0.120433  0.008093  -0.019008  0.089766  0.995781  0.119198  -0.988655  0.091399  0.006450  -0.005837  -0.012711  -0.220568  -0.182083  0.029599  2.000000  
77.115530 0.011786  0.092995  -0.003743  0.992685  0.120453  0.008269  -0.019213  0.089983  0.995758  0.119198  -0.988632  0.091639  0.006459  -0.005705  -0.012649  -0.214216  -0.183559  0.029908  2.000000  
77.116775 0.011795  0.092988  -0.003757  0.992681  0.120474  0.008444  -0.019417  0.090200  0.995734  0.119198  -0.988610  0.091879  0.006484  -0.005662  -0.012609  -0.210147  -0.183557  0.029964  2.000000  
77.117776 0.011801  0.092983  -0.003770  0.992661  0.120627  0.008608  -0.019621  0.090414  0.995711  0.119331  -0.988572  0.092117  0.006498  -0.005617  -0.012586  -0.208414  -0.181647  0.034205  2.000000  
77.119028 0.011810  0.092977  -0.003784  0.992657  0.120647  0.008783  -0.019825  0.090630  0.995687  0.119331  -0.988550  0.092357  0.006535  -0.005526  -0.012518  -0.206875  -0.176288  0.033926  2.000000  
77.120275 0.011819  0.092971  -0.003800  0.992652  0.120667  0.008974  -0.020030  0.090726  0.995674  0.119331  -0.988538  0.092477  0.006582  -0.005432  -0.012472  -0.198821  -0.176781  0.029507  2.000000  
77.121531 0.011827  0.092965  -0.003815  0.992648  0.120688  0.009150  -0.020234  0.090943  0.995651  0.119331  -0.988516  0.092716  0.006622  -0.005346  -0.012411  -0.194609  -0.176651  0.029540  2.000000  
77.122774 0.011835  0.092960  -0.003830  0.992628  0.120841  0.009313  -0.020438  0.091157  0.995627  0.119464  -0.988478  0.092955  0.006652  -0.005259  -0.012319  -0.195490  -0.169454  0.033451  2.000000  
77.123775 0.011842  0.092955  -0.003842  0.992624  0.120861  0.009503  -0.020643  0.091253  0.995614  0.119464  -0.988466  0.093075  0.006637  -0.005168  -0.012251  -0.188993  -0.174816  0.033819  2.000000  
77.125023 0.011850  0.092950  -0.003857  0.992620  0.120882  0.009679  -0.020847  0.091470  0.995590  0.119464  -0.988444  0.093314  0.006655  -0.005050  -0.012167  -0.187339  -0.169442  0.033534  2.000000  
77.126273 0.011858  0.092944  -0.003872  0.992615  0.120903  0.009854  -0.021051  0.091686  0.995565  0.119464  -0.988421  0.093554  0.006641  -0.004960  -0.012100  -0.183229  -0.169402  0.033580  2.000000  
77.127273 0.011864  0.092940  -0.003883  0.992615  0.120905  0.009840  -0.021051  0.091807  0.995554  0.119464  -0.988410  0.093674  0.006579  -0.004893  -0.012017  -0.181725  -0.168007  0.033325  2.000000  
77.128275 0.011870  0.092935  -0.003895  0.992611  0.120925  0.010030  -0.021256  0.091903  0.995541  0.119464  -0.988398  0.093794  0.006566  -0.004778  -0.011992  -0.175066  -0.169381  0.033640  2.000000  
77.129528 0.011877  0.092930  -0.003909  0.992591  0.121078  0.010193  -0.021460  0.092117  0.995517  0.119597  -0.988360  0.094032  0.006517  -0.004721  -0.011946  -0.173618  -0.167991  0.033406  2.000000  
77.130557 0.011883  0.092925  -0.003921  0.992586  0.121099  0.010383  -0.021664  0.092212  0.995504  0.119597  -0.988348  0.094152  0.006419  -0.004649  -0.011912  -0.170819  -0.169218  0.033682  2.000000  
77.131772 0.011890  0.092919  -0.003936  0.992582  0.121119  0.010574  -0.021868  0.092308  0.995490  0.119597  -0.988337  0.094272  0.006340  -0.004603  -0.011915  -0.165530  -0.167979  0.033467  2.000000  
77.132785 0.011895  0.092914  -0.003948  0.992582  0.121120  0.010559  -0.021868  0.092429  0.995479  0.119597  -0.988325  0.094392  0.006256  -0.004566  -0.011873  -0.159520  -0.162467  0.033140  2.000000  
77.134025 0.011902  0.092909  -0.003963  0.992561  0.121274  0.010722  -0.022072  0.092643  0.995455  0.119729  -0.988286  0.094630  0.006146  -0.004543  -0.011903  -0.159563  -0.162096  0.037668  2.000000  
77.135274 0.011909  0.092903  -0.003977  0.992557  0.121294  0.010912  -0.022277  0.092738  0.995441  0.119729  -0.988275  0.094750  0.006009  -0.004530  -0.011829  -0.154203  -0.160751  0.037387  2.000000  
77.136275 0.011914  0.092898  -0.003989  0.992552  0.121315  0.011102  -0.022481  0.092834  0.995428  0.119729  -0.988263  0.094870  0.005909  -0.004552  -0.011829  -0.150153  -0.160738  0.037414  2.000000  
77.137530 0.011921  0.092893  -0.004004  0.992531  0.121469  0.011265  -0.022685  0.093048  0.995403  0.119862  -0.988224  0.095108  0.005781  -0.004541  -0.011783  -0.151370  -0.161623  0.042236  2.000000  
77.138536 0.011926  0.092888  -0.004015  0.992527  0.121489  0.011455  -0.022889  0.093143  0.995390  0.119862  -0.988213  0.095228  0.005719  -0.004560  -0.011732  0.000000  0.000000  0.000000  2.000000  
77.139775 0.011933  0.092882  -0.004029  0.992522  0.121510  0.011645  -0.023094  0.093239  0.995376  0.119862  -0.988201  0.095348  0.005598  -0.004555  -0.011702  0.000000  0.000000  0.000000  2.000000  
77.140775 0.011938  0.092878  -0.004041  0.992522  0.121511  0.011631  -0.023094  0.093360  0.995365  0.119862  -0.988190  0.095468  0.005567  -0.004563  -0.011734  0.000000  0.000000  0.000000  2.000000  
77.142024 0.011944  0.092872  -0.004056  0.992517  0.121532  0.011821  -0.023298  0.093455  0.995351  0.119862  -0.988178  0.095588  0.005469  -0.004587  -0.011723  0.000000  0.000000  0.000000  2.000000  
77.143024 0.011949  0.092867  -0.004068  0.992496  0.121685  0.011998  -0.023502  0.093548  0.995337  0.119995  -0.988151  0.095706  0.005357  -0.004607  -0.011715  0.000000  0.000000  0.000000  2.000000  
77.144026 0.011954  0.092863  -0.004080  0.992491  0.121706  0.012188  -0.023706  0.093644  0.995323  0.119995  -0.988139  0.095826  0.005329  -0.004613  -0.011745  0.000000  0.000000  0.000000  2.000000  
77.145273 0.011960  0.092857  -0.004095  0.992486  0.121726  0.012378  -0.023911  0.093739  0.995310  0.119995  -0.988127  0.095946  0.005276  -0.004613  -0.011747  0.000000  0.000000  0.000000  2.000000  
77.146534 0.011966  0.092851  -0.004110  0.992482  0.121747  0.012569  -0.024115  0.093835  0.995296  0.119995  -0.988116  0.096065  0.005202  -0.004605  -0.011744  0.000000  0.000000  0.000000  2.000000  
77.147776 0.011973  0.092846  -0.004124  0.992477  0.121770  0.012744  -0.024319  0.094051  0.995270  0.119995  -0.988092  0.096305  0.005191  -0.004558  -0.011744  0.000000  0.000000  0.000000  2.000000  
77.149028 0.011980  0.092841  -0.004139  0.992455  0.121923  0.012921  -0.024523  0.094144  0.995257  0.120128  -0.988065  0.096423  0.005162  -0.004524  -0.011756  0.000000  0.000000  0.000000  2.000000  
77.150274 0.011987  0.092836  -0.004153  0.992455  0.121924  0.012906  -0.024523  0.094265  0.995245  0.120128  -0.988053  0.096543  0.005184  -0.004469  -0.011748  0.000000  0.000000  0.000000  2.000000  
77.151275 0.011992  0.092832  -0.004165  0.992450  0.121945  0.013096  -0.024727  0.094360  0.995231  0.120128  -0.988041  0.096663  0.005169  -0.004464  -0.011713  0.000000  0.000000  0.000000  2.000000  
77.152276 0.011997  0.092828  -0.004177  0.992445  0.121966  0.013287  -0.024932  0.094456  0.995217  0.120128  -0.988030  0.096783  0.005198  -0.004388  -0.011756  0.000000  0.000000  0.000000  2.000000  
77.153528 0.012005  0.092823  -0.004191  0.992440  0.121987  0.013477  -0.025136  0.094551  0.995203  0.120128  -0.988018  0.096903  0.005235  -0.004341  -0.011744  0.000000  0.000000  0.000000  2.000000  
77.154542 0.012010  0.092819  -0.004203  0.992435  0.122009  0.013667  -0.025340  0.094647  0.995188  0.120128  -0.988006  0.097023  0.005247  -0.004275  -0.011758  0.000000  0.000000  0.000000  2.000000  
77.155778 0.012017  0.092815  -0.004217  0.992414  0.122162  0.013844  -0.025544  0.094739  0.995174  0.120261  -0.987978  0.097141  0.005291  -0.004189  -0.011702  0.000000  0.000000  0.000000  2.000000  
77.157025 0.012024  0.092810  -0.004231  0.992408  0.122183  0.014034  -0.025749  0.094835  0.995160  0.120261  -0.987966  0.097261  0.005354  -0.004131  -0.011661  0.000000  0.000000  0.000000  2.000000  
77.158270 0.012031  0.092805  -0.004246  0.992398  0.122224  0.014429  -0.026157  0.094905  0.995143  0.120261  -0.987955  0.097381  0.005383  -0.004040  -0.011708  0.000000  0.000000  0.000000  2.000000  
77.159276 0.012037  0.092802  -0.004258  0.992392  0.122245  0.014619  -0.026362  0.095001  0.995128  0.120261  -0.987943  0.097500  0.005452  -0.003976  -0.011714  0.000000  0.000000  0.000000  2.000000  
77.160523 0.012044  0.092798  -0.004272  0.992387  0.122267  0.014809  -0.026566  0.095096  0.995114  0.120261  -0.987931  0.097620  0.005489  -0.003873  -0.011649  0.000000  0.000000  0.000000  2.000000  
77.161771 0.012051  0.092794  -0.004287  0.992365  0.122420  0.014986  -0.026770  0.095188  0.995099  0.120394  -0.987903  0.097739  0.005553  -0.003792  -0.011650  0.000000  0.000000  0.000000  2.000000  
77.162779 0.012057  0.092791  -0.004299  0.992360  0.122441  0.015176  -0.026974  0.095284  0.995085  0.120394  -0.987891  0.097858  0.005609  -0.003693  -0.011656  0.000000  0.000000  0.000000  2.000000  
77.164021 0.012064  0.092787  -0.004314  0.992349  0.122483  0.015571  -0.027383  0.095354  0.995067  0.120394  -0.987879  0.097978  0.005655  -0.003578  -0.011653  0.000000  0.000000  0.000000  2.000000  
77.165023 0.012070  0.092784  -0.004326  0.992343  0.122504  0.015761  -0.027587  0.095449  0.995052  0.120394  -0.987867  0.098098  0.005648  -0.003529  -0.011709  0.000000  0.000000  0.000000  2.000000  
77.166028 0.012076  0.092782  -0.004338  0.992337  0.122526  0.015951  -0.027791  0.095545  0.995037  0.120394  -0.987856  0.098218  0.005690  -0.003418  -0.011688  0.000000  0.000000  0.000000  2.000000  
77.167274 0.012083  0.092778  -0.004353  0.992310  0.122699  0.016332  -0.028199  0.095611  0.995019  0.120526  -0.987828  0.098336  0.005685  -0.003371  -0.011749  -0.090953  -0.180463  0.044543  2.000000  
77.168276 0.012088  0.092775  -0.004365  0.992304  0.122721  0.016522  -0.028404  0.095707  0.995004  0.120526  -0.987816  0.098456  0.005681  -0.003237  -0.011769  -0.087655  -0.182467  0.040487  2.000000  
77.169527 0.012096  0.092772  -0.004380  0.992292  0.122762  0.016917  -0.028812  0.095777  0.994986  0.120526  -0.987804  0.098576  0.005695  -0.003158  -0.011788  -0.086790  -0.189229  0.041165  2.000000  
77.170537 0.012101  0.092769  -0.004391  0.992286  0.122784  0.017107  -0.029016  0.095872  0.994971  0.120526  -0.987792  0.098696  0.005660  -0.003072  -0.011801  -0.085930  -0.195997  0.041846  2.000000  
77.171775 0.012108  0.092767  -0.004406  0.992274  0.122828  0.017487  -0.029425  0.096063  0.994940  0.120526  -0.987768  0.098935  0.005657  -0.002938  -0.011834  -0.089206  -0.202894  0.042569  2.000000  
77.173026 0.012114  0.092763  -0.004420  0.992268  0.122850  0.017677  -0.029629  0.096159  0.994925  0.120526  -0.987756  0.099055  0.005598  -0.002847  -0.011794  -0.089182  -0.203305  0.038113  2.000000  
77.174274 0.012121  0.092761  -0.004435  0.992256  0.122894  0.018057  -0.030038  0.096349  0.994894  0.120526  -0.987732  0.099295  0.005588  -0.002743  -0.011784  -0.091670  -0.208415  0.038508  2.000000  
77.175527 0.012127  0.092758  -0.004450  0.992233  0.123048  0.018233  -0.030242  0.096441  0.994879  0.120659  -0.987704  0.099413  0.005503  -0.002652  -0.011809  -0.087615  -0.207973  0.042985  2.000000  
77.176528 0.012131  0.092756  -0.004461  0.992227  0.123070  0.018423  -0.030446  0.096536  0.994864  0.120659  -0.987692  0.099533  0.005445  -0.002562  -0.011771  -0.091673  -0.208004  0.043005  2.000000  
77.177771 0.012137  0.092753  -0.004476  0.992214  0.123114  0.018803  -0.030854  0.096727  0.994833  0.120659  -0.987667  0.099772  0.005356  -0.002490  -0.011787  -0.090845  -0.214769  0.043727  2.000000  
