1-Time 2-Px 3-Py 4-Pz 5-R11 6-R21 7-R31 8-R12 9-R22 10-R32 11-R13 12-R23 13-R33 14-Vx 15-Vy 16-Vz 17-Wx 18-Wy 19-Wz 20-state 21-PR11 22-PR21 23-PR31 24-PR12 25-PR22 26-PR32 27-PR13 28-PR23 29-PR33 
59.900637 0.007641  0.089431  -0.003614  0.990495  0.137453  -0.005067  -0.137288  0.990220  0.024824  0.008429  -0.023892  0.999679  -0.000473  0.000904  -0.000604  0.000000  0.000000  0.000000  2.000000  
59.901638 0.007641  0.089431  -0.003614  0.990467  0.137657  -0.005062  -0.137492  0.990192  0.024825  0.008429  -0.023892  0.999679  -0.000457  0.000852  -0.000581  0.000000  0.000000  0.000000  2.000000  
59.902638 0.007641  0.089430  -0.003615  0.990382  0.138268  -0.005046  -0.138103  0.990107  0.024828  0.008429  -0.023892  0.999679  -0.000396  0.000737  -0.000605  0.000000  0.000000  0.000000  2.000000  
59.903639 0.007642  0.089429  -0.003616  0.990268  0.139084  -0.005026  -0.138919  0.989992  0.024832  0.008429  -0.023892  0.999679  -0.000318  0.000571  -0.000606  0.000000  0.000000  0.000000  2.000000  
59.904887 0.007642  0.089426  -0.003617  0.990183  0.139693  -0.004861  -0.139531  0.989904  0.024937  0.008295  -0.024014  0.999677  -0.000239  0.000272  -0.000582  0.000000  0.000000  0.000000  2.000000  
59.905890 0.007644  0.089423  -0.003617  0.990125  0.140101  -0.004834  -0.139938  0.989843  0.025059  0.008295  -0.024135  0.999674  -0.000083  0.000023  -0.000550  0.000000  0.000000  0.000000  2.000000  
59.907142 0.007646  0.089420  -0.003618  0.990039  0.140712  -0.004818  -0.140550  0.989756  0.025062  0.008295  -0.024135  0.999674  0.000110  -0.000261  -0.000577  0.000000  0.000000  0.000000  2.000000  
59.908402 0.007650  0.089418  -0.003618  0.989891  0.141738  -0.005040  -0.141569  0.989607  0.025225  0.008563  -0.024256  0.999669  0.000384  -0.000458  -0.000504  0.000000  0.000000  0.000000  2.000000  
59.909641 0.007653  0.089416  -0.003618  0.989743  0.142763  -0.005262  -0.142587  0.989457  0.025388  0.008831  -0.024377  0.999664  0.000626  -0.000682  -0.000453  0.000000  0.000000  0.000000  2.000000  
59.910647 0.007655  0.089414  -0.003619  0.989594  0.143785  -0.005368  -0.143606  0.989309  0.025413  0.008964  -0.024377  0.999663  0.000780  -0.000883  -0.000479  0.022063  0.013315  0.194063  2.000000  
59.911891 0.007658  0.089412  -0.003621  0.989416  0.145008  -0.005319  -0.144828  0.989127  0.025539  0.008964  -0.024499  0.999660  0.001070  -0.001101  -0.000579  0.026290  0.012204  0.233691  2.000000  
59.913145 0.007662  0.089410  -0.003623  0.989238  0.146227  -0.005137  -0.146050  0.988945  0.025646  0.008831  -0.024620  0.999658  0.001354  -0.001293  -0.000692  0.031047  0.006636  0.284486  2.000000  
59.914405 0.007666  0.089408  -0.003624  0.989057  0.147448  -0.005106  -0.147272  0.988763  0.025652  0.008831  -0.024620  0.999658  0.001659  -0.001476  -0.000734  0.031325  0.005615  0.325227  2.000000  
59.915642 0.007670  0.089406  -0.003624  0.988874  0.148670  -0.005056  -0.148494  0.988577  0.025779  0.008831  -0.024741  0.999655  0.001942  -0.001654  -0.000709  0.031699  0.004569  0.366899  2.000000  
59.916643 0.007673  0.089403  -0.003625  0.988721  0.149688  -0.005029  -0.149511  0.988424  0.025784  0.008831  -0.024741  0.999655  0.002203  -0.001862  -0.000740  0.031992  0.003727  0.401412  2.000000  
59.917889 0.007677  0.089398  -0.003628  0.988534  0.150912  -0.005130  -0.150732  0.988238  0.025810  0.008964  -0.024741  0.999654  0.002434  -0.002098  -0.000792  0.032385  0.007213  0.443078  2.000000  
59.918891 0.007680  0.089394  -0.003629  0.988408  0.151729  -0.005222  -0.151546  0.988109  0.025955  0.009098  -0.024862  0.999649  0.002602  -0.002304  -0.000853  0.036732  0.011006  0.470831  2.000000  
59.920140 0.007684  0.089387  -0.003629  0.988252  0.152747  -0.005177  -0.152564  0.987949  0.026080  0.009098  -0.024984  0.999646  0.002768  -0.002494  -0.000776  0.041186  0.009967  0.512515  2.000000  
59.921388 0.007688  0.089379  -0.003629  0.988095  0.153761  -0.004999  -0.153581  0.987789  0.026184  0.008964  -0.025105  0.999645  0.002908  -0.002841  -0.000777  0.045521  0.004590  0.546882  2.000000  
59.922389 0.007693  0.089372  -0.003630  0.987969  0.154574  -0.004978  -0.154395  0.987662  0.026188  0.008964  -0.025105  0.999645  0.003073  -0.003172  -0.000813  0.045763  0.003912  0.574563  2.000000  
59.923391 0.007699  0.089364  -0.003632  0.987841  0.155388  -0.004937  -0.155208  0.987531  0.026312  0.008964  -0.025226  0.999642  0.003268  -0.003601  -0.000951  0.050074  0.003197  0.602165  2.000000  
59.924392 0.007703  0.089356  -0.003634  0.987714  0.156198  -0.004784  -0.156022  0.987404  0.026296  0.008831  -0.025226  0.999643  0.003442  -0.004058  -0.001081  0.050268  -0.001977  0.629659  2.000000  
59.925640 0.007709  0.089345  -0.003637  0.987618  0.156808  -0.004767  -0.156632  0.987307  0.026298  0.008831  -0.025226  0.999643  0.003611  -0.004606  -0.001189  0.050448  -0.002487  0.650419  2.000000  
59.926641 0.007713  0.089336  -0.003639  0.987521  0.157418  -0.004751  -0.157242  0.987210  0.026301  0.008831  -0.025226  0.999643  0.003738  -0.005071  -0.001232  0.050634  -0.002997  0.671262  2.000000  
59.927644 0.007719  0.089326  -0.003642  0.987423  0.158028  -0.004716  -0.157852  0.987109  0.026424  0.008831  -0.025347  0.999640  0.003908  -0.005682  -0.001308  0.054880  -0.003548  0.691893  2.000000  
59.928649 0.007724  0.089316  -0.003645  0.987327  0.158634  -0.004567  -0.158462  0.987012  0.026406  0.008697  -0.025347  0.999641  0.004037  -0.006230  -0.001433  0.054998  -0.008552  0.712355  2.000000  
59.929888 0.007730  0.089303  -0.003649  0.987230  0.159240  -0.004419  -0.159071  0.986914  0.026387  0.008563  -0.025347  0.999642  0.004169  -0.007011  -0.001655  0.055207  -0.013732  0.740189  2.000000  
59.930896 0.007734  0.089291  -0.003652  0.987164  0.159646  -0.004427  -0.159478  0.986852  0.026269  0.008563  -0.025226  0.999645  0.004241  -0.007711  -0.001813  0.051282  -0.014036  0.754520  2.000000  
59.932145 0.007739  0.089277  -0.003656  0.987100  0.160049  -0.004285  -0.159885  0.986787  0.026250  0.008429  -0.025226  0.999646  0.004329  -0.008355  -0.001957  0.051143  -0.018353  0.747054  2.000000  
59.933392 0.007744  0.089263  -0.003659  0.987069  0.160245  -0.004035  -0.160088  0.986758  0.026088  0.008162  -0.025105  0.999652  0.004374  -0.008855  -0.002002  0.046735  -0.026620  0.719138  2.000000  
59.934638 0.007749  0.089249  -0.003662  0.987037  0.160445  -0.003917  -0.160291  0.986729  0.025948  0.008028  -0.024984  0.999656  0.004403  -0.009435  -0.002198  0.038375  -0.026283  0.705348  2.000000  
59.935640 0.007752  0.089236  -0.003664  0.987005  0.160644  -0.003779  -0.160495  0.986696  0.025927  0.007894  -0.024984  0.999657  0.004406  -0.009881  -0.002351  0.033913  -0.030398  0.692562  2.000000  
59.936641 0.007754  0.089222  -0.003667  0.986972  0.160847  -0.003793  -0.160698  0.986666  0.025808  0.007894  -0.024863  0.999660  0.004298  -0.010373  -0.002483  0.030059  -0.030436  0.691334  2.000000  
59.937892 0.007758  0.089206  -0.003670  0.986973  0.160844  -0.003661  -0.160698  0.986667  0.025787  0.007760  -0.024863  0.999661  0.004133  -0.010838  -0.002586  0.025749  -0.043119  0.656483  2.000000  
59.939138 0.007761  0.089190  -0.003674  0.986941  0.161043  -0.003544  -0.160902  0.986637  0.025646  0.007626  -0.024741  0.999665  0.003928  -0.011307  -0.002722  0.017325  -0.055633  0.630161  2.000000  
59.940411 0.007764  0.089173  -0.003677  0.986942  0.161040  -0.003431  -0.160902  0.986641  0.025505  0.007493  -0.024620  0.999669  0.003720  -0.011631  -0.002728  0.012988  -0.063834  0.586501  2.000000  
59.941639 0.007766  0.089156  -0.003679  0.986943  0.161036  -0.003299  -0.160902  0.986641  0.025484  0.007359  -0.024620  0.999670  0.003528  -0.011954  -0.002664  0.008581  -0.067164  0.554436  2.000000  
59.942644 0.007769  0.089144  -0.003681  0.986944  0.161033  -0.003187  -0.160902  0.986645  0.025343  0.007225  -0.024499  0.999674  0.003334  -0.012170  -0.002551  0.004166  -0.066659  0.517449  2.000000  
59.943897 0.007770  0.089126  -0.003684  0.986977  0.160829  -0.003211  -0.160699  0.986681  0.025222  0.007225  -0.024378  0.999677  0.002941  -0.012556  -0.002549  -0.004431  -0.065292  0.462034  2.000000  
59.945140 0.007771  0.089108  -0.003688  0.986978  0.160826  -0.003099  -0.160699  0.986685  0.025081  0.007091  -0.024256  0.999681  0.002664  -0.012807  -0.002574  -0.008689  -0.068539  0.430847  2.000000  
59.946141 0.007771  0.089093  -0.003691  0.987012  0.160619  -0.002991  -0.160496  0.986721  0.024939  0.006957  -0.024135  0.999684  0.002408  -0.013052  -0.002564  -0.017130  -0.071988  0.389547  2.000000  
59.947148 0.007771  0.089079  -0.003694  0.987013  0.160616  -0.002859  -0.160496  0.986722  0.024918  0.006824  -0.024135  0.999685  0.002086  -0.013249  -0.002610  -0.017595  -0.080539  0.350949  2.000000  
59.948404 0.007772  0.089062  -0.003698  0.987014  0.160612  -0.002747  -0.160496  0.986725  0.024777  0.006690  -0.024014  0.999689  0.001760  -0.013442  -0.002605  -0.026072  -0.088506  0.309205  2.000000  
59.949644 0.007771  0.089045  -0.003701  0.987015  0.160609  -0.002634  -0.160496  0.986729  0.024635  0.006556  -0.023893  0.999693  0.001465  -0.013580  -0.002641  -0.034520  -0.092167  0.274554  2.000000  
59.950891 0.007770  0.089028  -0.003704  0.987048  0.160405  -0.002659  -0.160293  0.986765  0.024515  0.006556  -0.023771  0.999696  0.001204  -0.013615  -0.002608  -0.038943  -0.086659  0.233214  2.000000  
59.952138 0.007769  0.089011  -0.003708  0.987049  0.160402  -0.002527  -0.160293  0.986765  0.024494  0.006422  -0.023771  0.999697  0.000849  -0.013654  -0.002706  -0.042892  -0.089746  0.203735  2.000000  
59.953139 0.007769  0.088999  -0.003711  0.987049  0.160402  -0.002546  -0.160293  0.986768  0.024374  0.006422  -0.023650  0.999700  0.000610  -0.013632  -0.002679  -0.051194  -0.089083  0.176310  2.000000  
59.954141 0.007768  0.088986  -0.003713  0.987049  0.160402  -0.002546  -0.160293  0.986768  0.024374  0.006422  -0.023650  0.999700  0.000377  -0.013599  -0.002632  0.000000  0.000000  0.000000  2.000000  
59.955391 0.007766  0.088970  -0.003715  0.987049  0.160399  -0.002414  -0.160293  0.986769  0.024353  0.006288  -0.023650  0.999701  0.000143  -0.013588  -0.002557  0.000000  0.000000  0.000000  2.000000  
59.956391 0.007765  0.088957  -0.003716  0.987049  0.160399  -0.002414  -0.160293  0.986769  0.024353  0.006288  -0.023650  0.999701  -0.000077  -0.013503  -0.002499  0.000000  0.000000  0.000000  2.000000  
59.957642 0.007764  0.088942  -0.003718  0.987082  0.160195  -0.002439  -0.160090  0.986805  0.024232  0.006288  -0.023529  0.999703  -0.000298  -0.013457  -0.002470  0.000000  0.000000  0.000000  2.000000  
59.958889 0.007764  0.088927  -0.003719  0.987082  0.160195  -0.002439  -0.160090  0.986805  0.024232  0.006288  -0.023529  0.999703  -0.000453  -0.013250  -0.002308  0.000000  0.000000  0.000000  2.000000  
59.959889 0.007763  0.088916  -0.003720  0.987049  0.160398  -0.002434  -0.160293  0.986772  0.024233  0.006288  -0.023529  0.999703  -0.000533  -0.013067  -0.002170  0.000000  0.000000  0.000000  2.000000  
59.960893 0.007762  0.088903  -0.003721  0.987049  0.160398  -0.002434  -0.160293  0.986772  0.024233  0.006288  -0.023529  0.999703  -0.000590  -0.012853  -0.002036  0.000000  0.000000  0.000000  2.000000  
59.962141 0.007762  0.088888  -0.003722  0.987049  0.160398  -0.002434  -0.160293  0.986772  0.024233  0.006288  -0.023529  0.999703  -0.000599  -0.012711  -0.001865  0.000000  0.000000  0.000000  2.000000  
59.963144 0.007762  0.088877  -0.003723  0.987049  0.160398  -0.002434  -0.160293  0.986772  0.024233  0.006288  -0.023529  0.999703  -0.000628  -0.012559  -0.001740  0.000000  0.000000  0.000000  2.000000  
59.964393 0.007763  0.088863  -0.003724  0.987049  0.160401  -0.002566  -0.160293  0.986771  0.024254  0.006422  -0.023529  0.999703  -0.000513  -0.012335  -0.001577  0.000000  0.000000  0.000000  2.000000  
59.965642 0.007765  0.088850  -0.003724  0.987049  0.160401  -0.002566  -0.160293  0.986771  0.024254  0.006422  -0.023529  0.999703  -0.000367  -0.012076  -0.001313  0.000000  0.000000  0.000000  2.000000  
59.966891 0.007767  0.088837  -0.003725  0.987049  0.160401  -0.002566  -0.160293  0.986771  0.024254  0.006422  -0.023529  0.999703  -0.000101  -0.011809  -0.001098  0.000000  0.000000  0.000000  2.000000  
59.967893 0.007770  0.088827  -0.003725  0.987049  0.160402  -0.002546  -0.160293  0.986768  0.024374  0.006422  -0.023650  0.999700  0.000072  -0.011617  -0.000984  0.000000  0.000000  0.000000  2.000000  
59.969139 0.007773  0.088815  -0.003726  0.987049  0.160402  -0.002527  -0.160293  0.986765  0.024494  0.006422  -0.023771  0.999697  0.000336  -0.011408  -0.000849  0.000000  0.000000  0.000000  2.000000  
59.970388 0.007776  0.088802  -0.003726  0.987049  0.160402  -0.002527  -0.160293  0.986765  0.024494  0.006422  -0.023771  0.999697  0.000685  -0.011175  -0.000695  0.000000  0.000000  0.000000  2.000000  
59.971637 0.007780  0.088790  -0.003725  0.987016  0.160605  -0.002502  -0.160497  0.986729  0.024614  0.006422  -0.023893  0.999694  0.001003  -0.010971  -0.000562  0.000000  0.000000  0.000000  2.000000  
59.972639 0.007784  0.088780  -0.003725  0.987016  0.160606  -0.002483  -0.160497  0.986726  0.024734  0.006422  -0.024014  0.999691  0.001334  -0.010769  -0.000464  0.000000  0.000000  0.000000  2.000000  
59.973642 0.007788  0.088770  -0.003724  0.987015  0.160609  -0.002615  -0.160496  0.986726  0.024755  0.006556  -0.024014  0.999690  0.001687  -0.010630  -0.000349  0.000000  0.000000  0.000000  2.000000  
59.974889 0.007794  0.088759  -0.003722  0.987015  0.160609  -0.002595  -0.160496  0.986723  0.024875  0.006556  -0.024135  0.999687  0.002056  -0.010463  -0.000154  0.000000  0.000000  0.000000  2.000000  
59.975891 0.007799  0.088749  -0.003721  0.987015  0.160609  -0.002595  -0.160496  0.986723  0.024875  0.006556  -0.024135  0.999687  0.002421  -0.010283  0.000023  0.000000  0.000000  0.000000  2.000000  
59.976892 0.007803  0.088741  -0.003719  0.987015  0.160610  -0.002576  -0.160496  0.986720  0.024994  0.006556  -0.024257  0.999684  0.002811  -0.010022  0.000235  0.000000  0.000000  0.000000  2.000000  
59.977898 0.007809  0.088732  -0.003716  0.987015  0.160610  -0.002576  -0.160496  0.986720  0.024994  0.006556  -0.024257  0.999684  0.003176  -0.009857  0.000462  0.000000  0.000000  0.000000  2.000000  
59.979142 0.007816  0.088721  -0.003714  0.987015  0.160610  -0.002556  -0.160496  0.986717  0.025114  0.006556  -0.024378  0.999681  0.003581  -0.009650  0.000664  0.000000  0.000000  0.000000  2.000000  
59.980143 0.007822  0.088712  -0.003712  0.987015  0.160610  -0.002537  -0.160496  0.986714  0.025234  0.006556  -0.024499  0.999678  0.003897  -0.009547  0.000813  0.000000  0.000000  0.000000  2.000000  
59.981393 0.007829  0.088701  -0.003710  0.987015  0.160610  -0.002537  -0.160496  0.986714  0.025234  0.006556  -0.024499  0.999678  0.004199  -0.009426  0.000968  0.000000  0.000000  0.000000  2.000000  
59.982396 0.007835  0.088693  -0.003708  0.987015  0.160611  -0.002517  -0.160496  0.986711  0.025354  0.006556  -0.024620  0.999675  0.004452  -0.009305  0.001135  0.000000  0.000000  0.000000  2.000000  
59.983641 0.007841  0.088681  -0.003706  0.987015  0.160611  -0.002517  -0.160496  0.986711  0.025354  0.006556  -0.024620  0.999675  0.004655  -0.009235  0.001313  0.000000  0.000000  0.000000  2.000000  
59.984893 0.007848  0.088670  -0.003704  0.987015  0.160611  -0.002498  -0.160496  0.986708  0.025473  0.006556  -0.024742  0.999672  0.004916  -0.009113  0.001486  0.000000  0.000000  0.000000  2.000000  
59.986138 0.007855  0.088658  -0.003703  0.986982  0.160814  -0.002473  -0.160700  0.986671  0.025593  0.006556  -0.024863  0.999669  0.005082  -0.009086  0.001501  0.000000  0.000000  0.000000  2.000000  
59.987140 0.007859  0.088648  -0.003702  0.986982  0.160814  -0.002473  -0.160700  0.986671  0.025593  0.006556  -0.024863  0.999669  0.005131  -0.009073  0.001560  0.000000  0.000000  0.000000  2.000000  
59.988403 0.007864  0.088636  -0.003701  0.986982  0.160811  -0.002322  -0.160700  0.986669  0.025692  0.006422  -0.024984  0.999667  0.005149  -0.009100  0.001536  0.000000  0.000000  0.000000  2.000000  
59.989638 0.007869  0.088623  -0.003700  0.986982  0.160812  -0.002302  -0.160700  0.986666  0.025811  0.006422  -0.025105  0.999664  0.005099  -0.009147  0.001526  0.000000  0.000000  0.000000  2.000000  
59.990888 0.007874  0.088611  -0.003699  0.986982  0.160812  -0.002302  -0.160700  0.986666  0.025811  0.006422  -0.025105  0.999664  0.005011  -0.009210  0.001417  0.000000  0.000000  0.000000  2.000000  
59.992198 0.007878  0.088598  -0.003698  0.986949  0.161015  -0.002277  -0.160903  0.986630  0.025931  0.006422  -0.025227  0.999661  0.004889  -0.009285  0.001317  0.000000  0.000000  0.000000  2.000000  
59.993387 0.007883  0.088585  -0.003697  0.986948  0.161018  -0.002409  -0.160903  0.986629  0.025953  0.006556  -0.025227  0.999660  0.004734  -0.009470  0.001229  0.000000  0.000000  0.000000  2.000000  
59.994408 0.007885  0.088575  -0.003697  0.986948  0.161018  -0.002409  -0.160903  0.986629  0.025953  0.006556  -0.025227  0.999660  0.004462  -0.009633  0.001065  0.000000  0.000000  0.000000  2.000000  
59.995643 0.007888  0.088561  -0.003697  0.986948  0.161019  -0.002390  -0.160903  0.986626  0.026073  0.006556  -0.025348  0.999657  0.004189  -0.009833  0.000918  0.000000  0.000000  0.000000  2.000000  
59.996645 0.007891  0.088550  -0.003697  0.986948  0.161019  -0.002390  -0.160903  0.986626  0.026073  0.006556  -0.025348  0.999657  0.004029  -0.009974  0.000811  0.000000  0.000000  0.000000  2.000000  
59.997894 0.007894  0.088536  -0.003697  0.986915  0.161222  -0.002385  -0.161106  0.986593  0.026073  0.006556  -0.025348  0.999657  0.003759  -0.010189  0.000674  0.000000  0.000000  0.000000  2.000000  
59.998897 0.007897  0.088525  -0.003696  0.986915  0.161222  -0.002385  -0.161106  0.986593  0.026073  0.006556  -0.025348  0.999657  0.003552  -0.010348  0.000581  0.000000  0.000000  0.000000  2.000000  
60.000144 0.007900  0.088510  -0.003696  0.986915  0.161222  -0.002385  -0.161106  0.986593  0.026073  0.006556  -0.025348  0.999657  0.003293  -0.010511  0.000490  0.000000  0.000000  0.000000  2.000000  
60.001398 0.007903  0.088496  -0.003697  0.986915  0.161222  -0.002385  -0.161106  0.986593  0.026073  0.006556  -0.025348  0.999657  0.003121  -0.010691  0.000401  0.000000  0.000000  0.000000  2.000000  
60.002402 0.007905  0.088483  -0.003697  0.986915  0.161222  -0.002385  -0.161106  0.986593  0.026073  0.006556  -0.025348  0.999657  0.002941  -0.010857  0.000313  0.000000  0.000000  0.000000  2.000000  
60.003637 0.007908  0.088468  -0.003697  0.986915  0.161222  -0.002385  -0.161106  0.986593  0.026073  0.006556  -0.025348  0.999657  0.002825  -0.011009  0.000239  0.000000  0.000000  0.000000  2.000000  
60.004641 0.007910  0.088456  -0.003699  0.986915  0.161222  -0.002365  -0.161106  0.986589  0.026193  0.006556  -0.025469  0.999654  0.002704  -0.011197  0.000073  0.000000  0.000000  0.000000  2.000000  
60.005888 0.007913  0.088440  -0.003700  0.986915  0.161222  -0.002365  -0.161106  0.986589  0.026193  0.006556  -0.025469  0.999654  0.002627  -0.011389  -0.000069  0.000000  0.000000  0.000000  2.000000  
60.007136 0.007916  0.088424  -0.003702  0.986915  0.161222  -0.002365  -0.161106  0.986589  0.026193  0.006556  -0.025469  0.999654  0.002515  -0.011695  -0.000266  0.000000  0.000000  0.000000  2.000000  
60.008140 0.007918  0.088411  -0.003703  0.986915  0.161222  -0.002365  -0.161106  0.986589  0.026193  0.006556  -0.025469  0.999654  0.002432  -0.011825  -0.000415  0.000000  0.000000  0.000000  2.000000  
60.009141 0.007922  0.088398  -0.003705  0.986915  0.161222  -0.002365  -0.161106  0.986589  0.026193  0.006556  -0.025469  0.999654  0.002458  -0.011946  -0.000486  0.000000  0.000000  0.000000  2.000000  
60.010405 0.007925  0.088382  -0.003707  0.986915  0.161222  -0.002365  -0.161106  0.986589  0.026193  0.006556  -0.025469  0.999654  0.002491  -0.012126  -0.000644  0.000000  0.000000  0.000000  2.000000  
60.011644 0.007929  0.088365  -0.003708  0.986915  0.161222  -0.002345  -0.161106  0.986586  0.026312  0.006556  -0.025590  0.999651  0.002499  -0.012279  -0.000766  0.000000  0.000000  0.000000  2.000000  
60.012890 0.007933  0.088349  -0.003709  0.986915  0.161222  -0.002345  -0.161106  0.986586  0.026312  0.006556  -0.025590  0.999651  0.002542  -0.012431  -0.000845  0.000000  0.000000  0.000000  2.000000  
60.013891 0.007936  0.088336  -0.003711  0.986915  0.161222  -0.002345  -0.161106  0.986586  0.026312  0.006556  -0.025590  0.999651  0.002591  -0.012562  -0.000971  0.000000  0.000000  0.000000  2.000000  
60.014894 0.007939  0.088323  -0.003712  0.986915  0.161222  -0.002365  -0.161106  0.986589  0.026193  0.006556  -0.025469  0.999654  0.002670  -0.012674  -0.001070  0.000000  0.000000  0.000000  2.000000  
60.015895 0.007943  0.088311  -0.003712  0.986915  0.161222  -0.002365  -0.161106  0.986589  0.026193  0.006556  -0.025469  0.999654  0.002746  -0.012710  -0.001095  0.000000  0.000000  0.000000  2.000000  
60.017140 0.007947  0.088295  -0.003713  0.986915  0.161222  -0.002365  -0.161106  0.986589  0.026193  0.006556  -0.025469  0.999654  0.002883  -0.012766  -0.001114  0.000000  0.000000  0.000000  2.000000  
60.018141 0.007951  0.088283  -0.003714  0.986915  0.161222  -0.002365  -0.161106  0.986589  0.026193  0.006556  -0.025469  0.999654  0.002968  -0.012799  -0.001183  0.000000  0.000000  0.000000  2.000000  
60.019388 0.007956  0.088267  -0.003715  0.986915  0.161222  -0.002365  -0.161106  0.986589  0.026193  0.006556  -0.025469  0.999654  0.003091  -0.012814  -0.001075  0.000000  0.000000  0.000000  2.000000  
60.020392 0.007960  0.088255  -0.003715  0.986882  0.161425  -0.002360  -0.161309  0.986556  0.026193  0.006556  -0.025469  0.999654  0.003214  -0.012776  -0.001029  0.000000  0.000000  0.000000  2.000000  
60.021392 0.007963  0.088242  -0.003715  0.986882  0.161425  -0.002379  -0.161309  0.986559  0.026074  0.006556  -0.025348  0.999657  0.003272  -0.012748  -0.000939  0.000000  0.000000  0.000000  2.000000  
60.022394 0.007967  0.088230  -0.003715  0.986882  0.161425  -0.002379  -0.161309  0.986559  0.026074  0.006556  -0.025348  0.999657  0.003375  -0.012691  -0.000862  0.000000  0.000000  0.000000  2.000000  
60.023638 0.007972  0.088215  -0.003715  0.986882  0.161425  -0.002379  -0.161309  0.986559  0.026074  0.006556  -0.025348  0.999657  0.003479  -0.012617  -0.000691  0.000000  0.000000  0.000000  2.000000  
60.024639 0.007977  0.088204  -0.003714  0.986849  0.161628  -0.002374  -0.161512  0.986526  0.026074  0.006556  -0.025348  0.999657  0.003573  -0.012539  -0.000627  0.000000  0.000000  0.000000  2.000000  
60.025639 0.007981  0.088191  -0.003714  0.986849  0.161628  -0.002374  -0.161512  0.986526  0.026074  0.006556  -0.025348  0.999657  0.003657  -0.012509  -0.000471  0.000000  0.000000  0.000000  2.000000  
60.026890 0.007986  0.088177  -0.003714  0.986816  0.161831  -0.002368  -0.161715  0.986493  0.026075  0.006556  -0.025348  0.999657  0.003760  -0.012370  -0.000362  0.000000  0.000000  0.000000  2.000000  
60.027895 0.007990  0.088165  -0.003713  0.986817  0.161828  -0.002236  -0.161716  0.986493  0.026053  0.006422  -0.025348  0.999658  0.003850  -0.012265  -0.000257  0.000000  0.000000  0.000000  2.000000  
60.029141 0.007996  0.088150  -0.003712  0.986783  0.162031  -0.002231  -0.161919  0.986460  0.026053  0.006422  -0.025348  0.999658  0.003951  -0.012155  -0.000100  0.000000  0.000000  0.000000  2.000000  
60.030144 0.008001  0.088139  -0.003712  0.986783  0.162031  -0.002231  -0.161919  0.986460  0.026053  0.006422  -0.025348  0.999658  0.004032  -0.012067  0.000001  0.000000  0.000000  0.000000  2.000000  
60.031145 0.008005  0.088128  -0.003711  0.986750  0.162234  -0.002226  -0.162122  0.986427  0.026054  0.006422  -0.025348  0.999658  0.004059  -0.011976  0.000104  0.000000  0.000000  0.000000  2.000000  
60.032174 0.008009  0.088117  -0.003710  0.986716  0.162437  -0.002220  -0.162325  0.986393  0.026054  0.006422  -0.025348  0.999658  0.004149  -0.011835  0.000261  0.000000  0.000000  0.000000  2.000000  
60.033393 0.008015  0.088104  -0.003708  0.986716  0.162437  -0.002220  -0.162325  0.986393  0.026054  0.006422  -0.025348  0.999658  0.004222  -0.011748  0.000426  0.000000  0.000000  0.000000  2.000000  
60.034402 0.008020  0.088093  -0.003706  0.986683  0.162640  -0.002195  -0.162528  0.986357  0.026174  0.006422  -0.025469  0.999655  0.004332  -0.011586  0.000600  0.000000  0.000000  0.000000  2.000000  
60.035641 0.008027  0.088080  -0.003704  0.986650  0.162843  -0.002190  -0.162731  0.986323  0.026175  0.006422  -0.025469  0.999655  0.004418  -0.011424  0.000734  0.000000  0.000000  0.000000  2.000000  
60.036887 0.008033  0.088067  -0.003701  0.986616  0.163046  -0.002184  -0.162934  0.986290  0.026175  0.006422  -0.025469  0.999655  0.004491  -0.011279  0.000947  0.000000  0.000000  0.000000  2.000000  
60.037889 0.008037  0.088057  -0.003699  0.986616  0.163046  -0.002184  -0.162934  0.986290  0.026175  0.006422  -0.025469  0.999655  0.004540  -0.011154  0.001076  0.000000  0.000000  0.000000  2.000000  
60.039207 0.008043  0.088043  -0.003696  0.986582  0.163249  -0.002179  -0.163138  0.986256  0.026176  0.006422  -0.025469  0.999655  0.004551  -0.010980  0.001266  0.000000  0.000000  0.000000  2.000000  
60.040387 0.008049  0.088031  -0.003693  0.986549  0.163452  -0.002174  -0.163341  0.986222  0.026176  0.006422  -0.025469  0.999655  0.004649  -0.010871  0.001429  0.000000  0.000000  0.000000  2.000000  
60.041392 0.008054  0.088021  -0.003691  0.986515  0.163655  -0.002168  -0.163544  0.986189  0.026177  0.006422  -0.025469  0.999655  0.004655  -0.010754  0.001554  0.000000  0.000000  0.000000  2.000000  
60.042400 0.008058  0.088011  -0.003688  0.986515  0.163655  -0.002168  -0.163544  0.986189  0.026177  0.006422  -0.025469  0.999655  0.004690  -0.010610  0.001728  0.000000  0.000000  0.000000  2.000000  
60.043641 0.008064  0.088000  -0.003685  0.986481  0.163858  -0.002163  -0.163747  0.986155  0.026177  0.006422  -0.025469  0.999655  0.004667  -0.010477  0.001894  0.000000  0.000000  0.000000  2.000000  
60.044641 0.008068  0.087990  -0.003682  0.986448  0.164061  -0.002158  -0.163950  0.986121  0.026178  0.006422  -0.025469  0.999655  0.004670  -0.010354  0.002018  0.000000  0.000000  0.000000  2.000000  
60.045642 0.008072  0.087980  -0.003680  0.986448  0.164061  -0.002158  -0.163950  0.986121  0.026178  0.006422  -0.025469  0.999655  0.004667  -0.010209  0.002131  0.000000  0.000000  0.000000  2.000000  
60.046890 0.008077  0.087968  -0.003676  0.986414  0.164264  -0.002152  -0.164153  0.986087  0.026178  0.006422  -0.025469  0.999655  0.004605  -0.010082  0.002293  0.000000  0.000000  0.000000  2.000000  
60.048142 0.008083  0.087957  -0.003672  0.986414  0.164264  -0.002152  -0.164153  0.986087  0.026178  0.006422  -0.025469  0.999655  0.004561  -0.009932  0.002413  0.000000  0.000000  0.000000  2.000000  
60.049392 0.008088  0.087945  -0.003669  0.986380  0.164467  -0.002147  -0.164356  0.986054  0.026178  0.006422  -0.025469  0.999655  0.004483  -0.009844  0.002479  0.000000  0.000000  0.000000  2.000000  
60.050637 0.008092  0.087933  -0.003666  0.986380  0.164467  -0.002147  -0.164356  0.986054  0.026178  0.006422  -0.025469  0.999655  0.004362  -0.009744  0.002551  0.000000  0.000000  0.000000  2.000000  
60.051638 0.008095  0.087924  -0.003663  0.986346  0.164670  -0.002141  -0.164559  0.986020  0.026179  0.006422  -0.025469  0.999655  0.004245  -0.009678  0.002539  0.000000  0.000000  0.000000  2.000000  
60.052892 0.008099  0.087912  -0.003660  0.986346  0.164670  -0.002141  -0.164559  0.986020  0.026179  0.006422  -0.025469  0.999655  0.004136  -0.009583  0.002577  0.000000  0.000000  0.000000  2.000000  
60.054137 0.008103  0.087901  -0.003656  0.986312  0.164873  -0.002136  -0.164762  0.985986  0.026179  0.006422  -0.025469  0.999655  0.004038  -0.009565  0.002666  0.000000  0.000000  0.000000  2.000000  
60.055141 0.008107  0.087891  -0.003653  0.986312  0.164873  -0.002136  -0.164762  0.985986  0.026179  0.006422  -0.025469  0.999655  0.003891  -0.009472  0.002691  0.000000  0.000000  0.000000  2.000000  
60.056387 0.008110  0.087880  -0.003649  0.986312  0.164873  -0.002136  -0.164762  0.985986  0.026179  0.006422  -0.025469  0.999655  0.003732  -0.009435  0.002780  0.000000  0.000000  0.000000  2.000000  
60.057391 0.008113  0.087870  -0.003645  0.986312  0.164873  -0.002136  -0.164762  0.985986  0.026179  0.006422  -0.025469  0.999655  0.003644  -0.009398  0.002842  0.000000  0.000000  0.000000  2.000000  
60.058404 0.008115  0.087861  -0.003642  0.986278  0.165076  -0.002131  -0.164965  0.985952  0.026180  0.006422  -0.025469  0.999655  0.003473  -0.009365  0.002857  0.000000  0.000000  0.000000  2.000000  
60.059639 0.008119  0.087850  -0.003638  0.986278  0.165076  -0.002151  -0.164965  0.985955  0.026060  0.006422  -0.025348  0.999658  0.003368  -0.009311  0.002932  0.000000  0.000000  0.000000  2.000000  
60.060644 0.008121  0.087841  -0.003634  0.986278  0.165076  -0.002151  -0.164965  0.985955  0.026060  0.006422  -0.025348  0.999658  0.003222  -0.009279  0.003020  0.000000  0.000000  0.000000  2.000000  
60.061645 0.008123  0.087832  -0.003631  0.986278  0.165076  -0.002151  -0.164965  0.985955  0.026060  0.006422  -0.025348  0.999658  0.003113  -0.009272  0.003025  0.000000  0.000000  0.000000  2.000000  
60.062891 0.008126  0.087820  -0.003627  0.986278  0.165076  -0.002151  -0.164965  0.985955  0.026060  0.006422  -0.025348  0.999658  0.002936  -0.009258  0.003068  0.000000  0.000000  0.000000  2.000000  
60.063891 0.008128  0.087812  -0.003624  0.986278  0.165076  -0.002151  -0.164965  0.985955  0.026060  0.006422  -0.025348  0.999658  0.002803  -0.009217  0.003096  0.000000  0.000000  0.000000  2.000000  
60.064896 0.008131  0.087803  -0.003620  0.986278  0.165076  -0.002151  -0.164965  0.985955  0.026060  0.006422  -0.025348  0.999658  0.002751  -0.009173  0.003190  0.000000  0.000000  0.000000  2.000000  
60.066141 0.008133  0.087792  -0.003615  0.986278  0.165076  -0.002151  -0.164965  0.985955  0.026060  0.006422  -0.025348  0.999658  0.002646  -0.009133  0.003289  0.000000  0.000000  0.000000  2.000000  
60.067142 0.008136  0.087783  -0.003612  0.986278  0.165076  -0.002151  -0.164965  0.985955  0.026060  0.006422  -0.025348  0.999658  0.002568  -0.009093  0.003314  0.000000  0.000000  0.000000  2.000000  
60.068405 0.008138  0.087772  -0.003607  0.986278  0.165076  -0.002151  -0.164965  0.985955  0.026060  0.006422  -0.025348  0.999658  0.002460  -0.009042  0.003410  0.000000  0.000000  0.000000  2.000000  
60.069639 0.008141  0.087760  -0.003602  0.986278  0.165076  -0.002151  -0.164965  0.985955  0.026060  0.006422  -0.025348  0.999658  0.002419  -0.009037  0.003520  0.000000  0.000000  0.000000  2.000000  
60.070645 0.008143  0.087751  -0.003598  0.986278  0.165076  -0.002171  -0.164965  0.985958  0.025941  0.006422  -0.025227  0.999661  0.002382  -0.009000  0.003579  0.000000  0.000000  0.000000  2.000000  
60.071888 0.008147  0.087740  -0.003593  0.986278  0.165076  -0.002171  -0.164965  0.985958  0.025941  0.006422  -0.025227  0.999661  0.002353  -0.008994  0.003653  0.000000  0.000000  0.000000  2.000000  
60.072893 0.008149  0.087731  -0.003589  0.986244  0.165279  -0.002165  -0.165168  0.985924  0.025941  0.006422  -0.025227  0.999661  0.002362  -0.008933  0.003697  0.000000  0.000000  0.000000  2.000000  
60.074142 0.008152  0.087720  -0.003583  0.986244  0.165279  -0.002165  -0.165168  0.985924  0.025941  0.006422  -0.025227  0.999661  0.002341  -0.008951  0.003781  0.000000  0.000000  0.000000  2.000000  
60.075391 0.008156  0.087710  -0.003579  0.986244  0.165279  -0.002165  -0.165168  0.985924  0.025941  0.006422  -0.025227  0.999661  0.002366  -0.008887  0.003789  0.000000  0.000000  0.000000  2.000000  
60.076642 0.008159  0.087698  -0.003574  0.986244  0.165279  -0.002165  -0.165168  0.985924  0.025941  0.006422  -0.025227  0.999661  0.002391  -0.008882  0.003857  0.000000  0.000000  0.000000  2.000000  
60.077646 0.008162  0.087690  -0.003569  0.986244  0.165279  -0.002165  -0.165168  0.985924  0.025941  0.006422  -0.025227  0.999661  0.002447  -0.008861  0.003952  0.000000  0.000000  0.000000  2.000000  
60.078894 0.008166  0.087679  -0.003564  0.986244  0.165279  -0.002165  -0.165168  0.985924  0.025941  0.006422  -0.025227  0.999661  0.002520  -0.008836  0.004009  0.000000  0.000000  0.000000  2.000000  
60.080144 0.008170  0.087668  -0.003558  0.986244  0.165279  -0.002165  -0.165168  0.985924  0.025941  0.006422  -0.025227  0.999661  0.002592  -0.008812  0.004066  0.000000  0.000000  0.000000  2.000000  
60.081145 0.008172  0.087659  -0.003554  0.986244  0.165279  -0.002165  -0.165168  0.985924  0.025941  0.006422  -0.025227  0.999661  0.002593  -0.008818  0.004069  0.000000  0.000000  0.000000  2.000000  
60.082402 0.008176  0.087649  -0.003549  0.986210  0.165482  -0.002160  -0.165371  0.985890  0.025941  0.006422  -0.025227  0.999661  0.002676  -0.008786  0.004084  0.000000  0.000000  0.000000  2.000000  
60.083641 0.008180  0.087638  -0.003544  0.986210  0.165482  -0.002160  -0.165371  0.985890  0.025941  0.006422  -0.025227  0.999661  0.002750  -0.008766  0.004143  0.000000  0.000000  0.000000  2.000000  
60.084894 0.008184  0.087627  -0.003539  0.986210  0.165482  -0.002140  -0.165371  0.985887  0.026061  0.006422  -0.025348  0.999658  0.002810  -0.008748  0.004093  0.000000  0.000000  0.000000  2.000000  
60.085897 0.008187  0.087618  -0.003535  0.986210  0.165482  -0.002140  -0.165371  0.985887  0.026061  0.006422  -0.025348  0.999658  0.002896  -0.008725  0.004113  0.000000  0.000000  0.000000  2.000000  
60.087136 0.008191  0.087607  -0.003530  0.986176  0.165685  -0.002134  -0.165574  0.985853  0.026062  0.006422  -0.025348  0.999658  0.002912  -0.008753  0.004084  0.000000  0.000000  0.000000  2.000000  
60.088139 0.008194  0.087598  -0.003526  0.986176  0.165685  -0.002134  -0.165574  0.985853  0.026062  0.006422  -0.025348  0.999658  0.002943  -0.008727  0.004106  0.000000  0.000000  0.000000  2.000000  
60.089139 0.008197  0.087589  -0.003523  0.986176  0.165685  -0.002134  -0.165574  0.985853  0.026062  0.006422  -0.025348  0.999658  0.002979  -0.008767  0.004049  0.000000  0.000000  0.000000  2.000000  
60.090140 0.008200  0.087580  -0.003519  0.986142  0.165888  -0.002129  -0.165777  0.985819  0.026062  0.006422  -0.025348  0.999658  0.003035  -0.008758  0.004044  0.000000  0.000000  0.000000  2.000000  
60.091141 0.008203  0.087571  -0.003515  0.986142  0.165888  -0.002129  -0.165777  0.985819  0.026062  0.006422  -0.025348  0.999658  0.003048  -0.008762  0.004008  0.000000  0.000000  0.000000  2.000000  
60.092391 0.008207  0.087560  -0.003510  0.986142  0.165888  -0.002129  -0.165777  0.985819  0.026062  0.006422  -0.025348  0.999658  0.003039  -0.008846  0.003973  0.000000  0.000000  0.000000  2.000000  
60.093392 0.008210  0.087550  -0.003507  0.986108  0.166091  -0.002124  -0.165980  0.985785  0.026062  0.006422  -0.025348  0.999658  0.003030  -0.008908  0.003930  0.000000  0.000000  0.000000  2.000000  
60.094402 0.008212  0.087541  -0.003503  0.986108  0.166091  -0.002124  -0.165980  0.985785  0.026062  0.006422  -0.025348  0.999658  0.003027  -0.008882  0.003919  0.000000  0.000000  0.000000  2.000000  
60.095644 0.008216  0.087529  -0.003499  0.986074  0.166294  -0.002118  -0.166183  0.985750  0.026063  0.006422  -0.025348  0.999658  0.002982  -0.008977  0.003857  0.000000  0.000000  0.000000  2.000000  
60.097024 0.008219  0.087518  -0.003494  0.986074  0.166294  -0.002118  -0.166183  0.985750  0.026063  0.006422  -0.025348  0.999658  0.002942  -0.008931  0.003766  0.000000  0.000000  0.000000  2.000000  
60.098141 0.008222  0.087507  -0.003490  0.986040  0.166497  -0.002113  -0.166386  0.985716  0.026063  0.006422  -0.025348  0.999658  0.002904  -0.009070  0.003758  0.000000  0.000000  0.000000  2.000000  
60.099144 0.008225  0.087497  -0.003486  0.986041  0.166494  -0.001981  -0.166387  0.985717  0.026041  0.006288  -0.025348  0.999659  0.002853  -0.009130  0.003679  0.000000  0.000000  0.000000  2.000000  
60.100396 0.008228  0.087485  -0.003482  0.986006  0.166696  -0.001976  -0.166590  0.985682  0.026041  0.006288  -0.025348  0.999659  0.002814  -0.009178  0.003705  0.000000  0.000000  0.000000  2.000000  
60.101396 0.008230  0.087476  -0.003479  0.986006  0.166696  -0.001976  -0.166590  0.985682  0.026041  0.006288  -0.025348  0.999659  0.002755  -0.009213  0.003615  0.000000  0.000000  0.000000  2.000000  
60.102397 0.008232  0.087466  -0.003475  0.986006  0.166696  -0.001976  -0.166590  0.985682  0.026041  0.006288  -0.025348  0.999659  0.002675  -0.009261  0.003607  0.000000  0.000000  0.000000  2.000000  
60.103642 0.008235  0.087454  -0.003470  0.985972  0.166899  -0.001970  -0.166793  0.985648  0.026042  0.006288  -0.025348  0.999659  0.002639  -0.009319  0.003637  0.000000  0.000000  0.000000  2.000000  
60.104643 0.008238  0.087445  -0.003466  0.985972  0.166899  -0.001970  -0.166793  0.985648  0.026042  0.006288  -0.025348  0.999659  0.002637  -0.009315  0.003635  0.000000  0.000000  0.000000  2.000000  
60.105891 0.008241  0.087432  -0.003462  0.985938  0.167102  -0.001965  -0.166995  0.985614  0.026042  0.006288  -0.025348  0.999659  0.002535  -0.009426  0.003621  0.000000  0.000000  0.000000  2.000000  
60.106892 0.008244  0.087423  -0.003458  0.985938  0.167102  -0.001965  -0.166995  0.985614  0.026042  0.006288  -0.025348  0.999659  0.002542  -0.009453  0.003633  0.000000  0.000000  0.000000  2.000000  
60.108137 0.008247  0.087410  -0.003453  0.985903  0.167305  -0.001960  -0.167198  0.985579  0.026043  0.006288  -0.025348  0.999659  0.002496  -0.009481  0.003649  0.000000  0.000000  0.000000  2.000000  
60.109139 0.008249  0.087401  -0.003450  0.985903  0.167305  -0.001960  -0.167198  0.985579  0.026043  0.006288  -0.025348  0.999659  0.002494  -0.009549  0.003617  0.000000  0.000000  0.000000  2.000000  
60.110142 0.008252  0.087391  -0.003446  0.985870  0.167505  -0.001822  -0.167402  0.985545  0.026021  0.006155  -0.025348  0.999660  0.002454  -0.009591  0.003640  0.000000  0.000000  0.000000  2.000000  
60.111148 0.008254  0.087381  -0.003442  0.985870  0.167505  -0.001822  -0.167402  0.985545  0.026021  0.006155  -0.025348  0.999660  0.002446  -0.009590  0.003631  0.000000  0.000000  0.000000  2.000000  
60.112393 0.008257  0.087369  -0.003437  0.985835  0.167708  -0.001817  -0.167605  0.985511  0.026021  0.006155  -0.025348  0.999660  0.002447  -0.009618  0.003690  0.000000  0.000000  0.000000  2.000000  
60.113393 0.008260  0.087360  -0.003433  0.985835  0.167708  -0.001817  -0.167605  0.985511  0.026021  0.006155  -0.025348  0.999660  0.002449  -0.009626  0.003693  0.000000  0.000000  0.000000  2.000000  
60.114406 0.008262  0.087350  -0.003429  0.985835  0.167708  -0.001817  -0.167605  0.985511  0.026021  0.006155  -0.025348  0.999660  0.002471  -0.009632  0.003759  0.000000  0.000000  0.000000  2.000000  
60.115641 0.008266  0.087339  -0.003424  0.985801  0.167907  -0.001680  -0.167808  0.985477  0.025999  0.006021  -0.025348  0.999661  0.002503  -0.009588  0.003781  0.000000  0.000000  0.000000  2.000000  
60.116891 0.008269  0.087327  -0.003420  0.985767  0.168110  -0.001675  -0.168011  0.985442  0.025999  0.006021  -0.025348  0.999661  0.002503  -0.009592  0.003783  0.000000  0.000000  0.000000  2.000000  
