1-Time 2-Px 3-Py 4-Pz 5-R11 6-R21 7-R31 8-R12 9-R22 10-R32 11-R13 12-R23 13-R33 14-Vx 15-Vy 16-Vz 17-Wx 18-Wy 19-Wz 20-state 21-PR11 22-PR21 23-PR31 24-PR12 25-PR22 26-PR32 27-PR13 28-PR23 29-PR33 
183.389733 0.014772  0.094857  -0.017919  0.998709  0.048924  0.013650  -0.017684  0.082986  0.996394  0.047614  -0.995349  0.083744  -0.001640  0.000877  0.005463  0.170566  0.017267  0.039126  2.000000  
183.390740 0.014770  0.094858  -0.017913  0.998709  0.048920  0.013662  -0.017684  0.082744  0.996414  0.047614  -0.995369  0.083502  -0.001650  0.000880  0.005501  0.170526  0.016866  0.034642  2.000000  
183.391986 0.014771  0.094860  -0.017905  0.998712  0.048802  0.013884  -0.017890  0.082616  0.996421  0.047481  -0.995386  0.083382  -0.001446  0.000941  0.005601  0.170873  0.009592  0.030763  2.000000  
183.392987 0.014773  0.094862  -0.017899  0.998708  0.048818  0.014095  -0.018095  0.082485  0.996428  0.047481  -0.995396  0.083262  -0.001232  0.000999  0.005660  0.000000  0.000000  0.000000  2.000000  
183.394237 0.014775  0.094863  -0.017890  0.998711  0.048700  0.014318  -0.018301  0.082356  0.996435  0.047347  -0.995412  0.083141  -0.000931  0.001038  0.005839  0.000000  0.000000  0.000000  2.000000  
183.395486 0.014778  0.094865  -0.017882  0.998707  0.048717  0.014523  -0.018507  0.082346  0.996432  0.047347  -0.995412  0.083141  -0.000619  0.001058  0.005914  0.000000  0.000000  0.000000  2.000000  
183.396737 0.014783  0.094866  -0.017874  0.998699  0.048749  0.014939  -0.018918  0.082205  0.996436  0.047347  -0.995422  0.083021  -0.000100  0.001152  0.006005  0.000000  0.000000  0.000000  2.000000  
183.397984 0.014787  0.094868  -0.017867  0.998689  0.048897  0.015139  -0.019123  0.082072  0.996443  0.047481  -0.995426  0.082899  0.000353  0.001175  0.005999  0.000000  0.000000  0.000000  2.000000  
183.398991 0.014791  0.094869  -0.017861  0.998685  0.048914  0.015344  -0.019329  0.082062  0.996440  0.047481  -0.995426  0.082899  0.000710  0.001172  0.006016  0.000000  0.000000  0.000000  2.000000  
183.400237 0.014796  0.094870  -0.017854  0.998677  0.048948  0.015754  -0.019740  0.082042  0.996433  0.047481  -0.995426  0.082899  0.001208  0.001197  0.006044  0.000000  0.000000  0.000000  2.000000  
183.401486 0.014802  0.094873  -0.017847  0.998673  0.048963  0.015965  -0.019946  0.081911  0.996440  0.047481  -0.995436  0.082779  0.001724  0.001302  0.006032  0.000000  0.000000  0.000000  2.000000  
183.402498 0.014806  0.094874  -0.017842  0.998675  0.048846  0.016182  -0.020151  0.081903  0.996437  0.047347  -0.995443  0.082779  0.002079  0.001323  0.005997  0.000000  0.000000  0.000000  2.000000  
183.403504 0.014810  0.094877  -0.017837  0.998667  0.048880  0.016592  -0.020563  0.081883  0.996430  0.047347  -0.995443  0.082779  0.002518  0.001395  0.005925  0.000000  0.000000  0.000000  2.000000  
183.404737 0.014816  0.094879  -0.017831  0.998663  0.048899  0.016791  -0.020768  0.081994  0.996416  0.047347  -0.995433  0.082900  0.003030  0.001468  0.005820  0.000000  0.000000  0.000000  2.000000  
183.405739 0.014821  0.094882  -0.017826  0.998658  0.048916  0.016996  -0.020974  0.081984  0.996413  0.047347  -0.995433  0.082900  0.003391  0.001609  0.005782  0.000000  0.000000  0.000000  2.000000  
183.406989 0.014828  0.094887  -0.017819  0.998654  0.048935  0.017195  -0.021179  0.082095  0.996399  0.047347  -0.995422  0.083021  0.003833  0.001760  0.005720  0.000000  0.000000  0.000000  2.000000  
183.408236 0.014834  0.094890  -0.017813  0.998645  0.048971  0.017600  -0.021591  0.082195  0.996382  0.047347  -0.995412  0.083141  0.004035  0.001835  0.005580  0.000000  0.000000  0.000000  2.000000  
183.409489 0.014840  0.094893  -0.017808  0.998641  0.048992  0.017793  -0.021796  0.082427  0.996359  0.047347  -0.995392  0.083383  0.004327  0.001979  0.005346  0.000000  0.000000  0.000000  2.000000  
183.410502 0.014846  0.094895  -0.017804  0.998636  0.049011  0.017992  -0.022002  0.082538  0.996345  0.047347  -0.995382  0.083504  0.004515  0.002076  0.005187  0.000000  0.000000  0.000000  2.000000  
183.411737 0.014853  0.094899  -0.017799  0.998625  0.049164  0.018180  -0.022207  0.082646  0.996332  0.047481  -0.995366  0.083624  0.004700  0.002204  0.005029  0.000000  0.000000  0.000000  2.000000  
183.412982 0.014859  0.094902  -0.017794  0.998621  0.049185  0.018373  -0.022413  0.082877  0.996308  0.047481  -0.995345  0.083865  0.004780  0.002298  0.004866  0.000000  0.000000  0.000000  2.000000  
183.413986 0.014864  0.094905  -0.017790  0.998621  0.049187  0.018367  -0.022413  0.082998  0.996298  0.047481  -0.995335  0.083986  0.004864  0.002398  0.004733  0.000000  0.000000  0.000000  2.000000  
183.415232 0.014870  0.094906  -0.017786  0.998616  0.049209  0.018561  -0.022618  0.083230  0.996274  0.047481  -0.995315  0.084227  0.004918  0.002383  0.004533  0.000000  0.000000  0.000000  2.000000  
183.416232 0.014875  0.094908  -0.017784  0.998605  0.049361  0.018748  -0.022824  0.083337  0.996260  0.047614  -0.995298  0.084348  0.005002  0.002396  0.004354  0.004114  -0.170382  0.018905  2.000000  
183.417234 0.014880  0.094910  -0.017782  0.998600  0.049381  0.018948  -0.023029  0.083448  0.996246  0.047614  -0.995288  0.084468  0.005026  0.002352  0.004134  -0.003677  -0.178699  0.019647  2.000000  
183.418495 0.014885  0.094911  -0.017779  0.998600  0.049385  0.018936  -0.023029  0.083690  0.996226  0.047614  -0.995267  0.084710  0.004976  0.002277  0.003859  -0.019972  -0.178575  0.019633  2.000000  
183.419734 0.014890  0.094912  -0.017778  0.998596  0.049405  0.019135  -0.023235  0.083800  0.996212  0.047614  -0.995257  0.084830  0.004934  0.002198  0.003541  -0.031878  -0.185978  0.015738  2.000000  
183.420743 0.014894  0.094913  -0.017777  0.998589  0.049543  0.019111  -0.023235  0.084039  0.996192  0.047748  -0.995230  0.085071  0.004890  0.002038  0.003219  -0.044084  -0.185537  0.020225  2.000000  
183.421986 0.014900  0.094915  -0.017776  0.998584  0.049562  0.019310  -0.023440  0.084149  0.996177  0.047748  -0.995220  0.085192  0.004784  0.001876  0.002911  -0.051827  -0.183663  0.024505  2.000000  
183.422991 0.014904  0.094916  -0.017775  0.998578  0.049700  0.019287  -0.023440  0.084388  0.996157  0.047882  -0.995193  0.085433  0.004727  0.001739  0.002570  -0.065138  -0.171040  0.028035  2.000000  
183.424237 0.014909  0.094917  -0.017773  0.998573  0.049722  0.019480  -0.023646  0.084619  0.996133  0.047882  -0.995172  0.085674  0.004635  0.001613  0.002359  -0.076413  -0.176075  0.032836  2.000000  
183.425489 0.014913  0.094918  -0.017771  0.998573  0.049727  0.019468  -0.023646  0.084861  0.996112  0.047882  -0.995151  0.085916  0.004520  0.001523  0.002197  -0.089603  -0.170642  0.032534  2.000000  
183.426499 0.014917  0.094919  -0.017769  0.998573  0.049729  0.019462  -0.023646  0.084982  0.996102  0.047882  -0.995141  0.086037  0.004367  0.001365  0.002023  0.000000  0.000000  0.000000  2.000000  
183.427736 0.014922  0.094921  -0.017765  0.998568  0.049752  0.019655  -0.023851  0.085213  0.996077  0.047882  -0.995120  0.086278  0.004243  0.001248  0.001934  0.000000  0.000000  0.000000  2.000000  
183.428987 0.014926  0.094921  -0.017761  0.998568  0.049756  0.019643  -0.023851  0.085455  0.996057  0.047882  -0.995099  0.086519  0.004094  0.001137  0.001925  0.000000  0.000000  0.000000  2.000000  
183.430233 0.014930  0.094923  -0.017756  0.998568  0.049761  0.019631  -0.023851  0.085697  0.996036  0.047882  -0.995078  0.086761  0.003945  0.001090  0.002012  0.000000  0.000000  0.000000  2.000000  
183.431234 0.014932  0.094924  -0.017752  0.998557  0.049917  0.019812  -0.024057  0.085925  0.996011  0.048015  -0.995050  0.087002  0.003795  0.001042  0.002098  0.000000  0.000000  0.000000  2.000000  
183.432488 0.014936  0.094924  -0.017748  0.998557  0.049922  0.019800  -0.024057  0.086166  0.995990  0.048015  -0.995029  0.087243  0.003611  0.000940  0.002211  0.000000  0.000000  0.000000  2.000000  
183.433734 0.014939  0.094925  -0.017743  0.998557  0.049926  0.019788  -0.024057  0.086408  0.995969  0.048015  -0.995008  0.087484  0.003506  0.000870  0.002380  0.000000  0.000000  0.000000  2.000000  
183.434983 0.014942  0.094925  -0.017739  0.998552  0.049949  0.019981  -0.024262  0.086639  0.995944  0.048015  -0.994987  0.087726  0.003353  0.000822  0.002609  0.000000  0.000000  0.000000  2.000000  
183.435984 0.014944  0.094926  -0.017734  0.998552  0.049954  0.019969  -0.024262  0.086881  0.995923  0.048015  -0.994965  0.087967  0.003263  0.000813  0.002831  0.000000  0.000000  0.000000  2.000000  
183.436992 0.014947  0.094926  -0.017731  0.998547  0.049977  0.020162  -0.024468  0.087112  0.995898  0.048015  -0.994944  0.088208  0.003137  0.000783  0.003039  -0.166257  -0.101350  0.031291  2.000000  
183.438236 0.014950  0.094927  -0.017726  0.998547  0.049981  0.020149  -0.024468  0.087354  0.995877  0.048015  -0.994923  0.088450  0.003043  0.000759  0.003200  -0.170713  -0.094486  0.030724  2.000000  
183.439488 0.014953  0.094928  -0.017721  0.998542  0.050004  0.020342  -0.024674  0.087585  0.995851  0.048015  -0.994901  0.088691  0.002911  0.000734  0.003461  -0.173328  -0.093690  0.030484  2.000000  
183.440500 0.014956  0.094929  -0.017717  0.998542  0.050007  0.020336  -0.024674  0.087706  0.995841  0.048015  -0.994890  0.088812  0.002833  0.000716  0.003598  -0.173657  -0.086858  0.029904  2.000000  
183.441735 0.014960  0.094930  -0.017712  0.998537  0.050030  0.020529  -0.024879  0.087937  0.995815  0.048015  -0.994869  0.089053  0.002761  0.000676  0.003793  -0.177695  -0.087238  0.025477  2.000000  
183.442736 0.014962  0.094930  -0.017708  0.998537  0.050035  0.020517  -0.024879  0.088179  0.995794  0.048015  -0.994847  0.089295  0.002707  0.000654  0.003852  -0.179482  -0.081062  0.025108  2.000000  
183.443988 0.014965  0.094932  -0.017701  0.998525  0.050191  0.020698  -0.025085  0.088407  0.995769  0.048149  -0.994819  0.089535  0.002630  0.000661  0.003942  -0.179482  -0.080667  0.029608  2.000000  
183.445236 0.014969  0.094932  -0.017695  0.998520  0.050214  0.020891  -0.025290  0.088638  0.995743  0.048149  -0.994797  0.089777  0.002622  0.000641  0.004037  -0.183246  -0.087950  0.025748  2.000000  
183.446482 0.014972  0.094932  -0.017689  0.998515  0.050235  0.021090  -0.025496  0.088748  0.995728  0.048149  -0.994786  0.089897  0.002599  0.000590  0.004178  -0.181746  -0.087227  0.025548  2.000000  
183.447484 0.014974  0.094933  -0.017683  0.998515  0.050240  0.021077  -0.025496  0.088990  0.995706  0.048149  -0.994765  0.090139  0.002578  0.000573  0.004307  -0.182066  -0.080388  0.024969  2.000000  
183.448732 0.014977  0.094934  -0.017676  0.998503  0.050397  0.021258  -0.025701  0.089218  0.995680  0.048283  -0.994736  0.090379  0.002565  0.000614  0.004489  -0.185756  -0.086812  0.030024  2.000000  
183.449734 0.014979  0.094935  -0.017670  0.998498  0.050418  0.021457  -0.025907  0.089328  0.995665  0.048283  -0.994725  0.090500  0.002575  0.000659  0.004636  -0.183287  -0.087558  0.030300  2.000000  
183.450736 0.014982  0.094935  -0.017664  0.998492  0.050441  0.021650  -0.026112  0.089559  0.995639  0.048283  -0.994703  0.090741  0.002553  0.000641  0.004768  -0.185463  -0.094043  0.026222  2.000000  
183.451987 0.014985  0.094936  -0.017656  0.998486  0.050577  0.021631  -0.026112  0.089677  0.995629  0.048416  -0.994686  0.090861  0.002520  0.000680  0.004984  -0.183219  -0.087520  0.030323  2.000000  
183.453234 0.014988  0.094938  -0.017650  0.998480  0.050601  0.021824  -0.026318  0.089908  0.995602  0.048416  -0.994664  0.091103  0.002487  0.000690  0.005104  -0.185425  -0.094020  0.026253  2.000000  
183.454240 0.014990  0.094939  -0.017644  0.998469  0.050758  0.022005  -0.026523  0.090135  0.995576  0.048550  -0.994635  0.091343  0.002506  0.000732  0.005220  -0.186922  -0.094377  0.030968  2.000000  
183.455490 0.014993  0.094940  -0.017638  0.998463  0.050779  0.022203  -0.026728  0.090246  0.995561  0.048550  -0.994624  0.091464  0.002465  0.000759  0.005280  -0.182513  -0.101255  0.031599  2.000000  
183.456736 0.014995  0.094941  -0.017633  0.998463  0.050784  0.022191  -0.026728  0.090487  0.995539  0.048550  -0.994602  0.091705  0.002386  0.000763  0.005228  -0.182880  -0.094381  0.031014  2.000000  
183.457986 0.014998  0.094942  -0.017629  0.998451  0.050939  0.022378  -0.026934  0.090594  0.995524  0.048683  -0.994584  0.091825  0.002353  0.000758  0.005155  -0.176992  -0.100028  0.035829  2.000000  
183.458989 0.015000  0.094943  -0.017625  0.998445  0.050963  0.022570  -0.027139  0.090825  0.995497  0.048683  -0.994562  0.092067  0.002298  0.000783  0.005113  -0.178113  -0.107725  0.036767  2.000000  
183.460235 0.015002  0.094944  -0.017620  0.998439  0.051099  0.022552  -0.027139  0.090942  0.995486  0.048817  -0.994544  0.092187  0.002230  0.000742  0.005008  -0.174131  -0.107378  0.041289  2.000000  
183.461236 0.015004  0.094944  -0.017617  0.998433  0.051120  0.022750  -0.027345  0.091052  0.995471  0.048817  -0.994533  0.092307  0.002190  0.000796  0.004886  -0.174048  -0.107729  0.036805  2.000000  
183.462483 0.015007  0.094945  -0.017612  0.998427  0.051256  0.022732  -0.027345  0.091169  0.995460  0.048951  -0.994515  0.092427  0.002165  0.000780  0.004766  -0.168562  -0.106433  0.040963  2.000000  
183.463489 0.015008  0.094944  -0.017608  0.998421  0.051277  0.022931  -0.027550  0.091279  0.995444  0.048951  -0.994504  0.092548  0.002095  0.000717  0.004572  -0.165511  -0.114167  0.041936  2.000000  
183.464738 0.015010  0.094944  -0.017604  0.998415  0.051413  0.022912  -0.027550  0.091397  0.995433  0.049084  -0.994486  0.092668  0.002064  0.000648  0.004405  0.000000  0.000000  0.000000  2.000000  
183.465984 0.015012  0.094943  -0.017600  0.998402  0.051568  0.023098  -0.027755  0.091503  0.995418  0.049218  -0.994469  0.092788  0.001993  0.000515  0.004112  0.000000  0.000000  0.000000  2.000000  
183.467236 0.015015  0.094943  -0.017597  0.998396  0.051704  0.023080  -0.027755  0.091620  0.995407  0.049352  -0.994451  0.092908  0.001964  0.000381  0.003859  0.000000  0.000000  0.000000  2.000000  
183.468482 0.015017  0.094942  -0.017594  0.998396  0.051704  0.023080  -0.027755  0.091620  0.995407  0.049352  -0.994451  0.092908  0.001897  0.000250  0.003576  0.000000  0.000000  0.000000  2.000000  
183.469486 0.015019  0.094941  -0.017591  0.998389  0.051839  0.023061  -0.027755  0.091737  0.995396  0.049485  -0.994433  0.093028  0.001874  0.000152  0.003399  0.000000  0.000000  0.000000  2.000000  
183.470501 0.015020  0.094941  -0.017589  0.998389  0.051842  0.023055  -0.027755  0.091858  0.995385  0.049485  -0.994422  0.093149  0.001811  0.000030  0.003256  0.000000  0.000000  0.000000  2.000000  
183.471737 0.015022  0.094940  -0.017587  0.998383  0.051975  0.023042  -0.027755  0.091854  0.995386  0.049619  -0.994415  0.093148  0.001774  -0.000123  0.003089  0.000000  0.000000  0.000000  2.000000  
183.472737 0.015024  0.094939  -0.017585  0.998376  0.052111  0.023023  -0.027755  0.091971  0.995375  0.049753  -0.994397  0.093268  0.001732  -0.000189  0.002962  0.000000  0.000000  0.000000  2.000000  
183.473738 0.015025  0.094939  -0.017584  0.998376  0.052111  0.023023  -0.027755  0.091971  0.995375  0.049753  -0.994397  0.093268  0.001725  -0.000288  0.002764  0.000000  0.000000  0.000000  2.000000  
183.474740 0.015027  0.094937  -0.017583  0.998369  0.052244  0.023011  -0.027754  0.091967  0.995375  0.049886  -0.994391  0.093267  0.001674  -0.000414  0.002583  0.000000  0.000000  0.000000  2.000000  
183.475986 0.015028  0.094936  -0.017583  0.998369  0.052247  0.023004  -0.027754  0.092088  0.995364  0.049886  -0.994379  0.093388  0.001619  -0.000561  0.002333  0.000000  0.000000  0.000000  2.000000  
183.476986 0.015029  0.094935  -0.017582  0.998363  0.052380  0.022992  -0.027754  0.092084  0.995364  0.050020  -0.994373  0.093387  0.001563  -0.000677  0.002068  0.000000  0.000000  0.000000  2.000000  
183.478000 0.015030  0.094933  -0.017583  0.998363  0.052380  0.022992  -0.027754  0.092084  0.995364  0.050020  -0.994373  0.093387  0.001467  -0.000779  0.001803  0.000000  0.000000  0.000000  2.000000  
183.479234 0.015031  0.094931  -0.017583  0.998356  0.052513  0.022980  -0.027754  0.092081  0.995365  0.050153  -0.994366  0.093387  0.001439  -0.000888  0.001493  0.000000  0.000000  0.000000  2.000000  
183.480497 0.015032  0.094929  -0.017583  0.998356  0.052513  0.022980  -0.027754  0.092081  0.995365  0.050153  -0.994366  0.093387  0.001333  -0.000963  0.001220  0.000000  0.000000  0.000000  2.000000  
183.481736 0.015033  0.094927  -0.017584  0.998349  0.052646  0.022967  -0.027754  0.092077  0.995365  0.050287  -0.994359  0.093386  0.001282  -0.001041  0.000940  0.000000  0.000000  0.000000  2.000000  
183.482747 0.015034  0.094926  -0.017584  0.998349  0.052646  0.022967  -0.027754  0.092077  0.995365  0.050287  -0.994359  0.093386  0.001219  -0.001138  0.000750  0.000000  0.000000  0.000000  2.000000  
183.483983 0.015036  0.094924  -0.017583  0.998342  0.052779  0.022955  -0.027754  0.092073  0.995365  0.050421  -0.994352  0.093386  0.001191  -0.001180  0.000685  0.000000  0.000000  0.000000  2.000000  
183.484984 0.015036  0.094922  -0.017583  0.998342  0.052779  0.022955  -0.027754  0.092073  0.995365  0.050421  -0.994352  0.093386  0.001138  -0.001270  0.000497  0.000000  0.000000  0.000000  2.000000  
183.485984 0.015038  0.094921  -0.017582  0.998336  0.052912  0.022942  -0.027753  0.092070  0.995366  0.050554  -0.994346  0.093385  0.001099  -0.001306  0.000476  0.000000  0.000000  0.000000  2.000000  
183.486992 0.015039  0.094919  -0.017582  0.998336  0.052912  0.022942  -0.027753  0.092070  0.995366  0.050554  -0.994346  0.093385  0.001044  -0.001422  0.000335  0.000000  0.000000  0.000000  2.000000  
183.488236 0.015040  0.094917  -0.017581  0.998329  0.053045  0.022930  -0.027753  0.092066  0.995366  0.050688  -0.994339  0.093384  0.000998  -0.001490  0.000214  0.000000  0.000000  0.000000  2.000000  
183.489488 0.015041  0.094914  -0.017581  0.998323  0.053064  0.023134  -0.027959  0.092055  0.995361  0.050688  -0.994339  0.093384  0.000958  -0.001579  0.000139  0.000000  0.000000  0.000000  2.000000  
183.490504 0.015042  0.094912  -0.017581  0.998323  0.053064  0.023134  -0.027959  0.092055  0.995361  0.050688  -0.994339  0.093384  0.000940  -0.001608  0.000068  0.000000  0.000000  0.000000  2.000000  
183.491737 0.015043  0.094910  -0.017582  0.998316  0.053194  0.023128  -0.027959  0.091931  0.995373  0.050822  -0.994344  0.093263  0.000917  -0.001643  0.000014  0.000000  0.000000  0.000000  2.000000  
183.492738 0.015043  0.094908  -0.017582  0.998316  0.053194  0.023128  -0.027959  0.091931  0.995373  0.050822  -0.994344  0.093263  0.000891  -0.001699  0.000033  0.000000  0.000000  0.000000  2.000000  
183.493987 0.015044  0.094907  -0.017582  0.998316  0.053194  0.023128  -0.027959  0.091931  0.995373  0.050822  -0.994344  0.093263  0.000875  -0.001669  0.000032  0.000000  0.000000  0.000000  2.000000  
183.494987 0.015044  0.094904  -0.017582  0.998304  0.053343  0.023327  -0.028164  0.091795  0.995380  0.050955  -0.994348  0.093142  0.000836  -0.001720  0.000091  0.000000  0.000000  0.000000  2.000000  
183.496234 0.015045  0.094903  -0.017582  0.998304  0.053343  0.023327  -0.028164  0.091795  0.995380  0.050955  -0.994348  0.093142  0.000825  -0.001693  0.000082  0.000000  0.000000  0.000000  2.000000  
183.497234 0.015046  0.094902  -0.017582  0.998304  0.053343  0.023327  -0.028164  0.091795  0.995380  0.050955  -0.994348  0.093142  0.000803  -0.001663  0.000113  0.000000  0.000000  0.000000  2.000000  
183.498235 0.015046  0.094900  -0.017582  0.998298  0.053359  0.023539  -0.028369  0.091663  0.995386  0.050955  -0.994359  0.093021  0.000757  -0.001664  0.000089  0.000000  0.000000  0.000000  2.000000  
183.499237 0.015046  0.094899  -0.017582  0.998291  0.053492  0.023526  -0.028369  0.091660  0.995386  0.051089  -0.994353  0.093021  0.000693  -0.001635  0.000080  0.000000  0.000000  0.000000  2.000000  
183.500497 0.015047  0.094897  -0.017581  0.998285  0.053511  0.023731  -0.028575  0.091649  0.995381  0.051089  -0.994353  0.093021  0.000669  -0.001579  0.000061  0.000000  0.000000  0.000000  2.000000  
183.501734 0.015047  0.094895  -0.017581  0.998285  0.053508  0.023738  -0.028575  0.091528  0.995392  0.051089  -0.994364  0.092900  0.000574  -0.001582  0.000046  0.000000  0.000000  0.000000  2.000000  
183.502736 0.015047  0.094895  -0.017581  0.998285  0.053508  0.023738  -0.028575  0.091528  0.995392  0.051089  -0.994364  0.092900  0.000552  -0.001528  0.000027  0.000000  0.000000  0.000000  2.000000  
183.503747 0.015048  0.094893  -0.017580  0.998272  0.053660  0.023930  -0.028780  0.091513  0.995388  0.051222  -0.994357  0.092899  0.000515  -0.001467  0.000040  0.000000  0.000000  0.000000  2.000000  
183.504987 0.015048  0.094892  -0.017579  0.998272  0.053657  0.023937  -0.028780  0.091392  0.995399  0.051222  -0.994368  0.092779  0.000470  -0.001430  0.000153  0.000000  0.000000  0.000000  2.000000  
183.506237 0.015049  0.094891  -0.017578  0.998267  0.053676  0.024142  -0.028986  0.091381  0.995394  0.051222  -0.994368  0.092779  0.000419  -0.001370  0.000261  0.000000  0.000000  0.000000  2.000000  
183.507240 0.015049  0.094890  -0.017577  0.998260  0.053809  0.024129  -0.028985  0.091377  0.995394  0.051356  -0.994361  0.092778  0.000401  -0.001274  0.000341  0.000000  0.000000  0.000000  2.000000  
183.508489 0.015049  0.094889  -0.017576  0.998260  0.053806  0.024136  -0.028985  0.091257  0.995405  0.051356  -0.994373  0.092657  0.000356  -0.001237  0.000453  0.000000  0.000000  0.000000  2.000000  
183.509493 0.015049  0.094888  -0.017576  0.998254  0.053825  0.024341  -0.029191  0.091246  0.995400  0.051356  -0.994373  0.092657  0.000321  -0.001154  0.000425  0.000000  0.000000  0.000000  2.000000  
183.510501 0.015049  0.094887  -0.017576  0.998247  0.053955  0.024335  -0.029191  0.091121  0.995412  0.051490  -0.994377  0.092536  0.000310  -0.001126  0.000415  0.000000  0.000000  0.000000  2.000000  
183.511738 0.015049  0.094886  -0.017576  0.998241  0.053973  0.024540  -0.029396  0.091110  0.995407  0.051490  -0.994377  0.092536  0.000221  -0.001042  0.000395  0.000000  0.000000  0.000000  2.000000  
183.512740 0.015049  0.094886  -0.017576  0.998241  0.053973  0.024540  -0.029396  0.091110  0.995407  0.051490  -0.994377  0.092536  0.000198  -0.000987  0.000376  0.000000  0.000000  0.000000  2.000000  
183.513986 0.015049  0.094885  -0.017577  0.998241  0.053970  0.024546  -0.029396  0.090989  0.995418  0.051490  -0.994388  0.092416  0.000163  -0.000905  0.000348  0.000000  0.000000  0.000000  2.000000  
183.515232 0.015049  0.094885  -0.017577  0.998228  0.054122  0.024739  -0.029602  0.090974  0.995413  0.051623  -0.994381  0.092415  0.000149  -0.000839  0.000284  0.000000  0.000000  0.000000  2.000000  
183.516232 0.015049  0.094885  -0.017577  0.998228  0.054119  0.024745  -0.029602  0.090853  0.995424  0.051623  -0.994393  0.092294  0.000126  -0.000785  0.000265  0.000000  0.000000  0.000000  2.000000  
183.517237 0.015049  0.094885  -0.017578  0.998222  0.054138  0.024950  -0.029807  0.090842  0.995419  0.051623  -0.994393  0.092294  0.000134  -0.000677  0.000219  0.000000  0.000000  0.000000  2.000000  
183.518237 0.015049  0.094885  -0.017578  0.998215  0.054271  0.024938  -0.029807  0.090838  0.995419  0.051757  -0.994386  0.092294  0.000100  -0.000596  0.000191  0.000000  0.000000  0.000000  2.000000  
183.519238 0.015049  0.094885  -0.017578  0.998215  0.054268  0.024945  -0.029807  0.090717  0.995431  0.051757  -0.994397  0.092173  0.000035  -0.000520  0.000091  0.000000  0.000000  0.000000  2.000000  
183.520505 0.015048  0.094885  -0.017577  0.998215  0.054268  0.024945  -0.029807  0.090717  0.995431  0.051757  -0.994397  0.092173  0.000000  -0.000445  0.000064  0.000000  0.000000  0.000000  2.000000  
183.521738 0.015048  0.094885  -0.017578  0.998209  0.054287  0.025150  -0.030012  0.090706  0.995425  0.051757  -0.994397  0.092173  -0.000034  -0.000333  -0.000014  0.000000  0.000000  0.000000  2.000000  
183.522739 0.015048  0.094885  -0.017578  0.998202  0.054416  0.025144  -0.030012  0.090582  0.995437  0.051891  -0.994401  0.092052  -0.000047  -0.000287  -0.000074  0.000000  0.000000  0.000000  2.000000  
183.523990 0.015048  0.094886  -0.017577  0.998202  0.054416  0.025144  -0.030012  0.090582  0.995437  0.051891  -0.994401  0.092052  -0.000018  -0.000121  -0.000108  0.000000  0.000000  0.000000  2.000000  
183.525236 0.015048  0.094886  -0.017578  0.998196  0.054435  0.025349  -0.030218  0.090570  0.995432  0.051891  -0.994401  0.092052  -0.000053  -0.000038  -0.000136  0.000000  0.000000  0.000000  2.000000  
183.526239 0.015048  0.094887  -0.017578  0.998189  0.054568  0.025336  -0.030217  0.090566  0.995432  0.052024  -0.994394  0.092051  -0.000076  0.000017  -0.000155  0.000000  0.000000  0.000000  2.000000  
183.527489 0.015048  0.094888  -0.017577  0.998189  0.054565  0.025343  -0.030217  0.090446  0.995443  0.052024  -0.994405  0.091931  -0.000047  0.000135  -0.000088  0.000000  0.000000  0.000000  2.000000  
183.528735 0.015049  0.094889  -0.017577  0.998182  0.054584  0.025548  -0.030423  0.090434  0.995438  0.052024  -0.994405  0.091931  -0.000026  0.000189  -0.000074  0.000000  0.000000  0.000000  2.000000  
183.529982 0.015049  0.094889  -0.017577  0.998175  0.054717  0.025536  -0.030423  0.090430  0.995438  0.052158  -0.994399  0.091930  0.000003  0.000304  -0.000008  0.000000  0.000000  0.000000  2.000000  
183.530984 0.015050  0.094890  -0.017578  0.998175  0.054714  0.025542  -0.030423  0.090310  0.995449  0.052158  -0.994410  0.091809  0.000034  0.000363  -0.000036  0.000000  0.000000  0.000000  2.000000  
183.532232 0.015050  0.094891  -0.017577  0.998169  0.054732  0.025747  -0.030628  0.090298  0.995444  0.052158  -0.994410  0.091809  0.000043  0.000416  0.000018  0.000000  0.000000  0.000000  2.000000  
183.533236 0.015050  0.094891  -0.017578  0.998169  0.054732  0.025747  -0.030628  0.090298  0.995444  0.052158  -0.994410  0.091809  0.000085  0.000442  0.000000  0.000000  0.000000  0.000000  2.000000  
183.534489 0.015051  0.094892  -0.017577  0.998162  0.054865  0.025735  -0.030628  0.090294  0.995444  0.052291  -0.994403  0.091809  0.000161  0.000481  0.000055  0.000000  0.000000  0.000000  2.000000  
183.535738 0.015052  0.094892  -0.017578  0.998162  0.054865  0.025735  -0.030628  0.090294  0.995444  0.052291  -0.994403  0.091809  0.000211  0.000496  -0.000004  0.000000  0.000000  0.000000  2.000000  
183.536742 0.015052  0.094893  -0.017577  0.998156  0.054881  0.025947  -0.030834  0.090162  0.995450  0.052291  -0.994414  0.091688  0.000258  0.000505  0.000028  0.000000  0.000000  0.000000  2.000000  
183.537986 0.015052  0.094893  -0.017576  0.998149  0.055014  0.025934  -0.030833  0.090158  0.995450  0.052425  -0.994407  0.091687  0.000279  0.000538  0.000092  0.000000  0.000000  0.000000  2.000000  
183.538990 0.015053  0.094894  -0.017575  0.998149  0.055014  0.025934  -0.030833  0.090158  0.995450  0.052425  -0.994407  0.091687  0.000328  0.000504  0.000131  0.000000  0.000000  0.000000  2.000000  
183.540238 0.015054  0.094894  -0.017573  0.998142  0.055032  0.026139  -0.031039  0.090147  0.995445  0.052425  -0.994407  0.091687  0.000398  0.000523  0.000279  0.000000  0.000000  0.000000  2.000000  
183.541489 0.015055  0.094895  -0.017572  0.998135  0.055165  0.026127  -0.031039  0.090143  0.995445  0.052559  -0.994400  0.091687  0.000423  0.000519  0.000346  0.000000  0.000000  0.000000  2.000000  
183.542492 0.015056  0.094896  -0.017571  0.998135  0.055165  0.026127  -0.031039  0.090143  0.995445  0.052559  -0.994400  0.091687  0.000506  0.000535  0.000457  0.000000  0.000000  0.000000  2.000000  
183.543737 0.015057  0.094896  -0.017569  0.998129  0.055180  0.026339  -0.031244  0.090010  0.995451  0.052559  -0.994411  0.091566  0.000550  0.000489  0.000590  0.000000  0.000000  0.000000  2.000000  
183.544986 0.015057  0.094897  -0.017567  0.998122  0.055313  0.026326  -0.031244  0.090006  0.995451  0.052692  -0.994404  0.091565  0.000582  0.000494  0.000662  0.000000  0.000000  0.000000  2.000000  
183.546235 0.015058  0.094898  -0.017566  0.998122  0.055313  0.026326  -0.031244  0.090006  0.995451  0.052692  -0.994404  0.091565  0.000571  0.000473  0.000753  0.000000  0.000000  0.000000  2.000000  
183.547488 0.015059  0.094899  -0.017564  0.998108  0.055465  0.026519  -0.031449  0.089991  0.995446  0.052826  -0.994397  0.091565  0.000592  0.000481  0.000867  0.000000  0.000000  0.000000  2.000000  
183.548734 0.015060  0.094899  -0.017563  0.998108  0.055465  0.026519  -0.031449  0.089991  0.995446  0.052826  -0.994397  0.091565  0.000602  0.000517  0.000971  0.000000  0.000000  0.000000  2.000000  
183.549986 0.015061  0.094900  -0.017562  0.998101  0.055598  0.026507  -0.031449  0.089987  0.995446  0.052959  -0.994390  0.091564  0.000655  0.000543  0.001049  0.000000  0.000000  0.000000  2.000000  
183.550996 0.015061  0.094901  -0.017560  0.998095  0.055616  0.026712  -0.031654  0.089975  0.995441  0.052959  -0.994390  0.091564  0.000644  0.000558  0.001147  0.000000  0.000000  0.000000  2.000000  
183.552061 0.015062  0.094902  -0.017559  0.998088  0.055749  0.026699  -0.031654  0.089971  0.995441  0.053093  -0.994383  0.091564  0.000662  0.000588  0.001205  0.000000  0.000000  0.000000  2.000000  
183.553234 0.015063  0.094903  -0.017557  0.998088  0.055749  0.026699  -0.031654  0.089971  0.995441  0.053093  -0.994383  0.091564  0.000674  0.000613  0.001254  0.000000  0.000000  0.000000  2.000000  
183.554240 0.015064  0.094903  -0.017556  0.998081  0.055882  0.026687  -0.031654  0.089967  0.995442  0.053227  -0.994376  0.091563  0.000728  0.000650  0.001256  0.000000  0.000000  0.000000  2.000000  
183.555488 0.015065  0.094905  -0.017555  0.998074  0.055901  0.026892  -0.031859  0.089955  0.995436  0.053227  -0.994376  0.091563  0.000736  0.000696  0.001249  0.000000  0.000000  0.000000  2.000000  
183.556489 0.015066  0.094906  -0.017553  0.998067  0.056034  0.026880  -0.031859  0.089951  0.995437  0.053360  -0.994369  0.091562  0.000736  0.000695  0.001248  0.000000  0.000000  0.000000  2.000000  
183.557736 0.015067  0.094907  -0.017552  0.998060  0.056167  0.026868  -0.031859  0.089947  0.995437  0.053494  -0.994362  0.091562  0.000767  0.000748  0.001222  0.000000  0.000000  0.000000  2.000000  
183.558738 0.015068  0.094908  -0.017551  0.998053  0.056189  0.027066  -0.032064  0.090056  0.995420  0.053494  -0.994350  0.091682  0.000768  0.000789  0.001233  0.000000  0.000000  0.000000  2.000000  
183.559986 0.015069  0.094909  -0.017550  0.998046  0.056322  0.027054  -0.032064  0.090052  0.995421  0.053628  -0.994343  0.091682  0.000811  0.000815  0.001215  0.000000  0.000000  0.000000  2.000000  
183.560987 0.015071  0.094910  -0.017548  0.998039  0.056455  0.027041  -0.032064  0.090047  0.995421  0.053761  -0.994336  0.091681  0.000842  0.000844  0.001237  0.000000  0.000000  0.000000  2.000000  
183.561987 0.015072  0.094911  -0.017547  0.998025  0.056606  0.027234  -0.032269  0.090031  0.995416  0.053895  -0.994329  0.091680  0.000842  0.000844  0.001237  0.000000  0.000000  0.000000  2.000000  
183.563232 0.015073  0.094913  -0.017545  0.998018  0.056739  0.027222  -0.032269  0.090027  0.995416  0.054028  -0.994322  0.091680  0.000933  0.000914  0.001243  0.000000  0.000000  0.000000  2.000000  
183.564233 0.015074  0.094914  -0.017544  0.998018  0.056739  0.027222  -0.032269  0.090027  0.995416  0.054028  -0.994322  0.091680  0.000922  0.000941  0.001234  0.000000  0.000000  0.000000  2.000000  
183.565237 0.015076  0.094915  -0.017543  0.998011  0.056872  0.027209  -0.032269  0.090023  0.995417  0.054162  -0.994315  0.091679  0.000992  0.000981  0.001197  0.000000  0.000000  0.000000  2.000000  
183.566237 0.015077  0.094916  -0.017542  0.997997  0.057024  0.027402  -0.032474  0.090007  0.995412  0.054296  -0.994307  0.091678  0.001002  0.000977  0.001156  0.000000  0.000000  0.000000  2.000000  
183.567482 0.015078  0.094917  -0.017541  0.997989  0.057157  0.027390  -0.032474  0.090002  0.995412  0.054429  -0.994300  0.091678  0.001059  0.001016  0.001141  0.000000  0.000000  0.000000  2.000000  
183.568483 0.015079  0.094919  -0.017540  0.997989  0.057157  0.027390  -0.032474  0.090002  0.995412  0.054429  -0.994300  0.091678  0.001090  0.001069  0.001114  0.000000  0.000000  0.000000  2.000000  
183.569490 0.015080  0.094920  -0.017540  0.997982  0.057289  0.027378  -0.032473  0.089998  0.995412  0.054563  -0.994293  0.091677  0.001075  0.001081  0.001059  0.000000  0.000000  0.000000  2.000000  
183.570505 0.015081  0.094921  -0.017539  0.997968  0.057441  0.027570  -0.032679  0.089982  0.995407  0.054696  -0.994286  0.091676  0.001105  0.001134  0.001031  0.000000  0.000000  0.000000  2.000000  
183.571736 0.015083  0.094923  -0.017538  0.997961  0.057574  0.027558  -0.032678  0.089978  0.995408  0.054830  -0.994278  0.091676  0.001107  0.001135  0.001032  0.000000  0.000000  0.000000  2.000000  
183.572739 0.015084  0.094924  -0.017537  0.997953  0.057707  0.027546  -0.032678  0.089973  0.995408  0.054964  -0.994271  0.091675  0.001149  0.001161  0.001014  0.000000  0.000000  0.000000  2.000000  
183.573989 0.015086  0.094926  -0.017535  0.997953  0.057707  0.027546  -0.032678  0.089973  0.995408  0.054964  -0.994271  0.091675  0.001169  0.001218  0.001027  0.000000  0.000000  0.000000  2.000000  
183.575237 0.015087  0.094928  -0.017534  0.997946  0.057840  0.027533  -0.032678  0.089969  0.995408  0.055097  -0.994264  0.091674  0.001161  0.001195  0.000970  0.000000  0.000000  0.000000  2.000000  
183.576490 0.015089  0.094929  -0.017532  0.997932  0.057991  0.027726  -0.032883  0.089953  0.995403  0.055231  -0.994256  0.091674  0.001158  0.001246  0.001018  0.000000  0.000000  0.000000  2.000000  
183.577736 0.015090  0.094930  -0.017531  0.997925  0.058124  0.027714  -0.032883  0.089948  0.995403  0.055364  -0.994249  0.091673  0.001180  0.001215  0.000986  0.000000  0.000000  0.000000  2.000000  
183.578738 0.015092  0.094932  -0.017530  0.997925  0.058124  0.027714  -0.032883  0.089948  0.995403  0.055364  -0.994249  0.091673  0.001223  0.001241  0.000968  0.000000  0.000000  0.000000  2.000000  
183.579982 0.015093  0.094933  -0.017528  0.997917  0.058257  0.027702  -0.032883  0.089944  0.995404  0.055498  -0.994242  0.091672  0.001192  0.001224  0.000993  0.000000  0.000000  0.000000  2.000000  
183.580984 0.015094  0.094934  -0.017527  0.997910  0.058390  0.027689  -0.032882  0.089939  0.995404  0.055632  -0.994234  0.091671  0.001212  0.001245  0.001010  0.000000  0.000000  0.000000  2.000000  
183.582232 0.015096  0.094935  -0.017526  0.997896  0.058542  0.027882  -0.033088  0.089923  0.995399  0.055765  -0.994227  0.091671  0.001192  0.001200  0.001042  0.000000  0.000000  0.000000  2.000000  
183.583237 0.015097  0.094936  -0.017525  0.997896  0.058542  0.027882  -0.033088  0.089923  0.995399  0.055765  -0.994227  0.091671  0.001224  0.001193  0.001069  0.000000  0.000000  0.000000  2.000000  
183.584237 0.015098  0.094937  -0.017523  0.997888  0.058675  0.027870  -0.033087  0.089919  0.995399  0.055899  -0.994219  0.091670  0.001193  0.001177  0.001091  0.000000  0.000000  0.000000  2.000000  
183.585238 0.015099  0.094939  -0.017522  0.997888  0.058675  0.027870  -0.033087  0.089919  0.995399  0.055899  -0.994219  0.091670  0.001226  0.001170  0.001121  0.000000  0.000000  0.000000  2.000000  
183.586484 0.015101  0.094940  -0.017521  0.997881  0.058808  0.027857  -0.033087  0.089914  0.995400  0.056032  -0.994212  0.091669  0.001194  0.001153  0.001141  0.000000  0.000000  0.000000  2.000000  
183.587493 0.015102  0.094941  -0.017520  0.997881  0.058808  0.027857  -0.033087  0.089914  0.995400  0.056032  -0.994212  0.091669  0.001213  0.001172  0.001160  0.000000  0.000000  0.000000  2.000000  
183.588740 0.015103  0.094943  -0.017518  0.997866  0.058959  0.028050  -0.033292  0.089898  0.995394  0.056166  -0.994204  0.091669  0.001193  0.001115  0.001147  0.000000  0.000000  0.000000  2.000000  
183.589995 0.015104  0.094944  -0.017517  0.997866  0.058959  0.028050  -0.033292  0.089898  0.995394  0.056166  -0.994204  0.091669  0.001170  0.001145  0.001178  0.000000  0.000000  0.000000  2.000000  
183.591237 0.015106  0.094946  -0.017515  0.997859  0.059092  0.028038  -0.033292  0.089893  0.995395  0.056299  -0.994197  0.091668  0.001139  0.001117  0.001156  0.000000  0.000000  0.000000  2.000000  
183.592488 0.015107  0.094947  -0.017513  0.997859  0.059092  0.028038  -0.033292  0.089893  0.995395  0.056299  -0.994197  0.091668  0.001116  0.001147  0.001187  0.000000  0.000000  0.000000  2.000000  
183.593489 0.015108  0.094948  -0.017512  0.997859  0.059092  0.028038  -0.033292  0.089893  0.995395  0.056299  -0.994197  0.091668  0.001088  0.001132  0.001208  0.000000  0.000000  0.000000  2.000000  
183.594498 0.015108  0.094949  -0.017511  0.997844  0.059243  0.028231  -0.033497  0.089877  0.995389  0.056433  -0.994189  0.091667  0.001041  0.001091  0.001181  0.000000  0.000000  0.000000  2.000000  
183.595737 0.015110  0.094950  -0.017509  0.997844  0.059243  0.028231  -0.033497  0.089877  0.995389  0.056433  -0.994189  0.091667  0.001045  0.001106  0.001225  0.000000  0.000000  0.000000  2.000000  
183.596988 0.015111  0.094952  -0.017507  0.997837  0.059376  0.028218  -0.033497  0.089872  0.995390  0.056567  -0.994182  0.091667  0.001008  0.001125  0.001254  0.000000  0.000000  0.000000  2.000000  
183.598234 0.015112  0.094953  -0.017506  0.997837  0.059376  0.028218  -0.033497  0.089872  0.995390  0.056567  -0.994182  0.091667  0.000969  0.001138  0.001264  0.000000  0.000000  0.000000  2.000000  
183.599488 0.015112  0.094954  -0.017504  0.997837  0.059373  0.028226  -0.033497  0.089751  0.995401  0.056567  -0.994193  0.091546  0.000911  0.001101  0.001281  0.000000  0.000000  0.000000  2.000000  
183.600497 0.015113  0.094955  -0.017503  0.997829  0.059506  0.028213  -0.033497  0.089747  0.995401  0.056700  -0.994185  0.091545  0.000900  0.001104  0.001320  0.000000  0.000000  0.000000  2.000000  
183.601736 0.015114  0.094957  -0.017501  0.997822  0.059524  0.028418  -0.033702  0.089735  0.995395  0.056700  -0.994185  0.091545  0.000885  0.001086  0.001300  0.000000  0.000000  0.000000  2.000000  
183.602736 0.015115  0.094958  -0.017500  0.997822  0.059524  0.028418  -0.033702  0.089735  0.995395  0.056700  -0.994185  0.091545  0.000825  0.001073  0.001267  0.000000  0.000000  0.000000  2.000000  
183.603741 0.015115  0.094959  -0.017499  0.997822  0.059524  0.028418  -0.033702  0.089735  0.995395  0.056700  -0.994185  0.091545  0.000826  0.001049  0.001317  0.000000  0.000000  0.000000  2.000000  
183.604987 0.015116  0.094960  -0.017497  0.997815  0.059657  0.028406  -0.033702  0.089730  0.995396  0.056834  -0.994178  0.091545  0.000759  0.001033  0.001304  0.000000  0.000000  0.000000  2.000000  
183.606237 0.015117  0.094961  -0.017496  0.997815  0.059661  0.028399  -0.033702  0.089851  0.995385  0.056834  -0.994167  0.091665  0.000727  0.001003  0.001281  0.000000  0.000000  0.000000  2.000000  
183.607239 0.015117  0.094962  -0.017495  0.997815  0.059661  0.028399  -0.033702  0.089851  0.995385  0.056834  -0.994167  0.091665  0.000708  0.000991  0.001280  0.000000  0.000000  0.000000  2.000000  
183.608488 0.015118  0.094963  -0.017493  0.997807  0.059794  0.028386  -0.033702  0.089846  0.995385  0.056967  -0.994159  0.091665  0.000674  0.001005  0.001289  0.000000  0.000000  0.000000  2.000000  
