1-Time 2-Px 3-Py 4-Pz 5-R11 6-R21 7-R31 8-R12 9-R22 10-R32 11-R13 12-R23 13-R33 14-Vx 15-Vy 16-Vz 17-Wx 18-Wy 19-Wz 20-state 21-PR11 22-PR21 23-PR31 24-PR12 25-PR22 26-PR32 27-PR13 28-PR23 29-PR33 
32.447726 0.000486  0.087289  -0.009483  0.992811  0.036368  -0.114033  -0.035579  0.999327  0.008942  0.114281  -0.004820  0.993437  0.000150  0.000034  -0.000072  0.000000  0.000000  0.000000  2.000000  
32.448728 0.000486  0.087290  -0.009483  0.992811  0.036368  -0.114033  -0.035579  0.999327  0.008942  0.114281  -0.004820  0.993437  0.000184  0.000059  -0.000054  0.000000  0.000000  0.000000  2.000000  
32.449734 0.000485  0.087287  -0.009483  0.992773  0.036575  -0.114297  -0.035783  0.999319  0.008975  0.114547  -0.004820  0.993406  0.000098  -0.000083  -0.000047  0.000000  0.000000  0.000000  2.000000  
32.450983 0.000484  0.087283  -0.009484  0.992727  0.036590  -0.114691  -0.035781  0.999318  0.009110  0.114946  -0.004940  0.993359  -0.000003  -0.000353  -0.000117  0.000000  0.000000  0.000000  2.000000  
32.452233 0.000483  0.087279  -0.009485  0.992666  0.036593  -0.115222  -0.035779  0.999318  0.009129  0.115478  -0.004940  0.993298  -0.000058  -0.000647  -0.000149  0.000000  0.000000  0.000000  2.000000  
32.453482 0.000482  0.087274  -0.009485  0.992596  0.036816  -0.115747  -0.035981  0.999309  0.009294  0.116009  -0.005060  0.993235  -0.000119  -0.000961  -0.000136  0.000000  0.000000  0.000000  2.000000  
32.454494 0.000482  0.087271  -0.009485  0.992542  0.037037  -0.116139  -0.036183  0.999300  0.009453  0.116408  -0.005180  0.993188  -0.000155  -0.001226  -0.000114  0.000000  0.000000  0.000000  2.000000  
32.455727 0.000480  0.087266  -0.009484  0.992496  0.037450  -0.116401  -0.036591  0.999285  0.009511  0.116674  -0.005180  0.993157  -0.000273  -0.001560  -0.000050  0.000000  0.000000  0.000000  2.000000  
32.456728 0.000480  0.087262  -0.009484  0.992457  0.037671  -0.116660  -0.036794  0.999276  0.009666  0.116939  -0.005300  0.993125  -0.000309  -0.001825  -0.000028  0.000000  0.000000  0.000000  2.000000  
32.457730 0.000479  0.087259  -0.009484  0.992403  0.037879  -0.117056  -0.036997  0.999268  0.009705  0.117338  -0.005300  0.993078  -0.000347  -0.002046  -0.000061  0.000000  0.000000  0.000000  2.000000  
32.458981 0.000477  0.087255  -0.009486  0.992324  0.038294  -0.117583  -0.037403  0.999252  0.009773  0.117870  -0.005300  0.993015  -0.000513  -0.002321  -0.000223  0.000000  0.000000  0.000000  2.000000  
32.459981 0.000476  0.087252  -0.009488  0.992254  0.038488  -0.118117  -0.037605  0.999246  0.009696  0.118401  -0.005179  0.992952  -0.000656  -0.002492  -0.000298  0.000000  0.000000  0.000000  2.000000  
32.461228 0.000473  0.087249  -0.009490  0.992150  0.038698  -0.118911  -0.037805  0.999238  0.009751  0.119198  -0.005179  0.992857  -0.000836  -0.002720  -0.000480  0.000000  0.000000  0.000000  2.000000  
32.462231 0.000472  0.087246  -0.009493  0.992079  0.038906  -0.119440  -0.038007  0.999229  0.009795  0.119729  -0.005178  0.992793  -0.000933  -0.002925  -0.000649  0.026036  0.170452  0.083299  2.000000  
32.463514 0.000470  0.087241  -0.009496  0.991975  0.039116  -0.120235  -0.038208  0.999221  0.009851  0.120526  -0.005178  0.992697  -0.001127  -0.003274  -0.000907  0.026850  0.197158  0.090190  2.000000  
32.464727 0.000468  0.087236  -0.009499  0.991878  0.039531  -0.120894  -0.038613  0.999205  0.009926  0.121191  -0.005177  0.992616  -0.001162  -0.003455  -0.001024  0.024465  0.224334  0.104200  2.000000  
32.465728 0.000467  0.087231  -0.009499  0.991821  0.039739  -0.121290  -0.038815  0.999197  0.009966  0.121589  -0.005177  0.992567  -0.001141  -0.003525  -0.000994  0.025107  0.235955  0.110279  2.000000  
32.466743 0.000466  0.087227  -0.009499  0.991748  0.039962  -0.121814  -0.039017  0.999187  0.010134  0.122120  -0.005297  0.992501  -0.001157  -0.003625  -0.000956  0.030211  0.255594  0.118044  2.000000  
32.467980 0.000464  0.087220  -0.009497  0.991650  0.040392  -0.122469  -0.039422  0.999169  0.010331  0.122784  -0.005417  0.992419  -0.001207  -0.003799  -0.000860  0.035982  0.278112  0.131963  2.000000  
32.469229 0.000464  0.087212  -0.009495  0.991527  0.040617  -0.123390  -0.039622  0.999159  0.010515  0.123714  -0.005537  0.992303  -0.001219  -0.004001  -0.000699  0.040935  0.314044  0.139033  2.000000  
32.470230 0.000463  0.087206  -0.009493  0.991444  0.040621  -0.124054  -0.039618  0.999159  0.010541  0.124377  -0.005536  0.992220  -0.001197  -0.004156  -0.000573  0.040981  0.336533  0.139147  2.000000  
32.471481 0.000463  0.087198  -0.009489  0.991319  0.040847  -0.124975  -0.039818  0.999149  0.010725  0.125307  -0.005656  0.992102  -0.001119  -0.004364  -0.000386  0.045944  0.367905  0.146171  2.000000  
32.472730 0.000464  0.087190  -0.009487  0.991193  0.041073  -0.125896  -0.040017  0.999139  0.010910  0.126236  -0.005776  0.991983  -0.001033  -0.004593  -0.000185  0.050924  0.399362  0.153233  2.000000  
32.473982 0.000465  0.087182  -0.009485  0.991091  0.041093  -0.126687  -0.040013  0.999138  0.011063  0.127032  -0.005895  0.991881  -0.000818  -0.004876  0.000113  0.055054  0.426279  0.153377  2.000000  
32.475228 0.000467  0.087175  -0.009482  0.990998  0.041303  -0.127347  -0.040214  0.999129  0.011116  0.127696  -0.005895  0.991796  -0.000519  -0.005136  0.000428  0.055957  0.448843  0.160402  2.000000  
32.476237 0.000469  0.087170  -0.009480  0.990921  0.041512  -0.127876  -0.040415  0.999121  0.011164  0.128227  -0.005894  0.991727  -0.000279  -0.005364  0.000739  0.056812  0.471159  0.167341  2.000000  
32.477482 0.000471  0.087162  -0.009478  0.990827  0.041722  -0.128536  -0.040615  0.999112  0.011217  0.128890  -0.005894  0.991641  -0.000028  -0.005544  0.001094  0.057717  0.493675  0.174349  2.000000  
32.478733 0.000473  0.087157  -0.009474  0.990758  0.041740  -0.129061  -0.040612  0.999110  0.011360  0.129421  -0.006014  0.991572  0.000266  -0.005589  0.001590  0.061859  0.507222  0.174469  2.000000  
32.479977 0.000475  0.087151  -0.009469  0.990671  0.041744  -0.129724  -0.040609  0.999110  0.011387  0.130084  -0.006013  0.991485  0.000512  -0.005549  0.002027  0.060605  0.516593  0.166327  2.000000  
32.480979 0.000476  0.087147  -0.009464  0.990601  0.041748  -0.130254  -0.040606  0.999110  0.011409  0.130615  -0.006013  0.991415  0.000659  -0.005551  0.002313  0.056618  0.525432  0.166376  2.000000  
32.482226 0.000478  0.087142  -0.009459  0.990514  0.041768  -0.130912  -0.040602  0.999109  0.011558  0.131278  -0.006133  0.991327  0.000868  -0.005510  0.002639  0.060768  0.529950  0.166442  2.000000  
32.483233 0.000480  0.087137  -0.009454  0.990461  0.041770  -0.131309  -0.040600  0.999108  0.011574  0.131676  -0.006132  0.991274  0.001102  -0.005375  0.002894  0.056403  0.529772  0.160920  2.000000  
32.484493 0.000482  0.087131  -0.009448  0.990391  0.041789  -0.131834  -0.040597  0.999107  0.011717  0.132206  -0.006252  0.991203  0.001278  -0.005264  0.003094  0.055157  0.529876  0.152862  2.000000  
32.485729 0.000485  0.087125  -0.009444  0.990320  0.041809  -0.132359  -0.040594  0.999105  0.011860  0.132737  -0.006372  0.991131  0.001444  -0.005172  0.003201  0.058039  0.538874  0.140458  2.000000  
32.486730 0.000486  0.087119  -0.009439  0.990276  0.042016  -0.132622  -0.040797  0.999097  0.011898  0.133002  -0.006372  0.991095  0.001514  -0.005134  0.003382  0.053997  0.538849  0.140482  2.000000  
32.487978 0.000488  0.087112  -0.009432  0.990222  0.042035  -0.133014  -0.040795  0.999095  0.012035  0.133400  -0.006491  0.991041  0.001600  -0.005103  0.003641  0.055930  0.534488  0.125735  2.000000  
32.488980 0.000490  0.087107  -0.009426  0.990187  0.042036  -0.133279  -0.040793  0.999095  0.012046  0.133665  -0.006491  0.991005  0.001637  -0.005035  0.003877  0.055104  0.530041  0.118888  2.000000  
32.489981 0.000492  0.087102  -0.009420  0.990133  0.042039  -0.133677  -0.040791  0.999095  0.012063  0.134063  -0.006491  0.990952  0.001663  -0.004996  0.004233  0.058826  0.525488  0.112917  2.000000  
32.490983 0.000493  0.087097  -0.009413  0.990097  0.042041  -0.133942  -0.040790  0.999095  0.012074  0.134328  -0.006491  0.990916  0.001645  -0.004947  0.004528  0.057998  0.512012  0.105962  2.000000  
32.491983 0.000494  0.087091  -0.009407  0.990061  0.042043  -0.134207  -0.040788  0.999095  0.012085  0.134593  -0.006490  0.990880  0.001625  -0.004894  0.004818  0.057165  0.503106  0.099050  2.000000  
32.492984 0.000496  0.087087  -0.009401  0.990025  0.042044  -0.134471  -0.040787  0.999095  0.012095  0.134858  -0.006490  0.990844  0.001607  -0.004898  0.005030  0.056314  0.489548  0.092082  2.000000  
32.494231 0.000497  0.087080  -0.009394  0.989981  0.042252  -0.134734  -0.040989  0.999086  0.012134  0.135123  -0.006490  0.990808  0.001539  -0.004959  0.005173  0.055897  0.476689  0.091284  2.000000  
32.495477 0.000498  0.087074  -0.009389  0.989963  0.042236  -0.134871  -0.040988  0.999087  0.012018  0.135256  -0.006370  0.990790  0.001486  -0.004989  0.005177  0.050129  0.463466  0.077574  2.000000  
32.496481 0.000498  0.087069  -0.009385  0.989963  0.042236  -0.134871  -0.040988  0.999087  0.012018  0.135256  -0.006370  0.990790  0.001400  -0.005054  0.005134  0.045239  0.445824  0.070714  2.000000  
32.497731 0.000499  0.087063  -0.009380  0.989963  0.042236  -0.134871  -0.040988  0.999087  0.012018  0.135256  -0.006370  0.990790  0.001267  -0.005129  0.005049  0.039759  0.422409  0.057408  2.000000  
32.498978 0.000499  0.087057  -0.009377  0.989944  0.042221  -0.135009  -0.040987  0.999089  0.011903  0.135389  -0.006249  0.990773  0.001134  -0.005091  0.004936  0.034521  0.401127  0.049996  2.000000  
32.499982 0.000498  0.087052  -0.009374  0.989944  0.042221  -0.135009  -0.040987  0.999089  0.011903  0.135389  -0.006249  0.990773  0.001019  -0.005090  0.004850  0.030752  0.372961  0.050243  2.000000  
32.500983 0.000498  0.087047  -0.009371  0.989926  0.042222  -0.135142  -0.040987  0.999089  0.011908  0.135521  -0.006249  0.990755  0.000877  -0.005032  0.004786  0.025794  0.350498  0.043266  2.000000  
32.502229 0.000497  0.087041  -0.009366  0.989926  0.042222  -0.135142  -0.040987  0.999089  0.011908  0.135521  -0.006249  0.990755  0.000717  -0.004964  0.004736  0.020834  0.319088  0.036237  2.000000  
32.503230 0.000497  0.087036  -0.009362  0.989926  0.042222  -0.135142  -0.040987  0.999089  0.011908  0.135521  -0.006249  0.990755  0.000544  -0.004910  0.004609  0.020847  0.296630  0.036103  2.000000  
32.504234 0.000496  0.087031  -0.009357  0.989926  0.042222  -0.135142  -0.040987  0.999089  0.011908  0.135521  -0.006249  0.990755  0.000389  -0.004910  0.004493  0.015875  0.278773  0.029159  2.000000  
32.505483 0.000496  0.087025  -0.009353  0.989926  0.042222  -0.135142  -0.040987  0.999089  0.011908  0.135521  -0.006249  0.990755  0.000202  -0.004948  0.004226  0.014964  0.256171  0.022145  2.000000  
32.506491 0.000496  0.087019  -0.009349  0.989944  0.042221  -0.135009  -0.040987  0.999089  0.011903  0.135389  -0.006249  0.990773  0.000092  -0.004982  0.004014  0.014964  0.233628  0.022001  2.000000  
32.507730 0.000495  0.087012  -0.009346  0.989944  0.042204  -0.135014  -0.040987  0.999090  0.011781  0.135389  -0.006129  0.990774  0.000031  -0.005063  0.003759  0.009984  0.215778  0.015027  2.000000  
32.508979 0.000496  0.087005  -0.009343  0.989953  0.041999  -0.135017  -0.040784  0.999099  0.011754  0.135389  -0.006129  0.990774  -0.000062  -0.005126  0.003479  0.004994  0.193344  0.008043  2.000000  
32.509984 0.000497  0.086999  -0.009341  0.989953  0.041999  -0.135017  -0.040784  0.999099  0.011754  0.135389  -0.006129  0.990774  -0.000062  -0.005135  0.003344  0.004995  0.175330  0.007932  2.000000  
32.511225 0.000498  0.086993  -0.009338  0.989953  0.041982  -0.135022  -0.040784  0.999100  0.011633  0.135389  -0.006009  0.990774  -0.000034  -0.005159  0.003198  0.000000  0.000000  0.000000  2.000000  
32.512228 0.000499  0.086987  -0.009336  0.989953  0.041982  -0.135022  -0.040784  0.999100  0.011633  0.135389  -0.006009  0.990774  0.000023  -0.005198  0.003071  0.000000  0.000000  0.000000  2.000000  
32.513481 0.000500  0.086981  -0.009334  0.989971  0.041965  -0.134894  -0.040784  0.999102  0.011506  0.135256  -0.005889  0.990793  0.000104  -0.005231  0.002947  0.000000  0.000000  0.000000  2.000000  
32.514493 0.000502  0.086976  -0.009333  0.989971  0.041965  -0.134894  -0.040784  0.999102  0.011506  0.135256  -0.005889  0.990793  0.000225  -0.005220  0.002854  0.000000  0.000000  0.000000  2.000000  
32.515731 0.000503  0.086969  -0.009332  0.989997  0.041759  -0.134764  -0.040581  0.999110  0.011473  0.135123  -0.005889  0.990811  0.000360  -0.005275  0.002651  0.000000  0.000000  0.000000  2.000000  
32.516734 0.000505  0.086964  -0.009331  0.990015  0.041758  -0.134632  -0.040582  0.999110  0.011467  0.134991  -0.005889  0.990829  0.000507  -0.005329  0.002410  0.000000  0.000000  0.000000  2.000000  
32.517980 0.000506  0.086958  -0.009330  0.990033  0.041741  -0.134504  -0.040583  0.999112  0.011341  0.134858  -0.005769  0.990848  0.000646  -0.005315  0.002105  0.000000  0.000000  0.000000  2.000000  
32.519230 0.000508  0.086951  -0.009332  0.990033  0.041741  -0.134504  -0.040583  0.999112  0.011341  0.134858  -0.005769  0.990848  0.000807  -0.005345  0.001688  0.000000  0.000000  0.000000  2.000000  
32.520483 0.000510  0.086945  -0.009334  0.990033  0.041757  -0.134499  -0.040583  0.999110  0.011462  0.134858  -0.005889  0.990847  0.000930  -0.005338  0.001291  0.000000  0.000000  0.000000  2.000000  
32.521485 0.000511  0.086940  -0.009335  0.990033  0.041757  -0.134499  -0.040583  0.999110  0.011462  0.134858  -0.005889  0.990847  0.001009  -0.005300  0.000988  0.000000  0.000000  0.000000  2.000000  
32.522490 0.000512  0.086934  -0.009335  0.990033  0.041757  -0.134499  -0.040583  0.999110  0.011462  0.134858  -0.005889  0.990847  0.001090  -0.005238  0.000754  0.000000  0.000000  0.000000  2.000000  
32.523727 0.000513  0.086929  -0.009335  0.990033  0.041757  -0.134499  -0.040583  0.999110  0.011462  0.134858  -0.005889  0.990847  0.001118  -0.005141  0.000531  0.000000  0.000000  0.000000  2.000000  
32.524730 0.000514  0.086925  -0.009334  0.990033  0.041757  -0.134499  -0.040583  0.999110  0.011462  0.134858  -0.005889  0.990847  0.001169  -0.005086  0.000492  0.000000  0.000000  0.000000  2.000000  
32.525982 0.000516  0.086920  -0.009332  0.990033  0.041757  -0.134499  -0.040583  0.999110  0.011462  0.134858  -0.005889  0.990847  0.001227  -0.004960  0.000399  0.000000  0.000000  0.000000  2.000000  
32.527225 0.000517  0.086915  -0.009331  0.990033  0.041741  -0.134504  -0.040583  0.999112  0.011341  0.134858  -0.005769  0.990848  0.001243  -0.004837  0.000367  0.000000  0.000000  0.000000  2.000000  
32.528228 0.000519  0.086911  -0.009330  0.990025  0.041946  -0.134502  -0.040787  0.999103  0.011368  0.134858  -0.005769  0.990848  0.001258  -0.004729  0.000289  0.000000  0.000000  0.000000  2.000000  
32.529231 0.000519  0.086908  -0.009329  0.990025  0.041946  -0.134502  -0.040787  0.999103  0.011368  0.134858  -0.005769  0.990848  0.001192  -0.004636  0.000221  0.000000  0.000000  0.000000  2.000000  
32.530490 0.000520  0.086903  -0.009329  0.990025  0.041946  -0.134502  -0.040787  0.999103  0.011368  0.134858  -0.005769  0.990848  0.001102  -0.004506  0.000177  0.000000  0.000000  0.000000  2.000000  
32.531734 0.000520  0.086898  -0.009329  0.990025  0.041946  -0.134502  -0.040787  0.999103  0.011368  0.134858  -0.005769  0.990848  0.001029  -0.004389  0.000099  0.000000  0.000000  0.000000  2.000000  
32.532986 0.000521  0.086894  -0.009329  0.990007  0.041931  -0.134640  -0.040786  0.999105  0.011253  0.134991  -0.005649  0.990831  0.000928  -0.004260  0.000091  0.000000  0.000000  0.000000  2.000000  
32.534231 0.000521  0.086889  -0.009329  0.989999  0.042137  -0.134637  -0.040990  0.999096  0.011280  0.134991  -0.005649  0.990831  0.000873  -0.004101  0.000200  0.000000  0.000000  0.000000  2.000000  
32.535231 0.000521  0.086886  -0.009329  0.990017  0.042152  -0.134500  -0.040990  0.999095  0.011396  0.134858  -0.005769  0.990848  0.000780  -0.003985  0.000335  0.000000  0.000000  0.000000  2.000000  
32.536482 0.000521  0.086881  -0.009328  0.990017  0.042152  -0.134500  -0.040990  0.999095  0.011396  0.134858  -0.005769  0.990848  0.000679  -0.003904  0.000439  0.000000  0.000000  0.000000  2.000000  
32.537483 0.000521  0.086878  -0.009327  0.990017  0.042152  -0.134500  -0.040990  0.999095  0.011396  0.134858  -0.005769  0.990848  0.000606  -0.003775  0.000493  0.000000  0.000000  0.000000  2.000000  
32.538491 0.000520  0.086874  -0.009326  0.990017  0.042168  -0.134495  -0.040990  0.999093  0.011517  0.134858  -0.005889  0.990847  0.000529  -0.003698  0.000591  0.000000  0.000000  0.000000  2.000000  
32.539726 0.000520  0.086870  -0.009326  0.990017  0.042168  -0.134495  -0.040990  0.999093  0.011517  0.134858  -0.005889  0.990847  0.000394  -0.003638  0.000532  0.000000  0.000000  0.000000  2.000000  
32.540730 0.000520  0.086867  -0.009325  0.990017  0.042168  -0.134495  -0.040990  0.999093  0.011517  0.134858  -0.005889  0.990847  0.000293  -0.003547  0.000523  0.000000  0.000000  0.000000  2.000000  
32.541979 0.000520  0.086864  -0.009324  0.990017  0.042168  -0.134495  -0.040990  0.999093  0.011517  0.134858  -0.005889  0.990847  0.000181  -0.003470  0.000470  0.000000  0.000000  0.000000  2.000000  
32.542984 0.000520  0.086861  -0.009323  0.990017  0.042168  -0.134495  -0.040990  0.999093  0.011517  0.134858  -0.005889  0.990847  0.000096  -0.003389  0.000481  0.000000  0.000000  0.000000  2.000000  
32.544229 0.000520  0.086858  -0.009321  0.990017  0.042168  -0.134495  -0.040990  0.999093  0.011517  0.134858  -0.005889  0.990847  0.000056  -0.003324  0.000577  0.000000  0.000000  0.000000  2.000000  
32.545477 0.000520  0.086855  -0.009319  0.990017  0.042168  -0.134495  -0.040990  0.999093  0.011517  0.134858  -0.005889  0.990847  0.000028  -0.003219  0.000670  0.000000  0.000000  0.000000  2.000000  
32.546489 0.000520  0.086852  -0.009317  0.990017  0.042168  -0.134495  -0.040990  0.999093  0.011517  0.134858  -0.005889  0.990847  -0.000027  -0.003109  0.000789  0.000000  0.000000  0.000000  2.000000  
32.547726 0.000520  0.086850  -0.009315  0.989999  0.042169  -0.134627  -0.040990  0.999093  0.011523  0.134991  -0.005889  0.990829  -0.000058  -0.003016  0.000967  0.000000  0.000000  0.000000  2.000000  
32.548728 0.000520  0.086847  -0.009312  0.989999  0.042169  -0.134627  -0.040990  0.999093  0.011523  0.134991  -0.005889  0.990829  -0.000053  -0.002929  0.001132  0.000000  0.000000  0.000000  2.000000  
32.549733 0.000521  0.086845  -0.009310  0.989999  0.042169  -0.134627  -0.040990  0.999093  0.011523  0.134991  -0.005889  0.990829  -0.000026  -0.002797  0.001273  0.000000  0.000000  0.000000  2.000000  
32.550983 0.000521  0.086842  -0.009308  0.990017  0.042168  -0.134495  -0.040990  0.999093  0.011517  0.134858  -0.005889  0.990847  0.000028  -0.002666  0.001379  0.000000  0.000000  0.000000  2.000000  
32.552230 0.000521  0.086840  -0.009307  0.990017  0.042168  -0.134495  -0.040990  0.999093  0.011517  0.134858  -0.005889  0.990847  0.000039  -0.002571  0.001400  0.000000  0.000000  0.000000  2.000000  
32.553477 0.000522  0.086837  -0.009305  0.990017  0.042168  -0.134495  -0.040990  0.999093  0.011517  0.134858  -0.005889  0.990847  0.000107  -0.002505  0.001394  0.000000  0.000000  0.000000  2.000000  
32.554496 0.000522  0.086834  -0.009305  0.990017  0.042168  -0.134495  -0.040990  0.999093  0.011517  0.134858  -0.005889  0.990847  0.000162  -0.002425  0.001388  0.000000  0.000000  0.000000  2.000000  
32.555730 0.000523  0.086832  -0.009305  0.990017  0.042168  -0.134495  -0.040990  0.999093  0.011517  0.134858  -0.005889  0.990847  0.000216  -0.002371  0.001316  0.000000  0.000000  0.000000  2.000000  
32.556979 0.000524  0.086829  -0.009304  0.990025  0.041963  -0.134497  -0.040787  0.999102  0.011489  0.134858  -0.005889  0.990847  0.000283  -0.002303  0.001310  0.000000  0.000000  0.000000  2.000000  
32.558225 0.000525  0.086827  -0.009303  0.990025  0.041963  -0.134497  -0.040787  0.999102  0.011489  0.134858  -0.005889  0.990847  0.000344  -0.002213  0.001294  0.000000  0.000000  0.000000  2.000000  
32.559225 0.000526  0.086825  -0.009302  0.990025  0.041963  -0.134497  -0.040787  0.999102  0.011489  0.134858  -0.005889  0.990847  0.000380  -0.002168  0.001268  0.000000  0.000000  0.000000  2.000000  
32.560232 0.000527  0.086824  -0.009301  0.990025  0.041963  -0.134497  -0.040787  0.999102  0.011489  0.134858  -0.005889  0.990847  0.000453  -0.002089  0.001227  0.000000  0.000000  0.000000  2.000000  
32.561476 0.000528  0.086822  -0.009299  0.990017  0.042152  -0.134500  -0.040990  0.999095  0.011396  0.134858  -0.005769  0.990848  0.000559  -0.002012  0.001239  0.000000  0.000000  0.000000  2.000000  
32.562478 0.000529  0.086821  -0.009297  0.990017  0.042152  -0.134500  -0.040990  0.999095  0.011396  0.134858  -0.005769  0.990848  0.000603  -0.001955  0.001178  0.000000  0.000000  0.000000  2.000000  
32.563729 0.000531  0.086819  -0.009296  0.990017  0.042152  -0.134500  -0.040990  0.999095  0.011396  0.134858  -0.005769  0.990848  0.000690  -0.001870  0.001092  0.000000  0.000000  0.000000  2.000000  
32.564984 0.000532  0.086818  -0.009295  0.990017  0.042136  -0.134505  -0.040990  0.999096  0.011275  0.134858  -0.005649  0.990849  0.000746  -0.001808  0.000986  0.000000  0.000000  0.000000  2.000000  
32.566229 0.000533  0.086816  -0.009294  0.990017  0.042136  -0.134505  -0.040990  0.999096  0.011275  0.134858  -0.005649  0.990849  0.000770  -0.001735  0.000944  0.000000  0.000000  0.000000  2.000000  
32.567484 0.000534  0.086815  -0.009293  0.990017  0.042119  -0.134510  -0.040990  0.999097  0.011154  0.134858  -0.005529  0.990849  0.000842  -0.001625  0.000888  0.000000  0.000000  0.000000  2.000000  
32.568730 0.000535  0.086813  -0.009292  0.989999  0.042120  -0.134642  -0.040990  0.999097  0.011159  0.134991  -0.005529  0.990831  0.000853  -0.001529  0.000878  0.000000  0.000000  0.000000  2.000000  
32.569979 0.000536  0.086812  -0.009291  0.989999  0.042120  -0.134642  -0.040990  0.999097  0.011159  0.134991  -0.005529  0.990831  0.000889  -0.001428  0.000931  0.000000  0.000000  0.000000  2.000000  
32.570983 0.000536  0.086811  -0.009290  0.989999  0.042104  -0.134648  -0.040990  0.999099  0.011038  0.134991  -0.005408  0.990832  0.000880  -0.001346  0.000999  0.000000  0.000000  0.000000  2.000000  
32.572231 0.000537  0.086810  -0.009289  0.990017  0.042103  -0.134515  -0.040990  0.999099  0.011032  0.134858  -0.005408  0.990850  0.000846  -0.001270  0.001005  0.000000  0.000000  0.000000  2.000000  
32.573482 0.000537  0.086808  -0.009289  0.990017  0.042103  -0.134515  -0.040990  0.999099  0.011032  0.134858  -0.005408  0.990850  0.000818  -0.001202  0.000969  0.000000  0.000000  0.000000  2.000000  
32.574495 0.000538  0.086807  -0.009288  0.990017  0.042103  -0.134515  -0.040990  0.999099  0.011032  0.134858  -0.005408  0.990850  0.000752  -0.001177  0.000872  0.000000  0.000000  0.000000  2.000000  
32.575727 0.000538  0.086806  -0.009288  0.990017  0.042087  -0.134520  -0.040990  0.999100  0.010911  0.134858  -0.005288  0.990851  0.000727  -0.001166  0.000761  0.000000  0.000000  0.000000  2.000000  
32.576730 0.000538  0.086805  -0.009288  0.990017  0.042087  -0.134520  -0.040990  0.999100  0.010911  0.134858  -0.005288  0.990851  0.000648  -0.001138  0.000697  0.000000  0.000000  0.000000  2.000000  
32.577978 0.000538  0.086803  -0.009288  0.990017  0.042087  -0.134520  -0.040990  0.999100  0.010911  0.134858  -0.005288  0.990851  0.000586  -0.001127  0.000560  0.000000  0.000000  0.000000  2.000000  
32.579231 0.000538  0.086802  -0.009288  0.990017  0.042087  -0.134520  -0.040990  0.999100  0.010911  0.134858  -0.005288  0.990851  0.000497  -0.001075  0.000482  0.000000  0.000000  0.000000  2.000000  
32.580482 0.000538  0.086801  -0.009287  0.990017  0.042071  -0.134525  -0.040990  0.999101  0.010790  0.134858  -0.005168  0.990851  0.000431  -0.001029  0.000470  0.000000  0.000000  0.000000  2.000000  
32.581731 0.000538  0.086800  -0.009287  0.990017  0.042071  -0.134525  -0.040990  0.999101  0.010790  0.134858  -0.005168  0.990851  0.000342  -0.001025  0.000448  0.000000  0.000000  0.000000  2.000000  
32.582981 0.000538  0.086800  -0.009285  0.990017  0.042054  -0.134530  -0.040990  0.999103  0.010669  0.134858  -0.005048  0.990852  0.000210  -0.000959  0.000473  0.000000  0.000000  0.000000  2.000000  
32.583983 0.000538  0.086799  -0.009284  0.990017  0.042054  -0.134530  -0.040990  0.999103  0.010669  0.134858  -0.005048  0.990852  0.000139  -0.000927  0.000504  0.000000  0.000000  0.000000  2.000000  
32.584984 0.000537  0.086799  -0.009284  0.990017  0.042054  -0.134530  -0.040990  0.999103  0.010669  0.134858  -0.005048  0.990852  0.000079  -0.000854  0.000445  0.000000  0.000000  0.000000  2.000000  
32.586229 0.000537  0.086799  -0.009283  0.990017  0.042038  -0.134535  -0.040990  0.999104  0.010548  0.134858  -0.004928  0.990853  0.000007  -0.000809  0.000469  0.000000  0.000000  0.000000  2.000000  
32.587230 0.000536  0.086798  -0.009283  0.990017  0.042038  -0.134535  -0.040990  0.999104  0.010548  0.134858  -0.004928  0.990853  -0.000045  -0.000761  0.000421  0.000000  0.000000  0.000000  2.000000  
32.588231 0.000536  0.086798  -0.009283  0.990017  0.042038  -0.134535  -0.040990  0.999104  0.010548  0.134858  -0.004928  0.990853  -0.000106  -0.000702  0.000369  0.000000  0.000000  0.000000  2.000000  
32.589484 0.000535  0.086798  -0.009283  0.990017  0.042022  -0.134541  -0.040990  0.999105  0.010426  0.134858  -0.004808  0.990853  -0.000176  -0.000615  0.000340  0.000000  0.000000  0.000000  2.000000  
32.590485 0.000535  0.086798  -0.009283  0.990017  0.042022  -0.134541  -0.040990  0.999105  0.010426  0.134858  -0.004808  0.990853  -0.000221  -0.000524  0.000341  0.000000  0.000000  0.000000  2.000000  
32.591729 0.000534  0.086798  -0.009283  0.990017  0.042022  -0.134541  -0.040990  0.999105  0.010426  0.134858  -0.004808  0.990853  -0.000282  -0.000464  0.000322  0.000000  0.000000  0.000000  2.000000  
32.592988 0.000534  0.086798  -0.009283  0.990035  0.042021  -0.134408  -0.040991  0.999105  0.010421  0.134726  -0.004808  0.990871  -0.000335  -0.000347  0.000312  0.000000  0.000000  0.000000  2.000000  
32.594226 0.000534  0.086799  -0.009282  0.990035  0.042005  -0.134413  -0.040991  0.999106  0.010300  0.134726  -0.004687  0.990872  -0.000314  -0.000214  0.000384  0.000000  0.000000  0.000000  2.000000  
32.595252 0.000534  0.086799  -0.009282  0.990035  0.042005  -0.134413  -0.040991  0.999106  0.010300  0.134726  -0.004687  0.990872  -0.000320  -0.000173  0.000335  0.000000  0.000000  0.000000  2.000000  
32.596476 0.000533  0.086799  -0.009282  0.990035  0.042005  -0.134413  -0.040991  0.999106  0.010300  0.134726  -0.004687  0.990872  -0.000337  -0.000099  0.000301  0.000000  0.000000  0.000000  2.000000  
32.597481 0.000533  0.086800  -0.009282  0.990035  0.042005  -0.134413  -0.040991  0.999106  0.010300  0.134726  -0.004687  0.990872  -0.000327  -0.000003  0.000290  0.000000  0.000000  0.000000  2.000000  
32.598487 0.000533  0.086800  -0.009281  0.990035  0.042005  -0.134413  -0.040991  0.999106  0.010300  0.134726  -0.004687  0.990872  -0.000278  0.000037  0.000230  0.000000  0.000000  0.000000  2.000000  
32.599735 0.000533  0.086801  -0.009282  0.990026  0.042194  -0.134416  -0.041195  0.999099  0.010206  0.134726  -0.004567  0.990872  -0.000279  0.000103  0.000134  0.000000  0.000000  0.000000  2.000000  
32.600983 0.000533  0.086801  -0.009281  0.990026  0.042194  -0.134416  -0.041195  0.999099  0.010206  0.134726  -0.004567  0.990872  -0.000217  0.000196  0.000117  0.000000  0.000000  0.000000  2.000000  
32.601984 0.000534  0.086802  -0.009280  0.990026  0.042194  -0.134416  -0.041195  0.999099  0.010206  0.134726  -0.004567  0.990872  -0.000167  0.000249  0.000190  0.000000  0.000000  0.000000  2.000000  
32.603230 0.000534  0.086803  -0.009279  0.990026  0.042178  -0.134421  -0.041195  0.999100  0.010085  0.134726  -0.004447  0.990873  -0.000091  0.000345  0.000267  0.000000  0.000000  0.000000  2.000000  
32.604493 0.000535  0.086804  -0.009278  0.990026  0.042178  -0.134421  -0.041195  0.999100  0.010085  0.134726  -0.004447  0.990873  0.000003  0.000424  0.000328  0.000000  0.000000  0.000000  2.000000  
32.605730 0.000535  0.086805  -0.009277  0.990044  0.042177  -0.134289  -0.041196  0.999100  0.010080  0.134593  -0.004447  0.990891  0.000072  0.000505  0.000455  0.000000  0.000000  0.000000  2.000000  
32.606983 0.000535  0.086806  -0.009276  0.990036  0.042383  -0.134287  -0.041400  0.999092  0.010107  0.134593  -0.004447  0.990891  0.000083  0.000558  0.000499  0.000000  0.000000  0.000000  2.000000  
32.608235 0.000536  0.086807  -0.009274  0.990036  0.042383  -0.134287  -0.041400  0.999092  0.010107  0.134593  -0.004447  0.990891  0.000162  0.000625  0.000581  0.000000  0.000000  0.000000  2.000000  
32.609478 0.000536  0.086808  -0.009274  0.990036  0.042383  -0.134287  -0.041400  0.999092  0.010107  0.134593  -0.004447  0.990891  0.000162  0.000625  0.000581  0.000000  0.000000  0.000000  2.000000  
32.610490 0.000536  0.086809  -0.009273  0.990036  0.042383  -0.134287  -0.041400  0.999092  0.010107  0.134593  -0.004447  0.990891  0.000196  0.000659  0.000609  0.000000  0.000000  0.000000  2.000000  
32.611728 0.000536  0.086809  -0.009272  0.990054  0.042382  -0.134154  -0.041400  0.999092  0.010102  0.134461  -0.004447  0.990909  0.000184  0.000663  0.000644  0.000000  0.000000  0.000000  2.000000  
32.612733 0.000536  0.086809  -0.009272  0.990054  0.042382  -0.134154  -0.041400  0.999092  0.010102  0.134461  -0.004447  0.990909  0.000191  0.000639  0.000654  0.000000  0.000000  0.000000  2.000000  
32.613980 0.000536  0.086810  -0.009270  0.990045  0.042588  -0.134152  -0.041604  0.999083  0.010129  0.134461  -0.004447  0.990909  0.000201  0.000636  0.000740  0.000000  0.000000  0.000000  2.000000  
32.614986 0.000536  0.086810  -0.009270  0.990045  0.042588  -0.134152  -0.041604  0.999083  0.010129  0.134461  -0.004447  0.990909  0.000180  0.000598  0.000744  0.000000  0.000000  0.000000  2.000000  
32.616233 0.000536  0.086810  -0.009268  0.990063  0.042587  -0.134020  -0.041605  0.999083  0.010124  0.134328  -0.004447  0.990927  0.000146  0.000576  0.000844  0.000000  0.000000  0.000000  2.000000  
32.617483 0.000536  0.086811  -0.009267  0.990063  0.042587  -0.134020  -0.041605  0.999083  0.010124  0.134328  -0.004447  0.990927  0.000112  0.000541  0.000884  0.000000  0.000000  0.000000  2.000000  
32.618492 0.000536  0.086811  -0.009265  0.990063  0.042571  -0.134025  -0.041605  0.999084  0.010003  0.134328  -0.004327  0.990927  0.000062  0.000500  0.000944  0.000000  0.000000  0.000000  2.000000  
32.619730 0.000535  0.086811  -0.009264  0.990055  0.042777  -0.134023  -0.041809  0.999075  0.010030  0.134328  -0.004327  0.990927  0.000030  0.000468  0.000911  0.000000  0.000000  0.000000  2.000000  
32.620983 0.000535  0.086811  -0.009262  0.990073  0.042776  -0.133890  -0.041809  0.999075  0.010025  0.134195  -0.004327  0.990945  -0.000024  0.000358  0.000953  0.000000  0.000000  0.000000  2.000000  
32.622230 0.000534  0.086811  -0.009261  0.990073  0.042776  -0.133890  -0.041809  0.999075  0.010025  0.134195  -0.004327  0.990945  -0.000098  0.000308  0.000935  0.000000  0.000000  0.000000  2.000000  
32.623483 0.000533  0.086811  -0.009260  0.990090  0.042776  -0.133758  -0.041810  0.999075  0.010019  0.134063  -0.004327  0.990963  -0.000161  0.000219  0.000967  0.000000  0.000000  0.000000  2.000000  
32.624493 0.000533  0.086811  -0.009259  0.990082  0.042981  -0.133756  -0.042014  0.999067  0.010047  0.134063  -0.004327  0.990963  -0.000237  0.000174  0.000963  0.000000  0.000000  0.000000  2.000000  
32.625728 0.000532  0.086811  -0.009258  0.990082  0.042997  -0.133751  -0.042014  0.999065  0.010168  0.134063  -0.004447  0.990963  -0.000267  0.000105  0.001001  0.000000  0.000000  0.000000  2.000000  
32.626730 0.000531  0.086810  -0.009257  0.990100  0.042997  -0.133618  -0.042015  0.999065  0.010162  0.133930  -0.004448  0.990981  -0.000343  0.000060  0.000998  0.000000  0.000000  0.000000  2.000000  
32.627978 0.000531  0.086810  -0.009255  0.990100  0.042997  -0.133618  -0.042015  0.999065  0.010162  0.133930  -0.004448  0.990981  -0.000368  0.000047  0.001094  0.000000  0.000000  0.000000  2.000000  
32.629226 0.000530  0.086810  -0.009253  0.990118  0.042996  -0.133486  -0.042016  0.999065  0.010156  0.133798  -0.004448  0.990999  -0.000448  -0.000018  0.001135  0.000000  0.000000  0.000000  2.000000  
32.630230 0.000529  0.086810  -0.009252  0.990109  0.043202  -0.133484  -0.042219  0.999056  0.010184  0.133798  -0.004448  0.990999  -0.000456  -0.000018  0.001154  0.000000  0.000000  0.000000  2.000000  
32.631479 0.000529  0.086810  -0.009251  0.990127  0.043201  -0.133351  -0.042220  0.999056  0.010178  0.133665  -0.004448  0.991017  -0.000485  -0.000062  0.001162  0.000000  0.000000  0.000000  2.000000  
32.632483 0.000528  0.086809  -0.009250  0.990127  0.043201  -0.133351  -0.042220  0.999056  0.010178  0.133665  -0.004448  0.991017  -0.000509  -0.000110  0.001152  0.000000  0.000000  0.000000  2.000000  
32.633485 0.000528  0.086809  -0.009249  0.990145  0.043201  -0.133219  -0.042221  0.999057  0.010173  0.133532  -0.004448  0.991034  -0.000508  -0.000165  0.001075  0.000000  0.000000  0.000000  2.000000  
32.634495 0.000528  0.086809  -0.009248  0.990136  0.043406  -0.133217  -0.042425  0.999048  0.010200  0.133532  -0.004448  0.991034  -0.000515  -0.000168  0.001091  0.000000  0.000000  0.000000  2.000000  
32.635731 0.000527  0.086808  -0.009248  0.990154  0.043406  -0.133084  -0.042425  0.999048  0.010194  0.133400  -0.004448  0.991052  -0.000522  -0.000200  0.001004  0.000000  0.000000  0.000000  2.000000  
32.636983 0.000527  0.086808  -0.009246  0.990172  0.043405  -0.132952  -0.042426  0.999048  0.010189  0.133267  -0.004448  0.991070  -0.000515  -0.000224  0.001013  0.000000  0.000000  0.000000  2.000000  
32.638230 0.000527  0.086808  -0.009245  0.990163  0.043611  -0.132949  -0.042630  0.999039  0.010216  0.133267  -0.004448  0.991070  -0.000437  -0.000196  0.001043  0.000000  0.000000  0.000000  2.000000  
32.639230 0.000527  0.086808  -0.009244  0.990181  0.043610  -0.132817  -0.042631  0.999039  0.010210  0.133135  -0.004448  0.991088  -0.000430  -0.000220  0.001053  0.000000  0.000000  0.000000  2.000000  
32.640230 0.000526  0.086808  -0.009243  0.990190  0.043815  -0.132682  -0.042835  0.999030  0.010232  0.133002  -0.004448  0.991106  -0.000406  -0.000172  0.001062  0.000000  0.000000  0.000000  2.000000  
32.641230 0.000527  0.086808  -0.009242  0.990190  0.043815  -0.132682  -0.042835  0.999030  0.010232  0.133002  -0.004448  0.991106  -0.000312  -0.000156  0.001040  0.000000  0.000000  0.000000  2.000000  
32.642478 0.000526  0.086808  -0.009241  0.990207  0.043815  -0.132550  -0.042836  0.999030  0.010226  0.132869  -0.004448  0.991124  -0.000299  -0.000160  0.001006  0.000000  0.000000  0.000000  2.000000  
32.643486 0.000527  0.086808  -0.009239  0.990216  0.044020  -0.132415  -0.043041  0.999021  0.010248  0.132737  -0.004448  0.991141  -0.000247  -0.000146  0.000972  0.000000  0.000000  0.000000  2.000000  
32.644491 0.000526  0.086808  -0.009239  0.990234  0.044019  -0.132283  -0.043042  0.999021  0.010242  0.132604  -0.004448  0.991159  -0.000210  -0.000101  0.000945  0.000000  0.000000  0.000000  2.000000  
32.645730 0.000526  0.086808  -0.009238  0.990225  0.044225  -0.132281  -0.043246  0.999012  0.010269  0.132604  -0.004448  0.991159  -0.000185  -0.000108  0.000876  0.000000  0.000000  0.000000  2.000000  
32.646730 0.000527  0.086808  -0.009237  0.990243  0.044224  -0.132148  -0.043246  0.999012  0.010263  0.132472  -0.004448  0.991177  -0.000148  -0.000064  0.000850  0.000000  0.000000  0.000000  2.000000  
32.647731 0.000527  0.086809  -0.009237  0.990261  0.044224  -0.132016  -0.043247  0.999012  0.010258  0.132339  -0.004449  0.991195  -0.000083  -0.000014  0.000873  0.000000  0.000000  0.000000  2.000000  
32.648976 0.000527  0.086809  -0.009236  0.990269  0.044429  -0.131881  -0.043452  0.999003  0.010279  0.132206  -0.004449  0.991212  -0.000078  0.000006  0.000830  0.000000  0.000000  0.000000  2.000000  
32.649984 0.000527  0.086809  -0.009235  0.990278  0.044634  -0.131747  -0.043656  0.998994  0.010300  0.132074  -0.004449  0.991230  -0.000035  0.000081  0.000891  0.000000  0.000000  0.000000  2.000000  
32.651231 0.000527  0.086809  -0.009234  0.990296  0.044633  -0.131614  -0.043657  0.998994  0.010295  0.131941  -0.004449  0.991248  0.000021  0.000099  0.000855  0.000000  0.000000  0.000000  2.000000  
32.652482 0.000527  0.086810  -0.009233  0.990304  0.044822  -0.131485  -0.043862  0.998986  0.010195  0.131808  -0.004329  0.991266  0.000065  0.000120  0.000839  0.000000  0.000000  0.000000  2.000000  
32.653730 0.000528  0.086810  -0.009232  0.990322  0.044822  -0.131352  -0.043863  0.998986  0.010189  0.131676  -0.004329  0.991283  0.000045  0.000146  0.000850  0.000000  0.000000  0.000000  2.000000  
32.654732 0.000528  0.086810  -0.009231  0.990330  0.045027  -0.131218  -0.044067  0.998976  0.010210  0.131543  -0.004329  0.991301  0.000090  0.000169  0.000848  0.000000  0.000000  0.000000  2.000000  
32.655980 0.000528  0.086811  -0.009230  0.990339  0.045232  -0.131083  -0.044272  0.998967  0.010231  0.131411  -0.004329  0.991319  0.000094  0.000186  0.000790  0.000000  0.000000  0.000000  2.000000  
32.656981 0.000528  0.086811  -0.009229  0.990357  0.045231  -0.130951  -0.044273  0.998967  0.010225  0.131278  -0.004329  0.991336  0.000108  0.000185  0.000768  0.000000  0.000000  0.000000  2.000000  
32.658228 0.000529  0.086811  -0.009229  0.990365  0.045436  -0.130816  -0.044477  0.998958  0.010246  0.131145  -0.004329  0.991354  0.000150  0.000202  0.000740  0.000000  0.000000  0.000000  2.000000  
32.659231 0.000528  0.086811  -0.009229  0.990400  0.045435  -0.130551  -0.044479  0.998958  0.010234  0.130880  -0.004329  0.991389  0.000134  0.000178  0.000699  0.000000  0.000000  0.000000  2.000000  
32.660235 0.000529  0.086811  -0.009228  0.990408  0.045640  -0.130416  -0.044684  0.998949  0.010255  0.130747  -0.004329  0.991406  0.000158  0.000226  0.000707  0.000000  0.000000  0.000000  2.000000  
32.661482 0.000529  0.086811  -0.009227  0.990417  0.045830  -0.130287  -0.044888  0.998940  0.010155  0.130615  -0.004209  0.991424  0.000165  0.000202  0.000717  0.000000  0.000000  0.000000  2.000000  
32.662728 0.000529  0.086812  -0.009225  0.990434  0.045829  -0.130155  -0.044889  0.998940  0.010149  0.130482  -0.004209  0.991442  0.000150  0.000202  0.000740  0.000000  0.000000  0.000000  2.000000  
32.663728 0.000529  0.086811  -0.009225  0.990442  0.046034  -0.130020  -0.045094  0.998931  0.010169  0.130349  -0.004209  0.991459  0.000160  0.000182  0.000762  0.000000  0.000000  0.000000  2.000000  
32.664983 0.000529  0.086812  -0.009224  0.990468  0.046239  -0.129753  -0.045299  0.998922  0.010184  0.130084  -0.004209  0.991494  0.000157  0.000179  0.000749  0.000000  0.000000  0.000000  2.000000  
32.666232 0.000529  0.086812  -0.009222  0.990485  0.046238  -0.129621  -0.045300  0.998922  0.010178  0.129951  -0.004209  0.991511  0.000147  0.000186  0.000797  0.000000  0.000000  0.000000  2.000000  
