1-Time 2-Px 3-Py 4-Pz 5-R11 6-R21 7-R31 8-R12 9-R22 10-R32 11-R13 12-R23 13-R33 14-Vx 15-Vy 16-Vz 17-Wx 18-Wy 19-Wz 20-state 21-PR11 22-PR21 23-PR31 24-PR12 25-PR22 26-PR32 27-PR13 28-PR23 29-PR33 
54.808600 0.004349  0.088916  -0.012004  0.992974  0.070449  -0.095073  -0.072495  0.997202  -0.018232  0.093522  0.024996  0.995303  0.001250  0.001035  0.000728  0.000000  0.000000  0.000000  2.000000  
54.809608 0.004350  0.088917  -0.012004  0.992974  0.070449  -0.095073  -0.072495  0.997202  -0.018232  0.093522  0.024996  0.995303  0.001228  0.000972  0.000674  0.000000  0.000000  0.000000  2.000000  
54.810610 0.004352  0.088916  -0.012004  0.992947  0.070651  -0.095209  -0.072698  0.997188  -0.018202  0.093655  0.024995  0.995291  0.001233  0.000867  0.000647  0.000000  0.000000  0.000000  2.000000  
54.811859 0.004353  0.088914  -0.012004  0.992879  0.071052  -0.095615  -0.073104  0.997159  -0.018134  0.094055  0.024995  0.995253  0.001213  0.000633  0.000573  0.000000  0.000000  0.000000  2.000000  
54.812859 0.004354  0.088912  -0.012004  0.992854  0.071045  -0.095881  -0.073102  0.997160  -0.018114  0.094321  0.024994  0.995228  0.001216  0.000449  0.000509  0.000000  0.000000  0.000000  2.000000  
54.814106 0.004357  0.088910  -0.012004  0.992801  0.071240  -0.096283  -0.073304  0.997146  -0.018065  0.094721  0.024993  0.995190  0.001289  0.000212  0.000457  0.000000  0.000000  0.000000  2.000000  
54.815359 0.004359  0.088907  -0.012003  0.992746  0.071644  -0.096556  -0.073711  0.997117  -0.018006  0.094987  0.024992  0.995165  0.001335  -0.000046  0.000445  0.000000  0.000000  0.000000  2.000000  
54.816360 0.004361  0.088905  -0.012002  0.992675  0.072242  -0.096841  -0.074322  0.997071  -0.018047  0.095254  0.025112  0.995136  0.001408  -0.000255  0.000427  0.000000  0.000000  0.000000  2.000000  
54.817609 0.004364  0.088903  -0.012002  0.992590  0.072847  -0.097251  -0.074932  0.997027  -0.017957  0.095653  0.025111  0.995098  0.001488  -0.000517  0.000385  0.000000  0.000000  0.000000  2.000000  
54.818610 0.004366  0.088900  -0.012003  0.992549  0.073034  -0.097529  -0.075135  0.997010  -0.018038  0.095920  0.025231  0.995069  0.001532  -0.000758  0.000267  0.000000  0.000000  0.000000  2.000000  
54.819854 0.004368  0.088898  -0.012005  0.992451  0.073636  -0.098071  -0.075744  0.996966  -0.017937  0.096452  0.025230  0.995018  0.001570  -0.001033  0.000057  0.000000  0.000000  0.000000  2.000000  
54.820854 0.004369  0.088896  -0.012008  0.992369  0.074033  -0.098609  -0.076149  0.996937  -0.017856  0.096985  0.025229  0.994966  0.001555  -0.001155  -0.000098  0.000000  0.000000  0.000000  2.000000  
54.822113 0.004370  0.088894  -0.012011  0.992285  0.074418  -0.099156  -0.076553  0.996905  -0.017896  0.097518  0.025348  0.994911  0.001520  -0.001399  -0.000389  0.000000  0.000000  0.000000  2.000000  
54.823137 0.004371  0.088892  -0.012013  0.992214  0.074819  -0.099562  -0.076959  0.996875  -0.017824  0.097917  0.025347  0.994872  0.001518  -0.001592  -0.000591  0.000000  0.000000  0.000000  2.000000  
54.824365 0.004373  0.088889  -0.012018  0.992130  0.075203  -0.100109  -0.077363  0.996843  -0.017862  0.098450  0.025467  0.994816  0.001511  -0.001902  -0.000925  -0.000378  0.174954  0.160853  2.000000  
54.825609 0.004375  0.088884  -0.012021  0.992046  0.075588  -0.100657  -0.077767  0.996811  -0.017900  0.098982  0.025586  0.994760  0.001527  -0.002120  -0.001163  -0.003079  0.193310  0.174165  2.000000  
54.826858 0.004377  0.088880  -0.012023  0.991961  0.075985  -0.101195  -0.078172  0.996781  -0.017817  0.099515  0.025584  0.994707  0.001608  -0.002233  -0.001269  -0.001697  0.211661  0.187491  2.000000  
54.827858 0.004379  0.088876  -0.012023  0.991918  0.076171  -0.101473  -0.078374  0.996763  -0.017896  0.099781  0.025704  0.994677  0.001630  -0.002386  -0.001276  -0.005065  0.216334  0.194236  2.000000  
54.829108 0.004381  0.088871  -0.012022  0.991832  0.076555  -0.102020  -0.078778  0.996731  -0.017933  0.100314  0.025824  0.994621  0.001637  -0.002604  -0.001289  -0.007748  0.234703  0.207549  2.000000  
54.830109 0.004383  0.088865  -0.012022  0.991776  0.076750  -0.102422  -0.078979  0.996716  -0.017881  0.100713  0.025823  0.994580  0.001631  -0.002831  -0.001260  -0.007035  0.248442  0.214152  2.000000  
54.831363 0.004387  0.088859  -0.012020  0.991689  0.077134  -0.102969  -0.079383  0.996683  -0.017917  0.101246  0.025942  0.994523  0.001727  -0.003085  -0.001199  -0.009702  0.266692  0.227356  2.000000  
54.832366 0.004390  0.088853  -0.012018  0.991632  0.077317  -0.103380  -0.079584  0.996666  -0.017985  0.101645  0.026061  0.994479  0.001757  -0.003333  -0.001094  -0.013052  0.280279  0.233799  2.000000  
54.833609 0.004393  0.088846  -0.012017  0.991578  0.077290  -0.103920  -0.079580  0.996665  -0.018063  0.102177  0.026181  0.994422  0.001824  -0.003597  -0.000916  -0.017067  0.298345  0.233375  2.000000  
54.834613 0.004396  0.088841  -0.012016  0.991534  0.077476  -0.104198  -0.079782  0.996647  -0.018141  0.102444  0.026301  0.994391  0.001932  -0.003870  -0.000704  -0.020430  0.307485  0.239973  2.000000  
54.835859 0.004401  0.088834  -0.012015  0.991507  0.077443  -0.104482  -0.079779  0.996643  -0.018361  0.102710  0.026541  0.994357  0.002166  -0.004244  -0.000433  -0.028553  0.316562  0.239744  2.000000  
54.837104 0.004406  0.088826  -0.012013  0.991463  0.077629  -0.104761  -0.079981  0.996626  -0.018439  0.102976  0.026661  0.994326  0.002360  -0.004542  -0.000160  -0.031921  0.325794  0.246408  2.000000  
54.838105 0.004408  0.088820  -0.012012  0.991449  0.077612  -0.104903  -0.079980  0.996624  -0.018550  0.103109  0.026781  0.994309  0.002466  -0.004835  0.000093  -0.035985  0.330342  0.246298  2.000000  
54.839111 0.004411  0.088814  -0.012010  0.991436  0.077596  -0.105045  -0.079979  0.996622  -0.018660  0.103242  0.026901  0.994292  0.002587  -0.005032  0.000497  -0.040043  0.334835  0.246146  2.000000  
54.840373 0.004415  0.088808  -0.012008  0.991436  0.077571  -0.105064  -0.079979  0.996617  -0.018902  0.103242  0.027143  0.994286  0.002720  -0.005153  0.000893  -0.048457  0.327457  0.237357  2.000000  
54.841609 0.004418  0.088802  -0.012004  0.991438  0.077349  -0.105202  -0.079774  0.996631  -0.019033  0.103375  0.027263  0.994269  0.002796  -0.005337  0.001250  -0.054923  0.320679  0.218903  2.000000  
54.842611 0.004420  0.088797  -0.012001  0.991438  0.077336  -0.105211  -0.079774  0.996629  -0.019154  0.103375  0.027383  0.994265  0.002820  -0.005422  0.001466  -0.058967  0.311682  0.219104  2.000000  
54.843858 0.004423  0.088789  -0.011997  0.991424  0.077320  -0.105353  -0.079773  0.996627  -0.019265  0.103508  0.027504  0.994248  0.002808  -0.005557  0.001708  -0.063157  0.304481  0.210562  2.000000  
54.844859 0.004425  0.088783  -0.011993  0.991441  0.077102  -0.105359  -0.079569  0.996640  -0.019407  0.103508  0.027624  0.994245  0.002816  -0.005593  0.001904  -0.069768  0.292961  0.191976  2.000000  
54.846109 0.004427  0.088775  -0.011990  0.991455  0.077093  -0.105235  -0.079570  0.996638  -0.019539  0.103375  0.027745  0.994255  0.002721  -0.005683  0.002032  -0.070553  0.276874  0.177088  2.000000  
54.847359 0.004429  0.088767  -0.011986  0.991471  0.076875  -0.105241  -0.079366  0.996651  -0.019681  0.103375  0.027866  0.994252  0.002594  -0.005747  0.002188  -0.078623  0.264785  0.144484  2.000000  
54.848360 0.004430  0.088760  -0.011982  0.991471  0.076862  -0.105250  -0.079366  0.996649  -0.019802  0.103375  0.027986  0.994249  0.002482  -0.005822  0.002386  -0.079295  0.255635  0.137812  2.000000  
54.849361 0.004432  0.088754  -0.011977  0.991485  0.076853  -0.105127  -0.079367  0.996646  -0.019934  0.103242  0.028107  0.994259  0.002419  -0.005857  0.002622  -0.084042  0.235354  0.123494  2.000000  
54.850372 0.004434  0.088749  -0.011971  0.991485  0.076840  -0.105136  -0.079367  0.996644  -0.020055  0.103242  0.028228  0.994256  0.002267  -0.005836  0.002970  -0.090113  0.218830  0.111152  2.000000  
54.851606 0.004436  0.088741  -0.011964  0.991485  0.076828  -0.105145  -0.079367  0.996641  -0.020175  0.103242  0.028349  0.994252  0.002141  -0.005888  0.003287  -0.090763  0.203392  0.096966  2.000000  
54.852608 0.004437  0.088735  -0.011959  0.991501  0.076610  -0.105150  -0.079163  0.996655  -0.020318  0.103242  0.028469  0.994249  0.002005  -0.005860  0.003568  -0.096860  0.185032  0.076967  2.000000  
54.853609 0.004439  0.088729  -0.011954  0.991515  0.076601  -0.105027  -0.079164  0.996652  -0.020449  0.103109  0.028590  0.994259  0.001930  -0.005869  0.003840  -0.099034  0.163711  0.064422  2.000000  
54.854854 0.004440  0.088722  -0.011949  0.991529  0.076579  -0.104913  -0.079165  0.996647  -0.020702  0.102976  0.028832  0.994266  0.001832  -0.005894  0.004018  0.000000  0.000000  0.000000  2.000000  
54.855864 0.004442  0.088716  -0.011945  0.991512  0.076771  -0.104927  -0.079369  0.996628  -0.020801  0.102976  0.028952  0.994262  0.001710  -0.005983  0.004077  0.000000  0.000000  0.000000  2.000000  
54.857108 0.004444  0.088708  -0.011942  0.991526  0.076763  -0.104803  -0.079370  0.996625  -0.020933  0.102843  0.029073  0.994273  0.001604  -0.006056  0.004055  0.000000  0.000000  0.000000  2.000000  
54.858108 0.004445  0.088703  -0.011939  0.991526  0.076750  -0.104813  -0.079370  0.996623  -0.021053  0.102843  0.029194  0.994269  0.001561  -0.006037  0.004009  0.000000  0.000000  0.000000  2.000000  
54.859363 0.004446  0.088695  -0.011936  0.991540  0.076741  -0.104689  -0.079371  0.996620  -0.021185  0.102710  0.029315  0.994279  0.001489  -0.006063  0.003959  0.000000  0.000000  0.000000  2.000000  
54.860372 0.004448  0.088689  -0.011935  0.991540  0.076741  -0.104689  -0.079371  0.996620  -0.021185  0.102710  0.029315  0.994279  0.001464  -0.006043  0.003845  0.000000  0.000000  0.000000  2.000000  
54.861608 0.004449  0.088682  -0.011933  0.991540  0.076728  -0.104699  -0.079371  0.996617  -0.021306  0.102710  0.029436  0.994276  0.001401  -0.006032  0.003707  0.000000  0.000000  0.000000  2.000000  
54.862608 0.004451  0.088675  -0.011930  0.991523  0.076921  -0.104712  -0.079575  0.996599  -0.021405  0.102710  0.029556  0.994272  0.001417  -0.006014  0.003623  0.000000  0.000000  0.000000  2.000000  
54.863859 0.004453  0.088668  -0.011927  0.991523  0.076921  -0.104712  -0.079575  0.996599  -0.021405  0.102710  0.029556  0.994272  0.001470  -0.005926  0.003485  0.000000  0.000000  0.000000  2.000000  
54.865104 0.004456  0.088661  -0.011924  0.991510  0.076904  -0.104854  -0.079574  0.996597  -0.021515  0.102843  0.029676  0.994255  0.001495  -0.005926  0.003232  0.000000  0.000000  0.000000  2.000000  
54.866106 0.004458  0.088655  -0.011921  0.991510  0.076904  -0.104854  -0.079574  0.996597  -0.021515  0.102843  0.029676  0.994255  0.001508  -0.005919  0.003013  0.000000  0.000000  0.000000  2.000000  
54.867109 0.004460  0.088649  -0.011920  0.991510  0.076892  -0.104864  -0.079574  0.996594  -0.021636  0.102843  0.029797  0.994251  0.001578  -0.005918  0.002758  0.000000  0.000000  0.000000  2.000000  
54.868109 0.004463  0.088643  -0.011918  0.991510  0.076879  -0.104873  -0.079574  0.996591  -0.021757  0.102843  0.029918  0.994248  0.001696  -0.005917  0.002521  0.000000  0.000000  0.000000  2.000000  
54.869109 0.004465  0.088637  -0.011917  0.991479  0.077080  -0.105010  -0.079777  0.996576  -0.021725  0.102976  0.029917  0.994234  0.001718  -0.005960  0.002355  0.000000  0.000000  0.000000  2.000000  
54.870370 0.004469  0.088631  -0.011915  0.991466  0.077063  -0.105152  -0.079776  0.996574  -0.021835  0.103109  0.030037  0.994216  0.001846  -0.005879  0.002117  0.000000  0.000000  0.000000  2.000000  
54.871606 0.004472  0.088623  -0.011914  0.991466  0.077050  -0.105161  -0.079776  0.996571  -0.021956  0.103109  0.030158  0.994213  0.001941  -0.005879  0.001962  0.000000  0.000000  0.000000  2.000000  
54.872612 0.004475  0.088618  -0.011912  0.991452  0.077034  -0.105303  -0.079775  0.996569  -0.022066  0.103242  0.030278  0.994195  0.002052  -0.005843  0.001857  0.000000  0.000000  0.000000  2.000000  
54.873858 0.004479  0.088611  -0.011911  0.991452  0.077021  -0.105313  -0.079775  0.996566  -0.022187  0.103242  0.030399  0.994192  0.002227  -0.005833  0.001745  0.000000  0.000000  0.000000  2.000000  
54.874861 0.004482  0.088605  -0.011909  0.991452  0.077021  -0.105313  -0.079775  0.996566  -0.022187  0.103242  0.030399  0.994192  0.002343  -0.005785  0.001777  0.000000  0.000000  0.000000  2.000000  
54.876110 0.004485  0.088599  -0.011908  0.991438  0.077004  -0.105455  -0.079774  0.996564  -0.022297  0.103375  0.030519  0.994174  0.002436  -0.005723  0.001698  0.000000  0.000000  0.000000  2.000000  
54.877361 0.004489  0.088592  -0.011906  0.991422  0.077209  -0.105459  -0.079978  0.996548  -0.022276  0.103375  0.030519  0.994174  0.002527  -0.005687  0.001639  0.000000  0.000000  0.000000  2.000000  
54.878363 0.004492  0.088587  -0.011904  0.991422  0.077209  -0.105459  -0.079978  0.996548  -0.022276  0.103375  0.030519  0.994174  0.002668  -0.005614  0.001576  0.000000  0.000000  0.000000  2.000000  
54.879608 0.004495  0.088580  -0.011903  0.991422  0.077209  -0.105459  -0.079978  0.996548  -0.022276  0.103375  0.030519  0.994174  0.002709  -0.005559  0.001481  0.000000  0.000000  0.000000  2.000000  
54.880610 0.004497  0.088575  -0.011902  0.991408  0.077192  -0.105601  -0.079977  0.996545  -0.022386  0.103508  0.030639  0.994157  0.002706  -0.005571  0.001345  0.000000  0.000000  0.000000  2.000000  
54.881856 0.004500  0.088567  -0.011901  0.991408  0.077192  -0.105601  -0.079977  0.996545  -0.022386  0.103508  0.030639  0.994157  0.002735  -0.005548  0.001245  0.000000  0.000000  0.000000  2.000000  
54.883104 0.004503  0.088561  -0.011900  0.991394  0.077188  -0.105734  -0.079976  0.996546  -0.022375  0.103641  0.030639  0.994143  0.002667  -0.005507  0.001215  0.000000  0.000000  0.000000  2.000000  
54.884109 0.004505  0.088556  -0.011897  0.991378  0.077393  -0.105738  -0.080180  0.996530  -0.022353  0.103641  0.030639  0.994143  0.002656  -0.005424  0.001287  0.000000  0.000000  0.000000  2.000000  
54.885359 0.004507  0.088549  -0.011895  0.991378  0.077393  -0.105738  -0.080180  0.996530  -0.022353  0.103641  0.030639  0.994143  0.002551  -0.005444  0.001349  0.000000  0.000000  0.000000  2.000000  
54.886369 0.004509  0.088544  -0.011892  0.991378  0.077393  -0.105738  -0.080180  0.996530  -0.022353  0.103641  0.030639  0.994143  0.002499  -0.005388  0.001467  0.000000  0.000000  0.000000  2.000000  
54.887610 0.004511  0.088537  -0.011889  0.991378  0.077393  -0.105738  -0.080180  0.996530  -0.022353  0.103641  0.030639  0.994143  0.002417  -0.005393  0.001562  0.000000  0.000000  0.000000  2.000000  
54.888876 0.004514  0.088531  -0.011885  0.991361  0.077599  -0.105743  -0.080384  0.996514  -0.022332  0.103641  0.030639  0.994143  0.002322  -0.005279  0.001738  0.000000  0.000000  0.000000  2.000000  
54.890112 0.004515  0.088525  -0.011882  0.991361  0.077599  -0.105743  -0.080384  0.996514  -0.022332  0.103641  0.030639  0.994143  0.002121  -0.005240  0.001862  0.000000  0.000000  0.000000  2.000000  
54.891366 0.004516  0.088519  -0.011879  0.991361  0.077599  -0.105743  -0.080384  0.996514  -0.022332  0.103641  0.030639  0.994143  0.001995  -0.005203  0.001903  0.000000  0.000000  0.000000  2.000000  
54.892608 0.004518  0.088513  -0.011876  0.991347  0.077594  -0.105875  -0.080383  0.996514  -0.022321  0.103774  0.030638  0.994129  0.001884  -0.005189  0.001916  0.000000  0.000000  0.000000  2.000000  
54.893609 0.004519  0.088508  -0.011874  0.991331  0.077800  -0.105880  -0.080587  0.996498  -0.022299  0.103774  0.030638  0.994129  0.001761  -0.005186  0.002006  0.000000  0.000000  0.000000  2.000000  
54.894858 0.004520  0.088501  -0.011871  0.991331  0.077800  -0.105880  -0.080587  0.996498  -0.022299  0.103774  0.030638  0.994129  0.001616  -0.005159  0.002125  0.000000  0.000000  0.000000  2.000000  
54.896108 0.004521  0.088495  -0.011868  0.991331  0.077812  -0.105871  -0.080587  0.996501  -0.022178  0.103774  0.030518  0.994133  0.001488  -0.005101  0.002304  0.000000  0.000000  0.000000  2.000000  
54.897109 0.004522  0.088490  -0.011866  0.991331  0.077812  -0.105871  -0.080587  0.996501  -0.022178  0.103774  0.030518  0.994133  0.001393  -0.005038  0.002364  0.000000  0.000000  0.000000  2.000000  
54.898355 0.004522  0.088484  -0.011863  0.991331  0.077812  -0.105871  -0.080587  0.996501  -0.022178  0.103774  0.030518  0.994133  0.001263  -0.005006  0.002438  0.000000  0.000000  0.000000  2.000000  
54.899362 0.004523  0.088479  -0.011860  0.991331  0.077825  -0.105861  -0.080587  0.996504  -0.022057  0.103774  0.030397  0.994136  0.001150  -0.004992  0.002456  0.000000  0.000000  0.000000  2.000000  
54.900369 0.004524  0.088474  -0.011858  0.991331  0.077825  -0.105861  -0.080587  0.996504  -0.022057  0.103774  0.030397  0.994136  0.001088  -0.004961  0.002452  0.000000  0.000000  0.000000  2.000000  
54.901604 0.004524  0.088468  -0.011855  0.991331  0.077825  -0.105861  -0.080587  0.996504  -0.022057  0.103774  0.030397  0.994136  0.000975  -0.004989  0.002405  0.000000  0.000000  0.000000  2.000000  
54.902608 0.004525  0.088463  -0.011854  0.991331  0.077825  -0.105861  -0.080587  0.996504  -0.022057  0.103774  0.030397  0.994136  0.000890  -0.004936  0.002288  0.000000  0.000000  0.000000  2.000000  
54.903853 0.004526  0.088457  -0.011852  0.991331  0.077838  -0.105852  -0.080587  0.996506  -0.021936  0.103774  0.030276  0.994140  0.000836  -0.004952  0.002161  0.000000  0.000000  0.000000  2.000000  
54.904854 0.004526  0.088452  -0.011851  0.991331  0.077838  -0.105852  -0.080587  0.996506  -0.021936  0.103774  0.030276  0.994140  0.000788  -0.004922  0.002120  0.000000  0.000000  0.000000  2.000000  
54.905860 0.004527  0.088448  -0.011850  0.991331  0.077838  -0.105852  -0.080587  0.996506  -0.021936  0.103774  0.030276  0.994140  0.000764  -0.004904  0.002009  0.000000  0.000000  0.000000  2.000000  
54.907109 0.004529  0.088443  -0.011848  0.991331  0.077838  -0.105852  -0.080587  0.996506  -0.021936  0.103774  0.030276  0.994140  0.000792  -0.004843  0.001940  0.000000  0.000000  0.000000  2.000000  
54.908109 0.004530  0.088438  -0.011847  0.991317  0.077834  -0.105984  -0.080586  0.996507  -0.021926  0.103907  0.030276  0.994126  0.000756  -0.004823  0.001865  0.000000  0.000000  0.000000  2.000000  
54.909109 0.004531  0.088434  -0.011845  0.991317  0.077847  -0.105975  -0.080586  0.996509  -0.021805  0.103907  0.030155  0.994130  0.000775  -0.004726  0.001819  0.000000  0.000000  0.000000  2.000000  
54.910372 0.004532  0.088429  -0.011844  0.991317  0.077847  -0.105975  -0.080586  0.996509  -0.021805  0.103907  0.030155  0.994130  0.000822  -0.004675  0.001753  0.000000  0.000000  0.000000  2.000000  
54.911615 0.004534  0.088424  -0.011842  0.991317  0.077847  -0.105975  -0.080586  0.996509  -0.021805  0.103907  0.030155  0.994130  0.000846  -0.004559  0.001661  0.000000  0.000000  0.000000  2.000000  
54.912861 0.004535  0.088419  -0.011841  0.991317  0.077847  -0.105975  -0.080586  0.996509  -0.021805  0.103907  0.030155  0.994130  0.000866  -0.004521  0.001532  0.000000  0.000000  0.000000  2.000000  
54.914107 0.004537  0.088414  -0.011840  0.991317  0.077847  -0.105975  -0.080586  0.996509  -0.021805  0.103907  0.030155  0.994130  0.000936  -0.004441  0.001339  0.000000  0.000000  0.000000  2.000000  
54.915359 0.004538  0.088409  -0.011840  0.991317  0.077847  -0.105975  -0.080586  0.996509  -0.021805  0.103907  0.030155  0.994130  0.000969  -0.004383  0.001173  0.000000  0.000000  0.000000  2.000000  
54.916361 0.004539  0.088405  -0.011839  0.991317  0.077847  -0.105975  -0.080586  0.996509  -0.021805  0.103907  0.030155  0.994130  0.001023  -0.004257  0.001099  0.000000  0.000000  0.000000  2.000000  
54.917609 0.004541  0.088400  -0.011839  0.991317  0.077860  -0.105965  -0.080586  0.996512  -0.021684  0.103907  0.030035  0.994133  0.001063  -0.004189  0.001026  0.000000  0.000000  0.000000  2.000000  
54.918854 0.004542  0.088396  -0.011838  0.991317  0.077860  -0.105965  -0.080586  0.996512  -0.021684  0.103907  0.030035  0.994133  0.001106  -0.004042  0.000990  0.000000  0.000000  0.000000  2.000000  
54.919857 0.004544  0.088393  -0.011837  0.991303  0.077856  -0.106098  -0.080585  0.996512  -0.021673  0.104041  0.030034  0.994119  0.001146  -0.003972  0.000916  0.000000  0.000000  0.000000  2.000000  
54.921108 0.004545  0.088389  -0.011835  0.991303  0.077856  -0.106098  -0.080585  0.996512  -0.021673  0.104041  0.030034  0.994119  0.001182  -0.003832  0.000931  0.000000  0.000000  0.000000  2.000000  
54.922110 0.004547  0.088387  -0.011834  0.991303  0.077856  -0.106098  -0.080585  0.996512  -0.021673  0.104041  0.030034  0.994119  0.001184  -0.003720  0.000907  0.000000  0.000000  0.000000  2.000000  
54.923112 0.004548  0.088384  -0.011834  0.991303  0.077856  -0.106098  -0.080585  0.996512  -0.021673  0.104041  0.030034  0.994119  0.001203  -0.003621  0.000861  0.000000  0.000000  0.000000  2.000000  
54.924365 0.004549  0.088380  -0.011833  0.991303  0.077856  -0.106098  -0.080585  0.996512  -0.021673  0.104041  0.030034  0.994119  0.001187  -0.003540  0.000801  0.000000  0.000000  0.000000  2.000000  
54.925609 0.004551  0.088377  -0.011832  0.991303  0.077856  -0.106098  -0.080585  0.996512  -0.021673  0.104041  0.030034  0.994119  0.001216  -0.003349  0.000738  0.000000  0.000000  0.000000  2.000000  
54.926611 0.004552  0.088375  -0.011831  0.991303  0.077856  -0.106098  -0.080585  0.996512  -0.021673  0.104041  0.030034  0.994119  0.001196  -0.003295  0.000726  0.000000  0.000000  0.000000  2.000000  
54.927858 0.004553  0.088372  -0.011830  0.991289  0.077852  -0.106231  -0.080583  0.996512  -0.021662  0.104174  0.030034  0.994106  0.001186  -0.003144  0.000697  0.000000  0.000000  0.000000  2.000000  
54.928859 0.004554  0.088370  -0.011830  0.991289  0.077852  -0.106231  -0.080583  0.996512  -0.021662  0.104174  0.030034  0.994106  0.001155  -0.002986  0.000733  0.000000  0.000000  0.000000  2.000000  
54.929859 0.004554  0.088367  -0.011828  0.991273  0.078057  -0.106235  -0.080788  0.996496  -0.021640  0.104174  0.030034  0.994106  0.001136  -0.002877  0.000797  0.000000  0.000000  0.000000  2.000000  
54.931105 0.004555  0.088365  -0.011827  0.991273  0.078057  -0.106235  -0.080788  0.996496  -0.021640  0.104174  0.030034  0.994106  0.001058  -0.002741  0.000858  0.000000  0.000000  0.000000  2.000000  
54.932111 0.004556  0.088363  -0.011825  0.991273  0.078057  -0.106235  -0.080788  0.996496  -0.021640  0.104174  0.030034  0.994106  0.001059  -0.002600  0.000978  0.000000  0.000000  0.000000  2.000000  
54.933360 0.004556  0.088361  -0.011823  0.991273  0.078057  -0.106235  -0.080788  0.996496  -0.021640  0.104174  0.030034  0.994106  0.000972  -0.002438  0.001029  0.000000  0.000000  0.000000  2.000000  
54.934365 0.004557  0.088359  -0.011822  0.991259  0.078053  -0.106368  -0.080786  0.996497  -0.021630  0.104307  0.030034  0.994092  0.000922  -0.002354  0.001073  0.000000  0.000000  0.000000  2.000000  
54.935608 0.004558  0.088358  -0.011820  0.991259  0.078053  -0.106368  -0.080786  0.996497  -0.021630  0.104307  0.030034  0.994092  0.000862  -0.002212  0.001052  0.000000  0.000000  0.000000  2.000000  
54.936609 0.004558  0.088356  -0.011819  0.991259  0.078053  -0.106368  -0.080786  0.996497  -0.021630  0.104307  0.030034  0.994092  0.000770  -0.002116  0.001065  0.000000  0.000000  0.000000  2.000000  
54.937610 0.004559  0.088355  -0.011818  0.991259  0.078053  -0.106368  -0.080786  0.996497  -0.021630  0.104307  0.030034  0.994092  0.000760  -0.002002  0.001083  0.000000  0.000000  0.000000  2.000000  
54.938877 0.004559  0.088354  -0.011817  0.991259  0.078053  -0.106368  -0.080786  0.996497  -0.021630  0.104307  0.030034  0.994092  0.000689  -0.001849  0.001105  0.000000  0.000000  0.000000  2.000000  
54.940109 0.004560  0.088353  -0.011815  0.991245  0.078036  -0.106510  -0.080785  0.996494  -0.021740  0.104440  0.030154  0.994074  0.000660  -0.001713  0.001150  0.000000  0.000000  0.000000  2.000000  
54.941109 0.004560  0.088352  -0.011814  0.991245  0.078036  -0.106510  -0.080785  0.996494  -0.021740  0.104440  0.030154  0.994074  0.000574  -0.001634  0.001175  0.000000  0.000000  0.000000  2.000000  
54.942364 0.004561  0.088351  -0.011812  0.991245  0.078036  -0.106510  -0.080785  0.996494  -0.021740  0.104440  0.030154  0.994074  0.000518  -0.001443  0.001244  0.000000  0.000000  0.000000  2.000000  
54.943609 0.004561  0.088350  -0.011810  0.991245  0.078036  -0.106510  -0.080785  0.996494  -0.021740  0.104440  0.030154  0.994074  0.000492  -0.001309  0.001299  0.000000  0.000000  0.000000  2.000000  
54.944859 0.004561  0.088350  -0.011809  0.991231  0.078032  -0.106642  -0.080784  0.996495  -0.021729  0.104573  0.030153  0.994060  0.000478  -0.001184  0.001303  0.000000  0.000000  0.000000  2.000000  
54.945859 0.004562  0.088350  -0.011808  0.991231  0.078032  -0.106642  -0.080784  0.996495  -0.021729  0.104573  0.030153  0.994060  0.000468  -0.001025  0.001286  0.000000  0.000000  0.000000  2.000000  
54.946861 0.004562  0.088349  -0.011807  0.991214  0.078237  -0.106647  -0.080988  0.996479  -0.021707  0.104573  0.030153  0.994060  0.000403  -0.000950  0.001227  0.000000  0.000000  0.000000  2.000000  
54.948106 0.004562  0.088349  -0.011806  0.991214  0.078237  -0.106647  -0.080988  0.996479  -0.021707  0.104573  0.030153  0.994060  0.000407  -0.000813  0.001151  0.000000  0.000000  0.000000  2.000000  
54.949109 0.004563  0.088349  -0.011805  0.991200  0.078233  -0.106779  -0.080987  0.996479  -0.021696  0.104706  0.030153  0.994046  0.000404  -0.000674  0.001141  0.000000  0.000000  0.000000  2.000000  
54.950379 0.004563  0.088350  -0.011804  0.991200  0.078233  -0.106779  -0.080987  0.996479  -0.021696  0.104706  0.030153  0.994046  0.000362  -0.000546  0.001090  0.000000  0.000000  0.000000  2.000000  
54.951606 0.004564  0.088350  -0.011803  0.991200  0.078233  -0.106779  -0.080987  0.996479  -0.021696  0.104706  0.030153  0.994046  0.000394  -0.000412  0.001083  0.000000  0.000000  0.000000  2.000000  
54.952624 0.004564  0.088350  -0.011802  0.991186  0.078216  -0.106921  -0.080986  0.996477  -0.021806  0.104839  0.030273  0.994028  0.000315  -0.000314  0.001067  0.000000  0.000000  0.000000  2.000000  
54.953880 0.004564  0.088351  -0.011801  0.991170  0.078421  -0.106926  -0.081190  0.996461  -0.021784  0.104839  0.030273  0.994028  0.000337  -0.000136  0.001057  0.000000  0.000000  0.000000  2.000000  
54.955106 0.004565  0.088352  -0.011799  0.991170  0.078421  -0.106926  -0.081190  0.996461  -0.021784  0.104839  0.030273  0.994028  0.000338  -0.000033  0.001032  0.000000  0.000000  0.000000  2.000000  
54.956114 0.004565  0.088353  -0.011799  0.991170  0.078421  -0.106926  -0.081190  0.996461  -0.021784  0.104839  0.030273  0.994028  0.000343  0.000093  0.001029  0.000000  0.000000  0.000000  2.000000  
54.957362 0.004565  0.088353  -0.011798  0.991156  0.078417  -0.107058  -0.081189  0.996461  -0.021773  0.104972  0.030273  0.994014  0.000325  0.000163  0.000947  0.000000  0.000000  0.000000  2.000000  
54.958365 0.004566  0.088354  -0.011797  0.991139  0.078622  -0.107063  -0.081393  0.996445  -0.021751  0.104972  0.030273  0.994014  0.000309  0.000263  0.000886  0.000000  0.000000  0.000000  2.000000  
54.959608 0.004566  0.088356  -0.011796  0.991139  0.078622  -0.107063  -0.081393  0.996445  -0.021751  0.104972  0.030273  0.994014  0.000315  0.000381  0.000817  0.000000  0.000000  0.000000  2.000000  
54.960612 0.004566  0.088356  -0.011796  0.991139  0.078622  -0.107063  -0.081393  0.996445  -0.021751  0.104972  0.030273  0.994014  0.000308  0.000460  0.000764  0.000000  0.000000  0.000000  2.000000  
54.961858 0.004567  0.088357  -0.011796  0.991108  0.078823  -0.107200  -0.081596  0.996429  -0.021718  0.105105  0.030272  0.994000  0.000322  0.000549  0.000706  0.000000  0.000000  0.000000  2.000000  
54.962858 0.004567  0.088358  -0.011795  0.991108  0.078823  -0.107200  -0.081596  0.996429  -0.021718  0.105105  0.030272  0.994000  0.000310  0.000608  0.000698  0.000000  0.000000  0.000000  2.000000  
54.963858 0.004567  0.088359  -0.011795  0.991108  0.078823  -0.107200  -0.081596  0.996429  -0.021718  0.105105  0.030272  0.994000  0.000309  0.000620  0.000640  0.000000  0.000000  0.000000  2.000000  
54.965109 0.004568  0.088360  -0.011794  0.991094  0.078819  -0.107332  -0.081595  0.996429  -0.021707  0.105238  0.030272  0.993986  0.000330  0.000708  0.000652  0.000000  0.000000  0.000000  2.000000  
54.966364 0.004569  0.088361  -0.011794  0.991077  0.079025  -0.107337  -0.081799  0.996413  -0.021685  0.105238  0.030272  0.993986  0.000325  0.000753  0.000594  0.000000  0.000000  0.000000  2.000000  
54.967606 0.004570  0.088362  -0.011793  0.991077  0.079025  -0.107337  -0.081799  0.996413  -0.021685  0.105238  0.030272  0.993986  0.000387  0.000814  0.000578  0.000000  0.000000  0.000000  2.000000  
54.968609 0.004570  0.088363  -0.011793  0.991077  0.079025  -0.107337  -0.081799  0.996413  -0.021685  0.105238  0.030272  0.993986  0.000419  0.000821  0.000515  0.000000  0.000000  0.000000  2.000000  
54.969856 0.004571  0.088364  -0.011792  0.991046  0.079226  -0.107474  -0.082002  0.996397  -0.021652  0.105371  0.030271  0.993972  0.000455  0.000827  0.000489  0.000000  0.000000  0.000000  2.000000  
54.970856 0.004572  0.088365  -0.011793  0.991046  0.079226  -0.107474  -0.082002  0.996397  -0.021652  0.105371  0.030271  0.993972  0.000440  0.000820  0.000388  0.000000  0.000000  0.000000  2.000000  
54.972108 0.004573  0.088366  -0.011792  0.991029  0.079431  -0.107478  -0.082206  0.996381  -0.021630  0.105371  0.030271  0.993972  0.000523  0.000842  0.000400  0.000000  0.000000  0.000000  2.000000  
54.973108 0.004574  0.088367  -0.011792  0.991029  0.079431  -0.107478  -0.082206  0.996381  -0.021630  0.105371  0.030271  0.993972  0.000587  0.000835  0.000357  0.000000  0.000000  0.000000  2.000000  
54.974370 0.004576  0.088368  -0.011792  0.991029  0.079431  -0.107478  -0.082206  0.996381  -0.021630  0.105371  0.030271  0.993972  0.000669  0.000816  0.000329  0.000000  0.000000  0.000000  2.000000  
54.975608 0.004578  0.088369  -0.011791  0.990998  0.079632  -0.107615  -0.082408  0.996365  -0.021597  0.105504  0.030271  0.993958  0.000742  0.000825  0.000336  0.000000  0.000000  0.000000  2.000000  
54.976858 0.004579  0.088370  -0.011790  0.990998  0.079632  -0.107615  -0.082408  0.996365  -0.021597  0.105504  0.030271  0.993958  0.000826  0.000865  0.000391  0.000000  0.000000  0.000000  2.000000  
54.978108 0.004581  0.088371  -0.011790  0.990981  0.079837  -0.107620  -0.082612  0.996348  -0.021575  0.105504  0.030271  0.993958  0.000932  0.000858  0.000377  0.000000  0.000000  0.000000  2.000000  
54.979363 0.004583  0.088372  -0.011789  0.990981  0.079837  -0.107620  -0.082612  0.996348  -0.021575  0.105504  0.030271  0.993958  0.001011  0.000858  0.000436  0.000000  0.000000  0.000000  2.000000  
54.980371 0.004584  0.088373  -0.011788  0.990964  0.080042  -0.107624  -0.082816  0.996332  -0.021553  0.105504  0.030271  0.993958  0.001068  0.000877  0.000383  0.000000  0.000000  0.000000  2.000000  
54.981606 0.004586  0.088374  -0.011788  0.990964  0.080042  -0.107624  -0.082816  0.996332  -0.021553  0.105504  0.030271  0.993958  0.001121  0.000874  0.000376  0.000000  0.000000  0.000000  2.000000  
54.982855 0.004588  0.088375  -0.011787  0.990933  0.080243  -0.107761  -0.083019  0.996316  -0.021519  0.105637  0.030271  0.993944  0.001225  0.000881  0.000411  0.000000  0.000000  0.000000  2.000000  
54.983858 0.004589  0.088376  -0.011787  0.990933  0.080243  -0.107761  -0.083019  0.996316  -0.021519  0.105637  0.030271  0.993944  0.001266  0.000867  0.000391  0.000000  0.000000  0.000000  2.000000  
54.985110 0.004591  0.088378  -0.011787  0.990916  0.080448  -0.107766  -0.083223  0.996299  -0.021497  0.105637  0.030271  0.993944  0.001312  0.000890  0.000375  0.000000  0.000000  0.000000  2.000000  
54.986356 0.004593  0.088379  -0.011786  0.990916  0.080448  -0.107766  -0.083223  0.996299  -0.021497  0.105637  0.030271  0.993944  0.001391  0.000926  0.000436  0.000000  0.000000  0.000000  2.000000  
54.987359 0.004595  0.088380  -0.011785  0.990899  0.080653  -0.107770  -0.083427  0.996282  -0.021475  0.105637  0.030271  0.993944  0.001410  0.000954  0.000492  0.000000  0.000000  0.000000  2.000000  
54.988606 0.004597  0.088382  -0.011784  0.990882  0.080859  -0.107774  -0.083631  0.996266  -0.021453  0.105637  0.030271  0.993944  0.001454  0.000976  0.000475  0.000000  0.000000  0.000000  2.000000  
54.989611 0.004599  0.088383  -0.011783  0.990882  0.080859  -0.107774  -0.083631  0.996266  -0.021453  0.105637  0.030271  0.993944  0.001497  0.001022  0.000540  0.000000  0.000000  0.000000  2.000000  
54.990865 0.004601  0.088385  -0.011783  0.990864  0.081064  -0.107779  -0.083835  0.996249  -0.021431  0.105637  0.030271  0.993944  0.001529  0.001047  0.000559  0.000000  0.000000  0.000000  2.000000  
54.992111 0.004603  0.088387  -0.011781  0.990864  0.081064  -0.107779  -0.083835  0.996249  -0.021431  0.105637  0.030271  0.993944  0.001593  0.001099  0.000599  0.000000  0.000000  0.000000  2.000000  
54.993361 0.004605  0.088388  -0.011781  0.990847  0.081269  -0.107783  -0.084039  0.996232  -0.021408  0.105637  0.030271  0.993944  0.001599  0.001107  0.000609  0.000000  0.000000  0.000000  2.000000  
54.994370 0.004606  0.088390  -0.011780  0.990830  0.081474  -0.107788  -0.084243  0.996216  -0.021386  0.105637  0.030271  0.993944  0.001575  0.001149  0.000579  0.000000  0.000000  0.000000  2.000000  
54.995609 0.004609  0.088391  -0.011779  0.990830  0.081474  -0.107788  -0.084243  0.996216  -0.021386  0.105637  0.030271  0.993944  0.001640  0.001201  0.000619  0.000000  0.000000  0.000000  2.000000  
54.996609 0.004610  0.088393  -0.011778  0.990813  0.081679  -0.107792  -0.084447  0.996199  -0.021364  0.105637  0.030271  0.993944  0.001627  0.001205  0.000655  0.000000  0.000000  0.000000  2.000000  
54.997857 0.004613  0.088395  -0.011777  0.990795  0.081884  -0.107796  -0.084651  0.996182  -0.021342  0.105637  0.030271  0.993944  0.001662  0.001311  0.000712  0.000000  0.000000  0.000000  2.000000  
54.999110 0.004615  0.088396  -0.011776  0.990795  0.081884  -0.107796  -0.084651  0.996182  -0.021342  0.105637  0.030271  0.993944  0.001650  0.001315  0.000749  0.000000  0.000000  0.000000  2.000000  
55.000369 0.004617  0.088399  -0.011775  0.990778  0.082089  -0.107801  -0.084855  0.996165  -0.021320  0.105637  0.030271  0.993944  0.001660  0.001370  0.000795  0.000000  0.000000  0.000000  2.000000  
55.001606 0.004619  0.088400  -0.011773  0.990760  0.082294  -0.107805  -0.085059  0.996148  -0.021297  0.105637  0.030271  0.993944  0.001696  0.001398  0.000821  0.000000  0.000000  0.000000  2.000000  
55.002606 0.004621  0.088402  -0.011772  0.990743  0.082499  -0.107810  -0.085263  0.996131  -0.021275  0.105637  0.030271  0.993944  0.001715  0.001427  0.000877  0.000000  0.000000  0.000000  2.000000  
55.003609 0.004623  0.088403  -0.011771  0.990743  0.082499  -0.107810  -0.085263  0.996131  -0.021275  0.105637  0.030271  0.993944  0.001744  0.001451  0.000892  0.000000  0.000000  0.000000  2.000000  
55.004854 0.004625  0.088406  -0.011770  0.990725  0.082704  -0.107814  -0.085467  0.996114  -0.021253  0.105637  0.030271  0.993944  0.001753  0.001476  0.000852  0.000000  0.000000  0.000000  2.000000  
55.005863 0.004627  0.088407  -0.011770  0.990707  0.082909  -0.107818  -0.085671  0.996097  -0.021231  0.105637  0.030271  0.993944  0.001782  0.001499  0.000870  0.000000  0.000000  0.000000  2.000000  
55.007110 0.004630  0.088409  -0.011769  0.990707  0.082909  -0.107818  -0.085671  0.996097  -0.021231  0.105637  0.030271  0.993944  0.001794  0.001496  0.000834  0.000000  0.000000  0.000000  2.000000  
55.008361 0.004632  0.088411  -0.011768  0.990690  0.083114  -0.107823  -0.085875  0.996080  -0.021209  0.105637  0.030271  0.993944  0.001823  0.001521  0.000848  0.000000  0.000000  0.000000  2.000000  
55.009362 0.004634  0.088412  -0.011767  0.990672  0.083320  -0.107827  -0.086079  0.996063  -0.021187  0.105637  0.030271  0.993944  0.001866  0.001522  0.000883  0.000000  0.000000  0.000000  2.000000  
55.010374 0.004637  0.088414  -0.011765  0.990654  0.083525  -0.107831  -0.086283  0.996046  -0.021164  0.105637  0.030271  0.993944  0.001882  0.001549  0.000933  0.000000  0.000000  0.000000  2.000000  
55.011608 0.004639  0.088416  -0.011764  0.990637  0.083730  -0.107836  -0.086487  0.996029  -0.021142  0.105637  0.030271  0.993944  0.001927  0.001572  0.000922  0.000000  0.000000  0.000000  2.000000  
55.012609 0.004641  0.088418  -0.011763  0.990619  0.083935  -0.107840  -0.086691  0.996011  -0.021120  0.105637  0.030271  0.993944  0.001924  0.001551  0.000964  0.000000  0.000000  0.000000  2.000000  
55.013859 0.004644  0.088419  -0.011762  0.990601  0.084140  -0.107844  -0.086895  0.995994  -0.021098  0.105637  0.030271  0.993944  0.002008  0.001574  0.000977  0.000000  0.000000  0.000000  2.000000  
55.015104 0.004646  0.088421  -0.011760  0.990583  0.084345  -0.107849  -0.087099  0.995977  -0.021076  0.105637  0.030271  0.993944  0.002006  0.001573  0.000980  0.000000  0.000000  0.000000  2.000000  
55.016104 0.004649  0.088423  -0.011760  0.990583  0.084345  -0.107849  -0.087099  0.995977  -0.021076  0.105637  0.030271  0.993944  0.002027  0.001545  0.000954  0.000000  0.000000  0.000000  2.000000  
55.017354 0.004652  0.088425  -0.011758  0.990547  0.084755  -0.107857  -0.087506  0.995942  -0.021031  0.105637  0.030271  0.993944  0.002079  0.001542  0.000947  0.000000  0.000000  0.000000  2.000000  
55.018368 0.004654  0.088426  -0.011758  0.990529  0.084960  -0.107862  -0.087710  0.995924  -0.021009  0.105637  0.030271  0.993944  0.002093  0.001537  0.000906  0.000000  0.000000  0.000000  2.000000  
55.019610 0.004656  0.088428  -0.011756  0.990511  0.085165  -0.107866  -0.087914  0.995907  -0.020987  0.105637  0.030271  0.993944  0.002089  0.001516  0.000953  0.000000  0.000000  0.000000  2.000000  
55.020858 0.004659  0.088430  -0.011755  0.990493  0.085370  -0.107870  -0.088118  0.995889  -0.020964  0.105637  0.030271  0.993944  0.002127  0.001517  0.000986  0.000000  0.000000  0.000000  2.000000  
55.022115 0.004662  0.088432  -0.011753  0.990475  0.085575  -0.107875  -0.088322  0.995872  -0.020942  0.105637  0.030271  0.993944  0.002117  0.001520  0.001019  0.000000  0.000000  0.000000  2.000000  
55.023362 0.004664  0.088433  -0.011752  0.990456  0.085780  -0.107879  -0.088526  0.995854  -0.020920  0.105637  0.030271  0.993944  0.002113  0.001498  0.001066  0.000000  0.000000  0.000000  2.000000  
55.024366 0.004666  0.088435  -0.011751  0.990434  0.086194  -0.107755  -0.088935  0.995818  -0.020888  0.105504  0.030271  0.993958  0.002113  0.001499  0.001066  0.000000  0.000000  0.000000  2.000000  
55.025608 0.004668  0.088437  -0.011750  0.990416  0.086399  -0.107759  -0.089139  0.995801  -0.020865  0.105504  0.030271  0.993958  0.002082  0.001473  0.001047  0.000000  0.000000  0.000000  2.000000  
55.026611 0.004670  0.088438  -0.011748  0.990397  0.086604  -0.107764  -0.089343  0.995783  -0.020843  0.105504  0.030271  0.993958  0.002090  0.001448  0.001056  0.000000  0.000000  0.000000  2.000000  
55.027859 0.004673  0.088440  -0.011747  0.990379  0.086809  -0.107768  -0.089547  0.995765  -0.020821  0.105504  0.030271  0.993958  0.002090  0.001448  0.001057  0.000000  0.000000  0.000000  2.000000  
