1-Time 2-Px 3-Py 4-Pz 5-R11 6-R21 7-R31 8-R12 9-R22 10-R32 11-R13 12-R23 13-R33 14-Vx 15-Vy 16-Vz 17-Wx 18-Wy 19-Wz 20-state 21-PR11 22-PR21 23-PR31 24-PR12 25-PR22 26-PR32 27-PR13 28-PR23 29-PR33 
151.875164 0.011522  0.094207  -0.010338  0.995251  0.033655  -0.091338  -0.034231  0.999403  -0.004747  0.091124  0.007851  0.995809  0.000513  0.000309  -0.000149  -0.045020  0.100176  0.178476  2.000000  
151.876168 0.011523  0.094208  -0.010338  0.995232  0.033848  -0.091477  -0.034435  0.999395  -0.004845  0.091257  0.007972  0.995795  0.000544  0.000338  -0.000127  -0.049096  0.104707  0.178477  2.000000  
151.877169 0.011525  0.094208  -0.010338  0.995193  0.034246  -0.091749  -0.034844  0.999381  -0.004919  0.091524  0.008093  0.995770  0.000652  0.000337  -0.000138  -0.052505  0.113713  0.185218  2.000000  
151.878425 0.011529  0.094208  -0.010338  0.995130  0.034642  -0.092288  -0.035252  0.999366  -0.004984  0.092057  0.008213  0.995720  0.000864  0.000312  -0.000111  -0.051182  0.127292  0.198832  2.000000  
151.879668 0.011533  0.094207  -0.010338  0.995053  0.035037  -0.092960  -0.035660  0.999351  -0.005043  0.092723  0.008333  0.995657  0.001110  0.000231  -0.000102  -0.054578  0.149865  0.205594  2.000000  
151.880668 0.011538  0.094207  -0.010338  0.995009  0.035228  -0.093365  -0.035863  0.999344  -0.005131  0.093123  0.008454  0.995619  0.001390  0.000202  -0.000118  -0.058595  0.158861  0.205503  2.000000  
151.881918 0.011544  0.094207  -0.010339  0.994936  0.035829  -0.093905  -0.036476  0.999321  -0.005175  0.093655  0.008574  0.995568  0.001799  0.000142  -0.000172  -0.057291  0.177003  0.219161  2.000000  
151.883168 0.011552  0.094207  -0.010339  0.994856  0.036636  -0.094446  -0.037293  0.999291  -0.005199  0.094188  0.008694  0.995516  0.002262  0.000166  -0.000193  -0.059397  0.190661  0.239712  2.000000  
151.884168 0.011558  0.094206  -0.010341  0.994795  0.037227  -0.094857  -0.037906  0.999267  -0.005368  0.094588  0.008936  0.995476  0.002640  0.000076  -0.000269  -0.061569  0.200063  0.260538  2.000000  
151.885421 0.011566  0.094205  -0.010343  0.994720  0.037816  -0.095402  -0.038519  0.999243  -0.005531  0.095121  0.009177  0.995423  0.003137  -0.000018  -0.000393  -0.068299  0.217924  0.273806  2.000000  
151.886431 0.011573  0.094206  -0.010345  0.994645  0.038417  -0.095942  -0.039131  0.999219  -0.005572  0.095653  0.009297  0.995371  0.003560  0.000025  -0.000494  -0.066907  0.231472  0.287338  2.000000  
151.887667 0.011581  0.094207  -0.010350  0.994544  0.039003  -0.096754  -0.039742  0.999194  -0.005724  0.096452  0.009538  0.995292  0.004093  0.000076  -0.000798  -0.073671  0.254204  0.301025  2.000000  
151.888919 0.011589  0.094209  -0.010355  0.994433  0.039795  -0.097566  -0.040558  0.999160  -0.005854  0.097251  0.009778  0.995212  0.004595  0.000120  -0.001173  -0.075666  0.276889  0.321422  2.000000  
151.890167 0.011599  0.094210  -0.010361  0.994330  0.040380  -0.098378  -0.041169  0.999134  -0.006003  0.098050  0.010019  0.995131  0.005198  0.000212  -0.001616  -0.082382  0.299567  0.335011  2.000000  
151.891417 0.011610  0.094212  -0.010369  0.994216  0.041171  -0.099191  -0.041984  0.999099  -0.006131  0.098849  0.010260  0.995050  0.005806  0.000323  -0.002047  -0.084345  0.322278  0.355404  2.000000  
151.892420 0.011620  0.094214  -0.010374  0.994137  0.041770  -0.099732  -0.042596  0.999073  -0.006168  0.099382  0.010380  0.994995  0.006324  0.000425  -0.002469  -0.082903  0.335866  0.368943  2.000000  
151.893667 0.011633  0.094217  -0.010379  0.994044  0.042356  -0.100411  -0.043207  0.999046  -0.006320  0.100048  0.010620  0.994926  0.006891  0.000598  -0.002762  -0.089603  0.354056  0.382548  2.000000  
151.894671 0.011644  0.094219  -0.010383  0.993964  0.042943  -0.100957  -0.043819  0.999019  -0.006476  0.100580  0.010861  0.994870  0.007404  0.000774  -0.003035  -0.092221  0.367690  0.396073  2.000000  
151.895672 0.011654  0.094221  -0.010386  0.993882  0.043541  -0.101498  -0.044430  0.998991  -0.006511  0.101113  0.010981  0.994814  0.007843  0.000944  -0.003229  -0.094840  0.381321  0.409684  2.000000  
151.896911 0.011669  0.094222  -0.010390  0.993773  0.044112  -0.102316  -0.045040  0.998962  -0.006776  0.101911  0.011342  0.994729  0.008344  0.001039  -0.003403  -0.102156  0.404050  0.416343  2.000000  
151.897913 0.011682  0.094223  -0.010392  0.993677  0.044697  -0.102996  -0.045651  0.998933  -0.006925  0.102577  0.011583  0.994658  0.008762  0.001103  -0.003549  -0.104734  0.422260  0.429875  2.000000  
151.899161 0.011697  0.094224  -0.010395  0.993589  0.045063  -0.103680  -0.046057  0.998913  -0.007215  0.103242  0.011944  0.994585  0.009243  0.001203  -0.003605  -0.112060  0.440483  0.436533  2.000000  
151.900170 0.011708  0.094224  -0.010398  0.993492  0.045646  -0.104360  -0.046667  0.998883  -0.007362  0.103907  0.012184  0.994512  0.009635  0.001298  -0.003722  -0.118662  0.458546  0.449949  2.000000  
151.901414 0.011724  0.094225  -0.010401  0.993407  0.046206  -0.104919  -0.047278  0.998852  -0.007757  0.104440  0.012666  0.994451  0.010124  0.001292  -0.003774  -0.129418  0.472418  0.463536  2.000000  
151.902421 0.011738  0.094226  -0.010404  0.993345  0.046574  -0.105337  -0.047685  0.998830  -0.008058  0.104839  0.013028  0.994404  0.010569  0.001270  -0.003699  -0.136726  0.481442  0.470052  2.000000  
151.903424 0.011752  0.094227  -0.010407  0.993283  0.046941  -0.105757  -0.048092  0.998808  -0.008359  0.105238  0.013389  0.994357  0.011106  0.001303  -0.003613  -0.144062  0.490585  0.476678  2.000000  
151.904441 0.011765  0.094229  -0.010411  0.993225  0.047516  -0.106045  -0.048704  0.998776  -0.008644  0.105504  0.013750  0.994324  0.011529  0.001310  -0.003506  -0.151365  0.495040  0.483160  2.000000  
151.905665 0.011783  0.094232  -0.010414  0.993163  0.047883  -0.106464  -0.049111  0.998753  -0.008944  0.105903  0.014111  0.994276  0.011995  0.001379  -0.003336  -0.161581  0.500495  0.486248  2.000000  
151.906913 0.011802  0.094236  -0.010418  0.993100  0.048237  -0.106890  -0.049518  0.998729  -0.009365  0.106303  0.014593  0.994227  0.012461  0.001536  -0.003080  -0.169475  0.500687  0.486061  2.000000  
151.907915 0.011817  0.094240  -0.010420  0.993061  0.048412  -0.107169  -0.049721  0.998717  -0.009572  0.106569  0.014834  0.994195  0.012781  0.001629  -0.002930  -0.174030  0.496220  0.479160  2.000000  
151.909168 0.011835  0.094245  -0.010423  0.992998  0.048765  -0.107596  -0.050128  0.998693  -0.009992  0.106968  0.015316  0.994145  0.013171  0.001755  -0.002813  -0.185232  0.491940  0.485823  2.000000  
151.910412 0.011853  0.094249  -0.010426  0.992959  0.048928  -0.107881  -0.050331  0.998679  -0.010320  0.107234  0.015677  0.994110  0.013402  0.001916  -0.002709  -0.193864  0.483194  0.479102  2.000000  
151.911421 0.011867  0.094252  -0.010427  0.992934  0.049092  -0.108034  -0.050534  0.998665  -0.010654  0.107367  0.016039  0.994090  0.013629  0.002007  -0.002586  -0.202453  0.474167  0.472116  2.000000  
151.912664 0.011886  0.094255  -0.010430  0.992885  0.049446  -0.108328  -0.050942  0.998640  -0.011081  0.107633  0.016520  0.994053  0.013801  0.002120  -0.002503  -0.215127  0.465401  0.465335  2.000000  
151.913665 0.011900  0.094257  -0.010430  0.992874  0.049612  -0.108348  -0.051146  0.998626  -0.011422  0.107633  0.016882  0.994047  0.013959  0.002222  -0.002414  -0.224466  0.447475  0.451762  2.000000  
151.914910 0.011917  0.094259  -0.010431  0.992849  0.049763  -0.108508  -0.051350  0.998610  -0.011877  0.107766  0.017364  0.994025  0.014117  0.002358  -0.002228  -0.234543  0.434088  0.431379  2.000000  
151.915912 0.011930  0.094261  -0.010430  0.992839  0.049929  -0.108528  -0.051554  0.998595  -0.012218  0.107766  0.017726  0.994018  0.014174  0.002455  -0.002052  -0.243883  0.420526  0.417690  2.000000  
151.916914 0.011945  0.094264  -0.010428  0.992814  0.050093  -0.108682  -0.051758  0.998581  -0.012552  0.107899  0.018087  0.993997  0.014236  0.002566  -0.001732  -0.248489  0.407183  0.410911  2.000000  
151.918166 0.011962  0.094268  -0.010425  0.992789  0.050243  -0.108842  -0.051962  0.998564  -0.013008  0.108032  0.018569  0.993974  0.014307  0.002769  -0.001243  -0.258451  0.384683  0.390520  2.000000  
151.919166 0.011976  0.094272  -0.010423  0.992778  0.050409  -0.108863  -0.052166  0.998549  -0.013349  0.108032  0.018931  0.993967  0.014293  0.002911  -0.000916  -0.265970  0.356400  0.380401  2.000000  
151.920418 0.011994  0.094278  -0.010420  0.992763  0.050354  -0.109020  -0.052165  0.998543  -0.013826  0.108165  0.019413  0.993943  0.014311  0.003094  -0.000399  -0.280136  0.338151  0.359820  2.000000  
151.921423 0.012008  0.094283  -0.010417  0.992753  0.050506  -0.109047  -0.052370  0.998526  -0.014288  0.108165  0.019895  0.993934  0.014281  0.003266  -0.000019  -0.290246  0.315407  0.339295  2.000000  
151.922428 0.012023  0.094289  -0.010414  0.992742  0.050672  -0.109069  -0.052574  0.998510  -0.014629  0.108165  0.020257  0.993927  0.014213  0.003355  0.000374  -0.295633  0.297281  0.325671  2.000000  
151.923665 0.012040  0.094295  -0.010411  0.992745  0.050814  -0.108970  -0.052779  0.998490  -0.015219  0.108032  0.020860  0.993929  0.014104  0.003498  0.000722  -0.310134  0.272657  0.316527  2.000000  
151.924916 0.012055  0.094302  -0.010410  0.992735  0.050967  -0.108998  -0.052983  0.998472  -0.015681  0.108032  0.021342  0.993918  0.013944  0.003619  0.001090  -0.320243  0.250128  0.296287  2.000000  
151.925919 0.012068  0.094307  -0.010409  0.992738  0.051136  -0.108887  -0.053189  0.998456  -0.016029  0.107899  0.021704  0.993925  0.013810  0.003799  0.001255  -0.328389  0.225119  0.285383  2.000000  
151.927168 0.012083  0.094313  -0.010407  0.992727  0.051275  -0.108921  -0.053393  0.998435  -0.016612  0.107899  0.022307  0.993912  0.013597  0.003988  0.001502  -0.337793  0.197990  0.271885  2.000000  
151.928417 0.012096  0.094319  -0.010404  0.992716  0.051441  -0.108943  -0.053597  0.998419  -0.016953  0.107899  0.022669  0.993903  0.013349  0.004232  0.001765  -0.340556  0.173987  0.256429  2.000000  
151.929663 0.012109  0.094325  -0.010401  0.992716  0.051388  -0.108968  -0.053597  0.998410  -0.017438  0.107899  0.023151  0.993892  0.013046  0.004477  0.002034  -0.346575  0.146927  0.236274  2.000000  
151.930666 0.012120  0.094330  -0.010398  0.992705  0.051554  -0.108991  -0.053802  0.998393  -0.017778  0.107899  0.023513  0.993884  0.012814  0.004655  0.002172  -0.350133  0.130128  0.231629  2.000000  
151.931916 0.012132  0.094336  -0.010394  0.992694  0.051707  -0.109019  -0.054006  0.998374  -0.018240  0.107899  0.023995  0.993872  0.012479  0.004858  0.002273  -0.352708  0.111070  0.216356  2.000000  
151.933163 0.012145  0.094343  -0.010391  0.992683  0.051860  -0.109048  -0.054210  0.998354  -0.018702  0.107899  0.024477  0.993861  0.012156  0.004975  0.002315  -0.354101  0.097530  0.202891  2.000000  
151.934166 0.012154  0.094348  -0.010388  0.992672  0.052025  -0.109071  -0.054415  0.998337  -0.019043  0.107899  0.024839  0.993852  0.011876  0.005088  0.002370  -0.354811  0.084098  0.196298  2.000000  
151.935170 0.012164  0.094355  -0.010385  0.992660  0.052191  -0.109094  -0.054619  0.998319  -0.019384  0.107899  0.025200  0.993842  0.011540  0.005227  0.002367  -0.354380  0.075749  0.191181  2.000000  
151.936428 0.012176  0.094363  -0.010382  0.992623  0.052546  -0.109260  -0.055027  0.998288  -0.019816  0.108032  0.025682  0.993816  0.011128  0.005332  0.002325  -0.359535  0.066283  0.189773  2.000000  
151.937667 0.012188  0.094372  -0.010378  0.992612  0.052698  -0.109290  -0.055231  0.998268  -0.020278  0.108032  0.026164  0.993803  0.010716  0.005447  0.002324  -0.363188  0.053289  0.184693  2.000000  
151.938667 0.012197  0.094380  -0.010375  0.992586  0.052847  -0.109452  -0.055435  0.998247  -0.020732  0.108165  0.026646  0.993776  0.010440  0.005621  0.002429  -0.367218  0.048869  0.184756  2.000000  
151.939915 0.012207  0.094388  -0.010371  0.992575  0.053000  -0.109482  -0.055639  0.998226  -0.021194  0.108165  0.027128  0.993763  0.010146  0.005788  0.002553  -0.371999  0.035312  0.178142  2.000000  
151.940916 0.012216  0.094396  -0.010368  0.992549  0.053162  -0.109639  -0.055843  0.998207  -0.021527  0.108298  0.027490  0.993738  0.009875  0.005939  0.002705  -0.372006  0.035379  0.178141  2.000000  
151.942165 0.012226  0.094405  -0.010364  0.992526  0.053520  -0.109674  -0.056252  0.998175  -0.021967  0.108298  0.027972  0.993725  0.009541  0.006117  0.002851  -0.372221  0.030854  0.183572  2.000000  
151.943165 0.012233  0.094412  -0.010360  0.992514  0.053672  -0.109704  -0.056456  0.998153  -0.022428  0.108298  0.028454  0.993711  0.009334  0.006263  0.002960  -0.375263  0.026702  0.185164  2.000000  
151.944415 0.012242  0.094421  -0.010356  0.992502  0.053837  -0.109728  -0.056660  0.998134  -0.022769  0.108298  0.028815  0.993701  0.009016  0.006479  0.003011  -0.373057  0.021942  0.176985  2.000000  
151.945416 0.012250  0.094427  -0.010353  0.992491  0.054003  -0.109753  -0.056864  0.998114  -0.023110  0.108298  0.029177  0.993690  0.008890  0.006601  0.003052  -0.371963  0.022193  0.178391  2.000000  
151.946428 0.012257  0.094434  -0.010351  0.992465  0.054165  -0.109910  -0.057068  0.998095  -0.023443  0.108431  0.029538  0.993665  0.008673  0.006721  0.003013  -0.371750  0.022246  0.178289  2.000000  
151.947662 0.012267  0.094443  -0.010347  0.992441  0.054536  -0.109940  -0.057477  0.998064  -0.023760  0.108431  0.029900  0.993654  0.008479  0.006873  0.002986  -0.368111  0.022303  0.183712  2.000000  
151.948916 0.012276  0.094452  -0.010345  0.992415  0.054697  -0.110097  -0.057680  0.998044  -0.024093  0.108564  0.030261  0.993629  0.008269  0.006995  0.002908  -0.363026  0.022580  0.185243  2.000000  
151.950170 0.012286  0.094460  -0.010342  0.992376  0.055064  -0.110260  -0.058088  0.998013  -0.024403  0.108697  0.030622  0.993603  0.008085  0.007051  0.002904  -0.357391  0.023003  0.198967  2.000000  
151.951414 0.012295  0.094469  -0.010338  0.992364  0.055229  -0.110285  -0.058292  0.997993  -0.024744  0.108697  0.030984  0.993592  0.007965  0.007084  0.002946  -0.350504  0.022904  0.197375  2.000000  
151.952418 0.012303  0.094476  -0.010334  0.992352  0.055394  -0.110310  -0.058496  0.997972  -0.025084  0.108697  0.031345  0.993581  0.007864  0.007056  0.002966  -0.350524  0.022977  0.197378  2.000000  
151.953421 0.012311  0.094483  -0.010331  0.992314  0.055774  -0.110467  -0.058904  0.997944  -0.025273  0.108830  0.031586  0.993558  0.007798  0.007062  0.003009  -0.340285  0.032412  0.205549  2.000000  
151.954430 0.012319  0.094491  -0.010327  0.992301  0.055953  -0.110485  -0.059108  0.997926  -0.025492  0.108830  0.031827  0.993551  0.007684  0.007034  0.003026  -0.336112  0.032465  0.205480  2.000000  
151.955666 0.012328  0.094499  -0.010323  0.992289  0.056118  -0.110511  -0.059313  0.997905  -0.025833  0.108830  0.032188  0.993539  0.007622  0.006961  0.003070  -0.332251  0.037068  0.205470  2.000000  
151.956669 0.012335  0.094505  -0.010319  0.992265  0.056489  -0.110542  -0.059721  0.997872  -0.026150  0.108830  0.032550  0.993527  0.007568  0.006938  0.003087  -0.326591  0.037525  0.219153  2.000000  
151.957913 0.012344  0.094514  -0.010314  0.992240  0.056859  -0.110574  -0.060130  0.997840  -0.026468  0.108830  0.032911  0.993515  0.007524  0.006917  0.003140  -0.321864  0.037822  0.226083  2.000000  
151.958916 0.012352  0.094521  -0.010311  0.992228  0.057025  -0.110600  -0.060334  0.997818  -0.026808  0.108830  0.033273  0.993503  0.007545  0.006863  0.003125  -0.321825  0.037899  0.226042  2.000000  
151.960163 0.012361  0.094529  -0.010306  0.992215  0.057190  -0.110626  -0.060538  0.997797  -0.027149  0.108830  0.033634  0.993491  0.007553  0.006903  0.003224  -0.319137  0.037664  0.224140  2.000000  
151.961165 0.012369  0.094536  -0.010302  0.992190  0.057574  -0.110651  -0.060947  0.997766  -0.027345  0.108830  0.033875  0.993483  0.007555  0.006886  0.003275  -0.312864  0.038257  0.232848  2.000000  
151.962413 0.012378  0.094544  -0.010297  0.992178  0.057725  -0.110685  -0.061151  0.997741  -0.027806  0.108830  0.034357  0.993466  0.007573  0.006867  0.003423  -0.314402  0.038049  0.230967  2.000000  
151.963416 0.012386  0.094551  -0.010292  0.992152  0.058109  -0.110711  -0.061560  0.997710  -0.028003  0.108830  0.034598  0.993458  0.007561  0.006858  0.003622  -0.308061  0.038649  0.239712  2.000000  
151.964663 0.012395  0.094558  -0.010287  0.992154  0.058293  -0.110598  -0.061765  0.997691  -0.028230  0.108697  0.034840  0.993464  0.007566  0.006793  0.003756  -0.301698  0.033967  0.238021  2.000000  
151.965663 0.012403  0.094565  -0.010282  0.992142  0.058471  -0.110618  -0.061969  0.997673  -0.028450  0.108697  0.035081  0.993456  0.007540  0.006754  0.003903  -0.297489  0.034021  0.237880  2.000000  
151.966665 0.012410  0.094571  -0.010277  0.992116  0.058855  -0.110644  -0.062378  0.997641  -0.028646  0.108697  0.035322  0.993447  0.007517  0.006683  0.003964  -0.292887  0.029865  0.244994  2.000000  
151.967914 0.012419  0.094578  -0.010273  0.992103  0.059034  -0.110664  -0.062582  0.997622  -0.028865  0.108697  0.035563  0.993439  0.007427  0.006525  0.004002  -0.284571  0.025474  0.244942  2.000000  
151.968915 0.012425  0.094583  -0.010268  0.992077  0.059418  -0.110690  -0.062990  0.997591  -0.029062  0.108697  0.035804  0.993430  0.007360  0.006414  0.004033  -0.279755  0.025760  0.251728  2.000000  
151.969916 0.012432  0.094588  -0.010265  0.992064  0.059596  -0.110711  -0.063195  0.997572  -0.029281  0.108697  0.036045  0.993421  0.007306  0.006307  0.004048  -0.269848  0.026081  0.253808  2.000000  
151.971167 0.012439  0.094594  -0.010261  0.992038  0.059980  -0.110737  -0.063603  0.997540  -0.029477  0.108697  0.036286  0.993412  0.007175  0.006112  0.003961  -0.261699  0.021681  0.253962  2.000000  
151.972170 0.012445  0.094599  -0.010258  0.992025  0.060158  -0.110758  -0.063807  0.997520  -0.029697  0.108697  0.036527  0.993404  0.007092  0.005965  0.003910  -0.257569  0.021753  0.253904  2.000000  
151.973418 0.012453  0.094606  -0.010253  0.991999  0.060542  -0.110785  -0.064216  0.997488  -0.029893  0.108697  0.036768  0.993395  0.006994  0.005880  0.003954  -0.248709  0.022076  0.260815  2.000000  
151.974423 0.012459  0.094610  -0.010250  0.991985  0.060721  -0.110806  -0.064420  0.997468  -0.030112  0.108697  0.037009  0.993386  0.006897  0.005722  0.003922  -0.244556  0.022148  0.260727  2.000000  
151.975667 0.012467  0.094617  -0.010245  0.991959  0.061105  -0.110833  -0.064828  0.997436  -0.030309  0.108697  0.037250  0.993377  0.006779  0.005642  0.003932  -0.236467  0.017755  0.260956  2.000000  
151.976913 0.012474  0.094624  -0.010239  0.991932  0.061488  -0.110860  -0.065237  0.997403  -0.030505  0.108697  0.037491  0.993368  0.006628  0.005511  0.003968  -0.231657  0.018069  0.267848  2.000000  
151.978167 0.012481  0.094631  -0.010233  0.991905  0.061872  -0.110888  -0.065645  0.997371  -0.030701  0.108697  0.037732  0.993359  0.006455  0.005432  0.003983  -0.226745  0.013885  0.274791  2.000000  
151.979416 0.012488  0.094637  -0.010228  0.991878  0.062256  -0.110916  -0.066054  0.997338  -0.030897  0.108697  0.037973  0.993349  0.006293  0.005348  0.003959  -0.222690  0.013970  0.274812  2.000000  
151.980663 0.012494  0.094643  -0.010223  0.991850  0.062443  -0.111062  -0.066257  0.997321  -0.030987  0.108830  0.038093  0.993330  0.006094  0.005236  0.003914  -0.214535  0.014039  0.274850  2.000000  
151.981911 0.012500  0.094649  -0.010219  0.991822  0.062826  -0.111090  -0.066665  0.997288  -0.031183  0.108830  0.038334  0.993321  0.005931  0.005099  0.003845  -0.212787  0.013991  0.272607  2.000000  
151.982913 0.012505  0.094653  -0.010216  0.991795  0.063210  -0.111118  -0.067074  0.997254  -0.031379  0.108830  0.038575  0.993312  0.005770  0.005014  0.003819  -0.207965  0.014312  0.279381  2.000000  
151.984164 0.012511  0.094658  -0.010211  0.991753  0.063602  -0.111272  -0.067481  0.997225  -0.031445  0.108963  0.038695  0.993292  0.005582  0.004904  0.003775  -0.199836  0.014379  0.279367  2.000000  
151.985201 0.012515  0.094662  -0.010208  0.991725  0.063986  -0.111300  -0.067889  0.997191  -0.031641  0.108963  0.038936  0.993283  0.005444  0.004836  0.003764  -0.196454  0.014814  0.288247  2.000000  
151.986431 0.012520  0.094667  -0.010204  0.991682  0.064377  -0.111454  -0.068297  0.997161  -0.031707  0.109096  0.039056  0.993264  0.005264  0.004786  0.003771  -0.188422  0.019387  0.288282  2.000000  
151.987668 0.012526  0.094672  -0.010200  0.991654  0.064761  -0.111482  -0.068705  0.997127  -0.031903  0.109096  0.039297  0.993254  0.005116  0.004713  0.003756  -0.184392  0.019479  0.288347  2.000000  
151.988915 0.012532  0.094678  -0.010196  0.991611  0.065153  -0.111636  -0.069112  0.997097  -0.031969  0.109229  0.039416  0.993235  0.005033  0.004652  0.003744  -0.174035  0.024096  0.292645  2.000000  
151.990166 0.012538  0.094683  -0.010191  0.991583  0.065536  -0.111665  -0.069521  0.997062  -0.032165  0.109229  0.039657  0.993225  0.004937  0.004578  0.003719  -0.167350  0.024407  0.295107  2.000000  
151.991418 0.012544  0.094689  -0.010188  0.991525  0.066133  -0.111825  -0.070132  0.997018  -0.032208  0.109362  0.039777  0.993206  0.004891  0.004520  0.003641  -0.160390  0.029219  0.306102  2.000000  
151.992421 0.012549  0.094693  -0.010184  0.991481  0.066525  -0.111979  -0.070539  0.996987  -0.032273  0.109495  0.039897  0.993186  0.004782  0.004437  0.003517  -0.153520  0.034025  0.308410  2.000000  
151.993664 0.012555  0.094698  -0.010180  0.991438  0.066903  -0.112141  -0.070946  0.996952  -0.032459  0.109628  0.040138  0.993162  0.004726  0.004317  0.003386  -0.148706  0.038880  0.315183  2.000000  
151.994664 0.012560  0.094703  -0.010177  0.991394  0.067294  -0.112295  -0.071353  0.996921  -0.032525  0.109761  0.040257  0.993142  0.004706  0.004263  0.003376  -0.143868  0.048185  0.321698  2.000000  
151.995912 0.012566  0.094708  -0.010173  0.991335  0.067891  -0.112456  -0.071965  0.996875  -0.032567  0.109894  0.040377  0.993123  0.004671  0.004218  0.003305  -0.137871  0.052564  0.325693  2.000000  
151.997164 0.012572  0.094713  -0.010167  0.991261  0.068468  -0.112758  -0.072575  0.996826  -0.032720  0.110160  0.040617  0.993084  0.004678  0.004170  0.003362  -0.134125  0.062346  0.334874  2.000000  
151.998417 0.012578  0.094717  -0.010162  0.991186  0.069046  -0.113060  -0.073185  0.996777  -0.032872  0.110426  0.040857  0.993044  0.004700  0.004110  0.003481  -0.135533  0.071340  0.345435  2.000000  
151.999662 0.012584  0.094722  -0.010156  0.991126  0.069642  -0.113221  -0.073796  0.996730  -0.032913  0.110559  0.040977  0.993025  0.004737  0.004146  0.003601  -0.130705  0.076119  0.352040  2.000000  
152.000671 0.012589  0.094726  -0.010151  0.991066  0.070028  -0.113508  -0.074202  0.996698  -0.032968  0.110825  0.041096  0.992990  0.004817  0.004151  0.003664  -0.122805  0.086077  0.361395  2.000000  
152.001676 0.012594  0.094730  -0.010147  0.991005  0.070610  -0.113678  -0.074813  0.996647  -0.033129  0.110958  0.041336  0.992965  0.004867  0.004136  0.003757  -0.126080  0.090891  0.368020  2.000000  
152.002916 0.012601  0.094736  -0.010141  0.990929  0.071201  -0.113972  -0.075422  0.996600  -0.033160  0.111224  0.041455  0.992930  0.004939  0.004148  0.003862  -0.119564  0.099758  0.378635  2.000000  
152.004168 0.012608  0.094741  -0.010136  0.990837  0.071983  -0.114282  -0.076236  0.996534  -0.033287  0.111490  0.041695  0.992891  0.005013  0.004182  0.003918  -0.114837  0.110180  0.394922  2.000000  
152.005417 0.012615  0.094747  -0.010131  0.990745  0.072568  -0.114709  -0.076845  0.996487  -0.033307  0.111889  0.041813  0.992841  0.005064  0.004159  0.003961  -0.113029  0.122935  0.397843  2.000000  
152.006430 0.012621  0.094751  -0.010128  0.990668  0.073158  -0.115003  -0.077454  0.996438  -0.033336  0.112154  0.041933  0.992806  0.005143  0.004162  0.004023  -0.108265  0.133511  0.414339  2.000000  
152.007666 0.012628  0.094757  -0.010122  0.990590  0.073734  -0.115306  -0.078064  0.996386  -0.033486  0.112420  0.042172  0.992765  0.005222  0.004141  0.004084  -0.107479  0.142916  0.420942  2.000000  
152.008667 0.012634  0.094761  -0.010118  0.990495  0.074530  -0.115608  -0.078877  0.996322  -0.033491  0.112686  0.042291  0.992730  0.005267  0.004152  0.004172  -0.101810  0.152527  0.434273  2.000000  
152.009913 0.012642  0.094766  -0.010112  0.990384  0.075305  -0.116051  -0.079689  0.996253  -0.033605  0.113085  0.042530  0.992675  0.005356  0.004179  0.004235  -0.102636  0.161125  0.450837  2.000000  
152.010916 0.012647  0.094770  -0.010107  0.990305  0.075895  -0.116345  -0.080298  0.996203  -0.033633  0.113351  0.042649  0.992639  0.005412  0.004197  0.004332  -0.098569  0.171793  0.460997  2.000000  
152.012168 0.012655  0.094775  -0.010101  0.990193  0.076670  -0.116789  -0.081110  0.996134  -0.033746  0.113750  0.042888  0.992583  0.005505  0.004178  0.004409  -0.096947  0.185969  0.474193  2.000000  
152.013411 0.012662  0.094780  -0.010095  0.990080  0.077444  -0.117232  -0.081922  0.996063  -0.033859  0.114149  0.043127  0.992527  0.005603  0.004200  0.004431  -0.098572  0.198466  0.483353  2.000000  
152.014419 0.012668  0.094784  -0.010091  0.989982  0.078225  -0.117544  -0.082734  0.995992  -0.033982  0.114414  0.043366  0.992486  0.005707  0.004179  0.004426  -0.097787  0.205382  0.501077  2.000000  
152.015663 0.012676  0.094789  -0.010084  0.989868  0.078999  -0.117988  -0.083546  0.995921  -0.034093  0.114813  0.043605  0.992430  0.005761  0.004178  0.004465  -0.099408  0.217765  0.510080  2.000000  
152.016916 0.012684  0.094794  -0.010078  0.989720  0.079972  -0.118571  -0.084559  0.995832  -0.034168  0.115345  0.043843  0.992357  0.005850  0.004157  0.004538  -0.096847  0.231942  0.529495  2.000000  
152.018168 0.012691  0.094799  -0.010071  0.989604  0.080746  -0.119016  -0.085370  0.995759  -0.034278  0.115743  0.044082  0.992300  0.005928  0.004172  0.004604  -0.100055  0.248000  0.546965  2.000000  
152.019169 0.012698  0.094804  -0.010066  0.989487  0.081533  -0.119451  -0.086181  0.995690  -0.034266  0.116142  0.044200  0.992249  0.005997  0.004182  0.004706  -0.094279  0.257690  0.560318  2.000000  
152.020418 0.012706  0.094809  -0.010059  0.989353  0.082301  -0.120028  -0.086990  0.995616  -0.034363  0.116674  0.044438  0.992176  0.006035  0.004162  0.004787  -0.096598  0.271842  0.573398  2.000000  
152.021422 0.012712  0.094813  -0.010054  0.989250  0.083079  -0.120341  -0.087802  0.995541  -0.034482  0.116939  0.044677  0.992134  0.006068  0.004142  0.004904  -0.099015  0.281474  0.586606  2.000000  
152.022665 0.012720  0.094819  -0.010048  0.989131  0.083852  -0.120786  -0.088613  0.995465  -0.034589  0.117338  0.044916  0.992076  0.006093  0.004148  0.004972  -0.096565  0.289030  0.595427  2.000000  
152.023915 0.012728  0.094824  -0.010041  0.988976  0.084809  -0.121381  -0.089625  0.995368  -0.034779  0.117870  0.045274  0.991996  0.006142  0.004111  0.005071  -0.103697  0.305510  0.613156  2.000000  
152.025166 0.012735  0.094828  -0.010036  0.988855  0.085581  -0.121827  -0.090435  0.995291  -0.034884  0.118268  0.045513  0.991938  0.006112  0.004075  0.005041  -0.102685  0.310409  0.619654  2.000000  
152.026431 0.012742  0.094833  -0.010030  0.988714  0.086557  -0.122280  -0.091449  0.995196  -0.034963  0.118667  0.045751  0.991880  0.006095  0.004018  0.004994  -0.104943  0.319901  0.632524  2.000000  
152.027663 0.012749  0.094837  -0.010024  0.988572  0.087519  -0.122745  -0.092462  0.995095  -0.035162  0.119065  0.046110  0.991815  0.006084  0.003963  0.004982  -0.107272  0.325354  0.646274  2.000000  
152.028911 0.012756  0.094841  -0.010019  0.988448  0.088290  -0.123191  -0.093272  0.995016  -0.035265  0.119464  0.046348  0.991756  0.006077  0.003944  0.004940  -0.108690  0.332335  0.654171  2.000000  
152.029916 0.012761  0.094844  -0.010015  0.988323  0.089061  -0.123638  -0.094081  0.994936  -0.035367  0.119862  0.046586  0.991697  0.006025  0.003846  0.004858  -0.108584  0.340097  0.666258  2.000000  
152.031166 0.012769  0.094848  -0.010010  0.988197  0.089816  -0.124096  -0.094890  0.994851  -0.035590  0.120261  0.046945  0.991632  0.005977  0.003786  0.004778  -0.114784  0.346611  0.666968  2.000000  
152.032170 0.012774  0.094851  -0.010006  0.988086  0.090593  -0.124412  -0.095701  0.994770  -0.035703  0.120526  0.047184  0.991588  0.005922  0.003720  0.004692  -0.118858  0.350002  0.679454  2.000000  
152.033417 0.012781  0.094855  -0.010000  0.987959  0.091363  -0.124859  -0.096510  0.994688  -0.035803  0.120925  0.047422  0.991528  0.005864  0.003640  0.004695  -0.116824  0.351961  0.680199  2.000000  
152.034425 0.012786  0.094858  -0.009996  0.987847  0.092124  -0.125186  -0.097320  0.994601  -0.036036  0.121191  0.047782  0.991479  0.005743  0.003516  0.004567  -0.124931  0.355291  0.692474  2.000000  
152.035665 0.012793  0.094862  -0.009990  0.987718  0.092893  -0.125634  -0.098129  0.994517  -0.036135  0.121589  0.048020  0.991418  0.005663  0.003403  0.004513  -0.123862  0.355834  0.699348  2.000000  
152.036672 0.012798  0.094864  -0.009986  0.987604  0.093669  -0.125951  -0.098939  0.994433  -0.036246  0.121855  0.048259  0.991374  0.005590  0.003283  0.004418  -0.126912  0.356203  0.705988  2.000000  
152.037915 0.012803  0.094868  -0.009982  0.987453  0.094627  -0.126418  -0.099950  0.994325  -0.036439  0.122253  0.048617  0.991308  0.005465  0.003177  0.004277  -0.129963  0.361302  0.712668  2.000000  
152.038918 0.012808  0.094870  -0.009979  0.987338  0.095387  -0.126747  -0.100760  0.994235  -0.036669  0.122519  0.048976  0.991257  0.005326  0.003037  0.004132  -0.137097  0.361761  0.719364  2.000000  
152.040165 0.012813  0.094872  -0.009975  0.987201  0.096366  -0.127072  -0.101773  0.994128  -0.036753  0.122784  0.049215  0.991212  0.005228  0.002907  0.004063  -0.138158  0.355112  0.727223  2.000000  
152.041165 0.012817  0.094874  -0.009972  0.987084  0.097125  -0.127401  -0.102583  0.994037  -0.036982  0.123050  0.049574  0.991162  0.005095  0.002816  0.003965  -0.144038  0.358056  0.726455  2.000000  
152.042427 0.012822  0.094876  -0.009968  0.986945  0.098089  -0.127739  -0.103595  0.993924  -0.037185  0.123315  0.049933  0.991111  0.004960  0.002677  0.003824  -0.146962  0.353897  0.732967  2.000000  
152.043663 0.012827  0.094878  -0.009964  0.986805  0.099067  -0.128065  -0.104608  0.993815  -0.037267  0.123581  0.050172  0.991065  0.004808  0.002531  0.003715  -0.145920  0.349982  0.740085  2.000000  
152.044914 0.012832  0.094880  -0.009961  0.986643  0.100235  -0.128411  -0.105823  0.993680  -0.037442  0.123846  0.050531  0.991014  0.004721  0.002431  0.003606  -0.148134  0.346460  0.754096  2.000000  
152.046161 0.012837  0.094882  -0.009958  0.986517  0.101204  -0.128618  -0.106837  0.993563  -0.037657  0.123979  0.050890  0.990979  0.004538  0.002257  0.003475  -0.153953  0.335145  0.754889  2.000000  
152.047161 0.012840  0.094883  -0.009956  0.986395  0.101962  -0.128950  -0.107645  0.993467  -0.037884  0.124245  0.051249  0.990927  0.004429  0.002138  0.003350  -0.159079  0.333728  0.761382  2.000000  
152.048167 0.012843  0.094883  -0.009953  0.986290  0.102742  -0.129138  -0.108456  0.993375  -0.038004  0.124377  0.051489  0.990898  0.004223  0.001929  0.003155  -0.156749  0.326948  0.761835  2.000000  
152.049415 0.012847  0.094885  -0.009951  0.986145  0.103703  -0.129478  -0.109467  0.993256  -0.038203  0.124643  0.051848  0.990846  0.004075  0.001807  0.003002  -0.160488  0.318282  0.762164  2.000000  
152.050425 0.012850  0.094885  -0.009949  0.986037  0.104483  -0.129666  -0.110278  0.993162  -0.038323  0.124776  0.052087  0.990817  0.003904  0.001617  0.002784  -0.161554  0.312016  0.768554  2.000000  
152.051666 0.012853  0.094886  -0.009947  0.985884  0.105656  -0.129884  -0.111494  0.993019  -0.038509  0.124908  0.052447  0.990781  0.003700  0.001420  0.002640  -0.164587  0.299217  0.776218  2.000000  
152.052915 0.012857  0.094886  -0.009945  0.985712  0.106821  -0.130234  -0.112707  0.992875  -0.038680  0.125174  0.052806  0.990729  0.003537  0.001215  0.002481  -0.164776  0.298370  0.791125  2.000000  
152.053916 0.012859  0.094886  -0.009943  0.985619  0.107591  -0.130305  -0.113519  0.992773  -0.038934  0.125174  0.053166  0.990709  0.003384  0.001070  0.002371  -0.170696  0.286902  0.790410  2.000000  
152.055167 0.012861  0.094885  -0.009941  0.985461  0.108763  -0.130524  -0.114735  0.992626  -0.039119  0.125307  0.053526  0.990673  0.003169  0.000881  0.002259  -0.172844  0.278798  0.804338  2.000000  
152.056428 0.012863  0.094885  -0.009938  0.985302  0.109934  -0.130744  -0.115950  0.992477  -0.039303  0.125439  0.053885  0.990637  0.002945  0.000650  0.002148  -0.173593  0.268552  0.811758  2.000000  
152.057665 0.012865  0.094885  -0.009937  0.985142  0.111105  -0.130964  -0.117165  0.992327  -0.039487  0.125572  0.054245  0.990600  0.002750  0.000499  0.002005  -0.174756  0.257603  0.819044  2.000000  
152.058666 0.012866  0.094884  -0.009935  0.985004  0.112071  -0.131177  -0.118177  0.992199  -0.039698  0.125705  0.054604  0.990564  0.002581  0.000354  0.001931  -0.176941  0.254016  0.832757  2.000000  
152.059913 0.012868  0.094883  -0.009934  0.984840  0.113242  -0.131399  -0.119391  0.992046  -0.039881  0.125838  0.054964  0.990527  0.002373  0.000206  0.001826  -0.177643  0.244001  0.839984  2.000000  
152.061165 0.012869  0.094882  -0.009932  0.984667  0.114624  -0.131498  -0.120810  0.991867  -0.040052  0.125838  0.055324  0.990507  0.002155  -0.000001  0.001668  -0.174928  0.231981  0.860917  2.000000  
152.062411 0.012870  0.094881  -0.009932  0.984475  0.115998  -0.131729  -0.122227  0.991687  -0.040207  0.125970  0.055684  0.990470  0.001952  -0.000143  0.001567  -0.177066  0.224065  0.874984  2.000000  
152.063415 0.012871  0.094879  -0.009931  0.984349  0.116986  -0.131799  -0.123241  0.991558  -0.040312  0.125970  0.055924  0.990456  0.001753  -0.000349  0.001474  -0.175237  0.216058  0.888906  2.000000  
152.064417 0.012871  0.094878  -0.009930  0.984222  0.117975  -0.131869  -0.124254  0.991427  -0.040417  0.125970  0.056164  0.990443  0.001573  -0.000467  0.001388  -0.170258  0.207816  0.896266  2.000000  
152.065663 0.012871  0.094876  -0.009929  0.983999  0.119552  -0.132110  -0.125872  0.991218  -0.040544  0.126103  0.056524  0.990406  0.001343  -0.000672  0.001270  -0.170629  0.200577  0.923690  2.000000  
152.066666 0.012871  0.094874  -0.009930  0.983869  0.120524  -0.132196  -0.126885  0.991079  -0.040768  0.126103  0.056884  0.990385  0.001167  -0.000806  0.001138  -0.173719  0.192334  0.931007  2.000000  
152.067918 0.012870  0.094871  -0.009929  0.983685  0.121920  -0.132284  -0.128303  0.990895  -0.040818  0.126103  0.057125  0.990371  0.000933  -0.000993  0.001065  -0.165947  0.181153  0.946163  2.000000  
152.069166 0.012870  0.094868  -0.009928  0.983499  0.123300  -0.132388  -0.129720  0.990703  -0.040988  0.126103  0.057485  0.990350  0.000733  -0.001168  0.000969  -0.164096  0.173251  0.960268  2.000000  
152.070169 0.012869  0.094865  -0.009928  0.983338  0.124491  -0.132468  -0.130935  0.990540  -0.041065  0.126103  0.057725  0.990336  0.000546  -0.001346  0.000834  -0.162235  0.165233  0.974355  2.000000  
152.071420 0.012869  0.094862  -0.009928  0.983121  0.126074  -0.132582  -0.132555  0.990319  -0.041207  0.126103  0.058086  0.990315  0.000375  -0.001529  0.000661  -0.159498  0.157706  0.995217  2.000000  
152.072664 0.012868  0.094859  -0.009929  0.982902  0.127657  -0.132696  -0.134174  0.990095  -0.041349  0.126103  0.058446  0.990294  0.000201  -0.001729  0.000539  -0.156737  0.145752  1.016635  2.000000  
152.073665 0.012867  0.094856  -0.009928  0.982724  0.129043  -0.132671  -0.135592  0.989894  -0.041536  0.125970  0.058807  0.990289  0.000048  -0.001875  0.000429  -0.158212  0.138202  1.037586  2.000000  
152.074667 0.012867  0.094853  -0.009928  0.982527  0.130437  -0.132762  -0.137008  0.989697  -0.041585  0.125970  0.059047  0.990275  -0.000076  -0.002025  0.000346  -0.156327  0.130217  1.051633  2.000000  
152.075915 0.012866  0.094849  -0.009929  0.982272  0.132223  -0.132887  -0.138828  0.989438  -0.041699  0.125970  0.059408  0.990254  -0.000222  -0.002200  0.000245  -0.152791  0.127632  1.079211  2.000000  
152.076915 0.012865  0.094847  -0.009928  0.982100  0.133412  -0.132971  -0.140042  0.989264  -0.041774  0.125970  0.059648  0.990239  -0.000307  -0.002338  0.000236  -0.146838  0.119746  1.093361  2.000000  
152.078167 0.012864  0.094843  -0.009928  0.981839  0.135197  -0.133098  -0.141861  0.989000  -0.041888  0.125970  0.060008  0.990217  -0.000435  -0.002479  0.000194  -0.147292  0.112635  1.121170  2.000000  
152.079411 0.012863  0.094838  -0.009928  0.981574  0.136997  -0.133208  -0.143680  0.988738  -0.041881  0.125970  0.060249  0.990203  -0.000497  -0.002664  0.000107  -0.137695  0.109542  1.146407  2.000000  
152.080415 0.012863  0.094835  -0.009928  0.981383  0.138381  -0.133188  -0.145097  0.988523  -0.042068  0.125838  0.060610  0.990198  -0.000561  -0.002743  0.000110  -0.139181  0.102161  1.167477  2.000000  
152.081666 0.012861  0.094830  -0.009929  0.981112  0.140180  -0.133299  -0.146915  0.988254  -0.042061  0.125838  0.060850  0.990183  -0.000631  -0.002936  0.000028  -0.132434  0.099197  1.187716  2.000000  
152.082911 0.012860  0.094825  -0.009929  0.980838  0.141962  -0.133429  -0.148733  0.987978  -0.042173  0.125838  0.061210  0.990161  -0.000672  -0.003080  0.000002  -0.129706  0.091908  1.208712  2.000000  
152.083913 0.012859  0.094820  -0.009930  0.980592  0.143557  -0.133533  -0.150348  0.987732  -0.042193  0.125838  0.061451  0.990146  -0.000721  -0.003248  -0.000070  -0.122214  0.093846  1.235854  2.000000  
152.084919 0.012858  0.094816  -0.009931  0.980391  0.144956  -0.133498  -0.151763  0.987513  -0.042261  0.125705  0.061692  0.990148  -0.000729  -0.003366  -0.000159  -0.118274  0.086417  1.253369  2.000000  
152.086165 0.012857  0.094810  -0.009931  0.980076  0.146940  -0.133638  -0.153781  0.987197  -0.042345  0.125705  0.062052  0.990125  -0.000799  -0.003531  -0.000204  -0.116947  0.083615  1.277227  2.000000  
152.087168 0.012856  0.094805  -0.009932  0.979854  0.148330  -0.133735  -0.155194  0.986974  -0.042392  0.125705  0.062292  0.990110  -0.000854  -0.003702  -0.000231  -0.108819  0.080699  1.295023  2.000000  
152.088417 0.012855  0.094799  -0.009933  0.979532  0.150329  -0.133858  -0.157210  0.986656  -0.042356  0.125705  0.062533  0.990095  -0.000825  -0.003837  -0.000294  -0.103544  0.077918  1.318866  2.000000  
152.089665 0.012853  0.094793  -0.009933  0.979206  0.152311  -0.134001  -0.159227  0.986329  -0.042439  0.125705  0.062893  0.990072  -0.000877  -0.004029  -0.000319  -0.097598  0.075842  1.350236  2.000000  
152.090667 0.012852  0.094788  -0.009934  0.978992  0.153708  -0.133968  -0.160640  0.986097  -0.042506  0.125572  0.063134  0.990074  -0.000918  -0.004138  -0.000343  -0.096803  0.072080  1.357145  2.000000  
152.091916 0.012851  0.094782  -0.009934  0.978660  0.155705  -0.134093  -0.162656  0.985768  -0.042470  0.125572  0.063374  0.990058  -0.000963  -0.004324  -0.000410  -0.089161  0.069655  1.384893  2.000000  
152.093165 0.012849  0.094775  -0.009935  0.978323  0.157686  -0.134238  -0.164670  0.985430  -0.042552  0.125572  0.063735  0.990035  -0.001006  -0.004503  -0.000478  -0.084114  0.071638  1.407518  2.000000  
