1-Time 2-Px 3-Py 4-Pz 5-R11 6-R21 7-R31 8-R12 9-R22 10-R32 11-R13 12-R23 13-R33 14-Vx 15-Vy 16-Vz 17-Wx 18-Wy 19-Wz 20-state 21-PR11 22-PR21 23-PR31 24-PR12 25-PR22 26-PR32 27-PR13 28-PR23 29-PR33 
158.506849 0.018666  0.098110  -0.015565  0.986241  0.164806  0.012913  -0.031685  0.111791  0.993226  0.162246  -0.979970  0.115475  -0.000594  -0.000547  -0.000559  0.000000  0.000000  0.000000  2.000000  
158.507853 0.018666  0.098110  -0.015566  0.986241  0.164805  0.012933  -0.031685  0.111671  0.993240  0.162246  -0.979984  0.115356  -0.000581  -0.000574  -0.000549  0.000000  0.000000  0.000000  2.000000  
158.509107 0.018670  0.098111  -0.015565  0.986215  0.164898  0.013730  -0.032497  0.111655  0.993215  0.162246  -0.979970  0.115475  -0.000291  -0.000473  -0.000422  0.000000  0.000000  0.000000  2.000000  
158.510357 0.018675  0.098112  -0.015563  0.986231  0.164728  0.014579  -0.033311  0.111528  0.993203  0.161982  -0.980013  0.115480  0.000109  -0.000373  -0.000310  0.000000  0.000000  0.000000  2.000000  
158.511609 0.018680  0.098112  -0.015562  0.986268  0.164429  0.015424  -0.034125  0.111527  0.993175  0.161586  -0.980064  0.115606  0.000466  -0.000300  -0.000180  0.000000  0.000000  0.000000  2.000000  
158.512853 0.018686  0.098113  -0.015561  0.986276  0.164345  0.015828  -0.034532  0.111584  0.993155  0.161454  -0.980071  0.115728  0.000963  -0.000172  -0.000091  0.000000  0.000000  0.000000  2.000000  
158.513856 0.018693  0.098114  -0.015561  0.986233  0.164547  0.016406  -0.035140  0.111598  0.993132  0.161586  -0.980036  0.115844  0.001441  -0.000103  -0.000016  0.000000  0.000000  0.000000  2.000000  
158.514857 0.018699  0.098115  -0.015560  0.986189  0.164751  0.016964  -0.035749  0.111733  0.993095  0.161718  -0.979986  0.116079  0.001895  0.000022  0.000039  0.000000  0.000000  0.000000  2.000000  
158.516109 0.018707  0.098117  -0.015559  0.986101  0.165153  0.018139  -0.036965  0.111640  0.993061  0.161982  -0.979929  0.116193  0.002478  0.000157  0.000196  0.000000  0.000000  0.000000  2.000000  
158.517356 0.018714  0.098118  -0.015557  0.986033  0.165427  0.019310  -0.038182  0.111672  0.993011  0.162114  -0.979879  0.116428  0.002997  0.000321  0.000351  0.000000  0.000000  0.000000  2.000000  
158.518611 0.018720  0.098121  -0.015555  0.986015  0.165416  0.020308  -0.039198  0.111747  0.992963  0.161982  -0.979873  0.116669  0.003505  0.000574  0.000549  0.004679  -0.176239  0.020919  2.000000  
158.519854 0.018727  0.098124  -0.015554  0.985987  0.165428  0.021510  -0.040417  0.111789  0.992910  0.161850  -0.979866  0.116909  0.004031  0.000825  0.000708  0.003252  -0.218019  0.016848  2.000000  
158.520856 0.018733  0.098125  -0.015553  0.985967  0.165417  0.022508  -0.041433  0.111865  0.992859  0.161718  -0.979859  0.117149  0.004460  0.000981  0.000795  0.001805  -0.259190  0.017245  2.000000  
158.522107 0.018741  0.098129  -0.015550  0.985924  0.165544  0.023449  -0.042448  0.112177  0.992781  0.161718  -0.979802  0.117625  0.005122  0.001330  0.001060  -0.011854  -0.299876  0.022139  2.000000  
158.523357 0.018750  0.098135  -0.015547  0.985888  0.165648  0.024186  -0.043259  0.112522  0.992707  0.161718  -0.979745  0.118100  0.005572  0.001699  0.001260  -0.023679  -0.327001  0.025450  2.000000  
158.524620 0.018759  0.098143  -0.015543  0.985831  0.165883  0.024908  -0.044070  0.112861  0.992633  0.161850  -0.979666  0.118573  0.005852  0.002116  0.001379  -0.034339  -0.360137  0.034027  2.000000  
158.525852 0.018767  0.098149  -0.015541  0.985794  0.165992  0.025624  -0.044882  0.113327  0.992544  0.161850  -0.979594  0.119167  0.006056  0.002505  0.001484  -0.053215  -0.394251  0.038199  2.000000  
158.526853 0.018774  0.098153  -0.015539  0.985757  0.166098  0.026361  -0.045694  0.113671  0.992467  0.161850  -0.979536  0.119642  0.006219  0.002775  0.001558  -0.063921  -0.428160  0.042368  2.000000  
158.527853 0.018780  0.098157  -0.015540  0.985728  0.166181  0.026893  -0.046303  0.114050  0.992395  0.161850  -0.979478  0.120117  0.006256  0.002917  0.001397  -0.076846  -0.449082  0.040460  2.000000  
158.528854 0.018787  0.098160  -0.015542  0.985700  0.166265  0.027426  -0.046912  0.114429  0.992323  0.161850  -0.979419  0.120593  0.006284  0.003045  0.001222  -0.088648  -0.476079  0.043830  2.000000  
158.529858 0.018792  0.098163  -0.015545  0.985680  0.166329  0.027733  -0.047317  0.114963  0.992242  0.161850  -0.979346  0.121187  0.006231  0.003191  0.001020  -0.110859  -0.489606  0.045582  2.000000  
158.531109 0.018798  0.098166  -0.015548  0.985639  0.166524  0.028025  -0.047722  0.115489  0.992162  0.161982  -0.979251  0.121778  0.006098  0.003313  0.000735  -0.127819  -0.509287  0.052647  2.000000  
158.532355 0.018804  0.098168  -0.015552  0.985598  0.166723  0.028296  -0.048127  0.116137  0.992067  0.162114  -0.979140  0.122488  0.006054  0.003365  0.000358  -0.148930  -0.529256  0.059788  2.000000  
158.533607 0.018810  0.098169  -0.015557  0.985556  0.166923  0.028566  -0.048532  0.116783  0.991971  0.162246  -0.979029  0.123198  0.005967  0.003240  -0.000101  -0.173994  -0.548799  0.066862  2.000000  
158.534619 0.018814  0.098169  -0.015563  0.985546  0.166961  0.028689  -0.048735  0.117230  0.991908  0.162246  -0.978969  0.123673  0.005877  0.003068  -0.000641  -0.189111  -0.555375  0.067800  2.000000  
158.535855 0.018817  0.098168  -0.015572  0.985536  0.167002  0.028792  -0.048937  0.117797  0.991831  0.162246  -0.978894  0.124266  0.005616  0.002822  -0.001251  -0.207344  -0.569194  0.069662  2.000000  
158.537107 0.018820  0.098166  -0.015581  0.985526  0.167048  0.028875  -0.049140  0.118485  0.991739  0.162246  -0.978804  0.124979  0.005219  0.002469  -0.002149  -0.229585  -0.582795  0.071542  2.000000  
158.538355 0.018823  0.098165  -0.015592  0.985494  0.167224  0.028941  -0.049342  0.119166  0.991648  0.162378  -0.978691  0.125688  0.004836  0.002004  -0.003027  -0.255126  -0.575431  0.075382  2.000000  
158.539605 0.018825  0.098163  -0.015605  0.985462  0.167404  0.028986  -0.049544  0.119967  0.991541  0.162510  -0.978562  0.126516  0.004383  0.001364  -0.004117  -0.284689  -0.549447  0.081370  2.000000  
158.540851 0.018828  0.098161  -0.015618  0.985429  0.167665  0.028606  -0.049339  0.120830  0.991446  0.162774  -0.978411  0.127342  0.004024  0.000811  -0.005169  -0.314513  -0.513600  0.095171  2.000000  
158.541858 0.018830  0.098160  -0.015628  0.985429  0.167682  0.028504  -0.049339  0.121431  0.991373  0.162774  -0.978334  0.127935  0.003669  0.000347  -0.006026  -0.336876  -0.496413  0.102550  2.000000  
158.543110 0.018832  0.098157  -0.015641  0.985407  0.167837  0.028344  -0.049338  0.122266  0.991270  0.162906  -0.978203  0.128763  0.003263  -0.000067  -0.006760  -0.363514  -0.481607  0.110002  2.000000  
158.544353 0.018834  0.098155  -0.015653  0.985419  0.167759  0.028403  -0.049542  0.123200  0.991144  0.162774  -0.978099  0.129715  0.002954  -0.000409  -0.007269  -0.391141  -0.465960  0.094428  2.000000  
158.545353 0.018836  0.098154  -0.015662  0.985440  0.167646  0.028319  -0.049543  0.123808  0.991069  0.162642  -0.978042  0.130311  0.002664  -0.000778  -0.007860  -0.408796  -0.433387  0.081535  2.000000  
158.546359 0.018836  0.098152  -0.015671  0.985440  0.167666  0.028197  -0.049543  0.124529  0.990978  0.162642  -0.977947  0.131023  0.002415  -0.001046  -0.008246  -0.433410  -0.407585  0.069473  2.000000  
158.547609 0.018838  0.098149  -0.015682  0.985440  0.167690  0.028054  -0.049543  0.125370  0.990872  0.162642  -0.977835  0.131853  0.002105  -0.001377  -0.008684  -0.465214  -0.363479  0.064251  2.000000  
158.548855 0.018838  0.098146  -0.015692  0.985429  0.167822  0.027670  -0.049339  0.126360  0.990757  0.162774  -0.977686  0.132799  0.001786  -0.001551  -0.008983  -0.500550  -0.321130  0.072659  2.000000  
158.550106 0.018838  0.098143  -0.015703  0.985407  0.167976  0.027509  -0.049338  0.127195  0.990650  0.162906  -0.977551  0.133626  0.001508  -0.001724  -0.009123  -0.522212  -0.284302  0.072362  2.000000  
158.551107 0.018839  0.098141  -0.015712  0.985385  0.168127  0.027369  -0.049337  0.127909  0.990558  0.163038  -0.977432  0.134334  0.001370  -0.001777  -0.009204  -0.541368  -0.244802  0.076821  2.000000  
158.552109 0.018840  0.098139  -0.015720  0.985407  0.168016  0.027265  -0.049338  0.128636  0.990464  0.162906  -0.977355  0.135049  0.001276  -0.001871  -0.009276  -0.562178  -0.218258  0.068983  2.000000  
158.553355 0.018841  0.098137  -0.015730  0.985407  0.168042  0.027102  -0.049338  0.129597  0.990338  0.162906  -0.977224  0.135997  0.001247  -0.001902  -0.009180  -0.577147  -0.196297  0.065967  2.000000  
158.554621 0.018844  0.098135  -0.015740  0.985419  0.167965  0.027161  -0.049542  0.130530  0.990206  0.162774  -0.977113  0.136948  0.001220  -0.001901  -0.008967  -0.598332  -0.171861  0.054184  2.000000  
158.555856 0.018846  0.098133  -0.015748  0.985419  0.167991  0.026998  -0.049542  0.131491  0.990079  0.162774  -0.976980  0.137896  0.001228  -0.001872  -0.008622  -0.615381  -0.144833  0.050790  2.000000  
158.557106 0.018850  0.098132  -0.015756  0.985419  0.168021  0.026814  -0.049542  0.132572  0.989935  0.162774  -0.976828  0.138963  0.001289  -0.001816  -0.008325  -0.636099  -0.117698  0.047324  2.000000  
158.558354 0.018854  0.098132  -0.015763  0.985387  0.168204  0.026837  -0.049744  0.133491  0.989801  0.162906  -0.976672  0.139908  0.001433  -0.001664  -0.007919  -0.650047  -0.102808  0.049715  2.000000  
158.559602 0.018859  0.098132  -0.015767  0.985376  0.168261  0.026857  -0.049946  0.134537  0.989649  0.162906  -0.976518  0.140974  0.001641  -0.001521  -0.007469  -0.667857  -0.089245  0.047958  2.000000  
158.560606 0.018864  0.098132  -0.015770  0.985366  0.168309  0.026938  -0.050149  0.135223  0.989545  0.162906  -0.976415  0.141684  0.001875  -0.001378  -0.007027  -0.673070  -0.082508  0.047118  2.000000  
158.561851 0.018869  0.098132  -0.015773  0.985356  0.168366  0.026958  -0.050352  0.136268  0.989392  0.162906  -0.976260  0.142750  0.002147  -0.001206  -0.006530  -0.686203  -0.076339  0.041856  2.000000  
158.562853 0.018874  0.098131  -0.015777  0.985345  0.168417  0.027018  -0.050555  0.137073  0.989270  0.162906  -0.976139  0.143579  0.002403  -0.001145  -0.006187  -0.699505  -0.070208  0.036576  2.000000  
158.563856 0.018878  0.098131  -0.015778  0.985335  0.168468  0.027079  -0.050758  0.137879  0.989148  0.162906  -0.976016  0.144408  0.002706  -0.001022  -0.005686  -0.709288  -0.071361  0.032474  2.000000  
158.564859 0.018883  0.098129  -0.015779  0.985325  0.168517  0.027160  -0.050961  0.138564  0.989041  0.162906  -0.975911  0.145118  0.003006  -0.000915  -0.005155  -0.717399  -0.071337  0.032516  2.000000  
158.566104 0.018888  0.098129  -0.015779  0.985282  0.168734  0.027364  -0.051365  0.139567  0.988879  0.163038  -0.975730  0.146180  0.003295  -0.000792  -0.004515  -0.733707  -0.070693  0.037031  2.000000  
158.567106 0.018893  0.098130  -0.015778  0.985249  0.168916  0.027404  -0.051567  0.140365  0.988756  0.163170  -0.975584  0.147005  0.003562  -0.000590  -0.003868  -0.738692  -0.076179  0.042125  2.000000  
158.568106 0.018898  0.098130  -0.015776  0.985239  0.168969  0.027465  -0.051770  0.141170  0.988631  0.163170  -0.975459  0.147834  0.003817  -0.000413  -0.003135  -0.748911  -0.077402  0.038082  2.000000  
158.569108 0.018903  0.098131  -0.015773  0.985206  0.169151  0.027505  -0.051971  0.141968  0.988506  0.163302  -0.975312  0.148659  0.004060  -0.000289  -0.002398  -0.756996  -0.077366  0.038135  2.000000  
158.570355 0.018909  0.098132  -0.015770  0.985185  0.169240  0.027727  -0.052377  0.142977  0.988339  0.163302  -0.975149  0.149723  0.004262  -0.000107  -0.001662  -0.761761  -0.098238  0.036631  2.000000  
158.571608 0.018915  0.098133  -0.015766  0.985152  0.169430  0.027725  -0.052579  0.144014  0.988178  0.163434  -0.974963  0.150784  0.004484  0.000093  -0.000728  -0.768852  -0.104970  0.037694  2.000000  
158.572853 0.018921  0.098135  -0.015763  0.985130  0.169520  0.027947  -0.052984  0.145023  0.988009  0.163434  -0.974798  0.151849  0.004575  0.000227  -0.000149  -0.774928  -0.119117  0.035294  2.000000  
158.574103 0.018926  0.098136  -0.015761  0.985098  0.169711  0.027945  -0.053186  0.146060  0.987845  0.163566  -0.974610  0.152909  0.004604  0.000280  0.000407  -0.780438  -0.116790  0.043929  2.000000  
158.575104 0.018931  0.098137  -0.015759  0.985087  0.169765  0.028004  -0.053389  0.146863  0.987715  0.163566  -0.974480  0.153737  0.004601  0.000326  0.000652  -0.785812  -0.123835  0.049828  2.000000  
158.576110 0.018934  0.098138  -0.015757  0.985054  0.169953  0.028022  -0.053590  0.147780  0.987567  0.163698  -0.974309  0.154679  0.004542  0.000331  0.001007  -0.792831  -0.129895  0.055372  2.000000  
158.577353 0.018939  0.098138  -0.015754  0.985010  0.170178  0.028202  -0.053995  0.148900  0.987377  0.163830  -0.974099  0.155857  0.004495  0.000414  0.001353  -0.802988  -0.142724  0.061961  2.000000  
158.578354 0.018942  0.098138  -0.015752  0.984999  0.170233  0.028261  -0.054198  0.149704  0.987244  0.163830  -0.973966  0.156684  0.004401  0.000481  0.001741  -0.801990  -0.155512  0.059109  2.000000  
158.579356 0.018945  0.098137  -0.015750  0.984966  0.170421  0.028278  -0.054399  0.150619  0.987094  0.163962  -0.973792  0.157626  0.004328  0.000490  0.001907  -0.811744  -0.163532  0.060761  2.000000  
158.580609 0.018949  0.098136  -0.015748  0.984932  0.170613  0.028273  -0.054601  0.151654  0.986924  0.164094  -0.973597  0.158685  0.004189  0.000452  0.002141  -0.814484  -0.169511  0.066375  2.000000  
158.581611 0.018950  0.098134  -0.015746  0.984899  0.170802  0.028290  -0.054802  0.152570  0.986772  0.164226  -0.973421  0.159626  0.003991  0.000311  0.002183  -0.821396  -0.176182  0.067531  2.000000  
158.582611 0.018952  0.098132  -0.015746  0.984866  0.170988  0.028326  -0.055004  0.153365  0.986638  0.164358  -0.973264  0.160449  0.003761  0.000128  0.002088  -0.824334  -0.181526  0.077585  2.000000  
158.583856 0.018954  0.098129  -0.015745  0.984833  0.171180  0.028321  -0.055205  0.154400  0.986465  0.164490  -0.973066  0.161508  0.003498  -0.000142  0.001948  -0.828626  -0.180815  0.082240  2.000000  
158.584858 0.018956  0.098126  -0.015745  0.984799  0.171366  0.028357  -0.055407  0.155195  0.986329  0.164622  -0.972907  0.162330  0.003245  -0.000434  0.001689  -0.831498  -0.186115  0.092302  2.000000  
158.586108 0.018957  0.098122  -0.015746  0.984777  0.171523  0.028169  -0.055406  0.156144  0.986179  0.164754  -0.972727  0.163271  0.002980  -0.000708  0.001400  -0.827419  -0.185333  0.096940  2.000000  
158.587355 0.018958  0.098118  -0.015748  0.984722  0.171846  0.028141  -0.055606  0.157171  0.986005  0.165018  -0.972505  0.164325  0.002606  -0.001164  0.001045  -0.832657  -0.182331  0.105116  2.000000  
158.588355 0.018959  0.098114  -0.015750  0.984700  0.172000  0.027973  -0.055605  0.158001  0.985872  0.165150  -0.972343  0.165147  0.002361  -0.001505  0.000806  -0.831543  -0.183772  0.106186  2.000000  
158.589605 0.018960  0.098109  -0.015752  0.984666  0.172193  0.027966  -0.055806  0.159034  0.985695  0.165282  -0.972141  0.166205  0.002107  -0.001850  0.000528  -0.835420  -0.182918  0.110793  2.000000  
158.590608 0.018960  0.098105  -0.015755  0.984644  0.172347  0.027797  -0.055805  0.159863  0.985560  0.165414  -0.971978  0.167026  0.001797  -0.002199  0.000220  -0.836579  -0.175384  0.114326  2.000000  
158.591854 0.018961  0.098099  -0.015757  0.984600  0.172633  0.027585  -0.055802  0.160805  0.985407  0.165678  -0.971771  0.167962  0.001545  -0.002581  -0.000124  -0.833613  -0.167103  0.122312  2.000000  
158.593106 0.018961  0.098093  -0.015761  0.984578  0.172793  0.027374  -0.055801  0.161873  0.985233  0.165810  -0.971566  0.169019  0.001240  -0.003003  -0.000609  -0.836013  -0.158228  0.124805  2.000000  
158.594351 0.018960  0.098087  -0.015765  0.984533  0.173079  0.027161  -0.055799  0.162815  0.985078  0.166074  -0.971357  0.169954  0.000982  -0.003333  -0.000978  -0.838368  -0.143334  0.131623  2.000000  
158.595354 0.018960  0.098082  -0.015768  0.984545  0.173065  0.026832  -0.055596  0.163567  0.984964  0.166074  -0.971233  0.170661  0.000835  -0.003593  -0.001336  -0.840415  -0.130554  0.125123  2.000000  
158.596357 0.018960  0.098078  -0.015772  0.984523  0.173217  0.026662  -0.055595  0.164396  0.984826  0.166206  -0.971066  0.171482  0.000664  -0.003799  -0.001713  -0.841608  -0.123058  0.128556  2.000000  
158.597626 0.018960  0.098071  -0.015778  0.984500  0.173373  0.026471  -0.055593  0.165344  0.984668  0.166338  -0.970877  0.172420  0.000468  -0.004074  -0.002198  -0.836891  -0.117108  0.128567  2.000000  
158.598855 0.018959  0.098064  -0.015784  0.984478  0.173528  0.026280  -0.055592  0.166292  0.984508  0.166470  -0.970688  0.173358  0.000329  -0.004323  -0.002656  -0.835719  -0.103594  0.126558  2.000000  
158.599857 0.018959  0.098059  -0.015788  0.984467  0.173646  0.025907  -0.055388  0.167157  0.984373  0.166602  -0.970518  0.174178  0.000227  -0.004447  -0.002882  -0.837921  -0.089273  0.128831  2.000000  
158.601105 0.018959  0.098053  -0.015794  0.984423  0.173930  0.025691  -0.055386  0.168097  0.984213  0.166865  -0.970305  0.175112  0.000129  -0.004619  -0.003203  -0.837344  -0.074333  0.130021  2.000000  
158.602106 0.018959  0.098047  -0.015798  0.984412  0.174046  0.025318  -0.055182  0.168961  0.984077  0.166997  -0.970134  0.175932  0.000041  -0.004776  -0.003368  -0.838362  -0.060610  0.133333  2.000000  
158.603356 0.018960  0.098042  -0.015802  0.984390  0.174201  0.025125  -0.055180  0.169909  0.983914  0.167129  -0.969941  0.176869  0.000064  -0.004865  -0.003507  -0.836521  -0.047011  0.131110  2.000000  
158.604618 0.018962  0.098036  -0.015806  0.984367  0.174354  0.024932  -0.055179  0.170856  0.983750  0.167261  -0.969747  0.177806  0.000121  -0.004902  -0.003658  -0.829248  -0.039372  0.134405  2.000000  
158.605856 0.018964  0.098030  -0.015810  0.984367  0.174382  0.024742  -0.055179  0.171930  0.983563  0.167261  -0.969552  0.178865  0.000242  -0.004910  -0.003715  -0.830858  -0.033280  0.128936  2.000000  
158.607106 0.018967  0.098024  -0.015815  0.984345  0.174535  0.024549  -0.055178  0.172877  0.983397  0.167393  -0.969356  0.179801  0.000430  -0.004919  -0.003819  -0.824777  -0.019681  0.126616  2.000000  
158.608107 0.018969  0.098020  -0.015819  0.984345  0.174553  0.024422  -0.055178  0.173593  0.983270  0.167393  -0.969225  0.180507  0.000592  -0.004870  -0.003941  -0.821876  -0.012858  0.125470  2.000000  
158.609351 0.018973  0.098015  -0.015825  0.984323  0.174706  0.024228  -0.055177  0.174540  0.983103  0.167525  -0.969027  0.181443  0.000844  -0.004828  -0.004014  -0.816378  -0.005965  0.123306  2.000000  
158.610358 0.018976  0.098011  -0.015829  0.984300  0.174856  0.024055  -0.055175  0.175367  0.982956  0.167657  -0.968851  0.182262  0.001104  -0.004787  -0.004039  -0.816097  0.000829  0.123148  2.000000  
158.611604 0.018981  0.098006  -0.015833  0.984289  0.174915  0.024088  -0.055378  0.176285  0.982780  0.167657  -0.968673  0.183202  0.001429  -0.004722  -0.003985  -0.809459  0.000166  0.117752  2.000000  
158.612606 0.018985  0.098002  -0.015836  0.984266  0.175062  0.023936  -0.055377  0.176993  0.982653  0.167789  -0.968518  0.183903  0.001709  -0.004621  -0.003935  -0.806506  0.006924  0.116564  2.000000  
158.613606 0.018989  0.097998  -0.015840  0.984244  0.175209  0.023784  -0.055376  0.177701  0.982525  0.167921  -0.968362  0.184603  0.002035  -0.004491  -0.003823  -0.803524  0.013678  0.115360  2.000000  
158.614623 0.018994  0.097995  -0.015843  0.984233  0.175263  0.023859  -0.055578  0.178380  0.982391  0.167921  -0.968227  0.185308  0.002395  -0.004366  -0.003677  -0.797572  0.013098  0.111823  2.000000  
158.615856 0.019000  0.097991  -0.015846  0.984199  0.175452  0.023866  -0.055780  0.179289  0.982214  0.168053  -0.968025  0.186243  0.002733  -0.004235  -0.003573  -0.796891  0.006498  0.113086  2.000000  
158.616857 0.019005  0.097987  -0.015850  0.984199  0.175470  0.023738  -0.055780  0.180004  0.982083  0.168053  -0.967889  0.186948  0.003118  -0.004091  -0.003519  -0.793885  0.012501  0.107429  2.000000  
158.617859 0.019010  0.097984  -0.015853  0.984187  0.175524  0.023813  -0.055982  0.180683  0.981947  0.168053  -0.967753  0.187652  0.003387  -0.004001  -0.003508  -0.788546  0.005067  0.104200  2.000000  
158.618860 0.019015  0.097980  -0.015857  0.984153  0.175705  0.023883  -0.056184  0.181235  0.981834  0.168185  -0.967617  0.188234  0.003639  -0.003972  -0.003512  -0.780386  0.005143  0.104195  2.000000  
158.620106 0.019022  0.097976  -0.015861  0.984142  0.175766  0.023915  -0.056386  0.182151  0.981652  0.168185  -0.967433  0.189173  0.003975  -0.003886  -0.003549  -0.775133  -0.003082  0.096573  2.000000  
158.621107 0.019027  0.097973  -0.015864  0.984119  0.175912  0.023762  -0.056385  0.182858  0.981521  0.168316  -0.967273  0.189873  0.004209  -0.003738  -0.003518  -0.771152  -0.003006  0.096588  2.000000  
158.622356 0.019035  0.097969  -0.015869  0.984107  0.175970  0.023814  -0.056587  0.183655  0.981361  0.168316  -0.967112  0.190694  0.004522  -0.003621  -0.003525  -0.763688  -0.010366  0.092646  2.000000  
158.623358 0.019040  0.097966  -0.015873  0.984096  0.176022  0.023909  -0.056790  0.184214  0.981244  0.168316  -0.966996  0.191281  0.004650  -0.003534  -0.003503  -0.756612  -0.018730  0.085825  2.000000  
158.624619 0.019047  0.097963  -0.015877  0.984050  0.176248  0.024138  -0.057194  0.184967  0.981079  0.168448  -0.966811  0.192097  0.004918  -0.003340  -0.003359  -0.750980  -0.038461  0.088861  2.000000  
158.625855 0.019055  0.097960  -0.015881  0.984038  0.176307  0.024191  -0.057397  0.185764  0.980917  0.168448  -0.966648  0.192918  0.005139  -0.003254  -0.003345  -0.741959  -0.045861  0.085789  2.000000  
158.627104 0.019062  0.097957  -0.015885  0.984004  0.176495  0.024217  -0.057598  0.186553  0.980755  0.168580  -0.966461  0.193734  0.005245  -0.003146  -0.003337  -0.738561  -0.052845  0.087785  2.000000  
158.628107 0.019068  0.097954  -0.015890  0.983992  0.176551  0.024290  -0.057800  0.187230  0.980614  0.168580  -0.966320  0.194438  0.005351  -0.003099  -0.003451  -0.735394  -0.059831  0.083978  2.000000  
158.629351 0.019075  0.097950  -0.015895  0.983945  0.176778  0.024518  -0.058204  0.187982  0.980446  0.168712  -0.966133  0.195254  0.005460  -0.003053  -0.003566  -0.727922  -0.079695  0.087834  2.000000  
158.630609 0.019082  0.097947  -0.015901  0.983933  0.176837  0.024570  -0.058407  0.188779  0.980281  0.168712  -0.965966  0.196074  0.005510  -0.003005  -0.003673  -0.720516  -0.087805  0.085506  2.000000  
158.631613 0.019087  0.097943  -0.015906  0.983909  0.176930  0.024866  -0.058812  0.189300  0.980156  0.168712  -0.965847  0.196660  0.005543  -0.003005  -0.003828  -0.709900  -0.101969  0.083715  2.000000  
158.632854 0.019093  0.097938  -0.015913  0.983875  0.177119  0.024891  -0.059013  0.190088  0.979992  0.168844  -0.965658  0.197475  0.005546  -0.003034  -0.003990  -0.701902  -0.114366  0.085698  2.000000  
158.633857 0.019098  0.097934  -0.015919  0.983850  0.177216  0.025166  -0.059418  0.190728  0.979843  0.168844  -0.965514  0.198178  0.005535  -0.003048  -0.004144  -0.699550  -0.128428  0.083974  2.000000  
158.634858 0.019103  0.097930  -0.015925  0.983815  0.177400  0.025233  -0.059619  0.191278  0.979724  0.168976  -0.965371  0.198759  0.005484  -0.003081  -0.004326  -0.687867  -0.136115  0.086085  2.000000  
158.636105 0.019109  0.097926  -0.015932  0.983803  0.177457  0.025306  -0.059822  0.191955  0.979579  0.168976  -0.965227  0.199461  0.005454  -0.003138  -0.004501  -0.678649  -0.143621  0.083110  2.000000  
158.637110 0.019114  0.097922  -0.015938  0.983756  0.177678  0.025596  -0.060226  0.192349  0.979477  0.169108  -0.965107  0.199925  0.005401  -0.003172  -0.004689  -0.663816  -0.156024  0.090213  2.000000  
158.638356 0.019120  0.097917  -0.015946  0.983721  0.177868  0.025620  -0.060427  0.193136  0.979309  0.169240  -0.964915  0.200740  0.005343  -0.003259  -0.004883  -0.661415  -0.160485  0.095303  2.000000  
158.639602 0.019127  0.097912  -0.015955  0.983696  0.177966  0.025894  -0.060832  0.193776  0.979158  0.169240  -0.964769  0.201442  0.005336  -0.003404  -0.005193  -0.651031  -0.174548  0.093697  2.000000  
158.640859 0.019134  0.097907  -0.015963  0.983683  0.178028  0.025944  -0.061034  0.194570  0.978988  0.169240  -0.964598  0.202261  0.005280  -0.003507  -0.005483  -0.644085  -0.176747  0.090230  2.000000  
158.642104 0.019140  0.097902  -0.015972  0.983635  0.178253  0.026212  -0.061438  0.195083  0.978861  0.169371  -0.964452  0.202842  0.005200  -0.003623  -0.005797  -0.632451  -0.188508  0.092262  2.000000  
158.643207 0.019145  0.097898  -0.015979  0.983623  0.178309  0.026306  -0.061640  0.195639  0.978737  0.169371  -0.964329  0.203426  0.005147  -0.003675  -0.005969  -0.622217  -0.196914  0.089811  2.000000  
158.644351 0.019152  0.097893  -0.015989  0.983587  0.178498  0.026350  -0.061841  0.196307  0.978590  0.169503  -0.964159  0.204124  0.005160  -0.003843  -0.006282  -0.619264  -0.195035  0.093902  2.000000  
158.645356 0.019157  0.097888  -0.015997  0.983552  0.178680  0.026438  -0.062042  0.196737  0.978491  0.169635  -0.964037  0.204587  0.005110  -0.003951  -0.006518  -0.611019  -0.203287  0.096170  2.000000  
158.646360 0.019162  0.097884  -0.016004  0.983539  0.178733  0.026553  -0.062245  0.197175  0.978390  0.169635  -0.963938  0.205054  0.005098  -0.004020  -0.006647  -0.602706  -0.203176  0.096269  2.000000  
158.647610 0.019169  0.097878  -0.016013  0.983504  0.178919  0.026618  -0.062446  0.197723  0.978267  0.169767  -0.963791  0.205634  0.005137  -0.004090  -0.006791  -0.590475  -0.202205  0.100838  2.000000  
158.648855 0.019175  0.097872  -0.016022  0.983455  0.179145  0.026885  -0.062850  0.198234  0.978138  0.169899  -0.963644  0.206214  0.005170  -0.004157  -0.006885  -0.584454  -0.207113  0.101487  2.000000  
158.649856 0.019180  0.097867  -0.016029  0.983442  0.179199  0.026999  -0.063052  0.198672  0.978036  0.169899  -0.963544  0.206681  0.005163  -0.004220  -0.006940  -0.572992  -0.208756  0.102480  2.000000  
158.650858 0.019186  0.097862  -0.016036  0.983429  0.179253  0.027114  -0.063254  0.199110  0.977934  0.169899  -0.963444  0.207149  0.005217  -0.004322  -0.007081  -0.563610  -0.216262  0.099567  2.000000  
158.652107 0.019193  0.097856  -0.016046  0.983394  0.179436  0.027200  -0.063455  0.199539  0.977833  0.170031  -0.963321  0.207612  0.005259  -0.004388  -0.007211  -0.551371  -0.215287  0.104117  2.000000  
158.653355 0.019201  0.097850  -0.016056  0.983381  0.179493  0.027293  -0.063658  0.200095  0.977706  0.170031  -0.963195  0.208196  0.005370  -0.004455  -0.007319  -0.546837  -0.213454  0.103390  2.000000  
158.654359 0.019207  0.097845  -0.016064  0.983345  0.179677  0.027379  -0.063859  0.200524  0.977605  0.170163  -0.963071  0.208658  0.005403  -0.004528  -0.007433  -0.540484  -0.208550  0.103042  2.000000  
158.655610 0.019215  0.097839  -0.016074  0.983318  0.179773  0.027694  -0.064264  0.200924  0.977497  0.170163  -0.962970  0.209125  0.005488  -0.004630  -0.007572  -0.526796  -0.215046  0.104517  2.000000  
158.656611 0.019221  0.097835  -0.016082  0.983282  0.179956  0.027780  -0.064465  0.201353  0.977395  0.170294  -0.962846  0.209588  0.005555  -0.004659  -0.007570  -0.522559  -0.213273  0.103785  2.000000  
158.657855 0.019229  0.097829  -0.016091  0.983269  0.180011  0.027894  -0.064667  0.201790  0.977292  0.170294  -0.962744  0.210055  0.005718  -0.004723  -0.007629  -0.506509  -0.214960  0.104816  2.000000  
158.659103 0.019238  0.097824  -0.016100  0.983233  0.180195  0.027980  -0.064868  0.202219  0.977190  0.170426  -0.962620  0.210517  0.005848  -0.004677  -0.007540  -0.495351  -0.208182  0.103540  2.000000  
158.660113 0.019245  0.097819  -0.016108  0.983220  0.180247  0.028115  -0.065070  0.202537  0.977110  0.170426  -0.962543  0.210867  0.005941  -0.004713  -0.007518  -0.487029  -0.208060  0.103605  2.000000  
158.661351 0.019254  0.097813  -0.016116  0.983193  0.180344  0.028430  -0.065475  0.202937  0.977000  0.170426  -0.962441  0.211334  0.006124  -0.004732  -0.007481  -0.474108  -0.213050  0.104350  2.000000  
158.662359 0.019260  0.097808  -0.016123  0.983156  0.180524  0.028537  -0.065676  0.203247  0.976922  0.170558  -0.962342  0.211680  0.006210  -0.004741  -0.007467  -0.462725  -0.208009  0.103896  2.000000  
158.663605 0.019270  0.097802  -0.016132  0.983143  0.180580  0.028651  -0.065879  0.203684  0.976818  0.170558  -0.962239  0.212147  0.006394  -0.004760  -0.007465  -0.454891  -0.206249  0.103158  2.000000  
158.664621 0.019276  0.097796  -0.016140  0.983129  0.180633  0.028786  -0.066081  0.204002  0.976738  0.170558  -0.962162  0.212497  0.006503  -0.004797  -0.007477  -0.443870  -0.200488  0.097488  2.000000  
158.665856 0.019286  0.097790  -0.016148  0.983079  0.180859  0.029072  -0.066484  0.204393  0.976629  0.170690  -0.962036  0.212959  0.006666  -0.004788  -0.007451  -0.434164  -0.207825  0.104263  2.000000  
158.666861 0.019293  0.097785  -0.016155  0.983066  0.180908  0.029230  -0.066687  0.204593  0.976573  0.170690  -0.961984  0.213192  0.006794  -0.004792  -0.007362  -0.426514  -0.207006  0.099101  2.000000  
158.668105 0.019303  0.097780  -0.016163  0.983052  0.180965  0.029343  -0.066889  0.205029  0.976468  0.170690  -0.961881  0.213659  0.006911  -0.004744  -0.007261  -0.419580  -0.200328  0.097802  2.000000  
158.669105 0.019311  0.097775  -0.016169  0.983001  0.181188  0.029650  -0.067292  0.205301  0.976383  0.170822  -0.961781  0.214004  0.007042  -0.004737  -0.007162  -0.406328  -0.206918  0.099353  2.000000  
158.670105 0.019318  0.097771  -0.016176  0.982987  0.181238  0.029807  -0.067495  0.205501  0.976327  0.170822  -0.961729  0.214237  0.007118  -0.004729  -0.007056  -0.393325  -0.208552  0.100262  2.000000  
158.671108 0.019326  0.097766  -0.016182  0.982951  0.181419  0.029914  -0.067695  0.205810  0.976248  0.170954  -0.961629  0.214582  0.007241  -0.004728  -0.006918  -0.386116  -0.206843  0.099550  2.000000  
158.672355 0.019336  0.097761  -0.016190  0.982937  0.181473  0.030049  -0.067898  0.206128  0.976167  0.170954  -0.961550  0.214932  0.007375  -0.004722  -0.006820  -0.374225  -0.201854  0.099066  2.000000  
158.673358 0.019345  0.097757  -0.016196  0.982923  0.181522  0.030206  -0.068100  0.206327  0.976110  0.170954  -0.961498  0.215165  0.007454  -0.004691  -0.006766  -0.365930  -0.202703  0.094711  2.000000  
158.674620 0.019354  0.097750  -0.016205  0.982895  0.181618  0.030542  -0.068505  0.206607  0.976023  0.170954  -0.961420  0.215515  0.007512  -0.004739  -0.006703  -0.352369  -0.209223  0.096233  2.000000  
158.675861 0.019365  0.097745  -0.016212  0.982858  0.181800  0.030648  -0.068706  0.206916  0.975943  0.171085  -0.961319  0.215860  0.007633  -0.004705  -0.006614  -0.345407  -0.202536  0.094889  2.000000  
158.677103 0.019374  0.097739  -0.016220  0.982844  0.181854  0.030782  -0.068908  0.207234  0.975862  0.171085  -0.961240  0.216210  0.007730  -0.004705  -0.006554  -0.337339  -0.203509  0.090621  2.000000  
158.678359 0.019384  0.097732  -0.016228  0.982807  0.182033  0.030910  -0.069109  0.207424  0.975807  0.171217  -0.961166  0.216438  0.007758  -0.004697  -0.006475  -0.325090  -0.203472  0.090709  2.000000  
158.679608 0.019394  0.097726  -0.016236  0.982792  0.182083  0.031067  -0.069311  0.207623  0.975750  0.171217  -0.961113  0.216671  0.007836  -0.004687  -0.006418  -0.314031  -0.196769  0.089329  2.000000  
158.680876 0.019403  0.097720  -0.016243  0.982755  0.182265  0.031173  -0.069512  0.207932  0.975670  0.171349  -0.961012  0.217016  0.007826  -0.004710  -0.006309  -0.305624  -0.195603  0.093742  2.000000  
158.682106 0.019413  0.097713  -0.016251  0.982741  0.182316  0.031329  -0.069714  0.208131  0.975613  0.171349  -0.960959  0.217249  0.007882  -0.004716  -0.006286  -0.299277  -0.195068  0.088743  2.000000  
158.683107 0.019421  0.097709  -0.016257  0.982704  0.182491  0.031479  -0.069915  0.208203  0.975584  0.171481  -0.960910  0.217360  0.007885  -0.004743  -0.006236  -0.285453  -0.195690  0.093946  2.000000  
158.684356 0.019431  0.097702  -0.016264  0.982689  0.182541  0.031635  -0.070117  0.208402  0.975527  0.171481  -0.960858  0.217593  0.007880  -0.004785  -0.006183  -0.275017  -0.195018  0.088893  2.000000  
158.685604 0.019440  0.097696  -0.016271  0.982675  0.182592  0.031792  -0.070319  0.208601  0.975470  0.171481  -0.960805  0.217827  0.007843  -0.004840  -0.006119  -0.268133  -0.188406  0.087509  2.000000  
158.686611 0.019448  0.097691  -0.016277  0.982637  0.182767  0.031942  -0.070520  0.208672  0.975440  0.171613  -0.960756  0.217938  0.007845  -0.004848  -0.006066  -0.258009  -0.189872  0.088261  2.000000  
158.687857 0.019457  0.097685  -0.016285  0.982637  0.182775  0.031897  -0.070520  0.208909  0.975389  0.171613  -0.960703  0.218171  0.007782  -0.004912  -0.006116  -0.251091  -0.183224  0.086866  2.000000  
158.689105 0.019466  0.097678  -0.016293  0.982600  0.182950  0.032047  -0.070721  0.208981  0.975359  0.171745  -0.960654  0.218283  0.007724  -0.005004  -0.006117  -0.235950  -0.176541  0.085452  2.000000  
158.690350 0.019476  0.097671  -0.016300  0.982585  0.183001  0.032203  -0.070923  0.209179  0.975302  0.171745  -0.960601  0.218516  0.007681  -0.005069  -0.006049  -0.229969  -0.175066  0.084803  2.000000  
158.691355 0.019483  0.097666  -0.016306  0.982562  0.183133  0.032152  -0.070921  0.209288  0.975279  0.171876  -0.960552  0.218627  0.007638  -0.005097  -0.006032  -0.220823  -0.168860  0.088463  2.000000  
158.692606 0.019491  0.097658  -0.016313  0.982562  0.183137  0.032130  -0.070921  0.209407  0.975253  0.171876  -0.960526  0.218743  0.007555  -0.005154  -0.006000  -0.212088  -0.161828  0.081948  2.000000  
158.693852 0.019500  0.097651  -0.016320  0.982548  0.183184  0.032308  -0.071123  0.209487  0.975221  0.171876  -0.960499  0.218860  0.007456  -0.005288  -0.005932  -0.202828  -0.156514  0.081197  2.000000  
158.694856 0.019507  0.097646  -0.016326  0.982525  0.183312  0.032279  -0.071122  0.209478  0.975223  0.172008  -0.960477  0.218855  0.007440  -0.005282  -0.005888  -0.190148  -0.147601  0.083410  2.000000  
158.696101 0.019516  0.097638  -0.016333  0.982525  0.183316  0.032257  -0.071122  0.209596  0.975198  0.172008  -0.960450  0.218971  0.007362  -0.005325  -0.005912  -0.183223  -0.141957  0.077610  2.000000  
158.697103 0.019522  0.097632  -0.016338  0.982525  0.183320  0.032234  -0.071122  0.209715  0.975173  0.172008  -0.960424  0.219088  0.007278  -0.005405  -0.005827  -0.176297  -0.135330  0.076155  2.000000  
158.698111 0.019529  0.097626  -0.016344  0.982510  0.183363  0.032435  -0.071324  0.209677  0.975166  0.172008  -0.960424  0.219088  0.007165  -0.005488  -0.005853  -0.162623  -0.130766  0.070932  2.000000  
158.699356 0.019537  0.097619  -0.016351  0.982487  0.183495  0.032384  -0.071322  0.209786  0.975143  0.172140  -0.960375  0.219199  0.007090  -0.005551  -0.005825  -0.158425  -0.122112  0.073243  2.000000  
158.700356 0.019543  0.097614  -0.016356  0.982487  0.183495  0.032384  -0.071322  0.209786  0.975143  0.172140  -0.960375  0.219199  0.006998  -0.005604  -0.005789  0.000000  0.000000  0.000000  2.000000  
158.701356 0.019549  0.097607  -0.016362  0.982487  0.183495  0.032384  -0.071322  0.209786  0.975143  0.172140  -0.960375  0.219199  0.006885  -0.005695  -0.005783  0.000000  0.000000  0.000000  2.000000  
158.702611 0.019557  0.097600  -0.016368  0.982487  0.183495  0.032384  -0.071322  0.209786  0.975143  0.172140  -0.960375  0.219199  0.006762  -0.005738  -0.005622  0.000000  0.000000  0.000000  2.000000  
158.703856 0.019565  0.097593  -0.016374  0.982464  0.183623  0.032354  -0.071321  0.209777  0.975145  0.172272  -0.960352  0.219194  0.006688  -0.005758  -0.005483  0.000000  0.000000  0.000000  2.000000  
158.704861 0.019571  0.097587  -0.016379  0.982464  0.183623  0.032354  -0.071321  0.209777  0.975145  0.172272  -0.960352  0.219194  0.006576  -0.005781  -0.005416  0.000000  0.000000  0.000000  2.000000  
158.706104 0.019578  0.097579  -0.016384  0.982464  0.183623  0.032354  -0.071321  0.209777  0.975145  0.172272  -0.960352  0.219194  0.006490  -0.005833  -0.005315  0.000000  0.000000  0.000000  2.000000  
158.707351 0.019585  0.097572  -0.016390  0.982464  0.183623  0.032354  -0.071321  0.209777  0.975145  0.172272  -0.960352  0.219194  0.006373  -0.005854  -0.005211  0.000000  0.000000  0.000000  2.000000  
158.708354 0.019591  0.097566  -0.016394  0.982464  0.183623  0.032354  -0.071321  0.209777  0.975145  0.172272  -0.960352  0.219194  0.006318  -0.005845  -0.005073  0.000000  0.000000  0.000000  2.000000  
158.709607 0.019598  0.097559  -0.016399  0.982464  0.183623  0.032354  -0.071321  0.209777  0.975145  0.172272  -0.960352  0.219194  0.006183  -0.005897  -0.004971  0.000000  0.000000  0.000000  2.000000  
158.710609 0.019603  0.097553  -0.016403  0.982449  0.183666  0.032555  -0.071523  0.209739  0.975138  0.172272  -0.960352  0.219194  0.006053  -0.005854  -0.004828  0.000000  0.000000  0.000000  2.000000  
158.711855 0.019610  0.097546  -0.016407  0.982449  0.183662  0.032577  -0.071523  0.209621  0.975163  0.172272  -0.960379  0.219078  0.005955  -0.005842  -0.004657  0.000000  0.000000  0.000000  2.000000  
158.713105 0.019617  0.097539  -0.016411  0.982426  0.183790  0.032548  -0.071521  0.209611  0.975166  0.172404  -0.960356  0.219073  0.005875  -0.005827  -0.004472  0.000000  0.000000  0.000000  2.000000  
158.714112 0.019622  0.097533  -0.016415  0.982426  0.183790  0.032548  -0.071521  0.209611  0.975166  0.172404  -0.960356  0.219073  0.005754  -0.005813  -0.004312  0.000000  0.000000  0.000000  2.000000  
158.715355 0.019629  0.097527  -0.016418  0.982426  0.183786  0.032571  -0.071521  0.209493  0.975191  0.172404  -0.960383  0.218956  0.005676  -0.005797  -0.004132  0.000000  0.000000  0.000000  2.000000  
158.716359 0.019634  0.097521  -0.016421  0.982426  0.183786  0.032571  -0.071521  0.209493  0.975191  0.172404  -0.960383  0.218956  0.005588  -0.005756  -0.003945  0.000000  0.000000  0.000000  2.000000  
158.717608 0.019640  0.097514  -0.016424  0.982412  0.183826  0.032794  -0.071724  0.209337  0.975210  0.172404  -0.960409  0.218840  0.005542  -0.005709  -0.003746  0.000000  0.000000  0.000000  2.000000  
158.718611 0.019645  0.097509  -0.016427  0.982412  0.183822  0.032816  -0.071724  0.209218  0.975235  0.172404  -0.960436  0.218723  0.005429  -0.005699  -0.003616  0.000000  0.000000  0.000000  2.000000  
158.719856 0.019651  0.097502  -0.016430  0.982412  0.183822  0.032816  -0.071724  0.209218  0.975235  0.172404  -0.960436  0.218723  0.005346  -0.005683  -0.003407  0.000000  0.000000  0.000000  2.000000  
158.720858 0.019657  0.097497  -0.016432  0.982412  0.183818  0.032838  -0.071724  0.209100  0.975260  0.172404  -0.960462  0.218607  0.005304  -0.005612  -0.003265  0.000000  0.000000  0.000000  2.000000  
158.722106 0.019662  0.097489  -0.016435  0.982397  0.183857  0.033061  -0.071926  0.208944  0.975279  0.172404  -0.960489  0.218490  0.005235  -0.005567  -0.003068  0.000000  0.000000  0.000000  2.000000  
158.723354 0.019669  0.097483  -0.016437  0.982397  0.183853  0.033084  -0.071926  0.208826  0.975304  0.172404  -0.960515  0.218374  0.005142  -0.005523  -0.002876  0.000000  0.000000  0.000000  2.000000  
158.724618 0.019674  0.097477  -0.016439  0.982397  0.183853  0.033084  -0.071926  0.208826  0.975304  0.172404  -0.960515  0.218374  0.005053  -0.005501  -0.002656  0.000000  0.000000  0.000000  2.000000  
