1-Time 2-Px 3-Py 4-Pz 5-R11 6-R21 7-R31 8-R12 9-R22 10-R32 11-R13 12-R23 13-R33 14-Vx 15-Vy 16-Vz 17-Wx 18-Wy 19-Wz 20-state 21-PR11 22-PR21 23-PR31 24-PR12 25-PR22 26-PR32 27-PR13 28-PR23 29-PR33 
198.916429 0.005652  0.093655  -0.012784  0.998235  0.057626  -0.014370  -0.057606  0.998338  0.001801  0.014450  -0.000970  0.999895  0.000028  0.000006  0.000066  0.000000  0.000000  0.000000  2.000000  
198.917442 0.005652  0.093655  -0.012784  0.998235  0.057626  -0.014370  -0.057606  0.998338  0.001801  0.014450  -0.000970  0.999895  0.000028  0.000006  0.000065  0.000000  0.000000  0.000000  2.000000  
198.918460 0.005652  0.093655  -0.012784  0.998223  0.057831  -0.014369  -0.057811  0.998326  0.001804  0.014450  -0.000970  0.999895  0.000058  -0.000044  0.000047  0.000000  0.000000  0.000000  2.000000  
198.919689 0.005653  0.093653  -0.012784  0.998199  0.058243  -0.014369  -0.058222  0.998302  0.001810  0.014450  -0.000970  0.999895  0.000105  -0.000142  0.000047  0.000000  0.000000  0.000000  2.000000  
198.920934 0.005654  0.093652  -0.012784  0.998187  0.058448  -0.014368  -0.058428  0.998290  0.001813  0.014450  -0.000970  0.999895  0.000204  -0.000238  0.000039  0.000000  0.000000  0.000000  2.000000  
198.922183 0.005655  0.093650  -0.012785  0.998163  0.058859  -0.014368  -0.058839  0.998266  0.001819  0.014450  -0.000970  0.999895  0.000264  -0.000339  0.000002  0.000000  0.000000  0.000000  2.000000  
198.923440 0.005657  0.093649  -0.012784  0.998137  0.059270  -0.014500  -0.059250  0.998242  0.001833  0.014584  -0.000970  0.999893  0.000402  -0.000432  0.000023  0.000000  0.000000  0.000000  2.000000  
198.924683 0.005659  0.093648  -0.012784  0.998110  0.059681  -0.014633  -0.059661  0.998217  0.001847  0.014717  -0.000970  0.999891  0.000532  -0.000502  0.000035  0.000000  0.000000  0.000000  2.000000  
198.925931 0.005661  0.093646  -0.012784  0.998073  0.060298  -0.014632  -0.060277  0.998180  0.001856  0.014717  -0.000970  0.999891  0.000640  -0.000622  0.000036  0.000000  0.000000  0.000000  2.000000  
198.927179 0.005663  0.093645  -0.012785  0.998036  0.060914  -0.014631  -0.060894  0.998143  0.001865  0.014717  -0.000970  0.999891  0.000785  -0.000673  -0.000034  0.000000  0.000000  0.000000  2.000000  
198.928182 0.005665  0.093645  -0.012786  0.998011  0.061325  -0.014630  -0.061304  0.998117  0.001871  0.014717  -0.000970  0.999891  0.000868  -0.000702  -0.000105  0.000000  0.000000  0.000000  2.000000  
198.929444 0.005666  0.093645  -0.012786  0.997973  0.061942  -0.014629  -0.061921  0.998079  0.001880  0.014717  -0.000970  0.999891  0.000970  -0.000699  -0.000120  0.000000  0.000000  0.000000  2.000000  
198.930445 0.005667  0.093644  -0.012786  0.997947  0.062353  -0.014628  -0.062332  0.998054  0.001886  0.014717  -0.000970  0.999891  0.001063  -0.000751  -0.000183  0.002624  0.008820  0.179909  2.000000  
198.931681 0.005669  0.093644  -0.012787  0.997908  0.062969  -0.014627  -0.062948  0.998015  0.001895  0.014717  -0.000970  0.999891  0.001157  -0.000762  -0.000186  0.002926  0.008799  0.200639  2.000000  
198.932689 0.005670  0.093643  -0.012787  0.997880  0.063380  -0.014760  -0.063359  0.997989  0.001909  0.014851  -0.000970  0.999889  0.001217  -0.000827  -0.000244  0.003040  0.013285  0.207494  2.000000  
198.933953 0.005672  0.093642  -0.012788  0.997854  0.063791  -0.014759  -0.063770  0.997963  0.001916  0.014851  -0.000970  0.999889  0.001298  -0.000798  -0.000232  0.003241  0.013265  0.221227  2.000000  
198.935186 0.005672  0.093641  -0.012788  0.997828  0.064202  -0.014758  -0.064181  0.997936  0.001922  0.014851  -0.000970  0.999889  0.001291  -0.000775  -0.000241  0.003446  0.013261  0.235220  2.000000  
198.936187 0.005673  0.093639  -0.012787  0.997801  0.064613  -0.014757  -0.064591  0.997910  0.001928  0.014851  -0.000970  0.999889  0.001246  -0.000821  -0.000179  0.003649  0.013247  0.249039  2.000000  
198.937437 0.005675  0.093637  -0.012787  0.997761  0.065229  -0.014756  -0.065208  0.997870  0.001937  0.014851  -0.000970  0.999889  0.001255  -0.000857  -0.000194  0.003952  0.013224  0.269739  2.000000  
198.938446 0.005676  0.093635  -0.012786  0.997748  0.065435  -0.014756  -0.065413  0.997856  0.001940  0.014851  -0.000970  0.999889  0.001241  -0.000919  -0.000171  0.004053  0.013216  0.276618  2.000000  
198.939446 0.005678  0.093633  -0.012786  0.997721  0.065845  -0.014755  -0.065824  0.997829  0.001946  0.014851  -0.000970  0.999889  0.001247  -0.000964  -0.000117  0.004154  0.013207  0.283497  2.000000  
198.940684 0.005679  0.093631  -0.012785  0.997707  0.066051  -0.014755  -0.066029  0.997816  0.001949  0.014851  -0.000970  0.999889  0.001193  -0.001064  -0.000102  0.004257  0.013207  0.290546  2.000000  
198.941933 0.005680  0.093628  -0.012786  0.997680  0.066462  -0.014754  -0.066440  0.997789  0.001955  0.014851  -0.000970  0.999889  0.001104  -0.001212  -0.000061  0.004460  0.013193  0.304384  2.000000  
198.942935 0.005681  0.093625  -0.012786  0.997666  0.066667  -0.014753  -0.066645  0.997775  0.001958  0.014851  -0.000970  0.999889  0.001122  -0.001285  -0.000025  0.004561  0.013186  0.311283  2.000000  
198.944184 0.005683  0.093623  -0.012786  0.997652  0.066873  -0.014753  -0.066851  0.997761  0.001961  0.014851  -0.000970  0.999889  0.001122  -0.001503  0.000026  0.004664  0.013185  0.318340  2.000000  
198.945186 0.005683  0.093620  -0.012786  0.997641  0.067076  -0.014627  -0.067056  0.997748  0.001834  0.014717  -0.000849  0.999891  0.001076  -0.001626  0.000050  0.000565  0.008703  0.318196  2.000000  
198.946189 0.005683  0.093618  -0.012786  0.997627  0.067281  -0.014627  -0.067262  0.997734  0.001837  0.014717  -0.000849  0.999891  0.001040  -0.001750  0.000037  0.000666  0.008696  0.325108  2.000000  
198.947433 0.005684  0.093615  -0.012786  0.997613  0.067487  -0.014626  -0.067467  0.997720  0.001840  0.014717  -0.000849  0.999891  0.000975  -0.001864  0.000105  0.000761  0.008623  0.329458  2.000000  
198.948679 0.005685  0.093613  -0.012786  0.997613  0.067487  -0.014626  -0.067467  0.997720  0.001840  0.014717  -0.000849  0.999891  0.000931  -0.001909  0.000166  0.000560  0.008633  0.315671  2.000000  
198.949687 0.005685  0.093611  -0.012785  0.997601  0.067690  -0.014501  -0.067673  0.997706  0.001713  0.014584  -0.000728  0.999893  0.000888  -0.002009  0.000145  -0.003504  0.004192  0.315655  2.000000  
198.950937 0.005684  0.093608  -0.012785  0.997601  0.067690  -0.014501  -0.067673  0.997706  0.001713  0.014584  -0.000728  0.999893  0.000774  -0.002084  0.000158  -0.003734  0.004239  0.304452  2.000000  
198.952184 0.005684  0.093606  -0.012784  0.997601  0.067690  -0.014501  -0.067673  0.997706  0.001713  0.014584  -0.000728  0.999893  0.000673  -0.002086  0.000173  -0.003836  0.004246  0.297651  2.000000  
198.953184 0.005684  0.093604  -0.012784  0.997603  0.067689  -0.014376  -0.067673  0.997706  0.001583  0.014450  -0.000606  0.999895  0.000550  -0.002138  0.000177  -0.008114  -0.004722  0.283740  2.000000  
198.954187 0.005684  0.093602  -0.012783  0.997603  0.067689  -0.014376  -0.067673  0.997706  0.001583  0.014450  -0.000606  0.999895  0.000438  -0.002129  0.000177  -0.008296  -0.009207  0.269841  2.000000  
198.955437 0.005683  0.093599  -0.012782  0.997603  0.067689  -0.014376  -0.067673  0.997706  0.001583  0.014450  -0.000606  0.999895  0.000288  -0.002118  0.000206  -0.008427  -0.009120  0.253879  2.000000  
198.956683 0.005682  0.093597  -0.012781  0.997589  0.067892  -0.014383  -0.067878  0.997693  0.001465  0.014450  -0.000485  0.999895  0.000170  -0.002052  0.000290  -0.012776  -0.009170  0.242150  2.000000  
198.957684 0.005682  0.093596  -0.012781  0.997589  0.067892  -0.014383  -0.067878  0.997693  0.001465  0.014450  -0.000485  0.999895  0.000077  -0.002000  0.000353  -0.013080  -0.009156  0.221421  2.000000  
198.958931 0.005681  0.093594  -0.012780  0.997589  0.067890  -0.014392  -0.067878  0.997693  0.001344  0.014450  -0.000364  0.999896  -0.000064  -0.001972  0.000333  -0.017357  -0.009133  0.207558  2.000000  
198.960178 0.005680  0.093593  -0.012780  0.997589  0.067890  -0.014392  -0.067878  0.997693  0.001344  0.014450  -0.000364  0.999896  -0.000182  -0.001851  0.000368  -0.017419  -0.009051  0.192174  2.000000  
198.961184 0.005680  0.093591  -0.012780  0.997589  0.067890  -0.014392  -0.067878  0.997693  0.001344  0.014450  -0.000364  0.999896  -0.000262  -0.001802  0.000394  -0.017616  -0.009040  0.178415  2.000000  
198.962432 0.005679  0.093590  -0.012780  0.997591  0.067889  -0.014266  -0.067878  0.997693  0.001214  0.014316  -0.000243  0.999897  -0.000348  -0.001709  0.000365  0.000000  0.000000  0.000000  2.000000  
198.963436 0.005679  0.093589  -0.012781  0.997591  0.067889  -0.014266  -0.067878  0.997693  0.001214  0.014316  -0.000243  0.999897  -0.000432  -0.001666  0.000352  0.000000  0.000000  0.000000  2.000000  
198.964682 0.005678  0.093588  -0.012781  0.997591  0.067889  -0.014266  -0.067878  0.997693  0.001214  0.014316  -0.000243  0.999897  -0.000491  -0.001573  0.000291  0.000000  0.000000  0.000000  2.000000  
198.965684 0.005677  0.093587  -0.012782  0.997591  0.067889  -0.014266  -0.067878  0.997693  0.001214  0.014316  -0.000243  0.999897  -0.000499  -0.001435  0.000188  0.000000  0.000000  0.000000  2.000000  
198.966686 0.005677  0.093587  -0.012782  0.997577  0.068094  -0.014266  -0.068084  0.997679  0.001217  0.014316  -0.000243  0.999897  -0.000492  -0.001315  0.000135  0.000000  0.000000  0.000000  2.000000  
198.967941 0.005677  0.093586  -0.012783  0.997577  0.068092  -0.014274  -0.068084  0.997679  0.001096  0.014316  -0.000121  0.999898  -0.000495  -0.001171  0.000073  0.000000  0.000000  0.000000  2.000000  
198.969184 0.005677  0.093586  -0.012783  0.997563  0.068298  -0.014274  -0.068289  0.997665  0.001099  0.014316  -0.000121  0.999898  -0.000469  -0.001037  -0.000016  0.000000  0.000000  0.000000  2.000000  
198.970184 0.005677  0.093586  -0.012783  0.997563  0.068298  -0.014274  -0.068289  0.997665  0.001099  0.014316  -0.000121  0.999898  -0.000397  -0.000883  -0.000066  0.000000  0.000000  0.000000  2.000000  
198.971187 0.005678  0.093587  -0.012784  0.997561  0.068298  -0.014408  -0.068289  0.997665  0.001108  0.014450  -0.000121  0.999896  -0.000294  -0.000746  -0.000096  0.000000  0.000000  0.000000  2.000000  
198.972436 0.005678  0.093588  -0.012783  0.997547  0.068503  -0.014408  -0.068494  0.997651  0.001111  0.014450  -0.000121  0.999896  -0.000237  -0.000540  -0.000165  0.000000  0.000000  0.000000  2.000000  
198.973684 0.005680  0.093589  -0.012783  0.997547  0.068503  -0.014408  -0.068494  0.997651  0.001111  0.014450  -0.000121  0.999896  -0.000096  -0.000314  -0.000175  0.000000  0.000000  0.000000  2.000000  
198.974933 0.005681  0.093591  -0.012783  0.997533  0.068709  -0.014407  -0.068700  0.997637  0.001114  0.014450  -0.000121  0.999896  0.000064  -0.000136  -0.000166  0.000000  0.000000  0.000000  2.000000  
198.976182 0.005683  0.093592  -0.012782  0.997519  0.068914  -0.014407  -0.068905  0.997623  0.001117  0.014450  -0.000121  0.999896  0.000219  0.000042  -0.000156  0.000000  0.000000  0.000000  2.000000  
198.977183 0.005684  0.093593  -0.012783  0.997519  0.068914  -0.014407  -0.068905  0.997623  0.001117  0.014450  -0.000121  0.999896  0.000343  0.000218  -0.000179  0.000000  0.000000  0.000000  2.000000  
198.978432 0.005686  0.093594  -0.012783  0.997504  0.069119  -0.014407  -0.069110  0.997608  0.001120  0.014450  -0.000121  0.999896  0.000461  0.000342  -0.000142  0.000000  0.000000  0.000000  2.000000  
198.979444 0.005687  0.093595  -0.012782  0.997504  0.069119  -0.014407  -0.069110  0.997608  0.001120  0.014450  -0.000121  0.999896  0.000625  0.000504  -0.000091  0.000000  0.000000  0.000000  2.000000  
198.980684 0.005689  0.093597  -0.012782  0.997490  0.069326  -0.014398  -0.069316  0.997594  0.001244  0.014450  -0.000243  0.999896  0.000801  0.000692  0.000020  0.000000  0.000000  0.000000  2.000000  
198.981929 0.005691  0.093598  -0.012782  0.997476  0.069532  -0.014398  -0.069521  0.997580  0.001247  0.014450  -0.000243  0.999896  0.000932  0.000782  0.000026  0.000000  0.000000  0.000000  2.000000  
198.982932 0.005692  0.093600  -0.012782  0.997461  0.069737  -0.014398  -0.069726  0.997565  0.001250  0.014450  -0.000243  0.999896  0.001015  0.000886  0.000076  0.000000  0.000000  0.000000  2.000000  
198.983935 0.005693  0.093601  -0.012782  0.997461  0.069737  -0.014398  -0.069726  0.997565  0.001250  0.014450  -0.000243  0.999896  0.001093  0.000955  0.000117  0.000000  0.000000  0.000000  2.000000  
198.985184 0.005695  0.093602  -0.012782  0.997447  0.069944  -0.014389  -0.069932  0.997551  0.001374  0.014450  -0.000364  0.999896  0.001180  0.001038  0.000093  0.000000  0.000000  0.000000  2.000000  
198.986185 0.005695  0.093603  -0.012782  0.997447  0.069944  -0.014389  -0.069932  0.997551  0.001374  0.014450  -0.000364  0.999896  0.001190  0.001091  0.000140  0.000000  0.000000  0.000000  2.000000  
198.987187 0.005696  0.093604  -0.012782  0.997433  0.070150  -0.014389  -0.070137  0.997536  0.001377  0.014450  -0.000364  0.999896  0.001221  0.001106  0.000106  0.000000  0.000000  0.000000  2.000000  
198.988435 0.005698  0.093606  -0.012781  0.997418  0.070355  -0.014388  -0.070342  0.997522  0.001380  0.014450  -0.000364  0.999896  0.001222  0.001138  0.000115  0.000000  0.000000  0.000000  2.000000  
198.989447 0.005699  0.093607  -0.012781  0.997418  0.070355  -0.014388  -0.070342  0.997522  0.001380  0.014450  -0.000364  0.999896  0.001200  0.001132  0.000133  0.000000  0.000000  0.000000  2.000000  
198.990681 0.005700  0.093608  -0.012780  0.997404  0.070562  -0.014380  -0.070548  0.997507  0.001503  0.014450  -0.000485  0.999895  0.001200  0.001144  0.000187  0.000000  0.000000  0.000000  2.000000  
198.991683 0.005701  0.093609  -0.012780  0.997404  0.070562  -0.014380  -0.070548  0.997507  0.001503  0.014450  -0.000485  0.999895  0.001168  0.001162  0.000197  0.000000  0.000000  0.000000  2.000000  
198.992930 0.005702  0.093610  -0.012779  0.997389  0.070767  -0.014379  -0.070753  0.997493  0.001506  0.014450  -0.000485  0.999895  0.001104  0.001098  0.000255  0.000000  0.000000  0.000000  2.000000  
198.994186 0.005703  0.093611  -0.012778  0.997375  0.070973  -0.014379  -0.070958  0.997478  0.001509  0.014450  -0.000485  0.999895  0.001081  0.001092  0.000276  0.000000  0.000000  0.000000  2.000000  
198.995430 0.005703  0.093612  -0.012777  0.997375  0.070973  -0.014379  -0.070958  0.997478  0.001509  0.014450  -0.000485  0.999895  0.000974  0.000992  0.000299  0.000000  0.000000  0.000000  2.000000  
198.996434 0.005704  0.093612  -0.012777  0.997360  0.071178  -0.014379  -0.071164  0.997464  0.001512  0.014450  -0.000485  0.999895  0.000916  0.000951  0.000310  0.000000  0.000000  0.000000  2.000000  
198.997681 0.005704  0.093613  -0.012777  0.997360  0.071178  -0.014379  -0.071164  0.997464  0.001512  0.014450  -0.000485  0.999895  0.000841  0.000880  0.000352  0.000000  0.000000  0.000000  2.000000  
198.998934 0.005705  0.093613  -0.012777  0.997345  0.071384  -0.014378  -0.071369  0.997449  0.001515  0.014450  -0.000485  0.999895  0.000789  0.000803  0.000321  0.000000  0.000000  0.000000  2.000000  
199.000179 0.005705  0.093613  -0.012777  0.997331  0.071589  -0.014378  -0.071574  0.997434  0.001518  0.014450  -0.000485  0.999895  0.000715  0.000731  0.000363  0.000000  0.000000  0.000000  2.000000  
199.001188 0.005706  0.093613  -0.012777  0.997331  0.071589  -0.014378  -0.071574  0.997434  0.001518  0.014450  -0.000485  0.999895  0.000683  0.000641  0.000348  0.000000  0.000000  0.000000  2.000000  
199.002446 0.005706  0.093613  -0.012777  0.997316  0.071794  -0.014378  -0.071780  0.997419  0.001521  0.014450  -0.000485  0.999895  0.000599  0.000535  0.000296  0.000000  0.000000  0.000000  2.000000  
199.003688 0.005706  0.093612  -0.012777  0.997301  0.072000  -0.014377  -0.071985  0.997405  0.001524  0.014450  -0.000485  0.999895  0.000525  0.000406  0.000255  0.000000  0.000000  0.000000  2.000000  
199.004934 0.005706  0.093612  -0.012777  0.997286  0.072205  -0.014377  -0.072190  0.997390  0.001527  0.014450  -0.000485  0.999895  0.000442  0.000301  0.000204  0.000000  0.000000  0.000000  2.000000  
199.005934 0.005706  0.093612  -0.012778  0.997286  0.072205  -0.014377  -0.072190  0.997390  0.001527  0.014450  -0.000485  0.999895  0.000358  0.000196  0.000154  0.000000  0.000000  0.000000  2.000000  
199.007187 0.005706  0.093611  -0.012778  0.997271  0.072410  -0.014377  -0.072396  0.997375  0.001530  0.014450  -0.000485  0.999895  0.000275  0.000090  0.000103  0.000000  0.000000  0.000000  2.000000  
199.008436 0.005705  0.093611  -0.012778  0.997256  0.072616  -0.014376  -0.072601  0.997360  0.001533  0.014450  -0.000485  0.999895  0.000183  0.000008  0.000043  0.000000  0.000000  0.000000  2.000000  
199.009444 0.005705  0.093611  -0.012778  0.997241  0.072821  -0.014376  -0.072806  0.997345  0.001536  0.014450  -0.000485  0.999895  0.000172  -0.000045  -0.000005  0.000000  0.000000  0.000000  2.000000  
199.010686 0.005705  0.093610  -0.012778  0.997226  0.073026  -0.014376  -0.073012  0.997330  0.001539  0.014450  -0.000485  0.999895  0.000080  -0.000127  -0.000064  0.000000  0.000000  0.000000  2.000000  
199.011929 0.005705  0.093610  -0.012778  0.997211  0.073231  -0.014375  -0.073217  0.997315  0.001542  0.014450  -0.000485  0.999895  0.000027  -0.000202  -0.000094  0.000000  0.000000  0.000000  2.000000  
199.012932 0.005704  0.093609  -0.012778  0.997194  0.073437  -0.014509  -0.073422  0.997300  0.001555  0.014584  -0.000485  0.999894  -0.000034  -0.000260  -0.000135  0.000000  0.000000  0.000000  2.000000  
199.014184 0.005704  0.093609  -0.012778  0.997179  0.073642  -0.014508  -0.073627  0.997285  0.001558  0.014584  -0.000485  0.999894  -0.000054  -0.000229  -0.000106  0.000000  0.000000  0.000000  2.000000  
199.015434 0.005704  0.093609  -0.012779  0.997164  0.073847  -0.014508  -0.073833  0.997269  0.001561  0.014584  -0.000485  0.999894  -0.000114  -0.000283  -0.000145  0.000000  0.000000  0.000000  2.000000  
199.016684 0.005704  0.093609  -0.012779  0.997149  0.074053  -0.014508  -0.074038  0.997254  0.001564  0.014584  -0.000485  0.999894  -0.000137  -0.000261  -0.000120  0.000000  0.000000  0.000000  2.000000  
199.017691 0.005704  0.093609  -0.012779  0.997134  0.074258  -0.014507  -0.074243  0.997239  0.001567  0.014584  -0.000485  0.999894  -0.000137  -0.000261  -0.000120  0.000000  0.000000  0.000000  2.000000  
199.018934 0.005703  0.093608  -0.012780  0.997118  0.074463  -0.014507  -0.074448  0.997224  0.001570  0.014584  -0.000485  0.999894  -0.000177  -0.000265  -0.000149  0.000000  0.000000  0.000000  2.000000  
199.019935 0.005704  0.093608  -0.012780  0.997103  0.074669  -0.014507  -0.074654  0.997208  0.001573  0.014584  -0.000485  0.999894  -0.000165  -0.000267  -0.000186  0.000000  0.000000  0.000000  2.000000  
199.021186 0.005704  0.093608  -0.012781  0.997087  0.074874  -0.014506  -0.074859  0.997193  0.001576  0.014584  -0.000485  0.999894  -0.000132  -0.000219  -0.000211  0.000000  0.000000  0.000000  2.000000  
199.022187 0.005704  0.093608  -0.012781  0.997072  0.075079  -0.014506  -0.075064  0.997177  0.001579  0.014584  -0.000485  0.999894  -0.000132  -0.000219  -0.000211  0.000000  0.000000  0.000000  2.000000  
199.023436 0.005704  0.093608  -0.012781  0.997057  0.075285  -0.014506  -0.075270  0.997162  0.001582  0.014584  -0.000485  0.999894  -0.000088  -0.000191  -0.000224  0.000000  0.000000  0.000000  2.000000  
199.024436 0.005705  0.093609  -0.012781  0.997041  0.075490  -0.014505  -0.075475  0.997146  0.001585  0.014584  -0.000485  0.999894  -0.000055  -0.000144  -0.000250  0.000000  0.000000  0.000000  2.000000  
199.025683 0.005705  0.093609  -0.012782  0.997010  0.075900  -0.014505  -0.075885  0.997115  0.001591  0.014584  -0.000485  0.999894  0.000017  -0.000093  -0.000246  0.000000  0.000000  0.000000  2.000000  
199.026684 0.005706  0.093609  -0.012781  0.996994  0.076106  -0.014504  -0.076091  0.997100  0.001594  0.014584  -0.000485  0.999894  0.000070  -0.000016  -0.000219  0.000000  0.000000  0.000000  2.000000  
199.027932 0.005706  0.093610  -0.012782  0.996979  0.076309  -0.014513  -0.076296  0.997084  0.001476  0.014584  -0.000364  0.999894  0.000143  0.000036  -0.000216  0.000000  0.000000  0.000000  2.000000  
199.029182 0.005707  0.093610  -0.012781  0.996947  0.076720  -0.014513  -0.076706  0.997053  0.001482  0.014584  -0.000364  0.999894  0.000171  0.000062  -0.000193  -0.001453  0.004385  0.178427  2.000000  
199.030436 0.005708  0.093611  -0.012781  0.996931  0.076925  -0.014512  -0.076912  0.997037  0.001485  0.014584  -0.000364  0.999894  0.000278  0.000142  -0.000173  -0.001465  0.004421  0.179890  2.000000  
199.031680 0.005709  0.093612  -0.012781  0.996900  0.077336  -0.014512  -0.077322  0.997005  0.001491  0.014584  -0.000364  0.999894  0.000346  0.000191  -0.000167  -0.001354  0.004382  0.185293  2.000000  
199.032682 0.005709  0.093612  -0.012781  0.996884  0.077541  -0.014511  -0.077527  0.996989  0.001494  0.014584  -0.000364  0.999894  0.000376  0.000218  -0.000147  -0.001254  0.004379  0.192157  2.000000  
199.033684 0.005710  0.093613  -0.012781  0.996852  0.077951  -0.014511  -0.077938  0.996957  0.001500  0.014584  -0.000364  0.999894  0.000475  0.000303  -0.000090  -0.001154  0.004376  0.199012  2.000000  
199.034689 0.005711  0.093613  -0.012781  0.996834  0.078157  -0.014644  -0.078143  0.996941  0.001513  0.014717  -0.000364  0.999892  0.000477  0.000350  -0.000042  -0.001150  0.008908  0.200630  2.000000  
199.035934 0.005712  0.093614  -0.012781  0.996801  0.078567  -0.014643  -0.078553  0.996909  0.001519  0.014717  -0.000364  0.999892  0.000547  0.000411  -0.000003  -0.001050  0.008907  0.207588  2.000000  
199.037184 0.005713  0.093615  -0.012780  0.996769  0.078978  -0.014643  -0.078964  0.996876  0.001525  0.014717  -0.000364  0.999892  0.000598  0.000458  0.000037  -0.000841  0.008828  0.219597  2.000000  
199.038440 0.005714  0.093616  -0.012780  0.996736  0.079388  -0.014642  -0.079374  0.996844  0.001531  0.014717  -0.000364  0.999892  0.000670  0.000520  0.000077  -0.000747  0.008897  0.228321  2.000000  
199.039447 0.005715  0.093617  -0.012780  0.996720  0.079593  -0.014642  -0.079579  0.996827  0.001534  0.014717  -0.000364  0.999892  0.000688  0.000549  0.000134  -0.000747  0.008894  0.228239  2.000000  
199.040684 0.005716  0.093617  -0.012779  0.996671  0.080209  -0.014641  -0.080195  0.996778  0.001543  0.014717  -0.000364  0.999892  0.000720  0.000577  0.000154  -0.000541  0.008819  0.240182  2.000000  
199.041934 0.005717  0.093618  -0.012779  0.996635  0.080619  -0.014773  -0.080605  0.996745  0.001560  0.014851  -0.000364  0.999890  0.000762  0.000601  0.000137  -0.000427  0.013385  0.249074  2.000000  
199.043186 0.005718  0.093619  -0.012779  0.996602  0.081030  -0.014773  -0.081015  0.996712  0.001566  0.014851  -0.000364  0.999890  0.000781  0.000631  0.000194  -0.000309  0.008885  0.255994  2.000000  
199.044189 0.005719  0.093619  -0.012779  0.996569  0.081440  -0.014772  -0.081426  0.996678  0.001572  0.014851  -0.000364  0.999890  0.000791  0.000608  0.000203  -0.000207  0.008883  0.262945  2.000000  
199.045431 0.005720  0.093620  -0.012778  0.996535  0.081850  -0.014771  -0.081836  0.996645  0.001578  0.014851  -0.000364  0.999890  0.000808  0.000625  0.000219  -0.000104  0.008807  0.267636  2.000000  
199.046437 0.005721  0.093621  -0.012777  0.996499  0.082261  -0.014904  -0.082246  0.996611  0.001595  0.014985  -0.000364  0.999888  0.000818  0.000613  0.000268  0.000015  0.013374  0.276752  2.000000  
199.047681 0.005722  0.093621  -0.012777  0.996448  0.082875  -0.014913  -0.082862  0.996560  0.001484  0.014985  -0.000243  0.999888  0.000855  0.000604  0.000256  -0.003827  0.013279  0.288292  2.000000  
199.048684 0.005723  0.093622  -0.012777  0.996414  0.083285  -0.014913  -0.083272  0.996526  0.001490  0.014985  -0.000243  0.999888  0.000844  0.000607  0.000292  -0.003755  0.013384  0.297530  2.000000  
199.049931 0.005724  0.093622  -0.012776  0.996380  0.083695  -0.014912  -0.083682  0.996491  0.001496  0.014985  -0.000243  0.999888  0.000880  0.000590  0.000366  -0.003623  0.013271  0.301951  2.000000  
199.050935 0.005725  0.093622  -0.012775  0.996326  0.084311  -0.015044  -0.084297  0.996439  0.001516  0.015119  -0.000243  0.999886  0.000874  0.000548  0.000361  -0.003427  0.017874  0.318304  2.000000  
199.052186 0.005726  0.093623  -0.012775  0.996291  0.084721  -0.015044  -0.084708  0.996405  0.001523  0.015119  -0.000243  0.999886  0.000871  0.000527  0.000407  -0.003297  0.017723  0.322518  2.000000  
199.053436 0.005727  0.093624  -0.012774  0.996239  0.085336  -0.015043  -0.085323  0.996352  0.001532  0.015119  -0.000243  0.999886  0.000856  0.000519  0.000400  -0.003119  0.017866  0.339049  2.000000  
199.054439 0.005727  0.093624  -0.012774  0.996186  0.085952  -0.015042  -0.085938  0.996299  0.001541  0.015119  -0.000243  0.999886  0.000826  0.000492  0.000381  -0.003015  0.017859  0.345888  2.000000  
199.055685 0.005728  0.093624  -0.012773  0.996148  0.086360  -0.015185  -0.086348  0.996264  0.001438  0.015252  -0.000121  0.999884  0.000837  0.000479  0.000433  -0.006966  0.022378  0.352853  2.000000  
199.056934 0.005729  0.093625  -0.012772  0.996095  0.086975  -0.015184  -0.086963  0.996210  0.001447  0.015252  -0.000121  0.999884  0.000825  0.000482  0.000469  -0.006760  0.022375  0.366709  2.000000  
199.058187 0.005729  0.093626  -0.012772  0.996041  0.087591  -0.015183  -0.087579  0.996157  0.001457  0.015252  -0.000121  0.999884  0.000783  0.000457  0.000486  -0.002579  0.022393  0.373597  2.000000  
199.059445 0.005730  0.093626  -0.012771  0.995987  0.088206  -0.015182  -0.088194  0.996102  0.001466  0.015252  -0.000121  0.999884  0.000709  0.000405  0.000482  -0.002354  0.022207  0.384259  2.000000  
199.060683 0.005731  0.093627  -0.012771  0.995930  0.088821  -0.015315  -0.088809  0.996048  0.001487  0.015386  -0.000121  0.999882  0.000719  0.000449  0.000485  -0.002244  0.026888  0.394391  2.000000  
199.061930 0.005731  0.093627  -0.012770  0.995875  0.089434  -0.015325  -0.089424  0.995993  0.001376  0.015386  0.000000  0.999882  0.000666  0.000427  0.000538  -0.006217  0.026910  0.401306  2.000000  
199.063185 0.005731  0.093627  -0.012770  0.995819  0.090049  -0.015324  -0.090039  0.995937  0.001386  0.015386  0.000000  0.999882  0.000576  0.000376  0.000478  -0.006009  0.026904  0.415091  2.000000  
199.064185 0.005732  0.093627  -0.012769  0.995764  0.090664  -0.015323  -0.090654  0.995881  0.001395  0.015386  0.000000  0.999882  0.000555  0.000373  0.000506  -0.005754  0.026684  0.425461  2.000000  
199.065434 0.005732  0.093627  -0.012769  0.995707  0.091280  -0.015322  -0.091269  0.995825  0.001404  0.015386  0.000000  0.999882  0.000486  0.000343  0.000458  -0.005623  0.022222  0.432315  2.000000  
199.066448 0.005732  0.093627  -0.012769  0.995670  0.091688  -0.015333  -0.091679  0.995788  0.001290  0.015386  0.000121  0.999882  0.000432  0.000294  0.000425  -0.009742  0.022423  0.435703  2.000000  
199.067688 0.005732  0.093628  -0.012768  0.995592  0.092508  -0.015465  -0.092498  0.995712  0.001315  0.015520  0.000121  0.999880  0.000381  0.000293  0.000433  -0.009507  0.026926  0.449695  2.000000  
199.068934 0.005732  0.093628  -0.012768  0.995535  0.093123  -0.015464  -0.093113  0.995655  0.001325  0.015520  0.000121  0.999880  0.000314  0.000235  0.000387  -0.009404  0.026930  0.456693  2.000000  
199.069934 0.005732  0.093628  -0.012768  0.995496  0.093531  -0.015475  -0.093523  0.995616  0.001210  0.015520  0.000243  0.999880  0.000270  0.000259  0.000355  -0.013481  0.026956  0.456667  2.000000  
199.071186 0.005731  0.093628  -0.012768  0.995419  0.094351  -0.015474  -0.094343  0.995539  0.001223  0.015520  0.000243  0.999880  0.000197  0.000207  0.000352  -0.013240  0.022458  0.470495  2.000000  
199.072436 0.005731  0.093628  -0.012768  0.995360  0.094965  -0.015473  -0.094958  0.995481  0.001232  0.015520  0.000243  0.999880  0.000135  0.000153  0.000312  -0.013133  0.022455  0.477361  2.000000  
199.073436 0.005731  0.093628  -0.012768  0.995321  0.095373  -0.015484  -0.095367  0.995442  0.001118  0.015520  0.000364  0.999879  0.000065  0.000122  0.000263  -0.017209  0.022483  0.477350  2.000000  
199.074446 0.005731  0.093628  -0.012768  0.995262  0.095988  -0.015483  -0.095982  0.995382  0.001128  0.015520  0.000364  0.999879  0.000046  0.000092  0.000206  -0.017100  0.022477  0.484143  2.000000  
199.075683 0.005730  0.093627  -0.012768  0.995203  0.096601  -0.015494  -0.096597  0.995323  0.001016  0.015520  0.000485  0.999879  -0.000025  0.000061  0.000155  -0.020904  0.022330  0.487198  2.000000  
199.076930 0.005731  0.093627  -0.012769  0.995143  0.097216  -0.015494  -0.097211  0.995263  0.001026  0.015520  0.000485  0.999879  -0.000032  0.000029  0.000063  -0.016726  0.017902  0.494110  2.000000  
199.077930 0.005730  0.093627  -0.012769  0.995083  0.097830  -0.015493  -0.097826  0.995203  0.001036  0.015520  0.000485  0.999879  -0.000063  0.000002  0.000044  -0.016620  0.017902  0.500934  2.000000  
199.079179 0.005730  0.093627  -0.012769  0.995022  0.098443  -0.015504  -0.098441  0.995142  0.000924  0.015520  0.000606  0.999879  -0.000120  -0.000031  -0.000041  -0.020667  0.017936  0.501033  2.000000  
199.080182 0.005729  0.093626  -0.012770  0.994959  0.099058  -0.015637  -0.099055  0.995082  0.000947  0.015654  0.000606  0.999877  -0.000141  -0.000061  -0.000098  -0.020670  0.018091  0.512248  2.000000  
199.081183 0.005729  0.093626  -0.012770  0.994897  0.099670  -0.015648  -0.099669  0.995020  0.000836  0.015654  0.000728  0.999877  -0.000139  -0.000060  -0.000096  -0.024429  0.017966  0.514664  2.000000  
199.082184 0.005729  0.093626  -0.012771  0.994836  0.100285  -0.015648  -0.100284  0.994959  0.000846  0.015654  0.000728  0.999877  -0.000176  -0.000119  -0.000208  -0.024322  0.017967  0.521495  2.000000  
199.083430 0.005729  0.093625  -0.012771  0.994753  0.101102  -0.015659  -0.101103  0.994876  0.000738  0.015654  0.000849  0.999877  -0.000207  -0.000146  -0.000227  -0.028264  0.018003  0.528440  2.000000  
199.084440 0.005728  0.093625  -0.012772  0.994690  0.101717  -0.015659  -0.101717  0.994813  0.000748  0.015654  0.000849  0.999877  -0.000217  -0.000199  -0.000274  -0.028488  0.018146  0.532631  2.000000  
199.085684 0.005728  0.093624  -0.012773  0.994585  0.102741  -0.015658  -0.102741  0.994708  0.000764  0.015654  0.000849  0.999877  -0.000247  -0.000226  -0.000293  -0.023862  0.013580  0.548937  2.000000  
199.086684 0.005728  0.093624  -0.012773  0.994521  0.103353  -0.015670  -0.103356  0.994644  0.000653  0.015654  0.000970  0.999877  -0.000228  -0.000235  -0.000372  -0.028139  0.013727  0.553537  2.000000  
199.087934 0.005728  0.093624  -0.012774  0.994436  0.104172  -0.015670  -0.104174  0.994559  0.000666  0.015654  0.000970  0.999877  -0.000216  -0.000237  -0.000408  -0.028035  0.013731  0.560503  2.000000  
199.088935 0.005727  0.093624  -0.012774  0.994350  0.104989  -0.015682  -0.104993  0.994473  0.000558  0.015654  0.001092  0.999877  -0.000247  -0.000265  -0.000428  -0.032000  0.013766  0.567321  2.000000  
199.090188 0.005727  0.093623  -0.012775  0.994239  0.106013  -0.015814  -0.106017  0.994364  0.000588  0.015788  0.001092  0.999875  -0.000253  -0.000313  -0.000468  -0.031709  0.013773  0.581167  2.000000  
199.091189 0.005727  0.093623  -0.012776  0.994173  0.106627  -0.015814  -0.106631  0.994299  0.000598  0.015788  0.001092  0.999875  -0.000257  -0.000318  -0.000476  -0.027522  0.013811  0.588053  2.000000  
199.092434 0.005727  0.093623  -0.012776  0.994063  0.107648  -0.015826  -0.107654  0.994188  0.000494  0.015788  0.001213  0.999875  -0.000214  -0.000294  -0.000492  -0.031382  0.013855  0.601875  2.000000  
199.093684 0.005727  0.093622  -0.012777  0.993974  0.108467  -0.015826  -0.108472  0.994099  0.000507  0.015788  0.001213  0.999875  -0.000214  -0.000294  -0.000492  -0.031274  0.013859  0.608781  2.000000  
199.094930 0.005727  0.093622  -0.012777  0.993860  0.109490  -0.015958  -0.109495  0.993987  0.000538  0.015921  0.001213  0.999873  -0.000211  -0.000289  -0.000484  -0.030768  0.018217  0.617625  2.000000  
199.095934 0.005727  0.093622  -0.012777  0.993769  0.110307  -0.015971  -0.110314  0.993897  0.000430  0.015921  0.001334  0.999872  -0.000184  -0.000266  -0.000472  -0.030915  0.018449  0.629669  2.000000  
199.096935 0.005727  0.093622  -0.012778  0.993699  0.110920  -0.016104  -0.110927  0.993828  0.000455  0.016055  0.001334  0.999870  -0.000153  -0.000239  -0.000452  -0.030724  0.018455  0.636628  2.000000  
199.097935 0.005727  0.093622  -0.012778  0.993607  0.111739  -0.016104  -0.111745  0.993737  0.000468  0.016055  0.001334  0.999870  -0.000113  -0.000236  -0.000423  -0.030611  0.018458  0.643485  2.000000  
199.099186 0.005727  0.093621  -0.012778  0.993489  0.112759  -0.016250  -0.112768  0.993621  0.000380  0.016189  0.001455  0.999868  -0.000130  -0.000261  -0.000472  -0.030361  0.023055  0.657591  2.000000  
199.100438 0.005727  0.093621  -0.012779  0.993349  0.113986  -0.016249  -0.113995  0.993481  0.000400  0.016189  0.001455  0.999868  -0.000071  -0.000211  -0.000440  -0.030015  0.023060  0.677984  2.000000  
199.101440 0.005727  0.093621  -0.012779  0.993253  0.114804  -0.016382  -0.114813  0.993387  0.000428  0.016323  0.001455  0.999866  -0.000082  -0.000208  -0.000403  -0.029857  0.027560  0.684833  2.000000  
199.102443 0.005727  0.093621  -0.012780  0.993158  0.115622  -0.016382  -0.115631  0.993292  0.000442  0.016323  0.001455  0.999866  -0.000040  -0.000184  -0.000420  -0.025555  0.027608  0.698524  2.000000  
199.103687 0.005728  0.093622  -0.012779  0.993036  0.116645  -0.016514  -0.116653  0.993173  0.000474  0.016456  0.001455  0.999864  0.000010  -0.000127  -0.000343  -0.025295  0.032126  0.712562  2.000000  
199.104935 0.005728  0.093622  -0.012780  0.992892  0.117869  -0.016528  -0.117879  0.993028  0.000374  0.016456  0.001577  0.999863  0.000032  -0.000076  -0.000333  -0.029157  0.032190  0.726566  2.000000  
199.106186 0.005728  0.093622  -0.012780  0.992768  0.118891  -0.016660  -0.118901  0.992906  0.000407  0.016590  0.001577  0.999861  0.000062  -0.000048  -0.000307  -0.024808  0.036746  0.740396  2.000000  
199.107186 0.005728  0.093622  -0.012780  0.992667  0.119709  -0.016793  -0.119718  0.992808  0.000437  0.016724  0.001577  0.999859  0.000051  -0.000046  -0.000276  -0.024641  0.041240  0.747117  2.000000  
199.108437 0.005728  0.093623  -0.012781  0.992516  0.120935  -0.016925  -0.120944  0.992659  0.000474  0.016858  0.001577  0.999857  0.000115  0.000030  -0.000282  -0.019903  0.045439  0.768471  2.000000  
199.109445 0.005728  0.093623  -0.012781  0.992416  0.121752  -0.016924  -0.121761  0.992559  0.000488  0.016858  0.001577  0.999857  0.000104  0.000032  -0.000245  -0.019739  0.040984  0.775306  2.000000  
199.110684 0.005728  0.093623  -0.012782  0.992263  0.122976  -0.017071  -0.122987  0.992408  0.000405  0.016992  0.001698  0.999854  0.000105  0.000053  -0.000286  -0.019737  0.045924  0.788644  2.000000  
199.111930 0.005729  0.093624  -0.012782  0.992108  0.124201  -0.017204  -0.124212  0.992256  0.000442  0.017125  0.001698  0.999852  0.000126  0.000103  -0.000275  -0.019349  0.050459  0.809595  2.000000  
199.112931 0.005729  0.093624  -0.012782  0.992003  0.125018  -0.017336  -0.125029  0.992153  0.000473  0.017259  0.001698  0.999850  0.000117  0.000126  -0.000284  -0.019020  0.054504  0.809655  2.000000  
199.113932 0.005729  0.093624  -0.012782  0.991871  0.126039  -0.017468  -0.126049  0.992024  0.000508  0.017393  0.001698  0.999847  0.000178  0.000180  -0.000245  -0.014696  0.059032  0.823394  2.000000  
199.115182 0.005729  0.093624  -0.012782  0.991713  0.127264  -0.017600  -0.127274  0.991867  0.000547  0.017527  0.001698  0.999845  0.000157  0.000206  -0.000218  -0.014413  0.063510  0.837117  2.000000  
199.116185 0.005730  0.093625  -0.012783  0.991605  0.128081  -0.017733  -0.128091  0.991762  0.000578  0.017661  0.001698  0.999843  0.000199  0.000230  -0.000234  -0.010199  0.068026  0.843915  2.000000  
199.117188 0.005730  0.093625  -0.012783  0.991497  0.128897  -0.017865  -0.128907  0.991657  0.000610  0.017794  0.001698  0.999840  0.000191  0.000237  -0.000202  -0.010343  0.073086  0.844086  2.000000  
199.118190 0.005731  0.093625  -0.012783  0.991361  0.129915  -0.018012  -0.129927  0.991523  0.000526  0.017928  0.001819  0.999838  0.000203  0.000234  -0.000238  -0.014129  0.077639  0.857747  2.000000  
199.119449 0.005731  0.093625  -0.012783  0.991198  0.131140  -0.018144  -0.131151  0.991362  0.000565  0.018062  0.001819  0.999835  0.000202  0.000234  -0.000238  -0.009817  0.077674  0.864362  2.000000  
199.120684 0.005731  0.093626  -0.012783  0.991060  0.132160  -0.018276  -0.132171  0.991227  0.000602  0.018196  0.001819  0.999833  0.000230  0.000257  -0.000215  -0.009450  0.081544  0.871286  2.000000  
199.121685 0.005731  0.093626  -0.012784  0.990921  0.133180  -0.018408  -0.133191  0.991090  0.000638  0.018329  0.001819  0.999830  0.000233  0.000261  -0.000218  -0.005393  0.086770  0.878501  2.000000  
199.122688 0.005732  0.093626  -0.012784  0.990781  0.134200  -0.018540  -0.134210  0.990953  0.000675  0.018463  0.001819  0.999828  0.000254  0.000235  -0.000246  -0.005214  0.091262  0.885263  2.000000  
199.123937 0.005732  0.093626  -0.012784  0.990612  0.135423  -0.018672  -0.135434  0.990786  0.000716  0.018597  0.001819  0.999825  0.000254  0.000235  -0.000246  -0.004858  0.091294  0.899210  2.000000  
199.125184 0.005733  0.093627  -0.012785  0.990411  0.136851  -0.018936  -0.136861  0.990590  0.000780  0.018864  0.001819  0.999820  0.000294  0.000238  -0.000217  -0.000297  0.099560  0.912478  2.000000  
199.126439 0.005733  0.093627  -0.012785  0.990238  0.138074  -0.019067  -0.138083  0.990420  0.000822  0.018998  0.001819  0.999818  0.000275  0.000208  -0.000273  -0.000238  0.104872  0.919940  2.000000  
199.127682 0.005733  0.093627  -0.012786  0.990036  0.139498  -0.019216  -0.139510  0.990220  0.000748  0.019132  0.001940  0.999815  0.000309  0.000208  -0.000240  -0.003675  0.104120  0.939912  2.000000  
199.128937 0.005734  0.093627  -0.012786  0.989858  0.140721  -0.019480  -0.140732  0.990047  0.000809  0.019400  0.001940  0.999810  0.000284  0.000184  -0.000264  0.000562  0.109540  0.947701  2.000000  
199.130183 0.005734  0.093627  -0.012787  0.989680  0.141944  -0.019611  -0.141954  0.989873  0.000852  0.019533  0.001940  0.999807  0.000347  0.000182  -0.000308  0.000743  0.113109  0.946751  2.000000  
199.131430 0.005734  0.093627  -0.012788  0.989502  0.143166  -0.019742  -0.143176  0.989697  0.000896  0.019667  0.001940  0.999805  0.000302  0.000176  -0.000332  0.000993  0.113151  0.953862  2.000000  
199.132439 0.005735  0.093628  -0.012788  0.989351  0.144184  -0.019874  -0.144194  0.989549  0.000935  0.019801  0.001940  0.999802  0.000338  0.000206  -0.000317  0.001181  0.117596  0.960496  2.000000  
199.133679 0.005735  0.093628  -0.012788  0.989137  0.145610  -0.020137  -0.145619  0.989340  0.001003  0.020068  0.001940  0.999797  0.000314  0.000173  -0.000368  0.001625  0.122095  0.974329  2.000000  
199.134688 0.005736  0.093628  -0.012789  0.988984  0.146628  -0.020268  -0.146637  0.989190  0.001043  0.020202  0.001940  0.999794  0.000359  0.000180  -0.000345  0.005653  0.127622  0.975244  2.000000  
