1-Time 2-Px 3-Py 4-Pz 5-R11 6-R21 7-R31 8-R12 9-R22 10-R32 11-R13 12-R23 13-R33 14-Vx 15-Vy 16-Vz 17-Wx 18-Wy 19-Wz 20-state 21-PR11 22-PR21 23-PR31 24-PR12 25-PR22 26-PR32 27-PR13 28-PR23 29-PR33 
56.629328 -0.001917  0.086094  -0.007696  0.995584  0.086209  -0.037143  -0.086919  0.996054  -0.017942  0.035449  0.021091  0.999149  0.000013  -0.000004  -0.000034  0.000000  0.000000  0.000000  2.000000  
56.630333 -0.001918  0.086094  -0.007697  0.995584  0.086209  -0.037143  -0.086919  0.996054  -0.017942  0.035449  0.021091  0.999149  -0.000005  -0.000031  -0.000084  0.000000  0.000000  0.000000  2.000000  
56.631333 -0.001919  0.086091  -0.007697  0.995567  0.086414  -0.037146  -0.087124  0.996036  -0.017934  0.035449  0.021091  0.999149  -0.000111  -0.000197  -0.000130  0.000000  0.000000  0.000000  2.000000  
56.632583 -0.001921  0.086087  -0.007698  0.995508  0.087026  -0.037290  -0.087738  0.995983  -0.017899  0.035583  0.021091  0.999144  -0.000260  -0.000480  -0.000181  0.000000  0.000000  0.000000  2.000000  
56.633584 -0.001923  0.086084  -0.007699  0.995490  0.087227  -0.037305  -0.087943  0.995963  -0.018012  0.035583  0.021212  0.999142  -0.000371  -0.000721  -0.000257  0.000000  0.000000  0.000000  2.000000  
56.634835 -0.001925  0.086080  -0.007700  0.995467  0.087429  -0.037442  -0.088148  0.995945  -0.017993  0.035717  0.021212  0.999137  -0.000481  -0.001003  -0.000279  0.000000  0.000000  0.000000  2.000000  
56.636086 -0.001927  0.086075  -0.007700  0.995421  0.087833  -0.037715  -0.088557  0.995909  -0.017954  0.035984  0.021212  0.999127  -0.000636  -0.001305  -0.000287  0.000000  0.000000  0.000000  2.000000  
56.637086 -0.001929  0.086072  -0.007700  0.995380  0.088241  -0.037856  -0.088966  0.995873  -0.017926  0.036118  0.021212  0.999122  -0.000772  -0.001537  -0.000295  0.000000  0.000000  0.000000  2.000000  
56.638332 -0.001930  0.086067  -0.007701  0.995296  0.089055  -0.038137  -0.089785  0.995801  -0.017871  0.036385  0.021211  0.999113  -0.000883  -0.001821  -0.000318  0.000000  0.000000  0.000000  2.000000  
56.639582 -0.001932  0.086063  -0.007703  0.995250  0.089455  -0.038421  -0.090194  0.995762  -0.017952  0.036653  0.021332  0.999100  -0.001006  -0.002112  -0.000436  0.000000  0.000000  0.000000  2.000000  
56.640586 -0.001934  0.086060  -0.007705  0.995189  0.090067  -0.038566  -0.090808  0.995707  -0.017916  0.036786  0.021332  0.999095  -0.001105  -0.002314  -0.000600  0.000000  0.000000  0.000000  2.000000  
56.641842 -0.001936  0.086056  -0.007707  0.995128  0.090679  -0.038710  -0.091422  0.995652  -0.017880  0.036920  0.021332  0.999091  -0.001251  -0.002539  -0.000744  0.000000  0.000000  0.000000  2.000000  
56.643084 -0.001939  0.086052  -0.007709  0.995066  0.091291  -0.038854  -0.092036  0.995596  -0.017844  0.037054  0.021332  0.999086  -0.001451  -0.002844  -0.000879  0.000000  0.000000  0.000000  2.000000  
56.644087 -0.001941  0.086048  -0.007711  0.995023  0.091698  -0.038994  -0.092446  0.995558  -0.017816  0.037187  0.021332  0.999081  -0.001617  -0.003154  -0.000982  -0.005719  0.071223  0.178264  2.000000  
56.645333 -0.001945  0.086040  -0.007714  0.994942  0.092510  -0.039153  -0.093264  0.995481  -0.017892  0.037321  0.021453  0.999073  -0.001885  -0.003613  -0.001173  -0.008710  0.075710  0.204176  2.000000  
56.646335 -0.001949  0.086034  -0.007716  0.994898  0.092917  -0.039294  -0.093674  0.995443  -0.017863  0.037455  0.021453  0.999068  -0.001996  -0.003853  -0.001249  -0.008264  0.081114  0.219562  2.000000  
56.647584 -0.001953  0.086026  -0.007717  0.994850  0.093317  -0.039579  -0.094082  0.995403  -0.017943  0.037722  0.021574  0.999055  -0.002101  -0.004061  -0.001240  -0.011794  0.085942  0.233354  2.000000  
56.648846 -0.001957  0.086018  -0.007718  0.994806  0.093719  -0.039730  -0.094491  0.995362  -0.018034  0.037856  0.021695  0.999048  -0.002249  -0.004315  -0.001244  -0.015085  0.090826  0.253800  2.000000  
56.650083 -0.001960  0.086010  -0.007718  0.994742  0.094331  -0.039875  -0.095105  0.995305  -0.017997  0.037990  0.021695  0.999043  -0.002291  -0.004570  -0.001220  -0.014314  0.095810  0.274568  2.000000  
56.651084 -0.001961  0.086002  -0.007718  0.994722  0.094535  -0.039878  -0.095310  0.995285  -0.017989  0.037990  0.021695  0.999043  -0.002307  -0.004875  -0.001210  -0.014059  0.095949  0.281456  2.000000  
56.652328 -0.001962  0.085994  -0.007718  0.994678  0.094938  -0.040030  -0.095719  0.995244  -0.018080  0.038123  0.021816  0.999035  -0.002212  -0.005138  -0.001169  -0.017612  0.100777  0.295235  2.000000  
56.653328 -0.001962  0.085987  -0.007718  0.994633  0.095340  -0.040182  -0.096128  0.995203  -0.018172  0.038257  0.021937  0.999027  -0.002122  -0.005376  -0.001138  -0.017084  0.105611  0.308965  2.000000  
56.654333 -0.001962  0.085980  -0.007718  0.994633  0.095340  -0.040182  -0.096128  0.995203  -0.018172  0.038257  0.021937  0.999027  -0.002043  -0.005606  -0.001041  -0.016951  0.104792  0.306568  2.000000  
56.655588 -0.001962  0.085972  -0.007718  0.994614  0.095540  -0.040198  -0.096333  0.995181  -0.018284  0.038257  0.022058  0.999024  -0.001882  -0.005908  -0.000855  -0.020909  0.105792  0.315911  2.000000  
56.656829 -0.001962  0.085963  -0.007718  0.994594  0.095740  -0.040213  -0.096538  0.995159  -0.018397  0.038257  0.022179  0.999022  -0.001701  -0.006192  -0.000691  -0.024537  0.105130  0.320287  2.000000  
56.657830 -0.001962  0.085956  -0.007717  0.994574  0.095940  -0.040228  -0.096743  0.995137  -0.018509  0.038257  0.022300  0.999019  -0.001582  -0.006551  -0.000536  -0.028526  0.101612  0.329752  2.000000  
56.658845 -0.001963  0.085948  -0.007716  0.994574  0.095935  -0.040240  -0.096743  0.995135  -0.018630  0.038257  0.022422  0.999016  -0.001447  -0.006757  -0.000390  -0.032588  0.101587  0.329598  2.000000  
56.660078 -0.001964  0.085938  -0.007715  0.994579  0.095933  -0.040119  -0.096743  0.995133  -0.018763  0.038123  0.022543  0.999019  -0.001298  -0.006919  -0.000144  -0.036407  0.096380  0.327200  2.000000  
56.661090 -0.001965  0.085930  -0.007714  0.994584  0.095931  -0.039997  -0.096744  0.995130  -0.018897  0.037990  0.022664  0.999021  -0.001081  -0.007023  0.000119  -0.041052  0.092525  0.323003  2.000000  
56.662337 -0.001967  0.085921  -0.007712  0.994589  0.095929  -0.039876  -0.096744  0.995127  -0.019031  0.037856  0.022786  0.999023  -0.000924  -0.007133  0.000350  -0.045894  0.083106  0.302483  2.000000  
56.663583 -0.001968  0.085912  -0.007710  0.994594  0.095922  -0.039766  -0.096744  0.995122  -0.019285  0.037722  0.023028  0.999023  -0.000730  -0.007207  0.000556  -0.049834  0.077871  0.293241  2.000000  
56.664584 -0.001969  0.085904  -0.007708  0.994619  0.095721  -0.039629  -0.096540  0.995142  -0.019306  0.037589  0.023028  0.999028  -0.000661  -0.007235  0.000709  -0.050760  0.069226  0.282074  2.000000  
56.665585 -0.001969  0.085897  -0.007706  0.994624  0.095719  -0.039508  -0.096541  0.995139  -0.019440  0.037455  0.023149  0.999030  -0.000563  -0.007243  0.000828  -0.055343  0.059941  0.268433  2.000000  
56.666835 -0.001970  0.085889  -0.007704  0.994644  0.095509  -0.039515  -0.096336  0.995156  -0.019569  0.037455  0.023271  0.999027  -0.000543  -0.007175  0.000957  -0.060151  0.050506  0.247901  2.000000  
56.667835 -0.001971  0.085883  -0.007703  0.994664  0.095300  -0.039523  -0.096131  0.995174  -0.019698  0.037455  0.023392  0.999025  -0.000588  -0.007140  0.001049  -0.065198  0.040899  0.220377  2.000000  
56.668844 -0.001972  0.085877  -0.007701  0.994669  0.095303  -0.039390  -0.096132  0.995173  -0.019710  0.037321  0.023392  0.999030  -0.000639  -0.007119  0.001183  -0.065180  0.031346  0.205093  2.000000  
56.670080 -0.001973  0.085870  -0.007697  0.994688  0.095093  -0.039397  -0.095927  0.995191  -0.019839  0.037321  0.023513  0.999027  -0.000706  -0.007054  0.001430  -0.066718  0.022018  0.179336  2.000000  
56.671081 -0.001973  0.085863  -0.007695  0.994688  0.095088  -0.039409  -0.095927  0.995188  -0.019960  0.037321  0.023634  0.999024  -0.000744  -0.007017  0.001517  0.000000  0.000000  0.000000  2.000000  
56.672328 -0.001975  0.085855  -0.007693  0.994713  0.094882  -0.039283  -0.095723  0.995205  -0.020102  0.037187  0.023756  0.999026  -0.000901  -0.006972  0.001651  0.000000  0.000000  0.000000  2.000000  
56.673329 -0.001978  0.085848  -0.007691  0.994713  0.094877  -0.039295  -0.095723  0.995203  -0.020222  0.037187  0.023877  0.999023  -0.001014  -0.006910  0.001745  0.000000  0.000000  0.000000  2.000000  
56.674332 -0.001980  0.085841  -0.007690  0.994738  0.094671  -0.039169  -0.095518  0.995219  -0.020364  0.037054  0.023998  0.999025  -0.001091  -0.006854  0.001764  0.000000  0.000000  0.000000  2.000000  
56.675584 -0.001982  0.085832  -0.007689  0.994738  0.094666  -0.039180  -0.095518  0.995217  -0.020485  0.037054  0.024119  0.999022  -0.001142  -0.006814  0.001744  0.000000  0.000000  0.000000  2.000000  
56.676856 -0.001984  0.085823  -0.007688  0.994738  0.094661  -0.039192  -0.095518  0.995214  -0.020605  0.037054  0.024240  0.999019  -0.001242  -0.006746  0.001671  0.000000  0.000000  0.000000  2.000000  
56.678082 -0.001986  0.085815  -0.007688  0.994738  0.094656  -0.039203  -0.095518  0.995212  -0.020726  0.037054  0.024362  0.999016  -0.001269  -0.006689  0.001537  0.000000  0.000000  0.000000  2.000000  
56.679088 -0.001988  0.085809  -0.007688  0.994733  0.094653  -0.039336  -0.095518  0.995212  -0.020713  0.037187  0.024361  0.999011  -0.001269  -0.006588  0.001398  0.000000  0.000000  0.000000  2.000000  
56.680330 -0.001989  0.085803  -0.007687  0.994733  0.094653  -0.039336  -0.095518  0.995212  -0.020713  0.037187  0.024361  0.999011  -0.001280  -0.006421  0.001252  0.000000  0.000000  0.000000  2.000000  
56.681334 -0.001989  0.085797  -0.007688  0.994733  0.094648  -0.039348  -0.095518  0.995210  -0.020834  0.037187  0.024483  0.999008  -0.001298  -0.006362  0.001095  0.000000  0.000000  0.000000  2.000000  
56.682583 -0.001990  0.085790  -0.007689  0.994728  0.094645  -0.039481  -0.095517  0.995210  -0.020821  0.037321  0.024482  0.999003  -0.001317  -0.006305  0.000938  0.000000  0.000000  0.000000  2.000000  
56.683586 -0.001991  0.085785  -0.007689  0.994728  0.094645  -0.039481  -0.095517  0.995210  -0.020821  0.037321  0.024482  0.999003  -0.001299  -0.006250  0.000810  0.000000  0.000000  0.000000  2.000000  
56.684836 -0.001992  0.085779  -0.007688  0.994723  0.094642  -0.039614  -0.095517  0.995210  -0.020808  0.037455  0.024482  0.998998  -0.001289  -0.006155  0.000627  0.000000  0.000000  0.000000  2.000000  
56.686080 -0.001993  0.085772  -0.007688  0.994723  0.094642  -0.039614  -0.095517  0.995210  -0.020808  0.037455  0.024482  0.998998  -0.001273  -0.006044  0.000479  0.000000  0.000000  0.000000  2.000000  
56.687082 -0.001993  0.085767  -0.007688  0.994698  0.094839  -0.039763  -0.095721  0.995189  -0.020908  0.037589  0.024603  0.998990  -0.001226  -0.005949  0.000320  0.000000  0.000000  0.000000  2.000000  
56.688084 -0.001994  0.085762  -0.007688  0.994698  0.094839  -0.039763  -0.095721  0.995189  -0.020908  0.037589  0.024603  0.998990  -0.001100  -0.005822  0.000210  0.000000  0.000000  0.000000  2.000000  
56.689329 -0.001995  0.085755  -0.007688  0.994693  0.094835  -0.039896  -0.095721  0.995189  -0.020895  0.037722  0.024603  0.998985  -0.001001  -0.005721  0.000092  0.000000  0.000000  0.000000  2.000000  
56.690585 -0.001995  0.085748  -0.007689  0.994693  0.094830  -0.039907  -0.095721  0.995186  -0.021016  0.037722  0.024724  0.998982  -0.000817  -0.005550  0.000009  0.000000  0.000000  0.000000  2.000000  
56.691829 -0.001994  0.085742  -0.007688  0.994693  0.094830  -0.039907  -0.095721  0.995186  -0.021016  0.037722  0.024724  0.998982  -0.000637  -0.005410  -0.000008  0.000000  0.000000  0.000000  2.000000  
56.692833 -0.001993  0.085738  -0.007687  0.994688  0.094827  -0.040040  -0.095720  0.995187  -0.021003  0.037856  0.024724  0.998977  -0.000482  -0.005244  0.000030  0.000000  0.000000  0.000000  2.000000  
56.693834 -0.001992  0.085733  -0.007687  0.994688  0.094827  -0.040040  -0.095720  0.995187  -0.021003  0.037856  0.024724  0.998977  -0.000334  -0.005161  0.000036  0.000000  0.000000  0.000000  2.000000  
56.694866 -0.001990  0.085730  -0.007686  0.994668  0.095032  -0.040045  -0.095925  0.995167  -0.020995  0.037856  0.024724  0.998977  -0.000126  -0.005000  0.000101  0.000000  0.000000  0.000000  2.000000  
56.696083 -0.001988  0.085725  -0.007685  0.994663  0.095029  -0.040178  -0.095924  0.995167  -0.020982  0.037990  0.024724  0.998972  0.000074  -0.004890  0.000154  0.000000  0.000000  0.000000  2.000000  
56.697339 -0.001986  0.085721  -0.007684  0.994663  0.095034  -0.040166  -0.095924  0.995170  -0.020861  0.037990  0.024603  0.998975  0.000293  -0.004708  0.000307  0.000000  0.000000  0.000000  2.000000  
56.698584 -0.001985  0.085716  -0.007683  0.994663  0.095034  -0.040166  -0.095924  0.995170  -0.020861  0.037990  0.024603  0.998975  0.000431  -0.004609  0.000404  0.000000  0.000000  0.000000  2.000000  
56.699837 -0.001983  0.085711  -0.007682  0.994663  0.095034  -0.040166  -0.095924  0.995170  -0.020861  0.037990  0.024603  0.998975  0.000601  -0.004549  0.000459  0.000000  0.000000  0.000000  2.000000  
56.700838 -0.001982  0.085706  -0.007681  0.994663  0.095034  -0.040166  -0.095924  0.995170  -0.020861  0.037990  0.024603  0.998975  0.000708  -0.004480  0.000481  0.000000  0.000000  0.000000  2.000000  
56.701838 -0.001981  0.085702  -0.007680  0.994663  0.095039  -0.040155  -0.095924  0.995173  -0.020741  0.037990  0.024482  0.998978  0.000840  -0.004410  0.000564  0.000000  0.000000  0.000000  2.000000  
56.703078 -0.001980  0.085697  -0.007678  0.994668  0.095042  -0.040022  -0.095925  0.995172  -0.020754  0.037856  0.024482  0.998983  0.000925  -0.004337  0.000673  0.000000  0.000000  0.000000  2.000000  
56.704085 -0.001980  0.085693  -0.007676  0.994688  0.094837  -0.040017  -0.095720  0.995192  -0.020762  0.037856  0.024482  0.998983  0.001032  -0.004182  0.000837  0.000000  0.000000  0.000000  2.000000  
56.705329 -0.001979  0.085689  -0.007674  0.994688  0.094837  -0.040017  -0.095720  0.995192  -0.020762  0.037856  0.024482  0.998983  0.001093  -0.004029  0.001027  0.000000  0.000000  0.000000  2.000000  
56.706331 -0.001978  0.085686  -0.007671  0.994688  0.094837  -0.040017  -0.095720  0.995192  -0.020762  0.037856  0.024482  0.998983  0.001098  -0.003903  0.001146  0.000000  0.000000  0.000000  2.000000  
56.707579 -0.001976  0.085682  -0.007668  0.994688  0.094842  -0.040006  -0.095720  0.995194  -0.020641  0.037856  0.024361  0.998986  0.001177  -0.003775  0.001308  0.000000  0.000000  0.000000  2.000000  
56.708584 -0.001974  0.085679  -0.007666  0.994688  0.094842  -0.040006  -0.095720  0.995194  -0.020641  0.037856  0.024361  0.998986  0.001201  -0.003678  0.001393  0.000000  0.000000  0.000000  2.000000  
56.709829 -0.001974  0.085676  -0.007664  0.994688  0.094842  -0.040006  -0.095720  0.995194  -0.020641  0.037856  0.024361  0.998986  0.001102  -0.003621  0.001480  0.000000  0.000000  0.000000  2.000000  
56.710838 -0.001973  0.085673  -0.007662  0.994688  0.094847  -0.039994  -0.095720  0.995197  -0.020520  0.037856  0.024240  0.998989  0.001042  -0.003531  0.001547  0.000000  0.000000  0.000000  2.000000  
56.711839 -0.001972  0.085670  -0.007660  0.994688  0.094847  -0.039994  -0.095720  0.995197  -0.020520  0.037856  0.024240  0.998989  0.000950  -0.003459  0.001596  0.000000  0.000000  0.000000  2.000000  
56.713104 -0.001972  0.085666  -0.007659  0.994688  0.094847  -0.039994  -0.095720  0.995197  -0.020520  0.037856  0.024240  0.998989  0.000860  -0.003397  0.001647  0.000000  0.000000  0.000000  2.000000  
56.714333 -0.001972  0.085662  -0.007657  0.994688  0.094847  -0.039994  -0.095720  0.995197  -0.020520  0.037856  0.024240  0.998989  0.000760  -0.003384  0.001653  0.000000  0.000000  0.000000  2.000000  
56.715333 -0.001972  0.085659  -0.007657  0.994688  0.094851  -0.039983  -0.095720  0.995199  -0.020400  0.037856  0.024118  0.998992  0.000645  -0.003339  0.001652  0.000000  0.000000  0.000000  2.000000  
56.716335 -0.001973  0.085655  -0.007656  0.994688  0.094851  -0.039983  -0.095720  0.995199  -0.020400  0.037856  0.024118  0.998992  0.000530  -0.003283  0.001642  0.000000  0.000000  0.000000  2.000000  
56.717584 -0.001974  0.085650  -0.007655  0.994688  0.094851  -0.039983  -0.095720  0.995199  -0.020400  0.037856  0.024118  0.998992  0.000391  -0.003231  0.001571  0.000000  0.000000  0.000000  2.000000  
56.718585 -0.001975  0.085647  -0.007655  0.994668  0.095056  -0.039987  -0.095925  0.995180  -0.020391  0.037856  0.024118  0.998992  0.000302  -0.003186  0.001495  0.000000  0.000000  0.000000  2.000000  
56.719837 -0.001976  0.085643  -0.007654  0.994668  0.095061  -0.039976  -0.095925  0.995182  -0.020271  0.037856  0.023997  0.998995  0.000202  -0.003188  0.001375  0.000000  0.000000  0.000000  2.000000  
56.721080 -0.001976  0.085639  -0.007654  0.994668  0.095061  -0.039976  -0.095925  0.995182  -0.020271  0.037856  0.023997  0.998995  0.000088  -0.003191  0.001195  0.000000  0.000000  0.000000  2.000000  
56.722333 -0.001977  0.085635  -0.007654  0.994668  0.095061  -0.039976  -0.095925  0.995182  -0.020271  0.037856  0.023997  0.998995  -0.000112  -0.003209  0.000923  0.000000  0.000000  0.000000  2.000000  
56.723334 -0.001978  0.085632  -0.007655  0.994668  0.095061  -0.039976  -0.095925  0.995182  -0.020271  0.037856  0.023997  0.998995  -0.000231  -0.003242  0.000752  0.000000  0.000000  0.000000  2.000000  
56.724582 -0.001979  0.085628  -0.007656  0.994663  0.095058  -0.040109  -0.095924  0.995182  -0.020258  0.037990  0.023997  0.998990  -0.000363  -0.003226  0.000561  0.000000  0.000000  0.000000  2.000000  
56.725833 -0.001981  0.085624  -0.007657  0.994663  0.095058  -0.040109  -0.095924  0.995182  -0.020258  0.037990  0.023997  0.998990  -0.000498  -0.003251  0.000375  0.000000  0.000000  0.000000  2.000000  
56.726856 -0.001982  0.085621  -0.007658  0.994663  0.095058  -0.040109  -0.095924  0.995182  -0.020258  0.037990  0.023997  0.998990  -0.000644  -0.003261  0.000180  0.000000  0.000000  0.000000  2.000000  
56.728083 -0.001984  0.085617  -0.007658  0.994683  0.094853  -0.040104  -0.095720  0.995202  -0.020266  0.037990  0.023997  0.998990  -0.000790  -0.003290  0.000034  0.000000  0.000000  0.000000  2.000000  
56.729088 -0.001986  0.085614  -0.007659  0.994683  0.094853  -0.040104  -0.095720  0.995202  -0.020266  0.037990  0.023997  0.998990  -0.000928  -0.003249  -0.000124  0.000000  0.000000  0.000000  2.000000  
56.730333 -0.001989  0.085610  -0.007660  0.994683  0.094853  -0.040104  -0.095720  0.995202  -0.020266  0.037990  0.023997  0.998990  -0.001086  -0.003227  -0.000248  0.000000  0.000000  0.000000  2.000000  
56.731333 -0.001991  0.085607  -0.007661  0.994683  0.094853  -0.040104  -0.095720  0.995202  -0.020266  0.037990  0.023997  0.998990  -0.001161  -0.003200  -0.000351  0.000000  0.000000  0.000000  2.000000  
56.732583 -0.001993  0.085603  -0.007662  0.994683  0.094848  -0.040116  -0.095720  0.995200  -0.020387  0.037990  0.024118  0.998987  -0.001272  -0.003158  -0.000488  0.000000  0.000000  0.000000  2.000000  
56.733839 -0.001996  0.085599  -0.007664  0.994683  0.094848  -0.040116  -0.095720  0.995200  -0.020387  0.037990  0.024118  0.998987  -0.001341  -0.003097  -0.000640  0.000000  0.000000  0.000000  2.000000  
56.735085 -0.001999  0.085596  -0.007665  0.994683  0.094848  -0.040116  -0.095720  0.995200  -0.020387  0.037990  0.024118  0.998987  -0.001503  -0.003054  -0.000776  0.000000  0.000000  0.000000  2.000000  
56.736328 -0.002001  0.085593  -0.007667  0.994683  0.094848  -0.040116  -0.095720  0.995200  -0.020387  0.037990  0.024118  0.998987  -0.001633  -0.002979  -0.000884  0.000000  0.000000  0.000000  2.000000  
56.737331 -0.002003  0.085591  -0.007669  0.994678  0.094845  -0.040249  -0.095719  0.995200  -0.020374  0.038123  0.024118  0.998982  -0.001714  -0.002956  -0.000950  0.000000  0.000000  0.000000  2.000000  
56.738585 -0.002006  0.085588  -0.007670  0.994678  0.094845  -0.040249  -0.095719  0.995200  -0.020374  0.038123  0.024118  0.998982  -0.001845  -0.002855  -0.000986  0.000000  0.000000  0.000000  2.000000  
56.739878 -0.002009  0.085585  -0.007671  0.994683  0.094848  -0.040116  -0.095720  0.995200  -0.020387  0.037990  0.024118  0.998987  -0.001985  -0.002814  -0.001011  0.000000  0.000000  0.000000  2.000000  
56.741079 -0.002012  0.085582  -0.007673  0.994683  0.094848  -0.040116  -0.095720  0.995200  -0.020387  0.037990  0.024118  0.998987  -0.002089  -0.002749  -0.001057  0.000000  0.000000  0.000000  2.000000  
56.742083 -0.002015  0.085580  -0.007674  0.994683  0.094848  -0.040116  -0.095720  0.995200  -0.020387  0.037990  0.024118  0.998987  -0.002202  -0.002695  -0.001067  0.000000  0.000000  0.000000  2.000000  
56.743328 -0.002019  0.085578  -0.007674  0.994683  0.094843  -0.040127  -0.095720  0.995197  -0.020508  0.037990  0.024240  0.998984  -0.002290  -0.002594  -0.001067  0.000000  0.000000  0.000000  2.000000  
56.744336 -0.002021  0.085576  -0.007675  0.994683  0.094843  -0.040127  -0.095720  0.995197  -0.020508  0.037990  0.024240  0.998984  -0.002311  -0.002468  -0.001065  0.000000  0.000000  0.000000  2.000000  
56.745587 -0.002025  0.085574  -0.007676  0.994683  0.094843  -0.040127  -0.095720  0.995197  -0.020508  0.037990  0.024240  0.998984  -0.002400  -0.002364  -0.001065  0.000000  0.000000  0.000000  2.000000  
56.746835 -0.002028  0.085572  -0.007677  0.994683  0.094843  -0.040127  -0.095720  0.995197  -0.020508  0.037990  0.024240  0.998984  -0.002436  -0.002228  -0.001081  0.000000  0.000000  0.000000  2.000000  
56.747836 -0.002031  0.085570  -0.007678  0.994683  0.094838  -0.040139  -0.095720  0.995195  -0.020628  0.037990  0.024361  0.998981  -0.002465  -0.002115  -0.001035  0.000000  0.000000  0.000000  2.000000  
56.748847 -0.002033  0.085570  -0.007679  0.994683  0.094838  -0.040139  -0.095720  0.995195  -0.020628  0.037990  0.024361  0.998981  -0.002459  -0.001940  -0.000980  0.000000  0.000000  0.000000  2.000000  
56.750082 -0.002036  0.085568  -0.007679  0.994683  0.094838  -0.040139  -0.095720  0.995195  -0.020628  0.037990  0.024361  0.998981  -0.002465  -0.001832  -0.000927  0.000000  0.000000  0.000000  2.000000  
56.751083 -0.002038  0.085567  -0.007680  0.994683  0.094838  -0.040139  -0.095720  0.995195  -0.020628  0.037990  0.024361  0.998981  -0.002488  -0.001736  -0.000868  0.000000  0.000000  0.000000  2.000000  
56.752333 -0.002041  0.085567  -0.007681  0.994683  0.094838  -0.040139  -0.095720  0.995195  -0.020628  0.037990  0.024361  0.998981  -0.002523  -0.001606  -0.000789  0.000000  0.000000  0.000000  2.000000  
56.753580 -0.002043  0.085566  -0.007681  0.994683  0.094838  -0.040139  -0.095720  0.995195  -0.020628  0.037990  0.024361  0.998981  -0.002476  -0.001506  -0.000744  0.000000  0.000000  0.000000  2.000000  
56.754581 -0.002045  0.085565  -0.007682  0.994683  0.094838  -0.040139  -0.095720  0.995195  -0.020628  0.037990  0.024361  0.998981  -0.002450  -0.001393  -0.000733  0.000000  0.000000  0.000000  2.000000  
56.755587 -0.002047  0.085564  -0.007683  0.994683  0.094838  -0.040139  -0.095720  0.995195  -0.020628  0.037990  0.024361  0.998981  -0.002378  -0.001298  -0.000748  0.000000  0.000000  0.000000  2.000000  
56.756834 -0.002050  0.085563  -0.007684  0.994683  0.094838  -0.040139  -0.095720  0.995195  -0.020628  0.037990  0.024361  0.998981  -0.002353  -0.001230  -0.000755  0.000000  0.000000  0.000000  2.000000  
56.757836 -0.002051  0.085561  -0.007685  0.994683  0.094838  -0.040139  -0.095720  0.995195  -0.020628  0.037990  0.024361  0.998981  -0.002247  -0.001141  -0.000772  0.000000  0.000000  0.000000  2.000000  
56.758843 -0.002052  0.085561  -0.007686  0.994683  0.094838  -0.040139  -0.095720  0.995195  -0.020628  0.037990  0.024361  0.998981  -0.002146  -0.001050  -0.000760  0.000000  0.000000  0.000000  2.000000  
56.760082 -0.002054  0.085560  -0.007687  0.994683  0.094838  -0.040139  -0.095720  0.995195  -0.020628  0.037990  0.024361  0.998981  -0.002074  -0.000991  -0.000773  0.000000  0.000000  0.000000  2.000000  
56.761085 -0.002056  0.085559  -0.007688  0.994663  0.095043  -0.040143  -0.095924  0.995175  -0.020620  0.037990  0.024361  0.998981  -0.001964  -0.000897  -0.000790  0.000000  0.000000  0.000000  2.000000  
56.762085 -0.002056  0.085559  -0.007689  0.994663  0.095043  -0.040143  -0.095924  0.995175  -0.020620  0.037990  0.024361  0.998981  -0.001832  -0.000783  -0.000760  0.000000  0.000000  0.000000  2.000000  
56.763332 -0.002058  0.085559  -0.007690  0.994663  0.095043  -0.040143  -0.095924  0.995175  -0.020620  0.037990  0.024361  0.998981  -0.001727  -0.000728  -0.000744  0.000000  0.000000  0.000000  2.000000  
56.764586 -0.002059  0.085559  -0.007690  0.994663  0.095043  -0.040143  -0.095924  0.995175  -0.020620  0.037990  0.024361  0.998981  -0.001599  -0.000678  -0.000741  0.000000  0.000000  0.000000  2.000000  
56.765842 -0.002059  0.085558  -0.007691  0.994663  0.095043  -0.040143  -0.095924  0.995175  -0.020620  0.037990  0.024361  0.998981  -0.001440  -0.000615  -0.000725  0.000000  0.000000  0.000000  2.000000  
56.767083 -0.002060  0.085558  -0.007691  0.994663  0.095043  -0.040143  -0.095924  0.995175  -0.020620  0.037990  0.024361  0.998981  -0.001327  -0.000572  -0.000694  0.000000  0.000000  0.000000  2.000000  
56.768333 -0.002061  0.085558  -0.007691  0.994663  0.095043  -0.040143  -0.095924  0.995175  -0.020620  0.037990  0.024361  0.998981  -0.001220  -0.000505  -0.000672  0.000000  0.000000  0.000000  2.000000  
56.769337 -0.002061  0.085557  -0.007692  0.994663  0.095039  -0.040155  -0.095924  0.995173  -0.020741  0.037990  0.024482  0.998978  -0.001125  -0.000490  -0.000693  0.000000  0.000000  0.000000  2.000000  
56.770583 -0.002062  0.085557  -0.007693  0.994663  0.095039  -0.040155  -0.095924  0.995173  -0.020741  0.037990  0.024482  0.998978  -0.001008  -0.000436  -0.000617  0.000000  0.000000  0.000000  2.000000  
56.771837 -0.002063  0.085556  -0.007693  0.994663  0.095039  -0.040155  -0.095924  0.995173  -0.020741  0.037990  0.024482  0.998978  -0.000873  -0.000400  -0.000568  0.000000  0.000000  0.000000  2.000000  
56.772843 -0.002063  0.085556  -0.007693  0.994663  0.095039  -0.040155  -0.095924  0.995173  -0.020741  0.037990  0.024482  0.998978  -0.000797  -0.000400  -0.000511  0.000000  0.000000  0.000000  2.000000  
56.774081 -0.002063  0.085556  -0.007693  0.994663  0.095039  -0.040155  -0.095924  0.995173  -0.020741  0.037990  0.024482  0.998978  -0.000692  -0.000324  -0.000449  0.000000  0.000000  0.000000  2.000000  
56.775328 -0.002064  0.085555  -0.007693  0.994663  0.095039  -0.040155  -0.095924  0.995173  -0.020741  0.037990  0.024482  0.998978  -0.000587  -0.000301  -0.000375  0.000000  0.000000  0.000000  2.000000  
56.776329 -0.002063  0.085555  -0.007693  0.994663  0.095043  -0.040143  -0.095924  0.995175  -0.020620  0.037990  0.024361  0.998981  -0.000482  -0.000278  -0.000301  0.000000  0.000000  0.000000  2.000000  
56.777335 -0.002063  0.085555  -0.007693  0.994663  0.095043  -0.040143  -0.095924  0.995175  -0.020620  0.037990  0.024361  0.998981  -0.000414  -0.000255  -0.000255  0.000000  0.000000  0.000000  2.000000  
56.778585 -0.002063  0.085555  -0.007693  0.994663  0.095043  -0.040143  -0.095924  0.995175  -0.020620  0.037990  0.024361  0.998981  -0.000345  -0.000259  -0.000202  0.000000  0.000000  0.000000  2.000000  
56.779835 -0.002063  0.085555  -0.007693  0.994663  0.095043  -0.040143  -0.095924  0.995175  -0.020620  0.037990  0.024361  0.998981  -0.000302  -0.000255  -0.000171  0.000000  0.000000  0.000000  2.000000  
56.780836 -0.002063  0.085555  -0.007693  0.994663  0.095043  -0.040143  -0.095924  0.995175  -0.020620  0.037990  0.024361  0.998981  -0.000265  -0.000255  -0.000143  0.000000  0.000000  0.000000  2.000000  
56.781837 -0.002063  0.085555  -0.007693  0.994663  0.095043  -0.040143  -0.095924  0.995175  -0.020620  0.037990  0.024361  0.998981  -0.000187  -0.000240  -0.000133  0.000000  0.000000  0.000000  2.000000  
56.783083 -0.002063  0.085554  -0.007692  0.994663  0.095043  -0.040143  -0.095924  0.995175  -0.020620  0.037990  0.024361  0.998981  -0.000156  -0.000260  -0.000060  0.000000  0.000000  0.000000  2.000000  
56.784333 -0.002063  0.085554  -0.007691  0.994663  0.095043  -0.040143  -0.095924  0.995175  -0.020620  0.037990  0.024361  0.998981  -0.000111  -0.000224  0.000053  0.000000  0.000000  0.000000  2.000000  
56.785583 -0.002063  0.085554  -0.007691  0.994663  0.095043  -0.040143  -0.095924  0.995175  -0.020620  0.037990  0.024361  0.998981  -0.000086  -0.000220  0.000114  0.000000  0.000000  0.000000  2.000000  
56.786834 -0.002063  0.085554  -0.007690  0.994663  0.095043  -0.040143  -0.095924  0.995175  -0.020620  0.037990  0.024361  0.998981  -0.000007  -0.000147  0.000202  0.000000  0.000000  0.000000  2.000000  
56.787834 -0.002063  0.085554  -0.007690  0.994663  0.095043  -0.040143  -0.095924  0.995175  -0.020620  0.037990  0.024361  0.998981  0.000005  -0.000097  0.000243  0.000000  0.000000  0.000000  2.000000  
56.788844 -0.002063  0.085554  -0.007689  0.994663  0.095043  -0.040143  -0.095924  0.995175  -0.020620  0.037990  0.024361  0.998981  0.000030  -0.000094  0.000309  0.000000  0.000000  0.000000  2.000000  
56.790082 -0.002063  0.085554  -0.007688  0.994663  0.095043  -0.040143  -0.095924  0.995175  -0.020620  0.037990  0.024361  0.998981  0.000049  -0.000066  0.000362  0.000000  0.000000  0.000000  2.000000  
56.791083 -0.002063  0.085555  -0.007687  0.994663  0.095043  -0.040143  -0.095924  0.995175  -0.020620  0.037990  0.024361  0.998981  0.000029  -0.000039  0.000385  0.000000  0.000000  0.000000  2.000000  
56.792331 -0.002062  0.085555  -0.007687  0.994663  0.095043  -0.040143  -0.095924  0.995175  -0.020620  0.037990  0.024361  0.998981  0.000060  -0.000015  0.000397  0.000000  0.000000  0.000000  2.000000  
56.793333 -0.002062  0.085555  -0.007687  0.994663  0.095043  -0.040143  -0.095924  0.995175  -0.020620  0.037990  0.024361  0.998981  0.000041  0.000012  0.000428  0.000000  0.000000  0.000000  2.000000  
56.794337 -0.002062  0.085555  -0.007686  0.994663  0.095043  -0.040143  -0.095924  0.995175  -0.020620  0.037990  0.024361  0.998981  0.000073  0.000036  0.000446  0.000000  0.000000  0.000000  2.000000  
56.795590 -0.002062  0.085555  -0.007686  0.994663  0.095043  -0.040143  -0.095924  0.995175  -0.020620  0.037990  0.024361  0.998981  0.000053  0.000064  0.000470  0.000000  0.000000  0.000000  2.000000  
56.796835 -0.002062  0.085556  -0.007685  0.994663  0.095043  -0.040143  -0.095924  0.995175  -0.020620  0.037990  0.024361  0.998981  0.000040  0.000067  0.000495  0.000000  0.000000  0.000000  2.000000  
56.797838 -0.002062  0.085556  -0.007684  0.994663  0.095043  -0.040143  -0.095924  0.995175  -0.020620  0.037990  0.024361  0.998981  0.000052  0.000119  0.000546  0.000000  0.000000  0.000000  2.000000  
56.798847 -0.002062  0.085556  -0.007684  0.994663  0.095043  -0.040143  -0.095924  0.995175  -0.020620  0.037990  0.024361  0.998981  0.000046  0.000143  0.000535  0.000000  0.000000  0.000000  2.000000  
56.800082 -0.002063  0.085556  -0.007683  0.994663  0.095043  -0.040143  -0.095924  0.995175  -0.020620  0.037990  0.024361  0.998981  0.000045  0.000140  0.000527  0.000000  0.000000  0.000000  2.000000  
56.801083 -0.002062  0.085557  -0.007682  0.994663  0.095043  -0.040143  -0.095924  0.995175  -0.020620  0.037990  0.024361  0.998981  0.000039  0.000166  0.000526  0.000000  0.000000  0.000000  2.000000  
56.802330 -0.002062  0.085557  -0.007682  0.994663  0.095043  -0.040143  -0.095924  0.995175  -0.020620  0.037990  0.024361  0.998981  0.000045  0.000183  0.000474  0.000000  0.000000  0.000000  2.000000  
56.803331 -0.002063  0.085557  -0.007682  0.994663  0.095043  -0.040143  -0.095924  0.995175  -0.020620  0.037990  0.024361  0.998981  0.000008  0.000186  0.000454  0.000000  0.000000  0.000000  2.000000  
56.804581 -0.002062  0.085557  -0.007681  0.994663  0.095043  -0.040143  -0.095924  0.995175  -0.020620  0.037990  0.024361  0.998981  0.000039  0.000206  0.000464  0.000000  0.000000  0.000000  2.000000  
56.805586 -0.002063  0.085558  -0.007681  0.994663  0.095043  -0.040143  -0.095924  0.995175  -0.020620  0.037990  0.024361  0.998981  0.000002  0.000210  0.000444  0.000000  0.000000  0.000000  2.000000  
56.806834 -0.002063  0.085558  -0.007680  0.994663  0.095043  -0.040143  -0.095924  0.995175  -0.020620  0.037990  0.024361  0.998981  -0.000042  0.000187  0.000451  0.000000  0.000000  0.000000  2.000000  
56.807834 -0.002063  0.085558  -0.007680  0.994663  0.095043  -0.040143  -0.095924  0.995175  -0.020620  0.037990  0.024361  0.998981  -0.000043  0.000190  0.000459  0.000000  0.000000  0.000000  2.000000  
56.808844 -0.002063  0.085558  -0.007679  0.994663  0.095043  -0.040143  -0.095924  0.995175  -0.020620  0.037990  0.024361  0.998981  -0.000086  0.000168  0.000467  0.000000  0.000000  0.000000  2.000000  
56.810081 -0.002064  0.085558  -0.007678  0.994663  0.095043  -0.040143  -0.095924  0.995175  -0.020620  0.037990  0.024361  0.998981  -0.000098  0.000172  0.000500  0.000000  0.000000  0.000000  2.000000  
56.811086 -0.002064  0.085558  -0.007678  0.994668  0.095047  -0.040010  -0.095925  0.995175  -0.020633  0.037856  0.024361  0.998986  -0.000094  0.000151  0.000518  0.000000  0.000000  0.000000  2.000000  
56.812337 -0.002064  0.085558  -0.007677  0.994668  0.095047  -0.040010  -0.095925  0.995175  -0.020633  0.037856  0.024361  0.998986  -0.000107  0.000155  0.000552  0.000000  0.000000  0.000000  2.000000  
56.813583 -0.002064  0.085558  -0.007676  0.994668  0.095047  -0.040010  -0.095925  0.995175  -0.020633  0.037856  0.024361  0.998986  -0.000129  0.000106  0.000535  0.000000  0.000000  0.000000  2.000000  
56.814585 -0.002064  0.085558  -0.007676  0.994668  0.095047  -0.040010  -0.095925  0.995175  -0.020633  0.037856  0.024361  0.998986  -0.000119  0.000104  0.000510  0.000000  0.000000  0.000000  2.000000  
56.815585 -0.002065  0.085557  -0.007675  0.994668  0.095047  -0.040010  -0.095925  0.995175  -0.020633  0.037856  0.024361  0.998986  -0.000125  0.000084  0.000554  0.000000  0.000000  0.000000  2.000000  
56.816835 -0.002065  0.085557  -0.007674  0.994649  0.095251  -0.040014  -0.096130  0.995155  -0.020625  0.037856  0.024361  0.998986  -0.000141  0.000013  0.000546  0.000000  0.000000  0.000000  2.000000  
56.817844 -0.002065  0.085557  -0.007674  0.994649  0.095251  -0.040014  -0.096130  0.995155  -0.020625  0.037856  0.024361  0.998986  -0.000143  0.000013  0.000555  0.000000  0.000000  0.000000  2.000000  
56.819082 -0.002065  0.085557  -0.007673  0.994649  0.095251  -0.040014  -0.096130  0.995155  -0.020625  0.037856  0.024361  0.998986  -0.000150  -0.000006  0.000599  0.000000  0.000000  0.000000  2.000000  
56.820337 -0.002065  0.085557  -0.007672  0.994649  0.095251  -0.040014  -0.096130  0.995155  -0.020625  0.037856  0.024361  0.998986  -0.000168  -0.000077  0.000601  0.000000  0.000000  0.000000  2.000000  
56.821584 -0.002066  0.085556  -0.007671  0.994654  0.095255  -0.039881  -0.096130  0.995155  -0.020637  0.037722  0.024361  0.998991  -0.000206  -0.000120  0.000626  0.000000  0.000000  0.000000  2.000000  
56.822584 -0.002066  0.085556  -0.007671  0.994654  0.095255  -0.039881  -0.096130  0.995155  -0.020637  0.037722  0.024361  0.998991  -0.000206  -0.000120  0.000626  0.000000  0.000000  0.000000  2.000000  
56.823829 -0.002066  0.085556  -0.007669  0.994654  0.095255  -0.039881  -0.096130  0.995155  -0.020637  0.037722  0.024361  0.998991  -0.000209  -0.000138  0.000659  0.000000  0.000000  0.000000  2.000000  
56.824829 -0.002067  0.085555  -0.007669  0.994654  0.095255  -0.039881  -0.096130  0.995155  -0.020637  0.037722  0.024361  0.998991  -0.000234  -0.000184  0.000651  0.000000  0.000000  0.000000  2.000000  
56.825846 -0.002067  0.085555  -0.007668  0.994654  0.095255  -0.039881  -0.096130  0.995155  -0.020637  0.037722  0.024361  0.998991  -0.000238  -0.000187  0.000661  0.000000  0.000000  0.000000  2.000000  
56.827085 -0.002067  0.085555  -0.007667  0.994654  0.095255  -0.039881  -0.096130  0.995155  -0.020637  0.037722  0.024361  0.998991  -0.000225  -0.000191  0.000628  0.000000  0.000000  0.000000  2.000000  
56.828334 -0.002068  0.085555  -0.007666  0.994659  0.095258  -0.039748  -0.096131  0.995154  -0.020650  0.037589  0.024361  0.998996  -0.000238  -0.000187  0.000661  0.000000  0.000000  0.000000  2.000000  
56.829583 -0.002068  0.085555  -0.007666  0.994659  0.095258  -0.039748  -0.096131  0.995154  -0.020650  0.037589  0.024361  0.998996  -0.000227  -0.000207  0.000660  0.000000  0.000000  0.000000  2.000000  
56.830587 -0.002068  0.085555  -0.007665  0.994639  0.095463  -0.039753  -0.096335  0.995135  -0.020642  0.037589  0.024361  0.998996  -0.000238  -0.000187  0.000661  0.000000  0.000000  0.000000  2.000000  
56.831835 -0.002068  0.085555  -0.007664  0.994639  0.095463  -0.039753  -0.096335  0.995135  -0.020642  0.037589  0.024361  0.998996  -0.000200  -0.000144  0.000636  0.000000  0.000000  0.000000  2.000000  
56.832835 -0.002068  0.085555  -0.007664  0.994639  0.095463  -0.039753  -0.096335  0.995135  -0.020642  0.037589  0.024361  0.998996  -0.000203  -0.000161  0.000669  0.000000  0.000000  0.000000  2.000000  
56.833844 -0.002068  0.085555  -0.007663  0.994639  0.095463  -0.039753  -0.096335  0.995135  -0.020642  0.037589  0.024361  0.998996  -0.000200  -0.000144  0.000635  0.000000  0.000000  0.000000  2.000000  
56.835083 -0.002068  0.085555  -0.007662  0.994644  0.095466  -0.039619  -0.096336  0.995135  -0.020655  0.037455  0.024361  0.999001  -0.000188  -0.000093  0.000678  0.000000  0.000000  0.000000  2.000000  
56.836086 -0.002068  0.085555  -0.007661  0.994644  0.095466  -0.039619  -0.096336  0.995135  -0.020655  0.037455  0.024361  0.999001  -0.000156  -0.000069  0.000696  0.000000  0.000000  0.000000  2.000000  
56.837331 -0.002068  0.085555  -0.007661  0.994644  0.095466  -0.039619  -0.096336  0.995135  -0.020655  0.037455  0.024361  0.999001  -0.000141  -0.000072  0.000652  0.000000  0.000000  0.000000  2.000000  
56.838331 -0.002068  0.085555  -0.007660  0.994644  0.095466  -0.039619  -0.096336  0.995135  -0.020655  0.037455  0.024361  0.999001  -0.000137  -0.000053  0.000619  0.000000  0.000000  0.000000  2.000000  
56.839588 -0.002068  0.085555  -0.007660  0.994644  0.095466  -0.039619  -0.096336  0.995135  -0.020655  0.037455  0.024361  0.999001  -0.000081  0.000017  0.000645  0.000000  0.000000  0.000000  2.000000  
56.840834 -0.002068  0.085556  -0.007659  0.994629  0.095674  -0.039491  -0.096541  0.995115  -0.020660  0.037321  0.024361  0.999006  -0.000042  0.000060  0.000610  0.000000  0.000000  0.000000  2.000000  
56.842082 -0.002068  0.085556  -0.007658  0.994629  0.095674  -0.039491  -0.096541  0.995115  -0.020660  0.037321  0.024361  0.999006  -0.000011  0.000083  0.000628  0.000000  0.000000  0.000000  2.000000  
56.843328 -0.002067  0.085557  -0.007657  0.994629  0.095674  -0.039491  -0.096541  0.995115  -0.020660  0.037321  0.024361  0.999006  0.000019  0.000148  0.000594  0.000000  0.000000  0.000000  2.000000  
56.844336 -0.002067  0.085557  -0.007657  0.994629  0.095674  -0.039491  -0.096541  0.995115  -0.020660  0.037321  0.024361  0.999006  0.000045  0.000198  0.000612  0.000000  0.000000  0.000000  2.000000  
56.845590 -0.002067  0.085558  -0.007656  0.994629  0.095674  -0.039491  -0.096541  0.995115  -0.020660  0.037321  0.024361  0.999006  0.000076  0.000222  0.000630  0.000000  0.000000  0.000000  2.000000  
