1-Time 2-Px 3-Py 4-Pz 5-R11 6-R21 7-R31 8-R12 9-R22 10-R32 11-R13 12-R23 13-R33 14-Vx 15-Vy 16-Vz 17-Wx 18-Wy 19-Wz 20-state 21-PR11 22-PR21 23-PR31 24-PR12 25-PR22 26-PR32 27-PR13 28-PR23 29-PR33 
197.465390 0.018843  0.097906  -0.013980  0.990973  0.100310  -0.088936  0.078094  0.107270  0.991158  0.108963  -0.989157  0.098468  -0.001332  -0.000488  -0.001398  0.062721  0.364574  -0.222199  2.000000  
197.466394 0.018841  0.097905  -0.013981  0.990972  0.100166  -0.089114  0.078299  0.107160  0.991154  0.108830  -0.989183  0.098350  -0.001398  -0.000483  -0.001351  0.067614  0.357710  -0.221461  2.000000  
197.467646 0.018844  0.097906  -0.013981  0.990970  0.100012  -0.089305  0.078504  0.107170  0.991137  0.108697  -0.989198  0.098351  -0.001120  -0.000354  -0.001232  0.065148  0.344465  -0.215561  2.000000  
197.468647 0.018847  0.097908  -0.013980  0.990954  0.099990  -0.089509  0.078708  0.107191  0.991118  0.108697  -0.989198  0.098351  -0.000854  -0.000222  -0.001072  0.061085  0.344870  -0.211029  2.000000  
197.469647 0.018850  0.097909  -0.013980  0.990938  0.099968  -0.089713  0.078912  0.107212  0.991100  0.108697  -0.989198  0.098351  -0.000555  -0.000118  -0.000928  0.057805  0.338506  -0.205851  2.000000  
197.470650 0.018854  0.097909  -0.013980  0.990922  0.099946  -0.089917  0.079116  0.107232  0.991081  0.108697  -0.989198  0.098351  -0.000250  -0.000051  -0.000844  0.054550  0.332611  -0.196210  2.000000  
197.471896 0.018860  0.097911  -0.013980  0.990905  0.099924  -0.090121  0.079320  0.107253  0.991063  0.108697  -0.989198  0.098351  0.000292  0.000081  -0.000715  0.051268  0.326254  -0.191038  2.000000  
197.473142 0.018868  0.097912  -0.013981  0.990905  0.099924  -0.090121  0.079320  0.107253  0.991063  0.108697  -0.989198  0.098351  0.000955  0.000233  -0.000688  0.049552  0.306722  -0.180048  2.000000  
197.474146 0.018875  0.097914  -0.013982  0.990891  0.100045  -0.090147  0.079319  0.107384  0.991049  0.108830  -0.989171  0.098470  0.001519  0.000357  -0.000640  0.041848  0.298517  -0.169127  2.000000  
197.475392 0.018884  0.097915  -0.013982  0.990876  0.100177  -0.090160  0.079318  0.107394  0.991048  0.108963  -0.989157  0.098468  0.002240  0.000461  -0.000518  0.040409  0.281610  -0.154898  2.000000  
197.476392 0.018891  0.097917  -0.013982  0.990862  0.100298  -0.090185  0.079317  0.107525  0.991033  0.109096  -0.989130  0.098587  0.002823  0.000645  -0.000456  0.033789  0.268828  -0.144573  2.000000  
197.477640 0.018900  0.097920  -0.013984  0.990831  0.100397  -0.090415  0.079520  0.107676  0.991001  0.109229  -0.989104  0.098705  0.003502  0.000866  -0.000464  0.025449  0.268016  -0.130099  2.000000  
197.478647 0.018908  0.097923  -0.013986  0.990816  0.100518  -0.090440  0.079518  0.107807  0.990987  0.109362  -0.989077  0.098824  0.004196  0.001137  -0.000566  0.019815  0.250983  -0.115649  2.000000  
197.479891 0.018917  0.097927  -0.013989  0.990787  0.100760  -0.090491  0.079516  0.108069  0.990958  0.109628  -0.989024  0.099061  0.005019  0.001454  -0.000666  0.009101  0.238644  -0.100865  2.000000  
197.480898 0.018926  0.097931  -0.013992  0.990758  0.101013  -0.090529  0.079514  0.108210  0.990943  0.109894  -0.988983  0.099178  0.005699  0.001739  -0.000777  0.002480  0.226728  -0.081578  2.000000  
197.482145 0.018937  0.097937  -0.013997  0.990743  0.101123  -0.090567  0.079513  0.108461  0.990916  0.110027  -0.988944  0.099417  0.006348  0.002065  -0.001064  -0.007449  0.207112  -0.070580  2.000000  
197.483394 0.018949  0.097943  -0.014000  0.990697  0.101331  -0.090835  0.079714  0.108864  0.990855  0.110293  -0.988879  0.099773  0.006888  0.002393  -0.001339  -0.022989  0.202080  -0.052024  2.000000  
197.484410 0.018958  0.097948  -0.014001  0.990668  0.101573  -0.090886  0.079712  0.109125  0.990827  0.110559  -0.988825  0.100010  0.007284  0.002701  -0.001469  -0.033693  0.189718  -0.037228  2.000000  
197.485651 0.018971  0.097956  -0.014004  0.990622  0.101781  -0.091153  0.079913  0.109528  0.990766  0.110825  -0.988759  0.100367  0.007819  0.003095  -0.001649  -0.053300  0.184665  -0.018654  2.000000  
197.486656 0.018981  0.097961  -0.014007  0.990607  0.101890  -0.091192  0.079912  0.109779  0.990738  0.110958  -0.988720  0.100606  0.008191  0.003374  -0.001805  -0.059909  0.171864  -0.008347  2.000000  
197.487662 0.018992  0.097965  -0.014009  0.990561  0.102098  -0.091460  0.080114  0.110182  0.990677  0.111224  -0.988654  0.100962  0.008476  0.003571  -0.001877  -0.075426  0.166802  0.010210  2.000000  
197.488891 0.019004  0.097970  -0.014011  0.990515  0.102295  -0.091740  0.080315  0.110705  0.990603  0.111490  -0.988575  0.101439  0.008726  0.003763  -0.001991  -0.099166  0.161882  0.028784  2.000000  
197.489892 0.019014  0.097972  -0.014013  0.990483  0.102382  -0.091982  0.080518  0.110977  0.990556  0.111623  -0.988535  0.101677  0.008904  0.003869  -0.002094  0.000000  0.000000  0.000000  2.000000  
197.490896 0.019023  0.097974  -0.014016  0.990437  0.102589  -0.092251  0.080719  0.111380  0.990494  0.111889  -0.988469  0.102034  0.009098  0.003918  -0.002290  0.000000  0.000000  0.000000  2.000000  
197.492142 0.019035  0.097976  -0.014021  0.990390  0.102785  -0.092532  0.080921  0.111903  0.990419  0.112154  -0.988389  0.102510  0.009251  0.003841  -0.002519  0.000000  0.000000  0.000000  2.000000  
197.493390 0.019047  0.097978  -0.014027  0.990327  0.102968  -0.093004  0.081326  0.112327  0.990338  0.112420  -0.988322  0.102867  0.009391  0.003691  -0.002834  0.000000  0.000000  0.000000  2.000000  
197.494391 0.019056  0.097978  -0.014034  0.990295  0.103043  -0.093259  0.081529  0.112720  0.990276  0.112553  -0.988269  0.103225  0.009525  0.003562  -0.003044  0.000000  0.000000  0.000000  2.000000  
197.495392 0.019065  0.097979  -0.014040  0.990248  0.103249  -0.093528  0.081730  0.113123  0.990214  0.112819  -0.988202  0.103581  0.009607  0.003392  -0.003295  -0.189170  0.136437  0.117189  2.000000  
197.496650 0.019077  0.097980  -0.014049  0.990200  0.103289  -0.094000  0.082137  0.113657  0.990119  0.112952  -0.988136  0.104059  0.009665  0.003043  -0.003619  -0.209470  0.137779  0.130538  2.000000  
197.497652 0.019087  0.097981  -0.014057  0.990168  0.103363  -0.094255  0.082339  0.114049  0.990057  0.113085  -0.988083  0.104417  0.009702  0.002794  -0.003901  -0.221676  0.138242  0.134967  2.000000  
197.498657 0.019096  0.097982  -0.014065  0.990134  0.103282  -0.094701  0.082747  0.114452  0.989977  0.113085  -0.988045  0.104777  0.009680  0.002447  -0.004392  -0.235395  0.151917  0.133513  2.000000  
197.499894 0.019109  0.097983  -0.014076  0.990084  0.103320  -0.095172  0.083153  0.114986  0.989881  0.113218  -0.987979  0.105255  0.009723  0.002105  -0.004863  -0.252598  0.159325  0.137312  2.000000  
197.500895 0.019118  0.097984  -0.014083  0.990067  0.103262  -0.095414  0.083357  0.115368  0.989819  0.113218  -0.987941  0.105614  0.009626  0.001731  -0.005233  -0.264049  0.152502  0.137982  2.000000  
197.502144 0.019129  0.097984  -0.014092  0.990018  0.103299  -0.095885  0.083764  0.115901  0.989722  0.113351  -0.987875  0.106092  0.009464  0.001336  -0.005705  -0.281933  0.166696  0.141019  2.000000  
197.503393 0.019140  0.097983  -0.014101  0.989966  0.103181  -0.096547  0.084375  0.116445  0.989607  0.113351  -0.987823  0.106571  0.009361  0.000991  -0.006004  -0.300512  0.187232  0.138835  2.000000  
197.504659 0.019150  0.097981  -0.014107  0.989931  0.103074  -0.097017  0.084783  0.117088  0.989496  0.113351  -0.987758  0.107170  0.009234  0.000631  -0.006362  -0.315942  0.198967  0.131859  2.000000  
197.505895 0.019161  0.097981  -0.014113  0.989878  0.102943  -0.097690  0.085394  0.117752  0.989365  0.113351  -0.987693  0.107769  0.009167  0.000461  -0.006447  -0.336976  0.220581  0.126176  2.000000  
197.507144 0.019170  0.097979  -0.014118  0.989843  0.102835  -0.098160  0.085802  0.118394  0.989253  0.113351  -0.987627  0.108368  0.008982  0.000178  -0.006521  -0.354103  0.226540  0.116443  2.000000  
197.508396 0.019179  0.097977  -0.014123  0.989805  0.102570  -0.098819  0.086414  0.119046  0.989121  0.113218  -0.987577  0.108969  0.008763  -0.000074  -0.006395  -0.372767  0.246189  0.105271  2.000000  
197.509645 0.019188  0.097975  -0.014127  0.989770  0.102461  -0.099288  0.086822  0.119688  0.989008  0.113218  -0.987510  0.109568  0.008620  -0.000232  -0.006149  -0.386504  0.258919  0.094761  2.000000  
197.510902 0.019196  0.097974  -0.014130  0.989716  0.102326  -0.099961  0.087433  0.120351  0.988874  0.113218  -0.987444  0.110167  0.008392  -0.000394  -0.005733  -0.401001  0.278465  0.083517  2.000000  
197.512143 0.019205  0.097974  -0.014133  0.989695  0.102084  -0.100416  0.087842  0.120981  0.988761  0.113085  -0.987392  0.110767  0.008216  -0.000446  -0.005335  -0.415522  0.288904  0.072440  2.000000  
197.513394 0.019214  0.097975  -0.014135  0.989640  0.101948  -0.101088  0.088453  0.121644  0.988625  0.113085  -0.987324  0.111366  0.008001  -0.000507  -0.004715  -0.428822  0.303639  0.058036  2.000000  
197.514397 0.019221  0.097974  -0.014137  0.989619  0.101729  -0.101517  0.088862  0.122034  0.988540  0.112952  -0.987299  0.111727  0.007796  -0.000593  -0.004370  -0.430924  0.313811  0.047148  2.000000  
197.515652 0.019230  0.097974  -0.014141  0.989597  0.101486  -0.101971  0.089271  0.122663  0.988425  0.112819  -0.987246  0.112327  0.007571  -0.000672  -0.003945  -0.442888  0.323904  0.028967  2.000000  
197.516895 0.019238  0.097972  -0.014145  0.989575  0.101242  -0.102424  0.089680  0.123292  0.988310  0.112686  -0.987193  0.112928  0.007365  -0.000755  -0.003564  -0.448496  0.324406  0.018754  2.000000  
197.518144 0.019246  0.097971  -0.014149  0.989553  0.100997  -0.102877  0.090088  0.123922  0.988194  0.112553  -0.987139  0.113528  0.007154  -0.000789  -0.003283  -0.457138  0.332518  0.004576  2.000000  
197.519393 0.019253  0.097970  -0.014152  0.989546  0.100620  -0.103315  0.090499  0.124538  0.988079  0.112287  -0.987100  0.114130  0.007006  -0.000800  -0.003062  -0.462215  0.335118  -0.009664  2.000000  
197.520394 0.019260  0.097969  -0.014154  0.989527  0.100544  -0.103567  0.090702  0.125038  0.987997  0.112287  -0.987044  0.114609  0.006869  -0.000841  -0.002866  -0.466090  0.336904  -0.018849  2.000000  
197.521396 0.019266  0.097967  -0.014155  0.989524  0.100337  -0.103804  0.090907  0.125526  0.987916  0.112154  -0.987003  0.115090  0.006794  -0.000818  -0.002621  -0.474262  0.335416  -0.032382  2.000000  
197.522644 0.019274  0.097966  -0.014155  0.989486  0.100222  -0.104272  0.091315  0.126167  0.987797  0.112154  -0.986933  0.115689  0.006713  -0.000781  -0.002312  -0.479122  0.341212  -0.042257  2.000000  
197.523897 0.019282  0.097965  -0.014153  0.989463  0.099975  -0.104724  0.091724  0.126795  0.987679  0.112021  -0.986878  0.116289  0.006625  -0.000749  -0.001857  -0.483173  0.339662  -0.055846  2.000000  
197.525143 0.019289  0.097963  -0.014152  0.989445  0.099898  -0.104976  0.091927  0.127295  0.987596  0.112021  -0.986821  0.116768  0.006529  -0.000771  -0.001574  -0.487359  0.336387  -0.059948  2.000000  
197.526392 0.019297  0.097962  -0.014149  0.989407  0.099781  -0.105443  0.092335  0.127935  0.987475  0.112021  -0.986750  0.117366  0.006448  -0.000807  -0.001202  -0.491618  0.338250  -0.069612  2.000000  
197.527396 0.019303  0.097962  -0.014147  0.989403  0.099585  -0.105667  0.092540  0.128302  0.987408  0.111889  -0.986723  0.117727  0.006347  -0.000842  -0.000933  -0.491472  0.334350  -0.077986  2.000000  
197.528647 0.019310  0.097962  -0.014143  0.989383  0.099495  -0.105930  0.092743  0.128922  0.987308  0.111889  -0.986651  0.118325  0.006295  -0.000817  -0.000486  -0.494863  0.327610  -0.077421  2.000000  
197.529892 0.019318  0.097962  -0.014138  0.989364  0.099404  -0.106194  0.092947  0.129541  0.987208  0.111889  -0.986579  0.118924  0.006209  -0.000798  0.000037  -0.498029  0.320202  -0.081242  2.000000  
197.530898 0.019324  0.097962  -0.014135  0.989345  0.099312  -0.106457  0.093151  0.130160  0.987108  0.111889  -0.986507  0.119522  0.006146  -0.000735  0.000554  -0.509460  0.315941  -0.081282  2.000000  
197.532146 0.019330  0.097963  -0.014131  0.989326  0.099221  -0.106721  0.093354  0.130779  0.987006  0.111889  -0.986434  0.120120  0.006070  -0.000627  0.001090  -0.512810  0.308571  -0.085144  2.000000  
197.533394 0.019337  0.097963  -0.014127  0.989287  0.099089  -0.107199  0.093762  0.131538  0.986867  0.111889  -0.986346  0.120838  0.005991  -0.000495  0.001575  -0.516943  0.308547  -0.085359  2.000000  
197.534658 0.019343  0.097963  -0.014124  0.989283  0.098865  -0.107446  0.093967  0.132145  0.986766  0.111756  -0.986288  0.121438  0.005813  -0.000433  0.001934  -0.515929  0.298671  -0.088469  2.000000  
197.535893 0.019348  0.097963  -0.014121  0.989264  0.098760  -0.107721  0.094171  0.132883  0.986648  0.111756  -0.986199  0.122156  0.005693  -0.000312  0.002222  -0.518425  0.285064  -0.087089  2.000000  
197.536897 0.019353  0.097964  -0.014119  0.989244  0.098680  -0.107972  0.094374  0.133382  0.986561  0.111756  -0.986140  0.122634  0.005557  -0.000181  0.002474  -0.517835  0.280532  -0.087164  2.000000  
197.538144 0.019358  0.097964  -0.014117  0.989225  0.098587  -0.108235  0.094578  0.134001  0.986458  0.111756  -0.986065  0.123233  0.005406  -0.000112  0.002533  -0.516343  0.267394  -0.081274  2.000000  
197.539395 0.019363  0.097964  -0.014116  0.989205  0.098494  -0.108498  0.094781  0.134619  0.986354  0.111756  -0.985990  0.123831  0.005211  -0.000035  0.002496  -0.515540  0.260503  -0.080625  2.000000  
197.540395 0.019367  0.097963  -0.014116  0.989186  0.098413  -0.108749  0.094985  0.135118  0.986266  0.111756  -0.985930  0.124309  0.005078  -0.000014  0.002369  -0.514750  0.253630  -0.079939  2.000000  
197.541643 0.019372  0.097962  -0.014114  0.989166  0.098333  -0.109000  0.095189  0.135617  0.986178  0.111756  -0.985870  0.124787  0.004855  0.000004  0.002313  -0.509093  0.240462  -0.073981  2.000000  
197.542647 0.019376  0.097961  -0.014113  0.989132  0.098383  -0.109267  0.095391  0.136128  0.986088  0.111889  -0.985794  0.125264  0.004716  -0.000070  0.002154  -0.508254  0.234097  -0.068804  2.000000  
197.543647 0.019379  0.097960  -0.014112  0.989112  0.098315  -0.109506  0.095595  0.136507  0.986016  0.111889  -0.985748  0.125622  0.004536  -0.000147  0.001962  -0.508320  0.232785  -0.063909  2.000000  
197.544655 0.019383  0.097958  -0.014112  0.989092  0.098234  -0.109756  0.095798  0.137006  0.985927  0.111889  -0.985687  0.126101  0.004377  -0.000281  0.001789  -0.507461  0.225943  -0.063194  2.000000  
197.545892 0.019387  0.097956  -0.014111  0.989073  0.098139  -0.110019  0.096002  0.137624  0.985821  0.111889  -0.985611  0.126698  0.004223  -0.000436  0.001596  -0.506591  0.219636  -0.058073  2.000000  
197.546894 0.019390  0.097953  -0.014110  0.989053  0.098057  -0.110270  0.096205  0.138122  0.985732  0.111889  -0.985549  0.127177  0.004081  -0.000620  0.001486  -0.505814  0.213383  -0.052929  2.000000  
197.547894 0.019394  0.097951  -0.014109  0.989033  0.097975  -0.110520  0.096409  0.138621  0.985642  0.111889  -0.985487  0.127655  0.003963  -0.000810  0.001296  -0.505185  0.208864  -0.048192  2.000000  
197.548897 0.019397  0.097948  -0.014109  0.989013  0.097893  -0.110770  0.096613  0.139119  0.985552  0.111889  -0.985425  0.128133  0.003833  -0.000998  0.001147  -0.505113  0.209366  -0.043824  2.000000  
197.550144 0.019401  0.097945  -0.014109  0.988973  0.097768  -0.111236  0.097020  0.139757  0.985421  0.111889  -0.985347  0.128731  0.003708  -0.001251  0.000903  -0.504998  0.208172  -0.039152  2.000000  
197.551144 0.019404  0.097942  -0.014110  0.988973  0.097727  -0.111271  0.097020  0.140116  0.985370  0.111889  -0.985300  0.129089  0.003633  -0.001415  0.000698  -0.500318  0.203640  -0.034276  2.000000  
197.552394 0.019407  0.097938  -0.014113  0.988933  0.097615  -0.111724  0.097427  0.140634  0.985256  0.111889  -0.985238  0.129567  0.003501  -0.001707  0.000351  -0.496211  0.203609  -0.034385  2.000000  
197.553395 0.019410  0.097935  -0.014115  0.988928  0.097401  -0.111957  0.097632  0.141119  0.985167  0.111756  -0.985190  0.130047  0.003356  -0.001938  0.000095  -0.496151  0.203583  -0.034482  2.000000  
197.554661 0.019413  0.097931  -0.014119  0.988908  0.097318  -0.112207  0.097836  0.141617  0.985075  0.111756  -0.985126  0.130525  0.003277  -0.002167  -0.000209  -0.495119  0.196641  -0.033708  2.000000  
197.555893 0.019416  0.097927  -0.014123  0.988888  0.097247  -0.112445  0.098039  0.141996  0.985000  0.111756  -0.985079  0.130884  0.003168  -0.002368  -0.000546  -0.487235  0.196731  -0.033821  2.000000  
197.557141 0.019420  0.097923  -0.014127  0.988882  0.097032  -0.112678  0.098244  0.142480  0.984910  0.111623  -0.985030  0.131363  0.003084  -0.002569  -0.000855  -0.486533  0.189934  -0.033062  2.000000  
197.558145 0.019422  0.097920  -0.014131  0.988862  0.096962  -0.112916  0.098448  0.142859  0.984835  0.111623  -0.984982  0.131722  0.002983  -0.002765  -0.001239  -0.483230  0.195100  -0.033711  2.000000  
197.559395 0.019425  0.097915  -0.014136  0.988857  0.096747  -0.113148  0.098653  0.143343  0.984744  0.111490  -0.984933  0.132202  0.002900  -0.002948  -0.001606  -0.478300  0.189310  -0.037704  2.000000  
197.560642 0.019429  0.097909  -0.014141  0.988851  0.096531  -0.113380  0.098858  0.143828  0.984653  0.111357  -0.984883  0.132682  0.002836  -0.003135  -0.002051  -0.470526  0.187254  -0.041940  2.000000  
197.561646 0.019432  0.097906  -0.014145  0.988831  0.096474  -0.113606  0.099062  0.144087  0.984594  0.111357  -0.984851  0.132921  0.002822  -0.003200  -0.002336  -0.462350  0.187204  -0.042001  2.000000  
197.562654 0.019435  0.097901  -0.014149  0.988846  0.096301  -0.113623  0.099063  0.144432  0.984544  0.111224  -0.984817  0.133281  0.002787  -0.003343  -0.002734  -0.453396  0.179815  -0.045637  2.000000  
197.563900 0.019439  0.097896  -0.014155  0.988840  0.096085  -0.113855  0.099268  0.144916  0.984452  0.111091  -0.984767  0.133761  0.002825  -0.003530  -0.003153  -0.448840  0.180643  -0.050570  2.000000  
197.565144 0.019444  0.097890  -0.014160  0.988820  0.096014  -0.114093  0.099472  0.145294  0.984375  0.111091  -0.984719  0.134119  0.002877  -0.003617  -0.003415  -0.441153  0.179736  -0.045814  2.000000  
197.566394 0.019449  0.097885  -0.014166  0.988834  0.095827  -0.114121  0.099473  0.145759  0.984307  0.110958  -0.984668  0.134599  0.002964  -0.003758  -0.003689  -0.431132  0.167018  -0.049007  2.000000  
197.567649 0.019455  0.097879  -0.014171  0.988849  0.095655  -0.114138  0.099475  0.146104  0.984255  0.110825  -0.984634  0.134959  0.003129  -0.003889  -0.003858  -0.423661  0.165097  -0.053114  2.000000  
197.568650 0.019460  0.097875  -0.014176  0.988829  0.095597  -0.114364  0.099678  0.146362  0.984196  0.110825  -0.984601  0.135198  0.003280  -0.003928  -0.003976  -0.415415  0.165016  -0.053154  2.000000  
197.569894 0.019465  0.097869  -0.014182  0.988843  0.095424  -0.114381  0.099680  0.146707  0.984145  0.110692  -0.984567  0.135558  0.003410  -0.004090  -0.004166  -0.404973  0.152092  -0.056333  2.000000  
197.570897 0.019470  0.097865  -0.014187  0.988858  0.095266  -0.114386  0.099681  0.146933  0.984111  0.110559  -0.984548  0.135799  0.003602  -0.004191  -0.004278  -0.396852  0.143489  -0.059448  2.000000  
197.572142 0.019477  0.097859  -0.014194  0.988858  0.095224  -0.114420  0.099681  0.147291  0.984057  0.110559  -0.984499  0.136157  0.003833  -0.004329  -0.004495  -0.392040  0.136701  -0.058612  2.000000  
197.573396 0.019483  0.097853  -0.014202  0.988873  0.095051  -0.114437  0.099683  0.147635  0.984006  0.110426  -0.984464  0.136518  0.004040  -0.004435  -0.004681  -0.386429  0.129824  -0.067184  2.000000  
197.574660 0.019490  0.097846  -0.014209  0.988908  0.094923  -0.114239  0.099481  0.147841  0.983995  0.110293  -0.984445  0.136759  0.004307  -0.004531  -0.004902  -0.372376  0.115482  -0.069826  2.000000  
197.575892 0.019497  0.097840  -0.014218  0.988923  0.094750  -0.114255  0.099482  0.148186  0.983943  0.110160  -0.984410  0.137119  0.004539  -0.004590  -0.005084  -0.362921  0.101295  -0.072559  2.000000  
197.576967 0.019503  0.097835  -0.014225  0.988937  0.094591  -0.114260  0.099484  0.148412  0.983909  0.110027  -0.984391  0.137360  0.004686  -0.004612  -0.005223  -0.353200  0.093645  -0.075967  2.000000  
197.578145 0.019511  0.097829  -0.014233  0.988972  0.094463  -0.114062  0.099282  0.148618  0.983898  0.109894  -0.984373  0.137601  0.004952  -0.004641  -0.005445  -0.341452  0.078939  -0.078141  2.000000  
197.579392 0.019519  0.097823  -0.014241  0.988972  0.094436  -0.114085  0.099282  0.148857  0.983862  0.109894  -0.984339  0.137839  0.005218  -0.004660  -0.005631  -0.328573  0.072149  -0.077264  2.000000  
197.580398 0.019526  0.097819  -0.014248  0.989007  0.094308  -0.113887  0.099079  0.149063  0.983851  0.109761  -0.984320  0.138080  0.005434  -0.004631  -0.005827  -0.321661  0.058496  -0.080555  2.000000  
197.581398 0.019534  0.097815  -0.014254  0.989022  0.094149  -0.113892  0.099081  0.149288  0.983817  0.109628  -0.984301  0.138321  0.005621  -0.004639  -0.005924  -0.312782  0.051054  -0.084120  2.000000  
197.582653 0.019543  0.097810  -0.014262  0.989042  0.094152  -0.113712  0.098877  0.149507  0.983804  0.109628  -0.984268  0.138560  0.005915  -0.004607  -0.006076  -0.302914  0.037976  -0.077779  2.000000  
197.583895 0.019552  0.097805  -0.014269  0.989057  0.093980  -0.113728  0.098879  0.149852  0.983752  0.109495  -0.984232  0.138920  0.006117  -0.004572  -0.006133  -0.297373  0.023715  -0.080406  2.000000  
197.584896 0.019559  0.097801  -0.014275  0.989077  0.093997  -0.113536  0.098675  0.149952  0.983757  0.109495  -0.984215  0.139039  0.006281  -0.004548  -0.006202  -0.288447  0.016882  -0.079477  2.000000  
197.586144 0.019569  0.097796  -0.014282  0.989077  0.093969  -0.113559  0.098675  0.150191  0.983720  0.109495  -0.984181  0.139278  0.006555  -0.004461  -0.006190  -0.278758  0.003226  -0.077611  2.000000  
197.587395 0.019578  0.097790  -0.014290  0.989112  0.093842  -0.113361  0.098473  0.150397  0.983709  0.109362  -0.984162  0.139519  0.006745  -0.004472  -0.006292  -0.269058  -0.010427  -0.075731  2.000000  
197.588646 0.019588  0.097785  -0.014297  0.989133  0.093845  -0.113181  0.098269  0.150617  0.983696  0.109362  -0.984128  0.139758  0.006885  -0.004441  -0.006278  -0.261298  -0.023877  -0.073244  2.000000  
197.589647 0.019595  0.097780  -0.014304  0.989133  0.093818  -0.113204  0.098269  0.150855  0.983659  0.109362  -0.984094  0.139996  0.007000  -0.004441  -0.006298  -0.259311  -0.030374  -0.068629  2.000000  
197.590893 0.019604  0.097774  -0.014313  0.989153  0.093835  -0.113013  0.098066  0.150955  0.983664  0.109362  -0.984077  0.140116  0.007139  -0.004390  -0.006333  -0.245673  -0.036516  -0.063050  2.000000  
197.592139 0.019613  0.097769  -0.014322  0.989173  0.093839  -0.112833  0.097862  0.151175  0.983651  0.109362  -0.984043  0.140355  0.007280  -0.004339  -0.006341  -0.238114  -0.049138  -0.056229  2.000000  
197.593140 0.019620  0.097764  -0.014329  0.989173  0.093825  -0.112845  0.097862  0.151294  0.983633  0.109362  -0.984026  0.140474  0.007274  -0.004334  -0.006374  -0.229247  -0.055904  -0.055272  2.000000  
197.594146 0.019628  0.097761  -0.014337  0.989193  0.093829  -0.112665  0.097658  0.151513  0.983619  0.109362  -0.983992  0.140713  0.007363  -0.004257  -0.006455  -0.228458  -0.062048  -0.049890  2.000000  
197.595391 0.019637  0.097755  -0.014346  0.989228  0.093715  -0.112455  0.097456  0.151600  0.983626  0.109229  -0.983989  0.140834  0.007383  -0.004265  -0.006540  -0.214834  -0.075578  -0.047986  2.000000  
197.596392 0.019644  0.097752  -0.014354  0.989228  0.093702  -0.112466  0.097456  0.151720  0.983607  0.109229  -0.983972  0.140953  0.007381  -0.004217  -0.006641  -0.206751  -0.075591  -0.047969  2.000000  
197.597399 0.019651  0.097748  -0.014362  0.989248  0.093719  -0.112275  0.097252  0.151820  0.983612  0.109229  -0.983955  0.141073  0.007369  -0.004207  -0.006813  -0.199561  -0.082419  -0.042940  2.000000  
197.598649 0.019660  0.097743  -0.014372  0.989268  0.093723  -0.112095  0.097049  0.152039  0.983598  0.109229  -0.983921  0.141311  0.007301  -0.004196  -0.007012  -0.196398  -0.095256  -0.040667  2.000000  
197.599894 0.019668  0.097738  -0.014382  0.989253  0.093841  -0.112126  0.097047  0.152171  0.983578  0.109362  -0.983889  0.141429  0.007263  -0.004179  -0.007129  -0.185792  -0.094803  -0.032068  2.000000  
197.600896 0.019675  0.097734  -0.014389  0.989273  0.093858  -0.111934  0.096844  0.152271  0.983583  0.109362  -0.983872  0.141548  0.007163  -0.004223  -0.007276  -0.183513  -0.100158  -0.026425  2.000000  
197.602144 0.019683  0.097728  -0.014398  0.989293  0.093876  -0.111743  0.096640  0.152371  0.983587  0.109362  -0.983855  0.141667  0.007065  -0.004203  -0.007358  -0.176146  -0.107189  -0.021207  2.000000  
197.603144 0.019689  0.097724  -0.014405  0.989293  0.093863  -0.111755  0.096640  0.152490  0.983569  0.109362  -0.983838  0.141787  0.006977  -0.004210  -0.007428  -0.168000  -0.107200  -0.021182  2.000000  
197.604394 0.019696  0.097718  -0.014414  0.989313  0.093881  -0.111564  0.096436  0.152590  0.983573  0.109362  -0.983820  0.141906  0.006836  -0.004240  -0.007425  -0.164004  -0.106622  -0.016717  2.000000  
197.605646 0.019703  0.097712  -0.014422  0.989333  0.093898  -0.111373  0.096233  0.152690  0.983578  0.109362  -0.983803  0.142025  0.006687  -0.004181  -0.007409  0.000000  0.000000  0.000000  2.000000  
197.606647 0.019708  0.097707  -0.014429  0.989333  0.093885  -0.111384  0.096233  0.152810  0.983559  0.109362  -0.983786  0.142145  0.006544  -0.004212  -0.007421  0.000000  0.000000  0.000000  2.000000  
197.607893 0.019715  0.097703  -0.014438  0.989353  0.093903  -0.111193  0.096029  0.152910  0.983563  0.109362  -0.983769  0.142264  0.006411  -0.004180  -0.007381  0.000000  0.000000  0.000000  2.000000  
197.609144 0.019721  0.097697  -0.014446  0.989353  0.093889  -0.111204  0.096029  0.153029  0.983545  0.109362  -0.983751  0.142383  0.006214  -0.004231  -0.007283  0.000000  0.000000  0.000000  2.000000  
197.610144 0.019726  0.097693  -0.014453  0.989372  0.093907  -0.111013  0.095825  0.153129  0.983549  0.109362  -0.983734  0.142503  0.006024  -0.004228  -0.007238  0.000000  0.000000  0.000000  2.000000  
197.611389 0.019732  0.097688  -0.014462  0.989392  0.093926  -0.110822  0.095622  0.153229  0.983553  0.109362  -0.983717  0.142622  0.005834  -0.004253  -0.007194  0.000000  0.000000  0.000000  2.000000  
197.612397 0.019736  0.097685  -0.014468  0.989407  0.093781  -0.110814  0.095623  0.153335  0.983537  0.109229  -0.983714  0.142743  0.005648  -0.004244  -0.007096  0.000000  0.000000  0.000000  2.000000  
197.613642 0.019741  0.097679  -0.014478  0.989426  0.093799  -0.110623  0.095419  0.153435  0.983541  0.109229  -0.983697  0.142863  0.005433  -0.004269  -0.007025  0.000000  0.000000  0.000000  2.000000  
197.614659 0.019745  0.097674  -0.014485  0.989426  0.093799  -0.110623  0.095419  0.153435  0.983541  0.109229  -0.983697  0.142863  0.005205  -0.004321  -0.006982  0.000000  0.000000  0.000000  2.000000  
197.615895 0.019750  0.097669  -0.014493  0.989446  0.093817  -0.110432  0.095216  0.153535  0.983545  0.109229  -0.983679  0.142982  0.005020  -0.004320  -0.006957  0.000000  0.000000  0.000000  2.000000  
197.617144 0.019754  0.097663  -0.014501  0.989480  0.093705  -0.110222  0.095013  0.153623  0.983551  0.109096  -0.983677  0.143103  0.004757  -0.004344  -0.006852  0.000000  0.000000  0.000000  2.000000  
197.618394 0.019759  0.097657  -0.014509  0.989499  0.093723  -0.110031  0.094810  0.153723  0.983555  0.109096  -0.983659  0.143223  0.004575  -0.004362  -0.006771  0.000000  0.000000  0.000000  2.000000  
197.619646 0.019763  0.097651  -0.014516  0.989533  0.093624  -0.109809  0.094607  0.153691  0.983579  0.108963  -0.983674  0.143225  0.004373  -0.004393  -0.006744  0.000000  0.000000  0.000000  2.000000  
197.620646 0.019766  0.097646  -0.014521  0.989553  0.093642  -0.109618  0.094404  0.153791  0.983583  0.108963  -0.983656  0.143344  0.004192  -0.004409  -0.006596  0.000000  0.000000  0.000000  2.000000  
197.621648 0.019769  0.097641  -0.014527  0.989572  0.093674  -0.109416  0.094200  0.153772  0.983606  0.108963  -0.983656  0.143344  0.004039  -0.004460  -0.006517  0.000000  0.000000  0.000000  2.000000  
197.622651 0.019772  0.097637  -0.014532  0.989572  0.093660  -0.109427  0.094200  0.153891  0.983587  0.108963  -0.983639  0.143464  0.003905  -0.004476  -0.006371  0.000000  0.000000  0.000000  2.000000  
197.623899 0.019776  0.097631  -0.014537  0.989606  0.093548  -0.109217  0.093998  0.153979  0.983593  0.108830  -0.983636  0.143585  0.003718  -0.004517  -0.006171  0.000000  0.000000  0.000000  2.000000  
197.625142 0.019779  0.097625  -0.014543  0.989626  0.093579  -0.109014  0.093794  0.153959  0.983615  0.108830  -0.983636  0.143585  0.003574  -0.004524  -0.005989  0.000000  0.000000  0.000000  2.000000  
197.626394 0.019783  0.097620  -0.014547  0.989645  0.093598  -0.108823  0.093590  0.154059  0.983619  0.108830  -0.983618  0.143704  0.003418  -0.004565  -0.005711  0.000000  0.000000  0.000000  2.000000  
197.627644 0.019786  0.097615  -0.014552  0.989698  0.093517  -0.108410  0.093184  0.154128  0.983647  0.108697  -0.983615  0.143826  0.003248  -0.004569  -0.005442  0.000000  0.000000  0.000000  2.000000  
197.628645 0.019789  0.097611  -0.014556  0.989698  0.093517  -0.108410  0.093184  0.154128  0.983647  0.108697  -0.983615  0.143826  0.003137  -0.004577  -0.005185  0.000000  0.000000  0.000000  2.000000  
197.629889 0.019791  0.097605  -0.014560  0.989751  0.093436  -0.107998  0.092778  0.154196  0.983675  0.108564  -0.983612  0.143947  0.003009  -0.004542  -0.004911  0.000000  0.000000  0.000000  2.000000  
197.630900 0.019793  0.097602  -0.014563  0.989770  0.093468  -0.107795  0.092574  0.154177  0.983697  0.108564  -0.983612  0.143947  0.002861  -0.004496  -0.004649  0.000000  0.000000  0.000000  2.000000  
197.632145 0.019796  0.097597  -0.014567  0.989803  0.093356  -0.107585  0.092372  0.154265  0.983702  0.108431  -0.983609  0.144069  0.002730  -0.004382  -0.004354  0.000000  0.000000  0.000000  2.000000  
197.633394 0.019798  0.097592  -0.014570  0.989837  0.093244  -0.107374  0.092169  0.154353  0.983707  0.108298  -0.983606  0.144190  0.002597  -0.004322  -0.004106  0.000000  0.000000  0.000000  2.000000  
197.634395 0.019800  0.097588  -0.014573  0.989856  0.093275  -0.107172  0.091965  0.154334  0.983729  0.108298  -0.983606  0.144190  0.002486  -0.004247  -0.003849  0.000000  0.000000  0.000000  2.000000  
197.635647 0.019801  0.097583  -0.014576  0.989889  0.093163  -0.106961  0.091763  0.154422  0.983734  0.108165  -0.983603  0.144311  0.002323  -0.004138  -0.003628  0.000000  0.000000  0.000000  2.000000  
197.636894 0.019803  0.097579  -0.014579  0.989927  0.093227  -0.106556  0.091355  0.154383  0.983778  0.108165  -0.983603  0.144311  0.002226  -0.004027  -0.003417  0.000000  0.000000  0.000000  2.000000  
197.638144 0.019805  0.097576  -0.014581  0.989960  0.093114  -0.106346  0.091153  0.154471  0.983783  0.108032  -0.983600  0.144433  0.002072  -0.003885  -0.003127  0.000000  0.000000  0.000000  2.000000  
197.639397 0.019807  0.097572  -0.014583  0.989978  0.093133  -0.106155  0.090949  0.154571  0.983787  0.108032  -0.983582  0.144552  0.001954  -0.003752  -0.002926  0.000000  0.000000  0.000000  2.000000  
197.640649 0.019808  0.097569  -0.014585  0.990012  0.093034  -0.105933  0.090747  0.154540  0.983810  0.107899  -0.983596  0.144554  0.001820  -0.003607  -0.002677  0.000000  0.000000  0.000000  2.000000  
197.641892 0.019810  0.097566  -0.014586  0.990049  0.093085  -0.105539  0.090339  0.154621  0.983835  0.107899  -0.983579  0.144673  0.001733  -0.003508  -0.002485  -0.049354  -0.182600  -0.022915  2.000000  
197.643140 0.019812  0.097562  -0.014588  0.990067  0.093104  -0.105348  0.090135  0.154721  0.983838  0.107899  -0.983561  0.144793  0.001616  -0.003397  -0.002233  -0.049378  -0.182000  -0.018484  2.000000  
197.644145 0.019813  0.097559  -0.014589  0.990100  0.092992  -0.105137  0.089933  0.154810  0.983842  0.107766  -0.983558  0.144914  0.001522  -0.003316  -0.002065  -0.048637  -0.189371  -0.021885  2.000000  
197.645395 0.019814  0.097556  -0.014589  0.990119  0.093024  -0.104935  0.089729  0.154791  0.983864  0.107766  -0.983558  0.144914  0.001470  -0.003188  -0.001857  -0.044973  -0.190984  -0.022059  2.000000  
197.646647 0.019816  0.097553  -0.014590  0.990137  0.093043  -0.104743  0.089525  0.154891  0.983867  0.107766  -0.983540  0.145033  0.001395  -0.003026  -0.001672  -0.044604  -0.188724  -0.017436  2.000000  
197.647651 0.019817  0.097551  -0.014591  0.990170  0.092931  -0.104533  0.089322  0.154979  0.983871  0.107633  -0.983537  0.145155  0.001340  -0.002911  -0.001511  -0.049054  -0.190907  -0.022015  2.000000  
197.648900 0.019818  0.097548  -0.014592  0.990188  0.092951  -0.104341  0.089119  0.155079  0.983874  0.107633  -0.983519  0.145274  0.001276  -0.002775  -0.001313  -0.049055  -0.190914  -0.021992  2.000000  
197.650144 0.019819  0.097546  -0.014593  0.990207  0.092970  -0.104150  0.088915  0.155180  0.983877  0.107633  -0.983502  0.145393  0.001243  -0.002584  -0.001142  -0.047926  -0.195469  -0.016387  2.000000  
197.651394 0.019819  0.097544  -0.014594  0.990258  0.092903  -0.103726  0.088508  0.155130  0.983921  0.107500  -0.983516  0.145396  0.001108  -0.002449  -0.001067  -0.048348  -0.197791  -0.020977  2.000000  
197.652646 0.019821  0.097543  -0.014595  0.990276  0.092922  -0.103534  0.088304  0.155230  0.983924  0.107500  -0.983498  0.145515  0.001079  -0.002326  -0.000993  -0.047204  -0.202903  -0.019787  2.000000  
197.653647 0.019822  0.097542  -0.014595  0.990294  0.092941  -0.103343  0.088101  0.155330  0.983926  0.107500  -0.983481  0.145634  0.001057  -0.002140  -0.000864  -0.047607  -0.203931  -0.015476  2.000000  
197.654659 0.019822  0.097542  -0.014596  0.990294  0.092929  -0.103354  0.088101  0.155449  0.983907  0.107500  -0.983463  0.145753  0.000995  -0.001960  -0.000792  -0.052405  -0.197018  -0.016456  2.000000  
197.655896 0.019823  0.097541  -0.014597  0.990312  0.092948  -0.103163  0.087897  0.155550  0.983910  0.107500  -0.983445  0.145873  0.000910  -0.001812  -0.000762  -0.052421  -0.197081  -0.016437  2.000000  
197.657141 0.019824  0.097540  -0.014598  0.990330  0.092968  -0.102972  0.087693  0.155650  0.983912  0.107500  -0.983428  0.145992  0.000897  -0.001604  -0.000702  -0.056058  -0.194856  -0.011880  2.000000  
197.658396 0.019825  0.097539  -0.014599  0.990348  0.092987  -0.102781  0.087489  0.155750  0.983914  0.107500  -0.983410  0.146111  0.000813  -0.001451  -0.000693  -0.056519  -0.196460  -0.011954  2.000000  
197.659640 0.019825  0.097539  -0.014599  0.990380  0.092864  -0.102581  0.087286  0.155958  0.983899  0.107367  -0.983389  0.146352  0.000771  -0.001282  -0.000658  -0.060120  -0.194840  -0.011820  2.000000  
197.660649 0.019826  0.097539  -0.014599  0.990398  0.092883  -0.102390  0.087082  0.156058  0.983902  0.107367  -0.983371  0.146471  0.000741  -0.001133  -0.000633  -0.064168  -0.194854  -0.011809  2.000000  
197.661892 0.019827  0.097539  -0.014599  0.990416  0.092903  -0.102198  0.086878  0.156158  0.983904  0.107367  -0.983353  0.146591  0.000706  -0.000919  -0.000515  -0.064927  -0.187472  -0.008371  2.000000  
197.662892 0.019827  0.097538  -0.014599  0.990434  0.092923  -0.102007  0.086675  0.156259  0.983906  0.107367  -0.983335  0.146710  0.000677  -0.000772  -0.000491  -0.068964  -0.187455  -0.008358  2.000000  
197.663898 0.019828  0.097539  -0.014599  0.990434  0.092898  -0.102030  0.086675  0.156497  0.983868  0.107367  -0.983300  0.146948  0.000647  -0.000625  -0.000467  -0.074366  -0.181532  -0.004951  2.000000  
197.665146 0.019828  0.097539  -0.014599  0.990452  0.092918  -0.101838  0.086471  0.156598  0.983870  0.107367  -0.983282  0.147068  0.000646  -0.000425  -0.000436  -0.074369  -0.181541  -0.004929  2.000000  
197.666394 0.019829  0.097540  -0.014599  0.990470  0.092925  -0.101658  0.086267  0.156817  0.983853  0.107367  -0.983246  0.147306  0.000650  -0.000293  -0.000320  -0.081855  -0.179393  -0.000455  2.000000  
197.667646 0.019830  0.097541  -0.014599  0.990488  0.092945  -0.101467  0.086063  0.156917  0.983855  0.107367  -0.983228  0.147425  0.000606  -0.000115  -0.000270  -0.081853  -0.179390  -0.000433  2.000000  
197.668650 0.019830  0.097542  -0.014600  0.990505  0.092953  -0.101287  0.085859  0.157137  0.983838  0.107367  -0.983193  0.147664  0.000557  -0.000026  -0.000260  0.000000  0.000000  0.000000  2.000000  
197.669894 0.019831  0.097543  -0.014600  0.990523  0.092973  -0.101096  0.085655  0.157237  0.983839  0.107367  -0.983175  0.147783  0.000571  0.000127  -0.000201  0.000000  0.000000  0.000000  2.000000  
197.671145 0.019831  0.097544  -0.014600  0.990541  0.092981  -0.100916  0.085451  0.157457  0.983822  0.107367  -0.983139  0.148022  0.000553  0.000248  -0.000166  0.000000  0.000000  0.000000  2.000000  
197.672392 0.019832  0.097545  -0.014599  0.990541  0.092957  -0.100938  0.085451  0.157695  0.983784  0.107367  -0.983103  0.148260  0.000527  0.000339  -0.000079  0.000000  0.000000  0.000000  2.000000  
197.673645 0.019833  0.097546  -0.014600  0.990558  0.092965  -0.100758  0.085247  0.157915  0.983766  0.107367  -0.983067  0.148499  0.000530  0.000462  -0.000087  0.000000  0.000000  0.000000  2.000000  
197.674657 0.019833  0.097546  -0.014599  0.990576  0.092973  -0.100579  0.085043  0.158134  0.983749  0.107367  -0.983031  0.148737  0.000505  0.000494  -0.000056  0.000000  0.000000  0.000000  2.000000  
197.675890 0.019834  0.097548  -0.014599  0.990593  0.092981  -0.100399  0.084839  0.158354  0.983731  0.107367  -0.982995  0.148976  0.000524  0.000609  0.000013  0.000000  0.000000  0.000000  2.000000  
197.676896 0.019834  0.097549  -0.014598  0.990611  0.093001  -0.100207  0.084635  0.158454  0.983732  0.107367  -0.982977  0.149095  0.000526  0.000711  0.000058  0.000000  0.000000  0.000000  2.000000  
197.678139 0.019835  0.097551  -0.014597  0.990628  0.093010  -0.100027  0.084431  0.158673  0.983714  0.107367  -0.982940  0.149333  0.000513  0.000790  0.000102  0.000000  0.000000  0.000000  2.000000  
197.679145 0.019836  0.097552  -0.014597  0.990645  0.093018  -0.099847  0.084228  0.158893  0.983696  0.107367  -0.982904  0.149572  0.000528  0.000868  0.000158  0.000000  0.000000  0.000000  2.000000  
197.680395 0.019837  0.097553  -0.014595  0.990663  0.093027  -0.099667  0.084024  0.159112  0.983678  0.107367  -0.982868  0.149810  0.000527  0.000892  0.000260  0.000000  0.000000  0.000000  2.000000  
197.681650 0.019838  0.097555  -0.014594  0.990680  0.093035  -0.099488  0.083820  0.159332  0.983660  0.107367  -0.982832  0.150049  0.000575  0.000977  0.000395  0.000000  0.000000  0.000000  2.000000  
197.682657 0.019838  0.097556  -0.014593  0.990697  0.093056  -0.099296  0.083616  0.159432  0.983661  0.107367  -0.982813  0.150168  0.000539  0.001013  0.000467  0.000000  0.000000  0.000000  2.000000  
197.683894 0.019839  0.097558  -0.014591  0.990714  0.093065  -0.099116  0.083412  0.159651  0.983643  0.107367  -0.982777  0.150406  0.000593  0.001035  0.000558  0.000000  0.000000  0.000000  2.000000  
197.684896 0.019840  0.097559  -0.014590  0.990731  0.093074  -0.098936  0.083208  0.159871  0.983625  0.107367  -0.982740  0.150645  0.000611  0.001091  0.000673  0.000000  0.000000  0.000000  2.000000  
