1-Time 2-Px 3-Py 4-Pz 5-R11 6-R21 7-R31 8-R12 9-R22 10-R32 11-R13 12-R23 13-R33 14-Vx 15-Vy 16-Vz 17-Wx 18-Wy 19-Wz 20-state 21-PR11 22-PR21 23-PR31 24-PR12 25-PR22 26-PR32 27-PR13 28-PR23 29-PR33 
265.093313 0.016243  0.095370  -0.015228  0.988669  0.149121  0.017191  -0.029522  0.080875  0.996287  0.147177  -0.985506  0.084361  -0.000338  0.000082  0.000576  0.170226  0.011954  0.057638  2.000000  
265.094318 0.016243  0.095370  -0.015227  0.988650  0.149251  0.017198  -0.029521  0.080750  0.996297  0.147309  -0.985497  0.084239  -0.000350  0.000061  0.000666  0.000000  0.000000  0.000000  2.000000  
265.095567 0.016246  0.095370  -0.015225  0.988625  0.149313  0.018055  -0.030335  0.080385  0.996302  0.147309  -0.985517  0.084000  -0.000101  0.000125  0.000792  0.174248  -0.014948  0.064506  2.000000  
265.096568 0.016250  0.095371  -0.015222  0.988600  0.149374  0.018911  -0.031149  0.080020  0.996306  0.147309  -0.985537  0.083761  0.000188  0.000195  0.000976  0.180904  -0.042279  0.061909  2.000000  
265.097819 0.016254  0.095371  -0.015219  0.988620  0.149158  0.019567  -0.031761  0.079816  0.996303  0.147045  -0.985587  0.083645  0.000557  0.000206  0.001161  0.181301  -0.063863  0.055226  2.000000  
265.099062 0.016260  0.095371  -0.015216  0.988600  0.149202  0.020219  -0.032372  0.079482  0.996311  0.147045  -0.985607  0.083406  0.000938  0.000214  0.001306  0.184451  -0.084380  0.057029  2.000000  
265.100062 0.016265  0.095372  -0.015214  0.988567  0.149364  0.020636  -0.032778  0.079295  0.996312  0.147177  -0.985598  0.083285  0.001361  0.000249  0.001433  0.186871  -0.097842  0.062818  2.000000  
265.101068 0.016272  0.095372  -0.015212  0.988520  0.149561  0.021445  -0.033592  0.079168  0.996295  0.147309  -0.985578  0.083283  0.001756  0.000278  0.001535  0.000000  0.000000  0.000000  2.000000  
265.102327 0.016279  0.095373  -0.015207  0.988426  0.150035  0.022455  -0.034607  0.078879  0.996283  0.147706  -0.985529  0.083158  0.002347  0.000296  0.001795  0.191426  -0.157363  0.085867  2.000000  
265.103570 0.016287  0.095374  -0.015203  0.988362  0.150262  0.023693  -0.035827  0.078568  0.996265  0.147839  -0.985519  0.083037  0.002877  0.000368  0.002053  0.193497  -0.198306  0.089399  2.000000  
265.104818 0.016294  0.095376  -0.015199  0.988325  0.150339  0.024737  -0.036845  0.078293  0.996249  0.147839  -0.985529  0.082918  0.003376  0.000435  0.002237  0.198589  -0.232421  0.092333  2.000000  
265.105819 0.016300  0.095377  -0.015195  0.988294  0.150404  0.025557  -0.037659  0.078169  0.996229  0.147839  -0.985529  0.082918  0.003777  0.000501  0.002395  0.194486  -0.259688  0.094657  2.000000  
265.107068 0.016307  0.095378  -0.015190  0.988239  0.150516  0.026993  -0.039083  0.077952  0.996191  0.147839  -0.985529  0.082918  0.004307  0.000574  0.002652  0.197550  -0.307817  0.094289  2.000000  
265.108317 0.016316  0.095380  -0.015184  0.988190  0.150612  0.028223  -0.040303  0.077766  0.996157  0.147839  -0.985529  0.082918  0.004924  0.000675  0.002927  0.195471  -0.348698  0.097770  2.000000  
265.109320 0.016322  0.095383  -0.015179  0.988165  0.150664  0.028820  -0.040914  0.077794  0.996130  0.147839  -0.985519  0.083037  0.005354  0.000836  0.003202  0.190371  -0.369491  0.095044  2.000000  
265.110580 0.016331  0.095387  -0.015172  0.988102  0.150879  0.029816  -0.041930  0.077754  0.996090  0.147971  -0.985490  0.083155  0.005675  0.001061  0.003541  0.183201  -0.403074  0.102409  2.000000  
265.111814 0.016339  0.095390  -0.015166  0.988068  0.150947  0.030618  -0.042744  0.077750  0.996056  0.147971  -0.985480  0.083275  0.005916  0.001245  0.003719  0.175175  -0.430971  0.100314  2.000000  
265.112815 0.016345  0.095393  -0.015161  0.988032  0.151019  0.031402  -0.043557  0.077868  0.996012  0.147971  -0.985459  0.083514  0.006024  0.001436  0.003857  0.167047  -0.458620  0.098211  2.000000  
265.114067 0.016352  0.095395  -0.015158  0.987996  0.151091  0.032185  -0.044371  0.077985  0.995967  0.147971  -0.985439  0.083753  0.006175  0.001572  0.003908  0.154821  -0.485920  0.100568  2.000000  
265.115314 0.016360  0.095396  -0.015157  0.987959  0.151159  0.032987  -0.045185  0.077981  0.995930  0.147971  -0.985429  0.083872  0.006190  0.001628  0.003833  0.146742  -0.513737  0.098437  2.000000  
265.116315 0.016365  0.095397  -0.015155  0.987931  0.151215  0.033566  -0.045795  0.078130  0.995891  0.147971  -0.985408  0.084111  0.006118  0.001645  0.003680  0.136436  -0.530053  0.094940  2.000000  
265.117563 0.016371  0.095399  -0.015153  0.987883  0.151399  0.034151  -0.046404  0.078151  0.995861  0.148103  -0.985379  0.084229  0.006025  0.001716  0.003508  0.128465  -0.554883  0.097453  2.000000  
265.118565 0.016376  0.095399  -0.015153  0.987844  0.151571  0.034513  -0.046810  0.078324  0.995828  0.148236  -0.985338  0.084467  0.005928  0.001674  0.003339  0.115239  -0.574862  0.103680  2.000000  
265.119576 0.016381  0.095399  -0.015153  0.987824  0.151608  0.034905  -0.047216  0.078382  0.995805  0.148236  -0.985328  0.084586  0.005857  0.001561  0.003073  0.105046  -0.588638  0.100297  2.000000  
265.120581 0.016385  0.095397  -0.015155  0.987785  0.151780  0.035267  -0.047622  0.078555  0.995772  0.148368  -0.985288  0.084823  0.005748  0.001331  0.002701  0.094933  -0.602174  0.101493  2.000000  
265.121818 0.016389  0.095393  -0.015158  0.987755  0.151837  0.035845  -0.048232  0.078703  0.995731  0.148368  -0.985267  0.085062  0.005507  0.001033  0.002179  0.081782  -0.623300  0.098825  2.000000  
265.122820 0.016391  0.095390  -0.015161  0.987745  0.151858  0.036031  -0.048436  0.078792  0.995714  0.148368  -0.985257  0.085182  0.005216  0.000707  0.001671  0.070617  -0.630488  0.094892  2.000000  
265.124067 0.016393  0.095386  -0.015165  0.987715  0.151911  0.036628  -0.049046  0.078819  0.995682  0.148368  -0.985246  0.085301  0.004841  0.000250  0.001000  0.061009  -0.646116  0.091396  2.000000  
265.125067 0.016396  0.095382  -0.015170  0.987685  0.152068  0.036785  -0.049248  0.079023  0.995656  0.148500  -0.985206  0.085539  0.004551  -0.000195  0.000356  0.043208  -0.637499  0.095469  2.000000  
265.126319 0.016398  0.095376  -0.015176  0.987655  0.152225  0.036941  -0.049450  0.079227  0.995629  0.148633  -0.985165  0.085776  0.004153  -0.000827  -0.000511  0.027717  -0.611565  0.097418  2.000000  
265.127320 0.016400  0.095372  -0.015182  0.987635  0.152361  0.036911  -0.049449  0.079341  0.995620  0.148765  -0.985135  0.085894  0.003833  -0.001360  -0.001295  0.011578  -0.588081  0.109259  2.000000  
265.128567 0.016402  0.095367  -0.015188  0.987585  0.152654  0.037038  -0.049651  0.079658  0.995585  0.149030  -0.985064  0.086249  0.003431  -0.001899  -0.001978  -0.005627  -0.575942  0.116784  2.000000  
265.129569 0.016404  0.095363  -0.015193  0.987575  0.152679  0.037206  -0.049854  0.079868  0.995558  0.149030  -0.985043  0.086488  0.003174  -0.002219  -0.002413  -0.018926  -0.573687  0.117158  2.000000  
265.130580 0.016405  0.095359  -0.015198  0.987565  0.152705  0.037373  -0.050057  0.080079  0.995531  0.149030  -0.985022  0.086727  0.002961  -0.002476  -0.002792  -0.034140  -0.553779  0.106427  2.000000  
265.131816 0.016407  0.095354  -0.015204  0.987585  0.152587  0.037330  -0.050058  0.080447  0.995501  0.148897  -0.985010  0.087087  0.002599  -0.003010  -0.003372  -0.055521  -0.521486  0.085679  2.000000  
265.132817 0.016408  0.095350  -0.015208  0.987574  0.152613  0.037497  -0.050262  0.080658  0.995474  0.148897  -0.984989  0.087326  0.002349  -0.003292  -0.003701  -0.065159  -0.504092  0.079431  2.000000  
265.134065 0.016409  0.095346  -0.015212  0.987555  0.152758  0.037430  -0.050261  0.081013  0.995445  0.149030  -0.984938  0.087683  0.002065  -0.003541  -0.003917  -0.087415  -0.463129  0.080422  2.000000  
265.135065 0.016409  0.095341  -0.015216  0.987535  0.152899  0.037381  -0.050260  0.081248  0.995426  0.149162  -0.984896  0.087920  0.001774  -0.003780  -0.004132  -0.103575  -0.435613  0.082535  2.000000  
265.136074 0.016409  0.095337  -0.015219  0.987515  0.153039  0.037333  -0.050259  0.081483  0.995407  0.149294  -0.984855  0.088157  0.001489  -0.003929  -0.004243  -0.118722  -0.397907  0.084198  2.000000  
265.137320 0.016410  0.095331  -0.015223  0.987495  0.153184  0.037265  -0.050258  0.081838  0.995378  0.149427  -0.984803  0.088513  0.001317  -0.004015  -0.004228  -0.137114  -0.356645  0.085203  2.000000  
265.138320 0.016410  0.095327  -0.015226  0.987495  0.153198  0.037209  -0.050258  0.082200  0.995348  0.149427  -0.984771  0.088872  0.001186  -0.004067  -0.004224  -0.150390  -0.322493  0.082304  2.000000  
265.139572 0.016412  0.095322  -0.015229  0.987464  0.153360  0.037347  -0.050460  0.082524  0.995311  0.149559  -0.984718  0.089228  0.001131  -0.004113  -0.004115  -0.165681  -0.301627  0.085052  2.000000  
265.140582 0.016412  0.095318  -0.015231  0.987464  0.153369  0.037309  -0.050460  0.082766  0.995291  0.149559  -0.984697  0.089467  0.001061  -0.004089  -0.003871  -0.172745  -0.281424  0.078800  2.000000  
265.141817 0.016415  0.095313  -0.015233  0.987454  0.153400  0.037458  -0.050663  0.083096  0.995253  0.149559  -0.984664  0.089826  0.001055  -0.004035  -0.003536  -0.181038  -0.254294  0.076532  2.000000  
265.142827 0.016416  0.095309  -0.015234  0.987454  0.153413  0.037403  -0.050663  0.083459  0.995223  0.149559  -0.984631  0.090184  0.001039  -0.004012  -0.003298  -0.193256  -0.226948  0.074170  2.000000  
265.144068 0.016419  0.095305  -0.015235  0.987424  0.153576  0.037540  -0.050865  0.083782  0.995185  0.149691  -0.984579  0.090540  0.001100  -0.004012  -0.002909  -0.203209  -0.201026  0.076977  2.000000  
265.145315 0.016423  0.095302  -0.015233  0.987393  0.153743  0.037658  -0.051068  0.084227  0.995137  0.149823  -0.984515  0.091016  0.001222  -0.003886  -0.002379  -0.212109  -0.185632  0.079825  2.000000  
265.146316 0.016427  0.095300  -0.015231  0.987362  0.153901  0.037813  -0.051270  0.084430  0.995110  0.149956  -0.984473  0.091253  0.001387  -0.003760  -0.001952  -0.216780  -0.178031  0.083571  2.000000  
265.147563 0.016432  0.095297  -0.015228  0.987332  0.154064  0.037950  -0.051472  0.084753  0.995072  0.150088  -0.984419  0.091610  0.001559  -0.003635  -0.001436  -0.222939  -0.164404  0.082423  2.000000  
265.148813 0.016436  0.095293  -0.015226  0.987291  0.154249  0.038272  -0.051878  0.085166  0.995015  0.150220  -0.984355  0.092085  0.001788  -0.003597  -0.000969  -0.234229  -0.156257  0.081185  2.000000  
265.149814 0.016439  0.095289  -0.015223  0.987260  0.154407  0.038427  -0.052080  0.085368  0.994987  0.150353  -0.984312  0.092322  0.002017  -0.003561  -0.000490  -0.235233  -0.149071  0.085055  2.000000  
265.150817 0.016443  0.095285  -0.015220  0.987218  0.154588  0.038769  -0.052485  0.085660  0.994941  0.150485  -0.984259  0.092678  0.002227  -0.003558  -0.000097  -0.243286  -0.149039  0.085086  2.000000  
265.152064 0.016446  0.095280  -0.015215  0.987187  0.154751  0.038905  -0.052687  0.085983  0.994902  0.150617  -0.984205  0.093035  0.002434  -0.003515  0.000450  -0.248338  -0.141848  0.088959  2.000000  
265.153070 0.016450  0.095277  -0.015210  0.987145  0.154928  0.039264  -0.053093  0.086154  0.994866  0.150749  -0.984162  0.093272  0.002605  -0.003412  0.001016  -0.254463  -0.142599  0.094201  2.000000  
265.154318 0.016454  0.095273  -0.015203  0.987094  0.155223  0.039388  -0.053294  0.086469  0.994828  0.151014  -0.984088  0.093626  0.002809  -0.003328  0.001705  -0.259579  -0.135363  0.098116  2.000000  
265.155572 0.016458  0.095270  -0.015194  0.987032  0.155536  0.039716  -0.053698  0.086753  0.994782  0.151278  -0.984013  0.093980  0.003022  -0.003185  0.002448  -0.263563  -0.134887  0.102610  2.000000  
265.156817 0.016462  0.095267  -0.015186  0.986989  0.155722  0.040037  -0.054103  0.087165  0.994724  0.151411  -0.983948  0.094456  0.003208  -0.003032  0.003228  -0.269661  -0.148493  0.103923  2.000000  
265.158068 0.016466  0.095264  -0.015178  0.986926  0.156036  0.040365  -0.054507  0.087448  0.994677  0.151675  -0.983873  0.094810  0.003305  -0.002920  0.003893  -0.272658  -0.154853  0.109068  2.000000  
265.159317 0.016470  0.095262  -0.015170  0.986884  0.156218  0.040705  -0.054913  0.087738  0.994629  0.151807  -0.983818  0.095166  0.003339  -0.002795  0.004360  -0.271625  -0.161640  0.109765  2.000000  
265.160581 0.016474  0.095259  -0.015163  0.986820  0.156537  0.041013  -0.055317  0.088142  0.994571  0.152072  -0.983731  0.095639  0.003277  -0.002823  0.004658  -0.274461  -0.167464  0.119345  2.000000  
265.161815 0.016478  0.095257  -0.015156  0.986757  0.156851  0.041340  -0.055721  0.088424  0.994523  0.152336  -0.983656  0.095993  0.003254  -0.002781  0.004899  -0.274305  -0.178404  0.133052  2.000000  
265.163063 0.016482  0.095254  -0.015149  0.986725  0.157021  0.041456  -0.055923  0.088867  0.994472  0.152469  -0.983589  0.096469  0.003185  -0.002784  0.005187  -0.282755  -0.178176  0.137741  2.000000  
265.164313 0.016485  0.095249  -0.015142  0.986661  0.157335  0.041782  -0.056327  0.089149  0.994424  0.152733  -0.983513  0.096822  0.003149  -0.002758  0.005500  -0.280374  -0.191047  0.143382  2.000000  
265.165314 0.016488  0.095246  -0.015136  0.986609  0.157627  0.041923  -0.056527  0.089343  0.994396  0.152998  -0.983449  0.097057  0.003079  -0.002712  0.005687  -0.275185  -0.197288  0.148481  2.000000  
265.166570 0.016490  0.095241  -0.015130  0.986544  0.157941  0.042249  -0.056931  0.089625  0.994347  0.153262  -0.983373  0.097411  0.002997  -0.002723  0.005826  -0.277346  -0.210506  0.154387  2.000000  
265.167821 0.016492  0.095235  -0.015124  0.986500  0.158125  0.042587  -0.057336  0.089914  0.994298  0.153394  -0.983317  0.097767  0.002866  -0.002867  0.005822  -0.274976  -0.223753  0.155596  2.000000  
265.169072 0.016493  0.095228  -0.015119  0.986427  0.158548  0.042715  -0.057536  0.090100  0.994269  0.153791  -0.983232  0.097999  0.002692  -0.003102  0.005705  -0.267975  -0.231487  0.166561  2.000000  
265.170318 0.016495  0.095221  -0.015114  0.986374  0.158845  0.042835  -0.057737  0.090414  0.994229  0.154055  -0.983155  0.098353  0.002529  -0.003347  0.005435  -0.269798  -0.228696  0.174150  2.000000  
265.171318 0.016496  0.095215  -0.015112  0.986321  0.159136  0.042975  -0.057937  0.090607  0.994200  0.154320  -0.983090  0.098587  0.002431  -0.003537  0.005172  -0.265726  -0.227792  0.183102  2.000000  
265.172323 0.016498  0.095209  -0.015110  0.986268  0.159428  0.043115  -0.058138  0.090800  0.994171  0.154584  -0.983025  0.098821  0.002308  -0.003801  0.004844  -0.262767  -0.235568  0.194296  2.000000  
265.173569 0.016500  0.095202  -0.015108  0.986214  0.159725  0.043235  -0.058338  0.091113  0.994130  0.154848  -0.982948  0.099175  0.002179  -0.004107  0.004417  -0.258629  -0.235038  0.198865  2.000000  
265.174577 0.016501  0.095196  -0.015108  0.986161  0.160017  0.043374  -0.058539  0.091306  0.994101  0.155113  -0.982882  0.099409  0.002019  -0.004409  0.004050  -0.258486  -0.234465  0.203324  2.000000  
265.175817 0.016503  0.095188  -0.015107  0.986128  0.160178  0.043527  -0.058741  0.091506  0.994071  0.155245  -0.982838  0.099646  0.001871  -0.004758  0.003654  -0.252367  -0.232546  0.201788  2.000000  
265.176817 0.016505  0.095182  -0.015107  0.986087  0.160451  0.043461  -0.058738  0.091732  0.994050  0.155509  -0.982772  0.099880  0.001763  -0.004990  0.003283  -0.251393  -0.227167  0.207349  2.000000  
265.178072 0.016505  0.095173  -0.015107  0.986033  0.160743  0.043600  -0.058939  0.091924  0.994020  0.155774  -0.982706  0.100114  0.001563  -0.005376  0.002747  -0.247226  -0.226622  0.211858  2.000000  
265.179319 0.016507  0.095165  -0.015107  0.985991  0.161021  0.043515  -0.058936  0.092270  0.993988  0.156038  -0.982628  0.100467  0.001426  -0.005704  0.002258  -0.246233  -0.217525  0.214006  2.000000  
265.180578 0.016508  0.095156  -0.015108  0.985949  0.161294  0.043449  -0.058934  0.092495  0.993968  0.156302  -0.982562  0.100702  0.001308  -0.005944  0.001731  -0.244254  -0.203525  0.217190  2.000000  
265.181814 0.016508  0.095148  -0.015108  0.985908  0.161572  0.043363  -0.058931  0.092841  0.993935  0.156567  -0.982484  0.101055  0.001201  -0.006158  0.001311  -0.246310  -0.189498  0.220364  2.000000  
265.183068 0.016509  0.095140  -0.015109  0.985854  0.161864  0.043502  -0.059132  0.093034  0.993906  0.156831  -0.982418  0.101289  0.001100  -0.006251  0.000841  -0.243292  -0.182247  0.224203  2.000000  
265.184323 0.016509  0.095131  -0.015111  0.985833  0.162006  0.043449  -0.059131  0.093267  0.993884  0.156963  -0.982372  0.101525  0.001024  -0.006406  0.000392  -0.239203  -0.170476  0.220262  2.000000  
265.185577 0.016510  0.095123  -0.015112  0.985791  0.162279  0.043382  -0.059128  0.093492  0.993863  0.157227  -0.982306  0.101759  0.000951  -0.006467  0.000106  -0.236109  -0.163576  0.219604  2.000000  
265.186579 0.016510  0.095116  -0.015113  0.985770  0.162421  0.043329  -0.059127  0.093725  0.993841  0.157359  -0.982260  0.101995  0.000848  -0.006505  -0.000184  -0.234134  -0.149897  0.218285  2.000000  
265.187817 0.016511  0.095109  -0.015113  0.985740  0.162674  0.043058  -0.058921  0.093984  0.993829  0.157624  -0.982193  0.102229  0.000762  -0.006492  -0.000301  -0.233326  -0.129482  0.216381  2.000000  
265.188818 0.016511  0.095104  -0.015113  0.985719  0.162816  0.043005  -0.058920  0.094218  0.993807  0.157756  -0.982148  0.102465  0.000727  -0.006407  -0.000331  -0.235436  -0.115815  0.215034  2.000000  
265.189821 0.016512  0.095099  -0.015113  0.985677  0.163084  0.042958  -0.058917  0.094322  0.993797  0.158020  -0.982093  0.102580  0.000704  -0.006330  -0.000401  -0.228306  -0.108496  0.218832  2.000000  
265.191070 0.016514  0.095094  -0.015112  0.985655  0.163225  0.042904  -0.058916  0.094556  0.993775  0.158152  -0.982047  0.102816  0.000689  -0.006210  -0.000367  -0.222270  -0.095261  0.213018  2.000000  
265.192319 0.016516  0.095088  -0.015111  0.985613  0.163498  0.042837  -0.058914  0.094781  0.993753  0.158416  -0.981980  0.103050  0.000737  -0.006032  -0.000287  -0.220400  -0.081623  0.211751  2.000000  
265.193570 0.016517  0.095082  -0.015111  0.985580  0.163659  0.042988  -0.059115  0.094981  0.993722  0.158549  -0.981934  0.103286  0.000745  -0.005879  -0.000269  -0.216208  -0.081976  0.207211  2.000000  
265.194818 0.016520  0.095076  -0.015111  0.985559  0.163801  0.042935  -0.059114  0.095214  0.993700  0.158681  -0.981888  0.103522  0.000846  -0.005631  -0.000268  -0.214286  -0.068316  0.205860  2.000000  
265.195819 0.016521  0.095072  -0.015112  0.985538  0.163942  0.042881  -0.059113  0.095447  0.993678  0.158813  -0.981842  0.103758  0.000885  -0.005514  -0.000241  -0.211248  -0.061903  0.200690  2.000000  
265.197066 0.016523  0.095067  -0.015111  0.985504  0.164098  0.043052  -0.059314  0.095526  0.993658  0.158945  -0.981808  0.103875  0.000996  -0.005283  -0.000195  -0.206564  -0.054623  0.198394  2.000000  
265.198312 0.016526  0.095062  -0.015110  0.985462  0.164371  0.042984  -0.059312  0.095751  0.993637  0.159209  -0.981740  0.104108  0.001137  -0.005042  0.000002  -0.203562  -0.047814  0.197706  2.000000  
265.199318 0.016528  0.095059  -0.015108  0.985440  0.164507  0.042951  -0.059311  0.095864  0.993626  0.159341  -0.981706  0.104225  0.001267  -0.004776  0.000189  -0.200601  -0.041495  0.192603  2.000000  
265.200579 0.016531  0.095056  -0.015105  0.985407  0.164663  0.043121  -0.059512  0.095942  0.993606  0.159473  -0.981673  0.104342  0.001456  -0.004401  0.000503  -0.192509  -0.041906  0.188185  2.000000  
265.201813 0.016534  0.095052  -0.015102  0.985373  0.164825  0.043272  -0.059714  0.096142  0.993575  0.159605  -0.981626  0.104578  0.001608  -0.004173  0.000722  -0.192489  -0.042775  0.179316  2.000000  
265.202827 0.016537  0.095050  -0.015099  0.985352  0.164961  0.043238  -0.059712  0.096254  0.993564  0.159737  -0.981592  0.104695  0.001774  -0.003881  0.000926  -0.188035  -0.029943  0.174875  2.000000  
265.204069 0.016540  0.095048  -0.015097  0.985318  0.165117  0.043408  -0.059914  0.096333  0.993544  0.159869  -0.981558  0.104811  0.001899  -0.003675  0.001064  -0.184017  -0.030386  0.170471  2.000000  
265.205317 0.016543  0.095045  -0.015094  0.985285  0.165273  0.043579  -0.060116  0.096411  0.993525  0.160002  -0.981524  0.104928  0.001969  -0.003488  0.001218  -0.177336  -0.037300  0.165309  2.000000  
265.206573 0.016546  0.095043  -0.015090  0.985251  0.165429  0.043749  -0.060317  0.096490  0.993505  0.160134  -0.981490  0.105045  0.002043  -0.003187  0.001405  0.000000  0.000000  0.000000  2.000000  
265.207574 0.016548  0.095042  -0.015087  0.985229  0.165566  0.043715  -0.060316  0.096602  0.993494  0.160266  -0.981456  0.105162  0.002132  -0.002941  0.001612  0.000000  0.000000  0.000000  2.000000  
265.208817 0.016551  0.095041  -0.015084  0.985196  0.165722  0.043886  -0.060517  0.096681  0.993474  0.160398  -0.981422  0.105278  0.002186  -0.002637  0.001841  0.000000  0.000000  0.000000  2.000000  
265.210069 0.016553  0.095040  -0.015080  0.985162  0.165878  0.044056  -0.060719  0.096759  0.993454  0.160530  -0.981388  0.105395  0.002184  -0.002353  0.002125  0.000000  0.000000  0.000000  2.000000  
265.211314 0.016555  0.095039  -0.015076  0.985128  0.166035  0.044226  -0.060920  0.096837  0.993434  0.160662  -0.981354  0.105512  0.002213  -0.002066  0.002374  0.000000  0.000000  0.000000  2.000000  
265.212318 0.016556  0.095038  -0.015073  0.985094  0.166191  0.044397  -0.061122  0.096915  0.993414  0.160794  -0.981319  0.105629  0.002187  -0.001806  0.002503  0.000000  0.000000  0.000000  2.000000  
265.213569 0.016558  0.095038  -0.015070  0.985072  0.166322  0.044382  -0.061120  0.096907  0.993415  0.160926  -0.981298  0.105626  0.002131  -0.001594  0.002585  0.000000  0.000000  0.000000  2.000000  
265.214570 0.016559  0.095037  -0.015068  0.985038  0.166479  0.044553  -0.061322  0.096985  0.993395  0.161058  -0.981264  0.105743  0.002039  -0.001361  0.002619  0.000000  0.000000  0.000000  2.000000  
265.215817 0.016561  0.095038  -0.015065  0.985004  0.166630  0.044743  -0.061523  0.096943  0.993387  0.161190  -0.981242  0.105741  0.001935  -0.001134  0.002580  0.000000  0.000000  0.000000  2.000000  
265.217079 0.016562  0.095038  -0.015064  0.984982  0.166766  0.044709  -0.061522  0.097055  0.993376  0.161322  -0.981208  0.105857  0.001797  -0.000935  0.002514  0.000000  0.000000  0.000000  2.000000  
265.218315 0.016563  0.095037  -0.015063  0.984927  0.167048  0.044885  -0.061722  0.097004  0.993368  0.161586  -0.981165  0.105853  0.001669  -0.000784  0.002392  0.000000  0.000000  0.000000  2.000000  
265.219338 0.016563  0.095037  -0.015062  0.984892  0.167199  0.045075  -0.061923  0.096962  0.993360  0.161718  -0.981144  0.105851  0.001539  -0.000608  0.002252  0.000000  0.000000  0.000000  2.000000  
265.220581 0.016564  0.095037  -0.015061  0.984858  0.167356  0.045245  -0.062125  0.097040  0.993340  0.161850  -0.981109  0.105967  0.001395  -0.000472  0.002136  0.000000  0.000000  0.000000  2.000000  
265.221817 0.016564  0.095036  -0.015061  0.984836  0.167487  0.045231  -0.062123  0.097031  0.993341  0.161982  -0.981088  0.105965  0.001200  -0.000401  0.001934  0.000000  0.000000  0.000000  2.000000  
265.223067 0.016565  0.095036  -0.015060  0.984780  0.167769  0.045407  -0.062323  0.096980  0.993333  0.162246  -0.981045  0.105960  0.001052  -0.000376  0.001754  0.000000  0.000000  0.000000  2.000000  
265.224067 0.016565  0.095035  -0.015060  0.984758  0.167900  0.045393  -0.062322  0.096972  0.993334  0.162378  -0.981023  0.105958  0.000897  -0.000342  0.001549  0.000000  0.000000  0.000000  2.000000  
265.225071 0.016565  0.095035  -0.015059  0.984724  0.168050  0.045584  -0.062523  0.096929  0.993326  0.162510  -0.981001  0.105956  0.000810  -0.000298  0.001381  0.000000  0.000000  0.000000  2.000000  
265.226317 0.016565  0.095035  -0.015059  0.984702  0.168181  0.045569  -0.062522  0.096921  0.993326  0.162642  -0.980980  0.105953  0.000680  -0.000231  0.001130  0.000000  0.000000  0.000000  2.000000  
265.227318 0.016566  0.095035  -0.015060  0.984668  0.168332  0.045760  -0.062723  0.096878  0.993318  0.162774  -0.980958  0.105951  0.000574  -0.000220  0.000898  0.000000  0.000000  0.000000  2.000000  
265.228563 0.016566  0.095035  -0.015061  0.984624  0.168594  0.045732  -0.062721  0.096861  0.993320  0.163038  -0.980915  0.105946  0.000503  -0.000180  0.000639  0.000000  0.000000  0.000000  2.000000  
265.229569 0.016566  0.095035  -0.015062  0.984589  0.168745  0.045922  -0.062922  0.096818  0.993311  0.163170  -0.980893  0.105944  0.000440  -0.000143  0.000395  0.000000  0.000000  0.000000  2.000000  
265.230579 0.016566  0.095035  -0.015064  0.984568  0.168876  0.045908  -0.062921  0.096810  0.993312  0.163302  -0.980871  0.105941  0.000321  -0.000169  0.000106  0.000000  0.000000  0.000000  2.000000  
265.231815 0.016565  0.095035  -0.015066  0.984533  0.169022  0.046119  -0.063122  0.096646  0.993315  0.163434  -0.980863  0.105820  0.000215  -0.000159  -0.000125  0.000000  0.000000  0.000000  2.000000  
265.232815 0.016565  0.095036  -0.015067  0.984511  0.169153  0.046104  -0.063120  0.096638  0.993316  0.163566  -0.980841  0.105818  0.000169  -0.000110  -0.000255  0.000000  0.000000  0.000000  2.000000  
265.233815 0.016565  0.095037  -0.015067  0.984467  0.169414  0.046076  -0.063118  0.096621  0.993318  0.163830  -0.980797  0.105813  0.000103  -0.000057  -0.000308  0.000000  0.000000  0.000000  2.000000  
265.235064 0.016565  0.095037  -0.015068  0.984432  0.169565  0.046267  -0.063319  0.096578  0.993309  0.163962  -0.980775  0.105811  0.000038  0.000020  -0.000410  0.000000  0.000000  0.000000  2.000000  
265.236082 0.016565  0.095038  -0.015068  0.984410  0.169696  0.046252  -0.063318  0.096569  0.993310  0.164094  -0.980754  0.105808  0.000039  0.000069  -0.000518  0.000000  0.000000  0.000000  2.000000  
265.237318 0.016565  0.095038  -0.015070  0.984375  0.169847  0.046443  -0.063519  0.096526  0.993302  0.164226  -0.980732  0.105806  0.000027  0.000144  -0.000619  0.000000  0.000000  0.000000  2.000000  
265.238576 0.016565  0.095038  -0.015071  0.984340  0.169992  0.046654  -0.063720  0.096362  0.993305  0.164358  -0.980723  0.105685  0.000028  0.000219  -0.000780  0.000000  0.000000  0.000000  2.000000  
265.239818 0.016566  0.095039  -0.015072  0.984296  0.170254  0.046626  -0.063717  0.096345  0.993306  0.164622  -0.980679  0.105680  0.000028  0.000268  -0.000882  0.000000  0.000000  0.000000  2.000000  
265.240820 0.016566  0.095039  -0.015073  0.984261  0.170405  0.046816  -0.063918  0.096301  0.993298  0.164754  -0.980657  0.105678  0.000051  0.000261  -0.000962  0.000000  0.000000  0.000000  2.000000  
265.242070 0.016567  0.095040  -0.015074  0.984226  0.170556  0.047006  -0.064120  0.096258  0.993289  0.164886  -0.980635  0.105675  0.000114  0.000345  -0.000966  0.000000  0.000000  0.000000  2.000000  
265.243318 0.016568  0.095041  -0.015074  0.984169  0.170832  0.047203  -0.064319  0.096085  0.993293  0.165150  -0.980604  0.105552  0.000166  0.000409  -0.000879  0.000000  0.000000  0.000000  2.000000  
265.244564 0.016570  0.095042  -0.015074  0.984134  0.170982  0.047394  -0.064520  0.096041  0.993284  0.165282  -0.980582  0.105549  0.000237  0.000435  -0.000809  0.000000  0.000000  0.000000  2.000000  
265.245574 0.016570  0.095042  -0.015074  0.984098  0.171133  0.047584  -0.064722  0.095997  0.993275  0.165414  -0.980560  0.105547  0.000311  0.000442  -0.000704  0.000000  0.000000  0.000000  2.000000  
265.246815 0.016571  0.095042  -0.015075  0.984041  0.171409  0.047781  -0.064921  0.095824  0.993279  0.165678  -0.980529  0.105423  0.000414  0.000401  -0.000588  0.000000  0.000000  0.000000  2.000000  
265.248068 0.016573  0.095042  -0.015074  0.984005  0.171559  0.047972  -0.065122  0.095780  0.993270  0.165810  -0.980507  0.105421  0.000501  0.000405  -0.000521  0.000000  0.000000  0.000000  2.000000  
265.249318 0.016573  0.095042  -0.015074  0.983947  0.171835  0.048169  -0.065322  0.095607  0.993274  0.166074  -0.980475  0.105297  0.000558  0.000346  -0.000460  0.000000  0.000000  0.000000  2.000000  
265.250318 0.016574  0.095043  -0.015075  0.983898  0.172005  0.048564  -0.065726  0.095528  0.993255  0.166206  -0.980453  0.105295  0.000611  0.000354  -0.000435  0.000000  0.000000  0.000000  2.000000  
265.251564 0.016575  0.095043  -0.015075  0.983862  0.172156  0.048754  -0.065927  0.095484  0.993245  0.166338  -0.980431  0.105292  0.000655  0.000322  -0.000385  0.000000  0.000000  0.000000  2.000000  
265.252573 0.016576  0.095043  -0.015075  0.983804  0.172431  0.048951  -0.066126  0.095310  0.993249  0.166602  -0.980400  0.105169  0.000740  0.000335  -0.000284  0.000000  0.000000  0.000000  2.000000  
265.253817 0.016577  0.095043  -0.015074  0.983755  0.172601  0.049346  -0.066530  0.095230  0.993230  0.166734  -0.980377  0.105166  0.000772  0.000317  -0.000160  0.000000  0.000000  0.000000  2.000000  
265.254818 0.016577  0.095043  -0.015074  0.983697  0.172883  0.049523  -0.066729  0.095177  0.993221  0.166997  -0.980333  0.105162  0.000771  0.000284  -0.000147  0.000000  0.000000  0.000000  2.000000  
265.255818 0.016578  0.095044  -0.015074  0.983661  0.173027  0.049734  -0.066930  0.095012  0.993224  0.167129  -0.980324  0.105040  0.000779  0.000321  -0.000045  0.000000  0.000000  0.000000  2.000000  
265.257068 0.016579  0.095045  -0.015073  0.983602  0.173308  0.049911  -0.067130  0.094958  0.993215  0.167393  -0.980279  0.105036  0.000767  0.000301  0.000045  0.000000  0.000000  0.000000  2.000000  
265.258318 0.016579  0.095045  -0.015073  0.983530  0.173603  0.050313  -0.067532  0.094749  0.993208  0.167657  -0.980247  0.104912  0.000736  0.000247  0.000071  0.060069  -0.146007  0.173991  2.000000  
265.259320 0.016580  0.095045  -0.015072  0.983493  0.173753  0.050503  -0.067733  0.094704  0.993199  0.167789  -0.980225  0.104909  0.000682  0.000232  0.000171  0.060099  -0.146021  0.174012  2.000000  
265.260580 0.016581  0.095046  -0.015071  0.983421  0.174054  0.050884  -0.068135  0.094614  0.993180  0.168053  -0.980180  0.104905  0.000689  0.000294  0.000224  0.062390  -0.159018  0.179843  2.000000  
265.261818 0.016581  0.095047  -0.015071  0.983362  0.174329  0.051082  -0.068334  0.094440  0.993183  0.168316  -0.980148  0.104781  0.000635  0.000296  0.000231  0.062471  -0.159116  0.179919  2.000000  
265.263066 0.016581  0.095047  -0.015071  0.983288  0.174630  0.051463  -0.068736  0.094350  0.993163  0.168580  -0.980103  0.104776  0.000571  0.000292  0.000234  0.064801  -0.172187  0.185834  2.000000  
265.264313 0.016581  0.095047  -0.015071  0.983229  0.174904  0.051660  -0.068935  0.094175  0.993166  0.168844  -0.980071  0.104653  0.000517  0.000294  0.000241  0.068374  -0.170360  0.188796  2.000000  
265.265318 0.016581  0.095047  -0.015071  0.983170  0.175185  0.051837  -0.069134  0.094121  0.993157  0.169108  -0.980026  0.104648  0.000474  0.000268  0.000258  0.070137  -0.178531  0.191068  2.000000  
265.266565 0.016581  0.095047  -0.015071  0.983074  0.175616  0.052204  -0.069534  0.094021  0.993139  0.169503  -0.979959  0.104641  0.000384  0.000272  0.000236  0.070757  -0.182826  0.199084  2.000000  
265.267567 0.016581  0.095047  -0.015071  0.983037  0.175760  0.052416  -0.069735  0.093855  0.993141  0.169635  -0.979949  0.104519  0.000335  0.000242  0.000249  0.075954  -0.189073  0.204212  2.000000  
265.268821 0.016581  0.095047  -0.015071  0.982954  0.176172  0.052578  -0.069932  0.093791  0.993133  0.170031  -0.979881  0.104512  0.000297  0.000243  0.000220  0.072566  -0.190132  0.210331  2.000000  
265.270067 0.016581  0.095047  -0.015071  0.982857  0.176596  0.052967  -0.070332  0.093570  0.993125  0.170426  -0.979826  0.104386  0.000261  0.000210  0.000193  0.077228  -0.194373  0.218207  2.000000  
265.271075 0.016581  0.095046  -0.015072  0.982797  0.176877  0.053143  -0.070531  0.093514  0.993116  0.170690  -0.979780  0.104381  0.000213  0.000149  0.000109  0.078426  -0.200628  0.223373  2.000000  
265.272321 0.016582  0.095046  -0.015073  0.982714  0.177282  0.053327  -0.070729  0.093329  0.993120  0.171085  -0.979725  0.104255  0.000202  0.000110  0.000005  0.083248  -0.201861  0.229737  2.000000  
265.273569 0.016582  0.095046  -0.015074  0.982639  0.177582  0.053709  -0.071130  0.093237  0.993100  0.171349  -0.979679  0.104250  0.000142  0.000076  -0.000092  0.079693  -0.206395  0.232917  2.000000  
265.274579 0.016582  0.095047  -0.015075  0.982556  0.177993  0.053871  -0.071327  0.093172  0.993092  0.171745  -0.979611  0.104243  0.000122  0.000066  -0.000206  0.080379  -0.207043  0.243678  2.000000  
265.275818 0.016582  0.095046  -0.015075  0.982472  0.178398  0.054056  -0.071525  0.092987  0.993095  0.172140  -0.979555  0.104117  0.000070  0.000002  -0.000294  0.080484  -0.206652  0.248206  2.000000  
265.277068 0.016582  0.095046  -0.015075  0.982389  0.178810  0.054218  -0.071722  0.092921  0.993087  0.172535  -0.979486  0.104109  0.000038  -0.000028  -0.000316  0.080547  -0.205688  0.257151  2.000000  
265.278313 0.016582  0.095046  -0.015076  0.982290  0.179233  0.054607  -0.072121  0.092698  0.993079  0.172931  -0.979430  0.103983  0.000049  -0.000031  -0.000351  0.085179  -0.210279  0.260212  2.000000  
265.279316 0.016582  0.095046  -0.015076  0.982229  0.179514  0.054784  -0.072320  0.092642  0.993070  0.173194  -0.979384  0.103978  0.000050  -0.000032  -0.000357  0.081180  -0.209804  0.264622  2.000000  
265.280578 0.016582  0.095046  -0.015076  0.982121  0.180049  0.054955  -0.072516  0.092446  0.993074  0.173721  -0.979304  0.103850  0.000050  -0.000032  -0.000356  0.084138  -0.201667  0.277201  2.000000  
265.281814 0.016582  0.095046  -0.015076  0.982037  0.180460  0.055118  -0.072713  0.092380  0.993065  0.174117  -0.979234  0.103842  0.000061  -0.000059  -0.000341  0.084211  -0.201172  0.281623  2.000000  
265.283070 0.016582  0.095046  -0.015076  0.981937  0.180890  0.055485  -0.073112  0.092277  0.993046  0.174512  -0.979165  0.103835  0.000050  -0.000056  -0.000306  0.080229  -0.200232  0.290478  2.000000  
265.284320 0.016582  0.095046  -0.015076  0.981852  0.181294  0.055670  -0.073309  0.092090  0.993048  0.174907  -0.979108  0.103709  0.000038  -0.000028  -0.000311  0.085061  -0.201449  0.297389  2.000000  
265.285341 0.016582  0.095047  -0.015076  0.981767  0.181705  0.055833  -0.073505  0.092023  0.993040  0.175302  -0.979038  0.103702  0.000058  0.000006  -0.000252  0.079824  -0.194070  0.300928  2.000000  
265.286572 0.016582  0.095047  -0.015076  0.981666  0.182135  0.056200  -0.073904  0.091919  0.993020  0.175697  -0.978968  0.103694  0.000047  0.000010  -0.000212  0.081118  -0.200437  0.306241  2.000000  
265.287817 0.016583  0.095047  -0.015075  0.981557  0.182669  0.056371  -0.074099  0.091721  0.993024  0.176224  -0.978887  0.103565  0.000066  0.000043  -0.000146  0.084578  -0.197394  0.317040  2.000000  
265.288822 0.016583  0.095047  -0.015074  0.981471  0.183080  0.056534  -0.074296  0.091654  0.993015  0.176619  -0.978816  0.103558  0.000075  0.000057  0.000006  0.080089  -0.191783  0.323406  2.000000  
265.290067 0.016584  0.095048  -0.015074  0.981370  0.183509  0.056902  -0.074695  0.091549  0.992995  0.177015  -0.978746  0.103551  0.000105  0.000085  0.000029  0.080673  -0.195972  0.330328  2.000000  
265.291072 0.016584  0.095048  -0.015073  0.981283  0.183920  0.057065  -0.074892  0.091481  0.992987  0.177410  -0.978675  0.103543  0.000127  0.000096  0.000144  0.080851  -0.195732  0.335181  2.000000  
265.292318 0.016584  0.095048  -0.015072  0.981158  0.184473  0.057441  -0.075288  0.091245  0.992978  0.177936  -0.978593  0.103414  0.000135  0.000134  0.000248  0.080847  -0.194581  0.343628  2.000000  
265.293569 0.016584  0.095049  -0.015071  0.981031  0.185032  0.057794  -0.075685  0.091129  0.992959  0.178463  -0.978498  0.103404  0.000152  0.000165  0.000306  0.081602  -0.195206  0.355380  2.000000  
265.294571 0.016585  0.095049  -0.015070  0.980944  0.185443  0.057957  -0.075881  0.091060  0.992950  0.178858  -0.978427  0.103397  0.000187  0.000173  0.000385  0.077598  -0.194728  0.359818  2.000000  
265.295816 0.016585  0.095050  -0.015069  0.980794  0.186133  0.058297  -0.076276  0.090933  0.992932  0.179516  -0.978308  0.103384  0.000238  0.000238  0.000472  0.078279  -0.198451  0.370945  2.000000  
265.296818 0.016586  0.095050  -0.015067  0.980666  0.186685  0.058674  -0.076672  0.090695  0.992923  0.180042  -0.978224  0.103255  0.000247  0.000275  0.000576  0.080221  -0.205920  0.383599  2.000000  
265.298063 0.016586  0.095051  -0.015066  0.980538  0.187244  0.059027  -0.077068  0.090577  0.992903  0.180569  -0.978128  0.103245  0.000294  0.000334  0.000653  0.079671  -0.203299  0.389372  2.000000  
265.299068 0.016587  0.095052  -0.015064  0.980426  0.187785  0.059177  -0.077263  0.090498  0.992895  0.181095  -0.978032  0.103235  0.000350  0.000379  0.000801  0.079787  -0.202813  0.393815  2.000000  
265.300313 0.016587  0.095052  -0.015063  0.980257  0.188493  0.059721  -0.077859  0.090330  0.992864  0.181753  -0.977912  0.103222  0.000322  0.000381  0.000869  0.078269  -0.214830  0.408507  2.000000  
265.301315 0.016588  0.095053  -0.015061  0.980144  0.189033  0.059870  -0.078053  0.090250  0.992856  0.182279  -0.977815  0.103212  0.000372  0.000443  0.000953  0.078369  -0.213861  0.417356  2.000000  
265.302333 0.016588  0.095053  -0.015060  0.980014  0.189592  0.060224  -0.078448  0.090130  0.992836  0.182806  -0.977717  0.103202  0.000378  0.000426  0.001018  0.075032  -0.215075  0.425097  2.000000  
265.303590 0.016589  0.095054  -0.015058  0.979844  0.190299  0.060769  -0.079044  0.089960  0.992804  0.183463  -0.977596  0.103189  0.000398  0.000459  0.001082  0.077598  -0.227561  0.435317  2.000000  
265.304818 0.016590  0.095056  -0.015056  0.979664  0.191119  0.061095  -0.079435  0.089819  0.992785  0.184252  -0.977449  0.103174  0.000438  0.000528  0.001210  0.074342  -0.230700  0.450505  2.000000  
265.305819 0.016590  0.095056  -0.015055  0.979508  0.191807  0.061435  -0.079829  0.089687  0.992766  0.184910  -0.977326  0.103161  0.000458  0.000586  0.001224  0.076342  -0.238405  0.463891  2.000000  
265.306820 0.016591  0.095057  -0.015054  0.979376  0.192366  0.061788  -0.080224  0.089565  0.992745  0.185436  -0.977228  0.103150  0.000490  0.000616  0.001247  0.077719  -0.244689  0.469101  2.000000  
265.308067 0.016591  0.095059  -0.015052  0.979153  0.193333  0.062305  -0.080814  0.089371  0.992714  0.186356  -0.977054  0.103132  0.000479  0.000670  0.001319  0.075076  -0.249541  0.487655  2.000000  
265.309071 0.016592  0.095059  -0.015052  0.978995  0.194021  0.062645  -0.081207  0.089237  0.992694  0.187013  -0.976930  0.103119  0.000498  0.000702  0.001249  0.077123  -0.259662  0.498717  2.000000  
265.310317 0.016593  0.095060  -0.015051  0.978812  0.194839  0.062972  -0.081598  0.089092  0.992675  0.187802  -0.976781  0.103103  0.000498  0.000702  0.001250  0.073880  -0.260817  0.511696  2.000000  
265.311567 0.016593  0.095061  -0.015050  0.978585  0.195806  0.063488  -0.082188  0.088895  0.992644  0.188722  -0.976605  0.103085  0.000519  0.000785  0.001213  0.075922  -0.269621  0.530897  2.000000  
265.312570 0.016593  0.095062  -0.015049  0.978408  0.196512  0.064033  -0.082781  0.088719  0.992611  0.189379  -0.976479  0.103071  0.000475  0.000783  0.001179  0.079243  -0.284794  0.541034  2.000000  
265.313815 0.016595  0.095064  -0.015048  0.978180  0.197478  0.064550  -0.083371  0.088520  0.992579  0.190298  -0.976303  0.103053  0.000530  0.000806  0.001122  0.076017  -0.286860  0.559539  2.000000  
