1-Time 2-Px 3-Py 4-Pz 5-R11 6-R21 7-R31 8-R12 9-R22 10-R32 11-R13 12-R23 13-R33 14-Vx 15-Vy 16-Vz 17-Wx 18-Wy 19-Wz 20-state 21-PR11 22-PR21 23-PR31 24-PR12 25-PR22 26-PR32 27-PR13 28-PR23 29-PR33 
94.674170 0.001659  0.085944  -0.005235  0.995065  0.095460  -0.027091  -0.094929  0.995278  0.020252  0.028896  -0.017580  0.999428  0.000618  0.000514  0.000284  0.000000  0.000000  0.000000  2.000000  
94.675175 0.001659  0.085944  -0.005234  0.995065  0.095460  -0.027091  -0.094929  0.995278  0.020252  0.028896  -0.017580  0.999428  0.000625  0.000489  0.000295  0.000000  0.000000  0.000000  2.000000  
94.676175 0.001659  0.085942  -0.005234  0.995025  0.095870  -0.027083  -0.095339  0.995239  0.020263  0.028896  -0.017580  0.999428  0.000634  0.000359  0.000285  0.000000  0.000000  0.000000  2.000000  
94.677427 0.001660  0.085939  -0.005235  0.994962  0.096490  -0.027192  -0.095953  0.995177  0.020413  0.029030  -0.017701  0.999422  0.000583  0.000075  0.000214  0.000000  0.000000  0.000000  2.000000  
94.678440 0.001660  0.085935  -0.005235  0.994923  0.096900  -0.027183  -0.096363  0.995137  0.020424  0.029030  -0.017701  0.999422  0.000563  -0.000185  0.000163  0.000000  0.000000  0.000000  2.000000  
94.679674 0.001661  0.085931  -0.005235  0.994903  0.097108  -0.027167  -0.096568  0.995114  0.020550  0.029030  -0.017822  0.999420  0.000604  -0.000520  0.000176  0.000000  0.000000  0.000000  2.000000  
94.680674 0.001661  0.085928  -0.005235  0.994863  0.097521  -0.027147  -0.096977  0.995072  0.020682  0.029030  -0.017943  0.999417  0.000603  -0.000750  0.000179  0.000000  0.000000  0.000000  2.000000  
94.681921 0.001662  0.085924  -0.005234  0.994775  0.098346  -0.027396  -0.097796  0.994991  0.020731  0.029298  -0.017943  0.999410  0.000616  -0.001030  0.000204  0.000000  0.000000  0.000000  2.000000  
94.682923 0.001663  0.085921  -0.005234  0.994711  0.098966  -0.027504  -0.098410  0.994927  0.020882  0.029431  -0.018064  0.999404  0.000583  -0.001285  0.000187  0.000000  0.000000  0.000000  2.000000  
94.683924 0.001664  0.085918  -0.005234  0.994646  0.099583  -0.027625  -0.099024  0.994865  0.020912  0.029565  -0.018064  0.999400  0.000634  -0.001520  0.000187  0.000000  0.000000  0.000000  2.000000  
94.685176 0.001665  0.085915  -0.005236  0.994560  0.100408  -0.027728  -0.099842  0.994780  0.021069  0.029699  -0.018186  0.999393  0.000656  -0.001794  0.000033  0.000000  0.000000  0.000000  2.000000  
94.686179 0.001666  0.085912  -0.005237  0.994498  0.101022  -0.027715  -0.100457  0.994718  0.021086  0.029699  -0.018186  0.999393  0.000636  -0.002008  -0.000073  0.025869  0.019140  0.187106  2.000000  
94.687427 0.001667  0.085909  -0.005237  0.994411  0.101843  -0.027831  -0.101275  0.994634  0.021122  0.029833  -0.018185  0.999389  0.000662  -0.002247  -0.000139  0.026688  0.023134  0.214781  2.000000  
94.688438 0.001668  0.085907  -0.005237  0.994327  0.102666  -0.027801  -0.102094  0.994547  0.021266  0.029833  -0.018307  0.999387  0.000661  -0.002476  -0.000136  0.031593  0.022636  0.242556  2.000000  
94.689673 0.001669  0.085902  -0.005238  0.994243  0.103485  -0.027783  -0.102913  0.994463  0.021289  0.029833  -0.018307  0.999387  0.000654  -0.002826  -0.000227  0.032403  0.022135  0.270177  2.000000  
94.690675 0.001669  0.085897  -0.005238  0.994154  0.104306  -0.027899  -0.103731  0.994377  0.021325  0.029966  -0.018307  0.999383  0.000646  -0.003133  -0.000282  0.033239  0.026136  0.297932  2.000000  
94.691921 0.001670  0.085890  -0.005239  0.994064  0.105127  -0.028014  -0.104549  0.994290  0.021362  0.030100  -0.018307  0.999379  0.000713  -0.003368  -0.000290  0.034072  0.030131  0.325626  2.000000  
94.693177 0.001672  0.085882  -0.005238  0.993995  0.105747  -0.028121  -0.105163  0.994222  0.021514  0.030234  -0.018428  0.999373  0.000792  -0.003573  -0.000164  0.038786  0.034234  0.346460  2.000000  
94.694433 0.001673  0.085874  -0.005236  0.993908  0.106569  -0.028091  -0.105981  0.994132  0.021658  0.030234  -0.018549  0.999371  0.000850  -0.003874  -0.000097  0.043663  0.033698  0.373952  2.000000  
94.695676 0.001676  0.085864  -0.005235  0.993817  0.107394  -0.028193  -0.106799  0.994041  0.021816  0.030368  -0.018670  0.999364  0.000943  -0.004262  -0.000032  0.048604  0.037684  0.401848  2.000000  
94.696677 0.001679  0.085856  -0.005235  0.993773  0.107803  -0.028184  -0.107209  0.993997  0.021828  0.030368  -0.018670  0.999364  0.001120  -0.004581  -0.000007  0.048984  0.041926  0.415736  2.000000  
94.697923 0.001683  0.085847  -0.005234  0.993702  0.108423  -0.028290  -0.107822  0.993927  0.021980  0.030501  -0.018791  0.999358  0.001345  -0.004989  -0.000017  0.053708  0.046022  0.436590  2.000000  
94.698925 0.001686  0.085838  -0.005234  0.993658  0.108836  -0.028268  -0.108231  0.993880  0.022112  0.030501  -0.018912  0.999356  0.001484  -0.005354  0.000034  0.058193  0.045741  0.450402  2.000000  
94.700175 0.001690  0.085828  -0.005235  0.993613  0.109245  -0.028259  -0.108640  0.993835  0.022124  0.030501  -0.018912  0.999356  0.001670  -0.005764  0.000037  0.058609  0.045492  0.464271  2.000000  
94.701176 0.001694  0.085820  -0.005236  0.993568  0.109658  -0.028236  -0.109049  0.993787  0.022256  0.030501  -0.019034  0.999353  0.001872  -0.006135  0.000050  0.063093  0.045209  0.478081  2.000000  
94.702432 0.001699  0.085810  -0.005237  0.993527  0.110064  -0.028094  -0.109459  0.993742  0.022253  0.030368  -0.019034  0.999358  0.002162  -0.006721  0.000039  0.063447  0.040444  0.491638  2.000000  
94.703440 0.001702  0.085801  -0.005237  0.993505  0.110269  -0.028090  -0.109663  0.993720  0.022259  0.030368  -0.019034  0.999358  0.002294  -0.007117  0.000002  0.063644  0.040312  0.498486  2.000000  
94.704673 0.001706  0.085789  -0.005238  0.993464  0.110675  -0.027948  -0.110073  0.993674  0.022256  0.030234  -0.019034  0.999362  0.002463  -0.007481  -0.000005  0.063535  0.035296  0.508351  2.000000  
94.705673 0.001709  0.085781  -0.005238  0.993464  0.110672  -0.027961  -0.110073  0.993677  0.022135  0.030234  -0.018913  0.999364  0.002655  -0.007724  0.000018  0.059574  0.035872  0.498718  2.000000  
94.706921 0.001714  0.085770  -0.005238  0.993445  0.110874  -0.027824  -0.110278  0.993654  0.022126  0.030100  -0.018913  0.999368  0.002893  -0.007999  0.000063  0.058856  0.031247  0.487739  2.000000  
94.707921 0.001717  0.085761  -0.005237  0.993426  0.111076  -0.027686  -0.110483  0.993632  0.022117  0.029966  -0.018913  0.999372  0.003081  -0.008221  0.000075  0.054610  0.022423  0.480722  2.000000  
94.708923 0.001720  0.085752  -0.005236  0.993407  0.111278  -0.027549  -0.110688  0.993609  0.022108  0.029833  -0.018913  0.999376  0.003159  -0.008376  0.000059  0.050331  0.018060  0.473773  2.000000  
94.709931 0.001722  0.085742  -0.005235  0.993407  0.111275  -0.027562  -0.110688  0.993612  0.021987  0.029833  -0.018792  0.999378  0.003229  -0.008541  0.000056  0.046456  0.018361  0.470668  2.000000  
94.711177 0.001726  0.085729  -0.005234  0.993411  0.111272  -0.027429  -0.110688  0.993612  0.021972  0.029699  -0.018792  0.999382  0.003263  -0.008755  0.000060  0.041778  0.009725  0.449858  2.000000  
94.712200 0.001729  0.085719  -0.005234  0.993411  0.111272  -0.027429  -0.110688  0.993612  0.021972  0.029699  -0.018792  0.999382  0.003235  -0.008895  0.000031  0.037128  0.001086  0.428721  2.000000  
94.713431 0.001731  0.085707  -0.005232  0.993411  0.111272  -0.027429  -0.110688  0.993612  0.021972  0.029699  -0.018792  0.999382  0.003143  -0.009062  0.000103  0.036348  -0.002899  0.401106  2.000000  
94.714441 0.001733  0.085697  -0.005231  0.993411  0.111272  -0.027429  -0.110688  0.993612  0.021972  0.029699  -0.018792  0.999382  0.003045  -0.009179  0.000215  0.031644  -0.002539  0.380213  2.000000  
94.715675 0.001737  0.085684  -0.005230  0.993411  0.111272  -0.027429  -0.110688  0.993612  0.021972  0.029699  -0.018792  0.999382  0.002976  -0.009325  0.000349  0.030868  -0.006525  0.352717  2.000000  
94.716925 0.001739  0.085671  -0.005229  0.993415  0.111266  -0.027310  -0.110689  0.993615  0.021837  0.029565  -0.018670  0.999388  0.002769  -0.009533  0.000498  0.025946  -0.010490  0.324963  2.000000  
94.717925 0.001740  0.085660  -0.005229  0.993415  0.111266  -0.027310  -0.110689  0.993615  0.021837  0.029565  -0.018670  0.999388  0.002627  -0.009661  0.000509  0.021066  -0.014493  0.297168  2.000000  
94.719172 0.001740  0.085646  -0.005230  0.993419  0.111261  -0.027190  -0.110689  0.993618  0.021702  0.029431  -0.018549  0.999395  0.002329  -0.009865  0.000500  0.016018  -0.018310  0.267233  2.000000  
94.720178 0.001740  0.085635  -0.005231  0.993419  0.111261  -0.027190  -0.110689  0.993618  0.021702  0.029431  -0.018549  0.999395  0.002139  -0.010040  0.000469  0.015346  -0.022448  0.241697  2.000000  
94.721426 0.001741  0.085622  -0.005232  0.993419  0.111257  -0.027204  -0.110689  0.993621  0.021581  0.029431  -0.018428  0.999397  0.001958  -0.010180  0.000410  0.010580  -0.026329  0.219052  2.000000  
94.722435 0.001742  0.085611  -0.005233  0.993423  0.111255  -0.027071  -0.110689  0.993621  0.021567  0.029298  -0.018428  0.999401  0.001728  -0.010328  0.000301  0.005765  -0.035033  0.192985  2.000000  
94.723673 0.001742  0.085598  -0.005234  0.993446  0.111047  -0.027089  -0.110485  0.993647  0.021440  0.029298  -0.018307  0.999403  0.001529  -0.010427  0.000126  0.000000  0.000000  0.000000  2.000000  
94.724921 0.001742  0.085585  -0.005236  0.993442  0.111050  -0.027222  -0.110484  0.993646  0.021455  0.029431  -0.018307  0.999399  0.001326  -0.010482  -0.000067  0.000000  0.000000  0.000000  2.000000  
94.725921 0.001742  0.085574  -0.005237  0.993442  0.111050  -0.027222  -0.110484  0.993646  0.021455  0.029431  -0.018307  0.999399  0.001110  -0.010529  -0.000226  0.000000  0.000000  0.000000  2.000000  
94.726929 0.001742  0.085564  -0.005238  0.993442  0.111050  -0.027222  -0.110484  0.993646  0.021455  0.029431  -0.018307  0.999399  0.000950  -0.010545  -0.000302  0.000000  0.000000  0.000000  2.000000  
94.728179 0.001743  0.085550  -0.005239  0.993442  0.111050  -0.027222  -0.110484  0.993646  0.021455  0.029431  -0.018307  0.999399  0.000769  -0.010620  -0.000439  0.000000  0.000000  0.000000  2.000000  
94.729430 0.001743  0.085537  -0.005239  0.993442  0.111050  -0.027222  -0.110484  0.993646  0.021455  0.029431  -0.018307  0.999399  0.000672  -0.010653  -0.000500  0.000000  0.000000  0.000000  2.000000  
94.730437 0.001744  0.085526  -0.005238  0.993442  0.111046  -0.027235  -0.110484  0.993649  0.021335  0.029431  -0.018186  0.999401  0.000482  -0.010697  -0.000506  0.000000  0.000000  0.000000  2.000000  
94.731676 0.001744  0.085513  -0.005238  0.993438  0.111049  -0.027368  -0.110484  0.993649  0.021349  0.029565  -0.018186  0.999397  0.000380  -0.010757  -0.000576  0.000000  0.000000  0.000000  2.000000  
94.732681 0.001745  0.085502  -0.005237  0.993438  0.111049  -0.027368  -0.110484  0.993649  0.021349  0.029565  -0.018186  0.999397  0.000358  -0.010725  -0.000553  0.000000  0.000000  0.000000  2.000000  
94.733928 0.001747  0.085488  -0.005238  0.993438  0.111049  -0.027368  -0.110484  0.993649  0.021349  0.029565  -0.018186  0.999397  0.000474  -0.010682  -0.000516  0.000000  0.000000  0.000000  2.000000  
94.735178 0.001748  0.085475  -0.005238  0.993434  0.111048  -0.027515  -0.110484  0.993651  0.021244  0.029699  -0.018064  0.999396  0.000533  -0.010714  -0.000508  0.000000  0.000000  0.000000  2.000000  
94.736187 0.001751  0.085464  -0.005238  0.993434  0.111048  -0.027515  -0.110484  0.993651  0.021244  0.029699  -0.018064  0.999396  0.000642  -0.010688  -0.000426  0.000000  0.000000  0.000000  2.000000  
94.737423 0.001753  0.085451  -0.005239  0.993434  0.111048  -0.027515  -0.110484  0.993651  0.021244  0.029699  -0.018064  0.999396  0.000790  -0.010693  -0.000395  0.000000  0.000000  0.000000  2.000000  
94.738441 0.001756  0.085441  -0.005239  0.993434  0.111048  -0.027515  -0.110484  0.993651  0.021244  0.029699  -0.018064  0.999396  0.000979  -0.010655  -0.000304  0.000000  0.000000  0.000000  2.000000  
94.739676 0.001761  0.085428  -0.005239  0.993434  0.111048  -0.027515  -0.110484  0.993651  0.021244  0.029699  -0.018064  0.999396  0.001258  -0.010602  -0.000190  0.000000  0.000000  0.000000  2.000000  
94.740676 0.001765  0.085418  -0.005239  0.993434  0.111048  -0.027515  -0.110484  0.993651  0.021244  0.029699  -0.018064  0.999396  0.001518  -0.010571  -0.000130  0.000000  0.000000  0.000000  2.000000  
94.741921 0.001770  0.085405  -0.005239  0.993434  0.111051  -0.027501  -0.110484  0.993648  0.021364  0.029699  -0.018186  0.999393  0.001825  -0.010557  -0.000060  0.000000  0.000000  0.000000  2.000000  
94.743180 0.001774  0.085392  -0.005238  0.993434  0.111051  -0.027501  -0.110484  0.993648  0.021364  0.029699  -0.018186  0.999393  0.002165  -0.010503  0.000038  0.000000  0.000000  0.000000  2.000000  
94.744426 0.001780  0.085379  -0.005238  0.993434  0.111051  -0.027501  -0.110484  0.993648  0.021364  0.029699  -0.018186  0.999393  0.002447  -0.010529  0.000063  0.000000  0.000000  0.000000  2.000000  
94.745428 0.001784  0.085368  -0.005237  0.993434  0.111054  -0.027488  -0.110484  0.993646  0.021485  0.029699  -0.018307  0.999391  0.002700  -0.010536  0.000035  0.000000  0.000000  0.000000  2.000000  
94.746440 0.001789  0.085358  -0.005237  0.993411  0.111259  -0.027483  -0.110688  0.993623  0.021490  0.029699  -0.018307  0.999391  0.003038  -0.010470  0.000035  0.000000  0.000000  0.000000  2.000000  
94.747695 0.001795  0.085345  -0.005236  0.993411  0.111259  -0.027483  -0.110688  0.993623  0.021490  0.029699  -0.018307  0.999391  0.003356  -0.010465  0.000103  0.000000  0.000000  0.000000  2.000000  
94.748926 0.001802  0.085331  -0.005234  0.993411  0.111259  -0.027483  -0.110688  0.993623  0.021490  0.029699  -0.018307  0.999391  0.003654  -0.010476  0.000279  0.000000  0.000000  0.000000  2.000000  
94.750175 0.001808  0.085319  -0.005232  0.993411  0.111259  -0.027483  -0.110688  0.993623  0.021490  0.029699  -0.018307  0.999391  0.003999  -0.010395  0.000441  0.000000  0.000000  0.000000  2.000000  
94.751177 0.001814  0.085309  -0.005230  0.993411  0.111259  -0.027483  -0.110688  0.993623  0.021490  0.029699  -0.018307  0.999391  0.004230  -0.010361  0.000569  0.000000  0.000000  0.000000  2.000000  
94.752429 0.001821  0.085296  -0.005228  0.993389  0.111463  -0.027479  -0.110893  0.993600  0.021496  0.029699  -0.018307  0.999391  0.004501  -0.010326  0.000740  0.000000  0.000000  0.000000  2.000000  
94.753673 0.001828  0.085284  -0.005225  0.993389  0.111463  -0.027479  -0.110893  0.993600  0.021496  0.029699  -0.018307  0.999391  0.004775  -0.010292  0.000901  0.000000  0.000000  0.000000  2.000000  
94.754674 0.001833  0.085273  -0.005224  0.993389  0.111463  -0.027479  -0.110893  0.993600  0.021496  0.029699  -0.018307  0.999391  0.004840  -0.010328  0.001000  0.000000  0.000000  0.000000  2.000000  
94.755921 0.001840  0.085260  -0.005222  0.993389  0.111463  -0.027479  -0.110893  0.993600  0.021496  0.029699  -0.018307  0.999391  0.004948  -0.010353  0.001137  0.000000  0.000000  0.000000  2.000000  
94.756926 0.001845  0.085250  -0.005221  0.993366  0.111671  -0.027461  -0.111097  0.993574  0.021622  0.029699  -0.018428  0.999389  0.005008  -0.010394  0.001201  0.000000  0.000000  0.000000  2.000000  
94.758176 0.001850  0.085236  -0.005220  0.993366  0.111671  -0.027461  -0.111097  0.993574  0.021622  0.029699  -0.018428  0.999389  0.005046  -0.010437  0.001232  0.000000  0.000000  0.000000  2.000000  
94.759427 0.001855  0.085221  -0.005219  0.993343  0.111876  -0.027456  -0.111302  0.993551  0.021628  0.029699  -0.018428  0.999389  0.005044  -0.010530  0.001258  0.000000  0.000000  0.000000  2.000000  
94.760438 0.001859  0.085209  -0.005219  0.993343  0.111876  -0.027456  -0.111302  0.993551  0.021628  0.029699  -0.018428  0.999389  0.004965  -0.010630  0.001175  0.000000  0.000000  0.000000  2.000000  
94.761675 0.001863  0.085194  -0.005219  0.993343  0.111876  -0.027456  -0.111302  0.993551  0.021628  0.029699  -0.018428  0.999389  0.004846  -0.010737  0.001186  0.000000  0.000000  0.000000  2.000000  
94.762925 0.001866  0.085179  -0.005218  0.993320  0.112084  -0.027438  -0.111506  0.993526  0.021754  0.029699  -0.018549  0.999387  0.004647  -0.010879  0.001114  0.000000  0.000000  0.000000  2.000000  
94.764173 0.001871  0.085164  -0.005217  0.993320  0.112084  -0.027438  -0.111506  0.993526  0.021754  0.029699  -0.018549  0.999387  0.004545  -0.010983  0.001092  0.000000  0.000000  0.000000  2.000000  
94.765176 0.001874  0.085152  -0.005216  0.993320  0.112084  -0.027438  -0.111506  0.993526  0.021754  0.029699  -0.018549  0.999387  0.004390  -0.011128  0.001014  0.000000  0.000000  0.000000  2.000000  
94.766178 0.001877  0.085139  -0.005216  0.993293  0.112291  -0.027567  -0.111710  0.993502  0.021775  0.029833  -0.018549  0.999383  0.004192  -0.011302  0.000942  0.000000  0.000000  0.000000  2.000000  
94.767182 0.001880  0.085127  -0.005215  0.993293  0.112291  -0.027567  -0.111710  0.993502  0.021775  0.029833  -0.018549  0.999383  0.004038  -0.011452  0.000855  0.000000  0.000000  0.000000  2.000000  
94.768438 0.001884  0.085112  -0.005214  0.993293  0.112291  -0.027567  -0.111710  0.993502  0.021775  0.029833  -0.018549  0.999383  0.003772  -0.011666  0.000742  0.000000  0.000000  0.000000  2.000000  
94.769676 0.001887  0.085096  -0.005214  0.993270  0.112495  -0.027562  -0.111915  0.993479  0.021780  0.029833  -0.018549  0.999383  0.003590  -0.011853  0.000636  0.000000  0.000000  0.000000  2.000000  
94.770926 0.001891  0.085080  -0.005213  0.993270  0.112495  -0.027562  -0.111915  0.993479  0.021780  0.029833  -0.018549  0.999383  0.003403  -0.012069  0.000576  0.000000  0.000000  0.000000  2.000000  
94.772175 0.001894  0.085064  -0.005213  0.993270  0.112495  -0.027562  -0.111915  0.993479  0.021780  0.029833  -0.018549  0.999383  0.003200  -0.012228  0.000503  0.000000  0.000000  0.000000  2.000000  
94.773246 0.001897  0.085051  -0.005213  0.993266  0.112498  -0.027695  -0.111914  0.993479  0.021795  0.029966  -0.018549  0.999379  0.003073  -0.012331  0.000445  0.000000  0.000000  0.000000  2.000000  
94.774421 0.001900  0.085034  -0.005214  0.993266  0.112498  -0.027695  -0.111914  0.993479  0.021795  0.029966  -0.018549  0.999379  0.002945  -0.012510  0.000396  0.000000  0.000000  0.000000  2.000000  
94.775431 0.001902  0.085020  -0.005214  0.993266  0.112498  -0.027695  -0.111914  0.993479  0.021795  0.029966  -0.018549  0.999379  0.002844  -0.012607  0.000383  0.000000  0.000000  0.000000  2.000000  
94.776678 0.001904  0.085003  -0.005214  0.993266  0.112498  -0.027695  -0.111914  0.993479  0.021795  0.029966  -0.018549  0.999379  0.002757  -0.012706  0.000353  0.000000  0.000000  0.000000  2.000000  
94.777680 0.001907  0.084990  -0.005213  0.993266  0.112498  -0.027695  -0.111914  0.993479  0.021795  0.029966  -0.018549  0.999379  0.002758  -0.012811  0.000333  0.000000  0.000000  0.000000  2.000000  
94.778923 0.001910  0.084973  -0.005215  0.993266  0.112498  -0.027695  -0.111914  0.993479  0.021795  0.029966  -0.018549  0.999379  0.002696  -0.012923  0.000203  0.000000  0.000000  0.000000  2.000000  
94.779926 0.001913  0.084959  -0.005215  0.993266  0.112498  -0.027695  -0.111914  0.993479  0.021795  0.029966  -0.018549  0.999379  0.002624  -0.013097  0.000058  0.000000  0.000000  0.000000  2.000000  
94.780929 0.001916  0.084946  -0.005216  0.993289  0.112293  -0.027700  -0.111710  0.993502  0.021790  0.029966  -0.018549  0.999379  0.002619  -0.013134  -0.000030  0.000000  0.000000  0.000000  2.000000  
94.782175 0.001920  0.084929  -0.005218  0.993285  0.112299  -0.027819  -0.111709  0.993499  0.021925  0.030100  -0.018670  0.999373  0.002605  -0.013224  -0.000169  0.000000  0.000000  0.000000  2.000000  
94.783428 0.001923  0.084912  -0.005218  0.993285  0.112299  -0.027819  -0.111709  0.993499  0.021925  0.030100  -0.018670  0.999373  0.002628  -0.013319  -0.000267  0.000000  0.000000  0.000000  2.000000  
94.784428 0.001926  0.084899  -0.005219  0.993285  0.112299  -0.027819  -0.111709  0.993499  0.021925  0.030100  -0.018670  0.999373  0.002639  -0.013328  -0.000295  0.000000  0.000000  0.000000  2.000000  
94.785674 0.001930  0.084882  -0.005219  0.993285  0.112296  -0.027832  -0.111709  0.993502  0.021805  0.030100  -0.018549  0.999375  0.002656  -0.013401  -0.000406  0.000000  0.000000  0.000000  2.000000  
94.786675 0.001933  0.084869  -0.005219  0.993285  0.112296  -0.027832  -0.111709  0.993502  0.021805  0.030100  -0.018549  0.999375  0.002707  -0.013404  -0.000408  0.000000  0.000000  0.000000  2.000000  
94.787922 0.001938  0.084853  -0.005219  0.993281  0.112298  -0.027965  -0.111709  0.993501  0.021819  0.030234  -0.018549  0.999371  0.002800  -0.013435  -0.000404  0.000000  0.000000  0.000000  2.000000  
94.789175 0.001942  0.084838  -0.005220  0.993281  0.112295  -0.027979  -0.111709  0.993504  0.021699  0.030234  -0.018428  0.999373  0.002856  -0.013306  -0.000412  0.000000  0.000000  0.000000  2.000000  
94.790428 0.001946  0.084822  -0.005219  0.993281  0.112295  -0.027979  -0.111709  0.993504  0.021699  0.030234  -0.018428  0.999373  0.002960  -0.013228  -0.000386  0.000000  0.000000  0.000000  2.000000  
94.791671 0.001950  0.084806  -0.005219  0.993281  0.112295  -0.027979  -0.111709  0.993504  0.021699  0.030234  -0.018428  0.999373  0.003062  -0.013142  -0.000371  0.000000  0.000000  0.000000  2.000000  
94.792673 0.001954  0.084794  -0.005219  0.993281  0.112295  -0.027979  -0.111709  0.993504  0.021699  0.030234  -0.018428  0.999373  0.003125  -0.013051  -0.000387  0.000000  0.000000  0.000000  2.000000  
94.793680 0.001958  0.084782  -0.005220  0.993277  0.112297  -0.028112  -0.111708  0.993504  0.021714  0.030368  -0.018428  0.999369  0.003220  -0.012949  -0.000334  0.000000  0.000000  0.000000  2.000000  
94.794681 0.001962  0.084770  -0.005219  0.993277  0.112297  -0.028112  -0.111708  0.993504  0.021714  0.030368  -0.018428  0.999369  0.003328  -0.012779  -0.000288  0.000000  0.000000  0.000000  2.000000  
94.795925 0.001967  0.084755  -0.005219  0.993277  0.112297  -0.028112  -0.111708  0.993504  0.021714  0.030368  -0.018428  0.999369  0.003444  -0.012690  -0.000215  0.000000  0.000000  0.000000  2.000000  
94.796925 0.001972  0.084744  -0.005220  0.993277  0.112297  -0.028112  -0.111708  0.993504  0.021714  0.030368  -0.018428  0.999369  0.003526  -0.012561  -0.000135  0.000000  0.000000  0.000000  2.000000  
94.798175 0.001977  0.084730  -0.005219  0.993277  0.112297  -0.028112  -0.111708  0.993504  0.021714  0.030368  -0.018428  0.999369  0.003652  -0.012360  -0.000034  0.000000  0.000000  0.000000  2.000000  
94.799183 0.001981  0.084718  -0.005219  0.993277  0.112297  -0.028112  -0.111708  0.993504  0.021714  0.030368  -0.018428  0.999369  0.003721  -0.012288  -0.000040  0.000000  0.000000  0.000000  2.000000  
94.800428 0.001987  0.084704  -0.005218  0.993250  0.112504  -0.028240  -0.111912  0.993480  0.021735  0.030501  -0.018428  0.999365  0.003847  -0.012086  0.000061  0.000000  0.000000  0.000000  2.000000  
94.801675 0.001993  0.084691  -0.005218  0.993250  0.112504  -0.028240  -0.111912  0.993480  0.021735  0.030501  -0.018428  0.999365  0.004002  -0.011897  0.000093  0.000000  0.000000  0.000000  2.000000  
94.802923 0.001999  0.084677  -0.005217  0.993250  0.112501  -0.028254  -0.111912  0.993483  0.021614  0.030501  -0.018306  0.999367  0.004117  -0.011751  0.000151  0.000000  0.000000  0.000000  2.000000  
94.803927 0.002004  0.084666  -0.005216  0.993250  0.112501  -0.028254  -0.111912  0.993483  0.021614  0.030501  -0.018306  0.999367  0.004238  -0.011628  0.000220  0.000000  0.000000  0.000000  2.000000  
94.805173 0.002010  0.084653  -0.005216  0.993227  0.112705  -0.028249  -0.112117  0.993460  0.021620  0.030501  -0.018306  0.999367  0.004361  -0.011467  0.000232  0.000000  0.000000  0.000000  2.000000  
94.806177 0.002015  0.084642  -0.005215  0.993227  0.112705  -0.028249  -0.112117  0.993460  0.021620  0.030501  -0.018306  0.999367  0.004448  -0.011350  0.000275  0.000000  0.000000  0.000000  2.000000  
94.807427 0.002021  0.084629  -0.005214  0.993227  0.112705  -0.028249  -0.112117  0.993460  0.021620  0.030501  -0.018306  0.999367  0.004574  -0.011161  0.000382  0.000000  0.000000  0.000000  2.000000  
94.808436 0.002027  0.084619  -0.005213  0.993223  0.112708  -0.028382  -0.112116  0.993460  0.021635  0.030635  -0.018306  0.999363  0.004675  -0.011007  0.000474  0.000000  0.000000  0.000000  2.000000  
94.809673 0.002033  0.084607  -0.005212  0.993200  0.112912  -0.028378  -0.112321  0.993436  0.021641  0.030635  -0.018306  0.999363  0.004757  -0.010900  0.000513  0.000000  0.000000  0.000000  2.000000  
94.810680 0.002038  0.084596  -0.005210  0.993200  0.112912  -0.028378  -0.112321  0.993436  0.021641  0.030635  -0.018306  0.999363  0.004780  -0.010778  0.000599  0.000000  0.000000  0.000000  2.000000  
94.811930 0.002044  0.084584  -0.005209  0.993200  0.112912  -0.028378  -0.112321  0.993436  0.021641  0.030635  -0.018306  0.999363  0.004821  -0.010640  0.000740  0.000000  0.000000  0.000000  2.000000  
94.813176 0.002049  0.084571  -0.005208  0.993200  0.112912  -0.028378  -0.112321  0.993436  0.021641  0.030635  -0.018306  0.999363  0.004811  -0.010545  0.000797  0.000000  0.000000  0.000000  2.000000  
94.814179 0.002054  0.084562  -0.005207  0.993176  0.113117  -0.028373  -0.112525  0.993413  0.021647  0.030635  -0.018306  0.999363  0.004832  -0.010423  0.000834  0.000000  0.000000  0.000000  2.000000  
94.815179 0.002058  0.084552  -0.005206  0.993172  0.113119  -0.028506  -0.112525  0.993413  0.021662  0.030769  -0.018306  0.999359  0.004802  -0.010327  0.000840  0.000000  0.000000  0.000000  2.000000  
94.816431 0.002063  0.084539  -0.005205  0.993172  0.113119  -0.028506  -0.112525  0.993413  0.021662  0.030769  -0.018306  0.999359  0.004727  -0.010290  0.000867  0.000000  0.000000  0.000000  2.000000  
94.817676 0.002068  0.084526  -0.005205  0.993172  0.113119  -0.028506  -0.112525  0.993413  0.021662  0.030769  -0.018306  0.999359  0.004654  -0.010212  0.000838  0.000000  0.000000  0.000000  2.000000  
94.818924 0.002073  0.084514  -0.005204  0.993149  0.113324  -0.028502  -0.112729  0.993389  0.021668  0.030769  -0.018306  0.999359  0.004567  -0.010149  0.000838  0.000000  0.000000  0.000000  2.000000  
94.820173 0.002077  0.084501  -0.005203  0.993149  0.113324  -0.028502  -0.112729  0.993389  0.021668  0.030769  -0.018306  0.999359  0.004474  -0.010084  0.000888  0.000000  0.000000  0.000000  2.000000  
94.821178 0.002081  0.084491  -0.005202  0.993149  0.113324  -0.028502  -0.112729  0.993389  0.021668  0.030769  -0.018306  0.999359  0.004400  -0.010030  0.000921  0.000000  0.000000  0.000000  2.000000  
94.822428 0.002085  0.084479  -0.005201  0.993145  0.113326  -0.028635  -0.112729  0.993389  0.021683  0.030903  -0.018306  0.999355  0.004228  -0.010019  0.000832  0.000000  0.000000  0.000000  2.000000  
94.823671 0.002090  0.084466  -0.005200  0.993145  0.113326  -0.028635  -0.112729  0.993389  0.021683  0.030903  -0.018306  0.999355  0.004112  -0.010010  0.000858  0.000000  0.000000  0.000000  2.000000  
94.824673 0.002092  0.084456  -0.005199  0.993122  0.113531  -0.028630  -0.112933  0.993366  0.021689  0.030903  -0.018306  0.999355  0.003933  -0.010024  0.000831  0.000000  0.000000  0.000000  2.000000  
94.825921 0.002096  0.084443  -0.005198  0.993122  0.113531  -0.028630  -0.112933  0.993366  0.021689  0.030903  -0.018306  0.999355  0.003826  -0.010032  0.000868  0.000000  0.000000  0.000000  2.000000  
94.826929 0.002099  0.084433  -0.005197  0.993122  0.113531  -0.028630  -0.112933  0.993366  0.021689  0.030903  -0.018306  0.999355  0.003664  -0.010048  0.000791  0.000000  0.000000  0.000000  2.000000  
94.827946 0.002102  0.084423  -0.005196  0.993122  0.113531  -0.028630  -0.112933  0.993366  0.021689  0.030903  -0.018306  0.999355  0.003546  -0.010029  0.000812  0.000000  0.000000  0.000000  2.000000  
94.829176 0.002105  0.084410  -0.005195  0.993118  0.113533  -0.028763  -0.112933  0.993366  0.021704  0.031036  -0.018306  0.999351  0.003399  -0.010104  0.000778  0.000000  0.000000  0.000000  2.000000  
94.830179 0.002107  0.084400  -0.005194  0.993118  0.113533  -0.028763  -0.112933  0.993366  0.021704  0.031036  -0.018306  0.999351  0.003288  -0.010113  0.000830  0.000000  0.000000  0.000000  2.000000  
94.831432 0.002110  0.084387  -0.005192  0.993118  0.113533  -0.028763  -0.112933  0.993366  0.021704  0.031036  -0.018306  0.999351  0.003152  -0.010099  0.000887  0.000000  0.000000  0.000000  2.000000  
94.832677 0.002114  0.084375  -0.005191  0.993118  0.113533  -0.028763  -0.112933  0.993366  0.021704  0.031036  -0.018306  0.999351  0.003065  -0.010062  0.000949  0.000000  0.000000  0.000000  2.000000  
94.833924 0.002118  0.084362  -0.005189  0.993095  0.113734  -0.028772  -0.113137  0.993345  0.021589  0.031036  -0.018185  0.999353  0.002992  -0.010101  0.000962  0.000000  0.000000  0.000000  2.000000  
94.834925 0.002120  0.084352  -0.005188  0.993095  0.113734  -0.028772  -0.113137  0.993345  0.021589  0.031036  -0.018185  0.999353  0.002906  -0.010096  0.001018  0.000000  0.000000  0.000000  2.000000  
94.836173 0.002124  0.084340  -0.005186  0.993095  0.113734  -0.028772  -0.113137  0.993345  0.021589  0.031036  -0.018185  0.999353  0.002875  -0.010091  0.001004  0.000000  0.000000  0.000000  2.000000  
94.837429 0.002128  0.084327  -0.005185  0.993095  0.113734  -0.028772  -0.113137  0.993345  0.021589  0.031036  -0.018185  0.999353  0.002806  -0.010110  0.001037  0.000000  0.000000  0.000000  2.000000  
94.838437 0.002131  0.084318  -0.005184  0.993095  0.113734  -0.028772  -0.113137  0.993345  0.021589  0.031036  -0.018185  0.999353  0.002784  -0.010076  0.001061  0.000000  0.000000  0.000000  2.000000  
94.839676 0.002134  0.084304  -0.005182  0.993095  0.113734  -0.028772  -0.113137  0.993345  0.021589  0.031036  -0.018185  0.999353  0.002793  -0.010113  0.001074  0.000000  0.000000  0.000000  2.000000  
94.840921 0.002137  0.084292  -0.005181  0.993095  0.113738  -0.028759  -0.113137  0.993342  0.021710  0.031036  -0.018306  0.999351  0.002735  -0.010096  0.001127  0.000000  0.000000  0.000000  2.000000  
94.841923 0.002140  0.084282  -0.005179  0.993095  0.113738  -0.028759  -0.113137  0.993342  0.021710  0.031036  -0.018306  0.999351  0.002774  -0.010104  0.001158  0.000000  0.000000  0.000000  2.000000  
94.843178 0.002144  0.084269  -0.005177  0.993095  0.113738  -0.028759  -0.113137  0.993342  0.021710  0.031036  -0.018306  0.999351  0.002793  -0.010119  0.001212  0.000000  0.000000  0.000000  2.000000  
94.844430 0.002147  0.084256  -0.005175  0.993095  0.113738  -0.028759  -0.113137  0.993342  0.021710  0.031036  -0.018306  0.999351  0.002814  -0.010105  0.001277  0.000000  0.000000  0.000000  2.000000  
94.845432 0.002151  0.084246  -0.005173  0.993071  0.113942  -0.028754  -0.113342  0.993319  0.021716  0.031036  -0.018306  0.999351  0.002861  -0.010100  0.001320  0.000000  0.000000  0.000000  2.000000  
94.846677 0.002155  0.084233  -0.005171  0.993067  0.113945  -0.028887  -0.113341  0.993318  0.021731  0.031170  -0.018306  0.999346  0.002864  -0.010102  0.001410  0.000000  0.000000  0.000000  2.000000  
94.847926 0.002158  0.084221  -0.005169  0.993067  0.113945  -0.028887  -0.113341  0.993318  0.021731  0.031170  -0.018306  0.999346  0.002883  -0.010077  0.001466  0.000000  0.000000  0.000000  2.000000  
94.849176 0.002162  0.084209  -0.005167  0.993067  0.113945  -0.028887  -0.113341  0.993318  0.021731  0.031170  -0.018306  0.999346  0.002899  -0.010092  0.001433  0.000000  0.000000  0.000000  2.000000  
94.850436 0.002166  0.084196  -0.005165  0.993067  0.113945  -0.028887  -0.113341  0.993318  0.021731  0.031170  -0.018306  0.999346  0.002934  -0.010084  0.001464  0.000000  0.000000  0.000000  2.000000  
94.851672 0.002169  0.084184  -0.005163  0.993067  0.113945  -0.028887  -0.113341  0.993318  0.021731  0.031170  -0.018306  0.999346  0.002928  -0.010078  0.001508  0.000000  0.000000  0.000000  2.000000  
94.852673 0.002172  0.084174  -0.005162  0.993044  0.114149  -0.028882  -0.113546  0.993295  0.021737  0.031170  -0.018306  0.999346  0.002882  -0.010100  0.001523  0.000000  0.000000  0.000000  2.000000  
94.853921 0.002176  0.084161  -0.005160  0.993044  0.114149  -0.028882  -0.113546  0.993295  0.021737  0.031170  -0.018306  0.999346  0.002914  -0.010079  0.001543  0.000000  0.000000  0.000000  2.000000  
94.854923 0.002178  0.084151  -0.005159  0.993044  0.114149  -0.028882  -0.113546  0.993295  0.021737  0.031170  -0.018306  0.999346  0.002854  -0.010080  0.001540  0.000000  0.000000  0.000000  2.000000  
94.855923 0.002181  0.084141  -0.005157  0.993044  0.114149  -0.028882  -0.113546  0.993295  0.021737  0.031170  -0.018306  0.999346  0.002872  -0.010054  0.001595  0.000000  0.000000  0.000000  2.000000  
94.856925 0.002183  0.084131  -0.005156  0.993044  0.114149  -0.028882  -0.113546  0.993295  0.021737  0.031170  -0.018306  0.999346  0.002833  -0.010054  0.001565  0.000000  0.000000  0.000000  2.000000  
94.858171 0.002186  0.084118  -0.005154  0.993020  0.114354  -0.028878  -0.113750  0.993271  0.021743  0.031170  -0.018306  0.999346  0.002789  -0.010046  0.001576  0.000000  0.000000  0.000000  2.000000  
94.859171 0.002189  0.084108  -0.005153  0.993020  0.114354  -0.028878  -0.113750  0.993271  0.021743  0.031170  -0.018306  0.999346  0.002764  -0.010051  0.001512  0.000000  0.000000  0.000000  2.000000  
94.860176 0.002191  0.084098  -0.005152  0.993020  0.114354  -0.028878  -0.113750  0.993271  0.021743  0.031170  -0.018306  0.999346  0.002725  -0.010050  0.001482  0.000000  0.000000  0.000000  2.000000  
94.861428 0.002193  0.084085  -0.005150  0.992997  0.114558  -0.028874  -0.113955  0.993248  0.021749  0.031170  -0.018306  0.999346  0.002654  -0.010075  0.001432  0.000000  0.000000  0.000000  2.000000  
94.862431 0.002196  0.084075  -0.005149  0.992997  0.114558  -0.028874  -0.113955  0.993248  0.021749  0.031170  -0.018306  0.999346  0.002610  -0.010058  0.001346  0.000000  0.000000  0.000000  2.000000  
94.863675 0.002199  0.084063  -0.005148  0.992997  0.114558  -0.028874  -0.113955  0.993248  0.021749  0.031170  -0.018306  0.999346  0.002577  -0.010031  0.001316  0.000000  0.000000  0.000000  2.000000  
94.864925 0.002202  0.084050  -0.005147  0.992973  0.114763  -0.028869  -0.114159  0.993224  0.021754  0.031170  -0.018306  0.999346  0.002506  -0.010055  0.001266  0.000000  0.000000  0.000000  2.000000  
94.865928 0.002203  0.084040  -0.005146  0.992973  0.114763  -0.028869  -0.114159  0.993224  0.021754  0.031170  -0.018306  0.999346  0.002406  -0.010079  0.001238  0.000000  0.000000  0.000000  2.000000  
94.866930 0.002205  0.084030  -0.005146  0.992973  0.114763  -0.028869  -0.114159  0.993224  0.021754  0.031170  -0.018306  0.999346  0.002342  -0.010083  0.001141  0.000000  0.000000  0.000000  2.000000  
94.868176 0.002207  0.084017  -0.005145  0.992973  0.114763  -0.028869  -0.114159  0.993224  0.021754  0.031170  -0.018306  0.999346  0.002258  -0.010109  0.001126  0.000000  0.000000  0.000000  2.000000  
94.869422 0.002210  0.084005  -0.005143  0.992950  0.114967  -0.028865  -0.114363  0.993201  0.021760  0.031170  -0.018306  0.999346  0.002197  -0.010098  0.001079  0.000000  0.000000  0.000000  2.000000  
94.870430 0.002211  0.083995  -0.005143  0.992950  0.114967  -0.028865  -0.114363  0.993201  0.021760  0.031170  -0.018306  0.999346  0.002132  -0.010079  0.001022  0.000000  0.000000  0.000000  2.000000  
94.871673 0.002213  0.083982  -0.005142  0.992950  0.114967  -0.028865  -0.114363  0.993201  0.021760  0.031170  -0.018306  0.999346  0.002068  -0.010087  0.000925  0.000000  0.000000  0.000000  2.000000  
94.872676 0.002215  0.083972  -0.005142  0.992926  0.115171  -0.028860  -0.114568  0.993177  0.021766  0.031170  -0.018306  0.999346  0.001978  -0.010100  0.000862  0.000000  0.000000  0.000000  2.000000  
94.873921 0.002217  0.083960  -0.005141  0.992922  0.115174  -0.028993  -0.114567  0.993177  0.021782  0.031304  -0.018306  0.999342  0.001894  -0.010075  0.000790  0.000000  0.000000  0.000000  2.000000  
94.874925 0.002218  0.083949  -0.005141  0.992922  0.115174  -0.028993  -0.114567  0.993177  0.021782  0.031304  -0.018306  0.999342  0.001825  -0.010058  0.000728  0.000000  0.000000  0.000000  2.000000  
94.875925 0.002220  0.083939  -0.005141  0.992922  0.115174  -0.028993  -0.114567  0.993177  0.021782  0.031304  -0.018306  0.999342  0.001824  -0.010054  0.000684  0.000000  0.000000  0.000000  2.000000  
94.876929 0.002221  0.083930  -0.005140  0.992899  0.115378  -0.028988  -0.114772  0.993153  0.021788  0.031304  -0.018306  0.999342  0.001700  -0.010029  0.000624  0.000000  0.000000  0.000000  2.000000  
94.878179 0.002223  0.083917  -0.005140  0.992899  0.115378  -0.028988  -0.114772  0.993153  0.021788  0.031304  -0.018306  0.999342  0.001675  -0.010037  0.000558  0.000000  0.000000  0.000000  2.000000  
94.879424 0.002224  0.083904  -0.005139  0.992899  0.115378  -0.028988  -0.114772  0.993153  0.021788  0.031304  -0.018306  0.999342  0.001588  -0.010055  0.000542  0.000000  0.000000  0.000000  2.000000  
94.880428 0.002226  0.083895  -0.005139  0.992899  0.115378  -0.028988  -0.114772  0.993153  0.021788  0.031304  -0.018306  0.999342  0.001571  -0.010022  0.000525  0.000000  0.000000  0.000000  2.000000  
94.881429 0.002227  0.083885  -0.005139  0.992899  0.115378  -0.028988  -0.114772  0.993153  0.021788  0.031304  -0.018306  0.999342  0.001494  -0.010026  0.000464  0.000000  0.000000  0.000000  2.000000  
94.882436 0.002228  0.083875  -0.005139  0.992899  0.115378  -0.028988  -0.114772  0.993153  0.021788  0.031304  -0.018306  0.999342  0.001449  -0.010002  0.000422  0.000000  0.000000  0.000000  2.000000  
94.883675 0.002230  0.083863  -0.005138  0.992875  0.115583  -0.028984  -0.114976  0.993129  0.021794  0.031304  -0.018306  0.999342  0.001441  -0.009972  0.000412  0.000000  0.000000  0.000000  2.000000  
94.884925 0.002231  0.083850  -0.005138  0.992875  0.115579  -0.028998  -0.114976  0.993132  0.021673  0.031304  -0.018185  0.999344  0.001417  -0.009960  0.000340  0.000000  0.000000  0.000000  2.000000  
94.886173 0.002233  0.083838  -0.005138  0.992875  0.115579  -0.028998  -0.114976  0.993132  0.021673  0.031304  -0.018185  0.999344  0.001371  -0.009935  0.000297  0.000000  0.000000  0.000000  2.000000  
94.887428 0.002234  0.083826  -0.005137  0.992875  0.115579  -0.028998  -0.114976  0.993132  0.021673  0.031304  -0.018185  0.999344  0.001342  -0.009876  0.000310  0.000000  0.000000  0.000000  2.000000  
94.888437 0.002235  0.083817  -0.005137  0.992875  0.115579  -0.028998  -0.114976  0.993132  0.021673  0.031304  -0.018185  0.999344  0.001295  -0.009842  0.000267  0.000000  0.000000  0.000000  2.000000  
94.889676 0.002237  0.083805  -0.005136  0.992871  0.115582  -0.029131  -0.114976  0.993132  0.021689  0.031438  -0.018185  0.999340  0.001307  -0.009797  0.000311  0.000000  0.000000  0.000000  2.000000  
94.890921 0.002239  0.083793  -0.005135  0.992871  0.115582  -0.029131  -0.114976  0.993132  0.021689  0.031438  -0.018185  0.999340  0.001260  -0.009734  0.000355  0.000000  0.000000  0.000000  2.000000  
94.891921 0.002240  0.083784  -0.005135  0.992847  0.115786  -0.029126  -0.115180  0.993108  0.021695  0.031438  -0.018185  0.999340  0.001292  -0.009714  0.000375  0.000000  0.000000  0.000000  2.000000  
