1-Time 2-Px 3-Py 4-Pz 5-R11 6-R21 7-R31 8-R12 9-R22 10-R32 11-R13 12-R23 13-R33 14-Vx 15-Vy 16-Vz 17-Wx 18-Wy 19-Wz 20-state 21-PR11 22-PR21 23-PR31 24-PR12 25-PR22 26-PR32 27-PR13 28-PR23 29-PR33 
106.163550 0.017742  0.094903  -0.010963  0.971139  0.235135  0.040010  -0.057447  0.067776  0.996045  0.231493  -0.969597  0.079327  -0.001527  0.000033  -0.000059  -0.108605  0.488741  0.108893  2.000000  
106.164566 0.017740  0.094903  -0.010964  0.971132  0.235237  0.039590  -0.057045  0.067865  0.996062  0.231624  -0.969566  0.079325  -0.001493  0.000080  -0.000166  -0.107005  0.481673  0.109366  2.000000  
106.165808 0.017743  0.094904  -0.010964  0.971120  0.235255  0.039766  -0.057245  0.067937  0.996046  0.231624  -0.969556  0.079442  -0.001195  0.000130  -0.000177  -0.106448  0.461611  0.106607  2.000000  
106.167061 0.017747  0.094904  -0.010963  0.971103  0.235182  0.040597  -0.058046  0.067751  0.996012  0.231493  -0.969587  0.079445  -0.000810  0.000184  -0.000118  -0.095284  0.413200  0.096938  2.000000  
106.168061 0.017750  0.094904  -0.010963  0.971122  0.235066  0.040813  -0.058248  0.067711  0.996003  0.231363  -0.969618  0.079447  -0.000476  0.000173  -0.000146  -0.088939  0.385661  0.090184  2.000000  
106.169306 0.017755  0.094903  -0.010964  0.971122  0.235071  0.040784  -0.058248  0.067831  0.995995  0.231363  -0.969608  0.079565  -0.000006  0.000125  -0.000213  -0.088283  0.365202  0.087341  2.000000  
106.170568 0.017763  0.094903  -0.010964  0.971079  0.235220  0.040950  -0.058446  0.067896  0.995979  0.231493  -0.969568  0.079680  0.000636  0.000111  -0.000190  -0.086010  0.338206  0.089483  2.000000  
106.171807 0.017770  0.094903  -0.010964  0.970950  0.235655  0.041505  -0.059040  0.067848  0.995947  0.231884  -0.969466  0.079790  0.001237  0.000094  -0.000203  -0.082267  0.305130  0.096732  2.000000  
106.173053 0.017777  0.094903  -0.010964  0.970839  0.235975  0.042275  -0.059836  0.067759  0.995906  0.232144  -0.969394  0.079903  0.001867  0.000084  -0.000141  -0.075261  0.258566  0.105069  2.000000  
106.174054 0.017782  0.094903  -0.010963  0.970783  0.236132  0.042674  -0.060234  0.067653  0.995889  0.232274  -0.969363  0.079900  0.002332  0.000104  -0.000116  -0.067321  0.225005  0.107824  2.000000  
106.175299 0.017788  0.094904  -0.010963  0.970777  0.236050  0.043271  -0.060835  0.067637  0.995854  0.232144  -0.969384  0.080020  0.002752  0.000122  -0.000089  -0.061849  0.183668  0.097689  2.000000  
106.176309 0.017793  0.094905  -0.010963  0.970770  0.235973  0.043840  -0.061437  0.067741  0.995810  0.232014  -0.969396  0.080258  0.003294  0.000199  -0.000091  0.000000  0.000000  0.000000  2.000000  
106.177311 0.017798  0.094905  -0.010963  0.970719  0.236034  0.044631  -0.062236  0.067667  0.995765  0.232014  -0.969386  0.080375  0.003744  0.000223  -0.000026  0.000000  0.000000  0.000000  2.000000  
106.178569 0.017805  0.094908  -0.010961  0.970668  0.236106  0.045365  -0.063036  0.067835  0.995703  0.232014  -0.969357  0.080728  0.004334  0.000342  0.000146  0.000000  0.000000  0.000000  2.000000  
106.179806 0.017813  0.094912  -0.010958  0.970642  0.236150  0.045689  -0.063435  0.068100  0.995660  0.232014  -0.969327  0.081081  0.004887  0.000615  0.000377  0.000000  0.000000  0.000000  2.000000  
106.180807 0.017820  0.094917  -0.010955  0.970616  0.236190  0.046042  -0.063835  0.068244  0.995624  0.232014  -0.969308  0.081316  0.005099  0.000874  0.000544  0.000000  0.000000  0.000000  2.000000  
106.181828 0.017826  0.094921  -0.010954  0.970589  0.236235  0.046366  -0.064235  0.068509  0.995580  0.232014  -0.969278  0.081669  0.005347  0.001154  0.000624  0.000000  0.000000  0.000000  2.000000  
106.183056 0.017832  0.094926  -0.010952  0.970549  0.236294  0.046895  -0.064834  0.068726  0.995527  0.232014  -0.969248  0.082022  0.005493  0.001460  0.000732  0.000000  0.000000  0.000000  2.000000  
106.184306 0.017840  0.094930  -0.010954  0.970540  0.236230  0.047406  -0.065435  0.069071  0.995463  0.231884  -0.969239  0.082494  0.005628  0.001738  0.000679  0.000000  0.000000  0.000000  2.000000  
106.185559 0.017847  0.094932  -0.010957  0.970513  0.236282  0.047701  -0.065835  0.069457  0.995410  0.231884  -0.969199  0.082965  0.005614  0.001891  0.000459  0.000000  0.000000  0.000000  2.000000  
106.186568 0.017852  0.094933  -0.010961  0.970499  0.236313  0.047820  -0.066035  0.069771  0.995375  0.231884  -0.969169  0.083317  0.005541  0.002047  0.000228  0.000000  0.000000  0.000000  2.000000  
106.187806 0.017857  0.094935  -0.010966  0.970486  0.236345  0.047939  -0.066235  0.070084  0.995340  0.231884  -0.969138  0.083670  0.005466  0.002188  -0.000144  -0.101192  -0.204486  0.057793  2.000000  
106.189058 0.017864  0.094937  -0.010972  0.970459  0.236397  0.048234  -0.066634  0.070470  0.995286  0.231884  -0.969098  0.084140  0.005493  0.002286  -0.000629  -0.109481  -0.238381  0.056192  2.000000  
106.190306 0.017871  0.094936  -0.010979  0.970428  0.236550  0.048108  -0.066632  0.070944  0.995252  0.232014  -0.969026  0.084608  0.005527  0.002150  -0.001097  -0.120946  -0.258887  0.053478  2.000000  
106.191331 0.017876  0.094935  -0.010987  0.970445  0.236453  0.048238  -0.066834  0.071266  0.995216  0.231884  -0.969026  0.084963  0.005563  0.002007  -0.001602  -0.128269  -0.279539  0.046234  2.000000  
106.192564 0.017882  0.094932  -0.010998  0.970445  0.236470  0.048152  -0.066834  0.071628  0.995190  0.231884  -0.968995  0.085316  0.005485  0.001754  -0.002411  -0.135726  -0.300143  0.043534  2.000000  
106.193807 0.017887  0.094930  -0.011009  0.970431  0.236509  0.048243  -0.067034  0.072063  0.995145  0.231884  -0.968953  0.085786  0.005318  0.001402  -0.003331  -0.145644  -0.327857  0.036951  2.000000  
106.194807 0.017890  0.094928  -0.011019  0.970431  0.236526  0.048156  -0.067034  0.072425  0.995119  0.231884  -0.968922  0.086138  0.005129  0.000967  -0.004212  -0.152186  -0.334539  0.037602  2.000000  
106.195811 0.017895  0.094926  -0.011030  0.970414  0.236658  0.047854  -0.066832  0.072827  0.995103  0.232014  -0.968860  0.086488  0.004983  0.000533  -0.005058  -0.169182  -0.313982  0.040415  2.000000  
106.197055 0.017900  0.094923  -0.011045  0.970397  0.236795  0.047523  -0.066630  0.073349  0.995078  0.232144  -0.968787  0.086955  0.004882  0.000032  -0.006148  -0.190397  -0.284141  0.046778  2.000000  
106.198057 0.017905  0.094920  -0.011058  0.970379  0.236927  0.047220  -0.066428  0.073751  0.995062  0.232274  -0.968724  0.087305  0.004811  -0.000464  -0.007152  -0.205698  -0.270045  0.054571  2.000000  
106.199059 0.017909  0.094918  -0.011071  0.970362  0.237064  0.046889  -0.066226  0.074274  0.995036  0.232404  -0.968651  0.087772  0.004692  -0.000774  -0.007933  -0.221197  -0.265140  0.059000  2.000000  
106.200060 0.017913  0.094916  -0.011083  0.970376  0.237071  0.046569  -0.066026  0.074805  0.995010  0.232404  -0.968608  0.088242  0.004624  -0.001018  -0.008626  -0.240663  -0.252064  0.053416  2.000000  
106.201306 0.017918  0.094914  -0.011098  0.970420  0.236954  0.046232  -0.065829  0.075467  0.994973  0.232274  -0.968585  0.088833  0.004541  -0.001323  -0.009344  -0.259983  -0.231507  0.038059  2.000000  
106.202568 0.017923  0.094911  -0.011113  0.970478  0.236822  0.045690  -0.065431  0.076176  0.994945  0.232144  -0.968562  0.089423  0.004433  -0.001620  -0.009997  -0.287620  -0.194376  0.016971  2.000000  
106.203807 0.017927  0.094910  -0.011127  0.970492  0.236834  0.045342  -0.065232  0.076828  0.994908  0.232144  -0.968508  0.090010  0.004294  -0.001815  -0.010514  -0.310437  -0.168006  0.010216  2.000000  
106.204812 0.017930  0.094908  -0.011139  0.970518  0.236824  0.044817  -0.064832  0.077409  0.994889  0.232144  -0.968464  0.090480  0.004120  -0.001907  -0.010896  -0.330625  -0.134055  0.011795  2.000000  
106.205851 0.017933  0.094907  -0.011150  0.970501  0.236959  0.044486  -0.064630  0.077931  0.994862  0.232274  -0.968389  0.090947  0.003963  -0.001896  -0.011135  -0.347368  -0.113450  0.014526  2.000000  
106.207057 0.017936  0.094905  -0.011163  0.970509  0.237066  0.043715  -0.064029  0.078673  0.994842  0.232404  -0.968303  0.091532  0.003801  -0.001901  -0.011318  -0.372919  -0.059156  0.018795  2.000000  
106.208061 0.017939  0.094903  -0.011175  0.970492  0.237201  0.043383  -0.063827  0.079196  0.994814  0.232535  -0.968227  0.091998  0.003692  -0.001852  -0.011620  -0.387401  -0.031921  0.020902  2.000000  
106.209307 0.017943  0.094902  -0.011190  0.970518  0.237194  0.042830  -0.063427  0.079897  0.994783  0.232535  -0.968171  0.092586  0.003649  -0.001795  -0.011747  -0.403682  0.001605  0.017920  2.000000  
106.210583 0.017948  0.094901  -0.011205  0.970562  0.237074  0.042493  -0.063229  0.080557  0.994742  0.232404  -0.968146  0.093176  0.003620  -0.001696  -0.011853  -0.416261  0.021303  0.011617  2.000000  
106.211804 0.017954  0.094900  -0.011220  0.970575  0.237083  0.042145  -0.063030  0.081209  0.994702  0.232404  -0.968089  0.093763  0.003644  -0.001542  -0.011819  -0.426354  0.041125  0.009721  2.000000  
106.213051 0.017959  0.094898  -0.011234  0.970588  0.237097  0.041768  -0.062830  0.081982  0.994651  0.232404  -0.968021  0.094467  0.003614  -0.001443  -0.011702  -0.444584  0.067697  0.007270  2.000000  
106.214056 0.017964  0.094898  -0.011244  0.970601  0.237100  0.041448  -0.062630  0.082513  0.994620  0.232404  -0.967975  0.094937  0.003693  -0.001371  -0.011542  -0.454670  0.095482  0.009320  2.000000  
106.215056 0.017971  0.094898  -0.011253  0.970583  0.237232  0.041115  -0.062428  0.083036  0.994589  0.232535  -0.967898  0.095404  0.003810  -0.001206  -0.011309  -0.461954  0.109298  0.012524  2.000000  
106.216304 0.017979  0.094898  -0.011264  0.970564  0.237374  0.040725  -0.062226  0.083801  0.994538  0.232665  -0.967797  0.096105  0.004012  -0.001037  -0.011007  -0.475077  0.128757  0.014957  2.000000  
106.217306 0.017986  0.094899  -0.011271  0.970564  0.237394  0.040610  -0.062226  0.084283  0.994497  0.232665  -0.967750  0.096575  0.004269  -0.000834  -0.010710  -0.480657  0.136543  0.014396  2.000000  
106.218566 0.017994  0.094900  -0.011280  0.970577  0.237401  0.040261  -0.062026  0.084935  0.994454  0.232665  -0.967691  0.097161  0.004524  -0.000687  -0.010342  -0.491845  0.149898  0.013071  2.000000  
106.219805 0.018003  0.094899  -0.011289  0.970546  0.237559  0.040075  -0.062025  0.085651  0.994393  0.232795  -0.967590  0.097863  0.004807  -0.000615  -0.010046  -0.501754  0.155378  0.012263  2.000000  
106.220817 0.018010  0.094898  -0.011296  0.970559  0.237566  0.039726  -0.061825  0.086303  0.994349  0.232795  -0.967530  0.098449  0.005131  -0.000565  -0.009762  -0.511340  0.163291  0.011639  2.000000  
106.221878 0.018017  0.094898  -0.011302  0.970559  0.237585  0.039611  -0.061825  0.086785  0.994307  0.232795  -0.967482  0.098919  0.005414  -0.000441  -0.009377  -0.516022  0.170095  0.015378  2.000000  
106.223057 0.018026  0.094899  -0.011309  0.970528  0.237743  0.039425  -0.061823  0.087501  0.994244  0.232925  -0.967379  0.099620  0.005846  -0.000266  -0.008876  -0.529805  0.171035  0.019811  2.000000  
106.224099 0.018034  0.094900  -0.011312  0.970497  0.237896  0.039267  -0.061821  0.088095  0.994192  0.233055  -0.967287  0.100203  0.006139  -0.000115  -0.008284  -0.538531  0.177828  0.023517  2.000000  
106.225305 0.018044  0.094903  -0.011314  0.970478  0.238035  0.038876  -0.061619  0.088860  0.994136  0.233185  -0.967183  0.100904  0.006440  0.000142  -0.007526  -0.548568  0.183253  0.022617  2.000000  
106.226567 0.018055  0.094906  -0.011315  0.970478  0.238068  0.038674  -0.061619  0.089704  0.994061  0.233185  -0.967097  0.101725  0.006848  0.000402  -0.006460  -0.557880  0.170897  0.019493  2.000000  
106.227805 0.018065  0.094908  -0.011315  0.970447  0.238226  0.038487  -0.061617  0.090419  0.993996  0.233315  -0.966992  0.102426  0.007211  0.000691  -0.005537  -0.564009  0.162903  0.019897  2.000000  
106.228806 0.018074  0.094912  -0.011315  0.970447  0.238249  0.038342  -0.061617  0.091022  0.993941  0.233315  -0.966929  0.103012  0.007410  0.000927  -0.004913  -0.566484  0.155837  0.016024  2.000000  
106.230056 0.018085  0.094915  -0.011315  0.970447  0.238277  0.038169  -0.061617  0.091745  0.993874  0.233315  -0.966854  0.103716  0.007613  0.001169  -0.004163  -0.568935  0.149208  0.016579  2.000000  
106.231304 0.018096  0.094919  -0.011316  0.970416  0.238434  0.037982  -0.061615  0.092460  0.993808  0.233445  -0.966747  0.104416  0.007782  0.001417  -0.003408  -0.571354  0.143457  0.026018  2.000000  
106.232318 0.018104  0.094922  -0.011316  0.970416  0.238456  0.037837  -0.061615  0.093063  0.993752  0.233445  -0.966684  0.105002  0.007924  0.001517  -0.002940  -0.572859  0.131721  0.031966  2.000000  
106.233555 0.018115  0.094925  -0.011317  0.970385  0.238618  0.037621  -0.061613  0.093899  0.993673  0.233575  -0.966563  0.105820  0.008068  0.001677  -0.002445  -0.578708  0.124470  0.036727  2.000000  
106.234570 0.018124  0.094927  -0.011317  0.970397  0.238621  0.037271  -0.061413  0.094550  0.993624  0.233575  -0.966499  0.106406  0.008208  0.001880  -0.001875  -0.581735  0.118796  0.037626  2.000000  
106.235803 0.018134  0.094929  -0.011317  0.970397  0.238648  0.037098  -0.061413  0.095273  0.993555  0.233575  -0.966421  0.107109  0.008296  0.002037  -0.001392  -0.584472  0.110943  0.033548  2.000000  
106.236805 0.018143  0.094931  -0.011317  0.970366  0.238795  0.036967  -0.061411  0.095747  0.993509  0.233706  -0.966338  0.107575  0.008463  0.002173  -0.000948  -0.580474  0.097522  0.034814  2.000000  
106.238054 0.018153  0.094932  -0.011316  0.970335  0.238951  0.036779  -0.061409  0.096462  0.993440  0.233836  -0.966229  0.108274  0.008408  0.002178  -0.000512  -0.581347  0.084266  0.036125  2.000000  
106.239303 0.018163  0.094932  -0.011316  0.970316  0.239087  0.036386  -0.061208  0.097226  0.993378  0.233966  -0.966118  0.108974  0.008470  0.002105  -0.000183  -0.583724  0.078103  0.041192  2.000000  
106.240555 0.018172  0.094932  -0.011317  0.970298  0.239217  0.036022  -0.061006  0.097870  0.993328  0.234096  -0.966021  0.109556  0.008410  0.001878  -0.000120  -0.584197  0.079122  0.050058  2.000000  
106.241557 0.018180  0.094931  -0.011318  0.970298  0.239235  0.035906  -0.061006  0.098352  0.993280  0.234096  -0.965968  0.110025  0.008373  0.001688  -0.000221  -0.582076  0.072439  0.050674  2.000000  
106.242800 0.018190  0.094930  -0.011321  0.970279  0.239365  0.035542  -0.060804  0.098995  0.993228  0.234226  -0.965870  0.110607  0.008285  0.001414  -0.000375  -0.578047  0.072943  0.055062  2.000000  
106.243805 0.018197  0.094928  -0.011324  0.970260  0.239491  0.035206  -0.060602  0.099518  0.993189  0.234356  -0.965785  0.111072  0.008190  0.001077  -0.000580  -0.578235  0.073464  0.059481  2.000000  
106.245051 0.018206  0.094926  -0.011326  0.970241  0.239616  0.034871  -0.060401  0.100042  0.993148  0.234486  -0.965700  0.111537  0.008099  0.000717  -0.000736  -0.574095  0.073481  0.059430  2.000000  
106.246304 0.018215  0.094924  -0.011331  0.970222  0.239746  0.034506  -0.060199  0.100685  0.993095  0.234616  -0.965601  0.112119  0.007953  0.000292  -0.000978  -0.570624  0.074121  0.059860  2.000000  
106.247554 0.018223  0.094920  -0.011334  0.970247  0.239725  0.033952  -0.059800  0.101386  0.993048  0.234616  -0.965532  0.112705  0.007758  -0.000156  -0.001166  -0.571584  0.080179  0.058610  2.000000  
106.248560 0.018229  0.094918  -0.011338  0.970228  0.239849  0.033616  -0.059598  0.101909  0.993007  0.234746  -0.965446  0.113170  0.007580  -0.000497  -0.001414  -0.573294  0.087337  0.062294  2.000000  
106.249851 0.018236  0.094914  -0.011342  0.970233  0.239935  0.032842  -0.058997  0.102652  0.992966  0.234876  -0.965346  0.113752  0.007325  -0.000932  -0.001725  -0.572096  0.101298  0.061170  2.000000  
106.251056 0.018243  0.094910  -0.011347  0.970226  0.240041  0.032272  -0.058595  0.103345  0.992918  0.235006  -0.965246  0.114333  0.007128  -0.001295  -0.002009  -0.571558  0.114421  0.063680  2.000000  
106.252303 0.018249  0.094906  -0.011352  0.970231  0.240122  0.031527  -0.057994  0.103967  0.992888  0.235136  -0.965159  0.114798  0.006835  -0.001672  -0.002376  -0.568350  0.134363  0.061412  2.000000  
106.253556 0.018255  0.094902  -0.011357  0.970254  0.240094  0.031002  -0.057595  0.104548  0.992851  0.235136  -0.965103  0.115266  0.006587  -0.002022  -0.002759  -0.563460  0.147660  0.059852  2.000000  
106.254568 0.018259  0.094897  -0.011363  0.970258  0.240169  0.030286  -0.056994  0.105050  0.992832  0.235266  -0.965030  0.115614  0.006310  -0.002310  -0.003101  -0.558944  0.162222  0.058748  2.000000  
106.255809 0.018265  0.094893  -0.011371  0.970293  0.240122  0.029527  -0.056394  0.105800  0.992787  0.235266  -0.964960  0.116199  0.006036  -0.002585  -0.003582  -0.559572  0.180433  0.051535  2.000000  
106.257053 0.018270  0.094887  -0.011378  0.970297  0.240203  0.028753  -0.055793  0.106543  0.992741  0.235396  -0.964858  0.116780  0.005715  -0.002903  -0.003968  -0.560158  0.200789  0.053576  2.000000  
106.258304 0.018274  0.094881  -0.011386  0.970299  0.240280  0.028007  -0.055192  0.107166  0.992708  0.235526  -0.964770  0.117245  0.005358  -0.003200  -0.004287  -0.556884  0.220687  0.051187  2.000000  
106.259550 0.018279  0.094877  -0.011393  0.970333  0.240230  0.027249  -0.054593  0.107916  0.992660  0.235526  -0.964699  0.117830  0.005137  -0.003351  -0.004519  -0.557728  0.240631  0.048768  2.000000  
106.260555 0.018284  0.094873  -0.011397  0.970324  0.240325  0.026737  -0.054192  0.108369  0.992633  0.235656  -0.964624  0.118177  0.004911  -0.003517  -0.004631  -0.552948  0.253930  0.047132  2.000000  
106.261556 0.018288  0.094869  -0.011402  0.970358  0.240270  0.026007  -0.053592  0.108999  0.992596  0.235656  -0.964567  0.118645  0.004742  -0.003644  -0.004764  -0.554254  0.276117  0.045050  2.000000  
106.262557 0.018293  0.094865  -0.011407  0.970359  0.240341  0.025291  -0.052991  0.109502  0.992573  0.235787  -0.964492  0.118992  0.004627  -0.003772  -0.004899  -0.550464  0.294240  0.046685  2.000000  
106.263818 0.018299  0.094858  -0.011414  0.970392  0.240288  0.024532  -0.052392  0.110252  0.992522  0.235787  -0.964420  0.119577  0.004524  -0.003928  -0.005024  -0.545835  0.309424  0.040792  2.000000  
106.265054 0.018305  0.094852  -0.011421  0.970413  0.240254  0.024007  -0.051992  0.110833  0.992478  0.235787  -0.964362  0.120045  0.004451  -0.004098  -0.005234  -0.541125  0.322922  0.039050  2.000000  
106.266057 0.018309  0.094847  -0.011426  0.970445  0.240197  0.023277  -0.051393  0.111463  0.992439  0.235787  -0.964304  0.120513  0.004434  -0.004225  -0.005338  -0.541869  0.342406  0.032038  2.000000  
106.267061 0.018314  0.094842  -0.011432  0.970435  0.240288  0.022765  -0.050992  0.111916  0.992409  0.235917  -0.964228  0.120860  0.004418  -0.004353  -0.005443  -0.536927  0.356263  0.034751  2.000000  
106.268303 0.018321  0.094835  -0.011439  0.970466  0.240230  0.022035  -0.050393  0.112546  0.992368  0.235917  -0.964170  0.121328  0.004461  -0.004511  -0.005508  -0.537592  0.372841  0.027513  2.000000  
106.269555 0.018328  0.094829  -0.011445  0.970465  0.240300  0.021290  -0.049792  0.113169  0.992327  0.236047  -0.964079  0.121792  0.004570  -0.004566  -0.005465  -0.532672  0.386018  0.025698  2.000000  
106.270560 0.018334  0.094825  -0.011449  0.970486  0.240261  0.020794  -0.049392  0.113629  0.992295  0.236047  -0.964035  0.122142  0.004667  -0.004614  -0.005285  -0.530926  0.395620  0.020469  2.000000  
106.271805 0.018341  0.094820  -0.011453  0.970506  0.240221  0.020298  -0.048992  0.114089  0.992262  0.236047  -0.963990  0.122493  0.004827  -0.004560  -0.005055  -0.524148  0.401557  0.014997  2.000000  
106.272809 0.018347  0.094816  -0.011456  0.970494  0.240310  0.019785  -0.048591  0.114543  0.992229  0.236177  -0.963914  0.122840  0.004991  -0.004546  -0.004819  -0.523304  0.414846  0.013209  2.000000  
106.273912 0.018353  0.094812  -0.011459  0.970514  0.240270  0.019289  -0.048192  0.115003  0.992196  0.236177  -0.963870  0.123191  0.005136  -0.004443  -0.004595  -0.518912  0.419955  0.012177  2.000000  
106.275051 0.018361  0.094808  -0.011462  0.970534  0.240232  0.018764  -0.047792  0.115583  0.992147  0.236177  -0.963810  0.123658  0.005340  -0.004512  -0.004452  -0.522235  0.424123  0.006710  2.000000  
106.276053 0.018368  0.094805  -0.011464  0.970544  0.240217  0.018444  -0.047592  0.116114  0.992095  0.236177  -0.963750  0.124126  0.005476  -0.004362  -0.004296  -0.522587  0.427147  0.002070  2.000000  
106.277299 0.018376  0.094801  -0.011468  0.970563  0.240178  0.017919  -0.047193  0.116694  0.992046  0.236177  -0.963689  0.124594  0.005652  -0.004290  -0.004106  -0.518284  0.423630  0.001847  2.000000  
106.278299 0.018384  0.094799  -0.011470  0.970573  0.240160  0.017627  -0.046993  0.117104  0.992007  0.236177  -0.963644  0.124944  0.005837  -0.004132  -0.003914  -0.514270  0.423080  -0.002759  2.000000  
106.279306 0.018390  0.094796  -0.011472  0.970583  0.240143  0.017335  -0.046793  0.117515  0.991968  0.236177  -0.963598  0.125295  0.005987  -0.003937  -0.003655  -0.508753  0.419331  -0.006624  2.000000  
106.280553 0.018399  0.094794  -0.011473  0.970602  0.240102  0.016810  -0.046393  0.118095  0.991918  0.236177  -0.963537  0.125762  0.006178  -0.003675  -0.003271  -0.504820  0.415506  -0.011202  2.000000  
106.281556 0.018407  0.094792  -0.011474  0.970612  0.240084  0.016519  -0.046193  0.118505  0.991878  0.236177  -0.963492  0.126113  0.006336  -0.003417  -0.002959  -0.502977  0.408116  -0.014947  2.000000  
106.282570 0.018414  0.094791  -0.011475  0.970589  0.240194  0.016210  -0.045992  0.118910  0.991839  0.236307  -0.963414  0.126459  0.006487  -0.003163  -0.002574  -0.499569  0.398488  -0.009107  2.000000  
106.283807 0.018423  0.094789  -0.011475  0.970599  0.240176  0.015919  -0.045792  0.119320  0.991799  0.236307  -0.963368  0.126810  0.006658  -0.002839  -0.002206  -0.490101  0.391476  -0.012929  2.000000  
106.285055 0.018432  0.094787  -0.011477  0.970608  0.240159  0.015598  -0.045592  0.119851  0.991745  0.236307  -0.963307  0.127277  0.006789  -0.002584  -0.001964  -0.486833  0.378122  -0.011435  2.000000  
106.286303 0.018441  0.094786  -0.011478  0.970618  0.240140  0.015307  -0.045393  0.120261  0.991704  0.236307  -0.963260  0.127628  0.006921  -0.002362  -0.001795  -0.475558  0.361780  -0.009826  2.000000  
106.287554 0.018451  0.094785  -0.011480  0.970618  0.240147  0.015190  -0.045393  0.120742  0.991646  0.236307  -0.963198  0.128095  0.007029  -0.002121  -0.001669  -0.466713  0.341380  -0.011924  2.000000  
106.288560 0.018458  0.094784  -0.011481  0.970627  0.240126  0.014928  -0.045193  0.121032  0.991619  0.236307  -0.963167  0.128329  0.007153  -0.001947  -0.001555  -0.459031  0.330178  -0.014903  2.000000  
106.289805 0.018468  0.094782  -0.011485  0.970627  0.240131  0.014840  -0.045193  0.121393  0.991575  0.236307  -0.963120  0.128679  0.007207  -0.001704  -0.001571  -0.447539  0.310656  -0.017020  2.000000  
106.291049 0.018477  0.094781  -0.011489  0.970605  0.240240  0.014531  -0.044992  0.121797  0.991535  0.236437  -0.963042  0.129026  0.007245  -0.001631  -0.001621  -0.439370  0.294544  -0.010819  2.000000  
106.292055 0.018484  0.094780  -0.011492  0.970605  0.240245  0.014444  -0.044992  0.122158  0.991490  0.236437  -0.962995  0.129376  0.007313  -0.001450  -0.001649  -0.429817  0.276878  -0.008471  2.000000  
106.293307 0.018493  0.094778  -0.011496  0.970573  0.240378  0.014368  -0.044990  0.122393  0.991462  0.236567  -0.962932  0.129606  0.007340  -0.001343  -0.001739  -0.416707  0.256805  -0.005984  2.000000  
106.294565 0.018502  0.094776  -0.011500  0.970582  0.240358  0.014077  -0.044790  0.122803  0.991420  0.236567  -0.962885  0.129956  0.007338  -0.001269  -0.001890  -0.409332  0.243450  -0.004364  2.000000  
106.295803 0.018511  0.094775  -0.011505  0.970582  0.240363  0.013989  -0.044790  0.123164  0.991375  0.236567  -0.962838  0.130306  0.007327  -0.001221  -0.002122  -0.398881  0.228338  -0.002712  2.000000  
106.297049 0.018520  0.094774  -0.011510  0.970582  0.240368  0.013902  -0.044790  0.123524  0.991330  0.236567  -0.962790  0.130657  0.007316  -0.001185  -0.002337  -0.390043  0.207944  -0.004643  2.000000  
106.298307 0.018529  0.094773  -0.011515  0.970560  0.240474  0.013622  -0.044589  0.123808  0.991304  0.236697  -0.962727  0.130886  0.007278  -0.001144  -0.002707  -0.377623  0.196824  0.001437  2.000000  
106.299556 0.018537  0.094771  -0.011523  0.970560  0.240479  0.013535  -0.044589  0.124169  0.991259  0.236697  -0.962679  0.131236  0.007221  -0.001115  -0.003114  -0.372744  0.176245  -0.000467  2.000000  
106.300560 0.018543  0.094770  -0.011529  0.970560  0.240483  0.013476  -0.044589  0.124410  0.991229  0.236697  -0.962648  0.131470  0.007134  -0.001100  -0.003480  -0.365369  0.162901  0.001234  2.000000  
106.301808 0.018551  0.094768  -0.011537  0.970537  0.240589  0.013196  -0.044388  0.124694  0.991202  0.236827  -0.962584  0.131699  0.007018  -0.001171  -0.003925  -0.353940  0.150151  0.007393  2.000000  
106.303053 0.018558  0.094767  -0.011545  0.970547  0.240568  0.012905  -0.044188  0.125104  0.991159  0.236827  -0.962536  0.132049  0.006910  -0.001138  -0.004307  -0.351091  0.148354  0.002857  2.000000  
106.304054 0.018565  0.094766  -0.011552  0.970547  0.240571  0.012846  -0.044188  0.125344  0.991129  0.236827  -0.962504  0.132283  0.006843  -0.001167  -0.004607  -0.341376  0.129756  0.005488  2.000000  
106.305304 0.018572  0.094764  -0.011561  0.970515  0.240703  0.012770  -0.044187  0.125579  0.991099  0.236957  -0.962441  0.132512  0.006668  -0.001182  -0.005020  -0.332490  0.122508  0.010698  2.000000  
106.306304 0.018578  0.094763  -0.011568  0.970524  0.240680  0.012508  -0.043987  0.125869  0.991071  0.236957  -0.962409  0.132745  0.006620  -0.001150  -0.005312  -0.328448  0.122511  0.010661  2.000000  
106.307554 0.018585  0.094761  -0.011578  0.970524  0.240683  0.012449  -0.043987  0.126109  0.991041  0.236957  -0.962376  0.132979  0.006455  -0.001179  -0.005649  -0.309944  0.103538  0.013365  2.000000  
106.308806 0.018592  0.094760  -0.011588  0.970533  0.240660  0.012187  -0.043787  0.126399  0.991013  0.236957  -0.962344  0.133212  0.006334  -0.001157  -0.006051  -0.301738  0.103525  0.013325  2.000000  
106.310095 0.018599  0.094758  -0.011599  0.970533  0.240663  0.012129  -0.043787  0.126640  0.990982  0.236957  -0.962312  0.133446  0.006202  -0.001200  -0.006530  -0.295648  0.096743  0.014172  2.000000  
106.311300 0.018606  0.094756  -0.011611  0.970542  0.240640  0.011866  -0.043587  0.126930  0.990954  0.236957  -0.962279  0.133679  0.006082  -0.001264  -0.006962  -0.286358  0.090248  0.015060  2.000000  
106.312301 0.018612  0.094754  -0.011621  0.970542  0.240643  0.011808  -0.043587  0.127170  0.990923  0.236957  -0.962247  0.133913  0.006010  -0.001331  -0.007366  -0.283961  0.089497  0.014912  2.000000  
106.313549 0.018619  0.094753  -0.011633  0.970542  0.240645  0.011749  -0.043587  0.127410  0.990892  0.236957  -0.962214  0.134146  0.005909  -0.001339  -0.007761  -0.272647  0.075690  0.012251  2.000000  
106.314567 0.018625  0.094751  -0.011643  0.970551  0.240621  0.011516  -0.043387  0.127580  0.990879  0.236957  -0.962198  0.134263  0.005847  -0.001376  -0.008096  -0.266638  0.076288  0.012329  2.000000  
106.315807 0.018633  0.094749  -0.011654  0.970551  0.240623  0.011458  -0.043387  0.127821  0.990848  0.236957  -0.962165  0.134496  0.005847  -0.001368  -0.008309  -0.258532  0.076306  0.012303  2.000000  
106.317057 0.018641  0.094748  -0.011667  0.970551  0.240626  0.011399  -0.043387  0.128061  0.990817  0.236957  -0.962133  0.134730  0.005867  -0.001368  -0.008596  -0.252825  0.069650  0.013189  2.000000  
106.318304 0.018648  0.094746  -0.011678  0.970551  0.240629  0.011341  -0.043387  0.128301  0.990786  0.236957  -0.962100  0.134963  0.005914  -0.001378  -0.008738  -0.250765  0.069086  0.013065  2.000000  
106.319304 0.018655  0.094744  -0.011687  0.970551  0.240632  0.011283  -0.043387  0.128542  0.990755  0.236957  -0.962067  0.135197  0.005919  -0.001422  -0.008881  -0.245090  0.062482  0.013949  2.000000  
106.320557 0.018663  0.094742  -0.011699  0.970551  0.240634  0.011224  -0.043387  0.128782  0.990723  0.236957  -0.962034  0.135430  0.005980  -0.001444  -0.009078  -0.238950  0.062386  0.009586  2.000000  
106.321804 0.018671  0.094741  -0.011710  0.970551  0.240637  0.011166  -0.043387  0.129022  0.990692  0.236957  -0.962002  0.135663  0.006017  -0.001457  -0.009198  -0.235375  0.055274  0.010401  2.000000  
106.323053 0.018680  0.094740  -0.011721  0.970542  0.240666  0.011312  -0.043587  0.129213  0.990658  0.236957  -0.961969  0.135897  0.006169  -0.001391  -0.009316  -0.231672  0.048472  0.006936  2.000000  
106.324301 0.018689  0.094739  -0.011732  0.970542  0.240669  0.011253  -0.043587  0.129453  0.990627  0.236957  -0.961936  0.136130  0.006260  -0.001360  -0.009310  -0.224044  0.041460  0.007776  2.000000  
106.325307 0.018696  0.094738  -0.011741  0.970542  0.240670  0.011224  -0.043587  0.129574  0.990611  0.236957  -0.961919  0.136247  0.006375  -0.001278  -0.009305  -0.221838  0.041807  0.007833  2.000000  
106.326565 0.018706  0.094738  -0.011752  0.970533  0.240700  0.011369  -0.043787  0.129764  0.990578  0.236957  -0.961886  0.136480  0.006523  -0.001187  -0.009235  -0.216030  0.035135  0.008741  2.000000  
106.327806 0.018714  0.094738  -0.011762  0.970524  0.240729  0.011515  -0.043987  0.129955  0.990544  0.236957  -0.961853  0.136713  0.006659  -0.001024  -0.009040  -0.208728  0.021211  0.006130  2.000000  
106.329051 0.018725  0.094738  -0.011772  0.970556  0.240604  0.011475  -0.043988  0.130201  0.990511  0.236827  -0.961851  0.136951  0.006855  -0.000873  -0.008906  -0.207073  0.020430  0.001658  2.000000  
106.330051 0.018733  0.094739  -0.011779  0.970547  0.240633  0.011620  -0.044188  0.130392  0.990477  0.236827  -0.961818  0.137185  0.006966  -0.000771  -0.008722  -0.205430  0.013824  0.002575  2.000000  
106.331052 0.018741  0.094739  -0.011786  0.970537  0.240662  0.011795  -0.044388  0.130463  0.990459  0.236827  -0.961801  0.137301  0.007090  -0.000649  -0.008627  -0.198130  0.000617  0.004417  2.000000  
106.332057 0.018749  0.094740  -0.011793  0.970528  0.240691  0.011941  -0.044588  0.130653  0.990425  0.236827  -0.961768  0.137535  0.007278  -0.000474  -0.008370  -0.198113  -0.006657  0.000932  2.000000  
106.333305 0.018760  0.094741  -0.011802  0.970519  0.240721  0.012086  -0.044787  0.130844  0.990391  0.236827  -0.961734  0.137768  0.007428  -0.000315  -0.008215  -0.193250  -0.019808  0.002777  2.000000  
106.334568 0.018770  0.094741  -0.011811  0.970510  0.240751  0.012232  -0.044987  0.131035  0.990357  0.236827  -0.961701  0.138001  0.007621  -0.000158  -0.008052  -0.189080  -0.026621  0.003741  2.000000  
106.335806 0.018781  0.094742  -0.011819  0.970491  0.240807  0.012610  -0.045387  0.131056  0.990336  0.236827  -0.961684  0.138118  0.007772  0.000001  -0.007898  -0.180140  -0.047225  0.002104  2.000000  
106.337054 0.018792  0.094743  -0.011829  0.970482  0.240837  0.012756  -0.045587  0.131246  0.990301  0.236827  -0.961651  0.138351  0.007904  0.000110  -0.007763  -0.177030  -0.053438  0.003028  2.000000  
106.338304 0.018802  0.094743  -0.011837  0.970463  0.240894  0.013105  -0.045986  0.131387  0.990264  0.236827  -0.961617  0.138584  0.008048  0.000242  -0.007557  -0.173574  -0.073846  0.005886  2.000000  
106.339305 0.018811  0.094745  -0.011844  0.970454  0.240922  0.013280  -0.046186  0.131458  0.990245  0.236827  -0.961600  0.138701  0.008183  0.000399  -0.007347  -0.166484  -0.079842  0.006785  2.000000  
106.340552 0.018823  0.094746  -0.011851  0.970434  0.240980  0.013629  -0.046585  0.131599  0.990208  0.236827  -0.961567  0.138934  0.008334  0.000529  -0.007170  -0.162965  -0.100482  0.009690  2.000000  
106.341554 0.018832  0.094747  -0.011857  0.970425  0.241010  0.013774  -0.046785  0.131790  0.990173  0.236827  -0.961533  0.139168  0.008418  0.000603  -0.007035  -0.164023  -0.106243  0.010563  2.000000  
106.342558 0.018841  0.094748  -0.011864  0.970415  0.241039  0.013949  -0.046985  0.131860  0.990154  0.236827  -0.961516  0.139284  0.008554  0.000697  -0.006900  -0.155572  -0.113763  0.011621  2.000000  
106.343804 0.018852  0.094750  -0.011871  0.970427  0.240967  0.014346  -0.047386  0.131887  0.990131  0.236697  -0.961530  0.139405  0.008635  0.000770  -0.006738  -0.151082  -0.126683  0.009003  2.000000  
106.344805 0.018861  0.094750  -0.011878  0.970418  0.240997  0.014491  -0.047586  0.132078  0.990096  0.236697  -0.961497  0.139639  0.008678  0.000771  -0.006703  -0.149052  -0.141039  0.011005  2.000000  
106.346051 0.018871  0.094752  -0.011886  0.970398  0.241053  0.014870  -0.047986  0.132099  0.990074  0.236697  -0.961480  0.139755  0.008722  0.000835  -0.006646  -0.140529  -0.153074  0.012822  2.000000  
106.347303 0.018882  0.094752  -0.011895  0.970388  0.241084  0.015015  -0.048185  0.132289  0.990039  0.236697  -0.961446  0.139988  0.008734  0.000806  -0.006637  -0.138898  -0.159666  0.013802  2.000000  
106.348560 0.018893  0.094753  -0.011903  0.970368  0.241141  0.015394  -0.048585  0.132310  0.990017  0.236697  -0.961429  0.140105  0.008742  0.000809  -0.006608  -0.132710  -0.174315  0.015852  2.000000  
106.349806 0.018903  0.094754  -0.011911  0.970348  0.241199  0.015743  -0.048984  0.132451  0.989978  0.236697  -0.961395  0.140338  0.008720  0.000810  -0.006599  -0.129422  -0.187607  0.017800  2.000000  
106.350807 0.018912  0.094754  -0.011918  0.970338  0.241228  0.015917  -0.049184  0.132521  0.989959  0.236697  -0.961378  0.140455  0.008714  0.000817  -0.006528  -0.127780  -0.194255  0.018777  2.000000  
106.352054 0.018921  0.094755  -0.011926  0.970328  0.241257  0.016092  -0.049384  0.132592  0.989940  0.236697  -0.961361  0.140572  0.008649  0.000799  -0.006436  0.000000  0.000000  0.000000  2.000000  
106.353304 0.018931  0.094755  -0.011934  0.970307  0.241316  0.016441  -0.049783  0.132732  0.989901  0.236697  -0.961327  0.140805  0.008580  0.000767  -0.006501  -0.119445  -0.205863  0.020605  2.000000  
106.354304 0.018939  0.094756  -0.011941  0.970297  0.241345  0.016615  -0.049983  0.132803  0.989881  0.236697  -0.961309  0.140921  0.008510  0.000742  -0.006472  -0.114762  -0.214302  0.021780  2.000000  
106.355557 0.018948  0.094756  -0.011949  0.970318  0.241246  0.016809  -0.050185  0.132880  0.989861  0.236567  -0.961324  0.141043  0.008344  0.000592  -0.006522  -0.110632  -0.214815  0.017356  2.000000  
106.356805 0.018957  0.094756  -0.011958  0.970308  0.241276  0.016983  -0.050384  0.132950  0.989841  0.236567  -0.961307  0.141159  0.008222  0.000532  -0.006564  -0.104940  -0.221511  0.018360  2.000000  
106.358049 0.018966  0.094755  -0.011966  0.970298  0.241305  0.017158  -0.050584  0.133021  0.989822  0.236567  -0.961289  0.141276  0.008064  0.000449  -0.006625  -0.100028  -0.219675  0.018248  2.000000  
106.359055 0.018973  0.094755  -0.011973  0.970287  0.241335  0.017332  -0.050784  0.133091  0.989802  0.236567  -0.961272  0.141392  0.007923  0.000360  -0.006699  -0.100875  -0.220860  0.022878  2.000000  
106.360302 0.018981  0.094754  -0.011982  0.970277  0.241364  0.017507  -0.050984  0.133161  0.989782  0.236567  -0.961255  0.141509  0.007725  0.000233  -0.006756  -0.094379  -0.225640  0.023686  2.000000  
106.361550 0.018989  0.094753  -0.011991  0.970298  0.241265  0.017700  -0.051185  0.133239  0.989761  0.236437  -0.961269  0.141630  0.007527  0.000041  -0.006804  -0.090357  -0.226298  0.019315  2.000000  
106.362552 0.018996  0.094752  -0.011997  0.970298  0.241267  0.017671  -0.051185  0.133359  0.989745  0.236437  -0.961252  0.141747  0.007402  -0.000067  -0.006742  -0.091992  -0.219722  0.018387  2.000000  
106.363806 0.019003  0.094750  -0.012006  0.970287  0.241297  0.017845  -0.051385  0.133429  0.989725  0.236437  -0.961235  0.141863  0.007165  -0.000233  -0.006727  -0.089555  -0.213078  0.017464  2.000000  
106.365054 0.019010  0.094748  -0.012014  0.970277  0.241324  0.018049  -0.051585  0.133379  0.989722  0.236437  -0.961235  0.141863  0.006965  -0.000395  -0.006742  -0.078071  -0.214852  0.017648  2.000000  
106.366055 0.019016  0.094747  -0.012020  0.970298  0.241226  0.018243  -0.051786  0.133456  0.989701  0.236307  -0.961249  0.141985  0.006854  -0.000508  -0.006722  -0.078077  -0.215481  0.013223  2.000000  
106.367060 0.019022  0.094746  -0.012026  0.970298  0.241226  0.018243  -0.051786  0.133456  0.989701  0.236307  -0.961249  0.141985  0.006675  -0.000615  -0.006657  -0.071558  -0.208820  0.012279  2.000000  
106.368303 0.019029  0.094744  -0.012034  0.970287  0.241255  0.018417  -0.051986  0.133527  0.989681  0.236307  -0.961232  0.142101  0.006520  -0.000787  -0.006629  -0.072596  -0.200511  0.011240  2.000000  
106.369304 0.019034  0.094742  -0.012040  0.970287  0.241258  0.018388  -0.051986  0.133647  0.989665  0.236307  -0.961214  0.142218  0.006327  -0.000927  -0.006630  -0.074220  -0.193914  0.010301  2.000000  
106.370571 0.019040  0.094740  -0.012048  0.970318  0.241129  0.018407  -0.051987  0.133654  0.989664  0.236177  -0.961246  0.142222  0.006079  -0.001091  -0.006553  0.000000  0.000000  0.000000  2.000000  
106.371805 0.019046  0.094737  -0.012055  0.970308  0.241159  0.018581  -0.052187  0.133724  0.989644  0.236177  -0.961228  0.142339  0.005907  -0.001223  -0.006445  0.000000  0.000000  0.000000  2.000000  
106.373054 0.019052  0.094735  -0.012061  0.970308  0.241159  0.018581  -0.052187  0.133724  0.989644  0.236177  -0.961228  0.142339  0.005704  -0.001346  -0.006251  0.000000  0.000000  0.000000  2.000000  
106.374057 0.019056  0.094733  -0.012065  0.970329  0.241058  0.018804  -0.052389  0.133681  0.989639  0.236047  -0.961260  0.142344  0.005557  -0.001446  -0.006111  0.000000  0.000000  0.000000  2.000000  
106.375303 0.019062  0.094732  -0.012070  0.970329  0.241060  0.018775  -0.052389  0.133802  0.989622  0.236047  -0.961242  0.142460  0.005394  -0.001474  -0.005839  0.000000  0.000000  0.000000  2.000000  
106.376304 0.019067  0.094730  -0.012074  0.970318  0.241088  0.018979  -0.052588  0.133752  0.989619  0.236047  -0.961242  0.142460  0.005267  -0.001539  -0.005636  0.000000  0.000000  0.000000  2.000000  
106.377552 0.019071  0.094727  -0.012079  0.970318  0.241090  0.018949  -0.052588  0.133872  0.989602  0.236047  -0.961225  0.142577  0.005049  -0.001617  -0.005446  0.000000  0.000000  0.000000  2.000000  
106.378565 0.019075  0.094726  -0.012083  0.970338  0.240989  0.019172  -0.052790  0.133829  0.989597  0.235917  -0.961256  0.142581  0.004919  -0.001604  -0.005203  0.000000  0.000000  0.000000  2.000000  
106.379806 0.019080  0.094724  -0.012086  0.970338  0.240989  0.019172  -0.052790  0.133829  0.989597  0.235917  -0.961256  0.142581  0.004745  -0.001627  -0.004892  0.000000  0.000000  0.000000  2.000000  
106.381050 0.019085  0.094722  -0.012090  0.970328  0.241017  0.019376  -0.052990  0.133780  0.989593  0.235917  -0.961256  0.142581  0.004556  -0.001669  -0.004652  0.000000  0.000000  0.000000  2.000000  
106.382063 0.019088  0.094720  -0.012092  0.970328  0.241019  0.019347  -0.052990  0.133900  0.989577  0.235917  -0.961239  0.142698  0.004368  -0.001702  -0.004341  0.000000  0.000000  0.000000  2.000000  
106.383304 0.019092  0.094719  -0.012095  0.970317  0.241047  0.019550  -0.053189  0.133850  0.989573  0.235917  -0.961239  0.142698  0.004238  -0.001611  -0.003989  0.000000  0.000000  0.000000  2.000000  
