1-Time 2-Px 3-Py 4-Pz 5-R11 6-R21 7-R31 8-R12 9-R22 10-R32 11-R13 12-R23 13-R33 14-Vx 15-Vy 16-Vz 17-Wx 18-Wy 19-Wz 20-state 21-PR11 22-PR21 23-PR31 24-PR12 25-PR22 26-PR32 27-PR13 28-PR23 29-PR33 
54.216382 0.002690  0.089506  -0.008605  0.999160  0.019263  -0.036182  -0.019132  0.999809  0.003968  0.036251  -0.003273  0.999337  0.000229  0.000112  0.000201  0.000000  0.000000  0.000000  2.000000  
54.217386 0.002690  0.089506  -0.008605  0.999160  0.019263  -0.036182  -0.019132  0.999809  0.003968  0.036251  -0.003273  0.999337  0.000195  0.000085  0.000179  0.000000  0.000000  0.000000  2.000000  
54.218396 0.002690  0.089505  -0.008605  0.999156  0.019469  -0.036181  -0.019338  0.999805  0.003976  0.036251  -0.003273  0.999337  0.000190  -0.000012  0.000192  0.000000  0.000000  0.000000  2.000000  
54.219632 0.002690  0.089502  -0.008606  0.999151  0.019470  -0.036315  -0.019338  0.999805  0.003978  0.036385  -0.003273  0.999332  0.000160  -0.000217  0.000113  0.000000  0.000000  0.000000  2.000000  
54.220635 0.002689  0.089499  -0.008606  0.999146  0.019470  -0.036449  -0.019338  0.999805  0.003981  0.036519  -0.003273  0.999328  0.000131  -0.000421  0.000034  0.000000  0.000000  0.000000  2.000000  
54.221884 0.002690  0.089496  -0.008606  0.999141  0.019471  -0.036582  -0.019338  0.999805  0.003984  0.036653  -0.003273  0.999323  0.000174  -0.000643  0.000059  0.000000  0.000000  0.000000  2.000000  
54.223132 0.002690  0.089492  -0.008606  0.999132  0.019681  -0.036713  -0.019543  0.999801  0.004115  0.036786  -0.003394  0.999317  0.000168  -0.000920  0.000010  0.000000  0.000000  0.000000  2.000000  
54.224385 0.002691  0.089488  -0.008606  0.999123  0.019888  -0.036845  -0.019749  0.999796  0.004125  0.036920  -0.003394  0.999312  0.000188  -0.001191  0.000026  0.000000  0.000000  0.000000  2.000000  
54.225634 0.002692  0.089485  -0.008606  0.999119  0.020093  -0.036845  -0.019955  0.999792  0.004133  0.036920  -0.003394  0.999312  0.000205  -0.001418  -0.000014  0.000000  0.000000  0.000000  2.000000  
54.226882 0.002692  0.089482  -0.008606  0.999114  0.020094  -0.036978  -0.019954  0.999792  0.004136  0.037054  -0.003394  0.999308  0.000223  -0.001646  -0.000053  0.000000  0.000000  0.000000  2.000000  
54.227883 0.002693  0.089480  -0.008607  0.999105  0.020300  -0.037111  -0.020160  0.999788  0.004146  0.037187  -0.003394  0.999303  0.000248  -0.001775  -0.000103  0.000000  0.000000  0.000000  2.000000  
54.229129 0.002693  0.089477  -0.008608  0.999095  0.020301  -0.037379  -0.020160  0.999788  0.004151  0.037455  -0.003394  0.999293  0.000223  -0.001971  -0.000169  0.000000  0.000000  0.000000  2.000000  
54.230394 0.002693  0.089474  -0.008608  0.999086  0.020507  -0.037511  -0.020365  0.999784  0.004162  0.037589  -0.003394  0.999288  0.000215  -0.002177  -0.000196  0.000000  0.000000  0.000000  2.000000  
54.231632 0.002693  0.089470  -0.008609  0.999081  0.020503  -0.037647  -0.020365  0.999784  0.004043  0.037722  -0.003273  0.999283  0.000175  -0.002443  -0.000260  0.000000  0.000000  0.000000  2.000000  
54.232644 0.002692  0.089466  -0.008609  0.999071  0.020709  -0.037780  -0.020571  0.999780  0.004054  0.037856  -0.003273  0.999278  0.000135  -0.002682  -0.000308  0.000000  0.000000  0.000000  2.000000  
54.233882 0.002692  0.089461  -0.008609  0.999062  0.020916  -0.037913  -0.020776  0.999776  0.004064  0.037990  -0.003273  0.999273  0.000112  -0.002853  -0.000239  0.000000  0.000000  0.000000  2.000000  
54.234885 0.002692  0.089457  -0.008608  0.999057  0.020916  -0.038047  -0.020776  0.999776  0.004067  0.038123  -0.003273  0.999268  0.000141  -0.002895  -0.000178  0.000000  0.000000  0.000000  2.000000  
54.236133 0.002691  0.089452  -0.008606  0.999048  0.021127  -0.038177  -0.020982  0.999771  0.004199  0.038257  -0.003394  0.999262  0.000085  -0.003030  -0.000052  0.000000  0.000000  0.000000  2.000000  
54.237133 0.002691  0.089448  -0.008605  0.999038  0.021333  -0.038310  -0.021188  0.999767  0.004210  0.038391  -0.003394  0.999257  0.000085  -0.003137  0.000100  0.000000  0.000000  0.000000  2.000000  
54.238389 0.002692  0.089442  -0.008603  0.999028  0.021334  -0.038577  -0.021187  0.999767  0.004215  0.038658  -0.003394  0.999247  0.000100  -0.003302  0.000221  0.000000  0.000000  0.000000  2.000000  
54.239633 0.002692  0.089436  -0.008601  0.999013  0.021546  -0.038841  -0.021393  0.999762  0.004350  0.038926  -0.003515  0.999236  0.000108  -0.003437  0.000301  0.000000  0.000000  0.000000  2.000000  
54.240636 0.002693  0.089431  -0.008600  0.999008  0.021546  -0.038975  -0.021393  0.999762  0.004353  0.039059  -0.003515  0.999231  0.000071  -0.003606  0.000432  0.000000  0.000000  0.000000  2.000000  
54.241651 0.002693  0.089427  -0.008598  0.998998  0.021752  -0.039108  -0.021598  0.999757  0.004364  0.039193  -0.003515  0.999225  0.000076  -0.003691  0.000541  0.000000  0.000000  0.000000  2.000000  
54.242881 0.002695  0.089422  -0.008597  0.998993  0.021753  -0.039241  -0.021598  0.999757  0.004367  0.039327  -0.003515  0.999220  0.000139  -0.003868  0.000665  0.000000  0.000000  0.000000  2.000000  
54.244133 0.002696  0.089417  -0.008596  0.998988  0.021959  -0.039240  -0.021804  0.999753  0.004375  0.039327  -0.003515  0.999220  0.000225  -0.004018  0.000845  0.000000  0.000000  0.000000  2.000000  
54.245384 0.002696  0.089411  -0.008594  0.998979  0.022165  -0.039373  -0.022009  0.999748  0.004386  0.039460  -0.003515  0.999215  0.000239  -0.004166  0.000925  0.000000  0.000000  0.000000  2.000000  
54.246385 0.002697  0.089408  -0.008592  0.998979  0.022165  -0.039373  -0.022009  0.999748  0.004386  0.039460  -0.003515  0.999215  0.000262  -0.004222  0.001086  0.000000  0.000000  0.000000  2.000000  
54.247630 0.002697  0.089403  -0.008591  0.998973  0.022166  -0.039507  -0.022009  0.999748  0.004389  0.039594  -0.003515  0.999210  0.000344  -0.004190  0.001233  0.000000  0.000000  0.000000  2.000000  
54.248632 0.002698  0.089400  -0.008588  0.998969  0.022371  -0.039506  -0.022215  0.999744  0.004397  0.039594  -0.003515  0.999210  0.000419  -0.004128  0.001368  0.000000  0.000000  0.000000  2.000000  
54.249635 0.002698  0.089397  -0.008586  0.998964  0.022372  -0.039639  -0.022215  0.999744  0.004400  0.039728  -0.003515  0.999204  0.000432  -0.004119  0.001466  0.000000  0.000000  0.000000  2.000000  
54.250636 0.002699  0.089394  -0.008584  0.998964  0.022372  -0.039639  -0.022215  0.999744  0.004400  0.039728  -0.003515  0.999204  0.000497  -0.004035  0.001554  0.000000  0.000000  0.000000  2.000000  
54.251887 0.002699  0.089389  -0.008581  0.998954  0.022578  -0.039772  -0.022420  0.999739  0.004411  0.039861  -0.003515  0.999199  0.000507  -0.003981  0.001599  0.000000  0.000000  0.000000  2.000000  
54.253133 0.002699  0.089384  -0.008579  0.998954  0.022578  -0.039772  -0.022420  0.999739  0.004411  0.039861  -0.003515  0.999199  0.000511  -0.003907  0.001635  0.000000  0.000000  0.000000  2.000000  
54.254388 0.002699  0.089380  -0.008577  0.998944  0.022784  -0.039905  -0.022626  0.999734  0.004422  0.039995  -0.003515  0.999194  0.000461  -0.003824  0.001674  0.000000  0.000000  0.000000  2.000000  
54.255633 0.002700  0.089375  -0.008574  0.998944  0.022784  -0.039905  -0.022626  0.999734  0.004422  0.039995  -0.003515  0.999194  0.000472  -0.003734  0.001700  0.000000  0.000000  0.000000  2.000000  
54.256885 0.002700  0.089371  -0.008572  0.998934  0.022991  -0.040038  -0.022831  0.999730  0.004434  0.040129  -0.003515  0.999188  0.000442  -0.003662  0.001813  0.000000  0.000000  0.000000  2.000000  
54.258213 0.002701  0.089366  -0.008569  0.998934  0.022991  -0.040038  -0.022831  0.999730  0.004434  0.040129  -0.003515  0.999188  0.000399  -0.003589  0.001854  0.000000  0.000000  0.000000  2.000000  
54.259388 0.002701  0.089362  -0.008567  0.998929  0.023196  -0.040037  -0.023037  0.999725  0.004442  0.040129  -0.003515  0.999188  0.000367  -0.003576  0.001923  0.000000  0.000000  0.000000  2.000000  
54.260394 0.002701  0.089358  -0.008565  0.998929  0.023196  -0.040037  -0.023037  0.999725  0.004442  0.040129  -0.003515  0.999188  0.000315  -0.003573  0.001928  0.000000  0.000000  0.000000  2.000000  
54.261630 0.002701  0.089354  -0.008565  0.998924  0.023397  -0.040039  -0.023243  0.999720  0.004329  0.040129  -0.003394  0.999189  0.000292  -0.003545  0.001844  0.000000  0.000000  0.000000  2.000000  
54.262634 0.002701  0.089350  -0.008564  0.998924  0.023397  -0.040039  -0.023243  0.999720  0.004329  0.040129  -0.003394  0.999189  0.000260  -0.003541  0.001746  0.000000  0.000000  0.000000  2.000000  
54.263886 0.002701  0.089346  -0.008564  0.998919  0.023603  -0.040038  -0.023448  0.999716  0.004337  0.040129  -0.003394  0.999189  0.000189  -0.003580  0.001562  0.000000  0.000000  0.000000  2.000000  
54.265129 0.002701  0.089342  -0.008564  0.998919  0.023603  -0.040038  -0.023448  0.999716  0.004337  0.040129  -0.003394  0.999189  0.000155  -0.003562  0.001386  0.000000  0.000000  0.000000  2.000000  
54.266137 0.002700  0.089338  -0.008565  0.998914  0.023809  -0.040037  -0.023654  0.999711  0.004345  0.040129  -0.003394  0.999189  0.000076  -0.003591  0.001161  0.000000  0.000000  0.000000  2.000000  
54.267385 0.002699  0.089334  -0.008565  0.998914  0.023809  -0.040037  -0.023654  0.999711  0.004345  0.040129  -0.003394  0.999189  0.000020  -0.003558  0.000977  0.000000  0.000000  0.000000  2.000000  
54.268386 0.002699  0.089331  -0.008566  0.998910  0.024015  -0.040036  -0.023860  0.999706  0.004354  0.040129  -0.003394  0.999189  -0.000019  -0.003513  0.000800  0.000000  0.000000  0.000000  2.000000  
54.269633 0.002697  0.089326  -0.008567  0.998910  0.024015  -0.040036  -0.023860  0.999706  0.004354  0.040129  -0.003394  0.999189  -0.000186  -0.003511  0.000631  0.000000  0.000000  0.000000  2.000000  
54.270638 0.002696  0.089323  -0.008566  0.998910  0.024015  -0.040036  -0.023860  0.999706  0.004354  0.040129  -0.003394  0.999189  -0.000266  -0.003468  0.000517  0.000000  0.000000  0.000000  2.000000  
54.271886 0.002694  0.089319  -0.008566  0.998905  0.024221  -0.040035  -0.024065  0.999701  0.004362  0.040129  -0.003394  0.999189  -0.000438  -0.003427  0.000379  0.000000  0.000000  0.000000  2.000000  
54.273131 0.002692  0.089315  -0.008566  0.998905  0.024221  -0.040035  -0.024065  0.999701  0.004362  0.040129  -0.003394  0.999189  -0.000598  -0.003449  0.000214  0.000000  0.000000  0.000000  2.000000  
54.274133 0.002691  0.089312  -0.008566  0.998900  0.024422  -0.040037  -0.024271  0.999696  0.004249  0.040129  -0.003272  0.999189  -0.000700  -0.003394  0.000038  0.000000  0.000000  0.000000  2.000000  
54.275383 0.002688  0.089308  -0.008567  0.998900  0.024422  -0.040037  -0.024271  0.999696  0.004249  0.040129  -0.003272  0.999189  -0.000870  -0.003356  -0.000098  0.000000  0.000000  0.000000  2.000000  
54.276634 0.002686  0.089304  -0.008568  0.998895  0.024627  -0.040036  -0.024476  0.999691  0.004257  0.040129  -0.003272  0.999189  -0.001050  -0.003347  -0.000282  0.000000  0.000000  0.000000  2.000000  
54.277881 0.002684  0.089300  -0.008569  0.998895  0.024627  -0.040036  -0.024476  0.999691  0.004257  0.040129  -0.003272  0.999189  -0.001179  -0.003323  -0.000383  0.000000  0.000000  0.000000  2.000000  
54.279132 0.002681  0.089295  -0.008571  0.998884  0.024829  -0.040172  -0.024682  0.999687  0.004147  0.040263  -0.003151  0.999184  -0.001325  -0.003353  -0.000490  0.000000  0.000000  0.000000  2.000000  
54.280133 0.002680  0.089292  -0.008572  0.998884  0.024829  -0.040172  -0.024682  0.999687  0.004147  0.040263  -0.003151  0.999184  -0.001438  -0.003286  -0.000542  0.000000  0.000000  0.000000  2.000000  
54.281133 0.002678  0.089289  -0.008573  0.998884  0.024829  -0.040172  -0.024682  0.999687  0.004147  0.040263  -0.003151  0.999184  -0.001488  -0.003279  -0.000537  0.000000  0.000000  0.000000  2.000000  
54.282380 0.002676  0.089285  -0.008575  0.998879  0.025035  -0.040171  -0.024888  0.999682  0.004156  0.040263  -0.003151  0.999184  -0.001573  -0.003259  -0.000605  0.000000  0.000000  0.000000  2.000000  
54.283389 0.002674  0.089281  -0.008575  0.998879  0.025035  -0.040171  -0.024888  0.999682  0.004156  0.040263  -0.003151  0.999184  -0.001666  -0.003262  -0.000629  0.000000  0.000000  0.000000  2.000000  
54.284633 0.002671  0.089277  -0.008578  0.998874  0.025240  -0.040170  -0.025093  0.999676  0.004164  0.040263  -0.003151  0.999184  -0.001763  -0.003295  -0.000743  0.000000  0.000000  0.000000  2.000000  
54.285883 0.002668  0.089272  -0.008579  0.998874  0.025240  -0.040170  -0.025093  0.999676  0.004164  0.040263  -0.003151  0.999184  -0.001878  -0.003357  -0.000911  0.000000  0.000000  0.000000  2.000000  
54.286887 0.002665  0.089268  -0.008581  0.998874  0.025240  -0.040170  -0.025093  0.999676  0.004164  0.040263  -0.003151  0.999184  -0.001953  -0.003416  -0.001049  0.000000  0.000000  0.000000  2.000000  
54.288131 0.002662  0.089264  -0.008583  0.998869  0.025446  -0.040170  -0.025299  0.999671  0.004172  0.040263  -0.003151  0.999184  -0.002009  -0.003416  -0.001133  0.000000  0.000000  0.000000  2.000000  
54.289132 0.002659  0.089260  -0.008585  0.998869  0.025446  -0.040170  -0.025299  0.999671  0.004172  0.040263  -0.003151  0.999184  -0.002096  -0.003472  -0.001235  0.000000  0.000000  0.000000  2.000000  
54.290133 0.002657  0.089257  -0.008586  0.998869  0.025446  -0.040170  -0.025299  0.999671  0.004172  0.040263  -0.003151  0.999184  -0.002103  -0.003460  -0.001291  0.000000  0.000000  0.000000  2.000000  
54.291134 0.002654  0.089254  -0.008587  0.998869  0.025446  -0.040170  -0.025299  0.999671  0.004172  0.040263  -0.003151  0.999184  -0.002175  -0.003429  -0.001260  0.000000  0.000000  0.000000  2.000000  
54.292379 0.002651  0.089250  -0.008588  0.998864  0.025652  -0.040169  -0.025505  0.999666  0.004180  0.040263  -0.003151  0.999184  -0.002214  -0.003420  -0.001244  0.000000  0.000000  0.000000  2.000000  
54.293380 0.002649  0.089247  -0.008588  0.998858  0.025652  -0.040302  -0.025504  0.999666  0.004184  0.040396  -0.003151  0.999179  -0.002247  -0.003390  -0.001185  0.000000  0.000000  0.000000  2.000000  
54.294629 0.002647  0.089243  -0.008589  0.998858  0.025652  -0.040302  -0.025504  0.999666  0.004184  0.040396  -0.003151  0.999179  -0.002267  -0.003362  -0.001160  0.000000  0.000000  0.000000  2.000000  
54.295630 0.002645  0.089241  -0.008590  0.998853  0.025858  -0.040301  -0.025710  0.999661  0.004192  0.040396  -0.003151  0.999179  -0.002236  -0.003336  -0.001141  0.000000  0.000000  0.000000  2.000000  
54.296631 0.002643  0.089238  -0.008591  0.998853  0.025858  -0.040301  -0.025710  0.999661  0.004192  0.040396  -0.003151  0.999179  -0.002256  -0.003309  -0.001116  0.000000  0.000000  0.000000  2.000000  
54.297879 0.002640  0.089234  -0.008592  0.998853  0.025858  -0.040301  -0.025710  0.999661  0.004192  0.040396  -0.003151  0.999179  -0.002303  -0.003288  -0.001155  0.000000  0.000000  0.000000  2.000000  
54.298879 0.002638  0.089230  -0.008594  0.998853  0.025858  -0.040301  -0.025710  0.999661  0.004192  0.040396  -0.003151  0.999179  -0.002283  -0.003314  -0.001180  0.000000  0.000000  0.000000  2.000000  
54.299886 0.002635  0.089226  -0.008595  0.998853  0.025858  -0.040301  -0.025710  0.999661  0.004192  0.040396  -0.003151  0.999179  -0.002317  -0.003291  -0.001164  0.000000  0.000000  0.000000  2.000000  
54.301134 0.002633  0.089222  -0.008597  0.998853  0.025858  -0.040301  -0.025710  0.999661  0.004192  0.040396  -0.003151  0.999179  -0.002259  -0.003264  -0.001170  0.000000  0.000000  0.000000  2.000000  
54.302134 0.002631  0.089219  -0.008599  0.998848  0.026064  -0.040301  -0.025916  0.999655  0.004200  0.040396  -0.003151  0.999179  -0.002242  -0.003243  -0.001160  0.000000  0.000000  0.000000  2.000000  
54.303387 0.002628  0.089215  -0.008601  0.998848  0.026064  -0.040301  -0.025916  0.999655  0.004200  0.040396  -0.003151  0.999179  -0.002200  -0.003163  -0.001096  0.000000  0.000000  0.000000  2.000000  
54.304633 0.002625  0.089211  -0.008602  0.998848  0.026064  -0.040301  -0.025916  0.999655  0.004200  0.040396  -0.003151  0.999179  -0.002201  -0.003164  -0.001096  0.000000  0.000000  0.000000  2.000000  
54.305884 0.002622  0.089207  -0.008604  0.998842  0.026064  -0.040434  -0.025916  0.999655  0.004204  0.040530  -0.003151  0.999173  -0.002175  -0.003171  -0.001166  0.000000  0.000000  0.000000  2.000000  
54.306886 0.002620  0.089204  -0.008605  0.998842  0.026064  -0.040434  -0.025916  0.999655  0.004204  0.040530  -0.003151  0.999173  -0.002169  -0.003150  -0.001211  0.000000  0.000000  0.000000  2.000000  
54.308134 0.002618  0.089201  -0.008607  0.998842  0.026064  -0.040434  -0.025916  0.999655  0.004204  0.040530  -0.003151  0.999173  -0.002128  -0.003083  -0.001281  0.000000  0.000000  0.000000  2.000000  
54.309381 0.002616  0.089198  -0.008609  0.998842  0.026064  -0.040434  -0.025916  0.999655  0.004204  0.040530  -0.003151  0.999173  -0.002118  -0.003042  -0.001371  0.000000  0.000000  0.000000  2.000000  
54.310395 0.002614  0.089196  -0.008611  0.998842  0.026064  -0.040434  -0.025916  0.999655  0.004204  0.040530  -0.003151  0.999173  -0.002143  -0.003045  -0.001434  0.000000  0.000000  0.000000  2.000000  
54.311630 0.002611  0.089193  -0.008612  0.998837  0.026270  -0.040433  -0.026121  0.999650  0.004212  0.040530  -0.003151  0.999173  -0.002155  -0.002975  -0.001451  0.000000  0.000000  0.000000  2.000000  
54.312631 0.002608  0.089190  -0.008614  0.998837  0.026270  -0.040433  -0.026121  0.999650  0.004212  0.040530  -0.003151  0.999173  -0.002144  -0.002925  -0.001456  0.000000  0.000000  0.000000  2.000000  
54.313881 0.002606  0.089188  -0.008615  0.998837  0.026270  -0.040433  -0.026121  0.999650  0.004212  0.040530  -0.003151  0.999173  -0.002110  -0.002822  -0.001402  0.000000  0.000000  0.000000  2.000000  
54.314884 0.002604  0.089186  -0.008616  0.998837  0.026270  -0.040433  -0.026121  0.999650  0.004212  0.040530  -0.003151  0.999173  -0.002091  -0.002728  -0.001398  0.000000  0.000000  0.000000  2.000000  
54.315884 0.002602  0.089183  -0.008618  0.998837  0.026270  -0.040433  -0.026121  0.999650  0.004212  0.040530  -0.003151  0.999173  -0.002099  -0.002646  -0.001378  0.000000  0.000000  0.000000  2.000000  
54.316887 0.002600  0.089181  -0.008619  0.998837  0.026270  -0.040433  -0.026121  0.999650  0.004212  0.040530  -0.003151  0.999173  -0.002072  -0.002518  -0.001333  0.000000  0.000000  0.000000  2.000000  
54.318136 0.002598  0.089179  -0.008621  0.998837  0.026270  -0.040433  -0.026121  0.999650  0.004212  0.040530  -0.003151  0.999173  -0.002044  -0.002448  -0.001369  0.000000  0.000000  0.000000  2.000000  
54.319386 0.002595  0.089176  -0.008623  0.998837  0.026275  -0.040430  -0.026121  0.999649  0.004333  0.040530  -0.003272  0.999173  -0.002056  -0.002385  -0.001385  0.000000  0.000000  0.000000  2.000000  
54.320397 0.002593  0.089174  -0.008624  0.998837  0.026275  -0.040430  -0.026121  0.999649  0.004333  0.040530  -0.003272  0.999173  -0.002010  -0.002297  -0.001368  0.000000  0.000000  0.000000  2.000000  
54.321634 0.002591  0.089171  -0.008627  0.998831  0.026481  -0.040429  -0.026327  0.999644  0.004342  0.040530  -0.003272  0.999173  -0.002007  -0.002223  -0.001464  0.000000  0.000000  0.000000  2.000000  
54.322635 0.002589  0.089170  -0.008629  0.998831  0.026481  -0.040429  -0.026327  0.999644  0.004342  0.040530  -0.003272  0.999173  -0.001993  -0.002160  -0.001470  0.000000  0.000000  0.000000  2.000000  
54.323883 0.002587  0.089167  -0.008631  0.998831  0.026481  -0.040429  -0.026327  0.999644  0.004342  0.040530  -0.003272  0.999173  -0.001982  -0.002110  -0.001553  0.000000  0.000000  0.000000  2.000000  
54.324885 0.002585  0.089166  -0.008632  0.998831  0.026481  -0.040429  -0.026327  0.999644  0.004342  0.040530  -0.003272  0.999173  -0.001941  -0.002040  -0.001495  0.000000  0.000000  0.000000  2.000000  
54.326131 0.002583  0.089164  -0.008634  0.998831  0.026481  -0.040429  -0.026327  0.999644  0.004342  0.040530  -0.003272  0.999173  -0.001937  -0.001956  -0.001456  0.000000  0.000000  0.000000  2.000000  
54.327380 0.002581  0.089163  -0.008635  0.998831  0.026481  -0.040429  -0.026327  0.999644  0.004342  0.040530  -0.003272  0.999173  -0.001883  -0.001881  -0.001428  0.000000  0.000000  0.000000  2.000000  
54.328634 0.002580  0.089162  -0.008636  0.998826  0.026687  -0.040428  -0.026532  0.999638  0.004350  0.040530  -0.003272  0.999173  -0.001813  -0.001737  -0.001403  0.000000  0.000000  0.000000  2.000000  
54.329879 0.002578  0.089161  -0.008637  0.998826  0.026687  -0.040428  -0.026532  0.999638  0.004350  0.040530  -0.003272  0.999173  -0.001729  -0.001635  -0.001352  0.000000  0.000000  0.000000  2.000000  
54.330883 0.002577  0.089161  -0.008637  0.998826  0.026687  -0.040428  -0.026532  0.999638  0.004350  0.040530  -0.003272  0.999173  -0.001652  -0.001511  -0.001314  0.000000  0.000000  0.000000  2.000000  
54.332131 0.002576  0.089159  -0.008638  0.998826  0.026687  -0.040428  -0.026532  0.999638  0.004350  0.040530  -0.003272  0.999173  -0.001598  -0.001437  -0.001285  0.000000  0.000000  0.000000  2.000000  
54.333148 0.002575  0.089159  -0.008639  0.998826  0.026687  -0.040428  -0.026532  0.999638  0.004350  0.040530  -0.003272  0.999173  -0.001482  -0.001283  -0.001228  0.000000  0.000000  0.000000  2.000000  
54.334388 0.002574  0.089158  -0.008640  0.998826  0.026687  -0.040428  -0.026532  0.999638  0.004350  0.040530  -0.003272  0.999173  -0.001378  -0.001154  -0.001126  0.000000  0.000000  0.000000  2.000000  
54.335633 0.002573  0.089158  -0.008640  0.998821  0.026893  -0.040428  -0.026738  0.999633  0.004358  0.040530  -0.003272  0.999173  -0.001243  -0.000998  -0.001004  0.000000  0.000000  0.000000  2.000000  
54.336637 0.002573  0.089158  -0.008641  0.998821  0.026893  -0.040428  -0.026738  0.999633  0.004358  0.040530  -0.003272  0.999173  -0.001161  -0.000917  -0.000910  0.000000  0.000000  0.000000  2.000000  
54.337882 0.002573  0.089157  -0.008641  0.998821  0.026893  -0.040428  -0.026738  0.999633  0.004358  0.040530  -0.003272  0.999173  -0.001045  -0.000794  -0.000750  0.000000  0.000000  0.000000  2.000000  
54.338884 0.002572  0.089157  -0.008641  0.998821  0.026893  -0.040428  -0.026738  0.999633  0.004358  0.040530  -0.003272  0.999173  -0.000981  -0.000727  -0.000669  0.000000  0.000000  0.000000  2.000000  
54.339885 0.002572  0.089157  -0.008641  0.998821  0.026893  -0.040428  -0.026738  0.999633  0.004358  0.040530  -0.003272  0.999173  -0.000855  -0.000624  -0.000591  0.000000  0.000000  0.000000  2.000000  
54.341133 0.002572  0.089157  -0.008642  0.998815  0.027098  -0.040427  -0.026944  0.999627  0.004367  0.040530  -0.003272  0.999173  -0.000687  -0.000500  -0.000529  0.000000  0.000000  0.000000  2.000000  
54.342379 0.002572  0.089157  -0.008642  0.998815  0.027098  -0.040427  -0.026944  0.999627  0.004367  0.040530  -0.003272  0.999173  -0.000583  -0.000415  -0.000462  0.000000  0.000000  0.000000  2.000000  
54.343382 0.002572  0.089157  -0.008642  0.998815  0.027098  -0.040427  -0.026944  0.999627  0.004367  0.040530  -0.003272  0.999173  -0.000478  -0.000373  -0.000437  0.000000  0.000000  0.000000  2.000000  
54.344383 0.002573  0.089157  -0.008642  0.998815  0.027098  -0.040427  -0.026944  0.999627  0.004367  0.040530  -0.003272  0.999173  -0.000365  -0.000295  -0.000406  0.000000  0.000000  0.000000  2.000000  
54.345384 0.002574  0.089157  -0.008642  0.998809  0.027304  -0.040426  -0.027149  0.999622  0.004375  0.040530  -0.003272  0.999173  -0.000273  -0.000219  -0.000349  0.000000  0.000000  0.000000  2.000000  
54.346393 0.002574  0.089158  -0.008642  0.998809  0.027304  -0.040426  -0.027149  0.999622  0.004375  0.040530  -0.003272  0.999173  -0.000173  -0.000168  -0.000282  0.000000  0.000000  0.000000  2.000000  
54.347631 0.002575  0.089158  -0.008642  0.998809  0.027304  -0.040426  -0.027149  0.999622  0.004375  0.040530  -0.003272  0.999173  -0.000062  -0.000063  -0.000170  0.000000  0.000000  0.000000  2.000000  
54.348881 0.002575  0.089159  -0.008640  0.998809  0.027304  -0.040426  -0.027149  0.999622  0.004375  0.040530  -0.003272  0.999173  0.000048  0.000042  -0.000059  0.000000  0.000000  0.000000  2.000000  
54.349886 0.002576  0.089159  -0.008640  0.998804  0.027510  -0.040425  -0.027355  0.999616  0.004383  0.040530  -0.003272  0.999173  0.000130  0.000123  0.000033  0.000000  0.000000  0.000000  2.000000  
54.351133 0.002576  0.089160  -0.008639  0.998804  0.027510  -0.040425  -0.027355  0.999616  0.004383  0.040530  -0.003272  0.999173  0.000188  0.000154  0.000117  0.000000  0.000000  0.000000  2.000000  
54.352385 0.002576  0.089160  -0.008639  0.998804  0.027510  -0.040425  -0.027355  0.999616  0.004383  0.040530  -0.003272  0.999173  0.000250  0.000205  0.000156  0.000000  0.000000  0.000000  2.000000  
54.353635 0.002577  0.089161  -0.008638  0.998798  0.027716  -0.040424  -0.027561  0.999610  0.004392  0.040530  -0.003272  0.999173  0.000300  0.000260  0.000230  0.000000  0.000000  0.000000  2.000000  
54.354638 0.002576  0.089161  -0.008638  0.998793  0.027716  -0.040558  -0.027560  0.999610  0.004395  0.040664  -0.003272  0.999168  0.000293  0.000284  0.000220  0.000000  0.000000  0.000000  2.000000  
54.355881 0.002577  0.089162  -0.008638  0.998793  0.027716  -0.040558  -0.027560  0.999610  0.004395  0.040664  -0.003272  0.999168  0.000311  0.000329  0.000226  0.000000  0.000000  0.000000  2.000000  
54.356886 0.002577  0.089162  -0.008638  0.998793  0.027716  -0.040558  -0.027560  0.999610  0.004395  0.040664  -0.003272  0.999168  0.000298  0.000332  0.000260  0.000000  0.000000  0.000000  2.000000  
54.358129 0.002577  0.089162  -0.008638  0.998787  0.027922  -0.040557  -0.027766  0.999605  0.004404  0.040664  -0.003272  0.999168  0.000286  0.000336  0.000294  0.000000  0.000000  0.000000  2.000000  
54.359385 0.002577  0.089162  -0.008638  0.998787  0.027922  -0.040557  -0.027766  0.999605  0.004404  0.040664  -0.003272  0.999168  0.000270  0.000369  0.000324  0.000000  0.000000  0.000000  2.000000  
54.360393 0.002577  0.089162  -0.008637  0.998787  0.027922  -0.040557  -0.027766  0.999605  0.004404  0.040664  -0.003272  0.999168  0.000226  0.000347  0.000340  0.000000  0.000000  0.000000  2.000000  
54.361632 0.002577  0.089162  -0.008637  0.998781  0.028128  -0.040556  -0.027972  0.999599  0.004412  0.040664  -0.003272  0.999168  0.000195  0.000322  0.000321  0.000000  0.000000  0.000000  2.000000  
54.362878 0.002577  0.089163  -0.008637  0.998781  0.028128  -0.040556  -0.027972  0.999599  0.004412  0.040664  -0.003272  0.999168  0.000148  0.000295  0.000330  0.000000  0.000000  0.000000  2.000000  
54.363881 0.002577  0.089163  -0.008637  0.998781  0.028128  -0.040556  -0.027972  0.999599  0.004412  0.040664  -0.003272  0.999168  0.000101  0.000245  0.000262  0.000000  0.000000  0.000000  2.000000  
54.364882 0.002576  0.089162  -0.008637  0.998781  0.028128  -0.040556  -0.027972  0.999599  0.004412  0.040664  -0.003272  0.999168  0.000058  0.000163  0.000195  0.000000  0.000000  0.000000  2.000000  
54.365885 0.002576  0.089162  -0.008637  0.998776  0.028334  -0.040555  -0.028177  0.999593  0.004420  0.040664  -0.003272  0.999168  0.000040  0.000136  0.000143  0.000000  0.000000  0.000000  2.000000  
54.366886 0.002576  0.089161  -0.008637  0.998770  0.028329  -0.040692  -0.028177  0.999594  0.004303  0.040797  -0.003151  0.999162  -0.000035  0.000089  0.000139  0.000000  0.000000  0.000000  2.000000  
54.368136 0.002575  0.089161  -0.008637  0.998770  0.028329  -0.040692  -0.028177  0.999594  0.004303  0.040797  -0.003151  0.999162  -0.000046  0.000035  0.000095  0.000000  0.000000  0.000000  2.000000  
54.369386 0.002575  0.089160  -0.008637  0.998770  0.028329  -0.040692  -0.028177  0.999594  0.004303  0.040797  -0.003151  0.999162  -0.000099  -0.000040  0.000065  0.000000  0.000000  0.000000  2.000000  
54.370401 0.002575  0.089160  -0.008636  0.998770  0.028329  -0.040692  -0.028177  0.999594  0.004303  0.040797  -0.003151  0.999162  -0.000145  -0.000062  0.000081  0.000000  0.000000  0.000000  2.000000  
54.371633 0.002575  0.089160  -0.008636  0.998764  0.028535  -0.040691  -0.028383  0.999588  0.004311  0.040797  -0.003151  0.999162  -0.000130  -0.000111  0.000101  0.000000  0.000000  0.000000  2.000000  
54.372634 0.002574  0.089160  -0.008636  0.998759  0.028535  -0.040825  -0.028383  0.999588  0.004315  0.040931  -0.003151  0.999157  -0.000174  -0.000133  0.000117  0.000000  0.000000  0.000000  2.000000  
54.373883 0.002574  0.089160  -0.008636  0.998759  0.028535  -0.040825  -0.028383  0.999588  0.004315  0.040931  -0.003151  0.999157  -0.000166  -0.000157  0.000127  0.000000  0.000000  0.000000  2.000000  
54.374933 0.002574  0.089160  -0.008636  0.998759  0.028535  -0.040825  -0.028383  0.999588  0.004315  0.040931  -0.003151  0.999157  -0.000184  -0.000185  0.000072  0.000000  0.000000  0.000000  2.000000  
54.376131 0.002574  0.089159  -0.008636  0.998759  0.028535  -0.040825  -0.028383  0.999588  0.004315  0.040931  -0.003151  0.999157  -0.000212  -0.000208  0.000052  0.000000  0.000000  0.000000  2.000000  
54.377381 0.002574  0.089159  -0.008637  0.998753  0.028741  -0.040824  -0.028588  0.999582  0.004324  0.040931  -0.003151  0.999157  -0.000183  -0.000243  -0.000007  0.000000  0.000000  0.000000  2.000000  
54.378393 0.002574  0.089159  -0.008637  0.998753  0.028741  -0.040824  -0.028588  0.999582  0.004324  0.040931  -0.003151  0.999157  -0.000214  -0.000269  -0.000027  0.000000  0.000000  0.000000  2.000000  
54.379634 0.002574  0.089158  -0.008637  0.998747  0.028741  -0.040957  -0.028588  0.999582  0.004327  0.041065  -0.003151  0.999152  -0.000183  -0.000243  -0.000007  0.000000  0.000000  0.000000  2.000000  
54.380886 0.002574  0.089158  -0.008637  0.998747  0.028741  -0.040957  -0.028588  0.999582  0.004327  0.041065  -0.003151  0.999152  -0.000139  -0.000221  -0.000023  0.000000  0.000000  0.000000  2.000000  
54.382129 0.002574  0.089158  -0.008637  0.998747  0.028741  -0.040957  -0.028588  0.999582  0.004327  0.041065  -0.003151  0.999152  -0.000129  -0.000241  -0.000012  0.000000  0.000000  0.000000  2.000000  
54.383137 0.002574  0.089158  -0.008637  0.998742  0.028947  -0.040956  -0.028794  0.999576  0.004336  0.041065  -0.003151  0.999152  -0.000107  -0.000196  -0.000003  0.000000  0.000000  0.000000  2.000000  
54.384386 0.002574  0.089158  -0.008636  0.998736  0.028948  -0.041090  -0.028793  0.999576  0.004340  0.041198  -0.003151  0.999146  -0.000045  -0.000144  0.000036  0.000000  0.000000  0.000000  2.000000  
54.385386 0.002574  0.089158  -0.008636  0.998736  0.028948  -0.041090  -0.028793  0.999576  0.004340  0.041198  -0.003151  0.999146  -0.000044  -0.000142  0.000035  0.000000  0.000000  0.000000  2.000000  
54.386397 0.002575  0.089159  -0.008636  0.998736  0.028948  -0.041090  -0.028793  0.999576  0.004340  0.041198  -0.003151  0.999146  -0.000021  -0.000094  0.000045  0.000000  0.000000  0.000000  2.000000  
54.387666 0.002574  0.089159  -0.008636  0.998730  0.029153  -0.041089  -0.028999  0.999570  0.004348  0.041198  -0.003151  0.999146  0.000015  -0.000048  0.000020  0.000000  0.000000  0.000000  2.000000  
54.388883 0.002574  0.089159  -0.008636  0.998725  0.029154  -0.041223  -0.028999  0.999570  0.004352  0.041332  -0.003151  0.999140  0.000008  -0.000024  0.000010  0.000000  0.000000  0.000000  2.000000  
54.389883 0.002575  0.089160  -0.008636  0.998725  0.029154  -0.041223  -0.028999  0.999570  0.004352  0.041332  -0.003151  0.999140  0.000038  0.000001  0.000029  0.000000  0.000000  0.000000  2.000000  
54.391134 0.002575  0.089160  -0.008636  0.998725  0.029154  -0.041223  -0.028999  0.999570  0.004352  0.041332  -0.003151  0.999140  0.000063  0.000051  0.000039  0.000000  0.000000  0.000000  2.000000  
54.392384 0.002575  0.089160  -0.008636  0.998719  0.029360  -0.041222  -0.029205  0.999564  0.004360  0.041332  -0.003151  0.999140  0.000034  0.000103  0.000054  0.000000  0.000000  0.000000  2.000000  
54.393385 0.002575  0.089161  -0.008635  0.998713  0.029360  -0.041356  -0.029204  0.999564  0.004364  0.041466  -0.003151  0.999135  0.000075  0.000179  0.000116  0.000000  0.000000  0.000000  2.000000  
54.394392 0.002575  0.089162  -0.008635  0.998713  0.029360  -0.041356  -0.029204  0.999564  0.004364  0.041466  -0.003151  0.999135  0.000061  0.000231  0.000098  0.000000  0.000000  0.000000  2.000000  
54.395633 0.002574  0.089162  -0.008636  0.998713  0.029360  -0.041356  -0.029204  0.999564  0.004364  0.041466  -0.003151  0.999135  0.000053  0.000255  0.000088  0.000000  0.000000  0.000000  2.000000  
54.396635 0.002574  0.089162  -0.008635  0.998707  0.029566  -0.041355  -0.029410  0.999558  0.004373  0.041466  -0.003151  0.999135  0.000032  0.000278  0.000111  0.000000  0.000000  0.000000  2.000000  
54.397878 0.002575  0.089163  -0.008635  0.998707  0.029566  -0.041355  -0.029410  0.999558  0.004373  0.041466  -0.003151  0.999135  0.000048  0.000351  0.000111  0.000000  0.000000  0.000000  2.000000  
54.398879 0.002574  0.089163  -0.008635  0.998707  0.029566  -0.041355  -0.029410  0.999558  0.004373  0.041466  -0.003151  0.999135  0.000010  0.000349  0.000082  0.000000  0.000000  0.000000  2.000000  
54.399886 0.002574  0.089163  -0.008635  0.998701  0.029566  -0.041488  -0.029410  0.999558  0.004377  0.041599  -0.003151  0.999129  -0.000021  0.000329  0.000064  0.000000  0.000000  0.000000  2.000000  
54.401134 0.002574  0.089163  -0.008636  0.998695  0.029772  -0.041487  -0.029615  0.999552  0.004385  0.041599  -0.003151  0.999129  -0.000016  0.000344  0.000019  0.000000  0.000000  0.000000  2.000000  
54.402396 0.002574  0.089164  -0.008636  0.998695  0.029772  -0.041487  -0.029615  0.999552  0.004385  0.041599  -0.003151  0.999129  -0.000048  0.000325  -0.000001  0.000000  0.000000  0.000000  2.000000  
54.403635 0.002573  0.089164  -0.008635  0.998695  0.029772  -0.041487  -0.029615  0.999552  0.004385  0.041599  -0.003151  0.999129  -0.000060  0.000328  0.000034  0.000000  0.000000  0.000000  2.000000  
54.404884 0.002573  0.089164  -0.008636  0.998695  0.029772  -0.041487  -0.029615  0.999552  0.004385  0.041599  -0.003151  0.999129  -0.000123  0.000277  -0.000005  0.000000  0.000000  0.000000  2.000000  
54.406133 0.002573  0.089164  -0.008635  0.998689  0.029978  -0.041487  -0.029821  0.999546  0.004394  0.041599  -0.003151  0.999129  -0.000134  0.000276  0.000030  0.000000  0.000000  0.000000  2.000000  
54.407388 0.002573  0.089164  -0.008635  0.998684  0.029978  -0.041620  -0.029821  0.999546  0.004398  0.041733  -0.003151  0.999124  -0.000128  0.000256  0.000040  0.000000  0.000000  0.000000  2.000000  
54.408631 0.002572  0.089164  -0.008635  0.998684  0.029978  -0.041620  -0.029821  0.999546  0.004398  0.041733  -0.003151  0.999124  -0.000180  0.000178  0.000011  0.000000  0.000000  0.000000  2.000000  
54.409631 0.002572  0.089164  -0.008635  0.998678  0.030184  -0.041619  -0.030026  0.999539  0.004406  0.041733  -0.003151  0.999124  -0.000207  0.000131  0.000002  0.000000  0.000000  0.000000  2.000000  
54.410879 0.002571  0.089164  -0.008636  0.998678  0.030184  -0.041619  -0.030026  0.999539  0.004406  0.041733  -0.003151  0.999124  -0.000191  0.000125  -0.000033  0.000000  0.000000  0.000000  2.000000  
54.411885 0.002571  0.089164  -0.008636  0.998678  0.030179  -0.041623  -0.030026  0.999540  0.004285  0.041733  -0.003030  0.999124  -0.000215  0.000077  -0.000042  0.000000  0.000000  0.000000  2.000000  
54.413134 0.002571  0.089163  -0.008636  0.998678  0.030179  -0.041623  -0.030026  0.999540  0.004285  0.041733  -0.003030  0.999124  -0.000265  -0.000022  -0.000062  0.000000  0.000000  0.000000  2.000000  
54.414135 0.002571  0.089163  -0.008636  0.998671  0.030385  -0.041622  -0.030232  0.999534  0.004294  0.041733  -0.003030  0.999124  -0.000226  -0.000021  -0.000032  0.000000  0.000000  0.000000  2.000000  
54.415381 0.002570  0.089162  -0.008636  0.998671  0.030385  -0.041622  -0.030232  0.999534  0.004294  0.041733  -0.003030  0.999124  -0.000245  -0.000069  -0.000041  0.000000  0.000000  0.000000  2.000000  
54.416390 0.002570  0.089162  -0.008636  0.998671  0.030385  -0.041622  -0.030232  0.999534  0.004294  0.041733  -0.003030  0.999124  -0.000241  -0.000095  -0.000032  0.000000  0.000000  0.000000  2.000000  
54.417634 0.002570  0.089161  -0.008636  0.998671  0.030385  -0.041622  -0.030232  0.999534  0.004294  0.041733  -0.003030  0.999124  -0.000245  -0.000172  -0.000066  0.000000  0.000000  0.000000  2.000000  
54.418637 0.002570  0.089161  -0.008636  0.998665  0.030591  -0.041621  -0.030438  0.999527  0.004302  0.041733  -0.003030  0.999124  -0.000229  -0.000221  -0.000046  0.000000  0.000000  0.000000  2.000000  
54.419883 0.002570  0.089160  -0.008636  0.998665  0.030591  -0.041621  -0.030438  0.999527  0.004302  0.041733  -0.003030  0.999124  -0.000218  -0.000241  -0.000036  0.000000  0.000000  0.000000  2.000000  
54.420883 0.002570  0.089160  -0.008637  0.998665  0.030591  -0.041621  -0.030438  0.999527  0.004302  0.041733  -0.003030  0.999124  -0.000181  -0.000300  -0.000087  0.000000  0.000000  0.000000  2.000000  
54.421885 0.002570  0.089160  -0.008637  0.998659  0.030791  -0.041624  -0.030643  0.999522  0.004190  0.041733  -0.002909  0.999125  -0.000181  -0.000300  -0.000087  0.000000  0.000000  0.000000  2.000000  
54.423134 0.002570  0.089159  -0.008637  0.998653  0.030792  -0.041758  -0.030643  0.999522  0.004194  0.041867  -0.002909  0.999119  -0.000158  -0.000324  -0.000110  0.000000  0.000000  0.000000  2.000000  
54.424382 0.002570  0.089159  -0.008637  0.998653  0.030792  -0.041758  -0.030643  0.999522  0.004194  0.041867  -0.002909  0.999119  -0.000137  -0.000350  -0.000134  0.000000  0.000000  0.000000  2.000000  
54.425383 0.002569  0.089158  -0.008637  0.998647  0.030997  -0.041757  -0.030849  0.999515  0.004202  0.041867  -0.002909  0.999119  -0.000130  -0.000374  -0.000125  0.000000  0.000000  0.000000  2.000000  
54.426638 0.002570  0.089158  -0.008637  0.998647  0.030997  -0.041757  -0.030849  0.999515  0.004202  0.041867  -0.002909  0.999119  -0.000093  -0.000378  -0.000097  0.000000  0.000000  0.000000  2.000000  
54.427880 0.002570  0.089158  -0.008637  0.998647  0.030997  -0.041757  -0.030849  0.999515  0.004202  0.041867  -0.002909  0.999119  -0.000062  -0.000353  -0.000078  0.000000  0.000000  0.000000  2.000000  
54.428880 0.002570  0.089158  -0.008637  0.998640  0.031203  -0.041756  -0.031054  0.999509  0.004211  0.041867  -0.002909  0.999119  -0.000061  -0.000347  -0.000076  0.000000  0.000000  0.000000  2.000000  
54.430132 0.002570  0.089158  -0.008637  0.998640  0.031203  -0.041756  -0.031054  0.999509  0.004211  0.041867  -0.002909  0.999119  -0.000030  -0.000327  -0.000058  0.000000  0.000000  0.000000  2.000000  
54.431134 0.002570  0.089158  -0.008637  0.998640  0.031198  -0.041760  -0.031054  0.999509  0.004090  0.041867  -0.002787  0.999119  -0.000038  -0.000303  -0.000068  0.000000  0.000000  0.000000  2.000000  
54.432384 0.002569  0.089157  -0.008637  0.998634  0.031404  -0.041759  -0.031260  0.999503  0.004098  0.041867  -0.002787  0.999119  -0.000038  -0.000303  -0.000068  0.000000  0.000000  0.000000  2.000000  
54.433386 0.002569  0.089157  -0.008637  0.998628  0.031404  -0.041892  -0.031260  0.999503  0.004103  0.042000  -0.002787  0.999114  -0.000045  -0.000275  -0.000077  0.000000  0.000000  0.000000  2.000000  
54.434638 0.002570  0.089157  -0.008638  0.998622  0.031610  -0.041892  -0.031465  0.999496  0.004111  0.042000  -0.002787  0.999114  -0.000009  -0.000233  -0.000104  0.000000  0.000000  0.000000  2.000000  
