1-Time 2-Px 3-Py 4-Pz 5-R11 6-R21 7-R31 8-R12 9-R22 10-R32 11-R13 12-R23 13-R33 14-Vx 15-Vy 16-Vz 17-Wx 18-Wy 19-Wz 20-state 21-PR11 22-PR21 23-PR31 24-PR12 25-PR22 26-PR32 27-PR13 28-PR23 29-PR33 
43.758677 0.006513  0.091243  -0.009615  0.999728  0.014033  -0.018649  -0.013173  0.998878  0.045478  0.019266  -0.045220  0.998791  -0.000176  -0.000099  -0.000262  0.000000  0.000000  0.000000  2.000000  
43.759689 0.006513  0.091243  -0.009615  0.999725  0.014239  -0.018639  -0.013379  0.998876  0.045482  0.019266  -0.045220  0.998791  -0.000185  -0.000073  -0.000272  0.000000  0.000000  0.000000  2.000000  
43.760934 0.006514  0.091241  -0.009617  0.999725  0.014239  -0.018639  -0.013379  0.998876  0.045482  0.019266  -0.045220  0.998791  -0.000112  -0.000184  -0.000340  0.000000  0.000000  0.000000  2.000000  
43.761935 0.006514  0.091239  -0.009617  0.999720  0.014453  -0.018762  -0.013585  0.998867  0.045609  0.019400  -0.045341  0.998783  -0.000074  -0.000344  -0.000383  0.000000  0.000000  0.000000  2.000000  
43.762939 0.006515  0.091237  -0.009618  0.999720  0.014455  -0.018760  -0.013585  0.998861  0.045730  0.019400  -0.045462  0.998778  -0.000005  -0.000476  -0.000405  0.000000  0.000000  0.000000  2.000000  
43.764186 0.006516  0.091233  -0.009619  0.999714  0.014669  -0.018882  -0.013790  0.998853  0.045857  0.019533  -0.045583  0.998770  0.000093  -0.000743  -0.000479  0.000000  0.000000  0.000000  2.000000  
43.765186 0.006517  0.091230  -0.009620  0.999714  0.014671  -0.018881  -0.013790  0.998847  0.045978  0.019533  -0.045704  0.998764  0.000192  -0.000930  -0.000518  0.000000  0.000000  0.000000  2.000000  
43.766186 0.006519  0.091227  -0.009620  0.999711  0.014879  -0.018869  -0.013996  0.998839  0.046103  0.019533  -0.045825  0.998758  0.000300  -0.001141  -0.000545  0.000000  0.000000  0.000000  2.000000  
43.767187 0.006521  0.091224  -0.009621  0.999706  0.015093  -0.018992  -0.014202  0.998830  0.046230  0.019667  -0.045946  0.998750  0.000449  -0.001269  -0.000506  0.000000  0.000000  0.000000  2.000000  
43.768201 0.006522  0.091222  -0.009621  0.999703  0.015301  -0.018980  -0.014408  0.998821  0.046355  0.019667  -0.046068  0.998745  0.000556  -0.001479  -0.000534  0.000000  0.000000  0.000000  2.000000  
43.769443 0.006524  0.091218  -0.009622  0.999700  0.015509  -0.018969  -0.014613  0.998812  0.046480  0.019667  -0.046189  0.998739  0.000686  -0.001720  -0.000588  0.000000  0.000000  0.000000  2.000000  
43.770445 0.006525  0.091216  -0.009622  0.999697  0.015518  -0.019101  -0.014613  0.998807  0.046603  0.019801  -0.046310  0.998731  0.000818  -0.001797  -0.000569  0.000000  0.000000  0.000000  2.000000  
43.771453 0.006528  0.091215  -0.009622  0.999694  0.015723  -0.019091  -0.014819  0.998803  0.046607  0.019801  -0.046310  0.998731  0.000957  -0.001899  -0.000540  0.000000  0.000000  0.000000  2.000000  
43.772685 0.006530  0.091212  -0.009622  0.999691  0.015931  -0.019079  -0.015025  0.998794  0.046732  0.019801  -0.046431  0.998725  0.001129  -0.002059  -0.000527  0.000000  0.000000  0.000000  2.000000  
43.773931 0.006532  0.091210  -0.009622  0.999685  0.016145  -0.019201  -0.015231  0.998785  0.046859  0.019935  -0.046552  0.998717  0.001254  -0.002173  -0.000435  0.000000  0.000000  0.000000  2.000000  
43.774931 0.006534  0.091208  -0.009621  0.999682  0.016353  -0.019190  -0.015437  0.998776  0.046984  0.019935  -0.046673  0.998711  0.001404  -0.002310  -0.000377  0.000000  0.000000  0.000000  2.000000  
43.776179 0.006536  0.091205  -0.009620  0.999676  0.016568  -0.019312  -0.015642  0.998767  0.047111  0.020068  -0.046794  0.998703  0.001490  -0.002388  -0.000225  0.000000  0.000000  0.000000  2.000000  
43.777184 0.006537  0.091201  -0.009619  0.999674  0.016576  -0.019443  -0.015642  0.998761  0.047235  0.020202  -0.046915  0.998695  0.001526  -0.002473  -0.000048  0.000000  0.000000  0.000000  2.000000  
43.778186 0.006538  0.091197  -0.009618  0.999670  0.016787  -0.019430  -0.015848  0.998746  0.047481  0.020202  -0.047157  0.998683  0.001580  -0.002543  0.000047  0.000000  0.000000  0.000000  2.000000  
43.779186 0.006539  0.091193  -0.009617  0.999664  0.017003  -0.019549  -0.016054  0.998731  0.047729  0.020336  -0.047400  0.998669  0.001554  -0.002652  0.000156  0.000000  0.000000  0.000000  2.000000  
43.780188 0.006541  0.091188  -0.009616  0.999664  0.017006  -0.019547  -0.016054  0.998725  0.047851  0.020336  -0.047521  0.998663  0.001563  -0.002745  0.000269  0.000000  0.000000  0.000000  2.000000  
43.781437 0.006542  0.091182  -0.009615  0.999658  0.017225  -0.019665  -0.016260  0.998704  0.048220  0.020470  -0.047884  0.998643  0.001550  -0.002917  0.000395  0.000000  0.000000  0.000000  2.000000  
43.782439 0.006543  0.091178  -0.009614  0.999655  0.017236  -0.019794  -0.016260  0.998693  0.048465  0.020604  -0.048126  0.998629  0.001452  -0.003060  0.000459  0.000000  0.000000  0.000000  2.000000  
43.783443 0.006544  0.091172  -0.009614  0.999652  0.017446  -0.019780  -0.016465  0.998677  0.048711  0.020604  -0.048368  0.998617  0.001427  -0.003236  0.000481  0.000000  0.000000  0.000000  2.000000  
43.784683 0.006545  0.091166  -0.009614  0.999649  0.017458  -0.019909  -0.016465  0.998665  0.048955  0.020737  -0.048610  0.998603  0.001388  -0.003495  0.000514  0.000000  0.000000  0.000000  2.000000  
43.785684 0.006547  0.091161  -0.009614  0.999646  0.017668  -0.019895  -0.016671  0.998650  0.049202  0.020737  -0.048853  0.998591  0.001356  -0.003670  0.000560  0.000000  0.000000  0.000000  2.000000  
43.786699 0.006548  0.091157  -0.009614  0.999646  0.017673  -0.019891  -0.016671  0.998638  0.049444  0.020737  -0.049095  0.998579  0.001344  -0.003872  0.000579  0.000000  0.000000  0.000000  2.000000  
43.787933 0.006550  0.091152  -0.009613  0.999640  0.017890  -0.020010  -0.016877  0.998622  0.049693  0.020871  -0.049337  0.998564  0.001314  -0.004052  0.000625  0.000000  0.000000  0.000000  2.000000  
43.789179 0.006551  0.091147  -0.009612  0.999640  0.017895  -0.020005  -0.016877  0.998610  0.049935  0.020871  -0.049579  0.998552  0.001262  -0.004160  0.000660  0.000000  0.000000  0.000000  2.000000  
43.790184 0.006553  0.091144  -0.009610  0.999636  0.018105  -0.019991  -0.017083  0.998594  0.050181  0.020871  -0.049822  0.998540  0.001274  -0.004229  0.000725  0.000000  0.000000  0.000000  2.000000  
43.791429 0.006555  0.091140  -0.009608  0.999636  0.018108  -0.019988  -0.017083  0.998588  0.050302  0.020871  -0.049943  0.998534  0.001259  -0.004249  0.000807  0.000000  0.000000  0.000000  2.000000  
43.792439 0.006557  0.091137  -0.009605  0.999636  0.018112  -0.019984  -0.017083  0.998576  0.050545  0.020871  -0.050185  0.998522  0.001276  -0.004259  0.000903  0.000000  0.000000  0.000000  2.000000  
43.793680 0.006558  0.091132  -0.009602  0.999633  0.018124  -0.020113  -0.017083  0.998563  0.050789  0.021005  -0.050427  0.998507  0.001260  -0.004269  0.000993  0.000000  0.000000  0.000000  2.000000  
43.794689 0.006559  0.091128  -0.009600  0.999633  0.018126  -0.020111  -0.017083  0.998557  0.050910  0.021005  -0.050548  0.998501  0.001275  -0.004187  0.001126  0.000000  0.000000  0.000000  2.000000  
43.795933 0.006560  0.091123  -0.009596  0.999633  0.018131  -0.020107  -0.017083  0.998545  0.051153  0.021005  -0.050790  0.998488  0.001235  -0.004118  0.001318  0.000000  0.000000  0.000000  2.000000  
43.796934 0.006561  0.091118  -0.009594  0.999631  0.018143  -0.020236  -0.017083  0.998532  0.051397  0.021139  -0.051032  0.998473  0.001228  -0.004080  0.001447  0.171782  0.044345  0.098323  2.000000  
43.797936 0.006562  0.091114  -0.009591  0.999631  0.018145  -0.020234  -0.017083  0.998526  0.051518  0.021139  -0.051154  0.998467  0.001213  -0.004019  0.001567  0.173172  0.045065  0.092291  2.000000  
43.798938 0.006563  0.091110  -0.009588  0.999631  0.018150  -0.020229  -0.017083  0.998513  0.051760  0.021139  -0.051396  0.998455  0.001220  -0.003969  0.001799  0.175680  0.044649  0.091481  2.000000  
43.800184 0.006565  0.091105  -0.009585  0.999628  0.018162  -0.020358  -0.017083  0.998501  0.052005  0.021272  -0.051638  0.998439  0.001211  -0.003917  0.001916  0.179596  0.044968  0.084637  2.000000  
43.801185 0.006566  0.091101  -0.009583  0.999628  0.018165  -0.020356  -0.017083  0.998494  0.052126  0.021272  -0.051759  0.998433  0.001204  -0.003880  0.002044  0.185150  0.045708  0.078487  2.000000  
43.802445 0.006567  0.091096  -0.009582  0.999628  0.018170  -0.020352  -0.017083  0.998482  0.052368  0.021272  -0.052001  0.998420  0.001181  -0.003885  0.002129  0.188907  0.045990  0.071512  2.000000  
43.803737 0.006569  0.091091  -0.009580  0.999631  0.017969  -0.020358  -0.016877  0.998473  0.052606  0.021272  -0.052243  0.998408  0.001208  -0.003847  0.002143  0.192403  0.042105  0.057394  2.000000  
43.804932 0.006571  0.091086  -0.009579  0.999631  0.017974  -0.020354  -0.016877  0.998460  0.052849  0.021272  -0.052486  0.998395  0.001194  -0.003893  0.002095  0.196721  0.038028  0.050381  2.000000  
43.806179 0.006572  0.091082  -0.009578  0.999631  0.017979  -0.020349  -0.016877  0.998447  0.053091  0.021272  -0.052728  0.998382  0.001194  -0.003937  0.001999  0.196613  0.038368  0.043488  2.000000  
43.807435 0.006574  0.091078  -0.009577  0.999631  0.017981  -0.020347  -0.016877  0.998441  0.053212  0.021272  -0.052849  0.998376  0.001172  -0.003922  0.001888  0.194936  0.033580  0.042898  2.000000  
43.808683 0.006575  0.091073  -0.009576  0.999631  0.017986  -0.020343  -0.016877  0.998428  0.053454  0.021272  -0.053091  0.998363  0.001167  -0.003903  0.001703  0.195071  0.033962  0.036105  2.000000  
43.809685 0.006576  0.091070  -0.009575  0.999631  0.017989  -0.020341  -0.016877  0.998421  0.053575  0.021272  -0.053212  0.998357  0.001169  -0.003868  0.001650  0.190614  0.029799  0.028983  2.000000  
43.810938 0.006577  0.091066  -0.009573  0.999631  0.017991  -0.020339  -0.016877  0.998415  0.053696  0.021272  -0.053333  0.998350  0.001164  -0.003767  0.001498  0.187959  0.025897  0.022090  2.000000  
43.811955 0.006578  0.091062  -0.009571  0.999628  0.018003  -0.020468  -0.016877  0.998402  0.053941  0.021406  -0.053575  0.998334  0.001158  -0.003716  0.001440  0.187848  0.025876  0.022083  2.000000  
43.813193 0.006579  0.091059  -0.009569  0.999628  0.018006  -0.020466  -0.016877  0.998395  0.054062  0.021406  -0.053696  0.998328  0.001125  -0.003620  0.001401  0.179683  0.026242  0.015196  2.000000  
43.814444 0.006580  0.091055  -0.009566  0.999632  0.017805  -0.020472  -0.016671  0.998385  0.054300  0.021406  -0.053939  0.998315  0.001089  -0.003519  0.001360  0.179480  0.022095  0.008060  2.000000  
43.815683 0.006581  0.091052  -0.009564  0.999629  0.017815  -0.020604  -0.016671  0.998379  0.054423  0.021540  -0.054060  0.998305  0.001021  -0.003389  0.001383  0.173861  0.026725  0.001377  2.000000  
43.816935 0.006581  0.091048  -0.009562  0.999629  0.017817  -0.020602  -0.016671  0.998372  0.054544  0.021540  -0.054181  0.998299  0.000946  -0.003290  0.001312  0.000000  0.000000  0.000000  2.000000  
43.818184 0.006582  0.091045  -0.009561  0.999626  0.017830  -0.020731  -0.016671  0.998359  0.054789  0.021674  -0.054423  0.998283  0.000898  -0.003187  0.001308  0.000000  0.000000  0.000000  2.000000  
43.819436 0.006583  0.091041  -0.009560  0.999626  0.017832  -0.020729  -0.016671  0.998352  0.054910  0.021674  -0.054544  0.998276  0.000828  -0.003134  0.001293  0.000000  0.000000  0.000000  2.000000  
43.820445 0.006583  0.091038  -0.009559  0.999626  0.017835  -0.020727  -0.016671  0.998345  0.055031  0.021674  -0.054665  0.998270  0.000744  -0.003077  0.001314  0.000000  0.000000  0.000000  2.000000  
43.821681 0.006584  0.091035  -0.009559  0.999623  0.017845  -0.020858  -0.016671  0.998339  0.055154  0.021807  -0.054786  0.998260  0.000684  -0.003005  0.001253  0.000000  0.000000  0.000000  2.000000  
43.822934 0.006585  0.091031  -0.009559  0.999623  0.017847  -0.020856  -0.016671  0.998332  0.055275  0.021807  -0.054907  0.998253  0.000652  -0.002966  0.001132  0.000000  0.000000  0.000000  2.000000  
43.823935 0.006585  0.091028  -0.009559  0.999623  0.017850  -0.020854  -0.016671  0.998325  0.055396  0.021807  -0.055028  0.998247  0.000597  -0.002943  0.001091  0.000000  0.000000  0.000000  2.000000  
43.824935 0.006585  0.091025  -0.009559  0.999620  0.017860  -0.020985  -0.016671  0.998318  0.055520  0.021941  -0.055149  0.998237  0.000582  -0.002951  0.000987  0.000000  0.000000  0.000000  2.000000  
43.826181 0.006586  0.091021  -0.009559  0.999620  0.017862  -0.020983  -0.016671  0.998312  0.055641  0.021941  -0.055270  0.998230  0.000515  -0.002935  0.000885  0.000000  0.000000  0.000000  2.000000  
43.827181 0.006586  0.091018  -0.009559  0.999620  0.017865  -0.020981  -0.016671  0.998305  0.055762  0.021941  -0.055391  0.998224  0.000544  -0.002921  0.000768  0.000000  0.000000  0.000000  2.000000  
43.828190 0.006586  0.091015  -0.009559  0.999617  0.017875  -0.021112  -0.016671  0.998298  0.055885  0.022075  -0.055512  0.998214  0.000477  -0.002929  0.000672  0.000000  0.000000  0.000000  2.000000  
43.829436 0.006586  0.091011  -0.009558  0.999614  0.017885  -0.021243  -0.016671  0.998291  0.056009  0.022209  -0.055633  0.998204  0.000432  -0.002966  0.000551  0.000000  0.000000  0.000000  2.000000  
43.830447 0.006586  0.091007  -0.009557  0.999611  0.017895  -0.021375  -0.016671  0.998284  0.056132  0.022343  -0.055754  0.998195  0.000384  -0.003023  0.000426  0.000000  0.000000  0.000000  2.000000  
43.831686 0.006586  0.091004  -0.009556  0.999608  0.017902  -0.021508  -0.016671  0.998284  0.056134  0.022476  -0.055754  0.998192  0.000331  -0.003025  0.000432  0.000000  0.000000  0.000000  2.000000  
43.832934 0.006586  0.091000  -0.009554  0.999605  0.017912  -0.021640  -0.016671  0.998277  0.056257  0.022610  -0.055874  0.998182  0.000278  -0.003019  0.000486  0.000000  0.000000  0.000000  2.000000  
43.833937 0.006586  0.090998  -0.009552  0.999605  0.017915  -0.021637  -0.016671  0.998270  0.056379  0.022610  -0.055996  0.998175  0.000200  -0.003013  0.000515  0.000000  0.000000  0.000000  2.000000  
43.835184 0.006585  0.090994  -0.009551  0.999602  0.017922  -0.021771  -0.016670  0.998270  0.056381  0.022744  -0.055995  0.998172  0.000174  -0.003009  0.000589  0.000000  0.000000  0.000000  2.000000  
43.836433 0.006585  0.090991  -0.009549  0.999596  0.017940  -0.022036  -0.016670  0.998263  0.056506  0.023011  -0.056116  0.998159  0.000103  -0.002973  0.000665  0.000000  0.000000  0.000000  2.000000  
43.837684 0.006585  0.090987  -0.009548  0.999593  0.017947  -0.022169  -0.016670  0.998263  0.056509  0.023145  -0.056116  0.998156  0.000005  -0.002985  0.000781  0.000000  0.000000  0.000000  2.000000  
43.838931 0.006584  0.090984  -0.009547  0.999590  0.017958  -0.022301  -0.016670  0.998256  0.056632  0.023279  -0.056237  0.998146  -0.000060  -0.002931  0.000809  0.000000  0.000000  0.000000  2.000000  
43.839936 0.006583  0.090981  -0.009547  0.999587  0.017965  -0.022434  -0.016670  0.998256  0.056634  0.023413  -0.056237  0.998143  -0.000133  -0.002900  0.000840  0.000000  0.000000  0.000000  2.000000  
43.841184 0.006583  0.090978  -0.009546  0.999584  0.017975  -0.022566  -0.016670  0.998249  0.056757  0.023546  -0.056358  0.998133  -0.000187  -0.002869  0.000897  0.000000  0.000000  0.000000  2.000000  
43.842186 0.006582  0.090975  -0.009546  0.999581  0.017983  -0.022699  -0.016670  0.998249  0.056760  0.023680  -0.056357  0.998130  -0.000240  -0.002865  0.000902  0.000000  0.000000  0.000000  2.000000  
43.843436 0.006582  0.090972  -0.009546  0.999577  0.017991  -0.022833  -0.016670  0.998249  0.056762  0.023814  -0.056357  0.998127  -0.000307  -0.002847  0.000837  0.000000  0.000000  0.000000  2.000000  
43.844692 0.006581  0.090967  -0.009545  0.999571  0.018008  -0.023098  -0.016670  0.998241  0.056887  0.024081  -0.056478  0.998113  -0.000382  -0.002842  0.000836  0.000000  0.000000  0.000000  2.000000  
43.845934 0.006580  0.090963  -0.009545  0.999568  0.018016  -0.023231  -0.016670  0.998241  0.056890  0.024215  -0.056478  0.998110  -0.000417  -0.002879  0.000757  0.000000  0.000000  0.000000  2.000000  
43.847187 0.006579  0.090959  -0.009544  0.999561  0.018034  -0.023496  -0.016670  0.998234  0.057015  0.024483  -0.056598  0.998097  -0.000481  -0.002876  0.000718  0.000000  0.000000  0.000000  2.000000  
43.848435 0.006578  0.090955  -0.009544  0.999558  0.018042  -0.023630  -0.016670  0.998234  0.057017  0.024616  -0.056598  0.998094  -0.000572  -0.002936  0.000610  0.000000  0.000000  0.000000  2.000000  
43.849437 0.006577  0.090952  -0.009543  0.999551  0.018057  -0.023897  -0.016670  0.998234  0.057022  0.024884  -0.056598  0.998087  -0.000576  -0.002965  0.000600  0.000000  0.000000  0.000000  2.000000  
43.850451 0.006576  0.090949  -0.009542  0.999548  0.018064  -0.024030  -0.016670  0.998234  0.057024  0.025018  -0.056598  0.998084  -0.000630  -0.002966  0.000522  0.000000  0.000000  0.000000  2.000000  
43.851684 0.006574  0.090945  -0.009541  0.999541  0.018079  -0.024297  -0.016669  0.998233  0.057028  0.025285  -0.056597  0.998077  -0.000678  -0.003019  0.000529  0.000000  0.000000  0.000000  2.000000  
43.852931 0.006573  0.090941  -0.009541  0.999531  0.018300  -0.024552  -0.016875  0.998229  0.057038  0.025553  -0.056597  0.998070  -0.000748  -0.003048  0.000479  0.000000  0.000000  0.000000  2.000000  
43.853933 0.006572  0.090939  -0.009540  0.999524  0.018315  -0.024819  -0.016875  0.998229  0.057043  0.025820  -0.056597  0.998063  -0.000778  -0.003049  0.000467  0.000000  0.000000  0.000000  2.000000  
43.854940 0.006571  0.090936  -0.009540  0.999521  0.018323  -0.024953  -0.016875  0.998229  0.057045  0.025954  -0.056596  0.998060  -0.000839  -0.003020  0.000462  0.000000  0.000000  0.000000  2.000000  
43.856179 0.006570  0.090933  -0.009539  0.999514  0.018338  -0.025220  -0.016875  0.998229  0.057049  0.026222  -0.056596  0.998053  -0.000891  -0.002967  0.000496  0.000000  0.000000  0.000000  2.000000  
43.857183 0.006569  0.090931  -0.009539  0.999507  0.018353  -0.025487  -0.016875  0.998228  0.057054  0.026489  -0.056596  0.998046  -0.000908  -0.002917  0.000476  0.000000  0.000000  0.000000  2.000000  
43.858188 0.006568  0.090929  -0.009539  0.999500  0.018365  -0.025756  -0.016875  0.998235  0.056937  0.026757  -0.056474  0.998045  -0.000962  -0.002886  0.000490  0.000000  0.000000  0.000000  2.000000  
43.859442 0.006566  0.090926  -0.009539  0.999492  0.018380  -0.026023  -0.016874  0.998235  0.056942  0.027024  -0.056474  0.998038  -0.000985  -0.002790  0.000413  0.000000  0.000000  0.000000  2.000000  
43.860444 0.006564  0.090924  -0.009540  0.999482  0.018601  -0.026279  -0.017080  0.998231  0.056952  0.027292  -0.056473  0.998031  -0.001054  -0.002736  0.000398  0.000000  0.000000  0.000000  2.000000  
43.861687 0.006563  0.090920  -0.009540  0.999474  0.018616  -0.026546  -0.017080  0.998231  0.056956  0.027559  -0.056473  0.998024  -0.001100  -0.002692  0.000311  0.020730  0.169837  0.023415  2.000000  
43.862936 0.006561  0.090917  -0.009541  0.999467  0.018631  -0.026813  -0.017080  0.998230  0.056961  0.027827  -0.056472  0.998016  -0.001150  -0.002659  0.000210  0.020734  0.174333  0.023668  2.000000  
43.864181 0.006559  0.090914  -0.009541  0.999456  0.018654  -0.027213  -0.017080  0.998230  0.056968  0.028228  -0.056472  0.998005  -0.001206  -0.002609  0.000160  0.016525  0.181827  0.023989  2.000000  
43.865184 0.006558  0.090911  -0.009542  0.999444  0.018874  -0.027469  -0.017285  0.998226  0.056978  0.028495  -0.056471  0.997997  -0.001237  -0.002568  0.000038  0.016700  0.190317  0.031336  2.000000  
43.866184 0.006556  0.090909  -0.009542  0.999437  0.018889  -0.027736  -0.017285  0.998226  0.056982  0.028763  -0.056471  0.997990  -0.001280  -0.002514  -0.000038  0.012769  0.191908  0.031610  2.000000  
43.867436 0.006554  0.090906  -0.009542  0.999425  0.018909  -0.028138  -0.017285  0.998232  0.056868  0.029164  -0.056349  0.997985  -0.001337  -0.002464  -0.000089  0.008697  0.200882  0.032102  2.000000  
43.868682 0.006552  0.090903  -0.009542  0.999413  0.018931  -0.028539  -0.017285  0.998232  0.056875  0.029565  -0.056349  0.997973  -0.001408  -0.002413  -0.000103  0.004626  0.209868  0.032622  2.000000  
43.869937 0.006549  0.090900  -0.009542  0.999402  0.019152  -0.028794  -0.017490  0.998227  0.056886  0.029833  -0.056348  0.997965  -0.001455  -0.002401  -0.000152  0.004813  0.213912  0.039771  2.000000  
43.871186 0.006547  0.090898  -0.009542  0.999386  0.019182  -0.029328  -0.017490  0.998227  0.056895  0.030368  -0.056347  0.997949  -0.001505  -0.002366  -0.000185  0.000746  0.227431  0.040554  2.000000  
43.872430 0.006545  0.090897  -0.009541  0.999370  0.019406  -0.029719  -0.017696  0.998229  0.056787  0.030769  -0.056225  0.997944  -0.001540  -0.002221  -0.000151  -0.003109  0.234091  0.047560  2.000000  
43.873439 0.006544  0.090896  -0.009541  0.999362  0.019422  -0.029986  -0.017695  0.998229  0.056792  0.031036  -0.056225  0.997936  -0.001573  -0.002151  -0.000127  -0.007205  0.240496  0.048217  2.000000  
43.874679 0.006541  0.090895  -0.009541  0.999345  0.019448  -0.030523  -0.017695  0.998236  0.056680  0.031571  -0.056103  0.997926  -0.001618  -0.002066  -0.000139  -0.011180  0.247549  0.048332  2.000000  
43.875681 0.006539  0.090894  -0.009541  0.999328  0.019676  -0.030912  -0.017901  0.998231  0.056694  0.031972  -0.056102  0.997913  -0.001683  -0.001940  -0.000099  -0.010974  0.255974  0.055665  2.000000  
43.876682 0.006537  0.090893  -0.009540  0.999320  0.019691  -0.031179  -0.017901  0.998231  0.056698  0.032240  -0.056102  0.997904  -0.001717  -0.001822  -0.000020  -0.015008  0.260404  0.055927  2.000000  
43.877687 0.006535  0.090892  -0.009541  0.999303  0.019915  -0.031570  -0.018106  0.998233  0.056591  0.032641  -0.055980  0.997898  -0.001771  -0.001695  -0.000015  -0.019011  0.266859  0.063579  2.000000  
43.878934 0.006532  0.090891  -0.009541  0.999286  0.019945  -0.032104  -0.018106  0.998233  0.056601  0.033176  -0.055979  0.997881  -0.001817  -0.001509  0.000017  -0.018989  0.280245  0.064318  2.000000  
43.879942 0.006530  0.090891  -0.009540  0.999268  0.020173  -0.032493  -0.018311  0.998228  0.056615  0.033577  -0.055978  0.997867  -0.001858  -0.001369  0.000106  -0.018761  0.284225  0.071448  2.000000  
43.881182 0.006528  0.090890  -0.009540  0.999246  0.020409  -0.033015  -0.018517  0.998223  0.056631  0.034112  -0.055977  0.997849  -0.001879  -0.001266  0.000146  -0.018387  0.294883  0.078468  2.000000  
43.882432 0.006525  0.090889  -0.009540  0.999228  0.020438  -0.033549  -0.018516  0.998223  0.056641  0.034647  -0.055976  0.997831  -0.001904  -0.001112  0.000152  -0.018363  0.303808  0.078974  2.000000  
43.883436 0.006524  0.090888  -0.009539  0.999210  0.020666  -0.033938  -0.018722  0.998218  0.056656  0.035048  -0.055975  0.997817  -0.001898  -0.001000  0.000165  -0.018490  0.310742  0.079863  2.000000  
43.884683 0.006521  0.090888  -0.009539  0.999183  0.020909  -0.034593  -0.018927  0.998213  0.056675  0.035717  -0.055974  0.997793  -0.001928  -0.000866  0.000217  -0.018101  0.321214  0.086821  2.000000  
43.885684 0.006519  0.090887  -0.009538  0.999168  0.020932  -0.034994  -0.018927  0.998213  0.056683  0.036118  -0.055973  0.997779  -0.001905  -0.000813  0.000228  -0.018077  0.325651  0.087067  2.000000  
43.886928 0.006517  0.090886  -0.009538  0.999140  0.021170  -0.035652  -0.019132  0.998215  0.056582  0.036786  -0.055851  0.997761  -0.001906  -0.000747  0.000240  -0.021871  0.338635  0.094649  2.000000  
43.887951 0.006516  0.090886  -0.009537  0.999120  0.021200  -0.036186  -0.019132  0.998214  0.056592  0.037321  -0.055850  0.997741  -0.001862  -0.000665  0.000306  -0.017939  0.350306  0.095884  2.000000  
43.889183 0.006515  0.090886  -0.009536  0.999091  0.021443  -0.036842  -0.019337  0.998209  0.056612  0.037990  -0.055848  0.997716  -0.001839  -0.000596  0.000342  -0.017541  0.360559  0.102738  2.000000  
43.890186 0.006513  0.090886  -0.009534  0.999072  0.021671  -0.037230  -0.019542  0.998204  0.056628  0.038391  -0.055848  0.997701  -0.001816  -0.000549  0.000463  -0.017664  0.368141  0.103871  2.000000  
43.891434 0.006511  0.090886  -0.009533  0.999042  0.021914  -0.037886  -0.019747  0.998199  0.056649  0.039059  -0.055846  0.997675  -0.001735  -0.000466  0.000559  -0.017247  0.378005  0.110593  2.000000  
43.892684 0.006510  0.090886  -0.009531  0.999011  0.022152  -0.038544  -0.019952  0.998200  0.056549  0.039728  -0.055724  0.997656  -0.001655  -0.000382  0.000656  -0.021192  0.394240  0.119151  2.000000  
43.893929 0.006509  0.090887  -0.009529  0.998980  0.022395  -0.039200  -0.020158  0.998195  0.056570  0.040396  -0.055722  0.997629  -0.001566  -0.000324  0.000762  -0.020736  0.403932  0.125757  2.000000  
43.894936 0.006507  0.090887  -0.009528  0.998959  0.022425  -0.039734  -0.020157  0.998195  0.056581  0.040931  -0.055721  0.997607  -0.001517  -0.000267  0.000838  -0.020693  0.412814  0.126249  2.000000  
43.895936 0.006507  0.090887  -0.009526  0.998927  0.022668  -0.040389  -0.020362  0.998189  0.056603  0.041599  -0.055719  0.997579  -0.001429  -0.000159  0.000970  -0.020810  0.425224  0.127800  2.000000  
43.897186 0.006505  0.090887  -0.009524  0.998895  0.022910  -0.041045  -0.020567  0.998184  0.056625  0.042268  -0.055718  0.997551  -0.001338  -0.000099  0.001078  -0.016431  0.433856  0.135191  2.000000  
43.898186 0.006505  0.090888  -0.009522  0.998866  0.022943  -0.041715  -0.020567  0.998190  0.056517  0.042936  -0.055595  0.997530  -0.001288  -0.000042  0.001155  -0.020453  0.447252  0.135893  2.000000  
43.899438 0.006503  0.090888  -0.009520  0.998827  0.023193  -0.042504  -0.020772  0.998184  0.056543  0.043738  -0.055593  0.997495  -0.001189  -0.000007  0.001273  -0.020385  0.460701  0.136641  2.000000  
43.900447 0.006503  0.090888  -0.009518  0.998799  0.023428  -0.043026  -0.020977  0.998179  0.056562  0.044273  -0.055592  0.997472  -0.001138  0.000051  0.001349  -0.020079  0.469177  0.144010  2.000000  
43.901684 0.006501  0.090888  -0.009516  0.998753  0.023685  -0.043948  -0.021181  0.998173  0.056591  0.045209  -0.055590  0.997430  -0.001093  0.000087  0.001474  -0.015540  0.482936  0.150695  2.000000  
43.902947 0.006501  0.090887  -0.009514  0.998712  0.023936  -0.044737  -0.021386  0.998167  0.056617  0.046010  -0.055588  0.997393  -0.001040  0.000066  0.001526  -0.015468  0.496377  0.151466  2.000000  
43.904187 0.006499  0.090887  -0.009511  0.998675  0.023980  -0.045538  -0.021385  0.998166  0.056634  0.046812  -0.055586  0.997356  -0.000989  0.000075  0.001649  -0.011433  0.509344  0.153149  2.000000  
43.905189 0.006499  0.090887  -0.009509  0.998639  0.024223  -0.046193  -0.021590  0.998160  0.056658  0.047481  -0.055584  0.997324  -0.000963  0.000080  0.001717  -0.011283  0.518597  0.152660  2.000000  
43.906449 0.006498  0.090887  -0.009507  0.998589  0.024480  -0.047115  -0.021795  0.998154  0.056688  0.048416  -0.055581  0.997280  -0.000931  0.000026  0.001698  -0.011000  0.535701  0.161495  2.000000  
43.907687 0.006496  0.090886  -0.009504  0.998546  0.024730  -0.047904  -0.022000  0.998148  0.056715  0.049218  -0.055579  0.997240  -0.000918  -0.000045  0.001765  -0.006793  0.544907  0.160952  2.000000  
43.908687 0.006495  0.090886  -0.009502  0.998506  0.024775  -0.048705  -0.021999  0.998147  0.056733  0.050020  -0.055577  0.997201  -0.000943  -0.000038  0.001838  -0.006761  0.558398  0.162783  2.000000  
43.909940 0.006493  0.090886  -0.009500  0.998461  0.025019  -0.049496  -0.022204  0.998148  0.056640  0.050822  -0.055454  0.997167  -0.000935  -0.000063  0.001848  -0.010671  0.567222  0.162167  2.000000  
43.910942 0.006492  0.090885  -0.009497  0.998415  0.025269  -0.050285  -0.022408  0.998142  0.056668  0.051623  -0.055451  0.997126  -0.000961  -0.000137  0.001884  -0.010668  0.580710  0.163954  2.000000  
43.912186 0.006491  0.090885  -0.009494  0.998362  0.025527  -0.051207  -0.022613  0.998135  0.056700  0.052559  -0.055449  0.997077  -0.000975  -0.000148  0.001970  -0.010272  0.593939  0.171645  2.000000  
43.913438 0.006489  0.090885  -0.009491  0.998307  0.025784  -0.052129  -0.022817  0.998129  0.056731  0.053494  -0.055446  0.997028  -0.001036  -0.000174  0.002019  -0.010170  0.607355  0.172378  2.000000  
43.914448 0.006488  0.090885  -0.009489  0.998271  0.025821  -0.052796  -0.022816  0.998128  0.056747  0.054162  -0.055444  0.996992  -0.001048  -0.000171  0.002054  -0.010394  0.612054  0.165676  2.000000  
43.915686 0.006485  0.090885  -0.009486  0.998208  0.026086  -0.053851  -0.023020  0.998121  0.056782  0.055231  -0.055441  0.996933  -0.001150  -0.000214  0.002123  -0.009976  0.629829  0.173630  2.000000  
43.916936 0.006483  0.090884  -0.009483  0.998149  0.026139  -0.054921  -0.023019  0.998127  0.056686  0.056299  -0.055316  0.996880  -0.001219  -0.000230  0.002211  -0.010177  0.643661  0.167387  2.000000  
43.917943 0.006481  0.090884  -0.009481  0.998098  0.026388  -0.055709  -0.023223  0.998120  0.056716  0.057101  -0.055314  0.996835  -0.001304  -0.000222  0.002186  -0.009695  0.651603  0.173664  2.000000  
43.919186 0.006478  0.090883  -0.009478  0.998037  0.026448  -0.056776  -0.023222  0.998119  0.056740  0.058170  -0.055311  0.996773  -0.001390  -0.000268  0.002216  -0.009978  0.666294  0.168675  2.000000  
43.920449 0.006476  0.090882  -0.009475  0.997969  0.026712  -0.057831  -0.023426  0.998112  0.056777  0.059238  -0.055307  0.996711  -0.001497  -0.000298  0.002237  -0.009867  0.683839  0.169568  2.000000  
43.921687 0.006473  0.090882  -0.009472  0.997905  0.026771  -0.058897  -0.023424  0.998111  0.056802  0.060307  -0.055304  0.996647  -0.001625  -0.000333  0.002273  -0.006029  0.698451  0.163550  2.000000  
43.922939 0.006470  0.090881  -0.009470  0.997835  0.027036  -0.059952  -0.023628  0.998104  0.056840  0.061375  -0.055300  0.996582  -0.001711  -0.000372  0.002224  -0.005917  0.711473  0.164189  2.000000  
43.924187 0.006468  0.090880  -0.009467  0.997777  0.027088  -0.060885  -0.023627  0.998102  0.056862  0.062310  -0.055297  0.996524  -0.001785  -0.000408  0.002257  -0.006135  0.719996  0.156874  2.000000  
43.925240 0.006466  0.090879  -0.009465  0.997722  0.027338  -0.061673  -0.023831  0.998096  0.056893  0.063111  -0.055294  0.996474  -0.001848  -0.000415  0.002255  -0.005716  0.723758  0.164660  2.000000  
43.926448 0.006463  0.090879  -0.009462  0.997645  0.027404  -0.062873  -0.023829  0.998094  0.056922  0.064313  -0.055290  0.996397  -0.001927  -0.000466  0.002254  -0.005975  0.743110  0.158986  2.000000  
43.927690 0.006460  0.090878  -0.009460  0.997576  0.027456  -0.063942  -0.023828  0.998100  0.056826  0.065381  -0.055165  0.996334  -0.001960  -0.000494  0.002235  -0.006241  0.752655  0.152526  2.000000  
43.928936 0.006458  0.090877  -0.009457  0.997505  0.027515  -0.065008  -0.023826  0.998098  0.056852  0.066449  -0.055161  0.996264  -0.002035  -0.000544  0.002230  -0.006525  0.766590  0.146386  2.000000  
43.929937 0.006456  0.090876  -0.009454  0.997452  0.027559  -0.065808  -0.023825  0.998097  0.056871  0.067250  -0.055158  0.996210  -0.002071  -0.000593  0.002256  -0.006834  0.771443  0.139729  2.000000  
43.931186 0.006453  0.090875  -0.009451  0.997370  0.027625  -0.067007  -0.023823  0.998096  0.056900  0.068451  -0.055154  0.996129  -0.002103  -0.000620  0.002236  -0.006738  0.784999  0.140487  2.000000  
43.932186 0.006451  0.090875  -0.009449  0.997305  0.027677  -0.067940  -0.023821  0.998094  0.056922  0.069386  -0.055150  0.996064  -0.002107  -0.000641  0.002282  -0.007059  0.794406  0.134091  2.000000  
43.933193 0.006449  0.090874  -0.009446  0.997235  0.027934  -0.068861  -0.024025  0.998087  0.056958  0.070320  -0.055146  0.995999  -0.002107  -0.000641  0.002282  -0.006989  0.803621  0.134624  2.000000  
43.934440 0.006446  0.090873  -0.009442  0.997150  0.028001  -0.070060  -0.024023  0.998086  0.056987  0.071521  -0.055142  0.995914  -0.002110  -0.000662  0.002327  -0.007301  0.812749  0.128180  2.000000  
43.935685 0.006444  0.090873  -0.009439  0.997063  0.028067  -0.071258  -0.024021  0.998084  0.057016  0.072722  -0.055137  0.995827  -0.002101  -0.000644  0.002360  -0.007164  0.823828  0.128103  2.000000  
43.936686 0.006443  0.090872  -0.009436  0.996994  0.028119  -0.072191  -0.024019  0.998083  0.057038  0.073656  -0.055133  0.995759  -0.002031  -0.000616  0.002411  -0.007517  0.833129  0.121755  2.000000  
43.937688 0.006440  0.090872  -0.009434  0.996930  0.027965  -0.073135  -0.023812  0.998088  0.057046  0.074590  -0.055129  0.995689  -0.002033  -0.000599  0.002472  -0.008370  0.845165  0.109200  2.000000  
43.938934 0.006438  0.090872  -0.009430  0.996829  0.028038  -0.074467  -0.023810  0.998086  0.057078  0.075925  -0.055124  0.995589  -0.001994  -0.000555  0.002522  -0.008668  0.856424  0.102452  2.000000  
43.940184 0.006437  0.090872  -0.009426  0.996727  0.028112  -0.075798  -0.023807  0.998084  0.057109  0.077259  -0.055118  0.995486  -0.001943  -0.000525  0.002617  -0.005003  0.870234  0.096306  2.000000  
43.941435 0.006435  0.090872  -0.009423  0.996623  0.028186  -0.077130  -0.023805  0.998082  0.057141  0.078592  -0.055112  0.995382  -0.001876  -0.000470  0.002650  -0.004952  0.888083  0.097295  2.000000  
43.942681 0.006434  0.090872  -0.009419  0.996517  0.028260  -0.078461  -0.023802  0.998080  0.057173  0.079926  -0.055106  0.995276  -0.001761  -0.000419  0.002684  -0.005353  0.901818  0.091195  2.000000  
43.943682 0.006433  0.090872  -0.009416  0.996430  0.028319  -0.079526  -0.023800  0.998079  0.057199  0.080993  -0.055102  0.995190  -0.001699  -0.000365  0.002723  -0.005823  0.914191  0.085305  2.000000  
43.944727 0.006432  0.090872  -0.009413  0.996343  0.028378  -0.080591  -0.023798  0.998078  0.057224  0.082060  -0.055097  0.995103  -0.001603  -0.000297  0.002750  -0.005779  0.917329  0.085426  2.000000  
43.945934 0.006431  0.090872  -0.009410  0.996233  0.028461  -0.081919  -0.023796  0.998069  0.057377  0.083393  -0.055211  0.994986  -0.001510  -0.000264  0.002762  -0.002151  0.928057  0.079212  2.000000  
43.947185 0.006431  0.090872  -0.009406  0.996120  0.028535  -0.083249  -0.023793  0.998067  0.057409  0.084727  -0.055205  0.994874  -0.001365  -0.000186  0.002817  0.001468  0.941939  0.073010  2.000000  
43.948199 0.006430  0.090873  -0.009403  0.996029  0.028594  -0.084314  -0.023791  0.998066  0.057434  0.085793  -0.055200  0.994783  -0.001224  -0.000092  0.002836  0.001489  0.946201  0.073240  2.000000  
43.949438 0.006429  0.090873  -0.009399  0.995902  0.028675  -0.085778  -0.023788  0.998064  0.057469  0.087259  -0.055193  0.994655  -0.001124  -0.000007  0.002887  0.001010  0.960140  0.067102  2.000000  
43.950448 0.006429  0.090874  -0.009396  0.995808  0.028734  -0.086842  -0.023785  0.998062  0.057494  0.088326  -0.055188  0.994562  -0.000982  0.000068  0.002953  0.001013  0.970070  0.067538  2.000000  
43.951687 0.006429  0.090875  -0.009392  0.995677  0.028816  -0.088305  -0.023782  0.998061  0.057529  0.089792  -0.055181  0.994431  -0.000832  0.000169  0.002965  0.001030  0.983388  0.068275  2.000000  
43.952936 0.006429  0.090875  -0.009388  0.995543  0.028897  -0.089768  -0.023779  0.998059  0.057564  0.091257  -0.055173  0.994298  -0.000717  0.000221  0.002987  0.000524  0.997200  0.062188  2.000000  
43.954180 0.006430  0.090877  -0.009384  0.995408  0.028978  -0.091231  -0.023776  0.998057  0.057599  0.092723  -0.055166  0.994163  -0.000546  0.000353  0.003068  0.000532  1.015149  0.063184  2.000000  
43.955182 0.006430  0.090878  -0.009381  0.995308  0.029048  -0.092291  -0.023774  0.998048  0.057746  0.093789  -0.055281  0.994056  -0.000463  0.000397  0.003021  0.004051  1.026212  0.057006  2.000000  
43.956182 0.006430  0.090879  -0.009377  0.995182  0.029122  -0.093621  -0.023771  0.998046  0.057777  0.095121  -0.055274  0.993930  -0.000351  0.000477  0.003061  0.004044  1.037739  0.057647  2.000000  
43.957429 0.006430  0.090880  -0.009373  0.995041  0.029203  -0.095083  -0.023767  0.998045  0.057812  0.096586  -0.055266  0.993789  -0.000265  0.000553  0.003107  0.008089  1.051301  0.058336  2.000000  
43.958429 0.006430  0.090881  -0.009370  0.994911  0.029277  -0.096412  -0.023764  0.998043  0.057844  0.097917  -0.055259  0.993659  -0.000211  0.000631  0.003137  0.008088  1.069073  0.059322  2.000000  
43.959437 0.006430  0.090882  -0.009367  0.994766  0.029359  -0.097874  -0.023761  0.998041  0.057879  0.099382  -0.055251  0.993514  -0.000123  0.000711  0.003120  0.008086  1.086565  0.060293  2.000000  
43.960445 0.006430  0.090883  -0.009364  0.994632  0.029432  -0.099203  -0.023757  0.998039  0.057911  0.100713  -0.055243  0.993381  -0.000060  0.000763  0.003150  0.008087  1.100104  0.061044  2.000000  
43.961685 0.006430  0.090885  -0.009360  0.994455  0.029529  -0.100930  -0.023753  0.998037  0.057952  0.102444  -0.055233  0.993204  -0.000026  0.000857  0.003156  0.008087  1.117867  0.062030  2.000000  
43.962948 0.006430  0.090886  -0.009357  0.994276  0.029625  -0.102657  -0.023749  0.998034  0.057993  0.104174  -0.055223  0.993025  -0.000022  0.000878  0.003111  0.007549  1.140788  0.056398  2.000000  
43.964185 0.006429  0.090887  -0.009354  0.994093  0.029721  -0.104384  -0.023744  0.998032  0.058035  0.105903  -0.055213  0.992842  -0.000031  0.000903  0.003100  0.007478  1.158252  0.057424  2.000000  
43.965436 0.006429  0.090888  -0.009351  0.993907  0.029817  -0.106110  -0.023740  0.998030  0.058076  0.107633  -0.055203  0.992657  -0.000023  0.000946  0.003011  0.007468  1.176053  0.058413  2.000000  
43.966440 0.006429  0.090889  -0.009348  0.993733  0.029905  -0.107703  -0.023736  0.998028  0.058114  0.109229  -0.055193  0.992483  -0.000051  0.000955  0.002992  0.007520  1.199207  0.059642  2.000000  
43.967683 0.006428  0.090889  -0.009344  0.993527  0.030009  -0.109562  -0.023731  0.998025  0.058158  0.111091  -0.055182  0.992277  -0.000102  0.000942  0.002949  0.008087  1.220379  0.067718  2.000000  
43.968684 0.006427  0.090890  -0.009342  0.993362  0.030090  -0.111022  -0.023727  0.998023  0.058193  0.112553  -0.055173  0.992113  -0.000151  0.000885  0.002872  0.008086  1.233617  0.068453  2.000000  
43.969936 0.006426  0.090891  -0.009339  0.993150  0.030193  -0.112879  -0.023722  0.998021  0.058237  0.114414  -0.055161  0.991901  -0.000234  0.000895  0.002858  0.008153  1.252730  0.069513  2.000000  
43.971183 0.006426  0.090892  -0.009335  0.992934  0.030296  -0.114737  -0.023717  0.998018  0.058282  0.116275  -0.055149  0.991685  -0.000310  0.000846  0.002855  0.008154  1.270896  0.070521  2.000000  
43.972184 0.006425  0.090892  -0.009332  0.992746  0.030385  -0.116328  -0.023712  0.998016  0.058320  0.117870  -0.055138  0.991497  -0.000373  0.000791  0.002812  0.008097  1.288709  0.071510  2.000000  
43.973434 0.006424  0.090892  -0.009329  0.992507  0.030495  -0.118317  -0.023707  0.998014  0.058367  0.119862  -0.055125  0.991259  -0.000436  0.000737  0.002772  0.008153  1.311150  0.072755  2.000000  
43.974679 0.006422  0.090892  -0.009325  0.992260  0.030812  -0.120294  -0.023905  0.998005  0.058440  0.121855  -0.055112  0.991017  -0.000503  0.000676  0.002722  0.008800  1.333287  0.080832  2.000000  
43.975681 0.006421  0.090893  -0.009323  0.992047  0.030907  -0.122017  -0.023900  0.998002  0.058481  0.123581  -0.055100  0.990804  -0.000577  0.000626  0.002716  0.004753  1.353483  0.082024  2.000000  
43.976683 0.006421  0.090893  -0.009320  0.991830  0.030988  -0.123744  -0.023895  0.998007  0.058402  0.125307  -0.054968  0.990594  -0.000631  0.000548  0.002686  0.000719  1.375764  0.083177  2.000000  
