1-Time 2-Px 3-Py 4-Pz 5-R11 6-R21 7-R31 8-R12 9-R22 10-R32 11-R13 12-R23 13-R33 14-Vx 15-Vy 16-Vz 17-Wx 18-Wy 19-Wz 20-state 21-PR11 22-PR21 23-PR31 24-PR12 25-PR22 26-PR32 27-PR13 28-PR23 29-PR33 
80.271855 0.002817  0.089614  -0.009151  0.999487  -0.006071  -0.031451  0.006790  0.999716  0.022831  0.031304  -0.023033  0.999244  0.001790  0.001580  0.001235  0.000000  0.000000  0.000000  2.000000  
80.272862 0.002819  0.089615  -0.009150  0.999487  -0.006071  -0.031451  0.006790  0.999716  0.022831  0.031304  -0.023033  0.999244  0.001789  0.001579  0.001235  0.000000  0.000000  0.000000  2.000000  
80.274111 0.002820  0.089615  -0.009150  0.999487  -0.006071  -0.031451  0.006790  0.999716  0.022831  0.031304  -0.023033  0.999244  0.001740  0.001402  0.001181  0.000000  0.000000  0.000000  2.000000  
80.275111 0.002822  0.089614  -0.009149  0.999481  -0.006273  -0.031590  0.006996  0.999715  0.022824  0.031438  -0.023033  0.999240  0.001721  0.001251  0.001146  0.000000  0.000000  0.000000  2.000000  
80.276363 0.002824  0.089612  -0.009149  0.999477  -0.006266  -0.031724  0.006996  0.999712  0.022944  0.031571  -0.023154  0.999233  0.001707  0.000998  0.001086  0.000000  0.000000  0.000000  2.000000  
80.277364 0.002826  0.089611  -0.009148  0.999473  -0.006263  -0.031858  0.006996  0.999712  0.022943  0.031705  -0.023154  0.999229  0.001716  0.000795  0.001035  0.000000  0.000000  0.000000  2.000000  
80.278365 0.002828  0.089609  -0.009148  0.999473  -0.006263  -0.031858  0.006996  0.999712  0.022943  0.031705  -0.023154  0.999229  0.001696  0.000567  0.000966  0.000000  0.000000  0.000000  2.000000  
80.279365 0.002829  0.089607  -0.009146  0.999469  -0.006256  -0.031992  0.006996  0.999710  0.023064  0.031839  -0.023275  0.999222  0.001700  0.000343  0.000961  0.000000  0.000000  0.000000  2.000000  
80.280607 0.002832  0.089605  -0.009146  0.999469  -0.006256  -0.031992  0.006996  0.999710  0.023064  0.031839  -0.023275  0.999222  0.001708  0.000062  0.000876  0.000000  0.000000  0.000000  2.000000  
80.281611 0.002833  0.089603  -0.009145  0.999463  -0.006459  -0.032131  0.007202  0.999708  0.023056  0.031972  -0.023275  0.999218  0.001673  -0.000163  0.000841  0.000000  0.000000  0.000000  2.000000  
80.282862 0.002835  0.089602  -0.009144  0.999463  -0.006459  -0.032131  0.007202  0.999708  0.023056  0.031972  -0.023275  0.999218  0.001647  -0.000412  0.000816  0.000000  0.000000  0.000000  2.000000  
80.284107 0.002836  0.089600  -0.009144  0.999459  -0.006456  -0.032264  0.007202  0.999708  0.023055  0.032106  -0.023275  0.999213  0.001599  -0.000631  0.000735  0.000000  0.000000  0.000000  2.000000  
80.285108 0.002837  0.089599  -0.009144  0.999453  -0.006659  -0.032403  0.007407  0.999707  0.023047  0.032240  -0.023275  0.999209  0.001527  -0.000874  0.000619  0.000000  0.000000  0.000000  2.000000  
80.286118 0.002838  0.089597  -0.009144  0.999448  -0.006655  -0.032537  0.007407  0.999707  0.023046  0.032374  -0.023275  0.999205  0.001484  -0.001074  0.000574  0.000000  0.000000  0.000000  2.000000  
80.287364 0.002839  0.089594  -0.009143  0.999444  -0.006652  -0.032670  0.007407  0.999707  0.023045  0.032507  -0.023275  0.999200  0.001361  -0.001350  0.000537  0.000000  0.000000  0.000000  2.000000  
80.288364 0.002839  0.089592  -0.009143  0.999440  -0.006649  -0.032804  0.007407  0.999707  0.023044  0.032641  -0.023275  0.999196  0.001290  -0.001572  0.000507  0.000000  0.000000  0.000000  2.000000  
80.289612 0.002839  0.089587  -0.009141  0.999438  -0.006855  -0.032809  0.007613  0.999706  0.023038  0.032641  -0.023275  0.999196  0.001175  -0.001807  0.000559  0.000000  0.000000  0.000000  2.000000  
80.290614 0.002839  0.089584  -0.009141  0.999434  -0.006848  -0.032943  0.007613  0.999703  0.023158  0.032775  -0.023396  0.999189  0.001072  -0.001984  0.000546  0.000000  0.000000  0.000000  2.000000  
80.291616 0.002839  0.089580  -0.009140  0.999429  -0.006845  -0.033077  0.007613  0.999703  0.023157  0.032909  -0.023396  0.999185  0.000933  -0.002149  0.000603  0.000000  0.000000  0.000000  2.000000  
80.292861 0.002839  0.089575  -0.009138  0.999425  -0.006838  -0.033211  0.007613  0.999700  0.023277  0.033042  -0.023517  0.999177  0.000783  -0.002404  0.000664  0.000000  0.000000  0.000000  2.000000  
80.294111 0.002838  0.089569  -0.009136  0.999421  -0.006830  -0.033346  0.007613  0.999697  0.023397  0.033176  -0.023638  0.999170  0.000651  -0.002582  0.000734  0.000000  0.000000  0.000000  2.000000  
80.295112 0.002838  0.089564  -0.009135  0.999414  -0.007033  -0.033484  0.007819  0.999696  0.023389  0.033310  -0.023638  0.999166  0.000516  -0.002823  0.000714  0.000000  0.000000  0.000000  2.000000  
80.296357 0.002838  0.089558  -0.009134  0.999410  -0.007026  -0.033619  0.007819  0.999693  0.023510  0.033443  -0.023759  0.999158  0.000375  -0.003040  0.000734  0.000000  0.000000  0.000000  2.000000  
80.297362 0.002839  0.089554  -0.009133  0.999406  -0.007019  -0.033753  0.007819  0.999690  0.023630  0.033577  -0.023880  0.999151  0.000358  -0.003261  0.000756  0.000000  0.000000  0.000000  2.000000  
80.298373 0.002840  0.089549  -0.009134  0.999406  -0.007019  -0.033753  0.007819  0.999690  0.023630  0.033577  -0.023880  0.999151  0.000316  -0.003461  0.000712  0.000000  0.000000  0.000000  2.000000  
80.299609 0.002841  0.089544  -0.009133  0.999406  -0.007014  -0.033754  0.007819  0.999687  0.023751  0.033577  -0.024001  0.999148  0.000300  -0.003700  0.000696  0.000000  0.000000  0.000000  2.000000  
80.300857 0.002842  0.089539  -0.009132  0.999401  -0.007011  -0.033888  0.007819  0.999687  0.023750  0.033711  -0.024001  0.999143  0.000280  -0.003914  0.000760  0.000000  0.000000  0.000000  2.000000  
80.301857 0.002844  0.089535  -0.009131  0.999401  -0.007007  -0.033889  0.007819  0.999684  0.023871  0.033711  -0.024122  0.999140  0.000362  -0.004010  0.000793  0.000000  0.000000  0.000000  2.000000  
80.302867 0.002844  0.089531  -0.009130  0.999401  -0.007007  -0.033889  0.007819  0.999684  0.023871  0.033711  -0.024122  0.999140  0.000379  -0.004145  0.000871  0.000000  0.000000  0.000000  2.000000  
80.304111 0.002846  0.089527  -0.009128  0.999401  -0.007007  -0.033889  0.007819  0.999684  0.023871  0.033711  -0.024122  0.999140  0.000472  -0.004145  0.000943  0.000000  0.000000  0.000000  2.000000  
80.305112 0.002847  0.089523  -0.009126  0.999401  -0.007003  -0.033890  0.007819  0.999682  0.023993  0.033711  -0.024243  0.999138  0.000551  -0.004192  0.001009  0.000000  0.000000  0.000000  2.000000  
80.306373 0.002849  0.089519  -0.009123  0.999401  -0.007003  -0.033890  0.007819  0.999682  0.023993  0.033711  -0.024243  0.999138  0.000691  -0.004132  0.001106  0.000000  0.000000  0.000000  2.000000  
80.307615 0.002851  0.089514  -0.009120  0.999401  -0.006999  -0.033891  0.007819  0.999679  0.024114  0.033711  -0.024364  0.999135  0.000821  -0.004132  0.001159  0.000000  0.000000  0.000000  2.000000  
80.308861 0.002852  0.089509  -0.009118  0.999401  -0.006999  -0.033891  0.007819  0.999679  0.024114  0.033711  -0.024364  0.999135  0.000935  -0.004083  0.001193  0.000000  0.000000  0.000000  2.000000  
80.310111 0.002854  0.089503  -0.009116  0.999401  -0.006995  -0.033891  0.007819  0.999676  0.024235  0.033711  -0.024486  0.999132  0.001043  -0.004035  0.001269  0.000000  0.000000  0.000000  2.000000  
80.311399 0.002856  0.089498  -0.009114  0.999401  -0.006991  -0.033892  0.007819  0.999673  0.024356  0.033711  -0.024607  0.999129  0.001131  -0.003989  0.001372  0.000000  0.000000  0.000000  2.000000  
80.312616 0.002858  0.089493  -0.009112  0.999401  -0.006987  -0.033893  0.007819  0.999670  0.024478  0.033711  -0.024728  0.999126  0.001230  -0.003965  0.001488  0.000000  0.000000  0.000000  2.000000  
80.313616 0.002860  0.089489  -0.009110  0.999401  -0.006987  -0.033893  0.007819  0.999670  0.024478  0.033711  -0.024728  0.999126  0.001326  -0.003931  0.001601  0.000000  0.000000  0.000000  2.000000  
80.314859 0.002862  0.089484  -0.009108  0.999401  -0.006982  -0.033894  0.007819  0.999667  0.024599  0.033711  -0.024849  0.999123  0.001361  -0.003953  0.001676  0.000000  0.000000  0.000000  2.000000  
80.315860 0.002863  0.089479  -0.009107  0.999401  -0.006982  -0.033894  0.007819  0.999667  0.024599  0.033711  -0.024849  0.999123  0.001401  -0.003952  0.001706  0.000000  0.000000  0.000000  2.000000  
80.317107 0.002865  0.089474  -0.009106  0.999407  -0.006776  -0.033756  0.007613  0.999665  0.024728  0.033577  -0.024970  0.999124  0.001451  -0.003960  0.001702  0.000000  0.000000  0.000000  2.000000  
80.318108 0.002867  0.089470  -0.009105  0.999407  -0.006776  -0.033756  0.007613  0.999665  0.024728  0.033577  -0.024970  0.999124  0.001472  -0.003989  0.001677  0.000000  0.000000  0.000000  2.000000  
80.319114 0.002868  0.089466  -0.009104  0.999407  -0.006772  -0.033757  0.007613  0.999662  0.024849  0.033577  -0.025092  0.999121  0.001448  -0.004045  0.001531  0.000000  0.000000  0.000000  2.000000  
80.320363 0.002869  0.089461  -0.009104  0.999412  -0.006775  -0.033623  0.007613  0.999662  0.024850  0.033443  -0.025092  0.999126  0.001443  -0.004085  0.001448  0.000000  0.000000  0.000000  2.000000  
80.321366 0.002870  0.089457  -0.009104  0.999413  -0.006569  -0.033618  0.007407  0.999664  0.024857  0.033443  -0.025092  0.999126  0.001418  -0.004145  0.001305  0.000000  0.000000  0.000000  2.000000  
80.322373 0.002871  0.089453  -0.009103  0.999413  -0.006565  -0.033619  0.007407  0.999661  0.024979  0.033443  -0.025213  0.999123  0.001388  -0.004100  0.001177  0.000000  0.000000  0.000000  2.000000  
80.323617 0.002873  0.089448  -0.009103  0.999413  -0.006565  -0.033619  0.007407  0.999661  0.024979  0.033443  -0.025213  0.999123  0.001374  -0.004110  0.001078  0.000000  0.000000  0.000000  2.000000  
80.324861 0.002873  0.089443  -0.009102  0.999413  -0.006561  -0.033620  0.007407  0.999658  0.025100  0.033443  -0.025334  0.999119  0.001294  -0.004070  0.000965  0.000000  0.000000  0.000000  2.000000  
80.325862 0.002874  0.089439  -0.009101  0.999415  -0.006355  -0.033614  0.007201  0.999659  0.025107  0.033443  -0.025334  0.999119  0.001249  -0.004052  0.000939  0.000000  0.000000  0.000000  2.000000  
80.327112 0.002874  0.089435  -0.009100  0.999415  -0.006351  -0.033615  0.007201  0.999656  0.025228  0.033443  -0.025455  0.999116  0.001134  -0.004032  0.000792  0.000000  0.000000  0.000000  2.000000  
80.328361 0.002875  0.089430  -0.009099  0.999415  -0.006351  -0.033615  0.007201  0.999656  0.025228  0.033443  -0.025455  0.999116  0.001054  -0.004017  0.000741  0.000000  0.000000  0.000000  2.000000  
80.329365 0.002875  0.089426  -0.009099  0.999415  -0.006351  -0.033615  0.007201  0.999656  0.025228  0.033443  -0.025455  0.999116  0.000939  -0.004025  0.000655  0.000000  0.000000  0.000000  2.000000  
80.330607 0.002875  0.089420  -0.009099  0.999415  -0.006347  -0.033616  0.007201  0.999653  0.025349  0.033443  -0.025577  0.999113  0.000823  -0.004028  0.000568  0.000000  0.000000  0.000000  2.000000  
80.331615 0.002875  0.089416  -0.009099  0.999416  -0.006141  -0.033611  0.006996  0.999654  0.025356  0.033443  -0.025577  0.999113  0.000708  -0.004030  0.000425  0.000000  0.000000  0.000000  2.000000  
80.332859 0.002876  0.089411  -0.009100  0.999416  -0.006141  -0.033611  0.006996  0.999654  0.025356  0.033443  -0.025577  0.999113  0.000604  -0.004040  0.000302  0.000000  0.000000  0.000000  2.000000  
80.334111 0.002875  0.089405  -0.009101  0.999416  -0.006137  -0.033612  0.006996  0.999651  0.025477  0.033443  -0.025698  0.999110  0.000509  -0.004074  0.000249  0.000000  0.000000  0.000000  2.000000  
80.335372 0.002876  0.089400  -0.009102  0.999412  -0.006134  -0.033745  0.006996  0.999651  0.025477  0.033577  -0.025698  0.999106  0.000421  -0.004050  0.000120  0.000000  0.000000  0.000000  2.000000  
80.336614 0.002876  0.089395  -0.009103  0.999413  -0.005928  -0.033740  0.006790  0.999652  0.025484  0.033577  -0.025698  0.999106  0.000355  -0.004059  0.000026  0.000000  0.000000  0.000000  2.000000  
80.337865 0.002877  0.089391  -0.009104  0.999413  -0.005928  -0.033740  0.006790  0.999652  0.025484  0.033577  -0.025698  0.999106  0.000326  -0.004019  -0.000094  0.000000  0.000000  0.000000  2.000000  
80.339112 0.002877  0.089386  -0.009105  0.999413  -0.005928  -0.033740  0.006790  0.999652  0.025484  0.033577  -0.025698  0.999106  0.000260  -0.004029  -0.000188  0.000000  0.000000  0.000000  2.000000  
80.340364 0.002877  0.089381  -0.009106  0.999413  -0.005924  -0.033741  0.006790  0.999649  0.025605  0.033577  -0.025819  0.999103  0.000227  -0.004045  -0.000282  0.000000  0.000000  0.000000  2.000000  
80.341612 0.002877  0.089376  -0.009107  0.999413  -0.005924  -0.033741  0.006790  0.999649  0.025605  0.033577  -0.025819  0.999103  0.000194  -0.004047  -0.000416  0.000000  0.000000  0.000000  2.000000  
80.342614 0.002877  0.089371  -0.009108  0.999414  -0.005718  -0.033735  0.006584  0.999650  0.025612  0.033577  -0.025819  0.999103  0.000149  -0.004081  -0.000536  0.000000  0.000000  0.000000  2.000000  
80.343860 0.002877  0.089367  -0.009109  0.999414  -0.005718  -0.033735  0.006584  0.999650  0.025612  0.033577  -0.025819  0.999103  0.000119  -0.004043  -0.000655  0.000000  0.000000  0.000000  2.000000  
80.344866 0.002877  0.089363  -0.009110  0.999414  -0.005718  -0.033735  0.006584  0.999650  0.025612  0.033577  -0.025819  0.999103  0.000116  -0.003996  -0.000710  0.000000  0.000000  0.000000  2.000000  
80.346114 0.002876  0.089358  -0.009110  0.999414  -0.005718  -0.033735  0.006584  0.999650  0.025612  0.033577  -0.025819  0.999103  0.000069  -0.003974  -0.000749  0.000000  0.000000  0.000000  2.000000  
80.347361 0.002876  0.089354  -0.009111  0.999414  -0.005718  -0.033735  0.006584  0.999650  0.025612  0.033577  -0.025819  0.999103  0.000033  -0.003900  -0.000744  0.000000  0.000000  0.000000  2.000000  
80.348607 0.002876  0.089350  -0.009111  0.999414  -0.005718  -0.033735  0.006584  0.999650  0.025612  0.033577  -0.025819  0.999103  0.000025  -0.003813  -0.000741  0.000000  0.000000  0.000000  2.000000  
80.349609 0.002876  0.089347  -0.009111  0.999414  -0.005718  -0.033735  0.006584  0.999650  0.025612  0.033577  -0.025819  0.999103  0.000035  -0.003759  -0.000697  0.000000  0.000000  0.000000  2.000000  
80.350857 0.002876  0.089344  -0.009112  0.999414  -0.005718  -0.033735  0.006584  0.999650  0.025612  0.033577  -0.025819  0.999103  0.000030  -0.003661  -0.000673  0.000000  0.000000  0.000000  2.000000  
80.351859 0.002877  0.089341  -0.009112  0.999414  -0.005718  -0.033735  0.006584  0.999650  0.025612  0.033577  -0.025819  0.999103  0.000013  -0.003555  -0.000613  0.000000  0.000000  0.000000  2.000000  
80.352868 0.002877  0.089338  -0.009113  0.999414  -0.005722  -0.033735  0.006584  0.999653  0.025490  0.033577  -0.025698  0.999106  0.000013  -0.003492  -0.000643  0.000000  0.000000  0.000000  2.000000  
80.354112 0.002877  0.089335  -0.009115  0.999414  -0.005722  -0.033735  0.006584  0.999653  0.025490  0.033577  -0.025698  0.999106  -0.000018  -0.003396  -0.000683  0.000000  0.000000  0.000000  2.000000  
80.355374 0.002877  0.089332  -0.009116  0.999414  -0.005722  -0.033735  0.006584  0.999653  0.025490  0.033577  -0.025698  0.999106  0.000013  -0.003245  -0.000683  0.000000  0.000000  0.000000  2.000000  
80.356611 0.002877  0.089328  -0.009118  0.999414  -0.005722  -0.033735  0.006584  0.999653  0.025490  0.033577  -0.025698  0.999106  0.000030  -0.003177  -0.000751  0.000000  0.000000  0.000000  2.000000  
80.357613 0.002878  0.089325  -0.009119  0.999414  -0.005722  -0.033735  0.006584  0.999653  0.025490  0.033577  -0.025698  0.999106  0.000051  -0.003084  -0.000796  0.000000  0.000000  0.000000  2.000000  
80.358861 0.002877  0.089322  -0.009121  0.999414  -0.005722  -0.033735  0.006584  0.999653  0.025490  0.033577  -0.025698  0.999106  0.000031  -0.002986  -0.000804  0.000000  0.000000  0.000000  2.000000  
80.359862 0.002878  0.089319  -0.009122  0.999414  -0.005722  -0.033735  0.006584  0.999653  0.025490  0.033577  -0.025698  0.999106  0.000043  -0.002941  -0.000825  0.000000  0.000000  0.000000  2.000000  
80.361109 0.002877  0.089316  -0.009123  0.999414  -0.005722  -0.033735  0.006584  0.999653  0.025490  0.033577  -0.025698  0.999106  0.000063  -0.002848  -0.000870  0.000000  0.000000  0.000000  2.000000  
80.362109 0.002877  0.089313  -0.009125  0.999414  -0.005722  -0.033735  0.006584  0.999653  0.025490  0.033577  -0.025698  0.999106  0.000065  -0.002783  -0.000968  0.000000  0.000000  0.000000  2.000000  
80.363363 0.002878  0.089311  -0.009126  0.999414  -0.005722  -0.033735  0.006584  0.999653  0.025490  0.033577  -0.025698  0.999106  0.000141  -0.002659  -0.001001  0.000000  0.000000  0.000000  2.000000  
80.364607 0.002878  0.089309  -0.009128  0.999413  -0.005932  -0.033739  0.006790  0.999655  0.025362  0.033577  -0.025576  0.999109  0.000141  -0.002551  -0.001083  0.000000  0.000000  0.000000  2.000000  
80.365609 0.002879  0.089307  -0.009129  0.999413  -0.005932  -0.033739  0.006790  0.999655  0.025362  0.033577  -0.025576  0.999109  0.000156  -0.002475  -0.001156  0.000000  0.000000  0.000000  2.000000  
80.366857 0.002879  0.089305  -0.009131  0.999409  -0.005929  -0.033873  0.006790  0.999655  0.025361  0.033711  -0.025576  0.999104  0.000176  -0.002397  -0.001261  0.000000  0.000000  0.000000  2.000000  
80.367861 0.002880  0.089304  -0.009133  0.999409  -0.005929  -0.033873  0.006790  0.999655  0.025361  0.033711  -0.025576  0.999104  0.000176  -0.002278  -0.001281  0.000000  0.000000  0.000000  2.000000  
80.369119 0.002880  0.089303  -0.009135  0.999409  -0.005933  -0.033872  0.006790  0.999658  0.025240  0.033711  -0.025455  0.999107  0.000215  -0.002145  -0.001347  0.000000  0.000000  0.000000  2.000000  
80.370373 0.002881  0.089302  -0.009136  0.999409  -0.005933  -0.033872  0.006790  0.999658  0.025240  0.033711  -0.025455  0.999107  0.000262  -0.001992  -0.001351  0.000000  0.000000  0.000000  2.000000  
80.371614 0.002882  0.089301  -0.009139  0.999409  -0.005933  -0.033872  0.006790  0.999658  0.025240  0.033711  -0.025455  0.999107  0.000293  -0.001775  -0.001349  0.000000  0.000000  0.000000  2.000000  
80.372862 0.002882  0.089300  -0.009141  0.999409  -0.005937  -0.033871  0.006790  0.999661  0.025119  0.033711  -0.025334  0.999110  0.000298  -0.001632  -0.001414  0.000000  0.000000  0.000000  2.000000  
80.374113 0.002882  0.089299  -0.009143  0.999409  -0.005937  -0.033871  0.006790  0.999661  0.025119  0.033711  -0.025334  0.999110  0.000334  -0.001464  -0.001461  0.000000  0.000000  0.000000  2.000000  
80.375374 0.002883  0.089298  -0.009145  0.999409  -0.005937  -0.033871  0.006790  0.999661  0.025119  0.033711  -0.025334  0.999110  0.000370  -0.001294  -0.001505  0.000000  0.000000  0.000000  2.000000  
80.376612 0.002884  0.089297  -0.009148  0.999404  -0.005934  -0.034005  0.006790  0.999661  0.025118  0.033845  -0.025334  0.999106  0.000409  -0.001183  -0.001632  0.000000  0.000000  0.000000  2.000000  
80.377612 0.002883  0.089296  -0.009151  0.999404  -0.005934  -0.034005  0.006790  0.999661  0.025118  0.033845  -0.025334  0.999106  0.000373  -0.001124  -0.001722  0.000000  0.000000  0.000000  2.000000  
80.378859 0.002884  0.089295  -0.009154  0.999404  -0.005934  -0.034005  0.006790  0.999661  0.025118  0.033845  -0.025334  0.999106  0.000403  -0.000991  -0.001856  0.000000  0.000000  0.000000  2.000000  
80.379862 0.002885  0.089294  -0.009157  0.999404  -0.005934  -0.034005  0.006790  0.999661  0.025118  0.033845  -0.025334  0.999106  0.000391  -0.000914  -0.001962  0.000000  0.000000  0.000000  2.000000  
80.381112 0.002885  0.089294  -0.009160  0.999404  -0.005934  -0.034005  0.006790  0.999661  0.025118  0.033845  -0.025334  0.999106  0.000381  -0.000845  -0.002027  0.000000  0.000000  0.000000  2.000000  
80.382364 0.002886  0.089293  -0.009164  0.999400  -0.005930  -0.034139  0.006790  0.999661  0.025117  0.033978  -0.025334  0.999101  0.000382  -0.000779  -0.002127  0.000000  0.000000  0.000000  2.000000  
80.383613 0.002886  0.089293  -0.009167  0.999400  -0.005930  -0.034139  0.006790  0.999661  0.025117  0.033978  -0.025334  0.999101  0.000408  -0.000664  -0.002217  0.000000  0.000000  0.000000  2.000000  
80.384859 0.002887  0.089294  -0.009170  0.999400  -0.005934  -0.034138  0.006790  0.999664  0.024996  0.033978  -0.025213  0.999104  0.000403  -0.000589  -0.002280  0.000000  0.000000  0.000000  2.000000  
80.385862 0.002887  0.089294  -0.009172  0.999400  -0.005934  -0.034138  0.006790  0.999664  0.024996  0.033978  -0.025213  0.999104  0.000418  -0.000500  -0.002329  0.000000  0.000000  0.000000  2.000000  
80.387112 0.002888  0.089293  -0.009175  0.999395  -0.005931  -0.034272  0.006790  0.999665  0.024995  0.034112  -0.025212  0.999100  0.000383  -0.000481  -0.002403  0.000000  0.000000  0.000000  2.000000  
80.388364 0.002888  0.089293  -0.009178  0.999395  -0.005931  -0.034272  0.006790  0.999665  0.024995  0.034112  -0.025212  0.999100  0.000373  -0.000412  -0.002468  0.000000  0.000000  0.000000  2.000000  
80.389612 0.002889  0.089294  -0.009181  0.999395  -0.005931  -0.034272  0.006790  0.999665  0.024995  0.034112  -0.025212  0.999100  0.000407  -0.000339  -0.002497  0.000000  0.000000  0.000000  2.000000  
80.390862 0.002889  0.089293  -0.009184  0.999394  -0.006141  -0.034276  0.006995  0.999666  0.024867  0.034112  -0.025091  0.999103  0.000404  -0.000263  -0.002468  0.000000  0.000000  0.000000  2.000000  
80.391862 0.002890  0.089293  -0.009186  0.999389  -0.006138  -0.034410  0.006995  0.999666  0.024866  0.034246  -0.025091  0.999098  0.000425  -0.000190  -0.002463  0.000000  0.000000  0.000000  2.000000  
80.393113 0.002890  0.089293  -0.009189  0.999389  -0.006138  -0.034410  0.006995  0.999666  0.024866  0.034246  -0.025091  0.999098  0.000418  -0.000166  -0.002475  0.000000  0.000000  0.000000  2.000000  
80.394370 0.002891  0.089293  -0.009192  0.999389  -0.006138  -0.034410  0.006995  0.999666  0.024866  0.034246  -0.025091  0.999098  0.000449  -0.000106  -0.002368  0.000000  0.000000  0.000000  2.000000  
80.395373 0.002891  0.089293  -0.009194  0.999384  -0.006134  -0.034544  0.006995  0.999666  0.024865  0.034379  -0.025091  0.999094  0.000441  -0.000082  -0.002377  0.000000  0.000000  0.000000  2.000000  
80.396612 0.002892  0.089292  -0.009197  0.999384  -0.006134  -0.034544  0.006995  0.999666  0.024865  0.034379  -0.025091  0.999094  0.000405  -0.000128  -0.002353  0.000000  0.000000  0.000000  2.000000  
80.397861 0.002892  0.089291  -0.009200  0.999384  -0.006134  -0.034544  0.006995  0.999666  0.024865  0.034379  -0.025091  0.999094  0.000418  -0.000154  -0.002340  0.000000  0.000000  0.000000  2.000000  
80.399107 0.002893  0.089291  -0.009203  0.999384  -0.006134  -0.034544  0.006995  0.999666  0.024865  0.034379  -0.025091  0.999094  0.000395  -0.000203  -0.002350  0.000000  0.000000  0.000000  2.000000  
80.400111 0.002894  0.089290  -0.009205  0.999380  -0.006131  -0.034677  0.006995  0.999666  0.024864  0.034513  -0.025091  0.999089  0.000442  -0.000225  -0.002314  0.000000  0.000000  0.000000  2.000000  
80.401115 0.002894  0.089290  -0.009207  0.999380  -0.006131  -0.034677  0.006995  0.999666  0.024864  0.034513  -0.025091  0.999089  0.000418  -0.000274  -0.002321  0.000000  0.000000  0.000000  2.000000  
80.402381 0.002894  0.089288  -0.009210  0.999378  -0.006337  -0.034682  0.007201  0.999665  0.024857  0.034513  -0.025091  0.999089  0.000396  -0.000349  -0.002321  0.000000  0.000000  0.000000  2.000000  
80.403615 0.002894  0.089288  -0.009213  0.999374  -0.006333  -0.034816  0.007201  0.999665  0.024856  0.034647  -0.025091  0.999085  0.000404  -0.000374  -0.002313  0.000000  0.000000  0.000000  2.000000  
80.404615 0.002895  0.089287  -0.009215  0.999374  -0.006333  -0.034816  0.007201  0.999665  0.024856  0.034647  -0.025091  0.999085  0.000407  -0.000418  -0.002259  0.000000  0.000000  0.000000  2.000000  
80.405862 0.002895  0.089287  -0.009217  0.999374  -0.006333  -0.034816  0.007201  0.999665  0.024856  0.034647  -0.025091  0.999085  0.000408  -0.000435  -0.002212  0.000000  0.000000  0.000000  2.000000  
80.406862 0.002895  0.089286  -0.009219  0.999369  -0.006330  -0.034950  0.007201  0.999665  0.024855  0.034781  -0.025091  0.999080  0.000380  -0.000505  -0.002177  0.000000  0.000000  0.000000  2.000000  
80.408112 0.002896  0.089286  -0.009220  0.999369  -0.006330  -0.034950  0.007201  0.999665  0.024855  0.034781  -0.025091  0.999080  0.000394  -0.000496  -0.002079  0.000000  0.000000  0.000000  2.000000  
80.409364 0.002896  0.089285  -0.009223  0.999368  -0.006536  -0.034955  0.007407  0.999664  0.024847  0.034781  -0.025091  0.999080  0.000358  -0.000542  -0.002054  0.000000  0.000000  0.000000  2.000000  
80.410375 0.002896  0.089284  -0.009224  0.999368  -0.006536  -0.034955  0.007407  0.999664  0.024847  0.034781  -0.025091  0.999080  0.000334  -0.000564  -0.001970  0.000000  0.000000  0.000000  2.000000  
80.411405 0.002897  0.089283  -0.009226  0.999363  -0.006532  -0.035088  0.007407  0.999664  0.024846  0.034914  -0.025091  0.999075  0.000328  -0.000583  -0.001922  0.000000  0.000000  0.000000  2.000000  
80.412611 0.002897  0.089283  -0.009227  0.999363  -0.006532  -0.035088  0.007407  0.999664  0.024846  0.034914  -0.025091  0.999075  0.000304  -0.000578  -0.001857  0.000000  0.000000  0.000000  2.000000  
80.413612 0.002897  0.089282  -0.009229  0.999361  -0.006738  -0.035094  0.007613  0.999662  0.024839  0.034914  -0.025091  0.999075  0.000268  -0.000624  -0.001831  0.000000  0.000000  0.000000  2.000000  
80.414862 0.002897  0.089281  -0.009231  0.999357  -0.006735  -0.035227  0.007612  0.999662  0.024838  0.035048  -0.025090  0.999071  0.000203  -0.000618  -0.001790  0.000000  0.000000  0.000000  2.000000  
80.416107 0.002897  0.089280  -0.009234  0.999357  -0.006735  -0.035227  0.007612  0.999662  0.024838  0.035048  -0.025090  0.999071  0.000207  -0.000632  -0.001752  0.000000  0.000000  0.000000  2.000000  
80.417112 0.002897  0.089280  -0.009235  0.999357  -0.006735  -0.035227  0.007612  0.999662  0.024838  0.035048  -0.025090  0.999071  0.000182  -0.000625  -0.001682  0.000000  0.000000  0.000000  2.000000  
80.418371 0.002897  0.089279  -0.009236  0.999355  -0.006941  -0.035232  0.007818  0.999661  0.024831  0.035048  -0.025090  0.999071  0.000210  -0.000573  -0.001565  0.000000  0.000000  0.000000  2.000000  
80.419614 0.002898  0.089279  -0.009239  0.999355  -0.006936  -0.035233  0.007818  0.999658  0.024952  0.035048  -0.025212  0.999068  0.000180  -0.000569  -0.001603  0.000000  0.000000  0.000000  2.000000  
80.420614 0.002898  0.089278  -0.009241  0.999350  -0.006933  -0.035367  0.007818  0.999658  0.024951  0.035182  -0.025211  0.999063  0.000171  -0.000574  -0.001595  0.000000  0.000000  0.000000  2.000000  
80.421615 0.002898  0.089278  -0.009242  0.999350  -0.006933  -0.035367  0.007818  0.999658  0.024951  0.035182  -0.025211  0.999063  0.000150  -0.000546  -0.001569  0.000000  0.000000  0.000000  2.000000  
80.422861 0.002898  0.089278  -0.009244  0.999349  -0.007139  -0.035372  0.008024  0.999657  0.024944  0.035182  -0.025211  0.999063  0.000173  -0.000545  -0.001613  0.000000  0.000000  0.000000  2.000000  
80.423862 0.002898  0.089277  -0.009245  0.999349  -0.007139  -0.035372  0.008024  0.999657  0.024944  0.035182  -0.025211  0.999063  0.000142  -0.000522  -0.001579  0.000000  0.000000  0.000000  2.000000  
80.425112 0.002899  0.089277  -0.009247  0.999342  -0.007341  -0.035511  0.008230  0.999655  0.024936  0.035316  -0.025211  0.999058  0.000174  -0.000497  -0.001561  0.000000  0.000000  0.000000  2.000000  
80.426112 0.002899  0.089277  -0.009249  0.999342  -0.007341  -0.035511  0.008230  0.999655  0.024936  0.035316  -0.025211  0.999058  0.000159  -0.000449  -0.001584  0.000000  0.000000  0.000000  2.000000  
80.427363 0.002899  0.089277  -0.009250  0.999342  -0.007341  -0.035511  0.008230  0.999655  0.024936  0.035316  -0.025211  0.999058  0.000199  -0.000419  -0.001569  0.000000  0.000000  0.000000  2.000000  
80.428609 0.002900  0.089276  -0.009252  0.999342  -0.007341  -0.035511  0.008230  0.999655  0.024936  0.035316  -0.025211  0.999058  0.000197  -0.000363  -0.001491  0.000000  0.000000  0.000000  2.000000  
80.429611 0.002900  0.089276  -0.009253  0.999341  -0.007547  -0.035516  0.008435  0.999654  0.024928  0.035316  -0.025211  0.999058  0.000250  -0.000314  -0.001441  0.000000  0.000000  0.000000  2.000000  
80.430857 0.002901  0.089277  -0.009253  0.999341  -0.007547  -0.035516  0.008435  0.999654  0.024928  0.035316  -0.025211  0.999058  0.000288  -0.000231  -0.001354  0.000000  0.000000  0.000000  2.000000  
80.431861 0.002901  0.089277  -0.009254  0.999336  -0.007544  -0.035650  0.008435  0.999654  0.024927  0.035449  -0.025211  0.999053  0.000311  -0.000205  -0.001322  0.000000  0.000000  0.000000  2.000000  
80.432862 0.002902  0.089277  -0.009255  0.999336  -0.007544  -0.035650  0.008435  0.999654  0.024927  0.035449  -0.025211  0.999053  0.000322  -0.000152  -0.001277  0.000000  0.000000  0.000000  2.000000  
80.434114 0.002903  0.089277  -0.009257  0.999334  -0.007749  -0.035655  0.008641  0.999652  0.024920  0.035449  -0.025211  0.999053  0.000385  -0.000100  -0.001239  0.000000  0.000000  0.000000  2.000000  
80.435376 0.002904  0.089278  -0.009258  0.999334  -0.007749  -0.035655  0.008641  0.999652  0.024920  0.035449  -0.025211  0.999053  0.000439  -0.000024  -0.001208  0.000000  0.000000  0.000000  2.000000  
80.436612 0.002905  0.089278  -0.009260  0.999334  -0.007749  -0.035655  0.008641  0.999652  0.024920  0.035449  -0.025211  0.999053  0.000506  0.000023  -0.001186  0.000000  0.000000  0.000000  2.000000  
80.437866 0.002906  0.089278  -0.009261  0.999334  -0.007749  -0.035655  0.008641  0.999652  0.024920  0.035449  -0.025211  0.999053  0.000564  0.000078  -0.001131  0.000000  0.000000  0.000000  2.000000  
80.439112 0.002907  0.089279  -0.009262  0.999328  -0.007952  -0.035794  0.008847  0.999651  0.024911  0.035583  -0.025211  0.999049  0.000574  0.000106  -0.001059  0.000000  0.000000  0.000000  2.000000  
80.440364 0.002908  0.089279  -0.009263  0.999328  -0.007952  -0.035794  0.008847  0.999651  0.024911  0.035583  -0.025211  0.999049  0.000643  0.000133  -0.001011  0.000000  0.000000  0.000000  2.000000  
80.441364 0.002909  0.089279  -0.009264  0.999328  -0.007952  -0.035794  0.008847  0.999651  0.024911  0.035583  -0.025211  0.999049  0.000674  0.000158  -0.000992  0.000000  0.000000  0.000000  2.000000  
80.442375 0.002910  0.089279  -0.009264  0.999328  -0.007952  -0.035794  0.008847  0.999651  0.024911  0.035583  -0.025211  0.999049  0.000711  0.000166  -0.000943  0.000000  0.000000  0.000000  2.000000  
80.443616 0.002911  0.089279  -0.009266  0.999328  -0.007952  -0.035794  0.008847  0.999651  0.024911  0.035583  -0.025211  0.999049  0.000743  0.000191  -0.000923  0.000000  0.000000  0.000000  2.000000  
80.444857 0.002912  0.089280  -0.009266  0.999328  -0.007952  -0.035794  0.008847  0.999651  0.024911  0.035583  -0.025211  0.999049  0.000774  0.000210  -0.000924  0.000000  0.000000  0.000000  2.000000  
80.445861 0.002913  0.089280  -0.009267  0.999323  -0.007949  -0.035927  0.008847  0.999651  0.024910  0.035717  -0.025211  0.999044  0.000774  0.000217  -0.000904  0.000000  0.000000  0.000000  2.000000  
80.446863 0.002913  0.089280  -0.009268  0.999323  -0.007949  -0.035927  0.008847  0.999651  0.024910  0.035717  -0.025211  0.999044  0.000813  0.000219  -0.000875  0.000000  0.000000  0.000000  2.000000  
80.448112 0.002914  0.089280  -0.009269  0.999321  -0.008154  -0.035932  0.009052  0.999649  0.024903  0.035717  -0.025211  0.999044  0.000800  0.000222  -0.000840  0.000000  0.000000  0.000000  2.000000  
80.449112 0.002915  0.089280  -0.009269  0.999321  -0.008154  -0.035932  0.009052  0.999649  0.024903  0.035717  -0.025211  0.999044  0.000757  0.000193  -0.000845  0.000000  0.000000  0.000000  2.000000  
80.450388 0.002915  0.089281  -0.009270  0.999316  -0.008151  -0.036066  0.009052  0.999649  0.024901  0.035850  -0.025211  0.999039  0.000750  0.000179  -0.000777  0.000000  0.000000  0.000000  2.000000  
80.451609 0.002916  0.089281  -0.009271  0.999316  -0.008151  -0.036066  0.009052  0.999649  0.024901  0.035850  -0.025211  0.999039  0.000727  0.000180  -0.000731  0.000000  0.000000  0.000000  2.000000  
80.452614 0.002917  0.089281  -0.009271  0.999316  -0.008151  -0.036066  0.009052  0.999649  0.024901  0.035850  -0.025211  0.999039  0.000714  0.000190  -0.000673  0.000000  0.000000  0.000000  2.000000  
80.453620 0.002917  0.089281  -0.009271  0.999311  -0.008148  -0.036200  0.009052  0.999649  0.024900  0.035984  -0.025211  0.999034  0.000669  0.000168  -0.000657  0.000000  0.000000  0.000000  2.000000  
80.454861 0.002917  0.089281  -0.009272  0.999311  -0.008148  -0.036200  0.009052  0.999649  0.024900  0.035984  -0.025211  0.999034  0.000613  0.000150  -0.000606  0.000000  0.000000  0.000000  2.000000  
80.455864 0.002917  0.089281  -0.009272  0.999311  -0.008148  -0.036200  0.009052  0.999649  0.024900  0.035984  -0.025211  0.999034  0.000569  0.000128  -0.000590  0.000000  0.000000  0.000000  2.000000  
80.457111 0.002918  0.089281  -0.009273  0.999305  -0.008350  -0.036338  0.009258  0.999647  0.024892  0.036118  -0.025211  0.999029  0.000509  0.000128  -0.000575  0.000000  0.000000  0.000000  2.000000  
80.458377 0.002917  0.089281  -0.009274  0.999305  -0.008350  -0.036338  0.009258  0.999647  0.024892  0.036118  -0.025211  0.999029  0.000429  0.000086  -0.000553  0.000000  0.000000  0.000000  2.000000  
80.459612 0.002917  0.089280  -0.009274  0.999300  -0.008347  -0.036472  0.009258  0.999647  0.024890  0.036251  -0.025211  0.999025  0.000385  0.000064  -0.000537  0.000000  0.000000  0.000000  2.000000  
80.460612 0.002917  0.089280  -0.009274  0.999300  -0.008347  -0.036472  0.009258  0.999647  0.024890  0.036251  -0.025211  0.999025  0.000328  0.000045  -0.000486  0.000000  0.000000  0.000000  2.000000  
80.461617 0.002917  0.089280  -0.009275  0.999295  -0.008343  -0.036606  0.009258  0.999647  0.024889  0.036385  -0.025210  0.999020  0.000253  -0.000003  -0.000490  0.000000  0.000000  0.000000  2.000000  
80.462863 0.002917  0.089280  -0.009275  0.999293  -0.008549  -0.036611  0.009464  0.999646  0.024882  0.036385  -0.025210  0.999020  0.000196  -0.000021  -0.000439  0.000000  0.000000  0.000000  2.000000  
80.463864 0.002917  0.089280  -0.009275  0.999288  -0.008546  -0.036745  0.009464  0.999646  0.024880  0.036519  -0.025210  0.999015  0.000184  -0.000018  -0.000404  0.000000  0.000000  0.000000  2.000000  
80.465111 0.002917  0.089280  -0.009275  0.999283  -0.008542  -0.036878  0.009464  0.999646  0.024879  0.036653  -0.025210  0.999010  0.000125  -0.000036  -0.000347  0.000000  0.000000  0.000000  2.000000  
80.466360 0.002917  0.089280  -0.009275  0.999281  -0.008748  -0.036883  0.009669  0.999644  0.024871  0.036653  -0.025210  0.999010  0.000051  -0.000083  -0.000351  0.000000  0.000000  0.000000  2.000000  
80.467364 0.002917  0.089280  -0.009275  0.999276  -0.008745  -0.037017  0.009669  0.999644  0.024870  0.036786  -0.025210  0.999005  -0.000018  -0.000097  -0.000266  0.000000  0.000000  0.000000  2.000000  
80.468607 0.002916  0.089279  -0.009275  0.999271  -0.008746  -0.037150  0.009669  0.999647  0.024748  0.036920  -0.025089  0.999003  -0.000061  -0.000119  -0.000250  0.000000  0.000000  0.000000  2.000000  
80.469616 0.002916  0.089279  -0.009275  0.999269  -0.008952  -0.037155  0.009875  0.999645  0.024740  0.036920  -0.025089  0.999003  -0.000079  -0.000138  -0.000174  0.000000  0.000000  0.000000  2.000000  
80.470860 0.002916  0.089279  -0.009275  0.999264  -0.008948  -0.037288  0.009875  0.999645  0.024739  0.037054  -0.025089  0.998998  -0.000091  -0.000132  -0.000136  0.000000  0.000000  0.000000  2.000000  
80.471861 0.002916  0.089279  -0.009274  0.999257  -0.009151  -0.037427  0.010081  0.999643  0.024730  0.037187  -0.025088  0.998993  -0.000116  -0.000125  -0.000067  0.000000  0.000000  0.000000  2.000000  
80.472861 0.002916  0.089279  -0.009273  0.999252  -0.009147  -0.037561  0.010080  0.999643  0.024728  0.037321  -0.025088  0.998988  -0.000141  -0.000118  0.000002  0.000000  0.000000  0.000000  2.000000  
80.473861 0.002916  0.089279  -0.009273  0.999245  -0.009350  -0.037699  0.010286  0.999642  0.024719  0.037455  -0.025088  0.998983  -0.000124  -0.000091  0.000057  0.000000  0.000000  0.000000  2.000000  
80.474864 0.002915  0.089279  -0.009273  0.999240  -0.009342  -0.037834  0.010286  0.999639  0.024839  0.037589  -0.025209  0.998975  -0.000135  -0.000086  0.000091  0.000000  0.000000  0.000000  2.000000  
80.476114 0.002915  0.089279  -0.009272  0.999233  -0.009544  -0.037973  0.010492  0.999637  0.024830  0.037722  -0.025209  0.998970  -0.000131  -0.000054  0.000182  0.000000  0.000000  0.000000  2.000000  
80.477367 0.002915  0.089279  -0.009272  0.999228  -0.009541  -0.038107  0.010492  0.999637  0.024828  0.037856  -0.025209  0.998965  -0.000136  -0.000075  0.000228  0.000000  0.000000  0.000000  2.000000  
80.478608 0.002915  0.089279  -0.009271  0.999221  -0.009743  -0.038245  0.010697  0.999635  0.024819  0.037990  -0.025209  0.998960  -0.000146  -0.000070  0.000259  0.000000  0.000000  0.000000  2.000000  
80.479615 0.002915  0.089279  -0.009271  0.999214  -0.009946  -0.038384  0.010903  0.999633  0.024810  0.038123  -0.025209  0.998955  -0.000161  -0.000067  0.000298  0.000000  0.000000  0.000000  2.000000  
80.480857 0.002915  0.089279  -0.009270  0.999201  -0.010145  -0.038657  0.011109  0.999631  0.024799  0.038391  -0.025209  0.998945  -0.000140  -0.000037  0.000347  0.000000  0.000000  0.000000  2.000000  
80.481861 0.002914  0.089279  -0.009270  0.999196  -0.010141  -0.038790  0.011109  0.999631  0.024797  0.038524  -0.025208  0.998940  -0.000142  -0.000038  0.000353  0.000000  0.000000  0.000000  2.000000  
80.483112 0.002914  0.089279  -0.009269  0.999183  -0.010341  -0.039063  0.011314  0.999629  0.024786  0.038792  -0.025208  0.998929  -0.000155  -0.000034  0.000388  0.000000  0.000000  0.000000  2.000000  
80.484114 0.002914  0.089279  -0.009269  0.999176  -0.010543  -0.039201  0.011520  0.999627  0.024777  0.038926  -0.025208  0.998924  -0.000142  0.000019  0.000426  0.000000  0.000000  0.000000  2.000000  
80.485379 0.002914  0.089279  -0.009268  0.999163  -0.010742  -0.039474  0.011725  0.999625  0.024766  0.039193  -0.025208  0.998914  -0.000144  0.000019  0.000433  0.000000  0.000000  0.000000  2.000000  
80.486614 0.002914  0.089280  -0.009268  0.999155  -0.010944  -0.039613  0.011931  0.999622  0.024756  0.039327  -0.025208  0.998908  -0.000152  0.000043  0.000423  0.000000  0.000000  0.000000  2.000000  
80.487615 0.002913  0.089280  -0.009267  0.999142  -0.011143  -0.039885  0.012137  0.999620  0.024744  0.039594  -0.025207  0.998898  -0.000152  0.000043  0.000423  0.000000  0.000000  0.000000  2.000000  
80.488862 0.002913  0.089280  -0.009267  0.999129  -0.011343  -0.040157  0.012342  0.999618  0.024733  0.039861  -0.025207  0.998887  -0.000160  0.000068  0.000413  0.000000  0.000000  0.000000  2.000000  
80.490114 0.002912  0.089280  -0.009267  0.999116  -0.011542  -0.040430  0.012548  0.999616  0.024721  0.040129  -0.025207  0.998877  -0.000192  0.000042  0.000394  0.000000  0.000000  0.000000  2.000000  
80.491366 0.002912  0.089280  -0.009266  0.999105  -0.011535  -0.040697  0.012548  0.999616  0.024718  0.040396  -0.025207  0.998866  -0.000207  0.000090  0.000375  0.000000  0.000000  0.000000  2.000000  
