1-Time 2-Px 3-Py 4-Pz 5-R11 6-R21 7-R31 8-R12 9-R22 10-R32 11-R13 12-R23 13-R33 14-Vx 15-Vy 16-Vz 17-Wx 18-Wy 19-Wz 20-state 21-PR11 22-PR21 23-PR31 24-PR12 25-PR22 26-PR32 27-PR13 28-PR23 29-PR33 
82.904672 0.007395  0.096316  -0.008755  0.997504  0.063000  0.031894  -0.039243  0.119097  0.992107  0.058704  -0.990882  0.121272  -0.000182  -0.000008  -0.000232  0.000000  0.000000  0.000000  2.000000  
82.905673 0.007395  0.096316  -0.008755  0.997496  0.063132  0.031878  -0.039243  0.119092  0.992107  0.058837  -0.990874  0.121271  -0.000215  -0.000058  -0.000208  0.000000  0.000000  0.000000  2.000000  
82.906677 0.007396  0.096316  -0.008755  0.997488  0.063160  0.032075  -0.039448  0.119199  0.992086  0.058837  -0.990859  0.121391  -0.000163  -0.000055  -0.000213  0.000000  0.000000  0.000000  2.000000  
82.907922 0.007397  0.096315  -0.008755  0.997487  0.062945  0.032515  -0.039860  0.119184  0.992072  0.058570  -0.990875  0.121393  -0.000063  -0.000071  -0.000178  0.000000  0.000000  0.000000  2.000000  
82.908925 0.007398  0.096316  -0.008753  0.997487  0.062845  0.032721  -0.040065  0.119417  0.992036  0.058437  -0.990853  0.121634  0.000000  -0.000078  -0.000037  0.000000  0.000000  0.000000  2.000000  
82.909930 0.007400  0.096316  -0.008752  0.997486  0.062741  0.032934  -0.040271  0.119529  0.992014  0.058303  -0.990846  0.121756  0.000140  -0.000010  0.000065  0.000000  0.000000  0.000000  2.000000  
82.910930 0.007402  0.096317  -0.008751  0.997478  0.062769  0.033130  -0.040477  0.119637  0.991992  0.058303  -0.990831  0.121876  0.000279  0.000057  0.000167  0.000000  0.000000  0.000000  2.000000  
82.912190 0.007404  0.096319  -0.008749  0.997461  0.062827  0.033523  -0.040887  0.119852  0.991950  0.058303  -0.990802  0.122116  0.000458  0.000130  0.000300  0.000000  0.000000  0.000000  2.000000  
82.913430 0.007406  0.096320  -0.008747  0.997444  0.062884  0.033917  -0.041298  0.120066  0.991907  0.058303  -0.990772  0.122356  0.000627  0.000227  0.000423  0.000000  0.000000  0.000000  2.000000  
82.914677 0.007408  0.096320  -0.008747  0.997427  0.062942  0.034310  -0.041709  0.120281  0.991863  0.058303  -0.990743  0.122597  0.000749  0.000263  0.000469  0.000000  0.000000  0.000000  2.000000  
82.915677 0.007409  0.096322  -0.008747  0.997419  0.062975  0.034499  -0.041914  0.120509  0.991827  0.058303  -0.990713  0.122837  0.000891  0.000352  0.000527  0.000000  0.000000  0.000000  2.000000  
82.916927 0.007411  0.096323  -0.008746  0.997408  0.062798  0.035121  -0.042531  0.120842  0.991760  0.058036  -0.990683  0.123200  0.000995  0.000435  0.000554  0.000000  0.000000  0.000000  2.000000  
82.918183 0.007412  0.096323  -0.008746  0.997389  0.062757  0.035720  -0.043147  0.121290  0.991679  0.057902  -0.990631  0.123681  0.001158  0.000497  0.000585  0.000000  0.000000  0.000000  2.000000  
82.919427 0.007414  0.096323  -0.008746  0.997370  0.062713  0.036326  -0.043763  0.121618  0.991612  0.057769  -0.990594  0.124043  0.001250  0.000505  0.000610  0.000000  0.000000  0.000000  2.000000  
82.920428 0.007415  0.096324  -0.008745  0.997360  0.062644  0.036728  -0.044174  0.121959  0.991552  0.057635  -0.990556  0.124404  0.001341  0.000591  0.000673  0.000000  0.000000  0.000000  2.000000  
82.921433 0.007416  0.096325  -0.008745  0.997349  0.062580  0.037123  -0.044585  0.122420  0.991476  0.057502  -0.990503  0.124886  0.001362  0.000643  0.000684  0.000000  0.000000  0.000000  2.000000  
82.922675 0.007417  0.096326  -0.008744  0.997329  0.062541  0.037721  -0.045202  0.122868  0.991393  0.057368  -0.990450  0.125367  0.001378  0.000715  0.000739  -0.123742  -0.187842  0.000738  2.000000  
82.923923 0.007418  0.096326  -0.008744  0.997299  0.062529  0.038524  -0.046023  0.123304  0.991301  0.057235  -0.990397  0.125849  0.001316  0.000722  0.000600  -0.138495  -0.216440  -0.004721  2.000000  
82.924923 0.007418  0.096327  -0.008745  0.997288  0.062466  0.038919  -0.046434  0.123765  0.991225  0.057101  -0.990343  0.126330  0.001251  0.000710  0.000506  -0.154003  -0.230684  -0.007416  2.000000  
82.925923 0.007419  0.096327  -0.008746  0.997259  0.062562  0.039501  -0.047050  0.124207  0.991140  0.057101  -0.990282  0.126811  0.001179  0.000663  0.000321  -0.169101  -0.251230  -0.004783  2.000000  
82.926925 0.007420  0.096327  -0.008747  0.997247  0.062500  0.039895  -0.047461  0.124669  0.991063  0.056967  -0.990228  0.127292  0.001066  0.000590  0.000150  -0.184602  -0.266047  -0.011925  2.000000  
82.927931 0.007420  0.096328  -0.008748  0.997218  0.062596  0.040477  -0.048077  0.125111  0.990977  0.056967  -0.990166  0.127772  0.000969  0.000605  0.000017  -0.199336  -0.293498  -0.008413  2.000000  
82.929180 0.007420  0.096328  -0.008749  0.997206  0.062540  0.040864  -0.048488  0.125693  0.990884  0.056834  -0.990096  0.128374  0.000819  0.000549  -0.000129  -0.218864  -0.308249  -0.015515  2.000000  
82.930189 0.007420  0.096329  -0.008750  0.997175  0.062638  0.041446  -0.049104  0.126135  0.990797  0.056834  -0.990034  0.128854  0.000732  0.000495  -0.000203  -0.237974  -0.328708  -0.012860  2.000000  
82.931428 0.007419  0.096328  -0.008752  0.997163  0.062588  0.041825  -0.049515  0.126837  0.990687  0.056700  -0.989947  0.129576  0.000584  0.000373  -0.000352  -0.261704  -0.343644  -0.019929  2.000000  
82.932677 0.007418  0.096327  -0.008753  0.997132  0.062692  0.042399  -0.050131  0.127399  0.990584  0.056700  -0.989868  0.130176  0.000405  0.000299  -0.000485  -0.280473  -0.371634  -0.020807  2.000000  
82.933927 0.007416  0.096326  -0.008755  0.997108  0.062665  0.042990  -0.050747  0.127967  0.990479  0.056567  -0.989797  0.130777  0.000175  0.000145  -0.000649  -0.299702  -0.392790  -0.022540  2.000000  
82.934927 0.007414  0.096325  -0.008757  0.997087  0.062738  0.043368  -0.051157  0.128422  0.990399  0.056567  -0.989733  0.131258  0.000005  0.000048  -0.000764  -0.312660  -0.403212  -0.020530  2.000000  
82.936178 0.007413  0.096322  -0.008761  0.997056  0.062850  0.043934  -0.051773  0.129104  0.990279  0.056567  -0.989637  0.131978  -0.000200  -0.000189  -0.001046  -0.334770  -0.420785  -0.023233  2.000000  
82.937179 0.007412  0.096321  -0.008763  0.997027  0.063062  0.044286  -0.052183  0.129672  0.990183  0.056700  -0.989550  0.132577  -0.000318  -0.000312  -0.001246  -0.354781  -0.426534  -0.013308  2.000000  
82.938187 0.007412  0.096320  -0.008766  0.997016  0.063110  0.044459  -0.052389  0.130139  0.990111  0.056700  -0.989485  0.133057  -0.000404  -0.000419  -0.001499  -0.367392  -0.419062  -0.009597  2.000000  
82.939425 0.007412  0.096319  -0.008770  0.996983  0.063223  0.045024  -0.053004  0.130821  0.989988  0.056700  -0.989388  0.133777  -0.000439  -0.000509  -0.001677  -0.383869  -0.428692  -0.003167  2.000000  
82.940678 0.007413  0.096319  -0.008773  0.996969  0.063184  0.045396  -0.053415  0.131642  0.989857  0.056567  -0.989282  0.134618  -0.000440  -0.000554  -0.001831  -0.407169  -0.439182  -0.002070  2.000000  
82.941925 0.007414  0.096318  -0.008776  0.996947  0.063277  0.045750  -0.053826  0.132457  0.989726  0.056567  -0.989167  0.135458  -0.000342  -0.000662  -0.001972  -0.423607  -0.442327  -0.000931  2.000000  
82.942926 0.007415  0.096317  -0.008779  0.996925  0.063359  0.046119  -0.054236  0.133031  0.989627  0.056567  -0.989085  0.136058  -0.000299  -0.000736  -0.002080  -0.439764  -0.442309  -0.000770  2.000000  
82.944180 0.007416  0.096317  -0.008781  0.996913  0.063426  0.046269  -0.054441  0.133858  0.989504  0.056567  -0.988969  0.136898  -0.000213  -0.000819  -0.002126  -0.456450  -0.435630  -0.001392  2.000000  
82.945427 0.007418  0.096316  -0.008782  0.996883  0.063647  0.046612  -0.054852  0.134545  0.989388  0.056700  -0.988861  0.137617  -0.000090  -0.000847  -0.002083  -0.472453  -0.434912  0.003241  2.000000  
82.946431 0.007419  0.096315  -0.008783  0.996864  0.063835  0.046758  -0.055056  0.135124  0.989298  0.056834  -0.988770  0.138215  0.000031  -0.000903  -0.002108  -0.485302  -0.423627  0.010588  2.000000  
82.947677 0.007420  0.096313  -0.008785  0.996834  0.064063  0.047093  -0.055466  0.135931  0.989164  0.056967  -0.988645  0.139054  0.000141  -0.000983  -0.002111  -0.501550  -0.418985  0.019573  2.000000  
82.948677 0.007420  0.096311  -0.008786  0.996823  0.064120  0.047258  -0.055672  0.136517  0.989072  0.056967  -0.988560  0.139653  0.000296  -0.001013  -0.002117  -0.510644  -0.407576  0.027058  2.000000  
82.949927 0.007421  0.096309  -0.008788  0.996792  0.064348  0.047592  -0.056082  0.137323  0.988937  0.057101  -0.988434  0.140492  0.000487  -0.001021  -0.002057  -0.524112  -0.404177  0.036025  2.000000  
82.950927 0.007422  0.096308  -0.008789  0.996780  0.064411  0.047748  -0.056287  0.138030  0.988827  0.057101  -0.988331  0.141211  0.000636  -0.000977  -0.001945  -0.535948  -0.392070  0.039085  2.000000  
82.951927 0.007423  0.096307  -0.008791  0.996769  0.064469  0.047913  -0.056492  0.138616  0.988734  0.057101  -0.988246  0.141810  0.000767  -0.000964  -0.001890  -0.544790  -0.384792  0.042829  2.000000  
82.953251 0.007425  0.096306  -0.008792  0.996757  0.064538  0.048062  -0.056697  0.139442  0.988606  0.057101  -0.988125  0.142649  0.000907  -0.000935  -0.001724  -0.556195  -0.369367  0.045553  2.000000  
82.954426 0.007427  0.096306  -0.008793  0.996726  0.064763  0.048402  -0.057107  0.140128  0.988485  0.057235  -0.988013  0.143367  0.001027  -0.000867  -0.001559  -0.561452  -0.359823  0.049008  2.000000  
82.955428 0.007429  0.096307  -0.008794  0.996707  0.064959  0.048540  -0.057312  0.140826  0.988374  0.057368  -0.987901  0.144085  0.001102  -0.000799  -0.001416  -0.570288  -0.352015  0.057171  2.000000  
82.956672 0.007432  0.096308  -0.008794  0.996687  0.065161  0.048668  -0.057517  0.141644  0.988245  0.057502  -0.987771  0.144923  0.001188  -0.000690  -0.001232  -0.579196  -0.330174  0.063428  2.000000  
82.957673 0.007434  0.096309  -0.008794  0.996675  0.065226  0.048824  -0.057722  0.142350  0.988132  0.057502  -0.987665  0.145642  0.001232  -0.000574  -0.001075  -0.587721  -0.323373  0.062695  2.000000  
82.958675 0.007436  0.096309  -0.008794  0.996656  0.065423  0.048961  -0.057927  0.143048  0.988019  0.057635  -0.987551  0.146359  0.001307  -0.000489  -0.000924  -0.596151  -0.315294  0.070780  2.000000  
82.959930 0.007437  0.096309  -0.008794  0.996632  0.065524  0.049312  -0.058337  0.143860  0.987877  0.057635  -0.987426  0.147198  0.001333  -0.000422  -0.000833  -0.606169  -0.304271  0.069731  2.000000  
82.960932 0.007438  0.096309  -0.008794  0.996612  0.065721  0.049448  -0.058542  0.144558  0.987763  0.057769  -0.987311  0.147915  0.001279  -0.000426  -0.000771  -0.610340  -0.295983  0.077845  2.000000  
82.962202 0.007438  0.096307  -0.008794  0.996592  0.065925  0.049576  -0.058746  0.145375  0.987631  0.057902  -0.987178  0.148752  0.001258  -0.000386  -0.000607  -0.618852  -0.281430  0.080530  2.000000  
82.963431 0.007438  0.096306  -0.008793  0.996568  0.066027  0.049926  -0.059157  0.146186  0.987487  0.057902  -0.987051  0.149590  0.001189  -0.000349  -0.000440  -0.627870  -0.274106  0.084277  2.000000  
82.964678 0.007438  0.096305  -0.008791  0.996548  0.066232  0.050053  -0.059361  0.147003  0.987353  0.058036  -0.986916  0.150427  0.001146  -0.000304  -0.000207  -0.636467  -0.266598  0.087962  2.000000  
82.965927 0.007438  0.096304  -0.008789  0.996516  0.066467  0.050383  -0.059771  0.147806  0.987209  0.058170  -0.986780  0.151264  0.001054  -0.000282  0.000006  -0.640973  -0.259071  0.091651  2.000000  
82.967180 0.007438  0.096303  -0.008786  0.996496  0.066672  0.050510  -0.059976  0.148623  0.987074  0.058303  -0.986644  0.152101  0.000976  -0.000230  0.000341  -0.645128  -0.252047  0.090830  2.000000  
82.968427 0.007438  0.096302  -0.008784  0.996476  0.066883  0.050628  -0.060181  0.149559  0.986920  0.058437  -0.986488  0.153057  0.000833  -0.000269  0.000589  -0.653816  -0.244548  0.094525  2.000000  
82.969427 0.007438  0.096302  -0.008783  0.996443  0.067114  0.050965  -0.060590  0.150241  0.986791  0.058570  -0.986369  0.153773  0.000720  -0.000335  0.000735  -0.657942  -0.243861  0.099147  2.000000  
82.970673 0.007438  0.096301  -0.008782  0.996423  0.067320  0.051090  -0.060795  0.151057  0.986654  0.058704  -0.986230  0.154610  0.000571  -0.000404  0.000801  -0.661082  -0.233736  0.106353  2.000000  
82.971675 0.007439  0.096301  -0.008781  0.996410  0.067388  0.051244  -0.061000  0.151762  0.986533  0.058704  -0.986117  0.155327  0.000459  -0.000532  0.000913  -0.662848  -0.228742  0.106408  2.000000  
82.972927 0.007439  0.096299  -0.008780  0.996377  0.067633  0.051564  -0.061410  0.152683  0.986365  0.058837  -0.985958  0.156283  0.000279  -0.000691  0.000925  -0.670972  -0.227987  0.111049  2.000000  
82.974173 0.007439  0.096298  -0.008779  0.996356  0.067840  0.051689  -0.061615  0.153498  0.986226  0.058971  -0.985817  0.157119  0.000146  -0.000776  0.000998  -0.669591  -0.225404  0.114744  2.000000  
82.975176 0.007438  0.096296  -0.008778  0.996344  0.067909  0.051842  -0.061820  0.154202  0.986103  0.058971  -0.985703  0.157836  0.000048  -0.000859  0.001124  -0.673900  -0.219171  0.109450  2.000000  
82.976427 0.007437  0.096294  -0.008776  0.996310  0.068148  0.052170  -0.062230  0.155003  0.985952  0.059105  -0.985561  0.158672  -0.000031  -0.000940  0.001189  -0.677552  -0.225871  0.110648  2.000000  
82.977676 0.007436  0.096291  -0.008774  0.996290  0.068356  0.052293  -0.062434  0.155818  0.985811  0.059238  -0.985418  0.159507  -0.000150  -0.001059  0.001285  -0.677865  -0.218983  0.109806  2.000000  
82.978677 0.007435  0.096289  -0.008773  0.996269  0.068552  0.052433  -0.062639  0.156393  0.985707  0.059372  -0.985313  0.160104  -0.000226  -0.001133  0.001303  -0.677831  -0.218240  0.114345  2.000000  
82.979680 0.007434  0.096286  -0.008771  0.996256  0.068616  0.052595  -0.062844  0.156977  0.985601  0.059372  -0.985216  0.160701  -0.000271  -0.001256  0.001323  -0.675688  -0.213815  0.109966  2.000000  
82.980924 0.007433  0.096283  -0.008770  0.996235  0.068825  0.052718  -0.063048  0.157791  0.985458  0.059505  -0.985071  0.161537  -0.000350  -0.001364  0.001294  -0.674211  -0.211310  0.113646  2.000000  
82.981927 0.007433  0.096281  -0.008768  0.996214  0.069027  0.052849  -0.063253  0.158486  0.985333  0.059639  -0.984945  0.162252  -0.000350  -0.001441  0.001257  -0.678192  -0.210539  0.118187  2.000000  
82.983182 0.007432  0.096279  -0.008767  0.996180  0.069269  0.053174  -0.063663  0.159286  0.985178  0.059772  -0.984799  0.163087  -0.000412  -0.001580  0.001154  -0.679325  -0.217020  0.124105  2.000000  
82.984426 0.007432  0.096276  -0.008767  0.996167  0.069341  0.053326  -0.063868  0.159988  0.985051  0.059772  -0.984680  0.163804  -0.000405  -0.001708  0.001063  -0.678153  -0.210348  0.118517  2.000000  
82.985675 0.007433  0.096274  -0.008765  0.996132  0.069583  0.053651  -0.064277  0.160788  0.984894  0.059906  -0.984533  0.164638  -0.000415  -0.001836  0.001089  -0.677792  -0.217037  0.119767  2.000000  
82.986677 0.007433  0.096272  -0.008765  0.996111  0.069787  0.053781  -0.064482  0.161482  0.984767  0.060039  -0.984405  0.165354  -0.000417  -0.001935  0.001096  -0.675134  -0.218702  0.120929  2.000000  
82.987684 0.007434  0.096270  -0.008763  0.996098  0.069853  0.053941  -0.064687  0.162064  0.984658  0.060039  -0.984305  0.165951  -0.000369  -0.001953  0.001136  -0.670938  -0.218582  0.121054  2.000000  
82.988927 0.007434  0.096268  -0.008762  0.996076  0.070057  0.054071  -0.064892  0.162758  0.984530  0.060173  -0.984176  0.166666  -0.000320  -0.002050  0.001139  -0.669566  -0.216747  0.120227  2.000000  
82.989927 0.007435  0.096266  -0.008761  0.996055  0.070255  0.054209  -0.065096  0.163332  0.984421  0.060307  -0.984066  0.167261  -0.000247  -0.002074  0.001108  -0.665970  -0.209216  0.123707  2.000000  
82.990928 0.007434  0.096263  -0.008761  0.996042  0.070322  0.054369  -0.065301  0.163915  0.984311  0.060307  -0.983965  0.167858  -0.000204  -0.002126  0.001056  -0.662013  -0.209870  0.119461  2.000000  
82.992189 0.007434  0.096260  -0.008760  0.996020  0.070527  0.054498  -0.065506  0.164608  0.984182  0.060440  -0.983834  0.168573  -0.000127  -0.002128  0.000979  -0.658064  -0.209814  0.119649  2.000000  
82.993425 0.007434  0.096257  -0.008760  0.995993  0.070634  0.054852  -0.065916  0.165295  0.984039  0.060440  -0.983712  0.169288  -0.000050  -0.002175  0.000853  -0.653853  -0.209666  0.119784  2.000000  
82.994432 0.007435  0.096255  -0.008760  0.995971  0.070833  0.054989  -0.066120  0.165868  0.983929  0.060574  -0.983601  0.169884  0.000050  -0.002141  0.000757  -0.650956  -0.211272  0.120906  2.000000  
82.995677 0.007435  0.096252  -0.008760  0.995958  0.070907  0.055140  -0.066325  0.166570  0.983796  0.060574  -0.983477  0.170599  0.000138  -0.002147  0.000646  -0.645610  -0.210172  0.115666  2.000000  
82.996678 0.007435  0.096250  -0.008761  0.995936  0.071100  0.055285  -0.066530  0.167024  0.983706  0.060707  -0.983386  0.171075  0.000166  -0.002133  0.000530  -0.639157  -0.205033  0.115656  2.000000  
82.997927 0.007436  0.096247  -0.008761  0.995922  0.071174  0.055436  -0.066735  0.167725  0.983572  0.060707  -0.983261  0.171791  0.000243  -0.002137  0.000454  -0.635069  -0.205673  0.111381  2.000000  
82.998927 0.007436  0.096246  -0.008761  0.995900  0.071367  0.055581  -0.066939  0.168179  0.983481  0.060841  -0.983170  0.172267  0.000276  -0.002087  0.000429  -0.627010  -0.205645  0.111527  2.000000  
82.999928 0.007437  0.096244  -0.008760  0.995878  0.071567  0.055717  -0.067144  0.168752  0.983369  0.060974  -0.983057  0.172861  0.000279  -0.002066  0.000384  -0.623155  -0.197961  0.114937  2.000000  
83.001184 0.007438  0.096243  -0.008759  0.995865  0.071642  0.055867  -0.067349  0.169453  0.983234  0.060974  -0.982931  0.173577  0.000352  -0.002022  0.000438  -0.618987  -0.198585  0.110644  2.000000  
83.002202 0.007439  0.096241  -0.008758  0.995843  0.071836  0.056011  -0.067553  0.169906  0.983142  0.061108  -0.982839  0.174052  0.000342  -0.001985  0.000380  -0.606306  -0.198370  0.110698  2.000000  
83.003281 0.007439  0.096239  -0.008758  0.995829  0.071905  0.056170  -0.067758  0.170487  0.983027  0.061108  -0.982733  0.174648  0.000322  -0.002005  0.000322  -0.600599  -0.197759  0.110530  2.000000  
83.004429 0.007439  0.096237  -0.008758  0.995815  0.071974  0.056329  -0.067963  0.171069  0.982912  0.061108  -0.982627  0.175244  0.000319  -0.001975  0.000270  -0.594904  -0.192294  0.105468  2.000000  
83.005674 0.007439  0.096234  -0.008757  0.995792  0.072181  0.056455  -0.068168  0.171760  0.982777  0.061241  -0.982491  0.175958  0.000322  -0.001955  0.000225  -0.590130  -0.190682  0.104765  2.000000  
83.006677 0.007439  0.096232  -0.008758  0.995778  0.072244  0.056623  -0.068373  0.172222  0.982682  0.061241  -0.982405  0.176435  0.000295  -0.001963  0.000159  -0.582753  -0.192180  0.105755  2.000000  
83.007922 0.007439  0.096229  -0.008758  0.995756  0.072452  0.056749  -0.068577  0.172913  0.982547  0.061375  -0.982269  0.177148  0.000290  -0.001931  0.000156  -0.582087  -0.190564  0.105032  2.000000  
83.008925 0.007438  0.096227  -0.008758  0.995742  0.072515  0.056916  -0.068782  0.173375  0.982451  0.061375  -0.982183  0.177625  0.000246  -0.001867  0.000156  -0.577945  -0.191233  0.100724  2.000000  
83.009950 0.007438  0.096225  -0.008757  0.995720  0.072703  0.057068  -0.068987  0.173709  0.982378  0.061509  -0.982110  0.177981  0.000181  -0.001865  0.000197  -0.566739  -0.185922  0.100489  2.000000  
83.011180 0.007437  0.096223  -0.008758  0.995711  0.072869  0.057000  -0.068986  0.174295  0.982274  0.061642  -0.981994  0.178575  0.000120  -0.001845  0.000192  -0.559005  -0.179050  0.099451  2.000000  
83.012192 0.007436  0.096221  -0.008758  0.995697  0.072925  0.057176  -0.069191  0.174638  0.982199  0.061642  -0.981929  0.178932  0.000029  -0.001851  0.000167  -0.546571  -0.178929  0.099511  2.000000  
83.013429 0.007435  0.096218  -0.008759  0.995683  0.072996  0.057334  -0.069396  0.175218  0.982081  0.061642  -0.981820  0.179528  -0.000053  -0.001883  0.000151  -0.542685  -0.179701  0.095237  2.000000  
83.014678 0.007434  0.096216  -0.008759  0.995660  0.073191  0.057476  -0.069600  0.175671  0.981986  0.061776  -0.981724  0.180002  -0.000162  -0.001923  0.000070  -0.530124  -0.178169  0.094565  2.000000  
83.015928 0.007433  0.096213  -0.008760  0.995660  0.073219  0.057441  -0.069600  0.176147  0.981900  0.061776  -0.981637  0.180479  -0.000341  -0.001997  -0.000063  -0.522854  -0.164612  0.092300  2.000000  
83.017182 0.007432  0.096210  -0.008760  0.995638  0.073414  0.057583  -0.069805  0.176599  0.981804  0.061909  -0.981541  0.180953  -0.000455  -0.002078  -0.000144  -0.510830  -0.165898  0.093181  2.000000  
83.018188 0.007431  0.096208  -0.008761  0.995638  0.073442  0.057548  -0.069805  0.177075  0.981719  0.061909  -0.981453  0.181430  -0.000536  -0.002098  -0.000205  -0.507428  -0.152981  0.086410  2.000000  
83.019428 0.007429  0.096205  -0.008762  0.995623  0.073507  0.057714  -0.070010  0.177537  0.981621  0.061909  -0.981365  0.181906  -0.000682  -0.002149  -0.000270  -0.495344  -0.152967  0.086537  2.000000  
83.020673 0.007427  0.096201  -0.008761  0.995615  0.073658  0.057663  -0.070009  0.177885  0.981558  0.062043  -0.981291  0.182261  -0.000813  -0.002182  -0.000280  -0.483676  -0.146168  0.085437  2.000000  
83.021675 0.007425  0.096199  -0.008762  0.995601  0.073716  0.057838  -0.070214  0.178227  0.981481  0.062043  -0.981224  0.182618  -0.000915  -0.002187  -0.000270  -0.475534  -0.145680  0.080386  2.000000  
83.022928 0.007423  0.096196  -0.008762  0.995601  0.073744  0.057802  -0.070214  0.178703  0.981395  0.062043  -0.981136  0.183095  -0.001044  -0.002205  -0.000274  -0.467869  -0.138890  0.079266  2.000000  
83.024174 0.007420  0.096192  -0.008763  0.995592  0.073896  0.057751  -0.070214  0.179051  0.981331  0.062176  -0.981061  0.183450  -0.001158  -0.002279  -0.000316  -0.456216  -0.132125  0.078142  2.000000  
83.025181 0.007418  0.096190  -0.008763  0.995592  0.073917  0.057724  -0.070214  0.179408  0.981266  0.062176  -0.980994  0.183807  -0.001269  -0.002338  -0.000352  -0.452645  -0.125364  0.076992  2.000000  
83.026428 0.007416  0.096186  -0.008764  0.995578  0.073975  0.057899  -0.070419  0.179750  0.981189  0.062176  -0.980927  0.184164  -0.001421  -0.002390  -0.000414  -0.440822  -0.119345  0.071435  2.000000  
83.027681 0.007413  0.096183  -0.008766  0.995570  0.074127  0.057848  -0.070418  0.180097  0.981125  0.062310  -0.980852  0.184519  -0.001581  -0.002508  -0.000527  -0.428536  -0.112679  0.075283  2.000000  
83.028927 0.007409  0.096179  -0.008768  0.995570  0.074148  0.057821  -0.070418  0.180454  0.981059  0.062310  -0.980785  0.184876  -0.001764  -0.002603  -0.000615  -0.416804  -0.106668  0.069698  2.000000  
83.030183 0.007406  0.096174  -0.008770  0.995570  0.074162  0.057803  -0.070418  0.180692  0.981016  0.062310  -0.980740  0.185114  -0.001884  -0.002716  -0.000698  -0.404894  -0.100626  0.064063  2.000000  
83.031184 0.007403  0.096172  -0.008771  0.995570  0.074176  0.057785  -0.070418  0.180930  0.980972  0.062310  -0.980695  0.185352  -0.002005  -0.002751  -0.000744  -0.393058  -0.093798  0.062859  2.000000  
83.032192 0.007401  0.096168  -0.008772  0.995570  0.074190  0.057767  -0.070418  0.181168  0.980928  0.062310  -0.980650  0.185590  -0.002116  -0.002809  -0.000780  -0.386395  -0.087119  0.056778  2.000000  
83.033431 0.007397  0.096164  -0.008773  0.995561  0.074342  0.057715  -0.070417  0.181516  0.980864  0.062443  -0.980574  0.185945  -0.002243  -0.002868  -0.000781  -0.374228  -0.073422  0.059244  2.000000  
83.034676 0.007394  0.096160  -0.008775  0.995561  0.074356  0.057697  -0.070417  0.181754  0.980819  0.062443  -0.980529  0.186183  -0.002341  -0.002912  -0.000899  -0.358180  -0.067384  0.053579  2.000000  
83.035927 0.007390  0.096157  -0.008776  0.995561  0.074370  0.057679  -0.070417  0.181992  0.980775  0.062443  -0.980484  0.186421  -0.002451  -0.002951  -0.000981  -0.346348  -0.060564  0.052349  2.000000  
83.037180 0.007386  0.096152  -0.008778  0.995561  0.074384  0.057661  -0.070417  0.182230  0.980731  0.062443  -0.980438  0.186659  -0.002548  -0.003047  -0.001102  -0.330435  -0.054562  0.046694  2.000000  
83.038429 0.007382  0.096149  -0.008780  0.995561  0.074398  0.057643  -0.070417  0.182468  0.980687  0.062443  -0.980393  0.186897  -0.002634  -0.003056  -0.001205  -0.318674  -0.047758  0.045462  2.000000  
83.039675 0.007378  0.096144  -0.008782  0.995561  0.074405  0.057634  -0.070417  0.182587  0.980665  0.062443  -0.980370  0.187016  -0.002747  -0.003116  -0.001241  -0.307124  -0.041811  0.039825  2.000000  
83.040928 0.007374  0.096140  -0.008784  0.995553  0.074550  0.057591  -0.070417  0.182815  0.980622  0.062577  -0.980317  0.187252  -0.002856  -0.003154  -0.001322  -0.296419  -0.040623  0.043889  2.000000  
83.042192 0.007370  0.096136  -0.008786  0.995553  0.074557  0.057582  -0.070417  0.182934  0.980600  0.062577  -0.980294  0.187371  -0.002922  -0.003184  -0.001372  -0.282667  -0.034937  0.038533  2.000000  
83.043425 0.007366  0.096133  -0.008787  0.995553  0.074571  0.057564  -0.070417  0.183172  0.980556  0.062577  -0.980249  0.187609  -0.002960  -0.003167  -0.001367  -0.272850  -0.027924  0.036991  2.000000  
83.044429 0.007362  0.096129  -0.008788  0.995553  0.074578  0.057555  -0.070417  0.183291  0.980533  0.062577  -0.980226  0.187728  -0.003073  -0.003219  -0.001349  -0.263283  -0.022181  0.031611  2.000000  
83.045429 0.007359  0.096126  -0.008790  0.995545  0.074716  0.057520  -0.070416  0.183401  0.980513  0.062710  -0.980195  0.187845  -0.003072  -0.003218  -0.001348  -0.255118  -0.021343  0.036035  2.000000  
83.046430 0.007356  0.096122  -0.008791  0.995545  0.074723  0.057511  -0.070416  0.183520  0.980491  0.062710  -0.980172  0.187964  -0.003111  -0.003222  -0.001378  -0.243300  -0.014544  0.034762  2.000000  
83.047677 0.007352  0.096119  -0.008794  0.995545  0.074730  0.057502  -0.070416  0.183639  0.980468  0.062710  -0.980149  0.188083  -0.003138  -0.003180  -0.001415  -0.231097  -0.015368  0.030352  2.000000  
83.048678 0.007349  0.096115  -0.008795  0.995545  0.074737  0.057493  -0.070416  0.183758  0.980446  0.062710  -0.980126  0.188202  -0.003191  -0.003233  -0.001439  -0.223377  -0.008574  0.029076  2.000000  
83.049926 0.007345  0.096112  -0.008798  0.995530  0.074781  0.057686  -0.070621  0.183861  0.980412  0.062710  -0.980103  0.188320  -0.003204  -0.003193  -0.001510  -0.213038  -0.015228  0.030111  2.000000  
83.050927 0.007342  0.096109  -0.008800  0.995530  0.074781  0.057686  -0.070621  0.183861  0.980412  0.062710  -0.980103  0.188320  -0.003204  -0.003145  -0.001549  -0.198965  -0.009397  0.024667  2.000000  
83.051927 0.007339  0.096106  -0.008802  0.995530  0.074788  0.057677  -0.070621  0.183980  0.980390  0.062710  -0.980081  0.188439  -0.003201  -0.003124  -0.001594  -0.193222  -0.009313  0.024458  2.000000  
83.053173 0.007335  0.096103  -0.008804  0.995522  0.074919  0.057652  -0.070621  0.183971  0.980392  0.062844  -0.980072  0.188438  -0.003174  -0.003079  -0.001632  -0.177055  -0.008477  0.028844  2.000000  
83.054179 0.007332  0.096100  -0.008806  0.995522  0.074926  0.057643  -0.070621  0.184090  0.980369  0.062844  -0.980050  0.188557  -0.003194  -0.003082  -0.001683  -0.170365  -0.009378  0.024666  2.000000  
83.055180 0.007329  0.096097  -0.008808  0.995522  0.074926  0.057643  -0.070621  0.184090  0.980369  0.062844  -0.980050  0.188557  -0.003159  -0.003031  -0.001707  0.000000  0.000000  0.000000  2.000000  
83.056425 0.007326  0.096094  -0.008811  0.995522  0.074926  0.057643  -0.070621  0.184090  0.980369  0.062844  -0.980050  0.188557  -0.003144  -0.003030  -0.001745  0.000000  0.000000  0.000000  2.000000  
83.057673 0.007322  0.096090  -0.008813  0.995499  0.075095  0.057819  -0.070825  0.184065  0.980359  0.062977  -0.980041  0.188555  -0.003081  -0.002967  -0.001793  0.000000  0.000000  0.000000  2.000000  
83.058673 0.007320  0.096087  -0.008816  0.995499  0.075095  0.057819  -0.070825  0.184065  0.980359  0.062977  -0.980041  0.188555  -0.003045  -0.002975  -0.001898  0.000000  0.000000  0.000000  2.000000  
83.059678 0.007317  0.096084  -0.008817  0.995499  0.075102  0.057810  -0.070825  0.184184  0.980337  0.062977  -0.980018  0.188674  -0.003004  -0.002951  -0.001913  0.000000  0.000000  0.000000  2.000000  
83.060929 0.007314  0.096081  -0.008820  0.995499  0.075102  0.057810  -0.070825  0.184184  0.980337  0.062977  -0.980018  0.188674  -0.002934  -0.002897  -0.001998  0.000000  0.000000  0.000000  2.000000  
83.061930 0.007311  0.096078  -0.008823  0.995484  0.075140  0.058012  -0.071030  0.184168  0.980325  0.062977  -0.980018  0.188674  -0.002868  -0.002878  -0.002084  0.000000  0.000000  0.000000  2.000000  
83.063182 0.007308  0.096074  -0.008826  0.995476  0.075271  0.057987  -0.071029  0.184159  0.980327  0.063111  -0.980010  0.188672  -0.002821  -0.002830  -0.002143  0.000000  0.000000  0.000000  2.000000  
83.064427 0.007305  0.096072  -0.008830  0.995476  0.075264  0.057996  -0.071029  0.184040  0.980349  0.063111  -0.980033  0.188553  -0.002749  -0.002770  -0.002223  0.000000  0.000000  0.000000  2.000000  
83.065431 0.007303  0.096069  -0.008832  0.995476  0.075264  0.057996  -0.071029  0.184040  0.980349  0.063111  -0.980033  0.188553  -0.002708  -0.002745  -0.002238  0.000000  0.000000  0.000000  2.000000  
83.066677 0.007300  0.096066  -0.008836  0.995461  0.075302  0.058198  -0.071234  0.184025  0.980337  0.063111  -0.980033  0.188553  -0.002633  -0.002689  -0.002328  0.000000  0.000000  0.000000  2.000000  
83.067677 0.007298  0.096065  -0.008838  0.995453  0.075432  0.058173  -0.071234  0.184015  0.980339  0.063245  -0.980025  0.188552  -0.002586  -0.002624  -0.002333  0.000000  0.000000  0.000000  2.000000  
83.068927 0.007295  0.096062  -0.008842  0.995453  0.075425  0.058182  -0.071234  0.183896  0.980361  0.063245  -0.980048  0.188433  -0.002502  -0.002591  -0.002417  0.000000  0.000000  0.000000  2.000000  
83.070174 0.007292  0.096059  -0.008846  0.995453  0.075425  0.058182  -0.071234  0.183896  0.980361  0.063245  -0.980048  0.188433  -0.002464  -0.002561  -0.002512  0.000000  0.000000  0.000000  2.000000  
83.071182 0.007290  0.096057  -0.008849  0.995438  0.075463  0.058384  -0.071439  0.183881  0.980349  0.063245  -0.980048  0.188433  -0.002436  -0.002504  -0.002601  0.000000  0.000000  0.000000  2.000000  
83.072190 0.007288  0.096054  -0.008852  0.995438  0.075456  0.058393  -0.071439  0.183762  0.980371  0.063245  -0.980070  0.188314  -0.002411  -0.002508  -0.002670  0.000000  0.000000  0.000000  2.000000  
83.073426 0.007285  0.096051  -0.008856  0.995438  0.075456  0.058393  -0.071439  0.183762  0.980371  0.063245  -0.980070  0.188314  -0.002377  -0.002439  -0.002729  0.000000  0.000000  0.000000  2.000000  
83.074673 0.007282  0.096048  -0.008859  0.995438  0.075449  0.058402  -0.071439  0.183643  0.980394  0.063245  -0.980093  0.188195  -0.002343  -0.002434  -0.002788  0.000000  0.000000  0.000000  2.000000  
83.075928 0.007279  0.096045  -0.008863  0.995438  0.075449  0.058402  -0.071439  0.183643  0.980394  0.063245  -0.980093  0.188195  -0.002298  -0.002388  -0.002846  0.000000  0.000000  0.000000  2.000000  
83.077180 0.007277  0.096042  -0.008866  0.995415  0.075610  0.058588  -0.071643  0.183499  0.980406  0.063378  -0.980108  0.188075  -0.002249  -0.002310  -0.002817  0.000000  0.000000  0.000000  2.000000  
83.078188 0.007274  0.096040  -0.008869  0.995415  0.075610  0.058588  -0.071643  0.183499  0.980406  0.063378  -0.980108  0.188075  -0.002253  -0.002317  -0.002839  0.000000  0.000000  0.000000  2.000000  
83.079427 0.007272  0.096038  -0.008872  0.995415  0.075603  0.058597  -0.071643  0.183380  0.980428  0.063378  -0.980131  0.187956  -0.002205  -0.002282  -0.002829  0.000000  0.000000  0.000000  2.000000  
83.080430 0.007270  0.096035  -0.008875  0.995415  0.075603  0.058597  -0.071643  0.183380  0.980428  0.063378  -0.980131  0.187956  -0.002163  -0.002257  -0.002843  0.000000  0.000000  0.000000  2.000000  
83.081677 0.007268  0.096033  -0.008879  0.995415  0.075596  0.058606  -0.071643  0.183261  0.980450  0.063378  -0.980153  0.187837  -0.002139  -0.002238  -0.002850  0.000000  0.000000  0.000000  2.000000  
83.082927 0.007266  0.096030  -0.008882  0.995408  0.075496  0.058842  -0.071848  0.183136  0.980459  0.063245  -0.980184  0.187720  -0.002083  -0.002226  -0.002828  0.000000  0.000000  0.000000  2.000000  
83.083927 0.007263  0.096028  -0.008885  0.995408  0.075496  0.058842  -0.071848  0.183136  0.980459  0.063245  -0.980184  0.187720  -0.002113  -0.002254  -0.002848  0.000000  0.000000  0.000000  2.000000  
83.085180 0.007261  0.096025  -0.008888  0.995408  0.075489  0.058851  -0.071848  0.183017  0.980481  0.063245  -0.980207  0.187601  -0.002047  -0.002229  -0.002823  0.000000  0.000000  0.000000  2.000000  
83.086184 0.007259  0.096023  -0.008891  0.995408  0.075489  0.058851  -0.071848  0.183017  0.980481  0.063245  -0.980207  0.187601  -0.002038  -0.002252  -0.002813  0.000000  0.000000  0.000000  2.000000  
83.087425 0.007257  0.096020  -0.008894  0.995408  0.075482  0.058861  -0.071848  0.182898  0.980503  0.063245  -0.980230  0.187482  -0.002021  -0.002222  -0.002759  0.000000  0.000000  0.000000  2.000000  
83.088429 0.007255  0.096018  -0.008897  0.995408  0.075475  0.058870  -0.071848  0.182779  0.980525  0.063245  -0.980253  0.187363  -0.001981  -0.002216  -0.002727  0.000000  0.000000  0.000000  2.000000  
83.089678 0.007252  0.096015  -0.008899  0.995408  0.075475  0.058870  -0.071848  0.182779  0.980525  0.063245  -0.980253  0.187363  -0.001975  -0.002182  -0.002635  0.000000  0.000000  0.000000  2.000000  
83.090928 0.007250  0.096013  -0.008902  0.995408  0.075467  0.058879  -0.071848  0.182660  0.980547  0.063245  -0.980275  0.187244  -0.001943  -0.002146  -0.002592  0.000000  0.000000  0.000000  2.000000  
83.091928 0.007249  0.096011  -0.008904  0.995408  0.075467  0.058879  -0.071848  0.182660  0.980547  0.063245  -0.980275  0.187244  -0.001907  -0.002149  -0.002585  0.000000  0.000000  0.000000  2.000000  
83.093182 0.007247  0.096009  -0.008907  0.995394  0.075498  0.059090  -0.072053  0.182526  0.980557  0.063245  -0.980298  0.187125  -0.001845  -0.002085  -0.002522  0.000000  0.000000  0.000000  2.000000  
83.094183 0.007245  0.096006  -0.008909  0.995394  0.075498  0.059090  -0.072053  0.182526  0.980557  0.063245  -0.980298  0.187125  -0.001860  -0.002108  -0.002462  0.000000  0.000000  0.000000  2.000000  
83.095427 0.007243  0.096004  -0.008911  0.995394  0.075491  0.059099  -0.072053  0.182407  0.980579  0.063245  -0.980321  0.187006  -0.001831  -0.002074  -0.002422  0.000000  0.000000  0.000000  2.000000  
83.096431 0.007241  0.096003  -0.008913  0.995394  0.075491  0.059099  -0.072053  0.182407  0.980579  0.063245  -0.980321  0.187006  -0.001825  -0.002046  -0.002349  0.000000  0.000000  0.000000  2.000000  
83.097677 0.007239  0.096001  -0.008915  0.995394  0.075484  0.059108  -0.072053  0.182288  0.980602  0.063245  -0.980343  0.186887  -0.001819  -0.002012  -0.002258  0.000000  0.000000  0.000000  2.000000  
83.098927 0.007237  0.095999  -0.008917  0.995394  0.075484  0.059108  -0.072053  0.182288  0.980602  0.063245  -0.980343  0.186887  -0.001771  -0.001947  -0.002165  0.000000  0.000000  0.000000  2.000000  
83.099928 0.007235  0.095997  -0.008919  0.995394  0.075484  0.059108  -0.072053  0.182288  0.980602  0.063245  -0.980343  0.186887  -0.001766  -0.001918  -0.002089  0.000000  0.000000  0.000000  2.000000  
83.101183 0.007233  0.095995  -0.008921  0.995394  0.075476  0.059117  -0.072053  0.182169  0.980624  0.063245  -0.980366  0.186768  -0.001760  -0.001880  -0.001985  0.000000  0.000000  0.000000  2.000000  
83.102192 0.007231  0.095993  -0.008922  0.995394  0.075476  0.059117  -0.072053  0.182169  0.980624  0.063245  -0.980366  0.186768  -0.001709  -0.001821  -0.001918  0.000000  0.000000  0.000000  2.000000  
83.103236 0.007230  0.095992  -0.008924  0.995394  0.075476  0.059117  -0.072053  0.182169  0.980624  0.063245  -0.980366  0.186768  -0.001657  -0.001757  -0.001836  0.000000  0.000000  0.000000  2.000000  
83.104425 0.007228  0.095990  -0.008925  0.995394  0.075469  0.059127  -0.072053  0.182050  0.980646  0.063245  -0.980389  0.186649  -0.001645  -0.001732  -0.001787  0.000000  0.000000  0.000000  2.000000  
83.105426 0.007227  0.095988  -0.008927  0.995394  0.075469  0.059127  -0.072053  0.182050  0.980646  0.063245  -0.980389  0.186649  -0.001596  -0.001672  -0.001710  0.000000  0.000000  0.000000  2.000000  
83.106673 0.007225  0.095987  -0.008928  0.995394  0.075469  0.059127  -0.072053  0.182050  0.980646  0.063245  -0.980389  0.186649  -0.001600  -0.001615  -0.001628  0.000000  0.000000  0.000000  2.000000  
83.107928 0.007223  0.095985  -0.008930  0.995394  0.075469  0.059127  -0.072053  0.182050  0.980646  0.063245  -0.980389  0.186649  -0.001582  -0.001583  -0.001572  0.000000  0.000000  0.000000  2.000000  
83.109177 0.007222  0.095984  -0.008931  0.995394  0.075462  0.059136  -0.072053  0.181931  0.980668  0.063245  -0.980411  0.186531  -0.001509  -0.001498  -0.001470  0.000000  0.000000  0.000000  2.000000  
83.110180 0.007221  0.095983  -0.008932  0.995394  0.075462  0.059136  -0.072053  0.181931  0.980668  0.063245  -0.980411  0.186531  -0.001478  -0.001470  -0.001449  0.000000  0.000000  0.000000  2.000000  
83.111184 0.007220  0.095982  -0.008933  0.995394  0.075462  0.059136  -0.072053  0.181931  0.980668  0.063245  -0.980411  0.186531  -0.001427  -0.001426  -0.001330  0.000000  0.000000  0.000000  2.000000  
83.112244 0.007219  0.095981  -0.008933  0.995394  0.075462  0.059136  -0.072053  0.181931  0.980668  0.063245  -0.980411  0.186531  -0.001385  -0.001357  -0.001213  0.000000  0.000000  0.000000  2.000000  
83.113431 0.007218  0.095979  -0.008934  0.995394  0.075462  0.059136  -0.072053  0.181931  0.980668  0.063245  -0.980411  0.186531  -0.001334  -0.001327  -0.001131  0.000000  0.000000  0.000000  2.000000  
83.114678 0.007216  0.095978  -0.008934  0.995394  0.075462  0.059136  -0.072053  0.181931  0.980668  0.063245  -0.980411  0.186531  -0.001298  -0.001264  -0.001019  0.000000  0.000000  0.000000  2.000000  
83.115928 0.007215  0.095977  -0.008935  0.995394  0.075462  0.059136  -0.072053  0.181931  0.980668  0.063245  -0.980411  0.186531  -0.001208  -0.001210  -0.000952  0.000000  0.000000  0.000000  2.000000  
83.116928 0.007214  0.095976  -0.008935  0.995394  0.075462  0.059136  -0.072053  0.181931  0.980668  0.063245  -0.980411  0.186531  -0.001163  -0.001141  -0.000835  0.000000  0.000000  0.000000  2.000000  
83.118183 0.007214  0.095976  -0.008935  0.995394  0.075462  0.059136  -0.072053  0.181931  0.980668  0.063245  -0.980411  0.186531  -0.001099  -0.001065  -0.000748  0.000000  0.000000  0.000000  2.000000  
83.119428 0.007213  0.095975  -0.008935  0.995379  0.075499  0.059338  -0.072258  0.181916  0.980656  0.063245  -0.980411  0.186531  -0.001034  -0.000991  -0.000660  0.000000  0.000000  0.000000  2.000000  
83.120428 0.007212  0.095974  -0.008936  0.995379  0.075499  0.059338  -0.072258  0.181916  0.980656  0.063245  -0.980411  0.186531  -0.000977  -0.000955  -0.000573  0.000000  0.000000  0.000000  2.000000  
83.121675 0.007211  0.095973  -0.008935  0.995379  0.075499  0.059338  -0.072258  0.181916  0.980656  0.063245  -0.980411  0.186531  -0.000889  -0.000890  -0.000466  0.000000  0.000000  0.000000  2.000000  
