1-Time 2-Px 3-Py 4-Pz 5-R11 6-R21 7-R31 8-R12 9-R22 10-R32 11-R13 12-R23 13-R33 14-Vx 15-Vy 16-Vz 17-Wx 18-Wy 19-Wz 20-state 21-PR11 22-PR21 23-PR31 24-PR12 25-PR22 26-PR32 27-PR13 28-PR23 29-PR33 
46.860300 0.005588  0.091137  -0.008268  0.999680  0.020627  -0.014631  -0.020172  0.999328  0.030621  0.015252  -0.030316  0.999424  -0.000128  0.000218  0.001184  0.000000  0.000000  0.000000  2.000000  
46.861309 0.005588  0.091137  -0.008267  0.999680  0.020627  -0.014631  -0.020172  0.999328  0.030621  0.015252  -0.030316  0.999424  -0.000117  0.000218  0.001167  0.000000  0.000000  0.000000  2.000000  
46.862561 0.005589  0.091136  -0.008266  0.999680  0.020627  -0.014631  -0.020172  0.999328  0.030621  0.015252  -0.030316  0.999424  -0.000088  0.000085  0.001117  0.000000  0.000000  0.000000  2.000000  
46.863561 0.005589  0.091133  -0.008265  0.999676  0.020835  -0.014622  -0.020377  0.999320  0.030745  0.015252  -0.030437  0.999420  -0.000052  -0.000073  0.001076  0.000000  0.000000  0.000000  2.000000  
46.864804 0.005590  0.091131  -0.008264  0.999674  0.020840  -0.014753  -0.020377  0.999316  0.030869  0.015386  -0.030558  0.999415  -0.000007  -0.000255  0.001046  0.000000  0.000000  0.000000  2.000000  
46.866058 0.005591  0.091128  -0.008264  0.999674  0.020842  -0.014750  -0.020377  0.999312  0.030990  0.015386  -0.030680  0.999411  0.000120  -0.000492  0.000995  0.000000  0.000000  0.000000  2.000000  
46.867061 0.005592  0.091125  -0.008263  0.999674  0.020842  -0.014750  -0.020377  0.999312  0.030990  0.015386  -0.030680  0.999411  0.000174  -0.000699  0.000975  0.000000  0.000000  0.000000  2.000000  
46.868309 0.005594  0.091122  -0.008262  0.999668  0.021054  -0.014875  -0.020583  0.999304  0.031117  0.015520  -0.030801  0.999405  0.000341  -0.000934  0.000956  0.000000  0.000000  0.000000  2.000000  
46.869310 0.005596  0.091119  -0.008261  0.999668  0.021056  -0.014873  -0.020583  0.999300  0.031239  0.015520  -0.030922  0.999401  0.000436  -0.001145  0.000961  0.000000  0.000000  0.000000  2.000000  
46.870559 0.005598  0.091115  -0.008260  0.999663  0.021261  -0.014866  -0.020789  0.999296  0.031242  0.015520  -0.030922  0.999401  0.000582  -0.001403  0.000890  0.000000  0.000000  0.000000  2.000000  
46.871809 0.005600  0.091112  -0.008259  0.999657  0.021473  -0.014991  -0.020995  0.999287  0.031369  0.015654  -0.031043  0.999395  0.000772  -0.001668  0.000846  0.000000  0.000000  0.000000  2.000000  
46.873057 0.005602  0.091109  -0.008258  0.999657  0.021473  -0.014991  -0.020995  0.999287  0.031369  0.015654  -0.031043  0.999395  0.000930  -0.001877  0.000815  0.000000  0.000000  0.000000  2.000000  
46.874058 0.005605  0.091107  -0.008257  0.999653  0.021679  -0.014984  -0.021201  0.999283  0.031372  0.015654  -0.031043  0.999395  0.001106  -0.002055  0.000841  0.000000  0.000000  0.000000  2.000000  
46.875059 0.005606  0.091103  -0.008255  0.999653  0.021681  -0.014982  -0.021201  0.999279  0.031493  0.015654  -0.031164  0.999392  0.001220  -0.002287  0.000826  0.000000  0.000000  0.000000  2.000000  
46.876059 0.005608  0.091100  -0.008254  0.999646  0.021891  -0.015109  -0.021406  0.999275  0.031499  0.015788  -0.031164  0.999390  0.001362  -0.002516  0.000877  0.000000  0.000000  0.000000  2.000000  
46.877311 0.005611  0.091095  -0.008252  0.999646  0.021892  -0.015106  -0.021406  0.999271  0.031620  0.015788  -0.031286  0.999386  0.001504  -0.002743  0.000928  0.000000  0.000000  0.000000  2.000000  
46.878311 0.005613  0.091091  -0.008250  0.999642  0.022098  -0.015100  -0.021612  0.999266  0.031623  0.015788  -0.031286  0.999386  0.001625  -0.002862  0.001041  0.000000  0.000000  0.000000  2.000000  
46.879560 0.005615  0.091085  -0.008248  0.999640  0.022104  -0.015231  -0.021612  0.999262  0.031747  0.015921  -0.031407  0.999380  0.001713  -0.003088  0.001096  0.000000  0.000000  0.000000  2.000000  
46.880810 0.005616  0.091079  -0.008246  0.999635  0.022314  -0.015219  -0.021818  0.999250  0.031993  0.015921  -0.031649  0.999372  0.001737  -0.003310  0.001194  0.000000  0.000000  0.000000  2.000000  
46.882057 0.005619  0.091071  -0.008244  0.999635  0.022315  -0.015216  -0.021818  0.999246  0.032114  0.015921  -0.031770  0.999368  0.001777  -0.003574  0.001275  0.000000  0.000000  0.000000  2.000000  
46.883310 0.005620  0.091064  -0.008242  0.999633  0.022321  -0.015347  -0.021818  0.999242  0.032238  0.016055  -0.031892  0.999362  0.001764  -0.003864  0.001296  0.000000  0.000000  0.000000  2.000000  
46.884562 0.005622  0.091055  -0.008240  0.999629  0.022531  -0.015335  -0.022024  0.999230  0.032484  0.016055  -0.032134  0.999355  0.001729  -0.004169  0.001370  0.000000  0.000000  0.000000  2.000000  
46.885809 0.005623  0.091047  -0.008239  0.999629  0.022533  -0.015332  -0.022024  0.999226  0.032605  0.016055  -0.032255  0.999351  0.001693  -0.004496  0.001345  0.000000  0.000000  0.000000  2.000000  
46.886812 0.005625  0.091040  -0.008239  0.999629  0.022535  -0.015330  -0.022024  0.999222  0.032726  0.016055  -0.032376  0.999347  0.001665  -0.004797  0.001403  0.000000  0.000000  0.000000  2.000000  
46.888058 0.005627  0.091033  -0.008237  0.999624  0.022742  -0.015320  -0.022229  0.999213  0.032851  0.016055  -0.032498  0.999343  0.001621  -0.005109  0.001369  0.000000  0.000000  0.000000  2.000000  
46.889059 0.005628  0.091026  -0.008237  0.999624  0.022744  -0.015317  -0.022229  0.999209  0.032972  0.016055  -0.032619  0.999339  0.001560  -0.005372  0.001314  0.000000  0.000000  0.000000  2.000000  
46.890320 0.005629  0.091018  -0.008235  0.999624  0.022746  -0.015315  -0.022229  0.999205  0.033093  0.016055  -0.032740  0.999335  0.001524  -0.005603  0.001332  0.000000  0.000000  0.000000  2.000000  
46.891557 0.005631  0.091011  -0.008233  0.999624  0.022748  -0.015312  -0.022229  0.999201  0.033214  0.016055  -0.032861  0.999331  0.001486  -0.005795  0.001422  0.000000  0.000000  0.000000  2.000000  
46.892633 0.005633  0.091005  -0.008231  0.999624  0.022748  -0.015312  -0.022229  0.999201  0.033214  0.016055  -0.032861  0.999331  0.001441  -0.005917  0.001398  0.000000  0.000000  0.000000  2.000000  
46.893809 0.005634  0.090998  -0.008228  0.999624  0.022750  -0.015309  -0.022229  0.999197  0.033335  0.016055  -0.032983  0.999327  0.001362  -0.006119  0.001456  0.000000  0.000000  0.000000  2.000000  
46.895057 0.005635  0.090990  -0.008225  0.999624  0.022751  -0.015306  -0.022229  0.999193  0.033457  0.016055  -0.033104  0.999323  0.001346  -0.006189  0.001508  0.000000  0.000000  0.000000  2.000000  
46.896058 0.005636  0.090983  -0.008222  0.999619  0.022959  -0.015297  -0.022435  0.999184  0.033581  0.016055  -0.033225  0.999319  0.001258  -0.006280  0.001537  0.000000  0.000000  0.000000  2.000000  
46.897060 0.005636  0.090976  -0.008220  0.999619  0.022961  -0.015294  -0.022435  0.999180  0.033702  0.016055  -0.033346  0.999315  0.001176  -0.006341  0.001575  0.000000  0.000000  0.000000  2.000000  
46.898319 0.005637  0.090968  -0.008217  0.999617  0.022967  -0.015425  -0.022435  0.999176  0.033826  0.016189  -0.033467  0.999309  0.001134  -0.006405  0.001645  0.000000  0.000000  0.000000  2.000000  
46.899559 0.005638  0.090959  -0.008214  0.999617  0.022969  -0.015422  -0.022435  0.999172  0.033948  0.016189  -0.033589  0.999305  0.001080  -0.006415  0.001744  0.000000  0.000000  0.000000  2.000000  
46.900847 0.005640  0.090951  -0.008212  0.999617  0.022971  -0.015419  -0.022435  0.999168  0.034069  0.016189  -0.033710  0.999301  0.001083  -0.006422  0.001840  0.000000  0.000000  0.000000  2.000000  
46.902056 0.005641  0.090942  -0.008210  0.999617  0.022973  -0.015416  -0.022435  0.999164  0.034190  0.016189  -0.033831  0.999296  0.001054  -0.006478  0.001916  0.000000  0.000000  0.000000  2.000000  
46.903084 0.005642  0.090936  -0.008208  0.999617  0.022975  -0.015414  -0.022435  0.999159  0.034311  0.016189  -0.033952  0.999292  0.000997  -0.006466  0.002010  0.000000  0.000000  0.000000  2.000000  
46.904311 0.005643  0.090927  -0.008206  0.999617  0.022977  -0.015411  -0.022435  0.999155  0.034432  0.016189  -0.034073  0.999288  0.000962  -0.006542  0.001990  0.000000  0.000000  0.000000  2.000000  
46.905322 0.005644  0.090920  -0.008205  0.999617  0.022978  -0.015408  -0.022435  0.999151  0.034554  0.016189  -0.034195  0.999284  0.000952  -0.006573  0.001991  0.000000  0.000000  0.000000  2.000000  
46.906559 0.005646  0.090912  -0.008205  0.999619  0.022976  -0.015272  -0.022435  0.999147  0.034672  0.016055  -0.034316  0.999282  0.000960  -0.006618  0.001867  0.000000  0.000000  0.000000  2.000000  
46.907809 0.005647  0.090903  -0.008204  0.999619  0.022978  -0.015269  -0.022435  0.999143  0.034793  0.016055  -0.034437  0.999278  0.000944  -0.006709  0.001730  0.000000  0.000000  0.000000  2.000000  
46.909107 0.005648  0.090895  -0.008203  0.999619  0.022979  -0.015266  -0.022435  0.999138  0.034914  0.016055  -0.034558  0.999274  0.000909  -0.006731  0.001568  0.000000  0.000000  0.000000  2.000000  
46.910314 0.005649  0.090887  -0.008202  0.999619  0.022981  -0.015263  -0.022435  0.999134  0.035035  0.016055  -0.034680  0.999270  0.000916  -0.006748  0.001487  0.000000  0.000000  0.000000  2.000000  
46.911563 0.005649  0.090879  -0.008200  0.999619  0.022983  -0.015260  -0.022435  0.999130  0.035156  0.016055  -0.034801  0.999265  0.000875  -0.006745  0.001359  0.000000  0.000000  0.000000  2.000000  
46.912804 0.005650  0.090871  -0.008199  0.999615  0.023191  -0.015250  -0.022641  0.999121  0.035281  0.016055  -0.034922  0.999261  0.000851  -0.006689  0.001292  0.000000  0.000000  0.000000  2.000000  
46.913809 0.005650  0.090865  -0.008197  0.999615  0.023191  -0.015250  -0.022641  0.999121  0.035281  0.016055  -0.034922  0.999261  0.000846  -0.006627  0.001273  0.000000  0.000000  0.000000  2.000000  
46.915059 0.005650  0.090857  -0.008195  0.999613  0.023197  -0.015381  -0.022641  0.999117  0.035405  0.016189  -0.035043  0.999255  0.000758  -0.006608  0.001203  0.000000  0.000000  0.000000  2.000000  
46.916059 0.005650  0.090851  -0.008193  0.999613  0.023199  -0.015378  -0.022641  0.999112  0.035526  0.016189  -0.035164  0.999250  0.000666  -0.006527  0.001212  0.000000  0.000000  0.000000  2.000000  
46.917309 0.005650  0.090844  -0.008191  0.999613  0.023201  -0.015376  -0.022641  0.999108  0.035647  0.016189  -0.035285  0.999246  0.000612  -0.006445  0.001208  0.000000  0.000000  0.000000  2.000000  
46.918312 0.005650  0.090838  -0.008190  0.999613  0.023201  -0.015376  -0.022641  0.999108  0.035647  0.016189  -0.035285  0.999246  0.000535  -0.006370  0.001183  0.000000  0.000000  0.000000  2.000000  
46.919579 0.005650  0.090831  -0.008189  0.999613  0.023203  -0.015373  -0.022641  0.999104  0.035769  0.016189  -0.035407  0.999242  0.000411  -0.006266  0.001160  0.000000  0.000000  0.000000  2.000000  
46.920809 0.005650  0.090824  -0.008188  0.999613  0.023205  -0.015370  -0.022641  0.999099  0.035890  0.016189  -0.035528  0.999238  0.000312  -0.006170  0.001161  0.000000  0.000000  0.000000  2.000000  
46.921814 0.005649  0.090818  -0.008188  0.999608  0.023410  -0.015363  -0.022847  0.999094  0.035893  0.016189  -0.035528  0.999238  0.000202  -0.006120  0.001115  0.000000  0.000000  0.000000  2.000000  
46.923061 0.005649  0.090810  -0.008188  0.999608  0.023412  -0.015360  -0.022847  0.999090  0.036014  0.016189  -0.035649  0.999233  0.000062  -0.006100  0.001049  0.000000  0.000000  0.000000  2.000000  
46.924312 0.005648  0.090803  -0.008187  0.999608  0.023414  -0.015357  -0.022847  0.999086  0.036135  0.016189  -0.035770  0.999229  0.000015  -0.005997  0.001044  0.000000  0.000000  0.000000  2.000000  
46.925321 0.005648  0.090797  -0.008187  0.999608  0.023414  -0.015357  -0.022847  0.999086  0.036135  0.016189  -0.035770  0.999229  -0.000042  -0.005945  0.000992  0.000000  0.000000  0.000000  2.000000  
46.926559 0.005648  0.090790  -0.008187  0.999608  0.023416  -0.015354  -0.022847  0.999081  0.036257  0.016189  -0.035891  0.999225  -0.000082  -0.005935  0.000912  0.000000  0.000000  0.000000  2.000000  
46.927809 0.005647  0.090782  -0.008187  0.999608  0.023418  -0.015351  -0.022847  0.999077  0.036378  0.016189  -0.036013  0.999220  -0.000184  -0.005942  0.000789  0.000000  0.000000  0.000000  2.000000  
46.928823 0.005647  0.090776  -0.008186  0.999608  0.023418  -0.015351  -0.022847  0.999077  0.036378  0.016189  -0.036013  0.999220  -0.000219  -0.005919  0.000713  0.000000  0.000000  0.000000  2.000000  
46.930059 0.005647  0.090768  -0.008185  0.999608  0.023420  -0.015348  -0.022847  0.999072  0.036499  0.016189  -0.036134  0.999216  -0.000265  -0.005965  0.000592  0.000000  0.000000  0.000000  2.000000  
46.931060 0.005646  0.090762  -0.008185  0.999608  0.023422  -0.015346  -0.022847  0.999068  0.036620  0.016189  -0.036255  0.999211  -0.000291  -0.005967  0.000525  0.000000  0.000000  0.000000  2.000000  
46.932311 0.005646  0.090755  -0.008184  0.999608  0.023422  -0.015346  -0.022847  0.999068  0.036620  0.016189  -0.036255  0.999211  -0.000318  -0.005972  0.000459  0.000000  0.000000  0.000000  2.000000  
46.933571 0.005645  0.090747  -0.008183  0.999608  0.023423  -0.015343  -0.022847  0.999064  0.036741  0.016189  -0.036376  0.999207  -0.000314  -0.005946  0.000413  0.000000  0.000000  0.000000  2.000000  
46.934804 0.005645  0.090740  -0.008182  0.999608  0.023423  -0.015343  -0.022847  0.999064  0.036741  0.016189  -0.036376  0.999207  -0.000297  -0.005926  0.000472  0.000000  0.000000  0.000000  2.000000  
46.935806 0.005645  0.090735  -0.008180  0.999608  0.023423  -0.015343  -0.022847  0.999064  0.036741  0.016189  -0.036376  0.999207  -0.000318  -0.005897  0.000497  0.000000  0.000000  0.000000  2.000000  
46.936811 0.005645  0.090730  -0.008179  0.999608  0.023425  -0.015340  -0.022847  0.999059  0.036862  0.016189  -0.036498  0.999203  -0.000313  -0.005863  0.000587  0.000000  0.000000  0.000000  2.000000  
46.937812 0.005645  0.090725  -0.008178  0.999608  0.023425  -0.015340  -0.022847  0.999059  0.036862  0.016189  -0.036498  0.999203  -0.000271  -0.005778  0.000653  0.000000  0.000000  0.000000  2.000000  
46.939062 0.005645  0.090719  -0.008177  0.999608  0.023425  -0.015340  -0.022847  0.999059  0.036862  0.016189  -0.036498  0.999203  -0.000248  -0.005727  0.000663  0.000000  0.000000  0.000000  2.000000  
46.940317 0.005646  0.090713  -0.008176  0.999608  0.023427  -0.015337  -0.022847  0.999055  0.036984  0.016189  -0.036619  0.999198  -0.000174  -0.005604  0.000703  0.000000  0.000000  0.000000  2.000000  
46.941563 0.005646  0.090707  -0.008176  0.999608  0.023427  -0.015337  -0.022847  0.999055  0.036984  0.016189  -0.036619  0.999198  -0.000117  -0.005517  0.000735  0.000000  0.000000  0.000000  2.000000  
46.942809 0.005647  0.090700  -0.008175  0.999608  0.023427  -0.015337  -0.022847  0.999055  0.036984  0.016189  -0.036619  0.999198  -0.000032  -0.005413  0.000786  0.000000  0.000000  0.000000  2.000000  
46.944058 0.005648  0.090694  -0.008175  0.999608  0.023429  -0.015334  -0.022847  0.999050  0.037105  0.016189  -0.036740  0.999194  0.000080  -0.005316  0.000766  0.000000  0.000000  0.000000  2.000000  
46.945320 0.005649  0.090688  -0.008174  0.999608  0.023429  -0.015334  -0.022847  0.999050  0.037105  0.016189  -0.036740  0.999194  0.000160  -0.005240  0.000725  0.000000  0.000000  0.000000  2.000000  
46.946568 0.005650  0.090681  -0.008173  0.999608  0.023431  -0.015331  -0.022847  0.999046  0.037226  0.016189  -0.036861  0.999189  0.000267  -0.005164  0.000751  0.000000  0.000000  0.000000  2.000000  
46.947804 0.005651  0.090675  -0.008172  0.999608  0.023431  -0.015331  -0.022847  0.999046  0.037226  0.016189  -0.036861  0.999189  0.000387  -0.005097  0.000742  0.000000  0.000000  0.000000  2.000000  
46.948806 0.005652  0.090670  -0.008171  0.999608  0.023431  -0.015331  -0.022847  0.999046  0.037226  0.016189  -0.036861  0.999189  0.000470  -0.005090  0.000720  0.000000  0.000000  0.000000  2.000000  
46.949806 0.005653  0.090665  -0.008170  0.999608  0.023433  -0.015328  -0.022847  0.999041  0.037347  0.016189  -0.036982  0.999185  0.000599  -0.005023  0.000758  0.000000  0.000000  0.000000  2.000000  
46.950810 0.005655  0.090660  -0.008169  0.999608  0.023433  -0.015328  -0.022847  0.999041  0.037347  0.016189  -0.036982  0.999185  0.000674  -0.004971  0.000763  0.000000  0.000000  0.000000  2.000000  
46.952054 0.005656  0.090655  -0.008168  0.999608  0.023433  -0.015328  -0.022847  0.999041  0.037347  0.016189  -0.036982  0.999185  0.000788  -0.004924  0.000716  0.000000  0.000000  0.000000  2.000000  
46.953064 0.005657  0.090650  -0.008167  0.999608  0.023435  -0.015326  -0.022847  0.999037  0.037468  0.016189  -0.037104  0.999180  0.000861  -0.004910  0.000714  0.000000  0.000000  0.000000  2.000000  
46.954323 0.005659  0.090645  -0.008166  0.999608  0.023435  -0.015326  -0.022847  0.999037  0.037468  0.016189  -0.037104  0.999180  0.000979  -0.004829  0.000703  0.000000  0.000000  0.000000  2.000000  
46.955323 0.005661  0.090642  -0.008165  0.999608  0.023435  -0.015326  -0.022847  0.999037  0.037468  0.016189  -0.037104  0.999180  0.001065  -0.004724  0.000754  0.000000  0.000000  0.000000  2.000000  
46.956563 0.005663  0.090637  -0.008164  0.999608  0.023435  -0.015326  -0.022847  0.999037  0.037468  0.016189  -0.037104  0.999180  0.001131  -0.004625  0.000757  0.000000  0.000000  0.000000  2.000000  
46.957811 0.005665  0.090633  -0.008163  0.999608  0.023435  -0.015326  -0.022847  0.999037  0.037468  0.016189  -0.037104  0.999180  0.001229  -0.004493  0.000846  0.000000  0.000000  0.000000  2.000000  
46.958812 0.005667  0.090630  -0.008162  0.999608  0.023435  -0.015326  -0.022847  0.999037  0.037468  0.016189  -0.037104  0.999180  0.001310  -0.004341  0.000841  0.000000  0.000000  0.000000  2.000000  
46.959815 0.005669  0.090627  -0.008161  0.999608  0.023435  -0.015326  -0.022847  0.999037  0.037468  0.016189  -0.037104  0.999180  0.001374  -0.004205  0.000917  0.000000  0.000000  0.000000  2.000000  
46.960816 0.005671  0.090624  -0.008160  0.999608  0.023435  -0.015326  -0.022847  0.999037  0.037468  0.016189  -0.037104  0.999180  0.001456  -0.004054  0.000912  0.000000  0.000000  0.000000  2.000000  
46.962108 0.005673  0.090620  -0.008159  0.999608  0.023436  -0.015323  -0.022847  0.999032  0.037590  0.016189  -0.037225  0.999176  0.001525  -0.003868  0.000894  0.000000  0.000000  0.000000  2.000000  
46.963144 0.005675  0.090617  -0.008158  0.999608  0.023436  -0.015323  -0.022847  0.999032  0.037590  0.016189  -0.037225  0.999176  0.001567  -0.003755  0.000912  0.000000  0.000000  0.000000  2.000000  
46.964309 0.005677  0.090613  -0.008158  0.999608  0.023436  -0.015323  -0.022847  0.999032  0.037590  0.016189  -0.037225  0.999176  0.001632  -0.003633  0.000846  0.000000  0.000000  0.000000  2.000000  
46.965320 0.005679  0.090609  -0.008157  0.999606  0.023441  -0.015456  -0.022847  0.999032  0.037593  0.016323  -0.037225  0.999174  0.001657  -0.003556  0.000810  0.000000  0.000000  0.000000  2.000000  
46.966559 0.005681  0.090605  -0.008157  0.999606  0.023441  -0.015456  -0.022847  0.999032  0.037593  0.016323  -0.037225  0.999174  0.001709  -0.003435  0.000785  0.000000  0.000000  0.000000  2.000000  
46.967805 0.005683  0.090602  -0.008156  0.999606  0.023443  -0.015454  -0.022847  0.999027  0.037714  0.016323  -0.037346  0.999169  0.001740  -0.003285  0.000785  0.000000  0.000000  0.000000  2.000000  
46.968806 0.005685  0.090599  -0.008155  0.999606  0.023443  -0.015454  -0.022847  0.999027  0.037714  0.016323  -0.037346  0.999169  0.001754  -0.003207  0.000757  0.000000  0.000000  0.000000  2.000000  
46.969813 0.005686  0.090596  -0.008155  0.999606  0.023443  -0.015454  -0.022847  0.999027  0.037714  0.016323  -0.037346  0.999169  0.001733  -0.003111  0.000708  0.000000  0.000000  0.000000  2.000000  
46.971060 0.005688  0.090594  -0.008155  0.999606  0.023443  -0.015454  -0.022847  0.999027  0.037714  0.016323  -0.037346  0.999169  0.001700  -0.003014  0.000641  0.000000  0.000000  0.000000  2.000000  
46.972312 0.005690  0.090592  -0.008154  0.999606  0.023443  -0.015454  -0.022847  0.999027  0.037714  0.016323  -0.037346  0.999169  0.001686  -0.002887  0.000656  0.000000  0.000000  0.000000  2.000000  
46.973562 0.005692  0.090590  -0.008153  0.999606  0.023443  -0.015454  -0.022847  0.999027  0.037714  0.016323  -0.037346  0.999169  0.001657  -0.002768  0.000570  0.000000  0.000000  0.000000  2.000000  
46.974809 0.005693  0.090588  -0.008153  0.999606  0.023443  -0.015454  -0.022847  0.999027  0.037714  0.016323  -0.037346  0.999169  0.001600  -0.002597  0.000500  0.000000  0.000000  0.000000  2.000000  
46.976059 0.005694  0.090587  -0.008153  0.999606  0.023443  -0.015454  -0.022847  0.999027  0.037714  0.016323  -0.037346  0.999169  0.001537  -0.002446  0.000474  0.000000  0.000000  0.000000  2.000000  
46.977308 0.005695  0.090585  -0.008153  0.999606  0.023443  -0.015454  -0.022847  0.999027  0.037714  0.016323  -0.037346  0.999169  0.001421  -0.002257  0.000430  0.000000  0.000000  0.000000  2.000000  
46.978317 0.005696  0.090584  -0.008152  0.999606  0.023443  -0.015454  -0.022847  0.999027  0.037714  0.016323  -0.037346  0.999169  0.001379  -0.002132  0.000378  0.000000  0.000000  0.000000  2.000000  
46.979564 0.005697  0.090583  -0.008152  0.999606  0.023443  -0.015454  -0.022847  0.999027  0.037714  0.016323  -0.037346  0.999169  0.001265  -0.001896  0.000392  0.000000  0.000000  0.000000  2.000000  
46.980807 0.005697  0.090582  -0.008151  0.999604  0.023448  -0.015587  -0.022847  0.999027  0.037717  0.016456  -0.037346  0.999167  0.001139  -0.001738  0.000375  0.000000  0.000000  0.000000  2.000000  
46.982060 0.005698  0.090581  -0.008151  0.999604  0.023448  -0.015587  -0.022847  0.999027  0.037717  0.016456  -0.037346  0.999167  0.001048  -0.001510  0.000350  0.000000  0.000000  0.000000  2.000000  
46.983309 0.005698  0.090580  -0.008150  0.999604  0.023448  -0.015587  -0.022847  0.999027  0.037717  0.016456  -0.037346  0.999167  0.000942  -0.001300  0.000375  0.000000  0.000000  0.000000  2.000000  
46.984562 0.005698  0.090580  -0.008150  0.999604  0.023448  -0.015587  -0.022847  0.999027  0.037717  0.016456  -0.037346  0.999167  0.000841  -0.001178  0.000333  0.000000  0.000000  0.000000  2.000000  
46.985804 0.005699  0.090579  -0.008150  0.999604  0.023448  -0.015587  -0.022847  0.999027  0.037717  0.016456  -0.037346  0.999167  0.000732  -0.001005  0.000267  0.000000  0.000000  0.000000  2.000000  
46.986813 0.005699  0.090579  -0.008150  0.999604  0.023448  -0.015587  -0.022847  0.999027  0.037717  0.016456  -0.037346  0.999167  0.000667  -0.000864  0.000280  0.000000  0.000000  0.000000  2.000000  
46.988059 0.005699  0.090579  -0.008150  0.999604  0.023446  -0.015590  -0.022847  0.999032  0.037596  0.016456  -0.037225  0.999171  0.000529  -0.000761  0.000249  0.000000  0.000000  0.000000  2.000000  
46.989312 0.005699  0.090580  -0.008150  0.999601  0.023451  -0.015724  -0.022847  0.999032  0.037599  0.016590  -0.037224  0.999169  0.000458  -0.000598  0.000219  0.000000  0.000000  0.000000  2.000000  
46.990557 0.005699  0.090580  -0.008149  0.999601  0.023451  -0.015724  -0.022847  0.999032  0.037599  0.016590  -0.037224  0.999169  0.000391  -0.000468  0.000239  0.000000  0.000000  0.000000  2.000000  
46.991558 0.005699  0.090580  -0.008149  0.999601  0.023451  -0.015724  -0.022847  0.999032  0.037599  0.016590  -0.037224  0.999169  0.000290  -0.000345  0.000232  0.000000  0.000000  0.000000  2.000000  
46.992808 0.005699  0.090582  -0.008149  0.999601  0.023451  -0.015724  -0.022847  0.999032  0.037599  0.016590  -0.037224  0.999169  0.000262  -0.000187  0.000232  0.000000  0.000000  0.000000  2.000000  
46.994057 0.005699  0.090583  -0.008148  0.999601  0.023451  -0.015724  -0.022847  0.999032  0.037599  0.016590  -0.037224  0.999169  0.000190  -0.000032  0.000245  0.000000  0.000000  0.000000  2.000000  
46.995323 0.005699  0.090584  -0.008148  0.999601  0.023451  -0.015724  -0.022847  0.999032  0.037599  0.016590  -0.037224  0.999169  0.000158  0.000148  0.000239  0.000000  0.000000  0.000000  2.000000  
46.996578 0.005699  0.090584  -0.008148  0.999601  0.023451  -0.015724  -0.022847  0.999032  0.037599  0.016590  -0.037224  0.999169  0.000088  0.000199  0.000224  0.000000  0.000000  0.000000  2.000000  
46.997804 0.005699  0.090586  -0.008147  0.999601  0.023451  -0.015724  -0.022847  0.999032  0.037599  0.016590  -0.037224  0.999169  0.000072  0.000325  0.000235  0.000000  0.000000  0.000000  2.000000  
46.999059 0.005699  0.090586  -0.008146  0.999601  0.023451  -0.015724  -0.022847  0.999032  0.037599  0.016590  -0.037224  0.999169  0.000058  0.000460  0.000253  0.000000  0.000000  0.000000  2.000000  
47.000310 0.005699  0.090587  -0.008146  0.999599  0.023456  -0.015857  -0.022847  0.999032  0.037602  0.016724  -0.037224  0.999167  0.000050  0.000557  0.000274  0.000000  0.000000  0.000000  2.000000  
47.001313 0.005700  0.090588  -0.008146  0.999599  0.023454  -0.015860  -0.022847  0.999036  0.037481  0.016724  -0.037103  0.999171  0.000052  0.000637  0.000309  0.000000  0.000000  0.000000  2.000000  
47.002554 0.005700  0.090589  -0.008146  0.999599  0.023454  -0.015860  -0.022847  0.999036  0.037481  0.016724  -0.037103  0.999171  0.000044  0.000661  0.000299  0.000000  0.000000  0.000000  2.000000  
47.003562 0.005700  0.090589  -0.008145  0.999599  0.023454  -0.015860  -0.022847  0.999036  0.037481  0.016724  -0.037103  0.999171  0.000075  0.000687  0.000319  0.000000  0.000000  0.000000  2.000000  
47.004807 0.005701  0.090590  -0.008145  0.999599  0.023454  -0.015860  -0.022847  0.999036  0.037481  0.016724  -0.037103  0.999171  0.000105  0.000713  0.000339  0.000000  0.000000  0.000000  2.000000  
47.005809 0.005701  0.090591  -0.008145  0.999599  0.023454  -0.015860  -0.022847  0.999036  0.037481  0.016724  -0.037103  0.999171  0.000120  0.000721  0.000309  0.000000  0.000000  0.000000  2.000000  
47.007059 0.005702  0.090592  -0.008145  0.999599  0.023454  -0.015860  -0.022847  0.999036  0.037481  0.016724  -0.037103  0.999171  0.000146  0.000714  0.000238  0.000000  0.000000  0.000000  2.000000  
47.008312 0.005702  0.090592  -0.008146  0.999599  0.023454  -0.015860  -0.022847  0.999036  0.037481  0.016724  -0.037103  0.999171  0.000189  0.000656  0.000187  0.000000  0.000000  0.000000  2.000000  
47.009559 0.005702  0.090592  -0.008146  0.999599  0.023454  -0.015860  -0.022847  0.999036  0.037481  0.016724  -0.037103  0.999171  0.000198  0.000642  0.000149  0.000000  0.000000  0.000000  2.000000  
47.010559 0.005702  0.090592  -0.008146  0.999599  0.023454  -0.015860  -0.022847  0.999036  0.037481  0.016724  -0.037103  0.999171  0.000213  0.000568  0.000081  0.000000  0.000000  0.000000  2.000000  
47.011561 0.005702  0.090592  -0.008146  0.999597  0.023459  -0.015994  -0.022846  0.999036  0.037484  0.016858  -0.037103  0.999169  0.000218  0.000535  0.000089  0.000000  0.000000  0.000000  2.000000  
47.012805 0.005702  0.090592  -0.008147  0.999597  0.023459  -0.015994  -0.022846  0.999036  0.037484  0.016858  -0.037103  0.999169  0.000202  0.000432  -0.000001  0.000000  0.000000  0.000000  2.000000  
47.013815 0.005702  0.090592  -0.008147  0.999597  0.023459  -0.015994  -0.022846  0.999036  0.037484  0.016858  -0.037103  0.999169  0.000191  0.000376  -0.000046  0.000000  0.000000  0.000000  2.000000  
47.015054 0.005702  0.090592  -0.008147  0.999597  0.023459  -0.015994  -0.022846  0.999036  0.037484  0.016858  -0.037103  0.999169  0.000146  0.000273  -0.000067  0.000000  0.000000  0.000000  2.000000  
47.016054 0.005702  0.090592  -0.008147  0.999597  0.023459  -0.015994  -0.022846  0.999036  0.037484  0.016858  -0.037103  0.999169  0.000125  0.000238  -0.000121  0.000000  0.000000  0.000000  2.000000  
47.017055 0.005701  0.090591  -0.008148  0.999597  0.023459  -0.015994  -0.022846  0.999036  0.037484  0.016858  -0.037103  0.999169  0.000102  0.000187  -0.000130  0.000000  0.000000  0.000000  2.000000  
47.018321 0.005701  0.090591  -0.008148  0.999595  0.023464  -0.016128  -0.022846  0.999036  0.037487  0.016992  -0.037103  0.999167  0.000018  0.000084  -0.000184  0.000000  0.000000  0.000000  2.000000  
47.019561 0.005700  0.090590  -0.008148  0.999595  0.023464  -0.016128  -0.022846  0.999036  0.037487  0.016992  -0.037103  0.999167  -0.000028  -0.000019  -0.000204  0.000000  0.000000  0.000000  2.000000  
47.020809 0.005700  0.090589  -0.008149  0.999590  0.023670  -0.016120  -0.023052  0.999031  0.037490  0.016992  -0.037103  0.999167  -0.000099  -0.000126  -0.000286  0.000000  0.000000  0.000000  2.000000  
47.021813 0.005699  0.090589  -0.008150  0.999590  0.023670  -0.016120  -0.023052  0.999031  0.037490  0.016992  -0.037103  0.999167  -0.000168  -0.000203  -0.000285  0.000000  0.000000  0.000000  2.000000  
47.023059 0.005699  0.090588  -0.008150  0.999588  0.023675  -0.016253  -0.023052  0.999031  0.037493  0.017125  -0.037103  0.999165  -0.000199  -0.000230  -0.000306  0.000000  0.000000  0.000000  2.000000  
47.024310 0.005698  0.090587  -0.008151  0.999588  0.023675  -0.016253  -0.023052  0.999031  0.037493  0.017125  -0.037103  0.999165  -0.000277  -0.000361  -0.000346  0.000000  0.000000  0.000000  2.000000  
47.025322 0.005698  0.090587  -0.008151  0.999588  0.023675  -0.016253  -0.023052  0.999031  0.037493  0.017125  -0.037103  0.999165  -0.000321  -0.000384  -0.000331  0.000000  0.000000  0.000000  2.000000  
47.026561 0.005697  0.090585  -0.008152  0.999588  0.023675  -0.016253  -0.023052  0.999031  0.037493  0.017125  -0.037103  0.999165  -0.000356  -0.000459  -0.000391  0.000000  0.000000  0.000000  2.000000  
47.027807 0.005696  0.090585  -0.008153  0.999585  0.023680  -0.016387  -0.023052  0.999031  0.037496  0.017259  -0.037103  0.999162  -0.000407  -0.000490  -0.000382  0.000000  0.000000  0.000000  2.000000  
47.029054 0.005696  0.090584  -0.008153  0.999585  0.023680  -0.016387  -0.023052  0.999031  0.037496  0.017259  -0.037103  0.999162  -0.000423  -0.000532  -0.000386  0.000000  0.000000  0.000000  2.000000  
47.030059 0.005695  0.090583  -0.008153  0.999585  0.023680  -0.016387  -0.023052  0.999031  0.037496  0.017259  -0.037103  0.999162  -0.000461  -0.000569  -0.000413  0.000000  0.000000  0.000000  2.000000  
47.031310 0.005694  0.090583  -0.008154  0.999585  0.023682  -0.016384  -0.023052  0.999026  0.037617  0.017259  -0.037224  0.999158  -0.000461  -0.000568  -0.000413  0.000000  0.000000  0.000000  2.000000  
47.032554 0.005694  0.090582  -0.008154  0.999583  0.023687  -0.016518  -0.023052  0.999026  0.037620  0.017393  -0.037224  0.999156  -0.000484  -0.000585  -0.000426  0.000000  0.000000  0.000000  2.000000  
47.033559 0.005693  0.090582  -0.008154  0.999583  0.023687  -0.016518  -0.023052  0.999026  0.037620  0.017393  -0.037224  0.999156  -0.000461  -0.000568  -0.000413  0.000000  0.000000  0.000000  2.000000  
47.034804 0.005693  0.090582  -0.008154  0.999583  0.023687  -0.016518  -0.023052  0.999026  0.037620  0.017393  -0.037224  0.999156  -0.000444  -0.000504  -0.000361  0.000000  0.000000  0.000000  2.000000  
47.036058 0.005693  0.090582  -0.008155  0.999581  0.023690  -0.016654  -0.023052  0.999031  0.037502  0.017527  -0.037103  0.999158  -0.000444  -0.000504  -0.000361  0.000000  0.000000  0.000000  2.000000  
47.037062 0.005693  0.090582  -0.008154  0.999581  0.023690  -0.016654  -0.023052  0.999031  0.037502  0.017527  -0.037103  0.999158  -0.000425  -0.000474  -0.000306  0.000000  0.000000  0.000000  2.000000  
47.038318 0.005693  0.090582  -0.008154  0.999581  0.023690  -0.016654  -0.023052  0.999031  0.037502  0.017527  -0.037103  0.999158  -0.000391  -0.000399  -0.000245  0.000000  0.000000  0.000000  2.000000  
47.039558 0.005693  0.090582  -0.008154  0.999583  0.023489  -0.016796  -0.022846  0.999035  0.037502  0.017661  -0.037103  0.999155  -0.000362  -0.000342  -0.000231  0.000000  0.000000  0.000000  2.000000  
47.040559 0.005692  0.090582  -0.008154  0.999583  0.023489  -0.016796  -0.022846  0.999035  0.037502  0.017661  -0.037103  0.999155  -0.000318  -0.000290  -0.000158  0.000000  0.000000  0.000000  2.000000  
47.041559 0.005692  0.090582  -0.008154  0.999583  0.023489  -0.016796  -0.022846  0.999035  0.037502  0.017661  -0.037103  0.999155  -0.000312  -0.000206  -0.000121  0.000000  0.000000  0.000000  2.000000  
47.042808 0.005693  0.090583  -0.008154  0.999583  0.023489  -0.016796  -0.022846  0.999035  0.037502  0.017661  -0.037103  0.999155  -0.000223  -0.000129  -0.000062  0.000000  0.000000  0.000000  2.000000  
47.043809 0.005693  0.090583  -0.008154  0.999581  0.023494  -0.016929  -0.022846  0.999035  0.037505  0.017794  -0.037102  0.999153  -0.000200  -0.000077  -0.000051  0.000000  0.000000  0.000000  2.000000  
47.045054 0.005693  0.090583  -0.008154  0.999581  0.023494  -0.016929  -0.022846  0.999035  0.037505  0.017794  -0.037102  0.999153  -0.000143  0.000002  -0.000021  0.000000  0.000000  0.000000  2.000000  
47.046058 0.005693  0.090583  -0.008154  0.999581  0.023494  -0.016929  -0.022846  0.999035  0.037505  0.017794  -0.037102  0.999153  -0.000114  0.000029  -0.000001  0.000000  0.000000  0.000000  2.000000  
47.047058 0.005692  0.090584  -0.008154  0.999578  0.023499  -0.017063  -0.022846  0.999035  0.037508  0.017928  -0.037102  0.999151  -0.000091  0.000080  0.000010  0.000000  0.000000  0.000000  2.000000  
47.048306 0.005693  0.090584  -0.008154  0.999578  0.023499  -0.017063  -0.022846  0.999035  0.037508  0.017928  -0.037102  0.999151  -0.000028  0.000132  0.000050  0.000000  0.000000  0.000000  2.000000  
47.049559 0.005693  0.090584  -0.008154  0.999578  0.023499  -0.017063  -0.022846  0.999035  0.037508  0.017928  -0.037102  0.999151  -0.000037  0.000159  0.000040  0.000000  0.000000  0.000000  2.000000  
47.050805 0.005693  0.090585  -0.008153  0.999576  0.023504  -0.017197  -0.022846  0.999035  0.037511  0.018062  -0.037102  0.999148  0.000013  0.000217  0.000117  0.000000  0.000000  0.000000  2.000000  
47.051809 0.005693  0.090585  -0.008153  0.999576  0.023504  -0.017197  -0.022846  0.999035  0.037511  0.018062  -0.037102  0.999148  0.000018  0.000234  0.000070  0.000000  0.000000  0.000000  2.000000  
47.053062 0.005693  0.090586  -0.008153  0.999573  0.023509  -0.017330  -0.022846  0.999035  0.037514  0.018196  -0.037102  0.999146  0.000005  0.000242  0.000106  0.000000  0.000000  0.000000  2.000000  
47.054314 0.005692  0.090586  -0.008152  0.999578  0.023303  -0.017338  -0.022640  0.999040  0.037511  0.018196  -0.037102  0.999146  -0.000008  0.000245  0.000142  0.000000  0.000000  0.000000  2.000000  
47.055322 0.005692  0.090586  -0.008152  0.999576  0.023308  -0.017472  -0.022640  0.999040  0.037514  0.018329  -0.037102  0.999143  -0.000004  0.000266  0.000096  0.000000  0.000000  0.000000  2.000000  
47.056558 0.005692  0.090586  -0.008152  0.999576  0.023308  -0.017472  -0.022640  0.999040  0.037514  0.018329  -0.037102  0.999143  -0.000008  0.000241  0.000140  0.000000  0.000000  0.000000  2.000000  
47.057810 0.005692  0.090586  -0.008151  0.999573  0.023313  -0.017605  -0.022640  0.999040  0.037517  0.018463  -0.037102  0.999141  -0.000052  0.000222  0.000157  0.000000  0.000000  0.000000  2.000000  
47.059059 0.005692  0.090586  -0.008151  0.999573  0.023313  -0.017605  -0.022640  0.999040  0.037517  0.018463  -0.037102  0.999141  -0.000044  0.000198  0.000167  0.000000  0.000000  0.000000  2.000000  
47.060059 0.005691  0.090586  -0.008151  0.999571  0.023318  -0.017739  -0.022640  0.999039  0.037520  0.018597  -0.037102  0.999138  -0.000089  0.000175  0.000183  0.000000  0.000000  0.000000  2.000000  
47.061310 0.005691  0.090586  -0.008151  0.999568  0.023323  -0.017873  -0.022640  0.999039  0.037523  0.018731  -0.037102  0.999136  -0.000087  0.000172  0.000180  0.000000  0.000000  0.000000  2.000000  
47.062559 0.005691  0.090585  -0.008151  0.999568  0.023323  -0.017873  -0.022640  0.999039  0.037523  0.018731  -0.037102  0.999136  -0.000156  0.000100  0.000188  0.000000  0.000000  0.000000  2.000000  
47.063564 0.005690  0.090585  -0.008151  0.999566  0.023328  -0.018006  -0.022640  0.999039  0.037526  0.018864  -0.037102  0.999133  -0.000179  0.000048  0.000177  0.000000  0.000000  0.000000  2.000000  
47.064810 0.005690  0.090584  -0.008151  0.999566  0.023328  -0.018006  -0.022640  0.999039  0.037526  0.018864  -0.037102  0.999133  -0.000189  -0.000008  0.000132  0.000000  0.000000  0.000000  2.000000  
47.066054 0.005689  0.090583  -0.008151  0.999563  0.023333  -0.018140  -0.022640  0.999039  0.037529  0.018998  -0.037102  0.999131  -0.000231  -0.000110  0.000110  0.000000  0.000000  0.000000  2.000000  
47.067055 0.005689  0.090583  -0.008152  0.999563  0.023333  -0.018140  -0.022640  0.999039  0.037529  0.018998  -0.037102  0.999131  -0.000254  -0.000161  0.000100  0.000000  0.000000  0.000000  2.000000  
47.068059 0.005689  0.090582  -0.008151  0.999561  0.023338  -0.018274  -0.022640  0.999039  0.037532  0.019132  -0.037102  0.999128  -0.000224  -0.000213  0.000085  0.000000  0.000000  0.000000  2.000000  
47.069308 0.005689  0.090582  -0.008152  0.999558  0.023343  -0.018407  -0.022640  0.999039  0.037535  0.019266  -0.037101  0.999126  -0.000234  -0.000268  0.000040  0.000000  0.000000  0.000000  2.000000  
47.070355 0.005689  0.090581  -0.008152  0.999558  0.023343  -0.018407  -0.022640  0.999039  0.037535  0.019266  -0.037101  0.999126  -0.000252  -0.000348  0.000041  0.000000  0.000000  0.000000  2.000000  
47.071565 0.005689  0.090580  -0.008152  0.999555  0.023348  -0.018541  -0.022640  0.999039  0.037538  0.019400  -0.037101  0.999123  -0.000231  -0.000378  0.000016  0.000000  0.000000  0.000000  2.000000  
47.072809 0.005688  0.090580  -0.008152  0.999553  0.023353  -0.018675  -0.022640  0.999039  0.037541  0.019533  -0.037101  0.999121  -0.000237  -0.000427  -0.000030  0.000000  0.000000  0.000000  2.000000  
47.073809 0.005689  0.090579  -0.008152  0.999553  0.023353  -0.018675  -0.022640  0.999039  0.037541  0.019533  -0.037101  0.999121  -0.000233  -0.000459  -0.000020  0.000000  0.000000  0.000000  2.000000  
47.074809 0.005688  0.090579  -0.008152  0.999550  0.023358  -0.018808  -0.022640  0.999038  0.037544  0.019667  -0.037101  0.999118  -0.000212  -0.000488  -0.000045  0.000000  0.000000  0.000000  2.000000  
47.076058 0.005688  0.090578  -0.008152  0.999550  0.023358  -0.018808  -0.022640  0.999038  0.037544  0.019667  -0.037101  0.999118  -0.000200  -0.000504  -0.000034  0.000000  0.000000  0.000000  2.000000  
47.077312 0.005688  0.090577  -0.008152  0.999552  0.023157  -0.018950  -0.022434  0.999043  0.037543  0.019801  -0.037101  0.999115  -0.000160  -0.000570  -0.000085  0.000000  0.000000  0.000000  2.000000  
47.078588 0.005688  0.090577  -0.008152  0.999550  0.023162  -0.019083  -0.022434  0.999043  0.037546  0.019935  -0.037101  0.999113  -0.000129  -0.000542  -0.000065  0.000000  0.000000  0.000000  2.000000  
47.079809 0.005688  0.090577  -0.008152  0.999547  0.023167  -0.019217  -0.022434  0.999043  0.037549  0.020068  -0.037101  0.999110  -0.000096  -0.000508  -0.000044  0.000000  0.000000  0.000000  2.000000  
47.081081 0.005689  0.090576  -0.008152  0.999547  0.023167  -0.019217  -0.022434  0.999043  0.037549  0.020068  -0.037101  0.999110  -0.000066  -0.000489  -0.000024  0.000000  0.000000  0.000000  2.000000  
47.082321 0.005689  0.090576  -0.008152  0.999544  0.023172  -0.019351  -0.022433  0.999043  0.037552  0.020202  -0.037101  0.999107  -0.000035  -0.000462  -0.000004  0.000000  0.000000  0.000000  2.000000  
