1-Time 2-Px 3-Py 4-Pz 5-R11 6-R21 7-R31 8-R12 9-R22 10-R32 11-R13 12-R23 13-R33 14-Vx 15-Vy 16-Vz 17-Wx 18-Wy 19-Wz 20-state 21-PR11 22-PR21 23-PR31 24-PR12 25-PR22 26-PR32 27-PR13 28-PR23 29-PR33 
157.829565 0.003671  0.090463  -0.007422  0.999397  0.010374  -0.033149  -0.010288  0.999943  0.002767  0.033176  -0.002425  0.999447  0.000208  0.000034  0.000384  0.000000  0.000000  0.000000  2.000000  
157.830570 0.003671  0.090463  -0.007422  0.999397  0.010374  -0.033149  -0.010288  0.999943  0.002767  0.033176  -0.002425  0.999447  0.000203  0.000014  0.000429  0.000000  0.000000  0.000000  2.000000  
157.831816 0.003671  0.090461  -0.007421  0.999392  0.010374  -0.033283  -0.010288  0.999943  0.002769  0.033310  -0.002425  0.999442  0.000178  -0.000115  0.000385  0.000000  0.000000  0.000000  2.000000  
157.832818 0.003671  0.090459  -0.007421  0.999390  0.010580  -0.033282  -0.010493  0.999941  0.002776  0.033310  -0.002425  0.999442  0.000191  -0.000241  0.000370  0.000000  0.000000  0.000000  2.000000  
157.834069 0.003672  0.090456  -0.007421  0.999388  0.010374  -0.033417  -0.010288  0.999943  0.002770  0.033443  -0.002425  0.999438  0.000220  -0.000415  0.000376  0.000000  0.000000  0.000000  2.000000  
157.835317 0.003673  0.090453  -0.007421  0.999388  0.010379  -0.033415  -0.010288  0.999943  0.002891  0.033443  -0.002546  0.999437  0.000266  -0.000638  0.000403  0.000000  0.000000  0.000000  2.000000  
157.836317 0.003674  0.090450  -0.007420  0.999381  0.010585  -0.033548  -0.010493  0.999941  0.002900  0.033577  -0.002546  0.999433  0.000303  -0.000837  0.000419  0.000000  0.000000  0.000000  2.000000  
157.837579 0.003675  0.090446  -0.007419  0.999381  0.010585  -0.033548  -0.010493  0.999941  0.002900  0.033577  -0.002546  0.999433  0.000384  -0.001134  0.000440  0.000000  0.000000  0.000000  2.000000  
157.838816 0.003677  0.090442  -0.007418  0.999377  0.010585  -0.033682  -0.010493  0.999941  0.002901  0.033711  -0.002546  0.999428  0.000510  -0.001412  0.000448  0.000000  0.000000  0.000000  2.000000  
157.840064 0.003679  0.090438  -0.007418  0.999377  0.010585  -0.033682  -0.010493  0.999941  0.002901  0.033711  -0.002546  0.999428  0.000597  -0.001690  0.000425  0.000000  0.000000  0.000000  2.000000  
157.841071 0.003680  0.090434  -0.007418  0.999370  0.010791  -0.033815  -0.010699  0.999939  0.002909  0.033845  -0.002546  0.999424  0.000675  -0.001943  0.000392  0.000000  0.000000  0.000000  2.000000  
157.842312 0.003682  0.090431  -0.007418  0.999365  0.010796  -0.033948  -0.010699  0.999938  0.003032  0.033978  -0.002667  0.999419  0.000786  -0.002174  0.000380  0.000000  0.000000  0.000000  2.000000  
157.843316 0.003683  0.090427  -0.007418  0.999361  0.010796  -0.034081  -0.010699  0.999938  0.003034  0.034112  -0.002667  0.999414  0.000864  -0.002426  0.000346  0.000000  0.000000  0.000000  2.000000  
157.844562 0.003685  0.090423  -0.007417  0.999361  0.010796  -0.034081  -0.010699  0.999938  0.003034  0.034112  -0.002667  0.999414  0.000939  -0.002705  0.000372  0.000000  0.000000  0.000000  2.000000  
157.845817 0.003687  0.090417  -0.007416  0.999356  0.010796  -0.034215  -0.010699  0.999938  0.003035  0.034246  -0.002667  0.999410  0.001070  -0.003081  0.000341  0.000000  0.000000  0.000000  2.000000  
157.847065 0.003689  0.090411  -0.007415  0.999356  0.010796  -0.034215  -0.010699  0.999938  0.003035  0.034246  -0.002667  0.999410  0.001157  -0.003346  0.000453  0.000000  0.000000  0.000000  2.000000  
157.848070 0.003690  0.090406  -0.007413  0.999352  0.010797  -0.034349  -0.010699  0.999938  0.003036  0.034379  -0.002667  0.999405  0.001277  -0.003505  0.000618  0.000000  0.000000  0.000000  2.000000  
157.849318 0.003692  0.090400  -0.007410  0.999352  0.010797  -0.034349  -0.010699  0.999938  0.003036  0.034379  -0.002667  0.999405  0.001344  -0.003745  0.000755  0.000000  0.000000  0.000000  2.000000  
157.850320 0.003693  0.090394  -0.007407  0.999345  0.011003  -0.034482  -0.010904  0.999936  0.003045  0.034513  -0.002667  0.999401  0.001350  -0.003956  0.000886  0.000000  0.000000  0.000000  2.000000  
157.851569 0.003695  0.090386  -0.007404  0.999340  0.011008  -0.034614  -0.010904  0.999936  0.003168  0.034647  -0.002788  0.999396  0.001372  -0.004218  0.001050  0.000000  0.000000  0.000000  2.000000  
157.852816 0.003697  0.090379  -0.007401  0.999335  0.011008  -0.034748  -0.010904  0.999936  0.003169  0.034781  -0.002788  0.999391  0.001425  -0.004451  0.001208  0.000000  0.000000  0.000000  2.000000  
157.853816 0.003699  0.090373  -0.007399  0.999331  0.011008  -0.034882  -0.010904  0.999936  0.003171  0.034914  -0.002788  0.999386  0.001454  -0.004613  0.001349  0.000000  0.000000  0.000000  2.000000  
157.855067 0.003701  0.090365  -0.007396  0.999326  0.011009  -0.035015  -0.010904  0.999936  0.003172  0.035048  -0.002788  0.999382  0.001483  -0.004897  0.001510  0.000000  0.000000  0.000000  2.000000  
157.856319 0.003704  0.090357  -0.007393  0.999324  0.011219  -0.035013  -0.011110  0.999933  0.003301  0.035048  -0.002909  0.999381  0.001537  -0.005132  0.001682  0.000000  0.000000  0.000000  2.000000  
157.857577 0.003706  0.090350  -0.007390  0.999324  0.011219  -0.035013  -0.011110  0.999933  0.003301  0.035048  -0.002909  0.999381  0.001584  -0.005383  0.001896  0.000000  0.000000  0.000000  2.000000  
157.858813 0.003709  0.090342  -0.007386  0.999324  0.011219  -0.035013  -0.011110  0.999933  0.003301  0.035048  -0.002909  0.999381  0.001626  -0.005576  0.002055  0.000000  0.000000  0.000000  2.000000  
157.860062 0.003711  0.090334  -0.007383  0.999317  0.011425  -0.035146  -0.011316  0.999930  0.003309  0.035182  -0.002909  0.999377  0.001657  -0.005744  0.002196  0.000000  0.000000  0.000000  2.000000  
157.861067 0.003713  0.090329  -0.007380  0.999317  0.011425  -0.035146  -0.011316  0.999930  0.003309  0.035182  -0.002909  0.999377  0.001723  -0.005819  0.002396  0.000000  0.000000  0.000000  2.000000  
157.862068 0.003715  0.090324  -0.007376  0.999317  0.011425  -0.035146  -0.011316  0.999930  0.003309  0.035182  -0.002909  0.999377  0.001769  -0.005827  0.002570  0.000000  0.000000  0.000000  2.000000  
157.863312 0.003718  0.090317  -0.007372  0.999315  0.011631  -0.035146  -0.011521  0.999928  0.003317  0.035182  -0.002909  0.999377  0.001808  -0.005890  0.002696  0.000000  0.000000  0.000000  2.000000  
157.864323 0.003719  0.090311  -0.007369  0.999315  0.011631  -0.035146  -0.011521  0.999928  0.003317  0.035182  -0.002909  0.999377  0.001853  -0.005913  0.002741  0.000000  0.000000  0.000000  2.000000  
157.865570 0.003722  0.090304  -0.007365  0.999315  0.011631  -0.035146  -0.011521  0.999928  0.003317  0.035182  -0.002909  0.999377  0.001892  -0.005914  0.002772  0.000000  0.000000  0.000000  2.000000  
157.866578 0.003723  0.090298  -0.007362  0.999312  0.011837  -0.035145  -0.011727  0.999926  0.003324  0.035182  -0.002909  0.999377  0.001921  -0.005881  0.002790  0.000000  0.000000  0.000000  2.000000  
157.867580 0.003725  0.090292  -0.007359  0.999312  0.011837  -0.035145  -0.011727  0.999926  0.003324  0.035182  -0.002909  0.999377  0.001908  -0.005878  0.002825  0.000000  0.000000  0.000000  2.000000  
157.868818 0.003728  0.090285  -0.007355  0.999305  0.012043  -0.035278  -0.011933  0.999923  0.003333  0.035316  -0.002909  0.999372  0.001946  -0.005824  0.002937  0.000000  0.000000  0.000000  2.000000  
157.870066 0.003730  0.090278  -0.007350  0.999305  0.012043  -0.035278  -0.011933  0.999923  0.003333  0.035316  -0.002909  0.999372  0.001950  -0.005791  0.003017  0.000000  0.000000  0.000000  2.000000  
157.871067 0.003732  0.090272  -0.007346  0.999305  0.012043  -0.035278  -0.011933  0.999923  0.003333  0.035316  -0.002909  0.999372  0.001944  -0.005757  0.003153  0.000000  0.000000  0.000000  2.000000  
157.872316 0.003734  0.090265  -0.007342  0.999302  0.012249  -0.035277  -0.012139  0.999921  0.003340  0.035316  -0.002909  0.999372  0.001927  -0.005778  0.003235  0.000000  0.000000  0.000000  2.000000  
157.873567 0.003737  0.090257  -0.007339  0.999302  0.012249  -0.035277  -0.012139  0.999921  0.003340  0.035316  -0.002909  0.999372  0.001905  -0.005749  0.003246  0.000000  0.000000  0.000000  2.000000  
157.874575 0.003738  0.090252  -0.007336  0.999300  0.012450  -0.035278  -0.012344  0.999919  0.003226  0.035316  -0.002788  0.999372  0.001895  -0.005718  0.003245  0.000000  0.000000  0.000000  2.000000  
157.875814 0.003741  0.090245  -0.007333  0.999300  0.012450  -0.035278  -0.012344  0.999919  0.003226  0.035316  -0.002788  0.999372  0.001870  -0.005730  0.003171  0.000000  0.000000  0.000000  2.000000  
157.876814 0.003742  0.090239  -0.007332  0.999297  0.012656  -0.035278  -0.012550  0.999916  0.003233  0.035316  -0.002788  0.999372  0.001839  -0.005772  0.003031  0.000000  0.000000  0.000000  2.000000  
157.878064 0.003744  0.090232  -0.007330  0.999297  0.012656  -0.035278  -0.012550  0.999916  0.003233  0.035316  -0.002788  0.999372  0.001819  -0.005756  0.002912  0.000000  0.000000  0.000000  2.000000  
157.879070 0.003745  0.090226  -0.007329  0.999295  0.012858  -0.035278  -0.012756  0.999914  0.003119  0.035316  -0.002667  0.999373  0.001748  -0.005800  0.002737  0.000000  0.000000  0.000000  2.000000  
157.880314 0.003747  0.090219  -0.007327  0.999295  0.012858  -0.035278  -0.012756  0.999914  0.003119  0.035316  -0.002667  0.999373  0.001721  -0.005761  0.002613  0.000000  0.000000  0.000000  2.000000  
157.881318 0.003748  0.090213  -0.007325  0.999295  0.012858  -0.035278  -0.012756  0.999914  0.003119  0.035316  -0.002667  0.999373  0.001690  -0.005727  0.002499  0.000000  0.000000  0.000000  2.000000  
157.882320 0.003749  0.090208  -0.007324  0.999292  0.013064  -0.035278  -0.012961  0.999911  0.003126  0.035316  -0.002667  0.999373  0.001651  -0.005682  0.002412  0.000000  0.000000  0.000000  2.000000  
157.883569 0.003751  0.090201  -0.007321  0.999292  0.013064  -0.035278  -0.012961  0.999911  0.003126  0.035316  -0.002667  0.999373  0.001574  -0.005665  0.002307  0.000000  0.000000  0.000000  2.000000  
157.884816 0.003752  0.090194  -0.007318  0.999289  0.013265  -0.035279  -0.013167  0.999909  0.003012  0.035316  -0.002546  0.999373  0.001469  -0.005654  0.002176  0.000000  0.000000  0.000000  2.000000  
157.886066 0.003753  0.090188  -0.007315  0.999289  0.013265  -0.035279  -0.013167  0.999909  0.003012  0.035316  -0.002546  0.999373  0.001389  -0.005615  0.002063  0.000000  0.000000  0.000000  2.000000  
157.887069 0.003754  0.090182  -0.007314  0.999289  0.013265  -0.035279  -0.013167  0.999909  0.003012  0.035316  -0.002546  0.999373  0.001312  -0.005576  0.001907  0.000000  0.000000  0.000000  2.000000  
157.888319 0.003755  0.090175  -0.007311  0.999287  0.013467  -0.035280  -0.013373  0.999906  0.002898  0.035316  -0.002424  0.999373  0.001234  -0.005581  0.001847  0.000000  0.000000  0.000000  2.000000  
157.889658 0.003756  0.090169  -0.007309  0.999287  0.013467  -0.035280  -0.013373  0.999906  0.002898  0.035316  -0.002424  0.999373  0.001133  -0.005503  0.001756  0.000000  0.000000  0.000000  2.000000  
157.890818 0.003756  0.090161  -0.007308  0.999287  0.013463  -0.035281  -0.013373  0.999907  0.002777  0.035316  -0.002303  0.999374  0.001054  -0.005517  0.001697  0.000000  0.000000  0.000000  2.000000  
157.892065 0.003757  0.090155  -0.007306  0.999279  0.013669  -0.035415  -0.013579  0.999904  0.002786  0.035449  -0.002303  0.999369  0.000994  -0.005495  0.001692  0.000000  0.000000  0.000000  2.000000  
157.893316 0.003758  0.090148  -0.007304  0.999279  0.013669  -0.035415  -0.013579  0.999904  0.002786  0.035449  -0.002303  0.999369  0.000921  -0.005464  0.001721  0.000000  0.000000  0.000000  2.000000  
157.894569 0.003759  0.090142  -0.007302  0.999279  0.013669  -0.035415  -0.013579  0.999904  0.002786  0.035449  -0.002303  0.999369  0.000892  -0.005412  0.001736  0.000000  0.000000  0.000000  2.000000  
157.895569 0.003760  0.090136  -0.007301  0.999284  0.013664  -0.035282  -0.013579  0.999904  0.002663  0.035316  -0.002182  0.999374  0.000866  -0.005421  0.001672  0.000000  0.000000  0.000000  2.000000  
157.896817 0.003761  0.090129  -0.007300  0.999284  0.013664  -0.035282  -0.013579  0.999904  0.002663  0.035316  -0.002182  0.999374  0.000782  -0.005445  0.001657  0.000000  0.000000  0.000000  2.000000  
157.897821 0.003761  0.090123  -0.007299  0.999281  0.013870  -0.035282  -0.013784  0.999901  0.002670  0.035316  -0.002182  0.999374  0.000712  -0.005473  0.001606  0.000000  0.000000  0.000000  2.000000  
157.899068 0.003761  0.090116  -0.007297  0.999281  0.013870  -0.035282  -0.013784  0.999901  0.002670  0.035316  -0.002182  0.999374  0.000623  -0.005534  0.001503  0.000000  0.000000  0.000000  2.000000  
157.900069 0.003760  0.090110  -0.007297  0.999281  0.013870  -0.035282  -0.013784  0.999901  0.002670  0.035316  -0.002182  0.999374  0.000534  -0.005591  0.001397  0.000000  0.000000  0.000000  2.000000  
157.901317 0.003761  0.090102  -0.007296  0.999281  0.013870  -0.035282  -0.013784  0.999901  0.002670  0.035316  -0.002182  0.999374  0.000498  -0.005655  0.001289  0.000000  0.000000  0.000000  2.000000  
157.902318 0.003760  0.090096  -0.007294  0.999281  0.013870  -0.035282  -0.013784  0.999901  0.002670  0.035316  -0.002182  0.999374  0.000400  -0.005682  0.001263  0.000000  0.000000  0.000000  2.000000  
157.903568 0.003760  0.090088  -0.007293  0.999281  0.013870  -0.035282  -0.013784  0.999901  0.002670  0.035316  -0.002182  0.999374  0.000331  -0.005710  0.001214  0.000000  0.000000  0.000000  2.000000  
157.904569 0.003760  0.090082  -0.007291  0.999281  0.013870  -0.035282  -0.013784  0.999901  0.002670  0.035316  -0.002182  0.999374  0.000266  -0.005817  0.001226  0.000000  0.000000  0.000000  2.000000  
157.905817 0.003759  0.090075  -0.007289  0.999281  0.013870  -0.035282  -0.013784  0.999901  0.002670  0.035316  -0.002182  0.999374  0.000200  -0.005777  0.001258  0.000000  0.000000  0.000000  2.000000  
157.907069 0.003759  0.090068  -0.007287  0.999281  0.013870  -0.035282  -0.013784  0.999901  0.002670  0.035316  -0.002182  0.999374  0.000127  -0.005799  0.001253  0.000000  0.000000  0.000000  2.000000  
157.908315 0.003759  0.090060  -0.007285  0.999281  0.013870  -0.035282  -0.013784  0.999901  0.002670  0.035316  -0.002182  0.999374  0.000051  -0.005874  0.001249  0.000000  0.000000  0.000000  2.000000  
157.909588 0.003758  0.090052  -0.007284  0.999281  0.013870  -0.035282  -0.013784  0.999901  0.002670  0.035316  -0.002182  0.999374  -0.000055  -0.005918  0.001223  0.000000  0.000000  0.000000  2.000000  
157.910814 0.003758  0.090045  -0.007283  0.999281  0.013874  -0.035280  -0.013784  0.999901  0.002792  0.035316  -0.002303  0.999374  -0.000162  -0.006000  0.001199  0.000000  0.000000  0.000000  2.000000  
157.911817 0.003757  0.090038  -0.007282  0.999281  0.013874  -0.035280  -0.013784  0.999901  0.002792  0.035316  -0.002303  0.999374  -0.000229  -0.006052  0.001151  0.000000  0.000000  0.000000  2.000000  
157.912822 0.003757  0.090031  -0.007281  0.999281  0.013874  -0.035280  -0.013784  0.999901  0.002792  0.035316  -0.002303  0.999374  -0.000252  -0.006102  0.001142  0.000000  0.000000  0.000000  2.000000  
157.914067 0.003756  0.090023  -0.007281  0.999281  0.013874  -0.035280  -0.013784  0.999901  0.002792  0.035316  -0.002303  0.999374  -0.000306  -0.006178  0.001113  0.000000  0.000000  0.000000  2.000000  
157.915072 0.003756  0.090016  -0.007280  0.999281  0.013874  -0.035280  -0.013784  0.999901  0.002792  0.035316  -0.002303  0.999374  -0.000348  -0.006205  0.001136  0.000000  0.000000  0.000000  2.000000  
157.916317 0.003754  0.090007  -0.007279  0.999281  0.013879  -0.035279  -0.013784  0.999901  0.002913  0.035316  -0.002424  0.999373  -0.000426  -0.006335  0.001097  0.000000  0.000000  0.000000  2.000000  
157.917318 0.003754  0.090000  -0.007279  0.999284  0.013673  -0.035279  -0.013579  0.999904  0.002906  0.035316  -0.002424  0.999373  -0.000437  -0.006380  0.001046  0.000000  0.000000  0.000000  2.000000  
157.918575 0.003753  0.089991  -0.007278  0.999284  0.013673  -0.035279  -0.013579  0.999904  0.002906  0.035316  -0.002424  0.999373  -0.000478  -0.006468  0.000988  0.000000  0.000000  0.000000  2.000000  
157.919822 0.003752  0.089982  -0.007277  0.999284  0.013677  -0.035278  -0.013579  0.999903  0.003027  0.035316  -0.002546  0.999373  -0.000480  -0.006538  0.000949  0.000000  0.000000  0.000000  2.000000  
157.920825 0.003752  0.089975  -0.007276  0.999284  0.013677  -0.035278  -0.013579  0.999903  0.003027  0.035316  -0.002546  0.999373  -0.000457  -0.006630  0.000850  0.000000  0.000000  0.000000  2.000000  
157.922070 0.003752  0.089967  -0.007275  0.999284  0.013677  -0.035278  -0.013579  0.999903  0.003027  0.035316  -0.002546  0.999373  -0.000486  -0.006719  0.000752  0.000000  0.000000  0.000000  2.000000  
157.923314 0.003751  0.089958  -0.007275  0.999284  0.013681  -0.035276  -0.013579  0.999903  0.003148  0.035316  -0.002667  0.999373  -0.000519  -0.006811  0.000697  0.000000  0.000000  0.000000  2.000000  
157.924316 0.003751  0.089951  -0.007274  0.999284  0.013681  -0.035276  -0.013579  0.999903  0.003148  0.035316  -0.002667  0.999373  -0.000479  -0.006894  0.000650  0.000000  0.000000  0.000000  2.000000  
157.925562 0.003751  0.089942  -0.007274  0.999284  0.013681  -0.035276  -0.013579  0.999903  0.003148  0.035316  -0.002667  0.999373  -0.000473  -0.006971  0.000626  0.000000  0.000000  0.000000  2.000000  
157.926569 0.003751  0.089935  -0.007273  0.999284  0.013681  -0.035276  -0.013579  0.999903  0.003148  0.035316  -0.002667  0.999373  -0.000427  -0.007009  0.000666  0.000000  0.000000  0.000000  2.000000  
157.927577 0.003751  0.089928  -0.007271  0.999284  0.013681  -0.035276  -0.013579  0.999903  0.003148  0.035316  -0.002667  0.999373  -0.000388  -0.007006  0.000696  0.000000  0.000000  0.000000  2.000000  
157.928814 0.003751  0.089919  -0.007270  0.999284  0.013686  -0.035274  -0.013579  0.999902  0.003269  0.035316  -0.002788  0.999372  -0.000330  -0.007019  0.000701  0.000000  0.000000  0.000000  2.000000  
157.929816 0.003751  0.089912  -0.007269  0.999284  0.013686  -0.035274  -0.013579  0.999902  0.003269  0.035316  -0.002788  0.999372  -0.000284  -0.007044  0.000742  0.000000  0.000000  0.000000  2.000000  
157.930824 0.003752  0.089905  -0.007268  0.999284  0.013686  -0.035274  -0.013579  0.999902  0.003269  0.035316  -0.002788  0.999372  -0.000221  -0.007082  0.000748  0.000000  0.000000  0.000000  2.000000  
157.932066 0.003752  0.089896  -0.007267  0.999284  0.013686  -0.035274  -0.013579  0.999902  0.003269  0.035316  -0.002788  0.999372  -0.000128  -0.007088  0.000782  0.000000  0.000000  0.000000  2.000000  
157.933068 0.003753  0.089889  -0.007266  0.999284  0.013690  -0.035273  -0.013579  0.999902  0.003391  0.035316  -0.002909  0.999372  -0.000008  -0.007059  0.000820  0.000000  0.000000  0.000000  2.000000  
157.934315 0.003754  0.089880  -0.007265  0.999284  0.013690  -0.035273  -0.013579  0.999902  0.003391  0.035316  -0.002909  0.999372  0.000074  -0.007041  0.000843  0.000000  0.000000  0.000000  2.000000  
157.935316 0.003754  0.089873  -0.007264  0.999284  0.013690  -0.035273  -0.013579  0.999902  0.003391  0.035316  -0.002909  0.999372  0.000146  -0.007070  0.000814  0.000000  0.000000  0.000000  2.000000  
157.936323 0.003755  0.089866  -0.007263  0.999284  0.013694  -0.035271  -0.013579  0.999902  0.003512  0.035316  -0.003031  0.999372  0.000226  -0.007061  0.000868  0.000000  0.000000  0.000000  2.000000  
157.937578 0.003757  0.089857  -0.007261  0.999284  0.013694  -0.035271  -0.013579  0.999902  0.003512  0.035316  -0.003031  0.999372  0.000338  -0.007070  0.000965  0.000000  0.000000  0.000000  2.000000  
157.938815 0.003758  0.089849  -0.007258  0.999284  0.013694  -0.035271  -0.013579  0.999902  0.003512  0.035316  -0.003031  0.999372  0.000456  -0.006982  0.001087  0.000000  0.000000  0.000000  2.000000  
157.939816 0.003760  0.089842  -0.007257  0.999284  0.013694  -0.035271  -0.013579  0.999902  0.003512  0.035316  -0.003031  0.999372  0.000553  -0.007005  0.001122  0.000000  0.000000  0.000000  2.000000  
157.940819 0.003761  0.089836  -0.007255  0.999284  0.013698  -0.035269  -0.013579  0.999901  0.003633  0.035316  -0.003152  0.999371  0.000690  -0.006946  0.001257  0.000000  0.000000  0.000000  2.000000  
157.942064 0.003763  0.089828  -0.007252  0.999284  0.013698  -0.035269  -0.013579  0.999901  0.003633  0.035316  -0.003152  0.999371  0.000768  -0.006936  0.001316  0.000000  0.000000  0.000000  2.000000  
157.943312 0.003765  0.089820  -0.007250  0.999281  0.013904  -0.035268  -0.013784  0.999898  0.003641  0.035316  -0.003152  0.999371  0.000899  -0.006868  0.001370  0.000000  0.000000  0.000000  2.000000  
157.944317 0.003767  0.089814  -0.007247  0.999281  0.013904  -0.035268  -0.013784  0.999898  0.003641  0.035316  -0.003152  0.999371  0.001016  -0.006786  0.001493  0.000000  0.000000  0.000000  2.000000  
157.945566 0.003769  0.089806  -0.007244  0.999281  0.013904  -0.035268  -0.013784  0.999898  0.003641  0.035316  -0.003152  0.999371  0.001148  -0.006712  0.001583  0.000000  0.000000  0.000000  2.000000  
157.946819 0.003771  0.089799  -0.007242  0.999281  0.013904  -0.035268  -0.013784  0.999898  0.003641  0.035316  -0.003152  0.999371  0.001278  -0.006588  0.001703  0.000000  0.000000  0.000000  2.000000  
157.947823 0.003773  0.089793  -0.007239  0.999281  0.013904  -0.035268  -0.013784  0.999898  0.003641  0.035316  -0.003152  0.999371  0.001358  -0.006505  0.001798  0.000000  0.000000  0.000000  2.000000  
157.949066 0.003776  0.089786  -0.007236  0.999281  0.013904  -0.035268  -0.013784  0.999898  0.003641  0.035316  -0.003152  0.999371  0.001494  -0.006348  0.001923  0.000000  0.000000  0.000000  2.000000  
157.950070 0.003777  0.089781  -0.007234  0.999281  0.013904  -0.035268  -0.013784  0.999898  0.003641  0.035316  -0.003152  0.999371  0.001561  -0.006261  0.002052  0.000000  0.000000  0.000000  2.000000  
157.951316 0.003780  0.089774  -0.007230  0.999281  0.013904  -0.035268  -0.013784  0.999898  0.003641  0.035316  -0.003152  0.999371  0.001649  -0.006099  0.002187  0.000000  0.000000  0.000000  2.000000  
157.952568 0.003783  0.089768  -0.007227  0.999278  0.014110  -0.035268  -0.013990  0.999895  0.003648  0.035316  -0.003152  0.999371  0.001714  -0.005972  0.002261  0.000000  0.000000  0.000000  2.000000  
157.953817 0.003785  0.089761  -0.007224  0.999278  0.014110  -0.035268  -0.013990  0.999895  0.003648  0.035316  -0.003152  0.999371  0.001775  -0.005841  0.002331  0.000000  0.000000  0.000000  2.000000  
157.954819 0.003787  0.089756  -0.007222  0.999278  0.014110  -0.035268  -0.013990  0.999895  0.003648  0.035316  -0.003152  0.999371  0.001829  -0.005763  0.002361  0.000000  0.000000  0.000000  2.000000  
157.956064 0.003789  0.089749  -0.007219  0.999278  0.014110  -0.035268  -0.013990  0.999895  0.003648  0.035316  -0.003152  0.999371  0.001838  -0.005670  0.002353  0.000000  0.000000  0.000000  2.000000  
157.957066 0.003791  0.089744  -0.007216  0.999278  0.014110  -0.035268  -0.013990  0.999895  0.003648  0.035316  -0.003152  0.999371  0.001915  -0.005538  0.002390  0.000000  0.000000  0.000000  2.000000  
157.958314 0.003793  0.089738  -0.007214  0.999278  0.014110  -0.035268  -0.013990  0.999895  0.003648  0.035316  -0.003152  0.999371  0.001902  -0.005414  0.002405  0.000000  0.000000  0.000000  2.000000  
157.959317 0.003795  0.089734  -0.007211  0.999275  0.014316  -0.035267  -0.014196  0.999893  0.003655  0.035316  -0.003152  0.999371  0.001909  -0.005321  0.002395  0.000000  0.000000  0.000000  2.000000  
157.960566 0.003797  0.089728  -0.007208  0.999271  0.014316  -0.035401  -0.014196  0.999893  0.003657  0.035449  -0.003152  0.999367  0.001927  -0.005171  0.002428  0.000000  0.000000  0.000000  2.000000  
157.961567 0.003799  0.089724  -0.007206  0.999271  0.014316  -0.035401  -0.014196  0.999893  0.003657  0.035449  -0.003152  0.999367  0.001915  -0.005034  0.002443  0.000000  0.000000  0.000000  2.000000  
157.962576 0.003801  0.089721  -0.007203  0.999271  0.014316  -0.035401  -0.014196  0.999893  0.003657  0.035449  -0.003152  0.999367  0.001901  -0.004922  0.002457  0.000000  0.000000  0.000000  2.000000  
157.963819 0.003803  0.089716  -0.007200  0.999271  0.014316  -0.035401  -0.014196  0.999893  0.003657  0.035449  -0.003152  0.999367  0.001888  -0.004778  0.002470  0.000000  0.000000  0.000000  2.000000  
157.965067 0.003805  0.089711  -0.007197  0.999268  0.014522  -0.035400  -0.014401  0.999890  0.003664  0.035449  -0.003152  0.999367  0.001821  -0.004625  0.002434  0.000000  0.000000  0.000000  2.000000  
157.966070 0.003807  0.089708  -0.007195  0.999268  0.014518  -0.035402  -0.014401  0.999890  0.003543  0.035449  -0.003031  0.999367  0.001801  -0.004510  0.002357  0.000000  0.000000  0.000000  2.000000  
157.967074 0.003807  0.089704  -0.007193  0.999268  0.014518  -0.035402  -0.014401  0.999890  0.003543  0.035449  -0.003031  0.999367  0.001740  -0.004359  0.002330  0.000000  0.000000  0.000000  2.000000  
157.968316 0.003809  0.089700  -0.007192  0.999268  0.014518  -0.035402  -0.014401  0.999890  0.003543  0.035449  -0.003031  0.999367  0.001655  -0.004217  0.002239  0.000000  0.000000  0.000000  2.000000  
157.969316 0.003810  0.089697  -0.007190  0.999265  0.014724  -0.035401  -0.014607  0.999887  0.003550  0.035449  -0.003031  0.999367  0.001572  -0.004121  0.002205  0.000000  0.000000  0.000000  2.000000  
157.970577 0.003811  0.089693  -0.007187  0.999260  0.014724  -0.035535  -0.014607  0.999887  0.003552  0.035583  -0.003031  0.999362  0.001494  -0.003916  0.002154  0.000000  0.000000  0.000000  2.000000  
157.971819 0.003812  0.089689  -0.007185  0.999260  0.014720  -0.035536  -0.014607  0.999887  0.003431  0.035583  -0.002909  0.999362  0.001403  -0.003804  0.002104  0.000000  0.000000  0.000000  2.000000  
157.973063 0.003813  0.089686  -0.007183  0.999260  0.014720  -0.035536  -0.014607  0.999887  0.003431  0.035583  -0.002909  0.999362  0.001367  -0.003607  0.002088  0.000000  0.000000  0.000000  2.000000  
157.974066 0.003814  0.089683  -0.007181  0.999260  0.014720  -0.035536  -0.014607  0.999887  0.003431  0.035583  -0.002909  0.999362  0.001267  -0.003446  0.002035  0.000000  0.000000  0.000000  2.000000  
157.975313 0.003815  0.089680  -0.007180  0.999257  0.014926  -0.035536  -0.014813  0.999884  0.003438  0.035583  -0.002909  0.999362  0.001177  -0.003295  0.001931  0.000000  0.000000  0.000000  2.000000  
157.976568 0.003816  0.089678  -0.007178  0.999257  0.014921  -0.035538  -0.014813  0.999885  0.003317  0.035583  -0.002788  0.999363  0.001091  -0.003111  0.001795  0.000000  0.000000  0.000000  2.000000  
157.977577 0.003817  0.089676  -0.007177  0.999257  0.014921  -0.035538  -0.014813  0.999885  0.003317  0.035583  -0.002788  0.999363  0.001013  -0.002990  0.001713  0.000000  0.000000  0.000000  2.000000  
157.978818 0.003817  0.089673  -0.007176  0.999252  0.014922  -0.035671  -0.014813  0.999885  0.003319  0.035717  -0.002788  0.999358  0.000927  -0.002847  0.001615  0.000000  0.000000  0.000000  2.000000  
157.980062 0.003818  0.089671  -0.007175  0.999249  0.015123  -0.035672  -0.015018  0.999882  0.003205  0.035717  -0.002667  0.999358  0.000886  -0.002684  0.001510  0.000000  0.000000  0.000000  2.000000  
157.981070 0.003819  0.089669  -0.007174  0.999249  0.015123  -0.035672  -0.015018  0.999882  0.003205  0.035717  -0.002667  0.999358  0.000806  -0.002558  0.001432  0.000000  0.000000  0.000000  2.000000  
157.982319 0.003820  0.089668  -0.007173  0.999249  0.015123  -0.035672  -0.015018  0.999882  0.003205  0.035717  -0.002667  0.999358  0.000789  -0.002343  0.001337  0.000000  0.000000  0.000000  2.000000  
157.983569 0.003820  0.089666  -0.007172  0.999249  0.015123  -0.035672  -0.015018  0.999882  0.003205  0.035717  -0.002667  0.999358  0.000733  -0.002169  0.001263  0.000000  0.000000  0.000000  2.000000  
157.984815 0.003821  0.089664  -0.007171  0.999249  0.015119  -0.035674  -0.015018  0.999882  0.003084  0.035717  -0.002546  0.999359  0.000690  -0.002038  0.001202  0.000000  0.000000  0.000000  2.000000  
157.985818 0.003821  0.089664  -0.007170  0.999249  0.015119  -0.035674  -0.015018  0.999882  0.003084  0.035717  -0.002546  0.999359  0.000695  -0.001895  0.001137  0.000000  0.000000  0.000000  2.000000  
157.986820 0.003822  0.089663  -0.007170  0.999244  0.015119  -0.035808  -0.015018  0.999882  0.003086  0.035850  -0.002546  0.999354  0.000649  -0.001711  0.001028  0.000000  0.000000  0.000000  2.000000  
157.988066 0.003822  0.089662  -0.007169  0.999241  0.015325  -0.035807  -0.015224  0.999879  0.003093  0.035850  -0.002546  0.999354  0.000584  -0.001594  0.000911  0.000000  0.000000  0.000000  2.000000  
157.989066 0.003823  0.089661  -0.007169  0.999241  0.015321  -0.035809  -0.015224  0.999880  0.002972  0.035850  -0.002424  0.999354  0.000587  -0.001450  0.000841  0.000000  0.000000  0.000000  2.000000  
157.990312 0.003823  0.089661  -0.007169  0.999241  0.015321  -0.035809  -0.015224  0.999880  0.002972  0.035850  -0.002424  0.999354  0.000566  -0.001313  0.000712  0.000000  0.000000  0.000000  2.000000  
157.991313 0.003823  0.089660  -0.007169  0.999241  0.015321  -0.035809  -0.015224  0.999880  0.002972  0.035850  -0.002424  0.999354  0.000490  -0.001191  0.000632  0.000000  0.000000  0.000000  2.000000  
157.992316 0.003823  0.089660  -0.007169  0.999241  0.015321  -0.035809  -0.015224  0.999880  0.002972  0.035850  -0.002424  0.999354  0.000450  -0.001069  0.000580  0.000000  0.000000  0.000000  2.000000  
157.993561 0.003824  0.089660  -0.007169  0.999236  0.015317  -0.035945  -0.015224  0.999880  0.002853  0.035984  -0.002303  0.999350  0.000430  -0.000937  0.000451  0.000000  0.000000  0.000000  2.000000  
157.994575 0.003824  0.089660  -0.007169  0.999236  0.015317  -0.035945  -0.015224  0.999880  0.002853  0.035984  -0.002303  0.999350  0.000390  -0.000806  0.000396  0.000000  0.000000  0.000000  2.000000  
157.995814 0.003824  0.089660  -0.007169  0.999236  0.015317  -0.035945  -0.015224  0.999880  0.002853  0.035984  -0.002303  0.999350  0.000345  -0.000673  0.000340  0.000000  0.000000  0.000000  2.000000  
157.996817 0.003824  0.089660  -0.007169  0.999236  0.015317  -0.035945  -0.015224  0.999880  0.002853  0.035984  -0.002303  0.999350  0.000314  -0.000576  0.000299  0.000000  0.000000  0.000000  2.000000  
157.997823 0.003824  0.089660  -0.007169  0.999236  0.015317  -0.035945  -0.015224  0.999880  0.002853  0.035984  -0.002303  0.999350  0.000262  -0.000494  0.000197  0.000000  0.000000  0.000000  2.000000  
157.999066 0.003823  0.089660  -0.007169  0.999236  0.015312  -0.035947  -0.015224  0.999880  0.002731  0.035984  -0.002182  0.999350  0.000188  -0.000391  0.000124  0.000000  0.000000  0.000000  2.000000  
158.000069 0.003823  0.089660  -0.007169  0.999232  0.015313  -0.036080  -0.015224  0.999880  0.002733  0.036118  -0.002182  0.999345  0.000128  -0.000326  0.000064  0.000000  0.000000  0.000000  2.000000  
158.001316 0.003822  0.089660  -0.007170  0.999232  0.015313  -0.036080  -0.015224  0.999880  0.002733  0.036118  -0.002182  0.999345  0.000057  -0.000226  -0.000007  0.000000  0.000000  0.000000  2.000000  
158.002579 0.003822  0.089660  -0.007170  0.999232  0.015313  -0.036080  -0.015224  0.999880  0.002733  0.036118  -0.002182  0.999345  -0.000005  -0.000156  -0.000067  0.000000  0.000000  0.000000  2.000000  
158.003814 0.003821  0.089660  -0.007171  0.999232  0.015313  -0.036080  -0.015224  0.999880  0.002733  0.036118  -0.002182  0.999345  -0.000090  -0.000135  -0.000137  0.000000  0.000000  0.000000  2.000000  
158.005064 0.003821  0.089660  -0.007172  0.999232  0.015313  -0.036080  -0.015224  0.999880  0.002733  0.036118  -0.002182  0.999345  -0.000175  -0.000037  -0.000176  0.000000  0.000000  0.000000  2.000000  
158.006066 0.003820  0.089661  -0.007172  0.999227  0.015313  -0.036214  -0.015224  0.999880  0.002735  0.036251  -0.002182  0.999340  -0.000188  0.000012  -0.000193  0.000000  0.000000  0.000000  2.000000  
158.007314 0.003820  0.089660  -0.007172  0.999227  0.015313  -0.036214  -0.015224  0.999880  0.002735  0.036251  -0.002182  0.999340  -0.000234  0.000034  -0.000233  0.000000  0.000000  0.000000  2.000000  
158.008568 0.003819  0.089660  -0.007173  0.999227  0.015313  -0.036214  -0.015224  0.999880  0.002735  0.036251  -0.002182  0.999340  -0.000298  0.000061  -0.000243  0.000000  0.000000  0.000000  2.000000  
158.009814 0.003819  0.089660  -0.007173  0.999227  0.015313  -0.036214  -0.015224  0.999880  0.002735  0.036251  -0.002182  0.999340  -0.000332  0.000058  -0.000269  0.000000  0.000000  0.000000  2.000000  
158.010819 0.003818  0.089660  -0.007173  0.999227  0.015313  -0.036214  -0.015224  0.999880  0.002735  0.036251  -0.002182  0.999340  -0.000368  0.000033  -0.000293  0.000000  0.000000  0.000000  2.000000  
158.011821 0.003818  0.089660  -0.007174  0.999222  0.015318  -0.036346  -0.015224  0.999880  0.002859  0.036385  -0.002303  0.999335  -0.000363  0.000054  -0.000338  0.000000  0.000000  0.000000  2.000000  
158.013065 0.003818  0.089660  -0.007175  0.999222  0.015318  -0.036346  -0.015224  0.999880  0.002859  0.036385  -0.002303  0.999335  -0.000375  0.000023  -0.000387  0.000000  0.000000  0.000000  2.000000  
158.014067 0.003818  0.089660  -0.007175  0.999222  0.015318  -0.036346  -0.015224  0.999880  0.002859  0.036385  -0.002303  0.999335  -0.000374  -0.000001  -0.000383  0.000000  0.000000  0.000000  2.000000  
158.015317 0.003818  0.089659  -0.007176  0.999222  0.015318  -0.036346  -0.015224  0.999880  0.002859  0.036385  -0.002303  0.999335  -0.000321  -0.000003  -0.000388  0.000000  0.000000  0.000000  2.000000  
158.016569 0.003817  0.089659  -0.007176  0.999225  0.015112  -0.036346  -0.015018  0.999883  0.002851  0.036385  -0.002303  0.999335  -0.000345  -0.000054  -0.000397  0.000000  0.000000  0.000000  2.000000  
158.017580 0.003817  0.089659  -0.007176  0.999225  0.015112  -0.036346  -0.015018  0.999883  0.002851  0.036385  -0.002303  0.999335  -0.000305  -0.000052  -0.000367  0.000000  0.000000  0.000000  2.000000  
158.018818 0.003818  0.089659  -0.007176  0.999220  0.015112  -0.036480  -0.015018  0.999883  0.002853  0.036519  -0.002303  0.999330  -0.000237  -0.000103  -0.000351  0.000000  0.000000  0.000000  2.000000  
158.020067 0.003817  0.089658  -0.007177  0.999220  0.015117  -0.036478  -0.015018  0.999883  0.002974  0.036519  -0.002424  0.999330  -0.000230  -0.000128  -0.000341  0.000000  0.000000  0.000000  2.000000  
158.021316 0.003817  0.089658  -0.007176  0.999220  0.015117  -0.036478  -0.015018  0.999883  0.002974  0.036519  -0.002424  0.999330  -0.000183  -0.000150  -0.000300  0.000000  0.000000  0.000000  2.000000  
158.022570 0.003817  0.089657  -0.007177  0.999220  0.015117  -0.036478  -0.015018  0.999883  0.002974  0.036519  -0.002424  0.999330  -0.000190  -0.000202  -0.000339  0.000000  0.000000  0.000000  2.000000  
158.023817 0.003817  0.089657  -0.007177  0.999215  0.015117  -0.036612  -0.015018  0.999883  0.002976  0.036653  -0.002424  0.999325  -0.000177  -0.000254  -0.000324  0.000000  0.000000  0.000000  2.000000  
158.025062 0.003817  0.089657  -0.007178  0.999215  0.015117  -0.036612  -0.015018  0.999883  0.002976  0.036653  -0.002424  0.999325  -0.000123  -0.000252  -0.000323  0.000000  0.000000  0.000000  2.000000  
158.026064 0.003817  0.089656  -0.007178  0.999215  0.015117  -0.036612  -0.015018  0.999883  0.002976  0.036653  -0.002424  0.999325  -0.000128  -0.000272  -0.000279  0.000000  0.000000  0.000000  2.000000  
158.027315 0.003817  0.089656  -0.007179  0.999215  0.015121  -0.036610  -0.015018  0.999882  0.003098  0.036653  -0.002546  0.999325  -0.000078  -0.000279  -0.000288  0.000000  0.000000  0.000000  2.000000  
158.028320 0.003817  0.089656  -0.007179  0.999210  0.015122  -0.036744  -0.015018  0.999882  0.003100  0.036786  -0.002546  0.999320  -0.000060  -0.000249  -0.000233  0.000000  0.000000  0.000000  2.000000  
158.029564 0.003817  0.089655  -0.007179  0.999210  0.015122  -0.036744  -0.015018  0.999882  0.003100  0.036786  -0.002546  0.999320  -0.000038  -0.000272  -0.000253  0.000000  0.000000  0.000000  2.000000  
158.030822 0.003817  0.089655  -0.007179  0.999210  0.015122  -0.036744  -0.015018  0.999882  0.003100  0.036786  -0.002546  0.999320  -0.000052  -0.000273  -0.000223  0.000000  0.000000  0.000000  2.000000  
158.032067 0.003817  0.089655  -0.007179  0.999205  0.015122  -0.036877  -0.015018  0.999882  0.003102  0.036920  -0.002545  0.999315  -0.000051  -0.000269  -0.000219  0.000000  0.000000  0.000000  2.000000  
158.033319 0.003817  0.089655  -0.007179  0.999205  0.015122  -0.036877  -0.015018  0.999882  0.003102  0.036920  -0.002545  0.999315  -0.000073  -0.000245  -0.000198  0.000000  0.000000  0.000000  2.000000  
158.034578 0.003817  0.089655  -0.007180  0.999205  0.015122  -0.036877  -0.015018  0.999882  0.003102  0.036920  -0.002545  0.999315  -0.000028  -0.000222  -0.000213  0.000000  0.000000  0.000000  2.000000  
158.035816 0.003816  0.089655  -0.007180  0.999200  0.015122  -0.037011  -0.015018  0.999882  0.003104  0.037054  -0.002545  0.999310  -0.000066  -0.000220  -0.000239  0.000000  0.000000  0.000000  2.000000  
158.036818 0.003816  0.089655  -0.007180  0.999200  0.015122  -0.037011  -0.015018  0.999882  0.003104  0.037054  -0.002545  0.999310  -0.000043  -0.000170  -0.000230  0.000000  0.000000  0.000000  2.000000  
158.037820 0.003816  0.089655  -0.007180  0.999200  0.015122  -0.037011  -0.015018  0.999882  0.003104  0.037054  -0.002545  0.999310  -0.000057  -0.000169  -0.000199  0.000000  0.000000  0.000000  2.000000  
158.038830 0.003816  0.089655  -0.007180  0.999195  0.015123  -0.037145  -0.015018  0.999882  0.003106  0.037187  -0.002545  0.999305  -0.000055  -0.000090  -0.000164  0.000000  0.000000  0.000000  2.000000  
158.040062 0.003816  0.089655  -0.007180  0.999195  0.015123  -0.037145  -0.015018  0.999882  0.003106  0.037187  -0.002545  0.999305  -0.000068  -0.000087  -0.000130  0.000000  0.000000  0.000000  2.000000  
158.041063 0.003816  0.089656  -0.007180  0.999195  0.015123  -0.037145  -0.015018  0.999882  0.003106  0.037187  -0.002545  0.999305  -0.000020  0.000015  -0.000109  0.000000  0.000000  0.000000  2.000000  
158.042064 0.003816  0.089656  -0.007180  0.999190  0.015123  -0.037279  -0.015018  0.999882  0.003108  0.037321  -0.002545  0.999300  -0.000034  0.000019  -0.000075  0.000000  0.000000  0.000000  2.000000  
158.043067 0.003816  0.089656  -0.007180  0.999190  0.015123  -0.037279  -0.015018  0.999882  0.003108  0.037321  -0.002545  0.999300  -0.000042  0.000043  -0.000086  0.000000  0.000000  0.000000  2.000000  
158.044311 0.003816  0.089657  -0.007179  0.999185  0.015123  -0.037412  -0.015017  0.999882  0.003110  0.037455  -0.002545  0.999295  -0.000031  0.000096  -0.000041  0.000000  0.000000  0.000000  2.000000  
158.045312 0.003816  0.089658  -0.007179  0.999185  0.015123  -0.037412  -0.015017  0.999882  0.003110  0.037455  -0.002545  0.999295  -0.000028  0.000174  -0.000007  0.000000  0.000000  0.000000  2.000000  
158.046319 0.003816  0.089658  -0.007179  0.999185  0.015119  -0.037414  -0.015017  0.999883  0.002989  0.037455  -0.002424  0.999295  -0.000028  0.000174  -0.000007  0.000000  0.000000  0.000000  2.000000  
158.047582 0.003816  0.089658  -0.007179  0.999180  0.015119  -0.037548  -0.015017  0.999883  0.002991  0.037589  -0.002424  0.999290  -0.000005  0.000227  0.000003  0.000000  0.000000  0.000000  2.000000  
