1-Time 2-Px 3-Py 4-Pz 5-R11 6-R21 7-R31 8-R12 9-R22 10-R32 11-R13 12-R23 13-R33 14-Vx 15-Vy 16-Vz 17-Wx 18-Wy 19-Wz 20-state 21-PR11 22-PR21 23-PR31 24-PR12 25-PR22 26-PR32 27-PR13 28-PR23 29-PR33 
85.443861 -0.000712  0.087440  -0.007516  0.999406  -0.020674  -0.027584  0.021401  0.999424  0.026340  0.027024  -0.026915  0.999272  0.000362  0.000299  0.000083  0.000000  0.000000  0.000000  2.000000  
85.444865 -0.000712  0.087440  -0.007516  0.999410  -0.020465  -0.027582  0.021195  0.999425  0.026467  0.027024  -0.027036  0.999269  0.000312  0.000232  0.000057  0.000000  0.000000  0.000000  2.000000  
85.445867 -0.000713  0.087437  -0.007517  0.999406  -0.020670  -0.027587  0.021401  0.999421  0.026461  0.027024  -0.027036  0.999269  0.000190  0.000036  -0.000041  0.000000  0.000000  0.000000  2.000000  
85.446873 -0.000715  0.087434  -0.007518  0.999402  -0.020667  -0.027721  0.021401  0.999421  0.026459  0.027158  -0.027036  0.999265  0.000012  -0.000233  -0.000166  0.000000  0.000000  0.000000  2.000000  
85.448120 -0.000717  0.087429  -0.007519  0.999398  -0.020660  -0.027857  0.021401  0.999418  0.026577  0.027292  -0.027157  0.999259  -0.000146  -0.000571  -0.000261  0.000000  0.000000  0.000000  2.000000  
85.449366 -0.000719  0.087424  -0.007520  0.999390  -0.020859  -0.027999  0.021607  0.999410  0.026689  0.027425  -0.027278  0.999252  -0.000285  -0.000941  -0.000332  0.000000  0.000000  0.000000  2.000000  
85.450379 -0.000721  0.087419  -0.007521  0.999390  -0.020855  -0.028001  0.021607  0.999407  0.026811  0.027425  -0.027399  0.999248  -0.000503  -0.001311  -0.000383  0.000000  0.000000  0.000000  2.000000  
85.451641 -0.000723  0.087414  -0.007522  0.999387  -0.020848  -0.028137  0.021607  0.999404  0.026929  0.027559  -0.027520  0.999241  -0.000690  -0.001715  -0.000443  0.000000  0.000000  0.000000  2.000000  
85.452873 -0.000724  0.087409  -0.007522  0.999382  -0.021050  -0.028145  0.021812  0.999396  0.027044  0.027559  -0.027642  0.999238  -0.000779  -0.002073  -0.000438  0.000000  0.000000  0.000000  2.000000  
85.454120 -0.000726  0.087403  -0.007522  0.999378  -0.021047  -0.028279  0.021812  0.999396  0.027042  0.027693  -0.027642  0.999234  -0.000936  -0.002455  -0.000480  0.000000  0.000000  0.000000  2.000000  
85.455140 -0.000728  0.087400  -0.007523  0.999374  -0.021249  -0.028287  0.022018  0.999389  0.027157  0.027693  -0.027763  0.999231  -0.001087  -0.002716  -0.000542  0.000000  0.000000  0.000000  2.000000  
85.456372 -0.000731  0.087395  -0.007524  0.999370  -0.021245  -0.028421  0.022018  0.999389  0.027154  0.027827  -0.027763  0.999227  -0.001290  -0.003077  -0.000623  0.000000  0.000000  0.000000  2.000000  
85.457619 -0.000733  0.087389  -0.007526  0.999362  -0.021447  -0.028560  0.022224  0.999384  0.027145  0.027960  -0.027763  0.999223  -0.001454  -0.003436  -0.000675  0.000000  0.000000  0.000000  2.000000  
85.458623 -0.000736  0.087384  -0.007526  0.999354  -0.021649  -0.028699  0.022429  0.999380  0.027136  0.028094  -0.027762  0.999220  -0.001624  -0.003769  -0.000736  0.000000  0.000000  0.000000  2.000000  
85.459870 -0.000739  0.087377  -0.007527  0.999350  -0.021642  -0.028836  0.022429  0.999377  0.027255  0.028228  -0.027884  0.999213  -0.001850  -0.004222  -0.000772  0.000000  0.000000  0.000000  2.000000  
85.460870 -0.000743  0.087370  -0.007528  0.999350  -0.021642  -0.028836  0.022429  0.999377  0.027255  0.028228  -0.027884  0.999213  -0.001984  -0.004500  -0.000728  0.000000  0.000000  0.000000  2.000000  
85.462115 -0.000746  0.087362  -0.007528  0.999341  -0.021841  -0.028978  0.022635  0.999369  0.027367  0.028362  -0.028005  0.999205  -0.002025  -0.004708  -0.000629  0.000000  0.000000  0.000000  2.000000  
85.463372 -0.000749  0.087354  -0.007528  0.999341  -0.021837  -0.028980  0.022635  0.999366  0.027488  0.028362  -0.028126  0.999202  -0.002127  -0.004959  -0.000566  0.000000  0.000000  0.000000  2.000000  
85.464617 -0.000753  0.087345  -0.007528  0.999338  -0.021826  -0.029119  0.022635  0.999359  0.027727  0.028495  -0.028368  0.999191  -0.002274  -0.005234  -0.000489  0.000000  0.000000  0.000000  2.000000  
85.465619 -0.000756  0.087337  -0.007528  0.999329  -0.022025  -0.029261  0.022840  0.999351  0.027840  0.028629  -0.028489  0.999184  -0.002341  -0.005446  -0.000452  0.000000  0.000000  0.000000  2.000000  
85.466865 -0.000759  0.087327  -0.007528  0.999325  -0.022014  -0.029400  0.022840  0.999345  0.028079  0.028763  -0.028732  0.999173  -0.002395  -0.005682  -0.000448  0.000000  0.000000  0.000000  2.000000  
85.467869 -0.000761  0.087320  -0.007529  0.999321  -0.022006  -0.029536  0.022840  0.999341  0.028197  0.028896  -0.028853  0.999166  -0.002446  -0.005948  -0.000520  0.000000  0.000000  0.000000  2.000000  
85.469117 -0.000763  0.087311  -0.007531  0.999313  -0.022201  -0.029681  0.023046  0.999330  0.028430  0.029030  -0.029095  0.999155  -0.002478  -0.006184  -0.000540  0.000000  0.000000  0.000000  2.000000  
85.470367 -0.000765  0.087302  -0.007532  0.999309  -0.022190  -0.029820  0.023046  0.999323  0.028670  0.029164  -0.029337  0.999144  -0.002444  -0.006457  -0.000589  0.000000  0.000000  0.000000  2.000000  
85.471371 -0.000767  0.087295  -0.007534  0.999309  -0.022186  -0.029823  0.023046  0.999320  0.028791  0.029164  -0.029458  0.999140  -0.002380  -0.006670  -0.000629  0.000000  0.000000  0.000000  2.000000  
85.472615 -0.000768  0.087285  -0.007535  0.999309  -0.022183  -0.029826  0.023046  0.999316  0.028912  0.029164  -0.029580  0.999137  -0.002357  -0.006935  -0.000645  0.000000  0.000000  0.000000  2.000000  
85.473620 -0.000770  0.087279  -0.007535  0.999309  -0.022179  -0.029828  0.023046  0.999313  0.029033  0.029164  -0.029701  0.999133  -0.002273  -0.007052  -0.000601  0.000000  0.000000  0.000000  2.000000  
85.474865 -0.000772  0.087270  -0.007536  0.999309  -0.022175  -0.029831  0.023046  0.999309  0.029155  0.029164  -0.029822  0.999130  -0.002154  -0.007128  -0.000582  0.000000  0.000000  0.000000  2.000000  
85.475868 -0.000773  0.087264  -0.007535  0.999309  -0.022175  -0.029831  0.023046  0.999309  0.029155  0.029164  -0.029822  0.999130  -0.001998  -0.007104  -0.000512  0.000000  0.000000  0.000000  2.000000  
85.476871 -0.000774  0.087257  -0.007535  0.999309  -0.022172  -0.029834  0.023046  0.999306  0.029276  0.029164  -0.029943  0.999126  -0.001862  -0.007103  -0.000461  0.000000  0.000000  0.000000  2.000000  
85.478116 -0.000774  0.087250  -0.007534  0.999309  -0.022168  -0.029836  0.023046  0.999302  0.029397  0.029164  -0.030064  0.999122  -0.001669  -0.007041  -0.000415  0.000000  0.000000  0.000000  2.000000  
85.479369 -0.000775  0.087242  -0.007533  0.999309  -0.022165  -0.029839  0.023046  0.999299  0.029518  0.029164  -0.030186  0.999119  -0.001490  -0.006972  -0.000370  0.000000  0.000000  0.000000  2.000000  
85.480370 -0.000776  0.087235  -0.007533  0.999305  -0.022153  -0.029978  0.023046  0.999291  0.029758  0.029298  -0.030428  0.999107  -0.001374  -0.006913  -0.000382  0.000000  0.000000  0.000000  2.000000  
85.481374 -0.000776  0.087228  -0.007533  0.999305  -0.022150  -0.029981  0.023046  0.999288  0.029879  0.029298  -0.030549  0.999104  -0.001231  -0.006842  -0.000332  0.000000  0.000000  0.000000  2.000000  
85.482379 -0.000777  0.087222  -0.007533  0.999305  -0.022146  -0.029984  0.023046  0.999284  0.030000  0.029298  -0.030670  0.999100  -0.001085  -0.006734  -0.000254  0.000000  0.000000  0.000000  2.000000  
85.483620 -0.000777  0.087213  -0.007533  0.999310  -0.021933  -0.029983  0.022840  0.999281  0.030249  0.029298  -0.030913  0.999093  -0.000991  -0.006708  -0.000144  0.000000  0.000000  0.000000  2.000000  
85.484869 -0.000777  0.087205  -0.007532  0.999310  -0.021926  -0.029988  0.022840  0.999274  0.030491  0.029298  -0.031155  0.999085  -0.000872  -0.006674  0.000028  0.000000  0.000000  0.000000  2.000000  
85.485872 -0.000778  0.087198  -0.007531  0.999310  -0.021922  -0.029991  0.022840  0.999270  0.030612  0.029298  -0.031276  0.999081  -0.000778  -0.006645  0.000138  0.000000  0.000000  0.000000  2.000000  
85.487119 -0.000778  0.087190  -0.007531  0.999310  -0.021915  -0.029996  0.022840  0.999263  0.030855  0.029298  -0.031518  0.999074  -0.000691  -0.006591  0.000238  0.000000  0.000000  0.000000  2.000000  
85.488120 -0.000779  0.087183  -0.007531  0.999310  -0.021911  -0.029999  0.022840  0.999259  0.030976  0.029298  -0.031640  0.999070  -0.000615  -0.006591  0.000296  0.000000  0.000000  0.000000  2.000000  
85.489372 -0.000779  0.087175  -0.007531  0.999314  -0.021912  -0.029868  0.022840  0.999255  0.031100  0.029164  -0.031761  0.999070  -0.000566  -0.006581  0.000297  0.000000  0.000000  0.000000  2.000000  
85.490381 -0.000780  0.087168  -0.007532  0.999314  -0.021908  -0.029870  0.022840  0.999252  0.031221  0.029164  -0.031882  0.999066  -0.000490  -0.006590  0.000225  0.000000  0.000000  0.000000  2.000000  
85.491625 -0.000780  0.087160  -0.007534  0.999318  -0.021695  -0.029869  0.022634  0.999248  0.031470  0.029164  -0.032125  0.999058  -0.000436  -0.006619  0.000083  0.000000  0.000000  0.000000  2.000000  
85.492867 -0.000781  0.087152  -0.007535  0.999322  -0.021696  -0.029738  0.022634  0.999244  0.031594  0.029030  -0.032246  0.999058  -0.000473  -0.006677  -0.000022  0.000000  0.000000  0.000000  2.000000  
85.493873 -0.000781  0.087145  -0.007535  0.999322  -0.021692  -0.029741  0.022634  0.999241  0.031715  0.029030  -0.032367  0.999054  -0.000415  -0.006633  -0.000102  0.000000  0.000000  0.000000  2.000000  
85.495115 -0.000782  0.087138  -0.007536  0.999322  -0.021689  -0.029743  0.022634  0.999237  0.031837  0.029030  -0.032488  0.999050  -0.000402  -0.006589  -0.000188  0.000000  0.000000  0.000000  2.000000  
85.496120 -0.000783  0.087132  -0.007537  0.999322  -0.021685  -0.029746  0.022634  0.999233  0.031958  0.029030  -0.032609  0.999046  -0.000426  -0.006512  -0.000242  0.000000  0.000000  0.000000  2.000000  
85.497370 -0.000784  0.087125  -0.007537  0.999323  -0.021471  -0.029876  0.022429  0.999234  0.032082  0.029164  -0.032730  0.999039  -0.000474  -0.006477  -0.000265  0.000000  0.000000  0.000000  2.000000  
85.498379 -0.000785  0.087119  -0.007536  0.999323  -0.021468  -0.029878  0.022429  0.999230  0.032203  0.029164  -0.032852  0.999035  -0.000517  -0.006407  -0.000242  0.000000  0.000000  0.000000  2.000000  
85.499617 -0.000787  0.087111  -0.007536  0.999323  -0.021460  -0.029884  0.022429  0.999222  0.032446  0.029164  -0.033094  0.999027  -0.000664  -0.006370  -0.000255  0.000000  0.000000  0.000000  2.000000  
85.500621 -0.000790  0.087105  -0.007535  0.999323  -0.021457  -0.029886  0.022429  0.999218  0.032567  0.029164  -0.033215  0.999023  -0.000811  -0.006354  -0.000298  0.000000  0.000000  0.000000  2.000000  
85.501865 -0.000792  0.087096  -0.007536  0.999323  -0.021453  -0.029889  0.022429  0.999214  0.032688  0.029164  -0.033336  0.999019  -0.000946  -0.006339  -0.000300  0.000000  0.000000  0.000000  2.000000  
85.502875 -0.000794  0.087090  -0.007536  0.999319  -0.021445  -0.030025  0.022428  0.999210  0.032806  0.029298  -0.033457  0.999011  -0.001066  -0.006294  -0.000325  0.000000  0.000000  0.000000  2.000000  
85.504119 -0.000798  0.087081  -0.007538  0.999324  -0.021236  -0.030021  0.022223  0.999210  0.032934  0.029298  -0.033579  0.999007  -0.001253  -0.006308  -0.000406  0.000000  0.000000  0.000000  2.000000  
85.505382 -0.000801  0.087073  -0.007540  0.999324  -0.021232  -0.030023  0.022223  0.999206  0.033055  0.029298  -0.033700  0.999002  -0.001409  -0.006285  -0.000452  0.000000  0.000000  0.000000  2.000000  
85.506619 -0.000804  0.087065  -0.007541  0.999324  -0.021225  -0.030029  0.022223  0.999198  0.033297  0.029298  -0.033942  0.998994  -0.001635  -0.006326  -0.000517  0.000000  0.000000  0.000000  2.000000  
85.507620 -0.000807  0.087059  -0.007543  0.999320  -0.021220  -0.030162  0.022223  0.999199  0.033294  0.029431  -0.033942  0.998990  -0.001759  -0.006305  -0.000536  0.000000  0.000000  0.000000  2.000000  
85.508620 -0.000810  0.087052  -0.007543  0.999320  -0.021217  -0.030165  0.022223  0.999194  0.033415  0.029431  -0.034063  0.998986  -0.001910  -0.006314  -0.000552  0.000000  0.000000  0.000000  2.000000  
85.509870 -0.000813  0.087044  -0.007545  0.999320  -0.021213  -0.030167  0.022223  0.999190  0.033537  0.029431  -0.034184  0.998982  -0.002102  -0.006343  -0.000609  0.000000  0.000000  0.000000  2.000000  
85.511117 -0.000817  0.087036  -0.007546  0.999324  -0.021004  -0.030163  0.022017  0.999191  0.033664  0.029431  -0.034305  0.998978  -0.002271  -0.006399  -0.000633  0.000000  0.000000  0.000000  2.000000  
85.512372 -0.000821  0.087028  -0.007547  0.999324  -0.021000  -0.030165  0.022017  0.999187  0.033785  0.029431  -0.034427  0.998974  -0.002487  -0.006456  -0.000743  0.000000  0.000000  0.000000  2.000000  
85.513625 -0.000826  0.087019  -0.007549  0.999320  -0.020992  -0.030302  0.022017  0.999183  0.033904  0.029565  -0.034548  0.998966  -0.002694  -0.006529  -0.000885  0.000000  0.000000  0.000000  2.000000  
85.514865 -0.000831  0.087010  -0.007550  0.999320  -0.020988  -0.030304  0.022017  0.999178  0.034025  0.029565  -0.034669  0.998961  -0.002879  -0.006631  -0.000913  0.000000  0.000000  0.000000  2.000000  
85.515867 -0.000835  0.087003  -0.007551  0.999320  -0.020988  -0.030304  0.022017  0.999178  0.034025  0.029565  -0.034669  0.998961  -0.003022  -0.006658  -0.001016  0.000000  0.000000  0.000000  2.000000  
85.517115 -0.000840  0.086994  -0.007552  0.999316  -0.020980  -0.030440  0.022017  0.999174  0.034143  0.029699  -0.034790  0.998953  -0.003195  -0.006750  -0.001084  0.000000  0.000000  0.000000  2.000000  
85.518120 -0.000845  0.086987  -0.007553  0.999316  -0.020976  -0.030443  0.022017  0.999170  0.034264  0.029699  -0.034911  0.998949  -0.003327  -0.006768  -0.001092  0.000000  0.000000  0.000000  2.000000  
85.519123 -0.000849  0.086980  -0.007553  0.999312  -0.020971  -0.030577  0.022017  0.999170  0.034261  0.029833  -0.034911  0.998945  -0.003425  -0.006729  -0.001040  0.000000  0.000000  0.000000  2.000000  
85.520372 -0.000854  0.086972  -0.007554  0.999312  -0.020968  -0.030579  0.022017  0.999166  0.034382  0.029833  -0.035032  0.998941  -0.003580  -0.006744  -0.000938  0.000000  0.000000  0.000000  2.000000  
85.521620 -0.000860  0.086964  -0.007555  0.999312  -0.020968  -0.030579  0.022017  0.999166  0.034382  0.029833  -0.035032  0.998941  -0.003692  -0.006751  -0.000925  0.000000  0.000000  0.000000  2.000000  
85.522870 -0.000864  0.086956  -0.007556  0.999308  -0.020959  -0.030715  0.022017  0.999162  0.034501  0.029966  -0.035153  0.998933  -0.003773  -0.006750  -0.000906  0.000000  0.000000  0.000000  2.000000  
85.524119 -0.000869  0.086948  -0.007558  0.999308  -0.020959  -0.030715  0.022017  0.999162  0.034501  0.029966  -0.035153  0.998933  -0.003884  -0.006743  -0.000938  0.000000  0.000000  0.000000  2.000000  
85.525383 -0.000874  0.086940  -0.007560  0.999308  -0.020959  -0.030715  0.022017  0.999162  0.034501  0.029966  -0.035153  0.998933  -0.003957  -0.006738  -0.000994  0.000000  0.000000  0.000000  2.000000  
85.526619 -0.000879  0.086931  -0.007563  0.999304  -0.021165  -0.030722  0.022222  0.999158  0.034494  0.029966  -0.035153  0.998933  -0.004061  -0.006804  -0.001112  0.000000  0.000000  0.000000  2.000000  
85.527867 -0.000884  0.086923  -0.007566  0.999300  -0.021156  -0.030859  0.022222  0.999154  0.034613  0.030100  -0.035274  0.998924  -0.004078  -0.006786  -0.001216  0.000000  0.000000  0.000000  2.000000  
85.528867 -0.000888  0.086916  -0.007569  0.999300  -0.021156  -0.030859  0.022222  0.999154  0.034613  0.030100  -0.035274  0.998924  -0.004107  -0.006811  -0.001361  0.000000  0.000000  0.000000  2.000000  
85.529871 -0.000892  0.086909  -0.007571  0.999300  -0.021156  -0.030859  0.022222  0.999154  0.034613  0.030100  -0.035274  0.998924  -0.004085  -0.006775  -0.001436  0.000000  0.000000  0.000000  2.000000  
85.531117 -0.000897  0.086900  -0.007574  0.999300  -0.021156  -0.030859  0.022222  0.999154  0.034613  0.030100  -0.035274  0.998924  -0.004074  -0.006737  -0.001524  0.000000  0.000000  0.000000  2.000000  
85.532117 -0.000901  0.086893  -0.007576  0.999296  -0.021152  -0.030992  0.022222  0.999154  0.034610  0.030234  -0.035274  0.998920  -0.004012  -0.006702  -0.001617  0.000000  0.000000  0.000000  2.000000  
85.533164 -0.000905  0.086887  -0.007578  0.999296  -0.021152  -0.030992  0.022222  0.999154  0.034610  0.030234  -0.035274  0.998920  -0.004010  -0.006687  -0.001708  0.000000  0.000000  0.000000  2.000000  
85.534376 -0.000910  0.086878  -0.007580  0.999296  -0.021152  -0.030992  0.022222  0.999154  0.034610  0.030234  -0.035274  0.998920  -0.003974  -0.006680  -0.001812  0.000000  0.000000  0.000000  2.000000  
85.535381 -0.000913  0.086872  -0.007583  0.999296  -0.021152  -0.030992  0.022222  0.999154  0.034610  0.030234  -0.035274  0.998920  -0.003920  -0.006636  -0.001960  0.000000  0.000000  0.000000  2.000000  
85.536620 -0.000918  0.086864  -0.007586  0.999292  -0.021147  -0.031126  0.022222  0.999154  0.034607  0.030368  -0.035274  0.998916  -0.003925  -0.006609  -0.002050  0.000000  0.000000  0.000000  2.000000  
85.537873 -0.000923  0.086857  -0.007589  0.999292  -0.021147  -0.031126  0.022222  0.999154  0.034607  0.030368  -0.035274  0.998916  -0.003910  -0.006569  -0.002233  0.000000  0.000000  0.000000  2.000000  
85.539119 -0.000927  0.086850  -0.007593  0.999288  -0.021142  -0.031259  0.022222  0.999154  0.034604  0.030501  -0.035274  0.998912  -0.003913  -0.006539  -0.002317  0.000000  0.000000  0.000000  2.000000  
85.540120 -0.000931  0.086844  -0.007595  0.999288  -0.021146  -0.031257  0.022222  0.999158  0.034482  0.030501  -0.035153  0.998916  -0.003903  -0.006492  -0.002376  0.000000  0.000000  0.000000  2.000000  
85.541373 -0.000936  0.086837  -0.007599  0.999288  -0.021146  -0.031257  0.022222  0.999158  0.034482  0.030501  -0.035153  0.998916  -0.003891  -0.006408  -0.002415  0.000000  0.000000  0.000000  2.000000  
85.542375 -0.000940  0.086832  -0.007601  0.999292  -0.020940  -0.031250  0.022016  0.999163  0.034489  0.030501  -0.035153  0.998916  -0.003870  -0.006273  -0.002439  0.000000  0.000000  0.000000  2.000000  
85.543622 -0.000945  0.086825  -0.007605  0.999292  -0.020944  -0.031247  0.022016  0.999167  0.034368  0.030501  -0.035031  0.998921  -0.003867  -0.006155  -0.002460  0.000000  0.000000  0.000000  2.000000  
85.544627 -0.000949  0.086820  -0.007608  0.999292  -0.020944  -0.031247  0.022016  0.999167  0.034368  0.030501  -0.035031  0.998921  -0.003863  -0.006036  -0.002481  0.000000  0.000000  0.000000  2.000000  
85.545867 -0.000954  0.086813  -0.007611  0.999292  -0.020944  -0.031247  0.022016  0.999167  0.034368  0.030501  -0.035031  0.998921  -0.003863  -0.005944  -0.002531  0.000000  0.000000  0.000000  2.000000  
85.546871 -0.000958  0.086807  -0.007614  0.999288  -0.020939  -0.031381  0.022016  0.999167  0.034365  0.030635  -0.035031  0.998917  -0.003860  -0.005831  -0.002610  0.000000  0.000000  0.000000  2.000000  
85.548117 -0.000963  0.086800  -0.007619  0.999288  -0.020943  -0.031378  0.022016  0.999171  0.034244  0.030635  -0.034910  0.998921  -0.003846  -0.005766  -0.002732  0.000000  0.000000  0.000000  2.000000  
85.549119 -0.000967  0.086795  -0.007623  0.999293  -0.020738  -0.031371  0.021810  0.999175  0.034250  0.030635  -0.034910  0.998921  -0.003853  -0.005665  -0.002861  0.000000  0.000000  0.000000  2.000000  
85.550119 -0.000971  0.086790  -0.007626  0.999289  -0.020733  -0.031505  0.021810  0.999175  0.034247  0.030769  -0.034910  0.998917  -0.003850  -0.005573  -0.002901  0.000000  0.000000  0.000000  2.000000  
85.551366 -0.000975  0.086783  -0.007631  0.999289  -0.020733  -0.031505  0.021810  0.999175  0.034247  0.030769  -0.034910  0.998917  -0.003884  -0.005514  -0.003027  0.000000  0.000000  0.000000  2.000000  
85.552375 -0.000979  0.086778  -0.007634  0.999289  -0.020733  -0.031505  0.021810  0.999175  0.034247  0.030769  -0.034910  0.998917  -0.003910  -0.005459  -0.003077  0.000000  0.000000  0.000000  2.000000  
85.553622 -0.000984  0.086772  -0.007638  0.999289  -0.020733  -0.031505  0.021810  0.999175  0.034247  0.030769  -0.034910  0.998917  -0.003910  -0.005376  -0.003117  0.000000  0.000000  0.000000  2.000000  
85.554626 -0.000988  0.086767  -0.007641  0.999289  -0.020523  -0.031631  0.021604  0.999180  0.034251  0.030903  -0.034910  0.998913  -0.003913  -0.005316  -0.003108  0.000000  0.000000  0.000000  2.000000  
85.555873 -0.000993  0.086762  -0.007644  0.999289  -0.020526  -0.031629  0.021604  0.999184  0.034130  0.030903  -0.034789  0.998917  -0.003897  -0.005203  -0.003164  0.000000  0.000000  0.000000  2.000000  
85.557122 -0.000998  0.086756  -0.007649  0.999289  -0.020526  -0.031629  0.021604  0.999184  0.034130  0.030903  -0.034789  0.998917  -0.003919  -0.005133  -0.003195  0.000000  0.000000  0.000000  2.000000  
85.558377 -0.001003  0.086751  -0.007652  0.999285  -0.020522  -0.031763  0.021604  0.999184  0.034127  0.031036  -0.034788  0.998913  -0.003906  -0.005035  -0.003204  0.000000  0.000000  0.000000  2.000000  
85.559622 -0.001008  0.086746  -0.007656  0.999289  -0.020320  -0.031753  0.021399  0.999192  0.034012  0.031036  -0.034667  0.998917  -0.003912  -0.004936  -0.003252  0.000000  0.000000  0.000000  2.000000  
85.560622 -0.001012  0.086742  -0.007660  0.999289  -0.020320  -0.031753  0.021399  0.999192  0.034012  0.031036  -0.034667  0.998917  -0.003916  -0.004825  -0.003298  0.000000  0.000000  0.000000  2.000000  
85.561864 -0.001017  0.086736  -0.007665  0.999285  -0.020315  -0.031887  0.021399  0.999192  0.034009  0.031170  -0.034667  0.998913  -0.003923  -0.004731  -0.003346  0.000000  0.000000  0.000000  2.000000  
85.562871 -0.001021  0.086733  -0.007668  0.999289  -0.020110  -0.031880  0.021193  0.999197  0.034016  0.031170  -0.034667  0.998913  -0.003946  -0.004589  -0.003369  0.000000  0.000000  0.000000  2.000000  
85.563872 -0.001024  0.086729  -0.007672  0.999289  -0.020110  -0.031880  0.021193  0.999197  0.034016  0.031170  -0.034667  0.998913  -0.003904  -0.004470  -0.003362  0.000000  0.000000  0.000000  2.000000  
85.565117 -0.001029  0.086725  -0.007677  0.999285  -0.020109  -0.032011  0.021193  0.999201  0.033892  0.031304  -0.034546  0.998913  -0.003915  -0.004355  -0.003416  0.000000  0.000000  0.000000  2.000000  
85.566373 -0.001034  0.086720  -0.007681  0.999285  -0.020109  -0.032011  0.021193  0.999201  0.033892  0.031304  -0.034546  0.998913  -0.003914  -0.004203  -0.003379  0.000000  0.000000  0.000000  2.000000  
85.567617 -0.001039  0.086715  -0.007686  0.999285  -0.019898  -0.032138  0.020987  0.999205  0.033895  0.031438  -0.034546  0.998909  -0.003972  -0.004116  -0.003420  0.000000  0.000000  0.000000  2.000000  
85.568625 -0.001043  0.086711  -0.007689  0.999285  -0.019898  -0.032138  0.020987  0.999205  0.033895  0.031438  -0.034546  0.998909  -0.003963  -0.004039  -0.003449  0.000000  0.000000  0.000000  2.000000  
85.569874 -0.001048  0.086707  -0.007695  0.999281  -0.019894  -0.032271  0.020987  0.999205  0.033893  0.031571  -0.034546  0.998904  -0.003964  -0.003952  -0.003557  0.000000  0.000000  0.000000  2.000000  
85.571123 -0.001053  0.086702  -0.007700  0.999281  -0.019894  -0.032271  0.020987  0.999205  0.033893  0.031571  -0.034546  0.998904  -0.003955  -0.003872  -0.003631  0.000000  0.000000  0.000000  2.000000  
85.572371 -0.001058  0.086698  -0.007704  0.999281  -0.019683  -0.032398  0.020781  0.999209  0.033896  0.031705  -0.034545  0.998900  -0.003963  -0.003807  -0.003694  0.000000  0.000000  0.000000  2.000000  
85.573371 -0.001062  0.086694  -0.007709  0.999277  -0.019679  -0.032531  0.020781  0.999209  0.033894  0.031839  -0.034545  0.998896  -0.003964  -0.003764  -0.003747  0.000000  0.000000  0.000000  2.000000  
85.574374 -0.001066  0.086691  -0.007713  0.999277  -0.019679  -0.032531  0.020781  0.999209  0.033894  0.031839  -0.034545  0.998896  -0.003920  -0.003700  -0.003814  0.000000  0.000000  0.000000  2.000000  
85.575382 -0.001069  0.086688  -0.007716  0.999273  -0.019674  -0.032665  0.020781  0.999209  0.033891  0.031972  -0.034545  0.998892  -0.003872  -0.003616  -0.003821  0.000000  0.000000  0.000000  2.000000  
85.576617 -0.001073  0.086685  -0.007721  0.999273  -0.019678  -0.032663  0.020781  0.999214  0.033770  0.031972  -0.034424  0.998896  -0.003818  -0.003502  -0.003849  0.000000  0.000000  0.000000  2.000000  
85.577618 -0.001076  0.086682  -0.007725  0.999268  -0.019674  -0.032796  0.020781  0.999214  0.033767  0.032106  -0.034424  0.998891  -0.003794  -0.003446  -0.003815  0.000000  0.000000  0.000000  2.000000  
85.578622 -0.001080  0.086679  -0.007728  0.999268  -0.019463  -0.032923  0.020575  0.999218  0.033771  0.032240  -0.034424  0.998887  -0.003739  -0.003383  -0.003813  0.000000  0.000000  0.000000  2.000000  
85.579890 -0.001083  0.086676  -0.007732  0.999268  -0.019463  -0.032923  0.020575  0.999218  0.033771  0.032240  -0.034424  0.998887  -0.003646  -0.003281  -0.003762  0.000000  0.000000  0.000000  2.000000  
85.581118 -0.001087  0.086673  -0.007737  0.999264  -0.019459  -0.033057  0.020575  0.999218  0.033768  0.032374  -0.034423  0.998883  -0.003547  -0.003176  -0.003801  0.000000  0.000000  0.000000  2.000000  
85.582366 -0.001090  0.086670  -0.007742  0.999260  -0.019454  -0.033190  0.020575  0.999218  0.033765  0.032507  -0.034423  0.998879  -0.003431  -0.003106  -0.003785  0.000000  0.000000  0.000000  2.000000  
85.583369 -0.001093  0.086667  -0.007745  0.999260  -0.019454  -0.033190  0.020575  0.999218  0.033765  0.032507  -0.034423  0.998879  -0.003372  -0.003039  -0.003785  0.000000  0.000000  0.000000  2.000000  
85.584372 -0.001096  0.086664  -0.007749  0.999255  -0.019449  -0.033324  0.020575  0.999218  0.033763  0.032641  -0.034423  0.998874  -0.003290  -0.002995  -0.003788  0.000000  0.000000  0.000000  2.000000  
85.585381 -0.001098  0.086661  -0.007753  0.999251  -0.019445  -0.033457  0.020575  0.999218  0.033760  0.032775  -0.034423  0.998870  -0.003184  -0.002927  -0.003766  0.000000  0.000000  0.000000  2.000000  
85.586387 -0.001101  0.086658  -0.007757  0.999251  -0.019445  -0.033457  0.020575  0.999218  0.033760  0.032775  -0.034423  0.998870  -0.003078  -0.002852  -0.003732  0.000000  0.000000  0.000000  2.000000  
85.587618 -0.001103  0.086655  -0.007761  0.999247  -0.019440  -0.033591  0.020575  0.999218  0.033757  0.032909  -0.034423  0.998865  -0.002937  -0.002786  -0.003685  0.000000  0.000000  0.000000  2.000000  
85.588622 -0.001105  0.086653  -0.007765  0.999242  -0.019436  -0.033725  0.020574  0.999218  0.033754  0.033042  -0.034423  0.998861  -0.002832  -0.002724  -0.003673  0.000000  0.000000  0.000000  2.000000  
85.589869 -0.001107  0.086649  -0.007770  0.999238  -0.019431  -0.033858  0.020574  0.999218  0.033752  0.033176  -0.034423  0.998857  -0.002665  -0.002675  -0.003637  0.000000  0.000000  0.000000  2.000000  
85.590870 -0.001109  0.086647  -0.007773  0.999233  -0.019426  -0.033992  0.020574  0.999219  0.033749  0.033310  -0.034422  0.998852  -0.002546  -0.002611  -0.003649  0.000000  0.000000  0.000000  2.000000  
85.592120 -0.001111  0.086645  -0.007778  0.999229  -0.019422  -0.034126  0.020574  0.999219  0.033746  0.033443  -0.034422  0.998848  -0.002382  -0.002569  -0.003623  0.000000  0.000000  0.000000  2.000000  
85.593372 -0.001112  0.086642  -0.007782  0.999224  -0.019417  -0.034259  0.020574  0.999219  0.033743  0.033577  -0.034422  0.998843  -0.002237  -0.002514  -0.003617  0.000000  0.000000  0.000000  2.000000  
85.594380 -0.001114  0.086640  -0.007785  0.999220  -0.019413  -0.034393  0.020574  0.999219  0.033741  0.033711  -0.034422  0.998839  -0.002128  -0.002485  -0.003624  0.000000  0.000000  0.000000  2.000000  
85.595380 -0.001115  0.086638  -0.007789  0.999215  -0.019408  -0.034526  0.020574  0.999219  0.033738  0.033845  -0.034422  0.998834  -0.002002  -0.002444  -0.003626  0.000000  0.000000  0.000000  2.000000  
85.596619 -0.001117  0.086636  -0.007794  0.999211  -0.019403  -0.034660  0.020574  0.999219  0.033735  0.033978  -0.034422  0.998830  -0.001888  -0.002397  -0.003684  0.000000  0.000000  0.000000  2.000000  
85.597865 -0.001118  0.086633  -0.007798  0.999206  -0.019399  -0.034794  0.020574  0.999219  0.033732  0.034112  -0.034421  0.998825  -0.001764  -0.002356  -0.003686  0.000000  0.000000  0.000000  2.000000  
85.598870 -0.001119  0.086631  -0.007802  0.999202  -0.019394  -0.034927  0.020574  0.999219  0.033730  0.034246  -0.034421  0.998821  -0.001650  -0.002271  -0.003620  0.000000  0.000000  0.000000  2.000000  
85.599870 -0.001120  0.086629  -0.007805  0.999197  -0.019390  -0.035061  0.020573  0.999219  0.033727  0.034379  -0.034421  0.998816  -0.001537  -0.002227  -0.003589  0.000000  0.000000  0.000000  2.000000  
85.601118 -0.001121  0.086627  -0.007809  0.999188  -0.019380  -0.035328  0.020573  0.999219  0.033721  0.034647  -0.034421  0.998807  -0.001425  -0.002151  -0.003561  0.000000  0.000000  0.000000  2.000000  
85.602383 -0.001122  0.086625  -0.007813  0.999179  -0.019371  -0.035595  0.020573  0.999220  0.033716  0.034914  -0.034421  0.998797  -0.001266  -0.002016  -0.003515  0.000000  0.000000  0.000000  2.000000  
85.603394 -0.001123  0.086624  -0.007816  0.999174  -0.019362  -0.035731  0.020573  0.999216  0.033834  0.035048  -0.034542  0.998789  -0.001159  -0.001946  -0.003491  0.000000  0.000000  0.000000  2.000000  
85.604624 -0.001123  0.086622  -0.007820  0.999164  -0.019353  -0.035998  0.020573  0.999216  0.033829  0.035316  -0.034541  0.998779  -0.001042  -0.001829  -0.003431  0.000000  0.000000  0.000000  2.000000  
85.605625 -0.001123  0.086621  -0.007823  0.999160  -0.019348  -0.036132  0.020573  0.999216  0.033826  0.035449  -0.034541  0.998774  -0.000960  -0.001808  -0.003418  0.000000  0.000000  0.000000  2.000000  
85.606868 -0.001123  0.086619  -0.007828  0.999150  -0.019339  -0.036399  0.020573  0.999216  0.033821  0.035717  -0.034541  0.998765  -0.000845  -0.001743  -0.003426  0.000000  0.000000  0.000000  2.000000  
85.607869 -0.001124  0.086618  -0.007831  0.999141  -0.019330  -0.036666  0.020572  0.999216  0.033815  0.035984  -0.034540  0.998755  -0.000790  -0.001672  -0.003399  0.000000  0.000000  0.000000  2.000000  
85.608870 -0.001123  0.086617  -0.007835  0.999131  -0.019321  -0.036934  0.020572  0.999217  0.033810  0.036251  -0.034540  0.998746  -0.000678  -0.001604  -0.003382  0.000000  0.000000  0.000000  2.000000  
85.610120 -0.001123  0.086616  -0.007839  0.999121  -0.019311  -0.037201  0.020572  0.999217  0.033804  0.036519  -0.034540  0.998736  -0.000550  -0.001514  -0.003338  0.000000  0.000000  0.000000  2.000000  
85.611367 -0.001123  0.086615  -0.007842  0.999111  -0.019307  -0.037466  0.020572  0.999221  0.033677  0.036786  -0.034418  0.998730  -0.000427  -0.001419  -0.003265  0.000000  0.000000  0.000000  2.000000  
85.612372 -0.001122  0.086614  -0.007845  0.999102  -0.019298  -0.037733  0.020572  0.999221  0.033672  0.037054  -0.034418  0.998720  -0.000284  -0.001298  -0.003236  0.000000  0.000000  0.000000  2.000000  
85.613621 -0.001121  0.086613  -0.007849  0.999092  -0.019288  -0.038000  0.020571  0.999221  0.033666  0.037321  -0.034418  0.998710  -0.000139  -0.001230  -0.003187  0.000000  0.000000  0.000000  2.000000  
85.614865 -0.001121  0.086612  -0.007852  0.999077  -0.019275  -0.038401  0.020571  0.999222  0.033658  0.037722  -0.034417  0.998695  -0.000039  -0.001119  -0.003123  -0.000000  0.169380  0.005837  2.000000  
85.615867 -0.001120  0.086612  -0.007855  0.999062  -0.019471  -0.038675  0.020776  0.999218  0.033645  0.037990  -0.034417  0.998685  0.000110  -0.001032  -0.003116  -0.000243  0.174121  -0.000864  2.000000  
85.617120 -0.001118  0.086612  -0.007858  0.999052  -0.019462  -0.038942  0.020776  0.999218  0.033639  0.038257  -0.034416  0.998675  0.000255  -0.000926  -0.003045  -0.000246  0.180041  -0.000716  2.000000  
85.618378 -0.001117  0.086612  -0.007861  0.999036  -0.019448  -0.039343  0.020776  0.999218  0.033631  0.038658  -0.034416  0.998660  0.000349  -0.000820  -0.002983  -0.000248  0.188978  -0.000406  2.000000  
85.619625 -0.001116  0.086611  -0.007864  0.999021  -0.019434  -0.039744  0.020776  0.999219  0.033622  0.039059  -0.034415  0.998644  0.000511  -0.000712  -0.002936  -0.000250  0.197972  -0.000096  2.000000  
85.620872 -0.001114  0.086612  -0.007866  0.999005  -0.019420  -0.040145  0.020775  0.999219  0.033614  0.039460  -0.034415  0.998628  0.000604  -0.000585  -0.002804  -0.000252  0.206977  0.000214  2.000000  
85.622119 -0.001113  0.086612  -0.007869  0.998989  -0.019407  -0.040545  0.020775  0.999219  0.033606  0.039861  -0.034414  0.998612  0.000730  -0.000484  -0.002719  -0.000252  0.214196  0.000519  2.000000  
85.623119 -0.001111  0.086612  -0.007871  0.998973  -0.019393  -0.040946  0.020775  0.999220  0.033597  0.040263  -0.034414  0.998596  0.000790  -0.000382  -0.002607  -0.000253  0.223110  0.000827  2.000000  
85.624372 -0.001110  0.086612  -0.007873  0.998957  -0.019384  -0.041344  0.020774  0.999224  0.033468  0.040664  -0.034292  0.998584  0.000918  -0.000256  -0.002449  -0.004300  0.232076  0.001120  2.000000  
85.625384 -0.001108  0.086613  -0.007875  0.998946  -0.019375  -0.041612  0.020774  0.999224  0.033462  0.040931  -0.034292  0.998573  0.001001  -0.000180  -0.002365  -0.004333  0.238305  0.001283  2.000000  
85.626623 -0.001107  0.086613  -0.007877  0.998920  -0.019562  -0.042153  0.020979  0.999220  0.033443  0.041466  -0.034291  0.998551  0.001094  -0.000053  -0.002233  -0.004599  0.252193  -0.005163  2.000000  
85.627867 -0.001105  0.086614  -0.007879  0.998903  -0.019548  -0.042553  0.020979  0.999221  0.033434  0.041867  -0.034290  0.998535  0.001169  0.000019  -0.002142  -0.004604  0.256679  -0.005008  2.000000  
85.628867 -0.001104  0.086614  -0.007881  0.998886  -0.019540  -0.042952  0.020979  0.999225  0.033305  0.042268  -0.034169  0.998522  0.001205  0.000117  -0.002093  -0.008612  0.267934  -0.004523  2.000000  
85.629871 -0.001102  0.086614  -0.007882  0.998869  -0.019526  -0.043353  0.020978  0.999225  0.033296  0.042669  -0.034168  0.998505  0.001217  0.000155  -0.002007  -0.008687  0.274608  -0.004405  2.000000  
85.631122 -0.001101  0.086615  -0.007884  0.998852  -0.019512  -0.043753  0.020978  0.999226  0.033288  0.043070  -0.034167  0.998488  0.001247  0.000234  -0.001911  -0.008691  0.283622  -0.004097  2.000000  
85.632366 -0.001099  0.086616  -0.007886  0.998829  -0.019494  -0.044288  0.020977  0.999226  0.033277  0.043605  -0.034167  0.998464  0.001282  0.000301  -0.001853  -0.008630  0.290372  -0.003759  2.000000  
85.633370 -0.001098  0.086616  -0.007887  0.998811  -0.019480  -0.044688  0.020977  0.999226  0.033268  0.044006  -0.034166  0.998447  0.001294  0.000309  -0.001759  -0.012682  0.299356  -0.003435  2.000000  
85.634379 -0.001097  0.086617  -0.007889  0.998787  -0.019468  -0.045220  0.020976  0.999231  0.033136  0.044540  -0.034044  0.998427  0.001257  0.000353  -0.001662  -0.016720  0.312485  -0.002991  2.000000  
85.635381 -0.001096  0.086617  -0.007890  0.998769  -0.019454  -0.045621  0.020976  0.999231  0.033127  0.044941  -0.034043  0.998409  0.001275  0.000381  -0.001608  -0.016726  0.316967  -0.002838  2.000000  
85.636624 -0.001095  0.086617  -0.007891  0.998745  -0.019436  -0.046155  0.020976  0.999231  0.033116  0.045476  -0.034043  0.998385  0.001199  0.000393  -0.001536  -0.016867  0.328532  -0.002552  2.000000  
85.637873 -0.001095  0.086618  -0.007893  0.998716  -0.019623  -0.046696  0.021181  0.999228  0.033095  0.046010  -0.034042  0.998361  0.001129  0.000380  -0.001452  -0.017158  0.337792  -0.009153  2.000000  
85.639119 -0.001094  0.086618  -0.007894  0.998692  -0.019611  -0.047228  0.021180  0.999232  0.032963  0.046545  -0.033920  0.998340  0.001072  0.000364  -0.001404  -0.021069  0.343927  -0.008792  2.000000  
85.640120 -0.001093  0.086618  -0.007895  0.998667  -0.019593  -0.047762  0.021180  0.999233  0.032951  0.047080  -0.033919  0.998315  0.001009  0.000372  -0.001365  -0.017184  0.355946  -0.008583  2.000000  
85.641372 -0.001093  0.086618  -0.007896  0.998641  -0.019574  -0.048296  0.021179  0.999233  0.032940  0.047614  -0.033918  0.998290  0.000912  0.000302  -0.001302  -0.017185  0.364799  -0.008271  2.000000  
85.642384 -0.001093  0.086618  -0.007897  0.998616  -0.019562  -0.048828  0.021179  0.999237  0.032807  0.048149  -0.033796  0.998268  0.000849  0.000318  -0.001249  -0.021263  0.373643  -0.007983  2.000000  
85.643623 -0.001093  0.086618  -0.007899  0.998590  -0.019544  -0.049362  0.021178  0.999238  0.032796  0.048683  -0.033795  0.998242  0.000730  0.000254  -0.001237  -0.021280  0.378271  -0.007832  2.000000  
85.644704 -0.001093  0.086618  -0.007899  0.998566  -0.019736  -0.049769  0.021383  0.999234  0.032777  0.049084  -0.033795  0.998223  0.000657  0.000240  -0.001148  -0.021523  0.381863  -0.014544  2.000000  
85.645869 -0.001092  0.086618  -0.007900  0.998533  -0.019720  -0.050435  0.021382  0.999238  0.032642  0.049753  -0.033672  0.998194  0.000579  0.000178  -0.001114  -0.025375  0.396268  -0.007241  2.000000  
85.646873 -0.001092  0.086618  -0.007901  0.998506  -0.019702  -0.050969  0.021382  0.999239  0.032630  0.050287  -0.033672  0.998167  0.000528  0.000138  -0.001054  -0.025380  0.405203  -0.006934  2.000000  
85.648120 -0.001092  0.086618  -0.007902  0.998479  -0.019690  -0.051500  0.021381  0.999243  0.032498  0.050822  -0.033550  0.998144  0.000433  0.000096  -0.001007  -0.029477  0.409851  -0.006807  2.000000  
85.649370 -0.001091  0.086618  -0.007903  0.998440  -0.019873  -0.052175  0.021586  0.999239  0.032473  0.051490  -0.033548  0.998110  0.000383  0.000056  -0.000949  -0.029548  0.415516  -0.013298  2.000000  
85.650616 -0.001091  0.086617  -0.007904  0.998413  -0.019855  -0.052709  0.021586  0.999240  0.032461  0.052024  -0.033547  0.998082  0.000353  -0.000010  -0.000914  -0.029562  0.419985  -0.013146  2.000000  
85.651617 -0.001091  0.086616  -0.007905  0.998385  -0.019844  -0.053240  0.021585  0.999244  0.032328  0.052559  -0.033425  0.998058  0.000285  -0.000077  -0.000907  -0.033618  0.428911  -0.012868  2.000000  
85.652622 -0.001091  0.086616  -0.007905  0.998356  -0.019826  -0.053774  0.021584  0.999245  0.032317  0.053093  -0.033425  0.998030  0.000284  -0.000098  -0.000879  -0.033905  0.436905  -0.012820  2.000000  
85.653623 -0.001091  0.086615  -0.007907  0.998323  -0.020014  -0.054315  0.021789  0.999241  0.032294  0.053628  -0.033424  0.998001  0.000228  -0.000169  -0.000906  -0.029916  0.442450  -0.019288  2.000000  
85.654623 -0.001090  0.086615  -0.007907  0.998294  -0.020003  -0.054847  0.021789  0.999245  0.032161  0.054162  -0.033302  0.997977  0.000242  -0.000217  -0.000886  -0.034254  0.450577  -0.019321  2.000000  
85.655870 -0.001090  0.086615  -0.007908  0.998258  -0.019980  -0.055514  0.021788  0.999246  0.032147  0.054830  -0.033300  0.997940  0.000223  -0.000232  -0.000808  -0.033994  0.455824  -0.018861  2.000000  
85.656870 -0.001089  0.086614  -0.007909  0.998224  -0.020168  -0.056055  0.021993  0.999242  0.032124  0.055364  -0.033299  0.997911  0.000238  -0.000256  -0.000818  -0.034293  0.464115  -0.018865  2.000000  
85.657870 -0.001089  0.086614  -0.007909  0.998187  -0.020153  -0.056720  0.021992  0.999246  0.031988  0.056032  -0.033177  0.997878  0.000254  -0.000252  -0.000735  -0.038389  0.473108  -0.018589  2.000000  
85.658871 -0.001088  0.086615  -0.007909  0.998157  -0.020135  -0.057254  0.021991  0.999247  0.031976  0.056567  -0.033176  0.997847  0.000318  -0.000223  -0.000677  -0.034336  0.477717  -0.018470  2.000000  
