1-Time 2-Px 3-Py 4-Pz 5-R11 6-R21 7-R31 8-R12 9-R22 10-R32 11-R13 12-R23 13-R33 14-Vx 15-Vy 16-Vz 17-Wx 18-Wy 19-Wz 20-state 21-PR11 22-PR21 23-PR31 24-PR12 25-PR22 26-PR32 27-PR13 28-PR23 29-PR33 
91.601442 0.011213  0.100785  -0.005201  0.994907  0.051128  -0.086872  0.083971  0.056392  0.994871  0.055765  -0.997099  0.051811  0.000624  -0.000198  -0.002441  -0.001988  -0.050562  -0.308038  2.000000  
91.602458 0.011214  0.100785  -0.005204  0.994939  0.050874  -0.086653  0.083767  0.056359  0.994890  0.055498  -0.997114  0.051812  0.000621  -0.000199  -0.002443  -0.001581  -0.057438  -0.307562  2.000000  
91.603692 0.011218  0.100787  -0.005206  0.994988  0.050632  -0.086230  0.083359  0.056315  0.994927  0.055231  -0.997128  0.051813  0.000781  -0.000046  -0.002369  -0.000768  -0.071028  -0.302505  2.000000  
91.604696 0.011221  0.100789  -0.005207  0.995020  0.050377  -0.086011  0.083155  0.056283  0.994946  0.054964  -0.997143  0.051813  0.000974  0.000056  -0.002307  -0.000371  -0.077917  -0.302112  2.000000  
91.605697 0.011224  0.100790  -0.005209  0.995061  0.050257  -0.085601  0.082746  0.056372  0.994975  0.054830  -0.997144  0.051935  0.001144  0.000185  -0.002221  -0.003644  -0.091264  -0.292411  2.000000  
91.606942 0.011229  0.100792  -0.005211  0.995100  0.049870  -0.085375  0.082543  0.056328  0.994994  0.054429  -0.997166  0.051936  0.001392  0.000314  -0.002207  -0.003268  -0.098171  -0.292077  2.000000  
91.608196 0.011235  0.100794  -0.005214  0.995141  0.049750  -0.084965  0.082134  0.056417  0.995023  0.054296  -0.997167  0.052057  0.001731  0.000454  -0.002163  -0.006963  -0.104642  -0.282791  2.000000  
91.609441 0.011241  0.100796  -0.005216  0.995199  0.049641  -0.084349  0.081520  0.056497  0.995069  0.054162  -0.997168  0.052179  0.002108  0.000644  -0.002077  -0.009853  -0.124878  -0.272696  2.000000  
91.610443 0.011246  0.100798  -0.005218  0.995256  0.049543  -0.083728  0.080906  0.056455  0.995122  0.054028  -0.997175  0.052179  0.002403  0.000774  -0.002066  -0.008668  -0.145333  -0.267111  2.000000  
91.611444 0.011251  0.100799  -0.005220  0.995297  0.049423  -0.083317  0.080497  0.056545  0.995150  0.053895  -0.997176  0.052300  0.002736  0.000878  -0.001997  -0.011972  -0.158945  -0.261945  2.000000  
91.612447 0.011256  0.100801  -0.005221  0.995353  0.049315  -0.082701  0.079883  0.056624  0.995195  0.053761  -0.997177  0.052422  0.003068  0.001051  -0.001939  -0.014885  -0.179111  -0.251756  2.000000  
91.613691 0.011263  0.100805  -0.005224  0.995403  0.049350  -0.082087  0.079268  0.056594  0.995246  0.053761  -0.997177  0.052422  0.003446  0.001313  -0.001941  -0.013718  -0.199383  -0.241758  2.000000  
91.614777 0.011268  0.100807  -0.005227  0.995459  0.049242  -0.081471  0.078654  0.056673  0.995290  0.053628  -0.997178  0.052543  0.003717  0.001481  -0.001974  -0.017003  -0.212121  -0.231380  2.000000  
91.615943 0.011274  0.100811  -0.005231  0.995507  0.049267  -0.080862  0.078039  0.056764  0.995333  0.053628  -0.997171  0.052664  0.004164  0.001809  -0.002020  -0.019807  -0.231063  -0.220149  2.000000  
91.617194 0.011282  0.100817  -0.005235  0.995578  0.049162  -0.080047  0.077220  0.056954  0.995386  0.053494  -0.997166  0.052906  0.004582  0.002116  -0.002103  -0.026606  -0.260084  -0.211477  2.000000  
91.618441 0.011291  0.100823  -0.005238  0.995625  0.049187  -0.079439  0.076605  0.057045  0.995428  0.053494  -0.997159  0.053027  0.004953  0.002446  -0.002179  -0.029324  -0.277881  -0.195355  2.000000  
91.619449 0.011297  0.100828  -0.005242  0.995680  0.049080  -0.078823  0.075990  0.057125  0.995471  0.053360  -0.997160  0.053148  0.005177  0.002691  -0.002341  -0.032530  -0.300275  -0.186790  2.000000  
91.620450 0.011304  0.100833  -0.005245  0.995711  0.049084  -0.078425  0.075580  0.057346  0.995489  0.053360  -0.997147  0.053390  0.005397  0.002940  -0.002434  -0.040326  -0.306693  -0.177394  2.000000  
91.621696 0.011313  0.100840  -0.005250  0.995757  0.049101  -0.077822  0.074965  0.057557  0.995524  0.053360  -0.997134  0.053632  0.005750  0.003256  -0.002593  -0.047386  -0.326783  -0.162842  2.000000  
91.622945 0.011323  0.100845  -0.005254  0.995826  0.048997  -0.077007  0.074146  0.057748  0.995574  0.053227  -0.997128  0.053874  0.005988  0.003495  -0.002735  -0.049980  -0.354162  -0.156826  2.000000  
91.623946 0.011330  0.100849  -0.005258  0.995856  0.049011  -0.076603  0.073736  0.057849  0.995599  0.053227  -0.997122  0.053995  0.006153  0.003621  -0.002844  -0.053357  -0.367265  -0.142607  2.000000  
91.625195 0.011340  0.100854  -0.005262  0.995909  0.048895  -0.075992  0.073121  0.058050  0.995632  0.053093  -0.997116  0.054238  0.006336  0.003803  -0.003017  -0.060868  -0.380785  -0.132911  2.000000  
91.626456 0.011349  0.100858  -0.005267  0.995954  0.048913  -0.075389  0.072506  0.058262  0.995665  0.053093  -0.997102  0.054480  0.006529  0.003929  -0.003182  -0.067900  -0.400479  -0.118193  2.000000  
91.627518 0.011356  0.100860  -0.005272  0.995991  0.048786  -0.074984  0.072097  0.058474  0.995682  0.052959  -0.997096  0.054722  0.006657  0.003931  -0.003357  -0.075415  -0.414306  -0.112989  2.000000  
91.628698 0.011366  0.100864  -0.005279  0.996035  0.048813  -0.074375  0.071481  0.058564  0.995721  0.052959  -0.997090  0.054843  0.006895  0.003937  -0.003659  -0.078784  -0.427220  -0.098711  2.000000  
91.629943 0.011375  0.100866  -0.005286  0.996086  0.048698  -0.073764  0.070867  0.058766  0.995753  0.052826  -0.997083  0.055085  0.007123  0.003878  -0.003926  -0.085933  -0.447534  -0.088587  2.000000  
91.631196 0.011385  0.100869  -0.005295  0.996115  0.048713  -0.073360  0.070457  0.058867  0.995776  0.052826  -0.997077  0.055206  0.007268  0.003767  -0.004270  -0.089352  -0.460642  -0.074353  2.000000  
91.632441 0.011395  0.100873  -0.005305  0.996151  0.048595  -0.072949  0.070047  0.058958  0.995800  0.052692  -0.997077  0.055327  0.007436  0.003668  -0.004620  -0.092432  -0.463729  -0.068931  2.000000  
91.633448 0.011403  0.100875  -0.005313  0.996187  0.048478  -0.072537  0.069637  0.059050  0.995823  0.052559  -0.997077  0.055449  0.007501  0.003432  -0.005003  -0.097309  -0.467047  -0.064940  2.000000  
91.634691 0.011414  0.100878  -0.005324  0.996222  0.048352  -0.072132  0.069228  0.059262  0.995839  0.052425  -0.997071  0.055691  0.007628  0.003236  -0.005467  -0.104343  -0.469934  -0.059542  2.000000  
91.635703 0.011422  0.100881  -0.005333  0.996258  0.048234  -0.071720  0.068818  0.059354  0.995862  0.052291  -0.997071  0.055812  0.007721  0.003022  -0.005838  -0.105259  -0.473403  -0.055464  2.000000  
91.636947 0.011432  0.100884  -0.005344  0.996300  0.047984  -0.071301  0.068409  0.059436  0.995885  0.052024  -0.997078  0.055934  0.007819  0.002826  -0.006300  -0.109123  -0.480450  -0.055078  2.000000  
91.637949 0.011440  0.100886  -0.005353  0.996335  0.047867  -0.070889  0.067999  0.059528  0.995908  0.051891  -0.997078  0.056055  0.007839  0.002685  -0.006635  -0.109185  -0.480452  -0.055018  2.000000  
91.638949 0.011448  0.100888  -0.005361  0.996363  0.047604  -0.070675  0.067795  0.059621  0.995916  0.051623  -0.997085  0.056177  0.007859  0.002525  -0.006928  -0.113712  -0.473754  -0.059847  2.000000  
91.640199 0.011458  0.100890  -0.005371  0.996404  0.047345  -0.070261  0.067385  0.059825  0.995932  0.051356  -0.997085  0.056420  0.007906  0.002406  -0.007354  -0.118612  -0.460216  -0.065002  2.000000  
91.641455 0.011468  0.100892  -0.005382  0.996432  0.047083  -0.070047  0.067181  0.059918  0.995940  0.051089  -0.997092  0.056541  0.007930  0.002308  -0.007633  -0.119415  -0.446621  -0.070180  2.000000  
91.642461 0.011475  0.100893  -0.005390  0.996473  0.046824  -0.069633  0.066772  0.060123  0.995955  0.050822  -0.997092  0.056784  0.007989  0.002236  -0.007949  -0.123533  -0.446717  -0.074560  2.000000  
91.643700 0.011485  0.100895  -0.005401  0.996500  0.046562  -0.069419  0.066568  0.060216  0.995963  0.050554  -0.997099  0.056906  0.007931  0.002132  -0.008171  -0.124758  -0.426478  -0.080164  2.000000  
91.644943 0.011494  0.100898  -0.005412  0.996548  0.046171  -0.068997  0.066159  0.060412  0.995979  0.050153  -0.997105  0.057149  0.007906  0.002096  -0.008362  -0.129301  -0.420417  -0.093951  2.000000  
91.645946 0.011502  0.100900  -0.005420  0.996575  0.045909  -0.068782  0.065954  0.060506  0.995986  0.049886  -0.997112  0.057271  0.007891  0.002073  -0.008442  -0.130088  -0.407175  -0.103655  2.000000  
91.647196 0.011512  0.100903  -0.005430  0.996608  0.045505  -0.068565  0.065750  0.060712  0.995987  0.049485  -0.997118  0.057514  0.007901  0.002069  -0.008476  -0.134969  -0.393846  -0.113312  2.000000  
91.648196 0.011520  0.100905  -0.005438  0.996635  0.045243  -0.068350  0.065546  0.060805  0.995995  0.049218  -0.997124  0.057635  0.007914  0.002047  -0.008470  -0.135720  -0.380531  -0.123000  2.000000  
91.649212 0.011528  0.100908  -0.005447  0.996668  0.044848  -0.068128  0.065342  0.060891  0.996003  0.048817  -0.997136  0.057757  0.007860  0.002016  -0.008447  -0.136491  -0.367154  -0.132665  2.000000  
91.650444 0.011538  0.100911  -0.005458  0.996721  0.044332  -0.067692  0.064934  0.060958  0.996026  0.048283  -0.997155  0.057880  0.007870  0.002055  -0.008501  -0.131491  -0.365348  -0.149392  2.000000  
91.651698 0.011548  0.100913  -0.005470  0.996753  0.043929  -0.067474  0.064730  0.061165  0.996027  0.047882  -0.997161  0.058123  0.007800  0.001980  -0.008516  -0.131088  -0.344187  -0.162399  2.000000  
91.652699 0.011556  0.100915  -0.005479  0.996792  0.043401  -0.067244  0.064526  0.061242  0.996035  0.047347  -0.997179  0.058245  0.007826  0.001974  -0.008588  -0.130406  -0.335385  -0.179318  2.000000  
91.653947 0.011566  0.100917  -0.005491  0.996844  0.042877  -0.066813  0.064117  0.061432  0.996050  0.046812  -0.997190  0.058489  0.007813  0.001953  -0.008668  -0.130838  -0.329545  -0.197584  2.000000  
91.655195 0.011576  0.100919  -0.005502  0.996895  0.042362  -0.066377  0.063708  0.061501  0.996072  0.046278  -0.997208  0.058611  0.007848  0.001925  -0.008730  -0.127285  -0.323635  -0.211505  2.000000  
91.656195 0.011585  0.100921  -0.005511  0.996933  0.041834  -0.066145  0.063505  0.061579  0.996080  0.045743  -0.997225  0.058734  0.007918  0.001983  -0.008721  -0.127698  -0.317752  -0.229804  2.000000  
91.657443 0.011595  0.100923  -0.005522  0.996983  0.041319  -0.065709  0.063096  0.061649  0.996102  0.045209  -0.997242  0.058856  0.008000  0.001964  -0.008760  -0.122956  -0.316596  -0.241717  2.000000  
91.658458 0.011604  0.100924  -0.005530  0.997020  0.040791  -0.065477  0.062892  0.061728  0.996110  0.044674  -0.997259  0.058978  0.008051  0.001950  -0.008766  -0.124394  -0.305612  -0.261759  2.000000  
91.659694 0.011615  0.100926  -0.005541  0.997070  0.040284  -0.065036  0.062483  0.061678  0.996138  0.044139  -0.997283  0.058980  0.008167  0.001950  -0.008785  -0.116708  -0.299604  -0.275660  2.000000  
91.660698 0.011624  0.100928  -0.005548  0.997119  0.039768  -0.064599  0.062074  0.061749  0.996160  0.043605  -0.997299  0.059102  0.008269  0.001926  -0.008727  -0.116761  -0.300611  -0.293525  2.000000  
91.661948 0.011635  0.100931  -0.005558  0.997160  0.039107  -0.064359  0.061870  0.061820  0.996168  0.042936  -0.997321  0.059225  0.008339  0.001862  -0.008666  -0.117210  -0.294799  -0.311855  2.000000  
91.663194 0.011646  0.100933  -0.005566  0.997208  0.038592  -0.063922  0.061461  0.061892  0.996189  0.042401  -0.997336  0.059347  0.008447  0.001858  -0.008504  -0.116351  -0.293218  -0.322647  2.000000  
91.664452 0.011658  0.100935  -0.005574  0.997262  0.037944  -0.063477  0.061052  0.061956  0.996210  0.041733  -0.997357  0.059470  0.008540  0.001769  -0.008300  -0.113314  -0.296657  -0.343118  2.000000  
91.665458 0.011667  0.100937  -0.005581  0.997309  0.037429  -0.063039  0.060643  0.062029  0.996230  0.041198  -0.997372  0.059592  0.008629  0.001740  -0.008184  -0.116558  -0.295121  -0.353760  2.000000  
91.666693 0.011679  0.100939  -0.005589  0.997361  0.036789  -0.062589  0.060234  0.061973  0.996259  0.040530  -0.997400  0.059594  0.008773  0.001725  -0.007958  -0.108604  -0.295956  -0.367097  2.000000  
91.667944 0.011690  0.100941  -0.005598  0.997413  0.036141  -0.062144  0.059825  0.062039  0.996279  0.039861  -0.997419  0.059716  0.008835  0.001709  -0.007746  -0.108717  -0.297049  -0.384885  2.000000  
91.668951 0.011700  0.100943  -0.005605  0.997446  0.035613  -0.061911  0.059621  0.062120  0.996286  0.039327  -0.997433  0.059839  0.008935  0.001712  -0.007565  -0.105635  -0.300060  -0.396934  2.000000  
91.670194 0.011711  0.100944  -0.005613  0.997502  0.034839  -0.061453  0.059212  0.062058  0.996315  0.038524  -0.997464  0.059840  0.008992  0.001683  -0.007410  -0.100887  -0.298713  -0.411532  2.000000  
91.671195 0.011720  0.100946  -0.005621  0.997547  0.034324  -0.061015  0.058803  0.062133  0.996334  0.037990  -0.997477  0.059963  0.009038  0.001646  -0.007325  -0.100687  -0.306118  -0.419982  2.000000  
91.672195 0.011729  0.100948  -0.005628  0.997579  0.033804  -0.060778  0.058598  0.062095  0.996349  0.037455  -0.997498  0.059964  0.009101  0.001693  -0.007203  -0.096759  -0.306679  -0.428881  2.000000  
91.673447 0.011741  0.100950  -0.005637  0.997628  0.033156  -0.060331  0.058189  0.062163  0.996368  0.036786  -0.997515  0.060086  0.009153  0.001708  -0.007111  -0.092865  -0.307607  -0.442270  2.000000  
91.674457 0.011750  0.100951  -0.005644  0.997659  0.032636  -0.060094  0.057985  0.062125  0.996383  0.036251  -0.997535  0.060088  0.009186  0.001700  -0.006988  -0.089618  -0.310535  -0.454633  2.000000  
91.675460 0.011759  0.100953  -0.005652  0.997707  0.031996  -0.059644  0.057575  0.062073  0.996410  0.035583  -0.997559  0.060089  0.009167  0.001645  -0.007001  -0.084715  -0.315784  -0.464035  2.000000  
91.676694 0.011771  0.100954  -0.005661  0.997754  0.031348  -0.059197  0.057166  0.062143  0.996429  0.034914  -0.997575  0.060211  0.009197  0.001599  -0.006990  -0.081479  -0.318961  -0.476712  2.000000  
91.677941 0.011782  0.100955  -0.005670  0.997801  0.030707  -0.058747  0.056757  0.062092  0.996455  0.034246  -0.997598  0.060213  0.009178  0.001516  -0.007031  -0.073214  -0.326551  -0.485382  2.000000  
91.678943 0.011791  0.100956  -0.005677  0.997830  0.030187  -0.058509  0.056552  0.062056  0.996469  0.033711  -0.997616  0.060214  0.009150  0.001405  -0.007089  -0.068666  -0.324336  -0.490140  2.000000  
91.680195 0.011801  0.100956  -0.005686  0.997876  0.029539  -0.058062  0.056143  0.062127  0.996488  0.033042  -0.997631  0.060336  0.009073  0.001289  -0.007148  -0.069440  -0.327119  -0.494202  2.000000  
91.681196 0.011810  0.100956  -0.005693  0.997901  0.029152  -0.057833  0.055938  0.062098  0.996501  0.032641  -0.997644  0.060337  0.009058  0.001156  -0.007132  -0.061403  -0.327172  -0.494146  2.000000  
91.682455 0.011821  0.100956  -0.005701  0.997945  0.028511  -0.057382  0.055528  0.062049  0.996527  0.031972  -0.997666  0.060338  0.009035  0.001075  -0.007124  -0.057222  -0.334329  -0.498131  2.000000  
91.683694 0.011832  0.100956  -0.005710  0.997989  0.027870  -0.056932  0.055118  0.062000  0.996553  0.031304  -0.997687  0.060340  0.008985  0.000954  -0.007114  -0.052880  -0.332207  -0.503010  2.000000  
91.684940 0.011843  0.100956  -0.005718  0.998021  0.027209  -0.056690  0.054914  0.062079  0.996559  0.030635  -0.997700  0.060462  0.008926  0.000771  -0.007108  -0.049303  -0.325463  -0.503361  2.000000  
91.685953 0.011851  0.100956  -0.005726  0.998056  0.026835  -0.056255  0.054504  0.062046  0.996584  0.030234  -0.997712  0.060463  0.008837  0.000668  -0.007135  -0.045500  -0.334752  -0.502493  2.000000  
91.687195 0.011861  0.100955  -0.005735  0.998098  0.026194  -0.055804  0.054094  0.061999  0.996609  0.029565  -0.997732  0.060464  0.008765  0.000498  -0.007132  -0.041615  -0.335115  -0.507047  2.000000  
91.688448 0.011871  0.100956  -0.005745  0.998125  0.025674  -0.055567  0.053889  0.061965  0.996622  0.029030  -0.997748  0.060465  0.008659  0.000357  -0.007220  -0.037402  -0.332494  -0.503005  2.000000  
91.689695 0.011881  0.100955  -0.005755  0.998162  0.025159  -0.055127  0.053479  0.062046  0.996639  0.028495  -0.997756  0.060587  0.008552  0.000187  -0.007258  -0.038142  -0.328114  -0.503011  2.000000  
91.690697 0.011888  0.100955  -0.005763  0.998185  0.024772  -0.054898  0.053274  0.062020  0.996652  0.028094  -0.997767  0.060587  0.008451  0.000096  -0.007292  -0.037940  -0.325359  -0.498782  2.000000  
91.691945 0.011897  0.100954  -0.005774  0.998214  0.024118  -0.054652  0.053070  0.061979  0.996666  0.027425  -0.997786  0.060589  0.008298  -0.000036  -0.007404  -0.034096  -0.325419  -0.498796  2.000000  
91.692945 0.011904  0.100953  -0.005782  0.998236  0.023731  -0.054423  0.052865  0.061953  0.996678  0.027024  -0.997797  0.060589  0.008161  -0.000160  -0.007470  -0.030426  -0.318306  -0.494683  2.000000  
91.694194 0.011913  0.100952  -0.005793  0.998272  0.023223  -0.053980  0.052455  0.061915  0.996702  0.026489  -0.997811  0.060590  0.008004  -0.000264  -0.007590  -0.026787  -0.320839  -0.494472  2.000000  
91.695458 0.011921  0.100951  -0.005803  0.998297  0.022703  -0.053742  0.052250  0.061883  0.996715  0.025954  -0.997825  0.060591  0.007837  -0.000344  -0.007674  -0.023096  -0.313433  -0.489963  2.000000  
91.696693 0.011930  0.100950  -0.005814  0.998325  0.022043  -0.053499  0.052045  0.061964  0.996721  0.025285  -0.997835  0.060713  0.007679  -0.000433  -0.007899  -0.027355  -0.304455  -0.491001  2.000000  
91.697734 0.011936  0.100949  -0.005822  0.998345  0.021655  -0.053270  0.051840  0.061939  0.996733  0.024884  -0.997845  0.060714  0.007469  -0.000514  -0.007949  -0.023848  -0.299204  -0.485900  2.000000  
91.698941 0.011944  0.100947  -0.005832  0.998380  0.021147  -0.052827  0.051430  0.061902  0.996756  0.024349  -0.997858  0.060714  0.007357  -0.000580  -0.008023  -0.019569  -0.304091  -0.482227  2.000000  
91.699943 0.011951  0.100946  -0.005840  0.998403  0.020620  -0.052592  0.051225  0.061991  0.996761  0.023814  -0.997864  0.060836  0.007203  -0.000646  -0.008183  -0.023969  -0.297194  -0.482489  2.000000  
91.700946 0.011957  0.100945  -0.005849  0.998423  0.020233  -0.052362  0.051020  0.061967  0.996773  0.023413  -0.997873  0.060837  0.007104  -0.000700  -0.008188  -0.020067  -0.296667  -0.473532  2.000000  
91.701952 0.011963  0.100945  -0.005856  0.998443  0.019846  -0.052133  0.050815  0.061942  0.996785  0.023011  -0.997882  0.060837  0.006931  -0.000729  -0.008236  -0.020585  -0.291651  -0.468847  2.000000  
91.703198 0.011971  0.100943  -0.005867  0.998466  0.019325  -0.051895  0.050610  0.061911  0.996798  0.022476  -0.997895  0.060838  0.006791  -0.000849  -0.008261  -0.016875  -0.284563  -0.464847  2.000000  
91.704199 0.011977  0.100942  -0.005875  0.998485  0.018932  -0.051668  0.050405  0.062008  0.996802  0.022075  -0.997896  0.060960  0.006685  -0.000858  -0.008255  -0.021078  -0.284406  -0.460475  2.000000  
91.705202 0.011983  0.100941  -0.005882  0.998504  0.018544  -0.051438  0.050200  0.061984  0.996814  0.021674  -0.997905  0.060960  0.006591  -0.000913  -0.008199  -0.021414  -0.276962  -0.451919  2.000000  
91.706461 0.011991  0.100940  -0.005893  0.998523  0.018157  -0.051208  0.049994  0.061960  0.996826  0.021272  -0.997913  0.060961  0.006471  -0.000979  -0.008232  -0.017648  -0.269316  -0.442970  2.000000  
91.707697 0.011998  0.100937  -0.005903  0.998555  0.017643  -0.050767  0.049584  0.062047  0.996841  0.020737  -0.997917  0.061082  0.006340  -0.001042  -0.008213  -0.021877  -0.269170  -0.438623  2.000000  
91.708697 0.012004  0.100936  -0.005912  0.998570  0.017389  -0.050546  0.049379  0.062030  0.996852  0.020470  -0.997923  0.061083  0.006255  -0.001099  -0.008187  -0.021975  -0.268640  -0.429668  2.000000  
91.709948 0.012010  0.100934  -0.005923  0.998591  0.016868  -0.050308  0.049174  0.062000  0.996864  0.019935  -0.997934  0.061083  0.006162  -0.001111  -0.008217  -0.018228  -0.261505  -0.425602  2.000000  
91.711195 0.012017  0.100932  -0.005933  0.998619  0.016494  -0.049873  0.048763  0.061974  0.996886  0.019533  -0.997941  0.061084  0.006051  -0.001187  -0.008224  -0.017994  -0.266211  -0.421696  2.000000  
91.712199 0.012022  0.100931  -0.005942  0.998637  0.016101  -0.049645  0.048558  0.062072  0.996890  0.019132  -0.997942  0.061205  0.005970  -0.001215  -0.008284  -0.022532  -0.261069  -0.416736  2.000000  
91.713447 0.012029  0.100929  -0.005953  0.998665  0.015726  -0.049210  0.048147  0.062046  0.996911  0.018731  -0.997949  0.061206  0.005848  -0.001259  -0.008337  -0.022280  -0.265459  -0.408369  2.000000  
91.714459 0.012034  0.100929  -0.005962  0.998682  0.015339  -0.048980  0.047942  0.062024  0.996923  0.018329  -0.997957  0.061206  0.005783  -0.001240  -0.008343  -0.018676  -0.260084  -0.402948  2.000000  
91.715695 0.012041  0.100927  -0.005973  0.998709  0.014958  -0.048547  0.047531  0.062119  0.996936  0.017928  -0.997957  0.061328  0.005715  -0.001242  -0.008418  -0.022507  -0.264996  -0.399471  2.000000  
91.716940 0.012048  0.100927  -0.005983  0.998735  0.014584  -0.048112  0.047120  0.062094  0.996957  0.017527  -0.997964  0.061328  0.005646  -0.001200  -0.008441  -0.022634  -0.264433  -0.390531  2.000000  
91.717941 0.012053  0.100926  -0.005991  0.998750  0.014330  -0.047890  0.046914  0.062079  0.996968  0.017259  -0.997968  0.061329  0.005561  -0.001155  -0.008423  -0.022714  -0.264159  -0.386074  2.000000  
91.718948 0.012058  0.100925  -0.006000  0.998764  0.014070  -0.047671  0.046709  0.062184  0.996971  0.016992  -0.997966  0.061450  0.005480  -0.001169  -0.008484  -0.027232  -0.258888  -0.380654  2.000000  
91.720194 0.012064  0.100924  -0.006009  0.998790  0.013695  -0.047235  0.046298  0.062160  0.996992  0.016590  -0.997972  0.061450  0.005357  -0.001153  -0.008459  -0.022921  -0.263368  -0.372647  2.000000  
91.721198 0.012069  0.100924  -0.006017  0.998815  0.013315  -0.046802  0.045887  0.062257  0.997005  0.016189  -0.997971  0.061572  0.005290  -0.001089  -0.008421  -0.027303  -0.265319  -0.371256  2.000000  
91.722460 0.012074  0.100923  -0.006027  0.998829  0.013061  -0.046580  0.045682  0.062242  0.997015  0.015921  -0.997976  0.061572  0.005173  -0.001015  -0.008364  -0.027387  -0.264644  -0.362104  2.000000  
91.723699 0.012080  0.100921  -0.006037  0.998854  0.012681  -0.046147  0.045271  0.062339  0.997028  0.015520  -0.997974  0.061694  0.005077  -0.000967  -0.008316  -0.031440  -0.271387  -0.357298  2.000000  
91.724946 0.012085  0.100921  -0.006046  0.998879  0.012306  -0.045711  0.044860  0.062316  0.997048  0.015119  -0.997981  0.061694  0.004977  -0.000884  -0.008247  -0.031574  -0.270848  -0.348332  2.000000  
91.726200 0.012090  0.100920  -0.006057  0.998903  0.011926  -0.045277  0.044449  0.062414  0.997060  0.014717  -0.997979  0.061815  0.004808  -0.000827  -0.008229  -0.031552  -0.277522  -0.343387  2.000000  
91.727449 0.012095  0.100919  -0.006067  0.998925  0.011680  -0.044852  0.044038  0.062518  0.997072  0.014450  -0.997975  0.061937  0.004722  -0.000781  -0.008211  -0.035642  -0.284267  -0.334403  2.000000  
91.728701 0.012100  0.100919  -0.006079  0.998949  0.011305  -0.044416  0.043627  0.062496  0.997091  0.014048  -0.997981  0.061937  0.004573  -0.000716  -0.008202  -0.035711  -0.283564  -0.329410  2.000000  
91.729941 0.012105  0.100919  -0.006090  0.998973  0.010926  -0.043982  0.043215  0.062595  0.997103  0.013647  -0.997979  0.062058  0.004508  -0.000621  -0.008249  -0.035421  -0.287932  -0.321890  2.000000  
91.730941 0.012108  0.100919  -0.006099  0.998994  0.010685  -0.043555  0.042804  0.062579  0.997122  0.013379  -0.997983  0.062059  0.004397  -0.000586  -0.008299  -0.035388  -0.294537  -0.317048  2.000000  
91.731945 0.012112  0.100918  -0.006109  0.999015  0.010438  -0.043129  0.042393  0.062684  0.997133  0.013112  -0.997979  0.062180  0.004245  -0.000530  -0.008354  -0.039402  -0.301151  -0.312174  2.000000  
91.733196 0.012116  0.100918  -0.006120  0.999036  0.010197  -0.042702  0.041982  0.062669  0.997151  0.012844  -0.997982  0.062180  0.004104  -0.000504  -0.008473  -0.039387  -0.307399  -0.302792  2.000000  
91.734441 0.012120  0.100918  -0.006131  0.999056  0.009951  -0.042276  0.041571  0.062774  0.997162  0.012577  -0.997978  0.062301  0.004007  -0.000441  -0.008507  -0.039390  -0.313787  -0.293476  2.000000  
91.735460 0.012123  0.100918  -0.006140  0.999077  0.009710  -0.041849  0.041159  0.062759  0.997180  0.012309  -0.997981  0.062302  0.003879  -0.000411  -0.008616  -0.039369  -0.320330  -0.288570  2.000000  
91.736696 0.012127  0.100917  -0.006152  0.999097  0.009464  -0.041423  0.040748  0.062865  0.997190  0.012042  -0.997977  0.062423  0.003739  -0.000414  -0.008726  -0.043897  -0.322470  -0.281983  2.000000  
91.737697 0.012130  0.100917  -0.006161  0.999115  0.009357  -0.041004  0.040337  0.062856  0.997207  0.011908  -0.997979  0.062423  0.003629  -0.000350  -0.008792  -0.039764  -0.329082  -0.277017  2.000000  
91.738700 0.012132  0.100916  -0.006170  0.999133  0.009244  -0.040586  0.039926  0.062968  0.997217  0.011774  -0.997973  0.062544  0.003508  -0.000372  -0.008889  -0.043808  -0.335411  -0.267561  2.000000  
91.739947 0.012136  0.100915  -0.006181  0.999153  0.009003  -0.040159  0.039514  0.062953  0.997234  0.011506  -0.997976  0.062544  0.003408  -0.000339  -0.008976  -0.043449  -0.339260  -0.260511  2.000000  
91.741198 0.012140  0.100915  -0.006191  0.999172  0.008757  -0.039732  0.039103  0.063060  0.997243  0.011239  -0.997971  0.062666  0.003340  -0.000326  -0.008977  -0.048016  -0.341523  -0.253665  2.000000  
91.742452 0.012143  0.100914  -0.006202  0.999191  0.008512  -0.039306  0.038692  0.063167  0.997253  0.010971  -0.997967  0.062787  0.003229  -0.000305  -0.008988  -0.048115  -0.341211  -0.249087  2.000000  
91.743697 0.012147  0.100914  -0.006213  0.999218  0.008284  -0.038673  0.038075  0.063152  0.997277  0.010704  -0.997970  0.062787  0.003164  -0.000292  -0.008991  -0.048033  -0.354827  -0.243801  2.000000  
91.744939 0.012151  0.100914  -0.006225  0.999236  0.008038  -0.038247  0.037663  0.063259  0.997286  0.010436  -0.997965  0.062908  0.003071  -0.000324  -0.008976  -0.051795  -0.351658  -0.237329  2.000000  
91.745948 0.012154  0.100913  -0.006233  0.999245  0.007918  -0.038033  0.037458  0.063253  0.997294  0.010302  -0.997966  0.062908  0.003015  -0.000344  -0.008933  -0.048238  -0.354029  -0.230297  2.000000  
91.747193 0.012158  0.100912  -0.006245  0.999271  0.007686  -0.037401  0.036841  0.063359  0.997311  0.010035  -0.997961  0.063029  0.002997  -0.000399  -0.008952  -0.052344  -0.360745  -0.225403  2.000000  
91.748196 0.012161  0.100912  -0.006254  0.999281  0.007432  -0.037179  0.036635  0.063347  0.997319  0.009767  -0.997964  0.063030  0.002984  -0.000400  -0.008907  -0.048438  -0.353747  -0.225745  2.000000  
91.749198 0.012164  0.100911  -0.006263  0.999297  0.007320  -0.036761  0.036224  0.063461  0.997327  0.009633  -0.997958  0.063151  0.002975  -0.000453  -0.008961  -0.052526  -0.360192  -0.216367  2.000000  
91.750443 0.012168  0.100910  -0.006274  0.999315  0.007079  -0.036334  0.035812  0.063448  0.997342  0.009366  -0.997960  0.063151  0.002958  -0.000533  -0.008934  -0.052099  -0.364091  -0.214166  2.000000  
91.751447 0.012171  0.100909  -0.006284  0.999332  0.006834  -0.035907  0.035401  0.063557  0.997350  0.009098  -0.997955  0.063272  0.002988  -0.000582  -0.008941  -0.052182  -0.364044  -0.214078  2.000000  
91.752451 0.012174  0.100907  -0.006293  0.999347  0.006727  -0.035488  0.034990  0.063549  0.997365  0.008964  -0.997956  0.063272  0.002991  -0.000662  -0.008980  -0.052180  -0.370708  -0.209250  2.000000  
91.753694 0.012179  0.100906  -0.006305  0.999364  0.006482  -0.035061  0.034578  0.063658  0.997373  0.008697  -0.997951  0.063393  0.003077  -0.000687  -0.009046  -0.052292  -0.370407  -0.204725  2.000000  
91.754719 0.012182  0.100904  -0.006314  0.999379  0.006375  -0.034642  0.034167  0.063651  0.997387  0.008563  -0.997952  0.063393  0.003116  -0.000760  -0.009046  -0.052778  -0.372605  -0.197280  2.000000  
91.755944 0.012187  0.100903  -0.006326  0.999395  0.006267  -0.034223  0.033755  0.063644  0.997402  0.008429  -0.997953  0.063394  0.003174  -0.000836  -0.009092  -0.048408  -0.369529  -0.191319  2.000000  
91.757193 0.012192  0.100901  -0.006337  0.999411  0.006023  -0.033796  0.033344  0.063753  0.997409  0.008162  -0.997948  0.063515  0.003270  -0.000885  -0.009148  -0.048944  -0.372444  -0.188427  2.000000  
91.758195 0.012196  0.100900  -0.006346  0.999419  0.005902  -0.033582  0.033138  0.063747  0.997416  0.008028  -0.997949  0.063515  0.003341  -0.000927  -0.009131  -0.049114  -0.364950  -0.179871  2.000000  
91.759446 0.012200  0.100899  -0.006357  0.999433  0.005795  -0.033163  0.032727  0.063741  0.997430  0.007894  -0.997950  0.063515  0.003396  -0.001003  -0.009171  -0.045096  -0.364586  -0.175315  2.000000  
91.760447 0.012204  0.100898  -0.006366  0.999448  0.005684  -0.032744  0.032315  0.063855  0.997436  0.007760  -0.997943  0.063636  0.003457  -0.001044  -0.009127  -0.048783  -0.368299  -0.169029  2.000000  
91.761693 0.012208  0.100896  -0.006377  0.999462  0.005577  -0.032325  0.031904  0.063848  0.997450  0.007626  -0.997944  0.063636  0.003506  -0.001124  -0.009141  -0.048863  -0.368083  -0.164605  2.000000  
91.762946 0.012213  0.100894  -0.006388  0.999476  0.005466  -0.031906  0.031492  0.063963  0.997455  0.007493  -0.997937  0.063757  0.003536  -0.001195  -0.009110  -0.049415  -0.363534  -0.157317  2.000000  
91.764190 0.012217  0.100893  -0.006399  0.999491  0.005225  -0.031479  0.031081  0.063952  0.997469  0.007225  -0.997939  0.063757  0.003548  -0.001234  -0.009084  -0.045056  -0.360536  -0.155993  2.000000  
91.765193 0.012221  0.100892  -0.006409  0.999498  0.005105  -0.031265  0.030875  0.063947  0.997476  0.007091  -0.997940  0.063757  0.003588  -0.001206  -0.009094  -0.045106  -0.360565  -0.156005  2.000000  
91.766193 0.012224  0.100891  -0.006417  0.999512  0.004994  -0.030846  0.030463  0.064062  0.997481  0.006957  -0.997933  0.063878  0.003586  -0.001212  -0.009073  -0.049216  -0.360265  -0.151519  2.000000  
91.767449 0.012228  0.100889  -0.006428  0.999525  0.004887  -0.030427  0.030052  0.064056  0.997494  0.006824  -0.997934  0.063879  0.003592  -0.001169  -0.009005  -0.045247  -0.360023  -0.147058  2.000000  
91.768701 0.012232  0.100888  -0.006440  0.999538  0.004780  -0.030008  0.029640  0.064050  0.997506  0.006690  -0.997935  0.063879  0.003579  -0.001151  -0.008991  -0.041670  -0.355750  -0.144173  2.000000  
91.769944 0.012237  0.100887  -0.006451  0.999551  0.004669  -0.029589  0.029229  0.064165  0.997511  0.006556  -0.997928  0.064000  0.003555  -0.001124  -0.008966  -0.045424  -0.352890  -0.142989  2.000000  
91.770944 0.012240  0.100886  -0.006460  0.999564  0.004562  -0.029170  0.028817  0.064159  0.997524  0.006422  -0.997929  0.064000  0.003535  -0.001093  -0.008967  -0.041448  -0.352613  -0.138515  2.000000  
91.771945 0.012243  0.100885  -0.006469  0.999576  0.004589  -0.028759  0.028406  0.064157  0.997535  0.006422  -0.997929  0.064000  0.003491  -0.001105  -0.008973  -0.041413  -0.359195  -0.133634  2.000000  
91.773195 0.012247  0.100884  -0.006481  0.999588  0.004481  -0.028340  0.027994  0.064152  0.997547  0.006288  -0.997930  0.064000  0.003428  -0.001085  -0.008982  -0.037497  -0.352055  -0.129590  2.000000  
91.774197 0.012250  0.100883  -0.006489  0.999601  0.004371  -0.027921  0.027583  0.064267  0.997551  0.006155  -0.997923  0.064121  0.003405  -0.001058  -0.008958  -0.037540  -0.352050  -0.129540  2.000000  
91.775459 0.012255  0.100882  -0.006500  0.999613  0.004264  -0.027502  0.027171  0.064262  0.997563  0.006021  -0.997924  0.064121  0.003380  -0.001009  -0.008969  -0.037609  -0.351768  -0.125089  2.000000  
91.776696 0.012259  0.100881  -0.006511  0.999625  0.004157  -0.027082  0.026760  0.064256  0.997575  0.005887  -0.997925  0.064121  0.003357  -0.000983  -0.008941  -0.033940  -0.354159  -0.117141  2.000000  
91.777946 0.012263  0.100880  -0.006521  0.999636  0.004047  -0.026664  0.026348  0.064372  0.997578  0.005753  -0.997918  0.064242  0.003311  -0.000951  -0.008856  -0.038086  -0.353874  -0.112629  2.000000  
91.779192 0.012267  0.100879  -0.006531  0.999647  0.004073  -0.026253  0.025936  0.064370  0.997589  0.005753  -0.997918  0.064242  0.003330  -0.000917  -0.008806  -0.033755  -0.350717  -0.107240  2.000000  
91.780448 0.012271  0.100878  -0.006541  0.999664  0.003980  -0.025628  0.025319  0.064365  0.997605  0.005620  -0.997919  0.064242  0.003278  -0.000882  -0.008707  -0.034126  -0.353038  -0.099148  2.000000  
91.781450 0.012274  0.100877  -0.006549  0.999670  0.003856  -0.025415  0.025113  0.064481  0.997603  0.005486  -0.997911  0.064363  0.003283  -0.000847  -0.008609  -0.034161  -0.352927  -0.099070  2.000000  
91.782691 0.012278  0.100877  -0.006558  0.999681  0.003749  -0.024995  0.024702  0.064476  0.997613  0.005352  -0.997912  0.064363  0.003278  -0.000808  -0.008488  -0.033938  -0.350147  -0.098290  2.000000  
91.783945 0.012282  0.100876  -0.006567  0.999691  0.003776  -0.024584  0.024290  0.064475  0.997624  0.005352  -0.997912  0.064363  0.003251  -0.000764  -0.008324  -0.029944  -0.349638  -0.089379  2.000000  
91.785198 0.012286  0.100876  -0.006577  0.999701  0.003666  -0.024165  0.023878  0.064591  0.997626  0.005218  -0.997905  0.064484  0.003247  -0.000725  -0.008192  -0.034394  -0.345414  -0.086069  2.000000  
91.786457 0.012290  0.100876  -0.006586  0.999712  0.003559  -0.023746  0.023467  0.064587  0.997636  0.005084  -0.997906  0.064484  0.003253  -0.000651  -0.008000  -0.034412  -0.345136  -0.086000  2.000000  
91.787695 0.012294  0.100876  -0.006595  0.999722  0.003449  -0.023327  0.023055  0.064703  0.997638  0.004951  -0.997899  0.064605  0.003237  -0.000588  -0.007886  -0.034139  -0.349265  -0.084838  2.000000  
91.788944 0.012298  0.100876  -0.006604  0.999731  0.003476  -0.022916  0.022644  0.064702  0.997648  0.004951  -0.997899  0.064605  0.003255  -0.000497  -0.007785  -0.034514  -0.344689  -0.077012  2.000000  
91.790195 0.012302  0.100876  -0.006612  0.999741  0.003369  -0.022497  0.022232  0.064697  0.997657  0.004817  -0.997899  0.064606  0.003193  -0.000484  -0.007617  -0.030188  -0.348702  -0.075916  2.000000  
91.791201 0.012305  0.100876  -0.006618  0.999746  0.003246  -0.022283  0.022026  0.064815  0.997654  0.004683  -0.997892  0.064727  0.003204  -0.000407  -0.007412  -0.034603  -0.344677  -0.076965  2.000000  
91.792448 0.012309  0.100876  -0.006626  0.999756  0.003139  -0.021864  0.021615  0.064810  0.997663  0.004549  -0.997893  0.064727  0.003215  -0.000317  -0.007293  -0.034380  -0.342013  -0.076370  2.000000  
91.793450 0.012312  0.100876  -0.006632  0.999760  0.003150  -0.021659  0.021409  0.064931  0.997660  0.004549  -0.997885  0.064848  0.003200  -0.000219  -0.007088  -0.034708  -0.337458  -0.072873  2.000000  
91.794455 0.012315  0.100876  -0.006638  0.999770  0.003043  -0.021239  0.020997  0.064927  0.997669  0.004415  -0.997885  0.064848  0.003165  -0.000182  -0.006996  -0.034757  -0.337497  -0.072881  2.000000  
91.795458 0.012318  0.100876  -0.006644  0.999775  0.002923  -0.021025  0.020791  0.064923  0.997674  0.004282  -0.997886  0.064848  0.003143  -0.000139  -0.006830  -0.034790  -0.337394  -0.072859  2.000000  
91.796693 0.012322  0.100877  -0.006651  0.999784  0.002814  -0.020606  0.020380  0.065040  0.997675  0.004148  -0.997879  0.064969  0.003171  -0.000021  -0.006667  -0.034560  -0.334740  -0.072243  2.000000  
91.797717 0.012325  0.100877  -0.006656  0.999792  0.002841  -0.020195  0.019968  0.065039  0.997683  0.004148  -0.997879  0.064969  0.003150  0.000054  -0.006507  -0.034849  -0.337034  -0.068316  2.000000  
91.798946 0.012329  0.100878  -0.006662  0.999797  0.002718  -0.019982  0.019762  0.065157  0.997679  0.004014  -0.997871  0.065090  0.003152  0.000131  -0.006294  -0.038707  -0.327618  -0.068217  2.000000  
91.800196 0.012333  0.100879  -0.006669  0.999805  0.002743  -0.019571  0.019351  0.065277  0.997680  0.004014  -0.997863  0.065211  0.003125  0.000240  -0.006131  -0.039055  -0.330095  -0.064263  2.000000  
91.801449 0.012337  0.100880  -0.006675  0.999813  0.002636  -0.019152  0.018939  0.065273  0.997688  0.003880  -0.997864  0.065211  0.003093  0.000285  -0.005936  -0.038777  -0.327383  -0.063735  2.000000  
91.802460 0.012340  0.100881  -0.006679  0.999821  0.002527  -0.018732  0.018527  0.065391  0.997688  0.003746  -0.997857  0.065332  0.003112  0.000372  -0.005732  -0.043195  -0.329911  -0.064206  2.000000  
91.803696 0.012344  0.100883  -0.006685  0.999825  0.002541  -0.018527  0.018321  0.065390  0.997692  0.003746  -0.997857  0.065332  0.003088  0.000476  -0.005489  -0.038870  -0.320202  -0.059678  2.000000  
91.804696 0.012347  0.100884  -0.006689  0.999833  0.002432  -0.018108  0.017910  0.065508  0.997691  0.003613  -0.997849  0.065453  0.003109  0.000547  -0.005336  -0.043294  -0.323179  -0.064647  2.000000  
91.805698 0.012350  0.100885  -0.006693  0.999837  0.002445  -0.017902  0.017704  0.065507  0.997695  0.003613  -0.997849  0.065453  0.003111  0.000666  -0.005205  -0.043342  -0.315936  -0.060598  2.000000  
91.806943 0.012354  0.100887  -0.006698  0.999844  0.002337  -0.017483  0.017292  0.065625  0.997695  0.003479  -0.997842  0.065574  0.003070  0.000748  -0.004979  -0.047074  -0.313369  -0.060086  2.000000  
91.807945 0.012357  0.100888  -0.006702  0.999848  0.002215  -0.017269  0.017086  0.065743  0.997690  0.003345  -0.997834  0.065695  0.003075  0.000809  -0.004825  -0.047115  -0.313374  -0.060048  2.000000  
91.809195 0.012360  0.100890  -0.006706  0.999855  0.002242  -0.016858  0.016675  0.065742  0.997697  0.003345  -0.997834  0.065695  0.003048  0.000886  -0.004642  -0.047568  -0.308843  -0.056520  2.000000  
91.810199 0.012363  0.100891  -0.006710  0.999859  0.002120  -0.016645  0.016469  0.065861  0.997693  0.003211  -0.997827  0.065816  0.003035  0.000998  -0.004506  -0.051688  -0.302184  -0.061430  2.000000  
91.811450 0.012367  0.100893  -0.006714  0.999866  0.002147  -0.016234  0.016057  0.065860  0.997700  0.003211  -0.997827  0.065816  0.003035  0.001103  -0.004301  -0.047205  -0.306236  -0.056004  2.000000  
91.812694 0.012371  0.100895  -0.006718  0.999873  0.002039  -0.015814  0.015645  0.065978  0.997698  0.003077  -0.997819  0.065937  0.003038  0.001201  -0.004133  -0.051749  -0.301905  -0.056907  2.000000  
91.813941 0.012375  0.100898  -0.006721  0.999876  0.002050  -0.015609  0.015440  0.066098  0.997694  0.003077  -0.997811  0.066058  0.003021  0.001298  -0.003918  -0.055368  -0.299433  -0.056422  2.000000  
91.814943 0.012377  0.100900  -0.006723  0.999882  0.002076  -0.015199  0.015028  0.066218  0.997692  0.003077  -0.997803  0.066179  0.003013  0.001371  -0.003710  -0.055856  -0.301675  -0.052373  2.000000  
91.816198 0.012382  0.100902  -0.006726  0.999886  0.001956  -0.014984  0.014822  0.066216  0.997695  0.002944  -0.997803  0.066179  0.003051  0.001477  -0.003499  -0.055931  -0.294808  -0.052832  2.000000  
91.817443 0.012385  0.100904  -0.006729  0.999892  0.001981  -0.014574  0.014410  0.066336  0.997693  0.002944  -0.997795  0.066301  0.003015  0.001547  -0.003305  -0.059527  -0.292055  -0.047921  2.000000  
91.818459 0.012389  0.100906  -0.006731  0.999895  0.001860  -0.014360  0.014205  0.066455  0.997688  0.002810  -0.997788  0.066422  0.003037  0.001592  -0.003143  -0.060003  -0.294597  -0.052739  2.000000  
