1-Time 2-Px 3-Py 4-Pz 5-R11 6-R21 7-R31 8-R12 9-R22 10-R32 11-R13 12-R23 13-R33 14-Vx 15-Vy 16-Vz 17-Wx 18-Wy 19-Wz 20-state 21-PR11 22-PR21 23-PR31 24-PR12 25-PR22 26-PR32 27-PR13 28-PR23 29-PR33 
196.676607 0.007564  0.099401  -0.004533  0.999454  -0.003339  0.032862  -0.032933  -0.024160  0.999165  -0.002542  -0.999703  -0.024257  -0.000712  -0.000646  -0.000389  0.000000  -0.000000  0.000000  2.000000  
196.677612 0.007563  0.099400  -0.004534  0.999455  -0.003205  0.032865  -0.032933  -0.024165  0.999165  -0.002408  -0.999703  -0.024257  -0.000664  -0.000674  -0.000388  0.000000  -0.000000  0.000000  2.000000  
196.678613 0.007564  0.099400  -0.004534  0.999448  -0.003214  0.033071  -0.033139  -0.024285  0.999156  -0.002408  -0.999700  -0.024378  -0.000613  -0.000669  -0.000391  0.000000  -0.000000  0.000000  2.000000  
196.679858 0.007565  0.099400  -0.004534  0.999448  -0.003214  0.033071  -0.033139  -0.024285  0.999156  -0.002408  -0.999700  -0.024378  -0.000439  -0.000602  -0.000388  0.000000  -0.000000  0.000000  2.000000  
196.680859 0.007566  0.099399  -0.004535  0.999441  -0.003353  0.033273  -0.033345  -0.024280  0.999149  -0.002542  -0.999700  -0.024378  -0.000345  -0.000647  -0.000439  0.000000  -0.000000  0.000000  2.000000  
196.681862 0.007568  0.099398  -0.004536  0.999441  -0.003353  0.033273  -0.033345  -0.024280  0.999149  -0.002542  -0.999700  -0.024378  -0.000161  -0.000679  -0.000462  0.000000  -0.000000  0.000000  2.000000  
196.683106 0.007570  0.099397  -0.004536  0.999441  -0.003357  0.033273  -0.033345  -0.024401  0.999146  -0.002542  -0.999697  -0.024499  0.000052  -0.000682  -0.000463  0.000000  -0.000000  0.000000  2.000000  
196.684116 0.007572  0.099396  -0.004537  0.999441  -0.003223  0.033276  -0.033345  -0.024406  0.999146  -0.002408  -0.999697  -0.024499  0.000198  -0.000721  -0.000516  0.000000  -0.000000  0.000000  2.000000  
196.685361 0.007574  0.099395  -0.004538  0.999441  -0.003227  0.033276  -0.033345  -0.024527  0.999143  -0.002408  -0.999694  -0.024621  0.000411  -0.000724  -0.000518  0.000000  -0.000000  0.000000  2.000000  
196.686615 0.007576  0.099394  -0.004539  0.999441  -0.003361  0.033272  -0.033345  -0.024522  0.999143  -0.002542  -0.999694  -0.024621  0.000624  -0.000726  -0.000519  0.000000  -0.000000  0.000000  2.000000  
196.687861 0.007578  0.099393  -0.004539  0.999434  -0.003370  0.033478  -0.033551  -0.024643  0.999133  -0.002542  -0.999691  -0.024742  0.000825  -0.000726  -0.000487  0.000000  -0.000000  0.000000  2.000000  
196.689110 0.007580  0.099392  -0.004539  0.999433  -0.003504  0.033474  -0.033551  -0.024638  0.999133  -0.002676  -0.999690  -0.024742  0.001009  -0.000714  -0.000447  0.000000  -0.000000  0.000000  2.000000  
196.690111 0.007582  0.099392  -0.004539  0.999433  -0.003641  0.033470  -0.033551  -0.024755  0.999130  -0.002810  -0.999687  -0.024863  0.001157  -0.000686  -0.000439  0.000000  -0.000000  0.000000  2.000000  
196.691111 0.007583  0.099391  -0.004539  0.999433  -0.003641  0.033470  -0.033551  -0.024755  0.999130  -0.002810  -0.999687  -0.024863  0.001297  -0.000668  -0.000413  0.000000  -0.000000  0.000000  2.000000  
196.692358 0.007585  0.099392  -0.004539  0.999433  -0.003779  0.033467  -0.033551  -0.024872  0.999127  -0.002944  -0.999684  -0.024984  0.001489  -0.000569  -0.000356  0.000000  -0.000000  0.000000  2.000000  
196.693387 0.007587  0.099392  -0.004539  0.999432  -0.003913  0.033463  -0.033551  -0.024867  0.999128  -0.003077  -0.999683  -0.024984  0.001596  -0.000503  -0.000316  0.000000  -0.000000  0.000000  2.000000  
196.694613 0.007589  0.099393  -0.004538  0.999425  -0.003922  0.033669  -0.033756  -0.024988  0.999118  -0.003077  -0.999680  -0.025106  0.001618  -0.000452  -0.000305  0.000000  -0.000000  0.000000  2.000000  
196.695624 0.007591  0.099394  -0.004539  0.999425  -0.004056  0.033665  -0.033756  -0.024983  0.999118  -0.003211  -0.999680  -0.025106  0.001658  -0.000347  -0.000282  0.000000  -0.000000  0.000000  2.000000  
196.696856 0.007591  0.099394  -0.004539  0.999424  -0.004194  0.033661  -0.033756  -0.025100  0.999115  -0.003345  -0.999676  -0.025227  0.001573  -0.000249  -0.000250  0.000000  -0.000000  0.000000  2.000000  
196.697862 0.007592  0.099394  -0.004540  0.999418  -0.004203  0.033867  -0.033962  -0.025220  0.999105  -0.003345  -0.999673  -0.025348  0.001499  -0.000166  -0.000256  0.000000  -0.000000  0.000000  2.000000  
196.699112 0.007593  0.099395  -0.004541  0.999417  -0.004341  0.033863  -0.033962  -0.025337  0.999102  -0.003479  -0.999670  -0.025469  0.001435  -0.000020  -0.000213  0.000000  -0.000000  0.000000  2.000000  
196.700358 0.007594  0.099396  -0.004542  0.999417  -0.004474  0.033859  -0.033962  -0.025332  0.999102  -0.003613  -0.999669  -0.025469  0.001299  0.000058  -0.000246  0.000000  -0.000000  0.000000  2.000000  
196.701360 0.007594  0.099396  -0.004542  0.999417  -0.004478  0.033859  -0.033962  -0.025453  0.999099  -0.003613  -0.999666  -0.025591  0.001170  0.000141  -0.000250  0.000000  -0.000000  0.000000  2.000000  
196.702362 0.007593  0.099396  -0.004543  0.999410  -0.004488  0.034064  -0.034168  -0.025574  0.999089  -0.003613  -0.999663  -0.025712  0.001070  0.000228  -0.000253  0.000000  -0.000000  0.000000  2.000000  
196.703615 0.007593  0.099397  -0.004543  0.999409  -0.004626  0.034060  -0.034168  -0.025690  0.999086  -0.003746  -0.999659  -0.025833  0.000925  0.000280  -0.000272  0.000000  -0.000000  0.000000  2.000000  
196.704860 0.007593  0.099397  -0.004543  0.999409  -0.004626  0.034060  -0.034168  -0.025690  0.999086  -0.003746  -0.999659  -0.025833  0.000790  0.000367  -0.000277  0.000000  -0.000000  0.000000  2.000000  
196.705862 0.007593  0.099397  -0.004544  0.999409  -0.004763  0.034056  -0.034168  -0.025807  0.999083  -0.003880  -0.999656  -0.025954  0.000653  0.000369  -0.000346  0.000000  -0.000000  0.000000  2.000000  
196.707111 0.007593  0.099397  -0.004544  0.999402  -0.004773  0.034261  -0.034373  -0.025927  0.999073  -0.003880  -0.999652  -0.026076  0.000504  0.000373  -0.000381  0.000000  -0.000000  0.000000  2.000000  
196.708361 0.007593  0.099398  -0.004545  0.999402  -0.004777  0.034260  -0.034373  -0.026048  0.999070  -0.003880  -0.999649  -0.026197  0.000349  0.000373  -0.000410  0.000000  -0.000000  0.000000  2.000000  
196.709606 0.007592  0.099398  -0.004545  0.999402  -0.004781  0.034260  -0.034373  -0.026170  0.999066  -0.003880  -0.999646  -0.026318  0.000219  0.000333  -0.000425  0.000000  -0.000000  0.000000  2.000000  
196.710617 0.007592  0.099398  -0.004545  0.999402  -0.004785  0.034259  -0.034373  -0.026291  0.999063  -0.003880  -0.999643  -0.026439  0.000127  0.000301  -0.000410  0.000000  -0.000000  0.000000  2.000000  
196.711857 0.007592  0.099398  -0.004545  0.999402  -0.004789  0.034259  -0.034373  -0.026412  0.999060  -0.003880  -0.999640  -0.026561  0.000054  0.000312  -0.000352  0.000000  -0.000000  0.000000  2.000000  
196.713111 0.007592  0.099398  -0.004545  0.999394  -0.004799  0.034464  -0.034579  -0.026532  0.999050  -0.003880  -0.999636  -0.026682  0.000011  0.000275  -0.000328  0.000000  -0.000000  0.000000  2.000000  
196.714356 0.007593  0.099399  -0.004545  0.999394  -0.004803  0.034463  -0.034579  -0.026653  0.999046  -0.003880  -0.999633  -0.026803  -0.000026  0.000206  -0.000263  0.000000  -0.000000  0.000000  2.000000  
196.715358 0.007593  0.099399  -0.004544  0.999394  -0.004803  0.034463  -0.034579  -0.026653  0.999046  -0.003880  -0.999633  -0.026803  -0.000013  0.000219  -0.000166  0.000000  -0.000000  0.000000  2.000000  
196.716360 0.007593  0.099399  -0.004544  0.999394  -0.004807  0.034463  -0.034579  -0.026774  0.999043  -0.003880  -0.999630  -0.026924  -0.000029  0.000202  -0.000090  0.000000  -0.000000  0.000000  2.000000  
196.717365 0.007593  0.099398  -0.004544  0.999394  -0.004812  0.034462  -0.034579  -0.026896  0.999040  -0.003880  -0.999627  -0.027046  -0.000041  0.000131  -0.000093  0.000000  -0.000000  0.000000  2.000000  
196.718618 0.007593  0.099398  -0.004544  0.999394  -0.004816  0.034461  -0.034579  -0.027017  0.999037  -0.003880  -0.999623  -0.027167  -0.000045  0.000111  -0.000049  0.000000  -0.000000  0.000000  2.000000  
196.719619 0.007593  0.099398  -0.004544  0.999394  -0.004820  0.034461  -0.034579  -0.027138  0.999033  -0.003880  -0.999620  -0.027288  -0.000027  0.000067  -0.000029  0.000000  -0.000000  0.000000  2.000000  
196.720860 0.007593  0.099398  -0.004544  0.999388  -0.004696  0.034669  -0.034785  -0.027263  0.999023  -0.003746  -0.999617  -0.027409  0.000020  0.000051  0.000011  0.000000  -0.000000  0.000000  2.000000  
196.722111 0.007593  0.099397  -0.004544  0.999388  -0.004700  0.034669  -0.034785  -0.027384  0.999020  -0.003746  -0.999614  -0.027531  0.000047  -0.000015  0.000041  0.000000  -0.000000  0.000000  2.000000  
196.723361 0.007593  0.099397  -0.004545  0.999388  -0.004700  0.034669  -0.034785  -0.027384  0.999020  -0.003746  -0.999614  -0.027531  0.000040  -0.000070  -0.000004  0.000000  -0.000000  0.000000  2.000000  
196.724612 0.007593  0.099396  -0.004545  0.999388  -0.004705  0.034668  -0.034785  -0.027505  0.999016  -0.003746  -0.999611  -0.027652  0.000057  -0.000114  0.000015  0.000000  -0.000000  0.000000  2.000000  
196.725622 0.007593  0.099396  -0.004544  0.999388  -0.004709  0.034668  -0.034785  -0.027626  0.999013  -0.003746  -0.999607  -0.027773  0.000066  -0.000136  0.000025  0.000000  -0.000000  0.000000  2.000000  
196.726858 0.007594  0.099396  -0.004544  0.999381  -0.004719  0.034873  -0.034991  -0.027747  0.999002  -0.003746  -0.999604  -0.027894  0.000114  -0.000151  0.000066  0.000000  -0.000000  0.000000  2.000000  
196.728107 0.007594  0.099396  -0.004544  0.999381  -0.004723  0.034872  -0.034991  -0.027868  0.998999  -0.003746  -0.999600  -0.028016  0.000100  -0.000146  0.000098  0.000000  -0.000000  0.000000  2.000000  
196.729361 0.007594  0.099396  -0.004543  0.999381  -0.004589  0.034876  -0.034991  -0.027872  0.998999  -0.003613  -0.999601  -0.028016  0.000050  -0.000154  0.000103  0.000000  -0.000000  0.000000  2.000000  
196.730621 0.007593  0.099396  -0.004543  0.999381  -0.004593  0.034876  -0.034991  -0.027994  0.998995  -0.003613  -0.999598  -0.028137  -0.000009  -0.000213  0.000060  0.000000  -0.000000  0.000000  2.000000  
196.731860 0.007593  0.099395  -0.004543  0.999374  -0.004603  0.035081  -0.035196  -0.028114  0.998985  -0.003613  -0.999594  -0.028258  -0.000017  -0.000188  0.000050  0.000000  -0.000000  0.000000  2.000000  
196.733106 0.007592  0.099395  -0.004544  0.999374  -0.004603  0.035081  -0.035196  -0.028114  0.998985  -0.003613  -0.999594  -0.028258  -0.000075  -0.000247  0.000008  0.000000  -0.000000  0.000000  2.000000  
196.734115 0.007591  0.099394  -0.004544  0.999374  -0.004608  0.035080  -0.035196  -0.028235  0.998981  -0.003613  -0.999591  -0.028380  -0.000124  -0.000236  -0.000033  0.000000  -0.000000  0.000000  2.000000  
196.735360 0.007591  0.099394  -0.004545  0.999374  -0.004608  0.035080  -0.035196  -0.028235  0.998981  -0.003613  -0.999591  -0.028380  -0.000181  -0.000215  -0.000039  0.000000  -0.000000  0.000000  2.000000  
196.736361 0.007590  0.099394  -0.004545  0.999374  -0.004612  0.035079  -0.035196  -0.028356  0.998978  -0.003613  -0.999587  -0.028501  -0.000223  -0.000226  -0.000071  0.000000  -0.000000  0.000000  2.000000  
196.737363 0.007589  0.099394  -0.004546  0.999367  -0.004484  0.035289  -0.035402  -0.028360  0.998971  -0.003479  -0.999588  -0.028501  -0.000270  -0.000212  -0.000112  0.000000  -0.000000  0.000000  2.000000  
196.738612 0.007589  0.099394  -0.004547  0.999367  -0.004488  0.035288  -0.035402  -0.028481  0.998967  -0.003479  -0.999584  -0.028622  -0.000283  -0.000164  -0.000129  0.000000  -0.000000  0.000000  2.000000  
196.739612 0.007589  0.099394  -0.004547  0.999367  -0.004488  0.035288  -0.035402  -0.028481  0.998967  -0.003479  -0.999584  -0.028622  -0.000297  -0.000145  -0.000141  0.000000  -0.000000  0.000000  2.000000  
196.740614 0.007589  0.099394  -0.004548  0.999367  -0.004488  0.035288  -0.035402  -0.028481  0.998967  -0.003479  -0.999584  -0.028622  -0.000326  -0.000130  -0.000212  0.000000  -0.000000  0.000000  2.000000  
196.741938 0.007588  0.099394  -0.004549  0.999367  -0.004493  0.035288  -0.035402  -0.028602  0.998964  -0.003479  -0.999581  -0.028743  -0.000394  -0.000150  -0.000310  0.000000  -0.000000  0.000000  2.000000  
196.743108 0.007588  0.099394  -0.004550  0.999367  -0.004493  0.035288  -0.035402  -0.028602  0.998964  -0.003479  -0.999581  -0.028743  -0.000409  -0.000163  -0.000410  0.000000  -0.000000  0.000000  2.000000  
196.744108 0.007588  0.099394  -0.004550  0.999360  -0.004499  0.035494  -0.035608  -0.028601  0.998956  -0.003479  -0.999581  -0.028743  -0.000383  -0.000168  -0.000478  0.000000  -0.000000  0.000000  2.000000  
196.745357 0.007588  0.099393  -0.004551  0.999360  -0.004499  0.035494  -0.035608  -0.028601  0.998956  -0.003479  -0.999581  -0.028743  -0.000352  -0.000171  -0.000537  0.000000  -0.000000  0.000000  2.000000  
196.746620 0.007588  0.099393  -0.004552  0.999360  -0.004503  0.035493  -0.035608  -0.028723  0.998953  -0.003479  -0.999577  -0.028865  -0.000332  -0.000179  -0.000613  0.000000  -0.000000  0.000000  2.000000  
196.747861 0.007588  0.099392  -0.004553  0.999360  -0.004503  0.035493  -0.035608  -0.028723  0.998953  -0.003479  -0.999577  -0.028865  -0.000252  -0.000144  -0.000595  0.000000  -0.000000  0.000000  2.000000  
196.749114 0.007588  0.099392  -0.004553  0.999360  -0.004503  0.035493  -0.035608  -0.028723  0.998953  -0.003479  -0.999577  -0.028865  -0.000198  -0.000137  -0.000588  0.000000  -0.000000  0.000000  2.000000  
196.750363 0.007588  0.099392  -0.004553  0.999360  -0.004503  0.035493  -0.035608  -0.028723  0.998953  -0.003479  -0.999577  -0.028865  -0.000141  -0.000157  -0.000591  0.000000  -0.000000  0.000000  2.000000  
196.751616 0.007589  0.099392  -0.004554  0.999360  -0.004507  0.035492  -0.035608  -0.028844  0.998950  -0.003479  -0.999574  -0.028986  -0.000090  -0.000151  -0.000593  0.000000  -0.000000  0.000000  2.000000  
196.752862 0.007589  0.099391  -0.004555  0.999360  -0.004507  0.035492  -0.035608  -0.028844  0.998950  -0.003479  -0.999574  -0.028986  -0.000059  -0.000199  -0.000608  0.000000  -0.000000  0.000000  2.000000  
196.753862 0.007589  0.099391  -0.004556  0.999360  -0.004507  0.035492  -0.035608  -0.028844  0.998950  -0.003479  -0.999574  -0.028986  0.000001  -0.000212  -0.000591  0.000000  -0.000000  0.000000  2.000000  
196.754864 0.007589  0.099391  -0.004557  0.999352  -0.004513  0.035698  -0.035814  -0.028843  0.998942  -0.003479  -0.999574  -0.028986  0.000052  -0.000211  -0.000603  0.000000  -0.000000  0.000000  2.000000  
196.756111 0.007590  0.099391  -0.004558  0.999352  -0.004513  0.035698  -0.035814  -0.028843  0.998942  -0.003479  -0.999574  -0.028986  0.000074  -0.000236  -0.000627  0.000000  -0.000000  0.000000  2.000000  
196.757361 0.007590  0.099391  -0.004559  0.999352  -0.004513  0.035698  -0.035814  -0.028843  0.998942  -0.003479  -0.999574  -0.028986  0.000127  -0.000208  -0.000664  0.000000  -0.000000  0.000000  2.000000  
196.758365 0.007590  0.099390  -0.004559  0.999352  -0.004513  0.035698  -0.035814  -0.028843  0.998942  -0.003479  -0.999574  -0.028986  0.000125  -0.000231  -0.000630  0.000000  -0.000000  0.000000  2.000000  
196.759613 0.007590  0.099390  -0.004560  0.999352  -0.004513  0.035698  -0.035814  -0.028843  0.998942  -0.003479  -0.999574  -0.028986  0.000167  -0.000204  -0.000643  0.000000  -0.000000  0.000000  2.000000  
196.760856 0.007590  0.099390  -0.004561  0.999352  -0.004513  0.035698  -0.035814  -0.028843  0.998942  -0.003479  -0.999574  -0.028986  0.000164  -0.000200  -0.000632  0.000000  -0.000000  0.000000  2.000000  
196.761859 0.007590  0.099390  -0.004561  0.999352  -0.004513  0.035698  -0.035814  -0.028843  0.998942  -0.003479  -0.999574  -0.028986  0.000184  -0.000171  -0.000588  0.000000  -0.000000  0.000000  2.000000  
196.763108 0.007591  0.099391  -0.004561  0.999352  -0.004513  0.035698  -0.035814  -0.028843  0.998942  -0.003479  -0.999574  -0.028986  0.000204  -0.000119  -0.000577  0.000000  -0.000000  0.000000  2.000000  
196.764110 0.007591  0.099391  -0.004562  0.999352  -0.004513  0.035698  -0.035814  -0.028843  0.998942  -0.003479  -0.999574  -0.028986  0.000201  -0.000117  -0.000567  0.000000  -0.000000  0.000000  2.000000  
196.765356 0.007591  0.099391  -0.004562  0.999352  -0.004513  0.035698  -0.035814  -0.028843  0.998942  -0.003479  -0.999574  -0.028986  0.000180  -0.000092  -0.000544  0.000000  -0.000000  0.000000  2.000000  
196.766615 0.007591  0.099391  -0.004562  0.999345  -0.004519  0.035904  -0.036019  -0.028842  0.998935  -0.003479  -0.999574  -0.028986  0.000180  -0.000092  -0.000543  0.000000  -0.000000  0.000000  2.000000  
196.767615 0.007592  0.099391  -0.004563  0.999345  -0.004519  0.035904  -0.036019  -0.028842  0.998935  -0.003479  -0.999574  -0.028986  0.000199  -0.000061  -0.000497  0.000000  -0.000000  0.000000  2.000000  
196.768860 0.007592  0.099390  -0.004562  0.999345  -0.004519  0.035904  -0.036019  -0.028842  0.998935  -0.003479  -0.999574  -0.028986  0.000184  -0.000058  -0.000456  0.000000  -0.000000  0.000000  2.000000  
196.769861 0.007592  0.099390  -0.004562  0.999345  -0.004523  0.035903  -0.036019  -0.028963  0.998931  -0.003479  -0.999570  -0.029107  0.000159  -0.000053  -0.000389  0.000000  -0.000000  0.000000  2.000000  
196.770862 0.007592  0.099390  -0.004562  0.999345  -0.004523  0.035903  -0.036019  -0.028963  0.998931  -0.003479  -0.999570  -0.029107  0.000146  -0.000050  -0.000356  0.000000  -0.000000  0.000000  2.000000  
196.772111 0.007592  0.099391  -0.004562  0.999345  -0.004523  0.035903  -0.036019  -0.028963  0.998931  -0.003479  -0.999570  -0.029107  0.000150  -0.000016  -0.000269  0.000000  -0.000000  0.000000  2.000000  
196.773361 0.007592  0.099391  -0.004562  0.999345  -0.004523  0.035903  -0.036019  -0.028963  0.998931  -0.003479  -0.999570  -0.029107  0.000154  0.000019  -0.000182  0.000000  -0.000000  0.000000  2.000000  
196.774382 0.007593  0.099391  -0.004562  0.999345  -0.004523  0.035903  -0.036019  -0.028963  0.998931  -0.003479  -0.999570  -0.029107  0.000161  0.000054  -0.000096  0.000000  -0.000000  0.000000  2.000000  
196.775623 0.007593  0.099391  -0.004562  0.999345  -0.004523  0.035903  -0.036019  -0.028963  0.998931  -0.003479  -0.999570  -0.029107  0.000148  0.000057  -0.000062  0.000000  -0.000000  0.000000  2.000000  
196.776883 0.007593  0.099391  -0.004562  0.999338  -0.004529  0.036109  -0.036225  -0.028962  0.998924  -0.003479  -0.999570  -0.029107  0.000135  0.000059  -0.000028  0.000000  -0.000000  0.000000  2.000000  
196.778108 0.007593  0.099391  -0.004562  0.999338  -0.004529  0.036109  -0.036225  -0.028962  0.998924  -0.003479  -0.999570  -0.029107  0.000113  0.000007  -0.000039  0.000000  -0.000000  0.000000  2.000000  
196.779360 0.007593  0.099391  -0.004561  0.999338  -0.004529  0.036109  -0.036225  -0.028962  0.998924  -0.003479  -0.999570  -0.029107  0.000128  0.000020  0.000059  0.000000  -0.000000  0.000000  2.000000  
196.780612 0.007593  0.099391  -0.004561  0.999338  -0.004534  0.036108  -0.036225  -0.029083  0.998920  -0.003479  -0.999567  -0.029228  0.000122  0.000000  0.000101  0.000000  -0.000000  0.000000  2.000000  
196.781859 0.007593  0.099391  -0.004560  0.999338  -0.004534  0.036108  -0.036225  -0.029083  0.998920  -0.003479  -0.999567  -0.029228  0.000141  0.000033  0.000158  0.000000  -0.000000  0.000000  2.000000  
196.783106 0.007593  0.099391  -0.004559  0.999338  -0.004400  0.036112  -0.036225  -0.029088  0.998920  -0.003345  -0.999567  -0.029228  0.000123  0.000016  0.000231  0.000000  -0.000000  0.000000  2.000000  
196.784115 0.007594  0.099391  -0.004558  0.999331  -0.004406  0.036318  -0.036431  -0.029087  0.998913  -0.003345  -0.999567  -0.029228  0.000141  0.000048  0.000290  0.000000  -0.000000  0.000000  2.000000  
196.785361 0.007594  0.099391  -0.004557  0.999331  -0.004406  0.036318  -0.036431  -0.029087  0.998913  -0.003345  -0.999567  -0.029228  0.000167  0.000059  0.000356  0.000000  -0.000000  0.000000  2.000000  
196.786361 0.007594  0.099391  -0.004557  0.999331  -0.004406  0.036318  -0.036431  -0.029087  0.998913  -0.003345  -0.999567  -0.029228  0.000134  0.000009  0.000378  0.000000  -0.000000  0.000000  2.000000  
196.787617 0.007594  0.099391  -0.004556  0.999331  -0.004406  0.036318  -0.036431  -0.029087  0.998913  -0.003345  -0.999567  -0.029228  0.000130  -0.000011  0.000421  0.000000  -0.000000  0.000000  2.000000  
196.788861 0.007594  0.099391  -0.004555  0.999331  -0.004411  0.036317  -0.036431  -0.029208  0.998909  -0.003345  -0.999564  -0.029349  0.000144  0.000021  0.000468  0.000000  -0.000000  0.000000  2.000000  
196.789861 0.007594  0.099391  -0.004555  0.999323  -0.004417  0.036523  -0.036637  -0.029207  0.998902  -0.003345  -0.999564  -0.029349  0.000126  -0.000030  0.000465  0.000000  -0.000000  0.000000  2.000000  
196.791111 0.007595  0.099391  -0.004554  0.999323  -0.004417  0.036523  -0.036637  -0.029207  0.998902  -0.003345  -0.999564  -0.029349  0.000143  0.000002  0.000520  0.000000  -0.000000  0.000000  2.000000  
196.792359 0.007594  0.099391  -0.004554  0.999323  -0.004417  0.036523  -0.036637  -0.029207  0.998902  -0.003345  -0.999564  -0.029349  0.000120  0.000027  0.000535  0.000000  -0.000000  0.000000  2.000000  
196.793619 0.007594  0.099391  -0.004554  0.999315  -0.004427  0.036728  -0.036842  -0.029328  0.998891  -0.003345  -0.999560  -0.029471  0.000092  -0.000003  0.000522  0.000000  -0.000000  0.000000  2.000000  
196.794620 0.007594  0.099391  -0.004553  0.999315  -0.004427  0.036728  -0.036842  -0.029328  0.998891  -0.003345  -0.999560  -0.029471  0.000092  -0.000003  0.000522  0.000000  -0.000000  0.000000  2.000000  
196.795622 0.007595  0.099391  -0.004553  0.999315  -0.004427  0.036728  -0.036842  -0.029328  0.998891  -0.003345  -0.999560  -0.029471  0.000125  0.000047  0.000500  0.000000  -0.000000  0.000000  2.000000  
196.796856 0.007595  0.099391  -0.004552  0.999308  -0.004433  0.036934  -0.037048  -0.029327  0.998883  -0.003345  -0.999560  -0.029471  0.000082  0.000019  0.000504  0.000000  -0.000000  0.000000  2.000000  
196.797859 0.007595  0.099391  -0.004552  0.999308  -0.004438  0.036933  -0.037048  -0.029448  0.998879  -0.003345  -0.999556  -0.029592  0.000087  0.000039  0.000469  0.000000  -0.000000  0.000000  2.000000  
196.798859 0.007595  0.099392  -0.004552  0.999308  -0.004438  0.036933  -0.037048  -0.029448  0.998879  -0.003345  -0.999556  -0.029592  0.000089  0.000058  0.000419  0.000000  -0.000000  0.000000  2.000000  
196.800107 0.007595  0.099392  -0.004552  0.999300  -0.004444  0.037139  -0.037254  -0.029447  0.998872  -0.003345  -0.999556  -0.029592  0.000093  0.000077  0.000376  0.000000  -0.000000  0.000000  2.000000  
196.801114 0.007595  0.099392  -0.004552  0.999300  -0.004444  0.037139  -0.037254  -0.029447  0.998872  -0.003345  -0.999556  -0.029592  0.000078  0.000046  0.000327  0.000000  -0.000000  0.000000  2.000000  
196.802366 0.007595  0.099391  -0.004552  0.999300  -0.004448  0.037138  -0.037254  -0.029568  0.998868  -0.003345  -0.999553  -0.029713  0.000094  0.000063  0.000250  0.000000  -0.000000  0.000000  2.000000  
196.803616 0.007595  0.099391  -0.004552  0.999293  -0.004454  0.037344  -0.037460  -0.029567  0.998861  -0.003345  -0.999553  -0.029713  0.000077  0.000031  0.000194  0.000000  -0.000000  0.000000  2.000000  
196.804861 0.007596  0.099392  -0.004552  0.999293  -0.004454  0.037344  -0.037460  -0.029567  0.998861  -0.003345  -0.999553  -0.029713  0.000096  0.000081  0.000202  0.000000  -0.000000  0.000000  2.000000  
196.805863 0.007596  0.099392  -0.004552  0.999285  -0.004460  0.037550  -0.037665  -0.029566  0.998853  -0.003345  -0.999553  -0.029713  0.000090  0.000028  0.000161  0.000000  -0.000000  0.000000  2.000000  
196.807108 0.007596  0.099392  -0.004552  0.999285  -0.004465  0.037549  -0.037665  -0.029688  0.998849  -0.003345  -0.999549  -0.029834  0.000088  0.000028  0.000158  0.000000  -0.000000  0.000000  2.000000  
196.808110 0.007596  0.099392  -0.004551  0.999277  -0.004471  0.037755  -0.037871  -0.029687  0.998842  -0.003345  -0.999549  -0.029834  0.000132  0.000055  0.000148  0.000000  -0.000000  0.000000  2.000000  
196.809361 0.007597  0.099392  -0.004552  0.999277  -0.004471  0.037755  -0.037871  -0.029687  0.998842  -0.003345  -0.999549  -0.029834  0.000149  0.000072  0.000071  0.000000  -0.000000  0.000000  2.000000  
196.810361 0.007597  0.099392  -0.004552  0.999269  -0.004482  0.037960  -0.038077  -0.029807  0.998830  -0.003345  -0.999546  -0.029956  0.000132  0.000040  0.000016  0.000000  -0.000000  0.000000  2.000000  
196.811361 0.007597  0.099392  -0.004552  0.999269  -0.004482  0.037960  -0.038077  -0.029807  0.998830  -0.003345  -0.999546  -0.029956  0.000141  0.000018  0.000025  0.000000  -0.000000  0.000000  2.000000  
196.812361 0.007597  0.099392  -0.004553  0.999261  -0.004488  0.038165  -0.038282  -0.029806  0.998822  -0.003345  -0.999546  -0.029956  0.000166  0.000012  -0.000042  0.000000  -0.000000  0.000000  2.000000  
196.813615 0.007597  0.099392  -0.004553  0.999261  -0.004492  0.038165  -0.038282  -0.029927  0.998819  -0.003345  -0.999542  -0.030077  0.000149  -0.000020  -0.000097  0.000000  -0.000000  0.000000  2.000000  
196.814615 0.007597  0.099392  -0.004553  0.999253  -0.004499  0.038370  -0.038488  -0.029926  0.998811  -0.003345  -0.999542  -0.030077  0.000149  -0.000020  -0.000097  0.000000  -0.000000  0.000000  2.000000  
196.815623 0.007597  0.099392  -0.004553  0.999253  -0.004499  0.038370  -0.038488  -0.029926  0.998811  -0.003345  -0.999542  -0.030077  0.000140  0.000002  -0.000107  0.000000  -0.000000  0.000000  2.000000  
196.816861 0.007598  0.099391  -0.004554  0.999246  -0.004505  0.038576  -0.038694  -0.029925  0.998803  -0.003345  -0.999542  -0.030077  0.000149  -0.000020  -0.000097  0.000000  -0.000000  0.000000  2.000000  
196.817861 0.007598  0.099391  -0.004554  0.999246  -0.004509  0.038576  -0.038694  -0.030046  0.998799  -0.003345  -0.999538  -0.030198  0.000147  -0.000020  -0.000096  0.000000  -0.000000  0.000000  2.000000  
196.818862 0.007598  0.099391  -0.004554  0.999238  -0.004516  0.038781  -0.038900  -0.030045  0.998791  -0.003345  -0.999538  -0.030198  0.000118  -0.000049  -0.000117  0.000000  -0.000000  0.000000  2.000000  
196.820110 0.007598  0.099391  -0.004553  0.999238  -0.004516  0.038781  -0.038900  -0.030045  0.998791  -0.003345  -0.999538  -0.030198  0.000120  -0.000050  -0.000118  0.000000  -0.000000  0.000000  2.000000  
196.821111 0.007598  0.099391  -0.004553  0.999229  -0.004527  0.038986  -0.039105  -0.030166  0.998780  -0.003345  -0.999535  -0.030319  0.000120  -0.000050  -0.000118  0.000000  -0.000000  0.000000  2.000000  
196.822361 0.007598  0.099390  -0.004554  0.999221  -0.004533  0.039192  -0.039311  -0.030165  0.998772  -0.003345  -0.999535  -0.030319  0.000141  -0.000075  -0.000142  0.000000  -0.000000  0.000000  2.000000  
196.823615 0.007598  0.099390  -0.004554  0.999222  -0.004399  0.039196  -0.039311  -0.030170  0.998771  -0.003211  -0.999535  -0.030319  0.000099  -0.000102  -0.000130  0.000000  -0.000000  0.000000  2.000000  
196.824858 0.007598  0.099390  -0.004554  0.999214  -0.004410  0.039401  -0.039517  -0.030290  0.998760  -0.003211  -0.999531  -0.030441  0.000087  -0.000100  -0.000096  0.000000  -0.000000  0.000000  2.000000  
196.826106 0.007598  0.099390  -0.004554  0.999214  -0.004410  0.039401  -0.039517  -0.030290  0.998760  -0.003211  -0.999531  -0.030441  0.000056  -0.000127  -0.000115  0.000000  -0.000000  0.000000  2.000000  
196.827113 0.007598  0.099390  -0.004554  0.999206  -0.004416  0.039607  -0.039722  -0.030289  0.998752  -0.003211  -0.999531  -0.030441  0.000044  -0.000127  -0.000083  0.000000  -0.000000  0.000000  2.000000  
196.828361 0.007598  0.099390  -0.004554  0.999197  -0.004427  0.039812  -0.039928  -0.030410  0.998740  -0.003211  -0.999528  -0.030562  0.000032  -0.000124  -0.000050  0.000000  -0.000000  0.000000  2.000000  
196.829610 0.007598  0.099389  -0.004555  0.999197  -0.004427  0.039812  -0.039928  -0.030410  0.998740  -0.003211  -0.999528  -0.030562  0.000015  -0.000154  -0.000103  0.000000  -0.000000  0.000000  2.000000  
196.830614 0.007598  0.099389  -0.004555  0.999189  -0.004434  0.040017  -0.040134  -0.030409  0.998731  -0.003211  -0.999528  -0.030562  0.000015  -0.000154  -0.000103  0.000000  -0.000000  0.000000  2.000000  
196.831618 0.007598  0.099389  -0.004555  0.999189  -0.004439  0.040017  -0.040134  -0.030530  0.998728  -0.003211  -0.999524  -0.030683  -0.000007  -0.000132  -0.000081  0.000000  -0.000000  0.000000  2.000000  
196.832858 0.007597  0.099389  -0.004556  0.999181  -0.004445  0.040222  -0.040340  -0.030529  0.998720  -0.003211  -0.999524  -0.030683  -0.000023  -0.000162  -0.000133  0.000000  -0.000000  0.000000  2.000000  
196.833861 0.007597  0.099389  -0.004556  0.999181  -0.004445  0.040222  -0.040340  -0.030529  0.998720  -0.003211  -0.999524  -0.030683  -0.000023  -0.000162  -0.000133  0.000000  -0.000000  0.000000  2.000000  
196.834863 0.007597  0.099389  -0.004556  0.999173  -0.004456  0.040427  -0.040545  -0.030649  0.998708  -0.003211  -0.999520  -0.030804  -0.000032  -0.000142  -0.000145  0.000000  -0.000000  0.000000  2.000000  
196.835863 0.007597  0.099388  -0.004556  0.999173  -0.004322  0.040432  -0.040545  -0.030655  0.998707  -0.003077  -0.999521  -0.030804  -0.000062  -0.000172  -0.000167  0.000000  -0.000000  0.000000  2.000000  
196.837113 0.007597  0.099388  -0.004556  0.999165  -0.004329  0.040637  -0.040751  -0.030654  0.998699  -0.003077  -0.999521  -0.030804  -0.000083  -0.000147  -0.000143  0.000000  -0.000000  0.000000  2.000000  
196.838360 0.007597  0.099389  -0.004556  0.999165  -0.004334  0.040637  -0.040751  -0.030775  0.998695  -0.003077  -0.999517  -0.030926  -0.000092  -0.000125  -0.000152  0.000000  -0.000000  0.000000  2.000000  
196.839612 0.007596  0.099388  -0.004556  0.999156  -0.004340  0.040842  -0.040957  -0.030774  0.998687  -0.003077  -0.999517  -0.030926  -0.000122  -0.000155  -0.000174  0.000000  -0.000000  0.000000  2.000000  
196.840613 0.007596  0.099388  -0.004556  0.999156  -0.004345  0.040842  -0.040957  -0.030895  0.998683  -0.003077  -0.999513  -0.031047  -0.000091  -0.000123  -0.000150  0.000000  -0.000000  0.000000  2.000000  
196.841615 0.007596  0.099388  -0.004556  0.999148  -0.004351  0.041047  -0.041162  -0.030894  0.998675  -0.003077  -0.999513  -0.031047  -0.000101  -0.000102  -0.000162  0.000000  -0.000000  0.000000  2.000000  
196.842646 0.007596  0.099388  -0.004557  0.999148  -0.004351  0.041047  -0.041162  -0.030894  0.998675  -0.003077  -0.999513  -0.031047  -0.000097  -0.000083  -0.000205  0.000000  -0.000000  0.000000  2.000000  
196.843863 0.007596  0.099388  -0.004557  0.999140  -0.004229  0.041257  -0.041368  -0.031020  0.998662  -0.002944  -0.999510  -0.031168  -0.000140  -0.000110  -0.000193  0.000000  -0.000000  0.000000  2.000000  
196.845106 0.007596  0.099388  -0.004557  0.999140  -0.004229  0.041257  -0.041368  -0.031020  0.998662  -0.002944  -0.999510  -0.031168  -0.000117  -0.000057  -0.000179  0.000000  -0.000000  0.000000  2.000000  
196.846360 0.007596  0.099388  -0.004557  0.999131  -0.004235  0.041462  -0.041574  -0.031019  0.998654  -0.002944  -0.999510  -0.031168  -0.000117  -0.000057  -0.000179  0.000000  -0.000000  0.000000  2.000000  
196.847360 0.007596  0.099389  -0.004558  0.999131  -0.004240  0.041462  -0.041574  -0.031140  0.998650  -0.002944  -0.999506  -0.031289  -0.000112  -0.000003  -0.000137  0.000000  -0.000000  0.000000  2.000000  
196.848611 0.007596  0.099389  -0.004558  0.999131  -0.004240  0.041462  -0.041574  -0.031140  0.998650  -0.002944  -0.999506  -0.031289  -0.000110  -0.000003  -0.000134  0.000000  -0.000000  0.000000  2.000000  
196.849858 0.007596  0.099389  -0.004558  0.999123  -0.004118  0.041671  -0.041779  -0.031266  0.998638  -0.002810  -0.999503  -0.031411  -0.000119  0.000019  -0.000144  0.000000  -0.000000  0.000000  2.000000  
196.850861 0.007596  0.099389  -0.004558  0.999123  -0.004118  0.041671  -0.041779  -0.031266  0.998638  -0.002810  -0.999503  -0.031411  -0.000090  0.000048  -0.000123  0.000000  -0.000000  0.000000  2.000000  
196.852107 0.007596  0.099389  -0.004558  0.999114  -0.004125  0.041876  -0.041985  -0.031265  0.998629  -0.002810  -0.999503  -0.031411  -0.000090  0.000048  -0.000123  0.000000  -0.000000  0.000000  2.000000  
196.853109 0.007595  0.099389  -0.004558  0.999114  -0.004130  0.041876  -0.041985  -0.031386  0.998625  -0.002810  -0.999499  -0.031532  -0.000090  0.000048  -0.000123  0.000000  -0.000000  0.000000  2.000000  
196.854363 0.007595  0.099389  -0.004557  0.999106  -0.004003  0.042086  -0.042191  -0.031391  0.998616  -0.002676  -0.999499  -0.031532  -0.000074  0.000082  -0.000070  0.000000  -0.000000  0.000000  2.000000  
196.855621 0.007595  0.099389  -0.004557  0.999106  -0.004003  0.042086  -0.042191  -0.031391  0.998616  -0.002676  -0.999499  -0.031532  -0.000074  0.000082  -0.000070  0.000000  -0.000000  0.000000  2.000000  
196.856859 0.007595  0.099389  -0.004557  0.999106  -0.004008  0.042085  -0.042191  -0.031512  0.998612  -0.002676  -0.999495  -0.031653  -0.000078  0.000062  -0.000027  0.000000  -0.000000  0.000000  2.000000  
196.858112 0.007595  0.099390  -0.004557  0.999098  -0.003881  0.042295  -0.042397  -0.031517  0.998604  -0.002542  -0.999496  -0.031653  -0.000070  0.000117  0.000019  0.000000  -0.000000  0.000000  2.000000  
196.859359 0.007595  0.099390  -0.004556  0.999098  -0.003886  0.042295  -0.042397  -0.031638  0.998600  -0.002542  -0.999492  -0.031774  -0.000053  0.000147  0.000072  0.000000  -0.000000  0.000000  2.000000  
196.860611 0.007595  0.099390  -0.004556  0.999089  -0.003759  0.042504  -0.042602  -0.031643  0.998591  -0.002408  -0.999492  -0.031774  -0.000044  0.000125  0.000082  0.000000  -0.000000  0.000000  2.000000  
196.861615 0.007595  0.099390  -0.004556  0.999089  -0.003759  0.042504  -0.042602  -0.031643  0.998591  -0.002408  -0.999492  -0.031774  -0.000048  0.000107  0.000127  0.000000  -0.000000  0.000000  2.000000  
196.862858 0.007595  0.099391  -0.004555  0.999080  -0.003770  0.042710  -0.042808  -0.031763  0.998578  -0.002408  -0.999488  -0.031896  -0.000031  0.000137  0.000179  0.000000  -0.000000  0.000000  2.000000  
196.863858 0.007595  0.099391  -0.004555  0.999081  -0.003637  0.042714  -0.042808  -0.031769  0.998578  -0.002275  -0.999489  -0.031896  -0.000031  0.000140  0.000182  0.000000  -0.000000  0.000000  2.000000  
196.864859 0.007595  0.099391  -0.004555  0.999081  -0.003637  0.042714  -0.042808  -0.031769  0.998578  -0.002275  -0.999489  -0.031896  -0.000044  0.000142  0.000216  0.000000  -0.000000  0.000000  2.000000  
196.865861 0.007595  0.099391  -0.004555  0.999072  -0.003643  0.042919  -0.043014  -0.031768  0.998569  -0.002275  -0.999489  -0.031896  -0.000043  0.000140  0.000212  0.000000  -0.000000  0.000000  2.000000  
196.866861 0.007595  0.099391  -0.004554  0.999072  -0.003515  0.042923  -0.043014  -0.031895  0.998565  -0.002141  -0.999485  -0.032017  -0.000057  0.000145  0.000250  0.000000  -0.000000  0.000000  2.000000  
196.867866 0.007595  0.099392  -0.004554  0.999063  -0.003521  0.043129  -0.043219  -0.031895  0.998556  -0.002141  -0.999485  -0.032017  -0.000018  0.000152  0.000281  0.000000  -0.000000  0.000000  2.000000  
196.869112 0.007595  0.099392  -0.004553  0.999063  -0.003521  0.043129  -0.043219  -0.031895  0.998556  -0.002141  -0.999485  -0.032017  -0.000018  0.000153  0.000281  0.000000  -0.000000  0.000000  2.000000  
196.870362 0.007595  0.099392  -0.004553  0.999055  -0.003400  0.043338  -0.043425  -0.032021  0.998543  -0.002007  -0.999481  -0.032138  -0.000018  0.000153  0.000281  0.000000  -0.000000  0.000000  2.000000  
196.871609 0.007595  0.099392  -0.004553  0.999055  -0.003400  0.043338  -0.043425  -0.032021  0.998543  -0.002007  -0.999481  -0.032138  -0.000031  0.000153  0.000309  0.000000  -0.000000  0.000000  2.000000  
196.872613 0.007595  0.099392  -0.004552  0.999046  -0.003273  0.043548  -0.043631  -0.032026  0.998534  -0.001873  -0.999482  -0.032138  0.000020  0.000160  0.000312  0.000000  -0.000000  0.000000  2.000000  
196.873613 0.007595  0.099392  -0.004552  0.999046  -0.003273  0.043548  -0.043631  -0.032026  0.998534  -0.001873  -0.999482  -0.032138  -0.000013  0.000109  0.000329  0.000000  -0.000000  0.000000  2.000000  
196.874622 0.007596  0.099392  -0.004552  0.999046  -0.003144  0.043552  -0.043631  -0.032153  0.998530  -0.001739  -0.999478  -0.032259  0.000029  0.000138  0.000322  0.000000  -0.000000  0.000000  2.000000  
196.875862 0.007596  0.099392  -0.004552  0.999037  -0.003151  0.043758  -0.043836  -0.032152  0.998521  -0.001739  -0.999478  -0.032259  0.000042  0.000135  0.000288  0.000000  -0.000000  0.000000  2.000000  
196.877111 0.007596  0.099392  -0.004551  0.999028  -0.003024  0.043967  -0.044042  -0.032157  0.998512  -0.001606  -0.999478  -0.032259  0.000080  0.000143  0.000319  0.000000  -0.000000  0.000000  2.000000  
196.878360 0.007596  0.099392  -0.004551  0.999028  -0.003024  0.043967  -0.044042  -0.032157  0.998512  -0.001606  -0.999478  -0.032259  0.000062  0.000109  0.000259  0.000000  -0.000000  0.000000  2.000000  
196.879611 0.007597  0.099392  -0.004551  0.999020  -0.002902  0.044177  -0.044248  -0.032284  0.998499  -0.001472  -0.999475  -0.032381  0.000121  0.000091  0.000266  0.000000  -0.000000  0.000000  2.000000  
196.880858 0.007597  0.099392  -0.004551  0.999010  -0.002909  0.044383  -0.044453  -0.032283  0.998490  -0.001472  -0.999475  -0.032381  0.000121  0.000091  0.000266  0.000000  -0.000000  0.000000  2.000000  
196.881865 0.007597  0.099393  -0.004550  0.999011  -0.002775  0.044387  -0.044453  -0.032289  0.998490  -0.001338  -0.999475  -0.032381  0.000174  0.000098  0.000268  0.000000  -0.000000  0.000000  2.000000  
196.883108 0.007598  0.099393  -0.004550  0.999001  -0.002782  0.044592  -0.044659  -0.032289  0.998480  -0.001338  -0.999475  -0.032381  0.000172  0.000096  0.000264  0.000000  -0.000000  0.000000  2.000000  
196.884112 0.007598  0.099393  -0.004550  0.999002  -0.002648  0.044597  -0.044659  -0.032295  0.998480  -0.001204  -0.999475  -0.032381  0.000184  0.000094  0.000230  0.000000  -0.000000  0.000000  2.000000  
196.885361 0.007598  0.099393  -0.004549  0.998992  -0.002655  0.044802  -0.044865  -0.032294  0.998471  -0.001204  -0.999475  -0.032381  0.000222  0.000101  0.000261  0.000000  -0.000000  0.000000  2.000000  
196.886361 0.007599  0.099394  -0.004549  0.998983  -0.002534  0.045012  -0.045070  -0.032421  0.998458  -0.001070  -0.999471  -0.032502  0.000268  0.000130  0.000252  0.000000  -0.000000  0.000000  2.000000  
196.887613 0.007599  0.099394  -0.004549  0.998983  -0.002534  0.045012  -0.045070  -0.032421  0.998458  -0.001070  -0.999471  -0.032502  0.000238  0.000100  0.000231  0.000000  -0.000000  0.000000  2.000000  
196.888613 0.007599  0.099394  -0.004549  0.998974  -0.002407  0.045222  -0.045276  -0.032426  0.998448  -0.000937  -0.999471  -0.032502  0.000280  0.000128  0.000219  0.000000  -0.000000  0.000000  2.000000  
196.889861 0.007600  0.099394  -0.004548  0.998965  -0.002280  0.045432  -0.045482  -0.032432  0.998439  -0.000803  -0.999471  -0.032502  0.000276  0.000126  0.000215  0.000000  -0.000000  0.000000  2.000000  
196.890864 0.007600  0.099394  -0.004548  0.998955  -0.002286  0.045637  -0.045687  -0.032431  0.998429  -0.000803  -0.999471  -0.032502  0.000280  0.000128  0.000219  0.000000  -0.000000  0.000000  2.000000  
