1-Time 2-Px 3-Py 4-Pz 5-R11 6-R21 7-R31 8-R12 9-R22 10-R32 11-R13 12-R23 13-R33 14-Vx 15-Vy 16-Vz 17-Wx 18-Wy 19-Wz 20-state 21-PR11 22-PR21 23-PR31 24-PR12 25-PR22 26-PR32 27-PR13 28-PR23 29-PR33 
184.244086 0.009205  0.101523  -0.002041  0.993131  0.067055  -0.095893  0.097221  -0.016834  0.995120  0.065114  -0.997607  -0.023238  -0.000339  -0.000423  0.000108  0.000000  0.005760  -0.247269  2.000000  
184.245086 0.009205  0.101523  -0.002041  0.993148  0.066790  -0.095899  0.097223  -0.016860  0.995120  0.064847  -0.997625  -0.023238  -0.000313  -0.000428  0.000042  0.000474  -0.001142  -0.247429  2.000000  
184.246088 0.009207  0.101524  -0.002041  0.993168  0.066786  -0.095694  0.097019  -0.016874  0.995140  0.064847  -0.997625  -0.023238  -0.000203  -0.000377  -0.000047  0.000946  -0.008253  -0.238602  2.000000  
184.247341 0.009209  0.101525  -0.002041  0.993216  0.066658  -0.095279  0.096610  -0.017035  0.995176  0.064713  -0.997630  -0.023359  0.000003  -0.000254  -0.000061  0.005964  -0.022259  -0.230007  2.000000  
184.248587 0.009212  0.101526  -0.002042  0.993236  0.066654  -0.095074  0.096406  -0.017049  0.995196  0.064713  -0.997630  -0.023359  0.000175  -0.000196  -0.000182  0.006378  -0.029129  -0.219341  2.000000  
184.249591 0.009214  0.101525  -0.002043  0.993236  0.066666  -0.095066  0.096406  -0.017169  0.995194  0.064713  -0.997628  -0.023480  0.000352  -0.000184  -0.000251  0.010501  -0.029560  -0.212107  2.000000  
184.250596 0.009217  0.101525  -0.002045  0.993276  0.066670  -0.094648  0.095997  -0.017317  0.995231  0.064713  -0.997625  -0.023601  0.000554  -0.000176  -0.000385  0.015506  -0.043549  -0.203382  2.000000  
184.251599 0.009219  0.101525  -0.002046  0.993315  0.066663  -0.094239  0.095588  -0.017345  0.995270  0.064713  -0.997625  -0.023601  0.000794  -0.000160  -0.000463  0.016432  -0.057550  -0.194687  2.000000  
184.252845 0.009223  0.101525  -0.002046  0.993385  0.066793  -0.093408  0.094769  -0.017508  0.995345  0.064847  -0.997613  -0.023722  0.001083  -0.000079  -0.000490  0.022376  -0.085471  -0.181902  2.000000  
184.254090 0.009227  0.101526  -0.002046  0.993443  0.066782  -0.092793  0.094156  -0.017549  0.995403  0.064847  -0.997613  -0.023722  0.001381  -0.000020  -0.000508  0.000000  0.000000  0.000000  2.000000  
184.255091 0.009230  0.101527  -0.002046  0.993482  0.066786  -0.092375  0.093747  -0.017697  0.995439  0.064847  -0.997610  -0.023843  0.001596  0.000080  -0.000511  0.000000  0.000000  0.000000  2.000000  
184.256338 0.009233  0.101528  -0.002046  0.993531  0.066908  -0.091757  0.093132  -0.017726  0.995496  0.064980  -0.997602  -0.023843  0.001799  0.000183  -0.000481  0.000000  0.000000  0.000000  2.000000  
184.257341 0.009236  0.101529  -0.002046  0.993580  0.067030  -0.091139  0.092518  -0.017755  0.995553  0.065114  -0.997593  -0.023843  0.002032  0.000316  -0.000430  0.000000  0.000000  0.000000  2.000000  
184.258602 0.009239  0.101532  -0.002046  0.993647  0.067159  -0.090308  0.091699  -0.017919  0.995626  0.065247  -0.997581  -0.023963  0.002261  0.000547  -0.000386  0.037414  -0.190364  -0.121382  2.000000  
184.259838 0.009243  0.101536  -0.002046  0.993705  0.067410  -0.089481  0.090879  -0.017950  0.995700  0.065514  -0.997564  -0.023963  0.002517  0.000847  -0.000337  0.039275  -0.218618  -0.099630  2.000000  
184.261086 0.009246  0.101541  -0.002046  0.993752  0.067543  -0.088855  0.090264  -0.018100  0.995753  0.065648  -0.997552  -0.024084  0.002656  0.001137  -0.000291  0.044726  -0.239643  -0.086650  2.000000  
184.262088 0.009249  0.101545  -0.002046  0.993780  0.067668  -0.088442  0.089854  -0.018116  0.995790  0.065781  -0.997543  -0.024083  0.002726  0.001328  -0.000336  0.045635  -0.253774  -0.073493  2.000000  
184.263341 0.009253  0.101550  -0.002046  0.993836  0.067919  -0.087615  0.089034  -0.018148  0.995863  0.066048  -0.997526  -0.024083  0.002831  0.001650  -0.000232  0.047477  -0.281993  -0.051683  2.000000  
184.264587 0.009257  0.101554  -0.002046  0.993882  0.068052  -0.086989  0.088420  -0.018299  0.995915  0.066182  -0.997514  -0.024204  0.002883  0.001886  -0.000171  0.052492  -0.300570  -0.038388  2.000000  
184.265606 0.009260  0.101556  -0.002046  0.993928  0.068173  -0.086371  0.087805  -0.018329  0.995969  0.066315  -0.997505  -0.024204  0.002888  0.002099  -0.000048  0.053772  -0.316861  -0.025516  2.000000  
184.266839 0.009264  0.101559  -0.002045  0.993973  0.068295  -0.085752  0.087190  -0.018359  0.996022  0.066449  -0.997496  -0.024203  0.002895  0.002282  0.000065  0.055155  -0.338027  -0.012535  2.000000  
184.267846 0.009266  0.101560  -0.002045  0.994000  0.068431  -0.085331  0.086780  -0.018497  0.996056  0.066582  -0.997484  -0.024324  0.002860  0.002360  0.000080  0.060143  -0.351990  -0.003895  2.000000  
184.269092 0.009269  0.101561  -0.002045  0.994062  0.068548  -0.084507  0.085961  -0.018542  0.996126  0.066716  -0.997475  -0.024324  0.002791  0.002400  0.000061  0.061967  -0.379968  0.008931  2.000000  
184.270345 0.009272  0.101562  -0.002046  0.994097  0.068813  -0.083877  0.085346  -0.018682  0.996176  0.066983  -0.997455  -0.024445  0.002800  0.002343  -0.000018  0.067424  -0.401115  0.026393  2.000000  
184.271597 0.009276  0.101561  -0.002049  0.994141  0.068934  -0.083258  0.084731  -0.018713  0.996228  0.067116  -0.997446  -0.024444  0.002847  0.002232  -0.000142  0.068734  -0.422172  0.043870  2.000000  
184.272841 0.009280  0.101561  -0.002051  0.994167  0.069070  -0.082837  0.084321  -0.018851  0.996260  0.067250  -0.997434  -0.024565  0.002863  0.002037  -0.000334  0.073711  -0.436377  0.057006  2.000000  
184.273844 0.009283  0.101561  -0.002053  0.994201  0.069334  -0.082206  0.083705  -0.018992  0.996310  0.067517  -0.997413  -0.024686  0.002906  0.001871  -0.000503  0.079191  -0.457398  0.069965  2.000000  
184.275091 0.009288  0.101561  -0.002057  0.994226  0.069469  -0.081784  0.083295  -0.019130  0.996341  0.067650  -0.997401  -0.024806  0.002937  0.001595  -0.000763  0.084173  -0.471646  0.083110  2.000000  
184.276336 0.009292  0.101562  -0.002061  0.994268  0.069600  -0.081157  0.082680  -0.019283  0.996390  0.067784  -0.997389  -0.024927  0.002973  0.001322  -0.001049  0.088474  -0.481613  0.086534  2.000000  
184.277340 0.009295  0.101562  -0.002065  0.994293  0.069725  -0.080744  0.082270  -0.019301  0.996423  0.067917  -0.997380  -0.024927  0.003022  0.001017  -0.001306  0.084418  -0.481766  0.095410  2.000000  
184.278341 0.009298  0.101561  -0.002069  0.994318  0.069860  -0.080322  0.081860  -0.019439  0.996454  0.068051  -0.997367  -0.025048  0.002977  0.000759  -0.001540  0.089681  -0.492748  0.100494  2.000000  
184.279586 0.009301  0.101561  -0.002073  0.994342  0.069995  -0.079900  0.081450  -0.019578  0.996485  0.068184  -0.997355  -0.025168  0.002971  0.000471  -0.001803  0.089907  -0.502610  0.103754  2.000000  
184.280592 0.009304  0.101561  -0.002076  0.994376  0.069996  -0.079481  0.081040  -0.019728  0.996516  0.068184  -0.997352  -0.025289  0.002928  0.000295  -0.002002  0.089903  -0.502597  0.103688  2.000000  
184.281599 0.009306  0.101560  -0.002079  0.994400  0.070121  -0.079067  0.080630  -0.019746  0.996548  0.068318  -0.997343  -0.025289  0.002890  0.000096  -0.002188  0.090195  -0.499821  0.109181  2.000000  
184.282605 0.009308  0.101559  -0.002081  0.994424  0.070256  -0.078645  0.080220  -0.019885  0.996579  0.068451  -0.997331  -0.025410  0.002844  -0.000069  -0.002466  0.089795  -0.492899  0.109284  2.000000  
184.283842 0.009311  0.101558  -0.002086  0.994457  0.070247  -0.078234  0.079811  -0.019914  0.996611  0.068451  -0.997331  -0.025410  0.002817  -0.000232  -0.002745  0.089083  -0.488992  0.108417  2.000000  
184.285092 0.009313  0.101557  -0.002091  0.994473  0.070253  -0.078021  0.079606  -0.020049  0.996625  0.068451  -0.997328  -0.025531  0.002726  -0.000300  -0.002998  0.088444  -0.472387  0.109777  2.000000  
184.286341 0.009315  0.101557  -0.002095  0.994497  0.070377  -0.077607  0.079196  -0.020067  0.996657  0.068585  -0.997319  -0.025531  0.002636  -0.000253  -0.003127  0.088053  -0.465524  0.109958  2.000000  
184.287592 0.009318  0.101558  -0.002099  0.994529  0.070369  -0.077197  0.078786  -0.020096  0.996689  0.068585  -0.997319  -0.025531  0.002572  -0.000176  -0.003232  0.082842  -0.454659  0.104717  2.000000  
184.288593 0.009321  0.101560  -0.002102  0.994546  0.070374  -0.076983  0.078581  -0.020232  0.996702  0.068585  -0.997315  -0.025652  0.002536  -0.000087  -0.003273  0.086019  -0.440977  0.100598  2.000000  
184.289597 0.009323  0.101561  -0.002105  0.994562  0.070370  -0.076778  0.078377  -0.020246  0.996718  0.068585  -0.997315  -0.025652  0.002494  -0.000017  -0.003269  0.085359  -0.423492  0.092909  2.000000  
184.290841 0.009327  0.101564  -0.002109  0.994569  0.070499  -0.076569  0.078171  -0.020250  0.996734  0.068718  -0.997306  -0.025651  0.002440  0.000143  -0.003287  0.080421  -0.409750  0.093240  2.000000  
184.292091 0.009331  0.101566  -0.002113  0.994585  0.070504  -0.076355  0.077966  -0.020386  0.996748  0.068718  -0.997303  -0.025772  0.002383  0.000268  -0.003261  0.083602  -0.395879  0.089074  2.000000  
184.293337 0.009334  0.101568  -0.002117  0.994601  0.070500  -0.076150  0.077762  -0.020400  0.996763  0.068718  -0.997303  -0.025772  0.002428  0.000415  -0.003239  0.082050  -0.378743  0.079774  2.000000  
184.294594 0.009338  0.101569  -0.002122  0.994617  0.070496  -0.075945  0.077557  -0.020415  0.996779  0.068718  -0.997303  -0.025772  0.002396  0.000539  -0.003276  0.077487  -0.357056  0.072724  2.000000  
184.295604 0.009341  0.101570  -0.002126  0.994633  0.070501  -0.075731  0.077352  -0.020550  0.996792  0.068718  -0.997300  -0.025893  0.002450  0.000662  -0.003327  0.080242  -0.351121  0.071493  2.000000  
184.296836 0.009345  0.101571  -0.002130  0.994649  0.070497  -0.075526  0.077147  -0.020565  0.996808  0.068718  -0.997300  -0.025893  0.002541  0.000755  -0.003353  0.079337  -0.337316  0.067378  2.000000  
184.297898 0.009348  0.101572  -0.002133  0.994665  0.070492  -0.075321  0.076943  -0.020579  0.996823  0.068718  -0.997300  -0.025893  0.002612  0.000871  -0.003372  0.074869  -0.325608  0.063653  2.000000  
184.299091 0.009352  0.101574  -0.002137  0.994680  0.070497  -0.075107  0.076738  -0.020715  0.996836  0.068718  -0.997297  -0.026014  0.002756  0.001047  -0.003375  0.077517  -0.309692  0.059106  2.000000  
184.300336 0.009357  0.101576  -0.002141  0.994680  0.070497  -0.075107  0.076738  -0.020715  0.996836  0.068718  -0.997297  -0.026014  0.002939  0.001227  -0.003277  0.072139  -0.289014  0.050704  2.000000  
184.301345 0.009361  0.101578  -0.002143  0.994696  0.070493  -0.074902  0.076533  -0.020729  0.996852  0.068718  -0.997297  -0.026014  0.003132  0.001403  -0.003221  0.071809  -0.277460  0.046972  2.000000  
184.302599 0.009367  0.101582  -0.002145  0.994703  0.070622  -0.074693  0.076328  -0.020733  0.996867  0.068852  -0.997288  -0.026014  0.003306  0.001590  -0.003090  0.067273  -0.270463  0.047113  2.000000  
184.303841 0.009373  0.101586  -0.002147  0.994718  0.070626  -0.074479  0.076123  -0.020869  0.996880  0.068852  -0.997285  -0.026135  0.003448  0.001726  -0.002938  0.065838  -0.254398  0.038137  2.000000  
184.304841 0.009378  0.101590  -0.002148  0.994718  0.070626  -0.074479  0.076123  -0.020869  0.996880  0.068852  -0.997285  -0.026135  0.003593  0.001881  -0.002828  0.061378  -0.242586  0.034294  2.000000  
184.305843 0.009383  0.101594  -0.002150  0.994734  0.070622  -0.074274  0.075918  -0.020883  0.996895  0.068852  -0.997285  -0.026135  0.003705  0.001986  -0.002697  0.056367  -0.228651  0.030134  2.000000  
184.307090 0.009389  0.101598  -0.002151  0.994734  0.070622  -0.074274  0.075918  -0.020883  0.996895  0.068852  -0.997285  -0.026135  0.003879  0.002141  -0.002557  0.055442  -0.214753  0.025995  2.000000  
184.308341 0.009394  0.101603  -0.002152  0.994750  0.070609  -0.074077  0.075713  -0.020777  0.996913  0.068852  -0.997288  -0.026014  0.004050  0.002358  -0.002259  0.046438  -0.206008  0.021495  2.000000  
184.309413 0.009399  0.101606  -0.002153  0.994750  0.070609  -0.074077  0.075713  -0.020777  0.996913  0.068852  -0.997288  -0.026014  0.004149  0.002507  -0.002073  0.041709  -0.193320  0.017476  2.000000  
184.310597 0.009404  0.101611  -0.002153  0.994765  0.070605  -0.073872  0.075508  -0.020792  0.996928  0.068852  -0.997288  -0.026014  0.004203  0.002716  -0.001808  0.036790  -0.179839  0.013364  2.000000  
184.311838 0.009409  0.101615  -0.002153  0.994765  0.070605  -0.073872  0.075508  -0.020792  0.996928  0.068852  -0.997288  -0.026014  0.004320  0.002977  -0.001548  0.000000  0.000000  0.000000  2.000000  
184.313087 0.009415  0.101620  -0.002154  0.994781  0.070591  -0.073675  0.075304  -0.020685  0.996946  0.068852  -0.997291  -0.025893  0.004405  0.003192  -0.001326  0.000000  0.000000  0.000000  2.000000  
184.314088 0.009419  0.101624  -0.002154  0.994781  0.070591  -0.073675  0.075304  -0.020685  0.996946  0.068852  -0.997291  -0.025893  0.004437  0.003371  -0.001096  0.000000  0.000000  0.000000  2.000000  
184.315342 0.009424  0.101629  -0.002154  0.994781  0.070591  -0.073675  0.075304  -0.020685  0.996946  0.068852  -0.997291  -0.025893  0.004438  0.003579  -0.000834  0.000000  0.000000  0.000000  2.000000  
184.316588 0.009430  0.101635  -0.002154  0.994781  0.070591  -0.073675  0.075304  -0.020685  0.996946  0.068852  -0.997291  -0.025893  0.004476  0.003720  -0.000700  0.000000  0.000000  0.000000  2.000000  
184.317598 0.009434  0.101638  -0.002155  0.994796  0.070587  -0.073470  0.075099  -0.020700  0.996961  0.068852  -0.997291  -0.025893  0.004469  0.003778  -0.000622  0.000000  0.000000  0.000000  2.000000  
184.318841 0.009440  0.101643  -0.002155  0.994796  0.070587  -0.073470  0.075099  -0.020700  0.996961  0.068852  -0.997291  -0.025893  0.004443  0.003783  -0.000557  0.000000  0.000000  0.000000  2.000000  
184.319844 0.009444  0.101646  -0.002156  0.994796  0.070587  -0.073470  0.075099  -0.020700  0.996961  0.068852  -0.997291  -0.025893  0.004377  0.003763  -0.000498  0.000000  0.000000  0.000000  2.000000  
184.321091 0.009448  0.101650  -0.002156  0.994812  0.070583  -0.073265  0.074894  -0.020714  0.996976  0.068852  -0.997291  -0.025893  0.004278  0.003690  -0.000398  0.000000  0.000000  0.000000  2.000000  
184.322341 0.009453  0.101653  -0.002156  0.994812  0.070583  -0.073265  0.074894  -0.020714  0.996976  0.068852  -0.997291  -0.025893  0.004200  0.003592  -0.000306  0.000000  0.000000  0.000000  2.000000  
184.323596 0.009457  0.101655  -0.002156  0.994812  0.070583  -0.073265  0.074894  -0.020714  0.996976  0.068852  -0.997291  -0.025893  0.004086  0.003441  -0.000223  0.000000  0.000000  0.000000  2.000000  
184.324841 0.009461  0.101658  -0.002155  0.994827  0.070579  -0.073060  0.074689  -0.020729  0.996991  0.068852  -0.997291  -0.025893  0.004045  0.003331  -0.000157  0.000000  0.000000  0.000000  2.000000  
184.325842 0.009464  0.101659  -0.002154  0.994827  0.070579  -0.073060  0.074689  -0.020729  0.996991  0.068852  -0.997291  -0.025893  0.003912  0.003193  -0.000082  0.000000  0.000000  0.000000  2.000000  
184.327088 0.009467  0.101661  -0.002154  0.994827  0.070579  -0.073060  0.074689  -0.020729  0.996991  0.068852  -0.997291  -0.025893  0.003743  0.002981  -0.000028  0.000000  0.000000  0.000000  2.000000  
184.328089 0.009468  0.101662  -0.002154  0.994827  0.070579  -0.073060  0.074689  -0.020729  0.996991  0.068852  -0.997291  -0.025893  0.003576  0.002788  -0.000017  0.000000  0.000000  0.000000  2.000000  
184.329090 0.009471  0.101664  -0.002154  0.994842  0.070574  -0.072854  0.074484  -0.020743  0.997006  0.068852  -0.997291  -0.025893  0.003443  0.002647  -0.000028  0.000000  0.000000  0.000000  2.000000  
184.330094 0.009472  0.101666  -0.002154  0.994842  0.070574  -0.072854  0.074484  -0.020743  0.997006  0.068852  -0.997291  -0.025893  0.003268  0.002477  -0.000027  0.000000  0.000000  0.000000  2.000000  
184.331094 0.009474  0.101667  -0.002154  0.994852  0.070441  -0.072858  0.074485  -0.020753  0.997006  0.068718  -0.997300  -0.025893  0.003089  0.002287  0.000017  0.000000  0.000000  0.000000  2.000000  
184.332096 0.009475  0.101668  -0.002154  0.994852  0.070441  -0.072858  0.074485  -0.020753  0.997006  0.068718  -0.997300  -0.025893  0.002822  0.002083  0.000030  0.000000  0.000000  0.000000  2.000000  
184.333348 0.009476  0.101670  -0.002153  0.994852  0.070441  -0.072858  0.074485  -0.020753  0.997006  0.068718  -0.997300  -0.025893  0.002527  0.001884  0.000110  0.000000  0.000000  0.000000  2.000000  
184.334389 0.009476  0.101671  -0.002153  0.994852  0.070441  -0.072858  0.074485  -0.020753  0.997006  0.068718  -0.997300  -0.025893  0.002268  0.001708  0.000178  0.000000  0.000000  0.000000  2.000000  
184.335606 0.009476  0.101672  -0.002152  0.994867  0.070437  -0.072653  0.074280  -0.020768  0.997021  0.068718  -0.997300  -0.025893  0.001957  0.001538  0.000282  0.000000  0.000000  0.000000  2.000000  
184.336844 0.009476  0.101672  -0.002151  0.994867  0.070437  -0.072653  0.074280  -0.020768  0.997021  0.068718  -0.997300  -0.025893  0.001655  0.001362  0.000352  0.000000  0.000000  0.000000  2.000000  
184.338094 0.009476  0.101673  -0.002149  0.994867  0.070437  -0.072653  0.074280  -0.020768  0.997021  0.068718  -0.997300  -0.025893  0.001352  0.001186  0.000421  0.000000  0.000000  0.000000  2.000000  
184.339343 0.009476  0.101672  -0.002148  0.994876  0.070304  -0.072656  0.074281  -0.020778  0.997021  0.068585  -0.997309  -0.025894  0.001049  0.001009  0.000491  0.000000  0.000000  0.000000  2.000000  
184.340343 0.009475  0.101672  -0.002147  0.994876  0.070304  -0.072656  0.074281  -0.020778  0.997021  0.068585  -0.997309  -0.025894  0.000804  0.000862  0.000519  0.000000  0.000000  0.000000  2.000000  
184.341343 0.009475  0.101671  -0.002146  0.994876  0.070304  -0.072656  0.074281  -0.020778  0.997021  0.068585  -0.997309  -0.025894  0.000645  0.000742  0.000529  0.000000  0.000000  0.000000  2.000000  
184.342598 0.009474  0.101671  -0.002146  0.994891  0.070300  -0.072451  0.074076  -0.020792  0.997036  0.068585  -0.997309  -0.025894  0.000406  0.000568  0.000563  0.000000  0.000000  0.000000  2.000000  
184.343599 0.009474  0.101670  -0.002145  0.994891  0.070308  -0.072442  0.074076  -0.020913  0.997033  0.068585  -0.997306  -0.026015  0.000247  0.000432  0.000619  0.000000  0.000000  0.000000  2.000000  
184.344614 0.009474  0.101669  -0.002144  0.994891  0.070308  -0.072442  0.074076  -0.020913  0.997033  0.068585  -0.997306  -0.026015  0.000139  0.000302  0.000673  0.000000  0.000000  0.000000  2.000000  
184.345846 0.009473  0.101669  -0.002142  0.994891  0.070308  -0.072442  0.074076  -0.020913  0.997033  0.068585  -0.997306  -0.026015  0.000006  0.000174  0.000782  0.000000  0.000000  0.000000  2.000000  
184.347086 0.009473  0.101668  -0.002141  0.994907  0.070304  -0.072237  0.073871  -0.020928  0.997048  0.068585  -0.997306  -0.026015  -0.000119  -0.000006  0.000825  0.000000  0.000000  0.000000  2.000000  
184.348089 0.009473  0.101668  -0.002140  0.994907  0.070304  -0.072237  0.073871  -0.020928  0.997048  0.068585  -0.997306  -0.026015  -0.000175  -0.000128  0.000877  0.000000  0.000000  0.000000  2.000000  
184.349344 0.009472  0.101666  -0.002139  0.994907  0.070304  -0.072237  0.073871  -0.020928  0.997048  0.068585  -0.997306  -0.026015  -0.000259  -0.000281  0.000911  0.000000  0.000000  0.000000  2.000000  
184.350595 0.009472  0.101666  -0.002138  0.994922  0.070309  -0.072023  0.073667  -0.021063  0.997060  0.068585  -0.997303  -0.026135  -0.000273  -0.000375  0.000950  0.000000  0.000000  0.000000  2.000000  
184.351596 0.009472  0.101665  -0.002137  0.994922  0.070309  -0.072023  0.073667  -0.021063  0.997060  0.068585  -0.997303  -0.026135  -0.000316  -0.000488  0.000942  0.000000  0.000000  0.000000  2.000000  
184.352844 0.009471  0.101665  -0.002136  0.994922  0.070309  -0.072023  0.073667  -0.021063  0.997060  0.068585  -0.997303  -0.026135  -0.000336  -0.000541  0.000930  0.000000  0.000000  0.000000  2.000000  
184.354091 0.009471  0.101664  -0.002135  0.994937  0.070304  -0.071818  0.073462  -0.021078  0.997075  0.068585  -0.997303  -0.026135  -0.000359  -0.000563  0.000893  0.000000  0.000000  0.000000  2.000000  
184.355343 0.009470  0.101664  -0.002134  0.994937  0.070304  -0.071818  0.073462  -0.021078  0.997075  0.068585  -0.997303  -0.026135  -0.000333  -0.000522  0.000886  0.000000  0.000000  0.000000  2.000000  
184.356593 0.009470  0.101665  -0.002133  0.994937  0.070304  -0.071818  0.073462  -0.021078  0.997075  0.068585  -0.997303  -0.026135  -0.000279  -0.000430  0.000905  0.000000  0.000000  0.000000  2.000000  
184.357596 0.009470  0.101665  -0.002132  0.994952  0.070300  -0.071613  0.073257  -0.021092  0.997090  0.068585  -0.997303  -0.026135  -0.000282  -0.000353  0.000939  0.000000  0.000000  0.000000  2.000000  
184.358839 0.009471  0.101667  -0.002131  0.994952  0.070300  -0.071613  0.073257  -0.021092  0.997090  0.068585  -0.997303  -0.026135  -0.000211  -0.000197  0.000941  0.000000  0.000000  0.000000  2.000000  
184.359841 0.009471  0.101668  -0.002129  0.994952  0.070300  -0.071613  0.073257  -0.021092  0.997090  0.068585  -0.997303  -0.026135  -0.000204  -0.000125  0.000958  0.000000  0.000000  0.000000  2.000000  
184.361088 0.009471  0.101669  -0.002128  0.994967  0.070296  -0.071407  0.073052  -0.021106  0.997105  0.068585  -0.997303  -0.026135  -0.000147  -0.000001  0.000905  0.000000  0.000000  0.000000  2.000000  
184.362340 0.009471  0.101670  -0.002128  0.994967  0.070296  -0.071407  0.073052  -0.021106  0.997105  0.068585  -0.997303  -0.026135  -0.000115  0.000126  0.000903  0.000000  0.000000  0.000000  2.000000  
184.363341 0.009471  0.101670  -0.002128  0.994982  0.070291  -0.071202  0.072847  -0.021121  0.997119  0.068585  -0.997303  -0.026135  -0.000099  0.000143  0.000827  0.000000  0.000000  0.000000  2.000000  
184.364341 0.009472  0.101670  -0.002128  0.994982  0.070291  -0.071202  0.072847  -0.021121  0.997119  0.068585  -0.997303  -0.026135  -0.000022  0.000240  0.000752  0.000000  0.000000  0.000000  2.000000  
184.365602 0.009472  0.101671  -0.002128  0.994997  0.070287  -0.070997  0.072642  -0.021135  0.997134  0.068585  -0.997303  -0.026135  0.000009  0.000357  0.000646  0.000000  0.000000  0.000000  2.000000  
184.366839 0.009473  0.101671  -0.002128  0.995012  0.070291  -0.070783  0.072438  -0.021271  0.997146  0.068585  -0.997300  -0.026256  0.000082  0.000429  0.000603  0.000000  0.000000  0.000000  2.000000  
184.367846 0.009473  0.101672  -0.002129  0.995012  0.070291  -0.070783  0.072438  -0.021271  0.997146  0.068585  -0.997300  -0.026256  0.000117  0.000470  0.000459  0.000000  0.000000  0.000000  2.000000  
184.369094 0.009474  0.101672  -0.002129  0.995027  0.070287  -0.070578  0.072233  -0.021285  0.997161  0.068585  -0.997300  -0.026256  0.000218  0.000544  0.000359  0.000000  0.000000  0.000000  2.000000  
184.370344 0.009474  0.101672  -0.002130  0.995042  0.070282  -0.070373  0.072028  -0.021300  0.997175  0.068585  -0.997300  -0.026256  0.000299  0.000565  0.000248  0.000000  0.000000  0.000000  2.000000  
184.371626 0.009475  0.101673  -0.002131  0.995042  0.070282  -0.070373  0.072028  -0.021300  0.997175  0.068585  -0.997300  -0.026256  0.000350  0.000552  0.000114  0.000000  0.000000  0.000000  2.000000  
184.372841 0.009476  0.101673  -0.002132  0.995057  0.070286  -0.070159  0.071823  -0.021435  0.997187  0.068585  -0.997297  -0.026377  0.000384  0.000489  -0.000031  0.000000  0.000000  0.000000  2.000000  
184.373844 0.009476  0.101674  -0.002133  0.995071  0.070282  -0.069953  0.071618  -0.021450  0.997201  0.068585  -0.997297  -0.026377  0.000397  0.000469  -0.000197  0.000000  0.000000  0.000000  2.000000  
184.375094 0.009477  0.101674  -0.002134  0.995071  0.070282  -0.069953  0.071618  -0.021450  0.997201  0.068585  -0.997297  -0.026377  0.000429  0.000405  -0.000342  0.000000  0.000000  0.000000  2.000000  
184.376339 0.009477  0.101673  -0.002135  0.995086  0.070278  -0.069748  0.071413  -0.021464  0.997216  0.068585  -0.997297  -0.026377  0.000420  0.000312  -0.000476  0.000000  0.000000  0.000000  2.000000  
184.377345 0.009478  0.101673  -0.002136  0.995101  0.070282  -0.069534  0.071208  -0.021600  0.997228  0.068585  -0.997293  -0.026498  0.000439  0.000251  -0.000588  0.000000  0.000000  0.000000  2.000000  
184.378601 0.009477  0.101673  -0.002137  0.995115  0.070277  -0.069329  0.071004  -0.021614  0.997242  0.068585  -0.997293  -0.026498  0.000394  0.000186  -0.000665  0.000000  0.000000  0.000000  2.000000  
184.379839 0.009478  0.101673  -0.002138  0.995115  0.070277  -0.069329  0.071004  -0.021614  0.997242  0.068585  -0.997293  -0.026498  0.000410  0.000158  -0.000678  0.000000  0.000000  0.000000  2.000000  
184.381087 0.009478  0.101672  -0.002139  0.995130  0.070273  -0.069124  0.070799  -0.021628  0.997256  0.068585  -0.997293  -0.026498  0.000365  0.000094  -0.000753  0.000000  0.000000  0.000000  2.000000  
184.382088 0.009478  0.101672  -0.002139  0.995145  0.070268  -0.068918  0.070594  -0.021643  0.997270  0.068585  -0.997293  -0.026498  0.000337  0.000064  -0.000776  0.000000  0.000000  0.000000  2.000000  
184.383340 0.009478  0.101672  -0.002141  0.995159  0.070264  -0.068713  0.070389  -0.021657  0.997284  0.068585  -0.997293  -0.026498  0.000280  0.000002  -0.000818  0.000000  0.000000  0.000000  2.000000  
184.384346 0.009478  0.101672  -0.002141  0.995159  0.070272  -0.068705  0.070389  -0.021778  0.997282  0.068585  -0.997290  -0.026619  0.000271  0.000005  -0.000798  0.000000  0.000000  0.000000  2.000000  
184.385603 0.009478  0.101672  -0.002143  0.995174  0.070268  -0.068499  0.070184  -0.021793  0.997296  0.068585  -0.997290  -0.026619  0.000213  -0.000057  -0.000842  0.000000  0.000000  0.000000  2.000000  
184.386845 0.009478  0.101671  -0.002144  0.995188  0.070263  -0.068294  0.069979  -0.021807  0.997310  0.068585  -0.997290  -0.026619  0.000113  -0.000148  -0.000875  0.000000  0.000000  0.000000  2.000000  
184.388091 0.009478  0.101671  -0.002146  0.995202  0.070259  -0.068089  0.069774  -0.021822  0.997324  0.068585  -0.997290  -0.026619  0.000083  -0.000176  -0.000882  0.000000  0.000000  0.000000  2.000000  
184.389093 0.009477  0.101670  -0.002146  0.995202  0.070259  -0.068089  0.069774  -0.021822  0.997324  0.068585  -0.997290  -0.026619  0.000023  -0.000261  -0.000897  0.000000  0.000000  0.000000  2.000000  
184.390341 0.009477  0.101669  -0.002147  0.995217  0.070262  -0.067875  0.069569  -0.021957  0.997335  0.068585  -0.997287  -0.026740  0.000003  -0.000309  -0.000894  0.000000  0.000000  0.000000  2.000000  
184.391597 0.009477  0.101669  -0.002148  0.995231  0.070258  -0.067669  0.069365  -0.021972  0.997349  0.068585  -0.997287  -0.026740  -0.000023  -0.000309  -0.000842  0.000000  0.000000  0.000000  2.000000  
184.392841 0.009478  0.101668  -0.002149  0.995245  0.070253  -0.067464  0.069160  -0.021986  0.997363  0.068585  -0.997287  -0.026740  -0.000014  -0.000331  -0.000832  0.000000  0.000000  0.000000  2.000000  
184.393843 0.009477  0.101668  -0.002149  0.995245  0.070253  -0.067464  0.069160  -0.021986  0.997363  0.068585  -0.997287  -0.026740  -0.000018  -0.000351  -0.000788  0.000000  0.000000  0.000000  2.000000  
184.394860 0.009478  0.101667  -0.002150  0.995259  0.070249  -0.067259  0.068955  -0.022001  0.997377  0.068585  -0.997287  -0.026740  -0.000008  -0.000373  -0.000777  0.000000  0.000000  0.000000  2.000000  
184.396086 0.009478  0.101667  -0.002151  0.995274  0.070244  -0.067053  0.068750  -0.022015  0.997391  0.068585  -0.997287  -0.026740  0.000033  -0.000339  -0.000777  0.000000  0.000000  0.000000  2.000000  
184.397087 0.009479  0.101667  -0.002151  0.995274  0.070252  -0.067045  0.068750  -0.022136  0.997388  0.068585  -0.997284  -0.026861  0.000071  -0.000331  -0.000745  0.000000  0.000000  0.000000  2.000000  
184.398089 0.009479  0.101667  -0.002151  0.995288  0.070248  -0.066840  0.068545  -0.022151  0.997402  0.068585  -0.997284  -0.026861  0.000084  -0.000322  -0.000659  0.000000  0.000000  0.000000  2.000000  
184.399089 0.009479  0.101668  -0.002151  0.995293  0.070376  -0.066631  0.068339  -0.022156  0.997416  0.068718  -0.997274  -0.026861  0.000111  -0.000286  -0.000626  0.000000  0.000000  0.000000  2.000000  
184.400343 0.009480  0.101668  -0.002151  0.995293  0.070376  -0.066631  0.068339  -0.022156  0.997416  0.068718  -0.997274  -0.026861  0.000165  -0.000244  -0.000540  0.000000  0.000000  0.000000  2.000000  
184.401344 0.009481  0.101669  -0.002151  0.995307  0.070372  -0.066425  0.068135  -0.022170  0.997430  0.068718  -0.997274  -0.026861  0.000171  -0.000212  -0.000461  0.000000  0.000000  0.000000  2.000000  
184.402605 0.009481  0.101669  -0.002150  0.995321  0.070367  -0.066220  0.067930  -0.022185  0.997443  0.068718  -0.997274  -0.026861  0.000215  -0.000147  -0.000383  0.000000  0.000000  0.000000  2.000000  
184.403843 0.009482  0.101670  -0.002150  0.995321  0.070367  -0.066220  0.067930  -0.022185  0.997443  0.068718  -0.997274  -0.026861  0.000272  -0.000047  -0.000246  0.000000  0.000000  0.000000  2.000000  
184.405090 0.009482  0.101670  -0.002149  0.995335  0.070363  -0.066015  0.067725  -0.022199  0.997457  0.068718  -0.997274  -0.026861  0.000316  0.000017  -0.000170  0.000000  0.000000  0.000000  2.000000  
184.406094 0.009483  0.101672  -0.002149  0.995335  0.070363  -0.066015  0.067725  -0.022199  0.997457  0.068718  -0.997274  -0.026861  0.000364  0.000161  -0.000061  0.000000  0.000000  0.000000  2.000000  
184.407341 0.009483  0.101672  -0.002149  0.995349  0.070358  -0.065809  0.067520  -0.022214  0.997471  0.068718  -0.997274  -0.026861  0.000400  0.000248  0.000006  0.000000  0.000000  0.000000  2.000000  
184.408341 0.009484  0.101673  -0.002148  0.995349  0.070358  -0.065809  0.067520  -0.022214  0.997471  0.068718  -0.997274  -0.026861  0.000436  0.000336  0.000074  0.000000  0.000000  0.000000  2.000000  
184.409409 0.009485  0.101674  -0.002147  0.995362  0.070354  -0.065604  0.067315  -0.022228  0.997484  0.068718  -0.997274  -0.026861  0.000489  0.000474  0.000152  0.000000  0.000000  0.000000  2.000000  
184.410591 0.009486  0.101676  -0.002146  0.995362  0.070354  -0.065604  0.067315  -0.022228  0.997484  0.068718  -0.997274  -0.026861  0.000556  0.000563  0.000248  0.000000  0.000000  0.000000  2.000000  
184.411837 0.009487  0.101677  -0.002146  0.995376  0.070349  -0.065399  0.067110  -0.022243  0.997498  0.068718  -0.997274  -0.026861  0.000582  0.000671  0.000304  0.000000  0.000000  0.000000  2.000000  
184.412838 0.009488  0.101678  -0.002145  0.995376  0.070349  -0.065399  0.067110  -0.022243  0.997498  0.068718  -0.997274  -0.026861  0.000626  0.000735  0.000380  0.000000  0.000000  0.000000  2.000000  
184.413839 0.009489  0.101679  -0.002144  0.995390  0.070344  -0.065193  0.066905  -0.022257  0.997511  0.068718  -0.997274  -0.026861  0.000670  0.000799  0.000456  0.000000  0.000000  0.000000  2.000000  
184.414845 0.009490  0.101681  -0.002143  0.995390  0.070344  -0.065193  0.066905  -0.022257  0.997511  0.068718  -0.997274  -0.026861  0.000688  0.000868  0.000508  0.000000  0.000000  0.000000  2.000000  
184.416093 0.009492  0.101683  -0.002142  0.995404  0.070340  -0.064988  0.066700  -0.022272  0.997524  0.068718  -0.997274  -0.026861  0.000778  0.000979  0.000619  0.000000  0.000000  0.000000  2.000000  
184.417094 0.009493  0.101684  -0.002141  0.995404  0.070340  -0.064988  0.066700  -0.022272  0.997524  0.068718  -0.997274  -0.026861  0.000820  0.001027  0.000652  0.000000  0.000000  0.000000  2.000000  
184.418341 0.009495  0.101686  -0.002139  0.995418  0.070335  -0.064783  0.066495  -0.022286  0.997538  0.068718  -0.997274  -0.026861  0.000879  0.001104  0.000739  0.000000  0.000000  0.000000  2.000000  
184.419343 0.009496  0.101687  -0.002138  0.995418  0.070335  -0.064783  0.066495  -0.022286  0.997538  0.068718  -0.997274  -0.026861  0.000904  0.001101  0.000762  0.000000  0.000000  0.000000  2.000000  
184.420344 0.009497  0.101689  -0.002136  0.995418  0.070335  -0.064783  0.066495  -0.022286  0.997538  0.068718  -0.997274  -0.026861  0.000961  0.001177  0.000846  0.000000  0.000000  0.000000  2.000000  
184.421596 0.009499  0.101690  -0.002135  0.995431  0.070331  -0.064577  0.066290  -0.022301  0.997551  0.068718  -0.997274  -0.026861  0.001056  0.001247  0.000921  0.000000  0.000000  0.000000  2.000000  
184.422839 0.009500  0.101693  -0.002133  0.995431  0.070331  -0.064577  0.066290  -0.022301  0.997551  0.068718  -0.997274  -0.026861  0.001091  0.001333  0.000987  0.000000  0.000000  0.000000  2.000000  
184.423841 0.009501  0.101694  -0.002132  0.995445  0.070326  -0.064372  0.066085  -0.022315  0.997564  0.068718  -0.997274  -0.026861  0.001119  0.001333  0.001014  0.000000  0.000000  0.000000  2.000000  
184.425091 0.009503  0.101697  -0.002130  0.995445  0.070326  -0.064372  0.066085  -0.022315  0.997564  0.068718  -0.997274  -0.026861  0.001183  0.001451  0.001103  0.000000  0.000000  0.000000  2.000000  
184.426117 0.009505  0.101699  -0.002129  0.995445  0.070326  -0.064372  0.066085  -0.022315  0.997564  0.068718  -0.997274  -0.026861  0.001235  0.001492  0.001189  0.000000  0.000000  0.000000  2.000000  
184.427346 0.009507  0.101702  -0.002127  0.995458  0.070321  -0.064166  0.065880  -0.022330  0.997578  0.068718  -0.997274  -0.026861  0.001315  0.001610  0.001246  0.000000  0.000000  0.000000  2.000000  
184.428587 0.009509  0.101704  -0.002125  0.995458  0.070321  -0.064166  0.065880  -0.022330  0.997578  0.068718  -0.997274  -0.026861  0.001338  0.001648  0.001303  0.000000  0.000000  0.000000  2.000000  
184.429591 0.009511  0.101707  -0.002123  0.995458  0.070321  -0.064166  0.065880  -0.022330  0.997578  0.068718  -0.997274  -0.026861  0.001411  0.001743  0.001400  0.000000  0.000000  0.000000  2.000000  
184.430842 0.009513  0.101709  -0.002121  0.995458  0.070321  -0.064166  0.065880  -0.022330  0.997578  0.068718  -0.997274  -0.026861  0.001447  0.001769  0.001390  0.000000  0.000000  0.000000  2.000000  
184.431843 0.009515  0.101711  -0.002119  0.995472  0.070317  -0.063961  0.065675  -0.022344  0.997591  0.068718  -0.997274  -0.026861  0.001463  0.001803  0.001446  0.000000  0.000000  0.000000  2.000000  
184.433087 0.009517  0.101713  -0.002117  0.995472  0.070309  -0.063970  0.065675  -0.022223  0.997594  0.068718  -0.997278  -0.026740  0.001547  0.001841  0.001464  0.000000  0.000000  0.000000  2.000000  
184.434093 0.009519  0.101715  -0.002116  0.995472  0.070309  -0.063970  0.065675  -0.022223  0.997594  0.068718  -0.997278  -0.026740  0.001592  0.001925  0.001500  0.000000  0.000000  0.000000  2.000000  
184.435340 0.009521  0.101718  -0.002114  0.995486  0.070305  -0.063764  0.065471  -0.022238  0.997607  0.068718  -0.997278  -0.026740  0.001623  0.001955  0.001519  0.000000  0.000000  0.000000  2.000000  
184.436341 0.009523  0.101719  -0.002112  0.995486  0.070305  -0.063764  0.065471  -0.022238  0.997607  0.068718  -0.997278  -0.026740  0.001660  0.001963  0.001550  0.000000  0.000000  0.000000  2.000000  
184.437594 0.009526  0.101722  -0.002110  0.995486  0.070305  -0.063764  0.065471  -0.022238  0.997607  0.068718  -0.997278  -0.026740  0.001739  0.002002  0.001575  0.000000  0.000000  0.000000  2.000000  
184.438597 0.009528  0.101724  -0.002109  0.995499  0.070300  -0.063559  0.065266  -0.022252  0.997620  0.068718  -0.997278  -0.026740  0.001768  0.002033  0.001597  0.000000  0.000000  0.000000  2.000000  
184.439841 0.009530  0.101727  -0.002106  0.995499  0.070300  -0.063559  0.065266  -0.022252  0.997620  0.068718  -0.997278  -0.026740  0.001807  0.002043  0.001629  0.000000  0.000000  0.000000  2.000000  
184.441091 0.009533  0.101730  -0.002105  0.995499  0.070300  -0.063559  0.065266  -0.022252  0.997620  0.068718  -0.997278  -0.026740  0.001850  0.002071  0.001616  0.000000  0.000000  0.000000  2.000000  
184.442340 0.009535  0.101732  -0.002103  0.995512  0.070295  -0.063353  0.065061  -0.022267  0.997633  0.068718  -0.997278  -0.026740  0.001828  0.002016  0.001602  0.000000  0.000000  0.000000  2.000000  
184.443591 0.009537  0.101735  -0.002101  0.995512  0.070295  -0.063353  0.065061  -0.022267  0.997633  0.068718  -0.997278  -0.026740  0.001871  0.002046  0.001595  0.000000  0.000000  0.000000  2.000000  
184.444836 0.009539  0.101737  -0.002099  0.995512  0.070295  -0.063353  0.065061  -0.022267  0.997633  0.068718  -0.997278  -0.026740  0.001862  0.001988  0.001546  0.000000  0.000000  0.000000  2.000000  
184.445839 0.009541  0.101739  -0.002098  0.995526  0.070291  -0.063148  0.064856  -0.022281  0.997646  0.068718  -0.997278  -0.026740  0.001862  0.001988  0.001546  0.000000  0.000000  0.000000  2.000000  
184.447089 0.009543  0.101741  -0.002096  0.995526  0.070291  -0.063148  0.064856  -0.022281  0.997646  0.068718  -0.997278  -0.026740  0.001877  0.001987  0.001516  0.000000  0.000000  0.000000  2.000000  
184.448090 0.009545  0.101743  -0.002094  0.995539  0.070286  -0.062943  0.064651  -0.022295  0.997659  0.068718  -0.997278  -0.026740  0.001835  0.001959  0.001528  0.000000  0.000000  0.000000  2.000000  
184.449344 0.009547  0.101745  -0.002092  0.995539  0.070286  -0.062943  0.064651  -0.022295  0.997659  0.068718  -0.997278  -0.026740  0.001824  0.001964  0.001563  0.000000  0.000000  0.000000  2.000000  
184.450606 0.009549  0.101747  -0.002091  0.995552  0.070274  -0.062746  0.064446  -0.022189  0.997674  0.068718  -0.997281  -0.026619  0.001805  0.001927  0.001505  0.000000  0.000000  0.000000  2.000000  
184.451842 0.009551  0.101750  -0.002089  0.995552  0.070274  -0.062746  0.064446  -0.022189  0.997674  0.068718  -0.997281  -0.026619  0.001755  0.001922  0.001507  0.000000  0.000000  0.000000  2.000000  
184.452842 0.009553  0.101751  -0.002087  0.995566  0.070269  -0.062540  0.064241  -0.022203  0.997687  0.068718  -0.997281  -0.026619  0.001755  0.001921  0.001504  0.000000  0.000000  0.000000  2.000000  
184.454092 0.009555  0.101754  -0.002085  0.995566  0.070269  -0.062540  0.064241  -0.022203  0.997687  0.068718  -0.997281  -0.026619  0.001713  0.001893  0.001519  0.000000  0.000000  0.000000  2.000000  
184.455341 0.009556  0.101755  -0.002084  0.995579  0.070265  -0.062335  0.064036  -0.022218  0.997700  0.068718  -0.997281  -0.026619  0.001678  0.001807  0.001452  0.000000  0.000000  0.000000  2.000000  
184.456594 0.009559  0.101758  -0.002082  0.995579  0.070265  -0.062335  0.064036  -0.022218  0.997700  0.068718  -0.997281  -0.026619  0.001678  0.001808  0.001450  0.000000  0.000000  0.000000  2.000000  
184.457597 0.009560  0.101759  -0.002081  0.995592  0.070260  -0.062130  0.063831  -0.022232  0.997713  0.068718  -0.997281  -0.026619  0.001650  0.001777  0.001428  0.000000  0.000000  0.000000  2.000000  
184.458603 0.009561  0.101760  -0.002080  0.995592  0.070260  -0.062130  0.063831  -0.022232  0.997713  0.068718  -0.997281  -0.026619  0.001598  0.001690  0.001395  0.000000  0.000000  0.000000  2.000000  
184.459838 0.009563  0.101762  -0.002079  0.995605  0.070256  -0.061924  0.063626  -0.022247  0.997726  0.068718  -0.997281  -0.026619  0.001571  0.001660  0.001374  0.000000  0.000000  0.000000  2.000000  
184.460839 0.009565  0.101764  -0.002077  0.995618  0.070251  -0.061719  0.063421  -0.022261  0.997739  0.068718  -0.997281  -0.026619  0.001570  0.001659  0.001374  0.000000  0.000000  0.000000  2.000000  
184.462089 0.009567  0.101765  -0.002076  0.995618  0.070251  -0.061719  0.063421  -0.022261  0.997739  0.068718  -0.997281  -0.026619  0.001541  0.001628  0.001352  0.000000  0.000000  0.000000  2.000000  
