1-Time 2-Px 3-Py 4-Pz 5-R11 6-R21 7-R31 8-R12 9-R22 10-R32 11-R13 12-R23 13-R33 14-Vx 15-Vy 16-Vz 17-Wx 18-Wy 19-Wz 20-state 21-PR11 22-PR21 23-PR31 24-PR12 25-PR22 26-PR32 27-PR13 28-PR23 29-PR33 
100.249614 0.009461  0.098192  -0.006029  0.993211  0.055914  0.102003  -0.103839  0.030977  0.994112  0.052425  -0.997955  0.036573  -0.000151  0.000041  0.000238  0.042566  0.142444  0.300248  2.000000  
100.250832 0.009461  0.098192  -0.006028  0.993212  0.056306  0.101784  -0.103633  0.030947  0.994134  0.052826  -0.997934  0.036572  -0.000141  0.000018  0.000248  0.038151  0.149485  0.300331  2.000000  
100.252078 0.009463  0.098192  -0.006028  0.993183  0.056433  0.101991  -0.103837  0.030801  0.994117  0.052959  -0.997931  0.036451  0.000032  0.000060  0.000295  0.042866  0.135198  0.287470  2.000000  
100.253330 0.009466  0.098193  -0.006027  0.993183  0.056433  0.101991  -0.103837  0.030801  0.994117  0.052959  -0.997931  0.036451  0.000219  0.000100  0.000307  0.039090  0.127732  0.274169  2.000000  
100.254333 0.009468  0.098193  -0.006027  0.993162  0.056439  0.102195  -0.104041  0.030790  0.994096  0.052959  -0.997931  0.036451  0.000375  0.000110  0.000297  0.035332  0.120456  0.265404  2.000000  
100.255577 0.009471  0.098193  -0.006026  0.993183  0.056433  0.101991  -0.103837  0.030801  0.994117  0.052959  -0.997931  0.036451  0.000584  0.000123  0.000284  0.035321  0.119993  0.252010  2.000000  
100.256828 0.009475  0.098193  -0.006026  0.993169  0.056698  0.101981  -0.103835  0.030773  0.994118  0.053227  -0.997917  0.036451  0.000842  0.000119  0.000313  0.031549  0.112900  0.247769  2.000000  
100.258077 0.009478  0.098193  -0.006025  0.993162  0.056831  0.101976  -0.103834  0.030760  0.994119  0.053360  -0.997910  0.036450  0.001060  0.000108  0.000309  0.031868  0.105669  0.239058  2.000000  
100.259331 0.009481  0.098193  -0.006025  0.993134  0.056970  0.102176  -0.104038  0.030734  0.994098  0.053494  -0.997903  0.036450  0.001318  0.000104  0.000338  0.028462  0.091523  0.230622  2.000000  
100.260340 0.009483  0.098193  -0.006025  0.993112  0.056964  0.102387  -0.104242  0.030602  0.994081  0.053494  -0.997907  0.036329  0.001484  0.000090  0.000338  0.032854  0.084217  0.221753  2.000000  
100.261575 0.009486  0.098192  -0.006024  0.993098  0.056838  0.102597  -0.104448  0.030604  0.994059  0.053360  -0.997914  0.036329  0.001660  0.000053  0.000349  0.029476  0.069606  0.199913  2.000000  
100.262577 0.009488  0.098192  -0.006024  0.993083  0.056711  0.102806  -0.104653  0.030606  0.994038  0.053227  -0.997921  0.036330  0.001813  0.000042  0.000384  0.030164  0.055289  0.186911  2.000000  
100.263823 0.009491  0.098192  -0.006023  0.993076  0.056452  0.103021  -0.104859  0.030623  0.994016  0.052959  -0.997936  0.036330  0.002029  0.000011  0.000426  0.000000  0.000000  0.000000  2.000000  
100.264827 0.009494  0.098192  -0.006020  0.993061  0.056326  0.103230  -0.105064  0.030625  0.993994  0.052826  -0.997943  0.036330  0.002239  0.000039  0.000550  0.000000  0.000000  0.000000  2.000000  
100.266076 0.009497  0.098193  -0.006018  0.993054  0.056066  0.103444  -0.105270  0.030642  0.993971  0.052559  -0.997957  0.036331  0.002389  0.000093  0.000687  0.000000  0.000000  0.000000  2.000000  
100.267324 0.009500  0.098194  -0.006016  0.993046  0.055807  0.103659  -0.105476  0.030658  0.993949  0.052291  -0.997971  0.036331  0.002452  0.000108  0.000784  0.000000  0.000000  0.000000  2.000000  
100.268335 0.009503  0.098195  -0.006015  0.993009  0.055687  0.104073  -0.105885  0.030649  0.993906  0.052158  -0.997978  0.036332  0.002551  0.000169  0.000840  0.000000  0.000000  0.000000  2.000000  
100.269582 0.009506  0.098196  -0.006014  0.993008  0.055308  0.104285  -0.106092  0.030801  0.993879  0.051757  -0.997994  0.036453  0.002530  0.000196  0.000865  0.000000  0.000000  0.000000  2.000000  
100.270827 0.009509  0.098196  -0.006014  0.992978  0.055055  0.104704  -0.106502  0.030807  0.993835  0.051490  -0.998008  0.036454  0.002481  0.000213  0.000824  0.000000  0.000000  0.000000  2.000000  
100.271828 0.009511  0.098197  -0.006014  0.992970  0.054796  0.104918  -0.106708  0.030824  0.993812  0.051222  -0.998022  0.036454  0.002431  0.000233  0.000800  0.000000  0.000000  0.000000  2.000000  
100.272828 0.009513  0.098197  -0.006014  0.992940  0.054543  0.105337  -0.107119  0.030830  0.993768  0.050955  -0.998035  0.036455  0.002414  0.000278  0.000762  0.000000  0.000000  0.000000  2.000000  
100.274078 0.009516  0.098198  -0.006014  0.992938  0.054138  0.105563  -0.107325  0.030741  0.993749  0.050554  -0.998060  0.036335  0.002386  0.000349  0.000732  0.000000  0.000000  0.000000  2.000000  
100.275330 0.009518  0.098199  -0.006014  0.992907  0.053885  0.105982  -0.107736  0.030748  0.993704  0.050287  -0.998074  0.036335  0.002316  0.000393  0.000735  0.000000  0.000000  0.000000  2.000000  
100.276574 0.009520  0.098199  -0.006013  0.992905  0.053493  0.106201  -0.107942  0.030780  0.993681  0.049886  -0.998094  0.036336  0.002326  0.000469  0.000736  0.000000  0.000000  0.000000  2.000000  
100.277577 0.009522  0.098200  -0.006013  0.992880  0.053107  0.106624  -0.108353  0.030801  0.993635  0.049485  -0.998114  0.036337  0.002265  0.000489  0.000729  0.000000  0.000000  0.000000  2.000000  
100.278829 0.009524  0.098200  -0.006012  0.992884  0.052583  0.106848  -0.108560  0.030849  0.993611  0.048951  -0.998140  0.036337  0.002192  0.000535  0.000693  0.000000  0.000000  0.000000  2.000000  
100.279830 0.009525  0.098201  -0.006011  0.992852  0.052317  0.107273  -0.108971  0.030736  0.993570  0.048683  -0.998157  0.036217  0.002094  0.000569  0.000609  0.021335  -0.184286  -0.123765  2.000000  
100.281074 0.009527  0.098201  -0.006010  0.992849  0.051925  0.107492  -0.109177  0.030769  0.993546  0.048283  -0.998177  0.036218  0.001995  0.000545  0.000502  0.021510  -0.190566  -0.144882  2.000000  
100.282077 0.009529  0.098202  -0.006009  0.992839  0.051666  0.107707  -0.109383  0.030787  0.993523  0.048015  -0.998190  0.036218  0.001919  0.000512  0.000425  0.017442  -0.190939  -0.158185  2.000000  
100.283327 0.009531  0.098203  -0.006009  0.992836  0.051274  0.107926  -0.109589  0.030820  0.993499  0.047614  -0.998209  0.036219  0.001863  0.000494  0.000353  0.017750  -0.198283  -0.171312  2.000000  
100.284350 0.009534  0.098204  -0.006008  0.992826  0.051015  0.108140  -0.109795  0.030839  0.993476  0.047347  -0.998222  0.036219  0.001859  0.000552  0.000373  0.017857  -0.200091  -0.181571  2.000000  
100.285578 0.009537  0.098206  -0.006007  0.992828  0.050490  0.108364  -0.110002  0.030888  0.993451  0.046812  -0.998247  0.036220  0.001906  0.000635  0.000466  0.018523  -0.214879  -0.203680  2.000000  
100.286827 0.009541  0.098208  -0.006006  0.992830  0.049952  0.108593  -0.110210  0.030816  0.993431  0.046278  -0.998276  0.036100  0.001973  0.000749  0.000555  0.022714  -0.220759  -0.224053  2.000000  
100.287828 0.009543  0.098210  -0.006004  0.992832  0.049428  0.108817  -0.110417  0.030864  0.993406  0.045743  -0.998301  0.036101  0.002007  0.000814  0.000666  0.023204  -0.230331  -0.248147  2.000000  
100.288828 0.009546  0.098211  -0.006002  0.992828  0.049036  0.109036  -0.110623  0.030899  0.993382  0.045342  -0.998319  0.036101  0.002032  0.000867  0.000804  0.023174  -0.230984  -0.266122  2.000000  
100.290077 0.009549  0.098213  -0.006001  0.992823  0.048631  0.109261  -0.110829  0.030812  0.993362  0.044941  -0.998341  0.035981  0.002087  0.000941  0.000855  0.023140  -0.231548  -0.279761  2.000000  
100.291329 0.009551  0.098214  -0.005999  0.992841  0.048232  0.109275  -0.110831  0.030857  0.993360  0.044540  -0.998359  0.035982  0.002104  0.001019  0.000986  0.022729  -0.224837  -0.288838  2.000000  
100.292578 0.009554  0.098216  -0.005997  0.992836  0.047827  0.109500  -0.111038  0.030771  0.993340  0.044139  -0.998382  0.035861  0.002155  0.001103  0.001020  0.026734  -0.224981  -0.293339  2.000000  
100.293823 0.009557  0.098217  -0.005996  0.992853  0.047429  0.109514  -0.111040  0.030816  0.993338  0.043738  -0.998399  0.035862  0.002230  0.001147  0.001043  0.026127  -0.216619  -0.300105  2.000000  
100.294824 0.009559  0.098218  -0.005995  0.992870  0.047017  0.109534  -0.111042  0.030740  0.993340  0.043337  -0.998421  0.035741  0.002272  0.001174  0.001029  0.029788  -0.210095  -0.309308  2.000000  
100.295829 0.009561  0.098219  -0.005995  0.992882  0.046752  0.109544  -0.111043  0.030769  0.993339  0.043070  -0.998433  0.035742  0.002322  0.001190  0.001011  0.029648  -0.204918  -0.312101  2.000000  
100.297080 0.009564  0.098220  -0.005995  0.992882  0.046214  0.109773  -0.111250  0.030699  0.993318  0.042535  -0.998460  0.035621  0.002343  0.001244  0.001023  0.033645  -0.205211  -0.321077  2.000000  
100.298337 0.009567  0.098222  -0.005993  0.992904  0.045683  0.109792  -0.111252  0.030758  0.993316  0.042000  -0.998482  0.035622  0.002359  0.001276  0.001079  0.032660  -0.190319  -0.332320  2.000000  
100.299340 0.009569  0.098224  -0.005992  0.992921  0.045284  0.109806  -0.111254  0.030803  0.993314  0.041599  -0.998499  0.035623  0.002372  0.001339  0.001095  0.036605  -0.184977  -0.335248  2.000000  
100.300575 0.009573  0.098227  -0.005989  0.992937  0.044873  0.109826  -0.111256  0.030727  0.993317  0.041198  -0.998520  0.035502  0.002383  0.001429  0.001231  0.039667  -0.169959  -0.337568  2.000000  
100.301580 0.009576  0.098230  -0.005986  0.992948  0.044607  0.109835  -0.111257  0.030757  0.993316  0.040931  -0.998531  0.035503  0.002365  0.001510  0.001337  0.039629  -0.164440  -0.340570  2.000000  
100.302582 0.009578  0.098233  -0.005983  0.992959  0.044342  0.109845  -0.111259  0.030787  0.993315  0.040664  -0.998542  0.035503  0.002360  0.001569  0.001418  0.038952  -0.150616  -0.341046  2.000000  
100.303828 0.009581  0.098235  -0.005981  0.992975  0.043930  0.109864  -0.111260  0.030711  0.993317  0.040263  -0.998562  0.035383  0.002289  0.001614  0.001402  0.038588  -0.143691  -0.341362  2.000000  
100.305075 0.009583  0.098238  -0.005979  0.992991  0.043532  0.109878  -0.111262  0.030755  0.993315  0.039861  -0.998579  0.035383  0.002259  0.001643  0.001425  0.037916  -0.135816  -0.343248  2.000000  
100.306077 0.009584  0.098239  -0.005978  0.993002  0.043253  0.109893  -0.111263  0.030665  0.993318  0.039594  -0.998593  0.035262  0.002228  0.001635  0.001395  0.041645  -0.122939  -0.342087  2.000000  
100.307078 0.009585  0.098240  -0.005977  0.993012  0.042987  0.109902  -0.111265  0.030694  0.993317  0.039327  -0.998604  0.035263  0.002123  0.001628  0.001402  0.041322  -0.116073  -0.342457  2.000000  
100.308330 0.009586  0.098241  -0.005975  0.993051  0.042569  0.109717  -0.111062  0.030627  0.993341  0.038926  -0.998624  0.035142  0.002018  0.001621  0.001408  0.044417  -0.095115  -0.338546  2.000000  
100.309578 0.009587  0.098243  -0.005973  0.993066  0.042171  0.109731  -0.111064  0.030672  0.993340  0.038524  -0.998639  0.035143  0.001908  0.001674  0.001496  0.039689  -0.087491  -0.336120  2.000000  
100.310832 0.009589  0.098245  -0.005971  0.993077  0.041892  0.109745  -0.111065  0.030581  0.993343  0.038257  -0.998654  0.035022  0.001828  0.001757  0.001606  0.043455  -0.074189  -0.334783  2.000000  
100.312079 0.009590  0.098248  -0.005968  0.993115  0.041487  0.109555  -0.110862  0.030634  0.993364  0.037856  -0.998669  0.035023  0.001747  0.001819  0.001754  0.042844  -0.060386  -0.335337  2.000000  
100.313324 0.009592  0.098250  -0.005966  0.993130  0.041076  0.109574  -0.110864  0.030558  0.993366  0.037455  -0.998689  0.034902  0.001675  0.001844  0.001783  0.046233  -0.053183  -0.337321  2.000000  
100.314337 0.009593  0.098252  -0.005965  0.993140  0.040797  0.109588  -0.110865  0.030467  0.993368  0.037187  -0.998703  0.034781  0.001571  0.001837  0.001788  0.049991  -0.046325  -0.337676  2.000000  
100.315354 0.009594  0.098253  -0.005964  0.993144  0.040664  0.109593  -0.110865  0.030482  0.993368  0.037054  -0.998708  0.034781  0.001425  0.001761  0.001686  0.050038  -0.039266  -0.326802  2.000000  
100.316575 0.009595  0.098255  -0.005963  0.993182  0.040246  0.109407  -0.110663  0.030414  0.993393  0.036653  -0.998727  0.034661  0.001303  0.001636  0.001498  0.049092  -0.025235  -0.324909  2.000000  
100.317585 0.009597  0.098256  -0.005963  0.993187  0.040113  0.109411  -0.110663  0.030429  0.993392  0.036519  -0.998732  0.034661  0.001220  0.001560  0.001355  0.049198  -0.017894  -0.309805  2.000000  
100.318827 0.009598  0.098257  -0.005962  0.993201  0.039715  0.109425  -0.110665  0.030474  0.993391  0.036118  -0.998746  0.034661  0.001154  0.001473  0.001256  0.048519  -0.010898  -0.307550  2.000000  
100.319828 0.009599  0.098258  -0.005962  0.993229  0.039563  0.109230  -0.110461  0.030376  0.993416  0.035984  -0.998755  0.034540  0.001105  0.001381  0.001187  0.048364  0.003186  -0.301612  2.000000  
100.321077 0.009601  0.098259  -0.005960  0.993238  0.039297  0.109239  -0.110462  0.030405  0.993415  0.035717  -0.998765  0.034541  0.001113  0.001367  0.001233  0.048374  0.003345  -0.297155  2.000000  
100.322079 0.009602  0.098259  -0.005958  0.993248  0.039018  0.109253  -0.110463  0.030315  0.993418  0.035449  -0.998779  0.034420  0.001108  0.001316  0.001287  0.052449  0.003522  -0.292616  2.000000  
100.323080 0.009603  0.098260  -0.005956  0.993257  0.038752  0.109262  -0.110464  0.030344  0.993417  0.035182  -0.998788  0.034420  0.001128  0.001269  0.001308  0.047712  0.010208  -0.294953  2.000000  
100.324329 0.009604  0.098260  -0.005954  0.993289  0.038467  0.109072  -0.110260  0.030261  0.993442  0.034914  -0.998802  0.034299  0.001106  0.001114  0.001305  0.051494  0.017237  -0.290738  2.000000  
100.325575 0.009605  0.098260  -0.005953  0.993299  0.038188  0.109086  -0.110261  0.030170  0.993445  0.034647  -0.998815  0.034179  0.001069  0.000964  0.001236  0.051510  0.017586  -0.281845  2.000000  
100.326827 0.009605  0.098259  -0.005952  0.993303  0.038056  0.109090  -0.110262  0.030185  0.993444  0.034513  -0.998820  0.034179  0.001064  0.000810  0.001117  0.047598  0.025131  -0.270917  2.000000  
100.328075 0.009607  0.098260  -0.005952  0.993330  0.037903  0.108895  -0.110058  0.030087  0.993470  0.034379  -0.998828  0.034058  0.001031  0.000685  0.001006  0.051440  0.032541  -0.257754  2.000000  
100.329332 0.009608  0.098260  -0.005952  0.993340  0.037638  0.108904  -0.110059  0.030116  0.993469  0.034112  -0.998838  0.034058  0.000999  0.000541  0.000859  0.051018  0.032421  -0.251113  2.000000  
100.330340 0.009609  0.098260  -0.005952  0.993344  0.037492  0.108913  -0.110060  0.030010  0.993472  0.033978  -0.998846  0.033937  0.001024  0.000436  0.000799  0.051416  0.033011  -0.244029  2.000000  
100.331576 0.009610  0.098260  -0.005952  0.993376  0.037220  0.108717  -0.109856  0.030048  0.993493  0.033711  -0.998855  0.033937  0.000982  0.000303  0.000732  0.050777  0.039613  -0.242397  2.000000  
100.332578 0.009611  0.098259  -0.005952  0.993380  0.037087  0.108722  -0.109856  0.030062  0.993493  0.033577  -0.998860  0.033937  0.000955  0.000222  0.000718  0.050787  0.039768  -0.237942  2.000000  
100.333822 0.009612  0.098259  -0.005952  0.993385  0.036941  0.108731  -0.109857  0.029956  0.993496  0.033443  -0.998868  0.033816  0.000928  0.000113  0.000661  0.050801  0.040108  -0.229028  2.000000  
100.334832 0.009612  0.098259  -0.005951  0.993389  0.036808  0.108735  -0.109857  0.029971  0.993495  0.033310  -0.998873  0.033817  0.000867  0.000037  0.000708  0.051221  0.040740  -0.221872  2.000000  
100.336077 0.009613  0.098259  -0.005950  0.993393  0.036662  0.108744  -0.109858  0.029865  0.993499  0.033176  -0.998881  0.033696  0.000823  0.000007  0.000675  0.050815  0.040591  -0.215611  2.000000  
100.337098 0.009614  0.098259  -0.005948  0.993420  0.036523  0.108544  -0.109654  0.029888  0.993520  0.033042  -0.998886  0.033696  0.000819  -0.000026  0.000629  0.050969  0.048120  -0.208522  2.000000  
100.338341 0.009614  0.098258  -0.005948  0.993420  0.036523  0.108544  -0.109654  0.029888  0.993520  0.033042  -0.998886  0.033696  0.000755  -0.000121  0.000494  0.047162  0.041698  -0.194843  2.000000  
100.339578 0.009614  0.098257  -0.005948  0.993425  0.036377  0.108553  -0.109654  0.029782  0.993524  0.032909  -0.998894  0.033575  0.000682  -0.000194  0.000349  0.050847  0.041538  -0.188861  2.000000  
100.340579 0.009614  0.098256  -0.005948  0.993429  0.036244  0.108558  -0.109655  0.029796  0.993523  0.032775  -0.998899  0.033575  0.000622  -0.000254  0.000306  0.047211  0.042057  -0.185968  2.000000  
100.341828 0.009613  0.098254  -0.005948  0.993429  0.036231  0.108562  -0.109655  0.029676  0.993527  0.032775  -0.998903  0.033454  0.000511  -0.000397  0.000229  0.051540  0.035616  -0.172231  2.000000  
100.343088 0.009614  0.098253  -0.005948  0.993434  0.036098  0.108566  -0.109655  0.029690  0.993526  0.032641  -0.998907  0.033454  0.000468  -0.000424  0.000242  0.000000  0.000000  0.000000  2.000000  
100.344332 0.009614  0.098253  -0.005947  0.993434  0.036098  0.108566  -0.109655  0.029690  0.993526  0.032641  -0.998907  0.033454  0.000433  -0.000432  0.000352  0.000000  0.000000  0.000000  2.000000  
100.345647 0.009615  0.098253  -0.005946  0.993434  0.036085  0.108571  -0.109655  0.029570  0.993530  0.032641  -0.998911  0.033333  0.000360  -0.000434  0.000429  0.000000  0.000000  0.000000  2.000000  
100.346822 0.009615  0.098253  -0.005944  0.993456  0.036079  0.108366  -0.109451  0.029577  0.993552  0.032641  -0.998911  0.033333  0.000296  -0.000394  0.000552  0.000000  0.000000  0.000000  2.000000  
100.347825 0.009615  0.098253  -0.005944  0.993460  0.035946  0.108371  -0.109451  0.029592  0.993552  0.032507  -0.998916  0.033333  0.000262  -0.000407  0.000530  0.000000  0.000000  0.000000  2.000000  
100.349077 0.009614  0.098252  -0.005944  0.993460  0.035933  0.108375  -0.109451  0.029472  0.993555  0.032507  -0.998920  0.033212  0.000164  -0.000431  0.000538  0.000000  0.000000  0.000000  2.000000  
100.350339 0.009614  0.098252  -0.005945  0.993460  0.035933  0.108375  -0.109451  0.029472  0.993555  0.032507  -0.998920  0.033212  0.000093  -0.000509  0.000400  0.000000  0.000000  0.000000  2.000000  
100.351580 0.009614  0.098251  -0.005945  0.993460  0.035933  0.108375  -0.109451  0.029472  0.993555  0.032507  -0.998920  0.033212  -0.000003  -0.000546  0.000276  0.000000  0.000000  0.000000  2.000000  
100.352834 0.009613  0.098251  -0.005945  0.993460  0.035933  0.108375  -0.109451  0.029472  0.993555  0.032507  -0.998920  0.033212  -0.000049  -0.000517  0.000193  0.000000  0.000000  0.000000  2.000000  
100.354077 0.009613  0.098250  -0.005945  0.993456  0.036053  0.108375  -0.109451  0.029336  0.993559  0.032641  -0.998919  0.033090  -0.000057  -0.000485  0.000180  0.000000  0.000000  0.000000  2.000000  
100.355077 0.009613  0.098249  -0.005945  0.993456  0.036053  0.108375  -0.109451  0.029336  0.993559  0.032641  -0.998919  0.033090  -0.000089  -0.000436  0.000195  0.000000  0.000000  0.000000  2.000000  
100.356330 0.009612  0.098250  -0.005944  0.993456  0.036053  0.108375  -0.109451  0.029336  0.993559  0.032641  -0.998919  0.033090  -0.000114  -0.000336  0.000259  0.000000  0.000000  0.000000  2.000000  
100.357331 0.009612  0.098250  -0.005943  0.993456  0.036053  0.108375  -0.109451  0.029336  0.993559  0.032641  -0.998919  0.033090  -0.000089  -0.000246  0.000363  0.000000  0.000000  0.000000  2.000000  
100.358335 0.009612  0.098250  -0.005942  0.993456  0.036039  0.108379  -0.109451  0.029216  0.993563  0.032641  -0.998923  0.032969  -0.000121  -0.000196  0.000378  0.000000  0.000000  0.000000  2.000000  
100.359576 0.009612  0.098250  -0.005941  0.993452  0.036172  0.108375  -0.109450  0.029201  0.993563  0.032775  -0.998919  0.032969  -0.000164  -0.000223  0.000391  0.000000  0.000000  0.000000  2.000000  
100.360825 0.009612  0.098250  -0.005941  0.993452  0.036172  0.108375  -0.109450  0.029201  0.993563  0.032775  -0.998919  0.032969  -0.000187  -0.000211  0.000279  0.000000  0.000000  0.000000  2.000000  
100.362074 0.009611  0.098249  -0.005941  0.993452  0.036172  0.108375  -0.109450  0.029201  0.993563  0.032775  -0.998919  0.032969  -0.000240  -0.000246  0.000187  0.000000  0.000000  0.000000  2.000000  
100.363075 0.009612  0.098249  -0.005942  0.993447  0.036305  0.108371  -0.109450  0.029187  0.993564  0.032909  -0.998914  0.032969  -0.000227  -0.000249  0.000153  0.000000  0.000000  0.000000  2.000000  
100.364080 0.009611  0.098250  -0.005942  0.993470  0.036299  0.108166  -0.109245  0.029194  0.993586  0.032909  -0.998914  0.032969  -0.000208  -0.000179  0.000122  0.000000  0.000000  0.000000  2.000000  
100.365323 0.009611  0.098249  -0.005943  0.993470  0.036286  0.108170  -0.109245  0.029074  0.993590  0.032909  -0.998918  0.032848  -0.000214  -0.000153  0.000110  0.000000  0.000000  0.000000  2.000000  
100.366332 0.009611  0.098249  -0.005943  0.993470  0.036286  0.108170  -0.109245  0.029074  0.993590  0.032909  -0.998918  0.032848  -0.000223  -0.000130  0.000100  0.000000  0.000000  0.000000  2.000000  
100.367585 0.009611  0.098249  -0.005943  0.993470  0.036286  0.108170  -0.109245  0.029074  0.993590  0.032909  -0.998918  0.032848  -0.000197  -0.000102  0.000123  0.000000  0.000000  0.000000  2.000000  
100.368827 0.009610  0.098250  -0.005944  0.993466  0.036419  0.108166  -0.109245  0.029059  0.993590  0.033042  -0.998914  0.032848  -0.000186  -0.000024  0.000125  0.000000  0.000000  0.000000  2.000000  
100.369828 0.009610  0.098250  -0.005944  0.993466  0.036406  0.108171  -0.109245  0.028938  0.993594  0.033042  -0.998918  0.032726  -0.000141  0.000002  0.000110  0.000000  0.000000  0.000000  2.000000  
100.371077 0.009610  0.098249  -0.005944  0.993466  0.036406  0.108171  -0.109245  0.028938  0.993594  0.033042  -0.998918  0.032726  -0.000154  -0.000010  0.000010  0.000000  0.000000  0.000000  2.000000  
100.372077 0.009610  0.098249  -0.005944  0.993466  0.036406  0.108171  -0.109245  0.028938  0.993594  0.033042  -0.998918  0.032726  -0.000142  -0.000013  -0.000025  0.000000  0.000000  0.000000  2.000000  
100.373077 0.009609  0.098249  -0.005945  0.993466  0.036406  0.108171  -0.109245  0.028938  0.993594  0.033042  -0.998918  0.032726  -0.000172  -0.000057  -0.000181  0.000000  0.000000  0.000000  2.000000  
100.374326 0.009609  0.098249  -0.005946  0.993466  0.036393  0.108175  -0.109245  0.028818  0.993597  0.033042  -0.998922  0.032605  -0.000176  -0.000073  -0.000321  0.000000  0.000000  0.000000  2.000000  
100.375330 0.009608  0.098248  -0.005947  0.993466  0.036393  0.108175  -0.109245  0.028818  0.993597  0.033042  -0.998922  0.032605  -0.000229  -0.000111  -0.000403  0.000000  0.000000  0.000000  2.000000  
100.376387 0.009609  0.098248  -0.005948  0.993466  0.036393  0.108175  -0.109245  0.028818  0.993597  0.033042  -0.998922  0.032605  -0.000219  -0.000115  -0.000443  0.000000  0.000000  0.000000  2.000000  
100.377576 0.009609  0.098248  -0.005948  0.993466  0.036393  0.108175  -0.109245  0.028818  0.993597  0.033042  -0.998922  0.032605  -0.000187  -0.000084  -0.000416  0.000000  0.000000  0.000000  2.000000  
100.378578 0.009609  0.098248  -0.005948  0.993466  0.036393  0.108175  -0.109245  0.028818  0.993597  0.033042  -0.998922  0.032605  -0.000193  -0.000106  -0.000378  0.000000  0.000000  0.000000  2.000000  
100.379645 0.009609  0.098249  -0.005947  0.993466  0.036393  0.108175  -0.109245  0.028818  0.993597  0.033042  -0.998922  0.032605  -0.000168  -0.000017  -0.000273  0.000000  0.000000  0.000000  2.000000  
100.380822 0.009608  0.098249  -0.005946  0.993466  0.036380  0.108179  -0.109245  0.028697  0.993601  0.033042  -0.998926  0.032484  -0.000139  -0.000007  -0.000204  0.000000  0.000000  0.000000  2.000000  
100.381826 0.009608  0.098249  -0.005946  0.993466  0.036380  0.108179  -0.109245  0.028697  0.993601  0.033042  -0.998926  0.032484  -0.000140  -0.000007  -0.000204  0.000000  0.000000  0.000000  2.000000  
100.383075 0.009609  0.098249  -0.005947  0.993466  0.036380  0.108179  -0.109245  0.028697  0.993601  0.033042  -0.998926  0.032484  -0.000127  -0.000010  -0.000239  0.000000  0.000000  0.000000  2.000000  
100.384080 0.009608  0.098249  -0.005947  0.993466  0.036380  0.108179  -0.109245  0.028697  0.993601  0.033042  -0.998926  0.032484  -0.000159  -0.000041  -0.000264  0.000000  0.000000  0.000000  2.000000  
100.385331 0.009607  0.098248  -0.005949  0.993466  0.036366  0.108184  -0.109245  0.028577  0.993604  0.033042  -0.998930  0.032363  -0.000173  -0.000072  -0.000316  0.000000  0.000000  0.000000  2.000000  
100.386343 0.009607  0.098248  -0.005950  0.993488  0.036361  0.107979  -0.109040  0.028584  0.993626  0.033042  -0.998930  0.032363  -0.000193  -0.000106  -0.000377  0.000000  0.000000  0.000000  2.000000  
100.387578 0.009607  0.098248  -0.005950  0.993488  0.036361  0.107979  -0.109040  0.028584  0.993626  0.033042  -0.998930  0.032363  -0.000154  -0.000100  -0.000346  0.000000  0.000000  0.000000  2.000000  
100.388827 0.009607  0.098247  -0.005950  0.993488  0.036347  0.107984  -0.109040  0.028464  0.993630  0.033042  -0.998934  0.032242  -0.000167  -0.000097  -0.000311  0.000000  0.000000  0.000000  2.000000  
100.390077 0.009607  0.098247  -0.005950  0.993488  0.036347  0.107984  -0.109040  0.028464  0.993630  0.033042  -0.998934  0.032242  -0.000138  -0.000086  -0.000240  0.000000  0.000000  0.000000  2.000000  
100.391078 0.009607  0.098247  -0.005950  0.993488  0.036347  0.107984  -0.109040  0.028464  0.993630  0.033042  -0.998934  0.032242  -0.000114  -0.000079  -0.000178  0.000000  0.000000  0.000000  2.000000  
100.392078 0.009607  0.098247  -0.005950  0.993488  0.036334  0.107988  -0.109040  0.028343  0.993633  0.033042  -0.998938  0.032121  -0.000083  -0.000049  -0.000155  0.000000  0.000000  0.000000  2.000000  
100.393081 0.009607  0.098247  -0.005950  0.993488  0.036334  0.107988  -0.109040  0.028343  0.993633  0.033042  -0.998938  0.032121  -0.000083  -0.000049  -0.000156  0.000000  0.000000  0.000000  2.000000  
100.394341 0.009607  0.098247  -0.005950  0.993488  0.036334  0.107988  -0.109040  0.028343  0.993633  0.033042  -0.998938  0.032121  -0.000082  -0.000129  -0.000193  0.000000  0.000000  0.000000  2.000000  
100.395611 0.009608  0.098247  -0.005950  0.993488  0.036321  0.107992  -0.109040  0.028223  0.993637  0.033042  -0.998942  0.031999  -0.000056  -0.000135  -0.000261  0.000000  0.000000  0.000000  2.000000  
100.396823 0.009607  0.098247  -0.005951  0.993488  0.036321  0.107992  -0.109040  0.028223  0.993637  0.033042  -0.998942  0.031999  -0.000072  -0.000165  -0.000314  0.000000  0.000000  0.000000  2.000000  
100.397823 0.009608  0.098246  -0.005951  0.993488  0.036308  0.107997  -0.109040  0.028102  0.993640  0.033042  -0.998945  0.031878  -0.000063  -0.000189  -0.000304  0.000000  0.000000  0.000000  2.000000  
100.398828 0.009608  0.098246  -0.005951  0.993488  0.036308  0.107997  -0.109040  0.028102  0.993640  0.033042  -0.998945  0.031878  -0.000037  -0.000182  -0.000242  0.000000  0.000000  0.000000  2.000000  
100.400075 0.009607  0.098246  -0.005951  0.993488  0.036308  0.107997  -0.109040  0.028102  0.993640  0.033042  -0.998945  0.031878  -0.000049  -0.000176  -0.000203  0.000000  0.000000  0.000000  2.000000  
100.401088 0.009607  0.098246  -0.005951  0.993488  0.036295  0.108001  -0.109040  0.027982  0.993643  0.033042  -0.998949  0.031757  0.000007  -0.000140  -0.000118  0.000000  0.000000  0.000000  2.000000  
100.402343 0.009607  0.098246  -0.005951  0.993488  0.036295  0.108001  -0.109040  0.027982  0.993643  0.033042  -0.998949  0.031757  -0.000019  -0.000134  -0.000048  0.000000  0.000000  0.000000  2.000000  
100.403577 0.009607  0.098246  -0.005951  0.993488  0.036282  0.108006  -0.109040  0.027861  0.993647  0.033042  -0.998953  0.031636  0.000011  -0.000102  -0.000026  0.000000  0.000000  0.000000  2.000000  
100.404622 0.009607  0.098246  -0.005951  0.993488  0.036282  0.108006  -0.109040  0.027861  0.993647  0.033042  -0.998953  0.031636  0.000011  -0.000104  -0.000026  0.000000  0.000000  0.000000  2.000000  
100.405827 0.009607  0.098246  -0.005951  0.993488  0.036282  0.108006  -0.109040  0.027861  0.993647  0.033042  -0.998953  0.031636  0.000014  -0.000082  -0.000070  0.000000  0.000000  0.000000  2.000000  
100.406827 0.009607  0.098245  -0.005952  0.993488  0.036269  0.108010  -0.109040  0.027741  0.993650  0.033042  -0.998957  0.031515  -0.000003  -0.000114  -0.000126  0.000000  0.000000  0.000000  2.000000  
100.407828 0.009607  0.098245  -0.005953  0.993488  0.036269  0.108010  -0.109040  0.027741  0.993650  0.033042  -0.998957  0.031515  -0.000020  -0.000149  -0.000185  0.000000  0.000000  0.000000  2.000000  
100.409077 0.009607  0.098245  -0.005954  0.993488  0.036256  0.108014  -0.109040  0.027620  0.993654  0.033042  -0.998961  0.031394  -0.000046  -0.000156  -0.000248  0.000000  0.000000  0.000000  2.000000  
100.410342 0.009607  0.098245  -0.005954  0.993488  0.036256  0.108014  -0.109040  0.027620  0.993654  0.033042  -0.998961  0.031394  -0.000046  -0.000159  -0.000252  0.000000  0.000000  0.000000  2.000000  
100.411576 0.009607  0.098245  -0.005954  0.993488  0.036243  0.108019  -0.109040  0.027500  0.993657  0.033042  -0.998965  0.031272  -0.000029  -0.000126  -0.000195  0.000000  0.000000  0.000000  2.000000  
100.412587 0.009607  0.098245  -0.005954  0.993488  0.036243  0.108019  -0.109040  0.027500  0.993657  0.033042  -0.998965  0.031272  -0.000039  -0.000102  -0.000205  0.000000  0.000000  0.000000  2.000000  
100.413828 0.009607  0.098244  -0.005953  0.993488  0.036230  0.108023  -0.109040  0.027379  0.993660  0.033042  -0.998968  0.031151  -0.000041  -0.000121  -0.000158  0.000000  0.000000  0.000000  2.000000  
100.415078 0.009607  0.098244  -0.005953  0.993488  0.036230  0.108023  -0.109040  0.027379  0.993660  0.033042  -0.998968  0.031151  -0.000012  -0.000093  -0.000139  0.000000  0.000000  0.000000  2.000000  
100.416330 0.009607  0.098244  -0.005953  0.993488  0.036216  0.108028  -0.109040  0.027259  0.993664  0.033042  -0.998972  0.031030  -0.000003  -0.000114  -0.000126  0.000000  0.000000  0.000000  2.000000  
100.417584 0.009607  0.098244  -0.005954  0.993488  0.036216  0.108028  -0.109040  0.027259  0.993664  0.033042  -0.998972  0.031030  -0.000020  -0.000149  -0.000185  0.000000  0.000000  0.000000  2.000000  
100.418827 0.009607  0.098244  -0.005954  0.993488  0.036203  0.108032  -0.109040  0.027138  0.993667  0.033042  -0.998976  0.030909  -0.000007  -0.000150  -0.000217  0.000000  0.000000  0.000000  2.000000  
100.419828 0.009606  0.098243  -0.005954  0.993488  0.036203  0.108032  -0.109040  0.027138  0.993667  0.033042  -0.998976  0.030909  -0.000036  -0.000179  -0.000238  0.000000  0.000000  0.000000  2.000000  
100.421075 0.009606  0.098243  -0.005955  0.993488  0.036190  0.108036  -0.109040  0.027017  0.993670  0.033042  -0.998980  0.030788  -0.000046  -0.000156  -0.000248  0.000000  0.000000  0.000000  2.000000  
100.422078 0.009606  0.098243  -0.005955  0.993488  0.036190  0.108036  -0.109040  0.027017  0.993670  0.033042  -0.998980  0.030788  -0.000029  -0.000126  -0.000195  0.000000  0.000000  0.000000  2.000000  
100.423332 0.009607  0.098244  -0.005955  0.993488  0.036190  0.108036  -0.109040  0.027017  0.993670  0.033042  -0.998980  0.030788  0.000018  -0.000063  -0.000117  0.000000  0.000000  0.000000  2.000000  
100.424577 0.009607  0.098244  -0.005955  0.993488  0.036177  0.108041  -0.109040  0.026897  0.993673  0.033042  -0.998983  0.030667  -0.000004  -0.000035  -0.000090  0.000000  0.000000  0.000000  2.000000  
100.425578 0.009607  0.098245  -0.005955  0.993466  0.036183  0.108245  -0.109245  0.026890  0.993651  0.033042  -0.998983  0.030667  0.000013  -0.000003  -0.000035  0.000000  0.000000  0.000000  2.000000  
100.426825 0.009607  0.098245  -0.005955  0.993466  0.036170  0.108250  -0.109245  0.026769  0.993654  0.033042  -0.998987  0.030545  0.000013  -0.000003  -0.000034  0.000000  0.000000  0.000000  2.000000  
100.427826 0.009607  0.098245  -0.005955  0.993466  0.036170  0.108250  -0.109245  0.026769  0.993654  0.033042  -0.998987  0.030545  0.000025  -0.000006  -0.000069  0.000000  0.000000  0.000000  2.000000  
100.429074 0.009607  0.098245  -0.005955  0.993466  0.036170  0.108250  -0.109245  0.026769  0.993654  0.033042  -0.998987  0.030545  0.000016  0.000017  -0.000079  0.000000  0.000000  0.000000  2.000000  
100.430339 0.009607  0.098245  -0.005955  0.993466  0.036156  0.108254  -0.109245  0.026648  0.993658  0.033042  -0.998991  0.030424  0.000016  0.000018  -0.000080  0.000000  0.000000  0.000000  2.000000  
100.431578 0.009608  0.098245  -0.005954  0.993466  0.036156  0.108254  -0.109245  0.026648  0.993658  0.033042  -0.998991  0.030424  0.000037  0.000071  -0.000069  0.000000  0.000000  0.000000  2.000000  
100.432823 0.009608  0.098245  -0.005954  0.993466  0.036156  0.108254  -0.109245  0.026648  0.993658  0.033042  -0.998991  0.030424  0.000075  0.000076  -0.000036  0.000000  0.000000  0.000000  2.000000  
100.433830 0.009608  0.098245  -0.005954  0.993466  0.036143  0.108259  -0.109245  0.026528  0.993661  0.033042  -0.998994  0.030303  0.000093  0.000111  0.000020  0.000000  0.000000  0.000000  2.000000  
100.434834 0.009608  0.098245  -0.005953  0.993466  0.036143  0.108259  -0.109245  0.026528  0.993661  0.033042  -0.998994  0.030303  0.000098  0.000147  0.000112  0.000000  0.000000  0.000000  2.000000  
100.436101 0.009609  0.098246  -0.005953  0.993466  0.036143  0.108259  -0.109245  0.026528  0.993661  0.033042  -0.998994  0.030303  0.000167  0.000183  0.000165  0.000000  0.000000  0.000000  2.000000  
100.437333 0.009609  0.098247  -0.005952  0.993466  0.036143  0.108259  -0.109245  0.026528  0.993661  0.033042  -0.998994  0.030303  0.000194  0.000209  0.000184  0.000000  0.000000  0.000000  2.000000  
100.438335 0.009610  0.098247  -0.005952  0.993466  0.036130  0.108263  -0.109245  0.026407  0.993664  0.033042  -0.998998  0.030182  0.000206  0.000189  0.000197  0.000000  0.000000  0.000000  2.000000  
100.439577 0.009610  0.098247  -0.005952  0.993466  0.036130  0.108263  -0.109245  0.026407  0.993664  0.033042  -0.998998  0.030182  0.000216  0.000166  0.000207  0.000000  0.000000  0.000000  2.000000  
100.440581 0.009611  0.098247  -0.005952  0.993466  0.036130  0.108263  -0.109245  0.026407  0.993664  0.033042  -0.998998  0.030182  0.000229  0.000162  0.000172  0.000000  0.000000  0.000000  2.000000  
100.441827 0.009611  0.098247  -0.005953  0.993443  0.036136  0.108467  -0.109449  0.026400  0.993642  0.033042  -0.998998  0.030182  0.000242  0.000159  0.000137  0.000000  0.000000  0.000000  2.000000  
100.443145 0.009611  0.098247  -0.005953  0.993443  0.036136  0.108467  -0.109449  0.026400  0.993642  0.033042  -0.998998  0.030182  0.000240  0.000159  0.000137  0.000000  0.000000  0.000000  2.000000  
100.444326 0.009611  0.098247  -0.005953  0.993443  0.036122  0.108472  -0.109449  0.026279  0.993645  0.033042  -0.999002  0.030061  0.000238  0.000157  0.000135  0.000000  0.000000  0.000000  2.000000  
100.445331 0.009611  0.098247  -0.005952  0.993443  0.036122  0.108472  -0.109449  0.026279  0.993645  0.033042  -0.999002  0.030061  0.000267  0.000186  0.000156  0.000000  0.000000  0.000000  2.000000  
100.446573 0.009612  0.098248  -0.005952  0.993443  0.036122  0.108472  -0.109449  0.026279  0.993645  0.033042  -0.999002  0.030061  0.000267  0.000186  0.000156  0.000000  0.000000  0.000000  2.000000  
100.447576 0.009612  0.098248  -0.005951  0.993443  0.036122  0.108472  -0.109449  0.026279  0.993645  0.033042  -0.999002  0.030061  0.000301  0.000219  0.000181  0.000000  0.000000  0.000000  2.000000  
100.448828 0.009613  0.098248  -0.005951  0.993443  0.036122  0.108472  -0.109449  0.026279  0.993645  0.033042  -0.999002  0.030061  0.000326  0.000245  0.000199  0.000000  0.000000  0.000000  2.000000  
100.450073 0.009613  0.098249  -0.005951  0.993443  0.036122  0.108472  -0.109449  0.026279  0.993645  0.033042  -0.999002  0.030061  0.000309  0.000213  0.000143  0.000000  0.000000  0.000000  2.000000  
100.451084 0.009613  0.098249  -0.005951  0.993443  0.036122  0.108472  -0.109449  0.026279  0.993645  0.033042  -0.999002  0.030061  0.000280  0.000184  0.000122  0.000000  0.000000  0.000000  2.000000  
100.452332 0.009613  0.098249  -0.005951  0.993443  0.036122  0.108472  -0.109449  0.026279  0.993645  0.033042  -0.999002  0.030061  0.000263  0.000151  0.000066  0.000000  0.000000  0.000000  2.000000  
100.453578 0.009614  0.098249  -0.005951  0.993443  0.036122  0.108472  -0.109449  0.026279  0.993645  0.033042  -0.999002  0.030061  0.000258  0.000177  0.000057  0.000000  0.000000  0.000000  2.000000  
100.454828 0.009614  0.098250  -0.005951  0.993443  0.036122  0.108472  -0.109449  0.026279  0.993645  0.033042  -0.999002  0.030061  0.000288  0.000207  0.000079  0.000000  0.000000  0.000000  2.000000  
100.456077 0.009614  0.098250  -0.005951  0.993443  0.036122  0.108472  -0.109449  0.026279  0.993645  0.033042  -0.999002  0.030061  0.000253  0.000174  0.000056  0.000000  0.000000  0.000000  2.000000  
100.457078 0.009615  0.098250  -0.005951  0.993443  0.036122  0.108472  -0.109449  0.026279  0.993645  0.033042  -0.999002  0.030061  0.000270  0.000207  0.000112  0.000000  0.000000  0.000000  2.000000  
100.458341 0.009615  0.098251  -0.005951  0.993443  0.036122  0.108472  -0.109449  0.026279  0.993645  0.033042  -0.999002  0.030061  0.000304  0.000240  0.000135  0.000000  0.000000  0.000000  2.000000  
100.459573 0.009615  0.098251  -0.005951  0.993443  0.036122  0.108472  -0.109449  0.026279  0.993645  0.033042  -0.999002  0.030061  0.000300  0.000236  0.000133  0.000000  0.000000  0.000000  2.000000  
100.460575 0.009616  0.098251  -0.005951  0.993420  0.036128  0.108676  -0.109654  0.026272  0.993623  0.033042  -0.999002  0.030061  0.000312  0.000233  0.000099  0.000000  0.000000  0.000000  2.000000  
100.461828 0.009616  0.098251  -0.005951  0.993420  0.036128  0.108676  -0.109654  0.026272  0.993623  0.033042  -0.999002  0.030061  0.000278  0.000231  0.000069  0.000000  0.000000  0.000000  2.000000  
100.463073 0.009616  0.098251  -0.005950  0.993420  0.036128  0.108676  -0.109654  0.026272  0.993623  0.033042  -0.999002  0.030061  0.000274  0.000227  0.000067  0.000000  0.000000  0.000000  2.000000  
100.464080 0.009616  0.098251  -0.005951  0.993420  0.036128  0.108676  -0.109654  0.026272  0.993623  0.033042  -0.999002  0.030061  0.000261  0.000198  0.000012  0.000000  0.000000  0.000000  2.000000  
100.465327 0.009616  0.098252  -0.005951  0.993420  0.036128  0.108676  -0.109654  0.026272  0.993623  0.033042  -0.999002  0.030061  0.000218  0.000189  -0.000020  0.000000  0.000000  0.000000  2.000000  
100.466340 0.009617  0.098252  -0.005951  0.993420  0.036128  0.108676  -0.109654  0.026272  0.993623  0.033042  -0.999002  0.030061  0.000264  0.000218  -0.000033  0.000000  0.000000  0.000000  2.000000  
100.467584 0.009617  0.098252  -0.005951  0.993420  0.036128  0.108676  -0.109654  0.026272  0.993623  0.033042  -0.999002  0.030061  0.000221  0.000192  -0.000020  0.000000  0.000000  0.000000  2.000000  
100.468827 0.009617  0.098253  -0.005950  0.993398  0.036133  0.108881  -0.109858  0.026265  0.993600  0.033042  -0.999002  0.030061  0.000222  0.000224  0.000071  0.000000  0.000000  0.000000  2.000000  
100.469827 0.009618  0.098253  -0.005950  0.993398  0.036133  0.108881  -0.109858  0.026265  0.993600  0.033042  -0.999002  0.030061  0.000222  0.000224  0.000071  0.000000  0.000000  0.000000  2.000000  
