1-Time 2-Px 3-Py 4-Pz 5-R11 6-R21 7-R31 8-R12 9-R22 10-R32 11-R13 12-R23 13-R33 14-Vx 15-Vy 16-Vz 17-Wx 18-Wy 19-Wz 20-state 21-PR11 22-PR21 23-PR31 24-PR12 25-PR22 26-PR32 27-PR13 28-PR23 29-PR33 
59.861642 -0.001165  0.087067  -0.008568  0.999315  0.030645  -0.020765  -0.030663  0.999530  -0.000576  0.020737  0.001213  0.999784  0.000030  0.000067  -0.000035  0.000000  0.000000  0.000000  2.000000  
59.862893 -0.001166  0.087066  -0.008568  0.999315  0.030645  -0.020765  -0.030663  0.999530  -0.000576  0.020737  0.001213  0.999784  0.000006  0.000019  -0.000043  0.000000  0.000000  0.000000  2.000000  
59.864140 -0.001168  0.087063  -0.008569  0.999308  0.030851  -0.020765  -0.030869  0.999523  -0.000572  0.020737  0.001213  0.999784  -0.000154  -0.000219  -0.000116  0.000000  0.000000  0.000000  2.000000  
59.865143 -0.001170  0.087059  -0.008570  0.999308  0.030851  -0.020765  -0.030869  0.999523  -0.000572  0.020737  0.001213  0.999784  -0.000300  -0.000504  -0.000168  0.000000  0.000000  0.000000  2.000000  
59.866145 -0.001171  0.087056  -0.008570  0.999299  0.031059  -0.020895  -0.031075  0.999517  -0.000442  0.020871  0.001091  0.999782  -0.000397  -0.000736  -0.000150  0.000000  0.000000  0.000000  2.000000  
59.867396 -0.001173  0.087052  -0.008570  0.999299  0.031059  -0.020895  -0.031075  0.999517  -0.000442  0.020871  0.001091  0.999782  -0.000505  -0.001021  -0.000174  0.000000  0.000000  0.000000  2.000000  
59.868396 -0.001174  0.087048  -0.008571  0.999293  0.031265  -0.020895  -0.031280  0.999511  -0.000438  0.020871  0.001091  0.999782  -0.000589  -0.001257  -0.000190  0.000000  0.000000  0.000000  2.000000  
59.869416 -0.001175  0.087045  -0.008571  0.999283  0.031470  -0.021029  -0.031486  0.999504  -0.000430  0.021005  0.001091  0.999779  -0.000672  -0.001491  -0.000205  0.000000  0.000000  0.000000  2.000000  
59.870646 -0.001177  0.087040  -0.008571  0.999277  0.031676  -0.021029  -0.031692  0.999498  -0.000425  0.021005  0.001091  0.999779  -0.000775  -0.001801  -0.000220  0.000000  0.000000  0.000000  2.000000  
59.871648 -0.001177  0.087037  -0.008572  0.999270  0.031882  -0.021029  -0.031898  0.999491  -0.000421  0.021005  0.001091  0.999779  -0.000821  -0.001993  -0.000261  0.000000  0.000000  0.000000  2.000000  
59.872894 -0.001179  0.087033  -0.008573  0.999264  0.032087  -0.021029  -0.032103  0.999484  -0.000417  0.021005  0.001091  0.999779  -0.000917  -0.002282  -0.000319  0.000000  0.000000  0.000000  2.000000  
59.874144 -0.001180  0.087029  -0.008574  0.999254  0.032293  -0.021163  -0.032309  0.999478  -0.000408  0.021139  0.001091  0.999776  -0.001007  -0.002550  -0.000421  0.000000  0.000000  0.000000  2.000000  
59.875407 -0.001182  0.087025  -0.008575  0.999248  0.032499  -0.021163  -0.032515  0.999471  -0.000404  0.021139  0.001091  0.999776  -0.001114  -0.002832  -0.000445  0.000000  0.000000  0.000000  2.000000  
59.876643 -0.001183  0.087020  -0.008575  0.999241  0.032705  -0.021163  -0.032720  0.999464  -0.000399  0.021139  0.001091  0.999776  -0.001229  -0.003195  -0.000503  0.000000  0.000000  0.000000  2.000000  
59.877890 -0.001186  0.087013  -0.008577  0.999231  0.032908  -0.021301  -0.032926  0.999458  -0.000512  0.021272  0.001213  0.999773  -0.001375  -0.003565  -0.000578  0.000000  0.000000  0.000000  2.000000  
59.878890 -0.001188  0.087007  -0.008577  0.999225  0.033113  -0.021301  -0.033132  0.999451  -0.000507  0.021272  0.001213  0.999773  -0.001420  -0.003797  -0.000566  0.000000  0.000000  0.000000  2.000000  
59.879891 -0.001190  0.087001  -0.008577  0.999218  0.033319  -0.021301  -0.033337  0.999444  -0.000503  0.021272  0.001213  0.999773  -0.001418  -0.003936  -0.000536  0.000000  0.000000  0.000000  2.000000  
59.881145 -0.001193  0.086993  -0.008577  0.999211  0.033525  -0.021301  -0.033543  0.999437  -0.000499  0.021272  0.001213  0.999773  -0.001439  -0.004189  -0.000462  0.000000  0.000000  0.000000  2.000000  
59.882392 -0.001194  0.086985  -0.008577  0.999204  0.033733  -0.021297  -0.033749  0.999430  -0.000373  0.021272  0.001091  0.999773  -0.001439  -0.004418  -0.000412  0.000000  0.000000  0.000000  2.000000  
59.883398 -0.001195  0.086979  -0.008576  0.999197  0.033939  -0.021297  -0.033955  0.999423  -0.000369  0.021272  0.001091  0.999773  -0.001416  -0.004656  -0.000351  0.000000  0.000000  0.000000  2.000000  
59.884645 -0.001196  0.086971  -0.008575  0.999187  0.034145  -0.021431  -0.034160  0.999416  -0.000360  0.021406  0.001091  0.999770  -0.001350  -0.004856  -0.000258  0.000000  0.000000  0.000000  2.000000  
59.885655 -0.001196  0.086964  -0.008575  0.999187  0.034145  -0.021431  -0.034160  0.999416  -0.000360  0.021406  0.001091  0.999770  -0.001299  -0.005104  -0.000262  0.000000  0.000000  0.000000  2.000000  
59.886895 -0.001195  0.086957  -0.008575  0.999180  0.034350  -0.021431  -0.034366  0.999409  -0.000355  0.021406  0.001091  0.999770  -0.001199  -0.005259  -0.000196  0.000000  0.000000  0.000000  2.000000  
59.887898 -0.001195  0.086951  -0.008575  0.999173  0.034556  -0.021431  -0.034572  0.999402  -0.000351  0.021406  0.001091  0.999770  -0.001083  -0.005512  -0.000109  0.000000  0.000000  0.000000  2.000000  
59.889145 -0.001194  0.086944  -0.008575  0.999166  0.034762  -0.021431  -0.034777  0.999395  -0.000346  0.021406  0.001091  0.999770  -0.000953  -0.005758  -0.000052  0.000000  0.000000  0.000000  2.000000  
59.890394 -0.001195  0.086936  -0.008575  0.999159  0.034965  -0.021435  -0.034983  0.999388  -0.000463  0.021406  0.001213  0.999770  -0.000862  -0.005971  -0.000021  0.000000  0.000000  0.000000  2.000000  
59.891395 -0.001195  0.086929  -0.008574  0.999161  0.034965  -0.021302  -0.034983  0.999388  -0.000468  0.021272  0.001213  0.999773  -0.000780  -0.006135  0.000064  0.000000  0.000000  0.000000  2.000000  
59.892396 -0.001195  0.086923  -0.008574  0.999154  0.035168  -0.021306  -0.035189  0.999381  -0.000585  0.021272  0.001334  0.999773  -0.000653  -0.006179  0.000168  0.000000  0.000000  0.000000  2.000000  
59.893645 -0.001195  0.086916  -0.008573  0.999154  0.035168  -0.021306  -0.035189  0.999381  -0.000585  0.021272  0.001334  0.999773  -0.000456  -0.006199  0.000319  0.000000  0.000000  0.000000  2.000000  
59.894649 -0.001195  0.086910  -0.008571  0.999147  0.035374  -0.021306  -0.035394  0.999373  -0.000580  0.021272  0.001334  0.999773  -0.000335  -0.006219  0.000414  0.000000  0.000000  0.000000  2.000000  
59.895892 -0.001196  0.086902  -0.008570  0.999140  0.035580  -0.021306  -0.035600  0.999366  -0.000576  0.021272  0.001334  0.999773  -0.000222  -0.006223  0.000499  0.000000  0.000000  0.000000  2.000000  
59.896896 -0.001196  0.086895  -0.008568  0.999140  0.035580  -0.021306  -0.035600  0.999366  -0.000576  0.021272  0.001334  0.999773  -0.000197  -0.006230  0.000572  0.000000  0.000000  0.000000  2.000000  
59.898142 -0.001197  0.086887  -0.008567  0.999132  0.035786  -0.021307  -0.035806  0.999359  -0.000572  0.021272  0.001334  0.999773  -0.000130  -0.006207  0.000618  0.000000  0.000000  0.000000  2.000000  
59.899143 -0.001197  0.086881  -0.008566  0.999132  0.035786  -0.021307  -0.035806  0.999359  -0.000572  0.021272  0.001334  0.999773  -0.000123  -0.006230  0.000628  0.000000  0.000000  0.000000  2.000000  
59.900144 -0.001197  0.086875  -0.008565  0.999125  0.035991  -0.021307  -0.036011  0.999351  -0.000567  0.021272  0.001334  0.999773  -0.000083  -0.006221  0.000647  0.000000  0.000000  0.000000  2.000000  
59.901396 -0.001197  0.086867  -0.008564  0.999125  0.035991  -0.021307  -0.036011  0.999351  -0.000567  0.021272  0.001334  0.999773  -0.000118  -0.006203  0.000714  0.000000  0.000000  0.000000  2.000000  
59.902651 -0.001197  0.086860  -0.008562  0.999118  0.036194  -0.021311  -0.036217  0.999344  -0.000684  0.021272  0.001455  0.999773  -0.000166  -0.006214  0.000896  0.000000  0.000000  0.000000  2.000000  
59.903895 -0.001198  0.086852  -0.008560  0.999118  0.036194  -0.021311  -0.036217  0.999344  -0.000684  0.021272  0.001455  0.999773  -0.000224  -0.006192  0.001026  0.000000  0.000000  0.000000  2.000000  
59.905144 -0.001199  0.086844  -0.008559  0.999110  0.036400  -0.021311  -0.036423  0.999336  -0.000680  0.021272  0.001455  0.999773  -0.000325  -0.006215  0.001089  0.000000  0.000000  0.000000  2.000000  
59.906146 -0.001200  0.086838  -0.008558  0.999110  0.036398  -0.021316  -0.036423  0.999336  -0.000801  0.021272  0.001577  0.999772  -0.000375  -0.006212  0.001095  0.000000  0.000000  0.000000  2.000000  
59.907396 -0.001201  0.086830  -0.008557  0.999103  0.036603  -0.021316  -0.036629  0.999329  -0.000796  0.021272  0.001577  0.999772  -0.000393  -0.006199  0.001121  0.000000  0.000000  0.000000  2.000000  
59.908398 -0.001202  0.086824  -0.008556  0.999103  0.036603  -0.021316  -0.036629  0.999329  -0.000796  0.021272  0.001577  0.999772  -0.000433  -0.006186  0.001091  0.000000  0.000000  0.000000  2.000000  
59.909644 -0.001203  0.086816  -0.008556  0.999095  0.036806  -0.021320  -0.036834  0.999321  -0.000913  0.021272  0.001698  0.999772  -0.000536  -0.006227  0.001020  0.000000  0.000000  0.000000  2.000000  
59.910644 -0.001204  0.086810  -0.008555  0.999095  0.036806  -0.021320  -0.036834  0.999321  -0.000913  0.021272  0.001698  0.999772  -0.000535  -0.006192  0.000973  0.000000  0.000000  0.000000  2.000000  
59.911890 -0.001205  0.086803  -0.008555  0.999087  0.037012  -0.021321  -0.037040  0.999313  -0.000909  0.021272  0.001698  0.999772  -0.000606  -0.006168  0.000870  0.000000  0.000000  0.000000  2.000000  
59.912895 -0.001206  0.086796  -0.008555  0.999087  0.037012  -0.021321  -0.037040  0.999313  -0.000909  0.021272  0.001698  0.999772  -0.000638  -0.006156  0.000801  0.000000  0.000000  0.000000  2.000000  
59.914145 -0.001207  0.086789  -0.008554  0.999087  0.037012  -0.021321  -0.037040  0.999313  -0.000909  0.021272  0.001698  0.999772  -0.000727  -0.006155  0.000779  0.000000  0.000000  0.000000  2.000000  
59.915405 -0.001209  0.086781  -0.008553  0.999080  0.037218  -0.021321  -0.037246  0.999306  -0.000904  0.021272  0.001698  0.999772  -0.000828  -0.006144  0.000791  0.000000  0.000000  0.000000  2.000000  
59.916641 -0.001211  0.086773  -0.008552  0.999077  0.037218  -0.021455  -0.037246  0.999306  -0.000900  0.021406  0.001698  0.999769  -0.000900  -0.006184  0.000786  0.000000  0.000000  0.000000  2.000000  
59.917642 -0.001213  0.086767  -0.008551  0.999077  0.037218  -0.021455  -0.037246  0.999306  -0.000900  0.021406  0.001698  0.999769  -0.001019  -0.006208  0.000747  0.000000  0.000000  0.000000  2.000000  
59.918642 -0.001214  0.086760  -0.008550  0.999077  0.037218  -0.021455  -0.037246  0.999306  -0.000900  0.021406  0.001698  0.999769  -0.001106  -0.006206  0.000725  0.000000  0.000000  0.000000  2.000000  
59.919648 -0.001216  0.086754  -0.008549  0.999069  0.037423  -0.021455  -0.037451  0.999298  -0.000895  0.021406  0.001698  0.999769  -0.001151  -0.006212  0.000698  0.000000  0.000000  0.000000  2.000000  
59.920894 -0.001217  0.086746  -0.008549  0.999069  0.037423  -0.021455  -0.037451  0.999298  -0.000895  0.021406  0.001698  0.999769  -0.001162  -0.006231  0.000646  0.000000  0.000000  0.000000  2.000000  
59.921896 -0.001219  0.086740  -0.008549  0.999069  0.037423  -0.021455  -0.037451  0.999298  -0.000895  0.021406  0.001698  0.999769  -0.001187  -0.006236  0.000584  0.000000  0.000000  0.000000  2.000000  
59.923143 -0.001220  0.086732  -0.008549  0.999069  0.037421  -0.021459  -0.037451  0.999298  -0.001016  0.021406  0.001819  0.999769  -0.001243  -0.006265  0.000505  0.000000  0.000000  0.000000  2.000000  
59.924144 -0.001222  0.086725  -0.008549  0.999069  0.037421  -0.021459  -0.037451  0.999298  -0.001016  0.021406  0.001819  0.999769  -0.001274  -0.006288  0.000487  0.000000  0.000000  0.000000  2.000000  
59.925407 -0.001222  0.086718  -0.008549  0.999069  0.037421  -0.021459  -0.037451  0.999298  -0.001016  0.021406  0.001819  0.999769  -0.001246  -0.006251  0.000459  0.000000  0.000000  0.000000  2.000000  
59.926644 -0.001223  0.086710  -0.008548  0.999069  0.037421  -0.021459  -0.037451  0.999298  -0.001016  0.021406  0.001819  0.999769  -0.001196  -0.006258  0.000454  0.000000  0.000000  0.000000  2.000000  
59.927952 -0.001224  0.086703  -0.008548  0.999061  0.037627  -0.021459  -0.037657  0.999290  -0.001012  0.021406  0.001819  0.999769  -0.001205  -0.006231  0.000486  0.000000  0.000000  0.000000  2.000000  
59.929147 -0.001225  0.086695  -0.008547  0.999061  0.037627  -0.021459  -0.037657  0.999290  -0.001012  0.021406  0.001819  0.999769  -0.001160  -0.006263  0.000483  0.000000  0.000000  0.000000  2.000000  
59.930403 -0.001227  0.086686  -0.008546  0.999061  0.037627  -0.021459  -0.037657  0.999290  -0.001012  0.021406  0.001819  0.999769  -0.001163  -0.006300  0.000443  0.000000  0.000000  0.000000  2.000000  
59.931649 -0.001228  0.086678  -0.008546  0.999061  0.037627  -0.021459  -0.037657  0.999290  -0.001012  0.021406  0.001819  0.999769  -0.001132  -0.006363  0.000391  0.000000  0.000000  0.000000  2.000000  
59.932892 -0.001230  0.086669  -0.008545  0.999061  0.037627  -0.021459  -0.037657  0.999290  -0.001012  0.021406  0.001819  0.999769  -0.001136  -0.006405  0.000354  0.000000  0.000000  0.000000  2.000000  
59.933893 -0.001231  0.086662  -0.008545  0.999061  0.037627  -0.021459  -0.037657  0.999290  -0.001012  0.021406  0.001819  0.999769  -0.001111  -0.006455  0.000339  0.000000  0.000000  0.000000  2.000000  
59.935144 -0.001232  0.086654  -0.008544  0.999061  0.037627  -0.021459  -0.037657  0.999290  -0.001012  0.021406  0.001819  0.999769  -0.001054  -0.006482  0.000343  0.000000  0.000000  0.000000  2.000000  
59.936149 -0.001233  0.086647  -0.008543  0.999061  0.037627  -0.021459  -0.037657  0.999290  -0.001012  0.021406  0.001819  0.999769  -0.001024  -0.006459  0.000362  0.000000  0.000000  0.000000  2.000000  
59.937397 -0.001234  0.086640  -0.008542  0.999061  0.037627  -0.021459  -0.037657  0.999290  -0.001012  0.021406  0.001819  0.999769  -0.001006  -0.006479  0.000467  0.000000  0.000000  0.000000  2.000000  
59.938407 -0.001235  0.086633  -0.008541  0.999061  0.037627  -0.021459  -0.037657  0.999290  -0.001012  0.021406  0.001819  0.999769  -0.000954  -0.006457  0.000544  0.000000  0.000000  0.000000  2.000000  
59.939643 -0.001235  0.086626  -0.008540  0.999061  0.037627  -0.021459  -0.037657  0.999290  -0.001012  0.021406  0.001819  0.999769  -0.000919  -0.006466  0.000618  0.000000  0.000000  0.000000  2.000000  
59.940646 -0.001235  0.086620  -0.008539  0.999061  0.037627  -0.021459  -0.037657  0.999290  -0.001012  0.021406  0.001819  0.999769  -0.000854  -0.006455  0.000664  0.000000  0.000000  0.000000  2.000000  
59.941894 -0.001236  0.086612  -0.008538  0.999061  0.037627  -0.021459  -0.037657  0.999290  -0.001012  0.021406  0.001819  0.999769  -0.000847  -0.006479  0.000674  0.000000  0.000000  0.000000  2.000000  
59.943147 -0.001236  0.086604  -0.008537  0.999061  0.037627  -0.021459  -0.037657  0.999290  -0.001012  0.021406  0.001819  0.999769  -0.000804  -0.006460  0.000659  0.000000  0.000000  0.000000  2.000000  
59.944392 -0.001238  0.086595  -0.008537  0.999061  0.037627  -0.021459  -0.037657  0.999290  -0.001012  0.021406  0.001819  0.999769  -0.000813  -0.006542  0.000670  0.000000  0.000000  0.000000  2.000000  
59.945405 -0.001238  0.086588  -0.008536  0.999061  0.037627  -0.021459  -0.037657  0.999290  -0.001012  0.021406  0.001819  0.999769  -0.000770  -0.006530  0.000654  0.000000  0.000000  0.000000  2.000000  
59.946641 -0.001239  0.086579  -0.008536  0.999061  0.037627  -0.021459  -0.037657  0.999290  -0.001012  0.021406  0.001819  0.999769  -0.000744  -0.006574  0.000641  0.000000  0.000000  0.000000  2.000000  
59.947680 -0.001240  0.086572  -0.008535  0.999061  0.037627  -0.021459  -0.037657  0.999290  -0.001012  0.021406  0.001819  0.999769  -0.000699  -0.006594  0.000677  0.000000  0.000000  0.000000  2.000000  
59.948896 -0.001241  0.086563  -0.008534  0.999054  0.037832  -0.021460  -0.037863  0.999282  -0.001007  0.021406  0.001819  0.999769  -0.000694  -0.006633  0.000688  0.000000  0.000000  0.000000  2.000000  
59.950142 -0.001242  0.086554  -0.008533  0.999054  0.037835  -0.021455  -0.037863  0.999283  -0.000886  0.021406  0.001698  0.999769  -0.000681  -0.006665  0.000707  0.000000  0.000000  0.000000  2.000000  
59.951395 -0.001243  0.086545  -0.008532  0.999054  0.037835  -0.021455  -0.037863  0.999283  -0.000886  0.021406  0.001698  0.999769  -0.000668  -0.006715  0.000727  0.000000  0.000000  0.000000  2.000000  
59.952397 -0.001244  0.086538  -0.008531  0.999054  0.037835  -0.021455  -0.037863  0.999283  -0.000886  0.021406  0.001698  0.999769  -0.000648  -0.006757  0.000704  0.000000  0.000000  0.000000  2.000000  
59.953397 -0.001245  0.086531  -0.008531  0.999054  0.037835  -0.021455  -0.037863  0.999283  -0.000886  0.021406  0.001698  0.999769  -0.000673  -0.006790  0.000695  0.000000  0.000000  0.000000  2.000000  
59.954403 -0.001246  0.086524  -0.008530  0.999054  0.037835  -0.021455  -0.037863  0.999283  -0.000886  0.021406  0.001698  0.999769  -0.000685  -0.006853  0.000653  0.000000  0.000000  0.000000  2.000000  
59.955408 -0.001246  0.086518  -0.008530  0.999054  0.037835  -0.021455  -0.037863  0.999283  -0.000886  0.021406  0.001698  0.999769  -0.000742  -0.006881  0.000572  0.000000  0.000000  0.000000  2.000000  
59.956644 -0.001248  0.086509  -0.008530  0.999054  0.037835  -0.021455  -0.037863  0.999283  -0.000886  0.021406  0.001698  0.999769  -0.000789  -0.006959  0.000557  0.000000  0.000000  0.000000  2.000000  
59.957648 -0.001249  0.086502  -0.008530  0.999046  0.038041  -0.021455  -0.038068  0.999275  -0.000882  0.021406  0.001698  0.999769  -0.000861  -0.007004  0.000509  0.000000  0.000000  0.000000  2.000000  
59.958894 -0.001251  0.086494  -0.008529  0.999046  0.038041  -0.021455  -0.038068  0.999275  -0.000882  0.021406  0.001698  0.999769  -0.000939  -0.007004  0.000499  0.000000  0.000000  0.000000  2.000000  
59.960142 -0.001253  0.086484  -0.008529  0.999046  0.038041  -0.021455  -0.038068  0.999275  -0.000882  0.021406  0.001698  0.999769  -0.000982  -0.007026  0.000515  0.000000  0.000000  0.000000  2.000000  
59.961146 -0.001254  0.086477  -0.008529  0.999043  0.038040  -0.021589  -0.038068  0.999275  -0.000877  0.021540  0.001698  0.999767  -0.001033  -0.007025  0.000475  0.000000  0.000000  0.000000  2.000000  
59.962406 -0.001257  0.086468  -0.008528  0.999043  0.038040  -0.021589  -0.038068  0.999275  -0.000877  0.021540  0.001698  0.999767  -0.001124  -0.007035  0.000453  0.000000  0.000000  0.000000  2.000000  
59.963650 -0.001259  0.086459  -0.008528  0.999043  0.038040  -0.021589  -0.038068  0.999275  -0.000877  0.021540  0.001698  0.999767  -0.001198  -0.007023  0.000396  0.000000  0.000000  0.000000  2.000000  
59.964650 -0.001261  0.086451  -0.008529  0.999043  0.038040  -0.021589  -0.038068  0.999275  -0.000877  0.021540  0.001698  0.999767  -0.001299  -0.007071  0.000331  0.000000  0.000000  0.000000  2.000000  
59.965890 -0.001264  0.086442  -0.008529  0.999035  0.038246  -0.021589  -0.038274  0.999267  -0.000872  0.021540  0.001698  0.999767  -0.001388  -0.007098  0.000273  0.000000  0.000000  0.000000  2.000000  
59.966890 -0.001266  0.086435  -0.008529  0.999035  0.038246  -0.021589  -0.038274  0.999267  -0.000872  0.021540  0.001698  0.999767  -0.001495  -0.007079  0.000146  0.000000  0.000000  0.000000  2.000000  
59.967894 -0.001269  0.086428  -0.008530  0.999035  0.038246  -0.021589  -0.038274  0.999267  -0.000872  0.021540  0.001698  0.999767  -0.001625  -0.007151  0.000064  0.000000  0.000000  0.000000  2.000000  
59.969170 -0.001271  0.086419  -0.008530  0.999035  0.038246  -0.021589  -0.038274  0.999267  -0.000872  0.021540  0.001698  0.999767  -0.001742  -0.007118  0.000013  0.000000  0.000000  0.000000  2.000000  
59.970396 -0.001274  0.086411  -0.008531  0.999032  0.038246  -0.021723  -0.038274  0.999267  -0.000867  0.021674  0.001698  0.999764  -0.001870  -0.007174  -0.000025  0.000000  0.000000  0.000000  2.000000  
59.971397 -0.001277  0.086404  -0.008531  0.999032  0.038246  -0.021723  -0.038274  0.999267  -0.000867  0.021674  0.001698  0.999764  -0.001984  -0.007167  -0.000069  0.000000  0.000000  0.000000  2.000000  
59.972644 -0.001281  0.086395  -0.008532  0.999032  0.038246  -0.021723  -0.038274  0.999267  -0.000867  0.021674  0.001698  0.999764  -0.002119  -0.007165  -0.000125  0.000000  0.000000  0.000000  2.000000  
59.973647 -0.001283  0.086389  -0.008531  0.999032  0.038243  -0.021727  -0.038274  0.999267  -0.000988  0.021674  0.001819  0.999763  -0.002176  -0.007114  -0.000133  0.000000  0.000000  0.000000  2.000000  
59.974648 -0.001286  0.086382  -0.008532  0.999032  0.038243  -0.021727  -0.038274  0.999267  -0.000988  0.021674  0.001819  0.999763  -0.002297  -0.007090  -0.000227  0.000000  0.000000  0.000000  2.000000  
59.975649 -0.001289  0.086375  -0.008532  0.999032  0.038243  -0.021727  -0.038274  0.999267  -0.000988  0.021674  0.001819  0.999763  -0.002393  -0.007064  -0.000259  0.000000  0.000000  0.000000  2.000000  
59.976894 -0.001293  0.086367  -0.008533  0.999032  0.038243  -0.021727  -0.038274  0.999267  -0.000988  0.021674  0.001819  0.999763  -0.002471  -0.006966  -0.000292  0.000000  0.000000  0.000000  2.000000  
59.977945 -0.001296  0.086361  -0.008534  0.999032  0.038243  -0.021727  -0.038274  0.999267  -0.000988  0.021674  0.001819  0.999763  -0.002521  -0.006873  -0.000349  0.000000  0.000000  0.000000  2.000000  
59.979144 -0.001300  0.086353  -0.008534  0.999021  0.038449  -0.021861  -0.038479  0.999259  -0.000979  0.021807  0.001819  0.999761  -0.002639  -0.006822  -0.000402  0.000000  0.000000  0.000000  2.000000  
59.980146 -0.001303  0.086347  -0.008535  0.999021  0.038449  -0.021861  -0.038479  0.999259  -0.000979  0.021807  0.001819  0.999761  -0.002707  -0.006734  -0.000469  0.000000  0.000000  0.000000  2.000000  
59.981395 -0.001306  0.086339  -0.008536  0.999021  0.038449  -0.021861  -0.038479  0.999259  -0.000979  0.021807  0.001819  0.999761  -0.002752  -0.006606  -0.000484  0.000000  0.000000  0.000000  2.000000  
59.982646 -0.001310  0.086332  -0.008537  0.999021  0.038449  -0.021861  -0.038479  0.999259  -0.000979  0.021807  0.001819  0.999761  -0.002830  -0.006509  -0.000517  0.000000  0.000000  0.000000  2.000000  
59.983646 -0.001313  0.086326  -0.008538  0.999018  0.038448  -0.021995  -0.038479  0.999259  -0.000974  0.021941  0.001819  0.999758  -0.002894  -0.006457  -0.000530  0.000000  0.000000  0.000000  2.000000  
59.984647 -0.001316  0.086320  -0.008538  0.999018  0.038448  -0.021995  -0.038479  0.999259  -0.000974  0.021941  0.001819  0.999758  -0.002928  -0.006371  -0.000534  0.000000  0.000000  0.000000  2.000000  
59.985668 -0.001320  0.086315  -0.008539  0.999018  0.038448  -0.021995  -0.038479  0.999259  -0.000974  0.021941  0.001819  0.999758  -0.002970  -0.006252  -0.000540  0.000000  0.000000  0.000000  2.000000  
59.986893 -0.001323  0.086308  -0.008540  0.999018  0.038446  -0.022000  -0.038479  0.999259  -0.001095  0.021941  0.001940  0.999757  -0.002970  -0.006136  -0.000569  0.000000  0.000000  0.000000  2.000000  
59.987899 -0.001326  0.086303  -0.008541  0.999018  0.038446  -0.022000  -0.038479  0.999259  -0.001095  0.021941  0.001940  0.999757  -0.002984  -0.006051  -0.000634  0.000000  0.000000  0.000000  2.000000  
59.989145 -0.001329  0.086297  -0.008542  0.999018  0.038446  -0.022000  -0.038479  0.999259  -0.001095  0.021941  0.001940  0.999757  -0.002949  -0.005905  -0.000643  0.000000  0.000000  0.000000  2.000000  
59.990145 -0.001332  0.086292  -0.008543  0.999018  0.038446  -0.022000  -0.038479  0.999259  -0.001095  0.021941  0.001940  0.999757  -0.002942  -0.005777  -0.000702  0.000000  0.000000  0.000000  2.000000  
59.991398 -0.001335  0.086286  -0.008544  0.999008  0.038651  -0.022134  -0.038685  0.999251  -0.001085  0.022075  0.001940  0.999754  -0.002928  -0.005632  -0.000766  0.000000  0.000000  0.000000  2.000000  
59.992644 -0.001338  0.086281  -0.008545  0.999008  0.038649  -0.022138  -0.038685  0.999251  -0.001206  0.022075  0.002062  0.999754  -0.002885  -0.005438  -0.000772  0.000000  0.000000  0.000000  2.000000  
59.993645 -0.001340  0.086277  -0.008546  0.999008  0.038649  -0.022138  -0.038685  0.999251  -0.001206  0.022075  0.002062  0.999754  -0.002789  -0.005280  -0.000778  0.000000  0.000000  0.000000  2.000000  
59.994666 -0.001343  0.086273  -0.008547  0.999008  0.038649  -0.022138  -0.038685  0.999251  -0.001206  0.022075  0.002062  0.999754  -0.002755  -0.005106  -0.000788  0.000000  0.000000  0.000000  2.000000  
59.995894 -0.001346  0.086268  -0.008548  0.999008  0.038649  -0.022138  -0.038685  0.999251  -0.001206  0.022075  0.002062  0.999754  -0.002743  -0.004943  -0.000767  0.000000  0.000000  0.000000  2.000000  
59.997141 -0.001349  0.086263  -0.008549  0.999005  0.038648  -0.022272  -0.038685  0.999251  -0.001201  0.022209  0.002062  0.999751  -0.002669  -0.004796  -0.000790  0.000000  0.000000  0.000000  2.000000  
59.998142 -0.001351  0.086259  -0.008550  0.998997  0.038854  -0.022272  -0.038890  0.999243  -0.001197  0.022209  0.002062  0.999751  -0.002628  -0.004637  -0.000835  0.000000  0.000000  0.000000  2.000000  
59.999143 -0.001354  0.086255  -0.008551  0.998997  0.038854  -0.022272  -0.038890  0.999243  -0.001197  0.022209  0.002062  0.999751  -0.002567  -0.004504  -0.000859  0.000000  0.000000  0.000000  2.000000  
60.000144 -0.001356  0.086252  -0.008552  0.998997  0.038854  -0.022272  -0.038890  0.999243  -0.001197  0.022209  0.002062  0.999751  -0.002521  -0.004370  -0.000896  0.000000  0.000000  0.000000  2.000000  
60.001146 -0.001358  0.086248  -0.008553  0.998997  0.038854  -0.022272  -0.038890  0.999243  -0.001197  0.022209  0.002062  0.999751  -0.002516  -0.004252  -0.000961  0.000000  0.000000  0.000000  2.000000  
60.002148 -0.001361  0.086245  -0.008555  0.998997  0.038854  -0.022272  -0.038890  0.999243  -0.001197  0.022209  0.002062  0.999751  -0.002492  -0.004114  -0.001015  0.000000  0.000000  0.000000  2.000000  
60.003397 -0.001364  0.086241  -0.008557  0.998997  0.038854  -0.022272  -0.038890  0.999243  -0.001197  0.022209  0.002062  0.999751  -0.002443  -0.003974  -0.001051  0.000000  0.000000  0.000000  2.000000  
60.004402 -0.001366  0.086238  -0.008558  0.998986  0.039059  -0.022406  -0.039096  0.999235  -0.001187  0.022343  0.002062  0.999748  -0.002431  -0.003834  -0.001116  0.000000  0.000000  0.000000  2.000000  
60.005408 -0.001368  0.086235  -0.008559  0.998986  0.039059  -0.022406  -0.039096  0.999235  -0.001187  0.022343  0.002062  0.999748  -0.002357  -0.003691  -0.001089  0.000000  0.000000  0.000000  2.000000  
60.006642 -0.001371  0.086232  -0.008561  0.998986  0.039059  -0.022406  -0.039096  0.999235  -0.001187  0.022343  0.002062  0.999748  -0.002377  -0.003563  -0.001129  0.000000  0.000000  0.000000  2.000000  
60.007648 -0.001373  0.086229  -0.008562  0.998978  0.039265  -0.022406  -0.039301  0.999227  -0.001182  0.022343  0.002062  0.999748  -0.002331  -0.003384  -0.001133  0.000000  0.000000  0.000000  2.000000  
60.008895 -0.001376  0.086226  -0.008564  0.998978  0.039265  -0.022406  -0.039301  0.999227  -0.001182  0.022343  0.002062  0.999748  -0.002344  -0.003283  -0.001162  0.000000  0.000000  0.000000  2.000000  
60.010145 -0.001380  0.086223  -0.008565  0.998978  0.039265  -0.022406  -0.039301  0.999227  -0.001182  0.022343  0.002062  0.999748  -0.002383  -0.003143  -0.001219  0.000000  0.000000  0.000000  2.000000  
60.011152 -0.001382  0.086221  -0.008567  0.998966  0.039471  -0.022540  -0.039507  0.999219  -0.001172  0.022476  0.002062  0.999745  -0.002349  -0.003008  -0.001267  0.000000  0.000000  0.000000  2.000000  
60.012164 -0.001385  0.086219  -0.008568  0.998966  0.039471  -0.022540  -0.039507  0.999219  -0.001172  0.022476  0.002062  0.999745  -0.002406  -0.002935  -0.001324  0.000000  0.000000  0.000000  2.000000  
60.013395 -0.001388  0.086216  -0.008570  0.998966  0.039471  -0.022540  -0.039507  0.999219  -0.001172  0.022476  0.002062  0.999745  -0.002389  -0.002820  -0.001333  0.000000  0.000000  0.000000  2.000000  
60.014398 -0.001391  0.086213  -0.008572  0.998958  0.039676  -0.022540  -0.039713  0.999210  -0.001168  0.022476  0.002062  0.999745  -0.002481  -0.002721  -0.001379  0.000000  0.000000  0.000000  2.000000  
60.015406 -0.001394  0.086211  -0.008573  0.998958  0.039676  -0.022540  -0.039713  0.999210  -0.001168  0.022476  0.002062  0.999745  -0.002513  -0.002645  -0.001374  0.000000  0.000000  0.000000  2.000000  
60.016643 -0.001398  0.086208  -0.008575  0.998958  0.039676  -0.022540  -0.039713  0.999210  -0.001168  0.022476  0.002062  0.999745  -0.002543  -0.002530  -0.001375  0.000000  0.000000  0.000000  2.000000  
60.017892 -0.001402  0.086206  -0.008577  0.998947  0.039882  -0.022674  -0.039918  0.999202  -0.001158  0.022610  0.002062  0.999742  -0.002626  -0.002453  -0.001365  0.000000  0.000000  0.000000  2.000000  
60.019147 -0.001406  0.086203  -0.008578  0.998947  0.039882  -0.022674  -0.039918  0.999202  -0.001158  0.022610  0.002062  0.999742  -0.002698  -0.002344  -0.001350  0.000000  0.000000  0.000000  2.000000  
60.020397 -0.001409  0.086201  -0.008580  0.998939  0.040087  -0.022675  -0.040124  0.999194  -0.001153  0.022610  0.002062  0.999742  -0.002742  -0.002260  -0.001403  0.000000  0.000000  0.000000  2.000000  
60.021399 -0.001413  0.086199  -0.008582  0.998939  0.040087  -0.022675  -0.040124  0.999194  -0.001153  0.022610  0.002062  0.999742  -0.002819  -0.002220  -0.001421  0.000000  0.000000  0.000000  2.000000  
60.022400 -0.001416  0.086197  -0.008584  0.998939  0.040087  -0.022675  -0.040124  0.999194  -0.001153  0.022610  0.002062  0.999742  -0.002902  -0.002198  -0.001487  0.000000  0.000000  0.000000  2.000000  
60.023646 -0.001420  0.086195  -0.008586  0.998931  0.040293  -0.022675  -0.040329  0.999186  -0.001148  0.022610  0.002062  0.999742  -0.002960  -0.002185  -0.001537  0.000000  0.000000  0.000000  2.000000  
60.024894 -0.001424  0.086192  -0.008589  0.998928  0.040293  -0.022808  -0.040329  0.999186  -0.001143  0.022744  0.002062  0.999739  -0.003041  -0.002162  -0.001602  0.000000  0.000000  0.000000  2.000000  
60.025896 -0.001428  0.086190  -0.008591  0.998928  0.040293  -0.022808  -0.040329  0.999186  -0.001143  0.022744  0.002062  0.999739  -0.003086  -0.002139  -0.001639  0.000000  0.000000  0.000000  2.000000  
60.027143 -0.001432  0.086187  -0.008593  0.998919  0.040499  -0.022809  -0.040535  0.999177  -0.001138  0.022744  0.002062  0.999739  -0.003146  -0.002115  -0.001645  0.000000  0.000000  0.000000  2.000000  
60.028146 -0.001435  0.086184  -0.008595  0.998919  0.040499  -0.022809  -0.040535  0.999177  -0.001138  0.022744  0.002062  0.999739  -0.003202  -0.002124  -0.001680  0.000000  0.000000  0.000000  2.000000  
60.029398 -0.001440  0.086182  -0.008597  0.998919  0.040499  -0.022809  -0.040535  0.999177  -0.001138  0.022744  0.002062  0.999739  -0.003239  -0.002123  -0.001708  0.000000  0.000000  0.000000  2.000000  
60.030398 -0.001443  0.086179  -0.008598  0.998911  0.040704  -0.022809  -0.040741  0.999169  -0.001133  0.022744  0.002062  0.999739  -0.003262  -0.002132  -0.001683  0.000000  0.000000  0.000000  2.000000  
60.031648 -0.001448  0.086176  -0.008601  0.998911  0.040704  -0.022809  -0.040741  0.999169  -0.001133  0.022744  0.002062  0.999739  -0.003332  -0.002194  -0.001763  0.000000  0.000000  0.000000  2.000000  
60.032892 -0.001452  0.086173  -0.008603  0.998911  0.040704  -0.022809  -0.040741  0.999169  -0.001133  0.022744  0.002062  0.999739  -0.003340  -0.002205  -0.001770  0.000000  0.000000  0.000000  2.000000  
60.033892 -0.001456  0.086170  -0.008605  0.998911  0.040704  -0.022809  -0.040741  0.999169  -0.001133  0.022744  0.002062  0.999739  -0.003378  -0.002270  -0.001825  0.000000  0.000000  0.000000  2.000000  
60.035144 -0.001460  0.086167  -0.008608  0.998902  0.040910  -0.022809  -0.040946  0.999161  -0.001129  0.022744  0.002062  0.999739  -0.003407  -0.002325  -0.001839  0.000000  0.000000  0.000000  2.000000  
60.036149 -0.001463  0.086164  -0.008610  0.998902  0.040910  -0.022809  -0.040946  0.999161  -0.001129  0.022744  0.002062  0.999739  -0.003437  -0.002403  -0.001932  0.000000  0.000000  0.000000  2.000000  
60.037397 -0.001468  0.086160  -0.008613  0.998902  0.040910  -0.022809  -0.040946  0.999161  -0.001129  0.022744  0.002062  0.999739  -0.003461  -0.002450  -0.001941  0.000000  0.000000  0.000000  2.000000  
60.038401 -0.001472  0.086157  -0.008615  0.998902  0.040910  -0.022809  -0.040946  0.999161  -0.001129  0.022744  0.002062  0.999739  -0.003512  -0.002513  -0.001963  0.000000  0.000000  0.000000  2.000000  
60.039646 -0.001476  0.086154  -0.008618  0.998894  0.041116  -0.022809  -0.041152  0.999152  -0.001124  0.022744  0.002062  0.999739  -0.003506  -0.002537  -0.001953  0.000000  0.000000  0.000000  2.000000  
60.040895 -0.001480  0.086150  -0.008620  0.998894  0.041116  -0.022809  -0.041152  0.999152  -0.001124  0.022744  0.002062  0.999739  -0.003527  -0.002612  -0.001956  0.000000  0.000000  0.000000  2.000000  
60.041895 -0.001484  0.086148  -0.008622  0.998894  0.041116  -0.022809  -0.041152  0.999152  -0.001124  0.022744  0.002062  0.999739  -0.003548  -0.002655  -0.001960  0.000000  0.000000  0.000000  2.000000  
60.043144 -0.001489  0.086144  -0.008625  0.998894  0.041116  -0.022809  -0.041152  0.999152  -0.001124  0.022744  0.002062  0.999739  -0.003576  -0.002705  -0.001973  0.000000  0.000000  0.000000  2.000000  
60.044144 -0.001492  0.086141  -0.008627  0.998886  0.041321  -0.022810  -0.041358  0.999144  -0.001119  0.022744  0.002062  0.999739  -0.003579  -0.002778  -0.002002  0.000000  0.000000  0.000000  2.000000  
60.045406 -0.001497  0.086137  -0.008629  0.998886  0.041321  -0.022810  -0.041358  0.999144  -0.001119  0.022744  0.002062  0.999739  -0.003588  -0.002827  -0.002043  0.000000  0.000000  0.000000  2.000000  
60.046641 -0.001501  0.086133  -0.008632  0.998886  0.041319  -0.022815  -0.041358  0.999144  -0.001241  0.022744  0.002183  0.999739  -0.003575  -0.002856  -0.002071  0.000000  0.000000  0.000000  2.000000  
60.047647 -0.001505  0.086130  -0.008634  0.998886  0.041319  -0.022815  -0.041358  0.999144  -0.001241  0.022744  0.002183  0.999739  -0.003582  -0.002906  -0.002111  0.000000  0.000000  0.000000  2.000000  
60.048891 -0.001510  0.086126  -0.008637  0.998877  0.041524  -0.022815  -0.041563  0.999135  -0.001236  0.022744  0.002183  0.999739  -0.003585  -0.002905  -0.002113  0.000000  0.000000  0.000000  2.000000  
60.050144 -0.001514  0.086122  -0.008640  0.998877  0.041524  -0.022815  -0.041563  0.999135  -0.001236  0.022744  0.002183  0.999739  -0.003609  -0.002952  -0.002121  0.000000  0.000000  0.000000  2.000000  
60.051396 -0.001519  0.086119  -0.008642  0.998868  0.041730  -0.022815  -0.041769  0.999127  -0.001231  0.022744  0.002183  0.999739  -0.003620  -0.002950  -0.002085  0.000000  0.000000  0.000000  2.000000  
60.052646 -0.001524  0.086115  -0.008644  0.998868  0.041730  -0.022815  -0.041769  0.999127  -0.001231  0.022744  0.002183  0.999739  -0.003634  -0.002944  -0.002053  0.000000  0.000000  0.000000  2.000000  
60.053647 -0.001527  0.086113  -0.008646  0.998868  0.041730  -0.022815  -0.041769  0.999127  -0.001231  0.022744  0.002183  0.999739  -0.003633  -0.002945  -0.002051  0.000000  0.000000  0.000000  2.000000  
60.054894 -0.001531  0.086109  -0.008649  0.998860  0.041936  -0.022815  -0.041974  0.999118  -0.001227  0.022744  0.002183  0.999739  -0.003634  -0.002943  -0.002053  0.000000  0.000000  0.000000  2.000000  
60.056145 -0.001536  0.086107  -0.008651  0.998860  0.041936  -0.022815  -0.041974  0.999118  -0.001227  0.022744  0.002183  0.999739  -0.003628  -0.002870  -0.002017  0.000000  0.000000  0.000000  2.000000  
60.057394 -0.001540  0.086103  -0.008654  0.998860  0.041936  -0.022815  -0.041974  0.999118  -0.001227  0.022744  0.002183  0.999739  -0.003626  -0.002852  -0.002065  0.000000  0.000000  0.000000  2.000000  
60.058406 -0.001544  0.086101  -0.008656  0.998851  0.042141  -0.022816  -0.042180  0.999109  -0.001222  0.022744  0.002183  0.999739  -0.003595  -0.002800  -0.002051  0.000000  0.000000  0.000000  2.000000  
60.059648 -0.001547  0.086098  -0.008658  0.998851  0.042141  -0.022816  -0.042180  0.999109  -0.001222  0.022744  0.002183  0.999739  -0.003566  -0.002721  -0.002047  0.000000  0.000000  0.000000  2.000000  
60.060895 -0.001552  0.086095  -0.008661  0.998842  0.042347  -0.022816  -0.042386  0.999101  -0.001217  0.022744  0.002183  0.999739  -0.003539  -0.002658  -0.001996  0.000000  0.000000  0.000000  2.000000  
60.062140 -0.001555  0.086093  -0.008663  0.998839  0.042347  -0.022950  -0.042386  0.999101  -0.001211  0.022878  0.002183  0.999736  -0.003484  -0.002588  -0.001969  0.000000  0.000000  0.000000  2.000000  
60.063145 -0.001558  0.086091  -0.008664  0.998831  0.042552  -0.022950  -0.042591  0.999092  -0.001207  0.022878  0.002183  0.999736  -0.003424  -0.002513  -0.001938  0.000000  0.000000  0.000000  2.000000  
60.064396 -0.001562  0.086088  -0.008667  0.998831  0.042552  -0.022950  -0.042591  0.999092  -0.001207  0.022878  0.002183  0.999736  -0.003336  -0.002417  -0.001892  0.000000  0.000000  0.000000  2.000000  
60.065405 -0.001564  0.086086  -0.008668  0.998822  0.042761  -0.022945  -0.042797  0.999083  -0.001081  0.022878  0.002062  0.999736  -0.003278  -0.002345  -0.001864  0.000000  0.000000  0.000000  2.000000  
60.066644 -0.001568  0.086084  -0.008670  0.998822  0.042761  -0.022945  -0.042797  0.999083  -0.001081  0.022878  0.002062  0.999736  -0.003183  -0.002288  -0.001850  0.000000  0.000000  0.000000  2.000000  
60.067892 -0.001571  0.086082  -0.008672  0.998813  0.042967  -0.022945  -0.043003  0.999074  -0.001076  0.022878  0.002062  0.999736  -0.003098  -0.002195  -0.001806  0.000000  0.000000  0.000000  2.000000  
60.068894 -0.001573  0.086080  -0.008674  0.998813  0.042967  -0.022945  -0.043003  0.999074  -0.001076  0.022878  0.002062  0.999736  -0.003042  -0.002124  -0.001779  0.000000  0.000000  0.000000  2.000000  
60.069895 -0.001575  0.086079  -0.008675  0.998804  0.043172  -0.022945  -0.043208  0.999066  -0.001071  0.022878  0.002062  0.999736  -0.002892  -0.002021  -0.001732  0.000000  0.000000  0.000000  2.000000  
60.070897 -0.001577  0.086077  -0.008677  0.998804  0.043172  -0.022945  -0.043208  0.999066  -0.001071  0.022878  0.002062  0.999736  -0.002810  -0.002000  -0.001720  0.000000  0.000000  0.000000  2.000000  
60.072145 -0.001580  0.086076  -0.008678  0.998795  0.043378  -0.022945  -0.043414  0.999057  -0.001067  0.022878  0.002062  0.999736  -0.002660  -0.001858  -0.001638  0.000000  0.000000  0.000000  2.000000  
60.073145 -0.001581  0.086075  -0.008679  0.998795  0.043378  -0.022945  -0.043414  0.999057  -0.001067  0.022878  0.002062  0.999736  -0.002537  -0.001764  -0.001565  0.000000  0.000000  0.000000  2.000000  
60.074408 -0.001583  0.086074  -0.008680  0.998783  0.043583  -0.023079  -0.043619  0.999048  -0.001056  0.023011  0.002062  0.999733  -0.002408  -0.001667  -0.001489  0.000000  0.000000  0.000000  2.000000  
60.075409 -0.001584  0.086073  -0.008681  0.998783  0.043583  -0.023079  -0.043619  0.999048  -0.001056  0.023011  0.002062  0.999733  -0.002250  -0.001547  -0.001397  0.000000  0.000000  0.000000  2.000000  
60.076647 -0.001585  0.086072  -0.008681  0.998774  0.043789  -0.023080  -0.043825  0.999039  -0.001051  0.023011  0.002062  0.999733  -0.002057  -0.001429  -0.001278  0.000000  0.000000  0.000000  2.000000  
