1-Time 2-Px 3-Py 4-Pz 5-R11 6-R21 7-R31 8-R12 9-R22 10-R32 11-R13 12-R23 13-R33 14-Vx 15-Vy 16-Vz 17-Wx 18-Wy 19-Wz 20-state 21-PR11 22-PR21 23-PR31 24-PR12 25-PR22 26-PR32 27-PR13 28-PR23 29-PR33 
123.655174 0.004788  0.089447  -0.013575  0.999218  0.006422  -0.039019  -0.006171  0.999960  0.006549  0.039059  -0.006303  0.999217  0.000425  0.000322  0.000405  0.000000  0.000000  0.000000  2.000000  
123.656179 0.004788  0.089446  -0.013575  0.999218  0.006422  -0.039019  -0.006171  0.999960  0.006549  0.039059  -0.006303  0.999217  0.000401  0.000271  0.000395  0.000000  0.000000  0.000000  2.000000  
123.657180 0.004789  0.089445  -0.013575  0.999213  0.006423  -0.039152  -0.006171  0.999960  0.006549  0.039193  -0.006303  0.999212  0.000408  0.000167  0.000367  0.000000  0.000000  0.000000  2.000000  
123.658441 0.004788  0.089443  -0.013575  0.999207  0.006424  -0.039286  -0.006171  0.999960  0.006550  0.039327  -0.006303  0.999207  0.000339  -0.000044  0.000251  0.000000  0.000000  0.000000  2.000000  
123.659680 0.004789  0.089439  -0.013576  0.999202  0.006425  -0.039420  -0.006171  0.999959  0.006551  0.039460  -0.006302  0.999201  0.000328  -0.000303  0.000184  0.000000  0.000000  0.000000  2.000000  
123.660927 0.004790  0.089435  -0.013577  0.999197  0.006430  -0.039553  -0.006171  0.999959  0.006673  0.039594  -0.006424  0.999195  0.000359  -0.000620  0.000062  0.000000  0.000000  0.000000  2.000000  
123.661929 0.004790  0.089432  -0.013577  0.999197  0.006430  -0.039553  -0.006171  0.999959  0.006673  0.039594  -0.006424  0.999195  0.000339  -0.000855  -0.000014  0.000000  0.000000  0.000000  2.000000  
123.662934 0.004792  0.089428  -0.013577  0.999191  0.006431  -0.039686  -0.006171  0.999959  0.006674  0.039728  -0.006424  0.999190  0.000421  -0.001116  -0.000060  0.000000  0.000000  0.000000  2.000000  
123.664175 0.004793  0.089424  -0.013578  0.999185  0.006638  -0.039819  -0.006377  0.999957  0.006683  0.039861  -0.006424  0.999185  0.000488  -0.001454  -0.000107  0.000000  0.000000  0.000000  2.000000  
123.665176 0.004794  0.089420  -0.013578  0.999185  0.006638  -0.039819  -0.006377  0.999957  0.006683  0.039861  -0.006424  0.999185  0.000530  -0.001718  -0.000183  0.000000  0.000000  0.000000  2.000000  
123.666439 0.004795  0.089416  -0.013580  0.999180  0.006639  -0.039952  -0.006377  0.999957  0.006684  0.039995  -0.006424  0.999179  0.000559  -0.002032  -0.000305  0.000000  0.000000  0.000000  2.000000  
123.667675 0.004796  0.089412  -0.013581  0.999169  0.006641  -0.040220  -0.006377  0.999957  0.006686  0.040263  -0.006423  0.999168  0.000590  -0.002351  -0.000427  0.000000  0.000000  0.000000  2.000000  
123.668684 0.004797  0.089409  -0.013582  0.999163  0.006642  -0.040354  -0.006377  0.999957  0.006686  0.040396  -0.006423  0.999163  0.000655  -0.002561  -0.000492  0.000000  0.000000  0.000000  2.000000  
123.669936 0.004798  0.089403  -0.013584  0.999158  0.006637  -0.040488  -0.006377  0.999958  0.006566  0.040530  -0.006302  0.999158  0.000670  -0.002953  -0.000615  0.000000  0.000000  0.000000  2.000000  
123.671179 0.004798  0.089397  -0.013586  0.999151  0.006844  -0.040620  -0.006582  0.999957  0.006575  0.040664  -0.006302  0.999153  0.000675  -0.003292  -0.000727  0.000000  0.000000  0.000000  2.000000  
123.672179 0.004799  0.089392  -0.013587  0.999151  0.006844  -0.040620  -0.006582  0.999957  0.006575  0.040664  -0.006302  0.999153  0.000673  -0.003573  -0.000783  0.000000  0.000000  0.000000  2.000000  
123.673180 0.004799  0.089386  -0.013587  0.999146  0.006845  -0.040754  -0.006582  0.999957  0.006576  0.040797  -0.006302  0.999148  0.000717  -0.003816  -0.000797  0.000000  0.000000  0.000000  2.000000  
123.674442 0.004799  0.089379  -0.013587  0.999140  0.006851  -0.040887  -0.006582  0.999956  0.006698  0.040931  -0.006423  0.999141  0.000730  -0.004088  -0.000750  0.000000  0.000000  0.000000  2.000000  
123.675443 0.004800  0.089372  -0.013587  0.999133  0.007058  -0.041019  -0.006788  0.999954  0.006708  0.041065  -0.006423  0.999136  0.000683  -0.004337  -0.000705  0.000000  0.000000  0.000000  2.000000  
123.676680 0.004800  0.089363  -0.013586  0.999128  0.007063  -0.041152  -0.006788  0.999954  0.006830  0.041198  -0.006544  0.999130  0.000656  -0.004636  -0.000567  0.000000  0.000000  0.000000  2.000000  
123.677926 0.004801  0.089354  -0.013586  0.999122  0.007064  -0.041286  -0.006788  0.999954  0.006831  0.041332  -0.006544  0.999124  0.000608  -0.004963  -0.000561  0.000000  0.000000  0.000000  2.000000  
123.678932 0.004801  0.089347  -0.013585  0.999111  0.007066  -0.041553  -0.006788  0.999954  0.006832  0.041599  -0.006544  0.999113  0.000542  -0.005239  -0.000507  0.000000  0.000000  0.000000  2.000000  
123.680175 0.004802  0.089337  -0.013585  0.999106  0.007067  -0.041687  -0.006788  0.999954  0.006833  0.041733  -0.006544  0.999107  0.000541  -0.005527  -0.000445  0.000000  0.000000  0.000000  2.000000  
123.681177 0.004803  0.089329  -0.013585  0.999104  0.007278  -0.041684  -0.006993  0.999951  0.006963  0.041733  -0.006665  0.999107  0.000532  -0.005872  -0.000342  0.000000  0.000000  0.000000  2.000000  
123.682439 0.004804  0.089320  -0.013585  0.999099  0.007279  -0.041818  -0.006993  0.999951  0.006964  0.041867  -0.006665  0.999101  0.000550  -0.006187  -0.000240  0.000000  0.000000  0.000000  2.000000  
123.683675 0.004806  0.089311  -0.013585  0.999099  0.007279  -0.041818  -0.006993  0.999951  0.006964  0.041867  -0.006665  0.999101  0.000567  -0.006515  -0.000163  0.000000  0.000000  0.000000  2.000000  
123.684680 0.004807  0.089303  -0.013584  0.999097  0.007485  -0.041817  -0.007199  0.999950  0.006973  0.041867  -0.006665  0.999101  0.000622  -0.006707  -0.000052  0.000000  0.000000  0.000000  2.000000  
123.685687 0.004807  0.089296  -0.013584  0.999092  0.007485  -0.041950  -0.007199  0.999950  0.006974  0.042000  -0.006665  0.999095  0.000608  -0.006959  0.000086  0.000000  0.000000  0.000000  2.000000  
123.686930 0.004808  0.089287  -0.013582  0.999092  0.007485  -0.041950  -0.007199  0.999950  0.006974  0.042000  -0.006665  0.999095  0.000659  -0.007088  0.000252  0.000000  0.000000  0.000000  2.000000  
123.688179 0.004809  0.089278  -0.013581  0.999090  0.007691  -0.041949  -0.007405  0.999948  0.006982  0.042000  -0.006665  0.999095  0.000695  -0.007255  0.000390  0.000000  0.000000  0.000000  2.000000  
123.689428 0.004810  0.089268  -0.013580  0.999085  0.007692  -0.042083  -0.007405  0.999948  0.006983  0.042134  -0.006665  0.999090  0.000725  -0.007383  0.000474  0.000000  0.000000  0.000000  2.000000  
123.690442 0.004811  0.089260  -0.013579  0.999085  0.007692  -0.042083  -0.007405  0.999948  0.006983  0.042134  -0.006665  0.999090  0.000747  -0.007473  0.000548  0.000000  0.000000  0.000000  2.000000  
123.691678 0.004811  0.089250  -0.013577  0.999085  0.007697  -0.042082  -0.007405  0.999947  0.007105  0.042134  -0.006787  0.999089  0.000729  -0.007570  0.000593  0.000000  0.000000  0.000000  2.000000  
123.692680 0.004812  0.089241  -0.013575  0.999083  0.007903  -0.042080  -0.007610  0.999946  0.007113  0.042134  -0.006787  0.999089  0.000740  -0.007639  0.000688  0.000000  0.000000  0.000000  2.000000  
123.693926 0.004812  0.089230  -0.013574  0.999083  0.007903  -0.042080  -0.007610  0.999946  0.007113  0.042134  -0.006787  0.999089  0.000752  -0.007738  0.000769  0.000000  0.000000  0.000000  2.000000  
123.694927 0.004813  0.089222  -0.013572  0.999083  0.007903  -0.042080  -0.007610  0.999946  0.007113  0.042134  -0.006787  0.999089  0.000723  -0.007828  0.000851  0.000000  0.000000  0.000000  2.000000  
123.695930 0.004814  0.089214  -0.013570  0.999081  0.008109  -0.042079  -0.007816  0.999944  0.007122  0.042134  -0.006787  0.999089  0.000735  -0.007844  0.000999  0.000000  0.000000  0.000000  2.000000  
123.697179 0.004815  0.089203  -0.013567  0.999081  0.008109  -0.042079  -0.007816  0.999944  0.007122  0.042134  -0.006787  0.999089  0.000740  -0.007968  0.001195  0.000000  0.000000  0.000000  2.000000  
123.698439 0.004816  0.089192  -0.013565  0.999081  0.008109  -0.042079  -0.007816  0.999944  0.007122  0.042134  -0.006787  0.999089  0.000685  -0.008045  0.001351  0.000000  0.000000  0.000000  2.000000  
123.699677 0.004817  0.089182  -0.013563  0.999081  0.008109  -0.042079  -0.007816  0.999944  0.007122  0.042134  -0.006787  0.999089  0.000678  -0.008113  0.001450  0.000000  0.000000  0.000000  2.000000  
123.700679 0.004817  0.089173  -0.013561  0.999085  0.008314  -0.041944  -0.008022  0.999942  0.007130  0.042000  -0.006787  0.999095  0.000692  -0.008187  0.001515  0.000000  0.000000  0.000000  2.000000  
123.701933 0.004818  0.089162  -0.013560  0.999085  0.008314  -0.041944  -0.008022  0.999942  0.007130  0.042000  -0.006787  0.999095  0.000659  -0.008347  0.001559  0.000000  0.000000  0.000000  2.000000  
123.703180 0.004819  0.089151  -0.013558  0.999085  0.008314  -0.041944  -0.008022  0.999942  0.007130  0.042000  -0.006787  0.999095  0.000665  -0.008452  0.001531  0.000000  0.000000  0.000000  2.000000  
123.704433 0.004820  0.089139  -0.013558  0.999089  0.008519  -0.041808  -0.008228  0.999941  0.007137  0.041867  -0.006787  0.999100  0.000639  -0.008580  0.001483  0.000000  0.000000  0.000000  2.000000  
123.705442 0.004820  0.089130  -0.013557  0.999089  0.008519  -0.041808  -0.008228  0.999941  0.007137  0.041867  -0.006787  0.999100  0.000635  -0.008655  0.001444  0.000000  0.000000  0.000000  2.000000  
123.706442 0.004821  0.089121  -0.013556  0.999089  0.008519  -0.041808  -0.008228  0.999941  0.007137  0.041867  -0.006787  0.999100  0.000664  -0.008710  0.001426  0.000000  0.000000  0.000000  2.000000  
123.707681 0.004821  0.089110  -0.013554  0.999089  0.008519  -0.041808  -0.008228  0.999941  0.007137  0.041867  -0.006787  0.999100  0.000641  -0.008770  0.001418  0.000000  0.000000  0.000000  2.000000  
123.708930 0.004822  0.089098  -0.013553  0.999088  0.008725  -0.041807  -0.008433  0.999939  0.007146  0.041867  -0.006787  0.999100  0.000618  -0.008821  0.001408  0.000000  0.000000  0.000000  2.000000  
123.710180 0.004822  0.089087  -0.013550  0.999088  0.008725  -0.041807  -0.008433  0.999939  0.007146  0.041867  -0.006787  0.999100  0.000551  -0.008905  0.001418  0.000000  0.000000  0.000000  2.000000  
123.711426 0.004822  0.089075  -0.013548  0.999088  0.008725  -0.041807  -0.008433  0.999939  0.007146  0.041867  -0.006787  0.999100  0.000521  -0.008926  0.001402  0.000000  0.000000  0.000000  2.000000  
123.712431 0.004823  0.089066  -0.013546  0.999088  0.008725  -0.041807  -0.008433  0.999939  0.007146  0.041867  -0.006787  0.999100  0.000498  -0.008953  0.001341  0.000000  0.000000  0.000000  2.000000  
123.713679 0.004823  0.089054  -0.013544  0.999086  0.008931  -0.041805  -0.008639  0.999937  0.007154  0.041867  -0.006787  0.999100  0.000486  -0.009032  0.001346  0.000000  0.000000  0.000000  2.000000  
123.714679 0.004824  0.089046  -0.013543  0.999086  0.008931  -0.041805  -0.008639  0.999937  0.007154  0.041867  -0.006787  0.999100  0.000451  -0.009058  0.001322  0.000000  0.000000  0.000000  2.000000  
123.715928 0.004824  0.089034  -0.013542  0.999086  0.008931  -0.041805  -0.008639  0.999937  0.007154  0.041867  -0.006787  0.999100  0.000435  -0.009088  0.001272  0.000000  0.000000  0.000000  2.000000  
123.716929 0.004825  0.089025  -0.013540  0.999086  0.008931  -0.041805  -0.008639  0.999937  0.007154  0.041867  -0.006787  0.999100  0.000452  -0.009141  0.001291  0.000000  0.000000  0.000000  2.000000  
123.718175 0.004826  0.089014  -0.013538  0.999086  0.008931  -0.041805  -0.008639  0.999937  0.007154  0.041867  -0.006787  0.999100  0.000448  -0.009163  0.001338  0.000000  0.000000  0.000000  2.000000  
123.719183 0.004827  0.089004  -0.013537  0.999084  0.009131  -0.041805  -0.008845  0.999936  0.007042  0.041867  -0.006665  0.999101  0.000472  -0.009160  0.001399  0.000000  0.000000  0.000000  2.000000  
123.720433 0.004828  0.088993  -0.013535  0.999084  0.009131  -0.041805  -0.008845  0.999936  0.007042  0.041867  -0.006665  0.999101  0.000511  -0.009186  0.001480  0.000000  0.000000  0.000000  2.000000  
123.721433 0.004829  0.088983  -0.013534  0.999084  0.009131  -0.041805  -0.008845  0.999936  0.007042  0.041867  -0.006665  0.999101  0.000520  -0.009212  0.001489  0.000000  0.000000  0.000000  2.000000  
123.722442 0.004830  0.088973  -0.013532  0.999084  0.009137  -0.041804  -0.008845  0.999935  0.007163  0.041867  -0.006787  0.999100  0.000565  -0.009229  0.001524  0.000000  0.000000  0.000000  2.000000  
123.723682 0.004831  0.088961  -0.013530  0.999082  0.009342  -0.041803  -0.009050  0.999933  0.007172  0.041867  -0.006787  0.999100  0.000634  -0.009289  0.001536  0.000000  0.000000  0.000000  2.000000  
123.724930 0.004832  0.088949  -0.013528  0.999082  0.009342  -0.041803  -0.009050  0.999933  0.007172  0.041867  -0.006787  0.999100  0.000707  -0.009323  0.001502  0.000000  0.000000  0.000000  2.000000  
123.726180 0.004833  0.088937  -0.013526  0.999082  0.009342  -0.041803  -0.009050  0.999933  0.007172  0.041867  -0.006787  0.999100  0.000779  -0.009354  0.001466  0.000000  0.000000  0.000000  2.000000  
123.727427 0.004835  0.088925  -0.013524  0.999082  0.009342  -0.041803  -0.009050  0.999933  0.007172  0.041867  -0.006787  0.999100  0.000806  -0.009407  0.001453  0.000000  0.000000  0.000000  2.000000  
123.728429 0.004836  0.088916  -0.013522  0.999082  0.009342  -0.041803  -0.009050  0.999933  0.007172  0.041867  -0.006787  0.999100  0.000880  -0.009386  0.001498  0.000000  0.000000  0.000000  2.000000  
123.729430 0.004838  0.088907  -0.013520  0.999080  0.009548  -0.041801  -0.009256  0.999931  0.007180  0.041867  -0.006787  0.999100  0.000965  -0.009412  0.001569  0.000000  0.000000  0.000000  2.000000  
123.730440 0.004839  0.088898  -0.013517  0.999080  0.009548  -0.041801  -0.009256  0.999931  0.007180  0.041867  -0.006787  0.999100  0.000988  -0.009424  0.001680  0.000000  0.000000  0.000000  2.000000  
123.731679 0.004842  0.088887  -0.013514  0.999080  0.009548  -0.041801  -0.009256  0.999931  0.007180  0.041867  -0.006787  0.999100  0.001117  -0.009352  0.001807  0.000000  0.000000  0.000000  2.000000  
123.732682 0.004844  0.088878  -0.013510  0.999080  0.009548  -0.041801  -0.009256  0.999931  0.007180  0.041867  -0.006787  0.999100  0.001225  -0.009345  0.001932  0.000000  0.000000  0.000000  2.000000  
123.733694 0.004846  0.088869  -0.013507  0.999080  0.009548  -0.041801  -0.009256  0.999931  0.007180  0.041867  -0.006787  0.999100  0.001325  -0.009313  0.002047  0.000000  0.000000  0.000000  2.000000  
123.734925 0.004849  0.088858  -0.013504  0.999080  0.009548  -0.041801  -0.009256  0.999931  0.007180  0.041867  -0.006787  0.999100  0.001425  -0.009291  0.002120  0.000000  0.000000  0.000000  2.000000  
123.735933 0.004851  0.088849  -0.013502  0.999078  0.009754  -0.041800  -0.009462  0.999929  0.007189  0.041867  -0.006787  0.999100  0.001519  -0.009214  0.002178  0.000000  0.000000  0.000000  2.000000  
123.737186 0.004854  0.088838  -0.013498  0.999078  0.009754  -0.041800  -0.009462  0.999929  0.007189  0.041867  -0.006787  0.999100  0.001646  -0.009197  0.002267  0.000000  0.000000  0.000000  2.000000  
123.738441 0.004857  0.088827  -0.013495  0.999078  0.009754  -0.041800  -0.009462  0.999929  0.007189  0.041867  -0.006787  0.999100  0.001788  -0.009137  0.002363  0.000000  0.000000  0.000000  2.000000  
123.739680 0.004860  0.088815  -0.013493  0.999078  0.009754  -0.041800  -0.009462  0.999929  0.007189  0.041867  -0.006787  0.999100  0.001901  -0.009144  0.002403  0.000000  0.000000  0.000000  2.000000  
123.740931 0.004864  0.088804  -0.013489  0.999078  0.009754  -0.041800  -0.009462  0.999929  0.007189  0.041867  -0.006787  0.999100  0.002057  -0.009070  0.002504  0.000000  0.000000  0.000000  2.000000  
123.742178 0.004867  0.088792  -0.013486  0.999076  0.009965  -0.041797  -0.009667  0.999926  0.007319  0.041867  -0.006908  0.999099  0.002210  -0.009045  0.002613  0.000000  0.000000  0.000000  2.000000  
123.743179 0.004870  0.088783  -0.013482  0.999076  0.009965  -0.041797  -0.009667  0.999926  0.007319  0.041867  -0.006908  0.999099  0.002295  -0.009020  0.002675  0.000000  0.000000  0.000000  2.000000  
123.744431 0.004874  0.088772  -0.013479  0.999076  0.009965  -0.041797  -0.009667  0.999926  0.007319  0.041867  -0.006908  0.999099  0.002415  -0.009024  0.002714  0.000000  0.000000  0.000000  2.000000  
123.745442 0.004877  0.088763  -0.013476  0.999076  0.009965  -0.041797  -0.009667  0.999926  0.007319  0.041867  -0.006908  0.999099  0.002517  -0.009023  0.002696  0.000000  0.000000  0.000000  2.000000  
123.746678 0.004881  0.088752  -0.013473  0.999076  0.009965  -0.041797  -0.009667  0.999926  0.007319  0.041867  -0.006908  0.999099  0.002642  -0.008986  0.002742  0.000000  0.000000  0.000000  2.000000  
123.747701 0.004885  0.088744  -0.013470  0.999076  0.009965  -0.041797  -0.009667  0.999926  0.007319  0.041867  -0.006908  0.999099  0.002759  -0.008928  0.002721  0.000000  0.000000  0.000000  2.000000  
123.748704 0.004888  0.088735  -0.013467  0.999076  0.009965  -0.041797  -0.009667  0.999926  0.007319  0.041867  -0.006908  0.999099  0.002823  -0.008935  0.002677  0.000000  0.000000  0.000000  2.000000  
123.749925 0.004892  0.088725  -0.013464  0.999074  0.010171  -0.041795  -0.009873  0.999924  0.007327  0.041867  -0.006908  0.999099  0.002906  -0.008906  0.002696  0.000000  0.000000  0.000000  2.000000  
123.750926 0.004896  0.088717  -0.013461  0.999074  0.010171  -0.041795  -0.009873  0.999924  0.007327  0.041867  -0.006908  0.999099  0.002970  -0.008861  0.002737  0.000000  0.000000  0.000000  2.000000  
123.751930 0.004899  0.088708  -0.013457  0.999074  0.010171  -0.041795  -0.009873  0.999924  0.007327  0.041867  -0.006908  0.999099  0.003062  -0.008782  0.002794  0.000000  0.000000  0.000000  2.000000  
123.752930 0.004903  0.088700  -0.013454  0.999074  0.010171  -0.041795  -0.009873  0.999924  0.007327  0.041867  -0.006908  0.999099  0.003126  -0.008736  0.002835  0.000000  0.000000  0.000000  2.000000  
123.753934 0.004906  0.088692  -0.013451  0.999074  0.010171  -0.041795  -0.009873  0.999924  0.007327  0.041867  -0.006908  0.999099  0.003176  -0.008672  0.002901  0.000000  0.000000  0.000000  2.000000  
123.755183 0.004910  0.088682  -0.013446  0.999074  0.010171  -0.041795  -0.009873  0.999924  0.007327  0.041867  -0.006908  0.999099  0.003243  -0.008543  0.002979  0.000000  0.000000  0.000000  2.000000  
123.756432 0.004914  0.088672  -0.013442  0.999074  0.010171  -0.041795  -0.009873  0.999924  0.007327  0.041867  -0.006908  0.999099  0.003286  -0.008466  0.003047  0.000000  0.000000  0.000000  2.000000  
123.757433 0.004918  0.088663  -0.013439  0.999072  0.010377  -0.041794  -0.010079  0.999922  0.007336  0.041867  -0.006908  0.999099  0.003306  -0.008429  0.003065  0.000000  0.000000  0.000000  2.000000  
123.758680 0.004921  0.088653  -0.013435  0.999072  0.010377  -0.041794  -0.010079  0.999922  0.007336  0.041867  -0.006908  0.999099  0.003285  -0.008403  0.003093  0.000000  0.000000  0.000000  2.000000  
123.759931 0.004925  0.088643  -0.013431  0.999072  0.010377  -0.041794  -0.010079  0.999922  0.007336  0.041867  -0.006908  0.999099  0.003336  -0.008291  0.003109  0.000000  0.000000  0.000000  2.000000  
123.761201 0.004929  0.088632  -0.013428  0.999072  0.010377  -0.041794  -0.010079  0.999922  0.007336  0.041867  -0.006908  0.999099  0.003285  -0.008263  0.003069  0.000000  0.000000  0.000000  2.000000  
123.762429 0.004933  0.088622  -0.013424  0.999072  0.010382  -0.041793  -0.010079  0.999921  0.007457  0.041867  -0.007029  0.999098  0.003305  -0.008232  0.003087  0.000000  0.000000  0.000000  2.000000  
123.763430 0.004936  0.088615  -0.013421  0.999072  0.010382  -0.041793  -0.010079  0.999921  0.007457  0.041867  -0.007029  0.999098  0.003277  -0.008181  0.003106  0.000000  0.000000  0.000000  2.000000  
123.764675 0.004940  0.088605  -0.013417  0.999072  0.010382  -0.041793  -0.010079  0.999921  0.007457  0.041867  -0.007029  0.999098  0.003205  -0.008151  0.003142  0.000000  0.000000  0.000000  2.000000  
123.765678 0.004943  0.088597  -0.013413  0.999072  0.010382  -0.041793  -0.010079  0.999921  0.007457  0.041867  -0.007029  0.999098  0.003169  -0.008107  0.003201  0.000000  0.000000  0.000000  2.000000  
123.766680 0.004946  0.088590  -0.013410  0.999072  0.010377  -0.041794  -0.010079  0.999922  0.007336  0.041867  -0.006908  0.999099  0.003145  -0.008052  0.003222  0.000000  0.000000  0.000000  2.000000  
123.767925 0.004949  0.088580  -0.013405  0.999072  0.010377  -0.041794  -0.010079  0.999922  0.007336  0.041867  -0.006908  0.999099  0.003116  -0.008019  0.003244  0.000000  0.000000  0.000000  2.000000  
123.768935 0.004952  0.088572  -0.013402  0.999072  0.010377  -0.041794  -0.010079  0.999922  0.007336  0.041867  -0.006908  0.999099  0.003055  -0.007971  0.003239  0.000000  0.000000  0.000000  2.000000  
123.770180 0.004955  0.088562  -0.013398  0.999070  0.010583  -0.041792  -0.010284  0.999920  0.007344  0.041867  -0.006908  0.999099  0.002995  -0.007965  0.003242  0.000000  0.000000  0.000000  2.000000  
123.771433 0.004958  0.088553  -0.013394  0.999070  0.010583  -0.041792  -0.010284  0.999920  0.007344  0.041867  -0.006908  0.999099  0.002923  -0.007890  0.003228  0.000000  0.000000  0.000000  2.000000  
123.772680 0.004961  0.088543  -0.013389  0.999070  0.010583  -0.041792  -0.010284  0.999920  0.007344  0.041867  -0.006908  0.999099  0.002850  -0.007861  0.003264  0.000000  0.000000  0.000000  2.000000  
123.773930 0.004965  0.088534  -0.013385  0.999070  0.010583  -0.041792  -0.010284  0.999920  0.007344  0.041867  -0.006908  0.999099  0.002840  -0.007755  0.003287  0.000000  0.000000  0.000000  2.000000  
123.775179 0.004967  0.088525  -0.013380  0.999070  0.010583  -0.041792  -0.010284  0.999920  0.007344  0.041867  -0.006908  0.999099  0.002751  -0.007699  0.003358  0.000000  0.000000  0.000000  2.000000  
123.776432 0.004971  0.088516  -0.013376  0.999070  0.010583  -0.041792  -0.010284  0.999920  0.007344  0.041867  -0.006908  0.999099  0.002740  -0.007614  0.003433  0.000000  0.000000  0.000000  2.000000  
123.777677 0.004974  0.088507  -0.013371  0.999070  0.010583  -0.041792  -0.010284  0.999920  0.007344  0.041867  -0.006908  0.999099  0.002655  -0.007585  0.003499  0.000000  0.000000  0.000000  2.000000  
123.778680 0.004976  0.088500  -0.013368  0.999070  0.010583  -0.041792  -0.010284  0.999920  0.007344  0.041867  -0.006908  0.999099  0.002617  -0.007507  0.003507  0.000000  0.000000  0.000000  2.000000  
123.779925 0.004979  0.088491  -0.013364  0.999072  0.010377  -0.041794  -0.010079  0.999922  0.007336  0.041867  -0.006908  0.999099  0.002569  -0.007482  0.003469  0.000000  0.000000  0.000000  2.000000  
123.780925 0.004981  0.088484  -0.013360  0.999072  0.010377  -0.041794  -0.010079  0.999922  0.007336  0.041867  -0.006908  0.999099  0.002541  -0.007432  0.003488  0.000000  0.000000  0.000000  2.000000  
123.781928 0.004984  0.088477  -0.013358  0.999072  0.010377  -0.041794  -0.010079  0.999922  0.007336  0.041867  -0.006908  0.999099  0.002495  -0.007383  0.003403  0.000000  0.000000  0.000000  2.000000  
123.783178 0.004986  0.088468  -0.013354  0.999072  0.010372  -0.041795  -0.010079  0.999923  0.007215  0.041867  -0.006787  0.999100  0.002438  -0.007335  0.003366  0.000000  0.000000  0.000000  2.000000  
123.784426 0.004989  0.088460  -0.013350  0.999072  0.010372  -0.041795  -0.010079  0.999923  0.007215  0.041867  -0.006787  0.999100  0.002393  -0.007233  0.003356  0.000000  0.000000  0.000000  2.000000  
123.785445 0.004991  0.088453  -0.013347  0.999072  0.010372  -0.041795  -0.010079  0.999923  0.007215  0.041867  -0.006787  0.999100  0.002362  -0.007144  0.003332  0.000000  0.000000  0.000000  2.000000  
123.786680 0.004994  0.088445  -0.013343  0.999072  0.010372  -0.041795  -0.010079  0.999923  0.007215  0.041867  -0.006787  0.999100  0.002333  -0.007059  0.003290  0.000000  0.000000  0.000000  2.000000  
123.787930 0.004996  0.088437  -0.013340  0.999072  0.010372  -0.041795  -0.010079  0.999923  0.007215  0.041867  -0.006787  0.999100  0.002263  -0.006974  0.003239  0.000000  0.000000  0.000000  2.000000  
123.789180 0.004999  0.088429  -0.013336  0.999067  0.010373  -0.041929  -0.010079  0.999923  0.007216  0.042000  -0.006787  0.999095  0.002274  -0.006854  0.003185  0.000000  0.000000  0.000000  2.000000  
123.790435 0.005001  0.088422  -0.013333  0.999067  0.010373  -0.041929  -0.010079  0.999923  0.007216  0.042000  -0.006787  0.999095  0.002205  -0.006767  0.003113  0.000000  0.000000  0.000000  2.000000  
123.791435 0.005003  0.088416  -0.013330  0.999067  0.010373  -0.041929  -0.010079  0.999923  0.007216  0.042000  -0.006787  0.999095  0.002175  -0.006651  0.003040  0.000000  0.000000  0.000000  2.000000  
123.792683 0.005006  0.088408  -0.013327  0.999067  0.010373  -0.041929  -0.010079  0.999923  0.007216  0.042000  -0.006787  0.999095  0.002144  -0.006527  0.002955  0.000000  0.000000  0.000000  2.000000  
123.793925 0.005008  0.088401  -0.013324  0.999067  0.010373  -0.041929  -0.010079  0.999923  0.007216  0.042000  -0.006787  0.999095  0.002059  -0.006478  0.002832  0.000000  0.000000  0.000000  2.000000  
123.794926 0.005010  0.088396  -0.013322  0.999067  0.010373  -0.041929  -0.010079  0.999923  0.007216  0.042000  -0.006787  0.999095  0.002020  -0.006334  0.002746  0.000000  0.000000  0.000000  2.000000  
123.795930 0.005011  0.088390  -0.013320  0.999067  0.010373  -0.041929  -0.010079  0.999923  0.007216  0.042000  -0.006787  0.999095  0.001997  -0.006236  0.002670  0.000000  0.000000  0.000000  2.000000  
123.797180 0.005013  0.088383  -0.013318  0.999067  0.010373  -0.041929  -0.010079  0.999923  0.007216  0.042000  -0.006787  0.999095  0.001926  -0.006112  0.002555  0.000000  0.000000  0.000000  2.000000  
123.798181 0.005015  0.088378  -0.013316  0.999067  0.010373  -0.041929  -0.010079  0.999923  0.007216  0.042000  -0.006787  0.999095  0.001892  -0.006010  0.002516  0.000000  0.000000  0.000000  2.000000  
123.799430 0.005017  0.088371  -0.013313  0.999067  0.010373  -0.041929  -0.010079  0.999923  0.007216  0.042000  -0.006787  0.999095  0.001849  -0.005884  0.002469  0.000000  0.000000  0.000000  2.000000  
123.800433 0.005018  0.088367  -0.013312  0.999067  0.010373  -0.041929  -0.010079  0.999923  0.007216  0.042000  -0.006787  0.999095  0.001815  -0.005745  0.002375  0.000000  0.000000  0.000000  2.000000  
123.801680 0.005021  0.088361  -0.013310  0.999067  0.010373  -0.041929  -0.010079  0.999923  0.007216  0.042000  -0.006787  0.999095  0.001787  -0.005598  0.002243  0.000000  0.000000  0.000000  2.000000  
123.802931 0.005022  0.088354  -0.013308  0.999067  0.010373  -0.041929  -0.010079  0.999923  0.007216  0.042000  -0.006787  0.999095  0.001720  -0.005492  0.002137  0.000000  0.000000  0.000000  2.000000  
123.803933 0.005024  0.088350  -0.013307  0.999067  0.010373  -0.041929  -0.010079  0.999923  0.007216  0.042000  -0.006787  0.999095  0.001670  -0.005397  0.001994  0.000000  0.000000  0.000000  2.000000  
123.805179 0.005025  0.088344  -0.013305  0.999067  0.010373  -0.041929  -0.010079  0.999923  0.007216  0.042000  -0.006787  0.999095  0.001606  -0.005287  0.001886  0.000000  0.000000  0.000000  2.000000  
123.806180 0.005026  0.088340  -0.013304  0.999067  0.010373  -0.041929  -0.010079  0.999923  0.007216  0.042000  -0.006787  0.999095  0.001532  -0.005187  0.001819  0.000000  0.000000  0.000000  2.000000  
123.807180 0.005028  0.088335  -0.013303  0.999067  0.010373  -0.041929  -0.010079  0.999923  0.007216  0.042000  -0.006787  0.999095  0.001514  -0.005069  0.001698  0.000000  0.000000  0.000000  2.000000  
123.808180 0.005028  0.088331  -0.013301  0.999067  0.010373  -0.041929  -0.010079  0.999923  0.007216  0.042000  -0.006787  0.999095  0.001463  -0.004924  0.001640  0.000000  0.000000  0.000000  2.000000  
123.809433 0.005030  0.088326  -0.013300  0.999067  0.010378  -0.041928  -0.010079  0.999922  0.007337  0.042000  -0.006908  0.999094  0.001411  -0.004770  0.001582  0.000000  0.000000  0.000000  2.000000  
123.810439 0.005031  0.088323  -0.013299  0.999065  0.010583  -0.041926  -0.010284  0.999920  0.007346  0.042000  -0.006908  0.999094  0.001340  -0.004668  0.001518  0.000000  0.000000  0.000000  2.000000  
123.811679 0.005032  0.088318  -0.013297  0.999065  0.010583  -0.041926  -0.010284  0.999920  0.007346  0.042000  -0.006908  0.999094  0.001285  -0.004515  0.001456  0.000000  0.000000  0.000000  2.000000  
123.812679 0.005033  0.088315  -0.013296  0.999065  0.010583  -0.041926  -0.010284  0.999920  0.007346  0.042000  -0.006908  0.999094  0.001234  -0.004362  0.001398  0.000000  0.000000  0.000000  2.000000  
123.813926 0.005033  0.088310  -0.013295  0.999065  0.010583  -0.041926  -0.010284  0.999920  0.007346  0.042000  -0.006908  0.999094  0.001151  -0.004237  0.001321  0.000000  0.000000  0.000000  2.000000  
123.814928 0.005034  0.088307  -0.013294  0.999065  0.010583  -0.041926  -0.010284  0.999920  0.007346  0.042000  -0.006908  0.999094  0.001088  -0.004137  0.001215  0.000000  0.000000  0.000000  2.000000  
123.816179 0.005035  0.088303  -0.013294  0.999065  0.010583  -0.041926  -0.010284  0.999920  0.007346  0.042000  -0.006908  0.999094  0.000997  -0.003984  0.001128  0.000000  0.000000  0.000000  2.000000  
123.817182 0.005035  0.088300  -0.013293  0.999065  0.010583  -0.041926  -0.010284  0.999920  0.007346  0.042000  -0.006908  0.999094  0.000932  -0.003893  0.001070  0.000000  0.000000  0.000000  2.000000  
123.818442 0.005036  0.088296  -0.013292  0.999065  0.010583  -0.041926  -0.010284  0.999920  0.007346  0.042000  -0.006908  0.999094  0.000861  -0.003699  0.000991  0.000000  0.000000  0.000000  2.000000  
123.819700 0.005036  0.088293  -0.013291  0.999065  0.010583  -0.041926  -0.010284  0.999920  0.007346  0.042000  -0.006908  0.999094  0.000797  -0.003540  0.000969  0.000000  0.000000  0.000000  2.000000  
123.820930 0.005037  0.088290  -0.013290  0.999065  0.010583  -0.041926  -0.010284  0.999920  0.007346  0.042000  -0.006908  0.999094  0.000747  -0.003392  0.000913  0.000000  0.000000  0.000000  2.000000  
123.821930 0.005037  0.088287  -0.013290  0.999065  0.010583  -0.041926  -0.010284  0.999920  0.007346  0.042000  -0.006908  0.999094  0.000660  -0.003286  0.000882  0.000000  0.000000  0.000000  2.000000  
123.823180 0.005038  0.088284  -0.013289  0.999065  0.010583  -0.041926  -0.010284  0.999920  0.007346  0.042000  -0.006908  0.999094  0.000616  -0.003131  0.000829  0.000000  0.000000  0.000000  2.000000  
123.824431 0.005038  0.088282  -0.013288  0.999065  0.010583  -0.041926  -0.010284  0.999920  0.007346  0.042000  -0.006908  0.999094  0.000565  -0.002980  0.000772  0.000000  0.000000  0.000000  2.000000  
123.825442 0.005039  0.088279  -0.013288  0.999065  0.010583  -0.041926  -0.010284  0.999920  0.007346  0.042000  -0.006908  0.999094  0.000528  -0.002861  0.000681  0.000000  0.000000  0.000000  2.000000  
123.826682 0.005039  0.088277  -0.013288  0.999065  0.010583  -0.041926  -0.010284  0.999920  0.007346  0.042000  -0.006908  0.999094  0.000476  -0.002700  0.000621  0.000000  0.000000  0.000000  2.000000  
123.827930 0.005040  0.088275  -0.013287  0.999065  0.010583  -0.041926  -0.010284  0.999920  0.007346  0.042000  -0.006908  0.999094  0.000474  -0.002555  0.000602  0.000000  0.000000  0.000000  2.000000  
123.828932 0.005039  0.088274  -0.013287  0.999065  0.010583  -0.041926  -0.010284  0.999920  0.007346  0.042000  -0.006908  0.999094  0.000390  -0.002443  0.000524  0.000000  0.000000  0.000000  2.000000  
123.830175 0.005040  0.088272  -0.013287  0.999065  0.010583  -0.041926  -0.010284  0.999920  0.007346  0.042000  -0.006908  0.999094  0.000394  -0.002281  0.000460  0.000000  0.000000  0.000000  2.000000  
123.831179 0.005041  0.088271  -0.013286  0.999065  0.010583  -0.041926  -0.010284  0.999920  0.007346  0.042000  -0.006908  0.999094  0.000380  -0.002151  0.000478  0.000000  0.000000  0.000000  2.000000  
123.832180 0.005040  0.088269  -0.013286  0.999065  0.010583  -0.041926  -0.010284  0.999920  0.007346  0.042000  -0.006908  0.999094  0.000338  -0.002026  0.000430  0.000000  0.000000  0.000000  2.000000  
123.833180 0.005041  0.088268  -0.013286  0.999065  0.010583  -0.041926  -0.010284  0.999920  0.007346  0.042000  -0.006908  0.999094  0.000333  -0.001907  0.000409  0.000000  0.000000  0.000000  2.000000  
123.834428 0.005041  0.088267  -0.013285  0.999065  0.010583  -0.041926  -0.010284  0.999920  0.007346  0.042000  -0.006908  0.999094  0.000325  -0.001749  0.000383  0.000000  0.000000  0.000000  2.000000  
123.835441 0.005041  0.088266  -0.013285  0.999065  0.010583  -0.041926  -0.010284  0.999920  0.007346  0.042000  -0.006908  0.999094  0.000323  -0.001622  0.000364  0.000000  0.000000  0.000000  2.000000  
123.836677 0.005042  0.088266  -0.013285  0.999065  0.010583  -0.041926  -0.010284  0.999920  0.007346  0.042000  -0.006908  0.999094  0.000312  -0.001471  0.000336  0.000000  0.000000  0.000000  2.000000  
123.837679 0.005042  0.088265  -0.013285  0.999065  0.010583  -0.041926  -0.010284  0.999920  0.007346  0.042000  -0.006908  0.999094  0.000270  -0.001345  0.000288  0.000000  0.000000  0.000000  2.000000  
123.838926 0.005042  0.088264  -0.013285  0.999065  0.010578  -0.041927  -0.010284  0.999921  0.007225  0.042000  -0.006787  0.999095  0.000248  -0.001247  0.000213  0.000000  0.000000  0.000000  2.000000  
123.839927 0.005042  0.088264  -0.013285  0.999065  0.010578  -0.041927  -0.010284  0.999921  0.007225  0.042000  -0.006787  0.999095  0.000234  -0.001118  0.000231  0.000000  0.000000  0.000000  2.000000  
123.841175 0.005042  0.088263  -0.013285  0.999065  0.010578  -0.041927  -0.010284  0.999921  0.007225  0.042000  -0.006787  0.999095  0.000192  -0.000992  0.000183  0.000000  0.000000  0.000000  2.000000  
123.842178 0.005042  0.088263  -0.013285  0.999065  0.010578  -0.041927  -0.010284  0.999921  0.007225  0.042000  -0.006787  0.999095  0.000193  -0.000880  0.000167  0.000000  0.000000  0.000000  2.000000  
123.843182 0.005043  0.088263  -0.013285  0.999065  0.010578  -0.041927  -0.010284  0.999921  0.007225  0.042000  -0.006787  0.999095  0.000231  -0.000751  0.000178  0.000000  0.000000  0.000000  2.000000  
123.844429 0.005043  0.088263  -0.013284  0.999065  0.010578  -0.041927  -0.010284  0.999921  0.007225  0.042000  -0.006787  0.999095  0.000192  -0.000663  0.000184  0.000000  0.000000  0.000000  2.000000  
123.845440 0.005043  0.088263  -0.013284  0.999065  0.010578  -0.041927  -0.010284  0.999921  0.007225  0.042000  -0.006787  0.999095  0.000159  -0.000568  0.000147  0.000000  0.000000  0.000000  2.000000  
123.846678 0.005043  0.088263  -0.013285  0.999065  0.010578  -0.041927  -0.010284  0.999921  0.007225  0.042000  -0.006787  0.999095  0.000157  -0.000440  0.000128  0.000000  0.000000  0.000000  2.000000  
123.847679 0.005043  0.088263  -0.013285  0.999065  0.010578  -0.041927  -0.010284  0.999921  0.007225  0.042000  -0.006787  0.999095  0.000132  -0.000363  0.000099  0.000000  0.000000  0.000000  2.000000  
123.848680 0.005043  0.088263  -0.013285  0.999065  0.010578  -0.041927  -0.010284  0.999921  0.007225  0.042000  -0.006787  0.999095  0.000113  -0.000306  0.000078  0.000000  0.000000  0.000000  2.000000  
123.849925 0.005043  0.088264  -0.013285  0.999065  0.010578  -0.041927  -0.010284  0.999921  0.007225  0.042000  -0.006787  0.999095  0.000079  -0.000205  0.000040  0.000000  0.000000  0.000000  2.000000  
123.850934 0.005042  0.088264  -0.013285  0.999065  0.010578  -0.041927  -0.010284  0.999921  0.007225  0.042000  -0.006787  0.999095  0.000055  -0.000132  0.000011  0.000000  0.000000  0.000000  2.000000  
123.852186 0.005042  0.088264  -0.013285  0.999065  0.010578  -0.041927  -0.010284  0.999921  0.007225  0.042000  -0.006787  0.999095  0.000029  -0.000054  -0.000018  0.000000  0.000000  0.000000  2.000000  
123.853428 0.005042  0.088265  -0.013285  0.999065  0.010578  -0.041927  -0.010284  0.999921  0.007225  0.042000  -0.006787  0.999095  0.000023  0.000051  0.000010  0.000000  0.000000  0.000000  2.000000  
123.854435 0.005042  0.088265  -0.013285  0.999065  0.010578  -0.041927  -0.010284  0.999921  0.007225  0.042000  -0.006787  0.999095  0.000006  0.000103  -0.000009  0.000000  0.000000  0.000000  2.000000  
123.855442 0.005042  0.088266  -0.013285  0.999065  0.010578  -0.041927  -0.010284  0.999921  0.007225  0.042000  -0.006787  0.999095  -0.000023  0.000157  0.000008  0.000000  0.000000  0.000000  2.000000  
123.856680 0.005042  0.088266  -0.013285  0.999065  0.010578  -0.041927  -0.010284  0.999921  0.007225  0.042000  -0.006787  0.999095  -0.000031  0.000182  -0.000001  0.000000  0.000000  0.000000  2.000000  
123.857683 0.005041  0.088266  -0.013285  0.999065  0.010578  -0.041927  -0.010284  0.999921  0.007225  0.042000  -0.006787  0.999095  -0.000080  0.000209  -0.000040  0.000000  0.000000  0.000000  2.000000  
123.858684 0.005041  0.088267  -0.013285  0.999065  0.010578  -0.041927  -0.010284  0.999921  0.007225  0.042000  -0.006787  0.999095  -0.000089  0.000234  -0.000050  0.000000  0.000000  0.000000  2.000000  
123.859932 0.005041  0.088267  -0.013285  0.999065  0.010578  -0.041927  -0.010284  0.999921  0.007225  0.042000  -0.006787  0.999095  -0.000106  0.000286  -0.000070  0.000000  0.000000  0.000000  2.000000  
123.861180 0.005041  0.088267  -0.013286  0.999065  0.010578  -0.041927  -0.010284  0.999921  0.007225  0.042000  -0.006787  0.999095  -0.000101  0.000303  -0.000115  0.000000  0.000000  0.000000  2.000000  
123.862182 0.005041  0.088268  -0.013286  0.999065  0.010578  -0.041927  -0.010284  0.999921  0.007225  0.042000  -0.006787  0.999095  -0.000101  0.000303  -0.000115  0.000000  0.000000  0.000000  2.000000  
123.863430 0.005041  0.088268  -0.013286  0.999065  0.010578  -0.041927  -0.010284  0.999921  0.007225  0.042000  -0.006787  0.999095  -0.000109  0.000328  -0.000124  0.000000  0.000000  0.000000  2.000000  
123.864433 0.005041  0.088268  -0.013286  0.999065  0.010578  -0.041927  -0.010284  0.999921  0.007225  0.042000  -0.006787  0.999095  -0.000102  0.000308  -0.000117  0.000000  0.000000  0.000000  2.000000  
123.865440 0.005041  0.088269  -0.013287  0.999065  0.010578  -0.041927  -0.010284  0.999921  0.007225  0.042000  -0.006787  0.999095  -0.000102  0.000308  -0.000117  0.000000  0.000000  0.000000  2.000000  
123.866675 0.005041  0.088269  -0.013286  0.999065  0.010578  -0.041927  -0.010284  0.999921  0.007225  0.042000  -0.006787  0.999095  -0.000061  0.000303  -0.000086  0.000000  0.000000  0.000000  2.000000  
123.867678 0.005041  0.088269  -0.013286  0.999065  0.010578  -0.041927  -0.010284  0.999921  0.007225  0.042000  -0.006787  0.999095  -0.000069  0.000328  -0.000095  0.000000  0.000000  0.000000  2.000000  
123.868683 0.005041  0.088269  -0.013286  0.999065  0.010578  -0.041927  -0.010284  0.999921  0.007225  0.042000  -0.006787  0.999095  -0.000062  0.000308  -0.000087  0.000000  0.000000  0.000000  2.000000  
123.869930 0.005041  0.088269  -0.013286  0.999065  0.010578  -0.041927  -0.010284  0.999921  0.007225  0.042000  -0.006787  0.999095  -0.000045  0.000257  -0.000068  0.000000  0.000000  0.000000  2.000000  
123.871179 0.005041  0.088269  -0.013286  0.999065  0.010578  -0.041927  -0.010284  0.999921  0.007225  0.042000  -0.006787  0.999095  -0.000024  0.000227  -0.000095  0.000000  0.000000  0.000000  2.000000  
123.872182 0.005041  0.088270  -0.013287  0.999065  0.010578  -0.041927  -0.010284  0.999921  0.007225  0.042000  -0.006787  0.999095  -0.000024  0.000227  -0.000095  0.000000  0.000000  0.000000  2.000000  
