1-Time 2-Px 3-Py 4-Pz 5-R11 6-R21 7-R31 8-R12 9-R22 10-R32 11-R13 12-R23 13-R33 14-Vx 15-Vy 16-Vz 17-Wx 18-Wy 19-Wz 20-state 21-PR11 22-PR21 23-PR31 24-PR12 25-PR22 26-PR32 27-PR13 28-PR23 29-PR33 
39.193609 0.002834  0.089125  -0.008930  0.998754  0.031238  -0.038916  -0.031058  0.999504  0.005215  0.039059  -0.004000  0.999229  0.000006  0.000238  0.000419  0.000000  0.000000  0.000000  2.000000  
39.194611 0.002833  0.089125  -0.008930  0.998754  0.031238  -0.038916  -0.031058  0.999504  0.005215  0.039059  -0.004000  0.999229  -0.000007  0.000242  0.000454  0.000000  0.000000  0.000000  2.000000  
39.195860 0.002832  0.089123  -0.008930  0.998742  0.031444  -0.039048  -0.031263  0.999498  0.005227  0.039193  -0.004000  0.999224  -0.000096  0.000062  0.000371  0.000000  0.000000  0.000000  2.000000  
39.197111 0.002832  0.089120  -0.008930  0.998731  0.031650  -0.039181  -0.031469  0.999491  0.005239  0.039327  -0.004000  0.999218  -0.000139  -0.000140  0.000327  0.000000  0.000000  0.000000  2.000000  
39.198112 0.002831  0.089117  -0.008930  0.998731  0.031650  -0.039181  -0.031469  0.999491  0.005239  0.039327  -0.004000  0.999218  -0.000155  -0.000337  0.000348  0.000000  0.000000  0.000000  2.000000  
39.199116 0.002832  0.089114  -0.008930  0.998725  0.031655  -0.039311  -0.031469  0.999490  0.005365  0.039460  -0.004121  0.999213  -0.000106  -0.000539  0.000328  0.000000  0.000000  0.000000  2.000000  
39.200368 0.002832  0.089111  -0.008929  0.998714  0.031862  -0.039443  -0.031674  0.999484  0.005377  0.039594  -0.004121  0.999207  -0.000133  -0.000790  0.000303  0.000000  0.000000  0.000000  2.000000  
39.201612 0.002832  0.089108  -0.008929  0.998702  0.032068  -0.039576  -0.031879  0.999477  0.005389  0.039728  -0.004121  0.999202  -0.000108  -0.001043  0.000274  0.000000  0.000000  0.000000  2.000000  
39.202864 0.002832  0.089105  -0.008929  0.998685  0.032275  -0.039842  -0.032085  0.999471  0.005406  0.039995  -0.004121  0.999191  -0.000091  -0.001271  0.000234  0.000000  0.000000  0.000000  2.000000  
39.204111 0.002832  0.089101  -0.008929  0.998666  0.032687  -0.039973  -0.032496  0.999457  0.005427  0.040129  -0.004121  0.999186  -0.000066  -0.001524  0.000205  0.000000  0.000000  0.000000  2.000000  
39.205113 0.002832  0.089099  -0.008930  0.998661  0.032688  -0.040107  -0.032496  0.999457  0.005431  0.040263  -0.004121  0.999181  -0.000098  -0.001686  0.000070  0.000000  0.000000  0.000000  2.000000  
39.206114 0.002832  0.089098  -0.008931  0.998648  0.032889  -0.040243  -0.032701  0.999451  0.005323  0.040396  -0.004000  0.999176  -0.000081  -0.001792  0.000011  0.000000  0.000000  0.000000  2.000000  
39.207366 0.002832  0.089095  -0.008931  0.998631  0.033096  -0.040509  -0.032906  0.999444  0.005340  0.040664  -0.003999  0.999165  -0.000071  -0.001995  -0.000039  0.000000  0.000000  0.000000  2.000000  
39.208369 0.002831  0.089092  -0.008931  0.998619  0.033302  -0.040642  -0.033112  0.999437  0.005353  0.040797  -0.003999  0.999159  -0.000158  -0.002219  -0.000067  0.000000  0.000000  0.000000  2.000000  
39.209614 0.002831  0.089088  -0.008932  0.998599  0.033714  -0.040773  -0.033523  0.999424  0.005374  0.040931  -0.003999  0.999154  -0.000159  -0.002478  -0.000162  0.000000  0.000000  0.000000  2.000000  
39.210615 0.002830  0.089085  -0.008932  0.998582  0.033921  -0.041039  -0.033728  0.999417  0.005391  0.041198  -0.003999  0.999143  -0.000167  -0.002577  -0.000151  0.000000  0.000000  0.000000  2.000000  
39.211935 0.002829  0.089080  -0.008931  0.998569  0.034127  -0.041172  -0.033933  0.999409  0.005404  0.041332  -0.003999  0.999137  -0.000172  -0.002707  -0.000085  0.000000  0.000000  0.000000  2.000000  
39.213118 0.002827  0.089074  -0.008930  0.998551  0.034334  -0.041438  -0.034138  0.999402  0.005422  0.041599  -0.003999  0.999126  -0.000282  -0.002859  -0.000009  0.000000  0.000000  0.000000  2.000000  
39.214367 0.002827  0.089068  -0.008929  0.998538  0.034540  -0.041570  -0.034344  0.999395  0.005435  0.041733  -0.003999  0.999121  -0.000318  -0.003028  0.000037  0.000000  0.000000  0.000000  2.000000  
39.215373 0.002827  0.089063  -0.008928  0.998520  0.034752  -0.041832  -0.034549  0.999387  0.005574  0.042000  -0.004120  0.999109  -0.000355  -0.003195  0.000083  0.000000  0.000000  0.000000  2.000000  
39.216609 0.002827  0.089057  -0.008926  0.998502  0.034959  -0.042098  -0.034754  0.999380  0.005592  0.042268  -0.004120  0.999098  -0.000344  -0.003355  0.000210  0.000000  0.000000  0.000000  2.000000  
39.217610 0.002827  0.089053  -0.008924  0.998496  0.034960  -0.042232  -0.034754  0.999380  0.005597  0.042401  -0.004120  0.999092  -0.000349  -0.003496  0.000275  0.000000  0.000000  0.000000  2.000000  
39.218857 0.002826  0.089046  -0.008924  0.998477  0.035167  -0.042498  -0.034959  0.999373  0.005615  0.042669  -0.004120  0.999081  -0.000414  -0.003733  0.000355  0.000000  0.000000  0.000000  2.000000  
39.219867 0.002827  0.089042  -0.008923  0.998465  0.035373  -0.042630  -0.035164  0.999366  0.005628  0.042802  -0.004120  0.999075  -0.000355  -0.003910  0.000475  0.000000  0.000000  0.000000  2.000000  
39.221112 0.002828  0.089036  -0.008922  0.998452  0.035579  -0.042763  -0.035370  0.999358  0.005642  0.042936  -0.004120  0.999069  -0.000296  -0.004135  0.000556  0.000000  0.000000  0.000000  2.000000  
39.222367 0.002828  0.089030  -0.008921  0.998446  0.035574  -0.042901  -0.035370  0.999359  0.005525  0.043070  -0.003999  0.999064  -0.000260  -0.004371  0.000671  0.000000  0.000000  0.000000  2.000000  
39.223616 0.002827  0.089024  -0.008920  0.998433  0.035781  -0.043033  -0.035575  0.999352  0.005539  0.043204  -0.003999  0.999058  -0.000262  -0.004560  0.000791  0.000000  0.000000  0.000000  2.000000  
39.224859 0.002828  0.089019  -0.008917  0.998427  0.035781  -0.043167  -0.035575  0.999352  0.005543  0.043337  -0.003999  0.999052  -0.000181  -0.004591  0.000989  0.000000  0.000000  0.000000  2.000000  
39.225862 0.002827  0.089014  -0.008915  0.998414  0.035988  -0.043299  -0.035780  0.999344  0.005557  0.043471  -0.003999  0.999047  -0.000144  -0.004654  0.001117  0.000000  0.000000  0.000000  2.000000  
39.227110 0.002827  0.089008  -0.008913  0.998408  0.035988  -0.043433  -0.035780  0.999344  0.005562  0.043605  -0.003999  0.999041  -0.000089  -0.004703  0.001220  0.000000  0.000000  0.000000  2.000000  
39.228111 0.002827  0.089003  -0.008912  0.998401  0.036194  -0.043432  -0.035985  0.999337  0.005571  0.043605  -0.003999  0.999041  -0.000050  -0.004745  0.001249  0.000000  0.000000  0.000000  2.000000  
39.229137 0.002826  0.088998  -0.008910  0.998395  0.036194  -0.043565  -0.035985  0.999337  0.005576  0.043738  -0.003999  0.999035  -0.000047  -0.004739  0.001303  0.000000  0.000000  0.000000  2.000000  
39.230365 0.002825  0.088992  -0.008908  0.998389  0.036195  -0.043699  -0.035985  0.999337  0.005580  0.043872  -0.003999  0.999029  -0.000111  -0.004784  0.001344  0.000000  0.000000  0.000000  2.000000  
39.231369 0.002825  0.088986  -0.008906  0.998389  0.036195  -0.043699  -0.035985  0.999337  0.005580  0.043872  -0.003999  0.999029  -0.000128  -0.004811  0.001346  0.000000  0.000000  0.000000  2.000000  
39.232609 0.002823  0.088979  -0.008904  0.998376  0.036401  -0.043831  -0.036190  0.999329  0.005594  0.044006  -0.003999  0.999023  -0.000221  -0.004875  0.001365  0.000000  0.000000  0.000000  2.000000  
39.233610 0.002823  0.088974  -0.008902  0.998376  0.036396  -0.043836  -0.036190  0.999330  0.005473  0.044006  -0.003878  0.999024  -0.000235  -0.004875  0.001458  0.000000  0.000000  0.000000  2.000000  
39.234894 0.002822  0.088968  -0.008900  0.998370  0.036396  -0.043969  -0.036190  0.999330  0.005478  0.044139  -0.003878  0.999018  -0.000340  -0.004927  0.001567  0.000000  0.000000  0.000000  2.000000  
39.236116 0.002822  0.088961  -0.008897  0.998362  0.036602  -0.043968  -0.036396  0.999322  0.005487  0.044139  -0.003878  0.999018  -0.000408  -0.005000  0.001713  0.000000  0.000000  0.000000  2.000000  
39.237359 0.002820  0.088955  -0.008895  0.998356  0.036603  -0.044102  -0.036395  0.999322  0.005492  0.044273  -0.003878  0.999012  -0.000517  -0.005029  0.001750  0.000000  0.000000  0.000000  2.000000  
39.238366 0.002819  0.088949  -0.008894  0.998356  0.036597  -0.044106  -0.036395  0.999323  0.005371  0.044273  -0.003757  0.999012  -0.000541  -0.005063  0.001759  0.000000  0.000000  0.000000  2.000000  
39.239608 0.002818  0.088943  -0.008892  0.998356  0.036597  -0.044106  -0.036395  0.999323  0.005371  0.044273  -0.003757  0.999012  -0.000610  -0.005104  0.001692  0.000000  0.000000  0.000000  2.000000  
39.240610 0.002817  0.088938  -0.008892  0.998349  0.036798  -0.044110  -0.036601  0.999316  0.005258  0.044273  -0.003635  0.999013  -0.000659  -0.005158  0.001620  0.000000  0.000000  0.000000  2.000000  
39.241612 0.002816  0.088932  -0.008891  0.998349  0.036798  -0.044110  -0.036601  0.999316  0.005258  0.044273  -0.003635  0.999013  -0.000775  -0.005251  0.001523  0.000000  0.000000  0.000000  2.000000  
39.242860 0.002814  0.088925  -0.008891  0.998349  0.036798  -0.044110  -0.036601  0.999316  0.005258  0.044273  -0.003635  0.999013  -0.000853  -0.005297  0.001362  0.000000  0.000000  0.000000  2.000000  
39.243860 0.002812  0.088920  -0.008891  0.998341  0.036998  -0.044113  -0.036806  0.999309  0.005146  0.044273  -0.003514  0.999013  -0.000917  -0.005303  0.001269  0.000000  0.000000  0.000000  2.000000  
39.244864 0.002810  0.088914  -0.008891  0.998341  0.036998  -0.044113  -0.036806  0.999309  0.005146  0.044273  -0.003514  0.999013  -0.001022  -0.005325  0.001166  0.000000  0.000000  0.000000  2.000000  
39.245968 0.002808  0.088909  -0.008891  0.998341  0.036998  -0.044113  -0.036806  0.999309  0.005146  0.044273  -0.003514  0.999013  -0.001106  -0.005299  0.001000  0.000000  0.000000  0.000000  2.000000  
39.247114 0.002806  0.088902  -0.008891  0.998341  0.036998  -0.044113  -0.036806  0.999309  0.005146  0.044273  -0.003514  0.999013  -0.001224  -0.005365  0.000929  0.000000  0.000000  0.000000  2.000000  
39.248362 0.002803  0.088895  -0.008891  0.998334  0.037204  -0.044112  -0.037012  0.999302  0.005155  0.044273  -0.003514  0.999013  -0.001366  -0.005380  0.000808  0.000000  0.000000  0.000000  2.000000  
39.249611 0.002800  0.088888  -0.008890  0.998334  0.037204  -0.044112  -0.037012  0.999302  0.005155  0.044273  -0.003514  0.999013  -0.001508  -0.005421  0.000635  0.000000  0.000000  0.000000  2.000000  
39.250865 0.002797  0.088881  -0.008891  0.998328  0.037204  -0.044245  -0.037012  0.999302  0.005160  0.044407  -0.003514  0.999007  -0.001667  -0.005447  0.000425  0.000000  0.000000  0.000000  2.000000  
39.252111 0.002794  0.088874  -0.008891  0.998320  0.037405  -0.044249  -0.037217  0.999294  0.005048  0.044407  -0.003393  0.999008  -0.001738  -0.005465  0.000272  0.000000  0.000000  0.000000  2.000000  
39.253116 0.002792  0.088868  -0.008892  0.998320  0.037405  -0.044249  -0.037217  0.999294  0.005048  0.044407  -0.003393  0.999008  -0.001821  -0.005501  0.000126  0.000000  0.000000  0.000000  2.000000  
39.254388 0.002790  0.088861  -0.008893  0.998320  0.037405  -0.044249  -0.037217  0.999294  0.005048  0.044407  -0.003393  0.999008  -0.001924  -0.005518  -0.000031  0.000000  0.000000  0.000000  2.000000  
39.255614 0.002787  0.088854  -0.008894  0.998312  0.037605  -0.044252  -0.037423  0.999287  0.004936  0.044407  -0.003272  0.999008  -0.002012  -0.005564  -0.000180  0.000000  0.000000  0.000000  2.000000  
39.256862 0.002784  0.088847  -0.008895  0.998312  0.037605  -0.044252  -0.037423  0.999287  0.004936  0.044407  -0.003272  0.999008  -0.002078  -0.005571  -0.000274  0.000000  0.000000  0.000000  2.000000  
39.257863 0.002783  0.088842  -0.008896  0.998312  0.037605  -0.044252  -0.037423  0.999287  0.004936  0.044407  -0.003272  0.999008  -0.002060  -0.005554  -0.000354  0.000000  0.000000  0.000000  2.000000  
39.259113 0.002781  0.088835  -0.008897  0.998312  0.037600  -0.044257  -0.037423  0.999288  0.004815  0.044407  -0.003151  0.999009  -0.002061  -0.005549  -0.000400  0.000000  0.000000  0.000000  2.000000  
39.260363 0.002779  0.088829  -0.008898  0.998299  0.037806  -0.044390  -0.037628  0.999280  0.004829  0.044540  -0.003151  0.999003  -0.002021  -0.005502  -0.000471  0.000000  0.000000  0.000000  2.000000  
39.261607 0.002777  0.088822  -0.008900  0.998299  0.037806  -0.044390  -0.037628  0.999280  0.004829  0.044540  -0.003151  0.999003  -0.002003  -0.005483  -0.000550  0.000000  0.000000  0.000000  2.000000  
39.262609 0.002775  0.088816  -0.008901  0.998299  0.037806  -0.044390  -0.037628  0.999280  0.004829  0.044540  -0.003151  0.999003  -0.001997  -0.005521  -0.000673  0.000000  0.000000  0.000000  2.000000  
39.263611 0.002773  0.088810  -0.008902  0.998299  0.037806  -0.044390  -0.037628  0.999280  0.004829  0.044540  -0.003151  0.999003  -0.001971  -0.005526  -0.000742  0.000000  0.000000  0.000000  2.000000  
39.264659 0.002771  0.088805  -0.008904  0.998291  0.038011  -0.044389  -0.037834  0.999272  0.004838  0.044540  -0.003151  0.999003  -0.001907  -0.005491  -0.000883  0.000000  0.000000  0.000000  2.000000  
39.265860 0.002769  0.088799  -0.008905  0.998285  0.038012  -0.044522  -0.037833  0.999272  0.004843  0.044674  -0.003151  0.998997  -0.001881  -0.005476  -0.000950  0.000000  0.000000  0.000000  2.000000  
39.266861 0.002767  0.088793  -0.008906  0.998285  0.038012  -0.044522  -0.037833  0.999272  0.004843  0.044674  -0.003151  0.998997  -0.001863  -0.005458  -0.001029  0.000000  0.000000  0.000000  2.000000  
39.267862 0.002766  0.088788  -0.008908  0.998285  0.038012  -0.044522  -0.037833  0.999272  0.004843  0.044674  -0.003151  0.998997  -0.001828  -0.005414  -0.001054  0.000000  0.000000  0.000000  2.000000  
39.268865 0.002764  0.088783  -0.008908  0.998285  0.038012  -0.044522  -0.037833  0.999272  0.004843  0.044674  -0.003151  0.998997  -0.001748  -0.005352  -0.001013  0.000000  0.000000  0.000000  2.000000  
39.269870 0.002762  0.088778  -0.008909  0.998271  0.038218  -0.044655  -0.038039  0.999264  0.004858  0.044808  -0.003151  0.998991  -0.001755  -0.005325  -0.001023  0.000000  0.000000  0.000000  2.000000  
39.271110 0.002761  0.088773  -0.008909  0.998271  0.038218  -0.044655  -0.038039  0.999264  0.004858  0.044808  -0.003151  0.998991  -0.001658  -0.005214  -0.000958  0.000000  0.000000  0.000000  2.000000  
39.272111 0.002760  0.088768  -0.008910  0.998271  0.038218  -0.044655  -0.038039  0.999264  0.004858  0.044808  -0.003151  0.998991  -0.001594  -0.005180  -0.000971  0.000000  0.000000  0.000000  2.000000  
39.273118 0.002760  0.088765  -0.008910  0.998265  0.038218  -0.044788  -0.038038  0.999264  0.004863  0.044941  -0.003151  0.998985  -0.001508  -0.005081  -0.000923  0.000000  0.000000  0.000000  2.000000  
39.274362 0.002758  0.088759  -0.008911  0.998257  0.038424  -0.044787  -0.038244  0.999257  0.004872  0.044941  -0.003151  0.998985  -0.001514  -0.005020  -0.000926  0.000000  0.000000  0.000000  2.000000  
39.275378 0.002757  0.088755  -0.008912  0.998257  0.038424  -0.044787  -0.038244  0.999257  0.004872  0.044941  -0.003151  0.998985  -0.001435  -0.004923  -0.000892  0.000000  0.000000  0.000000  2.000000  
39.276612 0.002756  0.088749  -0.008913  0.998251  0.038419  -0.044926  -0.038244  0.999257  0.004756  0.045075  -0.003029  0.998979  -0.001389  -0.004828  -0.000874  0.000000  0.000000  0.000000  2.000000  
39.277613 0.002755  0.088745  -0.008913  0.998243  0.038625  -0.044925  -0.038449  0.999249  0.004765  0.045075  -0.003029  0.998979  -0.001303  -0.004727  -0.000826  0.000000  0.000000  0.000000  2.000000  
39.278859 0.002753  0.088740  -0.008914  0.998243  0.038625  -0.044925  -0.038449  0.999249  0.004765  0.045075  -0.003029  0.998979  -0.001269  -0.004626  -0.000772  0.000000  0.000000  0.000000  2.000000  
39.279863 0.002752  0.088735  -0.008915  0.998237  0.038631  -0.045053  -0.038449  0.999249  0.004891  0.045209  -0.003150  0.998973  -0.001206  -0.004572  -0.000732  0.000000  0.000000  0.000000  2.000000  
39.281108 0.002751  0.088730  -0.008915  0.998229  0.038836  -0.045052  -0.038655  0.999241  0.004901  0.045209  -0.003150  0.998973  -0.001173  -0.004489  -0.000622  0.000000  0.000000  0.000000  2.000000  
39.282116 0.002749  0.088726  -0.008916  0.998229  0.038836  -0.045052  -0.038655  0.999241  0.004901  0.045209  -0.003150  0.998973  -0.001160  -0.004414  -0.000633  0.000000  0.000000  0.000000  2.000000  
39.283363 0.002748  0.088720  -0.008916  0.998215  0.039043  -0.045185  -0.038860  0.999233  0.004915  0.045342  -0.003150  0.998967  -0.001118  -0.004335  -0.000569  0.000000  0.000000  0.000000  2.000000  
39.284610 0.002746  0.088716  -0.008916  0.998215  0.039043  -0.045185  -0.038860  0.999233  0.004915  0.045342  -0.003150  0.998967  -0.001113  -0.004262  -0.000525  0.000000  0.000000  0.000000  2.000000  
39.285610 0.002745  0.088712  -0.008917  0.998201  0.039254  -0.045313  -0.039065  0.999224  0.005051  0.045476  -0.003272  0.998960  -0.001077  -0.004217  -0.000550  0.000000  0.000000  0.000000  2.000000  
39.286616 0.002744  0.088709  -0.008918  0.998201  0.039254  -0.045313  -0.039065  0.999224  0.005051  0.045476  -0.003272  0.998960  -0.001071  -0.004113  -0.000570  0.000000  0.000000  0.000000  2.000000  
39.287862 0.002743  0.088705  -0.008919  0.998195  0.039255  -0.045446  -0.039065  0.999224  0.005056  0.045610  -0.003272  0.998954  -0.001092  -0.004048  -0.000590  0.000000  0.000000  0.000000  2.000000  
39.289110 0.002742  0.088700  -0.008920  0.998187  0.039460  -0.045445  -0.039270  0.999216  0.005065  0.045610  -0.003272  0.998954  -0.001107  -0.003999  -0.000609  0.000000  0.000000  0.000000  2.000000  
39.290113 0.002741  0.088697  -0.008921  0.998173  0.039666  -0.045578  -0.039476  0.999208  0.005080  0.045743  -0.003272  0.998948  -0.001127  -0.003947  -0.000641  0.000000  0.000000  0.000000  2.000000  
39.291368 0.002740  0.088693  -0.008922  0.998173  0.039661  -0.045583  -0.039476  0.999208  0.004959  0.045743  -0.003150  0.998948  -0.001085  -0.003817  -0.000631  0.000000  0.000000  0.000000  2.000000  
39.292614 0.002738  0.088689  -0.008922  0.998159  0.039867  -0.045715  -0.039681  0.999200  0.004974  0.045877  -0.003150  0.998942  -0.001059  -0.003690  -0.000587  0.000000  0.000000  0.000000  2.000000  
39.293657 0.002737  0.088686  -0.008923  0.998159  0.039867  -0.045715  -0.039681  0.999200  0.004974  0.045877  -0.003150  0.998942  -0.001092  -0.003602  -0.000580  0.000000  0.000000  0.000000  2.000000  
39.294866 0.002736  0.088682  -0.008924  0.998144  0.040073  -0.045848  -0.039886  0.999192  0.004988  0.046010  -0.003150  0.998936  -0.001095  -0.003490  -0.000602  0.000000  0.000000  0.000000  2.000000  
39.296117 0.002734  0.088678  -0.008925  0.998144  0.040073  -0.045848  -0.039886  0.999192  0.004988  0.046010  -0.003150  0.998936  -0.001098  -0.003445  -0.000657  0.000000  0.000000  0.000000  2.000000  
39.297362 0.002733  0.088674  -0.008926  0.998130  0.040279  -0.045980  -0.040091  0.999183  0.005003  0.046144  -0.003150  0.998930  -0.001087  -0.003365  -0.000656  0.000000  0.000000  0.000000  2.000000  
39.298372 0.002731  0.088671  -0.008927  0.998124  0.040280  -0.046114  -0.040091  0.999183  0.005008  0.046278  -0.003150  0.998924  -0.001091  -0.003299  -0.000723  0.000000  0.000000  0.000000  2.000000  
39.299611 0.002730  0.088667  -0.008929  0.998116  0.040485  -0.046113  -0.040297  0.999175  0.005018  0.046278  -0.003150  0.998924  -0.001090  -0.003236  -0.000823  0.000000  0.000000  0.000000  2.000000  
39.300865 0.002729  0.088664  -0.008931  0.998101  0.040692  -0.046245  -0.040502  0.999167  0.005033  0.046411  -0.003150  0.998917  -0.001088  -0.003172  -0.000924  0.000000  0.000000  0.000000  2.000000  
39.302108 0.002727  0.088660  -0.008933  0.998095  0.040692  -0.046379  -0.040502  0.999167  0.005038  0.046545  -0.003150  0.998911  -0.001116  -0.003096  -0.000948  0.000000  0.000000  0.000000  2.000000  
39.303119 0.002727  0.088658  -0.008934  0.998086  0.040898  -0.046378  -0.040707  0.999158  0.005048  0.046545  -0.003150  0.998911  -0.001087  -0.003046  -0.000944  0.000000  0.000000  0.000000  2.000000  
39.304364 0.002725  0.088655  -0.008935  0.998080  0.040898  -0.046511  -0.040707  0.999158  0.005053  0.046679  -0.003150  0.998905  -0.001077  -0.002972  -0.000939  0.000000  0.000000  0.000000  2.000000  
39.305376 0.002724  0.088653  -0.008936  0.998066  0.041104  -0.046644  -0.040912  0.999150  0.005068  0.046812  -0.003150  0.998899  -0.001087  -0.002904  -0.001003  0.000000  0.000000  0.000000  2.000000  
39.306611 0.002724  0.088650  -0.008937  0.998059  0.041105  -0.046777  -0.040912  0.999150  0.005074  0.046946  -0.003150  0.998892  -0.001021  -0.002807  -0.001026  0.000000  0.000000  0.000000  2.000000  
39.307612 0.002723  0.088649  -0.008938  0.998053  0.041099  -0.046916  -0.040911  0.999150  0.004958  0.047080  -0.003029  0.998887  -0.001007  -0.002716  -0.001064  0.000000  0.000000  0.000000  2.000000  
39.308612 0.002722  0.088646  -0.008939  0.998045  0.041305  -0.046915  -0.041117  0.999142  0.004968  0.047080  -0.003029  0.998887  -0.000974  -0.002678  -0.001092  0.000000  0.000000  0.000000  2.000000  
39.309613 0.002722  0.088645  -0.008940  0.998038  0.041305  -0.047048  -0.041117  0.999142  0.004973  0.047213  -0.003029  0.998880  -0.000920  -0.002552  -0.001115  0.000000  0.000000  0.000000  2.000000  
39.310860 0.002721  0.088642  -0.008941  0.998023  0.041512  -0.047181  -0.041322  0.999133  0.004988  0.047347  -0.003029  0.998874  -0.000872  -0.002421  -0.001116  0.000000  0.000000  0.000000  2.000000  
39.312111 0.002721  0.088640  -0.008943  0.998017  0.041512  -0.047314  -0.041322  0.999133  0.004994  0.047481  -0.003029  0.998868  -0.000819  -0.002300  -0.001141  0.000000  0.000000  0.000000  2.000000  
39.313111 0.002720  0.088639  -0.008944  0.998002  0.041718  -0.047447  -0.041527  0.999125  0.005009  0.047614  -0.003029  0.998861  -0.000782  -0.002213  -0.001113  0.000000  0.000000  0.000000  2.000000  
39.314113 0.002720  0.088637  -0.008944  0.997996  0.041718  -0.047580  -0.041527  0.999125  0.005015  0.047748  -0.003029  0.998855  -0.000705  -0.002070  -0.001048  0.000000  0.000000  0.000000  2.000000  
39.315374 0.002720  0.088636  -0.008945  0.997989  0.041719  -0.047714  -0.041526  0.999125  0.005020  0.047882  -0.003029  0.998848  -0.000618  -0.001967  -0.000999  0.000000  0.000000  0.000000  2.000000  
39.316609 0.002720  0.088634  -0.008946  0.997974  0.041919  -0.047851  -0.041731  0.999117  0.004915  0.048015  -0.002908  0.998842  -0.000536  -0.001834  -0.000901  0.000000  0.000000  0.000000  2.000000  
39.317610 0.002720  0.088633  -0.008946  0.997968  0.041920  -0.047985  -0.041731  0.999117  0.004920  0.048149  -0.002908  0.998836  -0.000490  -0.001736  -0.000883  0.000000  0.000000  0.000000  2.000000  
39.318611 0.002720  0.088632  -0.008947  0.997953  0.042126  -0.048118  -0.041936  0.999108  0.004936  0.048283  -0.002908  0.998829  -0.000373  -0.001611  -0.000816  0.000000  0.000000  0.000000  2.000000  
39.319615 0.002720  0.088632  -0.008947  0.997947  0.042126  -0.048251  -0.041936  0.999108  0.004941  0.048416  -0.002908  0.998823  -0.000309  -0.001484  -0.000743  0.000000  0.000000  0.000000  2.000000  
39.320862 0.002721  0.088631  -0.008947  0.997934  0.042127  -0.048518  -0.041936  0.999108  0.004953  0.048683  -0.002908  0.998810  -0.000203  -0.001358  -0.000698  0.000000  0.000000  0.000000  2.000000  
39.321863 0.002721  0.088631  -0.008947  0.997918  0.042333  -0.048651  -0.042141  0.999099  0.004968  0.048817  -0.002908  0.998804  -0.000156  -0.001258  -0.000679  0.000000  0.000000  0.000000  2.000000  
39.322863 0.002721  0.088630  -0.008948  0.997912  0.042333  -0.048784  -0.042140  0.999099  0.004974  0.048951  -0.002908  0.998797  -0.000099  -0.001163  -0.000639  0.000000  0.000000  0.000000  2.000000  
39.323864 0.002722  0.088630  -0.008948  0.997897  0.042539  -0.048917  -0.042346  0.999091  0.004990  0.049084  -0.002908  0.998790  -0.000042  -0.001029  -0.000586  0.000000  0.000000  0.000000  2.000000  
39.325114 0.002723  0.088631  -0.008948  0.997890  0.042534  -0.049055  -0.042345  0.999091  0.004874  0.049218  -0.002786  0.998784  0.000087  -0.000849  -0.000473  0.000000  0.000000  0.000000  2.000000  
39.326115 0.002723  0.088631  -0.008948  0.997868  0.042740  -0.049321  -0.042550  0.999082  0.004895  0.049485  -0.002786  0.998771  0.000160  -0.000743  -0.000390  0.000000  0.000000  0.000000  2.000000  
39.327360 0.002724  0.088631  -0.008947  0.997861  0.042741  -0.049455  -0.042550  0.999082  0.004901  0.049619  -0.002786  0.998764  0.000215  -0.000580  -0.000321  0.000000  0.000000  0.000000  2.000000  
39.328365 0.002724  0.088631  -0.008947  0.997839  0.042947  -0.049721  -0.042755  0.999073  0.004923  0.049886  -0.002786  0.998751  0.000268  -0.000449  -0.000213  0.000000  0.000000  0.000000  2.000000  
39.329612 0.002725  0.088632  -0.008946  0.997824  0.043153  -0.049853  -0.042960  0.999065  0.004939  0.050020  -0.002786  0.998744  0.000372  -0.000321  -0.000112  0.000000  0.000000  0.000000  2.000000  
39.330858 0.002726  0.088632  -0.008946  0.997810  0.043154  -0.050120  -0.042959  0.999065  0.004950  0.050287  -0.002786  0.998731  0.000398  -0.000195  -0.000069  0.000000  0.000000  0.000000  2.000000  
39.331863 0.002726  0.088633  -0.008946  0.997788  0.043360  -0.050386  -0.043164  0.999056  0.004972  0.050554  -0.002786  0.998717  0.000431  -0.000070  -0.000025  0.000000  0.000000  0.000000  2.000000  
39.333109 0.002727  0.088633  -0.008946  0.997766  0.043567  -0.050652  -0.043369  0.999047  0.004994  0.050822  -0.002786  0.998704  0.000458  0.000058  0.000019  0.000000  0.000000  0.000000  2.000000  
39.334113 0.002727  0.088634  -0.008945  0.997759  0.043567  -0.050786  -0.043369  0.999047  0.005000  0.050955  -0.002786  0.998697  0.000449  0.000140  0.000089  0.000000  0.000000  0.000000  2.000000  
39.335373 0.002727  0.088635  -0.008945  0.997736  0.043773  -0.051052  -0.043574  0.999038  0.005022  0.051222  -0.002786  0.998683  0.000431  0.000246  0.000148  0.000000  0.000000  0.000000  2.000000  
39.336615 0.002728  0.088636  -0.008945  0.997714  0.043980  -0.051318  -0.043778  0.999029  0.005044  0.051490  -0.002786  0.998670  0.000427  0.000319  0.000180  0.000000  0.000000  0.000000  2.000000  
39.337862 0.002728  0.088636  -0.008944  0.997684  0.044187  -0.051717  -0.043983  0.999019  0.005072  0.051891  -0.002786  0.998649  0.000418  0.000400  0.000249  0.000000  0.000000  0.000000  2.000000  
39.338863 0.002728  0.088637  -0.008943  0.997668  0.044386  -0.051855  -0.044188  0.999011  0.004968  0.052024  -0.002665  0.998642  0.000416  0.000456  0.000327  0.000000  0.000000  0.000000  2.000000  
39.340110 0.002728  0.088638  -0.008943  0.997638  0.044593  -0.052254  -0.044392  0.999002  0.004996  0.052425  -0.002665  0.998621  0.000337  0.000511  0.000348  -0.006660  0.173631  0.110161  2.000000  
39.341363 0.002728  0.088639  -0.008943  0.997614  0.044799  -0.052520  -0.044597  0.998992  0.005019  0.052692  -0.002665  0.998607  0.000291  0.000534  0.000309  -0.006708  0.175656  0.111444  2.000000  
39.342364 0.002728  0.088639  -0.008942  0.997591  0.045006  -0.052786  -0.044802  0.998983  0.005042  0.052959  -0.002665  0.998593  0.000244  0.000545  0.000320  -0.006316  0.179568  0.118008  2.000000  
39.343367 0.002728  0.088640  -0.008942  0.997561  0.045213  -0.053186  -0.045006  0.998974  0.005071  0.053360  -0.002665  0.998572  0.000184  0.000572  0.000316  -0.006283  0.188509  0.117999  2.000000  
39.344608 0.002727  0.088640  -0.008942  0.997537  0.045419  -0.053452  -0.045211  0.998964  0.005094  0.053628  -0.002665  0.998557  0.000091  0.000565  0.000287  -0.005864  0.191560  0.123997  2.000000  
39.345610 0.002727  0.088640  -0.008942  0.997506  0.045626  -0.053851  -0.045415  0.998955  0.005123  0.054028  -0.002665  0.998536  0.000061  0.000539  0.000268  -0.001443  0.204802  0.130793  2.000000  
39.346862 0.002726  0.088641  -0.008942  0.997466  0.046031  -0.054255  -0.045825  0.998937  0.005042  0.054429  -0.002543  0.998514  0.000009  0.000542  0.000273  -0.005133  0.211007  0.138799  2.000000  
39.348110 0.002726  0.088640  -0.008942  0.997434  0.046238  -0.054654  -0.046029  0.998927  0.005072  0.054830  -0.002543  0.998492  -0.000090  0.000454  0.000265  -0.004741  0.220035  0.145767  2.000000  
39.349112 0.002726  0.088640  -0.008941  0.997403  0.046445  -0.055053  -0.046234  0.998918  0.005102  0.055231  -0.002543  0.998470  -0.000081  0.000422  0.000270  -0.004701  0.229010  0.145775  2.000000  
39.350358 0.002725  0.088641  -0.008940  0.997354  0.046857  -0.055585  -0.046643  0.998898  0.005150  0.055765  -0.002543  0.998441  -0.000129  0.000381  0.000330  -0.003898  0.240473  0.158321  2.000000  
39.351365 0.002725  0.088641  -0.008939  0.997320  0.047269  -0.055850  -0.047053  0.998879  0.005185  0.056032  -0.002543  0.998426  -0.000173  0.000359  0.000346  -0.003507  0.244920  0.165189  2.000000  
39.352614 0.002725  0.088640  -0.008940  0.997280  0.047470  -0.056388  -0.047257  0.998870  0.005101  0.056567  -0.002422  0.998396  -0.000210  0.000261  0.000297  -0.007133  0.258221  0.172013  2.000000  
39.353617 0.002724  0.088640  -0.008939  0.997238  0.047882  -0.056786  -0.047666  0.998850  0.005143  0.056967  -0.002422  0.998373  -0.000234  0.000211  0.000288  -0.006767  0.264838  0.180356  2.000000  
39.354868 0.002725  0.088640  -0.008939  0.997187  0.048294  -0.057318  -0.048076  0.998830  0.005192  0.057502  -0.002422  0.998342  -0.000229  0.000109  0.000263  -0.001892  0.278293  0.194183  2.000000  
39.356110 0.002724  0.088639  -0.008939  0.997136  0.048707  -0.057850  -0.048485  0.998810  0.005242  0.058036  -0.002422  0.998312  -0.000242  0.000034  0.000259  -0.001431  0.284968  0.199501  2.000000  
39.357111 0.002724  0.088639  -0.008939  0.997103  0.048906  -0.058255  -0.048689  0.998801  0.005152  0.058437  -0.002301  0.998288  -0.000301  -0.000041  0.000235  -0.005092  0.296294  0.208049  2.000000  
39.358112 0.002724  0.088639  -0.008939  0.997059  0.049319  -0.058653  -0.049098  0.998780  0.005196  0.058837  -0.002301  0.998265  -0.000273  -0.000094  0.000219  -0.004647  0.300805  0.214989  2.000000  
39.359363 0.002723  0.088638  -0.008939  0.997008  0.049731  -0.059184  -0.049507  0.998760  0.005246  0.059372  -0.002301  0.998233  -0.000236  -0.000171  0.000214  -0.003787  0.311639  0.226930  2.000000  
39.360366 0.002723  0.088637  -0.008938  0.996955  0.050136  -0.059722  -0.049916  0.998740  0.005176  0.059906  -0.002179  0.998202  -0.000230  -0.000212  0.000265  -0.007378  0.325090  0.233845  2.000000  
39.361367 0.002723  0.088637  -0.008937  0.996910  0.050548  -0.060120  -0.050325  0.998719  0.005221  0.060307  -0.002179  0.998178  -0.000218  -0.000265  0.000289  -0.006978  0.332274  0.242707  2.000000  
39.362372 0.002723  0.088636  -0.008938  0.996857  0.050961  -0.060651  -0.050734  0.998698  0.005273  0.060841  -0.002179  0.998145  -0.000229  -0.000318  0.000245  -0.006105  0.341032  0.256392  2.000000  
39.363609 0.002723  0.088635  -0.008937  0.996793  0.051571  -0.061188  -0.051348  0.998667  0.005217  0.061375  -0.002058  0.998113  -0.000179  -0.000336  0.000280  -0.009246  0.351706  0.268082  2.000000  
39.364613 0.002722  0.088635  -0.008936  0.996747  0.051983  -0.061585  -0.051757  0.998646  0.005263  0.061776  -0.002058  0.998088  -0.000206  -0.000392  0.000275  -0.008841  0.359090  0.277209  2.000000  
39.365858 0.002722  0.088634  -0.008936  0.996684  0.052396  -0.062250  -0.052165  0.998624  0.005323  0.062443  -0.002058  0.998046  -0.000188  -0.000434  0.000290  -0.007860  0.369533  0.288696  2.000000  
39.366860 0.002722  0.088634  -0.008935  0.996618  0.053014  -0.062780  -0.052779  0.998592  0.005390  0.062977  -0.002058  0.998013  -0.000180  -0.000458  0.000300  -0.006957  0.378374  0.302379  2.000000  
39.368109 0.002722  0.088633  -0.008935  0.996535  0.053624  -0.063583  -0.053392  0.998559  0.005350  0.063779  -0.001937  0.997962  -0.000173  -0.000482  0.000310  -0.010048  0.396315  0.316183  2.000000  
39.369111 0.002722  0.088633  -0.008934  0.996478  0.054037  -0.064114  -0.053800  0.998537  0.005405  0.064313  -0.001937  0.997928  -0.000185  -0.000478  0.000344  -0.005476  0.405147  0.322951  2.000000  
39.370116 0.002721  0.088632  -0.008934  0.996411  0.054646  -0.064651  -0.054414  0.998504  0.005353  0.064847  -0.001816  0.997894  -0.000193  -0.000507  0.000396  -0.008657  0.417480  0.339425  2.000000  
39.371371 0.002721  0.088632  -0.008932  0.996333  0.055264  -0.065314  -0.055027  0.998470  0.005430  0.065514  -0.001816  0.997850  -0.000206  -0.000502  0.000430  -0.007654  0.426312  0.353140  2.000000  
39.372611 0.002720  0.088632  -0.008931  0.996255  0.055874  -0.065984  -0.055640  0.998436  0.005386  0.066182  -0.001694  0.997806  -0.000217  -0.000434  0.000537  -0.010743  0.439929  0.367061  2.000000  
39.373612 0.002720  0.088631  -0.008930  0.996176  0.056492  -0.066647  -0.056253  0.998402  0.005464  0.066849  -0.001694  0.997762  -0.000265  -0.000463  0.000561  -0.009714  0.448878  0.380871  2.000000  
39.374860 0.002719  0.088631  -0.008929  0.996096  0.057110  -0.067310  -0.056865  0.998366  0.005544  0.067517  -0.001694  0.997717  -0.000255  -0.000423  0.000641  -0.008647  0.459687  0.392440  2.000000  
39.375862 0.002719  0.088631  -0.008928  0.996007  0.057719  -0.068113  -0.057477  0.998332  0.005510  0.068318  -0.001573  0.997662  -0.000319  -0.000417  0.000681  -0.008036  0.475886  0.401586  2.000000  
39.377112 0.002718  0.088631  -0.008927  0.995916  0.058337  -0.068910  -0.058089  0.998296  0.005599  0.069119  -0.001573  0.997607  -0.000308  -0.000364  0.000725  -0.006909  0.489763  0.411989  2.000000  
39.378113 0.002717  0.088630  -0.008926  0.995833  0.058946  -0.069579  -0.058702  0.998260  0.005560  0.069786  -0.001452  0.997561  -0.000373  -0.000343  0.000733  -0.010363  0.498351  0.422291  2.000000  
39.379368 0.002717  0.088630  -0.008924  0.995728  0.059761  -0.070382  -0.059518  0.998212  0.005544  0.070587  -0.001331  0.997505  -0.000367  -0.000310  0.000822  -0.012876  0.511709  0.442887  2.000000  
39.380614 0.002716  0.088630  -0.008923  0.995635  0.060379  -0.071177  -0.060130  0.998175  0.005635  0.071388  -0.001331  0.997448  -0.000439  -0.000279  0.000853  -0.012142  0.520814  0.449899  2.000000  
39.381860 0.002715  0.088630  -0.008921  0.995518  0.061193  -0.072113  -0.060946  0.998125  0.005630  0.072322  -0.001210  0.997381  -0.000478  -0.000239  0.000933  -0.014466  0.534422  0.466783  2.000000  
39.382863 0.002714  0.088630  -0.008920  0.995431  0.061810  -0.072775  -0.061557  0.998087  0.005716  0.072989  -0.001210  0.997332  -0.000519  -0.000211  0.001009  -0.009812  0.548066  0.477703  2.000000  
39.384112 0.002713  0.088630  -0.008917  0.995334  0.062419  -0.073578  -0.062169  0.998049  0.005689  0.073790  -0.001089  0.997273  -0.000539  -0.000171  0.001170  -0.013035  0.556658  0.480336  2.000000  
39.385113 0.002712  0.088630  -0.008915  0.995236  0.063027  -0.074381  -0.062780  0.998011  0.005664  0.074590  -0.000968  0.997214  -0.000606  -0.000158  0.001225  -0.015991  0.570633  0.498402  2.000000  
39.386114 0.002711  0.088630  -0.008913  0.995147  0.063644  -0.075043  -0.063391  0.997972  0.005753  0.075257  -0.000968  0.997164  -0.000650  -0.000128  0.001307  -0.015256  0.579323  0.505049  2.000000  
39.387115 0.002710  0.088630  -0.008911  0.995047  0.064252  -0.075847  -0.064002  0.997933  0.005729  0.076058  -0.000847  0.997103  -0.000715  -0.000122  0.001347  -0.014452  0.588328  0.511841  2.000000  
39.388366 0.002709  0.088630  -0.008909  0.994912  0.065065  -0.076915  -0.064816  0.997881  0.005740  0.077125  -0.000726  0.997021  -0.000748  -0.000085  0.001419  -0.016610  0.606085  0.528403  2.000000  
39.389612 0.002707  0.088630  -0.008906  0.994800  0.065673  -0.077851  -0.065425  0.997841  0.005728  0.078059  -0.000605  0.996949  -0.000846  -0.000051  0.001508  -0.020258  0.619223  0.528120  2.000000  
39.390613 0.002705  0.088630  -0.008904  0.994707  0.066290  -0.078513  -0.066036  0.997800  0.005820  0.078726  -0.000605  0.996896  -0.000913  -0.000061  0.001603  -0.015549  0.628890  0.539360  2.000000  
39.391860 0.002704  0.088631  -0.008901  0.994567  0.067102  -0.079581  -0.066850  0.997746  0.005835  0.079793  -0.000484  0.996811  -0.000979  0.000002  0.001722  -0.018187  0.642448  0.553159  2.000000  
39.392862 0.002702  0.088631  -0.008899  0.994472  0.067709  -0.080251  -0.067460  0.997705  0.005809  0.080460  -0.000363  0.996758  -0.001034  0.000013  0.001856  -0.021337  0.650505  0.555361  2.000000  
39.393863 0.002700  0.088631  -0.008896  0.994366  0.068316  -0.081054  -0.068070  0.997664  0.005792  0.081260  -0.000242  0.996693  -0.001143  -0.000002  0.001912  -0.021099  0.660358  0.559772  2.000000  
39.394932 0.002698  0.088630  -0.008893  0.994258  0.068922  -0.081857  -0.068680  0.997622  0.005776  0.082060  -0.000121  0.996627  -0.001196  0.000037  0.002034  -0.024287  0.672394  0.565379  2.000000  
39.396114 0.002696  0.088631  -0.008890  0.994124  0.069734  -0.082791  -0.069493  0.997566  0.005787  0.082993  0.000000  0.996550  -0.001336  0.000030  0.002170  -0.027457  0.682865  0.573435  2.000000  
39.397362 0.002694  0.088631  -0.008886  0.993989  0.070545  -0.083726  -0.070306  0.997509  0.005800  0.083927  0.000121  0.996472  -0.001385  0.000072  0.002298  -0.025982  0.692042  0.587236  2.000000  
39.398366 0.002692  0.088631  -0.008883  0.993889  0.071151  -0.084396  -0.070916  0.997466  0.005779  0.084593  0.000242  0.996416  -0.001492  0.000057  0.002353  -0.029662  0.691956  0.587062  2.000000  
39.399611 0.002688  0.088630  -0.008880  0.993751  0.071951  -0.085340  -0.071729  0.997408  0.005673  0.085527  0.000483  0.996336  -0.001614  0.000039  0.002414  -0.036055  0.699901  0.595982  2.000000  
39.400611 0.002686  0.088630  -0.008877  0.993637  0.072556  -0.086143  -0.072337  0.997364  0.005663  0.086326  0.000604  0.996267  -0.001707  0.000027  0.002464  -0.035651  0.708781  0.595777  2.000000  
39.401614 0.002684  0.088630  -0.008874  0.993535  0.073161  -0.086813  -0.072947  0.997320  0.005644  0.086993  0.000725  0.996209  -0.001768  -0.000011  0.002559  -0.039623  0.714719  0.600663  2.000000  
39.402864 0.002681  0.088630  -0.008870  0.993393  0.073971  -0.087747  -0.073759  0.997260  0.005664  0.087926  0.000846  0.996127  -0.001907  -0.000027  0.002658  -0.038327  0.722247  0.602416  2.000000  
39.404112 0.002677  0.088629  -0.008867  0.993264  0.074565  -0.088692  -0.074366  0.997216  0.005546  0.088859  0.001087  0.996044  -0.002061  -0.000064  0.002730  -0.046781  0.728498  0.600534  2.000000  
39.405139 0.002675  0.088629  -0.008863  0.993147  0.075169  -0.089495  -0.074974  0.997170  0.005540  0.089658  0.001208  0.995972  -0.002107  -0.000106  0.002787  -0.045766  0.732611  0.606934  2.000000  
39.406368 0.002671  0.088628  -0.008859  0.993000  0.075978  -0.090430  -0.075786  0.997109  0.005563  0.090591  0.001329  0.995887  -0.002223  -0.000142  0.002891  -0.049327  0.737352  0.607019  2.000000  
39.407612 0.002667  0.088628  -0.008855  0.992881  0.076571  -0.091242  -0.076393  0.997063  0.005439  0.091391  0.001570  0.995814  -0.002364  -0.000183  0.002929  -0.052877  0.732990  0.606863  2.000000  
39.408861 0.002664  0.088627  -0.008851  0.992732  0.077368  -0.092186  -0.077204  0.997001  0.005344  0.092323  0.001812  0.995727  -0.002430  -0.000239  0.002991  -0.059533  0.740495  0.608652  2.000000  
