1-Time 2-Px 3-Py 4-Pz 5-R11 6-R21 7-R31 8-R12 9-R22 10-R32 11-R13 12-R23 13-R33 14-Vx 15-Vy 16-Vz 17-Wx 18-Wy 19-Wz 20-state 21-PR11 22-PR21 23-PR31 24-PR12 25-PR22 26-PR32 27-PR13 28-PR23 29-PR33 
30.186907 0.000484  0.086025  -0.017828  0.997325  0.025474  -0.068515  -0.022589  0.998839  0.042549  0.069519  -0.040888  0.996742  0.001266  0.000967  0.000711  0.000000  0.000000  0.000000  2.000000  
30.187908 0.000485  0.086026  -0.017827  0.997325  0.025474  -0.068515  -0.022589  0.998839  0.042549  0.069519  -0.040888  0.996742  0.001297  0.000990  0.000729  0.000000  0.000000  0.000000  2.000000  
30.188910 0.000486  0.086025  -0.017828  0.997316  0.025487  -0.068645  -0.022589  0.998834  0.042673  0.069653  -0.041008  0.996728  0.001244  0.000818  0.000672  0.000000  0.000000  0.000000  2.000000  
30.189913 0.000486  0.086022  -0.017828  0.997297  0.025498  -0.068912  -0.022588  0.998833  0.042679  0.069920  -0.041007  0.996709  0.001199  0.000621  0.000623  0.000000  0.000000  0.000000  2.000000  
30.190917 0.000486  0.086019  -0.017828  0.997287  0.025512  -0.069042  -0.022588  0.998828  0.042804  0.070053  -0.041128  0.996695  0.001119  0.000345  0.000565  0.000000  0.000000  0.000000  2.000000  
30.191917 0.000487  0.086016  -0.017828  0.997269  0.025532  -0.069306  -0.022588  0.998823  0.042931  0.070320  -0.041248  0.996671  0.001094  0.000052  0.000496  0.000000  0.000000  0.000000  2.000000  
30.193160 0.000487  0.086011  -0.017828  0.997245  0.025765  -0.069557  -0.022793  0.998807  0.043194  0.070587  -0.041489  0.996642  0.001013  -0.000367  0.000409  0.000000  0.000000  0.000000  2.000000  
30.194160 0.000488  0.086007  -0.017827  0.997222  0.025990  -0.069812  -0.022998  0.998796  0.043335  0.070854  -0.041609  0.996618  0.000963  -0.000708  0.000423  0.000000  0.000000  0.000000  2.000000  
30.195165 0.000488  0.086002  -0.017826  0.997212  0.026004  -0.069942  -0.022997  0.998790  0.043459  0.070987  -0.041730  0.996604  0.000930  -0.001099  0.000455  0.000000  0.000000  0.000000  2.000000  
30.196414 0.000489  0.085998  -0.017825  0.997188  0.026230  -0.070196  -0.023202  0.998780  0.043601  0.071254  -0.041850  0.996580  0.000824  -0.001512  0.000443  0.000000  0.000000  0.000000  2.000000  
30.197415 0.000489  0.085994  -0.017825  0.997164  0.026455  -0.070451  -0.023407  0.998769  0.043743  0.071521  -0.041970  0.996556  0.000779  -0.001833  0.000412  0.000000  0.000000  0.000000  2.000000  
30.198417 0.000489  0.085990  -0.017826  0.997140  0.026680  -0.070705  -0.023612  0.998758  0.043885  0.071788  -0.042090  0.996531  0.000653  -0.002149  0.000326  0.000000  0.000000  0.000000  2.000000  
30.199672 0.000488  0.085986  -0.017826  0.997102  0.026712  -0.071235  -0.023611  0.998752  0.044019  0.072322  -0.042209  0.996488  0.000492  -0.002509  0.000269  0.000000  0.000000  0.000000  2.000000  
30.200914 0.000488  0.085982  -0.017825  0.997068  0.026934  -0.071626  -0.023816  0.998746  0.044043  0.072722  -0.042208  0.996459  0.000379  -0.002899  0.000248  0.000000  0.000000  0.000000  2.000000  
30.202162 0.000488  0.085976  -0.017825  0.997034  0.027165  -0.072013  -0.024020  0.998734  0.044188  0.073123  -0.042328  0.996424  0.000222  -0.003364  0.000162  0.000000  0.000000  0.000000  2.000000  
30.203414 0.000488  0.085970  -0.017825  0.996989  0.027402  -0.072534  -0.024224  0.998723  0.044337  0.073656  -0.042447  0.996380  0.000141  -0.003729  0.000159  0.000000  0.000000  0.000000  2.000000  
30.204659 0.000487  0.085963  -0.017823  0.996960  0.027428  -0.072930  -0.024224  0.998717  0.044468  0.074057  -0.042566  0.996345  0.000099  -0.003975  0.000263  0.000000  0.000000  0.000000  2.000000  
30.205660 0.000487  0.085957  -0.017821  0.996935  0.027663  -0.073181  -0.024428  0.998700  0.044732  0.074323  -0.042807  0.996315  0.000054  -0.004204  0.000444  0.000000  0.000000  0.000000  2.000000  
30.206663 0.000487  0.085950  -0.017819  0.996900  0.027895  -0.073568  -0.024633  0.998689  0.044878  0.074724  -0.042927  0.996280  0.000036  -0.004439  0.000599  0.074290  0.172315  0.076316  2.000000  
30.207910 0.000487  0.085940  -0.017816  0.996860  0.027945  -0.074091  -0.024632  0.998672  0.045255  0.075257  -0.043288  0.996224  -0.000047  -0.004812  0.000731  0.086538  0.190271  0.077105  2.000000  
30.208912 0.000487  0.085932  -0.017814  0.996814  0.028192  -0.074608  -0.024836  0.998654  0.045525  0.075791  -0.043527  0.996173  -0.000026  -0.005057  0.000918  0.095213  0.207941  0.084782  2.000000  
30.210158 0.000488  0.085921  -0.017811  0.996763  0.028239  -0.075267  -0.024835  0.998643  0.045784  0.076458  -0.043767  0.996112  -0.000047  -0.005431  0.000998  0.103438  0.230500  0.085800  2.000000  
30.211163 0.000488  0.085912  -0.017810  0.996722  0.028281  -0.075793  -0.024834  0.998631  0.046040  0.076992  -0.044007  0.996060  -0.000042  -0.005791  0.001057  0.111549  0.248321  0.086540  2.000000  
30.212164 0.000489  0.085903  -0.017808  0.996686  0.028522  -0.076177  -0.025038  0.998613  0.046308  0.077392  -0.044247  0.996018  -0.000012  -0.006136  0.001125  0.120251  0.261551  0.094059  2.000000  
30.213166 0.000490  0.085894  -0.017808  0.996655  0.028568  -0.076566  -0.025038  0.998596  0.046681  0.077792  -0.044608  0.995971  0.000127  -0.006513  0.001180  0.132458  0.274929  0.094655  2.000000  
30.214418 0.000493  0.085883  -0.017807  0.996619  0.028810  -0.076949  -0.025242  0.998578  0.046949  0.078192  -0.044848  0.995929  0.000330  -0.006969  0.001288  0.141146  0.288114  0.102166  2.000000  
30.215662 0.000495  0.085872  -0.017806  0.996582  0.029053  -0.077332  -0.025446  0.998560  0.047218  0.078592  -0.045088  0.995887  0.000464  -0.007422  0.001305  0.149835  0.301293  0.109678  2.000000  
30.216913 0.000498  0.085862  -0.017804  0.996561  0.029083  -0.077591  -0.025446  0.998549  0.047467  0.078859  -0.045329  0.995855  0.000656  -0.007749  0.001434  0.158030  0.310325  0.110124  2.000000  
30.218164 0.000501  0.085852  -0.017801  0.996529  0.029111  -0.077987  -0.025445  0.998542  0.047598  0.079259  -0.045448  0.995817  0.000892  -0.008003  0.001628  0.162108  0.323760  0.110713  2.000000  
30.219412 0.000504  0.085843  -0.017797  0.996492  0.029354  -0.078370  -0.025649  0.998524  0.047867  0.079660  -0.045689  0.995775  0.001137  -0.008157  0.001814  0.166772  0.328007  0.117885  2.000000  
30.220423 0.000506  0.085835  -0.017793  0.996471  0.029376  -0.078633  -0.025649  0.998518  0.047995  0.079926  -0.045808  0.995748  0.001297  -0.008258  0.001890  0.169442  0.329715  0.117112  2.000000  
30.221666 0.000509  0.085825  -0.017789  0.996439  0.029413  -0.079025  -0.025648  0.998506  0.048247  0.080326  -0.046048  0.995704  0.001542  -0.008317  0.002013  0.170914  0.332469  0.118178  2.000000  
30.222917 0.000512  0.085815  -0.017783  0.996417  0.029445  -0.079285  -0.025647  0.998494  0.048496  0.080593  -0.046289  0.995672  0.001678  -0.008352  0.002159  0.170374  0.332658  0.111334  2.000000  
30.224165 0.000514  0.085804  -0.017778  0.996390  0.029682  -0.079534  -0.025852  0.998476  0.048762  0.080860  -0.046530  0.995639  0.001833  -0.008379  0.002312  0.174573  0.332823  0.111454  2.000000  
30.225165 0.000516  0.085795  -0.017774  0.996369  0.029714  -0.079793  -0.025851  0.998464  0.049011  0.081127  -0.046770  0.995606  0.001939  -0.008411  0.002480  0.174001  0.332966  0.104594  2.000000  
30.226427 0.000519  0.085783  -0.017769  0.996347  0.029746  -0.080052  -0.025851  0.998451  0.049260  0.081393  -0.047011  0.995573  0.002088  -0.008451  0.002677  0.178029  0.337314  0.104815  2.000000  
30.227665 0.000522  0.085771  -0.017763  0.996325  0.029778  -0.080311  -0.025850  0.998439  0.049509  0.081660  -0.047251  0.995540  0.002184  -0.008489  0.003067  0.181668  0.333230  0.097818  2.000000  
30.228913 0.000525  0.085759  -0.017757  0.996309  0.030009  -0.080427  -0.026055  0.998421  0.049771  0.081793  -0.047492  0.995517  0.002190  -0.008556  0.003344  0.189850  0.324243  0.097455  2.000000  
30.229916 0.000527  0.085749  -0.017753  0.996287  0.030041  -0.080686  -0.026054  0.998408  0.050020  0.082060  -0.047732  0.995484  0.002226  -0.008612  0.003616  0.193951  0.319728  0.097308  2.000000  
30.231162 0.000530  0.085737  -0.017750  0.996276  0.030067  -0.080812  -0.026054  0.998396  0.050266  0.082193  -0.047973  0.995461  0.002267  -0.008685  0.003746  0.195929  0.308541  0.089342  2.000000  
30.232163 0.000532  0.085728  -0.017747  0.996265  0.030094  -0.080937  -0.026054  0.998384  0.050512  0.082327  -0.048214  0.995438  0.002266  -0.008809  0.003764  0.205261  0.302519  0.082846  2.000000  
30.233414 0.000535  0.085716  -0.017745  0.996254  0.030120  -0.081063  -0.026054  0.998371  0.050757  0.082460  -0.048455  0.995416  0.002264  -0.008989  0.003697  0.208929  0.293984  0.075634  2.000000  
30.234423 0.000538  0.085706  -0.017744  0.996254  0.030129  -0.081060  -0.026054  0.998365  0.050879  0.082460  -0.048576  0.995410  0.002235  -0.009143  0.003517  0.208632  0.280068  0.074940  2.000000  
30.235662 0.000541  0.085694  -0.017742  0.996248  0.030355  -0.081042  -0.026259  0.998346  0.051137  0.082460  -0.048818  0.995398  0.002263  -0.009325  0.003335  0.208800  0.266777  0.074443  2.000000  
30.236663 0.000543  0.085685  -0.017741  0.996248  0.030374  -0.081034  -0.026259  0.998334  0.051380  0.082460  -0.049059  0.995386  0.002257  -0.009390  0.003152  0.209975  0.251140  0.067328  2.000000  
30.237913 0.000545  0.085672  -0.017739  0.996248  0.030384  -0.081031  -0.026259  0.998328  0.051501  0.082460  -0.049180  0.995380  0.002233  -0.009525  0.002932  0.204148  0.235544  0.066183  2.000000  
30.239163 0.000548  0.085660  -0.017737  0.996248  0.030404  -0.081023  -0.026259  0.998315  0.051743  0.082460  -0.049421  0.995368  0.002214  -0.009585  0.002749  0.199529  0.213371  0.058309  2.000000  
30.240423 0.000550  0.085649  -0.017734  0.996248  0.030423  -0.081016  -0.026259  0.998303  0.051985  0.082460  -0.049663  0.995356  0.002197  -0.009602  0.002602  0.197911  0.193791  0.057045  2.000000  
30.241659 0.000552  0.085637  -0.017729  0.996237  0.030450  -0.081142  -0.026258  0.998290  0.052231  0.082593  -0.049904  0.995333  0.002131  -0.009599  0.002561  0.197417  0.176310  0.049424  2.000000  
30.242660 0.000553  0.085627  -0.017726  0.996237  0.030460  -0.081138  -0.026258  0.998283  0.052352  0.082593  -0.050024  0.995327  0.002031  -0.009622  0.002454  0.189292  0.162891  0.048820  2.000000  
30.243661 0.000553  0.085616  -0.017723  0.996237  0.030469  -0.081134  -0.026258  0.998277  0.052473  0.082593  -0.050145  0.995321  0.001936  -0.009690  0.002401  0.185254  0.153972  0.048425  2.000000  
30.244666 0.000555  0.085607  -0.017720  0.996248  0.030473  -0.080998  -0.026259  0.998271  0.052591  0.082460  -0.050266  0.995326  0.001868  -0.009687  0.002214  0.182139  0.137584  0.041100  2.000000  
30.245915 0.000556  0.085594  -0.017718  0.996248  0.030492  -0.080990  -0.026259  0.998258  0.052833  0.082460  -0.050508  0.995314  0.001764  -0.009734  0.002152  0.181597  0.124437  0.033599  2.000000  
30.247163 0.000557  0.085581  -0.017717  0.996248  0.030502  -0.080986  -0.026259  0.998252  0.052954  0.082460  -0.050629  0.995308  0.001592  -0.009782  0.001999  0.181621  0.115463  0.033185  2.000000  
30.248414 0.000557  0.085569  -0.017716  0.996248  0.030512  -0.080983  -0.026259  0.998245  0.053075  0.082460  -0.050749  0.995301  0.001429  -0.009799  0.001939  0.177552  0.101983  0.032554  2.000000  
30.249662 0.000558  0.085556  -0.017716  0.996265  0.030309  -0.080857  -0.026054  0.998245  0.053176  0.082327  -0.050871  0.995306  0.001318  -0.009826  0.001869  0.174987  0.088440  0.017986  2.000000  
30.250666 0.000559  0.085546  -0.017715  0.996265  0.030319  -0.080853  -0.026054  0.998239  0.053297  0.082327  -0.050991  0.995300  0.001196  -0.009851  0.001837  0.172473  0.075742  0.017506  2.000000  
30.251666 0.000559  0.085537  -0.017715  0.996265  0.030329  -0.080849  -0.026054  0.998232  0.053418  0.082327  -0.051112  0.995294  0.001087  -0.009906  0.001772  0.168272  0.066700  0.017068  2.000000  
30.252912 0.000560  0.085524  -0.017715  0.996276  0.030332  -0.080713  -0.026054  0.998226  0.053536  0.082193  -0.051233  0.995299  0.000973  -0.009873  0.001654  0.000000  0.000000  0.000000  2.000000  
30.254162 0.000561  0.085512  -0.017715  0.996287  0.030335  -0.080576  -0.026054  0.998220  0.053653  0.082060  -0.051355  0.995303  0.000889  -0.009879  0.001464  0.000000  0.000000  0.000000  2.000000  
30.255409 0.000561  0.085499  -0.017715  0.996287  0.030345  -0.080572  -0.026054  0.998213  0.053774  0.082060  -0.051475  0.995297  0.000718  -0.009989  0.001231  0.000000  0.000000  0.000000  2.000000  
30.256412 0.000560  0.085488  -0.017716  0.996298  0.030338  -0.080439  -0.026055  0.998213  0.053771  0.081927  -0.051476  0.995308  0.000631  -0.010040  0.000956  0.000000  0.000000  0.000000  2.000000  
30.257664 0.000560  0.085475  -0.017716  0.996298  0.030348  -0.080435  -0.026055  0.998207  0.053892  0.081927  -0.051597  0.995302  0.000476  -0.010141  0.000624  0.000000  0.000000  0.000000  2.000000  
30.258914 0.000559  0.085461  -0.017717  0.996287  0.030364  -0.080565  -0.026054  0.998200  0.054016  0.082060  -0.051717  0.995285  0.000348  -0.010201  0.000319  0.000000  0.000000  0.000000  2.000000  
30.259916 0.000559  0.085451  -0.017717  0.996287  0.030374  -0.080561  -0.026054  0.998194  0.054138  0.082060  -0.051838  0.995278  0.000262  -0.010210  0.000195  0.000000  0.000000  0.000000  2.000000  
30.261161 0.000558  0.085438  -0.017716  0.996287  0.030384  -0.080557  -0.026054  0.998187  0.054259  0.082060  -0.051958  0.995272  0.000136  -0.010258  0.000140  0.000000  0.000000  0.000000  2.000000  
30.262410 0.000558  0.085425  -0.017714  0.996287  0.030394  -0.080554  -0.026054  0.998180  0.054380  0.082060  -0.052079  0.995266  0.000090  -0.010225  0.000174  0.000000  0.000000  0.000000  2.000000  
30.263414 0.000558  0.085416  -0.017713  0.996287  0.030394  -0.080554  -0.026054  0.998180  0.054380  0.082060  -0.052079  0.995266  0.000028  -0.010218  0.000222  0.000000  0.000000  0.000000  2.000000  
30.264663 0.000557  0.085404  -0.017711  0.996287  0.030403  -0.080550  -0.026054  0.998174  0.054501  0.082060  -0.052200  0.995259  -0.000079  -0.010178  0.000308  0.000000  0.000000  0.000000  2.000000  
30.265679 0.000557  0.085394  -0.017710  0.996287  0.030403  -0.080550  -0.026054  0.998174  0.054501  0.082060  -0.052200  0.995259  -0.000099  -0.010151  0.000337  0.000000  0.000000  0.000000  2.000000  
30.266912 0.000557  0.085383  -0.017709  0.996287  0.030403  -0.080550  -0.026054  0.998174  0.054501  0.082060  -0.052200  0.995259  -0.000160  -0.010100  0.000397  0.000000  0.000000  0.000000  2.000000  
30.268159 0.000556  0.085371  -0.017709  0.996287  0.030413  -0.080546  -0.026054  0.998167  0.054622  0.082060  -0.052320  0.995253  -0.000257  -0.010071  0.000373  0.000000  0.000000  0.000000  2.000000  
30.269160 0.000556  0.085362  -0.017710  0.996287  0.030413  -0.080546  -0.026054  0.998167  0.054622  0.082060  -0.052320  0.995253  -0.000312  -0.010022  0.000330  0.000000  0.000000  0.000000  2.000000  
30.270423 0.000556  0.085351  -0.017711  0.996287  0.030413  -0.080546  -0.026054  0.998167  0.054622  0.082060  -0.052320  0.995253  -0.000310  -0.009858  0.000340  0.000000  0.000000  0.000000  2.000000  
30.271666 0.000556  0.085339  -0.017711  0.996287  0.030423  -0.080543  -0.026054  0.998160  0.054743  0.082060  -0.052441  0.995247  -0.000335  -0.009835  0.000288  0.000000  0.000000  0.000000  2.000000  
30.272911 0.000556  0.085327  -0.017711  0.996287  0.030423  -0.080543  -0.026054  0.998160  0.054743  0.082060  -0.052441  0.995247  -0.000294  -0.009673  0.000324  0.000000  0.000000  0.000000  2.000000  
30.274158 0.000555  0.085315  -0.017711  0.996287  0.030423  -0.080543  -0.026054  0.998160  0.054743  0.082060  -0.052441  0.995247  -0.000299  -0.009617  0.000328  0.000000  0.000000  0.000000  2.000000  
30.275165 0.000555  0.085305  -0.017711  0.996287  0.030433  -0.080539  -0.026054  0.998154  0.054864  0.082060  -0.052562  0.995240  -0.000274  -0.009533  0.000364  0.000000  0.000000  0.000000  2.000000  
30.276414 0.000554  0.085293  -0.017711  0.996287  0.030433  -0.080539  -0.026054  0.998154  0.054864  0.082060  -0.052562  0.995240  -0.000267  -0.009483  0.000271  0.000000  0.000000  0.000000  2.000000  
30.277665 0.000554  0.085281  -0.017710  0.996276  0.030449  -0.080668  -0.026054  0.998147  0.054989  0.082193  -0.052682  0.995223  -0.000253  -0.009464  0.000188  0.000000  0.000000  0.000000  2.000000  
30.278666 0.000554  0.085271  -0.017711  0.996270  0.030655  -0.080657  -0.026259  0.998141  0.055005  0.082193  -0.052682  0.995223  -0.000259  -0.009473  0.000048  0.000000  0.000000  0.000000  2.000000  
30.279917 0.000553  0.085259  -0.017711  0.996270  0.030665  -0.080653  -0.026259  0.998134  0.055126  0.082193  -0.052803  0.995217  -0.000273  -0.009455  -0.000101  0.000000  0.000000  0.000000  2.000000  
30.280920 0.000553  0.085250  -0.017711  0.996270  0.030665  -0.080653  -0.026259  0.998134  0.055126  0.082193  -0.052803  0.995217  -0.000255  -0.009487  -0.000129  0.000000  0.000000  0.000000  2.000000  
30.282163 0.000553  0.085239  -0.017712  0.996270  0.030665  -0.080653  -0.026259  0.998134  0.055126  0.082193  -0.052803  0.995217  -0.000252  -0.009466  -0.000175  0.000000  0.000000  0.000000  2.000000  
30.283165 0.000553  0.085230  -0.017712  0.996270  0.030665  -0.080653  -0.026259  0.998134  0.055126  0.082193  -0.052803  0.995217  -0.000228  -0.009419  -0.000166  0.000000  0.000000  0.000000  2.000000  
30.284415 0.000553  0.085220  -0.017713  0.996270  0.030665  -0.080653  -0.026259  0.998134  0.055126  0.082193  -0.052803  0.995217  -0.000212  -0.009348  -0.000165  0.000000  0.000000  0.000000  2.000000  
30.285415 0.000553  0.085212  -0.017712  0.996270  0.030655  -0.080657  -0.026259  0.998141  0.055005  0.082193  -0.052682  0.995223  -0.000197  -0.009269  -0.000099  0.000000  0.000000  0.000000  2.000000  
30.286415 0.000553  0.085204  -0.017712  0.996265  0.030860  -0.080646  -0.026464  0.998134  0.055022  0.082193  -0.052682  0.995223  -0.000178  -0.009149  -0.000079  0.000000  0.000000  0.000000  2.000000  
30.287664 0.000553  0.085194  -0.017712  0.996265  0.030860  -0.080646  -0.026464  0.998134  0.055022  0.082193  -0.052682  0.995223  -0.000175  -0.008997  -0.000077  0.000000  0.000000  0.000000  2.000000  
30.288910 0.000553  0.085184  -0.017713  0.996265  0.030860  -0.080646  -0.026464  0.998134  0.055022  0.082193  -0.052682  0.995223  -0.000164  -0.008880  -0.000131  0.000000  0.000000  0.000000  2.000000  
30.289911 0.000553  0.085176  -0.017713  0.996265  0.030860  -0.080646  -0.026464  0.998134  0.055022  0.082193  -0.052682  0.995223  -0.000124  -0.008763  -0.000121  0.000000  0.000000  0.000000  2.000000  
30.291158 0.000552  0.085165  -0.017715  0.996259  0.031066  -0.080634  -0.026670  0.998128  0.055038  0.082193  -0.052682  0.995223  -0.000172  -0.008667  -0.000256  0.000000  0.000000  0.000000  2.000000  
30.292160 0.000552  0.085157  -0.017716  0.996259  0.031066  -0.080634  -0.026670  0.998128  0.055038  0.082193  -0.052682  0.995223  -0.000147  -0.008555  -0.000417  0.000000  0.000000  0.000000  2.000000  
30.293161 0.000551  0.085148  -0.017718  0.996259  0.031066  -0.080634  -0.026670  0.998128  0.055038  0.082193  -0.052682  0.995223  -0.000170  -0.008515  -0.000502  0.000000  0.000000  0.000000  2.000000  
30.294437 0.000550  0.085137  -0.017720  0.996254  0.031271  -0.080623  -0.026875  0.998122  0.055055  0.082193  -0.052682  0.995223  -0.000232  -0.008421  -0.000627  0.000000  0.000000  0.000000  2.000000  
30.295670 0.000550  0.085126  -0.017721  0.996254  0.031271  -0.080623  -0.026875  0.998122  0.055055  0.082193  -0.052682  0.995223  -0.000247  -0.008422  -0.000701  0.000000  0.000000  0.000000  2.000000  
30.296914 0.000549  0.085116  -0.017722  0.996248  0.031477  -0.080612  -0.027080  0.998115  0.055072  0.082193  -0.052682  0.995223  -0.000270  -0.008350  -0.000727  0.000000  0.000000  0.000000  2.000000  
30.298162 0.000549  0.085106  -0.017723  0.996248  0.031477  -0.080612  -0.027080  0.998115  0.055072  0.082193  -0.052682  0.995223  -0.000293  -0.008277  -0.000752  0.000000  0.000000  0.000000  2.000000  
30.299414 0.000548  0.085097  -0.017724  0.996243  0.031682  -0.080600  -0.027285  0.998109  0.055088  0.082193  -0.052682  0.995223  -0.000316  -0.008203  -0.000778  0.000000  0.000000  0.000000  2.000000  
30.300427 0.000548  0.085089  -0.017725  0.996243  0.031682  -0.080600  -0.027285  0.998109  0.055088  0.082193  -0.052682  0.995223  -0.000357  -0.008189  -0.000881  0.000000  0.000000  0.000000  2.000000  
30.301662 0.000547  0.085080  -0.017727  0.996243  0.031682  -0.080600  -0.027285  0.998109  0.055088  0.082193  -0.052682  0.995223  -0.000390  -0.008149  -0.001002  0.000000  0.000000  0.000000  2.000000  
30.302663 0.000547  0.085073  -0.017729  0.996237  0.031878  -0.080593  -0.027490  0.998109  0.054984  0.082193  -0.052561  0.995229  -0.000367  -0.008097  -0.001097  0.000000  0.000000  0.000000  2.000000  
30.303908 0.000546  0.085064  -0.017731  0.996237  0.031878  -0.080593  -0.027490  0.998109  0.054984  0.082193  -0.052561  0.995229  -0.000426  -0.008002  -0.001195  0.000000  0.000000  0.000000  2.000000  
30.304912 0.000546  0.085057  -0.017732  0.996237  0.031878  -0.080593  -0.027490  0.998109  0.054984  0.082193  -0.052561  0.995229  -0.000423  -0.007913  -0.001241  0.000000  0.000000  0.000000  2.000000  
30.305912 0.000546  0.085050  -0.017733  0.996232  0.032074  -0.080586  -0.027695  0.998109  0.054879  0.082193  -0.052441  0.995236  -0.000422  -0.007789  -0.001258  0.000000  0.000000  0.000000  2.000000  
30.306913 0.000546  0.085044  -0.017734  0.996232  0.032074  -0.080586  -0.027695  0.998109  0.054879  0.082193  -0.052441  0.995236  -0.000395  -0.007635  -0.001182  0.000000  0.000000  0.000000  2.000000  
30.308157 0.000545  0.085035  -0.017735  0.996221  0.032081  -0.080719  -0.027695  0.998109  0.054883  0.082327  -0.052440  0.995225  -0.000428  -0.007506  -0.001087  0.000000  0.000000  0.000000  2.000000  
30.309158 0.000545  0.085029  -0.017735  0.996215  0.032286  -0.080707  -0.027900  0.998102  0.054899  0.082327  -0.052440  0.995225  -0.000406  -0.007357  -0.001049  0.000000  0.000000  0.000000  2.000000  
30.310160 0.000544  0.085022  -0.017735  0.996215  0.032286  -0.080707  -0.027900  0.998102  0.054899  0.082327  -0.052440  0.995225  -0.000389  -0.007234  -0.000965  0.000000  0.000000  0.000000  2.000000  
30.311167 0.000544  0.085015  -0.017736  0.996215  0.032286  -0.080707  -0.027900  0.998102  0.054899  0.082327  -0.052440  0.995225  -0.000376  -0.007103  -0.000913  0.000000  0.000000  0.000000  2.000000  
30.312414 0.000543  0.085007  -0.017736  0.996215  0.032286  -0.080707  -0.027900  0.998102  0.054899  0.082327  -0.052440  0.995225  -0.000379  -0.007000  -0.000884  0.000000  0.000000  0.000000  2.000000  
30.313418 0.000543  0.085000  -0.017737  0.996215  0.032286  -0.080707  -0.027900  0.998102  0.054899  0.082327  -0.052440  0.995225  -0.000365  -0.006912  -0.000861  0.000000  0.000000  0.000000  2.000000  
30.314423 0.000543  0.084993  -0.017738  0.996215  0.032286  -0.080707  -0.027900  0.998102  0.054899  0.082327  -0.052440  0.995225  -0.000378  -0.006875  -0.000901  0.000000  0.000000  0.000000  2.000000  
30.315665 0.000543  0.084985  -0.017739  0.996198  0.032489  -0.080833  -0.028105  0.998102  0.054799  0.082460  -0.052319  0.995220  -0.000341  -0.006777  -0.000844  0.000000  0.000000  0.000000  2.000000  
30.316913 0.000543  0.084978  -0.017740  0.996198  0.032489  -0.080833  -0.028105  0.998102  0.054799  0.082460  -0.052319  0.995220  -0.000293  -0.006681  -0.000826  0.000000  0.000000  0.000000  2.000000  
30.318164 0.000543  0.084970  -0.017740  0.996198  0.032489  -0.080833  -0.028105  0.998102  0.054799  0.082460  -0.052319  0.995220  -0.000228  -0.006622  -0.000709  0.000000  0.000000  0.000000  2.000000  
30.319415 0.000544  0.084963  -0.017740  0.996198  0.032489  -0.080833  -0.028105  0.998102  0.054799  0.082460  -0.052319  0.995220  -0.000193  -0.006505  -0.000602  0.000000  0.000000  0.000000  2.000000  
30.320424 0.000544  0.084958  -0.017740  0.996198  0.032489  -0.080833  -0.028105  0.998102  0.054799  0.082460  -0.052319  0.995220  -0.000124  -0.006372  -0.000527  0.000000  0.000000  0.000000  2.000000  
30.321663 0.000545  0.084952  -0.017740  0.996198  0.032489  -0.080833  -0.028105  0.998102  0.054799  0.082460  -0.052319  0.995220  -0.000058  -0.006278  -0.000406  0.000000  0.000000  0.000000  2.000000  
30.322908 0.000545  0.084945  -0.017739  0.996187  0.032486  -0.080970  -0.028104  0.998108  0.054681  0.082593  -0.052197  0.995215  -0.000006  -0.006126  -0.000326  0.000000  0.000000  0.000000  2.000000  
30.323910 0.000545  0.084940  -0.017739  0.996187  0.032486  -0.080970  -0.028104  0.998108  0.054681  0.082593  -0.052197  0.995215  0.000029  -0.006026  -0.000246  0.000000  0.000000  0.000000  2.000000  
30.324921 0.000546  0.084935  -0.017738  0.996187  0.032486  -0.080970  -0.028104  0.998108  0.054681  0.082593  -0.052197  0.995215  0.000110  -0.005902  -0.000209  0.000000  0.000000  0.000000  2.000000  
30.326162 0.000545  0.084929  -0.017738  0.996176  0.032493  -0.081103  -0.028104  0.998108  0.054685  0.082727  -0.052197  0.995204  0.000121  -0.005760  -0.000160  0.000000  0.000000  0.000000  2.000000  
30.327409 0.000546  0.084923  -0.017738  0.996176  0.032493  -0.081103  -0.028104  0.998108  0.054685  0.082727  -0.052197  0.995204  0.000174  -0.005590  -0.000104  0.000000  0.000000  0.000000  2.000000  
30.328419 0.000546  0.084918  -0.017737  0.996176  0.032493  -0.081103  -0.028104  0.998108  0.054685  0.082727  -0.052197  0.995204  0.000184  -0.005424  0.000000  0.000000  0.000000  0.000000  2.000000  
30.329673 0.000546  0.084913  -0.017736  0.996165  0.032500  -0.081236  -0.028104  0.998108  0.054689  0.082860  -0.052196  0.995193  0.000216  -0.005242  0.000132  0.000000  0.000000  0.000000  2.000000  
30.330912 0.000546  0.084908  -0.017735  0.996165  0.032500  -0.081236  -0.028104  0.998108  0.054689  0.082860  -0.052196  0.995193  0.000234  -0.005081  0.000269  0.000000  0.000000  0.000000  2.000000  
30.331912 0.000546  0.084904  -0.017735  0.996154  0.032507  -0.081369  -0.028103  0.998108  0.054693  0.082993  -0.052196  0.995182  0.000202  -0.004948  0.000364  0.000000  0.000000  0.000000  2.000000  
30.333162 0.000547  0.084899  -0.017733  0.996154  0.032507  -0.081369  -0.028103  0.998108  0.054693  0.082993  -0.052196  0.995182  0.000225  -0.004747  0.000485  0.000000  0.000000  0.000000  2.000000  
30.334162 0.000547  0.084896  -0.017732  0.996143  0.032514  -0.081503  -0.028103  0.998107  0.054697  0.083127  -0.052195  0.995171  0.000216  -0.004598  0.000543  0.000000  0.000000  0.000000  2.000000  
30.335415 0.000547  0.084891  -0.017732  0.996137  0.032720  -0.081491  -0.028308  0.998101  0.054713  0.083127  -0.052195  0.995171  0.000186  -0.004471  0.000555  0.000000  0.000000  0.000000  2.000000  
30.336723 0.000547  0.084887  -0.017732  0.996126  0.032726  -0.081624  -0.028308  0.998101  0.054717  0.083260  -0.052194  0.995160  0.000172  -0.004249  0.000555  0.000000  0.000000  0.000000  2.000000  
30.337910 0.000547  0.084883  -0.017732  0.996126  0.032726  -0.081624  -0.028308  0.998101  0.054717  0.083260  -0.052194  0.995160  0.000134  -0.004141  0.000514  0.000000  0.000000  0.000000  2.000000  
30.339163 0.000547  0.084879  -0.017731  0.996115  0.032733  -0.081758  -0.028307  0.998100  0.054721  0.083393  -0.052194  0.995149  0.000076  -0.003987  0.000498  0.000000  0.000000  0.000000  2.000000  
30.340422 0.000546  0.084875  -0.017731  0.996103  0.032740  -0.081891  -0.028307  0.998100  0.054725  0.083527  -0.052193  0.995138  0.000050  -0.003809  0.000501  0.000000  0.000000  0.000000  2.000000  
30.341665 0.000546  0.084871  -0.017731  0.996092  0.032747  -0.082024  -0.028307  0.998100  0.054728  0.083660  -0.052193  0.995127  0.000015  -0.003669  0.000504  0.000000  0.000000  0.000000  2.000000  
30.342908 0.000546  0.084868  -0.017730  0.996081  0.032754  -0.082157  -0.028306  0.998100  0.054732  0.083793  -0.052192  0.995115  -0.000010  -0.003495  0.000507  0.000000  0.000000  0.000000  2.000000  
30.343913 0.000545  0.084866  -0.017728  0.996081  0.032754  -0.082157  -0.028306  0.998100  0.054732  0.083793  -0.052192  0.995115  -0.000030  -0.003298  0.000556  0.000000  0.000000  0.000000  2.000000  
30.344918 0.000545  0.084864  -0.017728  0.996070  0.032761  -0.082290  -0.028306  0.998100  0.054736  0.083927  -0.052192  0.995104  -0.000080  -0.003168  0.000550  0.000000  0.000000  0.000000  2.000000  
30.346163 0.000544  0.084861  -0.017727  0.996059  0.032768  -0.082423  -0.028306  0.998099  0.054740  0.084060  -0.052191  0.995093  -0.000146  -0.002989  0.000526  0.000000  0.000000  0.000000  2.000000  
30.347415 0.000544  0.084859  -0.017727  0.996041  0.032981  -0.082545  -0.028511  0.998092  0.054761  0.084193  -0.052190  0.995082  -0.000205  -0.002864  0.000464  0.000000  0.000000  0.000000  2.000000  
30.348661 0.000543  0.084857  -0.017726  0.996030  0.032988  -0.082678  -0.028510  0.998092  0.054764  0.084327  -0.052190  0.995070  -0.000251  -0.002715  0.000412  0.000000  0.000000  0.000000  2.000000  
30.349667 0.000542  0.084855  -0.017727  0.996019  0.032995  -0.082811  -0.028510  0.998092  0.054768  0.084460  -0.052189  0.995059  -0.000309  -0.002583  0.000357  0.000000  0.000000  0.000000  2.000000  
30.350668 0.000542  0.084854  -0.017727  0.996008  0.033002  -0.082944  -0.028510  0.998092  0.054772  0.084593  -0.052189  0.995048  -0.000335  -0.002405  0.000359  0.000000  0.000000  0.000000  2.000000  
30.351911 0.000542  0.084852  -0.017727  0.995996  0.033009  -0.083077  -0.028509  0.998092  0.054776  0.084727  -0.052188  0.995037  -0.000393  -0.002251  0.000344  0.000000  0.000000  0.000000  2.000000  
30.352912 0.000541  0.084851  -0.017726  0.995985  0.033016  -0.083210  -0.028509  0.998091  0.054780  0.084860  -0.052187  0.995025  -0.000411  -0.002099  0.000356  0.000000  0.000000  0.000000  2.000000  
30.353915 0.000540  0.084850  -0.017726  0.995974  0.033023  -0.083343  -0.028509  0.998091  0.054783  0.084993  -0.052187  0.995014  -0.000409  -0.001974  0.000338  0.000000  0.000000  0.000000  2.000000  
30.355161 0.000540  0.084849  -0.017726  0.995962  0.033030  -0.083476  -0.028508  0.998091  0.054787  0.085127  -0.052186  0.995003  -0.000435  -0.001798  0.000341  0.000000  0.000000  0.000000  2.000000  
30.356171 0.000540  0.084847  -0.017726  0.995951  0.033037  -0.083609  -0.028508  0.998091  0.054791  0.085260  -0.052186  0.994991  -0.000434  -0.001671  0.000323  0.000000  0.000000  0.000000  2.000000  
30.357418 0.000539  0.084847  -0.017726  0.995939  0.033044  -0.083743  -0.028508  0.998091  0.054795  0.085393  -0.052185  0.994980  -0.000429  -0.001525  0.000259  0.000000  0.000000  0.000000  2.000000  
30.358421 0.000539  0.084846  -0.017726  0.995928  0.033051  -0.083876  -0.028507  0.998090  0.054799  0.085527  -0.052184  0.994968  -0.000416  -0.001404  0.000204  0.000000  0.000000  0.000000  2.000000  
30.359667 0.000539  0.084845  -0.017727  0.995917  0.033058  -0.084009  -0.028507  0.998090  0.054802  0.085660  -0.052184  0.994957  -0.000382  -0.001291  0.000073  0.000000  0.000000  0.000000  2.000000  
30.360916 0.000538  0.084844  -0.017727  0.995894  0.033072  -0.084275  -0.028506  0.998090  0.054810  0.085926  -0.052183  0.994934  -0.000401  -0.001193  -0.000001  0.000000  0.000000  0.000000  2.000000  
30.362165 0.000538  0.084843  -0.017727  0.995882  0.033079  -0.084408  -0.028506  0.998090  0.054814  0.086060  -0.052182  0.994922  -0.000368  -0.001046  -0.000000  0.000000  0.000000  0.000000  2.000000  
30.363173 0.000538  0.084843  -0.017727  0.995871  0.033086  -0.084541  -0.028506  0.998089  0.054818  0.086193  -0.052181  0.994911  -0.000315  -0.000926  -0.000029  0.000000  0.000000  0.000000  2.000000  
30.364417 0.000538  0.084843  -0.017727  0.995859  0.033093  -0.084674  -0.028505  0.998089  0.054821  0.086326  -0.052181  0.994899  -0.000282  -0.000779  -0.000028  0.000000  0.000000  0.000000  2.000000  
30.365666 0.000538  0.084843  -0.017726  0.995836  0.033106  -0.084940  -0.028505  0.998089  0.054829  0.086593  -0.052180  0.994876  -0.000265  -0.000715  0.000019  0.000000  0.000000  0.000000  2.000000  
30.366914 0.000539  0.084844  -0.017725  0.995824  0.033113  -0.085073  -0.028504  0.998089  0.054833  0.086726  -0.052179  0.994865  -0.000171  -0.000533  0.000056  0.000000  0.000000  0.000000  2.000000  
30.368164 0.000539  0.084844  -0.017725  0.995813  0.033120  -0.085206  -0.028504  0.998088  0.054837  0.086860  -0.052178  0.994853  -0.000123  -0.000437  0.000074  0.000000  0.000000  0.000000  2.000000  
30.369416 0.000539  0.084845  -0.017725  0.995789  0.033134  -0.085472  -0.028503  0.998088  0.054844  0.087126  -0.052177  0.994830  -0.000091  -0.000305  0.000119  0.000000  0.000000  0.000000  2.000000  
30.370432 0.000540  0.084845  -0.017725  0.995778  0.033141  -0.085605  -0.028503  0.998088  0.054848  0.087259  -0.052177  0.994818  0.000011  -0.000197  0.000082  0.000000  0.000000  0.000000  2.000000  
30.371667 0.000540  0.084845  -0.017725  0.995766  0.033148  -0.085738  -0.028503  0.998088  0.054852  0.087393  -0.052176  0.994807  0.000066  -0.000123  0.000107  0.000000  0.000000  0.000000  2.000000  
30.372908 0.000541  0.084846  -0.017725  0.995754  0.033155  -0.085871  -0.028502  0.998087  0.054856  0.087526  -0.052175  0.994795  0.000118  -0.000006  0.000079  0.000000  0.000000  0.000000  2.000000  
30.373908 0.000541  0.084846  -0.017725  0.995731  0.033169  -0.086138  -0.028502  0.998087  0.054863  0.087793  -0.052174  0.994771  0.000174  0.000065  0.000107  0.000000  0.000000  0.000000  2.000000  
30.374990 0.000542  0.084847  -0.017724  0.995719  0.033187  -0.086267  -0.028501  0.998080  0.054988  0.087926  -0.052294  0.994753  0.000220  0.000140  0.000172  0.000000  0.000000  0.000000  2.000000  
30.376162 0.000542  0.084847  -0.017724  0.995707  0.033194  -0.086400  -0.028501  0.998080  0.054992  0.088059  -0.052294  0.994742  0.000281  0.000185  0.000206  0.000000  0.000000  0.000000  2.000000  
30.377413 0.000543  0.084847  -0.017724  0.995684  0.033208  -0.086666  -0.028500  0.998080  0.055000  0.088326  -0.052292  0.994718  0.000336  0.000255  0.000233  0.000000  0.000000  0.000000  2.000000  
30.378435 0.000544  0.084848  -0.017723  0.995672  0.033215  -0.086799  -0.028500  0.998079  0.055003  0.088459  -0.052292  0.994706  0.000374  0.000282  0.000254  0.000000  0.000000  0.000000  2.000000  
30.379665 0.000544  0.084848  -0.017722  0.995660  0.033222  -0.086932  -0.028500  0.998079  0.055007  0.088592  -0.052291  0.994694  0.000406  0.000306  0.000273  0.000000  0.000000  0.000000  2.000000  
30.380665 0.000545  0.084848  -0.017722  0.995636  0.033236  -0.087198  -0.028499  0.998079  0.055015  0.088859  -0.052290  0.994671  0.000431  0.000324  0.000286  0.000000  0.000000  0.000000  2.000000  
30.381912 0.000545  0.084848  -0.017722  0.995613  0.033250  -0.087464  -0.028498  0.998078  0.055023  0.089125  -0.052289  0.994647  0.000442  0.000321  0.000249  0.000000  0.000000  0.000000  2.000000  
30.382913 0.000546  0.084849  -0.017721  0.995601  0.033257  -0.087597  -0.028498  0.998078  0.055026  0.089259  -0.052288  0.994635  0.000442  0.000321  0.000249  0.000000  0.000000  0.000000  2.000000  
30.384162 0.000546  0.084849  -0.017721  0.995577  0.033271  -0.087863  -0.028497  0.998078  0.055034  0.089525  -0.052287  0.994611  0.000453  0.000317  0.000211  0.000000  0.000000  0.000000  2.000000  
30.385162 0.000546  0.084850  -0.017721  0.995565  0.033278  -0.087996  -0.028497  0.998078  0.055038  0.089658  -0.052286  0.994599  0.000485  0.000340  0.000229  0.000000  0.000000  0.000000  2.000000  
30.386168 0.000547  0.084850  -0.017720  0.995541  0.033292  -0.088262  -0.028496  0.998077  0.055045  0.089925  -0.052285  0.994575  0.000471  0.000353  0.000309  0.000000  0.000000  0.000000  2.000000  
30.387413 0.000547  0.084851  -0.017720  0.995517  0.033306  -0.088528  -0.028496  0.998077  0.055053  0.090191  -0.052284  0.994551  0.000463  0.000378  0.000300  0.000000  0.000000  0.000000  2.000000  
30.388413 0.000547  0.084851  -0.017720  0.995505  0.033313  -0.088661  -0.028495  0.998077  0.055057  0.090325  -0.052283  0.994539  0.000416  0.000336  0.000366  0.000000  0.000000  0.000000  2.000000  
30.389664 0.000547  0.084851  -0.017719  0.995480  0.033327  -0.088927  -0.028495  0.998076  0.055064  0.090591  -0.052282  0.994515  0.000374  0.000318  0.000388  0.000000  0.000000  0.000000  2.000000  
30.390664 0.000547  0.084851  -0.017719  0.995456  0.033341  -0.089193  -0.028494  0.998076  0.055072  0.090858  -0.052280  0.994491  0.000332  0.000318  0.000359  0.004043  0.169246  0.008887  2.000000  
30.391665 0.000547  0.084852  -0.017719  0.995432  0.033355  -0.089459  -0.028493  0.998075  0.055080  0.091124  -0.052279  0.994466  0.000292  0.000320  0.000332  0.004043  0.173704  0.009121  2.000000  
30.392908 0.000547  0.084852  -0.017719  0.995407  0.033369  -0.089725  -0.028492  0.998075  0.055087  0.091391  -0.052278  0.994442  0.000256  0.000292  0.000309  0.004044  0.173737  0.009123  2.000000  
30.393912 0.000547  0.084852  -0.017719  0.995395  0.033376  -0.089858  -0.028492  0.998075  0.055091  0.091524  -0.052277  0.994430  0.000236  0.000266  0.000254  0.004044  0.173726  0.009122  2.000000  
30.394917 0.000547  0.084851  -0.017719  0.995371  0.033390  -0.090124  -0.028491  0.998074  0.055099  0.091790  -0.052276  0.994405  0.000168  0.000249  0.000213  0.004077  0.179644  0.009433  2.000000  
30.396162 0.000547  0.084851  -0.017719  0.995334  0.033410  -0.090523  -0.028490  0.998074  0.055110  0.092190  -0.052274  0.994368  0.000103  0.000202  0.000177  0.004043  0.187072  0.009823  2.000000  
30.397163 0.000547  0.084851  -0.017719  0.995316  0.033623  -0.090645  -0.028695  0.998067  0.055133  0.092323  -0.052273  0.994356  0.000071  0.000179  0.000159  0.004698  0.183799  0.016554  2.000000  
30.398419 0.000547  0.084852  -0.017719  0.995278  0.033644  -0.091044  -0.028694  0.998066  0.055144  0.092723  -0.052271  0.994319  0.000071  0.000179  0.000159  0.004698  0.192731  0.017021  2.000000  
30.399669 0.000547  0.084852  -0.017718  0.995254  0.033658  -0.091310  -0.028693  0.998066  0.055152  0.092989  -0.052270  0.994294  0.000028  0.000159  0.000179  0.004700  0.197225  0.017257  2.000000  
30.400678 0.000547  0.084852  -0.017718  0.995229  0.033672  -0.091576  -0.028692  0.998065  0.055159  0.093256  -0.052269  0.994269  0.000039  0.000155  0.000141  0.004663  0.200065  0.017349  2.000000  
30.401683 0.000547  0.084852  -0.017718  0.995204  0.033686  -0.091842  -0.028692  0.998065  0.055167  0.093522  -0.052267  0.994244  0.000039  0.000156  0.000142  0.004700  0.206101  0.017719  2.000000  
30.402912 0.000548  0.084853  -0.017718  0.995160  0.033912  -0.092229  -0.028895  0.998057  0.055198  0.093922  -0.052265  0.994207  0.000051  0.000152  0.000103  0.005334  0.210362  0.024848  2.000000  
30.404158 0.000548  0.084853  -0.017718  0.995122  0.033933  -0.092628  -0.028894  0.998057  0.055209  0.094321  -0.052263  0.994169  0.000050  0.000150  0.000102  0.005293  0.217526  0.025109  2.000000  
30.405163 0.000548  0.084853  -0.017718  0.995084  0.033954  -0.093027  -0.028893  0.998056  0.055221  0.094721  -0.052261  0.994131  0.000062  0.000149  0.000065  0.001253  0.226433  0.025590  2.000000  
