1-Time 2-Px 3-Py 4-Pz 5-R11 6-R21 7-R31 8-R12 9-R22 10-R32 11-R13 12-R23 13-R33 14-Vx 15-Vy 16-Vz 17-Wx 18-Wy 19-Wz 20-state 21-PR11 22-PR21 23-PR31 24-PR12 25-PR22 26-PR32 27-PR13 28-PR23 29-PR33 
57.067010 0.005217  0.091269  -0.007214  0.999315  0.032025  0.018564  -0.032311  0.999361  0.015297  -0.018062  -0.015887  0.999711  -0.005632  -0.000287  -0.004347  0.001629  -0.223026  -0.114238  2.000000  
57.068011 0.005212  0.091269  -0.007219  0.999316  0.031815  0.018828  -0.032105  0.999368  0.015293  -0.018329  -0.015887  0.999706  -0.005575  -0.000268  -0.004397  0.001762  -0.222928  -0.121161  2.000000  
57.069261 0.005204  0.091267  -0.007225  0.999309  0.031807  0.019233  -0.032105  0.999366  0.015401  -0.018731  -0.016008  0.999696  -0.005607  -0.000374  -0.004450  0.009848  -0.227513  -0.114304  2.000000  
57.070275 0.005198  0.091265  -0.007231  0.999301  0.031800  0.019634  -0.032104  0.999366  0.015388  -0.019132  -0.016008  0.999689  -0.005652  -0.000511  -0.004556  0.009880  -0.231891  -0.114317  2.000000  
57.071508 0.005192  0.091261  -0.007237  0.999291  0.031789  0.020172  -0.032104  0.999364  0.015492  -0.019667  -0.016129  0.999676  -0.005656  -0.000721  -0.004619  0.013895  -0.241118  -0.107622  2.000000  
57.072510 0.005186  0.091258  -0.007242  0.999283  0.031783  0.020573  -0.032104  0.999365  0.015479  -0.020068  -0.016129  0.999669  -0.005661  -0.000875  -0.004643  0.013925  -0.250149  -0.107782  2.000000  
57.073759 0.005179  0.091255  -0.007248  0.999279  0.031566  0.021109  -0.031898  0.999370  0.015588  -0.020604  -0.016250  0.999656  -0.005613  -0.001115  -0.004752  0.018042  -0.259119  -0.107934  2.000000  
57.075009 0.005173  0.091250  -0.007254  0.999270  0.031559  0.021510  -0.031898  0.999370  0.015575  -0.021005  -0.016249  0.999647  -0.005589  -0.001373  -0.004786  0.018078  -0.263633  -0.108013  2.000000  
57.076261 0.005167  0.091246  -0.007259  0.999268  0.031344  0.021912  -0.031692  0.999375  0.015688  -0.021406  -0.016371  0.999637  -0.005506  -0.001650  -0.004767  0.022186  -0.268074  -0.108080  2.000000  
57.077299 0.005162  0.091243  -0.007264  0.999263  0.031337  0.022183  -0.031691  0.999373  0.015800  -0.021674  -0.016492  0.999629  -0.005439  -0.001851  -0.004774  0.026136  -0.267856  -0.101058  2.000000  
57.078509 0.005157  0.091238  -0.007269  0.999251  0.031328  0.022717  -0.031691  0.999373  0.015783  -0.022209  -0.016492  0.999617  -0.005286  -0.002133  -0.004749  0.026210  -0.277209  -0.101339  2.000000  
57.079509 0.005153  0.091234  -0.007272  0.999239  0.031317  0.023256  -0.031691  0.999371  0.015888  -0.022744  -0.016613  0.999603  -0.005202  -0.002377  -0.004644  0.030197  -0.286297  -0.094580  2.000000  
57.080754 0.005148  0.091230  -0.007276  0.999223  0.031306  0.023924  -0.031690  0.999372  0.015867  -0.023413  -0.016612  0.999588  -0.005045  -0.002697  -0.004517  0.029856  -0.301907  -0.087235  2.000000  
57.082009 0.005143  0.091224  -0.007279  0.999208  0.031295  0.024593  -0.031690  0.999372  0.015845  -0.024081  -0.016612  0.999572  -0.004928  -0.003013  -0.004315  0.030143  -0.313350  -0.088088  2.000000  
57.083255 0.005137  0.091218  -0.007282  0.999191  0.031283  0.025261  -0.031689  0.999373  0.015824  -0.024750  -0.016612  0.999556  -0.004866  -0.003394  -0.004117  0.029803  -0.324316  -0.080735  2.000000  
57.084260 0.005132  0.091212  -0.007284  0.999181  0.031277  0.025662  -0.031689  0.999373  0.015811  -0.025151  -0.016612  0.999546  -0.004843  -0.003672  -0.003920  0.029930  -0.331552  -0.074545  2.000000  
57.085267 0.005126  0.091206  -0.007287  0.999178  0.031061  0.026064  -0.031483  0.999377  0.015925  -0.025553  -0.016733  0.999533  -0.004833  -0.003929  -0.003737  0.034159  -0.340361  -0.081611  2.000000  
57.086508 0.005119  0.091198  -0.007291  0.999160  0.031050  0.026732  -0.031482  0.999378  0.015904  -0.026222  -0.016732  0.999516  -0.004837  -0.004212  -0.003604  0.034097  -0.349892  -0.074934  2.000000  
57.087759 0.005112  0.091190  -0.007295  0.999146  0.031038  0.027270  -0.031482  0.999376  0.016009  -0.026757  -0.016853  0.999500  -0.004859  -0.004549  -0.003485  0.033956  -0.358786  -0.068161  2.000000  
57.088759 0.005106  0.091183  -0.007299  0.999132  0.031029  0.027805  -0.031481  0.999376  0.015992  -0.027292  -0.016853  0.999485  -0.004863  -0.004789  -0.003405  0.033964  -0.372135  -0.068355  2.000000  
57.090010 0.005099  0.091174  -0.007305  0.999109  0.031012  0.028611  -0.031481  0.999375  0.016088  -0.028094  -0.016974  0.999461  -0.004921  -0.005091  -0.003403  0.037939  -0.390431  -0.061789  2.000000  
57.091260 0.005092  0.091166  -0.007311  0.999090  0.030997  0.029283  -0.031480  0.999373  0.016188  -0.028763  -0.017095  0.999440  -0.004998  -0.005360  -0.003416  0.041869  -0.399343  -0.055014  2.000000  
57.092509 0.005084  0.091157  -0.007317  0.999071  0.030982  0.029955  -0.031479  0.999372  0.016288  -0.029431  -0.017216  0.999419  -0.005126  -0.005677  -0.003472  0.045807  -0.412949  -0.048346  2.000000  
57.093757 0.005076  0.091147  -0.007323  0.999055  0.030969  0.030493  -0.031479  0.999370  0.016392  -0.029966  -0.017337  0.999401  -0.005368  -0.006043  -0.003605  0.049495  -0.418513  -0.048126  2.000000  
57.095015 0.005067  0.091138  -0.007330  0.999039  0.030956  0.031032  -0.031478  0.999368  0.016497  -0.030501  -0.017458  0.999382  -0.005616  -0.006383  -0.003746  0.053823  -0.431012  -0.041776  2.000000  
57.096260 0.005058  0.091127  -0.007336  0.999022  0.030943  0.031570  -0.031478  0.999367  0.016601  -0.031036  -0.017579  0.999364  -0.005939  -0.006724  -0.003947  0.057291  -0.436663  -0.034762  2.000000  
57.097508 0.005048  0.091117  -0.007342  0.999006  0.030933  0.032105  -0.031477  0.999367  0.016584  -0.031571  -0.017578  0.999347  -0.006219  -0.007027  -0.004211  0.057294  -0.445521  -0.034906  2.000000  
57.098754 0.005037  0.091107  -0.007348  0.998989  0.030924  0.032639  -0.031477  0.999367  0.016567  -0.032106  -0.017578  0.999330  -0.006476  -0.007251  -0.004370  0.053096  -0.454628  -0.028227  2.000000  
57.099756 0.005029  0.091098  -0.007353  0.998976  0.030917  0.033040  -0.031476  0.999367  0.016555  -0.032507  -0.017578  0.999317  -0.006650  -0.007416  -0.004526  0.053092  -0.454522  -0.028221  2.000000  
57.100756 0.005020  0.091089  -0.007359  0.998952  0.031109  0.033582  -0.031682  0.999359  0.016652  -0.033042  -0.017699  0.999297  -0.006901  -0.007601  -0.004694  0.056969  -0.454659  -0.021390  2.000000  
57.101764 0.005011  0.091081  -0.007364  0.998934  0.031100  0.034116  -0.031681  0.999360  0.016635  -0.033577  -0.017698  0.999279  -0.007148  -0.007730  -0.004828  0.053361  -0.458335  -0.021590  2.000000  
57.103011 0.004999  0.091070  -0.007370  0.998916  0.031090  0.034651  -0.031680  0.999360  0.016618  -0.034112  -0.017698  0.999261  -0.007432  -0.007896  -0.004978  0.052958  -0.459275  -0.021500  2.000000  
57.104262 0.004987  0.091060  -0.007377  0.998897  0.031081  0.035185  -0.031680  0.999360  0.016601  -0.034647  -0.017698  0.999243  -0.007733  -0.007976  -0.005104  0.049113  -0.463003  -0.014781  2.000000  
57.105509 0.004975  0.091050  -0.007385  0.998883  0.031074  0.035586  -0.031679  0.999360  0.016589  -0.035048  -0.017698  0.999229  -0.008055  -0.008054  -0.005209  0.045040  -0.463010  -0.014809  2.000000  
57.106759 0.004963  0.091040  -0.007393  0.998869  0.031062  0.035991  -0.031679  0.999359  0.016697  -0.035449  -0.017819  0.999213  -0.008403  -0.008136  -0.005332  0.044851  -0.463196  -0.007951  2.000000  
57.107759 0.004954  0.091032  -0.007400  0.998860  0.031057  0.036258  -0.031679  0.999359  0.016689  -0.035717  -0.017818  0.999203  -0.008596  -0.008194  -0.005474  0.044842  -0.458606  -0.007872  2.000000  
57.109009 0.004941  0.091021  -0.007409  0.998840  0.031048  0.036793  -0.031678  0.999359  0.016672  -0.036251  -0.017818  0.999184  -0.008916  -0.008330  -0.005657  0.044477  -0.459326  -0.007884  2.000000  
57.110273 0.004927  0.091009  -0.007419  0.998821  0.031034  0.037331  -0.031677  0.999357  0.016776  -0.036786  -0.017939  0.999162  -0.009239  -0.008443  -0.005844  0.044823  -0.453914  -0.007847  2.000000  
57.111511 0.004913  0.090996  -0.007430  0.998801  0.031024  0.037865  -0.031677  0.999358  0.016759  -0.037321  -0.017938  0.999142  -0.009551  -0.008629  -0.006196  0.044839  -0.449575  -0.007772  2.000000  
57.112758 0.004899  0.090983  -0.007440  0.998774  0.031216  0.038407  -0.031882  0.999350  0.016855  -0.037856  -0.018059  0.999120  -0.009825  -0.008830  -0.006469  0.048306  -0.446067  -0.000878  2.000000  
57.113759 0.004887  0.090972  -0.007449  0.998764  0.031211  0.038674  -0.031881  0.999350  0.016847  -0.038123  -0.018059  0.999110  -0.010018  -0.008976  -0.006734  0.048701  -0.440742  -0.000729  2.000000  
57.115004 0.004873  0.090959  -0.007459  0.998744  0.031201  0.039209  -0.031881  0.999350  0.016830  -0.038658  -0.018059  0.999089  -0.010255  -0.009109  -0.006983  0.044265  -0.441691  -0.000827  2.000000  
57.116009 0.004861  0.090949  -0.007467  0.998733  0.031196  0.039476  -0.031880  0.999350  0.016821  -0.038926  -0.018059  0.999079  -0.010481  -0.009211  -0.007148  0.044408  -0.432023  0.006317  2.000000  
57.117259 0.004847  0.090937  -0.007476  0.998718  0.031184  0.039881  -0.031880  0.999348  0.016930  -0.039327  -0.018179  0.999061  -0.010631  -0.009332  -0.007329  0.044028  -0.428380  0.006212  2.000000  
57.118268 0.004835  0.090926  -0.007484  0.998702  0.031177  0.040281  -0.031879  0.999349  0.016917  -0.039728  -0.018179  0.999045  -0.010831  -0.009489  -0.007513  0.044019  -0.423895  0.006290  2.000000  
57.119509 0.004820  0.090914  -0.007494  0.998679  0.031375  0.040686  -0.032085  0.999342  0.016896  -0.040129  -0.018179  0.999029  -0.011024  -0.009682  -0.007723  0.039734  -0.415082  0.013278  2.000000  
57.120511 0.004808  0.090904  -0.007502  0.998663  0.031368  0.041086  -0.032084  0.999343  0.016883  -0.040530  -0.018179  0.999013  -0.011178  -0.009812  -0.007822  0.035679  -0.406156  0.013409  2.000000  
57.121758 0.004793  0.090891  -0.007511  0.998640  0.031566  0.041491  -0.032289  0.999336  0.016862  -0.040931  -0.018178  0.998997  -0.011346  -0.009936  -0.007877  0.031646  -0.396187  0.020650  2.000000  
57.123012 0.004778  0.090878  -0.007520  0.998618  0.031557  0.042025  -0.032288  0.999337  0.016844  -0.041466  -0.018178  0.998975  -0.011601  -0.010141  -0.007913  0.027552  -0.391692  0.020705  2.000000  
57.124261 0.004762  0.090866  -0.007530  0.998601  0.031549  0.042426  -0.032288  0.999337  0.016831  -0.041867  -0.018178  0.998958  -0.011727  -0.010186  -0.007911  0.027313  -0.388453  0.020533  2.000000  
57.125507 0.004746  0.090852  -0.007539  0.998578  0.031748  0.042830  -0.032493  0.999331  0.016810  -0.042268  -0.018177  0.998941  -0.011936  -0.010302  -0.007868  0.023009  -0.384153  0.027448  2.000000  
57.126508 0.004732  0.090841  -0.007547  0.998566  0.031743  0.043097  -0.032492  0.999331  0.016801  -0.042535  -0.018177  0.998930  -0.012032  -0.010306  -0.007805  0.019111  -0.382835  0.027732  2.000000  
57.127756 0.004716  0.090827  -0.007557  0.998543  0.031941  0.043501  -0.032697  0.999324  0.016779  -0.042936  -0.018177  0.998912  -0.012170  -0.010347  -0.007768  0.018838  -0.378504  0.034730  2.000000  
57.129010 0.004700  0.090814  -0.007566  0.998525  0.031934  0.043902  -0.032697  0.999325  0.016766  -0.043337  -0.018176  0.998895  -0.012267  -0.010379  -0.007696  0.018810  -0.369402  0.034880  2.000000  
57.130272 0.004684  0.090800  -0.007576  0.998495  0.032130  0.044440  -0.032902  0.999318  0.016739  -0.043872  -0.018176  0.998872  -0.012345  -0.010459  -0.007696  0.014442  -0.369428  0.041757  2.000000  
57.131504 0.004669  0.090786  -0.007587  0.998478  0.032123  0.044841  -0.032901  0.999319  0.016726  -0.044273  -0.018176  0.998854  -0.012421  -0.010554  -0.007743  0.014576  -0.362005  0.034658  2.000000  
57.132509 0.004657  0.090775  -0.007595  0.998453  0.032316  0.045249  -0.033106  0.999310  0.016825  -0.044674  -0.018297  0.998834  -0.012467  -0.010620  -0.007761  0.018331  -0.362077  0.041487  2.000000  
57.133758 0.004642  0.090761  -0.007605  0.998428  0.032514  0.045653  -0.033311  0.999304  0.016802  -0.045075  -0.018296  0.998816  -0.012470  -0.010651  -0.007761  0.018036  -0.357742  0.048423  2.000000  
57.134759 0.004629  0.090750  -0.007614  0.998416  0.032509  0.045920  -0.033311  0.999304  0.016793  -0.045342  -0.018296  0.998804  -0.012540  -0.010754  -0.007842  0.018167  -0.356217  0.048905  2.000000  
57.136009 0.004614  0.090736  -0.007624  0.998391  0.032708  0.046324  -0.033516  0.999297  0.016770  -0.045743  -0.018296  0.998786  -0.012544  -0.010877  -0.007909  0.013788  -0.356353  0.055797  2.000000  
57.137011 0.004602  0.090724  -0.007631  0.998379  0.032703  0.046591  -0.033515  0.999298  0.016761  -0.046010  -0.018295  0.998773  -0.012550  -0.010925  -0.007863  0.013658  -0.353418  0.055336  2.000000  
57.138271 0.004586  0.090710  -0.007640  0.998347  0.032899  0.047129  -0.033720  0.999291  0.016733  -0.046545  -0.018295  0.998749  -0.012547  -0.011061  -0.007878  0.013443  -0.351854  0.062766  2.000000  
57.139508 0.004571  0.090695  -0.007649  0.998328  0.032891  0.047530  -0.033719  0.999291  0.016720  -0.046946  -0.018295  0.998730  -0.012513  -0.011168  -0.007877  0.009266  -0.349071  0.062246  2.000000  
57.140512 0.004559  0.090684  -0.007656  0.998302  0.033090  0.047934  -0.033924  0.999285  0.016697  -0.047347  -0.018294  0.998711  -0.012422  -0.011165  -0.007850  0.008953  -0.349336  0.069128  2.000000  
57.141758 0.004544  0.090670  -0.007665  0.998276  0.033288  0.048338  -0.034129  0.999278  0.016673  -0.047748  -0.018294  0.998692  -0.012420  -0.011320  -0.007820  0.008989  -0.347637  0.069762  2.000000  
57.142759 0.004531  0.090658  -0.007673  0.998257  0.033281  0.048738  -0.034128  0.999279  0.016659  -0.048149  -0.018294  0.998673  -0.012351  -0.011302  -0.007721  0.004880  -0.347598  0.069731  2.000000  
57.143763 0.004519  0.090647  -0.007680  0.998231  0.033479  0.049143  -0.034333  0.999272  0.016635  -0.048550  -0.018293  0.998653  -0.012327  -0.011324  -0.007742  0.004549  -0.347658  0.076627  2.000000  
57.145012 0.004503  0.090632  -0.007690  0.998211  0.033472  0.049543  -0.034332  0.999272  0.016622  -0.048951  -0.018293  0.998634  -0.012290  -0.011352  -0.007706  0.004516  -0.347726  0.076641  2.000000  
57.146269 0.004488  0.090618  -0.007700  0.998184  0.033670  0.049947  -0.034537  0.999266  0.016598  -0.049352  -0.018293  0.998614  -0.012262  -0.011354  -0.007681  0.000100  -0.347718  0.083496  2.000000  
57.147508 0.004473  0.090604  -0.007710  0.998158  0.033661  0.050481  -0.034536  0.999266  0.016579  -0.049886  -0.018292  0.998587  -0.012286  -0.011357  -0.007698  0.000052  -0.347903  0.083539  2.000000  
57.148754 0.004457  0.090590  -0.007720  0.998130  0.033859  0.050885  -0.034741  0.999259  0.016555  -0.050287  -0.018292  0.998567  -0.012303  -0.011430  -0.007696  0.000022  -0.349529  0.082775  2.000000  
57.149754 0.004445  0.090579  -0.007728  0.998110  0.033852  0.051286  -0.034740  0.999259  0.016541  -0.050688  -0.018291  0.998547  -0.012286  -0.011398  -0.007641  -0.000014  -0.349524  0.082773  2.000000  
57.150756 0.004432  0.090567  -0.007737  0.998083  0.034050  0.051690  -0.034945  0.999253  0.016516  -0.051089  -0.018291  0.998527  -0.012347  -0.011446  -0.007678  -0.000358  -0.354042  0.089528  2.000000  
57.151762 0.004419  0.090554  -0.007745  0.998062  0.034043  0.052090  -0.034945  0.999253  0.016502  -0.051490  -0.018291  0.998506  -0.012377  -0.011529  -0.007729  -0.000086  -0.352408  0.083452  2.000000  
57.153011 0.004403  0.090539  -0.007756  0.998034  0.034241  0.052494  -0.035149  0.999246  0.016477  -0.051891  -0.018290  0.998485  -0.012432  -0.011570  -0.007853  -0.000441  -0.349582  0.089606  2.000000  
57.154271 0.004387  0.090524  -0.007767  0.998006  0.034231  0.053028  -0.035148  0.999247  0.016459  -0.052425  -0.018290  0.998457  -0.012489  -0.011612  -0.007979  -0.000490  -0.356838  0.090229  2.000000  
57.155510 0.004370  0.090508  -0.007778  0.997978  0.034430  0.053432  -0.035353  0.999240  0.016433  -0.052826  -0.018289  0.998436  -0.012610  -0.011741  -0.008094  -0.000529  -0.357006  0.090270  2.000000  
57.156757 0.004354  0.090493  -0.007788  0.997956  0.034416  0.053837  -0.035352  0.999238  0.016541  -0.053227  -0.018410  0.998413  -0.012675  -0.011745  -0.008186  0.003519  -0.357997  0.090496  2.000000  
57.157758 0.004340  0.090481  -0.007796  0.997942  0.034411  0.054104  -0.035352  0.999238  0.016531  -0.053494  -0.018410  0.998398  -0.012737  -0.011794  -0.008223  0.003811  -0.352429  0.083426  2.000000  
57.158759 0.004327  0.090469  -0.007804  0.997913  0.034609  0.054508  -0.035556  0.999231  0.016506  -0.053895  -0.018409  0.998377  -0.012809  -0.011821  -0.008272  0.003444  -0.357022  0.090246  2.000000  
57.159762 0.004313  0.090457  -0.007813  0.997899  0.034604  0.054775  -0.035556  0.999232  0.016496  -0.054162  -0.018409  0.998362  -0.012920  -0.011882  -0.008304  0.003750  -0.352324  0.083398  2.000000  
57.161004 0.004295  0.090442  -0.007824  0.997870  0.034803  0.055179  -0.035761  0.999225  0.016471  -0.054563  -0.018409  0.998341  -0.013079  -0.011967  -0.008364  0.003345  -0.349607  0.089577  2.000000  
57.162006 0.004281  0.090430  -0.007832  0.997848  0.034795  0.055579  -0.035760  0.999225  0.016456  -0.054964  -0.018408  0.998319  -0.013180  -0.011990  -0.008390  -0.000399  -0.352367  0.083382  2.000000  
57.163007 0.004267  0.090418  -0.007841  0.997833  0.034790  0.055846  -0.035759  0.999225  0.016447  -0.055231  -0.018408  0.998304  -0.013306  -0.012094  -0.008469  -0.000419  -0.349498  0.082702  2.000000  
57.164012 0.004252  0.090405  -0.007850  0.997811  0.034991  0.056117  -0.035964  0.999218  0.016425  -0.055498  -0.018408  0.998289  -0.013472  -0.012151  -0.008495  -0.000453  -0.347820  0.083450  2.000000  
57.165255 0.004234  0.090390  -0.007861  0.997789  0.034977  0.056521  -0.035963  0.999216  0.016532  -0.055899  -0.018528  0.998265  -0.013648  -0.012195  -0.008532  0.003566  -0.349577  0.082696  2.000000  
57.166261 0.004219  0.090378  -0.007870  0.997774  0.034972  0.056788  -0.035963  0.999217  0.016523  -0.056166  -0.018528  0.998250  -0.013860  -0.012242  -0.008638  0.003917  -0.347740  0.076527  2.000000  
57.167263 0.004204  0.090365  -0.007880  0.997759  0.034967  0.057055  -0.035962  0.999217  0.016513  -0.056433  -0.018528  0.998234  -0.013951  -0.012231  -0.008666  0.003889  -0.343201  0.076599  2.000000  
57.168264 0.004188  0.090352  -0.007889  0.997743  0.034962  0.057322  -0.035962  0.999217  0.016503  -0.056700  -0.018528  0.998219  -0.014128  -0.012275  -0.008743  0.004191  -0.340368  0.069140  2.000000  
57.169510 0.004168  0.090336  -0.007902  0.997721  0.035163  0.057592  -0.036167  0.999210  0.016482  -0.056967  -0.018527  0.998204  -0.014332  -0.012304  -0.008848  0.004195  -0.334183  0.069875  2.000000  
57.170757 0.004149  0.090320  -0.007914  0.997698  0.035148  0.057997  -0.036166  0.999208  0.016589  -0.057368  -0.018648  0.998179  -0.014510  -0.012387  -0.008974  0.008177  -0.335835  0.069183  2.000000  
57.171759 0.004133  0.090307  -0.007924  0.997682  0.035143  0.058264  -0.036165  0.999208  0.016579  -0.057635  -0.018648  0.998164  -0.014677  -0.012386  -0.009049  0.008582  -0.329588  0.063030  2.000000  
57.173010 0.004114  0.090291  -0.007936  0.997667  0.035131  0.058535  -0.036165  0.999206  0.016690  -0.057902  -0.018768  0.998146  -0.014856  -0.012472  -0.009176  0.012635  -0.325061  0.063086  2.000000  
57.174257 0.004094  0.090275  -0.007948  0.997651  0.035126  0.058802  -0.036164  0.999207  0.016681  -0.058170  -0.018768  0.998130  -0.015041  -0.012517  -0.009264  0.012874  -0.317770  0.055790  2.000000  
57.175260 0.004079  0.090263  -0.007957  0.997644  0.035124  0.058936  -0.036164  0.999207  0.016676  -0.058303  -0.018768  0.998122  -0.015148  -0.012573  -0.009335  0.012857  -0.308831  0.055952  2.000000  
57.176262 0.004063  0.090250  -0.007967  0.997621  0.035317  0.059210  -0.036369  0.999198  0.016775  -0.058570  -0.018889  0.998105  -0.015295  -0.012612  -0.009386  0.016887  -0.308897  0.055943  2.000000  
57.177506 0.004043  0.090233  -0.007978  0.997613  0.035315  0.059344  -0.036368  0.999198  0.016770  -0.058704  -0.018889  0.998097  -0.015441  -0.012690  -0.009445  0.016863  -0.295469  0.056182  2.000000  
57.178507 0.004026  0.090220  -0.007988  0.997597  0.035310  0.059611  -0.036368  0.999198  0.016761  -0.058971  -0.018888  0.998081  -0.015589  -0.012759  -0.009492  0.017360  -0.293283  0.049821  2.000000  
57.179509 0.004010  0.090207  -0.007997  0.997589  0.035300  0.059748  -0.036367  0.999196  0.016877  -0.059105  -0.019009  0.998071  -0.015706  -0.012807  -0.009525  0.021421  -0.284280  0.049968  2.000000  
57.180756 0.003989  0.090191  -0.008008  0.997573  0.035295  0.060015  -0.036367  0.999196  0.016867  -0.059372  -0.019009  0.998055  -0.015830  -0.012878  -0.009514  0.021786  -0.275223  0.043237  2.000000  
57.181756 0.003973  0.090178  -0.008018  0.997565  0.035292  0.060149  -0.036367  0.999196  0.016862  -0.059505  -0.019009  0.998047  -0.015854  -0.012871  -0.009541  0.021598  -0.268500  0.042965  2.000000  
57.183011 0.003954  0.090162  -0.008029  0.997549  0.035280  0.060420  -0.036366  0.999194  0.016974  -0.059772  -0.019129  0.998029  -0.015876  -0.012892  -0.009493  0.026216  -0.261551  0.036556  2.000000  
57.184261 0.003934  0.090147  -0.008041  0.997541  0.035277  0.060553  -0.036366  0.999194  0.016969  -0.059906  -0.019129  0.998021  -0.015920  -0.012873  -0.009448  0.025999  -0.250569  0.036434  2.000000  
57.185266 0.003918  0.090133  -0.008050  0.997533  0.035275  0.060687  -0.036365  0.999195  0.016964  -0.060039  -0.019129  0.998013  -0.015946  -0.012876  -0.009419  0.026583  -0.243421  0.029982  2.000000  
57.186270 0.003902  0.090121  -0.008060  0.997525  0.035265  0.060824  -0.036365  0.999193  0.017080  -0.060173  -0.019250  0.998002  -0.015909  -0.012831  -0.009380  0.026569  -0.238865  0.030029  2.000000  
57.187509 0.003883  0.090105  -0.008072  0.997509  0.035252  0.061096  -0.036365  0.999191  0.017192  -0.060440  -0.019371  0.997984  -0.015953  -0.012862  -0.009404  0.030645  -0.234468  0.030112  2.000000  
57.188509 0.003867  0.090092  -0.008081  0.997501  0.035250  0.061229  -0.036364  0.999191  0.017187  -0.060574  -0.019371  0.997976  -0.015920  -0.012830  -0.009380  0.030782  -0.227977  0.023100  2.000000  
57.189759 0.003848  0.090077  -0.008092  0.997493  0.035239  0.061367  -0.036364  0.999189  0.017303  -0.060707  -0.019492  0.997965  -0.015884  -0.012825  -0.009349  0.034815  -0.219036  0.023253  2.000000  
57.191009 0.003829  0.090060  -0.008104  0.997477  0.035435  0.061508  -0.036569  0.999180  0.017407  -0.060841  -0.019612  0.997955  -0.015841  -0.012845  -0.009307  0.039173  -0.207373  0.023690  2.000000  
57.192010 0.003814  0.090047  -0.008113  0.997469  0.035433  0.061642  -0.036569  0.999180  0.017402  -0.060974  -0.019612  0.997947  -0.015754  -0.012813  -0.009288  0.039187  -0.202976  0.023787  2.000000  
57.193261 0.003795  0.090031  -0.008124  0.997461  0.035422  0.061779  -0.036568  0.999178  0.017518  -0.061108  -0.019733  0.997936  -0.015653  -0.012822  -0.009218  0.043230  -0.193850  0.023930  2.000000  
57.194268 0.003780  0.090018  -0.008133  0.997453  0.035412  0.061917  -0.036568  0.999176  0.017635  -0.061241  -0.019854  0.997925  -0.015555  -0.012820  -0.009216  0.043620  -0.184698  0.017170  2.000000  
57.195512 0.003762  0.090002  -0.008143  0.997445  0.035402  0.062055  -0.036568  0.999174  0.017751  -0.061375  -0.019975  0.997915  -0.015410  -0.012786  -0.009105  0.047695  -0.180215  0.017246  2.000000  
57.196754 0.003743  0.089987  -0.008153  0.997436  0.035399  0.062188  -0.036567  0.999174  0.017746  -0.061509  -0.019975  0.997907  -0.015356  -0.012771  -0.008984  0.047316  -0.174338  0.017197  2.000000  
57.197756 0.003729  0.089974  -0.008161  0.997436  0.035392  0.062192  -0.036567  0.999171  0.017867  -0.061509  -0.020096  0.997904  -0.015268  -0.012721  -0.008906  0.051350  -0.165397  0.017356  2.000000  
57.199008 0.003710  0.089960  -0.008170  0.997421  0.035587  0.062334  -0.036773  0.999162  0.017971  -0.061642  -0.020217  0.997894  -0.015180  -0.012646  -0.008771  0.000000  0.000000  0.000000  2.000000  
57.200010 0.003696  0.089948  -0.008178  0.997412  0.035585  0.062467  -0.036772  0.999162  0.017966  -0.061776  -0.020217  0.997885  -0.015050  -0.012563  -0.008681  0.000000  0.000000  0.000000  2.000000  
57.201260 0.003678  0.089934  -0.008187  0.997412  0.035577  0.062472  -0.036772  0.999160  0.018087  -0.061776  -0.020338  0.997883  -0.014960  -0.012501  -0.008482  0.000000  0.000000  0.000000  2.000000  
57.202275 0.003664  0.089922  -0.008195  0.997404  0.035567  0.062609  -0.036772  0.999158  0.018203  -0.061909  -0.020458  0.997872  -0.014817  -0.012392  -0.008324  0.000000  0.000000  0.000000  2.000000  
57.203517 0.003645  0.089908  -0.008204  0.997404  0.035559  0.062614  -0.036772  0.999156  0.018325  -0.061909  -0.020579  0.997870  -0.014777  -0.012279  -0.008171  0.000000  0.000000  0.000000  2.000000  
57.204763 0.003627  0.089894  -0.008213  0.997388  0.035754  0.062755  -0.036977  0.999146  0.018428  -0.062043  -0.020700  0.997859  -0.014733  -0.012163  -0.008015  0.000000  0.000000  0.000000  2.000000  
57.206009 0.003609  0.089879  -0.008222  0.997388  0.035747  0.062760  -0.036977  0.999144  0.018549  -0.062043  -0.020821  0.997856  -0.014696  -0.012053  -0.007863  0.000000  0.000000  0.000000  2.000000  
57.207260 0.003591  0.089865  -0.008231  0.997388  0.035739  0.062764  -0.036977  0.999142  0.018670  -0.062043  -0.020942  0.997854  -0.014611  -0.011902  -0.007681  0.000000  0.000000  0.000000  2.000000  
57.208261 0.003576  0.089853  -0.008238  0.997372  0.035934  0.062905  -0.037182  0.999132  0.018774  -0.062176  -0.021063  0.997843  -0.014633  -0.011850  -0.007597  0.000000  0.000000  0.000000  2.000000  
57.209509 0.003558  0.089839  -0.008247  0.997372  0.035927  0.062910  -0.037182  0.999130  0.018895  -0.062176  -0.021184  0.997840  -0.014579  -0.011701  -0.007454  0.000000  0.000000  0.000000  2.000000  
57.210754 0.003539  0.089825  -0.008256  0.997372  0.035912  0.062919  -0.037182  0.999125  0.019137  -0.062176  -0.021426  0.997835  -0.014587  -0.011654  -0.007406  0.000000  0.000000  0.000000  2.000000  
57.211760 0.003525  0.089813  -0.008263  0.997365  0.036110  0.062927  -0.037387  0.999116  0.019245  -0.062176  -0.021547  0.997833  -0.014569  -0.011580  -0.007323  0.000000  0.000000  0.000000  2.000000  
57.213012 0.003506  0.089799  -0.008272  0.997365  0.036102  0.062931  -0.037387  0.999113  0.019367  -0.062176  -0.021668  0.997830  -0.014582  -0.011495  -0.007252  0.000000  0.000000  0.000000  2.000000  
57.214256 0.003488  0.089785  -0.008281  0.997365  0.036094  0.062936  -0.037387  0.999111  0.019488  -0.062176  -0.021789  0.997827  -0.014591  -0.011451  -0.007208  0.000000  0.000000  0.000000  2.000000  
57.215258 0.003473  0.089774  -0.008287  0.997357  0.036292  0.062944  -0.037593  0.999101  0.019596  -0.062176  -0.021911  0.997825  -0.014616  -0.011454  -0.007177  0.000000  0.000000  0.000000  2.000000  
57.216259 0.003459  0.089763  -0.008295  0.997357  0.036277  0.062953  -0.037593  0.999096  0.019838  -0.062176  -0.022153  0.997819  -0.014618  -0.011392  -0.007188  0.000000  0.000000  0.000000  2.000000  
57.217259 0.003444  0.089751  -0.008302  0.997357  0.036270  0.062957  -0.037593  0.999094  0.019960  -0.062176  -0.022274  0.997817  -0.014697  -0.011394  -0.007153  0.000000  0.000000  0.000000  2.000000  
57.218275 0.003429  0.089740  -0.008309  0.997349  0.036468  0.062966  -0.037798  0.999084  0.020068  -0.062176  -0.022395  0.997814  -0.014671  -0.011356  -0.007102  0.000000  0.000000  0.000000  2.000000  
57.219510 0.003410  0.089727  -0.008317  0.997349  0.036460  0.062970  -0.037798  0.999081  0.020189  -0.062176  -0.022516  0.997811  -0.014727  -0.011340  -0.007047  0.000000  0.000000  0.000000  2.000000  
57.220511 0.003395  0.089715  -0.008324  0.997341  0.036658  0.062979  -0.038003  0.999071  0.020297  -0.062176  -0.022637  0.997808  -0.014756  -0.011345  -0.007025  0.000000  0.000000  0.000000  2.000000  
57.221759 0.003376  0.089701  -0.008332  0.997341  0.036650  0.062983  -0.038003  0.999069  0.020418  -0.062176  -0.022758  0.997806  -0.014779  -0.011314  -0.006998  0.000000  0.000000  0.000000  2.000000  
57.223020 0.003357  0.089686  -0.008340  0.997341  0.036635  0.062992  -0.038003  0.999064  0.020661  -0.062176  -0.023000  0.997800  -0.014827  -0.011321  -0.006941  0.000000  0.000000  0.000000  2.000000  
57.224262 0.003338  0.089672  -0.008349  0.997342  0.036836  0.062867  -0.038209  0.999054  0.020774  -0.062043  -0.023121  0.997806  -0.014886  -0.011320  -0.006936  0.000000  0.000000  0.000000  2.000000  
57.225509 0.003319  0.089657  -0.008358  0.997342  0.036829  0.062872  -0.038209  0.999051  0.020895  -0.062043  -0.023242  0.997803  -0.014928  -0.011336  -0.006917  0.000000  0.000000  0.000000  2.000000  
57.226757 0.003300  0.089642  -0.008366  0.997334  0.037019  0.062885  -0.038414  0.999039  0.021125  -0.062043  -0.023484  0.997797  -0.014983  -0.011398  -0.006899  0.000000  0.000000  0.000000  2.000000  
57.227757 0.003285  0.089630  -0.008374  0.997334  0.037011  0.062890  -0.038414  0.999036  0.021246  -0.062043  -0.023605  0.997794  -0.015017  -0.011463  -0.006956  0.000000  0.000000  0.000000  2.000000  
57.229008 0.003266  0.089615  -0.008383  0.997342  0.037007  0.062761  -0.038415  0.999033  0.021372  -0.061909  -0.023726  0.997800  -0.015038  -0.011525  -0.006915  0.000000  0.000000  0.000000  2.000000  
57.230271 0.003247  0.089600  -0.008392  0.997334  0.037197  0.062774  -0.038620  0.999020  0.021602  -0.061909  -0.023968  0.997794  -0.015068  -0.011590  -0.006970  0.000000  0.000000  0.000000  2.000000  
57.231507 0.003228  0.089584  -0.008402  0.997334  0.037190  0.062779  -0.038620  0.999018  0.021723  -0.061909  -0.024089  0.997791  -0.015136  -0.011704  -0.006998  0.000000  0.000000  0.000000  2.000000  
57.232507 0.003213  0.089572  -0.008409  0.997334  0.037182  0.062783  -0.038620  0.999015  0.021844  -0.061909  -0.024210  0.997788  -0.015162  -0.011797  -0.007045  0.000000  0.000000  0.000000  2.000000  
57.233509 0.003197  0.089559  -0.008417  0.997343  0.037178  0.062654  -0.038620  0.999012  0.021970  -0.061776  -0.024332  0.997793  -0.015166  -0.011885  -0.007119  0.000000  0.000000  0.000000  2.000000  
57.234761 0.003178  0.089543  -0.008427  0.997335  0.037376  0.062663  -0.038826  0.999002  0.022079  -0.061776  -0.024453  0.997790  -0.015226  -0.012054  -0.007228  0.000000  0.000000  0.000000  2.000000  
57.235762 0.003163  0.089530  -0.008435  0.997335  0.037368  0.062668  -0.038826  0.998999  0.022200  -0.061776  -0.024574  0.997788  -0.015277  -0.012132  -0.007291  0.000000  0.000000  0.000000  2.000000  
57.236763 0.003147  0.089517  -0.008443  0.997335  0.037361  0.062672  -0.038826  0.998997  0.022321  -0.061776  -0.024695  0.997785  -0.015290  -0.012234  -0.007377  0.000000  0.000000  0.000000  2.000000  
57.238012 0.003128  0.089502  -0.008452  0.997335  0.037554  0.062553  -0.039031  0.998983  0.022556  -0.061642  -0.024937  0.997787  -0.015297  -0.012317  -0.007447  0.000000  0.000000  0.000000  2.000000  
57.239261 0.003108  0.089486  -0.008462  0.997335  0.037547  0.062557  -0.039031  0.998981  0.022677  -0.061642  -0.025058  0.997784  -0.015311  -0.012413  -0.007528  0.000000  0.000000  0.000000  2.000000  
57.240272 0.003093  0.089473  -0.008470  0.997335  0.037539  0.062562  -0.039031  0.998978  0.022798  -0.061642  -0.025179  0.997781  -0.015335  -0.012483  -0.007588  0.000000  0.000000  0.000000  2.000000  
57.241507 0.003073  0.089457  -0.008479  0.997335  0.037741  0.062438  -0.039237  0.998967  0.022912  -0.061509  -0.025300  0.997786  -0.015402  -0.012538  -0.007660  0.000000  0.000000  0.000000  2.000000  
57.242511 0.003058  0.089444  -0.008488  0.997335  0.037733  0.062442  -0.039237  0.998964  0.023033  -0.061509  -0.025421  0.997783  -0.015405  -0.012591  -0.007706  0.000000  0.000000  0.000000  2.000000  
57.243781 0.003038  0.089429  -0.008498  0.997343  0.037729  0.062313  -0.039237  0.998962  0.023159  -0.061375  -0.025543  0.997788  -0.015423  -0.012630  -0.007803  0.000000  0.000000  0.000000  2.000000  
57.245012 0.003019  0.089413  -0.008508  0.997335  0.037927  0.062323  -0.039442  0.998951  0.023267  -0.061375  -0.025664  0.997785  -0.015483  -0.012657  -0.007881  0.000000  0.000000  0.000000  2.000000  
57.246262 0.003000  0.089397  -0.008519  0.997343  0.037923  0.062194  -0.039443  0.998948  0.023394  -0.061241  -0.025785  0.997790  -0.015474  -0.012674  -0.007961  0.000000  0.000000  0.000000  2.000000  
57.247509 0.002980  0.089381  -0.008530  0.997343  0.038125  0.062070  -0.039648  0.998937  0.023508  -0.061108  -0.025906  0.997795  -0.015514  -0.012730  -0.008068  0.000000  0.000000  0.000000  2.000000  
57.248755 0.002961  0.089365  -0.008541  0.997352  0.038120  0.061941  -0.039649  0.998934  0.023634  -0.060974  -0.026027  0.997800  -0.015495  -0.012725  -0.008123  0.000000  0.000000  0.000000  2.000000  
57.249760 0.002945  0.089352  -0.008550  0.997352  0.038113  0.061946  -0.039649  0.998931  0.023755  -0.060974  -0.026148  0.997797  -0.015521  -0.012726  -0.008184  0.000000  0.000000  0.000000  2.000000  
57.251007 0.002926  0.089336  -0.008561  0.997352  0.038315  0.061822  -0.039854  0.998920  0.023869  -0.060841  -0.026270  0.997802  -0.015486  -0.012734  -0.008285  0.000000  0.000000  0.000000  2.000000  
57.252010 0.002911  0.089323  -0.008570  0.997360  0.038311  0.061693  -0.039855  0.998917  0.023995  -0.060707  -0.026391  0.997807  -0.015445  -0.012738  -0.008384  0.000000  0.000000  0.000000  2.000000  
57.253012 0.002896  0.089311  -0.008579  0.997360  0.038303  0.061698  -0.039855  0.998914  0.024117  -0.060707  -0.026512  0.997803  -0.015428  -0.012717  -0.008461  0.000000  0.000000  0.000000  2.000000  
57.254264 0.002878  0.089295  -0.008590  0.997360  0.038505  0.061574  -0.040060  0.998903  0.024230  -0.060574  -0.026633  0.997808  -0.015314  -0.012705  -0.008533  0.000000  0.000000  0.000000  2.000000  
57.255508 0.002860  0.089279  -0.008602  0.997376  0.038505  0.061312  -0.040061  0.998900  0.024362  -0.060307  -0.026755  0.997821  -0.015265  -0.012717  -0.008671  0.000000  0.000000  0.000000  2.000000  
57.256509 0.002845  0.089266  -0.008611  0.997375  0.038714  0.061184  -0.040267  0.998892  0.024355  -0.060173  -0.026755  0.997829  -0.015189  -0.012723  -0.008745  0.000000  0.000000  0.000000  2.000000  
57.257758 0.002828  0.089251  -0.008622  0.997383  0.038710  0.061055  -0.040267  0.998889  0.024482  -0.060039  -0.026876  0.997834  -0.015065  -0.012699  -0.008841  0.000000  0.000000  0.000000  2.000000  
57.258760 0.002814  0.089239  -0.008631  0.997383  0.038912  0.060931  -0.040473  0.998878  0.024596  -0.059906  -0.026997  0.997839  -0.014998  -0.012668  -0.008881  0.000000  0.000000  0.000000  2.000000  
57.260013 0.002797  0.089223  -0.008642  0.997391  0.038908  0.060803  -0.040473  0.998875  0.024722  -0.059772  -0.027119  0.997844  -0.014819  -0.012638  -0.008919  0.000000  0.000000  0.000000  2.000000  
57.261259 0.002779  0.089208  -0.008654  0.997407  0.038908  0.060541  -0.040474  0.998871  0.024854  -0.059505  -0.027240  0.997856  -0.014708  -0.012637  -0.008970  0.000000  0.000000  0.000000  2.000000  
57.262268 0.002765  0.089196  -0.008662  0.997407  0.039117  0.060412  -0.040679  0.998863  0.024847  -0.059372  -0.027240  0.997864  -0.014537  -0.012559  -0.008937  0.000000  0.000000  0.000000  2.000000  
57.263510 0.002748  0.089180  -0.008673  0.997415  0.039114  0.060284  -0.040680  0.998860  0.024974  -0.059238  -0.027362  0.997869  -0.014394  -0.012540  -0.008964  0.000000  0.000000  0.000000  2.000000  
57.264757 0.002732  0.089165  -0.008684  0.997422  0.039319  0.060027  -0.040886  0.998849  0.025093  -0.058971  -0.027483  0.997881  -0.014253  -0.012467  -0.008953  0.000000  0.000000  0.000000  2.000000  
57.266005 0.002716  0.089150  -0.008694  0.997438  0.039327  0.059760  -0.040886  0.998848  0.025104  -0.058704  -0.027483  0.997897  -0.014058  -0.012390  -0.008903  0.000000  0.000000  0.000000  2.000000  
57.267007 0.002702  0.089139  -0.008703  0.997446  0.039323  0.059631  -0.040887  0.998845  0.025231  -0.058570  -0.027605  0.997902  -0.013924  -0.012290  -0.008859  0.000000  0.000000  0.000000  2.000000  
57.268014 0.002689  0.089127  -0.008711  0.997445  0.039532  0.059503  -0.041092  0.998837  0.025224  -0.058437  -0.027605  0.997909  -0.013782  -0.012211  -0.008856  0.000000  0.000000  0.000000  2.000000  
57.269262 0.002673  0.089113  -0.008722  0.997461  0.039533  0.059241  -0.041093  0.998834  0.025356  -0.058170  -0.027726  0.997922  -0.013655  -0.012162  -0.008803  0.000000  0.000000  0.000000  2.000000  
57.270277 0.002660  0.089101  -0.008730  0.997460  0.039735  0.059118  -0.041299  0.998822  0.025471  -0.058036  -0.027848  0.997926  -0.013515  -0.012089  -0.008712  0.000000  0.000000  0.000000  2.000000  
57.271515 0.002644  0.089086  -0.008741  0.997475  0.039742  0.058851  -0.041299  0.998822  0.025482  -0.057769  -0.027848  0.997942  -0.013389  -0.011995  -0.008674  0.000000  0.000000  0.000000  2.000000  
57.272760 0.002628  0.089072  -0.008751  0.997482  0.039948  0.058594  -0.041505  0.998810  0.025602  -0.057502  -0.027970  0.997954  -0.013272  -0.011895  -0.008598  0.000000  0.000000  0.000000  2.000000  
57.273760 0.002616  0.089061  -0.008760  0.997498  0.039956  0.058327  -0.041506  0.998810  0.025613  -0.057235  -0.027970  0.997969  -0.013166  -0.011819  -0.008573  0.000000  0.000000  0.000000  2.000000  
57.275007 0.002600  0.089047  -0.008769  0.997504  0.040162  0.058071  -0.041712  0.998798  0.025733  -0.056967  -0.028091  0.997981  -0.013118  -0.011745  -0.008492  0.000000  0.000000  0.000000  2.000000  
57.276010 0.002588  0.089036  -0.008777  0.997520  0.040169  0.057804  -0.041712  0.998798  0.025745  -0.056700  -0.028092  0.997996  -0.012971  -0.011623  -0.008361  0.000000  0.000000  0.000000  2.000000  
57.277255 0.002572  0.089022  -0.008786  0.997526  0.040375  0.057547  -0.041918  0.998786  0.025865  -0.056433  -0.028213  0.998008  -0.012883  -0.011561  -0.008294  0.000000  0.000000  0.000000  2.000000  
57.278262 0.002560  0.089012  -0.008794  0.997541  0.040383  0.057280  -0.041919  0.998786  0.025876  -0.056166  -0.028214  0.998023  -0.012772  -0.011408  -0.008195  0.000000  0.000000  0.000000  2.000000  
57.279277 0.002548  0.089001  -0.008801  0.997547  0.040596  0.057019  -0.042125  0.998777  0.025876  -0.055899  -0.028214  0.998038  -0.012709  -0.011338  -0.008110  0.000000  0.000000  0.000000  2.000000  
57.280506 0.002532  0.088988  -0.008810  0.997562  0.040597  0.056757  -0.042126  0.998774  0.026008  -0.055632  -0.028336  0.998049  -0.012633  -0.011230  -0.007973  0.064343  0.171823  0.080092  2.000000  
57.281758 0.002518  0.088975  -0.008818  0.997576  0.040814  0.056362  -0.042332  0.998765  0.026014  -0.055231  -0.028336  0.998071  -0.012525  -0.011123  -0.007819  0.059929  0.185046  0.087338  2.000000  
57.283011 0.002503  0.088962  -0.008827  0.997589  0.041031  0.055967  -0.042538  0.998756  0.026019  -0.054830  -0.028337  0.998094  -0.012456  -0.011035  -0.007731  0.055497  0.193724  0.094423  2.000000  
57.284260 0.002488  0.088950  -0.008836  0.997611  0.041042  0.055567  -0.042539  0.998755  0.026036  -0.054429  -0.028338  0.998115  -0.012342  -0.010850  -0.007583  0.051876  0.202842  0.087840  2.000000  
