1-Time 2-Px 3-Py 4-Pz 5-R11 6-R21 7-R31 8-R12 9-R22 10-R32 11-R13 12-R23 13-R33 14-Vx 15-Vy 16-Vz 17-Wx 18-Wy 19-Wz 20-state 21-PR11 22-PR21 23-PR31 24-PR12 25-PR22 26-PR32 27-PR13 28-PR23 29-PR33 
23.938088 0.003737  0.093952  -0.009010  0.998061  0.037834  -0.049424  0.046058  0.085190  0.995300  0.041867  -0.995646  0.083282  0.000011  0.000258  0.000196  0.000000  0.000000  0.000000  2.000000  
23.939332 0.003737  0.093952  -0.009010  0.998065  0.037985  -0.049231  0.045853  0.085189  0.995309  0.042000  -0.995641  0.083282  0.000031  0.000233  0.000171  0.000000  0.000000  0.000000  2.000000  
23.940579 0.003738  0.093951  -0.009009  0.998069  0.038135  -0.049037  0.045647  0.085187  0.995319  0.042134  -0.995635  0.083281  0.000056  0.000165  0.000199  0.000000  0.000000  0.000000  2.000000  
23.941582 0.003738  0.093950  -0.009009  0.998072  0.038286  -0.048843  0.045441  0.085185  0.995328  0.042268  -0.995629  0.083281  0.000127  0.000141  0.000168  0.000000  0.000000  0.000000  2.000000  
23.942831 0.003740  0.093950  -0.009008  0.998067  0.038413  -0.048859  0.045441  0.085312  0.995318  0.042401  -0.995614  0.083401  0.000209  0.000107  0.000279  0.000000  0.000000  0.000000  2.000000  
23.944082 0.003741  0.093950  -0.009006  0.998070  0.038564  -0.048665  0.045235  0.085310  0.995327  0.042535  -0.995608  0.083401  0.000281  0.000114  0.000331  0.000000  0.000000  0.000000  2.000000  
23.945086 0.003742  0.093950  -0.009005  0.998083  0.038726  -0.048271  0.044824  0.085421  0.995336  0.042669  -0.995592  0.083521  0.000374  0.000079  0.000407  0.000000  0.000000  0.000000  2.000000  
23.946098 0.003743  0.093950  -0.009005  0.998096  0.038889  -0.047877  0.044413  0.085531  0.995345  0.042802  -0.995576  0.083641  0.000438  0.000059  0.000417  0.000000  0.000000  0.000000  2.000000  
23.947336 0.003745  0.093951  -0.009003  0.998103  0.039184  -0.047495  0.044001  0.085648  0.995353  0.043070  -0.995555  0.083761  0.000593  0.000077  0.000533  0.000000  0.000000  0.000000  2.000000  
23.948584 0.003746  0.093951  -0.009002  0.998100  0.039462  -0.047317  0.043795  0.085772  0.995352  0.043337  -0.995533  0.083881  0.000640  0.000059  0.000571  0.000000  0.000000  0.000000  2.000000  
23.949585 0.003747  0.093952  -0.009002  0.998097  0.039740  -0.047139  0.043589  0.085896  0.995350  0.043605  -0.995511  0.084001  0.000691  0.000060  0.000565  0.000000  0.000000  0.000000  2.000000  
23.950835 0.003747  0.093952  -0.009002  0.998104  0.040030  -0.046761  0.043178  0.086133  0.995348  0.043872  -0.995479  0.084241  0.000711  0.000035  0.000540  0.000000  0.000000  0.000000  2.000000  
23.952097 0.003748  0.093952  -0.009003  0.998112  0.040472  -0.046190  0.042561  0.086367  0.995354  0.044273  -0.995441  0.084481  0.000774  0.000034  0.000499  0.000000  0.000000  0.000000  2.000000  
23.953334 0.003749  0.093952  -0.009004  0.998112  0.040895  -0.045824  0.042149  0.086608  0.995350  0.044674  -0.995403  0.084721  0.000769  0.000001  0.000410  0.000000  0.000000  0.000000  2.000000  
23.954582 0.003748  0.093951  -0.009005  0.998117  0.041186  -0.045447  0.041737  0.086844  0.995347  0.044941  -0.995370  0.084962  0.000742  -0.000006  0.000347  0.000000  0.000000  0.000000  2.000000  
23.955583 0.003748  0.093951  -0.009005  0.998114  0.041454  -0.045280  0.041531  0.087209  0.995324  0.045209  -0.995327  0.085323  0.000673  -0.000037  0.000298  0.000000  0.000000  0.000000  2.000000  
23.956834 0.003748  0.093951  -0.009004  0.998113  0.041878  -0.044915  0.041120  0.087450  0.995320  0.045610  -0.995288  0.085563  0.000645  0.000011  0.000314  -0.057660  -0.161527  0.140092  2.000000  
23.958088 0.003749  0.093951  -0.009003  0.998111  0.042297  -0.044554  0.040708  0.087811  0.995305  0.046010  -0.995239  0.085923  0.000598  0.000029  0.000276  -0.069232  -0.174093  0.154703  2.000000  
23.959332 0.003749  0.093950  -0.009003  0.998109  0.042711  -0.044200  0.040296  0.088293  0.995279  0.046411  -0.995178  0.086405  0.000541  -0.000005  0.000193  -0.088994  -0.186753  0.169408  2.000000  
23.960332 0.003750  0.093950  -0.009002  0.998105  0.042984  -0.044028  0.040090  0.088536  0.995266  0.046679  -0.995145  0.086645  0.000499  -0.000052  0.000213  -0.096807  -0.192838  0.178967  2.000000  
23.961332 0.003750  0.093949  -0.009002  0.998103  0.043404  -0.043669  0.039679  0.088896  0.995250  0.047080  -0.995095  0.087005  0.000431  -0.000083  0.000166  -0.108382  -0.205430  0.193626  2.000000  
23.962345 0.003750  0.093949  -0.009001  0.998098  0.043672  -0.043503  0.039473  0.089260  0.995226  0.047347  -0.995050  0.087366  0.000338  -0.000143  0.000100  -0.120209  -0.211395  0.203105  2.000000  
23.963583 0.003751  0.093948  -0.009002  0.998095  0.044087  -0.043150  0.039061  0.089741  0.995199  0.047748  -0.994989  0.087848  0.000301  -0.000241  0.000044  -0.140278  -0.217164  0.217250  2.000000  
23.964584 0.003751  0.093946  -0.009003  0.998092  0.044508  -0.042792  0.038649  0.090100  0.995183  0.048149  -0.994938  0.088208  0.000248  -0.000391  -0.000021  -0.151837  -0.229737  0.231917  2.000000  
23.965834 0.003750  0.093944  -0.009004  0.998081  0.044910  -0.042639  0.038443  0.090468  0.995157  0.048550  -0.994886  0.088568  0.000191  -0.000499  -0.000138  -0.167784  -0.235440  0.245985  2.000000  
23.967087 0.003750  0.093942  -0.009006  0.998083  0.045193  -0.042274  0.038032  0.090943  0.995130  0.048817  -0.994830  0.089050  0.000108  -0.000675  -0.000222  -0.183381  -0.248311  0.256129  2.000000  
23.968334 0.003749  0.093939  -0.009007  0.998072  0.045590  -0.042127  0.037825  0.091431  0.995093  0.049218  -0.994767  0.089531  0.000050  -0.000844  -0.000244  -0.199413  -0.254092  0.270358  2.000000  
23.969335 0.003749  0.093937  -0.009009  0.998066  0.045860  -0.041963  0.037619  0.091794  0.995067  0.049485  -0.994721  0.089891  0.000070  -0.000959  -0.000309  -0.211550  -0.253603  0.274834  2.000000  
23.970581 0.003749  0.093935  -0.009011  0.998062  0.046276  -0.041612  0.037208  0.092273  0.995038  0.049886  -0.994658  0.090372  0.000099  -0.001045  -0.000398  -0.227493  -0.259670  0.284491  2.000000  
23.971834 0.003749  0.093933  -0.009013  0.998056  0.046541  -0.041454  0.037002  0.092756  0.995001  0.050153  -0.994601  0.090854  0.000044  -0.001207  -0.000594  -0.239776  -0.259307  0.289181  2.000000  
23.973086 0.003749  0.093931  -0.009015  0.998058  0.046825  -0.041091  0.036590  0.093229  0.994972  0.050421  -0.994543  0.091335  -0.000001  -0.001317  -0.000746  -0.255554  -0.265564  0.294147  2.000000  
23.974087 0.003749  0.093930  -0.009016  0.998052  0.047091  -0.040934  0.036384  0.093712  0.994934  0.050688  -0.994485  0.091816  0.000005  -0.001374  -0.000882  -0.271800  -0.265094  0.298690  2.000000  
23.975088 0.003749  0.093929  -0.009018  0.998045  0.047356  -0.040776  0.036178  0.094195  0.994896  0.050955  -0.994427  0.092298  -0.000045  -0.001444  -0.001089  -0.284044  -0.264674  0.303327  2.000000  
23.976332 0.003749  0.093926  -0.009020  0.998039  0.047617  -0.040625  0.035972  0.094798  0.994846  0.051222  -0.994357  0.092899  -0.000090  -0.001531  -0.001223  -0.298115  -0.255133  0.304731  2.000000  
23.977334 0.003748  0.093926  -0.009021  0.998025  0.047863  -0.040673  0.035972  0.095290  0.994799  0.051490  -0.994298  0.093380  -0.000116  -0.001539  -0.001286  -0.310826  -0.241386  0.303599  2.000000  
23.978583 0.003749  0.093924  -0.009022  0.998026  0.048144  -0.040318  0.035560  0.095883  0.994757  0.051757  -0.994228  0.093982  -0.000142  -0.001545  -0.001348  -0.326584  -0.248086  0.304280  2.000000  
23.979585 0.003748  0.093924  -0.009022  0.998027  0.048282  -0.040143  0.035355  0.096240  0.994730  0.051891  -0.994186  0.094343  -0.000155  -0.001493  -0.001300  -0.333672  -0.243586  0.301808  2.000000  
23.980587 0.003748  0.093923  -0.009023  0.998013  0.048528  -0.040192  0.035354  0.096732  0.994682  0.052158  -0.994127  0.094824  -0.000145  -0.001440  -0.001255  -0.346128  -0.236583  0.301231  2.000000  
23.981835 0.003747  0.093921  -0.009023  0.998020  0.048672  -0.039830  0.034943  0.097441  0.994628  0.052291  -0.994050  0.095547  -0.000160  -0.001383  -0.001141  -0.362884  -0.230478  0.291914  2.000000  
23.983091 0.003747  0.093920  -0.009023  0.998013  0.048934  -0.039681  0.034737  0.098043  0.994576  0.052559  -0.993978  0.096149  -0.000170  -0.001304  -0.001070  -0.375135  -0.223730  0.286725  2.000000  
23.984334 0.003746  0.093919  -0.009024  0.998007  0.049191  -0.039538  0.034531  0.098766  0.994511  0.052826  -0.993894  0.096871  -0.000220  -0.001231  -0.000968  -0.391769  -0.216738  0.286245  2.000000  
23.985334 0.003746  0.093918  -0.009024  0.997999  0.049305  -0.039575  0.034531  0.099253  0.994463  0.052959  -0.993840  0.097352  -0.000263  -0.001125  -0.000898  -0.396934  -0.208438  0.278910  2.000000  
23.986584 0.003745  0.093917  -0.009026  0.997999  0.049429  -0.039419  0.034325  0.099971  0.994398  0.053093  -0.993762  0.098075  -0.000269  -0.001027  -0.000871  -0.412762  -0.203967  0.271763  2.000000  
23.987830 0.003745  0.093917  -0.009028  0.997992  0.049687  -0.039277  0.034119  0.100694  0.994332  0.053360  -0.993676  0.098797  -0.000294  -0.000960  -0.000899  -0.421745  -0.195299  0.268983  2.000000  
23.988833 0.003744  0.093917  -0.009029  0.997992  0.049817  -0.039115  0.033914  0.101291  0.994279  0.053494  -0.993609  0.099399  -0.000331  -0.000889  -0.000893  -0.433705  -0.190749  0.261725  2.000000  
23.990089 0.003744  0.093916  -0.009031  0.997992  0.049942  -0.038960  0.033708  0.102009  0.994212  0.053628  -0.993529  0.100121  -0.000325  -0.000793  -0.000900  -0.445774  -0.191399  0.252814  2.000000  
23.991333 0.003744  0.093916  -0.009033  0.997992  0.050068  -0.038805  0.033502  0.102727  0.994145  0.053761  -0.993449  0.100843  -0.000332  -0.000695  -0.000874  -0.454328  -0.185255  0.243385  2.000000  
23.992334 0.003744  0.093916  -0.009034  0.997991  0.050198  -0.038645  0.033296  0.103324  0.994090  0.053895  -0.993380  0.101445  -0.000330  -0.000620  -0.000838  -0.462800  -0.184096  0.237082  2.000000  
23.993580 0.003744  0.093916  -0.009035  0.997991  0.050325  -0.038490  0.033091  0.104041  0.994022  0.054028  -0.993299  0.102167  -0.000299  -0.000541  -0.000858  -0.471077  -0.177933  0.227607  2.000000  
23.994580 0.003744  0.093916  -0.009035  0.997991  0.050460  -0.038324  0.032885  0.104518  0.993979  0.054162  -0.993242  0.102648  -0.000278  -0.000492  -0.000847  -0.475424  -0.171865  0.218149  2.000000  
23.995589 0.003744  0.093916  -0.009035  0.997990  0.050591  -0.038164  0.032679  0.105115  0.993923  0.054296  -0.993172  0.103250  -0.000311  -0.000452  -0.000845  -0.487371  -0.174010  0.211046  2.000000  
23.996839 0.003743  0.093915  -0.009035  0.997989  0.050718  -0.038010  0.032474  0.105832  0.993854  0.054429  -0.993090  0.103972  -0.000290  -0.000404  -0.000837  -0.495894  -0.167454  0.206029  2.000000  
23.997839 0.003743  0.093914  -0.009035  0.997989  0.050845  -0.037856  0.032268  0.106549  0.993784  0.054563  -0.993007  0.104694  -0.000259  -0.000375  -0.000815  -0.508057  -0.168207  0.197161  2.000000  
23.999087 0.003743  0.093914  -0.009036  0.997988  0.050973  -0.037702  0.032062  0.107266  0.993713  0.054696  -0.992923  0.105416  -0.000216  -0.000351  -0.000830  -0.516190  -0.168531  0.192794  2.000000  
24.000334 0.003743  0.093913  -0.009036  0.997987  0.051100  -0.037549  0.031857  0.107983  0.993642  0.054830  -0.992839  0.106138  -0.000220  -0.000371  -0.000786  -0.524641  -0.162415  0.183260  2.000000  
24.001584 0.003743  0.093913  -0.009036  0.997987  0.051228  -0.037396  0.031651  0.108700  0.993571  0.054964  -0.992754  0.106859  -0.000169  -0.000309  -0.000700  -0.532810  -0.162763  0.178901  2.000000  
24.002584 0.003742  0.093912  -0.009036  0.997979  0.051338  -0.037442  0.031651  0.109306  0.993504  0.055097  -0.992681  0.107461  -0.000169  -0.000301  -0.000579  -0.537147  -0.155764  0.178275  2.000000  
24.003584 0.003742  0.093912  -0.009036  0.997978  0.051471  -0.037283  0.031445  0.109903  0.993445  0.055231  -0.992609  0.108062  -0.000153  -0.000287  -0.000473  -0.544857  -0.154862  0.172447  2.000000  
24.004832 0.003743  0.093913  -0.009036  0.997977  0.051599  -0.037130  0.031239  0.110619  0.993372  0.055364  -0.992523  0.108784  -0.000093  -0.000225  -0.000308  -0.548859  -0.155192  0.168111  2.000000  
24.005834 0.003743  0.093913  -0.009037  0.997976  0.051732  -0.036971  0.031034  0.111215  0.993312  0.055498  -0.992449  0.109385  -0.000054  -0.000220  -0.000279  -0.553438  -0.157305  0.160673  2.000000  
24.006835 0.003743  0.093913  -0.009037  0.997983  0.051737  -0.036792  0.030828  0.111686  0.993265  0.055498  -0.992396  0.109866  -0.000070  -0.000238  -0.000200  -0.553403  -0.157677  0.156268  2.000000  
24.007842 0.003743  0.093913  -0.009037  0.997982  0.051871  -0.036634  0.030622  0.112282  0.993204  0.055632  -0.992322  0.110467  -0.000082  -0.000234  -0.000165  -0.557514  -0.158069  0.151899  2.000000  
24.009084 0.003742  0.093912  -0.009037  0.997988  0.051872  -0.036461  0.030417  0.112874  0.993144  0.055632  -0.992254  0.111069  -0.000111  -0.000258  -0.000182  -0.556950  -0.157603  0.141860  2.000000  
24.010093 0.003742  0.093912  -0.009038  0.997987  0.052006  -0.036303  0.030211  0.113470  0.993082  0.055765  -0.992179  0.111670  -0.000100  -0.000264  -0.000220  -0.565388  -0.158764  0.143064  2.000000  
24.011332 0.003742  0.093911  -0.009039  0.997985  0.052131  -0.036157  0.030006  0.114306  0.992992  0.055899  -0.992077  0.112511  -0.000079  -0.000285  -0.000241  -0.568946  -0.157861  0.137605  2.000000  
24.012336 0.003742  0.093910  -0.009039  0.997984  0.052270  -0.035993  0.029800  0.114781  0.992944  0.056032  -0.992015  0.112992  -0.000088  -0.000267  -0.000255  -0.569510  -0.159078  0.138819  2.000000  
24.013585 0.003741  0.093910  -0.009039  0.997983  0.052404  -0.035836  0.029594  0.115376  0.992881  0.056166  -0.991939  0.113593  -0.000100  -0.000265  -0.000220  -0.568879  -0.158174  0.133339  2.000000  
24.014846 0.003742  0.093909  -0.009039  0.997989  0.052402  -0.035670  0.029389  0.116088  0.992804  0.056166  -0.991856  0.114315  -0.000062  -0.000260  -0.000191  -0.569322  -0.160282  0.125588  2.000000  
24.016086 0.003741  0.093908  -0.009038  0.997987  0.052537  -0.035512  0.029183  0.116683  0.992740  0.056299  -0.991779  0.114915  -0.000095  -0.000302  -0.000164  -0.564925  -0.158974  0.124719  2.000000  
24.017333 0.003741  0.093908  -0.009038  0.997986  0.052668  -0.035362  0.028977  0.117399  0.992662  0.056433  -0.991687  0.115636  -0.000048  -0.000320  -0.000126  -0.565367  -0.160637  0.121379  2.000000  
24.018336 0.003741  0.093907  -0.009038  0.997984  0.052804  -0.035205  0.028772  0.117994  0.992597  0.056567  -0.991609  0.116237  -0.000053  -0.000345  -0.000084  -0.565403  -0.160579  0.121489  2.000000  
24.019583 0.003741  0.093906  -0.009037  0.997982  0.052935  -0.035055  0.028566  0.118709  0.992518  0.056700  -0.991517  0.116957  -0.000110  -0.000442  -0.000070  -0.565283  -0.160461  0.121585  2.000000  
24.020850 0.003741  0.093906  -0.009037  0.997981  0.053071  -0.034898  0.028360  0.119304  0.992453  0.056834  -0.991438  0.117558  -0.000105  -0.000484  -0.000017  -0.560968  -0.160318  0.121645  2.000000  
24.022099 0.003741  0.093905  -0.009037  0.997979  0.053203  -0.034748  0.028155  0.120019  0.992372  0.056967  -0.991345  0.118278  -0.000127  -0.000534  -0.000027  -0.560947  -0.160228  0.121762  2.000000  
24.023332 0.003741  0.093904  -0.009037  0.997985  0.053202  -0.034583  0.027949  0.120730  0.992292  0.056967  -0.991259  0.119000  -0.000127  -0.000600  -0.000062  -0.564622  -0.159391  0.116471  2.000000  
24.024332 0.003740  0.093903  -0.009038  0.997983  0.053339  -0.034427  0.027744  0.121325  0.992225  0.057101  -0.991179  0.119600  -0.000164  -0.000657  -0.000039  -0.565221  -0.160638  0.117547  2.000000  
24.025580 0.003739  0.093902  -0.009039  0.997981  0.053471  -0.034277  0.027538  0.122040  0.992143  0.057235  -0.991084  0.120321  -0.000183  -0.000695  -0.000048  -0.564747  -0.159281  0.116718  2.000000  
24.026582 0.003739  0.093901  -0.009039  0.997987  0.053480  -0.034099  0.027333  0.122510  0.992091  0.057235  -0.991025  0.120801  -0.000195  -0.000692  -0.000014  -0.560546  -0.159677  0.112343  2.000000  
24.027833 0.003739  0.093900  -0.009039  0.997984  0.053617  -0.033943  0.027127  0.123104  0.992023  0.057368  -0.990944  0.121402  -0.000195  -0.000693  -0.000014  -0.552517  -0.159618  0.112476  2.000000  
24.028839 0.003738  0.093900  -0.009039  0.997990  0.053626  -0.033765  0.026921  0.123574  0.991970  0.057368  -0.990885  0.121882  -0.000214  -0.000659  -0.000033  -0.548846  -0.161358  0.109020  2.000000  
24.030090 0.003738  0.093899  -0.009040  0.997993  0.053785  -0.033412  0.026510  0.124278  0.991893  0.057502  -0.990789  0.122602  -0.000245  -0.000686  -0.000052  -0.548366  -0.168120  0.109915  2.000000  
24.031335 0.003738  0.093899  -0.009040  0.997999  0.053791  -0.033241  0.026305  0.124868  0.991825  0.057502  -0.990714  0.123203  -0.000249  -0.000643  -0.000106  -0.544363  -0.168591  0.105577  2.000000  
24.032337 0.003737  0.093898  -0.009040  0.997991  0.053903  -0.033290  0.026305  0.125473  0.991748  0.057635  -0.990632  0.123803  -0.000288  -0.000648  -0.000135  -0.543870  -0.167134  0.104793  2.000000  
24.033582 0.003737  0.093898  -0.009040  0.998002  0.053931  -0.032921  0.025894  0.126173  0.991670  0.057635  -0.990541  0.124524  -0.000292  -0.000605  -0.000188  -0.543516  -0.174397  0.101291  2.000000  
24.034584 0.003736  0.093897  -0.009041  0.997994  0.054047  -0.032964  0.025894  0.126657  0.991609  0.057769  -0.990473  0.125004  -0.000318  -0.000612  -0.000252  -0.540206  -0.168909  0.101423  2.000000  
24.035585 0.003736  0.093897  -0.009041  0.997999  0.054057  -0.032786  0.025688  0.127127  0.991554  0.057769  -0.990412  0.125484  -0.000335  -0.000567  -0.000271  -0.536132  -0.169386  0.097052  2.000000  
24.036838 0.003736  0.093897  -0.009041  0.997997  0.054196  -0.032631  0.025482  0.127721  0.991483  0.057902  -0.990328  0.126084  -0.000356  -0.000542  -0.000245  -0.536100  -0.168789  0.101617  2.000000  
24.038081 0.003735  0.093896  -0.009041  0.998002  0.054203  -0.032460  0.025277  0.128311  0.991412  0.057902  -0.990252  0.126685  -0.000370  -0.000508  -0.000216  -0.531842  -0.167920  0.096483  2.000000  
24.039335 0.003735  0.093896  -0.009040  0.998000  0.054342  -0.032306  0.025071  0.128904  0.991340  0.058036  -0.990167  0.127284  -0.000336  -0.000436  -0.000155  -0.527976  -0.169210  0.097389  2.000000  
24.040336 0.003735  0.093896  -0.009040  0.998005  0.054353  -0.032128  0.024866  0.129374  0.991284  0.058036  -0.990105  0.127765  -0.000326  -0.000383  -0.000110  -0.523824  -0.169132  0.097467  2.000000  
24.041338 0.003735  0.093896  -0.009040  0.998010  0.054364  -0.031950  0.024660  0.129844  0.991228  0.058036  -0.990043  0.128245  -0.000303  -0.000334  -0.000099  -0.519699  -0.169609  0.093089  2.000000  
24.042583 0.003734  0.093895  -0.009041  0.998007  0.054508  -0.031790  0.024455  0.130317  0.991171  0.058170  -0.989973  0.128724  -0.000312  -0.000311  -0.000109  -0.515469  -0.168190  0.092417  2.000000  
24.043831 0.003734  0.093896  -0.009042  0.998012  0.054516  -0.031619  0.024249  0.130907  0.991098  0.058170  -0.989895  0.129325  -0.000261  -0.000262  -0.000165  -0.515493  -0.168688  0.088098  2.000000  
24.044847 0.003734  0.093895  -0.009043  0.998012  0.054504  -0.031639  0.024249  0.131267  0.991050  0.058170  -0.989848  0.129685  -0.000261  -0.000247  -0.000212  -0.507690  -0.163656  0.083574  2.000000  
24.046093 0.003734  0.093896  -0.009044  0.998009  0.054648  -0.031479  0.024044  0.131740  0.990993  0.058303  -0.989777  0.130164  -0.000215  -0.000202  -0.000271  -0.503619  -0.163063  0.088128  2.000000  
24.047337 0.003735  0.093895  -0.009044  0.998014  0.054660  -0.031301  0.023838  0.132210  0.990935  0.058303  -0.989713  0.130644  -0.000169  -0.000175  -0.000281  -0.495615  -0.163616  0.083792  2.000000  
24.048585 0.003735  0.093896  -0.009045  0.998011  0.054805  -0.031141  0.023633  0.132682  0.990877  0.058437  -0.989642  0.131123  -0.000095  -0.000107  -0.000326  -0.487407  -0.163553  0.083886  2.000000  
24.049842 0.003736  0.093897  -0.009046  0.998016  0.054817  -0.030964  0.023427  0.133152  0.990819  0.058437  -0.989579  0.131604  -0.000022  -0.000054  -0.000316  -0.479198  -0.164047  0.079516  2.000000  
24.051086 0.003736  0.093896  -0.009046  0.998016  0.054806  -0.030984  0.023427  0.133512  0.990770  0.058437  -0.989531  0.131964  0.000020  -0.000030  -0.000330  -0.467387  -0.157723  0.074285  2.000000  
24.052097 0.003737  0.093896  -0.009046  0.998021  0.054822  -0.030800  0.023222  0.133862  0.990728  0.058437  -0.989482  0.132324  0.000075  -0.000009  -0.000385  -0.463580  -0.156975  0.069313  2.000000  
24.053333 0.003737  0.093897  -0.009046  0.998026  0.054835  -0.030622  0.023016  0.134331  0.990669  0.058437  -0.989418  0.132804  0.000148  0.000042  -0.000381  -0.455221  -0.158239  0.069998  2.000000  
24.054585 0.003739  0.093898  -0.009046  0.998026  0.054824  -0.030642  0.023016  0.134692  0.990620  0.058437  -0.989370  0.133164  0.000264  0.000118  -0.000392  -0.443784  -0.145066  0.063873  2.000000  
24.055831 0.003739  0.093898  -0.009046  0.998023  0.054973  -0.030476  0.022810  0.135044  0.990577  0.058570  -0.989313  0.133523  0.000301  0.000140  -0.000400  -0.432009  -0.143836  0.063415  2.000000  
24.056839 0.003740  0.093898  -0.009047  0.998023  0.054962  -0.030496  0.022810  0.135404  0.990528  0.058570  -0.989265  0.133883  0.000349  0.000167  -0.000422  -0.427787  -0.138129  0.063121  2.000000  
24.058104 0.003741  0.093899  -0.009047  0.998027  0.054978  -0.030312  0.022605  0.135753  0.990485  0.058570  -0.989216  0.134243  0.000431  0.000271  -0.000372  -0.419416  -0.138605  0.058699  2.000000  
24.059335 0.003741  0.093900  -0.009047  0.998032  0.054995  -0.030128  0.022400  0.136102  0.990442  0.058570  -0.989167  0.134603  0.000458  0.000278  -0.000308  -0.412169  -0.137522  0.058309  2.000000  
24.060580 0.003742  0.093900  -0.009047  0.998032  0.054984  -0.030148  0.022400  0.136463  0.990392  0.058570  -0.989118  0.134963  0.000503  0.000350  -0.000274  -0.400498  -0.131295  0.053086  2.000000  
24.061581 0.003743  0.093901  -0.009048  0.998032  0.054973  -0.030168  0.022400  0.136823  0.990342  0.058570  -0.989069  0.135323  0.000541  0.000354  -0.000245  -0.392719  -0.124446  0.052250  2.000000  
24.062585 0.003743  0.093902  -0.009047  0.998037  0.054994  -0.029978  0.022194  0.137052  0.990315  0.058570  -0.989036  0.135563  0.000517  0.000388  -0.000189  -0.383726  -0.126036  0.048276  2.000000  
24.063855 0.003743  0.093902  -0.009048  0.998037  0.054987  -0.029991  0.022194  0.137292  0.990282  0.058570  -0.989003  0.135802  0.000555  0.000392  -0.000160  -0.367745  -0.119729  0.042969  2.000000  
24.065088 0.003744  0.093902  -0.009048  0.998037  0.054976  -0.030011  0.022194  0.137653  0.990232  0.058570  -0.988954  0.136162  0.000543  0.000395  -0.000126  -0.361150  -0.111958  0.041778  2.000000  
24.066096 0.003744  0.093902  -0.009048  0.998041  0.054997  -0.029821  0.021989  0.137882  0.990205  0.058570  -0.988921  0.136402  0.000525  0.000365  -0.000180  -0.351884  -0.112858  0.042169  2.000000  
24.067336 0.003744  0.093902  -0.009049  0.998041  0.054990  -0.029834  0.021989  0.138122  0.990171  0.058570  -0.988887  0.136642  0.000486  0.000361  -0.000209  -0.340105  -0.106603  0.036855  2.000000  
24.068584 0.003745  0.093902  -0.009049  0.998041  0.054983  -0.029847  0.021989  0.138362  0.990138  0.058570  -0.988854  0.136882  0.000449  0.000328  -0.000225  -0.328268  -0.100334  0.031529  2.000000  
24.069585 0.003745  0.093903  -0.009050  0.998046  0.055004  -0.029657  0.021783  0.138591  0.990110  0.058570  -0.988821  0.137122  0.000448  0.000328  -0.000225  -0.320084  -0.100313  0.031562  2.000000  
24.070831 0.003745  0.093902  -0.009050  0.998046  0.054997  -0.029670  0.021783  0.138831  0.990076  0.058570  -0.988788  0.137362  0.000391  0.000260  -0.000224  -0.309420  -0.099494  0.031345  2.000000  
24.071838 0.003745  0.093902  -0.009050  0.998046  0.054993  -0.029677  0.021783  0.138951  0.990060  0.058570  -0.988771  0.137482  0.000373  0.000258  -0.000186  -0.300228  -0.094085  0.026264  2.000000  
24.073085 0.003746  0.093902  -0.009050  0.998046  0.054986  -0.029690  0.021783  0.139191  0.990026  0.058570  -0.988738  0.137722  0.000330  0.000160  -0.000207  -0.288278  -0.087190  0.025370  2.000000  
24.074092 0.003746  0.093902  -0.009049  0.998046  0.054982  -0.029697  0.021783  0.139312  0.990009  0.058570  -0.988721  0.137842  0.000331  0.000143  -0.000166  -0.280464  -0.080320  0.024461  2.000000  
24.075333 0.003746  0.093902  -0.009049  0.998046  0.054975  -0.029710  0.021783  0.139552  0.989975  0.058570  -0.988688  0.138081  0.000305  0.000073  -0.000132  -0.270585  -0.073493  0.018959  2.000000  
24.076582 0.003746  0.093901  -0.009049  0.998050  0.055000  -0.029513  0.021578  0.139660  0.989964  0.058570  -0.988671  0.138201  0.000271  0.000026  -0.000108  -0.258436  -0.073483  0.018980  2.000000  
24.077832 0.003746  0.093900  -0.009049  0.998042  0.055129  -0.029538  0.021578  0.139783  0.989947  0.058704  -0.988646  0.138320  0.000222  -0.000073  -0.000126  -0.250364  -0.072883  0.023419  2.000000  
24.078840 0.003746  0.093900  -0.009049  0.998042  0.055126  -0.029545  0.021578  0.139903  0.989930  0.058704  -0.988629  0.138440  0.000181  -0.000097  -0.000112  -0.240517  -0.067216  0.018239  2.000000  
24.080086 0.003746  0.093900  -0.009049  0.998042  0.055122  -0.029552  0.021578  0.140024  0.989913  0.058704  -0.988613  0.138560  0.000117  -0.000170  -0.000107  -0.230902  -0.059884  0.017182  2.000000  
24.081334 0.003746  0.093899  -0.009050  0.998042  0.055118  -0.029558  0.021578  0.140144  0.989896  0.058704  -0.988596  0.138680  0.000087  -0.000196  -0.000126  -0.216916  -0.053531  0.016409  2.000000  
24.082337 0.003746  0.093899  -0.009050  0.998042  0.055115  -0.029565  0.021578  0.140264  0.989879  0.058704  -0.988579  0.138800  0.000076  -0.000197  -0.000094  -0.208747  -0.053523  0.016421  2.000000  
24.083582 0.003745  0.093899  -0.009051  0.998042  0.055111  -0.029572  0.021578  0.140384  0.989862  0.058704  -0.988562  0.138920  0.000033  -0.000218  -0.000077  -0.203418  -0.046300  0.015365  2.000000  
24.084584 0.003745  0.093899  -0.009051  0.998042  0.055111  -0.029572  0.021578  0.140384  0.989862  0.058704  -0.988562  0.138920  -0.000009  -0.000242  -0.000062  -0.191265  -0.046292  0.015372  2.000000  
24.085585 0.003745  0.093899  -0.009050  0.998042  0.055108  -0.029578  0.021578  0.140504  0.989845  0.058704  -0.988545  0.139040  -0.000009  -0.000246  -0.000063  -0.185097  -0.040442  0.010113  2.000000  
24.086835 0.003745  0.093898  -0.009051  0.998042  0.055108  -0.029578  0.021578  0.140504  0.989845  0.058704  -0.988545  0.139040  -0.000039  -0.000268  -0.000082  -0.171470  -0.040114  0.010038  2.000000  
24.088080 0.003745  0.093898  -0.009051  0.998042  0.055108  -0.029578  0.021578  0.140504  0.989845  0.058704  -0.988545  0.139040  -0.000059  -0.000243  -0.000057  0.000000  0.000000  0.000000  2.000000  
24.089081 0.003745  0.093898  -0.009051  0.998042  0.055104  -0.029585  0.021578  0.140624  0.989828  0.058704  -0.988528  0.139160  -0.000089  -0.000270  -0.000076  0.000000  0.000000  0.000000  2.000000  
24.090094 0.003745  0.093897  -0.009051  0.998042  0.055104  -0.029585  0.021578  0.140624  0.989828  0.058704  -0.988528  0.139160  -0.000117  -0.000281  -0.000141  0.000000  0.000000  0.000000  2.000000  
24.091140 0.003745  0.093897  -0.009051  0.998047  0.055133  -0.029381  0.021372  0.140613  0.989834  0.058704  -0.988528  0.139160  -0.000116  -0.000281  -0.000140  0.000000  0.000000  0.000000  2.000000  
24.092334 0.003745  0.093897  -0.009051  0.998047  0.055133  -0.029381  0.021372  0.140613  0.989834  0.058704  -0.988528  0.139160  -0.000086  -0.000254  -0.000121  0.000000  0.000000  0.000000  2.000000  
24.093580 0.003745  0.093896  -0.009052  0.998039  0.055265  -0.029400  0.021372  0.140615  0.989834  0.058837  -0.988521  0.139158  -0.000103  -0.000280  -0.000173  0.000000  0.000000  0.000000  2.000000  
24.094585 0.003745  0.093896  -0.009052  0.998039  0.055265  -0.029400  0.021372  0.140615  0.989834  0.058837  -0.988521  0.139158  -0.000073  -0.000253  -0.000154  0.000000  0.000000  0.000000  2.000000  
24.095588 0.003744  0.093896  -0.009053  0.998039  0.055265  -0.029400  0.021372  0.140615  0.989834  0.058837  -0.988521  0.139158  -0.000062  -0.000260  -0.000191  0.000000  0.000000  0.000000  2.000000  
24.096838 0.003744  0.093896  -0.009053  0.998039  0.055265  -0.029400  0.021372  0.140615  0.989834  0.058837  -0.988521  0.139158  -0.000073  -0.000253  -0.000154  0.000000  0.000000  0.000000  2.000000  
24.098097 0.003745  0.093895  -0.009053  0.998039  0.055265  -0.029400  0.021372  0.140615  0.989834  0.058837  -0.988521  0.139158  -0.000031  -0.000233  -0.000171  0.000000  0.000000  0.000000  2.000000  
24.099107 0.003744  0.093895  -0.009054  0.998039  0.055269  -0.029393  0.021372  0.140495  0.989851  0.058837  -0.988538  0.139039  -0.000049  -0.000262  -0.000225  0.000000  0.000000  0.000000  2.000000  
24.100335 0.003745  0.093895  -0.009054  0.998039  0.055269  -0.029393  0.021372  0.140495  0.989851  0.058837  -0.988538  0.139039  -0.000046  -0.000243  -0.000270  0.000000  0.000000  0.000000  2.000000  
24.101585 0.003744  0.093895  -0.009055  0.998043  0.055298  -0.029189  0.021166  0.140484  0.989857  0.058837  -0.988538  0.139039  -0.000033  -0.000246  -0.000304  0.000000  0.000000  0.000000  2.000000  
24.102836 0.003744  0.093894  -0.009056  0.998043  0.055301  -0.029183  0.021166  0.140364  0.989874  0.058837  -0.988554  0.138919  -0.000060  -0.000253  -0.000368  0.000000  0.000000  0.000000  2.000000  
24.104157 0.003744  0.093894  -0.009057  0.998043  0.055301  -0.029183  0.021166  0.140364  0.989874  0.058837  -0.988554  0.138919  -0.000098  -0.000256  -0.000395  0.000000  0.000000  0.000000  2.000000  
24.105337 0.003743  0.093894  -0.009058  0.998043  0.055305  -0.029176  0.021166  0.140244  0.989891  0.058837  -0.988571  0.138799  -0.000094  -0.000237  -0.000441  0.000000  0.000000  0.000000  2.000000  
24.106580 0.003743  0.093893  -0.009059  0.998035  0.055437  -0.029195  0.021166  0.140247  0.989890  0.058971  -0.988563  0.138798  -0.000121  -0.000244  -0.000505  0.000000  0.000000  0.000000  2.000000  
24.107585 0.003743  0.093894  -0.009059  0.998035  0.055437  -0.029195  0.021166  0.140247  0.989890  0.058971  -0.988563  0.138798  -0.000107  -0.000172  -0.000504  0.000000  0.000000  0.000000  2.000000  
24.108830 0.003743  0.093893  -0.009060  0.998035  0.055441  -0.029188  0.021166  0.140127  0.989907  0.058971  -0.988580  0.138678  -0.000123  -0.000198  -0.000549  0.000000  0.000000  0.000000  2.000000  
24.109831 0.003742  0.093893  -0.009060  0.998035  0.055441  -0.029188  0.021166  0.140127  0.989907  0.058971  -0.988580  0.138678  -0.000153  -0.000225  -0.000568  0.000000  0.000000  0.000000  2.000000  
24.110835 0.003743  0.093893  -0.009061  0.998035  0.055444  -0.029181  0.021166  0.140006  0.989924  0.058971  -0.988597  0.138558  -0.000133  -0.000179  -0.000568  0.000000  0.000000  0.000000  2.000000  
24.111844 0.003742  0.093892  -0.009062  0.998035  0.055444  -0.029181  0.021166  0.140006  0.989924  0.058971  -0.988597  0.138558  -0.000152  -0.000209  -0.000622  0.000000  0.000000  0.000000  2.000000  
24.113087 0.003742  0.093892  -0.009063  0.998035  0.055448  -0.029174  0.021166  0.139886  0.989941  0.058971  -0.988614  0.138438  -0.000179  -0.000232  -0.000632  0.000000  0.000000  0.000000  2.000000  
24.114098 0.003742  0.093892  -0.009064  0.998035  0.055451  -0.029168  0.021166  0.139766  0.989958  0.058971  -0.988631  0.138318  -0.000167  -0.000235  -0.000666  0.000000  0.000000  0.000000  2.000000  
24.115335 0.003742  0.093891  -0.009065  0.998035  0.055451  -0.029168  0.021166  0.139766  0.989958  0.058971  -0.988631  0.138318  -0.000170  -0.000239  -0.000677  0.000000  0.000000  0.000000  2.000000  
24.116586 0.003742  0.093891  -0.009066  0.998035  0.055455  -0.029161  0.021166  0.139646  0.989975  0.058971  -0.988647  0.138198  -0.000180  -0.000291  -0.000722  0.000000  0.000000  0.000000  2.000000  
24.117836 0.003741  0.093890  -0.009067  0.998035  0.055458  -0.029154  0.021166  0.139526  0.989992  0.058971  -0.988664  0.138078  -0.000165  -0.000289  -0.000744  0.000000  0.000000  0.000000  2.000000  
24.119087 0.003741  0.093889  -0.009068  0.998043  0.055326  -0.029136  0.021166  0.139523  0.989993  0.058837  -0.988672  0.138079  -0.000157  -0.000313  -0.000738  0.000000  0.000000  0.000000  2.000000  
24.120334 0.003741  0.093889  -0.009069  0.998043  0.055329  -0.029129  0.021166  0.139403  0.990009  0.058837  -0.988689  0.137959  -0.000136  -0.000336  -0.000760  0.000000  0.000000  0.000000  2.000000  
24.121585 0.003741  0.093888  -0.009070  0.998043  0.055333  -0.029122  0.021166  0.139283  0.990026  0.058837  -0.988705  0.137839  -0.000139  -0.000342  -0.000772  0.000000  0.000000  0.000000  2.000000  
24.122832 0.003740  0.093888  -0.009072  0.998043  0.055333  -0.029122  0.021166  0.139283  0.990026  0.058837  -0.988705  0.137839  -0.000176  -0.000415  -0.000824  0.000000  0.000000  0.000000  2.000000  
24.123837 0.003740  0.093887  -0.009073  0.998043  0.055337  -0.029116  0.021166  0.139163  0.990043  0.058837  -0.988722  0.137719  -0.000179  -0.000422  -0.000837  0.000000  0.000000  0.000000  2.000000  
24.125121 0.003740  0.093887  -0.009073  0.998043  0.055340  -0.029109  0.021166  0.139043  0.990060  0.058837  -0.988739  0.137600  -0.000179  -0.000421  -0.000835  0.000000  0.000000  0.000000  2.000000  
24.126332 0.003739  0.093887  -0.009074  0.998043  0.055340  -0.029109  0.021166  0.139043  0.990060  0.058837  -0.988739  0.137600  -0.000184  -0.000392  -0.000833  0.000000  0.000000  0.000000  2.000000  
24.127334 0.003739  0.093886  -0.009075  0.998043  0.055344  -0.029102  0.021166  0.138923  0.990077  0.058837  -0.988756  0.137480  -0.000184  -0.000392  -0.000833  0.000000  0.000000  0.000000  2.000000  
24.128335 0.003739  0.093886  -0.009076  0.998043  0.055347  -0.029096  0.021166  0.138803  0.990094  0.058837  -0.988772  0.137360  -0.000214  -0.000419  -0.000852  0.000000  0.000000  0.000000  2.000000  
24.129338 0.003739  0.093885  -0.009077  0.998043  0.055347  -0.029096  0.021166  0.138803  0.990094  0.058837  -0.988772  0.137360  -0.000218  -0.000426  -0.000866  0.000000  0.000000  0.000000  2.000000  
24.130590 0.003739  0.093885  -0.009077  0.998043  0.055351  -0.029089  0.021166  0.138683  0.990111  0.058837  -0.988789  0.137240  -0.000212  -0.000393  -0.000777  0.000000  0.000000  0.000000  2.000000  
24.131837 0.003738  0.093885  -0.009078  0.998043  0.055351  -0.029089  0.021166  0.138683  0.990111  0.058837  -0.988789  0.137240  -0.000232  -0.000368  -0.000752  0.000000  0.000000  0.000000  2.000000  
24.133087 0.003738  0.093885  -0.009078  0.998043  0.055354  -0.029082  0.021166  0.138563  0.990127  0.058837  -0.988805  0.137120  -0.000244  -0.000365  -0.000717  0.000000  0.000000  0.000000  2.000000  
24.134092 0.003737  0.093885  -0.009078  0.998043  0.055354  -0.029082  0.021166  0.138563  0.990127  0.058837  -0.988805  0.137120  -0.000285  -0.000314  -0.000666  0.000000  0.000000  0.000000  2.000000  
24.135335 0.003737  0.093884  -0.009079  0.998043  0.055358  -0.029075  0.021166  0.138443  0.990144  0.058837  -0.988822  0.137000  -0.000285  -0.000314  -0.000666  0.000000  0.000000  0.000000  2.000000  
24.136584 0.003737  0.093885  -0.009079  0.998043  0.055361  -0.029069  0.021166  0.138322  0.990161  0.058837  -0.988839  0.136880  -0.000271  -0.000258  -0.000611  0.000000  0.000000  0.000000  2.000000  
24.137837 0.003736  0.093884  -0.009080  0.998051  0.055229  -0.029050  0.021167  0.138320  0.990161  0.058704  -0.988847  0.136881  -0.000270  -0.000229  -0.000532  0.000000  0.000000  0.000000  2.000000  
24.139081 0.003736  0.093884  -0.009080  0.998051  0.055233  -0.029044  0.021167  0.138199  0.990178  0.058704  -0.988863  0.136761  -0.000273  -0.000203  -0.000532  0.000000  0.000000  0.000000  2.000000  
24.140085 0.003736  0.093884  -0.009080  0.998051  0.055233  -0.029044  0.021167  0.138199  0.990178  0.058704  -0.988863  0.136761  -0.000256  -0.000174  -0.000480  0.000000  0.000000  0.000000  2.000000  
24.141125 0.003735  0.093884  -0.009080  0.998051  0.055236  -0.029037  0.021167  0.138079  0.990195  0.058704  -0.988880  0.136641  -0.000275  -0.000193  -0.000407  0.000000  0.000000  0.000000  2.000000  
24.142334 0.003735  0.093884  -0.009080  0.998051  0.055236  -0.029037  0.021167  0.138079  0.990195  0.058704  -0.988880  0.136641  -0.000258  -0.000164  -0.000353  0.000000  0.000000  0.000000  2.000000  
24.143585 0.003735  0.093884  -0.009080  0.998051  0.055240  -0.029030  0.021167  0.137959  0.990212  0.058704  -0.988896  0.136521  -0.000240  -0.000134  -0.000299  0.000000  0.000000  0.000000  2.000000  
24.144830 0.003735  0.093884  -0.009080  0.998051  0.055240  -0.029030  0.021167  0.137959  0.990212  0.058704  -0.988896  0.136521  -0.000230  -0.000100  -0.000206  0.000000  0.000000  0.000000  2.000000  
24.145838 0.003735  0.093884  -0.009080  0.998051  0.055243  -0.029024  0.021167  0.137839  0.990228  0.058704  -0.988913  0.136401  -0.000195  -0.000097  -0.000181  0.000000  0.000000  0.000000  2.000000  
24.147087 0.003735  0.093884  -0.009079  0.998051  0.055243  -0.029024  0.021167  0.137839  0.990228  0.058704  -0.988913  0.136401  -0.000216  -0.000090  -0.000109  0.000000  0.000000  0.000000  2.000000  
24.148087 0.003735  0.093884  -0.009079  0.998051  0.055243  -0.029024  0.021167  0.137839  0.990228  0.058704  -0.988913  0.136401  -0.000189  -0.000065  -0.000091  0.000000  0.000000  0.000000  2.000000  
24.149334 0.003735  0.093884  -0.009079  0.998051  0.055247  -0.029017  0.021167  0.137719  0.990245  0.058704  -0.988929  0.136281  -0.000162  -0.000058  -0.000028  0.000000  0.000000  0.000000  2.000000  
24.150334 0.003735  0.093884  -0.009078  0.998051  0.055247  -0.029017  0.021167  0.137719  0.990245  0.058704  -0.988929  0.136281  -0.000154  -0.000025  0.000060  0.000000  0.000000  0.000000  2.000000  
24.151586 0.003735  0.093884  -0.009078  0.998055  0.055275  -0.028813  0.020961  0.137708  0.990251  0.058704  -0.988929  0.136281  -0.000130  -0.000018  0.000125  0.000000  0.000000  0.000000  2.000000  
24.152836 0.003735  0.093884  -0.009078  0.998055  0.055278  -0.028806  0.020961  0.137588  0.990268  0.058704  -0.988946  0.136161  -0.000128  -0.000018  0.000123  0.000000  0.000000  0.000000  2.000000  
24.154141 0.003734  0.093884  -0.009077  0.998055  0.055278  -0.028806  0.020961  0.137588  0.990268  0.058704  -0.988946  0.136161  -0.000124  0.000015  0.000214  0.000000  0.000000  0.000000  2.000000  
24.155337 0.003734  0.093885  -0.009077  0.998055  0.055278  -0.028806  0.020961  0.137588  0.990268  0.058704  -0.988946  0.136161  -0.000076  0.000072  0.000288  0.000000  0.000000  0.000000  2.000000  
24.156582 0.003734  0.093885  -0.009076  0.998055  0.055278  -0.028806  0.020961  0.137588  0.990268  0.058704  -0.988946  0.136161  -0.000074  0.000070  0.000284  0.000000  0.000000  0.000000  2.000000  
24.157834 0.003734  0.093885  -0.009076  0.998055  0.055278  -0.028806  0.020961  0.137588  0.990268  0.058704  -0.988946  0.136161  -0.000076  0.000072  0.000288  0.000000  0.000000  0.000000  2.000000  
