1-Time 2-Px 3-Py 4-Pz 5-R11 6-R21 7-R31 8-R12 9-R22 10-R32 11-R13 12-R23 13-R33 14-Vx 15-Vy 16-Vz 17-Wx 18-Wy 19-Wz 20-state 21-PR11 22-PR21 23-PR31 24-PR12 25-PR22 26-PR32 27-PR13 28-PR23 29-PR33 
166.106505 0.004865  0.089292  -0.011350  0.998946  -0.000206  -0.045893  0.001234  0.999749  0.022381  0.045877  -0.022414  0.998696  0.000108  0.000205  0.000653  0.000000  0.000000  0.000000  2.000000  
166.107744 0.004865  0.089292  -0.011350  0.998952  -0.000209  -0.045759  0.001234  0.999749  0.022382  0.045743  -0.022415  0.998702  0.000161  0.000203  0.000647  0.000000  0.000000  0.000000  2.000000  
166.108747 0.004865  0.089290  -0.011350  0.998952  -0.000209  -0.045759  0.001234  0.999749  0.022382  0.045743  -0.022415  0.998702  0.000171  0.000119  0.000573  0.000000  0.000000  0.000000  2.000000  
166.109992 0.004866  0.089288  -0.011350  0.998946  -0.000206  -0.045893  0.001234  0.999749  0.022381  0.045877  -0.022414  0.998696  0.000183  -0.000091  0.000520  0.000000  0.000000  0.000000  2.000000  
166.110992 0.004867  0.089285  -0.011350  0.998940  -0.000197  -0.046027  0.001234  0.999746  0.022502  0.046010  -0.022535  0.998687  0.000258  -0.000249  0.000506  0.000000  0.000000  0.000000  2.000000  
166.112246 0.004868  0.089282  -0.011349  0.998940  -0.000191  -0.046027  0.001234  0.999743  0.022624  0.046010  -0.022657  0.998684  0.000340  -0.000512  0.000465  0.000000  0.000000  0.000000  2.000000  
166.113246 0.004870  0.089279  -0.011349  0.998940  -0.000191  -0.046027  0.001234  0.999743  0.022624  0.046010  -0.022657  0.998684  0.000432  -0.000721  0.000471  0.000000  0.000000  0.000000  2.000000  
166.114507 0.004872  0.089275  -0.011347  0.998946  -0.000189  -0.045893  0.001234  0.999741  0.022745  0.045877  -0.022778  0.998687  0.000549  -0.001003  0.000506  0.000000  0.000000  0.000000  2.000000  
166.115507 0.004873  0.089271  -0.011347  0.998946  -0.000189  -0.045893  0.001234  0.999741  0.022745  0.045877  -0.022778  0.998687  0.000662  -0.001240  0.000485  0.000000  0.000000  0.000000  2.000000  
166.116745 0.004875  0.089267  -0.011346  0.998940  -0.000180  -0.046027  0.001234  0.999738  0.022866  0.046010  -0.022899  0.998678  0.000788  -0.001550  0.000530  0.000000  0.000000  0.000000  2.000000  
166.117765 0.004877  0.089265  -0.011346  0.998940  -0.000180  -0.046027  0.001234  0.999738  0.022866  0.046010  -0.022899  0.998678  0.000851  -0.001760  0.000469  0.000000  0.000000  0.000000  2.000000  
166.118995 0.004878  0.089261  -0.011345  0.998934  -0.000177  -0.046160  0.001234  0.999738  0.022866  0.046144  -0.022899  0.998672  0.000934  -0.002027  0.000429  0.000000  0.000000  0.000000  2.000000  
166.120000 0.004879  0.089259  -0.011346  0.998928  -0.000168  -0.046294  0.001234  0.999735  0.022987  0.046278  -0.023020  0.998663  0.001022  -0.002188  0.000379  0.000000  0.000000  0.000000  2.000000  
166.121246 0.004880  0.089255  -0.011346  0.998922  -0.000165  -0.046428  0.001234  0.999735  0.022987  0.046411  -0.023020  0.998657  0.001049  -0.002531  0.000308  0.000000  0.000000  0.000000  2.000000  
166.122508 0.004881  0.089250  -0.011345  0.998922  -0.000165  -0.046428  0.001234  0.999735  0.022987  0.046411  -0.023020  0.998657  0.001081  -0.002834  0.000330  0.000000  0.000000  0.000000  2.000000  
166.123746 0.004882  0.089245  -0.011343  0.998915  -0.000157  -0.046561  0.001234  0.999732  0.023108  0.046545  -0.023141  0.998648  0.001126  -0.003009  0.000448  0.000000  0.000000  0.000000  2.000000  
166.124746 0.004884  0.089241  -0.011342  0.998915  -0.000151  -0.046561  0.001234  0.999729  0.023229  0.046545  -0.023262  0.998645  0.001206  -0.003155  0.000561  0.000000  0.000000  0.000000  2.000000  
166.125747 0.004884  0.089237  -0.011340  0.998909  0.000058  -0.046690  0.001028  0.999729  0.023239  0.046679  -0.023262  0.998639  0.001192  -0.003299  0.000664  0.000000  0.000000  0.000000  2.000000  
166.126997 0.004884  0.089230  -0.011337  0.998903  0.000067  -0.046824  0.001028  0.999727  0.023360  0.046812  -0.023383  0.998630  0.001085  -0.003512  0.000846  0.000000  0.000000  0.000000  2.000000  
166.127998 0.004885  0.089224  -0.011335  0.998897  0.000076  -0.046957  0.001028  0.999724  0.023481  0.046946  -0.023504  0.998621  0.001047  -0.003707  0.000939  0.000000  0.000000  0.000000  2.000000  
166.129244 0.004886  0.089216  -0.011332  0.998884  0.000093  -0.047224  0.001028  0.999718  0.023723  0.047213  -0.023745  0.998603  0.000952  -0.004007  0.001049  0.000000  0.000000  0.000000  2.000000  
166.130244 0.004886  0.089210  -0.011329  0.998878  0.000102  -0.047358  0.001028  0.999715  0.023845  0.047347  -0.023866  0.998593  0.000889  -0.004196  0.001215  0.000000  0.000000  0.000000  2.000000  
166.131269 0.004887  0.089203  -0.011328  0.998872  0.000111  -0.047492  0.001028  0.999712  0.023966  0.047481  -0.023987  0.998584  0.000830  -0.004411  0.001248  0.000000  0.000000  0.000000  2.000000  
166.132498 0.004888  0.089195  -0.011325  0.998865  0.000120  -0.047625  0.001028  0.999709  0.024087  0.047614  -0.024108  0.998575  0.000807  -0.004692  0.001410  0.000000  0.000000  0.000000  2.000000  
166.133742 0.004890  0.089188  -0.011322  0.998865  0.000126  -0.047625  0.001028  0.999706  0.024208  0.047614  -0.024230  0.998572  0.000837  -0.004927  0.001555  0.000000  0.000000  0.000000  2.000000  
166.134748 0.004892  0.089182  -0.011321  0.998865  0.000132  -0.047625  0.001028  0.999703  0.024329  0.047614  -0.024351  0.998569  0.000844  -0.005178  0.001693  0.000000  0.000000  0.000000  2.000000  
166.135748 0.004893  0.089177  -0.011318  0.998865  0.000132  -0.047625  0.001028  0.999703  0.024329  0.047614  -0.024351  0.998569  0.000880  -0.005308  0.001824  0.000000  0.000000  0.000000  2.000000  
166.136750 0.004895  0.089172  -0.011316  0.998859  0.000141  -0.047759  0.001028  0.999701  0.024450  0.047748  -0.024472  0.998560  0.000935  -0.005463  0.001987  0.000000  0.000000  0.000000  2.000000  
166.137996 0.004897  0.089166  -0.011312  0.998859  0.000147  -0.047759  0.001028  0.999698  0.024572  0.047748  -0.024593  0.998557  0.001024  -0.005514  0.002144  0.000000  0.000000  0.000000  2.000000  
166.138997 0.004899  0.089162  -0.011309  0.998859  0.000147  -0.047759  0.001028  0.999698  0.024572  0.047748  -0.024593  0.998557  0.001079  -0.005548  0.002293  0.000000  0.000000  0.000000  2.000000  
166.140246 0.004902  0.089156  -0.011305  0.998852  0.000156  -0.047892  0.001028  0.999695  0.024693  0.047882  -0.024714  0.998547  0.001197  -0.005573  0.002431  0.000000  0.000000  0.000000  2.000000  
166.141247 0.004904  0.089151  -0.011301  0.998852  0.000161  -0.047892  0.001028  0.999692  0.024814  0.047882  -0.024835  0.998544  0.001315  -0.005572  0.002523  0.000000  0.000000  0.000000  2.000000  
166.142267 0.004906  0.089146  -0.011298  0.998852  0.000167  -0.047892  0.001028  0.999689  0.024935  0.047882  -0.024956  0.998541  0.001422  -0.005486  0.002540  0.000000  0.000000  0.000000  2.000000  
166.143496 0.004908  0.089139  -0.011294  0.998852  0.000173  -0.047892  0.001028  0.999686  0.025057  0.047882  -0.025077  0.998538  0.001492  -0.005474  0.002625  0.000000  0.000000  0.000000  2.000000  
166.144499 0.004910  0.089134  -0.011291  0.998852  -0.000033  -0.047897  0.001234  0.999686  0.025047  0.047882  -0.025077  0.998538  0.001617  -0.005383  0.002718  0.000000  0.000000  0.000000  2.000000  
166.145507 0.004912  0.089128  -0.011287  0.998852  -0.000027  -0.047897  0.001234  0.999682  0.025168  0.047882  -0.025198  0.998535  0.001719  -0.005327  0.002786  0.000000  0.000000  0.000000  2.000000  
166.146747 0.004915  0.089121  -0.011283  0.998852  -0.000021  -0.047897  0.001234  0.999679  0.025289  0.047882  -0.025319  0.998532  0.001846  -0.005262  0.002906  0.000000  0.000000  0.000000  2.000000  
166.147994 0.004918  0.089114  -0.011278  0.998846  -0.000012  -0.048031  0.001234  0.999676  0.025410  0.048015  -0.025440  0.998523  0.001970  -0.005215  0.003098  0.000000  0.000000  0.000000  2.000000  
166.148996 0.004921  0.089108  -0.011275  0.998846  -0.000006  -0.048031  0.001234  0.999673  0.025532  0.048015  -0.025561  0.998519  0.002038  -0.005209  0.003194  0.000000  0.000000  0.000000  2.000000  
166.149999 0.004923  0.089103  -0.011271  0.998846  -0.000000  -0.048031  0.001234  0.999670  0.025653  0.048015  -0.025682  0.998516  0.002064  -0.005219  0.003246  0.000000  0.000000  0.000000  2.000000  
166.151254 0.004926  0.089096  -0.011268  0.998846  0.000006  -0.048031  0.001234  0.999667  0.025774  0.048015  -0.025804  0.998513  0.002159  -0.005211  0.003286  0.000000  0.000000  0.000000  2.000000  
166.152507 0.004929  0.089090  -0.011266  0.998846  0.000006  -0.048031  0.001234  0.999667  0.025774  0.048015  -0.025804  0.998513  0.002242  -0.005241  0.003212  0.000000  0.000000  0.000000  2.000000  
166.153747 0.004932  0.089083  -0.011263  0.998852  0.000008  -0.047898  0.001234  0.999664  0.025896  0.047882  -0.025925  0.998517  0.002233  -0.005291  0.003110  0.000000  0.000000  0.000000  2.000000  
166.154748 0.004934  0.089078  -0.011262  0.998852  0.000008  -0.047898  0.001234  0.999664  0.025896  0.047882  -0.025925  0.998517  0.002239  -0.005327  0.002983  0.000000  0.000000  0.000000  2.000000  
166.155748 0.004936  0.089073  -0.011260  0.998852  -0.000192  -0.047903  0.001439  0.999661  0.026007  0.047882  -0.026046  0.998513  0.002216  -0.005380  0.002844  0.000000  0.000000  0.000000  2.000000  
166.156749 0.004938  0.089068  -0.011259  0.998852  -0.000192  -0.047903  0.001439  0.999661  0.026007  0.047882  -0.026046  0.998513  0.002214  -0.005393  0.002705  0.000000  0.000000  0.000000  2.000000  
166.157997 0.004939  0.089062  -0.011257  0.998852  -0.000186  -0.047903  0.001439  0.999658  0.026128  0.047882  -0.026167  0.998510  0.002182  -0.005351  0.002582  0.000000  0.000000  0.000000  2.000000  
166.159246 0.004941  0.089056  -0.011254  0.998852  -0.000186  -0.047903  0.001439  0.999658  0.026128  0.047882  -0.026167  0.998510  0.002142  -0.005286  0.002451  0.000000  0.000000  0.000000  2.000000  
166.160247 0.004942  0.089050  -0.011252  0.998852  -0.000180  -0.047903  0.001439  0.999654  0.026249  0.047882  -0.026288  0.998507  0.002033  -0.005236  0.002410  0.000000  0.000000  0.000000  2.000000  
166.161251 0.004943  0.089045  -0.011250  0.998852  -0.000180  -0.047903  0.001439  0.999654  0.026249  0.047882  -0.026288  0.998507  0.001955  -0.005211  0.002301  0.000000  0.000000  0.000000  2.000000  
166.162506 0.004944  0.089039  -0.011246  0.998852  -0.000180  -0.047903  0.001439  0.999654  0.026249  0.047882  -0.026288  0.998507  0.001773  -0.005185  0.002209  0.000000  0.000000  0.000000  2.000000  
166.163748 0.004944  0.089032  -0.011244  0.998846  -0.000171  -0.048037  0.001439  0.999651  0.026370  0.048015  -0.026409  0.998497  0.001565  -0.005167  0.002051  0.000000  0.000000  0.000000  2.000000  
166.164994 0.004945  0.089025  -0.011242  0.998846  -0.000171  -0.048037  0.001439  0.999651  0.026370  0.048015  -0.026409  0.998497  0.001446  -0.005161  0.001960  0.000000  0.000000  0.000000  2.000000  
166.165994 0.004945  0.089020  -0.011241  0.998846  -0.000171  -0.048037  0.001439  0.999651  0.026370  0.048015  -0.026409  0.998497  0.001277  -0.005153  0.001835  0.000000  0.000000  0.000000  2.000000  
166.167242 0.004946  0.089014  -0.011240  0.998846  -0.000171  -0.048037  0.001439  0.999651  0.026370  0.048015  -0.026409  0.998497  0.001118  -0.005165  0.001761  0.000000  0.000000  0.000000  2.000000  
166.168252 0.004946  0.089009  -0.011239  0.998839  -0.000162  -0.048170  0.001439  0.999648  0.026492  0.048149  -0.026530  0.998488  0.001022  -0.005115  0.001683  0.000000  0.000000  0.000000  2.000000  
166.169502 0.004947  0.089002  -0.011238  0.998839  -0.000162  -0.048170  0.001439  0.999648  0.026492  0.048149  -0.026530  0.998488  0.000852  -0.005117  0.001602  0.000000  0.000000  0.000000  2.000000  
166.170509 0.004948  0.088998  -0.011237  0.998839  -0.000162  -0.048170  0.001439  0.999648  0.026492  0.048149  -0.026530  0.998488  0.000796  -0.005067  0.001553  0.000000  0.000000  0.000000  2.000000  
166.171750 0.004949  0.088992  -0.011236  0.998839  -0.000168  -0.048170  0.001439  0.999651  0.026370  0.048149  -0.026409  0.998491  0.000703  -0.005078  0.001490  0.000000  0.000000  0.000000  2.000000  
166.172996 0.004950  0.088986  -0.011235  0.998846  -0.000171  -0.048037  0.001439  0.999651  0.026370  0.048015  -0.026409  0.998497  0.000681  -0.005049  0.001420  0.000000  0.000000  0.000000  2.000000  
166.174247 0.004951  0.088979  -0.011234  0.998846  -0.000171  -0.048037  0.001439  0.999651  0.026370  0.048015  -0.026409  0.998497  0.000612  -0.005068  0.001282  0.000000  0.000000  0.000000  2.000000  
166.175509 0.004951  0.088973  -0.011234  0.998846  -0.000171  -0.048037  0.001439  0.999651  0.026370  0.048015  -0.026409  0.998497  0.000600  -0.005050  0.001131  0.000000  0.000000  0.000000  2.000000  
166.176799 0.004952  0.088966  -0.011233  0.998839  -0.000168  -0.048170  0.001439  0.999651  0.026370  0.048149  -0.026409  0.998491  0.000617  -0.005077  0.000963  0.000000  0.000000  0.000000  2.000000  
166.177994 0.004953  0.088960  -0.011232  0.998839  -0.000168  -0.048170  0.001439  0.999651  0.026370  0.048149  -0.026409  0.998491  0.000619  -0.005095  0.000879  0.000000  0.000000  0.000000  2.000000  
166.178995 0.004954  0.088954  -0.011232  0.998839  -0.000168  -0.048170  0.001439  0.999651  0.026370  0.048149  -0.026409  0.998491  0.000643  -0.005102  0.000807  0.000000  0.000000  0.000000  2.000000  
166.180242 0.004954  0.088948  -0.011231  0.998839  -0.000168  -0.048170  0.001439  0.999651  0.026370  0.048149  -0.026409  0.998491  0.000639  -0.005057  0.000752  0.000000  0.000000  0.000000  2.000000  
166.181248 0.004955  0.088943  -0.011229  0.998839  -0.000168  -0.048170  0.001439  0.999651  0.026370  0.048149  -0.026409  0.998491  0.000656  -0.005038  0.000754  0.000000  0.000000  0.000000  2.000000  
166.182499 0.004956  0.088937  -0.011228  0.998839  -0.000168  -0.048170  0.001439  0.999651  0.026370  0.048149  -0.026409  0.998491  0.000687  -0.005013  0.000774  0.000000  0.000000  0.000000  2.000000  
166.183744 0.004957  0.088932  -0.011226  0.998839  -0.000168  -0.048170  0.001439  0.999651  0.026370  0.048149  -0.026409  0.998491  0.000720  -0.004978  0.000847  0.000000  0.000000  0.000000  2.000000  
166.184749 0.004957  0.088927  -0.011225  0.998839  -0.000168  -0.048170  0.001439  0.999651  0.026370  0.048149  -0.026409  0.998491  0.000717  -0.004930  0.000878  0.000000  0.000000  0.000000  2.000000  
166.185996 0.004959  0.088922  -0.011224  0.998839  -0.000173  -0.048170  0.001439  0.999654  0.026249  0.048149  -0.026288  0.998494  0.000741  -0.004879  0.000888  0.000000  0.000000  0.000000  2.000000  
166.187244 0.004959  0.088917  -0.011223  0.998839  -0.000173  -0.048170  0.001439  0.999654  0.026249  0.048149  -0.026288  0.998494  0.000709  -0.004828  0.000818  0.000000  0.000000  0.000000  2.000000  
166.188246 0.004960  0.088912  -0.011224  0.998839  -0.000173  -0.048170  0.001439  0.999654  0.026249  0.048149  -0.026288  0.998494  0.000682  -0.004834  0.000753  0.000000  0.000000  0.000000  2.000000  
166.189247 0.004961  0.088908  -0.011223  0.998846  -0.000177  -0.048036  0.001439  0.999654  0.026249  0.048015  -0.026288  0.998501  0.000679  -0.004786  0.000783  0.000000  0.000000  0.000000  2.000000  
166.190502 0.004961  0.088902  -0.011223  0.998846  -0.000183  -0.048036  0.001439  0.999658  0.026128  0.048015  -0.026167  0.998504  0.000657  -0.004761  0.000724  0.000000  0.000000  0.000000  2.000000  
166.191746 0.004961  0.088895  -0.011223  0.998846  -0.000183  -0.048036  0.001439  0.999658  0.026128  0.048015  -0.026167  0.998504  0.000580  -0.004778  0.000668  0.000000  0.000000  0.000000  2.000000  
166.192747 0.004961  0.088890  -0.011223  0.998846  -0.000183  -0.048036  0.001439  0.999658  0.026128  0.048015  -0.026167  0.998504  0.000533  -0.004711  0.000663  0.000000  0.000000  0.000000  2.000000  
166.193992 0.004961  0.088884  -0.011222  0.998846  -0.000183  -0.048036  0.001439  0.999658  0.026128  0.048015  -0.026167  0.998504  0.000458  -0.004707  0.000659  0.000000  0.000000  0.000000  2.000000  
166.194994 0.004961  0.088879  -0.011221  0.998846  -0.000183  -0.048036  0.001439  0.999658  0.026128  0.048015  -0.026167  0.998504  0.000440  -0.004709  0.000641  0.000000  0.000000  0.000000  2.000000  
166.195994 0.004960  0.088873  -0.011221  0.998846  0.000023  -0.048031  0.001234  0.999658  0.026138  0.048015  -0.026167  0.998504  0.000337  -0.004764  0.000571  0.000000  0.000000  0.000000  2.000000  
166.197247 0.004959  0.088867  -0.011221  0.998846  0.000023  -0.048031  0.001234  0.999658  0.026138  0.048015  -0.026167  0.998504  0.000224  -0.004792  0.000492  0.000000  0.000000  0.000000  2.000000  
166.198248 0.004959  0.088862  -0.011220  0.998846  0.000023  -0.048031  0.001234  0.999658  0.026138  0.048015  -0.026167  0.998504  0.000121  -0.004843  0.000422  0.000000  0.000000  0.000000  2.000000  
166.199497 0.004958  0.088856  -0.011220  0.998846  0.000023  -0.048031  0.001234  0.999658  0.026138  0.048015  -0.026167  0.998504  0.000040  -0.004846  0.000362  0.000000  0.000000  0.000000  2.000000  
166.200500 0.004957  0.088851  -0.011221  0.998846  0.000023  -0.048031  0.001234  0.999658  0.026138  0.048015  -0.026167  0.998504  -0.000073  -0.004874  0.000242  0.000000  0.000000  0.000000  2.000000  
166.201512 0.004956  0.088846  -0.011221  0.998846  0.000023  -0.048031  0.001234  0.999658  0.026138  0.048015  -0.026167  0.998504  -0.000196  -0.004895  0.000200  0.000000  0.000000  0.000000  2.000000  
166.202746 0.004955  0.088841  -0.011221  0.998846  0.000023  -0.048031  0.001234  0.999658  0.026138  0.048015  -0.026167  0.998504  -0.000331  -0.004914  0.000193  0.000000  0.000000  0.000000  2.000000  
166.203747 0.004954  0.088836  -0.011220  0.998846  0.000023  -0.048031  0.001234  0.999658  0.026138  0.048015  -0.026167  0.998504  -0.000439  -0.004911  0.000247  0.000000  0.000000  0.000000  2.000000  
166.204997 0.004952  0.088831  -0.011221  0.998846  0.000017  -0.048031  0.001234  0.999661  0.026017  0.048015  -0.026046  0.998507  -0.000581  -0.004884  0.000184  0.000000  0.000000  0.000000  2.000000  
166.206246 0.004951  0.088825  -0.011220  0.998846  0.000017  -0.048031  0.001234  0.999661  0.026017  0.048015  -0.026046  0.998507  -0.000703  -0.004827  0.000178  0.000000  0.000000  0.000000  2.000000  
166.207500 0.004949  0.088819  -0.011220  0.998846  0.000017  -0.048031  0.001234  0.999661  0.026017  0.048015  -0.026046  0.998507  -0.000804  -0.004799  0.000145  0.000000  0.000000  0.000000  2.000000  
166.208746 0.004947  0.088814  -0.011221  0.998846  0.000017  -0.048031  0.001234  0.999661  0.026017  0.048015  -0.026046  0.998507  -0.000901  -0.004749  0.000065  0.000000  0.000000  0.000000  2.000000  
166.210061 0.004946  0.088808  -0.011222  0.998846  0.000223  -0.048026  0.001028  0.999661  0.026026  0.048015  -0.026046  0.998507  -0.000974  -0.004710  -0.000041  0.000000  0.000000  0.000000  2.000000  
166.211246 0.004944  0.088801  -0.011223  0.998846  0.000223  -0.048026  0.001028  0.999661  0.026026  0.048015  -0.026046  0.998507  -0.001055  -0.004712  -0.000147  0.000000  0.000000  0.000000  2.000000  
166.212250 0.004943  0.088796  -0.011223  0.998846  0.000223  -0.048026  0.001028  0.999661  0.026026  0.048015  -0.026046  0.998507  -0.001103  -0.004685  -0.000187  0.000000  0.000000  0.000000  2.000000  
166.213502 0.004941  0.088790  -0.011224  0.998846  0.000223  -0.048026  0.001028  0.999661  0.026026  0.048015  -0.026046  0.998507  -0.001130  -0.004687  -0.000253  0.000000  0.000000  0.000000  2.000000  
166.214744 0.004940  0.088784  -0.011224  0.998846  0.000223  -0.048026  0.001028  0.999661  0.026026  0.048015  -0.026046  0.998507  -0.001203  -0.004717  -0.000303  0.000000  0.000000  0.000000  2.000000  
166.215744 0.004939  0.088780  -0.011224  0.998846  0.000229  -0.048026  0.001028  0.999658  0.026148  0.048015  -0.026167  0.998504  -0.001187  -0.004660  -0.000252  0.000000  0.000000  0.000000  2.000000  
166.216745 0.004938  0.088776  -0.011225  0.998846  0.000229  -0.048026  0.001028  0.999658  0.026148  0.048015  -0.026167  0.998504  -0.001196  -0.004636  -0.000262  0.000000  0.000000  0.000000  2.000000  
166.217748 0.004937  0.088772  -0.011225  0.998846  0.000229  -0.048026  0.001028  0.999658  0.026148  0.048015  -0.026167  0.998504  -0.001197  -0.004615  -0.000313  0.000000  0.000000  0.000000  2.000000  
166.218750 0.004936  0.088767  -0.011225  0.998846  0.000435  -0.048020  0.000823  0.999657  0.026158  0.048015  -0.026167  0.998504  -0.001184  -0.004618  -0.000349  0.000000  0.000000  0.000000  2.000000  
166.220002 0.004935  0.088763  -0.011226  0.998846  0.000429  -0.048020  0.000823  0.999661  0.026036  0.048015  -0.026046  0.998507  -0.001146  -0.004489  -0.000339  0.000000  0.000000  0.000000  2.000000  
166.221246 0.004934  0.088759  -0.011226  0.998846  0.000429  -0.048020  0.000823  0.999661  0.026036  0.048015  -0.026046  0.998507  -0.001102  -0.004423  -0.000406  0.000000  0.000000  0.000000  2.000000  
166.222501 0.004933  0.088755  -0.011227  0.998853  0.000425  -0.047887  0.000823  0.999661  0.026036  0.047882  -0.026046  0.998513  -0.001055  -0.004297  -0.000439  0.000000  0.000000  0.000000  2.000000  
166.223746 0.004932  0.088751  -0.011227  0.998853  0.000425  -0.047887  0.000823  0.999661  0.026036  0.047882  -0.026046  0.998513  -0.001009  -0.004195  -0.000419  0.000000  0.000000  0.000000  2.000000  
166.224747 0.004932  0.088748  -0.011227  0.998853  0.000425  -0.047887  0.000823  0.999661  0.026036  0.047882  -0.026046  0.998513  -0.000955  -0.004054  -0.000354  0.000000  0.000000  0.000000  2.000000  
166.225748 0.004932  0.088745  -0.011227  0.998853  0.000425  -0.047887  0.000823  0.999661  0.026036  0.047882  -0.026046  0.998513  -0.000836  -0.003860  -0.000339  0.000000  0.000000  0.000000  2.000000  
166.226751 0.004932  0.088743  -0.011227  0.998853  0.000631  -0.047881  0.000617  0.999661  0.026046  0.047882  -0.026046  0.998513  -0.000778  -0.003701  -0.000273  0.000000  0.000000  0.000000  2.000000  
166.227995 0.004931  0.088740  -0.011227  0.998853  0.000631  -0.047881  0.000617  0.999661  0.026046  0.047882  -0.026046  0.998513  -0.000698  -0.003493  -0.000196  0.000000  0.000000  0.000000  2.000000  
166.229248 0.004931  0.088736  -0.011226  0.998853  0.000631  -0.047881  0.000617  0.999661  0.026046  0.047882  -0.026046  0.998513  -0.000596  -0.003315  -0.000146  0.000000  0.000000  0.000000  2.000000  
166.230493 0.004931  0.088733  -0.011226  0.998853  0.000637  -0.047881  0.000617  0.999657  0.026168  0.047882  -0.026167  0.998510  -0.000532  -0.003186  -0.000115  0.000000  0.000000  0.000000  2.000000  
166.231498 0.004931  0.088731  -0.011226  0.998853  0.000637  -0.047881  0.000617  0.999657  0.026168  0.047882  -0.026167  0.998510  -0.000456  -0.003006  -0.000086  0.000000  0.000000  0.000000  2.000000  
166.232747 0.004932  0.088730  -0.011225  0.998859  0.000633  -0.047748  0.000617  0.999657  0.026168  0.047748  -0.026167  0.998517  -0.000340  -0.002804  -0.000026  0.000000  0.000000  0.000000  2.000000  
166.233996 0.004933  0.088728  -0.011225  0.998859  0.000633  -0.047748  0.000617  0.999657  0.026168  0.047748  -0.026167  0.998517  -0.000228  -0.002594  0.000023  0.000000  0.000000  0.000000  2.000000  
166.235000 0.004933  0.088727  -0.011225  0.998859  0.000633  -0.047748  0.000617  0.999657  0.026168  0.047748  -0.026167  0.998517  -0.000139  -0.002450  0.000072  0.000000  0.000000  0.000000  2.000000  
166.236244 0.004934  0.088725  -0.011224  0.998859  0.000633  -0.047748  0.000617  0.999657  0.026168  0.047748  -0.026167  0.998517  -0.000020  -0.002244  0.000176  0.000000  0.000000  0.000000  2.000000  
166.237247 0.004935  0.088725  -0.011223  0.998859  0.000633  -0.047748  0.000617  0.999657  0.026168  0.047748  -0.026167  0.998517  0.000084  -0.002022  0.000266  0.000000  0.000000  0.000000  2.000000  
166.238248 0.004936  0.088725  -0.011222  0.998859  0.000633  -0.047748  0.000617  0.999657  0.026168  0.047748  -0.026167  0.998517  0.000218  -0.001816  0.000336  0.000000  0.000000  0.000000  2.000000  
166.239499 0.004937  0.088725  -0.011221  0.998859  0.000633  -0.047748  0.000617  0.999657  0.026168  0.047748  -0.026167  0.998517  0.000354  -0.001608  0.000408  0.000000  0.000000  0.000000  2.000000  
166.240747 0.004938  0.088725  -0.011220  0.998859  0.000633  -0.047748  0.000617  0.999657  0.026168  0.047748  -0.026167  0.998517  0.000405  -0.001349  0.000500  0.000000  0.000000  0.000000  2.000000  
166.241747 0.004939  0.088725  -0.011219  0.998859  0.000633  -0.047748  0.000617  0.999657  0.026168  0.047748  -0.026167  0.998517  0.000506  -0.001172  0.000549  0.000000  0.000000  0.000000  2.000000  
166.242749 0.004940  0.088726  -0.011218  0.998859  0.000633  -0.047748  0.000617  0.999657  0.026168  0.047748  -0.026167  0.998517  0.000578  -0.000931  0.000615  0.000000  0.000000  0.000000  2.000000  
166.243994 0.004941  0.088726  -0.011217  0.998859  0.000633  -0.047748  0.000617  0.999657  0.026168  0.047748  -0.026167  0.998517  0.000656  -0.000676  0.000635  0.000000  0.000000  0.000000  2.000000  
166.244994 0.004942  0.088727  -0.011216  0.998859  0.000633  -0.047748  0.000617  0.999657  0.026168  0.047748  -0.026167  0.998517  0.000701  -0.000509  0.000690  0.000000  0.000000  0.000000  2.000000  
166.246247 0.004943  0.088728  -0.011215  0.998859  0.000633  -0.047748  0.000617  0.999657  0.026168  0.047748  -0.026167  0.998517  0.000808  -0.000232  0.000729  0.000000  0.000000  0.000000  2.000000  
166.247492 0.004944  0.088729  -0.011214  0.998859  0.000633  -0.047748  0.000617  0.999657  0.026168  0.047748  -0.026167  0.998517  0.000823  -0.000027  0.000758  0.000000  0.000000  0.000000  2.000000  
166.248493 0.004945  0.088730  -0.011213  0.998859  0.000633  -0.047748  0.000617  0.999657  0.026168  0.047748  -0.026167  0.998517  0.000854  0.000132  0.000847  0.000000  0.000000  0.000000  2.000000  
166.249496 0.004946  0.088732  -0.011212  0.998859  0.000428  -0.047753  0.000823  0.999657  0.026158  0.047748  -0.026167  0.998517  0.000863  0.000312  0.000873  0.000000  0.000000  0.000000  2.000000  
166.250506 0.004947  0.088733  -0.011210  0.998859  0.000428  -0.047753  0.000823  0.999657  0.026158  0.047748  -0.026167  0.998517  0.000911  0.000492  0.000929  0.000000  0.000000  0.000000  2.000000  
166.251752 0.004948  0.088735  -0.011209  0.998859  0.000428  -0.047753  0.000823  0.999657  0.026158  0.047748  -0.026167  0.998517  0.000895  0.000682  0.000940  0.000000  0.000000  0.000000  2.000000  
166.252996 0.004949  0.088737  -0.011208  0.998859  0.000428  -0.047753  0.000823  0.999657  0.026158  0.047748  -0.026167  0.998517  0.000906  0.000800  0.000971  0.000000  0.000000  0.000000  2.000000  
166.253997 0.004950  0.088738  -0.011208  0.998859  0.000428  -0.047753  0.000823  0.999657  0.026158  0.047748  -0.026167  0.998517  0.000873  0.000900  0.000931  0.000000  0.000000  0.000000  2.000000  
166.254997 0.004950  0.088740  -0.011207  0.998859  0.000428  -0.047753  0.000823  0.999657  0.026158  0.047748  -0.026167  0.998517  0.000854  0.001017  0.000907  0.000000  0.000000  0.000000  2.000000  
166.256246 0.004951  0.088741  -0.011206  0.998859  0.000422  -0.047753  0.000823  0.999661  0.026037  0.047748  -0.026046  0.998520  0.000842  0.001079  0.000928  0.000000  0.000000  0.000000  2.000000  
166.257498 0.004952  0.088743  -0.011205  0.998859  0.000422  -0.047753  0.000823  0.999661  0.026037  0.047748  -0.026046  0.998520  0.000831  0.001151  0.000863  0.000000  0.000000  0.000000  2.000000  
166.258513 0.004953  0.088745  -0.011204  0.998859  0.000216  -0.047759  0.001028  0.999661  0.026027  0.047748  -0.026046  0.998520  0.000805  0.001248  0.000883  0.000000  0.000000  0.000000  2.000000  
166.259763 0.004954  0.088746  -0.011203  0.998859  0.000216  -0.047759  0.001028  0.999661  0.026027  0.047748  -0.026046  0.998520  0.000829  0.001300  0.000893  0.000000  0.000000  0.000000  2.000000  
166.260992 0.004955  0.088748  -0.011201  0.998859  0.000216  -0.047759  0.001028  0.999661  0.026027  0.047748  -0.026046  0.998520  0.000814  0.001338  0.000961  0.000000  0.000000  0.000000  2.000000  
166.261994 0.004955  0.088749  -0.011200  0.998859  0.000216  -0.047759  0.001028  0.999661  0.026027  0.047748  -0.026046  0.998520  0.000806  0.001363  0.000951  0.000000  0.000000  0.000000  2.000000  
166.263242 0.004957  0.088751  -0.011198  0.998859  0.000216  -0.047759  0.001028  0.999661  0.026027  0.047748  -0.026046  0.998520  0.000837  0.001388  0.000971  0.000000  0.000000  0.000000  2.000000  
166.264247 0.004958  0.088752  -0.011198  0.998859  0.000216  -0.047759  0.001028  0.999661  0.026027  0.047748  -0.026046  0.998520  0.000858  0.001360  0.000945  0.000000  0.000000  0.000000  2.000000  
166.265508 0.004960  0.088753  -0.011197  0.998859  0.000010  -0.047764  0.001234  0.999661  0.026017  0.047748  -0.026046  0.998520  0.000884  0.001377  0.000923  0.000000  0.000000  0.000000  2.000000  
166.266745 0.004962  0.088755  -0.011195  0.998859  0.000010  -0.047764  0.001234  0.999661  0.026017  0.047748  -0.026046  0.998520  0.000927  0.001307  0.000958  0.000000  0.000000  0.000000  2.000000  
166.267746 0.004963  0.088756  -0.011194  0.998859  0.000010  -0.047764  0.001234  0.999661  0.026017  0.047748  -0.026046  0.998520  0.000990  0.001300  0.000915  0.000000  0.000000  0.000000  2.000000  
166.268749 0.004965  0.088757  -0.011193  0.998859  0.000010  -0.047764  0.001234  0.999661  0.026017  0.047748  -0.026046  0.998520  0.001032  0.001245  0.000960  0.000000  0.000000  0.000000  2.000000  
166.269999 0.004967  0.088758  -0.011192  0.998859  0.000004  -0.047764  0.001234  0.999664  0.025896  0.047748  -0.025925  0.998523  0.001102  0.001191  0.000974  0.000000  0.000000  0.000000  2.000000  
166.270999 0.004969  0.088759  -0.011191  0.998859  0.000004  -0.047764  0.001234  0.999664  0.025896  0.047748  -0.025925  0.998523  0.001194  0.001189  0.000997  0.000000  0.000000  0.000000  2.000000  
166.272250 0.004971  0.088760  -0.011189  0.998858  -0.000201  -0.047769  0.001439  0.999664  0.025886  0.047748  -0.025925  0.998523  0.001260  0.001113  0.001057  0.000000  0.000000  0.000000  2.000000  
166.273503 0.004973  0.088761  -0.011188  0.998858  -0.000201  -0.047769  0.001439  0.999664  0.025886  0.047748  -0.025925  0.998523  0.001339  0.001068  0.001073  0.000000  0.000000  0.000000  2.000000  
166.274511 0.004975  0.088762  -0.011187  0.998858  -0.000201  -0.047769  0.001439  0.999664  0.025886  0.047748  -0.025925  0.998523  0.001431  0.001032  0.001104  0.000000  0.000000  0.000000  2.000000  
166.275751 0.004977  0.088762  -0.011185  0.998858  -0.000201  -0.047769  0.001439  0.999664  0.025886  0.047748  -0.025925  0.998523  0.001512  0.000973  0.001080  0.000000  0.000000  0.000000  2.000000  
166.276791 0.004979  0.088763  -0.011185  0.998858  -0.000201  -0.047769  0.001439  0.999664  0.025886  0.047748  -0.025925  0.998523  0.001581  0.000939  0.001044  0.000000  0.000000  0.000000  2.000000  
166.277996 0.004981  0.088764  -0.011183  0.998858  -0.000407  -0.047775  0.001645  0.999664  0.025876  0.047748  -0.025925  0.998523  0.001615  0.000887  0.001030  0.000000  0.000000  0.000000  2.000000  
166.278997 0.004983  0.088765  -0.011183  0.998858  -0.000407  -0.047775  0.001645  0.999664  0.025876  0.047748  -0.025925  0.998523  0.001668  0.000884  0.001024  0.000000  0.000000  0.000000  2.000000  
166.280244 0.004984  0.088765  -0.011182  0.998858  -0.000407  -0.047775  0.001645  0.999664  0.025876  0.047748  -0.025925  0.998523  0.001655  0.000808  0.001025  0.000000  0.000000  0.000000  2.000000  
166.281247 0.004986  0.088766  -0.011181  0.998858  -0.000407  -0.047775  0.001645  0.999664  0.025876  0.047748  -0.025925  0.998523  0.001675  0.000779  0.000998  0.000000  0.000000  0.000000  2.000000  
166.282248 0.004987  0.088767  -0.011180  0.998858  -0.000407  -0.047775  0.001645  0.999664  0.025876  0.047748  -0.025925  0.998523  0.001665  0.000803  0.000987  0.000000  0.000000  0.000000  2.000000  
166.283248 0.004989  0.088768  -0.011179  0.998858  -0.000407  -0.047775  0.001645  0.999664  0.025876  0.047748  -0.025925  0.998523  0.001666  0.000795  0.001037  0.000000  0.000000  0.000000  2.000000  
166.284496 0.004990  0.088769  -0.011178  0.998858  -0.000613  -0.047780  0.001851  0.999664  0.025866  0.047748  -0.025925  0.998523  0.001626  0.000794  0.001007  0.000000  0.000000  0.000000  2.000000  
166.285513 0.004992  0.088770  -0.011177  0.998858  -0.000613  -0.047780  0.001851  0.999664  0.025866  0.047748  -0.025925  0.998523  0.001571  0.000806  0.000963  0.000000  0.000000  0.000000  2.000000  
166.286749 0.004993  0.088771  -0.011176  0.998858  -0.000613  -0.047780  0.001851  0.999664  0.025866  0.047748  -0.025925  0.998523  0.001547  0.000793  0.000948  0.000000  0.000000  0.000000  2.000000  
166.287996 0.004994  0.088772  -0.011175  0.998858  -0.000619  -0.047780  0.001851  0.999667  0.025745  0.047748  -0.025804  0.998526  0.001468  0.000792  0.000889  0.000000  0.000000  0.000000  2.000000  
166.289246 0.004995  0.088773  -0.011174  0.998851  -0.000615  -0.047913  0.001851  0.999667  0.025745  0.047882  -0.025804  0.998520  0.001397  0.000766  0.000840  0.000000  0.000000  0.000000  2.000000  
166.290509 0.004996  0.088774  -0.011174  0.998851  -0.000615  -0.047913  0.001851  0.999667  0.025745  0.047882  -0.025804  0.998520  0.001318  0.000765  0.000781  0.000000  0.000000  0.000000  2.000000  
166.291746 0.004997  0.088775  -0.011173  0.998851  -0.000615  -0.047913  0.001851  0.999667  0.025745  0.047882  -0.025804  0.998520  0.001222  0.000794  0.000751  0.000000  0.000000  0.000000  2.000000  
166.292746 0.004998  0.088776  -0.011173  0.998851  -0.000821  -0.047919  0.002056  0.999667  0.025735  0.047882  -0.025804  0.998520  0.001159  0.000804  0.000701  0.000000  0.000000  0.000000  2.000000  
166.293992 0.004999  0.088777  -0.011172  0.998851  -0.000821  -0.047919  0.002056  0.999667  0.025735  0.047882  -0.025804  0.998520  0.001088  0.000794  0.000697  0.000000  0.000000  0.000000  2.000000  
166.294998 0.004999  0.088777  -0.011171  0.998851  -0.000821  -0.047919  0.002056  0.999667  0.025735  0.047882  -0.025804  0.998520  0.001021  0.000784  0.000695  0.000000  0.000000  0.000000  2.000000  
166.296247 0.005000  0.088778  -0.011171  0.998851  -0.000821  -0.047919  0.002056  0.999667  0.025735  0.047882  -0.025804  0.998520  0.000942  0.000785  0.000636  0.000000  0.000000  0.000000  2.000000  
166.297497 0.005001  0.088778  -0.011171  0.998851  -0.000821  -0.047919  0.002056  0.999667  0.025735  0.047882  -0.025804  0.998520  0.000837  0.000731  0.000565  0.000000  0.000000  0.000000  2.000000  
166.298507 0.005000  0.088779  -0.011171  0.998851  -0.000821  -0.047919  0.002056  0.999667  0.025735  0.047882  -0.025804  0.998520  0.000765  0.000704  0.000515  0.000000  0.000000  0.000000  2.000000  
166.299747 0.005001  0.088780  -0.011171  0.998851  -0.000821  -0.047919  0.002056  0.999667  0.025735  0.047882  -0.025804  0.998520  0.000682  0.000667  0.000458  0.000000  0.000000  0.000000  2.000000  
166.300995 0.005001  0.088780  -0.011171  0.998851  -0.000821  -0.047919  0.002056  0.999667  0.025735  0.047882  -0.025804  0.998520  0.000572  0.000640  0.000379  0.000000  0.000000  0.000000  2.000000  
166.301999 0.005001  0.088780  -0.011170  0.998850  -0.001027  -0.047924  0.002262  0.999667  0.025725  0.047882  -0.025804  0.998520  0.000518  0.000599  0.000346  0.000000  0.000000  0.000000  2.000000  
166.303253 0.005001  0.088781  -0.011171  0.998850  -0.001027  -0.047924  0.002262  0.999667  0.025725  0.047882  -0.025804  0.998520  0.000414  0.000546  0.000276  0.000000  0.000000  0.000000  2.000000  
166.304501 0.005001  0.088781  -0.011171  0.998844  -0.001023  -0.048058  0.002262  0.999667  0.025725  0.048015  -0.025804  0.998513  0.000350  0.000494  0.000236  0.000000  0.000000  0.000000  2.000000  
166.305509 0.005001  0.088781  -0.011171  0.998844  -0.001023  -0.048058  0.002262  0.999667  0.025725  0.048015  -0.025804  0.998513  0.000278  0.000467  0.000186  0.000000  0.000000  0.000000  2.000000  
166.306512 0.005000  0.088781  -0.011171  0.998844  -0.001023  -0.048058  0.002262  0.999667  0.025725  0.048015  -0.025804  0.998513  0.000223  0.000390  0.000156  0.000000  0.000000  0.000000  2.000000  
166.307748 0.005000  0.088781  -0.011170  0.998844  -0.001023  -0.048058  0.002262  0.999667  0.025725  0.048015  -0.025804  0.998513  0.000147  0.000342  0.000153  0.000000  0.000000  0.000000  2.000000  
166.308749 0.005000  0.088780  -0.011171  0.998844  -0.001023  -0.048058  0.002262  0.999667  0.025725  0.048015  -0.025804  0.998513  0.000052  0.000264  0.000093  0.000000  0.000000  0.000000  2.000000  
166.309997 0.005000  0.088780  -0.011172  0.998844  -0.001023  -0.048058  0.002262  0.999667  0.025725  0.048015  -0.025804  0.998513  0.000013  0.000201  -0.000020  0.000000  0.000000  0.000000  2.000000  
166.311251 0.004999  0.088780  -0.011172  0.998844  -0.001023  -0.048058  0.002262  0.999667  0.025725  0.048015  -0.025804  0.998513  -0.000074  0.000101  -0.000070  0.000000  0.000000  0.000000  2.000000  
166.312494 0.004998  0.088779  -0.011173  0.998844  -0.001023  -0.048058  0.002262  0.999667  0.025725  0.048015  -0.025804  0.998513  -0.000154  0.000019  -0.000164  0.000000  0.000000  0.000000  2.000000  
166.313501 0.004998  0.088778  -0.011173  0.998838  -0.001020  -0.048191  0.002262  0.999667  0.025724  0.048149  -0.025803  0.998507  -0.000177  -0.000032  -0.000173  0.000000  0.000000  0.000000  2.000000  
166.314507 0.004998  0.088778  -0.011174  0.998838  -0.001020  -0.048191  0.002262  0.999667  0.025724  0.048149  -0.025803  0.998507  -0.000214  -0.000139  -0.000233  0.000000  0.000000  0.000000  2.000000  
166.315507 0.004997  0.088777  -0.011174  0.998838  -0.001020  -0.048191  0.002262  0.999667  0.025724  0.048149  -0.025803  0.998507  -0.000246  -0.000165  -0.000253  0.000000  0.000000  0.000000  2.000000  
166.316749 0.004996  0.088776  -0.011175  0.998838  -0.001020  -0.048191  0.002262  0.999667  0.025724  0.048149  -0.025803  0.998507  -0.000333  -0.000268  -0.000303  0.000000  0.000000  0.000000  2.000000  
166.317771 0.004996  0.088776  -0.011175  0.998838  -0.001020  -0.048191  0.002262  0.999667  0.025724  0.048149  -0.025803  0.998507  -0.000356  -0.000319  -0.000312  0.000000  0.000000  0.000000  2.000000  
166.318997 0.004996  0.088775  -0.011176  0.998831  -0.001222  -0.048330  0.002468  0.999666  0.025714  0.048283  -0.025803  0.998500  -0.000361  -0.000368  -0.000353  0.000000  0.000000  0.000000  2.000000  
166.320000 0.004995  0.088775  -0.011176  0.998831  -0.001222  -0.048330  0.002468  0.999666  0.025714  0.048283  -0.025803  0.998500  -0.000391  -0.000426  -0.000369  0.000000  0.000000  0.000000  2.000000  
166.321247 0.004994  0.088774  -0.011177  0.998831  -0.001222  -0.048330  0.002468  0.999666  0.025714  0.048283  -0.025803  0.998500  -0.000403  -0.000448  -0.000419  0.000000  0.000000  0.000000  2.000000  
166.322247 0.004994  0.088773  -0.011177  0.998824  -0.001219  -0.048464  0.002468  0.999666  0.025714  0.048416  -0.025803  0.998494  -0.000414  -0.000502  -0.000464  0.000000  0.000000  0.000000  2.000000  
166.323504 0.004994  0.088773  -0.011178  0.998824  -0.001219  -0.048464  0.002468  0.999666  0.025714  0.048416  -0.025803  0.998494  -0.000408  -0.000514  -0.000509  0.000000  0.000000  0.000000  2.000000  
