1-Time 2-Px 3-Py 4-Pz 5-R11 6-R21 7-R31 8-R12 9-R22 10-R32 11-R13 12-R23 13-R33 14-Vx 15-Vy 16-Vz 17-Wx 18-Wy 19-Wz 20-state 21-PR11 22-PR21 23-PR31 24-PR12 25-PR22 26-PR32 27-PR13 28-PR23 29-PR33 
117.943231 0.009677  0.099399  -0.008257  0.997662  -0.036557  -0.057746  0.060046  0.065312  0.996057  -0.032641  -0.997195  0.067354  -0.000086  -0.000349  -0.000134  0.000000  0.000000  0.000000  2.000000  
117.944305 0.009677  0.099399  -0.008257  0.997670  -0.036669  -0.057536  0.059840  0.065190  0.996077  -0.032775  -0.997199  0.067233  -0.000048  -0.000361  -0.000057  0.000000  0.000000  0.000000  2.000000  
117.945497 0.009679  0.099400  -0.008256  0.997682  -0.036656  -0.057331  0.059635  0.065198  0.996089  -0.032775  -0.997199  0.067233  0.000120  -0.000259  0.000069  0.000000  0.000000  0.000000  2.000000  
117.946500 0.009681  0.099401  -0.008254  0.997682  -0.036656  -0.057331  0.059635  0.065198  0.996089  -0.032775  -0.997199  0.067233  0.000276  -0.000153  0.000232  0.000000  0.000000  0.000000  2.000000  
117.947756 0.009684  0.099402  -0.008252  0.997694  -0.036650  -0.057122  0.059430  0.065326  0.996093  -0.032775  -0.997191  0.067354  0.000489  -0.000007  0.000482  0.000000  0.000000  0.000000  2.000000  
117.948987 0.009688  0.099404  -0.008249  0.997707  -0.036636  -0.056917  0.059224  0.065334  0.996104  -0.032775  -0.997191  0.067354  0.000727  0.000133  0.000662  0.000000  0.000000  0.000000  2.000000  
117.950232 0.009692  0.099408  -0.008247  0.997714  -0.036763  -0.056698  0.059019  0.065454  0.996109  -0.032909  -0.997178  0.067474  0.001018  0.000379  0.000831  0.000000  0.000000  0.000000  2.000000  
117.951236 0.009696  0.099409  -0.008246  0.997722  -0.036882  -0.056484  0.058813  0.065454  0.996121  -0.033042  -0.997174  0.067474  0.001240  0.000507  0.000908  0.000000  0.000000  0.000000  2.000000  
117.952241 0.009700  0.099411  -0.008245  0.997734  -0.036876  -0.056274  0.058608  0.065583  0.996125  -0.033042  -0.997166  0.067595  0.001503  0.000663  0.000971  0.000000  0.000000  0.000000  2.000000  
117.953491 0.009705  0.099413  -0.008243  0.997751  -0.036736  -0.056074  0.058402  0.065719  0.996128  -0.032909  -0.997162  0.067716  0.001818  0.000819  0.001079  0.000000  0.000000  0.000000  2.000000  
117.954501 0.009709  0.099415  -0.008241  0.997751  -0.036743  -0.056070  0.058402  0.065840  0.996120  -0.032909  -0.997154  0.067837  0.002130  0.001041  0.001170  0.000000  0.000000  0.000000  2.000000  
117.955738 0.009715  0.099419  -0.008240  0.997759  -0.036483  -0.056083  0.058403  0.065976  0.996111  -0.032641  -0.997154  0.067959  0.002532  0.001357  0.001195  0.000000  0.000000  0.000000  2.000000  
117.956987 0.009721  0.099423  -0.008241  0.997764  -0.036357  -0.056088  0.058403  0.066105  0.996102  -0.032507  -0.997150  0.068080  0.002936  0.001614  0.001135  0.000000  0.000000  0.000000  2.000000  
117.958237 0.009726  0.099427  -0.008242  0.997768  -0.036230  -0.056093  0.058403  0.066233  0.996093  -0.032374  -0.997146  0.068201  0.003347  0.001894  0.001032  0.000000  0.000000  0.000000  2.000000  
117.959489 0.009733  0.099431  -0.008243  0.997784  -0.036090  -0.055892  0.058198  0.066369  0.996096  -0.032240  -0.997142  0.068323  0.003681  0.002158  0.000902  0.000000  0.000000  0.000000  2.000000  
117.960584 0.009738  0.099435  -0.008243  0.997789  -0.035964  -0.055897  0.058199  0.066498  0.996088  -0.032106  -0.997138  0.068444  0.003958  0.002366  0.000817  0.000000  0.000000  0.000000  2.000000  
117.961738 0.009745  0.099440  -0.008243  0.997793  -0.035837  -0.055902  0.058199  0.066626  0.996079  -0.031972  -0.997134  0.068565  0.004287  0.002651  0.000727  0.000000  0.000000  0.000000  2.000000  
117.962987 0.009753  0.099445  -0.008242  0.997797  -0.035718  -0.055902  0.058199  0.066876  0.996062  -0.031839  -0.997122  0.068807  0.004516  0.002873  0.000621  0.000000  0.000000  0.000000  2.000000  
117.964234 0.009760  0.099451  -0.008241  0.997806  -0.035458  -0.055916  0.058200  0.067012  0.996053  -0.031571  -0.997122  0.068929  0.004772  0.003091  0.000585  0.000000  0.000000  0.000000  2.000000  
117.965498 0.009767  0.099456  -0.008239  0.997814  -0.035205  -0.055926  0.058200  0.067269  0.996036  -0.031304  -0.997114  0.069171  0.004956  0.003191  0.000496  0.000000  0.000000  0.000000  2.000000  
117.966732 0.009774  0.099459  -0.008238  0.997818  -0.035079  -0.055931  0.058200  0.067398  0.996027  -0.031170  -0.997109  0.069293  0.005073  0.003260  0.000499  0.000000  0.000000  0.000000  2.000000  
117.967734 0.009779  0.099461  -0.008237  0.997822  -0.034959  -0.055932  0.058201  0.067647  0.996010  -0.031036  -0.997097  0.069535  0.005123  0.003283  0.000450  0.000000  0.000000  0.000000  2.000000  
117.968739 0.009784  0.099464  -0.008235  0.997822  -0.034966  -0.055928  0.058201  0.067768  0.996002  -0.031036  -0.997088  0.069656  0.005239  0.003368  0.000479  0.000000  0.000000  0.000000  2.000000  
117.969986 0.009790  0.099467  -0.008233  0.997826  -0.034847  -0.055929  0.058201  0.068018  0.995985  -0.030903  -0.997075  0.069898  0.005249  0.003345  0.000489  0.000000  0.000000  0.000000  2.000000  
117.971237 0.009797  0.099471  -0.008231  0.997831  -0.034720  -0.055934  0.058201  0.068146  0.995976  -0.030769  -0.997071  0.070019  0.005347  0.003393  0.000609  0.000000  0.000000  0.000000  2.000000  
117.972488 0.009804  0.099476  -0.008229  0.997835  -0.034601  -0.055935  0.058201  0.068396  0.995959  -0.030635  -0.997058  0.070261  0.005450  0.003447  0.000789  0.000000  0.000000  0.000000  2.000000  
117.973491 0.009810  0.099480  -0.008228  0.997839  -0.034474  -0.055940  0.058201  0.068524  0.995950  -0.030501  -0.997054  0.070382  0.005463  0.003439  0.000935  0.000000  0.000000  0.000000  2.000000  
117.974734 0.009817  0.099484  -0.008226  0.997843  -0.034355  -0.055941  0.058202  0.068774  0.995933  -0.030368  -0.997041  0.070625  0.005513  0.003418  0.001156  0.000000  0.000000  0.000000  2.000000  
117.975738 0.009822  0.099487  -0.008224  0.997855  -0.034347  -0.055732  0.057996  0.068901  0.995936  -0.030368  -0.997032  0.070746  0.005504  0.003400  0.001284  0.000000  0.000000  0.000000  2.000000  
117.977072 0.009830  0.099491  -0.008222  0.997859  -0.034221  -0.055737  0.057997  0.069030  0.995927  -0.030234  -0.997027  0.070867  0.005479  0.003317  0.001376  0.000000  0.000000  0.000000  2.000000  
117.978235 0.009836  0.099495  -0.008221  0.997855  -0.034367  -0.055719  0.057996  0.069264  0.995911  -0.030368  -0.997006  0.071108  0.005460  0.003233  0.001396  0.000000  0.000000  0.000000  2.000000  
117.979483 0.009843  0.099500  -0.008219  0.997871  -0.034227  -0.055520  0.057791  0.069399  0.995914  -0.030234  -0.997002  0.071230  0.005440  0.003160  0.001430  0.000000  0.000000  0.000000  2.000000  
117.980487 0.009848  0.099503  -0.008216  0.997871  -0.034234  -0.055515  0.057791  0.069520  0.995905  -0.030234  -0.996993  0.071351  0.005404  0.003127  0.001539  0.000000  0.000000  0.000000  2.000000  
117.981490 0.009853  0.099505  -0.008214  0.997871  -0.034240  -0.055511  0.057791  0.069641  0.995897  -0.030234  -0.996984  0.071471  0.005361  0.003073  0.001650  0.000000  0.000000  0.000000  2.000000  
117.982732 0.009860  0.099508  -0.008210  0.997871  -0.034254  -0.055503  0.057791  0.069883  0.995880  -0.030234  -0.996967  0.071713  0.005376  0.003104  0.001833  0.000000  0.000000  0.000000  2.000000  
117.983737 0.009864  0.099510  -0.008206  0.997883  -0.034246  -0.055294  0.057586  0.070010  0.995883  -0.030234  -0.996958  0.071834  0.005359  0.003066  0.001957  0.000000  0.000000  0.000000  2.000000  
117.984987 0.009871  0.099513  -0.008201  0.997890  -0.034378  -0.055071  0.057380  0.070251  0.995878  -0.030368  -0.996937  0.072076  0.005381  0.003055  0.002167  0.000000  0.000000  0.000000  2.000000  
117.986237 0.009878  0.099517  -0.008195  0.997890  -0.034385  -0.055067  0.057380  0.070372  0.995869  -0.030368  -0.996928  0.072197  0.005347  0.002977  0.002420  0.000000  0.000000  0.000000  2.000000  
117.987237 0.009883  0.099520  -0.008191  0.997902  -0.034377  -0.054857  0.057175  0.070500  0.995872  -0.030368  -0.996919  0.072318  0.005336  0.002994  0.002593  0.000000  0.000000  0.000000  2.000000  
117.988490 0.009889  0.099524  -0.008185  0.997898  -0.034517  -0.054844  0.057174  0.070613  0.995864  -0.030501  -0.996906  0.072438  0.005311  0.002933  0.002872  0.000000  0.000000  0.000000  2.000000  
117.989734 0.009896  0.099528  -0.008179  0.997910  -0.034509  -0.054634  0.056969  0.070741  0.995867  -0.030501  -0.996898  0.072559  0.005296  0.002948  0.003159  0.000000  0.000000  0.000000  2.000000  
117.990736 0.009902  0.099531  -0.008174  0.997910  -0.034516  -0.054630  0.056969  0.070862  0.995858  -0.030501  -0.996889  0.072680  0.005306  0.002959  0.003360  0.000000  0.000000  0.000000  2.000000  
117.991987 0.009909  0.099536  -0.008168  0.997922  -0.034508  -0.054421  0.056763  0.070990  0.995861  -0.030501  -0.996880  0.072801  0.005312  0.002975  0.003631  0.000000  0.000000  0.000000  2.000000  
117.993263 0.009915  0.099540  -0.008163  0.997929  -0.034633  -0.054202  0.056558  0.071110  0.995864  -0.030635  -0.996867  0.072922  0.005232  0.002940  0.003884  0.000000  0.000000  0.000000  2.000000  
117.994497 0.009921  0.099543  -0.008158  0.997941  -0.034625  -0.053993  0.056352  0.071238  0.995866  -0.030635  -0.996858  0.073043  0.005191  0.002907  0.004082  0.000000  0.000000  0.000000  2.000000  
117.995499 0.009925  0.099546  -0.008154  0.997948  -0.034750  -0.053774  0.056147  0.071359  0.995869  -0.030769  -0.996845  0.073163  0.005142  0.002917  0.004224  0.000000  0.000000  0.000000  2.000000  
117.996732 0.009931  0.099550  -0.008149  0.997956  -0.034875  -0.053555  0.055941  0.071479  0.995872  -0.030903  -0.996832  0.073284  0.005128  0.002967  0.004295  0.000000  0.000000  0.000000  2.000000  
117.997740 0.009936  0.099554  -0.008144  0.997956  -0.034875  -0.053555  0.055941  0.071479  0.995872  -0.030903  -0.996832  0.073284  0.005116  0.003083  0.004375  0.000000  0.000000  0.000000  2.000000  
117.998983 0.009942  0.099558  -0.008138  0.997967  -0.034866  -0.053346  0.055735  0.071607  0.995874  -0.030903  -0.996823  0.073405  0.005078  0.003174  0.004420  0.000000  0.000000  0.000000  2.000000  
117.999987 0.009947  0.099562  -0.008134  0.997967  -0.034873  -0.053341  0.055735  0.071728  0.995866  -0.030903  -0.996814  0.073526  0.005065  0.003275  0.004448  0.000000  0.000000  0.000000  2.000000  
118.001234 0.009953  0.099568  -0.008129  0.997975  -0.034991  -0.053127  0.055530  0.071728  0.995877  -0.031036  -0.996810  0.073525  0.005018  0.003391  0.004402  0.000000  0.000000  0.000000  2.000000  
118.002240 0.009957  0.099571  -0.008125  0.997986  -0.034983  -0.052917  0.055324  0.071856  0.995880  -0.031036  -0.996801  0.073646  0.004932  0.003424  0.004387  0.000000  0.000000  0.000000  2.000000  
118.003495 0.009963  0.099576  -0.008121  0.997986  -0.034989  -0.052913  0.055324  0.071976  0.995871  -0.031036  -0.996792  0.073767  0.004912  0.003510  0.004274  0.000000  0.000000  0.000000  2.000000  
118.004737 0.009969  0.099582  -0.008115  0.997997  -0.034974  -0.052708  0.055119  0.071984  0.995882  -0.031036  -0.996792  0.073767  0.004876  0.003606  0.004239  0.000000  0.000000  0.000000  2.000000  
118.005738 0.009974  0.099587  -0.008111  0.997993  -0.035114  -0.052694  0.055119  0.072097  0.995873  -0.031170  -0.996779  0.073888  0.004807  0.003670  0.004180  0.000000  0.000000  0.000000  2.000000  
118.006985 0.009980  0.099592  -0.008105  0.998004  -0.035099  -0.052489  0.054913  0.072104  0.995884  -0.031170  -0.996779  0.073888  0.004762  0.003773  0.004217  0.000000  0.000000  0.000000  2.000000  
118.007986 0.009985  0.099596  -0.008101  0.998004  -0.035106  -0.052485  0.054913  0.072225  0.995876  -0.031170  -0.996770  0.074009  0.004703  0.003812  0.004167  0.000000  0.000000  0.000000  2.000000  
118.008989 0.009989  0.099601  -0.008097  0.998004  -0.035106  -0.052485  0.054913  0.072225  0.995876  -0.031170  -0.996770  0.074009  0.004672  0.003931  0.004145  0.000000  0.000000  0.000000  2.000000  
118.010237 0.009994  0.099606  -0.008093  0.998016  -0.035097  -0.052275  0.054708  0.072353  0.995878  -0.031170  -0.996761  0.074130  0.004680  0.004058  0.004098  0.000000  0.000000  0.000000  2.000000  
118.011491 0.010000  0.099611  -0.008089  0.998016  -0.035103  -0.052271  0.054708  0.072474  0.995869  -0.031170  -0.996752  0.074250  0.004647  0.004144  0.004019  0.000000  0.000000  0.000000  2.000000  
118.012739 0.010006  0.099617  -0.008086  0.998016  -0.035103  -0.052271  0.054708  0.072474  0.995869  -0.031170  -0.996752  0.074250  0.004626  0.004201  0.003899  0.000000  0.000000  0.000000  2.000000  
118.013987 0.010010  0.099622  -0.008083  0.998027  -0.035088  -0.052066  0.054502  0.072481  0.995880  -0.031170  -0.996752  0.074250  0.004541  0.004230  0.003701  0.000000  0.000000  0.000000  2.000000  
118.015233 0.010016  0.099628  -0.008081  0.998027  -0.035088  -0.052066  0.054502  0.072481  0.995880  -0.031170  -0.996752  0.074250  0.004534  0.004302  0.003505  0.000000  0.000000  0.000000  2.000000  
118.016234 0.010020  0.099632  -0.008079  0.998027  -0.035088  -0.052066  0.054502  0.072481  0.995880  -0.031170  -0.996752  0.074250  0.004482  0.004304  0.003329  0.000000  0.000000  0.000000  2.000000  
118.017487 0.010026  0.099638  -0.008077  0.998027  -0.035095  -0.052062  0.054502  0.072602  0.995871  -0.031170  -0.996743  0.074371  0.004492  0.004387  0.003152  0.000000  0.000000  0.000000  2.000000  
118.018514 0.010030  0.099642  -0.008076  0.998027  -0.035095  -0.052062  0.054502  0.072602  0.995871  -0.031170  -0.996743  0.074371  0.004447  0.004394  0.002977  0.000000  0.000000  0.000000  2.000000  
118.019733 0.010035  0.099647  -0.008073  0.998027  -0.035095  -0.052062  0.054502  0.072602  0.995871  -0.031170  -0.996743  0.074371  0.004370  0.004340  0.002789  0.000000  0.000000  0.000000  2.000000  
118.020735 0.010039  0.099651  -0.008070  0.998027  -0.035095  -0.052062  0.054502  0.072602  0.995871  -0.031170  -0.996743  0.074371  0.004313  0.004301  0.002701  0.000000  0.000000  0.000000  2.000000  
118.021983 0.010044  0.099656  -0.008067  0.998027  -0.035095  -0.052062  0.054502  0.072602  0.995871  -0.031170  -0.996743  0.074371  0.004242  0.004250  0.002514  0.000000  0.000000  0.000000  2.000000  
118.022985 0.010047  0.099660  -0.008065  0.998016  -0.035110  -0.052267  0.054708  0.072595  0.995860  -0.031170  -0.996743  0.074371  0.004175  0.004234  0.002417  0.000000  0.000000  0.000000  2.000000  
118.024233 0.010052  0.099664  -0.008062  0.998020  -0.034983  -0.052272  0.054708  0.072723  0.995851  -0.031036  -0.996738  0.074493  0.004090  0.004166  0.002309  0.000000  0.000000  0.000000  2.000000  
118.025235 0.010055  0.099668  -0.008059  0.998020  -0.034983  -0.052272  0.054708  0.072723  0.995851  -0.031036  -0.996738  0.074493  0.004061  0.004137  0.002288  0.000000  0.000000  0.000000  2.000000  
118.026496 0.010060  0.099673  -0.008055  0.998020  -0.034983  -0.052272  0.054708  0.072723  0.995851  -0.031036  -0.996738  0.074493  0.003986  0.004110  0.002265  0.000000  0.000000  0.000000  2.000000  
118.027738 0.010063  0.099677  -0.008052  0.998016  -0.035116  -0.052263  0.054708  0.072715  0.995851  -0.031170  -0.996734  0.074492  0.003859  0.004042  0.002268  0.000000  0.000000  0.000000  2.000000  
118.028989 0.010068  0.099682  -0.008048  0.998016  -0.035122  -0.052258  0.054708  0.072836  0.995842  -0.031170  -0.996725  0.074613  0.003768  0.003997  0.002326  0.000000  0.000000  0.000000  2.000000  
118.030238 0.010071  0.099687  -0.008045  0.998016  -0.035122  -0.052258  0.054708  0.072836  0.995842  -0.031170  -0.996725  0.074613  0.003684  0.003924  0.002401  0.000000  0.000000  0.000000  2.000000  
118.031491 0.010074  0.099691  -0.008042  0.998016  -0.035122  -0.052258  0.054708  0.072836  0.995842  -0.031170  -0.996725  0.074613  0.003512  0.003809  0.002454  0.000000  0.000000  0.000000  2.000000  
118.032732 0.010078  0.099695  -0.008038  0.998004  -0.035137  -0.052463  0.054913  0.072829  0.995832  -0.031170  -0.996725  0.074613  0.003396  0.003761  0.002591  0.000000  0.000000  0.000000  2.000000  
118.033737 0.010080  0.099698  -0.008036  0.998004  -0.035137  -0.052463  0.054913  0.072829  0.995832  -0.031170  -0.996725  0.074613  0.003285  0.003679  0.002598  0.000000  0.000000  0.000000  2.000000  
118.034737 0.010082  0.099701  -0.008033  0.998004  -0.035137  -0.052463  0.054913  0.072829  0.995832  -0.031170  -0.996725  0.074613  0.003130  0.003621  0.002664  0.000000  0.000000  0.000000  2.000000  
118.035739 0.010084  0.099704  -0.008030  0.998004  -0.035137  -0.052463  0.054913  0.072829  0.995832  -0.031170  -0.996725  0.074613  0.002987  0.003505  0.002649  0.000000  0.000000  0.000000  2.000000  
118.036990 0.010087  0.099707  -0.008028  0.998004  -0.035137  -0.052463  0.054913  0.072829  0.995832  -0.031170  -0.996725  0.074613  0.002833  0.003413  0.002623  0.000000  0.000000  0.000000  2.000000  
118.038236 0.010088  0.099710  -0.008025  0.998004  -0.035144  -0.052459  0.054913  0.072950  0.995823  -0.031170  -0.996716  0.074734  0.002671  0.003245  0.002597  0.000000  0.000000  0.000000  2.000000  
118.039488 0.010091  0.099713  -0.008021  0.998016  -0.035129  -0.052254  0.054708  0.072957  0.995833  -0.031170  -0.996716  0.074734  0.002545  0.003161  0.002638  0.000000  0.000000  0.000000  2.000000  
118.040491 0.010093  0.099715  -0.008018  0.998016  -0.035129  -0.052254  0.054708  0.072957  0.995833  -0.031170  -0.996716  0.074734  0.002439  0.003089  0.002680  0.000000  0.000000  0.000000  2.000000  
118.041736 0.010095  0.099718  -0.008014  0.998016  -0.035129  -0.052254  0.054708  0.072957  0.995833  -0.031170  -0.996716  0.074734  0.002283  0.002919  0.002720  0.000000  0.000000  0.000000  2.000000  
118.042736 0.010097  0.099721  -0.008011  0.998016  -0.035129  -0.052254  0.054708  0.072957  0.995833  -0.031170  -0.996716  0.074734  0.002263  0.002903  0.002732  0.000000  0.000000  0.000000  2.000000  
118.043789 0.010099  0.099723  -0.008007  0.998016  -0.035129  -0.052254  0.054708  0.072957  0.995833  -0.031170  -0.996716  0.074734  0.002140  0.002750  0.002750  0.000000  0.000000  0.000000  2.000000  
118.044984 0.010101  0.099725  -0.008004  0.998016  -0.035129  -0.052254  0.054708  0.072957  0.995833  -0.031170  -0.996716  0.074734  0.002054  0.002628  0.002786  0.000000  0.000000  0.000000  2.000000  
118.045985 0.010103  0.099728  -0.008001  0.998016  -0.035135  -0.052250  0.054708  0.073078  0.995825  -0.031170  -0.996707  0.074855  0.001989  0.002525  0.002832  0.000000  0.000000  0.000000  2.000000  
118.046986 0.010104  0.099729  -0.007998  0.998016  -0.035135  -0.052250  0.054708  0.073078  0.995825  -0.031170  -0.996707  0.074855  0.001925  0.002423  0.002879  0.000000  0.000000  0.000000  2.000000  
118.048232 0.010106  0.099731  -0.007995  0.998016  -0.035135  -0.052250  0.054708  0.073078  0.995825  -0.031170  -0.996707  0.074855  0.001791  0.002276  0.002847  0.000000  0.000000  0.000000  2.000000  
118.049239 0.010107  0.099733  -0.007992  0.998016  -0.035135  -0.052250  0.054708  0.073078  0.995825  -0.031170  -0.996707  0.074855  0.001752  0.002176  0.002849  0.000000  0.000000  0.000000  2.000000  
118.050488 0.010108  0.099735  -0.007989  0.998016  -0.035135  -0.052250  0.054708  0.073078  0.995825  -0.031170  -0.996707  0.074855  0.001641  0.002088  0.002832  0.000000  0.000000  0.000000  2.000000  
118.051501 0.010109  0.099736  -0.007987  0.998004  -0.035156  -0.052451  0.054913  0.073191  0.995805  -0.031170  -0.996698  0.074976  0.001597  0.001982  0.002828  0.000000  0.000000  0.000000  2.000000  
118.052739 0.010110  0.099737  -0.007984  0.998004  -0.035156  -0.052451  0.054913  0.073191  0.995805  -0.031170  -0.996698  0.074976  0.001497  0.001895  0.002801  0.000000  0.000000  0.000000  2.000000  
118.053986 0.010111  0.099739  -0.007982  0.998004  -0.035156  -0.052451  0.054913  0.073191  0.995805  -0.031170  -0.996698  0.074976  0.001392  0.001830  0.002738  0.000000  0.000000  0.000000  2.000000  
118.055235 0.010112  0.099741  -0.007979  0.998004  -0.035156  -0.052451  0.054913  0.073191  0.995805  -0.031170  -0.996698  0.074976  0.001316  0.001739  0.002639  0.000000  0.000000  0.000000  2.000000  
118.056237 0.010113  0.099742  -0.007977  0.998004  -0.035156  -0.052451  0.054913  0.073191  0.995805  -0.031170  -0.996698  0.074976  0.001234  0.001665  0.002516  0.000000  0.000000  0.000000  2.000000  
118.057488 0.010115  0.099744  -0.007975  0.998004  -0.035156  -0.052451  0.054913  0.073191  0.995805  -0.031170  -0.996698  0.074976  0.001207  0.001583  0.002428  0.000000  0.000000  0.000000  2.000000  
118.058499 0.010115  0.099745  -0.007974  0.998004  -0.035156  -0.052451  0.054913  0.073191  0.995805  -0.031170  -0.996698  0.074976  0.001095  0.001480  0.002285  0.000000  0.000000  0.000000  2.000000  
118.059736 0.010116  0.099746  -0.007972  0.998004  -0.035163  -0.052446  0.054913  0.073312  0.995796  -0.031170  -0.996689  0.075097  0.001015  0.001382  0.002178  0.000000  0.000000  0.000000  2.000000  
118.060982 0.010117  0.099747  -0.007969  0.998004  -0.035163  -0.052446  0.054913  0.073312  0.995796  -0.031170  -0.996689  0.075097  0.000962  0.001274  0.002074  0.000000  0.000000  0.000000  2.000000  
118.061984 0.010118  0.099747  -0.007968  0.998004  -0.035163  -0.052446  0.054913  0.073312  0.995796  -0.031170  -0.996689  0.075097  0.000915  0.001212  0.001996  0.000000  0.000000  0.000000  2.000000  
118.062984 0.010119  0.099748  -0.007966  0.998004  -0.035163  -0.052446  0.054913  0.073312  0.995796  -0.031170  -0.996689  0.075097  0.000920  0.001154  0.001914  0.000000  0.000000  0.000000  2.000000  
118.064237 0.010120  0.099748  -0.007964  0.998004  -0.035163  -0.052446  0.054913  0.073312  0.995796  -0.031170  -0.996689  0.075097  0.000854  0.001040  0.001824  0.000000  0.000000  0.000000  2.000000  
118.065498 0.010120  0.099749  -0.007963  0.998004  -0.035163  -0.052446  0.054913  0.073312  0.995796  -0.031170  -0.996689  0.075097  0.000813  0.000937  0.001726  0.000000  0.000000  0.000000  2.000000  
118.066501 0.010121  0.099749  -0.007961  0.998009  -0.035030  -0.052456  0.054913  0.073319  0.995796  -0.031036  -0.996693  0.075097  0.000826  0.000935  0.001692  0.000000  0.000000  0.000000  2.000000  
118.067734 0.010122  0.099750  -0.007960  0.998009  -0.035036  -0.052452  0.054913  0.073440  0.995787  -0.031036  -0.996684  0.075218  0.000766  0.000858  0.001587  0.000000  0.000000  0.000000  2.000000  
118.068742 0.010122  0.099751  -0.007959  0.998009  -0.035036  -0.052452  0.054913  0.073440  0.995787  -0.031036  -0.996684  0.075218  0.000783  0.000813  0.001529  0.000000  0.000000  0.000000  2.000000  
118.069987 0.010123  0.099752  -0.007959  0.998004  -0.035169  -0.052442  0.054913  0.073433  0.995787  -0.031170  -0.996680  0.075218  0.000708  0.000740  0.001384  0.000000  0.000000  0.000000  2.000000  
118.071238 0.010123  0.099753  -0.007959  0.998004  -0.035169  -0.052442  0.054913  0.073433  0.995787  -0.031170  -0.996680  0.075218  0.000664  0.000698  0.001260  0.000000  0.000000  0.000000  2.000000  
118.072239 0.010124  0.099754  -0.007958  0.998004  -0.035169  -0.052442  0.054913  0.073433  0.995787  -0.031170  -0.996680  0.075218  0.000609  0.000679  0.001126  0.000000  0.000000  0.000000  2.000000  
118.073496 0.010124  0.099754  -0.007958  0.998004  -0.035176  -0.052438  0.054913  0.073554  0.995778  -0.031170  -0.996671  0.075339  0.000572  0.000659  0.001041  0.000000  0.000000  0.000000  2.000000  
118.074499 0.010124  0.099755  -0.007958  0.998004  -0.035176  -0.052438  0.054913  0.073554  0.995778  -0.031170  -0.996671  0.075339  0.000536  0.000627  0.000934  0.000000  0.000000  0.000000  2.000000  
118.075502 0.010124  0.099755  -0.007958  0.998004  -0.035176  -0.052438  0.054913  0.073554  0.995778  -0.031170  -0.996671  0.075339  0.000452  0.000577  0.000778  0.000000  0.000000  0.000000  2.000000  
118.076737 0.010125  0.099756  -0.007958  0.998004  -0.035176  -0.052438  0.054913  0.073554  0.995778  -0.031170  -0.996671  0.075339  0.000418  0.000559  0.000700  0.000000  0.000000  0.000000  2.000000  
118.077983 0.010125  0.099756  -0.007957  0.998004  -0.035182  -0.052433  0.054913  0.073675  0.995769  -0.031170  -0.996662  0.075459  0.000403  0.000547  0.000599  0.000000  0.000000  0.000000  2.000000  
118.078983 0.010125  0.099756  -0.007958  0.998016  -0.035167  -0.052228  0.054708  0.073682  0.995780  -0.031170  -0.996662  0.075459  0.000367  0.000535  0.000440  0.000000  0.000000  0.000000  2.000000  
118.079988 0.010126  0.099757  -0.007958  0.998016  -0.035167  -0.052228  0.054708  0.073682  0.995780  -0.031170  -0.996662  0.075459  0.000352  0.000523  0.000337  0.000000  0.000000  0.000000  2.000000  
118.081235 0.010126  0.099757  -0.007958  0.998016  -0.035167  -0.052228  0.054708  0.073682  0.995780  -0.031170  -0.996662  0.075459  0.000341  0.000479  0.000240  0.000000  0.000000  0.000000  2.000000  
118.082499 0.010126  0.099757  -0.007958  0.998016  -0.035167  -0.052228  0.054708  0.073682  0.995780  -0.031170  -0.996662  0.075459  0.000331  0.000475  0.000141  0.000000  0.000000  0.000000  2.000000  
118.083735 0.010127  0.099757  -0.007959  0.998016  -0.035173  -0.052224  0.054708  0.073803  0.995771  -0.031170  -0.996652  0.075580  0.000304  0.000400  -0.000009  0.000000  0.000000  0.000000  2.000000  
118.084735 0.010127  0.099757  -0.007960  0.998016  -0.035173  -0.052224  0.054708  0.073803  0.995771  -0.031170  -0.996652  0.075580  0.000296  0.000345  -0.000056  0.000000  0.000000  0.000000  2.000000  
118.085746 0.010127  0.099757  -0.007961  0.998016  -0.035173  -0.052224  0.054708  0.073803  0.995771  -0.031170  -0.996652  0.075580  0.000276  0.000261  -0.000162  0.000000  0.000000  0.000000  2.000000  
118.086992 0.010128  0.099757  -0.007962  0.998016  -0.035173  -0.052224  0.054708  0.073803  0.995771  -0.031170  -0.996652  0.075580  0.000271  0.000226  -0.000255  0.000000  0.000000  0.000000  2.000000  
118.088238 0.010128  0.099757  -0.007963  0.998016  -0.035173  -0.052224  0.054708  0.073803  0.995771  -0.031170  -0.996652  0.075580  0.000232  0.000158  -0.000363  0.000000  0.000000  0.000000  2.000000  
118.089239 0.010128  0.099756  -0.007964  0.998016  -0.035179  -0.052220  0.054708  0.073923  0.995762  -0.031170  -0.996643  0.075701  0.000229  0.000104  -0.000417  0.000000  0.000000  0.000000  2.000000  
118.090501 0.010127  0.099756  -0.007966  0.998016  -0.035179  -0.052220  0.054708  0.073923  0.995762  -0.031170  -0.996643  0.075701  0.000219  0.000067  -0.000502  0.000000  0.000000  0.000000  2.000000  
118.091737 0.010127  0.099756  -0.007967  0.998016  -0.035179  -0.052220  0.054708  0.073923  0.995762  -0.031170  -0.996643  0.075701  0.000159  -0.000027  -0.000647  0.000000  0.000000  0.000000  2.000000  
118.092738 0.010127  0.099755  -0.007968  0.998016  -0.035179  -0.052220  0.054708  0.073923  0.995762  -0.031170  -0.996643  0.075701  0.000141  -0.000060  -0.000704  0.000000  0.000000  0.000000  2.000000  
118.093739 0.010127  0.099755  -0.007969  0.998016  -0.035186  -0.052216  0.054708  0.074044  0.995753  -0.031170  -0.996634  0.075822  0.000111  -0.000091  -0.000725  0.000000  0.000000  0.000000  2.000000  
118.094741 0.010127  0.099754  -0.007969  0.998016  -0.035186  -0.052216  0.054708  0.074044  0.995753  -0.031170  -0.996634  0.075822  0.000064  -0.000154  -0.000805  0.000000  0.000000  0.000000  2.000000  
118.095759 0.010126  0.099754  -0.007970  0.998016  -0.035186  -0.052216  0.054708  0.074044  0.995753  -0.031170  -0.996634  0.075822  0.000034  -0.000184  -0.000825  0.000000  0.000000  0.000000  2.000000  
118.096983 0.010127  0.099754  -0.007971  0.998020  -0.035053  -0.052226  0.054708  0.074051  0.995753  -0.031036  -0.996638  0.075822  0.000034  -0.000181  -0.000813  0.000000  0.000000  0.000000  2.000000  
118.097985 0.010126  0.099753  -0.007972  0.998020  -0.035053  -0.052226  0.054708  0.074051  0.995753  -0.031036  -0.996638  0.075822  -0.000025  -0.000245  -0.000870  0.000000  0.000000  0.000000  2.000000  
118.099239 0.010126  0.099753  -0.007972  0.998020  -0.035059  -0.052222  0.054708  0.074172  0.995744  -0.031036  -0.996629  0.075943  -0.000050  -0.000239  -0.000799  0.000000  0.000000  0.000000  2.000000  
118.100483 0.010126  0.099753  -0.007972  0.998020  -0.035059  -0.052222  0.054708  0.074172  0.995744  -0.031036  -0.996629  0.075943  -0.000080  -0.000286  -0.000763  0.000000  0.000000  0.000000  2.000000  
118.101494 0.010126  0.099752  -0.007972  0.998020  -0.035059  -0.052222  0.054708  0.074172  0.995744  -0.031036  -0.996629  0.075943  -0.000124  -0.000334  -0.000704  0.000000  0.000000  0.000000  2.000000  
118.102737 0.010125  0.099751  -0.007973  0.998031  -0.035044  -0.052017  0.054503  0.074179  0.995754  -0.031036  -0.996629  0.075943  -0.000126  -0.000354  -0.000660  0.000000  0.000000  0.000000  2.000000  
118.103738 0.010125  0.099751  -0.007973  0.998031  -0.035044  -0.052017  0.054503  0.074179  0.995754  -0.031036  -0.996629  0.075943  -0.000167  -0.000381  -0.000646  0.000000  0.000000  0.000000  2.000000  
118.104986 0.010125  0.099750  -0.007973  0.998031  -0.035044  -0.052017  0.054503  0.074179  0.995754  -0.031036  -0.996629  0.075943  -0.000182  -0.000399  -0.000567  0.000000  0.000000  0.000000  2.000000  
118.105987 0.010125  0.099750  -0.007974  0.998031  -0.035050  -0.052012  0.054503  0.074300  0.995745  -0.031036  -0.996620  0.076064  -0.000184  -0.000420  -0.000522  0.000000  0.000000  0.000000  2.000000  
118.107236 0.010124  0.099750  -0.007974  0.998031  -0.035050  -0.052012  0.054503  0.074300  0.995745  -0.031036  -0.996620  0.076064  -0.000208  -0.000415  -0.000452  0.000000  0.000000  0.000000  2.000000  
118.108237 0.010124  0.099749  -0.007975  0.998031  -0.035050  -0.052012  0.054503  0.074300  0.995745  -0.031036  -0.996620  0.076064  -0.000220  -0.000412  -0.000417  0.000000  0.000000  0.000000  2.000000  
118.109237 0.010124  0.099749  -0.007975  0.998031  -0.035050  -0.052012  0.054503  0.074300  0.995745  -0.031036  -0.996620  0.076064  -0.000203  -0.000380  -0.000361  0.000000  0.000000  0.000000  2.000000  
118.110485 0.010124  0.099749  -0.007975  0.998031  -0.035050  -0.052012  0.054503  0.074300  0.995745  -0.031036  -0.996620  0.076064  -0.000186  -0.000348  -0.000304  0.000000  0.000000  0.000000  2.000000  
118.111491 0.010124  0.099749  -0.007975  0.998031  -0.035050  -0.052012  0.054503  0.074300  0.995745  -0.031036  -0.996620  0.076064  -0.000171  -0.000320  -0.000252  0.000000  0.000000  0.000000  2.000000  
118.112736 0.010124  0.099749  -0.007975  0.998031  -0.035050  -0.052012  0.054503  0.074300  0.995745  -0.031036  -0.996620  0.076064  -0.000151  -0.000283  -0.000191  0.000000  0.000000  0.000000  2.000000  
118.113983 0.010124  0.099749  -0.007975  0.998031  -0.035050  -0.052012  0.054503  0.074300  0.995745  -0.031036  -0.996620  0.076064  -0.000154  -0.000288  -0.000195  0.000000  0.000000  0.000000  2.000000  
118.114983 0.010124  0.099749  -0.007974  0.998031  -0.035050  -0.052012  0.054503  0.074300  0.995745  -0.031036  -0.996620  0.076064  -0.000134  -0.000250  -0.000135  0.000000  0.000000  0.000000  2.000000  
118.116240 0.010124  0.099749  -0.007974  0.998031  -0.035056  -0.052008  0.054503  0.074421  0.995736  -0.031036  -0.996611  0.076185  -0.000077  -0.000194  -0.000094  0.000000  0.000000  0.000000  2.000000  
118.117483 0.010124  0.099749  -0.007973  0.998031  -0.035056  -0.052008  0.054503  0.074421  0.995736  -0.031036  -0.996611  0.076185  -0.000080  -0.000133  -0.000010  0.000000  0.000000  0.000000  2.000000  
118.118497 0.010124  0.099750  -0.007972  0.998031  -0.035056  -0.052008  0.054503  0.074421  0.995736  -0.031036  -0.996611  0.076185  -0.000034  -0.000072  0.000069  0.000000  0.000000  0.000000  2.000000  
118.119737 0.010124  0.099750  -0.007972  0.998031  -0.035056  -0.052008  0.054503  0.074421  0.995736  -0.031036  -0.996611  0.076185  -0.000015  -0.000018  0.000081  0.000000  0.000000  0.000000  2.000000  
118.120737 0.010125  0.099750  -0.007971  0.998031  -0.035056  -0.052008  0.054503  0.074421  0.995736  -0.031036  -0.996611  0.076185  -0.000009  0.000017  0.000171  0.000000  0.000000  0.000000  2.000000  
118.121987 0.010125  0.099751  -0.007971  0.998031  -0.035056  -0.052008  0.054503  0.074421  0.995736  -0.031036  -0.996611  0.076185  0.000050  0.000078  0.000217  0.000000  0.000000  0.000000  2.000000  
118.122987 0.010125  0.099751  -0.007970  0.998031  -0.035056  -0.052008  0.054503  0.074421  0.995736  -0.031036  -0.996611  0.076185  0.000097  0.000141  0.000296  0.000000  0.000000  0.000000  2.000000  
118.124237 0.010126  0.099752  -0.007970  0.998031  -0.035056  -0.052008  0.054503  0.074421  0.995736  -0.031036  -0.996611  0.076185  0.000115  0.000191  0.000303  0.000000  0.000000  0.000000  2.000000  
118.125501 0.010126  0.099752  -0.007970  0.998031  -0.035056  -0.052008  0.054503  0.074421  0.995736  -0.031036  -0.996611  0.076185  0.000117  0.000194  0.000308  0.000000  0.000000  0.000000  2.000000  
118.126734 0.010126  0.099752  -0.007970  0.998031  -0.035056  -0.052008  0.054503  0.074421  0.995736  -0.031036  -0.996611  0.076185  0.000147  0.000225  0.000330  0.000000  0.000000  0.000000  2.000000  
118.127982 0.010127  0.099753  -0.007969  0.998031  -0.035056  -0.052008  0.054503  0.074421  0.995736  -0.031036  -0.996611  0.076185  0.000174  0.000251  0.000346  0.000000  0.000000  0.000000  2.000000  
118.128982 0.010126  0.099753  -0.007969  0.998031  -0.035056  -0.052008  0.054503  0.074421  0.995736  -0.031036  -0.996611  0.076185  0.000164  0.000274  0.000337  0.000000  0.000000  0.000000  2.000000  
118.129984 0.010126  0.099753  -0.007969  0.998031  -0.035063  -0.052004  0.054503  0.074542  0.995727  -0.031036  -0.996601  0.076306  0.000169  0.000299  0.000297  0.000000  0.000000  0.000000  2.000000  
118.131236 0.010127  0.099753  -0.007968  0.998031  -0.035063  -0.052004  0.054503  0.074542  0.995727  -0.031036  -0.996601  0.076306  0.000164  0.000274  0.000337  0.000000  0.000000  0.000000  2.000000  
118.132488 0.010127  0.099753  -0.007968  0.998035  -0.034929  -0.052014  0.054503  0.074549  0.995727  -0.030903  -0.996605  0.076306  0.000167  0.000279  0.000342  0.000000  0.000000  0.000000  2.000000  
118.133735 0.010127  0.099754  -0.007968  0.998024  -0.034945  -0.052219  0.054708  0.074542  0.995716  -0.030903  -0.996605  0.076306  0.000176  0.000272  0.000302  0.000000  0.000000  0.000000  2.000000  
118.134736 0.010127  0.099753  -0.007967  0.998024  -0.034945  -0.052219  0.054708  0.074542  0.995716  -0.030903  -0.996605  0.076306  0.000174  0.000251  0.000346  0.000000  0.000000  0.000000  2.000000  
118.135739 0.010127  0.099753  -0.007967  0.998024  -0.034945  -0.052219  0.054708  0.074542  0.995716  -0.030903  -0.996605  0.076306  0.000159  0.000222  0.000295  0.000000  0.000000  0.000000  2.000000  
118.136989 0.010127  0.099754  -0.007966  0.998024  -0.034945  -0.052219  0.054708  0.074542  0.995716  -0.030903  -0.996605  0.076306  0.000129  0.000192  0.000273  0.000000  0.000000  0.000000  2.000000  
118.138237 0.010127  0.099754  -0.007966  0.998024  -0.034945  -0.052219  0.054708  0.074542  0.995716  -0.030903  -0.996605  0.076306  0.000087  0.000164  0.000287  0.000000  0.000000  0.000000  2.000000  
118.139489 0.010127  0.099754  -0.007965  0.998024  -0.034945  -0.052219  0.054708  0.074542  0.995716  -0.030903  -0.996605  0.076306  0.000055  0.000113  0.000310  0.000000  0.000000  0.000000  2.000000  
118.140491 0.010127  0.099754  -0.007965  0.998024  -0.034945  -0.052219  0.054708  0.074542  0.995716  -0.030903  -0.996605  0.076306  0.000054  0.000111  0.000305  0.000000  0.000000  0.000000  2.000000  
118.141492 0.010126  0.099754  -0.007965  0.998024  -0.034945  -0.052219  0.054708  0.074542  0.995716  -0.030903  -0.996605  0.076306  0.000013  0.000084  0.000319  0.000000  0.000000  0.000000  2.000000  
118.142737 0.010126  0.099754  -0.007965  0.998024  -0.034945  -0.052219  0.054708  0.074542  0.995716  -0.030903  -0.996605  0.076306  -0.000016  0.000055  0.000302  0.000000  0.000000  0.000000  2.000000  
118.143793 0.010126  0.099753  -0.007964  0.998024  -0.034951  -0.052215  0.054708  0.074663  0.995707  -0.030903  -0.996596  0.076427  -0.000009  0.000011  0.000356  0.000000  0.000000  0.000000  2.000000  
118.144987 0.010126  0.099753  -0.007964  0.998035  -0.034936  -0.052010  0.054503  0.074670  0.995718  -0.030903  -0.996596  0.076427  -0.000068  -0.000049  0.000314  0.000000  0.000000  0.000000  2.000000  
118.146232 0.010126  0.099753  -0.007964  0.998035  -0.034936  -0.052010  0.054503  0.074670  0.995718  -0.030903  -0.996596  0.076427  -0.000077  -0.000026  0.000299  0.000000  0.000000  0.000000  2.000000  
118.147238 0.010126  0.099753  -0.007963  0.998035  -0.034936  -0.052010  0.054503  0.074670  0.995718  -0.030903  -0.996596  0.076427  -0.000078  -0.000026  0.000304  0.000000  0.000000  0.000000  2.000000  
118.148489 0.010126  0.099753  -0.007963  0.998035  -0.034936  -0.052010  0.054503  0.074670  0.995718  -0.030903  -0.996596  0.076427  -0.000108  -0.000056  0.000282  0.000000  0.000000  0.000000  2.000000  
118.149734 0.010126  0.099753  -0.007963  0.998035  -0.034936  -0.052010  0.054503  0.074670  0.995718  -0.030903  -0.996596  0.076427  -0.000106  -0.000055  0.000278  0.000000  0.000000  0.000000  2.000000  
118.150988 0.010126  0.099753  -0.007963  0.998035  -0.034936  -0.052010  0.054503  0.074670  0.995718  -0.030903  -0.996596  0.076427  -0.000106  -0.000055  0.000278  0.000000  0.000000  0.000000  2.000000  
118.151992 0.010126  0.099753  -0.007963  0.998039  -0.034803  -0.052020  0.054503  0.074677  0.995717  -0.030769  -0.996600  0.076428  -0.000096  -0.000059  0.000247  0.000000  0.000000  0.000000  2.000000  
118.153238 0.010125  0.099753  -0.007962  0.998039  -0.034803  -0.052020  0.054503  0.074677  0.995717  -0.030769  -0.996600  0.076428  -0.000096  -0.000059  0.000247  0.000000  0.000000  0.000000  2.000000  
118.154498 0.010125  0.099752  -0.007962  0.998039  -0.034803  -0.052020  0.054503  0.074677  0.995717  -0.030769  -0.996600  0.076428  -0.000073  -0.000085  0.000221  0.000000  0.000000  0.000000  2.000000  
118.155502 0.010125  0.099752  -0.007962  0.998039  -0.034809  -0.052016  0.054503  0.074798  0.995708  -0.030769  -0.996591  0.076548  -0.000073  -0.000085  0.000221  0.000000  0.000000  0.000000  2.000000  
118.156736 0.010126  0.099753  -0.007962  0.998039  -0.034809  -0.052016  0.054503  0.074798  0.995708  -0.030769  -0.996591  0.076548  -0.000031  -0.000057  0.000207  0.000000  0.000000  0.000000  2.000000  
118.157737 0.010126  0.099753  -0.007962  0.998051  -0.034793  -0.051811  0.054297  0.074805  0.995719  -0.030769  -0.996591  0.076548  -0.000031  -0.000056  0.000204  0.000000  0.000000  0.000000  2.000000  
118.158987 0.010126  0.099753  -0.007962  0.998051  -0.034793  -0.051811  0.054297  0.074805  0.995719  -0.030769  -0.996591  0.076548  0.000001  -0.000006  0.000180  0.000000  0.000000  0.000000  2.000000  
118.160233 0.010126  0.099753  -0.007962  0.998051  -0.034793  -0.051811  0.054297  0.074805  0.995719  -0.030769  -0.996591  0.076548  0.000025  -0.000011  0.000110  0.000000  0.000000  0.000000  2.000000  
118.161236 0.010126  0.099753  -0.007963  0.998051  -0.034793  -0.051811  0.054297  0.074805  0.995719  -0.030769  -0.996591  0.076548  0.000050  -0.000016  0.000041  0.000000  0.000000  0.000000  2.000000  
