1-Time 2-Px 3-Py 4-Pz 5-R11 6-R21 7-R31 8-R12 9-R22 10-R32 11-R13 12-R23 13-R33 14-Vx 15-Vy 16-Vz 17-Wx 18-Wy 19-Wz 20-state 21-PR11 22-PR21 23-PR31 24-PR12 25-PR22 26-PR32 27-PR13 28-PR23 29-PR33 
126.443426 0.006101  0.090413  -0.012112  0.999241  0.003965  -0.038747  -0.003497  0.999920  0.012144  0.038792  -0.011999  0.999175  -0.000847  0.000039  0.002017  0.000000  0.000000  0.000000  2.000000  
126.444434 0.006100  0.090414  -0.012110  0.999241  0.003965  -0.038747  -0.003497  0.999920  0.012144  0.038792  -0.011999  0.999175  -0.000817  0.000068  0.002047  0.000000  0.000000  0.000000  2.000000  
126.445445 0.006099  0.090412  -0.012108  0.999241  0.003965  -0.038747  -0.003497  0.999920  0.012144  0.038792  -0.011999  0.999175  -0.000842  -0.000089  0.002032  0.000000  0.000000  0.000000  2.000000  
126.446461 0.006099  0.090410  -0.012106  0.999236  0.003972  -0.038880  -0.003497  0.999919  0.012266  0.038926  -0.012120  0.999169  -0.000825  -0.000219  0.002012  0.000000  0.000000  0.000000  2.000000  
126.447684 0.006099  0.090407  -0.012104  0.999231  0.003973  -0.039014  -0.003497  0.999919  0.012266  0.039059  -0.012120  0.999163  -0.000744  -0.000425  0.002057  0.000000  0.000000  0.000000  2.000000  
126.448930 0.006099  0.090403  -0.012102  0.999226  0.003980  -0.039147  -0.003497  0.999917  0.012388  0.039193  -0.012241  0.999157  -0.000660  -0.000689  0.002014  0.000000  0.000000  0.000000  2.000000  
126.449931 0.006099  0.090400  -0.012100  0.999220  0.003981  -0.039281  -0.003497  0.999917  0.012388  0.039327  -0.012241  0.999151  -0.000618  -0.000896  0.002025  0.000000  0.000000  0.000000  2.000000  
126.450932 0.006100  0.090398  -0.012098  0.999220  0.003981  -0.039281  -0.003497  0.999917  0.012388  0.039327  -0.012241  0.999151  -0.000479  -0.001083  0.002014  0.000000  0.000000  0.000000  2.000000  
126.451935 0.006101  0.090394  -0.012096  0.999215  0.003983  -0.039414  -0.003497  0.999917  0.012389  0.039460  -0.012241  0.999146  -0.000363  -0.001319  0.001989  0.000000  0.000000  0.000000  2.000000  
126.453188 0.006102  0.090390  -0.012094  0.999209  0.004190  -0.039545  -0.003703  0.999916  0.012397  0.039594  -0.012241  0.999141  -0.000226  -0.001585  0.001938  0.000000  0.000000  0.000000  2.000000  
126.454440 0.006104  0.090387  -0.012093  0.999204  0.004192  -0.039679  -0.003703  0.999916  0.012398  0.039728  -0.012241  0.999136  -0.000054  -0.001802  0.001860  0.000000  0.000000  0.000000  2.000000  
126.455447 0.006104  0.090384  -0.012092  0.999198  0.004194  -0.039813  -0.003703  0.999916  0.012398  0.039861  -0.012241  0.999130  0.000038  -0.002021  0.001723  0.000000  0.000000  0.000000  2.000000  
126.456684 0.006105  0.090380  -0.012091  0.999193  0.004195  -0.039946  -0.003703  0.999916  0.012399  0.039995  -0.012241  0.999125  0.000191  -0.002271  0.001591  0.000000  0.000000  0.000000  2.000000  
126.457934 0.006107  0.090377  -0.012091  0.999182  0.004199  -0.040214  -0.003703  0.999916  0.012400  0.040263  -0.012241  0.999114  0.000375  -0.002493  0.001477  0.000000  0.000000  0.000000  2.000000  
126.459184 0.006108  0.090372  -0.012090  0.999177  0.004200  -0.040347  -0.003703  0.999916  0.012400  0.040396  -0.012241  0.999109  0.000502  -0.002793  0.001366  0.000000  0.000000  0.000000  2.000000  
126.460184 0.006109  0.090368  -0.012089  0.999171  0.004202  -0.040481  -0.003703  0.999916  0.012401  0.040530  -0.012241  0.999103  0.000623  -0.002984  0.001251  0.000000  0.000000  0.000000  2.000000  
126.461185 0.006111  0.090363  -0.012088  0.999171  0.004207  -0.040481  -0.003703  0.999915  0.012522  0.040530  -0.012362  0.999102  0.000788  -0.003149  0.001263  0.000000  0.000000  0.000000  2.000000  
126.462431 0.006112  0.090357  -0.012086  0.999161  0.004210  -0.040748  -0.003703  0.999915  0.012523  0.040797  -0.012362  0.999091  0.000876  -0.003323  0.001254  0.000000  0.000000  0.000000  2.000000  
126.463471 0.006113  0.090353  -0.012084  0.999155  0.004212  -0.040882  -0.003703  0.999915  0.012524  0.040931  -0.012362  0.999086  0.000947  -0.003477  0.001236  0.000000  0.000000  0.000000  2.000000  
126.464681 0.006114  0.090346  -0.012081  0.999150  0.004218  -0.041015  -0.003703  0.999913  0.012645  0.041065  -0.012483  0.999079  0.000990  -0.003704  0.001295  0.000000  0.000000  0.000000  2.000000  
126.465684 0.006116  0.090340  -0.012079  0.999139  0.004222  -0.041282  -0.003703  0.999913  0.012646  0.041332  -0.012483  0.999067  0.001043  -0.003925  0.001272  0.000000  0.000000  0.000000  2.000000  
126.466930 0.006117  0.090332  -0.012077  0.999133  0.004223  -0.041416  -0.003702  0.999913  0.012647  0.041466  -0.012483  0.999062  0.001063  -0.004166  0.001271  0.000000  0.000000  0.000000  2.000000  
126.467935 0.006118  0.090326  -0.012076  0.999122  0.004232  -0.041683  -0.003702  0.999912  0.012769  0.041733  -0.012604  0.999049  0.001068  -0.004372  0.001208  0.000000  0.000000  0.000000  2.000000  
126.468938 0.006120  0.090320  -0.012075  0.999122  0.004232  -0.041683  -0.003702  0.999912  0.012769  0.041733  -0.012604  0.999049  0.001110  -0.004578  0.001218  0.000000  0.000000  0.000000  2.000000  
126.470185 0.006122  0.090312  -0.012074  0.999116  0.004234  -0.041816  -0.003702  0.999912  0.012770  0.041867  -0.012603  0.999044  0.001193  -0.004870  0.001223  0.000000  0.000000  0.000000  2.000000  
126.471185 0.006123  0.090306  -0.012073  0.999111  0.004235  -0.041950  -0.003702  0.999912  0.012770  0.042000  -0.012603  0.999038  0.001230  -0.005095  0.001280  0.000000  0.000000  0.000000  2.000000  
126.472433 0.006125  0.090298  -0.012071  0.999105  0.004237  -0.042084  -0.003702  0.999912  0.012771  0.042134  -0.012603  0.999032  0.001235  -0.005312  0.001316  0.000000  0.000000  0.000000  2.000000  
126.473437 0.006126  0.090293  -0.012070  0.999105  0.004237  -0.042084  -0.003702  0.999912  0.012771  0.042134  -0.012603  0.999032  0.001278  -0.005439  0.001364  0.000000  0.000000  0.000000  2.000000  
126.474446 0.006128  0.090287  -0.012068  0.999099  0.004239  -0.042217  -0.003702  0.999912  0.012771  0.042268  -0.012603  0.999027  0.001281  -0.005623  0.001432  0.000000  0.000000  0.000000  2.000000  
126.475447 0.006130  0.090282  -0.012066  0.999099  0.004239  -0.042217  -0.003702  0.999912  0.012771  0.042268  -0.012603  0.999027  0.001335  -0.005693  0.001528  0.000000  0.000000  0.000000  2.000000  
126.476687 0.006131  0.090275  -0.012063  0.999094  0.004245  -0.042351  -0.003702  0.999910  0.012893  0.042401  -0.012724  0.999020  0.001350  -0.005770  0.001596  0.000000  0.000000  0.000000  2.000000  
126.477934 0.006133  0.090267  -0.012060  0.999094  0.004245  -0.042351  -0.003702  0.999910  0.012893  0.042401  -0.012724  0.999020  0.001386  -0.005875  0.001636  0.000000  0.000000  0.000000  2.000000  
126.479186 0.006135  0.090259  -0.012056  0.999088  0.004247  -0.042484  -0.003702  0.999910  0.012893  0.042535  -0.012724  0.999014  0.001419  -0.005916  0.001759  0.000000  0.000000  0.000000  2.000000  
126.480438 0.006136  0.090251  -0.012053  0.999088  0.004247  -0.042484  -0.003702  0.999910  0.012893  0.042535  -0.012724  0.999014  0.001426  -0.006023  0.001779  0.000000  0.000000  0.000000  2.000000  
126.481682 0.006138  0.090243  -0.012050  0.999088  0.004247  -0.042484  -0.003702  0.999910  0.012893  0.042535  -0.012724  0.999014  0.001438  -0.006037  0.001883  0.000000  0.000000  0.000000  2.000000  
126.482937 0.006140  0.090235  -0.012046  0.999088  0.004247  -0.042484  -0.003702  0.999910  0.012893  0.042535  -0.012724  0.999014  0.001459  -0.006077  0.002043  0.000000  0.000000  0.000000  2.000000  
126.484182 0.006142  0.090226  -0.012042  0.999082  0.004249  -0.042618  -0.003702  0.999910  0.012894  0.042669  -0.012724  0.999008  0.001500  -0.006142  0.002217  0.000000  0.000000  0.000000  2.000000  
126.485190 0.006144  0.090219  -0.012038  0.999082  0.004249  -0.042618  -0.003702  0.999910  0.012894  0.042669  -0.012724  0.999008  0.001498  -0.006180  0.002413  0.000000  0.000000  0.000000  2.000000  
126.486441 0.006147  0.090212  -0.012034  0.999082  0.004455  -0.042615  -0.003908  0.999909  0.012903  0.042669  -0.012724  0.999008  0.001540  -0.006194  0.002633  0.000000  0.000000  0.000000  2.000000  
126.487684 0.006149  0.090204  -0.012030  0.999082  0.004455  -0.042615  -0.003908  0.999909  0.012903  0.042669  -0.012724  0.999008  0.001581  -0.006229  0.002747  0.000000  0.000000  0.000000  2.000000  
126.488684 0.006151  0.090197  -0.012028  0.999082  0.004455  -0.042615  -0.003908  0.999909  0.012903  0.042669  -0.012724  0.999008  0.001586  -0.006304  0.002821  0.000000  0.000000  0.000000  2.000000  
126.489685 0.006153  0.090190  -0.012025  0.999087  0.004453  -0.042482  -0.003908  0.999909  0.012902  0.042535  -0.012724  0.999014  0.001644  -0.006355  0.002871  0.000000  0.000000  0.000000  2.000000  
126.490686 0.006155  0.090184  -0.012023  0.999087  0.004453  -0.042482  -0.003908  0.999909  0.012902  0.042535  -0.012724  0.999014  0.001682  -0.006435  0.002864  0.000000  0.000000  0.000000  2.000000  
126.491934 0.006158  0.090176  -0.012020  0.999087  0.004453  -0.042482  -0.003908  0.999909  0.012902  0.042535  -0.012724  0.999014  0.001712  -0.006489  0.002846  0.000000  0.000000  0.000000  2.000000  
126.493186 0.006160  0.090168  -0.012018  0.999093  0.004451  -0.042348  -0.003908  0.999909  0.012902  0.042401  -0.012724  0.999020  0.001797  -0.006524  0.002775  0.000000  0.000000  0.000000  2.000000  
126.494437 0.006162  0.090159  -0.012014  0.999093  0.004451  -0.042348  -0.003908  0.999909  0.012902  0.042401  -0.012724  0.999020  0.001806  -0.006551  0.002786  0.000000  0.000000  0.000000  2.000000  
126.495448 0.006164  0.090153  -0.012012  0.999093  0.004451  -0.042348  -0.003908  0.999909  0.012902  0.042401  -0.012724  0.999020  0.001860  -0.006525  0.002730  0.000000  0.000000  0.000000  2.000000  
126.496687 0.006166  0.090146  -0.012008  0.999093  0.004451  -0.042348  -0.003908  0.999909  0.012902  0.042401  -0.012724  0.999020  0.001916  -0.006453  0.002763  0.000000  0.000000  0.000000  2.000000  
126.497931 0.006168  0.090137  -0.012004  0.999093  0.004451  -0.042348  -0.003908  0.999909  0.012902  0.042401  -0.012724  0.999020  0.001877  -0.006474  0.002775  0.000000  0.000000  0.000000  2.000000  
126.499183 0.006171  0.090130  -0.012000  0.999092  0.004657  -0.042345  -0.004114  0.999908  0.012910  0.042401  -0.012724  0.999020  0.001899  -0.006408  0.002746  0.000000  0.000000  0.000000  2.000000  
126.500184 0.006172  0.090123  -0.011997  0.999092  0.004657  -0.042345  -0.004114  0.999908  0.012910  0.042401  -0.012724  0.999020  0.001863  -0.006405  0.002710  0.000000  0.000000  0.000000  2.000000  
126.501430 0.006175  0.090116  -0.011994  0.999092  0.004657  -0.042345  -0.004114  0.999908  0.012910  0.042401  -0.012724  0.999020  0.001867  -0.006386  0.002666  0.000000  0.000000  0.000000  2.000000  
126.502442 0.006176  0.090110  -0.011991  0.999092  0.004657  -0.042345  -0.004114  0.999908  0.012910  0.042401  -0.012724  0.999020  0.001843  -0.006335  0.002649  0.000000  0.000000  0.000000  2.000000  
126.503687 0.006179  0.090103  -0.011988  0.999092  0.004657  -0.042345  -0.004114  0.999908  0.012910  0.042401  -0.012724  0.999020  0.001870  -0.006263  0.002614  0.000000  0.000000  0.000000  2.000000  
126.504934 0.006181  0.090095  -0.011986  0.999092  0.004657  -0.042345  -0.004114  0.999908  0.012910  0.042401  -0.012724  0.999020  0.001826  -0.006239  0.002572  0.000000  0.000000  0.000000  2.000000  
126.506182 0.006184  0.090088  -0.011983  0.999091  0.004863  -0.042343  -0.004319  0.999907  0.012919  0.042401  -0.012724  0.999020  0.001848  -0.006189  0.002582  0.000000  0.000000  0.000000  2.000000  
126.507183 0.006185  0.090082  -0.011980  0.999091  0.004863  -0.042343  -0.004319  0.999907  0.012919  0.042401  -0.012724  0.999020  0.001818  -0.006135  0.002599  0.000000  0.000000  0.000000  2.000000  
126.508188 0.006188  0.090076  -0.011978  0.999091  0.004863  -0.042343  -0.004319  0.999907  0.012919  0.042401  -0.012724  0.999020  0.001833  -0.006109  0.002662  0.000000  0.000000  0.000000  2.000000  
126.509437 0.006190  0.090069  -0.011975  0.999091  0.004863  -0.042343  -0.004319  0.999907  0.012919  0.042401  -0.012724  0.999020  0.001863  -0.006035  0.002621  0.000000  0.000000  0.000000  2.000000  
126.510438 0.006192  0.090063  -0.011973  0.999090  0.005069  -0.042340  -0.004525  0.999906  0.012928  0.042401  -0.012724  0.999020  0.001856  -0.006015  0.002613  0.000000  0.000000  0.000000  2.000000  
126.511684 0.006195  0.090056  -0.011970  0.999090  0.005069  -0.042340  -0.004525  0.999906  0.012928  0.042401  -0.012724  0.999020  0.001870  -0.005995  0.002530  0.000000  0.000000  0.000000  2.000000  
126.512936 0.006196  0.090048  -0.011967  0.999090  0.005069  -0.042340  -0.004525  0.999906  0.012928  0.042401  -0.012724  0.999020  0.001869  -0.005971  0.002486  0.000000  0.000000  0.000000  2.000000  
126.514185 0.006199  0.090040  -0.011964  0.999090  0.005069  -0.042340  -0.004525  0.999906  0.012928  0.042401  -0.012724  0.999020  0.001885  -0.005955  0.002403  0.000000  0.000000  0.000000  2.000000  
126.515445 0.006201  0.090033  -0.011961  0.999090  0.005069  -0.042340  -0.004525  0.999906  0.012928  0.042401  -0.012724  0.999020  0.001919  -0.005905  0.002376  0.000000  0.000000  0.000000  2.000000  
126.516685 0.006204  0.090026  -0.011957  0.999090  0.005069  -0.042340  -0.004525  0.999906  0.012928  0.042401  -0.012724  0.999020  0.001902  -0.005882  0.002404  0.000000  0.000000  0.000000  2.000000  
126.517688 0.006206  0.090021  -0.011954  0.999090  0.005069  -0.042340  -0.004525  0.999906  0.012928  0.042401  -0.012724  0.999020  0.001927  -0.005837  0.002416  0.000000  0.000000  0.000000  2.000000  
126.518694 0.006208  0.090016  -0.011951  0.999089  0.005275  -0.042337  -0.004731  0.999905  0.012936  0.042401  -0.012724  0.999020  0.001919  -0.005766  0.002499  0.000000  0.000000  0.000000  2.000000  
126.519935 0.006210  0.090010  -0.011946  0.999089  0.005275  -0.042337  -0.004731  0.999905  0.012936  0.042401  -0.012724  0.999020  0.001938  -0.005682  0.002642  0.000000  0.000000  0.000000  2.000000  
126.521187 0.006213  0.090003  -0.011942  0.999089  0.005275  -0.042337  -0.004731  0.999905  0.012936  0.042401  -0.012724  0.999020  0.001978  -0.005626  0.002759  0.000000  0.000000  0.000000  2.000000  
126.522446 0.006216  0.089998  -0.011937  0.999089  0.005275  -0.042337  -0.004731  0.999905  0.012936  0.042401  -0.012724  0.999020  0.002008  -0.005511  0.002814  0.000000  0.000000  0.000000  2.000000  
126.523684 0.006218  0.089992  -0.011934  0.999089  0.005275  -0.042337  -0.004731  0.999905  0.012936  0.042401  -0.012724  0.999020  0.002000  -0.005441  0.002881  0.000000  0.000000  0.000000  2.000000  
126.524934 0.006220  0.089985  -0.011930  0.999089  0.005275  -0.042337  -0.004731  0.999905  0.012936  0.042401  -0.012724  0.999020  0.001956  -0.005374  0.002945  0.000000  0.000000  0.000000  2.000000  
126.525935 0.006222  0.089980  -0.011927  0.999089  0.005275  -0.042337  -0.004731  0.999905  0.012936  0.042401  -0.012724  0.999020  0.001929  -0.005332  0.002953  0.000000  0.000000  0.000000  2.000000  
126.527180 0.006224  0.089974  -0.011923  0.999089  0.005275  -0.042337  -0.004731  0.999905  0.012936  0.042401  -0.012724  0.999020  0.001939  -0.005278  0.003000  0.000000  0.000000  0.000000  2.000000  
126.528184 0.006226  0.089968  -0.011920  0.999089  0.005275  -0.042337  -0.004731  0.999905  0.012936  0.042401  -0.012724  0.999020  0.001929  -0.005196  0.003074  0.000000  0.000000  0.000000  2.000000  
126.529188 0.006227  0.089963  -0.011917  0.999089  0.005275  -0.042337  -0.004731  0.999905  0.012936  0.042401  -0.012724  0.999020  0.001885  -0.005127  0.003142  0.000000  0.000000  0.000000  2.000000  
126.530443 0.006229  0.089957  -0.011913  0.999089  0.005275  -0.042337  -0.004731  0.999905  0.012936  0.042401  -0.012724  0.999020  0.001858  -0.005087  0.003145  0.000000  0.000000  0.000000  2.000000  
126.531684 0.006231  0.089951  -0.011909  0.999089  0.005275  -0.042337  -0.004731  0.999905  0.012936  0.042401  -0.012724  0.999020  0.001816  -0.005030  0.003198  0.000000  0.000000  0.000000  2.000000  
126.532930 0.006232  0.089944  -0.011906  0.999089  0.005275  -0.042337  -0.004731  0.999905  0.012936  0.042401  -0.012724  0.999020  0.001724  -0.005030  0.003177  0.000000  0.000000  0.000000  2.000000  
126.533933 0.006233  0.089939  -0.011903  0.999089  0.005275  -0.042337  -0.004731  0.999905  0.012936  0.042401  -0.012724  0.999020  0.001646  -0.005042  0.003141  0.000000  0.000000  0.000000  2.000000  
126.535191 0.006235  0.089934  -0.011898  0.999089  0.005275  -0.042337  -0.004731  0.999905  0.012936  0.042401  -0.012724  0.999020  0.001619  -0.004965  0.003111  0.000000  0.000000  0.000000  2.000000  
126.536437 0.006237  0.089928  -0.011894  0.999089  0.005275  -0.042337  -0.004731  0.999905  0.012936  0.042401  -0.012724  0.999020  0.001566  -0.004956  0.003096  0.000000  0.000000  0.000000  2.000000  
126.537437 0.006238  0.089924  -0.011891  0.999090  0.005069  -0.042340  -0.004525  0.999906  0.012928  0.042401  -0.012724  0.999020  0.001454  -0.004929  0.003102  0.000000  0.000000  0.000000  2.000000  
126.538684 0.006239  0.089918  -0.011888  0.999090  0.005069  -0.042340  -0.004525  0.999906  0.012928  0.042401  -0.012724  0.999020  0.001353  -0.004885  0.003043  0.000000  0.000000  0.000000  2.000000  
126.539938 0.006240  0.089913  -0.011884  0.999090  0.005069  -0.042340  -0.004525  0.999906  0.012928  0.042401  -0.012724  0.999020  0.001301  -0.004800  0.003087  0.000000  0.000000  0.000000  2.000000  
126.541186 0.006241  0.089908  -0.011880  0.999090  0.005069  -0.042340  -0.004525  0.999906  0.012928  0.042401  -0.012724  0.999020  0.001232  -0.004750  0.003077  0.000000  0.000000  0.000000  2.000000  
126.542440 0.006242  0.089903  -0.011876  0.999085  0.005070  -0.042474  -0.004525  0.999906  0.012928  0.042535  -0.012724  0.999014  0.001171  -0.004638  0.003109  0.000000  0.000000  0.000000  2.000000  
126.543681 0.006243  0.089897  -0.011872  0.999085  0.005070  -0.042474  -0.004525  0.999906  0.012928  0.042535  -0.012724  0.999014  0.001108  -0.004586  0.003076  0.000000  0.000000  0.000000  2.000000  
126.544684 0.006244  0.089893  -0.011869  0.999085  0.005070  -0.042474  -0.004525  0.999906  0.012928  0.042535  -0.012724  0.999014  0.001053  -0.004481  0.003095  0.000000  0.000000  0.000000  2.000000  
126.545930 0.006245  0.089888  -0.011867  0.999085  0.005070  -0.042474  -0.004525  0.999906  0.012928  0.042535  -0.012724  0.999014  0.001005  -0.004436  0.003026  0.000000  0.000000  0.000000  2.000000  
126.546932 0.006246  0.089884  -0.011864  0.999085  0.005070  -0.042474  -0.004525  0.999906  0.012928  0.042535  -0.012724  0.999014  0.000959  -0.004389  0.002940  0.000000  0.000000  0.000000  2.000000  
126.548185 0.006246  0.089878  -0.011861  0.999085  0.005070  -0.042474  -0.004525  0.999906  0.012928  0.042535  -0.012724  0.999014  0.000926  -0.004287  0.002883  0.000000  0.000000  0.000000  2.000000  
126.549435 0.006247  0.089873  -0.011859  0.999085  0.005070  -0.042474  -0.004525  0.999906  0.012928  0.042535  -0.012724  0.999014  0.000895  -0.004226  0.002734  0.000000  0.000000  0.000000  2.000000  
126.550438 0.006248  0.089870  -0.011857  0.999085  0.005070  -0.042474  -0.004525  0.999906  0.012928  0.042535  -0.012724  0.999014  0.000847  -0.004205  0.002696  0.000000  0.000000  0.000000  2.000000  
126.551686 0.006249  0.089865  -0.011854  0.999085  0.005070  -0.042474  -0.004525  0.999906  0.012928  0.042535  -0.012724  0.999014  0.000824  -0.004101  0.002597  0.000000  0.000000  0.000000  2.000000  
126.552937 0.006251  0.089861  -0.011851  0.999085  0.005070  -0.042474  -0.004525  0.999906  0.012928  0.042535  -0.012724  0.999014  0.000809  -0.004028  0.002530  0.000000  0.000000  0.000000  2.000000  
126.554185 0.006252  0.089857  -0.011849  0.999085  0.005070  -0.042474  -0.004525  0.999906  0.012928  0.042535  -0.012724  0.999014  0.000819  -0.003905  0.002475  0.000000  0.000000  0.000000  2.000000  
126.555447 0.006253  0.089854  -0.011845  0.999085  0.005070  -0.042474  -0.004525  0.999906  0.012928  0.042535  -0.012724  0.999014  0.000823  -0.003799  0.002463  0.000000  0.000000  0.000000  2.000000  
126.556684 0.006254  0.089850  -0.011843  0.999085  0.005070  -0.042474  -0.004525  0.999906  0.012928  0.042535  -0.012724  0.999014  0.000806  -0.003697  0.002372  0.000000  0.000000  0.000000  2.000000  
126.557684 0.006255  0.089848  -0.011841  0.999085  0.005070  -0.042474  -0.004525  0.999906  0.012928  0.042535  -0.012724  0.999014  0.000854  -0.003555  0.002316  0.000000  0.000000  0.000000  2.000000  
126.558934 0.006256  0.089844  -0.011838  0.999084  0.005276  -0.042471  -0.004731  0.999905  0.012937  0.042535  -0.012724  0.999014  0.000839  -0.003468  0.002233  0.000000  0.000000  0.000000  2.000000  
126.560183 0.006257  0.089841  -0.011836  0.999084  0.005276  -0.042471  -0.004731  0.999905  0.012937  0.042535  -0.012724  0.999014  0.000843  -0.003328  0.002167  0.000000  0.000000  0.000000  2.000000  
126.561186 0.006258  0.089838  -0.011834  0.999084  0.005276  -0.042471  -0.004731  0.999905  0.012937  0.042535  -0.012724  0.999014  0.000849  -0.003211  0.002129  0.000000  0.000000  0.000000  2.000000  
126.562445 0.006258  0.089835  -0.011832  0.999084  0.005276  -0.042471  -0.004731  0.999905  0.012937  0.042535  -0.012724  0.999014  0.000827  -0.003026  0.002086  0.000000  0.000000  0.000000  2.000000  
126.563682 0.006259  0.089833  -0.011830  0.999084  0.005276  -0.042471  -0.004731  0.999905  0.012937  0.042535  -0.012724  0.999014  0.000828  -0.002879  0.002022  0.000000  0.000000  0.000000  2.000000  
126.564685 0.006260  0.089831  -0.011828  0.999084  0.005276  -0.042471  -0.004731  0.999905  0.012937  0.042535  -0.012724  0.999014  0.000812  -0.002746  0.002040  0.000000  0.000000  0.000000  2.000000  
126.565930 0.006261  0.089829  -0.011827  0.999084  0.005276  -0.042471  -0.004731  0.999905  0.012937  0.042535  -0.012724  0.999014  0.000773  -0.002626  0.001977  0.000000  0.000000  0.000000  2.000000  
126.566932 0.006261  0.089827  -0.011824  0.999084  0.005276  -0.042471  -0.004731  0.999905  0.012937  0.042535  -0.012724  0.999014  0.000769  -0.002500  0.001959  0.000000  0.000000  0.000000  2.000000  
126.568180 0.006262  0.089825  -0.011823  0.999084  0.005276  -0.042471  -0.004731  0.999905  0.012937  0.042535  -0.012724  0.999014  0.000730  -0.002354  0.001865  0.000000  0.000000  0.000000  2.000000  
126.569191 0.006263  0.089824  -0.011822  0.999084  0.005276  -0.042471  -0.004731  0.999905  0.012937  0.042535  -0.012724  0.999014  0.000745  -0.002219  0.001781  0.000000  0.000000  0.000000  2.000000  
126.570452 0.006263  0.089822  -0.011820  0.999084  0.005276  -0.042471  -0.004731  0.999905  0.012937  0.042535  -0.012724  0.999014  0.000673  -0.002095  0.001664  0.000000  0.000000  0.000000  2.000000  
126.571684 0.006263  0.089821  -0.011819  0.999084  0.005276  -0.042471  -0.004731  0.999905  0.012937  0.042535  -0.012724  0.999014  0.000628  -0.001962  0.001599  0.000000  0.000000  0.000000  2.000000  
126.572684 0.006264  0.089819  -0.011817  0.999084  0.005276  -0.042471  -0.004731  0.999905  0.012937  0.042535  -0.012724  0.999014  0.000562  -0.001888  0.001540  0.000000  0.000000  0.000000  2.000000  
126.573684 0.006264  0.089819  -0.011816  0.999084  0.005276  -0.042471  -0.004731  0.999905  0.012937  0.042535  -0.012724  0.999014  0.000510  -0.001741  0.001497  0.000000  0.000000  0.000000  2.000000  
126.574685 0.006264  0.089818  -0.011815  0.999084  0.005276  -0.042471  -0.004731  0.999905  0.012937  0.042535  -0.012724  0.999014  0.000453  -0.001610  0.001484  0.000000  0.000000  0.000000  2.000000  
126.575686 0.006263  0.089817  -0.011813  0.999084  0.005276  -0.042471  -0.004731  0.999905  0.012937  0.042535  -0.012724  0.999014  0.000418  -0.001507  0.001444  0.000000  0.000000  0.000000  2.000000  
126.576931 0.006264  0.089817  -0.011811  0.999084  0.005276  -0.042471  -0.004731  0.999905  0.012937  0.042535  -0.012724  0.999014  0.000387  -0.001327  0.001428  0.000000  0.000000  0.000000  2.000000  
126.577932 0.006264  0.089816  -0.011810  0.999084  0.005276  -0.042471  -0.004731  0.999905  0.012937  0.042535  -0.012724  0.999014  0.000328  -0.001220  0.001463  0.000000  0.000000  0.000000  2.000000  
126.579185 0.006263  0.089816  -0.011808  0.999084  0.005276  -0.042471  -0.004731  0.999905  0.012937  0.042535  -0.012724  0.999014  0.000223  -0.001037  0.001377  0.000000  0.000000  0.000000  2.000000  
126.580435 0.006263  0.089816  -0.011807  0.999084  0.005276  -0.042471  -0.004731  0.999905  0.012937  0.042535  -0.012724  0.999014  0.000173  -0.000916  0.001353  0.000000  0.000000  0.000000  2.000000  
126.581436 0.006262  0.089816  -0.011805  0.999084  0.005276  -0.042471  -0.004731  0.999905  0.012937  0.042535  -0.012724  0.999014  0.000058  -0.000772  0.001360  0.000000  0.000000  0.000000  2.000000  
126.582436 0.006262  0.089817  -0.011804  0.999084  0.005276  -0.042471  -0.004731  0.999905  0.012937  0.042535  -0.012724  0.999014  0.000001  -0.000640  0.001347  0.000000  0.000000  0.000000  2.000000  
126.583682 0.006261  0.089817  -0.011803  0.999084  0.005276  -0.042471  -0.004731  0.999905  0.012937  0.042535  -0.012724  0.999014  -0.000063  -0.000476  0.001303  0.000000  0.000000  0.000000  2.000000  
126.584685 0.006261  0.089817  -0.011802  0.999089  0.005275  -0.042337  -0.004731  0.999905  0.012936  0.042401  -0.012724  0.999020  -0.000152  -0.000379  0.001292  0.000000  0.000000  0.000000  2.000000  
126.585690 0.006260  0.089818  -0.011800  0.999089  0.005280  -0.042337  -0.004731  0.999904  0.013058  0.042401  -0.012846  0.999018  -0.000221  -0.000244  0.001316  0.000000  0.000000  0.000000  2.000000  
126.586933 0.006259  0.089819  -0.011799  0.999089  0.005280  -0.042337  -0.004731  0.999904  0.013058  0.042401  -0.012846  0.999018  -0.000285  -0.000107  0.001319  0.000000  0.000000  0.000000  2.000000  
126.587934 0.006259  0.089820  -0.011797  0.999089  0.005280  -0.042337  -0.004731  0.999904  0.013058  0.042401  -0.012846  0.999018  -0.000315  0.000049  0.001352  0.000000  0.000000  0.000000  2.000000  
126.588935 0.006258  0.089820  -0.011795  0.999089  0.005280  -0.042337  -0.004731  0.999904  0.013058  0.042401  -0.012846  0.999018  -0.000361  0.000155  0.001346  0.000000  0.000000  0.000000  2.000000  
126.590183 0.006258  0.089822  -0.011793  0.999089  0.005280  -0.042337  -0.004731  0.999904  0.013058  0.042401  -0.012846  0.999018  -0.000399  0.000316  0.001392  0.000000  0.000000  0.000000  2.000000  
126.591184 0.006257  0.089822  -0.011792  0.999089  0.005280  -0.042337  -0.004731  0.999904  0.013058  0.042401  -0.012846  0.999018  -0.000460  0.000344  0.001388  0.000000  0.000000  0.000000  2.000000  
126.592185 0.006257  0.089823  -0.011790  0.999089  0.005280  -0.042337  -0.004731  0.999904  0.013058  0.042401  -0.012846  0.999018  -0.000455  0.000447  0.001378  0.000000  0.000000  0.000000  2.000000  
126.593188 0.006256  0.089824  -0.011789  0.999089  0.005280  -0.042337  -0.004731  0.999904  0.013058  0.042401  -0.012846  0.999018  -0.000494  0.000528  0.001386  0.000000  0.000000  0.000000  2.000000  
126.594432 0.006256  0.089825  -0.011786  0.999089  0.005280  -0.042337  -0.004731  0.999904  0.013058  0.042401  -0.012846  0.999018  -0.000496  0.000603  0.001436  0.000000  0.000000  0.000000  2.000000  
126.595445 0.006255  0.089826  -0.011785  0.999089  0.005280  -0.042337  -0.004731  0.999904  0.013058  0.042401  -0.012846  0.999018  -0.000521  0.000663  0.001439  0.000000  0.000000  0.000000  2.000000  
126.596723 0.006254  0.089827  -0.011783  0.999089  0.005280  -0.042337  -0.004731  0.999904  0.013058  0.042401  -0.012846  0.999018  -0.000510  0.000717  0.001483  0.000000  0.000000  0.000000  2.000000  
126.597932 0.006254  0.089828  -0.011780  0.999089  0.005280  -0.042337  -0.004731  0.999904  0.013058  0.042401  -0.012846  0.999018  -0.000513  0.000779  0.001572  0.000000  0.000000  0.000000  2.000000  
126.598935 0.006254  0.089830  -0.011778  0.999089  0.005280  -0.042337  -0.004731  0.999904  0.013058  0.042401  -0.012846  0.999018  -0.000470  0.000861  0.001639  0.000000  0.000000  0.000000  2.000000  
126.600184 0.006253  0.089831  -0.011775  0.999089  0.005280  -0.042337  -0.004731  0.999904  0.013058  0.042401  -0.012846  0.999018  -0.000456  0.000880  0.001705  0.000000  0.000000  0.000000  2.000000  
126.601434 0.006253  0.089833  -0.011773  0.999089  0.005280  -0.042337  -0.004731  0.999904  0.013058  0.042401  -0.012846  0.999018  -0.000415  0.000961  0.001773  0.000000  0.000000  0.000000  2.000000  
126.602449 0.006253  0.089833  -0.011770  0.999089  0.005280  -0.042337  -0.004731  0.999904  0.013058  0.042401  -0.012846  0.999018  -0.000403  0.000925  0.001819  0.000000  0.000000  0.000000  2.000000  
126.603686 0.006253  0.089834  -0.011768  0.999089  0.005280  -0.042337  -0.004731  0.999904  0.013058  0.042401  -0.012846  0.999018  -0.000384  0.000956  0.001878  0.000000  0.000000  0.000000  2.000000  
126.604934 0.006253  0.089835  -0.011765  0.999089  0.005285  -0.042336  -0.004731  0.999902  0.013179  0.042401  -0.012967  0.999017  -0.000335  0.000931  0.001918  0.000000  0.000000  0.000000  2.000000  
126.605934 0.006252  0.089835  -0.011763  0.999088  0.005491  -0.042333  -0.004936  0.999901  0.013188  0.042401  -0.012967  0.999017  -0.000339  0.000910  0.001965  0.000000  0.000000  0.000000  2.000000  
126.607184 0.006252  0.089837  -0.011759  0.999088  0.005491  -0.042333  -0.004936  0.999901  0.013188  0.042401  -0.012967  0.999017  -0.000318  0.000903  0.002035  0.000000  0.000000  0.000000  2.000000  
126.608436 0.006252  0.089837  -0.011757  0.999088  0.005491  -0.042333  -0.004936  0.999901  0.013188  0.042401  -0.012967  0.999017  -0.000269  0.000878  0.002074  0.000000  0.000000  0.000000  2.000000  
126.609437 0.006252  0.089837  -0.011754  0.999088  0.005491  -0.042333  -0.004936  0.999901  0.013188  0.042401  -0.012967  0.999017  -0.000248  0.000816  0.002138  0.000000  0.000000  0.000000  2.000000  
126.610443 0.006251  0.089838  -0.011752  0.999088  0.005491  -0.042333  -0.004936  0.999901  0.013188  0.042401  -0.012967  0.999017  -0.000228  0.000811  0.002206  0.000000  0.000000  0.000000  2.000000  
126.611682 0.006251  0.089838  -0.011749  0.999088  0.005491  -0.042333  -0.004936  0.999901  0.013188  0.042401  -0.012967  0.999017  -0.000246  0.000715  0.002257  0.000000  0.000000  0.000000  2.000000  
126.612931 0.006250  0.089838  -0.011746  0.999088  0.005491  -0.042333  -0.004936  0.999901  0.013188  0.042401  -0.012967  0.999017  -0.000228  0.000663  0.002271  0.000000  0.000000  0.000000  2.000000  
126.614185 0.006250  0.089839  -0.011743  0.999088  0.005491  -0.042333  -0.004936  0.999901  0.013188  0.042401  -0.012967  0.999017  -0.000246  0.000597  0.002309  0.000000  0.000000  0.000000  2.000000  
126.615445 0.006249  0.089839  -0.011740  0.999088  0.005491  -0.042333  -0.004936  0.999901  0.013188  0.042401  -0.012967  0.999017  -0.000283  0.000467  0.002296  0.000000  0.000000  0.000000  2.000000  
126.616685 0.006248  0.089839  -0.011738  0.999088  0.005491  -0.042333  -0.004936  0.999901  0.013188  0.042401  -0.012967  0.999017  -0.000305  0.000387  0.002296  0.000000  0.000000  0.000000  2.000000  
126.617935 0.006248  0.089839  -0.011734  0.999088  0.005491  -0.042333  -0.004936  0.999901  0.013188  0.042401  -0.012967  0.999017  -0.000312  0.000312  0.002297  0.000000  0.000000  0.000000  2.000000  
126.618940 0.006247  0.089839  -0.011732  0.999088  0.005491  -0.042333  -0.004936  0.999901  0.013188  0.042401  -0.012967  0.999017  -0.000356  0.000289  0.002313  0.000000  0.000000  0.000000  2.000000  
126.620184 0.006247  0.089839  -0.011729  0.999088  0.005491  -0.042333  -0.004936  0.999901  0.013188  0.042401  -0.012967  0.999017  -0.000397  0.000240  0.002338  0.000000  0.000000  0.000000  2.000000  
126.621188 0.006246  0.089839  -0.011727  0.999088  0.005491  -0.042333  -0.004936  0.999901  0.013188  0.042401  -0.012967  0.999017  -0.000415  0.000189  0.002330  0.000000  0.000000  0.000000  2.000000  
126.622432 0.006245  0.089839  -0.011724  0.999088  0.005491  -0.042333  -0.004936  0.999901  0.013188  0.042401  -0.012967  0.999017  -0.000443  0.000138  0.002318  0.000000  0.000000  0.000000  2.000000  
126.623436 0.006245  0.089838  -0.011722  0.999088  0.005491  -0.042333  -0.004936  0.999901  0.013188  0.042401  -0.012967  0.999017  -0.000473  0.000088  0.002346  0.000000  0.000000  0.000000  2.000000  
126.624684 0.006244  0.089839  -0.011719  0.999088  0.005491  -0.042333  -0.004936  0.999901  0.013188  0.042401  -0.012967  0.999017  -0.000477  0.000090  0.002344  0.000000  0.000000  0.000000  2.000000  
126.625686 0.006244  0.089839  -0.011717  0.999088  0.005491  -0.042333  -0.004936  0.999901  0.013188  0.042401  -0.012967  0.999017  -0.000488  0.000036  0.002297  0.000000  0.000000  0.000000  2.000000  
126.626932 0.006243  0.089838  -0.011714  0.999088  0.005491  -0.042333  -0.004936  0.999901  0.013188  0.042401  -0.012967  0.999017  -0.000519  0.000010  0.002277  0.000000  0.000000  0.000000  2.000000  
126.628184 0.006243  0.089838  -0.011712  0.999088  0.005491  -0.042333  -0.004936  0.999901  0.013188  0.042401  -0.012967  0.999017  -0.000507  0.000006  0.002241  0.000000  0.000000  0.000000  2.000000  
126.629188 0.006242  0.089838  -0.011709  0.999088  0.005491  -0.042333  -0.004936  0.999901  0.013188  0.042401  -0.012967  0.999017  -0.000535  -0.000024  0.002221  0.000000  0.000000  0.000000  2.000000  
126.630437 0.006241  0.089838  -0.011707  0.999088  0.005491  -0.042333  -0.004936  0.999901  0.013188  0.042401  -0.012967  0.999017  -0.000517  -0.000049  0.002195  0.000000  0.000000  0.000000  2.000000  
126.631685 0.006240  0.089838  -0.011704  0.999088  0.005491  -0.042333  -0.004936  0.999901  0.013188  0.042401  -0.012967  0.999017  -0.000536  -0.000024  0.002225  0.000000  0.000000  0.000000  2.000000  
126.632932 0.006240  0.089838  -0.011701  0.999088  0.005491  -0.042333  -0.004936  0.999901  0.013188  0.042401  -0.012967  0.999017  -0.000569  -0.000046  0.002201  0.000000  0.000000  0.000000  2.000000  
126.633934 0.006239  0.089838  -0.011700  0.999088  0.005491  -0.042333  -0.004936  0.999901  0.013188  0.042401  -0.012967  0.999017  -0.000557  -0.000050  0.002165  0.000000  0.000000  0.000000  2.000000  
126.634937 0.006239  0.089839  -0.011697  0.999088  0.005491  -0.042333  -0.004936  0.999901  0.013188  0.042401  -0.012967  0.999017  -0.000531  -0.000002  0.002173  0.000000  0.000000  0.000000  2.000000  
126.636184 0.006238  0.089839  -0.011695  0.999088  0.005491  -0.042333  -0.004936  0.999901  0.013188  0.042401  -0.012967  0.999017  -0.000543  0.000027  0.002165  0.000000  0.000000  0.000000  2.000000  
126.637188 0.006237  0.089839  -0.011693  0.999088  0.005491  -0.042333  -0.004936  0.999901  0.013188  0.042401  -0.012967  0.999017  -0.000536  0.000045  0.002116  0.000000  0.000000  0.000000  2.000000  
126.638432 0.006236  0.089840  -0.011690  0.999088  0.005491  -0.042333  -0.004936  0.999901  0.013188  0.042401  -0.012967  0.999017  -0.000548  0.000073  0.002109  0.000000  0.000000  0.000000  2.000000  
126.639437 0.006236  0.089840  -0.011689  0.999088  0.005491  -0.042333  -0.004936  0.999901  0.013188  0.042401  -0.012967  0.999017  -0.000573  0.000066  0.002039  0.000000  0.000000  0.000000  2.000000  
126.640685 0.006235  0.089840  -0.011686  0.999088  0.005491  -0.042333  -0.004936  0.999901  0.013188  0.042401  -0.012967  0.999017  -0.000605  0.000122  0.002059  0.000000  0.000000  0.000000  2.000000  
126.641935 0.006234  0.089841  -0.011683  0.999088  0.005491  -0.042333  -0.004936  0.999901  0.013188  0.042401  -0.012967  0.999017  -0.000612  0.000146  0.002046  0.000000  0.000000  0.000000  2.000000  
126.643187 0.006233  0.089841  -0.011680  0.999088  0.005486  -0.042334  -0.004936  0.999902  0.013066  0.042401  -0.012846  0.999018  -0.000633  0.000176  0.002074  0.000000  0.000000  0.000000  2.000000  
126.644430 0.006232  0.089841  -0.011678  0.999088  0.005486  -0.042334  -0.004936  0.999902  0.013066  0.042401  -0.012846  0.999018  -0.000644  0.000201  0.002066  0.000000  0.000000  0.000000  2.000000  
126.645445 0.006231  0.089842  -0.011676  0.999088  0.005486  -0.042334  -0.004936  0.999902  0.013066  0.042401  -0.012846  0.999018  -0.000671  0.000256  0.002079  0.000000  0.000000  0.000000  2.000000  
126.646682 0.006230  0.089842  -0.011673  0.999088  0.005486  -0.042334  -0.004936  0.999902  0.013066  0.042401  -0.012846  0.999018  -0.000673  0.000255  0.002083  0.000000  0.000000  0.000000  2.000000  
126.647935 0.006229  0.089843  -0.011670  0.999087  0.005691  -0.042331  -0.005142  0.999901  0.013075  0.042401  -0.012846  0.999018  -0.000690  0.000307  0.002061  0.000000  0.000000  0.000000  2.000000  
126.649185 0.006228  0.089843  -0.011668  0.999087  0.005691  -0.042331  -0.005142  0.999901  0.013075  0.042401  -0.012846  0.999018  -0.000734  0.000284  0.002077  0.000000  0.000000  0.000000  2.000000  
126.650447 0.006227  0.089843  -0.011666  0.999087  0.005691  -0.042331  -0.005142  0.999901  0.013075  0.042401  -0.012846  0.999018  -0.000762  0.000278  0.002014  0.000000  0.000000  0.000000  2.000000  
126.651688 0.006226  0.089843  -0.011664  0.999087  0.005691  -0.042331  -0.005142  0.999901  0.013075  0.042401  -0.012846  0.999018  -0.000762  0.000279  0.002010  0.000000  0.000000  0.000000  2.000000  
126.652934 0.006225  0.089843  -0.011661  0.999087  0.005691  -0.042331  -0.005142  0.999901  0.013075  0.042401  -0.012846  0.999018  -0.000793  0.000253  0.001990  0.000000  0.000000  0.000000  2.000000  
126.653938 0.006224  0.089843  -0.011660  0.999087  0.005697  -0.042331  -0.005142  0.999900  0.013196  0.042401  -0.012967  0.999017  -0.000834  0.000252  0.001959  0.000000  0.000000  0.000000  2.000000  
126.655184 0.006223  0.089844  -0.011657  0.999087  0.005697  -0.042331  -0.005142  0.999900  0.013196  0.042401  -0.012967  0.999017  -0.000833  0.000251  0.001964  0.000000  0.000000  0.000000  2.000000  
126.656188 0.006222  0.089843  -0.011656  0.999087  0.005697  -0.042331  -0.005142  0.999900  0.013196  0.042401  -0.012967  0.999017  -0.000845  0.000196  0.001912  0.000000  0.000000  0.000000  2.000000  
126.657433 0.006221  0.089843  -0.011654  0.999087  0.005697  -0.042331  -0.005142  0.999900  0.013196  0.042401  -0.012967  0.999017  -0.000823  0.000168  0.001892  0.000000  0.000000  0.000000  2.000000  
126.658446 0.006220  0.089843  -0.011652  0.999087  0.005697  -0.042331  -0.005142  0.999900  0.013196  0.042401  -0.012967  0.999017  -0.000854  0.000140  0.001863  0.000000  0.000000  0.000000  2.000000  
126.659682 0.006219  0.089843  -0.011650  0.999087  0.005697  -0.042331  -0.005142  0.999900  0.013196  0.042401  -0.012967  0.999017  -0.000866  0.000085  0.001818  0.000000  0.000000  0.000000  2.000000  
126.660706 0.006218  0.089842  -0.011649  0.999087  0.005697  -0.042331  -0.005142  0.999900  0.013196  0.042401  -0.012967  0.999017  -0.000862  0.000025  0.001730  0.000000  0.000000  0.000000  2.000000  
126.661931 0.006217  0.089842  -0.011647  0.999087  0.005697  -0.042331  -0.005142  0.999900  0.013196  0.042401  -0.012967  0.999017  -0.000872  -0.000026  0.001695  0.000000  0.000000  0.000000  2.000000  
126.662936 0.006216  0.089841  -0.011646  0.999086  0.005902  -0.042328  -0.005348  0.999899  0.013205  0.042401  -0.012967  0.999017  -0.000873  -0.000090  0.001602  0.000000  0.000000  0.000000  2.000000  
