1-Time 2-Px 3-Py 4-Pz 5-R11 6-R21 7-R31 8-R12 9-R22 10-R32 11-R13 12-R23 13-R33 14-Vx 15-Vy 16-Vz 17-Wx 18-Wy 19-Wz 20-state 21-PR11 22-PR21 23-PR31 24-PR12 25-PR22 26-PR32 27-PR13 28-PR23 29-PR33 
140.339769 0.005743  0.097531  -0.004490  0.998842  -0.012858  0.046369  -0.045682  0.049381  0.997735  -0.015119  -0.998697  0.048737  -0.000056  -0.000662  0.000128  0.000000  0.000000  0.000000  2.000000  
140.340770 0.005742  0.097531  -0.004490  0.998844  -0.012719  0.046364  -0.045682  0.049496  0.997729  -0.014985  -0.998693  0.048858  -0.000094  -0.000593  0.000132  0.000000  0.000000  0.000000  2.000000  
140.341775 0.005742  0.097531  -0.004490  0.998853  -0.012729  0.046159  -0.045477  0.049493  0.997739  -0.014985  -0.998693  0.048858  -0.000119  -0.000526  0.000103  0.000000  0.000000  0.000000  2.000000  
140.343019 0.005744  0.097531  -0.004490  0.998851  -0.012857  0.046167  -0.045477  0.049620  0.997732  -0.015119  -0.998685  0.048979  -0.000072  -0.000405  0.000081  0.000000  0.000000  0.000000  2.000000  
140.344019 0.005745  0.097532  -0.004489  0.998851  -0.012851  0.046169  -0.045477  0.049742  0.997726  -0.015119  -0.998679  0.049100  -0.000043  -0.000300  0.000136  0.000000  0.000000  0.000000  2.000000  
140.345267 0.005746  0.097533  -0.004488  0.998860  -0.012850  0.045966  -0.045271  0.049981  0.997724  -0.015119  -0.998667  0.049342  0.000021  -0.000147  0.000169  0.000000  0.000000  0.000000  2.000000  
140.346267 0.005748  0.097534  -0.004487  0.998872  -0.012722  0.045756  -0.045065  0.050093  0.997727  -0.014985  -0.998664  0.049463  0.000144  -0.000012  0.000208  0.000000  0.000000  0.000000  2.000000  
140.347271 0.005749  0.097536  -0.004487  0.998881  -0.012727  0.045552  -0.044860  0.050212  0.997731  -0.014985  -0.998658  0.049585  0.000250  0.000125  0.000277  0.000000  0.000000  0.000000  2.000000  
140.348518 0.005751  0.097536  -0.004488  0.998892  -0.012598  0.045341  -0.044654  0.050324  0.997734  -0.014851  -0.998653  0.049706  0.000373  0.000227  0.000233  0.000000  0.000000  0.000000  2.000000  
140.349523 0.005752  0.097537  -0.004488  0.998901  -0.012603  0.045138  -0.044449  0.050443  0.997737  -0.014851  -0.998647  0.049827  0.000468  0.000292  0.000129  0.000000  0.000000  0.000000  2.000000  
140.350525 0.005753  0.097538  -0.004490  0.998901  -0.012597  0.045139  -0.044449  0.050564  0.997731  -0.014851  -0.998641  0.049948  0.000547  0.000384  0.000051  0.000000  0.000000  0.000000  2.000000  
140.351529 0.005755  0.097539  -0.004491  0.998910  -0.012602  0.044935  -0.044243  0.050682  0.997734  -0.014851  -0.998635  0.050069  0.000696  0.000466  -0.000020  0.000000  0.000000  0.000000  2.000000  
140.352772 0.005756  0.097539  -0.004493  0.998918  -0.012735  0.044740  -0.044037  0.050927  0.997731  -0.014985  -0.998621  0.050311  0.000891  0.000566  -0.000138  0.000000  0.000000  0.000000  2.000000  
140.353773 0.005758  0.097540  -0.004493  0.998927  -0.012740  0.044536  -0.043832  0.051046  0.997734  -0.014985  -0.998615  0.050432  0.000997  0.000593  -0.000187  0.000000  0.000000  0.000000  2.000000  
140.354774 0.005760  0.097540  -0.004495  0.998925  -0.012863  0.044546  -0.043831  0.051294  0.997721  -0.015119  -0.998601  0.050675  0.001158  0.000644  -0.000283  0.000000  0.000000  0.000000  2.000000  
140.355778 0.005762  0.097541  -0.004495  0.998934  -0.012868  0.044342  -0.043626  0.051412  0.997724  -0.015119  -0.998595  0.050796  0.001307  0.000698  -0.000345  0.000000  0.000000  0.000000  2.000000  
140.357019 0.005764  0.097542  -0.004495  0.998942  -0.012868  0.044140  -0.043420  0.051651  0.997721  -0.015119  -0.998582  0.051038  0.001414  0.000726  -0.000394  0.000000  0.000000  0.000000  2.000000  
140.358022 0.005765  0.097542  -0.004497  0.998940  -0.012991  0.044149  -0.043420  0.051899  0.997708  -0.015252  -0.998568  0.051280  0.001439  0.000720  -0.000461  0.000000  0.000000  0.000000  2.000000  
140.359271 0.005766  0.097542  -0.004498  0.998949  -0.012991  0.043947  -0.043214  0.052139  0.997704  -0.015252  -0.998555  0.051522  0.001422  0.000674  -0.000646  0.000000  0.000000  0.000000  2.000000  
140.360521 0.005767  0.097542  -0.004500  0.998947  -0.013114  0.043957  -0.043214  0.052386  0.997691  -0.015386  -0.998541  0.051765  0.001383  0.000617  -0.000818  0.000000  0.000000  0.000000  2.000000  
140.361525 0.005768  0.097543  -0.004502  0.998956  -0.013114  0.043755  -0.043009  0.052626  0.997688  -0.015386  -0.998528  0.052007  0.001324  0.000545  -0.000987  0.000000  0.000000  0.000000  2.000000  
140.362770 0.005769  0.097543  -0.004504  0.998956  -0.013103  0.043758  -0.043009  0.052868  0.997675  -0.015386  -0.998516  0.052249  0.001266  0.000473  -0.001156  0.000000  0.000000  0.000000  2.000000  
140.363773 0.005769  0.097544  -0.004506  0.998965  -0.013104  0.043556  -0.042803  0.053107  0.997671  -0.015386  -0.998503  0.052491  0.001210  0.000467  -0.001236  0.000000  0.000000  0.000000  2.000000  
140.364773 0.005769  0.097543  -0.004508  0.998965  -0.013093  0.043559  -0.042803  0.053349  0.997658  -0.015386  -0.998490  0.052733  0.001143  0.000432  -0.001288  0.000000  0.000000  0.000000  2.000000  
140.365773 0.005770  0.097544  -0.004510  0.998965  -0.013082  0.043562  -0.042803  0.053591  0.997645  -0.015386  -0.998477  0.052976  0.001075  0.000396  -0.001338  0.000000  0.000000  0.000000  2.000000  
140.367018 0.005769  0.097544  -0.004511  0.998963  -0.013200  0.043574  -0.042803  0.053960  0.997625  -0.015520  -0.998456  0.053339  0.000928  0.000353  -0.001332  0.000000  0.000000  0.000000  2.000000  
140.368023 0.005769  0.097544  -0.004512  0.998963  -0.013190  0.043578  -0.042803  0.054202  0.997612  -0.015520  -0.998443  0.053581  0.000778  0.000341  -0.001322  0.000000  0.000000  0.000000  2.000000  
140.369271 0.005768  0.097544  -0.004514  0.998963  -0.013179  0.043581  -0.042803  0.054444  0.997599  -0.015520  -0.998430  0.053823  0.000598  0.000300  -0.001334  -0.168516  0.095579  -0.013849  2.000000  
140.370274 0.005767  0.097544  -0.004515  0.998963  -0.013163  0.043585  -0.042803  0.054807  0.997579  -0.015520  -0.998410  0.054187  0.000405  0.000213  -0.001380  -0.180480  0.095249  -0.018307  2.000000  
140.371524 0.005766  0.097544  -0.004517  0.998965  -0.013014  0.043583  -0.042803  0.055164  0.997559  -0.015386  -0.998392  0.054550  0.000205  0.000140  -0.001444  -0.190274  0.089137  -0.018127  2.000000  
140.372524 0.005766  0.097543  -0.004518  0.998965  -0.013003  0.043586  -0.042803  0.055406  0.997546  -0.015386  -0.998379  0.054792  0.000082  0.000081  -0.001449  -0.192717  0.088619  -0.013537  2.000000  
140.373776 0.005766  0.097543  -0.004520  0.998965  -0.012987  0.043591  -0.042803  0.055769  0.997526  -0.015386  -0.998359  0.055156  0.000023  0.000023  -0.001490  -0.202441  0.089338  -0.013669  2.000000  
140.375021 0.005767  0.097542  -0.004521  0.998956  -0.012960  0.043801  -0.043009  0.056135  0.997496  -0.015386  -0.998339  0.055519  -0.000007  -0.000006  -0.001486  -0.206746  0.075524  -0.012972  2.000000  
140.376022 0.005767  0.097542  -0.004522  0.998956  -0.012949  0.043804  -0.043009  0.056377  0.997483  -0.015386  -0.998326  0.055761  -0.000037  -0.000020  -0.001401  -0.210933  0.068377  -0.017112  2.000000  
140.377267 0.005769  0.097542  -0.004522  0.998945  -0.013055  0.044022  -0.043214  0.056748  0.997453  -0.015520  -0.998303  0.056124  0.000001  -0.000073  -0.001253  -0.217525  0.053880  -0.020719  2.000000  
140.378270 0.005770  0.097542  -0.004522  0.998945  -0.013044  0.044025  -0.043214  0.056990  0.997439  -0.015520  -0.998290  0.056366  0.000030  -0.000104  -0.001138  -0.223495  0.047170  -0.025023  2.000000  
140.379518 0.005771  0.097542  -0.004521  0.998947  -0.012895  0.044022  -0.043214  0.057347  0.997419  -0.015386  -0.998271  0.056730  0.000089  -0.000093  -0.000874  -0.229884  0.040168  -0.020012  2.000000  
140.380521 0.005771  0.097542  -0.004520  0.998938  -0.012872  0.044230  -0.043420  0.057592  0.997396  -0.015386  -0.998257  0.056972  0.000126  -0.000146  -0.000750  -0.234015  0.033309  -0.019651  2.000000  
140.381523 0.005772  0.097541  -0.004520  0.998940  -0.012723  0.044227  -0.043420  0.057949  0.997375  -0.015252  -0.998238  0.057335  0.000163  -0.000199  -0.000625  -0.242235  0.026694  -0.014838  2.000000  
140.382772 0.005773  0.097540  -0.004519  0.998942  -0.012573  0.044224  -0.043420  0.058306  0.997354  -0.015119  -0.998220  0.057699  0.000247  -0.000268  -0.000461  -0.248417  0.020486  -0.005612  2.000000  
140.384019 0.005773  0.097539  -0.004519  0.998934  -0.012545  0.044434  -0.043626  0.058672  0.997324  -0.015119  -0.998198  0.058062  0.000284  -0.000396  -0.000370  -0.250621  0.006610  -0.004827  2.000000  
140.385025 0.005773  0.097537  -0.004520  0.998925  -0.012517  0.044644  -0.043831  0.059037  0.997293  -0.015119  -0.998177  0.058425  0.000346  -0.000454  -0.000311  -0.261001  -0.006908  0.000377  2.000000  
140.386272 0.005773  0.097536  -0.004519  0.998925  -0.012495  0.044650  -0.043831  0.059521  0.997264  -0.015119  -0.998149  0.058909  0.000437  -0.000532  -0.000149  -0.269176  -0.006908  0.000380  2.000000  
140.387525 0.005773  0.097535  -0.004519  0.998915  -0.012467  0.044860  -0.044037  0.059887  0.997233  -0.015119  -0.998127  0.059273  0.000458  -0.000541  -0.000041  -0.273460  -0.020476  0.005636  2.000000  
140.388776 0.005774  0.097535  -0.004518  0.998906  -0.012432  0.045071  -0.044243  0.060373  0.997195  -0.015119  -0.998098  0.059757  0.000509  -0.000535  0.000095  -0.277728  -0.034287  0.006415  2.000000  
140.390021 0.005774  0.097534  -0.004517  0.998908  -0.012277  0.045069  -0.044243  0.060851  0.997166  -0.014985  -0.998071  0.060241  0.000504  -0.000540  0.000266  -0.287605  -0.033507  0.015279  2.000000  
140.391021 0.005775  0.097534  -0.004516  0.998899  -0.012254  0.045278  -0.044449  0.061095  0.997142  -0.014985  -0.998057  0.060483  0.000496  -0.000503  0.000385  -0.286161  -0.047603  0.016197  2.000000  
140.392025 0.005775  0.097535  -0.004515  0.998899  -0.012232  0.045284  -0.044449  0.061579  0.997112  -0.014985  -0.998027  0.060968  0.000428  -0.000510  0.000461  -0.298315  -0.047585  0.016207  2.000000  
140.393269 0.005776  0.097535  -0.004514  0.998892  -0.012069  0.045485  -0.044654  0.061939  0.997081  -0.014851  -0.998007  0.061331  0.000425  -0.000468  0.000540  -0.300067  -0.053797  0.020935  2.000000  
140.394537 0.005776  0.097534  -0.004513  0.998883  -0.012034  0.045696  -0.044860  0.062425  0.997041  -0.014851  -0.997977  0.061815  0.000351  -0.000508  0.000531  -0.306692  -0.068016  0.021913  2.000000  
140.395775 0.005776  0.097533  -0.004513  0.998883  -0.012012  0.045702  -0.044860  0.062909  0.997011  -0.014851  -0.997947  0.062299  0.000271  -0.000542  0.000514  -0.310831  -0.068021  0.021947  2.000000  
140.397017 0.005775  0.097532  -0.004513  0.998876  -0.011843  0.045905  -0.045066  0.063389  0.996971  -0.014717  -0.997919  0.062784  0.000208  -0.000590  0.000465  -0.316520  -0.073798  0.031098  2.000000  
140.398020 0.005775  0.097531  -0.004512  0.998876  -0.011832  0.045908  -0.045066  0.063631  0.996955  -0.014717  -0.997903  0.063026  0.000122  -0.000611  0.000445  -0.316538  -0.073795  0.031118  2.000000  
140.399267 0.005774  0.097529  -0.004512  0.998866  -0.011797  0.046119  -0.045271  0.064117  0.996915  -0.014717  -0.997873  0.063510  0.000095  -0.000596  0.000504  -0.324749  -0.080639  0.031549  2.000000  
140.400267 0.005774  0.097528  -0.004511  0.998857  -0.011767  0.046328  -0.045477  0.064482  0.996882  -0.014717  -0.997850  0.063873  0.000083  -0.000593  0.000537  -0.324874  -0.087484  0.031986  2.000000  
140.401277 0.005774  0.097527  -0.004511  0.998859  -0.011622  0.046322  -0.045477  0.064718  0.996867  -0.014584  -0.997836  0.064115  0.000063  -0.000578  0.000569  -0.323414  -0.088182  0.032271  2.000000  
140.402538 0.005773  0.097526  -0.004511  0.998850  -0.011586  0.046533  -0.045683  0.065204  0.996826  -0.014584  -0.997805  0.064599  0.000025  -0.000584  0.000538  -0.327434  -0.095028  0.032706  2.000000  
140.403778 0.005774  0.097525  -0.004511  0.998851  -0.011436  0.046529  -0.045683  0.065560  0.996802  -0.014450  -0.997783  0.064963  0.000008  -0.000616  0.000484  -0.327544  -0.094779  0.037241  2.000000  
140.405022 0.005774  0.097524  -0.004512  0.998842  -0.011394  0.046741  -0.045888  0.066167  0.996753  -0.014450  -0.997743  0.065568  -0.000056  -0.000709  0.000356  -0.339831  -0.094780  0.037287  2.000000  
140.406285 0.005774  0.097523  -0.004513  0.998833  -0.011358  0.046952  -0.046094  0.066653  0.996711  -0.014450  -0.997712  0.066052  -0.000051  -0.000780  0.000147  -0.343842  -0.101344  0.042217  2.000000  
140.407523 0.005775  0.097523  -0.004514  0.998835  -0.011202  0.046948  -0.046094  0.067131  0.996679  -0.014316  -0.997681  0.066536  -0.000030  -0.000820  -0.000008  -0.347984  -0.094196  0.046345  2.000000  
140.408526 0.005775  0.097522  -0.004515  0.998825  -0.011171  0.047157  -0.046300  0.067496  0.996645  -0.014316  -0.997657  0.066899  -0.000051  -0.000886  -0.000149  -0.349324  -0.100272  0.046423  2.000000  
140.409527 0.005776  0.097521  -0.004516  0.998825  -0.011153  0.047162  -0.046300  0.067858  0.996620  -0.014316  -0.997633  0.067262  -0.000017  -0.000899  -0.000203  -0.356166  -0.101333  0.042335  2.000000  
140.410531 0.005776  0.097520  -0.004517  0.998815  -0.011122  0.047371  -0.046505  0.068223  0.996586  -0.014316  -0.997608  0.067625  -0.000021  -0.000933  -0.000289  -0.356112  -0.101584  0.037879  2.000000  
140.411773 0.005776  0.097518  -0.004517  0.998817  -0.010972  0.047366  -0.046505  0.068580  0.996561  -0.014182  -0.997585  0.067988  0.000017  -0.000941  -0.000264  -0.357342  -0.100493  0.042063  2.000000  
140.413017 0.005776  0.097517  -0.004516  0.998808  -0.010934  0.047576  -0.046711  0.069065  0.996518  -0.014182  -0.997552  0.068472  0.000067  -0.000922  -0.000262  -0.357419  -0.107598  0.038092  2.000000  
140.414020 0.005776  0.097515  -0.004516  0.998810  -0.010784  0.047571  -0.046711  0.069422  0.996493  -0.014048  -0.997529  0.068835  0.000080  -0.000940  -0.000300  -0.360318  -0.101298  0.042501  2.000000  
140.415270 0.005776  0.097514  -0.004516  0.998800  -0.010752  0.047780  -0.046917  0.069787  0.996458  -0.014048  -0.997504  0.069198  0.000161  -0.000908  -0.000283  -0.357382  -0.100457  0.042191  2.000000  
140.416524 0.005776  0.097513  -0.004516  0.998802  -0.010596  0.047776  -0.046917  0.070264  0.996425  -0.013915  -0.997472  0.069683  0.000187  -0.000913  -0.000350  -0.361460  -0.100164  0.046690  2.000000  
140.417772 0.005777  0.097512  -0.004517  0.998792  -0.010558  0.047986  -0.047122  0.070749  0.996380  -0.013915  -0.997438  0.070166  0.000217  -0.000925  -0.000400  -0.360296  -0.100945  0.047122  2.000000  
140.419020 0.005777  0.097511  -0.004518  0.998794  -0.010407  0.047981  -0.047123  0.071106  0.996355  -0.013781  -0.997414  0.070530  0.000230  -0.000928  -0.000433  -0.357197  -0.092952  0.050770  2.000000  
140.420025 0.005777  0.097510  -0.004519  0.998784  -0.010375  0.048189  -0.047328  0.071470  0.996319  -0.013781  -0.997389  0.070892  0.000233  -0.000943  -0.000440  -0.360214  -0.100892  0.047186  2.000000  
140.421271 0.005778  0.097510  -0.004519  0.998786  -0.010218  0.048185  -0.047328  0.071947  0.996285  -0.013647  -0.997356  0.071377  0.000259  -0.000900  -0.000413  -0.360163  -0.093684  0.051273  2.000000  
140.422275 0.005779  0.097510  -0.004519  0.998776  -0.010192  0.048393  -0.047534  0.072191  0.996257  -0.013647  -0.997339  0.071618  0.000267  -0.000880  -0.000332  -0.356154  -0.100563  0.051756  2.000000  
140.423525 0.005779  0.097509  -0.004520  0.998778  -0.010035  0.048388  -0.047534  0.072668  0.996223  -0.013513  -0.997306  0.072103  0.000280  -0.000834  -0.000273  -0.356081  -0.093646  0.051348  2.000000  
140.424525 0.005780  0.097508  -0.004520  0.998780  -0.009890  0.048381  -0.047534  0.072904  0.996206  -0.013379  -0.997290  0.072345  0.000267  -0.000832  -0.000240  -0.353163  -0.085745  0.054956  2.000000  
140.425536 0.005780  0.097508  -0.004519  0.998770  -0.009857  0.048589  -0.047740  0.073268  0.996169  -0.013379  -0.997264  0.072707  0.000280  -0.000791  -0.000200  -0.351878  -0.093276  0.055879  2.000000  
140.426790 0.005780  0.097507  -0.004519  0.998772  -0.009706  0.048583  -0.047740  0.073624  0.996143  -0.013246  -0.997239  0.073070  0.000301  -0.000740  -0.000189  -0.347553  -0.086317  0.055426  2.000000  
140.428024 0.005780  0.097505  -0.004520  0.998764  -0.009534  0.048783  -0.047945  0.074103  0.996097  -0.013112  -0.997205  0.073554  0.000284  -0.000772  -0.000243  -0.351810  -0.086033  0.059978  2.000000  
140.429268 0.005780  0.097504  -0.004520  0.998764  -0.009516  0.048787  -0.047945  0.074466  0.996070  -0.013112  -0.997178  0.073917  0.000289  -0.000753  -0.000286  -0.347866  -0.086040  0.060038  2.000000  
140.430272 0.005780  0.097503  -0.004520  0.998756  -0.009350  0.048985  -0.048151  0.074824  0.996034  -0.012978  -0.997153  0.074280  0.000259  -0.000782  -0.000307  -0.351886  -0.085698  0.064541  2.000000  
140.431522 0.005780  0.097502  -0.004520  0.998757  -0.009199  0.048979  -0.048151  0.075180  0.996007  -0.012844  -0.997128  0.074643  0.000234  -0.000744  -0.000279  -0.347925  -0.085703  0.064602  2.000000  
140.432767 0.005779  0.097501  -0.004520  0.998759  -0.009048  0.048972  -0.048151  0.075536  0.995980  -0.012711  -0.997102  0.075006  0.000179  -0.000768  -0.000233  -0.348914  -0.077797  0.068050  2.000000  
140.433773 0.005779  0.097500  -0.004520  0.998751  -0.008887  0.049169  -0.048357  0.075773  0.995952  -0.012577  -0.997086  0.075248  0.000174  -0.000743  -0.000116  -0.344930  -0.084618  0.068550  2.000000  
140.435025 0.005780  0.097500  -0.004519  0.998753  -0.008730  0.049163  -0.048357  0.076249  0.995915  -0.012443  -0.997051  0.075732  0.000140  -0.000715  -0.000059  -0.343530  -0.078043  0.073145  2.000000  
140.436271 0.005780  0.097499  -0.004519  0.998754  -0.008579  0.049156  -0.048357  0.076605  0.995888  -0.012309  -0.997025  0.076095  0.000100  -0.000696  0.000041  -0.336761  -0.070250  0.076581  2.000000  
140.437271 0.005780  0.097499  -0.004518  0.998754  -0.008567  0.049158  -0.048357  0.076847  0.995870  -0.012309  -0.997006  0.076337  0.000045  -0.000719  0.000086  -0.331288  -0.071104  0.072732  2.000000  
140.438527 0.005779  0.097498  -0.004518  0.998746  -0.008394  0.049357  -0.048563  0.077325  0.995822  -0.012175  -0.996971  0.076821  -0.000013  -0.000713  0.000081  -0.331190  -0.070726  0.077231  2.000000  
140.439771 0.005779  0.097497  -0.004519  0.998748  -0.008243  0.049350  -0.048563  0.077681  0.995795  -0.012042  -0.996944  0.077184  -0.000085  -0.000768  0.000073  -0.331215  -0.070379  0.081749  2.000000  
140.440772 0.005778  0.097496  -0.004519  0.998749  -0.008097  0.049342  -0.048563  0.077916  0.995776  -0.011908  -0.996927  0.077426  -0.000151  -0.000790  0.000022  -0.327056  -0.063458  0.081272  2.000000  
140.441773 0.005778  0.097495  -0.004520  0.998749  -0.008086  0.049344  -0.048563  0.078158  0.995757  -0.011908  -0.996908  0.077668  -0.000176  -0.000801  -0.000041  -0.322963  -0.063430  0.081287  2.000000  
140.442774 0.005777  0.097494  -0.004520  0.998741  -0.007918  0.049541  -0.048769  0.078515  0.995719  -0.011774  -0.996881  0.078030  -0.000226  -0.000804  -0.000038  -0.322924  -0.063064  0.085786  2.000000  
140.444017 0.005776  0.097493  -0.004520  0.998742  -0.007767  0.049533  -0.048769  0.078871  0.995691  -0.011640  -0.996855  0.078393  -0.000255  -0.000757  -0.000025  -0.320329  -0.062528  0.085122  2.000000  
140.445018 0.005775  0.097492  -0.004521  0.998744  -0.007622  0.049525  -0.048769  0.079106  0.995673  -0.011506  -0.996837  0.078635  -0.000319  -0.000752  -0.000032  -0.316279  -0.062172  0.089589  2.000000  
140.446019 0.005775  0.097491  -0.004521  0.998745  -0.007476  0.049516  -0.048769  0.079341  0.995654  -0.011373  -0.996819  0.078877  -0.000326  -0.000737  0.000002  -0.316154  -0.055302  0.089087  2.000000  
140.447019 0.005774  0.097490  -0.004521  0.998747  -0.007331  0.049507  -0.048769  0.079576  0.995635  -0.011239  -0.996802  0.079119  -0.000364  -0.000744  -0.000028  -0.312138  -0.054948  0.093560  2.000000  
140.448031 0.005774  0.097490  -0.004521  0.998748  -0.007186  0.049499  -0.048769  0.079811  0.995616  -0.011105  -0.996784  0.079361  -0.000386  -0.000711  -0.000048  -0.306429  -0.048462  0.093824  2.000000  
140.449267 0.005773  0.097489  -0.004521  0.998740  -0.007018  0.049695  -0.048975  0.080169  0.995577  -0.010971  -0.996757  0.079724  -0.000439  -0.000757  -0.000088  -0.304035  -0.054544  0.098047  2.000000  
140.450268 0.005773  0.097488  -0.004521  0.998740  -0.007006  0.049697  -0.048975  0.080410  0.995558  -0.010971  -0.996737  0.079966  -0.000464  -0.000767  -0.000151  -0.299899  -0.047671  0.097543  2.000000  
140.451270 0.005772  0.097487  -0.004522  0.998741  -0.006861  0.049688  -0.048975  0.080645  0.995539  -0.010837  -0.996719  0.080208  -0.000522  -0.000823  -0.000192  -0.295838  -0.047639  0.097554  2.000000  
140.452271 0.005771  0.097486  -0.004522  0.998743  -0.006710  0.049680  -0.048975  0.081001  0.995510  -0.010704  -0.996691  0.080570  -0.000547  -0.000832  -0.000255  -0.299820  -0.040432  0.101502  2.000000  
140.453275 0.005771  0.097485  -0.004522  0.998744  -0.006564  0.049671  -0.048975  0.081236  0.995491  -0.010570  -0.996673  0.080812  -0.000586  -0.000876  -0.000280  -0.294140  -0.040729  0.102357  2.000000  
140.454521 0.005770  0.097484  -0.004522  0.998745  -0.006419  0.049661  -0.048975  0.081471  0.995472  -0.010436  -0.996655  0.081054  -0.000607  -0.000851  -0.000256  -0.291725  -0.040371  0.101529  2.000000  
140.455534 0.005769  0.097483  -0.004523  0.998745  -0.006407  0.049663  -0.048975  0.081712  0.995452  -0.010436  -0.996635  0.081296  -0.000598  -0.000872  -0.000246  -0.287578  -0.033495  0.101005  2.000000  
140.456771 0.005768  0.097482  -0.004523  0.998737  -0.006245  0.049859  -0.049181  0.081949  0.995422  -0.010302  -0.996617  0.081538  -0.000643  -0.000881  -0.000196  -0.283773  -0.040330  0.101604  2.000000  
140.457772 0.005767  0.097481  -0.004523  0.998738  -0.006100  0.049849  -0.049181  0.082184  0.995403  -0.010169  -0.996599  0.081780  -0.000664  -0.000857  -0.000173  -0.279505  -0.033091  0.105480  2.000000  
140.459022 0.005766  0.097480  -0.004523  0.998739  -0.005955  0.049840  -0.049181  0.082418  0.995384  -0.010035  -0.996580  0.082022  -0.000641  -0.000823  -0.000199  -0.273615  -0.033321  0.106349  2.000000  
140.460269 0.005765  0.097479  -0.004524  0.998741  -0.005809  0.049830  -0.049181  0.082653  0.995364  -0.009901  -0.996561  0.082264  -0.000672  -0.000835  -0.000183  -0.267277  -0.026178  0.104962  2.000000  
140.461279 0.005764  0.097478  -0.004524  0.998741  -0.005797  0.049832  -0.049181  0.082895  0.995344  -0.009901  -0.996541  0.082505  -0.000679  -0.000829  -0.000229  -0.265351  -0.026710  0.101333  2.000000  
140.462526 0.005763  0.097477  -0.004526  0.998732  -0.005635  0.050027  -0.049387  0.083131  0.995314  -0.009767  -0.996523  0.082747  -0.000735  -0.000869  -0.000314  -0.261329  -0.033573  0.101880  2.000000  
140.463769 0.005762  0.097476  -0.004527  0.998733  -0.005489  0.050017  -0.049387  0.083366  0.995294  -0.009633  -0.996504  0.082989  -0.000777  -0.000892  -0.000392  -0.259186  -0.026443  0.100541  2.000000  
140.464772 0.005761  0.097475  -0.004528  0.998733  -0.005477  0.050018  -0.049387  0.083607  0.995274  -0.009633  -0.996484  0.083231  -0.000785  -0.000887  -0.000442  -0.253193  -0.026984  0.096907  2.000000  
140.466019 0.005760  0.097474  -0.004528  0.998735  -0.005332  0.050009  -0.049387  0.083842  0.995254  -0.009500  -0.996465  0.083473  -0.000801  -0.000901  -0.000455  -0.251081  -0.026380  0.100552  2.000000  
140.467020 0.005759  0.097473  -0.004528  0.998726  -0.005176  0.050203  -0.049592  0.083957  0.995235  -0.009366  -0.996456  0.083594  -0.000822  -0.000876  -0.000431  -0.243060  -0.033196  0.101106  2.000000  
140.468026 0.005758  0.097472  -0.004529  0.998726  -0.005163  0.050204  -0.049592  0.084199  0.995214  -0.009366  -0.996436  0.083835  -0.000845  -0.000869  -0.000448  -0.240887  -0.026901  0.096902  2.000000  
140.469271 0.005757  0.097471  -0.004529  0.998727  -0.005024  0.050194  -0.049592  0.084313  0.995204  -0.009232  -0.996427  0.083956  -0.000845  -0.000869  -0.000448  -0.232761  -0.026881  0.096922  2.000000  
140.470272 0.005756  0.097470  -0.004529  0.998728  -0.004879  0.050184  -0.049593  0.084548  0.995185  -0.009098  -0.996407  0.084198  -0.000867  -0.000845  -0.000425  -0.232781  -0.026497  0.101421  2.000000  
140.471525 0.005755  0.097469  -0.004530  0.998718  -0.004855  0.050389  -0.049798  0.084669  0.995164  -0.009098  -0.996397  0.084319  -0.000853  -0.000846  -0.000458  -0.224670  -0.033730  0.097494  2.000000  
140.472772 0.005754  0.097468  -0.004530  0.998719  -0.004710  0.050379  -0.049798  0.084904  0.995144  -0.008964  -0.996378  0.084561  -0.000811  -0.000820  -0.000471  -0.218702  -0.026583  0.096144  2.000000  
140.473775 0.005754  0.097468  -0.004531  0.998719  -0.004704  0.050380  -0.049798  0.085025  0.995134  -0.008964  -0.996368  0.084682  -0.000840  -0.000849  -0.000492  -0.212311  -0.027141  0.092444  2.000000  
140.475022 0.005752  0.097466  -0.004532  0.998710  -0.004541  0.050574  -0.050004  0.085261  0.995103  -0.008831  -0.996348  0.084923  -0.000844  -0.000884  -0.000579  -0.212413  -0.034019  0.093033  2.000000  
140.476272 0.005752  0.097465  -0.004533  0.998710  -0.004535  0.050575  -0.050004  0.085381  0.995093  -0.008831  -0.996338  0.085044  -0.000818  -0.000872  -0.000603  -0.204249  -0.034733  0.084075  2.000000  
140.477522 0.005750  0.097464  -0.004534  0.998701  -0.004372  0.050769  -0.050210  0.085617  0.995062  -0.008697  -0.996319  0.085286  -0.000831  -0.000869  -0.000570  -0.200362  -0.041629  0.084709  2.000000  
140.478768 0.005750  0.097463  -0.004535  0.998702  -0.004232  0.050758  -0.050210  0.085731  0.995052  -0.008563  -0.996309  0.085407  -0.000789  -0.000843  -0.000582  -0.194575  -0.040885  0.088426  2.000000  
140.480021 0.005749  0.097462  -0.004536  0.998702  -0.004226  0.050759  -0.050210  0.085852  0.995042  -0.008563  -0.996299  0.085528  -0.000785  -0.000826  -0.000538  -0.187934  -0.034673  0.084101  2.000000  
140.481271 0.005748  0.097461  -0.004537  0.998693  -0.004063  0.050953  -0.050415  0.086087  0.995011  -0.008429  -0.996279  0.085770  -0.000752  -0.000854  -0.000596  -0.183989  -0.041558  0.084719  2.000000  
140.482536 0.005748  0.097460  -0.004538  0.998682  -0.004039  0.051159  -0.050621  0.086209  0.994990  -0.008429  -0.996269  0.085891  -0.000738  -0.000856  -0.000628  -0.175779  -0.048777  0.080769  2.000000  
140.483770 0.005748  0.097459  -0.004539  0.998682  -0.004033  0.051159  -0.050621  0.086329  0.994980  -0.008429  -0.996258  0.086011  -0.000659  -0.000822  -0.000697  0.000000  0.000000  0.000000  2.000000  
140.484776 0.005747  0.097458  -0.004540  0.998672  -0.004009  0.051364  -0.050826  0.086451  0.994959  -0.008429  -0.996248  0.086132  -0.000615  -0.000812  -0.000755  0.000000  0.000000  0.000000  2.000000  
140.486023 0.005747  0.097458  -0.004541  0.998673  -0.003870  0.051353  -0.050826  0.086565  0.994949  -0.008295  -0.996239  0.086253  -0.000581  -0.000764  -0.000777  0.000000  0.000000  0.000000  2.000000  
140.487271 0.005747  0.097458  -0.004542  0.998663  -0.003845  0.051559  -0.051032  0.086686  0.994928  -0.008295  -0.996228  0.086374  -0.000539  -0.000737  -0.000790  0.000000  0.000000  0.000000  2.000000  
140.488271 0.005746  0.097457  -0.004543  0.998653  -0.003688  0.051752  -0.051238  0.086801  0.994907  -0.008162  -0.996219  0.086495  -0.000496  -0.000711  -0.000803  0.000000  0.000000  0.000000  2.000000  
140.489272 0.005746  0.097456  -0.004543  0.998653  -0.003682  0.051753  -0.051238  0.086922  0.994897  -0.008162  -0.996208  0.086616  -0.000471  -0.000702  -0.000739  0.000000  0.000000  0.000000  2.000000  
140.490273 0.005746  0.097456  -0.004544  0.998644  -0.003525  0.051947  -0.051443  0.087036  0.994876  -0.008028  -0.996199  0.086737  -0.000429  -0.000676  -0.000753  0.000000  0.000000  0.000000  2.000000  
140.491525 0.005746  0.097455  -0.004544  0.998644  -0.003518  0.051947  -0.051443  0.087157  0.994865  -0.008028  -0.996188  0.086858  -0.000390  -0.000669  -0.000721  0.000000  0.000000  0.000000  2.000000  
140.492526 0.005745  0.097455  -0.004545  0.998634  -0.003367  0.052140  -0.051649  0.087151  0.994855  -0.007894  -0.996189  0.086858  -0.000348  -0.000642  -0.000734  0.000000  0.000000  0.000000  2.000000  
140.493773 0.005745  0.097454  -0.004546  0.998623  -0.003343  0.052345  -0.051855  0.087272  0.994834  -0.007894  -0.996179  0.086978  -0.000318  -0.000613  -0.000714  0.000000  0.000000  0.000000  2.000000  
140.495018 0.005746  0.097454  -0.004547  0.998623  -0.003337  0.052346  -0.051855  0.087393  0.994823  -0.007894  -0.996168  0.087099  -0.000221  -0.000574  -0.000718  0.000000  0.000000  0.000000  2.000000  
140.496018 0.005746  0.097453  -0.004548  0.998613  -0.003319  0.052551  -0.052060  0.087393  0.994813  -0.007894  -0.996168  0.087099  -0.000191  -0.000535  -0.000752  0.000000  0.000000  0.000000  2.000000  
140.497273 0.005746  0.097452  -0.004549  0.998603  -0.003161  0.052744  -0.052266  0.087508  0.994792  -0.007760  -0.996159  0.087220  -0.000140  -0.000531  -0.000756  0.000000  0.000000  0.000000  2.000000  
140.498519 0.005746  0.097452  -0.004551  0.998592  -0.003137  0.052949  -0.052471  0.087629  0.994770  -0.007760  -0.996148  0.087341  -0.000106  -0.000483  -0.000778  0.000000  0.000000  0.000000  2.000000  
140.499522 0.005747  0.097452  -0.004552  0.998593  -0.003004  0.052938  -0.052471  0.087622  0.994771  -0.007626  -0.996149  0.087341  -0.000050  -0.000452  -0.000811  0.000000  0.000000  0.000000  2.000000  
140.500769 0.005747  0.097452  -0.004553  0.998582  -0.002979  0.053143  -0.052677  0.087743  0.994749  -0.007626  -0.996139  0.087462  0.000021  -0.000397  -0.000803  0.000000  0.000000  0.000000  2.000000  
140.501771 0.005748  0.097452  -0.004554  0.998573  -0.002828  0.053336  -0.052883  0.087737  0.994739  -0.007493  -0.996140  0.087462  0.000101  -0.000365  -0.000786  0.000000  0.000000  0.000000  2.000000  
140.502773 0.005749  0.097452  -0.004555  0.998573  -0.002828  0.053336  -0.052883  0.087737  0.994739  -0.007493  -0.996140  0.087462  0.000158  -0.000348  -0.000845  0.000000  0.000000  0.000000  2.000000  
140.503774 0.005749  0.097452  -0.004556  0.998562  -0.002803  0.053541  -0.053088  0.087858  0.994717  -0.007493  -0.996129  0.087583  0.000204  -0.000302  -0.000901  0.000000  0.000000  0.000000  2.000000  
140.505021 0.005750  0.097452  -0.004558  0.998563  -0.002670  0.053529  -0.053088  0.087851  0.994718  -0.007359  -0.996130  0.087583  0.000305  -0.000270  -0.000935  0.000000  0.000000  0.000000  2.000000  
140.506269 0.005751  0.097451  -0.004559  0.998552  -0.002652  0.053734  -0.053294  0.087852  0.994707  -0.007359  -0.996130  0.087583  0.000368  -0.000269  -0.000971  0.000000  0.000000  0.000000  2.000000  
140.507272 0.005752  0.097451  -0.004560  0.998542  -0.002495  0.053928  -0.053500  0.087966  0.994686  -0.007225  -0.996120  0.087704  0.000421  -0.000228  -0.001044  0.000000  0.000000  0.000000  2.000000  
140.508540 0.005753  0.097451  -0.004562  0.998542  -0.002495  0.053928  -0.053500  0.087966  0.994686  -0.007225  -0.996120  0.087704  0.000527  -0.000200  -0.001092  0.000000  0.000000  0.000000  2.000000  
140.509769 0.005754  0.097451  -0.004563  0.998532  -0.002343  0.054121  -0.053705  0.087959  0.994675  -0.007091  -0.996121  0.087704  0.000560  -0.000171  -0.001087  0.000000  0.000000  0.000000  2.000000  
140.510770 0.005755  0.097451  -0.004564  0.998521  -0.002325  0.054325  -0.053911  0.087959  0.994664  -0.007091  -0.996121  0.087704  0.000615  -0.000148  -0.001133  0.000000  0.000000  0.000000  2.000000  
140.511770 0.005756  0.097451  -0.004566  0.998521  -0.002325  0.054325  -0.053911  0.087959  0.994664  -0.007091  -0.996121  0.087704  0.000667  -0.000124  -0.001165  0.000000  0.000000  0.000000  2.000000  
140.513017 0.005757  0.097451  -0.004568  0.998510  -0.002167  0.054519  -0.054116  0.088073  0.994643  -0.006957  -0.996112  0.087825  0.000740  -0.000071  -0.001171  0.000000  0.000000  0.000000  2.000000  
140.514018 0.005758  0.097452  -0.004569  0.998510  -0.002167  0.054519  -0.054116  0.088073  0.994643  -0.006957  -0.996112  0.087825  0.000782  -0.000045  -0.001184  0.000000  0.000000  0.000000  2.000000  
140.515272 0.005760  0.097452  -0.004571  0.998499  -0.002149  0.054723  -0.054322  0.088074  0.994632  -0.006957  -0.996112  0.087825  0.000880  0.000007  -0.001229  0.000000  0.000000  0.000000  2.000000  
140.516523 0.005761  0.097452  -0.004573  0.998500  -0.002016  0.054712  -0.054322  0.088067  0.994632  -0.006824  -0.996113  0.087825  0.000920  0.000030  -0.001255  0.000000  0.000000  0.000000  2.000000  
140.517771 0.005763  0.097453  -0.004575  0.998489  -0.001998  0.054916  -0.054528  0.088067  0.994621  -0.006824  -0.996113  0.087825  0.000936  0.000046  -0.001330  0.000000  0.000000  0.000000  2.000000  
140.518772 0.005764  0.097452  -0.004577  0.998478  -0.001980  0.055121  -0.054733  0.088067  0.994610  -0.006824  -0.996113  0.087825  0.000970  0.000019  -0.001387  0.000000  0.000000  0.000000  2.000000  
140.519773 0.005765  0.097452  -0.004578  0.998479  -0.001847  0.055110  -0.054733  0.088060  0.994610  -0.006690  -0.996113  0.087825  0.000977  0.000041  -0.001419  0.000000  0.000000  0.000000  2.000000  
140.521020 0.005766  0.097453  -0.004581  0.998467  -0.001829  0.055314  -0.054939  0.088061  0.994599  -0.006690  -0.996113  0.087825  0.001020  0.000083  -0.001484  0.000000  0.000000  0.000000  2.000000  
140.522268 0.005767  0.097452  -0.004583  0.998467  -0.001829  0.055314  -0.054939  0.088061  0.994599  -0.006690  -0.996113  0.087825  0.001041  0.000058  -0.001508  0.000000  0.000000  0.000000  2.000000  
140.523271 0.005768  0.097452  -0.004585  0.998457  -0.001678  0.055507  -0.055144  0.088054  0.994588  -0.006556  -0.996114  0.087825  0.001045  0.000077  -0.001550  0.000000  0.000000  0.000000  2.000000  
140.524519 0.005770  0.097452  -0.004587  0.998457  -0.001684  0.055507  -0.055144  0.087933  0.994599  -0.006556  -0.996125  0.087704  0.001058  0.000075  -0.001583  0.000000  0.000000  0.000000  2.000000  
140.525533 0.005771  0.097453  -0.004588  0.998445  -0.001666  0.055712  -0.055350  0.087933  0.994587  -0.006556  -0.996125  0.087704  0.001117  0.000102  -0.001621  0.000000  0.000000  0.000000  2.000000  
140.526768 0.005773  0.097452  -0.004590  0.998445  -0.001666  0.055712  -0.055350  0.087933  0.994587  -0.006556  -0.996125  0.087704  0.001112  0.000098  -0.001629  0.000000  0.000000  0.000000  2.000000  
140.528022 0.005774  0.097453  -0.004592  0.998435  -0.001515  0.055905  -0.055555  0.087926  0.994577  -0.006422  -0.996126  0.087704  0.001088  0.000073  -0.001643  0.000000  0.000000  0.000000  2.000000  
140.529268 0.005775  0.097453  -0.004594  0.998423  -0.001497  0.056110  -0.055761  0.087926  0.994565  -0.006422  -0.996126  0.087704  0.001110  0.000048  -0.001669  0.000000  0.000000  0.000000  2.000000  
140.530537 0.005776  0.097452  -0.004597  0.998423  -0.001497  0.056110  -0.055761  0.087926  0.994565  -0.006422  -0.996126  0.087704  0.001078  0.000019  -0.001686  0.000000  0.000000  0.000000  2.000000  
140.531871 0.005778  0.097452  -0.004598  0.998412  -0.001479  0.056314  -0.055967  0.087927  0.994553  -0.006422  -0.996126  0.087704  0.001068  -0.000000  -0.001634  0.000000  0.000000  0.000000  2.000000  
140.533023 0.005779  0.097453  -0.004600  0.998412  -0.001486  0.056314  -0.055967  0.087806  0.994564  -0.006422  -0.996136  0.087584  0.001063  0.000003  -0.001612  0.000000  0.000000  0.000000  2.000000  
140.534273 0.005779  0.097452  -0.004602  0.998401  -0.001334  0.056507  -0.056172  0.087799  0.994553  -0.006288  -0.996137  0.087584  0.001012  -0.000001  -0.001608  0.000000  0.000000  0.000000  2.000000  
140.535275 0.005781  0.097453  -0.004603  0.998401  -0.001334  0.056507  -0.056172  0.087799  0.994553  -0.006288  -0.996137  0.087584  0.001012  -0.000001  -0.001608  0.000000  0.000000  0.000000  2.000000  
140.536532 0.005782  0.097452  -0.004605  0.998390  -0.001316  0.056712  -0.056378  0.087799  0.994542  -0.006288  -0.996137  0.087584  0.001003  -0.000023  -0.001572  0.000000  0.000000  0.000000  2.000000  
140.537772 0.005782  0.097452  -0.004607  0.998378  -0.001298  0.056917  -0.056583  0.087800  0.994530  -0.006288  -0.996137  0.087584  0.000944  -0.000022  -0.001529  0.000000  0.000000  0.000000  2.000000  
140.538775 0.005783  0.097452  -0.004608  0.998378  -0.001305  0.056917  -0.056583  0.087679  0.994540  -0.006288  -0.996148  0.087463  0.000901  -0.000048  -0.001515  0.000000  0.000000  0.000000  2.000000  
140.540021 0.005783  0.097452  -0.004610  0.998366  -0.001287  0.057121  -0.056789  0.087679  0.994529  -0.006288  -0.996148  0.087463  0.000842  -0.000030  -0.001522  0.000000  0.000000  0.000000  2.000000  
140.541022 0.005784  0.097452  -0.004612  0.998366  -0.001287  0.057121  -0.056789  0.087679  0.994529  -0.006288  -0.996148  0.087463  0.000820  -0.000005  -0.001499  0.000000  0.000000  0.000000  2.000000  
140.542272 0.005785  0.097452  -0.004614  0.998355  -0.001269  0.057326  -0.056994  0.087679  0.994517  -0.006288  -0.996148  0.087463  0.000779  -0.000034  -0.001496  0.000000  0.000000  0.000000  2.000000  
140.543272 0.005785  0.097452  -0.004615  0.998355  -0.001269  0.057326  -0.056994  0.087679  0.994517  -0.006288  -0.996148  0.087463  0.000728  -0.000035  -0.001484  0.000000  0.000000  0.000000  2.000000  
140.544525 0.005785  0.097452  -0.004616  0.998343  -0.001258  0.057531  -0.057200  0.087559  0.994516  -0.006288  -0.996159  0.087342  0.000663  -0.000037  -0.001446  0.000000  0.000000  0.000000  2.000000  
140.545547 0.005786  0.097452  -0.004617  0.998343  -0.001258  0.057531  -0.057200  0.087559  0.994516  -0.006288  -0.996159  0.087342  0.000607  -0.000060  -0.001398  0.000000  0.000000  0.000000  2.000000  
140.546770 0.005786  0.097451  -0.004619  0.998331  -0.001240  0.057735  -0.057405  0.087559  0.994504  -0.006288  -0.996159  0.087342  0.000564  -0.000066  -0.001416  0.000000  0.000000  0.000000  2.000000  
140.547772 0.005786  0.097452  -0.004620  0.998331  -0.001240  0.057735  -0.057405  0.087559  0.994504  -0.006288  -0.996159  0.087342  0.000506  -0.000068  -0.001394  0.000000  0.000000  0.000000  2.000000  
140.549023 0.005787  0.097451  -0.004622  0.998319  -0.001222  0.057940  -0.057611  0.087560  0.994492  -0.006288  -0.996159  0.087342  0.000493  -0.000065  -0.001361  0.000000  0.000000  0.000000  2.000000  
140.550270 0.005787  0.097451  -0.004623  0.998308  -0.001071  0.058133  -0.057816  0.087552  0.994481  -0.006155  -0.996159  0.087342  0.000393  -0.000094  -0.001323  0.000000  0.000000  0.000000  2.000000  
140.551279 0.005786  0.097451  -0.004625  0.998308  -0.001071  0.058133  -0.057816  0.087552  0.994481  -0.006155  -0.996159  0.087342  0.000336  -0.000097  -0.001308  0.000000  0.000000  0.000000  2.000000  
140.552529 0.005787  0.097451  -0.004626  0.998296  -0.001060  0.058338  -0.058022  0.087432  0.994479  -0.006155  -0.996170  0.087221  0.000315  -0.000072  -0.001284  0.000000  0.000000  0.000000  2.000000  
140.553772 0.005786  0.097451  -0.004627  0.998296  -0.001060  0.058338  -0.058022  0.087432  0.994479  -0.006155  -0.996170  0.087221  0.000251  -0.000053  -0.001270  0.000000  0.000000  0.000000  2.000000  
