1-Time 2-Px 3-Py 4-Pz 5-R11 6-R21 7-R31 8-R12 9-R22 10-R32 11-R13 12-R23 13-R33 14-Vx 15-Vy 16-Vz 17-Wx 18-Wy 19-Wz 20-state 21-PR11 22-PR21 23-PR31 24-PR12 25-PR22 26-PR32 27-PR13 28-PR23 29-PR33 
61.796818 0.005238  0.097436  0.008511  0.996591  0.052992  -0.063225  -0.052161  0.998530  0.014726  0.063912  -0.011378  0.997891  -0.000306  -0.000059  -0.000242  0.000000  0.000000  0.000000  2.000000  
61.797823 0.005238  0.097436  0.008511  0.996589  0.053196  -0.063088  -0.052366  0.998519  0.014732  0.063779  -0.011378  0.997899  -0.000254  -0.000055  -0.000238  0.000000  0.000000  0.000000  2.000000  
61.799073 0.005239  0.097437  0.008511  0.996570  0.053411  -0.063212  -0.052571  0.998506  0.014874  0.063912  -0.011499  0.997889  -0.000181  0.000001  -0.000223  0.000000  0.000000  0.000000  2.000000  
61.800322 0.005240  0.097436  0.008511  0.996542  0.053619  -0.063476  -0.052775  0.998495  0.014901  0.064179  -0.011499  0.997872  -0.000064  0.000004  -0.000244  0.000000  0.000000  0.000000  2.000000  
61.801324 0.005241  0.097436  0.008511  0.996522  0.053826  -0.063606  -0.052980  0.998484  0.014921  0.064313  -0.011499  0.997864  0.000054  0.000008  -0.000264  0.000000  0.000000  0.000000  2.000000  
61.802391 0.005242  0.097435  0.008510  0.996514  0.053836  -0.063733  -0.052979  0.998482  0.015049  0.064446  -0.011620  0.997854  0.000148  -0.000041  -0.000293  0.000000  0.000000  0.000000  2.000000  
61.803587 0.005244  0.097435  0.008510  0.996483  0.054248  -0.063860  -0.053389  0.998460  0.015082  0.064580  -0.011620  0.997845  0.000316  0.000004  -0.000229  0.000000  0.000000  0.000000  2.000000  
61.804822 0.005246  0.097435  0.008510  0.996442  0.054874  -0.063977  -0.054004  0.998424  0.015250  0.064713  -0.011741  0.997835  0.000477  -0.000007  -0.000203  0.000000  0.000000  0.000000  2.000000  
61.806073 0.005247  0.097435  0.008510  0.996411  0.055287  -0.064104  -0.054414  0.998401  0.015284  0.064847  -0.011741  0.997826  0.000616  0.000009  -0.000160  0.000000  0.000000  0.000000  2.000000  
61.807319 0.005249  0.097435  0.008509  0.996371  0.055701  -0.064365  -0.054823  0.998378  0.015325  0.065114  -0.011741  0.997809  0.000736  0.000008  -0.000207  0.000000  0.000000  0.000000  2.000000  
61.808324 0.005250  0.097436  0.008509  0.996339  0.056114  -0.064492  -0.055233  0.998355  0.015359  0.065247  -0.011740  0.997800  0.000800  0.000012  -0.000206  0.000000  0.000000  0.000000  2.000000  
61.809574 0.005251  0.097437  0.008507  0.996279  0.056735  -0.064882  -0.055847  0.998320  0.015421  0.065648  -0.011740  0.997774  0.000853  0.000090  -0.000332  0.000000  0.000000  0.000000  2.000000  
61.810591 0.005252  0.097439  0.008506  0.996238  0.057157  -0.065135  -0.056256  0.998295  0.015584  0.065915  -0.011861  0.997755  0.000947  0.000166  -0.000364  0.000000  0.000000  0.000000  2.000000  
61.811823 0.005254  0.097440  0.008505  0.996197  0.057571  -0.065395  -0.056665  0.998271  0.015626  0.066182  -0.011861  0.997737  0.001038  0.000258  -0.000433  0.000000  0.000000  0.000000  2.000000  
61.813072 0.005255  0.097441  0.008502  0.996156  0.057985  -0.065656  -0.057074  0.998247  0.015668  0.066449  -0.011861  0.997719  0.001130  0.000281  -0.000590  0.000000  0.000000  0.000000  2.000000  
61.814073 0.005258  0.097442  0.008501  0.996115  0.058408  -0.065909  -0.057484  0.998221  0.015832  0.066716  -0.011981  0.997700  0.001238  0.000378  -0.000668  0.032177  0.074330  0.180368  2.000000  
61.815075 0.005259  0.097443  0.008500  0.996073  0.058822  -0.066169  -0.057893  0.998197  0.015874  0.066983  -0.011981  0.997682  0.001290  0.000422  -0.000717  0.033108  0.083156  0.194268  2.000000  
61.816322 0.005261  0.097443  0.008500  0.996022  0.059238  -0.066562  -0.058301  0.998172  0.015925  0.067383  -0.011981  0.997655  0.001334  0.000492  -0.000703  0.034061  0.101024  0.208379  2.000000  
61.817324 0.005262  0.097443  0.008500  0.995980  0.059660  -0.066814  -0.058710  0.998145  0.016089  0.067650  -0.012102  0.997636  0.001354  0.000528  -0.000656  0.039070  0.109817  0.222244  2.000000  
61.818571 0.005264  0.097442  0.008501  0.995929  0.060076  -0.067208  -0.059119  0.998120  0.016140  0.068051  -0.012101  0.997608  0.001335  0.000453  -0.000651  0.040017  0.127649  0.236275  2.000000  
61.819824 0.005266  0.097441  0.008501  0.995868  0.060501  -0.067727  -0.059527  0.998093  0.016321  0.068585  -0.012222  0.997570  0.001326  0.000389  -0.000630  0.045066  0.145429  0.250248  2.000000  
61.820825 0.005267  0.097440  0.008502  0.995828  0.060712  -0.068123  -0.059730  0.998081  0.016359  0.068985  -0.012222  0.997543  0.001325  0.000349  -0.000576  0.045582  0.158851  0.257333  2.000000  
61.822072 0.005267  0.097438  0.008502  0.995788  0.060922  -0.068519  -0.059933  0.998068  0.016397  0.069386  -0.012221  0.997515  0.001250  0.000213  -0.000484  0.046081  0.176770  0.264469  2.000000  
61.823324 0.005268  0.097437  0.008502  0.995745  0.061336  -0.068779  -0.060342  0.998042  0.016441  0.069653  -0.012221  0.997496  0.001206  0.000118  -0.000433  0.047060  0.185672  0.278488  2.000000  
61.824574 0.005269  0.097437  0.008502  0.995704  0.061547  -0.069175  -0.060546  0.998029  0.016480  0.070053  -0.012221  0.997468  0.001203  -0.000013  -0.000343  0.047154  0.201846  0.283165  2.000000  
61.825581 0.005270  0.097437  0.008502  0.995682  0.061754  -0.069305  -0.060750  0.998017  0.016502  0.070187  -0.012220  0.997459  0.001176  -0.000108  -0.000323  0.048007  0.207846  0.292344  2.000000  
61.826825 0.005270  0.097436  0.008500  0.995651  0.061963  -0.069568  -0.060954  0.998004  0.016533  0.070453  -0.012220  0.997440  0.001069  -0.000250  -0.000240  0.048536  0.216866  0.299502  2.000000  
61.827826 0.005270  0.097436  0.008500  0.995620  0.062171  -0.069831  -0.061158  0.997991  0.016563  0.070720  -0.012220  0.997421  0.001001  -0.000290  -0.000162  0.048569  0.225833  0.299569  2.000000  
61.828828 0.005270  0.097437  0.008500  0.995588  0.062371  -0.070102  -0.061361  0.997980  0.016473  0.070987  -0.012099  0.997404  0.000839  -0.000359  -0.000080  0.040450  0.234799  0.299637  2.000000  
61.830074 0.005270  0.097437  0.008500  0.995569  0.062375  -0.070368  -0.061360  0.997979  0.016489  0.071254  -0.012099  0.997385  0.000696  -0.000353  -0.000030  0.040065  0.234902  0.292755  2.000000  
61.831079 0.005269  0.097438  0.008500  0.995537  0.062583  -0.070631  -0.061564  0.997966  0.016520  0.071521  -0.012098  0.997366  0.000560  -0.000392  -0.000032  0.040118  0.239371  0.292771  2.000000  
61.832323 0.005268  0.097436  0.008500  0.995518  0.062587  -0.070897  -0.061563  0.997966  0.016537  0.071788  -0.012098  0.997347  0.000364  -0.000444  -0.000026  0.035887  0.242413  0.291110  2.000000  
61.833586 0.005266  0.097435  0.008500  0.995486  0.062795  -0.071160  -0.061767  0.997953  0.016568  0.072055  -0.012098  0.997327  0.000070  -0.000496  -0.000041  0.035396  0.246412  0.283662  2.000000  
61.834587 0.005264  0.097433  0.008500  0.995477  0.062788  -0.071301  -0.061766  0.997955  0.016455  0.072188  -0.011977  0.997319  -0.000106  -0.000559  -0.000065  0.026141  0.248590  0.265183  2.000000  
61.835607 0.005263  0.097432  0.008500  0.995467  0.062790  -0.071434  -0.061765  0.997955  0.016463  0.072322  -0.011977  0.997309  -0.000274  -0.000604  -0.000130  0.025210  0.248587  0.251213  2.000000  
61.836825 0.005261  0.097430  0.008501  0.995457  0.062791  -0.071567  -0.061765  0.997955  0.016472  0.072455  -0.011977  0.997300  -0.000413  -0.000582  -0.000092  0.024335  0.244521  0.237619  2.000000  
61.838070 0.005260  0.097429  0.008501  0.995435  0.062999  -0.071697  -0.061969  0.997942  0.016495  0.072589  -0.011976  0.997290  -0.000530  -0.000593  -0.000030  0.023896  0.244671  0.230779  2.000000  
61.839325 0.005258  0.097428  0.008502  0.995416  0.062993  -0.071971  -0.061968  0.997944  0.016390  0.072856  -0.011855  0.997272  -0.000715  -0.000628  0.000027  0.018453  0.240384  0.209952  2.000000  
61.840575 0.005258  0.097428  0.008503  0.995406  0.062995  -0.072104  -0.061967  0.997943  0.016399  0.072989  -0.011855  0.997262  -0.000805  -0.000588  0.000097  0.013352  0.234209  0.194585  2.000000  
61.841575 0.005257  0.097428  0.008504  0.995396  0.062987  -0.072245  -0.061967  0.997945  0.016286  0.073123  -0.011734  0.997254  -0.000877  -0.000581  0.000216  0.008852  0.234217  0.187652  2.000000  
61.842583 0.005257  0.097428  0.008504  0.995396  0.062987  -0.072245  -0.061967  0.997945  0.016286  0.073123  -0.011734  0.997254  -0.000914  -0.000551  0.000263  0.007510  0.222819  0.168266  2.000000  
61.843590 0.005256  0.097429  0.008504  0.995386  0.062980  -0.072386  -0.061966  0.997947  0.016173  0.073256  -0.011613  0.997246  -0.000928  -0.000546  0.000292  -0.001576  0.218458  0.154390  2.000000  
61.844597 0.005255  0.097429  0.008504  0.995386  0.062980  -0.072386  -0.061966  0.997947  0.016173  0.073256  -0.011613  0.997246  -0.000979  -0.000550  0.000287  -0.002525  0.209565  0.140439  2.000000  
61.845824 0.005255  0.097429  0.008504  0.995386  0.062971  -0.072394  -0.061966  0.997949  0.016052  0.073256  -0.011492  0.997247  -0.000949  -0.000545  0.000254  -0.007557  0.200891  0.126615  2.000000  
61.847073 0.005255  0.097429  0.008503  0.995399  0.062766  -0.072397  -0.061761  0.997962  0.016037  0.073256  -0.011492  0.997247  -0.000891  -0.000524  0.000218  -0.012481  0.186017  0.111737  2.000000  
61.848074 0.005254  0.097428  0.008502  0.995409  0.062756  -0.072271  -0.061762  0.997964  0.015908  0.073123  -0.011371  0.997258  -0.000817  -0.000440  0.000153  -0.017624  0.169743  0.098637  2.000000  
61.849322 0.005254  0.097428  0.008501  0.995409  0.062756  -0.072271  -0.061762  0.997964  0.015908  0.073123  -0.011371  0.997258  -0.000745  -0.000372  0.000061  0.000000  0.000000  0.000000  2.000000  
61.850327 0.005254  0.097428  0.008501  0.995409  0.062756  -0.072271  -0.061762  0.997964  0.015908  0.073123  -0.011371  0.997258  -0.000626  -0.000223  0.000067  0.000000  0.000000  0.000000  2.000000  
61.851577 0.005254  0.097429  0.008501  0.995409  0.062756  -0.072271  -0.061762  0.997964  0.015908  0.073123  -0.011371  0.997258  -0.000462  -0.000074  0.000013  0.000000  0.000000  0.000000  2.000000  
61.852823 0.005255  0.097429  0.008500  0.995409  0.062756  -0.072271  -0.061762  0.997964  0.015908  0.073123  -0.011371  0.997258  -0.000299  -0.000004  -0.000069  0.000000  0.000000  0.000000  2.000000  
61.853827 0.005257  0.097429  0.008500  0.995409  0.062756  -0.072271  -0.061762  0.997964  0.015908  0.073123  -0.011371  0.997258  -0.000145  0.000047  -0.000109  0.000000  0.000000  0.000000  2.000000  
61.855074 0.005258  0.097429  0.008500  0.995419  0.062754  -0.072138  -0.061762  0.997964  0.015900  0.072989  -0.011371  0.997268  0.000039  0.000090  -0.000207  0.000000  0.000000  0.000000  2.000000  
61.856325 0.005260  0.097430  0.008500  0.995419  0.062754  -0.072138  -0.061762  0.997964  0.015900  0.072989  -0.011371  0.997268  0.000215  0.000116  -0.000265  0.000000  0.000000  0.000000  2.000000  
61.857574 0.005262  0.097430  0.008499  0.995419  0.062745  -0.072146  -0.061762  0.997966  0.015778  0.072989  -0.011250  0.997269  0.000342  0.000113  -0.000309  0.000000  0.000000  0.000000  2.000000  
61.858583 0.005263  0.097430  0.008498  0.995428  0.062744  -0.072013  -0.061763  0.997966  0.015770  0.072856  -0.011250  0.997279  0.000436  0.000105  -0.000392  0.000000  0.000000  0.000000  2.000000  
61.859821 0.005264  0.097430  0.008497  0.995428  0.062744  -0.072013  -0.061763  0.997966  0.015770  0.072856  -0.011250  0.997279  0.000566  0.000104  -0.000440  0.000000  0.000000  0.000000  2.000000  
61.860827 0.005265  0.097431  0.008496  0.995428  0.062744  -0.072013  -0.061763  0.997966  0.015770  0.072856  -0.011250  0.997279  0.000663  0.000079  -0.000490  0.000000  0.000000  0.000000  2.000000  
61.862076 0.005266  0.097431  0.008496  0.995438  0.062742  -0.071879  -0.061764  0.997966  0.015762  0.072722  -0.011251  0.997289  0.000788  0.000139  -0.000471  0.000000  0.000000  0.000000  2.000000  
61.863323 0.005267  0.097431  0.008495  0.995448  0.062741  -0.071746  -0.061764  0.997966  0.015754  0.072589  -0.011251  0.997298  0.000877  0.000190  -0.000486  0.000000  0.000000  0.000000  2.000000  
61.864324 0.005268  0.097432  0.008494  0.995448  0.062741  -0.071746  -0.061764  0.997966  0.015754  0.072589  -0.011251  0.997298  0.000935  0.000251  -0.000443  0.000000  0.000000  0.000000  2.000000  
61.865324 0.005268  0.097432  0.008493  0.995457  0.062739  -0.071613  -0.061765  0.997967  0.015745  0.072455  -0.011251  0.997308  0.000942  0.000260  -0.000505  0.000000  0.000000  0.000000  2.000000  
61.866585 0.005269  0.097433  0.008492  0.995457  0.062748  -0.071605  -0.061765  0.997965  0.015866  0.072455  -0.011372  0.997307  0.000958  0.000305  -0.000567  0.000000  0.000000  0.000000  2.000000  
61.867824 0.005269  0.097433  0.008491  0.995445  0.062953  -0.071602  -0.061970  0.997952  0.015881  0.072455  -0.011372  0.997307  0.000908  0.000263  -0.000652  0.000000  0.000000  0.000000  2.000000  
61.869071 0.005270  0.097433  0.008489  0.995454  0.062961  -0.071461  -0.061970  0.997950  0.015994  0.072322  -0.011493  0.997315  0.000880  0.000265  -0.000745  0.000000  0.000000  0.000000  2.000000  
61.870076 0.005270  0.097433  0.008488  0.995454  0.062961  -0.071461  -0.061970  0.997950  0.015994  0.072322  -0.011493  0.997315  0.000799  0.000279  -0.000807  0.000000  0.000000  0.000000  2.000000  
61.871077 0.005271  0.097433  0.008487  0.995454  0.062961  -0.071461  -0.061970  0.997950  0.015994  0.072322  -0.011493  0.997315  0.000719  0.000246  -0.000834  0.000000  0.000000  0.000000  2.000000  
61.872321 0.005271  0.097433  0.008486  0.995454  0.062969  -0.071454  -0.061970  0.997948  0.016115  0.072322  -0.011614  0.997314  0.000657  0.000238  -0.000825  0.000000  0.000000  0.000000  2.000000  
61.873585 0.005271  0.097433  0.008486  0.995454  0.062969  -0.071454  -0.061970  0.997948  0.016115  0.072322  -0.011614  0.997314  0.000571  0.000172  -0.000782  0.000000  0.000000  0.000000  2.000000  
61.874820 0.005272  0.097433  0.008486  0.995454  0.062969  -0.071454  -0.061970  0.997948  0.016115  0.072322  -0.011614  0.997314  0.000519  0.000144  -0.000762  0.000000  0.000000  0.000000  2.000000  
61.875822 0.005272  0.097432  0.008485  0.995464  0.062968  -0.071321  -0.061971  0.997948  0.016107  0.072188  -0.011614  0.997323  0.000468  0.000100  -0.000714  0.000000  0.000000  0.000000  2.000000  
61.876831 0.005272  0.097432  0.008485  0.995464  0.062968  -0.071321  -0.061971  0.997948  0.016107  0.072188  -0.011614  0.997323  0.000438  0.000054  -0.000706  0.000000  0.000000  0.000000  2.000000  
61.878074 0.005273  0.097432  0.008484  0.995464  0.062976  -0.071313  -0.061971  0.997946  0.016228  0.072188  -0.011735  0.997322  0.000402  0.000024  -0.000716  0.000000  0.000000  0.000000  2.000000  
61.879074 0.005273  0.097432  0.008484  0.995464  0.062976  -0.071313  -0.061971  0.997946  0.016228  0.072188  -0.011735  0.997322  0.000365  -0.000002  -0.000720  0.000000  0.000000  0.000000  2.000000  
61.880075 0.005274  0.097432  0.008483  0.995464  0.062976  -0.071313  -0.061971  0.997946  0.016228  0.072188  -0.011735  0.997322  0.000395  0.000006  -0.000675  0.000000  0.000000  0.000000  2.000000  
61.881078 0.005274  0.097432  0.008482  0.995464  0.062976  -0.071313  -0.061971  0.997946  0.016228  0.072188  -0.011735  0.997322  0.000372  -0.000024  -0.000708  0.000000  0.000000  0.000000  2.000000  
61.882324 0.005274  0.097433  0.008481  0.995464  0.062985  -0.071305  -0.061971  0.997944  0.016349  0.072188  -0.011856  0.997321  0.000357  -0.000020  -0.000679  0.000000  0.000000  0.000000  2.000000  
61.883587 0.005275  0.097433  0.008480  0.995477  0.062780  -0.071309  -0.061766  0.997957  0.016334  0.072188  -0.011856  0.997321  0.000349  -0.000038  -0.000637  0.000000  0.000000  0.000000  2.000000  
61.884824 0.005275  0.097433  0.008480  0.995477  0.062780  -0.071309  -0.061766  0.997957  0.016334  0.072188  -0.011856  0.997321  0.000320  -0.000030  -0.000579  0.000000  0.000000  0.000000  2.000000  
61.886075 0.005276  0.097433  0.008480  0.995477  0.062788  -0.071301  -0.061766  0.997955  0.016455  0.072188  -0.011977  0.997319  0.000328  0.000004  -0.000519  0.000000  0.000000  0.000000  2.000000  
61.887327 0.005276  0.097433  0.008479  0.995477  0.062788  -0.071301  -0.061766  0.997955  0.016455  0.072188  -0.011977  0.997319  0.000319  0.000008  -0.000498  0.000000  0.000000  0.000000  2.000000  
61.888570 0.005276  0.097433  0.008479  0.995477  0.062788  -0.071301  -0.061766  0.997955  0.016455  0.072188  -0.011977  0.997319  0.000293  0.000034  -0.000473  0.000000  0.000000  0.000000  2.000000  
61.889574 0.005277  0.097434  0.008479  0.995467  0.062790  -0.071434  -0.061765  0.997955  0.016463  0.072322  -0.011977  0.997309  0.000326  0.000065  -0.000459  0.000000  0.000000  0.000000  2.000000  
61.890820 0.005277  0.097433  0.008479  0.995467  0.062790  -0.071434  -0.061765  0.997955  0.016463  0.072322  -0.011977  0.997309  0.000321  0.000064  -0.000451  0.000000  0.000000  0.000000  2.000000  
61.891827 0.005277  0.097433  0.008478  0.995467  0.062799  -0.071427  -0.061765  0.997953  0.016585  0.072322  -0.012098  0.997308  0.000314  0.000085  -0.000463  0.000000  0.000000  0.000000  2.000000  
61.893070 0.005278  0.097433  0.008478  0.995467  0.062799  -0.071427  -0.061765  0.997953  0.016585  0.072322  -0.012098  0.997308  0.000328  0.000119  -0.000413  0.000000  0.000000  0.000000  2.000000  
61.894077 0.005278  0.097434  0.008478  0.995454  0.063004  -0.071423  -0.061970  0.997940  0.016599  0.072322  -0.012098  0.997308  0.000319  0.000125  -0.000390  0.000000  0.000000  0.000000  2.000000  
61.895324 0.005279  0.097435  0.008478  0.995454  0.063004  -0.071423  -0.061970  0.997940  0.016599  0.072322  -0.012098  0.997308  0.000378  0.000160  -0.000329  0.000000  0.000000  0.000000  2.000000  
61.896324 0.005280  0.097435  0.008478  0.995454  0.063004  -0.071423  -0.061970  0.997940  0.016599  0.072322  -0.012098  0.997308  0.000393  0.000194  -0.000278  0.000000  0.000000  0.000000  2.000000  
61.897576 0.005281  0.097437  0.008478  0.995454  0.063004  -0.071423  -0.061970  0.997940  0.016599  0.072322  -0.012098  0.997308  0.000407  0.000265  -0.000148  0.000000  0.000000  0.000000  2.000000  
61.898584 0.005281  0.097437  0.008478  0.995454  0.063004  -0.071423  -0.061970  0.997940  0.016599  0.072322  -0.012098  0.997308  0.000406  0.000265  -0.000148  0.000000  0.000000  0.000000  2.000000  
61.899826 0.005281  0.097437  0.008478  0.995454  0.063004  -0.071423  -0.061970  0.997940  0.016599  0.072322  -0.012098  0.997308  0.000398  0.000274  -0.000121  0.000000  0.000000  0.000000  2.000000  
61.901086 0.005282  0.097438  0.008478  0.995454  0.063004  -0.071423  -0.061970  0.997940  0.016599  0.072322  -0.012098  0.997308  0.000427  0.000304  -0.000099  0.000000  0.000000  0.000000  2.000000  
61.902368 0.005282  0.097438  0.008478  0.995454  0.063004  -0.071423  -0.061970  0.997940  0.016599  0.072322  -0.012098  0.997308  0.000426  0.000303  -0.000099  0.000000  0.000000  0.000000  2.000000  
61.903596 0.005282  0.097438  0.008477  0.995454  0.063004  -0.071423  -0.061970  0.997940  0.016599  0.072322  -0.012098  0.997308  0.000442  0.000299  -0.000129  0.000000  0.000000  0.000000  2.000000  
61.904822 0.005283  0.097438  0.008477  0.995454  0.063004  -0.071423  -0.061970  0.997940  0.016599  0.072322  -0.012098  0.997308  0.000428  0.000317  -0.000139  0.000000  0.000000  0.000000  2.000000  
61.905822 0.005283  0.097438  0.008477  0.995454  0.063004  -0.071423  -0.061970  0.997940  0.016599  0.072322  -0.012098  0.997308  0.000436  0.000322  -0.000141  0.000000  0.000000  0.000000  2.000000  
61.907074 0.005284  0.097438  0.008477  0.995454  0.063004  -0.071423  -0.061970  0.997940  0.016599  0.072322  -0.012098  0.997308  0.000428  0.000317  -0.000139  0.000000  0.000000  0.000000  2.000000  
61.908319 0.005285  0.097438  0.008477  0.995454  0.063004  -0.071423  -0.061970  0.997940  0.016599  0.072322  -0.012098  0.997308  0.000436  0.000295  -0.000127  0.000000  0.000000  0.000000  2.000000  
61.909320 0.005285  0.097439  0.008477  0.995454  0.063004  -0.071423  -0.061970  0.997940  0.016599  0.072322  -0.012098  0.997308  0.000428  0.000277  -0.000086  0.000000  0.000000  0.000000  2.000000  
61.910328 0.005286  0.097439  0.008477  0.995454  0.063004  -0.071423  -0.061970  0.997940  0.016599  0.072322  -0.012098  0.997308  0.000435  0.000282  -0.000087  0.000000  0.000000  0.000000  2.000000  
61.911578 0.005286  0.097439  0.008477  0.995454  0.063004  -0.071423  -0.061970  0.997940  0.016599  0.072322  -0.012098  0.997308  0.000390  0.000177  -0.000107  0.000000  0.000000  0.000000  2.000000  
61.912824 0.005287  0.097439  0.008476  0.995454  0.062995  -0.071431  -0.061970  0.997942  0.016478  0.072322  -0.011977  0.997309  0.000398  0.000170  -0.000134  0.000000  0.000000  0.000000  2.000000  
61.913826 0.005287  0.097439  0.008476  0.995454  0.062995  -0.071431  -0.061970  0.997942  0.016478  0.072322  -0.011977  0.997309  0.000390  0.000099  -0.000134  0.000000  0.000000  0.000000  2.000000  
61.915075 0.005287  0.097439  0.008476  0.995454  0.062995  -0.071431  -0.061970  0.997942  0.016478  0.072322  -0.011977  0.997309  0.000369  0.000063  -0.000183  0.000000  0.000000  0.000000  2.000000  
61.916324 0.005288  0.097438  0.008475  0.995454  0.062995  -0.071431  -0.061970  0.997942  0.016478  0.072322  -0.011977  0.997309  0.000376  0.000041  -0.000171  0.000000  0.000000  0.000000  2.000000  
61.917576 0.005288  0.097438  0.008475  0.995454  0.062995  -0.071431  -0.061970  0.997942  0.016478  0.072322  -0.011977  0.997309  0.000391  0.000037  -0.000200  0.000000  0.000000  0.000000  2.000000  
61.918577 0.005288  0.097438  0.008475  0.995454  0.062995  -0.071431  -0.061970  0.997942  0.016478  0.072322  -0.011977  0.997309  0.000383  0.000020  -0.000159  0.000000  0.000000  0.000000  2.000000  
61.919821 0.005288  0.097438  0.008474  0.995454  0.062995  -0.071431  -0.061970  0.997942  0.016478  0.072322  -0.011977  0.997309  0.000354  -0.000010  -0.000180  0.000000  0.000000  0.000000  2.000000  
61.920822 0.005289  0.097438  0.008474  0.995454  0.062995  -0.071431  -0.061970  0.997942  0.016478  0.072322  -0.011977  0.997309  0.000360  -0.000010  -0.000183  0.000000  0.000000  0.000000  2.000000  
61.922070 0.005289  0.097437  0.008474  0.995454  0.062995  -0.071431  -0.061970  0.997942  0.016478  0.072322  -0.011977  0.997309  0.000332  -0.000061  -0.000190  0.000000  0.000000  0.000000  2.000000  
61.923070 0.005289  0.097437  0.008474  0.995442  0.063201  -0.071427  -0.062175  0.997929  0.016493  0.072322  -0.011977  0.997309  0.000297  -0.000069  -0.000223  0.000000  0.000000  0.000000  2.000000  
61.924073 0.005289  0.097437  0.008473  0.995442  0.063201  -0.071427  -0.062175  0.997929  0.016493  0.072322  -0.011977  0.997309  0.000279  -0.000122  -0.000237  0.000000  0.000000  0.000000  2.000000  
61.925320 0.005290  0.097437  0.008473  0.995442  0.063201  -0.071427  -0.062175  0.997929  0.016493  0.072322  -0.011977  0.997309  0.000253  -0.000172  -0.000243  0.000000  0.000000  0.000000  2.000000  
61.926321 0.005290  0.097437  0.008473  0.995442  0.063201  -0.071427  -0.062175  0.997929  0.016493  0.072322  -0.011977  0.997309  0.000231  -0.000146  -0.000226  0.000000  0.000000  0.000000  2.000000  
61.927328 0.005290  0.097436  0.008473  0.995442  0.063201  -0.071427  -0.062175  0.997929  0.016493  0.072322  -0.011977  0.997309  0.000209  -0.000197  -0.000235  0.000000  0.000000  0.000000  2.000000  
61.928577 0.005290  0.097436  0.008473  0.995442  0.063201  -0.071427  -0.062175  0.997929  0.016493  0.072322  -0.011977  0.997309  0.000195  -0.000193  -0.000206  0.000000  0.000000  0.000000  2.000000  
61.929577 0.005290  0.097436  0.008473  0.995429  0.063406  -0.071424  -0.062380  0.997916  0.016508  0.072322  -0.011977  0.997309  0.000187  -0.000211  -0.000166  0.000000  0.000000  0.000000  2.000000  
61.930587 0.005290  0.097435  0.008473  0.995429  0.063406  -0.071424  -0.062380  0.997916  0.016508  0.072322  -0.011977  0.997309  0.000190  -0.000215  -0.000168  0.000000  0.000000  0.000000  2.000000  
61.931824 0.005291  0.097435  0.008473  0.995429  0.063406  -0.071424  -0.062380  0.997916  0.016508  0.072322  -0.011977  0.997309  0.000182  -0.000233  -0.000127  0.000000  0.000000  0.000000  2.000000  
61.933074 0.005290  0.097434  0.008473  0.995429  0.063406  -0.071424  -0.062380  0.997916  0.016508  0.072322  -0.011977  0.997309  0.000131  -0.000237  -0.000131  0.000000  0.000000  0.000000  2.000000  
61.934324 0.005290  0.097434  0.008473  0.995416  0.063612  -0.071421  -0.062585  0.997903  0.016522  0.072322  -0.011977  0.997309  0.000123  -0.000255  -0.000090  0.000000  0.000000  0.000000  2.000000  
61.935633 0.005290  0.097434  0.008473  0.995416  0.063612  -0.071421  -0.062585  0.997903  0.016522  0.072322  -0.011977  0.997309  0.000115  -0.000272  -0.000048  0.000000  0.000000  0.000000  2.000000  
61.936824 0.005290  0.097433  0.008473  0.995416  0.063612  -0.071421  -0.062585  0.997903  0.016522  0.072322  -0.011977  0.997309  0.000071  -0.000299  -0.000041  0.000000  0.000000  0.000000  2.000000  
61.938070 0.005290  0.097432  0.008472  0.995403  0.063817  -0.071417  -0.062790  0.997890  0.016537  0.072322  -0.011977  0.997309  0.000063  -0.000349  -0.000079  0.000000  0.000000  0.000000  2.000000  
61.939070 0.005290  0.097431  0.008472  0.995403  0.063817  -0.071417  -0.062790  0.997890  0.016537  0.072322  -0.011977  0.997309  0.000019  -0.000375  -0.000071  0.000000  0.000000  0.000000  2.000000  
61.940072 0.005290  0.097431  0.008473  0.995403  0.063817  -0.071417  -0.062790  0.997890  0.016537  0.072322  -0.011977  0.997309  0.000005  -0.000377  -0.000043  0.000000  0.000000  0.000000  2.000000  
61.941077 0.005289  0.097430  0.008472  0.995403  0.063817  -0.071417  -0.062790  0.997890  0.016537  0.072322  -0.011977  0.997309  -0.000017  -0.000429  -0.000053  0.000000  0.000000  0.000000  2.000000  
61.942321 0.005289  0.097429  0.008472  0.995390  0.064023  -0.071414  -0.062995  0.997877  0.016552  0.072322  -0.011977  0.997309  -0.000061  -0.000448  -0.000045  0.000000  0.000000  0.000000  2.000000  
61.943326 0.005289  0.097428  0.008472  0.995390  0.064023  -0.071414  -0.062995  0.997877  0.016552  0.072322  -0.011977  0.997309  -0.000083  -0.000499  -0.000054  0.000000  0.000000  0.000000  2.000000  
61.944344 0.005289  0.097428  0.008472  0.995380  0.064024  -0.071547  -0.062994  0.997876  0.016560  0.072455  -0.011977  0.997300  -0.000084  -0.000507  -0.000055  0.000000  0.000000  0.000000  2.000000  
61.945582 0.005289  0.097428  0.008473  0.995367  0.064230  -0.071544  -0.063199  0.997863  0.016575  0.072455  -0.011977  0.997300  -0.000097  -0.000495  -0.000025  0.000000  0.000000  0.000000  2.000000  
61.946589 0.005289  0.097427  0.008473  0.995367  0.064230  -0.071544  -0.063199  0.997863  0.016575  0.072455  -0.011977  0.997300  -0.000121  -0.000555  -0.000036  0.000000  0.000000  0.000000  2.000000  
61.947890 0.005289  0.097426  0.008472  0.995354  0.064444  -0.071532  -0.063404  0.997848  0.016711  0.072455  -0.012098  0.997298  -0.000099  -0.000579  -0.000053  0.000000  0.000000  0.000000  2.000000  
61.949074 0.005288  0.097425  0.008472  0.995354  0.064444  -0.071532  -0.063404  0.997848  0.016711  0.072455  -0.012098  0.997298  -0.000119  -0.000624  -0.000062  0.000000  0.000000  0.000000  2.000000  
61.950076 0.005288  0.097424  0.008472  0.995354  0.064444  -0.071532  -0.063404  0.997848  0.016711  0.072455  -0.012098  0.997298  -0.000136  -0.000668  -0.000114  0.000000  0.000000  0.000000  2.000000  
61.951076 0.005288  0.097423  0.008472  0.995341  0.064649  -0.071529  -0.063609  0.997835  0.016725  0.072455  -0.012098  0.997298  -0.000129  -0.000690  -0.000102  0.000000  0.000000  0.000000  2.000000  
61.952389 0.005288  0.097422  0.008471  0.995341  0.064649  -0.071529  -0.063609  0.997835  0.016725  0.072455  -0.012098  0.997298  -0.000157  -0.000717  -0.000123  0.000000  0.000000  0.000000  2.000000  
61.953587 0.005287  0.097420  0.008471  0.995341  0.064649  -0.071529  -0.063609  0.997835  0.016725  0.072455  -0.012098  0.997298  -0.000180  -0.000772  -0.000134  0.000000  0.000000  0.000000  2.000000  
61.954592 0.005287  0.097420  0.008471  0.995328  0.064855  -0.071525  -0.063814  0.997821  0.016740  0.072455  -0.012098  0.997298  -0.000180  -0.000772  -0.000133  0.000000  0.000000  0.000000  2.000000  
61.955823 0.005287  0.097419  0.008470  0.995328  0.064855  -0.071525  -0.063814  0.997821  0.016740  0.072455  -0.012098  0.997298  -0.000177  -0.000760  -0.000131  0.000000  0.000000  0.000000  2.000000  
61.956826 0.005286  0.097418  0.008470  0.995328  0.064855  -0.071525  -0.063814  0.997821  0.016740  0.072455  -0.012098  0.997298  -0.000171  -0.000782  -0.000120  0.000000  0.000000  0.000000  2.000000  
61.958071 0.005286  0.097417  0.008470  0.995315  0.065060  -0.071522  -0.064019  0.997808  0.016755  0.072455  -0.012098  0.997298  -0.000166  -0.000777  -0.000163  0.000000  0.000000  0.000000  2.000000  
61.959075 0.005286  0.097417  0.008470  0.995315  0.065060  -0.071522  -0.064019  0.997808  0.016755  0.072455  -0.012098  0.997298  -0.000163  -0.000764  -0.000160  0.000000  0.000000  0.000000  2.000000  
61.960077 0.005286  0.097416  0.008470  0.995292  0.065267  -0.071652  -0.064223  0.997795  0.016778  0.072589  -0.012097  0.997289  -0.000195  -0.000807  -0.000185  0.000000  0.000000  0.000000  2.000000  
61.961327 0.005286  0.097415  0.008469  0.995292  0.065267  -0.071652  -0.064223  0.997795  0.016778  0.072589  -0.012097  0.997289  -0.000187  -0.000790  -0.000227  0.000000  0.000000  0.000000  2.000000  
61.962589 0.005286  0.097414  0.008469  0.995292  0.065267  -0.071652  -0.064223  0.997795  0.016778  0.072589  -0.012097  0.997289  -0.000203  -0.000788  -0.000198  0.000000  0.000000  0.000000  2.000000  
61.963825 0.005285  0.097414  0.008469  0.995279  0.065472  -0.071648  -0.064428  0.997781  0.016793  0.072589  -0.012097  0.997289  -0.000216  -0.000740  -0.000221  0.000000  0.000000  0.000000  2.000000  
61.965076 0.005285  0.097413  0.008469  0.995279  0.065472  -0.071648  -0.064428  0.997781  0.016793  0.072589  -0.012097  0.997289  -0.000238  -0.000714  -0.000204  0.000000  0.000000  0.000000  2.000000  
61.966324 0.005285  0.097412  0.008469  0.995266  0.065678  -0.071645  -0.064633  0.997768  0.016808  0.072589  -0.012097  0.997289  -0.000234  -0.000702  -0.000200  0.000000  0.000000  0.000000  2.000000  
61.967571 0.005284  0.097412  0.008469  0.995266  0.065678  -0.071645  -0.064633  0.997768  0.016808  0.072589  -0.012097  0.997289  -0.000241  -0.000643  -0.000133  0.000000  0.000000  0.000000  2.000000  
61.968575 0.005284  0.097412  0.008469  0.995252  0.065883  -0.071641  -0.064838  0.997754  0.016822  0.072589  -0.012097  0.997289  -0.000220  -0.000592  -0.000123  0.000000  0.000000  0.000000  2.000000  
61.969822 0.005284  0.097411  0.008469  0.995252  0.065883  -0.071641  -0.064838  0.997754  0.016822  0.072589  -0.012097  0.997289  -0.000219  -0.000591  -0.000123  0.000000  0.000000  0.000000  2.000000  
61.971079 0.005283  0.097410  0.008469  0.995239  0.066089  -0.071638  -0.065043  0.997740  0.016837  0.072589  -0.012097  0.997289  -0.000252  -0.000552  -0.000120  0.000000  0.000000  0.000000  2.000000  
61.972323 0.005283  0.097410  0.008469  0.995229  0.066082  -0.071779  -0.065042  0.997742  0.016725  0.072722  -0.011976  0.997280  -0.000245  -0.000496  -0.000081  0.000000  0.000000  0.000000  2.000000  
61.973584 0.005283  0.097410  0.008469  0.995216  0.066287  -0.071776  -0.065247  0.997729  0.016740  0.072722  -0.011976  0.997280  -0.000229  -0.000422  -0.000083  0.000000  0.000000  0.000000  2.000000  
61.974821 0.005283  0.097411  0.008469  0.995216  0.066287  -0.071776  -0.065247  0.997729  0.016740  0.072722  -0.011976  0.997280  -0.000229  -0.000343  -0.000056  0.000000  0.000000  0.000000  2.000000  
61.976076 0.005283  0.097411  0.008469  0.995202  0.066492  -0.071772  -0.065452  0.997715  0.016754  0.072722  -0.011976  0.997280  -0.000211  -0.000304  -0.000004  0.000000  0.000000  0.000000  2.000000  
61.977081 0.005282  0.097411  0.008470  0.995202  0.066492  -0.071772  -0.065452  0.997715  0.016754  0.072722  -0.011976  0.997280  -0.000204  -0.000249  0.000034  0.000000  0.000000  0.000000  2.000000  
61.978324 0.005283  0.097412  0.008470  0.995189  0.066698  -0.071769  -0.065657  0.997701  0.016769  0.072722  -0.011976  0.997280  -0.000175  -0.000142  0.000082  0.000000  0.000000  0.000000  2.000000  
61.979324 0.005282  0.097412  0.008471  0.995189  0.066698  -0.071769  -0.065657  0.997701  0.016769  0.072722  -0.011976  0.997280  -0.000196  -0.000116  0.000099  0.000000  0.000000  0.000000  2.000000  
61.980324 0.005282  0.097412  0.008471  0.995175  0.066903  -0.071765  -0.065862  0.997688  0.016784  0.072722  -0.011976  0.997280  -0.000174  -0.000064  0.000109  0.000000  0.000000  0.000000  2.000000  
61.981324 0.005283  0.097412  0.008471  0.995166  0.066905  -0.071898  -0.065861  0.997687  0.016793  0.072856  -0.011976  0.997271  -0.000133  -0.000001  0.000184  0.000000  0.000000  0.000000  2.000000  
61.982579 0.005282  0.097413  0.008472  0.995152  0.067110  -0.071895  -0.066066  0.997674  0.016807  0.072856  -0.011976  0.997271  -0.000118  0.000073  0.000182  0.000000  0.000000  0.000000  2.000000  
61.983587 0.005283  0.097413  0.008472  0.995152  0.067110  -0.071895  -0.066066  0.997674  0.016807  0.072856  -0.011976  0.997271  -0.000059  0.000133  0.000225  0.000000  0.000000  0.000000  2.000000  
61.984822 0.005282  0.097413  0.008472  0.995138  0.067315  -0.071892  -0.066271  0.997660  0.016822  0.072856  -0.011976  0.997271  -0.000080  0.000157  0.000239  0.000000  0.000000  0.000000  2.000000  
61.986073 0.005283  0.097414  0.008473  0.995115  0.067522  -0.072021  -0.066475  0.997646  0.016846  0.072989  -0.011976  0.997261  -0.000029  0.000238  0.000270  0.000000  0.000000  0.000000  2.000000  
61.987075 0.005283  0.097414  0.008473  0.995115  0.067522  -0.072021  -0.066475  0.997646  0.016846  0.072989  -0.011976  0.997261  -0.000001  0.000272  0.000297  0.000000  0.000000  0.000000  2.000000  
61.988324 0.005283  0.097415  0.008474  0.995101  0.067728  -0.072018  -0.066680  0.997632  0.016861  0.072989  -0.011976  0.997261  0.000007  0.000329  0.000336  0.000000  0.000000  0.000000  2.000000  
61.989575 0.005283  0.097416  0.008474  0.995101  0.067728  -0.072018  -0.066680  0.997632  0.016861  0.072989  -0.011976  0.997261  0.000036  0.000353  0.000352  0.000000  0.000000  0.000000  2.000000  
61.990824 0.005283  0.097417  0.008475  0.995078  0.067935  -0.072147  -0.066884  0.997618  0.016885  0.073123  -0.011976  0.997251  0.000051  0.000393  0.000409  0.000000  0.000000  0.000000  2.000000  
61.991828 0.005284  0.097417  0.008475  0.995064  0.068140  -0.072144  -0.067089  0.997604  0.016899  0.073123  -0.011976  0.997251  0.000086  0.000434  0.000383  0.000000  0.000000  0.000000  2.000000  
61.993073 0.005284  0.097417  0.008476  0.995064  0.068140  -0.072144  -0.067089  0.997604  0.016899  0.073123  -0.011976  0.997251  0.000093  0.000412  0.000395  0.000000  0.000000  0.000000  2.000000  
61.994076 0.005284  0.097418  0.008476  0.995040  0.068347  -0.072274  -0.067293  0.997590  0.016923  0.073256  -0.011976  0.997241  0.000072  0.000438  0.000412  0.000000  0.000000  0.000000  2.000000  
61.995324 0.005284  0.097419  0.008477  0.995026  0.068553  -0.072270  -0.067498  0.997576  0.016938  0.073256  -0.011976  0.997241  0.000101  0.000467  0.000433  0.000000  0.000000  0.000000  2.000000  
61.996324 0.005284  0.097419  0.008477  0.995026  0.068553  -0.072270  -0.067498  0.997576  0.016938  0.073256  -0.011976  0.997241  0.000081  0.000463  0.000377  0.000000  0.000000  0.000000  2.000000  
61.997572 0.005284  0.097420  0.008478  0.995003  0.068760  -0.072400  -0.067702  0.997561  0.016962  0.073389  -0.011976  0.997231  0.000115  0.000463  0.000405  0.000000  0.000000  0.000000  2.000000  
61.998573 0.005284  0.097420  0.008478  0.995003  0.068760  -0.072400  -0.067702  0.997561  0.016962  0.073389  -0.011976  0.997231  0.000086  0.000434  0.000383  0.000000  0.000000  0.000000  2.000000  
61.999822 0.005284  0.097420  0.008478  0.994979  0.068967  -0.072529  -0.067906  0.997547  0.016986  0.073523  -0.011976  0.997222  0.000081  0.000463  0.000377  0.000000  0.000000  0.000000  2.000000  
62.000825 0.005285  0.097421  0.008479  0.994965  0.069172  -0.072526  -0.068111  0.997533  0.017001  0.073523  -0.011976  0.997222  0.000132  0.000467  0.000382  0.000000  0.000000  0.000000  2.000000  
62.002071 0.005284  0.097421  0.008479  0.994951  0.069377  -0.072522  -0.068316  0.997519  0.017016  0.073523  -0.011976  0.997222  0.000079  0.000455  0.000371  0.000000  0.000000  0.000000  2.000000  
62.003074 0.005285  0.097422  0.008479  0.994941  0.069379  -0.072655  -0.068315  0.997519  0.017025  0.073656  -0.011975  0.997212  0.000103  0.000437  0.000360  0.000000  0.000000  0.000000  2.000000  
62.004322 0.005284  0.097422  0.008480  0.994927  0.069584  -0.072652  -0.068520  0.997504  0.017040  0.073656  -0.011975  0.997212  0.000080  0.000384  0.000350  0.000000  0.000000  0.000000  2.000000  
62.005570 0.005284  0.097422  0.008480  0.994903  0.069791  -0.072782  -0.068724  0.997490  0.017064  0.073790  -0.011975  0.997202  0.000065  0.000344  0.000294  0.000000  0.000000  0.000000  2.000000  
62.006570 0.005285  0.097422  0.008480  0.994903  0.069791  -0.072782  -0.068724  0.997490  0.017064  0.073790  -0.011975  0.997202  0.000094  0.000374  0.000315  0.000000  0.000000  0.000000  2.000000  
62.007578 0.005285  0.097422  0.008480  0.994879  0.069998  -0.072911  -0.068928  0.997475  0.017088  0.073923  -0.011975  0.997192  0.000081  0.000346  0.000269  0.000000  0.000000  0.000000  2.000000  
62.008829 0.005285  0.097422  0.008480  0.994865  0.070203  -0.072908  -0.069133  0.997461  0.017103  0.073923  -0.011975  0.997192  0.000072  0.000285  0.000226  0.000000  0.000000  0.000000  2.000000  
62.010074 0.005285  0.097422  0.008480  0.994841  0.070410  -0.073037  -0.069337  0.997446  0.017128  0.074057  -0.011975  0.997182  0.000058  0.000251  0.000176  0.000000  0.000000  0.000000  2.000000  
62.011078 0.005285  0.097423  0.008480  0.994841  0.070410  -0.073037  -0.069337  0.997446  0.017128  0.074057  -0.011975  0.997182  0.000095  0.000263  0.000213  0.000000  0.000000  0.000000  2.000000  
62.012324 0.005285  0.097423  0.008480  0.994816  0.070617  -0.073167  -0.069541  0.997432  0.017152  0.074190  -0.011975  0.997172  0.000081  0.000229  0.000161  0.000000  0.000000  0.000000  2.000000  
62.013587 0.005286  0.097423  0.008480  0.994802  0.070823  -0.073163  -0.069746  0.997417  0.017167  0.074190  -0.011975  0.997172  0.000110  0.000259  0.000183  0.000000  0.000000  0.000000  2.000000  
62.014821 0.005286  0.097424  0.008481  0.994778  0.071030  -0.073293  -0.069950  0.997402  0.017192  0.074323  -0.011975  0.997162  0.000122  0.000211  0.000204  0.000000  0.000000  0.000000  2.000000  
62.015824 0.005286  0.097424  0.008481  0.994763  0.071235  -0.073289  -0.070155  0.997388  0.017207  0.074323  -0.011975  0.997162  0.000093  0.000182  0.000183  0.000000  0.000000  0.000000  2.000000  
62.017074 0.005286  0.097424  0.008482  0.994739  0.071442  -0.073419  -0.070359  0.997373  0.017231  0.074457  -0.011975  0.997152  0.000146  0.000189  0.000190  0.000000  0.000000  0.000000  2.000000  
