1-Time 2-Px 3-Py 4-Pz 5-R11 6-R21 7-R31 8-R12 9-R22 10-R32 11-R13 12-R23 13-R33 14-Vx 15-Vy 16-Vz 17-Wx 18-Wy 19-Wz 20-state 21-PR11 22-PR21 23-PR31 24-PR12 25-PR22 26-PR32 27-PR13 28-PR23 29-PR33 
23.697508 0.001052  0.091950  0.007052  0.999367  0.030443  -0.018420  -0.030253  0.999487  0.010508  0.018731  -0.009944  0.999775  0.001881  -0.000768  -0.004709  -0.047415  -0.255410  -0.311449  2.000000  
23.698512 0.001054  0.091949  0.007047  0.999384  0.030029  -0.018157  -0.029842  0.999500  0.010493  0.018463  -0.009944  0.999780  0.001907  -0.000816  -0.004714  -0.047564  -0.257568  -0.307077  2.000000  
23.699761 0.001056  0.091946  0.007040  0.999395  0.029821  -0.017892  -0.029636  0.999506  0.010481  0.018196  -0.009945  0.999785  0.001878  -0.001024  -0.004793  -0.043241  -0.253204  -0.300148  2.000000  
23.700762 0.001057  0.091942  0.007034  0.999412  0.029406  -0.017629  -0.029225  0.999518  0.010466  0.017928  -0.009945  0.999790  0.001847  -0.001228  -0.004854  -0.043166  -0.253233  -0.300184  2.000000  
23.701770 0.001059  0.091938  0.007029  0.999420  0.029199  -0.017497  -0.029019  0.999524  0.010458  0.017794  -0.009945  0.999792  0.001852  -0.001427  -0.004882  -0.038860  -0.248695  -0.293050  2.000000  
23.703012 0.001061  0.091934  0.007022  0.999431  0.028991  -0.017232  -0.028814  0.999530  0.010447  0.017527  -0.009945  0.999797  0.001804  -0.001703  -0.004941  -0.038625  -0.244332  -0.286161  2.000000  
23.704022 0.001062  0.091929  0.007017  0.999448  0.028577  -0.016969  -0.028402  0.999542  0.010432  0.017259  -0.009945  0.999802  0.001799  -0.001955  -0.005003  -0.034461  -0.244265  -0.286049  2.000000  
23.705261 0.001064  0.091924  0.007009  0.999464  0.028162  -0.016706  -0.027991  0.999554  0.010418  0.016992  -0.009945  0.999806  0.001767  -0.002239  -0.005097  -0.034401  -0.244374  -0.286179  2.000000  
23.706263 0.001067  0.091920  0.007003  0.999472  0.027957  -0.016571  -0.027785  0.999558  0.010532  0.016858  -0.010066  0.999807  0.001771  -0.002473  -0.005201  -0.026047  -0.239933  -0.279197  2.000000  
23.707514 0.001069  0.091915  0.006996  0.999488  0.027543  -0.016308  -0.027374  0.999570  0.010518  0.016590  -0.010066  0.999812  0.001798  -0.002737  -0.005328  -0.025954  -0.235435  -0.279150  2.000000  
23.708765 0.001071  0.091910  0.006989  0.999509  0.026921  -0.016050  -0.026756  0.999588  0.010379  0.016323  -0.009945  0.999817  0.001763  -0.003017  -0.005414  -0.025996  -0.230880  -0.285967  2.000000  
23.709766 0.001073  0.091905  0.006983  0.999519  0.026713  -0.015785  -0.026551  0.999594  0.010369  0.016055  -0.009945  0.999822  0.001738  -0.003242  -0.005460  -0.025782  -0.230923  -0.279019  2.000000  
23.710774 0.001074  0.091901  0.006977  0.999534  0.026298  -0.015521  -0.026139  0.999605  0.010356  0.015788  -0.009945  0.999826  0.001736  -0.003454  -0.005578  -0.021761  -0.230819  -0.285860  2.000000  
23.712015 0.001075  0.091895  0.006969  0.999548  0.025884  -0.015258  -0.025728  0.999615  0.010342  0.015520  -0.009945  0.999830  0.001643  -0.003754  -0.005630  -0.021674  -0.226399  -0.285910  2.000000  
23.713264 0.001076  0.091888  0.006962  0.999563  0.025468  -0.014998  -0.025316  0.999627  0.010208  0.015252  -0.009824  0.999835  0.001542  -0.004111  -0.005721  -0.025686  -0.226522  -0.286030  2.000000  
23.714264 0.001076  0.091882  0.006956  0.999575  0.025055  -0.014869  -0.024905  0.999638  0.010198  0.015119  -0.009824  0.999837  0.001421  -0.004360  -0.005765  -0.021523  -0.217455  -0.285812  2.000000  
23.715264 0.001076  0.091876  0.006950  0.999585  0.024847  -0.014603  -0.024699  0.999643  0.010189  0.014851  -0.009824  0.999841  0.001304  -0.004532  -0.005784  -0.021447  -0.217453  -0.285810  2.000000  
23.716511 0.001075  0.091868  0.006943  0.999599  0.024431  -0.014343  -0.024288  0.999654  0.010055  0.014584  -0.009703  0.999847  0.001127  -0.004764  -0.005849  -0.025447  -0.217464  -0.285790  2.000000  
23.717517 0.001075  0.091862  0.006937  0.999606  0.024224  -0.014211  -0.024082  0.999659  0.010049  0.014450  -0.009703  0.999849  0.001003  -0.004911  -0.005875  -0.021314  -0.212988  -0.285736  2.000000  
23.718765 0.001075  0.091854  0.006930  0.999619  0.023809  -0.013948  -0.023671  0.999669  0.010037  0.014182  -0.009703  0.999852  0.000835  -0.005087  -0.005901  -0.021192  -0.211262  -0.290377  2.000000  
23.720015 0.001074  0.091846  0.006922  0.999633  0.023395  -0.013684  -0.023259  0.999679  0.010025  0.013915  -0.009703  0.999856  0.000660  -0.005233  -0.005931  -0.021280  -0.212914  -0.292649  2.000000  
23.721019 0.001073  0.091840  0.006915  0.999639  0.023188  -0.013553  -0.023053  0.999684  0.010019  0.013781  -0.009703  0.999858  0.000462  -0.005432  -0.005973  -0.021219  -0.208388  -0.292563  2.000000  
23.722264 0.001073  0.091832  0.006907  0.999648  0.022980  -0.013287  -0.022848  0.999689  0.010010  0.013513  -0.009703  0.999862  0.000251  -0.005590  -0.006042  -0.016954  -0.208526  -0.285706  2.000000  
23.723525 0.001072  0.091825  0.006898  0.999661  0.022566  -0.013024  -0.022436  0.999698  0.009998  0.013246  -0.009703  0.999865  0.000085  -0.005718  -0.006113  -0.016985  -0.208377  -0.292512  2.000000  
23.724766 0.001071  0.091818  0.006889  0.999667  0.022358  -0.012892  -0.022230  0.999703  0.009993  0.013112  -0.009703  0.999867  -0.000100  -0.005802  -0.006229  -0.016818  -0.203990  -0.285609  2.000000  
23.726012 0.001069  0.091811  0.006881  0.999675  0.022150  -0.012627  -0.022025  0.999708  0.009984  0.012844  -0.009703  0.999870  -0.000364  -0.005935  -0.006313  -0.016745  -0.204017  -0.285648  2.000000  
23.727266 0.001067  0.091803  0.006872  0.999681  0.021943  -0.012495  -0.021819  0.999712  0.009979  0.012711  -0.009703  0.999872  -0.000583  -0.006050  -0.006389  -0.012611  -0.199530  -0.285581  2.000000  
23.728513 0.001065  0.091796  0.006864  0.999689  0.021734  -0.012230  -0.021613  0.999717  0.009970  0.012443  -0.009703  0.999876  -0.000764  -0.006073  -0.006437  -0.012434  -0.199682  -0.278782  2.000000  
23.729514 0.001063  0.091791  0.006858  0.999691  0.021733  -0.012096  -0.021613  0.999717  0.009967  0.012309  -0.009703  0.999877  -0.000902  -0.006007  -0.006437  -0.012270  -0.195208  -0.271758  2.000000  
23.730525 0.001061  0.091785  0.006852  0.999698  0.021523  -0.011833  -0.021407  0.999722  0.009838  0.012042  -0.009582  0.999882  -0.001015  -0.005957  -0.006462  -0.016165  -0.195219  -0.264730  2.000000  
23.731765 0.001059  0.091778  0.006845  0.999704  0.021316  -0.011701  -0.021202  0.999727  0.009833  0.011908  -0.009582  0.999883  -0.001121  -0.005873  -0.006430  -0.016006  -0.193730  -0.262710  2.000000  
23.733013 0.001056  0.091771  0.006838  0.999706  0.021315  -0.011568  -0.021202  0.999727  0.009830  0.011774  -0.009582  0.999885  -0.001294  -0.005855  -0.006432  -0.015865  -0.186455  -0.250934  2.000000  
23.734019 0.001054  0.091766  0.006832  0.999712  0.021108  -0.011436  -0.020996  0.999731  0.009825  0.011640  -0.009582  0.999886  -0.001408  -0.005750  -0.006403  -0.015701  -0.184920  -0.248869  2.000000  
23.735262 0.001051  0.091760  0.006825  0.999713  0.021107  -0.011302  -0.020996  0.999731  0.009822  0.011506  -0.009582  0.999888  -0.001505  -0.005601  -0.006364  -0.019663  -0.182090  -0.237079  2.000000  
23.736515 0.001048  0.091754  0.006817  0.999715  0.021105  -0.011168  -0.020996  0.999731  0.009819  0.011373  -0.009582  0.999889  -0.001663  -0.005540  -0.006305  -0.019418  -0.177693  -0.223152  2.000000  
23.737515 0.001046  0.091749  0.006811  0.999721  0.020898  -0.011037  -0.020790  0.999736  0.009814  0.011239  -0.009582  0.999891  -0.001777  -0.005458  -0.006256  -0.019277  -0.173260  -0.216184  2.000000  
23.738523 0.001044  0.091744  0.006805  0.999722  0.020897  -0.010903  -0.020790  0.999736  0.009811  0.011105  -0.009582  0.999892  -0.001864  -0.005400  -0.006211  -0.014980  -0.173384  -0.202310  2.000000  
23.739764 0.001041  0.091738  0.006798  0.999724  0.020896  -0.010769  -0.020790  0.999736  0.009808  0.010971  -0.009582  0.999894  -0.001984  -0.005337  -0.006123  -0.014727  -0.167606  -0.193789  2.000000  
23.740769 0.001039  0.091733  0.006791  0.999725  0.020894  -0.010635  -0.020790  0.999736  0.009806  0.010837  -0.009582  0.999895  -0.002069  -0.005252  -0.006053  -0.014507  -0.163296  -0.180040  2.000000  
23.742015 0.001035  0.091727  0.006783  0.999728  0.020892  -0.010368  -0.020790  0.999736  0.009800  0.010570  -0.009582  0.999898  -0.002200  -0.005205  -0.006059  0.000000  0.000000  0.000000  2.000000  
23.743260 0.001031  0.091721  0.006775  0.999729  0.020889  -0.010237  -0.020790  0.999737  0.009676  0.010436  -0.009461  0.999901  -0.002292  -0.005142  -0.006117  0.000000  0.000000  0.000000  2.000000  
23.744269 0.001028  0.091716  0.006768  0.999731  0.020888  -0.010103  -0.020790  0.999737  0.009673  0.010302  -0.009461  0.999902  -0.002359  -0.005039  -0.006119  0.000000  0.000000  0.000000  2.000000  
23.745512 0.001024  0.091711  0.006760  0.999732  0.020887  -0.009969  -0.020790  0.999737  0.009670  0.010169  -0.009461  0.999904  -0.002435  -0.004953  -0.006133  0.000000  0.000000  0.000000  2.000000  
23.746525 0.001021  0.091706  0.006753  0.999729  0.021091  -0.009833  -0.020996  0.999733  0.009670  0.010035  -0.009461  0.999905  -0.002518  -0.004911  -0.006258  0.000000  0.000000  0.000000  2.000000  
23.747762 0.001017  0.091700  0.006744  0.999731  0.021090  -0.009700  -0.020996  0.999733  0.009667  0.009901  -0.009461  0.999906  -0.002642  -0.004861  -0.006349  0.000000  0.000000  0.000000  2.000000  
23.748772 0.001014  0.091696  0.006737  0.999731  0.021090  -0.009700  -0.020996  0.999733  0.009667  0.009901  -0.009461  0.999906  -0.002685  -0.004764  -0.006414  0.000000  0.000000  0.000000  2.000000  
23.750016 0.001010  0.091690  0.006729  0.999732  0.021089  -0.009566  -0.020996  0.999733  0.009664  0.009767  -0.009461  0.999908  -0.002815  -0.004750  -0.006495  0.000000  0.000000  0.000000  2.000000  
23.751266 0.001006  0.091685  0.006721  0.999733  0.021087  -0.009432  -0.020996  0.999733  0.009661  0.009633  -0.009461  0.999909  -0.002885  -0.004683  -0.006535  0.000000  0.000000  0.000000  2.000000  
23.752273 0.001002  0.091680  0.006715  0.999733  0.021087  -0.009432  -0.020996  0.999733  0.009661  0.009633  -0.009461  0.999909  -0.002986  -0.004680  -0.006539  0.000000  0.000000  0.000000  2.000000  
23.753278 0.000999  0.091675  0.006709  0.999730  0.021292  -0.009296  -0.021202  0.999729  0.009660  0.009500  -0.009461  0.999910  -0.003088  -0.004681  -0.006547  0.000000  0.000000  0.000000  2.000000  
23.754516 0.000993  0.091669  0.006701  0.999730  0.021292  -0.009296  -0.021202  0.999729  0.009660  0.009500  -0.009461  0.999910  -0.003243  -0.004682  -0.006560  0.000000  0.000000  0.000000  2.000000  
23.755767 0.000988  0.091663  0.006693  0.999731  0.021291  -0.009163  -0.021202  0.999729  0.009657  0.009366  -0.009461  0.999911  -0.003359  -0.004712  -0.006537  0.000000  0.000000  0.000000  2.000000  
23.756769 0.000984  0.091658  0.006687  0.999731  0.021291  -0.009163  -0.021202  0.999729  0.009657  0.009366  -0.009461  0.999911  -0.003425  -0.004671  -0.006510  0.000000  0.000000  0.000000  2.000000  
23.758011 0.000979  0.091651  0.006679  0.999731  0.021291  -0.009163  -0.021202  0.999729  0.009657  0.009366  -0.009461  0.999911  -0.003562  -0.004750  -0.006497  0.000000  0.000000  0.000000  2.000000  
23.759015 0.000974  0.091645  0.006672  0.999728  0.021495  -0.009027  -0.021408  0.999724  0.009656  0.009232  -0.009461  0.999913  -0.003683  -0.004813  -0.006491  0.000000  0.000000  0.000000  2.000000  
23.760267 0.000968  0.091638  0.006663  0.999728  0.021495  -0.009027  -0.021408  0.999724  0.009656  0.009232  -0.009461  0.999913  -0.003816  -0.004914  -0.006541  0.000000  0.000000  0.000000  2.000000  
23.761271 0.000963  0.091632  0.006656  0.999728  0.021495  -0.009027  -0.021408  0.999724  0.009656  0.009232  -0.009461  0.999913  -0.003954  -0.004984  -0.006519  0.000000  0.000000  0.000000  2.000000  
23.762527 0.000957  0.091625  0.006648  0.999729  0.021494  -0.008893  -0.021408  0.999724  0.009654  0.009098  -0.009461  0.999914  -0.004048  -0.005076  -0.006531  0.000000  0.000000  0.000000  2.000000  
23.763768 0.000951  0.091618  0.006639  0.999729  0.021494  -0.008893  -0.021408  0.999724  0.009654  0.009098  -0.009461  0.999914  -0.004194  -0.005186  -0.006574  0.000000  0.000000  0.000000  2.000000  
23.764793 0.000946  0.091612  0.006631  0.999725  0.021700  -0.008891  -0.021614  0.999720  0.009655  0.009098  -0.009461  0.999914  -0.004310  -0.005302  -0.006621  0.000000  0.000000  0.000000  2.000000  
23.766017 0.000940  0.091604  0.006622  0.999725  0.021700  -0.008891  -0.021614  0.999720  0.009655  0.009098  -0.009461  0.999914  -0.004493  -0.005460  -0.006666  0.000000  0.000000  0.000000  2.000000  
23.767262 0.000932  0.091595  0.006614  0.999725  0.021700  -0.008891  -0.021614  0.999720  0.009655  0.009098  -0.009461  0.999914  -0.004662  -0.005663  -0.006749  0.000000  0.000000  0.000000  2.000000  
23.768513 0.000925  0.091586  0.006605  0.999725  0.021700  -0.008891  -0.021614  0.999720  0.009655  0.009098  -0.009461  0.999914  -0.004854  -0.005875  -0.006833  0.000000  0.000000  0.000000  2.000000  
23.769514 0.000919  0.091579  0.006598  0.999725  0.021700  -0.008891  -0.021614  0.999720  0.009655  0.009098  -0.009461  0.999914  -0.004962  -0.006005  -0.006843  0.000000  0.000000  0.000000  2.000000  
23.770523 0.000913  0.091572  0.006592  0.999725  0.021700  -0.008891  -0.021614  0.999720  0.009655  0.009098  -0.009461  0.999914  -0.005092  -0.006166  -0.006893  0.000000  0.000000  0.000000  2.000000  
23.771767 0.000905  0.091562  0.006583  0.999721  0.021906  -0.008889  -0.021820  0.999715  0.009657  0.009098  -0.009461  0.999914  -0.005274  -0.006369  -0.006901  0.000000  0.000000  0.000000  2.000000  
23.773012 0.000897  0.091553  0.006575  0.999721  0.021906  -0.008889  -0.021820  0.999715  0.009657  0.009098  -0.009461  0.999914  -0.005426  -0.006534  -0.006926  0.000000  0.000000  0.000000  2.000000  
23.774263 0.000889  0.091544  0.006567  0.999721  0.021906  -0.008889  -0.021820  0.999715  0.009657  0.009098  -0.009461  0.999914  -0.005609  -0.006700  -0.006917  0.000000  0.000000  0.000000  2.000000  
23.775263 0.000882  0.091536  0.006560  0.999721  0.021906  -0.008889  -0.021820  0.999715  0.009657  0.009098  -0.009461  0.999914  -0.005728  -0.006816  -0.006893  0.000000  0.000000  0.000000  2.000000  
23.776514 0.000874  0.091527  0.006552  0.999719  0.021907  -0.009023  -0.021820  0.999715  0.009660  0.009232  -0.009461  0.999913  -0.005879  -0.006953  -0.006865  0.000000  0.000000  0.000000  2.000000  
23.777521 0.000868  0.091520  0.006544  0.999719  0.021907  -0.009023  -0.021820  0.999715  0.009660  0.009232  -0.009461  0.999913  -0.005978  -0.007051  -0.006886  0.000000  0.000000  0.000000  2.000000  
23.778525 0.000861  0.091512  0.006537  0.999715  0.022113  -0.009021  -0.022025  0.999711  0.009662  0.009232  -0.009461  0.999913  -0.006127  -0.007186  -0.006855  0.000000  0.000000  0.000000  2.000000  
23.779768 0.000851  0.091502  0.006528  0.999715  0.022113  -0.009021  -0.022025  0.999711  0.009662  0.009232  -0.009461  0.999913  -0.006323  -0.007338  -0.006868  0.000000  0.000000  0.000000  2.000000  
23.781015 0.000842  0.091491  0.006518  0.999715  0.022113  -0.009021  -0.022025  0.999711  0.009662  0.009232  -0.009461  0.999913  -0.006501  -0.007503  -0.006939  0.000000  0.000000  0.000000  2.000000  
23.782262 0.000832  0.091481  0.006508  0.999715  0.022113  -0.009021  -0.022025  0.999711  0.009662  0.009232  -0.009461  0.999913  -0.006664  -0.007630  -0.007010  0.000000  0.000000  0.000000  2.000000  
23.783263 0.000824  0.091472  0.006501  0.999715  0.022113  -0.009021  -0.022025  0.999711  0.009662  0.009232  -0.009461  0.999913  -0.006806  -0.007749  -0.007070  0.000000  0.000000  0.000000  2.000000  
23.784263 0.000817  0.091463  0.006493  0.999715  0.022113  -0.009021  -0.022025  0.999711  0.009662  0.009232  -0.009461  0.999913  -0.006931  -0.007833  -0.007115  0.000000  0.000000  0.000000  2.000000  
23.785516 0.000807  0.091453  0.006483  0.999715  0.022113  -0.009021  -0.022025  0.999711  0.009662  0.009232  -0.009461  0.999913  -0.007095  -0.007924  -0.007243  0.000000  0.000000  0.000000  2.000000  
23.786523 0.000799  0.091444  0.006475  0.999715  0.022113  -0.009021  -0.022025  0.999711  0.009662  0.009232  -0.009461  0.999913  -0.007200  -0.007995  -0.007320  0.000000  0.000000  0.000000  2.000000  
23.787761 0.000789  0.091433  0.006466  0.999715  0.022113  -0.009021  -0.022025  0.999711  0.009662  0.009232  -0.009461  0.999913  -0.007302  -0.008106  -0.007382  0.000000  0.000000  0.000000  2.000000  
23.788765 0.000782  0.091425  0.006458  0.999715  0.022114  -0.009018  -0.022025  0.999710  0.009783  0.009232  -0.009582  0.999911  -0.007398  -0.008187  -0.007494  0.000000  0.000000  0.000000  2.000000  
23.789765 0.000774  0.091417  0.006451  0.999715  0.022114  -0.009018  -0.022025  0.999710  0.009783  0.009232  -0.009582  0.999911  -0.007428  -0.008213  -0.007514  0.000000  0.000000  0.000000  2.000000  
23.791012 0.000765  0.091406  0.006441  0.999715  0.022114  -0.009018  -0.022025  0.999710  0.009783  0.009232  -0.009582  0.999911  -0.007531  -0.008296  -0.007583  0.000000  0.000000  0.000000  2.000000  
23.792015 0.000757  0.091398  0.006434  0.999715  0.022114  -0.009018  -0.022025  0.999710  0.009783  0.009232  -0.009582  0.999911  -0.007635  -0.008349  -0.007623  0.000000  0.000000  0.000000  2.000000  
23.793260 0.000747  0.091388  0.006424  0.999715  0.022114  -0.009018  -0.022025  0.999710  0.009783  0.009232  -0.009582  0.999911  -0.007660  -0.008381  -0.007678  0.000000  0.000000  0.000000  2.000000  
23.794266 0.000739  0.091379  0.006416  0.999715  0.022114  -0.009018  -0.022025  0.999710  0.009783  0.009232  -0.009582  0.999911  -0.007749  -0.008438  -0.007747  0.000000  0.000000  0.000000  2.000000  
23.795516 0.000730  0.091369  0.006406  0.999721  0.021907  -0.008887  -0.021820  0.999714  0.009779  0.009098  -0.009582  0.999913  -0.007723  -0.008406  -0.007726  0.000000  0.000000  0.000000  2.000000  
23.796765 0.000720  0.091359  0.006396  0.999721  0.021907  -0.008887  -0.021820  0.999714  0.009779  0.009098  -0.009582  0.999913  -0.007744  -0.008391  -0.007796  0.000000  0.000000  0.000000  2.000000  
23.798013 0.000710  0.091349  0.006386  0.999721  0.021907  -0.008887  -0.021820  0.999714  0.009779  0.009098  -0.009582  0.999913  -0.007751  -0.008389  -0.007797  0.000000  0.000000  0.000000  2.000000  
23.799014 0.000703  0.091341  0.006377  0.999721  0.021907  -0.008887  -0.021820  0.999714  0.009779  0.009098  -0.009582  0.999913  -0.007704  -0.008325  -0.007857  0.000000  0.000000  0.000000  2.000000  
23.800263 0.000693  0.091330  0.006367  0.999721  0.021907  -0.008887  -0.021820  0.999714  0.009779  0.009098  -0.009582  0.999913  -0.007711  -0.008301  -0.007868  0.000000  0.000000  0.000000  2.000000  
23.801263 0.000686  0.091322  0.006358  0.999721  0.021907  -0.008887  -0.021820  0.999714  0.009779  0.009098  -0.009582  0.999913  -0.007657  -0.008265  -0.007923  0.000000  0.000000  0.000000  2.000000  
23.802263 0.000679  0.091314  0.006350  0.999725  0.021701  -0.008889  -0.021614  0.999719  0.009777  0.009098  -0.009582  0.999913  -0.007608  -0.008221  -0.007967  0.000000  0.000000  0.000000  2.000000  
23.803264 0.000672  0.091306  0.006342  0.999725  0.021702  -0.008886  -0.021614  0.999717  0.009898  0.009098  -0.009703  0.999912  -0.007583  -0.008205  -0.008034  0.000000  0.000000  0.000000  2.000000  
23.804513 0.000663  0.091296  0.006331  0.999725  0.021702  -0.008886  -0.021614  0.999717  0.009898  0.009098  -0.009703  0.999912  -0.007538  -0.008142  -0.008095  0.000000  0.000000  0.000000  2.000000  
23.805531 0.000656  0.091288  0.006322  0.999725  0.021702  -0.008886  -0.021614  0.999717  0.009898  0.009098  -0.009703  0.999912  -0.007488  -0.008097  -0.008201  0.000000  0.000000  0.000000  2.000000  
23.806760 0.000647  0.091279  0.006311  0.999725  0.021702  -0.008886  -0.021614  0.999717  0.009898  0.009098  -0.009703  0.999912  -0.007435  -0.008096  -0.008272  0.000000  0.000000  0.000000  2.000000  
23.807765 0.000641  0.091271  0.006303  0.999725  0.021702  -0.008886  -0.021614  0.999717  0.009898  0.009098  -0.009703  0.999912  -0.007366  -0.008058  -0.008347  0.000000  0.000000  0.000000  2.000000  
23.809011 0.000632  0.091262  0.006292  0.999725  0.021702  -0.008886  -0.021614  0.999717  0.009898  0.009098  -0.009703  0.999912  -0.007285  -0.007992  -0.008377  0.000000  0.000000  0.000000  2.000000  
23.810263 0.000624  0.091252  0.006282  0.999725  0.021702  -0.008886  -0.021614  0.999717  0.009898  0.009098  -0.009703  0.999912  -0.007195  -0.007944  -0.008392  0.000000  0.000000  0.000000  2.000000  
23.811267 0.000618  0.091245  0.006274  0.999725  0.021702  -0.008886  -0.021614  0.999717  0.009898  0.009098  -0.009703  0.999912  -0.007067  -0.007842  -0.008409  0.000000  0.000000  0.000000  2.000000  
23.812517 0.000610  0.091237  0.006264  0.999725  0.021702  -0.008886  -0.021614  0.999717  0.009898  0.009098  -0.009703  0.999912  -0.006922  -0.007718  -0.008395  0.000000  0.000000  0.000000  2.000000  
23.813528 0.000604  0.091230  0.006255  0.999725  0.021702  -0.008886  -0.021614  0.999717  0.009898  0.009098  -0.009703  0.999912  -0.006828  -0.007667  -0.008407  0.000000  0.000000  0.000000  2.000000  
23.814764 0.000596  0.091221  0.006245  0.999725  0.021702  -0.008886  -0.021614  0.999717  0.009898  0.009098  -0.009703  0.999912  -0.006689  -0.007550  -0.008401  0.000000  0.000000  0.000000  2.000000  
23.816011 0.000590  0.091213  0.006234  0.999725  0.021702  -0.008886  -0.021614  0.999717  0.009898  0.009098  -0.009703  0.999912  -0.006528  -0.007421  -0.008390  0.000000  0.000000  0.000000  2.000000  
23.817262 0.000583  0.091204  0.006224  0.999724  0.021703  -0.009020  -0.021614  0.999717  0.009901  0.009232  -0.009703  0.999910  -0.006401  -0.007331  -0.008426  0.000000  0.000000  0.000000  2.000000  
23.818264 0.000577  0.091197  0.006215  0.999719  0.021909  -0.009018  -0.021820  0.999713  0.009903  0.009232  -0.009703  0.999910  -0.006282  -0.007258  -0.008422  0.000000  0.000000  0.000000  2.000000  
23.819581 0.000571  0.091189  0.006205  0.999719  0.021909  -0.009018  -0.021820  0.999713  0.009903  0.009232  -0.009703  0.999910  -0.006043  -0.007080  -0.008346  0.000000  0.000000  0.000000  2.000000  
23.820777 0.000565  0.091181  0.006194  0.999719  0.021909  -0.009018  -0.021820  0.999713  0.009903  0.009232  -0.009703  0.999910  -0.005934  -0.007042  -0.008408  0.000000  0.000000  0.000000  2.000000  
23.822009 0.000559  0.091172  0.006183  0.999719  0.021909  -0.009018  -0.021820  0.999713  0.009903  0.009232  -0.009703  0.999910  -0.005769  -0.006953  -0.008420  0.000000  0.000000  0.000000  2.000000  
23.823012 0.000554  0.091166  0.006174  0.999719  0.021909  -0.009018  -0.021820  0.999713  0.009903  0.009232  -0.009703  0.999910  -0.005629  -0.006906  -0.008431  0.000000  0.000000  0.000000  2.000000  
23.824012 0.000550  0.091159  0.006166  0.999719  0.021909  -0.009018  -0.021820  0.999713  0.009903  0.009232  -0.009703  0.999910  -0.005476  -0.006827  -0.008395  0.000000  0.000000  0.000000  2.000000  
23.825260 0.000544  0.091151  0.006156  0.999719  0.021909  -0.009018  -0.021820  0.999713  0.009903  0.009232  -0.009703  0.999910  -0.005300  -0.006742  -0.008431  0.000000  0.000000  0.000000  2.000000  
23.826261 0.000540  0.091145  0.006147  0.999715  0.022115  -0.009016  -0.022025  0.999708  0.009905  0.009232  -0.009703  0.999910  -0.005162  -0.006699  -0.008446  0.000000  0.000000  0.000000  2.000000  
23.827277 0.000536  0.091139  0.006138  0.999715  0.022115  -0.009016  -0.022025  0.999708  0.009905  0.009232  -0.009703  0.999910  -0.004997  -0.006647  -0.008483  0.000000  0.000000  0.000000  2.000000  
23.828535 0.000531  0.091131  0.006128  0.999715  0.022115  -0.009016  -0.022025  0.999708  0.009905  0.009232  -0.009703  0.999910  -0.004853  -0.006596  -0.008489  0.000000  0.000000  0.000000  2.000000  
23.829764 0.000526  0.091123  0.006117  0.999715  0.022115  -0.009016  -0.022025  0.999708  0.009905  0.009232  -0.009703  0.999910  -0.004693  -0.006522  -0.008535  0.000000  0.000000  0.000000  2.000000  
23.830765 0.000522  0.091117  0.006109  0.999715  0.022115  -0.009016  -0.022025  0.999708  0.009905  0.009232  -0.009703  0.999910  -0.004554  -0.006464  -0.008521  0.000000  0.000000  0.000000  2.000000  
23.831765 0.000518  0.091111  0.006099  0.999710  0.022321  -0.009014  -0.022231  0.999704  0.009906  0.009232  -0.009703  0.999910  -0.004449  -0.006423  -0.008567  0.000000  0.000000  0.000000  2.000000  
23.833013 0.000513  0.091104  0.006089  0.999710  0.022321  -0.009014  -0.022231  0.999704  0.009906  0.009232  -0.009703  0.999910  -0.004349  -0.006362  -0.008563  0.000000  0.000000  0.000000  2.000000  
23.834013 0.000510  0.091098  0.006081  0.999710  0.022321  -0.009014  -0.022231  0.999704  0.009906  0.009232  -0.009703  0.999910  -0.004275  -0.006313  -0.008551  0.000000  0.000000  0.000000  2.000000  
23.835014 0.000506  0.091092  0.006072  0.999710  0.022321  -0.009014  -0.022231  0.999704  0.009906  0.009232  -0.009703  0.999910  -0.004159  -0.006278  -0.008557  0.000000  0.000000  0.000000  2.000000  
23.836269 0.000501  0.091084  0.006061  0.999706  0.022527  -0.009011  -0.022437  0.999699  0.009908  0.009232  -0.009703  0.999910  -0.004084  -0.006227  -0.008545  0.000000  0.000000  0.000000  2.000000  
23.837520 0.000496  0.091077  0.006050  0.999706  0.022527  -0.009011  -0.022437  0.999699  0.009908  0.009232  -0.009703  0.999910  -0.004001  -0.006159  -0.008575  0.000000  0.000000  0.000000  2.000000  
23.838762 0.000492  0.091069  0.006039  0.999706  0.022527  -0.009011  -0.022437  0.999699  0.009908  0.009232  -0.009703  0.999910  -0.003944  -0.006108  -0.008604  0.000000  0.000000  0.000000  2.000000  
23.839765 0.000488  0.091063  0.006030  0.999706  0.022527  -0.009011  -0.022437  0.999699  0.009908  0.009232  -0.009703  0.999910  -0.003915  -0.006115  -0.008661  0.000000  0.000000  0.000000  2.000000  
23.840768 0.000484  0.091057  0.006021  0.999701  0.022732  -0.009009  -0.022643  0.999694  0.009910  0.009232  -0.009703  0.999910  -0.003843  -0.006076  -0.008671  0.000000  0.000000  0.000000  2.000000  
23.842015 0.000480  0.091049  0.006010  0.999701  0.022732  -0.009009  -0.022643  0.999694  0.009910  0.009232  -0.009703  0.999910  -0.003840  -0.006065  -0.008723  0.000000  0.000000  0.000000  2.000000  
23.843260 0.000475  0.091042  0.005999  0.999695  0.022939  -0.009141  -0.022849  0.999690  0.009915  0.009366  -0.009703  0.999909  -0.003806  -0.006059  -0.008752  0.000000  0.000000  0.000000  2.000000  
23.844270 0.000472  0.091036  0.005990  0.999695  0.022939  -0.009141  -0.022849  0.999690  0.009915  0.009366  -0.009703  0.999909  -0.003762  -0.006044  -0.008782  0.000000  0.000000  0.000000  2.000000  
23.845517 0.000468  0.091028  0.005979  0.999695  0.022939  -0.009141  -0.022849  0.999690  0.009915  0.009366  -0.009703  0.999909  -0.003718  -0.006022  -0.008792  0.000000  0.000000  0.000000  2.000000  
23.846520 0.000464  0.091023  0.005970  0.999690  0.023144  -0.009142  -0.023055  0.999686  0.009796  0.009366  -0.009582  0.999910  -0.003673  -0.005998  -0.008799  0.000000  0.000000  0.000000  2.000000  
23.847763 0.000460  0.091015  0.005959  0.999690  0.023144  -0.009142  -0.023055  0.999686  0.009796  0.009366  -0.009582  0.999910  -0.003689  -0.006018  -0.008823  0.000000  0.000000  0.000000  2.000000  
23.848764 0.000456  0.091009  0.005950  0.999686  0.023350  -0.009140  -0.023260  0.999681  0.009798  0.009366  -0.009582  0.999910  -0.003639  -0.006019  -0.008821  0.000000  0.000000  0.000000  2.000000  
23.850014 0.000452  0.091002  0.005939  0.999686  0.023350  -0.009140  -0.023260  0.999681  0.009798  0.009366  -0.009582  0.999910  -0.003564  -0.005979  -0.008836  0.000000  0.000000  0.000000  2.000000  
23.851014 0.000449  0.090996  0.005931  0.999686  0.023350  -0.009140  -0.023260  0.999681  0.009798  0.009366  -0.009582  0.999910  -0.003551  -0.005986  -0.008870  0.000000  0.000000  0.000000  2.000000  
23.852264 0.000445  0.090988  0.005920  0.999681  0.023556  -0.009138  -0.023466  0.999677  0.009799  0.009366  -0.009582  0.999910  -0.003502  -0.005974  -0.008837  0.000000  0.000000  0.000000  2.000000  
23.853265 0.000441  0.090982  0.005911  0.999681  0.023556  -0.009138  -0.023466  0.999677  0.009799  0.009366  -0.009582  0.999910  -0.003462  -0.005976  -0.008828  0.000000  0.000000  0.000000  2.000000  
23.854518 0.000437  0.090975  0.005900  0.999681  0.023556  -0.009138  -0.023466  0.999677  0.009799  0.009366  -0.009582  0.999910  -0.003433  -0.005949  -0.008809  0.000000  0.000000  0.000000  2.000000  
23.855539 0.000434  0.090969  0.005891  0.999676  0.023762  -0.009136  -0.023672  0.999672  0.009801  0.009366  -0.009582  0.999910  -0.003384  -0.005919  -0.008807  0.000000  0.000000  0.000000  2.000000  
23.856539 0.000431  0.090963  0.005883  0.999676  0.023762  -0.009136  -0.023672  0.999672  0.009801  0.009366  -0.009582  0.999910  -0.003311  -0.005908  -0.008740  0.000000  0.000000  0.000000  2.000000  
23.857764 0.000428  0.090957  0.005872  0.999676  0.023762  -0.009136  -0.023672  0.999672  0.009801  0.009366  -0.009582  0.999910  -0.003278  -0.005886  -0.008737  0.000000  0.000000  0.000000  2.000000  
23.859011 0.000424  0.090949  0.005862  0.999671  0.023967  -0.009134  -0.023878  0.999667  0.009803  0.009366  -0.009582  0.999910  -0.003229  -0.005852  -0.008658  0.000000  0.000000  0.000000  2.000000  
23.860012 0.000421  0.090944  0.005853  0.999671  0.023967  -0.009134  -0.023878  0.999667  0.009803  0.009366  -0.009582  0.999910  -0.003199  -0.005824  -0.008637  0.000000  0.000000  0.000000  2.000000  
23.861020 0.000418  0.090938  0.005845  0.999671  0.023967  -0.009134  -0.023878  0.999667  0.009803  0.009366  -0.009582  0.999910  -0.003168  -0.005820  -0.008595  0.000000  0.000000  0.000000  2.000000  
23.862264 0.000415  0.090931  0.005835  0.999666  0.024173  -0.009132  -0.024084  0.999662  0.009805  0.009366  -0.009582  0.999910  -0.003098  -0.005787  -0.008552  0.000000  0.000000  0.000000  2.000000  
23.863265 0.000412  0.090926  0.005826  0.999666  0.024173  -0.009132  -0.024084  0.999662  0.009805  0.009366  -0.009582  0.999910  -0.003034  -0.005717  -0.008545  0.000000  0.000000  0.000000  2.000000  
23.864517 0.000408  0.090919  0.005816  0.999666  0.024173  -0.009132  -0.024084  0.999662  0.009805  0.009366  -0.009582  0.999910  -0.003019  -0.005685  -0.008495  0.000000  0.000000  0.000000  2.000000  
23.865764 0.000405  0.090912  0.005806  0.999661  0.024379  -0.009130  -0.024289  0.999657  0.009807  0.009366  -0.009582  0.999910  -0.002951  -0.005654  -0.008453  0.000000  0.000000  0.000000  2.000000  
23.866765 0.000402  0.090907  0.005797  0.999661  0.024379  -0.009130  -0.024289  0.999657  0.009807  0.009366  -0.009582  0.999910  -0.002908  -0.005631  -0.008452  0.000000  0.000000  0.000000  2.000000  
23.868013 0.000399  0.090901  0.005788  0.999661  0.024379  -0.009130  -0.024289  0.999657  0.009807  0.009366  -0.009582  0.999910  -0.002839  -0.005524  -0.008375  0.000000  0.000000  0.000000  2.000000  
23.869013 0.000397  0.090896  0.005779  0.999661  0.024379  -0.009130  -0.024289  0.999657  0.009807  0.009366  -0.009582  0.999910  -0.002823  -0.005494  -0.008335  0.000000  0.000000  0.000000  2.000000  
23.870014 0.000394  0.090891  0.005771  0.999656  0.024585  -0.009128  -0.024495  0.999652  0.009809  0.009366  -0.009582  0.999910  -0.002763  -0.005435  -0.008280  0.000000  0.000000  0.000000  2.000000  
23.871027 0.000391  0.090886  0.005763  0.999656  0.024585  -0.009128  -0.024495  0.999652  0.009809  0.009366  -0.009582  0.999910  -0.002757  -0.005353  -0.008247  0.000000  0.000000  0.000000  2.000000  
23.872260 0.000389  0.090880  0.005753  0.999656  0.024585  -0.009128  -0.024495  0.999652  0.009809  0.009366  -0.009582  0.999910  -0.002701  -0.005310  -0.008226  0.000000  0.000000  0.000000  2.000000  
23.873260 0.000386  0.090875  0.005746  0.999656  0.024585  -0.009128  -0.024495  0.999652  0.009809  0.009366  -0.009582  0.999910  -0.002687  -0.005279  -0.008174  0.000000  0.000000  0.000000  2.000000  
23.874264 0.000384  0.090869  0.005737  0.999656  0.024585  -0.009128  -0.024495  0.999652  0.009809  0.009366  -0.009582  0.999910  -0.002646  -0.005229  -0.008188  0.000000  0.000000  0.000000  2.000000  
23.875515 0.000380  0.090864  0.005727  0.999656  0.024585  -0.009128  -0.024495  0.999652  0.009809  0.009366  -0.009582  0.999910  -0.002609  -0.005154  -0.008141  0.000000  0.000000  0.000000  2.000000  
23.876766 0.000378  0.090858  0.005718  0.999651  0.024791  -0.009126  -0.024701  0.999647  0.009811  0.009366  -0.009582  0.999910  -0.002559  -0.005085  -0.008123  0.000000  0.000000  0.000000  2.000000  
23.877768 0.000376  0.090853  0.005709  0.999651  0.024792  -0.009123  -0.024701  0.999646  0.009932  0.009366  -0.009703  0.999909  -0.002527  -0.005019  -0.008088  0.000000  0.000000  0.000000  2.000000  
23.879015 0.000373  0.090848  0.005700  0.999651  0.024792  -0.009123  -0.024701  0.999646  0.009932  0.009366  -0.009703  0.999909  -0.002437  -0.004938  -0.008028  0.000000  0.000000  0.000000  2.000000  
23.880264 0.000371  0.090842  0.005690  0.999651  0.024792  -0.009123  -0.024701  0.999646  0.009932  0.009366  -0.009703  0.999909  -0.002395  -0.004852  -0.008027  0.000000  0.000000  0.000000  2.000000  
23.881284 0.000369  0.090837  0.005681  0.999651  0.024792  -0.009123  -0.024701  0.999646  0.009932  0.009366  -0.009703  0.999909  -0.002312  -0.004787  -0.007995  0.000000  0.000000  0.000000  2.000000  
23.882525 0.000367  0.090832  0.005672  0.999651  0.024792  -0.009123  -0.024701  0.999646  0.009932  0.009366  -0.009703  0.999909  -0.002207  -0.004710  -0.007962  0.000000  0.000000  0.000000  2.000000  
23.883527 0.000365  0.090828  0.005664  0.999646  0.024998  -0.009121  -0.024907  0.999640  0.009934  0.009366  -0.009703  0.999909  -0.002183  -0.004660  -0.007953  0.000000  0.000000  0.000000  2.000000  
23.884762 0.000363  0.090822  0.005654  0.999646  0.024998  -0.009121  -0.024907  0.999640  0.009934  0.009366  -0.009703  0.999909  -0.002110  -0.004615  -0.007950  0.000000  0.000000  0.000000  2.000000  
23.885762 0.000362  0.090818  0.005646  0.999646  0.024998  -0.009121  -0.024907  0.999640  0.009934  0.009366  -0.009703  0.999909  -0.002048  -0.004584  -0.007956  0.000000  0.000000  0.000000  2.000000  
23.886765 0.000360  0.090814  0.005638  0.999646  0.024998  -0.009121  -0.024907  0.999640  0.009934  0.009366  -0.009703  0.999909  -0.001939  -0.004543  -0.007943  0.000000  0.000000  0.000000  2.000000  
23.888009 0.000358  0.090808  0.005628  0.999647  0.024996  -0.008987  -0.024907  0.999640  0.009931  0.009232  -0.009703  0.999910  -0.001909  -0.004539  -0.007970  0.000000  0.000000  0.000000  2.000000  
23.889012 0.000357  0.090804  0.005621  0.999647  0.024997  -0.008984  -0.024907  0.999639  0.010052  0.009232  -0.009824  0.999909  -0.001804  -0.004441  -0.007893  0.000000  0.000000  0.000000  2.000000  
23.890012 0.000356  0.090800  0.005613  0.999647  0.024997  -0.008984  -0.024907  0.999639  0.010052  0.009232  -0.009824  0.999909  -0.001753  -0.004439  -0.007888  0.000000  0.000000  0.000000  2.000000  
23.891262 0.000354  0.090795  0.005603  0.999647  0.024997  -0.008984  -0.024907  0.999639  0.010052  0.009232  -0.009824  0.999909  -0.001666  -0.004384  -0.007875  0.000000  0.000000  0.000000  2.000000  
23.892510 0.000353  0.090789  0.005594  0.999647  0.024997  -0.008984  -0.024907  0.999639  0.010052  0.009232  -0.009824  0.999909  -0.001552  -0.004356  -0.007824  0.000000  0.000000  0.000000  2.000000  
23.893525 0.000352  0.090785  0.005586  0.999647  0.024997  -0.008984  -0.024907  0.999639  0.010052  0.009232  -0.009824  0.999909  -0.001454  -0.004281  -0.007786  0.000000  0.000000  0.000000  2.000000  
23.894766 0.000351  0.090781  0.005577  0.999642  0.025203  -0.008982  -0.025113  0.999634  0.010054  0.009232  -0.009824  0.999909  -0.001344  -0.004230  -0.007747  0.000000  0.000000  0.000000  2.000000  
23.896015 0.000350  0.090776  0.005568  0.999642  0.025203  -0.008982  -0.025113  0.999634  0.010054  0.009232  -0.009824  0.999909  -0.001303  -0.004224  -0.007718  0.000000  0.000000  0.000000  2.000000  
23.897262 0.000349  0.090771  0.005559  0.999642  0.025203  -0.008982  -0.025113  0.999634  0.010054  0.009232  -0.009824  0.999909  -0.001199  -0.004148  -0.007685  0.000000  0.000000  0.000000  2.000000  
23.898263 0.000349  0.090767  0.005551  0.999642  0.025203  -0.008982  -0.025113  0.999634  0.010054  0.009232  -0.009824  0.999909  -0.001086  -0.004123  -0.007636  0.000000  0.000000  0.000000  2.000000  
23.899517 0.000348  0.090762  0.005542  0.999642  0.025203  -0.008982  -0.025113  0.999634  0.010054  0.009232  -0.009824  0.999909  -0.001024  -0.004064  -0.007586  0.000000  0.000000  0.000000  2.000000  
23.900519 0.000348  0.090759  0.005535  0.999642  0.025203  -0.008982  -0.025113  0.999634  0.010054  0.009232  -0.009824  0.999909  -0.000919  -0.003988  -0.007553  0.000000  0.000000  0.000000  2.000000  
23.901766 0.000347  0.090754  0.005525  0.999642  0.025203  -0.008982  -0.025113  0.999634  0.010054  0.009232  -0.009824  0.999909  -0.000823  -0.003934  -0.007488  0.000000  0.000000  0.000000  2.000000  
23.903074 0.000348  0.090751  0.005517  0.999642  0.025203  -0.008982  -0.025113  0.999634  0.010054  0.009232  -0.009824  0.999909  -0.000699  -0.003808  -0.007370  0.000000  0.000000  0.000000  2.000000  
23.904268 0.000347  0.090746  0.005508  0.999637  0.025409  -0.008980  -0.025318  0.999629  0.010055  0.009232  -0.009824  0.999909  -0.000625  -0.003737  -0.007307  0.000000  0.000000  0.000000  2.000000  
23.905517 0.000347  0.090743  0.005500  0.999637  0.025409  -0.008980  -0.025318  0.999629  0.010055  0.009232  -0.009824  0.999909  -0.000528  -0.003670  -0.007289  0.000000  0.000000  0.000000  2.000000  
23.906769 0.000347  0.090738  0.005491  0.999638  0.025408  -0.008846  -0.025318  0.999629  0.010052  0.009098  -0.009824  0.999910  -0.000429  -0.003582  -0.007217  0.000000  0.000000  0.000000  2.000000  
23.908011 0.000347  0.090735  0.005482  0.999638  0.025408  -0.008846  -0.025318  0.999629  0.010052  0.009098  -0.009824  0.999910  -0.000349  -0.003511  -0.007167  0.000000  0.000000  0.000000  2.000000  
23.909012 0.000348  0.090732  0.005476  0.999638  0.025408  -0.008846  -0.025318  0.999629  0.010052  0.009098  -0.009824  0.999910  -0.000246  -0.003437  -0.007137  0.000000  0.000000  0.000000  2.000000  
23.910260 0.000348  0.090729  0.005467  0.999638  0.025408  -0.008846  -0.025318  0.999629  0.010052  0.009098  -0.009824  0.999910  -0.000162  -0.003335  -0.007088  0.000000  0.000000  0.000000  2.000000  
23.911268 0.000349  0.090726  0.005460  0.999638  0.025408  -0.008846  -0.025318  0.999629  0.010052  0.009098  -0.009824  0.999910  -0.000088  -0.003269  -0.007034  0.000000  0.000000  0.000000  2.000000  
23.912517 0.000349  0.090723  0.005453  0.999633  0.025613  -0.008844  -0.025524  0.999624  0.010054  0.009098  -0.009824  0.999910  0.000019  -0.003158  -0.006924  0.000000  0.000000  0.000000  2.000000  
23.913527 0.000350  0.090720  0.005446  0.999633  0.025613  -0.008844  -0.025524  0.999624  0.010054  0.009098  -0.009824  0.999910  0.000089  -0.003049  -0.006842  0.000000  0.000000  0.000000  2.000000  
