1-Time 2-Px 3-Py 4-Pz 5-R11 6-R21 7-R31 8-R12 9-R22 10-R32 11-R13 12-R23 13-R33 14-Vx 15-Vy 16-Vz 17-Wx 18-Wy 19-Wz 20-state 21-PR11 22-PR21 23-PR31 24-PR12 25-PR22 26-PR32 27-PR13 28-PR23 29-PR33 
77.289168 0.010807  0.099544  -0.005575  0.993963  0.012165  0.109037  -0.109714  0.108997  0.987969  0.000134  -0.993968  0.109674  -0.000972  -0.001137  -0.000712  -0.016307  0.024114  0.219032  2.000000  
77.290172 0.010806  0.099542  -0.005576  0.993986  0.012275  0.108819  -0.109509  0.108985  0.987993  0.000268  -0.993968  0.109674  -0.000993  -0.001192  -0.000724  -0.016285  0.030989  0.218252  2.000000  
77.291173 0.010807  0.099542  -0.005576  0.993986  0.012420  0.108803  -0.109509  0.109091  0.987981  0.000401  -0.993954  0.109795  -0.000868  -0.001129  -0.000717  -0.020363  0.030510  0.213785  2.000000  
77.292173 0.010809  0.099542  -0.005576  0.993963  0.012324  0.109020  -0.109714  0.109222  0.987944  0.000268  -0.993941  0.109915  -0.000673  -0.001029  -0.000657  -0.024459  0.022168  0.201134  2.000000  
77.293424 0.010811  0.099542  -0.005576  0.993963  0.012086  0.109046  -0.109714  0.109491  0.987914  0.000000  -0.993914  0.110156  -0.000440  -0.000922  -0.000564  -0.032612  0.020220  0.183254  2.000000  
77.294668 0.010813  0.099542  -0.005575  0.993963  0.011980  0.109058  -0.109714  0.109746  0.987886  -0.000134  -0.993888  0.110397  -0.000206  -0.000816  -0.000471  -0.040432  0.018608  0.168454  2.000000  
77.295676 0.010816  0.099544  -0.005574  0.993963  0.011874  0.109070  -0.109714  0.110000  0.987858  -0.000268  -0.993861  0.110638  0.000027  -0.000607  -0.000386  0.000000  0.000000  0.000000  2.000000  
77.296920 0.010820  0.099547  -0.005574  0.993986  0.011878  0.108863  -0.109509  0.110242  0.987853  -0.000268  -0.993834  0.110880  0.000396  -0.000361  -0.000285  0.000000  0.000000  0.000000  2.000000  
77.297948 0.010823  0.099548  -0.005574  0.993986  0.011904  0.108861  -0.109509  0.110482  0.987827  -0.000268  -0.993807  0.111121  0.000651  -0.000178  -0.000225  0.000000  0.000000  0.000000  2.000000  
77.299215 0.010825  0.099549  -0.005575  0.994008  0.011789  0.108668  -0.109305  0.110858  0.987807  -0.000401  -0.993766  0.111482  0.000919  -0.000000  -0.000200  0.000000  0.000000  0.000000  2.000000  
77.300421 0.010828  0.099551  -0.005575  0.994008  0.011551  0.108695  -0.109305  0.111127  0.987777  -0.000669  -0.993739  0.111723  0.001172  0.000176  -0.000174  0.000000  0.000000  0.000000  2.000000  
77.301674 0.010832  0.099552  -0.005576  0.994008  0.011339  0.108719  -0.109305  0.111635  0.987720  -0.000937  -0.993685  0.112205  0.001532  0.000416  -0.000143  0.000000  0.000000  0.000000  2.000000  
77.302678 0.010835  0.099553  -0.005577  0.994007  0.010969  0.108761  -0.109304  0.111918  0.987688  -0.001338  -0.993657  0.112446  0.001784  0.000561  -0.000176  0.000000  0.000000  0.000000  2.000000  
77.303925 0.010839  0.099555  -0.005577  0.994007  0.010494  0.108816  -0.109304  0.112456  0.987627  -0.001873  -0.993601  0.112928  0.002135  0.000774  -0.000132  0.000000  0.000000  0.000000  2.000000  
77.305176 0.010843  0.099558  -0.005577  0.994006  0.010150  0.108856  -0.109304  0.112978  0.987567  -0.002275  -0.993546  0.113410  0.002524  0.001076  -0.000019  0.000000  0.000000  0.000000  2.000000  
77.306439 0.010848  0.099561  -0.005577  0.994027  0.009783  0.108693  -0.109100  0.113503  0.987529  -0.002676  -0.993489  0.113892  0.002732  0.001294  -0.000047  0.000000  0.000000  0.000000  2.000000  
77.307696 0.010853  0.099564  -0.005577  0.994026  0.009307  0.108749  -0.109099  0.114040  0.987468  -0.003211  -0.993433  0.114374  0.002888  0.001509  -0.000072  -0.171010  0.016589  -0.038036  2.000000  
77.308921 0.010857  0.099566  -0.005579  0.994024  0.008964  0.108790  -0.109099  0.114563  0.987407  -0.003613  -0.993376  0.114856  0.002989  0.001606  -0.000233  -0.183393  0.014070  -0.060418  2.000000  
77.309922 0.010861  0.099569  -0.005581  0.994023  0.008620  0.108832  -0.109099  0.115085  0.987346  -0.004014  -0.993318  0.115338  0.003103  0.001719  -0.000421  -0.199686  0.012034  -0.078291  2.000000  
77.310923 0.010864  0.099572  -0.005584  0.994020  0.008158  0.108888  -0.109099  0.115742  0.987270  -0.004549  -0.993246  0.115940  0.003128  0.001774  -0.000630  -0.220039  0.008969  -0.105090  2.000000  
77.312196 0.010868  0.099576  -0.005586  0.994041  0.007803  0.108727  -0.108894  0.116386  0.987217  -0.004951  -0.993173  0.116542  0.003168  0.001932  -0.000841  -0.240331  0.013267  -0.128175  2.000000  
77.313425 0.010871  0.099580  -0.005589  0.994038  0.007354  0.108783  -0.108894  0.117162  0.987125  -0.005486  -0.993086  0.117265  0.003184  0.002119  -0.001031  -0.260787  0.010157  -0.155027  2.000000  
77.314432 0.010875  0.099584  -0.005590  0.994058  0.006868  0.108638  -0.108689  0.117820  0.987069  -0.006021  -0.993011  0.117867  0.003245  0.002302  -0.001040  -0.281063  0.014423  -0.178105  2.000000  
77.315434 0.010877  0.099587  -0.005591  0.994054  0.006405  0.108697  -0.108688  0.118477  0.986990  -0.006556  -0.992936  0.118468  0.003248  0.002425  -0.001094  -0.301417  0.011293  -0.204893  2.000000  
77.316670 0.010880  0.099591  -0.005591  0.994050  0.005824  0.108772  -0.108688  0.119267  0.986895  -0.007225  -0.992845  0.119190  0.003195  0.002568  -0.001049  -0.326016  0.007624  -0.236269  2.000000  
77.317672 0.010881  0.099594  -0.005592  0.994069  0.005469  0.108613  -0.108483  0.119910  0.986840  -0.007626  -0.992770  0.119792  0.003100  0.002717  -0.001005  -0.342272  0.012347  -0.254920  2.000000  
77.318674 0.010883  0.099597  -0.005592  0.994087  0.004982  0.108471  -0.108278  0.120567  0.986782  -0.008162  -0.992693  0.120394  0.003005  0.002786  -0.000997  -0.362584  0.016037  -0.282492  2.000000  
77.319922 0.010885  0.099600  -0.005593  0.994083  0.004546  0.108531  -0.108277  0.121462  0.986673  -0.008697  -0.992586  0.121236  0.002835  0.002842  -0.001053  -0.387992  0.006398  -0.301588  2.000000  
77.320926 0.010887  0.099602  -0.005593  0.994101  0.004191  0.108373  -0.108072  0.122105  0.986616  -0.009098  -0.992508  0.121838  0.002675  0.002894  -0.001105  -0.407452  0.011129  -0.322738  2.000000  
77.321927 0.010889  0.099605  -0.005595  0.994120  0.003848  0.108216  -0.107867  0.122867  0.986544  -0.009500  -0.992416  0.122559  0.002557  0.002874  -0.001202  -0.427763  0.023691  -0.333287  2.000000  
77.323172 0.010892  0.099609  -0.005596  0.994159  0.003374  0.107872  -0.107457  0.123883  0.986461  -0.010035  -0.992291  0.123522  0.002515  0.002928  -0.001190  -0.452218  0.036189  -0.343919  2.000000  
77.324424 0.010896  0.099613  -0.005598  0.994174  0.002793  0.107748  -0.107252  0.124912  0.986354  -0.010704  -0.992164  0.124484  0.002492  0.003054  -0.001174  -0.476486  0.040729  -0.362523  2.000000  
77.325438 0.010901  0.099617  -0.005599  0.994168  0.002357  0.107813  -0.107251  0.125806  0.986240  -0.011239  -0.992052  0.125325  0.002534  0.003119  -0.001055  -0.496738  0.038931  -0.375864  2.000000  
77.326672 0.010906  0.099623  -0.005600  0.994183  0.001776  0.107691  -0.107046  0.126835  0.986131  -0.011908  -0.991922  0.126287  0.002611  0.003215  -0.000954  -0.517051  0.035753  -0.395066  2.000000  
77.327709 0.010910  0.099626  -0.005600  0.994198  0.001300  0.107555  -0.106840  0.127609  0.986053  -0.012443  -0.991824  0.127008  0.002698  0.003235  -0.000785  -0.537420  0.040572  -0.416921  2.000000  
77.328921 0.010915  0.099631  -0.005599  0.994214  0.000850  0.107418  -0.106635  0.128623  0.985944  -0.012978  -0.991693  0.127969  0.002799  0.003271  -0.000620  -0.557410  0.037866  -0.431365  2.000000  
77.329924 0.010919  0.099633  -0.005599  0.994230  0.000506  0.107266  -0.106430  0.129383  0.985866  -0.013379  -0.991595  0.128691  0.002891  0.003228  -0.000506  -0.574129  0.044267  -0.440216  2.000000  
77.331173 0.010923  0.099636  -0.005598  0.994247  0.000188  0.107114  -0.106224  0.130382  0.985757  -0.013781  -0.991464  0.129652  0.002955  0.003126  -0.000432  -0.594408  0.050840  -0.441072  2.000000  
77.332423 0.010927  0.099638  -0.005598  0.994263  -0.000144  0.106963  -0.106019  0.131261  0.985662  -0.014182  -0.991348  0.130493  0.003055  0.003013  -0.000385  -0.605712  0.056436  -0.442814  2.000000  
77.333425 0.010930  0.099639  -0.005597  0.994281  -0.000357  0.106795  -0.105814  0.132007  0.985585  -0.014450  -0.991249  0.131214  0.003188  0.002895  -0.000355  -0.622854  0.064625  -0.438425  2.000000  
77.334427 0.010932  0.099640  -0.005598  0.994297  -0.000689  0.106646  -0.105609  0.132885  0.985489  -0.014851  -0.991131  0.132055  0.003200  0.002748  -0.000379  -0.633872  0.070100  -0.440171  2.000000  
77.335435 0.010935  0.099640  -0.005598  0.994313  -0.001035  0.106496  -0.105403  0.133644  0.985408  -0.015252  -0.991029  0.132775  0.003343  0.002599  -0.000339  -0.649953  0.069882  -0.440174  2.000000  
77.336673 0.010939  0.099642  -0.005598  0.994326  -0.001487  0.106365  -0.105198  0.134656  0.985292  -0.015788  -0.990891  0.133736  0.003410  0.002499  -0.000274  -0.665966  0.075814  -0.445475  2.000000  
77.337676 0.010943  0.099644  -0.005598  0.994341  -0.001820  0.106218  -0.104992  0.135534  0.985194  -0.016189  -0.990771  0.134576  0.003486  0.002406  -0.000112  -0.678371  0.082374  -0.446639  2.000000  
77.338921 0.010948  0.099648  -0.005595  0.994356  -0.002127  0.106071  -0.104787  0.136651  0.985062  -0.016590  -0.990617  0.135657  0.003576  0.002433  0.000142  -0.699876  0.090068  -0.446623  2.000000  
77.339923 0.010953  0.099652  -0.005593  0.994371  -0.002461  0.105924  -0.104582  0.137528  0.984961  -0.016992  -0.990495  0.136497  0.003627  0.002433  0.000320  -0.714033  0.098018  -0.446944  2.000000  
77.341171 0.010959  0.099658  -0.005590  0.994388  -0.002637  0.105761  -0.104376  0.138631  0.984828  -0.017259  -0.990341  0.137578  0.003684  0.002504  0.000679  -0.722156  0.102834  -0.440391  2.000000  
77.342173 0.010962  0.099662  -0.005587  0.994405  -0.002840  0.105597  -0.104171  0.139494  0.984728  -0.017527  -0.990219  0.138418  0.003619  0.002478  0.000867  -0.734652  0.103167  -0.436282  2.000000  
77.343420 0.010967  0.099668  -0.005585  0.994419  -0.003149  0.105453  -0.103966  0.140610  0.984591  -0.017928  -0.990060  0.139498  0.003603  0.002581  0.000968  -0.746171  0.110085  -0.432562  2.000000  
77.344420 0.010970  0.099671  -0.005584  0.994436  -0.003339  0.105291  -0.103761  0.141592  0.984472  -0.018196  -0.989919  0.140458  0.003526  0.002565  0.001013  -0.758413  0.110921  -0.423901  2.000000  
77.345435 0.010973  0.099674  -0.005583  0.994452  -0.003542  0.105129  -0.103555  0.142455  0.984369  -0.018463  -0.989795  0.141297  0.003500  0.002589  0.001037  -0.767983  0.120021  -0.414679  2.000000  
77.346669 0.010975  0.099676  -0.005582  0.994469  -0.003721  0.104968  -0.103350  0.143556  0.984231  -0.018731  -0.989635  0.142377  0.003376  0.002593  0.001004  -0.778052  0.126711  -0.403623  2.000000  
77.347671 0.010977  0.099678  -0.005581  0.994464  -0.003895  0.105009  -0.103350  0.144419  0.984105  -0.018998  -0.989509  0.143217  0.003275  0.002621  0.001101  -0.786173  0.120201  -0.398393  2.000000  
77.348673 0.010979  0.099680  -0.005580  0.994480  -0.004112  0.104848  -0.103144  0.145161  0.984017  -0.019266  -0.989399  0.143936  0.003249  0.002748  0.001229  -0.790140  0.121113  -0.389627  2.000000  
77.349918 0.010981  0.099683  -0.005577  0.994498  -0.004146  0.104669  -0.102939  0.146368  0.983860  -0.019400  -0.989222  0.145136  0.003163  0.002849  0.001396  -0.802173  0.129302  -0.377431  2.000000  
77.350923 0.010984  0.099685  -0.005574  0.994514  -0.004338  0.104510  -0.102734  0.147349  0.983735  -0.019667  -0.989075  0.146095  0.003129  0.002975  0.001629  -0.814250  0.129603  -0.373115  2.000000  
77.352176 0.010987  0.099689  -0.005571  0.994533  -0.004399  0.104331  -0.102529  0.148316  0.983611  -0.019801  -0.988930  0.147054  0.003043  0.003082  0.001813  -0.818251  0.124255  -0.359010  2.000000  
77.353424 0.010990  0.099692  -0.005568  0.994549  -0.004579  0.104172  -0.102324  0.149416  0.983466  -0.020068  -0.988764  0.148133  0.002934  0.003068  0.001913  -0.820928  0.126709  -0.348786  2.000000  
77.354435 0.010993  0.099695  -0.005566  0.994549  -0.004478  0.104177  -0.102324  0.150370  0.983320  -0.020068  -0.988620  0.149092  0.002808  0.002989  0.001857  -0.825391  0.122049  -0.330264  2.000000  
77.355436 0.010996  0.099698  -0.005565  0.994567  -0.004552  0.103998  -0.102119  0.151218  0.983212  -0.020202  -0.988490  0.149931  0.002701  0.002863  0.001733  -0.826219  0.128784  -0.319617  2.000000  
77.356676 0.011001  0.099701  -0.005565  0.994585  -0.004589  0.103821  -0.101914  0.152423  0.983047  -0.020336  -0.988305  0.151130  0.002645  0.002706  0.001515  -0.836940  0.132580  -0.300102  2.000000  
77.357922 0.011005  0.099704  -0.005565  0.994604  -0.004626  0.103645  -0.101709  0.153627  0.982880  -0.020470  -0.988118  0.152328  0.002582  0.002507  0.001387  -0.845212  0.134797  -0.282499  2.000000  
77.359169 0.011008  0.099706  -0.005565  0.994604  -0.004501  0.103650  -0.101709  0.154820  0.982693  -0.020470  -0.987933  0.153526  0.002567  0.002380  0.001258  -0.854437  0.128495  -0.266065  2.000000  
77.360172 0.011011  0.099708  -0.005564  0.994622  -0.004564  0.103473  -0.101504  0.155786  0.982562  -0.020604  -0.987780  0.154485  0.002596  0.002310  0.001288  -0.861484  0.130575  -0.259495  2.000000  
77.361418 0.011014  0.099709  -0.005562  0.994643  -0.004470  0.103276  -0.101299  0.156976  0.982393  -0.020604  -0.987592  0.155683  0.002581  0.002192  0.001376  -0.870746  0.131192  -0.244301  2.000000  
77.362423 0.011015  0.099710  -0.005560  0.994640  -0.004502  0.103301  -0.101298  0.157943  0.982239  -0.020737  -0.987438  0.156640  0.002587  0.002148  0.001430  -0.882018  0.118973  -0.239943  2.000000  
77.363469 0.011017  0.099711  -0.005558  0.994661  -0.004434  0.103103  -0.101094  0.158895  0.982106  -0.020737  -0.987286  0.157598  0.002570  0.002072  0.001461  -0.884673  0.120515  -0.226345  2.000000  
77.364670 0.011018  0.099711  -0.005557  0.994684  -0.004211  0.102885  -0.100889  0.160072  0.981936  -0.020604  -0.987096  0.158796  0.002522  0.001935  0.001384  -0.894364  0.123099  -0.209074  2.000000  
77.365671 0.011019  0.099712  -0.005555  0.994684  -0.004123  0.102889  -0.100889  0.160906  0.981800  -0.020604  -0.986961  0.159634  0.002402  0.001790  0.001306  -0.899041  0.123896  -0.194182  2.000000  
77.366918 0.011021  0.099714  -0.005555  0.994708  -0.003900  0.102670  -0.100685  0.162082  0.981627  -0.020470  -0.986770  0.160832  0.002324  0.001682  0.001102  -0.903169  0.126976  -0.172287  2.000000  
77.367920 0.011023  0.099714  -0.005555  0.994728  -0.003834  0.102472  -0.100480  0.163034  0.981491  -0.020470  -0.986613  0.161789  0.002234  0.001554  0.000914  -0.906950  0.128771  -0.159126  2.000000  
77.368923 0.011024  0.099716  -0.005555  0.994752  -0.003637  0.102252  -0.100275  0.163972  0.981355  -0.020336  -0.986458  0.162747  0.002126  0.001447  0.000773  -0.910499  0.132378  -0.142812  2.000000  
77.370176 0.011026  0.099718  -0.005556  0.994752  -0.003513  0.102256  -0.100275  0.165163  0.981156  -0.020336  -0.986260  0.163944  0.002024  0.001343  0.000604  -0.914494  0.127378  -0.128558  2.000000  
77.371424 0.011028  0.099719  -0.005556  0.994772  -0.003411  0.102059  -0.100071  0.166471  0.980955  -0.020336  -0.986040  0.165259  0.001836  0.001198  0.000599  -0.923217  0.127556  -0.118834  2.000000  
77.372672 0.011030  0.099721  -0.005556  0.994796  -0.003191  0.101839  -0.099866  0.167647  0.980776  -0.020202  -0.985842  0.166456  0.001754  0.001174  0.000591  -0.926939  0.124376  -0.101151  2.000000  
77.373677 0.011031  0.099721  -0.005555  0.994796  -0.003092  0.101842  -0.099866  0.168598  0.980613  -0.020202  -0.985680  0.167412  0.001573  0.001075  0.000621  -0.930894  0.125653  -0.092366  2.000000  
77.374922 0.011032  0.099723  -0.005554  0.994819  -0.002872  0.101621  -0.099662  0.169774  0.980431  -0.020068  -0.985479  0.168608  0.001423  0.001019  0.000685  -0.935097  0.127654  -0.079194  2.000000  
77.375923 0.011033  0.099723  -0.005553  0.994842  -0.002677  0.101400  -0.099457  0.170712  0.980289  -0.019935  -0.985317  0.169565  0.001344  0.001005  0.000620  -0.939060  0.129669  -0.065975  2.000000  
77.377171 0.011033  0.099723  -0.005552  0.994845  -0.002423  0.101380  -0.099457  0.171887  0.980083  -0.019801  -0.985114  0.170760  0.001215  0.000906  0.000521  -0.943437  0.125608  -0.047283  2.000000  
77.378431 0.011033  0.099722  -0.005553  0.994868  -0.002205  0.101159  -0.099253  0.173063  0.979897  -0.019667  -0.984908  0.171956  0.001109  0.000787  0.000312  -0.951238  0.127641  -0.034083  2.000000  
77.379671 0.011033  0.099721  -0.005555  0.994870  -0.001951  0.101138  -0.099253  0.174238  0.979689  -0.019533  -0.984702  0.173151  0.000985  0.000628  0.000133  -0.951571  0.122228  -0.024264  2.000000  
77.380918 0.011033  0.099719  -0.005556  0.994893  -0.001733  0.100915  -0.099048  0.175413  0.979500  -0.019400  -0.984493  0.174345  0.000877  0.000468  -0.000080  -0.951945  0.123357  -0.010990  2.000000  
77.381923 0.011033  0.099719  -0.005558  0.994896  -0.001504  0.100894  -0.099049  0.176350  0.979331  -0.019266  -0.984326  0.175301  0.000772  0.000353  -0.000170  -0.960007  0.118994  -0.001209  2.000000  
77.383169 0.011033  0.099718  -0.005558  0.994919  -0.001275  0.100671  -0.098844  0.177643  0.979118  -0.019132  -0.984094  0.176615  0.000640  0.000206  -0.000210  -0.964188  0.119456  0.007468  2.000000  
77.384185 0.011033  0.099718  -0.005558  0.994942  -0.001083  0.100447  -0.098640  0.178580  0.978969  -0.018998  -0.983925  0.177570  0.000533  0.000102  -0.000164  -0.967913  0.128742  0.015149  2.000000  
77.385436 0.011033  0.099718  -0.005558  0.994947  -0.000699  0.100400  -0.098640  0.179741  0.978756  -0.018731  -0.983714  0.178764  0.000445  0.000026  -0.000093  -0.972160  0.123122  0.029219  2.000000  
77.386438 0.011034  0.099719  -0.005558  0.994970  -0.000508  0.100175  -0.098435  0.180678  0.978604  -0.018597  -0.983542  0.179719  0.000359  -0.000030  -0.000067  -0.971773  0.125626  0.038184  2.000000  
77.387676 0.011034  0.099718  -0.005558  0.994970  -0.000375  0.100176  -0.098435  0.181984  0.978362  -0.018597  -0.983301  0.181031  0.000280  -0.000146  -0.000123  -0.976229  0.119635  0.043621  2.000000  
77.388925 0.011034  0.099718  -0.005559  0.994992  -0.000160  0.099951  -0.098231  0.183157  0.978164  -0.018463  -0.983084  0.182224  0.000145  -0.000302  -0.000270  -0.976055  0.127257  0.046745  2.000000  
77.389930 0.011033  0.099717  -0.005560  0.995013  -0.000089  0.099750  -0.098026  0.184225  0.977984  -0.018463  -0.982884  0.183297  0.000071  -0.000377  -0.000416  -0.980032  0.128053  0.051041  2.000000  
77.391175 0.011033  0.099717  -0.005561  0.995015  0.000175  0.099725  -0.098026  0.185517  0.977739  -0.018329  -0.982641  0.184609  -0.000029  -0.000461  -0.000631  -0.984283  0.122071  0.056488  2.000000  
77.392428 0.011032  0.099716  -0.005563  0.995038  0.000389  0.099499  -0.097822  0.186690  0.977537  -0.018196  -0.982419  0.185801  -0.000098  -0.000499  -0.000686  -0.984066  0.130485  0.064009  2.000000  
77.393678 0.011031  0.099715  -0.005564  0.995060  0.000601  0.099272  -0.097617  0.187863  0.977332  -0.018062  -0.982195  0.186993  -0.000141  -0.000424  -0.000681  -0.984113  0.131344  0.068282  2.000000  
77.394919 0.011030  0.099715  -0.005565  0.995083  0.000814  0.099045  -0.097412  0.189035  0.977127  -0.017928  -0.981970  0.188185  -0.000186  -0.000371  -0.000631  -0.985275  0.130491  0.067657  2.000000  
77.395928 0.011030  0.099714  -0.005565  0.995105  0.001013  0.098818  -0.097208  0.190089  0.976943  -0.017794  -0.981766  0.189257  -0.000222  -0.000342  -0.000572  -0.992399  0.132293  0.072430  2.000000  
77.397169 0.011029  0.099714  -0.005565  0.995127  0.001224  0.098590  -0.097003  0.191262  0.976734  -0.017661  -0.981538  0.190449  -0.000227  -0.000281  -0.000489  -0.992358  0.138059  0.070496  2.000000  
77.398418 0.011029  0.099714  -0.005565  0.995130  0.001475  0.098563  -0.097003  0.192434  0.976504  -0.017527  -0.981309  0.191639  -0.000275  -0.000280  -0.000478  -0.992550  0.132188  0.075937  2.000000  
77.399424 0.011029  0.099713  -0.005566  0.995152  0.001661  0.098335  -0.096799  0.193369  0.976339  -0.017393  -0.981125  0.192592  -0.000287  -0.000342  -0.000533  -0.992486  0.132251  0.075802  2.000000  
77.400670 0.011028  0.099712  -0.005568  0.995172  0.001752  0.098132  -0.096594  0.194672  0.976101  -0.017393  -0.980867  0.193901  -0.000332  -0.000436  -0.000694  -0.996689  0.132369  0.075646  2.000000  
77.401674 0.011028  0.099711  -0.005570  0.995194  0.001950  0.097903  -0.096389  0.195725  0.975910  -0.017259  -0.980657  0.194972  -0.000359  -0.000514  -0.000855  -0.996365  0.139977  0.078636  2.000000  
77.402678 0.011028  0.099710  -0.005572  0.995214  0.002016  0.097700  -0.096184  0.196790  0.975716  -0.017259  -0.980444  0.196042  -0.000393  -0.000581  -0.000970  -1.000420  0.140394  0.074693  2.000000  
77.403926 0.011028  0.099709  -0.005575  0.995236  0.002236  0.097470  -0.095980  0.198080  0.975475  -0.017125  -0.980183  0.197351  -0.000384  -0.000621  -0.001098  -1.004645  0.140508  0.074523  2.000000  
77.405173 0.011029  0.099708  -0.005577  0.995258  0.002456  0.097240  -0.095775  0.199369  0.975233  -0.016992  -0.979921  0.198659  -0.000301  -0.000613  -0.001152  -1.009126  0.147479  0.073109  2.000000  
77.406426 0.011028  0.099707  -0.005580  0.995280  0.002675  0.097009  -0.095570  0.200658  0.974988  -0.016858  -0.979658  0.199967  -0.000271  -0.000653  -0.001231  -1.012684  0.147494  0.072883  2.000000  
77.407672 0.011029  0.099706  -0.005582  0.995302  0.002893  0.096778  -0.095366  0.201947  0.974742  -0.016724  -0.979392  0.201274  -0.000212  -0.000617  -0.001258  -1.020252  0.148091  0.072943  2.000000  
77.408919 0.011029  0.099706  -0.005584  0.995341  0.002938  0.096373  -0.094956  0.203249  0.974512  -0.016724  -0.979123  0.202581  -0.000135  -0.000620  -0.001331  -1.020405  0.159115  0.064980  2.000000  
77.409922 0.011029  0.099705  -0.005586  0.995363  0.003120  0.096142  -0.094751  0.204182  0.974337  -0.016590  -0.978928  0.203531  -0.000076  -0.000665  -0.001483  -1.020749  0.160508  0.065344  2.000000  
77.410922 0.011029  0.099704  -0.005588  0.995384  0.003302  0.095911  -0.094546  0.205116  0.974160  -0.016456  -0.978732  0.204482  -0.000037  -0.000664  -0.001563  -1.021912  0.168429  0.068378  2.000000  
77.412175 0.011029  0.099704  -0.005591  0.995404  0.003376  0.095707  -0.094341  0.206298  0.973931  -0.016456  -0.978483  0.205669  0.000016  -0.000665  -0.001775  -1.020404  0.167404  0.063659  2.000000  
77.413424 0.011030  0.099703  -0.005594  0.995425  0.003579  0.095474  -0.094137  0.207468  0.973702  -0.016323  -0.978235  0.206856  0.000090  -0.000704  -0.001940  -1.016119  0.172004  0.057259  2.000000  
77.414427 0.011029  0.099702  -0.005598  0.995464  0.003598  0.095070  -0.093727  0.208532  0.973514  -0.016323  -0.978009  0.207924  0.000079  -0.000696  -0.002088  -1.020136  0.179378  0.051775  2.000000  
77.415434 0.011029  0.099701  -0.005600  0.995483  0.003647  0.094866  -0.093522  0.209478  0.973331  -0.016323  -0.977807  0.208872  0.000075  -0.000732  -0.002180  -1.019980  0.183859  0.045505  2.000000  
77.416671 0.011030  0.099701  -0.005604  0.995505  0.003849  0.094633  -0.093317  0.210647  0.973098  -0.016189  -0.977555  0.210059  0.000089  -0.000703  -0.002225  -1.019985  0.183911  0.045281  2.000000  
77.417677 0.011030  0.099700  -0.005606  0.995545  0.003984  0.094200  -0.092908  0.211580  0.972935  -0.016055  -0.977353  0.211008  0.000121  -0.000653  -0.002247  -1.016150  0.192279  0.044087  2.000000  
77.418925 0.011031  0.099701  -0.005608  0.995564  0.004065  0.093995  -0.092703  0.212879  0.972671  -0.016055  -0.977070  0.212312  0.000212  -0.000541  -0.002227  -1.020351  0.199166  0.042486  2.000000  
77.420169 0.011032  0.099700  -0.005610  0.995605  0.004221  0.093561  -0.092293  0.214048  0.972453  -0.015921  -0.976814  0.213497  0.000231  -0.000488  -0.002215  -1.015764  0.204274  0.040540  2.000000  
77.421173 0.011033  0.099701  -0.005613  0.995624  0.004279  0.093356  -0.092088  0.215111  0.972238  -0.015921  -0.976580  0.214563  0.000327  -0.000383  -0.002232  -1.015561  0.211025  0.038943  2.000000  
77.422426 0.011034  0.099701  -0.005616  0.995661  0.004303  0.092951  -0.091678  0.216292  0.972015  -0.015921  -0.976319  0.215748  0.000385  -0.000337  -0.002324  -1.015420  0.216891  0.032938  2.000000  
77.423672 0.011035  0.099701  -0.005619  0.995680  0.004371  0.092745  -0.091473  0.217471  0.971771  -0.015921  -0.976057  0.216932  0.000431  -0.000289  -0.002383  -1.015623  0.216070  0.028312  2.000000  
77.424919 0.011036  0.099701  -0.005624  0.995718  0.004394  0.092340  -0.091063  0.218652  0.971545  -0.015921  -0.975793  0.218116  0.000464  -0.000272  -0.002493  -1.015675  0.223737  0.022443  2.000000  
77.426174 0.011037  0.099701  -0.005627  0.995739  0.004579  0.092106  -0.090858  0.219701  0.971327  -0.015788  -0.975556  0.219181  0.000505  -0.000225  -0.002558  -1.007377  0.222803  0.017765  2.000000  
77.427419 0.011038  0.099700  -0.005630  0.995776  0.004600  0.091700  -0.090448  0.220881  0.971098  -0.015788  -0.975290  0.220364  0.000561  -0.000221  -0.002553  -1.007243  0.227745  0.015970  2.000000  
77.428422 0.011038  0.099700  -0.005632  0.995797  0.004774  0.091466  -0.090243  0.221813  0.970904  -0.015654  -0.975078  0.221311  0.000590  -0.000190  -0.002531  -1.007416  0.229639  0.015851  2.000000  
77.429667 0.011039  0.099700  -0.005635  0.995834  0.004793  0.091061  -0.089833  0.222992  0.970672  -0.015654  -0.974808  0.222494  0.000675  -0.000120  -0.002421  -1.007103  0.240290  0.008259  2.000000  
77.430668 0.011040  0.099700  -0.005636  0.995854  0.004965  0.090827  -0.089629  0.223923  0.970477  -0.015520  -0.974594  0.223440  0.000691  -0.000087  -0.002365  -1.002981  0.241207  0.012372  2.000000  
77.431668 0.011041  0.099700  -0.005638  0.995873  0.004996  0.090623  -0.089423  0.224748  0.970305  -0.015520  -0.974404  0.224267  0.000760  -0.000050  -0.002311  -0.995039  0.240315  0.007778  2.000000  
77.432671 0.011042  0.099700  -0.005640  0.995891  0.005037  0.090418  -0.089218  0.225691  0.970105  -0.015520  -0.974186  0.225213  0.000818  0.000011  -0.002268  -0.991045  0.240335  0.007531  2.000000  
77.433917 0.011044  0.099700  -0.005642  0.995910  0.005100  0.090212  -0.089013  0.226868  0.969849  -0.015520  -0.973912  0.226394  0.000828  -0.000013  -0.002258  -0.987082  0.239415  0.002865  2.000000  
77.434939 0.011045  0.099701  -0.005644  0.995928  0.005141  0.090008  -0.088808  0.227810  0.969647  -0.015520  -0.973692  0.227339  0.000870  0.000018  -0.002270  -0.982348  0.240273  -0.001783  2.000000  
77.436179 0.011046  0.099702  -0.005646  0.995966  0.005285  0.089572  -0.088399  0.228977  0.969410  -0.015386  -0.973417  0.228521  0.000888  0.000051  -0.002214  -0.978610  0.247132  -0.003573  2.000000  
77.437427 0.011048  0.099702  -0.005648  0.995985  0.005347  0.089366  -0.088193  0.230154  0.969150  -0.015386  -0.973140  0.229701  0.000892  0.000088  -0.002123  -0.974497  0.246145  -0.008279  2.000000  
77.438430 0.011048  0.099703  -0.005649  0.996005  0.005515  0.089130  -0.087989  0.231084  0.968947  -0.015252  -0.972918  0.230646  0.000896  0.000125  -0.002029  -0.970241  0.247060  -0.004142  2.000000  
77.439432 0.011049  0.099704  -0.005651  0.996023  0.005554  0.088925  -0.087784  0.232025  0.968741  -0.015252  -0.972694  0.231590  0.000900  0.000161  -0.001936  -0.970234  0.246073  -0.008770  2.000000  
77.440674 0.011050  0.099704  -0.005652  0.996043  0.005733  0.088689  -0.087579  0.233072  0.968508  -0.015119  -0.972443  0.232652  0.000896  0.000238  -0.001717  -0.966602  0.239388  -0.007544  2.000000  
77.441922 0.011050  0.099705  -0.005653  0.996061  0.005792  0.088483  -0.087374  0.234248  0.968243  -0.015119  -0.972160  0.233831  0.000863  0.000296  -0.001573  -0.966784  0.239424  -0.007835  2.000000  
77.443172 0.011051  0.099705  -0.005654  0.996079  0.005851  0.088276  -0.087169  0.235424  0.967976  -0.015119  -0.971875  0.235010  0.000845  0.000359  -0.001458  -0.966701  0.237392  -0.008028  2.000000  
77.444418 0.011051  0.099705  -0.005654  0.996099  0.006028  0.088039  -0.086964  0.236470  0.967739  -0.014985  -0.971620  0.236072  0.000795  0.000371  -0.001319  -0.959032  0.230759  -0.006795  2.000000  
77.445433 0.011051  0.099706  -0.005655  0.996117  0.006054  0.087835  -0.086759  0.237293  0.967556  -0.014985  -0.971419  0.236897  0.000772  0.000406  -0.001280  -0.954739  0.230693  -0.007003  2.000000  
77.446670 0.011052  0.099706  -0.005656  0.996134  0.006112  0.087628  -0.086554  0.238468  0.967286  -0.014985  -0.971131  0.238075  0.000704  0.000385  -0.001198  -0.954735  0.229680  -0.011629  2.000000  
77.447677 0.011052  0.099706  -0.005657  0.996154  0.006266  0.087392  -0.086349  0.239279  0.967104  -0.014851  -0.970931  0.238900  0.000626  0.000387  -0.001124  -0.950828  0.222984  -0.010294  2.000000  
77.448920 0.011052  0.099706  -0.005659  0.996154  0.006362  0.087385  -0.086349  0.240334  0.966842  -0.014851  -0.970669  0.239960  0.000561  0.000386  -0.001086  -0.942986  0.216319  -0.009014  2.000000  
77.450172 0.011053  0.099707  -0.005660  0.996174  0.006537  0.087147  -0.086144  0.241380  0.966600  -0.014717  -0.970409  0.241020  0.000494  0.000364  -0.001004  -0.938747  0.211371  -0.007793  2.000000  
77.451424 0.011053  0.099707  -0.005660  0.996194  0.006711  0.086909  -0.085939  0.242425  0.966356  -0.014584  -0.970147  0.242079  0.000435  0.000318  -0.000909  -0.930614  0.205631  -0.002089  2.000000  
77.452439 0.011054  0.099707  -0.005660  0.996194  0.006785  0.086903  -0.085939  0.243246  0.966150  -0.014584  -0.969941  0.242903  0.000406  0.000303  -0.000793  -0.926148  0.198788  -0.000687  2.000000  
77.453677 0.011054  0.099707  -0.005661  0.996213  0.006959  0.086664  -0.085734  0.244291  0.965905  -0.014450  -0.969677  0.243962  0.000318  0.000227  -0.000722  -0.922578  0.193176  0.005055  2.000000  
77.454925 0.011054  0.099707  -0.005661  0.996213  0.007043  0.086657  -0.085734  0.245228  0.965667  -0.014450  -0.969440  0.244903  0.000315  0.000206  -0.000677  -0.914536  0.186452  0.006447  2.000000  
77.456173 0.011054  0.099707  -0.005662  0.996233  0.007216  0.086418  -0.085529  0.246272  0.965420  -0.014316  -0.969174  0.245962  0.000253  0.000124  -0.000676  -0.915157  0.184932  0.006214  2.000000  
77.457425 0.011053  0.099705  -0.005663  0.996235  0.007429  0.086378  -0.085529  0.247198  0.965183  -0.014182  -0.968937  0.246902  0.000168  -0.000013  -0.000676  -0.906571  0.173000  0.009274  2.000000  
77.458433 0.011053  0.099704  -0.005664  0.996235  0.007492  0.086373  -0.085529  0.247900  0.965003  -0.014182  -0.968757  0.247607  0.000121  -0.000098  -0.000720  -0.898558  0.159545  0.012372  2.000000  
77.459672 0.011052  0.099703  -0.005665  0.996254  0.007653  0.086134  -0.085324  0.248827  0.964782  -0.014048  -0.968518  0.248548  0.000059  -0.000180  -0.000720  -0.890717  0.159611  0.012202  2.000000  
77.460672 0.011052  0.099702  -0.005666  0.996256  0.007856  0.086094  -0.085324  0.249635  0.964574  -0.013915  -0.968308  0.249371  0.000039  -0.000235  -0.000732  -0.890736  0.153946  0.018072  2.000000  
77.461675 0.011052  0.099702  -0.005667  0.996256  0.007929  0.086087  -0.085324  0.250454  0.964361  -0.013915  -0.968096  0.250193  0.000006  -0.000286  -0.000709  -0.886680  0.147227  0.019572  2.000000  
77.462923 0.011051  0.099701  -0.005668  0.996275  0.008090  0.085847  -0.085119  0.251380  0.964138  -0.013781  -0.967855  0.251132  -0.000026  -0.000333  -0.000674  -0.878542  0.148322  0.023779  2.000000  
77.464168 0.011051  0.099700  -0.005669  0.996277  0.008302  0.085806  -0.085120  0.252305  0.963897  -0.013647  -0.967612  0.252072  -0.000046  -0.000393  -0.000698  -0.871118  0.136071  0.031316  2.000000  
77.465170 0.011052  0.099700  -0.005669  0.996279  0.008493  0.085766  -0.085120  0.252995  0.963716  -0.013513  -0.967430  0.252777  -0.000068  -0.000460  -0.000653  -0.863193  0.129396  0.032869  2.000000  
77.466434 0.011052  0.099699  -0.005671  0.996281  0.008705  0.085724  -0.085120  0.253919  0.963473  -0.013379  -0.967186  0.253716  -0.000086  -0.000501  -0.000721  -0.854359  0.123686  0.038730  2.000000  
77.467672 0.011052  0.099698  -0.005672  0.996281  0.008789  0.085716  -0.085120  0.254854  0.963226  -0.013379  -0.966940  0.254654  -0.000121  -0.000581  -0.000778  -0.847651  0.116080  0.039966  2.000000  
77.468928 0.011052  0.099698  -0.005674  0.996300  0.008948  0.085475  -0.084915  0.255779  0.962999  -0.013246  -0.966694  0.255593  -0.000117  -0.000650  -0.000874  -0.838403  0.110369  0.041836  2.000000  
77.470172 0.011052  0.099697  -0.005675  0.996302  0.009149  0.085433  -0.084915  0.256586  0.962784  -0.013112  -0.966478  0.256414  -0.000103  -0.000643  -0.000894  -0.830558  0.104826  0.047792  2.000000  
77.471173 0.011052  0.099696  -0.005676  0.996304  0.009351  0.085391  -0.084915  0.257392  0.962569  -0.012978  -0.966262  0.257235  -0.000109  -0.000699  -0.000940  -0.826443  0.098144  0.049386  2.000000  
77.472424 0.011052  0.099695  -0.005678  0.996305  0.009552  0.085348  -0.084915  0.258198  0.962353  -0.012844  -0.966045  0.258056  -0.000084  -0.000705  -0.001010  -0.815960  0.091857  0.054921  2.000000  
77.473677 0.011052  0.099694  -0.005680  0.996307  0.009764  0.085305  -0.084915  0.259121  0.962105  -0.012711  -0.965795  0.258993  -0.000014  -0.000658  -0.001017  -0.810297  0.085945  0.056960  2.000000  
77.474923 0.011052  0.099693  -0.005681  0.996309  0.009965  0.085262  -0.084916  0.259927  0.961887  -0.012577  -0.965577  0.259814  0.000012  -0.000653  -0.001070  -0.798261  0.080428  0.062953  2.000000  
77.476173 0.011053  0.099692  -0.005683  0.996310  0.010176  0.085217  -0.084916  0.260849  0.961638  -0.012443  -0.965326  0.260751  0.000064  -0.000660  -0.001091  -0.794371  0.074922  0.068959  2.000000  
77.477423 0.011053  0.099691  -0.005685  0.996310  0.010249  0.085208  -0.084916  0.261666  0.961416  -0.012443  -0.965104  0.261571  0.000103  -0.000669  -0.001196  -0.786354  0.067166  0.066266  2.000000  
77.478426 0.011054  0.099691  -0.005687  0.996312  0.010439  0.085166  -0.084916  0.262354  0.961228  -0.012309  -0.964915  0.262273  0.000158  -0.000645  -0.001245  -0.782077  0.068330  0.070549  2.000000  
77.479670 0.011054  0.099690  -0.005690  0.996314  0.010640  0.085122  -0.084916  0.263160  0.961008  -0.012175  -0.964694  0.263093  0.000177  -0.000676  -0.001385  -0.774041  0.061704  0.072228  2.000000  
77.480677 0.011055  0.099690  -0.005691  0.996315  0.010831  0.085079  -0.084916  0.263848  0.960819  -0.012042  -0.964503  0.263795  0.000222  -0.000659  -0.001421  -0.765831  0.062898  0.076520  2.000000  
77.481923 0.011055  0.099689  -0.005694  0.996317  0.011032  0.085035  -0.084916  0.264653  0.960598  -0.011908  -0.964281  0.264615  0.000231  -0.000699  -0.001549  -0.761962  0.056283  0.078230  2.000000  
77.483171 0.011056  0.099689  -0.005697  0.996319  0.011232  0.084990  -0.084916  0.265457  0.960376  -0.011774  -0.964057  0.265434  0.000285  -0.000644  -0.001620  -0.755828  0.049252  0.079289  2.000000  
77.484426 0.011057  0.099688  -0.005700  0.996320  0.011433  0.084945  -0.084917  0.266262  0.960153  -0.011640  -0.963833  0.266253  0.000309  -0.000649  -0.001685  -0.747774  0.050471  0.083558  2.000000  
77.485440 0.011057  0.099688  -0.005701  0.996320  0.011495  0.084936  -0.084917  0.266960  0.959959  -0.011640  -0.963639  0.266954  0.000347  -0.000607  -0.001735  -0.745474  0.043094  0.081585  2.000000  
77.486673 0.011058  0.099687  -0.005704  0.996322  0.011695  0.084891  -0.084917  0.267764  0.959735  -0.011506  -0.963413  0.267773  0.000402  -0.000583  -0.001785  -0.737704  0.044352  0.085931  2.000000  
77.487675 0.011059  0.099686  -0.005706  0.996323  0.011885  0.084847  -0.084917  0.268452  0.959543  -0.011373  -0.963220  0.268474  0.000448  -0.000534  -0.001843  -0.737632  0.044410  0.085890  2.000000  
77.488922 0.011059  0.099686  -0.005708  0.996323  0.011957  0.084836  -0.084917  0.269266  0.959315  -0.011373  -0.962991  0.269292  0.000493  -0.000486  -0.001902  -0.735698  0.037484  0.086924  2.000000  
77.489923 0.011060  0.099686  -0.005710  0.996325  0.012148  0.084792  -0.084917  0.269954  0.959122  -0.011239  -0.962797  0.269993  0.000510  -0.000484  -0.001940  -0.731705  0.037555  0.086900  2.000000  
77.490923 0.011061  0.099685  -0.005713  0.996325  0.012199  0.084784  -0.084917  0.270535  0.958958  -0.011239  -0.962633  0.270577  0.000574  -0.000467  -0.002021  -0.725540  0.036765  0.083248  2.000000  
77.492172 0.011061  0.099684  -0.005716  0.996326  0.012410  0.084736  -0.084917  0.271455  0.958698  -0.011105  -0.962371  0.271511  0.000577  -0.000446  -0.002066  -0.721568  0.030172  0.085020  2.000000  
77.493420 0.011063  0.099684  -0.005719  0.996328  0.012610  0.084689  -0.084917  0.272258  0.958470  -0.010971  -0.962142  0.272329  0.000605  -0.000448  -0.002137  -0.719707  0.029992  0.084300  2.000000  
77.494420 0.011063  0.099684  -0.005722  0.996328  0.012661  0.084682  -0.084917  0.272839  0.958305  -0.010971  -0.961976  0.272912  0.000608  -0.000427  -0.002181  -0.715622  0.030046  0.084275  2.000000  
77.495435 0.011064  0.099684  -0.005724  0.996329  0.012841  0.084638  -0.084917  0.273409  0.958142  -0.010837  -0.961812  0.273496  0.000608  -0.000410  -0.002226  -0.709047  0.030351  0.084917  2.000000  
77.496671 0.011065  0.099683  -0.005727  0.996330  0.013041  0.084590  -0.084917  0.274212  0.957913  -0.010704  -0.961581  0.274313  0.000652  -0.000379  -0.002238  -0.705214  0.030438  0.084918  2.000000  
77.497676 0.011066  0.099683  -0.005730  0.996348  0.013035  0.084385  -0.084712  0.274795  0.957764  -0.010704  -0.961414  0.274896  0.000673  -0.000410  -0.002265  -0.699607  0.037537  0.083865  2.000000  
77.498918 0.011067  0.099683  -0.005733  0.996348  0.013107  0.084374  -0.084712  0.275608  0.957530  -0.010704  -0.961181  0.275712  0.000707  -0.000355  -0.002286  -0.695595  0.029140  0.079900  2.000000  
77.499921 0.011068  0.099683  -0.005735  0.996348  0.013169  0.084364  -0.084712  0.276305  0.957329  -0.010704  -0.960980  0.276412  0.000748  -0.000330  -0.002303  -0.695414  0.028002  0.075558  2.000000  
77.500922 0.011069  0.099683  -0.005737  0.996349  0.013348  0.084319  -0.084712  0.276875  0.957165  -0.010570  -0.960813  0.276995  0.000791  -0.000301  -0.002312  -0.691406  0.029245  0.079842  2.000000  
77.502172 0.011071  0.099682  -0.005740  0.996349  0.013409  0.084310  -0.084712  0.277571  0.956963  -0.010570  -0.960611  0.277694  0.000804  -0.000306  -0.002351  -0.684920  0.027151  0.071812  2.000000  
77.503424 0.011071  0.099682  -0.005743  0.996349  0.013481  0.084298  -0.084712  0.278384  0.956727  -0.010570  -0.960375  0.278510  0.000846  -0.000278  -0.002364  -0.680866  0.026009  0.067457  2.000000  
77.504425 0.011072  0.099682  -0.005745  0.996351  0.013660  0.084253  -0.084713  0.278953  0.956561  -0.010436  -0.960208  0.279092  0.000859  -0.000281  -0.002399  -0.676680  0.027261  0.071760  2.000000  
77.505436 0.011073  0.099681  -0.005747  0.996368  0.013653  0.084048  -0.084507  0.279536  0.956409  -0.010436  -0.960038  0.279675  0.000835  -0.000254  -0.002372  -0.675100  0.032480  0.065010  2.000000  
77.506672 0.011074  0.099681  -0.005751  0.996368  0.013715  0.084038  -0.084507  0.280232  0.956205  -0.010436  -0.959834  0.280373  0.000877  -0.000225  -0.002383  -0.668434  0.031590  0.061187  2.000000  
