1-Time 2-Px 3-Py 4-Pz 5-R11 6-R21 7-R31 8-R12 9-R22 10-R32 11-R13 12-R23 13-R33 14-Vx 15-Vy 16-Vz 17-Wx 18-Wy 19-Wz 20-state 21-PR11 22-PR21 23-PR31 24-PR12 25-PR22 26-PR32 27-PR13 28-PR23 29-PR33 
102.974141 0.001280  0.089362  -0.004788  0.998007  -0.021690  -0.059260  0.022810  0.999572  0.018300  0.058837  -0.019615  0.998075  0.000137  -0.000150  -0.000477  0.000000  0.000000  0.000000  2.000000  
102.975169 0.001280  0.089361  -0.004789  0.998007  -0.021690  -0.059260  0.022810  0.999572  0.018300  0.058837  -0.019615  0.998075  0.000108  -0.000178  -0.000504  0.000000  0.000000  0.000000  2.000000  
102.976399 0.001279  0.089358  -0.004790  0.997999  -0.021687  -0.059393  0.022810  0.999572  0.018297  0.058971  -0.019615  0.998067  0.000049  -0.000330  -0.000565  0.000000  0.000000  0.000000  2.000000  
102.977645 0.001278  0.089355  -0.004792  0.997983  -0.021674  -0.059663  0.022810  0.999570  0.018412  0.059238  -0.019735  0.998049  -0.000026  -0.000554  -0.000625  0.000000  0.000000  0.000000  2.000000  
102.978893 0.001277  0.089351  -0.004793  0.997963  -0.021868  -0.059936  0.023015  0.999564  0.018514  0.059505  -0.019856  0.998030  -0.000066  -0.000797  -0.000730  0.000000  0.000000  0.000000  2.000000  
102.979899 0.001276  0.089347  -0.004795  0.997955  -0.021865  -0.060070  0.023014  0.999564  0.018511  0.059639  -0.019856  0.998023  -0.000142  -0.001033  -0.000800  0.000000  0.000000  0.000000  2.000000  
102.981143 0.001276  0.089342  -0.004796  0.997947  -0.021855  -0.060206  0.023014  0.999562  0.018630  0.059772  -0.019977  0.998012  -0.000176  -0.001356  -0.000852  0.000000  0.000000  0.000000  2.000000  
102.982147 0.001275  0.089338  -0.004797  0.997947  -0.021848  -0.060209  0.023014  0.999559  0.018751  0.059772  -0.020098  0.998010  -0.000236  -0.001626  -0.000891  0.000000  0.000000  0.000000  2.000000  
102.983397 0.001275  0.089334  -0.004799  0.997939  -0.021845  -0.060342  0.023014  0.999559  0.018748  0.059906  -0.020098  0.998002  -0.000277  -0.001924  -0.000952  0.000000  0.000000  0.000000  2.000000  
102.984400 0.001274  0.089330  -0.004801  0.997931  -0.021842  -0.060476  0.023014  0.999559  0.018745  0.060039  -0.020098  0.997994  -0.000339  -0.002151  -0.001045  0.000000  0.000000  0.000000  2.000000  
102.985410 0.001273  0.089326  -0.004803  0.997915  -0.021837  -0.060743  0.023014  0.999560  0.018738  0.060307  -0.020097  0.997978  -0.000431  -0.002403  -0.001156  0.000000  0.000000  0.000000  2.000000  
102.986411 0.001271  0.089323  -0.004806  0.997906  -0.021827  -0.060879  0.023013  0.999557  0.018857  0.060440  -0.020218  0.997967  -0.000569  -0.002635  -0.001309  0.000000  0.000000  0.000000  2.000000  
102.987648 0.001268  0.089318  -0.004809  0.997877  -0.022025  -0.061283  0.023218  0.999553  0.018835  0.060841  -0.020218  0.997943  -0.000749  -0.002948  -0.001525  0.000000  0.000000  0.000000  2.000000  
102.988649 0.001267  0.089314  -0.004813  0.997869  -0.022022  -0.061417  0.023218  0.999553  0.018832  0.060974  -0.020218  0.997935  -0.000890  -0.003257  -0.001709  0.000000  0.000000  0.000000  2.000000  
102.989897 0.001264  0.089308  -0.004816  0.997853  -0.022016  -0.061683  0.023218  0.999553  0.018825  0.061241  -0.020217  0.997918  -0.001071  -0.003619  -0.001874  0.000000  0.000000  0.000000  2.000000  
102.990898 0.001261  0.089302  -0.004819  0.997845  -0.022014  -0.061817  0.023217  0.999553  0.018822  0.061375  -0.020217  0.997910  -0.001221  -0.003840  -0.001990  0.000000  0.000000  0.000000  2.000000  
102.992148 0.001258  0.089295  -0.004822  0.997828  -0.022001  -0.062087  0.023217  0.999551  0.018937  0.061642  -0.020338  0.997891  -0.001372  -0.004113  -0.002056  0.000000  0.000000  0.000000  2.000000  
102.993399 0.001255  0.089288  -0.004824  0.997820  -0.021998  -0.062220  0.023217  0.999551  0.018934  0.061776  -0.020338  0.997883  -0.001467  -0.004288  -0.002068  0.000000  0.000000  0.000000  2.000000  
102.994643 0.001251  0.089280  -0.004826  0.997803  -0.021985  -0.062490  0.023217  0.999549  0.019049  0.062043  -0.020458  0.997864  -0.001693  -0.004504  -0.002116  0.000000  0.000000  0.000000  2.000000  
102.995648 0.001248  0.089273  -0.004827  0.997787  -0.021972  -0.062759  0.023216  0.999547  0.019164  0.062310  -0.020579  0.997845  -0.001933  -0.004766  -0.002146  0.000000  0.000000  0.000000  2.000000  
102.996649 0.001244  0.089266  -0.004829  0.997770  -0.021959  -0.063029  0.023216  0.999545  0.019279  0.062577  -0.020700  0.997825  -0.002137  -0.004977  -0.002132  0.000000  0.000000  0.000000  2.000000  
102.997896 0.001240  0.089257  -0.004831  0.997745  -0.021943  -0.063432  0.023215  0.999542  0.019391  0.062977  -0.020820  0.997798  -0.002333  -0.005273  -0.002184  0.000000  0.000000  0.000000  2.000000  
102.998896 0.001237  0.089250  -0.004833  0.997728  -0.021930  -0.063702  0.023215  0.999540  0.019506  0.063245  -0.020941  0.997778  -0.002504  -0.005516  -0.002226  0.000000  0.000000  0.000000  2.000000  
103.000143 0.001233  0.089241  -0.004836  0.997716  -0.021718  -0.063964  0.023009  0.999545  0.019513  0.063512  -0.020940  0.997761  -0.002671  -0.005791  -0.002261  0.000000  0.000000  0.000000  2.000000  
103.001146 0.001230  0.089234  -0.004839  0.997707  -0.021708  -0.064101  0.023009  0.999542  0.019631  0.063645  -0.021061  0.997750  -0.002728  -0.005977  -0.002246  0.000000  0.000000  0.000000  2.000000  
103.002400 0.001226  0.089225  -0.004842  0.997699  -0.021705  -0.064234  0.023009  0.999543  0.019628  0.063779  -0.021061  0.997742  -0.002875  -0.006335  -0.002222  0.000000  0.000000  0.000000  2.000000  
103.003400 0.001223  0.089218  -0.004844  0.997695  -0.021488  -0.064366  0.022803  0.999545  0.019760  0.063912  -0.021182  0.997731  -0.002936  -0.006473  -0.002152  0.052984  0.170805  0.003491  2.000000  
103.004401 0.001220  0.089211  -0.004847  0.997686  -0.021486  -0.064500  0.022803  0.999545  0.019757  0.064046  -0.021182  0.997722  -0.003013  -0.006638  -0.002135  0.052989  0.175316  0.003584  2.000000  
103.005410 0.001217  0.089206  -0.004849  0.997678  -0.021483  -0.064633  0.022803  0.999545  0.019754  0.064179  -0.021182  0.997714  -0.002993  -0.006648  -0.002027  0.052980  0.179780  0.003675  2.000000  
103.006647 0.001213  0.089198  -0.004851  0.997669  -0.021472  -0.064769  0.022802  0.999542  0.019872  0.064313  -0.021302  0.997702  -0.003031  -0.006687  -0.001990  0.053004  0.175365  0.003606  2.000000  
103.007648 0.001211  0.089192  -0.004852  0.997661  -0.021469  -0.064903  0.022802  0.999543  0.019869  0.064446  -0.021302  0.997694  -0.003029  -0.006665  -0.001918  0.053428  0.170712  0.010418  2.000000  
103.008650 0.001208  0.089186  -0.004853  0.997661  -0.021461  -0.064905  0.022802  0.999540  0.019990  0.064446  -0.021423  0.997691  -0.003101  -0.006699  -0.001910  0.000000  0.000000  0.000000  2.000000  
103.009896 0.001204  0.089178  -0.004854  0.997657  -0.021253  -0.065034  0.022597  0.999545  0.020000  0.064580  -0.021423  0.997683  -0.003080  -0.006707  -0.001860  0.000000  0.000000  0.000000  2.000000  
103.011149 0.001200  0.089169  -0.004856  0.997648  -0.021242  -0.065170  0.022596  0.999542  0.020119  0.064713  -0.021544  0.997671  -0.003050  -0.006681  -0.001841  0.000000  0.000000  0.000000  2.000000  
103.012401 0.001196  0.089160  -0.004857  0.997648  -0.021234  -0.065173  0.022596  0.999540  0.020240  0.064713  -0.021665  0.997669  -0.003024  -0.006672  -0.001776  0.000000  0.000000  0.000000  2.000000  
103.013649 0.001192  0.089151  -0.004858  0.997648  -0.021234  -0.065173  0.022596  0.999540  0.020240  0.064713  -0.021665  0.997669  -0.003058  -0.006685  -0.001666  0.000000  0.000000  0.000000  2.000000  
103.014893 0.001188  0.089142  -0.004858  0.997653  -0.021020  -0.065171  0.022391  0.999542  0.020375  0.064713  -0.021786  0.997666  -0.003043  -0.006704  -0.001508  0.000000  0.000000  0.000000  2.000000  
103.015895 0.001185  0.089134  -0.004858  0.997644  -0.021009  -0.065307  0.022391  0.999539  0.020493  0.064847  -0.021907  0.997655  -0.003031  -0.006736  -0.001360  0.000000  0.000000  0.000000  2.000000  
103.016895 0.001182  0.089128  -0.004859  0.997644  -0.021009  -0.065307  0.022391  0.999539  0.020493  0.064847  -0.021907  0.997655  -0.003012  -0.006732  -0.001171  0.000000  0.000000  0.000000  2.000000  
103.018146 0.001179  0.089119  -0.004859  0.997644  -0.021002  -0.065310  0.022391  0.999537  0.020614  0.064847  -0.022028  0.997652  -0.003017  -0.006722  -0.000999  0.000000  0.000000  0.000000  2.000000  
103.019150 0.001176  0.089113  -0.004860  0.997644  -0.021002  -0.065310  0.022391  0.999537  0.020614  0.064847  -0.022028  0.997652  -0.003026  -0.006686  -0.000881  0.000000  0.000000  0.000000  2.000000  
103.020399 0.001173  0.089105  -0.004861  0.997649  -0.020788  -0.065308  0.022185  0.999539  0.020749  0.064847  -0.022149  0.997649  -0.002984  -0.006711  -0.000842  0.000000  0.000000  0.000000  2.000000  
103.021400 0.001170  0.089099  -0.004863  0.997657  -0.020791  -0.065175  0.022186  0.999538  0.020752  0.064713  -0.022149  0.997658  -0.002945  -0.006705  -0.000812  0.000000  0.000000  0.000000  2.000000  
103.022402 0.001167  0.089093  -0.004865  0.997657  -0.020791  -0.065175  0.022186  0.999538  0.020752  0.064713  -0.022149  0.997658  -0.002995  -0.006772  -0.000879  0.000000  0.000000  0.000000  2.000000  
103.023651 0.001163  0.089084  -0.004867  0.997670  -0.020588  -0.065037  0.021980  0.999543  0.020768  0.064580  -0.022149  0.997667  -0.003007  -0.006783  -0.000975  0.000000  0.000000  0.000000  2.000000  
103.024894 0.001159  0.089077  -0.004870  0.997679  -0.020583  -0.064906  0.021981  0.999540  0.020892  0.064446  -0.022270  0.997673  -0.002999  -0.006748  -0.001020  0.000000  0.000000  0.000000  2.000000  
103.025897 0.001156  0.089071  -0.004871  0.997684  -0.020377  -0.064902  0.021775  0.999544  0.020906  0.064446  -0.022270  0.997673  -0.002979  -0.006672  -0.001064  0.000000  0.000000  0.000000  2.000000  
103.027148 0.001151  0.089063  -0.004873  0.997684  -0.020377  -0.064902  0.021775  0.999544  0.020906  0.064446  -0.022270  0.997673  -0.003035  -0.006590  -0.001124  0.000000  0.000000  0.000000  2.000000  
103.028395 0.001147  0.089055  -0.004874  0.997684  -0.020369  -0.064904  0.021775  0.999542  0.021027  0.064446  -0.022391  0.997670  -0.003083  -0.006514  -0.001089  0.000000  0.000000  0.000000  2.000000  
103.029651 0.001141  0.089047  -0.004876  0.997688  -0.020164  -0.064900  0.021570  0.999546  0.021040  0.064446  -0.022391  0.997670  -0.003183  -0.006454  -0.001179  0.000000  0.000000  0.000000  2.000000  
103.030892 0.001136  0.089038  -0.004877  0.997697  -0.020159  -0.064769  0.021570  0.999543  0.021164  0.064313  -0.022513  0.997676  -0.003261  -0.006428  -0.001247  0.000000  0.000000  0.000000  2.000000  
103.031895 0.001132  0.089032  -0.004878  0.997701  -0.019953  -0.064765  0.021365  0.999547  0.021178  0.064313  -0.022513  0.997676  -0.003343  -0.006407  -0.001316  0.000000  0.000000  0.000000  2.000000  
103.033143 0.001127  0.089024  -0.004881  0.997701  -0.019953  -0.064765  0.021365  0.999547  0.021178  0.064313  -0.022513  0.997676  -0.003420  -0.006370  -0.001428  0.000000  0.000000  0.000000  2.000000  
103.034146 0.001123  0.089017  -0.004883  0.997701  -0.019953  -0.064765  0.021365  0.999547  0.021178  0.064313  -0.022513  0.997676  -0.003499  -0.006407  -0.001571  0.000000  0.000000  0.000000  2.000000  
103.035147 0.001119  0.089010  -0.004886  0.997705  -0.019747  -0.064760  0.021159  0.999552  0.021191  0.064313  -0.022513  0.997676  -0.003611  -0.006411  -0.001659  0.000000  0.000000  0.000000  2.000000  
103.036150 0.001114  0.089003  -0.004889  0.997705  -0.019739  -0.064763  0.021159  0.999549  0.021312  0.064313  -0.022634  0.997673  -0.003763  -0.006476  -0.001767  0.000000  0.000000  0.000000  2.000000  
103.037400 0.001109  0.088995  -0.004893  0.997705  -0.019739  -0.064763  0.021159  0.999549  0.021312  0.064313  -0.022634  0.997673  -0.003848  -0.006475  -0.001877  0.000000  0.000000  0.000000  2.000000  
103.038423 0.001105  0.088989  -0.004896  0.997710  -0.019534  -0.064758  0.020954  0.999553  0.021326  0.064313  -0.022634  0.997673  -0.003948  -0.006476  -0.001913  0.000000  0.000000  0.000000  2.000000  
103.039649 0.001099  0.088981  -0.004899  0.997710  -0.019534  -0.064758  0.020954  0.999553  0.021326  0.064313  -0.022634  0.997673  -0.004067  -0.006489  -0.002005  0.000000  0.000000  0.000000  2.000000  
103.040897 0.001094  0.088974  -0.004902  0.997710  -0.019534  -0.064758  0.020954  0.999553  0.021326  0.064313  -0.022634  0.997673  -0.004130  -0.006460  -0.002059  0.000000  0.000000  0.000000  2.000000  
103.041898 0.001089  0.088967  -0.004905  0.997714  -0.019328  -0.064754  0.020748  0.999557  0.021339  0.064313  -0.022634  0.997673  -0.004208  -0.006503  -0.002158  0.000000  0.000000  0.000000  2.000000  
103.042901 0.001085  0.088960  -0.004908  0.997714  -0.019328  -0.064754  0.020748  0.999557  0.021339  0.064313  -0.022634  0.997673  -0.004288  -0.006537  -0.002303  0.000000  0.000000  0.000000  2.000000  
103.043903 0.001080  0.088953  -0.004912  0.997714  -0.019328  -0.064754  0.020748  0.999557  0.021339  0.064313  -0.022634  0.997673  -0.004355  -0.006577  -0.002482  0.000000  0.000000  0.000000  2.000000  
103.045145 0.001073  0.088944  -0.004916  0.997714  -0.019328  -0.064754  0.020748  0.999557  0.021339  0.064313  -0.022634  0.997673  -0.004426  -0.006624  -0.002663  0.000000  0.000000  0.000000  2.000000  
103.046393 0.001067  0.088935  -0.004920  0.997705  -0.019325  -0.064887  0.020748  0.999557  0.021336  0.064446  -0.022633  0.997664  -0.004509  -0.006627  -0.002851  0.000000  0.000000  0.000000  2.000000  
103.047647 0.001060  0.088927  -0.004924  0.997705  -0.019325  -0.064887  0.020748  0.999557  0.021336  0.064446  -0.022633  0.997664  -0.004595  -0.006682  -0.002952  0.000000  0.000000  0.000000  2.000000  
103.048893 0.001054  0.088918  -0.004927  0.997705  -0.019325  -0.064887  0.020748  0.999557  0.021336  0.064446  -0.022633  0.997664  -0.004640  -0.006661  -0.002991  0.000000  0.000000  0.000000  2.000000  
103.050147 0.001048  0.088909  -0.004931  0.997705  -0.019325  -0.064887  0.020748  0.999557  0.021336  0.064446  -0.022633  0.997664  -0.004758  -0.006728  -0.002983  0.000000  0.000000  0.000000  2.000000  
103.051395 0.001042  0.088901  -0.004933  0.997705  -0.019325  -0.064887  0.020748  0.999557  0.021336  0.064446  -0.022633  0.997664  -0.004735  -0.006723  -0.002921  0.000000  0.000000  0.000000  2.000000  
103.052406 0.001038  0.088895  -0.004935  0.997697  -0.019322  -0.065021  0.020748  0.999557  0.021333  0.064580  -0.022633  0.997656  -0.004754  -0.006725  -0.002854  0.000000  0.000000  0.000000  2.000000  
103.053650 0.001032  0.088887  -0.004939  0.997697  -0.019322  -0.065021  0.020748  0.999557  0.021333  0.064580  -0.022633  0.997656  -0.004761  -0.006713  -0.002854  0.000000  0.000000  0.000000  2.000000  
103.054896 0.001026  0.088879  -0.004942  0.997697  -0.019322  -0.065021  0.020748  0.999557  0.021333  0.064580  -0.022633  0.997656  -0.004785  -0.006761  -0.002863  0.000000  0.000000  0.000000  2.000000  
103.055897 0.001022  0.088872  -0.004946  0.997697  -0.019322  -0.065021  0.020748  0.999557  0.021333  0.064580  -0.022633  0.997656  -0.004817  -0.006775  -0.002892  0.000000  0.000000  0.000000  2.000000  
103.056898 0.001018  0.088865  -0.004949  0.997697  -0.019330  -0.065018  0.020748  0.999560  0.021212  0.064580  -0.022512  0.997659  -0.004752  -0.006790  -0.002917  0.000000  0.000000  0.000000  2.000000  
103.058148 0.001013  0.088857  -0.004954  0.997697  -0.019330  -0.065018  0.020748  0.999560  0.021212  0.064580  -0.022512  0.997659  -0.004689  -0.006787  -0.002966  0.000000  0.000000  0.000000  2.000000  
103.059150 0.001009  0.088850  -0.004957  0.997697  -0.019330  -0.065018  0.020748  0.999560  0.021212  0.064580  -0.022512  0.997659  -0.004638  -0.006809  -0.002970  0.000000  0.000000  0.000000  2.000000  
103.060399 0.001004  0.088841  -0.004961  0.997697  -0.019330  -0.065018  0.020748  0.999560  0.021212  0.064580  -0.022512  0.997659  -0.004516  -0.006756  -0.002956  0.000000  0.000000  0.000000  2.000000  
103.061643 0.000999  0.088833  -0.004965  0.997697  -0.019330  -0.065018  0.020748  0.999560  0.021212  0.064580  -0.022512  0.997659  -0.004433  -0.006729  -0.002939  0.000000  0.000000  0.000000  2.000000  
103.062899 0.000994  0.088824  -0.004968  0.997697  -0.019330  -0.065018  0.020748  0.999560  0.021212  0.064580  -0.022512  0.997659  -0.004306  -0.006724  -0.002898  0.000000  0.000000  0.000000  2.000000  
103.064145 0.000990  0.088816  -0.004971  0.997697  -0.019322  -0.065021  0.020748  0.999557  0.021333  0.064580  -0.022633  0.997656  -0.004213  -0.006706  -0.002900  0.000000  0.000000  0.000000  2.000000  
103.065409 0.000985  0.088808  -0.004975  0.997697  -0.019322  -0.065021  0.020748  0.999557  0.021333  0.064580  -0.022633  0.997656  -0.004093  -0.006674  -0.002959  0.000000  0.000000  0.000000  2.000000  
103.066645 0.000982  0.088799  -0.004979  0.997697  -0.019322  -0.065021  0.020748  0.999557  0.021333  0.064580  -0.022633  0.997656  -0.003962  -0.006674  -0.002971  0.000000  0.000000  0.000000  2.000000  
103.067894 0.000978  0.088792  -0.004983  0.997697  -0.019322  -0.065021  0.020748  0.999557  0.021333  0.064580  -0.022633  0.997656  -0.003850  -0.006640  -0.003064  0.000000  0.000000  0.000000  2.000000  
103.068900 0.000975  0.088785  -0.004986  0.997697  -0.019322  -0.065021  0.020748  0.999557  0.021333  0.064580  -0.022633  0.997656  -0.003712  -0.006658  -0.003107  0.000000  0.000000  0.000000  2.000000  
103.070148 0.000971  0.088778  -0.004991  0.997701  -0.019124  -0.065014  0.020543  0.999564  0.021225  0.064580  -0.022512  0.997659  -0.003604  -0.006582  -0.003144  0.000000  0.000000  0.000000  2.000000  
103.071400 0.000968  0.088771  -0.004995  0.997701  -0.019124  -0.065014  0.020543  0.999564  0.021225  0.064580  -0.022512  0.997659  -0.003458  -0.006523  -0.003157  0.000000  0.000000  0.000000  2.000000  
103.072400 0.000966  0.088765  -0.004998  0.997701  -0.019124  -0.065014  0.020543  0.999564  0.021225  0.064580  -0.022512  0.997659  -0.003308  -0.006429  -0.003146  0.000000  0.000000  0.000000  2.000000  
103.073658 0.000963  0.088758  -0.005003  0.997701  -0.019124  -0.065014  0.020543  0.999564  0.021225  0.064580  -0.022512  0.997659  -0.003173  -0.006362  -0.003186  0.000000  0.000000  0.000000  2.000000  
103.074897 0.000960  0.088751  -0.005008  0.997701  -0.019124  -0.065014  0.020543  0.999564  0.021225  0.064580  -0.022512  0.997659  -0.003018  -0.006252  -0.003220  0.000000  0.000000  0.000000  2.000000  
103.075898 0.000958  0.088745  -0.005012  0.997701  -0.019124  -0.065014  0.020543  0.999564  0.021225  0.064580  -0.022512  0.997659  -0.002885  -0.006138  -0.003279  0.000000  0.000000  0.000000  2.000000  
103.077147 0.000956  0.088738  -0.005017  0.997701  -0.019124  -0.065014  0.020543  0.999564  0.021225  0.064580  -0.022512  0.997659  -0.002746  -0.006059  -0.003402  0.000000  0.000000  0.000000  2.000000  
103.078399 0.000953  0.088731  -0.005023  0.997705  -0.018918  -0.065010  0.020337  0.999568  0.021239  0.064580  -0.022512  0.997659  -0.002588  -0.005960  -0.003565  0.000000  0.000000  0.000000  2.000000  
103.079649 0.000951  0.088724  -0.005029  0.997705  -0.018910  -0.065012  0.020337  0.999565  0.021360  0.064580  -0.022633  0.997656  -0.002459  -0.005884  -0.003746  0.000000  0.000000  0.000000  2.000000  
103.080895 0.000948  0.088717  -0.005035  0.997705  -0.018910  -0.065012  0.020337  0.999565  0.021360  0.064580  -0.022633  0.997656  -0.002364  -0.005838  -0.003950  0.000000  0.000000  0.000000  2.000000  
103.081898 0.000946  0.088711  -0.005041  0.997705  -0.018910  -0.065012  0.020337  0.999565  0.021360  0.064580  -0.022633  0.997656  -0.002310  -0.005808  -0.004136  0.000000  0.000000  0.000000  2.000000  
103.083145 0.000944  0.088704  -0.005048  0.997709  -0.018704  -0.065008  0.020132  0.999569  0.021373  0.064580  -0.022633  0.997656  -0.002182  -0.005734  -0.004319  0.000000  0.000000  0.000000  2.000000  
103.084146 0.000943  0.088699  -0.005053  0.997709  -0.018704  -0.065008  0.020132  0.999569  0.021373  0.064580  -0.022633  0.997656  -0.002095  -0.005656  -0.004380  0.000000  0.000000  0.000000  2.000000  
103.085148 0.000942  0.088695  -0.005057  0.997709  -0.018704  -0.065008  0.020132  0.999569  0.021373  0.064580  -0.022633  0.997656  -0.001977  -0.005545  -0.004440  0.000000  0.000000  0.000000  2.000000  
103.086151 0.000941  0.088690  -0.005062  0.997709  -0.018704  -0.065008  0.020132  0.999569  0.021373  0.064580  -0.022633  0.997656  -0.001867  -0.005478  -0.004569  0.000000  0.000000  0.000000  2.000000  
103.087400 0.000939  0.088684  -0.005069  0.997714  -0.018499  -0.065003  0.019926  0.999573  0.021387  0.064580  -0.022633  0.997656  -0.001802  -0.005389  -0.004730  0.000000  0.000000  0.000000  2.000000  
103.088650 0.000938  0.088679  -0.005076  0.997705  -0.018496  -0.065137  0.019926  0.999573  0.021384  0.064713  -0.022633  0.997647  -0.001687  -0.005240  -0.004848  0.000000  0.000000  0.000000  2.000000  
103.089653 0.000937  0.088675  -0.005082  0.997705  -0.018496  -0.065137  0.019926  0.999573  0.021384  0.064713  -0.022633  0.997647  -0.001609  -0.005165  -0.005009  0.000000  0.000000  0.000000  2.000000  
103.090898 0.000935  0.088669  -0.005089  0.997705  -0.018496  -0.065137  0.019926  0.999573  0.021384  0.064713  -0.022633  0.997647  -0.001540  -0.005066  -0.005200  0.000000  0.000000  0.000000  2.000000  
103.091898 0.000934  0.088665  -0.005095  0.997705  -0.018496  -0.065137  0.019926  0.999573  0.021384  0.064713  -0.022633  0.997647  -0.001459  -0.004956  -0.005293  0.000000  0.000000  0.000000  2.000000  
103.093147 0.000933  0.088660  -0.005103  0.997709  -0.018290  -0.065132  0.019721  0.999577  0.021398  0.064713  -0.022633  0.997647  -0.001372  -0.004828  -0.005430  0.000000  0.000000  0.000000  2.000000  
103.094451 0.000932  0.088654  -0.005111  0.997700  -0.018287  -0.065266  0.019721  0.999577  0.021395  0.064847  -0.022633  0.997639  -0.001273  -0.004705  -0.005536  0.000000  0.000000  0.000000  2.000000  
103.095649 0.000931  0.088650  -0.005118  0.997700  -0.018287  -0.065266  0.019721  0.999577  0.021395  0.064847  -0.022633  0.997639  -0.001193  -0.004534  -0.005615  0.000000  0.000000  0.000000  2.000000  
103.096651 0.000930  0.088645  -0.005125  0.997700  -0.018287  -0.065266  0.019721  0.999577  0.021395  0.064847  -0.022633  0.997639  -0.001118  -0.004444  -0.005664  0.000000  0.000000  0.000000  2.000000  
103.097960 0.000929  0.088640  -0.005132  0.997704  -0.018081  -0.065261  0.019515  0.999580  0.021408  0.064847  -0.022633  0.997639  -0.001046  -0.004312  -0.005700  0.000000  0.000000  0.000000  2.000000  
103.099148 0.000928  0.088636  -0.005140  0.997696  -0.018078  -0.065395  0.019515  0.999580  0.021406  0.064980  -0.022633  0.997630  -0.001001  -0.004247  -0.005838  0.000000  0.000000  0.000000  2.000000  
103.100397 0.000927  0.088631  -0.005148  0.997696  -0.018078  -0.065395  0.019515  0.999580  0.021406  0.064980  -0.022633  0.997630  -0.000971  -0.004155  -0.005960  0.000000  0.000000  0.000000  2.000000  
103.101648 0.000926  0.088627  -0.005156  0.997696  -0.018078  -0.065395  0.019515  0.999580  0.021406  0.064980  -0.022633  0.997630  -0.000915  -0.004031  -0.006082  0.000000  0.000000  0.000000  2.000000  
103.102652 0.000926  0.088624  -0.005162  0.997687  -0.018075  -0.065528  0.019515  0.999580  0.021403  0.065114  -0.022632  0.997621  -0.000855  -0.003956  -0.006124  0.000000  0.000000  0.000000  2.000000  
103.103897 0.000926  0.088620  -0.005171  0.997687  -0.018075  -0.065528  0.019515  0.999580  0.021403  0.065114  -0.022632  0.997621  -0.000762  -0.003852  -0.006249  0.000000  0.000000  0.000000  2.000000  
103.104898 0.000925  0.088617  -0.005177  0.997682  -0.017866  -0.065657  0.019309  0.999584  0.021414  0.065247  -0.022632  0.997612  -0.000754  -0.003768  -0.006323  0.000000  0.000000  0.000000  2.000000  
103.105899 0.000925  0.088614  -0.005184  0.997682  -0.017866  -0.065657  0.019309  0.999584  0.021414  0.065247  -0.022632  0.997612  -0.000693  -0.003673  -0.006338  0.000000  0.000000  0.000000  2.000000  
103.107147 0.000925  0.088611  -0.005192  0.997674  -0.017871  -0.065789  0.019309  0.999587  0.021290  0.065381  -0.022511  0.997606  -0.000626  -0.003553  -0.006334  0.000000  0.000000  0.000000  2.000000  
103.108147 0.000924  0.088608  -0.005197  0.997665  -0.017868  -0.065922  0.019309  0.999587  0.021288  0.065514  -0.022511  0.997598  -0.000578  -0.003456  -0.006316  0.000000  0.000000  0.000000  2.000000  
103.109148 0.000924  0.088606  -0.005203  0.997665  -0.017868  -0.065922  0.019309  0.999587  0.021288  0.065514  -0.022511  0.997598  -0.000516  -0.003289  -0.006257  0.000000  0.000000  0.000000  2.000000  
103.110402 0.000924  0.088603  -0.005210  0.997656  -0.017865  -0.066055  0.019309  0.999587  0.021285  0.065648  -0.022511  0.997589  -0.000450  -0.003164  -0.006233  0.000000  0.000000  0.000000  2.000000  
103.111649 0.000924  0.088599  -0.005218  0.997647  -0.017862  -0.066189  0.019309  0.999587  0.021283  0.065781  -0.022510  0.997580  -0.000403  -0.003067  -0.006214  0.000000  0.000000  0.000000  2.000000  
103.112894 0.000923  0.088597  -0.005226  0.997638  -0.017859  -0.066322  0.019309  0.999587  0.021280  0.065915  -0.022510  0.997571  -0.000371  -0.002936  -0.006244  0.000000  0.000000  0.000000  2.000000  
103.113900 0.000923  0.088594  -0.005232  0.997630  -0.017856  -0.066456  0.019308  0.999587  0.021277  0.066048  -0.022510  0.997562  -0.000317  -0.002821  -0.006260  0.000000  0.000000  0.000000  2.000000  
103.115148 0.000923  0.088592  -0.005240  0.997617  -0.018059  -0.066594  0.019514  0.999584  0.021261  0.066182  -0.022510  0.997554  -0.000231  -0.002678  -0.006268  0.000000  0.000000  0.000000  2.000000  
103.116399 0.000923  0.088589  -0.005248  0.997608  -0.018056  -0.066727  0.019513  0.999584  0.021258  0.066315  -0.022510  0.997545  -0.000235  -0.002578  -0.006246  0.000000  0.000000  0.000000  2.000000  
103.117647 0.000923  0.088587  -0.005256  0.997590  -0.018050  -0.066994  0.019513  0.999584  0.021253  0.066582  -0.022509  0.997527  -0.000182  -0.002453  -0.006255  0.000000  0.000000  0.000000  2.000000  
103.118897 0.000923  0.088585  -0.005264  0.997581  -0.018047  -0.067127  0.019513  0.999584  0.021251  0.066716  -0.022509  0.997518  -0.000135  -0.002306  -0.006181  0.000000  0.000000  0.000000  2.000000  
103.119897 0.000924  0.088584  -0.005269  0.997563  -0.018041  -0.067394  0.019513  0.999584  0.021245  0.066983  -0.022509  0.997500  -0.000065  -0.002198  -0.006081  0.000000  0.000000  0.000000  2.000000  
103.120900 0.000924  0.088583  -0.005274  0.997554  -0.018038  -0.067528  0.019512  0.999584  0.021243  0.067116  -0.022508  0.997491  -0.000027  -0.002099  -0.006046  0.000000  0.000000  0.000000  2.000000  
103.122147 0.000925  0.088582  -0.005281  0.997536  -0.018032  -0.067795  0.019512  0.999584  0.021238  0.067383  -0.022508  0.997473  0.000027  -0.001949  -0.005972  0.000000  0.000000  0.000000  2.000000  
103.123147 0.000926  0.088580  -0.005287  0.997527  -0.018029  -0.067928  0.019512  0.999584  0.021235  0.067517  -0.022508  0.997464  0.000081  -0.001875  -0.005944  0.000000  0.000000  0.000000  2.000000  
103.124150 0.000926  0.088579  -0.005292  0.997509  -0.018023  -0.068195  0.019512  0.999584  0.021230  0.067784  -0.022507  0.997446  0.000114  -0.001748  -0.005917  0.000000  0.000000  0.000000  2.000000  
103.125412 0.000927  0.088578  -0.005299  0.997478  -0.018219  -0.068600  0.019716  0.999581  0.021208  0.068184  -0.022507  0.997419  0.000214  -0.001650  -0.005896  0.000000  0.000000  0.000000  2.000000  
103.126646 0.000927  0.088576  -0.005306  0.997460  -0.018213  -0.068866  0.019716  0.999581  0.021203  0.068451  -0.022506  0.997401  0.000240  -0.001557  -0.005840  0.000000  0.000000  0.000000  2.000000  
103.127748 0.000928  0.088575  -0.005311  0.997432  -0.018204  -0.069267  0.019715  0.999581  0.021195  0.068852  -0.022506  0.997373  0.000319  -0.001436  -0.005730  0.000000  0.000000  0.000000  2.000000  
103.128899 0.000929  0.088574  -0.005318  0.997414  -0.018198  -0.069533  0.019715  0.999581  0.021189  0.069119  -0.022505  0.997355  0.000407  -0.001305  -0.005671  0.000000  0.000000  0.000000  2.000000  
103.129900 0.000930  0.088573  -0.005323  0.997395  -0.018192  -0.069800  0.019715  0.999581  0.021184  0.069386  -0.022505  0.997336  0.000461  -0.001258  -0.005564  0.000000  0.000000  0.000000  2.000000  
103.131146 0.000932  0.088572  -0.005328  0.997363  -0.018389  -0.070205  0.019919  0.999578  0.021162  0.069786  -0.022504  0.997308  0.000603  -0.001128  -0.005436  0.000000  0.000000  0.000000  2.000000  
103.132398 0.000934  0.088572  -0.005334  0.997335  -0.018380  -0.070605  0.019919  0.999578  0.021154  0.070187  -0.022504  0.997280  0.000715  -0.001009  -0.005268  -0.004972  0.169750  -0.009857  2.000000  
103.133648 0.000936  0.088572  -0.005340  0.997307  -0.018371  -0.071005  0.019918  0.999578  0.021146  0.070587  -0.022503  0.997252  0.000843  -0.000887  -0.005160  -0.004975  0.183139  -0.009554  2.000000  
103.134898 0.000938  0.088572  -0.005346  0.997278  -0.018362  -0.071406  0.019918  0.999578  0.021138  0.070987  -0.022502  0.997223  0.000936  -0.000811  -0.005103  -0.005446  0.192195  -0.016196  2.000000  
103.135901 0.000940  0.088571  -0.005351  0.997246  -0.018559  -0.071810  0.020123  0.999575  0.021115  0.071388  -0.022502  0.997195  0.001050  -0.000762  -0.005067  -0.005968  0.207443  -0.022928  2.000000  
103.137148 0.000943  0.088571  -0.005356  0.997207  -0.018547  -0.072344  0.020122  0.999575  0.021104  0.071922  -0.022501  0.997156  0.001203  -0.000713  -0.005007  -0.001900  0.220945  -0.022637  2.000000  
103.138408 0.000945  0.088570  -0.005363  0.997178  -0.018538  -0.072744  0.020121  0.999575  0.021096  0.072322  -0.022500  0.997128  0.001346  -0.000638  -0.004949  -0.001907  0.229873  -0.022427  2.000000  
103.139647 0.000949  0.088570  -0.005368  0.997135  -0.018731  -0.073282  0.020326  0.999571  0.021070  0.072856  -0.022499  0.997089  0.001526  -0.000594  -0.004936  -0.002376  0.241552  -0.028788  2.000000  
103.140650 0.000951  0.088569  -0.005373  0.997106  -0.018722  -0.073682  0.020325  0.999572  0.021062  0.073256  -0.022499  0.997059  0.001656  -0.000518  -0.004863  -0.002403  0.257007  -0.028718  2.000000  
103.141897 0.000955  0.088569  -0.005378  0.997067  -0.018710  -0.074215  0.020324  0.999572  0.021051  0.073790  -0.022498  0.997020  0.001833  -0.000463  -0.004737  -0.002415  0.270553  -0.028419  2.000000  
103.142897 0.000958  0.088569  -0.005383  0.997027  -0.018698  -0.074749  0.020323  0.999572  0.021040  0.074323  -0.022497  0.996980  0.001985  -0.000415  -0.004676  -0.002426  0.284014  -0.028111  2.000000  
103.144145 0.000961  0.088568  -0.005388  0.996983  -0.018892  -0.075287  0.020528  0.999568  0.021014  0.074857  -0.022496  0.996940  0.002128  -0.000364  -0.004598  -0.002418  0.295080  -0.027580  2.000000  
103.145145 0.000964  0.088569  -0.005392  0.996943  -0.018880  -0.075820  0.020527  0.999569  0.021003  0.075391  -0.022495  0.996900  0.002239  -0.000317  -0.004563  -0.002429  0.308466  -0.027278  2.000000  
103.146407 0.000968  0.088568  -0.005398  0.996892  -0.018865  -0.076487  0.020526  0.999569  0.020989  0.076058  -0.022494  0.996850  0.002383  -0.000293  -0.004559  -0.002464  0.324358  -0.027186  2.000000  
103.147643 0.000971  0.088568  -0.005404  0.996837  -0.019056  -0.077158  0.020730  0.999565  0.020960  0.076725  -0.022493  0.996799  0.002488  -0.000298  -0.004571  -0.002951  0.339841  -0.033416  2.000000  
103.148645 0.000974  0.088568  -0.005409  0.996796  -0.019044  -0.077691  0.020729  0.999566  0.020949  0.077259  -0.022492  0.996757  0.002529  -0.000284  -0.004607  -0.002964  0.353179  -0.033109  2.000000  
103.149897 0.000977  0.088568  -0.005415  0.996744  -0.019029  -0.078358  0.020728  0.999566  0.020935  0.077926  -0.022491  0.996705  0.002610  -0.000261  -0.004592  -0.002983  0.366550  -0.032805  2.000000  
103.150898 0.000980  0.088567  -0.005420  0.996702  -0.019017  -0.078891  0.020727  0.999566  0.020924  0.078459  -0.022490  0.996664  0.002654  -0.000240  -0.004607  -0.002997  0.379954  -0.032505  2.000000  
103.152151 0.000983  0.088567  -0.005426  0.996639  -0.019008  -0.079689  0.020726  0.999569  0.020786  0.079259  -0.022367  0.996603  0.002671  -0.000236  -0.004616  -0.007124  0.401230  -0.032403  2.000000  
103.153399 0.000986  0.088567  -0.005432  0.996585  -0.018993  -0.080355  0.020725  0.999569  0.020772  0.079926  -0.022366  0.996550  0.002729  -0.000194  -0.004604  -0.007082  0.411148  -0.031821  2.000000  
103.154416 0.000989  0.088567  -0.005437  0.996538  -0.019187  -0.080893  0.020929  0.999566  0.020744  0.080460  -0.022365  0.996507  0.002685  -0.000163  -0.004613  -0.007666  0.423479  -0.038760  2.000000  
103.155650 0.000992  0.088567  -0.005443  0.996473  -0.019169  -0.081693  0.020928  0.999566  0.020727  0.081260  -0.022364  0.996442  0.002683  -0.000172  -0.004642  -0.007182  0.437049  -0.031577  2.000000  
103.156897 0.000995  0.088566  -0.005449  0.996419  -0.019164  -0.082357  0.020927  0.999569  0.020592  0.081927  -0.022242  0.996390  0.002663  -0.000169  -0.004683  -0.011279  0.450565  -0.031301  2.000000  
103.157899 0.000997  0.088566  -0.005454  0.996364  -0.019149  -0.083023  0.020926  0.999569  0.020578  0.082593  -0.022241  0.996335  0.002651  -0.000178  -0.004780  -0.011223  0.460960  -0.030791  2.000000  
103.159148 0.001000  0.088565  -0.005461  0.996308  -0.019134  -0.083690  0.020924  0.999570  0.020564  0.083260  -0.022239  0.996280  0.002587  -0.000206  -0.004839  -0.011320  0.473031  -0.030793  2.000000  
103.160400 0.001002  0.088565  -0.005467  0.996241  -0.019127  -0.084487  0.020923  0.999572  0.020426  0.084060  -0.022117  0.996215  0.002512  -0.000240  -0.004901  -0.015420  0.486456  -0.030514  2.000000  
103.161646 0.001005  0.088563  -0.005474  0.996185  -0.019112  -0.085153  0.020922  0.999573  0.020412  0.084727  -0.022116  0.996159  0.002445  -0.000323  -0.005023  -0.014783  0.495723  -0.023124  2.000000  
103.162647 0.001007  0.088563  -0.005479  0.996128  -0.019097  -0.085819  0.020921  0.999573  0.020398  0.085393  -0.022114  0.996102  0.002376  -0.000343  -0.005055  -0.014926  0.508877  -0.023115  2.000000  
103.163653 0.001008  0.088561  -0.005485  0.996082  -0.019096  -0.086350  0.020920  0.999576  0.020266  0.085926  -0.021993  0.996059  0.002289  -0.000443  -0.005102  -0.019014  0.513234  -0.023038  2.000000  
103.164894 0.001011  0.088561  -0.005491  0.996013  -0.019078  -0.087149  0.020918  0.999576  0.020249  0.086726  -0.021991  0.995989  0.002248  -0.000468  -0.005105  -0.018881  0.526976  -0.022455  2.000000  
103.165895 0.001013  0.088560  -0.005496  0.995966  -0.019066  -0.087682  0.020917  0.999576  0.020238  0.087259  -0.021990  0.995943  0.002204  -0.000489  -0.005092  -0.018354  0.531327  -0.015515  2.000000  
103.167148 0.001015  0.088559  -0.005503  0.995896  -0.019060  -0.088479  0.020916  0.999579  0.020100  0.088059  -0.021868  0.995875  0.002173  -0.000514  -0.005111  -0.022412  0.540135  -0.015345  2.000000  
103.168393 0.001018  0.088558  -0.005510  0.995837  -0.019045  -0.089146  0.020914  0.999579  0.020086  0.088725  -0.021866  0.995816  0.002095  -0.000593  -0.005203  -0.022437  0.549313  -0.015152  2.000000  
103.169408 0.001020  0.088557  -0.005515  0.995777  -0.019030  -0.089812  0.020913  0.999580  0.020072  0.089392  -0.021865  0.995757  0.002091  -0.000668  -0.005235  -0.022060  0.557751  -0.008271  2.000000  
103.170410 0.001022  0.088556  -0.005521  0.995729  -0.019030  -0.090342  0.020912  0.999582  0.019939  0.089925  -0.021743  0.995711  0.002029  -0.000718  -0.005272  -0.026148  0.562309  -0.008205  2.000000  
103.171648 0.001025  0.088555  -0.005528  0.995661  -0.018806  -0.091137  0.020706  0.999587  0.019941  0.090724  -0.021742  0.995639  0.002026  -0.000775  -0.005336  -0.025600  0.571315  -0.001112  2.000000  
103.172898 0.001027  0.088553  -0.005535  0.995600  -0.018792  -0.091803  0.020704  0.999587  0.019927  0.091391  -0.021740  0.995578  0.001977  -0.000847  -0.005376  -0.025609  0.571301  -0.001112  2.000000  
103.174148 0.001030  0.088552  -0.005542  0.995526  -0.018786  -0.092600  0.020703  0.999590  0.019789  0.092190  -0.021618  0.995507  0.001972  -0.000906  -0.005442  -0.029144  0.580695  0.005953  2.000000  
103.175412 0.001032  0.088551  -0.005549  0.995464  -0.018771  -0.093266  0.020702  0.999590  0.019776  0.092856  -0.021617  0.995445  0.001991  -0.000933  -0.005460  -0.029110  0.579932  0.005946  2.000000  
103.176646 0.001035  0.088549  -0.005556  0.995402  -0.018768  -0.093929  0.020700  0.999593  0.019641  0.093522  -0.021495  0.995385  0.002043  -0.000952  -0.005436  -0.032932  0.579883  0.005963  2.000000  
103.177737 0.001038  0.088548  -0.005562  0.995352  -0.018757  -0.094462  0.020699  0.999593  0.019629  0.094055  -0.021493  0.995335  0.002059  -0.000982  -0.005450  -0.032517  0.578251  0.012768  2.000000  
103.178898 0.001041  0.088547  -0.005568  0.995289  -0.018742  -0.095127  0.020698  0.999593  0.019616  0.094721  -0.021492  0.995272  0.002115  -0.000966  -0.005498  -0.032613  0.579965  0.012805  2.000000  
103.179899 0.001043  0.088545  -0.005574  0.995225  -0.018739  -0.095791  0.020697  0.999596  0.019481  0.095387  -0.021370  0.995211  0.002143  -0.001018  -0.005512  -0.036687  0.584417  0.012868  2.000000  
103.181148 0.001046  0.088544  -0.005581  0.995161  -0.018725  -0.096456  0.020695  0.999596  0.019467  0.096053  -0.021369  0.995147  0.002180  -0.001044  -0.005576  -0.032619  0.584555  0.012836  2.000000  
103.182402 0.001049  0.088543  -0.005589  0.995097  -0.018711  -0.097122  0.020694  0.999597  0.019453  0.096719  -0.021367  0.995082  0.002246  -0.001036  -0.005649  -0.032352  0.579780  0.012731  2.000000  
103.183647 0.001053  0.088542  -0.005597  0.995019  -0.018694  -0.097921  0.020692  0.999597  0.019436  0.097518  -0.021366  0.995004  0.002287  -0.001048  -0.005753  -0.032615  0.584492  0.012834  2.000000  
103.184893 0.001056  0.088541  -0.005605  0.994940  -0.018688  -0.098717  0.020691  0.999600  0.019298  0.098317  -0.021243  0.994928  0.002315  -0.001050  -0.005825  -0.035780  0.584079  0.019628  2.000000  
103.185900 0.001058  0.088540  -0.005611  0.994887  -0.018677  -0.099249  0.020690  0.999600  0.019287  0.098849  -0.021242  0.994876  0.002364  -0.001010  -0.005881  -0.031988  0.584284  0.019651  2.000000  
103.187145 0.001061  0.088539  -0.005619  0.994808  -0.018660  -0.100048  0.020688  0.999600  0.019271  0.099648  -0.021240  0.994796  0.002394  -0.000985  -0.005863  -0.031726  0.584059  0.019591  2.000000  
103.188148 0.001064  0.088539  -0.005625  0.994754  -0.018661  -0.100578  0.020687  0.999603  0.019138  0.100181  -0.021119  0.994745  0.002445  -0.000948  -0.005919  -0.036058  0.584339  0.019617  2.000000  
103.189167 0.001067  0.088538  -0.005631  0.994700  -0.018650  -0.101110  0.020686  0.999603  0.019127  0.100713  -0.021117  0.994691  0.002480  -0.000902  -0.005937  -0.036030  0.583944  0.019603  2.000000  
103.190403 0.001070  0.088537  -0.005639  0.994619  -0.018633  -0.101908  0.020684  0.999603  0.019111  0.101512  -0.021116  0.994610  0.002501  -0.000885  -0.006025  -0.031966  0.584224  0.019577  2.000000  
103.191650 0.001074  0.088537  -0.005648  0.994537  -0.018616  -0.102707  0.020682  0.999604  0.019094  0.102310  -0.021114  0.994528  0.002558  -0.000826  -0.006124  -0.031962  0.588737  0.019675  2.000000  
