1-Time 2-Px 3-Py 4-Pz 5-R11 6-R21 7-R31 8-R12 9-R22 10-R32 11-R13 12-R23 13-R33 14-Vx 15-Vy 16-Vz 17-Wx 18-Wy 19-Wz 20-state 21-PR11 22-PR21 23-PR31 24-PR12 25-PR22 26-PR32 27-PR13 28-PR23 29-PR33 
199.549857 0.009781  0.100052  -0.007059  0.989034  0.108671  0.100011  -0.101551  0.008716  0.994792  0.107234  -0.994040  0.019656  -0.001993  0.000545  0.005972  -0.037592  0.092770  0.207873  2.000000  
199.550870 0.009779  0.100052  -0.007054  0.989026  0.108946  0.099787  -0.101344  0.008832  0.994812  0.107500  -0.994008  0.019776  -0.002009  0.000512  0.005910  -0.042721  0.100313  0.204903  2.000000  
199.551873 0.009779  0.100054  -0.007048  0.988985  0.108950  0.100197  -0.101751  0.008787  0.994771  0.107500  -0.994008  0.019776  -0.001886  0.000574  0.005912  -0.040552  0.079479  0.196257  2.000000  
199.553118 0.009780  0.100056  -0.007040  0.988950  0.108691  0.100817  -0.102365  0.008747  0.994708  0.107234  -0.994037  0.019777  -0.001668  0.000728  0.005967  -0.034319  0.058531  0.178738  2.000000  
199.554363 0.009780  0.100058  -0.007032  0.988922  0.108562  0.101229  -0.102774  0.008716  0.994667  0.107101  -0.994051  0.019777  -0.001459  0.000824  0.005972  0.000000  0.000000  0.000000  2.000000  
199.555365 0.009781  0.100060  -0.007026  0.988894  0.108446  0.101628  -0.103182  0.008806  0.994623  0.106968  -0.994063  0.019898  -0.001272  0.000889  0.005936  0.000000  0.000000  0.000000  2.000000  
199.556613 0.009783  0.100061  -0.007020  0.988873  0.108447  0.101833  -0.103386  0.008784  0.994603  0.106968  -0.994063  0.019898  -0.001011  0.000933  0.005873  0.000000  0.000000  0.000000  2.000000  
199.557617 0.009784  0.100063  -0.007014  0.988837  0.108594  0.102021  -0.103588  0.008868  0.994581  0.107101  -0.994047  0.020018  -0.000730  0.001030  0.005817  0.000000  0.000000  0.000000  2.000000  
199.558620 0.009786  0.100065  -0.007009  0.988759  0.108732  0.102633  -0.104197  0.008787  0.994518  0.107234  -0.994032  0.020018  -0.000504  0.001103  0.005815  0.000000  0.000000  0.000000  2.000000  
199.559865 0.009788  0.100068  -0.007002  0.988694  0.108737  0.103247  -0.104808  0.008720  0.994454  0.107234  -0.994032  0.020018  -0.000234  0.001224  0.005753  0.000000  0.000000  0.000000  2.000000  
199.561113 0.009789  0.100070  -0.006996  0.988644  0.108610  0.103864  -0.105420  0.008667  0.994390  0.107101  -0.994047  0.020018  0.000037  0.001344  0.005692  0.000000  0.000000  0.000000  2.000000  
199.562361 0.009791  0.100073  -0.006990  0.988607  0.108364  0.104470  -0.106034  0.008749  0.994324  0.106835  -0.994073  0.020139  0.000350  0.001493  0.005618  0.000000  0.000000  0.000000  2.000000  
199.563364 0.009793  0.100075  -0.006984  0.988569  0.108105  0.105090  -0.106647  0.008710  0.994259  0.106569  -0.994101  0.020140  0.000563  0.001600  0.005611  0.000000  0.000000  0.000000  2.000000  
199.564615 0.009796  0.100079  -0.006976  0.988510  0.107860  0.105901  -0.107464  0.008771  0.994170  0.106303  -0.994127  0.020261  0.000972  0.001863  0.005684  0.000000  0.000000  0.000000  2.000000  
199.565626 0.009798  0.100083  -0.006969  0.988457  0.107746  0.106504  -0.108076  0.008839  0.994103  0.106169  -0.994139  0.020382  0.001298  0.002103  0.005749  -0.018442  -0.170908  0.052861  2.000000  
199.566872 0.009802  0.100090  -0.006960  0.988441  0.107498  0.106906  -0.108486  0.008944  0.994058  0.105903  -0.994165  0.020503  0.001551  0.002434  0.005806  -0.020332  -0.191919  0.035315  2.000000  
199.568117 0.009806  0.100097  -0.006953  0.988388  0.107385  0.107510  -0.109098  0.009013  0.993990  0.105770  -0.994177  0.020624  0.001735  0.002694  0.005758  -0.018162  -0.213189  0.022309  2.000000  
199.569365 0.009809  0.100103  -0.006948  0.988348  0.107139  0.108116  -0.109712  0.009097  0.993922  0.105504  -0.994202  0.020745  0.001957  0.003033  0.005583  -0.019292  -0.240753  0.004863  2.000000  
199.570368 0.009812  0.100108  -0.006945  0.988308  0.106893  0.108723  -0.110325  0.009181  0.993853  0.105238  -0.994228  0.020866  0.002075  0.003260  0.005480  -0.020464  -0.268513  -0.008051  2.000000  
199.571618 0.009815  0.100113  -0.006942  0.988254  0.106780  0.109326  -0.110937  0.009250  0.993784  0.105105  -0.994240  0.020987  0.002154  0.003482  0.005161  -0.018257  -0.289426  -0.021084  2.000000  
199.572620 0.009818  0.100118  -0.006940  0.988236  0.106533  0.109728  -0.111347  0.009356  0.993737  0.104839  -0.994265  0.021108  0.002260  0.003717  0.004911  -0.020159  -0.310261  -0.034121  2.000000  
199.573864 0.009822  0.100125  -0.006938  0.988204  0.106418  0.110127  -0.111756  0.009448  0.993691  0.104706  -0.994277  0.021229  0.002383  0.003971  0.004584  -0.022030  -0.331256  -0.047174  2.000000  
199.575113 0.009825  0.100130  -0.006937  0.988172  0.106303  0.110526  -0.112164  0.009540  0.993644  0.104573  -0.994288  0.021350  0.002489  0.004163  0.004249  -0.024648  -0.345223  -0.055865  2.000000  
199.576114 0.009829  0.100135  -0.006936  0.988140  0.106188  0.110925  -0.112573  0.009631  0.993597  0.104440  -0.994299  0.021471  0.002652  0.004386  0.003999  -0.022433  -0.366136  -0.068882  2.000000  
199.577116 0.009832  0.100138  -0.006935  0.988130  0.106071  0.111120  -0.112778  0.009745  0.993572  0.104307  -0.994311  0.021592  0.002764  0.004462  0.003675  -0.025777  -0.373175  -0.077702  2.000000  
199.578366 0.009837  0.100143  -0.006935  0.988111  0.105825  0.111522  -0.113188  0.009852  0.993525  0.104041  -0.994336  0.021713  0.002925  0.004530  0.003211  -0.027485  -0.391212  -0.090071  2.000000  
199.579611 0.009840  0.100147  -0.006935  0.988116  0.105562  0.111732  -0.113394  0.009861  0.993501  0.103774  -0.994364  0.021714  0.002946  0.004510  0.002675  -0.026963  -0.401416  -0.108590  2.000000  
199.580615 0.009843  0.100150  -0.006936  0.988069  0.105566  0.112141  -0.113801  0.009817  0.993455  0.103774  -0.994364  0.021714  0.002975  0.004440  0.002212  -0.020506  -0.418832  -0.111746  2.000000  
199.581615 0.009846  0.100153  -0.006937  0.988059  0.105450  0.112336  -0.114006  0.009931  0.993430  0.103641  -0.994375  0.021835  0.002980  0.004289  0.001595  -0.024543  -0.418913  -0.120609  2.000000  
199.582619 0.009850  0.100157  -0.006939  0.988059  0.105463  0.112323  -0.114006  0.010052  0.993429  0.103641  -0.994372  0.021955  0.002996  0.004151  0.001136  -0.031040  -0.401629  -0.117510  2.000000  
199.583871 0.009854  0.100161  -0.006942  0.988045  0.105596  0.112320  -0.114005  0.010037  0.993430  0.103774  -0.994359  0.021955  0.003075  0.003973  0.000471  -0.033249  -0.380640  -0.104436  2.000000  
199.585117 0.009859  0.100165  -0.006944  0.988045  0.105623  0.112294  -0.114005  0.010278  0.993427  0.103774  -0.994353  0.022196  0.003175  0.003860  0.000016  -0.038817  -0.366897  -0.100187  2.000000  
199.586365 0.009863  0.100169  -0.006946  0.988036  0.105506  0.112489  -0.114210  0.010392  0.993402  0.103641  -0.994364  0.022317  0.003254  0.003787  -0.000277  -0.042919  -0.367005  -0.104662  2.000000  
199.587369 0.009867  0.100173  -0.006948  0.988050  0.105388  0.112479  -0.114211  0.010527  0.993401  0.103508  -0.994375  0.022438  0.003330  0.003692  -0.000526  -0.043647  -0.360327  -0.113755  2.000000  
199.588618 0.009872  0.100178  -0.006949  0.988063  0.105256  0.112482  -0.114213  0.010543  0.993400  0.103375  -0.994389  0.022438  0.003393  0.003599  -0.000739  -0.045458  -0.337096  -0.122179  2.000000  
199.589866 0.009876  0.100182  -0.006951  0.988077  0.105137  0.112472  -0.114214  0.010679  0.993399  0.103242  -0.994400  0.022559  0.003457  0.003508  -0.000952  -0.052846  -0.312468  -0.128253  2.000000  
199.591115 0.009880  0.100186  -0.006953  0.988063  0.105283  0.112457  -0.114213  0.010784  0.993398  0.103375  -0.994384  0.022680  0.003417  0.003406  -0.001158  -0.059124  -0.291536  -0.115184  2.000000  
199.592360 0.009883  0.100189  -0.006954  0.988087  0.105294  0.112239  -0.114009  0.010926  0.993420  0.103375  -0.994381  0.022800  0.003359  0.003335  -0.001273  -0.060822  -0.268596  -0.110187  2.000000  
199.593364 0.009887  0.100193  -0.006956  0.988096  0.105424  0.112032  -0.113804  0.010932  0.993443  0.103508  -0.994367  0.022800  0.003345  0.003324  -0.001374  -0.063723  -0.241017  -0.097399  2.000000  
199.594612 0.009890  0.100196  -0.006957  0.988096  0.105438  0.112019  -0.113804  0.011053  0.993442  0.103508  -0.994364  0.022921  0.003344  0.003240  -0.001478  -0.066641  -0.213565  -0.089053  2.000000  
199.595625 0.009894  0.100198  -0.006959  0.988120  0.105449  0.111802  -0.113601  0.011195  0.993463  0.103508  -0.994362  0.023041  0.003359  0.003177  -0.001594  -0.069527  -0.186168  -0.085156  2.000000  
199.596863 0.009898  0.100201  -0.006962  0.988120  0.105449  0.111802  -0.113601  0.011195  0.993463  0.103508  -0.994362  0.023041  0.003350  0.003077  -0.001619  0.000000  0.000000  0.000000  2.000000  
199.597868 0.009901  0.100204  -0.006964  0.988120  0.105463  0.111789  -0.113601  0.011316  0.993462  0.103508  -0.994359  0.023162  0.003370  0.003056  -0.001578  0.000000  0.000000  0.000000  2.000000  
199.599115 0.009906  0.100206  -0.006965  0.988120  0.105476  0.111776  -0.113601  0.011436  0.993461  0.103508  -0.994356  0.023282  0.003423  0.002972  -0.001506  0.000000  0.000000  0.000000  2.000000  
199.600367 0.009912  0.100210  -0.006965  0.988129  0.105620  0.111556  -0.113396  0.011563  0.993483  0.103641  -0.994339  0.023403  0.003491  0.002976  -0.001296  0.000000  0.000000  0.000000  2.000000  
199.601686 0.009918  0.100215  -0.006963  0.988116  0.105752  0.111553  -0.113394  0.011548  0.993483  0.103774  -0.994326  0.023402  0.003568  0.002922  -0.001026  0.000000  0.000000  0.000000  2.000000  
199.602869 0.009925  0.100219  -0.006960  0.988116  0.105765  0.111540  -0.113394  0.011668  0.993482  0.103774  -0.994323  0.023523  0.003682  0.002899  -0.000766  0.000000  0.000000  0.000000  2.000000  
199.604115 0.009931  0.100223  -0.006958  0.988102  0.105911  0.111524  -0.113393  0.011774  0.993480  0.103907  -0.994306  0.023643  0.003823  0.002891  -0.000516  0.000000  0.000000  0.000000  2.000000  
199.605117 0.009935  0.100226  -0.006956  0.988102  0.105911  0.111524  -0.113393  0.011774  0.993480  0.103907  -0.994306  0.023643  0.003893  0.002843  -0.000318  0.000000  0.000000  0.000000  2.000000  
199.606365 0.009941  0.100228  -0.006954  0.988102  0.105925  0.111511  -0.113393  0.011894  0.993479  0.103907  -0.994303  0.023764  0.004063  0.002766  -0.000039  0.000000  0.000000  0.000000  2.000000  
199.607616 0.009947  0.100231  -0.006952  0.988102  0.105938  0.111498  -0.113393  0.012015  0.993478  0.103907  -0.994300  0.023885  0.004172  0.002726  0.000190  0.000000  0.000000  0.000000  2.000000  
199.608862 0.009952  0.100235  -0.006948  0.988088  0.106084  0.111482  -0.113391  0.012120  0.993476  0.104041  -0.994283  0.024005  0.004305  0.002768  0.000567  0.000000  0.000000  0.000000  2.000000  
199.609862 0.009957  0.100239  -0.006944  0.988088  0.106097  0.111469  -0.113391  0.012241  0.993475  0.104041  -0.994280  0.024125  0.004406  0.002865  0.000911  0.000000  0.000000  0.000000  2.000000  
199.610864 0.009961  0.100243  -0.006940  0.988074  0.106229  0.111466  -0.113390  0.012226  0.993475  0.104174  -0.994266  0.024125  0.004485  0.002938  0.001382  0.000000  0.000000  0.000000  2.000000  
199.611866 0.009966  0.100248  -0.006936  0.988074  0.106243  0.111453  -0.113390  0.012346  0.993474  0.104174  -0.994264  0.024246  0.004571  0.003117  0.001803  0.000000  0.000000  0.000000  2.000000  
199.612866 0.009971  0.100252  -0.006930  0.988051  0.106259  0.111645  -0.113593  0.012445  0.993449  0.104174  -0.994261  0.024366  0.004632  0.003228  0.002229  0.000000  0.000000  0.000000  2.000000  
199.613867 0.009975  0.100257  -0.006925  0.988051  0.106273  0.111632  -0.113593  0.012565  0.993448  0.104174  -0.994258  0.024487  0.004677  0.003378  0.002657  0.000000  0.000000  0.000000  2.000000  
199.615149 0.009981  0.100263  -0.006919  0.988051  0.106286  0.111619  -0.113593  0.012686  0.993446  0.104174  -0.994255  0.024607  0.004672  0.003537  0.003081  0.000000  0.000000  0.000000  2.000000  
199.616361 0.009987  0.100269  -0.006914  0.988051  0.106300  0.111606  -0.113593  0.012806  0.993445  0.104174  -0.994252  0.024728  0.004658  0.003698  0.003333  0.000000  0.000000  0.000000  2.000000  
199.617370 0.009991  0.100274  -0.006909  0.988027  0.106316  0.111798  -0.113797  0.012905  0.993420  0.104174  -0.994249  0.024849  0.004597  0.003760  0.003504  0.000000  0.000000  0.000000  2.000000  
199.618627 0.009997  0.100280  -0.006904  0.988027  0.106329  0.111785  -0.113797  0.013025  0.993419  0.104174  -0.994246  0.024969  0.004530  0.003868  0.003668  0.000000  0.000000  0.000000  2.000000  
199.619864 0.010002  0.100285  -0.006898  0.988027  0.106343  0.111772  -0.113797  0.013146  0.993417  0.104174  -0.994243  0.025090  0.004534  0.003993  0.003881  0.000000  0.000000  0.000000  2.000000  
199.620866 0.010007  0.100290  -0.006893  0.988027  0.106357  0.111759  -0.113797  0.013266  0.993416  0.104174  -0.994240  0.025210  0.004519  0.004166  0.004125  0.000000  0.000000  0.000000  2.000000  
199.621869 0.010011  0.100294  -0.006888  0.988004  0.106373  0.111951  -0.114000  0.013365  0.993391  0.104174  -0.994236  0.025331  0.004520  0.004351  0.004397  0.000000  0.000000  0.000000  2.000000  
199.623115 0.010016  0.100299  -0.006881  0.988004  0.106386  0.111938  -0.114000  0.013485  0.993389  0.104174  -0.994233  0.025452  0.004495  0.004451  0.004643  0.000000  0.000000  0.000000  2.000000  
199.624366 0.010022  0.100305  -0.006874  0.988004  0.106400  0.111925  -0.114000  0.013606  0.993388  0.104174  -0.994230  0.025572  0.004483  0.004549  0.004853  0.000000  0.000000  0.000000  2.000000  
199.625626 0.010027  0.100310  -0.006867  0.988004  0.106414  0.111912  -0.114000  0.013726  0.993386  0.104174  -0.994227  0.025693  0.004445  0.004574  0.004911  0.000000  0.000000  0.000000  2.000000  
199.626629 0.010031  0.100314  -0.006863  0.988004  0.106414  0.111912  -0.114000  0.013726  0.993386  0.104174  -0.994227  0.025693  0.004383  0.004493  0.004912  0.000000  0.000000  0.000000  2.000000  
199.627867 0.010036  0.100319  -0.006858  0.988004  0.106427  0.111899  -0.114000  0.013847  0.993384  0.104174  -0.994224  0.025813  0.004329  0.004456  0.004827  0.000000  0.000000  0.000000  2.000000  
199.628867 0.010040  0.100323  -0.006855  0.988004  0.106441  0.111886  -0.114000  0.013967  0.993383  0.104174  -0.994221  0.025934  0.004311  0.004408  0.004700  0.000000  0.000000  0.000000  2.000000  
199.630111 0.010045  0.100328  -0.006851  0.988004  0.106454  0.111873  -0.114000  0.014088  0.993381  0.104174  -0.994218  0.026055  0.004249  0.004347  0.004569  0.000000  0.000000  0.000000  2.000000  
199.631364 0.010049  0.100333  -0.006847  0.988004  0.106454  0.111873  -0.114000  0.014088  0.993381  0.104174  -0.994218  0.026055  0.004195  0.004279  0.004417  0.000000  0.000000  0.000000  2.000000  
199.632371 0.010053  0.100336  -0.006845  0.988004  0.106468  0.111860  -0.114000  0.014208  0.993379  0.104174  -0.994215  0.026175  0.004095  0.004145  0.004253  0.000000  0.000000  0.000000  2.000000  
199.633638 0.010057  0.100340  -0.006841  0.988004  0.106481  0.111847  -0.114000  0.014329  0.993377  0.104174  -0.994211  0.026296  0.003963  0.004042  0.004152  0.000000  0.000000  0.000000  2.000000  
199.634870 0.010060  0.100345  -0.006838  0.988027  0.106492  0.111630  -0.113797  0.014471  0.993399  0.104174  -0.994208  0.026416  0.003842  0.003969  0.004015  0.000000  0.000000  0.000000  2.000000  
199.636115 0.010064  0.100350  -0.006834  0.988027  0.106492  0.111630  -0.113797  0.014471  0.993399  0.104174  -0.994208  0.026416  0.003743  0.003917  0.003874  0.000000  0.000000  0.000000  2.000000  
199.637115 0.010067  0.100353  -0.006831  0.988027  0.106506  0.111617  -0.113797  0.014592  0.993397  0.104174  -0.994205  0.026537  0.003636  0.003862  0.003674  0.000000  0.000000  0.000000  2.000000  
199.638124 0.010069  0.100357  -0.006828  0.988041  0.106373  0.111621  -0.113798  0.014607  0.993397  0.104041  -0.994219  0.026537  0.003499  0.003805  0.003521  0.000000  0.000000  0.000000  2.000000  
199.639370 0.010072  0.100360  -0.006825  0.988065  0.106384  0.111403  -0.113595  0.014749  0.993418  0.104041  -0.994216  0.026658  0.003321  0.003709  0.003248  0.000000  0.000000  0.000000  2.000000  
199.640620 0.010074  0.100364  -0.006823  0.988065  0.106397  0.111390  -0.113595  0.014870  0.993416  0.104041  -0.994212  0.026779  0.003142  0.003557  0.002921  0.000000  0.000000  0.000000  2.000000  
199.641870 0.010077  0.100367  -0.006822  0.988079  0.106279  0.111381  -0.113596  0.015006  0.993414  0.103907  -0.994223  0.026900  0.002966  0.003434  0.002661  0.000000  0.000000  0.000000  2.000000  
199.643114 0.010079  0.100370  -0.006820  0.988088  0.106408  0.111173  -0.113391  0.015012  0.993437  0.104041  -0.994209  0.026899  0.002821  0.003329  0.002498  0.000000  0.000000  0.000000  2.000000  
199.644361 0.010081  0.100373  -0.006818  0.988088  0.106421  0.111160  -0.113391  0.015133  0.993435  0.104041  -0.994206  0.027020  0.002602  0.003192  0.002383  0.000000  0.000000  0.000000  2.000000  
199.645626 0.010084  0.100376  -0.006815  0.988111  0.106418  0.110955  -0.113188  0.015155  0.993458  0.104041  -0.994206  0.027020  0.002439  0.003038  0.002307  0.000000  0.000000  0.000000  2.000000  
199.646863 0.010086  0.100378  -0.006812  0.988111  0.106418  0.110955  -0.113188  0.015155  0.993458  0.104041  -0.994206  0.027020  0.002330  0.002933  0.002262  0.000000  0.000000  0.000000  2.000000  
199.647868 0.010088  0.100381  -0.006811  0.988125  0.106300  0.110946  -0.113189  0.015290  0.993456  0.103907  -0.994217  0.027141  0.002263  0.002857  0.002177  0.000000  0.000000  0.000000  2.000000  
199.649116 0.010090  0.100383  -0.006808  0.988125  0.106300  0.110946  -0.113189  0.015290  0.993456  0.103907  -0.994217  0.027141  0.002149  0.002698  0.002087  0.000000  0.000000  0.000000  2.000000  
199.650364 0.010092  0.100384  -0.006807  0.988148  0.106296  0.110742  -0.112986  0.015312  0.993479  0.103907  -0.994217  0.027141  0.002047  0.002497  0.001930  0.000000  0.000000  0.000000  2.000000  
199.651365 0.010093  0.100386  -0.006806  0.988148  0.106310  0.110729  -0.112986  0.015433  0.993477  0.103907  -0.994213  0.027261  0.001909  0.002298  0.001750  0.000000  0.000000  0.000000  2.000000  
199.652368 0.010095  0.100387  -0.006805  0.988148  0.106310  0.110729  -0.112986  0.015433  0.993477  0.103907  -0.994213  0.027261  0.001863  0.002149  0.001627  0.000000  0.000000  0.000000  2.000000  
199.653617 0.010096  0.100388  -0.006804  0.988148  0.106310  0.110729  -0.112986  0.015433  0.993477  0.103907  -0.994213  0.027261  0.001740  0.001974  0.001496  0.000000  0.000000  0.000000  2.000000  
199.654620 0.010098  0.100389  -0.006803  0.988148  0.106310  0.110729  -0.112986  0.015433  0.993477  0.103907  -0.994213  0.027261  0.001671  0.001839  0.001453  0.000000  0.000000  0.000000  2.000000  
199.655627 0.010098  0.100390  -0.006802  0.988148  0.106310  0.110729  -0.112986  0.015433  0.993477  0.103907  -0.994213  0.027261  0.001607  0.001755  0.001453  0.000000  0.000000  0.000000  2.000000  
199.656865 0.010100  0.100391  -0.006800  0.988172  0.106307  0.110524  -0.112783  0.015455  0.993499  0.103907  -0.994213  0.027261  0.001531  0.001625  0.001441  0.000000  0.000000  0.000000  2.000000  
199.658115 0.010100  0.100393  -0.006798  0.988172  0.106307  0.110524  -0.112783  0.015455  0.993499  0.103907  -0.994213  0.027261  0.001412  0.001514  0.001493  0.000000  0.000000  0.000000  2.000000  
199.659115 0.010101  0.100394  -0.006796  0.988172  0.106320  0.110511  -0.112783  0.015575  0.993498  0.103907  -0.994210  0.027382  0.001349  0.001432  0.001494  0.000000  0.000000  0.000000  2.000000  
199.660367 0.010102  0.100395  -0.006793  0.988172  0.106320  0.110511  -0.112783  0.015575  0.993498  0.103907  -0.994210  0.027382  0.001259  0.001321  0.001475  0.000000  0.000000  0.000000  2.000000  
199.661611 0.010103  0.100397  -0.006791  0.988172  0.106320  0.110511  -0.112783  0.015575  0.993498  0.103907  -0.994210  0.027382  0.001168  0.001242  0.001442  0.000000  0.000000  0.000000  2.000000  
199.662618 0.010103  0.100397  -0.006790  0.988172  0.106320  0.110511  -0.112783  0.015575  0.993498  0.103907  -0.994210  0.027382  0.001015  0.001115  0.001427  0.000000  0.000000  0.000000  2.000000  
199.663865 0.010104  0.100398  -0.006788  0.988195  0.106317  0.110307  -0.112579  0.015597  0.993520  0.103907  -0.994210  0.027382  0.000928  0.001038  0.001395  0.000000  0.000000  0.000000  2.000000  
199.664871 0.010104  0.100399  -0.006786  0.988195  0.106317  0.110307  -0.112579  0.015597  0.993520  0.103907  -0.994210  0.027382  0.000820  0.000992  0.001413  0.000000  0.000000  0.000000  2.000000  
199.666113 0.010104  0.100400  -0.006785  0.988195  0.106317  0.110307  -0.112579  0.015597  0.993520  0.103907  -0.994210  0.027382  0.000715  0.000944  0.001407  0.000000  0.000000  0.000000  2.000000  
199.667118 0.010103  0.100400  -0.006784  0.988181  0.106449  0.110303  -0.112578  0.015582  0.993521  0.104041  -0.994196  0.027382  0.000549  0.000871  0.001474  0.000000  0.000000  0.000000  2.000000  
199.668365 0.010103  0.100400  -0.006782  0.988181  0.106449  0.110303  -0.112578  0.015582  0.993521  0.104041  -0.994196  0.027382  0.000453  0.000818  0.001536  0.000000  0.000000  0.000000  2.000000  
199.669368 0.010102  0.100400  -0.006780  0.988181  0.106449  0.110303  -0.112578  0.015582  0.993521  0.104041  -0.994196  0.027382  0.000330  0.000754  0.001531  0.000000  0.000000  0.000000  2.000000  
199.670621 0.010102  0.100401  -0.006778  0.988181  0.106449  0.110303  -0.112578  0.015582  0.993521  0.104041  -0.994196  0.027382  0.000271  0.000717  0.001554  0.000000  0.000000  0.000000  2.000000  
199.671868 0.010102  0.100401  -0.006777  0.988181  0.106436  0.110316  -0.112578  0.015461  0.993523  0.104041  -0.994199  0.027261  0.000125  0.000655  0.001508  0.000000  0.000000  0.000000  2.000000  
199.673114 0.010101  0.100402  -0.006776  0.988181  0.106436  0.110316  -0.112578  0.015461  0.993523  0.104041  -0.994199  0.027261  0.000056  0.000607  0.001431  0.000000  0.000000  0.000000  2.000000  
199.674115 0.010100  0.100401  -0.006775  0.988181  0.106436  0.110316  -0.112578  0.015461  0.993523  0.104041  -0.994199  0.027261  -0.000101  0.000488  0.001336  0.000000  0.000000  0.000000  2.000000  
199.675365 0.010099  0.100401  -0.006776  0.988181  0.106436  0.110316  -0.112578  0.015461  0.993523  0.104041  -0.994199  0.027261  -0.000201  0.000377  0.001150  0.000000  0.000000  0.000000  2.000000  
199.676617 0.010098  0.100401  -0.006775  0.988181  0.106436  0.110316  -0.112578  0.015461  0.993523  0.104041  -0.994199  0.027261  -0.000319  0.000282  0.001036  0.000000  0.000000  0.000000  2.000000  
199.677863 0.010097  0.100400  -0.006775  0.988167  0.106568  0.110312  -0.112576  0.015446  0.993523  0.104174  -0.994185  0.027261  -0.000428  0.000177  0.000890  0.000000  0.000000  0.000000  2.000000  
199.678864 0.010097  0.100400  -0.006774  0.988167  0.106554  0.110325  -0.112576  0.015326  0.993525  0.104174  -0.994189  0.027140  -0.000469  0.000150  0.000903  0.000000  0.000000  0.000000  2.000000  
199.679866 0.010096  0.100400  -0.006774  0.988167  0.106554  0.110325  -0.112576  0.015326  0.993525  0.104174  -0.994189  0.027140  -0.000537  0.000112  0.000850  0.000000  0.000000  0.000000  2.000000  
199.680868 0.010095  0.100400  -0.006773  0.988190  0.106551  0.110121  -0.112373  0.015348  0.993548  0.104174  -0.994189  0.027140  -0.000565  0.000061  0.000852  0.000000  0.000000  0.000000  2.000000  
199.681871 0.010095  0.100400  -0.006773  0.988190  0.106551  0.110121  -0.112373  0.015348  0.993548  0.104174  -0.994189  0.027140  -0.000580  0.000048  0.000750  0.000000  0.000000  0.000000  2.000000  
199.683113 0.010094  0.100400  -0.006772  0.988190  0.106551  0.110121  -0.112373  0.015348  0.993548  0.104174  -0.994189  0.027140  -0.000604  -0.000018  0.000626  0.000000  0.000000  0.000000  2.000000  
199.684118 0.010093  0.100399  -0.006773  0.988190  0.106551  0.110121  -0.112373  0.015348  0.993548  0.104174  -0.994189  0.027140  -0.000647  -0.000060  0.000504  0.000000  0.000000  0.000000  2.000000  
199.685364 0.010092  0.100399  -0.006773  0.988190  0.106551  0.110121  -0.112373  0.015348  0.993548  0.104174  -0.994189  0.027140  -0.000681  -0.000126  0.000392  0.000000  0.000000  0.000000  2.000000  
199.686365 0.010091  0.100398  -0.006773  0.988190  0.106551  0.110121  -0.112373  0.015348  0.993548  0.104174  -0.994189  0.027140  -0.000727  -0.000194  0.000285  0.000000  0.000000  0.000000  2.000000  
199.687366 0.010091  0.100398  -0.006774  0.988177  0.106683  0.110117  -0.112371  0.015333  0.993548  0.104307  -0.994175  0.027140  -0.000742  -0.000207  0.000183  0.000000  0.000000  0.000000  2.000000  
199.688617 0.010090  0.100398  -0.006774  0.988177  0.106683  0.110117  -0.112371  0.015333  0.993548  0.104307  -0.994175  0.027140  -0.000705  -0.000208  0.000111  0.000000  0.000000  0.000000  2.000000  
199.689617 0.010090  0.100398  -0.006775  0.988200  0.106680  0.109913  -0.112168  0.015355  0.993571  0.104307  -0.994175  0.027140  -0.000683  -0.000234  0.000086  0.000000  0.000000  0.000000  2.000000  
199.690626 0.010089  0.100398  -0.006775  0.988200  0.106680  0.109913  -0.112168  0.015355  0.993571  0.104307  -0.994175  0.027140  -0.000651  -0.000183  0.000063  0.000000  0.000000  0.000000  2.000000  
199.691868 0.010089  0.100398  -0.006775  0.988200  0.106680  0.109913  -0.112168  0.015355  0.993571  0.104307  -0.994175  0.027140  -0.000569  -0.000153  0.000047  0.000000  0.000000  0.000000  2.000000  
199.693112 0.010089  0.100398  -0.006775  0.988200  0.106680  0.109913  -0.112168  0.015355  0.993571  0.104307  -0.994175  0.027140  -0.000494  -0.000128  -0.000036  0.000000  0.000000  0.000000  2.000000  
199.694114 0.010089  0.100398  -0.006775  0.988186  0.106812  0.109909  -0.112166  0.015340  0.993571  0.104440  -0.994161  0.027139  -0.000470  -0.000133  -0.000105  0.000000  0.000000  0.000000  2.000000  
199.695365 0.010090  0.100398  -0.006776  0.988186  0.106812  0.109909  -0.112166  0.015340  0.993571  0.104440  -0.994161  0.027139  -0.000388  -0.000139  -0.000216  0.000000  0.000000  0.000000  2.000000  
199.696366 0.010090  0.100399  -0.006776  0.988186  0.106812  0.109909  -0.112166  0.015340  0.993571  0.104440  -0.994161  0.027139  -0.000295  -0.000106  -0.000233  0.000000  0.000000  0.000000  2.000000  
199.697616 0.010091  0.100399  -0.006777  0.988186  0.106812  0.109909  -0.112166  0.015340  0.993571  0.104440  -0.994161  0.027139  -0.000225  -0.000082  -0.000311  0.000000  0.000000  0.000000  2.000000  
199.698861 0.010091  0.100398  -0.006777  0.988172  0.106958  0.109892  -0.112164  0.015445  0.993570  0.104573  -0.994144  0.027259  -0.000162  -0.000079  -0.000350  0.000000  0.000000  0.000000  2.000000  
199.699861 0.010091  0.100398  -0.006778  0.988195  0.106955  0.109688  -0.111961  0.015467  0.993592  0.104573  -0.994144  0.027259  -0.000069  -0.000047  -0.000366  0.000000  0.000000  0.000000  2.000000  
199.700867 0.010092  0.100398  -0.006778  0.988195  0.106955  0.109688  -0.111961  0.015467  0.993592  0.104573  -0.994144  0.027259  0.000020  -0.000035  -0.000344  0.000000  0.000000  0.000000  2.000000  
199.701868 0.010092  0.100399  -0.006778  0.988181  0.107087  0.109684  -0.111959  0.015452  0.993593  0.104706  -0.994130  0.027259  0.000131  0.000031  -0.000304  0.000000  0.000000  0.000000  2.000000  
199.703113 0.010093  0.100399  -0.006778  0.988181  0.107087  0.109684  -0.111959  0.015452  0.993593  0.104706  -0.994130  0.027259  0.000158  0.000060  -0.000278  0.000000  0.000000  0.000000  2.000000  
199.704115 0.010094  0.100399  -0.006778  0.988181  0.107087  0.109684  -0.111959  0.015452  0.993593  0.104706  -0.994130  0.027259  0.000247  0.000072  -0.000250  0.000000  0.000000  0.000000  2.000000  
199.705117 0.010094  0.100400  -0.006778  0.988167  0.107219  0.109681  -0.111958  0.015437  0.993593  0.104839  -0.994116  0.027259  0.000311  0.000134  -0.000211  0.000000  0.000000  0.000000  2.000000  
199.706366 0.010095  0.100401  -0.006778  0.988167  0.107219  0.109681  -0.111958  0.015437  0.993593  0.104839  -0.994116  0.027259  0.000392  0.000170  -0.000193  0.000000  0.000000  0.000000  2.000000  
199.707618 0.010096  0.100401  -0.006778  0.988167  0.107232  0.109668  -0.111958  0.015558  0.993591  0.104839  -0.994112  0.027379  0.000431  0.000177  -0.000161  0.000000  0.000000  0.000000  2.000000  
199.708863 0.010096  0.100401  -0.006778  0.988153  0.107365  0.109664  -0.111956  0.015543  0.993592  0.104972  -0.994098  0.027379  0.000424  0.000174  -0.000159  0.000000  0.000000  0.000000  2.000000  
199.709866 0.010096  0.100401  -0.006778  0.988153  0.107365  0.109664  -0.111956  0.015543  0.993592  0.104972  -0.994098  0.027379  0.000461  0.000208  -0.000139  0.000000  0.000000  0.000000  2.000000  
199.710867 0.010096  0.100401  -0.006778  0.988130  0.107368  0.109868  -0.112160  0.015521  0.993569  0.104972  -0.994098  0.027379  0.000448  0.000210  -0.000104  0.000000  0.000000  0.000000  2.000000  
199.711869 0.010097  0.100402  -0.006778  0.988116  0.107500  0.109865  -0.112158  0.015506  0.993569  0.105105  -0.994084  0.027378  0.000436  0.000213  -0.000069  0.000000  0.000000  0.000000  2.000000  
199.713111 0.010097  0.100402  -0.006778  0.988116  0.107500  0.109865  -0.112158  0.015506  0.993569  0.105105  -0.994084  0.027378  0.000407  0.000235  -0.000043  0.000000  0.000000  0.000000  2.000000  
199.714115 0.010097  0.100402  -0.006777  0.988116  0.107500  0.109865  -0.112158  0.015506  0.993569  0.105105  -0.994084  0.027378  0.000419  0.000274  0.000048  0.000000  0.000000  0.000000  2.000000  
199.715115 0.010097  0.100402  -0.006777  0.988116  0.107500  0.109865  -0.112158  0.015506  0.993569  0.105105  -0.994084  0.027378  0.000364  0.000249  0.000097  0.000000  0.000000  0.000000  2.000000  
199.716361 0.010098  0.100402  -0.006776  0.988102  0.107645  0.109848  -0.112156  0.015611  0.993568  0.105238  -0.994067  0.027499  0.000375  0.000278  0.000151  0.000000  0.000000  0.000000  2.000000  
199.717371 0.010098  0.100402  -0.006776  0.988102  0.107645  0.109848  -0.112156  0.015611  0.993568  0.105238  -0.994067  0.027499  0.000352  0.000252  0.000132  0.000000  0.000000  0.000000  2.000000  
199.718621 0.010098  0.100402  -0.006776  0.988102  0.107645  0.109848  -0.112156  0.015611  0.993568  0.105238  -0.994067  0.027499  0.000290  0.000170  0.000133  0.000000  0.000000  0.000000  2.000000  
199.719864 0.010098  0.100402  -0.006776  0.988102  0.107645  0.109848  -0.112156  0.015611  0.993568  0.105238  -0.994067  0.027499  0.000247  0.000160  0.000100  0.000000  0.000000  0.000000  2.000000  
199.720868 0.010098  0.100402  -0.006776  0.988088  0.107778  0.109844  -0.112155  0.015596  0.993568  0.105371  -0.994053  0.027498  0.000215  0.000110  0.000123  0.000000  0.000000  0.000000  2.000000  
199.721868 0.010098  0.100402  -0.006776  0.988088  0.107778  0.109844  -0.112155  0.015596  0.993568  0.105371  -0.994053  0.027498  0.000189  0.000081  0.000103  0.000000  0.000000  0.000000  2.000000  
199.723115 0.010098  0.100401  -0.006776  0.988065  0.107781  0.110049  -0.112358  0.015574  0.993546  0.105371  -0.994053  0.027498  0.000167  0.000027  0.000089  0.000000  0.000000  0.000000  2.000000  
199.724365 0.010098  0.100401  -0.006777  0.988065  0.107781  0.110049  -0.112358  0.015574  0.993546  0.105371  -0.994053  0.027498  0.000108  -0.000054  0.000092  0.000000  0.000000  0.000000  2.000000  
199.725366 0.010098  0.100401  -0.006777  0.988065  0.107781  0.110049  -0.112358  0.015574  0.993546  0.105371  -0.994053  0.027498  0.000108  -0.000054  0.000092  0.000000  0.000000  0.000000  2.000000  
199.726619 0.010098  0.100400  -0.006777  0.988065  0.107781  0.110049  -0.112358  0.015574  0.993546  0.105371  -0.994053  0.027498  0.000059  -0.000139  0.000058  0.000000  0.000000  0.000000  2.000000  
199.727863 0.010098  0.100400  -0.006777  0.988065  0.107781  0.110049  -0.112358  0.015574  0.993546  0.105371  -0.994053  0.027498  0.000059  -0.000139  0.000058  0.000000  0.000000  0.000000  2.000000  
199.729111 0.010098  0.100399  -0.006777  0.988065  0.107781  0.110049  -0.112358  0.015574  0.993546  0.105371  -0.994053  0.027498  0.000038  -0.000189  0.000045  0.000000  0.000000  0.000000  2.000000  
199.730113 0.010097  0.100399  -0.006777  0.988065  0.107781  0.110049  -0.112358  0.015574  0.993546  0.105371  -0.994053  0.027498  0.000022  -0.000222  -0.000011  0.000000  0.000000  0.000000  2.000000  
199.731364 0.010098  0.100399  -0.006777  0.988065  0.107781  0.110049  -0.112358  0.015574  0.993546  0.105371  -0.994053  0.027498  -0.000005  -0.000236  -0.000077  0.000000  0.000000  0.000000  2.000000  
199.732376 0.010097  0.100399  -0.006778  0.988065  0.107767  0.110062  -0.112358  0.015454  0.993548  0.105371  -0.994056  0.027378  -0.000034  -0.000266  -0.000099  0.000000  0.000000  0.000000  2.000000  
199.733638 0.010097  0.100398  -0.006778  0.988065  0.107767  0.110062  -0.112358  0.015454  0.993548  0.105371  -0.994056  0.027378  -0.000074  -0.000273  -0.000131  0.000000  0.000000  0.000000  2.000000  
199.734866 0.010097  0.100398  -0.006779  0.988065  0.107767  0.110062  -0.112358  0.015454  0.993548  0.105371  -0.994056  0.027378  -0.000061  -0.000276  -0.000166  0.000000  0.000000  0.000000  2.000000  
199.736117 0.010097  0.100398  -0.006779  0.988079  0.107635  0.110066  -0.112360  0.015469  0.993547  0.105238  -0.994070  0.027378  -0.000070  -0.000249  -0.000173  0.000000  0.000000  0.000000  2.000000  
199.737366 0.010097  0.100398  -0.006779  0.988079  0.107635  0.110066  -0.112360  0.015469  0.993547  0.105238  -0.994070  0.027378  -0.000081  -0.000230  -0.000185  0.000000  0.000000  0.000000  2.000000  
199.738627 0.010097  0.100398  -0.006779  0.988079  0.107635  0.110066  -0.112360  0.015469  0.993547  0.105238  -0.994070  0.027378  -0.000064  -0.000197  -0.000128  0.000000  0.000000  0.000000  2.000000  
199.739866 0.010097  0.100398  -0.006779  0.988056  0.107638  0.110270  -0.112563  0.015446  0.993524  0.105238  -0.994070  0.027378  -0.000074  -0.000174  -0.000138  0.000000  0.000000  0.000000  2.000000  
199.740866 0.010097  0.100398  -0.006779  0.988056  0.107638  0.110270  -0.112563  0.015446  0.993524  0.105238  -0.994070  0.027378  -0.000072  -0.000171  -0.000136  0.000000  0.000000  0.000000  2.000000  
199.741868 0.010097  0.100398  -0.006779  0.988056  0.107638  0.110270  -0.112563  0.015446  0.993524  0.105238  -0.994070  0.027378  -0.000054  -0.000120  -0.000126  0.000000  0.000000  0.000000  2.000000  
199.743111 0.010097  0.100398  -0.006779  0.988070  0.107506  0.110274  -0.112565  0.015461  0.993524  0.105105  -0.994084  0.027378  -0.000053  -0.000118  -0.000124  0.000000  0.000000  0.000000  2.000000  
199.744115 0.010097  0.100398  -0.006779  0.988070  0.107506  0.110274  -0.112565  0.015461  0.993524  0.105105  -0.994084  0.027378  -0.000022  -0.000069  -0.000149  0.000000  0.000000  0.000000  2.000000  
199.745360 0.010097  0.100398  -0.006779  0.988070  0.107506  0.110274  -0.112565  0.015461  0.993524  0.105105  -0.994084  0.027378  -0.000022  -0.000068  -0.000147  0.000000  0.000000  0.000000  2.000000  
199.746366 0.010098  0.100398  -0.006779  0.988047  0.107509  0.110478  -0.112768  0.015439  0.993501  0.105105  -0.994084  0.027378  0.000025  -0.000005  -0.000070  0.000000  0.000000  0.000000  2.000000  
199.747367 0.010098  0.100398  -0.006779  0.988047  0.107509  0.110478  -0.112768  0.015439  0.993501  0.105105  -0.994084  0.027378  0.000024  -0.000005  -0.000069  0.000000  0.000000  0.000000  2.000000  
199.748611 0.010098  0.100399  -0.006778  0.988047  0.107509  0.110478  -0.112768  0.015439  0.993501  0.105105  -0.994084  0.027378  0.000080  0.000035  0.000018  0.000000  0.000000  0.000000  2.000000  
199.749618 0.010098  0.100399  -0.006778  0.988047  0.107509  0.110478  -0.112768  0.015439  0.993501  0.105105  -0.994084  0.027378  0.000068  0.000037  0.000052  0.000000  0.000000  0.000000  2.000000  
199.750624 0.010098  0.100399  -0.006778  0.988023  0.107513  0.110683  -0.112972  0.015417  0.993479  0.105105  -0.994084  0.027378  0.000097  0.000068  0.000074  0.000000  0.000000  0.000000  2.000000  
199.751869 0.010099  0.100400  -0.006777  0.988037  0.107380  0.110687  -0.112973  0.015432  0.993478  0.104972  -0.994098  0.027379  0.000114  0.000100  0.000130  0.000000  0.000000  0.000000  2.000000  
199.753115 0.010099  0.100399  -0.006777  0.988037  0.107380  0.110687  -0.112973  0.015432  0.993478  0.104972  -0.994098  0.027379  0.000123  0.000077  0.000139  0.000000  0.000000  0.000000  2.000000  
199.754115 0.010099  0.100399  -0.006777  0.988037  0.107380  0.110687  -0.112973  0.015432  0.993478  0.104972  -0.994098  0.027379  0.000123  0.000077  0.000139  0.000000  0.000000  0.000000  2.000000  
199.755365 0.010099  0.100399  -0.006776  0.988014  0.107384  0.110891  -0.113177  0.015410  0.993455  0.104972  -0.994098  0.027379  0.000150  0.000087  0.000205  0.000000  0.000000  0.000000  2.000000  
199.756365 0.010099  0.100399  -0.006776  0.988014  0.107370  0.110904  -0.113177  0.015290  0.993457  0.104972  -0.994102  0.027258  0.000152  0.000089  0.000209  0.000000  0.000000  0.000000  2.000000  
199.757618 0.010100  0.100400  -0.006775  0.988014  0.107370  0.110904  -0.113177  0.015290  0.993457  0.104972  -0.994102  0.027258  0.000176  0.000097  0.000271  0.000000  0.000000  0.000000  2.000000  
199.758864 0.010099  0.100400  -0.006774  0.988005  0.107241  0.111112  -0.113382  0.015283  0.993434  0.104839  -0.994116  0.027259  0.000152  0.000102  0.000340  0.000000  0.000000  0.000000  2.000000  
199.759867 0.010100  0.100400  -0.006774  0.988005  0.107241  0.111112  -0.113382  0.015283  0.993434  0.104839  -0.994116  0.027259  0.000194  0.000111  0.000377  0.000000  0.000000  0.000000  2.000000  
199.761111 0.010100  0.100399  -0.006773  0.988005  0.107241  0.111112  -0.113382  0.015283  0.993434  0.104839  -0.994116  0.027259  0.000162  0.000060  0.000400  0.000000  0.000000  0.000000  2.000000  
199.762113 0.010100  0.100399  -0.006773  0.987981  0.107244  0.111317  -0.113585  0.015261  0.993411  0.104839  -0.994116  0.027259  0.000162  0.000060  0.000400  0.000000  0.000000  0.000000  2.000000  
199.763361 0.010101  0.100399  -0.006772  0.987981  0.107244  0.111317  -0.113585  0.015261  0.993411  0.104839  -0.994116  0.027259  0.000159  0.000059  0.000394  0.000000  0.000000  0.000000  2.000000  
199.764616 0.010101  0.100399  -0.006772  0.987972  0.107115  0.111525  -0.113790  0.015254  0.993388  0.104706  -0.994130  0.027259  0.000171  0.000057  0.000359  0.000000  0.000000  0.000000  2.000000  
199.765626 0.010101  0.100399  -0.006772  0.987972  0.107115  0.111525  -0.113790  0.015254  0.993388  0.104706  -0.994130  0.027259  0.000154  0.000004  0.000353  0.000000  0.000000  0.000000  2.000000  
199.766866 0.010100  0.100399  -0.006773  0.987972  0.107115  0.111525  -0.113790  0.015254  0.993388  0.104706  -0.994130  0.027259  0.000106  -0.000059  0.000270  0.000000  0.000000  0.000000  2.000000  
199.768115 0.010100  0.100398  -0.006772  0.987948  0.107105  0.111742  -0.113994  0.015111  0.993367  0.104706  -0.994133  0.027138  0.000108  -0.000060  0.000274  0.000000  0.000000  0.000000  2.000000  
199.769117 0.010100  0.100398  -0.006772  0.987948  0.107105  0.111742  -0.113994  0.015111  0.993367  0.104706  -0.994133  0.027138  0.000120  -0.000062  0.000239  0.000000  0.000000  0.000000  2.000000  
