1-Time 2-Px 3-Py 4-Pz 5-R11 6-R21 7-R31 8-R12 9-R22 10-R32 11-R13 12-R23 13-R33 14-Vx 15-Vy 16-Vz 17-Wx 18-Wy 19-Wz 20-state 21-PR11 22-PR21 23-PR31 24-PR12 25-PR22 26-PR32 27-PR13 28-PR23 29-PR33 
24.886812 0.011632  0.094246  -0.009214  0.993276  0.102959  -0.052944  -0.103019  0.994678  0.001589  0.052826  0.003876  0.998596  -0.000227  -0.000190  -0.000304  0.000000  0.000000  0.000000  2.000000  
24.887824 0.011632  0.094246  -0.009214  0.993276  0.102959  -0.052944  -0.103019  0.994678  0.001589  0.052826  0.003876  0.998596  -0.000190  -0.000190  -0.000277  0.000000  0.000000  0.000000  2.000000  
24.889062 0.011635  0.094246  -0.009214  0.993226  0.103368  -0.053076  -0.103428  0.994636  0.001625  0.052959  0.003876  0.998589  0.000000  -0.000185  -0.000221  0.000000  0.000000  0.000000  2.000000  
24.890064 0.011637  0.094245  -0.009215  0.993162  0.103982  -0.053075  -0.104041  0.994572  0.001657  0.052959  0.003876  0.998589  0.000185  -0.000217  -0.000262  0.000000  0.000000  0.000000  2.000000  
24.891064 0.011639  0.094244  -0.009215  0.993134  0.104186  -0.053208  -0.104245  0.994550  0.001682  0.053093  0.003876  0.998582  0.000398  -0.000241  -0.000233  0.000000  0.000000  0.000000  2.000000  
24.892316 0.011643  0.094243  -0.009216  0.993083  0.104595  -0.053340  -0.104653  0.994507  0.001718  0.053227  0.003876  0.998575  0.000698  -0.000323  -0.000225  0.000000  0.000000  0.000000  2.000000  
24.893563 0.011649  0.094242  -0.009216  0.993004  0.105208  -0.053605  -0.105265  0.994443  0.001779  0.053494  0.003876  0.998561  0.001055  -0.000383  -0.000270  0.000000  0.000000  0.000000  2.000000  
24.894564 0.011654  0.094241  -0.009216  0.992925  0.105821  -0.053869  -0.105876  0.994378  0.001841  0.053761  0.003876  0.998546  0.001417  -0.000406  -0.000218  0.000000  0.000000  0.000000  2.000000  
24.895815 0.011659  0.094239  -0.009217  0.992823  0.106639  -0.054133  -0.106693  0.994290  0.001914  0.054028  0.003876  0.998532  0.001806  -0.000521  -0.000278  0.000000  0.000000  0.000000  2.000000  
24.896817 0.011663  0.094237  -0.009218  0.992743  0.107252  -0.054398  -0.107304  0.994224  0.001976  0.054296  0.003876  0.998517  0.002107  -0.000688  -0.000309  0.000000  0.000000  0.000000  2.000000  
24.897827 0.011668  0.094235  -0.009220  0.992669  0.107866  -0.054529  -0.107916  0.994158  0.002024  0.054429  0.003876  0.998510  0.002412  -0.000809  -0.000434  0.000000  0.000000  0.000000  2.000000  
24.899067 0.011674  0.094234  -0.009223  0.992588  0.108479  -0.054794  -0.108528  0.994091  0.002086  0.054696  0.003876  0.998496  0.002866  -0.000859  -0.000643  0.009669  0.063639  0.179353  2.000000  
24.900310 0.011681  0.094232  -0.009226  0.992476  0.109296  -0.055190  -0.109343  0.994002  0.002175  0.055097  0.003876  0.998473  0.003339  -0.000962  -0.000832  0.011200  0.077244  0.206957  2.000000  
24.901310 0.011686  0.094230  -0.009228  0.992401  0.109909  -0.055322  -0.109955  0.993934  0.002224  0.055231  0.003876  0.998466  0.003675  -0.001077  -0.000888  0.012236  0.081159  0.225822  2.000000  
24.902311 0.011692  0.094229  -0.009230  0.992318  0.110529  -0.055573  -0.110566  0.993866  0.002409  0.055498  0.003754  0.998452  0.003983  -0.001184  -0.001039  0.017568  0.090886  0.248378  2.000000  
24.903317 0.011698  0.094226  -0.009233  0.992227  0.111141  -0.055969  -0.111177  0.993798  0.002488  0.055899  0.003754  0.998429  0.004423  -0.001330  -0.001224  0.018743  0.104439  0.269007  2.000000  
24.904570 0.011707  0.094224  -0.009237  0.992136  0.111753  -0.056366  -0.111787  0.993729  0.002567  0.056299  0.003754  0.998407  0.004769  -0.001464  -0.001462  0.019934  0.118032  0.289738  2.000000  
24.905817 0.011714  0.094220  -0.009238  0.992037  0.112365  -0.056895  -0.112396  0.993660  0.002662  0.056834  0.003754  0.998377  0.005056  -0.001610  -0.001510  0.021147  0.136082  0.310354  2.000000  
24.906828 0.011721  0.094216  -0.009239  0.991975  0.112773  -0.057160  -0.112803  0.993614  0.002716  0.057101  0.003754  0.998361  0.005295  -0.001830  -0.001576  0.022317  0.145074  0.330860  2.000000  
24.907830 0.011727  0.094210  -0.009240  0.991883  0.113385  -0.057556  -0.113413  0.993544  0.002796  0.057502  0.003754  0.998338  0.005468  -0.002136  -0.001647  0.023526  0.158623  0.351490  2.000000  
24.909066 0.011737  0.094204  -0.009241  0.991789  0.113997  -0.057953  -0.114023  0.993474  0.002878  0.057902  0.003754  0.998315  0.005732  -0.002524  -0.001693  0.024755  0.172251  0.372293  2.000000  
24.910315 0.011745  0.094196  -0.009242  0.991696  0.114609  -0.058349  -0.114633  0.993404  0.002959  0.058303  0.003754  0.998292  0.005948  -0.002937  -0.001723  0.025986  0.185834  0.392995  2.000000  
24.911315 0.011751  0.094188  -0.009242  0.991656  0.114806  -0.058628  -0.114835  0.993380  0.002882  0.058570  0.003875  0.998276  0.006027  -0.003340  -0.001668  0.022348  0.194876  0.399852  2.000000  
24.912565 0.011758  0.094177  -0.009243  0.991586  0.115213  -0.059024  -0.115241  0.993333  0.002952  0.058971  0.003875  0.998252  0.006144  -0.003934  -0.001575  0.023211  0.208498  0.413770  2.000000  
24.913565 0.011765  0.094168  -0.009244  0.991514  0.115621  -0.059421  -0.115646  0.993286  0.003023  0.059372  0.003875  0.998228  0.006218  -0.004392  -0.001447  0.024062  0.221970  0.427388  2.000000  
24.914567 0.011772  0.094159  -0.009245  0.991475  0.115817  -0.059700  -0.115848  0.993263  0.002946  0.059639  0.003996  0.998212  0.006336  -0.004973  -0.001365  0.020431  0.231002  0.434218  2.000000  
24.915583 0.011778  0.094150  -0.009246  0.991411  0.116225  -0.059964  -0.116255  0.993215  0.003001  0.059906  0.003996  0.998196  0.006388  -0.005535  -0.001312  0.021257  0.239912  0.447740  2.000000  
24.916826 0.011784  0.094138  -0.009247  0.991371  0.116428  -0.060229  -0.116457  0.993191  0.003045  0.060173  0.003996  0.998180  0.006388  -0.006147  -0.001160  0.021716  0.249015  0.454768  2.000000  
24.917828 0.011790  0.094128  -0.009248  0.991331  0.116632  -0.060493  -0.116659  0.993167  0.003088  0.060440  0.003995  0.998164  0.006310  -0.006703  -0.001023  0.022173  0.258081  0.461722  2.000000  
24.919063 0.011797  0.094116  -0.009249  0.991291  0.116828  -0.060772  -0.116861  0.993144  0.003012  0.060707  0.004116  0.998147  0.006244  -0.007257  -0.000873  0.017412  0.262677  0.448087  2.000000  
24.920065 0.011802  0.094106  -0.009248  0.991283  0.116827  -0.060905  -0.116860  0.993144  0.003027  0.060841  0.004116  0.998139  0.006138  -0.007752  -0.000723  0.016679  0.262553  0.434151  2.000000  
24.921070 0.011805  0.094095  -0.009249  0.991251  0.117031  -0.061037  -0.117064  0.993120  0.003055  0.060974  0.004116  0.998131  0.005976  -0.008312  -0.000711  0.016708  0.267037  0.434111  2.000000  
24.922315 0.011809  0.094081  -0.009248  0.991219  0.117235  -0.061169  -0.117267  0.993096  0.003084  0.061108  0.004116  0.998123  0.005699  -0.008835  -0.000547  0.016238  0.264847  0.423740  2.000000  
24.923318 0.011813  0.094069  -0.009247  0.991210  0.117227  -0.061316  -0.117266  0.993096  0.002979  0.061241  0.004237  0.998114  0.005396  -0.009320  -0.000410  0.011189  0.262464  0.406489  2.000000  
24.924563 0.011816  0.094054  -0.009245  0.991202  0.117219  -0.061462  -0.117265  0.993097  0.002874  0.061375  0.004358  0.998105  0.005028  -0.009849  -0.000222  0.005951  0.255805  0.382620  2.000000  
24.925565 0.011819  0.094041  -0.009242  0.991194  0.117211  -0.061609  -0.117264  0.993097  0.002769  0.061509  0.004479  0.998097  0.004803  -0.010148  -0.000005  0.000402  0.253352  0.358180  2.000000  
24.926821 0.011821  0.094025  -0.009239  0.991186  0.117210  -0.061742  -0.117263  0.993097  0.002785  0.061642  0.004479  0.998088  0.004426  -0.010590  0.000233  -0.001130  0.248695  0.330503  2.000000  
24.927828 0.011823  0.094012  -0.009235  0.991178  0.117202  -0.061889  -0.117262  0.993097  0.002680  0.061776  0.004600  0.998079  0.004132  -0.010846  0.000600  -0.005943  0.244072  0.316575  2.000000  
24.929064 0.011825  0.093996  -0.009230  0.991154  0.117399  -0.061902  -0.117466  0.993074  0.002573  0.061776  0.004722  0.998079  0.003721  -0.011222  0.001025  -0.010719  0.237692  0.300438  2.000000  
24.930312 0.011827  0.093980  -0.009225  0.991170  0.117187  -0.062050  -0.117261  0.993098  0.002455  0.061909  0.004843  0.998070  0.003424  -0.011510  0.001385  -0.017235  0.230540  0.261539  2.000000  
24.931317 0.011829  0.093967  -0.009221  0.991170  0.117179  -0.062064  -0.117261  0.993098  0.002335  0.061909  0.004964  0.998069  0.003180  -0.011751  0.001727  -0.026569  0.221421  0.240814  2.000000  
24.932563 0.011831  0.093951  -0.009216  0.991170  0.117172  -0.062078  -0.117261  0.993099  0.002214  0.061909  0.005085  0.998069  0.002875  -0.011955  0.002074  -0.031570  0.210591  0.218292  2.000000  
24.933819 0.011834  0.093934  -0.009212  0.991170  0.117164  -0.062092  -0.117261  0.993099  0.002094  0.061909  0.005206  0.998068  0.002554  -0.012265  0.002462  -0.037481  0.194225  0.192523  2.000000  
24.935065 0.011836  0.093918  -0.009207  0.991170  0.117164  -0.062092  -0.117261  0.993099  0.002094  0.061909  0.005206  0.998068  0.002235  -0.012551  0.002799  -0.037950  0.179197  0.177308  2.000000  
24.936317 0.011837  0.093902  -0.009203  0.991194  0.116952  -0.062107  -0.117057  0.993123  0.001961  0.061909  0.005327  0.998068  0.002053  -0.012721  0.003005  0.000000  0.000000  0.000000  2.000000  
24.937564 0.011839  0.093886  -0.009200  0.991202  0.116953  -0.061974  -0.117058  0.993123  0.001945  0.061776  0.005327  0.998076  0.001930  -0.012825  0.003210  0.000000  0.000000  0.000000  2.000000  
24.938568 0.011840  0.093872  -0.009197  0.991202  0.116945  -0.061989  -0.117058  0.993123  0.001824  0.061776  0.005448  0.998075  0.001792  -0.012911  0.003300  0.000000  0.000000  0.000000  2.000000  
24.939833 0.011843  0.093856  -0.009194  0.991210  0.116946  -0.061856  -0.117059  0.993123  0.001809  0.061642  0.005448  0.998083  0.001709  -0.013001  0.003387  0.000000  0.000000  0.000000  2.000000  
24.941067 0.011845  0.093839  -0.009190  0.991218  0.116939  -0.061737  -0.117060  0.993123  0.001673  0.061509  0.005569  0.998091  0.001720  -0.013044  0.003403  0.000000  0.000000  0.000000  2.000000  
24.942071 0.011847  0.093827  -0.009186  0.991218  0.116939  -0.061737  -0.117060  0.993123  0.001673  0.061509  0.005569  0.998091  0.001750  -0.013011  0.003424  0.000000  0.000000  0.000000  2.000000  
24.943316 0.011851  0.093811  -0.009182  0.991218  0.116939  -0.061737  -0.117060  0.993123  0.001673  0.061509  0.005569  0.998091  0.001784  -0.012966  0.003401  0.000000  0.000000  0.000000  2.000000  
24.944565 0.011856  0.093797  -0.009177  0.991226  0.116932  -0.061619  -0.117061  0.993124  0.001536  0.061375  0.005690  0.998099  0.001970  -0.012897  0.003353  0.000000  0.000000  0.000000  2.000000  
24.945818 0.011861  0.093782  -0.009171  0.991226  0.116932  -0.061619  -0.117061  0.993124  0.001536  0.061375  0.005690  0.998099  0.002193  -0.012758  0.003423  0.000000  0.000000  0.000000  2.000000  
24.946825 0.011866  0.093771  -0.009167  0.991226  0.116925  -0.061633  -0.117061  0.993124  0.001416  0.061375  0.005811  0.998098  0.002374  -0.012617  0.003459  0.000000  0.000000  0.000000  2.000000  
24.947827 0.011870  0.093760  -0.009164  0.991226  0.116925  -0.061633  -0.117061  0.993124  0.001416  0.061375  0.005811  0.998098  0.002590  -0.012508  0.003430  0.000000  0.000000  0.000000  2.000000  
24.949074 0.011877  0.093746  -0.009159  0.991226  0.116925  -0.061633  -0.117061  0.993124  0.001416  0.061375  0.005811  0.998098  0.002847  -0.012318  0.003475  0.000000  0.000000  0.000000  2.000000  
24.950315 0.011884  0.093733  -0.009153  0.991226  0.116918  -0.061647  -0.117061  0.993124  0.001296  0.061375  0.005932  0.998097  0.003144  -0.012171  0.003557  0.000000  0.000000  0.000000  2.000000  
24.951561 0.011890  0.093718  -0.009149  0.991202  0.117122  -0.061647  -0.117265  0.993100  0.001308  0.061375  0.005932  0.998097  0.003515  -0.012016  0.003604  0.000000  0.000000  0.000000  2.000000  
24.952566 0.011896  0.093707  -0.009145  0.991202  0.117114  -0.061661  -0.117265  0.993100  0.001188  0.061375  0.006053  0.998096  0.003861  -0.011852  0.003666  0.000000  0.000000  0.000000  2.000000  
24.953811 0.011903  0.093694  -0.009142  0.991202  0.117114  -0.061661  -0.117265  0.993100  0.001188  0.061375  0.006053  0.998096  0.004154  -0.011683  0.003658  0.000000  0.000000  0.000000  2.000000  
24.954830 0.011909  0.093683  -0.009139  0.991202  0.117114  -0.061661  -0.117265  0.993100  0.001188  0.061375  0.006053  0.998096  0.004416  -0.011488  0.003661  0.000000  0.000000  0.000000  2.000000  
24.956066 0.011916  0.093670  -0.009135  0.991202  0.117114  -0.061661  -0.117265  0.993100  0.001188  0.061375  0.006053  0.998096  0.004736  -0.011306  0.003663  0.000000  0.000000  0.000000  2.000000  
24.957314 0.011924  0.093657  -0.009132  0.991178  0.117326  -0.061647  -0.117469  0.993076  0.001321  0.061375  0.005932  0.998097  0.005030  -0.011109  0.003550  0.000000  0.000000  0.000000  2.000000  
24.958565 0.011931  0.093644  -0.009130  0.991178  0.117326  -0.061647  -0.117469  0.993076  0.001321  0.061375  0.005932  0.998097  0.005317  -0.010971  0.003388  0.000000  0.000000  0.000000  2.000000  
24.959822 0.011940  0.093632  -0.009127  0.991154  0.117538  -0.061632  -0.117673  0.993051  0.001454  0.061375  0.005811  0.998098  0.005550  -0.010797  0.003237  0.000000  0.000000  0.000000  2.000000  
24.960824 0.011946  0.093622  -0.009124  0.991146  0.117538  -0.061765  -0.117672  0.993051  0.001470  0.061509  0.005811  0.998090  0.005674  -0.010672  0.003134  0.000000  0.000000  0.000000  2.000000  
24.962066 0.011954  0.093610  -0.009120  0.991146  0.117538  -0.061765  -0.117672  0.993051  0.001470  0.061509  0.005811  0.998090  0.005841  -0.010548  0.003064  0.000000  0.000000  0.000000  2.000000  
24.963312 0.011961  0.093597  -0.009116  0.991122  0.117742  -0.061765  -0.117876  0.993027  0.001483  0.061509  0.005811  0.998090  0.005905  -0.010490  0.003011  0.000000  0.000000  0.000000  2.000000  
24.964313 0.011967  0.093588  -0.009113  0.991122  0.117749  -0.061750  -0.117876  0.993027  0.001603  0.061509  0.005690  0.998090  0.005965  -0.010368  0.002952  0.000000  0.000000  0.000000  2.000000  
24.965314 0.011974  0.093578  -0.009109  0.991097  0.117954  -0.061750  -0.118080  0.993003  0.001616  0.061509  0.005690  0.998090  0.005997  -0.010318  0.002927  0.000000  0.000000  0.000000  2.000000  
24.966560 0.011980  0.093565  -0.009105  0.991089  0.117953  -0.061883  -0.118079  0.993003  0.001631  0.061642  0.005690  0.998082  0.006008  -0.010239  0.002929  0.000000  0.000000  0.000000  2.000000  
24.967567 0.011985  0.093554  -0.009101  0.991065  0.118158  -0.061882  -0.118283  0.992979  0.001644  0.061642  0.005690  0.998082  0.005972  -0.010215  0.002942  0.000000  0.000000  0.000000  2.000000  
24.968816 0.011992  0.093541  -0.009096  0.991065  0.118158  -0.061882  -0.118283  0.992979  0.001644  0.061642  0.005690  0.998082  0.005872  -0.010165  0.003007  0.000000  0.000000  0.000000  2.000000  
24.969822 0.011997  0.093532  -0.009092  0.991065  0.118158  -0.061882  -0.118283  0.992979  0.001644  0.061642  0.005690  0.998082  0.005843  -0.010125  0.003118  0.000000  0.000000  0.000000  2.000000  
24.970830 0.012002  0.093521  -0.009089  0.991032  0.118361  -0.062015  -0.118486  0.992954  0.001673  0.061776  0.005690  0.998074  0.005774  -0.010064  0.003162  0.000000  0.000000  0.000000  2.000000  
24.972065 0.012007  0.093508  -0.009084  0.991032  0.118361  -0.062015  -0.118486  0.992954  0.001673  0.061776  0.005690  0.998074  0.005686  -0.010063  0.003283  0.000000  0.000000  0.000000  2.000000  
24.973066 0.012012  0.093498  -0.009081  0.991032  0.118361  -0.062015  -0.118486  0.992954  0.001673  0.061776  0.005690  0.998074  0.005564  -0.010105  0.003322  0.000000  0.000000  0.000000  2.000000  
24.974314 0.012017  0.093485  -0.009077  0.991008  0.118573  -0.062000  -0.118690  0.992930  0.001806  0.061776  0.005569  0.998075  0.005357  -0.010151  0.003399  0.000000  0.000000  0.000000  2.000000  
24.975564 0.012022  0.093471  -0.009073  0.991008  0.118573  -0.062000  -0.118690  0.992930  0.001806  0.061776  0.005569  0.998075  0.005173  -0.010227  0.003450  0.000000  0.000000  0.000000  2.000000  
24.976564 0.012025  0.093460  -0.009070  0.991008  0.118581  -0.061985  -0.118690  0.992929  0.001926  0.061776  0.005448  0.998075  0.004989  -0.010304  0.003501  0.000000  0.000000  0.000000  2.000000  
24.977565 0.012029  0.093449  -0.009066  0.991008  0.118581  -0.061985  -0.118690  0.992929  0.001926  0.061776  0.005448  0.998075  0.004797  -0.010402  0.003477  0.000000  0.000000  0.000000  2.000000  
24.978833 0.012033  0.093435  -0.009062  0.990983  0.118785  -0.061985  -0.118894  0.992905  0.001939  0.061776  0.005448  0.998075  0.004571  -0.010516  0.003521  0.000000  0.000000  0.000000  2.000000  
24.980066 0.012037  0.093420  -0.009058  0.990983  0.118793  -0.061971  -0.118894  0.992905  0.002060  0.061776  0.005327  0.998076  0.004306  -0.010698  0.003501  0.000000  0.000000  0.000000  2.000000  
24.981315 0.012040  0.093405  -0.009054  0.990983  0.118793  -0.061971  -0.118894  0.992905  0.002060  0.061776  0.005327  0.998076  0.004078  -0.010863  0.003481  0.000000  0.000000  0.000000  2.000000  
24.982560 0.012044  0.093390  -0.009049  0.990983  0.118793  -0.061971  -0.118894  0.992905  0.002060  0.061776  0.005327  0.998076  0.003932  -0.010982  0.003486  0.000000  0.000000  0.000000  2.000000  
24.983566 0.012047  0.093377  -0.009046  0.990983  0.118793  -0.061971  -0.118894  0.992905  0.002060  0.061776  0.005327  0.998076  0.003744  -0.011118  0.003434  0.000000  0.000000  0.000000  2.000000  
24.984820 0.012051  0.093363  -0.009041  0.990983  0.118793  -0.061971  -0.118894  0.992905  0.002060  0.061776  0.005327  0.998076  0.003624  -0.011257  0.003412  0.000000  0.000000  0.000000  2.000000  
24.986063 0.012055  0.093348  -0.009035  0.990983  0.118800  -0.061956  -0.118894  0.992905  0.002180  0.061776  0.005206  0.998076  0.003513  -0.011388  0.003479  0.000000  0.000000  0.000000  2.000000  
24.987063 0.012059  0.093336  -0.009031  0.990983  0.118800  -0.061956  -0.118894  0.992905  0.002180  0.061776  0.005206  0.998076  0.003444  -0.011491  0.003531  0.000000  0.000000  0.000000  2.000000  
24.988072 0.012062  0.093324  -0.009027  0.990983  0.118800  -0.061956  -0.118894  0.992905  0.002180  0.061776  0.005206  0.998076  0.003363  -0.011602  0.003568  0.000000  0.000000  0.000000  2.000000  
24.989314 0.012067  0.093309  -0.009022  0.990983  0.118800  -0.061956  -0.118894  0.992905  0.002180  0.061776  0.005206  0.998076  0.003359  -0.011722  0.003678  0.000000  0.000000  0.000000  2.000000  
24.990315 0.012071  0.093297  -0.009017  0.990983  0.118800  -0.061956  -0.118894  0.992905  0.002180  0.061776  0.005206  0.998076  0.003346  -0.011830  0.003821  0.000000  0.000000  0.000000  2.000000  
24.991564 0.012075  0.093281  -0.009012  0.991008  0.118603  -0.061942  -0.118690  0.992929  0.002288  0.061776  0.005085  0.998077  0.003326  -0.011956  0.003820  0.000000  0.000000  0.000000  2.000000  
24.992565 0.012079  0.093268  -0.009008  0.991008  0.118603  -0.061942  -0.118690  0.992929  0.002288  0.061776  0.005085  0.998077  0.003352  -0.012114  0.003906  0.000000  0.000000  0.000000  2.000000  
24.993565 0.012083  0.093255  -0.009004  0.991008  0.118603  -0.061942  -0.118690  0.992929  0.002288  0.061776  0.005085  0.998077  0.003396  -0.012205  0.003903  0.000000  0.000000  0.000000  2.000000  
24.994833 0.012089  0.093240  -0.009000  0.991008  0.118603  -0.061942  -0.118690  0.992929  0.002288  0.061776  0.005085  0.998077  0.003493  -0.012205  0.003934  0.000000  0.000000  0.000000  2.000000  
24.996068 0.012094  0.093224  -0.008995  0.991008  0.118603  -0.061942  -0.118690  0.992929  0.002288  0.061776  0.005085  0.998077  0.003656  -0.012246  0.003974  0.000000  0.000000  0.000000  2.000000  
24.997311 0.012100  0.093208  -0.008990  0.991008  0.118611  -0.061928  -0.118690  0.992928  0.002408  0.061776  0.004964  0.998078  0.003782  -0.012263  0.003986  0.000000  0.000000  0.000000  2.000000  
24.998316 0.012105  0.093196  -0.008986  0.991008  0.118611  -0.061928  -0.118690  0.992928  0.002408  0.061776  0.004964  0.998078  0.003935  -0.012312  0.004014  0.000000  0.000000  0.000000  2.000000  
24.999316 0.012110  0.093183  -0.008983  0.991008  0.118611  -0.061928  -0.118690  0.992928  0.002408  0.061776  0.004964  0.998078  0.004053  -0.012343  0.004016  0.000000  0.000000  0.000000  2.000000  
25.000562 0.012117  0.093168  -0.008978  0.991008  0.118611  -0.061928  -0.118690  0.992928  0.002408  0.061776  0.004964  0.998078  0.004208  -0.012391  0.003964  0.000000  0.000000  0.000000  2.000000  
25.001811 0.012124  0.093152  -0.008972  0.991008  0.118618  -0.061914  -0.118690  0.992928  0.002529  0.061776  0.004843  0.998078  0.004422  -0.012431  0.003998  0.000000  0.000000  0.000000  2.000000  
25.002813 0.012130  0.093140  -0.008968  0.990983  0.118823  -0.061913  -0.118894  0.992904  0.002541  0.061776  0.004843  0.998078  0.004552  -0.012469  0.003965  0.000000  0.000000  0.000000  2.000000  
25.003816 0.012136  0.093128  -0.008964  0.990983  0.118823  -0.061913  -0.118894  0.992904  0.002541  0.061776  0.004843  0.998078  0.004726  -0.012432  0.004008  0.000000  0.000000  0.000000  2.000000  
25.004820 0.012142  0.093116  -0.008960  0.990983  0.118823  -0.061913  -0.118894  0.992904  0.002541  0.061776  0.004843  0.998078  0.004912  -0.012466  0.003950  0.000000  0.000000  0.000000  2.000000  
25.005821 0.012148  0.093103  -0.008956  0.990975  0.118822  -0.062046  -0.118893  0.992904  0.002557  0.061909  0.004843  0.998070  0.005029  -0.012480  0.003925  0.000000  0.000000  0.000000  2.000000  
25.007064 0.012156  0.093087  -0.008951  0.990975  0.118822  -0.062046  -0.118893  0.992904  0.002557  0.061909  0.004843  0.998070  0.005271  -0.012484  0.003978  0.000000  0.000000  0.000000  2.000000  
25.008067 0.012162  0.093074  -0.008947  0.990975  0.118822  -0.062046  -0.118893  0.992904  0.002557  0.061909  0.004843  0.998070  0.005429  -0.012482  0.003985  0.000000  0.000000  0.000000  2.000000  
25.009314 0.012170  0.093058  -0.008942  0.990951  0.119026  -0.062045  -0.119097  0.992879  0.002570  0.061909  0.004843  0.998070  0.005579  -0.012496  0.003992  0.000000  0.000000  0.000000  2.000000  
25.010315 0.012176  0.093046  -0.008938  0.990951  0.119026  -0.062045  -0.119097  0.992879  0.002570  0.061909  0.004843  0.998070  0.005699  -0.012523  0.004014  0.000000  0.000000  0.000000  2.000000  
25.011565 0.012184  0.093030  -0.008933  0.990951  0.119026  -0.062045  -0.119097  0.992879  0.002570  0.061909  0.004843  0.998070  0.005863  -0.012534  0.004003  0.000000  0.000000  0.000000  2.000000  
25.012819 0.012192  0.093014  -0.008929  0.990951  0.119026  -0.062045  -0.119097  0.992879  0.002570  0.061909  0.004843  0.998070  0.005969  -0.012556  0.003980  0.000000  0.000000  0.000000  2.000000  
25.014062 0.012200  0.092998  -0.008924  0.990918  0.119230  -0.062177  -0.119300  0.992855  0.002599  0.062043  0.004843  0.998062  0.006103  -0.012526  0.003992  0.000000  0.000000  0.000000  2.000000  
25.015063 0.012207  0.092985  -0.008921  0.990918  0.119230  -0.062177  -0.119300  0.992855  0.002599  0.062043  0.004843  0.998062  0.006161  -0.012595  0.003904  0.000000  0.000000  0.000000  2.000000  
25.016315 0.012215  0.092969  -0.008917  0.990918  0.119230  -0.062177  -0.119300  0.992855  0.002599  0.062043  0.004843  0.998062  0.006228  -0.012654  0.003831  0.000000  0.000000  0.000000  2.000000  
25.017568 0.012223  0.092952  -0.008913  0.990893  0.119435  -0.062177  -0.119504  0.992830  0.002612  0.062043  0.004843  0.998062  0.006287  -0.012724  0.003742  0.000000  0.000000  0.000000  2.000000  
25.018647 0.012229  0.092939  -0.008910  0.990885  0.119434  -0.062309  -0.119503  0.992830  0.002628  0.062176  0.004842  0.998053  0.006269  -0.012753  0.003649  0.000000  0.000000  0.000000  2.000000  
25.019817 0.012237  0.092922  -0.008905  0.990885  0.119434  -0.062309  -0.119503  0.992830  0.002628  0.062176  0.004842  0.998053  0.006293  -0.012916  0.003620  0.000000  0.000000  0.000000  2.000000  
25.021083 0.012244  0.092904  -0.008902  0.990860  0.119638  -0.062309  -0.119707  0.992806  0.002640  0.062176  0.004842  0.998053  0.006294  -0.013028  0.003494  0.000000  0.000000  0.000000  2.000000  
25.022315 0.012252  0.092887  -0.008898  0.990852  0.119638  -0.062441  -0.119706  0.992806  0.002656  0.062310  0.004842  0.998045  0.006302  -0.013133  0.003462  0.000000  0.000000  0.000000  2.000000  
25.023318 0.012257  0.092873  -0.008894  0.990852  0.119638  -0.062441  -0.119706  0.992806  0.002656  0.062310  0.004842  0.998045  0.006248  -0.013222  0.003429  0.000000  0.000000  0.000000  2.000000  
25.024564 0.012265  0.092855  -0.008889  0.990827  0.119842  -0.062441  -0.119910  0.992781  0.002669  0.062310  0.004842  0.998045  0.006262  -0.013344  0.003405  0.000000  0.000000  0.000000  2.000000  
25.025814 0.012272  0.092837  -0.008885  0.990819  0.119841  -0.062573  -0.119909  0.992781  0.002685  0.062443  0.004842  0.998037  0.006213  -0.013466  0.003379  0.000000  0.000000  0.000000  2.000000  
25.026828 0.012278  0.092823  -0.008882  0.990819  0.119841  -0.062573  -0.119909  0.992781  0.002685  0.062443  0.004842  0.998037  0.006179  -0.013591  0.003370  0.000000  0.000000  0.000000  2.000000  
25.027829 0.012284  0.092809  -0.008878  0.990794  0.120046  -0.062573  -0.120113  0.992757  0.002698  0.062443  0.004842  0.998037  0.006136  -0.013707  0.003348  0.000000  0.000000  0.000000  2.000000  
25.029064 0.012291  0.092791  -0.008874  0.990786  0.120038  -0.062720  -0.120112  0.992757  0.002594  0.062577  0.004963  0.998028  0.006040  -0.013854  0.003382  0.000000  0.000000  0.000000  2.000000  
25.030311 0.012299  0.092772  -0.008869  0.990786  0.120038  -0.062720  -0.120112  0.992757  0.002594  0.062577  0.004963  0.998028  0.005999  -0.013984  0.003364  0.000000  0.000000  0.000000  2.000000  
25.031314 0.012304  0.092758  -0.008866  0.990761  0.120242  -0.062719  -0.120316  0.992732  0.002607  0.062577  0.004963  0.998028  0.005931  -0.014090  0.003417  0.000000  0.000000  0.000000  2.000000  
25.032560 0.012311  0.092739  -0.008861  0.990753  0.120241  -0.062852  -0.120315  0.992732  0.002623  0.062710  0.004963  0.998019  0.005852  -0.014199  0.003509  0.000000  0.000000  0.000000  2.000000  
25.033565 0.012316  0.092725  -0.008857  0.990753  0.120241  -0.062852  -0.120315  0.992732  0.002623  0.062710  0.004963  0.998019  0.005857  -0.014352  0.003565  0.000000  0.000000  0.000000  2.000000  
25.034829 0.012323  0.092706  -0.008852  0.990728  0.120446  -0.062851  -0.120519  0.992708  0.002636  0.062710  0.004963  0.998019  0.005711  -0.014417  0.003622  0.000000  0.000000  0.000000  2.000000  
25.036062 0.012329  0.092687  -0.008846  0.990720  0.120445  -0.062984  -0.120518  0.992708  0.002652  0.062844  0.004963  0.998011  0.005683  -0.014504  0.003694  0.000000  0.000000  0.000000  2.000000  
25.037063 0.012335  0.092672  -0.008842  0.990720  0.120445  -0.062984  -0.120518  0.992708  0.002652  0.062844  0.004963  0.998011  0.005639  -0.014565  0.003764  0.000000  0.000000  0.000000  2.000000  
25.038068 0.012340  0.092657  -0.008837  0.990720  0.120445  -0.062984  -0.120518  0.992708  0.002652  0.062844  0.004963  0.998011  0.005602  -0.014667  0.003855  0.000000  0.000000  0.000000  2.000000  
25.039314 0.012347  0.092638  -0.008831  0.990687  0.120649  -0.063116  -0.120721  0.992683  0.002681  0.062977  0.004963  0.998003  0.005559  -0.014740  0.003962  0.000000  0.000000  0.000000  2.000000  
25.040315 0.012353  0.092622  -0.008826  0.990687  0.120649  -0.063116  -0.120721  0.992683  0.002681  0.062977  0.004963  0.998003  0.005554  -0.014792  0.004059  0.000000  0.000000  0.000000  2.000000  
25.041316 0.012358  0.092607  -0.008821  0.990687  0.120649  -0.063116  -0.120721  0.992683  0.002681  0.062977  0.004963  0.998003  0.005493  -0.014868  0.004181  0.000000  0.000000  0.000000  2.000000  
25.042565 0.012364  0.092588  -0.008814  0.990654  0.120852  -0.063248  -0.120924  0.992658  0.002710  0.063111  0.004963  0.997994  0.005450  -0.014962  0.004331  0.000000  0.000000  0.000000  2.000000  
25.043565 0.012370  0.092573  -0.008809  0.990654  0.120852  -0.063248  -0.120924  0.992658  0.002710  0.063111  0.004963  0.997994  0.005474  -0.015016  0.004477  0.000000  0.000000  0.000000  2.000000  
25.044817 0.012377  0.092554  -0.008802  0.990620  0.121056  -0.063380  -0.121127  0.992633  0.002739  0.063245  0.004963  0.997986  0.005439  -0.015052  0.004649  0.000000  0.000000  0.000000  2.000000  
25.046065 0.012384  0.092535  -0.008795  0.990620  0.121056  -0.063380  -0.121127  0.992633  0.002739  0.063245  0.004963  0.997986  0.005417  -0.015124  0.004835  0.000000  0.000000  0.000000  2.000000  
25.047310 0.012390  0.092515  -0.008787  0.990595  0.121260  -0.063379  -0.121331  0.992608  0.002753  0.063245  0.004963  0.997986  0.005375  -0.015215  0.004975  0.000000  0.000000  0.000000  2.000000  
25.048313 0.012395  0.092500  -0.008781  0.990595  0.121260  -0.063379  -0.121331  0.992608  0.002753  0.063245  0.004963  0.997986  0.005357  -0.015277  0.005099  0.000000  0.000000  0.000000  2.000000  
25.049316 0.012401  0.092484  -0.008775  0.990595  0.121260  -0.063379  -0.121331  0.992608  0.002753  0.063245  0.004963  0.997986  0.005380  -0.015293  0.005218  0.000000  0.000000  0.000000  2.000000  
25.050566 0.012408  0.092465  -0.008768  0.990562  0.121464  -0.063511  -0.121534  0.992583  0.002782  0.063378  0.004963  0.997977  0.005392  -0.015312  0.005378  0.000000  0.000000  0.000000  2.000000  
25.051816 0.012414  0.092445  -0.008761  0.990562  0.121464  -0.063511  -0.121534  0.992583  0.002782  0.063378  0.004963  0.997977  0.005371  -0.015356  0.005514  0.000000  0.000000  0.000000  2.000000  
25.053092 0.012421  0.092426  -0.008753  0.990537  0.121676  -0.063496  -0.121738  0.992558  0.002915  0.063378  0.004842  0.997978  0.005346  -0.015359  0.005595  0.000000  0.000000  0.000000  2.000000  
25.054311 0.012428  0.092407  -0.008746  0.990512  0.121881  -0.063495  -0.121942  0.992533  0.002928  0.063378  0.004842  0.997978  0.005392  -0.015394  0.005691  0.000000  0.000000  0.000000  2.000000  
25.055314 0.012433  0.092391  -0.008739  0.990512  0.121881  -0.063495  -0.121942  0.992533  0.002928  0.063378  0.004842  0.997978  0.005362  -0.015411  0.005814  0.000000  0.000000  0.000000  2.000000  
25.056564 0.012440  0.092372  -0.008731  0.990478  0.122084  -0.063627  -0.122144  0.992508  0.002958  0.063512  0.004842  0.997969  0.005358  -0.015439  0.005865  0.000000  0.000000  0.000000  2.000000  
25.057566 0.012445  0.092356  -0.008725  0.990478  0.122084  -0.063627  -0.122144  0.992508  0.002958  0.063512  0.004842  0.997969  0.005388  -0.015489  0.005992  0.000000  0.000000  0.000000  2.000000  
25.058858 0.012452  0.092337  -0.008717  0.990453  0.122289  -0.063627  -0.122348  0.992483  0.002971  0.063512  0.004842  0.997969  0.005358  -0.015477  0.006067  0.000000  0.000000  0.000000  2.000000  
25.060064 0.012459  0.092317  -0.008709  0.990453  0.122289  -0.063627  -0.122348  0.992483  0.002971  0.063512  0.004842  0.997969  0.005385  -0.015543  0.006096  0.000000  0.000000  0.000000  2.000000  
25.061317 0.012466  0.092297  -0.008701  0.990428  0.122493  -0.063626  -0.122552  0.992458  0.002984  0.063512  0.004842  0.997969  0.005379  -0.015583  0.006150  0.000000  0.000000  0.000000  2.000000  
25.062565 0.012473  0.092277  -0.008693  0.990403  0.122697  -0.063625  -0.122756  0.992432  0.002997  0.063512  0.004842  0.997969  0.005406  -0.015666  0.006184  0.000000  0.000000  0.000000  2.000000  
25.063817 0.012480  0.092256  -0.008685  0.990394  0.122697  -0.063758  -0.122755  0.992432  0.003014  0.063645  0.004842  0.997961  0.005419  -0.015707  0.006201  0.000000  0.000000  0.000000  2.000000  
25.065063 0.012487  0.092237  -0.008677  0.990369  0.122901  -0.063757  -0.122959  0.992407  0.003027  0.063645  0.004842  0.997961  0.005456  -0.015733  0.006285  0.000000  0.000000  0.000000  2.000000  
25.066070 0.012492  0.092220  -0.008671  0.990343  0.123105  -0.063757  -0.123163  0.992382  0.003040  0.063645  0.004842  0.997961  0.005474  -0.015787  0.006308  0.000000  0.000000  0.000000  2.000000  
25.067314 0.012499  0.092200  -0.008662  0.990343  0.123105  -0.063757  -0.123163  0.992382  0.003040  0.063645  0.004842  0.997961  0.005538  -0.015854  0.006369  0.000000  0.000000  0.000000  2.000000  
25.068566 0.012507  0.092180  -0.008654  0.990318  0.123309  -0.063756  -0.123367  0.992356  0.003053  0.063645  0.004842  0.997961  0.005556  -0.015913  0.006394  0.000000  0.000000  0.000000  2.000000  
25.069811 0.012514  0.092159  -0.008647  0.990293  0.123514  -0.063755  -0.123571  0.992331  0.003066  0.063645  0.004842  0.997961  0.005607  -0.016015  0.006397  0.000000  0.000000  0.000000  2.000000  
25.070821 0.012520  0.092143  -0.008640  0.990284  0.123513  -0.063888  -0.123570  0.992331  0.003083  0.063779  0.004842  0.997952  0.005659  -0.016028  0.006397  0.000000  0.000000  0.000000  2.000000  
25.071822 0.012527  0.092126  -0.008634  0.990259  0.123717  -0.063887  -0.123773  0.992306  0.003096  0.063779  0.004842  0.997952  0.005711  -0.016145  0.006405  0.000000  0.000000  0.000000  2.000000  
25.073064 0.012534  0.092105  -0.008625  0.990233  0.123922  -0.063887  -0.123977  0.992280  0.003109  0.063779  0.004842  0.997952  0.005757  -0.016247  0.006407  0.000000  0.000000  0.000000  2.000000  
25.074065 0.012541  0.092088  -0.008619  0.990233  0.123922  -0.063887  -0.123977  0.992280  0.003109  0.063779  0.004842  0.997952  0.005800  -0.016339  0.006406  0.000000  0.000000  0.000000  2.000000  
25.075066 0.012547  0.092071  -0.008612  0.990208  0.124126  -0.063886  -0.124181  0.992255  0.003122  0.063779  0.004842  0.997952  0.005873  -0.016401  0.006426  0.000000  0.000000  0.000000  2.000000  
25.076315 0.012554  0.092049  -0.008604  0.990174  0.124330  -0.064018  -0.124384  0.992229  0.003152  0.063912  0.004842  0.997944  0.005890  -0.016564  0.006462  0.000000  0.000000  0.000000  2.000000  
25.077316 0.012561  0.092031  -0.008597  0.990174  0.124330  -0.064018  -0.124384  0.992229  0.003152  0.063912  0.004842  0.997944  0.005964  -0.016633  0.006481  0.000000  0.000000  0.000000  2.000000  
25.078565 0.012569  0.092009  -0.008588  0.990148  0.124526  -0.064032  -0.124588  0.992204  0.003045  0.063912  0.004963  0.997943  0.006045  -0.016749  0.006563  0.000000  0.000000  0.000000  2.000000  
25.079815 0.012577  0.091987  -0.008580  0.990122  0.124730  -0.064032  -0.124792  0.992178  0.003058  0.063912  0.004963  0.997943  0.006129  -0.016923  0.006555  0.000000  0.000000  0.000000  2.000000  
25.080821 0.012584  0.091969  -0.008572  0.990097  0.124935  -0.064031  -0.124995  0.992153  0.003071  0.063912  0.004963  0.997943  0.006227  -0.016968  0.006645  0.000000  0.000000  0.000000  2.000000  
25.082069 0.012592  0.091947  -0.008564  0.990088  0.124934  -0.064163  -0.124994  0.992153  0.003088  0.064046  0.004963  0.997935  0.006292  -0.017124  0.006666  0.000000  0.000000  0.000000  2.000000  
25.083311 0.012601  0.091925  -0.008555  0.990062  0.125138  -0.064163  -0.125198  0.992127  0.003101  0.064046  0.004963  0.997935  0.006376  -0.017251  0.006756  0.000000  0.000000  0.000000  2.000000  
25.084561 0.012609  0.091902  -0.008546  0.990037  0.125342  -0.064162  -0.125402  0.992101  0.003114  0.064046  0.004963  0.997935  0.006424  -0.017393  0.006814  0.000000  0.000000  0.000000  2.000000  
25.085565 0.012616  0.091885  -0.008539  0.990002  0.125546  -0.064294  -0.125605  0.992075  0.003144  0.064179  0.004963  0.997926  0.006453  -0.017481  0.006850  0.000000  0.000000  0.000000  2.000000  
25.086812 0.012624  0.091861  -0.008530  0.989976  0.125750  -0.064293  -0.125809  0.992050  0.003157  0.064179  0.004963  0.997926  0.006504  -0.017632  0.006911  0.000000  0.000000  0.000000  2.000000  
25.087826 0.012631  0.091844  -0.008522  0.989942  0.125962  -0.064410  -0.126011  0.992023  0.003308  0.064313  0.004842  0.997918  0.006567  -0.017690  0.006966  0.000000  0.000000  0.000000  2.000000  
25.089065 0.012640  0.091821  -0.008513  0.989916  0.126166  -0.064409  -0.126215  0.991997  0.003321  0.064313  0.004842  0.997918  0.006607  -0.017842  0.007068  0.000000  0.000000  0.000000  2.000000  
25.090068 0.012646  0.091802  -0.008506  0.989916  0.126166  -0.064409  -0.126215  0.991997  0.003321  0.064313  0.004842  0.997918  0.006680  -0.017903  0.007088  0.000000  0.000000  0.000000  2.000000  
25.091087 0.012653  0.091784  -0.008499  0.989881  0.126369  -0.064541  -0.126418  0.991971  0.003351  0.064446  0.004842  0.997909  0.006690  -0.017941  0.007104  0.000000  0.000000  0.000000  2.000000  
25.092316 0.012661  0.091760  -0.008489  0.989855  0.126574  -0.064540  -0.126622  0.991945  0.003365  0.064446  0.004842  0.997909  0.006721  -0.018074  0.007199  0.000000  0.000000  0.000000  2.000000  
25.093564 0.012670  0.091737  -0.008480  0.989821  0.126777  -0.064672  -0.126824  0.991919  0.003395  0.064580  0.004842  0.997901  0.006749  -0.018163  0.007236  0.000000  0.000000  0.000000  2.000000  
25.094824 0.012679  0.091714  -0.008470  0.989795  0.126981  -0.064671  -0.127028  0.991893  0.003408  0.064580  0.004842  0.997901  0.006776  -0.018157  0.007306  0.000000  0.000000  0.000000  2.000000  
25.096066 0.012687  0.091691  -0.008461  0.989760  0.127185  -0.064803  -0.127231  0.991867  0.003438  0.064713  0.004842  0.997892  0.006767  -0.018259  0.007314  0.000000  0.000000  0.000000  2.000000  
25.097310 0.012696  0.091668  -0.008451  0.989725  0.127389  -0.064935  -0.127433  0.991841  0.003469  0.064847  0.004842  0.997883  0.006780  -0.018342  0.007388  0.000000  0.000000  0.000000  2.000000  
25.098318 0.012702  0.091649  -0.008444  0.989699  0.127601  -0.064919  -0.127637  0.991814  0.003603  0.064847  0.004721  0.997884  0.006773  -0.018411  0.007343  0.000000  0.000000  0.000000  2.000000  
25.099563 0.012711  0.091626  -0.008435  0.989664  0.127804  -0.065050  -0.127840  0.991788  0.003633  0.064980  0.004721  0.997875  0.006805  -0.018424  0.007423  0.000000  0.000000  0.000000  2.000000  
25.100565 0.012718  0.091608  -0.008427  0.989629  0.128008  -0.065182  -0.128042  0.991762  0.003664  0.065114  0.004721  0.997867  0.006799  -0.018449  0.007473  0.000000  0.000000  0.000000  2.000000  
25.101815 0.012726  0.091585  -0.008419  0.989594  0.128211  -0.065314  -0.128245  0.991736  0.003694  0.065247  0.004720  0.997858  0.006809  -0.018455  0.007437  0.000000  0.000000  0.000000  2.000000  
25.102818 0.012733  0.091566  -0.008411  0.989567  0.128415  -0.065313  -0.128449  0.991709  0.003708  0.065247  0.004720  0.997858  0.006785  -0.018519  0.007430  0.000000  0.000000  0.000000  2.000000  
25.104066 0.012741  0.091543  -0.008402  0.989532  0.128619  -0.065444  -0.128651  0.991683  0.003738  0.065381  0.004720  0.997849  0.006754  -0.018473  0.007451  0.000000  0.000000  0.000000  2.000000  
25.105069 0.012747  0.091525  -0.008395  0.989497  0.128830  -0.065560  -0.128854  0.991656  0.003889  0.065514  0.004599  0.997841  0.006732  -0.018503  0.007390  0.000000  0.000000  0.000000  2.000000  
25.106315 0.012755  0.091502  -0.008386  0.989462  0.129034  -0.065692  -0.129056  0.991629  0.003920  0.065648  0.004599  0.997832  0.006703  -0.018433  0.007363  0.000000  0.000000  0.000000  2.000000  
