1-Time 2-Px 3-Py 4-Pz 5-R11 6-R21 7-R31 8-R12 9-R22 10-R32 11-R13 12-R23 13-R33 14-Vx 15-Vy 16-Vz 17-Wx 18-Wy 19-Wz 20-state 21-PR11 22-PR21 23-PR31 24-PR12 25-PR22 26-PR32 27-PR13 28-PR23 29-PR33 
139.015866 0.006082  0.096775  -0.015763  0.999627  0.023449  -0.014003  -0.023259  0.999638  0.013550  0.014316  -0.013220  0.999810  -0.000342  0.000100  0.001474  0.000000  0.000000  0.000000  2.000000  
139.016867 0.006081  0.096775  -0.015762  0.999627  0.023449  -0.014003  -0.023259  0.999638  0.013550  0.014316  -0.013220  0.999810  -0.000366  0.000071  0.001440  0.000000  0.000000  0.000000  2.000000  
139.018121 0.006082  0.096775  -0.015760  0.999627  0.023449  -0.014003  -0.023259  0.999638  0.013550  0.014316  -0.013220  0.999810  -0.000276  0.000080  0.001459  0.000000  0.000000  0.000000  2.000000  
139.019369 0.006083  0.096775  -0.015758  0.999620  0.023658  -0.014131  -0.023465  0.999631  0.013678  0.014450  -0.013341  0.999807  -0.000177  0.000066  0.001486  0.000000  0.000000  0.000000  2.000000  
139.020381 0.006084  0.096775  -0.015757  0.999620  0.023658  -0.014131  -0.023465  0.999631  0.013678  0.014450  -0.013341  0.999807  -0.000097  0.000022  0.001454  0.000000  0.000000  0.000000  2.000000  
139.021616 0.006086  0.096774  -0.015755  0.999615  0.023864  -0.014129  -0.023670  0.999626  0.013681  0.014450  -0.013341  0.999807  0.000073  -0.000014  0.001446  0.000000  0.000000  0.000000  2.000000  
139.022617 0.006087  0.096774  -0.015754  0.999615  0.023865  -0.014126  -0.023670  0.999625  0.013802  0.014450  -0.013462  0.999805  0.000173  -0.000082  0.001386  0.000000  0.000000  0.000000  2.000000  
139.023620 0.006089  0.096773  -0.015753  0.999609  0.024073  -0.014257  -0.023876  0.999620  0.013808  0.014584  -0.013462  0.999803  0.000332  -0.000116  0.001412  0.000000  0.000000  0.000000  2.000000  
139.024623 0.006091  0.096773  -0.015751  0.999604  0.024279  -0.014254  -0.024082  0.999615  0.013811  0.014584  -0.013462  0.999803  0.000501  -0.000151  0.001400  0.000000  0.000000  0.000000  2.000000  
139.025874 0.006094  0.096772  -0.015750  0.999599  0.024486  -0.014248  -0.024288  0.999608  0.013935  0.014584  -0.013583  0.999801  0.000722  -0.000183  0.001380  0.000000  0.000000  0.000000  2.000000  
139.027122 0.006097  0.096772  -0.015748  0.999594  0.024692  -0.014245  -0.024494  0.999603  0.013938  0.014584  -0.013583  0.999801  0.000952  -0.000217  0.001323  0.000000  0.000000  0.000000  2.000000  
139.028373 0.006100  0.096772  -0.015747  0.999583  0.025104  -0.014239  -0.024905  0.999593  0.013944  0.014584  -0.013583  0.999801  0.001193  -0.000199  0.001314  0.000000  0.000000  0.000000  2.000000  
139.029373 0.006103  0.096772  -0.015746  0.999576  0.025313  -0.014367  -0.025111  0.999586  0.014071  0.014717  -0.013705  0.999798  0.001393  -0.000206  0.001323  0.000000  0.000000  0.000000  2.000000  
139.030384 0.006106  0.096772  -0.015744  0.999571  0.025519  -0.014364  -0.025317  0.999580  0.014074  0.014717  -0.013705  0.999798  0.001633  -0.000188  0.001313  0.000000  0.000000  0.000000  2.000000  
139.031620 0.006110  0.096772  -0.015742  0.999566  0.025724  -0.014361  -0.025522  0.999575  0.014077  0.014717  -0.013705  0.999798  0.001924  -0.000187  0.001343  0.000000  0.000000  0.000000  2.000000  
139.032869 0.006114  0.096773  -0.015740  0.999559  0.025934  -0.014489  -0.025728  0.999568  0.014205  0.014851  -0.013826  0.999794  0.002146  -0.000144  0.001363  0.000000  0.000000  0.000000  2.000000  
139.034119 0.006118  0.096774  -0.015737  0.999548  0.026345  -0.014483  -0.026140  0.999557  0.014211  0.014851  -0.013826  0.999794  0.002356  -0.000092  0.001425  0.000000  0.000000  0.000000  2.000000  
139.035367 0.006122  0.096774  -0.015735  0.999543  0.026553  -0.014477  -0.026346  0.999550  0.014335  0.014851  -0.013947  0.999792  0.002526  -0.000054  0.001455  0.000000  0.000000  0.000000  2.000000  
139.036371 0.006125  0.096774  -0.015732  0.999535  0.026762  -0.014605  -0.026551  0.999543  0.014463  0.014985  -0.014068  0.999789  0.002624  -0.000020  0.001563  0.000000  0.000000  0.000000  2.000000  
139.037615 0.006128  0.096774  -0.015729  0.999524  0.027174  -0.014599  -0.026963  0.999532  0.014469  0.014985  -0.014068  0.999789  0.002738  0.000001  0.001648  0.000000  0.000000  0.000000  2.000000  
139.038619 0.006131  0.096773  -0.015727  0.999519  0.027381  -0.014592  -0.027169  0.999524  0.014593  0.014985  -0.014190  0.999787  0.002776  0.000006  0.001676  0.000000  0.000000  0.000000  2.000000  
139.039868 0.006134  0.096773  -0.015725  0.999511  0.027589  -0.014723  -0.027374  0.999519  0.014600  0.015119  -0.014190  0.999785  0.002776  -0.000015  0.001721  0.000000  0.000000  0.000000  2.000000  
139.040870 0.006136  0.096772  -0.015723  0.999505  0.027795  -0.014720  -0.027580  0.999513  0.014603  0.015119  -0.014190  0.999785  0.002755  -0.000012  0.001794  0.000000  0.000000  0.000000  2.000000  
139.041890 0.006138  0.096771  -0.015721  0.999500  0.028002  -0.014714  -0.027786  0.999505  0.014727  0.015119  -0.014311  0.999783  0.002757  -0.000038  0.001839  0.000000  0.000000  0.000000  2.000000  
139.043121 0.006140  0.096770  -0.015719  0.999494  0.028208  -0.014711  -0.027992  0.999500  0.014730  0.015119  -0.014311  0.999783  0.002728  -0.000108  0.001913  0.000000  0.000000  0.000000  2.000000  
139.044372 0.006143  0.096770  -0.015717  0.999482  0.028622  -0.014701  -0.028403  0.999486  0.014857  0.015119  -0.014432  0.999782  0.002672  -0.000105  0.001917  0.043302  0.024581  0.173274  2.000000  
139.045372 0.006144  0.096770  -0.015715  0.999482  0.028622  -0.014701  -0.028403  0.999486  0.014857  0.015119  -0.014432  0.999782  0.002554  -0.000161  0.001926  0.043306  0.024583  0.173289  2.000000  
139.046375 0.006145  0.096770  -0.015714  0.999476  0.028829  -0.014694  -0.028609  0.999478  0.014982  0.015119  -0.014553  0.999780  0.002415  -0.000181  0.001918  0.047485  0.024477  0.180212  2.000000  
139.047619 0.006148  0.096770  -0.015711  0.999470  0.029035  -0.014691  -0.028815  0.999472  0.014985  0.015119  -0.014553  0.999780  0.002286  -0.000207  0.001913  0.047592  0.024384  0.187152  2.000000  
139.048869 0.006149  0.096770  -0.015710  0.999462  0.029244  -0.014818  -0.029020  0.999465  0.015113  0.015252  -0.014675  0.999776  0.002105  -0.000232  0.001880  0.047624  0.024364  0.187179  2.000000  
139.049873 0.006150  0.096770  -0.015708  0.999462  0.029244  -0.014818  -0.029020  0.999465  0.015113  0.015252  -0.014675  0.999776  0.001924  -0.000249  0.001841  0.047626  0.024365  0.187186  2.000000  
139.050877 0.006150  0.096770  -0.015706  0.999456  0.029450  -0.014815  -0.029226  0.999459  0.015116  0.015252  -0.014675  0.999776  0.001785  -0.000240  0.001786  0.047711  0.024260  0.194035  2.000000  
139.052117 0.006150  0.096770  -0.015704  0.999456  0.029452  -0.014812  -0.029226  0.999457  0.015237  0.015252  -0.014796  0.999774  0.001578  -0.000252  0.001767  0.047230  0.024141  0.185635  2.000000  
139.053118 0.006150  0.096769  -0.015703  0.999456  0.029452  -0.014812  -0.029226  0.999457  0.015237  0.015252  -0.014796  0.999774  0.001327  -0.000259  0.001685  0.047529  0.019941  0.180184  2.000000  
139.054120 0.006150  0.096769  -0.015701  0.999450  0.029658  -0.014809  -0.029432  0.999451  0.015240  0.015252  -0.014796  0.999774  0.001127  -0.000252  0.001676  0.047530  0.019941  0.180189  2.000000  
139.055120 0.006149  0.096769  -0.015699  0.999450  0.029658  -0.014809  -0.029432  0.999451  0.015240  0.015252  -0.014796  0.999774  0.000947  -0.000269  0.001639  0.047036  0.019874  0.171841  2.000000  
139.056371 0.006148  0.096768  -0.015697  0.999450  0.029658  -0.014809  -0.029432  0.999451  0.015240  0.015252  -0.014796  0.999774  0.000753  -0.000227  0.001658  0.000000  0.000000  0.000000  2.000000  
139.057623 0.006148  0.096768  -0.015694  0.999450  0.029658  -0.014809  -0.029432  0.999451  0.015240  0.015252  -0.014796  0.999774  0.000525  -0.000174  0.001735  0.000000  0.000000  0.000000  2.000000  
139.058870 0.006147  0.096768  -0.015692  0.999450  0.029658  -0.014809  -0.029432  0.999451  0.015240  0.015252  -0.014796  0.999774  0.000320  -0.000164  0.001698  0.000000  0.000000  0.000000  2.000000  
139.059871 0.006146  0.096768  -0.015691  0.999450  0.029658  -0.014809  -0.029432  0.999451  0.015240  0.015252  -0.014796  0.999774  0.000156  -0.000110  0.001691  0.000000  0.000000  0.000000  2.000000  
139.060872 0.006145  0.096768  -0.015689  0.999450  0.029658  -0.014809  -0.029432  0.999451  0.015240  0.015252  -0.014796  0.999774  -0.000034  -0.000125  0.001691  0.000000  0.000000  0.000000  2.000000  
139.062120 0.006144  0.096768  -0.015687  0.999444  0.029863  -0.014805  -0.029638  0.999444  0.015243  0.015252  -0.014796  0.999774  -0.000184  -0.000114  0.001673  0.000000  0.000000  0.000000  2.000000  
139.063172 0.006143  0.096768  -0.015687  0.999444  0.029863  -0.014805  -0.029638  0.999444  0.015243  0.015252  -0.014796  0.999774  -0.000352  -0.000132  0.001592  0.000000  0.000000  0.000000  2.000000  
139.064372 0.006142  0.096768  -0.015686  0.999450  0.029658  -0.014809  -0.029432  0.999451  0.015240  0.015252  -0.014796  0.999774  -0.000532  -0.000129  0.001514  0.000000  0.000000  0.000000  2.000000  
139.065373 0.006141  0.096768  -0.015685  0.999450  0.029658  -0.014809  -0.029432  0.999451  0.015240  0.015252  -0.014796  0.999774  -0.000593  -0.000106  0.001528  0.000000  0.000000  0.000000  2.000000  
139.066380 0.006139  0.096768  -0.015684  0.999450  0.029658  -0.014809  -0.029432  0.999451  0.015240  0.015252  -0.014796  0.999774  -0.000711  -0.000124  0.001430  0.000000  0.000000  0.000000  2.000000  
139.067618 0.006138  0.096768  -0.015683  0.999450  0.029658  -0.014809  -0.029432  0.999451  0.015240  0.015252  -0.014796  0.999774  -0.000797  -0.000108  0.001381  0.000000  0.000000  0.000000  2.000000  
139.068867 0.006137  0.096768  -0.015682  0.999450  0.029658  -0.014809  -0.029432  0.999451  0.015240  0.015252  -0.014796  0.999774  -0.000878  -0.000101  0.001266  0.000000  0.000000  0.000000  2.000000  
139.069869 0.006136  0.096768  -0.015681  0.999450  0.029658  -0.014809  -0.029432  0.999451  0.015240  0.015252  -0.014796  0.999774  -0.000897  -0.000055  0.001249  0.000000  0.000000  0.000000  2.000000  
139.070888 0.006135  0.096768  -0.015679  0.999452  0.029656  -0.014675  -0.029432  0.999451  0.015236  0.015119  -0.014796  0.999776  -0.000915  -0.000010  0.001231  0.000000  0.000000  0.000000  2.000000  
139.072116 0.006134  0.096768  -0.015678  0.999452  0.029656  -0.014675  -0.029432  0.999451  0.015236  0.015119  -0.014796  0.999776  -0.000900  0.000011  0.001167  0.000000  0.000000  0.000000  2.000000  
139.073123 0.006134  0.096769  -0.015676  0.999452  0.029656  -0.014675  -0.029432  0.999451  0.015236  0.015119  -0.014796  0.999776  -0.000843  0.000086  0.001145  0.000000  0.000000  0.000000  2.000000  
139.074405 0.006135  0.096770  -0.015675  0.999450  0.029658  -0.014809  -0.029432  0.999451  0.015240  0.015252  -0.014796  0.999774  -0.000780  0.000088  0.001096  0.000000  0.000000  0.000000  2.000000  
139.075620 0.006135  0.096771  -0.015673  0.999450  0.029656  -0.014812  -0.029432  0.999452  0.015119  0.015252  -0.014675  0.999776  -0.000678  0.000189  0.001094  0.000000  0.000000  0.000000  2.000000  
139.076621 0.006135  0.096771  -0.015673  0.999450  0.029656  -0.014812  -0.029432  0.999452  0.015119  0.015252  -0.014675  0.999776  -0.000618  0.000192  0.001029  0.000000  0.000000  0.000000  2.000000  
139.077870 0.006136  0.096772  -0.015671  0.999450  0.029656  -0.014812  -0.029432  0.999452  0.015119  0.015252  -0.014675  0.999776  -0.000459  0.000273  0.001024  0.000000  0.000000  0.000000  2.000000  
139.079120 0.006137  0.096773  -0.015670  0.999450  0.029656  -0.014812  -0.029432  0.999452  0.015119  0.015252  -0.014675  0.999776  -0.000321  0.000284  0.001034  0.000000  0.000000  0.000000  2.000000  
139.080120 0.006138  0.096773  -0.015669  0.999444  0.029862  -0.014809  -0.029638  0.999446  0.015122  0.015252  -0.014675  0.999776  -0.000203  0.000320  0.001072  0.000000  0.000000  0.000000  2.000000  
139.081373 0.006139  0.096774  -0.015668  0.999444  0.029862  -0.014809  -0.029638  0.999446  0.015122  0.015252  -0.014675  0.999776  -0.000044  0.000382  0.001094  0.000000  0.000000  0.000000  2.000000  
139.082381 0.006140  0.096774  -0.015667  0.999444  0.029862  -0.014809  -0.029638  0.999446  0.015122  0.015252  -0.014675  0.999776  0.000106  0.000398  0.001084  0.000000  0.000000  0.000000  2.000000  
139.083618 0.006140  0.096774  -0.015667  0.999444  0.029862  -0.014809  -0.029638  0.999446  0.015122  0.015252  -0.014675  0.999776  0.000248  0.000431  0.001049  0.000000  0.000000  0.000000  2.000000  
139.084619 0.006141  0.096774  -0.015666  0.999444  0.029862  -0.014809  -0.029638  0.999446  0.015122  0.015252  -0.014675  0.999776  0.000343  0.000430  0.001014  0.000000  0.000000  0.000000  2.000000  
139.085868 0.006142  0.096775  -0.015665  0.999444  0.029862  -0.014809  -0.029638  0.999446  0.015122  0.015252  -0.014675  0.999776  0.000463  0.000434  0.000924  0.000000  0.000000  0.000000  2.000000  
139.086871 0.006142  0.096775  -0.015665  0.999438  0.030067  -0.014806  -0.029843  0.999440  0.015125  0.015252  -0.014675  0.999776  0.000542  0.000440  0.000855  0.000000  0.000000  0.000000  2.000000  
139.087871 0.006144  0.096775  -0.015665  0.999438  0.030067  -0.014806  -0.029843  0.999440  0.015125  0.015252  -0.014675  0.999776  0.000624  0.000418  0.000780  0.000000  0.000000  0.000000  2.000000  
139.089120 0.006145  0.096776  -0.015664  0.999438  0.030067  -0.014806  -0.029843  0.999440  0.015125  0.015252  -0.014675  0.999776  0.000677  0.000443  0.000727  0.000000  0.000000  0.000000  2.000000  
139.090383 0.006145  0.096776  -0.015664  0.999438  0.030067  -0.014806  -0.029843  0.999440  0.015125  0.015252  -0.014675  0.999776  0.000675  0.000387  0.000639  0.000000  0.000000  0.000000  2.000000  
139.091623 0.006146  0.096777  -0.015663  0.999432  0.030273  -0.014803  -0.030049  0.999434  0.015128  0.015252  -0.014675  0.999776  0.000685  0.000365  0.000647  0.000000  0.000000  0.000000  2.000000  
139.092874 0.006147  0.096778  -0.015662  0.999432  0.030273  -0.014803  -0.030049  0.999434  0.015128  0.015252  -0.014675  0.999776  0.000696  0.000363  0.000610  0.000000  0.000000  0.000000  2.000000  
139.094120 0.006147  0.096778  -0.015661  0.999432  0.030273  -0.014803  -0.030049  0.999434  0.015128  0.015252  -0.014675  0.999776  0.000635  0.000354  0.000609  0.000000  0.000000  0.000000  2.000000  
139.095120 0.006147  0.096778  -0.015661  0.999432  0.030273  -0.014803  -0.030049  0.999434  0.015128  0.015252  -0.014675  0.999776  0.000606  0.000347  0.000545  0.000000  0.000000  0.000000  2.000000  
139.096373 0.006147  0.096779  -0.015660  0.999432  0.030273  -0.014803  -0.030049  0.999434  0.015128  0.015252  -0.014675  0.999776  0.000547  0.000320  0.000506  0.000000  0.000000  0.000000  2.000000  
139.097619 0.006147  0.096779  -0.015660  0.999432  0.030273  -0.014803  -0.030049  0.999434  0.015128  0.015252  -0.014675  0.999776  0.000478  0.000362  0.000499  0.000000  0.000000  0.000000  2.000000  
139.098620 0.006147  0.096779  -0.015660  0.999426  0.030479  -0.014800  -0.030255  0.999428  0.015131  0.015252  -0.014675  0.999776  0.000438  0.000357  0.000471  0.000000  0.000000  0.000000  2.000000  
139.099871 0.006147  0.096779  -0.015660  0.999426  0.030479  -0.014800  -0.030255  0.999428  0.015131  0.015252  -0.014675  0.999776  0.000368  0.000324  0.000423  0.000000  0.000000  0.000000  2.000000  
139.100871 0.006147  0.096779  -0.015659  0.999426  0.030479  -0.014800  -0.030255  0.999428  0.015131  0.015252  -0.014675  0.999776  0.000308  0.000343  0.000424  0.000000  0.000000  0.000000  2.000000  
139.102122 0.006147  0.096779  -0.015659  0.999426  0.030481  -0.014796  -0.030255  0.999426  0.015252  0.015252  -0.014796  0.999774  0.000264  0.000313  0.000435  0.000000  0.000000  0.000000  2.000000  
139.103142 0.006146  0.096780  -0.015659  0.999426  0.030481  -0.014796  -0.030255  0.999426  0.015252  0.015252  -0.014796  0.999774  0.000188  0.000307  0.000385  0.000000  0.000000  0.000000  2.000000  
139.104392 0.006146  0.096780  -0.015659  0.999426  0.030481  -0.014796  -0.030255  0.999426  0.015252  0.015252  -0.014796  0.999774  0.000128  0.000251  0.000345  0.000000  0.000000  0.000000  2.000000  
139.105618 0.006146  0.096780  -0.015659  0.999426  0.030481  -0.014796  -0.030255  0.999426  0.015252  0.015252  -0.014796  0.999774  0.000059  0.000240  0.000252  0.000000  0.000000  0.000000  2.000000  
139.106869 0.006146  0.096780  -0.015659  0.999426  0.030481  -0.014796  -0.030255  0.999426  0.015252  0.015252  -0.014796  0.999774  -0.000012  0.000182  0.000245  0.000000  0.000000  0.000000  2.000000  
139.107883 0.006146  0.096780  -0.015659  0.999426  0.030481  -0.014796  -0.030255  0.999426  0.015252  0.015252  -0.014796  0.999774  -0.000031  0.000156  0.000192  0.000000  0.000000  0.000000  2.000000  
139.109123 0.006145  0.096780  -0.015659  0.999426  0.030481  -0.014796  -0.030255  0.999426  0.015252  0.015252  -0.014796  0.999774  -0.000101  0.000123  0.000145  0.000000  0.000000  0.000000  2.000000  
139.110385 0.006145  0.096780  -0.015659  0.999426  0.030481  -0.014796  -0.030255  0.999426  0.015252  0.015252  -0.014796  0.999774  -0.000120  0.000093  0.000088  0.000000  0.000000  0.000000  2.000000  
139.111620 0.006145  0.096780  -0.015658  0.999426  0.030481  -0.014796  -0.030255  0.999426  0.015252  0.015252  -0.014796  0.999774  -0.000129  0.000093  0.000123  0.000000  0.000000  0.000000  2.000000  
139.112870 0.006145  0.096780  -0.015658  0.999426  0.030481  -0.014796  -0.030255  0.999426  0.015252  0.015252  -0.014796  0.999774  -0.000152  0.000044  0.000113  0.000000  0.000000  0.000000  2.000000  
139.114120 0.006144  0.096780  -0.015657  0.999426  0.030481  -0.014796  -0.030255  0.999426  0.015252  0.015252  -0.014796  0.999774  -0.000172  0.000069  0.000142  0.000000  0.000000  0.000000  2.000000  
139.115372 0.006144  0.096780  -0.015657  0.999426  0.030481  -0.014796  -0.030255  0.999426  0.015252  0.015252  -0.014796  0.999774  -0.000169  0.000068  0.000140  0.000000  0.000000  0.000000  2.000000  
139.116619 0.006144  0.096781  -0.015656  0.999426  0.030481  -0.014796  -0.030255  0.999426  0.015252  0.015252  -0.014796  0.999774  -0.000153  0.000098  0.000199  0.000000  0.000000  0.000000  2.000000  
139.117620 0.006144  0.096781  -0.015656  0.999432  0.030275  -0.014799  -0.030049  0.999432  0.015249  0.015252  -0.014796  0.999774  -0.000163  0.000100  0.000236  0.000000  0.000000  0.000000  2.000000  
139.118621 0.006144  0.096781  -0.015656  0.999432  0.030275  -0.014799  -0.030049  0.999432  0.015249  0.015252  -0.014796  0.999774  -0.000163  0.000100  0.000236  0.000000  0.000000  0.000000  2.000000  
139.119867 0.006143  0.096781  -0.015655  0.999432  0.030275  -0.014799  -0.030049  0.999432  0.015249  0.015252  -0.014796  0.999774  -0.000201  0.000073  0.000250  0.000000  0.000000  0.000000  2.000000  
139.120868 0.006143  0.096781  -0.015655  0.999432  0.030275  -0.014799  -0.030049  0.999432  0.015249  0.015252  -0.014796  0.999774  -0.000202  0.000052  0.000294  0.000000  0.000000  0.000000  2.000000  
139.122120 0.006143  0.096781  -0.015655  0.999432  0.030275  -0.014799  -0.030049  0.999432  0.015249  0.015252  -0.014796  0.999774  -0.000204  0.000074  0.000254  0.000000  0.000000  0.000000  2.000000  
139.123370 0.006143  0.096781  -0.015655  0.999432  0.030275  -0.014799  -0.030049  0.999432  0.015249  0.015252  -0.014796  0.999774  -0.000211  0.000075  0.000286  0.000000  0.000000  0.000000  2.000000  
139.124625 0.006143  0.096781  -0.015654  0.999426  0.030481  -0.014796  -0.030255  0.999426  0.015252  0.015252  -0.014796  0.999774  -0.000172  0.000080  0.000314  0.000000  0.000000  0.000000  2.000000  
139.125871 0.006143  0.096781  -0.015653  0.999426  0.030481  -0.014796  -0.030255  0.999426  0.015252  0.015252  -0.014796  0.999774  -0.000163  0.000057  0.000322  0.000000  0.000000  0.000000  2.000000  
139.126872 0.006143  0.096781  -0.015653  0.999426  0.030481  -0.014796  -0.030255  0.999426  0.015252  0.015252  -0.014796  0.999774  -0.000155  0.000056  0.000290  0.000000  0.000000  0.000000  2.000000  
139.128120 0.006143  0.096781  -0.015653  0.999426  0.030481  -0.014796  -0.030255  0.999426  0.015252  0.015252  -0.014796  0.999774  -0.000124  0.000062  0.000349  0.000000  0.000000  0.000000  2.000000  
139.129120 0.006143  0.096781  -0.015652  0.999426  0.030481  -0.014796  -0.030255  0.999426  0.015252  0.015252  -0.014796  0.999774  -0.000096  0.000091  0.000375  0.000000  0.000000  0.000000  2.000000  
139.130385 0.006143  0.096781  -0.015651  0.999426  0.030481  -0.014796  -0.030255  0.999426  0.015252  0.015252  -0.014796  0.999774  -0.000086  0.000068  0.000383  0.000000  0.000000  0.000000  2.000000  
139.131620 0.006143  0.096781  -0.015651  0.999424  0.030483  -0.014930  -0.030255  0.999426  0.015256  0.015386  -0.014796  0.999772  -0.000107  0.000018  0.000372  0.000000  0.000000  0.000000  2.000000  
139.132867 0.006143  0.096781  -0.015650  0.999424  0.030483  -0.014930  -0.030255  0.999426  0.015256  0.015386  -0.014796  0.999772  -0.000105  0.000017  0.000366  0.000000  0.000000  0.000000  2.000000  
139.134119 0.006142  0.096781  -0.015650  0.999424  0.030483  -0.014930  -0.030255  0.999426  0.015256  0.015386  -0.014796  0.999772  -0.000068  0.000023  0.000400  0.000000  0.000000  0.000000  2.000000  
139.135366 0.006142  0.096781  -0.015649  0.999424  0.030483  -0.014930  -0.030255  0.999426  0.015256  0.015386  -0.014796  0.999772  -0.000077  0.000024  0.000430  0.000000  0.000000  0.000000  2.000000  
139.136371 0.006142  0.096781  -0.015649  0.999424  0.030483  -0.014930  -0.030255  0.999426  0.015256  0.015386  -0.014796  0.999772  -0.000057  -0.000000  0.000402  0.000000  0.000000  0.000000  2.000000  
139.137616 0.006142  0.096781  -0.015649  0.999424  0.030483  -0.014930  -0.030255  0.999426  0.015256  0.015386  -0.014796  0.999772  -0.000088  -0.000028  0.000388  0.000000  0.000000  0.000000  2.000000  
139.138620 0.006141  0.096781  -0.015648  0.999424  0.030483  -0.014930  -0.030255  0.999426  0.015256  0.015386  -0.014796  0.999772  -0.000099  -0.000026  0.000425  0.000000  0.000000  0.000000  2.000000  
139.139867 0.006141  0.096781  -0.015648  0.999424  0.030483  -0.014930  -0.030255  0.999426  0.015256  0.015386  -0.014796  0.999772  -0.000097  -0.000026  0.000418  0.000000  0.000000  0.000000  2.000000  
139.140870 0.006141  0.096780  -0.015648  0.999424  0.030483  -0.014930  -0.030255  0.999426  0.015256  0.015386  -0.014796  0.999772  -0.000126  -0.000032  0.000354  0.000000  0.000000  0.000000  2.000000  
139.141873 0.006141  0.096780  -0.015648  0.999424  0.030483  -0.014930  -0.030255  0.999426  0.015256  0.015386  -0.014796  0.999772  -0.000117  -0.000035  0.000323  0.000000  0.000000  0.000000  2.000000  
139.142878 0.006141  0.096780  -0.015647  0.999418  0.030688  -0.014927  -0.030461  0.999419  0.015260  0.015386  -0.014796  0.999772  -0.000128  -0.000033  0.000360  0.000000  0.000000  0.000000  2.000000  
139.144119 0.006140  0.096780  -0.015648  0.999415  0.030690  -0.015060  -0.030461  0.999419  0.015264  0.015520  -0.014796  0.999770  -0.000174  -0.000089  0.000278  0.000000  0.000000  0.000000  2.000000  
139.145376 0.006140  0.096780  -0.015648  0.999415  0.030690  -0.015060  -0.030461  0.999419  0.015264  0.015520  -0.014796  0.999770  -0.000203  -0.000096  0.000214  0.000000  0.000000  0.000000  2.000000  
139.146382 0.006140  0.096780  -0.015647  0.999415  0.030690  -0.015060  -0.030461  0.999419  0.015264  0.015520  -0.014796  0.999770  -0.000206  -0.000097  0.000218  0.000000  0.000000  0.000000  2.000000  
139.147620 0.006139  0.096779  -0.015648  0.999415  0.030690  -0.015060  -0.030461  0.999419  0.015264  0.015520  -0.014796  0.999770  -0.000216  -0.000150  0.000169  0.000000  0.000000  0.000000  2.000000  
139.148872 0.006139  0.096779  -0.015647  0.999415  0.030690  -0.015060  -0.030461  0.999419  0.015264  0.015520  -0.014796  0.999770  -0.000246  -0.000178  0.000149  0.000000  0.000000  0.000000  2.000000  
139.150122 0.006138  0.096778  -0.015647  0.999413  0.030692  -0.015194  -0.030460  0.999419  0.015268  0.015654  -0.014796  0.999768  -0.000277  -0.000206  0.000129  0.000000  0.000000  0.000000  2.000000  
139.151125 0.006138  0.096778  -0.015647  0.999413  0.030692  -0.015194  -0.030460  0.999419  0.015268  0.015654  -0.014796  0.999768  -0.000307  -0.000233  0.000110  0.000000  0.000000  0.000000  2.000000  
139.152370 0.006137  0.096777  -0.015647  0.999413  0.030692  -0.015194  -0.030460  0.999419  0.015268  0.015654  -0.014796  0.999768  -0.000307  -0.000233  0.000110  0.000000  0.000000  0.000000  2.000000  
139.153374 0.006137  0.096777  -0.015647  0.999413  0.030692  -0.015194  -0.030460  0.999419  0.015268  0.015654  -0.014796  0.999768  -0.000321  -0.000259  0.000052  0.000000  0.000000  0.000000  2.000000  
139.154617 0.006136  0.096777  -0.015648  0.999411  0.030694  -0.015328  -0.030460  0.999419  0.015272  0.015788  -0.014796  0.999766  -0.000360  -0.000264  0.000024  0.000000  0.000000  0.000000  2.000000  
139.155619 0.006136  0.096777  -0.015648  0.999411  0.030694  -0.015328  -0.030460  0.999419  0.015272  0.015788  -0.014796  0.999766  -0.000325  -0.000242  0.000007  0.000000  0.000000  0.000000  2.000000  
139.156621 0.006135  0.096777  -0.015648  0.999411  0.030694  -0.015328  -0.030460  0.999419  0.015272  0.015788  -0.014796  0.999766  -0.000359  -0.000243  -0.000021  0.000000  0.000000  0.000000  2.000000  
139.157624 0.006135  0.096777  -0.015648  0.999411  0.030694  -0.015328  -0.030460  0.999419  0.015272  0.015788  -0.014796  0.999766  -0.000354  -0.000249  -0.000058  0.000000  0.000000  0.000000  2.000000  
139.158872 0.006135  0.096776  -0.015649  0.999409  0.030696  -0.015461  -0.030460  0.999419  0.015276  0.015921  -0.014796  0.999764  -0.000354  -0.000249  -0.000058  0.000000  0.000000  0.000000  2.000000  
139.159872 0.006135  0.096776  -0.015649  0.999409  0.030696  -0.015461  -0.030460  0.999419  0.015276  0.015921  -0.014796  0.999764  -0.000354  -0.000249  -0.000058  0.000000  0.000000  0.000000  2.000000  
139.160873 0.006135  0.096776  -0.015649  0.999409  0.030696  -0.015461  -0.030460  0.999419  0.015276  0.015921  -0.014796  0.999764  -0.000343  -0.000251  -0.000095  0.000000  0.000000  0.000000  2.000000  
139.162120 0.006134  0.096776  -0.015649  0.999407  0.030698  -0.015595  -0.030460  0.999419  0.015280  0.016055  -0.014796  0.999762  -0.000347  -0.000224  -0.000102  0.000000  0.000000  0.000000  2.000000  
139.163371 0.006134  0.096775  -0.015649  0.999407  0.030698  -0.015595  -0.030460  0.999419  0.015280  0.016055  -0.014796  0.999762  -0.000336  -0.000226  -0.000138  0.000000  0.000000  0.000000  2.000000  
139.164373 0.006133  0.096775  -0.015650  0.999405  0.030700  -0.015729  -0.030460  0.999419  0.015284  0.016189  -0.014796  0.999759  -0.000331  -0.000232  -0.000178  0.000000  0.000000  0.000000  2.000000  
139.165622 0.006134  0.096774  -0.015650  0.999405  0.030700  -0.015729  -0.030460  0.999419  0.015284  0.016189  -0.014796  0.999759  -0.000281  -0.000228  -0.000187  0.000000  0.000000  0.000000  2.000000  
139.166873 0.006133  0.096774  -0.015651  0.999405  0.030700  -0.015729  -0.030460  0.999419  0.015284  0.016189  -0.014796  0.999759  -0.000270  -0.000230  -0.000224  0.000000  0.000000  0.000000  2.000000  
139.168116 0.006133  0.096774  -0.015651  0.999403  0.030702  -0.015863  -0.030460  0.999419  0.015288  0.016323  -0.014796  0.999757  -0.000255  -0.000228  -0.000257  0.000000  0.000000  0.000000  2.000000  
139.169371 0.006133  0.096774  -0.015652  0.999401  0.030704  -0.015996  -0.030460  0.999419  0.015292  0.016456  -0.014796  0.999755  -0.000209  -0.000228  -0.000270  0.000000  0.000000  0.000000  2.000000  
139.170386 0.006133  0.096773  -0.015652  0.999401  0.030704  -0.015996  -0.030460  0.999419  0.015292  0.016456  -0.014796  0.999755  -0.000239  -0.000256  -0.000290  0.000000  0.000000  0.000000  2.000000  
139.171618 0.006133  0.096773  -0.015653  0.999401  0.030704  -0.015996  -0.030460  0.999419  0.015292  0.016456  -0.014796  0.999755  -0.000186  -0.000249  -0.000294  0.000000  0.000000  0.000000  2.000000  
139.172866 0.006132  0.096773  -0.015653  0.999398  0.030706  -0.016130  -0.030460  0.999419  0.015296  0.016590  -0.014796  0.999753  -0.000186  -0.000249  -0.000294  0.000000  0.000000  0.000000  2.000000  
139.173868 0.006132  0.096772  -0.015653  0.999398  0.030706  -0.016130  -0.030460  0.999419  0.015296  0.016590  -0.014796  0.999753  -0.000216  -0.000276  -0.000314  0.000000  0.000000  0.000000  2.000000  
139.174871 0.006132  0.096772  -0.015654  0.999396  0.030708  -0.016264  -0.030460  0.999419  0.015300  0.016724  -0.014796  0.999751  -0.000175  -0.000251  -0.000331  0.000000  0.000000  0.000000  2.000000  
139.175873 0.006132  0.096772  -0.015654  0.999396  0.030708  -0.016264  -0.030460  0.999419  0.015300  0.016724  -0.014796  0.999751  -0.000208  -0.000283  -0.000356  0.000000  0.000000  0.000000  2.000000  
139.176873 0.006131  0.096771  -0.015654  0.999394  0.030710  -0.016397  -0.030460  0.999419  0.015304  0.016858  -0.014796  0.999748  -0.000208  -0.000283  -0.000356  0.000000  0.000000  0.000000  2.000000  
139.178120 0.006131  0.096771  -0.015655  0.999394  0.030710  -0.016397  -0.030460  0.999419  0.015304  0.016858  -0.014796  0.999748  -0.000198  -0.000284  -0.000393  0.000000  0.000000  0.000000  2.000000  
139.179371 0.006130  0.096771  -0.015656  0.999398  0.030506  -0.016534  -0.030254  0.999425  0.015305  0.016992  -0.014796  0.999746  -0.000205  -0.000278  -0.000350  0.000000  0.000000  0.000000  2.000000  
139.180383 0.006130  0.096770  -0.015656  0.999396  0.030508  -0.016668  -0.030254  0.999425  0.015309  0.017125  -0.014796  0.999744  -0.000237  -0.000289  -0.000421  0.000000  0.000000  0.000000  2.000000  
139.181620 0.006130  0.096770  -0.015656  0.999396  0.030508  -0.016668  -0.030254  0.999425  0.015309  0.017125  -0.014796  0.999744  -0.000218  -0.000260  -0.000364  0.000000  0.000000  0.000000  2.000000  
139.182866 0.006130  0.096770  -0.015657  0.999393  0.030510  -0.016802  -0.030254  0.999425  0.015313  0.017259  -0.014795  0.999742  -0.000204  -0.000257  -0.000395  0.000000  0.000000  0.000000  2.000000  
139.183870 0.006129  0.096769  -0.015658  0.999391  0.030512  -0.016935  -0.030254  0.999425  0.015317  0.017393  -0.014795  0.999739  -0.000237  -0.000289  -0.000421  0.000000  0.000000  0.000000  2.000000  
139.185121 0.006129  0.096769  -0.015658  0.999391  0.030512  -0.016935  -0.030254  0.999425  0.015317  0.017393  -0.014795  0.999739  -0.000238  -0.000290  -0.000422  0.000000  0.000000  0.000000  2.000000  
139.186379 0.006129  0.096768  -0.015659  0.999389  0.030514  -0.017069  -0.030254  0.999425  0.015321  0.017527  -0.014795  0.999737  -0.000267  -0.000317  -0.000441  0.000000  0.000000  0.000000  2.000000  
139.187619 0.006128  0.096768  -0.015660  0.999386  0.030516  -0.017203  -0.030254  0.999425  0.015325  0.017661  -0.014795  0.999735  -0.000257  -0.000319  -0.000478  0.000000  0.000000  0.000000  2.000000  
139.188619 0.006128  0.096768  -0.015660  0.999384  0.030518  -0.017336  -0.030254  0.999425  0.015329  0.017794  -0.014795  0.999732  -0.000266  -0.000296  -0.000486  0.000000  0.000000  0.000000  2.000000  
139.189867 0.006128  0.096767  -0.015661  0.999384  0.030518  -0.017336  -0.030254  0.999425  0.015329  0.017794  -0.014795  0.999732  -0.000292  -0.000319  -0.000498  0.000000  0.000000  0.000000  2.000000  
139.190870 0.006127  0.096767  -0.015662  0.999381  0.030520  -0.017470  -0.030254  0.999425  0.015333  0.017928  -0.014795  0.999730  -0.000281  -0.000321  -0.000534  0.000000  0.000000  0.000000  2.000000  
139.191870 0.006127  0.096767  -0.015662  0.999379  0.030522  -0.017604  -0.030253  0.999425  0.015337  0.018062  -0.014795  0.999727  -0.000281  -0.000321  -0.000534  0.000000  0.000000  0.000000  2.000000  
139.192878 0.006127  0.096767  -0.015663  0.999379  0.030522  -0.017604  -0.030253  0.999425  0.015337  0.018062  -0.014795  0.999727  -0.000255  -0.000298  -0.000523  0.000000  0.000000  0.000000  2.000000  
139.194120 0.006127  0.096766  -0.015664  0.999377  0.030524  -0.017738  -0.030253  0.999425  0.015341  0.018196  -0.014795  0.999725  -0.000245  -0.000300  -0.000561  0.000000  0.000000  0.000000  2.000000  
139.195120 0.006126  0.096766  -0.015664  0.999374  0.030526  -0.017871  -0.030253  0.999424  0.015345  0.018329  -0.014795  0.999723  -0.000265  -0.000276  -0.000532  0.000000  0.000000  0.000000  2.000000  
139.196120 0.006126  0.096766  -0.015665  0.999372  0.030528  -0.018005  -0.030253  0.999424  0.015350  0.018463  -0.014795  0.999720  -0.000284  -0.000305  -0.000589  0.000000  0.000000  0.000000  2.000000  
139.197373 0.006126  0.096766  -0.015666  0.999369  0.030530  -0.018139  -0.030253  0.999424  0.015354  0.018597  -0.014795  0.999718  -0.000254  -0.000277  -0.000569  0.000000  0.000000  0.000000  2.000000  
139.198375 0.006126  0.096765  -0.015666  0.999367  0.030532  -0.018272  -0.030253  0.999424  0.015358  0.018731  -0.014795  0.999715  -0.000254  -0.000277  -0.000569  0.000000  0.000000  0.000000  2.000000  
139.199618 0.006125  0.096765  -0.015667  0.999364  0.030534  -0.018406  -0.030253  0.999424  0.015362  0.018864  -0.014795  0.999713  -0.000250  -0.000272  -0.000560  0.000000  0.000000  0.000000  2.000000  
139.200869 0.006125  0.096764  -0.015668  0.999368  0.030330  -0.018543  -0.030047  0.999430  0.015362  0.018998  -0.014795  0.999710  -0.000254  -0.000277  -0.000569  0.000000  0.000000  0.000000  2.000000  
139.202121 0.006125  0.096764  -0.015668  0.999365  0.030332  -0.018677  -0.030047  0.999430  0.015366  0.019132  -0.014795  0.999707  -0.000254  -0.000277  -0.000569  0.000000  0.000000  0.000000  2.000000  
139.203123 0.006125  0.096764  -0.015669  0.999363  0.030334  -0.018810  -0.030047  0.999430  0.015370  0.019266  -0.014795  0.999705  -0.000244  -0.000279  -0.000606  0.000000  0.000000  0.000000  2.000000  
139.204373 0.006124  0.096764  -0.015669  0.999360  0.030336  -0.018944  -0.030047  0.999430  0.015374  0.019400  -0.014795  0.999702  -0.000250  -0.000272  -0.000560  0.000000  0.000000  0.000000  2.000000  
139.205618 0.006124  0.096763  -0.015670  0.999358  0.030338  -0.019078  -0.030047  0.999430  0.015378  0.019533  -0.014795  0.999700  -0.000250  -0.000272  -0.000560  0.000000  0.000000  0.000000  2.000000  
139.206618 0.006124  0.096763  -0.015670  0.999355  0.030340  -0.019211  -0.030047  0.999430  0.015382  0.019667  -0.014795  0.999697  -0.000220  -0.000245  -0.000540  0.000000  0.000000  0.000000  2.000000  
139.207874 0.006124  0.096763  -0.015671  0.999352  0.030342  -0.019345  -0.030047  0.999430  0.015386  0.019801  -0.014795  0.999694  -0.000220  -0.000245  -0.000540  0.000000  0.000000  0.000000  2.000000  
139.209120 0.006123  0.096762  -0.015671  0.999350  0.030344  -0.019479  -0.030047  0.999430  0.015390  0.019935  -0.014795  0.999692  -0.000235  -0.000247  -0.000512  0.000000  0.000000  0.000000  2.000000  
139.210387 0.006123  0.096762  -0.015671  0.999347  0.030346  -0.019612  -0.030047  0.999430  0.015394  0.020068  -0.014795  0.999689  -0.000206  -0.000240  -0.000446  0.000000  0.000000  0.000000  2.000000  
139.211620 0.006123  0.096762  -0.015672  0.999344  0.030348  -0.019746  -0.030047  0.999430  0.015398  0.020202  -0.014795  0.999686  -0.000165  -0.000214  -0.000464  0.000000  0.000000  0.000000  2.000000  
139.212871 0.006123  0.096762  -0.015672  0.999339  0.030352  -0.020014  -0.030046  0.999430  0.015406  0.020470  -0.014795  0.999681  -0.000176  -0.000213  -0.000427  0.000000  0.000000  0.000000  2.000000  
139.213871 0.006123  0.096762  -0.015672  0.999336  0.030354  -0.020147  -0.030046  0.999430  0.015410  0.020604  -0.014795  0.999678  -0.000156  -0.000183  -0.000370  0.000000  0.000000  0.000000  2.000000  
139.215120 0.006123  0.096762  -0.015672  0.999333  0.030356  -0.020281  -0.030046  0.999430  0.015414  0.020737  -0.014795  0.999675  -0.000164  -0.000178  -0.000327  0.000000  0.000000  0.000000  2.000000  
139.216371 0.006123  0.096762  -0.015673  0.999331  0.030358  -0.020415  -0.030046  0.999430  0.015418  0.020871  -0.014794  0.999673  -0.000164  -0.000178  -0.000327  0.000000  0.000000  0.000000  2.000000  
139.217620 0.006122  0.096762  -0.015672  0.999328  0.030360  -0.020548  -0.030046  0.999430  0.015422  0.021005  -0.014794  0.999670  -0.000158  -0.000150  -0.000239  0.000000  0.000000  0.000000  2.000000  
139.218868 0.006122  0.096762  -0.015672  0.999325  0.030362  -0.020682  -0.030046  0.999429  0.015426  0.021139  -0.014794  0.999667  -0.000129  -0.000143  -0.000173  0.000000  0.000000  0.000000  2.000000  
139.219872 0.006122  0.096762  -0.015672  0.999328  0.030158  -0.020819  -0.029840  0.999436  0.015426  0.021272  -0.014794  0.999664  -0.000140  -0.000141  -0.000136  0.000000  0.000000  0.000000  2.000000  
139.221118 0.006123  0.096761  -0.015672  0.999325  0.030160  -0.020953  -0.029840  0.999436  0.015430  0.021406  -0.014794  0.999661  -0.000099  -0.000134  -0.000106  0.000000  0.000000  0.000000  2.000000  
139.222119 0.006123  0.096761  -0.015672  0.999323  0.030162  -0.021086  -0.029840  0.999436  0.015434  0.021540  -0.014794  0.999659  -0.000081  -0.000106  -0.000051  0.000000  0.000000  0.000000  2.000000  
139.223122 0.006123  0.096761  -0.015672  0.999320  0.030164  -0.021220  -0.029840  0.999435  0.015438  0.021674  -0.014794  0.999656  -0.000080  -0.000105  -0.000050  0.000000  0.000000  0.000000  2.000000  
139.224373 0.006123  0.096761  -0.015672  0.999317  0.030166  -0.021354  -0.029840  0.999435  0.015442  0.021807  -0.014794  0.999653  -0.000051  -0.000079  -0.000031  0.000000  0.000000  0.000000  2.000000  
139.225620 0.006122  0.096761  -0.015671  0.999314  0.030168  -0.021487  -0.029840  0.999435  0.015446  0.021941  -0.014794  0.999650  -0.000072  -0.000075  0.000043  0.000000  0.000000  0.000000  2.000000  
139.226621 0.006122  0.096761  -0.015671  0.999311  0.030170  -0.021621  -0.029840  0.999435  0.015450  0.022075  -0.014794  0.999647  -0.000042  -0.000047  0.000063  0.000000  0.000000  0.000000  2.000000  
139.227871 0.006123  0.096762  -0.015671  0.999308  0.030172  -0.021755  -0.029840  0.999435  0.015454  0.022209  -0.014794  0.999644  -0.000012  -0.000019  0.000083  0.000000  0.000000  0.000000  2.000000  
139.229120 0.006123  0.096762  -0.015670  0.999305  0.030174  -0.021888  -0.029839  0.999435  0.015458  0.022343  -0.014794  0.999641  -0.000022  -0.000017  0.000118  0.000000  0.000000  0.000000  2.000000  
139.230384 0.006123  0.096762  -0.015670  0.999299  0.030178  -0.022156  -0.029839  0.999435  0.015466  0.022610  -0.014794  0.999635  0.000007  0.000010  0.000139  0.000000  0.000000  0.000000  2.000000  
139.231619 0.006123  0.096762  -0.015670  0.999296  0.030180  -0.022290  -0.029839  0.999435  0.015470  0.022744  -0.014794  0.999632  0.000027  0.000039  0.000193  0.000000  0.000000  0.000000  2.000000  
139.232621 0.006123  0.096762  -0.015670  0.999293  0.030182  -0.022423  -0.029839  0.999435  0.015474  0.022878  -0.014794  0.999629  0.000038  0.000038  0.000159  0.000000  0.000000  0.000000  2.000000  
139.233870 0.006123  0.096762  -0.015670  0.999296  0.029978  -0.022560  -0.029633  0.999441  0.015473  0.023011  -0.014794  0.999626  0.000038  0.000038  0.000159  0.000000  0.000000  0.000000  2.000000  
