1-Time 2-Px 3-Py 4-Pz 5-R11 6-R21 7-R31 8-R12 9-R22 10-R32 11-R13 12-R23 13-R33 14-Vx 15-Vy 16-Vz 17-Wx 18-Wy 19-Wz 20-state 21-PR11 22-PR21 23-PR31 24-PR12 25-PR22 26-PR32 27-PR13 28-PR23 29-PR33 
22.107055 0.011868  0.091299  -0.009680  0.990559  0.124918  -0.056467  -0.125054  0.992149  0.001138  0.056166  0.005934  0.998404  0.000210  -0.000114  -0.001066  0.000000  0.000000  0.000000  2.000000  
22.108065 0.011869  0.091299  -0.009681  0.990559  0.124925  -0.056452  -0.125054  0.992149  0.001258  0.056166  0.005813  0.998405  0.000246  -0.000087  -0.001061  0.000000  0.000000  0.000000  2.000000  
22.109311 0.011872  0.091297  -0.009682  0.990474  0.125544  -0.056568  -0.125665  0.992072  0.001430  0.056299  0.005692  0.998398  0.000398  -0.000179  -0.001077  0.000000  0.000000  0.000000  2.000000  
22.110563 0.011875  0.091296  -0.009683  0.990389  0.126163  -0.056685  -0.126275  0.991994  0.001603  0.056433  0.005571  0.998391  0.000579  -0.000266  -0.001021  0.000000  0.000000  0.000000  2.000000  
22.111566 0.011878  0.091294  -0.009684  0.990355  0.126373  -0.056802  -0.126478  0.991968  0.001751  0.056567  0.005450  0.998384  0.000808  -0.000392  -0.001068  0.000000  0.000000  0.000000  2.000000  
22.112817 0.011883  0.091291  -0.009686  0.990314  0.126583  -0.057051  -0.126680  0.991942  0.001917  0.056834  0.005328  0.998369  0.001089  -0.000545  -0.001071  0.000000  0.000000  0.000000  2.000000  
22.114062 0.011889  0.091289  -0.009688  0.990221  0.127201  -0.057299  -0.127290  0.991863  0.002107  0.057101  0.005207  0.998355  0.001505  -0.000625  -0.001122  0.000000  0.000000  0.000000  2.000000  
22.115064 0.011894  0.091288  -0.009690  0.990119  0.127818  -0.057680  -0.127899  0.991785  0.002314  0.057502  0.005086  0.998332  0.001854  -0.000698  -0.001130  0.000000  0.000000  0.000000  2.000000  
22.116310 0.011902  0.091286  -0.009692  0.989990  0.128640  -0.058060  -0.128711  0.991679  0.002533  0.057902  0.004965  0.998310  0.002324  -0.000781  -0.001186  0.000000  0.000000  0.000000  2.000000  
22.117311 0.011907  0.091284  -0.009696  0.989895  0.129251  -0.058323  -0.129320  0.991599  0.002604  0.058170  0.004965  0.998294  0.002662  -0.000928  -0.001390  0.000000  0.000000  0.000000  2.000000  
22.118558 0.011914  0.091282  -0.009702  0.989765  0.130073  -0.058702  -0.130132  0.991493  0.002824  0.058570  0.004844  0.998272  0.003148  -0.001095  -0.001718  0.000000  0.000000  0.000000  2.000000  
22.119560 0.011921  0.091282  -0.009707  0.989669  0.130691  -0.058950  -0.130742  0.991412  0.003016  0.058837  0.004722  0.998256  0.003577  -0.001083  -0.001964  0.000000  0.000000  0.000000  2.000000  
22.120561 0.011927  0.091282  -0.009711  0.989545  0.131513  -0.059196  -0.131554  0.991304  0.003220  0.059105  0.004601  0.998241  0.004025  -0.001125  -0.002187  0.000000  0.000000  0.000000  2.000000  
22.121578 0.011934  0.091281  -0.009715  0.989448  0.132124  -0.059459  -0.132163  0.991222  0.003292  0.059372  0.004601  0.998225  0.004469  -0.001190  -0.002362  0.100002  0.113413  0.178810  2.000000  
22.122827 0.011943  0.091278  -0.009720  0.989280  0.133149  -0.059969  -0.133178  0.991086  0.003545  0.059906  0.004480  0.998194  0.005018  -0.001387  -0.002683  0.102444  0.131593  0.220111  2.000000  
22.124067 0.011954  0.091276  -0.009727  0.989138  0.133970  -0.060479  -0.133988  0.990976  0.003786  0.060440  0.004359  0.998162  0.005576  -0.001450  -0.003065  0.104584  0.145313  0.254678  2.000000  
22.125315 0.011965  0.091273  -0.009733  0.989023  0.134588  -0.060989  -0.134594  0.990893  0.004015  0.060974  0.004237  0.998130  0.006085  -0.001561  -0.003382  0.105891  0.163416  0.275369  2.000000  
22.126564 0.011975  0.091269  -0.009736  0.988879  0.135401  -0.061515  -0.135404  0.990782  0.004138  0.061509  0.004237  0.998098  0.006475  -0.001627  -0.003456  0.103913  0.181557  0.309777  2.000000  
22.127565 0.011984  0.091265  -0.009738  0.988771  0.136019  -0.061893  -0.136012  0.990698  0.004351  0.061909  0.004116  0.998073  0.006857  -0.001781  -0.003529  0.105237  0.195187  0.330554  2.000000  
22.128817 0.011997  0.091259  -0.009742  0.988626  0.136840  -0.062402  -0.136821  0.990585  0.004595  0.062443  0.003995  0.998041  0.007292  -0.002091  -0.003634  0.110524  0.211558  0.361956  2.000000  
22.130062 0.012010  0.091252  -0.009746  0.988508  0.137450  -0.062928  -0.137427  0.990501  0.004707  0.062977  0.003995  0.998007  0.007703  -0.002428  -0.003737  0.105021  0.231374  0.392467  2.000000  
22.131311 0.012023  0.091244  -0.009749  0.988389  0.138059  -0.063454  -0.138033  0.990416  0.004820  0.063512  0.003995  0.997973  0.008126  -0.002850  -0.003823  0.102688  0.249435  0.419935  2.000000  
22.132558 0.012034  0.091235  -0.009753  0.988298  0.138465  -0.063981  -0.138435  0.990359  0.004920  0.064046  0.003995  0.997939  0.008414  -0.003264  -0.003758  0.099672  0.267773  0.434165  2.000000  
22.133565 0.012044  0.091228  -0.009757  0.988216  0.138871  -0.064376  -0.138839  0.990302  0.005002  0.064446  0.003994  0.997913  0.008691  -0.003702  -0.003668  0.100907  0.281086  0.454353  2.000000  
22.134808 0.012057  0.091219  -0.009762  0.988096  0.139489  -0.064885  -0.139444  0.990216  0.005237  0.064980  0.003873  0.997879  0.009013  -0.004188  -0.003612  0.101464  0.296715  0.471191  2.000000  
22.135813 0.012067  0.091211  -0.009767  0.988012  0.139895  -0.065279  -0.139847  0.990159  0.005320  0.065381  0.003873  0.997853  0.009167  -0.004696  -0.003671  0.099566  0.312678  0.495668  2.000000  
22.137057 0.012078  0.091201  -0.009771  0.987957  0.140097  -0.065675  -0.140047  0.990130  0.005389  0.065781  0.003873  0.997827  0.009322  -0.005254  -0.003637  0.096473  0.326337  0.509635  2.000000  
22.138067 0.012086  0.091192  -0.009775  0.987902  0.140299  -0.066070  -0.140247  0.990102  0.005459  0.066182  0.003873  0.997800  0.009374  -0.005771  -0.003538  0.096978  0.339791  0.516361  2.000000  
22.139312 0.012096  0.091183  -0.009780  0.987847  0.140502  -0.066465  -0.140446  0.990073  0.005529  0.066582  0.003873  0.997773  0.009349  -0.006176  -0.003464  0.092200  0.348729  0.502576  2.000000  
22.140563 0.012107  0.091172  -0.009785  0.987800  0.140704  -0.066729  -0.140647  0.990044  0.005580  0.066849  0.003873  0.997756  0.009331  -0.006741  -0.003418  0.087407  0.348647  0.488794  2.000000  
22.141811 0.012115  0.091160  -0.009789  0.987716  0.141102  -0.067140  -0.141050  0.989987  0.005544  0.067250  0.003994  0.997728  0.009162  -0.007190  -0.003455  0.079815  0.357687  0.495668  2.000000  
22.142818 0.012121  0.091150  -0.009791  0.987707  0.141102  -0.067272  -0.141049  0.989987  0.005563  0.067383  0.003994  0.997719  0.008936  -0.007627  -0.003485  0.074915  0.357454  0.481682  2.000000  
22.144062 0.012128  0.091137  -0.009793  0.987651  0.141304  -0.067667  -0.141248  0.989958  0.005634  0.067784  0.003994  0.997692  0.008541  -0.008075  -0.003360  0.070188  0.357463  0.468016  2.000000  
22.145310 0.012134  0.091123  -0.009795  0.987633  0.141295  -0.067949  -0.141246  0.989959  0.005552  0.068051  0.004115  0.997673  0.008119  -0.008475  -0.003229  0.060382  0.349951  0.443606  2.000000  
22.146311 0.012139  0.091112  -0.009797  0.987615  0.141294  -0.068213  -0.141243  0.989959  0.005589  0.068318  0.004114  0.997655  0.007710  -0.008862  -0.003154  0.055191  0.352773  0.419760  2.000000  
22.147561 0.012143  0.091097  -0.009796  0.987559  0.141488  -0.068625  -0.141442  0.989931  0.005540  0.068718  0.004235  0.997627  0.007229  -0.009234  -0.002861  0.049980  0.349778  0.402510  2.000000  
22.148564 0.012147  0.091085  -0.009796  0.987511  0.141682  -0.068906  -0.141643  0.989903  0.005472  0.068985  0.004356  0.997608  0.006841  -0.009516  -0.002592  0.041025  0.352581  0.385120  2.000000  
22.149813 0.012150  0.091070  -0.009795  0.987493  0.141672  -0.069187  -0.141641  0.989903  0.005390  0.069252  0.004477  0.997589  0.006156  -0.009953  -0.002116  0.031226  0.347968  0.357521  2.000000  
22.150815 0.012153  0.091058  -0.009794  0.987484  0.141663  -0.069336  -0.141639  0.989904  0.005289  0.069386  0.004598  0.997579  0.005672  -0.010232  -0.001783  0.021359  0.343280  0.329852  2.000000  
22.152063 0.012155  0.091042  -0.009793  0.987474  0.141654  -0.069486  -0.141638  0.989905  0.005188  0.069519  0.004719  0.997569  0.005079  -0.010623  -0.001431  0.011836  0.335920  0.306628  2.000000  
22.153312 0.012156  0.091027  -0.009793  0.987465  0.141645  -0.069635  -0.141637  0.989906  0.005087  0.069653  0.004840  0.997560  0.004560  -0.010922  -0.001076  0.002073  0.322494  0.279359  2.000000  
22.154561 0.012157  0.091012  -0.009792  0.987456  0.141628  -0.069802  -0.141635  0.989907  0.004865  0.069786  0.005082  0.997549  0.003870  -0.011276  -0.000767  -0.007710  0.308969  0.251941  2.000000  
22.155564 0.012158  0.091000  -0.009792  0.987447  0.141618  -0.069951  -0.141634  0.989908  0.004764  0.069920  0.005203  0.997539  0.003356  -0.011543  -0.000448  -0.017642  0.293420  0.226495  2.000000  
22.156567 0.012157  0.090988  -0.009791  0.987437  0.141618  -0.070083  -0.141633  0.989908  0.004783  0.070053  0.005203  0.997530  0.002878  -0.011689  -0.000175  -0.018490  0.284327  0.212698  2.000000  
22.157825 0.012156  0.090973  -0.009791  0.987467  0.141405  -0.070101  -0.141429  0.989937  0.004649  0.070053  0.005324  0.997529  0.002314  -0.011830  0.000033  -0.028866  0.266101  0.178208  2.000000  
22.159062 0.012155  0.090957  -0.009791  0.987467  0.141397  -0.070118  -0.141429  0.989938  0.004529  0.070053  0.005445  0.997528  0.001823  -0.011969  0.000188  -0.038818  0.248063  0.150726  2.000000  
22.160062 0.012155  0.090945  -0.009790  0.987467  0.141388  -0.070135  -0.141429  0.989939  0.004409  0.070053  0.005566  0.997528  0.001383  -0.012072  0.000395  -0.043433  0.237032  0.135811  2.000000  
22.161062 0.012153  0.090933  -0.009788  0.987467  0.141388  -0.070135  -0.141429  0.989939  0.004409  0.070053  0.005566  0.997528  0.000998  -0.012149  0.000588  -0.045146  0.220928  0.116318  2.000000  
22.162366 0.012152  0.090917  -0.009785  0.987496  0.141176  -0.070153  -0.141226  0.989968  0.004274  0.070053  0.005687  0.997527  0.000569  -0.012182  0.000745  -0.050488  0.202460  0.095495  2.000000  
22.163564 0.012151  0.090902  -0.009782  0.987496  0.141168  -0.070171  -0.141226  0.989969  0.004154  0.070053  0.005808  0.997526  0.000234  -0.012169  0.000915  -0.055112  0.187725  0.081243  2.000000  
22.164576 0.012151  0.090891  -0.009779  0.987525  0.140964  -0.070171  -0.141023  0.989998  0.004139  0.070053  0.005808  0.997526  0.000016  -0.012130  0.001081  -0.061458  0.171059  0.054369  2.000000  
22.165820 0.012151  0.090877  -0.009775  0.987525  0.140955  -0.070189  -0.141023  0.989998  0.004019  0.070053  0.005929  0.997526  -0.000138  -0.012067  0.001296  0.000000  0.000000  0.000000  2.000000  
22.167062 0.012152  0.090863  -0.009771  0.987534  0.140948  -0.070074  -0.141024  0.989999  0.003880  0.069920  0.006050  0.997534  -0.000203  -0.011946  0.001471  0.000000  0.000000  0.000000  2.000000  
22.168310 0.012153  0.090850  -0.009768  0.987563  0.140735  -0.070091  -0.140821  0.990028  0.003746  0.069920  0.006171  0.997534  -0.000234  -0.011790  0.001671  0.000000  0.000000  0.000000  2.000000  
22.169560 0.012155  0.090837  -0.009764  0.987563  0.140727  -0.070108  -0.140821  0.990028  0.003626  0.069920  0.006292  0.997533  -0.000170  -0.011634  0.001898  0.000000  0.000000  0.000000  2.000000  
22.170810 0.012157  0.090825  -0.009761  0.987601  0.140515  -0.069994  -0.140619  0.990058  0.003473  0.069786  0.006413  0.997541  -0.000080  -0.011488  0.002050  0.000000  0.000000  0.000000  2.000000  
22.171814 0.012159  0.090815  -0.009759  0.987601  0.140507  -0.070011  -0.140619  0.990058  0.003352  0.069786  0.006534  0.997541  0.000125  -0.011313  0.002208  0.000000  0.000000  0.000000  2.000000  
22.173062 0.012162  0.090803  -0.009755  0.987611  0.140499  -0.069896  -0.140620  0.990058  0.003214  0.069653  0.006655  0.997549  0.000414  -0.011099  0.002353  0.000000  0.000000  0.000000  2.000000  
22.174313 0.012166  0.090791  -0.009753  0.987639  0.140295  -0.069897  -0.140417  0.990087  0.003199  0.069653  0.006655  0.997549  0.000720  -0.010880  0.002523  0.000000  0.000000  0.000000  2.000000  
22.175568 0.012170  0.090780  -0.009750  0.987649  0.140288  -0.069782  -0.140418  0.990088  0.003060  0.069519  0.006776  0.997558  0.001044  -0.010542  0.002609  0.000000  0.000000  0.000000  2.000000  
22.176816 0.012174  0.090769  -0.009748  0.987678  0.140084  -0.069782  -0.140215  0.990116  0.003046  0.069519  0.006776  0.997558  0.001488  -0.010258  0.002587  0.000000  0.000000  0.000000  2.000000  
22.177826 0.012178  0.090760  -0.009746  0.987687  0.140085  -0.069650  -0.140216  0.990116  0.003027  0.069386  0.006776  0.997567  0.001779  -0.010052  0.002503  0.000000  0.000000  0.000000  2.000000  
22.179062 0.012183  0.090750  -0.009744  0.987687  0.140085  -0.069650  -0.140216  0.990116  0.003027  0.069386  0.006776  0.997567  0.002183  -0.009781  0.002450  0.000000  0.000000  0.000000  2.000000  
22.180313 0.012189  0.090740  -0.009742  0.987687  0.140085  -0.069650  -0.140216  0.990116  0.003027  0.069386  0.006776  0.997567  0.002546  -0.009477  0.002313  0.000000  0.000000  0.000000  2.000000  
22.181561 0.012195  0.090731  -0.009739  0.987687  0.140085  -0.069650  -0.140216  0.990116  0.003027  0.069386  0.006776  0.997567  0.002872  -0.009232  0.002269  0.000000  0.000000  0.000000  2.000000  
22.182816 0.012200  0.090721  -0.009736  0.987687  0.140085  -0.069650  -0.140216  0.990116  0.003027  0.069386  0.006776  0.997567  0.003216  -0.008957  0.002221  0.000000  0.000000  0.000000  2.000000  
22.184063 0.012207  0.090713  -0.009733  0.987687  0.140085  -0.069650  -0.140216  0.990116  0.003027  0.069386  0.006776  0.997567  0.003597  -0.008563  0.002214  0.000000  0.000000  0.000000  2.000000  
22.185308 0.012214  0.090705  -0.009729  0.987687  0.140085  -0.069650  -0.140216  0.990116  0.003027  0.069386  0.006776  0.997567  0.003853  -0.008332  0.002176  0.000000  0.000000  0.000000  2.000000  
22.186311 0.012219  0.090698  -0.009727  0.987658  0.140289  -0.069649  -0.140419  0.990087  0.003041  0.069386  0.006776  0.997567  0.004072  -0.008151  0.002185  0.000000  0.000000  0.000000  2.000000  
22.187564 0.012225  0.090690  -0.009723  0.987658  0.140289  -0.069649  -0.140419  0.990087  0.003041  0.069386  0.006776  0.997567  0.004325  -0.007882  0.002176  0.000000  0.000000  0.000000  2.000000  
22.188566 0.012230  0.090682  -0.009721  0.987649  0.140288  -0.069782  -0.140418  0.990088  0.003060  0.069519  0.006776  0.997558  0.004447  -0.007718  0.002205  0.000000  0.000000  0.000000  2.000000  
22.189815 0.012237  0.090675  -0.009717  0.987649  0.140288  -0.069782  -0.140418  0.990088  0.003060  0.069519  0.006776  0.997558  0.004605  -0.007511  0.002296  0.000000  0.000000  0.000000  2.000000  
22.190818 0.012241  0.090667  -0.009714  0.987620  0.140492  -0.069781  -0.140621  0.990059  0.003075  0.069519  0.006776  0.997558  0.004694  -0.007350  0.002362  0.000000  0.000000  0.000000  2.000000  
22.192061 0.012247  0.090658  -0.009712  0.987620  0.140492  -0.069781  -0.140621  0.990059  0.003075  0.069519  0.006776  0.997558  0.004841  -0.007222  0.002365  0.000000  0.000000  0.000000  2.000000  
22.193310 0.012253  0.090649  -0.009709  0.987591  0.140695  -0.069780  -0.140825  0.990030  0.003089  0.069519  0.006776  0.997558  0.004883  -0.007136  0.002438  0.000000  0.000000  0.000000  2.000000  
22.194311 0.012257  0.090641  -0.009707  0.987591  0.140704  -0.069763  -0.140825  0.990029  0.003209  0.069519  0.006655  0.997558  0.004874  -0.007111  0.002428  0.000000  0.000000  0.000000  2.000000  
22.195312 0.012261  0.090633  -0.009705  0.987582  0.140703  -0.069895  -0.140823  0.990029  0.003228  0.069653  0.006655  0.997549  0.004828  -0.007124  0.002479  0.000000  0.000000  0.000000  2.000000  
22.196558 0.012266  0.090623  -0.009703  0.987582  0.140712  -0.069878  -0.140823  0.990029  0.003348  0.069653  0.006534  0.997550  0.004756  -0.007156  0.002426  0.000000  0.000000  0.000000  2.000000  
22.197560 0.012270  0.090616  -0.009700  0.987553  0.140915  -0.069878  -0.141027  0.990000  0.003362  0.069653  0.006534  0.997550  0.004720  -0.007134  0.002456  0.000000  0.000000  0.000000  2.000000  
22.198561 0.012274  0.090607  -0.009697  0.987553  0.140924  -0.069861  -0.141027  0.990000  0.003482  0.069653  0.006413  0.997551  0.004627  -0.007268  0.002449  0.000000  0.000000  0.000000  2.000000  
22.199809 0.012278  0.090597  -0.009695  0.987543  0.140923  -0.069993  -0.141025  0.990000  0.003501  0.069786  0.006413  0.997541  0.004484  -0.007427  0.002387  0.000000  0.000000  0.000000  2.000000  
22.200812 0.012282  0.090588  -0.009692  0.987543  0.140923  -0.069993  -0.141025  0.990000  0.003501  0.069786  0.006413  0.997541  0.004359  -0.007525  0.002444  0.000000  0.000000  0.000000  2.000000  
22.201812 0.012285  0.090579  -0.009690  0.987543  0.140931  -0.069976  -0.141025  0.989999  0.003621  0.069786  0.006292  0.997542  0.004184  -0.007732  0.002396  0.000000  0.000000  0.000000  2.000000  
22.202821 0.012287  0.090569  -0.009687  0.987543  0.140931  -0.069976  -0.141025  0.989999  0.003621  0.069786  0.006292  0.997542  0.004044  -0.007906  0.002383  0.000000  0.000000  0.000000  2.000000  
22.204060 0.012291  0.090558  -0.009684  0.987543  0.140931  -0.069976  -0.141025  0.989999  0.003621  0.069786  0.006292  0.997542  0.003879  -0.008093  0.002371  0.000000  0.000000  0.000000  2.000000  
22.205065 0.012293  0.090548  -0.009681  0.987543  0.140931  -0.069976  -0.141025  0.989999  0.003621  0.069786  0.006292  0.997542  0.003737  -0.008312  0.002332  0.000000  0.000000  0.000000  2.000000  
22.206311 0.012297  0.090535  -0.009678  0.987534  0.140931  -0.070108  -0.141024  0.989999  0.003640  0.069920  0.006292  0.997533  0.003545  -0.008581  0.002380  0.000000  0.000000  0.000000  2.000000  
22.207312 0.012300  0.090525  -0.009675  0.987534  0.140931  -0.070108  -0.141024  0.989999  0.003640  0.069920  0.006292  0.997533  0.003461  -0.008768  0.002434  0.000000  0.000000  0.000000  2.000000  
22.208562 0.012303  0.090512  -0.009672  0.987534  0.140939  -0.070091  -0.141024  0.989999  0.003760  0.069920  0.006171  0.997534  0.003307  -0.009002  0.002457  0.000000  0.000000  0.000000  2.000000  
22.209563 0.012306  0.090501  -0.009670  0.987534  0.140939  -0.070091  -0.141024  0.989999  0.003760  0.069920  0.006171  0.997534  0.003200  -0.009240  0.002478  0.000000  0.000000  0.000000  2.000000  
22.210564 0.012309  0.090490  -0.009667  0.987534  0.140939  -0.070091  -0.141024  0.989999  0.003760  0.069920  0.006171  0.997534  0.003134  -0.009435  0.002515  0.000000  0.000000  0.000000  2.000000  
22.211814 0.012312  0.090475  -0.009664  0.987563  0.140744  -0.070074  -0.140821  0.990028  0.003866  0.069920  0.006050  0.997534  0.002985  -0.009809  0.002522  0.000000  0.000000  0.000000  2.000000  
22.213060 0.012316  0.090460  -0.009661  0.987563  0.140744  -0.070074  -0.140821  0.990028  0.003866  0.069920  0.006050  0.997534  0.002940  -0.010099  0.002488  0.000000  0.000000  0.000000  2.000000  
22.214307 0.012319  0.090445  -0.009659  0.987563  0.140752  -0.070057  -0.140821  0.990027  0.003986  0.069920  0.005929  0.997535  0.002826  -0.010400  0.002481  0.000000  0.000000  0.000000  2.000000  
22.215309 0.012322  0.090433  -0.009656  0.987563  0.140752  -0.070057  -0.140821  0.990027  0.003986  0.069920  0.005929  0.997535  0.002803  -0.010656  0.002444  0.000000  0.000000  0.000000  2.000000  
22.216562 0.012326  0.090418  -0.009653  0.987592  0.140548  -0.070058  -0.140617  0.990056  0.003972  0.069920  0.005929  0.997535  0.002781  -0.010915  0.002490  0.000000  0.000000  0.000000  2.000000  
22.217823 0.012330  0.090402  -0.009650  0.987592  0.140548  -0.070058  -0.140617  0.990056  0.003972  0.069920  0.005929  0.997535  0.002809  -0.011169  0.002446  0.000000  0.000000  0.000000  2.000000  
22.219058 0.012334  0.090387  -0.009647  0.987592  0.140557  -0.070041  -0.140617  0.990056  0.004092  0.069920  0.005808  0.997536  0.002843  -0.011388  0.002419  0.000000  0.000000  0.000000  2.000000  
22.220062 0.012337  0.090374  -0.009645  0.987592  0.140557  -0.070041  -0.140617  0.990056  0.004092  0.069920  0.005808  0.997536  0.002927  -0.011564  0.002410  0.000000  0.000000  0.000000  2.000000  
22.221065 0.012341  0.090362  -0.009642  0.987592  0.140557  -0.070041  -0.140617  0.990056  0.004092  0.069920  0.005808  0.997536  0.003010  -0.011704  0.002424  0.000000  0.000000  0.000000  2.000000  
22.222312 0.012347  0.090347  -0.009639  0.987592  0.140557  -0.070041  -0.140617  0.990056  0.004092  0.069920  0.005808  0.997536  0.003105  -0.011829  0.002392  0.000000  0.000000  0.000000  2.000000  
22.223313 0.012351  0.090335  -0.009635  0.987592  0.140557  -0.070041  -0.140617  0.990056  0.004092  0.069920  0.005808  0.997536  0.003253  -0.011945  0.002500  0.000000  0.000000  0.000000  2.000000  
22.224564 0.012357  0.090321  -0.009632  0.987592  0.140557  -0.070041  -0.140617  0.990056  0.004092  0.069920  0.005808  0.997536  0.003429  -0.011988  0.002498  0.000000  0.000000  0.000000  2.000000  
22.225565 0.012362  0.090309  -0.009629  0.987592  0.140557  -0.070041  -0.140617  0.990056  0.004092  0.069920  0.005808  0.997536  0.003557  -0.012083  0.002562  0.000000  0.000000  0.000000  2.000000  
22.226824 0.012368  0.090293  -0.009625  0.987583  0.140556  -0.070173  -0.140616  0.990056  0.004111  0.070053  0.005808  0.997526  0.003756  -0.012106  0.002628  0.000000  0.000000  0.000000  2.000000  
22.227825 0.012373  0.090281  -0.009623  0.987583  0.140556  -0.070173  -0.140616  0.990056  0.004111  0.070053  0.005808  0.997526  0.003875  -0.012139  0.002629  0.000000  0.000000  0.000000  2.000000  
22.229060 0.012380  0.090266  -0.009619  0.987583  0.140556  -0.070173  -0.140616  0.990056  0.004111  0.070053  0.005808  0.997526  0.004127  -0.012163  0.002685  0.000000  0.000000  0.000000  2.000000  
22.230061 0.012385  0.090254  -0.009616  0.987583  0.140556  -0.070173  -0.140616  0.990056  0.004111  0.070053  0.005808  0.997526  0.004301  -0.012116  0.002721  0.000000  0.000000  0.000000  2.000000  
22.231309 0.012392  0.090238  -0.009613  0.987583  0.140556  -0.070173  -0.140616  0.990056  0.004111  0.070053  0.005808  0.997526  0.004533  -0.012167  0.002715  0.000000  0.000000  0.000000  2.000000  
22.232310 0.012398  0.090227  -0.009611  0.987554  0.140760  -0.070172  -0.140819  0.990027  0.004125  0.070053  0.005808  0.997526  0.004668  -0.012113  0.002710  0.000000  0.000000  0.000000  2.000000  
22.233314 0.012404  0.090214  -0.009608  0.987554  0.140760  -0.070172  -0.140819  0.990027  0.004125  0.070053  0.005808  0.997526  0.004861  -0.012102  0.002725  0.000000  0.000000  0.000000  2.000000  
22.234564 0.012411  0.090199  -0.009605  0.987554  0.140760  -0.070172  -0.140819  0.990027  0.004125  0.070053  0.005808  0.997526  0.005061  -0.012093  0.002735  0.000000  0.000000  0.000000  2.000000  
22.235813 0.012419  0.090185  -0.009602  0.987515  0.140963  -0.070304  -0.141021  0.989998  0.004158  0.070187  0.005808  0.997517  0.005252  -0.012029  0.002684  0.000000  0.000000  0.000000  2.000000  
22.236813 0.012425  0.090174  -0.009600  0.987515  0.140963  -0.070304  -0.141021  0.989998  0.004158  0.070187  0.005808  0.997517  0.005390  -0.011986  0.002643  0.000000  0.000000  0.000000  2.000000  
22.237828 0.012431  0.090162  -0.009598  0.987515  0.140963  -0.070304  -0.141021  0.989998  0.004158  0.070187  0.005808  0.997517  0.005495  -0.011932  0.002576  0.000000  0.000000  0.000000  2.000000  
22.239061 0.012439  0.090148  -0.009596  0.987515  0.140963  -0.070304  -0.141021  0.989998  0.004158  0.070187  0.005808  0.997517  0.005615  -0.011936  0.002481  0.000000  0.000000  0.000000  2.000000  
22.240065 0.012445  0.090136  -0.009593  0.987477  0.141166  -0.070435  -0.141223  0.989969  0.004192  0.070320  0.005808  0.997508  0.005709  -0.011864  0.002441  0.000000  0.000000  0.000000  2.000000  
22.241312 0.012453  0.090123  -0.009590  0.987477  0.141158  -0.070452  -0.141223  0.989969  0.004072  0.070320  0.005929  0.997507  0.005803  -0.011788  0.002469  0.000000  0.000000  0.000000  2.000000  
22.242312 0.012459  0.090111  -0.009587  0.987448  0.141361  -0.070451  -0.141427  0.989940  0.004086  0.070320  0.005929  0.997507  0.005890  -0.011686  0.002419  0.000000  0.000000  0.000000  2.000000  
22.243562 0.012466  0.090098  -0.009584  0.987439  0.141361  -0.070583  -0.141425  0.989940  0.004105  0.070453  0.005929  0.997497  0.005893  -0.011578  0.002409  0.000000  0.000000  0.000000  2.000000  
22.244564 0.012471  0.090086  -0.009582  0.987439  0.141361  -0.070583  -0.141425  0.989940  0.004105  0.070453  0.005929  0.997497  0.005911  -0.011535  0.002382  0.000000  0.000000  0.000000  2.000000  
22.245565 0.012476  0.090075  -0.009579  0.987410  0.141564  -0.070582  -0.141629  0.989911  0.004120  0.070453  0.005929  0.997497  0.005887  -0.011445  0.002389  0.000000  0.000000  0.000000  2.000000  
22.246809 0.012482  0.090062  -0.009577  0.987371  0.141759  -0.070731  -0.141830  0.989883  0.004033  0.070587  0.006050  0.997487  0.005844  -0.011380  0.002358  0.000000  0.000000  0.000000  2.000000  
22.247825 0.012487  0.090051  -0.009573  0.987371  0.141759  -0.070731  -0.141830  0.989883  0.004033  0.070587  0.006050  0.997487  0.005753  -0.011262  0.002365  0.000000  0.000000  0.000000  2.000000  
22.249061 0.012493  0.090038  -0.009570  0.987332  0.141962  -0.070862  -0.142032  0.989854  0.004067  0.070720  0.006050  0.997478  0.005689  -0.011178  0.002450  0.000000  0.000000  0.000000  2.000000  
22.250308 0.012499  0.090024  -0.009567  0.987332  0.141962  -0.070862  -0.142032  0.989854  0.004067  0.070720  0.006050  0.997478  0.005542  -0.011111  0.002428  0.000000  0.000000  0.000000  2.000000  
22.251561 0.012504  0.090011  -0.009563  0.987294  0.142165  -0.070993  -0.142234  0.989825  0.004100  0.070854  0.006050  0.997468  0.005349  -0.011047  0.002509  0.000000  0.000000  0.000000  2.000000  
22.252813 0.012509  0.089998  -0.009560  0.987255  0.142368  -0.071125  -0.142436  0.989795  0.004134  0.070987  0.006050  0.997459  0.005181  -0.010973  0.002562  0.000000  0.000000  0.000000  2.000000  
22.254063 0.012514  0.089985  -0.009556  0.987255  0.142359  -0.071142  -0.142436  0.989796  0.004014  0.070987  0.006171  0.997458  0.004969  -0.010872  0.002632  0.000000  0.000000  0.000000  2.000000  
22.255064 0.012518  0.089975  -0.009553  0.987216  0.142562  -0.071273  -0.142638  0.989767  0.004048  0.071121  0.006170  0.997449  0.004845  -0.010792  0.002713  0.000000  0.000000  0.000000  2.000000  
22.256311 0.012522  0.089962  -0.009548  0.987216  0.142562  -0.071273  -0.142638  0.989767  0.004048  0.071121  0.006170  0.997449  0.004637  -0.010719  0.002782  0.000000  0.000000  0.000000  2.000000  
22.257312 0.012525  0.089951  -0.009545  0.987178  0.142765  -0.071404  -0.142840  0.989737  0.004081  0.071254  0.006170  0.997439  0.004431  -0.010652  0.002870  0.000000  0.000000  0.000000  2.000000  
22.258561 0.012529  0.089939  -0.009540  0.987178  0.142765  -0.071404  -0.142840  0.989737  0.004081  0.071254  0.006170  0.997439  0.004239  -0.010626  0.002941  0.000000  0.000000  0.000000  2.000000  
22.259564 0.012532  0.089928  -0.009536  0.987139  0.142968  -0.071536  -0.143042  0.989708  0.004115  0.071388  0.006170  0.997430  0.004059  -0.010546  0.003080  0.000000  0.000000  0.000000  2.000000  
22.260815 0.012536  0.089916  -0.009531  0.987109  0.143172  -0.071535  -0.143245  0.989679  0.004130  0.071388  0.006170  0.997430  0.003888  -0.010495  0.003230  0.000000  0.000000  0.000000  2.000000  
22.262062 0.012538  0.089903  -0.009525  0.987100  0.143171  -0.071667  -0.143244  0.989679  0.004149  0.071521  0.006170  0.997420  0.003645  -0.010389  0.003352  0.000000  0.000000  0.000000  2.000000  
22.263309 0.012542  0.089891  -0.009520  0.987070  0.143375  -0.071666  -0.143447  0.989649  0.004164  0.071521  0.006170  0.997420  0.003475  -0.010346  0.003508  0.000000  0.000000  0.000000  2.000000  
22.264567 0.012545  0.089878  -0.009514  0.987061  0.143374  -0.071798  -0.143446  0.989649  0.004183  0.071655  0.006170  0.997410  0.003288  -0.010255  0.003646  0.000000  0.000000  0.000000  2.000000  
22.265816 0.012548  0.089866  -0.009509  0.987022  0.143577  -0.071929  -0.143647  0.989620  0.004217  0.071788  0.006170  0.997401  0.003167  -0.010181  0.003787  0.000000  0.000000  0.000000  2.000000  
22.266822 0.012550  0.089857  -0.009504  0.987022  0.143577  -0.071929  -0.143647  0.989620  0.004217  0.071788  0.006170  0.997401  0.003007  -0.010063  0.003944  0.000000  0.000000  0.000000  2.000000  
22.267823 0.012553  0.089847  -0.009499  0.987022  0.143577  -0.071929  -0.143647  0.989620  0.004217  0.071788  0.006170  0.997401  0.002902  -0.010021  0.004054  0.000000  0.000000  0.000000  2.000000  
22.269063 0.012556  0.089836  -0.009493  0.986983  0.143780  -0.072060  -0.143849  0.989590  0.004251  0.071922  0.006170  0.997391  0.002832  -0.009926  0.004173  0.000000  0.000000  0.000000  2.000000  
22.270310 0.012559  0.089824  -0.009487  0.986983  0.143780  -0.072060  -0.143849  0.989590  0.004251  0.071922  0.006170  0.997391  0.002720  -0.009859  0.004271  0.000000  0.000000  0.000000  2.000000  
22.271318 0.012562  0.089814  -0.009484  0.986943  0.143983  -0.072192  -0.144051  0.989561  0.004285  0.072055  0.006170  0.997382  0.002659  -0.009788  0.004329  0.000000  0.000000  0.000000  2.000000  
22.272562 0.012566  0.089803  -0.009478  0.986943  0.143983  -0.072192  -0.144051  0.989561  0.004285  0.072055  0.006170  0.997382  0.002648  -0.009706  0.004412  0.000000  0.000000  0.000000  2.000000  
22.273816 0.012568  0.089792  -0.009472  0.986914  0.144186  -0.072191  -0.144254  0.989531  0.004300  0.072055  0.006170  0.997382  0.002560  -0.009640  0.004462  0.000000  0.000000  0.000000  2.000000  
22.274824 0.012571  0.089782  -0.009468  0.986904  0.144185  -0.072323  -0.144253  0.989531  0.004319  0.072188  0.006170  0.997372  0.002554  -0.009539  0.004465  0.000000  0.000000  0.000000  2.000000  
22.276062 0.012575  0.089771  -0.009462  0.986904  0.144185  -0.072323  -0.144253  0.989531  0.004319  0.072188  0.006170  0.997372  0.002580  -0.009495  0.004510  0.000000  0.000000  0.000000  2.000000  
22.277311 0.012579  0.089760  -0.009457  0.986875  0.144389  -0.072322  -0.144456  0.989502  0.004334  0.072188  0.006170  0.997372  0.002623  -0.009381  0.004505  0.000000  0.000000  0.000000  2.000000  
22.278562 0.012582  0.089749  -0.009452  0.986865  0.144388  -0.072454  -0.144455  0.989502  0.004354  0.072322  0.006170  0.997362  0.002638  -0.009274  0.004456  0.000000  0.000000  0.000000  2.000000  
22.279562 0.012586  0.089741  -0.009448  0.986835  0.144592  -0.072453  -0.144658  0.989472  0.004368  0.072322  0.006170  0.997362  0.002710  -0.009182  0.004434  0.000000  0.000000  0.000000  2.000000  
22.280563 0.012588  0.089732  -0.009444  0.986835  0.144592  -0.072453  -0.144658  0.989472  0.004368  0.072322  0.006170  0.997362  0.002723  -0.009090  0.004404  0.000000  0.000000  0.000000  2.000000  
22.281815 0.012593  0.089722  -0.009439  0.986796  0.144795  -0.072584  -0.144859  0.989442  0.004403  0.072455  0.006170  0.997353  0.002819  -0.009010  0.004308  0.000000  0.000000  0.000000  2.000000  
22.282821 0.012595  0.089714  -0.009435  0.986796  0.144804  -0.072567  -0.144859  0.989442  0.004523  0.072455  0.006049  0.997353  0.002833  -0.008902  0.004258  0.000000  0.000000  0.000000  2.000000  
22.284058 0.012599  0.089703  -0.009431  0.986766  0.145007  -0.072566  -0.145063  0.989412  0.004538  0.072455  0.006049  0.997353  0.002872  -0.008832  0.004185  0.000000  0.000000  0.000000  2.000000  
22.285063 0.012602  0.089695  -0.009428  0.986756  0.145007  -0.072698  -0.145061  0.989412  0.004557  0.072589  0.006049  0.997344  0.002904  -0.008711  0.004061  0.000000  0.000000  0.000000  2.000000  
22.286308 0.012606  0.089686  -0.009423  0.986726  0.145210  -0.072697  -0.145264  0.989382  0.004572  0.072589  0.006049  0.997344  0.002953  -0.008578  0.004026  0.000000  0.000000  0.000000  2.000000  
22.287563 0.012610  0.089676  -0.009419  0.986697  0.145414  -0.072696  -0.145467  0.989352  0.004587  0.072589  0.006049  0.997344  0.002952  -0.008479  0.003876  0.000000  0.000000  0.000000  2.000000  
22.288566 0.012613  0.089668  -0.009417  0.986687  0.145413  -0.072828  -0.145466  0.989353  0.004607  0.072722  0.006049  0.997334  0.002996  -0.008382  0.003752  0.000000  0.000000  0.000000  2.000000  
22.289818 0.012616  0.089658  -0.009413  0.986657  0.145617  -0.072827  -0.145669  0.989323  0.004622  0.072722  0.006049  0.997334  0.002969  -0.008280  0.003665  0.000000  0.000000  0.000000  2.000000  
22.290824 0.012619  0.089650  -0.009410  0.986627  0.145821  -0.072826  -0.145872  0.989293  0.004637  0.072722  0.006049  0.997334  0.002968  -0.008173  0.003508  0.000000  0.000000  0.000000  2.000000  
22.292062 0.012622  0.089641  -0.009407  0.986587  0.146023  -0.072957  -0.146074  0.989263  0.004671  0.072856  0.006049  0.997324  0.002957  -0.008077  0.003390  0.000000  0.000000  0.000000  2.000000  
22.293312 0.012626  0.089632  -0.009404  0.986557  0.146227  -0.072956  -0.146277  0.989233  0.004686  0.072856  0.006049  0.997324  0.002945  -0.007976  0.003269  0.000000  0.000000  0.000000  2.000000  
22.294563 0.012629  0.089622  -0.009401  0.986517  0.146439  -0.073069  -0.146479  0.989202  0.004841  0.072989  0.005928  0.997315  0.002890  -0.007874  0.003115  0.000000  0.000000  0.000000  2.000000  
22.295565 0.012631  0.089615  -0.009398  0.986487  0.146642  -0.073068  -0.146682  0.989172  0.004856  0.072989  0.005928  0.997315  0.002864  -0.007766  0.003032  0.000000  0.000000  0.000000  2.000000  
22.296814 0.012634  0.089606  -0.009396  0.986447  0.146845  -0.073199  -0.146883  0.989142  0.004890  0.073123  0.005928  0.997305  0.002775  -0.007728  0.002912  0.000000  0.000000  0.000000  2.000000  
22.297827 0.012636  0.089599  -0.009393  0.986417  0.147049  -0.073198  -0.147087  0.989111  0.004905  0.073123  0.005928  0.997305  0.002744  -0.007601  0.002819  0.000000  0.000000  0.000000  2.000000  
22.299066 0.012639  0.089591  -0.009390  0.986377  0.147252  -0.073329  -0.147288  0.989081  0.004940  0.073256  0.005928  0.997296  0.002633  -0.007524  0.002721  0.000000  0.000000  0.000000  2.000000  
22.300310 0.012642  0.089582  -0.009387  0.986337  0.147463  -0.073442  -0.147490  0.989050  0.005095  0.073389  0.005807  0.997286  0.002586  -0.007389  0.002667  0.000000  0.000000  0.000000  2.000000  
22.301612 0.012644  0.089574  -0.009384  0.986307  0.147667  -0.073441  -0.147693  0.989020  0.005110  0.073389  0.005807  0.997286  0.002464  -0.007282  0.002558  0.000000  0.000000  0.000000  2.000000  
22.302809 0.012646  0.089566  -0.009381  0.986236  0.148074  -0.073571  -0.148097  0.988959  0.005160  0.073523  0.005806  0.997277  0.002378  -0.007188  0.002532  0.000000  0.000000  0.000000  2.000000  
22.303809 0.012648  0.089560  -0.009379  0.986196  0.148276  -0.073702  -0.148299  0.988929  0.005195  0.073656  0.005806  0.997267  0.002338  -0.007074  0.002486  0.000000  0.000000  0.000000  2.000000  
22.304819 0.012650  0.089554  -0.009376  0.986165  0.148489  -0.073683  -0.148502  0.988898  0.005330  0.073656  0.005685  0.997267  0.002261  -0.006924  0.002502  0.000000  0.000000  0.000000  2.000000  
22.306062 0.012653  0.089547  -0.009373  0.986125  0.148692  -0.073814  -0.148704  0.988867  0.005365  0.073790  0.005685  0.997258  0.002203  -0.006758  0.002436  0.000000  0.000000  0.000000  2.000000  
22.307313 0.012655  0.089539  -0.009370  0.986084  0.148895  -0.073945  -0.148905  0.988837  0.005401  0.073923  0.005685  0.997248  0.002098  -0.006613  0.002385  0.000000  0.000000  0.000000  2.000000  
22.308317 0.012656  0.089534  -0.009368  0.986013  0.149310  -0.074056  -0.149310  0.988775  0.005571  0.074057  0.005564  0.997239  0.002032  -0.006490  0.002416  0.000000  0.000000  0.000000  2.000000  
22.309563 0.012659  0.089527  -0.009365  0.985973  0.149513  -0.074187  -0.149511  0.988744  0.005606  0.074190  0.005564  0.997229  0.001967  -0.006325  0.002393  0.000000  0.000000  0.000000  2.000000  
22.310564 0.012660  0.089522  -0.009363  0.985932  0.149716  -0.074318  -0.149713  0.988713  0.005641  0.074323  0.005564  0.997219  0.001928  -0.006215  0.002349  0.033070  0.068474  0.172133  2.000000  
22.311565 0.012662  0.089517  -0.009361  0.985861  0.150131  -0.074429  -0.150117  0.988651  0.005812  0.074457  0.005443  0.997209  0.001892  -0.006032  0.002348  0.037679  0.068504  0.179037  2.000000  
22.312816 0.012664  0.089511  -0.009358  0.985820  0.150334  -0.074560  -0.150319  0.988620  0.005847  0.074590  0.005443  0.997199  0.001839  -0.005905  0.002338  0.033845  0.072436  0.184402  2.000000  
22.314061 0.012667  0.089505  -0.009355  0.985748  0.150749  -0.074671  -0.150723  0.988558  0.006018  0.074724  0.005322  0.997190  0.001844  -0.005681  0.002315  0.038720  0.077552  0.192784  2.000000  
22.315310 0.012668  0.089500  -0.009352  0.985676  0.151155  -0.074800  -0.151127  0.988496  0.006069  0.074857  0.005322  0.997180  0.001754  -0.005460  0.002268  0.039262  0.077604  0.199716  2.000000  
22.316558 0.012670  0.089495  -0.009350  0.985604  0.151571  -0.074911  -0.151532  0.988433  0.006240  0.074991  0.005201  0.997171  0.001744  -0.005305  0.002239  0.044010  0.081493  0.211745  2.000000  
22.317560 0.012672  0.089491  -0.009348  0.985563  0.151774  -0.075042  -0.151733  0.988402  0.006276  0.075124  0.005201  0.997161  0.001708  -0.005116  0.002236  0.044019  0.085943  0.211692  2.000000  
22.318562 0.012673  0.089487  -0.009346  0.985480  0.152188  -0.075285  -0.152136  0.988338  0.006467  0.075391  0.005080  0.997141  0.001681  -0.004918  0.002194  0.049123  0.090469  0.225363  2.000000  
22.319812 0.012675  0.089483  -0.009344  0.985407  0.152595  -0.075414  -0.152540  0.988276  0.006519  0.075524  0.005080  0.997131  0.001657  -0.004729  0.002148  0.049650  0.094974  0.232199  2.000000  
22.321060 0.012677  0.089480  -0.009341  0.985334  0.153010  -0.075524  -0.152944  0.988212  0.006690  0.075658  0.004959  0.997122  0.001599  -0.004473  0.002119  0.054208  0.099440  0.238978  2.000000  
22.322065 0.012678  0.089477  -0.009340  0.985283  0.153212  -0.075787  -0.153144  0.988181  0.006747  0.075925  0.004959  0.997101  0.001570  -0.004265  0.002076  0.054706  0.104760  0.240927  2.000000  
22.323315 0.012679  0.089474  -0.009338  0.985178  0.153831  -0.075896  -0.153751  0.988085  0.006934  0.076058  0.004838  0.997092  0.001528  -0.004028  0.002008  0.059831  0.109320  0.254716  2.000000  
22.324561 0.012680  0.089471  -0.009336  0.985095  0.154236  -0.076156  -0.154153  0.988022  0.007006  0.076325  0.004838  0.997071  0.001460  -0.003746  0.001969  0.055861  0.112907  0.259453  2.000000  
22.325567 0.012681  0.089470  -0.009334  0.985021  0.154643  -0.076285  -0.154557  0.987959  0.007058  0.076458  0.004838  0.997061  0.001396  -0.003463  0.001938  0.056856  0.118373  0.268469  2.000000  
22.326817 0.012682  0.089467  -0.009332  0.984937  0.155057  -0.076527  -0.154960  0.987894  0.007251  0.076725  0.004717  0.997041  0.001303  -0.003237  0.001878  0.061497  0.122874  0.275310  2.000000  
22.327827 0.012682  0.089466  -0.009331  0.984863  0.155464  -0.076656  -0.155364  0.987830  0.007303  0.076858  0.004717  0.997031  0.001216  -0.002976  0.001784  0.062031  0.122867  0.282106  2.000000  
