1-Time 2-Px 3-Py 4-Pz 5-R11 6-R21 7-R31 8-R12 9-R22 10-R32 11-R13 12-R23 13-R33 14-Vx 15-Vy 16-Vz 17-Wx 18-Wy 19-Wz 20-state 21-PR11 22-PR21 23-PR31 24-PR12 25-PR22 26-PR32 27-PR13 28-PR23 29-PR33 
88.395118 0.012474  0.090509  0.003057  0.989106  0.141729  0.039769  -0.142703  0.989503  0.022813  -0.036118  -0.028240  0.998948  -0.000162  -0.000001  -0.000300  0.000000  0.000000  0.000000  2.000000  
88.396123 0.012474  0.090509  0.003057  0.989106  0.141729  0.039769  -0.142703  0.989503  0.022813  -0.036118  -0.028240  0.998948  -0.000174  0.000004  -0.000261  0.000000  0.000000  0.000000  2.000000  
88.397135 0.012475  0.090507  0.003056  0.989013  0.142337  0.039915  -0.143313  0.989415  0.022770  -0.036251  -0.028240  0.998944  -0.000056  -0.000122  -0.000279  0.000000  0.000000  0.000000  2.000000  
88.398373 0.012478  0.090504  0.003055  0.988856  0.143343  0.040220  -0.144330  0.989267  0.022810  -0.036519  -0.028361  0.998930  0.000168  -0.000319  -0.000333  0.000000  0.000000  0.000000  2.000000  
88.399378 0.012480  0.090502  0.003055  0.988786  0.143742  0.040494  -0.144736  0.989209  0.022755  -0.036786  -0.028360  0.998921  0.000322  -0.000507  -0.000355  0.000000  0.000000  0.000000  2.000000  
88.400389 0.012484  0.090499  0.003054  0.988722  0.144141  0.040653  -0.145142  0.989147  0.022839  -0.036920  -0.028482  0.998912  0.000555  -0.000732  -0.000396  0.000000  0.000000  0.000000  2.000000  
88.401638 0.012489  0.090496  0.003052  0.988632  0.144747  0.040685  -0.145753  0.989055  0.022933  -0.036920  -0.028603  0.998909  0.000930  -0.000885  -0.000470  0.000000  0.000000  0.000000  2.000000  
88.402883 0.012495  0.090494  0.003052  0.988491  0.145768  0.040462  -0.146772  0.988902  0.023051  -0.036653  -0.028724  0.998915  0.001329  -0.001030  -0.000473  0.000000  0.000000  0.000000  2.000000  
88.403889 0.012500  0.090493  0.003051  0.988375  0.146586  0.040349  -0.147586  0.988781  0.023037  -0.036519  -0.028724  0.998920  0.001688  -0.001086  -0.000482  0.000000  0.000000  0.000000  2.000000  
88.404896 0.012505  0.090490  0.003050  0.988253  0.147395  0.040385  -0.148400  0.988657  0.023124  -0.036519  -0.028845  0.998917  0.002038  -0.001296  -0.000566  0.013325  -0.014509  0.193135  2.000000  
88.406125 0.012511  0.090487  0.003046  0.988090  0.148400  0.040691  -0.149416  0.988503  0.023162  -0.036786  -0.028966  0.998903  0.002505  -0.001510  -0.000800  0.015991  -0.024312  0.225728  2.000000  
88.407141 0.012517  0.090485  0.003044  0.987962  0.149205  0.040861  -0.150229  0.988378  0.023228  -0.036920  -0.029087  0.998895  0.002940  -0.001643  -0.000919  0.019159  -0.029795  0.254936  2.000000  
88.408380 0.012526  0.090483  0.003043  0.987766  0.150413  0.041172  -0.151448  0.988192  0.023257  -0.037187  -0.029208  0.998881  0.003523  -0.001806  -0.000950  0.021511  -0.039683  0.293871  2.000000  
88.409385 0.012533  0.090481  0.003043  0.987604  0.151422  0.041346  -0.152464  0.988034  0.023314  -0.037321  -0.029329  0.998873  0.003985  -0.001891  -0.000907  0.024465  -0.045505  0.330617  2.000000  
88.410388 0.012539  0.090478  0.003043  0.987473  0.152231  0.041497  -0.153276  0.987910  0.023260  -0.037455  -0.029329  0.998868  0.004411  -0.002071  -0.000931  0.023424  -0.050797  0.358138  2.000000  
88.411624 0.012547  0.090473  0.003040  0.987320  0.153247  0.041408  -0.154293  0.987749  0.023358  -0.037321  -0.029450  0.998869  0.004860  -0.002325  -0.001071  0.026049  -0.046958  0.389790  2.000000  
88.412624 0.012554  0.090468  0.003038  0.987193  0.154055  0.041446  -0.155106  0.987620  0.023443  -0.037321  -0.029572  0.998866  0.005232  -0.002546  -0.001190  0.029328  -0.048178  0.420730  2.000000  
88.413626 0.012561  0.090462  0.003037  0.987102  0.154664  0.041347  -0.155717  0.987521  0.023558  -0.037187  -0.029693  0.998867  0.005524  -0.002776  -0.001229  0.032667  -0.044302  0.441530  2.000000  
88.414871 0.012569  0.090454  0.003036  0.986973  0.155472  0.041385  -0.156529  0.987390  0.023644  -0.037187  -0.029814  0.998863  0.005813  -0.003048  -0.001240  0.035433  -0.044759  0.465308  2.000000  
88.415874 0.012576  0.090447  0.003033  0.986839  0.156276  0.041556  -0.157341  0.987260  0.023709  -0.037321  -0.029935  0.998855  0.006054  -0.003364  -0.001344  0.038775  -0.054938  0.496394  2.000000  
88.416877 0.012585  0.090439  0.003030  0.986709  0.157084  0.041594  -0.158154  0.987128  0.023794  -0.037321  -0.030056  0.998851  0.006379  -0.003778  -0.001499  0.041839  -0.055780  0.524079  2.000000  
88.417878 0.012593  0.090431  0.003027  0.986573  0.157888  0.041765  -0.158966  0.986996  0.023858  -0.037455  -0.030177  0.998843  0.006588  -0.004221  -0.001672  0.044496  -0.060616  0.547093  2.000000  
88.419129 0.012603  0.090419  0.003022  0.986475  0.158493  0.041799  -0.159575  0.986895  0.023952  -0.037455  -0.030298  0.998839  0.006872  -0.004944  -0.001914  0.047784  -0.061255  0.567686  2.000000  
88.420371 0.012612  0.090405  0.003017  0.986376  0.159102  0.041814  -0.160184  0.986797  0.023926  -0.037455  -0.030298  0.998839  0.007011  -0.005543  -0.002112  0.047415  -0.062368  0.593100  2.000000  
88.421376 0.012619  0.090394  0.003011  0.986315  0.159507  0.041711  -0.160591  0.986728  0.024050  -0.037321  -0.030420  0.998840  0.007073  -0.006206  -0.002292  0.050614  -0.057847  0.602184  2.000000  
88.422387 0.012626  0.090383  0.003005  0.986249  0.159914  0.041721  -0.160997  0.986662  0.024033  -0.037321  -0.030420  0.998840  0.007125  -0.006864  -0.002615  0.050487  -0.058688  0.620539  2.000000  
88.423621 0.012635  0.090368  0.002999  0.986149  0.160518  0.041755  -0.161606  0.986560  0.024127  -0.037321  -0.030541  0.998837  0.007167  -0.007611  -0.002903  0.053390  -0.058884  0.636375  2.000000  
88.424623 0.012642  0.090356  0.002994  0.986083  0.160919  0.041785  -0.162012  0.986491  0.024230  -0.037321  -0.030662  0.998833  0.007157  -0.008317  -0.003267  0.056926  -0.059323  0.650043  2.000000  
88.425871 0.012649  0.090338  0.002988  0.986049  0.161122  0.041790  -0.162215  0.986458  0.024221  -0.037321  -0.030662  0.998833  0.007104  -0.009189  -0.003592  0.056680  -0.059531  0.656969  2.000000  
88.427122 0.012656  0.090321  0.002982  0.985978  0.161524  0.041931  -0.162620  0.986392  0.024182  -0.037455  -0.030662  0.998828  0.006997  -0.010017  -0.003829  0.056860  -0.059345  0.650287  2.000000  
88.428370 0.012663  0.090303  0.002977  0.985944  0.161727  0.041936  -0.162823  0.986359  0.024173  -0.037455  -0.030662  0.998828  0.006918  -0.010710  -0.004029  0.053728  -0.049640  0.622925  2.000000  
88.429373 0.012667  0.090289  0.002972  0.985911  0.161930  0.041941  -0.163026  0.986326  0.024165  -0.037455  -0.030662  0.998828  0.006792  -0.011358  -0.004316  0.053901  -0.040522  0.616354  2.000000  
88.430378 0.012672  0.090273  0.002969  0.985877  0.162138  0.041927  -0.163229  0.986295  0.024036  -0.037455  -0.030541  0.998832  0.006595  -0.011888  -0.004399  0.046040  -0.035870  0.609787  2.000000  
88.431422 0.012675  0.090256  0.002964  0.985882  0.162142  0.041795  -0.163230  0.986295  0.024058  -0.037321  -0.030541  0.998837  0.006270  -0.012485  -0.004544  0.043097  -0.031052  0.593423  2.000000  
88.432624 0.012680  0.090236  0.002959  0.985882  0.162142  0.041795  -0.163230  0.986295  0.024058  -0.037321  -0.030541  0.998837  0.005945  -0.013110  -0.004551  0.043843  -0.034475  0.561595  2.000000  
88.433628 0.012684  0.090220  0.002956  0.985882  0.162142  0.041795  -0.163230  0.986295  0.024058  -0.037321  -0.030541  0.998837  0.005595  -0.013697  -0.004569  0.041500  -0.042778  0.531651  2.000000  
88.434875 0.012688  0.090199  0.002952  0.985882  0.162147  0.041775  -0.163230  0.986298  0.023939  -0.037321  -0.030420  0.998840  0.005292  -0.014184  -0.004453  0.034089  -0.041621  0.499941  2.000000  
88.436124 0.012692  0.090177  0.002948  0.985882  0.162147  0.041775  -0.163230  0.986298  0.023939  -0.037321  -0.030420  0.998840  0.005020  -0.014621  -0.004325  0.031229  -0.031689  0.465608  2.000000  
88.437379 0.012695  0.090156  0.002943  0.985882  0.162153  0.041756  -0.163230  0.986300  0.023819  -0.037321  -0.030298  0.998844  0.004606  -0.015122  -0.004171  0.024355  -0.021753  0.431579  2.000000  
88.438623 0.012698  0.090133  0.002938  0.985882  0.162153  0.041756  -0.163230  0.986300  0.023819  -0.037321  -0.030298  0.998844  0.004122  -0.015691  -0.004093  0.021820  -0.016099  0.390637  2.000000  
88.439875 0.012699  0.090109  0.002931  0.985911  0.161946  0.041882  -0.163026  0.986334  0.023806  -0.037455  -0.030298  0.998839  0.003741  -0.016168  -0.004121  0.019527  -0.014695  0.342770  2.000000  
88.440875 0.012700  0.090090  0.002926  0.985911  0.161946  0.041882  -0.163026  0.986334  0.023806  -0.037455  -0.030298  0.998839  0.003407  -0.016580  -0.004128  0.016881  -0.009305  0.311114  2.000000  
88.442124 0.012701  0.090067  0.002920  0.985911  0.161951  0.041863  -0.163026  0.986337  0.023686  -0.037455  -0.030177  0.998843  0.002998  -0.016993  -0.004127  0.009697  -0.012864  0.280916  2.000000  
88.443370 0.012702  0.090044  0.002915  0.985944  0.161748  0.041858  -0.162823  0.986371  0.023695  -0.037455  -0.030177  0.998843  0.002587  -0.017310  -0.004093  0.006957  -0.016322  0.246655  2.000000  
88.444370 0.012703  0.090027  0.002912  0.985944  0.161748  0.041858  -0.162823  0.986371  0.023695  -0.037455  -0.030177  0.998843  0.002384  -0.017472  -0.004034  0.003968  -0.015635  0.220939  2.000000  
88.445623 0.012703  0.090004  0.002907  0.985973  0.161540  0.041985  -0.162620  0.986405  0.023682  -0.037589  -0.030177  0.998838  0.002032  -0.017698  -0.004024  0.001416  -0.014399  0.179452  2.000000  
88.446869 0.012703  0.089981  0.002903  0.985973  0.161540  0.041985  -0.162620  0.986405  0.023682  -0.037589  -0.030177  0.998838  0.001751  -0.017791  -0.003961  0.000000  0.000000  0.000000  2.000000  
88.447869 0.012704  0.089963  0.002900  0.985973  0.161540  0.041985  -0.162620  0.986405  0.023682  -0.037589  -0.030177  0.998838  0.001517  -0.017912  -0.003906  0.000000  0.000000  0.000000  2.000000  
88.448871 0.012705  0.089945  0.002898  0.985973  0.161540  0.041985  -0.162620  0.986405  0.023682  -0.037589  -0.030177  0.998838  0.001283  -0.018036  -0.003852  0.000000  0.000000  0.000000  2.000000  
88.449874 0.012705  0.089928  0.002895  0.985973  0.161540  0.041985  -0.162620  0.986405  0.023682  -0.037589  -0.030177  0.998838  0.001111  -0.018094  -0.003750  0.000000  0.000000  0.000000  2.000000  
88.450878 0.012705  0.089910  0.002894  0.985973  0.161540  0.041985  -0.162620  0.986405  0.023682  -0.037589  -0.030177  0.998838  0.000887  -0.018147  -0.003629  0.000000  0.000000  0.000000  2.000000  
88.452123 0.012706  0.089889  0.002893  0.985973  0.161540  0.041985  -0.162620  0.986405  0.023682  -0.037589  -0.030177  0.998838  0.000751  -0.018077  -0.003390  0.000000  0.000000  0.000000  2.000000  
88.453124 0.012707  0.089872  0.002891  0.985973  0.161540  0.041985  -0.162620  0.986405  0.023682  -0.037589  -0.030177  0.998838  0.000633  -0.018052  -0.003255  0.000000  0.000000  0.000000  2.000000  
88.454126 0.012708  0.089855  0.002890  0.985973  0.161540  0.041985  -0.162620  0.986405  0.023682  -0.037589  -0.030177  0.998838  0.000639  -0.017909  -0.002998  0.000000  0.000000  0.000000  2.000000  
88.455376 0.012710  0.089833  0.002887  0.985973  0.161540  0.041985  -0.162620  0.986405  0.023682  -0.037589  -0.030177  0.998838  0.000694  -0.017793  -0.002752  0.000000  0.000000  0.000000  2.000000  
88.456621 0.012711  0.089811  0.002884  0.985968  0.161536  0.042117  -0.162619  0.986405  0.023660  -0.037722  -0.030177  0.998833  0.000700  -0.017651  -0.002525  0.000000  0.000000  0.000000  2.000000  
88.457626 0.012712  0.089793  0.002883  0.985934  0.161740  0.042122  -0.162822  0.986372  0.023651  -0.037722  -0.030177  0.998833  0.000724  -0.017596  -0.002321  0.000000  0.000000  0.000000  2.000000  
88.458874 0.012716  0.089773  0.002881  0.985934  0.161740  0.042122  -0.162822  0.986372  0.023651  -0.037722  -0.030177  0.998833  0.000874  -0.017470  -0.002155  0.000000  0.000000  0.000000  2.000000  
88.460126 0.012720  0.089753  0.002879  0.985939  0.161738  0.042009  -0.162823  0.986368  0.023793  -0.037589  -0.030298  0.998834  0.001144  -0.017287  -0.001940  0.000000  0.000000  0.000000  2.000000  
88.461375 0.012723  0.089733  0.002877  0.985906  0.161942  0.042014  -0.163026  0.986335  0.023784  -0.037589  -0.030298  0.998834  0.001346  -0.017168  -0.001871  0.000000  0.000000  0.000000  2.000000  
88.462385 0.012727  0.089716  0.002875  0.985906  0.161936  0.042034  -0.163026  0.986332  0.023904  -0.037589  -0.030419  0.998830  0.001578  -0.016973  -0.001748  0.000000  0.000000  0.000000  2.000000  
88.463621 0.012731  0.089696  0.002872  0.985901  0.161932  0.042166  -0.163025  0.986333  0.023882  -0.037722  -0.030419  0.998825  0.001766  -0.016929  -0.001726  0.000000  0.000000  0.000000  2.000000  
88.464623 0.012735  0.089680  0.002870  0.985867  0.162130  0.042190  -0.163228  0.986297  0.023993  -0.037722  -0.030540  0.998821  0.002054  -0.016767  -0.001707  0.000000  0.000000  0.000000  2.000000  
88.465869 0.012740  0.089660  0.002869  0.985867  0.162130  0.042190  -0.163228  0.986297  0.023993  -0.037722  -0.030540  0.998821  0.002313  -0.016667  -0.001673  0.000000  0.000000  0.000000  2.000000  
88.466877 0.012744  0.089644  0.002868  0.985833  0.162328  0.042215  -0.163431  0.986260  0.024104  -0.037722  -0.030661  0.998818  0.002608  -0.016577  -0.001682  0.000000  0.000000  0.000000  2.000000  
88.468124 0.012750  0.089625  0.002868  0.985838  0.162332  0.042083  -0.163432  0.986260  0.024126  -0.037589  -0.030662  0.998823  0.002927  -0.016423  -0.001572  0.000000  0.000000  0.000000  2.000000  
88.469126 0.012756  0.089610  0.002868  0.985805  0.162535  0.042088  -0.163634  0.986226  0.024117  -0.037589  -0.030662  0.998823  0.003178  -0.016304  -0.001435  0.000000  0.000000  0.000000  2.000000  
88.470379 0.012762  0.089591  0.002869  0.985805  0.162535  0.042088  -0.163634  0.986226  0.024117  -0.037589  -0.030662  0.998823  0.003545  -0.016044  -0.001222  0.000000  0.000000  0.000000  2.000000  
88.471623 0.012768  0.089572  0.002868  0.985771  0.162738  0.042093  -0.163837  0.986193  0.024108  -0.037589  -0.030662  0.998823  0.003825  -0.015853  -0.001056  0.000000  0.000000  0.000000  2.000000  
88.472625 0.012774  0.089558  0.002869  0.985737  0.162941  0.042098  -0.164040  0.986159  0.024100  -0.037589  -0.030662  0.998823  0.004085  -0.015688  -0.000918  0.000000  0.000000  0.000000  2.000000  
88.473874 0.012781  0.089540  0.002869  0.985737  0.162936  0.042118  -0.164040  0.986156  0.024219  -0.037589  -0.030783  0.998819  0.004319  -0.015583  -0.000821  0.000000  0.000000  0.000000  2.000000  
88.474874 0.012786  0.089525  0.002868  0.985703  0.163139  0.042123  -0.164243  0.986123  0.024211  -0.037589  -0.030783  0.998819  0.004493  -0.015465  -0.000717  0.000000  0.000000  0.000000  2.000000  
88.476124 0.012793  0.089507  0.002868  0.985670  0.163342  0.042128  -0.164446  0.986089  0.024202  -0.037589  -0.030783  0.998819  0.004747  -0.015321  -0.000560  0.000000  0.000000  0.000000  2.000000  
88.477376 0.012800  0.089488  0.002867  0.985670  0.163342  0.042128  -0.164446  0.986089  0.024202  -0.037589  -0.030783  0.998819  0.004846  -0.015260  -0.000502  0.000000  0.000000  0.000000  2.000000  
88.478377 0.012805  0.089473  0.002866  0.985636  0.163545  0.042133  -0.164649  0.986055  0.024193  -0.037589  -0.030783  0.998819  0.005015  -0.015090  -0.000406  0.000000  0.000000  0.000000  2.000000  
88.479624 0.012811  0.089454  0.002865  0.985602  0.163743  0.042158  -0.164852  0.986019  0.024304  -0.037589  -0.030904  0.998815  0.005088  -0.015066  -0.000345  0.000000  0.000000  0.000000  2.000000  
88.480870 0.012818  0.089435  0.002864  0.985568  0.163946  0.042163  -0.165055  0.985985  0.024295  -0.037589  -0.030904  0.998815  0.005203  -0.015001  -0.000309  0.000000  0.000000  0.000000  2.000000  
88.481870 0.012822  0.089418  0.002862  0.985568  0.163941  0.042183  -0.165055  0.985982  0.024415  -0.037589  -0.031025  0.998812  0.005189  -0.015084  -0.000368  0.000000  0.000000  0.000000  2.000000  
88.482872 0.012826  0.089401  0.002861  0.985534  0.164144  0.042188  -0.165258  0.985948  0.024406  -0.037589  -0.031025  0.998812  0.005141  -0.015149  -0.000448  0.000000  0.000000  0.000000  2.000000  
88.483876 0.012830  0.089385  0.002860  0.985500  0.164347  0.042193  -0.165461  0.985915  0.024398  -0.037589  -0.031025  0.998812  0.005064  -0.015228  -0.000539  0.000000  0.000000  0.000000  2.000000  
88.484880 0.012835  0.089369  0.002859  0.985466  0.164550  0.042198  -0.165664  0.985881  0.024389  -0.037589  -0.031025  0.998812  0.005022  -0.015320  -0.000607  0.000000  0.000000  0.000000  2.000000  
88.486127 0.012839  0.089348  0.002857  0.985466  0.164550  0.042198  -0.165664  0.985881  0.024389  -0.037589  -0.031025  0.998812  0.004927  -0.015462  -0.000770  0.000000  0.000000  0.000000  2.000000  
88.487378 0.012844  0.089327  0.002857  0.985437  0.164752  0.042091  -0.165867  0.985843  0.024522  -0.037455  -0.031146  0.998813  0.004781  -0.015621  -0.000788  0.000000  0.000000  0.000000  2.000000  
88.488624 0.012848  0.089306  0.002855  0.985437  0.164752  0.042091  -0.165867  0.985843  0.024522  -0.037455  -0.031146  0.998813  0.004598  -0.015821  -0.000912  0.000000  0.000000  0.000000  2.000000  
88.489624 0.012851  0.089289  0.002853  0.985402  0.164955  0.042096  -0.166070  0.985809  0.024513  -0.037455  -0.031146  0.998813  0.004410  -0.016026  -0.001034  0.000000  0.000000  0.000000  2.000000  
88.490625 0.012854  0.089271  0.002852  0.985368  0.165158  0.042101  -0.166273  0.985775  0.024505  -0.037455  -0.031146  0.998813  0.004241  -0.016195  -0.001103  0.000000  0.000000  0.000000  2.000000  
88.491871 0.012857  0.089248  0.002849  0.985368  0.165163  0.042081  -0.166273  0.985778  0.024385  -0.037455  -0.031025  0.998817  0.003979  -0.016455  -0.001208  0.000000  0.000000  0.000000  2.000000  
88.492880 0.012859  0.089230  0.002847  0.985334  0.165366  0.042086  -0.166476  0.985744  0.024376  -0.037455  -0.031025  0.998817  0.003770  -0.016681  -0.001285  0.000000  0.000000  0.000000  2.000000  
88.494124 0.012862  0.089208  0.002845  0.985334  0.165366  0.042086  -0.166476  0.985744  0.024376  -0.037455  -0.031025  0.998817  0.003501  -0.016975  -0.001377  0.000000  0.000000  0.000000  2.000000  
88.495370 0.012863  0.089184  0.002843  0.985334  0.165366  0.042086  -0.166476  0.985744  0.024376  -0.037455  -0.031025  0.998817  0.003213  -0.017277  -0.001453  0.000000  0.000000  0.000000  2.000000  
88.496619 0.012865  0.089159  0.002840  0.985334  0.165366  0.042086  -0.166476  0.985744  0.024376  -0.037455  -0.031025  0.998817  0.002946  -0.017557  -0.001542  0.000000  0.000000  0.000000  2.000000  
88.497621 0.012866  0.089139  0.002836  0.985334  0.165366  0.042086  -0.166476  0.985744  0.024376  -0.037455  -0.031025  0.998817  0.002734  -0.017794  -0.001691  0.000000  0.000000  0.000000  2.000000  
88.498621 0.012867  0.089118  0.002833  0.985300  0.165569  0.042091  -0.166679  0.985710  0.024368  -0.037455  -0.031025  0.998817  0.002508  -0.018126  -0.001837  0.000000  0.000000  0.000000  2.000000  
88.499875 0.012868  0.089092  0.002829  0.985300  0.165569  0.042091  -0.166679  0.985710  0.024368  -0.037455  -0.031025  0.998817  0.002208  -0.018472  -0.002040  0.000000  0.000000  0.000000  2.000000  
88.500876 0.012868  0.089070  0.002825  0.985300  0.165569  0.042091  -0.166679  0.985710  0.024368  -0.037455  -0.031025  0.998817  0.001949  -0.018818  -0.002207  0.000000  0.000000  0.000000  2.000000  
88.502123 0.012869  0.089044  0.002819  0.985334  0.165366  0.042086  -0.166476  0.985744  0.024376  -0.037455  -0.031025  0.998817  0.001681  -0.019185  -0.002480  0.000000  0.000000  0.000000  2.000000  
88.503124 0.012869  0.089022  0.002816  0.985334  0.165366  0.042086  -0.166476  0.985744  0.024376  -0.037455  -0.031025  0.998817  0.001469  -0.019510  -0.002659  0.000000  0.000000  0.000000  2.000000  
88.504126 0.012869  0.089001  0.002812  0.985334  0.165366  0.042086  -0.166476  0.985744  0.024376  -0.037455  -0.031025  0.998817  0.001267  -0.019775  -0.002774  0.000000  0.000000  0.000000  2.000000  
88.505377 0.012870  0.088974  0.002808  0.985334  0.165366  0.042086  -0.166476  0.985744  0.024376  -0.037455  -0.031025  0.998817  0.001060  -0.020143  -0.002962  0.000000  0.000000  0.000000  2.000000  
88.506385 0.012870  0.088952  0.002804  0.985334  0.165366  0.042086  -0.166476  0.985744  0.024376  -0.037455  -0.031025  0.998817  0.000913  -0.020373  -0.003123  0.000000  0.000000  0.000000  2.000000  
88.507622 0.012870  0.088925  0.002800  0.985334  0.165371  0.042066  -0.166476  0.985747  0.024257  -0.037455  -0.030904  0.998820  0.000729  -0.020702  -0.003249  0.000000  0.000000  0.000000  2.000000  
88.508883 0.012869  0.088897  0.002795  0.985334  0.165371  0.042066  -0.166476  0.985747  0.024257  -0.037455  -0.030904  0.998820  0.000514  -0.021064  -0.003402  0.000000  0.000000  0.000000  2.000000  
88.510124 0.012870  0.088869  0.002790  0.985339  0.165380  0.041914  -0.166477  0.985749  0.024160  -0.037321  -0.030783  0.998829  0.000409  -0.021322  -0.003550  0.000000  0.000000  0.000000  2.000000  
88.511374 0.012870  0.088842  0.002786  0.985339  0.165380  0.041914  -0.166477  0.985749  0.024160  -0.037321  -0.030783  0.998829  0.000343  -0.021478  -0.003627  0.000000  0.000000  0.000000  2.000000  
88.512384 0.012870  0.088819  0.002782  0.985339  0.165380  0.041914  -0.166477  0.985749  0.024160  -0.037321  -0.030783  0.998829  0.000278  -0.021621  -0.003703  0.000000  0.000000  0.000000  2.000000  
88.513621 0.012871  0.088792  0.002777  0.985339  0.165380  0.041914  -0.166477  0.985749  0.024160  -0.037321  -0.030783  0.998829  0.000261  -0.021733  -0.003703  0.000000  0.000000  0.000000  2.000000  
88.514876 0.012871  0.088765  0.002772  0.985305  0.165583  0.041919  -0.166680  0.985715  0.024151  -0.037321  -0.030783  0.998829  0.000219  -0.021832  -0.003771  0.000000  0.000000  0.000000  2.000000  
88.516122 0.012872  0.088738  0.002767  0.985305  0.165588  0.041899  -0.166680  0.985718  0.024031  -0.037321  -0.030662  0.998833  0.000263  -0.021864  -0.003782  0.000000  0.000000  0.000000  2.000000  
88.517128 0.012873  0.088716  0.002763  0.985305  0.165588  0.041899  -0.166680  0.985718  0.024031  -0.037321  -0.030662  0.998833  0.000343  -0.021872  -0.003803  0.000000  0.000000  0.000000  2.000000  
88.518379 0.012875  0.088689  0.002758  0.985305  0.165588  0.041899  -0.166680  0.985718  0.024031  -0.037321  -0.030662  0.998833  0.000404  -0.021834  -0.003844  0.000000  0.000000  0.000000  2.000000  
88.519624 0.012876  0.088663  0.002752  0.985270  0.165791  0.041904  -0.166882  0.985684  0.024023  -0.037321  -0.030662  0.998833  0.000482  -0.021836  -0.003927  0.000000  0.000000  0.000000  2.000000  
88.520877 0.012878  0.088637  0.002747  0.985231  0.165990  0.042041  -0.167084  0.985651  0.023992  -0.037455  -0.030662  0.998828  0.000599  -0.021734  -0.003939  0.000000  0.000000  0.000000  2.000000  
88.522123 0.012881  0.088610  0.002741  0.985231  0.165990  0.042041  -0.167084  0.985651  0.023992  -0.037455  -0.030662  0.998828  0.000772  -0.021680  -0.004042  0.000000  0.000000  0.000000  2.000000  
88.523376 0.012883  0.088585  0.002736  0.985196  0.166193  0.042045  -0.167287  0.985616  0.023983  -0.037455  -0.030662  0.998828  0.000929  -0.021524  -0.004079  0.000000  0.000000  0.000000  2.000000  
88.524376 0.012886  0.088564  0.002731  0.985162  0.166396  0.042050  -0.167490  0.985582  0.023975  -0.037455  -0.030662  0.998828  0.001078  -0.021435  -0.004161  0.000000  0.000000  0.000000  2.000000  
88.525622 0.012889  0.088539  0.002726  0.985128  0.166599  0.042055  -0.167693  0.985548  0.023966  -0.037455  -0.030662  0.998828  0.001268  -0.021258  -0.004176  0.000000  0.000000  0.000000  2.000000  
88.526871 0.012892  0.088514  0.002721  0.985093  0.166802  0.042060  -0.167896  0.985514  0.023957  -0.037455  -0.030662  0.998828  0.001473  -0.021089  -0.004226  0.000000  0.000000  0.000000  2.000000  
88.527876 0.012895  0.088495  0.002717  0.985058  0.167004  0.042065  -0.168099  0.985479  0.023949  -0.037455  -0.030662  0.998828  0.001646  -0.020917  -0.004190  0.000000  0.000000  0.000000  2.000000  
88.529119 0.012900  0.088472  0.002712  0.985024  0.167207  0.042070  -0.168301  0.985445  0.023940  -0.037455  -0.030662  0.998828  0.001918  -0.020658  -0.004238  0.000000  0.000000  0.000000  2.000000  
88.530122 0.012903  0.088453  0.002708  0.984989  0.167410  0.042075  -0.168504  0.985410  0.023931  -0.037455  -0.030662  0.998828  0.002113  -0.020416  -0.004208  0.000000  0.000000  0.000000  2.000000  
88.531123 0.012907  0.088435  0.002703  0.984954  0.167613  0.042080  -0.168707  0.985376  0.023923  -0.037455  -0.030662  0.998828  0.002352  -0.020166  -0.004265  0.000000  0.000000  0.000000  2.000000  
88.532386 0.012912  0.088412  0.002699  0.984885  0.168019  0.042090  -0.169112  0.985307  0.023905  -0.037455  -0.030662  0.998828  0.002580  -0.019877  -0.004208  0.000000  0.000000  0.000000  2.000000  
88.533393 0.012916  0.088395  0.002694  0.984850  0.168217  0.042115  -0.169315  0.985269  0.024016  -0.037455  -0.030783  0.998824  0.002783  -0.019588  -0.004221  0.000000  0.000000  0.000000  2.000000  
88.534623 0.012921  0.088372  0.002689  0.984785  0.168626  0.041993  -0.169721  0.985199  0.024021  -0.037321  -0.030783  0.998829  0.003000  -0.019356  -0.004205  0.000000  0.000000  0.000000  2.000000  
88.535625 0.012926  0.088355  0.002684  0.984750  0.168829  0.041998  -0.169924  0.985165  0.024013  -0.037321  -0.030783  0.998829  0.003255  -0.019087  -0.004262  0.000000  0.000000  0.000000  2.000000  
88.536873 0.012932  0.088334  0.002678  0.984680  0.169235  0.042008  -0.170330  0.985095  0.023995  -0.037321  -0.030783  0.998829  0.003468  -0.018811  -0.004286  0.000000  0.000000  0.000000  2.000000  
88.537876 0.012937  0.088317  0.002673  0.984645  0.169437  0.042013  -0.170532  0.985060  0.023987  -0.037321  -0.030783  0.998829  0.003670  -0.018546  -0.004304  0.000000  0.000000  0.000000  2.000000  
88.538878 0.012942  0.088299  0.002668  0.984610  0.169640  0.042018  -0.170735  0.985025  0.023978  -0.037321  -0.030783  0.998829  0.003871  -0.018273  -0.004315  0.000000  0.000000  0.000000  2.000000  
88.540124 0.012949  0.088279  0.002662  0.984535  0.170042  0.042160  -0.171140  0.984956  0.023938  -0.037455  -0.030783  0.998824  0.004083  -0.017998  -0.004388  0.000000  0.000000  0.000000  2.000000  
88.541375 0.012956  0.088259  0.002656  0.984469  0.170451  0.042038  -0.171546  0.984885  0.023944  -0.037321  -0.030783  0.998829  0.004333  -0.017713  -0.004418  -0.006456  -0.005325  0.172783  2.000000  
88.542387 0.012961  0.088243  0.002651  0.984434  0.170649  0.042063  -0.171749  0.984847  0.024054  -0.037321  -0.030904  0.998825  0.004501  -0.017409  -0.004464  -0.002636  -0.005546  0.179606  2.000000  
88.543624 0.012968  0.088223  0.002646  0.984363  0.171055  0.042073  -0.172154  0.984777  0.024037  -0.037321  -0.030904  0.998825  0.004683  -0.017219  -0.004548  -0.003154  -0.005976  0.193527  2.000000  
88.544625 0.012973  0.088207  0.002640  0.984327  0.171257  0.042078  -0.172356  0.984742  0.024028  -0.037321  -0.030904  0.998825  0.004808  -0.017020  -0.004636  -0.003154  -0.005977  0.193540  2.000000  
88.545874 0.012981  0.088187  0.002634  0.984292  0.171460  0.042083  -0.172559  0.984706  0.024020  -0.037321  -0.030904  0.998825  0.004981  -0.016779  -0.004677  0.000665  -0.006177  0.200433  2.000000  
88.547121 0.012987  0.088168  0.002628  0.984221  0.171865  0.042093  -0.172964  0.984636  0.024002  -0.037321  -0.030904  0.998825  0.005064  -0.016604  -0.004779  0.000147  -0.006550  0.212535  2.000000  
88.548370 0.012994  0.088148  0.002622  0.984185  0.172068  0.042098  -0.173167  0.984600  0.023994  -0.037321  -0.030904  0.998825  0.005165  -0.016447  -0.004840  -0.000109  -0.006762  0.219407  2.000000  
88.549375 0.012999  0.088133  0.002617  0.984149  0.172276  0.042082  -0.173370  0.984568  0.023866  -0.037321  -0.030783  0.998829  0.005260  -0.016271  -0.004874  -0.004153  -0.006747  0.219362  2.000000  
88.550382 0.013004  0.088118  0.002612  0.984114  0.172479  0.042087  -0.173572  0.984532  0.023857  -0.037321  -0.030783  0.998829  0.005277  -0.016079  -0.004904  -0.004411  -0.006961  0.226307  2.000000  
88.551624 0.013011  0.088098  0.002606  0.984078  0.172681  0.042092  -0.173775  0.984497  0.023848  -0.037321  -0.030783  0.998829  0.005319  -0.015946  -0.004901  -0.004461  -0.002521  0.228230  2.000000  
88.552626 0.013015  0.088083  0.002601  0.984042  0.172884  0.042097  -0.173977  0.984461  0.023840  -0.037321  -0.030783  0.998829  0.005310  -0.015829  -0.004884  -0.004424  -0.002500  0.226332  2.000000  
88.553874 0.013021  0.088064  0.002594  0.984006  0.173087  0.042102  -0.174180  0.984425  0.023831  -0.037321  -0.030783  0.998829  0.005278  -0.015712  -0.004926  -0.004461  -0.002520  0.228230  2.000000  
88.554877 0.013026  0.088048  0.002589  0.983970  0.173289  0.042107  -0.174383  0.984390  0.023822  -0.037321  -0.030783  0.998829  0.005234  -0.015627  -0.004944  -0.004719  -0.002733  0.235126  2.000000  
88.556125 0.013031  0.088029  0.002583  0.983935  0.173492  0.042112  -0.174585  0.984354  0.023814  -0.037321  -0.030783  0.998829  0.005138  -0.015536  -0.004953  -0.004720  -0.002733  0.235156  2.000000  
88.557376 0.013037  0.088010  0.002576  0.983935  0.173492  0.042112  -0.174585  0.984354  0.023814  -0.037321  -0.030783  0.998829  0.005088  -0.015489  -0.005006  -0.004201  -0.002307  0.221269  2.000000  
88.558619 0.013042  0.087991  0.002570  0.983899  0.173695  0.042116  -0.174788  0.984318  0.023805  -0.037321  -0.030783  0.998829  0.004935  -0.015476  -0.005045  -0.004168  -0.002289  0.219509  2.000000  
88.559875 0.013047  0.087972  0.002564  0.983899  0.173695  0.042116  -0.174788  0.984318  0.023805  -0.037321  -0.030783  0.998829  0.004798  -0.015432  -0.005028  -0.003911  -0.002078  0.212640  2.000000  
88.561123 0.013052  0.087952  0.002557  0.983863  0.173902  0.042100  -0.174990  0.984285  0.023677  -0.037321  -0.030662  0.998833  0.004671  -0.015411  -0.005065  -0.007954  -0.002065  0.212624  2.000000  
88.562387 0.013056  0.087933  0.002551  0.983863  0.173902  0.042100  -0.174990  0.984285  0.023677  -0.037321  -0.030662  0.998833  0.004495  -0.015374  -0.005064  -0.011574  -0.001669  0.200468  2.000000  
88.563624 0.013059  0.087913  0.002544  0.983863  0.173902  0.042100  -0.174990  0.984285  0.023677  -0.037321  -0.030662  0.998833  0.004258  -0.015461  -0.005075  -0.011230  -0.001446  0.192106  2.000000  
88.564871 0.013062  0.087893  0.002539  0.983827  0.174105  0.042105  -0.175193  0.984250  0.023668  -0.037321  -0.030662  0.998833  0.004062  -0.015468  -0.005054  -0.010961  -0.005694  0.185117  2.000000  
88.565886 0.013065  0.087877  0.002534  0.983831  0.174109  0.041974  -0.175194  0.984249  0.023692  -0.037187  -0.030662  0.998838  0.003867  -0.015489  -0.005007  -0.010519  -0.000819  0.172884  2.000000  
88.567127 0.013068  0.087858  0.002528  0.983831  0.174109  0.041974  -0.175194  0.984249  0.023692  -0.037187  -0.030662  0.998838  0.003663  -0.015553  -0.004997  0.000000  0.000000  0.000000  2.000000  
88.568376 0.013070  0.087838  0.002523  0.983831  0.174109  0.041974  -0.175194  0.984249  0.023692  -0.037187  -0.030662  0.998838  0.003434  -0.015596  -0.004948  0.000000  0.000000  0.000000  2.000000  
88.569377 0.013072  0.087821  0.002518  0.983831  0.174109  0.041974  -0.175194  0.984249  0.023692  -0.037187  -0.030662  0.998838  0.003190  -0.015692  -0.004907  0.000000  0.000000  0.000000  2.000000  
88.570384 0.013073  0.087805  0.002514  0.983831  0.174109  0.041974  -0.175194  0.984249  0.023692  -0.037187  -0.030662  0.998838  0.002973  -0.015688  -0.004872  0.000000  0.000000  0.000000  2.000000  
88.571624 0.013075  0.087786  0.002508  0.983831  0.174109  0.041974  -0.175194  0.984249  0.023692  -0.037187  -0.030662  0.998838  0.002718  -0.015761  -0.004845  0.000000  0.000000  0.000000  2.000000  
88.572626 0.013076  0.087769  0.002503  0.983831  0.174109  0.041974  -0.175194  0.984249  0.023692  -0.037187  -0.030662  0.998838  0.002500  -0.015817  -0.004776  0.000000  0.000000  0.000000  2.000000  
88.573874 0.013077  0.087750  0.002498  0.983831  0.174109  0.041974  -0.175194  0.984249  0.023692  -0.037187  -0.030662  0.998838  0.002271  -0.015848  -0.004718  0.000000  0.000000  0.000000  2.000000  
88.574875 0.013078  0.087734  0.002494  0.983831  0.174109  0.041974  -0.175194  0.984249  0.023692  -0.037187  -0.030662  0.998838  0.002056  -0.015910  -0.004654  0.000000  0.000000  0.000000  2.000000  
88.576122 0.013079  0.087713  0.002489  0.983831  0.174109  0.041974  -0.175194  0.984249  0.023692  -0.037187  -0.030662  0.998838  0.001817  -0.015918  -0.004559  0.000000  0.000000  0.000000  2.000000  
88.577376 0.013080  0.087693  0.002484  0.983831  0.174109  0.041974  -0.175194  0.984249  0.023692  -0.037187  -0.030662  0.998838  0.001588  -0.015980  -0.004460  0.000000  0.000000  0.000000  2.000000  
88.578384 0.013080  0.087677  0.002480  0.983831  0.174109  0.041974  -0.175194  0.984249  0.023692  -0.037187  -0.030662  0.998838  0.001378  -0.015949  -0.004394  0.000000  0.000000  0.000000  2.000000  
88.579385 0.013080  0.087661  0.002475  0.983831  0.174109  0.041974  -0.175194  0.984249  0.023692  -0.037187  -0.030662  0.998838  0.001216  -0.015958  -0.004385  0.000000  0.000000  0.000000  2.000000  
88.580624 0.013080  0.087642  0.002471  0.983831  0.174109  0.041974  -0.175194  0.984249  0.023692  -0.037187  -0.030662  0.998838  0.001024  -0.015988  -0.004315  0.000000  0.000000  0.000000  2.000000  
88.581879 0.013080  0.087622  0.002466  0.983831  0.174109  0.041974  -0.175194  0.984249  0.023692  -0.037187  -0.030662  0.998838  0.000796  -0.016003  -0.004256  0.000000  0.000000  0.000000  2.000000  
88.582881 0.013080  0.087606  0.002462  0.983831  0.174104  0.041995  -0.175194  0.984246  0.023811  -0.037187  -0.030783  0.998834  0.000666  -0.015980  -0.004222  0.000000  0.000000  0.000000  2.000000  
88.583887 0.013079  0.087590  0.002458  0.983831  0.174104  0.041995  -0.175194  0.984246  0.023811  -0.037187  -0.030783  0.998834  0.000536  -0.015963  -0.004191  0.000000  0.000000  0.000000  2.000000  
88.584892 0.013079  0.087575  0.002454  0.983831  0.174104  0.041995  -0.175194  0.984246  0.023811  -0.037187  -0.030783  0.998834  0.000423  -0.015900  -0.004098  0.000000  0.000000  0.000000  2.000000  
88.586135 0.013079  0.087556  0.002450  0.983831  0.174104  0.041995  -0.175194  0.984246  0.023811  -0.037187  -0.030783  0.998834  0.000301  -0.015830  -0.004024  0.000000  0.000000  0.000000  2.000000  
88.587142 0.013078  0.087540  0.002446  0.983831  0.174104  0.041995  -0.175194  0.984246  0.023811  -0.037187  -0.030783  0.998834  0.000155  -0.015808  -0.003958  0.000000  0.000000  0.000000  2.000000  
88.588389 0.013078  0.087522  0.002442  0.983831  0.174104  0.041995  -0.175194  0.984246  0.023811  -0.037187  -0.030783  0.998834  0.000033  -0.015717  -0.003879  0.000000  0.000000  0.000000  2.000000  
88.589642 0.013077  0.087503  0.002438  0.983831  0.174104  0.041995  -0.175194  0.984246  0.023811  -0.037187  -0.030783  0.998834  -0.000097  -0.015605  -0.003815  0.000000  0.000000  0.000000  2.000000  
88.590891 0.013076  0.087485  0.002433  0.983795  0.174301  0.042021  -0.175396  0.984207  0.023922  -0.037187  -0.030904  0.998830  -0.000179  -0.015470  -0.003763  0.000000  0.000000  0.000000  2.000000  
88.592136 0.013076  0.087467  0.002429  0.983795  0.174301  0.042021  -0.175396  0.984207  0.023922  -0.037187  -0.030904  0.998830  -0.000261  -0.015346  -0.003714  0.000000  0.000000  0.000000  2.000000  
88.593379 0.013076  0.087449  0.002425  0.983795  0.174301  0.042021  -0.175396  0.984207  0.023922  -0.037187  -0.030904  0.998830  -0.000265  -0.015222  -0.003639  0.000000  0.000000  0.000000  2.000000  
88.594390 0.013075  0.087435  0.002421  0.983795  0.174301  0.042021  -0.175396  0.984207  0.023922  -0.037187  -0.030904  0.998830  -0.000344  -0.015130  -0.003633  0.000000  0.000000  0.000000  2.000000  
88.595630 0.013075  0.087417  0.002417  0.983759  0.174504  0.042026  -0.175599  0.984171  0.023913  -0.037187  -0.030904  0.998830  -0.000370  -0.014905  -0.003547  0.000000  0.000000  0.000000  2.000000  
88.596874 0.013074  0.087400  0.002412  0.983759  0.174499  0.042047  -0.175599  0.984168  0.024033  -0.037187  -0.031026  0.998827  -0.000397  -0.014788  -0.003544  0.000000  0.000000  0.000000  2.000000  
88.597878 0.013074  0.087387  0.002409  0.983723  0.174702  0.042052  -0.175801  0.984132  0.024024  -0.037187  -0.031026  0.998827  -0.000382  -0.014609  -0.003516  0.000000  0.000000  0.000000  2.000000  
88.598879 0.013073  0.087373  0.002406  0.983723  0.174702  0.042052  -0.175801  0.984132  0.024024  -0.037187  -0.031026  0.998827  -0.000407  -0.014488  -0.003465  0.000000  0.000000  0.000000  2.000000  
88.600122 0.013073  0.087357  0.002402  0.983687  0.174904  0.042057  -0.176004  0.984097  0.024015  -0.037187  -0.031026  0.998827  -0.000417  -0.014279  -0.003417  0.000000  0.000000  0.000000  2.000000  
88.601126 0.013073  0.087344  0.002398  0.983687  0.174904  0.042057  -0.176004  0.984097  0.024015  -0.037187  -0.031026  0.998827  -0.000418  -0.014135  -0.003447  0.000000  0.000000  0.000000  2.000000  
88.602127 0.013072  0.087331  0.002395  0.983651  0.175107  0.042062  -0.176206  0.984060  0.024007  -0.037187  -0.031026  0.998827  -0.000388  -0.013971  -0.003456  0.000000  0.000000  0.000000  2.000000  
88.603386 0.013072  0.087315  0.002390  0.983651  0.175107  0.042062  -0.176206  0.984060  0.024007  -0.037187  -0.031026  0.998827  -0.000397  -0.013789  -0.003496  0.000000  0.000000  0.000000  2.000000  
88.604628 0.013071  0.087300  0.002386  0.983614  0.175309  0.042067  -0.176409  0.984024  0.023998  -0.037187  -0.031026  0.998827  -0.000359  -0.013564  -0.003462  0.000000  0.000000  0.000000  2.000000  
88.605629 0.013071  0.087287  0.002382  0.983578  0.175512  0.042071  -0.176611  0.983988  0.023989  -0.037187  -0.031026  0.998827  -0.000352  -0.013442  -0.003477  0.000000  0.000000  0.000000  2.000000  
88.606875 0.013071  0.087272  0.002378  0.983542  0.175715  0.042076  -0.176814  0.983952  0.023981  -0.037187  -0.031026  0.998827  -0.000354  -0.013211  -0.003477  0.000000  0.000000  0.000000  2.000000  
88.608128 0.013071  0.087257  0.002373  0.983542  0.175715  0.042076  -0.176814  0.983952  0.023981  -0.037187  -0.031026  0.998827  -0.000332  -0.013009  -0.003497  0.000000  0.000000  0.000000  2.000000  
88.609389 0.013070  0.087243  0.002369  0.983505  0.175917  0.042081  -0.177016  0.983916  0.023972  -0.037187  -0.031026  0.998827  -0.000325  -0.012798  -0.003482  0.000000  0.000000  0.000000  2.000000  
88.610624 0.013070  0.087229  0.002365  0.983469  0.176120  0.042086  -0.177219  0.983880  0.023963  -0.037187  -0.031026  0.998827  -0.000327  -0.012569  -0.003482  0.000000  0.000000  0.000000  2.000000  
88.611638 0.013069  0.087217  0.002361  0.983432  0.176322  0.042091  -0.177421  0.983843  0.023955  -0.037187  -0.031026  0.998827  -0.000309  -0.012373  -0.003494  0.000000  0.000000  0.000000  2.000000  
88.612883 0.013068  0.087203  0.002356  0.983396  0.176525  0.042096  -0.177624  0.983807  0.023946  -0.037187  -0.031026  0.998827  -0.000343  -0.012167  -0.003518  0.000000  0.000000  0.000000  2.000000  
