1-Time 2-Px 3-Py 4-Pz 5-R11 6-R21 7-R31 8-R12 9-R22 10-R32 11-R13 12-R23 13-R33 14-Vx 15-Vy 16-Vz 17-Wx 18-Wy 19-Wz 20-state 21-PR11 22-PR21 23-PR31 24-PR12 25-PR22 26-PR32 27-PR13 28-PR23 29-PR33 
113.517858 0.011575  0.096572  -0.014632  0.998708  0.050649  -0.004096  -0.050622  0.998697  0.006402  0.004415  -0.006186  0.999971  -0.000084  0.000098  -0.000068  0.000000  0.000000  0.000000  2.000000  
113.518864 0.011575  0.096572  -0.014632  0.998708  0.050649  -0.004096  -0.050622  0.998697  0.006402  0.004415  -0.006186  0.999971  -0.000042  0.000100  -0.000036  0.000000  0.000000  0.000000  2.000000  
113.519865 0.011577  0.096572  -0.014632  0.998698  0.050855  -0.004095  -0.050828  0.998687  0.006403  0.004415  -0.006186  0.999971  0.000062  0.000102  -0.000051  0.000000  0.000000  0.000000  2.000000  
113.520867 0.011579  0.096573  -0.014632  0.998687  0.051060  -0.004094  -0.051033  0.998676  0.006403  0.004415  -0.006186  0.999971  0.000230  0.000164  -0.000024  0.000000  0.000000  0.000000  2.000000  
113.522114 0.011583  0.096573  -0.014631  0.998677  0.051266  -0.004092  -0.051239  0.998666  0.006404  0.004415  -0.006186  0.999971  0.000483  0.000150  0.000024  0.000000  0.000000  0.000000  2.000000  
113.523364 0.011587  0.096573  -0.014632  0.998666  0.051472  -0.004085  -0.051445  0.998655  0.006526  0.004415  -0.006307  0.999970  0.000757  0.000131  -0.000004  0.000000  0.000000  0.000000  2.000000  
113.524614 0.011591  0.096573  -0.014632  0.998644  0.051884  -0.004216  -0.051856  0.998633  0.006535  0.004549  -0.006307  0.999970  0.001085  0.000112  -0.000040  0.000000  0.000000  0.000000  2.000000  
113.525865 0.011597  0.096573  -0.014632  0.998623  0.052295  -0.004213  -0.052267  0.998612  0.006537  0.004549  -0.006307  0.999970  0.001485  0.000127  -0.000024  0.000000  0.000000  0.000000  2.000000  
113.527112 0.011602  0.096573  -0.014633  0.998601  0.052707  -0.004344  -0.052678  0.998590  0.006545  0.004683  -0.006307  0.999969  0.001856  0.000135  -0.000077  0.000000  0.000000  0.000000  2.000000  
113.528114 0.011607  0.096573  -0.014634  0.998590  0.052913  -0.004343  -0.052884  0.998579  0.006546  0.004683  -0.006307  0.999969  0.002172  0.000142  -0.000123  0.000000  0.000000  0.000000  2.000000  
113.529115 0.011611  0.096573  -0.014635  0.998568  0.053324  -0.004340  -0.053295  0.998557  0.006548  0.004683  -0.006307  0.999969  0.002491  0.000149  -0.000168  0.000000  0.000000  0.000000  2.000000  
113.530363 0.011618  0.096575  -0.014635  0.998535  0.053940  -0.004336  -0.053911  0.998524  0.006551  0.004683  -0.006307  0.999969  0.002946  0.000293  -0.000213  0.000000  0.000000  0.000000  2.000000  
113.531617 0.011625  0.096577  -0.014637  0.998512  0.054352  -0.004327  -0.054323  0.998501  0.006674  0.004683  -0.006429  0.999968  0.003396  0.000353  -0.000300  0.000000  0.000000  0.000000  2.000000  
113.532868 0.011632  0.096578  -0.014637  0.998479  0.054969  -0.004323  -0.054939  0.998467  0.006676  0.004683  -0.006429  0.999968  0.003871  0.000446  -0.000326  0.000000  0.000000  0.000000  2.000000  
113.534114 0.011639  0.096580  -0.014639  0.998455  0.055381  -0.004453  -0.055350  0.998445  0.006685  0.004817  -0.006429  0.999968  0.004255  0.000521  -0.000453  0.000000  0.000000  0.000000  2.000000  
113.535115 0.011645  0.096582  -0.014640  0.998432  0.055793  -0.004577  -0.055761  0.998421  0.006816  0.004951  -0.006550  0.999966  0.004525  0.000628  -0.000534  0.013071  0.016839  0.179981  2.000000  
113.536117 0.011651  0.096583  -0.014640  0.998420  0.055999  -0.004576  -0.055967  0.998409  0.006817  0.004951  -0.006550  0.999966  0.004792  0.000694  -0.000592  0.013108  0.016801  0.186968  2.000000  
113.537363 0.011658  0.096584  -0.014641  0.998397  0.056411  -0.004707  -0.056378  0.998386  0.006826  0.005084  -0.006550  0.999966  0.005008  0.000739  -0.000646  0.013181  0.021202  0.200754  2.000000  
113.538374 0.011665  0.096585  -0.014642  0.998373  0.056822  -0.004704  -0.056789  0.998363  0.006828  0.005084  -0.006550  0.999966  0.005211  0.000830  -0.000706  0.013242  0.021107  0.214521  2.000000  
113.539613 0.011673  0.096586  -0.014643  0.998337  0.057439  -0.004833  -0.057406  0.998328  0.006839  0.005218  -0.006550  0.999965  0.005419  0.000873  -0.000757  0.013364  0.025484  0.235426  2.000000  
113.540615 0.011679  0.096586  -0.014644  0.998325  0.057645  -0.004825  -0.057611  0.998315  0.006961  0.005218  -0.006671  0.999964  0.005544  0.000857  -0.000838  0.017470  0.025419  0.242292  2.000000  
113.541864 0.011686  0.096586  -0.014645  0.998302  0.058056  -0.004822  -0.058022  0.998291  0.006963  0.005218  -0.006671  0.999964  0.005691  0.000863  -0.000822  0.017539  0.025333  0.256160  2.000000  
113.543114 0.011693  0.096584  -0.014647  0.998277  0.058468  -0.004960  -0.058433  0.998268  0.006852  0.005352  -0.006550  0.999964  0.005810  0.000757  -0.000870  0.013546  0.029755  0.270008  2.000000  
113.544360 0.011701  0.096584  -0.014648  0.998265  0.058673  -0.004959  -0.058639  0.998256  0.006853  0.005352  -0.006550  0.999964  0.005862  0.000669  -0.000881  0.013440  0.029522  0.267888  2.000000  
113.545364 0.011707  0.096583  -0.014649  0.998240  0.059085  -0.005089  -0.059050  0.998231  0.006862  0.005486  -0.006550  0.999964  0.005898  0.000516  -0.000933  0.013643  0.034188  0.284080  2.000000  
113.546377 0.011712  0.096583  -0.014650  0.998228  0.059291  -0.005088  -0.059255  0.998219  0.006864  0.005486  -0.006550  0.999964  0.005949  0.000411  -0.000934  0.013660  0.034103  0.290646  2.000000  
113.547612 0.011719  0.096582  -0.014652  0.998215  0.059497  -0.005220  -0.059461  0.998207  0.006873  0.005620  -0.006550  0.999963  0.005922  0.000240  -0.001047  0.013723  0.038577  0.297776  2.000000  
113.548619 0.011724  0.096581  -0.014654  0.998203  0.059703  -0.005219  -0.059666  0.998195  0.006874  0.005620  -0.006550  0.999963  0.005875  0.000109  -0.001026  0.013757  0.038531  0.304684  2.000000  
113.549868 0.011731  0.096581  -0.014655  0.998190  0.059908  -0.005217  -0.059872  0.998182  0.006875  0.005620  -0.006550  0.999963  0.005803  -0.000052  -0.001025  0.013759  0.038536  0.304722  2.000000  
113.551114 0.011737  0.096580  -0.014656  0.998177  0.060114  -0.005349  -0.060077  0.998170  0.006884  0.005753  -0.006550  0.999962  0.005701  -0.000212  -0.001052  0.013666  0.042679  0.302239  2.000000  
113.552369 0.011741  0.096579  -0.014657  0.998177  0.060114  -0.005349  -0.060077  0.998170  0.006884  0.005753  -0.006550  0.999962  0.005523  -0.000385  -0.001077  0.009589  0.042712  0.295433  2.000000  
113.553612 0.011745  0.096577  -0.014657  0.998165  0.060320  -0.005348  -0.060283  0.998158  0.006885  0.005753  -0.006550  0.999962  0.005284  -0.000547  -0.001015  0.009587  0.042703  0.295371  2.000000  
113.554615 0.011749  0.096576  -0.014658  0.998164  0.060321  -0.005481  -0.060283  0.998158  0.006893  0.005887  -0.006550  0.999961  0.005060  -0.000654  -0.000940  0.009634  0.043147  0.283984  2.000000  
113.555865 0.011752  0.096574  -0.014658  0.998164  0.060320  -0.005489  -0.060283  0.998158  0.006772  0.005887  -0.006429  0.999962  0.004765  -0.000818  -0.000869  0.005503  0.038755  0.270115  2.000000  
113.556867 0.011755  0.096572  -0.014657  0.998152  0.060526  -0.005487  -0.060488  0.998146  0.006773  0.005887  -0.006429  0.999962  0.004575  -0.000896  -0.000773  0.005466  0.038794  0.263158  2.000000  
113.558113 0.011757  0.096569  -0.014656  0.998151  0.060527  -0.005621  -0.060488  0.998146  0.006781  0.006021  -0.006429  0.999961  0.004270  -0.001007  -0.000601  0.005402  0.042982  0.254187  2.000000  
113.559360 0.011760  0.096567  -0.014655  0.998151  0.060526  -0.005628  -0.060488  0.998147  0.006660  0.006021  -0.006307  0.999962  0.003886  -0.001130  -0.000429  0.001249  0.043132  0.233623  2.000000  
113.560615 0.011762  0.096564  -0.014654  0.998151  0.060526  -0.005628  -0.060488  0.998147  0.006660  0.006021  -0.006307  0.999962  0.003561  -0.001265  -0.000285  -0.002929  0.043607  0.214801  2.000000  
113.561861 0.011763  0.096561  -0.014653  0.998150  0.060527  -0.005762  -0.060488  0.998147  0.006668  0.006155  -0.006307  0.999961  0.003167  -0.001451  -0.000154  -0.002966  0.047805  0.199371  2.000000  
113.563115 0.011764  0.096558  -0.014653  0.998162  0.060321  -0.005770  -0.060283  0.998160  0.006546  0.006155  -0.006186  0.999962  0.002807  -0.001578  0.000057  -0.007120  0.047934  0.178727  2.000000  
113.564360 0.011765  0.096555  -0.014651  0.998162  0.060321  -0.005770  -0.060283  0.998160  0.006546  0.006155  -0.006186  0.999962  0.002448  -0.001707  0.000201  0.000000  0.000000  0.000000  2.000000  
113.565369 0.011765  0.096553  -0.014650  0.998162  0.060321  -0.005904  -0.060282  0.998160  0.006554  0.006288  -0.006186  0.999961  0.002124  -0.001837  0.000337  0.000000  0.000000  0.000000  2.000000  
113.566380 0.011764  0.096551  -0.014649  0.998162  0.060321  -0.005904  -0.060282  0.998160  0.006554  0.006288  -0.006186  0.999961  0.001744  -0.001945  0.000507  0.000000  0.000000  0.000000  2.000000  
113.567613 0.011764  0.096548  -0.014648  0.998174  0.060115  -0.005913  -0.060077  0.998173  0.006432  0.006288  -0.006065  0.999962  0.001396  -0.002028  0.000627  0.000000  0.000000  0.000000  2.000000  
113.568614 0.011763  0.096546  -0.014647  0.998174  0.060115  -0.005913  -0.060077  0.998173  0.006432  0.006288  -0.006065  0.999962  0.001131  -0.002057  0.000713  0.000000  0.000000  0.000000  2.000000  
113.569867 0.011762  0.096543  -0.014646  0.998174  0.060115  -0.005913  -0.060077  0.998173  0.006432  0.006288  -0.006065  0.999962  0.000792  -0.002140  0.000794  0.000000  0.000000  0.000000  2.000000  
113.571114 0.011761  0.096541  -0.014645  0.998174  0.060115  -0.005913  -0.060077  0.998173  0.006432  0.006288  -0.006065  0.999962  0.000486  -0.002175  0.000850  0.000000  0.000000  0.000000  2.000000  
113.572114 0.011760  0.096539  -0.014643  0.998174  0.060115  -0.005913  -0.060077  0.998173  0.006432  0.006288  -0.006065  0.999962  0.000274  -0.002178  0.000879  0.000000  0.000000  0.000000  2.000000  
113.573114 0.011760  0.096537  -0.014642  0.998185  0.059910  -0.006048  -0.059871  0.998185  0.006438  0.006422  -0.006065  0.999961  0.000135  -0.002125  0.000914  0.000000  0.000000  0.000000  2.000000  
113.574369 0.011759  0.096535  -0.014640  0.998185  0.059910  -0.006055  -0.059871  0.998186  0.006317  0.006422  -0.005943  0.999962  -0.000068  -0.002071  0.000995  0.000000  0.000000  0.000000  2.000000  
113.575613 0.011760  0.096534  -0.014638  0.998185  0.059910  -0.006055  -0.059871  0.998186  0.006317  0.006422  -0.005943  0.999962  -0.000140  -0.002012  0.001015  0.000000  0.000000  0.000000  2.000000  
113.576861 0.011760  0.096533  -0.014637  0.998185  0.059910  -0.006188  -0.059871  0.998186  0.006325  0.006556  -0.005943  0.999961  -0.000168  -0.001831  0.001099  0.000000  0.000000  0.000000  2.000000  
113.578114 0.011761  0.096532  -0.014636  0.998185  0.059910  -0.006188  -0.059871  0.998186  0.006325  0.006556  -0.005943  0.999961  -0.000156  -0.001742  0.001130  0.000000  0.000000  0.000000  2.000000  
113.579365 0.011763  0.096530  -0.014635  0.998185  0.059910  -0.006188  -0.059871  0.998186  0.006325  0.006556  -0.005943  0.999961  -0.000149  -0.001668  0.001104  0.000000  0.000000  0.000000  2.000000  
113.580614 0.011764  0.096529  -0.014633  0.998185  0.059910  -0.006188  -0.059871  0.998186  0.006325  0.006556  -0.005943  0.999961  -0.000044  -0.001557  0.001112  0.000000  0.000000  0.000000  2.000000  
113.581617 0.011766  0.096529  -0.014633  0.998185  0.059910  -0.006188  -0.059871  0.998186  0.006325  0.006556  -0.005943  0.999961  0.000144  -0.001422  0.001076  0.000000  0.000000  0.000000  2.000000  
113.582868 0.011768  0.096527  -0.014632  0.998184  0.059911  -0.006322  -0.059871  0.998186  0.006333  0.006690  -0.005943  0.999960  0.000334  -0.001367  0.001027  0.000000  0.000000  0.000000  2.000000  
113.584114 0.011771  0.096526  -0.014632  0.998184  0.059911  -0.006322  -0.059871  0.998186  0.006333  0.006690  -0.005943  0.999960  0.000547  -0.001261  0.000984  0.000000  0.000000  0.000000  2.000000  
113.585115 0.011773  0.096526  -0.014632  0.998184  0.059911  -0.006322  -0.059871  0.998186  0.006333  0.006690  -0.005943  0.999960  0.000754  -0.001131  0.000901  0.000000  0.000000  0.000000  2.000000  
113.586379 0.011776  0.096525  -0.014632  0.998184  0.059911  -0.006322  -0.059871  0.998186  0.006333  0.006690  -0.005943  0.999960  0.001062  -0.000963  0.000797  0.000000  0.000000  0.000000  2.000000  
113.587618 0.011779  0.096525  -0.014632  0.998184  0.059911  -0.006322  -0.059871  0.998186  0.006333  0.006690  -0.005943  0.999960  0.001349  -0.000859  0.000677  0.000000  0.000000  0.000000  2.000000  
113.588865 0.011782  0.096525  -0.014632  0.998183  0.059913  -0.006448  -0.059871  0.998185  0.006462  0.006824  -0.006065  0.999958  0.001540  -0.000781  0.000580  0.000000  0.000000  0.000000  2.000000  
113.589868 0.011785  0.096525  -0.014632  0.998170  0.060118  -0.006447  -0.060077  0.998173  0.006464  0.006824  -0.006065  0.999958  0.001762  -0.000674  0.000506  0.000000  0.000000  0.000000  2.000000  
113.591111 0.011789  0.096526  -0.014631  0.998170  0.060118  -0.006447  -0.060077  0.998173  0.006464  0.006824  -0.006065  0.999958  0.001964  -0.000539  0.000461  0.000000  0.000000  0.000000  2.000000  
113.592112 0.011792  0.096526  -0.014631  0.998170  0.060118  -0.006447  -0.060077  0.998173  0.006464  0.006824  -0.006065  0.999958  0.002110  -0.000405  0.000422  0.000000  0.000000  0.000000  2.000000  
113.593367 0.011796  0.096528  -0.014630  0.998170  0.060118  -0.006447  -0.060077  0.998173  0.006464  0.006824  -0.006065  0.999958  0.002272  -0.000265  0.000371  0.000000  0.000000  0.000000  2.000000  
113.594610 0.011799  0.096529  -0.014629  0.998170  0.060119  -0.006580  -0.060077  0.998173  0.006472  0.006957  -0.006065  0.999957  0.002363  -0.000134  0.000341  0.000000  0.000000  0.000000  2.000000  
113.595611 0.011801  0.096529  -0.014629  0.998170  0.060119  -0.006580  -0.060077  0.998173  0.006472  0.006957  -0.006065  0.999957  0.002456  -0.000002  0.000311  0.000000  0.000000  0.000000  2.000000  
113.596611 0.011804  0.096530  -0.014628  0.998170  0.060119  -0.006580  -0.060077  0.998173  0.006472  0.006957  -0.006065  0.999957  0.002507  0.000103  0.000297  0.000000  0.000000  0.000000  2.000000  
113.597615 0.011806  0.096530  -0.014628  0.998157  0.060325  -0.006579  -0.060282  0.998160  0.006473  0.006957  -0.006065  0.999957  0.002548  0.000210  0.000296  0.000000  0.000000  0.000000  2.000000  
113.598616 0.011808  0.096531  -0.014627  0.998156  0.060325  -0.006713  -0.060282  0.998160  0.006481  0.007091  -0.006065  0.999956  0.002545  0.000314  0.000316  0.000000  0.000000  0.000000  2.000000  
113.599865 0.011811  0.096532  -0.014627  0.998156  0.060325  -0.006713  -0.060282  0.998160  0.006481  0.007091  -0.006065  0.999956  0.002533  0.000421  0.000348  0.000000  0.000000  0.000000  2.000000  
113.601113 0.011813  0.096533  -0.014626  0.998156  0.060325  -0.006713  -0.060282  0.998160  0.006481  0.007091  -0.006065  0.999956  0.002513  0.000536  0.000394  0.000000  0.000000  0.000000  2.000000  
113.602114 0.011815  0.096534  -0.014626  0.998156  0.060326  -0.006705  -0.060282  0.998160  0.006602  0.007091  -0.006186  0.999956  0.002467  0.000615  0.000405  0.000000  0.000000  0.000000  2.000000  
113.603365 0.011817  0.096535  -0.014626  0.998156  0.060326  -0.006705  -0.060282  0.998160  0.006602  0.007091  -0.006186  0.999956  0.002411  0.000697  0.000454  0.000000  0.000000  0.000000  2.000000  
113.604370 0.011819  0.096535  -0.014626  0.998156  0.060326  -0.006705  -0.060282  0.998160  0.006602  0.007091  -0.006186  0.999956  0.002317  0.000714  0.000383  0.000000  0.000000  0.000000  2.000000  
113.605617 0.011821  0.096537  -0.014626  0.998143  0.060533  -0.006830  -0.060488  0.998146  0.006733  0.007225  -0.006307  0.999954  0.002170  0.000731  0.000319  0.000000  0.000000  0.000000  2.000000  
113.606862 0.011822  0.096538  -0.014626  0.998143  0.060533  -0.006830  -0.060488  0.998146  0.006733  0.007225  -0.006307  0.999954  0.002062  0.000768  0.000303  0.000000  0.000000  0.000000  2.000000  
113.608110 0.011824  0.096539  -0.014627  0.998143  0.060533  -0.006830  -0.060488  0.998146  0.006733  0.007225  -0.006307  0.999954  0.001920  0.000769  0.000223  0.000000  0.000000  0.000000  2.000000  
113.609367 0.011825  0.096540  -0.014626  0.998143  0.060533  -0.006830  -0.060488  0.998146  0.006733  0.007225  -0.006307  0.999954  0.001813  0.000789  0.000190  0.000000  0.000000  0.000000  2.000000  
113.610373 0.011826  0.096541  -0.014627  0.998142  0.060534  -0.006964  -0.060488  0.998146  0.006741  0.007359  -0.006307  0.999953  0.001676  0.000780  0.000135  0.000000  0.000000  0.000000  2.000000  
113.611611 0.011827  0.096542  -0.014627  0.998142  0.060534  -0.006964  -0.060488  0.998146  0.006741  0.007359  -0.006307  0.999953  0.001557  0.000763  0.000110  0.000000  0.000000  0.000000  2.000000  
113.612612 0.011827  0.096543  -0.014626  0.998142  0.060534  -0.006964  -0.060488  0.998146  0.006741  0.007359  -0.006307  0.999953  0.001432  0.000812  0.000106  0.000000  0.000000  0.000000  2.000000  
113.613614 0.011828  0.096544  -0.014626  0.998142  0.060534  -0.006964  -0.060488  0.998146  0.006741  0.007359  -0.006307  0.999953  0.001340  0.000829  0.000036  0.000000  0.000000  0.000000  2.000000  
113.614614 0.011829  0.096544  -0.014626  0.998142  0.060534  -0.006964  -0.060488  0.998146  0.006741  0.007359  -0.006307  0.999953  0.001225  0.000812  0.000030  0.000000  0.000000  0.000000  2.000000  
113.615619 0.011829  0.096545  -0.014626  0.998141  0.060535  -0.007097  -0.060487  0.998146  0.006749  0.007493  -0.006307  0.999952  0.001108  0.000835  0.000036  0.000000  0.000000  0.000000  2.000000  
113.616867 0.011829  0.096546  -0.014626  0.998141  0.060535  -0.007097  -0.060487  0.998146  0.006749  0.007493  -0.006307  0.999952  0.000972  0.000803  0.000029  0.000000  0.000000  0.000000  2.000000  
113.618113 0.011830  0.096547  -0.014626  0.998141  0.060535  -0.007097  -0.060487  0.998146  0.006749  0.007493  -0.006307  0.999952  0.000841  0.000813  0.000034  0.000000  0.000000  0.000000  2.000000  
113.619114 0.011830  0.096547  -0.014626  0.998140  0.060536  -0.007231  -0.060487  0.998146  0.006757  0.007626  -0.006307  0.999951  0.000770  0.000781  -0.000018  0.000000  0.000000  0.000000  2.000000  
113.620367 0.011830  0.096548  -0.014627  0.998140  0.060536  -0.007231  -0.060487  0.998146  0.006757  0.007626  -0.006307  0.999951  0.000655  0.000804  -0.000012  0.000000  0.000000  0.000000  2.000000  
113.621616 0.011830  0.096548  -0.014628  0.998140  0.060536  -0.007231  -0.060487  0.998146  0.006757  0.007626  -0.006307  0.999951  0.000553  0.000742  -0.000085  0.000000  0.000000  0.000000  2.000000  
113.622864 0.011830  0.096549  -0.014629  0.998140  0.060536  -0.007231  -0.060487  0.998146  0.006757  0.007626  -0.006307  0.999951  0.000417  0.000666  -0.000145  0.000000  0.000000  0.000000  2.000000  
113.623868 0.011830  0.096549  -0.014629  0.998151  0.060331  -0.007366  -0.060282  0.998158  0.006764  0.007760  -0.006307  0.999950  0.000355  0.000607  -0.000188  0.000000  0.000000  0.000000  2.000000  
113.625111 0.011830  0.096549  -0.014630  0.998151  0.060331  -0.007366  -0.060282  0.998158  0.006764  0.007760  -0.006307  0.999950  0.000294  0.000549  -0.000232  0.000000  0.000000  0.000000  2.000000  
113.626377 0.011830  0.096549  -0.014631  0.998151  0.060331  -0.007366  -0.060282  0.998158  0.006764  0.007760  -0.006307  0.999950  0.000231  0.000489  -0.000275  0.000000  0.000000  0.000000  2.000000  
113.627613 0.011830  0.096549  -0.014632  0.998151  0.060331  -0.007366  -0.060282  0.998158  0.006764  0.007760  -0.006307  0.999950  0.000150  0.000399  -0.000379  0.000000  0.000000  0.000000  2.000000  
113.628613 0.011830  0.096549  -0.014632  0.998151  0.060331  -0.007366  -0.060282  0.998158  0.006764  0.007760  -0.006307  0.999950  0.000128  0.000339  -0.000385  0.000000  0.000000  0.000000  2.000000  
113.629660 0.011830  0.096549  -0.014633  0.998151  0.060331  -0.007366  -0.060282  0.998158  0.006764  0.007760  -0.006307  0.999950  0.000121  0.000286  -0.000442  0.000000  0.000000  0.000000  2.000000  
113.630860 0.011830  0.096549  -0.014633  0.998151  0.060331  -0.007366  -0.060282  0.998158  0.006764  0.007760  -0.006307  0.999950  0.000100  0.000251  -0.000495  0.000000  0.000000  0.000000  2.000000  
113.631868 0.011831  0.096549  -0.014634  0.998150  0.060332  -0.007499  -0.060282  0.998158  0.006772  0.007894  -0.006307  0.999949  0.000104  0.000172  -0.000545  0.000000  0.000000  0.000000  2.000000  
113.633117 0.011831  0.096548  -0.014634  0.998150  0.060332  -0.007499  -0.060282  0.998158  0.006772  0.007894  -0.006307  0.999949  0.000094  0.000091  -0.000549  0.000000  0.000000  0.000000  2.000000  
113.634376 0.011832  0.096549  -0.014635  0.998150  0.060332  -0.007499  -0.060282  0.998158  0.006772  0.007894  -0.006307  0.999949  0.000105  0.000066  -0.000539  0.000000  0.000000  0.000000  2.000000  
113.635615 0.011832  0.096549  -0.014635  0.998138  0.060538  -0.007498  -0.060487  0.998146  0.006773  0.007894  -0.006307  0.999949  0.000114  0.000040  -0.000521  0.000000  0.000000  0.000000  2.000000  
113.636617 0.011832  0.096549  -0.014635  0.998138  0.060538  -0.007498  -0.060487  0.998146  0.006773  0.007894  -0.006307  0.999949  0.000115  0.000018  -0.000482  0.000000  0.000000  0.000000  2.000000  
113.637618 0.011833  0.096549  -0.014635  0.998138  0.060538  -0.007498  -0.060487  0.998146  0.006773  0.007894  -0.006307  0.999949  0.000167  -0.000004  -0.000442  0.000000  0.000000  0.000000  2.000000  
113.638864 0.011833  0.096549  -0.014636  0.998138  0.060538  -0.007498  -0.060487  0.998146  0.006773  0.007894  -0.006307  0.999949  0.000176  -0.000007  -0.000472  0.000000  0.000000  0.000000  2.000000  
113.639865 0.011833  0.096548  -0.014637  0.998138  0.060538  -0.007498  -0.060487  0.998146  0.006773  0.007894  -0.006307  0.999949  0.000200  -0.000058  -0.000462  0.000000  0.000000  0.000000  2.000000  
113.641110 0.011833  0.096548  -0.014637  0.998138  0.060537  -0.007505  -0.060487  0.998147  0.006652  0.007894  -0.006186  0.999950  0.000197  -0.000057  -0.000454  0.000000  0.000000  0.000000  2.000000  
113.642112 0.011834  0.096548  -0.014638  0.998138  0.060537  -0.007505  -0.060487  0.998147  0.006652  0.007894  -0.006186  0.999950  0.000207  -0.000082  -0.000445  0.000000  0.000000  0.000000  2.000000  
113.643366 0.011834  0.096548  -0.014639  0.998125  0.060742  -0.007504  -0.060693  0.998134  0.006654  0.007894  -0.006186  0.999950  0.000295  -0.000053  -0.000438  0.000000  0.000000  0.000000  2.000000  
113.644612 0.011835  0.096548  -0.014640  0.998125  0.060742  -0.007504  -0.060693  0.998134  0.006654  0.007894  -0.006186  0.999950  0.000302  -0.000055  -0.000470  0.000000  0.000000  0.000000  2.000000  
113.645613 0.011835  0.096548  -0.014640  0.998125  0.060742  -0.007504  -0.060693  0.998134  0.006654  0.007894  -0.006186  0.999950  0.000337  -0.000026  -0.000455  0.000000  0.000000  0.000000  2.000000  
113.646613 0.011836  0.096548  -0.014641  0.998125  0.060742  -0.007504  -0.060693  0.998134  0.006654  0.007894  -0.006186  0.999950  0.000353  -0.000054  -0.000476  0.000000  0.000000  0.000000  2.000000  
113.647613 0.011837  0.096548  -0.014641  0.998125  0.060742  -0.007504  -0.060693  0.998134  0.006654  0.007894  -0.006186  0.999950  0.000383  -0.000025  -0.000455  0.000000  0.000000  0.000000  2.000000  
113.648618 0.011837  0.096548  -0.014642  0.998113  0.060949  -0.007495  -0.060898  0.998121  0.006776  0.007894  -0.006307  0.999949  0.000395  -0.000005  -0.000540  0.000000  0.000000  0.000000  2.000000  
113.649862 0.011838  0.096548  -0.014643  0.998113  0.060949  -0.007495  -0.060898  0.998121  0.006776  0.007894  -0.006307  0.999949  0.000406  -0.000030  -0.000531  0.000000  0.000000  0.000000  2.000000  
113.650864 0.011838  0.096549  -0.014643  0.998113  0.060949  -0.007495  -0.060898  0.998121  0.006776  0.007894  -0.006307  0.999949  0.000436  -0.000002  -0.000509  0.000000  0.000000  0.000000  2.000000  
113.651864 0.011839  0.096549  -0.014644  0.998113  0.060949  -0.007495  -0.060898  0.998121  0.006776  0.007894  -0.006307  0.999949  0.000437  0.000021  -0.000557  0.000000  0.000000  0.000000  2.000000  
113.653114 0.011839  0.096549  -0.014644  0.998100  0.061154  -0.007494  -0.061104  0.998108  0.006778  0.007894  -0.006307  0.999949  0.000437  0.000021  -0.000557  0.000000  0.000000  0.000000  2.000000  
113.654365 0.011840  0.096549  -0.014644  0.998100  0.061154  -0.007494  -0.061104  0.998108  0.006778  0.007894  -0.006307  0.999949  0.000464  0.000076  -0.000553  0.000000  0.000000  0.000000  2.000000  
113.655366 0.011840  0.096549  -0.014645  0.998100  0.061154  -0.007494  -0.061104  0.998108  0.006778  0.007894  -0.006307  0.999949  0.000453  0.000079  -0.000515  0.000000  0.000000  0.000000  2.000000  
113.656378 0.011841  0.096550  -0.014645  0.998100  0.061154  -0.007494  -0.061104  0.998108  0.006778  0.007894  -0.006307  0.999949  0.000484  0.000108  -0.000493  0.000000  0.000000  0.000000  2.000000  
113.657613 0.011841  0.096550  -0.014647  0.998088  0.061360  -0.007492  -0.061309  0.998096  0.006780  0.007894  -0.006307  0.999949  0.000466  0.000154  -0.000541  0.000000  0.000000  0.000000  2.000000  
113.658861 0.011841  0.096550  -0.014647  0.998088  0.061360  -0.007492  -0.061309  0.998096  0.006780  0.007894  -0.006307  0.999949  0.000455  0.000156  -0.000503  0.000000  0.000000  0.000000  2.000000  
113.659868 0.011842  0.096551  -0.014647  0.998088  0.061360  -0.007492  -0.061309  0.998096  0.006780  0.007894  -0.006307  0.999949  0.000440  0.000187  -0.000482  0.000000  0.000000  0.000000  2.000000  
113.661113 0.011843  0.096552  -0.014647  0.998088  0.061360  -0.007492  -0.061309  0.998096  0.006780  0.007894  -0.006307  0.999949  0.000461  0.000242  -0.000470  0.000000  0.000000  0.000000  2.000000  
113.662114 0.011843  0.096552  -0.014648  0.998088  0.061360  -0.007492  -0.061309  0.998096  0.006780  0.007894  -0.006307  0.999949  0.000461  0.000242  -0.000470  0.000000  0.000000  0.000000  2.000000  
113.663121 0.011844  0.096552  -0.014648  0.998075  0.061565  -0.007491  -0.061515  0.998083  0.006781  0.007894  -0.006307  0.999949  0.000491  0.000271  -0.000448  0.000000  0.000000  0.000000  2.000000  
113.664367 0.011845  0.096553  -0.014649  0.998075  0.061565  -0.007491  -0.061515  0.998083  0.006781  0.007894  -0.006307  0.999949  0.000469  0.000300  -0.000419  0.000000  0.000000  0.000000  2.000000  
113.665616 0.011845  0.096553  -0.014650  0.998075  0.061565  -0.007491  -0.061515  0.998083  0.006781  0.007894  -0.006307  0.999949  0.000473  0.000292  -0.000450  0.000000  0.000000  0.000000  2.000000  
113.666616 0.011846  0.096553  -0.014650  0.998075  0.061565  -0.007491  -0.061515  0.998083  0.006781  0.007894  -0.006307  0.999949  0.000469  0.000300  -0.000419  0.000000  0.000000  0.000000  2.000000  
113.667863 0.011846  0.096553  -0.014650  0.998075  0.061565  -0.007491  -0.061515  0.998083  0.006781  0.007894  -0.006307  0.999949  0.000462  0.000295  -0.000412  0.000000  0.000000  0.000000  2.000000  
113.669111 0.011847  0.096553  -0.014650  0.998075  0.061565  -0.007491  -0.061515  0.998083  0.006781  0.007894  -0.006307  0.999949  0.000491  0.000301  -0.000343  0.000000  0.000000  0.000000  2.000000  
113.670368 0.011847  0.096554  -0.014650  0.998075  0.061565  -0.007491  -0.061515  0.998083  0.006781  0.007894  -0.006307  0.999949  0.000488  0.000309  -0.000310  0.000000  0.000000  0.000000  2.000000  
113.671612 0.011848  0.096554  -0.014650  0.998062  0.061771  -0.007482  -0.061720  0.998070  0.006904  0.007894  -0.006428  0.999948  0.000488  0.000286  -0.000262  0.000000  0.000000  0.000000  2.000000  
113.672613 0.011849  0.096554  -0.014650  0.998062  0.061771  -0.007482  -0.061720  0.998070  0.006904  0.007894  -0.006428  0.999948  0.000520  0.000285  -0.000228  0.000000  0.000000  0.000000  2.000000  
113.673614 0.011849  0.096555  -0.014650  0.998062  0.061771  -0.007482  -0.061720  0.998070  0.006904  0.007894  -0.006428  0.999948  0.000518  0.000293  -0.000193  0.000000  0.000000  0.000000  2.000000  
113.674860 0.011850  0.096555  -0.014649  0.998062  0.061771  -0.007482  -0.061720  0.998070  0.006904  0.007894  -0.006428  0.999948  0.000509  0.000266  -0.000142  0.000000  0.000000  0.000000  2.000000  
113.675868 0.011850  0.096555  -0.014649  0.998061  0.061772  -0.007616  -0.061720  0.998070  0.006912  0.008028  -0.006428  0.999947  0.000475  0.000244  -0.000128  0.000000  0.000000  0.000000  2.000000  
113.677115 0.011850  0.096555  -0.014649  0.998061  0.061772  -0.007616  -0.061720  0.998070  0.006912  0.008028  -0.006428  0.999947  0.000463  0.000224  -0.000041  0.000000  0.000000  0.000000  2.000000  
113.678367 0.011851  0.096556  -0.014648  0.998061  0.061772  -0.007616  -0.061720  0.998070  0.006912  0.008028  -0.006428  0.999947  0.000452  0.000227  -0.000003  0.000000  0.000000  0.000000  2.000000  
113.679612 0.011851  0.096556  -0.014648  0.998061  0.061772  -0.007616  -0.061720  0.998070  0.006912  0.008028  -0.006428  0.999947  0.000392  0.000200  0.000052  0.000000  0.000000  0.000000  2.000000  
113.680620 0.011851  0.096556  -0.014648  0.998061  0.061772  -0.007616  -0.061720  0.998070  0.006912  0.008028  -0.006428  0.999947  0.000355  0.000176  0.000069  0.000000  0.000000  0.000000  2.000000  
113.681869 0.011851  0.096555  -0.014648  0.998061  0.061772  -0.007616  -0.061720  0.998070  0.006912  0.008028  -0.006428  0.999947  0.000343  0.000156  0.000156  0.000000  0.000000  0.000000  2.000000  
113.683118 0.011851  0.096556  -0.014647  0.998061  0.061772  -0.007616  -0.061720  0.998070  0.006912  0.008028  -0.006428  0.999947  0.000332  0.000159  0.000195  0.000000  0.000000  0.000000  2.000000  
113.684366 0.011851  0.096555  -0.014647  0.998048  0.061978  -0.007614  -0.061926  0.998057  0.006913  0.008028  -0.006428  0.999947  0.000290  0.000133  0.000211  0.000000  0.000000  0.000000  2.000000  
113.685369 0.011851  0.096555  -0.014647  0.998048  0.061978  -0.007614  -0.061926  0.998057  0.006913  0.008028  -0.006428  0.999947  0.000259  0.000103  0.000190  0.000000  0.000000  0.000000  2.000000  
113.686381 0.011851  0.096555  -0.014647  0.998048  0.061978  -0.007614  -0.061926  0.998057  0.006913  0.008028  -0.006428  0.999947  0.000217  0.000077  0.000206  0.000000  0.000000  0.000000  2.000000  
113.687617 0.011851  0.096555  -0.014647  0.998048  0.061978  -0.007614  -0.061926  0.998057  0.006913  0.008028  -0.006428  0.999947  0.000164  0.000076  0.000214  0.000000  0.000000  0.000000  2.000000  
113.688864 0.011851  0.096555  -0.014647  0.998048  0.061978  -0.007614  -0.061926  0.998057  0.006913  0.008028  -0.006428  0.999947  0.000133  0.000046  0.000192  0.000000  0.000000  0.000000  2.000000  
113.689866 0.011851  0.096555  -0.014647  0.998048  0.061978  -0.007614  -0.061926  0.998057  0.006913  0.008028  -0.006428  0.999947  0.000102  0.000017  0.000170  0.000000  0.000000  0.000000  2.000000  
113.691112 0.011851  0.096555  -0.014646  0.998048  0.061978  -0.007614  -0.061926  0.998057  0.006913  0.008028  -0.006428  0.999947  0.000060  -0.000010  0.000188  0.000000  0.000000  0.000000  2.000000  
113.692366 0.011851  0.096555  -0.014646  0.998048  0.061978  -0.007614  -0.061926  0.998057  0.006913  0.008028  -0.006428  0.999947  0.000049  0.000016  0.000178  0.000000  0.000000  0.000000  2.000000  
113.693614 0.011851  0.096555  -0.014646  0.998048  0.061978  -0.007614  -0.061926  0.998057  0.006913  0.008028  -0.006428  0.999947  0.000018  -0.000013  0.000154  0.000000  0.000000  0.000000  2.000000  
113.694859 0.011851  0.096555  -0.014646  0.998036  0.062183  -0.007613  -0.062131  0.998044  0.006915  0.008028  -0.006428  0.999947  0.000007  -0.000010  0.000192  0.000000  0.000000  0.000000  2.000000  
113.695860 0.011850  0.096555  -0.014646  0.998036  0.062183  -0.007613  -0.062131  0.998044  0.006915  0.008028  -0.006428  0.999947  -0.000034  -0.000014  0.000161  0.000000  0.000000  0.000000  2.000000  
113.696864 0.011850  0.096555  -0.014646  0.998036  0.062183  -0.007613  -0.062131  0.998044  0.006915  0.008028  -0.006428  0.999947  -0.000023  -0.000017  0.000123  0.000000  0.000000  0.000000  2.000000  
113.698112 0.011850  0.096555  -0.014646  0.998036  0.062183  -0.007613  -0.062131  0.998044  0.006915  0.008028  -0.006428  0.999947  -0.000053  -0.000046  0.000102  0.000000  0.000000  0.000000  2.000000  
113.699120 0.011850  0.096555  -0.014646  0.998036  0.062183  -0.007613  -0.062131  0.998044  0.006915  0.008028  -0.006428  0.999947  -0.000065  -0.000021  0.000094  0.000000  0.000000  0.000000  2.000000  
113.700367 0.011850  0.096555  -0.014646  0.998036  0.062183  -0.007613  -0.062131  0.998044  0.006915  0.008028  -0.006428  0.999947  -0.000064  -0.000021  0.000093  0.000000  0.000000  0.000000  2.000000  
113.701615 0.011850  0.096555  -0.014647  0.998036  0.062183  -0.007613  -0.062131  0.998044  0.006915  0.008028  -0.006428  0.999947  -0.000042  -0.000026  0.000017  0.000000  0.000000  0.000000  2.000000  
113.702864 0.011850  0.096555  -0.014647  0.998023  0.062389  -0.007611  -0.062336  0.998031  0.006917  0.008028  -0.006428  0.999947  -0.000042  -0.000026  0.000017  0.000000  0.000000  0.000000  2.000000  
113.703869 0.011851  0.096555  -0.014646  0.998023  0.062389  -0.007611  -0.062336  0.998031  0.006917  0.008028  -0.006428  0.999947  -0.000011  0.000003  0.000039  0.000000  0.000000  0.000000  2.000000  
113.705114 0.011851  0.096555  -0.014646  0.998023  0.062389  -0.007611  -0.062336  0.998031  0.006917  0.008028  -0.006428  0.999947  0.000000  0.000000  0.000000  0.000000  0.000000  0.000000  2.000000  
113.706380 0.011851  0.096556  -0.014646  0.998023  0.062389  -0.007611  -0.062336  0.998031  0.006917  0.008028  -0.006428  0.999947  -0.000011  0.000025  -0.000009  0.000000  0.000000  0.000000  2.000000  
113.707612 0.011851  0.096556  -0.014646  0.998010  0.062594  -0.007610  -0.062542  0.998018  0.006918  0.008028  -0.006428  0.999947  -0.000011  0.000025  -0.000009  0.000000  0.000000  0.000000  2.000000  
113.708613 0.011851  0.096556  -0.014646  0.998010  0.062594  -0.007610  -0.062542  0.998018  0.006918  0.008028  -0.006428  0.999947  0.000020  0.000054  0.000012  0.000000  0.000000  0.000000  2.000000  
113.709860 0.011851  0.096556  -0.014646  0.998010  0.062594  -0.007610  -0.062542  0.998018  0.006918  0.008028  -0.006428  0.999947  0.000032  0.000052  -0.000026  0.000000  0.000000  0.000000  2.000000  
113.710861 0.011851  0.096557  -0.014646  0.998010  0.062594  -0.007610  -0.062542  0.998018  0.006918  0.008028  -0.006428  0.999947  0.000052  0.000107  -0.000014  0.000000  0.000000  0.000000  2.000000  
113.711864 0.011851  0.096557  -0.014646  0.998010  0.062594  -0.007610  -0.062542  0.998018  0.006918  0.008028  -0.006428  0.999947  0.000051  0.000105  -0.000013  0.000000  0.000000  0.000000  2.000000  
113.713109 0.011852  0.096557  -0.014646  0.997997  0.062800  -0.007608  -0.062747  0.998005  0.006920  0.008028  -0.006428  0.999947  0.000081  0.000134  0.000008  0.000000  0.000000  0.000000  2.000000  
113.714110 0.011851  0.096557  -0.014646  0.997997  0.062800  -0.007608  -0.062747  0.998005  0.006920  0.008028  -0.006428  0.999947  0.000071  0.000159  -0.000001  0.000000  0.000000  0.000000  2.000000  
113.715118 0.011851  0.096557  -0.014645  0.997997  0.062800  -0.007608  -0.062747  0.998005  0.006920  0.008028  -0.006428  0.999947  0.000060  0.000162  0.000037  0.000000  0.000000  0.000000  2.000000  
113.716119 0.011851  0.096558  -0.014645  0.997984  0.063005  -0.007607  -0.062953  0.997993  0.006921  0.008028  -0.006428  0.999947  0.000081  0.000219  0.000050  0.000000  0.000000  0.000000  2.000000  
113.717368 0.011851  0.096558  -0.014645  0.997984  0.063005  -0.007607  -0.062953  0.997993  0.006921  0.008028  -0.006428  0.999947  0.000068  0.000218  0.000087  0.000000  0.000000  0.000000  2.000000  
113.718615 0.011852  0.096559  -0.014645  0.997971  0.063211  -0.007606  -0.063158  0.997980  0.006923  0.008028  -0.006428  0.999947  0.000058  0.000244  0.000078  0.000000  0.000000  0.000000  2.000000  
113.719615 0.011852  0.096559  -0.014644  0.997971  0.063211  -0.007606  -0.063158  0.997980  0.006923  0.008028  -0.006428  0.999947  0.000047  0.000250  0.000118  0.000000  0.000000  0.000000  2.000000  
113.720867 0.011852  0.096560  -0.014644  0.997958  0.063416  -0.007604  -0.063364  0.997966  0.006924  0.008028  -0.006428  0.999947  0.000078  0.000280  0.000140  0.000000  0.000000  0.000000  2.000000  
113.722114 0.011852  0.096560  -0.014644  0.997958  0.063416  -0.007604  -0.063364  0.997966  0.006924  0.008028  -0.006428  0.999947  0.000078  0.000280  0.000140  0.000000  0.000000  0.000000  2.000000  
113.723114 0.011852  0.096560  -0.014644  0.997945  0.063621  -0.007603  -0.063569  0.997953  0.006926  0.008028  -0.006428  0.999947  0.000078  0.000280  0.000140  0.000000  0.000000  0.000000  2.000000  
113.724360 0.011852  0.096560  -0.014644  0.997932  0.063827  -0.007601  -0.063775  0.997940  0.006928  0.008028  -0.006428  0.999947  0.000077  0.000275  0.000138  0.000000  0.000000  0.000000  2.000000  
113.725360 0.011853  0.096561  -0.014644  0.997932  0.063827  -0.007601  -0.063775  0.997940  0.006928  0.008028  -0.006428  0.999947  0.000097  0.000329  0.000150  0.000000  0.000000  0.000000  2.000000  
113.726376 0.011853  0.096561  -0.014644  0.997919  0.064032  -0.007600  -0.063980  0.997927  0.006929  0.008028  -0.006428  0.999947  0.000109  0.000309  0.000162  0.000000  0.000000  0.000000  2.000000  
113.727616 0.011853  0.096562  -0.014643  0.997906  0.064238  -0.007598  -0.064186  0.997914  0.006931  0.008028  -0.006428  0.999947  0.000109  0.000309  0.000162  0.000000  0.000000  0.000000  2.000000  
113.728861 0.011853  0.096562  -0.014643  0.997892  0.064443  -0.007597  -0.064391  0.997901  0.006932  0.008028  -0.006428  0.999947  0.000118  0.000279  0.000168  0.000000  0.000000  0.000000  2.000000  
113.730113 0.011854  0.096562  -0.014643  0.997879  0.064649  -0.007596  -0.064596  0.997887  0.006934  0.008028  -0.006428  0.999947  0.000159  0.000305  0.000152  0.000000  0.000000  0.000000  2.000000  
113.731113 0.011853  0.096562  -0.014643  0.997879  0.064649  -0.007596  -0.064596  0.997887  0.006934  0.008028  -0.006428  0.999947  0.000129  0.000276  0.000130  0.000000  0.000000  0.000000  2.000000  
113.732118 0.011853  0.096562  -0.014643  0.997866  0.064854  -0.007594  -0.064802  0.997874  0.006935  0.008028  -0.006428  0.999947  0.000131  0.000281  0.000132  0.000000  0.000000  0.000000  2.000000  
113.733372 0.011854  0.096563  -0.014643  0.997852  0.065060  -0.007593  -0.065007  0.997861  0.006937  0.008028  -0.006428  0.999947  0.000142  0.000255  0.000141  0.000000  0.000000  0.000000  2.000000  
113.734613 0.011854  0.096563  -0.014643  0.997839  0.065265  -0.007591  -0.065213  0.997847  0.006939  0.008028  -0.006428  0.999947  0.000151  0.000248  0.000101  0.000000  0.000000  0.000000  2.000000  
113.735616 0.011854  0.096563  -0.014643  0.997826  0.065470  -0.007590  -0.065418  0.997834  0.006940  0.008028  -0.006428  0.999947  0.000122  0.000223  0.000081  0.000000  0.000000  0.000000  2.000000  
113.736864 0.011854  0.096563  -0.014643  0.997800  0.065879  -0.007462  -0.065829  0.997808  0.006813  0.007894  -0.006307  0.999949  0.000109  0.000222  0.000118  0.000000  0.000000  0.000000  2.000000  
