1-Time 2-Px 3-Py 4-Pz 5-R11 6-R21 7-R31 8-R12 9-R22 10-R32 11-R13 12-R23 13-R33 14-Vx 15-Vy 16-Vz 17-Wx 18-Wy 19-Wz 20-state 21-PR11 22-PR21 23-PR31 24-PR12 25-PR22 26-PR32 27-PR13 28-PR23 29-PR33 
160.601653 0.006069  0.092357  -0.022646  0.999038  0.039868  0.018269  -0.039716  0.999174  -0.008617  -0.018597  0.007883  0.999796  -0.000072  0.000263  0.001285  0.000000  0.000000  0.000000  2.000000  
160.602658 0.006069  0.092357  -0.022646  0.999038  0.039868  0.018269  -0.039716  0.999174  -0.008617  -0.018597  0.007883  0.999796  -0.000062  0.000261  0.001245  0.000000  0.000000  0.000000  2.000000  
160.603659 0.006069  0.092356  -0.022645  0.999038  0.039868  0.018269  -0.039716  0.999174  -0.008617  -0.018597  0.007883  0.999796  -0.000064  0.000183  0.001201  0.000000  0.000000  0.000000  2.000000  
160.604906 0.006070  0.092355  -0.022645  0.999022  0.040282  0.018260  -0.040127  0.999156  -0.008745  -0.018597  0.008004  0.999795  -0.000015  0.000081  0.001174  0.000000  0.000000  0.000000  2.000000  
160.605908 0.006071  0.092353  -0.022644  0.999019  0.040283  0.018394  -0.040127  0.999156  -0.008751  -0.018731  0.008004  0.999793  0.000063  -0.000047  0.001112  0.000000  0.000000  0.000000  2.000000  
160.607160 0.006073  0.092352  -0.022643  0.999011  0.040488  0.018392  -0.040333  0.999148  -0.008755  -0.018731  0.008004  0.999793  0.000161  -0.000204  0.000999  0.000000  0.000000  0.000000  2.000000  
160.608411 0.006075  0.092350  -0.022643  0.999011  0.040488  0.018392  -0.040333  0.999148  -0.008755  -0.018731  0.008004  0.999793  0.000319  -0.000385  0.000881  0.000000  0.000000  0.000000  2.000000  
160.609658 0.006078  0.092348  -0.022643  0.999005  0.040693  0.018256  -0.040538  0.999140  -0.008753  -0.018597  0.008004  0.999795  0.000489  -0.000514  0.000815  0.000000  0.000000  0.000000  2.000000  
160.610906 0.006080  0.092346  -0.022643  0.998999  0.040898  0.018121  -0.040744  0.999131  -0.008751  -0.018463  0.008004  0.999798  0.000648  -0.000673  0.000650  0.000000  0.000000  0.000000  2.000000  
160.611909 0.006082  0.092345  -0.022643  0.998988  0.041104  0.018253  -0.040950  0.999123  -0.008760  -0.018597  0.008004  0.999795  0.000808  -0.000777  0.000576  0.000000  0.000000  0.000000  2.000000  
160.612910 0.006084  0.092344  -0.022644  0.998980  0.041310  0.018251  -0.041155  0.999114  -0.008764  -0.018597  0.008004  0.999795  0.000968  -0.000857  0.000454  0.000000  0.000000  0.000000  2.000000  
160.614163 0.006087  0.092342  -0.022643  0.998960  0.041722  0.018381  -0.041567  0.999097  -0.008777  -0.018731  0.008004  0.999793  0.001139  -0.000987  0.000388  0.000000  0.000000  0.000000  2.000000  
160.615417 0.006089  0.092341  -0.022643  0.998949  0.041929  0.018513  -0.041772  0.999089  -0.008787  -0.018864  0.008004  0.999790  0.001298  -0.001100  0.000277  0.000000  0.000000  0.000000  2.000000  
160.616426 0.006091  0.092339  -0.022643  0.998940  0.042135  0.018511  -0.041978  0.999080  -0.008790  -0.018864  0.008004  0.999790  0.001436  -0.001244  0.000228  0.000000  0.000000  0.000000  2.000000  
160.617660 0.006092  0.092336  -0.022643  0.998932  0.042341  0.018509  -0.042184  0.999071  -0.008794  -0.018864  0.008004  0.999790  0.001527  -0.001423  0.000204  0.000000  0.000000  0.000000  2.000000  
160.618910 0.006093  0.092334  -0.022642  0.998926  0.042547  0.018369  -0.042389  0.999061  -0.008914  -0.018731  0.008125  0.999792  0.001607  -0.001476  0.000167  0.000000  0.000000  0.000000  2.000000  
160.619911 0.006094  0.092332  -0.022642  0.998917  0.042753  0.018367  -0.042595  0.999053  -0.008917  -0.018731  0.008125  0.999792  0.001636  -0.001527  0.000142  0.000000  0.000000  0.000000  2.000000  
160.620915 0.006095  0.092329  -0.022642  0.998914  0.042754  0.018501  -0.042595  0.999053  -0.008923  -0.018864  0.008125  0.999789  0.001624  -0.001602  0.000139  0.000000  0.000000  0.000000  2.000000  
160.622163 0.006097  0.092326  -0.022641  0.998897  0.043166  0.018497  -0.043006  0.999035  -0.008931  -0.018864  0.008125  0.999789  0.001591  -0.001730  0.000124  0.000000  0.000000  0.000000  2.000000  
160.623411 0.006099  0.092322  -0.022641  0.998888  0.043371  0.018495  -0.043212  0.999026  -0.008935  -0.018864  0.008125  0.999789  0.001573  -0.001825  0.000134  0.000000  0.000000  0.000000  2.000000  
160.624414 0.006100  0.092320  -0.022641  0.998876  0.043578  0.018627  -0.043417  0.999017  -0.008944  -0.018998  0.008125  0.999786  0.001495  -0.001932  0.000118  0.000000  0.000000  0.000000  2.000000  
160.625656 0.006101  0.092317  -0.022641  0.998867  0.043784  0.018625  -0.043623  0.999008  -0.008948  -0.018998  0.008125  0.999786  0.001419  -0.001999  0.000133  0.000000  0.000000  0.000000  2.000000  
160.626660 0.006102  0.092314  -0.022640  0.998870  0.043783  0.018491  -0.043623  0.999008  -0.008942  -0.018864  0.008125  0.999789  0.001370  -0.002106  0.000184  0.000000  0.000000  0.000000  2.000000  
160.627661 0.006103  0.092311  -0.022640  0.998861  0.043990  0.018484  -0.043829  0.998998  -0.009067  -0.018864  0.008247  0.999788  0.001274  -0.002219  0.000187  0.000000  0.000000  0.000000  2.000000  
160.628906 0.006104  0.092306  -0.022640  0.998852  0.044196  0.018482  -0.044034  0.998989  -0.009071  -0.018864  0.008247  0.999788  0.001161  -0.002393  0.000212  0.000000  0.000000  0.000000  2.000000  
160.629907 0.006104  0.092304  -0.022640  0.998843  0.044402  0.018480  -0.044240  0.998980  -0.009075  -0.018864  0.008247  0.999788  0.001068  -0.002515  0.000250  0.000000  0.000000  0.000000  2.000000  
160.630914 0.006104  0.092300  -0.022640  0.998843  0.044402  0.018480  -0.044240  0.998980  -0.009075  -0.018864  0.008247  0.999788  0.000976  -0.002616  0.000240  0.000000  0.000000  0.000000  2.000000  
160.632161 0.006105  0.092296  -0.022638  0.998834  0.044607  0.018479  -0.044446  0.998971  -0.009079  -0.018864  0.008247  0.999788  0.000883  -0.002737  0.000277  0.000000  0.000000  0.000000  2.000000  
160.633165 0.006104  0.092293  -0.022638  0.998834  0.044607  0.018479  -0.044446  0.998971  -0.009079  -0.018864  0.008247  0.999788  0.000806  -0.002806  0.000315  0.000000  0.000000  0.000000  2.000000  
160.634422 0.006104  0.092289  -0.022638  0.998831  0.044611  0.018607  -0.044445  0.998969  -0.009206  -0.018998  0.008368  0.999784  0.000680  -0.002956  0.000333  0.000000  0.000000  0.000000  2.000000  
160.635659 0.006104  0.092285  -0.022636  0.998825  0.044815  0.018471  -0.044651  0.998960  -0.009203  -0.018864  0.008368  0.999787  0.000608  -0.003005  0.000384  0.000000  0.000000  0.000000  2.000000  
160.636663 0.006104  0.092282  -0.022635  0.998825  0.044815  0.018471  -0.044651  0.998960  -0.009203  -0.018864  0.008368  0.999787  0.000517  -0.003028  0.000417  0.000000  0.000000  0.000000  2.000000  
160.637665 0.006104  0.092280  -0.022634  0.998825  0.044815  0.018471  -0.044651  0.998960  -0.009203  -0.018864  0.008368  0.999787  0.000439  -0.003004  0.000501  0.000000  0.000000  0.000000  2.000000  
160.638911 0.006105  0.092277  -0.022632  0.998825  0.044815  0.018471  -0.044651  0.998960  -0.009203  -0.018864  0.008368  0.999787  0.000390  -0.002923  0.000556  0.000000  0.000000  0.000000  2.000000  
160.639933 0.006105  0.092275  -0.022631  0.998825  0.044818  0.018466  -0.044651  0.998959  -0.009325  -0.018864  0.008489  0.999786  0.000297  -0.002911  0.000681  0.000000  0.000000  0.000000  2.000000  
160.641162 0.006105  0.092272  -0.022629  0.998825  0.044818  0.018466  -0.044651  0.998959  -0.009325  -0.018864  0.008489  0.999786  0.000217  -0.002890  0.000767  0.000000  0.000000  0.000000  2.000000  
160.642408 0.006106  0.092270  -0.022628  0.998825  0.044818  0.018466  -0.044651  0.998959  -0.009325  -0.018864  0.008489  0.999786  0.000209  -0.002808  0.000851  0.000000  0.000000  0.000000  2.000000  
160.643661 0.006106  0.092267  -0.022627  0.998825  0.044820  0.018460  -0.044651  0.998958  -0.009446  -0.018864  0.008610  0.999785  0.000182  -0.002678  0.000918  0.000000  0.000000  0.000000  2.000000  
160.644661 0.006106  0.092264  -0.022627  0.998834  0.044614  0.018462  -0.044446  0.998967  -0.009442  -0.018864  0.008610  0.999785  0.000131  -0.002654  0.000883  0.000000  0.000000  0.000000  2.000000  
160.645908 0.006107  0.092261  -0.022626  0.998834  0.044614  0.018462  -0.044446  0.998967  -0.009442  -0.018864  0.008610  0.999785  0.000160  -0.002586  0.000888  0.000000  0.000000  0.000000  2.000000  
160.647160 0.006107  0.092259  -0.022626  0.998834  0.044616  0.018457  -0.044446  0.998966  -0.009563  -0.018864  0.008732  0.999784  0.000171  -0.002488  0.000844  0.000000  0.000000  0.000000  2.000000  
160.648164 0.006107  0.092257  -0.022625  0.998834  0.044616  0.018457  -0.044446  0.998966  -0.009563  -0.018864  0.008732  0.999784  0.000192  -0.002438  0.000856  0.000000  0.000000  0.000000  2.000000  
160.649166 0.006108  0.092255  -0.022626  0.998834  0.044616  0.018457  -0.044446  0.998966  -0.009563  -0.018864  0.008732  0.999784  0.000270  -0.002307  0.000817  0.000000  0.000000  0.000000  2.000000  
160.650422 0.006109  0.092253  -0.022625  0.998834  0.044616  0.018457  -0.044446  0.998966  -0.009563  -0.018864  0.008732  0.999784  0.000322  -0.002181  0.000751  0.000000  0.000000  0.000000  2.000000  
160.651680 0.006110  0.092251  -0.022625  0.998834  0.044619  0.018451  -0.044446  0.998965  -0.009684  -0.018864  0.008853  0.999783  0.000416  -0.002033  0.000666  0.000000  0.000000  0.000000  2.000000  
160.652910 0.006112  0.092250  -0.022625  0.998834  0.044619  0.018451  -0.044446  0.998965  -0.009684  -0.018864  0.008853  0.999783  0.000500  -0.001956  0.000576  0.000000  0.000000  0.000000  2.000000  
160.653914 0.006113  0.092249  -0.022625  0.998834  0.044619  0.018451  -0.044446  0.998965  -0.009684  -0.018864  0.008853  0.999783  0.000540  -0.001894  0.000461  0.000000  0.000000  0.000000  2.000000  
160.655160 0.006114  0.092248  -0.022625  0.998843  0.044413  0.018453  -0.044240  0.998974  -0.009681  -0.018864  0.008853  0.999783  0.000602  -0.001791  0.000405  0.000000  0.000000  0.000000  2.000000  
160.656422 0.006116  0.092247  -0.022624  0.998843  0.044415  0.018448  -0.044240  0.998973  -0.009802  -0.018864  0.008974  0.999782  0.000676  -0.001621  0.000351  0.000000  0.000000  0.000000  2.000000  
160.657658 0.006117  0.092246  -0.022624  0.998843  0.044415  0.018448  -0.044240  0.998973  -0.009802  -0.018864  0.008974  0.999782  0.000730  -0.001500  0.000286  0.000000  0.000000  0.000000  2.000000  
160.658911 0.006118  0.092246  -0.022623  0.998845  0.044416  0.018309  -0.044240  0.998972  -0.009917  -0.018731  0.009096  0.999783  0.000800  -0.001328  0.000237  0.000000  0.000000  0.000000  2.000000  
160.660157 0.006119  0.092245  -0.022623  0.998845  0.044416  0.018309  -0.044240  0.998972  -0.009917  -0.018731  0.009096  0.999783  0.000833  -0.001203  0.000251  0.000000  0.000000  0.000000  2.000000  
160.661176 0.006120  0.092245  -0.022623  0.998843  0.044417  0.018443  -0.044240  0.998972  -0.009923  -0.018864  0.009096  0.999781  0.000902  -0.001023  0.000234  0.000000  0.000000  0.000000  2.000000  
160.662407 0.006121  0.092244  -0.022622  0.998843  0.044420  0.018437  -0.044240  0.998970  -0.010044  -0.018864  0.009217  0.999780  0.000930  -0.000906  0.000253  0.000000  0.000000  0.000000  2.000000  
160.663661 0.006122  0.092244  -0.022622  0.998843  0.044420  0.018437  -0.044240  0.998970  -0.010044  -0.018864  0.009217  0.999780  0.000959  -0.000745  0.000257  0.000000  0.000000  0.000000  2.000000  
160.664663 0.006123  0.092244  -0.022622  0.998843  0.044420  0.018437  -0.044240  0.998970  -0.010044  -0.018864  0.009217  0.999780  0.000981  -0.000671  0.000220  0.000000  0.000000  0.000000  2.000000  
160.665913 0.006124  0.092244  -0.022622  0.998845  0.044418  0.018304  -0.044240  0.998970  -0.010038  -0.018731  0.009217  0.999782  0.001014  -0.000544  0.000235  0.000000  0.000000  0.000000  2.000000  
160.667161 0.006126  0.092243  -0.022622  0.998845  0.044418  0.018304  -0.044240  0.998970  -0.010038  -0.018731  0.009217  0.999782  0.000988  -0.000510  0.000224  0.000000  0.000000  0.000000  2.000000  
160.668413 0.006127  0.092243  -0.022621  0.998845  0.044418  0.018304  -0.044240  0.998970  -0.010038  -0.018731  0.009217  0.999782  0.000990  -0.000411  0.000219  0.000000  0.000000  0.000000  2.000000  
160.669415 0.006127  0.092242  -0.022621  0.998845  0.044418  0.018304  -0.044240  0.998970  -0.010038  -0.018731  0.009217  0.999782  0.000930  -0.000386  0.000224  0.000000  0.000000  0.000000  2.000000  
160.670418 0.006128  0.092242  -0.022622  0.998854  0.044213  0.018306  -0.044034  0.998980  -0.010034  -0.018731  0.009217  0.999782  0.000863  -0.000395  0.000174  0.000000  0.000000  0.000000  2.000000  
160.671660 0.006128  0.092240  -0.022621  0.998854  0.044213  0.018306  -0.044034  0.998980  -0.010034  -0.018731  0.009217  0.999782  0.000822  -0.000420  0.000194  0.000000  0.000000  0.000000  2.000000  
160.672907 0.006128  0.092239  -0.022620  0.998854  0.044213  0.018306  -0.044034  0.998980  -0.010034  -0.018731  0.009217  0.999782  0.000768  -0.000437  0.000211  0.000000  0.000000  0.000000  2.000000  
160.673910 0.006129  0.092239  -0.022620  0.998854  0.044215  0.018300  -0.044034  0.998978  -0.010156  -0.018731  0.009338  0.999781  0.000697  -0.000486  0.000213  0.000000  0.000000  0.000000  2.000000  
160.675156 0.006129  0.092238  -0.022619  0.998854  0.044215  0.018300  -0.044034  0.998978  -0.010156  -0.018731  0.009338  0.999781  0.000646  -0.000486  0.000225  0.000000  0.000000  0.000000  2.000000  
160.676156 0.006129  0.092238  -0.022618  0.998854  0.044215  0.018300  -0.044034  0.998978  -0.010156  -0.018731  0.009338  0.999781  0.000628  -0.000482  0.000304  0.000000  0.000000  0.000000  2.000000  
160.677161 0.006129  0.092237  -0.022617  0.998854  0.044215  0.018300  -0.044034  0.998978  -0.010156  -0.018731  0.009338  0.999781  0.000577  -0.000464  0.000314  0.000000  0.000000  0.000000  2.000000  
160.678161 0.006130  0.092237  -0.022617  0.998854  0.044215  0.018300  -0.044034  0.998978  -0.010156  -0.018731  0.009338  0.999781  0.000495  -0.000513  0.000355  0.000000  0.000000  0.000000  2.000000  
160.679414 0.006130  0.092236  -0.022616  0.998863  0.044009  0.018302  -0.043829  0.998987  -0.010152  -0.018731  0.009338  0.999781  0.000437  -0.000526  0.000409  0.000000  0.000000  0.000000  2.000000  
160.680665 0.006130  0.092236  -0.022615  0.998863  0.044009  0.018302  -0.043829  0.998987  -0.010152  -0.018731  0.009338  0.999781  0.000352  -0.000559  0.000449  0.000000  0.000000  0.000000  2.000000  
160.681910 0.006130  0.092235  -0.022614  0.998866  0.044008  0.018169  -0.043829  0.998988  -0.010146  -0.018597  0.009338  0.999783  0.000296  -0.000572  0.000501  0.000000  0.000000  0.000000  2.000000  
160.682913 0.006130  0.092235  -0.022613  0.998866  0.044008  0.018169  -0.043829  0.998988  -0.010146  -0.018597  0.009338  0.999783  0.000272  -0.000552  0.000582  0.000000  0.000000  0.000000  2.000000  
160.683914 0.006131  0.092234  -0.022613  0.998866  0.044008  0.018169  -0.043829  0.998988  -0.010146  -0.018597  0.009338  0.999783  0.000240  -0.000578  0.000562  0.000000  0.000000  0.000000  2.000000  
160.685161 0.006130  0.092233  -0.022612  0.998875  0.043802  0.018171  -0.043623  0.998997  -0.010142  -0.018597  0.009338  0.999783  0.000186  -0.000591  0.000613  0.000000  0.000000  0.000000  2.000000  
160.686425 0.006130  0.092232  -0.022612  0.998875  0.043802  0.018171  -0.043623  0.998997  -0.010142  -0.018597  0.009338  0.999783  0.000138  -0.000600  0.000635  0.000000  0.000000  0.000000  2.000000  
160.687661 0.006130  0.092230  -0.022612  0.998875  0.043802  0.018171  -0.043623  0.998997  -0.010142  -0.018597  0.009338  0.999783  0.000117  -0.000628  0.000577  0.000000  0.000000  0.000000  2.000000  
160.688661 0.006130  0.092229  -0.022611  0.998875  0.043802  0.018171  -0.043623  0.998997  -0.010142  -0.018597  0.009338  0.999783  0.000075  -0.000652  0.000597  0.000000  0.000000  0.000000  2.000000  
160.689907 0.006130  0.092228  -0.022611  0.998875  0.043802  0.018171  -0.043623  0.998997  -0.010142  -0.018597  0.009338  0.999783  0.000093  -0.000668  0.000556  0.000000  0.000000  0.000000  2.000000  
160.690910 0.006131  0.092227  -0.022611  0.998875  0.043802  0.018171  -0.043623  0.998997  -0.010142  -0.018597  0.009338  0.999783  0.000083  -0.000709  0.000466  0.000000  0.000000  0.000000  2.000000  
160.691912 0.006131  0.092226  -0.022611  0.998884  0.043597  0.018173  -0.043418  0.999006  -0.010138  -0.018597  0.009338  0.999783  0.000112  -0.000761  0.000442  0.000000  0.000000  0.000000  2.000000  
160.693156 0.006131  0.092225  -0.022611  0.998884  0.043597  0.018173  -0.043418  0.999006  -0.010138  -0.018597  0.009338  0.999783  0.000120  -0.000751  0.000395  0.000000  0.000000  0.000000  2.000000  
160.694158 0.006132  0.092224  -0.022611  0.998884  0.043597  0.018173  -0.043418  0.999006  -0.010138  -0.018597  0.009338  0.999783  0.000159  -0.000803  0.000332  0.000000  0.000000  0.000000  2.000000  
160.695160 0.006133  0.092224  -0.022611  0.998884  0.043597  0.018173  -0.043418  0.999006  -0.010138  -0.018597  0.009338  0.999783  0.000202  -0.000792  0.000317  0.000000  0.000000  0.000000  2.000000  
160.696422 0.006133  0.092223  -0.022611  0.998884  0.043597  0.018173  -0.043418  0.999006  -0.010138  -0.018597  0.009338  0.999783  0.000241  -0.000822  0.000205  0.000000  0.000000  0.000000  2.000000  
160.697664 0.006134  0.092222  -0.022611  0.998884  0.043597  0.018173  -0.043418  0.999006  -0.010138  -0.018597  0.009338  0.999783  0.000226  -0.000884  0.000198  0.000000  0.000000  0.000000  2.000000  
160.698911 0.006135  0.092221  -0.022611  0.998884  0.043597  0.018173  -0.043418  0.999006  -0.010138  -0.018597  0.009338  0.999783  0.000276  -0.000862  0.000139  0.000000  0.000000  0.000000  2.000000  
160.699911 0.006135  0.092220  -0.022611  0.998886  0.043596  0.018039  -0.043418  0.999006  -0.010133  -0.018463  0.009338  0.999786  0.000331  -0.000854  0.000080  0.000000  0.000000  0.000000  2.000000  
160.700914 0.006136  0.092219  -0.022611  0.998886  0.043596  0.018039  -0.043418  0.999006  -0.010133  -0.018463  0.009338  0.999786  0.000392  -0.000857  0.000028  0.000000  0.000000  0.000000  2.000000  
160.702161 0.006136  0.092218  -0.022612  0.998895  0.043390  0.018041  -0.043212  0.999015  -0.010129  -0.018463  0.009338  0.999786  0.000405  -0.000870  -0.000004  0.000000  0.000000  0.000000  2.000000  
160.703422 0.006137  0.092217  -0.022612  0.998895  0.043390  0.018041  -0.043212  0.999015  -0.010129  -0.018463  0.009338  0.999786  0.000494  -0.000835  -0.000046  0.000000  0.000000  0.000000  2.000000  
160.704661 0.006138  0.092216  -0.022612  0.998895  0.043388  0.018047  -0.043212  0.999016  -0.010008  -0.018463  0.009217  0.999787  0.000504  -0.000837  -0.000085  0.000000  0.000000  0.000000  2.000000  
160.705908 0.006138  0.092214  -0.022613  0.998895  0.043388  0.018047  -0.043212  0.999016  -0.010008  -0.018463  0.009217  0.999787  0.000515  -0.000850  -0.000116  0.000000  0.000000  0.000000  2.000000  
160.707156 0.006139  0.092214  -0.022613  0.998895  0.043388  0.018047  -0.043212  0.999016  -0.010008  -0.018463  0.009217  0.999787  0.000515  -0.000827  -0.000163  0.000000  0.000000  0.000000  2.000000  
160.708163 0.006140  0.092213  -0.022613  0.998898  0.043386  0.017913  -0.043212  0.999016  -0.010002  -0.018329  0.009217  0.999790  0.000564  -0.000817  -0.000186  0.000000  0.000000  0.000000  2.000000  
160.709410 0.006140  0.092212  -0.022614  0.998898  0.043386  0.017913  -0.043212  0.999016  -0.010002  -0.018329  0.009217  0.999790  0.000524  -0.000829  -0.000202  0.000000  0.000000  0.000000  2.000000  
160.710413 0.006141  0.092211  -0.022614  0.998898  0.043386  0.017913  -0.043212  0.999016  -0.010002  -0.018329  0.009217  0.999790  0.000564  -0.000817  -0.000186  0.000000  0.000000  0.000000  2.000000  
160.711660 0.006142  0.092210  -0.022614  0.998898  0.043386  0.017913  -0.043212  0.999016  -0.010002  -0.018329  0.009217  0.999790  0.000565  -0.000817  -0.000186  0.000000  0.000000  0.000000  2.000000  
160.712909 0.006142  0.092209  -0.022614  0.998898  0.043384  0.017918  -0.043212  0.999017  -0.009881  -0.018329  0.009096  0.999791  0.000544  -0.000856  -0.000234  0.000000  0.000000  0.000000  2.000000  
160.713928 0.006142  0.092208  -0.022615  0.998898  0.043384  0.017918  -0.043212  0.999017  -0.009881  -0.018329  0.009096  0.999791  0.000511  -0.000871  -0.000264  0.000000  0.000000  0.000000  2.000000  
160.715162 0.006143  0.092207  -0.022614  0.998900  0.043383  0.017785  -0.043212  0.999017  -0.009875  -0.018196  0.009096  0.999793  0.000502  -0.000870  -0.000225  0.000000  0.000000  0.000000  2.000000  
160.716173 0.006143  0.092206  -0.022614  0.998900  0.043383  0.017785  -0.043212  0.999017  -0.009875  -0.018196  0.009096  0.999793  0.000482  -0.000842  -0.000192  0.000000  0.000000  0.000000  2.000000  
160.717412 0.006144  0.092205  -0.022614  0.998900  0.043383  0.017785  -0.043212  0.999017  -0.009875  -0.018196  0.009096  0.999793  0.000484  -0.000854  -0.000182  0.000000  0.000000  0.000000  2.000000  
160.718416 0.006144  0.092204  -0.022614  0.998900  0.043383  0.017785  -0.043212  0.999017  -0.009875  -0.018196  0.009096  0.999793  0.000465  -0.000827  -0.000150  0.000000  0.000000  0.000000  2.000000  
160.719658 0.006144  0.092203  -0.022614  0.998903  0.043382  0.017651  -0.043212  0.999017  -0.009869  -0.018062  0.009096  0.999795  0.000455  -0.000825  -0.000111  0.000000  0.000000  0.000000  2.000000  
160.720660 0.006145  0.092202  -0.022614  0.998903  0.043382  0.017651  -0.043212  0.999017  -0.009869  -0.018062  0.009096  0.999795  0.000455  -0.000825  -0.000111  0.000000  0.000000  0.000000  2.000000  
160.721910 0.006145  0.092202  -0.022614  0.998903  0.043382  0.017651  -0.043212  0.999017  -0.009869  -0.018062  0.009096  0.999795  0.000433  -0.000810  -0.000041  0.000000  0.000000  0.000000  2.000000  
160.722910 0.006146  0.092201  -0.022614  0.998903  0.043382  0.017651  -0.043212  0.999017  -0.009869  -0.018062  0.009096  0.999795  0.000424  -0.000786  -0.000048  0.000000  0.000000  0.000000  2.000000  
160.724164 0.006146  0.092201  -0.022614  0.998905  0.043381  0.017517  -0.043213  0.999017  -0.009863  -0.017928  0.009096  0.999798  0.000414  -0.000783  -0.000008  0.000000  0.000000  0.000000  2.000000  
160.725413 0.006147  0.092200  -0.022614  0.998905  0.043381  0.017517  -0.043213  0.999017  -0.009863  -0.017928  0.009096  0.999798  0.000357  -0.000770  0.000004  0.000000  0.000000  0.000000  2.000000  
160.726423 0.006147  0.092199  -0.022613  0.998905  0.043381  0.017517  -0.043213  0.999017  -0.009863  -0.017928  0.009096  0.999798  0.000343  -0.000755  0.000036  0.000000  0.000000  0.000000  2.000000  
160.727661 0.006147  0.092198  -0.022613  0.998907  0.043379  0.017384  -0.043213  0.999017  -0.009858  -0.017794  0.009096  0.999800  0.000324  -0.000729  0.000068  0.000000  0.000000  0.000000  2.000000  
160.728661 0.006147  0.092198  -0.022614  0.998907  0.043379  0.017384  -0.043213  0.999017  -0.009858  -0.017794  0.009096  0.999800  0.000346  -0.000679  0.000080  0.000000  0.000000  0.000000  2.000000  
160.729907 0.006148  0.092197  -0.022613  0.998907  0.043379  0.017384  -0.043213  0.999017  -0.009858  -0.017794  0.009096  0.999800  0.000340  -0.000667  0.000079  0.000000  0.000000  0.000000  2.000000  
160.730914 0.006148  0.092197  -0.022613  0.998907  0.043379  0.017384  -0.043213  0.999017  -0.009858  -0.017794  0.009096  0.999800  0.000320  -0.000618  0.000063  0.000000  0.000000  0.000000  2.000000  
160.732161 0.006149  0.092197  -0.022613  0.998910  0.043378  0.017250  -0.043213  0.999017  -0.009852  -0.017661  0.009096  0.999803  0.000338  -0.000576  0.000116  0.000000  0.000000  0.000000  2.000000  
160.733163 0.006149  0.092196  -0.022613  0.998910  0.043378  0.017250  -0.043213  0.999017  -0.009852  -0.017661  0.009096  0.999803  0.000328  -0.000551  0.000108  0.000000  0.000000  0.000000  2.000000  
160.734418 0.006150  0.092196  -0.022612  0.998912  0.043377  0.017116  -0.043213  0.999017  -0.009846  -0.017527  0.009096  0.999805  0.000349  -0.000499  0.000119  0.000000  0.000000  0.000000  2.000000  
160.735661 0.006150  0.092195  -0.022612  0.998903  0.043583  0.017114  -0.043418  0.999008  -0.009850  -0.017527  0.009096  0.999805  0.000320  -0.000448  0.000143  0.000000  0.000000  0.000000  2.000000  
160.736663 0.006150  0.092195  -0.022612  0.998906  0.043581  0.016981  -0.043419  0.999008  -0.009844  -0.017393  0.009096  0.999807  0.000361  -0.000424  0.000123  0.000000  0.000000  0.000000  2.000000  
160.737911 0.006151  0.092195  -0.022612  0.998906  0.043581  0.016981  -0.043419  0.999008  -0.009844  -0.017393  0.009096  0.999807  0.000342  -0.000397  0.000155  0.000000  0.000000  0.000000  2.000000  
160.738913 0.006151  0.092195  -0.022612  0.998906  0.043583  0.016975  -0.043419  0.999007  -0.009965  -0.017393  0.009217  0.999806  0.000332  -0.000372  0.000147  0.000000  0.000000  0.000000  2.000000  
160.739915 0.006152  0.092195  -0.022611  0.998908  0.043582  0.016842  -0.043419  0.999007  -0.009959  -0.017259  0.009217  0.999809  0.000353  -0.000321  0.000158  0.000000  0.000000  0.000000  2.000000  
160.741156 0.006152  0.092195  -0.022611  0.998908  0.043582  0.016842  -0.043419  0.999007  -0.009959  -0.017259  0.009217  0.999809  0.000344  -0.000297  0.000151  0.000000  0.000000  0.000000  2.000000  
160.742161 0.006152  0.092195  -0.022611  0.998910  0.043581  0.016708  -0.043419  0.999007  -0.009953  -0.017125  0.009217  0.999811  0.000365  -0.000245  0.000162  0.000000  0.000000  0.000000  2.000000  
160.743410 0.006153  0.092195  -0.022611  0.998910  0.043581  0.016708  -0.043419  0.999007  -0.009953  -0.017125  0.009217  0.999811  0.000387  -0.000194  0.000173  0.000000  0.000000  0.000000  2.000000  
160.744660 0.006154  0.092196  -0.022611  0.998912  0.043580  0.016575  -0.043419  0.999007  -0.009948  -0.016992  0.009217  0.999813  0.000399  -0.000118  0.000177  0.000000  0.000000  0.000000  2.000000  
160.745906 0.006154  0.092195  -0.022611  0.998912  0.043580  0.016575  -0.043419  0.999007  -0.009948  -0.016992  0.009217  0.999813  0.000392  -0.000116  0.000174  0.000000  0.000000  0.000000  2.000000  
160.746908 0.006154  0.092196  -0.022610  0.998915  0.043579  0.016441  -0.043419  0.999007  -0.009942  -0.016858  0.009217  0.999815  0.000373  -0.000067  0.000159  0.000000  0.000000  0.000000  2.000000  
160.747914 0.006155  0.092196  -0.022611  0.998915  0.043579  0.016441  -0.043419  0.999007  -0.009942  -0.016858  0.009217  0.999815  0.000410  -0.000019  0.000133  0.000000  0.000000  0.000000  2.000000  
160.749163 0.006156  0.092196  -0.022610  0.998917  0.043577  0.016307  -0.043419  0.999008  -0.009936  -0.016724  0.009217  0.999818  0.000432  0.000032  0.000144  0.000000  0.000000  0.000000  2.000000  
160.750418 0.006156  0.092197  -0.022610  0.998917  0.043577  0.016307  -0.043419  0.999008  -0.009936  -0.016724  0.009217  0.999818  0.000453  0.000083  0.000156  0.000000  0.000000  0.000000  2.000000  
160.751661 0.006157  0.092197  -0.022609  0.998910  0.043782  0.016172  -0.043625  0.998999  -0.009933  -0.016590  0.009217  0.999820  0.000458  0.000133  0.000204  0.000000  0.000000  0.000000  2.000000  
160.752911 0.006158  0.092197  -0.022609  0.998910  0.043782  0.016172  -0.043625  0.998999  -0.009933  -0.016590  0.009217  0.999820  0.000475  0.000134  0.000167  0.000000  0.000000  0.000000  2.000000  
160.753913 0.006159  0.092198  -0.022609  0.998912  0.043781  0.016038  -0.043625  0.998999  -0.009928  -0.016456  0.009217  0.999822  0.000519  0.000207  0.000195  0.000000  0.000000  0.000000  2.000000  
160.755160 0.006160  0.092199  -0.022608  0.998912  0.043781  0.016038  -0.043625  0.998999  -0.009928  -0.016456  0.009217  0.999822  0.000550  0.000262  0.000209  0.000000  0.000000  0.000000  2.000000  
160.756422 0.006161  0.092199  -0.022608  0.998915  0.043779  0.015904  -0.043625  0.998999  -0.009922  -0.016323  0.009217  0.999824  0.000590  0.000286  0.000188  0.000000  0.000000  0.000000  2.000000  
160.757663 0.006162  0.092200  -0.022607  0.998915  0.043779  0.015904  -0.043625  0.998999  -0.009922  -0.016323  0.009217  0.999824  0.000634  0.000365  0.000259  0.000000  0.000000  0.000000  2.000000  
160.758909 0.006163  0.092200  -0.022607  0.998917  0.043778  0.015771  -0.043625  0.998999  -0.009916  -0.016189  0.009217  0.999826  0.000674  0.000359  0.000242  0.000000  0.000000  0.000000  2.000000  
160.759911 0.006164  0.092201  -0.022607  0.998917  0.043778  0.015771  -0.043625  0.998999  -0.009916  -0.016189  0.009217  0.999826  0.000707  0.000415  0.000258  0.000000  0.000000  0.000000  2.000000  
160.761157 0.006165  0.092202  -0.022607  0.998919  0.043775  0.015642  -0.043625  0.999000  -0.009789  -0.016055  0.009096  0.999830  0.000736  0.000433  0.000233  0.000000  0.000000  0.000000  2.000000  
160.762421 0.006167  0.092203  -0.022606  0.998919  0.043775  0.015642  -0.043625  0.999000  -0.009789  -0.016055  0.009096  0.999830  0.000820  0.000467  0.000284  0.000000  0.000000  0.000000  2.000000  
160.763660 0.006169  0.092204  -0.022606  0.998912  0.043979  0.015507  -0.043831  0.998991  -0.009786  -0.015921  0.009096  0.999832  0.000893  0.000518  0.000283  0.000000  0.000000  0.000000  2.000000  
160.764664 0.006170  0.092205  -0.022606  0.998912  0.043979  0.015507  -0.043831  0.998991  -0.009786  -0.015921  0.009096  0.999832  0.000935  0.000542  0.000262  0.000000  0.000000  0.000000  2.000000  
160.765916 0.006172  0.092205  -0.022605  0.998914  0.043978  0.015373  -0.043831  0.998991  -0.009780  -0.015788  0.009096  0.999834  0.001017  0.000567  0.000268  0.000000  0.000000  0.000000  2.000000  
160.767162 0.006174  0.092206  -0.022605  0.998914  0.043978  0.015373  -0.043831  0.998991  -0.009780  -0.015788  0.009096  0.999834  0.001048  0.000593  0.000288  0.000000  0.000000  0.000000  2.000000  
160.768163 0.006175  0.092207  -0.022605  0.998914  0.043978  0.015373  -0.043831  0.998991  -0.009780  -0.015788  0.009096  0.999834  0.001131  0.000619  0.000294  0.000000  0.000000  0.000000  2.000000  
160.769413 0.006177  0.092208  -0.022604  0.998916  0.043977  0.015239  -0.043831  0.998991  -0.009775  -0.015654  0.009096  0.999836  0.001194  0.000634  0.000296  0.000000  0.000000  0.000000  2.000000  
160.770422 0.006179  0.092209  -0.022604  0.998907  0.044183  0.015237  -0.044037  0.998982  -0.009778  -0.015654  0.009096  0.999836  0.001285  0.000694  0.000299  0.000000  0.000000  0.000000  2.000000  
160.771661 0.006181  0.092209  -0.022603  0.998907  0.044183  0.015237  -0.044037  0.998982  -0.009778  -0.015654  0.009096  0.999836  0.001337  0.000671  0.000335  0.000000  0.000000  0.000000  2.000000  
160.772907 0.006183  0.092210  -0.022603  0.998909  0.044180  0.015109  -0.044037  0.998983  -0.009651  -0.015520  0.008975  0.999839  0.001406  0.000683  0.000296  0.000000  0.000000  0.000000  2.000000  
160.773910 0.006185  0.092211  -0.022602  0.998909  0.044180  0.015109  -0.044037  0.998983  -0.009651  -0.015520  0.008975  0.999839  0.001502  0.000722  0.000348  0.000000  0.000000  0.000000  2.000000  
160.774911 0.006187  0.092212  -0.022602  0.998909  0.044180  0.015109  -0.044037  0.998983  -0.009651  -0.015520  0.008975  0.999839  0.001537  0.000685  0.000337  0.000000  0.000000  0.000000  2.000000  
160.775915 0.006189  0.092213  -0.022601  0.998909  0.044180  0.015109  -0.044037  0.998983  -0.009651  -0.015520  0.008975  0.999839  0.001635  0.000724  0.000389  0.000000  0.000000  0.000000  2.000000  
160.777158 0.006192  0.092213  -0.022601  0.998902  0.044384  0.014973  -0.044243  0.998974  -0.009648  -0.015386  0.008975  0.999841  0.001698  0.000699  0.000385  0.000000  0.000000  0.000000  2.000000  
160.778161 0.006194  0.092214  -0.022601  0.998902  0.044384  0.014973  -0.044243  0.998974  -0.009648  -0.015386  0.008975  0.999841  0.001757  0.000673  0.000380  0.000000  0.000000  0.000000  2.000000  
160.779415 0.006197  0.092215  -0.022600  0.998902  0.044384  0.014973  -0.044243  0.998974  -0.009648  -0.015386  0.008975  0.999841  0.001859  0.000686  0.000368  0.000000  0.000000  0.000000  2.000000  
160.780664 0.006200  0.092215  -0.022600  0.998902  0.044382  0.014979  -0.044243  0.998975  -0.009527  -0.015386  0.008854  0.999842  0.001920  0.000623  0.000398  0.000000  0.000000  0.000000  2.000000  
160.781912 0.006203  0.092215  -0.022599  0.998895  0.044587  0.014843  -0.044448  0.998966  -0.009524  -0.015252  0.008854  0.999844  0.002012  0.000624  0.000412  0.000000  0.000000  0.000000  2.000000  
160.782913 0.006206  0.092216  -0.022598  0.998895  0.044587  0.014843  -0.044448  0.998966  -0.009524  -0.015252  0.008854  0.999844  0.002064  0.000600  0.000447  0.000000  0.000000  0.000000  2.000000  
160.783914 0.006208  0.092216  -0.022598  0.998895  0.044587  0.014843  -0.044448  0.998966  -0.009524  -0.015252  0.008854  0.999844  0.002149  0.000540  0.000430  0.000000  0.000000  0.000000  2.000000  
160.785160 0.006212  0.092216  -0.022597  0.998886  0.044792  0.014841  -0.044654  0.998957  -0.009527  -0.015252  0.008854  0.999844  0.002200  0.000517  0.000465  0.000000  0.000000  0.000000  2.000000  
160.786161 0.006214  0.092216  -0.022596  0.998886  0.044791  0.014847  -0.044654  0.998958  -0.009406  -0.015252  0.008732  0.999846  0.002266  0.000450  0.000496  0.000000  0.000000  0.000000  2.000000  
160.787163 0.006217  0.092216  -0.022595  0.998877  0.044996  0.014845  -0.044860  0.998949  -0.009409  -0.015252  0.008732  0.999846  0.002327  0.000425  0.000491  0.000000  0.000000  0.000000  2.000000  
160.788413 0.006221  0.092217  -0.022594  0.998879  0.044995  0.014711  -0.044860  0.998949  -0.009403  -0.015119  0.008732  0.999848  0.002418  0.000402  0.000554  0.000000  0.000000  0.000000  2.000000  
160.789659 0.006225  0.092217  -0.022593  0.998870  0.045201  0.014709  -0.045065  0.998940  -0.009406  -0.015119  0.008732  0.999848  0.002530  0.000349  0.000601  0.000000  0.000000  0.000000  2.000000  
160.790660 0.006227  0.092216  -0.022592  0.998870  0.045199  0.014715  -0.045065  0.998941  -0.009285  -0.015119  0.008611  0.999849  0.002571  0.000254  0.000616  0.000000  0.000000  0.000000  2.000000  
160.791908 0.006231  0.092216  -0.022591  0.998860  0.045405  0.014713  -0.045271  0.998932  -0.009288  -0.015119  0.008611  0.999849  0.002660  0.000229  0.000694  0.000000  0.000000  0.000000  2.000000  
160.793162 0.006235  0.092216  -0.022589  0.998851  0.045610  0.014711  -0.045477  0.998922  -0.009291  -0.015119  0.008611  0.999849  0.002735  0.000158  0.000729  0.000000  0.000000  0.000000  2.000000  
160.794420 0.006240  0.092215  -0.022588  0.998842  0.045814  0.014714  -0.045682  0.998914  -0.009173  -0.015119  0.008490  0.999850  0.002813  0.000059  0.000787  0.000000  0.000000  0.000000  2.000000  
160.795658 0.006244  0.092215  -0.022586  0.998834  0.046019  0.014579  -0.045888  0.998905  -0.009169  -0.014985  0.008490  0.999852  0.002910  0.000013  0.000871  0.000000  0.000000  0.000000  2.000000  
160.796658 0.006247  0.092214  -0.022585  0.998825  0.046224  0.014577  -0.046094  0.998895  -0.009172  -0.014985  0.008490  0.999852  0.002989  -0.000084  0.000929  0.000000  0.000000  0.000000  2.000000  
160.797663 0.006251  0.092213  -0.022584  0.998825  0.046222  0.014583  -0.046094  0.998896  -0.009051  -0.014985  0.008368  0.999853  0.003058  -0.000156  0.000979  0.000000  0.000000  0.000000  2.000000  
160.798918 0.006256  0.092212  -0.022582  0.998806  0.046634  0.014579  -0.046505  0.998877  -0.009057  -0.014985  0.008368  0.999853  0.003189  -0.000257  0.001054  0.000000  0.000000  0.000000  2.000000  
160.800158 0.006260  0.092211  -0.022580  0.998796  0.046839  0.014577  -0.046710  0.998867  -0.009060  -0.014985  0.008368  0.999853  0.003258  -0.000349  0.001121  0.000000  0.000000  0.000000  2.000000  
160.801182 0.006265  0.092210  -0.022578  0.998786  0.047043  0.014581  -0.046916  0.998859  -0.008942  -0.014985  0.008247  0.999854  0.003392  -0.000430  0.001151  0.000000  0.000000  0.000000  2.000000  
160.802424 0.006270  0.092209  -0.022576  0.998777  0.047249  0.014579  -0.047122  0.998849  -0.008945  -0.014985  0.008247  0.999854  0.003481  -0.000553  0.001217  0.000000  0.000000  0.000000  2.000000  
160.803663 0.006275  0.092207  -0.022575  0.998757  0.047658  0.014581  -0.047533  0.998831  -0.008830  -0.014985  0.008126  0.999855  0.003615  -0.000653  0.001264  0.000000  0.000000  0.000000  2.000000  
160.804912 0.006281  0.092205  -0.022572  0.998740  0.048069  0.014444  -0.047944  0.998811  -0.008830  -0.014851  0.008126  0.999857  0.003715  -0.000801  0.001339  0.000000  0.000000  0.000000  2.000000  
160.806156 0.006287  0.092203  -0.022570  0.998720  0.048478  0.014446  -0.048355  0.998792  -0.008714  -0.014851  0.008005  0.999858  0.003834  -0.000932  0.001444  0.000000  0.000000  0.000000  2.000000  
160.807165 0.006292  0.092201  -0.022568  0.998710  0.048684  0.014444  -0.048561  0.998782  -0.008717  -0.014851  0.008005  0.999858  0.003969  -0.001021  0.001519  0.000000  0.000000  0.000000  2.000000  
160.808407 0.006298  0.092199  -0.022565  0.998690  0.049093  0.014447  -0.048972  0.998763  -0.008602  -0.014851  0.007883  0.999859  0.004135  -0.001126  0.001562  0.000000  0.000000  0.000000  2.000000  
160.809411 0.006304  0.092197  -0.022563  0.998669  0.049504  0.014443  -0.049384  0.998743  -0.008608  -0.014851  0.007883  0.999859  0.004267  -0.001247  0.001656  0.033800  0.019288  0.171409  2.000000  
160.810656 0.006310  0.092194  -0.022560  0.998649  0.049916  0.014440  -0.049795  0.998722  -0.008614  -0.014851  0.007883  0.999859  0.004404  -0.001392  0.001755  0.029552  0.019395  0.185155  2.000000  
160.811658 0.006315  0.092191  -0.022558  0.998628  0.050325  0.014442  -0.050206  0.998703  -0.008499  -0.014851  0.007762  0.999860  0.004543  -0.001514  0.001809  0.033499  0.014977  0.192019  2.000000  
160.812658 0.006321  0.092189  -0.022555  0.998608  0.050736  0.014439  -0.050617  0.998682  -0.008505  -0.014851  0.007762  0.999860  0.004705  -0.001609  0.001921  0.033297  0.015093  0.205773  2.000000  
160.813661 0.006327  0.092186  -0.022553  0.998587  0.051146  0.014441  -0.051028  0.998662  -0.008390  -0.014851  0.007641  0.999861  0.004845  -0.001764  0.001954  0.037442  0.015319  0.221314  2.000000  
160.814664 0.006334  0.092184  -0.022550  0.998566  0.051557  0.014438  -0.051439  0.998641  -0.008396  -0.014851  0.007641  0.999861  0.005005  -0.001859  0.002066  0.037329  0.015373  0.228184  2.000000  
160.815919 0.006341  0.092180  -0.022547  0.998534  0.052174  0.014433  -0.052056  0.998609  -0.008404  -0.014851  0.007641  0.999861  0.005183  -0.002062  0.002147  0.032937  0.015527  0.248911  2.000000  
160.817161 0.006350  0.092176  -0.022544  0.998491  0.052994  0.014432  -0.052878  0.998567  -0.008295  -0.014851  0.007520  0.999861  0.005427  -0.002211  0.002224  0.036407  0.015555  0.267507  2.000000  
160.818423 0.006358  0.092172  -0.022541  0.998458  0.053611  0.014427  -0.053495  0.998534  -0.008304  -0.014851  0.007520  0.999861  0.005622  -0.002381  0.002318  0.036404  0.011352  0.290429  2.000000  
160.819683 0.006368  0.092167  -0.022537  0.998413  0.054431  0.014427  -0.054317  0.998490  -0.008195  -0.014851  0.007398  0.999862  0.005871  -0.002554  0.002401  0.040149  0.011497  0.311027  2.000000  
160.820911 0.006377  0.092162  -0.022533  0.998368  0.055254  0.014420  -0.055139  0.998445  -0.008207  -0.014851  0.007398  0.999862  0.006110  -0.002783  0.002478  0.035789  0.011651  0.331989  2.000000  
