1-Time 2-Px 3-Py 4-Pz 5-R11 6-R21 7-R31 8-R12 9-R22 10-R32 11-R13 12-R23 13-R33 14-Vx 15-Vy 16-Vz 17-Wx 18-Wy 19-Wz 20-state 21-PR11 22-PR21 23-PR31 24-PR12 25-PR22 26-PR32 27-PR13 28-PR23 29-PR33 
238.306982 0.005054  0.093410  -0.029980  0.997660  0.056026  -0.039177  -0.056749  0.998234  -0.017574  0.038123  0.019756  0.999078  0.000010  -0.000024  0.000006  0.000000  0.000000  0.000000  2.000000  
238.307985 0.005054  0.093410  -0.029980  0.997655  0.056024  -0.039311  -0.056748  0.998234  -0.017566  0.038257  0.019756  0.999073  0.000000  0.000000  0.000000  0.000000  0.000000  0.000000  2.000000  
238.309237 0.005055  0.093409  -0.029981  0.997632  0.056435  -0.039318  -0.057159  0.998211  -0.017550  0.038257  0.019756  0.999073  0.000038  -0.000074  -0.000022  0.000000  0.000000  0.000000  2.000000  
238.310490 0.005055  0.093407  -0.029981  0.997615  0.056637  -0.039455  -0.057364  0.998199  -0.017534  0.038391  0.019756  0.999067  0.000045  -0.000173  -0.000063  0.000000  0.000000  0.000000  2.000000  
238.311739 0.005056  0.093406  -0.029982  0.997598  0.056840  -0.039592  -0.057569  0.998188  -0.017518  0.038524  0.019755  0.999062  0.000094  -0.000271  -0.000078  0.000000  0.000000  0.000000  2.000000  
238.312740 0.005057  0.093405  -0.029982  0.997586  0.057041  -0.039602  -0.057775  0.998174  -0.017631  0.038524  0.019877  0.999060  0.000163  -0.000319  -0.000082  0.000000  0.000000  0.000000  2.000000  
238.313741 0.005058  0.093404  -0.029982  0.997569  0.057244  -0.039740  -0.057980  0.998162  -0.017615  0.038658  0.019877  0.999055  0.000243  -0.000391  -0.000079  0.000000  0.000000  0.000000  2.000000  
238.314993 0.005059  0.093403  -0.029982  0.997535  0.057650  -0.040014  -0.058390  0.998139  -0.017583  0.038926  0.019876  0.999044  0.000330  -0.000464  -0.000118  0.000000  0.000000  0.000000  2.000000  
238.316238 0.005061  0.093401  -0.029983  0.997505  0.058053  -0.040161  -0.058800  0.998113  -0.017680  0.039059  0.019997  0.999037  0.000436  -0.000563  -0.000192  0.000000  0.000000  0.000000  2.000000  
238.317239 0.005061  0.093400  -0.029984  0.997471  0.058459  -0.040436  -0.059210  0.998090  -0.017648  0.039327  0.019997  0.999026  0.000492  -0.000661  -0.000249  0.000000  0.000000  0.000000  2.000000  
238.318493 0.005062  0.093399  -0.029986  0.997441  0.058867  -0.040576  -0.059621  0.998066  -0.017623  0.039460  0.019997  0.999021  0.000553  -0.000737  -0.000396  0.000000  0.000000  0.000000  2.000000  
238.319739 0.005063  0.093398  -0.029989  0.997406  0.059273  -0.040850  -0.060031  0.998042  -0.017590  0.039728  0.019997  0.999010  0.000622  -0.000814  -0.000585  0.000000  0.000000  0.000000  2.000000  
238.320986 0.005064  0.093396  -0.029991  0.997376  0.059681  -0.040991  -0.060441  0.998017  -0.017565  0.039861  0.019997  0.999005  0.000686  -0.000914  -0.000685  0.000000  0.000000  0.000000  2.000000  
238.321986 0.005065  0.093395  -0.029992  0.997340  0.060081  -0.041272  -0.060851  0.997991  -0.017653  0.040129  0.020118  0.998992  0.000751  -0.001013  -0.000784  0.000000  0.000000  0.000000  2.000000  
238.323245 0.005066  0.093393  -0.029994  0.997304  0.060487  -0.041546  -0.061261  0.997966  -0.017620  0.040396  0.020118  0.998981  0.000791  -0.001139  -0.000943  0.000000  0.000000  0.000000  2.000000  
238.324488 0.005067  0.093391  -0.029996  0.997268  0.060892  -0.041821  -0.061671  0.997942  -0.017586  0.040664  0.020117  0.998970  0.000821  -0.001171  -0.001038  0.000000  0.000000  0.000000  2.000000  
238.325489 0.005068  0.093389  -0.029997  0.997237  0.061296  -0.041969  -0.062081  0.997914  -0.017682  0.040797  0.020238  0.998962  0.000889  -0.001218  -0.001042  -0.009480  0.093367  0.170989  2.000000  
238.326499 0.005069  0.093387  -0.029998  0.997213  0.061496  -0.042239  -0.062286  0.997902  -0.017656  0.041065  0.020238  0.998952  0.000932  -0.001287  -0.001087  -0.009180  0.102471  0.177677  2.000000  
238.327738 0.005071  0.093383  -0.029997  0.997176  0.061896  -0.042521  -0.062696  0.997875  -0.017743  0.041332  0.020359  0.998938  0.000957  -0.001459  -0.001043  -0.012686  0.111785  0.191372  2.000000  
238.328988 0.005073  0.093380  -0.029998  0.997139  0.062301  -0.042795  -0.063106  0.997850  -0.017709  0.041599  0.020359  0.998927  0.001014  -0.001580  -0.001052  -0.012107  0.121040  0.204991  2.000000  
238.329991 0.005076  0.093378  -0.029997  0.997102  0.062701  -0.043076  -0.063516  0.997822  -0.017795  0.041867  0.020480  0.998913  0.001095  -0.001674  -0.001002  -0.015602  0.130321  0.218624  2.000000  
238.331238 0.005078  0.093373  -0.029997  0.997078  0.062896  -0.043354  -0.063720  0.997807  -0.017890  0.042134  0.020601  0.998900  0.001137  -0.001875  -0.000957  -0.019377  0.139507  0.225413  2.000000  
238.332240 0.005080  0.093370  -0.029997  0.997059  0.063094  -0.043499  -0.063925  0.997792  -0.017994  0.042268  0.020722  0.998891  0.001213  -0.001992  -0.000815  -0.023153  0.144106  0.232143  2.000000  
238.333240 0.005081  0.093367  -0.029996  0.997021  0.063499  -0.043773  -0.064335  0.997767  -0.017959  0.042535  0.020722  0.998880  0.001279  -0.002186  -0.000679  -0.022567  0.153402  0.245824  2.000000  
238.334494 0.005084  0.093362  -0.029996  0.997003  0.063696  -0.043918  -0.064540  0.997752  -0.018062  0.042669  0.020843  0.998872  0.001388  -0.002400  -0.000470  -0.026059  0.158142  0.259461  2.000000  
238.335738 0.005086  0.093358  -0.029996  0.996964  0.064096  -0.044200  -0.064949  0.997724  -0.018148  0.042936  0.020963  0.998858  0.001472  -0.002619  -0.000369  -0.029545  0.167461  0.273140  2.000000  
238.336741 0.005088  0.093354  -0.029996  0.996945  0.064293  -0.044345  -0.065154  0.997708  -0.018251  0.043070  0.021085  0.998850  0.001527  -0.002787  -0.000240  -0.033321  0.172114  0.279948  2.000000  
238.337985 0.005090  0.093349  -0.029995  0.996934  0.064282  -0.044619  -0.065154  0.997706  -0.018355  0.043337  0.021205  0.998835  0.001618  -0.002957  -0.000044  -0.037631  0.176525  0.272995  2.000000  
238.338987 0.005092  0.093345  -0.029995  0.996915  0.064479  -0.044764  -0.065358  0.997691  -0.018458  0.043471  0.021326  0.998827  0.001681  -0.003125  0.000044  -0.041693  0.181050  0.272910  2.000000  
238.340238 0.005094  0.093340  -0.029994  0.996895  0.064676  -0.044909  -0.065563  0.997676  -0.018561  0.043605  0.021448  0.998819  0.001718  -0.003263  0.000177  -0.045737  0.181082  0.272920  2.000000  
238.341482 0.005095  0.093335  -0.029993  0.996876  0.064874  -0.045054  -0.065768  0.997660  -0.018664  0.043738  0.021569  0.998810  0.001734  -0.003434  0.000279  -0.049362  0.179586  0.270629  2.000000  
238.342489 0.005096  0.093331  -0.029993  0.996870  0.064865  -0.045196  -0.065768  0.997658  -0.018776  0.043872  0.021690  0.998802  0.001722  -0.003513  0.000307  -0.050042  0.185476  0.265866  2.000000  
238.343734 0.005098  0.093327  -0.029991  0.996851  0.065062  -0.045341  -0.065973  0.997643  -0.018879  0.044006  0.021811  0.998793  0.001699  -0.003611  0.000434  -0.053642  0.183980  0.263687  2.000000  
238.344987 0.005100  0.093322  -0.029990  0.996845  0.065048  -0.045490  -0.065972  0.997638  -0.019112  0.044139  0.022053  0.998782  0.001621  -0.003745  0.000445  -0.062246  0.179261  0.250038  2.000000  
238.345992 0.005101  0.093318  -0.029989  0.996839  0.065040  -0.045631  -0.065972  0.997636  -0.019224  0.044273  0.022174  0.998773  0.001573  -0.003782  0.000547  -0.063287  0.180436  0.238194  2.000000  
238.347237 0.005102  0.093313  -0.029987  0.996825  0.065234  -0.045651  -0.066177  0.997618  -0.019457  0.044273  0.022416  0.998768  0.001494  -0.003841  0.000644  -0.071116  0.169940  0.229577  2.000000  
238.348251 0.005103  0.093309  -0.029985  0.996819  0.065226  -0.045792  -0.066177  0.997616  -0.019569  0.044407  0.022537  0.998759  0.001463  -0.003826  0.000760  -0.076316  0.171033  0.217599  2.000000  
238.349484 0.005104  0.093304  -0.029983  0.996813  0.065211  -0.045941  -0.066176  0.997611  -0.019802  0.044540  0.022779  0.998748  0.001370  -0.003864  0.000889  -0.084051  0.169544  0.208981  2.000000  
238.350491 0.005105  0.093300  -0.029981  0.996800  0.065411  -0.045953  -0.066381  0.997596  -0.019914  0.044540  0.022900  0.998745  0.001307  -0.003877  0.000991  -0.089078  0.161802  0.203958  2.000000  
238.351739 0.005106  0.093296  -0.029979  0.996800  0.065400  -0.045969  -0.066381  0.997591  -0.020156  0.044540  0.023143  0.998739  0.001242  -0.003860  0.001086  -0.094011  0.152407  0.183399  2.000000  
238.352988 0.005108  0.093291  -0.029978  0.996794  0.065386  -0.046118  -0.066381  0.997586  -0.020389  0.044674  0.023385  0.998728  0.001165  -0.003828  0.001137  -0.102749  0.147680  0.169709  2.000000  
238.354239 0.005108  0.093287  -0.029977  0.996794  0.065375  -0.046134  -0.066381  0.997581  -0.020631  0.044674  0.023627  0.998722  0.001067  -0.003829  0.001171  0.000000  0.000000  0.000000  2.000000  
238.355483 0.005109  0.093283  -0.029977  0.996794  0.065363  -0.046150  -0.066381  0.997576  -0.020873  0.044674  0.023869  0.998716  0.001042  -0.003766  0.001193  0.000000  0.000000  0.000000  2.000000  
238.356499 0.005110  0.093279  -0.029977  0.996794  0.065358  -0.046158  -0.066381  0.997573  -0.020994  0.044674  0.023991  0.998714  0.001015  -0.003704  0.001137  0.000000  0.000000  0.000000  2.000000  
238.357735 0.005111  0.093276  -0.029977  0.996794  0.065347  -0.046174  -0.066381  0.997568  -0.021236  0.044674  0.024233  0.998708  0.000952  -0.003637  0.001052  0.000000  0.000000  0.000000  2.000000  
238.358983 0.005113  0.093272  -0.029977  0.996780  0.065541  -0.046194  -0.066586  0.997550  -0.021468  0.044674  0.024475  0.998702  0.000951  -0.003579  0.000952  0.000000  0.000000  0.000000  2.000000  
238.359985 0.005114  0.093269  -0.029978  0.996780  0.065530  -0.046210  -0.066586  0.997544  -0.021710  0.044674  0.024717  0.998696  0.000926  -0.003485  0.000845  0.000000  0.000000  0.000000  2.000000  
238.360985 0.005115  0.093267  -0.029978  0.996780  0.065524  -0.046218  -0.066586  0.997542  -0.021831  0.044674  0.024839  0.998693  0.000943  -0.003391  0.000762  0.000000  0.000000  0.000000  2.000000  
238.361985 0.005116  0.093264  -0.029978  0.996780  0.065513  -0.046234  -0.066586  0.997536  -0.022073  0.044674  0.025081  0.998687  0.000958  -0.003295  0.000678  0.000000  0.000000  0.000000  2.000000  
238.362989 0.005117  0.093262  -0.029978  0.996780  0.065507  -0.046242  -0.066586  0.997534  -0.022194  0.044674  0.025202  0.998684  0.000953  -0.003210  0.000442  0.000000  0.000000  0.000000  2.000000  
238.364240 0.005119  0.093259  -0.029978  0.996780  0.065490  -0.046266  -0.066586  0.997526  -0.022557  0.044674  0.025565  0.998674  0.001010  -0.003083  0.000341  0.000000  0.000000  0.000000  2.000000  
238.365514 0.005121  0.093256  -0.029978  0.996780  0.065479  -0.046282  -0.066586  0.997520  -0.022799  0.044674  0.025808  0.998668  0.001058  -0.002935  0.000177  0.000000  0.000000  0.000000  2.000000  
238.366739 0.005124  0.093254  -0.029978  0.996766  0.065673  -0.046302  -0.066791  0.997501  -0.023032  0.044674  0.026050  0.998662  0.001136  -0.002769  0.000081  0.000000  0.000000  0.000000  2.000000  
238.367988 0.005126  0.093252  -0.029978  0.996766  0.065662  -0.046318  -0.066791  0.997495  -0.023274  0.044674  0.026292  0.998656  0.001214  -0.002626  0.000046  0.000000  0.000000  0.000000  2.000000  
238.368988 0.005128  0.093251  -0.029978  0.996766  0.065651  -0.046334  -0.066791  0.997490  -0.023516  0.044674  0.026534  0.998649  0.001332  -0.002449  -0.000037  -0.173179  0.041623  0.047408  2.000000  
238.370238 0.005130  0.093248  -0.029978  0.996760  0.065636  -0.046483  -0.066791  0.997484  -0.023749  0.044808  0.026777  0.998637  0.001420  -0.002325  -0.000078  -0.177559  0.041466  0.040490  2.000000  
238.371238 0.005132  0.093247  -0.029978  0.996760  0.065625  -0.046499  -0.066791  0.997479  -0.023991  0.044808  0.027019  0.998630  0.001505  -0.002213  -0.000105  -0.181907  0.036802  0.033674  2.000000  
238.372489 0.005135  0.093246  -0.029979  0.996760  0.065613  -0.046515  -0.066791  0.997473  -0.024233  0.044808  0.027261  0.998624  0.001623  -0.002067  -0.000127  -0.185974  0.032312  0.033777  2.000000  
238.373489 0.005137  0.093245  -0.029980  0.996747  0.065813  -0.046528  -0.066996  0.997456  -0.024344  0.044808  0.027382  0.998620  0.001669  -0.001946  -0.000192  -0.185981  0.027822  0.033885  2.000000  
238.374738 0.005140  0.093243  -0.029981  0.996747  0.065802  -0.046544  -0.066996  0.997450  -0.024586  0.044808  0.027624  0.998614  0.001767  -0.001751  -0.000227  -0.186007  0.023339  0.033995  2.000000  
238.375984 0.005142  0.093242  -0.029982  0.996747  0.065790  -0.046560  -0.066996  0.997444  -0.024828  0.044808  0.027867  0.998607  0.001834  -0.001679  -0.000279  -0.188563  0.018699  0.033831  2.000000  
238.377238 0.005145  0.093241  -0.029984  0.996747  0.065785  -0.046568  -0.066996  0.997441  -0.024949  0.044808  0.027988  0.998604  0.001941  -0.001535  -0.000380  -0.186294  0.018679  0.027187  2.000000  
238.378485 0.005148  0.093239  -0.029986  0.996747  0.065773  -0.046584  -0.066996  0.997435  -0.025191  0.044808  0.028230  0.998597  0.001982  -0.001416  -0.000515  -0.188862  0.014076  0.027081  2.000000  
238.379492 0.005150  0.093238  -0.029987  0.996747  0.065768  -0.046592  -0.066996  0.997432  -0.025312  0.044808  0.028351  0.998593  0.002012  -0.001317  -0.000573  -0.186284  0.009698  0.027409  2.000000  
238.380494 0.005152  0.093238  -0.029988  0.996747  0.065762  -0.046600  -0.066996  0.997429  -0.025433  0.044808  0.028472  0.998590  0.002066  -0.001249  -0.000651  -0.182497  0.009524  0.020495  2.000000  
238.381737 0.005155  0.093237  -0.029989  0.996727  0.065952  -0.046754  -0.067201  0.997410  -0.025656  0.044941  0.028714  0.998577  0.002080  -0.001152  -0.000734  -0.184774  0.014088  0.027067  2.000000  
238.382740 0.005157  0.093236  -0.029989  0.996727  0.065947  -0.046762  -0.067201  0.997406  -0.025777  0.044941  0.028836  0.998573  0.002123  -0.001074  -0.000789  -0.182226  0.009714  0.027407  2.000000  
238.383987 0.005160  0.093236  -0.029990  0.996727  0.065941  -0.046770  -0.067201  0.997403  -0.025898  0.044941  0.028957  0.998570  0.002147  -0.000982  -0.000787  -0.178168  0.009720  0.027408  2.000000  
238.384988 0.005162  0.093236  -0.029990  0.996727  0.065930  -0.046786  -0.067201  0.997397  -0.026140  0.044941  0.029199  0.998563  0.002171  -0.000852  -0.000856  -0.182213  0.009723  0.027401  2.000000  
238.386238 0.005165  0.093236  -0.029991  0.996721  0.065920  -0.046928  -0.067201  0.997394  -0.026252  0.045075  0.029320  0.998553  0.002186  -0.000764  -0.000812  -0.176695  0.014109  0.027059  2.000000  
238.387240 0.005168  0.093236  -0.029991  0.996707  0.066114  -0.046949  -0.067406  0.997374  -0.026485  0.045075  0.029562  0.998546  0.002206  -0.000653  -0.000792  -0.177848  0.014418  0.034190  2.000000  
238.388484 0.005171  0.093236  -0.029991  0.996707  0.066108  -0.046957  -0.067406  0.997371  -0.026606  0.045075  0.029683  0.998543  0.002262  -0.000567  -0.000724  -0.176708  0.014120  0.027056  2.000000  
238.389493 0.005173  0.093236  -0.029991  0.996701  0.066099  -0.047099  -0.067405  0.997368  -0.026718  0.045209  0.029804  0.998533  0.002243  -0.000477  -0.000679  -0.174048  0.018733  0.027148  2.000000  
238.390736 0.005176  0.093237  -0.029991  0.996701  0.066093  -0.047107  -0.067405  0.997365  -0.026839  0.045209  0.029925  0.998529  0.002298  -0.000327  -0.000601  -0.168584  0.018585  0.026923  2.000000  
238.391984 0.005179  0.093237  -0.029991  0.996701  0.066082  -0.047123  -0.067405  0.997358  -0.027081  0.045209  0.030167  0.998522  0.002277  -0.000226  -0.000478  -0.168592  0.018592  0.026920  2.000000  
238.392985 0.005181  0.093238  -0.029991  0.996701  0.066076  -0.047131  -0.067405  0.997355  -0.027201  0.045209  0.030289  0.998518  0.002320  -0.000122  -0.000421  -0.168605  0.018597  0.026919  2.000000  
238.394237 0.005184  0.093238  -0.029992  0.996681  0.066271  -0.047277  -0.067610  0.997338  -0.027304  0.045342  0.030410  0.998509  0.002335  0.000000  -0.000353  0.000000  0.000000  0.000000  2.000000  
238.395483 0.005186  0.093239  -0.029992  0.996681  0.066266  -0.047286  -0.067610  0.997335  -0.027425  0.045342  0.030531  0.998505  0.002290  0.000098  -0.000307  0.000000  0.000000  0.000000  2.000000  
238.396502 0.005188  0.093239  -0.029993  0.996681  0.066266  -0.047286  -0.067610  0.997335  -0.027425  0.045342  0.030531  0.998505  0.002287  0.000174  -0.000290  0.000000  0.000000  0.000000  2.000000  
238.397737 0.005191  0.093240  -0.029994  0.996681  0.066260  -0.047294  -0.067610  0.997331  -0.027546  0.045342  0.030652  0.998501  0.002252  0.000268  -0.000286  0.000000  0.000000  0.000000  2.000000  
238.398741 0.005193  0.093241  -0.029995  0.996681  0.066254  -0.047302  -0.067610  0.997328  -0.027667  0.045342  0.030773  0.998497  0.002217  0.000345  -0.000336  0.000000  0.000000  0.000000  2.000000  
238.399988 0.005195  0.093242  -0.029995  0.996661  0.066450  -0.047449  -0.067815  0.997311  -0.027769  0.045476  0.030894  0.998488  0.002197  0.000394  -0.000349  0.000000  0.000000  0.000000  2.000000  
238.401237 0.005198  0.093242  -0.029996  0.996661  0.066450  -0.047449  -0.067815  0.997311  -0.027769  0.045476  0.030894  0.998488  0.002151  0.000411  -0.000350  0.000000  0.000000  0.000000  2.000000  
238.402237 0.005199  0.093242  -0.029997  0.996661  0.066444  -0.047457  -0.067815  0.997308  -0.027890  0.045476  0.031015  0.998484  0.002108  0.000433  -0.000422  0.000000  0.000000  0.000000  2.000000  
238.403240 0.005201  0.093243  -0.029997  0.996661  0.066444  -0.047457  -0.067815  0.997308  -0.027890  0.045476  0.031015  0.998484  0.002024  0.000488  -0.000409  0.000000  0.000000  0.000000  2.000000  
238.404490 0.005203  0.093244  -0.029996  0.996661  0.066438  -0.047465  -0.067815  0.997305  -0.028011  0.045476  0.031136  0.998480  0.002022  0.000506  -0.000384  0.000000  0.000000  0.000000  2.000000  
238.405735 0.005206  0.093245  -0.029996  0.996655  0.066428  -0.047606  -0.067815  0.997302  -0.028123  0.045610  0.031257  0.998470  0.001964  0.000529  -0.000374  0.000000  0.000000  0.000000  2.000000  
238.406737 0.005207  0.093246  -0.029996  0.996641  0.066633  -0.047612  -0.068020  0.997288  -0.028113  0.045610  0.031257  0.998470  0.001937  0.000562  -0.000370  0.000000  0.000000  0.000000  2.000000  
238.407983 0.005210  0.093247  -0.029996  0.996641  0.066628  -0.047620  -0.068020  0.997284  -0.028234  0.045610  0.031378  0.998466  0.001888  0.000578  -0.000329  0.000000  0.000000  0.000000  2.000000  
238.408983 0.005211  0.093247  -0.029996  0.996641  0.066628  -0.047620  -0.068020  0.997284  -0.028234  0.045610  0.031378  0.998466  0.001829  0.000602  -0.000319  0.000000  0.000000  0.000000  2.000000  
238.409985 0.005212  0.093248  -0.029996  0.996641  0.066628  -0.047620  -0.068020  0.997284  -0.028234  0.045610  0.031378  0.998466  0.001794  0.000651  -0.000250  0.000000  0.000000  0.000000  2.000000  
238.410987 0.005214  0.093249  -0.029996  0.996641  0.066622  -0.047628  -0.068020  0.997281  -0.028355  0.045610  0.031499  0.998463  0.001736  0.000637  -0.000214  0.000000  0.000000  0.000000  2.000000  
238.412237 0.005215  0.093250  -0.029996  0.996635  0.066618  -0.047761  -0.068019  0.997281  -0.028346  0.045743  0.031499  0.998456  0.001680  0.000676  -0.000182  0.000000  0.000000  0.000000  2.000000  
238.413244 0.005216  0.093251  -0.029996  0.996635  0.066618  -0.047761  -0.068019  0.997281  -0.028346  0.045743  0.031499  0.998456  0.001641  0.000712  -0.000133  0.000000  0.000000  0.000000  2.000000  
238.414493 0.005218  0.093252  -0.029997  0.996635  0.066618  -0.047761  -0.068019  0.997281  -0.028346  0.045743  0.031499  0.998456  0.001580  0.000736  -0.000123  0.000000  0.000000  0.000000  2.000000  
238.415498 0.005219  0.093253  -0.029997  0.996635  0.066612  -0.047769  -0.068019  0.997278  -0.028467  0.045743  0.031620  0.998453  0.001520  0.000760  -0.000113  0.000000  0.000000  0.000000  2.000000  
238.416501 0.005220  0.093254  -0.029997  0.996635  0.066612  -0.047769  -0.068019  0.997278  -0.028467  0.045743  0.031620  0.998453  0.001463  0.000760  -0.000055  0.000000  0.000000  0.000000  2.000000  
238.417738 0.005221  0.093254  -0.029998  0.996635  0.066612  -0.047769  -0.068019  0.997278  -0.028467  0.045743  0.031620  0.998453  0.001390  0.000771  -0.000085  0.000000  0.000000  0.000000  2.000000  
238.418988 0.005223  0.093255  -0.029999  0.996635  0.066618  -0.047761  -0.068019  0.997281  -0.028346  0.045743  0.031499  0.998456  0.001330  0.000782  -0.000136  0.000000  0.000000  0.000000  2.000000  
238.419991 0.005223  0.093255  -0.030000  0.996635  0.066618  -0.047761  -0.068019  0.997281  -0.028346  0.045743  0.031499  0.998456  0.001265  0.000754  -0.000222  0.000000  0.000000  0.000000  2.000000  
238.420991 0.005224  0.093256  -0.030000  0.996635  0.066618  -0.047761  -0.068019  0.997281  -0.028346  0.045743  0.031499  0.998456  0.001224  0.000753  -0.000247  0.000000  0.000000  0.000000  2.000000  
238.421996 0.005225  0.093257  -0.030001  0.996635  0.066618  -0.047761  -0.068019  0.997281  -0.028346  0.045743  0.031499  0.998456  0.001140  0.000751  -0.000297  0.000000  0.000000  0.000000  2.000000  
238.423242 0.005226  0.093258  -0.030002  0.996629  0.066614  -0.047895  -0.068019  0.997282  -0.028337  0.045877  0.031499  0.998450  0.001068  0.000724  -0.000341  0.000000  0.000000  0.000000  2.000000  
238.424492 0.005227  0.093258  -0.030002  0.996629  0.066614  -0.047895  -0.068019  0.997282  -0.028337  0.045877  0.031499  0.998450  0.001013  0.000672  -0.000419  0.000000  0.000000  0.000000  2.000000  
238.425738 0.005228  0.093260  -0.030002  0.996629  0.066614  -0.047895  -0.068019  0.997282  -0.028337  0.045877  0.031499  0.998450  0.000962  0.000696  -0.000451  0.000000  0.000000  0.000000  2.000000  
238.426985 0.005229  0.093261  -0.030003  0.996629  0.066614  -0.047895  -0.068019  0.997282  -0.028337  0.045877  0.031499  0.998450  0.000913  0.000695  -0.000435  0.000000  0.000000  0.000000  2.000000  
238.428241 0.005230  0.093261  -0.030003  0.996629  0.066614  -0.047895  -0.068019  0.997282  -0.028337  0.045877  0.031499  0.998450  0.000906  0.000683  -0.000468  0.000000  0.000000  0.000000  2.000000  
238.429493 0.005231  0.093262  -0.030003  0.996629  0.066614  -0.047895  -0.068019  0.997282  -0.028337  0.045877  0.031499  0.998450  0.000857  0.000683  -0.000452  0.000000  0.000000  0.000000  2.000000  
238.430496 0.005231  0.093263  -0.030004  0.996629  0.066614  -0.047895  -0.068019  0.997282  -0.028337  0.045877  0.031499  0.998450  0.000809  0.000682  -0.000436  0.000000  0.000000  0.000000  2.000000  
238.431738 0.005232  0.093264  -0.030005  0.996629  0.066614  -0.047895  -0.068019  0.997282  -0.028337  0.045877  0.031499  0.998450  0.000781  0.000693  -0.000468  0.000000  0.000000  0.000000  2.000000  
238.432739 0.005233  0.093265  -0.030005  0.996629  0.066614  -0.047895  -0.068019  0.997282  -0.028337  0.045877  0.031499  0.998450  0.000802  0.000743  -0.000456  0.000000  0.000000  0.000000  2.000000  
238.433990 0.005234  0.093266  -0.030006  0.996629  0.066619  -0.047887  -0.068019  0.997285  -0.028216  0.045877  0.031378  0.998454  0.000792  0.000768  -0.000463  0.000000  0.000000  0.000000  2.000000  
238.435237 0.005235  0.093268  -0.030006  0.996629  0.066619  -0.047887  -0.068019  0.997285  -0.028216  0.045877  0.031378  0.998454  0.000769  0.000779  -0.000461  0.000000  0.000000  0.000000  2.000000  
238.436501 0.005236  0.093268  -0.030007  0.996629  0.066619  -0.047887  -0.068019  0.997285  -0.028216  0.045877  0.031378  0.998454  0.000752  0.000742  -0.000439  0.000000  0.000000  0.000000  2.000000  
238.437738 0.005237  0.093269  -0.030008  0.996629  0.066619  -0.047887  -0.068019  0.997285  -0.028216  0.045877  0.031378  0.998454  0.000799  0.000804  -0.000443  0.000000  0.000000  0.000000  2.000000  
238.438983 0.005239  0.093270  -0.030009  0.996629  0.066619  -0.047887  -0.068019  0.997285  -0.028216  0.045877  0.031378  0.998454  0.000807  0.000803  -0.000484  0.000000  0.000000  0.000000  2.000000  
238.439986 0.005240  0.093271  -0.030010  0.996629  0.066619  -0.047887  -0.068019  0.997285  -0.028216  0.045877  0.031378  0.998454  0.000814  0.000802  -0.000525  0.000000  0.000000  0.000000  2.000000  
238.440986 0.005240  0.093271  -0.030011  0.996629  0.066625  -0.047878  -0.068019  0.997288  -0.028095  0.045877  0.031257  0.998458  0.000807  0.000766  -0.000546  0.000000  0.000000  0.000000  2.000000  
238.442233 0.005242  0.093272  -0.030012  0.996629  0.066625  -0.047878  -0.068019  0.997288  -0.028095  0.045877  0.031257  0.998458  0.000880  0.000778  -0.000576  0.000000  0.000000  0.000000  2.000000  
238.443238 0.005243  0.093273  -0.030013  0.996629  0.066625  -0.047878  -0.068019  0.997288  -0.028095  0.045877  0.031257  0.998458  0.000888  0.000777  -0.000618  0.000000  0.000000  0.000000  2.000000  
238.444489 0.005245  0.093274  -0.030013  0.996629  0.066625  -0.047878  -0.068019  0.997288  -0.028095  0.045877  0.031257  0.998458  0.000954  0.000753  -0.000669  0.000000  0.000000  0.000000  2.000000  
238.445490 0.005247  0.093275  -0.030014  0.996629  0.066625  -0.047878  -0.068019  0.997288  -0.028095  0.045877  0.031257  0.998458  0.001034  0.000778  -0.000667  0.000000  0.000000  0.000000  2.000000  
238.446503 0.005248  0.093276  -0.030015  0.996629  0.066625  -0.047878  -0.068019  0.997288  -0.028095  0.045877  0.031257  0.998458  0.001060  0.000766  -0.000671  0.000000  0.000000  0.000000  2.000000  
238.447738 0.005250  0.093276  -0.030015  0.996629  0.066625  -0.047878  -0.068019  0.997288  -0.028095  0.045877  0.031257  0.998458  0.001102  0.000730  -0.000670  0.000000  0.000000  0.000000  2.000000  
238.448986 0.005252  0.093278  -0.030016  0.996629  0.066625  -0.047878  -0.068019  0.997288  -0.028095  0.045877  0.031257  0.998458  0.001181  0.000756  -0.000669  0.000000  0.000000  0.000000  2.000000  
238.449990 0.005253  0.093279  -0.030016  0.996629  0.066625  -0.047878  -0.068019  0.997288  -0.028095  0.045877  0.031257  0.998458  0.001211  0.000744  -0.000673  0.000000  0.000000  0.000000  2.000000  
238.451238 0.005255  0.093280  -0.030017  0.996629  0.066625  -0.047878  -0.068019  0.997288  -0.028095  0.045877  0.031257  0.998458  0.001324  0.000796  -0.000654  0.000000  0.000000  0.000000  2.000000  
238.452486 0.005257  0.093281  -0.030018  0.996629  0.066625  -0.047878  -0.068019  0.997288  -0.028095  0.045877  0.031257  0.998458  0.001349  0.000783  -0.000659  0.000000  0.000000  0.000000  2.000000  
238.453490 0.005259  0.093282  -0.030018  0.996629  0.066625  -0.047878  -0.068019  0.997288  -0.028095  0.045877  0.031257  0.998458  0.001380  0.000808  -0.000640  0.000000  0.000000  0.000000  2.000000  
238.454493 0.005260  0.093283  -0.030019  0.996629  0.066625  -0.047878  -0.068019  0.997288  -0.028095  0.045877  0.031257  0.998458  0.001434  0.000847  -0.000632  0.000000  0.000000  0.000000  2.000000  
238.455738 0.005263  0.093284  -0.030020  0.996629  0.066631  -0.047870  -0.068019  0.997292  -0.027974  0.045877  0.031135  0.998462  0.001479  0.000882  -0.000627  0.000000  0.000000  0.000000  2.000000  
238.456984 0.005265  0.093286  -0.030021  0.996629  0.066631  -0.047870  -0.068019  0.997292  -0.027974  0.045877  0.031135  0.998462  0.001518  0.000907  -0.000650  0.000000  0.000000  0.000000  2.000000  
238.457987 0.005266  0.093287  -0.030021  0.996629  0.066631  -0.047870  -0.068019  0.997292  -0.027974  0.045877  0.031135  0.998462  0.001548  0.000932  -0.000631  0.000000  0.000000  0.000000  2.000000  
238.459240 0.005268  0.093288  -0.030022  0.996629  0.066631  -0.047870  -0.068019  0.997292  -0.027974  0.045877  0.031135  0.998462  0.001556  0.000973  -0.000607  0.000000  0.000000  0.000000  2.000000  
238.460488 0.005270  0.093290  -0.030024  0.996615  0.066836  -0.047876  -0.068224  0.997278  -0.027964  0.045877  0.031135  0.998462  0.001577  0.000980  -0.000661  0.000000  0.000000  0.000000  2.000000  
238.461734 0.005273  0.093291  -0.030025  0.996615  0.066836  -0.047876  -0.068224  0.997278  -0.027964  0.045877  0.031135  0.998462  0.001615  0.001005  -0.000684  0.000000  0.000000  0.000000  2.000000  
238.462738 0.005274  0.093292  -0.030025  0.996615  0.066836  -0.047876  -0.068224  0.997278  -0.027964  0.045877  0.031135  0.998462  0.001636  0.001054  -0.000672  0.000000  0.000000  0.000000  2.000000  
238.463987 0.005277  0.093294  -0.030026  0.996609  0.066832  -0.048009  -0.068224  0.997278  -0.027955  0.046010  0.031135  0.998456  0.001663  0.001072  -0.000683  0.000000  0.000000  0.000000  2.000000  
238.465242 0.005279  0.093295  -0.030027  0.996609  0.066832  -0.048009  -0.068224  0.997278  -0.027955  0.046010  0.031135  0.998456  0.001672  0.001072  -0.000725  0.000000  0.000000  0.000000  2.000000  
238.466503 0.005281  0.093297  -0.030027  0.996609  0.066832  -0.048009  -0.068224  0.997278  -0.027955  0.046010  0.031135  0.998456  0.001682  0.001121  -0.000670  0.000000  0.000000  0.000000  2.000000  
238.467738 0.005283  0.093298  -0.030028  0.996609  0.066832  -0.048009  -0.068224  0.997278  -0.027955  0.046010  0.031135  0.998456  0.001695  0.001128  -0.000683  0.000000  0.000000  0.000000  2.000000  
238.468986 0.005285  0.093299  -0.030029  0.996609  0.066832  -0.048009  -0.068224  0.997278  -0.027955  0.046010  0.031135  0.998456  0.001694  0.001128  -0.000683  0.000000  0.000000  0.000000  2.000000  
238.469987 0.005287  0.093301  -0.030029  0.996609  0.066832  -0.048009  -0.068224  0.997278  -0.027955  0.046010  0.031135  0.998456  0.001674  0.001147  -0.000678  0.000000  0.000000  0.000000  2.000000  
238.470988 0.005288  0.093302  -0.030030  0.996609  0.066832  -0.048009  -0.068224  0.997278  -0.027955  0.046010  0.031135  0.998456  0.001698  0.001173  -0.000618  0.000000  0.000000  0.000000  2.000000  
238.472238 0.005291  0.093304  -0.030030  0.996609  0.066832  -0.048009  -0.068224  0.997278  -0.027955  0.046010  0.031135  0.998456  0.001728  0.001198  -0.000599  0.000000  0.000000  0.000000  2.000000  
238.473489 0.005293  0.093305  -0.030030  0.996609  0.066832  -0.048009  -0.068224  0.997278  -0.027955  0.046010  0.031135  0.998456  0.001720  0.001199  -0.000557  0.000000  0.000000  0.000000  2.000000  
238.474496 0.005295  0.093307  -0.030031  0.996609  0.066832  -0.048009  -0.068224  0.997278  -0.027955  0.046010  0.031135  0.998456  0.001712  0.001199  -0.000515  0.000000  0.000000  0.000000  2.000000  
238.475735 0.005297  0.093308  -0.030031  0.996609  0.066832  -0.048009  -0.068224  0.997278  -0.027955  0.046010  0.031135  0.998456  0.001695  0.001226  -0.000480  0.000000  0.000000  0.000000  2.000000  
238.476735 0.005299  0.093310  -0.030031  0.996609  0.066832  -0.048009  -0.068224  0.997278  -0.027955  0.046010  0.031135  0.998456  0.001726  0.001251  -0.000461  0.000000  0.000000  0.000000  2.000000  
238.477983 0.005301  0.093311  -0.030032  0.996609  0.066832  -0.048009  -0.068224  0.997278  -0.027955  0.046010  0.031135  0.998456  0.001739  0.001232  -0.000429  0.000000  0.000000  0.000000  2.000000  
238.478984 0.005302  0.093312  -0.030032  0.996609  0.066832  -0.048009  -0.068224  0.997278  -0.027955  0.046010  0.031135  0.998456  0.001723  0.001234  -0.000347  0.000000  0.000000  0.000000  2.000000  
238.479990 0.005304  0.093313  -0.030032  0.996594  0.067037  -0.048015  -0.068429  0.997265  -0.027945  0.046010  0.031135  0.998456  0.001724  0.001205  -0.000323  0.000000  0.000000  0.000000  2.000000  
238.481237 0.005306  0.093314  -0.030033  0.996594  0.067043  -0.048007  -0.068429  0.997268  -0.027824  0.046010  0.031014  0.998459  0.001733  0.001209  -0.000340  0.000000  0.000000  0.000000  2.000000  
238.482249 0.005308  0.093315  -0.030032  0.996594  0.067043  -0.048007  -0.068429  0.997268  -0.027824  0.046010  0.031014  0.998459  0.001725  0.001181  -0.000274  0.000000  0.000000  0.000000  2.000000  
238.483510 0.005310  0.093316  -0.030032  0.996594  0.067043  -0.048007  -0.068429  0.997268  -0.027824  0.046010  0.031014  0.998459  0.001733  0.001155  -0.000267  0.000000  0.000000  0.000000  2.000000  
238.484737 0.005313  0.093318  -0.030033  0.996594  0.067043  -0.048007  -0.068429  0.997268  -0.027824  0.046010  0.031014  0.998459  0.001789  0.001140  -0.000214  0.000000  0.000000  0.000000  2.000000  
238.485737 0.005315  0.093319  -0.030033  0.996594  0.067043  -0.048007  -0.068429  0.997268  -0.027824  0.046010  0.031014  0.998459  0.001780  0.001135  -0.000194  0.000000  0.000000  0.000000  2.000000  
238.486740 0.005316  0.093320  -0.030033  0.996594  0.067043  -0.048007  -0.068429  0.997268  -0.027824  0.046010  0.031014  0.998459  0.001758  0.001084  -0.000206  0.000000  0.000000  0.000000  2.000000  
238.487986 0.005319  0.093321  -0.030033  0.996594  0.067043  -0.048007  -0.068429  0.997268  -0.027824  0.046010  0.031014  0.998459  0.001762  0.001061  -0.000158  0.000000  0.000000  0.000000  2.000000  
238.489238 0.005321  0.093322  -0.030033  0.996580  0.067249  -0.048013  -0.068634  0.997254  -0.027814  0.046010  0.031014  0.998459  0.001771  0.001068  -0.000178  0.000000  0.000000  0.000000  2.000000  
238.490238 0.005322  0.093323  -0.030033  0.996580  0.067249  -0.048013  -0.068634  0.997254  -0.027814  0.046010  0.031014  0.998459  0.001774  0.001013  -0.000103  0.000000  0.000000  0.000000  2.000000  
238.491239 0.005324  0.093324  -0.030033  0.996580  0.067249  -0.048013  -0.068634  0.997254  -0.027814  0.046010  0.031014  0.998459  0.001753  0.000995  -0.000142  0.000000  0.000000  0.000000  2.000000  
238.492488 0.005326  0.093325  -0.030033  0.996580  0.067249  -0.048013  -0.068634  0.997254  -0.027814  0.046010  0.031014  0.998459  0.001714  0.000971  -0.000119  0.000000  0.000000  0.000000  2.000000  
238.493488 0.005327  0.093326  -0.030033  0.996580  0.067249  -0.048013  -0.068634  0.997254  -0.027814  0.046010  0.031014  0.998459  0.001707  0.000972  -0.000078  0.000000  0.000000  0.000000  2.000000  
238.494491 0.005329  0.093327  -0.030033  0.996580  0.067249  -0.048013  -0.068634  0.997254  -0.027814  0.046010  0.031014  0.998459  0.001709  0.000973  -0.000078  0.000000  0.000000  0.000000  2.000000  
238.495735 0.005331  0.093328  -0.030033  0.996566  0.067454  -0.048019  -0.068839  0.997240  -0.027804  0.046010  0.031014  0.998459  0.001668  0.000947  -0.000055  0.000000  0.000000  0.000000  2.000000  
238.496743 0.005332  0.093329  -0.030033  0.996566  0.067454  -0.048019  -0.068839  0.997240  -0.027804  0.046010  0.031014  0.998459  0.001654  0.000962  -0.000081  0.000000  0.000000  0.000000  2.000000  
238.497989 0.005334  0.093330  -0.030034  0.996566  0.067454  -0.048019  -0.068839  0.997240  -0.027804  0.046010  0.031014  0.998459  0.001628  0.000947  -0.000080  0.000000  0.000000  0.000000  2.000000  
238.499240 0.005336  0.093331  -0.030035  0.996566  0.067454  -0.048019  -0.068839  0.997240  -0.027804  0.046010  0.031014  0.998459  0.001590  0.000935  -0.000167  0.000000  0.000000  0.000000  2.000000  
238.500490 0.005338  0.093332  -0.030035  0.996552  0.067659  -0.048024  -0.069044  0.997226  -0.027794  0.046010  0.031014  0.998459  0.001600  0.000910  -0.000160  0.000000  0.000000  0.000000  2.000000  
238.501735 0.005340  0.093333  -0.030035  0.996552  0.067659  -0.048024  -0.069044  0.997226  -0.027794  0.046010  0.031014  0.998459  0.001564  0.000920  -0.000164  0.000000  0.000000  0.000000  2.000000  
238.502740 0.005342  0.093334  -0.030036  0.996552  0.067653  -0.048032  -0.069044  0.997223  -0.027915  0.046010  0.031135  0.998456  0.001558  0.000909  -0.000185  0.000000  0.000000  0.000000  2.000000  
238.503989 0.005344  0.093336  -0.030036  0.996552  0.067653  -0.048032  -0.069044  0.997223  -0.027915  0.046010  0.031135  0.998456  0.001566  0.000908  -0.000227  0.000000  0.000000  0.000000  2.000000  
238.505240 0.005346  0.093336  -0.030037  0.996538  0.067859  -0.048038  -0.069249  0.997209  -0.027905  0.046010  0.031135  0.998456  0.001575  0.000908  -0.000269  0.000000  0.000000  0.000000  2.000000  
238.506242 0.005347  0.093337  -0.030038  0.996538  0.067859  -0.048038  -0.069249  0.997209  -0.027905  0.046010  0.031135  0.998456  0.001592  0.000882  -0.000304  0.000000  0.000000  0.000000  2.000000  
238.507489 0.005350  0.093339  -0.030038  0.996538  0.067859  -0.048038  -0.069249  0.997209  -0.027905  0.046010  0.031135  0.998456  0.001590  0.000906  -0.000352  0.000000  0.000000  0.000000  2.000000  
238.508736 0.005352  0.093340  -0.030039  0.996524  0.068064  -0.048044  -0.069455  0.997195  -0.027895  0.046010  0.031135  0.998456  0.001608  0.000881  -0.000388  0.000000  0.000000  0.000000  2.000000  
238.509738 0.005354  0.093340  -0.030040  0.996524  0.068064  -0.048044  -0.069455  0.997195  -0.027895  0.046010  0.031135  0.998456  0.001623  0.000879  -0.000471  0.000000  0.000000  0.000000  2.000000  
238.510984 0.005356  0.093341  -0.030041  0.996524  0.068064  -0.048044  -0.069455  0.997195  -0.027895  0.046010  0.031135  0.998456  0.001645  0.000865  -0.000480  0.000000  0.000000  0.000000  2.000000  
238.511988 0.005358  0.093342  -0.030042  0.996524  0.068064  -0.048044  -0.069455  0.997195  -0.027895  0.046010  0.031135  0.998456  0.001690  0.000854  -0.000523  0.000000  0.000000  0.000000  2.000000  
238.512989 0.005360  0.093343  -0.030042  0.996509  0.068269  -0.048050  -0.069660  0.997181  -0.027885  0.046010  0.031135  0.998456  0.001739  0.000889  -0.000560  0.000000  0.000000  0.000000  2.000000  
238.514239 0.005363  0.093344  -0.030043  0.996509  0.068269  -0.048050  -0.069660  0.997181  -0.027885  0.046010  0.031135  0.998456  0.001828  0.000890  -0.000552  0.000000  0.000000  0.000000  2.000000  
238.515240 0.005366  0.093346  -0.030044  0.996515  0.068273  -0.047916  -0.069660  0.997181  -0.027895  0.045877  0.031135  0.998462  0.001867  0.000905  -0.000603  0.000000  0.000000  0.000000  2.000000  
238.516241 0.005368  0.093347  -0.030044  0.996501  0.068479  -0.047922  -0.069865  0.997167  -0.027885  0.045877  0.031135  0.998462  0.001916  0.000905  -0.000620  0.000000  0.000000  0.000000  2.000000  
238.517260 0.005371  0.093347  -0.030046  0.996501  0.068479  -0.047922  -0.069865  0.997167  -0.027885  0.045877  0.031135  0.998462  0.002003  0.000929  -0.000659  0.000000  0.000000  0.000000  2.000000  
238.518493 0.005374  0.093349  -0.030047  0.996501  0.068479  -0.047922  -0.069865  0.997167  -0.027885  0.045877  0.031135  0.998462  0.002061  0.000929  -0.000718  0.000000  0.000000  0.000000  2.000000  
238.519738 0.005377  0.093350  -0.030048  0.996487  0.068684  -0.047928  -0.070071  0.997152  -0.027875  0.045877  0.031135  0.998462  0.002180  0.000980  -0.000740  0.000000  0.000000  0.000000  2.000000  
238.520738 0.005380  0.093352  -0.030049  0.996487  0.068684  -0.047928  -0.070071  0.997152  -0.027875  0.045877  0.031135  0.998462  0.002271  0.000982  -0.000731  0.000000  0.000000  0.000000  2.000000  
238.521739 0.005383  0.093353  -0.030050  0.996487  0.068684  -0.047928  -0.070071  0.997152  -0.027875  0.045877  0.031135  0.998462  0.002359  0.001007  -0.000771  0.000000  0.000000  0.000000  2.000000  
238.522988 0.005388  0.093354  -0.030051  0.996487  0.068684  -0.047928  -0.070071  0.997152  -0.027875  0.045877  0.031135  0.998462  0.002489  0.001033  -0.000786  0.000000  0.000000  0.000000  2.000000  
238.524239 0.005392  0.093356  -0.030052  0.996472  0.068889  -0.047934  -0.070276  0.997138  -0.027865  0.045877  0.031135  0.998462  0.002616  0.001083  -0.000849  0.000000  0.000000  0.000000  2.000000  
