1-Time 2-Px 3-Py 4-Pz 5-R11 6-R21 7-R31 8-R12 9-R22 10-R32 11-R13 12-R23 13-R33 14-Vx 15-Vy 16-Vz 17-Wx 18-Wy 19-Wz 20-state 21-PR11 22-PR21 23-PR31 24-PR12 25-PR22 26-PR32 27-PR13 28-PR23 29-PR33 
77.245304 0.005209  0.096539  -0.002642  0.999896  -0.013196  0.005840  0.013175  0.999907  0.003595  -0.005887  -0.003518  0.999976  -0.000410  0.000181  0.001333  0.000000  0.000000  0.000000  2.000000  
77.246314 0.005208  0.096539  -0.002641  0.999896  -0.013196  0.005840  0.013175  0.999907  0.003595  -0.005887  -0.003518  0.999976  -0.000386  0.000212  0.001374  0.000000  0.000000  0.000000  2.000000  
77.247316 0.005209  0.096539  -0.002640  0.999896  -0.013196  0.005840  0.013175  0.999907  0.003595  -0.005887  -0.003518  0.999976  -0.000314  0.000190  0.001349  0.000000  0.000000  0.000000  2.000000  
77.248560 0.005209  0.096539  -0.002638  0.999896  -0.013196  0.005840  0.013175  0.999907  0.003595  -0.005887  -0.003518  0.999976  -0.000228  0.000165  0.001292  0.000000  0.000000  0.000000  2.000000  
77.249808 0.005211  0.096539  -0.002637  0.999896  -0.013197  0.005839  0.013175  0.999906  0.003716  -0.005887  -0.003639  0.999976  -0.000140  0.000099  0.001288  0.000000  0.000000  0.000000  2.000000  
77.250809 0.005211  0.096538  -0.002635  0.999896  -0.013197  0.005839  0.013175  0.999906  0.003716  -0.005887  -0.003639  0.999976  -0.000072  0.000057  0.001306  0.000000  0.000000  0.000000  2.000000  
77.252056 0.005213  0.096538  -0.002635  0.999893  -0.013403  0.005838  0.013381  0.999904  0.003717  -0.005887  -0.003639  0.999976  0.000078  0.000033  0.001214  0.000000  0.000000  0.000000  2.000000  
77.253060 0.005214  0.096538  -0.002633  0.999893  -0.013403  0.005838  0.013381  0.999904  0.003717  -0.005887  -0.003639  0.999976  0.000218  0.000046  0.001241  0.000000  0.000000  0.000000  2.000000  
77.254311 0.005216  0.096537  -0.002632  0.999893  -0.013403  0.005838  0.013381  0.999904  0.003717  -0.005887  -0.003639  0.999976  0.000384  -0.000024  0.001169  0.000000  0.000000  0.000000  2.000000  
77.255560 0.005218  0.096537  -0.002631  0.999890  -0.013609  0.005971  0.013587  0.999901  0.003720  -0.006021  -0.003639  0.999975  0.000558  -0.000039  0.001140  0.000000  0.000000  0.000000  2.000000  
77.256808 0.005220  0.096538  -0.002630  0.999890  -0.013609  0.005971  0.013587  0.999901  0.003720  -0.006021  -0.003639  0.999975  0.000725  -0.000032  0.001102  0.000000  0.000000  0.000000  2.000000  
77.258060 0.005223  0.096538  -0.002629  0.999890  -0.013609  0.005971  0.013587  0.999901  0.003720  -0.006021  -0.003639  0.999975  0.000891  -0.000025  0.001063  0.000000  0.000000  0.000000  2.000000  
77.259062 0.005224  0.096538  -0.002629  0.999887  -0.013815  0.005970  0.013793  0.999898  0.003722  -0.006021  -0.003639  0.999975  0.001028  -0.000047  0.001003  0.000000  0.000000  0.000000  2.000000  
77.260321 0.005226  0.096539  -0.002627  0.999887  -0.013815  0.005970  0.013793  0.999898  0.003722  -0.006021  -0.003639  0.999975  0.001224  -0.000011  0.000985  0.000000  0.000000  0.000000  2.000000  
77.261559 0.005228  0.096539  -0.002627  0.999887  -0.013815  0.005970  0.013793  0.999898  0.003722  -0.006021  -0.003639  0.999975  0.001332  0.000015  0.000939  0.000000  0.000000  0.000000  2.000000  
77.262809 0.005230  0.096540  -0.002625  0.999887  -0.013815  0.005970  0.013793  0.999898  0.003722  -0.006021  -0.003639  0.999975  0.001396  0.000015  0.000904  0.000000  0.000000  0.000000  2.000000  
77.264059 0.005232  0.096540  -0.002625  0.999884  -0.014021  0.005969  0.013999  0.999895  0.003723  -0.006021  -0.003639  0.999975  0.001475  0.000089  0.000869  0.000000  0.000000  0.000000  2.000000  
77.265311 0.005233  0.096541  -0.002624  0.999884  -0.014021  0.005968  0.013999  0.999895  0.003844  -0.006021  -0.003760  0.999975  0.001528  0.000160  0.000822  0.000000  0.000000  0.000000  2.000000  
77.266320 0.005235  0.096541  -0.002623  0.999884  -0.014021  0.005968  0.013999  0.999895  0.003844  -0.006021  -0.003760  0.999975  0.001564  0.000236  0.000834  0.000000  0.000000  0.000000  2.000000  
77.267557 0.005237  0.096542  -0.002622  0.999884  -0.014021  0.005968  0.013999  0.999895  0.003844  -0.006021  -0.003760  0.999975  0.001533  0.000325  0.000794  0.000000  0.000000  0.000000  2.000000  
77.268805 0.005238  0.096543  -0.002621  0.999884  -0.014021  0.005968  0.013999  0.999895  0.003844  -0.006021  -0.003760  0.999975  0.001508  0.000395  0.000814  0.000000  0.000000  0.000000  2.000000  
77.269809 0.005239  0.096544  -0.002621  0.999884  -0.014021  0.005968  0.013999  0.999895  0.003844  -0.006021  -0.003760  0.999975  0.001449  0.000411  0.000755  0.000000  0.000000  0.000000  2.000000  
77.271055 0.005241  0.096545  -0.002620  0.999884  -0.014022  0.005966  0.013999  0.999894  0.003965  -0.006021  -0.003881  0.999974  0.001426  0.000479  0.000776  0.000000  0.000000  0.000000  2.000000  
77.272310 0.005242  0.096546  -0.002619  0.999884  -0.014022  0.005966  0.013999  0.999894  0.003965  -0.006021  -0.003881  0.999974  0.001387  0.000548  0.000727  0.000000  0.000000  0.000000  2.000000  
77.273311 0.005243  0.096547  -0.002619  0.999884  -0.014022  0.005966  0.013999  0.999894  0.003965  -0.006021  -0.003881  0.999974  0.001336  0.000586  0.000728  0.000000  0.000000  0.000000  2.000000  
77.274319 0.005244  0.096548  -0.002618  0.999884  -0.014023  0.005964  0.013999  0.999894  0.004087  -0.006021  -0.004003  0.999974  0.001282  0.000659  0.000711  0.000000  0.000000  0.000000  2.000000  
77.275562 0.005245  0.096549  -0.002617  0.999881  -0.014229  0.005963  0.014204  0.999891  0.004088  -0.006021  -0.004003  0.999974  0.001228  0.000697  0.000660  0.000000  0.000000  0.000000  2.000000  
77.276809 0.005246  0.096551  -0.002616  0.999880  -0.014229  0.006097  0.014204  0.999891  0.004090  -0.006155  -0.004003  0.999973  0.001178  0.000771  0.000695  0.000000  0.000000  0.000000  2.000000  
77.278058 0.005247  0.096552  -0.002615  0.999880  -0.014230  0.006095  0.014204  0.999890  0.004211  -0.006155  -0.004124  0.999973  0.001103  0.000835  0.000667  0.000000  0.000000  0.000000  2.000000  
77.279314 0.005248  0.096554  -0.002614  0.999880  -0.014230  0.006095  0.014204  0.999890  0.004211  -0.006155  -0.004124  0.999973  0.001072  0.000882  0.000679  0.000000  0.000000  0.000000  2.000000  
77.280322 0.005249  0.096555  -0.002613  0.999880  -0.014230  0.006095  0.014204  0.999890  0.004211  -0.006155  -0.004124  0.999973  0.001029  0.000932  0.000724  0.000000  0.000000  0.000000  2.000000  
77.281558 0.005250  0.096556  -0.002611  0.999880  -0.014231  0.006094  0.014204  0.999890  0.004332  -0.006155  -0.004245  0.999972  0.000989  0.000985  0.000771  0.000000  0.000000  0.000000  2.000000  
77.282558 0.005251  0.096558  -0.002609  0.999880  -0.014231  0.006094  0.014204  0.999890  0.004332  -0.006155  -0.004245  0.999972  0.000953  0.001012  0.000825  0.000000  0.000000  0.000000  2.000000  
77.283559 0.005252  0.096559  -0.002609  0.999880  -0.014231  0.006094  0.014204  0.999890  0.004332  -0.006155  -0.004245  0.999972  0.000966  0.001085  0.000825  0.000000  0.000000  0.000000  2.000000  
77.284808 0.005253  0.096560  -0.002607  0.999877  -0.014437  0.006091  0.014410  0.999886  0.004455  -0.006155  -0.004367  0.999972  0.000946  0.001124  0.000887  0.000000  0.000000  0.000000  2.000000  
77.285809 0.005255  0.096562  -0.002606  0.999877  -0.014437  0.006091  0.014410  0.999886  0.004455  -0.006155  -0.004367  0.999972  0.000954  0.001165  0.000891  0.000000  0.000000  0.000000  2.000000  
77.287054 0.005256  0.096563  -0.002605  0.999877  -0.014437  0.006091  0.014410  0.999886  0.004455  -0.006155  -0.004367  0.999972  0.000928  0.001172  0.000958  0.000000  0.000000  0.000000  2.000000  
77.288314 0.005258  0.096565  -0.002604  0.999877  -0.014438  0.006089  0.014410  0.999886  0.004576  -0.006155  -0.004488  0.999971  0.000995  0.001206  0.001008  0.000000  0.000000  0.000000  2.000000  
77.289557 0.005259  0.096566  -0.002603  0.999874  -0.014644  0.006088  0.014616  0.999883  0.004577  -0.006155  -0.004488  0.999971  0.001003  0.001184  0.001019  0.000000  0.000000  0.000000  2.000000  
77.290812 0.005261  0.096567  -0.002602  0.999874  -0.014645  0.006087  0.014616  0.999882  0.004699  -0.006155  -0.004609  0.999970  0.001024  0.001171  0.001033  0.000000  0.000000  0.000000  2.000000  
77.292062 0.005262  0.096569  -0.002601  0.999874  -0.014645  0.006087  0.014616  0.999882  0.004699  -0.006155  -0.004609  0.999970  0.001055  0.001188  0.001017  0.000000  0.000000  0.000000  2.000000  
77.293314 0.005264  0.096570  -0.002599  0.999874  -0.014645  0.006085  0.014616  0.999882  0.004820  -0.006155  -0.004730  0.999970  0.001117  0.001200  0.001019  0.000000  0.000000  0.000000  2.000000  
77.294318 0.005265  0.096572  -0.002598  0.999874  -0.014645  0.006085  0.014616  0.999882  0.004820  -0.006155  -0.004730  0.999970  0.001148  0.001216  0.001002  0.000000  0.000000  0.000000  2.000000  
77.295562 0.005267  0.096573  -0.002598  0.999871  -0.014852  0.006082  0.014822  0.999878  0.004943  -0.006155  -0.004852  0.999969  0.001183  0.001188  0.000947  0.000000  0.000000  0.000000  2.000000  
77.296812 0.005268  0.096575  -0.002597  0.999871  -0.014852  0.006082  0.014822  0.999878  0.004943  -0.006155  -0.004852  0.999969  0.001226  0.001214  0.000935  0.000000  0.000000  0.000000  2.000000  
77.298061 0.005270  0.096576  -0.002595  0.999871  -0.014853  0.006080  0.014822  0.999877  0.005064  -0.006155  -0.004973  0.999969  0.001205  0.001163  0.000925  0.000000  0.000000  0.000000  2.000000  
77.299062 0.005271  0.096577  -0.002594  0.999871  -0.014853  0.006080  0.014822  0.999877  0.005064  -0.006155  -0.004973  0.999969  0.001217  0.001159  0.000892  0.000000  0.000000  0.000000  2.000000  
77.300323 0.005273  0.096579  -0.002593  0.999868  -0.015059  0.006077  0.015028  0.999874  0.005186  -0.006155  -0.005094  0.999968  0.001246  0.001187  0.000912  0.000000  0.000000  0.000000  2.000000  
77.301557 0.005274  0.096580  -0.002592  0.999868  -0.015059  0.006077  0.015028  0.999874  0.005186  -0.006155  -0.005094  0.999968  0.001219  0.001191  0.000888  0.000000  0.000000  0.000000  2.000000  
77.302557 0.005275  0.096582  -0.002591  0.999868  -0.015059  0.006077  0.015028  0.999874  0.005186  -0.006155  -0.005094  0.999968  0.001219  0.001191  0.000888  0.000000  0.000000  0.000000  2.000000  
77.303560 0.005276  0.096583  -0.002590  0.999868  -0.015060  0.006076  0.015028  0.999873  0.005308  -0.006155  -0.005216  0.999967  0.001231  0.001233  0.000892  0.000000  0.000000  0.000000  2.000000  
77.304808 0.005278  0.096584  -0.002589  0.999865  -0.015266  0.006074  0.015234  0.999870  0.005309  -0.006155  -0.005216  0.999967  0.001212  0.001214  0.000879  0.000000  0.000000  0.000000  2.000000  
77.306055 0.005279  0.096586  -0.002588  0.999865  -0.015266  0.006073  0.015234  0.999869  0.005430  -0.006155  -0.005337  0.999967  0.001218  0.001237  0.000926  0.000000  0.000000  0.000000  2.000000  
77.307059 0.005280  0.096587  -0.002587  0.999865  -0.015266  0.006073  0.015234  0.999869  0.005430  -0.006155  -0.005337  0.999967  0.001190  0.001238  0.000900  0.000000  0.000000  0.000000  2.000000  
77.308305 0.005281  0.096588  -0.002586  0.999865  -0.015267  0.006071  0.015234  0.999869  0.005551  -0.006155  -0.005458  0.999966  0.001161  0.001210  0.000880  0.000000  0.000000  0.000000  2.000000  
77.309314 0.005283  0.096590  -0.002586  0.999865  -0.015267  0.006071  0.015234  0.999869  0.005551  -0.006155  -0.005458  0.999966  0.001173  0.001207  0.000848  0.000000  0.000000  0.000000  2.000000  
77.310323 0.005284  0.096591  -0.002585  0.999865  -0.015268  0.006069  0.015234  0.999868  0.005673  -0.006155  -0.005580  0.999965  0.001149  0.001201  0.000873  0.000000  0.000000  0.000000  2.000000  
77.311561 0.005285  0.096592  -0.002584  0.999865  -0.015269  0.006067  0.015234  0.999867  0.005794  -0.006155  -0.005701  0.999965  0.001120  0.001173  0.000853  0.000000  0.000000  0.000000  2.000000  
77.312811 0.005286  0.096593  -0.002584  0.999862  -0.015475  0.006066  0.015439  0.999864  0.005795  -0.006155  -0.005701  0.999965  0.001104  0.001141  0.000800  0.000000  0.000000  0.000000  2.000000  
77.313811 0.005287  0.096594  -0.002583  0.999862  -0.015475  0.006064  0.015439  0.999863  0.005917  -0.006155  -0.005822  0.999964  0.001074  0.001112  0.000779  0.000000  0.000000  0.000000  2.000000  
77.314812 0.005287  0.096595  -0.002583  0.999862  -0.015475  0.006064  0.015439  0.999863  0.005917  -0.006155  -0.005822  0.999964  0.001036  0.001106  0.000748  0.000000  0.000000  0.000000  2.000000  
77.316105 0.005289  0.096596  -0.002582  0.999862  -0.015476  0.006062  0.015439  0.999863  0.006038  -0.006155  -0.005943  0.999963  0.001016  0.001071  0.000692  0.000000  0.000000  0.000000  2.000000  
77.317313 0.005290  0.096597  -0.002581  0.999862  -0.015476  0.006062  0.015439  0.999863  0.006038  -0.006155  -0.005943  0.999963  0.000997  0.001022  0.000684  0.000000  0.000000  0.000000  2.000000  
77.318559 0.005291  0.096598  -0.002580  0.999862  -0.015477  0.006060  0.015439  0.999862  0.006159  -0.006155  -0.006065  0.999963  0.000981  0.001006  0.000673  0.000000  0.000000  0.000000  2.000000  
77.319806 0.005292  0.096599  -0.002579  0.999859  -0.015683  0.006057  0.015645  0.999858  0.006282  -0.006155  -0.006186  0.999962  0.000968  0.001009  0.000705  0.000000  0.000000  0.000000  2.000000  
77.320807 0.005293  0.096600  -0.002578  0.999859  -0.015683  0.006057  0.015645  0.999858  0.006282  -0.006155  -0.006186  0.999962  0.000938  0.000965  0.000642  0.000000  0.000000  0.000000  2.000000  
77.322054 0.005294  0.096601  -0.002577  0.999859  -0.015684  0.006055  0.015645  0.999857  0.006403  -0.006155  -0.006307  0.999961  0.000931  0.000928  0.000642  0.000000  0.000000  0.000000  2.000000  
77.323054 0.005295  0.096602  -0.002577  0.999859  -0.015684  0.006055  0.015645  0.999857  0.006403  -0.006155  -0.006307  0.999961  0.000901  0.000899  0.000622  0.000000  0.000000  0.000000  2.000000  
77.324061 0.005296  0.096603  -0.002576  0.999859  -0.015685  0.006053  0.015645  0.999856  0.006524  -0.006155  -0.006429  0.999960  0.000888  0.000902  0.000654  0.000000  0.000000  0.000000  2.000000  
77.325327 0.005297  0.096604  -0.002575  0.999859  -0.015685  0.006053  0.015645  0.999856  0.006524  -0.006155  -0.006429  0.999960  0.000872  0.000888  0.000644  0.000000  0.000000  0.000000  2.000000  
77.326558 0.005298  0.096605  -0.002575  0.999859  -0.015686  0.006051  0.015645  0.999856  0.006645  -0.006155  -0.006550  0.999960  0.000859  0.000874  0.000634  0.000000  0.000000  0.000000  2.000000  
77.327806 0.005299  0.096606  -0.002575  0.999855  -0.015891  0.006050  0.015851  0.999852  0.006647  -0.006155  -0.006550  0.999960  0.000872  0.000871  0.000601  0.000000  0.000000  0.000000  2.000000  
77.328809 0.005300  0.096607  -0.002574  0.999855  -0.015892  0.006048  0.015851  0.999851  0.006768  -0.006155  -0.006671  0.999959  0.000872  0.000871  0.000601  0.000000  0.000000  0.000000  2.000000  
77.330056 0.005301  0.096607  -0.002573  0.999855  -0.015893  0.006046  0.015851  0.999851  0.006889  -0.006155  -0.006792  0.999958  0.000859  0.000799  0.000601  0.000000  0.000000  0.000000  2.000000  
77.331058 0.005302  0.096608  -0.002573  0.999855  -0.015893  0.006046  0.015851  0.999851  0.006889  -0.006155  -0.006792  0.999958  0.000861  0.000801  0.000603  0.000000  0.000000  0.000000  2.000000  
77.332063 0.005303  0.096609  -0.002572  0.999855  -0.015894  0.006044  0.015851  0.999850  0.007011  -0.006155  -0.006914  0.999957  0.000873  0.000812  0.000611  0.000000  0.000000  0.000000  2.000000  
77.333065 0.005304  0.096610  -0.002572  0.999855  -0.015894  0.006044  0.015851  0.999850  0.007011  -0.006155  -0.006914  0.999957  0.000885  0.000809  0.000578  0.000000  0.000000  0.000000  2.000000  
77.334311 0.005304  0.096610  -0.002571  0.999855  -0.015894  0.006042  0.015851  0.999849  0.007132  -0.006155  -0.007035  0.999956  0.000869  0.000777  0.000524  0.000000  0.000000  0.000000  2.000000  
77.335334 0.005305  0.096611  -0.002571  0.999855  -0.015894  0.006042  0.015851  0.999849  0.007132  -0.006155  -0.007035  0.999956  0.000860  0.000769  0.000519  0.000000  0.000000  0.000000  2.000000  
77.336556 0.005306  0.096612  -0.002570  0.999852  -0.016101  0.006039  0.016057  0.999845  0.007254  -0.006155  -0.007156  0.999955  0.000839  0.000749  0.000504  0.000000  0.000000  0.000000  2.000000  
77.337557 0.005307  0.096613  -0.002569  0.999852  -0.016101  0.006039  0.016057  0.999845  0.007254  -0.006155  -0.007156  0.999955  0.000842  0.000768  0.000548  0.000000  0.000000  0.000000  2.000000  
77.338806 0.005308  0.096615  -0.002568  0.999852  -0.016102  0.006037  0.016057  0.999844  0.007376  -0.006155  -0.007278  0.999955  0.000848  0.000803  0.000548  0.000000  0.000000  0.000000  2.000000  
77.339806 0.005309  0.096615  -0.002568  0.999852  -0.016102  0.006037  0.016057  0.999844  0.007376  -0.006155  -0.007278  0.999955  0.000848  0.000803  0.000547  0.000000  0.000000  0.000000  2.000000  
77.340806 0.005310  0.096617  -0.002567  0.999852  -0.016102  0.006035  0.016057  0.999843  0.007497  -0.006155  -0.007399  0.999954  0.000863  0.000818  0.000559  0.000000  0.000000  0.000000  2.000000  
77.341808 0.005311  0.096618  -0.002566  0.999852  -0.016102  0.006035  0.016057  0.999843  0.007497  -0.006155  -0.007399  0.999954  0.000850  0.000821  0.000591  0.000000  0.000000  0.000000  2.000000  
77.342810 0.005312  0.096619  -0.002565  0.999852  -0.016102  0.006035  0.016057  0.999843  0.007497  -0.006155  -0.007399  0.999954  0.000873  0.000889  0.000644  0.000000  0.000000  0.000000  2.000000  
77.343815 0.005313  0.096620  -0.002564  0.999852  -0.016103  0.006033  0.016057  0.999842  0.007618  -0.006155  -0.007520  0.999953  0.000873  0.000889  0.000644  0.000000  0.000000  0.000000  2.000000  
77.345060 0.005314  0.096621  -0.002563  0.999852  -0.016103  0.006033  0.016057  0.999842  0.007618  -0.006155  -0.007520  0.999953  0.000896  0.000941  0.000656  0.000000  0.000000  0.000000  2.000000  
77.346061 0.005316  0.096623  -0.002562  0.999852  -0.016104  0.006031  0.016057  0.999841  0.007739  -0.006155  -0.007641  0.999952  0.000954  0.000998  0.000696  0.000000  0.000000  0.000000  2.000000  
77.347311 0.005317  0.096624  -0.002561  0.999849  -0.016310  0.006029  0.016263  0.999838  0.007741  -0.006155  -0.007641  0.999952  0.000941  0.001001  0.000729  0.000000  0.000000  0.000000  2.000000  
77.348311 0.005318  0.096625  -0.002560  0.999849  -0.016310  0.006027  0.016263  0.999837  0.007862  -0.006155  -0.007763  0.999951  0.000971  0.001030  0.000750  0.000000  0.000000  0.000000  2.000000  
77.349312 0.005320  0.096626  -0.002559  0.999849  -0.016310  0.006027  0.016263  0.999837  0.007862  -0.006155  -0.007763  0.999951  0.001009  0.001036  0.000781  0.000000  0.000000  0.000000  2.000000  
77.350324 0.005321  0.096627  -0.002559  0.999849  -0.016311  0.006025  0.016263  0.999836  0.007983  -0.006155  -0.007884  0.999950  0.001051  0.001076  0.000809  0.000000  0.000000  0.000000  2.000000  
77.351557 0.005323  0.096629  -0.002558  0.999849  -0.016311  0.006025  0.016263  0.999836  0.007983  -0.006155  -0.007884  0.999950  0.001095  0.001088  0.000757  0.000000  0.000000  0.000000  2.000000  
77.352559 0.005324  0.096630  -0.002557  0.999849  -0.016312  0.006023  0.016263  0.999835  0.008105  -0.006155  -0.008005  0.999949  0.001124  0.001116  0.000777  0.000000  0.000000  0.000000  2.000000  
77.353560 0.005325  0.096631  -0.002556  0.999849  -0.016312  0.006023  0.016263  0.999835  0.008105  -0.006155  -0.008005  0.999949  0.001162  0.001123  0.000808  0.000000  0.000000  0.000000  2.000000  
77.354809 0.005327  0.096633  -0.002556  0.999849  -0.016313  0.006022  0.016263  0.999834  0.008226  -0.006155  -0.008127  0.999948  0.001206  0.001149  0.000796  0.000000  0.000000  0.000000  2.000000  
77.356056 0.005329  0.096635  -0.002554  0.999849  -0.016313  0.006022  0.016263  0.999834  0.008226  -0.006155  -0.008127  0.999948  0.001244  0.001186  0.000824  0.000000  0.000000  0.000000  2.000000  
77.357060 0.005330  0.096636  -0.002553  0.999849  -0.016313  0.006022  0.016263  0.999834  0.008226  -0.006155  -0.008127  0.999948  0.001266  0.001162  0.000802  0.000000  0.000000  0.000000  2.000000  
77.358305 0.005333  0.096638  -0.002552  0.999849  -0.016313  0.006020  0.016263  0.999833  0.008347  -0.006155  -0.008248  0.999947  0.001325  0.001219  0.000843  0.000000  0.000000  0.000000  2.000000  
77.359318 0.005334  0.096639  -0.002551  0.999849  -0.016313  0.006020  0.016263  0.999833  0.008347  -0.006155  -0.008248  0.999947  0.001345  0.001238  0.000856  0.000000  0.000000  0.000000  2.000000  
77.360322 0.005335  0.096641  -0.002550  0.999849  -0.016314  0.006018  0.016263  0.999832  0.008468  -0.006155  -0.008369  0.999946  0.001345  0.001237  0.000856  0.000000  0.000000  0.000000  2.000000  
77.361559 0.005337  0.096643  -0.002548  0.999849  -0.016314  0.006018  0.016263  0.999832  0.008468  -0.006155  -0.008369  0.999946  0.001412  0.001303  0.000904  0.000000  0.000000  0.000000  2.000000  
77.362559 0.005339  0.096644  -0.002548  0.999849  -0.016315  0.006016  0.016263  0.999831  0.008590  -0.006155  -0.008491  0.999945  0.001412  0.001303  0.000904  0.000000  0.000000  0.000000  2.000000  
77.363809 0.005340  0.096646  -0.002546  0.999849  -0.016315  0.006016  0.016263  0.999831  0.008590  -0.006155  -0.008491  0.999945  0.001441  0.001331  0.000924  0.000000  0.000000  0.000000  2.000000  
77.364809 0.005342  0.096647  -0.002545  0.999849  -0.016315  0.006016  0.016263  0.999831  0.008590  -0.006155  -0.008491  0.999945  0.001457  0.001376  0.000930  0.000000  0.000000  0.000000  2.000000  
77.366059 0.005344  0.096649  -0.002544  0.999849  -0.016315  0.006014  0.016263  0.999830  0.008711  -0.006155  -0.008612  0.999944  0.001450  0.001385  0.000967  0.000000  0.000000  0.000000  2.000000  
77.367305 0.005346  0.096650  -0.002543  0.999849  -0.016315  0.006014  0.016263  0.999830  0.008711  -0.006155  -0.008612  0.999944  0.001487  0.001391  0.000997  0.000000  0.000000  0.000000  2.000000  
77.368305 0.005347  0.096652  -0.002542  0.999849  -0.016316  0.006012  0.016263  0.999829  0.008832  -0.006155  -0.008733  0.999943  0.001488  0.001392  0.000998  0.000000  0.000000  0.000000  2.000000  
77.369307 0.005348  0.096653  -0.002541  0.999849  -0.016316  0.006012  0.016263  0.999829  0.008832  -0.006155  -0.008733  0.999943  0.001482  0.001386  0.000993  0.000000  0.000000  0.000000  2.000000  
77.370431 0.005350  0.096654  -0.002540  0.999849  -0.016317  0.006010  0.016263  0.999828  0.008953  -0.006155  -0.008854  0.999942  0.001427  0.001349  0.000998  0.000000  0.000000  0.000000  2.000000  
77.371556 0.005351  0.096656  -0.002539  0.999849  -0.016317  0.006010  0.016263  0.999828  0.008953  -0.006155  -0.008854  0.999942  0.001436  0.001388  0.000999  0.000000  0.000000  0.000000  2.000000  
77.372558 0.005353  0.096658  -0.002538  0.999849  -0.016318  0.006008  0.016263  0.999827  0.009075  -0.006155  -0.008976  0.999941  0.001436  0.001388  0.000999  0.000000  0.000000  0.000000  2.000000  
77.373804 0.005354  0.096659  -0.002537  0.999849  -0.016318  0.006008  0.016263  0.999827  0.009075  -0.006155  -0.008976  0.999941  0.001437  0.001389  0.001000  0.000000  0.000000  0.000000  2.000000  
77.374806 0.005355  0.096660  -0.002536  0.999849  -0.016318  0.006008  0.016263  0.999827  0.009075  -0.006155  -0.008976  0.999941  0.001378  0.001332  0.000959  0.000000  0.000000  0.000000  2.000000  
77.375812 0.005357  0.096661  -0.002535  0.999849  -0.016318  0.006006  0.016263  0.999825  0.009196  -0.006155  -0.009097  0.999940  0.001371  0.001325  0.000954  0.000000  0.000000  0.000000  2.000000  
77.377064 0.005358  0.096663  -0.002533  0.999849  -0.016318  0.006006  0.016263  0.999825  0.009196  -0.006155  -0.009097  0.999940  0.001358  0.001329  0.000987  0.000000  0.000000  0.000000  2.000000  
77.378322 0.005360  0.096664  -0.002532  0.999849  -0.016319  0.006004  0.016263  0.999824  0.009317  -0.006155  -0.009218  0.999939  0.001297  0.001270  0.000945  0.000000  0.000000  0.000000  2.000000  
77.379558 0.005361  0.096666  -0.002531  0.999849  -0.016319  0.006004  0.016263  0.999824  0.009317  -0.006155  -0.009218  0.999939  0.001264  0.001253  0.000962  0.000000  0.000000  0.000000  2.000000  
77.380561 0.005362  0.096667  -0.002530  0.999849  -0.016319  0.006004  0.016263  0.999824  0.009317  -0.006155  -0.009218  0.999939  0.001255  0.001245  0.000958  0.000000  0.000000  0.000000  2.000000  
77.381809 0.005363  0.096668  -0.002529  0.999845  -0.016526  0.006000  0.016469  0.999820  0.009440  -0.006155  -0.009340  0.999937  0.001217  0.001238  0.000927  0.000000  0.000000  0.000000  2.000000  
77.383066 0.005365  0.096670  -0.002528  0.999845  -0.016526  0.006000  0.016469  0.999820  0.009440  -0.006155  -0.009340  0.999937  0.001187  0.001209  0.000905  0.000000  0.000000  0.000000  2.000000  
77.384311 0.005366  0.096671  -0.002527  0.999845  -0.016526  0.006000  0.016469  0.999820  0.009440  -0.006155  -0.009340  0.999937  0.001144  0.001184  0.000918  0.000000  0.000000  0.000000  2.000000  
77.385312 0.005367  0.096672  -0.002526  0.999845  -0.016526  0.005998  0.016469  0.999819  0.009561  -0.006155  -0.009461  0.999936  0.001134  0.001174  0.000910  0.000000  0.000000  0.000000  2.000000  
77.386318 0.005368  0.096673  -0.002526  0.999845  -0.016526  0.005998  0.016469  0.999819  0.009561  -0.006155  -0.009461  0.999936  0.001092  0.001103  0.000886  0.000000  0.000000  0.000000  2.000000  
77.387419 0.005369  0.096673  -0.002525  0.999845  -0.016526  0.005998  0.016469  0.999819  0.009561  -0.006155  -0.009461  0.999936  0.001063  0.001045  0.000870  0.000000  0.000000  0.000000  2.000000  
77.388557 0.005369  0.096674  -0.002524  0.999845  -0.016527  0.005996  0.016469  0.999818  0.009682  -0.006155  -0.009582  0.999935  0.001012  0.000995  0.000835  0.000000  0.000000  0.000000  2.000000  
77.389559 0.005370  0.096675  -0.002524  0.999845  -0.016527  0.005996  0.016469  0.999818  0.009682  -0.006155  -0.009582  0.999935  0.000995  0.000979  0.000821  0.000000  0.000000  0.000000  2.000000  
77.390560 0.005371  0.096676  -0.002523  0.999845  -0.016527  0.005996  0.016469  0.999818  0.009682  -0.006155  -0.009582  0.999935  0.000982  0.000967  0.000814  0.000000  0.000000  0.000000  2.000000  
77.391805 0.005372  0.096676  -0.002522  0.999845  -0.016527  0.005996  0.016469  0.999818  0.009682  -0.006155  -0.009582  0.999935  0.000949  0.000920  0.000748  0.000000  0.000000  0.000000  2.000000  
77.392811 0.005372  0.096677  -0.002522  0.999842  -0.016734  0.005992  0.016674  0.999813  0.009805  -0.006155  -0.009703  0.999934  0.000906  0.000877  0.000719  0.000000  0.000000  0.000000  2.000000  
77.394062 0.005373  0.096678  -0.002521  0.999842  -0.016734  0.005992  0.016674  0.999813  0.009805  -0.006155  -0.009703  0.999934  0.000846  0.000820  0.000678  0.000000  0.000000  0.000000  2.000000  
77.395312 0.005374  0.096679  -0.002521  0.999842  -0.016734  0.005992  0.016674  0.999813  0.009805  -0.006155  -0.009703  0.999934  0.000846  0.000804  0.000634  0.000000  0.000000  0.000000  2.000000  
77.396559 0.005375  0.096679  -0.002520  0.999842  -0.016734  0.005992  0.016674  0.999813  0.009805  -0.006155  -0.009703  0.999934  0.000800  0.000759  0.000603  0.000000  0.000000  0.000000  2.000000  
77.397809 0.005376  0.096680  -0.002520  0.999842  -0.016734  0.005990  0.016674  0.999812  0.009926  -0.006155  -0.009825  0.999933  0.000770  0.000730  0.000583  0.000000  0.000000  0.000000  2.000000  
77.399059 0.005376  0.096681  -0.002519  0.999842  -0.016734  0.005990  0.016674  0.999812  0.009926  -0.006155  -0.009825  0.999933  0.000724  0.000670  0.000508  0.000000  0.000000  0.000000  2.000000  
77.400323 0.005377  0.096682  -0.002519  0.999839  -0.016940  0.005988  0.016880  0.999808  0.009927  -0.006155  -0.009825  0.999933  0.000693  0.000640  0.000487  0.000000  0.000000  0.000000  2.000000  
77.401556 0.005378  0.096682  -0.002518  0.999839  -0.016940  0.005988  0.016880  0.999808  0.009927  -0.006155  -0.009825  0.999933  0.000653  0.000602  0.000459  0.000000  0.000000  0.000000  2.000000  
77.402805 0.005379  0.096683  -0.002518  0.999839  -0.016941  0.005986  0.016880  0.999807  0.010049  -0.006155  -0.009946  0.999932  0.000645  0.000624  0.000449  0.000000  0.000000  0.000000  2.000000  
77.403807 0.005379  0.096683  -0.002517  0.999839  -0.016941  0.005986  0.016880  0.999807  0.010049  -0.006155  -0.009946  0.999932  0.000626  0.000605  0.000436  0.000000  0.000000  0.000000  2.000000  
77.405055 0.005380  0.096684  -0.002517  0.999839  -0.016941  0.005986  0.016880  0.999807  0.010049  -0.006155  -0.009946  0.999932  0.000586  0.000567  0.000408  0.000000  0.000000  0.000000  2.000000  
77.406064 0.005380  0.096684  -0.002517  0.999835  -0.017147  0.005984  0.017086  0.999804  0.010050  -0.006155  -0.009946  0.999932  0.000557  0.000539  0.000388  0.000000  0.000000  0.000000  2.000000  
77.407066 0.005381  0.096684  -0.002517  0.999835  -0.017147  0.005984  0.017086  0.999804  0.010050  -0.006155  -0.009946  0.999932  0.000549  0.000516  0.000341  0.000000  0.000000  0.000000  2.000000  
77.408309 0.005381  0.096685  -0.002517  0.999835  -0.017147  0.005984  0.017086  0.999804  0.010050  -0.006155  -0.009946  0.999932  0.000541  0.000507  0.000335  0.000000  0.000000  0.000000  2.000000  
77.409316 0.005381  0.096685  -0.002516  0.999835  -0.017148  0.005981  0.017086  0.999802  0.010171  -0.006155  -0.010067  0.999930  0.000511  0.000479  0.000315  0.000000  0.000000  0.000000  2.000000  
77.410324 0.005381  0.096685  -0.002516  0.999835  -0.017148  0.005981  0.017086  0.999802  0.010171  -0.006155  -0.010067  0.999930  0.000460  0.000429  0.000278  0.000000  0.000000  0.000000  2.000000  
77.411580 0.005382  0.096686  -0.002516  0.999835  -0.017148  0.005981  0.017086  0.999802  0.010171  -0.006155  -0.010067  0.999930  0.000460  0.000429  0.000278  0.000000  0.000000  0.000000  2.000000  
77.412809 0.005382  0.096686  -0.002516  0.999832  -0.017353  0.005979  0.017292  0.999799  0.010172  -0.006155  -0.010067  0.999930  0.000423  0.000394  0.000253  0.000000  0.000000  0.000000  2.000000  
77.414058 0.005383  0.096687  -0.002516  0.999832  -0.017353  0.005979  0.017292  0.999799  0.010172  -0.006155  -0.010067  0.999930  0.000423  0.000394  0.000253  0.000000  0.000000  0.000000  2.000000  
77.415312 0.005383  0.096687  -0.002515  0.999832  -0.017353  0.005979  0.017292  0.999799  0.010172  -0.006155  -0.010067  0.999930  0.000394  0.000366  0.000233  0.000000  0.000000  0.000000  2.000000  
77.416557 0.005384  0.096688  -0.002515  0.999832  -0.017354  0.005977  0.017292  0.999797  0.010294  -0.006155  -0.010189  0.999929  0.000363  0.000365  0.000206  0.000000  0.000000  0.000000  2.000000  
77.417558 0.005384  0.096688  -0.002515  0.999832  -0.017354  0.005977  0.017292  0.999797  0.010294  -0.006155  -0.010189  0.999929  0.000363  0.000365  0.000206  0.000000  0.000000  0.000000  2.000000  
77.418806 0.005384  0.096688  -0.002515  0.999832  -0.017354  0.005977  0.017292  0.999797  0.010294  -0.006155  -0.010189  0.999929  0.000327  0.000331  0.000182  0.000000  0.000000  0.000000  2.000000  
77.419809 0.005384  0.096689  -0.002514  0.999828  -0.017560  0.005975  0.017498  0.999794  0.010295  -0.006155  -0.010189  0.999929  0.000333  0.000336  0.000185  0.000000  0.000000  0.000000  2.000000  
77.421061 0.005385  0.096689  -0.002514  0.999828  -0.017560  0.005975  0.017498  0.999794  0.010295  -0.006155  -0.010189  0.999929  0.000327  0.000331  0.000182  0.000000  0.000000  0.000000  2.000000  
77.422312 0.005385  0.096689  -0.002514  0.999828  -0.017560  0.005975  0.017498  0.999794  0.010295  -0.006155  -0.010189  0.999929  0.000282  0.000333  0.000187  0.000000  0.000000  0.000000  2.000000  
77.423557 0.005385  0.096690  -0.002514  0.999828  -0.017561  0.005973  0.017498  0.999793  0.010416  -0.006155  -0.010310  0.999928  0.000277  0.000327  0.000184  0.000000  0.000000  0.000000  2.000000  
77.424559 0.005386  0.096690  -0.002514  0.999828  -0.017561  0.005973  0.017498  0.999793  0.010416  -0.006155  -0.010310  0.999928  0.000282  0.000333  0.000187  0.000000  0.000000  0.000000  2.000000  
77.425563 0.005386  0.096690  -0.002514  0.999828  -0.017561  0.005973  0.017498  0.999793  0.010416  -0.006155  -0.010310  0.999928  0.000252  0.000304  0.000166  0.000000  0.000000  0.000000  2.000000  
77.426809 0.005386  0.096691  -0.002513  0.999828  -0.017561  0.005973  0.017498  0.999793  0.010416  -0.006155  -0.010310  0.999928  0.000252  0.000304  0.000166  0.000000  0.000000  0.000000  2.000000  
77.428063 0.005386  0.096691  -0.002513  0.999828  -0.017561  0.005973  0.017498  0.999793  0.010416  -0.006155  -0.010310  0.999928  0.000218  0.000271  0.000143  0.000000  0.000000  0.000000  2.000000  
77.429311 0.005387  0.096691  -0.002513  0.999828  -0.017561  0.005973  0.017498  0.999793  0.010416  -0.006155  -0.010310  0.999928  0.000218  0.000271  0.000143  0.000000  0.000000  0.000000  2.000000  
77.430322 0.005387  0.096691  -0.002513  0.999824  -0.017767  0.005969  0.017704  0.999788  0.010539  -0.006155  -0.010431  0.999927  0.000222  0.000275  0.000145  0.000000  0.000000  0.000000  2.000000  
77.431558 0.005387  0.096692  -0.002513  0.999824  -0.017767  0.005969  0.017704  0.999788  0.010539  -0.006155  -0.010431  0.999927  0.000230  0.000253  0.000156  0.000000  0.000000  0.000000  2.000000  
77.432559 0.005387  0.096692  -0.002513  0.999824  -0.017767  0.005969  0.017704  0.999788  0.010539  -0.006155  -0.010431  0.999927  0.000200  0.000224  0.000135  0.000000  0.000000  0.000000  2.000000  
77.433809 0.005387  0.096692  -0.002512  0.999824  -0.017767  0.005969  0.017704  0.999788  0.010539  -0.006155  -0.010431  0.999927  0.000200  0.000224  0.000135  0.000000  0.000000  0.000000  2.000000  
77.435058 0.005387  0.096692  -0.002512  0.999824  -0.017767  0.005969  0.017704  0.999788  0.010539  -0.006155  -0.010431  0.999927  0.000184  0.000223  0.000165  0.000000  0.000000  0.000000  2.000000  
77.436304 0.005388  0.096692  -0.002512  0.999824  -0.017767  0.005969  0.017704  0.999788  0.010539  -0.006155  -0.010431  0.999927  0.000184  0.000224  0.000165  0.000000  0.000000  0.000000  2.000000  
77.437394 0.005388  0.096692  -0.002512  0.999824  -0.017768  0.005967  0.017704  0.999786  0.010660  -0.006155  -0.010552  0.999925  0.000165  0.000175  0.000156  0.000000  0.000000  0.000000  2.000000  
77.438555 0.005388  0.096693  -0.002511  0.999824  -0.017768  0.005967  0.017704  0.999786  0.010660  -0.006155  -0.010552  0.999925  0.000192  0.000202  0.000175  0.000000  0.000000  0.000000  2.000000  
77.439560 0.005388  0.096693  -0.002511  0.999824  -0.017768  0.005967  0.017704  0.999786  0.010660  -0.006155  -0.010552  0.999925  0.000166  0.000176  0.000157  0.000000  0.000000  0.000000  2.000000  
77.440806 0.005389  0.096693  -0.002511  0.999824  -0.017768  0.005967  0.017704  0.999786  0.010660  -0.006155  -0.010552  0.999925  0.000192  0.000202  0.000175  0.000000  0.000000  0.000000  2.000000  
77.442065 0.005389  0.096693  -0.002511  0.999824  -0.017768  0.005967  0.017704  0.999786  0.010660  -0.006155  -0.010552  0.999925  0.000163  0.000173  0.000155  0.000000  0.000000  0.000000  2.000000  
77.443310 0.005389  0.096694  -0.002511  0.999824  -0.017769  0.005964  0.017704  0.999785  0.010781  -0.006155  -0.010674  0.999924  0.000192  0.000202  0.000175  0.000000  0.000000  0.000000  2.000000  
77.444311 0.005389  0.096694  -0.002511  0.999824  -0.017769  0.005964  0.017704  0.999785  0.010781  -0.006155  -0.010674  0.999924  0.000166  0.000176  0.000157  0.000000  0.000000  0.000000  2.000000  
77.445559 0.005389  0.096693  -0.002511  0.999824  -0.017769  0.005964  0.017704  0.999785  0.010781  -0.006155  -0.010674  0.999924  0.000174  0.000154  0.000168  0.000000  0.000000  0.000000  2.000000  
77.446560 0.005389  0.096693  -0.002511  0.999824  -0.017769  0.005964  0.017704  0.999785  0.010781  -0.006155  -0.010674  0.999924  0.000144  0.000125  0.000147  0.000000  0.000000  0.000000  2.000000  
77.447810 0.005390  0.096694  -0.002510  0.999824  -0.017769  0.005964  0.017704  0.999785  0.010781  -0.006155  -0.010674  0.999924  0.000174  0.000154  0.000168  0.000000  0.000000  0.000000  2.000000  
77.449058 0.005390  0.096694  -0.002510  0.999824  -0.017769  0.005964  0.017704  0.999785  0.010781  -0.006155  -0.010674  0.999924  0.000142  0.000123  0.000144  0.000000  0.000000  0.000000  2.000000  
77.450059 0.005390  0.096694  -0.002511  0.999824  -0.017769  0.005962  0.017704  0.999784  0.010902  -0.006155  -0.010795  0.999923  0.000170  0.000119  0.000081  0.000000  0.000000  0.000000  2.000000  
77.451060 0.005390  0.096694  -0.002510  0.999824  -0.017769  0.005962  0.017704  0.999784  0.010902  -0.006155  -0.010795  0.999923  0.000178  0.000096  0.000091  0.000000  0.000000  0.000000  2.000000  
77.452065 0.005390  0.096694  -0.002510  0.999824  -0.017769  0.005962  0.017704  0.999784  0.010902  -0.006155  -0.010795  0.999923  0.000176  0.000095  0.000090  0.000000  0.000000  0.000000  2.000000  
77.453335 0.005390  0.096694  -0.002510  0.999824  -0.017769  0.005962  0.017704  0.999784  0.010902  -0.006155  -0.010795  0.999923  0.000148  0.000067  0.000070  0.000000  0.000000  0.000000  2.000000  
77.454560 0.005391  0.096694  -0.002510  0.999824  -0.017769  0.005962  0.017704  0.999784  0.010902  -0.006155  -0.010795  0.999923  0.000178  0.000096  0.000091  0.000000  0.000000  0.000000  2.000000  
77.455804 0.005391  0.096694  -0.002510  0.999824  -0.017770  0.005960  0.017704  0.999783  0.011024  -0.006155  -0.010916  0.999921  0.000146  0.000066  0.000069  0.000000  0.000000  0.000000  2.000000  
77.456807 0.005391  0.096694  -0.002510  0.999824  -0.017770  0.005960  0.017704  0.999783  0.011024  -0.006155  -0.010916  0.999921  0.000162  0.000065  0.000038  0.000000  0.000000  0.000000  2.000000  
77.458057 0.005391  0.096694  -0.002510  0.999824  -0.017770  0.005960  0.017704  0.999783  0.011024  -0.006155  -0.010916  0.999921  0.000197  0.000070  0.000068  0.000000  0.000000  0.000000  2.000000  
77.459063 0.005391  0.096694  -0.002510  0.999824  -0.017770  0.005960  0.017704  0.999783  0.011024  -0.006155  -0.010916  0.999921  0.000170  0.000042  0.000048  0.000000  0.000000  0.000000  2.000000  
77.460323 0.005391  0.096694  -0.002510  0.999824  -0.017770  0.005960  0.017704  0.999783  0.011024  -0.006155  -0.010916  0.999921  0.000162  0.000064  0.000038  0.000000  0.000000  0.000000  2.000000  
77.461559 0.005391  0.096694  -0.002510  0.999824  -0.017771  0.005958  0.017704  0.999781  0.011145  -0.006155  -0.011038  0.999920  0.000159  0.000063  0.000037  0.000000  0.000000  0.000000  2.000000  
77.462810 0.005392  0.096695  -0.002510  0.999824  -0.017771  0.005958  0.017704  0.999781  0.011145  -0.006155  -0.011038  0.999920  0.000159  0.000063  0.000037  0.000000  0.000000  0.000000  2.000000  
77.464059 0.005392  0.096694  -0.002510  0.999824  -0.017771  0.005958  0.017704  0.999781  0.011145  -0.006155  -0.011038  0.999920  0.000170  0.000042  0.000048  0.000000  0.000000  0.000000  2.000000  
77.465059 0.005392  0.096694  -0.002510  0.999824  -0.017771  0.005958  0.017704  0.999781  0.011145  -0.006155  -0.011038  0.999920  0.000170  0.000042  0.000048  0.000000  0.000000  0.000000  2.000000  
77.466062 0.005392  0.096694  -0.002510  0.999824  -0.017772  0.005956  0.017704  0.999780  0.011266  -0.006155  -0.011159  0.999919  0.000132  0.000036  0.000017  0.000000  0.000000  0.000000  2.000000  
