1-Time 2-Px 3-Py 4-Pz 5-R11 6-R21 7-R31 8-R12 9-R22 10-R32 11-R13 12-R23 13-R33 14-Vx 15-Vy 16-Vz 17-Wx 18-Wy 19-Wz 20-state 21-PR11 22-PR21 23-PR31 24-PR12 25-PR22 26-PR32 27-PR13 28-PR23 29-PR33 
143.797765 0.009268  0.092242  -0.015091  0.999606  0.022292  -0.017074  -0.021611  0.999003  0.039062  0.017928  -0.038678  0.999091  -0.000359  0.000432  0.001737  0.000000  0.000000  0.000000  2.000000  
143.798767 0.009267  0.092243  -0.015090  0.999606  0.022292  -0.017074  -0.021611  0.999003  0.039062  0.017928  -0.038678  0.999091  -0.000392  0.000382  0.001765  0.000000  0.000000  0.000000  2.000000  
143.799768 0.009268  0.092242  -0.015087  0.999606  0.022292  -0.017074  -0.021611  0.999003  0.039062  0.017928  -0.038678  0.999091  -0.000342  0.000335  0.001852  0.000000  0.000000  0.000000  2.000000  
143.801017 0.009269  0.092240  -0.015085  0.999599  0.022505  -0.017197  -0.021817  0.998994  0.039190  0.018062  -0.038799  0.999084  -0.000250  0.000146  0.001841  0.000000  0.000000  0.000000  2.000000  
143.802018 0.009270  0.092238  -0.015084  0.999599  0.022507  -0.017194  -0.021817  0.998989  0.039311  0.018062  -0.038920  0.999079  -0.000136  0.000012  0.001841  0.000000  0.000000  0.000000  2.000000  
143.803267 0.009272  0.092236  -0.015081  0.999599  0.022509  -0.017192  -0.021817  0.998984  0.039432  0.018062  -0.039041  0.999074  0.000029  -0.000230  0.001841  0.000000  0.000000  0.000000  2.000000  
143.804520 0.009274  0.092233  -0.015079  0.999592  0.022722  -0.017314  -0.022023  0.998974  0.039560  0.018196  -0.039162  0.999067  0.000216  -0.000418  0.001852  0.000000  0.000000  0.000000  2.000000  
143.805530 0.009277  0.092231  -0.015078  0.999592  0.022724  -0.017312  -0.022023  0.998970  0.039681  0.018196  -0.039284  0.999062  0.000414  -0.000609  0.001823  0.000000  0.000000  0.000000  2.000000  
143.806772 0.009280  0.092228  -0.015075  0.999585  0.022939  -0.017432  -0.022229  0.998955  0.039930  0.018329  -0.039526  0.999050  0.000675  -0.000851  0.001846  0.000000  0.000000  0.000000  2.000000  
143.808018 0.009284  0.092225  -0.015073  0.999580  0.023147  -0.017421  -0.022434  0.998946  0.040055  0.018329  -0.039647  0.999046  0.000936  -0.001070  0.001820  0.000000  0.000000  0.000000  2.000000  
143.809019 0.009286  0.092223  -0.015071  0.999576  0.023353  -0.017412  -0.022640  0.998941  0.040058  0.018329  -0.039647  0.999046  0.001155  -0.001230  0.001852  0.000000  0.000000  0.000000  2.000000  
143.810020 0.009290  0.092221  -0.015069  0.999573  0.023360  -0.017543  -0.022640  0.998936  0.040182  0.018463  -0.039768  0.999038  0.001407  -0.001341  0.001858  0.000000  0.000000  0.000000  2.000000  
143.811025 0.009293  0.092220  -0.015066  0.999568  0.023568  -0.017532  -0.022846  0.998926  0.040307  0.018463  -0.039889  0.999034  0.001688  -0.001446  0.001931  0.000000  0.000000  0.000000  2.000000  
143.812273 0.009298  0.092218  -0.015063  0.999564  0.023776  -0.017521  -0.023052  0.998916  0.040432  0.018463  -0.040011  0.999029  0.002045  -0.001665  0.001927  0.000000  0.000000  0.000000  2.000000  
143.813274 0.009302  0.092216  -0.015060  0.999561  0.023783  -0.017652  -0.023052  0.998911  0.040556  0.018597  -0.040132  0.999021  0.002359  -0.001826  0.001983  0.000000  0.000000  0.000000  2.000000  
143.814528 0.009307  0.092213  -0.015057  0.999554  0.023996  -0.017774  -0.023257  0.998901  0.040684  0.018731  -0.040253  0.999014  0.002693  -0.001933  0.002047  0.000000  0.000000  0.000000  2.000000  
143.815541 0.009311  0.092210  -0.015054  0.999549  0.024204  -0.017763  -0.023463  0.998891  0.040809  0.018731  -0.040374  0.999009  0.002917  -0.002058  0.002176  0.000000  0.000000  0.000000  2.000000  
143.816771 0.009317  0.092207  -0.015050  0.999542  0.024420  -0.017882  -0.023669  0.998876  0.041058  0.018864  -0.040616  0.998997  0.003170  -0.002134  0.002321  0.000000  0.000000  0.000000  2.000000  
143.817775 0.009320  0.092203  -0.015047  0.999539  0.024429  -0.018010  -0.023669  0.998866  0.041304  0.018998  -0.040858  0.998984  0.003313  -0.002264  0.002390  0.000000  0.000000  0.000000  2.000000  
143.818791 0.009324  0.092198  -0.015044  0.999534  0.024637  -0.017998  -0.023874  0.998856  0.041428  0.018998  -0.040980  0.998979  0.003473  -0.002443  0.002475  0.000000  0.000000  0.000000  2.000000  
143.820020 0.009329  0.092192  -0.015040  0.999527  0.024855  -0.018114  -0.024080  0.998836  0.041799  0.019132  -0.041343  0.998962  0.003599  -0.002653  0.002586  0.000000  0.000000  0.000000  2.000000  
143.821270 0.009333  0.092185  -0.015037  0.999524  0.024865  -0.018242  -0.024080  0.998826  0.042044  0.019266  -0.041585  0.998949  0.003637  -0.002948  0.002597  0.000000  0.000000  0.000000  2.000000  
143.822522 0.009338  0.092177  -0.015034  0.999517  0.025080  -0.018361  -0.024286  0.998810  0.042294  0.019400  -0.041827  0.998936  0.003714  -0.003234  0.002632  0.000000  0.000000  0.000000  2.000000  
143.823527 0.009341  0.092172  -0.015033  0.999517  0.025085  -0.018355  -0.024286  0.998800  0.042536  0.019400  -0.042070  0.998926  0.003741  -0.003504  0.002621  0.000000  0.000000  0.000000  2.000000  
143.824769 0.009345  0.092164  -0.015031  0.999509  0.025303  -0.018470  -0.024492  0.998779  0.042907  0.019533  -0.042433  0.998908  0.003749  -0.003910  0.002567  0.000000  0.000000  0.000000  2.000000  
143.825771 0.009348  0.092158  -0.015030  0.999504  0.025511  -0.018458  -0.024697  0.998768  0.043031  0.019533  -0.042554  0.998903  0.003704  -0.004163  0.002470  0.000000  0.000000  0.000000  2.000000  
143.826771 0.009351  0.092152  -0.015028  0.999504  0.025515  -0.018452  -0.024697  0.998758  0.043274  0.019533  -0.042797  0.998893  0.003680  -0.004449  0.002467  0.000000  0.000000  0.000000  2.000000  
143.828019 0.009355  0.092145  -0.015025  0.999504  0.025520  -0.018446  -0.024697  0.998747  0.043516  0.019533  -0.043039  0.998882  0.003603  -0.004744  0.002400  0.000000  0.000000  0.000000  2.000000  
143.829022 0.009357  0.092139  -0.015023  0.999499  0.025730  -0.018431  -0.024903  0.998732  0.043762  0.019533  -0.043281  0.998872  0.003474  -0.004979  0.002372  0.000000  0.000000  0.000000  2.000000  
143.830270 0.009361  0.092133  -0.015019  0.999496  0.025740  -0.018558  -0.024903  0.998721  0.044008  0.019667  -0.043523  0.998859  0.003366  -0.005266  0.002364  0.000000  0.000000  0.000000  2.000000  
143.831272 0.009363  0.092127  -0.015016  0.999496  0.025745  -0.018552  -0.024903  0.998710  0.044250  0.019667  -0.043766  0.998848  0.003234  -0.005440  0.002320  0.169080  0.049625  0.105895  2.000000  
143.832516 0.009365  0.092119  -0.015012  0.999496  0.025749  -0.018546  -0.024903  0.998699  0.044492  0.019667  -0.044008  0.998838  0.003089  -0.005629  0.002379  0.171841  0.049229  0.105099  2.000000  
143.833767 0.009368  0.092111  -0.015007  0.999496  0.025754  -0.018539  -0.024903  0.998688  0.044735  0.019667  -0.044250  0.998827  0.002890  -0.005783  0.002479  0.173073  0.045387  0.098841  2.000000  
143.835019 0.009369  0.092102  -0.015001  0.999494  0.025766  -0.018664  -0.024903  0.998672  0.045101  0.019801  -0.044614  0.998808  0.002649  -0.005970  0.002598  0.181226  0.049854  0.099036  2.000000  
143.836270 0.009370  0.092093  -0.014997  0.999494  0.025773  -0.018654  -0.024903  0.998655  0.045465  0.019801  -0.044977  0.998792  0.002465  -0.006167  0.002714  0.187704  0.045255  0.091193  2.000000  
143.837515 0.009372  0.092083  -0.014993  0.999494  0.025778  -0.018648  -0.024903  0.998644  0.045707  0.019801  -0.045219  0.998781  0.002295  -0.006267  0.002785  0.191647  0.045537  0.084358  2.000000  
143.838522 0.009373  0.092075  -0.014989  0.999494  0.025782  -0.018642  -0.024903  0.998633  0.045949  0.019801  -0.045462  0.998770  0.002174  -0.006410  0.002941  0.197262  0.045887  0.085044  2.000000  
143.839771 0.009375  0.092066  -0.014984  0.999494  0.025789  -0.018632  -0.024903  0.998617  0.046313  0.019801  -0.045825  0.998753  0.002026  -0.006532  0.003142  0.205308  0.041674  0.077959  2.000000  
143.841020 0.009377  0.092056  -0.014981  0.999494  0.025793  -0.018626  -0.024903  0.998605  0.046555  0.019801  -0.046068  0.998742  0.001891  -0.006731  0.003250  0.207552  0.041616  0.070477  2.000000  
143.842021 0.009379  0.092048  -0.014979  0.999494  0.025798  -0.018620  -0.024903  0.998594  0.046797  0.019801  -0.046310  0.998731  0.001792  -0.006860  0.003283  0.211579  0.041600  0.070479  2.000000  
143.843023 0.009381  0.092040  -0.014976  0.999494  0.025802  -0.018614  -0.024903  0.998583  0.047039  0.019801  -0.046552  0.998720  0.001768  -0.007019  0.003279  0.219526  0.037430  0.063431  2.000000  
143.844269 0.009384  0.092030  -0.014974  0.999494  0.025807  -0.018607  -0.024903  0.998571  0.047282  0.019801  -0.046794  0.998708  0.001735  -0.007196  0.003202  0.219418  0.037717  0.056592  2.000000  
143.845534 0.009387  0.092020  -0.014972  0.999496  0.025805  -0.018467  -0.024903  0.998560  0.047521  0.019667  -0.047037  0.998700  0.001702  -0.007403  0.003074  0.223352  0.029097  0.049358  2.000000  
143.846769 0.009390  0.092010  -0.014969  0.999496  0.025810  -0.018461  -0.024903  0.998548  0.047763  0.019667  -0.047279  0.998688  0.001734  -0.007634  0.002978  0.223190  0.024927  0.042307  2.000000  
143.848025 0.009393  0.092000  -0.014967  0.999496  0.025814  -0.018455  -0.024903  0.998537  0.048005  0.019667  -0.047521  0.998677  0.001799  -0.007778  0.002801  0.224891  0.020934  0.035550  2.000000  
143.849267 0.009396  0.091990  -0.014964  0.999496  0.025819  -0.018449  -0.024903  0.998525  0.048247  0.019667  -0.047764  0.998665  0.001886  -0.007901  0.002686  0.220829  0.016432  0.035358  2.000000  
143.850529 0.009400  0.091979  -0.014961  0.999496  0.025823  -0.018442  -0.024903  0.998513  0.048490  0.019667  -0.048006  0.998653  0.002009  -0.007962  0.002586  0.220621  0.012236  0.028240  2.000000  
143.851771 0.009404  0.091969  -0.014957  0.999496  0.025828  -0.018436  -0.024903  0.998501  0.048732  0.019667  -0.048248  0.998642  0.002174  -0.007999  0.002529  0.220775  0.008059  0.021159  2.000000  
143.853018 0.009407  0.091959  -0.014953  0.999502  0.025629  -0.018437  -0.024697  0.998489  0.049091  0.019667  -0.048612  0.998624  0.002324  -0.008008  0.002545  0.222681  0.008291  0.014114  2.000000  
143.854265 0.009412  0.091949  -0.014948  0.999502  0.025633  -0.018431  -0.024697  0.998477  0.049334  0.019667  -0.048854  0.998612  0.002459  -0.008035  0.002505  0.218501  0.008599  0.007262  2.000000  
143.855267 0.009415  0.091942  -0.014945  0.999499  0.025642  -0.018561  -0.024697  0.998471  0.049458  0.019801  -0.048975  0.998604  0.002595  -0.008014  0.002511  0.218487  0.008598  0.007262  2.000000  
143.856272 0.009419  0.091934  -0.014943  0.999494  0.025852  -0.018545  -0.024903  0.998453  0.049704  0.019801  -0.049217  0.998592  0.002730  -0.007989  0.002515  0.216294  0.008670  0.007328  2.000000  
143.857289 0.009423  0.091926  -0.014940  0.999494  0.025857  -0.018538  -0.024903  0.998441  0.049946  0.019801  -0.049459  0.998580  0.002863  -0.007967  0.002514  0.220177  0.008661  0.007323  2.000000  
143.858532 0.009428  0.091917  -0.014938  0.999494  0.025861  -0.018532  -0.024903  0.998429  0.050188  0.019801  -0.049702  0.998568  0.003044  -0.007918  0.002501  0.220209  0.008660  0.007326  2.000000  
143.859769 0.009433  0.091908  -0.014935  0.999494  0.025866  -0.018526  -0.024903  0.998417  0.050431  0.019801  -0.049944  0.998556  0.003171  -0.007874  0.002504  0.218338  0.004455  0.000208  2.000000  
143.861019 0.009438  0.091898  -0.014933  0.999494  0.025870  -0.018520  -0.024903  0.998405  0.050673  0.019801  -0.050186  0.998544  0.003348  -0.007852  0.002540  0.218367  0.004456  0.000209  2.000000  
143.862021 0.009442  0.091890  -0.014932  0.999494  0.025872  -0.018516  -0.024903  0.998399  0.050794  0.019801  -0.050307  0.998537  0.003441  -0.007887  0.002459  0.216062  0.004492  0.000212  2.000000  
143.863021 0.009446  0.091881  -0.014930  0.999494  0.025877  -0.018510  -0.024903  0.998386  0.051036  0.019801  -0.050549  0.998525  0.003538  -0.007892  0.002450  0.216061  0.004492  0.000213  2.000000  
143.864022 0.009451  0.091873  -0.014929  0.999494  0.025879  -0.018507  -0.024903  0.998380  0.051157  0.019801  -0.050670  0.998519  0.003665  -0.007899  0.002389  0.211975  0.004492  0.000214  2.000000  
143.865027 0.009454  0.091864  -0.014927  0.999494  0.025884  -0.018501  -0.024903  0.998368  0.051399  0.019801  -0.050913  0.998507  0.003706  -0.007956  0.002330  0.211960  -0.000000  0.000000  2.000000  
143.866274 0.009459  0.091853  -0.014924  0.999489  0.026094  -0.018484  -0.025109  0.998350  0.051645  0.019801  -0.051155  0.998494  0.003804  -0.008021  0.002265  0.208041  -0.000333  0.006910  2.000000  
143.867521 0.009464  0.091841  -0.014921  0.999489  0.026098  -0.018477  -0.025109  0.998337  0.051888  0.019801  -0.051397  0.998482  0.003923  -0.008115  0.002171  0.203963  -0.000335  0.006909  2.000000  
143.868771 0.009469  0.091830  -0.014918  0.999489  0.026102  -0.018471  -0.025109  0.998325  0.052130  0.019801  -0.051639  0.998469  0.003954  -0.008256  0.002112  0.203997  -0.000336  0.006910  2.000000  
143.870017 0.009474  0.091818  -0.014915  0.999489  0.026107  -0.018465  -0.025109  0.998312  0.052372  0.019801  -0.051882  0.998457  0.003969  -0.008388  0.002067  0.202330  -0.000335  0.006854  2.000000  
143.871266 0.009478  0.091806  -0.014911  0.999489  0.026111  -0.018458  -0.025109  0.998299  0.052614  0.019801  -0.052124  0.998444  0.003977  -0.008523  0.002085  0.198294  -0.000337  0.006854  2.000000  
143.872521 0.009483  0.091795  -0.014908  0.999489  0.026114  -0.018455  -0.025109  0.998293  0.052735  0.019801  -0.052245  0.998438  0.003936  -0.008662  0.002137  0.194282  -0.000339  0.006855  2.000000  
143.873525 0.009486  0.091786  -0.014904  0.999489  0.026118  -0.018449  -0.025109  0.998280  0.052977  0.019801  -0.052487  0.998425  0.003897  -0.008751  0.002233  0.195806  -0.000343  0.006909  2.000000  
143.874531 0.009490  0.091777  -0.014901  0.999489  0.026120  -0.018446  -0.025109  0.998274  0.053099  0.019801  -0.052608  0.998419  0.003839  -0.008882  0.002324  0.191692  -0.000344  0.006907  2.000000  
143.875532 0.009493  0.091768  -0.014898  0.999489  0.026123  -0.018443  -0.025109  0.998267  0.053220  0.019801  -0.052729  0.998413  0.003801  -0.008979  0.002448  0.190177  0.004112  0.007075  2.000000  
143.876769 0.009497  0.091756  -0.014894  0.999489  0.026127  -0.018436  -0.025109  0.998254  0.053462  0.019801  -0.052972  0.998400  0.003715  -0.009085  0.002583  0.191767  0.004145  0.007136  2.000000  
143.878020 0.009501  0.091744  -0.014890  0.999483  0.026335  -0.018422  -0.025314  0.998242  0.053587  0.019801  -0.053093  0.998393  0.003624  -0.009160  0.002680  0.186296  0.003765  0.013932  2.000000  
143.879025 0.009503  0.091734  -0.014887  0.999483  0.026339  -0.018416  -0.025314  0.998229  0.053829  0.019801  -0.053335  0.998380  0.003502  -0.009278  0.002778  0.187776  0.003791  0.014043  2.000000  
143.880269 0.009507  0.091721  -0.014884  0.999483  0.026342  -0.018413  -0.025314  0.998223  0.053950  0.019801  -0.053456  0.998374  0.003471  -0.009365  0.002858  0.183811  0.003791  0.014053  2.000000  
143.881274 0.009510  0.091710  -0.014881  0.999483  0.026344  -0.018409  -0.025314  0.998216  0.054071  0.019801  -0.053577  0.998367  0.003420  -0.009485  0.002881  0.179621  0.003786  0.014045  2.000000  
143.882519 0.009515  0.091698  -0.014878  0.999483  0.026348  -0.018403  -0.025314  0.998203  0.054313  0.019801  -0.053819  0.998354  0.003369  -0.009592  0.002907  0.178309  0.003401  0.020784  2.000000  
143.883771 0.009519  0.091684  -0.014874  0.999483  0.026350  -0.018400  -0.025314  0.998196  0.054434  0.019801  -0.053940  0.998348  0.003312  -0.009718  0.002971  0.175707  0.003425  0.020957  2.000000  
143.885017 0.009523  0.091670  -0.014870  0.999483  0.026355  -0.018393  -0.025314  0.998183  0.054676  0.019801  -0.054183  0.998335  0.003286  -0.009901  0.003016  0.174280  -0.001062  0.020557  2.000000  
143.886018 0.009526  0.091659  -0.014866  0.999483  0.026357  -0.018390  -0.025314  0.998177  0.054798  0.019801  -0.054304  0.998328  0.003268  -0.010015  0.003057  0.171541  -0.000716  0.013821  2.000000  
143.887018 0.009530  0.091647  -0.014862  0.999483  0.026359  -0.018387  -0.025314  0.998170  0.054919  0.019801  -0.054425  0.998322  0.003295  -0.010200  0.003094  0.170123  -0.000712  0.013706  2.000000  
143.888267 0.009535  0.091633  -0.014858  0.999478  0.026567  -0.018372  -0.025520  0.998158  0.055043  0.019801  -0.054546  0.998315  0.003306  -0.010348  0.003167  0.000000  0.000000  0.000000  2.000000  
143.889523 0.009539  0.091618  -0.014853  0.999478  0.026569  -0.018369  -0.025520  0.998151  0.055165  0.019801  -0.054667  0.998308  0.003312  -0.010587  0.003193  0.000000  0.000000  0.000000  2.000000  
143.890530 0.009543  0.091607  -0.014850  0.999478  0.026572  -0.018366  -0.025520  0.998144  0.055286  0.019801  -0.054788  0.998302  0.003329  -0.010718  0.003172  0.000000  0.000000  0.000000  2.000000  
143.891770 0.009548  0.091592  -0.014845  0.999478  0.026576  -0.018360  -0.025520  0.998131  0.055528  0.019801  -0.055030  0.998288  0.003427  -0.010900  0.003257  0.000000  0.000000  0.000000  2.000000  
143.893022 0.009553  0.091578  -0.014841  0.999476  0.026586  -0.018490  -0.025520  0.998124  0.055652  0.019935  -0.055151  0.998279  0.003486  -0.011035  0.003267  0.000000  0.000000  0.000000  2.000000  
143.894269 0.009558  0.091565  -0.014837  0.999476  0.026588  -0.018487  -0.025520  0.998117  0.055773  0.019935  -0.055272  0.998272  0.003558  -0.011117  0.003328  0.000000  0.000000  0.000000  2.000000  
143.895269 0.009562  0.091554  -0.014833  0.999476  0.026590  -0.018483  -0.025520  0.998110  0.055894  0.019935  -0.055393  0.998266  0.003632  -0.011178  0.003342  0.000000  0.000000  0.000000  2.000000  
143.896269 0.009566  0.091544  -0.014829  0.999470  0.026796  -0.018472  -0.025726  0.998105  0.055898  0.019935  -0.055393  0.998266  0.003732  -0.011116  0.003463  0.000000  0.000000  0.000000  2.000000  
143.897521 0.009572  0.091530  -0.014824  0.999470  0.026798  -0.018469  -0.025726  0.998098  0.056019  0.019935  -0.055514  0.998259  0.003859  -0.011142  0.003555  0.000000  0.000000  0.000000  2.000000  
143.898530 0.009577  0.091520  -0.014821  0.999470  0.026800  -0.018465  -0.025726  0.998091  0.056140  0.019935  -0.055636  0.998252  0.003952  -0.011139  0.003577  0.000000  0.000000  0.000000  2.000000  
143.899767 0.009583  0.091505  -0.014816  0.999470  0.026802  -0.018462  -0.025726  0.998085  0.056261  0.019935  -0.055757  0.998245  0.004050  -0.011146  0.003610  0.000000  0.000000  0.000000  2.000000  
143.900768 0.009588  0.091494  -0.014813  0.999465  0.027010  -0.018447  -0.025932  0.998072  0.056386  0.019935  -0.055878  0.998239  0.004144  -0.011153  0.003627  0.000000  0.000000  0.000000  2.000000  
143.901771 0.009593  0.091483  -0.014809  0.999465  0.027012  -0.018444  -0.025932  0.998065  0.056507  0.019935  -0.055999  0.998232  0.004240  -0.011132  0.003602  0.000000  0.000000  0.000000  2.000000  
143.903024 0.009599  0.091468  -0.014805  0.999465  0.027017  -0.018437  -0.025932  0.998052  0.056749  0.019935  -0.056241  0.998218  0.004314  -0.011164  0.003565  0.000000  0.000000  0.000000  2.000000  
143.904267 0.009604  0.091453  -0.014801  0.999462  0.027027  -0.018568  -0.025932  0.998045  0.056874  0.020068  -0.056362  0.998209  0.004425  -0.011182  0.003554  0.000000  0.000000  0.000000  2.000000  
143.905267 0.009609  0.091441  -0.014798  0.999457  0.027234  -0.018553  -0.026137  0.998032  0.056999  0.020068  -0.056483  0.998202  0.004490  -0.011233  0.003573  0.000000  0.000000  0.000000  2.000000  
143.906272 0.009614  0.091429  -0.014794  0.999457  0.027237  -0.018549  -0.026137  0.998025  0.057120  0.020068  -0.056604  0.998195  0.004573  -0.011275  0.003531  0.000000  0.000000  0.000000  2.000000  
143.907272 0.009619  0.091418  -0.014791  0.999457  0.027237  -0.018549  -0.026137  0.998025  0.057120  0.020068  -0.056604  0.998195  0.004592  -0.011302  0.003501  0.000000  0.000000  0.000000  2.000000  
143.908273 0.009624  0.091406  -0.014788  0.999451  0.027444  -0.018534  -0.026343  0.998013  0.057245  0.020068  -0.056725  0.998188  0.004699  -0.011309  0.003486  0.000000  0.000000  0.000000  2.000000  
143.909522 0.009630  0.091392  -0.014784  0.999449  0.027454  -0.018664  -0.026343  0.998005  0.057369  0.020202  -0.056846  0.998179  0.004732  -0.011366  0.003440  0.000000  0.000000  0.000000  2.000000  
143.910525 0.009635  0.091381  -0.014782  0.999449  0.027456  -0.018661  -0.026343  0.997998  0.057490  0.020202  -0.056967  0.998172  0.004767  -0.011407  0.003376  0.000000  0.000000  0.000000  2.000000  
143.911774 0.009641  0.091367  -0.014778  0.999443  0.027662  -0.018649  -0.026549  0.997993  0.057494  0.020202  -0.056967  0.998172  0.004809  -0.011444  0.003297  0.000000  0.000000  0.000000  2.000000  
143.913021 0.009647  0.091353  -0.014774  0.999443  0.027664  -0.018646  -0.026549  0.997986  0.057615  0.020202  -0.057088  0.998165  0.004862  -0.011446  0.003264  0.000000  0.000000  0.000000  2.000000  
143.914268 0.009654  0.091340  -0.014770  0.999443  0.027666  -0.018643  -0.026549  0.997979  0.057736  0.020202  -0.057209  0.998158  0.004847  -0.011466  0.003185  0.000000  0.000000  0.000000  2.000000  
143.915270 0.009658  0.091328  -0.014768  0.999435  0.027879  -0.018764  -0.026755  0.997973  0.057744  0.020336  -0.057209  0.998155  0.004838  -0.011417  0.003127  0.000000  0.000000  0.000000  2.000000  
143.916518 0.009664  0.091314  -0.014764  0.999435  0.027882  -0.018761  -0.026755  0.997966  0.057865  0.020336  -0.057330  0.998148  0.004808  -0.011426  0.003059  0.000000  0.000000  0.000000  2.000000  
143.917773 0.009669  0.091300  -0.014761  0.999430  0.028087  -0.018749  -0.026960  0.997960  0.057869  0.020336  -0.057330  0.998148  0.004799  -0.011378  0.003002  0.000000  0.000000  0.000000  2.000000  
143.919018 0.009675  0.091286  -0.014757  0.999430  0.028087  -0.018749  -0.026960  0.997960  0.057869  0.020336  -0.057330  0.998148  0.004779  -0.011325  0.002963  0.000000  0.000000  0.000000  2.000000  
143.920265 0.009680  0.091272  -0.014753  0.999427  0.028097  -0.018879  -0.026960  0.997953  0.057993  0.020470  -0.057451  0.998138  0.004749  -0.011274  0.002984  0.000000  0.000000  0.000000  2.000000  
143.921265 0.009685  0.091261  -0.014750  0.999421  0.028303  -0.018867  -0.027166  0.997947  0.057997  0.020470  -0.057451  0.998138  0.004740  -0.011254  0.002976  0.000000  0.000000  0.000000  2.000000  
143.922267 0.009689  0.091249  -0.014747  0.999421  0.028305  -0.018864  -0.027166  0.997940  0.058118  0.020470  -0.057572  0.998131  0.004699  -0.011257  0.002947  0.000000  0.000000  0.000000  2.000000  
143.923274 0.009694  0.091238  -0.014744  0.999419  0.028313  -0.018997  -0.027166  0.997940  0.058122  0.020604  -0.057572  0.998129  0.004635  -0.011207  0.002918  0.000000  0.000000  0.000000  2.000000  
143.924522 0.009699  0.091224  -0.014741  0.999413  0.028518  -0.018985  -0.027372  0.997934  0.058126  0.020604  -0.057572  0.998129  0.004619  -0.011167  0.002903  0.000000  0.000000  0.000000  2.000000  
143.925535 0.009704  0.091213  -0.014738  0.999413  0.028520  -0.018982  -0.027372  0.997927  0.058247  0.020604  -0.057693  0.998122  0.004567  -0.011146  0.002867  0.000000  0.000000  0.000000  2.000000  
143.926773 0.009709  0.091199  -0.014735  0.999405  0.028733  -0.019103  -0.027577  0.997921  0.058254  0.020737  -0.057693  0.998119  0.004533  -0.011187  0.002870  0.000000  0.000000  0.000000  2.000000  
143.927774 0.009714  0.091188  -0.014732  0.999405  0.028733  -0.019103  -0.027577  0.997921  0.058254  0.020737  -0.057693  0.998119  0.004498  -0.011192  0.002820  0.000000  0.000000  0.000000  2.000000  
143.929020 0.009719  0.091174  -0.014729  0.999405  0.028733  -0.019103  -0.027577  0.997921  0.058254  0.020737  -0.057693  0.998119  0.004457  -0.011197  0.002791  0.000000  0.000000  0.000000  2.000000  
143.930269 0.009724  0.091161  -0.014726  0.999399  0.028939  -0.019091  -0.027783  0.997915  0.058258  0.020737  -0.057693  0.998119  0.004410  -0.011199  0.002783  0.000000  0.000000  0.000000  2.000000  
143.931271 0.009728  0.091150  -0.014723  0.999396  0.028947  -0.019225  -0.027783  0.997915  0.058262  0.020871  -0.057693  0.998116  0.004383  -0.011146  0.002782  0.000000  0.000000  0.000000  2.000000  
143.932523 0.009734  0.091136  -0.014719  0.999396  0.028947  -0.019225  -0.027783  0.997915  0.058262  0.020871  -0.057693  0.998116  0.004362  -0.011122  0.002813  0.000000  0.000000  0.000000  2.000000  
143.933773 0.009738  0.091123  -0.014716  0.999390  0.029152  -0.019213  -0.027989  0.997909  0.058266  0.020871  -0.057693  0.998116  0.004287  -0.011065  0.002801  0.000000  0.000000  0.000000  2.000000  
143.935017 0.009743  0.091110  -0.014711  0.999390  0.029152  -0.019213  -0.027989  0.997909  0.058266  0.020871  -0.057693  0.998116  0.004256  -0.011014  0.002822  0.000000  0.000000  0.000000  2.000000  
143.936023 0.009747  0.091099  -0.014708  0.999388  0.029160  -0.019346  -0.027989  0.997908  0.058270  0.021005  -0.057693  0.998113  0.004223  -0.010956  0.002842  0.000000  0.000000  0.000000  2.000000  
143.937267 0.009752  0.091086  -0.014703  0.999382  0.029365  -0.019334  -0.028194  0.997902  0.058274  0.021005  -0.057693  0.998113  0.004207  -0.010859  0.002916  0.000000  0.000000  0.000000  2.000000  
143.938517 0.009757  0.091073  -0.014699  0.999382  0.029365  -0.019334  -0.028194  0.997902  0.058274  0.021005  -0.057693  0.998113  0.004172  -0.010802  0.002953  0.000000  0.000000  0.000000  2.000000  
143.939519 0.009761  0.091063  -0.014695  0.999382  0.029365  -0.019334  -0.028194  0.997902  0.058274  0.021005  -0.057693  0.998113  0.004117  -0.010741  0.003049  0.000000  0.000000  0.000000  2.000000  
143.940522 0.009765  0.091053  -0.014692  0.999379  0.029373  -0.019468  -0.028194  0.997902  0.058277  0.021139  -0.057692  0.998111  0.004120  -0.010668  0.003092  0.000000  0.000000  0.000000  2.000000  
143.941526 0.009769  0.091043  -0.014688  0.999373  0.029578  -0.019456  -0.028400  0.997896  0.058281  0.021139  -0.057692  0.998111  0.004061  -0.010590  0.003171  0.000000  0.000000  0.000000  2.000000  
143.942527 0.009773  0.091032  -0.014684  0.999373  0.029578  -0.019456  -0.028400  0.997896  0.058281  0.021139  -0.057692  0.998111  0.004005  -0.010528  0.003269  0.000000  0.000000  0.000000  2.000000  
143.943773 0.009778  0.091020  -0.014679  0.999373  0.029576  -0.019459  -0.028400  0.997903  0.058160  0.021139  -0.057571  0.998118  0.003982  -0.010440  0.003388  0.000000  0.000000  0.000000  2.000000  
143.945020 0.009783  0.091008  -0.014675  0.999367  0.029781  -0.019447  -0.028606  0.997897  0.058164  0.021139  -0.057571  0.998118  0.003971  -0.010357  0.003469  0.000000  0.000000  0.000000  2.000000  
143.946270 0.009787  0.090995  -0.014670  0.999367  0.029781  -0.019447  -0.028606  0.997897  0.058164  0.021139  -0.057571  0.998118  0.003930  -0.010311  0.003537  0.000000  0.000000  0.000000  2.000000  
143.947521 0.009792  0.090983  -0.014665  0.999367  0.029781  -0.019447  -0.028606  0.997897  0.058164  0.021139  -0.057571  0.998118  0.003888  -0.010256  0.003595  0.000000  0.000000  0.000000  2.000000  
143.948768 0.009796  0.090970  -0.014661  0.999358  0.029995  -0.019569  -0.028811  0.997891  0.058172  0.021272  -0.057571  0.998115  0.003888  -0.010177  0.003637  0.000000  0.000000  0.000000  2.000000  
143.950017 0.009801  0.090958  -0.014656  0.999358  0.029995  -0.019569  -0.028811  0.997891  0.058172  0.021272  -0.057571  0.998115  0.003856  -0.010121  0.003656  0.000000  0.000000  0.000000  2.000000  
143.951271 0.009805  0.090946  -0.014651  0.999358  0.029995  -0.019569  -0.028811  0.997891  0.058172  0.021272  -0.057571  0.998115  0.003799  -0.010022  0.003699  0.000000  0.000000  0.000000  2.000000  
143.952520 0.009809  0.090934  -0.014647  0.999353  0.030200  -0.019557  -0.029017  0.997885  0.058176  0.021272  -0.057571  0.998115  0.003746  -0.009937  0.003748  0.000000  0.000000  0.000000  2.000000  
143.953766 0.009814  0.090923  -0.014642  0.999353  0.030200  -0.019557  -0.029017  0.997885  0.058176  0.021272  -0.057571  0.998115  0.003711  -0.009878  0.003765  0.000000  0.000000  0.000000  2.000000  
143.954768 0.009817  0.090913  -0.014638  0.999353  0.030200  -0.019557  -0.029017  0.997885  0.058176  0.021272  -0.057571  0.998115  0.003670  -0.009798  0.003775  0.000000  0.000000  0.000000  2.000000  
143.955769 0.009820  0.090904  -0.014633  0.999347  0.030405  -0.019545  -0.029223  0.997878  0.058180  0.021272  -0.057571  0.998115  0.003575  -0.009739  0.003841  0.000000  0.000000  0.000000  2.000000  
143.956779 0.009823  0.090895  -0.014629  0.999347  0.030405  -0.019545  -0.029223  0.997878  0.058180  0.021272  -0.057571  0.998115  0.003532  -0.009655  0.003856  0.000000  0.000000  0.000000  2.000000  
143.958020 0.009827  0.090884  -0.014624  0.999347  0.030403  -0.019549  -0.029223  0.997885  0.058059  0.021272  -0.057450  0.998122  0.003449  -0.009598  0.003878  0.000000  0.000000  0.000000  2.000000  
143.959270 0.009831  0.090873  -0.014619  0.999341  0.030609  -0.019537  -0.029429  0.997879  0.058063  0.021272  -0.057450  0.998122  0.003385  -0.009489  0.003925  0.000000  0.000000  0.000000  2.000000  
143.960522 0.009835  0.090862  -0.014613  0.999341  0.030609  -0.019537  -0.029429  0.997879  0.058063  0.021272  -0.057450  0.998122  0.003336  -0.009411  0.003968  0.000000  0.000000  0.000000  2.000000  
143.961771 0.009838  0.090851  -0.014609  0.999341  0.030609  -0.019537  -0.029429  0.997879  0.058063  0.021272  -0.057450  0.998122  0.003283  -0.009299  0.003966  0.000000  0.000000  0.000000  2.000000  
143.962772 0.009841  0.090842  -0.014605  0.999334  0.030814  -0.019525  -0.029634  0.997873  0.058067  0.021272  -0.057450  0.998122  0.003256  -0.009266  0.004007  0.000000  0.000000  0.000000  2.000000  
143.964020 0.009846  0.090831  -0.014601  0.999334  0.030814  -0.019525  -0.029634  0.997873  0.058067  0.021272  -0.057450  0.998122  0.003197  -0.009105  0.003945  0.000000  0.000000  0.000000  2.000000  
143.965074 0.009849  0.090822  -0.014597  0.999334  0.030814  -0.019525  -0.029634  0.997873  0.058067  0.021272  -0.057450  0.998122  0.003156  -0.008994  0.003902  0.000000  0.000000  0.000000  2.000000  
143.966268 0.009853  0.090812  -0.014593  0.999328  0.031019  -0.019513  -0.029840  0.997866  0.058071  0.021272  -0.057450  0.998122  0.003176  -0.008935  0.003904  0.000000  0.000000  0.000000  2.000000  
143.967268 0.009856  0.090803  -0.014590  0.999328  0.031019  -0.019513  -0.029840  0.997866  0.058071  0.021272  -0.057450  0.998122  0.003163  -0.008877  0.003853  0.000000  0.000000  0.000000  2.000000  
143.968515 0.009860  0.090793  -0.014586  0.999328  0.031019  -0.019513  -0.029840  0.997866  0.058071  0.021272  -0.057450  0.998122  0.003151  -0.008812  0.003781  0.000000  0.000000  0.000000  2.000000  
143.969520 0.009863  0.090784  -0.014583  0.999322  0.031225  -0.019501  -0.030046  0.997860  0.058075  0.021272  -0.057450  0.998122  0.003144  -0.008769  0.003726  0.000000  0.000000  0.000000  2.000000  
143.970529 0.009866  0.090776  -0.014580  0.999319  0.031233  -0.019634  -0.030046  0.997860  0.058079  0.021406  -0.057450  0.998119  0.003135  -0.008718  0.003667  0.000000  0.000000  0.000000  2.000000  
143.971769 0.009870  0.090765  -0.014576  0.999319  0.031233  -0.019634  -0.030046  0.997860  0.058079  0.021406  -0.057450  0.998119  0.003153  -0.008682  0.003537  0.000000  0.000000  0.000000  2.000000  
143.972776 0.009873  0.090757  -0.014573  0.999319  0.031233  -0.019634  -0.030046  0.997860  0.058079  0.021406  -0.057450  0.998119  0.003155  -0.008633  0.003440  0.000000  0.000000  0.000000  2.000000  
143.974019 0.009878  0.090746  -0.014569  0.999313  0.031438  -0.019622  -0.030251  0.997853  0.058083  0.021406  -0.057450  0.998119  0.003190  -0.008562  0.003365  0.000000  0.000000  0.000000  2.000000  
143.975023 0.009881  0.090739  -0.014566  0.999313  0.031438  -0.019622  -0.030251  0.997853  0.058083  0.021406  -0.057450  0.998119  0.003176  -0.008496  0.003305  0.000000  0.000000  0.000000  2.000000  
143.976268 0.009885  0.090729  -0.014562  0.999313  0.031438  -0.019622  -0.030251  0.997853  0.058083  0.021406  -0.057450  0.998119  0.003206  -0.008441  0.003273  0.000000  0.000000  0.000000  2.000000  
143.977270 0.009888  0.090721  -0.014559  0.999313  0.031438  -0.019622  -0.030251  0.997853  0.058083  0.021406  -0.057450  0.998119  0.003195  -0.008380  0.003214  0.000000  0.000000  0.000000  2.000000  
143.978530 0.009892  0.090711  -0.014555  0.999307  0.031643  -0.019610  -0.030457  0.997847  0.058087  0.021406  -0.057450  0.998119  0.003215  -0.008292  0.003172  0.000000  0.000000  0.000000  2.000000  
143.979769 0.009896  0.090701  -0.014551  0.999307  0.031643  -0.019610  -0.030457  0.997847  0.058087  0.021406  -0.057450  0.998119  0.003244  -0.008227  0.003140  0.000000  0.000000  0.000000  2.000000  
143.980774 0.009899  0.090694  -0.014548  0.999307  0.031643  -0.019610  -0.030457  0.997847  0.058087  0.021406  -0.057450  0.998119  0.003232  -0.008085  0.003119  0.000000  0.000000  0.000000  2.000000  
143.982016 0.009903  0.090684  -0.014545  0.999307  0.031643  -0.019610  -0.030457  0.997847  0.058087  0.021406  -0.057450  0.998119  0.003199  -0.008092  0.003050  0.000000  0.000000  0.000000  2.000000  
143.983017 0.009906  0.090677  -0.014542  0.999301  0.031849  -0.019598  -0.030663  0.997840  0.058092  0.021406  -0.057450  0.998119  0.003164  -0.007988  0.003013  0.000000  0.000000  0.000000  2.000000  
143.984266 0.009910  0.090667  -0.014539  0.999301  0.031849  -0.019598  -0.030663  0.997840  0.058092  0.021406  -0.057450  0.998119  0.003148  -0.007916  0.002946  0.000000  0.000000  0.000000  2.000000  
143.985270 0.009913  0.090659  -0.014536  0.999301  0.031849  -0.019598  -0.030663  0.997840  0.058092  0.021406  -0.057450  0.998119  0.003139  -0.007893  0.002938  0.000000  0.000000  0.000000  2.000000  
143.986529 0.009916  0.090650  -0.014533  0.999301  0.031849  -0.019598  -0.030663  0.997840  0.058092  0.021406  -0.057450  0.998119  0.003105  -0.007804  0.002905  0.000000  0.000000  0.000000  2.000000  
143.987766 0.009919  0.090640  -0.014530  0.999301  0.031849  -0.019598  -0.030663  0.997840  0.058092  0.021406  -0.057450  0.998119  0.003045  -0.007766  0.002860  0.000000  0.000000  0.000000  2.000000  
143.988768 0.009922  0.090633  -0.014528  0.999301  0.031849  -0.019598  -0.030663  0.997840  0.058092  0.021406  -0.057450  0.998119  0.002993  -0.007737  0.002819  0.000000  0.000000  0.000000  2.000000  
143.989772 0.009924  0.090626  -0.014525  0.999291  0.032062  -0.019720  -0.030869  0.997833  0.058100  0.021540  -0.057450  0.998116  0.002964  -0.007654  0.002788  0.000000  0.000000  0.000000  2.000000  
143.991020 0.009928  0.090617  -0.014522  0.999291  0.032062  -0.019720  -0.030869  0.997833  0.058100  0.021540  -0.057450  0.998116  0.002902  -0.007601  0.002738  0.000000  0.000000  0.000000  2.000000  
143.992270 0.009930  0.090607  -0.014519  0.999291  0.032062  -0.019720  -0.030869  0.997833  0.058100  0.021540  -0.057450  0.998116  0.002842  -0.007557  0.002692  0.000000  0.000000  0.000000  2.000000  
143.993521 0.009933  0.090599  -0.014515  0.999291  0.032062  -0.019720  -0.030869  0.997833  0.058100  0.021540  -0.057450  0.998116  0.002752  -0.007454  0.002663  0.000000  0.000000  0.000000  2.000000  
143.994531 0.009936  0.090592  -0.014513  0.999291  0.032062  -0.019720  -0.030869  0.997833  0.058100  0.021540  -0.057450  0.998116  0.002684  -0.007383  0.002605  0.000000  0.000000  0.000000  2.000000  
143.995533 0.009938  0.090586  -0.014510  0.999291  0.032062  -0.019720  -0.030869  0.997833  0.058100  0.021540  -0.057450  0.998116  0.002632  -0.007359  0.002565  0.000000  0.000000  0.000000  2.000000  
143.996771 0.009941  0.090578  -0.014507  0.999288  0.032070  -0.019853  -0.030869  0.997833  0.058104  0.021674  -0.057450  0.998113  0.002572  -0.007225  0.002556  0.000000  0.000000  0.000000  2.000000  
143.997781 0.009943  0.090571  -0.014504  0.999288  0.032070  -0.019853  -0.030869  0.997833  0.058104  0.021674  -0.057450  0.998113  0.002539  -0.007165  0.002574  0.000000  0.000000  0.000000  2.000000  
143.999017 0.009946  0.090563  -0.014502  0.999279  0.032283  -0.019975  -0.031074  0.997826  0.058112  0.021807  -0.057449  0.998110  0.002446  -0.007050  0.002541  0.000000  0.000000  0.000000  2.000000  
144.000019 0.009948  0.090557  -0.014499  0.999279  0.032283  -0.019975  -0.031074  0.997826  0.058112  0.021807  -0.057449  0.998110  0.002408  -0.006956  0.002506  0.000000  0.000000  0.000000  2.000000  
144.001022 0.009950  0.090551  -0.014497  0.999279  0.032283  -0.019975  -0.031074  0.997826  0.058112  0.021807  -0.057449  0.998110  0.002368  -0.006846  0.002466  0.000000  0.000000  0.000000  2.000000  
144.002265 0.009953  0.090543  -0.014495  0.999276  0.032290  -0.020108  -0.031074  0.997826  0.058116  0.021941  -0.057449  0.998107  0.002287  -0.006761  0.002444  0.000000  0.000000  0.000000  2.000000  
144.003266 0.009955  0.090537  -0.014492  0.999276  0.032290  -0.020108  -0.031074  0.997826  0.058116  0.021941  -0.057449  0.998107  0.002290  -0.006657  0.002437  0.000000  0.000000  0.000000  2.000000  
144.004520 0.009957  0.090529  -0.014490  0.999273  0.032298  -0.020242  -0.031074  0.997826  0.058120  0.022075  -0.057449  0.998104  0.002199  -0.006524  0.002357  0.000000  0.000000  0.000000  2.000000  
144.005530 0.009959  0.090524  -0.014489  0.999273  0.032298  -0.020242  -0.031074  0.997826  0.058120  0.022075  -0.057449  0.998104  0.002158  -0.006391  0.002268  0.000000  0.000000  0.000000  2.000000  
144.006772 0.009962  0.090517  -0.014487  0.999270  0.032306  -0.020375  -0.031074  0.997826  0.058124  0.022209  -0.057449  0.998101  0.002154  -0.006238  0.002202  0.000000  0.000000  0.000000  2.000000  
144.008019 0.009964  0.090511  -0.014484  0.999267  0.032313  -0.020509  -0.031074  0.997825  0.058129  0.022343  -0.057449  0.998098  0.002120  -0.006113  0.002118  0.000000  0.000000  0.000000  2.000000  
144.009020 0.009967  0.090506  -0.014483  0.999264  0.032321  -0.020642  -0.031074  0.997825  0.058133  0.022476  -0.057449  0.998095  0.002122  -0.005978  0.002058  0.000000  0.000000  0.000000  2.000000  
144.010269 0.009969  0.090499  -0.014481  0.999261  0.032329  -0.020776  -0.031074  0.997825  0.058137  0.022610  -0.057448  0.998092  0.002086  -0.005854  0.001972  0.000000  0.000000  0.000000  2.000000  
144.011270 0.009971  0.090495  -0.014479  0.999258  0.032336  -0.020909  -0.031073  0.997825  0.058141  0.022744  -0.057448  0.998089  0.002078  -0.005715  0.001952  0.000000  0.000000  0.000000  2.000000  
144.012522 0.009973  0.090489  -0.014477  0.999249  0.032550  -0.021031  -0.031279  0.997818  0.058150  0.022878  -0.057448  0.998086  0.002031  -0.005561  0.001855  0.000000  0.000000  0.000000  2.000000  
144.013771 0.009976  0.090484  -0.014474  0.999246  0.032557  -0.021164  -0.031279  0.997818  0.058154  0.023011  -0.057448  0.998083  0.002045  -0.005367  0.001846  0.000000  0.000000  0.000000  2.000000  
144.014776 0.009978  0.090480  -0.014473  0.999243  0.032565  -0.021298  -0.031279  0.997817  0.058158  0.023145  -0.057448  0.998080  0.001995  -0.005232  0.001797  0.000000  0.000000  0.000000  2.000000  
144.016018 0.009979  0.090475  -0.014471  0.999236  0.032580  -0.021565  -0.031279  0.997817  0.058166  0.023413  -0.057447  0.998074  0.001934  -0.005070  0.001739  0.000000  0.000000  0.000000  2.000000  
