1-Time 2-Px 3-Py 4-Pz 5-R11 6-R21 7-R31 8-R12 9-R22 10-R32 11-R13 12-R23 13-R33 14-Vx 15-Vy 16-Vz 17-Wx 18-Wy 19-Wz 20-state 21-PR11 22-PR21 23-PR31 24-PR12 25-PR22 26-PR32 27-PR13 28-PR23 29-PR33 
89.008305 0.014118  0.095173  -0.003668  0.995529  0.089810  -0.029249  -0.089393  0.995879  0.015292  0.030501  -0.012609  0.999455  -0.000791  0.000006  0.000929  0.000000  0.000000  0.000000  2.000000  
89.009310 0.014118  0.095173  -0.003667  0.995525  0.089812  -0.029382  -0.089392  0.995879  0.015304  0.030635  -0.012609  0.999451  -0.000764  0.000002  0.000878  0.000000  0.000000  0.000000  2.000000  
89.010555 0.014121  0.095174  -0.003666  0.995488  0.090222  -0.029375  -0.089802  0.995842  0.015316  0.030635  -0.012609  0.999451  -0.000527  0.000056  0.000884  0.000000  0.000000  0.000000  2.000000  
89.011562 0.014123  0.095174  -0.003665  0.995451  0.090632  -0.029369  -0.090212  0.995805  0.015328  0.030635  -0.012609  0.999451  -0.000292  0.000024  0.000868  0.000000  0.000000  0.000000  2.000000  
89.012562 0.014126  0.095173  -0.003664  0.995429  0.090842  -0.029488  -0.090417  0.995784  0.015467  0.030769  -0.012730  0.999445  -0.000032  0.000025  0.000897  0.000000  0.000000  0.000000  2.000000  
89.013805 0.014130  0.095172  -0.003664  0.995391  0.091252  -0.029482  -0.090826  0.995746  0.015479  0.030769  -0.012730  0.999445  0.000296  -0.000066  0.000839  0.000000  0.000000  0.000000  2.000000  
89.014811 0.014135  0.095172  -0.003663  0.995350  0.091664  -0.029609  -0.091236  0.995709  0.015503  0.030903  -0.012730  0.999441  0.000700  -0.000075  0.000807  0.000000  0.000000  0.000000  2.000000  
89.016059 0.014142  0.095173  -0.003662  0.995285  0.092286  -0.029854  -0.091850  0.995650  0.015667  0.031170  -0.012851  0.999431  0.001215  -0.000023  0.000807  0.000000  0.000000  0.000000  2.000000  
89.017312 0.014148  0.095172  -0.003662  0.995220  0.092904  -0.030111  -0.092464  0.995592  0.015710  0.031438  -0.012851  0.999423  0.001632  -0.000115  0.000747  0.000000  0.000000  0.000000  2.000000  
89.018559 0.014153  0.095170  -0.003662  0.995158  0.093525  -0.030223  -0.093078  0.995532  0.015862  0.031571  -0.012972  0.999417  0.002105  -0.000188  0.000664  0.000000  0.000000  0.000000  2.000000  
89.019561 0.014158  0.095171  -0.003662  0.995096  0.094141  -0.030346  -0.093692  0.995474  0.015893  0.031705  -0.012972  0.999413  0.002538  -0.000143  0.000594  0.000000  0.000000  0.000000  2.000000  
89.020809 0.014165  0.095172  -0.003663  0.995015  0.094963  -0.030466  -0.094511  0.995396  0.015931  0.031839  -0.012972  0.999409  0.003062  -0.000046  0.000498  0.017619  0.042745  0.173428  2.000000  
89.022059 0.014172  0.095174  -0.003662  0.994952  0.095583  -0.030578  -0.095125  0.995335  0.016083  0.031972  -0.013093  0.999403  0.003582  0.000028  0.000449  0.022365  0.046985  0.194318  2.000000  
89.023305 0.014179  0.095175  -0.003662  0.994869  0.096404  -0.030698  -0.095944  0.995256  0.016121  0.032106  -0.013093  0.999399  0.004035  0.000101  0.000395  0.023239  0.051116  0.221994  2.000000  
89.024309 0.014185  0.095176  -0.003663  0.994821  0.096821  -0.030945  -0.096353  0.995214  0.016280  0.032374  -0.013214  0.999388  0.004452  0.000171  0.000314  0.027552  0.059424  0.234004  2.000000  
89.025310 0.014192  0.095177  -0.003663  0.994752  0.097439  -0.031202  -0.096967  0.995154  0.016325  0.032641  -0.013214  0.999380  0.004808  0.000215  0.000217  0.028466  0.068639  0.256792  2.000000  
89.026555 0.014200  0.095178  -0.003662  0.994683  0.098061  -0.031446  -0.097580  0.995091  0.016491  0.032909  -0.013335  0.999369  0.005111  0.000317  0.000193  0.033238  0.077354  0.277683  2.000000  
89.027556 0.014205  0.095178  -0.003661  0.994655  0.098270  -0.031708  -0.097784  0.995070  0.016524  0.033176  -0.013335  0.999361  0.005304  0.000346  0.000212  0.033490  0.086244  0.284669  2.000000  
89.028804 0.014213  0.095177  -0.003661  0.994585  0.098892  -0.031952  -0.098397  0.995007  0.016690  0.033443  -0.013456  0.999350  0.005519  0.000343  0.000206  0.037958  0.094179  0.303057  2.000000  
89.029807 0.014220  0.095176  -0.003660  0.994536  0.099309  -0.032200  -0.098806  0.994964  0.016851  0.033711  -0.013577  0.999339  0.005648  0.000289  0.000227  0.042829  0.103739  0.319478  2.000000  
89.031059 0.014228  0.095174  -0.003658  0.994465  0.099931  -0.032443  -0.099419  0.994900  0.017018  0.033978  -0.013698  0.999329  0.005774  0.000126  0.000258  0.047616  0.112438  0.340342  2.000000  
89.032066 0.014234  0.095172  -0.003657  0.994440  0.100138  -0.032573  -0.099624  0.994879  0.017038  0.034112  -0.013698  0.999324  0.005855  0.000021  0.000310  0.047875  0.116874  0.347407  2.000000  
89.033316 0.014240  0.095168  -0.003656  0.994390  0.100551  -0.032832  -0.100032  0.994838  0.017078  0.034379  -0.013698  0.999315  0.005879  -0.000193  0.000405  0.048339  0.125606  0.361124  2.000000  
89.034320 0.014245  0.095164  -0.003656  0.994360  0.100759  -0.033094  -0.100236  0.994817  0.017112  0.034647  -0.013698  0.999306  0.005866  -0.000500  0.000428  0.048610  0.134497  0.368134  2.000000  
89.035558 0.014252  0.095161  -0.003655  0.994314  0.101175  -0.033208  -0.100645  0.994773  0.017259  0.034781  -0.013819  0.999299  0.005884  -0.000760  0.000500  0.053183  0.138842  0.382180  2.000000  
89.036559 0.014257  0.095158  -0.003655  0.994289  0.101381  -0.033337  -0.100849  0.994752  0.017280  0.034914  -0.013819  0.999295  0.005865  -0.001056  0.000486  0.053431  0.143239  0.389131  2.000000  
89.037809 0.014262  0.095154  -0.003655  0.994259  0.101594  -0.033588  -0.101053  0.994728  0.017434  0.035182  -0.013940  0.999284  0.005776  -0.001420  0.000499  0.057787  0.152118  0.396179  2.000000  
89.039059 0.014267  0.095150  -0.003654  0.994254  0.101596  -0.033721  -0.101052  0.994728  0.017448  0.035316  -0.013940  0.999279  0.005595  -0.001748  0.000574  0.057857  0.152162  0.396293  2.000000  
89.040306 0.014273  0.095148  -0.003653  0.994249  0.101602  -0.033841  -0.101052  0.994726  0.017582  0.035449  -0.014061  0.999273  0.005443  -0.001960  0.000636  0.061498  0.156807  0.382499  2.000000  
89.041310 0.014278  0.095146  -0.003651  0.994224  0.101808  -0.033971  -0.101256  0.994705  0.017602  0.035583  -0.014061  0.999268  0.005283  -0.002203  0.000747  0.061303  0.161417  0.375692  2.000000  
89.042322 0.014281  0.095143  -0.003651  0.994219  0.101810  -0.034104  -0.101256  0.994704  0.017616  0.035717  -0.014061  0.999263  0.005086  -0.002430  0.000703  0.057021  0.161418  0.368626  2.000000  
89.043556 0.014283  0.095138  -0.003649  0.994214  0.101812  -0.034237  -0.101255  0.994704  0.017630  0.035850  -0.014061  0.999258  0.004741  -0.002670  0.000819  0.056362  0.164684  0.358890  2.000000  
89.044558 0.014285  0.095133  -0.003647  0.994214  0.101812  -0.034237  -0.101255  0.994704  0.017630  0.035850  -0.014061  0.999258  0.004466  -0.002896  0.000857  0.055938  0.160436  0.345174  2.000000  
89.045559 0.014287  0.095129  -0.003645  0.994230  0.101609  -0.034373  -0.101050  0.994725  0.017636  0.035984  -0.014061  0.999253  0.004103  -0.003099  0.000953  0.051243  0.160673  0.324565  2.000000  
89.046808 0.014289  0.095123  -0.003642  0.994230  0.101609  -0.034373  -0.101050  0.994725  0.017636  0.035984  -0.014061  0.999253  0.003727  -0.003340  0.001038  0.050366  0.152132  0.297029  2.000000  
89.048060 0.014289  0.095115  -0.003639  0.994246  0.101406  -0.034510  -0.100845  0.994746  0.017642  0.036118  -0.014061  0.999249  0.003341  -0.003548  0.001175  0.049670  0.149356  0.264840  2.000000  
89.049311 0.014289  0.095108  -0.003636  0.994246  0.101406  -0.034510  -0.100845  0.994746  0.017642  0.036118  -0.014061  0.999249  0.002954  -0.003710  0.001375  0.044750  0.148286  0.248935  2.000000  
89.050319 0.014290  0.095103  -0.003633  0.994267  0.101201  -0.034514  -0.100640  0.994767  0.017635  0.036118  -0.014061  0.999249  0.002597  -0.003893  0.001501  0.043969  0.140956  0.216249  2.000000  
89.051556 0.014291  0.095097  -0.003629  0.994288  0.100992  -0.034530  -0.100435  0.994790  0.017508  0.036118  -0.013940  0.999250  0.002234  -0.004079  0.001709  0.038645  0.140227  0.187101  2.000000  
89.052556 0.014291  0.095092  -0.003628  0.994288  0.100992  -0.034530  -0.100435  0.994790  0.017508  0.036118  -0.013940  0.999250  0.001958  -0.004207  0.001774  0.000000  0.000000  0.000000  2.000000  
89.053558 0.014290  0.095086  -0.003626  0.994308  0.100788  -0.034533  -0.100231  0.994810  0.017500  0.036118  -0.013940  0.999250  0.001688  -0.004383  0.001898  0.000000  0.000000  0.000000  2.000000  
89.054564 0.014291  0.095082  -0.003625  0.994308  0.100788  -0.034533  -0.100231  0.994810  0.017500  0.036118  -0.013940  0.999250  0.001344  -0.004567  0.001914  0.000000  0.000000  0.000000  2.000000  
89.055808 0.014291  0.095076  -0.003623  0.994329  0.100583  -0.034537  -0.100026  0.994831  0.017493  0.036118  -0.013940  0.999250  0.000964  -0.004724  0.001995  0.000000  0.000000  0.000000  2.000000  
89.057055 0.014291  0.095071  -0.003621  0.994329  0.100583  -0.034537  -0.100026  0.994831  0.017493  0.036118  -0.013940  0.999250  0.000765  -0.004811  0.001966  0.000000  0.000000  0.000000  2.000000  
89.058062 0.014291  0.095067  -0.003619  0.994350  0.100378  -0.034540  -0.099821  0.994852  0.017486  0.036118  -0.013940  0.999250  0.000547  -0.004862  0.001993  0.000000  0.000000  0.000000  2.000000  
89.059310 0.014290  0.095061  -0.003618  0.994375  0.100171  -0.034411  -0.099617  0.994873  0.017466  0.035984  -0.013940  0.999255  0.000351  -0.004892  0.001974  0.000000  0.000000  0.000000  2.000000  
89.060554 0.014291  0.095056  -0.003616  0.994375  0.100171  -0.034411  -0.099617  0.994873  0.017466  0.035984  -0.013940  0.999255  0.000230  -0.004873  0.001897  0.000000  0.000000  0.000000  2.000000  
89.061558 0.014291  0.095052  -0.003614  0.994380  0.100170  -0.034278  -0.099618  0.994873  0.017453  0.035850  -0.013940  0.999260  0.000186  -0.004788  0.001898  0.000000  0.000000  0.000000  2.000000  
89.062558 0.014291  0.095048  -0.003613  0.994400  0.099965  -0.034281  -0.099413  0.994893  0.017445  0.035850  -0.013940  0.999260  0.000171  -0.004713  0.001828  0.000000  0.000000  0.000000  2.000000  
89.063804 0.014292  0.095043  -0.003610  0.994400  0.099965  -0.034281  -0.099413  0.994893  0.017445  0.035850  -0.013940  0.999260  0.000206  -0.004554  0.001794  0.000000  0.000000  0.000000  2.000000  
89.064813 0.014294  0.095040  -0.003608  0.994421  0.099760  -0.034285  -0.099208  0.994914  0.017438  0.035850  -0.013940  0.999260  0.000284  -0.004389  0.001715  0.000000  0.000000  0.000000  2.000000  
89.066058 0.014298  0.095037  -0.003605  0.994421  0.099760  -0.034285  -0.099208  0.994914  0.017438  0.035850  -0.013940  0.999260  0.000478  -0.004160  0.001759  0.000000  0.000000  0.000000  2.000000  
89.067059 0.014301  0.095034  -0.003603  0.994421  0.099760  -0.034285  -0.099208  0.994914  0.017438  0.035850  -0.013940  0.999260  0.000674  -0.003980  0.001749  0.000000  0.000000  0.000000  2.000000  
89.068059 0.014304  0.095031  -0.003601  0.994421  0.099760  -0.034285  -0.099208  0.994914  0.017438  0.035850  -0.013940  0.999260  0.000902  -0.003791  0.001732  0.000000  0.000000  0.000000  2.000000  
89.069312 0.014308  0.095028  -0.003600  0.994421  0.099760  -0.034285  -0.099208  0.994914  0.017438  0.035850  -0.013940  0.999260  0.001185  -0.003602  0.001715  0.000000  0.000000  0.000000  2.000000  
89.070315 0.014312  0.095026  -0.003599  0.994421  0.099760  -0.034285  -0.099208  0.994914  0.017438  0.035850  -0.013940  0.999260  0.001409  -0.003477  0.001655  0.000000  0.000000  0.000000  2.000000  
89.071559 0.014318  0.095024  -0.003597  0.994421  0.099764  -0.034273  -0.099208  0.994912  0.017559  0.035850  -0.014061  0.999258  0.001766  -0.003291  0.001600  0.000000  0.000000  0.000000  2.000000  
89.072561 0.014321  0.095021  -0.003597  0.994421  0.099764  -0.034273  -0.099208  0.994912  0.017559  0.035850  -0.014061  0.999258  0.002046  -0.003160  0.001533  0.000000  0.000000  0.000000  2.000000  
89.073564 0.014325  0.095019  -0.003596  0.994421  0.099764  -0.034273  -0.099208  0.994912  0.017559  0.035850  -0.014061  0.999258  0.002343  -0.002995  0.001527  0.000000  0.000000  0.000000  2.000000  
89.074808 0.014330  0.095017  -0.003595  0.994416  0.099766  -0.034406  -0.099208  0.994912  0.017572  0.035984  -0.014061  0.999253  0.002675  -0.002816  0.001471  0.000000  0.000000  0.000000  2.000000  
89.075810 0.014334  0.095015  -0.003595  0.994416  0.099766  -0.034406  -0.099208  0.994912  0.017572  0.035984  -0.014061  0.999253  0.002971  -0.002653  0.001394  0.000000  0.000000  0.000000  2.000000  
89.077058 0.014339  0.095012  -0.003594  0.994395  0.099971  -0.034402  -0.099412  0.994891  0.017579  0.035984  -0.014061  0.999253  0.003239  -0.002450  0.001258  0.000000  0.000000  0.000000  2.000000  
89.078059 0.014342  0.095011  -0.003594  0.994395  0.099975  -0.034390  -0.099412  0.994889  0.017700  0.035984  -0.014182  0.999252  0.003440  -0.002262  0.001169  0.000000  0.000000  0.000000  2.000000  
89.079310 0.014348  0.095010  -0.003593  0.994395  0.099975  -0.034390  -0.099412  0.994889  0.017700  0.035984  -0.014182  0.999252  0.003650  -0.002056  0.001033  0.000000  0.000000  0.000000  2.000000  
89.080557 0.014353  0.095009  -0.003592  0.994375  0.100180  -0.034387  -0.099617  0.994868  0.017707  0.035984  -0.014182  0.999252  0.003813  -0.001895  0.000953  0.000000  0.000000  0.000000  2.000000  
89.081563 0.014357  0.095009  -0.003590  0.994375  0.100184  -0.034374  -0.099617  0.994866  0.017828  0.035984  -0.014303  0.999250  0.003916  -0.001739  0.000884  0.000000  0.000000  0.000000  2.000000  
89.082809 0.014362  0.095008  -0.003589  0.994370  0.100186  -0.034508  -0.099617  0.994866  0.017841  0.036118  -0.014303  0.999245  0.003952  -0.001575  0.000848  0.000000  0.000000  0.000000  2.000000  
89.084059 0.014367  0.095008  -0.003587  0.994370  0.100186  -0.034508  -0.099617  0.994866  0.017841  0.036118  -0.014303  0.999245  0.004006  -0.001376  0.000872  0.000000  0.000000  0.000000  2.000000  
89.085312 0.014372  0.095007  -0.003585  0.994350  0.100391  -0.034504  -0.099821  0.994845  0.017848  0.036118  -0.014303  0.999245  0.003977  -0.001262  0.000928  0.000000  0.000000  0.000000  2.000000  
89.086315 0.014375  0.095006  -0.003583  0.994345  0.100393  -0.034637  -0.099821  0.994845  0.017862  0.036251  -0.014303  0.999240  0.003888  -0.001196  0.000947  0.000000  0.000000  0.000000  2.000000  
89.087560 0.014379  0.095005  -0.003582  0.994345  0.100393  -0.034637  -0.099821  0.994845  0.017862  0.036251  -0.014303  0.999240  0.003832  -0.001115  0.000979  0.000000  0.000000  0.000000  2.000000  
89.088809 0.014382  0.095003  -0.003580  0.994324  0.100597  -0.034633  -0.100026  0.994824  0.017869  0.036251  -0.014303  0.999240  0.003718  -0.001016  0.001024  0.000000  0.000000  0.000000  2.000000  
89.090057 0.014386  0.095002  -0.003579  0.994324  0.100597  -0.034633  -0.100026  0.994824  0.017869  0.036251  -0.014303  0.999240  0.003614  -0.000953  0.001075  0.000000  0.000000  0.000000  2.000000  
89.091058 0.014388  0.095001  -0.003578  0.994324  0.100597  -0.034633  -0.100026  0.994824  0.017869  0.036251  -0.014303  0.999240  0.003522  -0.000916  0.001138  0.000000  0.000000  0.000000  2.000000  
89.092060 0.014390  0.094999  -0.003577  0.994324  0.100597  -0.034633  -0.100026  0.994824  0.017869  0.036251  -0.014303  0.999240  0.003432  -0.000857  0.001152  0.000000  0.000000  0.000000  2.000000  
89.093309 0.014393  0.094998  -0.003577  0.994304  0.100802  -0.034630  -0.100230  0.994804  0.017876  0.036251  -0.014303  0.999240  0.003322  -0.000842  0.001134  0.000000  0.000000  0.000000  2.000000  
89.094664 0.014396  0.094996  -0.003576  0.994304  0.100806  -0.034617  -0.100230  0.994801  0.017997  0.036251  -0.014424  0.999239  0.003118  -0.000882  0.001091  0.000000  0.000000  0.000000  2.000000  
89.095808 0.014398  0.094995  -0.003576  0.994304  0.100806  -0.034617  -0.100230  0.994801  0.017997  0.036251  -0.014424  0.999239  0.002918  -0.000926  0.001008  0.000000  0.000000  0.000000  2.000000  
89.096811 0.014400  0.094994  -0.003575  0.994304  0.100806  -0.034617  -0.100230  0.994801  0.017997  0.036251  -0.014424  0.999239  0.002755  -0.001013  0.000976  0.000000  0.000000  0.000000  2.000000  
89.098057 0.014402  0.094992  -0.003575  0.994304  0.100811  -0.034605  -0.100230  0.994799  0.018117  0.036251  -0.014546  0.999237  0.002557  -0.001082  0.000860  0.000000  0.000000  0.000000  2.000000  
89.099068 0.014403  0.094991  -0.003575  0.994304  0.100811  -0.034605  -0.100230  0.994799  0.018117  0.036251  -0.014546  0.999237  0.002373  -0.001114  0.000804  0.000000  0.000000  0.000000  2.000000  
89.100312 0.014404  0.094989  -0.003574  0.994304  0.100811  -0.034605  -0.100230  0.994799  0.018117  0.036251  -0.014546  0.999237  0.002115  -0.001204  0.000738  0.000000  0.000000  0.000000  2.000000  
89.101313 0.014404  0.094987  -0.003573  0.994304  0.100811  -0.034605  -0.100230  0.994799  0.018117  0.036251  -0.014546  0.999237  0.001945  -0.001301  0.000670  0.000000  0.000000  0.000000  2.000000  
89.102322 0.014404  0.094985  -0.003573  0.994278  0.101017  -0.034734  -0.100434  0.994778  0.018138  0.036385  -0.014545  0.999232  0.001739  -0.001354  0.000626  0.000000  0.000000  0.000000  2.000000  
89.103559 0.014404  0.094981  -0.003573  0.994278  0.101017  -0.034734  -0.100434  0.994778  0.018138  0.036385  -0.014545  0.999232  0.001506  -0.001477  0.000536  0.000000  0.000000  0.000000  2.000000  
89.104559 0.014404  0.094979  -0.003572  0.994278  0.101017  -0.034734  -0.100434  0.994778  0.018138  0.036385  -0.014545  0.999232  0.001333  -0.001537  0.000492  0.000000  0.000000  0.000000  2.000000  
89.105807 0.014404  0.094977  -0.003571  0.994278  0.101017  -0.034734  -0.100434  0.994778  0.018138  0.036385  -0.014545  0.999232  0.001096  -0.001570  0.000437  0.000000  0.000000  0.000000  2.000000  
89.107059 0.014405  0.094975  -0.003571  0.994278  0.101017  -0.034734  -0.100434  0.994778  0.018138  0.036385  -0.014545  0.999232  0.000949  -0.001599  0.000421  0.000000  0.000000  0.000000  2.000000  
89.108062 0.014405  0.094974  -0.003571  0.994278  0.101017  -0.034734  -0.100434  0.994778  0.018138  0.036385  -0.014545  0.999232  0.000769  -0.001654  0.000409  0.000000  0.000000  0.000000  2.000000  
89.109321 0.014404  0.094971  -0.003571  0.994278  0.101017  -0.034734  -0.100434  0.994778  0.018138  0.036385  -0.014545  0.999232  0.000545  -0.001724  0.000368  0.000000  0.000000  0.000000  2.000000  
89.110556 0.014404  0.094970  -0.003571  0.994278  0.101017  -0.034734  -0.100434  0.994778  0.018138  0.036385  -0.014545  0.999232  0.000414  -0.001747  0.000309  0.000000  0.000000  0.000000  2.000000  
89.111660 0.014405  0.094968  -0.003572  0.994278  0.101017  -0.034734  -0.100434  0.994778  0.018138  0.036385  -0.014545  0.999232  0.000285  -0.001769  0.000250  0.000000  0.000000  0.000000  2.000000  
89.112807 0.014404  0.094965  -0.003572  0.994278  0.101017  -0.034734  -0.100434  0.994778  0.018138  0.036385  -0.014545  0.999232  0.000139  -0.001873  0.000183  0.000000  0.000000  0.000000  2.000000  
89.114059 0.014403  0.094962  -0.003573  0.994299  0.100812  -0.034738  -0.100230  0.994799  0.018131  0.036385  -0.014545  0.999232  -0.000009  -0.001933  0.000112  0.000000  0.000000  0.000000  2.000000  
89.115062 0.014403  0.094960  -0.003574  0.994294  0.100814  -0.034871  -0.100229  0.994799  0.018144  0.036519  -0.014545  0.999227  -0.000066  -0.001970  0.000019  0.000000  0.000000  0.000000  2.000000  
89.116320 0.014402  0.094957  -0.003575  0.994294  0.100814  -0.034871  -0.100229  0.994799  0.018144  0.036519  -0.014545  0.999227  -0.000145  -0.001987  -0.000099  0.000000  0.000000  0.000000  2.000000  
89.117559 0.014402  0.094954  -0.003575  0.994273  0.101019  -0.034867  -0.100434  0.994778  0.018151  0.036519  -0.014545  0.999227  -0.000182  -0.001970  -0.000182  0.000000  0.000000  0.000000  2.000000  
89.118809 0.014402  0.094952  -0.003576  0.994273  0.101019  -0.034867  -0.100434  0.994778  0.018151  0.036519  -0.014545  0.999227  -0.000166  -0.001942  -0.000215  0.000000  0.000000  0.000000  2.000000  
89.119811 0.014402  0.094951  -0.003577  0.994273  0.101019  -0.034867  -0.100434  0.994778  0.018151  0.036519  -0.014545  0.999227  -0.000115  -0.001904  -0.000327  0.000000  0.000000  0.000000  2.000000  
89.121059 0.014403  0.094949  -0.003577  0.994273  0.101019  -0.034867  -0.100434  0.994778  0.018151  0.036519  -0.014545  0.999227  -0.000056  -0.001882  -0.000377  0.000000  0.000000  0.000000  2.000000  
89.122068 0.014404  0.094948  -0.003577  0.994273  0.101019  -0.034867  -0.100434  0.994778  0.018151  0.036519  -0.014545  0.999227  0.000014  -0.001775  -0.000426  0.000000  0.000000  0.000000  2.000000  
89.123309 0.014405  0.094947  -0.003578  0.994273  0.101019  -0.034867  -0.100434  0.994778  0.018151  0.036519  -0.014545  0.999227  0.000072  -0.001726  -0.000467  0.000000  0.000000  0.000000  2.000000  
89.124316 0.014406  0.094947  -0.003578  0.994273  0.101019  -0.034867  -0.100434  0.994778  0.018151  0.036519  -0.014545  0.999227  0.000151  -0.001648  -0.000505  0.000000  0.000000  0.000000  2.000000  
89.125557 0.014408  0.094946  -0.003579  0.994268  0.101021  -0.035000  -0.100433  0.994778  0.018165  0.036653  -0.014545  0.999222  0.000255  -0.001539  -0.000539  0.000000  0.000000  0.000000  2.000000  
89.126804 0.014410  0.094946  -0.003580  0.994268  0.101021  -0.035000  -0.100433  0.994778  0.018165  0.036653  -0.014545  0.999222  0.000411  -0.001403  -0.000566  0.000000  0.000000  0.000000  2.000000  
89.127805 0.014412  0.094946  -0.003581  0.994268  0.101021  -0.035000  -0.100433  0.994778  0.018165  0.036653  -0.014545  0.999222  0.000514  -0.001271  -0.000571  0.000000  0.000000  0.000000  2.000000  
89.128809 0.014412  0.094945  -0.003582  0.994248  0.101226  -0.034997  -0.100638  0.994757  0.018172  0.036653  -0.014545  0.999222  0.000638  -0.001160  -0.000643  0.000000  0.000000  0.000000  2.000000  
89.130061 0.014415  0.094945  -0.003584  0.994248  0.101226  -0.034997  -0.100638  0.994757  0.018172  0.036653  -0.014545  0.999222  0.000781  -0.001007  -0.000659  0.000000  0.000000  0.000000  2.000000  
89.131311 0.014416  0.094944  -0.003585  0.994248  0.101226  -0.034997  -0.100638  0.994757  0.018172  0.036653  -0.014545  0.999222  0.000925  -0.000847  -0.000697  0.000000  0.000000  0.000000  2.000000  
89.132324 0.014418  0.094945  -0.003586  0.994248  0.101226  -0.034997  -0.100638  0.994757  0.018172  0.036653  -0.014545  0.999222  0.001061  -0.000666  -0.000722  0.000000  0.000000  0.000000  2.000000  
89.133559 0.014419  0.094945  -0.003588  0.994227  0.101435  -0.034981  -0.100843  0.994734  0.018300  0.036653  -0.014667  0.999220  0.001172  -0.000485  -0.000845  0.000000  0.000000  0.000000  2.000000  
89.134563 0.014421  0.094945  -0.003590  0.994222  0.101437  -0.035114  -0.100842  0.994734  0.018313  0.036786  -0.014666  0.999216  0.001273  -0.000348  -0.000871  0.000000  0.000000  0.000000  2.000000  
89.135565 0.014423  0.094946  -0.003591  0.994201  0.101642  -0.035110  -0.101047  0.994713  0.018320  0.036786  -0.014666  0.999216  0.001378  -0.000188  -0.000945  0.000000  0.000000  0.000000  2.000000  
89.136811 0.014426  0.094947  -0.003593  0.994201  0.101642  -0.035110  -0.101047  0.994713  0.018320  0.036786  -0.014666  0.999216  0.001453  -0.000060  -0.001043  0.000000  0.000000  0.000000  2.000000  
89.138062 0.014428  0.094949  -0.003595  0.994180  0.101846  -0.035106  -0.101252  0.994692  0.018328  0.036786  -0.014666  0.999216  0.001507  0.000123  -0.001163  0.000000  0.000000  0.000000  2.000000  
89.139314 0.014430  0.094950  -0.003597  0.994176  0.101848  -0.035239  -0.101251  0.994692  0.018341  0.036920  -0.014666  0.999211  0.001555  0.000247  -0.001240  0.000000  0.000000  0.000000  2.000000  
89.140557 0.014431  0.094952  -0.003599  0.994155  0.102053  -0.035235  -0.101456  0.994671  0.018348  0.036920  -0.014666  0.999211  0.001543  0.000344  -0.001357  0.000000  0.000000  0.000000  2.000000  
89.141557 0.014432  0.094952  -0.003601  0.994155  0.102053  -0.035235  -0.101456  0.994671  0.018348  0.036920  -0.014666  0.999211  0.001494  0.000404  -0.001402  0.000000  0.000000  0.000000  2.000000  
89.142561 0.014433  0.094953  -0.003603  0.994129  0.102260  -0.035365  -0.101660  0.994650  0.018369  0.037054  -0.014666  0.999206  0.001467  0.000508  -0.001485  0.000000  0.000000  0.000000  2.000000  
89.143804 0.014434  0.094954  -0.003605  0.994129  0.102260  -0.035365  -0.101660  0.994650  0.018369  0.037054  -0.014666  0.999206  0.001459  0.000605  -0.001508  0.000000  0.000000  0.000000  2.000000  
89.144806 0.014435  0.094955  -0.003607  0.994108  0.102465  -0.035361  -0.101865  0.994629  0.018377  0.037054  -0.014666  0.999206  0.001408  0.000670  -0.001556  0.000000  0.000000  0.000000  2.000000  
89.146061 0.014436  0.094956  -0.003608  0.994103  0.102467  -0.035494  -0.101864  0.994628  0.018390  0.037187  -0.014666  0.999201  0.001344  0.000809  -0.001578  0.000000  0.000000  0.000000  2.000000  
89.147305 0.014437  0.094957  -0.003610  0.994082  0.102671  -0.035490  -0.102069  0.994607  0.018398  0.037187  -0.014666  0.999201  0.001277  0.000841  -0.001647  0.000000  0.000000  0.000000  2.000000  
89.148316 0.014438  0.094959  -0.003612  0.994082  0.102671  -0.035490  -0.102069  0.994607  0.018398  0.037187  -0.014666  0.999201  0.001232  0.000925  -0.001644  0.000000  0.000000  0.000000  2.000000  
89.149559 0.014438  0.094959  -0.003615  0.994056  0.102878  -0.035619  -0.102273  0.994586  0.018419  0.037321  -0.014666  0.999196  0.001137  0.000922  -0.001677  0.000000  0.000000  0.000000  2.000000  
89.150806 0.014439  0.094961  -0.003617  0.994030  0.103085  -0.035748  -0.102477  0.994564  0.018440  0.037455  -0.014666  0.999191  0.001033  0.000945  -0.001722  0.000000  0.000000  0.000000  2.000000  
89.151807 0.014440  0.094962  -0.003619  0.994030  0.103085  -0.035748  -0.102477  0.994564  0.018440  0.037455  -0.014666  0.999191  0.000924  0.000947  -0.001719  0.000000  0.000000  0.000000  2.000000  
89.152811 0.014440  0.094962  -0.003620  0.994009  0.103290  -0.035745  -0.102682  0.994543  0.018447  0.037455  -0.014666  0.999191  0.000836  0.000915  -0.001686  0.000000  0.000000  0.000000  2.000000  
89.154058 0.014440  0.094963  -0.003622  0.994004  0.103296  -0.035865  -0.102681  0.994541  0.018581  0.037589  -0.014787  0.999184  0.000737  0.000871  -0.001679  0.000000  0.000000  0.000000  2.000000  
89.155058 0.014440  0.094963  -0.003623  0.993983  0.103501  -0.035861  -0.102886  0.994519  0.018589  0.037589  -0.014787  0.999184  0.000645  0.000838  -0.001646  0.000000  0.000000  0.000000  2.000000  
89.156058 0.014441  0.094963  -0.003624  0.993978  0.103503  -0.035994  -0.102885  0.994519  0.018602  0.037722  -0.014787  0.999179  0.000575  0.000732  -0.001596  0.000000  0.000000  0.000000  2.000000  
89.157309 0.014441  0.094963  -0.003626  0.993956  0.103707  -0.035990  -0.103090  0.994498  0.018610  0.037722  -0.014787  0.999179  0.000535  0.000690  -0.001594  0.000000  0.000000  0.000000  2.000000  
89.158314 0.014441  0.094963  -0.003627  0.993930  0.103914  -0.036119  -0.103294  0.994476  0.018631  0.037856  -0.014787  0.999174  0.000459  0.000599  -0.001533  0.000000  0.000000  0.000000  2.000000  
89.159555 0.014441  0.094963  -0.003628  0.993930  0.103914  -0.036119  -0.103294  0.994476  0.018631  0.037856  -0.014787  0.999174  0.000430  0.000514  -0.001482  0.000000  0.000000  0.000000  2.000000  
89.160556 0.014442  0.094962  -0.003629  0.993909  0.104119  -0.036116  -0.103499  0.994455  0.018639  0.037856  -0.014787  0.999174  0.000389  0.000436  -0.001401  0.000000  0.000000  0.000000  2.000000  
89.161643 0.014442  0.094962  -0.003629  0.993904  0.104125  -0.036236  -0.103498  0.994452  0.018773  0.037990  -0.014908  0.999167  0.000340  0.000371  -0.001308  0.000000  0.000000  0.000000  2.000000  
89.162811 0.014442  0.094962  -0.003630  0.993877  0.104332  -0.036365  -0.103702  0.994431  0.018794  0.038123  -0.014908  0.999162  0.000358  0.000296  -0.001244  0.000000  0.000000  0.000000  2.000000  
89.164059 0.014443  0.094962  -0.003631  0.993856  0.104537  -0.036361  -0.103907  0.994409  0.018802  0.038123  -0.014908  0.999162  0.000323  0.000191  -0.001141  0.000000  0.000000  0.000000  2.000000  
89.165063 0.014443  0.094962  -0.003631  0.993851  0.104543  -0.036481  -0.103906  0.994407  0.018936  0.038257  -0.015029  0.999155  0.000286  0.000096  -0.001042  0.000000  0.000000  0.000000  2.000000  
89.166318 0.014443  0.094961  -0.003631  0.993830  0.104748  -0.036478  -0.104111  0.994385  0.018944  0.038257  -0.015029  0.999155  0.000252  -0.000029  -0.000906  0.000000  0.000000  0.000000  2.000000  
89.167329 0.014443  0.094961  -0.003631  0.993803  0.104954  -0.036607  -0.104315  0.994363  0.018965  0.038391  -0.015029  0.999150  0.000230  -0.000069  -0.000773  0.000000  0.000000  0.000000  2.000000  
89.168560 0.014443  0.094960  -0.003631  0.993782  0.105159  -0.036603  -0.104520  0.994342  0.018973  0.038391  -0.015029  0.999150  0.000187  -0.000167  -0.000653  0.000000  0.000000  0.000000  2.000000  
89.169809 0.014443  0.094959  -0.003632  0.993755  0.105370  -0.036719  -0.104724  0.994318  0.019115  0.038524  -0.015150  0.999143  0.000146  -0.000238  -0.000571  0.000000  0.000000  0.000000  2.000000  
89.171058 0.014442  0.094958  -0.003632  0.993728  0.105577  -0.036848  -0.104928  0.994296  0.019137  0.038658  -0.015150  0.999138  0.000107  -0.000312  -0.000500  0.000000  0.000000  0.000000  2.000000  
89.172059 0.014442  0.094957  -0.003632  0.993707  0.105782  -0.036844  -0.105132  0.994274  0.019144  0.038658  -0.015150  0.999138  0.000056  -0.000389  -0.000399  0.000000  0.000000  0.000000  2.000000  
89.173310 0.014442  0.094957  -0.003632  0.993680  0.105993  -0.036960  -0.105336  0.994250  0.019286  0.038792  -0.015271  0.999131  0.000051  -0.000404  -0.000345  0.000000  0.000000  0.000000  2.000000  
89.174556 0.014442  0.094956  -0.003632  0.993653  0.106200  -0.037089  -0.105540  0.994228  0.019308  0.038926  -0.015271  0.999125  0.000003  -0.000459  -0.000290  0.000000  0.000000  0.000000  2.000000  
89.175558 0.014442  0.094955  -0.003632  0.993631  0.106409  -0.037072  -0.105745  0.994203  0.019436  0.038926  -0.015392  0.999124  -0.000001  -0.000482  -0.000242  0.000000  0.000000  0.000000  2.000000  
89.176559 0.014441  0.094955  -0.003633  0.993604  0.106615  -0.037201  -0.105949  0.994181  0.019458  0.039059  -0.015392  0.999118  -0.000046  -0.000502  -0.000226  0.000000  0.000000  0.000000  2.000000  
89.177805 0.014441  0.094955  -0.003632  0.993555  0.107031  -0.037313  -0.106357  0.994135  0.019608  0.039193  -0.015513  0.999111  -0.000064  -0.000517  -0.000142  0.000000  0.000000  0.000000  2.000000  
89.178810 0.014441  0.094954  -0.003633  0.993528  0.107238  -0.037442  -0.106561  0.994112  0.019630  0.039327  -0.015513  0.999106  -0.000120  -0.000525  -0.000143  0.000000  0.000000  0.000000  2.000000  
89.180056 0.014441  0.094954  -0.003633  0.993501  0.107449  -0.037558  -0.106765  0.994088  0.019773  0.039460  -0.015634  0.999099  -0.000132  -0.000512  -0.000105  0.000000  0.000000  0.000000  2.000000  
89.181059 0.014441  0.094954  -0.003632  0.993474  0.107656  -0.037687  -0.106969  0.994065  0.019795  0.039594  -0.015634  0.999094  -0.000155  -0.000481  -0.000081  0.000000  0.000000  0.000000  2.000000  
89.182063 0.014440  0.094954  -0.003632  0.993424  0.108072  -0.037798  -0.107378  0.994018  0.019945  0.039728  -0.015756  0.999086  -0.000213  -0.000488  -0.000081  0.000000  0.000000  0.000000  2.000000  
89.183316 0.014440  0.094953  -0.003632  0.993397  0.108279  -0.037927  -0.107582  0.993996  0.019968  0.039861  -0.015755  0.999081  -0.000227  -0.000483  -0.000044  0.000000  0.000000  0.000000  2.000000  
89.184317 0.014440  0.094953  -0.003632  0.993347  0.108695  -0.038039  -0.107990  0.993948  0.020118  0.039995  -0.015877  0.999074  -0.000206  -0.000425  -0.000033  0.043319  0.077550  0.179535  2.000000  
89.185558 0.014439  0.094952  -0.003632  0.993292  0.109108  -0.038296  -0.108398  0.993903  0.020163  0.040263  -0.015876  0.999063  -0.000213  -0.000392  -0.000044  0.043979  0.082575  0.187985  2.000000  
89.186560 0.014439  0.094952  -0.003632  0.993264  0.109320  -0.038412  -0.108602  0.993878  0.020306  0.040396  -0.015997  0.999056  -0.000195  -0.000341  -0.000033  0.048062  0.087048  0.188032  2.000000  
89.187808 0.014439  0.094952  -0.003632  0.993209  0.109733  -0.038669  -0.109010  0.993832  0.020351  0.040664  -0.015997  0.999045  -0.000171  -0.000278  -0.000020  0.048642  0.095852  0.202048  2.000000  
89.188808 0.014439  0.094952  -0.003632  0.993158  0.110149  -0.038780  -0.109418  0.993784  0.020502  0.040797  -0.016118  0.999037  -0.000181  -0.000252  -0.000032  0.052576  0.094934  0.207223  2.000000  
89.189809 0.014440  0.094953  -0.003632  0.993102  0.110567  -0.039024  -0.109826  0.993736  0.020668  0.041065  -0.016239  0.999025  -0.000120  -0.000192  0.000014  0.057383  0.104581  0.215971  2.000000  
89.191059 0.014440  0.094953  -0.003632  0.993046  0.110981  -0.039281  -0.110233  0.993690  0.020713  0.041332  -0.016239  0.999013  -0.000056  -0.000111  0.000013  0.053908  0.108870  0.229916  2.000000  
89.192320 0.014441  0.094953  -0.003632  0.992989  0.111399  -0.039525  -0.110641  0.993641  0.020880  0.041599  -0.016360  0.999000  -0.000015  -0.000107  0.000048  0.057809  0.116766  0.235013  2.000000  
89.193557 0.014442  0.094954  -0.003632  0.992910  0.112022  -0.039764  -0.111253  0.993569  0.021054  0.041867  -0.016481  0.998987  0.000050  -0.000023  0.000046  0.062762  0.120966  0.255821  2.000000  
89.194812 0.014442  0.094954  -0.003631  0.992847  0.112442  -0.040140  -0.111660  0.993520  0.021236  0.042268  -0.016602  0.998968  0.000092  -0.000019  0.000082  0.063595  0.130754  0.264867  2.000000  
89.196061 0.014443  0.094954  -0.003631  0.992767  0.113065  -0.040379  -0.112272  0.993447  0.021411  0.042535  -0.016723  0.998955  0.000137  0.000007  0.000069  0.068278  0.139537  0.278893  2.000000  
89.197310 0.014443  0.094954  -0.003631  0.992680  0.113690  -0.040750  -0.112883  0.993373  0.021602  0.042936  -0.016844  0.998936  0.000196  0.000067  0.000114  0.072415  0.147121  0.290552  2.000000  
89.198323 0.014443  0.094954  -0.003630  0.992599  0.114313  -0.040989  -0.113495  0.993300  0.021778  0.043204  -0.016965  0.998922  0.000254  0.000067  0.000114  0.077623  0.156946  0.306647  2.000000  
89.199559 0.014444  0.094954  -0.003629  0.992511  0.114939  -0.041360  -0.114106  0.993226  0.021970  0.043605  -0.017086  0.998903  0.000291  0.000049  0.000197  0.078306  0.165747  0.320766  2.000000  
89.200809 0.014444  0.094953  -0.003629  0.992417  0.115566  -0.041863  -0.114716  0.993151  0.022177  0.044139  -0.017207  0.998877  0.000327  0.000052  0.000229  0.083061  0.178990  0.334811  2.000000  
89.201809 0.014445  0.094953  -0.003628  0.992334  0.116189  -0.042101  -0.115328  0.993076  0.022354  0.044407  -0.017327  0.998863  0.000354  0.000060  0.000299  0.087760  0.187744  0.348802  2.000000  
89.203057 0.014445  0.094953  -0.003627  0.992239  0.116817  -0.042604  -0.115938  0.993000  0.022563  0.044941  -0.017448  0.998837  0.000380  0.000068  0.000369  0.087723  0.199304  0.359866  2.000000  
89.204058 0.014445  0.094953  -0.003627  0.992149  0.117442  -0.042974  -0.116548  0.992924  0.022756  0.045342  -0.017569  0.998817  0.000390  0.000042  0.000381  0.093188  0.214211  0.376931  2.000000  
89.205059 0.014446  0.094953  -0.003626  0.992059  0.118068  -0.043343  -0.117159  0.992848  0.022950  0.045743  -0.017690  0.998797  0.000393  0.000020  0.000435  0.093859  0.222894  0.390866  2.000000  
89.206314 0.014446  0.094953  -0.003625  0.991907  0.119107  -0.043969  -0.118177  0.992722  0.023194  0.046411  -0.017811  0.998764  0.000343  -0.000028  0.000496  0.099270  0.240388  0.418807  2.000000  
89.207558 0.014446  0.094953  -0.003624  0.991785  0.119939  -0.044466  -0.118990  0.992619  0.023415  0.046946  -0.017931  0.998736  0.000298  -0.000055  0.000509  0.100009  0.253605  0.432898  2.000000  
89.208806 0.014446  0.094952  -0.003623  0.991655  0.120779  -0.045081  -0.119803  0.992513  0.023772  0.047614  -0.018173  0.998700  0.000271  -0.000093  0.000631  0.108355  0.268998  0.450294  2.000000  
89.210060 0.014446  0.094952  -0.003622  0.991500  0.121819  -0.045705  -0.120820  0.992384  0.024020  0.048283  -0.018293  0.998666  0.000241  -0.000148  0.000666  0.110643  0.288678  0.481988  2.000000  
89.211309 0.014446  0.094951  -0.003620  0.991342  0.122858  -0.046328  -0.121837  0.992253  0.024269  0.048951  -0.018414  0.998631  0.000192  -0.000196  0.000727  0.114960  0.303981  0.499263  2.000000  
89.212321 0.014445  0.094950  -0.003619  0.991216  0.123696  -0.046808  -0.122650  0.992145  0.024613  0.049485  -0.018656  0.998601  0.000111  -0.000275  0.000764  0.120008  0.316704  0.519761  2.000000  
89.213562 0.014445  0.094949  -0.003618  0.991049  0.124738  -0.047563  -0.123665  0.992012  0.024881  0.050287  -0.018776  0.998558  0.000061  -0.000319  0.000812  0.126279  0.336885  0.545058  2.000000  
89.214815 0.014444  0.094948  -0.003616  0.990862  0.125981  -0.048180  -0.124885  0.991853  0.025143  0.050955  -0.018897  0.998522  0.000013  -0.000373  0.000887  0.127744  0.354291  0.572996  2.000000  
89.216059 0.014444  0.094947  -0.003615  0.990692  0.127029  -0.048919  -0.125900  0.991714  0.025535  0.051757  -0.019138  0.998476  -0.000021  -0.000419  0.000897  0.133157  0.372021  0.594440  2.000000  
89.217316 0.014444  0.094946  -0.003613  0.990494  0.128275  -0.049667  -0.127118  0.991552  0.025817  0.052559  -0.019258  0.998432  -0.000060  -0.000493  0.000969  0.138716  0.393749  0.622127  2.000000  
89.218559 0.014443  0.094944  -0.003612  0.990287  0.129530  -0.050531  -0.128335  0.991384  0.026239  0.053494  -0.019500  0.998378  -0.000117  -0.000612  0.000997  0.144495  0.415703  0.650350  2.000000  
89.219809 0.014443  0.094943  -0.003611  0.990051  0.130983  -0.051404  -0.129755  0.991190  0.026554  0.054429  -0.019620  0.998325  -0.000152  -0.000665  0.001022  0.146514  0.437427  0.685251  2.000000  
89.220809 0.014443  0.094942  -0.003609  0.989881  0.132029  -0.052007  -0.130769  0.991047  0.026935  0.055097  -0.019861  0.998283  -0.000177  -0.000745  0.001058  0.156010  0.450529  0.706377  2.000000  
89.222056 0.014443  0.094940  -0.003608  0.989667  0.133278  -0.052884  -0.131985  0.990877  0.027243  0.056032  -0.019981  0.998229  -0.000189  -0.000838  0.001088  0.156481  0.468530  0.728413  2.000000  
89.223058 0.014443  0.094939  -0.003606  0.989451  0.134533  -0.053744  -0.133201  0.990703  0.027673  0.056967  -0.020222  0.998171  -0.000183  -0.000887  0.001147  0.162258  0.494631  0.756359  2.000000  
89.224308 0.014443  0.094937  -0.003604  0.989169  0.136193  -0.054741  -0.134822  0.990473  0.028026  0.058036  -0.020342  0.998107  -0.000198  -0.000992  0.001194  0.164944  0.516306  0.798282  2.000000  
89.225309 0.014443  0.094936  -0.003603  0.988955  0.137439  -0.055483  -0.136037  0.990299  0.028323  0.058837  -0.020462  0.998058  -0.000181  -0.001063  0.001237  0.170367  0.533451  0.818780  2.000000  
89.226319 0.014443  0.094934  -0.003601  0.988731  0.138695  -0.056340  -0.137251  0.990119  0.028760  0.059772  -0.020703  0.997997  -0.000152  -0.001146  0.001276  0.177723  0.559553  0.853500  2.000000  
