1-Time 2-Px 3-Py 4-Pz 5-R11 6-R21 7-R31 8-R12 9-R22 10-R32 11-R13 12-R23 13-R33 14-Vx 15-Vy 16-Vz 17-Wx 18-Wy 19-Wz 20-state 21-PR11 22-PR21 23-PR31 24-PR12 25-PR22 26-PR32 27-PR13 28-PR23 29-PR33 
36.004176 0.012624  0.090738  -0.013282  0.997768  0.061583  -0.025809  -0.061908  0.998010  -0.012010  0.025018  0.013581  0.999595  -0.000090  -0.000102  -0.000256  0.000000  0.000000  0.000000  2.000000  
36.005180 0.012624  0.090737  -0.013282  0.997768  0.061583  -0.025809  -0.061908  0.998010  -0.012010  0.025018  0.013581  0.999595  -0.000060  -0.000097  -0.000184  0.000000  0.000000  0.000000  2.000000  
36.006433 0.012626  0.090736  -0.013283  0.997752  0.061786  -0.025945  -0.062113  0.997997  -0.011996  0.025151  0.013581  0.999591  0.000105  -0.000196  -0.000245  0.000000  0.000000  0.000000  2.000000  
36.007678 0.012630  0.090734  -0.013283  0.997726  0.062197  -0.025950  -0.062524  0.997971  -0.011985  0.025151  0.013581  0.999591  0.000336  -0.000327  -0.000302  0.000000  0.000000  0.000000  2.000000  
36.008679 0.012633  0.090732  -0.013284  0.997723  0.062195  -0.026083  -0.062524  0.997972  -0.011977  0.025285  0.013581  0.999588  0.000564  -0.000482  -0.000309  0.000000  0.000000  0.000000  2.000000  
36.009679 0.012637  0.090729  -0.013284  0.997710  0.062401  -0.026086  -0.062729  0.997959  -0.011972  0.025285  0.013581  0.999588  0.000847  -0.000640  -0.000323  0.000000  0.000000  0.000000  2.000000  
36.010686 0.012641  0.090727  -0.013286  0.997694  0.062604  -0.026221  -0.062935  0.997946  -0.011958  0.025419  0.013580  0.999585  0.001144  -0.000778  -0.000426  0.000000  0.000000  0.000000  2.000000  
36.011929 0.012648  0.090725  -0.013287  0.997674  0.062806  -0.026491  -0.063140  0.997933  -0.011936  0.025687  0.013580  0.999578  0.001605  -0.000952  -0.000500  0.000000  0.000000  0.000000  2.000000  
36.012930 0.012653  0.090722  -0.013289  0.997641  0.063214  -0.026763  -0.063550  0.997908  -0.011908  0.025954  0.013580  0.999571  0.001967  -0.001122  -0.000599  0.000000  0.000000  0.000000  2.000000  
36.013933 0.012659  0.090719  -0.013291  0.997625  0.063417  -0.026899  -0.063755  0.997895  -0.011894  0.026088  0.013580  0.999567  0.002408  -0.001328  -0.000734  0.000000  0.000000  0.000000  2.000000  
36.015177 0.012667  0.090716  -0.013295  0.997595  0.063823  -0.027045  -0.064166  0.997867  -0.011995  0.026222  0.013701  0.999562  0.002906  -0.001515  -0.000926  0.000000  0.000000  0.000000  2.000000  
36.016179 0.012674  0.090714  -0.013297  0.997578  0.064027  -0.027181  -0.064371  0.997854  -0.011981  0.026355  0.013701  0.999559  0.003370  -0.001641  -0.001099  0.000000  0.000000  0.000000  2.000000  
36.017179 0.012680  0.090712  -0.013301  0.997548  0.064436  -0.027319  -0.064781  0.997828  -0.011961  0.026489  0.013701  0.999555  0.003819  -0.001777  -0.001384  0.000000  0.000000  0.000000  2.000000  
36.018181 0.012687  0.090709  -0.013304  0.997531  0.064639  -0.027455  -0.064986  0.997815  -0.011947  0.026623  0.013701  0.999552  0.004249  -0.001955  -0.001530  0.000000  0.000000  0.000000  2.000000  
36.019432 0.012696  0.090705  -0.013308  0.997501  0.065048  -0.027593  -0.065397  0.997788  -0.011927  0.026757  0.013701  0.999548  0.004809  -0.002148  -0.001773  0.000000  0.000000  0.000000  2.000000  
36.020682 0.012705  0.090701  -0.013314  0.997466  0.065452  -0.027873  -0.065807  0.997760  -0.012019  0.027024  0.013822  0.999539  0.005446  -0.002415  -0.002141  0.000000  0.000000  0.000000  2.000000  
36.021699 0.012713  0.090698  -0.013318  0.997446  0.065654  -0.028142  -0.066012  0.997747  -0.011995  0.027292  0.013822  0.999532  0.005796  -0.002507  -0.002347  0.000000  0.000000  0.000000  2.000000  
36.022928 0.012724  0.090694  -0.013321  0.997425  0.065852  -0.028420  -0.066217  0.997732  -0.012093  0.027559  0.013943  0.999523  0.006273  -0.002639  -0.002525  0.000000  0.000000  0.000000  2.000000  
36.024176 0.012734  0.090688  -0.013325  0.997390  0.066259  -0.028692  -0.066627  0.997705  -0.012063  0.027827  0.013943  0.999516  0.006607  -0.002839  -0.002754  0.000000  0.000000  0.000000  2.000000  
36.025179 0.012743  0.090683  -0.013328  0.997372  0.066459  -0.028836  -0.066832  0.997690  -0.012169  0.027960  0.014064  0.999510  0.006918  -0.003030  -0.002834  0.000000  0.000000  0.000000  2.000000  
36.026439 0.012754  0.090676  -0.013331  0.997337  0.066863  -0.029116  -0.067242  0.997661  -0.012260  0.028228  0.014186  0.999501  0.007326  -0.003331  -0.002974  -0.007645  0.119279  0.171192  2.000000  
36.027685 0.012766  0.090669  -0.013335  0.997316  0.067061  -0.029393  -0.067447  0.997646  -0.012357  0.028495  0.014307  0.999492  0.007638  -0.003589  -0.003109  -0.011502  0.123902  0.178063  2.000000  
36.028935 0.012778  0.090661  -0.013338  0.997294  0.067259  -0.029671  -0.067652  0.997631  -0.012454  0.028763  0.014428  0.999482  0.007900  -0.003893  -0.003175  -0.019445  0.132996  0.184859  2.000000  
36.030180 0.012789  0.090653  -0.013343  0.997277  0.067458  -0.029815  -0.067857  0.997616  -0.012560  0.028896  0.014549  0.999477  0.008133  -0.004253  -0.003216  -0.023140  0.137722  0.198650  2.000000  
36.031181 0.012798  0.090646  -0.013347  0.997255  0.067656  -0.030092  -0.068062  0.997601  -0.012657  0.029164  0.014670  0.999467  0.008340  -0.004554  -0.003276  -0.027000  0.146809  0.205408  2.000000  
36.032432 0.012810  0.090638  -0.013351  0.997237  0.067856  -0.030237  -0.068267  0.997585  -0.012762  0.029298  0.014791  0.999461  0.008524  -0.004897  -0.003323  -0.030614  0.145748  0.210619  2.000000  
36.033443 0.012818  0.090630  -0.013356  0.997233  0.067850  -0.030378  -0.068266  0.997584  -0.012874  0.029431  0.014913  0.999456  0.008684  -0.005235  -0.003388  -0.038995  0.151404  0.212232  2.000000  
36.034444 0.012827  0.090623  -0.013359  0.997215  0.068050  -0.030523  -0.068471  0.997569  -0.012980  0.029565  0.015034  0.999450  0.008799  -0.005495  -0.003372  -0.042861  0.155986  0.219037  2.000000  
36.035677 0.012838  0.090615  -0.013365  0.997207  0.068042  -0.030798  -0.068471  0.997567  -0.013083  0.029833  0.015155  0.999440  0.008845  -0.005762  -0.003390  -0.046542  0.163706  0.217196  2.000000  
36.036688 0.012847  0.090608  -0.013368  0.997207  0.068039  -0.030806  -0.068471  0.997566  -0.013204  0.029833  0.015276  0.999438  0.008911  -0.006019  -0.003370  -0.051351  0.160319  0.205140  2.000000  
36.037927 0.012857  0.090598  -0.013373  0.997203  0.068036  -0.030939  -0.068471  0.997566  -0.013194  0.029966  0.015276  0.999434  0.008883  -0.006357  -0.003451  -0.051549  0.160328  0.198360  2.000000  
36.039178 0.012866  0.090588  -0.013376  0.997185  0.068236  -0.031084  -0.068676  0.997550  -0.013300  0.030100  0.015397  0.999428  0.008852  -0.006694  -0.003469  -0.054956  0.163550  0.203476  2.000000  
36.040179 0.012874  0.090580  -0.013379  0.997199  0.068027  -0.031089  -0.068470  0.997563  -0.013427  0.030100  0.015518  0.999426  0.008765  -0.006840  -0.003388  -0.059360  0.158882  0.189786  2.000000  
36.041431 0.012883  0.090570  -0.013381  0.997195  0.068017  -0.031239  -0.068470  0.997560  -0.013660  0.030234  0.015761  0.999419  0.008565  -0.007059  -0.003299  -0.068353  0.155521  0.177571  2.000000  
36.042442 0.012890  0.090562  -0.013383  0.997195  0.068013  -0.031247  -0.068470  0.997558  -0.013781  0.030234  0.015882  0.999417  0.008381  -0.007291  -0.003291  -0.072596  0.150901  0.170674  2.000000  
36.043684 0.012898  0.090551  -0.013385  0.997191  0.068008  -0.031389  -0.068470  0.997556  -0.013893  0.030368  0.016003  0.999411  0.008161  -0.007443  -0.003157  0.000000  0.000000  0.000000  2.000000  
36.044937 0.012906  0.090540  -0.013387  0.997205  0.067798  -0.031395  -0.068264  0.997569  -0.014020  0.030368  0.016124  0.999409  0.007929  -0.007610  -0.002970  0.000000  0.000000  0.000000  2.000000  
36.046180 0.012914  0.090530  -0.013387  0.997201  0.067789  -0.031544  -0.068264  0.997565  -0.014253  0.030501  0.016367  0.999401  0.007714  -0.007769  -0.002672  0.000000  0.000000  0.000000  2.000000  
36.047433 0.012921  0.090519  -0.013387  0.997201  0.067785  -0.031553  -0.068264  0.997564  -0.014374  0.030501  0.016488  0.999399  0.007413  -0.007958  -0.002352  0.000000  0.000000  0.000000  2.000000  
36.048434 0.012927  0.090510  -0.013388  0.997215  0.067576  -0.031558  -0.068059  0.997576  -0.014502  0.030501  0.016609  0.999397  0.007245  -0.008039  -0.002142  0.000000  0.000000  0.000000  2.000000  
36.049681 0.012934  0.090499  -0.013389  0.997215  0.067568  -0.031574  -0.068059  0.997572  -0.014744  0.030501  0.016852  0.999393  0.006978  -0.008204  -0.001828  0.000000  0.000000  0.000000  2.000000  
36.050930 0.012940  0.090487  -0.013389  0.997215  0.067564  -0.031582  -0.068059  0.997571  -0.014865  0.030501  0.016973  0.999391  0.006648  -0.008420  -0.001568  0.000000  0.000000  0.000000  2.000000  
36.052178 0.012946  0.090476  -0.013389  0.997215  0.067560  -0.031591  -0.068059  0.997569  -0.014986  0.030501  0.017094  0.999389  0.006358  -0.008562  -0.001319  0.000000  0.000000  0.000000  2.000000  
36.053440 0.012952  0.090465  -0.013390  0.997215  0.067556  -0.031599  -0.068059  0.997567  -0.015107  0.030501  0.017215  0.999386  0.006042  -0.008647  -0.001023  0.000000  0.000000  0.000000  2.000000  
36.054677 0.012957  0.090453  -0.013391  0.997229  0.067351  -0.031596  -0.067854  0.997581  -0.015113  0.030501  0.017215  0.999386  0.005791  -0.008745  -0.000869  0.000000  0.000000  0.000000  2.000000  
36.055679 0.012961  0.090443  -0.013392  0.997229  0.067347  -0.031604  -0.067854  0.997579  -0.015234  0.030501  0.017337  0.999384  0.005570  -0.008896  -0.000824  0.000000  0.000000  0.000000  2.000000  
36.056925 0.012966  0.090431  -0.013393  0.997229  0.067343  -0.031612  -0.067854  0.997577  -0.015355  0.030501  0.017458  0.999382  0.005338  -0.009012  -0.000700  0.000000  0.000000  0.000000  2.000000  
36.058180 0.012971  0.090419  -0.013393  0.997229  0.067343  -0.031612  -0.067854  0.997577  -0.015355  0.030501  0.017458  0.999382  0.005055  -0.009110  -0.000563  0.000000  0.000000  0.000000  2.000000  
36.059183 0.012974  0.090409  -0.013393  0.997229  0.067340  -0.031620  -0.067854  0.997575  -0.015476  0.030501  0.017579  0.999380  0.004866  -0.009195  -0.000511  0.000000  0.000000  0.000000  2.000000  
36.060198 0.012978  0.090400  -0.013392  0.997229  0.067340  -0.031620  -0.067854  0.997575  -0.015476  0.030501  0.017579  0.999380  0.004655  -0.009229  -0.000405  0.000000  0.000000  0.000000  2.000000  
36.061454 0.012983  0.090388  -0.013391  0.997229  0.067336  -0.031628  -0.067854  0.997573  -0.015597  0.030501  0.017700  0.999378  0.004486  -0.009267  -0.000285  0.000000  0.000000  0.000000  2.000000  
36.062680 0.012988  0.090377  -0.013390  0.997229  0.067336  -0.031628  -0.067854  0.997573  -0.015597  0.030501  0.017700  0.999378  0.004367  -0.009307  -0.000155  0.000000  0.000000  0.000000  2.000000  
36.063933 0.012993  0.090366  -0.013388  0.997225  0.067329  -0.031770  -0.067853  0.997572  -0.015709  0.030635  0.017821  0.999372  0.004227  -0.009325  0.000011  0.000000  0.000000  0.000000  2.000000  
36.065180 0.012998  0.090354  -0.013386  0.997225  0.067326  -0.031778  -0.067853  0.997570  -0.015830  0.030635  0.017943  0.999370  0.004130  -0.009299  0.000148  0.000000  0.000000  0.000000  2.000000  
36.066180 0.013003  0.090346  -0.013385  0.997225  0.067326  -0.031778  -0.067853  0.997570  -0.015830  0.030635  0.017943  0.999370  0.004081  -0.009285  0.000303  0.000000  0.000000  0.000000  2.000000  
36.067432 0.013007  0.090335  -0.013383  0.997225  0.067322  -0.031786  -0.067853  0.997568  -0.015951  0.030635  0.018064  0.999367  0.003994  -0.009281  0.000421  0.000000  0.000000  0.000000  2.000000  
36.068680 0.013013  0.090323  -0.013382  0.997225  0.067322  -0.031786  -0.067853  0.997568  -0.015951  0.030635  0.018064  0.999367  0.004042  -0.009241  0.000559  0.000000  0.000000  0.000000  2.000000  
36.069681 0.013017  0.090315  -0.013382  0.997225  0.067322  -0.031786  -0.067853  0.997568  -0.015951  0.030635  0.018064  0.999367  0.004028  -0.009177  0.000686  0.000000  0.000000  0.000000  2.000000  
36.070930 0.013022  0.090304  -0.013381  0.997207  0.067521  -0.031931  -0.068058  0.997552  -0.016057  0.030769  0.018185  0.999361  0.004037  -0.009146  0.000788  0.000000  0.000000  0.000000  2.000000  
36.071930 0.013026  0.090295  -0.013380  0.997207  0.067521  -0.031931  -0.068058  0.997552  -0.016057  0.030769  0.018185  0.999361  0.004033  -0.009080  0.000878  0.000000  0.000000  0.000000  2.000000  
36.073180 0.013032  0.090283  -0.013380  0.997207  0.067521  -0.031931  -0.068058  0.997552  -0.016057  0.030769  0.018185  0.999361  0.004052  -0.009020  0.000889  0.000000  0.000000  0.000000  2.000000  
36.074440 0.013037  0.090272  -0.013380  0.997207  0.067525  -0.031923  -0.068058  0.997554  -0.015936  0.030769  0.018064  0.999363  0.004136  -0.008984  0.000897  0.000000  0.000000  0.000000  2.000000  
36.075444 0.013042  0.090263  -0.013380  0.997207  0.067525  -0.031923  -0.068058  0.997554  -0.015936  0.030769  0.018064  0.999363  0.004188  -0.008953  0.000839  0.000000  0.000000  0.000000  2.000000  
36.076678 0.013047  0.090252  -0.013380  0.997193  0.067730  -0.031926  -0.068264  0.997540  -0.015929  0.030769  0.018064  0.999363  0.004209  -0.008964  0.000762  0.000000  0.000000  0.000000  2.000000  
36.077683 0.013051  0.090243  -0.013380  0.997189  0.067728  -0.032060  -0.068263  0.997540  -0.015920  0.030903  0.018064  0.999359  0.004198  -0.008980  0.000650  0.000000  0.000000  0.000000  2.000000  
36.078683 0.013055  0.090234  -0.013380  0.997189  0.067728  -0.032060  -0.068263  0.997540  -0.015920  0.030903  0.018064  0.999359  0.004212  -0.008962  0.000561  0.000000  0.000000  0.000000  2.000000  
36.079931 0.013061  0.090223  -0.013380  0.997189  0.067728  -0.032060  -0.068263  0.997540  -0.015920  0.030903  0.018064  0.999359  0.004284  -0.008924  0.000415  0.000000  0.000000  0.000000  2.000000  
36.081180 0.013067  0.090212  -0.013380  0.997175  0.067933  -0.032063  -0.068469  0.997526  -0.015913  0.030903  0.018064  0.999359  0.004300  -0.008929  0.000344  0.000000  0.000000  0.000000  2.000000  
36.082180 0.013071  0.090203  -0.013380  0.997170  0.067931  -0.032196  -0.068468  0.997527  -0.015904  0.031036  0.018064  0.999355  0.004347  -0.008950  0.000219  0.000000  0.000000  0.000000  2.000000  
36.083443 0.013077  0.090192  -0.013381  0.997170  0.067931  -0.032196  -0.068468  0.997527  -0.015904  0.031036  0.018064  0.999355  0.004357  -0.008924  0.000130  0.000000  0.000000  0.000000  2.000000  
36.084680 0.013083  0.090180  -0.013381  0.997170  0.067931  -0.032196  -0.068468  0.997527  -0.015904  0.031036  0.018064  0.999355  0.004430  -0.008941  0.000057  0.000000  0.000000  0.000000  2.000000  
36.085680 0.013087  0.090172  -0.013381  0.997156  0.068136  -0.032200  -0.068674  0.997513  -0.015898  0.031036  0.018064  0.999355  0.004411  -0.008953  -0.000027  0.000000  0.000000  0.000000  2.000000  
36.086681 0.013092  0.090163  -0.013381  0.997152  0.068134  -0.032333  -0.068673  0.997513  -0.015888  0.031170  0.018063  0.999351  0.004455  -0.008930  -0.000044  0.000000  0.000000  0.000000  2.000000  
36.087925 0.013098  0.090151  -0.013383  0.997152  0.068134  -0.032333  -0.068673  0.997513  -0.015888  0.031170  0.018063  0.999351  0.004493  -0.008943  -0.000186  0.000000  0.000000  0.000000  2.000000  
36.088926 0.013102  0.090142  -0.013384  0.997152  0.068134  -0.032333  -0.068673  0.997513  -0.015888  0.031170  0.018063  0.999351  0.004518  -0.008954  -0.000263  0.000000  0.000000  0.000000  2.000000  
36.089928 0.013107  0.090133  -0.013386  0.997138  0.068339  -0.032336  -0.068879  0.997499  -0.015882  0.031170  0.018063  0.999351  0.004555  -0.008969  -0.000379  0.000000  0.000000  0.000000  2.000000  
36.091179 0.013113  0.090121  -0.013388  0.997134  0.068337  -0.032470  -0.068878  0.997499  -0.015872  0.031304  0.018063  0.999347  0.004518  -0.009014  -0.000533  0.000000  0.000000  0.000000  2.000000  
36.092428 0.013118  0.090109  -0.013391  0.997134  0.068340  -0.032461  -0.068878  0.997501  -0.015751  0.031304  0.017942  0.999349  0.004547  -0.009090  -0.000717  0.000000  0.000000  0.000000  2.000000  
36.093440 0.013123  0.090099  -0.013393  0.997134  0.068340  -0.032461  -0.068878  0.997501  -0.015751  0.031304  0.017942  0.999349  0.004560  -0.009132  -0.000882  0.000000  0.000000  0.000000  2.000000  
36.094685 0.013129  0.090086  -0.013396  0.997134  0.068340  -0.032461  -0.068878  0.997501  -0.015751  0.031304  0.017942  0.999349  0.004556  -0.009238  -0.001074  0.000000  0.000000  0.000000  2.000000  
36.095930 0.013135  0.090073  -0.013400  0.997134  0.068340  -0.032461  -0.068878  0.997501  -0.015751  0.031304  0.017942  0.999349  0.004588  -0.009382  -0.001334  0.000000  0.000000  0.000000  2.000000  
36.097180 0.013141  0.090061  -0.013403  0.997130  0.068338  -0.032595  -0.068878  0.997501  -0.015742  0.031438  0.017942  0.999345  0.004668  -0.009452  -0.001512  0.000000  0.000000  0.000000  2.000000  
36.098180 0.013146  0.090050  -0.013406  0.997130  0.068338  -0.032595  -0.068878  0.997501  -0.015742  0.031438  0.017942  0.999345  0.004673  -0.009582  -0.001690  0.000000  0.000000  0.000000  2.000000  
36.099182 0.013152  0.090040  -0.013409  0.997130  0.068338  -0.032595  -0.068878  0.997501  -0.015742  0.031438  0.017942  0.999345  0.004772  -0.009679  -0.001908  0.000000  0.000000  0.000000  2.000000  
36.100432 0.013158  0.090026  -0.013413  0.997115  0.068547  -0.032590  -0.069083  0.997489  -0.015615  0.031438  0.017821  0.999347  0.004811  -0.009847  -0.002158  0.000000  0.000000  0.000000  2.000000  
36.101432 0.013164  0.090016  -0.013416  0.997115  0.068547  -0.032590  -0.069083  0.997489  -0.015615  0.031438  0.017821  0.999347  0.004854  -0.009962  -0.002294  0.000000  0.000000  0.000000  2.000000  
36.102680 0.013171  0.090002  -0.013420  0.997111  0.068545  -0.032723  -0.069083  0.997489  -0.015605  0.031571  0.017821  0.999343  0.004975  -0.010119  -0.002501  0.000000  0.000000  0.000000  2.000000  
36.103693 0.013177  0.089991  -0.013423  0.997111  0.068545  -0.032723  -0.069083  0.997489  -0.015605  0.031571  0.017821  0.999343  0.005041  -0.010276  -0.002677  0.000000  0.000000  0.000000  2.000000  
36.104926 0.013184  0.089977  -0.013428  0.997111  0.068545  -0.032723  -0.069083  0.997489  -0.015605  0.031571  0.017821  0.999343  0.005140  -0.010401  -0.002814  0.000000  0.000000  0.000000  2.000000  
36.105927 0.013191  0.089966  -0.013431  0.997111  0.068545  -0.032723  -0.069083  0.997489  -0.015605  0.031571  0.017821  0.999343  0.005287  -0.010536  -0.002969  0.000000  0.000000  0.000000  2.000000  
36.107179 0.013198  0.089951  -0.013436  0.997111  0.068545  -0.032723  -0.069083  0.997489  -0.015605  0.031571  0.017821  0.999343  0.005420  -0.010668  -0.003052  0.000000  0.000000  0.000000  2.000000  
36.108180 0.013205  0.089940  -0.013439  0.997107  0.068543  -0.032856  -0.069083  0.997489  -0.015596  0.031705  0.017821  0.999338  0.005527  -0.010741  -0.003119  0.000000  0.000000  0.000000  2.000000  
36.109426 0.013213  0.089925  -0.013444  0.997121  0.068337  -0.032853  -0.068878  0.997503  -0.015603  0.031705  0.017821  0.999338  0.005676  -0.010888  -0.003243  0.000000  0.000000  0.000000  2.000000  
36.110439 0.013219  0.089914  -0.013448  0.997121  0.068337  -0.032853  -0.068878  0.997503  -0.015603  0.031705  0.017821  0.999338  0.005768  -0.011011  -0.003393  0.000000  0.000000  0.000000  2.000000  
36.111680 0.013227  0.089899  -0.013454  0.997121  0.068337  -0.032853  -0.068878  0.997503  -0.015603  0.031705  0.017821  0.999338  0.005894  -0.011117  -0.003485  0.000000  0.000000  0.000000  2.000000  
36.112682 0.013234  0.089887  -0.013459  0.997121  0.068337  -0.032853  -0.068878  0.997503  -0.015603  0.031705  0.017821  0.999338  0.006030  -0.011230  -0.003622  0.000000  0.000000  0.000000  2.000000  
36.113684 0.013241  0.089875  -0.013463  0.997121  0.068337  -0.032853  -0.068878  0.997503  -0.015603  0.031705  0.017821  0.999338  0.006120  -0.011362  -0.003738  0.000000  0.000000  0.000000  2.000000  
36.114932 0.013249  0.089859  -0.013469  0.997107  0.068543  -0.032856  -0.069083  0.997489  -0.015596  0.031705  0.017821  0.999338  0.006267  -0.011503  -0.003862  0.000000  0.000000  0.000000  2.000000  
36.116180 0.013259  0.089844  -0.013475  0.997107  0.068543  -0.032856  -0.069083  0.997489  -0.015596  0.031705  0.017821  0.999338  0.006405  -0.011617  -0.003996  0.000000  0.000000  0.000000  2.000000  
36.117432 0.013267  0.089829  -0.013480  0.997107  0.068543  -0.032856  -0.069083  0.997489  -0.015596  0.031705  0.017821  0.999338  0.006495  -0.011748  -0.004112  0.000000  0.000000  0.000000  2.000000  
36.118435 0.013275  0.089817  -0.013484  0.997107  0.068543  -0.032856  -0.069083  0.997489  -0.015596  0.031705  0.017821  0.999338  0.006619  -0.011783  -0.004142  0.000000  0.000000  0.000000  2.000000  
36.119677 0.013284  0.089801  -0.013490  0.997103  0.068540  -0.032990  -0.069082  0.997489  -0.015587  0.031839  0.017821  0.999334  0.006736  -0.011907  -0.004183  0.000000  0.000000  0.000000  2.000000  
36.120684 0.013291  0.089788  -0.013493  0.997103  0.068540  -0.032990  -0.069082  0.997489  -0.015587  0.031839  0.017821  0.999334  0.006802  -0.012042  -0.004195  0.000000  0.000000  0.000000  2.000000  
36.121925 0.013300  0.089772  -0.013498  0.997103  0.068540  -0.032990  -0.069082  0.997489  -0.015587  0.031839  0.017821  0.999334  0.006921  -0.012160  -0.004263  0.000000  0.000000  0.000000  2.000000  
36.122931 0.013308  0.089759  -0.013503  0.997103  0.068540  -0.032990  -0.069082  0.997489  -0.015587  0.031839  0.017821  0.999334  0.006982  -0.012275  -0.004288  0.000000  0.000000  0.000000  2.000000  
36.124175 0.013317  0.089743  -0.013508  0.997103  0.068540  -0.032990  -0.069082  0.997489  -0.015587  0.031839  0.017821  0.999334  0.007064  -0.012327  -0.004336  0.000000  0.000000  0.000000  2.000000  
36.125176 0.013324  0.089731  -0.013512  0.997089  0.068746  -0.032993  -0.069288  0.997475  -0.015580  0.031839  0.017821  0.999334  0.007151  -0.012421  -0.004312  0.000000  0.000000  0.000000  2.000000  
36.126177 0.013332  0.089717  -0.013516  0.997089  0.068746  -0.032993  -0.069288  0.997475  -0.015580  0.031839  0.017821  0.999334  0.007193  -0.012512  -0.004320  0.000000  0.000000  0.000000  2.000000  
36.127183 0.013339  0.089705  -0.013520  0.997089  0.068746  -0.032993  -0.069288  0.997475  -0.015580  0.031839  0.017821  0.999334  0.007254  -0.012564  -0.004253  0.000000  0.000000  0.000000  2.000000  
36.128435 0.013348  0.089689  -0.013525  0.997089  0.068746  -0.032993  -0.069288  0.997475  -0.015580  0.031839  0.017821  0.999334  0.007267  -0.012633  -0.004209  0.000000  0.000000  0.000000  2.000000  
36.129683 0.013357  0.089673  -0.013530  0.997089  0.068746  -0.032993  -0.069288  0.997475  -0.015580  0.031839  0.017821  0.999334  0.007294  -0.012623  -0.004121  0.000000  0.000000  0.000000  2.000000  
36.130930 0.013366  0.089657  -0.013535  0.997074  0.068951  -0.032996  -0.069493  0.997461  -0.015573  0.031839  0.017821  0.999334  0.007260  -0.012680  -0.004094  0.000000  0.000000  0.000000  2.000000  
36.132178 0.013375  0.089641  -0.013539  0.997074  0.068951  -0.032996  -0.069493  0.997461  -0.015573  0.031839  0.017821  0.999334  0.007300  -0.012711  -0.004027  0.000000  0.000000  0.000000  2.000000  
36.133180 0.013382  0.089629  -0.013543  0.997074  0.068951  -0.032996  -0.069493  0.997461  -0.015573  0.031839  0.017821  0.999334  0.007256  -0.012738  -0.004010  0.000000  0.000000  0.000000  2.000000  
36.134428 0.013390  0.089612  -0.013548  0.997056  0.069154  -0.033133  -0.069698  0.997447  -0.015557  0.031972  0.017821  0.999330  0.007168  -0.012791  -0.003976  0.000000  0.000000  0.000000  2.000000  
36.135684 0.013398  0.089596  -0.013552  0.997056  0.069154  -0.033133  -0.069698  0.997447  -0.015557  0.031972  0.017821  0.999330  0.007124  -0.012821  -0.003943  0.000000  0.000000  0.000000  2.000000  
36.136938 0.013407  0.089580  -0.013557  0.997056  0.069154  -0.033133  -0.069698  0.997447  -0.015557  0.031972  0.017821  0.999330  0.007081  -0.012774  -0.003870  0.000000  0.000000  0.000000  2.000000  
36.138179 0.013415  0.089564  -0.013561  0.997041  0.069359  -0.033136  -0.069903  0.997433  -0.015550  0.031972  0.017821  0.999330  0.007013  -0.012786  -0.003790  0.000000  0.000000  0.000000  2.000000  
36.139181 0.013421  0.089551  -0.013564  0.997041  0.069359  -0.033136  -0.069903  0.997433  -0.015550  0.031972  0.017821  0.999330  0.006938  -0.012767  -0.003740  0.000000  0.000000  0.000000  2.000000  
36.140430 0.013429  0.089536  -0.013568  0.997027  0.069565  -0.033139  -0.070109  0.997418  -0.015543  0.031972  0.017821  0.999330  0.006865  -0.012789  -0.003628  0.000000  0.000000  0.000000  2.000000  
36.141431 0.013436  0.089523  -0.013570  0.997027  0.069565  -0.033139  -0.070109  0.997418  -0.015543  0.031972  0.017821  0.999330  0.006808  -0.012723  -0.003531  0.000000  0.000000  0.000000  2.000000  
36.142436 0.013442  0.089511  -0.013573  0.997027  0.069565  -0.033139  -0.070109  0.997418  -0.015543  0.031972  0.017821  0.999330  0.006740  -0.012716  -0.003485  0.000000  0.000000  0.000000  2.000000  
36.143441 0.013448  0.089499  -0.013575  0.997012  0.069770  -0.033142  -0.070314  0.997404  -0.015537  0.031972  0.017821  0.999330  0.006669  -0.012665  -0.003310  0.000000  0.000000  0.000000  2.000000  
36.144680 0.013456  0.089484  -0.013578  0.997012  0.069770  -0.033142  -0.070314  0.997404  -0.015537  0.031972  0.017821  0.999330  0.006582  -0.012635  -0.003226  0.000000  0.000000  0.000000  2.000000  
36.145683 0.013461  0.089472  -0.013581  0.996998  0.069975  -0.033146  -0.070519  0.997390  -0.015530  0.031972  0.017821  0.999330  0.006478  -0.012587  -0.003120  0.000000  0.000000  0.000000  2.000000  
36.146930 0.013469  0.089457  -0.013584  0.996998  0.069975  -0.033146  -0.070519  0.997390  -0.015530  0.031972  0.017821  0.999330  0.006366  -0.012518  -0.003015  0.000000  0.000000  0.000000  2.000000  
36.148179 0.013476  0.089442  -0.013587  0.996983  0.070181  -0.033149  -0.070724  0.997375  -0.015523  0.031972  0.017821  0.999330  0.006267  -0.012479  -0.002896  0.000000  0.000000  0.000000  2.000000  
36.149180 0.013482  0.089430  -0.013589  0.996983  0.070181  -0.033149  -0.070724  0.997375  -0.015523  0.031972  0.017821  0.999330  0.006238  -0.012380  -0.002779  0.000000  0.000000  0.000000  2.000000  
36.150428 0.013489  0.089415  -0.013591  0.996969  0.070386  -0.033152  -0.070930  0.997361  -0.015516  0.031972  0.017821  0.999330  0.006138  -0.012254  -0.002625  0.000000  0.000000  0.000000  2.000000  
36.151432 0.013494  0.089403  -0.013593  0.996969  0.070386  -0.033152  -0.070930  0.997361  -0.015516  0.031972  0.017821  0.999330  0.006032  -0.012205  -0.002508  0.000000  0.000000  0.000000  2.000000  
36.152682 0.013501  0.089389  -0.013595  0.996954  0.070591  -0.033155  -0.071135  0.997346  -0.015509  0.031972  0.017821  0.999330  0.005949  -0.012099  -0.002379  0.000000  0.000000  0.000000  2.000000  
36.153929 0.013508  0.089374  -0.013597  0.996954  0.070591  -0.033155  -0.071135  0.997346  -0.015509  0.031972  0.017821  0.999330  0.005915  -0.012007  -0.002220  0.000000  0.000000  0.000000  2.000000  
36.155175 0.013515  0.089360  -0.013598  0.996939  0.070797  -0.033158  -0.071340  0.997332  -0.015503  0.031972  0.017821  0.999330  0.005846  -0.011921  -0.002102  0.000000  0.000000  0.000000  2.000000  
36.156177 0.013521  0.089349  -0.013600  0.996939  0.070797  -0.033158  -0.071340  0.997332  -0.015503  0.031972  0.017821  0.999330  0.005777  -0.011841  -0.001995  0.000000  0.000000  0.000000  2.000000  
36.157431 0.013528  0.089334  -0.013601  0.996925  0.071006  -0.033153  -0.071545  0.997319  -0.015375  0.031972  0.017699  0.999332  0.005709  -0.011756  -0.001880  0.000000  0.000000  0.000000  2.000000  
36.158433 0.013533  0.089323  -0.013603  0.996925  0.071006  -0.033153  -0.071545  0.997319  -0.015375  0.031972  0.017699  0.999332  0.005666  -0.011697  -0.001823  0.000000  0.000000  0.000000  2.000000  
36.159681 0.013540  0.089309  -0.013603  0.996910  0.071211  -0.033156  -0.071751  0.997304  -0.015368  0.031972  0.017699  0.999332  0.005600  -0.011660  -0.001649  0.000000  0.000000  0.000000  2.000000  
36.160690 0.013545  0.089298  -0.013604  0.996910  0.071211  -0.033156  -0.071751  0.997304  -0.015368  0.031972  0.017699  0.999332  0.005571  -0.011557  -0.001527  0.000000  0.000000  0.000000  2.000000  
36.161929 0.013552  0.089284  -0.013605  0.996910  0.071211  -0.033156  -0.071751  0.997304  -0.015368  0.031972  0.017699  0.999332  0.005565  -0.011488  -0.001428  0.000000  0.000000  0.000000  2.000000  
36.162930 0.013557  0.089273  -0.013606  0.996895  0.071417  -0.033159  -0.071956  0.997290  -0.015361  0.031972  0.017699  0.999332  0.005534  -0.011400  -0.001276  0.000000  0.000000  0.000000  2.000000  
36.163930 0.013562  0.089263  -0.013606  0.996900  0.071419  -0.033026  -0.071956  0.997289  -0.015371  0.031839  0.017699  0.999336  0.005476  -0.011332  -0.001177  0.000000  0.000000  0.000000  2.000000  
36.165177 0.013569  0.089249  -0.013607  0.996885  0.071624  -0.033029  -0.072161  0.997275  -0.015364  0.031839  0.017699  0.999336  0.005414  -0.011257  -0.001076  0.000000  0.000000  0.000000  2.000000  
36.166179 0.013574  0.089239  -0.013607  0.996885  0.071624  -0.033029  -0.072161  0.997275  -0.015364  0.031839  0.017699  0.999336  0.005399  -0.011189  -0.000947  0.000000  0.000000  0.000000  2.000000  
36.167180 0.013579  0.089228  -0.013607  0.996870  0.071834  -0.033024  -0.072367  0.997262  -0.015236  0.031839  0.017578  0.999338  0.005378  -0.011099  -0.000826  0.000000  0.000000  0.000000  2.000000  
36.168434 0.013586  0.089214  -0.013608  0.996870  0.071834  -0.033024  -0.072367  0.997262  -0.015236  0.031839  0.017578  0.999338  0.005342  -0.011065  -0.000760  0.000000  0.000000  0.000000  2.000000  
36.169434 0.013590  0.089204  -0.013608  0.996855  0.072039  -0.033027  -0.072572  0.997247  -0.015229  0.031839  0.017578  0.999338  0.005276  -0.010972  -0.000674  0.000000  0.000000  0.000000  2.000000  
36.170684 0.013597  0.089190  -0.013608  0.996855  0.072039  -0.033027  -0.072572  0.997247  -0.015229  0.031839  0.017578  0.999338  0.005225  -0.010925  -0.000559  0.000000  0.000000  0.000000  2.000000  
36.171928 0.013603  0.089177  -0.013608  0.996840  0.072244  -0.033030  -0.072777  0.997232  -0.015223  0.031839  0.017578  0.999338  0.005179  -0.010888  -0.000458  0.000000  0.000000  0.000000  2.000000  
36.172930 0.013607  0.089167  -0.013608  0.996840  0.072248  -0.033021  -0.072777  0.997234  -0.015102  0.031839  0.017457  0.999341  0.005124  -0.010798  -0.000402  0.000000  0.000000  0.000000  2.000000  
36.174180 0.013613  0.089153  -0.013608  0.996825  0.072453  -0.033024  -0.072982  0.997219  -0.015095  0.031839  0.017457  0.999341  0.005077  -0.010732  -0.000343  0.000000  0.000000  0.000000  2.000000  
36.175429 0.013619  0.089140  -0.013608  0.996825  0.072453  -0.033024  -0.072982  0.997219  -0.015095  0.031839  0.017457  0.999341  0.005034  -0.010701  -0.000245  0.000000  0.000000  0.000000  2.000000  
36.176680 0.013625  0.089127  -0.013608  0.996810  0.072659  -0.033027  -0.073187  0.997204  -0.015088  0.031839  0.017457  0.999341  0.004965  -0.010689  -0.000199  0.000000  0.000000  0.000000  2.000000  
36.177683 0.013630  0.089116  -0.013608  0.996810  0.072663  -0.033019  -0.073187  0.997206  -0.014967  0.031839  0.017336  0.999343  0.004906  -0.010683  -0.000180  0.000000  0.000000  0.000000  2.000000  
36.178934 0.013636  0.089103  -0.013608  0.996795  0.072868  -0.033022  -0.073393  0.997191  -0.014960  0.031839  0.017336  0.999343  0.004872  -0.010650  -0.000110  0.000000  0.000000  0.000000  2.000000  
36.180178 0.013642  0.089090  -0.013608  0.996780  0.073073  -0.033025  -0.073598  0.997176  -0.014953  0.031839  0.017336  0.999343  0.004863  -0.010628  -0.000120  0.000000  0.000000  0.000000  2.000000  
36.181178 0.013646  0.089079  -0.013608  0.996784  0.073076  -0.032891  -0.073598  0.997176  -0.014963  0.031705  0.017336  0.999347  0.004799  -0.010620  -0.000087  0.000000  0.000000  0.000000  2.000000  
36.182181 0.013651  0.089068  -0.013609  0.996769  0.073285  -0.032886  -0.073803  0.997162  -0.014836  0.031705  0.017215  0.999349  0.004762  -0.010650  -0.000095  0.000000  0.000000  0.000000  2.000000  
36.183444 0.013657  0.089055  -0.013609  0.996769  0.073285  -0.032886  -0.073803  0.997162  -0.014836  0.031705  0.017215  0.999349  0.004735  -0.010611  -0.000065  0.000000  0.000000  0.000000  2.000000  
36.184680 0.013662  0.089042  -0.013609  0.996753  0.073490  -0.032889  -0.074009  0.997147  -0.014829  0.031705  0.017215  0.999349  0.004717  -0.010562  -0.000086  0.000000  0.000000  0.000000  2.000000  
36.185927 0.013668  0.089030  -0.013609  0.996738  0.073699  -0.032883  -0.074214  0.997134  -0.014701  0.031705  0.017093  0.999351  0.004705  -0.010543  -0.000071  0.000000  0.000000  0.000000  2.000000  
36.186943 0.013673  0.089019  -0.013609  0.996723  0.073905  -0.032886  -0.074419  0.997119  -0.014694  0.031705  0.017093  0.999351  0.004702  -0.010527  -0.000096  0.000000  0.000000  0.000000  2.000000  
36.188179 0.013679  0.089006  -0.013610  0.996727  0.073907  -0.032752  -0.074419  0.997119  -0.014704  0.031571  0.017094  0.999355  0.004700  -0.010520  -0.000106  0.000000  0.000000  0.000000  2.000000  
36.189180 0.013684  0.088996  -0.013610  0.996712  0.074116  -0.032746  -0.074624  0.997105  -0.014577  0.031571  0.016972  0.999357  0.004698  -0.010516  -0.000106  0.000000  0.000000  0.000000  2.000000  
36.190433 0.013690  0.088982  -0.013610  0.996696  0.074322  -0.032749  -0.074830  0.997090  -0.014570  0.031571  0.016972  0.999357  0.004696  -0.010514  -0.000105  0.000000  0.000000  0.000000  2.000000  
36.191679 0.013696  0.088969  -0.013611  0.996681  0.074527  -0.032752  -0.075035  0.997075  -0.014563  0.031571  0.016972  0.999357  0.004707  -0.010501  -0.000168  0.000000  0.000000  0.000000  2.000000  
36.192926 0.013702  0.088956  -0.013611  0.996670  0.074738  -0.032613  -0.075240  0.997061  -0.014445  0.031438  0.016851  0.999364  0.004752  -0.010481  -0.000185  0.000000  0.000000  0.000000  2.000000  
36.193934 0.013708  0.088946  -0.013611  0.996670  0.074738  -0.032613  -0.075240  0.997061  -0.014445  0.031438  0.016851  0.999364  0.004795  -0.010458  -0.000201  0.000000  0.000000  0.000000  2.000000  
36.195179 0.013714  0.088933  -0.013613  0.996654  0.074948  -0.032607  -0.075446  0.997047  -0.014318  0.031438  0.016730  0.999366  0.004805  -0.010438  -0.000280  0.000000  0.000000  0.000000  2.000000  
36.196182 0.013719  0.088923  -0.013613  0.996643  0.075155  -0.032476  -0.075651  0.997032  -0.014321  0.031304  0.016730  0.999370  0.004883  -0.010386  -0.000274  0.000000  0.000000  0.000000  2.000000  
36.197436 0.013726  0.088910  -0.013614  0.996627  0.075364  -0.032470  -0.075856  0.997018  -0.014194  0.031304  0.016609  0.999372  0.004939  -0.010366  -0.000331  0.000000  0.000000  0.000000  2.000000  
36.198438 0.013731  0.088900  -0.013614  0.996612  0.075569  -0.032473  -0.076061  0.997002  -0.014187  0.031304  0.016609  0.999372  0.004978  -0.010355  -0.000319  0.000000  0.000000  0.000000  2.000000  
36.199683 0.013738  0.088887  -0.013615  0.996600  0.075781  -0.032334  -0.076267  0.996988  -0.014069  0.031170  0.016488  0.999378  0.005043  -0.010331  -0.000406  0.000000  0.000000  0.000000  2.000000  
36.200684 0.013743  0.088877  -0.013615  0.996584  0.075986  -0.032337  -0.076472  0.996973  -0.014063  0.031170  0.016488  0.999378  0.005086  -0.010305  -0.000423  0.000000  0.000000  0.000000  2.000000  
36.201932 0.013751  0.088865  -0.013616  0.996573  0.076197  -0.032197  -0.076678  0.996958  -0.013945  0.031036  0.016366  0.999384  0.005160  -0.010249  -0.000436  0.000000  0.000000  0.000000  2.000000  
36.203175 0.013757  0.088853  -0.013617  0.996541  0.076608  -0.032203  -0.077088  0.996927  -0.013932  0.031036  0.016366  0.999384  0.005215  -0.010228  -0.000492  0.000000  0.000000  0.000000  2.000000  
36.204180 0.013763  0.088843  -0.013618  0.996525  0.076817  -0.032196  -0.077293  0.996913  -0.013805  0.031036  0.016245  0.999386  0.005258  -0.010204  -0.000509  0.000000  0.000000  0.000000  2.000000  
36.205431 0.013770  0.088830  -0.013619  0.996513  0.077025  -0.032066  -0.077498  0.996897  -0.013808  0.030903  0.016245  0.999390  0.005350  -0.010137  -0.000593  0.000000  0.000000  0.000000  2.000000  
36.206434 0.013776  0.088820  -0.013620  0.996497  0.077234  -0.032059  -0.077704  0.996883  -0.013681  0.030903  0.016124  0.999392  0.005397  -0.010100  -0.000605  0.000000  0.000000  0.000000  2.000000  
36.207677 0.013783  0.088808  -0.013620  0.996486  0.077445  -0.031919  -0.077909  0.996868  -0.013564  0.030769  0.016003  0.999398  0.005461  -0.010039  -0.000616  0.000000  0.000000  0.000000  2.000000  
36.208681 0.013789  0.088798  -0.013621  0.996457  0.077857  -0.031792  -0.078320  0.996836  -0.013561  0.030635  0.016003  0.999403  0.005519  -0.010024  -0.000672  0.000000  0.000000  0.000000  2.000000  
36.209681 0.013795  0.088789  -0.013621  0.996441  0.078067  -0.031785  -0.078525  0.996822  -0.013434  0.030635  0.015882  0.999404  0.005616  -0.009943  -0.000606  0.054325  -0.037594  0.173547  2.000000  
36.210690 0.013801  0.088780  -0.013622  0.996429  0.078274  -0.031654  -0.078730  0.996805  -0.013438  0.030501  0.015882  0.999409  0.005658  -0.009847  -0.000679  0.054287  -0.037584  0.173501  2.000000  
36.211933 0.013809  0.088768  -0.013623  0.996397  0.078688  -0.031650  -0.079141  0.996775  -0.013304  0.030501  0.015761  0.999410  0.005726  -0.009797  -0.000634  0.054518  -0.037502  0.180463  2.000000  
36.213180 0.013817  0.088757  -0.013624  0.996384  0.078899  -0.031510  -0.079346  0.996760  -0.013187  0.030368  0.015639  0.999416  0.005798  -0.009746  -0.000684  0.058829  -0.041918  0.187551  2.000000  
36.214181 0.013823  0.088748  -0.013624  0.996372  0.079107  -0.031380  -0.079551  0.996743  -0.013191  0.030234  0.015640  0.999420  0.005864  -0.009668  -0.000689  0.058798  -0.046402  0.187566  2.000000  
36.215429 0.013832  0.088737  -0.013625  0.996343  0.079523  -0.031242  -0.079962  0.996712  -0.013068  0.030100  0.015518  0.999426  0.005965  -0.009565  -0.000673  0.062545  -0.050369  0.192912  2.000000  
36.216433 0.013838  0.088728  -0.013627  0.996314  0.079939  -0.031104  -0.080373  0.996681  -0.012945  0.029966  0.015397  0.999432  0.006042  -0.009489  -0.000717  0.063472  -0.055078  0.208393  2.000000  
36.217678 0.013846  0.088717  -0.013627  0.996302  0.080150  -0.030964  -0.080578  0.996666  -0.012828  0.029833  0.015276  0.999438  0.006142  -0.009385  -0.000701  0.067526  -0.055094  0.208404  2.000000  
36.218680 0.013853  0.088708  -0.013628  0.996272  0.080562  -0.030836  -0.080989  0.996632  -0.012827  0.029699  0.015276  0.999442  0.006201  -0.009283  -0.000717  0.063646  -0.059491  0.215387  2.000000  
36.219928 0.013861  0.088698  -0.013629  0.996243  0.080979  -0.030698  -0.081399  0.996601  -0.012704  0.029565  0.015155  0.999448  0.006285  -0.009169  -0.000661  0.067931  -0.063899  0.222408  2.000000  
36.220932 0.013868  0.088690  -0.013629  0.996230  0.081189  -0.030558  -0.081604  0.996585  -0.012588  0.029431  0.015034  0.999454  0.006360  -0.009029  -0.000673  0.072186  -0.068282  0.229333  2.000000  
36.222178 0.013877  0.088679  -0.013630  0.996204  0.081607  -0.030287  -0.082015  0.996553  -0.012476  0.029164  0.014913  0.999463  0.006455  -0.008900  -0.000668  0.072379  -0.072724  0.236405  2.000000  
