1-Time 2-Px 3-Py 4-Pz 5-R11 6-R21 7-R31 8-R12 9-R22 10-R32 11-R13 12-R23 13-R33 14-Vx 15-Vy 16-Vz 17-Wx 18-Wy 19-Wz 20-state 21-PR11 22-PR21 23-PR31 24-PR12 25-PR22 26-PR32 27-PR13 28-PR23 29-PR33 
17.785798 0.012100  0.093026  -0.006789  0.990751  0.119931  0.063479  -0.121557  0.992332  0.022392  -0.060307  -0.029901  0.997732  -0.001176  -0.001066  -0.000649  0.000000  0.000000  0.000000  2.000000  
17.786803 0.012098  0.093024  -0.006790  0.990751  0.119931  0.063479  -0.121557  0.992332  0.022392  -0.060307  -0.029901  0.997732  -0.001194  -0.001099  -0.000708  0.000000  0.000000  0.000000  2.000000  
17.788054 0.012099  0.093022  -0.006791  0.990642  0.120744  0.063630  -0.122372  0.992233  0.022324  -0.060440  -0.029901  0.997724  -0.001056  -0.001183  -0.000682  0.000000  0.000000  0.000000  2.000000  
17.789054 0.012100  0.093019  -0.006792  0.990550  0.121349  0.063908  -0.122982  0.992159  0.022251  -0.060707  -0.029901  0.997708  -0.000935  -0.001300  -0.000714  0.000000  0.000000  0.000000  2.000000  
17.790310 0.012101  0.093015  -0.006793  0.990475  0.121738  0.064330  -0.123386  0.992108  0.022296  -0.061108  -0.030021  0.997680  -0.000740  -0.001471  -0.000727  0.000000  0.000000  0.000000  2.000000  
17.791551 0.012103  0.093011  -0.006794  0.990408  0.122130  0.064619  -0.123792  0.992056  0.022357  -0.061375  -0.030141  0.997660  -0.000526  -0.001698  -0.000719  0.000000  0.000000  0.000000  2.000000  
17.792556 0.012107  0.093009  -0.006794  0.990332  0.122735  0.064647  -0.124404  0.991978  0.022437  -0.061375  -0.030262  0.997656  -0.000224  -0.001786  -0.000702  0.000000  0.000000  0.000000  2.000000  
17.793801 0.012111  0.093006  -0.006794  0.990229  0.123544  0.064681  -0.125219  0.991874  0.022504  -0.061375  -0.030383  0.997652  0.000174  -0.001874  -0.000656  0.000000  0.000000  0.000000  2.000000  
17.794803 0.012114  0.093003  -0.006795  0.990159  0.124161  0.064562  -0.125832  0.991797  0.022481  -0.061241  -0.030384  0.997660  0.000465  -0.002046  -0.000639  0.000000  0.000000  0.000000  2.000000  
17.796052 0.012119  0.092998  -0.006794  0.990021  0.125162  0.064748  -0.126850  0.991664  0.022638  -0.061375  -0.030625  0.997645  0.000933  -0.002211  -0.000525  0.013518  -0.041413  0.178438  2.000000  
17.797304 0.012125  0.092994  -0.006794  0.989866  0.126162  0.065184  -0.127866  0.991533  0.022640  -0.061776  -0.030746  0.997616  0.001398  -0.002407  -0.000525  0.015442  -0.055941  0.212472  2.000000  
17.798306 0.012131  0.092991  -0.006793  0.989744  0.126963  0.065483  -0.128679  0.991427  0.022673  -0.062043  -0.030866  0.997596  0.001941  -0.002525  -0.000386  0.017795  -0.065776  0.239774  2.000000  
17.799308 0.012137  0.092988  -0.006791  0.989613  0.127759  0.065914  -0.129491  0.991321  0.022687  -0.062443  -0.030986  0.997567  0.002383  -0.002682  -0.000198  0.020120  -0.080098  0.266908  2.000000  
17.800551 0.012144  0.092982  -0.006788  0.989462  0.128763  0.066217  -0.130507  0.991187  0.022704  -0.062710  -0.031107  0.997547  0.003006  -0.002922  0.000049  0.022040  -0.090188  0.301238  2.000000  
17.801558 0.012149  0.092978  -0.006786  0.989346  0.129567  0.066384  -0.131321  0.991079  0.022752  -0.062844  -0.031228  0.997535  0.003379  -0.003110  0.000233  0.024387  -0.095527  0.328634  2.000000  
17.802804 0.012157  0.092972  -0.006785  0.989229  0.130371  0.066551  -0.132134  0.990970  0.022800  -0.062977  -0.031348  0.997522  0.003956  -0.003352  0.000395  0.026737  -0.100896  0.356126  2.000000  
17.804052 0.012164  0.092965  -0.006784  0.989120  0.131171  0.066602  -0.132949  0.990856  0.022986  -0.062977  -0.031590  0.997515  0.004315  -0.003619  0.000537  0.033191  -0.101815  0.383814  2.000000  
17.805054 0.012170  0.092958  -0.006782  0.989002  0.131974  0.066769  -0.133762  0.990746  0.023033  -0.063111  -0.031711  0.997503  0.004646  -0.003891  0.000733  0.035529  -0.107172  0.411227  2.000000  
17.806311 0.012177  0.092948  -0.006782  0.988883  0.132778  0.066936  -0.134575  0.990635  0.023081  -0.063245  -0.031832  0.997490  0.004968  -0.004275  0.000804  0.037855  -0.112505  0.438531  2.000000  
17.807551 0.012185  0.092937  -0.006783  0.988699  0.133977  0.067261  -0.135794  0.990465  0.023202  -0.063512  -0.032073  0.997466  0.005259  -0.004739  0.000775  0.043392  -0.122873  0.479804  2.000000  
17.808554 0.012192  0.092929  -0.006783  0.988607  0.134576  0.067424  -0.136404  0.990380  0.023262  -0.063645  -0.032194  0.997453  0.005491  -0.005185  0.000732  0.046146  -0.128031  0.500324  2.000000  
17.809802 0.012200  0.092916  -0.006784  0.988477  0.135366  0.067741  -0.137216  0.990265  0.023410  -0.063912  -0.032435  0.997428  0.005745  -0.005772  0.000675  0.052513  -0.137947  0.527648  2.000000  
17.810804 0.012206  0.092904  -0.006786  0.988384  0.135966  0.067904  -0.137825  0.990179  0.023470  -0.064046  -0.032556  0.997416  0.005865  -0.006382  0.000572  0.055260  -0.143113  0.548172  2.000000  
17.812055 0.012213  0.092889  -0.006788  0.988298  0.136569  0.067935  -0.138435  0.990091  0.023548  -0.064046  -0.032677  0.997412  0.005962  -0.007149  0.000450  0.058077  -0.143873  0.569174  2.000000  
17.813305 0.012221  0.092873  -0.006790  0.988184  0.137368  0.067987  -0.139249  0.989973  0.023732  -0.064046  -0.032919  0.997404  0.005977  -0.007853  0.000202  0.064467  -0.144711  0.596361  2.000000  
17.814306 0.012226  0.092860  -0.006792  0.988127  0.137767  0.068014  -0.139656  0.989913  0.023824  -0.064046  -0.033040  0.997400  0.005963  -0.008534  -0.000017  0.067692  -0.145203  0.610241  2.000000  
17.815549 0.012233  0.092842  -0.006794  0.988040  0.138370  0.068045  -0.140266  0.989825  0.023902  -0.064046  -0.033161  0.997396  0.005911  -0.009389  -0.000341  0.070495  -0.145930  0.631093  2.000000  
17.816554 0.012237  0.092827  -0.006795  0.988011  0.138566  0.068067  -0.140470  0.989794  0.024008  -0.064046  -0.033282  0.997392  0.005853  -0.010096  -0.000546  0.073538  -0.144999  0.632800  2.000000  
17.817826 0.012244  0.092808  -0.006796  0.987916  0.139164  0.068231  -0.141079  0.989706  0.024068  -0.064179  -0.033403  0.997379  0.005738  -0.011015  -0.000730  0.078507  -0.145902  0.630617  2.000000  
17.819053 0.012250  0.092789  -0.006797  0.987849  0.139559  0.068390  -0.141484  0.989646  0.024141  -0.064313  -0.033523  0.997367  0.005747  -0.011799  -0.000883  0.082259  -0.140161  0.619128  2.000000  
17.820054 0.012254  0.092772  -0.006798  0.987820  0.139763  0.068395  -0.141687  0.989617  0.024127  -0.064313  -0.033523  0.997367  0.005666  -0.012491  -0.001066  0.079197  -0.127697  0.617966  2.000000  
17.821306 0.012259  0.092750  -0.006800  0.987762  0.140162  0.068422  -0.142094  0.989557  0.024218  -0.064313  -0.033644  0.997362  0.005485  -0.013175  -0.001206  0.079081  -0.118731  0.617975  2.000000  
17.822319 0.012263  0.092733  -0.006801  0.987732  0.140366  0.068427  -0.142298  0.989528  0.024204  -0.064313  -0.033644  0.997362  0.005228  -0.013848  -0.001256  0.075857  -0.118298  0.604023  2.000000  
17.823553 0.012268  0.092712  -0.006803  0.987712  0.140574  0.068300  -0.142502  0.989498  0.024209  -0.064179  -0.033645  0.997371  0.005055  -0.014463  -0.001311  0.076164  -0.112475  0.585742  2.000000  
17.824804 0.012273  0.092690  -0.006804  0.987712  0.140565  0.068317  -0.142502  0.989495  0.024329  -0.064179  -0.033766  0.997367  0.004820  -0.015121  -0.001353  0.074921  -0.116887  0.555869  2.000000  
17.826053 0.012277  0.092667  -0.006806  0.987691  0.140774  0.068190  -0.142707  0.989466  0.024334  -0.064046  -0.033766  0.997376  0.004633  -0.015610  -0.001332  0.072556  -0.102561  0.528764  2.000000  
17.827299 0.012281  0.092643  -0.006809  0.987661  0.140969  0.068212  -0.142910  0.989434  0.024440  -0.064046  -0.033887  0.997371  0.004428  -0.016147  -0.001349  0.073188  -0.092205  0.504176  2.000000  
17.828307 0.012284  0.092624  -0.006810  0.987623  0.141168  0.068349  -0.143112  0.989405  0.024407  -0.064179  -0.033887  0.997363  0.004172  -0.016635  -0.001316  0.071307  -0.083087  0.480868  2.000000  
17.829551 0.012287  0.092599  -0.006814  0.987623  0.141168  0.068349  -0.143112  0.989405  0.024407  -0.064179  -0.033887  0.997363  0.003929  -0.017220  -0.001500  0.068555  -0.072845  0.451160  2.000000  
17.830551 0.012289  0.092577  -0.006817  0.987623  0.141168  0.068349  -0.143112  0.989405  0.024407  -0.064179  -0.033887  0.997363  0.003753  -0.017670  -0.001589  0.066993  -0.063163  0.419439  2.000000  
17.831553 0.012291  0.092556  -0.006820  0.987594  0.141364  0.068371  -0.143315  0.989373  0.024513  -0.064179  -0.034008  0.997359  0.003595  -0.018052  -0.001706  0.067291  -0.057792  0.402465  2.000000  
17.832570 0.012293  0.092535  -0.006823  0.987594  0.141364  0.068371  -0.143315  0.989373  0.024513  -0.064179  -0.034008  0.997359  0.003343  -0.018536  -0.001825  0.065462  -0.052862  0.378088  2.000000  
17.833799 0.012296  0.092509  -0.006825  0.987602  0.141360  0.068256  -0.143317  0.989370  0.024652  -0.064046  -0.034129  0.997363  0.003134  -0.018922  -0.001887  0.066727  -0.047143  0.347939  2.000000  
17.834808 0.012298  0.092488  -0.006827  0.987602  0.141360  0.068256  -0.143317  0.989370  0.024652  -0.064046  -0.034129  0.997363  0.002923  -0.019229  -0.001937  0.060856  -0.042165  0.323319  2.000000  
17.836053 0.012300  0.092462  -0.006828  0.987602  0.141352  0.068273  -0.143317  0.989367  0.024772  -0.064046  -0.034250  0.997359  0.002801  -0.019519  -0.001894  0.062622  -0.036811  0.295982  2.000000  
17.837053 0.012302  0.092441  -0.006829  0.987594  0.141347  0.068405  -0.143315  0.989367  0.024753  -0.064179  -0.034250  0.997350  0.002639  -0.019805  -0.001865  0.056615  -0.035688  0.261372  2.000000  
17.838057 0.012304  0.092421  -0.006829  0.987564  0.141551  0.068410  -0.143519  0.989338  0.024739  -0.064179  -0.034250  0.997350  0.002476  -0.020036  -0.001819  0.053833  -0.026026  0.240975  2.000000  
17.839306 0.012306  0.092395  -0.006830  0.987535  0.141754  0.068416  -0.143722  0.989309  0.024725  -0.064179  -0.034250  0.997350  0.002323  -0.020266  -0.001716  0.050207  -0.020911  0.225443  2.000000  
17.840308 0.012307  0.092374  -0.006830  0.987535  0.141754  0.068416  -0.143722  0.989309  0.024725  -0.064179  -0.034250  0.997350  0.002171  -0.020482  -0.001670  0.043760  -0.011426  0.206855  2.000000  
17.841552 0.012310  0.092349  -0.006831  0.987535  0.141754  0.068416  -0.143722  0.989309  0.024725  -0.064179  -0.034250  0.997350  0.002081  -0.020616  -0.001584  0.040684  -0.010658  0.184653  2.000000  
17.842557 0.012312  0.092329  -0.006830  0.987535  0.141754  0.068416  -0.143722  0.989309  0.024725  -0.064179  -0.034250  0.997350  0.002005  -0.020657  -0.001394  0.000000  0.000000  0.000000  2.000000  
17.843801 0.012315  0.092304  -0.006830  0.987505  0.141958  0.068421  -0.143925  0.989280  0.024711  -0.064179  -0.034250  0.997350  0.001932  -0.020670  -0.001160  0.000000  0.000000  0.000000  2.000000  
17.844805 0.012317  0.092284  -0.006829  0.987505  0.141958  0.068421  -0.143925  0.989280  0.024711  -0.064179  -0.034250  0.997350  0.001966  -0.020578  -0.000894  0.000000  0.000000  0.000000  2.000000  
17.846049 0.012321  0.092259  -0.006828  0.987476  0.142162  0.068426  -0.144129  0.989251  0.024697  -0.064179  -0.034250  0.997350  0.002029  -0.020502  -0.000626  0.000000  0.000000  0.000000  2.000000  
17.847305 0.012324  0.092233  -0.006827  0.987467  0.142157  0.068558  -0.144127  0.989251  0.024678  -0.064313  -0.034249  0.997342  0.002084  -0.020490  -0.000343  0.000000  0.000000  0.000000  2.000000  
17.848307 0.012327  0.092212  -0.006826  0.987437  0.142361  0.068563  -0.144331  0.989222  0.024663  -0.064313  -0.034249  0.997342  0.002163  -0.020463  -0.000133  0.000000  0.000000  0.000000  2.000000  
17.849310 0.012331  0.092192  -0.006825  0.987408  0.142556  0.068585  -0.144534  0.989190  0.024769  -0.064313  -0.034370  0.997338  0.002310  -0.020401  0.000057  0.000000  0.000000  0.000000  2.000000  
17.850315 0.012335  0.092171  -0.006824  0.987399  0.142552  0.068717  -0.144533  0.989190  0.024750  -0.064446  -0.034370  0.997329  0.002469  -0.020410  0.000241  0.000000  0.000000  0.000000  2.000000  
17.851558 0.012341  0.092145  -0.006823  0.987378  0.142752  0.068608  -0.144737  0.989157  0.024875  -0.064313  -0.034491  0.997334  0.002689  -0.020419  0.000375  0.000000  0.000000  0.000000  2.000000  
17.852803 0.012347  0.092120  -0.006821  0.987348  0.142955  0.068613  -0.144940  0.989128  0.024861  -0.064313  -0.034491  0.997334  0.002927  -0.020397  0.000568  0.000000  0.000000  0.000000  2.000000  
17.853804 0.012352  0.092099  -0.006821  0.987318  0.143150  0.068635  -0.145144  0.989096  0.024967  -0.064313  -0.034612  0.997329  0.003172  -0.020396  0.000627  0.000000  0.000000  0.000000  2.000000  
17.855053 0.012359  0.092074  -0.006819  0.987280  0.143349  0.068772  -0.145346  0.989067  0.024933  -0.064446  -0.034612  0.997321  0.003525  -0.020355  0.000766  0.000000  0.000000  0.000000  2.000000  
17.856054 0.012365  0.092054  -0.006818  0.987250  0.143545  0.068795  -0.145549  0.989034  0.025039  -0.064446  -0.034733  0.997317  0.003756  -0.020349  0.000862  0.000000  0.000000  0.000000  2.000000  
17.857306 0.012373  0.092029  -0.006814  0.987220  0.143748  0.068800  -0.145752  0.989005  0.025025  -0.064446  -0.034733  0.997317  0.004095  -0.020360  0.001073  0.000000  0.000000  0.000000  2.000000  
17.858307 0.012380  0.092009  -0.006812  0.987190  0.143952  0.068805  -0.145955  0.988975  0.025011  -0.064446  -0.034733  0.997317  0.004442  -0.020355  0.001187  0.000000  0.000000  0.000000  2.000000  
17.859309 0.012387  0.091990  -0.006808  0.987160  0.144147  0.068828  -0.146159  0.988942  0.025117  -0.064446  -0.034854  0.997312  0.004766  -0.020291  0.001399  0.000000  0.000000  0.000000  2.000000  
17.860548 0.012396  0.091966  -0.006803  0.987130  0.144351  0.068833  -0.146362  0.988913  0.025102  -0.064446  -0.034854  0.997312  0.005156  -0.020170  0.001693  0.000000  0.000000  0.000000  2.000000  
17.861552 0.012404  0.091947  -0.006799  0.987099  0.144554  0.068838  -0.146565  0.988883  0.025088  -0.064446  -0.034854  0.997312  0.005452  -0.020081  0.001927  0.000000  0.000000  0.000000  2.000000  
17.862553 0.012411  0.091928  -0.006795  0.987069  0.144758  0.068843  -0.146768  0.988853  0.025074  -0.064446  -0.034854  0.997312  0.005832  -0.019936  0.002142  0.000000  0.000000  0.000000  2.000000  
17.863799 0.012421  0.091905  -0.006790  0.987009  0.145157  0.068871  -0.147175  0.988790  0.025166  -0.064446  -0.034975  0.997308  0.006146  -0.019772  0.002369  0.000000  0.000000  0.000000  2.000000  
17.864803 0.012429  0.091886  -0.006786  0.986978  0.145360  0.068876  -0.147378  0.988760  0.025151  -0.064446  -0.034975  0.997308  0.006402  -0.019687  0.002570  0.000000  0.000000  0.000000  2.000000  
17.866053 0.012439  0.091862  -0.006781  0.986948  0.145564  0.068882  -0.147581  0.988730  0.025137  -0.064446  -0.034975  0.997308  0.006743  -0.019575  0.002792  0.000000  0.000000  0.000000  2.000000  
17.867300 0.012450  0.091839  -0.006776  0.986918  0.145759  0.068904  -0.147784  0.988697  0.025243  -0.064446  -0.035096  0.997304  0.007036  -0.019477  0.003019  0.000000  0.000000  0.000000  2.000000  
17.868310 0.012459  0.091819  -0.006772  0.986887  0.145963  0.068910  -0.147988  0.988667  0.025229  -0.064446  -0.035096  0.997304  0.007275  -0.019342  0.003317  0.000000  0.000000  0.000000  2.000000  
17.869553 0.012469  0.091795  -0.006767  0.986826  0.146361  0.068938  -0.148394  0.988604  0.025320  -0.064446  -0.035217  0.997300  0.007516  -0.019281  0.003493  0.000000  0.000000  0.000000  2.000000  
17.870557 0.012478  0.091775  -0.006763  0.986796  0.146565  0.068943  -0.148597  0.988574  0.025306  -0.064446  -0.035217  0.997300  0.007766  -0.019202  0.003706  0.000000  0.000000  0.000000  2.000000  
17.871804 0.012489  0.091750  -0.006759  0.986765  0.146760  0.068966  -0.148800  0.988541  0.025412  -0.064446  -0.035338  0.997295  0.007956  -0.019239  0.003820  0.025568  -0.015008  0.172220  2.000000  
17.873054 0.012499  0.091724  -0.006754  0.986734  0.146955  0.068989  -0.149003  0.988507  0.025518  -0.064446  -0.035459  0.997291  0.008083  -0.019337  0.003889  0.029201  -0.015260  0.179125  2.000000  
17.874322 0.012510  0.091699  -0.006750  0.986673  0.147362  0.069000  -0.149410  0.988447  0.025489  -0.064446  -0.035459  0.997291  0.008168  -0.019404  0.003879  0.028740  -0.015493  0.185928  2.000000  
17.875555 0.012520  0.091673  -0.006745  0.986642  0.147557  0.069023  -0.149613  0.988413  0.025595  -0.064446  -0.035580  0.997287  0.008283  -0.019550  0.003892  0.032828  -0.015510  0.185997  2.000000  
17.876806 0.012531  0.091648  -0.006740  0.986580  0.147964  0.069033  -0.150019  0.988353  0.025566  -0.064446  -0.035580  0.997287  0.008365  -0.019688  0.003830  0.031922  -0.011499  0.199938  2.000000  
17.878051 0.012541  0.091621  -0.006736  0.986550  0.148168  0.069039  -0.150222  0.988322  0.025552  -0.064446  -0.035580  0.997287  0.008408  -0.019900  0.003839  0.031666  -0.011406  0.198333  2.000000  
17.879054 0.012550  0.091600  -0.006732  0.986527  0.148376  0.068912  -0.150426  0.988291  0.025558  -0.064313  -0.035580  0.997295  0.008465  -0.020041  0.003863  0.027871  -0.007020  0.200181  2.000000  
17.880301 0.012560  0.091573  -0.006727  0.986496  0.148571  0.068935  -0.150630  0.988257  0.025664  -0.064313  -0.035701  0.997291  0.008445  -0.020226  0.003866  0.031236  -0.002757  0.205571  2.000000  
17.881553 0.012571  0.091546  -0.006722  0.986465  0.148774  0.068940  -0.150833  0.988227  0.025650  -0.064313  -0.035701  0.997291  0.008485  -0.020433  0.003878  0.027197  -0.007227  0.205354  2.000000  
17.882559 0.012579  0.091524  -0.006717  0.986434  0.148978  0.068946  -0.151036  0.988196  0.025635  -0.064313  -0.035701  0.997291  0.008448  -0.020622  0.003930  0.027415  -0.007285  0.207002  2.000000  
17.883799 0.012589  0.091496  -0.006711  0.986403  0.149181  0.068951  -0.151239  0.988165  0.025621  -0.064313  -0.035701  0.997291  0.008420  -0.020887  0.003934  0.023152  -0.007239  0.205350  2.000000  
17.884806 0.012597  0.091474  -0.006707  0.986372  0.149385  0.068956  -0.151442  0.988134  0.025607  -0.064313  -0.035701  0.997291  0.008376  -0.021066  0.003977  0.023327  -0.002804  0.207177  2.000000  
17.886053 0.012606  0.091445  -0.006702  0.986380  0.149389  0.068824  -0.151443  0.988134  0.025627  -0.064179  -0.035701  0.997300  0.008253  -0.021360  0.003963  0.019547  0.001906  0.198791  2.000000  
17.887054 0.012614  0.091421  -0.006698  0.986349  0.149593  0.068830  -0.151646  0.988103  0.025613  -0.064179  -0.035701  0.997300  0.008253  -0.021606  0.003992  0.019712  0.001922  0.200470  2.000000  
17.888303 0.012624  0.091391  -0.006694  0.986318  0.149788  0.068853  -0.151849  0.988069  0.025719  -0.064179  -0.035822  0.997295  0.008206  -0.021886  0.003941  0.023594  0.001894  0.198816  2.000000  
17.889309 0.012632  0.091367  -0.006692  0.986287  0.149991  0.068858  -0.152052  0.988038  0.025705  -0.064179  -0.035822  0.997295  0.008146  -0.022161  0.003877  0.019547  0.001882  0.198791  2.000000  
17.890554 0.012641  0.091336  -0.006689  0.986287  0.149991  0.068858  -0.152052  0.988038  0.025705  -0.064179  -0.035822  0.997295  0.008066  -0.022470  0.003761  0.020153  0.002142  0.193529  2.000000  
17.891803 0.012650  0.091304  -0.006686  0.986287  0.149991  0.068858  -0.152052  0.988038  0.025705  -0.064179  -0.035822  0.997295  0.007950  -0.022910  0.003626  0.020602  0.002387  0.186663  2.000000  
17.893049 0.012660  0.091273  -0.006683  0.986264  0.150199  0.068732  -0.152257  0.988007  0.025711  -0.064046  -0.035823  0.997304  0.007907  -0.023207  0.003535  0.020886  0.007067  0.178444  2.000000  
17.894053 0.012667  0.091247  -0.006680  0.986264  0.150199  0.068732  -0.152257  0.988007  0.025711  -0.064046  -0.035823  0.997304  0.007820  -0.023526  0.003458  0.017424  0.007359  0.172995  2.000000  
17.895308 0.012677  0.091215  -0.006677  0.986232  0.150403  0.068737  -0.152460  0.987976  0.025697  -0.064046  -0.035823  0.997304  0.007754  -0.023938  0.003312  0.017422  0.007358  0.172979  2.000000  
17.896549 0.012686  0.091182  -0.006674  0.986232  0.150403  0.068737  -0.152460  0.987976  0.025697  -0.064046  -0.035823  0.997304  0.007684  -0.024297  0.003207  0.000000  0.000000  0.000000  2.000000  
17.897551 0.012693  0.091155  -0.006671  0.986232  0.150403  0.068737  -0.152460  0.987976  0.025697  -0.064046  -0.035823  0.997304  0.007617  -0.024608  0.003047  0.000000  0.000000  0.000000  2.000000  
17.898554 0.012700  0.091129  -0.006669  0.986209  0.150611  0.068610  -0.152664  0.987944  0.025703  -0.063912  -0.035823  0.997312  0.007547  -0.024915  0.002880  0.000000  0.000000  0.000000  2.000000  
17.899800 0.012709  0.091095  -0.006666  0.986209  0.150619  0.068592  -0.152664  0.987947  0.025583  -0.063912  -0.035702  0.997317  0.007495  -0.025268  0.002747  0.000000  0.000000  0.000000  2.000000  
17.901064 0.012718  0.091061  -0.006662  0.986209  0.150619  0.068592  -0.152664  0.987947  0.025583  -0.063912  -0.035702  0.997317  0.007420  -0.025615  0.002625  0.000000  0.000000  0.000000  2.000000  
17.902317 0.012727  0.091028  -0.006659  0.986186  0.150827  0.068466  -0.152868  0.987915  0.025589  -0.063779  -0.035702  0.997325  0.007380  -0.025841  0.002580  0.000000  0.000000  0.000000  2.000000  
17.903554 0.012736  0.090993  -0.006656  0.986186  0.150827  0.068466  -0.152868  0.987915  0.025589  -0.063779  -0.035702  0.997325  0.007327  -0.026122  0.002537  0.000000  0.000000  0.000000  2.000000  
17.904802 0.012745  0.090960  -0.006652  0.986163  0.151044  0.068321  -0.153073  0.987886  0.025476  -0.063645  -0.035581  0.997338  0.007321  -0.026314  0.002593  0.000000  0.000000  0.000000  2.000000  
17.905803 0.012752  0.090933  -0.006649  0.986163  0.151044  0.068321  -0.153073  0.987886  0.025476  -0.063645  -0.035581  0.997338  0.007324  -0.026418  0.002627  0.000000  0.000000  0.000000  2.000000  
17.906804 0.012760  0.090906  -0.006646  0.986132  0.151247  0.068326  -0.153276  0.987855  0.025462  -0.063645  -0.035581  0.997338  0.007313  -0.026565  0.002624  0.000000  0.000000  0.000000  2.000000  
17.908052 0.012769  0.090873  -0.006643  0.986132  0.151247  0.068326  -0.153276  0.987855  0.025462  -0.063645  -0.035581  0.997338  0.007310  -0.026696  0.002640  0.000000  0.000000  0.000000  2.000000  
17.909053 0.012777  0.090845  -0.006641  0.986109  0.151455  0.068199  -0.153480  0.987823  0.025468  -0.063512  -0.035582  0.997347  0.007296  -0.026791  0.002566  0.000000  0.000000  0.000000  2.000000  
17.910301 0.012787  0.090812  -0.006639  0.986077  0.151667  0.068186  -0.153683  0.987795  0.025334  -0.063512  -0.035461  0.997351  0.007334  -0.026853  0.002509  0.000000  0.000000  0.000000  2.000000  
17.911301 0.012794  0.090785  -0.006637  0.986077  0.151667  0.068186  -0.153683  0.987795  0.025334  -0.063512  -0.035461  0.997351  0.007366  -0.026890  0.002449  0.000000  0.000000  0.000000  2.000000  
17.912314 0.012802  0.090758  -0.006635  0.986054  0.151875  0.068060  -0.153887  0.987763  0.025341  -0.063378  -0.035461  0.997359  0.007407  -0.026910  0.002425  0.000000  0.000000  0.000000  2.000000  
17.913551 0.012813  0.090725  -0.006632  0.986022  0.152078  0.068065  -0.154090  0.987732  0.025327  -0.063378  -0.035461  0.997359  0.007487  -0.026932  0.002414  0.000000  0.000000  0.000000  2.000000  
17.914799 0.012823  0.090691  -0.006630  0.985990  0.152282  0.068070  -0.154293  0.987701  0.025313  -0.063378  -0.035461  0.997359  0.007593  -0.026949  0.002412  0.000000  0.000000  0.000000  2.000000  
17.916053 0.012833  0.090657  -0.006627  0.985935  0.152693  0.067949  -0.154701  0.987637  0.025306  -0.063245  -0.035461  0.997368  0.007701  -0.026942  0.002353  0.000000  0.000000  0.000000  2.000000  
17.917304 0.012844  0.090624  -0.006624  0.985903  0.152896  0.067954  -0.154904  0.987606  0.025292  -0.063245  -0.035461  0.997368  0.007831  -0.026908  0.002362  0.000000  0.000000  0.000000  2.000000  
17.918313 0.012853  0.090598  -0.006621  0.985871  0.153100  0.067959  -0.155107  0.987574  0.025278  -0.063245  -0.035461  0.997368  0.007966  -0.026775  0.002343  0.000000  0.000000  0.000000  2.000000  
17.919553 0.012865  0.090565  -0.006618  0.985816  0.153511  0.067838  -0.155514  0.987510  0.025270  -0.063111  -0.035462  0.997376  0.008120  -0.026737  0.002267  0.000000  0.000000  0.000000  2.000000  
17.920560 0.012874  0.090540  -0.006615  0.985784  0.153714  0.067843  -0.155717  0.987479  0.025257  -0.063111  -0.035462  0.997376  0.008239  -0.026660  0.002263  0.000000  0.000000  0.000000  2.000000  
17.921807 0.012886  0.090507  -0.006613  0.985728  0.154134  0.067703  -0.156124  0.987418  0.025130  -0.062977  -0.035341  0.997389  0.008454  -0.026554  0.002231  0.000000  0.000000  0.000000  2.000000  
17.923057 0.012899  0.090476  -0.006609  0.985663  0.154540  0.067713  -0.156530  0.987354  0.025102  -0.062977  -0.035341  0.997389  0.008667  -0.026386  0.002286  0.000000  0.000000  0.000000  2.000000  
17.924305 0.012911  0.090444  -0.006606  0.985599  0.154947  0.067723  -0.156936  0.987290  0.025074  -0.062977  -0.035341  0.997389  0.008818  -0.026286  0.002295  0.000000  0.000000  0.000000  2.000000  
17.925310 0.012922  0.090420  -0.006604  0.985575  0.155155  0.067597  -0.157140  0.987258  0.025081  -0.062844  -0.035341  0.997397  0.009006  -0.026129  0.002298  0.000000  0.000000  0.000000  2.000000  
17.926313 0.012932  0.090395  -0.006601  0.985510  0.155561  0.067607  -0.157546  0.987194  0.025053  -0.062844  -0.035341  0.997397  0.009213  -0.025942  0.002350  -0.027272  0.034279  0.173903  2.000000  
17.927325 0.012943  0.090370  -0.006599  0.985445  0.155968  0.067617  -0.157951  0.987130  0.025025  -0.062844  -0.035341  0.997397  0.009337  -0.025793  0.002393  -0.028138  0.033773  0.187624  2.000000  
17.928553 0.012956  0.090340  -0.006596  0.985356  0.156582  0.067501  -0.158561  0.987032  0.025005  -0.062710  -0.035342  0.997406  0.009561  -0.025655  0.002451  -0.028773  0.033034  0.199920  2.000000  
17.929799 0.012970  0.090309  -0.006593  0.985290  0.156988  0.067511  -0.158967  0.986968  0.024977  -0.062710  -0.035342  0.997406  0.009779  -0.025495  0.002416  -0.025599  0.032558  0.213604  2.000000  
17.930803 0.012981  0.090284  -0.006591  0.985225  0.157395  0.067522  -0.159373  0.986903  0.024949  -0.062710  -0.035342  0.997406  0.009982  -0.025319  0.002411  -0.026700  0.032353  0.229293  2.000000  
17.932050 0.012995  0.090253  -0.006589  0.985126  0.158004  0.067537  -0.159981  0.986806  0.024907  -0.062710  -0.035342  0.997406  0.010202  -0.025190  0.002389  -0.027323  0.027129  0.240851  2.000000  
17.933052 0.013006  0.090228  -0.006587  0.985068  0.158415  0.067416  -0.160388  0.986740  0.024901  -0.062577  -0.035342  0.997414  0.010387  -0.025119  0.002335  -0.028179  0.031104  0.254742  2.000000  
17.934072 0.013018  0.090203  -0.006585  0.985002  0.158821  0.067426  -0.160794  0.986675  0.024873  -0.062577  -0.035342  0.997414  0.010501  -0.025017  0.002269  -0.029263  0.030845  0.270440  2.000000  
17.935310 0.013032  0.090172  -0.006583  0.984911  0.159435  0.067309  -0.161403  0.986576  0.024853  -0.062443  -0.035342  0.997423  0.010739  -0.024934  0.002202  -0.025826  0.030138  0.282060  2.000000  
17.936313 0.013043  0.090147  -0.006581  0.984845  0.159842  0.067320  -0.161809  0.986510  0.024826  -0.062443  -0.035342  0.997423  0.010815  -0.024856  0.002162  -0.026693  0.029654  0.295776  2.000000  
17.937559 0.013059  0.090116  -0.006579  0.984744  0.160451  0.067335  -0.162417  0.986411  0.024784  -0.062443  -0.035342  0.997423  0.011017  -0.024838  0.002147  -0.027780  0.029401  0.311948  2.000000  
17.938806 0.013073  0.090085  -0.006576  0.984652  0.161065  0.067219  -0.163027  0.986311  0.024764  -0.062310  -0.035343  0.997431  0.011161  -0.024785  0.002091  -0.028612  0.028914  0.325795  2.000000  
17.940054 0.013088  0.090054  -0.006573  0.984551  0.161674  0.067234  -0.163635  0.986211  0.024723  -0.062310  -0.035343  0.997431  0.011219  -0.024802  0.002071  -0.025406  0.028444  0.339599  2.000000  
17.941306 0.013102  0.090023  -0.006571  0.984458  0.162288  0.067117  -0.164244  0.986110  0.024703  -0.062176  -0.035343  0.997439  0.011337  -0.024813  0.002021  -0.026686  0.032200  0.360426  2.000000  
17.942318 0.013114  0.089998  -0.006569  0.984391  0.162694  0.067128  -0.164649  0.986043  0.024675  -0.062176  -0.035343  0.997439  0.011446  -0.024833  0.002018  -0.027084  0.027449  0.367010  2.000000  
17.943552 0.013128  0.089966  -0.006567  0.984297  0.163307  0.067011  -0.165259  0.985942  0.024656  -0.062043  -0.035343  0.997448  0.011502  -0.024909  0.001934  -0.027943  0.031469  0.381182  2.000000  
17.944553 0.013140  0.089940  -0.006566  0.984195  0.163916  0.067026  -0.165867  0.985841  0.024615  -0.062043  -0.035343  0.997448  0.011508  -0.024991  0.001870  -0.028809  0.030978  0.394966  2.000000  
17.945555 0.013151  0.089914  -0.006564  0.984126  0.164322  0.067037  -0.166272  0.985773  0.024587  -0.062043  -0.035343  0.997448  0.011511  -0.025097  0.001836  -0.029214  0.026236  0.401675  2.000000  
17.946799 0.013164  0.089882  -0.006563  0.983997  0.165138  0.066925  -0.167084  0.985637  0.024554  -0.061909  -0.035343  0.997456  0.011503  -0.025144  0.001727  -0.030241  0.029755  0.419149  2.000000  
17.947799 0.013175  0.089856  -0.006562  0.983928  0.165544  0.066935  -0.167489  0.985569  0.024527  -0.061909  -0.035343  0.997456  0.011455  -0.025253  0.001698  -0.030246  0.029759  0.419214  2.000000  
17.948799 0.013186  0.089830  -0.006561  0.983833  0.166158  0.066819  -0.168098  0.985466  0.024508  -0.061776  -0.035344  0.997464  0.011434  -0.025292  0.001641  -0.031044  0.029269  0.432858  2.000000  
17.949809 0.013197  0.089803  -0.006560  0.983763  0.166563  0.066829  -0.168503  0.985397  0.024480  -0.061776  -0.035344  0.997464  0.011360  -0.025431  0.001564  -0.031295  0.029506  0.436363  2.000000  
17.951057 0.013210  0.089771  -0.006559  0.983667  0.167177  0.066713  -0.169112  0.985293  0.024462  -0.061642  -0.035344  0.997472  0.011302  -0.025519  0.001523  -0.028062  0.033549  0.450476  2.000000  
17.952059 0.013221  0.089744  -0.006558  0.983563  0.167793  0.066707  -0.169719  0.985193  0.024301  -0.061642  -0.035223  0.997477  0.011258  -0.025616  0.001454  -0.032695  0.028352  0.460217  2.000000  
17.953309 0.013234  0.089711  -0.006557  0.983466  0.168406  0.066591  -0.170328  0.985088  0.024282  -0.061509  -0.035223  0.997485  0.011138  -0.025833  0.001322  -0.033363  0.032834  0.471052  2.000000  
17.954556 0.013247  0.089677  -0.006556  0.983369  0.169019  0.066474  -0.170937  0.984983  0.024264  -0.061375  -0.035224  0.997493  0.011012  -0.025970  0.001205  -0.033303  0.032837  0.471100  2.000000  
17.955801 0.013260  0.089644  -0.006555  0.983263  0.169636  0.066469  -0.171544  0.984882  0.024104  -0.061375  -0.035103  0.997497  0.010922  -0.026139  0.001098  -0.037929  0.032115  0.480971  2.000000  
17.956804 0.013271  0.089617  -0.006554  0.983165  0.170248  0.066352  -0.172153  0.984776  0.024086  -0.061241  -0.035103  0.997506  0.010864  -0.026239  0.001023  -0.038209  0.036874  0.485083  2.000000  
17.958054 0.013284  0.089583  -0.006554  0.983058  0.170857  0.066367  -0.172760  0.984670  0.024045  -0.061241  -0.035103  0.997506  0.010762  -0.026412  0.000910  -0.038643  0.036635  0.492055  2.000000  
17.959305 0.013297  0.089549  -0.006552  0.982959  0.171477  0.066230  -0.173369  0.984567  0.023907  -0.061108  -0.034982  0.997518  0.010680  -0.026474  0.000906  -0.042720  0.036114  0.494745  2.000000  
17.960307 0.013307  0.089522  -0.006551  0.982896  0.171887  0.066108  -0.173775  0.984495  0.023903  -0.060974  -0.034982  0.997526  0.010625  -0.026574  0.000875  -0.042604  0.041142  0.492000  2.000000  
17.961552 0.013320  0.089487  -0.006550  0.982788  0.172495  0.066123  -0.174382  0.984389  0.023863  -0.060974  -0.034982  0.997526  0.010532  -0.026726  0.000871  -0.042715  0.040597  0.495226  2.000000  
17.962622 0.013330  0.089460  -0.006550  0.982725  0.172913  0.065980  -0.174788  0.984320  0.023739  -0.060841  -0.034862  0.997538  0.010441  -0.026705  0.000799  -0.046526  0.041093  0.491066  2.000000  
17.963799 0.013343  0.089425  -0.006549  0.982616  0.173521  0.065995  -0.175395  0.984213  0.023699  -0.060841  -0.034862  0.997538  0.010423  -0.026980  0.000812  -0.046669  0.040604  0.494949  2.000000  
17.964801 0.013353  0.089397  -0.006548  0.982552  0.173931  0.065873  -0.175801  0.984141  0.023695  -0.060707  -0.034862  0.997547  0.010374  -0.027092  0.000782  -0.046638  0.045064  0.495129  2.000000  
17.965801 0.013363  0.089369  -0.006547  0.982480  0.174336  0.065883  -0.176205  0.984069  0.023668  -0.060707  -0.034862  0.997547  0.010345  -0.027230  0.000784  -0.046604  0.040606  0.494973  2.000000  
17.966802 0.013373  0.089341  -0.006547  0.982415  0.174754  0.065740  -0.176611  0.983999  0.023545  -0.060574  -0.034741  0.997559  0.010308  -0.027293  0.000755  -0.050613  0.045092  0.495106  2.000000  
17.967807 0.013383  0.089314  -0.006546  0.982342  0.175159  0.065750  -0.177016  0.983927  0.023518  -0.060574  -0.034741  0.997559  0.010261  -0.027387  0.000745  -0.050605  0.045707  0.492292  2.000000  
17.969061 0.013396  0.089279  -0.006546  0.982241  0.175779  0.065612  -0.177624  0.983821  0.023382  -0.060440  -0.034621  0.997571  0.010249  -0.027461  0.000700  -0.054609  0.045730  0.492224  2.000000  
17.970315 0.013409  0.089243  -0.006546  0.982131  0.176387  0.065626  -0.178230  0.983712  0.023341  -0.060440  -0.034621  0.997571  0.010267  -0.027588  0.000640  -0.054593  0.045717  0.492082  2.000000  
17.971555 0.013422  0.089208  -0.006546  0.982028  0.177007  0.065488  -0.178838  0.983605  0.023205  -0.060307  -0.034500  0.997584  0.010266  -0.027689  0.000596  -0.058624  0.045763  0.492258  2.000000  
17.972555 0.013433  0.089181  -0.006546  0.981955  0.177420  0.065476  -0.179243  0.983535  0.023059  -0.060307  -0.034379  0.997588  0.010256  -0.027764  0.000550  -0.062703  0.045794  0.492276  2.000000  
17.973807 0.013447  0.089146  -0.006545  0.981852  0.178032  0.065359  -0.179851  0.983424  0.023043  -0.060173  -0.034379  0.997596  0.010300  -0.027842  0.000502  -0.062207  0.046029  0.485313  2.000000  
17.975057 0.013460  0.089111  -0.006545  0.981741  0.178647  0.065351  -0.180457  0.983317  0.022883  -0.060173  -0.034258  0.997600  0.010363  -0.027851  0.000453  -0.066280  0.046057  0.485291  2.000000  
17.976057 0.013471  0.089083  -0.006544  0.981674  0.179064  0.065208  -0.180863  0.983245  0.022761  -0.060039  -0.034137  0.997612  0.010408  -0.027929  0.000404  -0.070322  0.046106  0.485501  2.000000  
17.977304 0.013485  0.089048  -0.006544  0.981562  0.179671  0.065222  -0.181469  0.983134  0.022721  -0.060039  -0.034137  0.997612  0.010486  -0.027924  0.000413  -0.069722  0.045713  0.481358  2.000000  
17.978549 0.013498  0.089013  -0.006544  0.981458  0.180291  0.065083  -0.182077  0.983025  0.022585  -0.059906  -0.034017  0.997624  0.010528  -0.027964  0.000317  -0.073705  0.045744  0.481385  2.000000  
17.979551 0.013509  0.088985  -0.006544  0.981353  0.180910  0.064943  -0.182684  0.982915  0.022450  -0.059772  -0.033896  0.997636  0.010606  -0.027929  0.000327  -0.077748  0.050251  0.481735  2.000000  
17.980551 0.013520  0.088958  -0.006543  0.981240  0.181518  0.064957  -0.183290  0.982803  0.022410  -0.059772  -0.033896  0.997636  0.010651  -0.027920  0.000316  -0.078328  0.046152  0.485374  2.000000  
17.981551 0.013531  0.088929  -0.006543  0.981172  0.181934  0.064813  -0.183696  0.982730  0.022289  -0.059639  -0.033775  0.997648  0.010767  -0.027926  0.000264  -0.077682  0.050308  0.481720  2.000000  
17.982557 0.013543  0.088902  -0.006543  0.981059  0.182541  0.064827  -0.184302  0.982618  0.022249  -0.059639  -0.033775  0.997648  0.010838  -0.027905  0.000214  -0.078257  0.046208  0.485335  2.000000  
17.983800 0.013557  0.088867  -0.006543  0.980952  0.183161  0.064687  -0.184909  0.982507  0.022114  -0.059505  -0.033654  0.997661  0.010912  -0.027915  0.000238  -0.082046  0.050081  0.488379  2.000000  
17.984814 0.013569  0.088840  -0.006543  0.980846  0.183780  0.064547  -0.185516  0.982395  0.021980  -0.059372  -0.033534  0.997673  0.010986  -0.027812  0.000236  -0.086291  0.050747  0.485366  2.000000  
17.986055 0.013584  0.088805  -0.006543  0.980701  0.184593  0.064434  -0.186325  0.982243  0.021952  -0.059238  -0.033534  0.997680  0.011120  -0.027776  0.000233  -0.082636  0.055056  0.492631  2.000000  
17.987309 0.013599  0.088771  -0.006542  0.980555  0.185414  0.064299  -0.187134  0.982092  0.021805  -0.059105  -0.033413  0.997692  0.011204  -0.027794  0.000219  -0.087043  0.054835  0.499416  2.000000  
17.988312 0.013611  0.088744  -0.006542  0.980439  0.186028  0.064290  -0.187740  0.981980  0.021646  -0.059105  -0.033292  0.997696  0.011313  -0.027702  0.000142  -0.091492  0.050130  0.506106  2.000000  
17.989556 0.013626  0.088710  -0.006543  0.980338  0.186651  0.064018  -0.188349  0.981866  0.021537  -0.058837  -0.033172  0.997716  0.011457  -0.027662  0.000100  -0.091431  0.059182  0.506447  2.000000  
17.990807 0.013641  0.088675  -0.006543  0.980190  0.187472  0.063882  -0.189157  0.981714  0.021391  -0.058704  -0.033051  0.997728  0.011551  -0.027635  0.000074  -0.095872  0.058988  0.513448  2.000000  
17.992056 0.013657  0.088641  -0.006544  0.980042  0.188284  0.063769  -0.189966  0.981558  0.021364  -0.058570  -0.033051  0.997736  0.011670  -0.027612  -0.000028  -0.096257  0.058777  0.520576  2.000000  
17.993308 0.013673  0.088607  -0.006544  0.979893  0.189105  0.063632  -0.190774  0.981405  0.021218  -0.058437  -0.032930  0.997748  0.011823  -0.027514  -0.000009  -0.096991  0.062831  0.534222  2.000000  
17.994316 0.013685  0.088580  -0.006544  0.979751  0.189929  0.063365  -0.191584  0.981249  0.021097  -0.058170  -0.032810  0.997767  0.011910  -0.027469  -0.000036  -0.101766  0.066877  0.548089  2.000000  
17.995551 0.013701  0.088546  -0.006543  0.979600  0.190749  0.063228  -0.192392  0.981094  0.020952  -0.058036  -0.032689  0.997779  0.012043  -0.027427  -0.000012  -0.105792  0.070381  0.557643  2.000000  
17.996551 0.013713  0.088519  -0.006543  0.979489  0.191367  0.063087  -0.192999  0.980978  0.020820  -0.057902  -0.032568  0.997791  0.012121  -0.027390  -0.000002  -0.105729  0.070456  0.557698  2.000000  
17.997551 0.013726  0.088492  -0.006543  0.979337  0.192179  0.062973  -0.193807  0.980819  0.020794  -0.057769  -0.032569  0.997799  0.012203  -0.027364  0.000009  -0.106491  0.074443  0.571480  2.000000  
17.998551 0.013739  0.088465  -0.006543  0.979233  0.192801  0.062700  -0.194415  0.980701  0.020688  -0.057502  -0.032448  0.997818  0.012277  -0.027318  0.000019  -0.110877  0.083172  0.578693  2.000000  
17.999555 0.013751  0.088438  -0.006542  0.979080  0.193620  0.062563  -0.195223  0.980544  0.020543  -0.057368  -0.032327  0.997830  0.012300  -0.027277  0.000033  -0.112130  0.083704  0.590412  2.000000  
18.000803 0.013766  0.088404  -0.006542  0.978934  0.194444  0.062294  -0.196032  0.980385  0.020425  -0.057101  -0.032207  0.997849  0.012402  -0.027188  0.000055  -0.112395  0.088021  0.597340  2.000000  
18.001806 0.013779  0.088377  -0.006542  0.978779  0.195263  0.062157  -0.196839  0.980226  0.020281  -0.056967  -0.032086  0.997860  0.012416  -0.027136  0.000079  -0.117233  0.092083  0.611239  2.000000  
18.003058 0.013794  0.088344  -0.006541  0.978591  0.196288  0.061892  -0.197850  0.980025  0.020152  -0.056700  -0.031965  0.997879  0.012445  -0.027109  0.000094  -0.117917  0.096190  0.625181  2.000000  
