1-Time 2-Px 3-Py 4-Pz 5-R11 6-R21 7-R31 8-R12 9-R22 10-R32 11-R13 12-R23 13-R33 14-Vx 15-Vy 16-Vz 17-Wx 18-Wy 19-Wz 20-state 21-PR11 22-PR21 23-PR31 24-PR12 25-PR22 26-PR32 27-PR13 28-PR23 29-PR33 
146.829932 0.015906  0.091261  -0.010622  0.998886  0.046941  0.004897  -0.046921  0.998890  -0.004116  -0.005084  0.003881  0.999980  -0.002277  -0.001414  0.000561  0.000000  0.000000  0.000000  2.000000  
146.830939 0.015904  0.091260  -0.010622  0.998886  0.046941  0.004897  -0.046921  0.998890  -0.004116  -0.005084  0.003881  0.999980  -0.002264  -0.001419  0.000521  0.000000  0.000000  0.000000  2.000000  
146.832186 0.015904  0.091257  -0.010620  0.998876  0.047146  0.004896  -0.047126  0.998880  -0.004117  -0.005084  0.003881  0.999980  -0.002010  -0.001430  0.000576  0.000000  0.000000  0.000000  2.000000  
146.833433 0.015906  0.091254  -0.010619  0.998856  0.047558  0.005028  -0.047538  0.998861  -0.004125  -0.005218  0.003881  0.999979  -0.001666  -0.001507  0.000608  0.000000  0.000000  0.000000  2.000000  
146.834434 0.015908  0.091250  -0.010619  0.998856  0.047558  0.005028  -0.047538  0.998861  -0.004125  -0.005218  0.003881  0.999979  -0.001387  -0.001645  0.000594  0.000000  0.000000  0.000000  2.000000  
146.835682 0.015912  0.091246  -0.010618  0.998846  0.047764  0.005027  -0.047743  0.998851  -0.004126  -0.005218  0.003881  0.999979  -0.000966  -0.001785  0.000645  0.000000  0.000000  0.000000  2.000000  
146.836691 0.015916  0.091244  -0.010618  0.998837  0.047969  0.004892  -0.047949  0.998841  -0.004121  -0.005084  0.003881  0.999980  -0.000506  -0.001845  0.000616  0.000000  0.000000  0.000000  2.000000  
146.837951 0.015922  0.091241  -0.010618  0.998817  0.048380  0.004891  -0.048360  0.998821  -0.004123  -0.005084  0.003881  0.999980  0.000088  -0.001946  0.000550  0.000000  0.000000  0.000000  2.000000  
146.839188 0.015929  0.091237  -0.010618  0.998808  0.048585  0.004756  -0.048566  0.998811  -0.004117  -0.004951  0.003881  0.999980  0.000749  -0.002085  0.000491  0.000000  0.000000  0.000000  2.000000  
146.840435 0.015936  0.091232  -0.010618  0.998788  0.048997  0.004754  -0.048977  0.998791  -0.004119  -0.004951  0.003881  0.999980  0.001389  -0.002281  0.000420  0.000000  0.000000  0.000000  2.000000  
146.841685 0.015943  0.091228  -0.010619  0.998767  0.049408  0.004886  -0.049388  0.998771  -0.004128  -0.005084  0.003881  0.999980  0.002062  -0.002448  0.000372  0.000000  0.000000  0.000000  2.000000  
146.842948 0.015950  0.091225  -0.010618  0.998746  0.049820  0.005018  -0.049800  0.998751  -0.004137  -0.005218  0.003881  0.999979  0.002719  -0.002581  0.000312  0.000000  0.000000  0.000000  2.000000  
146.844186 0.015957  0.091220  -0.010619  0.998735  0.050026  0.005017  -0.050005  0.998740  -0.004138  -0.005218  0.003881  0.999979  0.003384  -0.002812  0.000213  0.000000  0.000000  0.000000  2.000000  
146.845187 0.015963  0.091216  -0.010619  0.998725  0.050231  0.005017  -0.050211  0.998730  -0.004139  -0.005218  0.003881  0.999979  0.003914  -0.003000  0.000151  0.000000  0.000000  0.000000  2.000000  
146.846190 0.015969  0.091212  -0.010620  0.998705  0.050642  0.004881  -0.050622  0.998709  -0.004134  -0.005084  0.003881  0.999980  0.004398  -0.003188  0.000055  0.000000  0.000000  0.000000  2.000000  
146.847435 0.015977  0.091206  -0.010620  0.998695  0.050848  0.004880  -0.050828  0.998699  -0.004135  -0.005084  0.003881  0.999980  0.004849  -0.003340  0.000026  0.000000  0.000000  0.000000  2.000000  
146.848681 0.015985  0.091201  -0.010619  0.998685  0.051053  0.004746  -0.051033  0.998688  -0.004129  -0.004951  0.003881  0.999980  0.005218  -0.003460  0.000009  0.000000  0.000000  0.000000  2.000000  
146.849687 0.015991  0.091195  -0.010619  0.998674  0.051258  0.004745  -0.051239  0.998678  -0.004130  -0.004951  0.003881  0.999980  0.005475  -0.003629  -0.000067  0.000000  0.000000  0.000000  2.000000  
146.850946 0.015999  0.091188  -0.010619  0.998653  0.051669  0.004743  -0.051650  0.998657  -0.004132  -0.004951  0.003881  0.999980  0.005756  -0.003878  -0.000049  0.000000  0.000000  0.000000  2.000000  
146.852183 0.016007  0.091180  -0.010619  0.998632  0.052081  0.004742  -0.052061  0.998635  -0.004134  -0.004951  0.003881  0.999980  0.005906  -0.004209  -0.000065  -0.000879  0.009665  0.172936  2.000000  
146.853192 0.016013  0.091173  -0.010619  0.998621  0.052286  0.004741  -0.052267  0.998625  -0.004135  -0.004951  0.003881  0.999980  0.005947  -0.004483  -0.000090  -0.000914  0.009688  0.179794  2.000000  
146.854435 0.016019  0.091163  -0.010619  0.998610  0.052492  0.004734  -0.052472  0.998613  -0.004257  -0.004951  0.004003  0.999980  0.005916  -0.004865  -0.000082  -0.005026  0.009729  0.186756  2.000000  
146.855438 0.016023  0.091155  -0.010620  0.998600  0.052697  0.004599  -0.052678  0.998603  -0.004251  -0.004817  0.004003  0.999980  0.005865  -0.005165  -0.000148  -0.005048  0.014253  0.193657  2.000000  
146.856438 0.016028  0.091147  -0.010621  0.998589  0.052903  0.004598  -0.052884  0.998592  -0.004252  -0.004817  0.004003  0.999980  0.005764  -0.005511  -0.000146  -0.005082  0.014278  0.200552  2.000000  
146.857686 0.016034  0.091136  -0.010622  0.998578  0.053109  0.004597  -0.053089  0.998581  -0.004253  -0.004817  0.004003  0.999980  0.005664  -0.006020  -0.000236  -0.005106  0.009814  0.207588  2.000000  
146.858948 0.016038  0.091125  -0.010622  0.998578  0.053109  0.004597  -0.053089  0.998581  -0.004253  -0.004817  0.004003  0.999980  0.005488  -0.006442  -0.000230  -0.005102  0.009808  0.207443  2.000000  
146.860189 0.016042  0.091113  -0.010622  0.998568  0.053314  0.004463  -0.053295  0.998570  -0.004247  -0.004683  0.004003  0.999981  0.005290  -0.006932  -0.000197  -0.005124  0.014335  0.214424  2.000000  
146.861196 0.016046  0.091104  -0.010623  0.998568  0.053314  0.004463  -0.053295  0.998570  -0.004247  -0.004683  0.004003  0.999981  0.005075  -0.007267  -0.000186  -0.005123  0.014333  0.214397  2.000000  
146.862432 0.016049  0.091092  -0.010622  0.998568  0.053314  0.004463  -0.053295  0.998570  -0.004247  -0.004683  0.004003  0.999981  0.004828  -0.007601  -0.000127  -0.005015  0.014165  0.198965  2.000000  
146.863438 0.016052  0.091083  -0.010621  0.998568  0.053314  0.004463  -0.053295  0.998570  -0.004247  -0.004683  0.004003  0.999981  0.004548  -0.007993  -0.000091  -0.005035  0.018749  0.193646  2.000000  
146.864685 0.016055  0.091071  -0.010620  0.998568  0.053314  0.004456  -0.053295  0.998569  -0.004368  -0.004683  0.004124  0.999981  0.004253  -0.008309  -0.000029  -0.009038  0.018610  0.192088  2.000000  
146.865686 0.016057  0.091061  -0.010618  0.998568  0.053314  0.004456  -0.053295  0.998569  -0.004368  -0.004683  0.004124  0.999981  0.003995  -0.008599  0.000088  -0.009081  0.018740  0.186789  2.000000  
146.866934 0.016059  0.091048  -0.010616  0.998568  0.053314  0.004456  -0.053295  0.998569  -0.004368  -0.004683  0.004124  0.999981  0.003561  -0.008966  0.000219  -0.008925  0.014068  0.171516  2.000000  
146.867955 0.016061  0.091038  -0.010614  0.998568  0.053314  0.004323  -0.053295  0.998569  -0.004361  -0.004549  0.004124  0.999981  0.003255  -0.009192  0.000341  0.000000  0.000000  0.000000  2.000000  
146.869196 0.016063  0.091025  -0.010611  0.998579  0.053109  0.004317  -0.053089  0.998580  -0.004481  -0.004549  0.004245  0.999981  0.003010  -0.009362  0.000563  0.000000  0.000000  0.000000  2.000000  
146.870440 0.016066  0.091012  -0.010608  0.998579  0.053109  0.004317  -0.053089  0.998580  -0.004481  -0.004549  0.004245  0.999981  0.002806  -0.009559  0.000871  0.000000  0.000000  0.000000  2.000000  
146.871688 0.016068  0.090998  -0.010604  0.998579  0.053109  0.004311  -0.053089  0.998579  -0.004602  -0.004549  0.004367  0.999980  0.002558  -0.009785  0.001195  0.000000  0.000000  0.000000  2.000000  
146.872689 0.016070  0.090987  -0.010601  0.998590  0.052904  0.004312  -0.052884  0.998590  -0.004601  -0.004549  0.004367  0.999980  0.002415  -0.009937  0.001397  0.000000  0.000000  0.000000  2.000000  
146.873941 0.016072  0.090974  -0.010597  0.998590  0.052904  0.004312  -0.052884  0.998590  -0.004601  -0.004549  0.004367  0.999980  0.002283  -0.010083  0.001677  0.000000  0.000000  0.000000  2.000000  
146.874951 0.016075  0.090963  -0.010594  0.998590  0.052904  0.004312  -0.052884  0.998590  -0.004601  -0.004549  0.004367  0.999980  0.002218  -0.010155  0.001918  0.000000  0.000000  0.000000  2.000000  
146.876188 0.016079  0.090950  -0.010590  0.998590  0.052904  0.004312  -0.052884  0.998590  -0.004601  -0.004549  0.004367  0.999980  0.002192  -0.010293  0.002171  0.000000  0.000000  0.000000  2.000000  
146.877436 0.016082  0.090936  -0.010585  0.998601  0.052697  0.004319  -0.052678  0.998602  -0.004479  -0.004549  0.004245  0.999981  0.002163  -0.010442  0.002406  0.000000  0.000000  0.000000  2.000000  
146.878436 0.016085  0.090925  -0.010582  0.998601  0.052697  0.004319  -0.052678  0.998602  -0.004479  -0.004549  0.004245  0.999981  0.002182  -0.010512  0.002582  0.000000  0.000000  0.000000  2.000000  
146.879437 0.016088  0.090914  -0.010579  0.998601  0.052697  0.004319  -0.052678  0.998602  -0.004479  -0.004549  0.004245  0.999981  0.002243  -0.010615  0.002791  0.000000  0.000000  0.000000  2.000000  
146.880682 0.016092  0.090901  -0.010574  0.998601  0.052697  0.004319  -0.052678  0.998602  -0.004479  -0.004549  0.004245  0.999981  0.002394  -0.010639  0.002965  0.000000  0.000000  0.000000  2.000000  
146.881684 0.016096  0.090891  -0.010570  0.998601  0.052697  0.004319  -0.052678  0.998602  -0.004479  -0.004549  0.004245  0.999981  0.002518  -0.010661  0.003118  0.000000  0.000000  0.000000  2.000000  
146.882689 0.016100  0.090880  -0.010565  0.998601  0.052697  0.004326  -0.052678  0.998602  -0.004358  -0.004549  0.004124  0.999981  0.002668  -0.010702  0.003296  0.000000  0.000000  0.000000  2.000000  
146.883939 0.016105  0.090867  -0.010559  0.998601  0.052697  0.004326  -0.052678  0.998602  -0.004358  -0.004549  0.004124  0.999981  0.002840  -0.010680  0.003481  0.000000  0.000000  0.000000  2.000000  
146.884963 0.016110  0.090857  -0.010554  0.998601  0.052697  0.004326  -0.052678  0.998602  -0.004358  -0.004549  0.004124  0.999981  0.003054  -0.010636  0.003704  0.000000  0.000000  0.000000  2.000000  
146.886192 0.016116  0.090845  -0.010547  0.998601  0.052697  0.004326  -0.052678  0.998602  -0.004358  -0.004549  0.004124  0.999981  0.003258  -0.010611  0.003913  0.000000  0.000000  0.000000  2.000000  
146.887436 0.016123  0.090833  -0.010540  0.998602  0.052696  0.004192  -0.052678  0.998602  -0.004351  -0.004415  0.004124  0.999982  0.003554  -0.010495  0.004143  0.000000  0.000000  0.000000  2.000000  
146.888436 0.016129  0.090823  -0.010534  0.998602  0.052696  0.004192  -0.052678  0.998602  -0.004351  -0.004415  0.004124  0.999982  0.003790  -0.010414  0.004276  0.000000  0.000000  0.000000  2.000000  
146.889683 0.016136  0.090811  -0.010528  0.998602  0.052696  0.004192  -0.052678  0.998602  -0.004351  -0.004415  0.004124  0.999982  0.004110  -0.010334  0.004479  0.000000  0.000000  0.000000  2.000000  
146.890685 0.016142  0.090801  -0.010523  0.998591  0.052901  0.004197  -0.052884  0.998592  -0.004231  -0.004415  0.004003  0.999982  0.004355  -0.010279  0.004623  0.000000  0.000000  0.000000  2.000000  
146.891686 0.016148  0.090790  -0.010518  0.998591  0.052901  0.004197  -0.052884  0.998592  -0.004231  -0.004415  0.004003  0.999982  0.004526  -0.010253  0.004709  0.000000  0.000000  0.000000  2.000000  
146.892686 0.016154  0.090780  -0.010512  0.998591  0.052901  0.004197  -0.052884  0.998592  -0.004231  -0.004415  0.004003  0.999982  0.004785  -0.010205  0.004815  0.000000  0.000000  0.000000  2.000000  
146.893934 0.016162  0.090767  -0.010506  0.998591  0.052901  0.004197  -0.052884  0.998592  -0.004231  -0.004415  0.004003  0.999982  0.005032  -0.010155  0.004961  0.000000  0.000000  0.000000  2.000000  
146.894939 0.016168  0.090757  -0.010502  0.998580  0.053106  0.004203  -0.053089  0.998581  -0.004110  -0.004415  0.003881  0.999983  0.005238  -0.010128  0.005025  0.000000  0.000000  0.000000  2.000000  
146.895940 0.016174  0.090746  -0.010497  0.998581  0.053106  0.004069  -0.053089  0.998581  -0.004103  -0.004282  0.003881  0.999983  0.005404  -0.010167  0.005062  0.000000  0.000000  0.000000  2.000000  
146.897188 0.016181  0.090732  -0.010491  0.998570  0.053312  0.004069  -0.053295  0.998570  -0.004104  -0.004282  0.003881  0.999983  0.005556  -0.010203  0.005139  0.000000  0.000000  0.000000  2.000000  
146.898433 0.016188  0.090718  -0.010485  0.998570  0.053311  0.004075  -0.053295  0.998571  -0.003983  -0.004282  0.003760  0.999984  0.005703  -0.010279  0.005115  0.000000  0.000000  0.000000  2.000000  
146.899688 0.016195  0.090704  -0.010480  0.998559  0.053517  0.004074  -0.053500  0.998560  -0.003984  -0.004282  0.003760  0.999984  0.005796  -0.010432  0.005052  0.000000  0.000000  0.000000  2.000000  
146.900937 0.016202  0.090689  -0.010474  0.998559  0.053517  0.004074  -0.053500  0.998560  -0.003984  -0.004282  0.003760  0.999984  0.005814  -0.010548  0.004979  0.000000  0.000000  0.000000  2.000000  
146.902186 0.016209  0.090675  -0.010468  0.998548  0.053722  0.004073  -0.053706  0.998549  -0.003985  -0.004282  0.003760  0.999984  0.005818  -0.010708  0.004847  0.000000  0.000000  0.000000  2.000000  
146.903188 0.016214  0.090663  -0.010464  0.998548  0.053721  0.003946  -0.053706  0.998549  -0.003856  -0.004148  0.003639  0.999985  0.005786  -0.010832  0.004784  0.000000  0.000000  0.000000  2.000000  
146.904195 0.016219  0.090651  -0.010459  0.998537  0.053927  0.003946  -0.053912  0.998538  -0.003857  -0.004148  0.003639  0.999985  0.005718  -0.011004  0.004746  0.000000  0.000000  0.000000  2.000000  
146.905437 0.016225  0.090636  -0.010453  0.998537  0.053927  0.003946  -0.053912  0.998538  -0.003857  -0.004148  0.003639  0.999985  0.005621  -0.011127  0.004732  0.000000  0.000000  0.000000  2.000000  
146.906686 0.016231  0.090621  -0.010446  0.998527  0.054132  0.003811  -0.054117  0.998527  -0.003851  -0.004014  0.003639  0.999985  0.005554  -0.011334  0.004749  0.000000  0.000000  0.000000  2.000000  
146.907686 0.016236  0.090608  -0.010441  0.998527  0.054132  0.003811  -0.054117  0.998527  -0.003851  -0.004014  0.003639  0.999985  0.005421  -0.011479  0.004708  0.000000  0.000000  0.000000  2.000000  
146.908938 0.016241  0.090592  -0.010436  0.998515  0.054337  0.003810  -0.054323  0.998516  -0.003852  -0.004014  0.003639  0.999985  0.005262  -0.011704  0.004704  0.000000  0.000000  0.000000  2.000000  
146.910188 0.016246  0.090575  -0.010430  0.998515  0.054337  0.003810  -0.054323  0.998516  -0.003852  -0.004014  0.003639  0.999985  0.005107  -0.011972  0.004716  0.000000  0.000000  0.000000  2.000000  
146.911434 0.016251  0.090557  -0.010424  0.998504  0.054543  0.003810  -0.054528  0.998505  -0.003852  -0.004014  0.003639  0.999985  0.004965  -0.012201  0.004674  0.000000  0.000000  0.000000  2.000000  
146.912436 0.016256  0.090543  -0.010419  0.998505  0.054543  0.003676  -0.054528  0.998505  -0.003845  -0.003880  0.003639  0.999986  0.004847  -0.012394  0.004692  0.000000  0.000000  0.000000  2.000000  
146.913688 0.016261  0.090526  -0.010414  0.998493  0.054748  0.003675  -0.054734  0.998494  -0.003846  -0.003880  0.003639  0.999986  0.004735  -0.012600  0.004674  0.000000  0.000000  0.000000  2.000000  
146.914933 0.016266  0.090508  -0.010409  0.998493  0.054748  0.003675  -0.054734  0.998494  -0.003846  -0.003880  0.003639  0.999986  0.004613  -0.012860  0.004607  0.000000  0.000000  0.000000  2.000000  
146.915937 0.016270  0.090493  -0.010406  0.998482  0.054954  0.003674  -0.054939  0.998482  -0.003847  -0.003880  0.003639  0.999986  0.004529  -0.013111  0.004559  0.000000  0.000000  0.000000  2.000000  
146.917184 0.016275  0.090475  -0.010401  0.998482  0.054954  0.003674  -0.054939  0.998482  -0.003847  -0.003880  0.003639  0.999986  0.004409  -0.013360  0.004493  0.000000  0.000000  0.000000  2.000000  
146.918185 0.016280  0.090460  -0.010396  0.998482  0.054954  0.003674  -0.054939  0.998482  -0.003847  -0.003880  0.003639  0.999986  0.004396  -0.013565  0.004504  0.000000  0.000000  0.000000  2.000000  
146.919440 0.016285  0.090441  -0.010391  0.998471  0.055160  0.003667  -0.055145  0.998470  -0.003968  -0.003880  0.003760  0.999985  0.004351  -0.013826  0.004489  0.000000  0.000000  0.000000  2.000000  
146.920687 0.016291  0.090422  -0.010385  0.998471  0.055160  0.003667  -0.055145  0.998470  -0.003968  -0.003880  0.003760  0.999985  0.004330  -0.014102  0.004450  0.000000  0.000000  0.000000  2.000000  
146.921938 0.016297  0.090403  -0.010379  0.998459  0.055365  0.003666  -0.055351  0.998459  -0.003969  -0.003880  0.003760  0.999985  0.004312  -0.014345  0.004418  0.000000  0.000000  0.000000  2.000000  
146.922947 0.016302  0.090387  -0.010374  0.998459  0.055365  0.003666  -0.055351  0.998459  -0.003969  -0.003880  0.003760  0.999985  0.004354  -0.014550  0.004423  0.000000  0.000000  0.000000  2.000000  
146.924186 0.016309  0.090367  -0.010368  0.998448  0.055571  0.003665  -0.055556  0.998448  -0.003970  -0.003880  0.003760  0.999985  0.004441  -0.014734  0.004413  0.000000  0.000000  0.000000  2.000000  
146.925189 0.016314  0.090351  -0.010363  0.998448  0.055571  0.003665  -0.055556  0.998448  -0.003970  -0.003880  0.003760  0.999985  0.004506  -0.014929  0.004426  0.000000  0.000000  0.000000  2.000000  
146.926435 0.016321  0.090331  -0.010357  0.998437  0.055776  0.003664  -0.055762  0.998436  -0.003971  -0.003880  0.003760  0.999985  0.004638  -0.015120  0.004452  0.000000  0.000000  0.000000  2.000000  
146.927436 0.016326  0.090315  -0.010352  0.998436  0.055777  0.003798  -0.055762  0.998436  -0.003978  -0.004014  0.003760  0.999985  0.004710  -0.015255  0.004488  0.000000  0.000000  0.000000  2.000000  
146.928681 0.016334  0.090294  -0.010346  0.998425  0.055982  0.003797  -0.055967  0.998425  -0.003979  -0.004014  0.003760  0.999985  0.004884  -0.015447  0.004550  0.000000  0.000000  0.000000  2.000000  
146.929681 0.016340  0.090278  -0.010341  0.998413  0.056188  0.003796  -0.056173  0.998413  -0.003980  -0.004014  0.003760  0.999985  0.005022  -0.015567  0.004625  0.000000  0.000000  0.000000  2.000000  
146.930683 0.016346  0.090262  -0.010336  0.998413  0.056188  0.003796  -0.056173  0.998413  -0.003980  -0.004014  0.003760  0.999985  0.005183  -0.015689  0.004753  0.000000  0.000000  0.000000  2.000000  
146.931937 0.016354  0.090241  -0.010330  0.998401  0.056393  0.003796  -0.056378  0.998402  -0.003981  -0.004014  0.003760  0.999985  0.005378  -0.015813  0.004824  0.000000  0.000000  0.000000  2.000000  
146.933196 0.016363  0.090221  -0.010324  0.998390  0.056599  0.003795  -0.056584  0.998390  -0.003981  -0.004014  0.003760  0.999985  0.005574  -0.015911  0.004843  0.000000  0.000000  0.000000  2.000000  
146.934431 0.016371  0.090200  -0.010318  0.998378  0.056805  0.003927  -0.056789  0.998378  -0.003990  -0.004148  0.003760  0.999984  0.005729  -0.016097  0.004808  0.000000  0.000000  0.000000  2.000000  
146.935433 0.016378  0.090184  -0.010313  0.998378  0.056805  0.003927  -0.056789  0.998378  -0.003990  -0.004148  0.003760  0.999984  0.005900  -0.016163  0.004855  0.000000  0.000000  0.000000  2.000000  
146.936438 0.016385  0.090166  -0.010309  0.998366  0.057011  0.003927  -0.056995  0.998366  -0.003990  -0.004148  0.003760  0.999984  0.006035  -0.016301  0.004781  0.000000  0.000000  0.000000  2.000000  
146.937683 0.016394  0.090145  -0.010304  0.998354  0.057216  0.003926  -0.057200  0.998355  -0.003991  -0.004148  0.003760  0.999984  0.006222  -0.016380  0.004792  0.000000  0.000000  0.000000  2.000000  
146.938685 0.016402  0.090128  -0.010299  0.998342  0.057422  0.003925  -0.057406  0.998343  -0.003992  -0.004148  0.003760  0.999984  0.006374  -0.016477  0.004774  0.000000  0.000000  0.000000  2.000000  
146.939933 0.016410  0.090106  -0.010293  0.998330  0.057627  0.003924  -0.057611  0.998331  -0.003993  -0.004148  0.003760  0.999984  0.006520  -0.016562  0.004756  0.000000  0.000000  0.000000  2.000000  
146.940937 0.016418  0.090089  -0.010288  0.998319  0.057833  0.003923  -0.057817  0.998319  -0.003994  -0.004148  0.003760  0.999984  0.006653  -0.016642  0.004787  0.000000  0.000000  0.000000  2.000000  
146.941937 0.016425  0.090072  -0.010284  0.998307  0.058038  0.003923  -0.058023  0.998307  -0.003995  -0.004148  0.003760  0.999984  0.006797  -0.016715  0.004749  0.000000  0.000000  0.000000  2.000000  
146.942940 0.016433  0.090054  -0.010279  0.998294  0.058244  0.004055  -0.058228  0.998295  -0.004003  -0.004282  0.003760  0.999984  0.006880  -0.016859  0.004681  0.000000  0.000000  0.000000  2.000000  
146.944183 0.016442  0.090032  -0.010273  0.998270  0.058655  0.004054  -0.058639  0.998271  -0.004005  -0.004282  0.003760  0.999984  0.006975  -0.016952  0.004672  0.000000  0.000000  0.000000  2.000000  
146.945187 0.016449  0.090015  -0.010269  0.998258  0.058861  0.004053  -0.058845  0.998259  -0.004006  -0.004282  0.003760  0.999984  0.007087  -0.017045  0.004627  0.000000  0.000000  0.000000  2.000000  
146.946187 0.016457  0.089997  -0.010265  0.998246  0.059066  0.004052  -0.059050  0.998247  -0.004006  -0.004282  0.003760  0.999984  0.007189  -0.017122  0.004568  0.000000  0.000000  0.000000  2.000000  
146.947431 0.016466  0.089974  -0.010259  0.998234  0.059272  0.004051  -0.059256  0.998235  -0.004007  -0.004282  0.003760  0.999984  0.007229  -0.017331  0.004559  0.000000  0.000000  0.000000  2.000000  
146.948433 0.016473  0.089956  -0.010255  0.998221  0.059477  0.004050  -0.059461  0.998223  -0.004008  -0.004282  0.003760  0.999984  0.007273  -0.017393  0.004513  0.000000  0.000000  0.000000  2.000000  
146.949482 0.016481  0.089938  -0.010252  0.998197  0.059888  0.004049  -0.059872  0.998198  -0.004010  -0.004282  0.003760  0.999984  0.007305  -0.017437  0.004455  0.000000  0.000000  0.000000  2.000000  
146.950683 0.016490  0.089915  -0.010246  0.998185  0.060094  0.004048  -0.060078  0.998186  -0.004011  -0.004282  0.003760  0.999984  0.007355  -0.017629  0.004404  0.000000  0.000000  0.000000  2.000000  
146.951684 0.016498  0.089897  -0.010242  0.998159  0.060505  0.004180  -0.060489  0.998161  -0.004020  -0.004415  0.003760  0.999983  0.007382  -0.017699  0.004391  -0.000712  -0.017196  0.171635  2.000000  
146.952691 0.016504  0.089878  -0.010239  0.998147  0.060711  0.004179  -0.060694  0.998148  -0.004021  -0.004415  0.003760  0.999983  0.007352  -0.017811  0.004320  -0.000746  -0.017316  0.180017  2.000000  
146.953938 0.016514  0.089855  -0.010233  0.998122  0.061122  0.004177  -0.061105  0.998123  -0.004023  -0.004415  0.003760  0.999983  0.007346  -0.017905  0.004284  -0.000775  -0.017286  0.186893  2.000000  
146.954947 0.016520  0.089837  -0.010230  0.998109  0.061327  0.004176  -0.061311  0.998111  -0.004024  -0.004415  0.003760  0.999983  0.007343  -0.017983  0.004238  -0.000803  -0.017256  0.193774  2.000000  
146.956188 0.016529  0.089813  -0.010225  0.998083  0.061739  0.004308  -0.061721  0.998085  -0.004034  -0.004549  0.003760  0.999983  0.007332  -0.018138  0.004142  -0.000846  -0.021730  0.200742  2.000000  
146.957436 0.016539  0.089790  -0.010221  0.998058  0.062150  0.004307  -0.062132  0.998060  -0.004036  -0.004549  0.003760  0.999983  0.007334  -0.018208  0.004052  -0.000889  -0.017210  0.207674  2.000000  
146.958437 0.016546  0.089770  -0.010217  0.998031  0.062562  0.004431  -0.062543  0.998034  -0.004167  -0.004683  0.003881  0.999982  0.007301  -0.018333  0.003990  -0.005039  -0.021636  0.221476  2.000000  
146.959685 0.016555  0.089747  -0.010212  0.998018  0.062767  0.004430  -0.062749  0.998021  -0.004168  -0.004683  0.003881  0.999982  0.007281  -0.018464  0.003901  -0.005040  -0.021642  0.221536  2.000000  
146.960686 0.016562  0.089727  -0.010208  0.997992  0.063179  0.004562  -0.063160  0.997995  -0.004178  -0.004817  0.003881  0.999981  0.007273  -0.018570  0.003893  -0.005118  -0.026093  0.235452  2.000000  
146.961936 0.016571  0.089703  -0.010204  0.997966  0.063589  0.004560  -0.063571  0.997969  -0.004180  -0.004817  0.003881  0.999981  0.007241  -0.018694  0.003844  -0.005104  -0.025843  0.240288  2.000000  
146.962946 0.016578  0.089684  -0.010200  0.997939  0.064001  0.004692  -0.063981  0.997942  -0.004190  -0.004951  0.003881  0.999980  0.007215  -0.018748  0.003833  -0.005194  -0.030530  0.249236  2.000000  
146.964182 0.016587  0.089660  -0.010195  0.997912  0.064412  0.004824  -0.064392  0.997916  -0.004201  -0.005084  0.003881  0.999980  0.007203  -0.018844  0.003835  -0.005199  -0.034711  0.254056  2.000000  
146.965189 0.016595  0.089640  -0.010190  0.997884  0.064824  0.004956  -0.064803  0.997889  -0.004211  -0.005218  0.003881  0.999979  0.007211  -0.018917  0.003889  -0.005297  -0.034657  0.267768  2.000000  
146.966434 0.016604  0.089616  -0.010185  0.997857  0.065235  0.005087  -0.065214  0.997862  -0.004222  -0.005352  0.003881  0.999978  0.007208  -0.019027  0.003913  -0.005348  -0.039094  0.274672  2.000000  
146.967685 0.016612  0.089591  -0.010180  0.997829  0.065647  0.005353  -0.065625  0.997835  -0.004242  -0.005620  0.003881  0.999977  0.007209  -0.019158  0.003928  -0.005432  -0.048443  0.277154  2.000000  
146.968937 0.016622  0.089567  -0.010175  0.997801  0.066058  0.005484  -0.066035  0.997808  -0.004253  -0.005753  0.003881  0.999976  0.007207  -0.019251  0.003891  -0.005472  -0.052435  0.288516  2.000000  
146.969942 0.016629  0.089547  -0.010171  0.997773  0.066470  0.005616  -0.066446  0.997781  -0.004264  -0.005887  0.003881  0.999975  0.007229  -0.019321  0.003917  -0.005534  -0.057344  0.290800  2.000000  
146.971190 0.016638  0.089523  -0.010165  0.997730  0.067087  0.005880  -0.067062  0.997740  -0.004286  -0.006155  0.003881  0.999974  0.007232  -0.019300  0.004010  -0.005646  -0.066303  0.304762  2.000000  
146.972436 0.016648  0.089498  -0.010161  0.997700  0.067499  0.006146  -0.067473  0.997712  -0.004306  -0.006422  0.003881  0.999972  0.007235  -0.019406  0.003974  -0.005744  -0.070765  0.311657  2.000000  
146.973437 0.016655  0.089479  -0.010156  0.997657  0.068116  0.006410  -0.068089  0.997670  -0.004328  -0.006690  0.003881  0.999970  0.007274  -0.019436  0.004062  -0.005861  -0.079699  0.325499  2.000000  
146.974689 0.016665  0.089454  -0.010151  0.997613  0.068733  0.006674  -0.068705  0.997628  -0.004350  -0.006957  0.003881  0.999968  0.007352  -0.019514  0.004085  -0.005983  -0.088655  0.339431  2.000000  
146.975938 0.016674  0.089429  -0.010145  0.997567  0.069351  0.007072  -0.069321  0.997585  -0.004382  -0.007359  0.003881  0.999965  0.007359  -0.019574  0.004151  -0.006091  -0.102114  0.346376  2.000000  
146.977184 0.016684  0.089404  -0.010140  0.997521  0.069969  0.007470  -0.069937  0.997542  -0.004415  -0.007760  0.003881  0.999962  0.007437  -0.019651  0.004173  -0.006243  -0.115548  0.360252  2.000000  
146.978431 0.016694  0.089379  -0.010134  0.997475  0.070586  0.007867  -0.070553  0.997498  -0.004448  -0.008162  0.003881  0.999959  0.007482  -0.019659  0.004228  -0.006349  -0.127928  0.371074  2.000000  
146.979436 0.016702  0.089359  -0.010130  0.997428  0.071204  0.008265  -0.071169  0.997454  -0.004481  -0.008563  0.003881  0.999956  0.007553  -0.019723  0.004231  -0.006477  -0.141493  0.378551  2.000000  
146.980686 0.016712  0.089334  -0.010124  0.997380  0.071821  0.008663  -0.071784  0.997410  -0.004515  -0.008964  0.003881  0.999952  0.007630  -0.019796  0.004253  -0.006645  -0.155946  0.388159  2.000000  
146.981937 0.016723  0.089309  -0.010118  0.997316  0.072645  0.009193  -0.072605  0.997350  -0.004561  -0.009500  0.003881  0.999947  0.007730  -0.019815  0.004303  -0.006917  -0.169320  0.408876  2.000000  
146.983182 0.016733  0.089284  -0.010113  0.997250  0.073468  0.009723  -0.073426  0.997290  -0.004608  -0.010035  0.003881  0.999942  0.007807  -0.019891  0.004325  -0.007070  -0.185775  0.419442  2.000000  
146.984183 0.016741  0.089263  -0.010109  0.997201  0.074086  0.010120  -0.074042  0.997244  -0.004644  -0.010436  0.003881  0.999938  0.007872  -0.019931  0.004335  -0.007254  -0.199045  0.433089  2.000000  
146.985187 0.016750  0.089243  -0.010104  0.997149  0.074704  0.010651  -0.074657  0.997198  -0.004690  -0.010971  0.003881  0.999932  0.007982  -0.019969  0.004363  -0.007423  -0.216880  0.440061  2.000000  
146.986190 0.016759  0.089222  -0.010100  0.997098  0.075321  0.011048  -0.075273  0.997152  -0.004727  -0.011373  0.003881  0.999928  0.008028  -0.020076  0.004362  -0.007657  -0.227602  0.450576  2.000000  
146.987436 0.016770  0.089196  -0.010095  0.997028  0.076145  0.011711  -0.076093  0.997089  -0.004787  -0.012042  0.003881  0.999920  0.008153  -0.020149  0.004393  -0.007914  -0.247971  0.467582  2.000000  
146.988685 0.016781  0.089170  -0.010090  0.996957  0.076968  0.012374  -0.076914  0.997026  -0.004848  -0.012711  0.003881  0.999912  0.008219  -0.020263  0.004338  -0.004213  -0.267958  0.485428  2.000000  
146.989686 0.016790  0.089149  -0.010086  0.996900  0.077587  0.013038  -0.077529  0.996978  -0.004907  -0.013379  0.003881  0.999903  0.008303  -0.020311  0.004285  -0.004438  -0.290452  0.492491  2.000000  
146.990940 0.016801  0.089123  -0.010081  0.996809  0.078616  0.013833  -0.078554  0.996897  -0.004984  -0.014182  0.003881  0.999892  0.008456  -0.020394  0.004244  -0.004864  -0.312788  0.513219  2.000000  
146.992185 0.016812  0.089096  -0.010078  0.996732  0.079440  0.014629  -0.079374  0.996832  -0.005059  -0.014985  0.003881  0.999880  0.008544  -0.020524  0.004125  -0.005242  -0.335260  0.527209  2.000000  
146.993185 0.016821  0.089074  -0.010074  0.996656  0.080263  0.015292  -0.080194  0.996766  -0.005124  -0.015654  0.003881  0.999870  0.008623  -0.020660  0.004054  -0.005586  -0.354740  0.543571  2.000000  
146.994205 0.016831  0.089053  -0.010071  0.996577  0.081087  0.016088  -0.081013  0.996699  -0.005202  -0.016456  0.003881  0.999857  0.008708  -0.020693  0.003980  -0.006033  -0.379820  0.561567  2.000000  
146.995433 0.016842  0.089026  -0.010066  0.996477  0.082117  0.017016  -0.082038  0.996615  -0.005295  -0.017393  0.003881  0.999841  0.008802  -0.020869  0.003917  -0.006519  -0.403731  0.578156  2.000000  
146.996683 0.016854  0.088998  -0.010062  0.996390  0.082942  0.018078  -0.082857  0.996547  -0.005398  -0.018463  0.003881  0.999822  0.008908  -0.021052  0.003820  -0.007028  -0.434789  0.591844  2.000000  
146.997947 0.016866  0.088970  -0.010058  0.996284  0.083972  0.019139  -0.083881  0.996461  -0.005507  -0.019533  0.003881  0.999802  0.009012  -0.021235  0.003729  -0.007682  -0.461484  0.612550  2.000000  
146.999187 0.016878  0.088942  -0.010054  0.996159  0.085207  0.020198  -0.085109  0.996356  -0.005621  -0.020604  0.003881  0.999780  0.009133  -0.021366  0.003686  -0.008320  -0.492591  0.633212  2.000000  
147.000433 0.016891  0.088914  -0.010050  0.996030  0.086441  0.021257  -0.086338  0.996249  -0.005739  -0.021674  0.003881  0.999758  0.009221  -0.021618  0.003579  -0.009104  -0.523622  0.659378  2.000000  
147.001435 0.016901  0.088891  -0.010047  0.995938  0.087265  0.022185  -0.087156  0.996178  -0.005838  -0.022610  0.003881  0.999737  0.009319  -0.021702  0.003522  -0.009674  -0.546031  0.674685  2.000000  
147.002480 0.016911  0.088868  -0.010044  0.995826  0.088294  0.023112  -0.088179  0.996087  -0.005943  -0.023546  0.003880  0.999715  0.009377  -0.021868  0.003400  -0.010399  -0.567554  0.693034  2.000000  
147.003688 0.016924  0.088838  -0.010040  0.995706  0.089324  0.024305  -0.089202  0.995995  -0.006074  -0.024750  0.003880  0.999686  0.009524  -0.022153  0.003325  -0.011142  -0.599805  0.707999  2.000000  
147.004689 0.016934  0.088815  -0.010037  0.995587  0.090354  0.025364  -0.090224  0.995902  -0.006196  -0.025820  0.003880  0.999659  0.009644  -0.022287  0.003289  -0.011810  -0.626030  0.722900  2.000000  
147.005938 0.016948  0.088785  -0.010033  0.995439  0.091589  0.026689  -0.091451  0.995789  -0.006350  -0.027158  0.003880  0.999624  0.009787  -0.022566  0.003196  -0.012947  -0.658095  0.749716  2.000000  
147.006942 0.016959  0.088761  -0.010031  0.995315  0.092618  0.027747  -0.092473  0.995694  -0.006476  -0.028228  0.003880  0.999594  0.009930  -0.022741  0.003165  -0.013694  -0.684934  0.763554  2.000000  
147.007949 0.016970  0.088736  -0.010028  0.995193  0.093646  0.028673  -0.093495  0.995598  -0.006592  -0.029164  0.003880  0.999567  0.010061  -0.022907  0.003141  -0.014535  -0.707156  0.784190  2.000000  
147.009185 0.016984  0.088706  -0.010024  0.995037  0.094881  0.029996  -0.094720  0.995481  -0.006754  -0.030501  0.003880  0.999527  0.010200  -0.023211  0.003095  -0.015545  -0.734471  0.798547  2.000000  
147.010434 0.016998  0.088675  -0.010020  0.994869  0.096117  0.031585  -0.095944  0.995362  -0.006946  -0.032106  0.003879  0.999477  0.010408  -0.023414  0.003067  -0.016771  -0.774911  0.819496  2.000000  
147.011434 0.017010  0.088649  -0.010018  0.994735  0.097146  0.032643  -0.096965  0.995263  -0.007082  -0.033176  0.003879  0.999442  0.010535  -0.023658  0.002993  -0.017663  -0.797188  0.833247  2.000000  
147.012687 0.017025  0.088618  -0.010014  0.994544  0.098586  0.034096  -0.098393  0.995121  -0.007274  -0.034647  0.003879  0.999392  0.010733  -0.023887  0.003021  -0.018958  -0.828543  0.854066  2.000000  
147.013937 0.017039  0.088585  -0.010010  0.994365  0.099821  0.035684  -0.099616  0.994998  -0.007476  -0.036251  0.003879  0.999335  0.010880  -0.024183  0.002914  -0.020129  -0.861838  0.867818  2.000000  
147.015188 0.017054  0.088553  -0.010007  0.994157  0.101257  0.037414  -0.101042  0.994853  -0.007582  -0.037990  0.003757  0.999271  0.011096  -0.024423  0.002926  -0.017665  -0.900345  0.888777  2.000000  
147.016453 0.017070  0.088521  -0.010003  0.993916  0.102902  0.039264  -0.102672  0.994684  -0.007836  -0.039861  0.003757  0.999198  0.011264  -0.024672  0.002897  -0.019619  -0.945008  0.923349  2.000000  
147.017681 0.017085  0.088488  -0.009999  0.993697  0.104342  0.040981  -0.104097  0.994534  -0.008074  -0.041599  0.003757  0.999127  0.011424  -0.024976  0.002941  -0.021056  -0.977623  0.936786  2.000000  
147.018682 0.017097  0.088460  -0.009996  0.993484  0.105781  0.042431  -0.105522  0.994382  -0.008288  -0.043070  0.003757  0.999065  0.011577  -0.025208  0.002942  -0.022759  -1.008767  0.964355  2.000000  
147.019691 0.017110  0.088433  -0.009993  0.993289  0.107014  0.043883  -0.106743  0.994250  -0.008498  -0.044540  0.003756  0.999001  0.011741  -0.025443  0.002958  -0.024444  -1.039262  0.985958  2.000000  
147.020938 0.017126  0.088399  -0.009988  0.993027  0.108659  0.045729  -0.108369  0.994072  -0.008773  -0.046411  0.003756  0.998915  0.011877  -0.025699  0.002997  -0.026319  -1.071020  1.005669  2.000000  
147.021939 0.017139  0.088372  -0.009985  0.992794  0.110097  0.047311  -0.109792  0.993914  -0.009015  -0.048015  0.003756  0.998840  0.012020  -0.025936  0.003038  -0.028405  -1.106703  1.034735  2.000000  
147.023185 0.017155  0.088337  -0.009981  0.992514  0.111741  0.049288  -0.111416  0.993730  -0.009317  -0.050020  0.003755  0.998741  0.012193  -0.026233  0.003064  -0.030608  -1.142654  1.055631  2.000000  
147.024435 0.017172  0.088302  -0.009977  0.992228  0.113385  0.051264  -0.113039  0.993544  -0.009625  -0.052024  0.003755  0.998639  0.012331  -0.026536  0.003102  -0.032797  -1.182978  1.076429  2.000000  
147.025435 0.017185  0.088273  -0.009974  0.991972  0.114824  0.052975  -0.114458  0.993379  -0.009898  -0.053761  0.003755  0.998547  0.012472  -0.026819  0.003041  -0.035146  -1.214318  1.104143  2.000000  
147.026683 0.017202  0.088236  -0.009970  0.991649  0.116671  0.054947  -0.116283  0.993163  -0.010229  -0.055765  0.003754  0.998437  0.012618  -0.027129  0.003113  -0.037950  -1.241431  1.132067  2.000000  
147.027685 0.017215  0.088207  -0.009968  0.991391  0.118102  0.056539  -0.117701  0.992995  -0.010377  -0.057368  0.003633  0.998346  0.012707  -0.027427  0.003069  -0.036041  -1.268798  1.153152  2.000000  
147.028932 0.017232  0.088169  -0.009964  0.991006  0.120154  0.058904  -0.119725  0.992749  -0.010782  -0.059772  0.003632  0.998205  0.012863  -0.027796  0.003085  -0.039017  -1.306965  1.177780  2.000000  
147.029933 0.017246  0.088139  -0.009961  0.990720  0.121592  0.060744  -0.121139  0.992574  -0.011093  -0.061642  0.003632  0.998092  0.013004  -0.028095  0.003110  -0.041435  -1.342383  1.198266  2.000000  
147.030939 0.017260  0.088108  -0.009958  0.990403  0.123233  0.062581  -0.122756  0.992371  -0.011423  -0.063512  0.003632  0.997974  0.013129  -0.028381  0.003099  -0.044140  -1.380329  1.221961  2.000000  
147.032188 0.017278  0.088069  -0.009955  0.990019  0.125080  0.064945  -0.124572  0.992140  -0.011839  -0.065915  0.003631  0.997819  0.013264  -0.028785  0.003051  -0.047339  -1.422899  1.244673  2.000000  
147.033431 0.017295  0.088030  -0.009951  0.989556  0.127336  0.067566  -0.126790  0.991853  -0.012326  -0.068585  0.003630  0.997639  0.013396  -0.029147  0.003075  -0.051340  -1.467069  1.280880  2.000000  
147.034432 0.017310  0.087999  -0.009947  0.989207  0.128968  0.069546  -0.128402  0.991642  -0.012574  -0.070587  0.003509  0.997499  0.013533  -0.029459  0.003067  -0.050253  -1.498361  1.301452  2.000000  
147.035434 0.017324  0.087967  -0.009945  0.988859  0.130405  0.071778  -0.129806  0.991455  -0.012970  -0.072856  0.003508  0.997336  0.013662  -0.029724  0.003007  -0.053095  -1.538189  1.314989  2.000000  
147.036440 0.017339  0.087935  -0.009942  0.988460  0.132249  0.073870  -0.131617  0.991210  -0.013385  -0.074991  0.003508  0.997178  0.013744  -0.030104  0.002982  -0.057250  -1.577638  1.353375  2.000000  
147.037686 0.017357  0.087894  -0.009939  0.987995  0.134289  0.076370  -0.133626  0.990936  -0.013756  -0.077525  0.003386  0.996985  0.013929  -0.030493  0.002919  -0.056842  -1.623576  1.374873  2.000000  
147.038934 0.017376  0.087854  -0.009935  0.987481  0.136542  0.078982  -0.135834  0.990628  -0.014293  -0.080193  0.003385  0.996774  0.014065  -0.030812  0.002913  -0.061174  -1.663068  1.404320  2.000000  
147.039934 0.017390  0.087820  -0.009933  0.987027  0.138579  0.081082  -0.137843  0.990346  -0.014630  -0.082327  0.003264  0.996600  0.014134  -0.031182  0.002857  -0.061725  -1.699153  1.443301  2.000000  
147.040938 0.017405  0.087787  -0.009930  0.986582  0.140421  0.083299  -0.139645  0.990087  -0.015098  -0.084593  0.003263  0.996410  0.014239  -0.031414  0.002824  -0.065530  -1.729942  1.465981  2.000000  
147.042186 0.017423  0.087745  -0.009927  0.986024  0.142661  0.086053  -0.141844  0.989767  -0.015565  -0.087393  0.003142  0.996169  0.014344  -0.031766  0.002794  -0.067008  -1.779601  1.505053  2.000000  
147.043435 0.017442  0.087704  -0.009924  0.985411  0.145104  0.088933  -0.144242  0.989412  -0.016082  -0.090325  0.003020  0.995908  0.014466  -0.032047  0.002775  -0.068533  -1.824641  1.539531  2.000000  
147.044683 0.017460  0.087661  -0.009921  0.984815  0.147342  0.091813  -0.146433  0.989081  -0.016595  -0.093256  0.002898  0.995638  0.014533  -0.032330  0.002718  -0.073917  -1.863202  1.567744  2.000000  
147.045940 0.017479  0.087618  -0.009918  0.984175  0.149782  0.094687  -0.148824  0.988715  -0.017140  -0.096186  0.002777  0.995359  0.014593  -0.032647  0.002643  -0.075860  -1.905494  1.601040  2.000000  
147.047184 0.017498  0.087576  -0.009916  0.983520  0.152220  0.097559  -0.151211  0.988343  -0.017699  -0.099116  0.002655  0.995072  0.014683  -0.032867  0.002600  -0.077584  -1.939090  1.628992  2.000000  
