1-Time 2-Px 3-Py 4-Pz 5-R11 6-R21 7-R31 8-R12 9-R22 10-R32 11-R13 12-R23 13-R33 14-Vx 15-Vy 16-Vz 17-Wx 18-Wy 19-Wz 20-state 21-PR11 22-PR21 23-PR31 24-PR12 25-PR22 26-PR32 27-PR13 28-PR23 29-PR33 
63.187093 0.006646  0.091971  -0.004908  0.997016  0.076745  0.008345  -0.076918  0.996773  0.022956  -0.006556  -0.023529  0.999702  0.000402  -0.000156  -0.001133  0.000000  0.000000  0.000000  2.000000  
63.188099 0.006647  0.091971  -0.004909  0.997016  0.076745  0.008345  -0.076918  0.996773  0.022956  -0.006556  -0.023529  0.999702  0.000454  -0.000157  -0.001134  0.000000  0.000000  0.000000  2.000000  
63.189354 0.006648  0.091969  -0.004911  0.996984  0.077155  0.008354  -0.077329  0.996741  0.022952  -0.006556  -0.023529  0.999702  0.000528  -0.000268  -0.001194  0.000000  0.000000  0.000000  2.000000  
63.190596 0.006650  0.091967  -0.004913  0.996951  0.077561  0.008506  -0.077739  0.996707  0.023059  -0.006690  -0.023650  0.999698  0.000624  -0.000408  -0.001280  0.000000  0.000000  0.000000  2.000000  
63.191852 0.006652  0.091964  -0.004916  0.996935  0.077766  0.008511  -0.077944  0.996691  0.023057  -0.006690  -0.023650  0.999698  0.000737  -0.000597  -0.001343  0.000000  0.000000  0.000000  2.000000  
63.193099 0.006656  0.091961  -0.004918  0.996903  0.078176  0.008530  -0.078355  0.996656  0.023175  -0.006690  -0.023771  0.999695  0.000934  -0.000761  -0.001390  0.000000  0.000000  0.000000  2.000000  
63.194100 0.006658  0.091959  -0.004920  0.996888  0.078383  0.008411  -0.078560  0.996637  0.023304  -0.006556  -0.023893  0.999693  0.001069  -0.000897  -0.001442  0.000000  0.000000  0.000000  2.000000  
63.195349 0.006662  0.091957  -0.004922  0.996840  0.079001  0.008302  -0.079176  0.996585  0.023431  -0.006422  -0.024014  0.999691  0.001318  -0.001061  -0.001490  0.000000  0.000000  0.000000  2.000000  
63.196596 0.006666  0.091954  -0.004924  0.996791  0.079616  0.008316  -0.079791  0.996536  0.023426  -0.006422  -0.024014  0.999691  0.001537  -0.001253  -0.001560  0.000000  0.000000  0.000000  2.000000  
63.197596 0.006670  0.091951  -0.004927  0.996758  0.080026  0.008336  -0.080202  0.996501  0.023543  -0.006422  -0.024135  0.999688  0.001761  -0.001423  -0.001675  0.000000  0.000000  0.000000  2.000000  
63.198596 0.006673  0.091948  -0.004930  0.996724  0.080433  0.008479  -0.080612  0.996468  0.023529  -0.006556  -0.024135  0.999687  0.001972  -0.001591  -0.001756  0.000000  0.000000  0.000000  2.000000  
63.199605 0.006677  0.091947  -0.004932  0.996674  0.081047  0.008503  -0.081228  0.996415  0.023644  -0.006556  -0.024257  0.999684  0.002217  -0.001708  -0.001859  0.000000  0.000000  0.000000  2.000000  
63.200856 0.006683  0.091944  -0.004934  0.996624  0.081661  0.008527  -0.081843  0.996362  0.023760  -0.006556  -0.024378  0.999681  0.002532  -0.001861  -0.001809  0.000000  0.000000  0.000000  2.000000  
63.202098 0.006688  0.091940  -0.004936  0.996573  0.082277  0.008542  -0.082459  0.996311  0.023755  -0.006556  -0.024378  0.999681  0.002838  -0.002111  -0.001897  0.027263  -0.000145  0.193849  2.000000  
63.203099 0.006692  0.091937  -0.004939  0.996539  0.082686  0.008562  -0.082869  0.996274  0.023872  -0.006556  -0.024499  0.999678  0.003026  -0.002292  -0.001956  0.031253  -0.004985  0.207510  2.000000  
63.204355 0.006697  0.091932  -0.004942  0.996488  0.083305  0.008443  -0.083485  0.996223  0.023878  -0.006422  -0.024499  0.999679  0.003302  -0.002546  -0.002047  0.031118  -0.000987  0.228268  2.000000  
63.205599 0.006702  0.091926  -0.004944  0.996455  0.083717  0.008330  -0.083895  0.996185  0.024007  -0.006288  -0.024620  0.999677  0.003549  -0.002732  -0.002051  0.035130  0.003160  0.242278  2.000000  
63.206602 0.006706  0.091921  -0.004946  0.996420  0.084126  0.008350  -0.084305  0.996148  0.024124  -0.006288  -0.024742  0.999674  0.003688  -0.002916  -0.002048  0.039113  0.002812  0.256083  2.000000  
63.207848 0.006712  0.091914  -0.004949  0.996368  0.084740  0.008375  -0.084921  0.996093  0.024240  -0.006288  -0.024863  0.999671  0.003817  -0.003237  -0.002124  0.043061  0.002294  0.276863  2.000000  
63.208849 0.006717  0.091908  -0.004951  0.996333  0.085149  0.008396  -0.085331  0.996055  0.024357  -0.006288  -0.024984  0.999668  0.003995  -0.003499  -0.002124  0.047046  0.001942  0.290681  2.000000  
63.210098 0.006723  0.091900  -0.004955  0.996298  0.085559  0.008416  -0.085741  0.996017  0.024474  -0.006288  -0.025105  0.999665  0.004120  -0.003842  -0.002234  0.051042  0.001588  0.304569  2.000000  
63.211345 0.006728  0.091890  -0.004959  0.996262  0.085968  0.008437  -0.086151  0.995979  0.024592  -0.006288  -0.025227  0.999662  0.004172  -0.004290  -0.002350  0.054588  0.001222  0.315849  2.000000  
63.212359 0.006732  0.091882  -0.004963  0.996244  0.086172  0.008452  -0.086356  0.995958  0.024711  -0.006288  -0.025348  0.999659  0.004247  -0.004674  -0.002423  0.059085  0.001212  0.318287  2.000000  
63.213594 0.006738  0.091872  -0.004968  0.996210  0.086584  0.008339  -0.086767  0.995919  0.024840  -0.006155  -0.025469  0.999657  0.004289  -0.005109  -0.002582  0.062599  0.005306  0.329623  2.000000  
63.214596 0.006742  0.091863  -0.004972  0.996192  0.086788  0.008355  -0.086972  0.995898  0.024959  -0.006155  -0.025590  0.999654  0.004329  -0.005555  -0.002665  0.067151  0.005160  0.339272  2.000000  
63.215599 0.006746  0.091854  -0.004976  0.996174  0.086992  0.008371  -0.087177  0.995877  0.025078  -0.006155  -0.025712  0.999650  0.004315  -0.006011  -0.002877  0.071169  0.004968  0.346119  2.000000  
63.216605 0.006750  0.091846  -0.004980  0.996156  0.087197  0.008376  -0.087382  0.995859  0.025076  -0.006155  -0.025712  0.999650  0.004279  -0.006479  -0.002998  0.071116  0.004797  0.352988  2.000000  
63.217851 0.006755  0.091834  -0.004984  0.996137  0.087398  0.008525  -0.087587  0.995838  0.025183  -0.006288  -0.025833  0.999646  0.004306  -0.006929  -0.003047  0.075150  0.000111  0.359923  2.000000  
63.218852 0.006759  0.091825  -0.004987  0.996137  0.087398  0.008525  -0.087587  0.995838  0.025183  -0.006288  -0.025833  0.999646  0.004297  -0.007276  -0.003138  0.075190  0.000282  0.352984  2.000000  
63.219853 0.006763  0.091816  -0.004990  0.996119  0.087602  0.008541  -0.087792  0.995817  0.025303  -0.006288  -0.025954  0.999643  0.004231  -0.007644  -0.003181  0.079306  0.000431  0.346045  2.000000  
63.221101 0.006767  0.091804  -0.004994  0.996101  0.087807  0.008546  -0.087997  0.995799  0.025301  -0.006288  -0.025954  0.999643  0.004189  -0.008046  -0.003250  0.075254  0.005077  0.339251  2.000000  
63.222102 0.006770  0.091794  -0.004996  0.996101  0.087806  0.008557  -0.087997  0.995796  0.025422  -0.006288  -0.026075  0.999640  0.004103  -0.008359  -0.003312  0.074639  0.004995  0.336479  2.000000  
63.223353 0.006774  0.091781  -0.004999  0.996101  0.087806  0.008557  -0.087997  0.995796  0.025422  -0.006288  -0.026075  0.999640  0.003982  -0.008655  -0.003234  0.075337  0.005380  0.325387  2.000000  
63.224601 0.006778  0.091768  -0.005002  0.996083  0.088010  0.008573  -0.088202  0.995775  0.025541  -0.006288  -0.026197  0.999637  0.003810  -0.008996  -0.003218  0.075450  0.001193  0.311454  2.000000  
63.225849 0.006782  0.091756  -0.005005  0.996083  0.088010  0.008573  -0.088202  0.995775  0.025541  -0.006288  -0.026197  0.999637  0.003710  -0.009252  -0.003169  0.071542  -0.002801  0.290658  2.000000  
63.227094 0.006785  0.091742  -0.005008  0.996083  0.088009  0.008583  -0.088202  0.995772  0.025661  -0.006288  -0.026318  0.999634  0.003606  -0.009480  -0.003049  0.071049  -0.002467  0.274577  2.000000  
63.228095 0.006788  0.091731  -0.005010  0.996083  0.088009  0.008583  -0.088202  0.995772  0.025661  -0.006288  -0.026318  0.999634  0.003523  -0.009616  -0.002911  0.071130  -0.002120  0.260828  2.000000  
63.229098 0.006791  0.091721  -0.005012  0.996083  0.088007  0.008594  -0.088202  0.995769  0.025782  -0.006288  -0.026439  0.999631  0.003411  -0.009782  -0.002793  0.071248  0.002829  0.240370  2.000000  
63.230099 0.006793  0.091710  -0.005015  0.996083  0.088007  0.008594  -0.088202  0.995769  0.025782  -0.006288  -0.026439  0.999631  0.003223  -0.009954  -0.002713  0.071986  0.003380  0.221652  2.000000  
63.231344 0.006796  0.091696  -0.005018  0.996100  0.087798  0.008732  -0.087997  0.995784  0.025893  -0.006422  -0.026560  0.999627  0.003069  -0.010154  -0.002611  0.071511  -0.000610  0.199123  2.000000  
63.232364 0.006798  0.091684  -0.005021  0.996100  0.087798  0.008732  -0.087997  0.995784  0.025893  -0.006422  -0.026560  0.999627  0.002942  -0.010300  -0.002606  0.071623  -0.000086  0.178481  2.000000  
63.233600 0.006800  0.091670  -0.005025  0.996100  0.087797  0.008743  -0.087997  0.995781  0.026014  -0.006422  -0.026682  0.999623  0.002795  -0.010469  -0.002549  0.000000  0.000000  0.000000  2.000000  
63.234603 0.006802  0.091660  -0.005028  0.996100  0.087797  0.008743  -0.087997  0.995781  0.026014  -0.006422  -0.026682  0.999623  0.002698  -0.010573  -0.002566  0.000000  0.000000  0.000000  2.000000  
63.235851 0.006805  0.091646  -0.005031  0.996100  0.087796  0.008754  -0.087997  0.995778  0.026134  -0.006422  -0.026803  0.999620  0.002540  -0.010692  -0.002552  0.000000  0.000000  0.000000  2.000000  
63.237098 0.006807  0.091633  -0.005034  0.996100  0.087795  0.008764  -0.087997  0.995775  0.026255  -0.006422  -0.026924  0.999617  0.002440  -0.010698  -0.002530  0.000000  0.000000  0.000000  2.000000  
63.238355 0.006809  0.091620  -0.005037  0.996100  0.087794  0.008775  -0.087997  0.995771  0.026376  -0.006422  -0.027045  0.999614  0.002273  -0.010768  -0.002570  0.000000  0.000000  0.000000  2.000000  
63.239598 0.006812  0.091607  -0.005040  0.996100  0.087794  0.008775  -0.087997  0.995771  0.026376  -0.006422  -0.027045  0.999614  0.002230  -0.010778  -0.002551  0.000000  0.000000  0.000000  2.000000  
63.240848 0.006813  0.091594  -0.005043  0.996100  0.087793  0.008786  -0.087997  0.995768  0.026497  -0.006422  -0.027167  0.999610  0.002081  -0.010799  -0.002532  0.000000  0.000000  0.000000  2.000000  
63.242095 0.006815  0.091581  -0.005045  0.996100  0.087792  0.008796  -0.087997  0.995765  0.026618  -0.006422  -0.027288  0.999607  0.001999  -0.010736  -0.002432  0.000000  0.000000  0.000000  2.000000  
63.243096 0.006817  0.091572  -0.005045  0.996100  0.087792  0.008796  -0.087997  0.995765  0.026618  -0.006422  -0.027288  0.999607  0.001941  -0.010675  -0.002348  0.000000  0.000000  0.000000  2.000000  
63.244098 0.006819  0.091562  -0.005046  0.996100  0.087790  0.008807  -0.087997  0.995762  0.026738  -0.006422  -0.027409  0.999604  0.001881  -0.010568  -0.002274  0.000000  0.000000  0.000000  2.000000  
63.245100 0.006821  0.091553  -0.005047  0.996100  0.087790  0.008807  -0.087997  0.995762  0.026738  -0.006422  -0.027409  0.999604  0.001881  -0.010475  -0.002151  0.000000  0.000000  0.000000  2.000000  
63.246354 0.006824  0.091541  -0.005048  0.996100  0.087789  0.008818  -0.087997  0.995759  0.026859  -0.006422  -0.027530  0.999600  0.001862  -0.010321  -0.002000  0.000000  0.000000  0.000000  2.000000  
63.247596 0.006826  0.091529  -0.005050  0.996100  0.087789  0.008818  -0.087997  0.995759  0.026859  -0.006422  -0.027530  0.999600  0.001846  -0.010243  -0.001905  0.000000  0.000000  0.000000  2.000000  
63.248848 0.006829  0.091516  -0.005052  0.996100  0.087788  0.008828  -0.087997  0.995755  0.026980  -0.006422  -0.027652  0.999597  0.001848  -0.010113  -0.001779  0.000000  0.000000  0.000000  2.000000  
63.249850 0.006831  0.091507  -0.005054  0.996100  0.087788  0.008828  -0.087997  0.995755  0.026980  -0.006422  -0.027652  0.999597  0.001890  -0.009980  -0.001660  0.000000  0.000000  0.000000  2.000000  
63.250854 0.006834  0.091499  -0.005055  0.996101  0.087791  0.008706  -0.087997  0.995752  0.027113  -0.006288  -0.027773  0.999594  0.001940  -0.009841  -0.001549  0.000000  0.000000  0.000000  2.000000  
63.252100 0.006837  0.091487  -0.005057  0.996101  0.087790  0.008716  -0.087997  0.995748  0.027233  -0.006288  -0.027894  0.999591  0.002004  -0.009708  -0.001473  0.000000  0.000000  0.000000  2.000000  
63.253353 0.006841  0.091477  -0.005058  0.996083  0.087994  0.008733  -0.088202  0.995727  0.027352  -0.006288  -0.028015  0.999588  0.002139  -0.009542  -0.001357  0.000000  0.000000  0.000000  2.000000  
63.254357 0.006844  0.091468  -0.005060  0.996083  0.087994  0.008733  -0.088202  0.995727  0.027352  -0.006288  -0.028015  0.999588  0.002182  -0.009432  -0.001322  0.000000  0.000000  0.000000  2.000000  
63.255598 0.006847  0.091456  -0.005062  0.996083  0.087993  0.008743  -0.088202  0.995724  0.027473  -0.006288  -0.028137  0.999584  0.002313  -0.009307  -0.001284  0.000000  0.000000  0.000000  2.000000  
63.256600 0.006851  0.091448  -0.005063  0.996082  0.087988  0.008887  -0.088202  0.995721  0.027582  -0.006422  -0.028258  0.999580  0.002425  -0.009207  -0.001301  0.000000  0.000000  0.000000  2.000000  
63.257848 0.006855  0.091437  -0.005064  0.996082  0.087987  0.008898  -0.088202  0.995717  0.027703  -0.006422  -0.028379  0.999577  0.002520  -0.009115  -0.001299  0.000000  0.000000  0.000000  2.000000  
63.259094 0.006859  0.091427  -0.005065  0.996083  0.087990  0.008775  -0.088202  0.995714  0.027835  -0.006288  -0.028500  0.999574  0.002669  -0.009016  -0.001284  0.000000  0.000000  0.000000  2.000000  
63.260098 0.006863  0.091418  -0.005066  0.996083  0.087988  0.008786  -0.088202  0.995710  0.027956  -0.006288  -0.028622  0.999571  0.002744  -0.008966  -0.001277  0.000000  0.000000  0.000000  2.000000  
63.261345 0.006867  0.091408  -0.005067  0.996083  0.087988  0.008786  -0.088202  0.995710  0.027956  -0.006288  -0.028622  0.999571  0.002873  -0.008843  -0.001240  0.000000  0.000000  0.000000  2.000000  
63.262360 0.006871  0.091400  -0.005067  0.996083  0.087987  0.008797  -0.088202  0.995707  0.028077  -0.006288  -0.028743  0.999567  0.003036  -0.008681  -0.001117  0.000000  0.000000  0.000000  2.000000  
63.263596 0.006875  0.091391  -0.005067  0.996083  0.087986  0.008807  -0.088202  0.995703  0.028198  -0.006288  -0.028864  0.999564  0.003173  -0.008525  -0.000989  0.000000  0.000000  0.000000  2.000000  
63.264596 0.006879  0.091383  -0.005067  0.996083  0.087986  0.008807  -0.088202  0.995703  0.028198  -0.006288  -0.028864  0.999564  0.003242  -0.008436  -0.000956  0.000000  0.000000  0.000000  2.000000  
63.265846 0.006884  0.091374  -0.005067  0.996083  0.087985  0.008818  -0.088202  0.995700  0.028319  -0.006288  -0.028985  0.999560  0.003344  -0.008304  -0.000850  0.000000  0.000000  0.000000  2.000000  
63.267102 0.006889  0.091365  -0.005067  0.996065  0.088190  0.008824  -0.088407  0.995682  0.028317  -0.006288  -0.028985  0.999560  0.003475  -0.008172  -0.000709  0.000000  0.000000  0.000000  2.000000  
63.268354 0.006894  0.091355  -0.005068  0.996065  0.088189  0.008835  -0.088407  0.995678  0.028437  -0.006288  -0.029107  0.999557  0.003558  -0.008058  -0.000655  0.000000  0.000000  0.000000  2.000000  
63.269355 0.006898  0.091348  -0.005068  0.996065  0.088188  0.008845  -0.088407  0.995675  0.028558  -0.006288  -0.029228  0.999553  0.003638  -0.007949  -0.000574  0.000000  0.000000  0.000000  2.000000  
63.270356 0.006902  0.091341  -0.005069  0.996065  0.088188  0.008845  -0.088407  0.995675  0.028558  -0.006288  -0.029228  0.999553  0.003709  -0.007859  -0.000470  0.000000  0.000000  0.000000  2.000000  
63.271601 0.006907  0.091331  -0.005070  0.996065  0.088187  0.008856  -0.088407  0.995671  0.028679  -0.006288  -0.029349  0.999549  0.003774  -0.007810  -0.000427  0.000000  0.000000  0.000000  2.000000  
63.272602 0.006911  0.091322  -0.005071  0.996065  0.088186  0.008867  -0.088407  0.995668  0.028800  -0.006288  -0.029470  0.999546  0.003817  -0.007786  -0.000441  0.000000  0.000000  0.000000  2.000000  
63.273850 0.006916  0.091312  -0.005072  0.996046  0.088390  0.008883  -0.088612  0.995646  0.028919  -0.006288  -0.029592  0.999542  0.003839  -0.007816  -0.000465  0.000000  0.000000  0.000000  2.000000  
63.274851 0.006919  0.091303  -0.005073  0.996046  0.088389  0.008894  -0.088612  0.995643  0.029039  -0.006288  -0.029713  0.999539  0.003845  -0.007798  -0.000510  0.000000  0.000000  0.000000  2.000000  
63.275851 0.006923  0.091295  -0.005074  0.996046  0.088388  0.008905  -0.088612  0.995639  0.029160  -0.006288  -0.029834  0.999535  0.003899  -0.007801  -0.000513  0.000000  0.000000  0.000000  2.000000  
63.276851 0.006927  0.091286  -0.005075  0.996046  0.088387  0.008915  -0.088612  0.995636  0.029281  -0.006288  -0.029955  0.999531  0.003889  -0.007860  -0.000558  0.000000  0.000000  0.000000  2.000000  
63.278099 0.006932  0.091276  -0.005077  0.996028  0.088591  0.008932  -0.088817  0.995614  0.029400  -0.006288  -0.030077  0.999528  0.003896  -0.007927  -0.000638  0.000000  0.000000  0.000000  2.000000  
63.279354 0.006937  0.091265  -0.005077  0.996028  0.088591  0.008932  -0.088817  0.995614  0.029400  -0.006288  -0.030077  0.999528  0.003932  -0.008003  -0.000640  0.000000  0.000000  0.000000  2.000000  
63.280594 0.006942  0.091254  -0.005078  0.996028  0.088589  0.008943  -0.088817  0.995610  0.029521  -0.006288  -0.030198  0.999524  0.003914  -0.008141  -0.000688  0.000000  0.000000  0.000000  2.000000  
63.281596 0.006946  0.091245  -0.005078  0.996028  0.088588  0.008954  -0.088817  0.995607  0.029641  -0.006288  -0.030319  0.999520  0.003913  -0.008222  -0.000721  0.000000  0.000000  0.000000  2.000000  
63.282601 0.006950  0.091236  -0.005079  0.996010  0.088793  0.008960  -0.089022  0.995589  0.029640  -0.006288  -0.030319  0.999520  0.003900  -0.008368  -0.000797  0.000000  0.000000  0.000000  2.000000  
63.283603 0.006954  0.091227  -0.005079  0.996010  0.088792  0.008971  -0.089022  0.995585  0.029760  -0.006288  -0.030440  0.999517  0.003924  -0.008422  -0.000778  0.000000  0.000000  0.000000  2.000000  
63.284848 0.006959  0.091216  -0.005080  0.996010  0.088791  0.008981  -0.089022  0.995581  0.029881  -0.006288  -0.030561  0.999513  0.003883  -0.008545  -0.000786  0.000000  0.000000  0.000000  2.000000  
63.285857 0.006962  0.091207  -0.005081  0.996010  0.088791  0.008981  -0.089022  0.995581  0.029881  -0.006288  -0.030561  0.999513  0.003872  -0.008654  -0.000772  0.000000  0.000000  0.000000  2.000000  
63.287099 0.006967  0.091195  -0.005081  0.996010  0.088790  0.008992  -0.089022  0.995578  0.030002  -0.006288  -0.030683  0.999509  0.003911  -0.008749  -0.000731  0.000000  0.000000  0.000000  2.000000  
63.288352 0.006973  0.091183  -0.005082  0.995991  0.088994  0.009009  -0.089227  0.995556  0.030121  -0.006288  -0.030804  0.999506  0.003944  -0.008850  -0.000688  0.000000  0.000000  0.000000  2.000000  
63.289355 0.006977  0.091173  -0.005083  0.995991  0.088994  0.009009  -0.089227  0.995556  0.030121  -0.006288  -0.030804  0.999506  0.003953  -0.008961  -0.000711  0.000000  0.000000  0.000000  2.000000  
63.290364 0.006981  0.091163  -0.005084  0.995991  0.088993  0.009020  -0.089227  0.995552  0.030242  -0.006288  -0.030925  0.999502  0.003939  -0.009071  -0.000695  0.000000  0.000000  0.000000  2.000000  
63.291598 0.006986  0.091150  -0.005086  0.995991  0.088992  0.009031  -0.089227  0.995548  0.030362  -0.006288  -0.031046  0.999498  0.003985  -0.009229  -0.000735  0.000000  0.000000  0.000000  2.000000  
63.292844 0.006991  0.091136  -0.005088  0.995991  0.088991  0.009041  -0.089227  0.995545  0.030483  -0.006288  -0.031168  0.999494  0.004030  -0.009412  -0.000760  0.000000  0.000000  0.000000  2.000000  
63.293846 0.006996  0.091126  -0.005089  0.995991  0.088991  0.009041  -0.089227  0.995545  0.030483  -0.006288  -0.031168  0.999494  0.004062  -0.009552  -0.000850  0.000000  0.000000  0.000000  2.000000  
63.295099 0.007002  0.091112  -0.005091  0.995991  0.088990  0.009052  -0.089227  0.995541  0.030604  -0.006288  -0.031289  0.999491  0.004121  -0.009745  -0.000910  0.000000  0.000000  0.000000  2.000000  
63.296351 0.007008  0.091098  -0.005094  0.995991  0.088988  0.009063  -0.089227  0.995537  0.030725  -0.006288  -0.031410  0.999487  0.004217  -0.009971  -0.001029  0.000000  0.000000  0.000000  2.000000  
63.297596 0.007014  0.091084  -0.005095  0.995991  0.088987  0.009074  -0.089227  0.995534  0.030845  -0.006288  -0.031531  0.999483  0.004285  -0.010161  -0.001076  0.000000  0.000000  0.000000  2.000000  
63.298596 0.007019  0.091072  -0.005097  0.995991  0.088987  0.009074  -0.089227  0.995534  0.030845  -0.006288  -0.031531  0.999483  0.004350  -0.010333  -0.001181  0.000000  0.000000  0.000000  2.000000  
63.299599 0.007024  0.091061  -0.005099  0.995973  0.089191  0.009091  -0.089432  0.995511  0.030964  -0.006288  -0.031653  0.999479  0.004443  -0.010534  -0.001224  0.000000  0.000000  0.000000  2.000000  
63.300602 0.007030  0.091050  -0.005100  0.995974  0.089195  0.008958  -0.089433  0.995511  0.030976  -0.006155  -0.031653  0.999480  0.004559  -0.010630  -0.001237  0.000000  0.000000  0.000000  2.000000  
63.301848 0.007037  0.091035  -0.005101  0.995974  0.089195  0.008958  -0.089433  0.995511  0.030976  -0.006155  -0.031653  0.999480  0.004683  -0.010826  -0.001333  0.000000  0.000000  0.000000  2.000000  
63.302849 0.007042  0.091024  -0.005103  0.995974  0.089195  0.008958  -0.089433  0.995511  0.030976  -0.006155  -0.031653  0.999480  0.004799  -0.010963  -0.001380  0.000000  0.000000  0.000000  2.000000  
63.304098 0.007050  0.091010  -0.005104  0.995974  0.089194  0.008969  -0.089433  0.995507  0.031097  -0.006155  -0.031774  0.999476  0.004925  -0.011110  -0.001399  0.000000  0.000000  0.000000  2.000000  
63.305098 0.007056  0.090998  -0.005106  0.995974  0.089194  0.008969  -0.089433  0.995507  0.031097  -0.006155  -0.031774  0.999476  0.005044  -0.011196  -0.001442  0.000000  0.000000  0.000000  2.000000  
63.306098 0.007062  0.090986  -0.005106  0.995974  0.089194  0.008969  -0.089433  0.995507  0.031097  -0.006155  -0.031774  0.999476  0.005215  -0.011280  -0.001414  0.000000  0.000000  0.000000  2.000000  
63.307351 0.007070  0.090972  -0.005108  0.995974  0.089194  0.008969  -0.089433  0.995507  0.031097  -0.006155  -0.031774  0.999476  0.005372  -0.011369  -0.001426  0.000000  0.000000  0.000000  2.000000  
63.308599 0.007078  0.090956  -0.005110  0.995974  0.089193  0.008979  -0.089433  0.995504  0.031218  -0.006155  -0.031895  0.999472  0.005535  -0.011506  -0.001442  0.000000  0.000000  0.000000  2.000000  
63.309844 0.007086  0.090942  -0.005112  0.995974  0.089193  0.008979  -0.089433  0.995504  0.031218  -0.006155  -0.031895  0.999472  0.005695  -0.011534  -0.001409  0.000000  0.000000  0.000000  2.000000  
63.310844 0.007093  0.090930  -0.005114  0.995955  0.089398  0.008986  -0.089638  0.995485  0.031216  -0.006155  -0.031895  0.999472  0.005839  -0.011620  -0.001417  0.000000  0.000000  0.000000  2.000000  
63.311910 0.007100  0.090917  -0.005116  0.995955  0.089397  0.008997  -0.089638  0.995481  0.031337  -0.006155  -0.032016  0.999468  0.005959  -0.011666  -0.001414  0.000000  0.000000  0.000000  2.000000  
63.313094 0.007109  0.090901  -0.005118  0.995955  0.089397  0.008997  -0.089638  0.995481  0.031337  -0.006155  -0.032016  0.999468  0.006167  -0.011787  -0.001408  0.000000  0.000000  0.000000  2.000000  
63.314358 0.007118  0.090886  -0.005120  0.995956  0.089401  0.008864  -0.089638  0.995481  0.031349  -0.006021  -0.032016  0.999469  0.006332  -0.011867  -0.001484  0.000000  0.000000  0.000000  2.000000  
63.315594 0.007127  0.090870  -0.005123  0.995956  0.089400  0.008874  -0.089638  0.995477  0.031469  -0.006021  -0.032138  0.999465  0.006458  -0.011988  -0.001552  0.000000  0.000000  0.000000  2.000000  
63.316599 0.007134  0.090857  -0.005125  0.995938  0.089605  0.008881  -0.089843  0.995459  0.031468  -0.006021  -0.032138  0.999465  0.006613  -0.012075  -0.001593  0.000000  0.000000  0.000000  2.000000  
63.317602 0.007142  0.090845  -0.005127  0.995938  0.089605  0.008881  -0.089843  0.995459  0.031468  -0.006021  -0.032138  0.999465  0.006723  -0.012144  -0.001678  0.000000  0.000000  0.000000  2.000000  
63.318849 0.007151  0.090828  -0.005130  0.995938  0.089605  0.008881  -0.089843  0.995459  0.031468  -0.006021  -0.032138  0.999465  0.006872  -0.012303  -0.001730  0.000000  0.000000  0.000000  2.000000  
63.319849 0.007159  0.090816  -0.005131  0.995919  0.089810  0.008887  -0.090048  0.995440  0.031466  -0.006021  -0.032138  0.999465  0.007010  -0.012366  -0.001749  0.000000  0.000000  0.000000  2.000000  
63.321100 0.007168  0.090799  -0.005134  0.995919  0.089810  0.008887  -0.090048  0.995440  0.031466  -0.006021  -0.032138  0.999465  0.007092  -0.012497  -0.001812  0.000000  0.000000  0.000000  2.000000  
63.322363 0.007178  0.090783  -0.005136  0.995919  0.089810  0.008887  -0.090048  0.995440  0.031466  -0.006021  -0.032138  0.999465  0.007217  -0.012539  -0.001827  0.000000  0.000000  0.000000  2.000000  
63.323599 0.007188  0.090768  -0.005137  0.995901  0.090019  0.008761  -0.090253  0.995421  0.031476  -0.005887  -0.032138  0.999466  0.007363  -0.012586  -0.001778  0.000000  0.000000  0.000000  2.000000  
63.324849 0.007198  0.090751  -0.005139  0.995901  0.090019  0.008761  -0.090253  0.995421  0.031476  -0.005887  -0.032138  0.999466  0.007471  -0.012669  -0.001795  0.000000  0.000000  0.000000  2.000000  
63.325849 0.007205  0.090738  -0.005140  0.995883  0.090224  0.008767  -0.090458  0.995403  0.031474  -0.005887  -0.032138  0.999466  0.007511  -0.012755  -0.001797  0.000000  0.000000  0.000000  2.000000  
63.327098 0.007215  0.090721  -0.005142  0.995883  0.090224  0.008767  -0.090458  0.995403  0.031474  -0.005887  -0.032138  0.999466  0.007545  -0.012880  -0.001721  0.000000  0.000000  0.000000  2.000000  
63.328351 0.007224  0.090704  -0.005144  0.995865  0.090433  0.008640  -0.090663  0.995384  0.031484  -0.005753  -0.032138  0.999467  0.007661  -0.013047  -0.001704  0.000000  0.000000  0.000000  2.000000  
63.329352 0.007232  0.090691  -0.005145  0.995865  0.090433  0.008640  -0.090663  0.995384  0.031484  -0.005753  -0.032138  0.999467  0.007605  -0.012977  -0.001666  0.000000  0.000000  0.000000  2.000000  
63.330358 0.007239  0.090678  -0.005147  0.995865  0.090433  0.008640  -0.090663  0.995384  0.031484  -0.005753  -0.032138  0.999467  0.007619  -0.013015  -0.001617  0.000000  0.000000  0.000000  2.000000  
63.331598 0.007248  0.090661  -0.005149  0.995846  0.090638  0.008647  -0.090868  0.995365  0.031483  -0.005753  -0.032138  0.999467  0.007593  -0.013107  -0.001607  0.000000  0.000000  0.000000  2.000000  
63.332599 0.007255  0.090646  -0.005150  0.995846  0.090638  0.008647  -0.090868  0.995365  0.031483  -0.005753  -0.032138  0.999467  0.007561  -0.013207  -0.001526  0.000000  0.000000  0.000000  2.000000  
63.333600 0.007262  0.090632  -0.005152  0.995828  0.090848  0.008520  -0.091073  0.995346  0.031493  -0.005620  -0.032138  0.999468  0.007543  -0.013264  -0.001509  0.000000  0.000000  0.000000  2.000000  
63.334603 0.007269  0.090619  -0.005154  0.995828  0.090848  0.008520  -0.091073  0.995346  0.031493  -0.005620  -0.032138  0.999468  0.007511  -0.013340  -0.001500  0.000000  0.000000  0.000000  2.000000  
63.335629 0.007276  0.090605  -0.005155  0.995828  0.090848  0.008520  -0.091073  0.995346  0.031493  -0.005620  -0.032138  0.999468  0.007419  -0.013394  -0.001430  0.000000  0.000000  0.000000  2.000000  
63.336848 0.007285  0.090587  -0.005157  0.995810  0.091053  0.008527  -0.091278  0.995327  0.031491  -0.005620  -0.032138  0.999468  0.007342  -0.013549  -0.001466  0.000000  0.000000  0.000000  2.000000  
63.337849 0.007292  0.090572  -0.005158  0.995810  0.091057  0.008394  -0.091278  0.995327  0.031504  -0.005486  -0.032138  0.999468  0.007284  -0.013663  -0.001423  0.000000  0.000000  0.000000  2.000000  
63.338849 0.007298  0.090558  -0.005158  0.995792  0.091262  0.008400  -0.091483  0.995308  0.031502  -0.005486  -0.032138  0.999468  0.007204  -0.013742  -0.001383  0.000000  0.000000  0.000000  2.000000  
63.340098 0.007306  0.090540  -0.005159  0.995792  0.091262  0.008400  -0.091483  0.995308  0.031502  -0.005486  -0.032138  0.999468  0.007085  -0.013868  -0.001318  0.000000  0.000000  0.000000  2.000000  
63.341098 0.007312  0.090526  -0.005160  0.995773  0.091471  0.008273  -0.091688  0.995289  0.031512  -0.005352  -0.032138  0.999469  0.006972  -0.013971  -0.001300  0.000000  0.000000  0.000000  2.000000  
63.342360 0.007320  0.090507  -0.005161  0.995773  0.091471  0.008273  -0.091688  0.995289  0.031512  -0.005352  -0.032138  0.999469  0.006840  -0.014062  -0.001245  0.000000  0.000000  0.000000  2.000000  
63.343594 0.007327  0.090489  -0.005161  0.995773  0.091471  0.008273  -0.091688  0.995289  0.031512  -0.005352  -0.032138  0.999469  0.006756  -0.014156  -0.001158  0.000000  0.000000  0.000000  2.000000  
63.344600 0.007333  0.090475  -0.005162  0.995755  0.091680  0.008147  -0.091893  0.995270  0.031523  -0.005218  -0.032138  0.999470  0.006642  -0.014215  -0.001061  0.000000  0.000000  0.000000  2.000000  
63.345600 0.007339  0.090460  -0.005162  0.995755  0.091680  0.008147  -0.091893  0.995270  0.031523  -0.005218  -0.032138  0.999470  0.006542  -0.014311  -0.000940  0.000000  0.000000  0.000000  2.000000  
63.346844 0.007346  0.090442  -0.005162  0.995736  0.091885  0.008153  -0.092098  0.995251  0.031521  -0.005218  -0.032138  0.999470  0.006434  -0.014357  -0.000832  0.000000  0.000000  0.000000  2.000000  
63.347844 0.007352  0.090427  -0.005162  0.995736  0.091885  0.008153  -0.092098  0.995251  0.031521  -0.005218  -0.032138  0.999470  0.006349  -0.014371  -0.000714  0.000000  0.000000  0.000000  2.000000  
63.348844 0.007358  0.090412  -0.005161  0.995736  0.091885  0.008153  -0.092098  0.995251  0.031521  -0.005218  -0.032138  0.999470  0.006252  -0.014469  -0.000595  0.000000  0.000000  0.000000  2.000000  
63.349847 0.007363  0.090398  -0.005161  0.995718  0.092094  0.008027  -0.092303  0.995232  0.031532  -0.005084  -0.032138  0.999471  0.006167  -0.014482  -0.000476  0.000000  0.000000  0.000000  2.000000  
63.350851 0.007369  0.090383  -0.005160  0.995718  0.092094  0.008027  -0.092303  0.995232  0.031532  -0.005084  -0.032138  0.999471  0.006069  -0.014538  -0.000300  0.000000  0.000000  0.000000  2.000000  
63.352099 0.007376  0.090365  -0.005159  0.995718  0.092094  0.008027  -0.092303  0.995232  0.031532  -0.005084  -0.032138  0.999471  0.005995  -0.014589  -0.000168  0.000000  0.000000  0.000000  2.000000  
63.353099 0.007382  0.090350  -0.005159  0.995699  0.092299  0.008033  -0.092508  0.995213  0.031530  -0.005084  -0.032138  0.999471  0.005919  -0.014635  -0.000036  0.000000  0.000000  0.000000  2.000000  
63.354363 0.007389  0.090331  -0.005158  0.995699  0.092299  0.008033  -0.092508  0.995213  0.031530  -0.005084  -0.032138  0.999471  0.005846  -0.014658  0.000061  0.000000  0.000000  0.000000  2.000000  
63.355599 0.007396  0.090312  -0.005157  0.995680  0.092504  0.008039  -0.092713  0.995194  0.031529  -0.005084  -0.032138  0.999471  0.005787  -0.014727  0.000229  0.000000  0.000000  0.000000  2.000000  
63.356848 0.007402  0.090293  -0.005156  0.995680  0.092504  0.008039  -0.092713  0.995194  0.031529  -0.005084  -0.032138  0.999471  0.005710  -0.014769  0.000359  0.000000  0.000000  0.000000  2.000000  
63.358096 0.007410  0.090275  -0.005154  0.995661  0.092713  0.007913  -0.092918  0.995174  0.031539  -0.004951  -0.032138  0.999471  0.005704  -0.014780  0.000542  0.000000  0.000000  0.000000  2.000000  
63.359097 0.007415  0.090259  -0.005152  0.995661  0.092713  0.007913  -0.092918  0.995174  0.031539  -0.004951  -0.032138  0.999471  0.005640  -0.014859  0.000630  0.000000  0.000000  0.000000  2.000000  
63.360098 0.007421  0.090244  -0.005151  0.995661  0.092713  0.007913  -0.092918  0.995174  0.031539  -0.004951  -0.032138  0.999471  0.005639  -0.014848  0.000769  0.000000  0.000000  0.000000  2.000000  
63.361350 0.007427  0.090225  -0.005148  0.995642  0.092918  0.007919  -0.093123  0.995155  0.031538  -0.004951  -0.032138  0.999471  0.005596  -0.014918  0.000892  0.000000  0.000000  0.000000  2.000000  
63.362362 0.007433  0.090210  -0.005147  0.995642  0.092918  0.007919  -0.093123  0.995155  0.031538  -0.004951  -0.032138  0.999471  0.005591  -0.014901  0.000981  0.000000  0.000000  0.000000  2.000000  
63.363599 0.007440  0.090192  -0.005145  0.995623  0.093122  0.007937  -0.093328  0.995132  0.031657  -0.004951  -0.032259  0.999467  0.005571  -0.014957  0.001111  0.000000  0.000000  0.000000  2.000000  
63.364844 0.007446  0.090173  -0.005142  0.995623  0.093122  0.007937  -0.093328  0.995132  0.031657  -0.004951  -0.032259  0.999467  0.005527  -0.015021  0.001229  0.000000  0.000000  0.000000  2.000000  
63.365846 0.007451  0.090157  -0.005140  0.995604  0.093327  0.007944  -0.093533  0.995113  0.031655  -0.004951  -0.032259  0.999467  0.005473  -0.015094  0.001336  0.000000  0.000000  0.000000  2.000000  
63.366847 0.007456  0.090142  -0.005138  0.995604  0.093327  0.007944  -0.093533  0.995113  0.031655  -0.004951  -0.032259  0.999467  0.005440  -0.015107  0.001452  0.000000  0.000000  0.000000  2.000000  
63.367849 0.007461  0.090126  -0.005136  0.995585  0.093532  0.007950  -0.093738  0.995094  0.031654  -0.004951  -0.032259  0.999467  0.005420  -0.015127  0.001533  0.000000  0.000000  0.000000  2.000000  
63.369099 0.007468  0.090107  -0.005133  0.995585  0.093532  0.007950  -0.093738  0.995094  0.031654  -0.004951  -0.032259  0.999467  0.005367  -0.015171  0.001685  0.000000  0.000000  0.000000  2.000000  
63.370363 0.007474  0.090088  -0.005131  0.995565  0.093736  0.007957  -0.093943  0.995074  0.031652  -0.004951  -0.032259  0.999467  0.005320  -0.015197  0.001709  0.000000  0.000000  0.000000  2.000000  
63.371596 0.007480  0.090068  -0.005129  0.995565  0.093735  0.007968  -0.093943  0.995070  0.031773  -0.004951  -0.032380  0.999463  0.005252  -0.015295  0.001798  0.000000  0.000000  0.000000  2.000000  
63.372600 0.007485  0.090052  -0.005127  0.995565  0.093731  0.008101  -0.093943  0.995071  0.031760  -0.005084  -0.032380  0.999463  0.005230  -0.015333  0.001846  0.000000  0.000000  0.000000  2.000000  
63.373849 0.007491  0.090032  -0.005125  0.995545  0.093936  0.008108  -0.094148  0.995052  0.031758  -0.005084  -0.032380  0.999463  0.005171  -0.015444  0.001863  0.000000  0.000000  0.000000  2.000000  
63.374849 0.007497  0.090016  -0.005123  0.995545  0.093936  0.008108  -0.094148  0.995052  0.031758  -0.005084  -0.032380  0.999463  0.005134  -0.015498  0.001890  0.000000  0.000000  0.000000  2.000000  
63.376101 0.007502  0.089995  -0.005120  0.995526  0.094140  0.008126  -0.094353  0.995028  0.031877  -0.005084  -0.032501  0.999459  0.005074  -0.015607  0.001907  0.000000  0.000000  0.000000  2.000000  
63.377346 0.007508  0.089975  -0.005118  0.995526  0.094140  0.008126  -0.094353  0.995028  0.031877  -0.005084  -0.032501  0.999459  0.004992  -0.015731  0.001937  0.000000  0.000000  0.000000  2.000000  
63.378348 0.007513  0.089958  -0.005116  0.995506  0.094345  0.008132  -0.094558  0.995009  0.031876  -0.005084  -0.032501  0.999459  0.004954  -0.015824  0.001941  0.000000  0.000000  0.000000  2.000000  
63.379594 0.007518  0.089937  -0.005114  0.995506  0.094345  0.008132  -0.094558  0.995009  0.031876  -0.005084  -0.032501  0.999459  0.004891  -0.015958  0.001945  0.000000  0.000000  0.000000  2.000000  
63.380597 0.007523  0.089920  -0.005111  0.995506  0.094345  0.008132  -0.094558  0.995009  0.031876  -0.005084  -0.032501  0.999459  0.004862  -0.016035  0.001982  0.000000  0.000000  0.000000  2.000000  
63.381845 0.007529  0.089900  -0.005109  0.995488  0.094553  0.008017  -0.094763  0.994985  0.032007  -0.004951  -0.032623  0.999455  0.004821  -0.016126  0.001918  0.000000  0.000000  0.000000  2.000000  
63.383099 0.007534  0.089879  -0.005106  0.995488  0.094553  0.008017  -0.094763  0.994985  0.032007  -0.004951  -0.032623  0.999455  0.004757  -0.016255  0.001981  0.000000  0.000000  0.000000  2.000000  
63.384102 0.007539  0.089861  -0.005104  0.995468  0.094758  0.008024  -0.094968  0.994966  0.032006  -0.004951  -0.032623  0.999455  0.004732  -0.016377  0.001952  0.000000  0.000000  0.000000  2.000000  
63.385353 0.007544  0.089841  -0.005101  0.995468  0.094758  0.008024  -0.094968  0.994966  0.032006  -0.004951  -0.032623  0.999455  0.004693  -0.016480  0.002013  0.000000  0.000000  0.000000  2.000000  
63.386361 0.007549  0.089824  -0.005099  0.995468  0.094758  0.008024  -0.094968  0.994966  0.032006  -0.004951  -0.032623  0.999455  0.004683  -0.016525  0.001992  0.000000  0.000000  0.000000  2.000000  
63.387600 0.007555  0.089803  -0.005096  0.995448  0.094962  0.008042  -0.095173  0.994942  0.032125  -0.004951  -0.032744  0.999452  0.004647  -0.016626  0.002069  0.000000  0.000000  0.000000  2.000000  
63.388849 0.007560  0.089781  -0.005094  0.995448  0.094962  0.008042  -0.095173  0.994942  0.032125  -0.004951  -0.032744  0.999452  0.004598  -0.016731  0.002049  0.000000  0.000000  0.000000  2.000000  
63.390099 0.007567  0.089760  -0.005091  0.995429  0.095166  0.008048  -0.095378  0.994923  0.032123  -0.004951  -0.032744  0.999452  0.004609  -0.016812  0.002121  0.000000  0.000000  0.000000  2.000000  
63.391101 0.007571  0.089743  -0.005088  0.995429  0.095166  0.008048  -0.095378  0.994923  0.032123  -0.004951  -0.032744  0.999452  0.004603  -0.016840  0.002169  0.000000  0.000000  0.000000  2.000000  
63.392359 0.007577  0.089721  -0.005085  0.995429  0.095165  0.008060  -0.095378  0.994919  0.032244  -0.004951  -0.032865  0.999448  0.004614  -0.016880  0.002191  0.000000  0.000000  0.000000  2.000000  
63.393599 0.007583  0.089699  -0.005082  0.995429  0.095165  0.008060  -0.095378  0.994919  0.032244  -0.004951  -0.032865  0.999448  0.004603  -0.016982  0.002197  0.000000  0.000000  0.000000  2.000000  
63.394849 0.007589  0.089678  -0.005079  0.995409  0.095370  0.008067  -0.095583  0.994899  0.032242  -0.004951  -0.032865  0.999448  0.004660  -0.017039  0.002254  0.000000  0.000000  0.000000  2.000000  
63.396098 0.007596  0.089655  -0.005076  0.995409  0.095369  0.008078  -0.095583  0.994895  0.032363  -0.004951  -0.032986  0.999444  0.004685  -0.017126  0.002290  0.000000  0.000000  0.000000  2.000000  
63.397098 0.007601  0.089638  -0.005074  0.995409  0.095369  0.008078  -0.095583  0.994895  0.032363  -0.004951  -0.032986  0.999444  0.004705  -0.017199  0.002316  0.000000  0.000000  0.000000  2.000000  
63.398099 0.007606  0.089621  -0.005071  0.995409  0.095369  0.008078  -0.095583  0.994895  0.032363  -0.004951  -0.032986  0.999444  0.004748  -0.017216  0.002340  0.000000  0.000000  0.000000  2.000000  
63.399101 0.007611  0.089604  -0.005068  0.995389  0.095574  0.008085  -0.095788  0.994876  0.032361  -0.004951  -0.032986  0.999444  0.004819  -0.017194  0.002395  0.000000  0.000000  0.000000  2.000000  
63.400355 0.007618  0.089582  -0.005065  0.995389  0.095573  0.008096  -0.095788  0.994872  0.032482  -0.004951  -0.033108  0.999440  0.004889  -0.017245  0.002436  0.000000  0.000000  0.000000  2.000000  
63.401599 0.007624  0.089560  -0.005062  0.995389  0.095573  0.008096  -0.095788  0.994872  0.032482  -0.004951  -0.033108  0.999440  0.004938  -0.017279  0.002483  0.000000  0.000000  0.000000  2.000000  
63.402606 0.007630  0.089543  -0.005058  0.995389  0.095573  0.008096  -0.095788  0.994872  0.032482  -0.004951  -0.033108  0.999440  0.004975  -0.017275  0.002516  0.000000  0.000000  0.000000  2.000000  
63.403849 0.007637  0.089522  -0.005055  0.995389  0.095572  0.008108  -0.095788  0.994868  0.032603  -0.004951  -0.033229  0.999436  0.005089  -0.017259  0.002606  0.000000  0.000000  0.000000  2.000000  
