1-Time 2-Px 3-Py 4-Pz 5-R11 6-R21 7-R31 8-R12 9-R22 10-R32 11-R13 12-R23 13-R33 14-Vx 15-Vy 16-Vz 17-Wx 18-Wy 19-Wz 20-state 21-PR11 22-PR21 23-PR31 24-PR12 25-PR22 26-PR32 27-PR13 28-PR23 29-PR33 
127.251841 0.005761  0.096575  -0.005661  0.994760  0.093114  -0.042223  -0.093454  0.995605  -0.006145  0.041466  0.010059  0.999089  0.000056  0.000114  0.000120  0.000000  0.000000  0.000000  2.000000  
127.252842 0.005761  0.096575  -0.005661  0.994760  0.093114  -0.042223  -0.093454  0.995605  -0.006145  0.041466  0.010059  0.999089  0.000056  0.000114  0.000120  0.000000  0.000000  0.000000  2.000000  
127.253846 0.005762  0.096575  -0.005661  0.994721  0.093524  -0.042226  -0.093864  0.995566  -0.006128  0.041466  0.010059  0.999089  0.000107  0.000117  0.000116  0.000000  0.000000  0.000000  2.000000  
127.255096 0.005763  0.096575  -0.005661  0.994677  0.093933  -0.042362  -0.094273  0.995528  -0.006098  0.041599  0.010059  0.999084  0.000192  0.000092  0.000054  0.000000  0.000000  0.000000  2.000000  
127.256098 0.005764  0.096575  -0.005661  0.994657  0.094137  -0.042363  -0.094477  0.995508  -0.006089  0.041599  0.010059  0.999084  0.000260  0.000050  0.000070  0.000000  0.000000  0.000000  2.000000  
127.257348 0.005766  0.096574  -0.005660  0.994632  0.094341  -0.042497  -0.094682  0.995489  -0.006068  0.041733  0.010059  0.999078  0.000374  0.000012  0.000081  0.000000  0.000000  0.000000  2.000000  
127.258356 0.005767  0.096574  -0.005661  0.994588  0.094750  -0.042633  -0.095091  0.995450  -0.006037  0.041867  0.010059  0.999073  0.000482  0.000018  0.000075  0.000000  0.000000  0.000000  2.000000  
127.259594 0.005770  0.096574  -0.005660  0.994518  0.095362  -0.042903  -0.095704  0.995392  -0.005985  0.042134  0.010059  0.999061  0.000687  0.000031  0.000061  0.000000  0.000000  0.000000  2.000000  
127.260594 0.005772  0.096574  -0.005660  0.994453  0.095975  -0.043039  -0.096317  0.995333  -0.005946  0.042268  0.010058  0.999056  0.000767  -0.000013  0.000043  0.000000  0.000000  0.000000  2.000000  
127.261601 0.005773  0.096573  -0.005661  0.994407  0.096384  -0.043175  -0.096726  0.995293  -0.005915  0.042401  0.010058  0.999050  0.000869  -0.000083  0.000001  0.000000  0.000000  0.000000  2.000000  
127.262846 0.005775  0.096572  -0.005663  0.994336  0.096996  -0.043445  -0.097339  0.995234  -0.005863  0.042669  0.010058  0.999039  0.000997  -0.000159  -0.000110  0.000000  0.000000  0.000000  2.000000  
127.263846 0.005777  0.096572  -0.005664  0.994270  0.097609  -0.043581  -0.097953  0.995174  -0.005823  0.042802  0.010058  0.999033  0.001116  -0.000212  -0.000230  0.000000  0.000000  0.000000  2.000000  
127.264851 0.005779  0.096572  -0.005665  0.994224  0.098017  -0.043717  -0.098362  0.995134  -0.005792  0.042936  0.010058  0.999027  0.001243  -0.000211  -0.000305  0.000000  0.000000  0.000000  2.000000  
127.266110 0.005781  0.096572  -0.005667  0.994131  0.098834  -0.043987  -0.099179  0.995053  -0.005729  0.043204  0.010058  0.999016  0.001391  -0.000235  -0.000404  0.007612  0.060233  0.179042  2.000000  
127.267349 0.005784  0.096570  -0.005668  0.994058  0.099446  -0.044257  -0.099792  0.994992  -0.005675  0.043471  0.010058  0.999004  0.001555  -0.000325  -0.000500  0.008520  0.069458  0.199757  2.000000  
127.268596 0.005787  0.096569  -0.005671  0.993985  0.100058  -0.044526  -0.100405  0.994931  -0.005621  0.043738  0.010058  0.998992  0.001717  -0.000408  -0.000709  0.009432  0.078667  0.220424  2.000000  
127.269596 0.005791  0.096568  -0.005673  0.993917  0.100671  -0.044663  -0.101018  0.994869  -0.005580  0.043872  0.010058  0.998987  0.001882  -0.000436  -0.000786  0.010332  0.083364  0.241093  2.000000  
127.270844 0.005793  0.096567  -0.005674  0.993858  0.101077  -0.045064  -0.101426  0.994828  -0.005521  0.044273  0.010058  0.998969  0.001980  -0.000541  -0.000917  0.010974  0.097000  0.254799  2.000000  
127.271844 0.005795  0.096565  -0.005675  0.993810  0.101485  -0.045199  -0.101834  0.994786  -0.005489  0.044407  0.010058  0.998963  0.002040  -0.000637  -0.000946  0.011883  0.101703  0.275485  2.000000  
127.272846 0.005798  0.096561  -0.005676  0.993735  0.102091  -0.045481  -0.102447  0.994723  -0.005554  0.044674  0.010179  0.998950  0.002107  -0.000832  -0.000999  0.008736  0.110914  0.296099  2.000000  
127.274098 0.005802  0.096558  -0.005676  0.993659  0.102703  -0.045750  -0.103059  0.994660  -0.005498  0.044941  0.010178  0.998938  0.002227  -0.001076  -0.001044  0.009676  0.120153  0.316838  2.000000  
127.275347 0.005806  0.096554  -0.005676  0.993605  0.103109  -0.046018  -0.103467  0.994618  -0.005452  0.045209  0.010178  0.998926  0.002307  -0.001360  -0.001083  0.010315  0.129250  0.330475  2.000000  
127.276347 0.005808  0.096550  -0.005676  0.993578  0.103307  -0.046165  -0.103671  0.994596  -0.005549  0.045342  0.010299  0.998918  0.002367  -0.001596  -0.001050  0.006561  0.133827  0.337311  2.000000  
127.277596 0.005811  0.096544  -0.005677  0.993523  0.103708  -0.046446  -0.104079  0.994553  -0.005623  0.045610  0.010420  0.998905  0.002431  -0.001949  -0.000998  0.003134  0.143015  0.351113  2.000000  
127.278849 0.005814  0.096538  -0.005678  0.993468  0.104115  -0.046714  -0.104487  0.994511  -0.005576  0.045877  0.010420  0.998893  0.002491  -0.002323  -0.000902  0.004087  0.152196  0.371695  2.000000  
127.280094 0.005818  0.096531  -0.005678  0.993440  0.104313  -0.046861  -0.104690  0.994489  -0.005673  0.046010  0.010541  0.998885  0.002549  -0.002701  -0.000841  0.000338  0.156855  0.378719  2.000000  
127.281100 0.005820  0.096526  -0.005679  0.993406  0.104515  -0.047127  -0.104894  0.994467  -0.005635  0.046278  0.010541  0.998873  0.002538  -0.003063  -0.000850  0.000692  0.165831  0.385326  2.000000  
127.282362 0.005821  0.096518  -0.005680  0.993378  0.104712  -0.047274  -0.105098  0.994445  -0.005732  0.046411  0.010662  0.998866  0.002482  -0.003492  -0.000756  -0.003053  0.170374  0.392069  2.000000  
127.283596 0.005824  0.096511  -0.005681  0.993350  0.104910  -0.047421  -0.105301  0.994423  -0.005829  0.046545  0.010784  0.998858  0.002387  -0.003899  -0.000606  -0.007046  0.173548  0.388996  2.000000  
127.284597 0.005826  0.096506  -0.005682  0.993344  0.104903  -0.047567  -0.105301  0.994423  -0.005935  0.046679  0.010905  0.998850  0.002374  -0.004189  -0.000580  -0.012044  0.174779  0.371443  2.000000  
127.285846 0.005827  0.096499  -0.005682  0.993323  0.105107  -0.047568  -0.105505  0.994401  -0.005926  0.046679  0.010905  0.998850  0.002285  -0.004554  -0.000517  -0.012047  0.174816  0.371522  2.000000  
127.287095 0.005828  0.096491  -0.005683  0.993295  0.105305  -0.047715  -0.105709  0.994379  -0.006022  0.046812  0.011026  0.998843  0.002113  -0.004913  -0.000525  -0.015940  0.173380  0.368408  2.000000  
127.288096 0.005829  0.096484  -0.005683  0.993295  0.105299  -0.047728  -0.105709  0.994378  -0.006143  0.046812  0.011147  0.998842  0.001965  -0.005156  -0.000477  -0.020746  0.170263  0.357814  2.000000  
127.289100 0.005830  0.096478  -0.005683  0.993295  0.105293  -0.047740  -0.105709  0.994377  -0.006263  0.046812  0.011268  0.998840  0.001780  -0.005407  -0.000459  -0.025711  0.165494  0.336963  2.000000  
127.290344 0.005830  0.096469  -0.005683  0.993288  0.105286  -0.047886  -0.105708  0.994377  -0.006370  0.046946  0.011389  0.998832  0.001609  -0.005639  -0.000438  -0.030090  0.159559  0.320540  2.000000  
127.291348 0.005830  0.096463  -0.005682  0.993288  0.105280  -0.047899  -0.105708  0.994376  -0.006491  0.046946  0.011510  0.998831  0.001456  -0.005812  -0.000401  -0.035327  0.156203  0.302541  2.000000  
127.292357 0.005830  0.096455  -0.005681  0.993267  0.105479  -0.047913  -0.105913  0.994354  -0.006601  0.046946  0.011631  0.998830  0.001298  -0.005979  -0.000284  -0.039360  0.150371  0.293175  2.000000  
127.293598 0.005831  0.096447  -0.005679  0.993267  0.105473  -0.047926  -0.105913  0.994353  -0.006722  0.046946  0.011753  0.998828  0.001116  -0.006148  -0.000099  -0.044968  0.142348  0.268059  2.000000  
127.294842 0.005831  0.096439  -0.005677  0.993267  0.105462  -0.047951  -0.105913  0.994351  -0.006963  0.046946  0.011995  0.998825  0.000954  -0.006275  0.000080  -0.053295  0.136627  0.252227  2.000000  
127.295846 0.005831  0.096431  -0.005676  0.993267  0.105456  -0.047964  -0.105913  0.994350  -0.007084  0.046946  0.012116  0.998824  0.000800  -0.006366  0.000230  -0.058220  0.127462  0.231691  2.000000  
127.297098 0.005831  0.096422  -0.005674  0.993267  0.105450  -0.047977  -0.105913  0.994349  -0.007204  0.046946  0.012237  0.998822  0.000632  -0.006528  0.000379  -0.063180  0.122792  0.211177  2.000000  
127.298100 0.005830  0.096415  -0.005673  0.993267  0.105444  -0.047990  -0.105913  0.994348  -0.007325  0.046946  0.012358  0.998821  0.000472  -0.006665  0.000474  -0.068995  0.114502  0.185343  2.000000  
127.299353 0.005831  0.096406  -0.005672  0.993267  0.105438  -0.048002  -0.105913  0.994348  -0.007446  0.046946  0.012479  0.998819  0.000318  -0.006797  0.000680  0.000000  0.000000  0.000000  2.000000  
127.300595 0.005831  0.096398  -0.005671  0.993273  0.105434  -0.047882  -0.105914  0.994346  -0.007580  0.046812  0.012601  0.998824  0.000220  -0.006853  0.000748  0.000000  0.000000  0.000000  2.000000  
127.301597 0.005830  0.096391  -0.005669  0.993295  0.105224  -0.047894  -0.105709  0.994367  -0.007711  0.046812  0.012722  0.998823  0.000141  -0.006870  0.000861  0.000000  0.000000  0.000000  2.000000  
127.302599 0.005830  0.096384  -0.005669  0.993295  0.105218  -0.047906  -0.105709  0.994366  -0.007831  0.046812  0.012843  0.998821  0.000083  -0.006889  0.000905  0.000000  0.000000  0.000000  2.000000  
127.303847 0.005829  0.096376  -0.005669  0.993279  0.105418  -0.047788  -0.105914  0.994343  -0.007956  0.046679  0.012964  0.998826  -0.000019  -0.006899  0.000913  0.000000  0.000000  0.000000  2.000000  
127.305097 0.005829  0.096368  -0.005669  0.993279  0.105413  -0.047801  -0.105914  0.994342  -0.008077  0.046679  0.013085  0.998824  -0.000071  -0.006900  0.000916  0.000000  0.000000  0.000000  2.000000  
127.306097 0.005828  0.096361  -0.005669  0.993279  0.105407  -0.047813  -0.105914  0.994341  -0.008198  0.046679  0.013207  0.998823  -0.000131  -0.006883  0.000911  0.000000  0.000000  0.000000  2.000000  
127.307353 0.005828  0.096354  -0.005669  0.993285  0.105403  -0.047693  -0.105915  0.994340  -0.008332  0.046545  0.013328  0.998827  -0.000116  -0.006773  0.000862  0.000000  0.000000  0.000000  2.000000  
127.308596 0.005828  0.096347  -0.005668  0.993285  0.105391  -0.047719  -0.105915  0.994338  -0.008574  0.046545  0.013570  0.998824  -0.000163  -0.006695  0.000727  0.000000  0.000000  0.000000  2.000000  
127.309842 0.005829  0.096340  -0.005668  0.993285  0.105385  -0.047732  -0.105915  0.994337  -0.008694  0.046545  0.013691  0.998822  -0.000149  -0.006576  0.000635  0.000000  0.000000  0.000000  2.000000  
127.310844 0.005830  0.096334  -0.005667  0.993285  0.105380  -0.047744  -0.105915  0.994336  -0.008815  0.046545  0.013812  0.998821  -0.000083  -0.006467  0.000587  0.000000  0.000000  0.000000  2.000000  
127.311844 0.005830  0.096329  -0.005667  0.993279  0.105372  -0.047890  -0.105914  0.994335  -0.008921  0.046679  0.013933  0.998813  -0.000029  -0.006339  0.000522  0.000000  0.000000  0.000000  2.000000  
127.312847 0.005831  0.096323  -0.005667  0.993279  0.105372  -0.047890  -0.105914  0.994335  -0.008921  0.046679  0.013933  0.998813  -0.000004  -0.006239  0.000447  0.000000  0.000000  0.000000  2.000000  
127.314099 0.005832  0.096317  -0.005666  0.993279  0.105360  -0.047916  -0.105914  0.994333  -0.009162  0.046679  0.014176  0.998809  0.000118  -0.006046  0.000389  0.000000  0.000000  0.000000  2.000000  
127.315101 0.005833  0.096312  -0.005665  0.993279  0.105360  -0.047916  -0.105914  0.994333  -0.009162  0.046679  0.014176  0.998809  0.000171  -0.005929  0.000365  0.000000  0.000000  0.000000  2.000000  
127.316102 0.005835  0.096307  -0.005665  0.993257  0.105559  -0.047930  -0.106119  0.994310  -0.009273  0.046679  0.014297  0.998808  0.000321  -0.005800  0.000335  0.000000  0.000000  0.000000  2.000000  
127.317350 0.005837  0.096301  -0.005664  0.993251  0.105552  -0.048076  -0.106118  0.994309  -0.009380  0.046812  0.014418  0.998800  0.000484  -0.005670  0.000373  0.000000  0.000000  0.000000  2.000000  
127.318353 0.005838  0.096296  -0.005664  0.993251  0.105546  -0.048089  -0.106118  0.994308  -0.009500  0.046812  0.014539  0.998798  0.000633  -0.005532  0.000375  0.000000  0.000000  0.000000  2.000000  
127.319596 0.005841  0.096291  -0.005664  0.993251  0.105540  -0.048102  -0.106118  0.994307  -0.009621  0.046812  0.014660  0.998796  0.000837  -0.005358  0.000356  0.000000  0.000000  0.000000  2.000000  
127.320845 0.005844  0.096285  -0.005664  0.993251  0.105540  -0.048102  -0.106118  0.994307  -0.009621  0.046812  0.014660  0.998796  0.001035  -0.005154  0.000358  0.000000  0.000000  0.000000  2.000000  
127.321850 0.005846  0.096281  -0.005664  0.993251  0.105534  -0.048114  -0.106118  0.994306  -0.009741  0.046812  0.014781  0.998794  0.001176  -0.005043  0.000305  0.000000  0.000000  0.000000  2.000000  
127.323095 0.005849  0.096276  -0.005665  0.993229  0.105739  -0.048116  -0.106323  0.994284  -0.009732  0.046812  0.014781  0.998794  0.001425  -0.004870  0.000215  0.000000  0.000000  0.000000  2.000000  
127.324100 0.005852  0.096273  -0.005666  0.993223  0.105737  -0.048249  -0.106322  0.994284  -0.009717  0.046946  0.014781  0.998788  0.001556  -0.004760  0.000157  0.000000  0.000000  0.000000  2.000000  
127.325344 0.005856  0.096268  -0.005666  0.993223  0.105731  -0.048262  -0.106322  0.994283  -0.009838  0.046946  0.014903  0.998786  0.001784  -0.004572  0.000065  0.000000  0.000000  0.000000  2.000000  
127.326597 0.005860  0.096264  -0.005667  0.993223  0.105731  -0.048262  -0.106322  0.994283  -0.009838  0.046946  0.014903  0.998786  0.002001  -0.004346  -0.000011  0.000000  0.000000  0.000000  2.000000  
127.327842 0.005864  0.096260  -0.005667  0.993223  0.105731  -0.048262  -0.106322  0.994283  -0.009838  0.046946  0.014903  0.998786  0.002192  -0.004214  -0.000015  0.000000  0.000000  0.000000  2.000000  
127.328844 0.005867  0.096257  -0.005667  0.993223  0.105725  -0.048275  -0.106322  0.994282  -0.009958  0.046946  0.015024  0.998784  0.002332  -0.004064  -0.000050  0.000000  0.000000  0.000000  2.000000  
127.329845 0.005870  0.096254  -0.005667  0.993223  0.105725  -0.048275  -0.106322  0.994282  -0.009958  0.046946  0.015024  0.998784  0.002470  -0.003918  -0.000092  0.000000  0.000000  0.000000  2.000000  
127.330848 0.005873  0.096251  -0.005666  0.993201  0.105930  -0.048277  -0.106526  0.994260  -0.009949  0.046946  0.015024  0.998784  0.002623  -0.003786  -0.000118  0.000000  0.000000  0.000000  2.000000  
127.331849 0.005877  0.096248  -0.005666  0.993195  0.105928  -0.048410  -0.106526  0.994260  -0.009934  0.047080  0.015024  0.998778  0.002743  -0.003641  -0.000126  0.000000  0.000000  0.000000  2.000000  
127.332850 0.005880  0.096245  -0.005665  0.993195  0.105922  -0.048423  -0.106526  0.994259  -0.010055  0.047080  0.015145  0.998776  0.002837  -0.003503  -0.000115  0.000000  0.000000  0.000000  2.000000  
127.334099 0.005884  0.096242  -0.005665  0.993195  0.105922  -0.048423  -0.106526  0.994259  -0.010055  0.047080  0.015145  0.998776  0.002910  -0.003373  -0.000073  0.000000  0.000000  0.000000  2.000000  
127.335348 0.005887  0.096239  -0.005664  0.993173  0.106127  -0.048425  -0.106730  0.994237  -0.010045  0.047080  0.015145  0.998776  0.002983  -0.003242  -0.000031  0.000000  0.000000  0.000000  2.000000  
127.336349 0.005891  0.096236  -0.005664  0.993173  0.106121  -0.048438  -0.106730  0.994236  -0.010166  0.047080  0.015266  0.998774  0.003052  -0.003153  0.000016  0.000000  0.000000  0.000000  2.000000  
127.337352 0.005893  0.096232  -0.005664  0.993173  0.106121  -0.048438  -0.106730  0.994236  -0.010166  0.047080  0.015266  0.998774  0.003050  -0.003099  0.000094  0.000000  0.000000  0.000000  2.000000  
127.338594 0.005896  0.096229  -0.005664  0.993167  0.106119  -0.048571  -0.106729  0.994236  -0.010151  0.047213  0.015266  0.998768  0.003049  -0.003022  0.000129  0.000000  0.000000  0.000000  2.000000  
127.339596 0.005898  0.096226  -0.005663  0.993167  0.106119  -0.048571  -0.106729  0.994236  -0.010151  0.047213  0.015266  0.998768  0.002978  -0.003000  0.000156  0.000000  0.000000  0.000000  2.000000  
127.340845 0.005901  0.096222  -0.005664  0.993167  0.106119  -0.048571  -0.106729  0.994236  -0.010151  0.047213  0.015266  0.998768  0.002890  -0.003010  0.000130  0.000000  0.000000  0.000000  2.000000  
127.342096 0.005903  0.096217  -0.005665  0.993145  0.106329  -0.048560  -0.106934  0.994216  -0.010021  0.047213  0.015145  0.998770  0.002768  -0.003025  0.000123  0.000000  0.000000  0.000000  2.000000  
127.343099 0.005904  0.096214  -0.005665  0.993145  0.106329  -0.048560  -0.106934  0.994216  -0.010021  0.047213  0.015145  0.998770  0.002665  -0.003031  0.000131  0.000000  0.000000  0.000000  2.000000  
127.344099 0.005906  0.096210  -0.005666  0.993145  0.106329  -0.048560  -0.106934  0.994216  -0.010021  0.047213  0.015145  0.998770  0.002502  -0.003093  0.000097  0.000000  0.000000  0.000000  2.000000  
127.345347 0.005907  0.096206  -0.005667  0.993145  0.106329  -0.048560  -0.106934  0.994216  -0.010021  0.047213  0.015145  0.998770  0.002335  -0.003134  0.000004  0.000000  0.000000  0.000000  2.000000  
127.346358 0.005907  0.096201  -0.005668  0.993145  0.106329  -0.048560  -0.106934  0.994216  -0.010021  0.047213  0.015145  0.998770  0.002124  -0.003236  -0.000100  0.000000  0.000000  0.000000  2.000000  
127.347600 0.005908  0.096196  -0.005668  0.993145  0.106329  -0.048560  -0.106934  0.994216  -0.010021  0.047213  0.015145  0.998770  0.001983  -0.003325  -0.000170  0.000000  0.000000  0.000000  2.000000  
127.348846 0.005909  0.096191  -0.005669  0.993145  0.106335  -0.048547  -0.106934  0.994217  -0.009900  0.047213  0.015023  0.998772  0.001723  -0.003444  -0.000274  0.000000  0.000000  0.000000  2.000000  
127.349848 0.005910  0.096187  -0.005669  0.993145  0.106335  -0.048547  -0.106934  0.994217  -0.009900  0.047213  0.015023  0.998772  0.001542  -0.003548  -0.000353  0.000000  0.000000  0.000000  2.000000  
127.351096 0.005911  0.096182  -0.005670  0.993145  0.106335  -0.048547  -0.106934  0.994217  -0.009900  0.047213  0.015023  0.998772  0.001380  -0.003612  -0.000387  0.000000  0.000000  0.000000  2.000000  
127.352097 0.005911  0.096178  -0.005669  0.993138  0.106333  -0.048680  -0.106933  0.994217  -0.009886  0.047347  0.015023  0.998766  0.001256  -0.003670  -0.000390  0.000000  0.000000  0.000000  2.000000  
127.353351 0.005912  0.096173  -0.005669  0.993138  0.106333  -0.048680  -0.106933  0.994217  -0.009886  0.047347  0.015023  0.998766  0.001105  -0.003796  -0.000360  0.000000  0.000000  0.000000  2.000000  
127.354359 0.005913  0.096169  -0.005669  0.993138  0.106333  -0.048680  -0.106933  0.994217  -0.009886  0.047347  0.015023  0.998766  0.000993  -0.003855  -0.000398  0.000000  0.000000  0.000000  2.000000  
127.355597 0.005914  0.096163  -0.005669  0.993160  0.106128  -0.048678  -0.106729  0.994239  -0.009896  0.047347  0.015023  0.998766  0.000874  -0.003957  -0.000348  0.000000  0.000000  0.000000  2.000000  
127.356847 0.005915  0.096158  -0.005670  0.993160  0.106128  -0.048678  -0.106729  0.994239  -0.009896  0.047347  0.015023  0.998766  0.000844  -0.003987  -0.000368  0.000000  0.000000  0.000000  2.000000  
127.358093 0.005916  0.096153  -0.005671  0.993160  0.106134  -0.048665  -0.106729  0.994240  -0.009775  0.047347  0.014902  0.998767  0.000775  -0.004096  -0.000384  0.000000  0.000000  0.000000  2.000000  
127.359098 0.005917  0.096148  -0.005671  0.993160  0.106134  -0.048665  -0.106729  0.994240  -0.009775  0.047347  0.014902  0.998767  0.000754  -0.004145  -0.000395  0.000000  0.000000  0.000000  2.000000  
127.360343 0.005919  0.096143  -0.005672  0.993182  0.105930  -0.048663  -0.106524  0.994262  -0.009785  0.047347  0.014902  0.998767  0.000801  -0.004164  -0.000355  0.000000  0.000000  0.000000  2.000000  
127.361349 0.005920  0.096139  -0.005673  0.993182  0.105936  -0.048650  -0.106524  0.994263  -0.009665  0.047347  0.014781  0.998769  0.000851  -0.004162  -0.000359  0.000000  0.000000  0.000000  2.000000  
127.362360 0.005922  0.096135  -0.005674  0.993182  0.105936  -0.048650  -0.106524  0.994263  -0.009665  0.047347  0.014781  0.998769  0.000890  -0.004157  -0.000397  0.000000  0.000000  0.000000  2.000000  
127.363597 0.005924  0.096130  -0.005675  0.993182  0.105936  -0.048650  -0.106524  0.994263  -0.009665  0.047347  0.014781  0.998769  0.000985  -0.004131  -0.000415  0.000000  0.000000  0.000000  2.000000  
127.364600 0.005925  0.096126  -0.005676  0.993182  0.105941  -0.048637  -0.106524  0.994264  -0.009544  0.047347  0.014660  0.998771  0.001032  -0.004139  -0.000479  0.000000  0.000000  0.000000  2.000000  
127.365847 0.005928  0.096122  -0.005677  0.993182  0.105941  -0.048637  -0.106524  0.994264  -0.009544  0.047347  0.014660  0.998771  0.001137  -0.004114  -0.000529  0.000000  0.000000  0.000000  2.000000  
127.367096 0.005931  0.096117  -0.005678  0.993204  0.105737  -0.048635  -0.106320  0.994286  -0.009554  0.047347  0.014660  0.998771  0.001322  -0.004059  -0.000563  0.000000  0.000000  0.000000  2.000000  
127.368097 0.005933  0.096114  -0.005679  0.993204  0.105743  -0.048622  -0.106320  0.994287  -0.009433  0.047347  0.014539  0.998773  0.001418  -0.004012  -0.000663  0.000000  0.000000  0.000000  2.000000  
127.369098 0.005936  0.096111  -0.005680  0.993204  0.105743  -0.048622  -0.106320  0.994287  -0.009433  0.047347  0.014539  0.998773  0.001558  -0.003940  -0.000696  0.000000  0.000000  0.000000  2.000000  
127.370357 0.005940  0.096107  -0.005680  0.993204  0.105743  -0.048622  -0.106320  0.994287  -0.009433  0.047347  0.014539  0.998773  0.001755  -0.003825  -0.000726  0.000000  0.000000  0.000000  2.000000  
127.371360 0.005942  0.096104  -0.005681  0.993204  0.105743  -0.048622  -0.106320  0.994287  -0.009433  0.047347  0.014539  0.998773  0.001870  -0.003743  -0.000732  0.000000  0.000000  0.000000  2.000000  
127.372599 0.005946  0.096100  -0.005682  0.993198  0.105741  -0.048755  -0.106319  0.994287  -0.009419  0.047481  0.014539  0.998766  0.002051  -0.003667  -0.000777  0.000000  0.000000  0.000000  2.000000  
127.373844 0.005950  0.096096  -0.005683  0.993198  0.105741  -0.048755  -0.106319  0.994287  -0.009419  0.047481  0.014539  0.998766  0.002191  -0.003549  -0.000764  0.000000  0.000000  0.000000  2.000000  
127.375105 0.005954  0.096093  -0.005683  0.993198  0.105747  -0.048742  -0.106319  0.994289  -0.009299  0.047481  0.014418  0.998768  0.002367  -0.003379  -0.000781  0.000000  0.000000  0.000000  2.000000  
127.376343 0.005958  0.096090  -0.005685  0.993198  0.105747  -0.048742  -0.106319  0.994289  -0.009299  0.047481  0.014418  0.998768  0.002508  -0.003249  -0.000812  0.000000  0.000000  0.000000  2.000000  
127.377347 0.005961  0.096088  -0.005686  0.993198  0.105747  -0.048742  -0.106319  0.994289  -0.009299  0.047481  0.014418  0.998768  0.002615  -0.003150  -0.000828  0.000000  0.000000  0.000000  2.000000  
127.378359 0.005964  0.096085  -0.005688  0.993198  0.105747  -0.048742  -0.106319  0.994289  -0.009299  0.047481  0.014418  0.998768  0.002715  -0.003079  -0.000897  0.000000  0.000000  0.000000  2.000000  
127.379596 0.005968  0.096082  -0.005690  0.993176  0.105951  -0.048744  -0.106524  0.994267  -0.009289  0.047481  0.014418  0.998768  0.002841  -0.002931  -0.000936  0.000000  0.000000  0.000000  2.000000  
127.380848 0.005971  0.096079  -0.005693  0.993170  0.105955  -0.048864  -0.106523  0.994268  -0.009154  0.047614  0.014296  0.998763  0.002894  -0.002822  -0.001059  0.000000  0.000000  0.000000  2.000000  
127.382097 0.005975  0.096076  -0.005696  0.993170  0.105955  -0.048864  -0.106523  0.994268  -0.009154  0.047614  0.014296  0.998763  0.002949  -0.002736  -0.001204  0.000000  0.000000  0.000000  2.000000  
127.383097 0.005978  0.096074  -0.005698  0.993170  0.105955  -0.048864  -0.106523  0.994268  -0.009154  0.047614  0.014296  0.998763  0.002967  -0.002671  -0.001265  0.000000  0.000000  0.000000  2.000000  
127.384100 0.005981  0.096072  -0.005700  0.993170  0.105955  -0.048864  -0.106523  0.994268  -0.009154  0.047614  0.014296  0.998763  0.002961  -0.002614  -0.001434  0.000000  0.000000  0.000000  2.000000  
127.385352 0.005984  0.096069  -0.005704  0.993170  0.105955  -0.048864  -0.106523  0.994268  -0.009154  0.047614  0.014296  0.998763  0.002959  -0.002542  -0.001598  0.000000  0.000000  0.000000  2.000000  
127.386597 0.005987  0.096066  -0.005707  0.993163  0.105953  -0.048997  -0.106522  0.994268  -0.009139  0.047748  0.014296  0.998757  0.002915  -0.002496  -0.001778  0.000000  0.000000  0.000000  2.000000  
127.387847 0.005989  0.096063  -0.005711  0.993163  0.105953  -0.048997  -0.106522  0.994268  -0.009139  0.047748  0.014296  0.998757  0.002816  -0.002411  -0.001938  0.000000  0.000000  0.000000  2.000000  
127.389099 0.005992  0.096061  -0.005714  0.993163  0.105953  -0.048997  -0.106522  0.994268  -0.009139  0.047748  0.014296  0.998757  0.002782  -0.002335  -0.002111  0.000000  0.000000  0.000000  2.000000  
127.390343 0.005995  0.096058  -0.005718  0.993141  0.106158  -0.048999  -0.106727  0.994246  -0.009129  0.047748  0.014296  0.998757  0.002688  -0.002294  -0.002246  0.000000  0.000000  0.000000  2.000000  
127.391347 0.005997  0.096056  -0.005721  0.993135  0.106150  -0.049145  -0.106726  0.994246  -0.009236  0.047882  0.014417  0.998749  0.002613  -0.002229  -0.002394  0.000000  0.000000  0.000000  2.000000  
127.392357 0.005998  0.096054  -0.005724  0.993135  0.106150  -0.049145  -0.106726  0.994246  -0.009236  0.047882  0.014417  0.998749  0.002496  -0.002245  -0.002485  0.000000  0.000000  0.000000  2.000000  
127.393597 0.006001  0.096052  -0.005727  0.993135  0.106150  -0.049145  -0.106726  0.994246  -0.009236  0.047882  0.014417  0.998749  0.002399  -0.002170  -0.002621  0.000000  0.000000  0.000000  2.000000  
127.394844 0.006002  0.096050  -0.005731  0.993129  0.106148  -0.049278  -0.106725  0.994246  -0.009221  0.048015  0.014417  0.998743  0.002249  -0.002131  -0.002711  0.000000  0.000000  0.000000  2.000000  
127.395844 0.006004  0.096048  -0.005734  0.993129  0.106148  -0.049278  -0.106725  0.994246  -0.009221  0.048015  0.014417  0.998743  0.002166  -0.002045  -0.002747  0.000000  0.000000  0.000000  2.000000  
127.396846 0.006005  0.096047  -0.005737  0.993129  0.106148  -0.049278  -0.106725  0.994246  -0.009221  0.048015  0.014417  0.998743  0.002022  -0.002014  -0.002823  0.000000  0.000000  0.000000  2.000000  
127.397851 0.006006  0.096045  -0.005741  0.993129  0.106148  -0.049278  -0.106725  0.994246  -0.009221  0.048015  0.014417  0.998743  0.001918  -0.001961  -0.002902  0.000000  0.000000  0.000000  2.000000  
127.399101 0.006007  0.096043  -0.005745  0.993122  0.106140  -0.049423  -0.106725  0.994245  -0.009328  0.048149  0.014538  0.998734  0.001751  -0.001904  -0.002956  0.000000  0.000000  0.000000  2.000000  
127.400346 0.006008  0.096042  -0.005749  0.993122  0.106140  -0.049423  -0.106725  0.994245  -0.009328  0.048149  0.014538  0.998734  0.001622  -0.001817  -0.002998  0.000000  0.000000  0.000000  2.000000  
127.401349 0.006009  0.096040  -0.005752  0.993122  0.106140  -0.049423  -0.106725  0.994245  -0.009328  0.048149  0.014538  0.998734  0.001499  -0.001758  -0.003045  0.000000  0.000000  0.000000  2.000000  
127.402362 0.006010  0.096039  -0.005756  0.993122  0.106140  -0.049423  -0.106725  0.994245  -0.009328  0.048149  0.014538  0.998734  0.001412  -0.001668  -0.003078  0.000000  0.000000  0.000000  2.000000  
127.403594 0.006011  0.096038  -0.005759  0.993122  0.106140  -0.049423  -0.106725  0.994245  -0.009328  0.048149  0.014538  0.998734  0.001284  -0.001605  -0.003076  0.000000  0.000000  0.000000  2.000000  
127.404597 0.006011  0.096037  -0.005763  0.993116  0.106139  -0.049556  -0.106724  0.994245  -0.009313  0.048283  0.014538  0.998728  0.001191  -0.001496  -0.003151  0.000000  0.000000  0.000000  2.000000  
127.405845 0.006012  0.096036  -0.005766  0.993116  0.106139  -0.049556  -0.106724  0.994245  -0.009313  0.048283  0.014538  0.998728  0.001095  -0.001406  -0.003124  0.000000  0.000000  0.000000  2.000000  
127.406846 0.006013  0.096035  -0.005769  0.993116  0.106139  -0.049556  -0.106724  0.994245  -0.009313  0.048283  0.014538  0.998728  0.001006  -0.001338  -0.003116  0.000000  0.000000  0.000000  2.000000  
127.408094 0.006014  0.096035  -0.005772  0.993094  0.106343  -0.049558  -0.106928  0.994223  -0.009303  0.048283  0.014538  0.998728  0.000912  -0.001189  -0.003101  0.000000  0.000000  0.000000  2.000000  
127.409098 0.006014  0.096034  -0.005774  0.993094  0.106337  -0.049571  -0.106928  0.994222  -0.009424  0.048283  0.014659  0.998726  0.000868  -0.001121  -0.003037  0.000000  0.000000  0.000000  2.000000  
127.410356 0.006015  0.096035  -0.005778  0.993094  0.106337  -0.049571  -0.106928  0.994222  -0.009424  0.048283  0.014659  0.998726  0.000801  -0.000939  -0.002997  0.000000  0.000000  0.000000  2.000000  
127.411595 0.006016  0.096034  -0.005780  0.993094  0.106337  -0.049571  -0.106928  0.994222  -0.009424  0.048283  0.014659  0.998726  0.000725  -0.000859  -0.002892  0.000000  0.000000  0.000000  2.000000  
127.412846 0.006016  0.096034  -0.005783  0.993087  0.106335  -0.049704  -0.106928  0.994222  -0.009410  0.048416  0.014659  0.998720  0.000683  -0.000721  -0.002796  0.000000  0.000000  0.000000  2.000000  
127.414099 0.006017  0.096034  -0.005785  0.993087  0.106335  -0.049704  -0.106928  0.994222  -0.009410  0.048416  0.014659  0.998720  0.000667  -0.000586  -0.002650  0.000000  0.000000  0.000000  2.000000  
127.415350 0.006018  0.096034  -0.005787  0.993087  0.106335  -0.049704  -0.106928  0.994222  -0.009410  0.048416  0.014659  0.998720  0.000653  -0.000435  -0.002556  0.000000  0.000000  0.000000  2.000000  
127.416597 0.006018  0.096035  -0.005790  0.993065  0.106546  -0.049693  -0.107132  0.994201  -0.009279  0.048416  0.014538  0.998721  0.000621  -0.000327  -0.002456  0.000000  0.000000  0.000000  2.000000  
127.417597 0.006019  0.096035  -0.005791  0.993065  0.106546  -0.049693  -0.107132  0.994201  -0.009279  0.048416  0.014538  0.998721  0.000611  -0.000214  -0.002305  0.000000  0.000000  0.000000  2.000000  
127.418846 0.006019  0.096036  -0.005794  0.993065  0.106546  -0.049693  -0.107132  0.994201  -0.009279  0.048416  0.014538  0.998721  0.000577  -0.000108  -0.002212  0.000000  0.000000  0.000000  2.000000  
127.419847 0.006020  0.096036  -0.005795  0.993065  0.106546  -0.049693  -0.107132  0.994201  -0.009279  0.048416  0.014538  0.998721  0.000573  -0.000051  -0.002132  0.000000  0.000000  0.000000  2.000000  
127.420847 0.006020  0.096036  -0.005797  0.993065  0.106546  -0.049693  -0.107132  0.994201  -0.009279  0.048416  0.014538  0.998721  0.000509  0.000026  -0.002059  0.000000  0.000000  0.000000  2.000000  
127.421847 0.006020  0.096037  -0.005799  0.993065  0.106546  -0.049693  -0.107132  0.994201  -0.009279  0.048416  0.014538  0.998721  0.000505  0.000084  -0.001981  0.000000  0.000000  0.000000  2.000000  
127.423100 0.006022  0.096037  -0.005801  0.993043  0.106751  -0.049695  -0.107337  0.994180  -0.009268  0.048416  0.014538  0.998721  0.000531  0.000170  -0.001881  0.000000  0.000000  0.000000  2.000000  
127.424106 0.006022  0.096037  -0.005802  0.993043  0.106751  -0.049695  -0.107337  0.994180  -0.009268  0.048416  0.014538  0.998721  0.000509  0.000195  -0.001856  0.000000  0.000000  0.000000  2.000000  
127.425353 0.006022  0.096038  -0.005804  0.993043  0.106757  -0.049682  -0.107337  0.994181  -0.009148  0.048416  0.014417  0.998723  0.000476  0.000198  -0.001759  0.000000  0.000000  0.000000  2.000000  
127.426360 0.006023  0.096038  -0.005806  0.993043  0.106757  -0.049682  -0.107337  0.994181  -0.009148  0.048416  0.014417  0.998723  0.000492  0.000256  -0.001742  0.000000  0.000000  0.000000  2.000000  
127.427597 0.006023  0.096038  -0.005807  0.993043  0.106757  -0.049682  -0.107337  0.994181  -0.009148  0.048416  0.014417  0.998723  0.000463  0.000242  -0.001631  0.000000  0.000000  0.000000  2.000000  
127.428598 0.006023  0.096037  -0.005808  0.993021  0.106961  -0.049684  -0.107541  0.994159  -0.009138  0.048416  0.014417  0.998723  0.000429  0.000193  -0.001607  0.000000  0.000000  0.000000  2.000000  
127.429845 0.006024  0.096037  -0.005809  0.993021  0.106961  -0.049684  -0.107541  0.994159  -0.009138  0.048416  0.014417  0.998723  0.000418  0.000171  -0.001538  0.000000  0.000000  0.000000  2.000000  
127.430846 0.006024  0.096037  -0.005811  0.993021  0.106961  -0.049684  -0.107541  0.994159  -0.009138  0.048416  0.014417  0.998723  0.000426  0.000148  -0.001528  0.000000  0.000000  0.000000  2.000000  
127.431847 0.006024  0.096036  -0.005812  0.993021  0.106961  -0.049684  -0.107541  0.994159  -0.009138  0.048416  0.014417  0.998723  0.000380  0.000103  -0.001471  0.000000  0.000000  0.000000  2.000000  
127.432856 0.006024  0.096036  -0.005813  0.993021  0.106967  -0.049671  -0.107541  0.994160  -0.009017  0.048416  0.014296  0.998725  0.000365  0.000068  -0.001373  0.000000  0.000000  0.000000  2.000000  
127.434100 0.006025  0.096036  -0.005815  0.992999  0.107172  -0.049673  -0.107745  0.994138  -0.009007  0.048416  0.014296  0.998725  0.000339  -0.000003  -0.001341  0.000000  0.000000  0.000000  2.000000  
127.435349 0.006024  0.096035  -0.005816  0.992992  0.107170  -0.049806  -0.107745  0.994138  -0.008992  0.048550  0.014296  0.998718  0.000300  -0.000051  -0.001295  0.000000  0.000000  0.000000  2.000000  
127.436597 0.006024  0.096035  -0.005817  0.992992  0.107170  -0.049806  -0.107745  0.994138  -0.008992  0.048550  0.014296  0.998718  0.000266  -0.000120  -0.001250  0.000000  0.000000  0.000000  2.000000  
127.437847 0.006024  0.096034  -0.005819  0.992970  0.107375  -0.049807  -0.107949  0.994116  -0.008982  0.048550  0.014296  0.998718  0.000189  -0.000194  -0.001213  0.000000  0.000000  0.000000  2.000000  
127.439099 0.006024  0.096034  -0.005820  0.992970  0.107375  -0.049807  -0.107949  0.994116  -0.008982  0.048550  0.014296  0.998718  0.000165  -0.000242  -0.001204  0.000000  0.000000  0.000000  2.000000  
127.440347 0.006024  0.096033  -0.005822  0.992970  0.107375  -0.049807  -0.107949  0.994116  -0.008982  0.048550  0.014296  0.998718  0.000102  -0.000317  -0.001201  0.000000  0.000000  0.000000  2.000000  
127.441349 0.006024  0.096032  -0.005823  0.992948  0.107579  -0.049809  -0.108154  0.994094  -0.008972  0.048550  0.014296  0.998718  0.000055  -0.000362  -0.001145  0.000000  0.000000  0.000000  2.000000  
127.442361 0.006024  0.096031  -0.005824  0.992948  0.107579  -0.049809  -0.108154  0.994094  -0.008972  0.048550  0.014296  0.998718  0.000035  -0.000419  -0.001173  0.000000  0.000000  0.000000  2.000000  
127.443597 0.006023  0.096031  -0.005825  0.992942  0.107578  -0.049942  -0.108153  0.994094  -0.008957  0.048683  0.014296  0.998712  0.000009  -0.000407  -0.001087  0.000000  0.000000  0.000000  2.000000  
127.444842 0.006023  0.096030  -0.005825  0.992919  0.107782  -0.049944  -0.108357  0.994072  -0.008947  0.048683  0.014296  0.998712  -0.000025  -0.000454  -0.001065  0.000000  0.000000  0.000000  2.000000  
127.445844 0.006023  0.096030  -0.005826  0.992919  0.107782  -0.049944  -0.108357  0.994072  -0.008947  0.048683  0.014296  0.998712  -0.000079  -0.000477  -0.001018  0.000000  0.000000  0.000000  2.000000  
127.446848 0.006023  0.096029  -0.005827  0.992897  0.107987  -0.049946  -0.108562  0.994050  -0.008937  0.048683  0.014296  0.998712  -0.000055  -0.000476  -0.000970  0.000000  0.000000  0.000000  2.000000  
127.447849 0.006023  0.096029  -0.005827  0.992897  0.107987  -0.049946  -0.108562  0.994050  -0.008937  0.048683  0.014296  0.998712  -0.000084  -0.000496  -0.000975  0.000000  0.000000  0.000000  2.000000  
127.448850 0.006023  0.096029  -0.005827  0.992890  0.107985  -0.050079  -0.108561  0.994050  -0.008922  0.048817  0.014295  0.998705  -0.000085  -0.000490  -0.000858  0.000000  0.000000  0.000000  2.000000  
127.450097 0.006023  0.096028  -0.005828  0.992868  0.108190  -0.050080  -0.108765  0.994027  -0.008912  0.048817  0.014295  0.998705  -0.000083  -0.000482  -0.000843  0.000000  0.000000  0.000000  2.000000  
127.451097 0.006023  0.096028  -0.005828  0.992868  0.108190  -0.050080  -0.108765  0.994027  -0.008912  0.048817  0.014295  0.998705  -0.000108  -0.000476  -0.000776  0.000000  0.000000  0.000000  2.000000  
127.452361 0.006023  0.096028  -0.005829  0.992839  0.108392  -0.050215  -0.108969  0.994005  -0.008887  0.048951  0.014295  0.998699  -0.000105  -0.000449  -0.000700  0.000000  0.000000  0.000000  2.000000  
127.453596 0.006023  0.096028  -0.005829  0.992839  0.108392  -0.050215  -0.108969  0.994005  -0.008887  0.048951  0.014295  0.998699  -0.000099  -0.000408  -0.000601  0.000000  0.000000  0.000000  2.000000  
127.454597 0.006023  0.096028  -0.005829  0.992817  0.108597  -0.050217  -0.109174  0.993983  -0.008877  0.048951  0.014295  0.998699  -0.000105  -0.000358  -0.000532  0.000000  0.000000  0.000000  2.000000  
127.455598 0.006023  0.096028  -0.005829  0.992810  0.108595  -0.050350  -0.109173  0.993983  -0.008862  0.049084  0.014295  0.998692  -0.000100  -0.000324  -0.000443  0.000000  0.000000  0.000000  2.000000  
127.456845 0.006023  0.096028  -0.005829  0.992788  0.108800  -0.050352  -0.109377  0.993961  -0.008852  0.049084  0.014295  0.998692  -0.000061  -0.000241  -0.000378  0.000000  0.000000  0.000000  2.000000  
127.458099 0.006023  0.096028  -0.005829  0.992765  0.109004  -0.050353  -0.109582  0.993938  -0.008841  0.049084  0.014295  0.998692  -0.000065  -0.000183  -0.000298  0.000000  0.000000  0.000000  2.000000  
127.459343 0.006023  0.096029  -0.005828  0.992759  0.109002  -0.050486  -0.109581  0.993939  -0.008827  0.049218  0.014295  0.998686  -0.000047  -0.000073  -0.000205  0.000000  0.000000  0.000000  2.000000  
127.460597 0.006023  0.096029  -0.005828  0.992736  0.109207  -0.050488  -0.109785  0.993916  -0.008816  0.049218  0.014295  0.998686  -0.000031  -0.000043  -0.000154  0.000000  0.000000  0.000000  2.000000  
127.461842 0.006023  0.096030  -0.005828  0.992707  0.109410  -0.050623  -0.109989  0.993894  -0.008791  0.049352  0.014295  0.998679  -0.000042  0.000037  -0.000083  0.000000  0.000000  0.000000  2.000000  
127.462846 0.006023  0.096030  -0.005827  0.992707  0.109410  -0.050623  -0.109989  0.993894  -0.008791  0.049352  0.014295  0.998679  -0.000008  0.000098  0.000025  0.000000  0.000000  0.000000  2.000000  
127.464102 0.006023  0.096031  -0.005827  0.992678  0.109612  -0.050757  -0.110193  0.993872  -0.008766  0.049485  0.014295  0.998673  0.000022  0.000206  0.000081  0.000000  0.000000  0.000000  2.000000  
127.465350 0.006024  0.096032  -0.005826  0.992648  0.109815  -0.050892  -0.110396  0.993849  -0.008741  0.049619  0.014295  0.998666  0.000039  0.000234  0.000134  0.000000  0.000000  0.000000  2.000000  
127.466361 0.006024  0.096032  -0.005825  0.992626  0.110020  -0.050894  -0.110601  0.993827  -0.008730  0.049619  0.014295  0.998666  0.000065  0.000323  0.000235  0.000000  0.000000  0.000000  2.000000  
127.467595 0.006024  0.096033  -0.005824  0.992596  0.110222  -0.051028  -0.110804  0.993804  -0.008705  0.049753  0.014295  0.998659  0.000070  0.000358  0.000324  0.000000  0.000000  0.000000  2.000000  
