1-Time 2-Px 3-Py 4-Pz 5-R11 6-R21 7-R31 8-R12 9-R22 10-R32 11-R13 12-R23 13-R33 14-Vx 15-Vy 16-Vz 17-Wx 18-Wy 19-Wz 20-state 21-PR11 22-PR21 23-PR31 24-PR12 25-PR22 26-PR32 27-PR13 28-PR23 29-PR33 
81.753366 0.004492  0.090322  -0.007263  0.995865  0.084263  -0.033948  -0.084465  0.996416  -0.004546  0.033443  0.007395  0.999413  -0.000162  -0.000181  -0.000326  0.000000  0.000000  0.000000  2.000000  
81.754376 0.004491  0.090322  -0.007264  0.995865  0.084263  -0.033948  -0.084465  0.996416  -0.004546  0.033443  0.007395  0.999413  -0.000193  -0.000207  -0.000346  0.000000  0.000000  0.000000  2.000000  
81.755382 0.004491  0.090320  -0.007264  0.995830  0.084673  -0.033950  -0.084875  0.996381  -0.004532  0.033443  0.007395  0.999413  -0.000179  -0.000335  -0.000360  0.000000  0.000000  0.000000  2.000000  
81.756621 0.004491  0.090317  -0.007265  0.995791  0.085083  -0.034085  -0.085284  0.996346  -0.004507  0.033577  0.007395  0.999409  -0.000175  -0.000519  -0.000419  0.000000  0.000000  0.000000  2.000000  
81.757883 0.004491  0.090314  -0.007266  0.995756  0.085493  -0.034087  -0.085694  0.996311  -0.004493  0.033577  0.007395  0.999409  -0.000176  -0.000722  -0.000432  0.000000  0.000000  0.000000  2.000000  
81.759118 0.004491  0.090310  -0.007267  0.995733  0.085697  -0.034221  -0.085899  0.996294  -0.004474  0.033711  0.007395  0.999404  -0.000143  -0.000959  -0.000506  0.000000  0.000000  0.000000  2.000000  
81.760120 0.004492  0.090308  -0.007267  0.995693  0.086106  -0.034356  -0.086309  0.996259  -0.004449  0.033845  0.007395  0.999400  -0.000095  -0.001105  -0.000444  0.000000  0.000000  0.000000  2.000000  
81.761374 0.004493  0.090304  -0.007267  0.995631  0.086720  -0.034625  -0.086923  0.996205  -0.004404  0.034112  0.007395  0.999391  -0.000004  -0.001309  -0.000431  0.000000  0.000000  0.000000  2.000000  
81.762621 0.004494  0.090301  -0.007268  0.995568  0.087333  -0.034894  -0.087537  0.996152  -0.004359  0.034379  0.007395  0.999381  0.000055  -0.001541  -0.000439  0.000000  0.000000  0.000000  2.000000  
81.763874 0.004494  0.090297  -0.007270  0.995509  0.087947  -0.035030  -0.088151  0.996098  -0.004326  0.034513  0.007395  0.999377  0.000109  -0.001803  -0.000537  0.000000  0.000000  0.000000  2.000000  
81.764875 0.004494  0.090294  -0.007272  0.995468  0.088356  -0.035165  -0.088561  0.996061  -0.004300  0.034647  0.007395  0.999372  0.000139  -0.001995  -0.000665  0.000000  0.000000  0.000000  2.000000  
81.766116 0.004495  0.090291  -0.007273  0.995404  0.088969  -0.035434  -0.089175  0.996007  -0.004254  0.034914  0.007395  0.999363  0.000226  -0.002154  -0.000709  0.000000  0.000000  0.000000  2.000000  
81.767122 0.004496  0.090289  -0.007274  0.995362  0.089379  -0.035569  -0.089584  0.995970  -0.004228  0.035048  0.007395  0.999358  0.000306  -0.002288  -0.000762  0.000000  0.000000  0.000000  2.000000  
81.768368 0.004496  0.090284  -0.007275  0.995298  0.089992  -0.035838  -0.090198  0.995915  -0.004182  0.035316  0.007394  0.999349  0.000324  -0.002601  -0.000835  0.010487  0.068844  0.186201  2.000000  
81.769370 0.004497  0.090280  -0.007277  0.995256  0.090401  -0.035973  -0.090607  0.995878  -0.004155  0.035449  0.007394  0.999344  0.000372  -0.002818  -0.000918  0.010974  0.073436  0.199974  2.000000  
81.770377 0.004497  0.090275  -0.007279  0.995209  0.090809  -0.036241  -0.091016  0.995841  -0.004116  0.035717  0.007394  0.999335  0.000427  -0.003001  -0.000980  0.011386  0.081867  0.212014  2.000000  
81.771379 0.004498  0.090270  -0.007280  0.995162  0.091212  -0.036520  -0.091425  0.995803  -0.004197  0.035984  0.007515  0.999324  0.000448  -0.003177  -0.001010  0.008149  0.091677  0.234363  2.000000  
81.772621 0.004498  0.090264  -0.007280  0.995114  0.091620  -0.036788  -0.091834  0.995766  -0.004157  0.036251  0.007515  0.999314  0.000468  -0.003401  -0.000914  0.008664  0.100804  0.248199  2.000000  
81.773869 0.004498  0.090256  -0.007280  0.995067  0.092028  -0.037056  -0.092243  0.995728  -0.004117  0.036519  0.007515  0.999305  0.000491  -0.003639  -0.000870  0.009180  0.109894  0.261941  2.000000  
81.774877 0.004499  0.090250  -0.007280  0.995019  0.092436  -0.037324  -0.092652  0.995690  -0.004077  0.036786  0.007515  0.999295  0.000506  -0.003928  -0.000888  0.009698  0.118970  0.275654  2.000000  
81.776122 0.004501  0.090242  -0.007279  0.994971  0.092844  -0.037592  -0.093061  0.995652  -0.004037  0.037054  0.007515  0.999285  0.000584  -0.004255  -0.000820  0.010222  0.128069  0.289419  2.000000  
81.777371 0.004503  0.090233  -0.007279  0.994942  0.093047  -0.037859  -0.093264  0.995633  -0.004004  0.037321  0.007515  0.999275  0.000618  -0.004603  -0.000736  0.010506  0.137125  0.296288  2.000000  
81.778372 0.004504  0.090226  -0.007279  0.994912  0.093250  -0.038126  -0.093468  0.995614  -0.003972  0.037589  0.007515  0.999265  0.000659  -0.004850  -0.000663  0.010848  0.142144  0.304174  2.000000  
81.779374 0.004505  0.090218  -0.007279  0.994883  0.093449  -0.038405  -0.093672  0.995595  -0.004059  0.037856  0.007636  0.999254  0.000711  -0.005165  -0.000524  0.007022  0.150721  0.309970  2.000000  
81.780377 0.004507  0.090210  -0.007279  0.994854  0.093652  -0.038672  -0.093876  0.995576  -0.004026  0.038123  0.007636  0.999244  0.000789  -0.005546  -0.000413  0.007311  0.159772  0.316828  2.000000  
81.781622 0.004508  0.090201  -0.007278  0.994824  0.093854  -0.038939  -0.094080  0.995557  -0.003993  0.038391  0.007636  0.999234  0.000851  -0.005961  -0.000286  0.007603  0.168823  0.323684  2.000000  
81.782622 0.004509  0.090193  -0.007277  0.994819  0.093853  -0.039072  -0.094079  0.995557  -0.003981  0.038524  0.007636  0.999228  0.000864  -0.006284  -0.000177  0.007626  0.173343  0.323695  2.000000  
81.783622 0.004510  0.090185  -0.007277  0.994795  0.094053  -0.039217  -0.094284  0.995537  -0.004081  0.038658  0.007757  0.999222  0.000863  -0.006594  -0.000034  -0.000257  0.177960  0.330699  2.000000  
81.784867 0.004510  0.090175  -0.007276  0.994784  0.094046  -0.039495  -0.094283  0.995537  -0.004176  0.038926  0.007878  0.999211  0.000882  -0.006817  0.000182  -0.004504  0.185411  0.321082  2.000000  
81.785868 0.004511  0.090167  -0.007275  0.994779  0.094045  -0.039628  -0.094282  0.995537  -0.004164  0.039059  0.007878  0.999206  0.000890  -0.007036  0.000313  -0.004979  0.189701  0.307215  2.000000  
81.786904 0.004511  0.090159  -0.007273  0.994779  0.094040  -0.039639  -0.094282  0.995536  -0.004285  0.039059  0.007999  0.999205  0.000879  -0.007293  0.000464  -0.009568  0.186467  0.295601  2.000000  
81.788123 0.004510  0.090148  -0.007271  0.994774  0.094039  -0.039772  -0.094282  0.995536  -0.004272  0.039193  0.007999  0.999200  0.000804  -0.007548  0.000582  -0.009809  0.191087  0.288932  2.000000  
81.789125 0.004509  0.090140  -0.007269  0.994769  0.094033  -0.039917  -0.094281  0.995536  -0.004380  0.039327  0.008121  0.999193  0.000722  -0.007696  0.000724  -0.014099  0.191054  0.282010  2.000000  
81.790373 0.004509  0.090129  -0.007267  0.994763  0.094032  -0.040050  -0.094281  0.995536  -0.004367  0.039460  0.008120  0.999188  0.000598  -0.007851  0.000852  -0.014451  0.189402  0.266011  2.000000  
81.791621 0.004508  0.090118  -0.007265  0.994777  0.093821  -0.040193  -0.094075  0.995555  -0.004484  0.039594  0.008242  0.999182  0.000382  -0.008000  0.000980  -0.019711  0.184740  0.231805  2.000000  
81.792869 0.004506  0.090107  -0.007262  0.994772  0.093820  -0.040326  -0.094075  0.995555  -0.004471  0.039728  0.008242  0.999177  0.000179  -0.008169  0.001075  -0.020172  0.180168  0.218114  2.000000  
81.793873 0.004504  0.090098  -0.007261  0.994772  0.093815  -0.040338  -0.094075  0.995555  -0.004592  0.039728  0.008363  0.999176  -0.000009  -0.008251  0.001167  -0.024959  0.175505  0.197500  2.000000  
81.794883 0.004503  0.090089  -0.007258  0.994786  0.093609  -0.040470  -0.093870  0.995574  -0.004588  0.039861  0.008363  0.999170  -0.000193  -0.008354  0.001405  -0.025889  0.172225  0.178350  2.000000  
81.796125 0.004501  0.090079  -0.007255  0.994786  0.093604  -0.040481  -0.093870  0.995573  -0.004709  0.039861  0.008484  0.999169  -0.000455  -0.008460  0.001586  -0.030739  0.167634  0.157695  2.000000  
81.797372 0.004499  0.090066  -0.007253  0.994800  0.093393  -0.040625  -0.093664  0.995592  -0.004825  0.039995  0.008605  0.999163  -0.000709  -0.008604  0.001641  0.000000  0.000000  0.000000  2.000000  
81.798620 0.004496  0.090054  -0.007251  0.994800  0.093393  -0.040625  -0.093664  0.995592  -0.004825  0.039995  0.008605  0.999163  -0.000915  -0.008697  0.001708  0.000000  0.000000  0.000000  2.000000  
81.799621 0.004494  0.090045  -0.007250  0.994800  0.093388  -0.040636  -0.093664  0.995592  -0.004946  0.039995  0.008726  0.999162  -0.001096  -0.008811  0.001740  0.000000  0.000000  0.000000  2.000000  
81.800621 0.004492  0.090035  -0.007249  0.994800  0.093388  -0.040636  -0.093664  0.995592  -0.004946  0.039995  0.008726  0.999162  -0.001280  -0.008937  0.001710  0.000000  0.000000  0.000000  2.000000  
81.801621 0.004490  0.090026  -0.007248  0.994800  0.093383  -0.040647  -0.093664  0.995591  -0.005067  0.039995  0.008847  0.999161  -0.001435  -0.009058  0.001704  0.000000  0.000000  0.000000  2.000000  
81.802884 0.004487  0.090014  -0.007248  0.994800  0.093383  -0.040647  -0.093664  0.995591  -0.005067  0.039995  0.008847  0.999161  -0.001565  -0.009097  0.001539  0.000000  0.000000  0.000000  2.000000  
81.804126 0.004485  0.090003  -0.007247  0.994800  0.093378  -0.040659  -0.093664  0.995590  -0.005187  0.039995  0.008969  0.999160  -0.001644  -0.009134  0.001413  0.000000  0.000000  0.000000  2.000000  
81.805372 0.004482  0.089991  -0.007248  0.994800  0.093378  -0.040659  -0.093664  0.995590  -0.005187  0.039995  0.008969  0.999160  -0.001780  -0.009216  0.001302  0.000000  0.000000  0.000000  2.000000  
81.806378 0.004481  0.089981  -0.007248  0.994800  0.093378  -0.040659  -0.093664  0.995590  -0.005187  0.039995  0.008969  0.999160  -0.001842  -0.009283  0.001147  0.000000  0.000000  0.000000  2.000000  
81.807618 0.004478  0.089970  -0.007248  0.994800  0.093373  -0.040670  -0.093664  0.995590  -0.005308  0.039995  0.009090  0.999159  -0.001847  -0.009316  0.001041  0.000000  0.000000  0.000000  2.000000  
81.808622 0.004477  0.089960  -0.007247  0.994800  0.093373  -0.040670  -0.093664  0.995590  -0.005308  0.039995  0.009090  0.999159  -0.001879  -0.009356  0.000888  0.000000  0.000000  0.000000  2.000000  
81.809872 0.004475  0.089949  -0.007247  0.994800  0.093373  -0.040670  -0.093664  0.995590  -0.005308  0.039995  0.009090  0.999159  -0.001868  -0.009379  0.000721  0.000000  0.000000  0.000000  2.000000  
81.811119 0.004474  0.089937  -0.007247  0.994800  0.093373  -0.040670  -0.093664  0.995590  -0.005308  0.039995  0.009090  0.999159  -0.001834  -0.009422  0.000529  0.000000  0.000000  0.000000  2.000000  
81.812367 0.004473  0.089926  -0.007247  0.994800  0.093368  -0.040681  -0.093664  0.995589  -0.005429  0.039995  0.009211  0.999157  -0.001747  -0.009392  0.000367  0.000000  0.000000  0.000000  2.000000  
81.813624 0.004472  0.089914  -0.007248  0.994800  0.093368  -0.040681  -0.093664  0.995589  -0.005429  0.039995  0.009211  0.999157  -0.001605  -0.009370  0.000203  0.000000  0.000000  0.000000  2.000000  
81.814869 0.004471  0.089902  -0.007248  0.994800  0.093368  -0.040681  -0.093664  0.995589  -0.005429  0.039995  0.009211  0.999157  -0.001480  -0.009373  0.000123  0.000000  0.000000  0.000000  2.000000  
81.816122 0.004471  0.089890  -0.007249  0.994800  0.093363  -0.040693  -0.093664  0.995588  -0.005550  0.039995  0.009332  0.999156  -0.001334  -0.009353  -0.000046  0.000000  0.000000  0.000000  2.000000  
81.817369 0.004471  0.089879  -0.007250  0.994800  0.093363  -0.040693  -0.093664  0.995588  -0.005550  0.039995  0.009332  0.999156  -0.001146  -0.009284  -0.000126  0.000000  0.000000  0.000000  2.000000  
81.818370 0.004471  0.089870  -0.007251  0.994795  0.093362  -0.040826  -0.093664  0.995588  -0.005537  0.040129  0.009332  0.999151  -0.001025  -0.009272  -0.000214  0.000000  0.000000  0.000000  2.000000  
81.819617 0.004471  0.089860  -0.007251  0.994776  0.093567  -0.040827  -0.093869  0.995569  -0.005529  0.040129  0.009332  0.999151  -0.000804  -0.009209  -0.000232  0.000000  0.000000  0.000000  2.000000  
81.820626 0.004471  0.089851  -0.007252  0.994776  0.093567  -0.040827  -0.093869  0.995569  -0.005529  0.040129  0.009332  0.999151  -0.000662  -0.009118  -0.000291  0.000000  0.000000  0.000000  2.000000  
81.821873 0.004471  0.089840  -0.007252  0.994776  0.093567  -0.040827  -0.093869  0.995569  -0.005529  0.040129  0.009332  0.999151  -0.000534  -0.009070  -0.000290  0.000000  0.000000  0.000000  2.000000  
81.822876 0.004472  0.089832  -0.007252  0.994776  0.093567  -0.040827  -0.093869  0.995569  -0.005529  0.040129  0.009332  0.999151  -0.000425  -0.009009  -0.000328  0.000000  0.000000  0.000000  2.000000  
81.824119 0.004471  0.089821  -0.007253  0.994776  0.093567  -0.040827  -0.093869  0.995569  -0.005529  0.040129  0.009332  0.999151  -0.000324  -0.008966  -0.000391  0.000000  0.000000  0.000000  2.000000  
81.825121 0.004471  0.089813  -0.007254  0.994776  0.093567  -0.040827  -0.093869  0.995569  -0.005529  0.040129  0.009332  0.999151  -0.000211  -0.008920  -0.000429  0.000000  0.000000  0.000000  2.000000  
81.826121 0.004471  0.089804  -0.007254  0.994756  0.093772  -0.040828  -0.094073  0.995550  -0.005520  0.040129  0.009332  0.999151  -0.000174  -0.008875  -0.000454  0.000000  0.000000  0.000000  2.000000  
81.827121 0.004470  0.089796  -0.007254  0.994756  0.093772  -0.040828  -0.094073  0.995550  -0.005520  0.040129  0.009332  0.999151  -0.000172  -0.008792  -0.000419  0.000000  0.000000  0.000000  2.000000  
81.828124 0.004470  0.089788  -0.007253  0.994756  0.093772  -0.040828  -0.094073  0.995550  -0.005520  0.040129  0.009332  0.999151  -0.000139  -0.008685  -0.000364  0.000000  0.000000  0.000000  2.000000  
81.829374 0.004468  0.089777  -0.007253  0.994756  0.093772  -0.040828  -0.094073  0.995550  -0.005520  0.040129  0.009332  0.999151  -0.000165  -0.008616  -0.000323  0.000000  0.000000  0.000000  2.000000  
81.830619 0.004468  0.089768  -0.007253  0.994737  0.093982  -0.040818  -0.094278  0.995531  -0.005391  0.040129  0.009211  0.999152  -0.000175  -0.008505  -0.000221  0.000000  0.000000  0.000000  2.000000  
81.831622 0.004467  0.089760  -0.007252  0.994737  0.093982  -0.040818  -0.094278  0.995531  -0.005391  0.040129  0.009211  0.999152  -0.000242  -0.008389  -0.000171  0.000000  0.000000  0.000000  2.000000  
81.832872 0.004466  0.089751  -0.007251  0.994737  0.093982  -0.040818  -0.094278  0.995531  -0.005391  0.040129  0.009211  0.999152  -0.000277  -0.008244  -0.000064  0.000000  0.000000  0.000000  2.000000  
81.833872 0.004465  0.089744  -0.007251  0.994717  0.094187  -0.040819  -0.094483  0.995512  -0.005383  0.040129  0.009211  0.999152  -0.000367  -0.008137  0.000012  0.000000  0.000000  0.000000  2.000000  
81.834881 0.004465  0.089737  -0.007250  0.994717  0.094187  -0.040819  -0.094483  0.995512  -0.005383  0.040129  0.009211  0.999152  -0.000430  -0.008049  0.000087  0.000000  0.000000  0.000000  2.000000  
81.835893 0.004463  0.089730  -0.007250  0.994717  0.094187  -0.040819  -0.094483  0.995512  -0.005383  0.040129  0.009211  0.999152  -0.000541  -0.007935  0.000120  0.000000  0.000000  0.000000  2.000000  
81.837124 0.004461  0.089720  -0.007250  0.994698  0.094392  -0.040820  -0.094688  0.995493  -0.005374  0.040129  0.009211  0.999152  -0.000697  -0.007860  0.000168  0.000000  0.000000  0.000000  2.000000  
81.838374 0.004459  0.089710  -0.007250  0.994698  0.094392  -0.040820  -0.094688  0.995493  -0.005374  0.040129  0.009211  0.999152  -0.000832  -0.007801  0.000192  0.000000  0.000000  0.000000  2.000000  
81.839621 0.004456  0.089701  -0.007251  0.994678  0.094602  -0.040810  -0.094893  0.995474  -0.005245  0.040129  0.009090  0.999153  -0.001006  -0.007748  0.000185  0.000000  0.000000  0.000000  2.000000  
81.840873 0.004453  0.089691  -0.007252  0.994678  0.094602  -0.040810  -0.094893  0.995474  -0.005245  0.040129  0.009090  0.999153  -0.001227  -0.007667  0.000137  0.000000  0.000000  0.000000  2.000000  
81.841875 0.004450  0.089683  -0.007253  0.994678  0.094602  -0.040810  -0.094893  0.995474  -0.005245  0.040129  0.009090  0.999153  -0.001367  -0.007643  0.000070  0.000000  0.000000  0.000000  2.000000  
81.842885 0.004447  0.089676  -0.007253  0.994673  0.094606  -0.040931  -0.094892  0.995474  -0.005112  0.040263  0.008969  0.999149  -0.001527  -0.007587  0.000028  0.000000  0.000000  0.000000  2.000000  
81.844121 0.004443  0.089666  -0.007254  0.994653  0.094810  -0.040932  -0.095097  0.995455  -0.005103  0.040263  0.008969  0.999149  -0.001697  -0.007518  -0.000024  0.000000  0.000000  0.000000  2.000000  
81.845124 0.004440  0.089658  -0.007255  0.994653  0.094810  -0.040932  -0.095097  0.995455  -0.005103  0.040263  0.008969  0.999149  -0.001886  -0.007548  -0.000166  0.000000  0.000000  0.000000  2.000000  
81.846369 0.004436  0.089649  -0.007256  0.994653  0.094815  -0.040921  -0.095097  0.995456  -0.004983  0.040263  0.008847  0.999150  -0.002070  -0.007529  -0.000268  0.000000  0.000000  0.000000  2.000000  
81.847390 0.004433  0.089641  -0.007258  0.994653  0.094815  -0.040921  -0.095097  0.995456  -0.004983  0.040263  0.008847  0.999150  -0.002291  -0.007553  -0.000436  0.000000  0.000000  0.000000  2.000000  
81.848666 0.004428  0.089633  -0.007260  0.994653  0.094815  -0.040921  -0.095097  0.995456  -0.004983  0.040263  0.008847  0.999150  -0.002500  -0.007500  -0.000608  0.000000  0.000000  0.000000  2.000000  
81.849872 0.004424  0.089624  -0.007262  0.994648  0.094814  -0.041054  -0.095096  0.995456  -0.004970  0.040396  0.008847  0.999145  -0.002738  -0.007536  -0.000789  0.000000  0.000000  0.000000  2.000000  
81.851119 0.004418  0.089615  -0.007265  0.994628  0.095019  -0.041055  -0.095301  0.995436  -0.004961  0.040396  0.008847  0.999145  -0.002981  -0.007541  -0.000976  0.000000  0.000000  0.000000  2.000000  
81.852374 0.004413  0.089606  -0.007267  0.994648  0.094814  -0.041054  -0.095096  0.995456  -0.004970  0.040396  0.008847  0.999145  -0.003181  -0.007503  -0.001140  0.000000  0.000000  0.000000  2.000000  
81.853620 0.004408  0.089596  -0.007270  0.994648  0.094814  -0.041054  -0.095096  0.995456  -0.004970  0.040396  0.008847  0.999145  -0.003383  -0.007487  -0.001300  0.000000  0.000000  0.000000  2.000000  
81.854620 0.004403  0.089589  -0.007272  0.994643  0.094813  -0.041187  -0.095096  0.995456  -0.004957  0.040530  0.008847  0.999139  -0.003514  -0.007441  -0.001410  0.000000  0.000000  0.000000  2.000000  
81.855624 0.004398  0.089581  -0.007275  0.994643  0.094813  -0.041187  -0.095096  0.995456  -0.004957  0.040530  0.008847  0.999139  -0.003692  -0.007445  -0.001547  0.000000  0.000000  0.000000  2.000000  
81.856872 0.004392  0.089572  -0.007278  0.994643  0.094813  -0.041187  -0.095096  0.995456  -0.004957  0.040530  0.008847  0.999139  -0.003849  -0.007381  -0.001681  0.000000  0.000000  0.000000  2.000000  
81.857885 0.004387  0.089565  -0.007281  0.994643  0.094813  -0.041187  -0.095096  0.995456  -0.004957  0.040530  0.008847  0.999139  -0.004016  -0.007380  -0.001855  0.000000  0.000000  0.000000  2.000000  
81.859120 0.004381  0.089556  -0.007285  0.994637  0.094812  -0.041320  -0.095095  0.995456  -0.004944  0.040664  0.008847  0.999134  -0.004167  -0.007381  -0.002064  0.000000  0.000000  0.000000  2.000000  
81.860121 0.004376  0.089548  -0.007288  0.994637  0.094812  -0.041320  -0.095095  0.995456  -0.004944  0.040664  0.008847  0.999134  -0.004300  -0.007338  -0.002175  0.000000  0.000000  0.000000  2.000000  
81.861372 0.004369  0.089540  -0.007292  0.994637  0.094812  -0.041320  -0.095095  0.995456  -0.004944  0.040664  0.008847  0.999134  -0.004485  -0.007316  -0.002369  0.000000  0.000000  0.000000  2.000000  
81.862622 0.004363  0.089531  -0.007297  0.994632  0.094811  -0.041453  -0.095095  0.995456  -0.004932  0.040797  0.008847  0.999128  -0.004606  -0.007262  -0.002565  0.000000  0.000000  0.000000  2.000000  
81.863626 0.004357  0.089524  -0.007300  0.994632  0.094811  -0.041453  -0.095095  0.995456  -0.004932  0.040797  0.008847  0.999128  -0.004740  -0.007262  -0.002666  0.000000  0.000000  0.000000  2.000000  
81.864874 0.004350  0.089516  -0.007304  0.994632  0.094811  -0.041453  -0.095095  0.995456  -0.004932  0.040797  0.008847  0.999128  -0.004889  -0.007196  -0.002842  0.000000  0.000000  0.000000  2.000000  
81.866117 0.004343  0.089508  -0.007308  0.994632  0.094811  -0.041453  -0.095095  0.995456  -0.004932  0.040797  0.008847  0.999128  -0.004987  -0.007134  -0.002925  0.000000  0.000000  0.000000  2.000000  
81.867123 0.004338  0.089501  -0.007312  0.994626  0.094804  -0.041598  -0.095094  0.995456  -0.005040  0.040931  0.008968  0.999122  -0.005114  -0.007084  -0.003082  0.000000  0.000000  0.000000  2.000000  
81.868367 0.004331  0.089493  -0.007317  0.994646  0.094600  -0.041597  -0.094890  0.995475  -0.005048  0.040931  0.008968  0.999122  -0.005216  -0.006998  -0.003171  0.000000  0.000000  0.000000  2.000000  
81.869371 0.004325  0.089487  -0.007320  0.994646  0.094600  -0.041597  -0.094890  0.995475  -0.005048  0.040931  0.008968  0.999122  -0.005286  -0.006902  -0.003241  0.000000  0.000000  0.000000  2.000000  
81.870373 0.004319  0.089481  -0.007324  0.994646  0.094600  -0.041597  -0.094890  0.995475  -0.005048  0.040931  0.008968  0.999122  -0.005395  -0.006806  -0.003341  0.000000  0.000000  0.000000  2.000000  
81.871375 0.004313  0.089476  -0.007327  0.994646  0.094594  -0.041608  -0.094890  0.995474  -0.005169  0.040931  0.009090  0.999121  -0.005446  -0.006665  -0.003409  0.000000  0.000000  0.000000  2.000000  
81.872375 0.004308  0.089470  -0.007331  0.994641  0.094593  -0.041741  -0.094889  0.995475  -0.005156  0.041065  0.009089  0.999115  -0.005506  -0.006588  -0.003464  0.000000  0.000000  0.000000  2.000000  
81.873621 0.004300  0.089462  -0.007336  0.994641  0.094593  -0.041741  -0.094889  0.995475  -0.005156  0.041065  0.009089  0.999115  -0.005580  -0.006416  -0.003509  0.000000  0.000000  0.000000  2.000000  
81.874883 0.004293  0.089456  -0.007340  0.994641  0.094593  -0.041741  -0.094889  0.995475  -0.005156  0.041065  0.009089  0.999115  -0.005579  -0.006240  -0.003583  0.000000  0.000000  0.000000  2.000000  
81.876121 0.004286  0.089450  -0.007345  0.994641  0.094588  -0.041753  -0.094889  0.995474  -0.005277  0.041065  0.009211  0.999114  -0.005645  -0.006092  -0.003613  0.000000  0.000000  0.000000  2.000000  
81.877122 0.004280  0.089445  -0.007348  0.994615  0.094792  -0.041887  -0.095093  0.995454  -0.005256  0.041198  0.009211  0.999109  -0.005671  -0.005956  -0.003563  0.000000  0.000000  0.000000  2.000000  
81.878124 0.004275  0.089440  -0.007351  0.994615  0.094792  -0.041887  -0.095093  0.995454  -0.005256  0.041198  0.009211  0.999109  -0.005693  -0.005817  -0.003556  0.000000  0.000000  0.000000  2.000000  
81.879374 0.004268  0.089434  -0.007356  0.994615  0.094792  -0.041887  -0.095093  0.995454  -0.005256  0.041198  0.009211  0.999109  -0.005712  -0.005645  -0.003555  0.000000  0.000000  0.000000  2.000000  
81.880619 0.004261  0.089429  -0.007361  0.994615  0.094792  -0.041887  -0.095093  0.995454  -0.005256  0.041198  0.009211  0.999109  -0.005700  -0.005482  -0.003617  0.000000  0.000000  0.000000  2.000000  
81.881620 0.004256  0.089424  -0.007364  0.994615  0.094792  -0.041887  -0.095093  0.995454  -0.005256  0.041198  0.009211  0.999109  -0.005667  -0.005323  -0.003573  0.000000  0.000000  0.000000  2.000000  
81.882622 0.004251  0.089420  -0.007368  0.994615  0.094787  -0.041898  -0.095093  0.995454  -0.005376  0.041198  0.009332  0.999107  -0.005616  -0.005161  -0.003605  0.000000  0.000000  0.000000  2.000000  
81.883622 0.004245  0.089416  -0.007372  0.994615  0.094787  -0.041898  -0.095093  0.995454  -0.005376  0.041198  0.009332  0.999107  -0.005616  -0.005042  -0.003625  0.000000  0.000000  0.000000  2.000000  
81.884868 0.004239  0.089411  -0.007377  0.994615  0.094787  -0.041898  -0.095093  0.995454  -0.005376  0.041198  0.009332  0.999107  -0.005575  -0.004892  -0.003662  0.000000  0.000000  0.000000  2.000000  
81.885871 0.004233  0.089408  -0.007380  0.994615  0.094787  -0.041898  -0.095093  0.995454  -0.005376  0.041198  0.009332  0.999107  -0.005515  -0.004718  -0.003644  0.000000  0.000000  0.000000  2.000000  
81.886877 0.004229  0.089404  -0.007384  0.994615  0.094787  -0.041898  -0.095093  0.995454  -0.005376  0.041198  0.009332  0.999107  -0.005434  -0.004541  -0.003659  0.000000  0.000000  0.000000  2.000000  
81.887887 0.004224  0.089400  -0.007387  0.994615  0.094787  -0.041898  -0.095093  0.995454  -0.005376  0.041198  0.009332  0.999107  -0.005351  -0.004408  -0.003616  0.000000  0.000000  0.000000  2.000000  
81.889124 0.004218  0.089396  -0.007391  0.994615  0.094787  -0.041898  -0.095093  0.995454  -0.005376  0.041198  0.009332  0.999107  -0.005294  -0.004234  -0.003600  0.000000  0.000000  0.000000  2.000000  
81.890372 0.004212  0.089392  -0.007395  0.994615  0.094787  -0.041898  -0.095093  0.995454  -0.005376  0.041198  0.009332  0.999107  -0.005204  -0.004085  -0.003507  0.000000  0.000000  0.000000  2.000000  
81.891374 0.004207  0.089389  -0.007399  0.994615  0.094787  -0.041898  -0.095093  0.995454  -0.005376  0.041198  0.009332  0.999107  -0.005124  -0.003980  -0.003555  0.000000  0.000000  0.000000  2.000000  
81.892620 0.004202  0.089385  -0.007402  0.994615  0.094787  -0.041898  -0.095093  0.995454  -0.005376  0.041198  0.009332  0.999107  -0.005032  -0.003815  -0.003507  0.000000  0.000000  0.000000  2.000000  
81.893874 0.004196  0.089381  -0.007407  0.994596  0.094992  -0.041900  -0.095298  0.995434  -0.005368  0.041198  0.009332  0.999107  -0.004942  -0.003693  -0.003503  0.000000  0.000000  0.000000  2.000000  
81.894879 0.004192  0.089378  -0.007409  0.994596  0.094992  -0.041900  -0.095298  0.995434  -0.005368  0.041198  0.009332  0.999107  -0.004855  -0.003566  -0.003415  0.000000  0.000000  0.000000  2.000000  
81.896119 0.004187  0.089374  -0.007414  0.994596  0.094992  -0.041900  -0.095298  0.995434  -0.005368  0.041198  0.009332  0.999107  -0.004784  -0.003520  -0.003412  0.000000  0.000000  0.000000  2.000000  
81.897122 0.004182  0.089371  -0.007417  0.994596  0.094992  -0.041900  -0.095298  0.995434  -0.005368  0.041198  0.009332  0.999107  -0.004694  -0.003414  -0.003360  0.000000  0.000000  0.000000  2.000000  
81.898372 0.004177  0.089367  -0.007421  0.994601  0.094993  -0.041766  -0.095299  0.995434  -0.005381  0.041065  0.009332  0.999113  -0.004632  -0.003362  -0.003320  0.000000  0.000000  0.000000  2.000000  
81.899619 0.004172  0.089363  -0.007425  0.994601  0.094993  -0.041766  -0.095299  0.995434  -0.005381  0.041065  0.009332  0.999113  -0.004556  -0.003306  -0.003265  0.000000  0.000000  0.000000  2.000000  
81.900620 0.004167  0.089360  -0.007428  0.994601  0.094993  -0.041766  -0.095299  0.995434  -0.005381  0.041065  0.009332  0.999113  -0.004468  -0.003255  -0.003209  0.000000  0.000000  0.000000  2.000000  
81.901867 0.004162  0.089355  -0.007432  0.994582  0.095198  -0.041768  -0.095503  0.995415  -0.005372  0.041065  0.009332  0.999113  -0.004450  -0.003278  -0.003187  0.000000  0.000000  0.000000  2.000000  
81.902871 0.004158  0.089352  -0.007435  0.994582  0.095198  -0.041768  -0.095503  0.995415  -0.005372  0.041065  0.009332  0.999113  -0.004421  -0.003253  -0.003168  0.000000  0.000000  0.000000  2.000000  
81.903878 0.004154  0.089348  -0.007438  0.994582  0.095198  -0.041768  -0.095503  0.995415  -0.005372  0.041065  0.009332  0.999113  -0.004335  -0.003252  -0.003151  0.000000  0.000000  0.000000  2.000000  
81.905122 0.004148  0.089344  -0.007441  0.994562  0.095403  -0.041769  -0.095708  0.995395  -0.005363  0.041065  0.009332  0.999113  -0.004349  -0.003301  -0.003148  0.000000  0.000000  0.000000  2.000000  
81.906372 0.004143  0.089339  -0.007445  0.994562  0.095403  -0.041769  -0.095708  0.995395  -0.005363  0.041065  0.009332  0.999113  -0.004272  -0.003298  -0.003089  0.000000  0.000000  0.000000  2.000000  
81.907621 0.004138  0.089334  -0.007448  0.994562  0.095403  -0.041769  -0.095708  0.995395  -0.005363  0.041065  0.009332  0.999113  -0.004258  -0.003375  -0.003069  0.000000  0.000000  0.000000  2.000000  
81.908622 0.004133  0.089330  -0.007452  0.994542  0.095608  -0.041770  -0.095913  0.995375  -0.005355  0.041065  0.009332  0.999113  -0.004274  -0.003450  -0.003068  0.000000  0.000000  0.000000  2.000000  
81.909874 0.004128  0.089325  -0.007455  0.994542  0.095608  -0.041770  -0.095913  0.995375  -0.005355  0.041065  0.009332  0.999113  -0.004280  -0.003519  -0.003056  0.000000  0.000000  0.000000  2.000000  
81.910876 0.004123  0.089321  -0.007458  0.994523  0.095813  -0.041771  -0.096118  0.995356  -0.005346  0.041065  0.009332  0.999113  -0.004284  -0.003569  -0.003009  0.000000  0.000000  0.000000  2.000000  
81.912118 0.004117  0.089316  -0.007462  0.994523  0.095818  -0.041759  -0.096118  0.995356  -0.005225  0.041065  0.009211  0.999114  -0.004329  -0.003684  -0.002975  0.000000  0.000000  0.000000  2.000000  
81.913119 0.004113  0.089312  -0.007465  0.994503  0.096023  -0.041760  -0.096322  0.995337  -0.005217  0.041065  0.009211  0.999114  -0.004320  -0.003707  -0.002964  0.000000  0.000000  0.000000  2.000000  
81.914119 0.004108  0.089308  -0.007467  0.994503  0.096023  -0.041760  -0.096322  0.995337  -0.005217  0.041065  0.009211  0.999114  -0.004369  -0.003749  -0.002904  0.000000  0.000000  0.000000  2.000000  
81.915119 0.004103  0.089303  -0.007470  0.994483  0.096228  -0.041761  -0.096527  0.995317  -0.005208  0.041065  0.009211  0.999114  -0.004416  -0.003849  -0.002923  0.000000  0.000000  0.000000  2.000000  
81.916374 0.004097  0.089298  -0.007474  0.994463  0.096433  -0.041762  -0.096732  0.995297  -0.005200  0.041065  0.009211  0.999114  -0.004486  -0.003958  -0.002915  0.000000  0.000000  0.000000  2.000000  
81.917622 0.004091  0.089292  -0.007478  0.994463  0.096433  -0.041762  -0.096732  0.995297  -0.005200  0.041065  0.009211  0.999114  -0.004534  -0.004060  -0.002935  0.000000  0.000000  0.000000  2.000000  
81.918875 0.004085  0.089286  -0.007481  0.994443  0.096637  -0.041764  -0.096936  0.995277  -0.005191  0.041065  0.009211  0.999114  -0.004581  -0.004141  -0.002911  0.000000  0.000000  0.000000  2.000000  
81.919876 0.004080  0.089282  -0.007484  0.994423  0.096842  -0.041765  -0.097141  0.995257  -0.005183  0.041065  0.009211  0.999114  -0.004648  -0.004212  -0.002905  0.000000  0.000000  0.000000  2.000000  
81.921143 0.004073  0.089276  -0.007487  0.994403  0.097047  -0.041766  -0.097346  0.995237  -0.005174  0.041065  0.009211  0.999114  -0.004738  -0.004293  -0.002869  0.000000  0.000000  0.000000  2.000000  
81.922375 0.004066  0.089270  -0.007491  0.994383  0.097252  -0.041767  -0.097551  0.995217  -0.005165  0.041065  0.009211  0.999114  -0.004851  -0.004373  -0.002897  0.000000  0.000000  0.000000  2.000000  
81.923621 0.004059  0.089264  -0.007495  0.994368  0.097458  -0.041635  -0.097756  0.995197  -0.005170  0.040931  0.009211  0.999120  -0.004944  -0.004446  -0.002869  0.000000  0.000000  0.000000  2.000000  
81.924622 0.004054  0.089259  -0.007498  0.994368  0.097458  -0.041635  -0.097756  0.995197  -0.005170  0.040931  0.009211  0.999120  -0.005010  -0.004491  -0.002862  0.000000  0.000000  0.000000  2.000000  
81.925873 0.004047  0.089253  -0.007501  0.994328  0.097873  -0.041625  -0.098165  0.995157  -0.005032  0.040931  0.009090  0.999121  -0.005095  -0.004541  -0.002878  0.000000  0.000000  0.000000  2.000000  
81.926875 0.004041  0.089248  -0.007504  0.994308  0.098078  -0.041626  -0.098370  0.995137  -0.005023  0.040931  0.009090  0.999121  -0.005173  -0.004580  -0.002835  0.000000  0.000000  0.000000  2.000000  
81.927885 0.004035  0.089243  -0.007507  0.994293  0.098284  -0.041494  -0.098575  0.995117  -0.005028  0.040797  0.009090  0.999126  -0.005277  -0.004651  -0.002858  0.000000  0.000000  0.000000  2.000000  
81.929119 0.004028  0.089237  -0.007510  0.994273  0.098489  -0.041495  -0.098780  0.995097  -0.005019  0.040797  0.009090  0.999126  -0.005367  -0.004680  -0.002876  0.000000  0.000000  0.000000  2.000000  
81.930124 0.004022  0.089232  -0.007513  0.994252  0.098694  -0.041496  -0.098985  0.995076  -0.005011  0.040797  0.009090  0.999126  -0.005442  -0.004727  -0.002880  0.000000  0.000000  0.000000  2.000000  
81.931378 0.004015  0.089227  -0.007517  0.994217  0.099105  -0.041365  -0.099395  0.995036  -0.005007  0.040664  0.009090  0.999132  -0.005512  -0.004692  -0.002848  0.000000  0.000000  0.000000  2.000000  
81.932619 0.004007  0.089220  -0.007520  0.994181  0.099515  -0.041234  -0.099804  0.994994  -0.005003  0.040530  0.009090  0.999137  -0.005598  -0.004763  -0.002823  0.000000  0.000000  0.000000  2.000000  
81.933874 0.004000  0.089215  -0.007524  0.994140  0.099925  -0.041236  -0.100214  0.994953  -0.004986  0.040530  0.009090  0.999137  -0.005701  -0.004757  -0.002813  0.000000  0.000000  0.000000  2.000000  
81.935121 0.003992  0.089209  -0.007527  0.994104  0.100331  -0.041117  -0.100624  0.994911  -0.005104  0.040396  0.009211  0.999141  -0.005758  -0.004757  -0.002796  0.000000  0.000000  0.000000  2.000000  
81.936372 0.003985  0.089203  -0.007531  0.994047  0.100947  -0.040988  -0.101238  0.994849  -0.005092  0.040263  0.009211  0.999147  -0.005822  -0.004780  -0.002857  0.011674  -0.025250  0.186921  2.000000  
81.937376 0.003979  0.089198  -0.007534  0.994011  0.101358  -0.040857  -0.101648  0.994807  -0.005088  0.040129  0.009211  0.999152  -0.005836  -0.004775  -0.002808  0.012222  -0.029615  0.200765  2.000000  
81.938621 0.003971  0.089192  -0.007538  0.993953  0.101973  -0.040727  -0.102262  0.994745  -0.005077  0.039995  0.009211  0.999157  -0.005874  -0.004776  -0.002851  0.012666  -0.033707  0.212886  2.000000  
81.939621 0.003965  0.089187  -0.007541  0.993916  0.102384  -0.040596  -0.102672  0.994702  -0.005074  0.039861  0.009211  0.999163  -0.005944  -0.004803  -0.002901  0.013319  -0.038362  0.228565  2.000000  
81.940875 0.003957  0.089180  -0.007545  0.993837  0.103204  -0.040467  -0.103491  0.994618  -0.005054  0.039728  0.009211  0.999168  -0.006012  -0.004857  -0.002929  0.014023  -0.042308  0.247256  2.000000  
81.942121 0.003949  0.089174  -0.007549  0.993762  0.104026  -0.040205  -0.104311  0.994532  -0.005049  0.039460  0.009211  0.999179  -0.005986  -0.004864  -0.002998  0.011144  -0.051416  0.277055  2.000000  
81.943369 0.003941  0.089167  -0.007554  0.993681  0.104846  -0.040077  -0.105130  0.994446  -0.005030  0.039327  0.009211  0.999184  -0.006042  -0.004911  -0.003047  0.011962  -0.055727  0.297869  2.000000  
81.944373 0.003935  0.089162  -0.007557  0.993604  0.105667  -0.039815  -0.105949  0.994359  -0.005025  0.039059  0.009211  0.999194  -0.006080  -0.004940  -0.003057  0.012751  -0.064517  0.318630  2.000000  
81.945619 0.003927  0.089155  -0.007562  0.993500  0.106692  -0.039687  -0.106972  0.994249  -0.004999  0.038926  0.009211  0.999200  -0.006132  -0.005045  -0.003184  0.014006  -0.068172  0.350548  2.000000  
81.946622 0.003920  0.089149  -0.007566  0.993422  0.107513  -0.039425  -0.107791  0.994161  -0.004995  0.038658  0.009212  0.999210  -0.006188  -0.005121  -0.003213  0.014896  -0.077509  0.374122  2.000000  
81.947882 0.003912  0.089142  -0.007570  0.993320  0.108539  -0.039165  -0.108815  0.994050  -0.004983  0.038391  0.009212  0.999220  -0.006229  -0.005183  -0.003314  0.015938  -0.086209  0.401682  2.000000  
81.949119 0.003904  0.089134  -0.007575  0.993200  0.109770  -0.038772  -0.110044  0.993914  -0.004979  0.037990  0.009212  0.999236  -0.006301  -0.005320  -0.003391  0.017360  -0.098530  0.439784  2.000000  
81.950367 0.003895  0.089126  -0.007581  0.993079  0.111002  -0.038380  -0.111272  0.993778  -0.004976  0.037589  0.009212  0.999251  -0.006411  -0.005469  -0.003551  0.018628  -0.111629  0.474352  2.000000  
81.951371 0.003887  0.089119  -0.007585  0.992951  0.112232  -0.038120  -0.112500  0.993639  -0.004958  0.037321  0.009212  0.999261  -0.006494  -0.005568  -0.003598  0.019904  -0.120198  0.508574  2.000000  
81.952617 0.003878  0.089111  -0.007591  0.992807  0.113673  -0.037582  -0.113933  0.993477  -0.004844  0.036786  0.009091  0.999282  -0.006618  -0.005729  -0.003756  0.025413  -0.137688  0.549869  2.000000  
81.953625 0.003870  0.089103  -0.007596  0.992675  0.114902  -0.037322  -0.115160  0.993335  -0.004828  0.036519  0.009091  0.999292  -0.006749  -0.005933  -0.003907  0.026855  -0.143020  0.589085  2.000000  
81.954882 0.003860  0.089093  -0.007602  0.992504  0.116543  -0.036799  -0.116797  0.993144  -0.004829  0.035984  0.009091  0.999311  -0.006902  -0.006136  -0.004037  0.024474  -0.160544  0.637414  2.000000  
81.956122 0.003849  0.089083  -0.007608  0.992329  0.118183  -0.036276  -0.118434  0.992950  -0.004832  0.035449  0.009091  0.999330  -0.007094  -0.006403  -0.004185  0.025947  -0.176678  0.680554  2.000000  
81.957372 0.003839  0.089073  -0.007615  0.992127  0.120028  -0.035754  -0.120275  0.992729  -0.004829  0.034914  0.009092  0.999349  -0.007275  -0.006660  -0.004326  0.028028  -0.191126  0.741629  2.000000  
81.958621 0.003828  0.089061  -0.007621  0.991900  0.122082  -0.035085  -0.122320  0.992480  -0.004717  0.034246  0.008971  0.999373  -0.007497  -0.006956  -0.004450  0.033939  -0.213182  0.797255  2.000000  
81.959621 0.003818  0.089052  -0.007627  0.991711  0.123720  -0.034695  -0.123955  0.992277  -0.004709  0.033845  0.008971  0.999387  -0.007712  -0.007253  -0.004608  0.035581  -0.226194  0.845634  2.000000  
81.960622 0.003809  0.089041  -0.007633  0.991527  0.125360  -0.034040  -0.125591  0.992071  -0.004736  0.033176  0.008971  0.999409  -0.007899  -0.007593  -0.004786  0.037033  -0.243755  0.894263  2.000000  
81.961622 0.003799  0.089031  -0.007639  0.991337  0.126998  -0.033517  -0.127226  0.991862  -0.004748  0.032641  0.008971  0.999427  -0.008069  -0.007869  -0.004870  0.038255  -0.259170  0.935144  2.000000  
81.962881 0.003786  0.089016  -0.007646  0.991072  0.129255  -0.032716  -0.129474  0.991572  -0.004656  0.031839  0.008850  0.999454  -0.008375  -0.008350  -0.005069  0.044446  -0.283200  1.004983  2.000000  
81.964120 0.003773  0.089001  -0.007655  0.990801  0.131507  -0.031931  -0.131721  0.991276  -0.004687  0.031036  0.008850  0.999479  -0.008732  -0.008901  -0.005296  0.045975  -0.305321  1.061005  2.000000  
81.965122 0.003762  0.088989  -0.007661  0.990571  0.133348  -0.031410  -0.133559  0.991030  -0.004700  0.030501  0.008850  0.999496  -0.008965  -0.009279  -0.005410  0.051729  -0.322728  1.116474  2.000000  
81.966369 0.003748  0.088972  -0.007669  0.990238  0.136012  -0.030478  -0.136213  0.990669  -0.004623  0.029565  0.008729  0.999525  -0.009257  -0.009809  -0.005588  0.057147  -0.346251  1.176020  2.000000  
81.967622 0.003733  0.088955  -0.007677  0.989897  0.138671  -0.029564  -0.138867  0.990300  -0.004671  0.028629  0.008730  0.999552  -0.009657  -0.010455  -0.005787  0.059113  -0.372314  1.251687  2.000000  
81.968872 0.003718  0.088936  -0.007685  0.989523  0.141534  -0.028518  -0.141724  0.989895  -0.004738  0.027559  0.008730  0.999582  -0.009983  -0.011003  -0.005897  0.060913  -0.402862  1.327488  2.000000  
81.970120 0.003702  0.088916  -0.007694  0.989168  0.144195  -0.027454  -0.144376  0.989512  -0.004696  0.026489  0.008609  0.999612  -0.010388  -0.011741  -0.006036  0.066432  -0.432748  1.394014  2.000000  
