1-Time 2-Px 3-Py 4-Pz 5-R11 6-R21 7-R31 8-R12 9-R22 10-R32 11-R13 12-R23 13-R33 14-Vx 15-Vy 16-Vz 17-Wx 18-Wy 19-Wz 20-state 21-PR11 22-PR21 23-PR31 24-PR12 25-PR22 26-PR32 27-PR13 28-PR23 29-PR33 
94.937556 0.013006  0.094282  -0.006440  0.994322  0.106273  -0.005411  -0.106232  0.994315  0.007287  0.006155  -0.006671  0.999959  -0.000253  0.000087  0.000508  0.000000  0.000000  0.000000  2.000000  
94.938561 0.013006  0.094282  -0.006440  0.994322  0.106273  -0.005411  -0.106232  0.994315  0.007287  0.006155  -0.006671  0.999959  -0.000220  0.000029  0.000493  0.000000  0.000000  0.000000  2.000000  
94.939563 0.013008  0.094282  -0.006440  0.994256  0.106887  -0.005407  -0.106847  0.994249  0.007291  0.006155  -0.006671  0.999959  -0.000042  0.000022  0.000447  0.000000  0.000000  0.000000  2.000000  
94.940812 0.013011  0.094281  -0.006439  0.994191  0.107500  -0.005269  -0.107461  0.994183  0.007280  0.006021  -0.006671  0.999960  0.000186  -0.000008  0.000446  0.000000  0.000000  0.000000  2.000000  
94.941814 0.013014  0.094280  -0.006439  0.994147  0.107910  -0.005266  -0.107870  0.994138  0.007282  0.006021  -0.006671  0.999960  0.000425  -0.000065  0.000456  0.000000  0.000000  0.000000  2.000000  
94.943061 0.013019  0.094279  -0.006439  0.994125  0.108114  -0.005118  -0.108075  0.994115  0.007389  0.005887  -0.006792  0.999960  0.000755  -0.000159  0.000401  0.000000  0.000000  0.000000  2.000000  
94.944314 0.013024  0.094278  -0.006439  0.994058  0.108729  -0.005247  -0.108689  0.994048  0.007407  0.006021  -0.006792  0.999959  0.001161  -0.000196  0.000354  0.000000  0.000000  0.000000  2.000000  
94.945314 0.013029  0.094278  -0.006438  0.993989  0.109345  -0.005508  -0.109302  0.993981  0.007439  0.006288  -0.006792  0.999957  0.001475  -0.000225  0.000342  0.000000  0.000000  0.000000  2.000000  
94.946322 0.013034  0.094277  -0.006438  0.993920  0.109959  -0.005637  -0.109916  0.993913  0.007457  0.006422  -0.006792  0.999956  0.001818  -0.000283  0.000346  0.000000  0.000000  0.000000  2.000000  
94.947562 0.013040  0.094275  -0.006438  0.993829  0.110778  -0.005630  -0.110735  0.993822  0.007462  0.006422  -0.006792  0.999956  0.002252  -0.000436  0.000315  0.000000  0.000000  0.000000  2.000000  
94.948571 0.013045  0.094274  -0.006438  0.993761  0.111392  -0.005612  -0.111348  0.993752  0.007586  0.006422  -0.006914  0.999955  0.002635  -0.000530  0.000257  0.000000  0.000000  0.000000  2.000000  
94.949816 0.013053  0.094273  -0.006439  0.993669  0.112210  -0.005606  -0.112167  0.993660  0.007591  0.006422  -0.006914  0.999955  0.003151  -0.000569  0.000204  0.013433  0.012184  0.193782  2.000000  
94.950817 0.013058  0.094273  -0.006438  0.993576  0.113029  -0.005600  -0.112985  0.993568  0.007595  0.006422  -0.006914  0.999955  0.003553  -0.000630  0.000205  0.009529  0.011984  0.221457  2.000000  
94.952066 0.013066  0.094272  -0.006437  0.993483  0.113848  -0.005580  -0.113803  0.993473  0.007720  0.006422  -0.007035  0.999955  0.004071  -0.000654  0.000297  0.013784  0.011787  0.249251  2.000000  
94.953068 0.013072  0.094271  -0.006436  0.993412  0.114461  -0.005575  -0.114417  0.993403  0.007724  0.006422  -0.007035  0.999955  0.004500  -0.000745  0.000273  0.013906  0.011638  0.269871  2.000000  
94.954314 0.013081  0.094270  -0.006436  0.993317  0.115281  -0.005688  -0.115235  0.993307  0.007864  0.006556  -0.007156  0.999953  0.004956  -0.000806  0.000271  0.018176  0.015929  0.297615  2.000000  
94.955562 0.013090  0.094268  -0.006436  0.993244  0.115895  -0.005816  -0.115848  0.993236  0.007883  0.006690  -0.007156  0.999952  0.005328  -0.000897  0.000249  0.018328  0.020282  0.318401  2.000000  
94.956811 0.013098  0.094265  -0.006434  0.993172  0.116510  -0.005929  -0.116461  0.993163  0.008023  0.006824  -0.007278  0.999950  0.005586  -0.001011  0.000355  0.022560  0.024615  0.339201  2.000000  
94.957814 0.013105  0.094261  -0.006433  0.993100  0.117124  -0.005925  -0.117075  0.993091  0.008027  0.006824  -0.007278  0.999950  0.005834  -0.001186  0.000459  0.022557  0.024323  0.357795  2.000000  
94.959062 0.013114  0.094256  -0.006431  0.993027  0.117738  -0.005905  -0.117688  0.993017  0.008151  0.006824  -0.007399  0.999949  0.006069  -0.001487  0.000538  0.026930  0.019807  0.380708  2.000000  
94.960065 0.013122  0.094252  -0.006430  0.992954  0.118351  -0.005900  -0.118301  0.992944  0.008154  0.006824  -0.007399  0.999949  0.006282  -0.001733  0.000596  0.027115  0.019616  0.408456  2.000000  
94.961066 0.013129  0.094247  -0.006428  0.992905  0.118761  -0.006030  -0.118710  0.992895  0.008173  0.006957  -0.007399  0.999948  0.006419  -0.002059  0.000693  0.027244  0.024026  0.422510  2.000000  
94.962328 0.013136  0.094239  -0.006426  0.992856  0.119170  -0.006026  -0.119119  0.992846  0.008175  0.006957  -0.007399  0.999948  0.006521  -0.002438  0.000777  0.027301  0.023899  0.435811  2.000000  
94.963564 0.013144  0.094230  -0.006425  0.992807  0.119578  -0.006023  -0.119528  0.992797  0.008178  0.006957  -0.007399  0.999948  0.006586  -0.002886  0.000856  0.027406  0.023815  0.449884  2.000000  
94.964572 0.013151  0.094224  -0.006425  0.992757  0.119987  -0.006020  -0.119936  0.992748  0.008180  0.006957  -0.007399  0.999948  0.006674  -0.003369  0.000950  0.027488  0.023709  0.463566  2.000000  
94.965814 0.013159  0.094215  -0.006423  0.992708  0.120397  -0.006002  -0.120345  0.992697  0.008303  0.006957  -0.007520  0.999948  0.006709  -0.003856  0.001014  0.031662  0.023589  0.477525  2.000000  
94.966819 0.013165  0.094207  -0.006422  0.992683  0.120601  -0.006000  -0.120549  0.992673  0.008304  0.006957  -0.007520  0.999948  0.006702  -0.004397  0.000983  0.031705  0.023538  0.484404  2.000000  
94.968068 0.013172  0.094198  -0.006420  0.992658  0.120805  -0.005998  -0.120754  0.992648  0.008305  0.006957  -0.007520  0.999948  0.006637  -0.004891  0.001064  0.031767  0.023502  0.491582  2.000000  
94.969068 0.013177  0.094190  -0.006419  0.992633  0.121010  -0.005997  -0.120958  0.992623  0.008307  0.006957  -0.007520  0.999948  0.006510  -0.005405  0.001174  0.031707  0.023540  0.484433  2.000000  
94.970327 0.013184  0.094180  -0.006417  0.992633  0.121010  -0.005997  -0.120958  0.992623  0.008307  0.006957  -0.007520  0.999948  0.006377  -0.005947  0.001269  0.031529  0.028174  0.463559  2.000000  
94.971565 0.013190  0.094169  -0.006415  0.992608  0.121214  -0.005995  -0.121163  0.992598  0.008308  0.006957  -0.007520  0.999948  0.006216  -0.006478  0.001285  0.031458  0.028288  0.449994  2.000000  
94.972570 0.013193  0.094159  -0.006413  0.992608  0.121214  -0.005995  -0.121163  0.992598  0.008308  0.006957  -0.007520  0.999948  0.005950  -0.006918  0.001305  0.027297  0.032797  0.442960  2.000000  
94.973814 0.013197  0.094147  -0.006410  0.992583  0.121418  -0.005993  -0.121367  0.992573  0.008309  0.006957  -0.007520  0.999948  0.005598  -0.007396  0.001374  0.027100  0.028161  0.433100  2.000000  
94.974814 0.013200  0.094136  -0.006408  0.992608  0.121214  -0.005995  -0.121163  0.992598  0.008308  0.006957  -0.007520  0.999948  0.005262  -0.007872  0.001465  0.027135  0.024058  0.408385  2.000000  
94.976060 0.013203  0.094122  -0.006406  0.992608  0.121213  -0.006010  -0.121163  0.992599  0.008188  0.006957  -0.007399  0.999948  0.004914  -0.008286  0.001472  0.022942  0.015295  0.380870  2.000000  
94.977064 0.013204  0.094111  -0.006403  0.992608  0.121213  -0.006010  -0.121163  0.992599  0.008188  0.006957  -0.007399  0.999948  0.004611  -0.008669  0.001589  0.022794  0.015436  0.359965  2.000000  
94.978325 0.013206  0.094097  -0.006400  0.992608  0.121213  -0.006010  -0.121163  0.992599  0.008188  0.006957  -0.007399  0.999948  0.004209  -0.009024  0.001736  0.018429  0.015438  0.336485  2.000000  
94.979563 0.013208  0.094083  -0.006396  0.992609  0.121212  -0.005891  -0.121163  0.992600  0.008051  0.006824  -0.007278  0.999950  0.003816  -0.009407  0.001922  0.014176  0.011189  0.308921  2.000000  
94.980810 0.013211  0.094069  -0.006392  0.992634  0.121007  -0.005893  -0.120958  0.992625  0.008050  0.006824  -0.007278  0.999950  0.003431  -0.009746  0.002021  0.013905  0.011483  0.267775  2.000000  
94.981818 0.013212  0.094056  -0.006391  0.992634  0.121007  -0.005893  -0.120958  0.992625  0.008050  0.006824  -0.007278  0.999950  0.003144  -0.010062  0.002104  0.009758  0.011758  0.242270  2.000000  
94.983065 0.013214  0.094042  -0.006388  0.992659  0.120803  -0.005895  -0.120754  0.992650  0.008048  0.006824  -0.007278  0.999950  0.002803  -0.010379  0.002190  0.009496  0.011858  0.212843  2.000000  
94.984066 0.013215  0.094031  -0.006385  0.992659  0.120803  -0.005895  -0.120754  0.992650  0.008048  0.006824  -0.007278  0.999950  0.002518  -0.010587  0.002263  0.005327  0.007646  0.186881  2.000000  
94.985316 0.013217  0.094017  -0.006381  0.992658  0.120804  -0.006028  -0.120754  0.992650  0.008065  0.006957  -0.007278  0.999949  0.002209  -0.010881  0.002373  0.000000  0.000000  0.000000  2.000000  
94.986564 0.013219  0.094003  -0.006378  0.992683  0.120599  -0.006044  -0.120549  0.992676  0.007943  0.006957  -0.007156  0.999950  0.001932  -0.011109  0.002455  0.000000  0.000000  0.000000  2.000000  
94.987814 0.013220  0.093988  -0.006374  0.992708  0.120394  -0.006045  -0.120345  0.992700  0.007942  0.006957  -0.007156  0.999950  0.001775  -0.011264  0.002534  0.000000  0.000000  0.000000  2.000000  
94.988815 0.013221  0.093976  -0.006371  0.992709  0.120393  -0.005913  -0.120345  0.992700  0.007926  0.006824  -0.007156  0.999951  0.001638  -0.011363  0.002623  0.000000  0.000000  0.000000  2.000000  
94.990062 0.013223  0.093962  -0.006367  0.992709  0.120393  -0.005913  -0.120345  0.992700  0.007926  0.006824  -0.007156  0.999951  0.001547  -0.011439  0.002699  0.000000  0.000000  0.000000  2.000000  
94.991065 0.013225  0.093950  -0.006364  0.992709  0.120393  -0.005913  -0.120345  0.992700  0.007926  0.006824  -0.007156  0.999951  0.001496  -0.011490  0.002764  0.000000  0.000000  0.000000  2.000000  
94.992066 0.013227  0.093938  -0.006361  0.992709  0.120393  -0.005913  -0.120345  0.992700  0.007926  0.006824  -0.007156  0.999951  0.001546  -0.011515  0.002810  0.000000  0.000000  0.000000  2.000000  
94.993317 0.013231  0.093925  -0.006356  0.992733  0.120189  -0.005914  -0.120141  0.992725  0.007924  0.006824  -0.007156  0.999951  0.001638  -0.011454  0.002924  0.000000  0.000000  0.000000  2.000000  
94.994323 0.013235  0.093915  -0.006351  0.992732  0.120191  -0.006033  -0.120141  0.992724  0.008061  0.006957  -0.007278  0.999949  0.001769  -0.011352  0.003029  0.000000  0.000000  0.000000  2.000000  
94.995560 0.013240  0.093903  -0.006346  0.992732  0.120191  -0.006033  -0.120141  0.992724  0.008061  0.006957  -0.007278  0.999949  0.002018  -0.011212  0.003168  0.000000  0.000000  0.000000  2.000000  
94.996562 0.013245  0.093893  -0.006341  0.992732  0.120191  -0.006033  -0.120141  0.992724  0.008061  0.006957  -0.007278  0.999949  0.002253  -0.011063  0.003348  0.000000  0.000000  0.000000  2.000000  
94.997562 0.013250  0.093883  -0.006337  0.992732  0.120191  -0.006033  -0.120141  0.992724  0.008061  0.006957  -0.007278  0.999949  0.002494  -0.010980  0.003446  0.000000  0.000000  0.000000  2.000000  
94.998570 0.013256  0.093873  -0.006333  0.992732  0.120191  -0.006033  -0.120141  0.992724  0.008061  0.006957  -0.007278  0.999949  0.002804  -0.010877  0.003551  0.000000  0.000000  0.000000  2.000000  
94.999815 0.013263  0.093861  -0.006328  0.992732  0.120191  -0.006033  -0.120141  0.992724  0.008061  0.006957  -0.007278  0.999949  0.003102  -0.010746  0.003641  0.000000  0.000000  0.000000  2.000000  
95.000815 0.013269  0.093852  -0.006324  0.992732  0.120191  -0.006033  -0.120141  0.992724  0.008061  0.006957  -0.007278  0.999949  0.003470  -0.010623  0.003738  0.000000  0.000000  0.000000  2.000000  
95.002065 0.013277  0.093840  -0.006318  0.992708  0.120396  -0.006016  -0.120345  0.992698  0.008183  0.006957  -0.007399  0.999948  0.003908  -0.010422  0.003887  0.000000  0.000000  0.000000  2.000000  
95.003317 0.013285  0.093828  -0.006313  0.992708  0.120396  -0.006016  -0.120345  0.992698  0.008183  0.006957  -0.007399  0.999948  0.004370  -0.010253  0.004011  0.000000  0.000000  0.000000  2.000000  
95.004567 0.013294  0.093816  -0.006308  0.992708  0.120396  -0.006016  -0.120345  0.992698  0.008183  0.006957  -0.007399  0.999948  0.004763  -0.010138  0.004051  0.000000  0.000000  0.000000  2.000000  
95.005814 0.013302  0.093803  -0.006304  0.992708  0.120396  -0.006016  -0.120345  0.992698  0.008183  0.006957  -0.007399  0.999948  0.005208  -0.009959  0.004094  0.000000  0.000000  0.000000  2.000000  
95.006857 0.013309  0.093794  -0.006300  0.992683  0.120601  -0.006000  -0.120549  0.992673  0.008304  0.006957  -0.007520  0.999948  0.005486  -0.009795  0.004118  0.000000  0.000000  0.000000  2.000000  
95.008062 0.013318  0.093782  -0.006295  0.992683  0.120601  -0.006000  -0.120549  0.992673  0.008304  0.006957  -0.007520  0.999948  0.005888  -0.009727  0.004100  0.000000  0.000000  0.000000  2.000000  
95.009062 0.013325  0.093773  -0.006291  0.992658  0.120806  -0.005984  -0.120754  0.992647  0.008426  0.006957  -0.007641  0.999947  0.006126  -0.009632  0.004044  0.000000  0.000000  0.000000  2.000000  
95.010326 0.013334  0.093762  -0.006286  0.992658  0.120806  -0.005984  -0.120754  0.992647  0.008426  0.006957  -0.007641  0.999947  0.006356  -0.009567  0.004038  0.000000  0.000000  0.000000  2.000000  
95.011564 0.013344  0.093751  -0.006281  0.992658  0.120807  -0.005969  -0.120754  0.992646  0.008546  0.006957  -0.007763  0.999946  0.006583  -0.009474  0.004021  0.000000  0.000000  0.000000  2.000000  
95.012565 0.013351  0.093742  -0.006277  0.992633  0.121011  -0.005967  -0.120958  0.992621  0.008547  0.006957  -0.007763  0.999946  0.006714  -0.009423  0.004028  0.000000  0.000000  0.000000  2.000000  
95.013812 0.013359  0.093731  -0.006272  0.992633  0.121011  -0.005967  -0.120958  0.992621  0.008547  0.006957  -0.007763  0.999946  0.006824  -0.009349  0.004059  0.000000  0.000000  0.000000  2.000000  
95.014822 0.013367  0.093722  -0.006267  0.992608  0.121215  -0.005965  -0.121163  0.992596  0.008549  0.006957  -0.007763  0.999946  0.006920  -0.009317  0.004044  0.000000  0.000000  0.000000  2.000000  
95.016063 0.013375  0.093710  -0.006262  0.992608  0.121215  -0.005965  -0.121163  0.992596  0.008549  0.006957  -0.007763  0.999946  0.006921  -0.009329  0.004043  0.000000  0.000000  0.000000  2.000000  
95.017065 0.013381  0.093700  -0.006259  0.992583  0.121420  -0.005964  -0.121367  0.992571  0.008550  0.006957  -0.007763  0.999946  0.006958  -0.009366  0.003983  0.000000  0.000000  0.000000  2.000000  
95.018065 0.013388  0.093690  -0.006254  0.992583  0.121420  -0.005964  -0.121367  0.992571  0.008550  0.006957  -0.007763  0.999946  0.006972  -0.009392  0.003999  0.000000  0.000000  0.000000  2.000000  
95.019317 0.013396  0.093677  -0.006249  0.992557  0.121625  -0.006095  -0.121571  0.992546  0.008567  0.007091  -0.007763  0.999945  0.006902  -0.009389  0.004040  0.000000  0.000000  0.000000  2.000000  
95.020318 0.013402  0.093667  -0.006245  0.992557  0.121625  -0.006095  -0.121571  0.992546  0.008567  0.007091  -0.007763  0.999945  0.006857  -0.009416  0.004054  0.000000  0.000000  0.000000  2.000000  
95.021564 0.013410  0.093654  -0.006240  0.992532  0.121829  -0.006093  -0.121775  0.992521  0.008569  0.007091  -0.007763  0.999945  0.006888  -0.009475  0.004080  0.000000  0.000000  0.000000  2.000000  
95.022566 0.013416  0.093644  -0.006236  0.992532  0.121830  -0.006078  -0.121775  0.992520  0.008689  0.007091  -0.007884  0.999944  0.006777  -0.009498  0.004096  0.000000  0.000000  0.000000  2.000000  
95.023813 0.013423  0.093631  -0.006232  0.992507  0.122035  -0.006076  -0.121980  0.992495  0.008690  0.007091  -0.007884  0.999944  0.006650  -0.009646  0.004055  0.000000  0.000000  0.000000  2.000000  
95.025061 0.013430  0.093618  -0.006227  0.992507  0.122035  -0.006076  -0.121980  0.992495  0.008690  0.007091  -0.007884  0.999944  0.006486  -0.009805  0.003984  0.000000  0.000000  0.000000  2.000000  
95.026062 0.013435  0.093606  -0.006224  0.992507  0.122035  -0.006076  -0.121980  0.992495  0.008690  0.007091  -0.007884  0.999944  0.006368  -0.009962  0.003947  0.000000  0.000000  0.000000  2.000000  
95.027064 0.013441  0.093595  -0.006221  0.992482  0.122240  -0.006060  -0.122184  0.992468  0.008812  0.007091  -0.008005  0.999943  0.006206  -0.010151  0.003888  0.000000  0.000000  0.000000  2.000000  
95.028311 0.013447  0.093581  -0.006217  0.992482  0.122240  -0.006060  -0.122184  0.992468  0.008812  0.007091  -0.008005  0.999943  0.006068  -0.010315  0.003785  0.000000  0.000000  0.000000  2.000000  
95.029316 0.013452  0.093569  -0.006213  0.992482  0.122240  -0.006060  -0.122184  0.992468  0.008812  0.007091  -0.008005  0.999943  0.005936  -0.010477  0.003790  0.000000  0.000000  0.000000  2.000000  
95.030573 0.013458  0.093553  -0.006209  0.992482  0.122240  -0.006060  -0.122184  0.992468  0.008812  0.007091  -0.008005  0.999943  0.005718  -0.010751  0.003651  0.000000  0.000000  0.000000  2.000000  
95.031817 0.013463  0.093537  -0.006205  0.992457  0.122444  -0.006058  -0.122388  0.992443  0.008813  0.007091  -0.008005  0.999943  0.005526  -0.011019  0.003606  0.000000  0.000000  0.000000  2.000000  
95.033065 0.013469  0.093521  -0.006201  0.992456  0.122445  -0.006191  -0.122388  0.992443  0.008830  0.007225  -0.008005  0.999942  0.005391  -0.011222  0.003517  0.000000  0.000000  0.000000  2.000000  
95.034327 0.013474  0.093505  -0.006197  0.992456  0.122445  -0.006191  -0.122388  0.992443  0.008830  0.007225  -0.008005  0.999942  0.005194  -0.011506  0.003446  0.000000  0.000000  0.000000  2.000000  
95.035564 0.013480  0.093489  -0.006192  0.992456  0.122445  -0.006191  -0.122388  0.992443  0.008830  0.007225  -0.008005  0.999942  0.005084  -0.011705  0.003413  0.000000  0.000000  0.000000  2.000000  
95.036566 0.013485  0.093477  -0.006188  0.992456  0.122445  -0.006191  -0.122388  0.992443  0.008830  0.007225  -0.008005  0.999942  0.004997  -0.011848  0.003420  0.000000  0.000000  0.000000  2.000000  
95.037813 0.013491  0.093460  -0.006184  0.992456  0.122445  -0.006191  -0.122388  0.992443  0.008830  0.007225  -0.008005  0.999942  0.004887  -0.012065  0.003434  0.000000  0.000000  0.000000  2.000000  
95.038815 0.013495  0.093447  -0.006181  0.992456  0.122445  -0.006191  -0.122388  0.992443  0.008830  0.007225  -0.008005  0.999942  0.004820  -0.012244  0.003415  0.000000  0.000000  0.000000  2.000000  
95.040064 0.013501  0.093431  -0.006176  0.992456  0.122445  -0.006191  -0.122388  0.992443  0.008830  0.007225  -0.008005  0.999942  0.004752  -0.012442  0.003431  0.000000  0.000000  0.000000  2.000000  
95.041064 0.013506  0.093417  -0.006173  0.992456  0.122445  -0.006191  -0.122388  0.992443  0.008830  0.007225  -0.008005  0.999942  0.004675  -0.012615  0.003435  0.000000  0.000000  0.000000  2.000000  
95.042328 0.013511  0.093401  -0.006169  0.992456  0.122445  -0.006191  -0.122388  0.992443  0.008830  0.007225  -0.008005  0.999942  0.004592  -0.012772  0.003435  0.000000  0.000000  0.000000  2.000000  
95.043566 0.013516  0.093383  -0.006165  0.992455  0.122446  -0.006323  -0.122388  0.992443  0.008846  0.007359  -0.008005  0.999941  0.004522  -0.013015  0.003356  0.000000  0.000000  0.000000  2.000000  
95.044816 0.013522  0.093365  -0.006161  0.992455  0.122446  -0.006323  -0.122388  0.992443  0.008846  0.007359  -0.008005  0.999941  0.004544  -0.013163  0.003343  0.000000  0.000000  0.000000  2.000000  
95.046060 0.013528  0.093348  -0.006157  0.992455  0.122446  -0.006323  -0.122388  0.992443  0.008846  0.007359  -0.008005  0.999941  0.004561  -0.013283  0.003354  0.000000  0.000000  0.000000  2.000000  
95.047061 0.013533  0.093334  -0.006154  0.992455  0.122446  -0.006323  -0.122388  0.992443  0.008846  0.007359  -0.008005  0.999941  0.004581  -0.013341  0.003378  0.000000  0.000000  0.000000  2.000000  
95.048067 0.013538  0.093320  -0.006151  0.992455  0.122446  -0.006323  -0.122388  0.992443  0.008846  0.007359  -0.008005  0.999941  0.004608  -0.013432  0.003380  0.000000  0.000000  0.000000  2.000000  
95.049318 0.013545  0.093303  -0.006147  0.992455  0.122446  -0.006323  -0.122388  0.992443  0.008846  0.007359  -0.008005  0.999941  0.004725  -0.013499  0.003325  0.000000  0.000000  0.000000  2.000000  
95.050328 0.013550  0.093289  -0.006144  0.992455  0.122446  -0.006323  -0.122388  0.992443  0.008846  0.007359  -0.008005  0.999941  0.004793  -0.013549  0.003307  0.000000  0.000000  0.000000  2.000000  
95.051562 0.013557  0.093272  -0.006139  0.992455  0.122446  -0.006323  -0.122388  0.992443  0.008846  0.007359  -0.008005  0.999941  0.004856  -0.013624  0.003260  0.000000  0.000000  0.000000  2.000000  
95.052566 0.013564  0.093259  -0.006136  0.992455  0.122446  -0.006323  -0.122388  0.992443  0.008846  0.007359  -0.008005  0.999941  0.004966  -0.013638  0.003219  0.000000  0.000000  0.000000  2.000000  
95.053815 0.013572  0.093242  -0.006132  0.992455  0.122446  -0.006323  -0.122388  0.992443  0.008846  0.007359  -0.008005  0.999941  0.005101  -0.013679  0.003189  0.000000  0.000000  0.000000  2.000000  
95.055066 0.013580  0.093226  -0.006128  0.992455  0.122446  -0.006323  -0.122388  0.992443  0.008846  0.007359  -0.008005  0.999941  0.005275  -0.013630  0.003232  0.000000  0.000000  0.000000  2.000000  
95.056313 0.013588  0.093210  -0.006123  0.992430  0.122650  -0.006322  -0.122593  0.992418  0.008847  0.007359  -0.008005  0.999941  0.005443  -0.013636  0.003226  0.000000  0.000000  0.000000  2.000000  
95.057317 0.013594  0.093197  -0.006120  0.992430  0.122650  -0.006322  -0.122593  0.992418  0.008847  0.007359  -0.008005  0.999941  0.005574  -0.013591  0.003234  0.000000  0.000000  0.000000  2.000000  
95.058325 0.013601  0.093183  -0.006117  0.992429  0.122651  -0.006454  -0.122592  0.992418  0.008864  0.007493  -0.008005  0.999940  0.005740  -0.013528  0.003272  0.000000  0.000000  0.000000  2.000000  
95.059566 0.013609  0.093167  -0.006113  0.992429  0.122651  -0.006454  -0.122592  0.992418  0.008864  0.007493  -0.008005  0.999940  0.005911  -0.013436  0.003256  0.000000  0.000000  0.000000  2.000000  
95.060811 0.013618  0.093151  -0.006110  0.992429  0.122651  -0.006454  -0.122592  0.992418  0.008864  0.007493  -0.008005  0.999940  0.006038  -0.013361  0.003215  0.000000  0.000000  0.000000  2.000000  
95.061817 0.013625  0.093138  -0.006107  0.992429  0.122651  -0.006454  -0.122592  0.992418  0.008864  0.007493  -0.008005  0.999940  0.006211  -0.013256  0.003196  0.000000  0.000000  0.000000  2.000000  
95.063060 0.013633  0.093123  -0.006103  0.992404  0.122856  -0.006453  -0.122797  0.992392  0.008865  0.007493  -0.008005  0.999940  0.006359  -0.013139  0.003170  0.000000  0.000000  0.000000  2.000000  
95.064065 0.013640  0.093110  -0.006100  0.992404  0.122856  -0.006453  -0.122797  0.992392  0.008865  0.007493  -0.008005  0.999940  0.006476  -0.013058  0.003164  0.000000  0.000000  0.000000  2.000000  
95.065074 0.013647  0.093098  -0.006098  0.992404  0.122857  -0.006438  -0.122797  0.992391  0.008985  0.007493  -0.008127  0.999939  0.006554  -0.012931  0.003104  0.000000  0.000000  0.000000  2.000000  
95.066327 0.013656  0.093083  -0.006095  0.992404  0.122857  -0.006438  -0.122797  0.992391  0.008985  0.007493  -0.008127  0.999939  0.006676  -0.012794  0.002999  0.000000  0.000000  0.000000  2.000000  
95.067565 0.013665  0.093069  -0.006092  0.992377  0.123062  -0.006569  -0.123001  0.992366  0.009003  0.007626  -0.008127  0.999938  0.006723  -0.012687  0.002946  0.000000  0.000000  0.000000  2.000000  
95.068566 0.013671  0.093057  -0.006090  0.992377  0.123062  -0.006569  -0.123001  0.992366  0.009003  0.007626  -0.008127  0.999938  0.006758  -0.012574  0.002894  0.000000  0.000000  0.000000  2.000000  
95.069568 0.013678  0.093045  -0.006088  0.992377  0.123062  -0.006569  -0.123001  0.992366  0.009003  0.007626  -0.008127  0.999938  0.006754  -0.012503  0.002786  0.000000  0.000000  0.000000  2.000000  
95.070815 0.013686  0.093030  -0.006084  0.992352  0.123266  -0.006567  -0.123205  0.992340  0.009005  0.007626  -0.008127  0.999938  0.006751  -0.012416  0.002748  0.000000  0.000000  0.000000  2.000000  
95.072064 0.013694  0.093016  -0.006082  0.992351  0.123267  -0.006700  -0.123205  0.992340  0.009021  0.007760  -0.008127  0.999937  0.006762  -0.012270  0.002644  0.000000  0.000000  0.000000  2.000000  
95.073065 0.013700  0.093004  -0.006079  0.992351  0.123267  -0.006700  -0.123205  0.992340  0.009021  0.007760  -0.008127  0.999937  0.006691  -0.012192  0.002577  0.000000  0.000000  0.000000  2.000000  
95.074324 0.013708  0.092990  -0.006077  0.992326  0.123472  -0.006698  -0.123409  0.992315  0.009022  0.007760  -0.008127  0.999937  0.006660  -0.012012  0.002461  0.000000  0.000000  0.000000  2.000000  
95.075560 0.013715  0.092975  -0.006074  0.992324  0.123473  -0.006830  -0.123409  0.992315  0.009039  0.007894  -0.008127  0.999936  0.006620  -0.011941  0.002395  0.000000  0.000000  0.000000  2.000000  
95.076562 0.013721  0.092964  -0.006072  0.992324  0.123473  -0.006830  -0.123409  0.992315  0.009039  0.007894  -0.008127  0.999936  0.006572  -0.011811  0.002340  0.000000  0.000000  0.000000  2.000000  
95.077564 0.013727  0.092953  -0.006070  0.992299  0.123677  -0.006829  -0.123614  0.992289  0.009040  0.007894  -0.008127  0.999936  0.006501  -0.011736  0.002273  0.000000  0.000000  0.000000  2.000000  
95.078565 0.013733  0.092941  -0.006069  0.992299  0.123677  -0.006829  -0.123614  0.992289  0.009040  0.007894  -0.008127  0.999936  0.006398  -0.011655  0.002203  0.000000  0.000000  0.000000  2.000000  
95.079568 0.013738  0.092931  -0.006067  0.992298  0.123678  -0.006961  -0.123613  0.992289  0.009057  0.008028  -0.008127  0.999935  0.006309  -0.011588  0.002143  0.000000  0.000000  0.000000  2.000000  
95.080810 0.013745  0.092917  -0.006065  0.992273  0.123882  -0.006960  -0.123818  0.992264  0.009058  0.008028  -0.008127  0.999935  0.006184  -0.011509  0.002079  0.000000  0.000000  0.000000  2.000000  
95.081818 0.013751  0.092907  -0.006063  0.992273  0.123882  -0.006960  -0.123818  0.992264  0.009058  0.008028  -0.008127  0.999935  0.006052  -0.011391  0.002031  0.000000  0.000000  0.000000  2.000000  
95.083065 0.013757  0.092893  -0.006061  0.992271  0.123883  -0.007092  -0.123818  0.992264  0.009075  0.008162  -0.008127  0.999934  0.005959  -0.011288  0.001990  0.000000  0.000000  0.000000  2.000000  
95.084317 0.013764  0.092880  -0.006059  0.992271  0.123883  -0.007092  -0.123818  0.992264  0.009075  0.008162  -0.008127  0.999934  0.005822  -0.011181  0.001914  0.000000  0.000000  0.000000  2.000000  
95.085565 0.013770  0.092867  -0.006058  0.992246  0.124088  -0.007090  -0.124022  0.992238  0.009076  0.008162  -0.008127  0.999934  0.005697  -0.011116  0.001824  0.000000  0.000000  0.000000  2.000000  
95.086812 0.013776  0.092853  -0.006056  0.992246  0.124088  -0.007090  -0.124022  0.992238  0.009076  0.008162  -0.008127  0.999934  0.005563  -0.011012  0.001748  0.000000  0.000000  0.000000  2.000000  
95.087815 0.013781  0.092843  -0.006054  0.992245  0.124089  -0.007223  -0.124022  0.992238  0.009093  0.008295  -0.008127  0.999933  0.005478  -0.010930  0.001718  0.000000  0.000000  0.000000  2.000000  
95.089062 0.013787  0.092830  -0.006053  0.992245  0.124089  -0.007223  -0.124022  0.992238  0.009093  0.008295  -0.008127  0.999933  0.005375  -0.010876  0.001652  0.000000  0.000000  0.000000  2.000000  
95.090327 0.013793  0.092817  -0.006050  0.992219  0.124293  -0.007221  -0.124226  0.992212  0.009094  0.008295  -0.008127  0.999933  0.005260  -0.010718  0.001595  0.000000  0.000000  0.000000  2.000000  
95.091560 0.013799  0.092804  -0.006048  0.992219  0.124293  -0.007221  -0.124226  0.992212  0.009094  0.008295  -0.008127  0.999933  0.005164  -0.010662  0.001619  0.000000  0.000000  0.000000  2.000000  
95.092565 0.013803  0.092794  -0.006046  0.992218  0.124294  -0.007354  -0.124226  0.992212  0.009111  0.008429  -0.008127  0.999931  0.005077  -0.010583  0.001621  0.000000  0.000000  0.000000  2.000000  
95.093568 0.013808  0.092784  -0.006044  0.992218  0.124294  -0.007354  -0.124226  0.992212  0.009111  0.008429  -0.008127  0.999931  0.004988  -0.010524  0.001638  0.000000  0.000000  0.000000  2.000000  
95.094570 0.013812  0.092773  -0.006042  0.992218  0.124294  -0.007354  -0.124226  0.992212  0.009111  0.008429  -0.008127  0.999931  0.004909  -0.010491  0.001667  0.000000  0.000000  0.000000  2.000000  
95.095810 0.013817  0.092760  -0.006040  0.992193  0.124498  -0.007352  -0.124430  0.992187  0.009112  0.008429  -0.008127  0.999931  0.004796  -0.010462  0.001630  0.000000  0.000000  0.000000  2.000000  
95.096817 0.013821  0.092750  -0.006038  0.992193  0.124498  -0.007352  -0.124430  0.992187  0.009112  0.008429  -0.008127  0.999931  0.004674  -0.010455  0.001672  0.000000  0.000000  0.000000  2.000000  
95.098066 0.013826  0.092737  -0.006036  0.992193  0.124498  -0.007352  -0.124430  0.992187  0.009112  0.008429  -0.008127  0.999931  0.004592  -0.010409  0.001687  0.000000  0.000000  0.000000  2.000000  
95.099318 0.013831  0.092724  -0.006033  0.992191  0.124499  -0.007485  -0.124430  0.992186  0.009129  0.008563  -0.008127  0.999930  0.004456  -0.010370  0.001719  0.000000  0.000000  0.000000  2.000000  
95.100566 0.013836  0.092712  -0.006032  0.992166  0.124704  -0.007483  -0.124634  0.992161  0.009131  0.008563  -0.008127  0.999930  0.004366  -0.010308  0.001736  0.000000  0.000000  0.000000  2.000000  
95.101815 0.013840  0.092699  -0.006029  0.992166  0.124704  -0.007483  -0.124634  0.992161  0.009131  0.008563  -0.008127  0.999930  0.004255  -0.010307  0.001742  0.000000  0.000000  0.000000  2.000000  
95.102815 0.013844  0.092689  -0.006027  0.992166  0.124704  -0.007483  -0.124634  0.992161  0.009131  0.008563  -0.008127  0.999930  0.004177  -0.010275  0.001772  0.000000  0.000000  0.000000  2.000000  
95.104065 0.013848  0.092676  -0.006025  0.992166  0.124704  -0.007483  -0.124634  0.992161  0.009131  0.008563  -0.008127  0.999930  0.004108  -0.010273  0.001813  0.000000  0.000000  0.000000  2.000000  
95.105317 0.013853  0.092663  -0.006023  0.992140  0.124908  -0.007481  -0.124838  0.992135  0.009132  0.008563  -0.008127  0.999930  0.004005  -0.010271  0.001821  0.000000  0.000000  0.000000  2.000000  
95.106325 0.013857  0.092653  -0.006021  0.992140  0.124908  -0.007481  -0.124838  0.992135  0.009132  0.008563  -0.008127  0.999930  0.003927  -0.010231  0.001809  0.000000  0.000000  0.000000  2.000000  
95.107560 0.013861  0.092640  -0.006019  0.992140  0.124908  -0.007481  -0.124838  0.992135  0.009132  0.008563  -0.008127  0.999930  0.003840  -0.010266  0.001830  0.000000  0.000000  0.000000  2.000000  
95.108563 0.013864  0.092630  -0.006017  0.992114  0.125112  -0.007479  -0.125043  0.992109  0.009134  0.008563  -0.008127  0.999930  0.003786  -0.010265  0.001833  0.000000  0.000000  0.000000  2.000000  
95.109565 0.013868  0.092619  -0.006015  0.992114  0.125112  -0.007479  -0.125043  0.992109  0.009134  0.008563  -0.008127  0.999930  0.003731  -0.010264  0.001836  0.000000  0.000000  0.000000  2.000000  
95.110565 0.013871  0.092609  -0.006014  0.992114  0.125112  -0.007479  -0.125043  0.992109  0.009134  0.008563  -0.008127  0.999930  0.003677  -0.010266  0.001801  0.000000  0.000000  0.000000  2.000000  
95.111567 0.013875  0.092598  -0.006012  0.992089  0.125316  -0.007477  -0.125247  0.992084  0.009135  0.008563  -0.008127  0.999930  0.003646  -0.010301  0.001779  0.000000  0.000000  0.000000  2.000000  
95.112811 0.013879  0.092585  -0.006010  0.992089  0.125316  -0.007477  -0.125247  0.992084  0.009135  0.008563  -0.008127  0.999930  0.003573  -0.010328  0.001762  0.000000  0.000000  0.000000  2.000000  
95.113811 0.013882  0.092575  -0.006008  0.992063  0.125521  -0.007476  -0.125451  0.992058  0.009137  0.008563  -0.008127  0.999930  0.003573  -0.010331  0.001762  0.000000  0.000000  0.000000  2.000000  
95.114819 0.013885  0.092564  -0.006006  0.992063  0.125521  -0.007476  -0.125451  0.992058  0.009137  0.008563  -0.008127  0.999930  0.003503  -0.010331  0.001763  0.000000  0.000000  0.000000  2.000000  
95.116065 0.013890  0.092552  -0.006004  0.992037  0.125724  -0.007489  -0.125655  0.992033  0.009018  0.008563  -0.008005  0.999931  0.003504  -0.010336  0.001764  0.000000  0.000000  0.000000  2.000000  
95.117318 0.013894  0.092539  -0.006002  0.992037  0.125724  -0.007489  -0.125655  0.992033  0.009018  0.008563  -0.008005  0.999931  0.003465  -0.010338  0.001771  0.000000  0.000000  0.000000  2.000000  
95.118320 0.013898  0.092528  -0.006000  0.992011  0.125928  -0.007487  -0.125860  0.992007  0.009020  0.008563  -0.008005  0.999931  0.003460  -0.010336  0.001730  0.000000  0.000000  0.000000  2.000000  
95.119568 0.013902  0.092516  -0.005998  0.992011  0.125928  -0.007487  -0.125860  0.992007  0.009020  0.008563  -0.008005  0.999931  0.003492  -0.010311  0.001755  0.000000  0.000000  0.000000  2.000000  
95.120815 0.013907  0.092503  -0.005996  0.991985  0.126132  -0.007485  -0.126064  0.991981  0.009021  0.008563  -0.008005  0.999931  0.003506  -0.010321  0.001718  0.000000  0.000000  0.000000  2.000000  
95.121816 0.013911  0.092493  -0.005995  0.991985  0.126132  -0.007485  -0.126064  0.991981  0.009021  0.008563  -0.008005  0.999931  0.003510  -0.010291  0.001711  0.000000  0.000000  0.000000  2.000000  
95.123063 0.013915  0.092480  -0.005993  0.991959  0.126337  -0.007483  -0.126268  0.991955  0.009023  0.008563  -0.008005  0.999931  0.003497  -0.010305  0.001604  0.000000  0.000000  0.000000  2.000000  
95.124064 0.013919  0.092470  -0.005992  0.991959  0.126337  -0.007483  -0.126268  0.991955  0.009023  0.008563  -0.008005  0.999931  0.003528  -0.010287  0.001586  0.000000  0.000000  0.000000  2.000000  
95.125312 0.013924  0.092457  -0.005990  0.991933  0.126541  -0.007481  -0.126472  0.991929  0.009024  0.008563  -0.008005  0.999931  0.003573  -0.010258  0.001615  0.000000  0.000000  0.000000  2.000000  
95.126565 0.013929  0.092445  -0.005988  0.991907  0.126745  -0.007480  -0.126677  0.991903  0.009026  0.008563  -0.008005  0.999931  0.003607  -0.010206  0.001590  0.000000  0.000000  0.000000  2.000000  
95.127566 0.013933  0.092435  -0.005987  0.991907  0.126745  -0.007480  -0.126677  0.991903  0.009026  0.008563  -0.008005  0.999931  0.003684  -0.010156  0.001556  0.000000  0.000000  0.000000  2.000000  
95.128815 0.013938  0.092423  -0.005985  0.991880  0.126950  -0.007610  -0.126881  0.991877  0.009044  0.008697  -0.008005  0.999930  0.003720  -0.010106  0.001531  0.000000  0.000000  0.000000  2.000000  
95.130065 0.013943  0.092411  -0.005983  0.991854  0.127155  -0.007609  -0.127085  0.991851  0.009046  0.008697  -0.008005  0.999930  0.003766  -0.010060  0.001513  0.000000  0.000000  0.000000  2.000000  
95.131318 0.013948  0.092399  -0.005981  0.991854  0.127155  -0.007609  -0.127085  0.991851  0.009046  0.008697  -0.008005  0.999930  0.003823  -0.009979  0.001505  0.000000  0.000000  0.000000  2.000000  
95.132330 0.013952  0.092389  -0.005980  0.991828  0.127359  -0.007607  -0.127289  0.991824  0.009047  0.008697  -0.008005  0.999930  0.003823  -0.009948  0.001455  0.000000  0.000000  0.000000  2.000000  
95.133568 0.013957  0.092377  -0.005978  0.991828  0.127359  -0.007607  -0.127289  0.991824  0.009047  0.008697  -0.008005  0.999930  0.003862  -0.009905  0.001431  0.000000  0.000000  0.000000  2.000000  
95.134815 0.013962  0.092366  -0.005976  0.991801  0.127563  -0.007605  -0.127493  0.991798  0.009049  0.008697  -0.008005  0.999930  0.003913  -0.009800  0.001463  0.000000  0.000000  0.000000  2.000000  
95.136065 0.013967  0.092355  -0.005973  0.991801  0.127563  -0.007605  -0.127493  0.991798  0.009049  0.008697  -0.008005  0.999930  0.003946  -0.009706  0.001528  0.000000  0.000000  0.000000  2.000000  
95.137313 0.013972  0.092344  -0.005971  0.991774  0.127768  -0.007736  -0.127697  0.991772  0.009068  0.008831  -0.008005  0.999929  0.003958  -0.009613  0.001525  0.000000  0.000000  0.000000  2.000000  
95.138325 0.013976  0.092335  -0.005969  0.991774  0.127768  -0.007736  -0.127697  0.991772  0.009068  0.008831  -0.008005  0.999929  0.003952  -0.009525  0.001565  0.000000  0.000000  0.000000  2.000000  
95.139566 0.013981  0.092323  -0.005967  0.991748  0.127972  -0.007734  -0.127901  0.991745  0.009069  0.008831  -0.008005  0.999929  0.003938  -0.009439  0.001641  0.000000  0.000000  0.000000  2.000000  
95.140811 0.013985  0.092312  -0.005965  0.991748  0.127972  -0.007734  -0.127901  0.991745  0.009069  0.008831  -0.008005  0.999929  0.003958  -0.009371  0.001646  0.000000  0.000000  0.000000  2.000000  
95.141818 0.013989  0.092303  -0.005963  0.991748  0.127972  -0.007734  -0.127901  0.991745  0.009069  0.008831  -0.008005  0.999929  0.003933  -0.009261  0.001716  0.000000  0.000000  0.000000  2.000000  
95.143061 0.013993  0.092293  -0.005960  0.991720  0.128178  -0.007865  -0.128105  0.991719  0.009088  0.008964  -0.008005  0.999928  0.003910  -0.009147  0.001781  0.000000  0.000000  0.000000  2.000000  
95.144316 0.013998  0.092282  -0.005957  0.991720  0.128178  -0.007865  -0.128105  0.991719  0.009088  0.008964  -0.008005  0.999928  0.003893  -0.009051  0.001856  0.000000  0.000000  0.000000  2.000000  
95.145564 0.014003  0.092271  -0.005954  0.991720  0.128178  -0.007865  -0.128105  0.991719  0.009088  0.008964  -0.008005  0.999928  0.003844  -0.008986  0.001907  0.000000  0.000000  0.000000  2.000000  
95.146564 0.014006  0.092263  -0.005952  0.991694  0.128382  -0.007863  -0.128310  0.991693  0.009090  0.008964  -0.008005  0.999928  0.003813  -0.008927  0.001912  0.000000  0.000000  0.000000  2.000000  
95.147813 0.014011  0.092253  -0.005949  0.991692  0.128383  -0.007995  -0.128309  0.991692  0.009107  0.009098  -0.008005  0.999927  0.003817  -0.008775  0.001996  0.000000  0.000000  0.000000  2.000000  
95.148836 0.014014  0.092245  -0.005947  0.991692  0.128383  -0.007995  -0.128309  0.991692  0.009107  0.009098  -0.008005  0.999927  0.003754  -0.008675  0.002046  0.000000  0.000000  0.000000  2.000000  
95.150068 0.014019  0.092235  -0.005944  0.991692  0.128383  -0.007995  -0.128309  0.991692  0.009107  0.009098  -0.008005  0.999927  0.003702  -0.008597  0.002090  0.000000  0.000000  0.000000  2.000000  
95.151317 0.014023  0.092225  -0.005940  0.991665  0.128588  -0.008126  -0.128513  0.991666  0.009126  0.009232  -0.008005  0.999925  0.003629  -0.008523  0.002200  0.000000  0.000000  0.000000  2.000000  
95.152328 0.014026  0.092217  -0.005937  0.991665  0.128588  -0.008126  -0.128513  0.991666  0.009126  0.009232  -0.008005  0.999925  0.003598  -0.008396  0.002278  0.000000  0.000000  0.000000  2.000000  
95.153566 0.014030  0.092207  -0.005934  0.991665  0.128588  -0.008126  -0.128513  0.991666  0.009126  0.009232  -0.008005  0.999925  0.003543  -0.008310  0.002320  0.000000  0.000000  0.000000  2.000000  
95.154568 0.014033  0.092200  -0.005930  0.991664  0.128589  -0.008259  -0.128513  0.991666  0.009143  0.009366  -0.008005  0.999924  0.003489  -0.008178  0.002458  0.000000  0.000000  0.000000  2.000000  
95.155815 0.014037  0.092191  -0.005927  0.991664  0.128589  -0.008259  -0.128513  0.991666  0.009143  0.009366  -0.008005  0.999924  0.003431  -0.008087  0.002498  0.000000  0.000000  0.000000  2.000000  
95.157065 0.014040  0.092181  -0.005923  0.991636  0.128795  -0.008374  -0.128717  0.991638  0.009282  0.009500  -0.008126  0.999922  0.003357  -0.007974  0.002543  0.000000  0.000000  0.000000  2.000000  
