1-Time 2-Px 3-Py 4-Pz 5-R11 6-R21 7-R31 8-R12 9-R22 10-R32 11-R13 12-R23 13-R33 14-Vx 15-Vy 16-Vz 17-Wx 18-Wy 19-Wz 20-state 21-PR11 22-PR21 23-PR31 24-PR12 25-PR22 26-PR32 27-PR13 28-PR23 29-PR33 
151.168878 0.005368  0.095743  -0.016683  0.999573  0.028565  -0.006110  -0.028612  0.999561  -0.007713  0.005887  0.007884  0.999952  -0.000215  -0.000234  -0.000046  0.000000  0.000000  0.000000  2.000000  
151.169883 0.005368  0.095743  -0.016683  0.999573  0.028565  -0.006110  -0.028612  0.999561  -0.007713  0.005887  0.007884  0.999952  -0.000205  -0.000256  -0.000037  0.000000  0.000000  0.000000  2.000000  
151.171130 0.005369  0.095742  -0.016683  0.999572  0.028564  -0.006244  -0.028612  0.999561  -0.007709  0.006021  0.007884  0.999951  -0.000146  -0.000277  -0.000039  0.000000  0.000000  0.000000  2.000000  
151.172381 0.005370  0.095741  -0.016683  0.999567  0.028770  -0.006245  -0.028817  0.999555  -0.007707  0.006021  0.007884  0.999951  -0.000047  -0.000292  -0.000013  0.000000  0.000000  0.000000  2.000000  
151.173633 0.005371  0.095740  -0.016683  0.999567  0.028770  -0.006245  -0.028817  0.999555  -0.007707  0.006021  0.007884  0.999951  0.000062  -0.000331  0.000021  0.000000  0.000000  0.000000  2.000000  
151.174635 0.005372  0.095740  -0.016682  0.999567  0.028770  -0.006245  -0.028817  0.999555  -0.007707  0.006021  0.007884  0.999951  0.000170  -0.000369  0.000055  0.000000  0.000000  0.000000  2.000000  
151.175883 0.005374  0.095739  -0.016682  0.999561  0.028975  -0.006247  -0.029023  0.999549  -0.007706  0.006021  0.007884  0.999951  0.000299  -0.000432  0.000059  0.000000  0.000000  0.000000  2.000000  
151.176883 0.005376  0.095738  -0.016682  0.999555  0.029181  -0.006249  -0.029229  0.999543  -0.007705  0.006021  0.007884  0.999951  0.000438  -0.000444  0.000113  0.000000  0.000000  0.000000  2.000000  
151.177885 0.005377  0.095736  -0.016682  0.999548  0.029385  -0.006387  -0.029435  0.999536  -0.007821  0.006155  0.008005  0.999949  0.000546  -0.000535  0.000061  0.000000  0.000000  0.000000  2.000000  
151.179132 0.005379  0.095735  -0.016682  0.999542  0.029591  -0.006389  -0.029641  0.999530  -0.007820  0.006155  0.008005  0.999949  0.000724  -0.000617  0.000101  0.000000  0.000000  0.000000  2.000000  
151.180132 0.005381  0.095733  -0.016682  0.999542  0.029591  -0.006389  -0.029641  0.999530  -0.007820  0.006155  0.008005  0.999949  0.000822  -0.000707  0.000086  0.000000  0.000000  0.000000  2.000000  
151.181133 0.005383  0.095732  -0.016682  0.999536  0.029797  -0.006391  -0.029846  0.999524  -0.007818  0.006155  0.008005  0.999949  0.000941  -0.000748  0.000083  0.000000  0.000000  0.000000  2.000000  
151.182387 0.005384  0.095731  -0.016681  0.999529  0.030002  -0.006392  -0.030052  0.999518  -0.007817  0.006155  0.008005  0.999949  0.001098  -0.000804  0.000153  0.000000  0.000000  0.000000  2.000000  
151.183633 0.005386  0.095729  -0.016680  0.999523  0.030208  -0.006394  -0.030258  0.999512  -0.007816  0.006155  0.008005  0.999949  0.001215  -0.000941  0.000154  0.000000  0.000000  0.000000  2.000000  
151.184880 0.005388  0.095727  -0.016680  0.999516  0.030413  -0.006529  -0.030464  0.999505  -0.007810  0.006288  0.008005  0.999948  0.001301  -0.001037  0.000145  0.000000  0.000000  0.000000  2.000000  
151.185882 0.005389  0.095726  -0.016680  0.999510  0.030619  -0.006531  -0.030669  0.999499  -0.007809  0.006288  0.008005  0.999948  0.001381  -0.001096  0.000191  0.000000  0.000000  0.000000  2.000000  
151.187141 0.005390  0.095724  -0.016678  0.999503  0.030824  -0.006532  -0.030875  0.999493  -0.007808  0.006288  0.008005  0.999948  0.001397  -0.001183  0.000298  0.000000  0.000000  0.000000  2.000000  
151.188378 0.005391  0.095721  -0.016677  0.999496  0.031029  -0.006668  -0.031081  0.999486  -0.007802  0.006422  0.008005  0.999947  0.001384  -0.001300  0.000386  0.000000  0.000000  0.000000  2.000000  
151.189382 0.005392  0.095719  -0.016676  0.999490  0.031235  -0.006669  -0.031287  0.999480  -0.007801  0.006422  0.008005  0.999947  0.001387  -0.001366  0.000448  0.000000  0.000000  0.000000  2.000000  
151.190394 0.005393  0.095717  -0.016675  0.999490  0.031235  -0.006669  -0.031287  0.999480  -0.007801  0.006422  0.008005  0.999947  0.001337  -0.001462  0.000500  0.000000  0.000000  0.000000  2.000000  
151.191636 0.005394  0.095714  -0.016673  0.999483  0.031441  -0.006671  -0.031492  0.999474  -0.007799  0.006422  0.008005  0.999947  0.001233  -0.001607  0.000615  0.000000  0.000000  0.000000  2.000000  
151.192887 0.005394  0.095710  -0.016670  0.999477  0.031646  -0.006673  -0.031698  0.999467  -0.007798  0.006422  0.008005  0.999947  0.001117  -0.001749  0.000768  0.000000  0.000000  0.000000  2.000000  
151.194132 0.005394  0.095706  -0.016669  0.999470  0.031852  -0.006674  -0.031904  0.999461  -0.007797  0.006422  0.008005  0.999947  0.000965  -0.001888  0.000850  0.000000  0.000000  0.000000  2.000000  
151.195384 0.005394  0.095703  -0.016667  0.999469  0.031851  -0.006808  -0.031904  0.999461  -0.007792  0.006556  0.008005  0.999946  0.000861  -0.002052  0.001008  0.000000  0.000000  0.000000  2.000000  
151.196384 0.005395  0.095700  -0.016665  0.999463  0.032057  -0.006810  -0.032110  0.999454  -0.007791  0.006556  0.008005  0.999946  0.000788  -0.002144  0.001096  0.000000  0.000000  0.000000  2.000000  
151.197631 0.005394  0.095695  -0.016663  0.999463  0.032057  -0.006810  -0.032110  0.999454  -0.007791  0.006556  0.008005  0.999946  0.000615  -0.002354  0.001220  0.000000  0.000000  0.000000  2.000000  
151.198632 0.005394  0.095692  -0.016662  0.999456  0.032263  -0.006811  -0.032315  0.999447  -0.007789  0.006556  0.008005  0.999946  0.000522  -0.002460  0.001239  0.000000  0.000000  0.000000  2.000000  
151.199882 0.005394  0.095688  -0.016660  0.999456  0.032263  -0.006811  -0.032315  0.999447  -0.007789  0.006556  0.008005  0.999946  0.000416  -0.002622  0.001367  0.000000  0.000000  0.000000  2.000000  
151.200893 0.005394  0.095685  -0.016658  0.999456  0.032263  -0.006811  -0.032315  0.999447  -0.007789  0.006556  0.008005  0.999946  0.000333  -0.002693  0.001448  0.000000  0.000000  0.000000  2.000000  
151.202130 0.005394  0.095682  -0.016656  0.999456  0.032263  -0.006811  -0.032315  0.999447  -0.007789  0.006556  0.008005  0.999946  0.000254  -0.002820  0.001474  0.000000  0.000000  0.000000  2.000000  
151.203138 0.005394  0.095678  -0.016655  0.999450  0.032468  -0.006813  -0.032521  0.999441  -0.007788  0.006556  0.008005  0.999946  0.000187  -0.002916  0.001495  0.000000  0.000000  0.000000  2.000000  
151.204383 0.005394  0.095675  -0.016653  0.999450  0.032468  -0.006813  -0.032521  0.999441  -0.007788  0.006556  0.008005  0.999946  0.000098  -0.002999  0.001551  0.000000  0.000000  0.000000  2.000000  
151.205386 0.005395  0.095672  -0.016651  0.999450  0.032468  -0.006813  -0.032521  0.999441  -0.007788  0.006556  0.008005  0.999946  0.000110  -0.002986  0.001605  0.000000  0.000000  0.000000  2.000000  
151.206627 0.005395  0.095669  -0.016648  0.999450  0.032468  -0.006813  -0.032521  0.999441  -0.007788  0.006556  0.008005  0.999946  0.000070  -0.003011  0.001623  0.000000  0.000000  0.000000  2.000000  
151.207634 0.005395  0.095666  -0.016646  0.999450  0.032468  -0.006813  -0.032521  0.999441  -0.007788  0.006556  0.008005  0.999946  0.000083  -0.002988  0.001653  0.000000  0.000000  0.000000  2.000000  
151.208882 0.005395  0.095663  -0.016644  0.999450  0.032468  -0.006813  -0.032521  0.999441  -0.007788  0.006556  0.008005  0.999946  0.000079  -0.002979  0.001715  0.000000  0.000000  0.000000  2.000000  
151.209884 0.005396  0.095660  -0.016641  0.999450  0.032468  -0.006817  -0.032521  0.999440  -0.007909  0.006556  0.008127  0.999945  0.000113  -0.002906  0.001758  0.000000  0.000000  0.000000  2.000000  
151.210893 0.005396  0.095658  -0.016639  0.999450  0.032468  -0.006817  -0.032521  0.999440  -0.007909  0.006556  0.008127  0.999945  0.000102  -0.002903  0.001795  0.000000  0.000000  0.000000  2.000000  
151.212132 0.005396  0.095655  -0.016637  0.999450  0.032468  -0.006817  -0.032521  0.999440  -0.007909  0.006556  0.008127  0.999945  0.000120  -0.002828  0.001822  0.000000  0.000000  0.000000  2.000000  
151.213386 0.005396  0.095651  -0.016634  0.999450  0.032468  -0.006817  -0.032521  0.999440  -0.007909  0.006556  0.008127  0.999945  0.000129  -0.002798  0.001915  0.000000  0.000000  0.000000  2.000000  
151.214387 0.005397  0.095649  -0.016632  0.999450  0.032468  -0.006817  -0.032521  0.999440  -0.007909  0.006556  0.008127  0.999945  0.000165  -0.002699  0.001916  0.000000  0.000000  0.000000  2.000000  
151.215632 0.005397  0.095646  -0.016629  0.999450  0.032468  -0.006817  -0.032521  0.999440  -0.007909  0.006556  0.008127  0.999945  0.000175  -0.002651  0.001967  0.000000  0.000000  0.000000  2.000000  
151.216635 0.005397  0.095645  -0.016627  0.999450  0.032468  -0.006817  -0.032521  0.999440  -0.007909  0.006556  0.008127  0.999945  0.000197  -0.002523  0.002017  0.000000  0.000000  0.000000  2.000000  
151.217889 0.005397  0.095642  -0.016625  0.999450  0.032468  -0.006817  -0.032521  0.999440  -0.007909  0.006556  0.008127  0.999945  0.000199  -0.002427  0.002013  0.000000  0.000000  0.000000  2.000000  
151.219127 0.005397  0.095640  -0.016623  0.999450  0.032468  -0.006817  -0.032521  0.999440  -0.007909  0.006556  0.008127  0.999945  0.000178  -0.002342  0.001963  0.000000  0.000000  0.000000  2.000000  
151.220132 0.005397  0.095639  -0.016621  0.999450  0.032468  -0.006817  -0.032521  0.999440  -0.007909  0.006556  0.008127  0.999945  0.000154  -0.002239  0.002013  0.000000  0.000000  0.000000  2.000000  
151.221378 0.005397  0.095637  -0.016619  0.999450  0.032468  -0.006817  -0.032521  0.999440  -0.007909  0.006556  0.008127  0.999945  0.000133  -0.002156  0.001964  0.000000  0.000000  0.000000  2.000000  
151.222381 0.005397  0.095636  -0.016617  0.999450  0.032468  -0.006817  -0.032521  0.999440  -0.007909  0.006556  0.008127  0.999945  0.000115  -0.002041  0.001991  0.000000  0.000000  0.000000  2.000000  
151.223383 0.005396  0.095636  -0.016615  0.999450  0.032468  -0.006817  -0.032521  0.999440  -0.007909  0.006556  0.008127  0.999945  0.000099  -0.001898  0.001967  0.000000  0.000000  0.000000  2.000000  
151.224384 0.005396  0.095635  -0.016613  0.999450  0.032468  -0.006817  -0.032521  0.999440  -0.007909  0.006556  0.008127  0.999945  0.000053  -0.001786  0.001928  0.000000  0.000000  0.000000  2.000000  
151.225384 0.005396  0.095634  -0.016611  0.999450  0.032468  -0.006817  -0.032521  0.999440  -0.007909  0.006556  0.008127  0.999945  0.000037  -0.001647  0.001908  0.000000  0.000000  0.000000  2.000000  
151.226393 0.005396  0.095634  -0.016609  0.999450  0.032468  -0.006817  -0.032521  0.999440  -0.007909  0.006556  0.008127  0.999945  -0.000030  -0.001530  0.001941  0.000000  0.000000  0.000000  2.000000  
151.227633 0.005395  0.095633  -0.016606  0.999450  0.032468  -0.006817  -0.032521  0.999440  -0.007909  0.006556  0.008127  0.999945  -0.000094  -0.001320  0.001957  0.000000  0.000000  0.000000  2.000000  
151.228882 0.005395  0.095633  -0.016603  0.999450  0.032468  -0.006817  -0.032521  0.999440  -0.007909  0.006556  0.008127  0.999945  -0.000120  -0.001155  0.001927  0.000000  0.000000  0.000000  2.000000  
151.230133 0.005394  0.095633  -0.016601  0.999450  0.032468  -0.006817  -0.032521  0.999440  -0.007909  0.006556  0.008127  0.999945  -0.000156  -0.000989  0.001936  0.000000  0.000000  0.000000  2.000000  
151.231134 0.005394  0.095632  -0.016599  0.999450  0.032468  -0.006817  -0.032521  0.999440  -0.007909  0.006556  0.008127  0.999945  -0.000224  -0.000870  0.001969  0.000000  0.000000  0.000000  2.000000  
151.232386 0.005393  0.095632  -0.016596  0.999450  0.032468  -0.006817  -0.032521  0.999440  -0.007909  0.006556  0.008127  0.999945  -0.000241  -0.000728  0.001948  0.000000  0.000000  0.000000  2.000000  
151.233630 0.005393  0.095633  -0.016594  0.999450  0.032468  -0.006817  -0.032521  0.999440  -0.007909  0.006556  0.008127  0.999945  -0.000235  -0.000569  0.001996  0.000000  0.000000  0.000000  2.000000  
151.234883 0.005393  0.095632  -0.016592  0.999450  0.032468  -0.006817  -0.032521  0.999440  -0.007909  0.006556  0.008127  0.999945  -0.000285  -0.000464  0.001989  0.000000  0.000000  0.000000  2.000000  
151.235887 0.005392  0.095632  -0.016591  0.999450  0.032468  -0.006817  -0.032521  0.999440  -0.007909  0.006556  0.008127  0.999945  -0.000289  -0.000360  0.001990  0.000000  0.000000  0.000000  2.000000  
151.237130 0.005392  0.095633  -0.016588  0.999450  0.032468  -0.006817  -0.032521  0.999440  -0.007909  0.006556  0.008127  0.999945  -0.000309  -0.000203  0.001955  0.000000  0.000000  0.000000  2.000000  
151.238130 0.005392  0.095633  -0.016587  0.999450  0.032468  -0.006817  -0.032521  0.999440  -0.007909  0.006556  0.008127  0.999945  -0.000317  -0.000159  0.001902  0.000000  0.000000  0.000000  2.000000  
151.239134 0.005391  0.095633  -0.016586  0.999450  0.032468  -0.006817  -0.032521  0.999440  -0.007909  0.006556  0.008127  0.999945  -0.000330  -0.000112  0.001856  0.000000  0.000000  0.000000  2.000000  
151.240393 0.005391  0.095634  -0.016584  0.999450  0.032468  -0.006817  -0.032521  0.999440  -0.007909  0.006556  0.008127  0.999945  -0.000312  -0.000021  0.001805  0.000000  0.000000  0.000000  2.000000  
151.241634 0.005391  0.095634  -0.016583  0.999450  0.032468  -0.006813  -0.032521  0.999441  -0.007788  0.006556  0.008005  0.999946  -0.000319  0.000044  0.001706  0.000000  0.000000  0.000000  2.000000  
151.242637 0.005390  0.095634  -0.016581  0.999450  0.032468  -0.006813  -0.032521  0.999441  -0.007788  0.006556  0.008005  0.999946  -0.000316  0.000087  0.001615  0.000000  0.000000  0.000000  2.000000  
151.243881 0.005390  0.095635  -0.016580  0.999450  0.032468  -0.006813  -0.032521  0.999441  -0.007788  0.006556  0.008005  0.999946  -0.000299  0.000157  0.001592  0.000000  0.000000  0.000000  2.000000  
151.244883 0.005390  0.095635  -0.016578  0.999450  0.032468  -0.006813  -0.032521  0.999441  -0.007788  0.006556  0.008005  0.999946  -0.000303  0.000181  0.001573  0.000000  0.000000  0.000000  2.000000  
151.246132 0.005390  0.095636  -0.016576  0.999450  0.032468  -0.006813  -0.032521  0.999441  -0.007788  0.006556  0.008005  0.999946  -0.000276  0.000248  0.001514  0.000000  0.000000  0.000000  2.000000  
151.247134 0.005389  0.095636  -0.016575  0.999450  0.032468  -0.006813  -0.032521  0.999441  -0.007788  0.006556  0.008005  0.999946  -0.000269  0.000272  0.001456  0.000000  0.000000  0.000000  2.000000  
151.248384 0.005389  0.095637  -0.016573  0.999450  0.032468  -0.006813  -0.032521  0.999441  -0.007788  0.006556  0.008005  0.999946  -0.000268  0.000293  0.001410  0.000000  0.000000  0.000000  2.000000  
151.249630 0.005389  0.095637  -0.016572  0.999450  0.032468  -0.006813  -0.032521  0.999441  -0.007788  0.006556  0.008005  0.999946  -0.000225  0.000339  0.001347  0.000000  0.000000  0.000000  2.000000  
151.250633 0.005389  0.095638  -0.016571  0.999450  0.032468  -0.006813  -0.032521  0.999441  -0.007788  0.006556  0.008005  0.999946  -0.000235  0.000362  0.001339  0.000000  0.000000  0.000000  2.000000  
151.251879 0.005389  0.095638  -0.016569  0.999450  0.032468  -0.006813  -0.032521  0.999441  -0.007788  0.006556  0.008005  0.999946  -0.000220  0.000355  0.001280  0.000000  0.000000  0.000000  2.000000  
151.252880 0.005388  0.095639  -0.016568  0.999450  0.032468  -0.006813  -0.032521  0.999441  -0.007788  0.006556  0.008005  0.999946  -0.000214  0.000359  0.001264  0.000000  0.000000  0.000000  2.000000  
151.254133 0.005388  0.095639  -0.016568  0.999450  0.032468  -0.006813  -0.032521  0.999441  -0.007788  0.006556  0.008005  0.999946  -0.000200  0.000351  0.001207  0.000000  0.000000  0.000000  2.000000  
151.255381 0.005388  0.095639  -0.016567  0.999450  0.032468  -0.006813  -0.032521  0.999441  -0.007788  0.006556  0.008005  0.999946  -0.000219  0.000323  0.001151  0.000000  0.000000  0.000000  2.000000  
151.256627 0.005388  0.095639  -0.016566  0.999450  0.032468  -0.006813  -0.032521  0.999441  -0.007788  0.006556  0.008005  0.999946  -0.000189  0.000296  0.001085  0.000000  0.000000  0.000000  2.000000  
151.257636 0.005388  0.095639  -0.016566  0.999450  0.032468  -0.006813  -0.032521  0.999441  -0.007788  0.006556  0.008005  0.999946  -0.000178  0.000295  0.001048  0.000000  0.000000  0.000000  2.000000  
151.258882 0.005388  0.095639  -0.016565  0.999450  0.032468  -0.006813  -0.032521  0.999441  -0.007788  0.006556  0.008005  0.999946  -0.000171  0.000244  0.000942  0.000000  0.000000  0.000000  2.000000  
151.259884 0.005388  0.095638  -0.016564  0.999450  0.032468  -0.006813  -0.032521  0.999441  -0.007788  0.006556  0.008005  0.999946  -0.000151  0.000219  0.000913  0.000000  0.000000  0.000000  2.000000  
151.260885 0.005387  0.095638  -0.016564  0.999450  0.032468  -0.006813  -0.032521  0.999441  -0.007788  0.006556  0.008005  0.999946  -0.000172  0.000115  0.000815  0.000000  0.000000  0.000000  2.000000  
151.262132 0.005387  0.095638  -0.016564  0.999450  0.032468  -0.006813  -0.032521  0.999441  -0.007788  0.006556  0.008005  0.999946  -0.000158  0.000112  0.000765  0.000000  0.000000  0.000000  2.000000  
151.263132 0.005387  0.095637  -0.016563  0.999450  0.032468  -0.006817  -0.032521  0.999440  -0.007909  0.006556  0.008127  0.999945  -0.000159  0.000038  0.000725  0.000000  0.000000  0.000000  2.000000  
151.264132 0.005387  0.095637  -0.016563  0.999443  0.032673  -0.006818  -0.032727  0.999433  -0.007908  0.006556  0.008127  0.999945  -0.000151  -0.000017  0.000614  0.000000  0.000000  0.000000  2.000000  
151.265133 0.005387  0.095637  -0.016562  0.999443  0.032673  -0.006818  -0.032727  0.999433  -0.007908  0.006556  0.008127  0.999945  -0.000142  -0.000040  0.000623  0.000000  0.000000  0.000000  2.000000  
151.266381 0.005387  0.095637  -0.016561  0.999443  0.032673  -0.006818  -0.032727  0.999433  -0.007908  0.006556  0.008127  0.999945  -0.000120  -0.000064  0.000583  0.000000  0.000000  0.000000  2.000000  
151.267384 0.005387  0.095637  -0.016560  0.999443  0.032673  -0.006818  -0.032727  0.999433  -0.007908  0.006556  0.008127  0.999945  -0.000132  -0.000117  0.000544  0.000000  0.000000  0.000000  2.000000  
151.268634 0.005387  0.095637  -0.016560  0.999443  0.032673  -0.006818  -0.032727  0.999433  -0.007908  0.006556  0.008127  0.999945  -0.000123  -0.000140  0.000552  0.000000  0.000000  0.000000  2.000000  
151.269881 0.005386  0.095636  -0.016559  0.999443  0.032673  -0.006818  -0.032727  0.999433  -0.007908  0.006556  0.008127  0.999945  -0.000143  -0.000169  0.000495  0.000000  0.000000  0.000000  2.000000  
151.270881 0.005386  0.095636  -0.016559  0.999443  0.032673  -0.006818  -0.032727  0.999433  -0.007908  0.006556  0.008127  0.999945  -0.000131  -0.000189  0.000495  0.000000  0.000000  0.000000  2.000000  
151.272129 0.005386  0.095636  -0.016559  0.999443  0.032673  -0.006818  -0.032727  0.999433  -0.007908  0.006556  0.008127  0.999945  -0.000131  -0.000189  0.000495  0.000000  0.000000  0.000000  2.000000  
151.273383 0.005385  0.095635  -0.016559  0.999443  0.032673  -0.006818  -0.032727  0.999433  -0.007908  0.006556  0.008127  0.999945  -0.000161  -0.000216  0.000476  0.000000  0.000000  0.000000  2.000000  
151.274385 0.005385  0.095635  -0.016559  0.999443  0.032673  -0.006818  -0.032727  0.999433  -0.007908  0.006556  0.008127  0.999945  -0.000160  -0.000195  0.000431  0.000000  0.000000  0.000000  2.000000  
151.275632 0.005385  0.095635  -0.016559  0.999443  0.032673  -0.006818  -0.032727  0.999433  -0.007908  0.006556  0.008127  0.999945  -0.000179  -0.000223  0.000375  0.000000  0.000000  0.000000  2.000000  
151.276632 0.005385  0.095635  -0.016559  0.999436  0.032879  -0.006820  -0.032933  0.999426  -0.007906  0.006556  0.008127  0.999945  -0.000148  -0.000176  0.000350  0.000000  0.000000  0.000000  2.000000  
151.277883 0.005385  0.095635  -0.016558  0.999436  0.032879  -0.006820  -0.032933  0.999426  -0.007906  0.006556  0.008127  0.999945  -0.000149  -0.000158  0.000310  0.000000  0.000000  0.000000  2.000000  
151.279132 0.005385  0.095635  -0.016558  0.999436  0.032879  -0.006820  -0.032933  0.999426  -0.007906  0.006556  0.008127  0.999945  -0.000147  -0.000155  0.000305  0.000000  0.000000  0.000000  2.000000  
151.280133 0.005385  0.095635  -0.016558  0.999436  0.032879  -0.006820  -0.032933  0.999426  -0.007906  0.006556  0.008127  0.999945  -0.000126  -0.000158  0.000232  0.000000  0.000000  0.000000  2.000000  
151.281386 0.005385  0.095635  -0.016558  0.999436  0.032879  -0.006820  -0.032933  0.999426  -0.007906  0.006556  0.008127  0.999945  -0.000137  -0.000138  0.000227  0.000000  0.000000  0.000000  2.000000  
151.282395 0.005385  0.095635  -0.016558  0.999436  0.032879  -0.006820  -0.032933  0.999426  -0.007906  0.006556  0.008127  0.999945  -0.000145  -0.000094  0.000174  0.000000  0.000000  0.000000  2.000000  
151.283632 0.005385  0.095636  -0.016557  0.999436  0.032879  -0.006820  -0.032933  0.999426  -0.007906  0.006556  0.008127  0.999945  -0.000113  -0.000066  0.000190  0.000000  0.000000  0.000000  2.000000  
151.284878 0.005385  0.095636  -0.016557  0.999436  0.032879  -0.006820  -0.032933  0.999426  -0.007906  0.006556  0.008127  0.999945  -0.000073  -0.000041  0.000173  0.000000  0.000000  0.000000  2.000000  
151.285879 0.005385  0.095636  -0.016556  0.999436  0.032879  -0.006820  -0.032933  0.999426  -0.007906  0.006556  0.008127  0.999945  -0.000102  0.000006  0.000193  0.000000  0.000000  0.000000  2.000000  
151.286883 0.005385  0.095636  -0.016556  0.999429  0.033085  -0.006822  -0.033138  0.999420  -0.007905  0.006556  0.008127  0.999945  -0.000062  0.000032  0.000179  0.000000  0.000000  0.000000  2.000000  
151.287885 0.005385  0.095637  -0.016556  0.999429  0.033085  -0.006822  -0.033138  0.999420  -0.007905  0.006556  0.008127  0.999945  -0.000041  0.000082  0.000190  0.000000  0.000000  0.000000  2.000000  
151.289133 0.005385  0.095637  -0.016556  0.999429  0.033086  -0.006818  -0.033138  0.999420  -0.007784  0.006556  0.008005  0.999946  -0.000020  0.000130  0.000198  0.000000  0.000000  0.000000  2.000000  
151.290395 0.005385  0.095638  -0.016555  0.999429  0.033086  -0.006818  -0.033138  0.999420  -0.007784  0.006556  0.008005  0.999946  0.000031  0.000210  0.000232  0.000000  0.000000  0.000000  2.000000  
151.291635 0.005385  0.095639  -0.016555  0.999429  0.033086  -0.006818  -0.033138  0.999420  -0.007784  0.006556  0.008005  0.999946  0.000041  0.000262  0.000281  0.000000  0.000000  0.000000  2.000000  
151.292636 0.005386  0.095639  -0.016554  0.999429  0.033086  -0.006818  -0.033138  0.999420  -0.007784  0.006556  0.008005  0.999946  0.000082  0.000287  0.000263  0.000000  0.000000  0.000000  2.000000  
151.293884 0.005386  0.095640  -0.016554  0.999429  0.033086  -0.006818  -0.033138  0.999420  -0.007784  0.006556  0.008005  0.999946  0.000053  0.000335  0.000284  0.000000  0.000000  0.000000  2.000000  
151.294885 0.005386  0.095640  -0.016554  0.999429  0.033086  -0.006818  -0.033138  0.999420  -0.007784  0.006556  0.008005  0.999946  0.000074  0.000385  0.000296  0.000000  0.000000  0.000000  2.000000  
151.295885 0.005386  0.095641  -0.016554  0.999429  0.033086  -0.006818  -0.033138  0.999420  -0.007784  0.006556  0.008005  0.999946  0.000104  0.000413  0.000315  0.000000  0.000000  0.000000  2.000000  
151.297136 0.005387  0.095641  -0.016553  0.999429  0.033086  -0.006818  -0.033138  0.999420  -0.007784  0.006556  0.008005  0.999946  0.000155  0.000416  0.000306  0.000000  0.000000  0.000000  2.000000  
151.298393 0.005387  0.095642  -0.016552  0.999422  0.033291  -0.006819  -0.033344  0.999414  -0.007782  0.006556  0.008005  0.999946  0.000145  0.000438  0.000297  0.000000  0.000000  0.000000  2.000000  
151.299628 0.005387  0.095642  -0.016552  0.999422  0.033291  -0.006819  -0.033344  0.999414  -0.007782  0.006556  0.008005  0.999946  0.000173  0.000458  0.000312  0.000000  0.000000  0.000000  2.000000  
151.300630 0.005387  0.095642  -0.016552  0.999422  0.033291  -0.006819  -0.033344  0.999414  -0.007782  0.006556  0.008005  0.999946  0.000172  0.000437  0.000356  0.000000  0.000000  0.000000  2.000000  
151.301630 0.005388  0.095643  -0.016551  0.999422  0.033291  -0.006819  -0.033344  0.999414  -0.007782  0.006556  0.008005  0.999946  0.000182  0.000435  0.000320  0.000000  0.000000  0.000000  2.000000  
151.302632 0.005388  0.095643  -0.016551  0.999422  0.033291  -0.006819  -0.033344  0.999414  -0.007782  0.006556  0.008005  0.999946  0.000214  0.000449  0.000390  0.000000  0.000000  0.000000  2.000000  
151.303878 0.005388  0.095643  -0.016551  0.999422  0.033291  -0.006819  -0.033344  0.999414  -0.007782  0.006556  0.008005  0.999946  0.000204  0.000397  0.000341  0.000000  0.000000  0.000000  2.000000  
151.304880 0.005388  0.095644  -0.016550  0.999422  0.033291  -0.006819  -0.033344  0.999414  -0.007782  0.006556  0.008005  0.999946  0.000190  0.000392  0.000372  0.000000  0.000000  0.000000  2.000000  
151.306128 0.005388  0.095644  -0.016550  0.999422  0.033291  -0.006819  -0.033344  0.999414  -0.007782  0.006556  0.008005  0.999946  0.000210  0.000368  0.000344  0.000000  0.000000  0.000000  2.000000  
151.307128 0.005389  0.095644  -0.016549  0.999422  0.033291  -0.006819  -0.033344  0.999414  -0.007782  0.006556  0.008005  0.999946  0.000208  0.000347  0.000389  0.000000  0.000000  0.000000  2.000000  
151.308135 0.005388  0.095644  -0.016548  0.999422  0.033291  -0.006819  -0.033344  0.999414  -0.007782  0.006556  0.008005  0.999946  0.000180  0.000304  0.000421  0.000000  0.000000  0.000000  2.000000  
151.309386 0.005388  0.095644  -0.016548  0.999422  0.033291  -0.006819  -0.033344  0.999414  -0.007782  0.006556  0.008005  0.999946  0.000158  0.000271  0.000358  0.000000  0.000000  0.000000  2.000000  
151.310399 0.005388  0.095644  -0.016548  0.999422  0.033291  -0.006819  -0.033344  0.999414  -0.007782  0.006556  0.008005  0.999946  0.000129  0.000227  0.000390  0.000000  0.000000  0.000000  2.000000  
151.311632 0.005388  0.095644  -0.016548  0.999422  0.033291  -0.006819  -0.033344  0.999414  -0.007782  0.006556  0.008005  0.999946  0.000127  0.000223  0.000384  0.000000  0.000000  0.000000  2.000000  
151.312632 0.005388  0.095644  -0.016547  0.999422  0.033291  -0.006819  -0.033344  0.999414  -0.007782  0.006556  0.008005  0.999946  0.000106  0.000174  0.000372  0.000000  0.000000  0.000000  2.000000  
151.313882 0.005388  0.095644  -0.016547  0.999422  0.033291  -0.006819  -0.033344  0.999414  -0.007782  0.006556  0.008005  0.999946  0.000077  0.000149  0.000359  0.000000  0.000000  0.000000  2.000000  
151.315132 0.005388  0.095644  -0.016547  0.999422  0.033291  -0.006819  -0.033344  0.999414  -0.007782  0.006556  0.008005  0.999946  0.000047  0.000122  0.000340  0.000000  0.000000  0.000000  2.000000  
151.316433 0.005388  0.095644  -0.016546  0.999422  0.033291  -0.006819  -0.033344  0.999414  -0.007782  0.006556  0.008005  0.999946  0.000006  0.000096  0.000356  0.000000  0.000000  0.000000  2.000000  
151.317635 0.005388  0.095644  -0.016546  0.999422  0.033291  -0.006819  -0.033344  0.999414  -0.007782  0.006556  0.008005  0.999946  -0.000004  0.000044  0.000309  0.000000  0.000000  0.000000  2.000000  
151.318654 0.005388  0.095644  -0.016545  0.999422  0.033291  -0.006823  -0.033344  0.999413  -0.007904  0.006556  0.008127  0.999945  -0.000015  0.000046  0.000345  0.000000  0.000000  0.000000  2.000000  
151.319886 0.005388  0.095644  -0.016545  0.999422  0.033291  -0.006823  -0.033344  0.999413  -0.007904  0.006556  0.008127  0.999945  -0.000035  0.000017  0.000289  0.000000  0.000000  0.000000  2.000000  
151.321130 0.005388  0.095644  -0.016545  0.999422  0.033291  -0.006823  -0.033344  0.999413  -0.007904  0.006556  0.008127  0.999945  -0.000025  -0.000006  0.000298  0.000000  0.000000  0.000000  2.000000  
151.322133 0.005388  0.095644  -0.016545  0.999422  0.033291  -0.006823  -0.033344  0.999413  -0.007904  0.006556  0.008127  0.999945  -0.000056  -0.000033  0.000278  0.000000  0.000000  0.000000  2.000000  
151.323383 0.005388  0.095644  -0.016545  0.999422  0.033291  -0.006823  -0.033344  0.999413  -0.007904  0.006556  0.008127  0.999945  -0.000044  -0.000034  0.000236  0.000000  0.000000  0.000000  2.000000  
151.324383 0.005388  0.095644  -0.016544  0.999422  0.033291  -0.006823  -0.033344  0.999413  -0.007904  0.006556  0.008127  0.999945  -0.000055  -0.000033  0.000273  0.000000  0.000000  0.000000  2.000000  
151.325385 0.005388  0.095643  -0.016544  0.999422  0.033291  -0.006823  -0.033344  0.999413  -0.007904  0.006556  0.008127  0.999945  -0.000035  -0.000057  0.000245  0.000000  0.000000  0.000000  2.000000  
151.326389 0.005387  0.095643  -0.016544  0.999422  0.033291  -0.006823  -0.033344  0.999413  -0.007904  0.006556  0.008127  0.999945  -0.000077  -0.000083  0.000266  0.000000  0.000000  0.000000  2.000000  
151.327632 0.005387  0.095643  -0.016544  0.999422  0.033291  -0.006823  -0.033344  0.999413  -0.007904  0.006556  0.008127  0.999945  -0.000066  -0.000085  0.000229  0.000000  0.000000  0.000000  2.000000  
151.328880 0.005388  0.095643  -0.016544  0.999422  0.033291  -0.006823  -0.033344  0.999413  -0.007904  0.006556  0.008127  0.999945  -0.000035  -0.000057  0.000244  0.000000  0.000000  0.000000  2.000000  
151.329882 0.005388  0.095643  -0.016544  0.999422  0.033291  -0.006823  -0.033344  0.999413  -0.007904  0.006556  0.008127  0.999945  -0.000025  -0.000060  0.000211  0.000000  0.000000  0.000000  2.000000  
151.330885 0.005387  0.095643  -0.016543  0.999422  0.033291  -0.006823  -0.033344  0.999413  -0.007904  0.006556  0.008127  0.999945  -0.000025  -0.000060  0.000211  0.000000  0.000000  0.000000  2.000000  
151.332133 0.005387  0.095643  -0.016543  0.999422  0.033291  -0.006819  -0.033344  0.999414  -0.007782  0.006556  0.008005  0.999946  -0.000034  -0.000037  0.000203  0.000000  0.000000  0.000000  2.000000  
151.333378 0.005388  0.095644  -0.016543  0.999422  0.033291  -0.006819  -0.033344  0.999414  -0.007782  0.006556  0.008005  0.999946  -0.000004  -0.000009  0.000219  0.000000  0.000000  0.000000  2.000000  
151.334387 0.005388  0.095644  -0.016543  0.999422  0.033291  -0.006819  -0.033344  0.999414  -0.007782  0.006556  0.008005  0.999946  0.000007  -0.000011  0.000185  0.000000  0.000000  0.000000  2.000000  
151.335630 0.005388  0.095644  -0.016543  0.999422  0.033291  -0.006819  -0.033344  0.999414  -0.007782  0.006556  0.008005  0.999946  0.000008  0.000010  0.000137  0.000000  0.000000  0.000000  2.000000  
151.336634 0.005388  0.095644  -0.016543  0.999422  0.033291  -0.006819  -0.033344  0.999414  -0.007782  0.006556  0.008005  0.999946  0.000018  0.000008  0.000102  0.000000  0.000000  0.000000  2.000000  
151.337878 0.005388  0.095644  -0.016543  0.999422  0.033290  -0.006953  -0.033344  0.999414  -0.007778  0.006690  0.008005  0.999946  0.000018  0.000008  0.000101  0.000000  0.000000  0.000000  2.000000  
151.338879 0.005389  0.095644  -0.016544  0.999422  0.033290  -0.006953  -0.033344  0.999414  -0.007778  0.006690  0.008005  0.999946  0.000069  0.000031  0.000046  0.000000  0.000000  0.000000  2.000000  
151.339883 0.005389  0.095644  -0.016544  0.999422  0.033290  -0.006953  -0.033344  0.999414  -0.007778  0.006690  0.008005  0.999946  0.000060  0.000054  0.000038  0.000000  0.000000  0.000000  2.000000  
151.341140 0.005389  0.095644  -0.016544  0.999422  0.033290  -0.006953  -0.033344  0.999414  -0.007778  0.006690  0.008005  0.999946  0.000112  0.000078  -0.000016  0.000000  0.000000  0.000000  2.000000  
151.342388 0.005389  0.095644  -0.016544  0.999422  0.033290  -0.006953  -0.033344  0.999414  -0.007778  0.006690  0.008005  0.999946  0.000103  0.000101  -0.000024  0.000000  0.000000  0.000000  2.000000  
151.343632 0.005389  0.095644  -0.016545  0.999422  0.033290  -0.006953  -0.033344  0.999414  -0.007778  0.006690  0.008005  0.999946  0.000083  0.000072  -0.000081  0.000000  0.000000  0.000000  2.000000  
151.344632 0.005389  0.095644  -0.016545  0.999422  0.033290  -0.006953  -0.033344  0.999414  -0.007778  0.006690  0.008005  0.999946  0.000092  0.000069  -0.000117  0.000000  0.000000  0.000000  2.000000  
151.345884 0.005389  0.095644  -0.016546  0.999422  0.033290  -0.006953  -0.033344  0.999414  -0.007778  0.006690  0.008005  0.999946  0.000073  0.000041  -0.000172  0.000000  0.000000  0.000000  2.000000  
151.347132 0.005389  0.095644  -0.016546  0.999421  0.033289  -0.007087  -0.033344  0.999414  -0.007774  0.006824  0.008005  0.999945  0.000083  0.000039  -0.000209  0.000000  0.000000  0.000000  2.000000  
151.348385 0.005389  0.095644  -0.016547  0.999421  0.033289  -0.007087  -0.033344  0.999414  -0.007774  0.006824  0.008005  0.999945  0.000056  0.000033  -0.000278  0.000000  0.000000  0.000000  2.000000  
151.349630 0.005388  0.095644  -0.016547  0.999421  0.033289  -0.007087  -0.033344  0.999414  -0.007774  0.006824  0.008005  0.999945  0.000014  0.000008  -0.000256  0.000000  0.000000  0.000000  2.000000  
151.350632 0.005388  0.095644  -0.016548  0.999421  0.033289  -0.007087  -0.033344  0.999414  -0.007774  0.006824  0.008005  0.999945  0.000025  0.000006  -0.000297  0.000000  0.000000  0.000000  2.000000  
151.351632 0.005388  0.095643  -0.016548  0.999421  0.033289  -0.007087  -0.033344  0.999414  -0.007774  0.006824  0.008005  0.999945  0.000006  -0.000023  -0.000348  0.000000  0.000000  0.000000  2.000000  
151.352888 0.005388  0.095643  -0.016549  0.999421  0.033289  -0.007087  -0.033344  0.999414  -0.007774  0.006824  0.008005  0.999945  -0.000025  -0.000051  -0.000373  0.000000  0.000000  0.000000  2.000000  
151.354133 0.005388  0.095643  -0.016549  0.999420  0.033288  -0.007220  -0.033344  0.999414  -0.007769  0.006957  0.008005  0.999944  -0.000055  -0.000078  -0.000393  0.000000  0.000000  0.000000  2.000000  
151.355135 0.005388  0.095643  -0.016550  0.999420  0.033288  -0.007220  -0.033344  0.999414  -0.007769  0.006957  0.008005  0.999944  -0.000075  -0.000107  -0.000450  0.000000  0.000000  0.000000  2.000000  
151.356386 0.005387  0.095642  -0.016551  0.999420  0.033288  -0.007220  -0.033344  0.999414  -0.007769  0.006957  0.008005  0.999944  -0.000103  -0.000132  -0.000462  0.000000  0.000000  0.000000  2.000000  
151.357636 0.005387  0.095642  -0.016551  0.999420  0.033288  -0.007220  -0.033344  0.999414  -0.007769  0.006957  0.008005  0.999944  -0.000137  -0.000183  -0.000444  0.000000  0.000000  0.000000  2.000000  
151.358883 0.005387  0.095641  -0.016552  0.999420  0.033288  -0.007220  -0.033344  0.999414  -0.007769  0.006957  0.008005  0.999944  -0.000156  -0.000212  -0.000500  0.000000  0.000000  0.000000  2.000000  
151.360132 0.005386  0.095641  -0.016553  0.999419  0.033287  -0.007354  -0.033344  0.999414  -0.007765  0.007091  0.008005  0.999943  -0.000154  -0.000208  -0.000492  0.000000  0.000000  0.000000  2.000000  
151.361406 0.005386  0.095640  -0.016554  0.999419  0.033287  -0.007354  -0.033344  0.999414  -0.007765  0.007091  0.008005  0.999943  -0.000187  -0.000239  -0.000519  0.000000  0.000000  0.000000  2.000000  
151.362635 0.005386  0.095640  -0.016554  0.999419  0.033287  -0.007354  -0.033344  0.999414  -0.007765  0.007091  0.008005  0.999943  -0.000199  -0.000312  -0.000523  0.000000  0.000000  0.000000  2.000000  
151.363881 0.005385  0.095639  -0.016555  0.999419  0.033287  -0.007354  -0.033344  0.999414  -0.007765  0.007091  0.008005  0.999943  -0.000195  -0.000307  -0.000515  0.000000  0.000000  0.000000  2.000000  
151.364882 0.005385  0.095639  -0.016555  0.999418  0.033286  -0.007488  -0.033344  0.999414  -0.007760  0.007225  0.008005  0.999942  -0.000239  -0.000338  -0.000505  0.000000  0.000000  0.000000  2.000000  
151.365884 0.005385  0.095639  -0.016556  0.999418  0.033286  -0.007488  -0.033344  0.999414  -0.007760  0.007225  0.008005  0.999942  -0.000225  -0.000334  -0.000534  0.000000  0.000000  0.000000  2.000000  
151.367130 0.005385  0.095638  -0.016556  0.999418  0.033286  -0.007488  -0.033344  0.999414  -0.007760  0.007225  0.008005  0.999942  -0.000230  -0.000361  -0.000497  0.000000  0.000000  0.000000  2.000000  
151.368133 0.005384  0.095638  -0.016557  0.999418  0.033286  -0.007488  -0.033344  0.999414  -0.007760  0.007225  0.008005  0.999942  -0.000216  -0.000357  -0.000526  0.000000  0.000000  0.000000  2.000000  
151.369382 0.005384  0.095637  -0.016557  0.999417  0.033285  -0.007621  -0.033344  0.999414  -0.007756  0.007359  0.008005  0.999941  -0.000227  -0.000355  -0.000489  0.000000  0.000000  0.000000  2.000000  
151.370397 0.005384  0.095637  -0.016557  0.999417  0.033285  -0.007621  -0.033344  0.999414  -0.007756  0.007359  0.008005  0.999941  -0.000231  -0.000382  -0.000451  0.000000  0.000000  0.000000  2.000000  
151.371399 0.005384  0.095637  -0.016557  0.999417  0.033285  -0.007621  -0.033344  0.999414  -0.007756  0.007359  0.008005  0.999941  -0.000242  -0.000380  -0.000414  0.000000  0.000000  0.000000  2.000000  
151.372671 0.005384  0.095637  -0.016558  0.999416  0.033284  -0.007755  -0.033344  0.999414  -0.007751  0.007493  0.008005  0.999940  -0.000211  -0.000352  -0.000394  0.000000  0.000000  0.000000  2.000000  
151.373884 0.005383  0.095636  -0.016558  0.999416  0.033284  -0.007755  -0.033344  0.999414  -0.007751  0.007493  0.008005  0.999940  -0.000212  -0.000353  -0.000395  0.000000  0.000000  0.000000  2.000000  
151.374886 0.005383  0.095636  -0.016558  0.999416  0.033284  -0.007755  -0.033344  0.999414  -0.007751  0.007493  0.008005  0.999940  -0.000192  -0.000324  -0.000338  0.000000  0.000000  0.000000  2.000000  
151.376135 0.005383  0.095636  -0.016559  0.999415  0.033283  -0.007889  -0.033344  0.999414  -0.007747  0.007626  0.008005  0.999939  -0.000192  -0.000324  -0.000339  0.000000  0.000000  0.000000  2.000000  
151.377383 0.005383  0.095635  -0.016559  0.999415  0.033283  -0.007889  -0.033344  0.999414  -0.007747  0.007626  0.008005  0.999939  -0.000198  -0.000296  -0.000341  0.000000  0.000000  0.000000  2.000000  
151.378393 0.005383  0.095635  -0.016559  0.999415  0.033283  -0.007889  -0.033344  0.999414  -0.007747  0.007626  0.008005  0.999939  -0.000182  -0.000271  -0.000289  0.000000  0.000000  0.000000  2.000000  
151.379632 0.005383  0.095635  -0.016560  0.999414  0.033282  -0.008023  -0.033344  0.999414  -0.007742  0.007760  0.008005  0.999938  -0.000141  -0.000246  -0.000307  0.000000  0.000000  0.000000  2.000000  
151.380634 0.005382  0.095635  -0.016560  0.999414  0.033282  -0.008023  -0.033344  0.999414  -0.007742  0.007760  0.008005  0.999938  -0.000182  -0.000272  -0.000289  0.000000  0.000000  0.000000  2.000000  
151.381881 0.005383  0.095635  -0.016560  0.999413  0.033281  -0.008156  -0.033344  0.999414  -0.007738  0.007894  0.008005  0.999937  -0.000148  -0.000220  -0.000310  0.000000  0.000000  0.000000  2.000000  
151.383128 0.005382  0.095635  -0.016561  0.999413  0.033281  -0.008156  -0.033344  0.999414  -0.007738  0.007894  0.008005  0.999937  -0.000137  -0.000168  -0.000262  0.000000  0.000000  0.000000  2.000000  
151.384136 0.005382  0.095635  -0.016561  0.999412  0.033280  -0.008290  -0.033344  0.999414  -0.007733  0.008028  0.008005  0.999936  -0.000109  -0.000144  -0.000247  0.000000  0.000000  0.000000  2.000000  
151.385384 0.005383  0.095635  -0.016561  0.999412  0.033280  -0.008290  -0.033344  0.999414  -0.007733  0.008028  0.008005  0.999936  -0.000106  -0.000121  -0.000288  0.000000  0.000000  0.000000  2.000000  
