1-Time 2-Px 3-Py 4-Pz 5-R11 6-R21 7-R31 8-R12 9-R22 10-R32 11-R13 12-R23 13-R33 14-Vx 15-Vy 16-Vz 17-Wx 18-Wy 19-Wz 20-state 21-PR11 22-PR21 23-PR31 24-PR12 25-PR22 26-PR32 27-PR13 28-PR23 29-PR33 
74.216552 0.003631  0.094357  -0.003127  0.999633  0.018200  0.020042  -0.018318  0.999816  0.005699  -0.019935  -0.006064  0.999783  0.001017  0.001056  0.000839  0.000000  0.000000  0.000000  2.000000  
74.217554 0.003631  0.094358  -0.003126  0.999633  0.018200  0.020042  -0.018318  0.999816  0.005699  -0.019935  -0.006064  0.999783  0.000973  0.001031  0.000851  0.000000  0.000000  0.000000  2.000000  
74.218801 0.003632  0.094358  -0.003125  0.999627  0.018405  0.020177  -0.018524  0.999812  0.005692  -0.020068  -0.006064  0.999780  0.000968  0.000938  0.000863  0.000000  0.000000  0.000000  2.000000  
74.219803 0.003634  0.094358  -0.003124  0.999627  0.018405  0.020177  -0.018524  0.999812  0.005692  -0.020068  -0.006064  0.999780  0.000996  0.000889  0.000850  0.000000  0.000000  0.000000  2.000000  
74.220803 0.003635  0.094357  -0.003124  0.999620  0.018610  0.020312  -0.018729  0.999808  0.005685  -0.020202  -0.006064  0.999778  0.000971  0.000762  0.000807  0.000000  0.000000  0.000000  2.000000  
74.221803 0.003636  0.094357  -0.003123  0.999620  0.018610  0.020312  -0.018729  0.999808  0.005685  -0.020202  -0.006064  0.999778  0.000992  0.000681  0.000792  0.000000  0.000000  0.000000  2.000000  
74.223055 0.003638  0.094356  -0.003123  0.999620  0.018610  0.020312  -0.018729  0.999808  0.005685  -0.020202  -0.006064  0.999778  0.001026  0.000536  0.000758  0.000000  0.000000  0.000000  2.000000  
74.224303 0.003640  0.094356  -0.003122  0.999617  0.018814  0.020315  -0.018935  0.999804  0.005802  -0.020202  -0.006185  0.999777  0.001083  0.000442  0.000734  0.000000  0.000000  0.000000  2.000000  
74.225328 0.003641  0.094356  -0.003121  0.999613  0.019020  0.020317  -0.019141  0.999800  0.005798  -0.020202  -0.006185  0.999777  0.001105  0.000350  0.000722  0.000000  0.000000  0.000000  2.000000  
74.226558 0.003643  0.094356  -0.003121  0.999609  0.019225  0.020318  -0.019347  0.999796  0.005794  -0.020202  -0.006185  0.999777  0.001106  0.000227  0.000701  0.000000  0.000000  0.000000  2.000000  
74.227808 0.003645  0.094356  -0.003120  0.999602  0.019430  0.020453  -0.019552  0.999792  0.005787  -0.020336  -0.006185  0.999774  0.001193  0.000177  0.000652  0.000000  0.000000  0.000000  2.000000  
74.229055 0.003646  0.094355  -0.003119  0.999595  0.019635  0.020588  -0.019758  0.999788  0.005780  -0.020470  -0.006185  0.999771  0.001176  0.000057  0.000653  0.000000  0.000000  0.000000  2.000000  
74.230056 0.003647  0.094356  -0.003118  0.999595  0.019635  0.020588  -0.019758  0.999788  0.005780  -0.020470  -0.006185  0.999771  0.001208  0.000009  0.000643  0.000000  0.000000  0.000000  2.000000  
74.231063 0.003648  0.094356  -0.003117  0.999588  0.019840  0.020723  -0.019964  0.999784  0.005773  -0.020604  -0.006185  0.999769  0.001219  -0.000036  0.000661  0.000000  0.000000  0.000000  2.000000  
74.232068 0.003648  0.094355  -0.003117  0.999584  0.020046  0.020724  -0.020170  0.999780  0.005769  -0.020604  -0.006185  0.999769  0.001188  -0.000139  0.000608  0.000000  0.000000  0.000000  2.000000  
74.233315 0.003649  0.094355  -0.003116  0.999577  0.020251  0.020859  -0.020375  0.999776  0.005762  -0.020737  -0.006185  0.999766  0.001134  -0.000183  0.000621  0.000000  0.000000  0.000000  2.000000  
74.234327 0.003649  0.094355  -0.003115  0.999573  0.020457  0.020860  -0.020581  0.999772  0.005758  -0.020737  -0.006185  0.999766  0.001057  -0.000213  0.000645  0.000000  0.000000  0.000000  2.000000  
74.235558 0.003648  0.094354  -0.003115  0.999569  0.020663  0.020861  -0.020787  0.999767  0.005754  -0.020737  -0.006185  0.999766  0.000926  -0.000245  0.000630  0.000000  0.000000  0.000000  2.000000  
74.236559 0.003648  0.094353  -0.003115  0.999562  0.020868  0.020996  -0.020993  0.999763  0.005747  -0.020871  -0.006185  0.999763  0.000828  -0.000305  0.000559  0.000000  0.000000  0.000000  2.000000  
74.237809 0.003648  0.094352  -0.003115  0.999557  0.021071  0.021000  -0.021199  0.999758  0.005863  -0.020871  -0.006306  0.999762  0.000718  -0.000287  0.000554  0.000000  0.000000  0.000000  2.000000  
74.239059 0.003648  0.094351  -0.003114  0.999550  0.021276  0.021135  -0.021404  0.999754  0.005856  -0.021005  -0.006306  0.999759  0.000555  -0.000346  0.000518  0.000000  0.000000  0.000000  2.000000  
74.240060 0.003647  0.094350  -0.003114  0.999547  0.021275  0.021268  -0.021404  0.999754  0.005853  -0.021139  -0.006306  0.999757  0.000437  -0.000382  0.000471  0.000000  0.000000  0.000000  2.000000  
74.241313 0.003647  0.094350  -0.003115  0.999543  0.021481  0.021270  -0.021610  0.999749  0.005849  -0.021139  -0.006306  0.999757  0.000318  -0.000391  0.000373  0.000000  0.000000  0.000000  2.000000  
74.242322 0.003647  0.094349  -0.003115  0.999536  0.021686  0.021405  -0.021816  0.999745  0.005842  -0.021272  -0.006306  0.999754  0.000204  -0.000432  0.000330  0.000000  0.000000  0.000000  2.000000  
74.243555 0.003647  0.094349  -0.003115  0.999531  0.021892  0.021406  -0.022021  0.999740  0.005837  -0.021272  -0.006306  0.999754  0.000083  -0.000459  0.000278  0.000000  0.000000  0.000000  2.000000  
74.244556 0.003646  0.094348  -0.003116  0.999531  0.021892  0.021406  -0.022021  0.999740  0.005837  -0.021272  -0.006306  0.999754  -0.000021  -0.000497  0.000198  0.000000  0.000000  0.000000  2.000000  
74.245805 0.003645  0.094347  -0.003116  0.999524  0.022097  0.021541  -0.022227  0.999736  0.005830  -0.021406  -0.006306  0.999751  -0.000162  -0.000540  0.000088  0.000000  0.000000  0.000000  2.000000  
74.246806 0.003645  0.094347  -0.003117  0.999524  0.022097  0.021541  -0.022227  0.999736  0.005830  -0.021406  -0.006306  0.999751  -0.000237  -0.000550  0.000028  0.000000  0.000000  0.000000  2.000000  
74.248058 0.003644  0.094346  -0.003117  0.999521  0.022096  0.021674  -0.022227  0.999736  0.005827  -0.021540  -0.006306  0.999748  -0.000336  -0.000569  -0.000094  0.000000  0.000000  0.000000  2.000000  
74.249308 0.003643  0.094346  -0.003117  0.999513  0.022301  0.021809  -0.022433  0.999731  0.005820  -0.021674  -0.006306  0.999745  -0.000373  -0.000575  -0.000124  0.000000  0.000000  0.000000  2.000000  
74.250322 0.003642  0.094346  -0.003118  0.999513  0.022301  0.021809  -0.022433  0.999731  0.005820  -0.021674  -0.006306  0.999745  -0.000419  -0.000547  -0.000209  0.000000  0.000000  0.000000  2.000000  
74.251553 0.003642  0.094345  -0.003118  0.999510  0.022300  0.021943  -0.022433  0.999731  0.005817  -0.021807  -0.006306  0.999742  -0.000428  -0.000494  -0.000226  0.000000  0.000000  0.000000  2.000000  
74.252802 0.003641  0.094346  -0.003118  0.999510  0.022300  0.021943  -0.022433  0.999731  0.005817  -0.021807  -0.006306  0.999742  -0.000456  -0.000447  -0.000214  0.000000  0.000000  0.000000  2.000000  
74.254050 0.003641  0.094345  -0.003118  0.999508  0.022299  0.022077  -0.022433  0.999731  0.005814  -0.021941  -0.006306  0.999739  -0.000466  -0.000384  -0.000276  0.000000  0.000000  0.000000  2.000000  
74.255306 0.003641  0.094345  -0.003118  0.999508  0.022299  0.022077  -0.022433  0.999731  0.005814  -0.021941  -0.006306  0.999739  -0.000444  -0.000335  -0.000267  0.000000  0.000000  0.000000  2.000000  
74.256554 0.003641  0.094345  -0.003119  0.999508  0.022299  0.022077  -0.022433  0.999731  0.005814  -0.021941  -0.006306  0.999739  -0.000429  -0.000290  -0.000261  0.000000  0.000000  0.000000  2.000000  
74.257800 0.003641  0.094345  -0.003119  0.999505  0.022298  0.022211  -0.022433  0.999731  0.005811  -0.022075  -0.006306  0.999736  -0.000399  -0.000236  -0.000247  0.000000  0.000000  0.000000  2.000000  
74.258808 0.003641  0.094345  -0.003120  0.999505  0.022298  0.022211  -0.022433  0.999731  0.005811  -0.022075  -0.006306  0.999736  -0.000386  -0.000239  -0.000279  0.000000  0.000000  0.000000  2.000000  
74.259808 0.003641  0.094345  -0.003120  0.999502  0.022298  0.022344  -0.022433  0.999731  0.005808  -0.022209  -0.006306  0.999733  -0.000319  -0.000191  -0.000276  0.000000  0.000000  0.000000  2.000000  
74.260808 0.003641  0.094344  -0.003120  0.999502  0.022298  0.022344  -0.022433  0.999731  0.005808  -0.022209  -0.006306  0.999733  -0.000312  -0.000213  -0.000266  0.000000  0.000000  0.000000  2.000000  
74.262055 0.003640  0.094344  -0.003121  0.999499  0.022297  0.022478  -0.022432  0.999732  0.005805  -0.022343  -0.006306  0.999730  -0.000264  -0.000186  -0.000274  0.000000  0.000000  0.000000  2.000000  
74.263057 0.003640  0.094344  -0.003122  0.999499  0.022297  0.022478  -0.022432  0.999732  0.005805  -0.022343  -0.006306  0.999730  -0.000251  -0.000189  -0.000306  0.000000  0.000000  0.000000  2.000000  
74.264057 0.003640  0.094344  -0.003122  0.999499  0.022297  0.022478  -0.022432  0.999732  0.005805  -0.022343  -0.006306  0.999730  -0.000212  -0.000168  -0.000324  0.000000  0.000000  0.000000  2.000000  
74.265059 0.003639  0.094343  -0.003122  0.999499  0.022297  0.022478  -0.022432  0.999732  0.005805  -0.022343  -0.006306  0.999730  -0.000182  -0.000140  -0.000304  0.000000  0.000000  0.000000  2.000000  
74.266317 0.003640  0.094344  -0.003123  0.999496  0.022296  0.022612  -0.022432  0.999732  0.005802  -0.022476  -0.006306  0.999727  -0.000146  -0.000093  -0.000326  0.000000  0.000000  0.000000  2.000000  
74.267555 0.003639  0.094344  -0.003123  0.999496  0.022293  0.022614  -0.022432  0.999731  0.005923  -0.022476  -0.006427  0.999727  -0.000132  -0.000096  -0.000359  0.000000  0.000000  0.000000  2.000000  
74.268809 0.003639  0.094345  -0.003124  0.999496  0.022293  0.022614  -0.022432  0.999731  0.005923  -0.022476  -0.006427  0.999727  -0.000110  -0.000046  -0.000349  0.000000  0.000000  0.000000  2.000000  
74.270058 0.003638  0.094345  -0.003124  0.999493  0.022292  0.022748  -0.022432  0.999731  0.005920  -0.022610  -0.006427  0.999724  -0.000161  -0.000048  -0.000347  0.000000  0.000000  0.000000  2.000000  
74.271302 0.003638  0.094345  -0.003124  0.999493  0.022292  0.022748  -0.022432  0.999731  0.005920  -0.022610  -0.006427  0.999724  -0.000182  -0.000022  -0.000324  0.000000  0.000000  0.000000  2.000000  
74.272310 0.003638  0.094345  -0.003123  0.999493  0.022292  0.022748  -0.022432  0.999731  0.005920  -0.022610  -0.006427  0.999724  -0.000203  0.000004  -0.000301  0.000000  0.000000  0.000000  2.000000  
74.273551 0.003638  0.094345  -0.003123  0.999490  0.022291  0.022882  -0.022432  0.999731  0.005917  -0.022744  -0.006427  0.999721  -0.000183  0.000034  -0.000244  0.000000  0.000000  0.000000  2.000000  
74.274553 0.003638  0.094346  -0.003123  0.999490  0.022291  0.022882  -0.022432  0.999731  0.005917  -0.022744  -0.006427  0.999721  -0.000204  0.000059  -0.000222  0.000000  0.000000  0.000000  2.000000  
74.275559 0.003637  0.094345  -0.003123  0.999490  0.022291  0.022882  -0.022432  0.999731  0.005917  -0.022744  -0.006427  0.999721  -0.000217  0.000063  -0.000190  0.000000  0.000000  0.000000  2.000000  
74.276807 0.003637  0.094345  -0.003123  0.999485  0.022497  0.022883  -0.022638  0.999726  0.005912  -0.022744  -0.006427  0.999721  -0.000203  0.000095  -0.000140  0.000000  0.000000  0.000000  2.000000  
74.278056 0.003638  0.094345  -0.003124  0.999482  0.022494  0.023020  -0.022638  0.999726  0.006030  -0.022878  -0.006548  0.999717  -0.000163  0.000098  -0.000108  0.000000  0.000000  0.000000  2.000000  
74.279308 0.003638  0.094345  -0.003124  0.999482  0.022494  0.023020  -0.022638  0.999726  0.006030  -0.022878  -0.006548  0.999717  -0.000142  0.000073  -0.000130  0.000000  0.000000  0.000000  2.000000  
74.280320 0.003638  0.094344  -0.003124  0.999482  0.022494  0.023020  -0.022638  0.999726  0.006030  -0.022878  -0.006548  0.999717  -0.000086  0.000054  -0.000124  0.000000  0.000000  0.000000  2.000000  
74.281555 0.003638  0.094344  -0.003125  0.999479  0.022493  0.023153  -0.022638  0.999726  0.006027  -0.023011  -0.006548  0.999714  -0.000063  -0.000014  -0.000094  0.000000  0.000000  0.000000  2.000000  
74.282558 0.003639  0.094344  -0.003125  0.999479  0.022493  0.023153  -0.022638  0.999726  0.006027  -0.023011  -0.006548  0.999714  -0.000042  -0.000040  -0.000116  0.000000  0.000000  0.000000  2.000000  
74.283806 0.003639  0.094343  -0.003125  0.999474  0.022696  0.023157  -0.022844  0.999720  0.006144  -0.023011  -0.006670  0.999713  -0.000013  -0.000086  -0.000127  0.000000  0.000000  0.000000  2.000000  
74.285053 0.003639  0.094343  -0.003126  0.999474  0.022696  0.023157  -0.022844  0.999720  0.006144  -0.023011  -0.006670  0.999713  0.000058  -0.000110  -0.000151  0.000000  0.000000  0.000000  2.000000  
74.286055 0.003639  0.094343  -0.003126  0.999474  0.022696  0.023157  -0.022844  0.999720  0.006144  -0.023011  -0.006670  0.999713  0.000067  -0.000134  -0.000144  0.000000  0.000000  0.000000  2.000000  
74.287059 0.003640  0.094343  -0.003125  0.999471  0.022695  0.023291  -0.022844  0.999720  0.006141  -0.023145  -0.006669  0.999710  0.000126  -0.000154  -0.000136  0.000000  0.000000  0.000000  2.000000  
74.288310 0.003640  0.094343  -0.003125  0.999471  0.022692  0.023294  -0.022844  0.999719  0.006262  -0.023145  -0.006791  0.999709  0.000126  -0.000154  -0.000136  0.000000  0.000000  0.000000  2.000000  
74.289554 0.003640  0.094343  -0.003125  0.999471  0.022692  0.023294  -0.022844  0.999719  0.006262  -0.023145  -0.006791  0.999709  0.000184  -0.000175  -0.000128  0.000000  0.000000  0.000000  2.000000  
74.290555 0.003640  0.094343  -0.003125  0.999471  0.022692  0.023294  -0.022844  0.999719  0.006262  -0.023145  -0.006791  0.999709  0.000176  -0.000191  -0.000083  0.000000  0.000000  0.000000  2.000000  
74.291556 0.003640  0.094343  -0.003125  0.999463  0.022897  0.023429  -0.023049  0.999715  0.006254  -0.023279  -0.006791  0.999706  0.000168  -0.000169  -0.000093  0.000000  0.000000  0.000000  2.000000  
74.292567 0.003640  0.094343  -0.003124  0.999463  0.022897  0.023429  -0.023049  0.999715  0.006254  -0.023279  -0.006791  0.999706  0.000145  -0.000165  -0.000029  0.000000  0.000000  0.000000  2.000000  
74.293811 0.003640  0.094343  -0.003124  0.999463  0.022897  0.023429  -0.023049  0.999715  0.006254  -0.023279  -0.006791  0.999706  0.000124  -0.000139  -0.000007  0.000000  0.000000  0.000000  2.000000  
74.295059 0.003640  0.094343  -0.003124  0.999463  0.022894  0.023432  -0.023049  0.999714  0.006375  -0.023279  -0.006912  0.999705  0.000133  -0.000086  0.000036  0.000000  0.000000  0.000000  2.000000  
74.296313 0.003640  0.094343  -0.003123  0.999463  0.022894  0.023432  -0.023049  0.999714  0.006375  -0.023279  -0.006912  0.999705  0.000099  -0.000057  0.000091  0.000000  0.000000  0.000000  2.000000  
74.297569 0.003640  0.094343  -0.003123  0.999463  0.022894  0.023432  -0.023049  0.999714  0.006375  -0.023279  -0.006912  0.999705  0.000116  -0.000026  0.000144  0.000000  0.000000  0.000000  2.000000  
74.298807 0.003640  0.094344  -0.003123  0.999455  0.023099  0.023567  -0.023255  0.999709  0.006367  -0.023413  -0.006912  0.999702  0.000082  0.000003  0.000200  0.000000  0.000000  0.000000  2.000000  
74.299813 0.003640  0.094344  -0.003123  0.999455  0.023096  0.023569  -0.023255  0.999709  0.006489  -0.023413  -0.007033  0.999701  0.000061  0.000029  0.000222  0.000000  0.000000  0.000000  2.000000  
74.300817 0.003641  0.094344  -0.003122  0.999455  0.023096  0.023569  -0.023255  0.999709  0.006489  -0.023413  -0.007033  0.999701  0.000091  0.000057  0.000243  0.000000  0.000000  0.000000  2.000000  
74.302056 0.003640  0.094344  -0.003122  0.999455  0.023096  0.023569  -0.023255  0.999709  0.006489  -0.023413  -0.007033  0.999701  0.000039  0.000054  0.000241  0.000000  0.000000  0.000000  2.000000  
74.303061 0.003640  0.094344  -0.003122  0.999455  0.023096  0.023569  -0.023255  0.999709  0.006489  -0.023413  -0.007033  0.999701  0.000040  0.000055  0.000245  0.000000  0.000000  0.000000  2.000000  
74.304302 0.003640  0.094344  -0.003121  0.999455  0.023093  0.023572  -0.023255  0.999708  0.006610  -0.023413  -0.007155  0.999700  0.000011  0.000101  0.000253  0.000000  0.000000  0.000000  2.000000  
74.305559 0.003641  0.094345  -0.003121  0.999452  0.023092  0.023706  -0.023255  0.999708  0.006607  -0.023546  -0.007154  0.999697  0.000047  0.000150  0.000235  0.000000  0.000000  0.000000  2.000000  
74.306803 0.003641  0.094345  -0.003120  0.999452  0.023092  0.023706  -0.023255  0.999708  0.006607  -0.023546  -0.007154  0.999697  0.000063  0.000178  0.000283  0.000000  0.000000  0.000000  2.000000  
74.308051 0.003641  0.094346  -0.003120  0.999452  0.023092  0.023706  -0.023255  0.999708  0.006607  -0.023546  -0.007154  0.999697  0.000085  0.000227  0.000293  0.000000  0.000000  0.000000  2.000000  
74.309060 0.003641  0.094346  -0.003119  0.999452  0.023089  0.023709  -0.023255  0.999707  0.006728  -0.023546  -0.007276  0.999696  0.000072  0.000230  0.000325  0.000000  0.000000  0.000000  2.000000  
74.310322 0.003642  0.094347  -0.003119  0.999452  0.023089  0.023709  -0.023255  0.999707  0.006728  -0.023546  -0.007276  0.999696  0.000116  0.000258  0.000318  0.000000  0.000000  0.000000  2.000000  
74.311558 0.003642  0.094348  -0.003118  0.999452  0.023089  0.023709  -0.023255  0.999707  0.006728  -0.023546  -0.007276  0.999696  0.000126  0.000312  0.000361  0.000000  0.000000  0.000000  2.000000  
74.312806 0.003642  0.094349  -0.003117  0.999452  0.023089  0.023709  -0.023255  0.999707  0.006728  -0.023546  -0.007276  0.999696  0.000140  0.000338  0.000407  0.000000  0.000000  0.000000  2.000000  
74.314056 0.003643  0.094349  -0.003116  0.999452  0.023089  0.023709  -0.023255  0.999707  0.006728  -0.023546  -0.007276  0.999696  0.000216  0.000395  0.000422  0.000000  0.000000  0.000000  2.000000  
74.315308 0.003644  0.094350  -0.003116  0.999449  0.023086  0.023845  -0.023255  0.999706  0.006846  -0.023680  -0.007397  0.999692  0.000200  0.000392  0.000447  0.000000  0.000000  0.000000  2.000000  
74.316310 0.003644  0.094350  -0.003115  0.999449  0.023086  0.023845  -0.023255  0.999706  0.006846  -0.023680  -0.007397  0.999692  0.000229  0.000419  0.000467  0.000000  0.000000  0.000000  2.000000  
74.317553 0.003644  0.094350  -0.003115  0.999449  0.023086  0.023845  -0.023255  0.999706  0.006846  -0.023680  -0.007397  0.999692  0.000250  0.000394  0.000445  0.000000  0.000000  0.000000  2.000000  
74.318553 0.003645  0.094350  -0.003115  0.999444  0.023291  0.023847  -0.023461  0.999701  0.006841  -0.023680  -0.007397  0.999692  0.000279  0.000421  0.000465  0.000000  0.000000  0.000000  2.000000  
74.319554 0.003645  0.094350  -0.003115  0.999444  0.023291  0.023847  -0.023461  0.999701  0.006841  -0.023680  -0.007397  0.999692  0.000305  0.000403  0.000450  0.000000  0.000000  0.000000  2.000000  
74.320555 0.003645  0.094351  -0.003114  0.999444  0.023291  0.023847  -0.023461  0.999701  0.006841  -0.023680  -0.007397  0.999692  0.000300  0.000396  0.000442  0.000000  0.000000  0.000000  2.000000  
74.321804 0.003645  0.094351  -0.003114  0.999444  0.023288  0.023849  -0.023461  0.999701  0.006963  -0.023680  -0.007518  0.999691  0.000288  0.000372  0.000397  0.000000  0.000000  0.000000  2.000000  
74.323052 0.003646  0.094351  -0.003114  0.999444  0.023288  0.023849  -0.023461  0.999701  0.006963  -0.023680  -0.007518  0.999691  0.000309  0.000346  0.000374  0.000000  0.000000  0.000000  2.000000  
74.324057 0.003646  0.094351  -0.003114  0.999444  0.023288  0.023849  -0.023461  0.999701  0.006963  -0.023680  -0.007518  0.999691  0.000287  0.000310  0.000316  0.000000  0.000000  0.000000  2.000000  
74.325308 0.003646  0.094351  -0.003114  0.999441  0.023287  0.023983  -0.023460  0.999701  0.006959  -0.023814  -0.007518  0.999688  0.000258  0.000283  0.000296  0.000000  0.000000  0.000000  2.000000  
74.326311 0.003646  0.094351  -0.003114  0.999441  0.023285  0.023986  -0.023460  0.999700  0.007081  -0.023814  -0.007639  0.999687  0.000222  0.000206  0.000238  0.000000  0.000000  0.000000  2.000000  
74.327314 0.003645  0.094351  -0.003114  0.999441  0.023285  0.023986  -0.023460  0.999700  0.007081  -0.023814  -0.007639  0.999687  0.000192  0.000178  0.000217  0.000000  0.000000  0.000000  2.000000  
74.328555 0.003645  0.094351  -0.003114  0.999441  0.023285  0.023986  -0.023460  0.999700  0.007081  -0.023814  -0.007639  0.999687  0.000160  0.000148  0.000194  0.000000  0.000000  0.000000  2.000000  
74.329556 0.003645  0.094352  -0.003113  0.999441  0.023285  0.023986  -0.023460  0.999700  0.007081  -0.023814  -0.007639  0.999687  0.000122  0.000143  0.000164  0.000000  0.000000  0.000000  2.000000  
74.330558 0.003645  0.094352  -0.003113  0.999441  0.023285  0.023986  -0.023460  0.999700  0.007081  -0.023814  -0.007639  0.999687  0.000093  0.000116  0.000144  0.000000  0.000000  0.000000  2.000000  
74.331809 0.003644  0.094351  -0.003113  0.999441  0.023285  0.023986  -0.023460  0.999700  0.007081  -0.023814  -0.007639  0.999687  0.000013  0.000088  0.000129  0.000000  0.000000  0.000000  2.000000  
74.333057 0.003644  0.094351  -0.003113  0.999441  0.023285  0.023986  -0.023460  0.999700  0.007081  -0.023814  -0.007639  0.999687  -0.000017  0.000060  0.000109  0.000000  0.000000  0.000000  2.000000  
74.334311 0.003644  0.094351  -0.003113  0.999438  0.023281  0.024123  -0.023460  0.999699  0.007199  -0.023948  -0.007761  0.999683  -0.000017  0.000060  0.000108  0.000000  0.000000  0.000000  2.000000  
74.335555 0.003644  0.094351  -0.003113  0.999438  0.023281  0.024123  -0.023460  0.999699  0.007199  -0.023948  -0.007761  0.999683  -0.000076  0.000004  0.000067  0.000000  0.000000  0.000000  2.000000  
74.336559 0.003644  0.094351  -0.003113  0.999438  0.023281  0.024123  -0.023460  0.999699  0.007199  -0.023948  -0.007761  0.999683  -0.000078  0.000005  0.000068  0.000000  0.000000  0.000000  2.000000  
74.337805 0.003644  0.094350  -0.003113  0.999438  0.023281  0.024123  -0.023460  0.999699  0.007199  -0.023948  -0.007761  0.999683  -0.000100  -0.000046  0.000058  0.000000  0.000000  0.000000  2.000000  
74.339052 0.003644  0.094350  -0.003113  0.999438  0.023281  0.024123  -0.023460  0.999699  0.007199  -0.023948  -0.007761  0.999683  -0.000098  -0.000045  0.000057  0.000000  0.000000  0.000000  2.000000  
74.340058 0.003644  0.094350  -0.003114  0.999438  0.023278  0.024125  -0.023460  0.999698  0.007320  -0.023948  -0.007882  0.999682  -0.000117  -0.000077  0.000005  0.000000  0.000000  0.000000  2.000000  
74.341306 0.003644  0.094350  -0.003114  0.999435  0.023277  0.024259  -0.023460  0.999698  0.007317  -0.024081  -0.007882  0.999679  -0.000107  -0.000097  0.000015  0.000000  0.000000  0.000000  2.000000  
74.342315 0.003643  0.094349  -0.003114  0.999435  0.023277  0.024259  -0.023460  0.999698  0.007317  -0.024081  -0.007882  0.999679  -0.000126  -0.000130  -0.000038  0.000000  0.000000  0.000000  2.000000  
74.343556 0.003643  0.094349  -0.003114  0.999435  0.023277  0.024259  -0.023460  0.999698  0.007317  -0.024081  -0.007882  0.999679  -0.000126  -0.000130  -0.000038  0.000000  0.000000  0.000000  2.000000  
74.344808 0.003644  0.094349  -0.003114  0.999431  0.023273  0.024396  -0.023460  0.999697  0.007435  -0.024215  -0.008003  0.999675  -0.000097  -0.000178  -0.000050  0.000000  0.000000  0.000000  2.000000  
74.346055 0.003644  0.094349  -0.003114  0.999427  0.023478  0.024397  -0.023666  0.999692  0.007430  -0.024215  -0.008003  0.999675  -0.000066  -0.000148  -0.000030  0.000000  0.000000  0.000000  2.000000  
74.347056 0.003644  0.094349  -0.003114  0.999427  0.023478  0.024397  -0.023666  0.999692  0.007430  -0.024215  -0.008003  0.999675  -0.000054  -0.000154  -0.000063  0.000000  0.000000  0.000000  2.000000  
74.348056 0.003644  0.094349  -0.003114  0.999427  0.023478  0.024397  -0.023666  0.999692  0.007430  -0.024215  -0.008003  0.999675  -0.000053  -0.000151  -0.000062  0.000000  0.000000  0.000000  2.000000  
74.349308 0.003644  0.094349  -0.003114  0.999423  0.023477  0.024531  -0.023666  0.999692  0.007427  -0.024349  -0.008003  0.999671  -0.000053  -0.000151  -0.000062  0.000000  0.000000  0.000000  2.000000  
74.350320 0.003644  0.094349  -0.003114  0.999423  0.023474  0.024534  -0.023666  0.999691  0.007548  -0.024349  -0.008124  0.999671  -0.000024  -0.000126  -0.000043  0.000000  0.000000  0.000000  2.000000  
74.351552 0.003644  0.094349  -0.003114  0.999423  0.023474  0.024534  -0.023666  0.999691  0.007548  -0.024349  -0.008124  0.999671  -0.000024  -0.000124  -0.000042  0.000000  0.000000  0.000000  2.000000  
74.352553 0.003644  0.094349  -0.003114  0.999423  0.023474  0.024534  -0.023666  0.999691  0.007548  -0.024349  -0.008124  0.999671  -0.000031  -0.000102  -0.000052  0.000000  0.000000  0.000000  2.000000  
74.353553 0.003644  0.094349  -0.003114  0.999415  0.023679  0.024669  -0.023872  0.999687  0.007540  -0.024483  -0.008124  0.999667  -0.000031  -0.000102  -0.000052  0.000000  0.000000  0.000000  2.000000  
74.354801 0.003643  0.094349  -0.003114  0.999415  0.023679  0.024669  -0.023872  0.999687  0.007540  -0.024483  -0.008124  0.999667  -0.000027  -0.000068  0.000032  0.000000  0.000000  0.000000  2.000000  
74.355803 0.003643  0.094349  -0.003114  0.999415  0.023679  0.024669  -0.023872  0.999687  0.007540  -0.024483  -0.008124  0.999667  -0.000035  -0.000046  0.000022  0.000000  0.000000  0.000000  2.000000  
74.356829 0.003643  0.094349  -0.003114  0.999415  0.023676  0.024672  -0.023872  0.999686  0.007661  -0.024483  -0.008246  0.999666  -0.000005  -0.000019  0.000043  0.000000  0.000000  0.000000  2.000000  
74.358061 0.003643  0.094349  -0.003114  0.999412  0.023675  0.024806  -0.023872  0.999686  0.007658  -0.024616  -0.008246  0.999663  -0.000005  -0.000019  0.000043  0.000000  0.000000  0.000000  2.000000  
74.359309 0.003643  0.094349  -0.003114  0.999407  0.023881  0.024807  -0.024077  0.999681  0.007653  -0.024616  -0.008246  0.999663  -0.000013  0.000003  0.000032  0.000000  0.000000  0.000000  2.000000  
74.360320 0.003643  0.094349  -0.003114  0.999407  0.023881  0.024807  -0.024077  0.999681  0.007653  -0.024616  -0.008246  0.999663  -0.000043  -0.000024  0.000013  0.000000  0.000000  0.000000  2.000000  
74.361329 0.003643  0.094349  -0.003114  0.999404  0.023877  0.024944  -0.024077  0.999680  0.007771  -0.024750  -0.008367  0.999659  -0.000051  -0.000002  0.000002  0.000000  0.000000  0.000000  2.000000  
74.362558 0.003643  0.094349  -0.003114  0.999404  0.023877  0.024944  -0.024077  0.999680  0.007771  -0.024750  -0.008367  0.999659  -0.000051  -0.000002  0.000002  0.000000  0.000000  0.000000  2.000000  
74.363812 0.003643  0.094349  -0.003114  0.999404  0.023877  0.024944  -0.024077  0.999680  0.007771  -0.024750  -0.008367  0.999659  -0.000051  -0.000002  0.000002  0.000000  0.000000  0.000000  2.000000  
74.365055 0.003643  0.094349  -0.003114  0.999399  0.024082  0.024945  -0.024283  0.999675  0.007766  -0.024750  -0.008367  0.999659  -0.000058  0.000020  -0.000008  0.000000  0.000000  0.000000  2.000000  
74.366056 0.003643  0.094349  -0.003114  0.999399  0.024079  0.024948  -0.024283  0.999674  0.007887  -0.024750  -0.008488  0.999658  -0.000058  0.000020  -0.000008  0.000000  0.000000  0.000000  2.000000  
74.367057 0.003643  0.094349  -0.003114  0.999395  0.024078  0.025082  -0.024283  0.999674  0.007884  -0.024884  -0.008488  0.999654  -0.000058  0.000020  -0.000008  0.000000  0.000000  0.000000  2.000000  
74.368302 0.003642  0.094349  -0.003115  0.999395  0.024078  0.025082  -0.024283  0.999674  0.007884  -0.024884  -0.008488  0.999654  -0.000088  -0.000007  -0.000028  0.000000  0.000000  0.000000  2.000000  
74.369306 0.003642  0.094349  -0.003115  0.999390  0.024284  0.025084  -0.024489  0.999669  0.007879  -0.024884  -0.008488  0.999654  -0.000076  -0.000011  -0.000061  0.000000  0.000000  0.000000  2.000000  
74.370322 0.003642  0.094349  -0.003115  0.999390  0.024284  0.025084  -0.024489  0.999669  0.007879  -0.024884  -0.008488  0.999654  -0.000076  -0.000011  -0.000061  0.000000  0.000000  0.000000  2.000000  
74.371553 0.003642  0.094348  -0.003114  0.999390  0.024281  0.025087  -0.024489  0.999668  0.008000  -0.024884  -0.008609  0.999653  -0.000067  -0.000032  -0.000050  0.000000  0.000000  0.000000  2.000000  
74.372553 0.003642  0.094348  -0.003115  0.999387  0.024280  0.025220  -0.024489  0.999668  0.007997  -0.025018  -0.008609  0.999650  -0.000097  -0.000060  -0.000070  0.000000  0.000000  0.000000  2.000000  
74.373556 0.003642  0.094348  -0.003115  0.999387  0.024280  0.025220  -0.024489  0.999668  0.007997  -0.025018  -0.008609  0.999650  -0.000084  -0.000063  -0.000102  0.000000  0.000000  0.000000  2.000000  
74.374806 0.003642  0.094348  -0.003115  0.999382  0.024486  0.025222  -0.024694  0.999663  0.007991  -0.025018  -0.008609  0.999650  -0.000047  -0.000059  -0.000073  0.000000  0.000000  0.000000  2.000000  
74.375809 0.003642  0.094347  -0.003115  0.999382  0.024486  0.025222  -0.024694  0.999663  0.007991  -0.025018  -0.008609  0.999650  -0.000070  -0.000109  -0.000083  0.000000  0.000000  0.000000  2.000000  
74.376811 0.003642  0.094347  -0.003116  0.999382  0.024483  0.025225  -0.024694  0.999662  0.008113  -0.025018  -0.008731  0.999649  -0.000056  -0.000112  -0.000116  0.000000  0.000000  0.000000  2.000000  
74.378055 0.003642  0.094347  -0.003116  0.999382  0.024483  0.025225  -0.024694  0.999662  0.008113  -0.025018  -0.008731  0.999649  -0.000055  -0.000110  -0.000114  0.000000  0.000000  0.000000  2.000000  
74.379308 0.003642  0.094346  -0.003116  0.999382  0.024483  0.025225  -0.024694  0.999662  0.008113  -0.025018  -0.008731  0.999649  -0.000064  -0.000163  -0.000156  0.000000  0.000000  0.000000  2.000000  
74.380319 0.003642  0.094346  -0.003116  0.999374  0.024687  0.025360  -0.024900  0.999657  0.008104  -0.025151  -0.008731  0.999646  -0.000058  -0.000188  -0.000149  0.000000  0.000000  0.000000  2.000000  
74.381556 0.003642  0.094346  -0.003117  0.999374  0.024684  0.025363  -0.024900  0.999656  0.008225  -0.025151  -0.008852  0.999644  -0.000045  -0.000192  -0.000182  0.000000  0.000000  0.000000  2.000000  
74.382807 0.003642  0.094346  -0.003117  0.999374  0.024684  0.025363  -0.024900  0.999656  0.008225  -0.025151  -0.008852  0.999644  -0.000044  -0.000188  -0.000179  0.000000  0.000000  0.000000  2.000000  
74.384053 0.003642  0.094346  -0.003117  0.999374  0.024684  0.025363  -0.024900  0.999656  0.008225  -0.025151  -0.008852  0.999644  -0.000036  -0.000210  -0.000169  0.000000  0.000000  0.000000  2.000000  
74.385053 0.003641  0.094345  -0.003117  0.999374  0.024684  0.025363  -0.024900  0.999656  0.008225  -0.025151  -0.008852  0.999644  -0.000066  -0.000238  -0.000189  0.000000  0.000000  0.000000  2.000000  
74.386305 0.003641  0.094345  -0.003117  0.999374  0.024681  0.025366  -0.024900  0.999655  0.008347  -0.025151  -0.008973  0.999643  -0.000073  -0.000216  -0.000199  0.000000  0.000000  0.000000  2.000000  
74.387311 0.003641  0.094345  -0.003117  0.999374  0.024681  0.025366  -0.024900  0.999655  0.008347  -0.025151  -0.008973  0.999643  -0.000045  -0.000191  -0.000182  0.000000  0.000000  0.000000  2.000000  
74.388554 0.003641  0.094345  -0.003117  0.999374  0.024681  0.025366  -0.024900  0.999655  0.008347  -0.025151  -0.008973  0.999643  -0.000057  -0.000185  -0.000146  0.000000  0.000000  0.000000  2.000000  
74.389801 0.003641  0.094345  -0.003117  0.999374  0.024681  0.025366  -0.024900  0.999655  0.008347  -0.025151  -0.008973  0.999643  -0.000064  -0.000163  -0.000156  0.000000  0.000000  0.000000  2.000000  
74.390809 0.003641  0.094345  -0.003117  0.999374  0.024681  0.025366  -0.024900  0.999655  0.008347  -0.025151  -0.008973  0.999643  -0.000035  -0.000136  -0.000136  0.000000  0.000000  0.000000  2.000000  
74.392059 0.003641  0.094345  -0.003117  0.999374  0.024678  0.025369  -0.024900  0.999654  0.008468  -0.025151  -0.009094  0.999642  -0.000049  -0.000135  -0.000106  0.000000  0.000000  0.000000  2.000000  
74.393309 0.003641  0.094345  -0.003117  0.999374  0.024678  0.025369  -0.024900  0.999654  0.008468  -0.025151  -0.009094  0.999642  -0.000061  -0.000129  -0.000072  0.000000  0.000000  0.000000  2.000000  
74.394318 0.003641  0.094346  -0.003117  0.999374  0.024678  0.025369  -0.024900  0.999654  0.008468  -0.025151  -0.009094  0.999642  -0.000047  -0.000059  -0.000073  0.000000  0.000000  0.000000  2.000000  
74.395553 0.003641  0.094346  -0.003118  0.999374  0.024678  0.025369  -0.024900  0.999654  0.008468  -0.025151  -0.009094  0.999642  -0.000033  -0.000061  -0.000104  0.000000  0.000000  0.000000  2.000000  
74.396555 0.003641  0.094346  -0.003118  0.999374  0.024675  0.025372  -0.024900  0.999653  0.008589  -0.025151  -0.009216  0.999641  -0.000046  -0.000058  -0.000072  0.000000  0.000000  0.000000  2.000000  
74.397557 0.003641  0.094346  -0.003118  0.999374  0.024675  0.025372  -0.024900  0.999653  0.008589  -0.025151  -0.009216  0.999641  -0.000017  -0.000031  -0.000053  0.000000  0.000000  0.000000  2.000000  
74.398805 0.003641  0.094346  -0.003118  0.999374  0.024675  0.025372  -0.024900  0.999653  0.008589  -0.025151  -0.009216  0.999641  -0.000017  -0.000030  -0.000052  0.000000  0.000000  0.000000  2.000000  
74.399805 0.003641  0.094346  -0.003118  0.999374  0.024675  0.025372  -0.024900  0.999653  0.008589  -0.025151  -0.009216  0.999641  0.000005  0.000019  -0.000042  0.000000  0.000000  0.000000  2.000000  
74.400808 0.003642  0.094346  -0.003118  0.999374  0.024672  0.025375  -0.024900  0.999652  0.008710  -0.025151  -0.009337  0.999640  0.000036  0.000047  -0.000023  0.000000  0.000000  0.000000  2.000000  
74.402053 0.003642  0.094346  -0.003118  0.999374  0.024672  0.025375  -0.024900  0.999652  0.008710  -0.025151  -0.009337  0.999640  0.000035  0.000046  -0.000022  0.000000  0.000000  0.000000  2.000000  
74.403055 0.003642  0.094346  -0.003117  0.999374  0.024672  0.025375  -0.024900  0.999652  0.008710  -0.025151  -0.009337  0.999640  0.000066  0.000075  -0.000003  0.000000  0.000000  0.000000  2.000000  
74.404056 0.003643  0.094347  -0.003117  0.999374  0.024672  0.025375  -0.024900  0.999652  0.008710  -0.025151  -0.009337  0.999640  0.000088  0.000125  0.000007  0.000000  0.000000  0.000000  2.000000  
74.405305 0.003643  0.094347  -0.003118  0.999374  0.024672  0.025375  -0.024900  0.999652  0.008710  -0.025151  -0.009337  0.999640  0.000100  0.000120  -0.000025  0.000000  0.000000  0.000000  2.000000  
74.406310 0.003643  0.094347  -0.003117  0.999374  0.024669  0.025378  -0.024900  0.999651  0.008832  -0.025151  -0.009458  0.999639  0.000132  0.000149  -0.000005  0.000000  0.000000  0.000000  2.000000  
74.407559 0.003643  0.094347  -0.003117  0.999374  0.024669  0.025378  -0.024900  0.999651  0.008832  -0.025151  -0.009458  0.999639  0.000129  0.000147  -0.000005  0.000000  0.000000  0.000000  2.000000  
74.408809 0.003644  0.094348  -0.003117  0.999374  0.024669  0.025378  -0.024900  0.999651  0.008832  -0.025151  -0.009458  0.999639  0.000169  0.000155  0.000025  0.000000  0.000000  0.000000  2.000000  
74.410057 0.003644  0.094348  -0.003117  0.999374  0.024666  0.025381  -0.024900  0.999650  0.008953  -0.025151  -0.009579  0.999638  0.000186  0.000186  0.000078  0.000000  0.000000  0.000000  2.000000  
74.411059 0.003644  0.094348  -0.003117  0.999374  0.024666  0.025381  -0.024900  0.999650  0.008953  -0.025151  -0.009579  0.999638  0.000186  0.000186  0.000078  0.000000  0.000000  0.000000  2.000000  
74.412309 0.003645  0.094349  -0.003117  0.999374  0.024666  0.025381  -0.024900  0.999650  0.008953  -0.025151  -0.009579  0.999638  0.000217  0.000213  0.000099  0.000000  0.000000  0.000000  2.000000  
74.413556 0.003645  0.094349  -0.003116  0.999374  0.024666  0.025381  -0.024900  0.999650  0.008953  -0.025151  -0.009579  0.999638  0.000247  0.000241  0.000119  0.000000  0.000000  0.000000  2.000000  
74.414806 0.003645  0.094349  -0.003116  0.999374  0.024663  0.025384  -0.024900  0.999649  0.009074  -0.025151  -0.009701  0.999637  0.000217  0.000213  0.000099  0.000000  0.000000  0.000000  2.000000  
74.415806 0.003646  0.094349  -0.003116  0.999374  0.024663  0.025384  -0.024900  0.999649  0.009074  -0.025151  -0.009701  0.999637  0.000256  0.000234  0.000085  0.000000  0.000000  0.000000  2.000000  
74.416808 0.003646  0.094349  -0.003116  0.999374  0.024663  0.025384  -0.024900  0.999649  0.009074  -0.025151  -0.009701  0.999637  0.000260  0.000238  0.000086  0.000000  0.000000  0.000000  2.000000  
74.417809 0.003646  0.094350  -0.003116  0.999374  0.024660  0.025387  -0.024900  0.999648  0.009195  -0.025151  -0.009822  0.999635  0.000260  0.000238  0.000086  0.000000  0.000000  0.000000  2.000000  
74.419054 0.003646  0.094350  -0.003116  0.999368  0.024865  0.025389  -0.025106  0.999643  0.009190  -0.025151  -0.009822  0.999635  0.000234  0.000184  0.000075  0.000000  0.000000  0.000000  2.000000  
74.420058 0.003647  0.094350  -0.003116  0.999368  0.024865  0.025389  -0.025106  0.999643  0.009190  -0.025151  -0.009822  0.999635  0.000268  0.000215  0.000096  0.000000  0.000000  0.000000  2.000000  
74.421303 0.003647  0.094350  -0.003116  0.999368  0.024862  0.025392  -0.025106  0.999641  0.009311  -0.025151  -0.009943  0.999634  0.000234  0.000185  0.000075  0.000000  0.000000  0.000000  2.000000  
74.422309 0.003647  0.094350  -0.003116  0.999368  0.024862  0.025392  -0.025106  0.999641  0.009311  -0.025151  -0.009943  0.999634  0.000275  0.000193  0.000106  0.000000  0.000000  0.000000  2.000000  
74.423554 0.003647  0.094350  -0.003116  0.999368  0.024862  0.025392  -0.025106  0.999641  0.009311  -0.025151  -0.009943  0.999634  0.000241  0.000162  0.000085  0.000000  0.000000  0.000000  2.000000  
74.424801 0.003647  0.094350  -0.003116  0.999368  0.024859  0.025395  -0.025106  0.999640  0.009433  -0.025151  -0.010064  0.999633  0.000225  0.000132  0.000033  0.000000  0.000000  0.000000  2.000000  
74.425809 0.003648  0.094351  -0.003116  0.999368  0.024859  0.025395  -0.025106  0.999640  0.009433  -0.025151  -0.010064  0.999633  0.000258  0.000162  0.000053  0.000000  0.000000  0.000000  2.000000  
74.427057 0.003648  0.094350  -0.003116  0.999368  0.024856  0.025398  -0.025106  0.999639  0.009554  -0.025151  -0.010186  0.999632  0.000236  0.000112  0.000043  0.000000  0.000000  0.000000  2.000000  
74.428057 0.003649  0.094351  -0.003116  0.999368  0.024856  0.025398  -0.025106  0.999639  0.009554  -0.025151  -0.010186  0.999632  0.000279  0.000136  0.000031  0.000000  0.000000  0.000000  2.000000  
74.429308 0.003649  0.094351  -0.003116  0.999368  0.024856  0.025398  -0.025106  0.999639  0.009554  -0.025151  -0.010186  0.999632  0.000245  0.000107  0.000010  0.000000  0.000000  0.000000  2.000000  
74.430321 0.003649  0.094351  -0.003116  0.999368  0.024853  0.025401  -0.025106  0.999638  0.009675  -0.025151  -0.010307  0.999631  0.000249  0.000108  0.000011  0.000000  0.000000  0.000000  2.000000  
74.431556 0.003649  0.094351  -0.003116  0.999368  0.024853  0.025401  -0.025106  0.999638  0.009675  -0.025151  -0.010307  0.999631  0.000245  0.000107  0.000010  0.000000  0.000000  0.000000  2.000000  
74.432556 0.003650  0.094351  -0.003116  0.999368  0.024853  0.025401  -0.025106  0.999638  0.009675  -0.025151  -0.010307  0.999631  0.000263  0.000105  -0.000022  0.000000  0.000000  0.000000  2.000000  
74.433805 0.003650  0.094351  -0.003116  0.999368  0.024850  0.025404  -0.025106  0.999637  0.009796  -0.025151  -0.010428  0.999629  0.000266  0.000081  -0.000012  0.000000  0.000000  0.000000  2.000000  
