1-Time 2-Px 3-Py 4-Pz 5-R11 6-R21 7-R31 8-R12 9-R22 10-R32 11-R13 12-R23 13-R33 14-Vx 15-Vy 16-Vz 17-Wx 18-Wy 19-Wz 20-state 21-PR11 22-PR21 23-PR31 24-PR12 25-PR22 26-PR32 27-PR13 28-PR23 29-PR33 
173.259294 0.009618  0.095948  -0.006050  0.997304  0.069364  -0.023934  -0.068684  0.997241  0.028151  0.025820  -0.026431  0.999317  -0.000223  -0.000744  -0.001728  0.000000  0.000000  0.000000  2.000000  
173.260301 0.009618  0.095947  -0.006051  0.997301  0.069367  -0.024067  -0.068684  0.997241  0.028160  0.025954  -0.026431  0.999314  -0.000267  -0.000770  -0.001714  0.000000  0.000000  0.000000  2.000000  
173.261305 0.009619  0.095946  -0.006053  0.997287  0.069573  -0.024061  -0.068889  0.997227  0.028165  0.025954  -0.026431  0.999314  -0.000217  -0.000789  -0.001671  0.000000  0.000000  0.000000  2.000000  
173.262554 0.009620  0.095945  -0.006055  0.997255  0.069987  -0.024183  -0.069299  0.997198  0.028184  0.026088  -0.026431  0.999310  -0.000080  -0.000839  -0.001691  0.000000  0.000000  0.000000  2.000000  
173.263799 0.009622  0.095942  -0.006057  0.997240  0.070195  -0.024169  -0.069505  0.997180  0.028310  0.026088  -0.026552  0.999307  0.000046  -0.000967  -0.001713  0.000000  0.000000  0.000000  2.000000  
173.265044 0.009625  0.095940  -0.006060  0.997223  0.070407  -0.024288  -0.069710  0.997162  0.028445  0.026222  -0.026673  0.999300  0.000251  -0.001048  -0.001690  0.000000  0.000000  0.000000  2.000000  
173.266055 0.009628  0.095939  -0.006061  0.997201  0.070619  -0.024549  -0.069914  0.997147  0.028469  0.026489  -0.026673  0.999293  0.000433  -0.001110  -0.001706  0.000000  0.000000  0.000000  2.000000  
173.267297 0.009632  0.095937  -0.006064  0.997154  0.071242  -0.024656  -0.070530  0.997099  0.028614  0.026623  -0.026794  0.999286  0.000717  -0.001153  -0.001702  0.000000  0.000000  0.000000  2.000000  
173.268550 0.009635  0.095935  -0.006067  0.997118  0.071659  -0.024911  -0.070940  0.997069  0.028643  0.026890  -0.026794  0.999279  0.000996  -0.001231  -0.001789  0.000000  0.000000  0.000000  2.000000  
173.269796 0.009639  0.095932  -0.006070  0.997070  0.072282  -0.025018  -0.071556  0.997021  0.028789  0.027024  -0.026915  0.999272  0.001285  -0.001335  -0.001868  0.000000  0.000000  0.000000  2.000000  
173.270796 0.009643  0.095931  -0.006072  0.997034  0.072699  -0.025272  -0.071966  0.996991  0.028819  0.027292  -0.026915  0.999265  0.001562  -0.001331  -0.001920  0.000000  0.000000  0.000000  2.000000  
173.272044 0.009647  0.095930  -0.006076  0.996985  0.073322  -0.025379  -0.072581  0.996942  0.028965  0.027425  -0.027036  0.999258  0.001907  -0.001331  -0.002011  0.000000  0.000000  0.000000  2.000000  
173.273052 0.009652  0.095930  -0.006078  0.996952  0.073736  -0.025501  -0.072991  0.996911  0.028985  0.027559  -0.027036  0.999255  0.002214  -0.001297  -0.002040  0.000000  0.000000  0.000000  2.000000  
173.274300 0.009656  0.095929  -0.006081  0.996899  0.074362  -0.025740  -0.073607  0.996861  0.029142  0.027827  -0.027157  0.999244  0.002600  -0.001292  -0.002100  0.000000  0.000000  0.000000  2.000000  
173.275562 0.009662  0.095927  -0.006086  0.996846  0.074985  -0.025989  -0.074222  0.996815  0.029177  0.028094  -0.027156  0.999236  0.002946  -0.001350  -0.002270  0.000000  0.000000  0.000000  2.000000  
173.276798 0.009668  0.095926  -0.006090  0.996789  0.075614  -0.026362  -0.074837  0.996764  0.029344  0.028495  -0.027277  0.999222  0.003270  -0.001338  -0.002477  0.033581  0.093865  0.189313  2.000000  
173.278048 0.009673  0.095923  -0.006094  0.996750  0.076035  -0.026607  -0.075246  0.996729  0.029496  0.028763  -0.027398  0.999211  0.003478  -0.001369  -0.002583  0.038101  0.098054  0.203427  2.000000  
173.279298 0.009677  0.095920  -0.006098  0.996692  0.076665  -0.026979  -0.075861  0.996677  0.029664  0.029164  -0.027519  0.999196  0.003643  -0.001427  -0.002676  0.042759  0.110893  0.224385  2.000000  
173.280298 0.009681  0.095916  -0.006102  0.996653  0.077083  -0.027234  -0.076271  0.996645  0.029696  0.029431  -0.027519  0.999188  0.003703  -0.001569  -0.002798  0.043374  0.119361  0.245446  2.000000  
173.281369 0.009685  0.095913  -0.006106  0.996613  0.077504  -0.027479  -0.076681  0.996609  0.029848  0.029699  -0.027640  0.999177  0.003776  -0.001674  -0.002886  0.047739  0.127620  0.258829  2.000000  
173.282563 0.009690  0.095908  -0.006110  0.996558  0.078130  -0.027717  -0.077296  0.996557  0.030007  0.029966  -0.027761  0.999165  0.003817  -0.001932  -0.003073  0.052512  0.136261  0.280283  2.000000  
173.283796 0.009693  0.095901  -0.006115  0.996530  0.078350  -0.028102  -0.077500  0.996536  0.030164  0.030368  -0.027882  0.999150  0.003796  -0.002211  -0.003209  0.057061  0.149429  0.294639  2.000000  
173.285045 0.009696  0.095895  -0.006121  0.996490  0.078768  -0.028356  -0.077909  0.996503  0.030197  0.030635  -0.027882  0.999142  0.003711  -0.002505  -0.003364  0.057512  0.153555  0.308601  2.000000  
173.286299 0.009699  0.095888  -0.006127  0.996449  0.079189  -0.028600  -0.078319  0.996466  0.030350  0.030903  -0.028003  0.999130  0.003664  -0.002830  -0.003504  0.062017  0.162137  0.322656  2.000000  
173.287548 0.009703  0.095882  -0.006133  0.996404  0.079610  -0.028988  -0.078728  0.996433  0.030394  0.031304  -0.028002  0.999118  0.003549  -0.003190  -0.003699  0.062678  0.175068  0.343783  2.000000  
173.288796 0.009705  0.095876  -0.006138  0.996380  0.079823  -0.029248  -0.078933  0.996416  0.030421  0.031571  -0.028002  0.999109  0.003410  -0.003520  -0.003867  0.062920  0.183864  0.350930  2.000000  
173.289802 0.009707  0.095871  -0.006144  0.996359  0.080035  -0.029365  -0.079138  0.996395  0.030558  0.031705  -0.028123  0.999102  0.003219  -0.003835  -0.004059  0.067222  0.188160  0.357998  2.000000  
173.291062 0.009710  0.095865  -0.006150  0.996330  0.080252  -0.029759  -0.079342  0.996378  0.030596  0.032106  -0.028123  0.999089  0.003018  -0.004110  -0.004142  0.067309  0.197129  0.358201  2.000000  
173.292301 0.009712  0.095860  -0.006155  0.996305  0.080464  -0.030019  -0.079546  0.996361  0.030623  0.032374  -0.028122  0.999080  0.002809  -0.004387  -0.004196  0.067201  0.201882  0.351531  2.000000  
173.293302 0.009714  0.095855  -0.006159  0.996280  0.080677  -0.030279  -0.079751  0.996343  0.030651  0.032641  -0.028122  0.999071  0.002665  -0.004557  -0.004293  0.063161  0.210822  0.351736  2.000000  
173.294554 0.009714  0.095847  -0.006164  0.996272  0.080684  -0.030545  -0.079750  0.996343  0.030672  0.032909  -0.028122  0.999063  0.002421  -0.004778  -0.004329  0.058937  0.215445  0.344891  2.000000  
173.295562 0.009715  0.095842  -0.006168  0.996251  0.080893  -0.030672  -0.079955  0.996326  0.030689  0.033042  -0.028122  0.999058  0.002146  -0.004945  -0.004349  0.058972  0.215406  0.344827  2.000000  
173.296798 0.009715  0.095834  -0.006172  0.996242  0.080901  -0.030939  -0.079954  0.996325  0.030711  0.033310  -0.028122  0.999049  0.001867  -0.005135  -0.004325  0.054141  0.214057  0.328393  2.000000  
173.298044 0.009716  0.095826  -0.006177  0.996233  0.080908  -0.031205  -0.079953  0.996325  0.030732  0.033577  -0.028121  0.999040  0.001641  -0.005324  -0.004339  0.053793  0.218900  0.314811  2.000000  
173.299048 0.009715  0.095818  -0.006180  0.996207  0.081121  -0.031466  -0.080158  0.996307  0.030760  0.033845  -0.028121  0.999031  0.001449  -0.005480  -0.004297  0.049624  0.219074  0.307971  2.000000  
173.300294 0.009715  0.095810  -0.006185  0.996198  0.081128  -0.031732  -0.080157  0.996307  0.030781  0.034112  -0.028121  0.999022  0.001255  -0.005554  -0.004218  0.049052  0.224090  0.287510  2.000000  
173.301294 0.009715  0.095803  -0.006188  0.996194  0.081132  -0.031865  -0.080156  0.996307  0.030792  0.034246  -0.028121  0.999018  0.001067  -0.005675  -0.004085  0.048676  0.224505  0.273840  2.000000  
173.302299 0.009715  0.095797  -0.006192  0.996189  0.081136  -0.031998  -0.080156  0.996306  0.030803  0.034379  -0.028121  0.999013  0.000865  -0.005817  -0.004048  0.044238  0.224842  0.260107  2.000000  
173.303548 0.009715  0.095788  -0.006197  0.996180  0.081140  -0.032275  -0.080155  0.996309  0.030703  0.034647  -0.027999  0.999007  0.000699  -0.005952  -0.003942  0.039409  0.225622  0.232673  2.000000  
173.304794 0.009715  0.095780  -0.006202  0.996159  0.081348  -0.032402  -0.080360  0.996292  0.030721  0.034781  -0.027999  0.999003  0.000537  -0.006082  -0.003880  0.034983  0.221546  0.218866  2.000000  
173.305803 0.009715  0.095773  -0.006205  0.996154  0.081352  -0.032535  -0.080360  0.996292  0.030732  0.034914  -0.027999  0.998998  0.000323  -0.006255  -0.003795  0.034652  0.219407  0.199763  2.000000  
173.307048 0.009714  0.095766  -0.006210  0.996145  0.081360  -0.032801  -0.080359  0.996291  0.030753  0.035182  -0.027999  0.998989  0.000172  -0.006337  -0.003782  0.030205  0.215329  0.185865  2.000000  
173.308048 0.009713  0.095760  -0.006214  0.996140  0.081359  -0.032944  -0.080359  0.996295  0.030643  0.035316  -0.027877  0.998987  -0.000009  -0.006415  -0.003738  0.021640  0.211190  0.171890  2.000000  
173.309298 0.009711  0.095752  -0.006219  0.996152  0.081158  -0.033084  -0.080153  0.996311  0.030647  0.035449  -0.027877  0.998983  -0.000186  -0.006472  -0.003740  0.016785  0.205546  0.149789  2.000000  
173.310300 0.009710  0.095746  -0.006224  0.996147  0.081162  -0.033217  -0.080153  0.996311  0.030658  0.035583  -0.027877  0.998978  -0.000360  -0.006483  -0.003770  0.012317  0.200562  0.131188  2.000000  
173.311546 0.009707  0.095739  -0.006228  0.996143  0.081161  -0.033360  -0.080152  0.996314  0.030547  0.035717  -0.027756  0.998976  -0.000548  -0.006460  -0.003762  0.007635  0.197605  0.115274  2.000000  
173.312551 0.009705  0.095732  -0.006232  0.996126  0.081366  -0.033354  -0.080357  0.996298  0.030554  0.035717  -0.027756  0.998976  -0.000727  -0.006463  -0.003788  0.003382  0.188925  0.108212  2.000000  
173.313798 0.009702  0.095724  -0.006237  0.996121  0.081370  -0.033487  -0.080357  0.996297  0.030565  0.035850  -0.027756  0.998972  -0.000929  -0.006399  -0.003805  -0.001099  0.181830  0.095014  2.000000  
173.315046 0.009698  0.095717  -0.006241  0.996133  0.081165  -0.033637  -0.080152  0.996318  0.030448  0.035984  -0.027634  0.998970  -0.001165  -0.006301  -0.003839  -0.005619  0.177716  0.081046  2.000000  
173.316046 0.009696  0.095712  -0.006245  0.996128  0.081168  -0.033770  -0.080151  0.996317  0.030459  0.036118  -0.027634  0.998965  -0.001331  -0.006176  -0.003849  -0.010145  0.173614  0.067109  2.000000  
173.317050 0.009694  0.095708  -0.006248  0.996123  0.081172  -0.033903  -0.080151  0.996317  0.030469  0.036251  -0.027634  0.998961  -0.001471  -0.006044  -0.003792  -0.010365  0.169287  0.060061  2.000000  
173.318301 0.009690  0.095702  -0.006252  0.996118  0.081172  -0.034046  -0.080150  0.996320  0.030359  0.036385  -0.027513  0.998959  -0.001682  -0.005863  -0.003751  0.000000  0.000000  0.000000  2.000000  
173.319548 0.009687  0.095696  -0.006257  0.996097  0.081380  -0.034173  -0.080355  0.996303  0.030377  0.036519  -0.027513  0.998954  -0.001871  -0.005709  -0.003736  0.000000  0.000000  0.000000  2.000000  
173.320551 0.009685  0.095691  -0.006261  0.996092  0.081380  -0.034316  -0.080355  0.996307  0.030267  0.036653  -0.027391  0.998953  -0.002011  -0.005633  -0.003768  0.000000  0.000000  0.000000  2.000000  
173.321796 0.009682  0.095685  -0.006267  0.996087  0.081384  -0.034449  -0.080354  0.996306  0.030278  0.036786  -0.027391  0.998948  -0.002171  -0.005489  -0.003822  0.000000  0.000000  0.000000  2.000000  
173.322804 0.009679  0.095680  -0.006271  0.996082  0.081387  -0.034583  -0.080354  0.996306  0.030289  0.036920  -0.027391  0.998943  -0.002342  -0.005424  -0.003872  0.000000  0.000000  0.000000  2.000000  
173.324048 0.009675  0.095674  -0.006277  0.996077  0.081387  -0.034726  -0.080353  0.996309  0.030178  0.037054  -0.027270  0.998941  -0.002443  -0.005303  -0.003923  0.000000  0.000000  0.000000  2.000000  
173.325049 0.009672  0.095669  -0.006283  0.996073  0.081390  -0.034859  -0.080353  0.996309  0.030189  0.037187  -0.027270  0.998936  -0.002512  -0.005234  -0.003987  0.000000  0.000000  0.000000  2.000000  
173.326298 0.009669  0.095663  -0.006290  0.996068  0.081394  -0.034992  -0.080353  0.996309  0.030200  0.037321  -0.027269  0.998931  -0.002603  -0.005150  -0.004163  0.000000  0.000000  0.000000  2.000000  
173.327301 0.009666  0.095658  -0.006295  0.996063  0.081398  -0.035125  -0.080352  0.996309  0.030211  0.037455  -0.027269  0.998926  -0.002625  -0.005035  -0.004287  0.000000  0.000000  0.000000  2.000000  
173.328550 0.009662  0.095652  -0.006303  0.996058  0.081401  -0.035259  -0.080352  0.996308  0.030221  0.037589  -0.027269  0.998921  -0.002687  -0.004982  -0.004482  0.000000  0.000000  0.000000  2.000000  
173.329798 0.009658  0.095645  -0.006310  0.996031  0.081614  -0.035519  -0.080556  0.996291  0.030250  0.037856  -0.027269  0.998911  -0.002701  -0.004866  -0.004647  0.000000  0.000000  0.000000  2.000000  
173.330800 0.009655  0.095641  -0.006316  0.996026  0.081617  -0.035652  -0.080556  0.996291  0.030261  0.037990  -0.027269  0.998906  -0.002724  -0.004814  -0.004807  0.000000  0.000000  0.000000  2.000000  
173.332044 0.009652  0.095636  -0.006323  0.996021  0.081621  -0.035785  -0.080555  0.996290  0.030272  0.038123  -0.027269  0.998901  -0.002753  -0.004756  -0.004974  0.000000  0.000000  0.000000  2.000000  
173.333305 0.009649  0.095631  -0.006330  0.996011  0.081628  -0.036052  -0.080554  0.996290  0.030293  0.038391  -0.027268  0.998891  -0.002732  -0.004665  -0.005206  0.000000  0.000000  0.000000  2.000000  
173.334552 0.009646  0.095627  -0.006337  0.996005  0.081632  -0.036185  -0.080554  0.996289  0.030304  0.038524  -0.027268  0.998886  -0.002740  -0.004552  -0.005365  0.000000  0.000000  0.000000  2.000000  
173.335559 0.009644  0.095624  -0.006343  0.996000  0.081635  -0.036318  -0.080554  0.996289  0.030315  0.038658  -0.027268  0.998880  -0.002750  -0.004458  -0.005475  0.000000  0.000000  0.000000  2.000000  
173.336796 0.009641  0.095620  -0.006350  0.995990  0.081643  -0.036585  -0.080553  0.996289  0.030336  0.038926  -0.027268  0.998870  -0.002733  -0.004339  -0.005570  0.000000  0.000000  0.000000  2.000000  
173.337796 0.009639  0.095617  -0.006355  0.995985  0.081646  -0.036718  -0.080552  0.996288  0.030347  0.039059  -0.027268  0.998865  -0.002679  -0.004207  -0.005616  0.000000  0.000000  0.000000  2.000000  
173.339065 0.009635  0.095612  -0.006362  0.995974  0.081654  -0.036984  -0.080552  0.996288  0.030369  0.039327  -0.027267  0.998854  -0.002657  -0.004110  -0.005669  0.000000  0.000000  0.000000  2.000000  
173.340299 0.009633  0.095608  -0.006369  0.995952  0.081862  -0.037111  -0.080756  0.996271  0.030387  0.039460  -0.027267  0.998849  -0.002594  -0.003933  -0.005691  0.000000  0.000000  0.000000  2.000000  
173.341302 0.009630  0.095605  -0.006375  0.995942  0.081870  -0.037378  -0.080755  0.996270  0.030409  0.039728  -0.027267  0.998838  -0.002580  -0.003850  -0.005684  0.000000  0.000000  0.000000  2.000000  
173.342553 0.009627  0.095601  -0.006381  0.995931  0.081877  -0.037644  -0.080754  0.996269  0.030430  0.039995  -0.027267  0.998828  -0.002516  -0.003687  -0.005650  0.000000  0.000000  0.000000  2.000000  
173.343798 0.009625  0.095596  -0.006389  0.995926  0.081880  -0.037777  -0.080754  0.996269  0.030441  0.040129  -0.027266  0.998822  -0.002416  -0.003585  -0.005652  0.000000  0.000000  0.000000  2.000000  
173.344799 0.009623  0.095592  -0.006395  0.995899  0.082097  -0.038027  -0.080958  0.996248  0.030591  0.040396  -0.027387  0.998808  -0.002357  -0.003498  -0.005635  0.000000  0.000000  0.000000  2.000000  
173.345800 0.009620  0.095589  -0.006402  0.995893  0.082101  -0.038161  -0.080958  0.996248  0.030602  0.040530  -0.027387  0.998803  -0.002336  -0.003487  -0.005734  0.000000  0.000000  0.000000  2.000000  
173.346800 0.009619  0.095586  -0.006408  0.995882  0.082108  -0.038427  -0.080957  0.996247  0.030624  0.040797  -0.027387  0.998792  -0.002292  -0.003432  -0.005774  0.000000  0.000000  0.000000  2.000000  
173.348045 0.009616  0.095581  -0.006417  0.995855  0.082326  -0.038677  -0.081161  0.996226  0.030774  0.041065  -0.027508  0.998778  -0.002278  -0.003418  -0.005862  0.000000  0.000000  0.000000  2.000000  
173.349051 0.009614  0.095578  -0.006423  0.995849  0.082329  -0.038810  -0.081161  0.996225  0.030785  0.041198  -0.027508  0.998772  -0.002238  -0.003426  -0.005965  0.000000  0.000000  0.000000  2.000000  
173.350293 0.009611  0.095574  -0.006431  0.995838  0.082337  -0.039077  -0.081160  0.996225  0.030807  0.041466  -0.027507  0.998761  -0.002193  -0.003409  -0.005994  0.000000  0.000000  0.000000  2.000000  
173.351294 0.009609  0.095570  -0.006437  0.995810  0.082549  -0.039337  -0.081364  0.996207  0.030837  0.041733  -0.027507  0.998750  -0.002210  -0.003440  -0.006048  0.000000  0.000000  0.000000  2.000000  
173.352299 0.009607  0.095566  -0.006444  0.995799  0.082561  -0.039593  -0.081363  0.996203  0.030979  0.042000  -0.027628  0.998736  -0.002186  -0.003438  -0.006105  0.009525  0.169971  0.039285  2.000000  
173.353551 0.009604  0.095562  -0.006451  0.995788  0.082568  -0.039859  -0.081362  0.996202  0.031001  0.042268  -0.027627  0.998724  -0.002206  -0.003501  -0.006132  0.009448  0.172935  0.039062  2.000000  
173.354560 0.009601  0.095558  -0.006458  0.995766  0.082777  -0.039986  -0.081566  0.996185  0.031020  0.042401  -0.027627  0.998719  -0.002181  -0.003497  -0.006186  0.013879  0.174130  0.046273  2.000000  
173.355562 0.009598  0.095554  -0.006464  0.995754  0.082785  -0.040253  -0.081566  0.996184  0.031042  0.042669  -0.027627  0.998707  -0.002241  -0.003554  -0.006227  0.013887  0.178620  0.046395  2.000000  
173.356800 0.009595  0.095550  -0.006471  0.995743  0.082792  -0.040519  -0.081565  0.996184  0.031064  0.042936  -0.027627  0.998696  -0.002270  -0.003565  -0.006300  0.013900  0.183177  0.046534  2.000000  
173.357802 0.009593  0.095546  -0.006477  0.995714  0.083004  -0.040779  -0.081769  0.996166  0.031094  0.043204  -0.027626  0.998684  -0.002273  -0.003585  -0.006252  0.014187  0.187468  0.053565  2.000000  
173.359049 0.009589  0.095541  -0.006485  0.995703  0.083012  -0.041045  -0.081768  0.996166  0.031116  0.043471  -0.027626  0.998673  -0.002358  -0.003617  -0.006273  0.014198  0.191992  0.053696  2.000000  
173.360296 0.009586  0.095536  -0.006493  0.995685  0.083023  -0.041445  -0.081766  0.996165  0.031149  0.043872  -0.027626  0.998655  -0.002388  -0.003671  -0.006258  0.013814  0.199513  0.046643  2.000000  
173.361301 0.009583  0.095532  -0.006499  0.995657  0.083235  -0.041705  -0.081970  0.996147  0.031179  0.044139  -0.027625  0.998643  -0.002456  -0.003727  -0.006296  0.014225  0.200992  0.053944  2.000000  
173.362561 0.009579  0.095526  -0.006508  0.995645  0.083243  -0.041971  -0.081969  0.996146  0.031201  0.044407  -0.027625  0.998632  -0.002517  -0.003800  -0.006283  0.014227  0.205373  0.054037  2.000000  
173.363798 0.009576  0.095520  -0.006517  0.995616  0.083455  -0.042231  -0.082173  0.996129  0.031232  0.044674  -0.027625  0.998620  -0.002572  -0.003888  -0.006323  0.014532  0.205255  0.060966  2.000000  
173.364802 0.009572  0.095515  -0.006524  0.995604  0.083462  -0.042497  -0.082172  0.996128  0.031254  0.044941  -0.027624  0.998608  -0.002697  -0.004023  -0.006360  0.014542  0.209725  0.061082  2.000000  
173.366047 0.009568  0.095509  -0.006533  0.995586  0.083474  -0.042897  -0.082171  0.996127  0.031287  0.045342  -0.027624  0.998590  -0.002763  -0.004119  -0.006498  0.014559  0.218753  0.061339  2.000000  
173.367298 0.009564  0.095502  -0.006543  0.995557  0.083691  -0.043146  -0.082375  0.996105  0.031438  0.045610  -0.027745  0.998574  -0.002842  -0.004283  -0.006604  0.018944  0.218558  0.068262  2.000000  
173.368544 0.009559  0.095495  -0.006553  0.995539  0.083702  -0.043546  -0.082373  0.996105  0.031471  0.046010  -0.027744  0.998556  -0.002946  -0.004462  -0.006808  0.018812  0.225773  0.067974  2.000000  
173.369548 0.009555  0.095489  -0.006561  0.995527  0.083710  -0.043812  -0.082372  0.996104  0.031493  0.046278  -0.027744  0.998543  -0.003046  -0.004606  -0.006920  0.018821  0.225683  0.067947  2.000000  
173.370558 0.009551  0.095483  -0.006570  0.995514  0.083717  -0.044078  -0.082371  0.996103  0.031516  0.046545  -0.027743  0.998531  -0.003127  -0.004729  -0.007107  0.018687  0.232178  0.061706  2.000000  
173.371796 0.009547  0.095476  -0.006581  0.995496  0.083728  -0.044478  -0.082370  0.996102  0.031549  0.046946  -0.027743  0.998512  -0.003230  -0.004907  -0.007308  0.018553  0.239255  0.061462  2.000000  
173.372802 0.009543  0.095470  -0.006590  0.995466  0.083941  -0.044738  -0.082574  0.996084  0.031580  0.047213  -0.027742  0.998500  -0.003333  -0.005084  -0.007508  0.019021  0.241006  0.068869  2.000000  
173.374048 0.009538  0.095463  -0.006600  0.995447  0.083952  -0.045137  -0.082572  0.996084  0.031613  0.047614  -0.027742  0.998480  -0.003419  -0.005230  -0.007653  0.018887  0.243513  0.068434  2.000000  
173.375048 0.009534  0.095457  -0.006608  0.995434  0.083959  -0.045403  -0.082571  0.996083  0.031635  0.047882  -0.027742  0.998468  -0.003525  -0.005379  -0.007860  0.014553  0.248155  0.061717  2.000000  
173.376299 0.009529  0.095450  -0.006619  0.995415  0.083965  -0.045813  -0.082569  0.996086  0.031547  0.048283  -0.027620  0.998452  -0.003619  -0.005449  -0.007975  0.010621  0.254835  0.062367  2.000000  
173.377300 0.009525  0.095444  -0.006627  0.995402  0.083972  -0.046079  -0.082568  0.996085  0.031569  0.048550  -0.027620  0.998439  -0.003683  -0.005543  -0.008114  0.010543  0.252614  0.061823  2.000000  
173.378561 0.009519  0.095436  -0.006638  0.995383  0.083983  -0.046479  -0.082567  0.996084  0.031603  0.048951  -0.027619  0.998419  -0.003817  -0.005684  -0.008245  0.006218  0.262267  0.055347  2.000000  
173.379797 0.009514  0.095428  -0.006650  0.995346  0.084199  -0.046872  -0.082770  0.996066  0.031645  0.049352  -0.027618  0.998400  -0.003888  -0.005781  -0.008385  0.006533  0.265992  0.062207  2.000000  
173.380798 0.009510  0.095422  -0.006659  0.995326  0.084210  -0.047271  -0.082768  0.996065  0.031679  0.049753  -0.027618  0.998380  -0.003966  -0.005873  -0.008488  0.006609  0.268189  0.062720  2.000000  
173.382046 0.009504  0.095414  -0.006670  0.995306  0.084221  -0.047670  -0.082767  0.996064  0.031712  0.050153  -0.027617  0.998360  -0.004043  -0.005943  -0.008636  0.002232  0.272927  0.055962  2.000000  
173.383049 0.009500  0.095408  -0.006680  0.995293  0.084229  -0.047936  -0.082765  0.996064  0.031734  0.050421  -0.027617  0.998346  -0.004090  -0.006002  -0.008712  0.002242  0.277392  0.056080  2.000000  
173.384301 0.009494  0.095399  -0.006693  0.995272  0.084240  -0.048336  -0.082764  0.996063  0.031767  0.050822  -0.027616  0.998326  -0.004153  -0.006075  -0.008895  0.001936  0.282169  0.049309  2.000000  
173.385560 0.009489  0.095391  -0.006705  0.995252  0.084251  -0.048735  -0.082762  0.996062  0.031800  0.051222  -0.027616  0.998305  -0.004157  -0.006108  -0.008985  0.001933  0.284212  0.049010  2.000000  
173.386796 0.009484  0.095383  -0.006717  0.995232  0.084262  -0.049135  -0.082760  0.996061  0.031834  0.051623  -0.027615  0.998285  -0.004195  -0.006176  -0.009105  0.001947  0.288685  0.049135  2.000000  
173.387796 0.009480  0.095377  -0.006728  0.995218  0.084269  -0.049401  -0.082759  0.996060  0.031856  0.051891  -0.027615  0.998271  -0.004162  -0.006154  -0.009205  0.001632  0.288893  0.042284  2.000000  
173.389052 0.009476  0.095370  -0.006740  0.995173  0.084489  -0.049927  -0.082962  0.996042  0.031910  0.052425  -0.027614  0.998243  -0.004143  -0.006201  -0.009382  0.001993  0.295508  0.049654  2.000000  
173.390298 0.009471  0.095362  -0.006753  0.995152  0.084500  -0.050326  -0.082960  0.996041  0.031943  0.052826  -0.027614  0.998222  -0.004141  -0.006248  -0.009523  0.002008  0.300090  0.049792  2.000000  
173.391299 0.009468  0.095356  -0.006763  0.995138  0.084507  -0.050592  -0.082959  0.996040  0.031966  0.053093  -0.027613  0.998208  -0.004073  -0.006269  -0.009620  0.001668  0.297781  0.042525  2.000000  
173.392300 0.009464  0.095349  -0.006773  0.995116  0.084518  -0.050991  -0.082957  0.996039  0.031999  0.053494  -0.027613  0.998186  -0.004069  -0.006328  -0.009701  0.001694  0.304867  0.043018  2.000000  
173.393302 0.009461  0.095344  -0.006783  0.995095  0.084529  -0.051391  -0.082955  0.996038  0.032032  0.053895  -0.027612  0.998165  -0.003974  -0.006296  -0.009798  0.001691  0.306676  0.042767  2.000000  
173.394560 0.009457  0.095336  -0.006795  0.995073  0.084540  -0.051790  -0.082954  0.996037  0.032066  0.054296  -0.027611  0.998143  -0.003869  -0.006238  -0.009848  0.001373  0.313850  0.036331  2.000000  
173.395561 0.009453  0.095330  -0.006805  0.995051  0.084552  -0.052189  -0.082952  0.996036  0.032099  0.054696  -0.027611  0.998121  -0.003803  -0.006239  -0.009887  0.001371  0.315786  0.036162  2.000000  
173.396797 0.009450  0.095324  -0.006816  0.995029  0.084556  -0.052599  -0.082950  0.996039  0.032011  0.055097  -0.027489  0.998103  -0.003689  -0.006163  -0.009901  -0.006760  0.318417  0.036463  2.000000  
173.398045 0.009446  0.095316  -0.006828  0.994983  0.084776  -0.053124  -0.083152  0.996021  0.032067  0.055632  -0.027488  0.998073  -0.003582  -0.006096  -0.009835  -0.006693  0.324704  0.036408  2.000000  
173.399047 0.009444  0.095312  -0.006836  0.994961  0.084787  -0.053524  -0.083150  0.996020  0.032100  0.056032  -0.027488  0.998051  -0.003423  -0.005958  -0.009757  -0.006739  0.327457  0.036716  2.000000  
173.400049 0.009441  0.095306  -0.006845  0.994938  0.084798  -0.053923  -0.083148  0.996019  0.032133  0.056433  -0.027487  0.998028  -0.003278  -0.005867  -0.009693  -0.006729  0.331922  0.036836  2.000000  
173.401303 0.009439  0.095301  -0.006857  0.994900  0.084816  -0.054588  -0.083145  0.996017  0.032189  0.057101  -0.027486  0.997990  -0.003157  -0.005752  -0.009610  -0.006715  0.345365  0.037204  2.000000  
173.402558 0.009436  0.095295  -0.006868  0.994870  0.084831  -0.055120  -0.083143  0.996016  0.032233  0.057635  -0.027485  0.997959  -0.003001  -0.005600  -0.009492  -0.007065  0.350027  0.030418  2.000000  
173.403796 0.009434  0.095289  -0.006879  0.994839  0.084846  -0.055653  -0.083140  0.996015  0.032278  0.058170  -0.027484  0.997928  -0.002851  -0.005459  -0.009395  -0.006999  0.356121  0.030419  2.000000  
173.405044 0.009432  0.095284  -0.006890  0.994790  0.085072  -0.056168  -0.083342  0.995992  0.032455  0.058704  -0.027605  0.997894  -0.002675  -0.005291  -0.009279  -0.002581  0.360410  0.037417  2.000000  
173.406051 0.009430  0.095280  -0.006899  0.994767  0.085083  -0.056567  -0.083340  0.995991  0.032488  0.059105  -0.027604  0.997870  -0.002542  -0.005179  -0.009228  0.001486  0.363359  0.037700  2.000000  
173.407051 0.009429  0.095276  -0.006908  0.994743  0.085094  -0.056966  -0.083338  0.995990  0.032522  0.059505  -0.027603  0.997846  -0.002375  -0.005000  -0.009149  0.001495  0.367871  0.037826  2.000000  
173.408299 0.009427  0.095270  -0.006919  0.994703  0.085113  -0.057631  -0.083335  0.995989  0.032577  0.060173  -0.027602  0.997806  -0.002281  -0.004896  -0.009048  0.001511  0.377019  0.038090  2.000000  
173.409551 0.009425  0.095265  -0.006929  0.994671  0.085127  -0.058164  -0.083332  0.995988  0.032622  0.060707  -0.027601  0.997774  -0.002088  -0.004729  -0.008960  0.001142  0.381512  0.031288  2.000000  
173.410560 0.009424  0.095261  -0.006938  0.994647  0.085138  -0.058563  -0.083330  0.995987  0.032655  0.061108  -0.027601  0.997749  -0.001967  -0.004611  -0.008870  0.001150  0.381405  0.031278  2.000000  
173.411799 0.009423  0.095257  -0.006948  0.994588  0.085362  -0.059221  -0.083532  0.995968  0.032723  0.061776  -0.027599  0.997708  -0.001804  -0.004421  -0.008752  0.001549  0.390326  0.038442  2.000000  
173.413049 0.009422  0.095252  -0.006958  0.994555  0.085376  -0.059753  -0.083529  0.995966  0.032768  0.062310  -0.027598  0.997675  -0.001637  -0.004277  -0.008678  0.001547  0.396034  0.038372  2.000000  
173.414296 0.009421  0.095248  -0.006968  0.994522  0.085399  -0.060275  -0.083526  0.995961  0.032933  0.062844  -0.027719  0.997638  -0.001462  -0.004159  -0.008596  0.005604  0.400541  0.038524  2.000000  
173.415298 0.009420  0.095245  -0.006976  0.994488  0.085413  -0.060807  -0.083523  0.995960  0.032978  0.063378  -0.027718  0.997605  -0.001389  -0.004023  -0.008554  0.005665  0.408501  0.038981  2.000000  
173.416545 0.009419  0.095241  -0.006985  0.994454  0.085428  -0.061339  -0.083520  0.995959  0.033023  0.063912  -0.027717  0.997571  -0.001263  -0.003873  -0.008383  0.005629  0.414034  0.038905  2.000000  
173.417549 0.009418  0.095238  -0.006993  0.994420  0.085443  -0.061871  -0.083518  0.995958  0.033068  0.064446  -0.027716  0.997536  -0.001183  -0.003764  -0.008334  0.005687  0.421792  0.039335  2.000000  
173.418795 0.009417  0.095235  -0.007002  0.994377  0.085461  -0.062536  -0.083514  0.995956  0.033123  0.065114  -0.027715  0.997493  -0.001084  -0.003620  -0.008220  0.005298  0.426617  0.032564  2.000000  
173.420050 0.009416  0.095231  -0.007011  0.994325  0.085483  -0.063334  -0.083510  0.995954  0.033190  0.065915  -0.027713  0.997440  -0.001023  -0.003492  -0.008081  0.005309  0.439986  0.032929  2.000000  
173.421296 0.009415  0.095228  -0.007021  0.994280  0.085502  -0.063999  -0.083506  0.995953  0.033246  0.066582  -0.027712  0.997396  -0.000973  -0.003386  -0.007975  0.005275  0.449746  0.033028  2.000000  
173.422301 0.009415  0.095225  -0.007029  0.994245  0.085517  -0.064531  -0.083503  0.995951  0.033291  0.067116  -0.027711  0.997360  -0.000915  -0.003290  -0.007924  0.005383  0.457917  0.033628  2.000000  
173.423552 0.009414  0.095222  -0.007038  0.994200  0.085535  -0.065196  -0.083499  0.995950  0.033347  0.067784  -0.027710  0.997315  -0.000858  -0.003170  -0.007797  0.005341  0.462440  0.033548  2.000000  
173.424555 0.009412  0.095219  -0.007045  0.994164  0.085550  -0.065728  -0.083496  0.995949  0.033391  0.068318  -0.027709  0.997279  -0.000873  -0.003083  -0.007723  0.005306  0.467625  0.033524  2.000000  
173.425561 0.009412  0.095216  -0.007053  0.994127  0.085565  -0.066259  -0.083493  0.995947  0.033436  0.068852  -0.027708  0.997242  -0.000820  -0.002998  -0.007687  0.009434  0.471268  0.033756  2.000000  
173.426799 0.009410  0.095212  -0.007063  0.994072  0.085587  -0.067057  -0.083488  0.995945  0.033503  0.069653  -0.027706  0.997186  -0.000822  -0.002962  -0.007669  0.009451  0.485007  0.034146  2.000000  
173.428048 0.009409  0.095208  -0.007073  0.994015  0.085609  -0.067855  -0.083484  0.995944  0.033570  0.070453  -0.027704  0.997130  -0.000831  -0.002938  -0.007679  0.009027  0.494122  0.027486  2.000000  
173.429049 0.009408  0.095205  -0.007082  0.993968  0.085628  -0.068520  -0.083480  0.995942  0.033626  0.071121  -0.027703  0.997083  -0.000860  -0.002901  -0.007736  0.009034  0.503067  0.027732  2.000000  
173.430301 0.009407  0.095201  -0.007092  0.993928  0.085445  -0.069324  -0.083270  0.995958  0.033679  0.071922  -0.027702  0.997026  -0.000861  -0.002905  -0.007746  0.008599  0.512308  0.021080  2.000000  
173.431308 0.009406  0.095198  -0.007100  0.993880  0.085463  -0.069989  -0.083266  0.995956  0.033734  0.072589  -0.027700  0.996977  -0.000856  -0.002877  -0.007777  0.008600  0.521102  0.021321  2.000000  
173.432553 0.009405  0.095194  -0.007109  0.993812  0.085489  -0.070919  -0.083260  0.995954  0.033812  0.073523  -0.027698  0.996909  -0.000860  -0.002899  -0.007734  0.008537  0.530413  0.021524  2.000000  
173.433798 0.009404  0.095190  -0.007119  0.993770  0.085306  -0.071724  -0.083051  0.995970  0.033864  0.074323  -0.027697  0.996849  -0.000910  -0.002963  -0.007818  0.004077  0.544001  0.015082  2.000000  
173.435051 0.009402  0.095186  -0.007129  0.993700  0.085332  -0.072654  -0.083045  0.995968  0.033942  0.075257  -0.027695  0.996779  -0.000931  -0.003015  -0.007827  0.003613  0.557582  0.008552  2.000000  
173.436296 0.009401  0.095182  -0.007138  0.993629  0.085358  -0.073584  -0.083039  0.995965  0.034020  0.076191  -0.027693  0.996709  -0.000953  -0.003070  -0.007842  0.003579  0.566473  0.008854  2.000000  
173.437299 0.009400  0.095179  -0.007146  0.993585  0.085175  -0.074389  -0.082829  0.995981  0.034071  0.076992  -0.027691  0.996647  -0.000972  -0.003083  -0.007825  0.003106  0.580001  0.002380  2.000000  
173.438551 0.009398  0.095174  -0.007156  0.993503  0.085204  -0.075452  -0.082823  0.995979  0.034160  0.078059  -0.027689  0.996564  -0.001024  -0.003164  -0.007856  0.003119  0.598221  0.002774  2.000000  
173.439554 0.009397  0.095172  -0.007163  0.993457  0.085012  -0.076266  -0.082613  0.995999  0.034090  0.078859  -0.027566  0.996505  -0.000994  -0.003135  -0.007835  -0.001450  0.607333  -0.003912  2.000000  
173.440798 0.009396  0.095167  -0.007173  0.993361  0.085045  -0.077462  -0.082605  0.995996  0.034189  0.080060  -0.027563  0.996409  -0.001031  -0.003227  -0.007840  -0.001468  0.629941  -0.003289  2.000000  
173.442049 0.009394  0.095163  -0.007182  0.993292  0.084870  -0.078532  -0.082393  0.996011  0.034261  0.081127  -0.027561  0.996323  -0.001062  -0.003234  -0.007788  -0.002475  0.648396  -0.016592  2.000000  
173.443049 0.009393  0.095159  -0.007189  0.993233  0.084690  -0.079469  -0.082182  0.996026  0.034322  0.082060  -0.027559  0.996246  -0.001061  -0.003240  -0.007722  -0.003000  0.661955  -0.023113  2.000000  
173.444050 0.009392  0.095156  -0.007196  0.993167  0.084712  -0.080266  -0.082177  0.996024  0.034388  0.082860  -0.027557  0.996180  -0.001065  -0.003261  -0.007676  -0.007101  0.675429  -0.022697  2.000000  
173.445063 0.009392  0.095153  -0.007203  0.993095  0.084537  -0.081336  -0.081965  0.996039  0.034459  0.083927  -0.027555  0.996091  -0.001050  -0.003247  -0.007568  -0.007641  0.693330  -0.029082  2.000000  
173.446300 0.009390  0.095149  -0.007212  0.993022  0.084361  -0.082405  -0.081753  0.996054  0.034530  0.084993  -0.027552  0.996001  -0.001073  -0.003282  -0.007519  -0.008198  0.711717  -0.035487  2.000000  
173.447547 0.009389  0.095145  -0.007221  0.992936  0.084199  -0.083598  -0.081540  0.996065  0.034732  0.086193  -0.027670  0.995894  -0.001086  -0.003278  -0.007484  -0.004653  0.728451  -0.041376  2.000000  
173.448551 0.009388  0.095142  -0.007228  0.992860  0.084024  -0.084667  -0.081328  0.996080  0.034802  0.087259  -0.027668  0.995801  -0.001057  -0.003276  -0.007342  -0.005271  0.748034  -0.048228  2.000000  
173.449796 0.009387  0.095138  -0.007236  0.992772  0.083852  -0.085869  -0.081115  0.996094  0.034882  0.088459  -0.027665  0.995696  -0.001041  -0.003245  -0.007289  -0.005877  0.761981  -0.054763  2.000000  
173.450798 0.009386  0.095135  -0.007243  0.992693  0.083676  -0.086939  -0.080903  0.996109  0.034951  0.089525  -0.027662  0.995600  -0.001022  -0.003271  -0.007201  -0.006476  0.779940  -0.061139  2.000000  
173.452044 0.009385  0.095131  -0.007250  0.992590  0.083508  -0.088274  -0.080689  0.996123  0.035041  0.090858  -0.027659  0.995480  -0.001031  -0.003233  -0.007079  -0.007041  0.800499  -0.066728  2.000000  
173.453044 0.009384  0.095128  -0.007257  0.992509  0.083333  -0.089343  -0.080477  0.996138  0.035109  0.091924  -0.027656  0.995382  -0.001013  -0.003200  -0.007019  -0.007662  0.818705  -0.073082  2.000000  
173.454051 0.009383  0.095126  -0.007262  0.992414  0.083161  -0.090545  -0.080264  0.996152  0.035187  0.093123  -0.027653  0.995271  -0.000982  -0.003157  -0.006862  -0.008372  0.843501  -0.080061  2.000000  
173.455052 0.009382  0.095123  -0.007268  0.992347  0.082780  -0.091621  -0.079847  0.996184  0.035235  0.094188  -0.027650  0.995170  -0.000940  -0.003075  -0.006710  -0.009582  0.861810  -0.093336  2.000000  
173.456054 0.009381  0.095121  -0.007273  0.992263  0.082604  -0.092690  -0.079635  0.996199  0.035302  0.095254  -0.027647  0.995069  -0.000961  -0.003032  -0.006545  -0.010253  0.875427  -0.099840  2.000000  
173.457303 0.009380  0.095119  -0.007279  0.992142  0.082250  -0.094287  -0.079214  0.996225  0.035511  0.096852  -0.027764  0.994911  -0.000931  -0.002908  -0.006353  -0.007483  0.902918  -0.112824  2.000000  
173.458561 0.009380  0.095117  -0.007284  0.992002  0.082089  -0.095887  -0.078997  0.996238  0.035619  0.098450  -0.027759  0.994755  -0.000881  -0.002746  -0.006089  -0.008232  0.929745  -0.118909  2.000000  
173.459798 0.009379  0.095115  -0.007289  0.991875  0.081724  -0.097493  -0.078576  0.996269  0.035705  0.100048  -0.027755  0.994595  -0.000867  -0.002607  -0.005821  -0.009005  0.957259  -0.125079  2.000000  
173.460799 0.009378  0.095114  -0.007293  0.991760  0.081354  -0.098967  -0.078156  0.996299  0.035780  0.101512  -0.027751  0.994447  -0.000846  -0.002459  -0.005637  -0.010370  0.984492  -0.138079  2.000000  
173.462049 0.009377  0.095113  -0.007298  0.991614  0.081004  -0.100696  -0.077734  0.996324  0.035996  0.103242  -0.027866  0.994266  -0.000842  -0.002274  -0.005322  -0.007726  1.016400  -0.150910  2.000000  
173.463050 0.009376  0.095112  -0.007301  0.991478  0.080840  -0.102163  -0.077518  0.996338  0.036089  0.104706  -0.027862  0.994113  -0.000834  -0.002122  -0.005103  -0.008454  1.039574  -0.155635  2.000000  
173.464297 0.009376  0.095111  -0.007306  0.991312  0.080482  -0.104034  -0.077094  0.996367  0.036191  0.106569  -0.027856  0.993915  -0.000785  -0.001940  -0.004866  -0.009426  1.075324  -0.163033  2.000000  
173.465559 0.009375  0.095110  -0.007309  0.991173  0.079915  -0.105780  -0.076467  0.996413  0.036260  0.108298  -0.027851  0.993728  -0.000773  -0.001672  -0.004518  -0.011485  1.098173  -0.181279  2.000000  
173.466796 0.009374  0.095110  -0.007312  0.990986  0.079573  -0.107773  -0.076042  0.996437  0.036490  0.110293  -0.027966  0.993506  -0.000717  -0.001460  -0.004221  -0.008395  1.134051  -0.187018  2.000000  
173.467797 0.009374  0.095110  -0.007314  0.990839  0.079208  -0.109379  -0.075621  0.996466  0.036567  0.111889  -0.027961  0.993327  -0.000666  -0.001233  -0.003897  -0.010056  1.166314  -0.201686  2.000000  
173.469044 0.009374  0.095110  -0.007317  0.990660  0.078648  -0.111389  -0.074992  0.996510  0.036650  0.113883  -0.027954  0.993101  -0.000591  -0.001040  -0.003664  -0.007595  1.193107  -0.212790  2.000000  
173.470044 0.009374  0.095111  -0.007319  0.990507  0.078296  -0.112984  -0.074570  0.996535  0.036844  0.115478  -0.028069  0.992913  -0.000535  -0.000828  -0.003367  -0.005201  1.215652  -0.225696  2.000000  
173.471046 0.009374  0.095111  -0.007320  0.990352  0.077931  -0.114589  -0.074148  0.996564  0.036917  0.117072  -0.028064  0.992727  -0.000453  -0.000622  -0.003140  -0.006191  1.242617  -0.231749  2.000000  
173.472298 0.009374  0.095112  -0.007321  0.990145  0.077389  -0.116722  -0.073518  0.996603  0.037124  0.119198  -0.028177  0.992471  -0.000397  -0.000410  -0.002843  -0.004718  1.280889  -0.253523  2.000000  
173.473301 0.009375  0.095114  -0.007323  0.989982  0.076823  -0.118466  -0.072891  0.996647  0.037179  0.120925  -0.028171  0.992262  -0.000346  -0.000201  -0.002589  -0.006510  1.307585  -0.266360  2.000000  
173.474563 0.009375  0.095115  -0.007323  0.989748  0.076070  -0.120880  -0.072054  0.996705  0.037255  0.123315  -0.028163  0.991968  -0.000245  0.000040  -0.002297  -0.009203  1.348114  -0.285704  2.000000  
173.475800 0.009376  0.095118  -0.007324  0.989510  0.075533  -0.123144  -0.071423  0.996742  0.037464  0.125572  -0.028275  0.991681  -0.000157  0.000285  -0.001976  -0.007047  1.382539  -0.295726  2.000000  
