1-Time 2-Px 3-Py 4-Pz 5-R11 6-R21 7-R31 8-R12 9-R22 10-R32 11-R13 12-R23 13-R33 14-Vx 15-Vy 16-Vz 17-Wx 18-Wy 19-Wz 20-state 21-PR11 22-PR21 23-PR31 24-PR12 25-PR22 26-PR32 27-PR13 28-PR23 29-PR33 
73.061699 0.002792  0.086728  -0.009513  0.994648  -0.015706  -0.102118  0.016178  0.999862  0.003798  0.102044  -0.005430  0.994765  -0.000067  -0.000118  0.000063  0.000000  0.000000  0.000000  2.000000  
73.062703 0.002792  0.086728  -0.009513  0.994645  -0.015912  -0.102119  0.016383  0.999859  0.003777  0.102044  -0.005430  0.994765  -0.000067  -0.000118  0.000063  0.000000  0.000000  0.000000  2.000000  
73.063720 0.002791  0.086725  -0.009514  0.994618  -0.015910  -0.102385  0.016383  0.999859  0.003773  0.102310  -0.005430  0.994738  -0.000119  -0.000297  0.000010  0.000000  0.000000  0.000000  2.000000  
73.064955 0.002790  0.086721  -0.009515  0.994559  -0.016113  -0.102918  0.016586  0.999855  0.003743  0.102843  -0.005429  0.994683  -0.000175  -0.000557  -0.000078  0.000000  0.000000  0.000000  2.000000  
73.065957 0.002789  0.086717  -0.009516  0.994515  -0.016304  -0.103320  0.016790  0.999852  0.003836  0.103242  -0.005550  0.994641  -0.000191  -0.000817  -0.000136  0.000000  0.000000  0.000000  2.000000  
73.067212 0.002789  0.086712  -0.009516  0.994470  -0.016495  -0.103722  0.016994  0.999848  0.003929  0.103641  -0.005670  0.994599  -0.000184  -0.001152  -0.000164  0.000000  0.000000  0.000000  2.000000  
73.068461 0.002790  0.086706  -0.009516  0.994424  -0.016686  -0.104124  0.017198  0.999844  0.004022  0.104041  -0.005791  0.994556  -0.000155  -0.001564  -0.000160  0.000000  0.000000  0.000000  2.000000  
73.069711 0.002790  0.086699  -0.009516  0.994396  -0.016672  -0.104392  0.017198  0.999844  0.004139  0.104307  -0.005911  0.994528  -0.000158  -0.002001  -0.000177  0.000000  0.000000  0.000000  2.000000  
73.070952 0.002791  0.086692  -0.009515  0.994355  -0.016670  -0.104791  0.017197  0.999844  0.004132  0.104706  -0.005911  0.994486  -0.000042  -0.002440  -0.000104  0.000000  0.000000  0.000000  2.000000  
73.071957 0.002792  0.086687  -0.009516  0.994323  -0.016861  -0.105060  0.017401  0.999840  0.004227  0.104972  -0.006031  0.994457  -0.000007  -0.002829  -0.000146  0.000000  0.000000  0.000000  2.000000  
73.073200 0.002792  0.086680  -0.009517  0.994249  -0.017063  -0.105726  0.017605  0.999836  0.004194  0.105637  -0.006031  0.994386  0.000016  -0.003281  -0.000235  0.000000  0.000000  0.000000  2.000000  
73.074210 0.002792  0.086675  -0.009519  0.994189  -0.017266  -0.106259  0.017809  0.999833  0.004162  0.106169  -0.006031  0.994330  0.000009  -0.003619  -0.000363  0.000000  0.000000  0.000000  2.000000  
73.075472 0.002792  0.086669  -0.009522  0.994114  -0.017468  -0.106925  0.018012  0.999829  0.004128  0.106835  -0.006030  0.994259  -0.000004  -0.003991  -0.000582  0.000000  0.000000  0.000000  2.000000  
73.076708 0.002792  0.086663  -0.009526  0.994038  -0.017669  -0.107591  0.018215  0.999826  0.004094  0.107500  -0.006030  0.994187  0.000037  -0.004439  -0.000889  0.019105  0.184798  -0.088377  2.000000  
73.077955 0.002793  0.086654  -0.009530  0.993977  -0.017872  -0.108124  0.018419  0.999822  0.004062  0.108032  -0.006029  0.994129  0.000112  -0.004868  -0.001046  0.018356  0.202830  -0.095157  2.000000  
73.079215 0.002795  0.086645  -0.009532  0.993915  -0.018061  -0.108659  0.018622  0.999818  0.004151  0.108564  -0.006150  0.994070  0.000296  -0.005277  -0.001190  0.021672  0.220810  -0.101897  2.000000  
73.080456 0.002797  0.086636  -0.009533  0.993857  -0.018045  -0.109193  0.018621  0.999818  0.004263  0.109096  -0.006270  0.994011  0.000468  -0.005593  -0.001196  0.026455  0.238806  -0.094921  2.000000  
73.081462 0.002798  0.086628  -0.009532  0.993798  -0.018041  -0.109725  0.018620  0.999818  0.004253  0.109628  -0.006269  0.993953  0.000594  -0.005844  -0.001101  0.026423  0.256733  -0.094795  2.000000  
73.082703 0.002801  0.086616  -0.009531  0.993710  -0.018023  -0.110525  0.018619  0.999817  0.004359  0.110426  -0.006389  0.993864  0.000726  -0.006243  -0.000973  0.026393  0.283799  -0.094630  2.000000  
73.083705 0.002802  0.086606  -0.009529  0.993632  -0.018211  -0.111192  0.018822  0.999813  0.004445  0.111091  -0.006509  0.993789  0.000847  -0.006576  -0.000868  0.029698  0.306316  -0.101351  2.000000  
73.084959 0.002804  0.086593  -0.009527  0.993539  -0.018385  -0.111995  0.019025  0.999808  0.004649  0.111889  -0.006750  0.993698  0.000942  -0.006987  -0.000769  0.037807  0.333290  -0.101143  2.000000  
73.086201 0.002808  0.086581  -0.009526  0.993433  -0.018365  -0.112928  0.019023  0.999808  0.004753  0.112819  -0.006870  0.993592  0.001096  -0.007384  -0.000722  0.041847  0.364882  -0.100957  2.000000  
73.087457 0.002811  0.086567  -0.009524  0.993358  -0.018360  -0.113593  0.019021  0.999808  0.004740  0.113484  -0.006869  0.993516  0.001317  -0.007815  -0.000523  0.041806  0.387308  -0.100800  2.000000  
73.088700 0.002816  0.086556  -0.009522  0.993282  -0.018341  -0.114259  0.019020  0.999807  0.004849  0.114149  -0.006989  0.993439  0.001591  -0.008116  -0.000260  0.046619  0.409953  -0.093803  2.000000  
73.089704 0.002820  0.086546  -0.009521  0.993236  -0.018339  -0.114658  0.019019  0.999807  0.004841  0.114547  -0.006989  0.993393  0.001865  -0.008472  -0.000037  0.046578  0.423251  -0.093673  2.000000  
73.090964 0.002825  0.086534  -0.009519  0.993190  -0.018322  -0.115059  0.019018  0.999807  0.004955  0.114946  -0.007109  0.993346  0.002223  -0.008939  0.000339  0.046562  0.436786  -0.093542  2.000000  
73.092204 0.002830  0.086522  -0.009517  0.993128  -0.018318  -0.115591  0.019017  0.999807  0.004944  0.115478  -0.007109  0.993285  0.002504  -0.009166  0.000704  0.046158  0.451074  -0.092666  2.000000  
73.093208 0.002835  0.086513  -0.009515  0.993082  -0.018315  -0.115989  0.019016  0.999807  0.004937  0.115876  -0.007108  0.993238  0.002743  -0.009303  0.001046  0.047269  0.463764  -0.086496  2.000000  
73.094458 0.002841  0.086503  -0.009510  0.993019  -0.018297  -0.116523  0.019015  0.999806  0.005048  0.116408  -0.007228  0.993175  0.003052  -0.009387  0.001527  0.052063  0.463788  -0.079596  2.000000  
73.095464 0.002845  0.086494  -0.009507  0.992973  -0.018294  -0.116921  0.019014  0.999807  0.005040  0.116807  -0.007228  0.993128  0.003246  -0.009455  0.001778  0.048324  0.464455  -0.072069  2.000000  
73.096702 0.002851  0.086483  -0.009502  0.992926  -0.018277  -0.117322  0.019013  0.999806  0.005154  0.117205  -0.007348  0.993081  0.003436  -0.009505  0.002013  0.049439  0.459187  -0.065773  2.000000  
73.097702 0.002855  0.086473  -0.009498  0.992879  -0.018260  -0.117723  0.019012  0.999805  0.005268  0.117604  -0.007468  0.993033  0.003645  -0.009556  0.002181  0.049007  0.459854  -0.065141  2.000000  
73.098707 0.002860  0.086463  -0.009494  0.992851  -0.018052  -0.117988  0.018807  0.999809  0.005287  0.117870  -0.007468  0.993001  0.003887  -0.009569  0.002372  0.046851  0.463544  -0.051893  2.000000  
73.099955 0.002866  0.086449  -0.009489  0.992804  -0.018035  -0.118388  0.018806  0.999809  0.005400  0.118268  -0.007588  0.992953  0.004097  -0.009642  0.002536  0.050495  0.464237  -0.051411  2.000000  
73.101201 0.002871  0.086434  -0.009484  0.992772  -0.018018  -0.118656  0.018805  0.999808  0.005517  0.118534  -0.007708  0.992920  0.004232  -0.009792  0.002813  0.055762  0.463679  -0.044974  2.000000  
73.102268 0.002876  0.086423  -0.009479  0.992744  -0.017811  -0.118921  0.018601  0.999812  0.005536  0.118800  -0.007708  0.992888  0.004328  -0.009763  0.003074  0.052312  0.457993  -0.038002  2.000000  
73.103456 0.002881  0.086408  -0.009471  0.992696  -0.017793  -0.119321  0.018600  0.999811  0.005650  0.119198  -0.007828  0.992840  0.004394  -0.009977  0.003479  0.058035  0.449870  -0.024364  2.000000  
73.104460 0.002886  0.086397  -0.009464  0.992664  -0.017791  -0.119587  0.018599  0.999811  0.005645  0.119464  -0.007828  0.992808  0.004465  -0.010058  0.003826  0.057581  0.441958  -0.024207  2.000000  
73.105466 0.002891  0.086386  -0.009457  0.992632  -0.017774  -0.119855  0.018598  0.999810  0.005761  0.119729  -0.007948  0.992775  0.004547  -0.010125  0.004195  0.062371  0.432833  -0.017414  2.000000  
73.106485 0.002896  0.086376  -0.009451  0.992604  -0.017566  -0.120119  0.018393  0.999814  0.005781  0.119995  -0.007948  0.992743  0.004562  -0.010245  0.004537  0.064385  0.422386  -0.003897  2.000000  
73.107703 0.002901  0.086361  -0.009443  0.992572  -0.017564  -0.120385  0.018393  0.999814  0.005776  0.120261  -0.007947  0.992711  0.004580  -0.010472  0.004875  0.065237  0.413766  0.002911  2.000000  
73.108717 0.002905  0.086350  -0.009437  0.992556  -0.017563  -0.120517  0.018393  0.999814  0.005774  0.120394  -0.007947  0.992694  0.004559  -0.010625  0.005067  0.061131  0.400087  0.002839  2.000000  
73.109952 0.002910  0.086335  -0.009431  0.992560  -0.017357  -0.120516  0.018188  0.999818  0.005798  0.120394  -0.007947  0.992694  0.004522  -0.010910  0.005187  0.062248  0.383612  0.016362  2.000000  
73.110964 0.002915  0.086323  -0.009426  0.992543  -0.017371  -0.120647  0.018188  0.999818  0.005675  0.120526  -0.007827  0.992679  0.004476  -0.011129  0.005236  0.054572  0.373025  0.016390  2.000000  
73.112202 0.002919  0.086308  -0.009421  0.992547  -0.017165  -0.120646  0.017984  0.999822  0.005700  0.120526  -0.007827  0.992679  0.004388  -0.011398  0.005266  0.050900  0.347769  0.022942  2.000000  
73.113465 0.002922  0.086292  -0.009415  0.992531  -0.017164  -0.120779  0.017983  0.999822  0.005697  0.120659  -0.007827  0.992663  0.004246  -0.011578  0.005332  0.048040  0.323496  0.029820  2.000000  
73.114714 0.002926  0.086276  -0.009409  0.992515  -0.017163  -0.120911  0.017983  0.999822  0.005695  0.120792  -0.007826  0.992647  0.004075  -0.011735  0.005465  0.040714  0.301020  0.036570  2.000000  
73.115954 0.002929  0.086259  -0.009402  0.992499  -0.017162  -0.121044  0.017983  0.999822  0.005692  0.120925  -0.007826  0.992631  0.003904  -0.011852  0.005544  0.040396  0.280732  0.036140  2.000000  
73.117216 0.002932  0.086243  -0.009394  0.992486  -0.016955  -0.121176  0.017778  0.999826  0.005715  0.121058  -0.007826  0.992615  0.003750  -0.012034  0.005640  0.037474  0.255954  0.043115  2.000000  
73.118454 0.002934  0.086226  -0.009387  0.992486  -0.016940  -0.121178  0.017778  0.999825  0.005836  0.121058  -0.007947  0.992614  0.003530  -0.012162  0.005588  0.037496  0.233522  0.042985  2.000000  
73.119460 0.002936  0.086212  -0.009381  0.992486  -0.016940  -0.121178  0.017778  0.999825  0.005836  0.121058  -0.007947  0.992614  0.003361  -0.012329  0.005584  0.037502  0.220019  0.042880  2.000000  
73.120704 0.002939  0.086194  -0.009374  0.992490  -0.016749  -0.121175  0.017574  0.999829  0.005740  0.121058  -0.007826  0.992615  0.003103  -0.012641  0.005416  0.030190  0.206585  0.049673  2.000000  
73.121948 0.002942  0.086177  -0.009368  0.992490  -0.016749  -0.121175  0.017574  0.999829  0.005740  0.121058  -0.007826  0.992615  0.002939  -0.012841  0.005318  0.029944  0.191455  0.049151  2.000000  
73.122956 0.002944  0.086163  -0.009363  0.992493  -0.016558  -0.121171  0.017369  0.999833  0.005644  0.121058  -0.007706  0.992616  0.002803  -0.013038  0.005252  0.026946  0.174998  0.056282  2.000000  
73.124211 0.002948  0.086146  -0.009357  0.992477  -0.016557  -0.121304  0.017369  0.999833  0.005641  0.121191  -0.007706  0.992599  0.002645  -0.013240  0.005185  0.000000  0.000000  0.000000  2.000000  
73.125466 0.002952  0.086129  -0.009351  0.992477  -0.016572  -0.121302  0.017369  0.999834  0.005520  0.121191  -0.007585  0.992600  0.002587  -0.013370  0.005154  0.000000  0.000000  0.000000  2.000000  
73.126700 0.002955  0.086110  -0.009345  0.992477  -0.016586  -0.121300  0.017369  0.999835  0.005399  0.121191  -0.007465  0.992601  0.002477  -0.013565  0.005154  0.000000  0.000000  0.000000  2.000000  
73.127702 0.002958  0.086096  -0.009340  0.992481  -0.016381  -0.121299  0.017165  0.999838  0.005424  0.121191  -0.007465  0.992601  0.002462  -0.013691  0.005213  0.000000  0.000000  0.000000  2.000000  
73.128705 0.002960  0.086081  -0.009336  0.992481  -0.016395  -0.121297  0.017165  0.999839  0.005302  0.121191  -0.007345  0.992602  0.002490  -0.013803  0.005178  0.000000  0.000000  0.000000  2.000000  
73.129710 0.002964  0.086067  -0.009332  0.992501  -0.016205  -0.121161  0.016961  0.999843  0.005208  0.121058  -0.007224  0.992619  0.002533  -0.013916  0.005128  0.000000  0.000000  0.000000  2.000000  
73.130952 0.002968  0.086048  -0.009327  0.992501  -0.016205  -0.121161  0.016961  0.999843  0.005208  0.121058  -0.007224  0.992619  0.002620  -0.014061  0.005040  0.000000  0.000000  0.000000  2.000000  
73.132204 0.002972  0.086029  -0.009322  0.992501  -0.016205  -0.121161  0.016961  0.999843  0.005208  0.121058  -0.007224  0.992619  0.002678  -0.014254  0.004801  0.000000  0.000000  0.000000  2.000000  
73.133205 0.002975  0.086014  -0.009319  0.992501  -0.016220  -0.121159  0.016961  0.999843  0.005087  0.121058  -0.007104  0.992620  0.002813  -0.014389  0.004607  0.000000  0.000000  0.000000  2.000000  
73.134207 0.002978  0.085998  -0.009316  0.992504  -0.016014  -0.121158  0.016756  0.999847  0.005112  0.121058  -0.007104  0.992620  0.002851  -0.014513  0.004434  0.000000  0.000000  0.000000  2.000000  
73.135513 0.002982  0.085979  -0.009312  0.992488  -0.016013  -0.121291  0.016756  0.999847  0.005110  0.121191  -0.007104  0.992604  0.002930  -0.014570  0.004178  0.000000  0.000000  0.000000  2.000000  
73.136708 0.002986  0.085959  -0.009307  0.992488  -0.016013  -0.121291  0.016756  0.999847  0.005110  0.121191  -0.007104  0.992604  0.002976  -0.014763  0.004108  0.000000  0.000000  0.000000  2.000000  
73.137950 0.002990  0.085940  -0.009302  0.992491  -0.015807  -0.121290  0.016552  0.999850  0.005135  0.121191  -0.007104  0.992604  0.003065  -0.014877  0.004074  0.000000  0.000000  0.000000  2.000000  
73.139202 0.002995  0.085920  -0.009295  0.992491  -0.015822  -0.121288  0.016552  0.999850  0.005013  0.121191  -0.006983  0.992605  0.003154  -0.015016  0.004123  0.000000  0.000000  0.000000  2.000000  
73.140204 0.002999  0.085905  -0.009290  0.992491  -0.015822  -0.121288  0.016552  0.999850  0.005013  0.121191  -0.006983  0.992605  0.003222  -0.015155  0.004138  0.000000  0.000000  0.000000  2.000000  
73.141213 0.003003  0.085890  -0.009285  0.992495  -0.015631  -0.121285  0.016348  0.999854  0.004917  0.121191  -0.006863  0.992606  0.003292  -0.015222  0.004160  0.000000  0.000000  0.000000  2.000000  
73.142457 0.003007  0.085871  -0.009279  0.992495  -0.015645  -0.121283  0.016348  0.999855  0.004796  0.121191  -0.006743  0.992606  0.003386  -0.015271  0.004168  0.000000  0.000000  0.000000  2.000000  
73.143708 0.003012  0.085851  -0.009273  0.992495  -0.015645  -0.121283  0.016348  0.999855  0.004796  0.121191  -0.006743  0.992606  0.003447  -0.015374  0.004169  0.000000  0.000000  0.000000  2.000000  
73.144970 0.003017  0.085832  -0.009268  0.992498  -0.015454  -0.121280  0.016143  0.999859  0.004700  0.121191  -0.006622  0.992607  0.003472  -0.015426  0.004154  0.000000  0.000000  0.000000  2.000000  
73.146207 0.003022  0.085812  -0.009263  0.992482  -0.015453  -0.121413  0.016143  0.999859  0.004697  0.121323  -0.006622  0.992591  0.003593  -0.015535  0.004150  0.000000  0.000000  0.000000  2.000000  
73.147207 0.003026  0.085796  -0.009259  0.992482  -0.015453  -0.121413  0.016143  0.999859  0.004697  0.121323  -0.006622  0.992591  0.003617  -0.015587  0.004203  0.000000  0.000000  0.000000  2.000000  
73.148210 0.003031  0.085779  -0.009255  0.992485  -0.015262  -0.121410  0.015939  0.999862  0.004601  0.121323  -0.006502  0.992592  0.003712  -0.015649  0.004287  0.000000  0.000000  0.000000  2.000000  
73.149465 0.003036  0.085758  -0.009250  0.992485  -0.015262  -0.121410  0.015939  0.999862  0.004601  0.121323  -0.006502  0.992592  0.003810  -0.015719  0.004377  0.000000  0.000000  0.000000  2.000000  
73.150466 0.003039  0.085741  -0.009245  0.992485  -0.015248  -0.121412  0.015939  0.999862  0.004722  0.121323  -0.006622  0.992591  0.003821  -0.015900  0.004484  0.000000  0.000000  0.000000  2.000000  
73.151708 0.003044  0.085719  -0.009239  0.992488  -0.015042  -0.121411  0.015734  0.999865  0.004747  0.121323  -0.006622  0.992591  0.003885  -0.015984  0.004554  0.000000  0.000000  0.000000  2.000000  
73.152965 0.003049  0.085698  -0.009233  0.992472  -0.015041  -0.121544  0.015734  0.999865  0.004745  0.121456  -0.006622  0.992575  0.003879  -0.016156  0.004562  0.000000  0.000000  0.000000  2.000000  
73.154206 0.003053  0.085676  -0.009227  0.992472  -0.015026  -0.121546  0.015734  0.999864  0.004867  0.121456  -0.006742  0.992574  0.003877  -0.016344  0.004504  0.000000  0.000000  0.000000  2.000000  
73.155209 0.003057  0.085659  -0.009223  0.992472  -0.015026  -0.121546  0.015734  0.999864  0.004867  0.121456  -0.006742  0.992574  0.003895  -0.016469  0.004449  0.000000  0.000000  0.000000  2.000000  
73.156467 0.003062  0.085637  -0.009218  0.992459  -0.014819  -0.121678  0.015529  0.999867  0.004889  0.121589  -0.006742  0.992558  0.003930  -0.016610  0.004365  0.000000  0.000000  0.000000  2.000000  
73.157717 0.003067  0.085616  -0.009213  0.992459  -0.014819  -0.121678  0.015529  0.999867  0.004889  0.121589  -0.006742  0.992558  0.003939  -0.016742  0.004353  0.000000  0.000000  0.000000  2.000000  
73.158955 0.003073  0.085594  -0.009208  0.992459  -0.014819  -0.121678  0.015529  0.999867  0.004889  0.121589  -0.006742  0.992558  0.003955  -0.016907  0.004349  0.000000  0.000000  0.000000  2.000000  
73.160215 0.003079  0.085573  -0.009202  0.992443  -0.014833  -0.121809  0.015529  0.999868  0.004766  0.121722  -0.006622  0.992542  0.004048  -0.016960  0.004370  0.000000  0.000000  0.000000  2.000000  
73.161220 0.003083  0.085556  -0.009197  0.992443  -0.014833  -0.121809  0.015529  0.999868  0.004766  0.121722  -0.006622  0.992542  0.004040  -0.017033  0.004396  0.000000  0.000000  0.000000  2.000000  
73.162471 0.003089  0.085535  -0.009191  0.992446  -0.014627  -0.121808  0.015325  0.999871  0.004791  0.121722  -0.006622  0.992542  0.004077  -0.017072  0.004481  0.000000  0.000000  0.000000  2.000000  
73.163703 0.003095  0.085514  -0.009185  0.992430  -0.014627  -0.121940  0.015325  0.999871  0.004789  0.121855  -0.006622  0.992526  0.004162  -0.017115  0.004491  0.000000  0.000000  0.000000  2.000000  
73.164706 0.003099  0.085497  -0.009180  0.992430  -0.014627  -0.121940  0.015325  0.999871  0.004789  0.121855  -0.006622  0.992526  0.004181  -0.017141  0.004528  0.000000  0.000000  0.000000  2.000000  
73.165716 0.003104  0.085480  -0.009176  0.992430  -0.014612  -0.121942  0.015325  0.999871  0.004910  0.121855  -0.006742  0.992525  0.004288  -0.017121  0.004469  0.000000  0.000000  0.000000  2.000000  
73.166962 0.003110  0.085457  -0.009171  0.992416  -0.014405  -0.122074  0.015120  0.999874  0.004933  0.121987  -0.006742  0.992509  0.004360  -0.017163  0.004441  0.000000  0.000000  0.000000  2.000000  
73.168199 0.003116  0.085435  -0.009166  0.992416  -0.014405  -0.122074  0.015120  0.999874  0.004933  0.121987  -0.006742  0.992509  0.004427  -0.017247  0.004404  0.000000  0.000000  0.000000  2.000000  
73.169211 0.003120  0.085416  -0.009163  0.992416  -0.014405  -0.122074  0.015120  0.999874  0.004933  0.121987  -0.006742  0.992509  0.004469  -0.017357  0.004327  0.000000  0.000000  0.000000  2.000000  
73.170216 0.003125  0.085398  -0.009160  0.992400  -0.014389  -0.122208  0.015120  0.999873  0.005053  0.122120  -0.006862  0.992492  0.004512  -0.017389  0.004229  0.000000  0.000000  0.000000  2.000000  
73.171453 0.003131  0.085375  -0.009155  0.992400  -0.014389  -0.122208  0.015120  0.999873  0.005053  0.122120  -0.006862  0.992492  0.004562  -0.017457  0.004228  0.000000  0.000000  0.000000  2.000000  
73.172701 0.003137  0.085354  -0.009150  0.992403  -0.014183  -0.122207  0.014916  0.999876  0.005078  0.122120  -0.006862  0.992492  0.004634  -0.017503  0.004201  0.000000  0.000000  0.000000  2.000000  
73.173959 0.003143  0.085332  -0.009144  0.992387  -0.014168  -0.122342  0.014915  0.999875  0.005197  0.122253  -0.006982  0.992474  0.004703  -0.017505  0.004216  0.000000  0.000000  0.000000  2.000000  
73.175218 0.003150  0.085311  -0.009139  0.992387  -0.014168  -0.122342  0.014915  0.999875  0.005197  0.122253  -0.006982  0.992474  0.004790  -0.017499  0.004239  0.000000  0.000000  0.000000  2.000000  
73.176454 0.003157  0.085290  -0.009133  0.992371  -0.014167  -0.122475  0.014915  0.999875  0.005195  0.122386  -0.006982  0.992458  0.004900  -0.017539  0.004231  0.000000  0.000000  0.000000  2.000000  
73.177465 0.003163  0.085272  -0.009128  0.992374  -0.013961  -0.122474  0.014711  0.999878  0.005220  0.122386  -0.006982  0.992458  0.004927  -0.017547  0.004212  0.000000  0.000000  0.000000  2.000000  
73.178700 0.003170  0.085251  -0.009123  0.992374  -0.013961  -0.122474  0.014711  0.999878  0.005220  0.122386  -0.006982  0.992458  0.004991  -0.017562  0.004174  0.000000  0.000000  0.000000  2.000000  
73.179705 0.003175  0.085233  -0.009118  0.992357  -0.013960  -0.122606  0.014711  0.999878  0.005218  0.122519  -0.006982  0.992442  0.005055  -0.017576  0.004135  0.000000  0.000000  0.000000  2.000000  
73.180708 0.003181  0.085216  -0.009114  0.992357  -0.013960  -0.122606  0.014711  0.999878  0.005218  0.122519  -0.006982  0.992442  0.005077  -0.017620  0.004115  0.000000  0.000000  0.000000  2.000000  
73.181953 0.003188  0.085194  -0.009109  0.992360  -0.013754  -0.122605  0.014506  0.999881  0.005244  0.122519  -0.006982  0.992442  0.005185  -0.017561  0.004141  0.000000  0.000000  0.000000  2.000000  
73.182964 0.003194  0.085177  -0.009104  0.992344  -0.013753  -0.122738  0.014506  0.999881  0.005242  0.122651  -0.006982  0.992425  0.005271  -0.017496  0.004196  0.000000  0.000000  0.000000  2.000000  
73.184206 0.003200  0.085154  -0.009098  0.992344  -0.013753  -0.122738  0.014506  0.999881  0.005242  0.122651  -0.006982  0.992425  0.005354  -0.017440  0.004343  0.000000  0.000000  0.000000  2.000000  
73.185466 0.003208  0.085133  -0.009091  0.992327  -0.013737  -0.122872  0.014506  0.999880  0.005361  0.122784  -0.007102  0.992408  0.005484  -0.017327  0.004516  0.000000  0.000000  0.000000  2.000000  
73.186703 0.003215  0.085111  -0.009084  0.992330  -0.013531  -0.122871  0.014301  0.999883  0.005386  0.122784  -0.007102  0.992408  0.005566  -0.017386  0.004634  0.000000  0.000000  0.000000  2.000000  
73.187967 0.003222  0.085088  -0.009078  0.992314  -0.013531  -0.123004  0.014301  0.999883  0.005384  0.122917  -0.007102  0.992392  0.005590  -0.017386  0.004705  0.000000  0.000000  0.000000  2.000000  
73.189204 0.003230  0.085067  -0.009072  0.992314  -0.013516  -0.123006  0.014301  0.999883  0.005506  0.122917  -0.007223  0.992391  0.005690  -0.017427  0.004741  0.000000  0.000000  0.000000  2.000000  
73.190207 0.003237  0.085049  -0.009067  0.992314  -0.013516  -0.123006  0.014301  0.999883  0.005506  0.122917  -0.007223  0.992391  0.005743  -0.017436  0.004739  0.000000  0.000000  0.000000  2.000000  
73.191455 0.003244  0.085027  -0.009062  0.992300  -0.013309  -0.123137  0.014097  0.999885  0.005529  0.123050  -0.007222  0.992374  0.005779  -0.017493  0.004686  0.000000  0.000000  0.000000  2.000000  
73.192472 0.003251  0.085010  -0.009058  0.992300  -0.013309  -0.123137  0.014097  0.999885  0.005529  0.123050  -0.007222  0.992374  0.005857  -0.017460  0.004698  0.000000  0.000000  0.000000  2.000000  
73.193708 0.003258  0.084988  -0.009052  0.992284  -0.013308  -0.123270  0.014096  0.999885  0.005527  0.123182  -0.007222  0.992358  0.005934  -0.017461  0.004756  0.000000  0.000000  0.000000  2.000000  
73.194950 0.003266  0.084966  -0.009045  0.992284  -0.013308  -0.123270  0.014096  0.999885  0.005527  0.123182  -0.007222  0.992358  0.005935  -0.017522  0.004819  0.000000  0.000000  0.000000  2.000000  
73.195954 0.003272  0.084949  -0.009040  0.992287  -0.013102  -0.123269  0.013892  0.999888  0.005553  0.123182  -0.007222  0.992358  0.006016  -0.017525  0.004876  0.000000  0.000000  0.000000  2.000000  
73.197208 0.003280  0.084927  -0.009033  0.992270  -0.013101  -0.123402  0.013892  0.999888  0.005551  0.123315  -0.007222  0.992341  0.006024  -0.017514  0.004979  0.000000  0.000000  0.000000  2.000000  
73.198449 0.003287  0.084905  -0.009026  0.992270  -0.013101  -0.123402  0.013892  0.999888  0.005551  0.123315  -0.007222  0.992341  0.006055  -0.017548  0.005058  0.000000  0.000000  0.000000  2.000000  
73.199453 0.003293  0.084887  -0.009020  0.992273  -0.012895  -0.123401  0.013688  0.999891  0.005576  0.123315  -0.007222  0.992341  0.006090  -0.017548  0.005088  0.000000  0.000000  0.000000  2.000000  
73.200461 0.003299  0.084870  -0.009014  0.992257  -0.012894  -0.123533  0.013687  0.999891  0.005574  0.123448  -0.007222  0.992325  0.006077  -0.017551  0.005127  0.000000  0.000000  0.000000  2.000000  
73.201700 0.003306  0.084847  -0.009007  0.992257  -0.012894  -0.123533  0.013687  0.999891  0.005574  0.123448  -0.007222  0.992325  0.006076  -0.017557  0.005130  0.000000  0.000000  0.000000  2.000000  
73.202704 0.003312  0.084830  -0.009002  0.992257  -0.012894  -0.123533  0.013687  0.999891  0.005574  0.123448  -0.007222  0.992325  0.006066  -0.017551  0.005168  0.000000  0.000000  0.000000  2.000000  
73.203959 0.003319  0.084808  -0.008995  0.992243  -0.012672  -0.123667  0.013483  0.999893  0.005719  0.123581  -0.007342  0.992307  0.005999  -0.017553  0.005217  0.000000  0.000000  0.000000  2.000000  
73.205200 0.003326  0.084786  -0.008988  0.992226  -0.012671  -0.123799  0.013483  0.999893  0.005718  0.123714  -0.007342  0.992291  0.005940  -0.017587  0.005270  0.000000  0.000000  0.000000  2.000000  
73.206224 0.003331  0.084768  -0.008983  0.992226  -0.012671  -0.123799  0.013483  0.999893  0.005718  0.123714  -0.007342  0.992291  0.005861  -0.017577  0.005359  0.000000  0.000000  0.000000  2.000000  
73.207449 0.003337  0.084746  -0.008976  0.992210  -0.012670  -0.123932  0.013482  0.999893  0.005716  0.123846  -0.007342  0.992274  0.005796  -0.017617  0.005445  0.000000  0.000000  0.000000  2.000000  
73.208451 0.003343  0.084729  -0.008970  0.992210  -0.012670  -0.123932  0.013482  0.999893  0.005716  0.123846  -0.007342  0.992274  0.005753  -0.017561  0.005500  0.000000  0.000000  0.000000  2.000000  
73.209458 0.003348  0.084712  -0.008964  0.992213  -0.012465  -0.123931  0.013278  0.999895  0.005741  0.123846  -0.007342  0.992274  0.005675  -0.017555  0.005580  0.000000  0.000000  0.000000  2.000000  
73.210464 0.003353  0.084695  -0.008958  0.992213  -0.012465  -0.123931  0.013278  0.999895  0.005741  0.123846  -0.007342  0.992274  0.005612  -0.017559  0.005627  0.000000  0.000000  0.000000  2.000000  
73.211700 0.003359  0.084673  -0.008952  0.992196  -0.012464  -0.124064  0.013278  0.999895  0.005739  0.123979  -0.007342  0.992258  0.005516  -0.017549  0.005602  0.000000  0.000000  0.000000  2.000000  
73.212709 0.003364  0.084655  -0.008946  0.992196  -0.012464  -0.124064  0.013278  0.999895  0.005739  0.123979  -0.007342  0.992258  0.005440  -0.017488  0.005598  0.000000  0.000000  0.000000  2.000000  
73.213955 0.003370  0.084633  -0.008939  0.992182  -0.012272  -0.124194  0.013073  0.999899  0.005642  0.124112  -0.007221  0.992242  0.005351  -0.017505  0.005582  0.000000  0.000000  0.000000  2.000000  
73.215216 0.003377  0.084612  -0.008932  0.992182  -0.012272  -0.124194  0.013073  0.999899  0.005642  0.124112  -0.007221  0.992242  0.005265  -0.017437  0.005602  0.000000  0.000000  0.000000  2.000000  
73.216465 0.003383  0.084591  -0.008925  0.992165  -0.012271  -0.124326  0.013073  0.999899  0.005640  0.124245  -0.007221  0.992225  0.005193  -0.017374  0.005586  0.000000  0.000000  0.000000  2.000000  
73.217696 0.003389  0.084570  -0.008917  0.992149  -0.012270  -0.124459  0.013073  0.999899  0.005638  0.124377  -0.007221  0.992209  0.005167  -0.017347  0.005636  0.000000  0.000000  0.000000  2.000000  
73.218943 0.003395  0.084549  -0.008910  0.992152  -0.012064  -0.124458  0.012869  0.999901  0.005664  0.124377  -0.007221  0.992209  0.005107  -0.017272  0.005717  0.000000  0.000000  0.000000  2.000000  
73.219944 0.003400  0.084532  -0.008903  0.992135  -0.012063  -0.124591  0.012869  0.999901  0.005662  0.124510  -0.007221  0.992192  0.005064  -0.017211  0.005767  0.000000  0.000000  0.000000  2.000000  
73.221197 0.003406  0.084512  -0.008895  0.992118  -0.012062  -0.124724  0.012868  0.999901  0.005661  0.124643  -0.007221  0.992175  0.005050  -0.017066  0.005916  0.000000  0.000000  0.000000  2.000000  
73.222200 0.003411  0.084496  -0.008889  0.992118  -0.012062  -0.124724  0.012868  0.999901  0.005661  0.124643  -0.007221  0.992175  0.005018  -0.017003  0.005929  0.000000  0.000000  0.000000  2.000000  
73.223448 0.003417  0.084476  -0.008880  0.992104  -0.011855  -0.124855  0.012664  0.999904  0.005685  0.124776  -0.007221  0.992159  0.004976  -0.016852  0.006010  0.000000  0.000000  0.000000  2.000000  
73.224455 0.003422  0.084460  -0.008874  0.992104  -0.011855  -0.124855  0.012664  0.999904  0.005685  0.124776  -0.007221  0.992159  0.004940  -0.016776  0.006017  0.000000  0.000000  0.000000  2.000000  
73.225461 0.003426  0.084445  -0.008868  0.992087  -0.011854  -0.124988  0.012664  0.999904  0.005683  0.124908  -0.007221  0.992142  0.004889  -0.016646  0.006002  0.000000  0.000000  0.000000  2.000000  
73.226700 0.003432  0.084425  -0.008861  0.992087  -0.011854  -0.124988  0.012664  0.999904  0.005683  0.124908  -0.007221  0.992142  0.004858  -0.016484  0.006028  0.000000  0.000000  0.000000  2.000000  
73.227948 0.003438  0.084407  -0.008853  0.992073  -0.011648  -0.125119  0.012459  0.999906  0.005707  0.125041  -0.007221  0.992125  0.004870  -0.016312  0.006067  0.000000  0.000000  0.000000  2.000000  
73.229198 0.003444  0.084388  -0.008846  0.992073  -0.011648  -0.125119  0.012459  0.999906  0.005707  0.125041  -0.007221  0.992125  0.004864  -0.016111  0.006119  0.000000  0.000000  0.000000  2.000000  
73.230454 0.003450  0.084369  -0.008838  0.992059  -0.011441  -0.125251  0.012255  0.999908  0.005731  0.125174  -0.007221  0.992109  0.004845  -0.015904  0.006206  0.000000  0.000000  0.000000  2.000000  
73.231456 0.003454  0.084354  -0.008832  0.992042  -0.011440  -0.125384  0.012255  0.999908  0.005729  0.125307  -0.007220  0.992092  0.004780  -0.015766  0.006225  0.000000  0.000000  0.000000  2.000000  
73.232696 0.003461  0.084336  -0.008823  0.992042  -0.011440  -0.125384  0.012255  0.999908  0.005729  0.125307  -0.007220  0.992092  0.004770  -0.015549  0.006270  0.000000  0.000000  0.000000  2.000000  
73.233697 0.003465  0.084322  -0.008817  0.992028  -0.011233  -0.125515  0.012050  0.999911  0.005754  0.125439  -0.007220  0.992075  0.004716  -0.015386  0.006241  0.000000  0.000000  0.000000  2.000000  
73.234949 0.003470  0.084304  -0.008810  0.992011  -0.011232  -0.125648  0.012050  0.999911  0.005752  0.125572  -0.007220  0.992058  0.004689  -0.015204  0.006235  0.000000  0.000000  0.000000  2.000000  
73.236221 0.003476  0.084286  -0.008802  0.992011  -0.011232  -0.125648  0.012050  0.999911  0.005752  0.125572  -0.007220  0.992058  0.004637  -0.015031  0.006165  0.000000  0.000000  0.000000  2.000000  
73.237446 0.003481  0.084268  -0.008795  0.991997  -0.011025  -0.125780  0.011846  0.999913  0.005776  0.125705  -0.007220  0.992041  0.004584  -0.014912  0.006154  0.000000  0.000000  0.000000  2.000000  
73.238451 0.003485  0.084254  -0.008789  0.991980  -0.011024  -0.125912  0.011845  0.999913  0.005775  0.125838  -0.007220  0.992025  0.004513  -0.014787  0.006074  0.000000  0.000000  0.000000  2.000000  
73.239694 0.003490  0.084237  -0.008781  0.991966  -0.010817  -0.126044  0.011641  0.999915  0.005799  0.125970  -0.007220  0.992008  0.004488  -0.014631  0.006078  0.000000  0.000000  0.000000  2.000000  
73.240700 0.003494  0.084224  -0.008775  0.991966  -0.010817  -0.126044  0.011641  0.999915  0.005799  0.125970  -0.007220  0.992008  0.004423  -0.014472  0.006091  0.000000  0.000000  0.000000  2.000000  
73.241949 0.003499  0.084207  -0.008768  0.991951  -0.010611  -0.126175  0.011436  0.999918  0.005824  0.126103  -0.007220  0.991991  0.004326  -0.014334  0.006040  0.000000  0.000000  0.000000  2.000000  
73.243202 0.003504  0.084191  -0.008761  0.991951  -0.010611  -0.126175  0.011436  0.999918  0.005824  0.126103  -0.007220  0.991991  0.004263  -0.014089  0.006087  0.000000  0.000000  0.000000  2.000000  
73.244451 0.003509  0.084175  -0.008753  0.991934  -0.010610  -0.126308  0.011436  0.999918  0.005822  0.126236  -0.007220  0.991974  0.004208  -0.013962  0.006068  0.000000  0.000000  0.000000  2.000000  
73.245461 0.003512  0.084162  -0.008748  0.991920  -0.010403  -0.126440  0.011232  0.999920  0.005846  0.126369  -0.007219  0.991957  0.004122  -0.013787  0.005973  0.000000  0.000000  0.000000  2.000000  
73.246699 0.003517  0.084146  -0.008741  0.991920  -0.010403  -0.126440  0.011232  0.999920  0.005846  0.126369  -0.007219  0.991957  0.004048  -0.013680  0.005895  0.000000  0.000000  0.000000  2.000000  
73.247948 0.003521  0.084130  -0.008735  0.991905  -0.010196  -0.126571  0.011028  0.999922  0.005871  0.126501  -0.007219  0.991940  0.003971  -0.013551  0.005813  0.000000  0.000000  0.000000  2.000000  
73.248948 0.003525  0.084117  -0.008730  0.991905  -0.010196  -0.126571  0.011028  0.999922  0.005871  0.126501  -0.007219  0.991940  0.003892  -0.013409  0.005730  0.000000  0.000000  0.000000  2.000000  
73.250199 0.003529  0.084101  -0.008723  0.991888  -0.010195  -0.126704  0.011027  0.999922  0.005870  0.126634  -0.007219  0.991923  0.003809  -0.013262  0.005640  0.000000  0.000000  0.000000  2.000000  
73.251200 0.003532  0.084088  -0.008718  0.991890  -0.009989  -0.126703  0.010823  0.999924  0.005896  0.126634  -0.007219  0.991923  0.003760  -0.013235  0.005597  0.000000  0.000000  0.000000  2.000000  
73.252202 0.003535  0.084075  -0.008713  0.991874  -0.009988  -0.126835  0.010823  0.999924  0.005894  0.126767  -0.007219  0.991906  0.003687  -0.013118  0.005519  0.000000  0.000000  0.000000  2.000000  
73.253451 0.003539  0.084059  -0.008707  0.991859  -0.009781  -0.126967  0.010619  0.999926  0.005919  0.126899  -0.007219  0.991889  0.003609  -0.012990  0.005440  0.000000  0.000000  0.000000  2.000000  
73.254698 0.003544  0.084043  -0.008701  0.991859  -0.009781  -0.126967  0.010619  0.999926  0.005919  0.126899  -0.007219  0.991889  0.003554  -0.012939  0.005390  0.000000  0.000000  0.000000  2.000000  
73.255944 0.003548  0.084028  -0.008694  0.991842  -0.009780  -0.127099  0.010618  0.999926  0.005917  0.127032  -0.007219  0.991872  0.003547  -0.012875  0.005325  0.000000  0.000000  0.000000  2.000000  
73.256946 0.003552  0.084015  -0.008689  0.991844  -0.009574  -0.127098  0.010414  0.999928  0.005944  0.127032  -0.007219  0.991872  0.003522  -0.012793  0.005291  0.000000  0.000000  0.000000  2.000000  
73.257949 0.003554  0.084002  -0.008684  0.991844  -0.009574  -0.127098  0.010414  0.999928  0.005944  0.127032  -0.007219  0.991872  0.003448  -0.012774  0.005187  0.000000  0.000000  0.000000  2.000000  
73.259201 0.003559  0.083987  -0.008678  0.991827  -0.009574  -0.127231  0.010414  0.999928  0.005942  0.127165  -0.007219  0.991855  0.003412  -0.012752  0.005110  0.000000  0.000000  0.000000  2.000000  
73.260450 0.003563  0.083972  -0.008672  0.991829  -0.009368  -0.127230  0.010210  0.999930  0.005968  0.127165  -0.007219  0.991855  0.003407  -0.012688  0.005049  0.000000  0.000000  0.000000  2.000000  
73.261698 0.003567  0.083956  -0.008667  0.991812  -0.009367  -0.127362  0.010210  0.999930  0.005967  0.127298  -0.007219  0.991838  0.003370  -0.012659  0.004970  0.000000  0.000000  0.000000  2.000000  
73.262949 0.003571  0.083940  -0.008661  0.991814  -0.009161  -0.127361  0.010005  0.999932  0.005993  0.127298  -0.007219  0.991838  0.003320  -0.012637  0.004928  0.000000  0.000000  0.000000  2.000000  
73.263950 0.003575  0.083928  -0.008656  0.991814  -0.009161  -0.127361  0.010005  0.999932  0.005993  0.127298  -0.007219  0.991838  0.003326  -0.012619  0.004883  0.000000  0.000000  0.000000  2.000000  
73.265204 0.003578  0.083912  -0.008650  0.991814  -0.009161  -0.127361  0.010005  0.999932  0.005993  0.127298  -0.007219  0.991838  0.003318  -0.012597  0.004874  0.000000  0.000000  0.000000  2.000000  
73.266457 0.003582  0.083896  -0.008644  0.991799  -0.008954  -0.127493  0.009801  0.999934  0.006018  0.127430  -0.007218  0.991821  0.003299  -0.012535  0.004850  0.000000  0.000000  0.000000  2.000000  
73.267701 0.003586  0.083881  -0.008638  0.991799  -0.008954  -0.127493  0.009801  0.999934  0.006018  0.127430  -0.007218  0.991821  0.003259  -0.012540  0.004822  0.000000  0.000000  0.000000  2.000000  
73.268946 0.003590  0.083866  -0.008632  0.991799  -0.008954  -0.127493  0.009801  0.999934  0.006018  0.127430  -0.007218  0.991821  0.003278  -0.012472  0.004824  0.000000  0.000000  0.000000  2.000000  
73.269947 0.003593  0.083853  -0.008627  0.991801  -0.008748  -0.127491  0.009597  0.999936  0.006044  0.127430  -0.007218  0.991821  0.003236  -0.012470  0.004794  0.000000  0.000000  0.000000  2.000000  
73.270952 0.003597  0.083841  -0.008623  0.991801  -0.008748  -0.127491  0.009597  0.999936  0.006044  0.127430  -0.007218  0.991821  0.003241  -0.012450  0.004747  0.000000  0.000000  0.000000  2.000000  
73.272197 0.003601  0.083825  -0.008617  0.991784  -0.008747  -0.127624  0.009597  0.999936  0.006043  0.127563  -0.007218  0.991804  0.003223  -0.012474  0.004696  0.000000  0.000000  0.000000  2.000000  
73.273198 0.003604  0.083813  -0.008612  0.991786  -0.008541  -0.127623  0.009393  0.999937  0.006069  0.127563  -0.007218  0.991804  0.003252  -0.012442  0.004713  0.000000  0.000000  0.000000  2.000000  
73.274203 0.003608  0.083800  -0.008608  0.991786  -0.008541  -0.127623  0.009393  0.999937  0.006069  0.127563  -0.007218  0.991804  0.003246  -0.012439  0.004706  0.000000  0.000000  0.000000  2.000000  
73.275463 0.003611  0.083785  -0.008602  0.991786  -0.008541  -0.127623  0.009393  0.999937  0.006069  0.127563  -0.007218  0.991804  0.003203  -0.012431  0.004673  0.000000  0.000000  0.000000  2.000000  
73.276699 0.003616  0.083770  -0.008596  0.991788  -0.008335  -0.127622  0.009188  0.999939  0.006096  0.127563  -0.007218  0.991804  0.003224  -0.012416  0.004735  0.000000  0.000000  0.000000  2.000000  
73.277949 0.003620  0.083754  -0.008590  0.991788  -0.008335  -0.127622  0.009188  0.999939  0.006096  0.127563  -0.007218  0.991804  0.003235  -0.012402  0.004698  0.000000  0.000000  0.000000  2.000000  
73.278950 0.003623  0.083742  -0.008585  0.991788  -0.008335  -0.127622  0.009188  0.999939  0.006096  0.127563  -0.007218  0.991804  0.003221  -0.012400  0.004735  0.000000  0.000000  0.000000  2.000000  
73.280201 0.003627  0.083726  -0.008579  0.991790  -0.008130  -0.127620  0.008984  0.999941  0.006122  0.127563  -0.007218  0.991804  0.003214  -0.012380  0.004728  0.000000  0.000000  0.000000  2.000000  
73.281206 0.003629  0.083714  -0.008575  0.991790  -0.008130  -0.127620  0.008984  0.999941  0.006122  0.127563  -0.007218  0.991804  0.003200  -0.012350  0.004710  0.000000  0.000000  0.000000  2.000000  
73.282459 0.003633  0.083699  -0.008569  0.991773  -0.008129  -0.127753  0.008984  0.999941  0.006121  0.127696  -0.007218  0.991787  0.003203  -0.012324  0.004661  0.000000  0.000000  0.000000  2.000000  
