1-Time 2-Px 3-Py 4-Pz 5-R11 6-R21 7-R31 8-R12 9-R22 10-R32 11-R13 12-R23 13-R33 14-Vx 15-Vy 16-Vz 17-Wx 18-Wy 19-Wz 20-state 21-PR11 22-PR21 23-PR31 24-PR12 25-PR22 26-PR32 27-PR13 28-PR23 29-PR33 
90.077125 0.002558  0.088333  -0.009024  0.993576  0.043545  -0.104458  -0.046056  0.998702  -0.021747  0.103375  0.026419  0.994292  0.000201  -0.000069  -0.000383  0.000000  0.000000  0.000000  2.000000  
90.078129 0.002559  0.088333  -0.009024  0.993562  0.043542  -0.104591  -0.046056  0.998702  -0.021741  0.103508  0.026418  0.994278  0.000195  -0.000090  -0.000338  0.000000  0.000000  0.000000  2.000000  
90.079375 0.002558  0.088330  -0.009026  0.993525  0.043740  -0.104861  -0.046259  0.998694  -0.021707  0.103774  0.026418  0.994250  0.000132  -0.000264  -0.000356  0.000000  0.000000  0.000000  2.000000  
90.080380 0.002557  0.088327  -0.009026  0.993487  0.043926  -0.105136  -0.046462  0.998682  -0.021794  0.104041  0.026537  0.994219  0.000076  -0.000463  -0.000364  0.000000  0.000000  0.000000  2.000000  
90.081629 0.002557  0.088323  -0.009027  0.993431  0.043912  -0.105668  -0.046460  0.998683  -0.021770  0.104573  0.026536  0.994163  0.000024  -0.000764  -0.000397  0.000000  0.000000  0.000000  2.000000  
90.082877 0.002556  0.088318  -0.009028  0.993403  0.043905  -0.105934  -0.046458  0.998683  -0.021757  0.104839  0.026535  0.994135  -0.000028  -0.001048  -0.000423  0.000000  0.000000  0.000000  2.000000  
90.083881 0.002556  0.088315  -0.009029  0.993342  0.044305  -0.106341  -0.046865  0.998666  -0.021695  0.105238  0.026534  0.994093  -0.000056  -0.001316  -0.000453  0.000000  0.000000  0.000000  2.000000  
90.084883 0.002556  0.088311  -0.009029  0.993295  0.044709  -0.106616  -0.047273  0.998648  -0.021638  0.105504  0.026533  0.994065  -0.000090  -0.001519  -0.000479  0.000000  0.000000  0.000000  2.000000  
90.086130 0.002556  0.088306  -0.009030  0.993247  0.045101  -0.106896  -0.047681  0.998627  -0.021703  0.105770  0.026653  0.994033  -0.000084  -0.001872  -0.000515  0.000000  0.000000  0.000000  2.000000  
90.087132 0.002555  0.088301  -0.009033  0.993194  0.045282  -0.107304  -0.047883  0.998615  -0.021783  0.106169  0.026773  0.993988  -0.000173  -0.002231  -0.000657  0.000000  0.000000  0.000000  2.000000  
90.088154 0.002554  0.088297  -0.009036  0.993142  0.045477  -0.107707  -0.048085  0.998607  -0.021741  0.106569  0.026771  0.993945  -0.000240  -0.002492  -0.000844  0.000000  0.000000  0.000000  2.000000  
90.089378 0.002552  0.088292  -0.009041  0.993065  0.045861  -0.108253  -0.048492  0.998586  -0.021792  0.107101  0.026890  0.993884  -0.000380  -0.002800  -0.001218  0.000000  0.000000  0.000000  2.000000  
90.090379 0.002551  0.088288  -0.009046  0.992998  0.046052  -0.108789  -0.048693  0.998577  -0.021744  0.107633  0.026889  0.993827  -0.000482  -0.003045  -0.001480  0.000000  0.000000  0.000000  2.000000  
90.091379 0.002550  0.088284  -0.009051  0.992930  0.046230  -0.109330  -0.048895  0.998566  -0.021816  0.108165  0.027008  0.993766  -0.000582  -0.003347  -0.001823  0.000000  0.000000  0.000000  2.000000  
90.092379 0.002548  0.088278  -0.009057  0.992876  0.046412  -0.109739  -0.049097  0.998554  -0.021895  0.108564  0.027127  0.993719  -0.000730  -0.003751  -0.002186  -0.016062  0.173938  0.112315  2.000000  
90.093380 0.002546  0.088271  -0.009063  0.992798  0.046808  -0.110279  -0.049503  0.998536  -0.021824  0.109096  0.027126  0.993661  -0.000834  -0.004131  -0.002563  -0.015295  0.192103  0.118706  2.000000  
90.094630 0.002545  0.088263  -0.009069  0.992729  0.046986  -0.110820  -0.049704  0.998524  -0.021895  0.109628  0.027244  0.993599  -0.000882  -0.004436  -0.002911  -0.018602  0.210285  0.125090  2.000000  
90.095880 0.002543  0.088255  -0.009074  0.992650  0.047369  -0.111366  -0.050110  0.998503  -0.021944  0.110160  0.027363  0.993537  -0.000917  -0.004728  -0.003107  -0.021165  0.228640  0.138339  2.000000  
90.096882 0.002542  0.088247  -0.009076  0.992595  0.047564  -0.111769  -0.050312  0.998493  -0.021901  0.110559  0.027362  0.993493  -0.000990  -0.005019  -0.003303  -0.020230  0.240342  0.143672  2.000000  
90.097891 0.002541  0.088239  -0.009079  0.992526  0.047741  -0.112310  -0.050514  0.998482  -0.021972  0.111091  0.027481  0.993430  -0.001054  -0.005324  -0.003432  -0.019603  0.260374  0.151134  2.000000  
90.098958 0.002540  0.088230  -0.009082  0.992471  0.047922  -0.112719  -0.050716  0.998470  -0.022050  0.111490  0.027600  0.993382  -0.001080  -0.005687  -0.003555  -0.022851  0.273427  0.157264  2.000000  
90.100127 0.002540  0.088219  -0.009083  0.992370  0.048091  -0.113526  -0.050915  0.998458  -0.022107  0.112287  0.027718  0.993289  -0.001079  -0.006096  -0.003576  -0.026179  0.301365  0.163825  2.000000  
90.101127 0.002540  0.088209  -0.009085  0.992300  0.048268  -0.114067  -0.051117  0.998446  -0.022177  0.112819  0.027837  0.993226  -0.001090  -0.006450  -0.003658  -0.029459  0.319516  0.170172  2.000000  
90.102130 0.002539  0.088200  -0.009088  0.992239  0.048226  -0.114609  -0.051113  0.998442  -0.022392  0.113351  0.028076  0.993158  -0.001051  -0.006748  -0.003667  -0.037557  0.337455  0.169605  2.000000  
90.103381 0.002540  0.088188  -0.009091  0.992168  0.048402  -0.115151  -0.051315  0.998430  -0.022462  0.113883  0.028195  0.993094  -0.000942  -0.007235  -0.003614  -0.041590  0.355488  0.169108  2.000000  
90.104631 0.002541  0.088176  -0.009095  0.992112  0.048568  -0.115565  -0.051517  0.998415  -0.022660  0.114281  0.028435  0.993041  -0.000711  -0.007735  -0.003489  -0.048983  0.373816  0.175506  2.000000  
90.105881 0.002542  0.088165  -0.009098  0.992071  0.048738  -0.115847  -0.051719  0.998400  -0.022864  0.114547  0.028675  0.993004  -0.000511  -0.008107  -0.003341  -0.056338  0.382871  0.182015  2.000000  
90.107129 0.002543  0.088152  -0.009102  0.992029  0.048908  -0.116129  -0.051922  0.998385  -0.023069  0.114813  0.028915  0.992966  -0.000333  -0.008457  -0.003097  -0.063720  0.392139  0.188621  2.000000  
90.108130 0.002544  0.088143  -0.009104  0.991988  0.049092  -0.116405  -0.052124  0.998372  -0.023152  0.115079  0.029034  0.992932  -0.000125  -0.008679  -0.002792  -0.067006  0.396873  0.195361  2.000000  
90.109380 0.002545  0.088131  -0.009107  0.991957  0.049056  -0.116682  -0.052123  0.998367  -0.023380  0.115345  0.029274  0.992894  0.000044  -0.008915  -0.002532  -0.071783  0.396695  0.188397  2.000000  
90.110635 0.002547  0.088120  -0.009108  0.991926  0.049034  -0.116954  -0.052121  0.998365  -0.023488  0.115611  0.029394  0.992860  0.000230  -0.009131  -0.002352  -0.075934  0.388848  0.180149  2.000000  
90.111882 0.002547  0.088108  -0.009110  0.991900  0.049207  -0.117103  -0.052325  0.998349  -0.023699  0.115743  0.029634  0.992837  0.000396  -0.009334  -0.002217  -0.083885  0.378772  0.188831  2.000000  
90.113130 0.002548  0.088094  -0.009111  0.991869  0.049185  -0.117374  -0.052323  0.998346  -0.023806  0.116009  0.029754  0.992802  0.000501  -0.009499  -0.002084  -0.088667  0.374118  0.182065  2.000000  
90.114377 0.002549  0.088081  -0.009113  0.991869  0.049156  -0.117386  -0.052323  0.998341  -0.024048  0.116009  0.029994  0.992795  0.000599  -0.009657  -0.002030  -0.097503  0.361696  0.167108  2.000000  
90.115634 0.002549  0.088067  -0.009114  0.991843  0.049343  -0.117530  -0.052526  0.998328  -0.024138  0.116142  0.030114  0.992776  0.000657  -0.009803  -0.002004  -0.098232  0.357077  0.160376  2.000000  
90.116876 0.002550  0.088053  -0.009115  0.991843  0.049315  -0.117542  -0.052526  0.998322  -0.024380  0.116142  0.030355  0.992769  0.000705  -0.009959  -0.001871  -0.103804  0.343466  0.147111  2.000000  
90.117890 0.002550  0.088042  -0.009115  0.991832  0.049506  -0.117553  -0.052730  0.998309  -0.024477  0.116142  0.030476  0.992765  0.000703  -0.010047  -0.001651  -0.107784  0.329990  0.147425  2.000000  
90.119125 0.002551  0.088029  -0.009114  0.991832  0.049478  -0.117565  -0.052730  0.998303  -0.024719  0.116142  0.030717  0.992758  0.000668  -0.010163  -0.001327  -0.113323  0.311806  0.134251  2.000000  
90.120132 0.002552  0.088019  -0.009112  0.991832  0.049449  -0.117577  -0.052730  0.998297  -0.024961  0.116142  0.030957  0.992750  0.000663  -0.010198  -0.001018  -0.123127  0.291689  0.129084  2.000000  
90.121379 0.002552  0.088006  -0.009110  0.991832  0.049421  -0.117589  -0.052730  0.998291  -0.025204  0.116142  0.031198  0.992743  0.000648  -0.010238  -0.000610  -0.127955  0.273557  0.122692  2.000000  
90.122383 0.002553  0.087996  -0.009108  0.991821  0.049598  -0.117606  -0.052935  0.998274  -0.025422  0.116142  0.031439  0.992735  0.000626  -0.010263  -0.000349  -0.132770  0.255384  0.116291  2.000000  
90.123629 0.002553  0.087983  -0.009107  0.991826  0.049779  -0.117491  -0.053140  0.998258  -0.025647  0.116009  0.031680  0.992743  0.000547  -0.010366  -0.000116  -0.136840  0.232959  0.116923  2.000000  
90.124632 0.002553  0.087972  -0.009107  0.991826  0.049750  -0.117503  -0.053140  0.998251  -0.025889  0.116009  0.031921  0.992735  0.000467  -0.010456  0.000013  -0.146537  0.219083  0.103550  2.000000  
90.125882 0.002552  0.087960  -0.009106  0.991846  0.049950  -0.117249  -0.053346  0.998238  -0.026000  0.115743  0.032043  0.992762  0.000367  -0.010509  0.000185  -0.146498  0.192088  0.104311  2.000000  
90.127127 0.002551  0.087946  -0.009108  0.991846  0.049922  -0.117261  -0.053346  0.998231  -0.026242  0.115743  0.032283  0.992754  0.000291  -0.010562  0.000182  -0.151341  0.169445  0.098088  2.000000  
90.128131 0.002550  0.087936  -0.009109  0.991850  0.050103  -0.117146  -0.053551  0.998214  -0.026467  0.115611  0.032525  0.992762  0.000142  -0.010577  0.000210  0.000000  0.000000  0.000000  2.000000  
90.129375 0.002548  0.087922  -0.009110  0.991854  0.050299  -0.117025  -0.053756  0.998201  -0.026571  0.115478  0.032646  0.992773  -0.000014  -0.010571  0.000166  0.000000  0.000000  0.000000  2.000000  
90.130377 0.002547  0.087911  -0.009111  0.991854  0.050285  -0.117031  -0.053756  0.998197  -0.026692  0.115478  0.032766  0.992770  -0.000159  -0.010569  0.000210  0.000000  0.000000  0.000000  2.000000  
90.131379 0.002545  0.087900  -0.009112  0.991859  0.050480  -0.116910  -0.053961  0.998183  -0.026797  0.115345  0.032887  0.992781  -0.000336  -0.010525  0.000253  0.000000  0.000000  0.000000  2.000000  
90.132630 0.002542  0.087887  -0.009112  0.991859  0.050466  -0.116916  -0.053961  0.998180  -0.026918  0.115345  0.033007  0.992777  -0.000559  -0.010530  0.000177  0.000000  0.000000  0.000000  2.000000  
90.133630 0.002540  0.087876  -0.009113  0.991863  0.050662  -0.116795  -0.054166  0.998166  -0.027022  0.115212  0.033128  0.992788  -0.000768  -0.010523  0.000065  0.000000  0.000000  0.000000  2.000000  
90.134633 0.002538  0.087865  -0.009114  0.991852  0.050839  -0.116813  -0.054370  0.998149  -0.027240  0.115212  0.033369  0.992780  -0.000937  -0.010582  -0.000098  0.000000  0.000000  0.000000  2.000000  
90.135638 0.002536  0.087854  -0.009115  0.991867  0.050829  -0.116686  -0.054371  0.998146  -0.027368  0.115079  0.033490  0.992792  -0.001113  -0.010612  -0.000270  0.000000  0.000000  0.000000  2.000000  
90.136886 0.002533  0.087840  -0.009117  0.991856  0.051021  -0.116698  -0.054575  0.998132  -0.027466  0.115079  0.033611  0.992788  -0.001358  -0.010732  -0.000571  0.000000  0.000000  0.000000  2.000000  
90.137896 0.002530  0.087830  -0.009120  0.991845  0.051198  -0.116716  -0.054779  0.998115  -0.027684  0.115079  0.033851  0.992779  -0.001567  -0.010732  -0.000818  0.000000  0.000000  0.000000  2.000000  
90.138901 0.002528  0.087819  -0.009122  0.991845  0.051184  -0.116723  -0.054779  0.998111  -0.027805  0.115079  0.033972  0.992775  -0.001730  -0.010764  -0.001025  0.000000  0.000000  0.000000  2.000000  
90.140129 0.002524  0.087806  -0.009125  0.991833  0.051361  -0.116741  -0.054983  0.998094  -0.028023  0.115079  0.034213  0.992767  -0.001919  -0.010744  -0.001265  0.000000  0.000000  0.000000  2.000000  
90.141129 0.002521  0.087796  -0.009128  0.991833  0.051332  -0.116753  -0.054983  0.998087  -0.028265  0.115079  0.034454  0.992759  -0.002115  -0.010745  -0.001412  0.000000  0.000000  0.000000  2.000000  
90.142380 0.002517  0.087782  -0.009131  0.991807  0.051505  -0.116904  -0.055187  0.998070  -0.028476  0.115212  0.034694  0.992735  -0.002266  -0.010774  -0.001582  -0.158721  -0.019199  0.096105  2.000000  
90.143628 0.002513  0.087769  -0.009135  0.991795  0.051682  -0.116923  -0.055391  0.998052  -0.028694  0.115212  0.034935  0.992726  -0.002445  -0.010761  -0.001748  -0.157926  -0.023412  0.103071  2.000000  
90.144635 0.002510  0.087759  -0.009137  0.991784  0.051873  -0.116935  -0.055595  0.998038  -0.028791  0.115212  0.035055  0.992722  -0.002537  -0.010706  -0.001826  -0.158467  -0.023373  0.110820  2.000000  
90.145881 0.002506  0.087746  -0.009141  0.991784  0.051845  -0.116947  -0.055595  0.998031  -0.029033  0.115212  0.035296  0.992714  -0.002681  -0.010672  -0.001957  -0.159242  -0.028065  0.104091  2.000000  
90.147128 0.002501  0.087733  -0.009145  0.991772  0.052022  -0.116966  -0.055799  0.998013  -0.029251  0.115212  0.035537  0.992705  -0.002825  -0.010658  -0.002234  -0.158453  -0.027813  0.110976  2.000000  
90.148377 0.002497  0.087720  -0.009150  0.991772  0.052008  -0.116972  -0.055799  0.998010  -0.029372  0.115212  0.035657  0.992701  -0.002935  -0.010635  -0.002549  -0.157924  -0.027795  0.103239  2.000000  
90.149630 0.002491  0.087706  -0.009157  0.991746  0.052180  -0.117124  -0.056002  0.997992  -0.029582  0.115345  0.035897  0.992677  -0.003095  -0.010603  -0.002863  -0.157110  -0.023081  0.109899  2.000000  
90.150631 0.002487  0.087695  -0.009163  0.991746  0.052166  -0.117130  -0.056002  0.997989  -0.029703  0.115345  0.036018  0.992672  -0.003226  -0.010627  -0.003183  0.000000  0.000000  0.000000  2.000000  
90.151876 0.002482  0.087681  -0.009169  0.991734  0.052357  -0.117142  -0.056207  0.997974  -0.029800  0.115345  0.036138  0.992668  -0.003398  -0.010595  -0.003453  0.000000  0.000000  0.000000  2.000000  
90.152879 0.002478  0.087671  -0.009174  0.991734  0.052343  -0.117149  -0.056207  0.997971  -0.029921  0.115345  0.036259  0.992664  -0.003486  -0.010589  -0.003656  0.000000  0.000000  0.000000  2.000000  
90.153889 0.002474  0.087661  -0.009179  0.991722  0.052534  -0.117161  -0.056411  0.997956  -0.030018  0.115345  0.036379  0.992659  -0.003596  -0.010567  -0.003786  0.000000  0.000000  0.000000  2.000000  
90.154892 0.002469  0.087650  -0.009183  0.991722  0.052520  -0.117168  -0.056411  0.997953  -0.030139  0.115345  0.036499  0.992655  -0.003705  -0.010555  -0.003914  0.000000  0.000000  0.000000  2.000000  
90.156129 0.002464  0.087638  -0.009189  0.991711  0.052697  -0.117187  -0.056615  0.997934  -0.030357  0.115345  0.036740  0.992646  -0.003764  -0.010524  -0.004052  0.000000  0.000000  0.000000  2.000000  
90.157130 0.002460  0.087628  -0.009193  0.991695  0.052678  -0.117326  -0.056614  0.997931  -0.030471  0.115478  0.036860  0.992626  -0.003858  -0.010479  -0.004182  0.000000  0.000000  0.000000  2.000000  
90.158131 0.002456  0.087618  -0.009197  0.991684  0.052869  -0.117338  -0.056818  0.997916  -0.030568  0.115478  0.036981  0.992621  -0.003908  -0.010408  -0.004277  0.000000  0.000000  0.000000  2.000000  
90.159379 0.002451  0.087606  -0.009203  0.991684  0.052841  -0.117351  -0.056818  0.997909  -0.030810  0.115478  0.037221  0.992612  -0.004044  -0.010394  -0.004419  0.000000  0.000000  0.000000  2.000000  
90.160380 0.002446  0.087596  -0.009208  0.991672  0.053032  -0.117364  -0.057022  0.997894  -0.030907  0.115478  0.037342  0.992608  -0.004077  -0.010352  -0.004596  0.000000  0.000000  0.000000  2.000000  
90.161630 0.002441  0.087583  -0.009214  0.991672  0.053018  -0.117370  -0.057022  0.997891  -0.031028  0.115478  0.037462  0.992603  -0.004145  -0.010310  -0.004745  0.000000  0.000000  0.000000  2.000000  
90.162632 0.002436  0.087573  -0.009219  0.991660  0.053209  -0.117383  -0.057227  0.997876  -0.031125  0.115478  0.037583  0.992599  -0.004200  -0.010296  -0.004822  0.000000  0.000000  0.000000  2.000000  
90.163878 0.002431  0.087561  -0.009225  0.991676  0.053200  -0.117257  -0.057227  0.997872  -0.031253  0.115345  0.037704  0.992610  -0.004296  -0.010311  -0.004867  0.000000  0.000000  0.000000  2.000000  
90.164880 0.002425  0.087550  -0.009231  0.991664  0.053391  -0.117270  -0.057432  0.997857  -0.031350  0.115345  0.037824  0.992605  -0.004361  -0.010206  -0.004833  0.000000  0.000000  0.000000  2.000000  
90.166130 0.002419  0.087537  -0.009237  0.991664  0.053377  -0.117276  -0.057432  0.997853  -0.031471  0.115345  0.037944  0.992601  -0.004388  -0.010131  -0.004765  0.000000  0.000000  0.000000  2.000000  
90.167130 0.002414  0.087528  -0.009242  0.991652  0.053568  -0.117289  -0.057636  0.997838  -0.031568  0.115345  0.038065  0.992596  -0.004451  -0.010063  -0.004740  0.000000  0.000000  0.000000  2.000000  
90.168375 0.002408  0.087515  -0.009248  0.991652  0.053554  -0.117296  -0.057636  0.997835  -0.031689  0.115345  0.038185  0.992591  -0.004529  -0.010050  -0.004749  0.000000  0.000000  0.000000  2.000000  
90.169375 0.002403  0.087505  -0.009252  0.991640  0.053759  -0.117302  -0.057840  0.997824  -0.031665  0.115345  0.038185  0.992591  -0.004588  -0.010022  -0.004754  0.000000  0.000000  0.000000  2.000000  
90.170383 0.002398  0.087496  -0.009258  0.991656  0.053750  -0.117176  -0.057841  0.997819  -0.031794  0.115212  0.038306  0.992602  -0.004660  -0.009985  -0.004819  0.000000  0.000000  0.000000  2.000000  
90.171633 0.002391  0.087483  -0.009265  0.991656  0.053750  -0.117176  -0.057841  0.997819  -0.031794  0.115212  0.038306  0.992602  -0.004760  -0.009967  -0.004987  0.000000  0.000000  0.000000  2.000000  
90.172882 0.002385  0.087471  -0.009273  0.991644  0.053941  -0.117189  -0.058045  0.997804  -0.031891  0.115212  0.038426  0.992597  -0.004839  -0.009988  -0.005081  0.000000  0.000000  0.000000  2.000000  
90.174130 0.002378  0.087459  -0.009280  0.991644  0.053941  -0.117189  -0.058045  0.997804  -0.031891  0.115212  0.038426  0.992597  -0.004927  -0.009955  -0.005250  0.000000  0.000000  0.000000  2.000000  
90.175380 0.002371  0.087447  -0.009287  0.991647  0.054137  -0.117070  -0.058250  0.997789  -0.031995  0.115079  0.038547  0.992608  -0.005020  -0.009941  -0.005312  0.000000  0.000000  0.000000  2.000000  
90.176629 0.002364  0.087435  -0.009295  0.991647  0.054123  -0.117076  -0.058250  0.997785  -0.032116  0.115079  0.038668  0.992603  -0.005105  -0.009917  -0.005380  0.000000  0.000000  0.000000  2.000000  
90.177630 0.002359  0.087425  -0.009300  0.991647  0.054123  -0.117076  -0.058250  0.997785  -0.032116  0.115079  0.038668  0.992603  -0.005141  -0.009841  -0.005375  0.000000  0.000000  0.000000  2.000000  
90.178881 0.002352  0.087413  -0.009306  0.991635  0.054314  -0.117090  -0.058454  0.997770  -0.032213  0.115079  0.038788  0.992599  -0.005262  -0.009790  -0.005345  0.000000  0.000000  0.000000  2.000000  
90.180129 0.002345  0.087402  -0.009312  0.991635  0.054314  -0.117090  -0.058454  0.997770  -0.032213  0.115079  0.038788  0.992599  -0.005290  -0.009735  -0.005329  0.000000  0.000000  0.000000  2.000000  
90.181376 0.002338  0.087390  -0.009318  0.991650  0.054320  -0.116957  -0.058455  0.997770  -0.032221  0.114946  0.038789  0.992614  -0.005355  -0.009677  -0.005381  0.000000  0.000000  0.000000  2.000000  
90.182633 0.002331  0.087378  -0.009325  0.991638  0.054511  -0.116970  -0.058659  0.997755  -0.032318  0.114946  0.038909  0.992609  -0.005424  -0.009612  -0.005406  0.000000  0.000000  0.000000  2.000000  
90.183875 0.002323  0.087366  -0.009332  0.991638  0.054511  -0.116970  -0.058659  0.997755  -0.032318  0.114946  0.038909  0.992609  -0.005508  -0.009601  -0.005464  0.000000  0.000000  0.000000  2.000000  
90.184897 0.002317  0.087357  -0.009338  0.991638  0.054511  -0.116970  -0.058659  0.997755  -0.032318  0.114946  0.038909  0.992609  -0.005583  -0.009574  -0.005525  0.000000  0.000000  0.000000  2.000000  
90.186130 0.002309  0.087345  -0.009346  0.991638  0.054511  -0.116970  -0.058659  0.997755  -0.032318  0.114946  0.038909  0.992609  -0.005643  -0.009533  -0.005580  0.000000  0.000000  0.000000  2.000000  
90.187131 0.002303  0.087336  -0.009352  0.991626  0.054716  -0.116977  -0.058863  0.997744  -0.032294  0.114946  0.038909  0.992609  -0.005695  -0.009504  -0.005619  0.000000  0.000000  0.000000  2.000000  
90.188380 0.002295  0.087324  -0.009360  0.991626  0.054716  -0.116977  -0.058863  0.997744  -0.032294  0.114946  0.038909  0.992609  -0.005779  -0.009424  -0.005608  0.000000  0.000000  0.000000  2.000000  
90.189630 0.002288  0.087313  -0.009367  0.991626  0.054716  -0.116977  -0.058863  0.997744  -0.032294  0.114946  0.038909  0.992609  -0.005840  -0.009391  -0.005610  0.000000  0.000000  0.000000  2.000000  
90.190636 0.002281  0.087305  -0.009373  0.991626  0.054716  -0.116977  -0.058863  0.997744  -0.032294  0.114946  0.038909  0.992609  -0.005894  -0.009284  -0.005579  0.000000  0.000000  0.000000  2.000000  
90.191882 0.002273  0.087294  -0.009380  0.991642  0.054721  -0.116844  -0.058864  0.997743  -0.032302  0.114813  0.038910  0.992625  -0.005962  -0.009230  -0.005593  0.000000  0.000000  0.000000  2.000000  
90.192882 0.002267  0.087285  -0.009387  0.991642  0.054721  -0.116844  -0.058864  0.997743  -0.032302  0.114813  0.038910  0.992625  -0.006045  -0.009191  -0.005709  0.000000  0.000000  0.000000  2.000000  
90.194128 0.002259  0.087274  -0.009394  0.991629  0.054927  -0.116851  -0.059068  0.997732  -0.032278  0.114813  0.038910  0.992625  -0.006083  -0.009139  -0.005788  0.000000  0.000000  0.000000  2.000000  
90.195132 0.002253  0.087265  -0.009401  0.991629  0.054927  -0.116851  -0.059068  0.997732  -0.032278  0.114813  0.038910  0.992625  -0.006155  -0.009097  -0.005942  0.000000  0.000000  0.000000  2.000000  
90.196375 0.002245  0.087255  -0.009409  0.991645  0.054932  -0.116718  -0.059069  0.997732  -0.032286  0.114680  0.038910  0.992640  -0.006200  -0.009029  -0.006029  0.000000  0.000000  0.000000  2.000000  
90.197378 0.002238  0.087246  -0.009415  0.991645  0.054932  -0.116718  -0.059069  0.997732  -0.032286  0.114680  0.038910  0.992640  -0.006257  -0.008958  -0.006134  0.000000  0.000000  0.000000  2.000000  
90.198640 0.002230  0.087236  -0.009423  0.991645  0.054932  -0.116718  -0.059069  0.997732  -0.032286  0.114680  0.038910  0.992640  -0.006266  -0.008850  -0.006201  0.000000  0.000000  0.000000  2.000000  
90.199882 0.002223  0.087225  -0.009430  0.991645  0.054932  -0.116718  -0.059069  0.997732  -0.032286  0.114680  0.038910  0.992640  -0.006276  -0.008769  -0.006177  0.000000  0.000000  0.000000  2.000000  
90.201130 0.002215  0.087216  -0.009437  0.991645  0.054932  -0.116718  -0.059069  0.997732  -0.032286  0.114680  0.038910  0.992640  -0.006295  -0.008629  -0.006121  0.000000  0.000000  0.000000  2.000000  
90.202377 0.002206  0.087205  -0.009445  0.991633  0.055137  -0.116725  -0.059273  0.997720  -0.032262  0.114680  0.038910  0.992640  -0.006344  -0.008549  -0.006083  0.000000  0.000000  0.000000  2.000000  
90.203383 0.002200  0.087198  -0.009450  0.991648  0.055143  -0.116593  -0.059274  0.997720  -0.032270  0.114547  0.038911  0.992655  -0.006359  -0.008452  -0.006019  0.000000  0.000000  0.000000  2.000000  
90.204633 0.002192  0.087188  -0.009457  0.991648  0.055143  -0.116593  -0.059274  0.997720  -0.032270  0.114547  0.038911  0.992655  -0.006372  -0.008324  -0.006005  0.000000  0.000000  0.000000  2.000000  
90.205633 0.002186  0.087181  -0.009463  0.991648  0.055143  -0.116593  -0.059274  0.997720  -0.032270  0.114547  0.038911  0.992655  -0.006388  -0.008265  -0.006027  0.000000  0.000000  0.000000  2.000000  
90.206885 0.002178  0.087172  -0.009471  0.991648  0.055157  -0.116586  -0.059274  0.997724  -0.032149  0.114547  0.038791  0.992660  -0.006401  -0.008098  -0.006065  0.000000  0.000000  0.000000  2.000000  
90.207892 0.002171  0.087164  -0.009478  0.991663  0.055162  -0.116453  -0.059275  0.997724  -0.032157  0.114414  0.038791  0.992675  -0.006434  -0.008014  -0.006056  0.000000  0.000000  0.000000  2.000000  
90.209127 0.002163  0.087156  -0.009486  0.991663  0.055162  -0.116453  -0.059275  0.997724  -0.032157  0.114414  0.038791  0.992675  -0.006430  -0.007869  -0.006126  0.000000  0.000000  0.000000  2.000000  
90.210378 0.002155  0.087147  -0.009494  0.991651  0.055367  -0.116460  -0.059479  0.997712  -0.032133  0.114414  0.038791  0.992675  -0.006442  -0.007742  -0.006111  0.000000  0.000000  0.000000  2.000000  
90.211379 0.002148  0.087140  -0.009501  0.991651  0.055367  -0.116460  -0.059479  0.997712  -0.032133  0.114414  0.038791  0.992675  -0.006441  -0.007617  -0.006131  0.000000  0.000000  0.000000  2.000000  
90.212380 0.002142  0.087134  -0.009507  0.991666  0.055373  -0.116327  -0.059480  0.997712  -0.032141  0.114281  0.038792  0.992691  -0.006428  -0.007438  -0.006106  0.000000  0.000000  0.000000  2.000000  
90.213628 0.002134  0.087126  -0.009514  0.991666  0.055373  -0.116327  -0.059480  0.997712  -0.032141  0.114281  0.038792  0.992691  -0.006437  -0.007346  -0.006088  0.000000  0.000000  0.000000  2.000000  
90.214634 0.002127  0.087120  -0.009520  0.991666  0.055373  -0.116327  -0.059480  0.997712  -0.032141  0.114281  0.038792  0.992691  -0.006466  -0.007177  -0.006042  0.000000  0.000000  0.000000  2.000000  
90.215898 0.002120  0.087112  -0.009526  0.991669  0.055583  -0.116201  -0.059685  0.997700  -0.032125  0.114149  0.038792  0.992706  -0.006425  -0.007018  -0.006036  0.000000  0.000000  0.000000  2.000000  
90.217127 0.002112  0.087104  -0.009534  0.991669  0.055583  -0.116201  -0.059685  0.997700  -0.032125  0.114149  0.038792  0.992706  -0.006400  -0.006876  -0.006045  0.000000  0.000000  0.000000  2.000000  
90.218128 0.002106  0.087098  -0.009540  0.991669  0.055583  -0.116201  -0.059685  0.997700  -0.032125  0.114149  0.038792  0.992706  -0.006409  -0.006729  -0.006078  0.000000  0.000000  0.000000  2.000000  
90.219129 0.002100  0.087093  -0.009545  0.991672  0.055794  -0.116075  -0.059891  0.997688  -0.032109  0.114016  0.038793  0.992721  -0.006359  -0.006644  -0.006058  0.000000  0.000000  0.000000  2.000000  
90.220134 0.002093  0.087087  -0.009551  0.991672  0.055794  -0.116075  -0.059891  0.997688  -0.032109  0.114016  0.038793  0.992721  -0.006361  -0.006520  -0.006030  0.000000  0.000000  0.000000  2.000000  
90.221400 0.002086  0.087080  -0.009558  0.991660  0.055999  -0.116082  -0.060095  0.997677  -0.032085  0.114016  0.038793  0.992721  -0.006333  -0.006359  -0.005989  0.000000  0.000000  0.000000  2.000000  
90.222629 0.002078  0.087073  -0.009565  0.991660  0.055999  -0.116082  -0.060095  0.997677  -0.032085  0.114016  0.038793  0.992721  -0.006301  -0.006215  -0.005903  0.000000  0.000000  0.000000  2.000000  
90.223629 0.002072  0.087068  -0.009570  0.991675  0.056004  -0.115949  -0.060096  0.997677  -0.032093  0.113883  0.038794  0.992737  -0.006293  -0.006071  -0.005782  0.000000  0.000000  0.000000  2.000000  
90.224634 0.002065  0.087063  -0.009575  0.991663  0.056210  -0.115956  -0.060300  0.997665  -0.032069  0.113883  0.038794  0.992737  -0.006276  -0.005937  -0.005701  0.000000  0.000000  0.000000  2.000000  
90.225881 0.002058  0.087057  -0.009581  0.991665  0.056420  -0.115830  -0.060505  0.997653  -0.032053  0.113750  0.038794  0.992752  -0.006239  -0.005759  -0.005537  0.000000  0.000000  0.000000  2.000000  
90.226890 0.002052  0.087053  -0.009586  0.991665  0.056420  -0.115830  -0.060505  0.997653  -0.032053  0.113750  0.038794  0.992752  -0.006205  -0.005610  -0.005429  0.000000  0.000000  0.000000  2.000000  
90.227893 0.002046  0.087048  -0.009590  0.991668  0.056631  -0.115704  -0.060710  0.997641  -0.032037  0.113617  0.038795  0.992767  -0.006190  -0.005478  -0.005350  0.000000  0.000000  0.000000  2.000000  
90.229133 0.002039  0.087042  -0.009596  0.991668  0.056631  -0.115704  -0.060710  0.997641  -0.032037  0.113617  0.038795  0.992767  -0.006146  -0.005322  -0.005253  0.000000  0.000000  0.000000  2.000000  
90.230136 0.002032  0.087038  -0.009601  0.991671  0.056841  -0.115578  -0.060915  0.997629  -0.032022  0.113484  0.038795  0.992782  -0.006148  -0.005216  -0.005226  0.000000  0.000000  0.000000  2.000000  
90.231375 0.002025  0.087032  -0.009608  0.991658  0.057047  -0.115585  -0.061119  0.997617  -0.031998  0.113484  0.038795  0.992782  -0.006091  -0.005088  -0.005226  0.000000  0.000000  0.000000  2.000000  
90.232377 0.002019  0.087028  -0.009612  0.991673  0.057052  -0.115452  -0.061120  0.997617  -0.032006  0.113351  0.038796  0.992797  -0.006113  -0.005002  -0.005122  0.000000  0.000000  0.000000  2.000000  
90.233630 0.002012  0.087022  -0.009618  0.991661  0.057243  -0.115466  -0.061324  0.997601  -0.032103  0.113351  0.038916  0.992793  -0.006040  -0.004858  -0.005027  0.000000  0.000000  0.000000  2.000000  
90.234632 0.002006  0.087018  -0.009622  0.991663  0.057454  -0.115340  -0.061529  0.997589  -0.032088  0.113218  0.038917  0.992808  -0.006042  -0.004769  -0.004950  0.000000  0.000000  0.000000  2.000000  
90.235632 0.002000  0.087013  -0.009625  0.991666  0.057664  -0.115214  -0.061734  0.997577  -0.032072  0.113085  0.038918  0.992823  -0.006014  -0.004705  -0.004785  0.000000  0.000000  0.000000  2.000000  
90.236887 0.001994  0.087009  -0.009630  0.991653  0.057870  -0.115220  -0.061939  0.997565  -0.032049  0.113085  0.038918  0.992823  -0.005918  -0.004541  -0.004577  0.000000  0.000000  0.000000  2.000000  
90.237893 0.001988  0.087004  -0.009632  0.991655  0.058080  -0.115094  -0.062144  0.997553  -0.032033  0.112952  0.038918  0.992838  -0.005882  -0.004501  -0.004419  0.000000  0.000000  0.000000  2.000000  
90.239129 0.001981  0.086999  -0.009637  0.991670  0.058086  -0.114962  -0.062145  0.997553  -0.032041  0.112819  0.038919  0.992853  -0.005822  -0.004397  -0.004289  0.000000  0.000000  0.000000  2.000000  
90.240130 0.001975  0.086995  -0.009639  0.991672  0.058296  -0.114836  -0.062350  0.997540  -0.032026  0.112686  0.038919  0.992868  -0.005792  -0.004359  -0.004148  0.000000  0.000000  0.000000  2.000000  
90.241379 0.001969  0.086990  -0.009644  0.991675  0.058507  -0.114710  -0.062555  0.997528  -0.032011  0.112553  0.038920  0.992883  -0.005747  -0.004326  -0.004028  0.000000  0.000000  0.000000  2.000000  
90.242629 0.001962  0.086986  -0.009648  0.991677  0.058717  -0.114584  -0.062760  0.997516  -0.031996  0.112420  0.038921  0.992898  -0.005683  -0.004246  -0.003902  0.000000  0.000000  0.000000  2.000000  
90.243882 0.001955  0.086980  -0.009651  0.991679  0.058928  -0.114458  -0.062965  0.997503  -0.031980  0.112287  0.038921  0.992913  -0.005645  -0.004209  -0.003738  0.000000  0.000000  0.000000  2.000000  
90.245129 0.001949  0.086976  -0.009655  0.991668  0.059344  -0.114338  -0.063374  0.997479  -0.031942  0.112154  0.038922  0.992928  -0.005533  -0.004153  -0.003574  0.000000  0.000000  0.000000  2.000000  
90.246375 0.001942  0.086971  -0.009658  0.991685  0.059559  -0.114080  -0.063580  0.997466  -0.031935  0.111889  0.038923  0.992958  -0.005511  -0.004110  -0.003385  0.000000  0.000000  0.000000  2.000000  
90.247379 0.001937  0.086967  -0.009660  0.991686  0.059770  -0.113954  -0.063786  0.997453  -0.031920  0.111756  0.038924  0.992973  -0.005458  -0.004039  -0.003174  0.000000  0.000000  0.000000  2.000000  
90.248633 0.001931  0.086962  -0.009663  0.991688  0.059981  -0.113828  -0.063991  0.997440  -0.031905  0.111623  0.038924  0.992988  -0.005404  -0.004030  -0.003044  0.000000  0.000000  0.000000  2.000000  
90.249881 0.001924  0.086957  -0.009666  0.991690  0.060191  -0.113702  -0.064196  0.997428  -0.031891  0.111490  0.038925  0.993003  -0.005348  -0.003978  -0.002880  0.000000  0.000000  0.000000  2.000000  
90.251125 0.001918  0.086952  -0.009669  0.991678  0.060607  -0.113582  -0.064605  0.997402  -0.031852  0.111357  0.038925  0.993018  -0.005282  -0.003972  -0.002787  0.000000  0.000000  0.000000  2.000000  
90.252127 0.001913  0.086948  -0.009671  0.991695  0.060823  -0.113324  -0.064811  0.997389  -0.031846  0.111091  0.038926  0.993048  -0.005256  -0.003968  -0.002722  0.000000  0.000000  0.000000  2.000000  
90.253130 0.001909  0.086944  -0.009673  0.991696  0.061033  -0.113198  -0.065016  0.997376  -0.031832  0.110958  0.038927  0.993062  -0.005169  -0.003958  -0.002651  0.000000  0.000000  0.000000  2.000000  
90.254133 0.001904  0.086940  -0.009676  0.991698  0.061244  -0.113071  -0.065221  0.997363  -0.031817  0.110825  0.038928  0.993077  -0.005124  -0.003936  -0.002666  0.000000  0.000000  0.000000  2.000000  
90.255381 0.001898  0.086935  -0.009679  0.991699  0.061454  -0.112945  -0.065427  0.997350  -0.031803  0.110692  0.038928  0.993092  -0.005108  -0.003941  -0.002615  0.015337  -0.096637  0.175819  2.000000  
90.256629 0.001892  0.086930  -0.009682  0.991701  0.061875  -0.112693  -0.065837  0.997324  -0.031774  0.110426  0.038929  0.993122  -0.005066  -0.003953  -0.002527  0.016096  -0.105396  0.183115  2.000000  
90.257892 0.001886  0.086925  -0.009685  0.991689  0.062291  -0.112574  -0.066246  0.997298  -0.031736  0.110293  0.038930  0.993136  -0.004983  -0.003949  -0.002466  0.016701  -0.104215  0.188343  2.000000  
90.259130 0.001880  0.086920  -0.009688  0.991691  0.062712  -0.112322  -0.066656  0.997272  -0.031708  0.110027  0.038931  0.993166  -0.004921  -0.003947  -0.002373  0.018212  -0.112605  0.202342  2.000000  
90.260380 0.001874  0.086915  -0.009691  0.991693  0.063133  -0.112070  -0.067067  0.997245  -0.031679  0.109761  0.038932  0.993195  -0.004883  -0.003948  -0.002345  0.019098  -0.117778  0.211097  2.000000  
90.261630 0.001869  0.086911  -0.009693  0.991680  0.063549  -0.111950  -0.067476  0.997219  -0.031642  0.109628  0.038933  0.993210  -0.004813  -0.003923  -0.002296  0.019843  -0.117515  0.217984  2.000000  
90.262883 0.001863  0.086906  -0.009696  0.991681  0.063970  -0.111698  -0.067886  0.997192  -0.031614  0.109362  0.038934  0.993239  -0.004789  -0.003932  -0.002286  0.024655  -0.126177  0.225141  2.000000  
90.264128 0.001857  0.086901  -0.009699  0.991682  0.064391  -0.111446  -0.068297  0.997165  -0.031586  0.109096  0.038935  0.993268  -0.004774  -0.003933  -0.002319  0.025381  -0.130410  0.232208  2.000000  
90.265129 0.001852  0.086897  -0.009701  0.991683  0.064812  -0.111194  -0.068707  0.997138  -0.031559  0.108830  0.038936  0.993298  -0.004746  -0.003928  -0.002336  0.026119  -0.139126  0.239432  2.000000  
90.266375 0.001846  0.086892  -0.009705  0.991669  0.065228  -0.111074  -0.069116  0.997110  -0.031522  0.108697  0.038937  0.993312  -0.004749  -0.003940  -0.002389  0.027397  -0.137455  0.251111  2.000000  
90.267377 0.001841  0.086888  -0.009708  0.991655  0.065854  -0.110828  -0.069731  0.997069  -0.031472  0.108431  0.038938  0.993341  -0.004705  -0.003919  -0.002404  0.028871  -0.141401  0.264967  2.000000  
90.268377 0.001836  0.086885  -0.009710  0.991641  0.066270  -0.110709  -0.070140  0.997042  -0.031436  0.108298  0.038939  0.993356  -0.004726  -0.003891  -0.002380  0.029590  -0.141108  0.271738  2.000000  
90.269632 0.001830  0.086879  -0.009713  0.991626  0.066896  -0.110463  -0.070755  0.997000  -0.031387  0.108032  0.038940  0.993385  -0.004712  -0.003894  -0.002414  0.031311  -0.146240  0.287932  2.000000  
90.270636 0.001826  0.086876  -0.009716  0.991626  0.067317  -0.110211  -0.071165  0.996971  -0.031360  0.107766  0.038941  0.993413  -0.004748  -0.003880  -0.002390  0.032012  -0.150445  0.294948  2.000000  
90.271882 0.001820  0.086871  -0.009718  0.991611  0.067943  -0.109965  -0.071779  0.996929  -0.031311  0.107500  0.038942  0.993442  -0.004737  -0.003885  -0.002343  0.033478  -0.154411  0.308898  2.000000  
90.272883 0.001815  0.086868  -0.009720  0.991595  0.068569  -0.109719  -0.072394  0.996886  -0.031263  0.107234  0.038943  0.993471  -0.004748  -0.003863  -0.002355  0.034679  -0.161559  0.320422  2.000000  
90.274130 0.001809  0.086862  -0.009723  0.991593  0.069200  -0.109341  -0.073010  0.996842  -0.031224  0.106835  0.038945  0.993514  -0.004770  -0.003852  -0.002365  0.036368  -0.166814  0.336935  2.000000  
90.275131 0.001803  0.086858  -0.009726  0.991576  0.069826  -0.109095  -0.073624  0.996799  -0.031176  0.106569  0.038946  0.993542  -0.004800  -0.003875  -0.002383  0.037810  -0.170750  0.350827  2.000000  
90.276379 0.001797  0.086853  -0.009729  0.991543  0.070671  -0.108847  -0.074443  0.996744  -0.030986  0.106303  0.038826  0.993576  -0.004840  -0.003875  -0.002412  0.044085  -0.174469  0.371642  2.000000  
90.277632 0.001790  0.086848  -0.009732  0.991524  0.071507  -0.108475  -0.075262  0.996684  -0.030926  0.105903  0.038828  0.993618  -0.004904  -0.003924  -0.002450  0.046265  -0.182723  0.392784  2.000000  
90.278877 0.001784  0.086843  -0.009735  0.991504  0.072343  -0.108102  -0.076082  0.996624  -0.030867  0.105504  0.038830  0.993660  -0.004916  -0.003932  -0.002466  0.048019  -0.189337  0.410374  2.000000  
90.279881 0.001779  0.086839  -0.009738  0.991469  0.073174  -0.107863  -0.076901  0.996563  -0.030799  0.105238  0.038831  0.993689  -0.004935  -0.003947  -0.002469  0.050565  -0.194516  0.434414  2.000000  
90.281127 0.001772  0.086833  -0.009740  0.991448  0.074010  -0.107490  -0.077721  0.996501  -0.030741  0.104839  0.038833  0.993731  -0.004996  -0.003996  -0.002424  0.051921  -0.198485  0.448386  2.000000  
90.282128 0.001767  0.086829  -0.009742  0.991425  0.074847  -0.107118  -0.078540  0.996439  -0.030684  0.104440  0.038834  0.993773  -0.005035  -0.004030  -0.002345  0.054041  -0.206665  0.469375  2.000000  
90.283377 0.001760  0.086823  -0.009744  0.991399  0.075893  -0.106619  -0.079565  0.996359  -0.030616  0.103907  0.038836  0.993828  -0.005087  -0.004101  -0.002292  0.056395  -0.217278  0.493350  2.000000  
90.284634 0.001753  0.086817  -0.009746  0.991372  0.076939  -0.106121  -0.080590  0.996279  -0.030550  0.103375  0.038839  0.993884  -0.005156  -0.004160  -0.002229  0.058888  -0.227255  0.518431  2.000000  
90.285876 0.001746  0.086811  -0.009748  0.991327  0.078190  -0.105628  -0.081819  0.996182  -0.030462  0.102843  0.038841  0.993939  -0.005213  -0.004234  -0.002181  0.061902  -0.237442  0.548851  2.000000  
90.286889 0.001741  0.086806  -0.009750  0.991300  0.079026  -0.105255  -0.082639  0.996116  -0.030409  0.102444  0.038842  0.993980  -0.005260  -0.004320  -0.002139  0.063717  -0.247761  0.567294  2.000000  
90.287896 0.001735  0.086801  -0.009752  0.991269  0.080072  -0.104757  -0.083664  0.996032  -0.030345  0.101911  0.038844  0.994035  -0.005330  -0.004408  -0.002085  0.066446  -0.260080  0.595150  2.000000  
90.289130 0.001728  0.086795  -0.009754  0.991202  0.081541  -0.104260  -0.085097  0.995917  -0.030119  0.101379  0.038726  0.994094  -0.005407  -0.004526  -0.002048  0.073995  -0.267947  0.630324  2.000000  
90.290378 0.001720  0.086788  -0.009756  0.991145  0.083002  -0.103641  -0.086531  0.995797  -0.030026  0.100713  0.038729  0.994161  -0.005511  -0.004645  -0.001992  0.076699  -0.277740  0.659699  2.000000  
90.291379 0.001713  0.086782  -0.009758  0.991109  0.084048  -0.103142  -0.087556  0.995709  -0.029966  0.100181  0.038731  0.994215  -0.005583  -0.004781  -0.001883  0.079298  -0.292731  0.686383  2.000000  
90.292628 0.001705  0.086775  -0.009759  0.991044  0.085718  -0.102396  -0.089196  0.995566  -0.029868  0.099382  0.038734  0.994295  -0.005713  -0.004881  -0.001806  0.083284  -0.309141  0.728503  2.000000  
90.293631 0.001698  0.086769  -0.009761  0.990999  0.086974  -0.101770  -0.090426  0.995457  -0.029802  0.098716  0.038736  0.994361  -0.005855  -0.005047  -0.001718  0.085808  -0.321481  0.756424  2.000000  
