1-Time 2-Px 3-Py 4-Pz 5-R11 6-R21 7-R31 8-R12 9-R22 10-R32 11-R13 12-R23 13-R33 14-Vx 15-Vy 16-Vz 17-Wx 18-Wy 19-Wz 20-state 21-PR11 22-PR21 23-PR31 24-PR12 25-PR22 26-PR32 27-PR13 28-PR23 29-PR33 
137.570026 -0.001074  0.087353  -0.001784  0.988290  -0.062635  -0.139141  0.059074  0.997815  -0.029580  0.140689  0.021014  0.989831  0.000422  -0.000046  -0.000822  0.000000  0.000000  0.000000  2.000000  
137.571097 -0.001074  0.087352  -0.001785  0.988278  -0.062840  -0.139134  0.059277  0.997802  -0.029609  0.140689  0.021014  0.989831  0.000402  -0.000095  -0.000840  0.000000  0.000000  0.000000  2.000000  
137.572282 -0.001075  0.087349  -0.001788  0.988178  -0.063262  -0.139651  0.059680  0.997776  -0.029698  0.141219  0.021013  0.989755  0.000325  -0.000315  -0.000899  0.000000  0.000000  0.000000  2.000000  
137.573285 -0.001076  0.087345  -0.001790  0.988078  -0.063701  -0.140160  0.060082  0.997745  -0.029909  0.141749  0.021131  0.989677  0.000184  -0.000585  -0.000992  0.000000  0.000000  0.000000  2.000000  
137.574552 -0.001078  0.087340  -0.001792  0.987920  -0.064132  -0.141073  0.060480  0.997718  -0.030023  0.142676  0.021128  0.989544  0.000017  -0.000902  -0.001093  0.000000  0.000000  0.000000  2.000000  
137.575780 -0.001079  0.087335  -0.001794  0.987780  -0.064542  -0.141861  0.060880  0.997694  -0.030009  0.143471  0.021006  0.989432  -0.000084  -0.001250  -0.001157  0.000000  0.000000  0.000000  2.000000  
137.576785 -0.001081  0.087330  -0.001795  0.987691  -0.064759  -0.142383  0.061079  0.997680  -0.030071  0.144000  0.021004  0.989355  -0.000221  -0.001605  -0.001205  0.000000  0.000000  0.000000  2.000000  
137.577788 -0.001082  0.087324  -0.001797  0.987621  -0.064973  -0.142773  0.061279  0.997666  -0.030125  0.144397  0.021003  0.989297  -0.000331  -0.001991  -0.001244  0.000000  0.000000  0.000000  2.000000  
137.578802 -0.001084  0.087317  -0.001798  0.987550  -0.065186  -0.143163  0.061478  0.997652  -0.030179  0.144795  0.021002  0.989239  -0.000466  -0.002423  -0.001290  -0.018829  0.168535  -0.106242  2.000000  
137.580032 -0.001086  0.087310  -0.001801  0.987447  -0.065626  -0.143671  0.061880  0.997621  -0.030392  0.145324  0.021120  0.989159  -0.000647  -0.002887  -0.001345  -0.023935  0.186512  -0.113567  2.000000  
137.581037 -0.001089  0.087304  -0.001804  0.987324  -0.066068  -0.144311  0.062280  0.997589  -0.030614  0.145986  0.021238  0.989059  -0.000865  -0.003330  -0.001529  -0.025949  0.204123  -0.127620  2.000000  
137.582039 -0.001093  0.087297  -0.001808  0.987149  -0.066722  -0.145209  0.062881  0.997543  -0.030883  0.146912  0.021355  0.988919  -0.001179  -0.003751  -0.001770  -0.033053  0.235100  -0.148806  2.000000  
137.583289 -0.001098  0.087289  -0.001816  0.986946  -0.067176  -0.146376  0.063277  0.997510  -0.031140  0.148103  0.021471  0.988739  -0.001598  -0.004293  -0.002247  -0.039231  0.270848  -0.163323  2.000000  
137.584540 -0.001104  0.087280  -0.001826  0.986728  -0.067818  -0.147545  0.063875  0.997467  -0.031307  0.149294  0.021467  0.988560  -0.002067  -0.004890  -0.002795  -0.041987  0.308356  -0.183220  2.000000  
137.585782 -0.001111  0.087270  -0.001836  0.986508  -0.068478  -0.148705  0.064472  0.997419  -0.031597  0.150485  0.021583  0.988377  -0.002515  -0.005498  -0.003367  -0.048544  0.346589  -0.199212  2.000000  
137.586797 -0.001116  0.087261  -0.001844  0.986374  -0.068718  -0.149482  0.064667  0.997400  -0.031800  0.151278  0.021700  0.988253  -0.002785  -0.005965  -0.003828  -0.053686  0.373267  -0.206571  2.000000  
137.588036 -0.001121  0.087250  -0.001852  0.986198  -0.068947  -0.150531  0.064860  0.997384  -0.031900  0.152336  0.021697  0.988091  -0.003029  -0.006409  -0.004229  -0.054811  0.409125  -0.214199  2.000000  
137.589284 -0.001126  0.087240  -0.001858  0.986022  -0.069175  -0.151579  0.065052  0.997369  -0.032001  0.153394  0.021693  0.987927  -0.003238  -0.006828  -0.004522  -0.055954  0.440475  -0.221718  2.000000  
137.590286 -0.001130  0.087231  -0.001862  0.985864  -0.069401  -0.152496  0.065245  0.997353  -0.032093  0.154320  0.021690  0.987783  -0.003436  -0.007093  -0.004600  -0.057065  0.471738  -0.229196  2.000000  
137.591537 -0.001136  0.087218  -0.001865  0.985630  -0.069841  -0.153801  0.065638  0.997322  -0.032244  0.155642  0.021685  0.987576  -0.003751  -0.007537  -0.004661  -0.059279  0.511938  -0.243746  2.000000  
137.592546 -0.001141  0.087207  -0.001867  0.985429  -0.070091  -0.154973  0.065828  0.997302  -0.032476  0.156831  0.021801  0.987385  -0.004031  -0.007915  -0.004763  -0.064491  0.551951  -0.251344  2.000000  
137.593550 -0.001146  0.087196  -0.001869  0.985248  -0.070319  -0.156020  0.066020  0.997286  -0.032578  0.157888  0.021797  0.987216  -0.004262  -0.008197  -0.004751  -0.064618  0.587882  -0.252097  2.000000  
137.594793 -0.001151  0.087183  -0.001870  0.985001  -0.070576  -0.157455  0.066207  0.997266  -0.032829  0.159341  0.021912  0.986980  -0.004404  -0.008545  -0.004734  -0.069961  0.633018  -0.260067  2.000000  
137.596033 -0.001155  0.087171  -0.001872  0.984787  -0.070605  -0.158772  0.066192  0.997264  -0.032917  0.160662  0.021907  0.986766  -0.004398  -0.008820  -0.004522  -0.069560  0.672500  -0.258911  2.000000  
137.597052 -0.001158  0.087161  -0.001873  0.984637  -0.070645  -0.159686  0.066182  0.997258  -0.033100  0.161586  0.022024  0.986613  -0.004327  -0.009092  -0.004265  -0.074269  0.708960  -0.261556  2.000000  
137.598290 -0.001160  0.087149  -0.001875  0.984464  -0.070688  -0.160731  0.066171  0.997253  -0.033292  0.162642  0.022139  0.986437  -0.004124  -0.009387  -0.003853  -0.078515  0.745278  -0.262502  2.000000  
137.599538 -0.001162  0.087138  -0.001877  0.984289  -0.070731  -0.161775  0.066159  0.997247  -0.033484  0.163698  0.022255  0.986259  -0.003833  -0.009509  -0.003406  -0.082766  0.776980  -0.263300  2.000000  
137.600543 -0.001162  0.087130  -0.001878  0.984158  -0.070788  -0.162548  0.066150  0.997238  -0.033779  0.164490  0.022491  0.986122  -0.003444  -0.009521  -0.002860  -0.089930  0.803780  -0.257041  2.000000  
137.601784 -0.001162  0.087120  -0.001878  0.983960  -0.070835  -0.163724  0.066137  0.997232  -0.033980  0.165678  0.022606  0.985921  -0.003133  -0.009427  -0.002286  -0.093219  0.831628  -0.251046  2.000000  
137.602790 -0.001161  0.087113  -0.001877  0.983804  -0.070856  -0.164646  0.066126  0.997230  -0.034041  0.166602  0.022603  0.985765  -0.002728  -0.009259  -0.001673  -0.087107  0.844734  -0.237499  2.000000  
137.603801 -0.001160  0.087107  -0.001875  0.983648  -0.070898  -0.165558  0.066116  0.997225  -0.034224  0.167525  0.022719  0.985606  -0.002390  -0.009147  -0.001244  -0.089194  0.849191  -0.223867  2.000000  
137.605033 -0.001158  0.087099  -0.001873  0.983469  -0.070942  -0.166602  0.066104  0.997219  -0.034416  0.168580  0.022834  0.985423  -0.001882  -0.008963  -0.000743  -0.090597  0.856400  -0.208931  2.000000  
137.606035 -0.001156  0.087091  -0.001871  0.983334  -0.070960  -0.167391  0.066095  0.997218  -0.034469  0.169371  0.022831  0.985288  -0.001435  -0.008802  -0.000415  -0.093702  0.865566  -0.202300  2.000000  
137.607041 -0.001153  0.087083  -0.001869  0.983220  -0.070996  -0.168040  0.066087  0.997213  -0.034634  0.170031  0.022948  0.985172  -0.000924  -0.008643  -0.000189  -0.096457  0.877203  -0.190375  2.000000  
137.608293 -0.001149  0.087072  -0.001866  0.983097  -0.070809  -0.168836  0.065876  0.997226  -0.034653  0.170822  0.022945  0.985035  -0.000163  -0.008403  0.000171  -0.094383  0.886447  -0.176888  2.000000  
137.609301 -0.001145  0.087063  -0.001863  0.982983  -0.070845  -0.169485  0.065868  0.997221  -0.034818  0.171481  0.023061  0.984917  0.000330  -0.008318  0.000467  -0.093366  0.895508  -0.170343  2.000000  
137.610546 -0.001140  0.087052  -0.001858  0.982859  -0.070658  -0.170281  0.065656  0.997234  -0.034835  0.172272  0.023058  0.984780  0.000952  -0.008208  0.000905  -0.085018  0.896196  -0.143081  2.000000  
137.611549 -0.001136  0.087044  -0.001853  0.982744  -0.070694  -0.170930  0.065649  0.997229  -0.035000  0.172931  0.023175  0.984661  0.001428  -0.008115  0.001360  -0.082875  0.891747  -0.129384  2.000000  
137.612782 -0.001129  0.087034  -0.001845  0.982618  -0.070528  -0.171717  0.065437  0.997238  -0.035139  0.173721  0.023291  0.984519  0.002006  -0.008021  0.001971  -0.083087  0.881091  -0.108036  2.000000  
137.613786 -0.001123  0.087028  -0.001838  0.982479  -0.070568  -0.172497  0.065428  0.997232  -0.035312  0.174512  0.023407  0.984377  0.002532  -0.007820  0.002527  -0.079832  0.872516  -0.087599  2.000000  
137.614795 -0.001117  0.087021  -0.001830  0.982362  -0.070605  -0.173146  0.065420  0.997227  -0.035477  0.175171  0.023524  0.984257  0.003023  -0.007628  0.003188  -0.078285  0.861807  -0.074334  2.000000  
137.616036 -0.001108  0.087014  -0.001820  0.982245  -0.070641  -0.173794  0.065412  0.997222  -0.035641  0.175829  0.023640  0.984137  0.003679  -0.007481  0.003935  -0.080162  0.848781  -0.060433  2.000000  
137.617055 -0.001102  0.087007  -0.001813  0.982188  -0.070488  -0.174179  0.065205  0.997227  -0.035874  0.176224  0.023877  0.984060  0.004027  -0.007436  0.004389  -0.081930  0.834939  -0.046586  2.000000  
137.618281 -0.001095  0.086999  -0.001805  0.982094  -0.070543  -0.174687  0.065199  0.997217  -0.036151  0.176751  0.024114  0.983960  0.004420  -0.007403  0.004757  -0.088327  0.820259  -0.039377  2.000000  
137.619282 -0.001089  0.086992  -0.001800  0.982060  -0.070365  -0.174949  0.064994  0.997227  -0.036253  0.177015  0.024232  0.983910  0.004681  -0.007416  0.004976  -0.090089  0.798033  -0.025359  2.000000  
137.620292 -0.001084  0.086986  -0.001795  0.982013  -0.070393  -0.175203  0.064991  0.997222  -0.036391  0.177278  0.024350  0.983860  0.004957  -0.007438  0.005196  -0.093388  0.775365  -0.011225  2.000000  
137.621309 -0.001079  0.086978  -0.001791  0.981955  -0.070240  -0.175587  0.064784  0.997227  -0.036623  0.177673  0.024587  0.983782  0.005117  -0.007351  0.005307  -0.098387  0.750742  0.002835  2.000000  
137.622547 -0.001074  0.086969  -0.001786  0.981884  -0.070293  -0.175964  0.064779  0.997217  -0.036891  0.178068  0.024824  0.983705  0.005200  -0.007241  0.005481  -0.101344  0.715391  0.010367  2.000000  
137.623558 -0.001071  0.086962  -0.001782  0.981836  -0.070321  -0.176218  0.064776  0.997213  -0.037029  0.178331  0.024942  0.983654  0.005172  -0.007240  0.005553  -0.104197  0.683836  0.017878  2.000000  
137.624782 -0.001067  0.086952  -0.001777  0.981741  -0.070355  -0.176735  0.064770  0.997207  -0.037185  0.178858  0.025059  0.983556  0.005079  -0.007112  0.005623  -0.102235  0.661078  0.024848  2.000000  
137.625788 -0.001065  0.086944  -0.001773  0.981693  -0.070383  -0.176989  0.064766  0.997202  -0.037323  0.179121  0.025177  0.983505  0.004925  -0.007100  0.005626  -0.106224  0.634143  0.025435  2.000000  
137.627034 -0.001064  0.086932  -0.001768  0.981658  -0.070206  -0.177251  0.064561  0.997212  -0.037425  0.179384  0.025295  0.983454  0.004594  -0.007179  0.005462  -0.105079  0.603409  0.032880  2.000000  
137.628280 -0.001063  0.086920  -0.001763  0.981610  -0.070256  -0.177497  0.064558  0.997202  -0.037684  0.179648  0.025532  0.983400  0.004200  -0.007399  0.005196  -0.109064  0.576498  0.033404  2.000000  
137.629533 -0.001062  0.086908  -0.001759  0.981576  -0.070079  -0.177758  0.064353  0.997212  -0.037786  0.179911  0.025650  0.983348  0.003711  -0.007652  0.004859  -0.107835  0.549810  0.040733  2.000000  
137.630535 -0.001062  0.086898  -0.001755  0.981552  -0.070104  -0.177881  0.064351  0.997207  -0.037915  0.180042  0.025769  0.983321  0.003313  -0.007925  0.004559  -0.103778  0.527579  0.041180  2.000000  
137.631777 -0.001063  0.086885  -0.001753  0.981504  -0.070154  -0.178127  0.064348  0.997197  -0.038175  0.180306  0.026006  0.983267  0.002746  -0.008255  0.004133  -0.107782  0.496366  0.041847  2.000000  
137.632781 -0.001063  0.086875  -0.001751  0.981431  -0.070208  -0.178504  0.064343  0.997187  -0.038442  0.180700  0.026243  0.983188  0.002286  -0.008481  0.003814  -0.115842  0.478564  0.042226  2.000000  
137.633782 -0.001065  0.086865  -0.001750  0.981383  -0.070258  -0.178749  0.064340  0.997177  -0.038701  0.180964  0.026480  0.983133  0.001813  -0.008701  0.003525  -0.119894  0.456424  0.042705  2.000000  
137.635027 -0.001067  0.086853  -0.001748  0.981335  -0.070309  -0.178995  0.064337  0.997167  -0.038961  0.181227  0.026717  0.983078  0.001184  -0.008988  0.003213  -0.123847  0.429464  0.043269  2.000000  
137.636029 -0.001069  0.086843  -0.001748  0.981286  -0.070360  -0.179240  0.064334  0.997157  -0.039220  0.181490  0.026954  0.983023  0.000729  -0.009185  0.002977  -0.131910  0.411644  0.043664  2.000000  
137.637034 -0.001071  0.086833  -0.001747  0.981262  -0.070428  -0.179346  0.064332  0.997143  -0.039591  0.181622  0.027312  0.982989  0.000232  -0.009407  0.002761  -0.139977  0.393817  0.044016  2.000000  
137.638279 -0.001074  0.086820  -0.001745  0.981238  -0.070476  -0.179460  0.064331  0.997133  -0.039842  0.181753  0.027549  0.982958  -0.000186  -0.009609  0.002555  -0.149284  0.371436  0.037791  2.000000  
137.639530 -0.001077  0.086807  -0.001744  0.981213  -0.070545  -0.179565  0.064329  0.997118  -0.040213  0.181885  0.027906  0.982924  -0.000622  -0.009829  0.002296  -0.158529  0.348889  0.031512  2.000000  
137.640781 -0.001081  0.086793  -0.001745  0.981189  -0.070592  -0.179679  0.064327  0.997108  -0.040464  0.182016  0.028144  0.982893  -0.001047  -0.010047  0.001872  -0.166623  0.326643  0.032051  2.000000  
137.642031 -0.001085  0.086778  -0.001746  0.981165  -0.070639  -0.179794  0.064326  0.997098  -0.040714  0.182148  0.028382  0.982861  -0.001415  -0.010247  0.001402  -0.171831  0.304103  0.025813  2.000000  
137.643280 -0.001090  0.086763  -0.001750  0.981103  -0.070896  -0.180030  0.064525  0.997073  -0.041010  0.182411  0.028619  0.982806  -0.001818  -0.010445  0.000903  -0.177084  0.281644  0.019592  2.000000  
137.644533 -0.001095  0.086748  -0.001753  0.981054  -0.070947  -0.180276  0.064521  0.997063  -0.041269  0.182674  0.028856  0.982750  -0.002202  -0.010674  0.000384  -0.181129  0.263833  0.020014  2.000000  
137.645777 -0.001100  0.086732  -0.001757  0.980992  -0.071182  -0.180521  0.064720  0.997042  -0.041445  0.182937  0.028974  0.982698  -0.002556  -0.010878  -0.000117  -0.178360  0.245899  0.013695  2.000000  
137.646779 -0.001104  0.086720  -0.001759  0.980968  -0.071230  -0.180635  0.064719  0.997032  -0.041695  0.183069  0.029211  0.982666  -0.002826  -0.011060  -0.000438  -0.183534  0.232212  0.007253  2.000000  
137.647783 -0.001108  0.086707  -0.001761  0.980943  -0.071256  -0.180757  0.064717  0.997027  -0.041825  0.183200  0.029330  0.982638  -0.002988  -0.011248  -0.000701  -0.179494  0.223304  0.007452  2.000000  
137.649029 -0.001112  0.086692  -0.001763  0.980905  -0.071509  -0.180863  0.064917  0.997002  -0.042113  0.183332  0.029567  0.982606  -0.003145  -0.011415  -0.000901  -0.182013  0.214078  -0.005857  2.000000  
137.650277 -0.001117  0.086676  -0.001764  0.980881  -0.071557  -0.180976  0.064916  0.996991  -0.042363  0.183463  0.029805  0.982575  -0.003306  -0.011624  -0.001133  -0.186079  0.209641  -0.005774  2.000000  
137.651531 -0.001121  0.086661  -0.001766  0.980856  -0.071626  -0.181082  0.064914  0.996975  -0.042735  0.183595  0.030162  0.982539  -0.003370  -0.011784  -0.001297  -0.188889  0.197712  -0.012329  2.000000  
137.652778 -0.001125  0.086645  -0.001769  0.980794  -0.071884  -0.181318  0.065113  0.996950  -0.043031  0.183858  0.030399  0.982483  -0.003499  -0.011988  -0.001643  -0.192518  0.195785  -0.019003  2.000000  
137.653780 -0.001129  0.086633  -0.001772  0.980769  -0.071932  -0.181431  0.065111  0.996939  -0.043282  0.183989  0.030636  0.982451  -0.003587  -0.012137  -0.001900  -0.196592  0.186891  -0.018788  2.000000  
137.655025 -0.001133  0.086618  -0.001775  0.980731  -0.072207  -0.181527  0.065311  0.996908  -0.043691  0.184121  0.030993  0.982415  -0.003652  -0.012264  -0.002062  -0.205979  0.177820  -0.025332  2.000000  
137.656031 -0.001136  0.086605  -0.001778  0.980707  -0.072255  -0.181641  0.065310  0.996897  -0.043941  0.184252  0.031230  0.982383  -0.003635  -0.012340  -0.002198  -0.209960  0.168839  -0.025099  2.000000  
137.657280 -0.001139  0.086590  -0.001780  0.980682  -0.072304  -0.181755  0.065308  0.996886  -0.044192  0.184384  0.031468  0.982350  -0.003530  -0.012318  -0.002210  -0.211279  0.164231  -0.031765  2.000000  
137.658528 -0.001142  0.086575  -0.001783  0.980658  -0.072352  -0.181868  0.065306  0.996875  -0.044442  0.184515  0.031706  0.982318  -0.003389  -0.012353  -0.002174  -0.217060  0.161050  -0.031919  2.000000  
137.659539 -0.001145  0.086563  -0.001785  0.980619  -0.072606  -0.181973  0.065507  0.996849  -0.044730  0.184647  0.031943  0.982286  -0.003273  -0.012324  -0.002123  -0.223597  0.160597  -0.045536  2.000000  
137.660788 -0.001148  0.086547  -0.001788  0.980595  -0.072654  -0.182086  0.065505  0.996838  -0.044981  0.184778  0.032180  0.982253  -0.003149  -0.012328  -0.002064  -0.223583  0.156077  -0.045437  2.000000  
137.662030 -0.001151  0.086530  -0.001791  0.980595  -0.072676  -0.182077  0.065505  0.996832  -0.045102  0.184778  0.032300  0.982249  -0.003058  -0.012386  -0.002109  -0.219577  0.147124  -0.045210  2.000000  
137.663030 -0.001153  0.086517  -0.001793  0.980570  -0.072703  -0.182200  0.065503  0.996827  -0.045231  0.184910  0.032418  0.982221  -0.002969  -0.012445  -0.002151  -0.215548  0.138150  -0.044974  2.000000  
137.664280 -0.001156  0.086501  -0.001797  0.980521  -0.072733  -0.182453  0.065500  0.996821  -0.045370  0.185173  0.032535  0.982167  -0.002851  -0.012526  -0.002259  -0.211441  0.138115  -0.044988  2.000000  
137.665532 -0.001158  0.086484  -0.001800  0.980482  -0.072965  -0.182566  0.065700  0.996800  -0.045537  0.185304  0.032654  0.982139  -0.002737  -0.012588  -0.002363  -0.204594  0.128925  -0.051553  2.000000  
137.666784 -0.001160  0.086467  -0.001804  0.980458  -0.073014  -0.182679  0.065699  0.996788  -0.045788  0.185436  0.032891  0.982106  -0.002557  -0.012691  -0.002465  -0.200519  0.128906  -0.051589  2.000000  
137.668028 -0.001162  0.086451  -0.001808  0.980433  -0.073040  -0.182802  0.065697  0.996783  -0.045917  0.185567  0.033009  0.982077  -0.002374  -0.012747  -0.002505  -0.196459  0.128904  -0.051614  2.000000  
137.669029 -0.001163  0.086437  -0.001812  0.980433  -0.073062  -0.182793  0.065697  0.996777  -0.046038  0.185567  0.033129  0.982073  -0.002220  -0.012889  -0.002630  -0.190776  0.127819  -0.051207  2.000000  
137.670281 -0.001164  0.086420  -0.001815  0.980446  -0.072902  -0.182785  0.065495  0.996781  -0.046243  0.185567  0.033367  0.982065  -0.002014  -0.013002  -0.002655  -0.187020  0.124586  -0.044733  2.000000  
137.671526 -0.001164  0.086404  -0.001818  0.980422  -0.072928  -0.182907  0.065493  0.996775  -0.046372  0.185699  0.033485  0.982036  -0.001774  -0.013070  -0.002590  -0.181451  0.119098  -0.044246  2.000000  
137.672534 -0.001164  0.086391  -0.001820  0.980422  -0.072973  -0.182889  0.065493  0.996764  -0.046614  0.185699  0.033723  0.982028  -0.001603  -0.013107  -0.002615  -0.185544  0.114661  -0.044137  2.000000  
137.673541 -0.001164  0.086378  -0.001822  0.980397  -0.072999  -0.183011  0.065492  0.996758  -0.046744  0.185830  0.033842  0.981999  -0.001384  -0.013161  -0.002586  -0.180182  0.110371  -0.037258  2.000000  
137.674776 -0.001163  0.086362  -0.001823  0.980397  -0.073044  -0.182994  0.065492  0.996746  -0.046986  0.185830  0.034080  0.981991  -0.001130  -0.013181  -0.002515  -0.184233  0.101450  -0.036992  2.000000  
137.675783 -0.001162  0.086349  -0.001825  0.980385  -0.072865  -0.183126  0.065288  0.996755  -0.047077  0.185962  0.034198  0.981962  -0.000923  -0.013224  -0.002512  -0.179121  0.102714  -0.023720  2.000000  
137.677030 -0.001162  0.086332  -0.001828  0.980361  -0.072892  -0.183248  0.065287  0.996749  -0.047207  0.186093  0.034316  0.981933  -0.000679  -0.013259  -0.002476  -0.177674  0.097421  -0.023396  2.000000  
137.678030 -0.001161  0.086317  -0.001831  0.980361  -0.072914  -0.183239  0.065287  0.996744  -0.047328  0.186093  0.034435  0.981928  -0.000496  -0.013347  -0.002480  -0.177673  0.092959  -0.023262  2.000000  
137.679280 -0.001161  0.086299  -0.001834  0.980374  -0.072731  -0.183240  0.065085  0.996753  -0.047411  0.186093  0.034555  0.981924  -0.000308  -0.013458  -0.002473  -0.168431  0.089671  -0.009736  2.000000  
137.680529 -0.001160  0.086281  -0.001837  0.980349  -0.072758  -0.183362  0.065083  0.996747  -0.047541  0.186225  0.034673  0.981895  -0.000133  -0.013568  -0.002435  0.000000  0.000000  0.000000  2.000000  
137.681533 -0.001160  0.086266  -0.001839  0.980349  -0.072780  -0.183353  0.065083  0.996741  -0.047662  0.186225  0.034792  0.981891  0.000020  -0.013676  -0.002379  0.000000  0.000000  0.000000  2.000000  
137.682541 -0.001159  0.086251  -0.001842  0.980338  -0.072580  -0.183494  0.064880  0.996756  -0.047633  0.186356  0.034791  0.981866  0.000140  -0.013744  -0.002346  0.000000  0.000000  0.000000  2.000000  
137.683543 -0.001159  0.086236  -0.001844  0.980338  -0.072580  -0.183494  0.064880  0.996756  -0.047633  0.186356  0.034791  0.981866  0.000247  -0.013822  -0.002285  0.000000  0.000000  0.000000  2.000000  
137.684778 -0.001159  0.086217  -0.001847  0.980313  -0.072607  -0.183617  0.064878  0.996750  -0.047762  0.186488  0.034909  0.981837  0.000331  -0.013948  -0.002221  0.000000  0.000000  0.000000  2.000000  
137.685778 -0.001158  0.086202  -0.001849  0.980313  -0.072607  -0.183617  0.064878  0.996750  -0.047762  0.186488  0.034909  0.981837  0.000405  -0.014050  -0.002179  0.000000  0.000000  0.000000  2.000000  
137.686782 -0.001158  0.086187  -0.001852  0.980301  -0.072428  -0.183749  0.064675  0.996758  -0.047854  0.186619  0.035027  0.981808  0.000430  -0.014211  -0.002217  0.000000  0.000000  0.000000  2.000000  
137.688028 -0.001157  0.086168  -0.001856  0.980301  -0.072428  -0.183749  0.064675  0.996758  -0.047854  0.186619  0.035027  0.981808  0.000454  -0.014387  -0.002316  0.000000  0.000000  0.000000  2.000000  
137.689277 -0.001157  0.086149  -0.001859  0.980315  -0.072246  -0.183750  0.064473  0.996767  -0.047937  0.186619  0.035147  0.981803  0.000401  -0.014617  -0.002432  0.000000  0.000000  0.000000  2.000000  
137.690278 -0.001156  0.086134  -0.001862  0.980315  -0.072246  -0.183750  0.064473  0.996767  -0.047937  0.186619  0.035147  0.981803  0.000435  -0.014754  -0.002502  0.000000  0.000000  0.000000  2.000000  
137.691527 -0.001156  0.086114  -0.001865  0.980315  -0.072268  -0.183741  0.064473  0.996762  -0.048058  0.186619  0.035266  0.981799  0.000386  -0.014954  -0.002537  0.000000  0.000000  0.000000  2.000000  
137.692536 -0.001156  0.086098  -0.001868  0.980303  -0.072067  -0.183882  0.064269  0.996776  -0.048029  0.186750  0.035265  0.981774  0.000385  -0.015075  -0.002570  0.000000  0.000000  0.000000  2.000000  
137.693546 -0.001156  0.086083  -0.001870  0.980303  -0.072090  -0.183873  0.064269  0.996770  -0.048150  0.186750  0.035384  0.981770  0.000320  -0.015158  -0.002552  0.000000  0.000000  0.000000  2.000000  
137.694781 -0.001156  0.086062  -0.001872  0.980278  -0.072094  -0.184004  0.064268  0.996770  -0.048158  0.186882  0.035383  0.981745  0.000267  -0.015316  -0.002516  0.000000  0.000000  0.000000  2.000000  
137.695827 -0.001157  0.086046  -0.001874  0.980253  -0.072099  -0.184135  0.064266  0.996770  -0.048167  0.187013  0.035382  0.981720  0.000211  -0.015354  -0.002398  0.000000  0.000000  0.000000  2.000000  
137.697032 -0.001159  0.086026  -0.001875  0.980228  -0.072126  -0.184258  0.064264  0.996764  -0.048296  0.187145  0.035500  0.981691  0.000073  -0.015507  -0.002312  0.000000  0.000000  0.000000  2.000000  
137.698051 -0.001160  0.086009  -0.001876  0.980241  -0.071921  -0.184268  0.064063  0.996778  -0.048258  0.187145  0.035500  0.981691  -0.000028  -0.015591  -0.002185  0.000000  0.000000  0.000000  2.000000  
137.699281 -0.001161  0.085989  -0.001878  0.980216  -0.071926  -0.184399  0.064061  0.996778  -0.048267  0.187276  0.035499  0.981666  -0.000177  -0.015772  -0.002135  0.000000  0.000000  0.000000  2.000000  
137.700530 -0.001163  0.085968  -0.001880  0.980216  -0.071903  -0.184407  0.064061  0.996784  -0.048146  0.187276  0.035380  0.981670  -0.000313  -0.015888  -0.002073  0.000000  0.000000  0.000000  2.000000  
137.701531 -0.001165  0.085951  -0.001882  0.980191  -0.071908  -0.184538  0.064059  0.996784  -0.048155  0.187408  0.035379  0.981645  -0.000473  -0.016000  -0.002043  0.000000  0.000000  0.000000  2.000000  
137.702534 -0.001166  0.085935  -0.001884  0.980191  -0.071908  -0.184538  0.064059  0.996784  -0.048155  0.187408  0.035379  0.981645  -0.000594  -0.016076  -0.001992  0.000000  0.000000  0.000000  2.000000  
137.703542 -0.001168  0.085918  -0.001887  0.980166  -0.071913  -0.184670  0.064058  0.996783  -0.048163  0.187539  0.035378  0.981620  -0.000741  -0.016180  -0.001992  0.000000  0.000000  0.000000  2.000000  
137.704779 -0.001171  0.085897  -0.001890  0.980141  -0.071918  -0.184801  0.064056  0.996783  -0.048172  0.187670  0.035377  0.981595  -0.000993  -0.016303  -0.001992  0.000000  0.000000  0.000000  2.000000  
137.705781 -0.001173  0.085881  -0.001892  0.980116  -0.071922  -0.184932  0.064054  0.996783  -0.048180  0.187802  0.035377  0.981570  -0.001142  -0.016357  -0.001922  0.000000  0.000000  0.000000  2.000000  
137.707041 -0.001176  0.085860  -0.001893  0.980091  -0.071927  -0.185063  0.064053  0.996782  -0.048189  0.187933  0.035376  0.981545  -0.001368  -0.016420  -0.001771  0.000000  0.000000  0.000000  2.000000  
137.708053 -0.001178  0.085844  -0.001895  0.980091  -0.071927  -0.185063  0.064053  0.996782  -0.048189  0.187933  0.035376  0.981545  -0.001509  -0.016439  -0.001740  0.000000  0.000000  0.000000  2.000000  
137.709281 -0.001181  0.085823  -0.001896  0.980091  -0.071927  -0.185063  0.064053  0.996782  -0.048189  0.187933  0.035376  0.981545  -0.001652  -0.016475  -0.001631  0.000000  0.000000  0.000000  2.000000  
137.710537 -0.001184  0.085803  -0.001897  0.980066  -0.071932  -0.185194  0.064051  0.996782  -0.048197  0.188065  0.035375  0.981519  -0.001799  -0.016552  -0.001607  0.000000  0.000000  0.000000  2.000000  
137.711785 -0.001187  0.085782  -0.001899  0.980041  -0.071914  -0.185333  0.064050  0.996788  -0.048085  0.188196  0.035255  0.981499  -0.001924  -0.016547  -0.001606  0.000000  0.000000  0.000000  2.000000  
137.713034 -0.001190  0.085761  -0.001900  0.980016  -0.071919  -0.185465  0.064048  0.996787  -0.048094  0.188328  0.035254  0.981473  -0.002008  -0.016581  -0.001599  0.000000  0.000000  0.000000  2.000000  
137.714280 -0.001194  0.085740  -0.001901  0.979990  -0.071923  -0.185596  0.064046  0.996787  -0.048102  0.188459  0.035253  0.981448  -0.002167  -0.016572  -0.001548  0.000000  0.000000  0.000000  2.000000  
137.715281 -0.001196  0.085724  -0.001902  0.979965  -0.071928  -0.185727  0.064045  0.996787  -0.048111  0.188590  0.035252  0.981423  -0.002259  -0.016547  -0.001517  0.000000  0.000000  0.000000  2.000000  
137.716532 -0.001200  0.085704  -0.001903  0.979927  -0.072115  -0.185856  0.064245  0.996777  -0.048037  0.188722  0.035132  0.981402  -0.002374  -0.016502  -0.001396  0.000000  0.000000  0.000000  2.000000  
137.717784 -0.001203  0.085684  -0.001903  0.979902  -0.072120  -0.185988  0.064243  0.996777  -0.048045  0.188853  0.035131  0.981377  -0.002464  -0.016447  -0.001212  0.000000  0.000000  0.000000  2.000000  
137.719033 -0.001207  0.085664  -0.001903  0.979876  -0.072125  -0.186119  0.064241  0.996777  -0.048054  0.188984  0.035130  0.981351  -0.002493  -0.016349  -0.000990  0.000000  0.000000  0.000000  2.000000  
137.720278 -0.001210  0.085645  -0.001904  0.979851  -0.072107  -0.186258  0.064240  0.996782  -0.047942  0.189116  0.035010  0.981330  -0.002547  -0.016207  -0.000841  0.000000  0.000000  0.000000  2.000000  
137.721279 -0.001213  0.085630  -0.001904  0.979851  -0.072107  -0.186258  0.064240  0.996782  -0.047942  0.189116  0.035010  0.981330  -0.002616  -0.016148  -0.000735  0.000000  0.000000  0.000000  2.000000  
137.722542 -0.001216  0.085612  -0.001904  0.979826  -0.072112  -0.186389  0.064238  0.996782  -0.047950  0.189247  0.035009  0.981305  -0.002664  -0.015941  -0.000600  0.000000  0.000000  0.000000  2.000000  
137.723779 -0.001220  0.085594  -0.001904  0.979801  -0.072094  -0.186529  0.064236  0.996787  -0.047838  0.189379  0.034890  0.981284  -0.002677  -0.015840  -0.000552  0.000000  0.000000  0.000000  2.000000  
137.724784 -0.001222  0.085580  -0.001905  0.979775  -0.072098  -0.186660  0.064235  0.996787  -0.047846  0.189510  0.034889  0.981259  -0.002703  -0.015682  -0.000523  0.000000  0.000000  0.000000  2.000000  
137.725786 -0.001225  0.085566  -0.001906  0.979750  -0.072103  -0.186791  0.064233  0.996787  -0.047855  0.189641  0.034888  0.981233  -0.002737  -0.015501  -0.000545  0.000000  0.000000  0.000000  2.000000  
137.727030 -0.001228  0.085548  -0.001907  0.979725  -0.072108  -0.186922  0.064231  0.996787  -0.047864  0.189773  0.034887  0.981208  -0.002710  -0.015282  -0.000488  0.000000  0.000000  0.000000  2.000000  
137.728051 -0.001230  0.085535  -0.001907  0.979725  -0.072108  -0.186922  0.064231  0.996787  -0.047864  0.189773  0.034887  0.981208  -0.002678  -0.015038  -0.000431  0.000000  0.000000  0.000000  2.000000  
137.729280 -0.001233  0.085518  -0.001907  0.979713  -0.071907  -0.187063  0.064028  0.996801  -0.047834  0.189904  0.034886  0.981183  -0.002646  -0.014826  -0.000381  0.000000  0.000000  0.000000  2.000000  
137.730281 -0.001235  0.085505  -0.001906  0.979687  -0.071889  -0.187203  0.064026  0.996807  -0.047721  0.190035  0.034766  0.981161  -0.002595  -0.014599  -0.000263  0.000000  0.000000  0.000000  2.000000  
137.731533 -0.001238  0.085488  -0.001906  0.979662  -0.071894  -0.187334  0.064025  0.996806  -0.047730  0.190167  0.034765  0.981136  -0.002496  -0.014328  -0.000192  0.000000  0.000000  0.000000  2.000000  
137.732780 -0.001240  0.085472  -0.001906  0.979636  -0.071898  -0.187465  0.064023  0.996806  -0.047738  0.190298  0.034764  0.981111  -0.002464  -0.014117  -0.000145  0.000000  0.000000  0.000000  2.000000  
137.734031 -0.001243  0.085457  -0.001904  0.979611  -0.071880  -0.187604  0.064021  0.996811  -0.047626  0.190430  0.034644  0.981089  -0.002411  -0.013847  -0.000081  0.000000  0.000000  0.000000  2.000000  
137.735279 -0.001245  0.085441  -0.001904  0.979599  -0.071680  -0.187745  0.063818  0.996826  -0.047596  0.190561  0.034643  0.981064  -0.002341  -0.013593  -0.000027  0.000000  0.000000  0.000000  2.000000  
137.736534 -0.001248  0.085426  -0.001903  0.979573  -0.071684  -0.187876  0.063816  0.996826  -0.047605  0.190692  0.034643  0.981038  -0.002260  -0.013367  0.000028  0.000000  0.000000  0.000000  2.000000  
137.737779 -0.001250  0.085411  -0.001903  0.979548  -0.071689  -0.188007  0.063815  0.996825  -0.047613  0.190824  0.034642  0.981013  -0.002219  -0.013182  0.000040  0.000000  0.000000  0.000000  2.000000  
137.739027 -0.001253  0.085397  -0.001903  0.979536  -0.071488  -0.188148  0.063611  0.996840  -0.047583  0.190955  0.034641  0.980987  -0.002148  -0.012949  0.000083  0.000000  0.000000  0.000000  2.000000  
137.740031 -0.001254  0.085386  -0.001903  0.979510  -0.071493  -0.188279  0.063610  0.996839  -0.047591  0.191086  0.034640  0.980962  -0.002100  -0.012757  0.000117  0.000000  0.000000  0.000000  2.000000  
137.741032 -0.001256  0.085374  -0.001903  0.979510  -0.071493  -0.188279  0.063610  0.996839  -0.047591  0.191086  0.034640  0.980962  -0.002031  -0.012515  0.000202  0.000000  0.000000  0.000000  2.000000  
137.742285 -0.001259  0.085361  -0.001903  0.979498  -0.071292  -0.188420  0.063407  0.996854  -0.047561  0.191218  0.034639  0.980936  -0.002023  -0.012261  0.000212  0.000000  0.000000  0.000000  2.000000  
137.743543 -0.001261  0.085348  -0.001903  0.979472  -0.071297  -0.188551  0.063405  0.996854  -0.047570  0.191349  0.034638  0.980911  -0.001973  -0.011952  0.000265  0.000000  0.000000  0.000000  2.000000  
137.744781 -0.001263  0.085336  -0.001902  0.979459  -0.071096  -0.188691  0.063202  0.996868  -0.047539  0.191480  0.034637  0.980885  -0.001931  -0.011713  0.000301  0.000000  0.000000  0.000000  2.000000  
137.746029 -0.001266  0.085323  -0.001902  0.979434  -0.071101  -0.188822  0.063200  0.996868  -0.047548  0.191612  0.034636  0.980859  -0.001932  -0.011471  0.000284  0.000000  0.000000  0.000000  2.000000  
137.747030 -0.001268  0.085312  -0.001902  0.979421  -0.070900  -0.188963  0.062997  0.996882  -0.047517  0.191743  0.034635  0.980834  -0.001982  -0.011325  0.000250  0.000000  0.000000  0.000000  2.000000  
137.748278 -0.001271  0.085299  -0.001902  0.979396  -0.070905  -0.189094  0.062995  0.996882  -0.047526  0.191874  0.034634  0.980808  -0.001949  -0.011119  0.000180  0.000000  0.000000  0.000000  2.000000  
137.749280 -0.001273  0.085288  -0.001903  0.979409  -0.070700  -0.189104  0.062793  0.996896  -0.047487  0.191874  0.034634  0.980808  -0.001993  -0.010972  0.000089  0.000000  0.000000  0.000000  2.000000  
137.750281 -0.001276  0.085277  -0.001903  0.979383  -0.070704  -0.189235  0.062792  0.996896  -0.047495  0.192006  0.034633  0.980783  -0.002017  -0.010873  0.000045  0.000000  0.000000  0.000000  2.000000  
137.751532 -0.001279  0.085264  -0.001904  0.979370  -0.070504  -0.189376  0.062588  0.996910  -0.047464  0.192137  0.034633  0.980757  -0.002108  -0.010789  -0.000032  0.000000  0.000000  0.000000  2.000000  
137.752533 -0.001282  0.085254  -0.001904  0.979357  -0.070326  -0.189508  0.062385  0.996919  -0.047555  0.192268  0.034751  0.980727  -0.002170  -0.010669  -0.000040  0.000000  0.000000  0.000000  2.000000  
137.753542 -0.001285  0.085243  -0.001904  0.979332  -0.070331  -0.189639  0.062384  0.996918  -0.047563  0.192399  0.034750  0.980701  -0.002207  -0.010561  -0.000052  0.000000  0.000000  0.000000  2.000000  
137.754779 -0.001289  0.085231  -0.001904  0.979319  -0.070130  -0.189779  0.062180  0.996932  -0.047532  0.192531  0.034749  0.980676  -0.002339  -0.010511  -0.000038  0.000000  0.000000  0.000000  2.000000  
137.756031 -0.001293  0.085218  -0.001904  0.979306  -0.069930  -0.189920  0.061977  0.996947  -0.047502  0.192662  0.034748  0.980650  -0.002452  -0.010421  -0.000050  0.000000  0.000000  0.000000  2.000000  
137.757281 -0.001297  0.085206  -0.001904  0.979293  -0.069729  -0.190061  0.061774  0.996961  -0.047471  0.192793  0.034747  0.980624  -0.002536  -0.010343  -0.000049  0.000000  0.000000  0.000000  2.000000  
137.758528 -0.001302  0.085193  -0.001905  0.979267  -0.069757  -0.190183  0.061772  0.996955  -0.047600  0.192925  0.034865  0.980594  -0.002714  -0.010342  -0.000105  0.000000  0.000000  0.000000  2.000000  
137.759534 -0.001305  0.085183  -0.001905  0.979254  -0.069556  -0.190324  0.061569  0.996969  -0.047569  0.193056  0.034864  0.980568  -0.002837  -0.010336  -0.000215  0.000000  0.000000  0.000000  2.000000  
137.760785 -0.001310  0.085170  -0.001907  0.979241  -0.069379  -0.190456  0.061366  0.996977  -0.047659  0.193187  0.034982  0.980538  -0.003001  -0.010330  -0.000304  0.000000  0.000000  0.000000  2.000000  
137.762031 -0.001315  0.085158  -0.001908  0.979228  -0.069178  -0.190597  0.061163  0.996991  -0.047628  0.193318  0.034981  0.980512  -0.003141  -0.010280  -0.000386  0.000000  0.000000  0.000000  2.000000  
137.763280 -0.001321  0.085144  -0.001909  0.979189  -0.068982  -0.190869  0.060958  0.997004  -0.047605  0.193581  0.034979  0.980461  -0.003321  -0.010274  -0.000443  0.000000  0.000000  0.000000  2.000000  
137.764529 -0.001326  0.085132  -0.001910  0.979163  -0.069010  -0.190991  0.060956  0.996998  -0.047734  0.193712  0.035097  0.980430  -0.003423  -0.010266  -0.000477  0.000000  0.000000  0.000000  2.000000  
137.765533 -0.001330  0.085120  -0.001911  0.979150  -0.068809  -0.191132  0.060753  0.997012  -0.047703  0.193844  0.035096  0.980404  -0.003556  -0.010279  -0.000492  0.000000  0.000000  0.000000  2.000000  
137.766536 -0.001334  0.085109  -0.001911  0.979136  -0.068609  -0.191273  0.060550  0.997026  -0.047672  0.193975  0.035095  0.980379  -0.003697  -0.010324  -0.000554  0.000000  0.000000  0.000000  2.000000  
137.767779 -0.001341  0.085096  -0.001912  0.979123  -0.068431  -0.191405  0.060347  0.997034  -0.047761  0.194106  0.035213  0.980348  -0.003865  -0.010367  -0.000588  0.000000  0.000000  0.000000  2.000000  
137.768780 -0.001345  0.085084  -0.001913  0.979109  -0.068231  -0.191546  0.060143  0.997048  -0.047730  0.194237  0.035213  0.980322  -0.003935  -0.010452  -0.000576  0.000000  0.000000  0.000000  2.000000  
137.770029 -0.001351  0.085070  -0.001914  0.979070  -0.068035  -0.191818  0.059939  0.997061  -0.047706  0.194500  0.035211  0.980270  -0.004095  -0.010554  -0.000679  0.000000  0.000000  0.000000  2.000000  
137.771033 -0.001355  0.085058  -0.001915  0.979056  -0.067858  -0.191950  0.059736  0.997069  -0.047796  0.194631  0.035329  0.980240  -0.004201  -0.010678  -0.000777  0.000000  0.000000  0.000000  2.000000  
137.772282 -0.001361  0.085044  -0.001917  0.979042  -0.067657  -0.192091  0.059532  0.997083  -0.047764  0.194762  0.035328  0.980214  -0.004271  -0.010807  -0.000845  0.000000  0.000000  0.000000  2.000000  
137.773543 -0.001367  0.085029  -0.001918  0.979015  -0.067256  -0.192372  0.059126  0.997110  -0.047701  0.195025  0.035326  0.980162  -0.004362  -0.010971  -0.000920  0.000000  0.000000  0.000000  2.000000  
137.774779 -0.001373  0.085014  -0.001920  0.978975  -0.067084  -0.192636  0.058921  0.997118  -0.047798  0.195287  0.035443  0.980105  -0.004442  -0.011125  -0.000944  0.000000  0.000000  0.000000  2.000000  
137.775784 -0.001378  0.085001  -0.001921  0.978961  -0.066883  -0.192777  0.058718  0.997131  -0.047766  0.195418  0.035442  0.980079  -0.004514  -0.011250  -0.000965  0.000000  0.000000  0.000000  2.000000  
137.777030 -0.001383  0.084987  -0.001922  0.978932  -0.066505  -0.193050  0.058312  0.997152  -0.047824  0.195681  0.035559  0.980023  -0.004567  -0.011388  -0.000927  0.000000  0.000000  0.000000  2.000000  
137.778280 -0.001389  0.084971  -0.001923  0.978930  -0.066100  -0.193201  0.057907  0.997179  -0.047752  0.195812  0.035558  0.979997  -0.004592  -0.011535  -0.000952  0.000000  0.000000  0.000000  2.000000  
137.779281 -0.001394  0.084959  -0.001924  0.978916  -0.065899  -0.193341  0.057704  0.997193  -0.047720  0.195943  0.035557  0.979970  -0.004639  -0.011704  -0.000948  0.000000  0.000000  0.000000  2.000000  
137.780534 -0.001400  0.084944  -0.001925  0.978887  -0.065521  -0.193615  0.057298  0.997213  -0.047776  0.196206  0.035674  0.979914  -0.004615  -0.011798  -0.000902  -0.001745  0.144443  0.169961  2.000000  
137.781781 -0.001405  0.084928  -0.001926  0.978858  -0.065120  -0.193896  0.056892  0.997240  -0.047712  0.196468  0.035672  0.979861  -0.004648  -0.011927  -0.000939  0.000958  0.149392  0.183260  2.000000  
137.783030 -0.001412  0.084911  -0.001927  0.978829  -0.064743  -0.194170  0.056486  0.997260  -0.047768  0.196730  0.035789  0.979804  -0.004677  -0.012097  -0.001002  0.002331  0.154111  0.189798  2.000000  
137.784282 -0.001418  0.084895  -0.001928  0.978811  -0.064136  -0.194461  0.055879  0.997299  -0.047663  0.196993  0.035787  0.979752  -0.004655  -0.012209  -0.001003  0.005085  0.160362  0.204757  2.000000  
137.785283 -0.001422  0.084882  -0.001929  0.978770  -0.063941  -0.194733  0.055674  0.997312  -0.047638  0.197255  0.035785  0.979699  -0.004662  -0.012328  -0.000977  0.005127  0.164841  0.204568  2.000000  
