1-Time 2-Px 3-Py 4-Pz 5-R11 6-R21 7-R31 8-R12 9-R22 10-R32 11-R13 12-R23 13-R33 14-Vx 15-Vy 16-Vz 17-Wx 18-Wy 19-Wz 20-state 21-PR11 22-PR21 23-PR31 24-PR12 25-PR22 26-PR32 27-PR13 28-PR23 29-PR33 
207.762342 0.002690  0.089410  -0.005726  0.999698  0.003951  -0.024251  -0.003293  0.999627  0.027126  0.024349  -0.027038  0.999338  -0.000053  0.000045  -0.000050  0.000000  0.000000  0.000000  2.000000  
207.763350 0.002690  0.089410  -0.005726  0.999698  0.003954  -0.024250  -0.003293  0.999623  0.027247  0.024349  -0.027159  0.999335  -0.000046  0.000022  -0.000041  0.000000  0.000000  0.000000  2.000000  
207.764606 0.002689  0.089408  -0.005726  0.999698  0.003954  -0.024250  -0.003293  0.999623  0.027247  0.024349  -0.027159  0.999335  -0.000058  -0.000154  -0.000062  0.000000  0.000000  0.000000  2.000000  
207.765616 0.002688  0.089405  -0.005727  0.999695  0.003958  -0.024384  -0.003293  0.999623  0.027248  0.024483  -0.027159  0.999331  -0.000101  -0.000356  -0.000103  0.000000  0.000000  0.000000  2.000000  
207.766848 0.002688  0.089401  -0.005728  0.999692  0.003759  -0.024523  -0.003087  0.999621  0.027364  0.024616  -0.027280  0.999325  -0.000108  -0.000635  -0.000148  0.000000  0.000000  0.000000  2.000000  
207.768096 0.002688  0.089397  -0.005728  0.999689  0.003765  -0.024656  -0.003087  0.999617  0.027486  0.024750  -0.027401  0.999318  -0.000108  -0.000938  -0.000182  0.000000  0.000000  0.000000  2.000000  
207.769101 0.002688  0.089393  -0.005728  0.999686  0.003772  -0.024789  -0.003087  0.999614  0.027608  0.024884  -0.027522  0.999311  -0.000104  -0.001162  -0.000182  0.000000  0.000000  0.000000  2.000000  
207.770351 0.002689  0.089389  -0.005729  0.999685  0.003981  -0.024783  -0.003293  0.999610  0.027734  0.024884  -0.027644  0.999308  -0.000073  -0.001439  -0.000196  0.000000  0.000000  0.000000  2.000000  
207.771596 0.002689  0.089385  -0.005729  0.999682  0.003987  -0.024916  -0.003293  0.999607  0.027856  0.025018  -0.027765  0.999301  -0.000049  -0.001692  -0.000221  0.000000  0.000000  0.000000  2.000000  
207.772600 0.002690  0.089383  -0.005729  0.999678  0.003994  -0.025050  -0.003293  0.999603  0.027977  0.025151  -0.027886  0.999295  -0.000009  -0.001841  -0.000242  0.000000  0.000000  0.000000  2.000000  
207.773611 0.002690  0.089380  -0.005730  0.999675  0.003998  -0.025183  -0.003293  0.999603  0.027978  0.025285  -0.027886  0.999291  0.000045  -0.002050  -0.000305  0.000000  0.000000  0.000000  2.000000  
207.774851 0.002690  0.089377  -0.005731  0.999671  0.004005  -0.025317  -0.003293  0.999600  0.028099  0.025419  -0.028007  0.999284  0.000046  -0.002233  -0.000361  0.000000  0.000000  0.000000  2.000000  
207.776099 0.002691  0.089375  -0.005731  0.999665  0.004012  -0.025584  -0.003293  0.999600  0.028100  0.025687  -0.028007  0.999278  0.000087  -0.002411  -0.000386  0.000000  0.000000  0.000000  2.000000  
207.777100 0.002691  0.089372  -0.005732  0.999661  0.004019  -0.025717  -0.003293  0.999596  0.028222  0.025820  -0.028128  0.999271  0.000094  -0.002575  -0.000425  0.000000  0.000000  0.000000  2.000000  
207.778100 0.002691  0.089369  -0.005733  0.999657  0.004229  -0.025845  -0.003499  0.999595  0.028228  0.025954  -0.028128  0.999267  0.000105  -0.002821  -0.000477  0.000000  0.000000  0.000000  2.000000  
207.779101 0.002691  0.089365  -0.005733  0.999654  0.004236  -0.025978  -0.003499  0.999592  0.028350  0.026088  -0.028249  0.999260  0.000111  -0.002967  -0.000444  0.000000  0.000000  0.000000  2.000000  
207.780352 0.002691  0.089360  -0.005733  0.999647  0.004246  -0.026245  -0.003499  0.999588  0.028472  0.026355  -0.028370  0.999250  0.000172  -0.003041  -0.000383  0.000000  0.000000  0.000000  2.000000  
207.781353 0.002691  0.089356  -0.005732  0.999643  0.004253  -0.026378  -0.003499  0.999585  0.028593  0.026489  -0.028491  0.999243  0.000181  -0.003106  -0.000318  0.000000  0.000000  0.000000  2.000000  
207.782607 0.002691  0.089350  -0.005732  0.999636  0.004267  -0.026645  -0.003499  0.999578  0.028837  0.026757  -0.028733  0.999229  0.000211  -0.003201  -0.000276  0.000000  0.000000  0.000000  2.000000  
207.783614 0.002691  0.089345  -0.005731  0.999632  0.004480  -0.026772  -0.003704  0.999574  0.028964  0.026890  -0.028854  0.999222  0.000183  -0.003313  -0.000185  0.000000  0.000000  0.000000  2.000000  
207.784848 0.002691  0.089339  -0.005731  0.999621  0.004498  -0.027172  -0.003704  0.999566  0.029208  0.027292  -0.029096  0.999204  0.000189  -0.003464  -0.000153  0.000000  0.000000  0.000000  2.000000  
207.786096 0.002692  0.089333  -0.005731  0.999613  0.004513  -0.027438  -0.003704  0.999559  0.029452  0.027559  -0.029339  0.999190  0.000189  -0.003629  -0.000151  0.000000  0.000000  0.000000  2.000000  
207.787100 0.002693  0.089328  -0.005731  0.999606  0.004527  -0.027704  -0.003704  0.999552  0.029695  0.027827  -0.029581  0.999175  0.000207  -0.003738  -0.000133  0.000000  0.000000  0.000000  2.000000  
207.788100 0.002693  0.089323  -0.005732  0.999598  0.004542  -0.027971  -0.003704  0.999545  0.029938  0.028094  -0.029823  0.999160  0.000195  -0.003914  -0.000154  0.000000  0.000000  0.000000  2.000000  
207.789349 0.002693  0.089317  -0.005733  0.999595  0.004553  -0.028103  -0.003704  0.999538  0.030181  0.028228  -0.030065  0.999149  0.000233  -0.004069  -0.000123  0.000000  0.000000  0.000000  2.000000  
207.790603 0.002694  0.089312  -0.005733  0.999586  0.004774  -0.028363  -0.003910  0.999529  0.030431  0.028495  -0.030307  0.999134  0.000243  -0.004283  -0.000092  0.000000  0.000000  0.000000  2.000000  
207.791605 0.002695  0.089308  -0.005734  0.999582  0.004781  -0.028496  -0.003910  0.999526  0.030553  0.028629  -0.030428  0.999127  0.000286  -0.004383  -0.000084  0.000000  0.000000  0.000000  2.000000  
207.792850 0.002696  0.089303  -0.005734  0.999575  0.004796  -0.028763  -0.003910  0.999518  0.030796  0.028896  -0.030671  0.999112  0.000345  -0.004439  -0.000099  0.000000  0.000000  0.000000  2.000000  
207.793852 0.002696  0.089299  -0.005734  0.999571  0.004804  -0.028896  -0.003910  0.999514  0.030918  0.029030  -0.030792  0.999104  0.000332  -0.004436  -0.000065  0.000000  0.000000  0.000000  2.000000  
207.794852 0.002697  0.089296  -0.005733  0.999567  0.004815  -0.029028  -0.003910  0.999507  0.031161  0.029164  -0.031034  0.999093  0.000394  -0.004428  0.000028  0.000000  0.000000  0.000000  2.000000  
207.795852 0.002698  0.089293  -0.005731  0.999562  0.005029  -0.029155  -0.004116  0.999502  0.031289  0.029298  -0.031155  0.999085  0.000448  -0.004353  0.000057  0.000000  0.000000  0.000000  2.000000  
207.797100 0.002698  0.089289  -0.005730  0.999554  0.005044  -0.029421  -0.004116  0.999494  0.031532  0.029565  -0.031397  0.999070  0.000462  -0.004271  0.000124  0.000000  0.000000  0.000000  2.000000  
207.798350 0.002699  0.089284  -0.005728  0.999546  0.005060  -0.029687  -0.004116  0.999487  0.031776  0.029833  -0.031639  0.999054  0.000514  -0.004141  0.000231  0.139552  0.169783  0.039625  2.000000  
207.799598 0.002699  0.089280  -0.005726  0.999542  0.005075  -0.029819  -0.004116  0.999475  0.032140  0.029966  -0.032003  0.999038  0.000535  -0.004031  0.000377  0.146323  0.168601  0.032486  2.000000  
207.800601 0.002700  0.089276  -0.005724  0.999534  0.005091  -0.030085  -0.004116  0.999467  0.032384  0.030234  -0.032245  0.999023  0.000555  -0.003923  0.000463  0.154496  0.177608  0.032791  2.000000  
207.801846 0.002701  0.089272  -0.005722  0.999529  0.005308  -0.030211  -0.004321  0.999458  0.032633  0.030368  -0.032487  0.999011  0.000566  -0.003835  0.000585  0.158641  0.177290  0.039661  2.000000  
207.803099 0.002701  0.089267  -0.005720  0.999521  0.005328  -0.030476  -0.004321  0.999446  0.032998  0.030635  -0.032850  0.998991  0.000559  -0.003743  0.000789  0.166730  0.181733  0.039838  2.000000  
207.804102 0.002702  0.089263  -0.005718  0.999517  0.005340  -0.030609  -0.004321  0.999438  0.033241  0.030769  -0.033092  0.998979  0.000562  -0.003689  0.000957  0.174823  0.181730  0.039860  2.000000  
207.805349 0.002702  0.089258  -0.005717  0.999513  0.005355  -0.030740  -0.004321  0.999426  0.033605  0.030903  -0.033456  0.998962  0.000522  -0.003679  0.001060  0.182954  0.177299  0.039775  2.000000  
207.806597 0.002703  0.089253  -0.005716  0.999505  0.005375  -0.031006  -0.004321  0.999414  0.033970  0.031170  -0.033819  0.998942  0.000527  -0.003653  0.001194  0.195102  0.181759  0.039947  2.000000  
207.807604 0.002703  0.089249  -0.005715  0.999505  0.005383  -0.031004  -0.004321  0.999405  0.034212  0.031170  -0.034061  0.998934  0.000488  -0.003676  0.001305  0.200750  0.174221  0.040022  2.000000  
207.808605 0.002703  0.089245  -0.005715  0.999501  0.005395  -0.031137  -0.004321  0.999397  0.034455  0.031304  -0.034303  0.998921  0.000478  -0.003696  0.001252  0.207061  0.177515  0.033007  2.000000  
207.809611 0.002704  0.089241  -0.005714  0.999496  0.005407  -0.031269  -0.004321  0.999388  0.034698  0.031438  -0.034546  0.998909  0.000477  -0.003694  0.001252  0.212752  0.174395  0.033155  2.000000  
207.810613 0.002704  0.089238  -0.005714  0.999495  0.005621  -0.031260  -0.004527  0.999379  0.034947  0.031438  -0.034788  0.998900  0.000452  -0.003735  0.001197  0.217013  0.169663  0.039953  2.000000  
207.811853 0.002705  0.089234  -0.005714  0.999491  0.005637  -0.031392  -0.004527  0.999366  0.035311  0.031571  -0.035151  0.998883  0.000477  -0.003701  0.001075  0.221149  0.165198  0.039871  2.000000  
207.813100 0.002705  0.089230  -0.005713  0.999491  0.005644  -0.031391  -0.004527  0.999358  0.035554  0.031571  -0.035394  0.998875  0.000421  -0.003695  0.000985  0.223390  0.154925  0.039289  2.000000  
207.814100 0.002705  0.089228  -0.005712  0.999487  0.005660  -0.031522  -0.004527  0.999344  0.035918  0.031705  -0.035757  0.998857  0.000435  -0.003615  0.000935  0.229106  0.151915  0.032601  2.000000  
207.815100 0.002705  0.089224  -0.005712  0.999483  0.005673  -0.031655  -0.004527  0.999336  0.036161  0.031839  -0.035999  0.998845  0.000397  -0.003581  0.000900  0.229109  0.147412  0.032490  2.000000  
207.816349 0.002705  0.089221  -0.005710  0.999483  0.005681  -0.031653  -0.004527  0.999327  0.036404  0.031839  -0.036241  0.998836  0.000307  -0.003494  0.000856  0.229142  0.138433  0.032234  2.000000  
207.817603 0.002705  0.089218  -0.005708  0.999478  0.005697  -0.031785  -0.004527  0.999314  0.036768  0.031972  -0.036605  0.998818  0.000250  -0.003388  0.000882  0.233187  0.133907  0.032122  2.000000  
207.818610 0.002704  0.089215  -0.005706  0.999478  0.005709  -0.031783  -0.004527  0.999300  0.037131  0.031972  -0.036968  0.998805  0.000175  -0.003305  0.000895  0.237218  0.124883  0.031855  2.000000  
207.819848 0.002703  0.089212  -0.005704  0.999474  0.005725  -0.031914  -0.004527  0.999287  0.037496  0.032106  -0.037332  0.998787  0.000067  -0.003210  0.000886  0.239177  0.124115  0.024784  2.000000  
207.820907 0.002702  0.089208  -0.005703  0.999474  0.005733  -0.031913  -0.004527  0.999277  0.037738  0.032106  -0.037574  0.998778  -0.000013  -0.003142  0.000899  0.240759  0.115955  0.024673  2.000000  
207.822096 0.002702  0.089204  -0.005702  0.999470  0.005750  -0.032044  -0.004527  0.999264  0.038102  0.032240  -0.037937  0.998760  -0.000102  -0.003102  0.000862  0.247300  0.115203  0.024542  2.000000  
207.823097 0.002701  0.089201  -0.005702  0.999470  0.005757  -0.032043  -0.004527  0.999254  0.038345  0.032240  -0.038179  0.998751  -0.000168  -0.003053  0.000845  0.251367  0.110749  0.024411  2.000000  
207.824357 0.002700  0.089197  -0.005702  0.999470  0.005769  -0.032041  -0.004527  0.999240  0.038708  0.032240  -0.038543  0.998737  -0.000292  -0.003008  0.000791  0.257575  0.102687  0.024339  2.000000  
207.825602 0.002699  0.089194  -0.005703  0.999471  0.005575  -0.032047  -0.004321  0.999227  0.039065  0.032240  -0.038906  0.998723  -0.000332  -0.002937  0.000738  0.258997  0.097826  0.010295  2.000000  
207.826615 0.002699  0.089191  -0.005703  0.999471  0.005587  -0.032045  -0.004321  0.999213  0.039429  0.032240  -0.039270  0.998708  -0.000451  -0.002909  0.000692  0.265092  0.089601  0.010087  2.000000  
207.827851 0.002698  0.089188  -0.005704  0.999471  0.005598  -0.032043  -0.004321  0.999199  0.039793  0.032240  -0.039633  0.998694  -0.000478  -0.002873  0.000573  0.269298  0.085147  0.009959  2.000000  
207.829100 0.002697  0.089184  -0.005706  0.999471  0.005610  -0.032041  -0.004321  0.999184  0.040156  0.032240  -0.039997  0.998680  -0.000536  -0.002861  0.000433  0.273372  0.076154  0.009661  2.000000  
207.830350 0.002696  0.089181  -0.005707  0.999471  0.005622  -0.032039  -0.004321  0.999169  0.040520  0.032240  -0.040360  0.998665  -0.000582  -0.002856  0.000260  0.273400  0.067169  0.009363  2.000000  
207.831602 0.002696  0.089178  -0.005708  0.999475  0.005628  -0.031903  -0.004321  0.999155  0.040883  0.032106  -0.040724  0.998654  -0.000626  -0.002843  0.000087  0.277192  0.058415  0.002141  2.000000  
207.832848 0.002695  0.089175  -0.005709  0.999475  0.005639  -0.031901  -0.004321  0.999140  0.041246  0.032106  -0.041087  0.998640  -0.000665  -0.002815  -0.000131  0.277261  0.049440  0.001830  2.000000  
207.833850 0.002694  0.089172  -0.005710  0.999475  0.005651  -0.031899  -0.004321  0.999125  0.041610  0.032106  -0.041450  0.998625  -0.000671  -0.002804  -0.000274  0.281347  0.044946  0.001677  2.000000  
207.834850 0.002692  0.089170  -0.005710  0.999475  0.005659  -0.031898  -0.004321  0.999114  0.041852  0.032106  -0.041693  0.998615  -0.000737  -0.002768  -0.000424  0.281329  0.040449  0.001519  2.000000  
207.836098 0.002690  0.089166  -0.005711  0.999476  0.005465  -0.031904  -0.004115  0.999100  0.042209  0.032106  -0.042056  0.998599  -0.000803  -0.002731  -0.000574  0.278769  0.035914  -0.005502  2.000000  
207.837102 0.002689  0.089164  -0.005712  0.999476  0.005476  -0.031902  -0.004115  0.999085  0.042573  0.032106  -0.042419  0.998584  -0.000812  -0.002663  -0.000639  0.285175  0.031722  -0.005709  2.000000  
207.838352 0.002687  0.089161  -0.005712  0.999476  0.005488  -0.031900  -0.004115  0.999069  0.042936  0.032106  -0.042783  0.998568  -0.000918  -0.002616  -0.000687  0.286868  0.027006  -0.005824  2.000000  
207.839602 0.002686  0.089158  -0.005713  0.999476  0.005500  -0.031898  -0.004115  0.999054  0.043300  0.032106  -0.043146  0.998553  -0.000940  -0.002541  -0.000718  0.286940  0.022556  -0.005989  2.000000  
207.840854 0.002684  0.089156  -0.005713  0.999476  0.005511  -0.031896  -0.004115  0.999038  0.043664  0.032106  -0.043509  0.998537  -0.000996  -0.002436  -0.000692  0.289006  0.023010  -0.012939  2.000000  
207.841860 0.002683  0.089154  -0.005714  0.999477  0.005313  -0.031904  -0.003910  0.999028  0.043899  0.032106  -0.043752  0.998526  -0.001050  -0.002388  -0.000743  0.288715  0.018788  -0.020016  2.000000  
207.843106 0.002681  0.089152  -0.005716  0.999477  0.005325  -0.031902  -0.003910  0.999012  0.044263  0.032106  -0.044115  0.998510  -0.001093  -0.002288  -0.000751  0.288745  0.014305  -0.020190  2.000000  
207.844350 0.002680  0.089151  -0.005718  0.999477  0.005340  -0.031899  -0.003910  0.998991  0.044748  0.032106  -0.044599  0.998489  -0.001131  -0.002168  -0.000803  0.292976  0.014321  -0.020195  2.000000  
207.845603 0.002679  0.089149  -0.005720  0.999477  0.005352  -0.031897  -0.003910  0.998974  0.045111  0.032106  -0.044963  0.998473  -0.001192  -0.002097  -0.000865  0.294665  0.009753  -0.020209  2.000000  
207.846606 0.002677  0.089147  -0.005722  0.999477  0.005364  -0.031895  -0.003910  0.998958  0.045475  0.032106  -0.045326  0.998456  -0.001239  -0.002030  -0.000960  0.296896  0.009834  -0.020359  2.000000  
207.847850 0.002676  0.089145  -0.005724  0.999482  0.005163  -0.031769  -0.003704  0.998942  0.045831  0.031972  -0.045690  0.998444  -0.001249  -0.001962  -0.001026  0.296728  0.001142  -0.027640  2.000000  
207.849098 0.002673  0.089142  -0.005727  0.999482  0.005175  -0.031768  -0.003704  0.998926  0.046195  0.031972  -0.046053  0.998427  -0.001330  -0.001939  -0.001132  0.296727  -0.003341  -0.027827  2.000000  
207.850102 0.002672  0.089140  -0.005728  0.999482  0.005183  -0.031766  -0.003704  0.998914  0.046437  0.031972  -0.046295  0.998416  -0.001330  -0.001877  -0.001197  0.296706  -0.003334  -0.027826  2.000000  
207.851348 0.002670  0.089138  -0.005731  0.999482  0.005194  -0.031764  -0.003704  0.998897  0.046800  0.031972  -0.046659  0.998399  -0.001327  -0.001831  -0.001284  0.296780  -0.003325  -0.027834  2.000000  
207.852596 0.002667  0.089135  -0.005732  0.999483  0.005000  -0.031772  -0.003498  0.998881  0.047157  0.031972  -0.047022  0.998382  -0.001411  -0.001811  -0.001355  0.298163  -0.007454  -0.034650  2.000000  
207.853611 0.002666  0.089134  -0.005733  0.999483  0.005008  -0.031771  -0.003498  0.998870  0.047400  0.031972  -0.047264  0.998371  -0.001404  -0.001770  -0.001411  0.294059  -0.007442  -0.034646  2.000000  
207.854849 0.002664  0.089132  -0.005735  0.999478  0.005026  -0.031903  -0.003498  0.998853  0.047764  0.032106  -0.047627  0.998349  -0.001424  -0.001756  -0.001521  0.294080  -0.002974  -0.034458  2.000000  
207.856096 0.002661  0.089130  -0.005737  0.999479  0.004836  -0.031910  -0.003292  0.998830  0.048242  0.032106  -0.048111  0.998326  -0.001485  -0.001708  -0.001566  0.298113  -0.002959  -0.034458  2.000000  
207.857096 0.002660  0.089129  -0.005738  0.999479  0.004843  -0.031909  -0.003292  0.998819  0.048484  0.032106  -0.048354  0.998314  -0.001505  -0.001680  -0.001543  0.298128  -0.002951  -0.034461  2.000000  
207.858105 0.002658  0.089128  -0.005739  0.999479  0.004851  -0.031908  -0.003292  0.998807  0.048726  0.032106  -0.048596  0.998302  -0.001570  -0.001630  -0.001559  0.296478  -0.002964  -0.034742  2.000000  
207.859349 0.002656  0.089127  -0.005741  0.999479  0.004863  -0.031906  -0.003292  0.998789  0.049090  0.032106  -0.048959  0.998285  -0.001598  -0.001578  -0.001547  0.296515  -0.002952  -0.034748  2.000000  
207.860351 0.002654  0.089126  -0.005743  0.999480  0.004665  -0.031915  -0.003086  0.998778  0.049325  0.032106  -0.049201  0.998273  -0.001667  -0.001548  -0.001525  0.296305  -0.002634  -0.041659  2.000000  
207.861603 0.002652  0.089125  -0.005744  0.999480  0.004676  -0.031913  -0.003086  0.998760  0.049689  0.032106  -0.049565  0.998255  -0.001667  -0.001471  -0.001487  0.292176  0.001877  -0.041449  2.000000  
207.862606 0.002650  0.089124  -0.005746  0.999480  0.004684  -0.031912  -0.003086  0.998748  0.049931  0.032106  -0.049807  0.998243  -0.001743  -0.001415  -0.001475  0.292153  0.001887  -0.041446  2.000000  
207.863613 0.002649  0.089123  -0.005747  0.999480  0.004486  -0.031921  -0.002881  0.998737  0.050167  0.032106  -0.050049  0.998231  -0.001708  -0.001310  -0.001421  0.289571  0.002195  -0.047962  2.000000  
207.864849 0.002646  0.089122  -0.005749  0.999480  0.004498  -0.031920  -0.002881  0.998718  0.050530  0.032106  -0.050412  0.998212  -0.001738  -0.001259  -0.001409  0.289581  0.002212  -0.047963  2.000000  
207.865850 0.002644  0.089120  -0.005751  0.999485  0.004499  -0.031785  -0.002881  0.998706  0.050772  0.031972  -0.050655  0.998204  -0.001784  -0.001236  -0.001450  0.288130  -0.002568  -0.041660  2.000000  
207.867096 0.002642  0.089118  -0.005753  0.999485  0.004510  -0.031784  -0.002881  0.998688  0.051136  0.031972  -0.051018  0.998186  -0.001795  -0.001219  -0.001458  0.285810  -0.002532  -0.041325  2.000000  
207.868098 0.002640  0.089116  -0.005755  0.999485  0.004518  -0.031782  -0.002881  0.998675  0.051378  0.031972  -0.051260  0.998173  -0.001742  -0.001219  -0.001459  0.284116  -0.002540  -0.041671  2.000000  
207.869351 0.002638  0.089114  -0.005757  0.999485  0.004324  -0.031791  -0.002675  0.998657  0.051735  0.031972  -0.051623  0.998155  -0.001778  -0.001215  -0.001494  0.283862  -0.002197  -0.048576  2.000000  
207.870596 0.002635  0.089111  -0.005759  0.999485  0.004336  -0.031790  -0.002675  0.998638  0.052098  0.031972  -0.051986  0.998136  -0.001790  -0.001274  -0.001532  0.285570  -0.002164  -0.048177  2.000000  
207.871603 0.002634  0.089110  -0.005760  0.999485  0.004343  -0.031789  -0.002675  0.998626  0.052340  0.031972  -0.052228  0.998123  -0.001812  -0.001319  -0.001546  0.281760  -0.002479  -0.041328  2.000000  
207.872846 0.002631  0.089107  -0.005762  0.999485  0.004355  -0.031787  -0.002675  0.998607  0.052704  0.031972  -0.052592  0.998104  -0.001825  -0.001377  -0.001584  0.281818  -0.002465  -0.041337  2.000000  
207.873850 0.002629  0.089106  -0.005764  0.999485  0.004367  -0.031786  -0.002675  0.998587  0.053067  0.031972  -0.052955  0.998085  -0.001822  -0.001420  -0.001529  0.285772  -0.002451  -0.041325  2.000000  
207.874851 0.002627  0.089104  -0.005765  0.999485  0.004374  -0.031785  -0.002675  0.998574  0.053309  0.031972  -0.053197  0.998072  -0.001845  -0.001469  -0.001539  0.279991  -0.002457  -0.041669  2.000000  
207.876100 0.002624  0.089102  -0.005767  0.999485  0.004382  -0.031783  -0.002675  0.998561  0.053552  0.031972  -0.053439  0.998059  -0.001861  -0.001542  -0.001537  0.273626  -0.002424  -0.041324  2.000000  
207.877100 0.002623  0.089101  -0.005769  0.999486  0.004184  -0.031794  -0.002469  0.998549  0.053787  0.031972  -0.053681  0.998046  -0.001893  -0.001568  -0.001563  0.271838  0.002060  -0.041447  2.000000  
207.878348 0.002620  0.089100  -0.005770  0.999486  0.004192  -0.031792  -0.002469  0.998536  0.054030  0.031972  -0.053923  0.998033  -0.001929  -0.001613  -0.001532  0.269587  0.002053  -0.041103  2.000000  
207.879350 0.002618  0.089098  -0.005772  0.999486  0.004200  -0.031791  -0.002469  0.998523  0.054272  0.031972  -0.054165  0.998020  -0.001952  -0.001662  -0.001541  0.269596  0.002063  -0.041104  2.000000  
207.880602 0.002616  0.089096  -0.005773  0.999486  0.004207  -0.031790  -0.002469  0.998510  0.054514  0.031972  -0.054408  0.998007  -0.001936  -0.001634  -0.001493  0.263654  0.002095  -0.041440  2.000000  
207.881603 0.002614  0.089095  -0.005774  0.999486  0.004211  -0.031790  -0.002469  0.998503  0.054635  0.031972  -0.054529  0.998000  -0.001936  -0.001633  -0.001489  0.259795  0.001752  -0.034533  2.000000  
207.882848 0.002611  0.089093  -0.005776  0.999486  0.004219  -0.031789  -0.002469  0.998490  0.054877  0.031972  -0.054771  0.997987  -0.001955  -0.001605  -0.001465  0.255785  0.001763  -0.034541  2.000000  
207.884096 0.002609  0.089091  -0.005777  0.999486  0.004226  -0.031788  -0.002469  0.998477  0.055120  0.031972  -0.055013  0.997974  -0.001953  -0.001572  -0.001382  0.249615  -0.002696  -0.034483  2.000000  
207.885098 0.002607  0.089089  -0.005778  0.999486  0.004234  -0.031787  -0.002469  0.998463  0.055362  0.031972  -0.055255  0.997960  -0.001951  -0.001571  -0.001378  0.249606  -0.002687  -0.034482  2.000000  
207.886349 0.002605  0.089087  -0.005780  0.999486  0.004242  -0.031786  -0.002469  0.998450  0.055604  0.031972  -0.055497  0.997947  -0.001925  -0.001565  -0.001315  0.245761  -0.003032  -0.027630  2.000000  
207.887351 0.002603  0.089084  -0.005781  0.999486  0.004250  -0.031785  -0.002469  0.998436  0.055846  0.031972  -0.055739  0.997933  -0.001932  -0.001585  -0.001272  0.243745  -0.003049  -0.027863  2.000000  
207.888603 0.002601  0.089082  -0.005782  0.999486  0.004261  -0.031783  -0.002469  0.998416  0.056210  0.031972  -0.056102  0.997913  -0.001925  -0.001610  -0.001261  0.245848  -0.003016  -0.027642  2.000000  
207.889603 0.002599  0.089080  -0.005784  0.999486  0.004269  -0.031782  -0.002469  0.998402  0.056452  0.031972  -0.056344  0.997899  -0.001905  -0.001638  -0.001285  0.241934  -0.003369  -0.020783  2.000000  
207.890617 0.002597  0.089079  -0.005785  0.999486  0.004277  -0.031781  -0.002469  0.998389  0.056694  0.031972  -0.056586  0.997886  -0.001864  -0.001634  -0.001254  0.243833  -0.003390  -0.020947  2.000000  
207.891857 0.002595  0.089076  -0.005787  0.999486  0.004288  -0.031780  -0.002469  0.998368  0.057057  0.031972  -0.056950  0.997865  -0.001895  -0.001706  -0.001220  0.243907  -0.003383  -0.020955  2.000000  
207.893104 0.002592  0.089074  -0.005788  0.999486  0.004296  -0.031779  -0.002469  0.998354  0.057300  0.031972  -0.057192  0.997851  -0.001887  -0.001730  -0.001209  0.239836  -0.003377  -0.020956  2.000000  
207.894352 0.002590  0.089073  -0.005790  0.999486  0.004304  -0.031778  -0.002469  0.998340  0.057542  0.031972  -0.057434  0.997837  -0.001864  -0.001680  -0.001200  0.240144  -0.003746  -0.014057  2.000000  
207.895353 0.002588  0.089071  -0.005791  0.999486  0.004311  -0.031776  -0.002469  0.998326  0.057784  0.031972  -0.057676  0.997823  -0.001857  -0.001704  -0.001190  0.236027  0.000750  -0.013812  2.000000  
207.896353 0.002587  0.089070  -0.005792  0.999486  0.004315  -0.031776  -0.002469  0.998319  0.057905  0.031972  -0.057797  0.997816  -0.001833  -0.001654  -0.001180  0.232017  0.000752  -0.013816  2.000000  
207.897605 0.002585  0.089069  -0.005793  0.999486  0.004323  -0.031775  -0.002469  0.998305  0.058147  0.031972  -0.058039  0.997802  -0.001822  -0.001599  -0.001136  0.227838  0.000756  -0.013810  2.000000  
207.898614 0.002583  0.089068  -0.005793  0.999486  0.004327  -0.031774  -0.002469  0.998298  0.058268  0.031972  -0.058160  0.997795  -0.001803  -0.001569  -0.001082  0.223692  0.000758  -0.013805  2.000000  
207.899850 0.002581  0.089067  -0.005793  0.999486  0.004334  -0.031773  -0.002469  0.998284  0.058511  0.031972  -0.058402  0.997781  -0.001762  -0.001490  -0.001019  0.219949  0.000382  -0.006906  2.000000  
207.901104 0.002580  0.089066  -0.005794  0.999486  0.004338  -0.031773  -0.002469  0.998277  0.058632  0.031972  -0.058523  0.997774  -0.001728  -0.001386  -0.000966  0.211760  0.000383  -0.006905  2.000000  
207.902346 0.002578  0.089065  -0.005794  0.999486  0.004346  -0.031772  -0.002469  0.998262  0.058874  0.031972  -0.058765  0.997760  -0.001659  -0.001285  -0.000889  0.210041  0.000382  -0.006849  2.000000  
207.903351 0.002576  0.089064  -0.005795  0.999486  0.004350  -0.031771  -0.002469  0.998255  0.058995  0.031972  -0.058886  0.997753  -0.001645  -0.001226  -0.000840  0.203719  0.000387  -0.006908  2.000000  
207.904606 0.002575  0.089063  -0.005795  0.999486  0.004358  -0.031770  -0.002469  0.998241  0.059237  0.031972  -0.059128  0.997738  -0.001616  -0.001142  -0.000743  0.202019  0.000385  -0.006851  2.000000  
207.905846 0.002574  0.089061  -0.005796  0.999486  0.004365  -0.031769  -0.002469  0.998226  0.059479  0.031972  -0.059370  0.997724  -0.001531  -0.001074  -0.000693  0.197925  0.000387  -0.006849  2.000000  
207.906848 0.002572  0.089060  -0.005797  0.999486  0.004369  -0.031769  -0.002469  0.998219  0.059600  0.031972  -0.059491  0.997717  -0.001498  -0.001047  -0.000672  0.193871  0.000388  -0.006848  2.000000  
207.907853 0.002571  0.089060  -0.005797  0.999486  0.004373  -0.031768  -0.002469  0.998212  0.059721  0.031972  -0.059612  0.997709  -0.001429  -0.000987  -0.000624  0.191597  -0.000000  0.000000  2.000000  
207.909100 0.002570  0.089059  -0.005798  0.999486  0.004381  -0.031767  -0.002469  0.998198  0.059964  0.031972  -0.059854  0.997695  -0.001375  -0.000945  -0.000594  0.191629  0.000000  0.000000  2.000000  
207.910350 0.002569  0.089058  -0.005799  0.999486  0.004385  -0.031766  -0.002469  0.998190  0.060085  0.031972  -0.059975  0.997688  -0.001269  -0.000872  -0.000569  0.187567  0.000000  0.000000  2.000000  
207.911350 0.002568  0.089057  -0.005800  0.999490  0.004384  -0.031632  -0.002469  0.998176  0.060326  0.031839  -0.060218  0.997677  -0.001231  -0.000871  -0.000540  0.190034  -0.004453  -0.000256  2.000000  
207.912602 0.002567  0.089056  -0.005801  0.999489  0.004594  -0.031619  -0.002675  0.998167  0.060454  0.031839  -0.060339  0.997670  -0.001187  -0.000849  -0.000554  0.187744  -0.004888  0.006645  2.000000  
207.913613 0.002566  0.089056  -0.005801  0.999489  0.004597  -0.031618  -0.002675  0.998160  0.060575  0.031839  -0.060460  0.997663  -0.001113  -0.000802  -0.000548  0.183598  -0.004887  0.006642  2.000000  
207.914853 0.002565  0.089056  -0.005802  0.999489  0.004601  -0.031618  -0.002675  0.998153  0.060696  0.031839  -0.060581  0.997655  -0.001055  -0.000768  -0.000552  0.179585  -0.004890  0.006643  2.000000  
207.916096 0.002564  0.089055  -0.005803  0.999489  0.004605  -0.031617  -0.002675  0.998145  0.060817  0.031839  -0.060702  0.997648  -0.001025  -0.000759  -0.000577  0.175560  -0.004892  0.006644  2.000000  
207.917350 0.002564  0.089054  -0.005803  0.999489  0.004609  -0.031617  -0.002675  0.998138  0.060938  0.031839  -0.060823  0.997641  -0.000935  -0.000698  -0.000561  0.170040  -0.004852  0.006587  2.000000  
207.918597 0.002563  0.089054  -0.005803  0.999489  0.004613  -0.031616  -0.002675  0.998131  0.061059  0.031839  -0.060944  0.997633  -0.000890  -0.000662  -0.000532  0.000000  0.000000  0.000000  2.000000  
207.919601 0.002563  0.089054  -0.005802  0.999489  0.004617  -0.031616  -0.002675  0.998123  0.061180  0.031839  -0.061065  0.997626  -0.000827  -0.000610  -0.000493  0.000000  0.000000  0.000000  2.000000  
207.920848 0.002562  0.089053  -0.005803  0.999489  0.004620  -0.031615  -0.002675  0.998116  0.061302  0.031839  -0.061186  0.997618  -0.000755  -0.000519  -0.000453  0.000000  0.000000  0.000000  2.000000  
207.921853 0.002561  0.089053  -0.005803  0.999489  0.004624  -0.031614  -0.002675  0.998108  0.061423  0.031839  -0.061307  0.997611  -0.000737  -0.000489  -0.000398  0.000000  0.000000  0.000000  2.000000  
207.923104 0.002560  0.089052  -0.005803  0.999485  0.004636  -0.031747  -0.002675  0.998101  0.061544  0.031972  -0.061427  0.997599  -0.000719  -0.000459  -0.000345  0.000000  0.000000  0.000000  2.000000  
207.924351 0.002560  0.089052  -0.005803  0.999485  0.004636  -0.031747  -0.002675  0.998101  0.061544  0.031972  -0.061427  0.997599  -0.000649  -0.000431  -0.000295  0.000000  0.000000  0.000000  2.000000  
207.925603 0.002559  0.089051  -0.005803  0.999485  0.004640  -0.031747  -0.002675  0.998093  0.061665  0.031972  -0.061548  0.997592  -0.000651  -0.000420  -0.000256  0.000000  0.000000  0.000000  2.000000  
207.926606 0.002558  0.089051  -0.005804  0.999486  0.004438  -0.031759  -0.002469  0.998087  0.061780  0.031972  -0.061669  0.997584  -0.000623  -0.000425  -0.000230  0.000000  0.000000  0.000000  2.000000  
207.927848 0.002558  0.089050  -0.005804  0.999486  0.004438  -0.031759  -0.002469  0.998087  0.061780  0.031972  -0.061669  0.997584  -0.000624  -0.000425  -0.000230  0.000000  0.000000  0.000000  2.000000  
207.928850 0.002557  0.089050  -0.005805  0.999486  0.004442  -0.031758  -0.002469  0.998079  0.061901  0.031972  -0.061790  0.997577  -0.000577  -0.000373  -0.000251  0.000000  0.000000  0.000000  2.000000  
207.929851 0.002556  0.089049  -0.005806  0.999486  0.004442  -0.031758  -0.002469  0.998079  0.061901  0.031972  -0.061790  0.997577  -0.000600  -0.000422  -0.000260  0.000000  0.000000  0.000000  2.000000  
207.931101 0.002556  0.089049  -0.005806  0.999486  0.004446  -0.031758  -0.002469  0.998072  0.062022  0.031972  -0.061911  0.997569  -0.000579  -0.000404  -0.000244  0.000000  0.000000  0.000000  2.000000  
207.932350 0.002555  0.089048  -0.005807  0.999486  0.004446  -0.031758  -0.002469  0.998072  0.062022  0.031972  -0.061911  0.997569  -0.000610  -0.000430  -0.000264  0.000000  0.000000  0.000000  2.000000  
207.933353 0.002554  0.089047  -0.005807  0.999486  0.004446  -0.031758  -0.002469  0.998072  0.062022  0.031972  -0.061911  0.997569  -0.000589  -0.000458  -0.000288  0.000000  0.000000  0.000000  2.000000  
207.934600 0.002554  0.089047  -0.005807  0.999486  0.004450  -0.031757  -0.002469  0.998064  0.062143  0.031972  -0.062032  0.997562  -0.000580  -0.000450  -0.000283  0.000000  0.000000  0.000000  2.000000  
207.935602 0.002553  0.089046  -0.005806  0.999486  0.004450  -0.031757  -0.002469  0.998064  0.062143  0.031972  -0.062032  0.997562  -0.000595  -0.000478  -0.000243  0.000000  0.000000  0.000000  2.000000  
207.936848 0.002553  0.089046  -0.005806  0.999486  0.004450  -0.031757  -0.002469  0.998064  0.062143  0.031972  -0.062032  0.997562  -0.000578  -0.000494  -0.000229  0.000000  0.000000  0.000000  2.000000  
207.937852 0.002552  0.089045  -0.005806  0.999486  0.004450  -0.031757  -0.002469  0.998064  0.062143  0.031972  -0.062032  0.997562  -0.000557  -0.000476  -0.000213  0.000000  0.000000  0.000000  2.000000  
207.939095 0.002551  0.089044  -0.005806  0.999482  0.004253  -0.031904  -0.002263  0.998065  0.062137  0.032106  -0.062032  0.997558  -0.000584  -0.000514  -0.000185  0.000000  0.000000  0.000000  2.000000  
207.940096 0.002551  0.089044  -0.005805  0.999482  0.004253  -0.031904  -0.002263  0.998065  0.062137  0.032106  -0.062032  0.997558  -0.000572  -0.000504  -0.000088  0.000000  0.000000  0.000000  2.000000  
207.941103 0.002550  0.089044  -0.005804  0.999482  0.004253  -0.031904  -0.002263  0.998065  0.062137  0.032106  -0.062032  0.997558  -0.000564  -0.000483  -0.000036  0.000000  0.000000  0.000000  2.000000  
207.942350 0.002549  0.089043  -0.005804  0.999482  0.004253  -0.031904  -0.002263  0.998065  0.062137  0.032106  -0.062032  0.997558  -0.000577  -0.000478  -0.000002  0.000000  0.000000  0.000000  2.000000  
207.943613 0.002548  0.089042  -0.005804  0.999478  0.004261  -0.032037  -0.002263  0.998065  0.062137  0.032240  -0.062032  0.997553  -0.000588  -0.000518  0.000087  0.000000  0.000000  0.000000  2.000000  
207.944851 0.002548  0.089042  -0.005804  0.999478  0.004261  -0.032037  -0.002263  0.998065  0.062137  0.032240  -0.062032  0.997553  -0.000561  -0.000481  0.000139  0.000000  0.000000  0.000000  2.000000  
207.946099 0.002547  0.089041  -0.005803  0.999478  0.004261  -0.032037  -0.002263  0.998065  0.062137  0.032240  -0.062032  0.997553  -0.000567  -0.000501  0.000183  0.000000  0.000000  0.000000  2.000000  
207.947100 0.002547  0.089041  -0.005803  0.999478  0.004261  -0.032037  -0.002263  0.998065  0.062137  0.032240  -0.062032  0.997553  -0.000580  -0.000497  0.000216  0.000000  0.000000  0.000000  2.000000  
207.948100 0.002546  0.089041  -0.005803  0.999473  0.004269  -0.032171  -0.002263  0.998065  0.062137  0.032374  -0.062032  0.997549  -0.000580  -0.000451  0.000264  0.000000  0.000000  0.000000  2.000000  
207.949100 0.002546  0.089040  -0.005803  0.999473  0.004269  -0.032171  -0.002263  0.998065  0.062137  0.032374  -0.062032  0.997549  -0.000559  -0.000479  0.000240  0.000000  0.000000  0.000000  2.000000  
207.950351 0.002545  0.089040  -0.005802  0.999469  0.004278  -0.032304  -0.002263  0.998065  0.062137  0.032507  -0.062031  0.997545  -0.000528  -0.000453  0.000260  0.000000  0.000000  0.000000  2.000000  
207.951597 0.002545  0.089039  -0.005802  0.999469  0.004278  -0.032304  -0.002263  0.998065  0.062137  0.032507  -0.062031  0.997545  -0.000519  -0.000446  0.000255  0.000000  0.000000  0.000000  2.000000  
207.952603 0.002544  0.089038  -0.005802  0.999465  0.004286  -0.032438  -0.002263  0.998065  0.062138  0.032641  -0.062031  0.997540  -0.000512  -0.000470  0.000266  0.000000  0.000000  0.000000  2.000000  
207.953611 0.002544  0.089038  -0.005801  0.999460  0.004294  -0.032571  -0.002263  0.998065  0.062138  0.032775  -0.062031  0.997536  -0.000496  -0.000427  0.000279  0.000000  0.000000  0.000000  2.000000  
207.954852 0.002544  0.089038  -0.005801  0.999456  0.004303  -0.032704  -0.002263  0.998065  0.062138  0.032909  -0.062031  0.997532  -0.000452  -0.000405  0.000265  0.000000  0.000000  0.000000  2.000000  
207.956098 0.002543  0.089037  -0.005800  0.999451  0.004311  -0.032838  -0.002263  0.998065  0.062139  0.033042  -0.062030  0.997527  -0.000450  -0.000419  0.000305  0.000000  0.000000  0.000000  2.000000  
207.957351 0.002543  0.089037  -0.005799  0.999447  0.004315  -0.032972  -0.002263  0.998072  0.062018  0.033176  -0.061909  0.997530  -0.000401  -0.000394  0.000394  0.000000  0.000000  0.000000  2.000000  
207.958355 0.002543  0.089037  -0.005798  0.999443  0.004324  -0.033105  -0.002263  0.998072  0.062018  0.033310  -0.061909  0.997526  -0.000391  -0.000340  0.000437  0.000000  0.000000  0.000000  2.000000  
207.959613 0.002542  0.089037  -0.005796  0.999434  0.004340  -0.033372  -0.002263  0.998072  0.062019  0.033577  -0.061908  0.997517  -0.000365  -0.000334  0.000501  0.000000  0.000000  0.000000  2.000000  
207.960851 0.002542  0.089037  -0.005796  0.999429  0.004348  -0.033506  -0.002263  0.998072  0.062019  0.033711  -0.061908  0.997512  -0.000386  -0.000306  0.000525  0.000000  0.000000  0.000000  2.000000  
207.962100 0.002541  0.089037  -0.005794  0.999420  0.004365  -0.033773  -0.002263  0.998072  0.062020  0.033978  -0.061907  0.997503  -0.000389  -0.000248  0.000603  0.000000  0.000000  0.000000  2.000000  
207.963100 0.002540  0.089037  -0.005794  0.999415  0.004373  -0.033906  -0.002263  0.998072  0.062020  0.034112  -0.061907  0.997499  -0.000409  -0.000220  0.000626  0.000000  0.000000  0.000000  2.000000  
207.964350 0.002539  0.089038  -0.005792  0.999406  0.004390  -0.034173  -0.002263  0.998072  0.062021  0.034379  -0.061906  0.997490  -0.000405  -0.000159  0.000692  0.000000  0.000000  0.000000  2.000000  
207.965350 0.002538  0.089038  -0.005792  0.999397  0.004406  -0.034440  -0.002263  0.998072  0.062021  0.034647  -0.061906  0.997480  -0.000477  -0.000129  0.000719  0.000000  0.000000  0.000000  2.000000  
207.966606 0.002538  0.089038  -0.005791  0.999387  0.004628  -0.034694  -0.002469  0.998071  0.062029  0.034914  -0.061905  0.997471  -0.000482  -0.000053  0.000764  0.000000  0.000000  0.000000  2.000000  
207.967847 0.002537  0.089038  -0.005790  0.999378  0.004645  -0.034961  -0.002469  0.998071  0.062030  0.035182  -0.061905  0.997462  -0.000515  0.000003  0.000798  0.000000  0.000000  0.000000  2.000000  
207.968848 0.002536  0.089039  -0.005789  0.999368  0.004666  -0.035227  -0.002469  0.998064  0.062151  0.035449  -0.062025  0.997445  -0.000552  0.000056  0.000825  0.000000  0.000000  0.000000  2.000000  
207.970096 0.002535  0.089039  -0.005788  0.999354  0.004691  -0.035628  -0.002469  0.998064  0.062152  0.035850  -0.062024  0.997431  -0.000583  0.000110  0.000858  0.000000  0.000000  0.000000  2.000000  
207.971098 0.002535  0.089039  -0.005787  0.999344  0.004707  -0.035895  -0.002469  0.998064  0.062153  0.036118  -0.062024  0.997421  -0.000583  0.000110  0.000858  0.000000  0.000000  0.000000  2.000000  
207.972101 0.002534  0.089039  -0.005785  0.999330  0.004527  -0.036308  -0.002263  0.998064  0.062147  0.036519  -0.062023  0.997406  -0.000614  0.000140  0.000896  0.000000  0.000000  0.000000  2.000000  
207.973347 0.002533  0.089039  -0.005784  0.999316  0.004552  -0.036708  -0.002263  0.998064  0.062147  0.036920  -0.062022  0.997392  -0.000655  0.000140  0.000885  0.000000  0.000000  0.000000  2.000000  
207.974356 0.002532  0.089040  -0.005783  0.999301  0.004577  -0.037109  -0.002263  0.998064  0.062148  0.037321  -0.062021  0.997377  -0.000674  0.000167  0.000890  0.000000  0.170568  0.010607  2.000000  
207.975603 0.002532  0.089040  -0.005781  0.999281  0.004610  -0.037642  -0.002263  0.998064  0.062150  0.037856  -0.062020  0.997357  -0.000658  0.000197  0.000961  -0.000000  0.188511  0.011722  2.000000  
207.976852 0.002530  0.089040  -0.005780  0.999260  0.004643  -0.038176  -0.002263  0.998064  0.062151  0.038391  -0.062018  0.997336  -0.000706  0.000155  0.001002  0.000000  0.204773  0.012734  2.000000  
207.978100 0.002530  0.089040  -0.005778  0.999240  0.004471  -0.038723  -0.002057  0.998065  0.062144  0.038926  -0.062017  0.997316  -0.000690  0.000186  0.001072  -0.000245  0.218543  0.006719  2.000000  
