1-Time 2-Px 3-Py 4-Pz 5-R11 6-R21 7-R31 8-R12 9-R22 10-R32 11-R13 12-R23 13-R33 14-Vx 15-Vy 16-Vz 17-Wx 18-Wy 19-Wz 20-state 21-PR11 22-PR21 23-PR31 24-PR12 25-PR22 26-PR32 27-PR13 28-PR23 29-PR33 
50.390048 0.004791  0.095298  -0.009752  0.999555  0.028409  -0.009086  -0.028611  0.999328  -0.022915  0.008429  0.023165  0.999696  -0.000565  -0.000094  0.001182  0.000000  0.000000  0.000000  2.000000  
50.391302 0.004790  0.095297  -0.009750  0.999555  0.028409  -0.009086  -0.028611  0.999328  -0.022915  0.008429  0.023165  0.999696  -0.000571  -0.000109  0.001241  0.000000  0.000000  0.000000  2.000000  
50.392547 0.004790  0.095297  -0.009749  0.999549  0.028614  -0.009095  -0.028817  0.999319  -0.023034  0.008429  0.023286  0.999693  -0.000560  -0.000136  0.001236  0.000000  0.000000  0.000000  2.000000  
50.393552 0.004790  0.095296  -0.009747  0.999543  0.028820  -0.009099  -0.029023  0.999313  -0.023033  0.008429  0.023286  0.999693  -0.000516  -0.000174  0.001318  0.000000  0.000000  0.000000  2.000000  
50.394797 0.004790  0.095295  -0.009745  0.999543  0.028820  -0.009099  -0.029023  0.999313  -0.023033  0.008429  0.023286  0.999693  -0.000479  -0.000244  0.001311  0.000000  0.000000  0.000000  2.000000  
50.395802 0.004790  0.095294  -0.009744  0.999543  0.028820  -0.009099  -0.029023  0.999313  -0.023033  0.008429  0.023286  0.999693  -0.000402  -0.000310  0.001331  0.000000  0.000000  0.000000  2.000000  
50.397047 0.004791  0.095293  -0.009742  0.999537  0.029024  -0.009108  -0.029228  0.999305  -0.023152  0.008429  0.023407  0.999690  -0.000320  -0.000369  0.001331  0.000000  0.000000  0.000000  2.000000  
50.398053 0.004791  0.095292  -0.009742  0.999530  0.029227  -0.009246  -0.029434  0.999299  -0.023146  0.008563  0.023407  0.999689  -0.000233  -0.000422  0.001295  0.000000  0.000000  0.000000  2.000000  
50.399308 0.004792  0.095291  -0.009740  0.999524  0.029431  -0.009254  -0.029640  0.999290  -0.023265  0.008563  0.023529  0.999686  -0.000114  -0.000462  0.001300  0.000000  0.000000  0.000000  2.000000  
50.400551 0.004793  0.095290  -0.009740  0.999518  0.029637  -0.009259  -0.029846  0.999284  -0.023263  0.008563  0.023529  0.999686  -0.000041  -0.000541  0.001188  0.000000  0.000000  0.000000  2.000000  
50.401802 0.004793  0.095289  -0.009740  0.999511  0.029839  -0.009401  -0.030052  0.999275  -0.023379  0.008697  0.023650  0.999682  0.000072  -0.000613  0.001104  0.000000  0.000000  0.000000  2.000000  
50.403055 0.004794  0.095288  -0.009740  0.999498  0.030250  -0.009411  -0.030463  0.999263  -0.023375  0.008697  0.023650  0.999682  0.000179  -0.000644  0.000967  0.000000  0.000000  0.000000  2.000000  
50.404055 0.004795  0.095287  -0.009739  0.999492  0.030456  -0.009416  -0.030669  0.999256  -0.023373  0.008697  0.023650  0.999682  0.000259  -0.000688  0.000944  0.000000  0.000000  0.000000  2.000000  
50.405306 0.004794  0.095285  -0.009739  0.999485  0.030660  -0.009424  -0.030875  0.999247  -0.023492  0.008697  0.023771  0.999680  0.000281  -0.000844  0.000800  0.000000  0.000000  0.000000  2.000000  
50.406314 0.004794  0.095284  -0.009740  0.999479  0.030866  -0.009429  -0.031080  0.999241  -0.023490  0.008697  0.023771  0.999680  0.000304  -0.000924  0.000693  0.000000  0.000000  0.000000  2.000000  
50.407549 0.004795  0.095282  -0.009740  0.999471  0.031067  -0.009571  -0.031286  0.999232  -0.023605  0.008831  0.023892  0.999676  0.000331  -0.000985  0.000543  0.000000  0.000000  0.000000  2.000000  
50.408801 0.004795  0.095281  -0.009739  0.999465  0.031272  -0.009580  -0.031492  0.999222  -0.023725  0.008831  0.024014  0.999673  0.000354  -0.001016  0.000517  0.000000  0.000000  0.000000  2.000000  
50.410055 0.004794  0.095279  -0.009738  0.999452  0.031682  -0.009594  -0.031903  0.999207  -0.023842  0.008831  0.024135  0.999670  0.000315  -0.001071  0.000406  0.000000  0.000000  0.000000  2.000000  
50.411303 0.004795  0.095277  -0.009738  0.999445  0.031887  -0.009602  -0.032109  0.999197  -0.023961  0.008831  0.024256  0.999667  0.000347  -0.001123  0.000393  0.000000  0.000000  0.000000  2.000000  
50.412547 0.004795  0.095275  -0.009737  0.999439  0.032090  -0.009615  -0.032315  0.999185  -0.024201  0.008831  0.024499  0.999661  0.000266  -0.001227  0.000343  0.000000  0.000000  0.000000  2.000000  
50.413552 0.004796  0.095273  -0.009736  0.999431  0.032291  -0.009758  -0.032521  0.999175  -0.024316  0.008964  0.024620  0.999657  0.000241  -0.001275  0.000328  0.000000  0.000000  0.000000  2.000000  
50.414554 0.004796  0.095271  -0.009735  0.999424  0.032496  -0.009767  -0.032726  0.999166  -0.024436  0.008964  0.024741  0.999654  0.000207  -0.001323  0.000353  0.000000  0.000000  0.000000  2.000000  
50.415799 0.004796  0.095269  -0.009734  0.999417  0.032700  -0.009776  -0.032932  0.999156  -0.024555  0.008964  0.024862  0.999651  0.000179  -0.001370  0.000380  0.000000  0.000000  0.000000  2.000000  
50.416807 0.004796  0.095267  -0.009734  0.999411  0.032905  -0.009785  -0.033138  0.999146  -0.024674  0.008964  0.024984  0.999648  0.000148  -0.001441  0.000411  0.000000  0.000000  0.000000  2.000000  
50.418052 0.004795  0.095265  -0.009732  0.999404  0.033109  -0.009794  -0.033344  0.999136  -0.024793  0.008964  0.025105  0.999645  0.000047  -0.001558  0.000476  0.000000  0.000000  0.000000  2.000000  
50.419304 0.004794  0.095263  -0.009732  0.999397  0.033314  -0.009803  -0.033549  0.999127  -0.024912  0.008964  0.025226  0.999642  0.000005  -0.001609  0.000499  0.000000  0.000000  0.000000  2.000000  
50.420308 0.004794  0.095261  -0.009731  0.999397  0.033313  -0.009807  -0.033549  0.999124  -0.025033  0.008964  0.025347  0.999639  -0.000052  -0.001652  0.000593  0.000000  0.000000  0.000000  2.000000  
50.421554 0.004792  0.095259  -0.009730  0.999390  0.033516  -0.009820  -0.033755  0.999111  -0.025274  0.008964  0.025590  0.999632  -0.000157  -0.001677  0.000650  -0.080026  0.022198  0.172475  2.000000  
50.422805 0.004792  0.095257  -0.009729  0.999390  0.033515  -0.009824  -0.033755  0.999107  -0.025395  0.008964  0.025711  0.999629  -0.000212  -0.001700  0.000700  0.000000  0.000000  0.000000  2.000000  
50.424054 0.004791  0.095255  -0.009729  0.999383  0.033719  -0.009834  -0.033961  0.999097  -0.025514  0.008964  0.025832  0.999626  -0.000271  -0.001680  0.000697  0.000000  0.000000  0.000000  2.000000  
50.425307 0.004790  0.095253  -0.009727  0.999376  0.033923  -0.009847  -0.034167  0.999084  -0.025754  0.008964  0.026075  0.999620  -0.000320  -0.001675  0.000735  -0.092239  0.022246  0.172437  2.000000  
50.426316 0.004789  0.095252  -0.009726  0.999376  0.033922  -0.009851  -0.034167  0.999081  -0.025876  0.008964  0.026196  0.999617  -0.000421  -0.001662  0.000774  0.000000  0.000000  0.000000  2.000000  
50.427547 0.004789  0.095250  -0.009724  0.999376  0.033920  -0.009855  -0.034167  0.999078  -0.025997  0.008964  0.026317  0.999613  -0.000447  -0.001608  0.000822  0.000000  0.000000  0.000000  2.000000  
50.428552 0.004788  0.095249  -0.009723  0.999369  0.034124  -0.009869  -0.034372  0.999065  -0.026237  0.008964  0.026560  0.999607  -0.000493  -0.001603  0.000858  0.000000  0.000000  0.000000  2.000000  
50.429554 0.004788  0.095249  -0.009721  0.999369  0.034122  -0.009873  -0.034372  0.999061  -0.026358  0.008964  0.026681  0.999604  -0.000512  -0.001504  0.000920  0.000000  0.000000  0.000000  2.000000  
50.430797 0.004787  0.095247  -0.009719  0.999362  0.034326  -0.009887  -0.034578  0.999048  -0.026599  0.008964  0.026924  0.999597  -0.000556  -0.001475  0.001015  0.000000  0.000000  0.000000  2.000000  
50.431802 0.004787  0.095246  -0.009717  0.999362  0.034324  -0.009891  -0.034578  0.999045  -0.026720  0.008964  0.027045  0.999594  -0.000579  -0.001396  0.001120  0.000000  0.000000  0.000000  2.000000  
50.432810 0.004787  0.095246  -0.009714  0.999355  0.034529  -0.009901  -0.034784  0.999034  -0.026839  0.008964  0.027166  0.999591  -0.000569  -0.001313  0.001230  0.000000  0.000000  0.000000  2.000000  
50.434052 0.004786  0.095244  -0.009712  0.999355  0.034527  -0.009909  -0.034784  0.999028  -0.027081  0.008964  0.027409  0.999584  -0.000577  -0.001254  0.001367  0.000000  0.000000  0.000000  2.000000  
50.435307 0.004785  0.095244  -0.009709  0.999355  0.034525  -0.009913  -0.034784  0.999025  -0.027203  0.008964  0.027530  0.999581  -0.000558  -0.001150  0.001458  0.000000  0.000000  0.000000  2.000000  
50.436315 0.004785  0.095243  -0.009708  0.999347  0.034729  -0.009927  -0.034990  0.999011  -0.027443  0.008964  0.027772  0.999574  -0.000528  -0.001089  0.001547  0.000000  0.000000  0.000000  2.000000  
50.437552 0.004784  0.095242  -0.009705  0.999347  0.034727  -0.009931  -0.034990  0.999007  -0.027564  0.008964  0.027894  0.999571  -0.000545  -0.001012  0.001671  0.000000  0.000000  0.000000  2.000000  
50.438580 0.004783  0.095241  -0.009703  0.999340  0.034932  -0.009941  -0.035195  0.998997  -0.027683  0.008964  0.028015  0.999567  -0.000549  -0.000932  0.001689  0.000000  0.000000  0.000000  2.000000  
50.439803 0.004782  0.095241  -0.009701  0.999340  0.034931  -0.009946  -0.035195  0.998994  -0.027804  0.008964  0.028136  0.999564  -0.000529  -0.000839  0.001809  0.000000  0.000000  0.000000  2.000000  
50.441049 0.004782  0.095241  -0.009699  0.999340  0.034928  -0.009954  -0.035195  0.998987  -0.028047  0.008964  0.028379  0.999557  -0.000491  -0.000713  0.001810  0.000000  0.000000  0.000000  2.000000  
50.442299 0.004781  0.095242  -0.009697  0.999333  0.035133  -0.009964  -0.035401  0.998976  -0.028166  0.008964  0.028500  0.999554  -0.000507  -0.000594  0.001827  0.000000  0.000000  0.000000  2.000000  
50.443299 0.004781  0.095242  -0.009695  0.999333  0.035132  -0.009968  -0.035401  0.998973  -0.028287  0.008964  0.028621  0.999550  -0.000512  -0.000508  0.001851  0.000000  0.000000  0.000000  2.000000  
50.444552 0.004780  0.095243  -0.009693  0.999333  0.035130  -0.009973  -0.035401  0.998969  -0.028408  0.008964  0.028742  0.999547  -0.000522  -0.000401  0.001882  0.000000  0.000000  0.000000  2.000000  
50.445800 0.004780  0.095243  -0.009690  0.999326  0.035334  -0.009987  -0.035607  0.998955  -0.028648  0.008964  0.028985  0.999540  -0.000502  -0.000241  0.001872  0.000000  0.000000  0.000000  2.000000  
50.447050 0.004779  0.095244  -0.009688  0.999326  0.035332  -0.009991  -0.035607  0.998952  -0.028770  0.008964  0.029106  0.999536  -0.000521  -0.000116  0.001894  0.000000  0.000000  0.000000  2.000000  
50.448297 0.004779  0.095245  -0.009685  0.999326  0.035330  -0.010000  -0.035607  0.998945  -0.029012  0.008964  0.029348  0.999529  -0.000487  0.000005  0.001907  0.000000  0.000000  0.000000  2.000000  
50.449308 0.004779  0.095246  -0.009682  0.999318  0.035534  -0.010010  -0.035812  0.998934  -0.029131  0.008964  0.029470  0.999525  -0.000453  0.000126  0.001919  0.000000  0.000000  0.000000  2.000000  
50.450314 0.004779  0.095247  -0.009680  0.999318  0.035533  -0.010015  -0.035812  0.998930  -0.029252  0.008964  0.029591  0.999522  -0.000417  0.000229  0.001970  0.000000  0.000000  0.000000  2.000000  
50.451551 0.004779  0.095248  -0.009677  0.999311  0.035738  -0.010025  -0.036018  0.998919  -0.029371  0.008964  0.029712  0.999518  -0.000383  0.000352  0.001984  0.000000  0.000000  0.000000  2.000000  
50.452551 0.004779  0.095248  -0.009675  0.999311  0.035736  -0.010029  -0.036018  0.998916  -0.029493  0.008964  0.029833  0.999515  -0.000337  0.000426  0.002016  0.000000  0.000000  0.000000  2.000000  
50.453554 0.004779  0.095249  -0.009672  0.999311  0.035735  -0.010034  -0.036018  0.998912  -0.029614  0.008964  0.029955  0.999511  -0.000307  0.000528  0.002075  0.000000  0.000000  0.000000  2.000000  
50.454806 0.004779  0.095250  -0.009670  0.999303  0.035938  -0.010048  -0.036224  0.998898  -0.029854  0.008964  0.030197  0.999504  -0.000248  0.000611  0.002101  0.000000  0.000000  0.000000  2.000000  
50.456052 0.004779  0.095251  -0.009667  0.999303  0.035937  -0.010053  -0.036224  0.998894  -0.029975  0.008964  0.030318  0.999500  -0.000188  0.000667  0.002142  0.000000  0.000000  0.000000  2.000000  
50.457052 0.004779  0.095252  -0.009665  0.999296  0.036142  -0.010063  -0.036430  0.998883  -0.030094  0.008964  0.030440  0.999496  -0.000166  0.000717  0.002152  0.000000  0.000000  0.000000  2.000000  
50.458314 0.004779  0.095253  -0.009663  0.999296  0.036140  -0.010068  -0.036430  0.998879  -0.030215  0.008964  0.030561  0.999493  -0.000106  0.000772  0.002190  0.000000  0.000000  0.000000  2.000000  
50.459550 0.004779  0.095254  -0.009661  0.999296  0.036139  -0.010072  -0.036430  0.998876  -0.030337  0.008964  0.030682  0.999489  -0.000101  0.000780  0.002112  0.000000  0.000000  0.000000  2.000000  
50.460552 0.004778  0.095255  -0.009659  0.999288  0.036344  -0.010083  -0.036635  0.998865  -0.030456  0.008964  0.030803  0.999485  -0.000090  0.000790  0.002112  0.000000  0.000000  0.000000  2.000000  
50.461799 0.004778  0.095256  -0.009658  0.999288  0.036342  -0.010087  -0.036635  0.998861  -0.030577  0.008964  0.030925  0.999482  -0.000077  0.000775  0.002043  0.000000  0.000000  0.000000  2.000000  
50.462802 0.004778  0.095256  -0.009656  0.999288  0.036341  -0.010092  -0.036635  0.998857  -0.030698  0.008964  0.031046  0.999478  -0.000042  0.000780  0.001972  0.000000  0.000000  0.000000  2.000000  
50.464053 0.004778  0.095257  -0.009655  0.999281  0.036545  -0.010102  -0.036841  0.998846  -0.030817  0.008964  0.031167  0.999474  -0.000098  0.000733  0.001857  0.000000  0.000000  0.000000  2.000000  
50.465298 0.004777  0.095257  -0.009653  0.999281  0.036544  -0.010107  -0.036841  0.998842  -0.030938  0.008964  0.031288  0.999470  -0.000074  0.000728  0.001790  0.000000  0.000000  0.000000  2.000000  
50.466320 0.004778  0.095258  -0.009651  0.999273  0.036749  -0.010118  -0.037047  0.998831  -0.031057  0.008964  0.031409  0.999466  -0.000055  0.000714  0.001790  0.000000  0.000000  0.000000  2.000000  
50.467572 0.004778  0.095259  -0.009649  0.999273  0.036747  -0.010122  -0.037047  0.998827  -0.031178  0.008964  0.031531  0.999463  -0.000052  0.000659  0.001710  0.000000  0.000000  0.000000  2.000000  
50.468806 0.004778  0.095259  -0.009647  0.999273  0.036746  -0.010126  -0.037047  0.998823  -0.031300  0.008964  0.031652  0.999459  -0.000061  0.000597  0.001638  0.000000  0.000000  0.000000  2.000000  
50.470054 0.004778  0.095259  -0.009644  0.999266  0.036949  -0.010142  -0.037253  0.998808  -0.031540  0.008964  0.031894  0.999451  -0.000071  0.000554  0.001619  0.000000  0.000000  0.000000  2.000000  
50.471304 0.004778  0.095259  -0.009642  0.999266  0.036948  -0.010146  -0.037253  0.998804  -0.031661  0.008964  0.032016  0.999447  -0.000053  0.000500  0.001611  0.000000  0.000000  0.000000  2.000000  
50.472304 0.004778  0.095259  -0.009640  0.999258  0.037153  -0.010157  -0.037458  0.998793  -0.031780  0.008964  0.032137  0.999443  -0.000064  0.000456  0.001591  0.000000  0.000000  0.000000  2.000000  
50.473550 0.004778  0.095260  -0.009638  0.999257  0.037147  -0.010295  -0.037458  0.998789  -0.031896  0.009098  0.032258  0.999438  -0.000050  0.000390  0.001654  0.000000  0.000000  0.000000  2.000000  
50.474551 0.004777  0.095260  -0.009636  0.999249  0.037351  -0.010307  -0.037664  0.998777  -0.032015  0.009098  0.032379  0.999434  -0.000080  0.000363  0.001635  0.000000  0.000000  0.000000  2.000000  
50.475797 0.004777  0.095259  -0.009635  0.999249  0.037350  -0.010311  -0.037664  0.998774  -0.032136  0.009098  0.032501  0.999430  -0.000092  0.000285  0.001606  0.000000  0.000000  0.000000  2.000000  
50.476798 0.004776  0.095260  -0.009633  0.999249  0.037350  -0.010311  -0.037664  0.998774  -0.032136  0.009098  0.032501  0.999430  -0.000125  0.000238  0.001630  0.000000  0.000000  0.000000  2.000000  
50.477798 0.004776  0.095260  -0.009632  0.999241  0.037554  -0.010322  -0.037870  0.998762  -0.032255  0.009098  0.032622  0.999426  -0.000155  0.000211  0.001610  0.000000  0.000000  0.000000  2.000000  
50.478802 0.004775  0.095259  -0.009631  0.999241  0.037553  -0.010327  -0.037870  0.998758  -0.032376  0.009098  0.032743  0.999422  -0.000179  0.000164  0.001626  0.000000  0.000000  0.000000  2.000000  
50.479822 0.004775  0.095259  -0.009630  0.999241  0.037553  -0.010327  -0.037870  0.998758  -0.032376  0.009098  0.032743  0.999422  -0.000188  0.000111  0.001578  0.000000  0.000000  0.000000  2.000000  
50.481047 0.004774  0.095259  -0.009628  0.999233  0.037758  -0.010338  -0.038075  0.998746  -0.032495  0.009098  0.032864  0.999418  -0.000247  0.000109  0.001596  0.000000  0.000000  0.000000  2.000000  
50.482050 0.004773  0.095259  -0.009627  0.999233  0.037756  -0.010343  -0.038075  0.998742  -0.032617  0.009098  0.032985  0.999414  -0.000295  0.000052  0.001521  0.000000  0.000000  0.000000  2.000000  
50.483055 0.004773  0.095259  -0.009625  0.999233  0.037756  -0.010343  -0.038075  0.998742  -0.032617  0.009098  0.032985  0.999414  -0.000360  -0.000002  0.001507  0.000000  0.000000  0.000000  2.000000  
50.484306 0.004772  0.095258  -0.009624  0.999233  0.037755  -0.010347  -0.038075  0.998738  -0.032738  0.009098  0.033107  0.999410  -0.000422  -0.000034  0.001434  0.000000  0.000000  0.000000  2.000000  
50.485552 0.004771  0.095258  -0.009622  0.999226  0.037959  -0.010359  -0.038281  0.998727  -0.032857  0.009098  0.033228  0.999406  -0.000448  -0.000065  0.001403  0.000000  0.000000  0.000000  2.000000  
50.486553 0.004771  0.095258  -0.009621  0.999226  0.037958  -0.010363  -0.038281  0.998723  -0.032978  0.009098  0.033349  0.999402  -0.000482  -0.000089  0.001394  0.000000  0.000000  0.000000  2.000000  
50.487804 0.004770  0.095257  -0.009619  0.999218  0.038164  -0.010370  -0.038487  0.998715  -0.032976  0.009098  0.033349  0.999402  -0.000545  -0.000163  0.001399  0.000000  0.000000  0.000000  2.000000  
50.488804 0.004769  0.095257  -0.009617  0.999218  0.038163  -0.010375  -0.038487  0.998711  -0.033097  0.009098  0.033470  0.999398  -0.000550  -0.000146  0.001378  0.000000  0.000000  0.000000  2.000000  
50.490058 0.004769  0.095257  -0.009615  0.999218  0.038161  -0.010379  -0.038487  0.998707  -0.033218  0.009098  0.033592  0.999394  -0.000550  -0.000146  0.001377  0.000000  0.000000  0.000000  2.000000  
50.491306 0.004768  0.095257  -0.009613  0.999218  0.038160  -0.010384  -0.038487  0.998703  -0.033339  0.009098  0.033713  0.999390  -0.000565  -0.000138  0.001425  0.000000  0.000000  0.000000  2.000000  
50.492553 0.004768  0.095257  -0.009611  0.999210  0.038366  -0.010391  -0.038692  0.998695  -0.033337  0.009098  0.033713  0.999390  -0.000565  -0.000163  0.001457  0.000000  0.000000  0.000000  2.000000  
50.493805 0.004767  0.095257  -0.009609  0.999210  0.038364  -0.010395  -0.038692  0.998691  -0.033458  0.009098  0.033834  0.999386  -0.000535  -0.000135  0.001477  0.000000  0.000000  0.000000  2.000000  
50.494817 0.004766  0.095257  -0.009608  0.999210  0.038363  -0.010400  -0.038692  0.998687  -0.033579  0.009098  0.033955  0.999382  -0.000547  -0.000109  0.001478  0.000000  0.000000  0.000000  2.000000  
50.496047 0.004766  0.095258  -0.009606  0.999210  0.038363  -0.010400  -0.038692  0.998687  -0.033579  0.009098  0.033955  0.999382  -0.000535  -0.000111  0.001443  0.000000  0.000000  0.000000  2.000000  
50.497049 0.004766  0.095258  -0.009604  0.999202  0.038567  -0.010412  -0.038898  0.998675  -0.033698  0.009098  0.034076  0.999378  -0.000487  -0.000054  0.001517  0.000000  0.000000  0.000000  2.000000  
50.498300 0.004765  0.095259  -0.009603  0.999202  0.038567  -0.010412  -0.038898  0.998675  -0.033698  0.009098  0.034076  0.999378  -0.000505  -0.000010  0.001500  0.000000  0.000000  0.000000  2.000000  
50.499311 0.004765  0.095259  -0.009602  0.999202  0.038566  -0.010416  -0.038898  0.998671  -0.033819  0.009098  0.034198  0.999374  -0.000467  0.000036  0.001464  0.000000  0.000000  0.000000  2.000000  
50.500550 0.004764  0.095259  -0.009600  0.999202  0.038566  -0.010416  -0.038898  0.998671  -0.033819  0.009098  0.034198  0.999374  -0.000471  0.000037  0.001475  0.000000  0.000000  0.000000  2.000000  
50.501799 0.004764  0.095259  -0.009599  0.999194  0.038770  -0.010428  -0.039104  0.998659  -0.033938  0.009098  0.034319  0.999370  -0.000456  0.000055  0.001398  0.000000  0.000000  0.000000  2.000000  
50.502801 0.004764  0.095259  -0.009598  0.999194  0.038770  -0.010428  -0.039104  0.998659  -0.033938  0.009098  0.034319  0.999370  -0.000423  0.000102  0.001373  0.000000  0.000000  0.000000  2.000000  
50.504051 0.004763  0.095259  -0.009597  0.999194  0.038769  -0.010433  -0.039104  0.998655  -0.034060  0.009098  0.034440  0.999365  -0.000403  0.000119  0.001283  0.000000  0.000000  0.000000  2.000000  
50.505298 0.004763  0.095259  -0.009595  0.999194  0.038769  -0.010433  -0.039104  0.998655  -0.034060  0.009098  0.034440  0.999365  -0.000358  0.000122  0.001290  0.000000  0.000000  0.000000  2.000000  
50.506314 0.004763  0.095259  -0.009594  0.999194  0.038769  -0.010433  -0.039104  0.998655  -0.034060  0.009098  0.034440  0.999365  -0.000348  0.000141  0.001230  0.000000  0.000000  0.000000  2.000000  
50.507550 0.004763  0.095260  -0.009593  0.999186  0.038974  -0.010444  -0.039310  0.998642  -0.034179  0.009098  0.034561  0.999361  -0.000301  0.000164  0.001197  0.000000  0.000000  0.000000  2.000000  
50.508570 0.004763  0.095260  -0.009592  0.999186  0.038974  -0.010444  -0.039310  0.998642  -0.034179  0.009098  0.034561  0.999361  -0.000282  0.000161  0.001145  0.000000  0.000000  0.000000  2.000000  
50.509799 0.004763  0.095260  -0.009591  0.999186  0.038972  -0.010449  -0.039310  0.998638  -0.034300  0.009098  0.034683  0.999357  -0.000236  0.000184  0.001114  0.000000  0.000000  0.000000  2.000000  
50.510799 0.004763  0.095260  -0.009590  0.999186  0.038972  -0.010449  -0.039310  0.998638  -0.034300  0.009098  0.034683  0.999357  -0.000228  0.000184  0.001096  0.000000  0.000000  0.000000  2.000000  
50.511802 0.004763  0.095261  -0.009589  0.999178  0.039178  -0.010456  -0.039515  0.998630  -0.034298  0.009098  0.034683  0.999357  -0.000204  0.000179  0.001026  0.000000  0.000000  0.000000  2.000000  
50.513047 0.004762  0.095261  -0.009588  0.999178  0.039177  -0.010461  -0.039515  0.998626  -0.034419  0.009098  0.034804  0.999353  -0.000201  0.000176  0.001009  0.000000  0.000000  0.000000  2.000000  
50.514052 0.004763  0.095262  -0.009587  0.999178  0.039177  -0.010461  -0.039515  0.998626  -0.034419  0.009098  0.034804  0.999353  -0.000147  0.000198  0.000960  0.000000  0.000000  0.000000  2.000000  
50.515302 0.004762  0.095262  -0.009586  0.999178  0.039177  -0.010461  -0.039515  0.998626  -0.034419  0.009098  0.034804  0.999353  -0.000147  0.000198  0.000960  0.000000  0.000000  0.000000  2.000000  
50.516317 0.004762  0.095262  -0.009586  0.999178  0.039177  -0.010461  -0.039515  0.998626  -0.034419  0.009098  0.034804  0.999353  -0.000125  0.000196  0.000905  0.000000  0.000000  0.000000  2.000000  
50.517572 0.004762  0.095262  -0.009585  0.999178  0.039177  -0.010461  -0.039515  0.998626  -0.034419  0.009098  0.034804  0.999353  -0.000122  0.000216  0.000860  0.000000  0.000000  0.000000  2.000000  
50.518800 0.004762  0.095262  -0.009585  0.999169  0.039382  -0.010468  -0.039721  0.998618  -0.034417  0.009098  0.034804  0.999353  -0.000108  0.000210  0.000813  0.000000  0.000000  0.000000  2.000000  
50.519803 0.004762  0.095263  -0.009584  0.999169  0.039382  -0.010468  -0.039721  0.998618  -0.034417  0.009098  0.034804  0.999353  -0.000076  0.000262  0.000802  0.000000  0.000000  0.000000  2.000000  
50.521052 0.004762  0.095262  -0.009583  0.999169  0.039382  -0.010468  -0.039721  0.998618  -0.034417  0.009098  0.034804  0.999353  -0.000074  0.000207  0.000722  0.000000  0.000000  0.000000  2.000000  
50.522053 0.004762  0.095262  -0.009583  0.999169  0.039382  -0.010468  -0.039721  0.998618  -0.034417  0.009098  0.034804  0.999353  -0.000092  0.000176  0.000666  0.000000  0.000000  0.000000  2.000000  
50.523054 0.004762  0.095263  -0.009583  0.999169  0.039381  -0.010473  -0.039721  0.998614  -0.034538  0.009098  0.034925  0.999349  -0.000038  0.000199  0.000616  0.000000  0.000000  0.000000  2.000000  
50.524304 0.004762  0.095262  -0.009582  0.999161  0.039586  -0.010480  -0.039927  0.998606  -0.034536  0.009098  0.034925  0.999349  -0.000048  0.000146  0.000570  0.000000  0.000000  0.000000  2.000000  
50.525304 0.004763  0.095263  -0.009582  0.999161  0.039586  -0.010480  -0.039927  0.998606  -0.034536  0.009098  0.034925  0.999349  -0.000005  0.000168  0.000546  0.000000  0.000000  0.000000  2.000000  
50.526313 0.004763  0.095262  -0.009581  0.999161  0.039586  -0.010480  -0.039927  0.998606  -0.034536  0.009098  0.034925  0.999349  -0.000015  0.000118  0.000509  0.000000  0.000000  0.000000  2.000000  
50.527549 0.004763  0.095263  -0.009581  0.999161  0.039586  -0.010480  -0.039927  0.998606  -0.034536  0.009098  0.034925  0.999349  0.000035  0.000119  0.000495  0.000000  0.000000  0.000000  2.000000  
50.528549 0.004763  0.095263  -0.009581  0.999161  0.039586  -0.010480  -0.039927  0.998606  -0.034536  0.009098  0.034925  0.999349  0.000056  0.000094  0.000470  0.000000  0.000000  0.000000  2.000000  
50.529817 0.004764  0.095263  -0.009580  0.999153  0.039792  -0.010487  -0.040132  0.998597  -0.034533  0.009098  0.034925  0.999349  0.000089  0.000068  0.000416  0.000000  0.000000  0.000000  2.000000  
50.531047 0.004763  0.095263  -0.009580  0.999153  0.039792  -0.010487  -0.040132  0.998597  -0.034533  0.009098  0.034925  0.999349  0.000088  0.000067  0.000410  0.000000  0.000000  0.000000  2.000000  
50.532052 0.004764  0.095263  -0.009579  0.999153  0.039792  -0.010487  -0.040132  0.998597  -0.034533  0.009098  0.034925  0.999349  0.000138  0.000069  0.000404  0.000000  0.000000  0.000000  2.000000  
50.533056 0.004764  0.095263  -0.009579  0.999153  0.039793  -0.010482  -0.040132  0.998602  -0.034412  0.009098  0.034804  0.999353  0.000161  0.000046  0.000385  0.000000  0.000000  0.000000  2.000000  
50.534310 0.004764  0.095263  -0.009578  0.999153  0.039793  -0.010482  -0.040132  0.998602  -0.034412  0.009098  0.034804  0.999353  0.000169  0.000023  0.000394  0.000000  0.000000  0.000000  2.000000  
50.535553 0.004765  0.095263  -0.009578  0.999153  0.039793  -0.010482  -0.040132  0.998602  -0.034412  0.009098  0.034804  0.999353  0.000199  0.000051  0.000414  0.000000  0.000000  0.000000  2.000000  
50.536553 0.004765  0.095263  -0.009578  0.999145  0.039999  -0.010489  -0.040338  0.998593  -0.034410  0.009098  0.034804  0.999353  0.000211  0.000048  0.000379  0.000000  0.000000  0.000000  2.000000  
50.537803 0.004765  0.095263  -0.009577  0.999145  0.039999  -0.010489  -0.040338  0.998593  -0.034410  0.009098  0.034804  0.999353  0.000208  0.000028  0.000423  0.000000  0.000000  0.000000  2.000000  
50.539051 0.004766  0.095263  -0.009577  0.999145  0.039999  -0.010489  -0.040338  0.998593  -0.034410  0.009098  0.034804  0.999353  0.000238  0.000074  0.000392  0.000000  0.000000  0.000000  2.000000  
50.540052 0.004766  0.095263  -0.009576  0.999145  0.039999  -0.010489  -0.040338  0.998593  -0.034410  0.009098  0.034804  0.999353  0.000220  0.000025  0.000388  0.000000  0.000000  0.000000  2.000000  
50.541052 0.004767  0.095263  -0.009576  0.999145  0.039999  -0.010489  -0.040338  0.998593  -0.034410  0.009098  0.034804  0.999353  0.000262  0.000051  0.000373  0.000000  0.000000  0.000000  2.000000  
50.542305 0.004767  0.095263  -0.009576  0.999145  0.039999  -0.010489  -0.040338  0.998593  -0.034410  0.009098  0.034804  0.999353  0.000223  0.000046  0.000344  0.000000  0.000000  0.000000  2.000000  
50.543547 0.004767  0.095263  -0.009576  0.999136  0.040205  -0.010496  -0.040544  0.998585  -0.034408  0.009098  0.034804  0.999353  0.000282  0.000045  0.000298  0.000000  0.000000  0.000000  2.000000  
50.544549 0.004768  0.095263  -0.009576  0.999136  0.040205  -0.010496  -0.040544  0.998585  -0.034408  0.009098  0.034804  0.999353  0.000287  0.000046  0.000303  0.000000  0.000000  0.000000  2.000000  
50.545801 0.004768  0.095263  -0.009576  0.999136  0.040206  -0.010492  -0.040544  0.998589  -0.034287  0.009098  0.034683  0.999357  0.000307  0.000020  0.000277  0.000000  0.000000  0.000000  2.000000  
50.546808 0.004768  0.095263  -0.009575  0.999136  0.040206  -0.010492  -0.040544  0.998589  -0.034287  0.009098  0.034683  0.999357  0.000277  -0.000007  0.000257  0.000000  0.000000  0.000000  2.000000  
50.548050 0.004769  0.095263  -0.009575  0.999136  0.040206  -0.010492  -0.040544  0.998589  -0.034287  0.009098  0.034683  0.999357  0.000310  -0.000002  0.000281  0.000000  0.000000  0.000000  2.000000  
50.549075 0.004769  0.095263  -0.009575  0.999136  0.040206  -0.010492  -0.040544  0.998589  -0.034287  0.009098  0.034683  0.999357  0.000288  -0.000010  0.000222  0.000000  0.000000  0.000000  2.000000  
50.550304 0.004769  0.095262  -0.009575  0.999128  0.040411  -0.010499  -0.040749  0.998581  -0.034285  0.009098  0.034683  0.999357  0.000292  -0.000032  0.000227  0.000000  0.000000  0.000000  2.000000  
50.551551 0.004769  0.095262  -0.009575  0.999128  0.040411  -0.010499  -0.040749  0.998581  -0.034285  0.009098  0.034683  0.999357  0.000275  -0.000062  0.000173  0.000000  0.000000  0.000000  2.000000  
50.552573 0.004769  0.095262  -0.009575  0.999128  0.040411  -0.010499  -0.040749  0.998581  -0.034285  0.009098  0.034683  0.999357  0.000252  -0.000070  0.000112  0.000000  0.000000  0.000000  2.000000  
50.553804 0.004769  0.095262  -0.009575  0.999128  0.040411  -0.010499  -0.040749  0.998581  -0.034285  0.009098  0.034683  0.999357  0.000222  -0.000098  0.000092  0.000000  0.000000  0.000000  2.000000  
50.555051 0.004769  0.095262  -0.009575  0.999128  0.040411  -0.010499  -0.040749  0.998581  -0.034285  0.009098  0.034683  0.999357  0.000219  -0.000096  0.000091  0.000000  0.000000  0.000000  2.000000  
50.556316 0.004769  0.095262  -0.009575  0.999120  0.040617  -0.010506  -0.040955  0.998573  -0.034282  0.009098  0.034683  0.999357  0.000183  -0.000103  0.000063  0.000000  0.000000  0.000000  2.000000  
50.557552 0.004769  0.095262  -0.009576  0.999120  0.040617  -0.010506  -0.040955  0.998573  -0.034282  0.009098  0.034683  0.999357  0.000154  -0.000109  -0.000001  0.000000  0.000000  0.000000  2.000000  
50.558554 0.004769  0.095262  -0.009576  0.999120  0.040617  -0.010506  -0.040955  0.998573  -0.034282  0.009098  0.034683  0.999357  0.000145  -0.000108  0.000034  0.000000  0.000000  0.000000  2.000000  
50.559554 0.004769  0.095262  -0.009576  0.999120  0.040617  -0.010506  -0.040955  0.998573  -0.034282  0.009098  0.034683  0.999357  0.000106  -0.000113  0.000005  0.000000  0.000000  0.000000  2.000000  
50.560802 0.004770  0.095261  -0.009575  0.999111  0.040823  -0.010513  -0.041161  0.998564  -0.034280  0.009098  0.034683  0.999357  0.000106  -0.000113  0.000005  0.000000  0.000000  0.000000  2.000000  
50.562052 0.004769  0.095261  -0.009576  0.999111  0.040823  -0.010513  -0.041161  0.998564  -0.034280  0.009098  0.034683  0.999357  0.000049  -0.000148  -0.000079  0.000000  0.000000  0.000000  2.000000  
50.563302 0.004769  0.095261  -0.009576  0.999111  0.040823  -0.010513  -0.041161  0.998564  -0.034280  0.009098  0.034683  0.999357  0.000040  -0.000126  -0.000088  0.000000  0.000000  0.000000  2.000000  
50.564302 0.004769  0.095260  -0.009576  0.999111  0.040823  -0.010513  -0.041161  0.998564  -0.034280  0.009098  0.034683  0.999357  0.000010  -0.000151  -0.000107  0.000000  0.000000  0.000000  2.000000  
50.565547 0.004768  0.095260  -0.009577  0.999111  0.040823  -0.010513  -0.041161  0.998564  -0.034280  0.009098  0.034683  0.999357  -0.000020  -0.000178  -0.000126  0.000000  0.000000  0.000000  2.000000  
50.566552 0.004769  0.095260  -0.009577  0.999103  0.041028  -0.010520  -0.041367  0.998556  -0.034278  0.009098  0.034683  0.999357  -0.000029  -0.000159  -0.000137  0.000000  0.000000  0.000000  2.000000  
50.567804 0.004768  0.095259  -0.009578  0.999103  0.041028  -0.010520  -0.041367  0.998556  -0.034278  0.009098  0.034683  0.999357  -0.000059  -0.000186  -0.000157  0.000000  0.000000  0.000000  2.000000  
50.569050 0.004768  0.095259  -0.009578  0.999103  0.041028  -0.010520  -0.041367  0.998556  -0.034278  0.009098  0.034683  0.999357  -0.000096  -0.000188  -0.000183  0.000000  0.000000  0.000000  2.000000  
50.570051 0.004768  0.095259  -0.009578  0.999103  0.041028  -0.010520  -0.041367  0.998556  -0.034278  0.009098  0.034683  0.999357  -0.000086  -0.000194  -0.000221  0.000000  0.000000  0.000000  2.000000  
50.571054 0.004768  0.095259  -0.009578  0.999094  0.041234  -0.010527  -0.041572  0.998547  -0.034276  0.009098  0.034683  0.999357  -0.000086  -0.000194  -0.000222  0.000000  0.000000  0.000000  2.000000  
50.572303 0.004768  0.095258  -0.009579  0.999094  0.041234  -0.010527  -0.041572  0.998547  -0.034276  0.009098  0.034683  0.999357  -0.000126  -0.000215  -0.000203  0.000000  0.000000  0.000000  2.000000  
50.573304 0.004768  0.095258  -0.009579  0.999094  0.041234  -0.010527  -0.041572  0.998547  -0.034276  0.009098  0.034683  0.999357  -0.000114  -0.000218  -0.000237  0.000000  0.000000  0.000000  2.000000  
50.574307 0.004768  0.095258  -0.009579  0.999094  0.041234  -0.010527  -0.041572  0.998547  -0.034276  0.009098  0.034683  0.999357  -0.000116  -0.000221  -0.000241  0.000000  0.000000  0.000000  2.000000  
50.575552 0.004768  0.095258  -0.009579  0.999085  0.041439  -0.010534  -0.041778  0.998539  -0.034274  0.009098  0.034683  0.999357  -0.000125  -0.000199  -0.000251  0.000000  0.000000  0.000000  2.000000  
50.576799 0.004768  0.095258  -0.009580  0.999085  0.041439  -0.010534  -0.041778  0.998539  -0.034274  0.009098  0.034683  0.999357  -0.000094  -0.000171  -0.000231  0.000000  0.000000  0.000000  2.000000  
50.577801 0.004768  0.095258  -0.009580  0.999085  0.041439  -0.010534  -0.041778  0.998539  -0.034274  0.009098  0.034683  0.999357  -0.000093  -0.000168  -0.000227  0.000000  0.000000  0.000000  2.000000  
50.578812 0.004768  0.095258  -0.009580  0.999085  0.041439  -0.010534  -0.041778  0.998539  -0.034274  0.009098  0.034683  0.999357  -0.000073  -0.000121  -0.000220  0.000000  0.000000  0.000000  2.000000  
50.580054 0.004768  0.095258  -0.009580  0.999085  0.041439  -0.010534  -0.041778  0.998539  -0.034274  0.009098  0.034683  0.999357  -0.000061  -0.000123  -0.000255  0.000000  0.000000  0.000000  2.000000  
50.581054 0.004768  0.095258  -0.009580  0.999077  0.041645  -0.010541  -0.041984  0.998530  -0.034272  0.009098  0.034683  0.999357  -0.000042  -0.000092  -0.000197  0.000000  0.000000  0.000000  2.000000  
50.582055 0.004768  0.095258  -0.009580  0.999077  0.041645  -0.010541  -0.041984  0.998530  -0.034272  0.009098  0.034683  0.999357  -0.000004  -0.000088  -0.000171  0.000000  0.000000  0.000000  2.000000  
50.583311 0.004769  0.095258  -0.009580  0.999077  0.041645  -0.010541  -0.041984  0.998530  -0.034272  0.009098  0.034683  0.999357  0.000039  -0.000063  -0.000186  0.000000  0.000000  0.000000  2.000000  
50.584554 0.004769  0.095258  -0.009580  0.999077  0.041645  -0.010541  -0.041984  0.998530  -0.034272  0.009098  0.034683  0.999357  0.000057  -0.000033  -0.000131  0.000000  0.000000  0.000000  2.000000  
50.585802 0.004769  0.095258  -0.009580  0.999077  0.041645  -0.010541  -0.041984  0.998530  -0.034272  0.009098  0.034683  0.999357  0.000057  -0.000033  -0.000131  0.000000  0.000000  0.000000  2.000000  
50.587051 0.004769  0.095259  -0.009580  0.999068  0.041850  -0.010548  -0.042189  0.998522  -0.034269  0.009098  0.034683  0.999357  0.000109  0.000045  -0.000100  0.000000  0.000000  0.000000  2.000000  
50.588051 0.004770  0.095259  -0.009580  0.999068  0.041852  -0.010543  -0.042189  0.998526  -0.034148  0.009098  0.034561  0.999361  0.000148  0.000069  -0.000114  0.000000  0.000000  0.000000  2.000000  
50.589052 0.004770  0.095259  -0.009580  0.999068  0.041852  -0.010543  -0.042189  0.998526  -0.034148  0.009098  0.034561  0.999361  0.000139  0.000073  -0.000080  0.000000  0.000000  0.000000  2.000000  
50.590308 0.004770  0.095260  -0.009580  0.999068  0.041852  -0.010543  -0.042189  0.998526  -0.034148  0.009098  0.034561  0.999361  0.000160  0.000123  -0.000070  0.000000  0.000000  0.000000  2.000000  
50.591550 0.004770  0.095260  -0.009580  0.999068  0.041852  -0.010543  -0.042189  0.998526  -0.034148  0.009098  0.034561  0.999361  0.000148  0.000126  -0.000035  0.000000  0.000000  0.000000  2.000000  
50.592551 0.004770  0.095261  -0.009580  0.999060  0.042057  -0.010550  -0.042395  0.998517  -0.034146  0.009098  0.034561  0.999361  0.000176  0.000151  -0.000015  0.000000  0.000000  0.000000  2.000000  
50.593552 0.004770  0.095261  -0.009580  0.999058  0.042053  -0.010684  -0.042395  0.998517  -0.034141  0.009232  0.034561  0.999360  0.000179  0.000154  -0.000015  0.000000  0.000000  0.000000  2.000000  
50.594797 0.004771  0.095261  -0.009580  0.999058  0.042053  -0.010684  -0.042395  0.998517  -0.034141  0.009232  0.034561  0.999360  0.000185  0.000203  0.000031  0.000000  0.000000  0.000000  2.000000  
50.595799 0.004771  0.095262  -0.009579  0.999058  0.042053  -0.010684  -0.042395  0.998517  -0.034141  0.009232  0.034561  0.999360  0.000215  0.000230  0.000050  0.000000  0.000000  0.000000  2.000000  
50.597049 0.004771  0.095262  -0.009579  0.999058  0.042053  -0.010684  -0.042395  0.998517  -0.034141  0.009232  0.034561  0.999360  0.000206  0.000252  0.000041  0.000000  0.000000  0.000000  2.000000  
50.598053 0.004772  0.095263  -0.009579  0.999050  0.042258  -0.010691  -0.042601  0.998509  -0.034138  0.009232  0.034561  0.999360  0.000198  0.000275  0.000032  0.000000  0.000000  0.000000  2.000000  
50.599057 0.004772  0.095262  -0.009580  0.999050  0.042258  -0.010691  -0.042601  0.998509  -0.034138  0.009232  0.034561  0.999360  0.000201  0.000279  0.000033  0.000000  0.000000  0.000000  2.000000  
50.600304 0.004772  0.095263  -0.009579  0.999050  0.042258  -0.010691  -0.042601  0.998509  -0.034138  0.009232  0.034561  0.999360  0.000228  0.000302  0.000052  0.000000  0.000000  0.000000  2.000000  
50.601304 0.004773  0.095263  -0.009579  0.999050  0.042258  -0.010691  -0.042601  0.998509  -0.034138  0.009232  0.034561  0.999360  0.000228  0.000302  0.000052  0.000000  0.000000  0.000000  2.000000  
50.602318 0.004773  0.095263  -0.009579  0.999050  0.042258  -0.010691  -0.042601  0.998509  -0.034138  0.009232  0.034561  0.999360  0.000228  0.000287  0.000097  0.000000  0.000000  0.000000  2.000000  
50.603552 0.004773  0.095264  -0.009579  0.999050  0.042258  -0.010691  -0.042601  0.998509  -0.034138  0.009232  0.034561  0.999360  0.000236  0.000280  0.000061  0.000000  0.000000  0.000000  2.000000  
50.604552 0.004774  0.095264  -0.009579  0.999039  0.042459  -0.010831  -0.042806  0.998500  -0.034130  0.009366  0.034561  0.999359  0.000270  0.000312  0.000082  0.000000  0.000000  0.000000  2.000000  
50.605804 0.004774  0.095264  -0.009579  0.999039  0.042458  -0.010836  -0.042806  0.998496  -0.034252  0.009366  0.034682  0.999354  0.000279  0.000289  0.000091  0.000000  0.000000  0.000000  2.000000  
50.607054 0.004775  0.095265  -0.009579  0.999039  0.042458  -0.010836  -0.042806  0.998496  -0.034252  0.009366  0.034682  0.999354  0.000286  0.000282  0.000055  0.000000  0.000000  0.000000  2.000000  
50.608305 0.004775  0.095265  -0.009579  0.999039  0.042458  -0.010836  -0.042806  0.998496  -0.034252  0.009366  0.034682  0.999354  0.000321  0.000314  0.000076  0.000000  0.000000  0.000000  2.000000  
