1-Time 2-Px 3-Py 4-Pz 5-R11 6-R21 7-R31 8-R12 9-R22 10-R32 11-R13 12-R23 13-R33 14-Vx 15-Vy 16-Vz 17-Wx 18-Wy 19-Wz 20-state 21-PR11 22-PR21 23-PR31 24-PR12 25-PR22 26-PR32 27-PR13 28-PR23 29-PR33 
84.535118 0.002763  0.090052  -0.008074  0.997296  0.061369  -0.040434  -0.062085  0.997931  -0.016684  0.039327  0.019149  0.999043  0.000032  -0.000056  -0.000322  0.000000  0.000000  0.000000  2.000000  
84.536121 0.002763  0.090052  -0.008074  0.997283  0.061575  -0.040438  -0.062290  0.997919  -0.016675  0.039327  0.019149  0.999043  0.000032  -0.000057  -0.000327  0.000000  0.000000  0.000000  2.000000  
84.537126 0.002763  0.090050  -0.008075  0.997265  0.061778  -0.040574  -0.062495  0.997906  -0.016659  0.039460  0.019149  0.999038  0.000006  -0.000184  -0.000371  0.000000  0.000000  0.000000  2.000000  
84.538373 0.002762  0.090048  -0.008076  0.997252  0.061983  -0.040578  -0.062701  0.997893  -0.016650  0.039460  0.019149  0.999038  -0.000025  -0.000331  -0.000370  0.000000  0.000000  0.000000  2.000000  
84.539375 0.002762  0.090045  -0.008077  0.997234  0.062181  -0.040722  -0.062906  0.997879  -0.016755  0.039594  0.019270  0.999030  -0.000067  -0.000532  -0.000414  0.000000  0.000000  0.000000  2.000000  
84.540624 0.002762  0.090042  -0.008078  0.997216  0.062384  -0.040859  -0.063110  0.997866  -0.016738  0.039728  0.019270  0.999025  -0.000070  -0.000730  -0.000428  0.000000  0.000000  0.000000  2.000000  
84.541877 0.002762  0.090038  -0.008078  0.997197  0.062587  -0.040996  -0.063315  0.997853  -0.016721  0.039861  0.019270  0.999019  -0.000052  -0.000956  -0.000467  0.000000  0.000000  0.000000  2.000000  
84.543122 0.002762  0.090036  -0.008078  0.997147  0.063198  -0.041273  -0.063931  0.997815  -0.016678  0.040129  0.019269  0.999009  -0.000037  -0.001125  -0.000427  0.000000  0.000000  0.000000  2.000000  
84.544124 0.002763  0.090033  -0.008079  0.997129  0.063401  -0.041410  -0.064136  0.997802  -0.016661  0.040263  0.019269  0.999003  0.000004  -0.001301  -0.000457  0.000000  0.000000  0.000000  2.000000  
84.545372 0.002763  0.090030  -0.008081  0.997078  0.064007  -0.041695  -0.064751  0.997761  -0.016740  0.040530  0.019390  0.998990  0.000009  -0.001537  -0.000595  0.000000  0.000000  0.000000  2.000000  
84.546619 0.002764  0.090026  -0.008084  0.997040  0.064412  -0.041968  -0.065161  0.997735  -0.016705  0.040797  0.019390  0.998979  0.000057  -0.001750  -0.000748  0.000000  0.000000  0.000000  2.000000  
84.547621 0.002764  0.090024  -0.008087  0.997022  0.064615  -0.042105  -0.065365  0.997722  -0.016688  0.040931  0.019390  0.998974  0.000069  -0.001888  -0.000896  0.000000  0.000000  0.000000  2.000000  
84.548877 0.002764  0.090021  -0.008089  0.996984  0.065021  -0.042379  -0.065775  0.997696  -0.016653  0.041198  0.019390  0.998963  0.000066  -0.002098  -0.001044  0.000000  0.000000  0.000000  2.000000  
84.550119 0.002764  0.090016  -0.008093  0.996932  0.065627  -0.042664  -0.066390  0.997653  -0.016730  0.041466  0.019511  0.998949  0.000049  -0.002442  -0.001272  0.000000  0.000000  0.000000  2.000000  
84.551120 0.002764  0.090012  -0.008096  0.996907  0.065827  -0.042934  -0.066595  0.997640  -0.016703  0.041733  0.019511  0.998938  0.000034  -0.002662  -0.001439  0.000000  0.000000  0.000000  2.000000  
84.552124 0.002763  0.090007  -0.008099  0.996874  0.066230  -0.043082  -0.067005  0.997611  -0.016797  0.041867  0.019632  0.998930  0.000043  -0.002873  -0.001619  0.000000  0.000000  0.000000  2.000000  
84.553125 0.002764  0.090003  -0.008101  0.996849  0.066430  -0.043352  -0.067209  0.997598  -0.016771  0.042134  0.019631  0.998919  0.000112  -0.002978  -0.001682  -0.009260  0.097755  0.170944  2.000000  
84.554126 0.002764  0.089999  -0.008103  0.996810  0.066830  -0.043634  -0.067619  0.997569  -0.016856  0.042401  0.019752  0.998905  0.000162  -0.003106  -0.001750  -0.012747  0.107021  0.184578  2.000000  
84.555374 0.002764  0.089992  -0.008105  0.996785  0.067030  -0.043904  -0.067823  0.997555  -0.016829  0.042669  0.019752  0.998894  0.000162  -0.003363  -0.001844  -0.012439  0.116153  0.191324  2.000000  
84.556624 0.002765  0.089985  -0.008107  0.996745  0.067430  -0.044186  -0.068233  0.997526  -0.016913  0.042936  0.019873  0.998880  0.000213  -0.003621  -0.001943  -0.015923  0.125445  0.204995  2.000000  
84.557887 0.002767  0.089978  -0.008108  0.996700  0.067828  -0.044601  -0.068642  0.997497  -0.016988  0.043337  0.019994  0.998860  0.000330  -0.003923  -0.002024  -0.019375  0.139139  0.218424  2.000000  
84.559124 0.002769  0.089970  -0.008110  0.996674  0.068022  -0.044880  -0.068847  0.997481  -0.017082  0.043605  0.020115  0.998846  0.000415  -0.004202  -0.002051  -0.023142  0.148331  0.225230  2.000000  
84.560374 0.002771  0.089963  -0.008111  0.996648  0.068217  -0.045158  -0.069051  0.997465  -0.017175  0.043872  0.020236  0.998832  0.000495  -0.004498  -0.002030  -0.026900  0.157472  0.231954  2.000000  
84.561375 0.002773  0.089956  -0.008113  0.996622  0.068417  -0.045428  -0.069255  0.997452  -0.017147  0.044139  0.020235  0.998820  0.000624  -0.004738  -0.001936  -0.026579  0.166595  0.238681  2.000000  
84.562625 0.002775  0.089949  -0.008115  0.996596  0.068611  -0.045707  -0.069460  0.997436  -0.017240  0.044407  0.020356  0.998806  0.000803  -0.005062  -0.001883  -0.030334  0.175744  0.245413  2.000000  
84.563625 0.002777  0.089942  -0.008117  0.996576  0.068808  -0.045852  -0.069664  0.997420  -0.017343  0.044540  0.020477  0.998798  0.000890  -0.005380  -0.001852  -0.034099  0.180368  0.252190  2.000000  
84.564873 0.002778  0.089933  -0.008118  0.996564  0.068797  -0.046127  -0.069664  0.997418  -0.017445  0.044808  0.020598  0.998783  0.001006  -0.005615  -0.001723  -0.037838  0.187871  0.250001  2.000000  
84.565877 0.002780  0.089926  -0.008120  0.996543  0.068989  -0.046280  -0.069868  0.997400  -0.017668  0.044941  0.020840  0.998772  0.001083  -0.005853  -0.001623  -0.045619  0.192500  0.256746  2.000000  
84.567122 0.002781  0.089917  -0.008121  0.996537  0.068980  -0.046422  -0.069868  0.997398  -0.017780  0.045075  0.020962  0.998764  0.001180  -0.005993  -0.001470  -0.050214  0.192263  0.243052  2.000000  
84.568370 0.002782  0.089908  -0.008122  0.996531  0.068972  -0.046564  -0.069868  0.997396  -0.017891  0.045209  0.021083  0.998755  0.001264  -0.006253  -0.001363  -0.054530  0.196593  0.236086  2.000000  
84.569372 0.002783  0.089901  -0.008123  0.996517  0.069171  -0.046576  -0.070073  0.997379  -0.018003  0.045209  0.021204  0.998753  0.001279  -0.006418  -0.001323  -0.054512  0.192158  0.236147  2.000000  
84.570377 0.002783  0.089894  -0.008123  0.996511  0.069163  -0.046718  -0.070072  0.997377  -0.018114  0.045342  0.021325  0.998744  0.001326  -0.006550  -0.001197  -0.059298  0.193609  0.231159  2.000000  
84.571624 0.002785  0.089885  -0.008123  0.996511  0.069157  -0.046726  -0.070072  0.997375  -0.018235  0.045342  0.021446  0.998741  0.001304  -0.006640  -0.001088  -0.063668  0.189025  0.224374  2.000000  
84.572624 0.002786  0.089878  -0.008123  0.996505  0.069149  -0.046868  -0.070072  0.997373  -0.018347  0.045476  0.021567  0.998733  0.001250  -0.006751  -0.001032  -0.068279  0.184225  0.210586  2.000000  
84.573876 0.002786  0.089869  -0.008123  0.996499  0.069134  -0.047018  -0.070071  0.997369  -0.018579  0.045610  0.021809  0.998721  0.001177  -0.006873  -0.000969  -0.076363  0.182449  0.195117  2.000000  
84.575124 0.002786  0.089860  -0.008122  0.996499  0.069129  -0.047026  -0.070071  0.997367  -0.018700  0.045610  0.021930  0.998719  0.001055  -0.006962  -0.000736  -0.077866  0.174571  0.176169  2.000000  
84.576374 0.002786  0.089851  -0.008121  0.996499  0.069123  -0.047034  -0.070071  0.997364  -0.018821  0.045610  0.022051  0.998716  0.000908  -0.007020  -0.000528  0.000000  0.000000  0.000000  2.000000  
84.577374 0.002786  0.089844  -0.008119  0.996499  0.069117  -0.047043  -0.070071  0.997362  -0.018942  0.045610  0.022172  0.998713  0.000738  -0.007136  -0.000272  0.000000  0.000000  0.000000  2.000000  
84.578624 0.002786  0.089835  -0.008117  0.996499  0.069106  -0.047060  -0.070071  0.997357  -0.019184  0.045610  0.022415  0.998708  0.000607  -0.007138  -0.000027  0.000000  0.000000  0.000000  2.000000  
84.579870 0.002785  0.089825  -0.008115  0.996499  0.069100  -0.047068  -0.070071  0.997355  -0.019305  0.045610  0.022536  0.998705  0.000429  -0.007235  0.000208  0.000000  0.000000  0.000000  2.000000  
84.580877 0.002784  0.089817  -0.008114  0.996499  0.069094  -0.047076  -0.070071  0.997353  -0.019426  0.045610  0.022657  0.998702  0.000271  -0.007259  0.000431  0.000000  0.000000  0.000000  2.000000  
84.582129 0.002782  0.089806  -0.008112  0.996484  0.069288  -0.047097  -0.070277  0.997334  -0.019659  0.045610  0.022899  0.998697  0.000028  -0.007405  0.000631  0.000000  0.000000  0.000000  2.000000  
84.583373 0.002780  0.089796  -0.008111  0.996490  0.069286  -0.046972  -0.070277  0.997331  -0.019789  0.045476  0.023021  0.998700  -0.000181  -0.007466  0.000752  0.000000  0.000000  0.000000  2.000000  
84.584619 0.002778  0.089787  -0.008110  0.996490  0.069280  -0.046981  -0.070277  0.997329  -0.019910  0.045476  0.023142  0.998697  -0.000321  -0.007527  0.000839  0.000000  0.000000  0.000000  2.000000  
84.585626 0.002777  0.089779  -0.008110  0.996490  0.069274  -0.046989  -0.070277  0.997326  -0.020031  0.045476  0.023263  0.998695  -0.000487  -0.007554  0.000895  0.000000  0.000000  0.000000  2.000000  
84.586874 0.002775  0.089769  -0.008110  0.996490  0.069269  -0.046998  -0.070277  0.997324  -0.020152  0.045476  0.023384  0.998692  -0.000648  -0.007610  0.000915  0.000000  0.000000  0.000000  2.000000  
84.587887 0.002774  0.089761  -0.008110  0.996496  0.069272  -0.046864  -0.070277  0.997324  -0.020161  0.045342  0.023384  0.998698  -0.000829  -0.007678  0.000926  0.000000  0.000000  0.000000  2.000000  
84.589125 0.002772  0.089751  -0.008109  0.996496  0.069266  -0.046873  -0.070277  0.997321  -0.020282  0.045342  0.023505  0.998695  -0.000995  -0.007734  0.000898  0.000000  0.000000  0.000000  2.000000  
84.590373 0.002769  0.089742  -0.008109  0.996482  0.069466  -0.046885  -0.070483  0.997305  -0.020394  0.045342  0.023626  0.998692  -0.001143  -0.007776  0.000876  0.000000  0.000000  0.000000  2.000000  
84.591622 0.002768  0.089732  -0.008108  0.996482  0.069460  -0.046894  -0.070483  0.997302  -0.020515  0.045342  0.023748  0.998689  -0.001263  -0.007801  0.000833  0.000000  0.000000  0.000000  2.000000  
84.592872 0.002766  0.089722  -0.008107  0.996482  0.069454  -0.046902  -0.070483  0.997300  -0.020635  0.045342  0.023869  0.998686  -0.001387  -0.007911  0.000757  0.000000  0.000000  0.000000  2.000000  
84.593878 0.002764  0.089714  -0.008107  0.996482  0.069454  -0.046902  -0.070483  0.997300  -0.020635  0.045342  0.023869  0.998686  -0.001461  -0.007924  0.000620  0.000000  0.000000  0.000000  2.000000  
84.594889 0.002762  0.089705  -0.008107  0.996482  0.069449  -0.046911  -0.070483  0.997297  -0.020756  0.045342  0.023990  0.998683  -0.001497  -0.007977  0.000511  0.000000  0.000000  0.000000  2.000000  
84.596122 0.002760  0.089694  -0.008107  0.996482  0.069443  -0.046919  -0.070483  0.997295  -0.020877  0.045342  0.024111  0.998681  -0.001542  -0.008059  0.000397  0.000000  0.000000  0.000000  2.000000  
84.597125 0.002759  0.089685  -0.008107  0.996467  0.069643  -0.046932  -0.070688  0.997278  -0.020989  0.045342  0.024232  0.998678  -0.001525  -0.008043  0.000319  0.000000  0.000000  0.000000  2.000000  
84.598370 0.002758  0.089675  -0.008107  0.996461  0.069634  -0.047073  -0.070687  0.997275  -0.021100  0.045476  0.024353  0.998669  -0.001492  -0.008074  0.000261  0.000000  0.000000  0.000000  2.000000  
84.599376 0.002757  0.089667  -0.008107  0.996461  0.069628  -0.047082  -0.070687  0.997273  -0.021221  0.045476  0.024474  0.998666  -0.001452  -0.008089  0.000205  0.000000  0.000000  0.000000  2.000000  
84.600625 0.002756  0.089657  -0.008108  0.996461  0.069628  -0.047082  -0.070687  0.997273  -0.021221  0.045476  0.024474  0.998666  -0.001419  -0.008159  0.000154  0.000000  0.000000  0.000000  2.000000  
84.601873 0.002755  0.089647  -0.008108  0.996461  0.069622  -0.047090  -0.070687  0.997270  -0.021342  0.045476  0.024595  0.998663  -0.001313  -0.008142  0.000100  0.000000  0.000000  0.000000  2.000000  
84.602886 0.002755  0.089639  -0.008109  0.996461  0.069616  -0.047099  -0.070687  0.997268  -0.021463  0.045476  0.024716  0.998660  -0.001250  -0.008148  0.000061  0.000000  0.000000  0.000000  2.000000  
84.604126 0.002754  0.089629  -0.008109  0.996441  0.069818  -0.047236  -0.070892  0.997253  -0.021444  0.045610  0.024716  0.998654  -0.001167  -0.008167  0.000032  0.000000  0.000000  0.000000  2.000000  
84.605374 0.002753  0.089619  -0.008110  0.996441  0.069818  -0.047236  -0.070892  0.997253  -0.021444  0.045610  0.024716  0.998654  -0.001101  -0.008230  -0.000087  0.000000  0.000000  0.000000  2.000000  
84.606624 0.002752  0.089608  -0.008111  0.996441  0.069813  -0.047245  -0.070892  0.997251  -0.021565  0.045610  0.024837  0.998651  -0.001004  -0.008269  -0.000186  0.000000  0.000000  0.000000  2.000000  
84.607887 0.002751  0.089597  -0.008112  0.996441  0.069813  -0.047245  -0.070892  0.997251  -0.021565  0.045610  0.024837  0.998651  -0.000931  -0.008304  -0.000350  0.000000  0.000000  0.000000  2.000000  
84.609122 0.002751  0.089586  -0.008113  0.996426  0.070018  -0.047249  -0.071097  0.997236  -0.021555  0.045610  0.024837  0.998651  -0.000864  -0.008353  -0.000407  0.000000  0.000000  0.000000  2.000000  
84.610124 0.002750  0.089577  -0.008113  0.996426  0.070018  -0.047249  -0.071097  0.997236  -0.021555  0.045610  0.024837  0.998651  -0.000795  -0.008345  -0.000420  0.000000  0.000000  0.000000  2.000000  
84.611127 0.002749  0.089569  -0.008114  0.996426  0.070012  -0.047258  -0.071097  0.997234  -0.021676  0.045610  0.024959  0.998648  -0.000700  -0.008324  -0.000440  0.000000  0.000000  0.000000  2.000000  
84.612371 0.002748  0.089558  -0.008114  0.996411  0.070218  -0.047262  -0.071302  0.997219  -0.021666  0.045610  0.024959  0.998648  -0.000692  -0.008388  -0.000446  0.000000  0.000000  0.000000  2.000000  
84.613628 0.002748  0.089548  -0.008113  0.996411  0.070218  -0.047262  -0.071302  0.997219  -0.021666  0.045610  0.024959  0.998648  -0.000602  -0.008351  -0.000405  0.000000  0.000000  0.000000  2.000000  
84.614874 0.002749  0.089538  -0.008113  0.996391  0.070420  -0.047400  -0.071507  0.997205  -0.021647  0.045743  0.024958  0.998641  -0.000527  -0.008384  -0.000363  0.000000  0.000000  0.000000  2.000000  
84.615879 0.002748  0.089530  -0.008112  0.996391  0.070420  -0.047400  -0.071507  0.997205  -0.021647  0.045743  0.024958  0.998641  -0.000478  -0.008369  -0.000305  0.000000  0.000000  0.000000  2.000000  
84.617125 0.002748  0.089519  -0.008112  0.996376  0.070625  -0.047404  -0.071712  0.997191  -0.021637  0.045743  0.024958  0.998641  -0.000487  -0.008437  -0.000280  0.000000  0.000000  0.000000  2.000000  
84.618370 0.002748  0.089508  -0.008111  0.996376  0.070625  -0.047404  -0.071712  0.997191  -0.021637  0.045743  0.024958  0.998641  -0.000416  -0.008447  -0.000177  0.000000  0.000000  0.000000  2.000000  
84.619623 0.002748  0.089497  -0.008111  0.996361  0.070830  -0.047409  -0.071917  0.997176  -0.021628  0.045743  0.024958  0.998641  -0.000413  -0.008539  -0.000135  0.000000  0.000000  0.000000  2.000000  
84.620627 0.002747  0.089488  -0.008111  0.996361  0.070830  -0.047409  -0.071917  0.997176  -0.021628  0.045743  0.024958  0.998641  -0.000383  -0.008586  -0.000083  0.000000  0.000000  0.000000  2.000000  
84.621878 0.002747  0.089477  -0.008112  0.996346  0.071035  -0.047413  -0.072122  0.997161  -0.021618  0.045743  0.024958  0.998641  -0.000338  -0.008608  -0.000044  0.000000  0.000000  0.000000  2.000000  
84.622879 0.002746  0.089467  -0.008112  0.996346  0.071035  -0.047413  -0.072122  0.997161  -0.021618  0.045743  0.024958  0.998641  -0.000328  -0.008680  0.000020  0.000000  0.000000  0.000000  2.000000  
84.624124 0.002746  0.089455  -0.008112  0.996346  0.071035  -0.047413  -0.072122  0.997161  -0.021618  0.045743  0.024958  0.998641  -0.000292  -0.008743  0.000085  0.000000  0.000000  0.000000  2.000000  
84.625124 0.002745  0.089445  -0.008111  0.996331  0.071246  -0.047409  -0.072327  0.997149  -0.021487  0.045743  0.024837  0.998644  -0.000303  -0.008785  0.000175  0.000000  0.000000  0.000000  2.000000  
84.626374 0.002745  0.089433  -0.008112  0.996331  0.071246  -0.047409  -0.072327  0.997149  -0.021487  0.045743  0.024837  0.998644  -0.000274  -0.008888  0.000145  0.000000  0.000000  0.000000  2.000000  
84.627623 0.002744  0.089421  -0.008111  0.996317  0.071452  -0.047414  -0.072533  0.997135  -0.021477  0.045743  0.024837  0.998644  -0.000331  -0.009040  0.000153  0.000000  0.000000  0.000000  2.000000  
84.628624 0.002744  0.089412  -0.008112  0.996317  0.071458  -0.047405  -0.072533  0.997137  -0.021356  0.045743  0.024716  0.998647  -0.000316  -0.009090  0.000103  0.000000  0.000000  0.000000  2.000000  
84.629625 0.002743  0.089402  -0.008113  0.996317  0.071458  -0.047405  -0.072533  0.997137  -0.021356  0.045743  0.024716  0.998647  -0.000363  -0.009199  0.000020  0.000000  0.000000  0.000000  2.000000  
84.630880 0.002742  0.089389  -0.008114  0.996302  0.071663  -0.047409  -0.072738  0.997123  -0.021347  0.045743  0.024716  0.998647  -0.000408  -0.009356  -0.000078  0.000000  0.000000  0.000000  2.000000  
84.632124 0.002742  0.089377  -0.008115  0.996302  0.071663  -0.047409  -0.072738  0.997123  -0.021347  0.045743  0.024716  0.998647  -0.000434  -0.009482  -0.000187  0.000000  0.000000  0.000000  2.000000  
84.633125 0.002741  0.089366  -0.008116  0.996302  0.071669  -0.047401  -0.072738  0.997125  -0.021226  0.045743  0.024595  0.998650  -0.000507  -0.009647  -0.000283  0.000000  0.000000  0.000000  2.000000  
84.634370 0.002740  0.089353  -0.008117  0.996302  0.071669  -0.047401  -0.072738  0.997125  -0.021226  0.045743  0.024595  0.998650  -0.000529  -0.009761  -0.000372  0.000000  0.000000  0.000000  2.000000  
84.635373 0.002739  0.089342  -0.008117  0.996287  0.071874  -0.047405  -0.072943  0.997110  -0.021216  0.045743  0.024595  0.998650  -0.000590  -0.009866  -0.000373  0.000000  0.000000  0.000000  2.000000  
84.636374 0.002738  0.089331  -0.008118  0.996287  0.071874  -0.047405  -0.072943  0.997110  -0.021216  0.045743  0.024595  0.998650  -0.000655  -0.009993  -0.000445  0.000000  0.000000  0.000000  2.000000  
84.637376 0.002736  0.089320  -0.008119  0.996287  0.071874  -0.047405  -0.072943  0.997110  -0.021216  0.045743  0.024595  0.998650  -0.000702  -0.010093  -0.000464  0.000000  0.000000  0.000000  2.000000  
84.638624 0.002735  0.089307  -0.008120  0.996287  0.071874  -0.047405  -0.072943  0.997110  -0.021216  0.045743  0.024595  0.998650  -0.000756  -0.010223  -0.000556  0.000000  0.000000  0.000000  2.000000  
84.639877 0.002733  0.089293  -0.008122  0.996287  0.071874  -0.047405  -0.072943  0.997110  -0.021216  0.045743  0.024595  0.998650  -0.000796  -0.010357  -0.000698  0.000000  0.000000  0.000000  2.000000  
84.640880 0.002732  0.089281  -0.008123  0.996287  0.071874  -0.047405  -0.072943  0.997110  -0.021216  0.045743  0.024595  0.998650  -0.000901  -0.010487  -0.000801  0.000000  0.000000  0.000000  2.000000  
84.642123 0.002730  0.089266  -0.008125  0.996287  0.071874  -0.047405  -0.072943  0.997110  -0.021216  0.045743  0.024595  0.998650  -0.000986  -0.010651  -0.000928  0.000000  0.000000  0.000000  2.000000  
84.643374 0.002727  0.089252  -0.008128  0.996272  0.072079  -0.047409  -0.073148  0.997096  -0.021206  0.045743  0.024595  0.998650  -0.001102  -0.010836  -0.001075  0.000000  0.000000  0.000000  2.000000  
84.644624 0.002726  0.089238  -0.008130  0.996272  0.072079  -0.047409  -0.073148  0.997096  -0.021206  0.045743  0.024595  0.998650  -0.001167  -0.010934  -0.001163  0.000000  0.000000  0.000000  2.000000  
84.645879 0.002723  0.089223  -0.008133  0.996272  0.072079  -0.047409  -0.073148  0.997096  -0.021206  0.045743  0.024595  0.998650  -0.001270  -0.011064  -0.001264  0.000000  0.000000  0.000000  2.000000  
84.647123 0.002721  0.089208  -0.008135  0.996272  0.072079  -0.047409  -0.073148  0.997096  -0.021206  0.045743  0.024595  0.998650  -0.001366  -0.011218  -0.001355  0.000000  0.000000  0.000000  2.000000  
84.648369 0.002719  0.089194  -0.008137  0.996272  0.072079  -0.047409  -0.073148  0.997096  -0.021206  0.045743  0.024595  0.998650  -0.001447  -0.011300  -0.001447  0.000000  0.000000  0.000000  2.000000  
84.649372 0.002717  0.089182  -0.008139  0.996272  0.072079  -0.047409  -0.073148  0.997096  -0.021206  0.045743  0.024595  0.998650  -0.001526  -0.011442  -0.001520  0.000000  0.000000  0.000000  2.000000  
84.650374 0.002715  0.089170  -0.008141  0.996272  0.072079  -0.047409  -0.073148  0.997096  -0.021206  0.045743  0.024595  0.998650  -0.001621  -0.011522  -0.001578  0.000000  0.000000  0.000000  2.000000  
84.651625 0.002712  0.089154  -0.008144  0.996272  0.072079  -0.047409  -0.073148  0.997096  -0.021206  0.045743  0.024595  0.998650  -0.001713  -0.011656  -0.001716  0.000000  0.000000  0.000000  2.000000  
84.652870 0.002709  0.089139  -0.008146  0.996272  0.072079  -0.047409  -0.073148  0.997096  -0.021206  0.045743  0.024595  0.998650  -0.001783  -0.011751  -0.001760  0.000000  0.000000  0.000000  2.000000  
84.653880 0.002707  0.089126  -0.008148  0.996272  0.072079  -0.047409  -0.073148  0.997096  -0.021206  0.045743  0.024595  0.998650  -0.001817  -0.011847  -0.001812  0.000000  0.000000  0.000000  2.000000  
84.654883 0.002705  0.089114  -0.008149  0.996256  0.072284  -0.047414  -0.073353  0.997081  -0.021196  0.045743  0.024595  0.998650  -0.001866  -0.011882  -0.001835  0.000000  0.000000  0.000000  2.000000  
84.656125 0.002702  0.089099  -0.008151  0.996256  0.072284  -0.047414  -0.073353  0.997081  -0.021196  0.045743  0.024595  0.998650  -0.001923  -0.011966  -0.001865  0.000000  0.000000  0.000000  2.000000  
84.657374 0.002700  0.089083  -0.008153  0.996256  0.072284  -0.047414  -0.073353  0.997081  -0.021196  0.045743  0.024595  0.998650  -0.001952  -0.012038  -0.001829  0.000000  0.000000  0.000000  2.000000  
84.658374 0.002698  0.089071  -0.008155  0.996256  0.072284  -0.047414  -0.073353  0.997081  -0.021196  0.045743  0.024595  0.998650  -0.001960  -0.012083  -0.001787  0.000000  0.000000  0.000000  2.000000  
84.659624 0.002696  0.089055  -0.008157  0.996256  0.072284  -0.047414  -0.073353  0.997081  -0.021196  0.045743  0.024595  0.998650  -0.002020  -0.012178  -0.001771  0.000000  0.000000  0.000000  2.000000  
84.660624 0.002693  0.089043  -0.008157  0.996256  0.072284  -0.047414  -0.073353  0.997081  -0.021196  0.045743  0.024595  0.998650  -0.002031  -0.012204  -0.001678  0.000000  0.000000  0.000000  2.000000  
84.661875 0.002691  0.089027  -0.008159  0.996241  0.072490  -0.047418  -0.073558  0.997066  -0.021187  0.045743  0.024595  0.998650  -0.002081  -0.012264  -0.001623  0.000000  0.000000  0.000000  2.000000  
84.662877 0.002689  0.089015  -0.008160  0.996241  0.072484  -0.047427  -0.073558  0.997063  -0.021308  0.045743  0.024716  0.998647  -0.002067  -0.012316  -0.001603  0.000000  0.000000  0.000000  2.000000  
84.664127 0.002686  0.089000  -0.008161  0.996241  0.072484  -0.047427  -0.073558  0.997063  -0.021308  0.045743  0.024716  0.998647  -0.002077  -0.012331  -0.001505  0.000000  0.000000  0.000000  2.000000  
84.665370 0.002683  0.088984  -0.008163  0.996241  0.072484  -0.047427  -0.073558  0.997063  -0.021308  0.045743  0.024716  0.998647  -0.002115  -0.012401  -0.001488  0.000000  0.000000  0.000000  2.000000  
84.666372 0.002681  0.088972  -0.008164  0.996226  0.072689  -0.047431  -0.073763  0.997048  -0.021298  0.045743  0.024716  0.998647  -0.002103  -0.012376  -0.001380  0.000000  0.000000  0.000000  2.000000  
84.667626 0.002679  0.088956  -0.008165  0.996226  0.072689  -0.047431  -0.073763  0.997048  -0.021298  0.045743  0.024716  0.998647  -0.002069  -0.012389  -0.001304  0.000000  0.000000  0.000000  2.000000  
84.668874 0.002676  0.088941  -0.008166  0.996226  0.072695  -0.047422  -0.073763  0.997051  -0.021177  0.045743  0.024595  0.998650  -0.002086  -0.012355  -0.001203  0.000000  0.000000  0.000000  2.000000  
84.669874 0.002674  0.088929  -0.008166  0.996211  0.072900  -0.047427  -0.073968  0.997036  -0.021167  0.045743  0.024595  0.998650  -0.002062  -0.012354  -0.001139  0.000000  0.000000  0.000000  2.000000  
84.670884 0.002672  0.088916  -0.008167  0.996211  0.072900  -0.047427  -0.073968  0.997036  -0.021167  0.045743  0.024595  0.998650  -0.002070  -0.012364  -0.001033  0.000000  0.000000  0.000000  2.000000  
84.672124 0.002669  0.088901  -0.008167  0.996211  0.072900  -0.047427  -0.073968  0.997036  -0.021167  0.045743  0.024595  0.998650  -0.002080  -0.012335  -0.000909  0.000000  0.000000  0.000000  2.000000  
84.673128 0.002667  0.088889  -0.008167  0.996196  0.073105  -0.047431  -0.074173  0.997021  -0.021157  0.045743  0.024595  0.998650  -0.002075  -0.012300  -0.000819  0.000000  0.000000  0.000000  2.000000  
84.674374 0.002665  0.088874  -0.008166  0.996196  0.073105  -0.047431  -0.074173  0.997021  -0.021157  0.045743  0.024595  0.998650  -0.002096  -0.012263  -0.000659  0.000000  0.000000  0.000000  2.000000  
84.675624 0.002662  0.088859  -0.008166  0.996196  0.073105  -0.047431  -0.074173  0.997021  -0.021157  0.045743  0.024595  0.998650  -0.002093  -0.012235  -0.000569  0.000000  0.000000  0.000000  2.000000  
84.676877 0.002660  0.088845  -0.008166  0.996180  0.073311  -0.047436  -0.074378  0.997006  -0.021148  0.045743  0.024595  0.998650  -0.002087  -0.012195  -0.000479  0.000000  0.000000  0.000000  2.000000  
84.677886 0.002657  0.088832  -0.008167  0.996180  0.073311  -0.047436  -0.074378  0.997006  -0.021148  0.045743  0.024595  0.998650  -0.002112  -0.012183  -0.000408  0.000000  0.000000  0.000000  2.000000  
84.679122 0.002654  0.088818  -0.008166  0.996165  0.073516  -0.047440  -0.074584  0.996991  -0.021138  0.045743  0.024595  0.998650  -0.002130  -0.012156  -0.000322  0.000000  0.000000  0.000000  2.000000  
84.680124 0.002652  0.088806  -0.008166  0.996165  0.073516  -0.047440  -0.074584  0.996991  -0.021138  0.045743  0.024595  0.998650  -0.002088  -0.012050  -0.000229  0.000000  0.000000  0.000000  2.000000  
84.681375 0.002649  0.088792  -0.008166  0.996165  0.073516  -0.047440  -0.074584  0.996991  -0.021138  0.045743  0.024595  0.998650  -0.002135  -0.012015  -0.000134  0.000000  0.000000  0.000000  2.000000  
84.682620 0.002646  0.088777  -0.008166  0.996150  0.073721  -0.047444  -0.074789  0.996976  -0.021128  0.045743  0.024595  0.998650  -0.002159  -0.011963  -0.000061  0.000000  0.000000  0.000000  2.000000  
84.683625 0.002644  0.088765  -0.008165  0.996150  0.073721  -0.047444  -0.074789  0.996976  -0.021128  0.045743  0.024595  0.998650  -0.002142  -0.011904  0.000026  0.000000  0.000000  0.000000  2.000000  
84.684874 0.002641  0.088751  -0.008165  0.996150  0.073721  -0.047444  -0.074789  0.996976  -0.021128  0.045743  0.024595  0.998650  -0.002202  -0.011848  0.000067  0.000000  0.000000  0.000000  2.000000  
84.686131 0.002638  0.088737  -0.008164  0.996134  0.073932  -0.047440  -0.074994  0.996963  -0.020997  0.045743  0.024474  0.998653  -0.002193  -0.011763  0.000146  0.000000  0.000000  0.000000  2.000000  
84.687376 0.002636  0.088722  -0.008164  0.996134  0.073932  -0.047440  -0.074994  0.996963  -0.020997  0.045743  0.024474  0.998653  -0.002224  -0.011716  0.000162  0.000000  0.000000  0.000000  2.000000  
84.688625 0.002632  0.088708  -0.008164  0.996119  0.074137  -0.047444  -0.075199  0.996948  -0.020988  0.045743  0.024474  0.998653  -0.002285  -0.011694  0.000157  0.000000  0.000000  0.000000  2.000000  
84.689877 0.002629  0.088694  -0.008164  0.996119  0.074137  -0.047444  -0.075199  0.996948  -0.020988  0.045743  0.024474  0.998653  -0.002301  -0.011626  0.000181  0.000000  0.000000  0.000000  2.000000  
84.690878 0.002627  0.088682  -0.008163  0.996103  0.074343  -0.047448  -0.075404  0.996932  -0.020978  0.045743  0.024474  0.998653  -0.002303  -0.011584  0.000218  0.000000  0.000000  0.000000  2.000000  
84.692124 0.002624  0.088668  -0.008163  0.996103  0.074337  -0.047457  -0.075404  0.996930  -0.021099  0.045743  0.024595  0.998650  -0.002336  -0.011544  0.000187  0.000000  0.000000  0.000000  2.000000  
84.693375 0.002621  0.088654  -0.008163  0.996088  0.074542  -0.047462  -0.075609  0.996915  -0.021089  0.045743  0.024595  0.998650  -0.002349  -0.011487  0.000214  0.000000  0.000000  0.000000  2.000000  
84.694622 0.002618  0.088640  -0.008163  0.996072  0.074747  -0.047466  -0.075814  0.996899  -0.021079  0.045743  0.024595  0.998650  -0.002371  -0.011463  0.000239  0.000000  0.000000  0.000000  2.000000  
84.695876 0.002615  0.088625  -0.008163  0.996072  0.074747  -0.047466  -0.075814  0.996899  -0.021079  0.045743  0.024595  0.998650  -0.002378  -0.011432  0.000229  0.000000  0.000000  0.000000  2.000000  
84.696880 0.002612  0.088614  -0.008163  0.996057  0.074953  -0.047470  -0.076019  0.996884  -0.021069  0.045743  0.024595  0.998650  -0.002386  -0.011408  0.000220  0.000000  0.000000  0.000000  2.000000  
84.697885 0.002610  0.088603  -0.008163  0.996057  0.074953  -0.047470  -0.076019  0.996884  -0.021069  0.045743  0.024595  0.998650  -0.002381  -0.011383  0.000175  0.000000  0.000000  0.000000  2.000000  
84.699122 0.002607  0.088589  -0.008163  0.996041  0.075158  -0.047475  -0.076224  0.996868  -0.021060  0.045743  0.024595  0.998650  -0.002400  -0.011348  0.000156  0.000000  0.000000  0.000000  2.000000  
84.700370 0.002604  0.088575  -0.008164  0.996025  0.075363  -0.047479  -0.076429  0.996853  -0.021050  0.045743  0.024595  0.998650  -0.002397  -0.011337  0.000067  0.000000  0.000000  0.000000  2.000000  
84.701624 0.002601  0.088561  -0.008164  0.996025  0.075363  -0.047479  -0.076429  0.996853  -0.021050  0.045743  0.024595  0.998650  -0.002417  -0.011316  0.000002  0.000000  0.000000  0.000000  2.000000  
84.702877 0.002598  0.088547  -0.008165  0.996009  0.075568  -0.047483  -0.076634  0.996837  -0.021040  0.045743  0.024595  0.998650  -0.002421  -0.011331  -0.000039  0.000000  0.000000  0.000000  2.000000  
84.704127 0.002594  0.088533  -0.008165  0.995994  0.075774  -0.047488  -0.076839  0.996822  -0.021030  0.045743  0.024595  0.998650  -0.002452  -0.011291  -0.000071  0.000000  0.000000  0.000000  2.000000  
84.705373 0.002591  0.088518  -0.008166  0.995978  0.075979  -0.047492  -0.077044  0.996806  -0.021021  0.045743  0.024595  0.998650  -0.002479  -0.011298  -0.000135  0.000000  0.000000  0.000000  2.000000  
84.706395 0.002589  0.088507  -0.008166  0.995978  0.075979  -0.047492  -0.077044  0.996806  -0.021021  0.045743  0.024595  0.998650  -0.002471  -0.011262  -0.000180  0.000000  0.000000  0.000000  2.000000  
84.707624 0.002585  0.088493  -0.008166  0.995962  0.076184  -0.047496  -0.077249  0.996790  -0.021011  0.045743  0.024595  0.998650  -0.002515  -0.011282  -0.000209  0.000000  0.000000  0.000000  2.000000  
84.708624 0.002582  0.088482  -0.008167  0.995946  0.076389  -0.047501  -0.077454  0.996775  -0.021001  0.045743  0.024595  0.998650  -0.002550  -0.011265  -0.000283  0.000000  0.000000  0.000000  2.000000  
84.709878 0.002579  0.088468  -0.008167  0.995946  0.076389  -0.047501  -0.077454  0.996775  -0.021001  0.045743  0.024595  0.998650  -0.002588  -0.011260  -0.000312  0.000000  0.000000  0.000000  2.000000  
84.710883 0.002576  0.088456  -0.008168  0.995930  0.076594  -0.047505  -0.077659  0.996759  -0.020991  0.045743  0.024595  0.998650  -0.002607  -0.011287  -0.000366  0.000000  0.000000  0.000000  2.000000  
84.712122 0.002572  0.088442  -0.008170  0.995914  0.076800  -0.047509  -0.077864  0.996743  -0.020981  0.045743  0.024595  0.998650  -0.002642  -0.011273  -0.000440  0.000000  0.000000  0.000000  2.000000  
84.713370 0.002569  0.088428  -0.008171  0.995898  0.077005  -0.047514  -0.078069  0.996727  -0.020972  0.045743  0.024595  0.998650  -0.002681  -0.011292  -0.000504  0.000000  0.000000  0.000000  2.000000  
84.714372 0.002566  0.088417  -0.008171  0.995888  0.077213  -0.047385  -0.078275  0.996711  -0.020972  0.045610  0.024595  0.998657  -0.002701  -0.011305  -0.000524  0.000000  0.000000  0.000000  2.000000  
84.715620 0.002563  0.088403  -0.008172  0.995872  0.077418  -0.047389  -0.078480  0.996695  -0.020963  0.045610  0.024595  0.998657  -0.002708  -0.011296  -0.000567  0.000000  0.000000  0.000000  2.000000  
84.716622 0.002559  0.088391  -0.008173  0.995872  0.077418  -0.047389  -0.078480  0.996695  -0.020963  0.045610  0.024595  0.998657  -0.002778  -0.011322  -0.000615  0.000000  0.000000  0.000000  2.000000  
84.717885 0.002556  0.088378  -0.008174  0.995856  0.077624  -0.047393  -0.078685  0.996679  -0.020953  0.045610  0.024595  0.998657  -0.002815  -0.011286  -0.000656  0.000000  0.000000  0.000000  2.000000  
84.719123 0.002551  0.088363  -0.008176  0.995839  0.077829  -0.047398  -0.078890  0.996663  -0.020943  0.045610  0.024595  0.998657  -0.002859  -0.011282  -0.000726  0.000000  0.000000  0.000000  2.000000  
84.720146 0.002548  0.088352  -0.008176  0.995823  0.078034  -0.047402  -0.079095  0.996647  -0.020933  0.045610  0.024595  0.998657  -0.002907  -0.011227  -0.000734  0.000000  0.000000  0.000000  2.000000  
84.721374 0.002544  0.088339  -0.008178  0.995807  0.078239  -0.047406  -0.079300  0.996631  -0.020924  0.045610  0.024595  0.998657  -0.002969  -0.011247  -0.000770  0.000000  0.000000  0.000000  2.000000  
84.722378 0.002541  0.088327  -0.008179  0.995791  0.078444  -0.047411  -0.079505  0.996615  -0.020914  0.045610  0.024595  0.998657  -0.002985  -0.011225  -0.000838  0.000000  0.000000  0.000000  2.000000  
84.723623 0.002537  0.088314  -0.008180  0.995774  0.078650  -0.047415  -0.079710  0.996599  -0.020904  0.045610  0.024595  0.998657  -0.003038  -0.011214  -0.000871  0.000000  0.000000  0.000000  2.000000  
84.724625 0.002533  0.088303  -0.008182  0.995758  0.078855  -0.047419  -0.079915  0.996583  -0.020894  0.045610  0.024595  0.998657  -0.003068  -0.011188  -0.000952  0.000000  0.000000  0.000000  2.000000  
84.725876 0.002529  0.088289  -0.008183  0.995741  0.079060  -0.047423  -0.080120  0.996566  -0.020885  0.045610  0.024595  0.998657  -0.003107  -0.011181  -0.001018  0.000000  0.000000  0.000000  2.000000  
84.726882 0.002526  0.088278  -0.008185  0.995731  0.079274  -0.047285  -0.080326  0.996552  -0.020765  0.045476  0.024474  0.998666  -0.003160  -0.011132  -0.001030  0.000000  0.000000  0.000000  2.000000  
84.727887 0.002523  0.088267  -0.008185  0.995714  0.079479  -0.047289  -0.080530  0.996536  -0.020755  0.045476  0.024474  0.998666  -0.003188  -0.011074  -0.001015  0.000000  0.000000  0.000000  2.000000  
84.729125 0.002519  0.088254  -0.008187  0.995681  0.079889  -0.047298  -0.080940  0.996503  -0.020735  0.045476  0.024474  0.998666  -0.003225  -0.011065  -0.001090  0.000000  0.000000  0.000000  2.000000  
84.730375 0.002514  0.088240  -0.008189  0.995664  0.080095  -0.047302  -0.081145  0.996487  -0.020726  0.045476  0.024474  0.998666  -0.003280  -0.011016  -0.001139  0.000000  0.000000  0.000000  2.000000  
84.731620 0.002510  0.088227  -0.008191  0.995631  0.080505  -0.047311  -0.081555  0.996454  -0.020706  0.045476  0.024474  0.998666  -0.003306  -0.010961  -0.001158  0.011870  -0.004709  0.171572  2.000000  
84.732622 0.002506  0.088216  -0.008192  0.995620  0.080713  -0.047182  -0.081761  0.996437  -0.020707  0.045342  0.024474  0.998672  -0.003348  -0.010958  -0.001200  0.011958  -0.009245  0.173131  2.000000  
84.733623 0.002503  0.088206  -0.008194  0.995603  0.080918  -0.047186  -0.081966  0.996420  -0.020698  0.045342  0.024474  0.998672  -0.003355  -0.010894  -0.001251  0.011957  -0.009244  0.173108  2.000000  
84.734881 0.002498  0.088193  -0.008196  0.995569  0.081334  -0.047185  -0.082376  0.996389  -0.020557  0.045342  0.024353  0.998675  -0.003401  -0.010846  -0.001350  0.016660  -0.008914  0.186883  2.000000  
84.736128 0.002493  0.088180  -0.008198  0.995541  0.081748  -0.047060  -0.082786  0.996355  -0.020549  0.045209  0.024353  0.998681  -0.003451  -0.010783  -0.001398  0.016975  -0.013250  0.194053  2.000000  
84.737129 0.002490  0.088169  -0.008200  0.995507  0.082158  -0.047068  -0.083196  0.996322  -0.020530  0.045209  0.024353  0.998681  -0.003475  -0.010712  -0.001428  0.017278  -0.013071  0.200825  2.000000  
84.738374 0.002485  0.088157  -0.008202  0.995479  0.082577  -0.046934  -0.083606  0.996290  -0.020401  0.045075  0.024232  0.998690  -0.003499  -0.010639  -0.001458  0.021659  -0.017412  0.207876  2.000000  
84.739624 0.002480  0.088144  -0.008204  0.995444  0.082988  -0.046942  -0.084016  0.996256  -0.020381  0.045075  0.024232  0.998690  -0.003527  -0.010562  -0.001482  0.022290  -0.017076  0.221726  2.000000  
84.740879 0.002476  0.088132  -0.008206  0.995398  0.083612  -0.046811  -0.084632  0.996207  -0.020243  0.044941  0.024111  0.998699  -0.003566  -0.010461  -0.001493  0.026755  -0.021072  0.233691  2.000000  
84.741880 0.002472  0.088122  -0.008207  0.995369  0.084025  -0.046687  -0.085042  0.996172  -0.020235  0.044808  0.024112  0.998705  -0.003586  -0.010414  -0.001506  0.027267  -0.025567  0.242581  2.000000  
84.742884 0.002468  0.088112  -0.008209  0.995334  0.084435  -0.046695  -0.085452  0.996137  -0.020216  0.044808  0.024112  0.998705  -0.003636  -0.010349  -0.001600  0.027576  -0.025395  0.249455  2.000000  
84.744124 0.002463  0.088100  -0.008211  0.995287  0.085059  -0.046564  -0.086067  0.996087  -0.020078  0.044674  0.023991  0.998714  -0.003678  -0.010247  -0.001605  0.032255  -0.025083  0.263367  2.000000  
84.745124 0.002459  0.088090  -0.008213  0.995240  0.085678  -0.046443  -0.086682  0.996034  -0.020060  0.044540  0.023991  0.998719  -0.003713  -0.010168  -0.001609  0.033172  -0.029074  0.284202  2.000000  
84.746372 0.002455  0.088078  -0.008215  0.995192  0.086302  -0.046312  -0.087297  0.995983  -0.019923  0.044407  0.023870  0.998728  -0.003737  -0.010098  -0.001630  0.037541  -0.032978  0.295675  2.000000  
84.747374 0.002451  0.088069  -0.008217  0.995144  0.086920  -0.046191  -0.087913  0.995929  -0.019906  0.044273  0.023870  0.998734  -0.003759  -0.010019  -0.001669  0.038454  -0.037411  0.312058  2.000000  
84.748625 0.002446  0.088057  -0.008219  0.995083  0.087746  -0.045941  -0.088733  0.995857  -0.019891  0.044006  0.023870  0.998746  -0.003729  -0.009921  -0.001665  0.039019  -0.045522  0.330268  2.000000  
84.749875 0.002441  0.088045  -0.008221  0.995015  0.088575  -0.045814  -0.089553  0.995786  -0.019745  0.043872  0.023749  0.998755  -0.003758  -0.009830  -0.001647  0.043964  -0.049506  0.350958  2.000000  
84.750878 0.002438  0.088036  -0.008223  0.994966  0.089193  -0.045693  -0.090168  0.995731  -0.019729  0.043738  0.023749  0.998761  -0.003779  -0.009744  -0.001686  0.044559  -0.053639  0.364819  2.000000  
84.752122 0.002433  0.088024  -0.008225  0.994884  0.090230  -0.045436  -0.091193  0.995641  -0.019585  0.043471  0.023628  0.998775  -0.003805  -0.009686  -0.001706  0.049771  -0.061911  0.392403  2.000000  
84.753127 0.002429  0.088015  -0.008227  0.994839  0.090857  -0.045171  -0.091809  0.995586  -0.019461  0.043204  0.023507  0.998790  -0.003799  -0.009590  -0.001682  0.054818  -0.071101  0.409658  2.000000  
84.754128 0.002425  0.088006  -0.008229  0.994769  0.091680  -0.045054  -0.092628  0.995511  -0.019436  0.043070  0.023508  0.998795  -0.003815  -0.009541  -0.001702  0.055709  -0.075094  0.430484  2.000000  
