1-Time 2-Px 3-Py 4-Pz 5-R11 6-R21 7-R31 8-R12 9-R22 10-R32 11-R13 12-R23 13-R33 14-Vx 15-Vy 16-Vz 17-Wx 18-Wy 19-Wz 20-state 21-PR11 22-PR21 23-PR31 24-PR12 25-PR22 26-PR32 27-PR13 28-PR23 29-PR33 
75.168361 0.004049  0.087793  -0.002556  0.995255  0.085135  -0.047109  -0.085445  0.996332  -0.004599  0.046545  0.008603  0.998879  0.000139  -0.000085  -0.000427  0.000000  0.000000  0.000000  2.000000  
75.169363 0.004048  0.087792  -0.002557  0.995255  0.085135  -0.047109  -0.085445  0.996332  -0.004599  0.046545  0.008603  0.998879  0.000114  -0.000136  -0.000435  0.000000  0.000000  0.000000  2.000000  
75.170368 0.004048  0.087790  -0.002557  0.995220  0.085545  -0.047111  -0.085855  0.996297  -0.004580  0.046545  0.008603  0.998879  0.000104  -0.000238  -0.000422  0.000000  0.000000  0.000000  2.000000  
75.171617 0.004048  0.087787  -0.002559  0.995160  0.086160  -0.047247  -0.086469  0.996244  -0.004539  0.046679  0.008603  0.998873  0.000082  -0.000479  -0.000482  0.000000  0.000000  0.000000  2.000000  
75.172617 0.004048  0.087783  -0.002560  0.995136  0.086364  -0.047381  -0.086673  0.996227  -0.004518  0.046812  0.008603  0.998867  0.000080  -0.000750  -0.000566  0.000000  0.000000  0.000000  2.000000  
75.173866 0.004048  0.087778  -0.002561  0.995112  0.086567  -0.047515  -0.086878  0.996209  -0.004496  0.046946  0.008602  0.998860  0.000101  -0.001096  -0.000614  0.000000  0.000000  0.000000  2.000000  
75.174870 0.004049  0.087774  -0.002562  0.995070  0.086976  -0.047650  -0.087287  0.996173  -0.004465  0.047080  0.008602  0.998854  0.000124  -0.001361  -0.000631  0.000000  0.000000  0.000000  2.000000  
75.176114 0.004050  0.087769  -0.002563  0.995003  0.087589  -0.047919  -0.087900  0.996120  -0.004412  0.047347  0.008602  0.998841  0.000177  -0.001682  -0.000659  0.000000  0.000000  0.000000  2.000000  
75.177362 0.004051  0.087763  -0.002563  0.994936  0.088202  -0.048188  -0.088514  0.996065  -0.004359  0.047614  0.008602  0.998829  0.000243  -0.002053  -0.000664  0.000000  0.000000  0.000000  2.000000  
75.178365 0.004052  0.087759  -0.002565  0.994869  0.088815  -0.048457  -0.089127  0.996011  -0.004305  0.047882  0.008602  0.998816  0.000302  -0.002352  -0.000737  0.000000  0.000000  0.000000  2.000000  
75.179615 0.004053  0.087753  -0.002569  0.994801  0.089428  -0.048726  -0.089740  0.995956  -0.004251  0.048149  0.008602  0.998803  0.000362  -0.002750  -0.000976  0.000000  0.000000  0.000000  2.000000  
75.180869 0.004055  0.087748  -0.002572  0.994732  0.090041  -0.048995  -0.090353  0.995901  -0.004197  0.048416  0.008602  0.998790  0.000471  -0.003089  -0.001139  0.008210  0.064420  0.172178  2.000000  
75.182115 0.004057  0.087742  -0.002575  0.994663  0.090654  -0.049264  -0.090967  0.995845  -0.004143  0.048683  0.008602  0.998777  0.000556  -0.003480  -0.001311  0.009222  0.073595  0.192841  2.000000  
75.183361 0.004058  0.087735  -0.002578  0.994594  0.091266  -0.049532  -0.091580  0.995789  -0.004088  0.048951  0.008602  0.998764  0.000627  -0.003891  -0.001491  0.010244  0.082805  0.213595  2.000000  
75.184362 0.004059  0.087727  -0.002582  0.994543  0.091668  -0.049811  -0.091988  0.995751  -0.004163  0.049218  0.008723  0.998750  0.000686  -0.004327  -0.001669  0.006856  0.091904  0.227263  2.000000  
75.185363 0.004060  0.087720  -0.002586  0.994492  0.092076  -0.050079  -0.092396  0.995714  -0.004118  0.049485  0.008723  0.998737  0.000798  -0.004724  -0.001906  0.007551  0.101022  0.241018  2.000000  
75.186365 0.004061  0.087712  -0.002588  0.994441  0.092483  -0.050347  -0.092804  0.995676  -0.004073  0.049753  0.008722  0.998723  0.000870  -0.005103  -0.002012  0.008248  0.110119  0.254723  2.000000  
75.187368 0.004062  0.087703  -0.002590  0.994389  0.092885  -0.050626  -0.093213  0.995638  -0.004148  0.050020  0.008843  0.998709  0.000949  -0.005394  -0.002050  0.004874  0.119238  0.268436  2.000000  
75.188614 0.004063  0.087691  -0.002591  0.994337  0.093292  -0.050894  -0.093621  0.995599  -0.004102  0.050287  0.008843  0.998696  0.000998  -0.005835  -0.002052  0.005582  0.128385  0.282250  2.000000  
75.189614 0.004065  0.087680  -0.002594  0.994285  0.093700  -0.051161  -0.094029  0.995561  -0.004056  0.050554  0.008843  0.998682  0.001075  -0.006286  -0.002121  0.006291  0.137490  0.295971  2.000000  
75.190615 0.004068  0.087670  -0.002595  0.994233  0.094101  -0.051441  -0.094437  0.995522  -0.004130  0.050822  0.008964  0.998668  0.001209  -0.006804  -0.002252  0.002591  0.146559  0.302788  2.000000  
75.191862 0.004071  0.087655  -0.002597  0.994173  0.094508  -0.051841  -0.094844  0.995484  -0.004071  0.051222  0.008964  0.998647  0.001365  -0.007357  -0.002294  0.003329  0.160176  0.316499  2.000000  
75.192867 0.004074  0.087644  -0.002599  0.994140  0.094704  -0.052120  -0.095048  0.995464  -0.004156  0.051490  0.009085  0.998632  0.001489  -0.007838  -0.002322  -0.000366  0.169207  0.323238  2.000000  
75.194115 0.004077  0.087629  -0.002601  0.994087  0.095111  -0.052387  -0.095456  0.995425  -0.004109  0.051757  0.009085  0.998618  0.001609  -0.008483  -0.002261  0.000358  0.178338  0.337007  2.000000  
75.195363 0.004080  0.087614  -0.002605  0.994054  0.095307  -0.052666  -0.095659  0.995405  -0.004193  0.052024  0.009206  0.998603  0.001746  -0.009150  -0.002240  -0.003333  0.187442  0.343878  2.000000  
75.196610 0.004085  0.087598  -0.002608  0.994020  0.095503  -0.052944  -0.095862  0.995385  -0.004277  0.052291  0.009327  0.998588  0.001914  -0.009740  -0.002248  -0.007021  0.196509  0.350679  2.000000  
75.197612 0.004087  0.087585  -0.002610  0.993993  0.095701  -0.053090  -0.096066  0.995365  -0.004374  0.052425  0.009448  0.998580  0.001975  -0.010315  -0.002259  -0.010736  0.201182  0.357700  2.000000  
75.198869 0.004089  0.087568  -0.002612  0.993967  0.095898  -0.053235  -0.096270  0.995345  -0.004471  0.052559  0.009569  0.998572  0.002025  -0.010855  -0.002151  -0.014443  0.205700  0.364443  2.000000  
75.200114 0.004091  0.087551  -0.002614  0.993960  0.095884  -0.053391  -0.096270  0.995344  -0.004700  0.052692  0.009811  0.998563  0.002077  -0.011349  -0.001954  -0.022733  0.208499  0.354611  2.000000  
75.201114 0.004093  0.087538  -0.002616  0.993933  0.096081  -0.053537  -0.096474  0.995324  -0.004796  0.052826  0.009932  0.998554  0.002147  -0.011688  -0.001873  -0.027072  0.208462  0.347747  2.000000  
75.202117 0.004094  0.087525  -0.002617  0.993933  0.096074  -0.053549  -0.096474  0.995323  -0.004917  0.052826  0.010053  0.998553  0.002137  -0.012011  -0.001852  -0.032383  0.205502  0.329893  2.000000  
75.203360 0.004094  0.087507  -0.002619  0.993906  0.096271  -0.053694  -0.096678  0.995303  -0.005014  0.052959  0.010174  0.998545  0.002067  -0.012445  -0.001818  -0.035792  0.208332  0.333939  2.000000  
75.204367 0.004094  0.087492  -0.002620  0.993886  0.096470  -0.053707  -0.096882  0.995283  -0.005124  0.052959  0.010296  0.998544  0.001971  -0.012738  -0.001741  -0.040462  0.200999  0.329833  2.000000  
75.205614 0.004095  0.087473  -0.002621  0.993879  0.096462  -0.053852  -0.096881  0.995282  -0.005231  0.053093  0.010417  0.998535  0.001799  -0.013081  -0.001672  -0.045518  0.196337  0.309147  2.000000  
75.206635 0.004095  0.087459  -0.002622  0.993879  0.096455  -0.053863  -0.096881  0.995282  -0.005352  0.053093  0.010538  0.998534  0.001628  -0.013319  -0.001667  -0.050581  0.191520  0.288234  2.000000  
75.207878 0.004094  0.087439  -0.002623  0.993879  0.096442  -0.053887  -0.096881  0.995280  -0.005594  0.053093  0.010780  0.998531  0.001354  -0.013647  -0.001639  -0.058938  0.181050  0.272403  2.000000  
75.209114 0.004094  0.087420  -0.002623  0.993852  0.096639  -0.054033  -0.097085  0.995260  -0.005690  0.053227  0.010901  0.998523  0.001138  -0.013918  -0.001441  -0.064497  0.177864  0.253955  2.000000  
75.210115 0.004093  0.087404  -0.002623  0.993852  0.096633  -0.054044  -0.097085  0.995259  -0.005811  0.053227  0.011022  0.998522  0.000880  -0.014184  -0.001220  -0.069596  0.168690  0.233312  2.000000  
75.211123 0.004093  0.087389  -0.002622  0.993852  0.096626  -0.054056  -0.097085  0.995258  -0.005932  0.053227  0.011143  0.998520  0.000604  -0.014398  -0.001025  -0.074333  0.159547  0.219532  2.000000  
75.212362 0.004091  0.087368  -0.002622  0.993859  0.096614  -0.053947  -0.097086  0.995257  -0.006186  0.053093  0.011386  0.998525  0.000290  -0.014678  -0.000807  -0.082504  0.144769  0.204166  2.000000  
75.213616 0.004089  0.087347  -0.002622  0.993859  0.096601  -0.053970  -0.097086  0.995255  -0.006428  0.053093  0.011628  0.998522  -0.000021  -0.015013  -0.000665  -0.088711  0.136823  0.178402  2.000000  
75.214862 0.004086  0.087326  -0.002622  0.993839  0.096800  -0.053983  -0.097291  0.995235  -0.006537  0.053093  0.011749  0.998520  -0.000301  -0.015269  -0.000499  0.000000  0.000000  0.000000  2.000000  
75.216111 0.004083  0.087305  -0.002622  0.993846  0.096788  -0.053874  -0.097291  0.995233  -0.006792  0.052959  0.011991  0.998525  -0.000652  -0.015570  -0.000402  0.000000  0.000000  0.000000  2.000000  
75.217113 0.004081  0.087288  -0.002622  0.993846  0.096782  -0.053885  -0.097291  0.995232  -0.006912  0.052959  0.012112  0.998523  -0.000868  -0.015808  -0.000344  0.000000  0.000000  0.000000  2.000000  
75.218360 0.004077  0.087267  -0.002624  0.993853  0.096770  -0.053776  -0.097292  0.995230  -0.007167  0.052826  0.012355  0.998527  -0.001151  -0.016060  -0.000340  0.000000  0.000000  0.000000  2.000000  
75.219362 0.004074  0.087249  -0.002625  0.993853  0.096764  -0.053788  -0.097292  0.995229  -0.007288  0.052826  0.012476  0.998526  -0.001339  -0.016195  -0.000372  0.000000  0.000000  0.000000  2.000000  
75.220366 0.004071  0.087232  -0.002626  0.993853  0.096757  -0.053799  -0.097292  0.995228  -0.007408  0.052826  0.012597  0.998524  -0.001619  -0.016341  -0.000382  0.000000  0.000000  0.000000  2.000000  
75.221367 0.004068  0.087215  -0.002628  0.993840  0.096964  -0.053668  -0.097497  0.995208  -0.007410  0.052692  0.012597  0.998531  -0.001849  -0.016533  -0.000393  0.000000  0.000000  0.000000  2.000000  
75.222373 0.004065  0.087198  -0.002629  0.993840  0.096957  -0.053680  -0.097497  0.995207  -0.007531  0.052692  0.012718  0.998530  -0.002027  -0.016651  -0.000415  0.000000  0.000000  0.000000  2.000000  
75.223613 0.004061  0.087176  -0.002629  0.993840  0.096951  -0.053691  -0.097497  0.995206  -0.007652  0.052692  0.012839  0.998528  -0.002230  -0.016779  -0.000378  0.000000  0.000000  0.000000  2.000000  
75.224615 0.004057  0.087159  -0.002629  0.993840  0.096944  -0.053703  -0.097497  0.995205  -0.007772  0.052692  0.012960  0.998527  -0.002466  -0.016926  -0.000436  0.000000  0.000000  0.000000  2.000000  
75.225617 0.004054  0.087142  -0.002630  0.993840  0.096938  -0.053715  -0.097497  0.995204  -0.007893  0.052692  0.013082  0.998525  -0.002649  -0.017037  -0.000516  0.000000  0.000000  0.000000  2.000000  
75.226877 0.004050  0.087119  -0.002630  0.993840  0.096925  -0.053739  -0.097497  0.995203  -0.008134  0.052692  0.013324  0.998522  -0.002821  -0.017144  -0.000583  0.000000  0.000000  0.000000  2.000000  
75.227880 0.004046  0.087101  -0.002631  0.993840  0.096918  -0.053750  -0.097497  0.995202  -0.008255  0.052692  0.013445  0.998520  -0.002948  -0.017241  -0.000665  0.000000  0.000000  0.000000  2.000000  
75.229222 0.004042  0.087079  -0.002633  0.993840  0.096912  -0.053762  -0.097497  0.995201  -0.008376  0.052692  0.013566  0.998519  -0.003027  -0.017217  -0.000721  0.000000  0.000000  0.000000  2.000000  
75.230373 0.004038  0.087056  -0.002634  0.993820  0.097103  -0.053787  -0.097702  0.995179  -0.008606  0.052692  0.013808  0.998515  -0.003130  -0.017415  -0.000820  0.000000  0.000000  0.000000  2.000000  
75.231611 0.004035  0.087034  -0.002636  0.993820  0.097097  -0.053799  -0.097702  0.995177  -0.008727  0.052692  0.013929  0.998514  -0.003140  -0.017488  -0.000917  0.000000  0.000000  0.000000  2.000000  
75.232611 0.004032  0.087016  -0.002638  0.993820  0.097090  -0.053811  -0.097702  0.995176  -0.008848  0.052692  0.014050  0.998512  -0.003170  -0.017619  -0.000948  0.000000  0.000000  0.000000  2.000000  
75.233863 0.004029  0.086993  -0.002639  0.993813  0.097082  -0.053956  -0.097701  0.995175  -0.008955  0.052826  0.014171  0.998503  -0.003106  -0.017642  -0.000990  0.000000  0.000000  0.000000  2.000000  
75.235117 0.004026  0.086971  -0.002642  0.993793  0.097280  -0.053969  -0.097906  0.995154  -0.009065  0.052826  0.014293  0.998501  -0.003038  -0.017705  -0.001048  0.000000  0.000000  0.000000  2.000000  
75.236361 0.004024  0.086949  -0.002644  0.993793  0.097274  -0.053981  -0.097906  0.995153  -0.009186  0.052826  0.014414  0.998500  -0.002947  -0.017714  -0.001068  0.000000  0.000000  0.000000  2.000000  
75.237368 0.004022  0.086932  -0.002646  0.993772  0.097472  -0.053995  -0.098110  0.995132  -0.009295  0.052826  0.014535  0.998498  -0.002868  -0.017728  -0.001136  0.000000  0.000000  0.000000  2.000000  
75.238614 0.004019  0.086909  -0.002649  0.993772  0.097466  -0.054007  -0.098110  0.995131  -0.009416  0.052826  0.014656  0.998496  -0.002796  -0.017824  -0.001331  0.000000  0.000000  0.000000  2.000000  
75.239615 0.004017  0.086892  -0.002651  0.993752  0.097670  -0.054008  -0.098315  0.995111  -0.009405  0.052826  0.014656  0.998496  -0.002702  -0.017831  -0.001478  0.000000  0.000000  0.000000  2.000000  
75.240615 0.004015  0.086873  -0.002654  0.993752  0.097670  -0.054008  -0.098315  0.995111  -0.009405  0.052826  0.014656  0.998496  -0.002627  -0.017886  -0.001633  0.000000  0.000000  0.000000  2.000000  
75.241867 0.004012  0.086850  -0.002658  0.993732  0.097869  -0.054022  -0.098520  0.995090  -0.009514  0.052826  0.014777  0.998494  -0.002525  -0.017957  -0.001855  0.000000  0.000000  0.000000  2.000000  
75.243115 0.004009  0.086828  -0.002662  0.993725  0.097867  -0.054155  -0.098519  0.995090  -0.009501  0.052959  0.014777  0.998487  -0.002402  -0.017958  -0.001998  0.000000  0.000000  0.000000  2.000000  
75.244364 0.004006  0.086805  -0.002665  0.993705  0.098065  -0.054169  -0.098723  0.995068  -0.009611  0.052959  0.014898  0.998486  -0.002326  -0.017952  -0.002126  0.000000  0.000000  0.000000  2.000000  
75.245366 0.004004  0.086787  -0.002667  0.993691  0.098272  -0.054038  -0.098929  0.995048  -0.009613  0.052826  0.014898  0.998493  -0.002261  -0.017967  -0.002180  0.000000  0.000000  0.000000  2.000000  
75.246610 0.004003  0.086765  -0.002670  0.993671  0.098477  -0.054040  -0.099133  0.995028  -0.009602  0.052826  0.014898  0.998493  -0.002118  -0.017926  -0.002207  0.000000  0.000000  0.000000  2.000000  
75.247611 0.004002  0.086747  -0.002672  0.993671  0.098470  -0.054052  -0.099133  0.995027  -0.009722  0.052826  0.015019  0.998491  -0.002015  -0.017891  -0.002265  0.000000  0.000000  0.000000  2.000000  
75.248614 0.004000  0.086730  -0.002673  0.993651  0.098675  -0.054054  -0.099338  0.995006  -0.009711  0.052826  0.015019  0.998491  -0.001928  -0.017890  -0.002315  0.000000  0.000000  0.000000  2.000000  
75.249861 0.003999  0.086707  -0.002676  0.993630  0.098880  -0.054056  -0.099542  0.994986  -0.009700  0.052826  0.015019  0.998491  -0.001833  -0.017921  -0.002336  0.000000  0.000000  0.000000  2.000000  
75.250876 0.003998  0.086689  -0.002679  0.993630  0.098873  -0.054068  -0.099542  0.994985  -0.009821  0.052826  0.015140  0.998489  -0.001741  -0.017905  -0.002384  0.000000  0.000000  0.000000  2.000000  
75.252112 0.003997  0.086667  -0.002682  0.993610  0.099078  -0.054070  -0.099747  0.994964  -0.009810  0.052826  0.015140  0.998489  -0.001658  -0.017932  -0.002418  0.000000  0.000000  0.000000  2.000000  
75.253115 0.003997  0.086649  -0.002685  0.993589  0.099283  -0.054072  -0.099952  0.994944  -0.009799  0.052826  0.015140  0.998489  -0.001536  -0.017982  -0.002480  0.000000  0.000000  0.000000  2.000000  
75.254118 0.003995  0.086630  -0.002687  0.993568  0.099488  -0.054074  -0.100156  0.994924  -0.009787  0.052826  0.015140  0.998489  -0.001455  -0.018042  -0.002492  0.000000  0.000000  0.000000  2.000000  
75.255122 0.003994  0.086610  -0.002691  0.993548  0.099693  -0.054076  -0.100361  0.994903  -0.009776  0.052826  0.015140  0.998489  -0.001437  -0.018152  -0.002544  0.000000  0.000000  0.000000  2.000000  
75.256365 0.003993  0.086586  -0.002695  0.993548  0.099693  -0.054076  -0.100361  0.994903  -0.009776  0.052826  0.015140  0.998489  -0.001376  -0.018241  -0.002572  0.000000  0.000000  0.000000  2.000000  
75.257614 0.003991  0.086562  -0.002699  0.993527  0.099897  -0.054078  -0.100565  0.994883  -0.009765  0.052826  0.015140  0.998489  -0.001288  -0.018348  -0.002612  0.000000  0.000000  0.000000  2.000000  
75.258863 0.003989  0.086537  -0.002703  0.993506  0.100109  -0.054068  -0.100770  0.994863  -0.009633  0.052826  0.015019  0.998491  -0.001253  -0.018477  -0.002646  0.000000  0.000000  0.000000  2.000000  
75.259867 0.003988  0.086517  -0.002706  0.993486  0.100314  -0.054070  -0.100974  0.994843  -0.009622  0.052826  0.015019  0.998491  -0.001152  -0.018565  -0.002679  0.000000  0.000000  0.000000  2.000000  
75.261119 0.003986  0.086492  -0.002710  0.993486  0.100314  -0.054070  -0.100974  0.994843  -0.009622  0.052826  0.015019  0.998491  -0.001147  -0.018738  -0.002773  0.000000  0.000000  0.000000  2.000000  
75.262364 0.003985  0.086467  -0.002714  0.993465  0.100525  -0.054060  -0.101179  0.994823  -0.009490  0.052826  0.014898  0.998493  -0.001129  -0.018961  -0.002901  0.000000  0.000000  0.000000  2.000000  
75.263612 0.003984  0.086442  -0.002719  0.993465  0.100525  -0.054060  -0.101179  0.994823  -0.009490  0.052826  0.014898  0.998493  -0.001124  -0.019168  -0.003026  0.000000  0.000000  0.000000  2.000000  
75.264867 0.003982  0.086417  -0.002723  0.993444  0.100736  -0.054050  -0.101383  0.994803  -0.009359  0.052826  0.014777  0.998494  -0.001159  -0.019394  -0.003157  0.000000  0.000000  0.000000  2.000000  
75.266120 0.003981  0.086391  -0.002729  0.993423  0.100941  -0.054051  -0.101588  0.994783  -0.009348  0.052826  0.014777  0.998494  -0.001149  -0.019620  -0.003328  0.000000  0.000000  0.000000  2.000000  
75.267361 0.003980  0.086365  -0.002733  0.993423  0.100941  -0.054051  -0.101588  0.994783  -0.009348  0.052826  0.014777  0.998494  -0.001152  -0.019843  -0.003403  0.000000  0.000000  0.000000  2.000000  
75.268362 0.003979  0.086344  -0.002737  0.993423  0.100941  -0.054051  -0.101588  0.994783  -0.009348  0.052826  0.014777  0.998494  -0.001136  -0.019962  -0.003455  0.000000  0.000000  0.000000  2.000000  
75.269363 0.003978  0.086323  -0.002740  0.993423  0.100941  -0.054051  -0.101588  0.994783  -0.009348  0.052826  0.014777  0.998494  -0.001151  -0.020150  -0.003472  0.000000  0.000000  0.000000  2.000000  
75.270385 0.003976  0.086301  -0.002744  0.993402  0.101146  -0.054053  -0.101792  0.994762  -0.009336  0.052826  0.014777  0.998494  -0.001181  -0.020327  -0.003516  0.000000  0.000000  0.000000  2.000000  
75.271615 0.003975  0.086273  -0.002749  0.993402  0.101146  -0.054053  -0.101792  0.994762  -0.009336  0.052826  0.014777  0.998494  -0.001160  -0.020551  -0.003525  0.000000  0.000000  0.000000  2.000000  
75.272617 0.003973  0.086251  -0.002752  0.993402  0.101152  -0.054041  -0.101792  0.994763  -0.009216  0.052826  0.014656  0.998496  -0.001162  -0.020758  -0.003558  0.000000  0.000000  0.000000  2.000000  
75.273863 0.003971  0.086222  -0.002758  0.993402  0.101152  -0.054041  -0.101792  0.994763  -0.009216  0.052826  0.014656  0.998496  -0.001166  -0.021015  -0.003654  0.000000  0.000000  0.000000  2.000000  
75.274876 0.003970  0.086199  -0.002762  0.993402  0.101159  -0.054029  -0.101792  0.994764  -0.009095  0.052826  0.014535  0.998498  -0.001177  -0.021217  -0.003785  0.000000  0.000000  0.000000  2.000000  
75.276114 0.003968  0.086170  -0.002769  0.993402  0.101159  -0.054029  -0.101792  0.994764  -0.009095  0.052826  0.014535  0.998498  -0.001222  -0.021498  -0.003916  0.000000  0.000000  0.000000  2.000000  
75.277115 0.003966  0.086147  -0.002774  0.993402  0.101159  -0.054029  -0.101792  0.994764  -0.009095  0.052826  0.014535  0.998498  -0.001280  -0.021729  -0.004038  0.000000  0.000000  0.000000  2.000000  
75.278117 0.003965  0.086124  -0.002779  0.993402  0.101166  -0.054017  -0.101792  0.994765  -0.008974  0.052826  0.014414  0.998500  -0.001249  -0.021887  -0.004080  0.000000  0.000000  0.000000  2.000000  
75.279368 0.003963  0.086094  -0.002785  0.993402  0.101166  -0.054017  -0.101792  0.994765  -0.008974  0.052826  0.014414  0.998500  -0.001326  -0.022194  -0.004200  0.000000  0.000000  0.000000  2.000000  
75.280611 0.003961  0.086065  -0.002791  0.993402  0.101172  -0.054004  -0.101792  0.994766  -0.008854  0.052826  0.014293  0.998501  -0.001351  -0.022428  -0.004269  0.000000  0.000000  0.000000  2.000000  
75.281613 0.003960  0.086041  -0.002795  0.993402  0.101172  -0.054004  -0.101792  0.994766  -0.008854  0.052826  0.014293  0.998501  -0.001388  -0.022694  -0.004336  0.000000  0.000000  0.000000  2.000000  
75.282863 0.003958  0.086011  -0.002801  0.993402  0.101172  -0.054004  -0.101792  0.994766  -0.008854  0.052826  0.014293  0.998501  -0.001457  -0.022929  -0.004387  0.000000  0.000000  0.000000  2.000000  
75.283866 0.003956  0.085987  -0.002805  0.993402  0.101172  -0.054004  -0.101792  0.994766  -0.008854  0.052826  0.014293  0.998501  -0.001476  -0.023094  -0.004452  0.000000  0.000000  0.000000  2.000000  
75.284867 0.003954  0.085963  -0.002810  0.993409  0.101181  -0.053859  -0.101793  0.994767  -0.008747  0.052692  0.014172  0.998510  -0.001492  -0.023234  -0.004525  0.000000  0.000000  0.000000  2.000000  
75.285868 0.003953  0.085939  -0.002814  0.993409  0.101181  -0.053859  -0.101793  0.994767  -0.008747  0.052692  0.014172  0.998510  -0.001511  -0.023367  -0.004557  0.000000  0.000000  0.000000  2.000000  
75.287116 0.003951  0.085909  -0.002820  0.993409  0.101181  -0.053859  -0.101793  0.994767  -0.008747  0.052692  0.014172  0.998510  -0.001520  -0.023526  -0.004616  0.000000  0.000000  0.000000  2.000000  
75.288154 0.003949  0.085884  -0.002824  0.993409  0.101181  -0.053859  -0.101793  0.994767  -0.008747  0.052692  0.014172  0.998510  -0.001559  -0.023617  -0.004652  0.000000  0.000000  0.000000  2.000000  
75.289369 0.003947  0.085853  -0.002830  0.993409  0.101181  -0.053859  -0.101793  0.994767  -0.008747  0.052692  0.014172  0.998510  -0.001555  -0.023818  -0.004671  0.000000  0.000000  0.000000  2.000000  
75.290617 0.003945  0.085823  -0.002835  0.993409  0.101181  -0.053859  -0.101793  0.994767  -0.008747  0.052692  0.014172  0.998510  -0.001551  -0.023904  -0.004602  0.000000  0.000000  0.000000  2.000000  
75.291863 0.003943  0.085793  -0.002841  0.993402  0.101185  -0.053980  -0.101792  0.994768  -0.008612  0.052826  0.014050  0.998505  -0.001540  -0.024011  -0.004520  0.000000  0.000000  0.000000  2.000000  
75.292867 0.003942  0.085769  -0.002845  0.993402  0.101185  -0.053980  -0.101792  0.994768  -0.008612  0.052826  0.014050  0.998505  -0.001555  -0.024053  -0.004522  0.000000  0.000000  0.000000  2.000000  
75.294112 0.003940  0.085738  -0.002850  0.993381  0.101390  -0.053981  -0.101997  0.994748  -0.008601  0.052826  0.014050  0.998505  -0.001589  -0.024161  -0.004425  0.000000  0.000000  0.000000  2.000000  
75.295118 0.003939  0.085714  -0.002855  0.993381  0.101390  -0.053981  -0.101997  0.994748  -0.008601  0.052826  0.014050  0.998505  -0.001571  -0.024205  -0.004448  0.000000  0.000000  0.000000  2.000000  
75.296118 0.003937  0.085690  -0.002859  0.993388  0.101398  -0.053836  -0.101998  0.994748  -0.008494  0.052692  0.013929  0.998514  -0.001560  -0.024220  -0.004385  0.000000  0.000000  0.000000  2.000000  
75.297363 0.003935  0.085659  -0.002864  0.993388  0.101398  -0.053836  -0.101998  0.994748  -0.008494  0.052692  0.013929  0.998514  -0.001574  -0.024355  -0.004390  0.000000  0.000000  0.000000  2.000000  
75.298611 0.003933  0.085629  -0.002869  0.993388  0.101398  -0.053836  -0.101998  0.994748  -0.008494  0.052692  0.013929  0.998514  -0.001579  -0.024311  -0.004330  0.000000  0.000000  0.000000  2.000000  
75.299611 0.003931  0.085604  -0.002874  0.993367  0.101603  -0.053838  -0.102202  0.994727  -0.008483  0.052692  0.013929  0.998514  -0.001575  -0.024334  -0.004317  0.000000  0.000000  0.000000  2.000000  
75.300616 0.003930  0.085580  -0.002878  0.993367  0.101603  -0.053838  -0.102202  0.994727  -0.008483  0.052692  0.013929  0.998514  -0.001558  -0.024350  -0.004301  0.000000  0.000000  0.000000  2.000000  
75.301866 0.003928  0.085550  -0.002882  0.993367  0.101603  -0.053838  -0.102202  0.994727  -0.008483  0.052692  0.013929  0.998514  -0.001551  -0.024342  -0.004198  0.000000  0.000000  0.000000  2.000000  
75.303115 0.003927  0.085520  -0.002886  0.993346  0.101808  -0.053840  -0.102407  0.994707  -0.008472  0.052692  0.013929  0.998514  -0.001489  -0.024348  -0.004118  0.000000  0.000000  0.000000  2.000000  
75.304118 0.003925  0.085496  -0.002889  0.993346  0.101808  -0.053840  -0.102407  0.994707  -0.008472  0.052692  0.013929  0.998514  -0.001470  -0.024260  -0.004053  0.000000  0.000000  0.000000  2.000000  
75.305118 0.003924  0.085472  -0.002892  0.993346  0.101808  -0.053840  -0.102407  0.994707  -0.008472  0.052692  0.013929  0.998514  -0.001430  -0.024196  -0.003887  0.000000  0.000000  0.000000  2.000000  
75.306364 0.003923  0.085443  -0.002895  0.993325  0.102013  -0.053842  -0.102611  0.994686  -0.008461  0.052692  0.013929  0.998514  -0.001434  -0.024139  -0.003767  0.000000  0.000000  0.000000  2.000000  
75.307612 0.003921  0.085414  -0.002898  0.993304  0.102218  -0.053843  -0.102816  0.994665  -0.008450  0.052692  0.013929  0.998514  -0.001399  -0.024052  -0.003571  0.000000  0.000000  0.000000  2.000000  
75.308614 0.003920  0.085390  -0.002900  0.993304  0.102218  -0.053843  -0.102816  0.994665  -0.008450  0.052692  0.013929  0.998514  -0.001390  -0.024010  -0.003417  0.000000  0.000000  0.000000  2.000000  
75.309615 0.003919  0.085367  -0.002902  0.993297  0.102216  -0.053976  -0.102815  0.994665  -0.008436  0.052826  0.013929  0.998507  -0.001372  -0.023958  -0.003273  0.000000  0.000000  0.000000  2.000000  
75.310615 0.003918  0.085344  -0.002904  0.993276  0.102420  -0.053978  -0.103019  0.994644  -0.008425  0.052826  0.013929  0.998507  -0.001359  -0.023858  -0.003138  0.000000  0.000000  0.000000  2.000000  
75.311867 0.003915  0.085315  -0.002907  0.993254  0.102625  -0.053980  -0.103224  0.994623  -0.008414  0.052826  0.013929  0.998507  -0.001356  -0.023792  -0.002959  0.000000  0.000000  0.000000  2.000000  
75.313110 0.003913  0.085285  -0.002909  0.993261  0.102627  -0.053847  -0.103225  0.994622  -0.008428  0.052692  0.013929  0.998514  -0.001369  -0.023763  -0.002809  0.000000  0.000000  0.000000  2.000000  
75.314118 0.003911  0.085261  -0.002911  0.993240  0.102832  -0.053848  -0.103429  0.994601  -0.008417  0.052692  0.013929  0.998514  -0.001391  -0.023726  -0.002639  0.000000  0.000000  0.000000  2.000000  
75.315118 0.003909  0.085238  -0.002913  0.993240  0.102832  -0.053848  -0.103429  0.994601  -0.008417  0.052692  0.013929  0.998514  -0.001421  -0.023578  -0.002483  0.000000  0.000000  0.000000  2.000000  
75.316370 0.003908  0.085209  -0.002914  0.993219  0.103037  -0.053850  -0.103634  0.994580  -0.008406  0.052692  0.013929  0.998514  -0.001393  -0.023504  -0.002236  0.000000  0.000000  0.000000  2.000000  
75.317612 0.003905  0.085180  -0.002916  0.993197  0.103241  -0.053852  -0.103838  0.994559  -0.008395  0.052692  0.013929  0.998514  -0.001480  -0.023453  -0.002075  0.000000  0.000000  0.000000  2.000000  
75.318870 0.003903  0.085151  -0.002917  0.993197  0.103241  -0.053852  -0.103838  0.994559  -0.008395  0.052692  0.013929  0.998514  -0.001529  -0.023380  -0.001895  0.000000  0.000000  0.000000  2.000000  
75.320115 0.003900  0.085122  -0.002918  0.993176  0.103446  -0.053854  -0.104042  0.994538  -0.008383  0.052692  0.013929  0.998514  -0.001641  -0.023362  -0.001757  0.000000  0.000000  0.000000  2.000000  
75.321122 0.003898  0.085099  -0.002919  0.993155  0.103651  -0.053855  -0.104247  0.994516  -0.008372  0.052692  0.013929  0.998514  -0.001699  -0.023348  -0.001613  0.000000  0.000000  0.000000  2.000000  
75.322369 0.003895  0.085069  -0.002920  0.993155  0.103651  -0.053855  -0.104247  0.994516  -0.008372  0.052692  0.013929  0.998514  -0.001814  -0.023328  -0.001472  0.000000  0.000000  0.000000  2.000000  
75.323614 0.003891  0.085040  -0.002921  0.993133  0.103856  -0.053857  -0.104451  0.994495  -0.008361  0.052692  0.013929  0.998514  -0.001947  -0.023353  -0.001387  0.000000  0.000000  0.000000  2.000000  
75.324615 0.003888  0.085016  -0.002921  0.993126  0.103854  -0.053990  -0.104451  0.994495  -0.008347  0.052826  0.013929  0.998507  -0.002072  -0.023386  -0.001289  0.000000  0.000000  0.000000  2.000000  
75.325867 0.003884  0.084987  -0.002921  0.993105  0.104058  -0.053992  -0.104655  0.994474  -0.008336  0.052826  0.013929  0.998507  -0.002186  -0.023366  -0.001116  0.000000  0.000000  0.000000  2.000000  
75.326873 0.003881  0.084963  -0.002921  0.993083  0.104263  -0.053993  -0.104860  0.994452  -0.008325  0.052826  0.013929  0.998507  -0.002332  -0.023401  -0.000969  0.000000  0.000000  0.000000  2.000000  
75.327879 0.003877  0.084939  -0.002922  0.993083  0.104263  -0.053993  -0.104860  0.994452  -0.008325  0.052826  0.013929  0.998507  -0.002476  -0.023382  -0.000848  0.000000  0.000000  0.000000  2.000000  
75.329113 0.003872  0.084910  -0.002921  0.993061  0.104468  -0.053995  -0.105064  0.994431  -0.008314  0.052826  0.013929  0.998507  -0.002626  -0.023443  -0.000658  0.000000  0.000000  0.000000  2.000000  
75.330117 0.003868  0.084886  -0.002921  0.993061  0.104468  -0.053995  -0.105064  0.994431  -0.008314  0.052826  0.013929  0.998507  -0.002763  -0.023464  -0.000528  0.000000  0.000000  0.000000  2.000000  
75.331361 0.003863  0.084856  -0.002921  0.993040  0.104673  -0.053997  -0.105268  0.994409  -0.008303  0.052826  0.013929  0.998507  -0.002973  -0.023531  -0.000450  0.000000  0.000000  0.000000  2.000000  
75.332412 0.003858  0.084832  -0.002921  0.993040  0.104673  -0.053997  -0.105268  0.994409  -0.008303  0.052826  0.013929  0.998507  -0.003145  -0.023491  -0.000357  0.000000  0.000000  0.000000  2.000000  
75.333615 0.003853  0.084802  -0.002921  0.993018  0.104877  -0.053999  -0.105473  0.994388  -0.008292  0.052826  0.013929  0.998507  -0.003394  -0.023682  -0.000288  0.000000  0.000000  0.000000  2.000000  
75.334616 0.003847  0.084778  -0.002921  0.993018  0.104877  -0.053999  -0.105473  0.994388  -0.008292  0.052826  0.013929  0.998507  -0.003597  -0.023707  -0.000254  0.000000  0.000000  0.000000  2.000000  
75.335863 0.003841  0.084747  -0.002922  0.993018  0.104877  -0.053999  -0.105473  0.994388  -0.008292  0.052826  0.013929  0.998507  -0.003781  -0.023835  -0.000235  0.000000  0.000000  0.000000  2.000000  
75.336866 0.003836  0.084723  -0.002922  0.992996  0.105082  -0.054000  -0.105677  0.994366  -0.008281  0.052826  0.013929  0.998507  -0.003965  -0.023901  -0.000179  0.000000  0.000000  0.000000  2.000000  
75.337881 0.003830  0.084698  -0.002922  0.992996  0.105076  -0.054013  -0.105677  0.994365  -0.008401  0.052826  0.014050  0.998505  -0.004213  -0.023988  -0.000159  0.000000  0.000000  0.000000  2.000000  
75.339119 0.003823  0.084667  -0.002922  0.992996  0.105076  -0.054013  -0.105677  0.994365  -0.008401  0.052826  0.014050  0.998505  -0.004468  -0.024108  -0.000053  0.000000  0.000000  0.000000  2.000000  
75.340364 0.003816  0.084635  -0.002922  0.992975  0.105280  -0.054015  -0.105882  0.994343  -0.008390  0.052826  0.014050  0.998505  -0.004669  -0.024243  -0.000057  0.000000  0.000000  0.000000  2.000000  
75.341365 0.003809  0.084610  -0.002922  0.992975  0.105280  -0.054015  -0.105882  0.994343  -0.008390  0.052826  0.014050  0.998505  -0.004869  -0.024392  -0.000043  0.000000  0.000000  0.000000  2.000000  
75.342365 0.003803  0.084585  -0.002921  0.992975  0.105280  -0.054015  -0.105882  0.994343  -0.008390  0.052826  0.014050  0.998505  -0.005077  -0.024488  0.000021  0.000000  0.000000  0.000000  2.000000  
75.343615 0.003795  0.084553  -0.002921  0.992953  0.105485  -0.054016  -0.106086  0.994322  -0.008379  0.052826  0.014050  0.998505  -0.005265  -0.024622  0.000047  0.000000  0.000000  0.000000  2.000000  
75.344867 0.003787  0.084520  -0.002921  0.992953  0.105485  -0.054016  -0.106086  0.994322  -0.008379  0.052826  0.014050  0.998505  -0.005471  -0.024799  -0.000028  0.000000  0.000000  0.000000  2.000000  
75.346115 0.003779  0.084488  -0.002921  0.992931  0.105690  -0.054018  -0.106291  0.994300  -0.008368  0.052826  0.014050  0.998505  -0.005672  -0.024932  -0.000013  0.000000  0.000000  0.000000  2.000000  
75.347116 0.003773  0.084462  -0.002921  0.992931  0.105690  -0.054018  -0.106291  0.994300  -0.008368  0.052826  0.014050  0.998505  -0.005786  -0.025171  -0.000003  0.000000  0.000000  0.000000  2.000000  
75.348124 0.003766  0.084436  -0.002922  0.992931  0.105690  -0.054018  -0.106291  0.994300  -0.008368  0.052826  0.014050  0.998505  -0.005903  -0.025195  -0.000037  0.000000  0.000000  0.000000  2.000000  
75.349387 0.003759  0.084404  -0.002922  0.992931  0.105690  -0.054018  -0.106291  0.994300  -0.008368  0.052826  0.014050  0.998505  -0.006001  -0.025308  -0.000037  0.000000  0.000000  0.000000  2.000000  
75.350610 0.003750  0.084371  -0.002922  0.992909  0.105894  -0.054020  -0.106495  0.994278  -0.008357  0.052826  0.014050  0.998505  -0.006172  -0.025505  -0.000017  0.000000  0.000000  0.000000  2.000000  
75.351611 0.003744  0.084345  -0.002923  0.992909  0.105894  -0.054020  -0.106495  0.994278  -0.008357  0.052826  0.014050  0.998505  -0.006229  -0.025622  -0.000032  0.000000  0.000000  0.000000  2.000000  
75.352612 0.003737  0.084319  -0.002923  0.992909  0.105894  -0.054020  -0.106495  0.994278  -0.008357  0.052826  0.014050  0.998505  -0.006328  -0.025744  -0.000034  0.000000  0.000000  0.000000  2.000000  
75.353619 0.003730  0.084292  -0.002923  0.992887  0.106099  -0.054022  -0.106699  0.994256  -0.008346  0.052826  0.014050  0.998505  -0.006366  -0.025870  -0.000044  0.000000  0.000000  0.000000  2.000000  
75.354876 0.003722  0.084258  -0.002923  0.992887  0.106099  -0.054022  -0.106699  0.994256  -0.008346  0.052826  0.014050  0.998505  -0.006400  -0.025952  -0.000093  0.000000  0.000000  0.000000  2.000000  
75.356115 0.003714  0.084225  -0.002924  0.992887  0.106099  -0.054022  -0.106699  0.994256  -0.008346  0.052826  0.014050  0.998505  -0.006455  -0.026089  -0.000132  0.000000  0.000000  0.000000  2.000000  
75.357362 0.003706  0.084191  -0.002924  0.992865  0.106304  -0.054023  -0.106904  0.994234  -0.008335  0.052826  0.014050  0.998505  -0.006475  -0.026232  -0.000203  0.000000  0.000000  0.000000  2.000000  
75.358365 0.003700  0.084164  -0.002925  0.992865  0.106304  -0.054023  -0.106904  0.994234  -0.008335  0.052826  0.014050  0.998505  -0.006474  -0.026313  -0.000242  0.000000  0.000000  0.000000  2.000000  
75.359615 0.003692  0.084130  -0.002926  0.992843  0.106508  -0.054025  -0.107108  0.994213  -0.008323  0.052826  0.014050  0.998505  -0.006463  -0.026436  -0.000293  0.000000  0.000000  0.000000  2.000000  
75.360867 0.003684  0.084097  -0.002926  0.992843  0.106508  -0.054025  -0.107108  0.994213  -0.008323  0.052826  0.014050  0.998505  -0.006449  -0.026550  -0.000343  0.000000  0.000000  0.000000  2.000000  
75.361868 0.003678  0.084069  -0.002927  0.992821  0.106713  -0.054027  -0.107313  0.994191  -0.008312  0.052826  0.014050  0.998505  -0.006455  -0.026649  -0.000392  0.000000  0.000000  0.000000  2.000000  
75.362874 0.003672  0.084042  -0.002927  0.992821  0.106713  -0.054027  -0.107313  0.994191  -0.008312  0.052826  0.014050  0.998505  -0.006391  -0.026703  -0.000368  0.000000  0.000000  0.000000  2.000000  
75.364112 0.003665  0.084008  -0.002928  0.992799  0.106918  -0.054028  -0.107517  0.994169  -0.008301  0.052826  0.014050  0.998505  -0.006371  -0.026801  -0.000464  0.000000  0.000000  0.000000  2.000000  
75.365115 0.003659  0.083982  -0.002929  0.992799  0.106918  -0.054028  -0.107517  0.994169  -0.008301  0.052826  0.014050  0.998505  -0.006302  -0.026842  -0.000485  0.000000  0.000000  0.000000  2.000000  
75.366118 0.003653  0.083955  -0.002930  0.992777  0.107129  -0.054017  -0.107721  0.994148  -0.008169  0.052826  0.013929  0.998507  -0.006263  -0.026906  -0.000527  0.000000  0.000000  0.000000  2.000000  
75.367361 0.003646  0.083921  -0.002931  0.992754  0.107334  -0.054019  -0.107926  0.994125  -0.008158  0.052826  0.013929  0.998507  -0.006195  -0.026950  -0.000548  0.000000  0.000000  0.000000  2.000000  
75.368362 0.003640  0.083894  -0.002932  0.992754  0.107334  -0.054019  -0.107926  0.994125  -0.008158  0.052826  0.013929  0.998507  -0.006153  -0.027011  -0.000619  0.000000  0.000000  0.000000  2.000000  
75.369610 0.003633  0.083860  -0.002934  0.992732  0.107538  -0.054021  -0.108130  0.994103  -0.008147  0.052826  0.013929  0.998507  -0.006060  -0.027027  -0.000736  0.000000  0.000000  0.000000  2.000000  
75.370617 0.003627  0.083833  -0.002935  0.992710  0.107743  -0.054022  -0.108335  0.994081  -0.008136  0.052826  0.013929  0.998507  -0.005979  -0.027046  -0.000790  0.000000  0.000000  0.000000  2.000000  
75.371867 0.003621  0.083799  -0.002937  0.992710  0.107743  -0.054022  -0.108335  0.994081  -0.008136  0.052826  0.013929  0.998507  -0.005900  -0.027062  -0.000857  0.000000  0.000000  0.000000  2.000000  
75.372868 0.003615  0.083771  -0.002938  0.992688  0.107948  -0.054024  -0.108539  0.994059  -0.008125  0.052826  0.013929  0.998507  -0.005840  -0.027125  -0.000892  0.000000  0.000000  0.000000  2.000000  
75.374116 0.003608  0.083737  -0.002939  0.992665  0.108152  -0.054026  -0.108743  0.994037  -0.008114  0.052826  0.013929  0.998507  -0.005774  -0.027099  -0.000924  0.000000  0.000000  0.000000  2.000000  
75.375365 0.003602  0.083704  -0.002940  0.992643  0.108357  -0.054027  -0.108948  0.994014  -0.008103  0.052826  0.013929  0.998507  -0.005679  -0.027094  -0.000937  0.000000  0.000000  0.000000  2.000000  
75.376615 0.003597  0.083670  -0.002942  0.992620  0.108562  -0.054029  -0.109152  0.993992  -0.008092  0.052826  0.013929  0.998507  -0.005523  -0.027077  -0.000999  0.000000  0.000000  0.000000  2.000000  
75.377878 0.003590  0.083636  -0.002943  0.992620  0.108568  -0.054016  -0.109152  0.993993  -0.007971  0.052826  0.013808  0.998508  -0.005453  -0.027057  -0.001031  0.000000  0.000000  0.000000  2.000000  
75.379114 0.003584  0.083602  -0.002945  0.992598  0.108773  -0.054017  -0.109356  0.993971  -0.007960  0.052826  0.013808  0.998508  -0.005348  -0.027083  -0.001079  0.000000  0.000000  0.000000  2.000000  
75.380117 0.003579  0.083576  -0.002946  0.992575  0.108977  -0.054019  -0.109561  0.993948  -0.007949  0.052826  0.013808  0.998508  -0.005289  -0.027065  -0.001125  0.000000  0.000000  0.000000  2.000000  
75.381362 0.003574  0.083542  -0.002947  0.992553  0.109182  -0.054021  -0.109765  0.993926  -0.007938  0.052826  0.013808  0.998508  -0.005181  -0.027041  -0.001125  0.000000  0.000000  0.000000  2.000000  
75.382370 0.003569  0.083515  -0.002949  0.992530  0.109387  -0.054022  -0.109969  0.993903  -0.007927  0.052826  0.013808  0.998508  -0.005089  -0.027091  -0.001187  0.000000  0.000000  0.000000  2.000000  
75.383610 0.003564  0.083482  -0.002950  0.992530  0.109387  -0.054022  -0.109969  0.993903  -0.007927  0.052826  0.013808  0.998508  -0.004977  -0.027030  -0.001184  0.000000  0.000000  0.000000  2.000000  
