1-Time 2-Px 3-Py 4-Pz 5-R11 6-R21 7-R31 8-R12 9-R22 10-R32 11-R13 12-R23 13-R33 14-Vx 15-Vy 16-Vz 17-Wx 18-Wy 19-Wz 20-state 21-PR11 22-PR21 23-PR31 24-PR12 25-PR22 26-PR32 27-PR13 28-PR23 29-PR33 
27.912793 0.011479  0.093436  -0.019558  0.991902  0.100489  -0.077669  -0.096483  0.993884  0.053727  0.082593  -0.045798  0.995530  0.000348  0.000452  -0.000062  0.000000  0.000000  0.000000  2.000000  
27.913798 0.011479  0.093436  -0.019558  0.991891  0.100495  -0.077802  -0.096482  0.993883  0.053740  0.082727  -0.045798  0.995519  0.000358  0.000449  -0.000102  0.000000  0.000000  0.000000  2.000000  
27.914805 0.011482  0.093436  -0.019558  0.991849  0.100721  -0.078044  -0.096684  0.993855  0.053903  0.082993  -0.045918  0.995492  0.000507  0.000423  -0.000043  0.000000  0.000000  0.000000  2.000000  
27.916052 0.011485  0.093436  -0.019558  0.991776  0.101158  -0.078407  -0.097089  0.993805  0.054094  0.083393  -0.046037  0.995453  0.000731  0.000391  -0.000075  0.000000  0.000000  0.000000  2.000000  
27.917308 0.011490  0.093434  -0.019557  0.991722  0.101391  -0.078781  -0.097290  0.993775  0.054270  0.083793  -0.046156  0.995414  0.000997  0.000228  -0.000022  0.000000  0.000000  0.000000  2.000000  
27.918552 0.011495  0.093432  -0.019558  0.991669  0.101633  -0.079143  -0.097490  0.993739  0.054566  0.084193  -0.046396  0.995369  0.001393  0.000057  -0.000070  0.000000  0.000000  0.000000  2.000000  
27.919559 0.011501  0.093431  -0.019559  0.991584  0.102077  -0.079638  -0.097894  0.993688  0.054772  0.084727  -0.046515  0.995318  0.001701  -0.000056  -0.000085  0.000000  0.000000  0.000000  2.000000  
27.920801 0.011508  0.093430  -0.019559  0.991478  0.102735  -0.080110  -0.098502  0.993609  0.055115  0.085260  -0.046754  0.995261  0.002149  -0.000145  -0.000100  0.000000  0.000000  0.000000  2.000000  
27.921810 0.011514  0.093429  -0.019559  0.991362  0.103581  -0.080449  -0.099315  0.993516  0.055341  0.085660  -0.046873  0.995221  0.002531  -0.000229  -0.000064  0.000000  0.000000  0.000000  2.000000  
27.923050 0.011521  0.093428  -0.019560  0.991255  0.104230  -0.080932  -0.099923  0.993443  0.055564  0.086193  -0.046991  0.995170  0.002980  -0.000378  -0.000171  0.000000  0.000000  0.000000  2.000000  
27.924050 0.011527  0.093428  -0.019561  0.991158  0.104872  -0.081283  -0.100532  0.993369  0.055775  0.086593  -0.047111  0.995129  0.003374  -0.000417  -0.000274  0.000000  0.000000  0.000000  2.000000  
27.925051 0.011534  0.093429  -0.019563  0.991038  0.105526  -0.081898  -0.101138  0.993294  0.056013  0.087259  -0.047229  0.995065  0.003842  -0.000319  -0.000331  0.058857  0.178683  0.125673  2.000000  
27.926298 0.011543  0.093431  -0.019564  0.990885  0.106392  -0.082633  -0.101947  0.993196  0.056283  0.088059  -0.047346  0.994989  0.004394  -0.000255  -0.000470  0.065335  0.204349  0.154495  2.000000  
27.927553 0.011553  0.093433  -0.019565  0.990709  0.107462  -0.083357  -0.102959  0.993076  0.056571  0.088859  -0.047463  0.994913  0.005030  -0.000211  -0.000499  0.072994  0.229297  0.197033  2.000000  
27.928798 0.011564  0.093434  -0.019567  0.990519  0.108539  -0.084212  -0.103970  0.992953  0.056875  0.089792  -0.047580  0.994823  0.005671  -0.000119  -0.000597  0.080170  0.254715  0.232815  2.000000  
27.929798 0.011575  0.093436  -0.019568  0.990395  0.109194  -0.084825  -0.104576  0.992875  0.057117  0.090458  -0.047698  0.994757  0.006228  0.000001  -0.000682  0.086093  0.276137  0.254488  2.000000  
27.931046 0.011588  0.093437  -0.019568  0.990223  0.110077  -0.085678  -0.105382  0.992766  0.057526  0.091391  -0.047935  0.994661  0.006866  0.000100  -0.000659  0.096584  0.298986  0.287848  2.000000  
27.932051 0.011599  0.093437  -0.019566  0.990085  0.110749  -0.086410  -0.105986  0.992680  0.057905  0.092190  -0.048173  0.994575  0.007419  0.000208  -0.000605  0.107455  0.327399  0.312183  2.000000  
27.933317 0.011613  0.093435  -0.019565  0.989877  0.111854  -0.087368  -0.106994  0.992539  0.058469  0.093256  -0.048530  0.994459  0.007983  0.000207  -0.000484  0.122797  0.361414  0.348135  2.000000  
27.934318 0.011625  0.093433  -0.019565  0.989723  0.112534  -0.088230  -0.107596  0.992450  0.058865  0.094188  -0.048767  0.994359  0.008455  0.000125  -0.000387  0.133548  0.386960  0.376927  2.000000  
27.935551 0.011641  0.093429  -0.019562  0.989521  0.113442  -0.089330  -0.108399  0.992330  0.059429  0.095387  -0.049123  0.994227  0.009016  -0.000063  -0.000210  0.148507  0.426166  0.406604  2.000000  
27.936804 0.011656  0.093425  -0.019560  0.989303  0.114357  -0.090562  -0.109199  0.992207  0.060009  0.096719  -0.049478  0.994081  0.009460  -0.000329  -0.000072  0.164134  0.464919  0.443058  2.000000  
27.938051 0.011669  0.093418  -0.019558  0.989119  0.115063  -0.091673  -0.109798  0.992107  0.060558  0.097917  -0.049834  0.993946  0.009961  -0.000625  0.000136  0.178495  0.504294  0.465737  2.000000  
27.939303 0.011685  0.093412  -0.019556  0.988920  0.115764  -0.092929  -0.110394  0.992014  0.061003  0.099249  -0.050069  0.993802  0.010372  -0.001066  0.000323  0.189471  0.543289  0.495207  2.000000  
27.940551 0.011700  0.093407  -0.019556  0.988746  0.116464  -0.093906  -0.110993  0.991914  0.061540  0.100314  -0.050425  0.993677  0.010844  -0.001517  0.000493  0.203844  0.578123  0.517661  2.000000  
27.941800 0.011715  0.093403  -0.019555  0.988533  0.117364  -0.095016  -0.111793  0.991796  0.061993  0.101512  -0.050660  0.993544  0.011293  -0.001970  0.000665  0.215528  0.612379  0.553903  2.000000  
27.943051 0.011730  0.093399  -0.019552  0.988365  0.117857  -0.096150  -0.112186  0.991726  0.062407  0.102710  -0.050894  0.993409  0.011520  -0.002278  0.000868  0.225321  0.652193  0.569788  2.000000  
27.944311 0.011746  0.093397  -0.019549  0.988195  0.118349  -0.097284  -0.112579  0.991655  0.062823  0.103907  -0.051129  0.993272  0.011763  -0.002617  0.001274  0.233226  0.677275  0.580310  2.000000  
27.945548 0.011763  0.093395  -0.019544  0.988023  0.118843  -0.098418  -0.112972  0.991584  0.063239  0.105105  -0.051363  0.993134  0.011947  -0.002776  0.001574  0.237177  0.709143  0.575465  2.000000  
27.946548 0.011774  0.093394  -0.019540  0.987888  0.119126  -0.099432  -0.113162  0.991538  0.063621  0.106169  -0.051599  0.993008  0.012023  -0.002949  0.001825  0.239416  0.732360  0.580854  2.000000  
27.947549 0.011785  0.093391  -0.019535  0.987751  0.119409  -0.100446  -0.113353  0.991491  0.064003  0.107234  -0.051833  0.992882  0.012041  -0.003036  0.002109  0.242612  0.752952  0.584571  2.000000  
27.948882 0.011799  0.093387  -0.019526  0.987599  0.119700  -0.101591  -0.113541  0.991444  0.064401  0.108431  -0.052068  0.992739  0.011868  -0.003124  0.002556  0.243687  0.779470  0.582003  2.000000  
27.950048 0.011811  0.093382  -0.019518  0.987430  0.119998  -0.102868  -0.113728  0.991396  0.064814  0.109761  -0.052301  0.992581  0.011763  -0.003273  0.003028  0.246174  0.806549  0.573587  2.000000  
27.951055 0.011820  0.093376  -0.019510  0.987328  0.120072  -0.103763  -0.113716  0.991374  0.065161  0.110692  -0.052536  0.992465  0.011566  -0.003409  0.003430  0.249961  0.827943  0.551586  2.000000  
27.952304 0.011831  0.093368  -0.019501  0.987171  0.120364  -0.104907  -0.113904  0.991326  0.065560  0.111889  -0.052770  0.992319  0.011327  -0.003565  0.003941  0.251062  0.848669  0.534998  2.000000  
27.953551 0.011841  0.093360  -0.019489  0.987013  0.120670  -0.106037  -0.114091  0.991270  0.066080  0.113085  -0.053124  0.992164  0.011038  -0.003728  0.004574  0.255566  0.874394  0.519823  2.000000  
27.954555 0.011849  0.093354  -0.019480  0.986907  0.120732  -0.106945  -0.114079  0.991256  0.066307  0.114016  -0.053238  0.992051  0.010723  -0.003832  0.005164  0.255772  0.886085  0.496043  2.000000  
27.955802 0.011858  0.093345  -0.019468  0.986755  0.120843  -0.108220  -0.114062  0.991224  0.066820  0.115345  -0.053591  0.991879  0.010311  -0.004051  0.005894  0.263700  0.908008  0.473407  2.000000  
27.956805 0.011865  0.093339  -0.019460  0.986647  0.120906  -0.109128  -0.114049  0.991210  0.067047  0.116275  -0.053705  0.991764  0.009963  -0.004264  0.006331  0.261206  0.913739  0.446161  2.000000  
27.958050 0.011875  0.093332  -0.019451  0.986507  0.120997  -0.110285  -0.114033  0.991186  0.067424  0.117471  -0.053938  0.991610  0.009646  -0.004450  0.006794  0.260678  0.925512  0.416335  2.000000  
27.959052 0.011882  0.093327  -0.019442  0.986398  0.121060  -0.111193  -0.114020  0.991172  0.067651  0.118401  -0.054053  0.991494  0.009242  -0.004744  0.007239  0.256208  0.939038  0.392672  2.000000  
27.960298 0.011891  0.093321  -0.019433  0.986255  0.121152  -0.112349  -0.114004  0.991148  0.068029  0.119597  -0.054285  0.991337  0.008816  -0.004986  0.007462  0.255687  0.946344  0.363127  2.000000  
27.961303 0.011898  0.093316  -0.019426  0.986144  0.121217  -0.113257  -0.113991  0.991134  0.068255  0.120526  -0.054399  0.991218  0.008422  -0.005206  0.007714  0.250977  0.955131  0.338637  2.000000  
27.962547 0.011904  0.093309  -0.019417  0.986015  0.121302  -0.114281  -0.113976  0.991111  0.068618  0.121589  -0.054633  0.991076  0.007918  -0.005457  0.007841  0.246988  0.957209  0.316089  2.000000  
27.963802 0.011911  0.093303  -0.019408  0.985909  0.121170  -0.115335  -0.113758  0.991121  0.068836  0.122651  -0.054746  0.990939  0.007487  -0.005664  0.007936  0.235327  0.961688  0.276106  2.000000  
27.964895 0.011915  0.093296  -0.019400  0.985794  0.121235  -0.116242  -0.113745  0.991107  0.069062  0.123581  -0.054859  0.990817  0.006973  -0.005769  0.007922  0.225059  0.956683  0.249194  2.000000  
27.966050 0.011919  0.093288  -0.019390  0.985662  0.121322  -0.117266  -0.113730  0.991083  0.069424  0.124643  -0.055092  0.990671  0.006602  -0.005884  0.008017  0.221835  0.952747  0.227677  2.000000  
27.967051 0.011923  0.093282  -0.019381  0.985586  0.121176  -0.118055  -0.113515  0.991095  0.069612  0.125439  -0.055207  0.990564  0.006254  -0.005903  0.008055  0.211628  0.944876  0.206989  2.000000  
27.968054 0.011926  0.093275  -0.019372  0.985469  0.121242  -0.118962  -0.113502  0.991080  0.069838  0.126369  -0.055321  0.990440  0.005899  -0.005838  0.008096  0.207220  0.945128  0.187853  2.000000  
27.969303 0.011930  0.093268  -0.019359  0.985357  0.121111  -0.120015  -0.113283  0.991090  0.070055  0.127430  -0.055433  0.990297  0.005533  -0.005807  0.008206  0.198423  0.938387  0.159150  2.000000  
27.970313 0.011933  0.093262  -0.019350  0.985238  0.121178  -0.120922  -0.113270  0.991075  0.070281  0.128359  -0.055547  0.990171  0.005179  -0.005761  0.008206  0.189600  0.942479  0.139815  2.000000  
27.971567 0.011939  0.093256  -0.019336  0.985101  0.121266  -0.121945  -0.113254  0.991052  0.070642  0.129421  -0.055779  0.990020  0.004964  -0.005634  0.008434  0.186470  0.939250  0.112324  2.000000  
27.972801 0.011944  0.093251  -0.019323  0.984980  0.121333  -0.122852  -0.113240  0.991037  0.070868  0.130349  -0.055892  0.989891  0.004679  -0.005541  0.008617  0.180954  0.931527  0.098342  2.000000  
27.974051 0.011950  0.093247  -0.019311  0.984841  0.121407  -0.123890  -0.113224  0.991022  0.071110  0.131411  -0.056004  0.989745  0.004549  -0.005352  0.008718  0.175366  0.928094  0.084568  2.000000  
27.975303 0.011957  0.093243  -0.019301  0.984741  0.121271  -0.124810  -0.113007  0.991032  0.071310  0.132339  -0.056117  0.989615  0.004324  -0.005221  0.008834  0.168773  0.919740  0.063622  2.000000  
27.976553 0.011963  0.093239  -0.019290  0.984618  0.121323  -0.125731  -0.112993  0.991026  0.071416  0.133267  -0.056110  0.989491  0.004279  -0.005076  0.008940  0.159806  0.906632  0.056140  2.000000  
27.977553 0.011969  0.093235  -0.019283  0.984529  0.121376  -0.126374  -0.112983  0.991013  0.071611  0.133930  -0.056225  0.989394  0.004267  -0.004965  0.008975  0.154909  0.893573  0.048714  2.000000  
27.978800 0.011976  0.093231  -0.019273  0.984422  0.121420  -0.127163  -0.112971  0.991008  0.071702  0.134726  -0.056219  0.989287  0.004365  -0.004797  0.008994  0.145112  0.884558  0.041490  2.000000  
27.980046 0.011983  0.093226  -0.019265  0.984314  0.121481  -0.127937  -0.112958  0.990994  0.071913  0.135521  -0.056333  0.989172  0.004479  -0.004590  0.008924  0.139831  0.864735  0.033762  2.000000  
27.981048 0.011989  0.093222  -0.019259  0.984242  0.121511  -0.128463  -0.112950  0.990991  0.071973  0.136051  -0.056329  0.989099  0.004625  -0.004415  0.008784  0.131757  0.851515  0.033140  2.000000  
27.982052 0.011995  0.093218  -0.019253  0.984170  0.121556  -0.128974  -0.112942  0.990978  0.072154  0.136582  -0.056445  0.989019  0.004825  -0.004250  0.008582  0.126827  0.838359  0.025754  2.000000  
27.983303 0.012003  0.093213  -0.019245  0.984060  0.121601  -0.129763  -0.112929  0.990973  0.072244  0.137377  -0.056438  0.988910  0.005114  -0.004057  0.008264  0.117859  0.825352  0.018321  2.000000  
27.984318 0.012010  0.093209  -0.019239  0.983987  0.121647  -0.130274  -0.112921  0.990961  0.072425  0.137907  -0.056554  0.988829  0.005363  -0.003877  0.008021  0.114696  0.809461  0.017377  2.000000  
27.985553 0.012020  0.093206  -0.019231  0.983895  0.121701  -0.130917  -0.112910  0.990948  0.072620  0.138569  -0.056669  0.988730  0.005752  -0.003668  0.007667  0.106562  0.787339  0.016334  2.000000  
27.986803 0.012030  0.093203  -0.019223  0.983784  0.121746  -0.131705  -0.112897  0.990943  0.072711  0.139364  -0.056663  0.988619  0.006055  -0.003438  0.007391  0.101618  0.776399  0.016002  2.000000  
27.988051 0.012042  0.093202  -0.019214  0.983692  0.121799  -0.132347  -0.112887  0.990929  0.072906  0.140027  -0.056777  0.988519  0.006485  -0.003194  0.007166  0.098389  0.756157  0.014780  2.000000  
27.989303 0.012055  0.093202  -0.019204  0.983580  0.121845  -0.133136  -0.112874  0.990924  0.072997  0.140822  -0.056771  0.988406  0.006887  -0.002919  0.007016  0.090175  0.742438  0.014115  2.000000  
27.990306 0.012066  0.093202  -0.019197  0.983505  0.121875  -0.133661  -0.112865  0.990921  0.073057  0.141352  -0.056766  0.988331  0.007302  -0.002659  0.006898  0.086067  0.728873  0.013406  2.000000  
27.991551 0.012079  0.093203  -0.019187  0.983429  0.121905  -0.134187  -0.112857  0.990917  0.073117  0.141881  -0.056762  0.988255  0.007709  -0.002406  0.006868  0.077897  0.710953  0.012488  2.000000  
27.992798 0.012093  0.093204  -0.019178  0.983354  0.121919  -0.134727  -0.112848  0.990923  0.073058  0.142411  -0.056638  0.988186  0.008170  -0.002014  0.006848  0.070640  0.692645  0.018330  2.000000  
27.994056 0.012107  0.093205  -0.019169  0.983278  0.121949  -0.135252  -0.112839  0.990919  0.073118  0.142941  -0.056633  0.988110  0.008707  -0.001572  0.006842  0.062479  0.670309  0.017155  2.000000  
27.995302 0.012122  0.093207  -0.019160  0.983202  0.121963  -0.135793  -0.112831  0.990925  0.073058  0.143471  -0.056509  0.988040  0.009228  -0.001114  0.006905  0.054293  0.652163  0.016140  2.000000  
27.996551 0.012137  0.093209  -0.019153  0.983102  0.122180  -0.136318  -0.113024  0.990905  0.073026  0.144000  -0.056385  0.987970  0.009675  -0.000703  0.006822  0.047988  0.633454  0.028822  2.000000  
27.997553 0.012149  0.093210  -0.019148  0.983044  0.122186  -0.136726  -0.113018  0.990911  0.072951  0.144397  -0.056262  0.987919  0.010111  -0.000290  0.006824  0.035760  0.620087  0.028106  2.000000  
27.998554 0.012162  0.093212  -0.019142  0.983006  0.122201  -0.136989  -0.113013  0.990910  0.072981  0.144662  -0.056260  0.987880  0.010535  0.000107  0.006772  0.031673  0.597532  0.026872  2.000000  
27.999555 0.012174  0.093214  -0.019137  0.982948  0.122207  -0.137398  -0.113006  0.990916  0.072906  0.145059  -0.056136  0.987829  0.010889  0.000452  0.006720  0.024462  0.583721  0.032959  2.000000  
28.000803 0.012191  0.093217  -0.019130  0.982890  0.122229  -0.137792  -0.113000  0.990913  0.072952  0.145456  -0.056133  0.987771  0.011295  0.000819  0.006608  0.020383  0.556728  0.031468  2.000000  
28.002049 0.012207  0.093219  -0.019123  0.982832  0.122252  -0.138186  -0.112993  0.990911  0.072997  0.145854  -0.056130  0.987713  0.011667  0.001134  0.006523  0.016174  0.538829  0.030489  2.000000  
28.003051 0.012221  0.093221  -0.019119  0.982751  0.122478  -0.138564  -0.113189  0.990883  0.073071  0.146251  -0.056126  0.987654  0.011904  0.001289  0.006336  0.013080  0.525088  0.036552  2.000000  
28.004051 0.012234  0.093224  -0.019113  0.982712  0.122493  -0.138827  -0.113184  0.990881  0.073101  0.146515  -0.056124  0.987615  0.012127  0.001487  0.006210  0.009121  0.502740  0.035375  2.000000  
28.005305 0.012250  0.093226  -0.019105  0.982634  0.122523  -0.139352  -0.113175  0.990878  0.073162  0.147045  -0.056120  0.987537  0.012304  0.001614  0.006086  0.006011  0.488555  0.041457  2.000000  
28.006307 0.012263  0.093229  -0.019100  0.982595  0.122538  -0.139615  -0.113171  0.990876  0.073192  0.147309  -0.056118  0.987497  0.012496  0.001788  0.005932  0.006018  0.475129  0.040696  2.000000  
28.007553 0.012279  0.093232  -0.019093  0.982536  0.122560  -0.140008  -0.113164  0.990873  0.073237  0.147706  -0.056114  0.987438  0.012625  0.001912  0.005778  0.001933  0.462331  0.039884  2.000000  
28.008801 0.012295  0.093235  -0.019086  0.982497  0.122558  -0.140286  -0.113159  0.990881  0.073147  0.147971  -0.055992  0.987405  0.012719  0.002012  0.005647  -0.002120  0.443682  0.038908  2.000000  
28.009804 0.012307  0.093238  -0.019080  0.982457  0.122573  -0.140548  -0.113155  0.990879  0.073177  0.148236  -0.055990  0.987366  0.012761  0.002142  0.005578  -0.006189  0.430162  0.038164  2.000000  
28.011049 0.012322  0.093242  -0.019072  0.982398  0.122578  -0.140957  -0.113148  0.990885  0.073103  0.148633  -0.055867  0.987313  0.012787  0.002283  0.005639  -0.010261  0.421343  0.037641  2.000000  
28.012302 0.012338  0.093247  -0.019063  0.982358  0.122576  -0.141234  -0.113144  0.990892  0.073013  0.148897  -0.055745  0.987280  0.012821  0.002483  0.005752  -0.018406  0.403301  0.036613  2.000000  
28.013551 0.012353  0.093252  -0.019056  0.982319  0.122573  -0.141511  -0.113139  0.990900  0.072923  0.149162  -0.055623  0.987247  0.012777  0.002662  0.005768  -0.026552  0.389828  0.035847  2.000000  
28.014553 0.012366  0.093257  -0.019049  0.982279  0.122588  -0.141774  -0.113134  0.990898  0.072953  0.149427  -0.055621  0.987207  0.012775  0.002830  0.005855  -0.026549  0.380884  0.035340  2.000000  
28.015799 0.012381  0.093262  -0.019042  0.982219  0.122593  -0.142182  -0.113128  0.990904  0.072878  0.149823  -0.055497  0.987154  0.012681  0.003023  0.005875  -0.034703  0.371973  0.034835  2.000000  
28.017050 0.012396  0.093268  -0.019035  0.982203  0.122404  -0.142460  -0.112921  0.990928  0.072879  0.150088  -0.055495  0.987114  0.012581  0.003245  0.005934  -0.039768  0.354326  0.026994  2.000000  
28.018079 0.012408  0.093271  -0.019030  0.982163  0.122419  -0.142722  -0.112916  0.990926  0.072909  0.150353  -0.055493  0.987074  0.012452  0.003347  0.005894  -0.039726  0.345006  0.026457  2.000000  
28.019304 0.012422  0.093275  -0.019024  0.982123  0.122433  -0.142985  -0.112912  0.990924  0.072939  0.150617  -0.055491  0.987034  0.012317  0.003409  0.005837  -0.039755  0.327334  0.025458  2.000000  
28.020550 0.012436  0.093280  -0.019018  0.982106  0.122244  -0.143262  -0.112705  0.990948  0.072940  0.150882  -0.055488  0.986993  0.012183  0.003488  0.005788  -0.040770  0.318787  0.018116  2.000000  
28.021798 0.012450  0.093283  -0.019013  0.982066  0.122259  -0.143524  -0.112700  0.990946  0.072970  0.151146  -0.055486  0.986953  0.012003  0.003510  0.005659  -0.040439  0.307296  0.017463  2.000000  
28.022800 0.012460  0.093285  -0.019008  0.982046  0.122266  -0.143656  -0.112698  0.990945  0.072985  0.151278  -0.055485  0.986933  0.011875  0.003509  0.005569  -0.036695  0.296359  0.016823  2.000000  
28.023800 0.012471  0.093288  -0.019003  0.982029  0.122077  -0.143933  -0.112491  0.990969  0.072986  0.151543  -0.055483  0.986892  0.011794  0.003505  0.005511  -0.037721  0.292307  0.009737  2.000000  
28.024801 0.012482  0.093290  -0.018999  0.982009  0.122067  -0.144079  -0.112489  0.990977  0.072880  0.151675  -0.055362  0.986879  0.011660  0.003445  0.005370  -0.037709  0.283221  0.009189  2.000000  
28.026046 0.012496  0.093293  -0.018994  0.981991  0.121878  -0.144356  -0.112282  0.991000  0.072881  0.151940  -0.055360  0.986838  0.011566  0.003410  0.005210  -0.035391  0.277243  -0.004707  2.000000  
28.027046 0.012507  0.093297  -0.018989  0.981951  0.121892  -0.144619  -0.112277  0.990998  0.072911  0.152204  -0.055357  0.986798  0.011455  0.003402  0.005033  -0.031355  0.272790  -0.004975  2.000000  
28.028047 0.012518  0.093300  -0.018985  0.981954  0.121696  -0.144765  -0.112073  0.991023  0.072896  0.152336  -0.055356  0.986777  0.011377  0.003338  0.004889  -0.032382  0.264289  -0.012254  2.000000  
28.029051 0.012530  0.093305  -0.018980  0.981913  0.121710  -0.145027  -0.112068  0.991021  0.072926  0.152601  -0.055354  0.986736  0.011353  0.003333  0.004770  -0.028343  0.259802  -0.012519  2.000000  
28.030303 0.012544  0.093310  -0.018974  0.981916  0.121496  -0.145188  -0.111864  0.991054  0.072791  0.152733  -0.055233  0.986723  0.011269  0.003326  0.004665  -0.033696  0.248873  -0.020228  2.000000  
28.031554 0.012559  0.093316  -0.018969  0.981898  0.121307  -0.145466  -0.111657  0.991077  0.072791  0.152998  -0.055231  0.986682  0.011233  0.003345  0.004544  -0.034741  0.244763  -0.027310  2.000000  
28.032799 0.012573  0.093322  -0.018963  0.981901  0.121110  -0.145612  -0.111453  0.991101  0.072776  0.153130  -0.055230  0.986662  0.011258  0.003458  0.004563  -0.036520  0.239081  -0.040888  2.000000  
28.034057 0.012588  0.093328  -0.018957  0.981883  0.120903  -0.145904  -0.111246  0.991133  0.072655  0.153394  -0.055108  0.986627  0.011257  0.003537  0.004506  -0.041971  0.232527  -0.048588  2.000000  
28.035304 0.012602  0.093333  -0.018951  0.981886  0.120706  -0.146050  -0.111041  0.991158  0.072640  0.153526  -0.055107  0.986607  0.011257  0.003647  0.004502  -0.042661  0.222021  -0.055447  2.000000  
28.036552 0.012617  0.093339  -0.018945  0.981888  0.120510  -0.146196  -0.110837  0.991182  0.072625  0.153659  -0.055105  0.986586  0.011320  0.003790  0.004590  -0.044073  0.215257  -0.063237  2.000000  
28.037553 0.012628  0.093343  -0.018940  0.981890  0.120313  -0.146342  -0.110632  0.991205  0.072609  0.153791  -0.055104  0.986566  0.011394  0.003954  0.004589  -0.045129  0.211138  -0.070313  2.000000  
28.038800 0.012644  0.093349  -0.018934  0.981872  0.120123  -0.146619  -0.110426  0.991229  0.072609  0.154055  -0.055102  0.986525  0.011490  0.004104  0.004566  -0.041776  0.209795  -0.076522  2.000000  
28.039800 0.012656  0.093353  -0.018930  0.981874  0.119927  -0.146765  -0.110221  0.991252  0.072593  0.154187  -0.055101  0.986504  0.011575  0.004215  0.004622  -0.042836  0.205745  -0.083552  2.000000  
28.040800 0.012669  0.093359  -0.018926  0.981877  0.119730  -0.146912  -0.110017  0.991276  0.072578  0.154320  -0.055100  0.986483  0.011723  0.004418  0.004614  -0.039848  0.201657  -0.090581  2.000000  
28.042051 0.012685  0.093365  -0.018920  0.981879  0.119533  -0.147058  -0.109812  0.991300  0.072562  0.154452  -0.055098  0.986463  0.011898  0.004584  0.004636  -0.037180  0.194735  -0.098678  2.000000  
28.043301 0.012702  0.093372  -0.018915  0.981881  0.119336  -0.147204  -0.109608  0.991324  0.072547  0.154584  -0.055097  0.986442  0.012098  0.004714  0.004583  -0.034176  0.190619  -0.105766  2.000000  
28.044311 0.012716  0.093378  -0.018910  0.981860  0.119344  -0.147335  -0.109606  0.991323  0.072561  0.154716  -0.055096  0.986421  0.012230  0.004846  0.004578  -0.033914  0.184580  -0.105133  2.000000  
28.045549 0.012734  0.093386  -0.018905  0.981862  0.119147  -0.147481  -0.109401  0.991347  0.072545  0.154848  -0.055095  0.986401  0.012472  0.004984  0.004600  -0.030941  0.180509  -0.112168  2.000000  
28.046552 0.012749  0.093393  -0.018899  0.981864  0.118950  -0.147627  -0.109197  0.991371  0.072530  0.154981  -0.055094  0.986380  0.012666  0.005148  0.004659  -0.031216  0.177483  -0.113325  2.000000  
28.047800 0.012768  0.093402  -0.018893  0.981887  0.118746  -0.147642  -0.108995  0.991395  0.072499  0.154981  -0.055094  0.986380  0.012983  0.005365  0.004664  0.000000  0.000000  0.000000  2.000000  
28.048803 0.012783  0.093410  -0.018887  0.981888  0.118549  -0.147788  -0.108790  0.991419  0.072483  0.155113  -0.055093  0.986359  0.013235  0.005562  0.004739  0.000000  0.000000  0.000000  2.000000  
28.050046 0.012803  0.093419  -0.018881  0.981868  0.118539  -0.147934  -0.108788  0.991427  0.072378  0.155245  -0.054972  0.986345  0.013511  0.005740  0.004769  0.000000  0.000000  0.000000  2.000000  
28.051054 0.012818  0.093426  -0.018875  0.981869  0.118342  -0.148080  -0.108584  0.991450  0.072362  0.155377  -0.054971  0.986325  0.013839  0.005942  0.004823  0.000000  0.000000  0.000000  2.000000  
28.052304 0.012837  0.093435  -0.018868  0.981892  0.118138  -0.148095  -0.108381  0.991474  0.072331  0.155377  -0.054971  0.986325  0.014148  0.006217  0.004891  0.000000  0.000000  0.000000  2.000000  
28.053551 0.012857  0.093445  -0.018861  0.981871  0.118145  -0.148226  -0.108379  0.991474  0.072346  0.155509  -0.054970  0.986304  0.014460  0.006466  0.004951  0.000000  0.000000  0.000000  2.000000  
28.054553 0.012873  0.093453  -0.018855  0.981873  0.117948  -0.148372  -0.108175  0.991497  0.072330  0.155642  -0.054968  0.986283  0.014765  0.006743  0.005074  0.000000  0.000000  0.000000  2.000000  
28.055801 0.012894  0.093463  -0.018847  0.981873  0.117948  -0.148372  -0.108175  0.991497  0.072330  0.155642  -0.054968  0.986283  0.015100  0.007053  0.005205  0.000000  0.000000  0.000000  2.000000  
28.056801 0.012911  0.093473  -0.018841  0.981874  0.117752  -0.148518  -0.107970  0.991521  0.072314  0.155774  -0.054967  0.986262  0.015352  0.007305  0.005331  0.000000  0.000000  0.000000  2.000000  
28.058051 0.012933  0.093485  -0.018833  0.981853  0.117777  -0.148635  -0.107968  0.991511  0.072448  0.155906  -0.055086  0.986235  0.015650  0.007646  0.005534  0.000000  0.000000  0.000000  2.000000  
28.059300 0.012955  0.093497  -0.018826  0.981876  0.117573  -0.148650  -0.107766  0.991535  0.072418  0.155906  -0.055086  0.986235  0.015946  0.007962  0.005631  0.000000  0.000000  0.000000  2.000000  
28.060553 0.012977  0.093510  -0.018818  0.981855  0.117580  -0.148781  -0.107764  0.991534  0.072432  0.156038  -0.055085  0.986214  0.016233  0.008232  0.005741  0.000000  0.000000  0.000000  2.000000  
28.061798 0.012999  0.093523  -0.018811  0.981855  0.117580  -0.148781  -0.107764  0.991534  0.072432  0.156038  -0.055085  0.986214  0.016472  0.008568  0.005803  0.000000  0.000000  0.000000  2.000000  
28.062801 0.013017  0.093534  -0.018805  0.981834  0.117587  -0.148912  -0.107761  0.991534  0.072446  0.156170  -0.055083  0.986193  0.016644  0.008788  0.005874  0.000000  0.000000  0.000000  2.000000  
28.064046 0.013040  0.093546  -0.018798  0.981856  0.117383  -0.148927  -0.107559  0.991558  0.072416  0.156170  -0.055083  0.986193  0.016843  0.009002  0.005864  0.000000  0.000000  0.000000  2.000000  
28.065049 0.013057  0.093556  -0.018793  0.981856  0.117383  -0.148927  -0.107559  0.991558  0.072416  0.156170  -0.055083  0.986193  0.017054  0.009263  0.005858  0.000000  0.000000  0.000000  2.000000  
28.066051 0.013075  0.093567  -0.018787  0.981836  0.117391  -0.149058  -0.107557  0.991557  0.072430  0.156302  -0.055082  0.986172  0.017127  0.009432  0.005867  0.000000  0.000000  0.000000  2.000000  
28.067304 0.013097  0.093580  -0.018780  0.981836  0.117391  -0.149058  -0.107557  0.991557  0.072430  0.156302  -0.055082  0.986172  0.017327  0.009725  0.005851  0.000000  0.000000  0.000000  2.000000  
28.068552 0.013119  0.093593  -0.018773  0.981815  0.117398  -0.149189  -0.107555  0.991556  0.072445  0.156434  -0.055081  0.986151  0.017444  0.009919  0.005833  0.000000  0.000000  0.000000  2.000000  
28.069553 0.013136  0.093604  -0.018768  0.981815  0.117398  -0.149189  -0.107555  0.991556  0.072445  0.156434  -0.055081  0.986151  0.017526  0.010081  0.005792  0.000000  0.000000  0.000000  2.000000  
28.070801 0.013158  0.093617  -0.018760  0.981794  0.117405  -0.149321  -0.107552  0.991555  0.072459  0.156567  -0.055080  0.986130  0.017590  0.010270  0.005797  0.000000  0.000000  0.000000  2.000000  
28.072051 0.013180  0.093631  -0.018753  0.981816  0.117201  -0.149335  -0.107350  0.991580  0.072428  0.156567  -0.055080  0.986130  0.017665  0.010437  0.005799  0.000000  0.000000  0.000000  2.000000  
28.073303 0.013202  0.093646  -0.018746  0.981795  0.117208  -0.149467  -0.107348  0.991579  0.072442  0.156699  -0.055079  0.986109  0.017628  0.010576  0.005720  0.000000  0.000000  0.000000  2.000000  
28.074316 0.013219  0.093657  -0.018740  0.981795  0.117227  -0.149452  -0.107348  0.991570  0.072563  0.156699  -0.055198  0.986103  0.017566  0.010656  0.005671  0.000000  0.000000  0.000000  2.000000  
28.075554 0.013240  0.093672  -0.018733  0.981774  0.117234  -0.149584  -0.107346  0.991569  0.072577  0.156831  -0.055197  0.986082  0.017529  0.010807  0.005634  0.000000  0.000000  0.000000  2.000000  
28.076798 0.013261  0.093687  -0.018726  0.981796  0.117030  -0.149598  -0.107144  0.991593  0.072546  0.156831  -0.055197  0.986082  0.017407  0.010951  0.005641  0.000000  0.000000  0.000000  2.000000  
28.077804 0.013277  0.093699  -0.018721  0.981776  0.117037  -0.149730  -0.107141  0.991593  0.072561  0.156963  -0.055196  0.986061  0.017293  0.011065  0.005655  0.000000  0.000000  0.000000  2.000000  
28.079046 0.013297  0.093714  -0.018714  0.981776  0.117019  -0.149744  -0.107141  0.991601  0.072440  0.156963  -0.055076  0.986068  0.017187  0.011216  0.005632  0.000000  0.000000  0.000000  2.000000  
28.080046 0.013313  0.093726  -0.018708  0.981776  0.117019  -0.149744  -0.107141  0.991601  0.072440  0.156963  -0.055076  0.986068  0.017029  0.011335  0.005658  0.000000  0.000000  0.000000  2.000000  
28.081301 0.013332  0.093742  -0.018701  0.981777  0.116822  -0.149890  -0.106937  0.991625  0.072424  0.157095  -0.055075  0.986047  0.016867  0.011486  0.005678  0.000000  0.000000  0.000000  2.000000  
28.082310 0.013347  0.093753  -0.018696  0.981777  0.116822  -0.149890  -0.106937  0.991625  0.072424  0.157095  -0.055075  0.986047  0.016663  0.011561  0.005628  0.000000  0.000000  0.000000  2.000000  
28.083548 0.013366  0.093768  -0.018688  0.981799  0.116618  -0.149905  -0.106735  0.991649  0.072393  0.157095  -0.055075  0.986047  0.016475  0.011659  0.005682  0.000000  0.000000  0.000000  2.000000  
28.084551 0.013381  0.093780  -0.018682  0.981778  0.116625  -0.150036  -0.106732  0.991648  0.072407  0.157227  -0.055074  0.986026  0.016323  0.011748  0.005716  0.000000  0.000000  0.000000  2.000000  
28.085554 0.013396  0.093792  -0.018676  0.981800  0.116421  -0.150051  -0.106530  0.991672  0.072376  0.157227  -0.055074  0.986026  0.016110  0.011837  0.005710  0.000000  0.000000  0.000000  2.000000  
28.086801 0.013414  0.093807  -0.018669  0.981800  0.116421  -0.150051  -0.106530  0.991672  0.072376  0.157227  -0.055074  0.986026  0.015833  0.011905  0.005703  0.000000  0.000000  0.000000  2.000000  
28.087801 0.013428  0.093819  -0.018663  0.981801  0.116224  -0.150197  -0.106326  0.991695  0.072360  0.157359  -0.055073  0.986005  0.015617  0.011914  0.005743  0.000000  0.000000  0.000000  2.000000  
28.089053 0.013446  0.093834  -0.018655  0.981823  0.116020  -0.150212  -0.106124  0.991719  0.072329  0.157359  -0.055073  0.986005  0.015392  0.011966  0.005821  0.000000  0.000000  0.000000  2.000000  
28.090312 0.013463  0.093849  -0.018646  0.981802  0.116028  -0.150343  -0.106122  0.991718  0.072343  0.157492  -0.055072  0.985984  0.015090  0.011964  0.005903  0.000000  0.000000  0.000000  2.000000  
28.091553 0.013480  0.093864  -0.018637  0.981824  0.115823  -0.150358  -0.105919  0.991742  0.072312  0.157492  -0.055072  0.985984  0.014824  0.011956  0.006005  0.000000  0.000000  0.000000  2.000000  
28.092800 0.013496  0.093879  -0.018628  0.981845  0.115619  -0.150373  -0.105717  0.991766  0.072281  0.157492  -0.055072  0.985984  0.014581  0.011973  0.006139  0.000000  0.000000  0.000000  2.000000  
28.094055 0.013512  0.093894  -0.018619  0.981867  0.115415  -0.150388  -0.105515  0.991790  0.072250  0.157492  -0.055072  0.985984  0.014315  0.011998  0.006370  0.000000  0.000000  0.000000  2.000000  
28.095298 0.013528  0.093910  -0.018608  0.981868  0.115218  -0.150534  -0.105311  0.991812  0.072233  0.157624  -0.055071  0.985962  0.014075  0.012024  0.006537  0.000000  0.000000  0.000000  2.000000  
28.096301 0.013541  0.093922  -0.018600  0.981889  0.115014  -0.150549  -0.105109  0.991836  0.072202  0.157624  -0.055071  0.985962  0.013899  0.012072  0.006751  0.000000  0.000000  0.000000  2.000000  
28.097302 0.013553  0.093934  -0.018592  0.981911  0.114810  -0.150563  -0.104906  0.991860  0.072171  0.157624  -0.055071  0.985962  0.013764  0.012085  0.006893  0.000000  0.000000  0.000000  2.000000  
28.098553 0.013569  0.093950  -0.018581  0.981933  0.114587  -0.150592  -0.104704  0.991892  0.072020  0.157624  -0.054951  0.985969  0.013525  0.012134  0.007117  0.000000  0.000000  0.000000  2.000000  
28.099798 0.013586  0.093966  -0.018570  0.981954  0.114383  -0.150607  -0.104502  0.991916  0.071989  0.157624  -0.054951  0.985969  0.013397  0.012211  0.007347  0.000000  0.000000  0.000000  2.000000  
28.100804 0.013598  0.093979  -0.018561  0.981954  0.114383  -0.150607  -0.104502  0.991916  0.071989  0.157624  -0.054951  0.985969  0.013253  0.012265  0.007601  0.000000  0.000000  0.000000  2.000000  
28.102051 0.013614  0.093994  -0.018550  0.981955  0.114186  -0.150753  -0.104298  0.991939  0.071972  0.157756  -0.054950  0.985948  0.013084  0.012294  0.007869  0.000000  0.000000  0.000000  2.000000  
28.103302 0.013630  0.094009  -0.018538  0.981998  0.113778  -0.150783  -0.103893  0.991985  0.071910  0.157756  -0.054950  0.985948  0.012976  0.012305  0.008100  0.000000  0.000000  0.000000  2.000000  
28.104314 0.013643  0.094022  -0.018528  0.981998  0.113796  -0.150769  -0.103893  0.991977  0.072030  0.157756  -0.055069  0.985941  0.012896  0.012324  0.008323  0.000000  0.000000  0.000000  2.000000  
28.105552 0.013659  0.094037  -0.018516  0.982019  0.113592  -0.150784  -0.103691  0.992000  0.071999  0.157756  -0.055069  0.985941  0.012850  0.012415  0.008630  0.000000  0.000000  0.000000  2.000000  
28.106554 0.013672  0.094049  -0.018506  0.982040  0.113388  -0.150798  -0.103489  0.992023  0.071968  0.157756  -0.055069  0.985941  0.012817  0.012403  0.008804  0.000000  0.000000  0.000000  2.000000  
28.107554 0.013685  0.094062  -0.018496  0.982062  0.113183  -0.150813  -0.103287  0.992047  0.071937  0.157756  -0.055069  0.985941  0.012835  0.012386  0.008966  0.000000  0.000000  0.000000  2.000000  
28.108800 0.013701  0.094077  -0.018484  0.982083  0.112979  -0.150828  -0.103085  0.992070  0.071906  0.157756  -0.055069  0.985941  0.012821  0.012356  0.009156  0.000000  0.000000  0.000000  2.000000  
28.110046 0.013718  0.094092  -0.018471  0.982083  0.112782  -0.150974  -0.102880  0.992093  0.071888  0.157888  -0.055068  0.985920  0.012865  0.012412  0.009280  0.000000  0.000000  0.000000  2.000000  
28.111047 0.013732  0.094105  -0.018461  0.982104  0.112578  -0.150989  -0.102678  0.992116  0.071857  0.157888  -0.055068  0.985920  0.012936  0.012408  0.009440  0.000000  0.000000  0.000000  2.000000  
28.112048 0.013746  0.094118  -0.018451  0.982104  0.112578  -0.150989  -0.102678  0.992116  0.071857  0.157888  -0.055068  0.985920  0.013031  0.012448  0.009608  0.000000  0.000000  0.000000  2.000000  
28.113054 0.013760  0.094131  -0.018440  0.982125  0.112374  -0.151004  -0.102476  0.992139  0.071826  0.157888  -0.055068  0.985920  0.013096  0.012448  0.009707  0.000000  0.000000  0.000000  2.000000  
28.114314 0.013777  0.094147  -0.018428  0.982104  0.112381  -0.151135  -0.102474  0.992138  0.071840  0.158020  -0.055067  0.985899  0.013164  0.012453  0.009808  0.000000  0.000000  0.000000  2.000000  
28.115551 0.013795  0.094164  -0.018414  0.982125  0.112177  -0.151150  -0.102272  0.992161  0.071809  0.158020  -0.055067  0.985899  0.013333  0.012578  0.009967  0.000000  0.000000  0.000000  2.000000  
28.116798 0.013813  0.094180  -0.018402  0.982146  0.111973  -0.151164  -0.102069  0.992184  0.071778  0.158020  -0.055067  0.985899  0.013460  0.012611  0.010014  0.000000  0.000000  0.000000  2.000000  
28.117803 0.013827  0.094193  -0.018391  0.982125  0.111980  -0.151296  -0.102067  0.992184  0.071791  0.158152  -0.055066  0.985878  0.013578  0.012654  0.010114  0.000000  0.000000  0.000000  2.000000  
28.119051 0.013845  0.094209  -0.018379  0.982146  0.111776  -0.151310  -0.101865  0.992207  0.071760  0.158152  -0.055066  0.985878  0.013708  0.012727  0.010162  0.000000  0.000000  0.000000  2.000000  
28.120051 0.013859  0.094222  -0.018368  0.982125  0.111783  -0.151442  -0.101863  0.992206  0.071774  0.158284  -0.055065  0.985857  0.013821  0.012746  0.010198  0.000000  0.000000  0.000000  2.000000  
28.121304 0.013878  0.094239  -0.018356  0.982125  0.111783  -0.151442  -0.101863  0.992206  0.071774  0.158284  -0.055065  0.985857  0.013976  0.012850  0.010157  0.000000  0.000000  0.000000  2.000000  
28.122313 0.013892  0.094252  -0.018346  0.982104  0.111772  -0.151586  -0.101861  0.992214  0.071667  0.158416  -0.054944  0.985842  0.014047  0.012908  0.010169  0.000000  0.000000  0.000000  2.000000  
28.123549 0.013912  0.094269  -0.018334  0.982104  0.111575  -0.151732  -0.101656  0.992236  0.071649  0.158549  -0.054943  0.985821  0.014242  0.013012  0.010161  0.000000  0.000000  0.000000  2.000000  
28.124557 0.013926  0.094282  -0.018325  0.982104  0.111575  -0.151732  -0.101656  0.992236  0.071649  0.158549  -0.054943  0.985821  0.014345  0.013073  0.010095  0.000000  0.000000  0.000000  2.000000  
28.125797 0.013945  0.094299  -0.018313  0.982083  0.111582  -0.151863  -0.101654  0.992235  0.071663  0.158681  -0.054942  0.985800  0.014500  0.013143  0.010065  0.000000  0.000000  0.000000  2.000000  
28.126804 0.013961  0.094312  -0.018303  0.982062  0.111590  -0.151995  -0.101652  0.992235  0.071677  0.158813  -0.054940  0.985779  0.014570  0.013185  0.010020  0.000000  0.000000  0.000000  2.000000  
28.128048 0.013980  0.094330  -0.018291  0.982041  0.111597  -0.152126  -0.101650  0.992234  0.071690  0.158945  -0.054939  0.985758  0.014682  0.013255  0.009962  0.000000  0.000000  0.000000  2.000000  
28.129051 0.013995  0.094344  -0.018281  0.982020  0.111604  -0.152257  -0.101648  0.992233  0.071704  0.159077  -0.054938  0.985736  0.014802  0.013306  0.009955  0.000000  0.000000  0.000000  2.000000  
28.130310 0.014014  0.094361  -0.018269  0.981998  0.111611  -0.152388  -0.101645  0.992232  0.071717  0.159209  -0.054937  0.985715  0.014884  0.013345  0.009866  0.000000  0.000000  0.000000  2.000000  
28.131557 0.014033  0.094378  -0.018257  0.981977  0.111619  -0.152519  -0.101643  0.992231  0.071731  0.159341  -0.054936  0.985694  0.014967  0.013400  0.009832  0.000000  0.000000  0.000000  2.000000  
28.132801 0.014053  0.094395  -0.018245  0.981935  0.111633  -0.152782  -0.101639  0.992230  0.071758  0.159605  -0.054933  0.985651  0.015041  0.013438  0.009755  0.000000  0.000000  0.000000  2.000000  
28.134058 0.014071  0.094411  -0.018233  0.981913  0.111641  -0.152913  -0.101637  0.992229  0.071772  0.159737  -0.054932  0.985630  0.015078  0.013461  0.009725  0.000000  0.000000  0.000000  2.000000  
