1-Time 2-Px 3-Py 4-Pz 5-R11 6-R21 7-R31 8-R12 9-R22 10-R32 11-R13 12-R23 13-R33 14-Vx 15-Vy 16-Vz 17-Wx 18-Wy 19-Wz 20-state 21-PR11 22-PR21 23-PR31 24-PR12 25-PR22 26-PR32 27-PR13 28-PR23 29-PR33 
72.461163 0.018297  0.094357  -0.035660  0.993830  0.110540  -0.009082  -0.110528  0.993871  0.001864  0.009232  -0.000849  0.999957  -0.001396  0.001581  0.011471  0.000000  0.000000  0.000000  2.000000  
72.462163 0.018296  0.094359  -0.035649  0.993830  0.110541  -0.009068  -0.110528  0.993871  0.001985  0.009232  -0.000970  0.999957  -0.001318  0.001634  0.011419  0.000000  0.000000  0.000000  2.000000  
72.463416 0.018299  0.094362  -0.035634  0.993762  0.111155  -0.009067  -0.111141  0.993803  0.001990  0.009232  -0.000970  0.999957  -0.000993  0.001674  0.011426  0.000000  0.000000  0.000000  2.000000  
72.464663 0.018304  0.094364  -0.035618  0.993694  0.111769  -0.008933  -0.111755  0.993734  0.001981  0.009098  -0.000970  0.999958  -0.000515  0.001679  0.011530  0.000000  0.000000  0.000000  2.000000  
72.465663 0.018309  0.094366  -0.035606  0.993648  0.112178  -0.008932  -0.112164  0.993688  0.001985  0.009098  -0.000970  0.999958  -0.000050  0.001714  0.011631  0.000000  0.000000  0.000000  2.000000  
72.466911 0.018317  0.094368  -0.035592  0.993602  0.112588  -0.008917  -0.112574  0.993641  0.002109  0.009098  -0.001092  0.999958  0.000600  0.001705  0.011597  0.000000  0.000000  0.000000  2.000000  
72.467912 0.018325  0.094370  -0.035580  0.993554  0.112997  -0.009050  -0.112982  0.993595  0.002128  0.009232  -0.001092  0.999957  0.001217  0.001757  0.011593  0.000000  0.000000  0.000000  2.000000  
72.468913 0.018333  0.094373  -0.035571  0.993459  0.113816  -0.009181  -0.113800  0.993501  0.002150  0.009366  -0.001092  0.999956  0.001872  0.001862  0.011464  0.000000  0.000000  0.000000  2.000000  
72.470161 0.018344  0.094376  -0.035559  0.993364  0.114634  -0.009312  -0.114618  0.993407  0.002173  0.009500  -0.001092  0.999954  0.002708  0.001898  0.011348  0.000000  0.000000  0.000000  2.000000  
72.471163 0.018354  0.094378  -0.035549  0.993292  0.115249  -0.009429  -0.115232  0.993336  0.002315  0.009633  -0.001213  0.999953  0.003463  0.001906  0.011172  0.000000  0.000000  0.000000  2.000000  
72.472168 0.018365  0.094380  -0.035539  0.993197  0.116067  -0.009427  -0.116050  0.993241  0.002323  0.009633  -0.001213  0.999953  0.004317  0.002000  0.011069  0.000000  0.000000  0.000000  2.000000  
72.473171 0.018377  0.094384  -0.035531  0.993102  0.116884  -0.009293  -0.116868  0.993145  0.002315  0.009500  -0.001213  0.999954  0.005205  0.002149  0.010890  0.018114  0.013307  0.193802  2.000000  
72.474428 0.018393  0.094389  -0.035520  0.992957  0.118112  -0.009275  -0.118094  0.992999  0.002447  0.009500  -0.001334  0.999954  0.006364  0.002338  0.010679  0.022622  0.013233  0.242035  2.000000  
72.475666 0.018410  0.094394  -0.035507  0.992836  0.119134  -0.009140  -0.119116  0.992877  0.002440  0.009366  -0.001334  0.999955  0.007641  0.002496  0.010553  0.022751  0.008637  0.274500  2.000000  
72.476913 0.018428  0.094399  -0.035495  0.992712  0.120157  -0.009256  -0.120138  0.992754  0.002586  0.009500  -0.001455  0.999954  0.008813  0.002676  0.010487  0.027354  0.013150  0.311344  2.000000  
72.477916 0.018445  0.094404  -0.035486  0.992588  0.121180  -0.009238  -0.121160  0.992629  0.002716  0.009500  -0.001577  0.999954  0.009914  0.002885  0.010219  0.031746  0.013089  0.345877  2.000000  
72.479163 0.018467  0.094410  -0.035474  0.992461  0.122202  -0.009368  -0.122182  0.992504  0.002742  0.009633  -0.001577  0.999952  0.011059  0.003138  0.010011  0.032165  0.017541  0.387471  2.000000  
72.480166 0.018485  0.094414  -0.035464  0.992359  0.123021  -0.009484  -0.122999  0.992403  0.002887  0.009767  -0.001698  0.999951  0.011858  0.003260  0.009842  0.036542  0.021988  0.415308  2.000000  
72.481412 0.018509  0.094418  -0.035451  0.992232  0.124042  -0.009481  -0.124020  0.992275  0.002896  0.009767  -0.001698  0.999951  0.013007  0.003423  0.009747  0.036859  0.021941  0.449797  2.000000  
72.482414 0.018529  0.094422  -0.035441  0.992103  0.125064  -0.009478  -0.125041  0.992147  0.002906  0.009767  -0.001698  0.999951  0.013897  0.003515  0.009681  0.037181  0.021896  0.484335  2.000000  
72.483415 0.018551  0.094425  -0.035431  0.991976  0.126085  -0.009342  -0.126063  0.992018  0.002899  0.009633  -0.001698  0.999952  0.014895  0.003581  0.009630  0.033395  0.017326  0.518920  2.000000  
72.484416 0.018572  0.094428  -0.035421  0.991871  0.126901  -0.009340  -0.126879  0.991914  0.002907  0.009633  -0.001698  0.999952  0.015789  0.003649  0.009708  0.033716  0.017280  0.553456  2.000000  
72.485665 0.018599  0.094431  -0.035406  0.991740  0.127922  -0.009337  -0.127900  0.991783  0.002916  0.009633  -0.001698  0.999952  0.016814  0.003656  0.009869  0.033771  0.017099  0.583395  2.000000  
72.486667 0.018621  0.094432  -0.035395  0.991661  0.128535  -0.009335  -0.128513  0.991704  0.002922  0.009633  -0.001698  0.999952  0.017441  0.003580  0.009946  0.034231  0.017207  0.608738  2.000000  
72.487669 0.018643  0.094434  -0.035385  0.991554  0.129352  -0.009465  -0.129329  0.991597  0.002947  0.009767  -0.001698  0.999951  0.018139  0.003459  0.010045  0.034573  0.017171  0.636368  2.000000  
72.488919 0.018671  0.094436  -0.035373  0.991421  0.130372  -0.009330  -0.130350  0.991464  0.002939  0.009633  -0.001698  0.999952  0.019018  0.003231  0.010059  0.034862  0.012634  0.671061  2.000000  
72.490169 0.018699  0.094438  -0.035360  0.991287  0.131393  -0.009327  -0.131371  0.991329  0.002949  0.009633  -0.001698  0.999952  0.019858  0.003045  0.010152  0.035199  0.012593  0.705860  2.000000  
72.491422 0.018726  0.094439  -0.035348  0.991178  0.132209  -0.009324  -0.132187  0.991220  0.002957  0.009633  -0.001698  0.999952  0.020418  0.002802  0.010103  0.031371  0.012509  0.733260  2.000000  
72.492665 0.018755  0.094441  -0.035335  0.991070  0.133025  -0.009189  -0.133003  0.991111  0.002947  0.009500  -0.001698  0.999953  0.020926  0.002601  0.010180  0.031267  0.007922  0.748054  2.000000  
72.493915 0.018783  0.094443  -0.035323  0.990988  0.133637  -0.009187  -0.133615  0.991029  0.002952  0.009500  -0.001698  0.999953  0.021465  0.002274  0.010257  0.031458  0.007996  0.747252  2.000000  
72.494915 0.018806  0.094445  -0.035313  0.990906  0.134249  -0.009053  -0.134227  0.990946  0.002940  0.009366  -0.001698  0.999955  0.021690  0.002122  0.010262  0.031427  0.007988  0.754286  2.000000  
72.495916 0.018827  0.094444  -0.035302  0.990823  0.134861  -0.009051  -0.134839  0.990863  0.002946  0.009366  -0.001698  0.999955  0.021877  0.001834  0.010257  0.031484  0.007978  0.761055  2.000000  
72.497166 0.018853  0.094444  -0.035287  0.990740  0.135473  -0.009049  -0.135451  0.990780  0.002951  0.009366  -0.001698  0.999955  0.021962  0.001589  0.010418  0.027477  0.007923  0.768116  2.000000  
72.498425 0.018879  0.094444  -0.035273  0.990684  0.135881  -0.009048  -0.135859  0.990724  0.002955  0.009366  -0.001698  0.999955  0.021859  0.001192  0.010531  0.027441  -0.001052  0.754009  2.000000  
72.499666 0.018904  0.094442  -0.035257  0.990628  0.136288  -0.009064  -0.136267  0.990668  0.002838  0.009366  -0.001577  0.999955  0.021762  0.000879  0.010709  0.023289  -0.005484  0.740280  2.000000  
72.500913 0.018929  0.094441  -0.035240  0.990573  0.136695  -0.008930  -0.136675  0.990612  0.002824  0.009232  -0.001577  0.999956  0.021627  0.000630  0.010873  0.018992  -0.014395  0.727415  2.000000  
72.501913 0.018949  0.094440  -0.035226  0.990517  0.137102  -0.008945  -0.137083  0.990556  0.002707  0.009232  -0.001456  0.999956  0.021527  0.000464  0.011157  0.014819  -0.014333  0.713696  2.000000  
72.503168 0.018973  0.094438  -0.035209  0.990488  0.137305  -0.008961  -0.137287  0.990528  0.002589  0.009232  -0.001334  0.999956  0.021209  0.000226  0.011453  0.010471  -0.009794  0.686250  2.000000  
72.504411 0.018995  0.094436  -0.035193  0.990460  0.137508  -0.008978  -0.137491  0.990500  0.002471  0.009232  -0.001213  0.999957  0.020865  -0.000054  0.011710  0.002064  -0.009755  0.652248  2.000000  
72.505414 0.019012  0.094434  -0.035180  0.990432  0.137712  -0.008977  -0.137695  0.990472  0.002473  0.009232  -0.001213  0.999957  0.020543  -0.000320  0.011891  0.001828  -0.005265  0.631389  2.000000  
72.506432 0.019029  0.094432  -0.035168  0.990432  0.137710  -0.008994  -0.137695  0.990472  0.002353  0.009232  -0.001092  0.999957  0.020159  -0.000524  0.012019  -0.006589  -0.009755  0.601639  2.000000  
72.507666 0.019050  0.094430  -0.035152  0.990403  0.137914  -0.008993  -0.137899  0.990444  0.002354  0.009232  -0.001092  0.999957  0.019648  -0.000810  0.012287  -0.010839  -0.009681  0.569604  2.000000  
72.508667 0.019067  0.094428  -0.035139  0.990374  0.138117  -0.009142  -0.138102  0.990415  0.002255  0.009366  -0.000970  0.999956  0.019230  -0.001017  0.012466  -0.015190  -0.009689  0.546560  2.000000  
72.509915 0.019087  0.094426  -0.035122  0.990374  0.138117  -0.009142  -0.138102  0.990415  0.002255  0.009366  -0.000970  0.999956  0.018751  -0.001267  0.012699  -0.019338  -0.014068  0.514704  2.000000  
72.510916 0.019102  0.094424  -0.035109  0.990402  0.137912  -0.009159  -0.137898  0.990444  0.002133  0.009366  -0.000849  0.999956  0.018388  -0.001356  0.012862  -0.023969  -0.014098  0.477379  2.000000  
72.512166 0.019121  0.094420  -0.035093  0.990402  0.137912  -0.009159  -0.137898  0.990444  0.002133  0.009366  -0.000849  0.999956  0.017836  -0.001628  0.013017  -0.024117  -0.013948  0.439446  2.000000  
72.513418 0.019140  0.094417  -0.035079  0.990374  0.138116  -0.009159  -0.138102  0.990416  0.002134  0.009366  -0.000849  0.999956  0.017396  -0.001822  0.012951  -0.024725  -0.009505  0.401293  2.000000  
72.514662 0.019157  0.094412  -0.035064  0.990402  0.137911  -0.009176  -0.137898  0.990444  0.002012  0.009366  -0.000728  0.999956  0.016878  -0.002057  0.012905  -0.029203  -0.009433  0.359864  2.000000  
72.515666 0.019172  0.094408  -0.035051  0.990402  0.137911  -0.009176  -0.137898  0.990444  0.002012  0.009366  -0.000728  0.999956  0.016456  -0.002210  0.012808  -0.029395  -0.009406  0.339045  2.000000  
72.516669 0.019186  0.094405  -0.035038  0.990402  0.137910  -0.009193  -0.137898  0.990445  0.001892  0.009366  -0.000606  0.999956  0.016081  -0.002340  0.012712  -0.033728  -0.009351  0.311299  2.000000  
72.517912 0.019205  0.094402  -0.035021  0.990429  0.137706  -0.009326  -0.137694  0.990473  0.001909  0.009500  -0.000606  0.999955  0.015757  -0.002470  0.012754  -0.033747  -0.009237  0.274494  2.000000  
72.518916 0.019221  0.094399  -0.035006  0.990429  0.137705  -0.009342  -0.137694  0.990473  0.001789  0.009500  -0.000485  0.999955  0.015610  -0.002516  0.012861  -0.038072  -0.004730  0.247053  2.000000  
72.520165 0.019241  0.094397  -0.034987  0.990458  0.137501  -0.009343  -0.137490  0.990501  0.001787  0.009500  -0.000485  0.999955  0.015514  -0.002472  0.013112  -0.038468  -0.004685  0.205885  2.000000  
72.521417 0.019261  0.094395  -0.034968  0.990458  0.137500  -0.009359  -0.137490  0.990502  0.001667  0.009500  -0.000364  0.999955  0.015480  -0.002459  0.013349  -0.042776  -0.004645  0.178438  2.000000  
72.522433 0.019277  0.094394  -0.034953  0.990486  0.137296  -0.009360  -0.137287  0.990530  0.001665  0.009500  -0.000364  0.999955  0.015347  -0.002447  0.013467  0.000000  0.000000  0.000000  2.000000  
72.523664 0.019298  0.094392  -0.034934  0.990486  0.137295  -0.009376  -0.137287  0.990530  0.001545  0.009500  -0.000243  0.999955  0.015411  -0.002413  0.013663  0.000000  0.000000  0.000000  2.000000  
72.524666 0.019315  0.094391  -0.034919  0.990514  0.137091  -0.009377  -0.137083  0.990558  0.001543  0.009500  -0.000243  0.999955  0.015473  -0.002327  0.013772  0.000000  0.000000  0.000000  2.000000  
72.525669 0.019332  0.094390  -0.034905  0.990513  0.137091  -0.009509  -0.137082  0.990558  0.001561  0.009633  -0.000243  0.999954  0.015567  -0.002270  0.013829  0.000000  0.000000  0.000000  2.000000  
72.526915 0.019355  0.094389  -0.034886  0.990541  0.136886  -0.009526  -0.136879  0.990587  0.001439  0.009633  -0.000121  0.999954  0.015823  -0.002133  0.014009  0.000000  0.000000  0.000000  2.000000  
72.527916 0.019373  0.094389  -0.034871  0.990541  0.136886  -0.009526  -0.136879  0.990587  0.001439  0.009633  -0.000121  0.999954  0.016076  -0.001929  0.014251  0.000000  0.000000  0.000000  2.000000  
72.529165 0.019397  0.094388  -0.034852  0.990570  0.136682  -0.009394  -0.136675  0.990615  0.001419  0.009500  -0.000121  0.999955  0.016468  -0.001675  0.014526  0.000000  0.000000  0.000000  2.000000  
72.530166 0.019416  0.094387  -0.034837  0.990570  0.136682  -0.009394  -0.136675  0.990615  0.001419  0.009500  -0.000121  0.999955  0.016775  -0.001521  0.014678  0.000000  0.000000  0.000000  2.000000  
72.531412 0.019442  0.094387  -0.034819  0.990570  0.136682  -0.009394  -0.136675  0.990615  0.001419  0.009500  -0.000121  0.999955  0.017325  -0.001238  0.014867  0.000000  0.000000  0.000000  2.000000  
72.532414 0.019463  0.094387  -0.034803  0.990570  0.136683  -0.009377  -0.136675  0.990615  0.001539  0.009500  -0.000243  0.999955  0.017716  -0.001099  0.014975  0.000000  0.000000  0.000000  2.000000  
72.533416 0.019485  0.094387  -0.034788  0.990570  0.136683  -0.009377  -0.136675  0.990615  0.001539  0.009500  -0.000243  0.999955  0.018166  -0.000919  0.015034  0.000000  0.000000  0.000000  2.000000  
72.534418 0.019508  0.094388  -0.034772  0.990599  0.136479  -0.009378  -0.136471  0.990643  0.001537  0.009500  -0.000243  0.999955  0.018679  -0.000717  0.015079  0.000000  0.000000  0.000000  2.000000  
72.535668 0.019538  0.094389  -0.034752  0.990599  0.136479  -0.009378  -0.136471  0.990643  0.001537  0.009500  -0.000243  0.999955  0.019343  -0.000456  0.015177  0.000000  0.000000  0.000000  2.000000  
72.536913 0.019569  0.094392  -0.034732  0.990599  0.136480  -0.009361  -0.136471  0.990643  0.001657  0.009500  -0.000364  0.999955  0.020019  -0.000145  0.015252  0.000000  0.000000  0.000000  2.000000  
72.538161 0.019601  0.094394  -0.034712  0.990599  0.136480  -0.009361  -0.136471  0.990643  0.001657  0.009500  -0.000364  0.999955  0.020819  0.000133  0.015348  0.000000  0.000000  0.000000  2.000000  
72.539171 0.019628  0.094396  -0.034695  0.990570  0.136684  -0.009361  -0.136675  0.990615  0.001659  0.009500  -0.000364  0.999955  0.021486  0.000317  0.015418  0.000000  0.000000  0.000000  2.000000  
72.540431 0.019662  0.094399  -0.034674  0.990570  0.136684  -0.009361  -0.136675  0.990615  0.001659  0.009500  -0.000364  0.999955  0.022309  0.000602  0.015623  0.000000  0.000000  0.000000  2.000000  
72.541669 0.019696  0.094403  -0.034652  0.990570  0.136684  -0.009361  -0.136675  0.990615  0.001659  0.009500  -0.000364  0.999955  0.023145  0.000919  0.015841  0.000000  0.000000  0.000000  2.000000  
72.542671 0.019725  0.094406  -0.034634  0.990570  0.136684  -0.009361  -0.136675  0.990615  0.001659  0.009500  -0.000364  0.999955  0.023838  0.001183  0.016062  0.000000  0.000000  0.000000  2.000000  
72.543916 0.019761  0.094410  -0.034612  0.990542  0.136888  -0.009360  -0.136879  0.990586  0.001661  0.009500  -0.000364  0.999955  0.024668  0.001500  0.016276  0.000000  0.000000  0.000000  2.000000  
72.545166 0.019798  0.094414  -0.034590  0.990514  0.137093  -0.009343  -0.137083  0.990558  0.001783  0.009500  -0.000485  0.999955  0.025546  0.001850  0.016574  0.000000  0.000000  0.000000  2.000000  
72.546428 0.019835  0.094420  -0.034568  0.990514  0.137093  -0.009343  -0.137083  0.990558  0.001783  0.009500  -0.000485  0.999955  0.026314  0.002192  0.016699  0.000000  0.000000  0.000000  2.000000  
72.547667 0.019874  0.094425  -0.034546  0.990486  0.137298  -0.009326  -0.137287  0.990530  0.001905  0.009500  -0.000606  0.999955  0.027082  0.002544  0.016927  0.000000  0.000000  0.000000  2.000000  
72.548669 0.019904  0.094429  -0.034529  0.990486  0.137298  -0.009326  -0.137287  0.990530  0.001905  0.009500  -0.000606  0.999955  0.027626  0.002843  0.017001  0.000000  0.000000  0.000000  2.000000  
72.549917 0.019943  0.094435  -0.034508  0.990458  0.137503  -0.009309  -0.137490  0.990501  0.002027  0.009500  -0.000728  0.999955  0.028250  0.003069  0.017055  0.000000  0.000000  0.000000  2.000000  
72.551161 0.019983  0.094440  -0.034487  0.990428  0.137707  -0.009441  -0.137694  0.990473  0.002047  0.009633  -0.000728  0.999953  0.028847  0.003332  0.017171  0.000000  0.000000  0.000000  2.000000  
72.552161 0.020014  0.094445  -0.034470  0.990400  0.137913  -0.009424  -0.137898  0.990444  0.002169  0.009633  -0.000849  0.999953  0.029281  0.003544  0.017225  0.000000  0.000000  0.000000  2.000000  
72.553163 0.020046  0.094449  -0.034453  0.990400  0.137913  -0.009424  -0.137898  0.990444  0.002169  0.009633  -0.000849  0.999953  0.029726  0.003723  0.017290  0.000000  0.000000  0.000000  2.000000  
72.554168 0.020078  0.094454  -0.034435  0.990370  0.138118  -0.009540  -0.138102  0.990415  0.002310  0.009767  -0.000970  0.999952  0.030027  0.003829  0.017346  0.000000  0.000000  0.000000  2.000000  
72.555419 0.020118  0.094459  -0.034414  0.990341  0.138322  -0.009539  -0.138306  0.990387  0.002312  0.009767  -0.000970  0.999952  0.030456  0.004013  0.017346  0.000000  0.000000  0.000000  2.000000  
72.556419 0.020150  0.094463  -0.034396  0.990313  0.138527  -0.009522  -0.138510  0.990358  0.002434  0.009767  -0.001092  0.999952  0.030766  0.004110  0.017362  0.000000  0.000000  0.000000  2.000000  
72.557421 0.020182  0.094467  -0.034379  0.990284  0.138731  -0.009521  -0.138713  0.990330  0.002436  0.009767  -0.001092  0.999952  0.030979  0.004124  0.017256  0.000000  0.000000  0.000000  2.000000  
72.558667 0.020222  0.094472  -0.034358  0.990255  0.138935  -0.009653  -0.138917  0.990301  0.002457  0.009901  -0.001092  0.999950  0.031235  0.004228  0.017237  0.000000  0.000000  0.000000  2.000000  
72.559914 0.020261  0.094477  -0.034337  0.990255  0.138935  -0.009653  -0.138917  0.990301  0.002457  0.009901  -0.001092  0.999950  0.031371  0.004187  0.017196  0.000000  0.000000  0.000000  2.000000  
72.560915 0.020293  0.094480  -0.034320  0.990225  0.139140  -0.009768  -0.139121  0.990272  0.002597  0.010035  -0.001213  0.999949  0.031486  0.004178  0.017129  0.000000  0.000000  0.000000  2.000000  
72.562164 0.020332  0.094485  -0.034298  0.990195  0.139344  -0.009900  -0.139324  0.990243  0.002618  0.010169  -0.001213  0.999948  0.031591  0.004175  0.017159  0.000000  0.000000  0.000000  2.000000  
72.563166 0.020364  0.094489  -0.034281  0.990195  0.139344  -0.009900  -0.139324  0.990243  0.002618  0.010169  -0.001213  0.999948  0.031641  0.004172  0.017134  0.000000  0.000000  0.000000  2.000000  
72.564416 0.020402  0.094494  -0.034260  0.990165  0.139548  -0.010032  -0.139528  0.990215  0.002639  0.010302  -0.001213  0.999946  0.031588  0.004088  0.017156  0.000000  0.000000  0.000000  2.000000  
72.565506 0.020432  0.094498  -0.034243  0.990163  0.139549  -0.010148  -0.139528  0.990214  0.002777  0.010436  -0.001334  0.999945  0.031364  0.004068  0.017038  0.000000  0.000000  0.000000  2.000000  
72.566665 0.020471  0.094503  -0.034222  0.990134  0.139753  -0.010147  -0.139732  0.990185  0.002780  0.010436  -0.001334  0.999945  0.031458  0.004009  0.017101  0.000000  0.000000  0.000000  2.000000  
72.567666 0.020500  0.094506  -0.034206  0.990133  0.139753  -0.010280  -0.139732  0.990185  0.002798  0.010570  -0.001334  0.999943  0.031319  0.003895  0.017045  0.000000  0.000000  0.000000  2.000000  
72.568913 0.020538  0.094510  -0.034186  0.990103  0.139957  -0.010412  -0.139935  0.990157  0.002819  0.010704  -0.001334  0.999942  0.031152  0.003813  0.016886  0.000000  0.000000  0.000000  2.000000  
72.570161 0.020574  0.094514  -0.034167  0.990101  0.139957  -0.010544  -0.139935  0.990157  0.002838  0.010837  -0.001334  0.999940  0.030904  0.003679  0.016741  0.000000  0.000000  0.000000  2.000000  
72.571163 0.020602  0.094516  -0.034151  0.990100  0.139958  -0.010677  -0.139935  0.990157  0.002856  0.010971  -0.001334  0.999939  0.030677  0.003572  0.016643  0.000000  0.000000  0.000000  2.000000  
72.572168 0.020631  0.094519  -0.034135  0.990098  0.139958  -0.010809  -0.139935  0.990157  0.002875  0.011105  -0.001334  0.999937  0.030452  0.003513  0.016532  0.000000  0.000000  0.000000  2.000000  
72.573169 0.020659  0.094521  -0.034120  0.990097  0.139957  -0.010959  -0.139934  0.990157  0.002774  0.011239  -0.001213  0.999936  0.030191  0.003339  0.016359  0.000000  0.000000  0.000000  2.000000  
72.574422 0.020694  0.094523  -0.034101  0.990094  0.139957  -0.011223  -0.139934  0.990157  0.002811  0.011506  -0.001213  0.999933  0.029912  0.003231  0.016227  0.000000  0.000000  0.000000  2.000000  
72.575666 0.020729  0.094526  -0.034081  0.990092  0.139957  -0.011356  -0.139934  0.990157  0.002830  0.011640  -0.001213  0.999932  0.029657  0.003085  0.016173  0.000000  0.000000  0.000000  2.000000  
72.576667 0.020757  0.094527  -0.034065  0.990089  0.139957  -0.011621  -0.139933  0.990157  0.002867  0.011908  -0.001213  0.999928  0.029386  0.002951  0.016094  0.000000  0.000000  0.000000  2.000000  
72.577917 0.020792  0.094530  -0.034045  0.990086  0.139956  -0.011903  -0.139933  0.990157  0.002785  0.012175  -0.001092  0.999925  0.029047  0.002766  0.015957  0.000000  0.000000  0.000000  2.000000  
72.579165 0.020826  0.094532  -0.034025  0.990112  0.139753  -0.012168  -0.139729  0.990186  0.002820  0.012443  -0.001092  0.999922  0.028794  0.002599  0.015891  0.000000  0.000000  0.000000  2.000000  
72.580166 0.020853  0.094534  -0.034009  0.990108  0.139753  -0.012433  -0.139728  0.990186  0.002857  0.012711  -0.001092  0.999919  0.028712  0.002446  0.015917  0.000000  0.000000  0.000000  2.000000  
72.581418 0.020888  0.094537  -0.033989  0.990105  0.139752  -0.012715  -0.139728  0.990186  0.002774  0.012978  -0.000970  0.999915  0.028317  0.002328  0.015835  0.000000  0.000000  0.000000  2.000000  
72.582667 0.020921  0.094539  -0.033969  0.990101  0.139752  -0.012980  -0.139727  0.990186  0.002812  0.013246  -0.000970  0.999912  0.028028  0.002162  0.015792  0.000000  0.000000  0.000000  2.000000  
72.583911 0.020954  0.094542  -0.033948  0.990096  0.139751  -0.013394  -0.139726  0.990186  0.002748  0.013647  -0.000849  0.999907  0.027799  0.002096  0.015847  0.000000  0.000000  0.000000  2.000000  
72.584913 0.020981  0.094543  -0.033931  0.990094  0.139749  -0.013544  -0.139726  0.990187  0.002646  0.013781  -0.000728  0.999905  0.027660  0.002050  0.015962  0.000000  0.000000  0.000000  2.000000  
72.585913 0.021008  0.094545  -0.033913  0.990091  0.139749  -0.013809  -0.139726  0.990187  0.002684  0.014048  -0.000728  0.999901  0.027496  0.001977  0.016057  0.000000  0.000000  0.000000  2.000000  
72.586913 0.021034  0.094548  -0.033897  0.990087  0.139750  -0.014074  -0.139725  0.990187  0.002721  0.014316  -0.000728  0.999897  0.027328  0.001995  0.016206  0.000000  0.000000  0.000000  2.000000  
72.588166 0.021067  0.094551  -0.033874  0.990083  0.139748  -0.014356  -0.139725  0.990187  0.002638  0.014584  -0.000606  0.999893  0.027198  0.002014  0.016433  0.000000  0.000000  0.000000  2.000000  
72.589169 0.021094  0.094553  -0.033856  0.990079  0.139746  -0.014638  -0.139724  0.990187  0.002556  0.014851  -0.000485  0.999890  0.027089  0.002020  0.016591  0.000000  0.000000  0.000000  2.000000  
72.590430 0.021127  0.094556  -0.033834  0.990075  0.139747  -0.014903  -0.139723  0.990187  0.002593  0.015119  -0.000485  0.999886  0.026935  0.002035  0.016757  -0.024194  0.170827  0.020896  2.000000  
72.591668 0.021161  0.094559  -0.033811  0.990069  0.139745  -0.015317  -0.139723  0.990187  0.002529  0.015520  -0.000364  0.999879  0.026864  0.002084  0.016978  -0.028361  0.184365  0.013983  2.000000  
72.592669 0.021188  0.094563  -0.033792  0.990065  0.139745  -0.015582  -0.139722  0.990187  0.002566  0.015788  -0.000364  0.999875  0.026831  0.002217  0.017176  -0.028356  0.188850  0.013985  2.000000  
72.593916 0.021222  0.094566  -0.033769  0.990061  0.139745  -0.015847  -0.139721  0.990187  0.002604  0.016055  -0.000364  0.999871  0.026814  0.002320  0.017386  -0.028447  0.193372  0.007071  2.000000  
72.595166 0.021256  0.094571  -0.033746  0.990054  0.139743  -0.016261  -0.139720  0.990188  0.002540  0.016456  -0.000243  0.999865  0.026851  0.002454  0.017633  -0.036712  0.202991  0.007100  2.000000  
72.596167 0.021283  0.094574  -0.033727  0.990021  0.139947  -0.016526  -0.139924  0.990159  0.002581  0.016724  -0.000243  0.999860  0.026831  0.002522  0.017786  -0.036604  0.211390  0.007087  2.000000  
72.597420 0.021318  0.094579  -0.033703  0.990017  0.139947  -0.016790  -0.139923  0.990159  0.002618  0.016992  -0.000243  0.999856  0.026914  0.002710  0.018017  -0.036595  0.215846  0.007089  2.000000  
72.598421 0.021346  0.094582  -0.033683  0.990012  0.139945  -0.017072  -0.139922  0.990159  0.002535  0.017259  -0.000121  0.999851  0.026986  0.002806  0.018232  -0.040765  0.220336  0.000160  2.000000  
72.599663 0.021380  0.094587  -0.033659  0.989979  0.140149  -0.017337  -0.140126  0.990130  0.002576  0.017527  -0.000121  0.999846  0.027061  0.002932  0.018454  -0.040339  0.223015  0.007025  2.000000  
72.600667 0.021408  0.094591  -0.033639  0.989974  0.140149  -0.017602  -0.140125  0.990130  0.002614  0.017794  -0.000121  0.999842  0.027150  0.003022  0.018578  -0.040670  0.229350  0.007086  2.000000  
72.601913 0.021444  0.094596  -0.033614  0.989940  0.140351  -0.017883  -0.140328  0.990102  0.002535  0.018062  0.000000  0.999837  0.027322  0.003233  0.018817  -0.044281  0.231936  0.013880  2.000000  
72.602916 0.021472  0.094601  -0.033595  0.989938  0.140351  -0.018016  -0.140328  0.990102  0.002554  0.018196  0.000000  0.999834  0.027426  0.003364  0.018905  -0.040230  0.231911  0.013864  2.000000  
72.604168 0.021508  0.094606  -0.033570  0.989902  0.140555  -0.018412  -0.140530  0.990073  0.002614  0.018597  0.000000  0.999827  0.027587  0.003561  0.019083  -0.040464  0.238380  0.020905  2.000000  
72.605416 0.021543  0.094613  -0.033546  0.989868  0.140756  -0.018694  -0.140734  0.990044  0.002535  0.018864  0.000121  0.999822  0.027790  0.003799  0.019191  -0.044062  0.240852  0.027581  2.000000  
72.606421 0.021572  0.094619  -0.033526  0.989836  0.140960  -0.018826  -0.140937  0.990015  0.002558  0.018998  0.000121  0.999820  0.027922  0.004025  0.019304  -0.044308  0.238310  0.034721  2.000000  
72.607669 0.021609  0.094626  -0.033501  0.989831  0.140960  -0.019091  -0.140936  0.990015  0.002596  0.019266  0.000121  0.999814  0.028093  0.004208  0.019386  -0.040226  0.238337  0.034710  2.000000  
72.608670 0.021639  0.094631  -0.033482  0.989797  0.141164  -0.019355  -0.141139  0.989986  0.002637  0.019533  0.000121  0.999809  0.028244  0.004382  0.019456  -0.040104  0.242802  0.041626  2.000000  
72.609915 0.021676  0.094639  -0.033457  0.989763  0.141368  -0.019619  -0.141342  0.989957  0.002679  0.019801  0.000121  0.999804  0.028431  0.004619  0.019554  -0.039544  0.240815  0.055010  2.000000  
72.610916 0.021705  0.094645  -0.033437  0.989728  0.141569  -0.019901  -0.141545  0.989928  0.002601  0.020068  0.000243  0.999799  0.028614  0.004861  0.019648  -0.039740  0.242796  0.062350  2.000000  
72.612165 0.021742  0.094654  -0.033413  0.989694  0.141773  -0.020165  -0.141748  0.989899  0.002643  0.020336  0.000243  0.999793  0.028774  0.005070  0.019675  -0.039605  0.238308  0.069269  2.000000  
72.613166 0.021772  0.094660  -0.033394  0.989662  0.141976  -0.020297  -0.141952  0.989870  0.002666  0.020470  0.000243  0.999790  0.028889  0.005277  0.019617  -0.035403  0.233853  0.076184  2.000000  
72.614419 0.021809  0.094668  -0.033370  0.989627  0.142180  -0.020561  -0.142155  0.989841  0.002708  0.020737  0.000243  0.999785  0.029027  0.005478  0.019578  -0.035257  0.233815  0.083090  2.000000  
72.615667 0.021845  0.094677  -0.033346  0.989592  0.142381  -0.020843  -0.142358  0.989812  0.002631  0.021005  0.000364  0.999779  0.029145  0.005757  0.019537  -0.034827  0.231910  0.089243  2.000000  
72.616913 0.021882  0.094685  -0.033323  0.989528  0.142789  -0.021106  -0.142764  0.989753  0.002677  0.021272  0.000364  0.999774  0.029230  0.005929  0.019411  -0.034558  0.231902  0.102963  2.000000  
72.617914 0.021911  0.094693  -0.033305  0.989493  0.142992  -0.021371  -0.142967  0.989724  0.002720  0.021540  0.000364  0.999768  0.029299  0.006135  0.019324  -0.030620  0.233873  0.110741  2.000000  
72.618917 0.021941  0.094700  -0.033288  0.989458  0.143196  -0.021635  -0.143170  0.989694  0.002763  0.021807  0.000364  0.999762  0.029353  0.006340  0.019157  -0.030210  0.231923  0.116679  2.000000  
72.620166 0.021977  0.094709  -0.033265  0.989423  0.143397  -0.021916  -0.143373  0.989665  0.002686  0.022075  0.000485  0.999756  0.029414  0.006548  0.019065  -0.030051  0.231937  0.123512  2.000000  
72.621412 0.022014  0.094719  -0.033242  0.989387  0.143601  -0.022181  -0.143576  0.989636  0.002728  0.022343  0.000485  0.999750  0.029440  0.006723  0.018920  -0.029893  0.231969  0.130391  2.000000  
72.622424 0.022043  0.094728  -0.033225  0.989352  0.143804  -0.022445  -0.143778  0.989606  0.002772  0.022610  0.000485  0.999744  0.029382  0.006907  0.018719  -0.025879  0.229343  0.138341  2.000000  
72.623667 0.022079  0.094738  -0.033203  0.989286  0.144212  -0.022708  -0.144185  0.989547  0.002819  0.022878  0.000485  0.999738  0.029376  0.007136  0.018561  -0.025576  0.229371  0.152194  2.000000  
72.624916 0.022115  0.094748  -0.033182  0.989250  0.144412  -0.022990  -0.144388  0.989517  0.002743  0.023145  0.000606  0.999732  0.029287  0.007273  0.018278  -0.025389  0.224902  0.159090  2.000000  
72.626168 0.022150  0.094758  -0.033161  0.989215  0.144616  -0.023254  -0.144590  0.989488  0.002786  0.023413  0.000606  0.999726  0.029142  0.007394  0.018041  -0.025343  0.224868  0.159066  2.000000  
72.627418 0.022186  0.094768  -0.033141  0.989149  0.145023  -0.023518  -0.144997  0.989428  0.002834  0.023680  0.000606  0.999719  0.029043  0.007524  0.017773  -0.024815  0.223039  0.171492  2.000000  
72.628420 0.022213  0.094776  -0.033124  0.989113  0.145224  -0.023799  -0.145200  0.989399  0.002758  0.023948  0.000728  0.999713  0.028932  0.007641  0.017617  -0.024627  0.223062  0.178325  2.000000  
72.629666 0.022248  0.094786  -0.033104  0.989073  0.145427  -0.024196  -0.145402  0.989369  0.002821  0.024349  0.000728  0.999703  0.028779  0.007739  0.017371  -0.024773  0.229423  0.179812  2.000000  
72.630667 0.022275  0.094794  -0.033088  0.989037  0.145628  -0.024478  -0.145604  0.989339  0.002745  0.024616  0.000849  0.999697  0.028619  0.007798  0.017117  -0.028417  0.227525  0.185161  2.000000  
72.631916 0.022309  0.094804  -0.033068  0.988997  0.145831  -0.024874  -0.145807  0.989309  0.002809  0.025018  0.000849  0.999687  0.028449  0.007901  0.016964  -0.024513  0.233915  0.186675  2.000000  
72.633166 0.022343  0.094814  -0.033049  0.988960  0.146032  -0.025156  -0.146009  0.989279  0.002733  0.025285  0.000970  0.999680  0.028237  0.007972  0.016780  -0.028542  0.233950  0.186678  2.000000  
72.634425 0.022376  0.094825  -0.033030  0.988950  0.146031  -0.025553  -0.146008  0.989280  0.002792  0.025687  0.000970  0.999670  0.028003  0.008066  0.016531  -0.028472  0.238382  0.186623  2.000000  
72.635665 0.022409  0.094836  -0.033011  0.988913  0.146231  -0.025835  -0.146210  0.989250  0.002716  0.025954  0.001091  0.999663  0.027817  0.008111  0.016363  -0.028208  0.236612  0.185191  2.000000  
72.636668 0.022435  0.094844  -0.032996  0.988876  0.146435  -0.026099  -0.146413  0.989220  0.002761  0.026222  0.001091  0.999656  0.027577  0.008182  0.016104  -0.028378  0.238454  0.186631  2.000000  
72.637918 0.022468  0.094855  -0.032978  0.988835  0.146635  -0.026513  -0.146615  0.989190  0.002705  0.026623  0.001213  0.999645  0.027336  0.008224  0.015897  -0.032389  0.242937  0.186593  2.000000  
72.638919 0.022493  0.094864  -0.032963  0.988828  0.146631  -0.026795  -0.146614  0.989190  0.002624  0.026890  0.001334  0.999638  0.027140  0.008259  0.015724  -0.036579  0.242965  0.179676  2.000000  
72.640166 0.022525  0.094874  -0.032945  0.988817  0.146631  -0.027192  -0.146612  0.989190  0.002683  0.027292  0.001334  0.999627  0.026850  0.008305  0.015535  -0.032191  0.249922  0.178193  2.000000  
72.641419 0.022556  0.094885  -0.032927  0.988776  0.146830  -0.027606  -0.146814  0.989161  0.002627  0.027693  0.001455  0.999615  0.026540  0.008353  0.015329  -0.036624  0.251972  0.172717  2.000000  
72.642428 0.022581  0.094894  -0.032913  0.988769  0.146827  -0.027889  -0.146813  0.989161  0.002547  0.027960  0.001576  0.999608  0.026311  0.008417  0.015131  -0.040658  0.256428  0.172662  2.000000  
72.643665 0.022611  0.094904  -0.032895  0.988758  0.146823  -0.028303  -0.146811  0.989161  0.002486  0.028362  0.001697  0.999596  0.026059  0.008435  0.015021  -0.044486  0.258837  0.164397  2.000000  
72.644666 0.022635  0.094912  -0.032881  0.988750  0.146822  -0.028568  -0.146810  0.989161  0.002525  0.028629  0.001697  0.999589  0.025808  0.008454  0.014850  -0.045158  0.261000  0.151942  2.000000  
72.645666 0.022660  0.094920  -0.032867  0.988739  0.146818  -0.028983  -0.146809  0.989162  0.002464  0.029030  0.001819  0.999577  0.025633  0.008459  0.014793  -0.044742  0.267765  0.150635  2.000000  
72.646915 0.022690  0.094932  -0.032848  0.988727  0.146814  -0.029397  -0.146807  0.989162  0.002403  0.029431  0.001940  0.999565  0.025365  0.008536  0.014671  -0.049484  0.269996  0.138041  2.000000  
72.648167 0.022719  0.094943  -0.032830  0.988715  0.146809  -0.029812  -0.146805  0.989163  0.002342  0.029833  0.002061  0.999553  0.025083  0.008562  0.014587  -0.053687  0.274465  0.131087  2.000000  
72.649417 0.022748  0.094954  -0.032812  0.988704  0.146805  -0.030227  -0.146803  0.989163  0.002281  0.030234  0.002182  0.999540  0.024863  0.008636  0.014498  -0.057901  0.278965  0.124148  2.000000  
72.650430 0.022772  0.094964  -0.032799  0.988691  0.146800  -0.030641  -0.146802  0.989163  0.002220  0.030635  0.002304  0.999528  0.024576  0.008676  0.014364  -0.058020  0.283360  0.117146  2.000000  
72.651663 0.022801  0.094975  -0.032780  0.988679  0.146796  -0.031056  -0.146800  0.989164  0.002159  0.031036  0.002425  0.999515  0.024381  0.008729  0.014390  -0.061763  0.290066  0.109341  2.000000  
72.652667 0.022824  0.094985  -0.032766  0.988667  0.146795  -0.031453  -0.146798  0.989164  0.002218  0.031438  0.002425  0.999503  0.024160  0.008773  0.014348  -0.062613  0.292486  0.096424  2.000000  
72.653913 0.022852  0.094998  -0.032748  0.988684  0.146586  -0.031868  -0.146592  0.989195  0.002150  0.031839  0.002546  0.999490  0.023938  0.008949  0.014364  -0.066498  0.299015  0.081885  2.000000  
72.655170 0.022880  0.095010  -0.032730  0.988672  0.146581  -0.032283  -0.146591  0.989195  0.002089  0.032240  0.002667  0.999477  0.023682  0.009078  0.014365  -0.067192  0.301423  0.075590  2.000000  
72.656441 0.022908  0.095023  -0.032712  0.988655  0.146576  -0.032829  -0.146588  0.989196  0.002047  0.032775  0.002788  0.999459  0.023408  0.009202  0.014350  -0.071577  0.310177  0.061679  2.000000  
72.657666 0.022935  0.095036  -0.032693  0.988641  0.146571  -0.033244  -0.146586  0.989196  0.001986  0.033176  0.002910  0.999445  0.023225  0.009376  0.014429  -0.075259  0.312302  0.054329  2.000000  
72.658667 0.022957  0.095046  -0.032680  0.988628  0.146565  -0.033659  -0.146584  0.989196  0.001925  0.033577  0.003031  0.999432  0.023015  0.009502  0.014364  -0.076061  0.319373  0.047815  2.000000  
72.659916 0.022984  0.095060  -0.032661  0.988615  0.146560  -0.034073  -0.146582  0.989197  0.001864  0.033978  0.003152  0.999418  0.022817  0.009717  0.014434  -0.079667  0.316763  0.040546  2.000000  
72.661167 0.023010  0.095073  -0.032642  0.988597  0.146554  -0.034620  -0.146579  0.989197  0.001822  0.034513  0.003273  0.999399  0.022575  0.009891  0.014488  -0.080518  0.323894  0.033918  2.000000  
72.662420 0.023036  0.095088  -0.032624  0.988578  0.146553  -0.035149  -0.146577  0.989197  0.001901  0.035048  0.003273  0.999380  0.022285  0.010123  0.014487  -0.080695  0.332803  0.026976  2.000000  
72.663666 0.023063  0.095102  -0.032605  0.988560  0.146546  -0.035696  -0.146574  0.989198  0.001859  0.035583  0.003394  0.999361  0.022125  0.010302  0.014572  -0.080896  0.337299  0.020011  2.000000  
72.664911 0.023089  0.095117  -0.032586  0.988545  0.146541  -0.036111  -0.146572  0.989198  0.001798  0.035984  0.003515  0.999346  0.021909  0.010542  0.014647  -0.084498  0.339047  0.012960  2.000000  
72.665911 0.023110  0.095129  -0.032570  0.988531  0.146535  -0.036525  -0.146570  0.989199  0.001737  0.036385  0.003636  0.999331  0.021760  0.010783  0.014752  -0.084490  0.343494  0.012908  2.000000  
72.666911 0.023131  0.095141  -0.032555  0.988516  0.146529  -0.036940  -0.146568  0.989199  0.001676  0.036786  0.003758  0.999316  0.021611  0.010909  0.014780  -0.085419  0.350887  0.006046  2.000000  
72.668167 0.023157  0.095158  -0.032536  0.988467  0.146726  -0.037486  -0.146768  0.989170  0.001642  0.037321  0.003879  0.999296  0.021389  0.011188  0.014843  -0.089461  0.355254  0.006010  2.000000  
72.669412 0.023182  0.095174  -0.032517  0.988447  0.146719  -0.038033  -0.146765  0.989170  0.001600  0.037856  0.004000  0.999275  0.021261  0.011412  0.014938  -0.088760  0.361404  0.005897  2.000000  
72.670427 0.023203  0.095187  -0.032502  0.988432  0.146718  -0.038430  -0.146763  0.989170  0.001659  0.038257  0.004000  0.999260  0.021107  0.011625  0.014997  -0.084686  0.365750  0.005861  2.000000  
72.671663 0.023228  0.095204  -0.032483  0.988381  0.146915  -0.038976  -0.146963  0.989141  0.001626  0.038792  0.004121  0.999239  0.020973  0.011869  0.015032  -0.088732  0.370237  0.005827  2.000000  
72.672666 0.023248  0.095217  -0.032467  0.988365  0.146908  -0.039391  -0.146961  0.989141  0.001565  0.039193  0.004242  0.999223  0.020807  0.012125  0.015090  -0.088722  0.370207  0.005781  2.000000  
72.673666 0.023267  0.095231  -0.032453  0.988350  0.146902  -0.039805  -0.146959  0.989141  0.001504  0.039594  0.004363  0.999206  0.020702  0.012295  0.015135  -0.089469  0.377832  0.005771  2.000000  
72.674667 0.023287  0.095244  -0.032437  0.988304  0.147099  -0.040220  -0.147160  0.989112  0.001451  0.039995  0.004484  0.999190  0.020573  0.012496  0.015167  -0.089226  0.377845  0.012641  2.000000  
72.675919 0.023312  0.095262  -0.032418  0.988282  0.147091  -0.040766  -0.147157  0.989112  0.001410  0.040530  0.004605  0.999168  0.020459  0.012821  0.015218  -0.089209  0.382300  0.012579  2.000000  
72.677167 0.023337  0.095281  -0.032399  0.988231  0.147288  -0.041313  -0.147357  0.989082  0.001377  0.041065  0.004727  0.999145  0.020383  0.013090  0.015292  -0.092275  0.388115  0.019282  2.000000  
72.678421 0.023362  0.095299  -0.032379  0.988209  0.147280  -0.041860  -0.147354  0.989083  0.001336  0.041599  0.004848  0.999123  0.020246  0.013343  0.015270  -0.093022  0.391304  0.019392  2.000000  
72.679666 0.023387  0.095318  -0.032360  0.988151  0.147475  -0.042538  -0.147553  0.989053  0.001324  0.042268  0.004969  0.999094  0.020203  0.013634  0.015316  -0.092772  0.395888  0.026247  2.000000  
72.680914 0.023412  0.095336  -0.032341  0.988098  0.147671  -0.043085  -0.147753  0.989023  0.001291  0.042802  0.005090  0.999071  0.020113  0.013836  0.015324  -0.092507  0.400429  0.033099  2.000000  
