1-Time 2-Px 3-Py 4-Pz 5-R11 6-R21 7-R31 8-R12 9-R22 10-R32 11-R13 12-R23 13-R33 14-Vx 15-Vy 16-Vz 17-Wx 18-Wy 19-Wz 20-state 21-PR11 22-PR21 23-PR31 24-PR12 25-PR22 26-PR32 27-PR13 28-PR23 29-PR33 
105.067666 0.007229  0.091969  -0.027813  0.984042  0.177257  -0.015522  -0.176904  0.983987  0.021769  0.019132  -0.018675  0.999643  0.000288  0.002448  0.005365  0.025745  -0.166267  0.065582  2.000000  
105.068671 0.007230  0.091972  -0.027806  0.984008  0.177457  -0.015386  -0.177107  0.983951  0.021748  0.018998  -0.018675  0.999645  0.000371  0.002465  0.005429  0.026093  -0.167739  0.073029  2.000000  
105.069919 0.007231  0.091974  -0.027800  0.983794  0.178667  -0.015096  -0.178323  0.983732  0.021719  0.018731  -0.018675  0.999650  0.000465  0.002344  0.005432  0.000000  0.000000  0.000000  2.000000  
105.070925 0.007233  0.091975  -0.027794  0.983615  0.179677  -0.014788  -0.179337  0.983546  0.021806  0.018463  -0.018797  0.999653  0.000599  0.002240  0.005470  0.027655  -0.173643  0.149000  2.000000  
105.072176 0.007236  0.091975  -0.027787  0.983437  0.180682  -0.014371  -0.180350  0.983362  0.021749  0.018062  -0.018797  0.999660  0.000763  0.002082  0.005483  0.028193  -0.183178  0.176531  2.000000  
105.073424 0.007240  0.091976  -0.027781  0.983330  0.181286  -0.014073  -0.180958  0.983248  0.021829  0.017794  -0.018918  0.999663  0.001008  0.001947  0.005514  0.032654  -0.188029  0.197147  2.000000  
105.074440 0.007243  0.091977  -0.027775  0.983143  0.182300  -0.014028  -0.181971  0.983059  0.021962  0.017794  -0.019039  0.999660  0.001234  0.001866  0.005496  0.033328  -0.184086  0.231642  2.000000  
105.075673 0.007248  0.091980  -0.027769  0.982877  0.183720  -0.014106  -0.183387  0.982792  0.022126  0.017928  -0.019161  0.999656  0.001534  0.001838  0.005503  0.038255  -0.171500  0.273518  2.000000  
105.076924 0.007253  0.091982  -0.027762  0.982574  0.185340  -0.014047  -0.185005  0.982485  0.022269  0.017928  -0.019282  0.999653  0.001801  0.001757  0.005532  0.043437  -0.168053  0.328907  2.000000  
105.078173 0.007258  0.091983  -0.027756  0.982268  0.186960  -0.013987  -0.186623  0.982176  0.022411  0.017928  -0.019403  0.999651  0.002104  0.001670  0.005395  0.048456  -0.160023  0.377547  2.000000  
105.079178 0.007263  0.091986  -0.027753  0.982041  0.188170  -0.013674  -0.187837  0.981942  0.022497  0.017661  -0.019525  0.999653  0.002386  0.001635  0.005245  0.049197  -0.165306  0.418834  2.000000  
105.080419 0.007270  0.091990  -0.027747  0.981735  0.189783  -0.013351  -0.189455  0.981629  0.022588  0.017393  -0.019646  0.999656  0.002887  0.001701  0.005180  0.053865  -0.169559  0.470407  2.000000  
105.081423 0.007277  0.091993  -0.027742  0.981429  0.191393  -0.012897  -0.191073  0.981314  0.022652  0.016992  -0.019767  0.999660  0.003270  0.001821  0.005177  0.059152  -0.176350  0.522458  2.000000  
105.082668 0.007285  0.091997  -0.027732  0.981077  0.193208  -0.012569  -0.192892  0.980956  0.022743  0.016724  -0.019889  0.999662  0.003793  0.001823  0.005372  0.064327  -0.182080  0.584654  2.000000  
105.083671 0.007292  0.091999  -0.027725  0.980801  0.194620  -0.012382  -0.194306  0.980675  0.022855  0.016590  -0.020010  0.999662  0.004174  0.001791  0.005423  0.068595  -0.181523  0.621395  2.000000  
105.084675 0.007299  0.092001  -0.027719  0.980522  0.196032  -0.012194  -0.195720  0.980391  0.022965  0.016456  -0.020131  0.999662  0.004606  0.001862  0.005457  0.069895  -0.179388  0.674495  2.000000  
105.085921 0.007309  0.092004  -0.027711  0.980160  0.197845  -0.012020  -0.197537  0.980027  0.022961  0.016323  -0.020131  0.999664  0.005047  0.001957  0.005552  0.070814  -0.176006  0.730101  2.000000  
105.086949 0.007317  0.092005  -0.027704  0.979874  0.199259  -0.011963  -0.198949  0.979738  0.023097  0.016323  -0.020253  0.999662  0.005493  0.002006  0.005632  0.075666  -0.172309  0.777780  2.000000  
105.088173 0.007328  0.092004  -0.027695  0.979466  0.201272  -0.011629  -0.200967  0.979324  0.023187  0.016055  -0.020374  0.999664  0.005907  0.001900  0.005817  0.080775  -0.173780  0.841019  2.000000  
105.089180 0.007338  0.092004  -0.027688  0.979140  0.202878  -0.011173  -0.202581  0.978990  0.023244  0.015654  -0.020495  0.999667  0.006453  0.001797  0.005919  0.085528  -0.179316  0.895833  2.000000  
105.090440 0.007353  0.092003  -0.027679  0.978725  0.204888  -0.010838  -0.204597  0.978568  0.023330  0.015386  -0.020617  0.999669  0.007115  0.001607  0.006057  0.086417  -0.185048  0.957500  2.000000  
105.091673 0.007368  0.092003  -0.027671  0.978352  0.206692  -0.010247  -0.206412  0.978186  0.023359  0.014851  -0.020738  0.999675  0.007807  0.001420  0.006170  0.091241  -0.195420  1.020089  2.000000  
105.092922 0.007383  0.092000  -0.027661  0.978017  0.208296  -0.009790  -0.208024  0.977843  0.023411  0.014450  -0.020859  0.999678  0.008507  0.001133  0.006433  0.095814  -0.200954  1.068531  2.000000  
105.094175 0.007400  0.091997  -0.027653  0.977635  0.210099  -0.009355  -0.209837  0.977458  0.023345  0.014048  -0.020860  0.999684  0.009160  0.000757  0.006699  0.096522  -0.206721  1.130953  2.000000  
105.095425 0.007417  0.091994  -0.027645  0.977294  0.211701  -0.008898  -0.211448  0.977109  0.023394  0.013647  -0.020981  0.999687  0.009845  0.000218  0.006833  0.101056  -0.216654  1.178736  2.000000  
105.096671 0.007434  0.091990  -0.027637  0.976950  0.213303  -0.008442  -0.213059  0.976758  0.023441  0.013246  -0.021102  0.999690  0.010400  -0.000276  0.006864  0.105727  -0.226840  1.234036  2.000000  
105.097672 0.007448  0.091986  -0.027630  0.976691  0.214501  -0.008021  -0.214266  0.976496  0.023366  0.012844  -0.021102  0.999695  0.010954  -0.000733  0.006807  0.102010  -0.236792  1.275687  2.000000  
105.098923 0.007465  0.091981  -0.027620  0.976389  0.215894  -0.007334  -0.215675  0.976189  0.023233  0.012175  -0.021103  0.999703  0.011477  -0.001283  0.006918  0.101836  -0.250820  1.303045  2.000000  
105.100176 0.007482  0.091976  -0.027611  0.976084  0.217290  -0.006778  -0.217084  0.975879  0.023127  0.011640  -0.021103  0.999710  0.012001  -0.001858  0.007031  0.101330  -0.259863  1.303128  2.000000  
105.101423 0.007499  0.091969  -0.027601  0.975777  0.218682  -0.006092  -0.218492  0.975568  0.022991  0.010971  -0.021103  0.999717  0.012390  -0.002367  0.007117  0.096122  -0.271525  1.312390  2.000000  
105.102429 0.007511  0.091964  -0.027593  0.975557  0.219675  -0.005547  -0.219497  0.975345  0.022880  0.010436  -0.021103  0.999723  0.012653  -0.002753  0.007156  0.092304  -0.278447  1.329883  2.000000  
105.103694 0.007527  0.091957  -0.027582  0.975291  0.220868  -0.005023  -0.220703  0.975078  0.022650  0.009901  -0.020982  0.999731  0.012936  -0.003187  0.007287  0.083850  -0.292045  1.342700  2.000000  
105.104924 0.007542  0.091950  -0.027570  0.975069  0.221858  -0.004375  -0.221709  0.974856  0.022389  0.009232  -0.020861  0.999740  0.013000  -0.003599  0.007530  0.079197  -0.314385  1.329437  2.000000  
105.105926 0.007553  0.091944  -0.027562  0.974891  0.222649  -0.003835  -0.222513  0.974675  0.022273  0.008697  -0.020861  0.999745  0.012931  -0.003986  0.007594  0.074661  -0.336634  1.314999  2.000000  
105.107173 0.007566  0.091938  -0.027551  0.974666  0.223641  -0.003317  -0.223517  0.974451  0.022039  0.008162  -0.020740  0.999752  0.012781  -0.004319  0.007700  0.065889  -0.354229  1.293992  2.000000  
105.108174 0.007576  0.091932  -0.027541  0.974486  0.224432  -0.002805  -0.224320  0.974271  0.021804  0.007626  -0.020618  0.999758  0.012632  -0.004491  0.007896  0.057137  -0.367518  1.280163  2.000000  
105.109174 0.007585  0.091927  -0.027533  0.974352  0.225020  -0.002167  -0.224923  0.974138  0.021537  0.006957  -0.020497  0.999766  0.012363  -0.004689  0.008017  0.047890  -0.381998  1.255353  2.000000  
105.110175 0.007594  0.091921  -0.027525  0.974216  0.225611  -0.001633  -0.225526  0.974002  0.021418  0.006422  -0.020497  0.999769  0.011994  -0.004942  0.008125  0.043279  -0.393465  1.230730  2.000000  
105.111425 0.007604  0.091913  -0.027517  0.974035  0.226397  -0.000888  -0.226329  0.973824  0.021001  0.005620  -0.020255  0.999779  0.011497  -0.005218  0.008150  0.029842  -0.406126  1.189219  2.000000  
105.112672 0.007612  0.091904  -0.027509  0.973805  0.227384  -0.000113  -0.227333  0.973597  0.020702  0.004817  -0.020134  0.999786  0.010925  -0.005473  0.008035  0.020748  -0.423512  1.161064  2.000000  
105.113673 0.007619  0.091898  -0.027504  0.973668  0.227972  0.000524  -0.227935  0.973462  0.020431  0.004148  -0.020012  0.999791  0.010426  -0.005654  0.007867  0.011838  -0.440925  1.132994  2.000000  
105.114922 0.007625  0.091888  -0.027498  0.973482  0.228758  0.001294  -0.228737  0.973280  0.020129  0.003345  -0.019891  0.999797  0.009653  -0.005936  0.007624  0.002808  -0.462678  1.097882  2.000000  
105.116174 0.007630  0.091879  -0.027492  0.973296  0.229547  0.001906  -0.229539  0.973099  0.019738  0.002676  -0.019649  0.999803  0.008878  -0.006113  0.007376  -0.010130  -0.480183  1.070201  2.000000  
105.117419 0.007634  0.091870  -0.027487  0.973108  0.230333  0.002676  -0.230341  0.972916  0.019434  0.001873  -0.019528  0.999808  0.008180  -0.006244  0.007053  -0.018886  -0.498073  1.033694  2.000000  
105.118419 0.007637  0.091863  -0.027482  0.972967  0.230922  0.003282  -0.230942  0.972781  0.019042  0.001204  -0.019285  0.999813  0.007453  -0.006356  0.006769  -0.032189  -0.514753  0.993747  2.000000  
105.119423 0.007639  0.091856  -0.027478  0.972824  0.231511  0.003917  -0.231543  0.972644  0.018767  0.000535  -0.019164  0.999816  0.006919  -0.006502  0.006450  -0.041201  -0.522724  0.951676  2.000000  
105.120429 0.007642  0.091848  -0.027474  0.972634  0.232300  0.004555  -0.232344  0.972458  0.018490  -0.000134  -0.019042  0.999819  0.006203  -0.006684  0.006079  -0.045351  -0.536189  0.936878  2.000000  
105.121675 0.007644  0.091839  -0.027470  0.972441  0.233084  0.005424  -0.233145  0.972275  0.018032  -0.001070  -0.018800  0.999823  0.005482  -0.006791  0.005626  -0.058975  -0.552898  0.895623  2.000000  
105.122928 0.007646  0.091831  -0.027466  0.972248  0.233871  0.006191  -0.233945  0.972088  0.017722  -0.001873  -0.018679  0.999824  0.004770  -0.006899  0.005130  -0.067902  -0.561314  0.867732  2.000000  
105.123929 0.007649  0.091824  -0.027462  0.972102  0.234461  0.006795  -0.234545  0.971951  0.017326  -0.002542  -0.018436  0.999827  0.004281  -0.006928  0.004774  -0.076632  -0.574199  0.839937  2.000000  
105.124939 0.007650  0.091818  -0.027458  0.971955  0.235052  0.007297  -0.235145  0.971810  0.017078  -0.003077  -0.018315  0.999828  0.003773  -0.006974  0.004548  -0.085295  -0.577920  0.811852  2.000000  
105.126177 0.007652  0.091811  -0.027454  0.971759  0.235840  0.008034  -0.235945  0.971624  0.016647  -0.003880  -0.018072  0.999829  0.003281  -0.006929  0.004283  -0.098184  -0.591051  0.784282  2.000000  
105.127426 0.007655  0.091804  -0.027449  0.971610  0.236431  0.008637  -0.236545  0.971485  0.016248  -0.004549  -0.017830  0.999831  0.002871  -0.006797  0.004115  -0.106879  -0.599415  0.756514  2.000000  
105.128426 0.007656  0.091798  -0.027444  0.971461  0.237021  0.009239  -0.237144  0.971345  0.015848  -0.005218  -0.017587  0.999832  0.002568  -0.006718  0.004016  -0.115553  -0.603338  0.735649  2.000000  
105.129426 0.007659  0.091793  -0.027442  0.971310  0.237611  0.009870  -0.237743  0.971203  0.015566  -0.005887  -0.017466  0.999830  0.002394  -0.006611  0.003914  -0.120076  -0.612049  0.721716  2.000000  
105.130429 0.007661  0.091787  -0.027439  0.971207  0.237998  0.010627  -0.238142  0.971111  0.015253  -0.006690  -0.017344  0.999827  0.002218  -0.006484  0.003787  -0.124675  -0.620515  0.700735  2.000000  
105.131669 0.007664  0.091780  -0.027435  0.971055  0.238587  0.011358  -0.238740  0.970970  0.014819  -0.007493  -0.017102  0.999826  0.002189  -0.006359  0.003637  -0.132275  -0.624011  0.674471  2.000000  
105.132673 0.007668  0.091775  -0.027432  0.970901  0.239175  0.012117  -0.239338  0.970828  0.014502  -0.008295  -0.016980  0.999821  0.002189  -0.006212  0.003525  -0.133914  -0.633110  0.652417  2.000000  
105.133924 0.007673  0.091769  -0.027429  0.970746  0.239763  0.012877  -0.239936  0.970685  0.014184  -0.009098  -0.016859  0.999816  0.002299  -0.005987  0.003399  -0.137248  -0.641076  0.639939  2.000000  
105.134925 0.007678  0.091765  -0.027426  0.970640  0.240150  0.013661  -0.240334  0.970590  0.013986  -0.009901  -0.016859  0.999809  0.002461  -0.005784  0.003305  -0.134813  -0.650594  0.624575  2.000000  
105.135927 0.007683  0.091760  -0.027424  0.970534  0.240540  0.014287  -0.240732  0.970495  0.013702  -0.010570  -0.016737  0.999804  0.002655  -0.005593  0.003258  -0.138064  -0.653925  0.612379  2.000000  
105.137177 0.007690  0.091755  -0.027420  0.970377  0.241126  0.015075  -0.241329  0.970349  0.013499  -0.011373  -0.016737  0.999795  0.002998  -0.005341  0.003160  -0.135536  -0.663299  0.596547  2.000000  
105.138436 0.007698  0.091751  -0.027417  0.970217  0.241712  0.015962  -0.241926  0.970206  0.013146  -0.012309  -0.016616  0.999786  0.003425  -0.005111  0.003092  -0.135962  -0.671861  0.589341  2.000000  
105.139673 0.007708  0.091747  -0.027412  0.970105  0.242097  0.016876  -0.242322  0.970110  0.012912  -0.013246  -0.016615  0.999774  0.003926  -0.004862  0.003157  -0.132393  -0.676202  0.568775  2.000000  
105.140928 0.007719  0.091744  -0.027406  0.969943  0.242681  0.017792  -0.242918  0.969964  0.012674  -0.014182  -0.016615  0.999761  0.004531  -0.004566  0.003210  -0.127686  -0.683986  0.563891  2.000000  
105.141929 0.007729  0.091741  -0.027402  0.969834  0.243071  0.018417  -0.243315  0.969868  0.012386  -0.014851  -0.016494  0.999754  0.005039  -0.004342  0.003241  -0.129135  -0.680299  0.554942  2.000000  
105.143173 0.007741  0.091739  -0.027394  0.969719  0.243456  0.019330  -0.243711  0.969772  0.012151  -0.015788  -0.016494  0.999739  0.005700  -0.004050  0.003421  -0.121422  -0.684616  0.541215  2.000000  
105.144437 0.007755  0.091737  -0.027386  0.969604  0.243840  0.020243  -0.244107  0.969675  0.011914  -0.016724  -0.016493  0.999724  0.006503  -0.003683  0.003679  -0.117629  -0.688352  0.520149  2.000000  
105.145670 0.007769  0.091736  -0.027378  0.969438  0.244426  0.021129  -0.244701  0.969530  0.011555  -0.017661  -0.016372  0.999710  0.007244  -0.003251  0.004042  -0.117094  -0.696263  0.515904  2.000000  
105.146671 0.007781  0.091736  -0.027371  0.969325  0.244815  0.021782  -0.245098  0.969432  0.011382  -0.018329  -0.016372  0.999698  0.007845  -0.002892  0.004271  -0.113349  -0.696104  0.509079  2.000000  
105.147672 0.007793  0.091737  -0.027364  0.969210  0.245201  0.022564  -0.245493  0.969334  0.011176  -0.019132  -0.016371  0.999683  0.008379  -0.002513  0.004567  -0.106479  -0.706300  0.506465  2.000000  
105.148922 0.007810  0.091739  -0.027353  0.969091  0.245583  0.023506  -0.245888  0.969235  0.011054  -0.020068  -0.016492  0.999663  0.009144  -0.002028  0.005039  -0.098650  -0.710607  0.492582  2.000000  
105.149924 0.007824  0.091741  -0.027345  0.968973  0.245969  0.024289  -0.246283  0.969137  0.010847  -0.020871  -0.016492  0.999646  0.009761  -0.001594  0.005419  -0.090736  -0.710137  0.478714  2.000000  
105.151170 0.007842  0.091744  -0.027334  0.968799  0.246550  0.025332  -0.246875  0.968990  0.010567  -0.021941  -0.016492  0.999623  0.010595  -0.000994  0.006013  -0.086381  -0.717737  0.474639  2.000000  
105.152171 0.007856  0.091746  -0.027325  0.968680  0.246933  0.026144  -0.247270  0.968890  0.010476  -0.022744  -0.016613  0.999603  0.011091  -0.000592  0.006377  -0.078484  -0.721931  0.460817  2.000000  
105.153174 0.007871  0.091749  -0.027316  0.968509  0.247519  0.026928  -0.247863  0.968741  0.010261  -0.023546  -0.016612  0.999585  0.011613  -0.000156  0.006744  -0.071311  -0.723279  0.457905  2.000000  
105.154178 0.007886  0.091753  -0.027307  0.968388  0.247901  0.027740  -0.248257  0.968641  0.010168  -0.024349  -0.016733  0.999563  0.012167  0.000367  0.007214  -0.063395  -0.732356  0.450950  2.000000  
105.155425 0.007904  0.091757  -0.027296  0.968263  0.248282  0.028681  -0.248650  0.968541  0.010041  -0.025285  -0.016854  0.999538  0.012617  0.000821  0.007496  -0.050960  -0.739291  0.440017  2.000000  
105.156426 0.007920  0.091761  -0.027287  0.968144  0.248666  0.029362  -0.249045  0.968441  0.009980  -0.025954  -0.016975  0.999519  0.013097  0.001305  0.007828  -0.039379  -0.740680  0.436809  2.000000  
105.157673 0.007938  0.091767  -0.027276  0.967966  0.249245  0.030305  -0.249636  0.968290  0.009846  -0.026890  -0.017096  0.999492  0.013510  0.001854  0.008123  -0.027409  -0.749719  0.429886  2.000000  
105.158923 0.007958  0.091773  -0.027264  0.967787  0.249820  0.031278  -0.250228  0.968137  0.009828  -0.027827  -0.017338  0.999462  0.013907  0.002338  0.008417  -0.011513  -0.749623  0.429824  2.000000  
105.159924 0.007973  0.091778  -0.027255  0.967666  0.250203  0.031960  -0.250621  0.968036  0.009765  -0.028495  -0.017459  0.999441  0.014209  0.002722  0.008600  -0.003535  -0.749463  0.422879  2.000000  
105.161173 0.007993  0.091784  -0.027242  0.967481  0.250779  0.033032  -0.251211  0.967885  0.009593  -0.029565  -0.017579  0.999408  0.014602  0.003242  0.008878  0.004181  -0.753939  0.422781  2.000000  
105.162174 0.008008  0.091789  -0.027233  0.967306  0.251361  0.033715  -0.251804  0.967731  0.009522  -0.030234  -0.017700  0.999386  0.014788  0.003581  0.009036  0.011877  -0.754603  0.427377  2.000000  
105.163424 0.008027  0.091796  -0.027221  0.967122  0.251934  0.034688  -0.252394  0.967578  0.009500  -0.031170  -0.017942  0.999353  0.014978  0.003946  0.009148  0.027941  -0.753954  0.422776  2.000000  
105.164435 0.008043  0.091803  -0.027210  0.966946  0.252516  0.035371  -0.252986  0.967424  0.009426  -0.031839  -0.018063  0.999330  0.015056  0.004233  0.009239  0.031575  -0.753935  0.429548  2.000000  
105.165671 0.008063  0.091811  -0.027198  0.966765  0.253091  0.036214  -0.253576  0.967269  0.009436  -0.032641  -0.018305  0.999299  0.015199  0.004554  0.009374  0.042985  -0.752581  0.432883  2.000000  
105.166925 0.008082  0.091819  -0.027185  0.966534  0.253871  0.036899  -0.254367  0.967063  0.009353  -0.033310  -0.018426  0.999275  0.015276  0.004946  0.009459  0.046877  -0.745537  0.443607  2.000000  
105.168173 0.008101  0.091829  -0.027173  0.966351  0.254445  0.037743  -0.254957  0.966907  0.009360  -0.034112  -0.018668  0.999244  0.015354  0.005280  0.009550  0.058090  -0.739427  0.446690  2.000000  
105.169173 0.008116  0.091835  -0.027164  0.966166  0.255023  0.038555  -0.255546  0.966753  0.009249  -0.034914  -0.018788  0.999214  0.015359  0.005488  0.009550  0.061638  -0.744118  0.453469  2.000000  
105.170441 0.008134  0.091844  -0.027152  0.965981  0.255595  0.039398  -0.256136  0.966597  0.009254  -0.035717  -0.019030  0.999181  0.015321  0.005815  0.009612  0.069819  -0.740895  0.457007  2.000000  
105.171695 0.008153  0.091853  -0.027141  0.965794  0.256168  0.040241  -0.256725  0.966440  0.009258  -0.036519  -0.019272  0.999147  0.015293  0.006050  0.009638  0.081639  -0.736471  0.457058  2.000000  
105.172936 0.008171  0.091861  -0.027129  0.965660  0.256541  0.041082  -0.257115  0.966336  0.009269  -0.037321  -0.019514  0.999113  0.015229  0.006239  0.009594  0.089390  -0.732116  0.457091  2.000000  
105.174173 0.008189  0.091869  -0.027119  0.965477  0.257120  0.041765  -0.257705  0.966180  0.009189  -0.037990  -0.019635  0.999085  0.015161  0.006374  0.009501  0.092980  -0.723918  0.464523  2.000000  
105.175173 0.008203  0.091876  -0.027111  0.965346  0.257495  0.042477  -0.258096  0.966075  0.009233  -0.038658  -0.019877  0.999055  0.015050  0.006533  0.009428  0.104858  -0.723674  0.464295  2.000000  
105.176423 0.008221  0.091885  -0.027100  0.965161  0.258068  0.043191  -0.258685  0.965917  0.009269  -0.039327  -0.020118  0.999024  0.015002  0.006683  0.009349  0.111551  -0.713532  0.467380  2.000000  
105.177426 0.008235  0.091892  -0.027092  0.965029  0.258447  0.043871  -0.259076  0.965813  0.009195  -0.039995  -0.020239  0.998995  0.014861  0.006739  0.009259  0.116331  -0.710116  0.464291  2.000000  
105.178673 0.008252  0.091900  -0.027081  0.964837  0.259017  0.044714  -0.259663  0.965656  0.009193  -0.040797  -0.020481  0.998958  0.014703  0.006826  0.009111  0.119793  -0.705899  0.471191  2.000000  
105.179919 0.008270  0.091909  -0.027072  0.964645  0.259587  0.045557  -0.260250  0.965497  0.009191  -0.041599  -0.020722  0.998919  0.014590  0.006863  0.008901  0.126303  -0.700324  0.474110  2.000000  
105.180922 0.008283  0.091915  -0.027063  0.964510  0.259960  0.046269  -0.260640  0.965392  0.009232  -0.042268  -0.020964  0.998886  0.014443  0.006813  0.008810  0.135286  -0.692498  0.471230  2.000000  
105.182172 0.008300  0.091923  -0.027053  0.964316  0.260528  0.047112  -0.261227  0.965233  0.009228  -0.043070  -0.021206  0.998847  0.014289  0.006796  0.008617  0.138935  -0.683715  0.471345  2.000000  
105.183178 0.008314  0.091930  -0.027044  0.964180  0.260900  0.047824  -0.261616  0.965127  0.009268  -0.043738  -0.021447  0.998813  0.014154  0.006769  0.008581  0.142629  -0.683518  0.471015  2.000000  
105.184434 0.008331  0.091939  -0.027033  0.963990  0.261471  0.048538  -0.262204  0.964968  0.009297  -0.044407  -0.021689  0.998778  0.014014  0.006771  0.008541  0.149016  -0.673920  0.474195  2.000000  
105.185670 0.008347  0.091948  -0.027021  0.963799  0.262047  0.049220  -0.262791  0.964809  0.009208  -0.045075  -0.021810  0.998746  0.013906  0.006775  0.008572  0.148634  -0.665097  0.474300  2.000000  
105.186671 0.008360  0.091955  -0.027011  0.963668  0.262421  0.049803  -0.263182  0.964702  0.009281  -0.045610  -0.022051  0.998716  0.013855  0.006815  0.008634  0.149488  -0.657162  0.478268  2.000000  
105.187673 0.008374  0.091962  -0.027002  0.963529  0.262797  0.050483  -0.263571  0.964596  0.009201  -0.046278  -0.022172  0.998683  0.013773  0.006834  0.008630  0.151982  -0.656127  0.474111  2.000000  
105.188674 0.008388  0.091969  -0.026992  0.963397  0.263171  0.051066  -0.263961  0.964489  0.009273  -0.046812  -0.022413  0.998652  0.013724  0.006852  0.008744  0.153151  -0.648106  0.471258  2.000000  
105.189925 0.008404  0.091978  -0.026980  0.963197  0.263736  0.051909  -0.264546  0.964329  0.009263  -0.047614  -0.022655  0.998609  0.013592  0.006887  0.008851  0.156794  -0.643641  0.471175  2.000000  
105.190927 0.008417  0.091986  -0.026970  0.963063  0.264115  0.052460  -0.264935  0.964222  0.009217  -0.048149  -0.022775  0.998580  0.013582  0.006933  0.008933  0.156466  -0.634691  0.471255  2.000000  
105.192173 0.008434  0.091996  -0.026957  0.962917  0.264482  0.053301  -0.265321  0.964116  0.009217  -0.048951  -0.023017  0.998536  0.013523  0.007061  0.009092  0.159149  -0.633906  0.460326  2.000000  
105.193422 0.008451  0.092007  -0.026944  0.962714  0.265046  0.054144  -0.265906  0.963955  0.009204  -0.049753  -0.023258  0.998491  0.013502  0.007184  0.009255  0.158746  -0.629594  0.460274  2.000000  
105.194439 0.008465  0.092015  -0.026934  0.962579  0.265418  0.054727  -0.266295  0.963847  0.009273  -0.050287  -0.023500  0.998458  0.013510  0.007307  0.009462  0.163996  -0.625346  0.456932  2.000000  
105.195671 0.008483  0.092026  -0.026920  0.962375  0.265982  0.055570  -0.266878  0.963686  0.009259  -0.051089  -0.023741  0.998412  0.013559  0.007513  0.009662  0.162402  -0.625146  0.453189  2.000000  
105.196671 0.008497  0.092035  -0.026909  0.962177  0.266548  0.056283  -0.267463  0.963523  0.009280  -0.051757  -0.023982  0.998372  0.013588  0.007677  0.009865  0.167846  -0.630420  0.450017  2.000000  
105.197672 0.008512  0.092044  -0.026899  0.962033  0.266915  0.056995  -0.267850  0.963416  0.009311  -0.052425  -0.024224  0.998331  0.013657  0.007862  0.009978  0.167494  -0.630370  0.449738  2.000000  
105.198920 0.008530  0.092056  -0.026885  0.961827  0.267477  0.057838  -0.268433  0.963254  0.009294  -0.053227  -0.024465  0.998283  0.013773  0.008056  0.010193  0.169829  -0.629753  0.445834  2.000000  
105.199921 0.008545  0.092066  -0.026872  0.961689  0.267847  0.058421  -0.268821  0.963145  0.009360  -0.053761  -0.024706  0.998248  0.013863  0.008213  0.010363  0.171209  -0.621457  0.442754  2.000000  
105.201173 0.008565  0.092079  -0.026857  0.961425  0.268607  0.059266  -0.269601  0.962927  0.009329  -0.054563  -0.024947  0.998199  0.014058  0.008506  0.010623  0.173259  -0.625600  0.445719  2.000000  
105.202436 0.008585  0.092093  -0.026841  0.961209  0.269164  0.060237  -0.270181  0.962765  0.009273  -0.055498  -0.025188  0.998141  0.014284  0.008850  0.010856  0.174175  -0.630581  0.449018  2.000000  
105.203673 0.008605  0.092107  -0.026824  0.960998  0.269725  0.061079  -0.270763  0.962602  0.009252  -0.056299  -0.025429  0.998090  0.014530  0.009196  0.011195  0.173550  -0.631106  0.455944  2.000000  
105.204678 0.008622  0.092119  -0.026811  0.960787  0.270284  0.061922  -0.271344  0.962438  0.009230  -0.057101  -0.025670  0.998038  0.014817  0.009538  0.011456  0.176915  -0.635716  0.462530  2.000000  
105.205927 0.008643  0.092134  -0.026794  0.960519  0.271042  0.062766  -0.272122  0.962219  0.009194  -0.057902  -0.025911  0.997986  0.015098  0.009916  0.011821  0.174823  -0.639720  0.465240  2.000000  
105.207175 0.008666  0.092151  -0.026775  0.960186  0.271993  0.063740  -0.273096  0.961944  0.009107  -0.058837  -0.026152  0.997925  0.015454  0.010372  0.012137  0.175157  -0.645536  0.482795  2.000000  
105.208422 0.008688  0.092168  -0.026757  0.959858  0.272948  0.064586  -0.274071  0.961667  0.009055  -0.059639  -0.026393  0.997871  0.015807  0.010834  0.012500  0.172297  -0.645198  0.499039  2.000000  
105.209426 0.008707  0.092182  -0.026742  0.959586  0.273703  0.065430  -0.274848  0.961445  0.009014  -0.060440  -0.026633  0.997816  0.016116  0.011188  0.012791  0.171227  -0.650127  0.512482  2.000000  
105.210436 0.008725  0.092197  -0.026727  0.959369  0.274260  0.066272  -0.275427  0.961280  0.008986  -0.061241  -0.026874  0.997761  0.016413  0.011600  0.013111  0.172176  -0.659835  0.516207  2.000000  
105.211673 0.008750  0.092216  -0.026708  0.959014  0.275194  0.067536  -0.276394  0.961003  0.008935  -0.062443  -0.027235  0.997677  0.016878  0.012146  0.013498  0.175054  -0.674060  0.529661  2.000000  
105.212675 0.008770  0.092232  -0.026693  0.958737  0.275948  0.068380  -0.277170  0.960780  0.008890  -0.063245  -0.027476  0.997620  0.017220  0.012547  0.013758  0.178349  -0.678781  0.536284  2.000000  
105.213922 0.008795  0.092252  -0.026673  0.958320  0.277086  0.069611  -0.278332  0.960445  0.008703  -0.064446  -0.027716  0.997536  0.017675  0.013087  0.014138  0.176699  -0.693036  0.556581  2.000000  
105.214924 0.008815  0.092268  -0.026657  0.958041  0.277829  0.070488  -0.279107  0.960220  0.008772  -0.065247  -0.028077  0.997474  0.018140  0.013610  0.014445  0.179603  -0.702434  0.569854  2.000000  
105.216241 0.008842  0.092289  -0.026638  0.957619  0.278965  0.071720  -0.280268  0.959884  0.008580  -0.066449  -0.028317  0.997388  0.018457  0.014056  0.014570  0.177185  -0.719956  0.595754  2.000000  
105.217419 0.008869  0.092311  -0.026618  0.957204  0.280095  0.072856  -0.281430  0.959544  0.008539  -0.067517  -0.028678  0.997306  0.018947  0.014561  0.014886  0.182171  -0.730063  0.619220  2.000000  
105.218432 0.008891  0.092329  -0.026602  0.956843  0.281027  0.073991  -0.282395  0.959261  0.008511  -0.068585  -0.029039  0.997223  0.019326  0.015022  0.015075  0.186245  -0.749524  0.637035  2.000000  
105.219671 0.008919  0.092351  -0.026581  0.956414  0.282150  0.075255  -0.283553  0.958920  0.008427  -0.069786  -0.029399  0.997129  0.019778  0.015522  0.015312  0.190627  -0.762248  0.658674  2.000000  
105.220675 0.008942  0.092370  -0.026566  0.955991  0.283286  0.076357  -0.284712  0.958577  0.008262  -0.070854  -0.029639  0.997046  0.020184  0.015907  0.015428  0.190390  -0.782814  0.684326  2.000000  
105.221925 0.008971  0.092394  -0.026544  0.955547  0.284404  0.077749  -0.285866  0.958235  0.008134  -0.072188  -0.029999  0.996940  0.020702  0.016431  0.015662  0.192012  -0.801641  0.711104  2.000000  
105.223173 0.009001  0.092419  -0.026523  0.955041  0.285707  0.079177  -0.287214  0.957832  0.008103  -0.073523  -0.030479  0.996828  0.021232  0.016973  0.015854  0.197681  -0.820652  0.737924  2.000000  
105.224173 0.009026  0.092438  -0.026506  0.954600  0.286836  0.080405  -0.288368  0.957487  0.007890  -0.074724  -0.030718  0.996731  0.021569  0.017295  0.015979  0.193724  -0.841524  0.758240  2.000000  
105.225173 0.009050  0.092459  -0.026489  0.954156  0.287953  0.081668  -0.289520  0.957140  0.007791  -0.075925  -0.031078  0.996629  0.022019  0.017735  0.016119  0.197339  -0.862962  0.784721  2.000000  
105.226176 0.009075  0.092479  -0.026472  0.953719  0.289083  0.082768  -0.290675  0.956792  0.007611  -0.076992  -0.031318  0.996540  0.022335  0.018068  0.016272  0.194812  -0.877210  0.811532  2.000000  
105.227425 0.009107  0.092506  -0.026450  0.953190  0.290377  0.084322  -0.292016  0.956384  0.007526  -0.078459  -0.031797  0.996410  0.022840  0.018577  0.016452  0.200201  -0.900751  0.838129  2.000000  
105.228671 0.009138  0.092532  -0.026428  0.952607  0.291880  0.085715  -0.293554  0.955914  0.007343  -0.079793  -0.032157  0.996293  0.023242  0.018979  0.016581  0.201068  -0.920036  0.871866  2.000000  
105.229920 0.009171  0.092560  -0.026406  0.951958  0.293578  0.087108  -0.295286  0.955382  0.007137  -0.081127  -0.032516  0.996173  0.023698  0.019482  0.016733  0.199363  -0.940770  0.911435  2.000000  
105.230924 0.009197  0.092582  -0.026389  0.951438  0.294885  0.088371  -0.296629  0.954967  0.007001  -0.082327  -0.032875  0.996063  0.024200  0.019958  0.016999  0.202734  -0.962988  0.939008  2.000000  
105.232172 0.009230  0.092611  -0.026367  0.950821  0.296374  0.090016  -0.298155  0.954494  0.006725  -0.083927  -0.033233  0.995918  0.024481  0.020319  0.017030  0.203265  -0.987229  0.972946  2.000000  
105.233426 0.009263  0.092639  -0.026345  0.950148  0.298051  0.091571  -0.299879  0.953955  0.006580  -0.085393  -0.033712  0.995777  0.024856  0.020731  0.017153  0.207223  -1.010731  1.012700  2.000000  
105.234437 0.009291  0.092663  -0.026328  0.949616  0.299353  0.092832  -0.301217  0.953534  0.006432  -0.086593  -0.034071  0.995661  0.025179  0.021081  0.017196  0.210452  -1.026991  1.038645  2.000000  
105.235673 0.009325  0.092692  -0.026305  0.948922  0.301033  0.094476  -0.302933  0.952992  0.006121  -0.088192  -0.034428  0.995508  0.025517  0.021469  0.017348  0.210448  -1.049735  1.070878  2.000000  
105.236926 0.009359  0.092721  -0.026283  0.948286  0.302514  0.096118  -0.304452  0.952510  0.005823  -0.089792  -0.034785  0.995353  0.025874  0.021855  0.017414  0.207567  -1.077372  1.089983  2.000000  
105.238174 0.009394  0.092751  -0.026262  0.947582  0.304178  0.097797  -0.306164  0.951962  0.005616  -0.091391  -0.035263  0.995191  0.026208  0.022218  0.017444  0.214360  -1.105334  1.118666  2.000000  
105.239177 0.009423  0.092775  -0.026243  0.946959  0.305664  0.099183  -0.307686  0.951473  0.005389  -0.092723  -0.035621  0.995055  0.026517  0.022505  0.017552  0.215089  -1.124550  1.145308  2.000000  
105.240427 0.009458  0.092806  -0.026220  0.946233  0.307331  0.100950  -0.309389  0.950922  0.005014  -0.094455  -0.035977  0.994879  0.026803  0.022812  0.017647  0.212717  -1.148408  1.175771  2.000000  
105.241427 0.009487  0.092830  -0.026203  0.945601  0.308826  0.102297  -0.310907  0.950429  0.004662  -0.095787  -0.036214  0.994743  0.027091  0.023029  0.017648  0.207131  -1.163013  1.205155  2.000000  
105.242436 0.009516  0.092854  -0.026184  0.945042  0.310117  0.103554  -0.312233  0.949995  0.004485  -0.096985  -0.036572  0.994614  0.027319  0.023285  0.017706  0.208253  -1.177276  1.224700  2.000000  
105.243674 0.009553  0.092885  -0.026161  0.944236  0.311973  0.105318  -0.314125  0.949373  0.004071  -0.098716  -0.036927  0.994430  0.027648  0.023559  0.017832  0.208272  -1.196857  1.251546  2.000000  
105.244675 0.009582  0.092910  -0.026143  0.943591  0.313464  0.106663  -0.315637  0.948873  0.003706  -0.100048  -0.037163  0.994288  0.027847  0.023721  0.017873  0.200527  -1.216119  1.278066  2.000000  
105.245923 0.009619  0.092942  -0.026119  0.942838  0.315120  0.108423  -0.317329  0.948310  0.003302  -0.101778  -0.037519  0.994099  0.028120  0.023976  0.017960  0.201389  -1.238069  1.300678  2.000000  
105.247171 0.009656  0.092974  -0.026096  0.942066  0.316770  0.110308  -0.319014  0.947746  0.002848  -0.103641  -0.037873  0.993893  0.028418  0.024226  0.018068  0.197163  -1.263252  1.316753  2.000000  
105.248419 0.009694  0.093006  -0.026072  0.941222  0.318613  0.112191  -0.320889  0.947114  0.002365  -0.105504  -0.038227  0.993684  0.028695  0.024459  0.018164  0.190642  -1.281721  1.339084  2.000000  
105.249424 0.009724  0.093032  -0.026053  0.940544  0.320091  0.113656  -0.322388  0.946606  0.001936  -0.106968  -0.038462  0.993518  0.028891  0.024638  0.018300  0.184976  -1.301645  1.362518  2.000000  
105.250436 0.009754  0.093057  -0.026034  0.939849  0.321550  0.115284  -0.323880  0.946097  0.001573  -0.108564  -0.038817  0.993331  0.029062  0.024760  0.018375  0.185882  -1.320182  1.374786  2.000000  
105.251671 0.009792  0.093090  -0.026010  0.938919  0.323580  0.117163  -0.325941  0.945390  0.001046  -0.110426  -0.039170  0.993112  0.029318  0.024994  0.018552  0.178579  -1.338374  1.403294  2.000000  
105.252924 0.009829  0.093123  -0.025986  0.937982  0.325622  0.119000  -0.327997  0.944679  0.000396  -0.112287  -0.039403  0.992894  0.029527  0.025190  0.018700  0.167433  -1.359667  1.434529  2.000000  
105.253925 0.009860  0.093148  -0.025966  0.937201  0.327268  0.120623  -0.329674  0.944095  -0.000010  -0.113883  -0.039757  0.992698  0.029630  0.025285  0.018777  0.164988  -1.372339  1.455445  2.000000  
105.254927 0.009891  0.093175  -0.025946  0.936483  0.328733  0.122205  -0.331156  0.943576  -0.000511  -0.115478  -0.039990  0.992505  0.029823  0.025426  0.018866  0.159945  -1.388616  1.466676  2.000000  
105.256176 0.009930  0.093208  -0.025921  0.935594  0.330559  0.124075  -0.333010  0.942923  -0.001043  -0.117338  -0.040343  0.992272  0.030044  0.025642  0.019070  0.155492  -1.407876  1.485961  2.000000  
105.257425 0.009969  0.093241  -0.025896  0.934629  0.332592  0.125903  -0.335053  0.942198  -0.001722  -0.119198  -0.040574  0.992041  0.030250  0.025805  0.019264  0.146782  -1.422456  1.505345  2.000000  
105.258435 0.010001  0.093268  -0.025875  0.933825  0.334245  0.127479  -0.336719  0.941602  -0.002267  -0.120792  -0.040807  0.991839  0.030365  0.025924  0.019352  0.138496  -1.441172  1.524206  2.000000  
105.259673 0.010041  0.093302  -0.025850  0.932900  0.336059  0.129467  -0.338557  0.940941  -0.002866  -0.122784  -0.041158  0.991580  0.030616  0.026117  0.019528  0.135205  -1.464997  1.530058  2.000000  
105.260673 0.010073  0.093329  -0.025829  0.932101  0.337713  0.130914  -0.340223  0.940339  -0.003379  -0.124245  -0.041391  0.991388  0.030777  0.026250  0.019694  0.127594  -1.475107  1.542983  2.000000  
105.261923 0.010113  0.093363  -0.025803  0.931146  0.339533  0.132981  -0.342049  0.939673  -0.004152  -0.126369  -0.041620  0.991110  0.030975  0.026377  0.019887  0.119063  -1.493980  1.555230  2.000000  
105.263169 0.010154  0.093398  -0.025776  0.930097  0.341538  0.135168  -0.344056  0.938936  -0.005007  -0.128625  -0.041848  0.990810  0.031196  0.026522  0.020091  0.108325  -1.518836  1.567633  2.000000  
105.264169 0.010186  0.093425  -0.025755  0.929247  0.343176  0.136857  -0.345700  0.938328  -0.005631  -0.130349  -0.042079  0.990575  0.031391  0.026672  0.020234  0.098502  -1.541924  1.580414  2.000000  
105.265171 0.010219  0.093453  -0.025733  0.928463  0.344619  0.138545  -0.347150  0.937789  -0.006232  -0.132074  -0.042310  0.990337  0.031550  0.026797  0.020394  0.095184  -1.555482  1.585547  2.000000  
105.266206 0.010253  0.093481  -0.025711  0.927673  0.346060  0.140231  -0.348597  0.937248  -0.006839  -0.133798  -0.042540  0.990095  0.031724  0.026903  0.020572  0.087675  -1.567401  1.588816  2.000000  
105.267424 0.010294  0.093516  -0.025683  0.926667  0.347863  0.142407  -0.350398  0.936569  -0.007697  -0.136051  -0.042767  0.989778  0.032024  0.027120  0.020833  0.077841  -1.593453  1.596068  2.000000  
105.268673 0.010337  0.093552  -0.025655  0.925597  0.349863  0.144454  -0.352391  0.935814  -0.008546  -0.138172  -0.042994  0.989475  0.032338  0.027349  0.021095  0.066869  -1.611736  1.608150  2.000000  
105.269674 0.010371  0.093581  -0.025633  0.924716  0.351491  0.146130  -0.354019  0.935193  -0.009202  -0.139894  -0.043224  0.989223  0.032473  0.027493  0.021243  0.063482  -1.625701  1.613630  2.000000  
105.270676 0.010405  0.093610  -0.025610  0.923812  0.353130  0.147885  -0.355637  0.934570  -0.010025  -0.141749  -0.043332  0.988954  0.032712  0.027689  0.021460  0.050996  -1.644573  1.625911  2.000000  
105.271924 0.010448  0.093646  -0.025581  0.922646  0.355315  0.149919  -0.357808  0.933731  -0.010929  -0.143868  -0.043559  0.988638  0.032996  0.027919  0.021672  0.040313  -1.659239  1.637751  2.000000  
105.273172 0.010492  0.093683  -0.025551  0.921452  0.357491  0.152073  -0.359966  0.932890  -0.011891  -0.146118  -0.043784  0.988298  0.033295  0.028150  0.021970  0.030451  -1.682885  1.656428  2.000000  
105.274172 0.010527  0.093713  -0.025528  0.920509  0.359100  0.153984  -0.361565  0.932261  -0.012672  -0.148103  -0.044011  0.987992  0.033511  0.028329  0.022173  0.025867  -1.706111  1.668377  2.000000  
105.275425 0.010572  0.093752  -0.025497  0.919203  0.361457  0.156249  -0.363895  0.931339  -0.013734  -0.150485  -0.044234  0.987622  0.033856  0.028624  0.022464  0.016494  -1.729453  1.680123  2.000000  
105.276670 0.010617  0.093790  -0.025466  0.918057  0.363433  0.158392  -0.365848  0.930559  -0.014693  -0.152733  -0.044458  0.987267  0.034149  0.028920  0.022768  0.007183  -1.748242  1.691938  2.000000  
105.277672 0.010654  0.093821  -0.025442  0.917015  0.365227  0.160289  -0.367622  0.929846  -0.015531  -0.154716  -0.044684  0.986948  0.034471  0.029179  0.023007  0.001447  -1.767293  1.710769  2.000000  
105.278674 0.010691  0.093853  -0.025417  0.915986  0.367023  0.162060  -0.369400  0.929127  -0.016327  -0.156567  -0.044910  0.986646  0.034724  0.029473  0.023283  -0.005983  -1.782439  1.723959  2.000000  
105.279920 0.010737  0.093893  -0.025385  0.914622  0.369363  0.164429  -0.371699  0.928189  -0.017479  -0.159077  -0.045131  0.986234  0.035060  0.029766  0.023554  -0.018265  -1.801691  1.742196  2.000000  
105.280932 0.010775  0.093925  -0.025360  0.913635  0.370978  0.166273  -0.373272  0.927539  -0.018420  -0.161058  -0.045236  0.985908  0.035450  0.030120  0.023843  -0.025092  -1.819856  1.747558  2.000000  
105.282174 0.010822  0.093966  -0.025327  0.912328  0.373121  0.168635  -0.375371  0.926668  -0.019559  -0.163566  -0.045456  0.985485  0.035793  0.030454  0.024135  -0.033202  -1.843360  1.746012  2.000000  
105.283426 0.010870  0.094006  -0.025294  0.911011  0.375261  0.170991  -0.377463  0.925793  -0.020710  -0.166074  -0.045676  0.985055  0.036143  0.030805  0.024481  -0.043389  -1.863600  1.758911  2.000000  
105.284434 0.010909  0.094040  -0.025267  0.909980  0.376865  0.172944  -0.379013  0.925136  -0.021725  -0.168185  -0.045779  0.984692  0.036474  0.031088  0.024763  -0.052043  -1.879364  1.754990  2.000000  
