1-Time 2-Px 3-Py 4-Pz 5-R11 6-R21 7-R31 8-R12 9-R22 10-R32 11-R13 12-R23 13-R33 14-Vx 15-Vy 16-Vz 17-Wx 18-Wy 19-Wz 20-state 21-PR11 22-PR21 23-PR31 24-PR12 25-PR22 26-PR32 27-PR13 28-PR23 29-PR33 
172.329166 0.010449  0.096282  -0.039584  0.993161  0.057752  -0.101471  -0.056493  0.998287  0.015248  0.102177  -0.009412  0.994722  -0.002484  -0.000016  0.021920  0.000000  0.000000  0.000000  2.000000  
172.330169 0.010448  0.096283  -0.039562  0.993188  0.057750  -0.101205  -0.056494  0.998287  0.015233  0.101911  -0.009412  0.994749  -0.002466  0.000011  0.022033  0.000000  0.000000  0.000000  2.000000  
172.331172 0.010447  0.096283  -0.039539  0.993174  0.057751  -0.101338  -0.056493  0.998287  0.015241  0.102044  -0.009412  0.994735  -0.002332  0.000092  0.022137  0.000000  0.000000  0.000000  2.000000  
172.332423 0.010447  0.096283  -0.039509  0.993161  0.057752  -0.101471  -0.056493  0.998287  0.015248  0.102177  -0.009412  0.994722  -0.002155  0.000068  0.022326  0.000000  0.000000  0.000000  2.000000  
172.333424 0.010447  0.096283  -0.039486  0.993147  0.057766  -0.101596  -0.056492  0.998285  0.015377  0.102310  -0.009532  0.994707  -0.001949  0.000096  0.022437  0.000000  0.000000  0.000000  2.000000  
172.334427 0.010448  0.096283  -0.039463  0.993133  0.057767  -0.101729  -0.056491  0.998285  0.015384  0.102444  -0.009532  0.994693  -0.001751  0.000045  0.022550  0.000000  0.000000  0.000000  2.000000  
172.335435 0.010449  0.096282  -0.039439  0.993122  0.057985  -0.101719  -0.056696  0.998271  0.015526  0.102444  -0.009653  0.994692  -0.001471  0.000021  0.022642  0.000000  0.000000  0.000000  2.000000  
172.336671 0.010451  0.096281  -0.039410  0.993096  0.058192  -0.101849  -0.056899  0.998259  0.015555  0.102577  -0.009652  0.994678  -0.001138  -0.000030  0.022808  0.000000  0.000000  0.000000  2.000000  
172.337922 0.010453  0.096280  -0.039381  0.993061  0.058808  -0.101839  -0.057513  0.998223  0.015618  0.102577  -0.009652  0.994678  -0.000754  -0.000080  0.022930  0.000000  0.000000  0.000000  2.000000  
172.339171 0.010456  0.096279  -0.039351  0.993049  0.059014  -0.101836  -0.057717  0.998210  0.015639  0.102577  -0.009652  0.994678  -0.000378  -0.000210  0.023046  0.000000  0.000000  0.000000  2.000000  
172.340173 0.010458  0.096279  -0.039328  0.993024  0.059221  -0.101966  -0.057921  0.998198  0.015668  0.102710  -0.009652  0.994665  -0.000075  -0.000181  0.023138  0.000000  0.000000  0.000000  2.000000  
172.341424 0.010460  0.096279  -0.039302  0.992958  0.059636  -0.102358  -0.058327  0.998174  0.015733  0.103109  -0.009652  0.994623  0.000265  -0.000179  0.022974  0.000000  0.000000  0.000000  2.000000  
172.342427 0.010461  0.096280  -0.039282  0.992919  0.059831  -0.102627  -0.058530  0.998163  0.015649  0.103375  -0.009531  0.994597  0.000536  -0.000126  0.022791  0.000000  0.000000  0.000000  2.000000  
172.343672 0.010464  0.096280  -0.039256  0.992879  0.060039  -0.102890  -0.058733  0.998151  0.015685  0.103641  -0.009531  0.994569  0.000924  -0.000124  0.022637  0.000000  0.000000  0.000000  2.000000  
172.344920 0.010468  0.096281  -0.039233  0.992827  0.060465  -0.103142  -0.059140  0.998124  0.015865  0.103907  -0.009651  0.994540  0.001305  -0.000094  0.022318  0.000000  0.000000  0.000000  2.000000  
172.346169 0.010473  0.096283  -0.039208  0.992763  0.061084  -0.103398  -0.059751  0.998086  0.015944  0.104174  -0.009651  0.994512  0.001757  -0.000015  0.022010  0.000000  0.000000  0.000000  2.000000  
172.347417 0.010480  0.096284  -0.039183  0.992724  0.061497  -0.103524  -0.060159  0.998061  0.015995  0.104307  -0.009651  0.994498  0.002193  0.000091  0.021748  0.000000  0.000000  0.000000  2.000000  
172.348429 0.010485  0.096285  -0.039161  0.992684  0.061717  -0.103779  -0.060362  0.998046  0.016153  0.104573  -0.009771  0.994469  0.002589  0.000119  0.021623  0.000000  0.000000  0.000000  2.000000  
172.349671 0.010493  0.096285  -0.039133  0.992617  0.062145  -0.104163  -0.060768  0.998018  0.016342  0.104972  -0.009891  0.994426  0.003007  0.000148  0.021541  0.000000  0.000000  0.000000  2.000000  
172.350674 0.010499  0.096283  -0.039110  0.992562  0.062354  -0.104558  -0.060970  0.998005  0.016388  0.105371  -0.009891  0.994384  0.003301  0.000124  0.021515  0.000000  0.000000  0.000000  2.000000  
172.351921 0.010507  0.096282  -0.039082  0.992481  0.062770  -0.105082  -0.061375  0.997979  0.016463  0.105903  -0.009890  0.994327  0.003653  0.000074  0.021443  0.000000  0.000000  0.000000  2.000000  
172.352924 0.010513  0.096279  -0.039060  0.992411  0.062994  -0.105602  -0.061576  0.997964  0.016639  0.106436  -0.010010  0.994269  0.003966  -0.000058  0.021362  0.000000  0.000000  0.000000  2.000000  
172.354168 0.010520  0.096275  -0.039031  0.992341  0.063205  -0.106130  -0.061777  0.997950  0.016694  0.106968  -0.010010  0.994212  0.004272  -0.000235  0.021361  0.000000  0.000000  0.000000  2.000000  
172.355170 0.010527  0.096272  -0.039009  0.992300  0.063413  -0.106392  -0.061979  0.997937  0.016732  0.107234  -0.010009  0.994183  0.004621  -0.000467  0.021314  0.035225  0.142174  0.180357  2.000000  
172.356422 0.010536  0.096269  -0.038981  0.992231  0.063815  -0.106791  -0.062385  0.997913  0.016680  0.107633  -0.009888  0.994142  0.005094  -0.000698  0.021385  0.032599  0.164460  0.194237  2.000000  
172.357671 0.010545  0.096265  -0.038955  0.992190  0.064023  -0.107053  -0.062587  0.997899  0.016719  0.107899  -0.009888  0.994113  0.005629  -0.001000  0.021508  0.034059  0.182336  0.208202  2.000000  
172.358673 0.010553  0.096263  -0.038932  0.992148  0.064231  -0.107315  -0.062790  0.997886  0.016758  0.108165  -0.009888  0.994084  0.005992  -0.001208  0.021651  0.038859  0.200246  0.215223  2.000000  
172.359921 0.010563  0.096261  -0.038906  0.992106  0.064439  -0.107577  -0.062992  0.997873  0.016797  0.108431  -0.009888  0.994055  0.006360  -0.001417  0.021811  0.039287  0.211973  0.220470  2.000000  
172.361169 0.010574  0.096260  -0.038878  0.992050  0.064648  -0.107972  -0.063194  0.997859  0.016844  0.108830  -0.009887  0.994011  0.006705  -0.001598  0.022054  0.040054  0.225285  0.227417  2.000000  
172.362171 0.010582  0.096260  -0.038856  0.991993  0.064858  -0.108367  -0.063395  0.997846  0.016892  0.109229  -0.009887  0.993967  0.006958  -0.001674  0.022195  0.040836  0.234114  0.234297  2.000000  
172.363422 0.010593  0.096258  -0.038828  0.991949  0.064875  -0.108757  -0.063392  0.997843  0.017038  0.109628  -0.010007  0.993922  0.007147  -0.001773  0.022202  0.040900  0.243016  0.234416  2.000000  
172.364423 0.010601  0.096257  -0.038806  0.991920  0.064878  -0.109023  -0.063390  0.997843  0.017055  0.109894  -0.010007  0.993893  0.007275  -0.001849  0.022172  0.040950  0.247501  0.234479  2.000000  
172.365437 0.010609  0.096255  -0.038782  0.991877  0.065086  -0.109284  -0.063593  0.997830  0.017095  0.110160  -0.010006  0.993864  0.007444  -0.001926  0.022278  0.037221  0.258378  0.236382  2.000000  
172.366672 0.010618  0.096252  -0.038753  0.991848  0.065088  -0.109550  -0.063591  0.997829  0.017112  0.110426  -0.010006  0.993834  0.007570  -0.002090  0.022298  0.035815  0.263153  0.222790  2.000000  
172.367924 0.010627  0.096246  -0.038724  0.991805  0.065296  -0.109812  -0.063793  0.997816  0.017151  0.110692  -0.010006  0.993804  0.007658  -0.002193  0.022339  0.035106  0.272215  0.215996  2.000000  
172.369171 0.010636  0.096241  -0.038694  0.991791  0.065298  -0.109944  -0.063792  0.997816  0.017160  0.110825  -0.010005  0.993790  0.007722  -0.002246  0.022494  0.034097  0.274486  0.207425  2.000000  
172.370433 0.010645  0.096237  -0.038662  0.991746  0.065288  -0.110350  -0.063789  0.997817  0.017065  0.111224  -0.009884  0.993746  0.007740  -0.002279  0.022715  0.028879  0.281291  0.195326  2.000000  
172.371671 0.010653  0.096233  -0.038629  0.991716  0.065291  -0.110616  -0.063787  0.997817  0.017082  0.111490  -0.009884  0.993716  0.007707  -0.002289  0.023152  0.032287  0.276973  0.188448  2.000000  
172.372922 0.010662  0.096230  -0.038596  0.991672  0.065282  -0.111022  -0.063785  0.997819  0.016986  0.111889  -0.009763  0.993673  0.007680  -0.002337  0.023568  0.026553  0.283780  0.173332  2.000000  
172.374169 0.010671  0.096227  -0.038562  0.991642  0.065284  -0.111287  -0.063783  0.997819  0.017003  0.112154  -0.009763  0.993643  0.007662  -0.002318  0.023964  0.025870  0.279398  0.166467  2.000000  
172.375432 0.010681  0.096226  -0.038529  0.991612  0.065273  -0.111560  -0.063781  0.997821  0.016899  0.112420  -0.009642  0.993614  0.007588  -0.002353  0.024379  0.015722  0.281807  0.147150  2.000000  
172.376668 0.010690  0.096224  -0.038498  0.991597  0.065275  -0.111693  -0.063780  0.997821  0.016908  0.112553  -0.009642  0.993599  0.007480  -0.002387  0.024621  0.014130  0.279719  0.132344  2.000000  
172.377669 0.010697  0.096223  -0.038473  0.991582  0.065276  -0.111826  -0.063779  0.997821  0.016916  0.112686  -0.009642  0.993584  0.007358  -0.002455  0.024850  0.009368  0.275325  0.125496  2.000000  
172.378921 0.010705  0.096221  -0.038442  0.991567  0.065264  -0.111966  -0.063778  0.997823  0.016804  0.112819  -0.009521  0.993570  0.007230  -0.002434  0.024953  0.003857  0.271076  0.111819  2.000000  
172.379923 0.010710  0.096219  -0.038419  0.991551  0.065265  -0.112099  -0.063777  0.997823  0.016812  0.112952  -0.009521  0.993555  0.007050  -0.002459  0.024991  -0.000914  0.264334  0.105770  2.000000  
172.381171 0.010717  0.096217  -0.038389  0.991536  0.065266  -0.112232  -0.063776  0.997822  0.016821  0.113085  -0.009521  0.993540  0.006788  -0.002423  0.025107  -0.002373  0.248880  0.091111  2.000000  
172.382172 0.010722  0.096214  -0.038366  0.991506  0.065255  -0.112505  -0.063774  0.997824  0.016717  0.113351  -0.009400  0.993511  0.006647  -0.002341  0.025122  -0.007140  0.244507  0.084233  2.000000  
172.383174 0.010726  0.096211  -0.038340  0.991491  0.065256  -0.112637  -0.063773  0.997824  0.016725  0.113484  -0.009400  0.993495  0.006458  -0.002247  0.025204  -0.012009  0.233078  0.077925  2.000000  
172.384423 0.010730  0.096207  -0.038309  0.991476  0.065257  -0.112770  -0.063772  0.997824  0.016734  0.113617  -0.009400  0.993480  0.006173  -0.002178  0.025187  -0.012651  0.222386  0.070400  2.000000  
172.385434 0.010735  0.096205  -0.038283  0.991461  0.065259  -0.112903  -0.063771  0.997824  0.016743  0.113750  -0.009400  0.993465  0.005991  -0.002121  0.025210  -0.014260  0.215246  0.057104  2.000000  
172.386671 0.010740  0.096201  -0.038251  0.991461  0.065259  -0.112903  -0.063771  0.997824  0.016743  0.113750  -0.009400  0.993465  0.005765  -0.002122  0.025147  -0.010943  0.201901  0.050102  2.000000  
172.387922 0.010746  0.096198  -0.038220  0.991445  0.065246  -0.113043  -0.063770  0.997826  0.016630  0.113883  -0.009279  0.993451  0.005577  -0.002095  0.024992  -0.016544  0.197517  0.036288  2.000000  
172.389171 0.010753  0.096197  -0.038188  0.991430  0.065247  -0.113176  -0.063769  0.997826  0.016639  0.114016  -0.009279  0.993436  0.005374  -0.002042  0.024887  -0.017307  0.193087  0.029368  2.000000  
172.390172 0.010757  0.096196  -0.038163  0.991428  0.065043  -0.113312  -0.063564  0.997839  0.016624  0.114149  -0.009279  0.993420  0.005178  -0.002015  0.024828  -0.018844  0.188744  0.015574  2.000000  
172.391421 0.010764  0.096195  -0.038132  0.991398  0.065032  -0.113585  -0.063562  0.997841  0.016520  0.114414  -0.009158  0.993391  0.005025  -0.001948  0.024793  -0.022727  0.182724  0.015391  2.000000  
172.392666 0.010771  0.096195  -0.038101  0.991367  0.065034  -0.113851  -0.063560  0.997841  0.016537  0.114680  -0.009158  0.993360  0.004924  -0.001842  0.024791  -0.027534  0.178328  0.008539  2.000000  
172.393668 0.010776  0.096195  -0.038076  0.991352  0.065036  -0.113983  -0.063559  0.997841  0.016545  0.114813  -0.009157  0.993345  0.004861  -0.001735  0.024852  -0.027767  0.170849  0.008525  2.000000  
172.394924 0.010782  0.096195  -0.038045  0.991336  0.065023  -0.114124  -0.063558  0.997843  0.016433  0.114946  -0.009037  0.993331  0.004768  -0.001632  0.024924  -0.032347  0.165015  0.001581  2.000000  
172.396166 0.010788  0.096194  -0.038015  0.991349  0.064804  -0.114135  -0.063354  0.997858  0.016288  0.114946  -0.008916  0.993332  0.004789  -0.001522  0.024925  0.000000  0.000000  0.000000  2.000000  
172.397168 0.010793  0.096193  -0.037992  0.991349  0.064804  -0.114135  -0.063354  0.997858  0.016288  0.114946  -0.008916  0.993332  0.004780  -0.001415  0.024924  0.000000  0.000000  0.000000  2.000000  
172.398176 0.010798  0.096191  -0.037969  0.991334  0.064805  -0.114268  -0.063353  0.997858  0.016297  0.115079  -0.008916  0.993316  0.004823  -0.001335  0.024730  0.000000  0.000000  0.000000  2.000000  
172.399423 0.010804  0.096190  -0.037941  0.991334  0.064805  -0.114268  -0.063353  0.997858  0.016297  0.115079  -0.008916  0.993316  0.004887  -0.001179  0.024519  0.000000  0.000000  0.000000  2.000000  
172.400669 0.010810  0.096188  -0.037914  0.991319  0.064806  -0.114400  -0.063352  0.997858  0.016305  0.115212  -0.008916  0.993301  0.004920  -0.001076  0.024162  0.000000  0.000000  0.000000  2.000000  
172.401670 0.010815  0.096188  -0.037893  0.991316  0.064602  -0.114536  -0.063147  0.997871  0.016290  0.115345  -0.008916  0.993286  0.005011  -0.000920  0.023891  0.000000  0.000000  0.000000  2.000000  
172.402920 0.010822  0.096187  -0.037867  0.991301  0.064603  -0.114669  -0.063146  0.997871  0.016298  0.115478  -0.008916  0.993270  0.005063  -0.000764  0.023550  0.000000  0.000000  0.000000  2.000000  
172.404167 0.010831  0.096187  -0.037839  0.991283  0.064400  -0.114937  -0.062940  0.997884  0.016292  0.115743  -0.008916  0.993239  0.005214  -0.000633  0.023267  0.000000  0.000000  0.000000  2.000000  
172.405168 0.010838  0.096188  -0.037817  0.991268  0.064415  -0.115062  -0.062939  0.997882  0.016421  0.115876  -0.009036  0.993223  0.005368  -0.000528  0.023077  0.000000  0.000000  0.000000  2.000000  
172.406169 0.010845  0.096189  -0.037795  0.991268  0.064415  -0.115062  -0.062939  0.997882  0.016421  0.115876  -0.009036  0.993223  0.005484  -0.000449  0.022907  0.000000  0.000000  0.000000  2.000000  
172.407419 0.010855  0.096191  -0.037767  0.991252  0.064416  -0.115195  -0.062938  0.997882  0.016430  0.116009  -0.009036  0.993207  0.005715  -0.000301  0.022605  0.000000  0.000000  0.000000  2.000000  
172.408420 0.010863  0.096192  -0.037745  0.991252  0.064402  -0.115203  -0.062938  0.997884  0.016309  0.116009  -0.008915  0.993208  0.005876  -0.000213  0.022486  0.000000  0.000000  0.000000  2.000000  
172.409421 0.010871  0.096194  -0.037723  0.991250  0.064198  -0.115339  -0.062733  0.997897  0.016293  0.116142  -0.008915  0.993193  0.006098  -0.000060  0.022310  0.000000  0.000000  0.000000  2.000000  
172.410429 0.010879  0.096195  -0.037701  0.991234  0.064199  -0.115471  -0.062732  0.997897  0.016302  0.116275  -0.008915  0.993177  0.006291  0.000050  0.022176  0.000000  0.000000  0.000000  2.000000  
172.411669 0.010889  0.096197  -0.037674  0.991218  0.064187  -0.115612  -0.062731  0.997899  0.016189  0.116408  -0.008794  0.993163  0.006567  0.000286  0.021970  0.000000  0.000000  0.000000  2.000000  
172.412919 0.010900  0.096199  -0.037649  0.991203  0.064188  -0.115744  -0.062730  0.997899  0.016197  0.116541  -0.008794  0.993147  0.006864  0.000496  0.021734  0.000000  0.000000  0.000000  2.000000  
172.414169 0.010910  0.096202  -0.037623  0.991187  0.064189  -0.115877  -0.062729  0.997899  0.016206  0.116674  -0.008794  0.993131  0.007183  0.000811  0.021598  0.000000  0.000000  0.000000  2.000000  
172.415171 0.010919  0.096204  -0.037603  0.991187  0.064189  -0.115877  -0.062729  0.997899  0.016206  0.116674  -0.008794  0.993131  0.007469  0.001021  0.021447  0.000000  0.000000  0.000000  2.000000  
172.416430 0.010931  0.096207  -0.037578  0.991172  0.064190  -0.116010  -0.062728  0.997899  0.016214  0.116807  -0.008794  0.993116  0.007824  0.001328  0.021366  0.000000  0.000000  0.000000  2.000000  
172.417671 0.010943  0.096211  -0.037554  0.991172  0.064190  -0.116010  -0.062728  0.997899  0.016214  0.116807  -0.008794  0.993116  0.008188  0.001596  0.021219  0.000000  0.000000  0.000000  2.000000  
172.418673 0.010953  0.096214  -0.037534  0.991156  0.064191  -0.116142  -0.062727  0.997899  0.016223  0.116939  -0.008794  0.993100  0.008426  0.001810  0.021078  0.000000  0.000000  0.000000  2.000000  
172.419921 0.010966  0.096219  -0.037511  0.991156  0.064205  -0.116134  -0.062727  0.997897  0.016344  0.116939  -0.008914  0.993099  0.008709  0.002076  0.020776  0.000000  0.000000  0.000000  2.000000  
172.421171 0.010979  0.096224  -0.037488  0.991141  0.064207  -0.116267  -0.062726  0.997897  0.016352  0.117072  -0.008914  0.993083  0.008963  0.002316  0.020462  0.000000  0.000000  0.000000  2.000000  
172.422427 0.010993  0.096229  -0.037465  0.991125  0.064222  -0.116392  -0.062725  0.997895  0.016481  0.117205  -0.009034  0.993067  0.009210  0.002552  0.020075  0.000000  0.000000  0.000000  2.000000  
172.423676 0.011007  0.096234  -0.037443  0.991109  0.064223  -0.116524  -0.062724  0.997895  0.016490  0.117338  -0.009034  0.993051  0.009478  0.002764  0.019715  0.000000  0.000000  0.000000  2.000000  
172.424676 0.011018  0.096237  -0.037425  0.991094  0.064224  -0.116657  -0.062723  0.997895  0.016498  0.117471  -0.009034  0.993035  0.009641  0.002896  0.019383  0.000000  0.000000  0.000000  2.000000  
172.425917 0.011032  0.096242  -0.037403  0.991081  0.064430  -0.116654  -0.062927  0.997881  0.016522  0.117471  -0.009034  0.993035  0.009887  0.003063  0.019132  0.000000  0.000000  0.000000  2.000000  
172.426923 0.011043  0.096246  -0.037386  0.991065  0.064431  -0.116786  -0.062926  0.997881  0.016531  0.117604  -0.009034  0.993019  0.010118  0.003214  0.018813  0.000000  0.000000  0.000000  2.000000  
172.428232 0.011057  0.096251  -0.037365  0.991065  0.064431  -0.116786  -0.062926  0.997881  0.016531  0.117604  -0.009034  0.993019  0.010352  0.003389  0.018485  0.000000  0.000000  0.000000  2.000000  
172.429422 0.011072  0.096256  -0.037344  0.991036  0.064638  -0.116915  -0.063129  0.997868  0.016563  0.117737  -0.009034  0.993004  0.010618  0.003588  0.018320  0.000000  0.000000  0.000000  2.000000  
172.430673 0.011087  0.096262  -0.037322  0.991036  0.064638  -0.116915  -0.063129  0.997868  0.016563  0.117737  -0.009034  0.993004  0.010885  0.003804  0.018009  0.000000  0.000000  0.000000  2.000000  
172.431677 0.011099  0.096267  -0.037305  0.991020  0.064639  -0.117048  -0.063128  0.997868  0.016572  0.117870  -0.009034  0.992988  0.011084  0.003987  0.017836  0.000000  0.000000  0.000000  2.000000  
172.432920 0.011114  0.096274  -0.037285  0.991005  0.064640  -0.117181  -0.063127  0.997868  0.016580  0.118002  -0.009034  0.992972  0.011239  0.004189  0.017572  0.000000  0.000000  0.000000  2.000000  
172.433921 0.011127  0.096280  -0.037269  0.991005  0.064654  -0.117173  -0.063127  0.997866  0.016701  0.118002  -0.009154  0.992971  0.011408  0.004372  0.017350  0.000000  0.000000  0.000000  2.000000  
172.435171 0.011142  0.096287  -0.037251  0.990976  0.064861  -0.117302  -0.063330  0.997852  0.016734  0.118135  -0.009154  0.992955  0.011552  0.004520  0.016940  0.000000  0.000000  0.000000  2.000000  
172.436171 0.011155  0.096293  -0.037236  0.990976  0.064861  -0.117302  -0.063330  0.997852  0.016734  0.118135  -0.009154  0.992955  0.011699  0.004653  0.016744  0.000000  0.000000  0.000000  2.000000  
172.437424 0.011170  0.096300  -0.037218  0.990963  0.065080  -0.117291  -0.063534  0.997837  0.016879  0.118135  -0.009274  0.992954  0.011824  0.004788  0.016431  0.000000  0.000000  0.000000  2.000000  
172.438427 0.011183  0.096306  -0.037204  0.990963  0.065080  -0.117291  -0.063534  0.997837  0.016879  0.118135  -0.009274  0.992954  0.011907  0.004944  0.016157  0.000000  0.000000  0.000000  2.000000  
172.439688 0.011198  0.096314  -0.037187  0.990947  0.065082  -0.117423  -0.063533  0.997837  0.016887  0.118268  -0.009274  0.992938  0.012012  0.005149  0.015833  0.000000  0.000000  0.000000  2.000000  
172.440920 0.011213  0.096321  -0.037169  0.990934  0.065287  -0.117420  -0.063737  0.997823  0.016911  0.118268  -0.009274  0.992938  0.012130  0.005289  0.015632  0.000000  0.000000  0.000000  2.000000  
172.442166 0.011229  0.096328  -0.037151  0.990934  0.065301  -0.117412  -0.063737  0.997821  0.017033  0.118268  -0.009395  0.992937  0.012233  0.005441  0.015379  0.000000  0.000000  0.000000  2.000000  
172.443167 0.011242  0.096335  -0.037138  0.990918  0.065303  -0.117544  -0.063736  0.997821  0.017041  0.118401  -0.009394  0.992921  0.012332  0.005622  0.015195  0.000000  0.000000  0.000000  2.000000  
172.444171 0.011254  0.096341  -0.037123  0.990905  0.065508  -0.117541  -0.063940  0.997808  0.017065  0.118401  -0.009394  0.992921  0.012362  0.005769  0.014929  0.000000  0.000000  0.000000  2.000000  
172.445432 0.011270  0.096349  -0.037107  0.990905  0.065508  -0.117541  -0.063940  0.997808  0.017065  0.118401  -0.009394  0.992921  0.012424  0.005897  0.014582  0.000000  0.000000  0.000000  2.000000  
172.446675 0.011287  0.096358  -0.037089  0.990905  0.065508  -0.117541  -0.063940  0.997808  0.017065  0.118401  -0.009394  0.992921  0.012524  0.006043  0.014399  0.000000  0.000000  0.000000  2.000000  
172.447925 0.011303  0.096367  -0.037072  0.990892  0.065713  -0.117537  -0.064144  0.997794  0.017089  0.118401  -0.009394  0.992921  0.012612  0.006220  0.014136  0.000000  0.000000  0.000000  2.000000  
172.449172 0.011320  0.096377  -0.037056  0.990876  0.065715  -0.117670  -0.064143  0.997794  0.017098  0.118534  -0.009394  0.992906  0.012673  0.006361  0.013994  0.000000  0.000000  0.000000  2.000000  
172.450433 0.011337  0.096386  -0.037038  0.990863  0.065920  -0.117666  -0.064347  0.997781  0.017122  0.118534  -0.009394  0.992906  0.012765  0.006519  0.013954  0.000000  0.000000  0.000000  2.000000  
172.451673 0.011353  0.096396  -0.037020  0.990863  0.065920  -0.117666  -0.064347  0.997781  0.017122  0.118534  -0.009394  0.992906  0.012811  0.006653  0.013898  0.000000  0.000000  0.000000  2.000000  
172.452675 0.011366  0.096403  -0.037006  0.990847  0.065921  -0.117799  -0.064346  0.997781  0.017131  0.118667  -0.009394  0.992890  0.012839  0.006760  0.013920  0.000000  0.000000  0.000000  2.000000  
172.453679 0.011379  0.096411  -0.036992  0.990847  0.065936  -0.117791  -0.064346  0.997779  0.017252  0.118667  -0.009515  0.992889  0.012874  0.006894  0.013899  0.000000  0.000000  0.000000  2.000000  
172.454921 0.011395  0.096421  -0.036974  0.990834  0.066141  -0.117787  -0.064550  0.997765  0.017276  0.118667  -0.009515  0.992889  0.012932  0.007053  0.013900  0.000000  0.000000  0.000000  2.000000  
172.456172 0.011411  0.096431  -0.036957  0.990834  0.066141  -0.117787  -0.064550  0.997765  0.017276  0.118667  -0.009515  0.992889  0.012962  0.007223  0.013880  0.000000  0.000000  0.000000  2.000000  
172.457417 0.011426  0.096441  -0.036941  0.990834  0.066141  -0.117787  -0.064550  0.997765  0.017276  0.118667  -0.009515  0.992889  0.012965  0.007400  0.013801  0.000000  0.000000  0.000000  2.000000  
172.458433 0.011439  0.096449  -0.036927  0.990820  0.066347  -0.117784  -0.064754  0.997751  0.017300  0.118667  -0.009515  0.992889  0.012953  0.007542  0.013746  0.000000  0.000000  0.000000  2.000000  
172.459668 0.011455  0.096459  -0.036910  0.990820  0.066347  -0.117784  -0.064754  0.997751  0.017300  0.118667  -0.009515  0.992889  0.012960  0.007694  0.013818  0.000000  0.000000  0.000000  2.000000  
172.460675 0.011468  0.096468  -0.036896  0.990820  0.066347  -0.117784  -0.064754  0.997751  0.017300  0.118667  -0.009515  0.992889  0.012947  0.007845  0.013814  0.000000  0.000000  0.000000  2.000000  
172.461677 0.011481  0.096478  -0.036882  0.990820  0.066347  -0.117784  -0.064754  0.997751  0.017300  0.118667  -0.009515  0.992889  0.012945  0.008033  0.013824  0.000000  0.000000  0.000000  2.000000  
172.462919 0.011497  0.096489  -0.036864  0.990807  0.066552  -0.117780  -0.064958  0.997738  0.017325  0.118667  -0.009515  0.992889  0.012921  0.008151  0.013874  0.000000  0.000000  0.000000  2.000000  
172.464167 0.011513  0.096502  -0.036846  0.990791  0.066553  -0.117913  -0.064957  0.997738  0.017333  0.118800  -0.009514  0.992873  0.012910  0.008339  0.013975  0.000000  0.000000  0.000000  2.000000  
172.465206 0.011527  0.096511  -0.036831  0.990791  0.066553  -0.117913  -0.064957  0.997738  0.017333  0.118800  -0.009514  0.992873  0.012844  0.008464  0.013984  0.000000  0.000000  0.000000  2.000000  
172.466440 0.011542  0.096524  -0.036813  0.990778  0.066759  -0.117909  -0.065161  0.997724  0.017358  0.118800  -0.009514  0.992873  0.012794  0.008658  0.014065  0.000000  0.000000  0.000000  2.000000  
172.467676 0.011557  0.096535  -0.036794  0.990778  0.066759  -0.117909  -0.065161  0.997724  0.017358  0.118800  -0.009514  0.992873  0.012733  0.008804  0.014143  0.000000  0.000000  0.000000  2.000000  
172.468921 0.011572  0.096547  -0.036777  0.990778  0.066759  -0.117909  -0.065161  0.997724  0.017358  0.118800  -0.009514  0.992873  0.012701  0.008967  0.014135  0.000000  0.000000  0.000000  2.000000  
172.470171 0.011587  0.096560  -0.036758  0.990764  0.066964  -0.117906  -0.065365  0.997710  0.017382  0.118800  -0.009514  0.992873  0.012660  0.009168  0.014227  0.000000  0.000000  0.000000  2.000000  
172.471423 0.011602  0.096572  -0.036740  0.990749  0.066965  -0.118038  -0.065364  0.997710  0.017391  0.118932  -0.009514  0.992857  0.012535  0.009301  0.014255  0.000000  0.000000  0.000000  2.000000  
172.472676 0.011616  0.096585  -0.036722  0.990749  0.066965  -0.118038  -0.065364  0.997710  0.017391  0.118932  -0.009514  0.992857  0.012456  0.009485  0.014409  0.000000  0.000000  0.000000  2.000000  
172.473924 0.011631  0.096598  -0.036702  0.990749  0.066965  -0.118038  -0.065364  0.997710  0.017391  0.118932  -0.009514  0.992857  0.012395  0.009677  0.014531  0.000000  0.000000  0.000000  2.000000  
172.475168 0.011646  0.096612  -0.036684  0.990735  0.067171  -0.118035  -0.065568  0.997696  0.017415  0.118932  -0.009514  0.992857  0.012319  0.009872  0.014584  0.000000  0.000000  0.000000  2.000000  
172.476168 0.011658  0.096624  -0.036669  0.990719  0.067172  -0.118167  -0.065567  0.997696  0.017424  0.119065  -0.009514  0.992841  0.012220  0.010032  0.014726  0.000000  0.000000  0.000000  2.000000  
172.477422 0.011672  0.096638  -0.036651  0.990706  0.067377  -0.118164  -0.065771  0.997682  0.017448  0.119065  -0.009514  0.992841  0.012149  0.010238  0.014757  0.000000  0.000000  0.000000  2.000000  
172.478426 0.011684  0.096650  -0.036636  0.990706  0.067377  -0.118164  -0.065771  0.997682  0.017448  0.119065  -0.009514  0.992841  0.011990  0.010359  0.014722  0.000000  0.000000  0.000000  2.000000  
172.479669 0.011698  0.096664  -0.036618  0.990690  0.067379  -0.118296  -0.065770  0.997682  0.017457  0.119198  -0.009514  0.992825  0.011895  0.010517  0.014709  0.000000  0.000000  0.000000  2.000000  
172.480672 0.011710  0.096676  -0.036602  0.990676  0.067584  -0.118293  -0.065974  0.997668  0.017481  0.119198  -0.009514  0.992825  0.011821  0.010652  0.014769  0.000000  0.000000  0.000000  2.000000  
172.481673 0.011721  0.096687  -0.036588  0.990676  0.067584  -0.118293  -0.065974  0.997668  0.017481  0.119198  -0.009514  0.992825  0.011708  0.010784  0.014756  0.000000  0.000000  0.000000  2.000000  
172.482676 0.011732  0.096699  -0.036574  0.990660  0.067585  -0.118425  -0.065973  0.997668  0.017490  0.119331  -0.009514  0.992809  0.011612  0.010889  0.014705  0.000000  0.000000  0.000000  2.000000  
172.483922 0.011745  0.096712  -0.036555  0.990647  0.067791  -0.118421  -0.066177  0.997654  0.017514  0.119331  -0.009514  0.992809  0.011478  0.011019  0.014754  0.000000  0.000000  0.000000  2.000000  
172.485171 0.011759  0.096727  -0.036536  0.990631  0.067792  -0.118554  -0.066175  0.997654  0.017523  0.119464  -0.009514  0.992793  0.011432  0.011214  0.014791  0.000000  0.000000  0.000000  2.000000  
172.486171 0.011770  0.096738  -0.036521  0.990631  0.067792  -0.118554  -0.066175  0.997654  0.017523  0.119464  -0.009514  0.992793  0.011392  0.011269  0.014868  0.000000  0.000000  0.000000  2.000000  
172.487424 0.011784  0.096753  -0.036502  0.990601  0.067999  -0.118683  -0.066378  0.997640  0.017557  0.119597  -0.009514  0.992777  0.011335  0.011379  0.014890  0.000000  0.000000  0.000000  2.000000  
172.488671 0.011798  0.096767  -0.036483  0.990585  0.068000  -0.118815  -0.066377  0.997640  0.017565  0.119729  -0.009513  0.992761  0.011265  0.011436  0.014854  0.000000  0.000000  0.000000  2.000000  
172.489918 0.011812  0.096782  -0.036465  0.990555  0.068206  -0.118944  -0.066580  0.997626  0.017599  0.119862  -0.009513  0.992745  0.011239  0.011516  0.014863  0.000000  0.000000  0.000000  2.000000  
172.491173 0.011826  0.096796  -0.036446  0.990555  0.068206  -0.118944  -0.066580  0.997626  0.017599  0.119862  -0.009513  0.992745  0.011222  0.011521  0.014836  0.000000  0.000000  0.000000  2.000000  
172.492423 0.011841  0.096812  -0.036428  0.990526  0.068413  -0.119073  -0.066783  0.997612  0.017632  0.119995  -0.009513  0.992729  0.011252  0.011584  0.014816  0.000000  0.000000  0.000000  2.000000  
172.493673 0.011855  0.096827  -0.036410  0.990510  0.068414  -0.119206  -0.066782  0.997612  0.017641  0.120128  -0.009513  0.992713  0.011249  0.011641  0.014796  0.000000  0.000000  0.000000  2.000000  
172.494920 0.011870  0.096842  -0.036392  0.990494  0.068416  -0.119338  -0.066781  0.997612  0.017650  0.120261  -0.009513  0.992697  0.011253  0.011610  0.014794  0.000000  0.000000  0.000000  2.000000  
172.496167 0.011885  0.096857  -0.036373  0.990464  0.068622  -0.119467  -0.066984  0.997597  0.017684  0.120394  -0.009513  0.992681  0.011320  0.011668  0.014794  0.000000  0.000000  0.000000  2.000000  
172.497167 0.011897  0.096868  -0.036359  0.990448  0.068624  -0.119600  -0.066983  0.997597  0.017693  0.120526  -0.009512  0.992665  0.011382  0.011646  0.014785  0.000000  0.000000  0.000000  2.000000  
172.498176 0.011909  0.096879  -0.036343  0.990434  0.068814  -0.119604  -0.067186  0.997585  0.017596  0.120526  -0.009392  0.992666  0.011476  0.011676  0.014868  0.000000  0.000000  0.000000  2.000000  
172.499420 0.011924  0.096893  -0.036325  0.990418  0.068816  -0.119737  -0.067185  0.997585  0.017605  0.120659  -0.009392  0.992650  0.011561  0.011695  0.014862  0.000000  0.000000  0.000000  2.000000  
172.500424 0.011936  0.096905  -0.036310  0.990388  0.069022  -0.119866  -0.067388  0.997571  0.017639  0.120792  -0.009392  0.992633  0.011647  0.011687  0.014814  0.000000  0.000000  0.000000  2.000000  
172.501673 0.011951  0.096919  -0.036292  0.990372  0.069024  -0.119998  -0.067387  0.997571  0.017648  0.120925  -0.009392  0.992617  0.011738  0.011685  0.014772  0.000000  0.000000  0.000000  2.000000  
172.502921 0.011967  0.096933  -0.036274  0.990342  0.069230  -0.120127  -0.067590  0.997557  0.017682  0.121058  -0.009391  0.992601  0.011853  0.011638  0.014717  0.000000  0.000000  0.000000  2.000000  
172.504171 0.011982  0.096947  -0.036256  0.990309  0.069233  -0.120392  -0.067588  0.997556  0.017700  0.121323  -0.009391  0.992569  0.011924  0.011612  0.014695  0.000000  0.000000  0.000000  2.000000  
172.505171 0.011995  0.096959  -0.036241  0.990279  0.069439  -0.120521  -0.067790  0.997542  0.017734  0.121456  -0.009391  0.992552  0.012042  0.011562  0.014637  0.000000  0.000000  0.000000  2.000000  
172.506171 0.012008  0.096970  -0.036227  0.990263  0.069441  -0.120654  -0.067789  0.997542  0.017743  0.121589  -0.009391  0.992536  0.012131  0.011593  0.014633  0.000000  0.000000  0.000000  2.000000  
172.507189 0.012022  0.096982  -0.036212  0.990247  0.069442  -0.120786  -0.067788  0.997542  0.017752  0.121722  -0.009391  0.992520  0.012230  0.011533  0.014652  0.000000  0.000000  0.000000  2.000000  
172.508425 0.012038  0.096997  -0.036193  0.990216  0.069648  -0.120915  -0.067991  0.997527  0.017786  0.121855  -0.009391  0.992504  0.012348  0.011523  0.014684  0.000000  0.000000  0.000000  2.000000  
172.509667 0.012054  0.097011  -0.036176  0.990186  0.069855  -0.121044  -0.068194  0.997513  0.017820  0.121987  -0.009390  0.992487  0.012428  0.011479  0.014675  0.000000  0.000000  0.000000  2.000000  
172.510672 0.012067  0.097023  -0.036161  0.990170  0.069856  -0.121176  -0.068193  0.997513  0.017829  0.122120  -0.009390  0.992471  0.012531  0.011493  0.014699  0.000000  0.000000  0.000000  2.000000  
172.511916 0.012083  0.097037  -0.036143  0.990123  0.070064  -0.121437  -0.068394  0.997498  0.017872  0.122386  -0.009390  0.992438  0.012612  0.011482  0.014647  0.000000  0.000000  0.000000  2.000000  
172.512917 0.012095  0.097048  -0.036129  0.990093  0.070271  -0.121566  -0.068597  0.997484  0.017906  0.122519  -0.009390  0.992422  0.012652  0.011436  0.014578  0.000000  0.000000  0.000000  2.000000  
172.513919 0.012108  0.097059  -0.036115  0.990076  0.070272  -0.121699  -0.068596  0.997484  0.017915  0.122651  -0.009390  0.992405  0.012735  0.011464  0.014536  0.000000  0.000000  0.000000  2.000000  
172.514927 0.012121  0.097070  -0.036101  0.990046  0.070479  -0.121827  -0.068798  0.997469  0.017950  0.122784  -0.009389  0.992389  0.012757  0.011434  0.014457  0.000000  0.000000  0.000000  2.000000  
172.516171 0.012137  0.097085  -0.036083  0.990013  0.070481  -0.122092  -0.068796  0.997469  0.017968  0.123050  -0.009389  0.992356  0.012834  0.011468  0.014457  0.000000  0.000000  0.000000  2.000000  
172.517423 0.012153  0.097100  -0.036065  0.989982  0.070688  -0.122221  -0.068999  0.997454  0.018002  0.123182  -0.009389  0.992340  0.012866  0.011526  0.014389  0.000000  0.000000  0.000000  2.000000  
172.518428 0.012166  0.097111  -0.036051  0.989935  0.070896  -0.122482  -0.069200  0.997440  0.018046  0.123448  -0.009389  0.992307  0.012877  0.011497  0.014396  0.000000  0.000000  0.000000  2.000000  
172.519672 0.012183  0.097126  -0.036033  0.989902  0.070898  -0.122747  -0.069198  0.997439  0.018065  0.123714  -0.009388  0.992274  0.012924  0.011532  0.014335  0.000000  0.000000  0.000000  2.000000  
172.520673 0.012196  0.097138  -0.036019  0.989872  0.071105  -0.122876  -0.069401  0.997425  0.018099  0.123846  -0.009388  0.992257  0.012922  0.011534  0.014337  0.000000  0.000000  0.000000  2.000000  
172.521921 0.012212  0.097152  -0.036002  0.989824  0.071313  -0.123137  -0.069602  0.997410  0.018143  0.124112  -0.009388  0.992224  0.012950  0.011553  0.014269  0.000000  0.000000  0.000000  2.000000  
172.522921 0.012226  0.097165  -0.035987  0.989808  0.071314  -0.123269  -0.069601  0.997410  0.018152  0.124245  -0.009388  0.992207  0.012960  0.011565  0.014269  0.000000  0.000000  0.000000  2.000000  
172.524166 0.012242  0.097179  -0.035970  0.989760  0.071522  -0.123531  -0.069802  0.997395  0.018196  0.124510  -0.009387  0.992174  0.012956  0.011597  0.014178  0.000000  0.000000  0.000000  2.000000  
172.525168 0.012255  0.097191  -0.035956  0.989729  0.071728  -0.123659  -0.070005  0.997380  0.018231  0.124643  -0.009387  0.992157  0.012980  0.011606  0.014100  0.000000  0.000000  0.000000  2.000000  
172.526171 0.012268  0.097203  -0.035943  0.989712  0.071715  -0.123800  -0.070004  0.997382  0.018120  0.124776  -0.009267  0.992142  0.013000  0.011627  0.014068  0.000000  0.000000  0.000000  2.000000  
172.527423 0.012284  0.097217  -0.035926  0.989665  0.071922  -0.124061  -0.070205  0.997367  0.018164  0.125041  -0.009266  0.992108  0.012991  0.011682  0.013966  0.000000  0.000000  0.000000  2.000000  
172.528670 0.012300  0.097232  -0.035909  0.989631  0.071925  -0.124326  -0.070203  0.997367  0.018183  0.125307  -0.009266  0.992075  0.012998  0.011688  0.013927  0.000000  0.000000  0.000000  2.000000  
172.529922 0.012317  0.097247  -0.035892  0.989583  0.072133  -0.124587  -0.070404  0.997352  0.018227  0.125572  -0.009266  0.992041  0.013054  0.011772  0.013882  0.000000  0.000000  0.000000  2.000000  
172.531176 0.012333  0.097262  -0.035875  0.989566  0.072134  -0.124720  -0.070403  0.997352  0.018237  0.125705  -0.009266  0.992024  0.013085  0.011831  0.013849  0.000000  0.000000  0.000000  2.000000  
172.532423 0.012350  0.097277  -0.035858  0.989518  0.072342  -0.124981  -0.070604  0.997337  0.018281  0.125970  -0.009265  0.991991  0.013130  0.011864  0.013786  0.000000  0.000000  0.000000  2.000000  
172.533427 0.012364  0.097290  -0.035844  0.989485  0.072344  -0.125246  -0.070602  0.997337  0.018300  0.126236  -0.009265  0.991957  0.013182  0.011912  0.013784  0.008763  0.169895  0.104586  2.000000  
172.534671 0.012380  0.097305  -0.035827  0.989453  0.072551  -0.125374  -0.070804  0.997322  0.018335  0.126369  -0.009265  0.991940  0.013174  0.011941  0.013737  0.009635  0.169862  0.111470  2.000000  
172.535673 0.012394  0.097318  -0.035814  0.989419  0.072553  -0.125639  -0.070802  0.997322  0.018354  0.126634  -0.009265  0.991906  0.013233  0.011982  0.013670  0.008798  0.174414  0.104638  2.000000  
172.536684 0.012408  0.097330  -0.035800  0.989403  0.072554  -0.125771  -0.070801  0.997321  0.018364  0.126767  -0.009264  0.991889  0.013242  0.012024  0.013626  0.008742  0.173019  0.103799  2.000000  
172.537921 0.012425  0.097345  -0.035783  0.989369  0.072557  -0.126036  -0.070798  0.997321  0.018383  0.127032  -0.009264  0.991855  0.013281  0.012056  0.013578  0.007978  0.174463  0.097758  2.000000  
172.538923 0.012438  0.097358  -0.035770  0.989320  0.072765  -0.126297  -0.071000  0.997306  0.018428  0.127298  -0.009264  0.991821  0.013326  0.012090  0.013544  0.008788  0.177444  0.103814  2.000000  
172.540172 0.012455  0.097373  -0.035753  0.989303  0.072766  -0.126429  -0.070998  0.997306  0.018437  0.127430  -0.009264  0.991804  0.013397  0.012190  0.013553  0.008012  0.179009  0.097823  2.000000  
172.541425 0.012473  0.097389  -0.035736  0.989269  0.072753  -0.126703  -0.070996  0.997308  0.018335  0.127696  -0.009143  0.991771  0.013445  0.012202  0.013602  0.003088  0.183512  0.090953  2.000000  
172.542667 0.012490  0.097404  -0.035719  0.989235  0.072755  -0.126968  -0.070993  0.997308  0.018354  0.127961  -0.009143  0.991737  0.013522  0.012263  0.013561  0.003087  0.182034  0.090218  2.000000  
172.543672 0.012504  0.097417  -0.035706  0.989201  0.072758  -0.127232  -0.070991  0.997308  0.018373  0.128227  -0.009142  0.991703  0.013585  0.012356  0.013587  0.002262  0.188096  0.084137  2.000000  
172.544673 0.012518  0.097430  -0.035692  0.989184  0.072759  -0.127365  -0.070990  0.997308  0.018383  0.128359  -0.009142  0.991686  0.013615  0.012387  0.013610  0.001404  0.188199  0.077287  2.000000  
172.545917 0.012535  0.097446  -0.035676  0.989149  0.072761  -0.127629  -0.070987  0.997307  0.018402  0.128625  -0.009142  0.991651  0.013705  0.012454  0.013530  0.001413  0.186636  0.076643  2.000000  
172.546919 0.012549  0.097459  -0.035662  0.989132  0.072763  -0.127762  -0.070986  0.997307  0.018411  0.128757  -0.009142  0.991634  0.013734  0.012518  0.013527  0.000558  0.186689  0.069829  2.000000  
172.547928 0.012563  0.097471  -0.035649  0.989098  0.072765  -0.128026  -0.070984  0.997307  0.018430  0.129023  -0.009141  0.991600  0.013755  0.012531  0.013470  0.000577  0.192735  0.070449  2.000000  
172.549172 0.012581  0.097488  -0.035633  0.989063  0.072768  -0.128291  -0.070981  0.997307  0.018449  0.129288  -0.009141  0.991565  0.013822  0.012622  0.013425  -0.000278  0.191207  0.063057  2.000000  
