1-Time 2-Px 3-Py 4-Pz 5-R11 6-R21 7-R31 8-R12 9-R22 10-R32 11-R13 12-R23 13-R33 14-Vx 15-Vy 16-Vz 17-Wx 18-Wy 19-Wz 20-state 21-PR11 22-PR21 23-PR31 24-PR12 25-PR22 26-PR32 27-PR13 28-PR23 29-PR33 
99.274843 0.012423  0.093847  -0.033583  0.994438  0.101502  0.028126  -0.102312  0.994328  0.029048  -0.025018  -0.031765  0.999182  0.000578  0.000413  0.000666  0.000000  0.000000  0.000000  2.000000  
99.275844 0.012424  0.093848  -0.033583  0.994438  0.101502  0.028126  -0.102312  0.994328  0.029048  -0.025018  -0.031765  0.999182  0.000632  0.000459  0.000696  0.000000  0.000000  0.000000  2.000000  
99.276849 0.012426  0.093848  -0.033582  0.994392  0.101907  0.028271  -0.102721  0.994287  0.029023  -0.025151  -0.031764  0.999179  0.000802  0.000434  0.000708  0.000000  0.000000  0.000000  2.000000  
99.277850 0.012430  0.093848  -0.033580  0.994325  0.102517  0.028422  -0.103335  0.994224  0.028992  -0.025285  -0.031764  0.999176  0.001019  0.000458  0.000795  0.000000  0.000000  0.000000  2.000000  
99.279094 0.012436  0.093848  -0.033578  0.994258  0.103123  0.028585  -0.103949  0.994157  0.029081  -0.025419  -0.031885  0.999168  0.001365  0.000422  0.000864  0.000000  0.000000  0.000000  2.000000  
99.280096 0.012441  0.093848  -0.033577  0.994233  0.103320  0.028736  -0.104153  0.994133  0.029182  -0.025553  -0.032006  0.999161  0.001679  0.000358  0.000911  0.000000  0.000000  0.000000  2.000000  
99.281100 0.012447  0.093847  -0.033576  0.994190  0.103726  0.028761  -0.104563  0.994087  0.029291  -0.025553  -0.032128  0.999157  0.002050  0.000291  0.000896  0.000000  0.000000  0.000000  2.000000  
99.282352 0.012456  0.093847  -0.033575  0.994125  0.104336  0.028792  -0.105177  0.994019  0.029393  -0.025553  -0.032249  0.999153  0.002581  0.000276  0.000933  0.000000  0.000000  0.000000  2.000000  
99.283601 0.012465  0.093847  -0.033574  0.994042  0.105156  0.028696  -0.105996  0.993929  0.029504  -0.025419  -0.032370  0.999153  0.003143  0.000203  0.000939  0.000000  0.000000  0.000000  2.000000  
99.284849 0.012476  0.093846  -0.033571  0.993951  0.105966  0.028866  -0.106814  0.993839  0.029587  -0.025553  -0.032491  0.999145  0.003809  0.000102  0.001009  0.000000  0.000000  0.000000  2.000000  
99.286098 0.012487  0.093847  -0.033569  0.993859  0.106777  0.029036  -0.107632  0.993748  0.029669  -0.025687  -0.032612  0.999138  0.004539  0.000055  0.001121  0.027863  -0.023979  0.186071  2.000000  
99.287351 0.012500  0.093847  -0.033566  0.993763  0.107583  0.029339  -0.108449  0.993657  0.029737  -0.025954  -0.032733  0.999127  0.005363  0.000089  0.001295  0.031208  -0.033870  0.213435  2.000000  
99.288601 0.012515  0.093848  -0.033561  0.993667  0.108389  0.029643  -0.109267  0.993566  0.029804  -0.026222  -0.032854  0.999116  0.006278  0.000122  0.001525  0.034538  -0.043756  0.240748  2.000000  
99.289603 0.012526  0.093849  -0.033557  0.993569  0.109198  0.029933  -0.110084  0.993477  0.029750  -0.026489  -0.032854  0.999109  0.007021  0.000106  0.001792  0.029714  -0.053648  0.268087  2.000000  
99.290846 0.012542  0.093850  -0.033551  0.993475  0.110005  0.030117  -0.110902  0.993380  0.029952  -0.026623  -0.033096  0.999098  0.007941  0.000114  0.002121  0.036858  -0.063063  0.293104  2.000000  
99.292094 0.012558  0.093851  -0.033546  0.993356  0.111019  0.030294  -0.111924  0.993263  0.030026  -0.026757  -0.033217  0.999090  0.008701  0.000172  0.002307  0.040334  -0.069239  0.330029  2.000000  
99.293095 0.012571  0.093852  -0.033542  0.993284  0.111624  0.030459  -0.112537  0.993191  0.030113  -0.026890  -0.033338  0.999082  0.009335  0.000183  0.002464  0.043838  -0.074409  0.350522  2.000000  
99.294353 0.012589  0.093851  -0.033537  0.993187  0.112434  0.030630  -0.113355  0.993096  0.030193  -0.027024  -0.033459  0.999075  0.010200  0.000227  0.002803  0.047160  -0.079809  0.377937  2.000000  
99.295360 0.012603  0.093850  -0.033533  0.993113  0.113039  0.030795  -0.113968  0.993023  0.030279  -0.027158  -0.033581  0.999067  0.010796  0.000130  0.002980  0.050688  -0.085036  0.398673  2.000000  
99.296596 0.012622  0.093848  -0.033529  0.992988  0.114049  0.031106  -0.114989  0.992903  0.030337  -0.027425  -0.033701  0.999056  0.011441  0.000053  0.003151  0.053793  -0.095163  0.432852  2.000000  
99.297599 0.012637  0.093846  -0.033526  0.992886  0.114854  0.031410  -0.115806  0.992806  0.030401  -0.027693  -0.033822  0.999044  0.012074  -0.000095  0.003329  0.057078  -0.105078  0.460172  2.000000  
99.298601 0.012653  0.093844  -0.033523  0.992783  0.115658  0.031715  -0.116623  0.992709  0.030465  -0.027960  -0.033943  0.999033  0.012599  -0.000220  0.003413  0.060350  -0.114986  0.487445  2.000000  
99.299601 0.012668  0.093840  -0.033519  0.992707  0.116263  0.031881  -0.117236  0.992634  0.030550  -0.028094  -0.034064  0.999025  0.013066  -0.000425  0.003553  0.063848  -0.120203  0.508070  2.000000  
99.300848 0.012689  0.093835  -0.033514  0.992602  0.117067  0.032185  -0.118052  0.992535  0.030612  -0.028362  -0.034185  0.999013  0.013597  -0.000736  0.003665  0.067119  -0.130137  0.535428  2.000000  
99.302099 0.012709  0.093830  -0.033511  0.992501  0.117872  0.032372  -0.118869  0.992432  0.030811  -0.028495  -0.034428  0.999001  0.014133  -0.001174  0.003712  0.074688  -0.135397  0.556060  2.000000  
99.303351 0.012729  0.093824  -0.033508  0.992399  0.118681  0.032544  -0.119686  0.992331  0.030888  -0.028629  -0.034549  0.998993  0.014523  -0.001660  0.003604  0.077976  -0.140828  0.583492  2.000000  
99.304599 0.012748  0.093818  -0.033505  0.992317  0.119281  0.032843  -0.120298  0.992255  0.030956  -0.028896  -0.034670  0.998981  0.014754  -0.002086  0.003442  0.081417  -0.150546  0.603942  2.000000  
99.305603 0.012764  0.093813  -0.033503  0.992264  0.119685  0.032989  -0.120706  0.992206  0.030927  -0.029030  -0.034669  0.998977  0.015068  -0.002516  0.003291  0.080995  -0.155486  0.617565  2.000000  
99.306848 0.012784  0.093806  -0.033499  0.992181  0.120284  0.033288  -0.121318  0.992130  0.030994  -0.029298  -0.034790  0.998965  0.015322  -0.003025  0.003241  0.084077  -0.158960  0.619298  2.000000  
99.308104 0.012805  0.093800  -0.033495  0.992098  0.120888  0.033572  -0.121930  0.992056  0.030941  -0.029565  -0.034790  0.998957  0.015567  -0.003508  0.003140  0.080743  -0.164544  0.617225  2.000000  
99.309351 0.012823  0.093792  -0.033490  0.992019  0.121492  0.033739  -0.122542  0.991978  0.031024  -0.029699  -0.034911  0.998949  0.015638  -0.003926  0.003088  0.080632  -0.160153  0.617457  2.000000  
99.310353 0.012838  0.093787  -0.033487  0.991986  0.121687  0.034010  -0.122745  0.991954  0.030984  -0.029966  -0.034911  0.998941  0.015673  -0.004176  0.003055  0.080543  -0.169127  0.617104  2.000000  
99.311602 0.012856  0.093780  -0.033482  0.991931  0.122090  0.034156  -0.123153  0.991905  0.030954  -0.030100  -0.034911  0.998937  0.015615  -0.004596  0.003098  0.076625  -0.173444  0.610092  2.000000  
99.312844 0.012873  0.093772  -0.033478  0.991902  0.122290  0.034295  -0.123357  0.991880  0.030930  -0.030234  -0.034910  0.998933  0.015448  -0.004933  0.003189  0.072352  -0.180554  0.591203  2.000000  
99.313845 0.012887  0.093765  -0.033474  0.991872  0.122489  0.034434  -0.123560  0.991856  0.030907  -0.030368  -0.034910  0.998929  0.015335  -0.005202  0.003211  0.068639  -0.184553  0.577222  2.000000  
99.314846 0.012900  0.093758  -0.033469  0.991847  0.122694  0.034440  -0.123765  0.991830  0.030900  -0.030368  -0.034910  0.998929  0.015179  -0.005388  0.003256  0.064943  -0.179675  0.563671  2.000000  
99.315850 0.012913  0.093752  -0.033465  0.991817  0.122893  0.034579  -0.123968  0.991806  0.030876  -0.030501  -0.034910  0.998925  0.014919  -0.005605  0.003328  0.061908  -0.180491  0.547568  2.000000  
99.316850 0.012925  0.093744  -0.033462  0.991788  0.123093  0.034718  -0.124172  0.991781  0.030852  -0.030635  -0.034910  0.998921  0.014667  -0.005792  0.003316  0.062224  -0.180022  0.533733  2.000000  
99.317850 0.012936  0.093736  -0.033460  0.991758  0.123297  0.034842  -0.124376  0.991760  0.030708  -0.030769  -0.034789  0.998921  0.014354  -0.006060  0.003361  0.054357  -0.175064  0.520066  2.000000  
99.319098 0.012951  0.093725  -0.033457  0.991754  0.123292  0.034975  -0.124375  0.991760  0.030692  -0.030903  -0.034789  0.998917  0.014018  -0.006358  0.003341  0.051172  -0.169453  0.485706  2.000000  
99.320099 0.012962  0.093716  -0.033454  0.991750  0.123287  0.035107  -0.124375  0.991761  0.030675  -0.031036  -0.034788  0.998913  0.013750  -0.006581  0.003305  0.047789  -0.164030  0.458135  2.000000  
99.321348 0.012976  0.093705  -0.033452  0.991720  0.123487  0.035246  -0.124578  0.991736  0.030651  -0.031170  -0.034788  0.998909  0.013311  -0.006927  0.003215  0.043719  -0.166703  0.440500  2.000000  
99.322361 0.012987  0.093696  -0.033449  0.991720  0.123487  0.035246  -0.124578  0.991736  0.030651  -0.031170  -0.034788  0.998909  0.012901  -0.007217  0.003167  0.040759  -0.162610  0.416471  2.000000  
99.323598 0.013000  0.093684  -0.033445  0.991720  0.123487  0.035246  -0.124578  0.991736  0.030651  -0.031170  -0.034788  0.998909  0.012497  -0.007572  0.003151  0.036964  -0.156194  0.392761  2.000000  
99.324846 0.013013  0.093672  -0.033442  0.991716  0.123482  0.035379  -0.124578  0.991737  0.030635  -0.031304  -0.034788  0.998904  0.012154  -0.007846  0.003124  0.033872  -0.155065  0.358513  2.000000  
99.325849 0.013024  0.093662  -0.033439  0.991716  0.123486  0.035364  -0.124578  0.991741  0.030514  -0.031304  -0.034667  0.998909  0.011905  -0.008124  0.003084  0.022681  -0.146423  0.334099  2.000000  
99.327094 0.013036  0.093649  -0.033435  0.991712  0.123482  0.035497  -0.124577  0.991741  0.030498  -0.031438  -0.034667  0.998904  0.011563  -0.008475  0.003006  0.019193  -0.139839  0.304065  2.000000  
99.328096 0.013046  0.093639  -0.033432  0.991712  0.123482  0.035497  -0.124577  0.991741  0.030498  -0.031438  -0.034667  0.998904  0.011309  -0.008772  0.002971  0.016260  -0.130849  0.272339  2.000000  
99.329096 0.013056  0.093629  -0.033429  0.991708  0.123482  0.035614  -0.124577  0.991745  0.030361  -0.031571  -0.034546  0.998904  0.011055  -0.008983  0.002920  0.008415  -0.129359  0.256498  2.000000  
99.330358 0.013068  0.093616  -0.033423  0.991708  0.123482  0.035614  -0.124577  0.991745  0.030361  -0.031571  -0.034546  0.998904  0.010791  -0.009249  0.002992  0.005402  -0.120183  0.224196  2.000000  
99.331599 0.013080  0.093605  -0.033416  0.991733  0.123282  0.035593  -0.124372  0.991774  0.030248  -0.031571  -0.034424  0.998909  0.010611  -0.009407  0.003119  -0.001934  -0.109367  0.195293  2.000000  
99.332605 0.013090  0.093596  -0.033410  0.991733  0.123282  0.035593  -0.124372  0.991774  0.030248  -0.031571  -0.034424  0.998909  0.010443  -0.009507  0.003303  -0.005206  -0.104816  0.169374  2.000000  
99.333849 0.013103  0.093584  -0.033403  0.991759  0.123082  0.035572  -0.124168  0.991803  0.030135  -0.031571  -0.034303  0.998913  0.010321  -0.009541  0.003670  0.000000  0.000000  0.000000  2.000000  
99.335099 0.013116  0.093574  -0.033394  0.991755  0.123077  0.035704  -0.124168  0.991804  0.030118  -0.031705  -0.034303  0.998908  0.010247  -0.009502  0.004070  0.000000  0.000000  0.000000  2.000000  
99.336352 0.013130  0.093563  -0.033386  0.991755  0.123082  0.035690  -0.124168  0.991808  0.029998  -0.031705  -0.034182  0.998913  0.010213  -0.009439  0.004446  0.000000  0.000000  0.000000  2.000000  
99.337606 0.013143  0.093553  -0.033377  0.991776  0.122873  0.035816  -0.123963  0.991834  0.029989  -0.031839  -0.034182  0.998908  0.010226  -0.009373  0.004804  0.000000  0.000000  0.000000  2.000000  
99.338849 0.013158  0.093542  -0.033369  0.991776  0.122873  0.035816  -0.123963  0.991834  0.029989  -0.031839  -0.034182  0.998908  0.010325  -0.009281  0.005087  0.000000  0.000000  0.000000  2.000000  
99.340098 0.013173  0.093532  -0.033360  0.991772  0.122868  0.035949  -0.123963  0.991834  0.029972  -0.031972  -0.034182  0.998904  0.010484  -0.009189  0.005432  0.000000  0.000000  0.000000  2.000000  
99.341353 0.013188  0.093522  -0.033350  0.991797  0.122664  0.035942  -0.123758  0.991859  0.029979  -0.031972  -0.034182  0.998904  0.010655  -0.008981  0.005791  0.000000  0.000000  0.000000  2.000000  
99.342356 0.013201  0.093514  -0.033343  0.991797  0.122664  0.035942  -0.123758  0.991859  0.029979  -0.031972  -0.034182  0.998904  0.010841  -0.008820  0.006148  0.000000  0.000000  0.000000  2.000000  
99.343598 0.013218  0.093504  -0.033333  0.991797  0.122664  0.035942  -0.123758  0.991859  0.029979  -0.031972  -0.034182  0.998904  0.011157  -0.008632  0.006459  0.000000  0.000000  0.000000  2.000000  
99.344846 0.013236  0.093494  -0.033323  0.991793  0.122660  0.036075  -0.123758  0.991860  0.029963  -0.032106  -0.034181  0.998900  0.011513  -0.008475  0.006786  0.000000  0.000000  0.000000  2.000000  
99.345846 0.013251  0.093486  -0.033314  0.991793  0.122660  0.036075  -0.123758  0.991860  0.029963  -0.032106  -0.034181  0.998900  0.011889  -0.008348  0.007122  0.000000  0.000000  0.000000  2.000000  
99.346851 0.013266  0.093479  -0.033305  0.991789  0.122651  0.036223  -0.123757  0.991857  0.030067  -0.032240  -0.034302  0.998891  0.012274  -0.008216  0.007369  0.000000  0.000000  0.000000  2.000000  
99.348096 0.013287  0.093470  -0.033293  0.991763  0.122855  0.036229  -0.123961  0.991832  0.030059  -0.032240  -0.034302  0.998891  0.012734  -0.008074  0.007619  0.000000  0.000000  0.000000  2.000000  
99.349102 0.013303  0.093463  -0.033283  0.991763  0.122855  0.036229  -0.123961  0.991832  0.030059  -0.032240  -0.034302  0.998891  0.013208  -0.007972  0.007870  0.000000  0.000000  0.000000  2.000000  
99.350355 0.013325  0.093455  -0.033270  0.991759  0.122846  0.036376  -0.123961  0.991829  0.030163  -0.032374  -0.034423  0.998883  0.013762  -0.007779  0.008134  0.000000  0.000000  0.000000  2.000000  
99.351603 0.013348  0.093447  -0.033257  0.991733  0.123050  0.036382  -0.124165  0.991803  0.030155  -0.032374  -0.034423  0.998883  0.014459  -0.007557  0.008526  0.000000  0.000000  0.000000  2.000000  
99.352848 0.013372  0.093441  -0.033243  0.991733  0.123050  0.036382  -0.124165  0.991803  0.030155  -0.032374  -0.034423  0.998883  0.015064  -0.007321  0.008826  0.000000  0.000000  0.000000  2.000000  
99.354097 0.013396  0.093434  -0.033229  0.991703  0.123245  0.036536  -0.124369  0.991775  0.030252  -0.032507  -0.034544  0.998874  0.015705  -0.007067  0.009191  0.000000  0.000000  0.000000  2.000000  
99.355098 0.013416  0.093430  -0.033218  0.991703  0.123245  0.036536  -0.124369  0.991775  0.030252  -0.032507  -0.034544  0.998874  0.016302  -0.006809  0.009517  0.000000  0.000000  0.000000  2.000000  
99.356099 0.013437  0.093425  -0.033206  0.991703  0.123241  0.036551  -0.124369  0.991771  0.030372  -0.032507  -0.034666  0.998870  0.016849  -0.006603  0.009771  0.000000  0.000000  0.000000  2.000000  
99.357351 0.013463  0.093419  -0.033191  0.991673  0.123440  0.036690  -0.124572  0.991746  0.030348  -0.032641  -0.034666  0.998866  0.017447  -0.006380  0.010121  0.000000  0.000000  0.000000  2.000000  
99.358352 0.013484  0.093414  -0.033179  0.991648  0.123640  0.036711  -0.124776  0.991717  0.030460  -0.032641  -0.034787  0.998862  0.018018  -0.006105  0.010429  0.000000  0.000000  0.000000  2.000000  
99.359595 0.013512  0.093409  -0.033165  0.991622  0.123844  0.036718  -0.124981  0.991692  0.030453  -0.032641  -0.034787  0.998862  0.018625  -0.005814  0.010690  0.000000  0.000000  0.000000  2.000000  
99.360598 0.013533  0.093405  -0.033153  0.991618  0.123835  0.036865  -0.124980  0.991689  0.030556  -0.032775  -0.034908  0.998853  0.019178  -0.005506  0.010886  0.000000  0.000000  0.000000  2.000000  
99.361598 0.013556  0.093401  -0.033142  0.991592  0.124039  0.036871  -0.125184  0.991663  0.030549  -0.032775  -0.034908  0.998853  0.019636  -0.005274  0.011035  0.000000  0.000000  0.000000  2.000000  
99.362602 0.013579  0.093396  -0.033131  0.991592  0.124035  0.036886  -0.125184  0.991659  0.030669  -0.032775  -0.035029  0.998849  0.020111  -0.005096  0.011146  0.000000  0.000000  0.000000  2.000000  
99.363846 0.013608  0.093391  -0.033117  0.991566  0.124235  0.036908  -0.125388  0.991630  0.030782  -0.032775  -0.035150  0.998844  0.020599  -0.004879  0.011195  0.000000  0.000000  0.000000  2.000000  
99.365100 0.013637  0.093386  -0.033104  0.991540  0.124434  0.036929  -0.125593  0.991601  0.030894  -0.032775  -0.035271  0.998840  0.021169  -0.004672  0.011288  0.000000  0.000000  0.000000  2.000000  
99.366104 0.013661  0.093381  -0.033093  0.991515  0.124634  0.036951  -0.125797  0.991571  0.031007  -0.032775  -0.035392  0.998836  0.021540  -0.004550  0.011283  0.000000  0.000000  0.000000  2.000000  
99.367355 0.013692  0.093376  -0.033079  0.991489  0.124838  0.036957  -0.126001  0.991546  0.031000  -0.032775  -0.035392  0.998836  0.022006  -0.004431  0.011339  0.000000  0.000000  0.000000  2.000000  
99.368601 0.013723  0.093371  -0.033065  0.991463  0.125038  0.036979  -0.126205  0.991516  0.031112  -0.032775  -0.035513  0.998832  0.022406  -0.004390  0.011346  0.000000  0.000000  0.000000  2.000000  
99.369602 0.013748  0.093367  -0.033054  0.991463  0.125033  0.036994  -0.126205  0.991512  0.031232  -0.032775  -0.035635  0.998827  0.022800  -0.004335  0.011308  0.000000  0.000000  0.000000  2.000000  
99.370848 0.013778  0.093361  -0.033040  0.991437  0.125237  0.037000  -0.126409  0.991487  0.031225  -0.032775  -0.035635  0.998827  0.023157  -0.004330  0.011242  0.000000  0.000000  0.000000  2.000000  
99.371849 0.013803  0.093357  -0.033030  0.991411  0.125437  0.037022  -0.126613  0.991457  0.031337  -0.032775  -0.035756  0.998823  0.023428  -0.004264  0.011172  0.000000  0.000000  0.000000  2.000000  
99.373098 0.013834  0.093351  -0.033017  0.991389  0.125646  0.036896  -0.126818  0.991431  0.031347  -0.032641  -0.035756  0.998827  0.023652  -0.004278  0.011037  0.000000  0.000000  0.000000  2.000000  
99.374352 0.013865  0.093346  -0.033004  0.991389  0.125641  0.036911  -0.126818  0.991427  0.031467  -0.032641  -0.035877  0.998823  0.023919  -0.004302  0.010900  0.000000  0.000000  0.000000  2.000000  
99.375359 0.013889  0.093341  -0.032994  0.991363  0.125845  0.036918  -0.127022  0.991401  0.031459  -0.032641  -0.035877  0.998823  0.024087  -0.004316  0.010764  0.000000  0.000000  0.000000  2.000000  
99.376596 0.013920  0.093336  -0.032982  0.991337  0.126050  0.036924  -0.127226  0.991375  0.031452  -0.032641  -0.035877  0.998823  0.024278  -0.004358  0.010667  0.000000  0.000000  0.000000  2.000000  
99.377601 0.013944  0.093332  -0.032972  0.991337  0.126045  0.036939  -0.127226  0.991371  0.031572  -0.032641  -0.035998  0.998819  0.024366  -0.004314  0.010582  0.000000  0.000000  0.000000  2.000000  
99.378846 0.013975  0.093326  -0.032960  0.991315  0.126254  0.036813  -0.127431  0.991345  0.031582  -0.032507  -0.035998  0.998823  0.024448  -0.004353  0.010493  0.000000  0.000000  0.000000  2.000000  
99.379846 0.013999  0.093322  -0.032950  0.991315  0.126254  0.036813  -0.127431  0.991345  0.031582  -0.032507  -0.035998  0.998823  0.024528  -0.004342  0.010413  0.000000  0.000000  0.000000  2.000000  
99.381101 0.014029  0.093316  -0.032939  0.991315  0.126249  0.036829  -0.127431  0.991341  0.031702  -0.032507  -0.036120  0.998819  0.024499  -0.004373  0.010288  0.000000  0.000000  0.000000  2.000000  
99.382349 0.014059  0.093310  -0.032927  0.991319  0.126254  0.036696  -0.127431  0.991340  0.031719  -0.032374  -0.036120  0.998823  0.024466  -0.004438  0.010124  0.000000  0.000000  0.000000  2.000000  
99.383349 0.014082  0.093305  -0.032918  0.991293  0.126458  0.036703  -0.127635  0.991314  0.031711  -0.032374  -0.036120  0.998823  0.024382  -0.004526  0.009976  0.000000  0.000000  0.000000  2.000000  
99.384350 0.014106  0.093300  -0.032909  0.991293  0.126458  0.036703  -0.127635  0.991314  0.031711  -0.032374  -0.036120  0.998823  0.024278  -0.004558  0.009816  0.000000  0.000000  0.000000  2.000000  
99.385359 0.014129  0.093294  -0.032900  0.991297  0.126463  0.036570  -0.127636  0.991313  0.031728  -0.032240  -0.036120  0.998827  0.024215  -0.004591  0.009730  0.000000  0.000000  0.000000  2.000000  
99.386597 0.014158  0.093287  -0.032889  0.991297  0.126463  0.036570  -0.127636  0.991313  0.031728  -0.032240  -0.036120  0.998827  0.024080  -0.004736  0.009546  0.000000  0.000000  0.000000  2.000000  
99.387598 0.014180  0.093281  -0.032881  0.991297  0.126463  0.036570  -0.127636  0.991313  0.031728  -0.032240  -0.036120  0.998827  0.023944  -0.004821  0.009414  0.000000  0.000000  0.000000  2.000000  
99.388845 0.014208  0.093273  -0.032870  0.991301  0.126468  0.036437  -0.127636  0.991313  0.031745  -0.032106  -0.036120  0.998832  0.023754  -0.004988  0.009342  0.000000  0.000000  0.000000  2.000000  
99.390095 0.014236  0.093266  -0.032859  0.991301  0.126472  0.036422  -0.127636  0.991317  0.031625  -0.032106  -0.035999  0.998836  0.023558  -0.005121  0.009218  0.000000  0.000000  0.000000  2.000000  
99.391097 0.014258  0.093260  -0.032850  0.991306  0.126477  0.036290  -0.127637  0.991316  0.031642  -0.031972  -0.035999  0.998840  0.023362  -0.005228  0.009148  0.000000  0.000000  0.000000  2.000000  
99.392098 0.014280  0.093254  -0.032841  0.991306  0.126477  0.036290  -0.127637  0.991316  0.031642  -0.031972  -0.035999  0.998840  0.023187  -0.005341  0.009038  0.000000  0.000000  0.000000  2.000000  
99.393375 0.014307  0.093246  -0.032829  0.991310  0.126482  0.036157  -0.127637  0.991315  0.031659  -0.031839  -0.035999  0.998845  0.022925  -0.005468  0.008983  0.000000  0.000000  0.000000  2.000000  
99.394600 0.014334  0.093239  -0.032818  0.991310  0.126486  0.036142  -0.127637  0.991319  0.031539  -0.031839  -0.035878  0.998849  0.022704  -0.005641  0.008982  0.000000  0.000000  0.000000  2.000000  
99.395846 0.014360  0.093231  -0.032806  0.991314  0.126491  0.036009  -0.127638  0.991319  0.031556  -0.031705  -0.035878  0.998853  0.022479  -0.005752  0.008987  0.000000  0.000000  0.000000  2.000000  
99.396846 0.014381  0.093225  -0.032797  0.991314  0.126491  0.036009  -0.127638  0.991319  0.031556  -0.031705  -0.035878  0.998853  0.022299  -0.005803  0.008962  0.000000  0.000000  0.000000  2.000000  
99.397848 0.014402  0.093220  -0.032788  0.991314  0.126495  0.035994  -0.127638  0.991323  0.031436  -0.031705  -0.035757  0.998857  0.022086  -0.005854  0.008991  0.000000  0.000000  0.000000  2.000000  
99.398870 0.014422  0.093214  -0.032778  0.991314  0.126495  0.035994  -0.127638  0.991323  0.031436  -0.031705  -0.035757  0.998857  0.021794  -0.005921  0.009012  0.000000  0.000000  0.000000  2.000000  
99.400099 0.014448  0.093207  -0.032765  0.991318  0.126505  0.035846  -0.127638  0.991326  0.031333  -0.031571  -0.035636  0.998866  0.021598  -0.005953  0.009129  0.000000  0.000000  0.000000  2.000000  
99.401102 0.014468  0.093201  -0.032754  0.991318  0.126505  0.035846  -0.127638  0.991326  0.031333  -0.031571  -0.035636  0.998866  0.021418  -0.005942  0.009317  0.000000  0.000000  0.000000  2.000000  
99.402362 0.014492  0.093193  -0.032741  0.991318  0.126509  0.035831  -0.127638  0.991330  0.031212  -0.031571  -0.035515  0.998870  0.021129  -0.005949  0.009490  0.000000  0.000000  0.000000  2.000000  
99.403601 0.014517  0.093186  -0.032727  0.991318  0.126509  0.035831  -0.127638  0.991330  0.031212  -0.031571  -0.035515  0.998870  0.020941  -0.005886  0.009672  0.000000  0.000000  0.000000  2.000000  
99.404848 0.014542  0.093179  -0.032713  0.991322  0.126518  0.035683  -0.127639  0.991333  0.031109  -0.031438  -0.035394  0.998879  0.020704  -0.005845  0.009874  0.000000  0.000000  0.000000  2.000000  
99.405849 0.014561  0.093174  -0.032701  0.991322  0.126518  0.035683  -0.127639  0.991333  0.031109  -0.031438  -0.035394  0.998879  0.020530  -0.005835  0.010064  0.000000  0.000000  0.000000  2.000000  
99.407098 0.014586  0.093167  -0.032687  0.991322  0.126522  0.035667  -0.127639  0.991336  0.030989  -0.031438  -0.035273  0.998883  0.020347  -0.005797  0.010250  0.000000  0.000000  0.000000  2.000000  
99.408101 0.014605  0.093161  -0.032675  0.991322  0.126522  0.035667  -0.127639  0.991336  0.030989  -0.031438  -0.035273  0.998883  0.020229  -0.005766  0.010524  0.000000  0.000000  0.000000  2.000000  
99.409345 0.014629  0.093155  -0.032660  0.991296  0.126731  0.035658  -0.127843  0.991314  0.030861  -0.031438  -0.035151  0.998887  0.020057  -0.005724  0.010656  0.000000  0.000000  0.000000  2.000000  
99.410358 0.014649  0.093149  -0.032647  0.991296  0.126731  0.035658  -0.127843  0.991314  0.030861  -0.031438  -0.035151  0.998887  0.019943  -0.005682  0.010883  0.000000  0.000000  0.000000  2.000000  
99.411602 0.014673  0.093143  -0.032632  0.991296  0.126731  0.035658  -0.127843  0.991314  0.030861  -0.031438  -0.035151  0.998887  0.019784  -0.005610  0.011206  0.000000  0.000000  0.000000  2.000000  
99.412844 0.014697  0.093136  -0.032617  0.991296  0.126735  0.035643  -0.127843  0.991318  0.030741  -0.031438  -0.035030  0.998892  0.019695  -0.005606  0.011421  0.000000  0.000000  0.000000  2.000000  
99.413846 0.014716  0.093130  -0.032604  0.991296  0.126735  0.035643  -0.127843  0.991318  0.030741  -0.031438  -0.035030  0.998892  0.019640  -0.005580  0.011584  0.000000  0.000000  0.000000  2.000000  
99.415100 0.014740  0.093124  -0.032588  0.991270  0.126939  0.035649  -0.128047  0.991292  0.030734  -0.031438  -0.035030  0.998892  0.019491  -0.005535  0.011780  0.000000  0.000000  0.000000  2.000000  
99.416104 0.014760  0.093118  -0.032575  0.991270  0.126943  0.035634  -0.128047  0.991295  0.030614  -0.031438  -0.034909  0.998896  0.019446  -0.005499  0.011955  0.000000  0.000000  0.000000  2.000000  
99.417354 0.014784  0.093112  -0.032560  0.991270  0.126943  0.035634  -0.128047  0.991295  0.030614  -0.031438  -0.034909  0.998896  0.019435  -0.005420  0.012059  0.000000  0.000000  0.000000  2.000000  
99.418361 0.014803  0.093107  -0.032547  0.991243  0.127147  0.035640  -0.128251  0.991269  0.030606  -0.031438  -0.034909  0.998896  0.019347  -0.005377  0.012201  0.000000  0.000000  0.000000  2.000000  
99.419599 0.014827  0.093101  -0.032532  0.991243  0.127147  0.035640  -0.128251  0.991269  0.030606  -0.031438  -0.034909  0.998896  0.019336  -0.005352  0.012299  0.000000  0.000000  0.000000  2.000000  
99.420849 0.014851  0.093095  -0.032515  0.991217  0.127356  0.035631  -0.128455  0.991247  0.030479  -0.031438  -0.034788  0.998900  0.019316  -0.005271  0.012391  0.000000  0.000000  0.000000  2.000000  
99.422098 0.014875  0.093089  -0.032500  0.991217  0.127356  0.035631  -0.128455  0.991247  0.030479  -0.031438  -0.034788  0.998900  0.019313  -0.005187  0.012494  0.000000  0.000000  0.000000  2.000000  
99.423098 0.014895  0.093084  -0.032486  0.991217  0.127356  0.035631  -0.128455  0.991247  0.030479  -0.031438  -0.034788  0.998900  0.019331  -0.005134  0.012559  0.000000  0.000000  0.000000  2.000000  
99.424344 0.014920  0.093079  -0.032471  0.991190  0.127560  0.035637  -0.128659  0.991221  0.030471  -0.031438  -0.034788  0.998900  0.019344  -0.005079  0.012623  0.000000  0.000000  0.000000  2.000000  
99.425359 0.014939  0.093074  -0.032457  0.991164  0.127764  0.035644  -0.128863  0.991194  0.030464  -0.031438  -0.034788  0.998900  0.019345  -0.004982  0.012684  0.000000  0.000000  0.000000  2.000000  
99.426359 0.014958  0.093070  -0.032445  0.991164  0.127764  0.035644  -0.128863  0.991194  0.030464  -0.031438  -0.034788  0.998900  0.019333  -0.004930  0.012681  0.000000  0.000000  0.000000  2.000000  
99.427598 0.014983  0.093064  -0.032429  0.991137  0.127968  0.035650  -0.129067  0.991168  0.030457  -0.031438  -0.034788  0.998900  0.019381  -0.004822  0.012719  0.000000  0.000000  0.000000  2.000000  
99.428598 0.015003  0.093060  -0.032417  0.991142  0.127977  0.035502  -0.129068  0.991171  0.030354  -0.031304  -0.034667  0.998909  0.019443  -0.004786  0.012709  0.000000  0.000000  0.000000  2.000000  
99.429844 0.015027  0.093055  -0.032402  0.991115  0.128181  0.035508  -0.129272  0.991145  0.030346  -0.031304  -0.034667  0.998909  0.019481  -0.004667  0.012645  0.000000  0.000000  0.000000  2.000000  
99.430846 0.015047  0.093051  -0.032390  0.991088  0.128385  0.035514  -0.129476  0.991118  0.030339  -0.031304  -0.034667  0.998909  0.019497  -0.004633  0.012607  0.000000  0.000000  0.000000  2.000000  
99.432099 0.015072  0.093045  -0.032375  0.991062  0.128589  0.035521  -0.129680  0.991092  0.030332  -0.031304  -0.034667  0.998909  0.019521  -0.004581  0.012531  0.000000  0.000000  0.000000  2.000000  
99.433099 0.015091  0.093041  -0.032363  0.991062  0.128589  0.035521  -0.129680  0.991092  0.030332  -0.031304  -0.034667  0.998909  0.019581  -0.004490  0.012476  0.000000  0.000000  0.000000  2.000000  
99.434100 0.015111  0.093037  -0.032352  0.991035  0.128793  0.035527  -0.129884  0.991065  0.030324  -0.031304  -0.034667  0.998909  0.019625  -0.004380  0.012410  0.000000  0.000000  0.000000  2.000000  
99.435361 0.015136  0.093032  -0.032337  0.991012  0.129002  0.035401  -0.130089  0.991038  0.030335  -0.031170  -0.034667  0.998913  0.019610  -0.004354  0.012305  0.000000  0.000000  0.000000  2.000000  
99.436620 0.015160  0.093026  -0.032322  0.990985  0.129201  0.035422  -0.130293  0.991008  0.030447  -0.031170  -0.034788  0.998909  0.019638  -0.004303  0.012229  0.000000  0.000000  0.000000  2.000000  
99.437849 0.015185  0.093022  -0.032307  0.990959  0.129406  0.035429  -0.130497  0.990981  0.030440  -0.031170  -0.034788  0.998909  0.019613  -0.004257  0.012118  0.000000  0.000000  0.000000  2.000000  
99.439098 0.015209  0.093016  -0.032293  0.990932  0.129610  0.035435  -0.130701  0.990955  0.030433  -0.031170  -0.034788  0.998909  0.019601  -0.004205  0.012016  0.000000  0.000000  0.000000  2.000000  
99.440351 0.015233  0.093011  -0.032279  0.990936  0.129614  0.035302  -0.130701  0.990954  0.030450  -0.031036  -0.034788  0.998913  0.019608  -0.004212  0.011886  0.000000  0.000000  0.000000  2.000000  
99.441597 0.015258  0.093006  -0.032265  0.990909  0.129818  0.035309  -0.130905  0.990927  0.030443  -0.031036  -0.034788  0.998913  0.019596  -0.004194  0.011771  0.000000  0.000000  0.000000  2.000000  
99.442849 0.015281  0.093001  -0.032252  0.990882  0.130022  0.035315  -0.131109  0.990901  0.030436  -0.031036  -0.034788  0.998913  0.019545  -0.004143  0.011594  0.000000  0.000000  0.000000  2.000000  
99.444098 0.015305  0.092996  -0.032237  0.990855  0.130226  0.035321  -0.131313  0.990874  0.030429  -0.031036  -0.034788  0.998913  0.019504  -0.004145  0.011571  0.000000  0.000000  0.000000  2.000000  
99.445103 0.015325  0.092992  -0.032226  0.990832  0.130435  0.035195  -0.131518  0.990846  0.030439  -0.030903  -0.034789  0.998917  0.019457  -0.004119  0.011495  0.000000  0.000000  0.000000  2.000000  
99.446354 0.015348  0.092987  -0.032212  0.990832  0.130435  0.035195  -0.131518  0.990846  0.030439  -0.030903  -0.034789  0.998917  0.019404  -0.004119  0.011465  0.000000  0.000000  0.000000  2.000000  
99.447598 0.015372  0.092982  -0.032198  0.990805  0.130639  0.035201  -0.131722  0.990819  0.030432  -0.030903  -0.034789  0.998917  0.019355  -0.004122  0.011404  0.000000  0.000000  0.000000  2.000000  
99.448601 0.015391  0.092977  -0.032187  0.990778  0.130843  0.035208  -0.131926  0.990793  0.030424  -0.030903  -0.034789  0.998917  0.019326  -0.004098  0.011322  0.000000  0.000000  0.000000  2.000000  
99.449605 0.015410  0.092973  -0.032176  0.990778  0.130843  0.035208  -0.131926  0.990793  0.030424  -0.030903  -0.034789  0.998917  0.019239  -0.004124  0.011319  0.000000  0.000000  0.000000  2.000000  
99.450851 0.015433  0.092967  -0.032162  0.990751  0.131047  0.035214  -0.132130  0.990766  0.030417  -0.030903  -0.034789  0.998917  0.019176  -0.004157  0.011231  0.000000  0.000000  0.000000  2.000000  
99.451853 0.015452  0.092963  -0.032152  0.990755  0.131051  0.035081  -0.132130  0.990765  0.030435  -0.030769  -0.034789  0.998921  0.019091  -0.004158  0.011129  0.000000  0.000000  0.000000  2.000000  
99.453100 0.015474  0.092957  -0.032139  0.990727  0.131255  0.035088  -0.132334  0.990738  0.030428  -0.030769  -0.034789  0.998921  0.018971  -0.004213  0.011074  0.000000  0.000000  0.000000  2.000000  
99.454101 0.015493  0.092953  -0.032127  0.990727  0.131255  0.035088  -0.132334  0.990738  0.030428  -0.030769  -0.034789  0.998921  0.018905  -0.004243  0.011064  0.000000  0.000000  0.000000  2.000000  
99.455364 0.015516  0.092947  -0.032114  0.990700  0.131459  0.035094  -0.132538  0.990711  0.030420  -0.030769  -0.034789  0.998921  0.018782  -0.004297  0.010988  0.000000  0.000000  0.000000  2.000000  
99.456602 0.015538  0.092941  -0.032100  0.990700  0.131463  0.035078  -0.132538  0.990715  0.030300  -0.030769  -0.034668  0.998925  0.018706  -0.004326  0.010992  0.000000  0.000000  0.000000  2.000000  
99.457850 0.015561  0.092935  -0.032087  0.990673  0.131667  0.035084  -0.132742  0.990688  0.030293  -0.030769  -0.034668  0.998925  0.018593  -0.004382  0.010971  0.000000  0.000000  0.000000  2.000000  
99.459101 0.015583  0.092930  -0.032073  0.990677  0.131672  0.034952  -0.132743  0.990687  0.030311  -0.030635  -0.034668  0.998929  0.018434  -0.004436  0.010920  0.000000  0.000000  0.000000  2.000000  
99.460346 0.015604  0.092924  -0.032060  0.990677  0.131672  0.034952  -0.132743  0.990687  0.030311  -0.030635  -0.034668  0.998929  0.018368  -0.004462  0.010896  0.000000  0.000000  0.000000  2.000000  
99.461357 0.015622  0.092920  -0.032049  0.990650  0.131876  0.034958  -0.132947  0.990660  0.030304  -0.030635  -0.034668  0.998929  0.018214  -0.004487  0.010834  0.000000  0.000000  0.000000  2.000000  
99.462596 0.015643  0.092914  -0.032035  0.990650  0.131876  0.034958  -0.132947  0.990660  0.030304  -0.030635  -0.034668  0.998929  0.018103  -0.004535  0.010878  0.000000  0.000000  0.000000  2.000000  
99.463597 0.015661  0.092909  -0.032025  0.990650  0.131876  0.034958  -0.132947  0.990660  0.030304  -0.030635  -0.034668  0.998929  0.017979  -0.004560  0.010849  0.000000  0.000000  0.000000  2.000000  
99.464600 0.015678  0.092905  -0.032013  0.990622  0.132080  0.034964  -0.133151  0.990633  0.030296  -0.030635  -0.034668  0.998929  0.017884  -0.004558  0.010840  0.000000  0.000000  0.000000  2.000000  
99.465601 0.015695  0.092900  -0.032003  0.990622  0.132080  0.034964  -0.133151  0.990633  0.030296  -0.030635  -0.034668  0.998929  0.017741  -0.004553  0.010799  0.000000  0.000000  0.000000  2.000000  
99.466602 0.015711  0.092896  -0.031993  0.990622  0.132084  0.034948  -0.133151  0.990636  0.030176  -0.030635  -0.034547  0.998933  0.017645  -0.004550  0.010789  0.000000  0.000000  0.000000  2.000000  
99.467605 0.015728  0.092891  -0.031982  0.990622  0.132084  0.034948  -0.133151  0.990636  0.030176  -0.030635  -0.034547  0.998933  0.017489  -0.004553  0.010780  0.000000  0.000000  0.000000  2.000000  
99.468851 0.015748  0.092885  -0.031969  0.990599  0.132293  0.034822  -0.133355  0.990608  0.030187  -0.030501  -0.034547  0.998938  0.017318  -0.004566  0.010780  0.000000  0.000000  0.000000  2.000000  
99.469852 0.015765  0.092881  -0.031957  0.990599  0.132293  0.034822  -0.133355  0.990608  0.030187  -0.030501  -0.034547  0.998938  0.017199  -0.004569  0.010848  0.000000  0.000000  0.000000  2.000000  
99.470853 0.015781  0.092876  -0.031947  0.990599  0.132293  0.034822  -0.133355  0.990608  0.030187  -0.030501  -0.034547  0.998938  0.017068  -0.004593  0.010815  0.000000  0.000000  0.000000  2.000000  
99.472098 0.015801  0.092870  -0.031934  0.990599  0.132293  0.034822  -0.133355  0.990608  0.030187  -0.030501  -0.034547  0.998938  0.016932  -0.004552  0.010784  0.000000  0.000000  0.000000  2.000000  
99.473099 0.015817  0.092866  -0.031923  0.990599  0.132293  0.034822  -0.133355  0.990608  0.030187  -0.030501  -0.034547  0.998938  0.016815  -0.004557  0.010757  0.000000  0.000000  0.000000  2.000000  
99.474347 0.015838  0.092860  -0.031910  0.990571  0.132497  0.034828  -0.133559  0.990581  0.030180  -0.030501  -0.034547  0.998938  0.016714  -0.004575  0.010746  0.000000  0.000000  0.000000  2.000000  
99.475360 0.015853  0.092855  -0.031900  0.990571  0.132497  0.034828  -0.133559  0.990581  0.030180  -0.030501  -0.034547  0.998938  0.016550  -0.004606  0.010640  0.000000  0.000000  0.000000  2.000000  
99.476594 0.015873  0.092849  -0.031887  0.990575  0.132501  0.034696  -0.133560  0.990581  0.030197  -0.030368  -0.034547  0.998942  0.016485  -0.004571  0.010652  0.000000  0.000000  0.000000  2.000000  
99.477598 0.015889  0.092845  -0.031876  0.990575  0.132501  0.034696  -0.133560  0.990581  0.030197  -0.030368  -0.034547  0.998942  0.016358  -0.004575  0.010622  0.000000  0.000000  0.000000  2.000000  
99.478864 0.015909  0.092839  -0.031863  0.990548  0.132705  0.034702  -0.133764  0.990553  0.030190  -0.030368  -0.034547  0.998942  0.016249  -0.004569  0.010554  0.000000  0.000000  0.000000  2.000000  
99.480098 0.015928  0.092833  -0.031851  0.990548  0.132705  0.034702  -0.133764  0.990553  0.030190  -0.030368  -0.034547  0.998942  0.016168  -0.004634  0.010553  0.000000  0.000000  0.000000  2.000000  
99.481351 0.015948  0.092828  -0.031838  0.990548  0.132705  0.034702  -0.133764  0.990553  0.030190  -0.030368  -0.034547  0.998942  0.016061  -0.004622  0.010486  0.000000  0.000000  0.000000  2.000000  
99.482364 0.015964  0.092823  -0.031828  0.990548  0.132705  0.034702  -0.133764  0.990553  0.030190  -0.030368  -0.034547  0.998942  0.015998  -0.004598  0.010448  0.000000  0.000000  0.000000  2.000000  
99.483601 0.015984  0.092818  -0.031815  0.990548  0.132709  0.034686  -0.133764  0.990557  0.030070  -0.030368  -0.034426  0.998946  0.015951  -0.004573  0.010422  0.000000  0.000000  0.000000  2.000000  
99.484848 0.016003  0.092812  -0.031802  0.990524  0.132918  0.034559  -0.133968  0.990529  0.030081  -0.030234  -0.034426  0.998950  0.015859  -0.004564  0.010314  0.000000  0.000000  0.000000  2.000000  
99.485848 0.016018  0.092809  -0.031792  0.990524  0.132918  0.034559  -0.133968  0.990529  0.030081  -0.030234  -0.034426  0.998950  0.015816  -0.004478  0.010340  0.000000  0.000000  0.000000  2.000000  
99.486848 0.016033  0.092804  -0.031782  0.990524  0.132918  0.034559  -0.133968  0.990529  0.030081  -0.030234  -0.034426  0.998950  0.015723  -0.004475  0.010281  0.000000  0.000000  0.000000  2.000000  
99.487849 0.016048  0.092800  -0.031772  0.990524  0.132918  0.034559  -0.133968  0.990529  0.030081  -0.030234  -0.034426  0.998950  0.015666  -0.004427  0.010248  0.000000  0.000000  0.000000  2.000000  
99.489098 0.016067  0.092796  -0.031759  0.990524  0.132918  0.034559  -0.133968  0.990529  0.030081  -0.030234  -0.034426  0.998950  0.015575  -0.004337  0.010244  0.000000  0.000000  0.000000  2.000000  
99.490360 0.016086  0.092791  -0.031746  0.990524  0.132918  0.034559  -0.133968  0.990529  0.030081  -0.030234  -0.034426  0.998950  0.015531  -0.004246  0.010218  0.000000  0.000000  0.000000  2.000000  
99.491596 0.016105  0.092787  -0.031733  0.990501  0.133126  0.034433  -0.134172  0.990501  0.030092  -0.030100  -0.034426  0.998954  0.015451  -0.004162  0.010222  0.000000  0.000000  0.000000  2.000000  
99.492597 0.016120  0.092783  -0.031723  0.990501  0.133126  0.034433  -0.134172  0.990501  0.030092  -0.030100  -0.034426  0.998954  0.015380  -0.004127  0.010225  0.000000  0.000000  0.000000  2.000000  
99.493844 0.016139  0.092779  -0.031711  0.990501  0.133126  0.034433  -0.134172  0.990501  0.030092  -0.030100  -0.034426  0.998954  0.015318  -0.004046  0.010190  0.000000  0.000000  0.000000  2.000000  
