1-Time 2-Px 3-Py 4-Pz 5-R11 6-R21 7-R31 8-R12 9-R22 10-R32 11-R13 12-R23 13-R33 14-Vx 15-Vy 16-Vz 17-Wx 18-Wy 19-Wz 20-state 21-PR11 22-PR21 23-PR31 24-PR12 25-PR22 26-PR32 27-PR13 28-PR23 29-PR33 
121.880184 0.005217  0.090348  -0.021525  0.991202  0.084998  -0.101455  -0.087564  0.995935  -0.021110  0.099249  0.029808  0.994616  -0.001060  0.003524  -0.001020  0.000000  0.000000  0.000000  2.000000  
121.881189 0.005216  0.090351  -0.021526  0.991216  0.085002  -0.101323  -0.087566  0.995935  -0.021122  0.099116  0.029808  0.994629  -0.001042  0.003475  -0.001004  0.000000  0.000000  0.000000  2.000000  
121.882189 0.005215  0.090352  -0.021527  0.991179  0.085412  -0.101332  -0.087974  0.995900  -0.021080  0.099116  0.029808  0.994629  -0.001056  0.003317  -0.001048  0.000000  0.000000  0.000000  2.000000  
121.883190 0.005215  0.090354  -0.021528  0.991117  0.085814  -0.101605  -0.088379  0.995865  -0.021014  0.099382  0.029808  0.994603  -0.001009  0.003215  -0.001055  0.000000  0.000000  0.000000  2.000000  
121.884192 0.005214  0.090355  -0.021530  0.991085  0.086015  -0.101742  -0.088582  0.995848  -0.020982  0.099515  0.029807  0.994590  -0.000964  0.003010  -0.001056  0.000000  0.000000  0.000000  2.000000  
121.885443 0.005214  0.090356  -0.021530  0.991040  0.086212  -0.102012  -0.088784  0.995831  -0.020937  0.099781  0.029806  0.994563  -0.000901  0.002755  -0.001041  0.000000  0.000000  0.000000  2.000000  
121.886690 0.005214  0.090356  -0.021532  0.990972  0.086811  -0.102168  -0.089395  0.995775  -0.020983  0.099914  0.029927  0.994546  -0.000777  0.002474  -0.001030  0.000000  0.000000  0.000000  2.000000  
121.887690 0.005215  0.090356  -0.021532  0.990890  0.087418  -0.102446  -0.090004  0.995722  -0.020896  0.100181  0.029926  0.994519  -0.000683  0.002245  -0.000997  0.000000  0.000000  0.000000  2.000000  
121.888692 0.005215  0.090356  -0.021533  0.990821  0.088029  -0.102591  -0.090615  0.995668  -0.020820  0.100314  0.029925  0.994506  -0.000547  0.002017  -0.000935  0.000000  0.000000  0.000000  2.000000  
121.889940 0.005216  0.090355  -0.021534  0.990719  0.088828  -0.102884  -0.091429  0.995594  -0.020832  0.100580  0.030045  0.994475  -0.000426  0.001658  -0.000967  0.000000  0.000000  0.000000  2.000000  
121.890940 0.005217  0.090354  -0.021538  0.990636  0.089435  -0.103162  -0.092038  0.995539  -0.020744  0.100846  0.030044  0.994448  -0.000303  0.001367  -0.001142  0.000000  0.000000  0.000000  2.000000  
121.891941 0.005217  0.090354  -0.021542  0.990538  0.090038  -0.103572  -0.092646  0.995485  -0.020643  0.101246  0.030043  0.994408  -0.000230  0.001101  -0.001353  0.010083  -0.003606  0.179131  2.000000  
121.893189 0.005218  0.090355  -0.021547  0.990421  0.090846  -0.103986  -0.093458  0.995412  -0.020520  0.101645  0.030042  0.994367  -0.000064  0.000857  -0.001597  0.012918  0.015201  0.206145  2.000000  
121.894454 0.005219  0.090354  -0.021552  0.990290  0.091637  -0.104544  -0.094268  0.995336  -0.020505  0.102177  0.030161  0.994309  0.000079  0.000560  -0.001848  0.011674  0.042983  0.232689  2.000000  
121.895688 0.005220  0.090352  -0.021558  0.990171  0.092444  -0.104958  -0.095080  0.995261  -0.020381  0.102577  0.030160  0.994268  0.000249  0.000135  -0.002171  0.014529  0.061815  0.259795  2.000000  
121.896690 0.005221  0.090350  -0.021563  0.990065  0.093256  -0.105240  -0.095892  0.995185  -0.020269  0.102843  0.030159  0.994240  0.000383  -0.000135  -0.002433  0.017364  0.076123  0.286885  2.000000  
121.897935 0.005225  0.090349  -0.021567  0.989944  0.094050  -0.105665  -0.096704  0.995107  -0.020264  0.103242  0.030278  0.994195  0.000683  -0.000381  -0.002636  0.016152  0.094967  0.313914  2.000000  
121.899189 0.005227  0.090345  -0.021569  0.989823  0.094858  -0.106079  -0.097515  0.995030  -0.020138  0.103641  0.030277  0.994154  0.000895  -0.000632  -0.002653  0.019019  0.113771  0.340863  2.000000  
121.900443 0.005230  0.090341  -0.021571  0.989701  0.095665  -0.106492  -0.098326  0.994953  -0.020011  0.104041  0.030276  0.994112  0.001114  -0.000979  -0.002722  0.021866  0.137050  0.367633  2.000000  
121.901690 0.005234  0.090336  -0.021572  0.989557  0.096664  -0.106922  -0.099340  0.994853  -0.019982  0.104440  0.030395  0.994067  0.001369  -0.001340  -0.002713  0.020672  0.155889  0.394613  2.000000  
121.902935 0.005239  0.090331  -0.021571  0.989420  0.097454  -0.107479  -0.100149  0.994772  -0.019961  0.104972  0.030514  0.994007  0.001637  -0.001673  -0.002631  0.019516  0.179247  0.421497  2.000000  
121.903944 0.005242  0.090327  -0.021571  0.989295  0.098261  -0.107892  -0.100960  0.994693  -0.019832  0.105371  0.030513  0.993965  0.001802  -0.001954  -0.002569  0.022408  0.198001  0.448329  2.000000  
121.905190 0.005246  0.090320  -0.021570  0.989176  0.098846  -0.108446  -0.101565  0.994631  -0.019832  0.105903  0.030631  0.993905  0.002012  -0.002350  -0.002302  0.020563  0.221184  0.468387  2.000000  
121.906452 0.005251  0.090314  -0.021570  0.989064  0.099643  -0.108739  -0.102377  0.994548  -0.019836  0.106169  0.030751  0.993872  0.002347  -0.002744  -0.001955  0.019354  0.235380  0.495154  2.000000  
121.907689 0.005257  0.090307  -0.021570  0.988915  0.100628  -0.109180  -0.103390  0.994441  -0.019923  0.106569  0.030991  0.993822  0.002616  -0.003195  -0.001682  0.014844  0.254598  0.529234  2.000000  
121.908690 0.005261  0.090301  -0.021570  0.988823  0.101234  -0.109457  -0.103998  0.994380  -0.019828  0.106835  0.030990  0.993794  0.002903  -0.003643  -0.001379  0.017019  0.268695  0.549420  2.000000  
121.909940 0.005266  0.090294  -0.021569  0.988723  0.102036  -0.109618  -0.104811  0.994294  -0.019845  0.106968  0.031110  0.993776  0.003168  -0.004034  -0.000942  0.015798  0.278576  0.576677  2.000000  
121.911187 0.005271  0.090286  -0.021568  0.988651  0.102410  -0.109915  -0.105215  0.994248  -0.020013  0.107234  0.031350  0.993739  0.003367  -0.004304  -0.000551  0.009039  0.290202  0.585244  2.000000  
121.912187 0.005275  0.090281  -0.021568  0.988557  0.103016  -0.110192  -0.105822  0.994186  -0.019916  0.107500  0.031349  0.993711  0.003478  -0.004615  -0.000225  0.009827  0.299324  0.591778  2.000000  
121.913189 0.005279  0.090275  -0.021568  0.988499  0.103408  -0.110345  -0.106228  0.994141  -0.019977  0.107633  0.031469  0.993693  0.003593  -0.004940  0.000012  0.005904  0.294890  0.591861  2.000000  
121.914190 0.005282  0.090268  -0.021567  0.988441  0.103799  -0.110498  -0.106633  0.994096  -0.020038  0.107766  0.031589  0.993674  0.003622  -0.005207  0.000194  0.002653  0.295147  0.598679  2.000000  
121.915190 0.005285  0.090262  -0.021565  0.988383  0.104204  -0.110639  -0.107039  0.994054  -0.019978  0.107899  0.031589  0.993660  0.003700  -0.005378  0.000397  0.003517  0.293352  0.610733  2.000000  
121.916440 0.005288  0.090253  -0.021564  0.988324  0.104596  -0.110792  -0.107444  0.994009  -0.020039  0.108032  0.031709  0.993642  0.003681  -0.005624  0.000544  -0.000474  0.290938  0.605607  2.000000  
121.917690 0.005292  0.090245  -0.021562  0.988302  0.104787  -0.110808  -0.107648  0.993985  -0.020137  0.108032  0.031830  0.993638  0.003569  -0.005845  0.000627  -0.003277  0.283594  0.583375  2.000000  
121.918937 0.005294  0.090236  -0.021560  0.988258  0.105170  -0.110842  -0.108055  0.993937  -0.020332  0.108032  0.032071  0.993630  0.003450  -0.006094  0.000740  -0.011973  0.272187  0.571958  2.000000  
121.919939 0.005295  0.090228  -0.021557  0.988235  0.105361  -0.110859  -0.108258  0.993913  -0.020430  0.108032  0.032191  0.993626  0.003334  -0.006232  0.000903  -0.013366  0.267359  0.558390  2.000000  
121.920939 0.005298  0.090221  -0.021554  0.988213  0.105552  -0.110876  -0.108461  0.993889  -0.020528  0.108032  0.032312  0.993622  0.003240  -0.006321  0.001076  -0.018766  0.258047  0.544997  2.000000  
121.922194 0.005300  0.090213  -0.021549  0.988191  0.105743  -0.110893  -0.108665  0.993864  -0.020626  0.108032  0.032432  0.993618  0.002995  -0.006455  0.001411  -0.025746  0.241359  0.522499  2.000000  
121.923445 0.005301  0.090205  -0.021544  0.988168  0.105921  -0.110923  -0.108868  0.993838  -0.020844  0.108032  0.032673  0.993610  0.002715  -0.006532  0.001744  -0.031131  0.223025  0.509216  2.000000  
121.924453 0.005302  0.090199  -0.021539  0.988146  0.106112  -0.110940  -0.109072  0.993813  -0.020942  0.108032  0.032794  0.993606  0.002528  -0.006562  0.001995  -0.036299  0.211917  0.491746  2.000000  
121.925690 0.005304  0.090191  -0.021535  0.988146  0.106085  -0.110966  -0.109072  0.993808  -0.021183  0.108032  0.033035  0.993598  0.002324  -0.006573  0.002279  -0.048267  0.194669  0.461983  2.000000  
121.926941 0.005306  0.090183  -0.021532  0.988138  0.106254  -0.110877  -0.109277  0.993778  -0.021536  0.107899  0.033397  0.993601  0.002075  -0.006634  0.002445  -0.061411  0.179325  0.444890  2.000000  
121.928190 0.005306  0.090175  -0.021529  0.988130  0.106436  -0.110775  -0.109482  0.993750  -0.021769  0.107766  0.033638  0.993607  0.001819  -0.006652  0.002557  -0.069617  0.161875  0.414900  2.000000  
121.929442 0.005307  0.090167  -0.021528  0.988144  0.106414  -0.110669  -0.109483  0.993745  -0.022025  0.107633  0.033880  0.993613  0.001625  -0.006614  0.002550  -0.079877  0.143210  0.394639  2.000000  
121.930688 0.005307  0.090159  -0.021527  0.988158  0.106391  -0.110562  -0.109485  0.993739  -0.022280  0.107500  0.034121  0.993619  0.001368  -0.006591  0.002533  -0.087574  0.124205  0.360858  2.000000  
121.931940 0.005308  0.090151  -0.021527  0.988136  0.106569  -0.110593  -0.109688  0.993711  -0.022499  0.107500  0.034362  0.993611  0.001193  -0.006565  0.002415  -0.098578  0.105384  0.333945  2.000000  
121.933190 0.005308  0.090143  -0.021527  0.988150  0.106547  -0.110487  -0.109690  0.993705  -0.022754  0.107367  0.034604  0.993617  0.001030  -0.006510  0.002285  -0.105537  0.086549  0.306955  2.000000  
121.934452 0.005309  0.090136  -0.021527  0.988142  0.106729  -0.110385  -0.109895  0.993677  -0.022987  0.107234  0.034846  0.993623  0.000910  -0.006395  0.002075  -0.110132  0.067613  0.291360  2.000000  
121.935689 0.005309  0.090128  -0.021528  0.988156  0.106707  -0.110279  -0.109897  0.993671  -0.023243  0.107101  0.035087  0.993629  0.000825  -0.006285  0.001720  -0.117056  0.044478  0.264830  2.000000  
121.936712 0.005310  0.090123  -0.021530  0.988156  0.106694  -0.110292  -0.109897  0.993668  -0.023364  0.107101  0.035208  0.993625  0.000741  -0.006194  0.001389  -0.120819  0.030452  0.239738  2.000000  
121.937940 0.005311  0.090116  -0.021531  0.988170  0.106672  -0.110186  -0.109898  0.993662  -0.023619  0.106968  0.035449  0.993630  0.000698  -0.006145  0.000983  -0.126897  0.020441  0.210971  2.000000  
121.938943 0.005313  0.090111  -0.021532  0.988170  0.106645  -0.110211  -0.109898  0.993656  -0.023860  0.106968  0.035690  0.993622  0.000726  -0.006044  0.000530  -0.134945  0.010734  0.185494  2.000000  
121.940190 0.005315  0.090105  -0.021534  0.988162  0.106827  -0.110110  -0.110103  0.993628  -0.024094  0.106835  0.035932  0.993627  0.000776  -0.005916  0.000193  0.000000  0.000000  0.000000  2.000000  
121.941443 0.005318  0.090100  -0.021536  0.988162  0.106787  -0.110149  -0.110103  0.993619  -0.024455  0.106835  0.036293  0.993614  0.000864  -0.005713  -0.000177  0.000000  0.000000  0.000000  2.000000  
121.942445 0.005320  0.090097  -0.021537  0.988162  0.106774  -0.110162  -0.110103  0.993616  -0.024576  0.106835  0.036414  0.993610  0.000950  -0.005494  -0.000482  0.000000  0.000000  0.000000  2.000000  
121.943690 0.005323  0.090093  -0.021538  0.988162  0.106734  -0.110201  -0.110103  0.993607  -0.024937  0.106835  0.036775  0.993596  0.001124  -0.005232  -0.000713  -0.161927  -0.027201  0.124830  2.000000  
121.944692 0.005326  0.090090  -0.021540  0.988162  0.106707  -0.110227  -0.110103  0.993601  -0.025178  0.106835  0.037017  0.993588  0.001265  -0.005042  -0.000868  -0.171559  -0.032155  0.111239  2.000000  
121.945935 0.005330  0.090087  -0.021542  0.988139  0.106885  -0.110258  -0.110307  0.993573  -0.025397  0.106835  0.037258  0.993578  0.001504  -0.004749  -0.000972  -0.174956  -0.036571  0.103686  2.000000  
121.946939 0.005333  0.090084  -0.021544  0.988139  0.106858  -0.110284  -0.110307  0.993567  -0.025638  0.106835  0.037499  0.993569  0.001674  -0.004512  -0.001152  -0.181944  -0.037330  0.090787  2.000000  
121.948191 0.005337  0.090081  -0.021548  0.988139  0.106832  -0.110310  -0.110307  0.993561  -0.025879  0.106835  0.037740  0.993560  0.001966  -0.004125  -0.001360  -0.185242  -0.037248  0.083235  2.000000  
121.949443 0.005342  0.090077  -0.021551  0.988153  0.106810  -0.110203  -0.110308  0.993554  -0.026134  0.106702  0.037981  0.993565  0.002193  -0.003878  -0.001592  -0.190764  -0.042171  0.069761  2.000000  
121.950690 0.005346  0.090074  -0.021556  0.988139  0.106791  -0.110349  -0.110307  0.993551  -0.026240  0.106835  0.038101  0.993547  0.002479  -0.003552  -0.001809  -0.189008  -0.038257  0.063312  2.000000  
121.951938 0.005351  0.090071  -0.021561  0.988116  0.106969  -0.110380  -0.110510  0.993523  -0.026459  0.106835  0.038342  0.993537  0.002708  -0.003317  -0.002073  -0.191493  -0.037931  0.062797  2.000000  
121.953190 0.005356  0.090069  -0.021566  0.988116  0.106956  -0.110393  -0.110510  0.993520  -0.026579  0.106835  0.038463  0.993533  0.002992  -0.003036  -0.002349  -0.189788  -0.038488  0.056462  2.000000  
121.954193 0.005360  0.090066  -0.021571  0.988116  0.106929  -0.110419  -0.110510  0.993513  -0.026820  0.106835  0.038704  0.993523  0.003171  -0.002877  -0.002614  -0.194645  -0.038732  0.049601  2.000000  
121.955447 0.005366  0.090063  -0.021576  0.988102  0.106910  -0.110564  -0.110508  0.993510  -0.026926  0.106968  0.038824  0.993504  0.003341  -0.002715  -0.002839  -0.190456  -0.034208  0.049417  2.000000  
121.956690 0.005371  0.090061  -0.021582  0.988102  0.106897  -0.110577  -0.110508  0.993507  -0.027046  0.106968  0.038944  0.993500  0.003492  -0.002591  -0.003031  -0.183096  -0.029960  0.042399  2.000000  
121.957692 0.005375  0.090059  -0.021585  0.988079  0.107075  -0.110608  -0.110712  0.993479  -0.027265  0.106968  0.039185  0.993490  0.003649  -0.002465  -0.003215  -0.187152  -0.025455  0.042235  2.000000  
121.958940 0.005381  0.090057  -0.021590  0.988079  0.107048  -0.110634  -0.110712  0.993472  -0.027506  0.106968  0.039426  0.993480  0.003814  -0.002371  -0.003432  -0.187177  -0.020953  0.042081  2.000000  
121.960188 0.005387  0.090055  -0.021595  0.988079  0.107034  -0.110647  -0.110712  0.993469  -0.027626  0.106968  0.039547  0.993476  0.003961  -0.002208  -0.003576  -0.181585  -0.020772  0.041737  2.000000  
121.961190 0.005392  0.090054  -0.021598  0.988065  0.107002  -0.110805  -0.110710  0.993462  -0.027852  0.107101  0.039787  0.993452  0.004077  -0.002100  -0.003713  -0.183823  -0.012201  0.034876  2.000000  
121.962452 0.005398  0.090053  -0.021602  0.988065  0.106975  -0.110831  -0.110710  0.993456  -0.028093  0.107101  0.040028  0.993442  0.004209  -0.001951  -0.003766  -0.183747  -0.007696  0.034696  2.000000  
121.963691 0.005403  0.090052  -0.021605  0.988042  0.107153  -0.110863  -0.110914  0.993427  -0.028311  0.107101  0.040269  0.993432  0.004300  -0.001805  -0.003816  -0.183842  -0.003197  0.034546  2.000000  
121.964936 0.005409  0.090051  -0.021610  0.988042  0.107126  -0.110889  -0.110914  0.993420  -0.028552  0.107101  0.040510  0.993423  0.004386  -0.001683  -0.003796  -0.182340  -0.003162  0.034264  2.000000  
121.965940 0.005414  0.090050  -0.021613  0.988042  0.107113  -0.110902  -0.110914  0.993416  -0.028673  0.107101  0.040631  0.993418  0.004454  -0.001552  -0.003734  -0.183827  0.001310  0.034373  2.000000  
121.966941 0.005418  0.090050  -0.021616  0.988042  0.107099  -0.110915  -0.110914  0.993413  -0.028793  0.107101  0.040751  0.993413  0.004480  -0.001423  -0.003682  -0.178277  0.001305  0.034091  2.000000  
121.968191 0.005424  0.090049  -0.021620  0.988042  0.107072  -0.110941  -0.110914  0.993406  -0.029034  0.107101  0.040992  0.993403  0.004516  -0.001264  -0.003530  -0.179775  0.005819  0.034204  2.000000  
121.969437 0.005429  0.090048  -0.021625  0.988042  0.107059  -0.110954  -0.110914  0.993402  -0.029155  0.107101  0.041113  0.993398  0.004501  -0.001147  -0.003494  -0.174986  0.005513  0.027102  2.000000  
121.970454 0.005432  0.090047  -0.021629  0.988019  0.107250  -0.110973  -0.111117  0.993377  -0.029253  0.107101  0.041233  0.993393  0.004416  -0.001079  -0.003466  -0.171540  0.010320  0.034010  2.000000  
121.971690 0.005437  0.090045  -0.021634  0.988019  0.107236  -0.110986  -0.111117  0.993373  -0.029373  0.107101  0.041354  0.993388  0.004382  -0.001002  -0.003455  -0.166159  0.010246  0.033744  2.000000  
121.972691 0.005440  0.090044  -0.021639  0.988019  0.107223  -0.110999  -0.111117  0.993370  -0.029494  0.107101  0.041474  0.993383  0.004340  -0.000970  -0.003562  0.000000  0.000000  0.000000  2.000000  
121.973940 0.005445  0.090043  -0.021645  0.988019  0.107210  -0.111012  -0.111117  0.993366  -0.029614  0.107101  0.041595  0.993378  0.004220  -0.000934  -0.003709  0.000000  0.000000  0.000000  2.000000  
121.975190 0.005449  0.090041  -0.021651  0.988011  0.107406  -0.110899  -0.111322  0.993340  -0.029727  0.106968  0.041716  0.993387  0.004107  -0.000937  -0.003832  0.000000  0.000000  0.000000  2.000000  
121.976443 0.005453  0.090039  -0.021658  0.988011  0.107393  -0.110912  -0.111322  0.993336  -0.029847  0.106968  0.041836  0.993382  0.003994  -0.001009  -0.004020  0.000000  0.000000  0.000000  2.000000  
121.977689 0.005457  0.090038  -0.021664  0.987988  0.107584  -0.110931  -0.111525  0.993310  -0.029945  0.106968  0.041957  0.993377  0.003885  -0.001024  -0.004157  0.000000  0.000000  0.000000  2.000000  
121.978939 0.005461  0.090036  -0.021671  0.987988  0.107557  -0.110957  -0.111525  0.993303  -0.030186  0.106968  0.042198  0.993367  0.003771  -0.001015  -0.004261  0.000000  0.000000  0.000000  2.000000  
121.980192 0.005465  0.090035  -0.021676  0.987965  0.107748  -0.110977  -0.111729  0.993277  -0.030283  0.106968  0.042318  0.993362  0.003626  -0.001055  -0.004420  0.000000  0.000000  0.000000  2.000000  
121.981438 0.005469  0.090034  -0.021682  0.987965  0.107734  -0.110990  -0.111729  0.993274  -0.030404  0.106968  0.042439  0.993356  0.003526  -0.001071  -0.004513  0.000000  0.000000  0.000000  2.000000  
121.982443 0.005472  0.090034  -0.021686  0.987956  0.107931  -0.110877  -0.111934  0.993247  -0.030516  0.106835  0.042560  0.993366  0.003475  -0.001046  -0.004547  0.000000  0.000000  0.000000  2.000000  
121.983445 0.005475  0.090033  -0.021690  0.987956  0.107918  -0.110890  -0.111934  0.993243  -0.030637  0.106835  0.042680  0.993360  0.003337  -0.001057  -0.004612  0.000000  0.000000  0.000000  2.000000  
121.984451 0.005477  0.090032  -0.021694  0.987933  0.108109  -0.110910  -0.112137  0.993217  -0.030735  0.106835  0.042801  0.993355  0.003248  -0.001033  -0.004680  0.000000  0.000000  0.000000  2.000000  
121.985688 0.005480  0.090032  -0.021701  0.987933  0.108095  -0.110923  -0.112137  0.993214  -0.030855  0.106835  0.042921  0.993350  0.003154  -0.000970  -0.004722  0.000000  0.000000  0.000000  2.000000  
121.986690 0.005483  0.090031  -0.021706  0.987910  0.108286  -0.110942  -0.112341  0.993188  -0.030953  0.106835  0.043042  0.993345  0.003052  -0.000957  -0.004811  0.000000  0.000000  0.000000  2.000000  
121.987938 0.005486  0.090031  -0.021713  0.987887  0.108477  -0.110962  -0.112544  0.993161  -0.031050  0.106835  0.043162  0.993340  0.002995  -0.000871  -0.004836  0.000000  0.000000  0.000000  2.000000  
121.988941 0.005488  0.090030  -0.021718  0.987887  0.108464  -0.110975  -0.112544  0.993158  -0.031171  0.106835  0.043283  0.993334  0.002903  -0.000802  -0.004877  0.000000  0.000000  0.000000  2.000000  
121.990190 0.005491  0.090030  -0.021726  0.987864  0.108668  -0.110981  -0.112747  0.993135  -0.031148  0.106835  0.043283  0.993334  0.002785  -0.000746  -0.004984  0.000000  0.000000  0.000000  2.000000  
121.991445 0.005493  0.090030  -0.021733  0.987855  0.108865  -0.110869  -0.112952  0.993109  -0.031261  0.106702  0.043404  0.993343  0.002671  -0.000625  -0.005045  0.000000  0.000000  0.000000  2.000000  
121.992689 0.005496  0.090030  -0.021742  0.987831  0.109069  -0.110875  -0.113156  0.993086  -0.031238  0.106702  0.043404  0.993343  0.002590  -0.000524  -0.005178  0.000000  0.000000  0.000000  2.000000  
121.993690 0.005498  0.090030  -0.021748  0.987808  0.109260  -0.110895  -0.113359  0.993060  -0.031335  0.106702  0.043524  0.993338  0.002502  -0.000453  -0.005265  0.000000  0.000000  0.000000  2.000000  
121.994693 0.005500  0.090030  -0.021756  0.987785  0.109465  -0.110901  -0.113562  0.993037  -0.031313  0.106702  0.043524  0.993338  0.002440  -0.000411  -0.005494  0.000000  0.000000  0.000000  2.000000  
121.995935 0.005503  0.090029  -0.021765  0.987761  0.109669  -0.110908  -0.113766  0.993015  -0.031290  0.106702  0.043524  0.993338  0.002392  -0.000344  -0.005691  0.000000  0.000000  0.000000  2.000000  
121.996941 0.005506  0.090029  -0.021771  0.987752  0.109866  -0.110796  -0.113971  0.992988  -0.031403  0.106569  0.043645  0.993347  0.002331  -0.000299  -0.005859  0.000000  0.000000  0.000000  2.000000  
121.998186 0.005508  0.090030  -0.021781  0.987728  0.110070  -0.110802  -0.114174  0.992965  -0.031380  0.106569  0.043645  0.993347  0.002272  -0.000235  -0.006142  0.000000  0.000000  0.000000  2.000000  
121.999189 0.005511  0.090030  -0.021787  0.987705  0.110261  -0.110822  -0.114378  0.992939  -0.031477  0.106569  0.043766  0.993342  0.002274  -0.000166  -0.006288  0.000000  0.000000  0.000000  2.000000  
122.000442 0.005514  0.090031  -0.021796  0.987681  0.110466  -0.110828  -0.114581  0.992916  -0.031455  0.106569  0.043766  0.993342  0.002266  -0.000102  -0.006438  0.000000  0.000000  0.000000  2.000000  
122.001444 0.005517  0.090031  -0.021803  0.987672  0.110663  -0.110716  -0.114786  0.992889  -0.031568  0.106436  0.043887  0.993351  0.002300  -0.000009  -0.006563  0.000000  0.000000  0.000000  2.000000  
122.002452 0.005519  0.090032  -0.021809  0.987625  0.111071  -0.110729  -0.115192  0.992843  -0.031522  0.106436  0.043887  0.993351  0.002326  0.000064  -0.006610  0.000000  0.000000  0.000000  2.000000  
122.003699 0.005523  0.090034  -0.021817  0.987601  0.111262  -0.110749  -0.115396  0.992816  -0.031620  0.106436  0.044008  0.993345  0.002385  0.000218  -0.006701  0.000000  0.000000  0.000000  2.000000  
122.004940 0.005527  0.090035  -0.021825  0.987567  0.111677  -0.110630  -0.115804  0.992770  -0.031589  0.106303  0.044008  0.993359  0.002453  0.000355  -0.006718  0.000000  0.000000  0.000000  2.000000  
122.006189 0.005532  0.090037  -0.021833  0.987520  0.112072  -0.110657  -0.116211  0.992720  -0.031664  0.106303  0.044129  0.993354  0.002589  0.000499  -0.006777  0.000000  0.000000  0.000000  2.000000  
122.007445 0.005536  0.090040  -0.021842  0.987510  0.112283  -0.110531  -0.116416  0.992696  -0.031657  0.106169  0.044129  0.993368  0.002710  0.000690  -0.006758  0.000000  0.000000  0.000000  2.000000  
122.008691 0.005540  0.090042  -0.021851  0.987462  0.112678  -0.110558  -0.116822  0.992646  -0.031732  0.106169  0.044250  0.993363  0.002829  0.000864  -0.006788  -0.050135  -0.019181  0.179889  2.000000  
122.009938 0.005545  0.090045  -0.021859  0.987428  0.113093  -0.110439  -0.117231  0.992599  -0.031702  0.106036  0.044250  0.993377  0.002961  0.001039  -0.006804  -0.045342  -0.023368  0.186998  2.000000  
122.010939 0.005549  0.090048  -0.021867  0.987393  0.113507  -0.110320  -0.117639  0.992551  -0.031672  0.105903  0.044251  0.993391  0.003088  0.001240  -0.006785  -0.039795  -0.027244  0.200902  2.000000  
122.012297 0.005554  0.090050  -0.021876  0.987359  0.113922  -0.110201  -0.118047  0.992504  -0.031643  0.105770  0.044252  0.993405  0.003244  0.001376  -0.006768  -0.034891  -0.026840  0.207077  2.000000  
122.013447 0.005561  0.090053  -0.021884  0.987324  0.114323  -0.110096  -0.118455  0.992452  -0.031734  0.105637  0.044373  0.993414  0.003448  0.001587  -0.006756  -0.033547  -0.030791  0.221691  2.000000  
122.014452 0.005565  0.090056  -0.021891  0.987275  0.114731  -0.110109  -0.118862  0.992405  -0.031688  0.105637  0.044373  0.993414  0.003616  0.001735  -0.006747  -0.028728  -0.030468  0.228501  2.000000  
122.015688 0.005572  0.090058  -0.021899  0.987254  0.115152  -0.109858  -0.119272  0.992356  -0.031675  0.105371  0.044374  0.993442  0.003800  0.001870  -0.006775  -0.023035  -0.038529  0.240756  2.000000  
122.016691 0.005577  0.090061  -0.021906  0.987219  0.115566  -0.109739  -0.119680  0.992308  -0.031646  0.105238  0.044375  0.993457  0.003988  0.002003  -0.006809  -0.018435  -0.043033  0.249877  2.000000  
122.017935 0.005584  0.090064  -0.021915  0.987184  0.115967  -0.109635  -0.120088  0.992256  -0.031737  0.105105  0.044496  0.993465  0.004181  0.002083  -0.006814  -0.017570  -0.046798  0.254807  2.000000  
122.018939 0.005590  0.090067  -0.021921  0.987148  0.116382  -0.109516  -0.120496  0.992207  -0.031708  0.104972  0.044496  0.993479  0.004366  0.002201  -0.006837  -0.012089  -0.050634  0.268636  2.000000  
122.020197 0.005597  0.090070  -0.021929  0.987088  0.117001  -0.109403  -0.121107  0.992135  -0.031656  0.104839  0.044497  0.993493  0.004658  0.002315  -0.006812  -0.010743  -0.054939  0.284811  2.000000  
122.021446 0.005605  0.090074  -0.021937  0.987065  0.117408  -0.109167  -0.121517  0.992081  -0.031764  0.104573  0.044619  0.993516  0.004868  0.002414  -0.006794  -0.010067  -0.059083  0.291850  2.000000  
122.022447 0.005612  0.090077  -0.021943  0.987029  0.117822  -0.109048  -0.121925  0.992032  -0.031735  0.104440  0.044619  0.993530  0.005083  0.002484  -0.006725  -0.009355  -0.063267  0.298907  2.000000  
122.023690 0.005620  0.090081  -0.021950  0.986968  0.118441  -0.108935  -0.122537  0.991958  -0.031684  0.104307  0.044620  0.993544  0.005311  0.002609  -0.006654  -0.003840  -0.067149  0.312945  2.000000  
122.024693 0.005627  0.090085  -0.021956  0.986945  0.118848  -0.108699  -0.122947  0.991904  -0.031793  0.104041  0.044742  0.993566  0.005523  0.002685  -0.006544  -0.007230  -0.075808  0.320217  2.000000  
122.025942 0.005635  0.090089  -0.021963  0.986896  0.119472  -0.108455  -0.123559  0.991829  -0.031759  0.103774  0.044743  0.993594  0.005776  0.002811  -0.006435  -0.001738  -0.084150  0.334326  2.000000  
122.027190 0.005644  0.090094  -0.021969  0.986847  0.120084  -0.108225  -0.124172  0.991750  -0.031845  0.103508  0.044865  0.993616  0.006003  0.002958  -0.006294  -0.004428  -0.088015  0.348309  2.000000  
122.028445 0.005653  0.090098  -0.021976  0.986798  0.120708  -0.107981  -0.124785  0.991674  -0.031812  0.103242  0.044866  0.993644  0.006146  0.003011  -0.006180  -0.003021  -0.096372  0.362407  2.000000  
122.029687 0.005661  0.090103  -0.021983  0.986761  0.121325  -0.107620  -0.125400  0.991593  -0.031916  0.102843  0.044989  0.993680  0.006346  0.003148  -0.006040  -0.001631  -0.108309  0.373739  2.000000  
122.030689 0.005668  0.090106  -0.021989  0.986711  0.121950  -0.107376  -0.126013  0.991516  -0.031883  0.102577  0.044990  0.993707  0.006449  0.003199  -0.005974  -0.000245  -0.116635  0.387860  2.000000  
122.031940 0.005678  0.090111  -0.021997  0.986700  0.122376  -0.106993  -0.126424  0.991464  -0.031889  0.102177  0.044992  0.993748  0.006660  0.003326  -0.005892  0.003727  -0.126553  0.391458  2.000000  
122.033189 0.005687  0.090116  -0.022003  0.986662  0.122993  -0.106632  -0.127039  0.991382  -0.031994  0.101778  0.045114  0.993784  0.006777  0.003430  -0.005775  0.004370  -0.139687  0.398995  2.000000  
122.034453 0.005696  0.090121  -0.022011  0.986624  0.123623  -0.106256  -0.127654  0.991303  -0.031980  0.101379  0.045116  0.993824  0.006916  0.003502  -0.005725  0.005682  -0.151270  0.409895  2.000000  
122.035688 0.005706  0.090125  -0.022018  0.986585  0.124253  -0.105880  -0.128268  0.991224  -0.031965  0.100979  0.045118  0.993865  0.007017  0.003541  -0.005694  0.006286  -0.159901  0.417193  2.000000  
122.036711 0.005713  0.090129  -0.022023  0.986572  0.124667  -0.105513  -0.128680  0.991167  -0.032094  0.100580  0.045240  0.993900  0.007091  0.003601  -0.005659  0.006251  -0.174518  0.420955  2.000000  
122.037941 0.005723  0.090133  -0.022030  0.986546  0.125303  -0.105005  -0.129296  0.991086  -0.032098  0.100048  0.045243  0.993954  0.007226  0.003630  -0.005634  0.007544  -0.187499  0.435621  2.000000  
122.038941 0.005731  0.090137  -0.022035  0.986506  0.125933  -0.104630  -0.129910  0.991006  -0.032085  0.099648  0.045244  0.993994  0.007278  0.003683  -0.005555  0.012217  -0.196125  0.442873  2.000000  
122.040190 0.005741  0.090142  -0.022041  0.986505  0.126365  -0.104115  -0.130324  0.990951  -0.032111  0.099116  0.045247  0.994047  0.007372  0.003683  -0.005542  0.012002  -0.212343  0.440068  2.000000  
122.041190 0.005748  0.090146  -0.022046  0.986464  0.126982  -0.103755  -0.130938  0.990867  -0.032220  0.098716  0.045369  0.994081  0.007441  0.003714  -0.005460  0.009326  -0.222461  0.457941  2.000000  
122.042194 0.005757  0.090150  -0.022051  0.986462  0.127414  -0.103241  -0.131351  0.990811  -0.032247  0.098184  0.045372  0.994133  0.007547  0.003759  -0.005428  0.009130  -0.234769  0.456290  2.000000  
122.043445 0.005767  0.090155  -0.022057  0.986445  0.128044  -0.102617  -0.131969  0.990724  -0.032392  0.097518  0.045495  0.994193  0.007589  0.003767  -0.005375  0.009619  -0.251447  0.462446  2.000000  
122.044453 0.005775  0.090159  -0.022061  0.986430  0.128470  -0.102235  -0.132380  0.990669  -0.032403  0.097118  0.045497  0.994232  0.007678  0.003811  -0.005292  0.009572  -0.262367  0.466433  2.000000  
122.045482 0.005782  0.090163  -0.022066  0.986412  0.129112  -0.101596  -0.132998  0.990586  -0.032428  0.096452  0.045500  0.994297  0.007716  0.003858  -0.005205  0.010078  -0.279760  0.473703  2.000000  
122.046687 0.005793  0.090169  -0.022071  0.986421  0.129550  -0.100950  -0.133413  0.990528  -0.032476  0.095787  0.045503  0.994361  0.007835  0.003901  -0.005067  0.009827  -0.295707  0.471352  2.000000  
122.047941 0.005803  0.090174  -0.022077  0.986414  0.130186  -0.100195  -0.134032  0.990439  -0.032641  0.094987  0.045627  0.994432  0.007886  0.003954  -0.004988  0.009691  -0.320515  0.476264  2.000000  
122.049189 0.005813  0.090180  -0.022081  0.986394  0.130828  -0.099556  -0.134650  0.990355  -0.032669  0.094321  0.045630  0.994496  0.007959  0.004042  -0.004816  0.010112  -0.335408  0.480021  2.000000  
122.050467 0.005824  0.090186  -0.022086  0.986385  0.131476  -0.098785  -0.135270  0.990269  -0.032716  0.093522  0.045633  0.994571  0.008001  0.004115  -0.004625  0.009939  -0.355919  0.484515  2.000000  
122.051687 0.005835  0.090192  -0.022090  0.986403  0.131920  -0.098007  -0.135686  0.990209  -0.032784  0.092723  0.045637  0.994646  0.008094  0.004211  -0.004490  0.013690  -0.375472  0.481903  2.000000  
122.052687 0.005843  0.090197  -0.022093  0.986381  0.132561  -0.097368  -0.136304  0.990123  -0.032815  0.092057  0.045640  0.994707  0.008147  0.004288  -0.004309  0.014178  -0.392999  0.489573  2.000000  
122.053693 0.005852  0.090202  -0.022097  0.986385  0.132999  -0.096723  -0.136718  0.990065  -0.032866  0.091391  0.045642  0.994769  0.008199  0.004345  -0.004200  0.017471  -0.409959  0.487343  2.000000  
122.054940 0.005862  0.090208  -0.022100  0.986413  0.133449  -0.095813  -0.137136  0.990004  -0.032955  0.090458  0.045646  0.994854  0.008242  0.004451  -0.004026  0.016519  -0.432780  0.481568  2.000000  
122.056190 0.005874  0.090214  -0.022104  0.986412  0.134103  -0.094911  -0.137757  0.989915  -0.033024  0.089525  0.045650  0.994938  0.008344  0.004569  -0.003795  0.016248  -0.455446  0.482834  2.000000  
122.057193 0.005882  0.090219  -0.022106  0.986414  0.134541  -0.094265  -0.138171  0.989856  -0.033078  0.088859  0.045653  0.994997  0.008371  0.004594  -0.003629  0.020131  -0.473150  0.483449  2.000000  
122.058454 0.005894  0.090226  -0.022108  0.986422  0.135201  -0.093231  -0.138794  0.989766  -0.033168  0.087793  0.045657  0.995092  0.008476  0.004763  -0.003337  0.019782  -0.495373  0.484274  2.000000  
122.059690 0.005906  0.090233  -0.022109  0.986429  0.135860  -0.092197  -0.139416  0.989675  -0.033259  0.086726  0.045662  0.995185  0.008612  0.004880  -0.003076  0.023562  -0.522582  0.485841  2.000000  
122.060690 0.005915  0.090239  -0.022110  0.986451  0.136321  -0.091271  -0.139833  0.989617  -0.033232  0.085793  0.045544  0.995271  0.008692  0.005020  -0.002848  0.027361  -0.545082  0.486866  2.000000  
122.061938 0.005927  0.090247  -0.022111  0.986455  0.136981  -0.090237  -0.140456  0.989526  -0.033326  0.084727  0.045549  0.995363  0.008800  0.005171  -0.002512  0.027441  -0.562558  0.490728  2.000000  
122.063189 0.005940  0.090255  -0.022110  0.986457  0.137640  -0.089203  -0.141077  0.989434  -0.033421  0.083660  0.045553  0.995453  0.008974  0.005330  -0.002168  0.031140  -0.584763  0.491775  2.000000  
122.064451 0.005952  0.090264  -0.022110  0.986469  0.138305  -0.088037  -0.141701  0.989341  -0.033536  0.082460  0.045557  0.995553  0.009086  0.005496  -0.001771  0.030769  -0.611536  0.493063  2.000000  
122.065685 0.005965  0.090273  -0.022109  0.986479  0.138981  -0.086854  -0.142324  0.989252  -0.033533  0.081260  0.045441  0.995657  0.009262  0.005720  -0.001464  0.034440  -0.638303  0.494281  2.000000  
122.066694 0.005975  0.090280  -0.022107  0.986506  0.139437  -0.085813  -0.142743  0.989188  -0.033650  0.080193  0.045445  0.995743  0.009381  0.005884  -0.001088  0.038159  -0.660862  0.495602  2.000000  
122.067935 0.005988  0.090290  -0.022105  0.986523  0.140108  -0.084515  -0.143367  0.989093  -0.033789  0.078859  0.045450  0.995849  0.009557  0.006128  -0.000693  0.037710  -0.687355  0.496678  2.000000  
122.068941 0.005999  0.090298  -0.022103  0.986517  0.140777  -0.083464  -0.143989  0.989003  -0.033770  0.077792  0.045333  0.995938  0.009725  0.006354  -0.000335  0.041716  -0.710932  0.501520  2.000000  
122.070199 0.006013  0.090308  -0.022100  0.986510  0.141657  -0.082042  -0.144818  0.988877  -0.033915  0.076325  0.045338  0.996052  0.009878  0.006629  0.000124  0.045921  -0.741899  0.509834  2.000000  
122.071445 0.006027  0.090319  -0.022095  0.986531  0.142344  -0.080595  -0.145443  0.988784  -0.033958  0.074857  0.045222  0.996168  0.010070  0.006880  0.000658  0.049526  -0.773459  0.511322  2.000000  
122.072691 0.006041  0.090330  -0.022091  0.986528  0.143239  -0.079023  -0.146273  0.988660  -0.034006  0.073256  0.045107  0.996293  0.010312  0.007206  0.001076  0.053661  -0.804741  0.519718  2.000000  
122.073941 0.006056  0.090341  -0.022086  0.986513  0.144119  -0.077601  -0.147101  0.988532  -0.034157  0.071788  0.045112  0.996399  0.010509  0.007483  0.001562  0.057835  -0.835791  0.528097  2.000000  
122.075190 0.006072  0.090353  -0.022080  0.986495  0.145008  -0.076161  -0.147929  0.988407  -0.034191  0.070320  0.044996  0.996509  0.010755  0.007774  0.001971  0.062024  -0.859243  0.536799  2.000000  
122.076440 0.006088  0.090365  -0.022074  0.986452  0.146106  -0.074596  -0.148961  0.988250  -0.034232  0.068718  0.044880  0.996626  0.011033  0.008072  0.002458  0.067148  -0.888457  0.558062  2.000000  
122.077442 0.006101  0.090376  -0.022068  0.986450  0.146776  -0.073299  -0.149584  0.988151  -0.034385  0.067383  0.044884  0.996717  0.011236  0.008364  0.002849  0.070698  -0.910787  0.559122  2.000000  
122.078688 0.006117  0.090388  -0.022061  0.986410  0.147878  -0.071602  -0.150616  0.987992  -0.034452  0.065648  0.044768  0.996838  0.011519  0.008657  0.003295  0.075824  -0.945952  0.581504  2.000000  
122.079935 0.006134  0.090402  -0.022053  0.986358  0.148975  -0.070038  -0.151647  0.987832  -0.034501  0.064046  0.044652  0.996948  0.011796  0.008955  0.003782  0.080263  -0.968485  0.598646  2.000000  
122.080936 0.006148  0.090412  -0.022046  0.986316  0.149847  -0.068748  -0.152473  0.987700  -0.034648  0.062710  0.044656  0.997032  0.012067  0.009194  0.004178  0.080245  -0.990490  0.606560  2.000000  
122.081940 0.006163  0.090424  -0.022039  0.986272  0.150728  -0.067440  -0.153298  0.987571  -0.034676  0.061375  0.044538  0.997121  0.012338  0.009469  0.004568  0.085447  -1.016108  0.626191  2.000000  
122.082940 0.006177  0.090436  -0.022030  0.986234  0.151614  -0.066000  -0.154123  0.987441  -0.034727  0.059906  0.044421  0.997215  0.012634  0.009741  0.005029  0.089411  -1.042599  0.634175  2.000000  
122.084185 0.006196  0.090451  -0.022020  0.986144  0.152910  -0.064329  -0.155358  0.987241  -0.034916  0.058170  0.044426  0.997318  0.012986  0.010076  0.005469  0.090056  -1.068812  0.658210  2.000000  
122.085187 0.006212  0.090463  -0.022012  0.986107  0.153801  -0.062758  -0.156184  0.987108  -0.034993  0.056567  0.044309  0.997415  0.013265  0.010323  0.005868  0.094399  -1.099244  0.673173  2.000000  
122.086439 0.006232  0.090478  -0.022000  0.986023  0.155115  -0.060805  -0.157420  0.986907  -0.035112  0.054563  0.044193  0.997532  0.013658  0.010663  0.006340  0.098998  -1.133892  0.695231  2.000000  
122.087446 0.006248  0.090491  -0.021990  0.985946  0.156208  -0.059241  -0.158448  0.986740  -0.035184  0.052959  0.044076  0.997623  0.013977  0.010958  0.006830  0.104524  -1.164702  0.722586  2.000000  
122.088691 0.006268  0.090508  -0.021978  0.985859  0.157520  -0.057176  -0.159684  0.986531  -0.035452  0.050822  0.044081  0.997734  0.014396  0.011310  0.007274  0.104858  -1.195436  0.744911  2.000000  
122.089940 0.006290  0.090525  -0.021965  0.985760  0.158833  -0.055224  -0.160917  0.986326  -0.035584  0.048817  0.043964  0.997840  0.014791  0.011663  0.007796  0.108929  -1.224464  0.767917  2.000000  
122.091190 0.006312  0.090542  -0.021952  0.985661  0.160150  -0.053141  -0.162151  0.986118  -0.035743  0.046679  0.043848  0.997947  0.015196  0.012015  0.008280  0.109570  -1.265832  0.789609  2.000000  
122.092190 0.006329  0.090556  -0.021941  0.985539  0.161450  -0.051453  -0.163382  0.985912  -0.035842  0.044941  0.043730  0.998032  0.015474  0.012203  0.008563  0.114457  -1.291598  0.818407  2.000000  
122.093191 0.006348  0.090571  -0.021930  0.985412  0.162742  -0.049785  -0.164612  0.985699  -0.036064  0.043204  0.043733  0.998109  0.015853  0.012551  0.008967  0.115169  -1.317041  0.847109  2.000000  
122.094455 0.006371  0.090589  -0.021915  0.985268  0.164266  -0.047578  -0.166048  0.985451  -0.036250  0.040931  0.043616  0.998210  0.016240  0.012889  0.009440  0.119506  -1.350955  0.875784  2.000000  
122.095687 0.006394  0.090608  -0.021901  0.985082  0.165993  -0.045379  -0.167685  0.985167  -0.036433  0.038658  0.043499  0.998305  0.016647  0.013183  0.009794  0.120234  -1.386312  0.912375  2.000000  
122.096688 0.006413  0.090623  -0.021888  0.984909  0.167492  -0.043588  -0.169117  0.984913  -0.036684  0.036786  0.043502  0.998376  0.017015  0.013524  0.010201  0.120140  -1.409208  0.940882  2.000000  
122.097688 0.006433  0.090639  -0.021876  0.984770  0.168800  -0.041639  -0.170345  0.984695  -0.036853  0.034781  0.043384  0.998453  0.017323  0.013766  0.010487  0.124886  -1.442164  0.970178  2.000000  
122.098690 0.006452  0.090654  -0.021863  0.984591  0.170305  -0.039718  -0.171776  0.984436  -0.037137  0.032775  0.043387  0.998521  0.017589  0.013979  0.010747  0.120966  -1.472664  0.999339  2.000000  
122.099936 0.006478  0.090675  -0.021847  0.984346  0.172236  -0.037397  -0.173613  0.984105  -0.037362  0.030368  0.043270  0.998602  0.018006  0.014322  0.011145  0.124528  -1.498662  1.033844  2.000000  
