1-Time 2-Px 3-Py 4-Pz 5-R11 6-R21 7-R31 8-R12 9-R22 10-R32 11-R13 12-R23 13-R33 14-Vx 15-Vy 16-Vz 17-Wx 18-Wy 19-Wz 20-state 21-PR11 22-PR21 23-PR31 24-PR12 25-PR22 26-PR32 27-PR13 28-PR23 29-PR33 
13.318513 0.009973  0.095725  -0.017532  0.995614  0.076461  -0.053915  -0.076191  0.997068  0.007046  0.054296  -0.002907  0.998521  0.000344  0.000481  -0.000337  0.000000  0.000000  0.000000  2.000000  
13.319763 0.009975  0.095725  -0.017534  0.995584  0.076667  -0.054180  -0.076395  0.997052  0.007077  0.054563  -0.002907  0.998506  0.000564  0.000401  -0.000456  0.000000  0.000000  0.000000  2.000000  
13.320765 0.009979  0.095725  -0.017535  0.995537  0.077079  -0.054443  -0.076804  0.997021  0.007120  0.054830  -0.002907  0.998491  0.000845  0.000379  -0.000533  0.000000  0.000000  0.000000  2.000000  
13.322014 0.009983  0.095725  -0.017537  0.995491  0.077496  -0.054697  -0.077213  0.996988  0.007284  0.055097  -0.003028  0.998476  0.001180  0.000254  -0.000615  0.000000  0.000000  0.000000  2.000000  
13.323014 0.009987  0.095723  -0.017538  0.995460  0.077703  -0.054962  -0.077417  0.996972  0.007316  0.055364  -0.003028  0.998462  0.001452  0.000153  -0.000696  0.000000  0.000000  0.000000  2.000000  
13.324266 0.009992  0.095722  -0.017540  0.995422  0.077916  -0.055351  -0.077620  0.996955  0.007479  0.055765  -0.003149  0.998439  0.001787  -0.000031  -0.000868  0.000000  0.000000  0.000000  2.000000  
13.325276 0.009997  0.095720  -0.017541  0.995360  0.078335  -0.055871  -0.078027  0.996922  0.007665  0.056299  -0.003270  0.998409  0.002109  -0.000131  -0.000957  0.000000  0.000000  0.000000  2.000000  
13.326511 0.010004  0.095719  -0.017542  0.995266  0.079157  -0.056397  -0.078845  0.996857  0.007753  0.056834  -0.003270  0.998378  0.002561  -0.000221  -0.000960  0.000000  0.000000  0.000000  2.000000  
13.327511 0.010009  0.095717  -0.017543  0.995210  0.079569  -0.056794  -0.079252  0.996824  0.007808  0.057235  -0.003270  0.998355  0.002887  -0.000344  -0.001003  0.000000  0.000000  0.000000  2.000000  
13.328512 0.010014  0.095715  -0.017545  0.995138  0.080193  -0.057179  -0.079865  0.996774  0.007996  0.057635  -0.003391  0.998332  0.003209  -0.000525  -0.001135  0.040598  0.179442  0.145598  2.000000  
13.329764 0.010022  0.095713  -0.017548  0.995065  0.080810  -0.057573  -0.080478  0.996724  0.008064  0.058036  -0.003391  0.998309  0.003617  -0.000677  -0.001256  0.041778  0.188354  0.166329  2.000000  
13.331011 0.010030  0.095713  -0.017552  0.994968  0.081640  -0.058089  -0.081295  0.996656  0.008276  0.058570  -0.003512  0.998277  0.004057  -0.000733  -0.001500  0.043359  0.206239  0.194038  2.000000  
13.332264 0.010038  0.095712  -0.017556  0.994886  0.082257  -0.058616  -0.081907  0.996605  0.008355  0.059105  -0.003511  0.998246  0.004496  -0.000834  -0.001648  0.044582  0.219660  0.214792  2.000000  
13.333516 0.010047  0.095711  -0.017560  0.994786  0.083087  -0.059132  -0.082723  0.996536  0.008569  0.059639  -0.003632  0.998213  0.004978  -0.000909  -0.001815  0.050266  0.237540  0.242482  2.000000  
13.334769 0.010057  0.095711  -0.017565  0.994703  0.083704  -0.059659  -0.083335  0.996484  0.008650  0.060173  -0.003632  0.998181  0.005470  -0.000963  -0.002068  0.051510  0.250921  0.263194  2.000000  
13.336013 0.010068  0.095711  -0.017569  0.994602  0.084534  -0.060174  -0.084151  0.996414  0.008865  0.060707  -0.003753  0.998149  0.005916  -0.000921  -0.002251  0.057280  0.264472  0.291055  2.000000  
13.337014 0.010077  0.095711  -0.017572  0.994517  0.085151  -0.060700  -0.084763  0.996361  0.008947  0.061241  -0.003753  0.998116  0.006313  -0.000882  -0.002364  0.058539  0.277793  0.311700  2.000000  
13.338276 0.010088  0.095709  -0.017574  0.994424  0.085776  -0.061350  -0.085374  0.996307  0.009163  0.061909  -0.003874  0.998074  0.006720  -0.000896  -0.002388  0.063907  0.295568  0.332349  2.000000  
13.339513 0.010101  0.095707  -0.017577  0.994338  0.086401  -0.061866  -0.085985  0.996252  0.009368  0.062443  -0.003995  0.998041  0.007170  -0.000950  -0.002456  0.064842  0.309082  0.346363  2.000000  
13.340766 0.010114  0.095704  -0.017578  0.994225  0.087224  -0.062523  -0.086800  0.996181  0.009477  0.063111  -0.003995  0.997999  0.007694  -0.001060  -0.002491  0.066589  0.326958  0.374022  2.000000  
13.342012 0.010128  0.095700  -0.017579  0.994137  0.087842  -0.063049  -0.087411  0.996126  0.009562  0.063645  -0.003995  0.997965  0.008087  -0.001205  -0.002433  0.067536  0.340457  0.387938  2.000000  
13.343261 0.010141  0.095695  -0.017580  0.994067  0.088262  -0.063567  -0.087817  0.996089  0.009756  0.064179  -0.004116  0.997930  0.008518  -0.001395  -0.002390  0.072547  0.353828  0.401755  2.000000  
13.344514 0.010155  0.095689  -0.017581  0.993970  0.088880  -0.064226  -0.088428  0.996034  0.009854  0.064847  -0.004115  0.997887  0.009017  -0.001629  -0.002213  0.069862  0.371715  0.422546  2.000000  
13.345762 0.010170  0.095684  -0.017582  0.993880  0.089497  -0.064752  -0.089038  0.995979  0.009941  0.065381  -0.004115  0.997852  0.009495  -0.001933  -0.002033  0.070836  0.385196  0.436443  2.000000  
13.347009 0.010186  0.095679  -0.017582  0.993781  0.090115  -0.065410  -0.089648  0.995923  0.010041  0.066048  -0.004115  0.997808  0.009968  -0.002290  -0.001815  0.072301  0.398694  0.457288  2.000000  
13.348011 0.010199  0.095674  -0.017582  0.993736  0.090322  -0.065807  -0.089850  0.995904  0.010091  0.066449  -0.004115  0.997781  0.010418  -0.002535  -0.001541  0.068764  0.407639  0.464247  2.000000  
13.349265 0.010214  0.095669  -0.017581  0.993663  0.090734  -0.066335  -0.090256  0.995867  0.010166  0.066983  -0.004115  0.997746  0.010786  -0.002819  -0.001209  0.069179  0.417580  0.474124  2.000000  
13.350269 0.010228  0.095665  -0.017581  0.993618  0.090940  -0.066731  -0.090458  0.995848  0.010216  0.067383  -0.004115  0.997719  0.011126  -0.003046  -0.000909  0.069483  0.425522  0.471107  2.000000  
13.351516 0.010245  0.095660  -0.017580  0.993545  0.091353  -0.067259  -0.090864  0.995810  0.010292  0.067917  -0.004115  0.997682  0.011518  -0.003485  -0.000568  0.065205  0.430041  0.464258  2.000000  
13.352763 0.010261  0.095654  -0.017578  0.993480  0.091764  -0.067654  -0.091271  0.995772  0.010357  0.068318  -0.004114  0.997655  0.011791  -0.003783  -0.000302  0.065251  0.430971  0.467331  2.000000  
13.353764 0.010273  0.095648  -0.017577  0.993443  0.091970  -0.067917  -0.091474  0.995753  0.010395  0.068585  -0.004114  0.997637  0.011968  -0.004024  -0.000118  0.061329  0.430921  0.467326  2.000000  
13.354764 0.010285  0.095643  -0.017575  0.993397  0.092177  -0.068314  -0.091676  0.995734  0.010446  0.068985  -0.004114  0.997609  0.012163  -0.004230  0.000207  0.061629  0.430053  0.464297  2.000000  
13.356014 0.010300  0.095636  -0.017572  0.993350  0.092384  -0.068710  -0.091878  0.995715  0.010497  0.069386  -0.004114  0.997581  0.012255  -0.004527  0.000430  0.056853  0.426677  0.453818  2.000000  
13.357266 0.010315  0.095628  -0.017569  0.993303  0.092582  -0.069118  -0.092079  0.995697  0.010427  0.069786  -0.003993  0.997554  0.012302  -0.004766  0.000662  0.051689  0.422123  0.433006  2.000000  
13.358514 0.010328  0.095618  -0.017565  0.993266  0.092788  -0.069382  -0.092282  0.995678  0.010466  0.070053  -0.003993  0.997535  0.012313  -0.005031  0.000959  0.046920  0.412208  0.415868  2.000000  
13.359761 0.010342  0.095610  -0.017560  0.993219  0.092995  -0.069778  -0.092484  0.995659  0.010518  0.070453  -0.003993  0.997507  0.012263  -0.005238  0.001394  0.046232  0.413314  0.405618  2.000000  
13.360770 0.010353  0.095603  -0.017555  0.993181  0.093201  -0.070042  -0.092687  0.995639  0.010557  0.070720  -0.003993  0.997488  0.012137  -0.005464  0.001800  0.041348  0.407676  0.388127  2.000000  
13.362011 0.010366  0.095594  -0.017549  0.993162  0.093193  -0.070319  -0.092685  0.995641  0.010461  0.070987  -0.003872  0.997470  0.011982  -0.005656  0.002255  0.036092  0.398954  0.367505  2.000000  
13.363266 0.010379  0.095585  -0.017543  0.993133  0.093195  -0.070718  -0.092682  0.995640  0.010498  0.071388  -0.003872  0.997441  0.011786  -0.005870  0.002645  0.030370  0.394502  0.339847  2.000000  
13.364511 0.010391  0.095576  -0.017536  0.993095  0.093401  -0.070981  -0.092885  0.995621  0.010537  0.071655  -0.003872  0.997422  0.011530  -0.006143  0.003035  0.029328  0.386848  0.323330  2.000000  
13.365511 0.010401  0.095570  -0.017530  0.993066  0.093598  -0.071123  -0.093089  0.995603  0.010444  0.071788  -0.003750  0.997413  0.011333  -0.006303  0.003361  0.020440  0.373520  0.309577  2.000000  
13.366763 0.010413  0.095560  -0.017524  0.993047  0.093599  -0.071389  -0.093087  0.995603  0.010469  0.072055  -0.003750  0.997394  0.010925  -0.006588  0.003749  0.019192  0.364652  0.288972  2.000000  
13.367767 0.010421  0.095553  -0.017519  0.993028  0.093591  -0.071666  -0.093085  0.995604  0.010373  0.072322  -0.003629  0.997375  0.010600  -0.006764  0.003994  0.009940  0.354247  0.270584  2.000000  
13.369014 0.010431  0.095543  -0.017513  0.993018  0.093591  -0.071799  -0.093084  0.995604  0.010385  0.072455  -0.003629  0.997365  0.010289  -0.006951  0.004245  0.008561  0.338028  0.247759  2.000000  
13.370014 0.010438  0.095535  -0.017508  0.992990  0.093797  -0.071930  -0.093288  0.995585  0.010412  0.072589  -0.003629  0.997355  0.009956  -0.007105  0.004483  0.003655  0.329193  0.234081  2.000000  
13.371014 0.010445  0.095527  -0.017504  0.992980  0.093789  -0.072074  -0.093287  0.995586  0.010304  0.072722  -0.003508  0.997346  0.009601  -0.007283  0.004615  -0.001724  0.318495  0.215215  2.000000  
13.372265 0.010453  0.095516  -0.017497  0.992970  0.093789  -0.072207  -0.093286  0.995586  0.010317  0.072856  -0.003508  0.997336  0.009218  -0.007437  0.004807  -0.003046  0.302581  0.192855  2.000000  
13.373513 0.010461  0.095506  -0.017491  0.992941  0.093994  -0.072338  -0.093489  0.995567  0.010344  0.072989  -0.003508  0.997327  0.008817  -0.007516  0.004985  -0.007496  0.289204  0.185964  2.000000  
13.374513 0.010466  0.095496  -0.017486  0.992932  0.093995  -0.072470  -0.093488  0.995566  0.010357  0.073123  -0.003508  0.997317  0.008390  -0.007688  0.005034  -0.008381  0.275870  0.172212  2.000000  
13.375761 0.010473  0.095486  -0.017478  0.992922  0.093995  -0.072603  -0.093488  0.995566  0.010369  0.073256  -0.003508  0.997307  0.008031  -0.007794  0.005127  -0.009751  0.262562  0.151615  2.000000  
13.376864 0.010479  0.095477  -0.017473  0.992922  0.093987  -0.072615  -0.093488  0.995568  0.010248  0.073256  -0.003387  0.997307  0.007618  -0.007860  0.005104  -0.015250  0.241498  0.131601  2.000000  
13.378018 0.010487  0.095467  -0.017466  0.992912  0.093987  -0.072747  -0.093487  0.995568  0.010261  0.073389  -0.003387  0.997298  0.007305  -0.008027  0.005211  -0.016225  0.228856  0.118178  2.000000  
13.379265 0.010494  0.095456  -0.017459  0.992902  0.093987  -0.072880  -0.093486  0.995568  0.010273  0.073523  -0.003387  0.997288  0.006960  -0.008143  0.005204  -0.016546  0.218126  0.110349  2.000000  
13.380269 0.010500  0.095448  -0.017454  0.992902  0.093987  -0.072880  -0.093486  0.995568  0.010273  0.073523  -0.003387  0.997288  0.006715  -0.008191  0.005219  -0.017629  0.201991  0.097386  2.000000  
13.381511 0.010507  0.095438  -0.017447  0.992892  0.093988  -0.073013  -0.093485  0.995568  0.010286  0.073656  -0.003387  0.997278  0.006431  -0.008296  0.005208  -0.017947  0.191475  0.089723  2.000000  
13.382513 0.010514  0.095429  -0.017441  0.992892  0.093979  -0.073025  -0.093485  0.995569  0.010165  0.073656  -0.003266  0.997278  0.006306  -0.008386  0.005259  -0.023136  0.179611  0.076592  2.000000  
13.383514 0.010520  0.095421  -0.017436  0.992892  0.093979  -0.073025  -0.093485  0.995569  0.010165  0.073656  -0.003266  0.997278  0.006210  -0.008404  0.005291  -0.023618  0.170638  0.069654  2.000000  
13.384517 0.010527  0.095413  -0.017430  0.992892  0.093979  -0.073025  -0.093485  0.995569  0.010165  0.073656  -0.003266  0.997278  0.006146  -0.008425  0.005388  0.000000  0.000000  0.000000  2.000000  
13.385519 0.010533  0.095404  -0.017424  0.992892  0.093970  -0.073036  -0.093485  0.995570  0.010044  0.073656  -0.003145  0.997279  0.006094  -0.008452  0.005447  0.000000  0.000000  0.000000  2.000000  
13.386764 0.010542  0.095394  -0.017418  0.992892  0.093970  -0.073036  -0.093485  0.995570  0.010044  0.073656  -0.003145  0.997279  0.006127  -0.008428  0.005471  0.000000  0.000000  0.000000  2.000000  
13.387764 0.010549  0.095386  -0.017413  0.992892  0.093970  -0.073036  -0.093485  0.995570  0.010044  0.073656  -0.003145  0.997279  0.006179  -0.008406  0.005415  0.000000  0.000000  0.000000  2.000000  
13.389013 0.010558  0.095375  -0.017407  0.992892  0.093961  -0.073047  -0.093485  0.995571  0.009924  0.073656  -0.003024  0.997279  0.006339  -0.008410  0.005390  0.000000  0.000000  0.000000  2.000000  
13.390014 0.010566  0.095367  -0.017402  0.992892  0.093961  -0.073047  -0.093485  0.995571  0.009924  0.073656  -0.003024  0.997279  0.006491  -0.008392  0.005359  0.000000  0.000000  0.000000  2.000000  
13.391266 0.010577  0.095356  -0.017397  0.992883  0.093962  -0.073180  -0.093484  0.995571  0.009936  0.073790  -0.003024  0.997269  0.006695  -0.008361  0.005270  0.000000  0.000000  0.000000  2.000000  
13.392515 0.010587  0.095346  -0.017392  0.992902  0.093757  -0.073182  -0.093279  0.995591  0.009921  0.073790  -0.003024  0.997269  0.006930  -0.008370  0.005158  0.000000  0.000000  0.000000  2.000000  
13.393516 0.010597  0.095338  -0.017387  0.992902  0.093757  -0.073182  -0.093279  0.995591  0.009921  0.073790  -0.003024  0.997269  0.007168  -0.008315  0.005093  0.000000  0.000000  0.000000  2.000000  
13.394768 0.010608  0.095328  -0.017380  0.992902  0.093757  -0.073182  -0.093279  0.995591  0.009921  0.073790  -0.003024  0.997269  0.007449  -0.008282  0.005108  0.000000  0.000000  0.000000  2.000000  
13.396015 0.010621  0.095318  -0.017373  0.992902  0.093757  -0.073182  -0.093279  0.995591  0.009921  0.073790  -0.003024  0.997269  0.007800  -0.008281  0.005126  0.000000  0.000000  0.000000  2.000000  
13.397262 0.010634  0.095308  -0.017366  0.992921  0.093552  -0.073184  -0.093075  0.995610  0.009906  0.073790  -0.003024  0.997269  0.008148  -0.008238  0.005114  0.000000  0.000000  0.000000  2.000000  
13.398267 0.010645  0.095300  -0.017361  0.992911  0.093552  -0.073317  -0.093074  0.995610  0.009918  0.073923  -0.003024  0.997259  0.008431  -0.008200  0.005062  0.000000  0.000000  0.000000  2.000000  
13.399512 0.010658  0.095290  -0.017355  0.992911  0.093552  -0.073317  -0.093074  0.995610  0.009918  0.073923  -0.003024  0.997259  0.008770  -0.008159  0.005051  0.000000  0.000000  0.000000  2.000000  
13.400515 0.010670  0.095283  -0.017349  0.992911  0.093543  -0.073329  -0.093074  0.995611  0.009798  0.073923  -0.002903  0.997260  0.009090  -0.008103  0.005049  0.000000  0.000000  0.000000  2.000000  
13.401519 0.010681  0.095275  -0.017344  0.992911  0.093543  -0.073329  -0.093074  0.995611  0.009798  0.073923  -0.002903  0.997260  0.009449  -0.008086  0.004995  0.000000  0.000000  0.000000  2.000000  
13.402763 0.010696  0.095265  -0.017337  0.992901  0.093544  -0.073461  -0.093073  0.995611  0.009810  0.074057  -0.002903  0.997250  0.009833  -0.008014  0.005074  0.000000  0.000000  0.000000  2.000000  
13.404013 0.010712  0.095256  -0.017331  0.992901  0.093544  -0.073461  -0.093073  0.995611  0.009810  0.074057  -0.002903  0.997250  0.010266  -0.007904  0.005105  0.000000  0.000000  0.000000  2.000000  
13.405013 0.010724  0.095248  -0.017326  0.992901  0.093544  -0.073461  -0.093073  0.995611  0.009810  0.074057  -0.002903  0.997250  0.010546  -0.007875  0.005121  0.000000  0.000000  0.000000  2.000000  
13.406014 0.010737  0.095241  -0.017320  0.992891  0.093544  -0.073594  -0.093072  0.995611  0.009823  0.074190  -0.002903  0.997240  0.010835  -0.007790  0.005188  0.000000  0.000000  0.000000  2.000000  
13.407266 0.010754  0.095232  -0.017314  0.992891  0.093544  -0.073594  -0.093072  0.995611  0.009823  0.074190  -0.002903  0.997240  0.011272  -0.007713  0.005262  0.000000  0.000000  0.000000  2.000000  
13.408512 0.010770  0.095222  -0.017308  0.992882  0.093544  -0.073727  -0.093071  0.995611  0.009835  0.074323  -0.002903  0.997230  0.011585  -0.007730  0.005265  0.000000  0.000000  0.000000  2.000000  
13.409517 0.010784  0.095214  -0.017303  0.992862  0.093749  -0.073725  -0.093276  0.995592  0.009850  0.074323  -0.002903  0.997230  0.011897  -0.007715  0.005196  0.000000  0.000000  0.000000  2.000000  
13.410770 0.010801  0.095204  -0.017297  0.992852  0.093759  -0.073846  -0.093275  0.995590  0.009983  0.074457  -0.003024  0.997220  0.012167  -0.007717  0.005111  0.000000  0.000000  0.000000  2.000000  
13.412009 0.010817  0.095194  -0.017292  0.992843  0.093759  -0.073979  -0.093274  0.995590  0.009996  0.074590  -0.003024  0.997210  0.012408  -0.007771  0.005030  0.000000  0.000000  0.000000  2.000000  
13.413011 0.010831  0.095185  -0.017288  0.992833  0.093760  -0.074112  -0.093273  0.995590  0.010008  0.074724  -0.003024  0.997200  0.012656  -0.007789  0.004948  0.000000  0.000000  0.000000  2.000000  
13.414267 0.010848  0.095174  -0.017284  0.992813  0.093965  -0.074110  -0.093477  0.995571  0.010024  0.074724  -0.003024  0.997200  0.012871  -0.007850  0.004780  0.000000  0.000000  0.000000  2.000000  
13.415274 0.010862  0.095166  -0.017280  0.992803  0.093965  -0.074243  -0.093476  0.995571  0.010036  0.074857  -0.003024  0.997190  0.013017  -0.007909  0.004686  0.000000  0.000000  0.000000  2.000000  
13.416515 0.010879  0.095155  -0.017275  0.992774  0.094170  -0.074374  -0.093680  0.995552  0.010064  0.074991  -0.003024  0.997180  0.013177  -0.007993  0.004578  0.000000  0.000000  0.000000  2.000000  
13.417517 0.010893  0.095146  -0.017272  0.992764  0.094171  -0.074507  -0.093679  0.995551  0.010076  0.075124  -0.003024  0.997170  0.013324  -0.008068  0.004412  0.000000  0.000000  0.000000  2.000000  
13.418521 0.010907  0.095138  -0.017268  0.992754  0.094171  -0.074639  -0.093678  0.995551  0.010089  0.075257  -0.003024  0.997160  0.013429  -0.008130  0.004304  0.000000  0.000000  0.000000  2.000000  
13.419763 0.010924  0.095127  -0.017265  0.992715  0.094377  -0.074903  -0.093880  0.995532  0.010129  0.075524  -0.003024  0.997139  0.013528  -0.008268  0.004105  0.000000  0.000000  0.000000  2.000000  
13.420767 0.010938  0.095117  -0.017262  0.992705  0.094377  -0.075036  -0.093879  0.995532  0.010142  0.075658  -0.003024  0.997129  0.013611  -0.008405  0.003928  0.000000  0.000000  0.000000  2.000000  
13.422014 0.010955  0.095106  -0.017259  0.992675  0.094583  -0.075166  -0.094083  0.995512  0.010170  0.075791  -0.003024  0.997119  0.013685  -0.008536  0.003703  0.000000  0.000000  0.000000  2.000000  
13.423266 0.010972  0.095093  -0.017257  0.992665  0.094583  -0.075299  -0.094082  0.995512  0.010183  0.075925  -0.003024  0.997109  0.013686  -0.008717  0.003431  0.000000  0.000000  0.000000  2.000000  
13.424266 0.010986  0.095084  -0.017256  0.992636  0.094788  -0.075430  -0.094285  0.995493  0.010211  0.076058  -0.003024  0.997099  0.013705  -0.008847  0.003213  0.000000  0.000000  0.000000  2.000000  
13.425278 0.010999  0.095073  -0.017255  0.992615  0.094789  -0.075696  -0.094283  0.995493  0.010236  0.076325  -0.003024  0.997078  0.013675  -0.008993  0.002970  0.000000  0.000000  0.000000  2.000000  
13.426513 0.011015  0.095060  -0.017253  0.992586  0.094995  -0.075826  -0.094487  0.995473  0.010264  0.076458  -0.003024  0.997068  0.013664  -0.009180  0.002760  0.000000  0.000000  0.000000  2.000000  
13.427523 0.011029  0.095050  -0.017252  0.992576  0.094995  -0.075959  -0.094486  0.995473  0.010277  0.076592  -0.003024  0.997058  0.013636  -0.009328  0.002578  0.000000  0.000000  0.000000  2.000000  
13.428761 0.011045  0.095036  -0.017251  0.992555  0.094996  -0.076225  -0.094484  0.995473  0.010302  0.076858  -0.003023  0.997037  0.013588  -0.009494  0.002309  0.000000  0.000000  0.000000  2.000000  
13.430012 0.011060  0.095022  -0.017249  0.992525  0.095201  -0.076355  -0.094687  0.995453  0.010331  0.076992  -0.003023  0.997027  0.013485  -0.009717  0.002144  0.000000  0.000000  0.000000  2.000000  
13.431259 0.011077  0.095008  -0.017248  0.992485  0.095407  -0.076619  -0.094890  0.995434  0.010372  0.077259  -0.003023  0.997007  0.013438  -0.009922  0.001934  0.000000  0.000000  0.000000  2.000000  
13.432264 0.011089  0.094997  -0.017246  0.992475  0.095407  -0.076752  -0.094889  0.995434  0.010384  0.077392  -0.003023  0.996996  0.013354  -0.010074  0.001784  0.000000  0.000000  0.000000  2.000000  
13.433265 0.011102  0.094986  -0.017246  0.992454  0.095408  -0.077017  -0.094887  0.995434  0.010410  0.077659  -0.003023  0.996975  0.013292  -0.010255  0.001604  0.000000  0.000000  0.000000  2.000000  
13.434282 0.011115  0.094974  -0.017245  0.992424  0.095613  -0.077148  -0.095090  0.995414  0.010438  0.077792  -0.003023  0.996965  0.013115  -0.010462  0.001406  0.000000  0.000000  0.000000  2.000000  
13.435512 0.011130  0.094960  -0.017244  0.992404  0.095614  -0.077413  -0.095088  0.995414  0.010464  0.078059  -0.003023  0.996944  0.013046  -0.010627  0.001308  0.000000  0.000000  0.000000  2.000000  
13.436513 0.011143  0.094949  -0.017243  0.992374  0.095819  -0.077544  -0.095291  0.995394  0.010492  0.078192  -0.003023  0.996934  0.013007  -0.010797  0.001196  0.000000  0.000000  0.000000  2.000000  
13.437519 0.011156  0.094937  -0.017242  0.992353  0.095820  -0.077810  -0.095289  0.995394  0.010518  0.078459  -0.003023  0.996913  0.012876  -0.010941  0.001106  0.000000  0.000000  0.000000  2.000000  
13.438763 0.011171  0.094922  -0.017240  0.992312  0.096017  -0.078085  -0.095492  0.995376  0.010439  0.078726  -0.002902  0.996892  0.012799  -0.011112  0.001059  0.000000  0.000000  0.000000  2.000000  
13.439764 0.011184  0.094910  -0.017239  0.992302  0.096017  -0.078217  -0.095491  0.995375  0.010452  0.078859  -0.002902  0.996882  0.012758  -0.011247  0.001084  0.000000  0.000000  0.000000  2.000000  
13.440767 0.011196  0.094898  -0.017237  0.992291  0.096017  -0.078350  -0.095490  0.995375  0.010464  0.078993  -0.002902  0.996871  0.012645  -0.011392  0.001101  0.000000  0.000000  0.000000  2.000000  
13.442017 0.011211  0.094882  -0.017235  0.992250  0.096223  -0.078614  -0.095692  0.995356  0.010506  0.079259  -0.002902  0.996850  0.012597  -0.011531  0.001166  0.000000  0.000000  0.000000  2.000000  
13.443262 0.011226  0.094866  -0.017232  0.992229  0.096224  -0.078879  -0.095690  0.995355  0.010532  0.079526  -0.002902  0.996829  0.012540  -0.011682  0.001226  0.000000  0.000000  0.000000  2.000000  
13.444264 0.011238  0.094854  -0.017231  0.992199  0.096429  -0.079010  -0.095893  0.995336  0.010561  0.079660  -0.002902  0.996818  0.012502  -0.011793  0.001289  0.000000  0.000000  0.000000  2.000000  
13.445276 0.011251  0.094841  -0.017228  0.992178  0.096430  -0.079275  -0.095891  0.995336  0.010586  0.079926  -0.002902  0.996797  0.012448  -0.011851  0.001364  0.000000  0.000000  0.000000  2.000000  
13.446531 0.011266  0.094825  -0.017226  0.992156  0.096421  -0.079552  -0.095889  0.995337  0.010491  0.080193  -0.002781  0.996775  0.012402  -0.012007  0.001438  -0.002242  0.170571  0.076339  2.000000  
13.447761 0.011282  0.094810  -0.017223  0.992126  0.096626  -0.079683  -0.096092  0.995317  0.010521  0.080326  -0.002781  0.996765  0.012419  -0.012076  0.001539  -0.001681  0.169264  0.082604  2.000000  
13.449009 0.011298  0.094795  -0.017219  0.992105  0.096627  -0.079948  -0.096090  0.995317  0.010546  0.080593  -0.002781  0.996743  0.012402  -0.012140  0.001704  -0.001664  0.173713  0.082611  2.000000  
13.450009 0.011310  0.094783  -0.017216  0.992074  0.096832  -0.080079  -0.096293  0.995297  0.010576  0.080726  -0.002781  0.996732  0.012378  -0.012182  0.001879  -0.001653  0.173744  0.082624  2.000000  
13.451018 0.011323  0.094771  -0.017213  0.992063  0.096833  -0.080212  -0.096292  0.995297  0.010588  0.080860  -0.002781  0.996722  0.012380  -0.012248  0.002043  -0.001656  0.175146  0.083290  2.000000  
13.452267 0.011339  0.094756  -0.017208  0.992022  0.097038  -0.080475  -0.096494  0.995277  0.010631  0.081127  -0.002781  0.996700  0.012426  -0.012267  0.002313  -0.001633  0.175141  0.083286  2.000000  
13.453516 0.011354  0.094741  -0.017203  0.992011  0.097029  -0.080620  -0.096493  0.995278  0.010523  0.081260  -0.002660  0.996689  0.012434  -0.012284  0.002512  -0.005700  0.175164  0.083283  2.000000  
13.454763 0.011370  0.094725  -0.017198  0.991969  0.097234  -0.080883  -0.096695  0.995258  0.010565  0.081527  -0.002660  0.996668  0.012429  -0.012306  0.002721  -0.005636  0.178173  0.082605  2.000000  
13.455766 0.011383  0.094713  -0.017194  0.991959  0.097235  -0.081016  -0.096694  0.995258  0.010578  0.081660  -0.002660  0.996657  0.012481  -0.012299  0.002900  -0.005671  0.179642  0.083285  2.000000  
13.457014 0.011398  0.094698  -0.017189  0.991928  0.097440  -0.081146  -0.096897  0.995238  0.010608  0.081793  -0.002660  0.996646  0.012483  -0.012296  0.003089  -0.005656  0.175168  0.083282  2.000000  
13.458275 0.011414  0.094682  -0.017183  0.991917  0.097440  -0.081279  -0.096896  0.995238  0.010621  0.081927  -0.002660  0.996635  0.012469  -0.012250  0.003305  -0.005642  0.175098  0.083247  2.000000  
13.459509 0.011429  0.094667  -0.017178  0.991875  0.097646  -0.081542  -0.097098  0.995218  0.010664  0.082193  -0.002660  0.996613  0.012506  -0.012233  0.003478  -0.005580  0.173836  0.082646  2.000000  
13.460514 0.011441  0.094655  -0.017174  0.991875  0.097646  -0.081542  -0.097098  0.995218  0.010664  0.082193  -0.002660  0.996613  0.012492  -0.012227  0.003602  -0.005616  0.170646  0.083254  2.000000  
13.461761 0.011457  0.094640  -0.017168  0.991833  0.097852  -0.081805  -0.097300  0.995197  0.010707  0.082460  -0.002659  0.996591  0.012511  -0.012165  0.003806  -0.005594  0.170653  0.083255  2.000000  
13.463014 0.011472  0.094625  -0.017163  0.991822  0.097852  -0.081938  -0.097299  0.995197  0.010720  0.082593  -0.002659  0.996580  0.012483  -0.012116  0.003929  0.000000  0.000000  0.000000  2.000000  
13.464265 0.011487  0.094611  -0.017157  0.991791  0.098057  -0.082068  -0.097503  0.995177  0.010750  0.082727  -0.002659  0.996569  0.012437  -0.012077  0.004131  0.000000  0.000000  0.000000  2.000000  
13.465275 0.011500  0.094599  -0.017153  0.991771  0.098262  -0.082066  -0.097707  0.995157  0.010766  0.082727  -0.002659  0.996569  0.012459  -0.012075  0.004185  0.000000  0.000000  0.000000  2.000000  
13.466511 0.011515  0.094585  -0.017147  0.991760  0.098262  -0.082199  -0.097706  0.995157  0.010779  0.082860  -0.002659  0.996558  0.012395  -0.012011  0.004283  0.000000  0.000000  0.000000  2.000000  
13.467521 0.011527  0.094573  -0.017142  0.991729  0.098468  -0.082329  -0.097909  0.995137  0.010809  0.082993  -0.002659  0.996547  0.012329  -0.011972  0.004339  0.000000  0.000000  0.000000  2.000000  
13.468764 0.011542  0.094558  -0.017137  0.991698  0.098673  -0.082460  -0.098112  0.995116  0.010840  0.083127  -0.002659  0.996535  0.012252  -0.011967  0.004366  0.000000  0.000000  0.000000  2.000000  
13.469764 0.011553  0.094546  -0.017132  0.991686  0.098673  -0.082593  -0.098111  0.995116  0.010853  0.083260  -0.002659  0.996524  0.012200  -0.011936  0.004386  0.000000  0.000000  0.000000  2.000000  
13.471013 0.011568  0.094532  -0.017127  0.991655  0.098878  -0.082723  -0.098314  0.995096  0.010883  0.083393  -0.002659  0.996513  0.012154  -0.011886  0.004428  0.000000  0.000000  0.000000  2.000000  
13.472014 0.011579  0.094520  -0.017123  0.991635  0.099083  -0.082721  -0.098518  0.995076  0.010900  0.083393  -0.002659  0.996513  0.012034  -0.011852  0.004394  0.000000  0.000000  0.000000  2.000000  
13.473266 0.011593  0.094505  -0.017117  0.991624  0.099084  -0.082853  -0.098517  0.995076  0.010913  0.083527  -0.002659  0.996502  0.011969  -0.011814  0.004390  0.000000  0.000000  0.000000  2.000000  
13.474278 0.011604  0.094494  -0.017113  0.991592  0.099289  -0.082984  -0.098720  0.995055  0.010943  0.083660  -0.002659  0.996491  0.011885  -0.011736  0.004395  0.000000  0.000000  0.000000  2.000000  
13.475516 0.011618  0.094479  -0.017108  0.991572  0.099494  -0.082982  -0.098924  0.995035  0.010960  0.083660  -0.002659  0.996491  0.011820  -0.011683  0.004387  0.000000  0.000000  0.000000  2.000000  
13.476761 0.011632  0.094465  -0.017103  0.991540  0.099699  -0.083112  -0.099127  0.995014  0.010991  0.083793  -0.002659  0.996480  0.011654  -0.011697  0.004396  0.000000  0.000000  0.000000  2.000000  
13.477840 0.011643  0.094453  -0.017099  0.991529  0.099699  -0.083245  -0.099126  0.995014  0.011004  0.083927  -0.002659  0.996468  0.011517  -0.011635  0.004334  0.000000  0.000000  0.000000  2.000000  
13.479012 0.011656  0.094438  -0.017094  0.991498  0.099904  -0.083375  -0.099329  0.994993  0.011034  0.084060  -0.002659  0.996457  0.011454  -0.011712  0.004268  0.000000  0.000000  0.000000  2.000000  
13.480016 0.011667  0.094426  -0.017090  0.991466  0.100110  -0.083505  -0.099532  0.994973  0.011065  0.084193  -0.002659  0.996446  0.011312  -0.011724  0.004260  0.000000  0.000000  0.000000  2.000000  
13.481264 0.011680  0.094411  -0.017085  0.991466  0.100110  -0.083505  -0.099532  0.994973  0.011065  0.084193  -0.002659  0.996446  0.011189  -0.011748  0.004155  0.000000  0.000000  0.000000  2.000000  
13.482272 0.011690  0.094399  -0.017082  0.991434  0.100315  -0.083636  -0.099735  0.994952  0.011095  0.084327  -0.002659  0.996435  0.011034  -0.011797  0.004066  0.000000  0.000000  0.000000  2.000000  
13.483516 0.011703  0.094385  -0.017078  0.991403  0.100510  -0.083778  -0.099938  0.994933  0.011005  0.084460  -0.002538  0.996424  0.010928  -0.011754  0.003988  0.000000  0.000000  0.000000  2.000000  
13.484767 0.011715  0.094369  -0.017074  0.991391  0.100510  -0.083911  -0.099937  0.994933  0.011019  0.084593  -0.002538  0.996412  0.010773  -0.011798  0.003878  0.000000  0.000000  0.000000  2.000000  
13.486013 0.011727  0.094354  -0.017070  0.991371  0.100715  -0.083909  -0.100141  0.994912  0.011036  0.084593  -0.002538  0.996412  0.010619  -0.011866  0.003817  0.000000  0.000000  0.000000  2.000000  
13.487266 0.011740  0.094339  -0.017065  0.991339  0.100920  -0.084039  -0.100344  0.994891  0.011067  0.084727  -0.002538  0.996401  0.010496  -0.011884  0.003758  0.000000  0.000000  0.000000  2.000000  
13.488268 0.011749  0.094327  -0.017062  0.991327  0.100921  -0.084172  -0.100343  0.994891  0.011080  0.084860  -0.002538  0.996390  0.010378  -0.011940  0.003695  0.000000  0.000000  0.000000  2.000000  
13.489514 0.011761  0.094311  -0.017058  0.991295  0.101126  -0.084302  -0.100546  0.994870  0.011111  0.084993  -0.002538  0.996378  0.010229  -0.012005  0.003592  0.000000  0.000000  0.000000  2.000000  
13.490518 0.011771  0.094299  -0.017056  0.991295  0.101126  -0.084302  -0.100546  0.994870  0.011111  0.084993  -0.002538  0.996378  0.010124  -0.012045  0.003471  0.000000  0.000000  0.000000  2.000000  
13.491518 0.011780  0.094286  -0.017052  0.991263  0.101331  -0.084432  -0.100748  0.994850  0.011142  0.085127  -0.002538  0.996367  0.010018  -0.012107  0.003398  0.000000  0.000000  0.000000  2.000000  
13.492766 0.011791  0.094270  -0.017049  0.991252  0.101331  -0.084565  -0.100747  0.994850  0.011155  0.085260  -0.002538  0.996356  0.009930  -0.012218  0.003344  0.000000  0.000000  0.000000  2.000000  
13.494009 0.011802  0.094255  -0.017045  0.991220  0.101536  -0.084695  -0.100950  0.994829  0.011186  0.085393  -0.002538  0.996344  0.009739  -0.012226  0.003228  0.000000  0.000000  0.000000  2.000000  
13.495014 0.011811  0.094242  -0.017043  0.991209  0.101537  -0.084828  -0.100949  0.994829  0.011200  0.085527  -0.002538  0.996333  0.009636  -0.012289  0.003157  0.000000  0.000000  0.000000  2.000000  
13.496014 0.011820  0.094229  -0.017039  0.991197  0.101527  -0.084973  -0.100948  0.994830  0.011093  0.085660  -0.002417  0.996322  0.009544  -0.012347  0.003113  0.000000  0.000000  0.000000  2.000000  
13.497015 0.011829  0.094215  -0.017037  0.991165  0.101732  -0.085103  -0.101151  0.994809  0.011124  0.085793  -0.002417  0.996310  0.009423  -0.012472  0.003030  0.000000  0.000000  0.000000  2.000000  
13.498261 0.011840  0.094199  -0.017034  0.991154  0.101732  -0.085236  -0.101150  0.994809  0.011137  0.085926  -0.002417  0.996299  0.009298  -0.012556  0.003020  0.000000  0.000000  0.000000  2.000000  
13.499509 0.011851  0.094183  -0.017030  0.991133  0.101937  -0.085234  -0.101354  0.994788  0.011155  0.085926  -0.002417  0.996299  0.009196  -0.012645  0.002998  0.000000  0.000000  0.000000  2.000000  
13.500517 0.011859  0.094170  -0.017028  0.991121  0.101937  -0.085366  -0.101352  0.994788  0.011168  0.086060  -0.002417  0.996287  0.009114  -0.012732  0.002919  0.000000  0.000000  0.000000  2.000000  
13.501519 0.011868  0.094156  -0.017025  0.991110  0.101938  -0.085499  -0.101351  0.994788  0.011182  0.086193  -0.002417  0.996276  0.009009  -0.012795  0.002847  0.000000  0.000000  0.000000  2.000000  
13.502763 0.011878  0.094139  -0.017022  0.991077  0.102132  -0.085642  -0.101554  0.994768  0.011092  0.086326  -0.002296  0.996264  0.008917  -0.012887  0.002764  0.000000  0.000000  0.000000  2.000000  
13.503763 0.011886  0.094126  -0.017020  0.991066  0.102133  -0.085774  -0.101553  0.994768  0.011106  0.086460  -0.002296  0.996253  0.008857  -0.012949  0.002723  0.000000  0.000000  0.000000  2.000000  
13.504763 0.011895  0.094112  -0.017017  0.991066  0.102133  -0.085774  -0.101553  0.994768  0.011106  0.086460  -0.002296  0.996253  0.008766  -0.013064  0.002710  0.000000  0.000000  0.000000  2.000000  
13.505764 0.011903  0.094099  -0.017015  0.991054  0.102133  -0.085907  -0.101552  0.994768  0.011119  0.086593  -0.002296  0.996241  0.008714  -0.013126  0.002629  0.000000  0.000000  0.000000  2.000000  
13.507013 0.011913  0.094082  -0.017013  0.991022  0.102338  -0.086037  -0.101755  0.994747  0.011151  0.086726  -0.002296  0.996230  0.008621  -0.013215  0.002568  0.000000  0.000000  0.000000  2.000000  
13.508266 0.011923  0.094064  -0.017010  0.991010  0.102338  -0.086170  -0.101753  0.994747  0.011164  0.086860  -0.002296  0.996218  0.008522  -0.013314  0.002523  0.000000  0.000000  0.000000  2.000000  
13.509517 0.011934  0.094047  -0.017007  0.990999  0.102339  -0.086302  -0.101752  0.994747  0.011178  0.086993  -0.002296  0.996206  0.008511  -0.013469  0.002503  0.000000  0.000000  0.000000  2.000000  
13.510766 0.011944  0.094030  -0.017004  0.990987  0.102339  -0.086435  -0.101751  0.994747  0.011192  0.087126  -0.002296  0.996195  0.008398  -0.013525  0.002398  0.000000  0.000000  0.000000  2.000000  
13.512014 0.011954  0.094012  -0.017001  0.990955  0.102534  -0.086578  -0.101954  0.994727  0.011102  0.087259  -0.002175  0.996183  0.008367  -0.013546  0.002403  0.000000  0.000000  0.000000  2.000000  
13.513264 0.011965  0.093994  -0.016999  0.990943  0.102534  -0.086710  -0.101953  0.994727  0.011116  0.087393  -0.002175  0.996172  0.008339  -0.013681  0.002316  0.000000  0.000000  0.000000  2.000000  
13.514511 0.011975  0.093977  -0.016996  0.990910  0.102739  -0.086840  -0.102156  0.994706  0.011148  0.087526  -0.002175  0.996160  0.008276  -0.013744  0.002275  0.000000  0.000000  0.000000  2.000000  
13.515761 0.011986  0.093960  -0.016993  0.990899  0.102739  -0.086973  -0.102154  0.994706  0.011161  0.087659  -0.002175  0.996148  0.008312  -0.013768  0.002235  0.000000  0.000000  0.000000  2.000000  
13.517035 0.011996  0.093942  -0.016991  0.990887  0.102739  -0.087106  -0.102153  0.994706  0.011175  0.087793  -0.002175  0.996136  0.008282  -0.013830  0.002195  0.000000  0.000000  0.000000  2.000000  
13.518269 0.012007  0.093924  -0.016988  0.990854  0.102945  -0.087236  -0.102356  0.994685  0.011206  0.087926  -0.002175  0.996125  0.008325  -0.013908  0.002178  0.000000  0.000000  0.000000  2.000000  
13.519516 0.012017  0.093906  -0.016986  0.990843  0.102945  -0.087368  -0.102355  0.994685  0.011220  0.088059  -0.002175  0.996113  0.008304  -0.013944  0.002118  0.000000  0.000000  0.000000  2.000000  
13.520764 0.012028  0.093889  -0.016983  0.990810  0.103150  -0.087499  -0.102557  0.994663  0.011252  0.088192  -0.002175  0.996101  0.008360  -0.013980  0.002161  0.000000  0.000000  0.000000  2.000000  
13.521767 0.012037  0.093875  -0.016980  0.990798  0.103150  -0.087631  -0.102556  0.994663  0.011266  0.088326  -0.002175  0.996089  0.008411  -0.014004  0.002202  0.000000  0.000000  0.000000  2.000000  
13.523014 0.012049  0.093857  -0.016978  0.990765  0.103355  -0.087762  -0.102759  0.994642  0.011297  0.088459  -0.002175  0.996077  0.008479  -0.014019  0.002157  0.000000  0.000000  0.000000  2.000000  
13.524266 0.012060  0.093840  -0.016975  0.990753  0.103356  -0.087894  -0.102758  0.994642  0.011311  0.088592  -0.002175  0.996066  0.008544  -0.014053  0.002159  0.000000  0.000000  0.000000  2.000000  
13.525278 0.012069  0.093825  -0.016973  0.990732  0.103560  -0.087892  -0.102962  0.994621  0.011329  0.088592  -0.002175  0.996066  0.008558  -0.014073  0.002128  0.000000  0.000000  0.000000  2.000000  
13.526512 0.012080  0.093808  -0.016970  0.990699  0.103765  -0.088022  -0.103164  0.994599  0.011361  0.088725  -0.002175  0.996054  0.008661  -0.014066  0.002105  0.000000  0.000000  0.000000  2.000000  
13.527513 0.012090  0.093794  -0.016968  0.990687  0.103766  -0.088155  -0.103163  0.994599  0.011375  0.088859  -0.002175  0.996042  0.008747  -0.014044  0.002120  0.000000  0.000000  0.000000  2.000000  
13.528513 0.012099  0.093780  -0.016966  0.990666  0.103970  -0.088152  -0.103367  0.994578  0.011393  0.088859  -0.002175  0.996042  0.008828  -0.014088  0.002122  0.000000  0.000000  0.000000  2.000000  
13.529760 0.012112  0.093763  -0.016964  0.990654  0.103971  -0.088285  -0.103366  0.994578  0.011407  0.088992  -0.002175  0.996030  0.008953  -0.014060  0.002129  0.000000  0.000000  0.000000  2.000000  
13.531015 0.012124  0.093745  -0.016961  0.990621  0.104176  -0.088415  -0.103569  0.994557  0.011439  0.089125  -0.002175  0.996018  0.009090  -0.014037  0.002134  0.000000  0.000000  0.000000  2.000000  
13.532265 0.012137  0.093728  -0.016957  0.990588  0.104381  -0.088545  -0.103771  0.994535  0.011471  0.089259  -0.002175  0.996006  0.009230  -0.014029  0.002180  0.000000  0.000000  0.000000  2.000000  
13.533516 0.012149  0.093711  -0.016954  0.990567  0.104586  -0.088543  -0.103975  0.994514  0.011489  0.089259  -0.002175  0.996006  0.009382  -0.013944  0.002200  0.000000  0.000000  0.000000  2.000000  
13.534766 0.012162  0.093694  -0.016952  0.990533  0.104791  -0.088673  -0.104178  0.994492  0.011521  0.089392  -0.002175  0.995994  0.009509  -0.013896  0.002196  0.000000  0.000000  0.000000  2.000000  
13.536013 0.012176  0.093677  -0.016949  0.990521  0.104791  -0.088805  -0.104177  0.994492  0.011535  0.089525  -0.002175  0.995982  0.009684  -0.013864  0.002223  0.000000  0.000000  0.000000  2.000000  
13.537013 0.012186  0.093664  -0.016947  0.990500  0.105006  -0.088790  -0.104381  0.994469  0.011674  0.089525  -0.002295  0.995982  0.009802  -0.013889  0.002211  0.000000  0.000000  0.000000  2.000000  
13.538276 0.012200  0.093647  -0.016944  0.990466  0.105211  -0.088920  -0.104583  0.994447  0.011707  0.089658  -0.002295  0.995970  0.009935  -0.013750  0.002217  0.000000  0.000000  0.000000  2.000000  
