1-Time 2-Px 3-Py 4-Pz 5-R11 6-R21 7-R31 8-R12 9-R22 10-R32 11-R13 12-R23 13-R33 14-Vx 15-Vy 16-Vz 17-Wx 18-Wy 19-Wz 20-state 21-PR11 22-PR21 23-PR31 24-PR12 25-PR22 26-PR32 27-PR13 28-PR23 29-PR33 
173.732236 0.006331  0.090850  -0.041875  0.978350  0.156355  -0.135590  -0.160535  0.986819  -0.020392  0.130615  0.041717  0.990555  -0.000010  0.000000  0.000092  0.000000  0.000000  0.000000  2.000000  
173.733244 0.006331  0.090850  -0.041874  0.978350  0.156355  -0.135590  -0.160535  0.986819  -0.020392  0.130615  0.041717  0.990555  -0.000014  0.000000  0.000138  0.000000  0.000000  0.000000  2.000000  
173.734504 0.006332  0.090848  -0.041874  0.978183  0.157157  -0.135868  -0.161335  0.986692  -0.020237  0.130880  0.041716  0.990520  0.000042  -0.000134  0.000166  0.000000  0.000000  0.000000  2.000000  
173.735738 0.006333  0.090846  -0.041874  0.977964  0.158156  -0.136281  -0.162333  0.986533  -0.020032  0.131278  0.041713  0.990468  0.000109  -0.000294  0.000199  0.000000  0.000000  0.000000  2.000000  
173.736747 0.006333  0.090844  -0.041873  0.977896  0.158348  -0.136547  -0.162529  0.986502  -0.019960  0.131543  0.041712  0.990432  0.000165  -0.000428  0.000227  0.000000  0.000000  0.000000  2.000000  
173.737994 0.006335  0.090841  -0.041873  0.977743  0.158924  -0.136971  -0.163124  0.986404  -0.019930  0.131941  0.041830  0.990375  0.000303  -0.000645  0.000249  0.000000  0.000000  0.000000  2.000000  
173.739241 0.006338  0.090838  -0.041872  0.977523  0.159923  -0.137383  -0.164121  0.986243  -0.019723  0.132339  0.041828  0.990322  0.000467  -0.000812  0.000239  0.000000  0.000000  0.000000  2.000000  
173.740494 0.006340  0.090836  -0.041872  0.977215  0.161305  -0.137954  -0.165518  0.986013  -0.019557  0.132869  0.041945  0.990246  0.000647  -0.000927  0.000286  0.018856  0.025210  0.170494  2.000000  
173.741739 0.006343  0.090834  -0.041872  0.976923  0.162709  -0.138373  -0.166917  0.985782  -0.019291  0.133267  0.041943  0.990192  0.000816  -0.001093  0.000230  0.025310  0.045211  0.217711  2.000000  
173.742743 0.006345  0.090832  -0.041874  0.976663  0.163893  -0.138809  -0.168115  0.985581  -0.019172  0.133665  0.042060  0.990134  0.000924  -0.001204  0.000092  0.026776  0.064927  0.258020  2.000000  
173.743991 0.006345  0.090832  -0.041880  0.976384  0.165089  -0.139354  -0.169309  0.985382  -0.018910  0.134195  0.042057  0.990062  0.000994  -0.001259  -0.000357  0.032373  0.084640  0.298369  2.000000  
173.745243 0.006347  0.090831  -0.041885  0.976068  0.166469  -0.139924  -0.170703  0.985144  -0.018737  0.134726  0.042174  0.989985  0.001076  -0.001263  -0.000701  0.034816  0.109156  0.345364  2.000000  
173.746502 0.006348  0.090831  -0.041890  0.975750  0.167849  -0.140493  -0.172097  0.984905  -0.018563  0.135256  0.042291  0.989908  0.001175  -0.001319  -0.000987  0.037265  0.133632  0.392223  2.000000  
173.747739 0.006350  0.090828  -0.041894  0.975412  0.169241  -0.141171  -0.173487  0.984667  -0.018245  0.135919  0.042287  0.989817  0.001308  -0.001461  -0.001323  0.043863  0.162663  0.439137  2.000000  
173.748742 0.006353  0.090826  -0.041899  0.975143  0.170440  -0.141585  -0.174682  0.984460  -0.018000  0.136316  0.042285  0.989762  0.001445  -0.001569  -0.001672  0.049511  0.177873  0.479620  2.000000  
173.750079 0.006356  0.090824  -0.041902  0.974764  0.172016  -0.142287  -0.176272  0.984181  -0.017769  0.136979  0.042401  0.989666  0.001643  -0.001572  -0.001887  0.052846  0.206596  0.531727  2.000000  
173.751236 0.006361  0.090820  -0.041902  0.974473  0.173192  -0.142850  -0.177463  0.983970  -0.017617  0.137509  0.042518  0.989587  0.001857  -0.001673  -0.001889  0.054173  0.229572  0.568759  2.000000  
173.752236 0.006365  0.090815  -0.041900  0.974236  0.174171  -0.143280  -0.178456  0.983792  -0.017518  0.137907  0.042636  0.989527  0.002035  -0.001812  -0.001745  0.055342  0.246538  0.607341  2.000000  
173.753246 0.006370  0.090809  -0.041898  0.973942  0.175363  -0.143823  -0.179645  0.983580  -0.017245  0.138437  0.042633  0.989453  0.002263  -0.002090  -0.001723  0.061026  0.270584  0.647054  2.000000  
173.754507 0.006377  0.090802  -0.041894  0.973591  0.176735  -0.144520  -0.181032  0.983330  -0.017036  0.139099  0.042749  0.989355  0.002580  -0.002446  -0.001552  0.063655  0.299546  0.693631  2.000000  
173.755743 0.006386  0.090794  -0.041890  0.973237  0.178089  -0.145238  -0.182418  0.983075  -0.016944  0.139762  0.042985  0.989252  0.003013  -0.002789  -0.001228  0.062319  0.324234  0.740755  2.000000  
173.756996 0.006394  0.090786  -0.041883  0.973013  0.178840  -0.145815  -0.183205  0.982928  -0.016965  0.140292  0.043221  0.989166  0.003398  -0.003179  -0.000684  0.053991  0.347865  0.767042  2.000000  
173.758241 0.006404  0.090777  -0.041877  0.972750  0.179794  -0.146396  -0.184193  0.982744  -0.016955  0.140822  0.043458  0.989081  0.003956  -0.003681  0.000033  0.050708  0.371971  0.800430  2.000000  
173.759494 0.006414  0.090768  -0.041872  0.972466  0.180955  -0.146851  -0.185383  0.982520  -0.016938  0.141219  0.043695  0.989014  0.004570  -0.004237  0.000740  0.048370  0.387334  0.840911  2.000000  
173.760739 0.006424  0.090758  -0.041868  0.972238  0.181901  -0.147195  -0.186377  0.982330  -0.017095  0.141484  0.044054  0.988960  0.005183  -0.004969  0.001421  0.040904  0.402414  0.874422  2.000000  
173.761744 0.006432  0.090751  -0.041863  0.972065  0.182686  -0.147361  -0.187174  0.982178  -0.017067  0.141616  0.044173  0.988936  0.005647  -0.005337  0.001960  0.040647  0.408047  0.901367  2.000000  
173.762987 0.006442  0.090740  -0.041857  0.971873  0.183429  -0.147701  -0.187967  0.982024  -0.017253  0.141881  0.044531  0.988882  0.006094  -0.005826  0.002594  0.032011  0.419693  0.921099  2.000000  
173.763992 0.006451  0.090732  -0.041852  0.971777  0.183792  -0.147883  -0.188364  0.981945  -0.017405  0.142014  0.044770  0.988852  0.006561  -0.006289  0.003268  0.023357  0.418323  0.921633  2.000000  
173.765240 0.006460  0.090722  -0.041846  0.971623  0.184351  -0.148198  -0.188957  0.981829  -0.017502  0.142279  0.045008  0.988803  0.006909  -0.006809  0.003838  0.013567  0.417933  0.908069  2.000000  
173.766242 0.006467  0.090713  -0.041840  0.971507  0.184921  -0.148254  -0.189557  0.981711  -0.017648  0.142279  0.045248  0.988792  0.007170  -0.007169  0.004169  0.006431  0.406034  0.907814  2.000000  
173.767489 0.006475  0.090701  -0.041831  0.971371  0.185486  -0.148439  -0.190153  0.981594  -0.017770  0.142411  0.045487  0.988762  0.007350  -0.007519  0.004543  0.000410  0.402230  0.921398  2.000000  
173.768492 0.006482  0.090691  -0.041824  0.971331  0.185652  -0.148488  -0.190353  0.981551  -0.017977  0.142411  0.045727  0.988751  0.007405  -0.007766  0.004871  -0.005331  0.388514  0.908507  2.000000  
173.769496 0.006488  0.090681  -0.041819  0.971292  0.185800  -0.148559  -0.190553  0.981506  -0.018304  0.142411  0.046087  0.988734  0.007353  -0.008060  0.005061  -0.023121  0.376445  0.875094  2.000000  
173.770505 0.006493  0.090670  -0.041811  0.971253  0.185966  -0.148608  -0.190753  0.981464  -0.018511  0.142411  0.046327  0.988723  0.007277  -0.008411  0.005324  -0.030818  0.361778  0.847914  2.000000  
173.771745 0.006499  0.090657  -0.041802  0.971174  0.186298  -0.148706  -0.191153  0.981378  -0.018926  0.142411  0.046806  0.988700  0.007106  -0.008777  0.005517  -0.048555  0.342366  0.807840  2.000000  
173.772994 0.006505  0.090644  -0.041790  0.971096  0.186648  -0.148782  -0.191553  0.981294  -0.019222  0.142411  0.047166  0.988683  0.006808  -0.008996  0.005837  -0.064450  0.327837  0.781062  2.000000  
173.774241 0.006510  0.090632  -0.041779  0.971056  0.186759  -0.148899  -0.191753  0.981244  -0.019786  0.142411  0.047766  0.988654  0.006456  -0.009218  0.006275  -0.083682  0.306365  0.748140  2.000000  
173.775495 0.006514  0.090619  -0.041768  0.971017  0.186889  -0.148994  -0.191953  0.981196  -0.020232  0.142411  0.048245  0.988631  0.006082  -0.009403  0.006747  -0.108078  0.284046  0.700300  2.000000  
173.776741 0.006517  0.090608  -0.041757  0.970996  0.187007  -0.148982  -0.192156  0.981143  -0.020822  0.142279  0.048846  0.988621  0.005662  -0.009519  0.007033  -0.130034  0.260009  0.660292  2.000000  
173.777741 0.006519  0.090599  -0.041749  0.970975  0.187143  -0.148947  -0.192360  0.981093  -0.021293  0.142146  0.049326  0.988616  0.005198  -0.009566  0.007285  -0.151066  0.240621  0.626835  2.000000  
173.778743 0.006520  0.090589  -0.041743  0.970935  0.187291  -0.149020  -0.192560  0.981047  -0.021619  0.142146  0.049686  0.988598  0.004703  -0.009697  0.007403  -0.163846  0.221178  0.593279  2.000000  
173.779988 0.006520  0.090578  -0.041736  0.970893  0.187618  -0.148883  -0.192967  0.980954  -0.022204  0.141881  0.050288  0.988605  0.004098  -0.009768  0.007461  -0.187042  0.192134  0.564176  2.000000  
173.781242 0.006520  0.090567  -0.041730  0.970912  0.187534  -0.148867  -0.192971  0.980939  -0.022825  0.141749  0.050888  0.988594  0.003524  -0.009756  0.007297  -0.210977  0.164160  0.520493  2.000000  
173.782494 0.006518  0.090556  -0.041726  0.970891  0.187652  -0.148856  -0.193174  0.980885  -0.023415  0.141616  0.051489  0.988582  0.002799  -0.009686  0.007042  -0.229291  0.143949  0.490059  2.000000  
173.783740 0.006517  0.090545  -0.041722  0.970869  0.187771  -0.148845  -0.193378  0.980831  -0.024005  0.141484  0.052089  0.988569  0.002266  -0.009578  0.006710  -0.251963  0.115050  0.443532  2.000000  
173.784742 0.006516  0.090535  -0.041720  0.970830  0.187919  -0.148918  -0.193578  0.980783  -0.024332  0.141484  0.052449  0.988550  0.001722  -0.009548  0.006412  -0.264736  0.095694  0.410388  2.000000  
173.785993 0.006514  0.090524  -0.041717  0.970768  0.188239  -0.148913  -0.193981  0.980689  -0.024891  0.141352  0.053050  0.988537  0.001182  -0.009359  0.006024  -0.283889  0.068039  0.380789  2.000000  
173.787241 0.006512  0.090513  -0.041715  0.970787  0.188174  -0.148874  -0.193985  0.980676  -0.025393  0.141219  0.053530  0.988530  0.000735  -0.009226  0.005449  -0.292545  0.044358  0.358453  2.000000  
173.788244 0.006511  0.090504  -0.041714  0.970747  0.188303  -0.148971  -0.194185  0.980625  -0.025838  0.141219  0.054010  0.988504  0.000307  -0.009141  0.004866  -0.306924  0.030024  0.334651  2.000000  
173.789495 0.006510  0.090493  -0.041713  0.970725  0.188422  -0.148961  -0.194388  0.980569  -0.026428  0.141087  0.054610  0.988490  -0.000004  -0.009080  0.004237  -0.323905  0.010491  0.301226  2.000000  
173.790497 0.006510  0.090485  -0.041713  0.970685  0.188552  -0.149058  -0.194588  0.980517  -0.026873  0.141087  0.055090  0.988463  -0.000298  -0.008997  0.003564  -0.334922  0.000589  0.281121  2.000000  
173.791741 0.006511  0.090475  -0.041712  0.970664  0.188670  -0.149048  -0.194791  0.980460  -0.027463  0.140954  0.055690  0.988449  -0.000454  -0.008912  0.002948  -0.351343  -0.009251  0.258979  2.000000  
173.792742 0.006512  0.090467  -0.041711  0.970624  0.188800  -0.149145  -0.194991  0.980408  -0.027908  0.140954  0.056170  0.988421  -0.000485  -0.008725  0.002448  -0.361178  -0.019243  0.241020  2.000000  
173.793745 0.006514  0.090461  -0.041712  0.970584  0.188929  -0.149243  -0.195191  0.980355  -0.028353  0.140954  0.056650  0.988394  -0.000384  -0.008546  0.002020  -0.370321  -0.023999  0.234432  2.000000  
173.794745 0.006517  0.090454  -0.041712  0.970584  0.188839  -0.149357  -0.195191  0.980338  -0.028947  0.140954  0.057249  0.988359  -0.000207  -0.008345  0.001634  -0.384416  -0.029092  0.220946  2.000000  
173.795995 0.006522  0.090447  -0.041711  0.970543  0.188950  -0.149478  -0.195391  0.980281  -0.029511  0.140954  0.057848  0.988325  0.000123  -0.008105  0.001333  -0.399433  -0.033940  0.205845  2.000000  
173.797242 0.006527  0.090440  -0.041710  0.970522  0.189069  -0.149469  -0.195594  0.980223  -0.030101  0.140822  0.058449  0.988308  0.000610  -0.007824  0.001071  -0.413837  -0.044181  0.187519  2.000000  
173.798494 0.006533  0.090434  -0.041710  0.970481  0.189180  -0.149590  -0.195794  0.980165  -0.030665  0.140822  0.059048  0.988272  0.001092  -0.007536  0.000853  -0.422018  -0.044093  0.187552  2.000000  
173.799742 0.006541  0.090427  -0.041709  0.970481  0.189071  -0.149728  -0.195794  0.980143  -0.031378  0.140822  0.059768  0.988229  0.001652  -0.007192  0.000730  -0.436280  -0.044731  0.173924  2.000000  
173.800760 0.006547  0.090422  -0.041709  0.970441  0.189218  -0.149803  -0.195994  0.980092  -0.031704  0.140822  0.060127  0.988207  0.002202  -0.006919  0.000550  -0.435965  -0.044635  0.173815  2.000000  
173.801989 0.006555  0.090415  -0.041709  0.970441  0.189127  -0.149918  -0.195994  0.980073  -0.032298  0.140822  0.060727  0.988171  0.002801  -0.006621  0.000461  -0.446717  -0.044960  0.158941  2.000000  
173.802995 0.006561  0.090410  -0.041709  0.970441  0.189073  -0.149986  -0.195994  0.980061  -0.032655  0.140822  0.061086  0.988149  0.003299  -0.006421  0.000355  -0.447218  -0.045629  0.153401  2.000000  
173.804241 0.006569  0.090403  -0.041710  0.970401  0.189183  -0.150108  -0.196194  0.980002  -0.033218  0.140822  0.061685  0.988111  0.003929  -0.006125  0.000276  -0.452570  -0.045954  0.146684  2.000000  
173.805496 0.006578  0.090396  -0.041710  0.970401  0.189111  -0.150200  -0.196194  0.979986  -0.033694  0.140822  0.062165  0.988081  0.004508  -0.005905  0.000166  -0.448228  -0.045847  0.146623  2.000000  
173.806497 0.006585  0.090391  -0.041710  0.970401  0.189056  -0.150269  -0.196194  0.979974  -0.034050  0.140822  0.062524  0.988059  0.005012  -0.005637  0.000119  -0.445110  -0.041677  0.139543  2.000000  
173.807740 0.006595  0.090385  -0.041708  0.970401  0.188983  -0.150360  -0.196194  0.979957  -0.034526  0.140822  0.063004  0.988028  0.005509  -0.005481  0.000244  -0.442494  -0.037206  0.131401  2.000000  
173.808743 0.006602  0.090381  -0.041706  0.970360  0.189112  -0.150459  -0.196394  0.979901  -0.034970  0.140822  0.063483  0.987998  0.005867  -0.005325  0.000396  -0.446196  -0.032962  0.132260  2.000000  
173.809993 0.006613  0.090376  -0.041703  0.970360  0.189039  -0.150551  -0.196394  0.979884  -0.035446  0.140822  0.063962  0.987967  0.006392  -0.005100  0.000595  -0.444011  -0.029187  0.118322  2.000000  
173.811239 0.006624  0.090372  -0.041699  0.970320  0.189149  -0.150673  -0.196593  0.979824  -0.036009  0.140822  0.064562  0.987928  0.006756  -0.004920  0.000795  -0.443515  -0.024038  0.123908  2.000000  
173.812487 0.006635  0.090368  -0.041694  0.970320  0.189076  -0.150765  -0.196593  0.979806  -0.036485  0.140822  0.065041  0.987896  0.007088  -0.004735  0.001077  -0.440516  -0.019921  0.116895  2.000000  
173.813493 0.006644  0.090365  -0.041689  0.970320  0.189003  -0.150856  -0.196593  0.979788  -0.036960  0.140822  0.065520  0.987865  0.007341  -0.004572  0.001364  -0.440970  -0.015935  0.110743  2.000000  
173.814502 0.006652  0.090361  -0.041685  0.970320  0.188948  -0.150925  -0.196593  0.979775  -0.037316  0.140822  0.065880  0.987841  0.007533  -0.004468  0.001673  -0.442364  -0.016176  0.103057  2.000000  
173.815743 0.006662  0.090357  -0.041678  0.970279  0.189058  -0.151047  -0.196793  0.979713  -0.037880  0.140822  0.066479  0.987800  0.007693  -0.004318  0.002087  -0.442971  -0.012167  0.096822  2.000000  
173.816987 0.006672  0.090353  -0.041670  0.970239  0.189186  -0.151147  -0.196993  0.979656  -0.038324  0.140822  0.066958  0.987768  0.007803  -0.004193  0.002584  -0.442432  -0.007161  0.102547  2.000000  
173.817992 0.006679  0.090349  -0.041664  0.970239  0.189131  -0.151216  -0.196993  0.979642  -0.038680  0.140822  0.067318  0.987744  0.007851  -0.004095  0.002996  -0.439374  -0.007534  0.095772  2.000000  
173.819239 0.006687  0.090344  -0.041657  0.970198  0.189260  -0.151316  -0.197193  0.979584  -0.039124  0.140822  0.067797  0.987711  0.007873  -0.003968  0.003537  -0.435293  -0.003029  0.095492  2.000000  
173.820241 0.006694  0.090340  -0.041651  0.970198  0.189205  -0.151385  -0.197193  0.979569  -0.039481  0.140822  0.068156  0.987686  0.007860  -0.003839  0.003965  -0.432195  -0.003411  0.088707  2.000000  
173.821245 0.006700  0.090336  -0.041645  0.970157  0.189370  -0.151439  -0.197392  0.979521  -0.039687  0.140822  0.068396  0.987670  0.007802  -0.003761  0.004417  -0.423551  0.001087  0.089163  2.000000  
173.822496 0.006708  0.090331  -0.041638  0.970117  0.189516  -0.151516  -0.197592  0.979467  -0.040013  0.140822  0.068755  0.987645  0.007671  -0.003647  0.004738  -0.415378  0.001131  0.089158  2.000000  
173.823742 0.006715  0.090326  -0.041631  0.970095  0.189672  -0.151464  -0.197796  0.979412  -0.040364  0.140689  0.069116  0.987638  0.007492  -0.003637  0.004966  -0.407962  -0.003292  0.088717  2.000000  
173.824743 0.006721  0.090323  -0.041627  0.970095  0.189635  -0.151510  -0.197796  0.979402  -0.040602  0.140689  0.069355  0.987622  0.007294  -0.003599  0.005167  -0.395838  -0.003255  0.088720  2.000000  
173.825743 0.006726  0.090319  -0.041622  0.970054  0.189800  -0.151564  -0.197995  0.979353  -0.040808  0.140689  0.069595  0.987605  0.007044  -0.003662  0.005224  -0.387718  -0.003222  0.088713  2.000000  
173.826746 0.006731  0.090315  -0.041618  0.970054  0.189763  -0.151610  -0.197995  0.979343  -0.041046  0.140689  0.069835  0.987588  0.006849  -0.003650  0.005312  -0.379606  0.000833  0.082307  2.000000  
173.827987 0.006737  0.090311  -0.041613  0.969972  0.190111  -0.151696  -0.198395  0.979250  -0.041340  0.140689  0.070194  0.987562  0.006553  -0.003683  0.005267  -0.371581  0.001304  0.088433  2.000000  
173.828989 0.006742  0.090307  -0.041608  0.969950  0.190285  -0.151621  -0.198598  0.979199  -0.041573  0.140557  0.070435  0.987564  0.006266  -0.003746  0.005285  -0.357427  -0.002680  0.096309  2.000000  
173.829990 0.006747  0.090303  -0.041603  0.969909  0.190431  -0.151699  -0.198798  0.979145  -0.041898  0.140557  0.070794  0.987538  0.006027  -0.003810  0.005250  -0.357422  -0.002645  0.096309  2.000000  
173.831237 0.006752  0.090297  -0.041597  0.969868  0.190596  -0.151754  -0.198997  0.979095  -0.042104  0.140557  0.071034  0.987521  0.005720  -0.003888  0.005191  -0.344299  -0.002150  0.103172  2.000000  
173.832241 0.006756  0.090292  -0.041592  0.969827  0.190743  -0.151832  -0.199197  0.979041  -0.042429  0.140557  0.071393  0.987495  0.005439  -0.003982  0.005120  -0.339286  -0.001648  0.110023  2.000000  
173.833488 0.006760  0.090286  -0.041585  0.969786  0.190907  -0.151887  -0.199397  0.978991  -0.042635  0.140557  0.071633  0.987478  0.005196  -0.004066  0.005047  -0.332351  -0.001601  0.109086  2.000000  
173.834506 0.006763  0.090281  -0.041580  0.969745  0.191053  -0.151965  -0.199596  0.978936  -0.042960  0.140557  0.071992  0.987452  0.004931  -0.004132  0.004984  -0.329918  -0.001104  0.116779  2.000000  
173.835760 0.006767  0.090273  -0.041574  0.969704  0.191218  -0.152021  -0.199796  0.978886  -0.043166  0.140557  0.072232  0.987434  0.004647  -0.004296  0.004921  -0.320689  -0.000596  0.123573  2.000000  
173.836991 0.006771  0.090266  -0.041567  0.969663  0.191364  -0.152099  -0.199996  0.978831  -0.043491  0.140557  0.072591  0.987408  0.004376  -0.004469  0.004822  -0.313210  -0.000075  0.129400  2.000000  
173.837995 0.006774  0.090260  -0.041563  0.969621  0.191547  -0.152131  -0.200195  0.978786  -0.043579  0.140557  0.072711  0.987399  0.004174  -0.004612  0.004757  -0.302591  0.000434  0.137302  2.000000  
173.839240 0.006777  0.090254  -0.041557  0.969580  0.191694  -0.152210  -0.200395  0.978731  -0.043903  0.140557  0.073070  0.987373  0.003957  -0.004736  0.004786  -0.298539  0.000493  0.137314  2.000000  
173.840241 0.006780  0.090248  -0.041553  0.969562  0.191665  -0.152363  -0.200391  0.978728  -0.043995  0.140689  0.073188  0.987345  0.003755  -0.004879  0.004719  -0.287971  0.004971  0.135866  2.000000  
173.841493 0.006783  0.090241  -0.041548  0.969520  0.191830  -0.152418  -0.200591  0.978677  -0.044201  0.140689  0.073428  0.987327  0.003500  -0.005021  0.004723  -0.278099  0.005070  0.136976  2.000000  
173.842502 0.006785  0.090236  -0.041545  0.969479  0.191994  -0.152474  -0.200790  0.978627  -0.044408  0.140689  0.073667  0.987309  0.003296  -0.005161  0.004655  -0.268933  0.005599  0.143785  2.000000  
173.843741 0.006788  0.090229  -0.041541  0.969498  0.191986  -0.152368  -0.200794  0.978620  -0.044553  0.140557  0.073789  0.987319  0.003124  -0.005306  0.004560  -0.252690  0.001167  0.144131  2.000000  
173.844987 0.006790  0.090221  -0.041537  0.969456  0.192150  -0.152424  -0.200994  0.978569  -0.044759  0.140557  0.074028  0.987301  0.002899  -0.005474  0.004434  -0.244609  0.001220  0.144172  2.000000  
173.845990 0.006792  0.090214  -0.041534  0.969456  0.192132  -0.152447  -0.200994  0.978564  -0.044878  0.140557  0.074148  0.987292  0.002728  -0.005629  0.004289  -0.234941  0.001247  0.143250  2.000000  
173.847241 0.006795  0.090206  -0.041530  0.969415  0.192315  -0.152480  -0.201193  0.978519  -0.044965  0.140557  0.074268  0.987283  0.002575  -0.005753  0.004106  -0.220093  0.001307  0.144139  2.000000  
173.848490 0.006797  0.090197  -0.041526  0.969415  0.192278  -0.152526  -0.201193  0.978508  -0.045202  0.140557  0.074507  0.987265  0.002428  -0.005903  0.003975  -0.214318  0.001340  0.143006  2.000000  
173.849491 0.006799  0.090190  -0.041522  0.969433  0.192269  -0.152420  -0.201197  0.978501  -0.045348  0.140424  0.074628  0.987275  0.002360  -0.006042  0.003892  -0.207159  -0.003564  0.136520  2.000000  
173.850738 0.006801  0.090181  -0.041516  0.969433  0.192250  -0.152444  -0.201197  0.978495  -0.045467  0.140424  0.074748  0.987266  0.002275  -0.006144  0.003846  -0.199071  -0.003531  0.136520  2.000000  
173.851987 0.006804  0.090172  -0.041510  0.969433  0.192232  -0.152467  -0.201197  0.978490  -0.045585  0.140424  0.074868  0.987257  0.002230  -0.006239  0.003817  -0.191938  -0.003990  0.129737  2.000000  
173.852995 0.006807  0.090166  -0.041505  0.969433  0.192213  -0.152490  -0.201197  0.978484  -0.045704  0.140424  0.074988  0.987248  0.002185  -0.006362  0.003884  -0.186303  -0.004488  0.123950  2.000000  
173.854243 0.006810  0.090157  -0.041497  0.969433  0.192195  -0.152514  -0.201197  0.978478  -0.045823  0.140424  0.075107  0.987239  0.002177  -0.006471  0.003977  -0.179230  -0.000474  0.116858  2.000000  
173.855496 0.006813  0.090149  -0.041491  0.969433  0.192176  -0.152537  -0.201197  0.978473  -0.045941  0.140424  0.075227  0.987229  0.002195  -0.006551  0.004132  -0.176050  -0.000953  0.109976  2.000000  
173.856742 0.006817  0.090141  -0.041483  0.969433  0.192158  -0.152560  -0.201197  0.978467  -0.046060  0.140424  0.075347  0.987220  0.002209  -0.006631  0.004334  -0.170578  -0.000926  0.109084  2.000000  
173.857991 0.006820  0.090134  -0.041476  0.969433  0.192139  -0.152583  -0.201197  0.978462  -0.046179  0.140424  0.075467  0.987211  0.002233  -0.006634  0.004543  -0.161691  -0.001909  0.096314  2.000000  
173.859241 0.006823  0.090126  -0.041468  0.969433  0.192121  -0.152607  -0.201197  0.978456  -0.046297  0.140424  0.075586  0.987202  0.002302  -0.006645  0.004780  0.000000  0.000000  0.000000  2.000000  
173.860242 0.006825  0.090120  -0.041463  0.969452  0.192131  -0.152477  -0.201201  0.978454  -0.046324  0.140292  0.075588  0.987221  0.002286  -0.006640  0.004915  0.000000  0.000000  0.000000  2.000000  
173.861491 0.006828  0.090113  -0.041456  0.969452  0.192112  -0.152501  -0.201201  0.978448  -0.046443  0.140292  0.075707  0.987212  0.002325  -0.006562  0.005069  0.000000  0.000000  0.000000  2.000000  
173.862494 0.006830  0.090107  -0.041450  0.969470  0.192122  -0.152371  -0.201205  0.978446  -0.046470  0.140159  0.075709  0.987230  0.002357  -0.006485  0.005299  0.000000  0.000000  0.000000  2.000000  
173.863739 0.006833  0.090099  -0.041444  0.969470  0.192104  -0.152395  -0.201205  0.978441  -0.046588  0.140159  0.075829  0.987221  0.002359  -0.006410  0.005379  0.000000  0.000000  0.000000  2.000000  
173.864743 0.006834  0.090094  -0.041438  0.969470  0.192104  -0.152395  -0.201205  0.978441  -0.046588  0.140159  0.075829  0.987221  0.002342  -0.006304  0.005516  0.000000  0.000000  0.000000  2.000000  
173.865743 0.006836  0.090088  -0.041432  0.969488  0.192114  -0.152265  -0.201209  0.978439  -0.046615  0.140027  0.075830  0.987240  0.002330  -0.006193  0.005631  0.000000  0.000000  0.000000  2.000000  
173.866986 0.006839  0.090081  -0.041425  0.969488  0.192114  -0.152265  -0.201209  0.978439  -0.046615  0.140027  0.075830  0.987240  0.002277  -0.006092  0.005676  0.000000  0.000000  0.000000  2.000000  
173.867988 0.006841  0.090075  -0.041419  0.969488  0.192114  -0.152265  -0.201209  0.978439  -0.046615  0.140027  0.075830  0.987240  0.002283  -0.006017  0.005731  0.000000  0.000000  0.000000  2.000000  
173.869259 0.006843  0.090069  -0.041412  0.969488  0.192114  -0.152265  -0.201209  0.978439  -0.046615  0.140027  0.075830  0.987240  0.002223  -0.005872  0.005727  0.000000  0.000000  0.000000  2.000000  
173.870497 0.006846  0.090062  -0.041404  0.969507  0.192124  -0.152136  -0.201212  0.978437  -0.046642  0.139894  0.075832  0.987258  0.002173  -0.005762  0.005749  0.000000  0.000000  0.000000  2.000000  
173.871742 0.006848  0.090056  -0.041397  0.969507  0.192124  -0.152136  -0.201212  0.978437  -0.046642  0.139894  0.075832  0.987258  0.002047  -0.005676  0.005733  0.000000  0.000000  0.000000  2.000000  
173.872743 0.006850  0.090051  -0.041390  0.969507  0.192124  -0.152136  -0.201212  0.978437  -0.046642  0.139894  0.075832  0.987258  0.002046  -0.005596  0.005831  0.000000  0.000000  0.000000  2.000000  
173.873744 0.006851  0.090046  -0.041384  0.969465  0.192325  -0.152146  -0.201412  0.978397  -0.046611  0.139894  0.075832  0.987258  0.001963  -0.005510  0.005835  0.000000  0.000000  0.000000  2.000000  
173.874747 0.006853  0.090042  -0.041377  0.969465  0.192325  -0.152146  -0.201412  0.978397  -0.046611  0.139894  0.075832  0.987258  0.001951  -0.005402  0.005927  0.000000  0.000000  0.000000  2.000000  
173.875992 0.006855  0.090036  -0.041369  0.969465  0.192343  -0.152122  -0.201412  0.978403  -0.046492  0.139894  0.075712  0.987268  0.001863  -0.005318  0.005979  0.000000  0.000000  0.000000  2.000000  
173.877241 0.006857  0.090030  -0.041361  0.969484  0.192353  -0.151993  -0.201416  0.978401  -0.046519  0.139762  0.075713  0.987286  0.001798  -0.005184  0.006045  0.000000  0.000000  0.000000  2.000000  
173.878487 0.006858  0.090025  -0.041354  0.969442  0.192555  -0.152003  -0.201615  0.978361  -0.046488  0.139762  0.075713  0.987286  0.001742  -0.005070  0.006076  0.000000  0.000000  0.000000  2.000000  
173.879493 0.006859  0.090021  -0.041348  0.969442  0.192555  -0.152003  -0.201615  0.978361  -0.046488  0.139762  0.075713  0.987286  0.001677  -0.004937  0.006140  0.000000  0.000000  0.000000  2.000000  
173.880739 0.006861  0.090016  -0.041340  0.969442  0.192573  -0.151979  -0.201615  0.978367  -0.046369  0.139762  0.075593  0.987295  0.001610  -0.004774  0.006104  0.000000  0.000000  0.000000  2.000000  
173.881741 0.006862  0.090012  -0.041336  0.969460  0.192583  -0.151850  -0.201619  0.978365  -0.046396  0.139629  0.075595  0.987314  0.001567  -0.004662  0.006071  0.000000  0.000000  0.000000  2.000000  
173.882991 0.006863  0.090008  -0.041328  0.969460  0.192602  -0.151827  -0.201619  0.978370  -0.046277  0.139629  0.075475  0.987323  0.001450  -0.004496  0.006058  0.000000  0.000000  0.000000  2.000000  
173.884237 0.006864  0.090003  -0.041323  0.969460  0.192620  -0.151803  -0.201619  0.978376  -0.046159  0.139629  0.075355  0.987332  0.001406  -0.004375  0.005957  0.000000  0.000000  0.000000  2.000000  
173.885238 0.006865  0.090000  -0.041317  0.969460  0.192620  -0.151803  -0.201619  0.978376  -0.046159  0.139629  0.075355  0.987332  0.001317  -0.004259  0.005903  0.000000  0.000000  0.000000  2.000000  
173.886245 0.006867  0.089996  -0.041312  0.969460  0.192638  -0.151780  -0.201619  0.978381  -0.046040  0.139629  0.075236  0.987341  0.001288  -0.004178  0.005839  0.000000  0.000000  0.000000  2.000000  
173.887494 0.006867  0.089990  -0.041306  0.969460  0.192638  -0.151780  -0.201619  0.978381  -0.046040  0.139629  0.075236  0.987341  0.001185  -0.004108  0.005676  0.000000  0.000000  0.000000  2.000000  
173.888497 0.006868  0.089987  -0.041300  0.969460  0.192657  -0.151756  -0.201619  0.978387  -0.045921  0.139629  0.075116  0.987351  0.001156  -0.004039  0.005673  0.000000  0.000000  0.000000  2.000000  
173.889742 0.006870  0.089982  -0.041295  0.969460  0.192675  -0.151733  -0.201619  0.978392  -0.045803  0.139629  0.074996  0.987360  0.001110  -0.003985  0.005458  0.000000  0.000000  0.000000  2.000000  
173.890746 0.006871  0.089978  -0.041289  0.969460  0.192675  -0.151733  -0.201619  0.978392  -0.045803  0.139629  0.074996  0.987360  0.001071  -0.003887  0.005420  0.000000  0.000000  0.000000  2.000000  
173.891988 0.006872  0.089974  -0.041283  0.969460  0.192694  -0.151710  -0.201619  0.978398  -0.045684  0.139629  0.074876  0.987369  0.001058  -0.003825  0.005287  0.000000  0.000000  0.000000  2.000000  
173.893239 0.006873  0.089970  -0.041277  0.969460  0.192694  -0.151710  -0.201619  0.978398  -0.045684  0.139629  0.074876  0.987369  0.001045  -0.003771  0.005184  0.000000  0.000000  0.000000  2.000000  
173.894240 0.006875  0.089966  -0.041273  0.969460  0.192712  -0.151686  -0.201619  0.978404  -0.045565  0.139629  0.074757  0.987378  0.001044  -0.003746  0.005089  0.000000  0.000000  0.000000  2.000000  
173.895487 0.006876  0.089962  -0.041267  0.969460  0.192712  -0.151686  -0.201619  0.978404  -0.045565  0.139629  0.074757  0.987378  0.001026  -0.003692  0.005032  0.000000  0.000000  0.000000  2.000000  
173.896487 0.006877  0.089959  -0.041263  0.969460  0.192730  -0.151663  -0.201619  0.978409  -0.045447  0.139629  0.074637  0.987387  0.001014  -0.003640  0.004931  0.000000  0.000000  0.000000  2.000000  
173.897491 0.006878  0.089955  -0.041258  0.969460  0.192730  -0.151663  -0.201619  0.978409  -0.045447  0.139629  0.074637  0.987387  0.001014  -0.003641  0.004932  0.000000  0.000000  0.000000  2.000000  
173.898500 0.006878  0.089952  -0.041253  0.969502  0.192547  -0.151630  -0.201420  0.978454  -0.045359  0.139629  0.074517  0.987396  0.000995  -0.003590  0.004894  0.000000  0.000000  0.000000  2.000000  
173.899743 0.006880  0.089948  -0.041247  0.969502  0.192547  -0.151630  -0.201420  0.978454  -0.045359  0.139629  0.074517  0.987396  0.000979  -0.003533  0.004817  0.000000  0.000000  0.000000  2.000000  
173.900989 0.006880  0.089944  -0.041242  0.969502  0.192566  -0.151607  -0.201420  0.978460  -0.045240  0.139629  0.074397  0.987405  0.000930  -0.003504  0.004742  0.000000  0.000000  0.000000  2.000000  
173.902237 0.006881  0.089940  -0.041237  0.969502  0.192584  -0.151584  -0.201420  0.978465  -0.045122  0.139629  0.074277  0.987414  0.000885  -0.003476  0.004623  0.000000  0.000000  0.000000  2.000000  
173.903245 0.006881  0.089936  -0.041234  0.969502  0.192584  -0.151584  -0.201420  0.978465  -0.045122  0.139629  0.074277  0.987414  0.000870  -0.003425  0.004538  0.000000  0.000000  0.000000  2.000000  
173.904505 0.006882  0.089932  -0.041228  0.969543  0.192401  -0.151551  -0.201220  0.978510  -0.045034  0.139629  0.074158  0.987423  0.000803  -0.003364  0.004498  0.000000  0.000000  0.000000  2.000000  
173.905744 0.006882  0.089928  -0.041224  0.969543  0.192419  -0.151528  -0.201220  0.978516  -0.044916  0.139629  0.074038  0.987432  0.000774  -0.003363  0.004370  0.000000  0.000000  0.000000  2.000000  
173.906745 0.006883  0.089925  -0.041220  0.969543  0.192419  -0.151528  -0.201220  0.978516  -0.044916  0.139629  0.074038  0.987432  0.000719  -0.003334  0.004308  0.000000  0.000000  0.000000  2.000000  
173.907992 0.006883  0.089921  -0.041215  0.969543  0.192438  -0.151504  -0.201220  0.978521  -0.044797  0.139629  0.073918  0.987441  0.000674  -0.003305  0.004187  0.000000  0.000000  0.000000  2.000000  
173.909241 0.006884  0.089917  -0.041211  0.969543  0.192438  -0.151504  -0.201220  0.978521  -0.044797  0.139629  0.073918  0.987441  0.000624  -0.003278  0.004115  0.000000  0.000000  0.000000  2.000000  
173.910242 0.006885  0.089914  -0.041207  0.969562  0.192466  -0.151351  -0.201224  0.978525  -0.044705  0.139497  0.073800  0.987469  0.000617  -0.003248  0.004059  0.000000  0.000000  0.000000  2.000000  
173.911488 0.006885  0.089910  -0.041202  0.969562  0.192466  -0.151351  -0.201224  0.978525  -0.044705  0.139497  0.073800  0.987469  0.000578  -0.003246  0.003989  0.000000  0.000000  0.000000  2.000000  
173.912744 0.006886  0.089906  -0.041198  0.969562  0.192484  -0.151328  -0.201224  0.978530  -0.044586  0.139497  0.073680  0.987478  0.000527  -0.003215  0.003912  0.000000  0.000000  0.000000  2.000000  
173.913989 0.006886  0.089903  -0.041192  0.969562  0.192484  -0.151328  -0.201224  0.978530  -0.044586  0.139497  0.073680  0.987478  0.000472  -0.003186  0.003884  0.000000  0.000000  0.000000  2.000000  
173.914990 0.006886  0.089900  -0.041189  0.969562  0.192503  -0.151305  -0.201224  0.978535  -0.044468  0.139497  0.073560  0.987486  0.000439  -0.003186  0.003855  0.000000  0.000000  0.000000  2.000000  
173.915991 0.006887  0.089896  -0.041186  0.969580  0.192512  -0.151175  -0.201228  0.978533  -0.044494  0.139364  0.073562  0.987505  0.000438  -0.003183  0.003766  0.000000  0.000000  0.000000  2.000000  
173.917237 0.006887  0.089893  -0.041180  0.969580  0.192512  -0.151175  -0.201228  0.978533  -0.044494  0.139364  0.073562  0.987505  0.000421  -0.003130  0.003795  0.000000  0.000000  0.000000  2.000000  
173.918240 0.006888  0.089890  -0.041176  0.969580  0.192531  -0.151152  -0.201228  0.978539  -0.044376  0.139364  0.073442  0.987514  0.000442  -0.003080  0.003809  0.000000  0.000000  0.000000  2.000000  
173.919244 0.006888  0.089887  -0.041173  0.969580  0.192531  -0.151152  -0.201228  0.978539  -0.044376  0.139364  0.073442  0.987514  0.000431  -0.003053  0.003719  0.000000  0.000000  0.000000  2.000000  
173.920495 0.006889  0.089884  -0.041169  0.969598  0.192559  -0.150999  -0.201231  0.978542  -0.044284  0.139232  0.073323  0.987541  0.000452  -0.002999  0.003729  0.000000  0.000000  0.000000  2.000000  
173.921497 0.006890  0.089881  -0.041165  0.969598  0.192559  -0.150999  -0.201231  0.978542  -0.044284  0.139232  0.073323  0.987541  0.000478  -0.002953  0.003783  0.000000  0.000000  0.000000  2.000000  
173.922745 0.006891  0.089878  -0.041160  0.969616  0.192568  -0.150870  -0.201235  0.978540  -0.044311  0.139099  0.073325  0.987560  0.000494  -0.002895  0.003753  0.000000  0.000000  0.000000  2.000000  
173.923991 0.006892  0.089875  -0.041155  0.969616  0.192586  -0.150847  -0.201235  0.978546  -0.044192  0.139099  0.073205  0.987569  0.000524  -0.002851  0.003761  0.000000  0.000000  0.000000  2.000000  
173.924992 0.006893  0.089873  -0.041151  0.969616  0.192586  -0.150847  -0.201235  0.978546  -0.044192  0.139099  0.073205  0.987569  0.000548  -0.002821  0.003785  0.000000  0.000000  0.000000  2.000000  
173.926242 0.006894  0.089869  -0.041147  0.969635  0.192614  -0.150694  -0.201239  0.978549  -0.044100  0.138967  0.073087  0.987596  0.000575  -0.002769  0.003751  0.000000  0.000000  0.000000  2.000000  
173.927494 0.006895  0.089866  -0.041142  0.969653  0.192624  -0.150564  -0.201243  0.978547  -0.044127  0.138834  0.073088  0.987615  0.000640  -0.002721  0.003789  0.000000  0.000000  0.000000  2.000000  
173.928741 0.006897  0.089863  -0.041137  0.969611  0.192825  -0.150574  -0.201442  0.978507  -0.044096  0.138834  0.073088  0.987615  0.000711  -0.002682  0.003819  0.000000  0.000000  0.000000  2.000000  
173.929744 0.006898  0.089861  -0.041132  0.969629  0.192853  -0.150421  -0.201446  0.978511  -0.044004  0.138702  0.072970  0.987642  0.000764  -0.002597  0.003809  0.000000  0.000000  0.000000  2.000000  
173.930989 0.006899  0.089858  -0.041127  0.969629  0.192853  -0.150421  -0.201446  0.978511  -0.044004  0.138702  0.072970  0.987642  0.000823  -0.002560  0.003931  0.000000  0.000000  0.000000  2.000000  
173.931989 0.006900  0.089856  -0.041122  0.969648  0.192863  -0.150291  -0.201450  0.978509  -0.044031  0.138569  0.072971  0.987661  0.000885  -0.002499  0.003976  0.000000  0.000000  0.000000  2.000000  
173.933028 0.006901  0.089854  -0.041117  0.969648  0.192863  -0.150291  -0.201450  0.978509  -0.044031  0.138569  0.072971  0.987661  0.000910  -0.002469  0.004030  0.000000  0.000000  0.000000  2.000000  
173.934239 0.006903  0.089851  -0.041110  0.969666  0.192890  -0.150139  -0.201454  0.978512  -0.043939  0.138437  0.072852  0.987688  0.000996  -0.002415  0.004222  0.000000  0.000000  0.000000  2.000000  
173.935493 0.006905  0.089849  -0.041103  0.969684  0.192900  -0.150009  -0.201457  0.978510  -0.043966  0.138304  0.072854  0.987707  0.001039  -0.002340  0.004342  0.000000  0.000000  0.000000  2.000000  
173.936497 0.006906  0.089847  -0.041099  0.969684  0.192900  -0.150009  -0.201457  0.978510  -0.043966  0.138304  0.072854  0.987707  0.001065  -0.002299  0.004419  0.000000  0.000000  0.000000  2.000000  
173.937741 0.006907  0.089845  -0.041092  0.969660  0.193111  -0.149889  -0.201661  0.978468  -0.043962  0.138172  0.072855  0.987725  0.001109  -0.002240  0.004527  0.000000  0.000000  0.000000  2.000000  
173.938746 0.006908  0.089843  -0.041086  0.969679  0.193139  -0.149736  -0.201665  0.978472  -0.043871  0.138039  0.072737  0.987752  0.001127  -0.002197  0.004700  0.000000  0.000000  0.000000  2.000000  
173.939992 0.006910  0.089841  -0.041079  0.969697  0.193148  -0.149607  -0.201668  0.978470  -0.043897  0.137907  0.072738  0.987771  0.001127  -0.002118  0.004799  0.000000  0.000000  0.000000  2.000000  
173.941241 0.006910  0.089839  -0.041072  0.969697  0.193148  -0.149607  -0.201668  0.978470  -0.043897  0.137907  0.072738  0.987771  0.001110  -0.002056  0.005010  0.000000  0.000000  0.000000  2.000000  
173.942242 0.006912  0.089837  -0.041065  0.969715  0.193176  -0.149454  -0.201672  0.978473  -0.043806  0.137774  0.072620  0.987798  0.001106  -0.001957  0.005182  0.000000  0.000000  0.000000  2.000000  
173.943242 0.006912  0.089836  -0.041058  0.969691  0.193387  -0.149333  -0.201875  0.978431  -0.043802  0.137642  0.072621  0.987816  0.001074  -0.001927  0.005360  0.000000  0.000000  0.000000  2.000000  
173.944243 0.006913  0.089834  -0.041052  0.969691  0.193387  -0.149333  -0.201875  0.978431  -0.043802  0.137642  0.072621  0.987816  0.001069  -0.001848  0.005507  0.000000  0.000000  0.000000  2.000000  
173.945486 0.006914  0.089832  -0.041044  0.969709  0.193414  -0.149181  -0.201879  0.978435  -0.043710  0.137509  0.072503  0.987843  0.001026  -0.001815  0.005642  0.000000  0.000000  0.000000  2.000000  
173.946489 0.006914  0.089831  -0.041036  0.969727  0.193424  -0.149051  -0.201883  0.978433  -0.043737  0.137377  0.072504  0.987862  0.001000  -0.001707  0.005868  0.000000  0.000000  0.000000  2.000000  
173.947492 0.006915  0.089830  -0.041030  0.969704  0.193635  -0.148931  -0.202086  0.978391  -0.043733  0.137244  0.072505  0.987880  0.000928  -0.001650  0.006016  0.000000  0.000000  0.000000  2.000000  
173.948741 0.006916  0.089829  -0.041020  0.969722  0.193662  -0.148778  -0.202090  0.978394  -0.043642  0.137112  0.072387  0.987907  0.000898  -0.001542  0.006150  0.000000  0.000000  0.000000  2.000000  
173.949743 0.006917  0.089828  -0.041012  0.969740  0.193672  -0.148649  -0.202094  0.978392  -0.043669  0.136979  0.072388  0.987925  0.000882  -0.001462  0.006383  0.000000  0.000000  0.000000  2.000000  
