1-Time 2-Px 3-Py 4-Pz 5-R11 6-R21 7-R31 8-R12 9-R22 10-R32 11-R13 12-R23 13-R33 14-Vx 15-Vy 16-Vz 17-Wx 18-Wy 19-Wz 20-state 21-PR11 22-PR21 23-PR31 24-PR12 25-PR22 26-PR32 27-PR13 28-PR23 29-PR33 
158.731149 0.008873  0.093054  -0.026189  0.981932  0.182659  0.049460  -0.181119  0.982872  -0.034036  -0.054830  0.024463  0.998196  -0.001049  -0.000962  -0.000706  0.000000  0.000000  0.000000  2.000000  
158.732158 0.008872  0.093052  -0.026189  0.981939  0.182661  0.049307  -0.181120  0.982868  -0.034131  -0.054696  0.024584  0.998200  -0.001069  -0.001014  -0.000718  0.000000  0.000000  0.000000  2.000000  
158.733400 0.008871  0.093050  -0.026190  0.981707  0.183879  0.049396  -0.182332  0.982642  -0.034216  -0.054830  0.024584  0.998193  -0.000970  -0.001075  -0.000698  0.000000  0.000000  0.000000  2.000000  
158.734400 0.008872  0.093048  -0.026191  0.981504  0.184896  0.049623  -0.183340  0.982450  -0.034316  -0.055097  0.024583  0.998178  -0.000898  -0.001128  -0.000697  0.000000  0.000000  0.000000  2.000000  
158.735654 0.008873  0.093046  -0.026191  0.981331  0.185721  0.049966  -0.184144  0.982292  -0.034550  -0.055498  0.024704  0.998153  -0.000744  -0.001223  -0.000644  0.000000  0.000000  0.000000  2.000000  
158.736900 0.008874  0.093043  -0.026192  0.981203  0.186340  0.050185  -0.184747  0.982172  -0.034749  -0.055765  0.024825  0.998135  -0.000558  -0.001305  -0.000664  0.000000  0.000000  0.000000  2.000000  
158.737905 0.008876  0.093043  -0.026193  0.981050  0.187155  0.050133  -0.185555  0.982014  -0.034910  -0.055765  0.024946  0.998132  -0.000329  -0.001280  -0.000658  0.000000  0.000000  0.000000  2.000000  
158.739152 0.008879  0.093042  -0.026193  0.980835  0.188361  0.049828  -0.186769  0.981783  -0.034922  -0.055498  0.024946  0.998147  -0.000037  -0.001203  -0.000613  -0.023429  0.022960  0.199918  2.000000  
158.740154 0.008881  0.093041  -0.026194  0.980611  0.189577  0.049630  -0.187982  0.981546  -0.035077  -0.055364  0.025067  0.998152  0.000159  -0.001205  -0.000628  -0.029802  0.028496  0.241220  2.000000  
158.741174 0.008884  0.093040  -0.026195  0.980417  0.190587  0.049594  -0.188992  0.981350  -0.035128  -0.055364  0.025067  0.998152  0.000450  -0.001207  -0.000628  -0.031683  0.024837  0.275629  2.000000  
158.742411 0.008888  0.093038  -0.026199  0.980090  0.192210  0.049799  -0.190603  0.981034  -0.035261  -0.055632  0.025067  0.998137  0.000774  -0.001297  -0.000842  -0.038891  0.017210  0.331168  2.000000  
158.743411 0.008892  0.093037  -0.026201  0.979831  0.193431  0.050148  -0.191809  0.980794  -0.035399  -0.056032  0.025066  0.998114  0.001155  -0.001252  -0.000929  -0.041250  0.000262  0.372985  2.000000  
158.744658 0.008897  0.093036  -0.026202  0.979452  0.195258  0.050475  -0.193620  0.980432  -0.035570  -0.056433  0.025066  0.998092  0.001600  -0.001258  -0.000972  -0.044824  -0.011679  0.435515  2.000000  
158.745907 0.008902  0.093033  -0.026202  0.979110  0.196882  0.050810  -0.195229  0.980107  -0.035731  -0.056834  0.025065  0.998069  0.001998  -0.001417  -0.000900  -0.047997  -0.028287  0.491225  2.000000  
158.747155 0.008907  0.093029  -0.026203  0.978731  0.198705  0.051005  -0.197039  0.979739  -0.035878  -0.057101  0.025065  0.998054  0.002395  -0.001581  -0.000930  -0.051578  -0.035738  0.553650  2.000000  
158.748408 0.008912  0.093024  -0.026206  0.978350  0.200532  0.051176  -0.198849  0.979363  -0.036144  -0.057368  0.025186  0.998035  0.002771  -0.001747  -0.001103  -0.059197  -0.047637  0.616047  2.000000  
158.749419 0.008916  0.093019  -0.026209  0.978062  0.201950  0.051099  -0.200259  0.979069  -0.036337  -0.057368  0.025307  0.998032  0.003015  -0.001910  -0.001223  -0.065977  -0.046375  0.664106  2.000000  
158.750657 0.008921  0.093013  -0.026210  0.977716  0.203575  0.051276  -0.201867  0.978729  -0.036594  -0.057635  0.025427  0.998014  0.003265  -0.002206  -0.001293  -0.073301  -0.053962  0.719851  2.000000  
158.751908 0.008928  0.093004  -0.026213  0.977275  0.205605  0.051568  -0.203874  0.978301  -0.036900  -0.058036  0.025548  0.997988  0.003585  -0.002633  -0.001408  -0.081391  -0.070163  0.789308  2.000000  
158.753155 0.008936  0.092997  -0.026217  0.976831  0.207642  0.051834  -0.205881  0.977865  -0.037326  -0.058437  0.025789  0.997958  0.003995  -0.003093  -0.001654  -0.093609  -0.086333  0.859088  2.000000  
158.754402 0.008946  0.092989  -0.026219  0.976417  0.209479  0.052236  -0.207684  0.977467  -0.037770  -0.058971  0.026031  0.997920  0.004463  -0.003520  -0.001740  -0.104676  -0.101790  0.914082  2.000000  
158.755407 0.008954  0.092982  -0.026220  0.976101  0.210907  0.052392  -0.209087  0.977153  -0.038138  -0.059238  0.026272  0.997898  0.004800  -0.003935  -0.001743  -0.116498  -0.114750  0.970113  2.000000  
158.756653 0.008963  0.092972  -0.026223  0.975775  0.212345  0.052651  -0.210489  0.976832  -0.038653  -0.059639  0.026635  0.997865  0.005185  -0.004578  -0.001701  -0.131700  -0.126821  1.018826  2.000000  
158.757654 0.008971  0.092962  -0.026225  0.975499  0.213571  0.052812  -0.211691  0.976558  -0.039012  -0.059906  0.026876  0.997842  0.005470  -0.005076  -0.001699  -0.142310  -0.139121  1.060667  2.000000  
158.758901 0.008981  0.092949  -0.026229  0.975089  0.215400  0.052948  -0.213494  0.976149  -0.039404  -0.060173  0.027118  0.997820  0.005778  -0.005885  -0.001808  -0.154308  -0.146489  1.123932  2.000000  
158.759908 0.008987  0.092936  -0.026232  0.974809  0.216632  0.053082  -0.214695  0.975867  -0.039882  -0.060440  0.027481  0.997793  0.005911  -0.006699  -0.002033  -0.168460  -0.158733  1.157795  2.000000  
158.761155 0.008995  0.092920  -0.026235  0.974483  0.218058  0.053232  -0.216096  0.975542  -0.040253  -0.060707  0.027722  0.997771  0.006088  -0.007491  -0.002184  -0.179632  -0.166381  1.206843  2.000000  
158.762420 0.009002  0.092902  -0.026238  0.974191  0.219300  0.053467  -0.217294  0.975250  -0.040879  -0.061108  0.028206  0.997733  0.006282  -0.008417  -0.002269  -0.193575  -0.178648  1.234019  2.000000  
158.763656 0.009010  0.092884  -0.026242  0.973890  0.220538  0.053857  -0.218490  0.974960  -0.041416  -0.061642  0.028568  0.997689  0.006499  -0.009354  -0.002351  -0.206344  -0.192027  1.235200  2.000000  
158.764905 0.009016  0.092863  -0.026246  0.973542  0.221985  0.054210  -0.219886  0.974617  -0.042084  -0.062176  0.029051  0.997642  0.006533  -0.010241  -0.002474  -0.219943  -0.195759  1.249044  2.000000  
158.765906 0.009021  0.092847  -0.026249  0.973291  0.223019  0.054476  -0.220883  0.974370  -0.042583  -0.062577  0.029413  0.997607  0.006601  -0.011019  -0.002574  -0.233423  -0.199667  1.263084  2.000000  
158.767154 0.009026  0.092827  -0.026254  0.973038  0.224060  0.054714  -0.221879  0.974117  -0.043201  -0.062977  0.029896  0.997567  0.006473  -0.011848  -0.002643  -0.246408  -0.208092  1.270319  2.000000  
158.768154 0.009032  0.092811  -0.026257  0.972885  0.224689  0.054866  -0.222476  0.973961  -0.043649  -0.063245  0.030259  0.997539  0.006353  -0.012401  -0.002679  -0.254207  -0.221437  1.263693  2.000000  
158.769418 0.009037  0.092792  -0.026261  0.972685  0.225526  0.054981  -0.223273  0.973752  -0.044226  -0.063512  0.030742  0.997507  0.006019  -0.013283  -0.002797  -0.269156  -0.239578  1.242968  2.000000  
158.770653 0.009042  0.092772  -0.026264  0.972484  0.226369  0.055067  -0.224070  0.973537  -0.044922  -0.063779  0.031347  0.997472  0.005767  -0.013958  -0.002857  -0.282871  -0.246823  1.221190  2.000000  
158.771901 0.009047  0.092752  -0.026267  0.972282  0.227212  0.055152  -0.224867  0.973321  -0.045618  -0.064046  0.031951  0.997435  0.005468  -0.014482  -0.002876  -0.304052  -0.249094  1.202786  2.000000  
158.772911 0.009051  0.092736  -0.026269  0.972080  0.228049  0.055264  -0.225664  0.973109  -0.046195  -0.064313  0.032435  0.997403  0.005186  -0.014978  -0.002872  -0.319359  -0.249343  1.181837  2.000000  
158.774153 0.009054  0.092714  -0.026274  0.971915  0.228696  0.055487  -0.226258  0.972937  -0.046910  -0.064713  0.033039  0.997357  0.004805  -0.015487  -0.002905  -0.338195  -0.250047  1.147617  2.000000  
158.775154 0.009055  0.092694  -0.026277  0.971750  0.229344  0.055708  -0.226853  0.972764  -0.047626  -0.065114  0.033643  0.997311  0.004420  -0.015988  -0.002966  -0.357334  -0.250500  1.119985  2.000000  
158.776159 0.009056  0.092675  -0.026281  0.971593  0.229987  0.055799  -0.227449  0.972591  -0.048311  -0.065381  0.034247  0.997273  0.004064  -0.016419  -0.003093  -0.374229  -0.248618  1.097604  2.000000  
158.777408 0.009056  0.092650  -0.026286  0.971388  0.230838  0.055851  -0.228245  0.972364  -0.049125  -0.065648  0.034972  0.997230  0.003595  -0.016854  -0.003191  -0.398888  -0.251585  1.057803  2.000000  
158.778422 0.009055  0.092629  -0.026290  0.971230  0.231481  0.055940  -0.228841  0.972189  -0.049811  -0.065915  0.035576  0.997191  0.003046  -0.017261  -0.003246  -0.413463  -0.256391  1.029819  2.000000  
158.779657 0.009054  0.092604  -0.026295  0.971080  0.232127  0.055871  -0.229439  0.972008  -0.050583  -0.066048  0.036302  0.997156  0.002569  -0.017592  -0.003266  -0.432114  -0.257186  0.996064  2.000000  
158.780905 0.009052  0.092579  -0.026299  0.970929  0.232773  0.055800  -0.230036  0.971826  -0.051356  -0.066182  0.037027  0.997120  0.002054  -0.017872  -0.003316  -0.450069  -0.253536  0.954483  2.000000  
158.782158 0.009050  0.092555  -0.026305  0.970778  0.233418  0.055728  -0.230634  0.971643  -0.052128  -0.066315  0.037752  0.997084  0.001502  -0.018147  -0.003419  -0.463748  -0.245693  0.906249  2.000000  
158.783410 0.009048  0.092531  -0.026312  0.970571  0.234269  0.055774  -0.231429  0.971410  -0.052943  -0.066582  0.038477  0.997039  0.000923  -0.018484  -0.003593  -0.477550  -0.241989  0.864398  2.000000  
158.784653 0.009045  0.092506  -0.026319  0.970354  0.235124  0.055949  -0.232222  0.971174  -0.053789  -0.066983  0.039202  0.996984  0.000427  -0.018763  -0.003832  -0.488965  -0.240320  0.837073  2.000000  
158.785901 0.009042  0.092483  -0.026327  0.970193  0.235775  0.056003  -0.232817  0.970987  -0.054592  -0.067250  0.039927  0.996937  -0.000098  -0.019032  -0.004164  -0.503359  -0.232167  0.802742  2.000000  
158.786901 0.009038  0.092464  -0.026334  0.970040  0.236421  0.055927  -0.233414  0.970800  -0.055365  -0.067383  0.040652  0.996899  -0.000572  -0.019193  -0.004513  -0.518387  -0.228014  0.782160  2.000000  
158.787901 0.009035  0.092446  -0.026341  0.969935  0.236860  0.055890  -0.233811  0.970667  -0.056008  -0.067517  0.041256  0.996865  -0.001044  -0.019314  -0.004772  -0.528876  -0.224140  0.754644  2.000000  
158.789156 0.009031  0.092424  -0.026349  0.969733  0.237712  0.055772  -0.234608  0.970423  -0.056909  -0.067650  0.042102  0.996820  -0.001604  -0.019322  -0.005067  -0.547312  -0.222584  0.719785  2.000000  
158.790416 0.009026  0.092401  -0.026355  0.969579  0.238371  0.055635  -0.235205  0.970219  -0.057917  -0.067784  0.043069  0.996770  -0.002046  -0.019249  -0.005159  -0.565637  -0.218419  0.691615  2.000000  
158.791653 0.009020  0.092377  -0.026361  0.969368  0.239228  0.055644  -0.235999  0.969970  -0.058849  -0.068051  0.043915  0.996715  -0.002389  -0.019208  -0.005219  -0.577074  -0.216521  0.679417  2.000000  
158.792657 0.009016  0.092358  -0.026367  0.969262  0.239674  0.055574  -0.236396  0.969827  -0.059609  -0.068184  0.044640  0.996674  -0.002674  -0.019075  -0.005379  -0.592557  -0.205482  0.657094  2.000000  
158.793906 0.009012  0.092334  -0.026373  0.969089  0.240337  0.055722  -0.236988  0.969623  -0.060562  -0.068585  0.045485  0.996608  -0.002900  -0.018976  -0.005479  -0.603182  -0.203894  0.638067  2.000000  
158.794908 0.009009  0.092315  -0.026378  0.968982  0.240783  0.055652  -0.237384  0.969478  -0.061322  -0.068718  0.046209  0.996565  -0.003029  -0.018867  -0.005562  -0.618389  -0.193063  0.608473  2.000000  
158.796155 0.009005  0.092292  -0.026384  0.968768  0.241647  0.055626  -0.238178  0.969217  -0.062372  -0.068985  0.047176  0.996502  -0.003069  -0.018826  -0.005614  -0.633952  -0.188647  0.594594  2.000000  
158.797175 0.009004  0.092275  -0.026388  0.968661  0.242086  0.055582  -0.238575  0.969078  -0.063015  -0.069119  0.047779  0.996464  -0.003125  -0.018636  -0.005574  -0.641025  -0.179819  0.580234  2.000000  
158.798412 0.009002  0.092253  -0.026394  0.968554  0.242539  0.055480  -0.238971  0.968922  -0.063892  -0.069252  0.048625  0.996413  -0.003054  -0.018442  -0.005487  -0.648563  -0.175504  0.566553  2.000000  
158.799419 0.009002  0.092236  -0.026399  0.968447  0.242978  0.055436  -0.239368  0.968782  -0.064535  -0.069386  0.049229  0.996374  -0.002896  -0.018278  -0.005433  -0.656202  -0.175473  0.559627  2.000000  
158.800658 0.009002  0.092215  -0.026406  0.968330  0.243437  0.055461  -0.239762  0.968623  -0.065444  -0.069653  0.050074  0.996314  -0.002710  -0.018107  -0.005365  -0.663797  -0.175688  0.546133  2.000000  
158.801903 0.009002  0.092194  -0.026412  0.968163  0.244088  0.055502  -0.240356  0.968422  -0.066247  -0.069920  0.050798  0.996258  -0.002406  -0.018014  -0.005218  -0.667668  -0.171138  0.539217  2.000000  
158.803150 0.009004  0.092174  -0.026418  0.967997  0.244747  0.055512  -0.240949  0.968211  -0.067168  -0.070187  0.051643  0.996196  -0.002017  -0.017883  -0.005088  -0.674555  -0.169401  0.534970  2.000000  
158.804151 0.009006  0.092157  -0.026422  0.967929  0.244993  0.055608  -0.241144  0.968116  -0.067831  -0.070453  0.052246  0.996146  -0.001632  -0.017781  -0.004886  -0.677686  -0.169663  0.521272  2.000000  
158.805155 0.009009  0.092141  -0.026426  0.967811  0.245446  0.055660  -0.241538  0.967962  -0.068623  -0.070720  0.052970  0.996089  -0.001201  -0.017602  -0.004843  -0.682762  -0.162348  0.511660  2.000000  
158.806156 0.009012  0.092124  -0.026429  0.967743  0.245693  0.055756  -0.241732  0.967866  -0.069286  -0.070987  0.053573  0.996038  -0.000663  -0.017431  -0.004717  -0.680673  -0.165458  0.500776  2.000000  
158.807411 0.009016  0.092105  -0.026433  0.967625  0.246153  0.055777  -0.242126  0.967702  -0.070196  -0.071254  0.054418  0.995973  -0.000053  -0.017178  -0.004482  -0.685347  -0.162483  0.490927  2.000000  
158.808656 0.009022  0.092085  -0.026437  0.967507  0.246606  0.055827  -0.242520  0.967546  -0.070987  -0.071521  0.055142  0.995914  0.000693  -0.016897  -0.004326  -0.683527  -0.165625  0.480461  2.000000  
158.809661 0.009027  0.092070  -0.026439  0.967397  0.247045  0.055777  -0.242916  0.967399  -0.071630  -0.071655  0.055745  0.995871  0.001189  -0.016651  -0.004111  -0.684561  -0.166959  0.477554  2.000000  
158.810906 0.009035  0.092052  -0.026441  0.967329  0.247300  0.055841  -0.243110  0.967292  -0.072410  -0.071922  0.056469  0.995811  0.002043  -0.016282  -0.003847  -0.683907  -0.171803  0.464232  2.000000  
158.812155 0.009045  0.092035  -0.026441  0.967260  0.247554  0.055904  -0.243305  0.967185  -0.073190  -0.072188  0.057192  0.995750  0.002761  -0.016018  -0.003537  -0.681430  -0.175181  0.447031  2.000000  
158.813155 0.009054  0.092022  -0.026440  0.967200  0.247788  0.055898  -0.243501  0.967096  -0.073704  -0.072322  0.057675  0.995712  0.003468  -0.015721  -0.003130  -0.680516  -0.171155  0.433187  2.000000  
158.814156 0.009063  0.092009  -0.026439  0.967081  0.248235  0.055976  -0.243895  0.966945  -0.074378  -0.072589  0.058278  0.995658  0.004112  -0.015436  -0.002674  -0.681255  -0.172962  0.423111  2.000000  
158.815164 0.009071  0.091996  -0.026438  0.967022  0.248469  0.055969  -0.244092  0.966856  -0.074892  -0.072722  0.058760  0.995620  0.004716  -0.015151  -0.002233  -0.672061  -0.168857  0.409104  2.000000  
158.816410 0.009083  0.091979  -0.026436  0.966952  0.248724  0.056031  -0.244286  0.966746  -0.075672  -0.072989  0.059484  0.995557  0.005487  -0.014863  -0.001692  -0.671213  -0.169254  0.395443  2.000000  
158.817410 0.009092  0.091966  -0.026435  0.966893  0.248958  0.056024  -0.244483  0.966656  -0.076185  -0.073123  0.059966  0.995519  0.006003  -0.014599  -0.001269  -0.662152  -0.169717  0.381764  2.000000  
158.818420 0.009101  0.091953  -0.026434  0.966874  0.249001  0.056161  -0.244478  0.966615  -0.076719  -0.073389  0.060448  0.995470  0.006511  -0.014381  -0.000940  -0.656976  -0.174654  0.368186  2.000000  
158.819431 0.009110  0.091939  -0.026433  0.966814  0.249235  0.056154  -0.244674  0.966524  -0.077233  -0.073523  0.060930  0.995431  0.006926  -0.014185  -0.000576  -0.647615  -0.175069  0.354354  2.000000  
158.820654 0.009121  0.091922  -0.026433  0.966754  0.249476  0.056115  -0.244871  0.966424  -0.077863  -0.073656  0.061533  0.995384  0.007460  -0.014005  -0.000291  -0.637958  -0.174287  0.338228  2.000000  
158.821665 0.009130  0.091908  -0.026432  0.966684  0.249718  0.056236  -0.245065  0.966331  -0.078409  -0.073923  0.062015  0.995334  0.007842  -0.013814  0.000003  -0.629801  -0.180644  0.327442  2.000000  
158.822907 0.009141  0.091891  -0.026432  0.966624  0.249959  0.056198  -0.245262  0.966229  -0.079039  -0.074057  0.062618  0.995286  0.008222  -0.013696  0.000244  -0.619919  -0.175298  0.311085  2.000000  
158.824162 0.009152  0.091873  -0.026431  0.966605  0.250009  0.056304  -0.245257  0.966177  -0.079691  -0.074323  0.063220  0.995228  0.008510  -0.013603  0.000521  -0.607513  -0.177665  0.293212  2.000000  
158.825165 0.009161  0.091860  -0.026430  0.966545  0.250237  0.056326  -0.245453  0.966095  -0.080087  -0.074457  0.063582  0.995195  0.008715  -0.013498  0.000700  -0.594061  -0.173693  0.279137  2.000000  
158.826408 0.009171  0.091842  -0.026430  0.966475  0.250480  0.056446  -0.245648  0.966000  -0.080633  -0.074724  0.064064  0.995144  0.008808  -0.013515  0.000758  -0.576919  -0.174288  0.265518  2.000000  
158.827659 0.009182  0.091825  -0.026428  0.966475  0.250507  0.056325  -0.245648  0.965961  -0.081101  -0.074724  0.064546  0.995113  0.008875  -0.013587  0.000810  -0.563697  -0.170399  0.251592  2.000000  
158.828667 0.009191  0.091811  -0.026428  0.966415  0.250742  0.056315  -0.245844  0.965867  -0.081614  -0.074857  0.065029  0.995072  0.008815  -0.013660  0.000779  -0.558964  -0.170598  0.244710  2.000000  
158.829908 0.009200  0.091793  -0.026426  0.966415  0.250762  0.056224  -0.245844  0.965838  -0.081966  -0.074857  0.065391  0.995048  0.008723  -0.013769  0.000806  -0.545919  -0.166823  0.230837  2.000000  
158.830914 0.009207  0.091778  -0.026424  0.966415  0.250790  0.056102  -0.245844  0.965798  -0.082434  -0.074857  0.065873  0.995016  0.008548  -0.013900  0.000792  -0.540674  -0.162957  0.216813  2.000000  
158.832161 0.009215  0.091758  -0.026423  0.966364  0.251009  0.055994  -0.246043  0.965716  -0.082797  -0.074857  0.066235  0.994992  0.008322  -0.014134  0.000795  -0.523589  -0.150226  0.202410  2.000000  
158.833413 0.009222  0.091738  -0.026422  0.966364  0.251036  0.055872  -0.246043  0.965676  -0.083266  -0.074857  0.066718  0.994960  0.008078  -0.014343  0.000832  -0.509809  -0.142326  0.181283  2.000000  
158.834432 0.009228  0.091721  -0.026420  0.966304  0.251264  0.055893  -0.246239  0.965591  -0.083662  -0.074991  0.067080  0.994925  0.007784  -0.014552  0.000833  -0.501354  -0.137657  0.180957  2.000000  
158.835660 0.009234  0.091700  -0.026419  0.966304  0.251291  0.055771  -0.246239  0.965551  -0.084130  -0.074991  0.067562  0.994893  0.007474  -0.014807  0.000950  -0.488506  -0.125008  0.166583  2.000000  
158.836660 0.009239  0.091683  -0.026418  0.966304  0.251304  0.055710  -0.246239  0.965530  -0.084364  -0.074991  0.067804  0.994876  0.007269  -0.015008  0.000943  -0.475795  -0.120874  0.159477  2.000000  
158.837673 0.009243  0.091667  -0.026416  0.966304  0.251318  0.055649  -0.246239  0.965510  -0.084599  -0.074991  0.068045  0.994860  0.006947  -0.015177  0.001057  -0.462385  -0.112633  0.145141  2.000000  
158.838908 0.009250  0.091647  -0.026415  0.966313  0.251329  0.055428  -0.246242  0.965481  -0.084917  -0.074857  0.068408  0.994845  0.006642  -0.015355  0.001053  -0.445332  -0.100001  0.130677  2.000000  
158.839910 0.009254  0.091630  -0.026414  0.966323  0.251334  0.055238  -0.246244  0.965463  -0.085118  -0.074724  0.068650  0.994838  0.006390  -0.015521  0.001051  -0.436713  -0.091417  0.123276  2.000000  
158.841157 0.009260  0.091610  -0.026414  0.966323  0.251347  0.055177  -0.246244  0.965442  -0.085353  -0.074724  0.068891  0.994822  0.006004  -0.015768  0.001085  -0.420498  -0.082140  0.114906  2.000000  
158.842160 0.009265  0.091593  -0.026413  0.966323  0.251361  0.055116  -0.246244  0.965421  -0.085587  -0.074724  0.069132  0.994805  0.005773  -0.015934  0.001042  -0.406721  -0.079162  0.101852  2.000000  
158.843412 0.009271  0.091572  -0.026413  0.966333  0.251365  0.054926  -0.246247  0.965403  -0.085788  -0.074590  0.069374  0.994798  0.005447  -0.016197  0.000978  -0.389779  -0.066065  0.094109  2.000000  
158.844425 0.009275  0.091555  -0.026413  0.966383  0.251173  0.054914  -0.246048  0.965444  -0.085894  -0.074590  0.069495  0.994790  0.005195  -0.016355  0.000921  -0.376478  -0.057938  0.079766  2.000000  
158.845666 0.009280  0.091533  -0.026412  0.966393  0.251170  0.054754  -0.246050  0.965436  -0.085978  -0.074457  0.069616  0.994791  0.004978  -0.016592  0.000834  -0.355813  -0.049409  0.072371  2.000000  
158.846906 0.009285  0.091510  -0.026411  0.966393  0.251184  0.054693  -0.246050  0.965415  -0.086212  -0.074457  0.069858  0.994774  0.004775  -0.016797  0.000852  -0.344235  -0.040509  0.064369  2.000000  
158.847915 0.009289  0.091492  -0.026409  0.966403  0.251181  0.054534  -0.246053  0.965407  -0.086297  -0.074323  0.069979  0.994776  0.004652  -0.016957  0.000878  -0.330205  -0.032290  0.057432  2.000000  
158.848918 0.009293  0.091473  -0.026407  0.966403  0.251188  0.054503  -0.246053  0.965397  -0.086414  -0.074323  0.070100  0.994767  0.004558  -0.017086  0.000919  -0.318965  -0.028015  0.049857  2.000000  
158.850159 0.009299  0.091451  -0.026404  0.966463  0.250987  0.054362  -0.245856  0.965440  -0.086487  -0.074190  0.070221  0.994769  0.004493  -0.017215  0.001065  -0.301863  -0.015551  0.035335  2.000000  
158.851159 0.009303  0.091432  -0.026401  0.966463  0.250987  0.054362  -0.245856  0.965440  -0.086487  -0.074190  0.070221  0.994769  0.004421  -0.017311  0.001127  -0.285586  -0.011087  0.035031  2.000000  
158.852166 0.009308  0.091415  -0.026398  0.966473  0.250984  0.054202  -0.245859  0.965432  -0.086571  -0.074057  0.070343  0.994770  0.004435  -0.017392  0.001237  -0.271242  0.001838  0.027553  2.000000  
158.853411 0.009314  0.091393  -0.026394  0.966473  0.250984  0.054202  -0.245859  0.965432  -0.086571  -0.074057  0.070343  0.994770  0.004473  -0.017449  0.001444  -0.250397  0.005875  0.020368  2.000000  
158.854425 0.009320  0.091377  -0.026390  0.966482  0.250982  0.054043  -0.245861  0.965424  -0.086655  -0.073923  0.070464  0.994771  0.004526  -0.017445  0.001641  -0.237394  0.018867  0.012557  2.000000  
158.855659 0.009327  0.091357  -0.026385  0.966533  0.250783  0.054061  -0.245662  0.965475  -0.086644  -0.073923  0.070464  0.994771  0.004644  -0.017417  0.001936  -0.220736  0.022907  0.005371  2.000000  
158.856663 0.009333  0.091341  -0.026381  0.966542  0.250774  0.053932  -0.245665  0.965478  -0.086612  -0.073790  0.070465  0.994781  0.004728  -0.017404  0.002206  -0.207915  0.031407  -0.002127  2.000000  
158.857671 0.009339  0.091325  -0.026376  0.966542  0.250774  0.053932  -0.245665  0.965478  -0.086612  -0.073790  0.070465  0.994781  0.004880  -0.017530  0.002537  -0.195194  0.030942  -0.009018  2.000000  
158.858908 0.009347  0.091306  -0.026370  0.966542  0.250774  0.053932  -0.245665  0.965478  -0.086612  -0.073790  0.070465  0.994781  0.004931  -0.017192  0.002832  -0.181449  0.035135  -0.009252  2.000000  
158.859926 0.009353  0.091290  -0.026366  0.966542  0.250774  0.053932  -0.245665  0.965478  -0.086612  -0.073790  0.070465  0.994781  0.005058  -0.017053  0.003137  0.000000  0.000000  0.000000  2.000000  
158.861163 0.009360  0.091270  -0.026360  0.966593  0.250575  0.053950  -0.245466  0.965529  -0.086600  -0.073790  0.070465  0.994781  0.005214  -0.016919  0.003476  0.000000  0.000000  0.000000  2.000000  
158.862418 0.009367  0.091250  -0.026354  0.966593  0.250575  0.053950  -0.245466  0.965529  -0.086600  -0.073790  0.070465  0.994781  0.005344  -0.016709  0.003798  0.000000  0.000000  0.000000  2.000000  
158.863661 0.009375  0.091230  -0.026347  0.966593  0.250568  0.053980  -0.245466  0.965540  -0.086483  -0.073790  0.070344  0.994790  0.005519  -0.016529  0.004054  0.000000  0.000000  0.000000  2.000000  
158.864917 0.009383  0.091210  -0.026341  0.966593  0.250562  0.054010  -0.245466  0.965550  -0.086366  -0.073790  0.070223  0.994798  0.005729  -0.016291  0.004280  0.000000  0.000000  0.000000  2.000000  
158.866164 0.009392  0.091191  -0.026334  0.966593  0.250555  0.054041  -0.245466  0.965561  -0.086249  -0.073790  0.070103  0.994807  0.005960  -0.016063  0.004522  0.000000  0.000000  0.000000  2.000000  
158.867411 0.009401  0.091172  -0.026328  0.966593  0.250549  0.054071  -0.245466  0.965571  -0.086132  -0.073790  0.069982  0.994815  0.006106  -0.015909  0.004660  0.000000  0.000000  0.000000  2.000000  
158.868415 0.009409  0.091158  -0.026323  0.966552  0.250732  0.053955  -0.245667  0.965532  -0.085993  -0.073656  0.069862  0.994834  0.006312  -0.015671  0.004743  0.000000  0.000000  0.000000  2.000000  
158.869432 0.009416  0.091143  -0.026317  0.966552  0.250725  0.053985  -0.245667  0.965543  -0.085876  -0.073656  0.069741  0.994842  0.006423  -0.015549  0.004861  0.000000  0.000000  0.000000  2.000000  
158.870440 0.009425  0.091129  -0.026312  0.966552  0.250719  0.054016  -0.245667  0.965553  -0.085759  -0.073656  0.069621  0.994851  0.006601  -0.015444  0.004928  0.000000  0.000000  0.000000  2.000000  
158.871660 0.009435  0.091111  -0.026305  0.966552  0.250712  0.054046  -0.245667  0.965564  -0.085642  -0.073656  0.069500  0.994859  0.006801  -0.015312  0.005007  0.000000  0.000000  0.000000  2.000000  
158.872675 0.009443  0.091097  -0.026301  0.966552  0.250706  0.054076  -0.245667  0.965574  -0.085525  -0.073656  0.069379  0.994867  0.006905  -0.015210  0.005026  0.000000  0.000000  0.000000  2.000000  
158.873912 0.009453  0.091079  -0.026294  0.966492  0.250907  0.054218  -0.245864  0.965530  -0.085452  -0.073790  0.069258  0.994866  0.007082  -0.015102  0.005092  0.000000  0.000000  0.000000  2.000000  
158.874914 0.009460  0.091064  -0.026290  0.966492  0.250900  0.054249  -0.245864  0.965541  -0.085334  -0.073790  0.069137  0.994874  0.007150  -0.015086  0.005091  0.000000  0.000000  0.000000  2.000000  
158.876167 0.009469  0.091045  -0.026284  0.966492  0.250887  0.054310  -0.245864  0.965562  -0.085100  -0.073790  0.068896  0.994891  0.007269  -0.014963  0.005022  0.000000  0.000000  0.000000  2.000000  
158.877413 0.009478  0.091027  -0.026279  0.966441  0.251079  0.054322  -0.246063  0.965520  -0.084994  -0.073790  0.068775  0.994900  0.007361  -0.014893  0.004990  0.000000  0.000000  0.000000  2.000000  
158.878417 0.009485  0.091012  -0.026275  0.966441  0.251073  0.054353  -0.246063  0.965530  -0.084877  -0.073790  0.068655  0.994908  0.007443  -0.014770  0.004892  0.000000  0.000000  0.000000  2.000000  
158.879423 0.009492  0.090998  -0.026272  0.966441  0.251066  0.054383  -0.246063  0.965541  -0.084760  -0.073790  0.068534  0.994916  0.007466  -0.014728  0.004772  0.000000  0.000000  0.000000  2.000000  
158.880659 0.009500  0.090980  -0.026267  0.966390  0.251252  0.054427  -0.246262  0.965510  -0.084537  -0.073790  0.068292  0.994933  0.007473  -0.014607  0.004681  0.000000  0.000000  0.000000  2.000000  
158.881668 0.009507  0.090965  -0.026264  0.966390  0.251245  0.054457  -0.246262  0.965520  -0.084420  -0.073790  0.068172  0.994941  0.007457  -0.014545  0.004513  0.000000  0.000000  0.000000  2.000000  
158.882922 0.009516  0.090947  -0.026260  0.966390  0.251232  0.054518  -0.246262  0.965540  -0.084186  -0.073790  0.067930  0.994958  0.007401  -0.014525  0.004350  0.000000  0.000000  0.000000  2.000000  
158.884158 0.009525  0.090929  -0.026257  0.966340  0.251417  0.054562  -0.246460  0.965509  -0.083963  -0.073790  0.067689  0.994974  0.007375  -0.014489  0.004144  0.000000  0.000000  0.000000  2.000000  
158.885159 0.009532  0.090914  -0.026255  0.966340  0.251411  0.054592  -0.246460  0.965519  -0.083846  -0.073790  0.067568  0.994982  0.007251  -0.014524  0.003876  0.000000  0.000000  0.000000  2.000000  
158.886169 0.009538  0.090900  -0.026253  0.966340  0.251397  0.054653  -0.246460  0.965539  -0.083611  -0.073790  0.067327  0.994999  0.007141  -0.014561  0.003640  0.000000  0.000000  0.000000  2.000000  
158.887410 0.009546  0.090881  -0.026251  0.966298  0.251574  0.054568  -0.246662  0.965510  -0.083355  -0.073656  0.067086  0.995025  0.007036  -0.014573  0.003362  0.000000  0.000000  0.000000  2.000000  
158.888410 0.009552  0.090866  -0.026250  0.966298  0.251568  0.054599  -0.246662  0.965520  -0.083238  -0.073656  0.066966  0.995033  0.006927  -0.014643  0.003104  0.000000  0.000000  0.000000  2.000000  
158.889412 0.009559  0.090851  -0.026249  0.966248  0.251760  0.054612  -0.246861  0.965479  -0.083132  -0.073656  0.066845  0.995041  0.006820  -0.014720  0.002847  0.000000  0.000000  0.000000  2.000000  
158.890422 0.009565  0.090835  -0.026248  0.966248  0.251747  0.054673  -0.246861  0.965499  -0.082898  -0.073656  0.066603  0.995057  0.006739  -0.014743  0.002618  0.000000  0.000000  0.000000  2.000000  
158.891656 0.009572  0.090816  -0.026247  0.966248  0.251740  0.054704  -0.246861  0.965509  -0.082781  -0.073656  0.066483  0.995065  0.006638  -0.014833  0.002311  0.000000  0.000000  0.000000  2.000000  
158.892667 0.009578  0.090800  -0.026247  0.966197  0.251932  0.054717  -0.247060  0.965467  -0.082675  -0.073656  0.066362  0.995073  0.006579  -0.014901  0.002042  0.000000  0.000000  0.000000  2.000000  
158.893909 0.009586  0.090780  -0.026246  0.966197  0.251919  0.054778  -0.247060  0.965487  -0.082441  -0.073656  0.066121  0.995089  0.006550  -0.014969  0.001834  0.000000  0.000000  0.000000  2.000000  
158.894919 0.009593  0.090765  -0.026246  0.966197  0.251912  0.054809  -0.247060  0.965497  -0.082324  -0.073656  0.066000  0.995097  0.006519  -0.014984  0.001526  0.000000  0.000000  0.000000  2.000000  
158.896173 0.009602  0.090747  -0.026245  0.966146  0.252098  0.054853  -0.247259  0.965465  -0.082101  -0.073656  0.065759  0.995113  0.006544  -0.015054  0.001305  0.000000  0.000000  0.000000  2.000000  
158.897421 0.009611  0.090727  -0.026245  0.966155  0.252076  0.054785  -0.247261  0.965487  -0.081834  -0.073523  0.065518  0.995139  0.006550  -0.015187  0.001084  0.000000  0.000000  0.000000  2.000000  
158.898662 0.009620  0.090708  -0.026245  0.966155  0.252069  0.054816  -0.247261  0.965497  -0.081717  -0.073523  0.065397  0.995147  0.006590  -0.015193  0.000878  0.000000  0.000000  0.000000  2.000000  
158.899664 0.009627  0.090693  -0.026245  0.966105  0.252255  0.054860  -0.247460  0.965465  -0.081494  -0.073523  0.065156  0.995163  0.006610  -0.015271  0.000683  0.000000  0.000000  0.000000  2.000000  
158.900702 0.009635  0.090678  -0.026246  0.966105  0.252248  0.054891  -0.247460  0.965475  -0.081377  -0.073523  0.065035  0.995171  0.006652  -0.015299  0.000530  0.000000  0.000000  0.000000  2.000000  
158.901914 0.009644  0.090658  -0.026246  0.966105  0.252241  0.054922  -0.247460  0.965485  -0.081259  -0.073523  0.064914  0.995179  0.006736  -0.015410  0.000338  0.000000  0.000000  0.000000  2.000000  
158.903164 0.009653  0.090638  -0.026247  0.966054  0.252427  0.054966  -0.247659  0.965452  -0.081037  -0.073523  0.064673  0.995194  0.006823  -0.015451  0.000233  0.000000  0.000000  0.000000  2.000000  
158.904418 0.009662  0.090618  -0.026248  0.966054  0.252420  0.054997  -0.247659  0.965462  -0.080919  -0.073523  0.064552  0.995202  0.006912  -0.015485  0.000075  0.000000  0.000000  0.000000  2.000000  
158.905661 0.009672  0.090599  -0.026248  0.966054  0.252407  0.055058  -0.247659  0.965482  -0.080685  -0.073523  0.064311  0.995218  0.007055  -0.015458  0.000007  0.000000  0.000000  0.000000  2.000000  
158.906906 0.009681  0.090579  -0.026250  0.966003  0.252599  0.055072  -0.247858  0.965440  -0.080579  -0.073523  0.064190  0.995226  0.007196  -0.015483  -0.000176  0.000000  0.000000  0.000000  2.000000  
158.907923 0.009689  0.090563  -0.026251  0.966003  0.252592  0.055103  -0.247858  0.965449  -0.080462  -0.073523  0.064069  0.995233  0.007266  -0.015493  -0.000274  0.000000  0.000000  0.000000  2.000000  
158.909165 0.009699  0.090544  -0.026252  0.965952  0.252784  0.055117  -0.248057  0.965407  -0.080357  -0.073523  0.063949  0.995241  0.007426  -0.015493  -0.000365  0.000000  0.000000  0.000000  2.000000  
158.910427 0.009710  0.090525  -0.026253  0.965952  0.252777  0.055147  -0.248057  0.965417  -0.080240  -0.073523  0.063828  0.995249  0.007557  -0.015515  -0.000509  0.000000  0.000000  0.000000  2.000000  
158.911666 0.009720  0.090506  -0.026254  0.965952  0.252764  0.055209  -0.248057  0.965436  -0.080005  -0.073523  0.063586  0.995264  0.007638  -0.015548  -0.000651  0.000000  0.000000  0.000000  2.000000  
158.912913 0.009731  0.090486  -0.026255  0.965900  0.252956  0.055223  -0.248255  0.965394  -0.079900  -0.073523  0.063466  0.995272  0.007714  -0.015581  -0.000738  0.000000  0.000000  0.000000  2.000000  
158.914163 0.009741  0.090467  -0.026257  0.965849  0.253148  0.055237  -0.248454  0.965351  -0.079794  -0.073523  0.063345  0.995280  0.007805  -0.015542  -0.000821  0.000000  0.000000  0.000000  2.000000  
158.915415 0.009751  0.090448  -0.026258  0.965849  0.253141  0.055268  -0.248454  0.965361  -0.079677  -0.073523  0.063224  0.995287  0.007899  -0.015620  -0.000879  0.000000  0.000000  0.000000  2.000000  
158.916667 0.009761  0.090429  -0.026260  0.965798  0.253334  0.055282  -0.248653  0.965319  -0.079571  -0.073523  0.063103  0.995295  0.007925  -0.015549  -0.000898  0.000000  0.000000  0.000000  2.000000  
158.917913 0.009771  0.090409  -0.026261  0.965747  0.253532  0.055266  -0.248852  0.965266  -0.079582  -0.073523  0.063103  0.995295  0.007958  -0.015524  -0.000957  0.000000  0.000000  0.000000  2.000000  
158.919163 0.009780  0.090390  -0.026262  0.965747  0.253526  0.055296  -0.248852  0.965276  -0.079465  -0.073523  0.062983  0.995303  0.007970  -0.015522  -0.000969  0.000000  0.000000  0.000000  2.000000  
158.920417 0.009790  0.090370  -0.026265  0.965696  0.253718  0.055311  -0.249051  0.965234  -0.079360  -0.073523  0.062862  0.995310  0.007981  -0.015497  -0.001102  0.000000  0.000000  0.000000  2.000000  
158.921677 0.009799  0.090351  -0.026266  0.965644  0.253910  0.055325  -0.249250  0.965191  -0.079254  -0.073523  0.062741  0.995318  0.007952  -0.015434  -0.001115  0.000000  0.000000  0.000000  2.000000  
158.922909 0.009808  0.090332  -0.026268  0.965593  0.254108  0.055309  -0.249448  0.965139  -0.079265  -0.073523  0.062741  0.995318  0.007941  -0.015416  -0.001167  0.000000  0.000000  0.000000  2.000000  
158.924171 0.009818  0.090314  -0.026270  0.965593  0.254102  0.055340  -0.249448  0.965148  -0.079148  -0.073523  0.062621  0.995326  0.007875  -0.015331  -0.001225  0.000000  0.000000  0.000000  2.000000  
158.925409 0.009827  0.090295  -0.026273  0.965542  0.254294  0.055354  -0.249647  0.965105  -0.079043  -0.073523  0.062500  0.995333  0.007783  -0.015324  -0.001322  0.000000  0.000000  0.000000  2.000000  
158.926413 0.009834  0.090281  -0.026275  0.965490  0.254492  0.055338  -0.249846  0.965053  -0.079054  -0.073523  0.062500  0.995333  0.007727  -0.015268  -0.001375  0.000000  0.000000  0.000000  2.000000  
158.927678 0.009843  0.090262  -0.026277  0.965439  0.254684  0.055353  -0.250045  0.965010  -0.078948  -0.073523  0.062379  0.995341  0.007619  -0.015201  -0.001488  0.000000  0.000000  0.000000  2.000000  
158.928916 0.009852  0.090243  -0.026280  0.965439  0.254684  0.055353  -0.250045  0.965010  -0.078948  -0.073523  0.062379  0.995341  0.007520  -0.015189  -0.001510  0.000000  0.000000  0.000000  2.000000  
158.930170 0.009860  0.090225  -0.026282  0.965387  0.254883  0.055336  -0.250243  0.964958  -0.078960  -0.073523  0.062379  0.995341  0.007379  -0.015163  -0.001602  0.000000  0.000000  0.000000  2.000000  
158.931422 0.009868  0.090206  -0.026285  0.965336  0.255075  0.055351  -0.250442  0.964915  -0.078854  -0.073523  0.062258  0.995348  0.007269  -0.015088  -0.001725  0.000000  0.000000  0.000000  2.000000  
158.932425 0.009875  0.090191  -0.026287  0.965336  0.255075  0.055351  -0.250442  0.964915  -0.078854  -0.073523  0.062258  0.995348  0.007206  -0.015048  -0.001752  0.000000  0.000000  0.000000  2.000000  
158.933656 0.009882  0.090172  -0.026290  0.965284  0.255273  0.055335  -0.250641  0.964862  -0.078865  -0.073523  0.062258  0.995348  0.007068  -0.015004  -0.001893  0.000000  0.000000  0.000000  2.000000  
158.934667 0.009888  0.090158  -0.026293  0.965284  0.255273  0.055335  -0.250641  0.964862  -0.078865  -0.073523  0.062258  0.995348  0.006958  -0.014942  -0.001984  0.000000  0.000000  0.000000  2.000000  
158.935671 0.009895  0.090144  -0.026296  0.965242  0.255464  0.055190  -0.250842  0.964812  -0.078843  -0.073389  0.062259  0.995358  0.006877  -0.014830  -0.002086  0.000000  0.000000  0.000000  2.000000  
158.936673 0.009901  0.090130  -0.026298  0.965242  0.255464  0.055190  -0.250842  0.964812  -0.078843  -0.073389  0.062259  0.995358  0.006850  -0.014764  -0.002087  0.000000  0.000000  0.000000  2.000000  
158.937926 0.009910  0.090113  -0.026301  0.965242  0.255464  0.055190  -0.250842  0.964812  -0.078843  -0.073389  0.062259  0.995358  0.006752  -0.014631  -0.002167  0.000000  0.000000  0.000000  2.000000  
158.939168 0.009917  0.090095  -0.026304  0.965190  0.255663  0.055174  -0.251041  0.964759  -0.078855  -0.073389  0.062259  0.995358  0.006648  -0.014583  -0.002226  0.000000  0.000000  0.000000  2.000000  
158.940419 0.009925  0.090078  -0.026307  0.965200  0.255655  0.055045  -0.251043  0.964761  -0.078821  -0.073256  0.062260  0.995368  0.006586  -0.014434  -0.002290  0.000000  0.000000  0.000000  2.000000  
158.941658 0.009933  0.090062  -0.026310  0.965200  0.255655  0.055045  -0.251043  0.964761  -0.078821  -0.073256  0.062260  0.995368  0.006502  -0.014349  -0.002283  0.000000  0.000000  0.000000  2.000000  
158.942666 0.009940  0.090048  -0.026313  0.965158  0.255845  0.054900  -0.251244  0.964711  -0.078799  -0.073123  0.062260  0.995378  0.006473  -0.014255  -0.002357  0.000000  0.000000  0.000000  2.000000  
158.943915 0.009948  0.090032  -0.026317  0.965158  0.255845  0.054900  -0.251244  0.964711  -0.078799  -0.073123  0.062260  0.995378  0.006382  -0.014117  -0.002465  0.000000  0.000000  0.000000  2.000000  
158.945036 0.009954  0.090019  -0.026319  0.965167  0.255837  0.054771  -0.251247  0.964713  -0.078765  -0.072989  0.062261  0.995387  0.006314  -0.013862  -0.002487  0.000000  0.000000  0.000000  2.000000  
158.946159 0.009962  0.090002  -0.026322  0.965167  0.255844  0.054740  -0.251247  0.964703  -0.078882  -0.072989  0.062382  0.995380  0.006348  -0.013825  -0.002529  0.000000  0.000000  0.000000  2.000000  
158.947160 0.009968  0.089989  -0.026326  0.965177  0.255836  0.054611  -0.251249  0.964705  -0.078849  -0.072856  0.062382  0.995390  0.006314  -0.013698  -0.002655  0.000000  0.000000  0.000000  2.000000  
158.948420 0.009975  0.089973  -0.026330  0.965186  0.255828  0.054482  -0.251252  0.964708  -0.078815  -0.072722  0.062383  0.995399  0.006313  -0.013486  -0.002649  0.000000  0.000000  0.000000  2.000000  
