1-Time 2-Px 3-Py 4-Pz 5-R11 6-R21 7-R31 8-R12 9-R22 10-R32 11-R13 12-R23 13-R33 14-Vx 15-Vy 16-Vz 17-Wx 18-Wy 19-Wz 20-state 21-PR11 22-PR21 23-PR31 24-PR12 25-PR22 26-PR32 27-PR13 28-PR23 29-PR33 
155.973648 0.010395  0.095795  -0.020282  0.992635  0.102288  -0.064902  -0.099856  0.994210  0.039682  0.068585  -0.032909  0.997102  -0.001554  -0.001368  -0.002037  0.000000  0.000000  0.000000  2.000000  
155.974650 0.010394  0.095793  -0.020284  0.992635  0.102288  -0.064902  -0.099856  0.994210  0.039682  0.068585  -0.032909  0.997102  -0.001559  -0.001374  -0.002024  0.000000  0.000000  0.000000  2.000000  
155.975651 0.010394  0.095791  -0.020285  0.992585  0.102702  -0.065018  -0.100263  0.994168  0.039722  0.068718  -0.032909  0.997093  -0.001502  -0.001415  -0.001952  0.000000  0.000000  0.000000  2.000000  
155.976658 0.010394  0.095790  -0.020286  0.992514  0.103328  -0.065114  -0.100876  0.994099  0.039897  0.068852  -0.033029  0.997080  -0.001354  -0.001432  -0.001894  0.000000  0.000000  0.000000  2.000000  
155.977902 0.010394  0.095787  -0.020289  0.992463  0.103750  -0.065217  -0.101283  0.994051  0.040057  0.068985  -0.033150  0.997067  -0.001196  -0.001557  -0.001874  0.000000  0.000000  0.000000  2.000000  
155.978905 0.010396  0.095784  -0.020291  0.992433  0.103959  -0.065342  -0.101487  0.994029  0.040084  0.069119  -0.033150  0.997058  -0.001017  -0.001628  -0.001841  0.000000  0.000000  0.000000  2.000000  
155.980153 0.010398  0.095781  -0.020293  0.992352  0.104589  -0.065570  -0.102098  0.993959  0.040273  0.069386  -0.033270  0.997035  -0.000713  -0.001749  -0.001814  0.000000  0.000000  0.000000  2.000000  
155.981156 0.010400  0.095779  -0.020294  0.992270  0.105220  -0.065797  -0.102709  0.993888  0.040461  0.069653  -0.033390  0.997012  -0.000452  -0.001792  -0.001771  0.000000  0.000000  0.000000  2.000000  
155.982408 0.010403  0.095776  -0.020296  0.992136  0.106256  -0.066154  -0.103727  0.993778  0.040570  0.070053  -0.033389  0.996984  -0.000137  -0.001808  -0.001715  0.000000  0.000000  0.000000  2.000000  
155.983650 0.010406  0.095773  -0.020298  0.992031  0.107092  -0.066373  -0.104542  0.993684  0.040773  0.070320  -0.033510  0.996961  0.000165  -0.001954  -0.001711  0.017532  0.051945  0.195119  2.000000  
155.984650 0.010409  0.095771  -0.020301  0.991926  0.107919  -0.066604  -0.105357  0.993595  0.040856  0.070587  -0.033509  0.996943  0.000499  -0.002000  -0.001759  0.019001  0.060235  0.216100  2.000000  
155.985653 0.010412  0.095770  -0.020304  0.991842  0.108549  -0.066831  -0.105968  0.993522  0.041046  0.070854  -0.033629  0.996920  0.000800  -0.001970  -0.001832  0.024551  0.068508  0.237075  2.000000  
155.986899 0.010416  0.095770  -0.020306  0.991714  0.109581  -0.067054  -0.106986  0.993409  0.041144  0.071121  -0.033629  0.996901  0.001247  -0.001855  -0.001852  0.031075  0.076354  0.271861  2.000000  
155.987903 0.010419  0.095768  -0.020308  0.991597  0.110421  -0.067405  -0.107800  0.993312  0.041363  0.071521  -0.033749  0.996868  0.001559  -0.001873  -0.001868  0.036667  0.089142  0.293069  2.000000  
155.989148 0.010424  0.095766  -0.020311  0.991457  0.111456  -0.067760  -0.108817  0.993196  0.041476  0.071922  -0.033748  0.996839  0.001996  -0.001860  -0.001887  0.039174  0.101514  0.328167  2.000000  
155.990150 0.010429  0.095765  -0.020314  0.991338  0.112296  -0.068110  -0.109631  0.993097  0.041696  0.072322  -0.033868  0.996806  0.002444  -0.001803  -0.001959  0.045253  0.114014  0.356103  2.000000  
155.991159 0.010435  0.095764  -0.020316  0.991218  0.113136  -0.068459  -0.110444  0.992998  0.041917  0.072722  -0.033988  0.996773  0.002788  -0.001771  -0.002004  0.050842  0.126715  0.377065  2.000000  
155.992398 0.010441  0.095761  -0.020317  0.991098  0.113975  -0.068809  -0.111257  0.992898  0.042138  0.073123  -0.034108  0.996740  0.003112  -0.001784  -0.001989  0.056523  0.138188  0.402050  2.000000  
155.993408 0.010446  0.095758  -0.020318  0.990967  0.114819  -0.069290  -0.112068  0.992797  0.042375  0.073656  -0.034227  0.996696  0.003360  -0.001824  -0.001907  0.067171  0.156262  0.433244  2.000000  
155.994654 0.010452  0.095752  -0.020320  0.990812  0.115876  -0.069748  -0.113084  0.992665  0.042748  0.074190  -0.034468  0.996648  0.003678  -0.001970  -0.001911  0.077443  0.173317  0.461638  2.000000  
155.995903 0.010459  0.095746  -0.020322  0.990655  0.116925  -0.070220  -0.114099  0.992538  0.043001  0.074724  -0.034587  0.996604  0.003928  -0.002193  -0.001869  0.084099  0.190045  0.496612  2.000000  
155.997154 0.010465  0.095740  -0.020322  0.990511  0.117782  -0.070818  -0.114909  0.992429  0.043376  0.075391  -0.034827  0.996546  0.004198  -0.002481  -0.001799  0.094572  0.211883  0.525899  2.000000  
155.998408 0.010471  0.095731  -0.020323  0.990400  0.118422  -0.071307  -0.115516  0.992348  0.043602  0.075925  -0.034946  0.996501  0.004388  -0.002832  -0.001651  0.104186  0.228757  0.546215  2.000000  
155.999415 0.010475  0.095724  -0.020324  0.990298  0.119058  -0.071663  -0.116124  0.992268  0.043813  0.076325  -0.035066  0.996466  0.004486  -0.003187  -0.001523  0.109340  0.241663  0.560312  2.000000  
156.000653 0.010481  0.095715  -0.020325  0.990161  0.119902  -0.072142  -0.116935  0.992162  0.044055  0.076858  -0.035186  0.996421  0.004649  -0.003642  -0.001414  0.115651  0.258824  0.588897  2.000000  
156.001898 0.010488  0.095706  -0.020327  0.989999  0.120951  -0.072611  -0.117949  0.992030  0.044313  0.077392  -0.035305  0.996375  0.004781  -0.004227  -0.001351  0.122402  0.275571  0.623976  2.000000  
156.002901 0.010492  0.095699  -0.020328  0.989930  0.121378  -0.072843  -0.118354  0.991974  0.044495  0.077659  -0.035425  0.996350  0.004848  -0.004584  -0.001294  0.127558  0.284013  0.638011  2.000000  
156.003903 0.010496  0.095692  -0.020328  0.989850  0.121809  -0.073207  -0.118758  0.991917  0.044692  0.078059  -0.035545  0.996315  0.004872  -0.005018  -0.001156  0.136889  0.297105  0.652443  2.000000  
156.005153 0.010502  0.095684  -0.020328  0.989735  0.122441  -0.073708  -0.119365  0.991839  0.044802  0.078592  -0.035543  0.996273  0.004823  -0.005533  -0.000896  0.137541  0.314781  0.659806  2.000000  
156.006407 0.010508  0.095676  -0.020327  0.989630  0.123076  -0.074063  -0.119972  0.991756  0.045015  0.078993  -0.035663  0.996237  0.004810  -0.005864  -0.000680  0.137125  0.320875  0.661724  2.000000  
156.007648 0.010513  0.095666  -0.020325  0.989549  0.123508  -0.074426  -0.120376  0.991698  0.045215  0.079393  -0.035783  0.996201  0.004713  -0.006331  -0.000509  0.140868  0.325511  0.655001  2.000000  
156.008653 0.010515  0.095657  -0.020323  0.989467  0.123940  -0.074790  -0.120779  0.991640  0.045414  0.079793  -0.035903  0.996165  0.004551  -0.006659  -0.000297  0.141542  0.334088  0.662133  2.000000  
156.009657 0.010518  0.095649  -0.020321  0.989396  0.124357  -0.075035  -0.121184  0.991588  0.045477  0.080060  -0.035902  0.996143  0.004378  -0.006933  -0.000031  0.138801  0.336785  0.667566  2.000000  
156.010906 0.010521  0.095637  -0.020318  0.989339  0.124585  -0.075408  -0.121384  0.991555  0.045662  0.080460  -0.036021  0.996107  0.004114  -0.007342  0.000269  0.137478  0.341960  0.647137  2.000000  
156.012153 0.010523  0.095624  -0.020314  0.989257  0.125017  -0.075771  -0.121787  0.991496  0.045862  0.080860  -0.036141  0.996070  0.003841  -0.007728  0.000554  0.140269  0.342705  0.626562  2.000000  
156.013156 0.010524  0.095613  -0.020310  0.989210  0.125231  -0.076026  -0.121988  0.991469  0.045910  0.081127  -0.036140  0.996048  0.003630  -0.008034  0.000847  0.135221  0.347527  0.612728  2.000000  
156.014409 0.010526  0.095599  -0.020305  0.989128  0.125653  -0.076404  -0.122391  0.991416  0.045990  0.081527  -0.036139  0.996016  0.003384  -0.008298  0.001226  0.133870  0.348217  0.591968  2.000000  
156.015652 0.010528  0.095587  -0.020301  0.989045  0.126085  -0.076766  -0.122795  0.991357  0.046191  0.081927  -0.036259  0.995979  0.003082  -0.008563  0.001627  0.132464  0.350049  0.580561  2.000000  
156.016653 0.010529  0.095576  -0.020297  0.989023  0.126095  -0.077031  -0.122792  0.991355  0.046224  0.082193  -0.036258  0.995957  0.002773  -0.008851  0.002020  0.131059  0.354149  0.550868  2.000000  
156.017654 0.010529  0.095565  -0.020293  0.988976  0.126308  -0.077286  -0.122993  0.991328  0.046273  0.082460  -0.036257  0.995935  0.002529  -0.009103  0.002329  0.125574  0.350377  0.530077  2.000000  
156.018672 0.010531  0.095555  -0.020290  0.988929  0.126522  -0.077541  -0.123194  0.991301  0.046322  0.082727  -0.036256  0.995913  0.002333  -0.009319  0.002576  0.124014  0.350836  0.508992  2.000000  
156.019929 0.010533  0.095542  -0.020286  0.988856  0.126940  -0.077786  -0.123598  0.991248  0.046387  0.082993  -0.036256  0.995890  0.002067  -0.009596  0.002822  0.118503  0.342478  0.487908  2.000000  
156.021160 0.010534  0.095530  -0.020283  0.988819  0.127149  -0.077909  -0.123800  0.991221  0.046419  0.083127  -0.036255  0.995879  0.001773  -0.009898  0.003006  0.112509  0.334756  0.460486  2.000000  
156.022412 0.010535  0.095517  -0.020280  0.988772  0.127362  -0.078163  -0.124001  0.991193  0.046468  0.083393  -0.036254  0.995857  0.001503  -0.010102  0.003106  0.107036  0.326623  0.439696  2.000000  
156.023667 0.010535  0.095504  -0.020276  0.988735  0.127571  -0.078286  -0.124203  0.991167  0.046501  0.083527  -0.036254  0.995846  0.001306  -0.010233  0.003162  0.096767  0.313812  0.411335  2.000000  
156.024911 0.010535  0.095491  -0.020274  0.988687  0.127785  -0.078541  -0.124404  0.991139  0.046551  0.083793  -0.036253  0.995823  0.001068  -0.010355  0.003143  0.090672  0.305806  0.383489  2.000000  
156.025914 0.010535  0.095481  -0.020271  0.988662  0.127989  -0.078531  -0.124608  0.991113  0.046567  0.083793  -0.036253  0.995823  0.000890  -0.010383  0.003113  0.081509  0.288231  0.369033  2.000000  
156.027155 0.010534  0.095468  -0.020268  0.988625  0.128198  -0.078654  -0.124810  0.991086  0.046600  0.083927  -0.036253  0.995812  0.000753  -0.010396  0.003068  0.075947  0.271059  0.347832  2.000000  
156.028183 0.010534  0.095458  -0.020266  0.988614  0.128193  -0.078802  -0.124808  0.991091  0.046496  0.084060  -0.036132  0.995805  0.000634  -0.010286  0.002931  0.066180  0.262637  0.326612  2.000000  
156.029422 0.010534  0.095446  -0.020262  0.988577  0.128402  -0.078924  -0.125010  0.991064  0.046529  0.084193  -0.036131  0.995794  0.000496  -0.010171  0.002833  0.060556  0.249925  0.305525  2.000000  
156.030666 0.010534  0.095435  -0.020259  0.988540  0.128611  -0.079047  -0.125212  0.991037  0.046562  0.084327  -0.036131  0.995783  0.000410  -0.010076  0.002772  0.054928  0.237258  0.284488  2.000000  
156.031903 0.010535  0.095424  -0.020256  0.988514  0.128805  -0.079053  -0.125416  0.991016  0.046458  0.084327  -0.036010  0.995787  0.000403  -0.009898  0.002682  0.045160  0.224555  0.263370  2.000000  
156.032908 0.010536  0.095416  -0.020253  0.988477  0.129014  -0.079175  -0.125618  0.990989  0.046491  0.084460  -0.036010  0.995776  0.000404  -0.009706  0.002618  0.040029  0.216046  0.249272  2.000000  
156.033924 0.010537  0.095409  -0.020251  0.988451  0.129218  -0.079166  -0.125822  0.990962  0.046507  0.084460  -0.036010  0.995776  0.000379  -0.009514  0.002546  0.035418  0.202681  0.241767  2.000000  
156.035158 0.010539  0.095400  -0.020248  0.988451  0.129208  -0.079182  -0.125822  0.990968  0.046387  0.084460  -0.035889  0.995780  0.000434  -0.009299  0.002503  0.026199  0.189773  0.227590  2.000000  
156.036420 0.010542  0.095391  -0.020247  0.988425  0.129403  -0.079188  -0.126025  0.990947  0.046283  0.084460  -0.035768  0.995785  0.000516  -0.009008  0.002346  0.021041  0.172228  0.213048  2.000000  
156.037661 0.010544  0.095382  -0.020246  0.988399  0.129607  -0.079178  -0.126229  0.990920  0.046300  0.084460  -0.035768  0.995785  0.000648  -0.008784  0.002149  0.015883  0.159323  0.198904  2.000000  
156.038914 0.010547  0.095372  -0.020246  0.988373  0.129801  -0.079184  -0.126432  0.990899  0.046196  0.084460  -0.035647  0.995789  0.000795  -0.008664  0.002021  0.007199  0.146051  0.191475  2.000000  
156.040155 0.010550  0.095363  -0.020245  0.988347  0.129996  -0.079191  -0.126635  0.990878  0.046092  0.084460  -0.035526  0.995793  0.000970  -0.008396  0.001830  -0.000919  0.136004  0.189668  2.000000  
156.041155 0.010553  0.095356  -0.020246  0.988358  0.129991  -0.079059  -0.126637  0.990879  0.046075  0.084327  -0.035527  0.995805  0.001193  -0.008174  0.001654  -0.002043  0.119655  0.176816  2.000000  
156.042158 0.010555  0.095348  -0.020247  0.988332  0.130185  -0.079065  -0.126840  0.990857  0.045971  0.084327  -0.035406  0.995809  0.001436  -0.007951  0.001449  0.000000  0.000000  0.000000  2.000000  
156.043158 0.010558  0.095341  -0.020246  0.988332  0.130185  -0.079065  -0.126840  0.990857  0.045971  0.084327  -0.035406  0.995809  0.001639  -0.007834  0.001306  0.000000  0.000000  0.000000  2.000000  
156.044162 0.010562  0.095333  -0.020246  0.988317  0.130385  -0.078923  -0.127045  0.990831  0.045970  0.084193  -0.035406  0.995820  0.001932  -0.007681  0.001079  0.000000  0.000000  0.000000  2.000000  
156.045163 0.010566  0.095327  -0.020246  0.988291  0.130589  -0.078914  -0.127249  0.990804  0.045987  0.084193  -0.035406  0.995820  0.002167  -0.007470  0.000907  0.000000  0.000000  0.000000  2.000000  
156.046405 0.010571  0.095319  -0.020247  0.988265  0.130793  -0.078904  -0.127452  0.990777  0.046003  0.084193  -0.035406  0.995820  0.002468  -0.007275  0.000686  0.000000  0.000000  0.000000  2.000000  
156.047414 0.010575  0.095313  -0.020246  0.988265  0.130793  -0.078904  -0.127452  0.990777  0.046003  0.084193  -0.035406  0.995820  0.002683  -0.007130  0.000574  0.000000  0.000000  0.000000  2.000000  
156.048419 0.010580  0.095308  -0.020245  0.988265  0.130793  -0.078904  -0.127452  0.990777  0.046003  0.084193  -0.035406  0.995820  0.002928  -0.006958  0.000387  0.000000  0.000000  0.000000  2.000000  
156.049657 0.010586  0.095302  -0.020245  0.988250  0.130982  -0.078779  -0.127657  0.990757  0.045882  0.084060  -0.035286  0.995836  0.003170  -0.006800  0.000301  0.000000  0.000000  0.000000  2.000000  
156.050662 0.010591  0.095297  -0.020244  0.988250  0.130982  -0.078779  -0.127657  0.990757  0.045882  0.084060  -0.035286  0.995836  0.003396  -0.006648  0.000279  0.000000  0.000000  0.000000  2.000000  
156.051666 0.010596  0.095292  -0.020243  0.988223  0.131186  -0.078769  -0.127861  0.990730  0.045898  0.084060  -0.035286  0.995836  0.003559  -0.006459  0.000246  0.000000  0.000000  0.000000  2.000000  
156.052912 0.010601  0.095287  -0.020242  0.988223  0.131186  -0.078769  -0.127861  0.990730  0.045898  0.084060  -0.035286  0.995836  0.003777  -0.006195  0.000248  0.000000  0.000000  0.000000  2.000000  
156.054153 0.010607  0.095281  -0.020240  0.988197  0.131381  -0.078776  -0.128064  0.990708  0.045794  0.084060  -0.035165  0.995840  0.003960  -0.005989  0.000318  0.000000  0.000000  0.000000  2.000000  
156.055415 0.010613  0.095275  -0.020239  0.988208  0.131376  -0.078643  -0.128065  0.990709  0.045777  0.083927  -0.035166  0.995851  0.004138  -0.005705  0.000439  0.000000  0.000000  0.000000  2.000000  
156.056661 0.010618  0.095270  -0.020238  0.988208  0.131366  -0.078659  -0.128065  0.990714  0.045657  0.083927  -0.035045  0.995855  0.004284  -0.005459  0.000581  0.000000  0.000000  0.000000  2.000000  
156.057664 0.010622  0.095265  -0.020237  0.988182  0.131570  -0.078650  -0.128269  0.990687  0.045673  0.083927  -0.035045  0.995855  0.004397  -0.005217  0.000652  0.000000  0.000000  0.000000  2.000000  
156.058904 0.010628  0.095259  -0.020235  0.988182  0.131570  -0.078650  -0.128269  0.990687  0.045673  0.083927  -0.035045  0.995855  0.004461  -0.005049  0.000733  0.000000  0.000000  0.000000  2.000000  
156.059914 0.010632  0.095255  -0.020235  0.988182  0.131570  -0.078650  -0.128269  0.990687  0.045673  0.083927  -0.035045  0.995855  0.004531  -0.004903  0.000772  0.000000  0.000000  0.000000  2.000000  
156.061156 0.010637  0.095249  -0.020234  0.988182  0.131580  -0.078634  -0.128269  0.990682  0.045793  0.083927  -0.035166  0.995851  0.004500  -0.004785  0.000845  0.000000  0.000000  0.000000  2.000000  
156.062423 0.010643  0.095243  -0.020233  0.988182  0.131580  -0.078634  -0.128269  0.990682  0.045793  0.083927  -0.035166  0.995851  0.004485  -0.004680  0.000840  0.000000  0.000000  0.000000  2.000000  
156.063655 0.010648  0.095237  -0.020232  0.988171  0.131585  -0.078766  -0.128267  0.990681  0.045810  0.084060  -0.035165  0.995840  0.004438  -0.004660  0.000844  0.000000  0.000000  0.000000  2.000000  
156.064658 0.010652  0.095232  -0.020231  0.988171  0.131594  -0.078750  -0.128267  0.990675  0.045930  0.084060  -0.035286  0.995836  0.004365  -0.004660  0.000895  0.000000  0.000000  0.000000  2.000000  
156.065670 0.010655  0.095228  -0.020230  0.988171  0.131594  -0.078750  -0.128267  0.990675  0.045930  0.084060  -0.035286  0.995836  0.004256  -0.004656  0.000915  0.000000  0.000000  0.000000  2.000000  
156.066906 0.010659  0.095221  -0.020228  0.988171  0.131594  -0.078750  -0.128267  0.990675  0.045930  0.084060  -0.035286  0.995836  0.004173  -0.004664  0.000937  0.000000  0.000000  0.000000  2.000000  
156.067908 0.010662  0.095216  -0.020227  0.988160  0.131599  -0.078882  -0.128266  0.990675  0.045948  0.084193  -0.035286  0.995824  0.004080  -0.004688  0.000967  0.000000  0.000000  0.000000  2.000000  
156.068918 0.010665  0.095211  -0.020226  0.988160  0.131599  -0.078882  -0.128266  0.990675  0.045948  0.084193  -0.035286  0.995824  0.003976  -0.004715  0.000957  0.000000  0.000000  0.000000  2.000000  
156.070155 0.010669  0.095205  -0.020224  0.988186  0.131395  -0.078892  -0.128063  0.990702  0.045931  0.084193  -0.035286  0.995824  0.003805  -0.004778  0.000979  0.000000  0.000000  0.000000  2.000000  
156.071162 0.010671  0.095200  -0.020223  0.988186  0.131395  -0.078892  -0.128063  0.990702  0.045931  0.084193  -0.035286  0.995824  0.003665  -0.004801  0.000978  0.000000  0.000000  0.000000  2.000000  
156.072408 0.010674  0.095194  -0.020222  0.988186  0.131395  -0.078892  -0.128063  0.990702  0.045931  0.084193  -0.035286  0.995824  0.003522  -0.004810  0.000971  0.000000  0.000000  0.000000  2.000000  
156.073668 0.010678  0.095188  -0.020221  0.988175  0.131400  -0.079024  -0.128061  0.990701  0.045948  0.084327  -0.035285  0.995813  0.003371  -0.004808  0.000962  0.000000  0.000000  0.000000  2.000000  
156.074905 0.010681  0.095183  -0.020220  0.988175  0.131400  -0.079024  -0.128061  0.990701  0.045948  0.084327  -0.035285  0.995813  0.003249  -0.004812  0.000994  0.000000  0.000000  0.000000  2.000000  
156.075911 0.010683  0.095178  -0.020220  0.988201  0.131196  -0.079033  -0.127858  0.990728  0.045932  0.084327  -0.035285  0.995813  0.003122  -0.004816  0.000976  0.000000  0.000000  0.000000  2.000000  
156.076918 0.010686  0.095173  -0.020219  0.988201  0.131196  -0.079033  -0.127858  0.990728  0.045932  0.084327  -0.035285  0.995813  0.002974  -0.004817  0.000968  0.000000  0.000000  0.000000  2.000000  
156.078157 0.010688  0.095167  -0.020219  0.988190  0.131200  -0.079166  -0.127856  0.990728  0.045949  0.084460  -0.035285  0.995802  0.002797  -0.004855  0.000911  0.000000  0.000000  0.000000  2.000000  
156.079422 0.010690  0.095160  -0.020218  0.988190  0.131210  -0.079150  -0.127856  0.990722  0.046069  0.084460  -0.035406  0.995798  0.002629  -0.004883  0.000870  0.000000  0.000000  0.000000  2.000000  
156.080661 0.010693  0.095153  -0.020219  0.988190  0.131210  -0.079150  -0.127856  0.990722  0.046069  0.084460  -0.035406  0.995798  0.002497  -0.004974  0.000752  0.000000  0.000000  0.000000  2.000000  
156.081664 0.010694  0.095147  -0.020219  0.988190  0.131210  -0.079150  -0.127856  0.990722  0.046069  0.084460  -0.035406  0.995798  0.002346  -0.005011  0.000629  0.000000  0.000000  0.000000  2.000000  
156.082915 0.010696  0.095140  -0.020219  0.988190  0.131210  -0.079150  -0.127856  0.990722  0.046069  0.084460  -0.035406  0.995798  0.002233  -0.005050  0.000550  0.000000  0.000000  0.000000  2.000000  
156.084160 0.010698  0.095133  -0.020220  0.988179  0.131215  -0.079282  -0.127855  0.990722  0.046087  0.084593  -0.035405  0.995786  0.002107  -0.005117  0.000369  0.000000  0.000000  0.000000  2.000000  
156.085407 0.010700  0.095126  -0.020221  0.988179  0.131215  -0.079282  -0.127855  0.990722  0.046087  0.084593  -0.035405  0.995786  0.002021  -0.005172  0.000238  0.000000  0.000000  0.000000  2.000000  
156.086413 0.010702  0.095121  -0.020221  0.988179  0.131215  -0.079282  -0.127855  0.990722  0.046087  0.084593  -0.035405  0.995786  0.001958  -0.005211  0.000126  0.000000  0.000000  0.000000  2.000000  
156.087657 0.010704  0.095114  -0.020222  0.988179  0.131215  -0.079282  -0.127855  0.990722  0.046087  0.084593  -0.035405  0.995786  0.001915  -0.005250  -0.000045  0.000000  0.000000  0.000000  2.000000  
156.088660 0.010707  0.095110  -0.020223  0.988179  0.131215  -0.079282  -0.127855  0.990722  0.046087  0.084593  -0.035405  0.995786  0.001926  -0.005222  -0.000106  0.000000  0.000000  0.000000  2.000000  
156.089908 0.010709  0.095105  -0.020223  0.988179  0.131215  -0.079282  -0.127855  0.990722  0.046087  0.084593  -0.035405  0.995786  0.001882  -0.005209  -0.000211  0.000000  0.000000  0.000000  2.000000  
156.091203 0.010712  0.095099  -0.020225  0.988179  0.131215  -0.079282  -0.127855  0.990722  0.046087  0.084593  -0.035405  0.995786  0.001886  -0.005151  -0.000348  0.000000  0.000000  0.000000  2.000000  
156.092423 0.010715  0.095094  -0.020226  0.988167  0.131219  -0.079414  -0.127853  0.990721  0.046104  0.084727  -0.035405  0.995775  0.001898  -0.005118  -0.000485  0.000000  0.000000  0.000000  2.000000  
156.093652 0.010718  0.095088  -0.020227  0.988167  0.131229  -0.079398  -0.127853  0.990715  0.046224  0.084727  -0.035526  0.995771  0.001941  -0.005045  -0.000567  0.000000  0.000000  0.000000  2.000000  
156.094658 0.010721  0.095084  -0.020228  0.988167  0.131229  -0.079398  -0.127853  0.990715  0.046224  0.084727  -0.035526  0.995771  0.002003  -0.004952  -0.000658  0.000000  0.000000  0.000000  2.000000  
156.095908 0.010723  0.095078  -0.020230  0.988141  0.131433  -0.079388  -0.128057  0.990688  0.046240  0.084727  -0.035526  0.995771  0.002042  -0.004877  -0.000774  0.000000  0.000000  0.000000  2.000000  
156.096908 0.010726  0.095074  -0.020231  0.988141  0.131433  -0.079388  -0.128057  0.990688  0.046240  0.084727  -0.035526  0.995771  0.002103  -0.004772  -0.000829  0.000000  0.000000  0.000000  2.000000  
156.097916 0.010728  0.095069  -0.020233  0.988141  0.131423  -0.079404  -0.128057  0.990694  0.046120  0.084727  -0.035405  0.995775  0.002183  -0.004694  -0.000915  0.000000  0.000000  0.000000  2.000000  
156.099153 0.010732  0.095064  -0.020235  0.988141  0.131423  -0.079404  -0.128057  0.990694  0.046120  0.084727  -0.035405  0.995775  0.002293  -0.004574  -0.000989  0.000000  0.000000  0.000000  2.000000  
156.100156 0.010735  0.095060  -0.020237  0.988115  0.131627  -0.079395  -0.128260  0.990667  0.046136  0.084727  -0.035405  0.995775  0.002374  -0.004500  -0.001074  0.000000  0.000000  0.000000  2.000000  
156.101166 0.010739  0.095057  -0.020238  0.988115  0.131627  -0.079395  -0.128260  0.990667  0.046136  0.084727  -0.035405  0.995775  0.002515  -0.004340  -0.001170  0.000000  0.000000  0.000000  2.000000  
156.102412 0.010743  0.095053  -0.020241  0.988115  0.131627  -0.079395  -0.128260  0.990667  0.046136  0.084727  -0.035405  0.995775  0.002606  -0.004186  -0.001253  0.000000  0.000000  0.000000  2.000000  
156.103423 0.010746  0.095050  -0.020243  0.988088  0.131831  -0.079385  -0.128464  0.990640  0.046153  0.084727  -0.035405  0.995775  0.002687  -0.004109  -0.001339  0.000000  0.000000  0.000000  2.000000  
156.104667 0.010751  0.095045  -0.020246  0.988088  0.131831  -0.079385  -0.128464  0.990640  0.046153  0.084727  -0.035405  0.995775  0.002791  -0.004040  -0.001507  0.000000  0.000000  0.000000  2.000000  
156.105912 0.010755  0.095041  -0.020248  0.988062  0.132035  -0.079376  -0.128667  0.990613  0.046169  0.084727  -0.035405  0.995775  0.002883  -0.003979  -0.001599  0.000000  0.000000  0.000000  2.000000  
156.106918 0.010758  0.095038  -0.020250  0.988062  0.132035  -0.079376  -0.128667  0.990613  0.046169  0.084727  -0.035405  0.995775  0.002906  -0.003895  -0.001672  0.000000  0.000000  0.000000  2.000000  
156.108156 0.010762  0.095034  -0.020253  0.988062  0.132035  -0.079376  -0.128667  0.990613  0.046169  0.084727  -0.035405  0.995775  0.002980  -0.003797  -0.001769  0.000000  0.000000  0.000000  2.000000  
156.109417 0.010765  0.095029  -0.020256  0.988035  0.132239  -0.079366  -0.128870  0.990585  0.046185  0.084727  -0.035405  0.995775  0.003015  -0.003719  -0.001882  0.000000  0.000000  0.000000  2.000000  
156.110419 0.010768  0.095025  -0.020258  0.988035  0.132239  -0.079366  -0.128870  0.990585  0.046185  0.084727  -0.035405  0.995775  0.002998  -0.003667  -0.001971  0.000000  0.000000  0.000000  2.000000  
156.111426 0.010770  0.095022  -0.020260  0.988047  0.132234  -0.079234  -0.128872  0.990586  0.046168  0.084593  -0.035405  0.995786  0.003065  -0.003567  -0.001994  0.000000  0.000000  0.000000  2.000000  
156.112657 0.010774  0.095019  -0.020263  0.988020  0.132429  -0.079241  -0.129075  0.990564  0.046064  0.084593  -0.035284  0.995791  0.003067  -0.003443  -0.002050  0.000000  0.000000  0.000000  2.000000  
156.113907 0.010776  0.095015  -0.020266  0.988020  0.132429  -0.079241  -0.129075  0.990564  0.046064  0.084593  -0.035284  0.995791  0.002985  -0.003391  -0.002085  0.000000  0.000000  0.000000  2.000000  
156.114910 0.010779  0.095012  -0.020268  0.988020  0.132429  -0.079241  -0.129075  0.990564  0.046064  0.084593  -0.035284  0.995791  0.002951  -0.003291  -0.002157  0.000000  0.000000  0.000000  2.000000  
156.115911 0.010781  0.095010  -0.020271  0.987993  0.132633  -0.079231  -0.129279  0.990537  0.046081  0.084593  -0.035284  0.995791  0.002873  -0.003190  -0.002194  0.000000  0.000000  0.000000  2.000000  
156.116912 0.010783  0.095007  -0.020273  0.987993  0.132633  -0.079231  -0.129279  0.990537  0.046081  0.084593  -0.035284  0.995791  0.002796  -0.003145  -0.002228  0.000000  0.000000  0.000000  2.000000  
156.117915 0.010785  0.095005  -0.020276  0.987993  0.132633  -0.079231  -0.129279  0.990537  0.046081  0.084593  -0.035284  0.995791  0.002711  -0.003036  -0.002262  0.000000  0.000000  0.000000  2.000000  
156.119167 0.010788  0.095002  -0.020278  0.987993  0.132633  -0.079231  -0.129279  0.990537  0.046081  0.084593  -0.035284  0.995791  0.002575  -0.002960  -0.002267  0.000000  0.000000  0.000000  2.000000  
156.120426 0.010790  0.094999  -0.020282  0.987993  0.132633  -0.079231  -0.129279  0.990537  0.046081  0.084593  -0.035284  0.995791  0.002414  -0.002910  -0.002329  0.000000  0.000000  0.000000  2.000000  
156.121665 0.010791  0.094996  -0.020285  0.987967  0.132837  -0.079222  -0.129482  0.990510  0.046097  0.084593  -0.035284  0.995791  0.002270  -0.002813  -0.002346  0.000000  0.000000  0.000000  2.000000  
156.122910 0.010793  0.094993  -0.020288  0.987967  0.132837  -0.079222  -0.129482  0.990510  0.046097  0.084593  -0.035284  0.995791  0.002108  -0.002774  -0.002395  0.000000  0.000000  0.000000  2.000000  
156.124167 0.010794  0.094990  -0.020291  0.987967  0.132837  -0.079222  -0.129482  0.990510  0.046097  0.084593  -0.035284  0.995791  0.001952  -0.002661  -0.002384  0.000000  0.000000  0.000000  2.000000  
156.125407 0.010795  0.094987  -0.020294  0.987967  0.132837  -0.079222  -0.129482  0.990510  0.046097  0.084593  -0.035284  0.995791  0.001828  -0.002598  -0.002413  0.000000  0.000000  0.000000  2.000000  
156.126413 0.010796  0.094984  -0.020297  0.987967  0.132837  -0.079222  -0.129482  0.990510  0.046097  0.084593  -0.035284  0.995791  0.001693  -0.002522  -0.002417  0.000000  0.000000  0.000000  2.000000  
156.127424 0.010797  0.094982  -0.020299  0.987967  0.132837  -0.079222  -0.129482  0.990510  0.046097  0.084593  -0.035284  0.995791  0.001570  -0.002457  -0.002466  0.000000  0.000000  0.000000  2.000000  
156.128657 0.010798  0.094980  -0.020302  0.987967  0.132837  -0.079222  -0.129482  0.990510  0.046097  0.084593  -0.035284  0.995791  0.001466  -0.002355  -0.002452  0.000000  0.000000  0.000000  2.000000  
156.129917 0.010799  0.094978  -0.020305  0.987967  0.132837  -0.079222  -0.129482  0.990510  0.046097  0.084593  -0.035284  0.995791  0.001318  -0.002276  -0.002416  0.000000  0.000000  0.000000  2.000000  
156.131160 0.010800  0.094976  -0.020308  0.987967  0.132837  -0.079222  -0.129482  0.990510  0.046097  0.084593  -0.035284  0.995791  0.001213  -0.002242  -0.002434  0.000000  0.000000  0.000000  2.000000  
156.132427 0.010800  0.094974  -0.020310  0.987967  0.132837  -0.079222  -0.129482  0.990510  0.046097  0.084593  -0.035284  0.995791  0.001053  -0.002143  -0.002412  0.000000  0.000000  0.000000  2.000000  
156.133654 0.010801  0.094973  -0.020313  0.987967  0.132837  -0.079222  -0.129482  0.990510  0.046097  0.084593  -0.035284  0.995791  0.000944  -0.002034  -0.002352  0.000000  0.000000  0.000000  2.000000  
156.134663 0.010801  0.094971  -0.020315  0.987967  0.132837  -0.079222  -0.129482  0.990510  0.046097  0.084593  -0.035284  0.995791  0.000853  -0.001962  -0.002374  0.000000  0.000000  0.000000  2.000000  
156.135665 0.010802  0.094970  -0.020317  0.987967  0.132837  -0.079222  -0.129482  0.990510  0.046097  0.084593  -0.035284  0.995791  0.000789  -0.001876  -0.002277  0.000000  0.000000  0.000000  2.000000  
156.136665 0.010803  0.094969  -0.020319  0.987967  0.132837  -0.079222  -0.129482  0.990510  0.046097  0.084593  -0.035284  0.995791  0.000737  -0.001774  -0.002276  0.000000  0.000000  0.000000  2.000000  
156.137905 0.010803  0.094968  -0.020321  0.987993  0.132633  -0.079231  -0.129279  0.990537  0.046081  0.084593  -0.035284  0.995791  0.000671  -0.001639  -0.002229  0.000000  0.000000  0.000000  2.000000  
156.139158 0.010803  0.094967  -0.020324  0.987993  0.132633  -0.079231  -0.129279  0.990537  0.046081  0.084593  -0.035284  0.995791  0.000609  -0.001533  -0.002184  0.000000  0.000000  0.000000  2.000000  
156.140418 0.010804  0.094966  -0.020326  0.987993  0.132633  -0.079231  -0.129279  0.990537  0.046081  0.084593  -0.035284  0.995791  0.000585  -0.001339  -0.002107  0.000000  0.000000  0.000000  2.000000  
156.141656 0.010805  0.094966  -0.020328  0.987993  0.132633  -0.079231  -0.129279  0.990537  0.046081  0.084593  -0.035284  0.995791  0.000575  -0.001214  -0.002078  0.000000  0.000000  0.000000  2.000000  
156.142663 0.010805  0.094966  -0.020330  0.988005  0.132628  -0.079099  -0.129280  0.990538  0.046063  0.084460  -0.035285  0.995802  0.000562  -0.001042  -0.001991  0.000000  0.000000  0.000000  2.000000  
156.143905 0.010806  0.094966  -0.020332  0.988005  0.132628  -0.079099  -0.129280  0.990538  0.046063  0.084460  -0.035285  0.995802  0.000541  -0.000895  -0.001972  0.000000  0.000000  0.000000  2.000000  
156.144912 0.010806  0.094966  -0.020334  0.988005  0.132628  -0.079099  -0.129280  0.990538  0.046063  0.084460  -0.035285  0.995802  0.000489  -0.000815  -0.001918  0.000000  0.000000  0.000000  2.000000  
156.145928 0.010807  0.094965  -0.020335  0.988005  0.132628  -0.079099  -0.129280  0.990538  0.046063  0.084460  -0.035285  0.995802  0.000464  -0.000691  -0.001880  0.000000  0.000000  0.000000  2.000000  
156.147157 0.010807  0.094966  -0.020338  0.988031  0.132424  -0.079109  -0.129077  0.990565  0.046047  0.084460  -0.035285  0.995802  0.000443  -0.000559  -0.001857  0.000000  0.000000  0.000000  2.000000  
156.148158 0.010807  0.094966  -0.020339  0.988031  0.132424  -0.079109  -0.129077  0.990565  0.046047  0.084460  -0.035285  0.995802  0.000444  -0.000471  -0.001821  0.000000  0.000000  0.000000  2.000000  
156.149164 0.010807  0.094966  -0.020340  0.988031  0.132424  -0.079109  -0.129077  0.990565  0.046047  0.084460  -0.035285  0.995802  0.000392  -0.000390  -0.001766  0.000000  0.000000  0.000000  2.000000  
156.150169 0.010807  0.094967  -0.020342  0.988031  0.132424  -0.079109  -0.129077  0.990565  0.046047  0.084460  -0.035285  0.995802  0.000366  -0.000260  -0.001728  0.000000  0.000000  0.000000  2.000000  
156.151405 0.010807  0.094967  -0.020344  0.988031  0.132424  -0.079109  -0.129077  0.990565  0.046047  0.084460  -0.035285  0.995802  0.000350  -0.000150  -0.001671  0.000000  0.000000  0.000000  2.000000  
156.152669 0.010808  0.094968  -0.020345  0.988031  0.132424  -0.079109  -0.129077  0.990565  0.046047  0.084460  -0.035285  0.995802  0.000333  -0.000042  -0.001615  0.000000  0.000000  0.000000  2.000000  
156.153902 0.010808  0.094968  -0.020347  0.988031  0.132424  -0.079109  -0.129077  0.990565  0.046047  0.084460  -0.035285  0.995802  0.000316  0.000065  -0.001555  0.000000  0.000000  0.000000  2.000000  
156.154917 0.010808  0.094969  -0.020348  0.988031  0.132424  -0.079109  -0.129077  0.990565  0.046047  0.084460  -0.035285  0.995802  0.000279  0.000146  -0.001564  0.000000  0.000000  0.000000  2.000000  
156.156156 0.010808  0.094970  -0.020350  0.988031  0.132424  -0.079109  -0.129077  0.990565  0.046047  0.084460  -0.035285  0.995802  0.000265  0.000227  -0.001462  0.000000  0.000000  0.000000  2.000000  
156.157163 0.010808  0.094970  -0.020351  0.988031  0.132424  -0.079109  -0.129077  0.990565  0.046047  0.084460  -0.035285  0.995802  0.000236  0.000285  -0.001459  0.000000  0.000000  0.000000  2.000000  
156.158411 0.010808  0.094971  -0.020352  0.988031  0.132424  -0.079109  -0.129077  0.990565  0.046047  0.084460  -0.035285  0.995802  0.000201  0.000333  -0.001411  0.000000  0.000000  0.000000  2.000000  
156.159428 0.010808  0.094971  -0.020353  0.988031  0.132424  -0.079109  -0.129077  0.990565  0.046047  0.084460  -0.035285  0.995802  0.000163  0.000371  -0.001322  0.000000  0.000000  0.000000  2.000000  
156.160658 0.010809  0.094971  -0.020355  0.988031  0.132424  -0.079109  -0.129077  0.990565  0.046047  0.084460  -0.035285  0.995802  0.000150  0.000391  -0.001311  0.000000  0.000000  0.000000  2.000000  
156.161662 0.010809  0.094971  -0.020356  0.988031  0.132424  -0.079109  -0.129077  0.990565  0.046047  0.084460  -0.035285  0.995802  0.000142  0.000376  -0.001242  0.000000  0.000000  0.000000  2.000000  
156.162908 0.010809  0.094971  -0.020357  0.988031  0.132424  -0.079109  -0.129077  0.990565  0.046047  0.084460  -0.035285  0.995802  0.000109  0.000342  -0.001243  0.000000  0.000000  0.000000  2.000000  
156.163916 0.010809  0.094971  -0.020358  0.988031  0.132424  -0.079109  -0.129077  0.990565  0.046047  0.084460  -0.035285  0.995802  0.000102  0.000327  -0.001174  0.000000  0.000000  0.000000  2.000000  
156.164917 0.010808  0.094971  -0.020359  0.988031  0.132424  -0.079109  -0.129077  0.990565  0.046047  0.084460  -0.035285  0.995802  0.000071  0.000275  -0.001147  0.000000  0.000000  0.000000  2.000000  
156.166158 0.010809  0.094971  -0.020360  0.988031  0.132424  -0.079109  -0.129077  0.990565  0.046047  0.084460  -0.035285  0.995802  0.000080  0.000245  -0.001119  0.000000  0.000000  0.000000  2.000000  
156.167161 0.010808  0.094970  -0.020361  0.988031  0.132424  -0.079109  -0.129077  0.990565  0.046047  0.084460  -0.035285  0.995802  0.000061  0.000169  -0.001084  0.000000  0.000000  0.000000  2.000000  
156.168163 0.010808  0.094970  -0.020361  0.988031  0.132424  -0.079109  -0.129077  0.990565  0.046047  0.084460  -0.035285  0.995802  0.000042  0.000153  -0.000973  0.000000  0.000000  0.000000  2.000000  
156.169420 0.010809  0.094970  -0.020361  0.988031  0.132424  -0.079109  -0.129077  0.990565  0.046047  0.084460  -0.035285  0.995802  0.000054  0.000103  -0.000914  0.000000  0.000000  0.000000  2.000000  
156.170439 0.010808  0.094969  -0.020362  0.988031  0.132424  -0.079109  -0.129077  0.990565  0.046047  0.084460  -0.035285  0.995802  0.000014  -0.000028  -0.000890  0.000000  0.000000  0.000000  2.000000  
156.171663 0.010809  0.094969  -0.020363  0.988031  0.132424  -0.079109  -0.129077  0.990565  0.046047  0.084460  -0.035285  0.995802  0.000025  -0.000076  -0.000821  0.000000  0.000000  0.000000  2.000000  
156.172910 0.010808  0.094968  -0.020363  0.988031  0.132424  -0.079109  -0.129077  0.990565  0.046047  0.084460  -0.035285  0.995802  0.000006  -0.000178  -0.000749  0.000000  0.000000  0.000000  2.000000  
156.173926 0.010809  0.094968  -0.020363  0.988031  0.132424  -0.079109  -0.129077  0.990565  0.046047  0.084460  -0.035285  0.995802  0.000018  -0.000227  -0.000691  0.000000  0.000000  0.000000  2.000000  
156.175163 0.010808  0.094967  -0.020363  0.988031  0.132424  -0.079109  -0.129077  0.990565  0.046047  0.084460  -0.035285  0.995802  -0.000012  -0.000303  -0.000616  0.000000  0.000000  0.000000  2.000000  
156.176414 0.010808  0.094966  -0.020364  0.988031  0.132424  -0.079109  -0.129077  0.990565  0.046047  0.084460  -0.035285  0.995802  -0.000042  -0.000372  -0.000530  0.000000  0.000000  0.000000  2.000000  
156.177657 0.010808  0.094965  -0.020364  0.988031  0.132424  -0.079109  -0.129077  0.990565  0.046047  0.084460  -0.035285  0.995802  -0.000041  -0.000425  -0.000442  0.000000  0.000000  0.000000  2.000000  
156.178662 0.010808  0.094965  -0.020364  0.988031  0.132424  -0.079109  -0.129077  0.990565  0.046047  0.084460  -0.035285  0.995802  -0.000040  -0.000448  -0.000393  0.000000  0.000000  0.000000  2.000000  
156.179906 0.010808  0.094963  -0.020364  0.988031  0.132424  -0.079109  -0.129077  0.990565  0.046047  0.084460  -0.035285  0.995802  -0.000028  -0.000490  -0.000330  0.000000  0.000000  0.000000  2.000000  
156.181152 0.010808  0.094963  -0.020364  0.988031  0.132424  -0.079109  -0.129077  0.990565  0.046047  0.084460  -0.035285  0.995802  -0.000028  -0.000513  -0.000282  0.000000  0.000000  0.000000  2.000000  
156.182408 0.010808  0.094962  -0.020364  0.988031  0.132424  -0.079109  -0.129077  0.990565  0.046047  0.084460  -0.035285  0.995802  -0.000027  -0.000536  -0.000234  0.000000  0.000000  0.000000  2.000000  
156.183651 0.010808  0.094961  -0.020364  0.988031  0.132424  -0.079109  -0.129077  0.990565  0.046047  0.084460  -0.035285  0.995802  -0.000015  -0.000585  -0.000178  0.000000  0.000000  0.000000  2.000000  
156.184652 0.010808  0.094961  -0.020364  0.988031  0.132424  -0.079109  -0.129077  0.990565  0.046047  0.084460  -0.035285  0.995802  -0.000025  -0.000582  -0.000138  0.000000  0.000000  0.000000  2.000000  
156.185900 0.010809  0.094961  -0.020364  0.988031  0.132424  -0.079109  -0.129077  0.990565  0.046047  0.084460  -0.035285  0.995802  0.000016  -0.000580  -0.000109  0.000000  0.000000  0.000000  2.000000  
156.187151 0.010809  0.094960  -0.020364  0.988031  0.132414  -0.079125  -0.129077  0.990571  0.045927  0.084460  -0.035164  0.995806  0.000006  -0.000577  -0.000070  0.000000  0.000000  0.000000  2.000000  
156.188153 0.010809  0.094960  -0.020364  0.988020  0.132419  -0.079257  -0.129075  0.990570  0.045944  0.084593  -0.035164  0.995795  0.000027  -0.000557  -0.000010  0.000000  0.000000  0.000000  2.000000  
156.189413 0.010809  0.094960  -0.020363  0.988020  0.132419  -0.079257  -0.129075  0.990570  0.045944  0.084593  -0.035164  0.995795  0.000038  -0.000500  0.000043  0.000000  0.000000  0.000000  2.000000  
156.190650 0.010810  0.094960  -0.020362  0.988020  0.132419  -0.079257  -0.129075  0.990570  0.045944  0.084593  -0.035164  0.995795  0.000069  -0.000472  0.000064  0.000000  0.000000  0.000000  2.000000  
