1-Time 2-Px 3-Py 4-Pz 5-R11 6-R21 7-R31 8-R12 9-R22 10-R32 11-R13 12-R23 13-R33 14-Vx 15-Vy 16-Vz 17-Wx 18-Wy 19-Wz 20-state 21-PR11 22-PR21 23-PR31 24-PR12 25-PR22 26-PR32 27-PR13 28-PR23 29-PR33 
121.430113 0.011060  0.094368  -0.030062  0.988209  0.124541  -0.089065  -0.125997  0.991971  -0.010897  0.086993  0.021991  0.995966  0.000023  0.000044  -0.000275  0.000000  0.000000  0.000000  2.000000  
121.431119 0.011060  0.094368  -0.030063  0.988183  0.124745  -0.089067  -0.126201  0.991945  -0.010879  0.086993  0.021991  0.995966  0.000031  0.000043  -0.000318  0.000000  0.000000  0.000000  2.000000  
121.432372 0.011062  0.094367  -0.030063  0.988082  0.125352  -0.089338  -0.126808  0.991869  -0.010790  0.087259  0.021990  0.995943  0.000193  -0.000010  -0.000263  0.000000  0.000000  0.000000  2.000000  
121.433373 0.011065  0.094367  -0.030063  0.988006  0.125755  -0.089607  -0.127212  0.991818  -0.010719  0.087526  0.021990  0.995920  0.000351  -0.000039  -0.000259  0.000000  0.000000  0.000000  2.000000  
121.434380 0.011068  0.094366  -0.030063  0.987968  0.125956  -0.089742  -0.127414  0.991792  -0.010684  0.087659  0.021989  0.995908  0.000592  -0.000040  -0.000250  0.000000  0.000000  0.000000  2.000000  
121.435616 0.011072  0.094365  -0.030063  0.987893  0.126359  -0.090010  -0.127818  0.991741  -0.010612  0.087926  0.021989  0.995884  0.000868  -0.000122  -0.000220  0.000000  0.000000  0.000000  2.000000  
121.436617 0.011076  0.094365  -0.030063  0.987790  0.126954  -0.090296  -0.128425  0.991662  -0.010643  0.088192  0.022109  0.995858  0.001173  -0.000152  -0.000219  0.000000  0.000000  0.000000  2.000000  
121.437865 0.011083  0.094365  -0.030064  0.987649  0.127762  -0.090701  -0.129234  0.991558  -0.010516  0.088592  0.022108  0.995823  0.001612  -0.000156  -0.000229  0.000000  0.000000  0.000000  2.000000  
121.439117 0.011090  0.094364  -0.030064  0.987480  0.128774  -0.091109  -0.130245  0.991428  -0.010371  0.088992  0.022107  0.995787  0.002082  -0.000216  -0.000268  0.000000  0.000000  0.000000  2.000000  
121.440379 0.011096  0.094363  -0.030067  0.987310  0.129774  -0.091531  -0.131257  0.991294  -0.010345  0.089392  0.022227  0.995748  0.002514  -0.000277  -0.000377  0.007099  0.084713  0.170395  2.000000  
121.441614 0.011104  0.094363  -0.030071  0.987166  0.130582  -0.091936  -0.132065  0.991188  -0.010216  0.089792  0.022227  0.995713  0.002988  -0.000259  -0.000617  0.009583  0.098848  0.197727  2.000000  
121.442616 0.011110  0.094363  -0.030075  0.987021  0.131389  -0.092340  -0.132873  0.991082  -0.010087  0.090191  0.022226  0.995676  0.003476  -0.000277  -0.000924  0.012073  0.112930  0.224952  2.000000  
121.443622 0.011118  0.094364  -0.030079  0.986887  0.132188  -0.092629  -0.133683  0.990973  -0.010096  0.090458  0.022346  0.995650  0.003933  -0.000261  -0.001115  0.010482  0.122534  0.252271  2.000000  
121.444868 0.011127  0.094363  -0.030083  0.986713  0.133199  -0.093035  -0.134694  0.990837  -0.009946  0.090858  0.022345  0.995613  0.004547  -0.000330  -0.001401  0.013610  0.136795  0.286432  2.000000  
121.445874 0.011135  0.094363  -0.030087  0.986538  0.134210  -0.093441  -0.135704  0.990701  -0.009796  0.091257  0.022344  0.995577  0.005120  -0.000343  -0.001616  0.016747  0.151010  0.320492  2.000000  
121.447118 0.011148  0.094363  -0.030092  0.986333  0.135425  -0.093849  -0.136918  0.990536  -0.009626  0.091657  0.022344  0.995540  0.005736  -0.000301  -0.001903  0.020526  0.165474  0.361646  2.000000  
121.448119 0.011158  0.094363  -0.030095  0.986183  0.136220  -0.094269  -0.137725  0.990424  -0.009613  0.092057  0.022464  0.995500  0.006341  -0.000266  -0.002192  0.019005  0.179639  0.388977  2.000000  
121.449382 0.011172  0.094362  -0.030096  0.986021  0.137024  -0.094804  -0.138530  0.990313  -0.009461  0.092590  0.022462  0.995451  0.006997  -0.000303  -0.002297  0.021578  0.198076  0.415784  2.000000  
121.450624 0.011186  0.094359  -0.030098  0.985841  0.138023  -0.095227  -0.139540  0.990172  -0.009428  0.092989  0.022582  0.995411  0.007661  -0.000447  -0.002362  0.021328  0.212565  0.456906  2.000000  
121.451866 0.011203  0.094355  -0.030099  0.985618  0.139222  -0.095782  -0.140750  0.990001  -0.009355  0.093522  0.022702  0.995358  0.008371  -0.000697  -0.002397  0.021128  0.231554  0.497925  2.000000  
121.452867 0.011216  0.094353  -0.030099  0.985481  0.139822  -0.096315  -0.141352  0.989916  -0.009220  0.094055  0.022701  0.995308  0.008953  -0.000810  -0.002365  0.023142  0.249999  0.518176  2.000000  
121.454119 0.011233  0.094349  -0.030098  0.985285  0.140805  -0.096886  -0.142359  0.989772  -0.009285  0.094588  0.022941  0.995252  0.009634  -0.001031  -0.002278  0.018270  0.268821  0.552173  2.000000  
121.455391 0.011251  0.094343  -0.030096  0.985147  0.141392  -0.097436  -0.142960  0.989685  -0.009269  0.095121  0.023061  0.995199  0.010326  -0.001320  -0.001918  0.016219  0.287056  0.571909  2.000000  
121.456616 0.011269  0.094338  -0.030095  0.984978  0.142171  -0.098005  -0.143764  0.989568  -0.009352  0.095653  0.023301  0.995142  0.011055  -0.001722  -0.001564  0.010681  0.303651  0.594934  2.000000  
121.457625 0.011284  0.094333  -0.030095  0.984834  0.142968  -0.098294  -0.144571  0.989450  -0.009352  0.095920  0.023421  0.995113  0.011611  -0.002069  -0.001304  0.009297  0.315549  0.626649  2.000000  
121.458864 0.011303  0.094327  -0.030093  0.984664  0.143746  -0.098863  -0.145375  0.989332  -0.009434  0.096452  0.023661  0.995056  0.012227  -0.002431  -0.000920  0.003858  0.334587  0.654421  2.000000  
121.459872 0.011317  0.094322  -0.030092  0.984548  0.144339  -0.099150  -0.145979  0.989242  -0.009453  0.096719  0.023781  0.995028  0.012746  -0.002759  -0.000542  0.001774  0.343790  0.674260  2.000000  
121.461119 0.011336  0.094317  -0.030090  0.984450  0.144713  -0.099584  -0.146379  0.989182  -0.009594  0.097118  0.024022  0.994983  0.013259  -0.003074  -0.000072  -0.005559  0.354644  0.675314  2.000000  
121.462121 0.011351  0.094313  -0.030088  0.984364  0.145102  -0.099869  -0.146780  0.989122  -0.009634  0.097385  0.024142  0.994954  0.013610  -0.003417  0.000293  -0.010137  0.357502  0.674055  2.000000  
121.463371 0.011369  0.094307  -0.030086  0.984234  0.145678  -0.100305  -0.147382  0.989031  -0.009753  0.097784  0.024382  0.994909  0.013955  -0.003760  0.000658  -0.017278  0.359253  0.675162  2.000000  
121.464371 0.011383  0.094301  -0.030083  0.984117  0.146271  -0.100592  -0.147986  0.988941  -0.009771  0.098050  0.024502  0.994880  0.014091  -0.004017  0.000873  -0.019914  0.364154  0.688842  2.000000  
121.465619 0.011400  0.094294  -0.030080  0.984030  0.146647  -0.100895  -0.148388  0.988879  -0.009930  0.098317  0.024743  0.994848  0.014250  -0.004274  0.001214  -0.028637  0.362494  0.687506  2.000000  
121.466622 0.011413  0.094288  -0.030076  0.983943  0.147035  -0.101180  -0.148789  0.988819  -0.009968  0.098583  0.024863  0.994818  0.014277  -0.004522  0.001538  -0.028447  0.362534  0.687362  2.000000  
121.467867 0.011430  0.094280  -0.030071  0.983899  0.147211  -0.101349  -0.148990  0.988787  -0.010168  0.098716  0.025104  0.994799  0.014211  -0.004868  0.001828  -0.039014  0.353032  0.660077  2.000000  
121.468868 0.011442  0.094273  -0.030067  0.983811  0.147587  -0.101653  -0.149391  0.988724  -0.010326  0.098982  0.025345  0.994766  0.014144  -0.005130  0.002122  -0.048292  0.352801  0.646274  2.000000  
121.470115 0.011457  0.094264  -0.030059  0.983737  0.147966  -0.101824  -0.149794  0.988661  -0.010504  0.099116  0.025586  0.994747  0.013990  -0.005397  0.002497  -0.054176  0.343589  0.626037  2.000000  
121.471115 0.011468  0.094256  -0.030052  0.983680  0.148138  -0.102126  -0.149992  0.988629  -0.010682  0.099382  0.025826  0.994714  0.013741  -0.005553  0.002882  -0.062268  0.340490  0.613666  2.000000  
121.472118 0.011479  0.094249  -0.030045  0.983636  0.148313  -0.102295  -0.150193  0.988597  -0.010881  0.099515  0.026067  0.994695  0.013467  -0.005762  0.003384  -0.073398  0.333746  0.591399  2.000000  
121.473370 0.011492  0.094240  -0.030036  0.983591  0.148476  -0.102483  -0.150393  0.988563  -0.011200  0.099648  0.026429  0.994672  0.013121  -0.005972  0.003864  -0.086758  0.326134  0.566058  2.000000  
121.474614 0.011504  0.094231  -0.030027  0.983534  0.148635  -0.102803  -0.150592  0.988529  -0.011498  0.099914  0.026790  0.994635  0.012735  -0.006219  0.004332  -0.097282  0.321179  0.538822  2.000000  
121.475616 0.011514  0.094223  -0.030019  0.983503  0.148801  -0.102859  -0.150794  0.988494  -0.011837  0.099914  0.027152  0.994626  0.012416  -0.006390  0.004747  -0.111925  0.307217  0.511760  2.000000  
121.476622 0.011523  0.094216  -0.030012  0.983459  0.148976  -0.103029  -0.150995  0.988461  -0.012035  0.100048  0.027393  0.994606  0.011904  -0.006639  0.005190  -0.124128  0.295425  0.481767  2.000000  
121.477622 0.011532  0.094209  -0.030006  0.983428  0.149154  -0.103068  -0.151197  0.988428  -0.012254  0.100048  0.027634  0.994599  0.011457  -0.006815  0.005485  -0.130128  0.285996  0.461267  2.000000  
121.478631 0.011539  0.094201  -0.029999  0.983414  0.149113  -0.103254  -0.151195  0.988424  -0.012593  0.100181  0.027996  0.994575  0.011013  -0.007013  0.005783  -0.144852  0.276305  0.433757  2.000000  
121.479871 0.011548  0.094192  -0.029991  0.983383  0.149279  -0.103311  -0.151397  0.988388  -0.012931  0.100181  0.028358  0.994565  0.010496  -0.007138  0.006081  -0.154947  0.258005  0.413650  2.000000  
121.480872 0.011554  0.094184  -0.029986  0.983383  0.149254  -0.103347  -0.151397  0.988385  -0.013171  0.100181  0.028599  0.994558  0.010016  -0.007291  0.006210  -0.165696  0.243865  0.386425  2.000000  
121.482121 0.011562  0.094173  -0.029980  0.983352  0.149420  -0.103404  -0.151600  0.988350  -0.013510  0.100181  0.028961  0.994548  0.009402  -0.007471  0.006349  -0.177109  0.225093  0.352416  2.000000  
121.483373 0.011569  0.094162  -0.029974  0.983352  0.149395  -0.103440  -0.151600  0.988346  -0.013749  0.100181  0.029202  0.994541  0.008844  -0.007629  0.006380  -0.183739  0.201935  0.325374  2.000000  
121.484621 0.011575  0.094151  -0.029967  0.983321  0.149561  -0.103497  -0.151802  0.988310  -0.014088  0.100181  0.029564  0.994530  0.008246  -0.007785  0.006336  -0.189749  0.183503  0.305122  2.000000  
121.485865 0.011581  0.094139  -0.029960  0.983321  0.149523  -0.103552  -0.151802  0.988305  -0.014447  0.100181  0.029926  0.994519  0.007759  -0.007922  0.006245  -0.200607  0.169407  0.277981  2.000000  
121.486866 0.011586  0.094131  -0.029956  0.983334  0.149502  -0.103457  -0.151804  0.988301  -0.014707  0.100048  0.030167  0.994525  0.007283  -0.008006  0.006060  -0.204285  0.154288  0.262312  2.000000  
121.487871 0.011592  0.094123  -0.029951  0.983334  0.149477  -0.103493  -0.151804  0.988298  -0.014947  0.100048  0.030409  0.994518  0.006957  -0.008085  0.005899  -0.209286  0.136705  0.230493  2.000000  
121.489116 0.011599  0.094111  -0.029945  0.983303  0.149630  -0.103569  -0.152007  0.988259  -0.015405  0.100048  0.030891  0.994503  0.006613  -0.008202  0.005680  -0.221049  0.126381  0.215181  2.000000  
121.490118 0.011605  0.094104  -0.029939  0.983303  0.149605  -0.103605  -0.152007  0.988256  -0.015645  0.100048  0.031133  0.994495  0.006356  -0.008234  0.005565  -0.226383  0.112658  0.201853  2.000000  
121.491365 0.011613  0.094094  -0.029933  0.983303  0.149567  -0.103659  -0.152007  0.988250  -0.016005  0.100048  0.031494  0.994484  0.006144  -0.008262  0.005453  -0.232583  0.098843  0.181838  2.000000  
121.492370 0.011619  0.094086  -0.029928  0.983316  0.149534  -0.103582  -0.152009  0.988243  -0.016385  0.099914  0.031857  0.994486  0.005999  -0.008315  0.005312  -0.241884  0.085070  0.168432  2.000000  
121.493374 0.011626  0.094079  -0.029923  0.983316  0.149496  -0.103637  -0.152009  0.988237  -0.016744  0.099914  0.032219  0.994474  0.005910  -0.008294  0.005209  -0.249910  0.076221  0.149353  2.000000  
121.494377 0.011633  0.094071  -0.029917  0.983316  0.149471  -0.103673  -0.152009  0.988233  -0.016984  0.099914  0.032460  0.994466  0.005915  -0.008273  0.005117  -0.255314  0.066859  0.135819  2.000000  
121.495621 0.011643  0.094063  -0.029911  0.983285  0.149624  -0.103749  -0.152211  0.988194  -0.017442  0.099914  0.032942  0.994451  0.005990  -0.008227  0.005093  -0.264884  0.057535  0.122322  2.000000  
121.496869 0.011653  0.094054  -0.029904  0.983285  0.149586  -0.103803  -0.152211  0.988188  -0.017802  0.099914  0.033304  0.994439  0.006126  -0.008119  0.005113  -0.269629  0.048380  0.115683  2.000000  
121.498118 0.011663  0.094045  -0.029899  0.983298  0.149540  -0.103745  -0.152213  0.988178  -0.018302  0.099781  0.033787  0.994436  0.006343  -0.007942  0.005016  -0.279168  0.034530  0.102307  2.000000  
121.499382 0.011674  0.094036  -0.029895  0.983298  0.149502  -0.103799  -0.152213  0.988171  -0.018661  0.099781  0.034149  0.994423  0.006665  -0.007757  0.004901  -0.284484  0.025147  0.088761  2.000000  
121.500619 0.011686  0.094028  -0.029890  0.983298  0.149465  -0.103853  -0.152213  0.988165  -0.019021  0.099781  0.034511  0.994411  0.007075  -0.007558  0.004780  -0.286980  0.020312  0.081368  2.000000  
121.501864 0.011698  0.094020  -0.029886  0.983298  0.149414  -0.103926  -0.152213  0.988155  -0.019500  0.099781  0.034993  0.994394  0.007435  -0.007420  0.004673  -0.294858  0.011105  0.068557  2.000000  
121.502866 0.011708  0.094013  -0.029882  0.983298  0.149389  -0.103962  -0.152213  0.988151  -0.019740  0.099781  0.035235  0.994385  0.007766  -0.007273  0.004554  -0.291403  0.006415  0.061796  2.000000  
121.504115 0.011723  0.094006  -0.029878  0.983298  0.149351  -0.104016  -0.152213  0.988143  -0.020099  0.099781  0.035596  0.994372  0.008229  -0.007019  0.004472  -0.293728  0.001709  0.054600  2.000000  
121.505119 0.011735  0.094001  -0.029873  0.983298  0.149326  -0.104053  -0.152213  0.988138  -0.020339  0.099781  0.035838  0.994364  0.008721  -0.006802  0.004388  -0.292821  -0.002973  0.048320  2.000000  
121.506378 0.011751  0.093995  -0.029867  0.983267  0.149492  -0.104111  -0.152416  0.988100  -0.020677  0.099781  0.036200  0.994351  0.009288  -0.006563  0.004320  -0.292741  -0.007449  0.048452  2.000000  
121.507633 0.011769  0.093989  -0.029861  0.983267  0.149454  -0.104166  -0.152416  0.988093  -0.021037  0.099781  0.036561  0.994337  0.009888  -0.006304  0.004321  -0.293342  -0.007651  0.041561  2.000000  
121.508867 0.011787  0.093985  -0.029855  0.983235  0.149619  -0.104224  -0.152618  0.988054  -0.021375  0.099781  0.036923  0.994324  0.010454  -0.006034  0.004335  -0.294428  -0.011815  0.048212  2.000000  
121.509888 0.011801  0.093980  -0.029850  0.983235  0.149581  -0.104279  -0.152618  0.988046  -0.021735  0.099781  0.037285  0.994311  0.010999  -0.005787  0.004313  -0.297364  -0.012114  0.041707  2.000000  
121.511120 0.011821  0.093976  -0.029842  0.983222  0.149538  -0.104465  -0.152616  0.988039  -0.022074  0.099914  0.037646  0.994284  0.011676  -0.005481  0.004407  -0.297595  -0.007613  0.041594  2.000000  
121.512122 0.011837  0.093974  -0.029836  0.983191  0.149716  -0.104506  -0.152819  0.988003  -0.022292  0.099914  0.037888  0.994274  0.012240  -0.005189  0.004531  -0.297551  -0.007602  0.041590  2.000000  
121.513372 0.011858  0.093970  -0.029828  0.983191  0.149666  -0.104578  -0.152819  0.987992  -0.022771  0.099914  0.038370  0.994256  0.012939  -0.004874  0.004692  -0.303184  -0.007524  0.041249  2.000000  
121.514380 0.011875  0.093967  -0.029821  0.983159  0.149844  -0.104619  -0.153021  0.987956  -0.022989  0.099914  0.038611  0.994247  0.013456  -0.004613  0.004895  -0.301540  -0.007572  0.041583  2.000000  
121.515619 0.011898  0.093965  -0.029813  0.983159  0.149806  -0.104674  -0.153021  0.987947  -0.023349  0.099914  0.038973  0.994232  0.014223  -0.004155  0.005137  -0.301586  -0.007558  0.041592  2.000000  
121.516867 0.011920  0.093962  -0.029805  0.983114  0.149966  -0.104865  -0.153221  0.987908  -0.023666  0.100048  0.039334  0.994205  0.014888  -0.003808  0.005422  -0.305054  0.001684  0.048173  2.000000  
121.517868 0.011939  0.093960  -0.029799  0.983083  0.150144  -0.104906  -0.153424  0.987872  -0.023884  0.100048  0.039575  0.994195  0.015384  -0.003570  0.005597  -0.301820  0.001921  0.054595  2.000000  
121.519115 0.011963  0.093957  -0.029791  0.983083  0.150118  -0.104942  -0.153424  0.987866  -0.024124  0.100048  0.039817  0.994186  0.016082  -0.003230  0.005801  -0.294402  0.001698  0.047767  2.000000  
121.520115 0.011982  0.093956  -0.029785  0.983051  0.150296  -0.104984  -0.153626  0.987829  -0.024342  0.100048  0.040058  0.994176  0.016468  -0.003046  0.005894  -0.293732  0.001954  0.054593  2.000000  
121.521384 0.012006  0.093953  -0.029778  0.983006  0.150469  -0.105157  -0.153826  0.987793  -0.024540  0.100181  0.040298  0.994153  0.017049  -0.002751  0.005957  -0.287134  0.006729  0.061724  2.000000  
121.522619 0.012031  0.093951  -0.029771  0.982975  0.150646  -0.105198  -0.154029  0.987756  -0.024757  0.100181  0.040540  0.994143  0.017513  -0.002536  0.005997  -0.282509  0.011496  0.068468  2.000000  
121.523710 0.012051  0.093950  -0.029766  0.982961  0.150615  -0.105366  -0.154027  0.987751  -0.024977  0.100314  0.040780  0.994120  0.017829  -0.002326  0.005959  -0.277647  0.015965  0.068107  2.000000  
121.524866 0.012076  0.093948  -0.029760  0.982930  0.150793  -0.105408  -0.154229  0.987714  -0.025194  0.100314  0.041021  0.994110  0.018368  -0.002186  0.005975  -0.272123  0.015901  0.067739  2.000000  
121.526114 0.012101  0.093946  -0.029754  0.982885  0.150966  -0.105581  -0.154429  0.987678  -0.025392  0.100447  0.041262  0.994086  0.018725  -0.002036  0.005880  -0.267413  0.020635  0.074398  2.000000  
121.527123 0.012122  0.093944  -0.029750  0.982853  0.151143  -0.105623  -0.154632  0.987640  -0.025610  0.100447  0.041503  0.994076  0.018996  -0.001916  0.005761  -0.260731  0.025582  0.081701  2.000000  
121.528371 0.012147  0.093942  -0.029744  0.982808  0.151315  -0.105796  -0.154832  0.987604  -0.025807  0.100580  0.041744  0.994053  0.019241  -0.001821  0.005597  -0.255985  0.030365  0.088410  2.000000  
121.529382 0.012167  0.093941  -0.029740  0.982776  0.151493  -0.105839  -0.155034  0.987566  -0.026024  0.100580  0.041985  0.994043  0.019459  -0.001779  0.005437  -0.253190  0.030398  0.094498  2.000000  
121.530383 0.012188  0.093939  -0.029735  0.982730  0.151665  -0.106012  -0.155234  0.987530  -0.026222  0.100713  0.042225  0.994019  0.019644  -0.001708  0.005315  -0.250423  0.035425  0.101941  2.000000  
121.531619 0.012213  0.093938  -0.029729  0.982685  0.151837  -0.106186  -0.155435  0.987493  -0.026418  0.100846  0.042466  0.993995  0.019837  -0.001591  0.005127  -0.241639  0.040234  0.108660  2.000000  
121.532869 0.012238  0.093936  -0.029724  0.982640  0.152009  -0.106359  -0.155635  0.987456  -0.026615  0.100979  0.042707  0.993971  0.020000  -0.001547  0.004910  -0.236941  0.045045  0.115388  2.000000  
121.534118 0.012264  0.093935  -0.029719  0.982594  0.152181  -0.106533  -0.155835  0.987419  -0.026812  0.101113  0.042947  0.993948  0.020112  -0.001478  0.004734  -0.232278  0.049872  0.122139  2.000000  
121.535365 0.012289  0.093934  -0.029716  0.982549  0.152353  -0.106707  -0.156035  0.987382  -0.027009  0.101246  0.043188  0.993924  0.020127  -0.001442  0.004503  -0.228071  0.054378  0.121880  2.000000  
121.536368 0.012309  0.093932  -0.029712  0.982503  0.152537  -0.106862  -0.156235  0.987348  -0.027086  0.101379  0.043308  0.993905  0.020183  -0.001397  0.004393  -0.225510  0.058679  0.127524  2.000000  
121.537370 0.012328  0.093931  -0.029709  0.982490  0.152505  -0.107031  -0.156233  0.987343  -0.027304  0.101512  0.043548  0.993881  0.020156  -0.001405  0.004193  -0.223351  0.063716  0.128415  2.000000  
121.538371 0.012348  0.093929  -0.029707  0.982444  0.152690  -0.107186  -0.156433  0.987309  -0.027381  0.101645  0.043668  0.993862  0.020110  -0.001441  0.004020  -0.215056  0.068202  0.128139  2.000000  
121.539380 0.012367  0.093927  -0.029705  0.982399  0.152874  -0.107342  -0.156633  0.987275  -0.027458  0.101778  0.043788  0.993843  0.020035  -0.001442  0.003781  -0.212598  0.072394  0.133724  2.000000  
121.540677 0.012391  0.093924  -0.029702  0.982372  0.152837  -0.107641  -0.156629  0.987270  -0.027656  0.102044  0.044028  0.993805  0.019879  -0.001499  0.003615  -0.205791  0.077391  0.134366  2.000000  
121.541868 0.012414  0.093920  -0.029701  0.982326  0.153021  -0.107797  -0.156829  0.987236  -0.027732  0.102177  0.044148  0.993786  0.019843  -0.001632  0.003323  -0.196382  0.081386  0.133305  2.000000  
121.543123 0.012438  0.093917  -0.029699  0.982299  0.152983  -0.108097  -0.156825  0.987231  -0.027930  0.102444  0.044388  0.993748  0.019726  -0.001720  0.003041  -0.189849  0.091100  0.134012  2.000000  
121.544371 0.012461  0.093913  -0.029698  0.982253  0.153167  -0.108252  -0.157025  0.987197  -0.028006  0.102577  0.044508  0.993729  0.019605  -0.001816  0.002781  -0.184278  0.094854  0.132737  2.000000  
121.545376 0.012479  0.093910  -0.029697  0.982226  0.153143  -0.108533  -0.157021  0.987196  -0.028084  0.102843  0.044627  0.993696  0.019457  -0.001932  0.002544  -0.177559  0.104619  0.133380  2.000000  
121.546380 0.012498  0.093907  -0.029696  0.982212  0.153110  -0.108702  -0.157018  0.987190  -0.028303  0.102976  0.044867  0.993671  0.019305  -0.002105  0.002239  -0.178213  0.104343  0.126455  2.000000  
121.547618 0.012522  0.093904  -0.029695  0.982185  0.153085  -0.108983  -0.157014  0.987188  -0.028380  0.103242  0.044987  0.993638  0.019214  -0.002166  0.002056  0.000000  0.000000  0.000000  2.000000  
121.548645 0.012541  0.093902  -0.029693  0.982171  0.153066  -0.109133  -0.157012  0.987186  -0.028479  0.103375  0.045107  0.993619  0.019054  -0.002308  0.001894  0.000000  0.000000  0.000000  2.000000  
121.549869 0.012564  0.093898  -0.029690  0.982144  0.153028  -0.109432  -0.157008  0.987181  -0.028677  0.103641  0.045346  0.993580  0.019009  -0.002402  0.001750  0.000000  0.000000  0.000000  2.000000  
121.551118 0.012588  0.093895  -0.029688  0.982117  0.153002  -0.109714  -0.157003  0.987179  -0.028754  0.103907  0.045466  0.993547  0.018920  -0.002507  0.001674  0.000000  0.000000  0.000000  2.000000  
121.552373 0.012611  0.093891  -0.029685  0.982089  0.152977  -0.109995  -0.156999  0.987178  -0.028832  0.104174  0.045585  0.993514  0.018800  -0.002654  0.001668  0.000000  0.000000  0.000000  2.000000  
121.553374 0.012629  0.093888  -0.029682  0.982108  0.152741  -0.110157  -0.156794  0.987203  -0.029073  0.104307  0.045825  0.993489  0.018710  -0.002765  0.001659  0.000000  0.000000  0.000000  2.000000  
121.554381 0.012647  0.093884  -0.029679  0.982080  0.152715  -0.110438  -0.156790  0.987202  -0.029151  0.104573  0.045944  0.993455  0.018669  -0.002818  0.001734  -0.157886  0.147633  0.083077  2.000000  
121.555616 0.012670  0.093880  -0.029676  0.982052  0.152690  -0.110719  -0.156786  0.987200  -0.029229  0.104839  0.046064  0.993422  0.018705  -0.002928  0.001781  -0.154567  0.156389  0.075809  2.000000  
121.556864 0.012693  0.093876  -0.029671  0.982071  0.152467  -0.110863  -0.156581  0.987229  -0.029351  0.104972  0.046183  0.993402  0.018618  -0.002941  0.001957  -0.154710  0.154525  0.061532  2.000000  
121.557869 0.012712  0.093873  -0.029668  0.982043  0.152441  -0.111144  -0.156577  0.987227  -0.029429  0.105238  0.046303  0.993369  0.018572  -0.002981  0.002099  -0.152602  0.164483  0.054732  2.000000  
121.559116 0.012734  0.093869  -0.029664  0.982047  0.152212  -0.111419  -0.156370  0.987257  -0.029529  0.105504  0.046422  0.993335  0.018545  -0.002988  0.002295  -0.148707  0.166993  0.040414  2.000000  
121.560120 0.012753  0.093866  -0.029660  0.982034  0.152193  -0.111568  -0.156368  0.987254  -0.029628  0.105637  0.046542  0.993315  0.018529  -0.003002  0.002463  -0.142553  0.168150  0.033846  2.000000  
121.561372 0.012775  0.093863  -0.029656  0.982038  0.151964  -0.111843  -0.156161  0.987284  -0.029729  0.105903  0.046661  0.993281  0.018503  -0.002925  0.002702  -0.139824  0.171944  0.019845  2.000000  
121.562383 0.012795  0.093861  -0.029652  0.982024  0.151957  -0.111975  -0.156159  0.987285  -0.029708  0.106036  0.046660  0.993267  0.018503  -0.002933  0.002902  -0.132336  0.176065  0.012742  2.000000  
121.563619 0.012818  0.093858  -0.029647  0.982028  0.151728  -0.112249  -0.155952  0.987315  -0.029809  0.106303  0.046779  0.993233  0.018510  -0.002896  0.003035  -0.129751  0.180022  -0.001239  2.000000  
121.564869 0.012842  0.093856  -0.029642  0.982000  0.151716  -0.112512  -0.155948  0.987317  -0.029768  0.106569  0.046778  0.993204  0.018513  -0.002833  0.003247  -0.122305  0.179696  -0.008136  2.000000  
121.566118 0.012865  0.093853  -0.029636  0.982018  0.151493  -0.112655  -0.155744  0.987345  -0.029890  0.106702  0.046898  0.993184  0.018501  -0.002760  0.003483  -0.123756  0.179088  -0.021909  2.000000  
121.567119 0.012884  0.093851  -0.029631  0.981989  0.151480  -0.112918  -0.155739  0.987347  -0.029848  0.106968  0.046896  0.993156  0.018543  -0.002677  0.003609  -0.118704  0.182080  -0.021943  2.000000  
121.568371 0.012907  0.093848  -0.029625  0.982007  0.151257  -0.113061  -0.155535  0.987376  -0.029970  0.107101  0.047016  0.993136  0.018564  -0.002607  0.003814  -0.116079  0.181429  -0.035609  2.000000  
121.569380 0.012926  0.093847  -0.029620  0.981993  0.151251  -0.113193  -0.155532  0.987377  -0.029950  0.107234  0.047016  0.993122  0.018599  -0.002525  0.003937  -0.109570  0.178047  -0.042577  2.000000  
121.570618 0.012950  0.093845  -0.029612  0.981965  0.151225  -0.113473  -0.155528  0.987375  -0.030028  0.107500  0.047135  0.993087  0.018632  -0.002362  0.004217  -0.108934  0.181460  -0.042552  2.000000  
121.571619 0.012969  0.093843  -0.029606  0.981983  0.151015  -0.113598  -0.155324  0.987407  -0.030031  0.107633  0.047134  0.993073  0.018695  -0.002249  0.004408  -0.107008  0.181983  -0.056583  2.000000  
121.572868 0.012993  0.093841  -0.029599  0.981968  0.151009  -0.113730  -0.155321  0.987408  -0.030010  0.107766  0.047133  0.993058  0.018786  -0.002133  0.004644  -0.098884  0.177521  -0.056409  2.000000  
121.574116 0.013017  0.093840  -0.029590  0.981940  0.150997  -0.113992  -0.155317  0.987410  -0.029968  0.108032  0.047132  0.993030  0.018883  -0.001940  0.004920  -0.094750  0.180183  -0.062973  2.000000  
121.575367 0.013042  0.093839  -0.029582  0.981926  0.150990  -0.114123  -0.155315  0.987411  -0.029947  0.108165  0.047131  0.993015  0.018987  -0.001799  0.005164  -0.090727  0.175742  -0.062784  2.000000  
121.576369 0.013062  0.093839  -0.029576  0.981911  0.150984  -0.114255  -0.155312  0.987412  -0.029927  0.108298  0.047131  0.993001  0.019073  -0.001635  0.005321  -0.082651  0.175748  -0.062809  2.000000  
121.577374 0.013081  0.093839  -0.029569  0.981897  0.150978  -0.114386  -0.155310  0.987413  -0.029906  0.108431  0.047130  0.992986  0.019111  -0.001467  0.005540  -0.079232  0.172626  -0.063102  2.000000  
121.578398 0.013101  0.093839  -0.029563  0.981883  0.150972  -0.114517  -0.155308  0.987414  -0.029885  0.108564  0.047129  0.992972  0.019171  -0.001262  0.005680  -0.074629  0.171395  -0.062663  2.000000  
121.579620 0.013126  0.093840  -0.029555  0.981868  0.150965  -0.114648  -0.155305  0.987415  -0.029864  0.108697  0.047128  0.992957  0.019268  -0.001040  0.005881  -0.067032  0.168150  -0.062932  2.000000  
121.580869 0.013151  0.093841  -0.029547  0.981839  0.150953  -0.114911  -0.155301  0.987417  -0.029823  0.108963  0.047127  0.992928  0.019358  -0.000848  0.005992  -0.062971  0.168148  -0.062941  2.000000  
121.581869 0.013171  0.093842  -0.029541  0.981825  0.150947  -0.115042  -0.155299  0.987418  -0.029802  0.109096  0.047126  0.992913  0.019446  -0.000654  0.006102  -0.058897  0.168132  -0.062946  2.000000  
121.583119 0.013195  0.093842  -0.029534  0.981779  0.151144  -0.115179  -0.155498  0.987388  -0.029758  0.109229  0.047126  0.992899  0.019521  -0.000408  0.006154  -0.049291  0.164321  -0.049024  2.000000  
121.584366 0.013220  0.093844  -0.029526  0.981764  0.151138  -0.115311  -0.155496  0.987389  -0.029737  0.109362  0.047125  0.992884  0.019607  -0.000188  0.006271  0.000000  0.000000  0.000000  2.000000  
121.585368 0.013239  0.093844  -0.029521  0.981735  0.151125  -0.115573  -0.155492  0.987391  -0.029695  0.109628  0.047124  0.992855  0.019591  -0.000055  0.006219  -0.040804  0.162929  -0.048629  2.000000  
121.586382 0.013260  0.093845  -0.029515  0.981689  0.151322  -0.115710  -0.155691  0.987361  -0.029651  0.109761  0.047123  0.992840  0.019676  0.000138  0.006224  0.000000  0.000000  0.000000  2.000000  
121.587616 0.013284  0.093846  -0.029508  0.981674  0.151330  -0.115823  -0.155689  0.987365  -0.029510  0.109894  0.047002  0.992831  0.019708  0.000354  0.006144  0.000000  0.000000  0.000000  2.000000  
121.588616 0.013304  0.093847  -0.029502  0.981645  0.151318  -0.116085  -0.155684  0.987367  -0.029469  0.110160  0.047000  0.992802  0.019759  0.000475  0.006095  0.000000  0.000000  0.000000  2.000000  
121.589866 0.013329  0.093849  -0.029496  0.981598  0.151515  -0.116223  -0.155884  0.987337  -0.029424  0.110293  0.047000  0.992787  0.019780  0.000633  0.006021  0.000000  0.000000  0.000000  2.000000  
121.591114 0.013354  0.093851  -0.029489  0.981569  0.151502  -0.116485  -0.155880  0.987339  -0.029382  0.110559  0.046998  0.992758  0.019827  0.000835  0.005888  0.000000  0.000000  0.000000  2.000000  
121.592122 0.013374  0.093853  -0.029483  0.981523  0.151699  -0.116622  -0.156079  0.987309  -0.029337  0.110692  0.046998  0.992743  0.019839  0.000941  0.005802  0.000000  0.000000  0.000000  2.000000  
121.593122 0.013394  0.093855  -0.029479  0.981493  0.151687  -0.116885  -0.156075  0.987311  -0.029296  0.110958  0.046996  0.992713  0.019886  0.001049  0.005725  0.000000  0.000000  0.000000  2.000000  
121.594381 0.013418  0.093857  -0.029473  0.981432  0.151878  -0.117153  -0.156272  0.987281  -0.029230  0.111224  0.046995  0.992684  0.019852  0.001154  0.005599  0.000000  0.000000  0.000000  2.000000  
121.595621 0.013443  0.093860  -0.029467  0.981402  0.151865  -0.117415  -0.156267  0.987283  -0.029188  0.111490  0.046993  0.992654  0.019837  0.001282  0.005420  0.000000  0.000000  0.000000  2.000000  
121.596869 0.013468  0.093862  -0.029462  0.981373  0.151853  -0.117678  -0.156263  0.987285  -0.029146  0.111756  0.046992  0.992624  0.019791  0.001389  0.005324  0.000000  0.000000  0.000000  2.000000  
121.597869 0.013487  0.093865  -0.029458  0.981326  0.152050  -0.117815  -0.156462  0.987255  -0.029101  0.111889  0.046991  0.992609  0.019781  0.001464  0.005176  0.000000  0.000000  0.000000  2.000000  
121.599119 0.013511  0.093867  -0.029454  0.981296  0.152037  -0.118077  -0.156458  0.987257  -0.029059  0.112154  0.046990  0.992579  0.019696  0.001568  0.004895  0.000000  0.000000  0.000000  2.000000  
121.600374 0.013535  0.093870  -0.029449  0.981267  0.152025  -0.118339  -0.156453  0.987259  -0.029017  0.112420  0.046988  0.992549  0.019646  0.001701  0.004771  0.000000  0.000000  0.000000  2.000000  
121.601619 0.013558  0.093872  -0.029445  0.981190  0.152210  -0.118739  -0.156648  0.987231  -0.028930  0.112819  0.046986  0.992504  0.019596  0.001804  0.004542  0.009417  0.177485  0.039787  2.000000  
121.602866 0.013581  0.093874  -0.029441  0.981160  0.152197  -0.119001  -0.156643  0.987233  -0.028888  0.113085  0.046985  0.992474  0.019479  0.001826  0.004319  0.009348  0.180468  0.039244  2.000000  
121.604120 0.013605  0.093877  -0.029438  0.981130  0.152185  -0.119263  -0.156638  0.987235  -0.028847  0.113351  0.046983  0.992444  0.019404  0.001902  0.004069  0.009440  0.181982  0.039572  2.000000  
121.605369 0.013628  0.093879  -0.029434  0.981085  0.152166  -0.119657  -0.156631  0.987238  -0.028784  0.113750  0.046981  0.992398  0.019341  0.001983  0.003867  0.009452  0.190950  0.039141  2.000000  
121.606372 0.013647  0.093881  -0.029431  0.981055  0.152154  -0.119919  -0.156626  0.987240  -0.028742  0.114016  0.046980  0.992368  0.019204  0.002001  0.003706  0.009462  0.195453  0.038930  2.000000  
121.607625 0.013670  0.093884  -0.029428  0.981010  0.152135  -0.120312  -0.156619  0.987243  -0.028679  0.114414  0.046978  0.992322  0.019071  0.002024  0.003525  0.009475  0.199888  0.038704  2.000000  
121.608869 0.013693  0.093887  -0.029425  0.980964  0.152102  -0.120724  -0.156612  0.987242  -0.028736  0.114813  0.047096  0.992270  0.018966  0.002036  0.003357  0.005368  0.207195  0.037957  2.000000  
121.609872 0.013711  0.093889  -0.029422  0.980934  0.152089  -0.120986  -0.156607  0.987244  -0.028694  0.115079  0.047094  0.992239  0.018819  0.002074  0.003212  0.005422  0.213382  0.038053  2.000000  
121.610872 0.013729  0.093891  -0.029420  0.980920  0.151868  -0.121374  -0.156398  0.987278  -0.028656  0.115478  0.047092  0.992193  0.018716  0.002042  0.003047  0.004659  0.222074  0.030763  2.000000  
121.612119 0.013751  0.093894  -0.029417  0.980874  0.151849  -0.121767  -0.156390  0.987281  -0.028594  0.115876  0.047090  0.992147  0.018542  0.002069  0.002883  0.004632  0.229158  0.030086  2.000000  
121.613370 0.013773  0.093897  -0.029414  0.980828  0.151815  -0.122179  -0.156383  0.987281  -0.028651  0.116275  0.047208  0.992095  0.018406  0.002110  0.002801  -0.000174  0.235208  0.023236  2.000000  
121.614617 0.013794  0.093900  -0.029412  0.980782  0.151797  -0.122572  -0.156376  0.987284  -0.028588  0.116674  0.047206  0.992048  0.018204  0.002080  0.002624  -0.000163  0.242194  0.022622  2.000000  
121.615619 0.013811  0.093902  -0.029410  0.980784  0.151581  -0.122828  -0.156169  0.987317  -0.028572  0.116939  0.047204  0.992017  0.018065  0.002152  0.002576  -0.000941  0.248345  0.015726  2.000000  
121.616868 0.013831  0.093904  -0.029407  0.980722  0.151541  -0.123371  -0.156159  0.987318  -0.028608  0.117471  0.047322  0.991948  0.017862  0.002139  0.002500  -0.005795  0.257060  0.008418  2.000000  
121.618117 0.013852  0.093908  -0.029404  0.980707  0.151319  -0.123758  -0.155950  0.987352  -0.028571  0.117870  0.047319  0.991901  0.017667  0.002168  0.002423  -0.010656  0.265736  0.001139  2.000000  
121.619149 0.013868  0.093910  -0.029402  0.980660  0.151300  -0.124151  -0.155942  0.987355  -0.028508  0.118268  0.047317  0.991854  0.017481  0.002237  0.002366  -0.011433  0.269675  -0.005938  2.000000  
121.620369 0.013888  0.093914  -0.029400  0.980645  0.151063  -0.124557  -0.155733  0.987385  -0.028591  0.118667  0.047435  0.991800  0.017281  0.002273  0.002265  -0.016328  0.278856  -0.013269  2.000000  
121.621622 0.013908  0.093917  -0.029398  0.980583  0.151038  -0.125081  -0.155723  0.987389  -0.028508  0.119198  0.047432  0.991737  0.017092  0.002360  0.002244  -0.017100  0.287110  -0.020542  2.000000  
121.622657 0.013924  0.093920  -0.029396  0.980567  0.150816  -0.125469  -0.155514  0.987423  -0.028471  0.119597  0.047430  0.991689  0.016855  0.002385  0.002160  -0.017878  0.295423  -0.027801  2.000000  
121.623868 0.013943  0.093923  -0.029393  0.980504  0.150791  -0.125993  -0.155503  0.987427  -0.028388  0.120128  0.047427  0.991625  0.016690  0.002429  0.002080  -0.017764  0.302355  -0.028039  2.000000  
121.625120 0.013963  0.093927  -0.029391  0.980488  0.150554  -0.126398  -0.155294  0.987458  -0.028471  0.120526  0.047545  0.991571  0.016486  0.002515  0.002084  -0.023600  0.308723  -0.042239  2.000000  
121.626365 0.013981  0.093931  -0.029388  0.980456  0.150325  -0.126917  -0.155082  0.987493  -0.028415  0.121058  0.047542  0.991506  0.016235  0.002580  0.002077  -0.024213  0.314739  -0.049120  2.000000  
121.627374 0.013996  0.093934  -0.029386  0.980408  0.150306  -0.127310  -0.155075  0.987496  -0.028352  0.121456  0.047539  0.991458  0.016033  0.002607  0.002048  -0.025225  0.321424  -0.056590  2.000000  
121.628375 0.014011  0.093936  -0.029384  0.980392  0.150069  -0.127715  -0.154865  0.987526  -0.028436  0.121855  0.047657  0.991403  0.015867  0.002638  0.002041  -0.029879  0.327420  -0.063386  2.000000  
121.629382 0.014026  0.093940  -0.029381  0.980344  0.150050  -0.128108  -0.154857  0.987529  -0.028374  0.122253  0.047655  0.991354  0.015711  0.002728  0.002092  -0.030131  0.334495  -0.064099  2.000000  
121.630619 0.014044  0.093943  -0.029378  0.980311  0.149806  -0.128645  -0.154645  0.987561  -0.028438  0.122784  0.047772  0.991283  0.015518  0.002767  0.002097  -0.035054  0.343279  -0.071435  2.000000  
121.631868 0.014062  0.093948  -0.029375  0.980277  0.149577  -0.129163  -0.154433  0.987595  -0.028382  0.123315  0.047769  0.991217  0.015356  0.002884  0.002149  -0.036407  0.348709  -0.084883  2.000000  
121.632869 0.014076  0.093951  -0.029373  0.980228  0.149558  -0.129556  -0.154426  0.987598  -0.028320  0.123714  0.047767  0.991168  0.015209  0.002972  0.002156  -0.036731  0.356080  -0.085796  2.000000  
121.634118 0.014094  0.093956  -0.029369  0.980195  0.149314  -0.130092  -0.154213  0.987630  -0.028384  0.124245  0.047884  0.991096  0.015107  0.003067  0.002204  -0.041316  0.361743  -0.092344  2.000000  
121.635365 0.014112  0.093962  -0.029367  0.980161  0.149085  -0.130610  -0.154001  0.987664  -0.028328  0.124776  0.047880  0.991029  0.014961  0.003204  0.002222  -0.042172  0.365893  -0.099364  2.000000  
121.636369 0.014127  0.093966  -0.029364  0.980111  0.149066  -0.131003  -0.153994  0.987667  -0.028266  0.125174  0.047878  0.990979  0.014797  0.003300  0.002283  -0.042199  0.370342  -0.099573  2.000000  
121.637370 0.014141  0.093970  -0.029361  0.980093  0.148828  -0.131408  -0.153784  0.987698  -0.028352  0.125572  0.047996  0.990923  0.014769  0.003412  0.002334  -0.047089  0.374433  -0.106602  2.000000  
121.638619 0.014159  0.093976  -0.029358  0.980026  0.148802  -0.131932  -0.153774  0.987702  -0.028269  0.126103  0.047992  0.990856  0.014650  0.003555  0.002356  -0.043455  0.377571  -0.107514  2.000000  
121.639864 0.014177  0.093982  -0.029355  0.979991  0.148574  -0.132450  -0.153561  0.987736  -0.028214  0.126634  0.047989  0.990788  0.014553  0.003692  0.002403  -0.043970  0.383118  -0.113878  2.000000  
121.640869 0.014191  0.093987  -0.029352  0.979972  0.148335  -0.132855  -0.153352  0.987766  -0.028300  0.127032  0.048107  0.990731  0.014461  0.003848  0.002421  -0.048043  0.383036  -0.113874  2.000000  
121.642117 0.014209  0.093992  -0.029349  0.979888  0.148303  -0.133510  -0.153338  0.987771  -0.028198  0.127696  0.048103  0.990646  0.014408  0.003979  0.002504  -0.048093  0.391932  -0.114291  2.000000  
121.643119 0.014223  0.093997  -0.029346  0.979869  0.148081  -0.133897  -0.153129  0.987805  -0.028164  0.128094  0.048100  0.990595  0.014362  0.004141  0.002554  -0.045303  0.394886  -0.122131  2.000000  
121.644122 0.014237  0.094003  -0.029343  0.979801  0.148039  -0.134439  -0.153118  0.987805  -0.028202  0.128625  0.048217  0.990520  0.014342  0.004285  0.002591  -0.049410  0.403770  -0.122554  2.000000  
121.645375 0.014255  0.094009  -0.029340  0.979765  0.147810  -0.134957  -0.152906  0.987840  -0.028148  0.129155  0.048214  0.990452  0.014292  0.004400  0.002582  -0.049457  0.408252  -0.122761  2.000000  
121.646618 0.014272  0.094016  -0.029336  0.979728  0.147565  -0.135493  -0.152693  0.987871  -0.028214  0.129686  0.048330  0.990377  0.014285  0.004595  0.002632  -0.049951  0.409052  -0.128825  2.000000  
121.647869 0.014290  0.094023  -0.029333  0.979659  0.147540  -0.136016  -0.152683  0.987875  -0.028132  0.130217  0.048327  0.990307  0.014238  0.004792  0.002652  -0.049567  0.412780  -0.123030  2.000000  
