1-Time 2-Px 3-Py 4-Pz 5-R11 6-R21 7-R31 8-R12 9-R22 10-R32 11-R13 12-R23 13-R33 14-Vx 15-Vy 16-Vz 17-Wx 18-Wy 19-Wz 20-state 21-PR11 22-PR21 23-PR31 24-PR12 25-PR22 26-PR32 27-PR13 28-PR23 29-PR33 
60.510551 0.016682  0.093606  -0.034561  0.988369  0.136695  0.066640  -0.138238  0.990215  0.019091  -0.063378  -0.028081  0.997594  -0.000959  0.002071  -0.000646  0.000000  0.000000  0.000000  2.000000  
60.511558 0.016682  0.093608  -0.034561  0.988369  0.136695  0.066640  -0.138238  0.990215  0.019091  -0.063378  -0.028081  0.997594  -0.000945  0.002040  -0.000638  0.000000  0.000000  0.000000  2.000000  
60.512564 0.016683  0.093610  -0.034561  0.988275  0.137303  0.066784  -0.138847  0.990131  0.019031  -0.063512  -0.028080  0.997586  -0.000767  0.002060  -0.000573  0.000000  0.000000  0.000000  2.000000  
60.513603 0.016686  0.093612  -0.034560  0.988172  0.137907  0.067060  -0.139455  0.990047  0.018952  -0.063779  -0.028080  0.997569  -0.000488  0.002070  -0.000493  0.000000  0.000000  0.000000  2.000000  
60.514806 0.016691  0.093614  -0.034559  0.988023  0.138699  0.067621  -0.140264  0.989933  0.018942  -0.064313  -0.028200  0.997531  -0.000080  0.002001  -0.000334  0.000000  0.000000  0.000000  2.000000  
60.515810 0.016697  0.093615  -0.034559  0.987977  0.138896  0.067889  -0.140465  0.989905  0.018891  -0.064580  -0.028199  0.997514  0.000330  0.001949  -0.000273  0.000000  0.000000  0.000000  2.000000  
60.516813 0.016702  0.093617  -0.034559  0.987911  0.139291  0.068046  -0.140870  0.989846  0.018964  -0.064713  -0.028320  0.997502  0.000786  0.001922  -0.000283  0.000000  0.000000  0.000000  2.000000  
60.518062 0.016711  0.093619  -0.034560  0.987794  0.140106  0.068061  -0.141684  0.989731  0.018908  -0.064713  -0.028320  0.997502  0.001427  0.001914  -0.000274  0.000000  0.000000  0.000000  2.000000  
60.519313 0.016720  0.093622  -0.034561  0.987677  0.140913  0.068094  -0.142497  0.989613  0.018972  -0.064713  -0.028441  0.997499  0.002121  0.001903  -0.000282  0.000000  0.000000  0.000000  2.000000  
60.520560 0.016730  0.093623  -0.034561  0.987522  0.141920  0.068263  -0.143513  0.989466  0.019003  -0.064847  -0.028562  0.997486  0.002920  0.001859  -0.000222  0.000000  0.000000  0.000000  2.000000  
60.521809 0.016743  0.093627  -0.034560  0.987348  0.142918  0.068696  -0.144525  0.989319  0.018994  -0.065247  -0.028682  0.997457  0.003912  0.001920  -0.000136  0.007465  -0.064128  0.198488  2.000000  
60.522810 0.016755  0.093630  -0.034560  0.987194  0.143709  0.069257  -0.145333  0.989201  0.018980  -0.065781  -0.028802  0.997418  0.004738  0.002021  -0.000054  0.009698  -0.082900  0.225557  2.000000  
60.523812 0.016767  0.093634  -0.034557  0.987017  0.144716  0.069672  -0.146345  0.989054  0.018850  -0.066182  -0.028801  0.997392  0.005636  0.002124  0.000227  0.007408  -0.097358  0.259650  2.000000  
60.525055 0.016783  0.093638  -0.034552  0.986792  0.145910  0.070373  -0.147558  0.988875  0.018785  -0.066849  -0.028921  0.997344  0.006843  0.002185  0.000602  0.008697  -0.121104  0.300591  2.000000  
60.526055 0.016797  0.093641  -0.034548  0.986613  0.146908  0.070806  -0.148569  0.988724  0.018773  -0.067250  -0.029041  0.997313  0.007649  0.002278  0.000891  0.010448  -0.135558  0.334609  2.000000  
60.527060 0.016811  0.093645  -0.034544  0.986432  0.147905  0.071239  -0.149581  0.988572  0.018760  -0.067650  -0.029161  0.997283  0.008678  0.002416  0.001141  0.012186  -0.150029  0.368657  2.000000  
60.528063 0.016825  0.093649  -0.034543  0.986269  0.148919  0.071390  -0.150595  0.988419  0.018666  -0.067784  -0.029161  0.997274  0.009450  0.002520  0.001240  0.009438  -0.155755  0.410047  2.000000  
60.529306 0.016844  0.093652  -0.034540  0.986086  0.149916  0.071823  -0.151606  0.988265  0.018652  -0.068184  -0.029281  0.997243  0.010302  0.002599  0.001322  0.011153  -0.170246  0.444124  2.000000  
60.530320 0.016859  0.093654  -0.034538  0.985943  0.150722  0.072103  -0.152415  0.988142  0.018552  -0.068451  -0.029281  0.997225  0.011028  0.002644  0.001449  0.009260  -0.179902  0.471132  2.000000  
60.531558 0.016879  0.093655  -0.034536  0.985686  0.152122  0.072675  -0.153830  0.987924  0.018486  -0.068985  -0.029401  0.997184  0.011903  0.002625  0.001516  0.010005  -0.199392  0.519141  2.000000  
60.532558 0.016897  0.093657  -0.034537  0.985491  0.153123  0.073221  -0.154839  0.987770  0.018328  -0.069519  -0.029400  0.997147  0.012615  0.002556  0.001525  0.007563  -0.218359  0.553104  2.000000  
60.533564 0.016915  0.093658  -0.034536  0.985262  0.154327  0.073771  -0.156050  0.987582  0.018154  -0.070053  -0.029399  0.997110  0.013450  0.002504  0.001599  0.004640  -0.237488  0.593874  2.000000  
60.534809 0.016937  0.093658  -0.034535  0.985022  0.155528  0.074452  -0.157260  0.987394  0.017958  -0.070720  -0.029397  0.997063  0.014225  0.002379  0.001667  0.001654  -0.261187  0.634703  2.000000  
60.535810 0.016956  0.093657  -0.034534  0.984854  0.156325  0.074994  -0.158065  0.987268  0.017812  -0.071254  -0.029396  0.997025  0.014845  0.002174  0.001763  -0.000383  -0.279960  0.661775  2.000000  
60.536814 0.016975  0.093655  -0.034534  0.984663  0.157330  0.075407  -0.159074  0.987109  0.017671  -0.071655  -0.029395  0.996996  0.015493  0.001895  0.001786  -0.003275  -0.299085  0.702546  2.000000  
60.538060 0.016999  0.093654  -0.034535  0.984470  0.158334  0.075820  -0.160083  0.986948  0.017529  -0.072055  -0.029394  0.996967  0.016046  0.001524  0.001621  -0.005762  -0.313633  0.736817  2.000000  
60.539063 0.017017  0.093652  -0.034536  0.984309  0.159126  0.076249  -0.160889  0.986817  0.017522  -0.072455  -0.029514  0.996935  0.016519  0.001115  0.001261  -0.003714  -0.327910  0.763887  2.000000  
60.540312 0.017039  0.093649  -0.034537  0.984115  0.160130  0.076662  -0.161897  0.986655  0.017378  -0.072856  -0.029514  0.996906  0.016842  0.000677  0.000905  -0.006225  -0.342362  0.797927  2.000000  
60.541312 0.017057  0.093645  -0.034539  0.983995  0.160741  0.076916  -0.162502  0.986559  0.017168  -0.073123  -0.029392  0.996890  0.017088  0.000245  0.000508  -0.011731  -0.349105  0.811884  2.000000  
60.542313 0.017076  0.093643  -0.034540  0.983832  0.161542  0.077325  -0.163307  0.986428  0.017039  -0.073523  -0.029391  0.996860  0.017472  -0.000292  0.000255  -0.012526  -0.361233  0.825345  2.000000  
60.543559 0.017098  0.093639  -0.034542  0.983648  0.162344  0.077977  -0.164109  0.986300  0.016746  -0.074190  -0.029269  0.996815  0.017736  -0.000847  -0.000102  -0.017351  -0.372275  0.826103  2.000000  
60.544561 0.017116  0.093634  -0.034544  0.983474  0.163150  0.078497  -0.164912  0.986171  0.016474  -0.074724  -0.029147  0.996778  0.017923  -0.001279  -0.000397  -0.026071  -0.374781  0.831635  2.000000  
60.545808 0.017136  0.093629  -0.034546  0.983298  0.163956  0.079017  -0.165716  0.986041  0.016201  -0.075257  -0.029025  0.996742  0.017996  -0.001661  -0.000570  -0.031679  -0.381209  0.845194  2.000000  
60.546810 0.017152  0.093625  -0.034547  0.983200  0.164360  0.079398  -0.166115  0.985977  0.015982  -0.075658  -0.028903  0.996715  0.017963  -0.002085  -0.000709  -0.039995  -0.390128  0.844928  2.000000  
60.548061 0.017172  0.093620  -0.034548  0.983067  0.164968  0.079782  -0.166717  0.985879  0.015747  -0.076058  -0.028781  0.996688  0.017754  -0.002520  -0.000757  -0.043726  -0.403240  0.837680  2.000000  
60.549313 0.017190  0.093613  -0.034550  0.982978  0.165376  0.080032  -0.167119  0.985814  0.015549  -0.076325  -0.028660  0.996671  0.017478  -0.003002  -0.000953  -0.050885  -0.414925  0.823549  2.000000  
60.550321 0.017204  0.093609  -0.034551  0.982889  0.165784  0.080281  -0.167520  0.985749  0.015352  -0.076592  -0.028538  0.996654  0.017193  -0.003280  -0.001098  -0.058215  -0.418941  0.809450  2.000000  
60.551563 0.017222  0.093602  -0.034552  0.982765  0.166405  0.080513  -0.168124  0.985652  0.015018  -0.076858  -0.028296  0.996640  0.016790  -0.003595  -0.001270  -0.069751  -0.414110  0.795994  2.000000  
60.552811 0.017239  0.093595  -0.034555  0.982665  0.166819  0.080873  -0.168523  0.985588  0.014679  -0.077259  -0.028053  0.996616  0.016294  -0.003981  -0.001350  -0.080884  -0.409032  0.775528  2.000000  
60.554086 0.017255  0.093586  -0.034559  0.982600  0.167030  0.081230  -0.168720  0.985559  0.014355  -0.077659  -0.027810  0.996592  0.015812  -0.004423  -0.001507  -0.090959  -0.398642  0.740592  2.000000  
60.555323 0.017269  0.093576  -0.034564  0.982500  0.167435  0.081609  -0.169119  0.985494  0.014134  -0.078059  -0.027689  0.996564  0.015278  -0.004873  -0.001727  -0.092965  -0.388806  0.706685  2.000000  
60.556560 0.017282  0.093566  -0.034569  0.982399  0.167850  0.081969  -0.169519  0.985430  0.013794  -0.078459  -0.027446  0.996539  0.014683  -0.005331  -0.002012  -0.103516  -0.388196  0.679480  2.000000  
60.557810 0.017295  0.093555  -0.034573  0.982354  0.168069  0.082062  -0.169719  0.985400  0.013515  -0.078592  -0.027204  0.996536  0.013963  -0.005787  -0.002171  -0.112921  -0.379720  0.646644  2.000000  
60.559055 0.017307  0.093544  -0.034577  0.982308  0.168288  0.082155  -0.169919  0.985369  0.013236  -0.078726  -0.026962  0.996532  0.013335  -0.006162  -0.002210  -0.123162  -0.374430  0.619379  2.000000  
60.560056 0.017317  0.093536  -0.034578  0.982298  0.168294  0.082266  -0.169918  0.985371  0.013094  -0.078859  -0.026841  0.996524  0.012851  -0.006455  -0.002238  -0.125324  -0.369199  0.592207  2.000000  
60.561058 0.017325  0.093527  -0.034580  0.982288  0.168301  0.082377  -0.169916  0.985373  0.012952  -0.078993  -0.026720  0.996517  0.012271  -0.006752  -0.002290  -0.131022  -0.359273  0.558164  2.000000  
60.562321 0.017335  0.093516  -0.034584  0.982232  0.168517  0.082602  -0.170114  0.985343  0.012650  -0.079259  -0.026477  0.996502  0.011553  -0.007180  -0.002458  -0.136916  -0.342727  0.514848  2.000000  
60.563558 0.017345  0.093504  -0.034588  0.982176  0.168733  0.082826  -0.170313  0.985313  0.012349  -0.079526  -0.026235  0.996487  0.011034  -0.007545  -0.002556  -0.141595  -0.330158  0.476955  2.000000  
60.564560 0.017352  0.093495  -0.034592  0.982130  0.168952  0.082919  -0.170513  0.985281  0.012070  -0.079660  -0.025993  0.996483  0.010449  -0.007870  -0.002756  -0.147750  -0.315891  0.449885  2.000000  
60.565807 0.017360  0.093483  -0.034595  0.982109  0.168966  0.083141  -0.170510  0.985286  0.011785  -0.079926  -0.025751  0.996468  0.009845  -0.008211  -0.002905  -0.153472  -0.301544  0.416114  2.000000  
60.566814 0.017367  0.093475  -0.034597  0.982099  0.168972  0.083252  -0.170508  0.985288  0.011643  -0.080060  -0.025630  0.996461  0.009318  -0.008453  -0.002948  -0.155786  -0.289341  0.378496  2.000000  
60.567816 0.017373  0.093468  -0.034597  0.982088  0.168989  0.083342  -0.170506  0.985291  0.011381  -0.080193  -0.025388  0.996456  0.008854  -0.008540  -0.002845  -0.161901  -0.284027  0.351045  2.000000  
60.569063 0.017382  0.093458  -0.034597  0.982077  0.169006  0.083433  -0.170504  0.985294  0.011119  -0.080326  -0.025146  0.996451  0.008495  -0.008509  -0.002554  -0.170720  -0.272043  0.321101  2.000000  
60.570321 0.017390  0.093449  -0.034595  0.982077  0.169026  0.083392  -0.170504  0.985297  0.010880  -0.080326  -0.024904  0.996457  0.008059  -0.008429  -0.002124  -0.173040  -0.259538  0.282699  2.000000  
60.571560 0.017398  0.093440  -0.034593  0.982056  0.169040  0.083613  -0.170501  0.985301  0.010596  -0.080593  -0.024662  0.996442  0.007719  -0.008362  -0.001592  -0.179423  -0.250112  0.255741  2.000000  
60.572565 0.017405  0.093433  -0.034592  0.982046  0.169047  0.083724  -0.170499  0.985302  0.010453  -0.080726  -0.024540  0.996434  0.007443  -0.008259  -0.001262  -0.177667  -0.240223  0.235007  2.000000  
60.573811 0.017414  0.093424  -0.034589  0.982024  0.169061  0.083946  -0.170495  0.985306  0.010169  -0.080993  -0.024298  0.996418  0.007244  -0.008147  -0.000879  -0.183279  -0.225828  0.200955  2.000000  
60.575062 0.017423  0.093415  -0.034588  0.982003  0.169065  0.084188  -0.170491  0.985308  0.010004  -0.081260  -0.024177  0.996400  0.007106  -0.008044  -0.000559  -0.181284  -0.211664  0.173822  2.000000  
60.576318 0.017434  0.093406  -0.034585  0.981981  0.169079  0.084410  -0.170488  0.985312  0.009719  -0.081527  -0.023935  0.996384  0.007097  -0.007912  -0.000202  -0.183142  -0.201777  0.146409  2.000000  
60.577556 0.017444  0.093398  -0.034581  0.982006  0.168883  0.084519  -0.170284  0.985348  0.009594  -0.081660  -0.023813  0.996376  0.007159  -0.007665  0.000271  -0.180092  -0.195152  0.124867  2.000000  
60.578559 0.017453  0.093392  -0.034579  0.981995  0.168890  0.084629  -0.170282  0.985350  0.009452  -0.081793  -0.023692  0.996368  0.007214  -0.007455  0.000703  -0.176450  -0.191898  0.112268  2.000000  
60.579559 0.017463  0.093385  -0.034576  0.981984  0.168897  0.084740  -0.170280  0.985352  0.009309  -0.081927  -0.023571  0.996360  0.007414  -0.007282  0.001052  -0.175422  -0.187076  0.098641  2.000000  
60.580811 0.017475  0.093377  -0.034572  0.981973  0.168894  0.084872  -0.170278  0.985352  0.009287  -0.082060  -0.023571  0.996349  0.007685  -0.007016  0.001586  -0.169691  -0.182006  0.078064  2.000000  
60.582078 0.017489  0.093370  -0.034566  0.981952  0.168898  0.085114  -0.170274  0.985355  0.009122  -0.082327  -0.023450  0.996329  0.008076  -0.006841  0.002104  -0.164438  -0.177031  0.064380  2.000000  
60.583317 0.017504  0.093363  -0.034560  0.981930  0.168892  0.085377  -0.170270  0.985356  0.009076  -0.082593  -0.023449  0.996307  0.008507  -0.006713  0.002541  -0.155252  -0.172227  0.050748  2.000000  
60.584561 0.017520  0.093357  -0.034553  0.981873  0.169099  0.085621  -0.170469  0.985323  0.008893  -0.082860  -0.023328  0.996288  0.009015  -0.006529  0.002929  -0.151222  -0.167754  0.050902  2.000000  
60.585563 0.017532  0.093351  -0.034547  0.981851  0.169093  0.085883  -0.170465  0.985324  0.008848  -0.083127  -0.023327  0.996266  0.009455  -0.006401  0.003271  -0.146033  -0.167387  0.037119  2.000000  
60.586811 0.017550  0.093346  -0.034539  0.981829  0.169087  0.086146  -0.170461  0.985325  0.008802  -0.083393  -0.023327  0.996244  0.010054  -0.006104  0.003672  0.000000  0.000000  0.000000  2.000000  
60.588060 0.017568  0.093343  -0.034530  0.981818  0.169084  0.086277  -0.170459  0.985326  0.008779  -0.083527  -0.023326  0.996232  0.010613  -0.005804  0.004042  0.000000  0.000000  0.000000  2.000000  
60.589060 0.017582  0.093339  -0.034523  0.981761  0.169291  0.086521  -0.170658  0.985293  0.008596  -0.083793  -0.023205  0.996213  0.011149  -0.005501  0.004460  0.000000  0.000000  0.000000  2.000000  
60.590317 0.017602  0.093336  -0.034513  0.981750  0.169288  0.086652  -0.170656  0.985293  0.008574  -0.083927  -0.023205  0.996202  0.011741  -0.005127  0.004903  0.000000  0.000000  0.000000  2.000000  
60.591559 0.017622  0.093333  -0.034503  0.981728  0.169282  0.086915  -0.170652  0.985295  0.008528  -0.084193  -0.023204  0.996179  0.012416  -0.004748  0.005457  0.000000  0.000000  0.000000  2.000000  
60.592808 0.017643  0.093332  -0.034490  0.981682  0.169482  0.087048  -0.170852  0.985260  0.008487  -0.084327  -0.023204  0.996168  0.013125  -0.004341  0.006035  0.000000  0.000000  0.000000  2.000000  
60.594063 0.017666  0.093330  -0.034477  0.981624  0.169668  0.087333  -0.171050  0.985225  0.008543  -0.084593  -0.023324  0.996143  0.013933  -0.003842  0.006747  0.000000  0.000000  0.000000  2.000000  
60.595063 0.017684  0.093329  -0.034467  0.981613  0.169665  0.087464  -0.171048  0.985226  0.008520  -0.084727  -0.023324  0.996131  0.014489  -0.003478  0.007226  0.000000  0.000000  0.000000  2.000000  
60.596308 0.017707  0.093328  -0.034455  0.981567  0.169864  0.087597  -0.171248  0.985191  0.008479  -0.084860  -0.023324  0.996120  0.015143  -0.003004  0.007722  0.000000  0.000000  0.000000  2.000000  
60.597310 0.017725  0.093328  -0.034446  0.981555  0.169851  0.087749  -0.171246  0.985191  0.008576  -0.084993  -0.023444  0.996106  0.015627  -0.002644  0.008002  0.000000  0.000000  0.000000  2.000000  
60.598317 0.017744  0.093327  -0.034437  0.981509  0.170040  0.087903  -0.171446  0.985155  0.008654  -0.085127  -0.023565  0.996091  0.016019  -0.002402  0.008152  0.000000  0.000000  0.000000  2.000000  
60.599562 0.017768  0.093326  -0.034427  0.981474  0.170242  0.087905  -0.171649  0.985120  0.008636  -0.085127  -0.023565  0.996091  0.016632  -0.001961  0.008432  0.000000  0.000000  0.000000  2.000000  
60.600564 0.017787  0.093325  -0.034420  0.981462  0.170229  0.088057  -0.171647  0.985120  0.008733  -0.085260  -0.023685  0.996077  0.017016  -0.001749  0.008489  0.000000  0.000000  0.000000  2.000000  
60.601811 0.017812  0.093324  -0.034410  0.981427  0.170421  0.088079  -0.171849  0.985084  0.008834  -0.085260  -0.023806  0.996074  0.017511  -0.001455  0.008620  0.000000  0.000000  0.000000  2.000000  
60.603060 0.017837  0.093323  -0.034399  0.981380  0.170610  0.088233  -0.172049  0.985048  0.008912  -0.085393  -0.023927  0.996060  0.018001  -0.001250  0.008695  0.000000  0.000000  0.000000  2.000000  
60.604312 0.017863  0.093322  -0.034389  0.981345  0.170802  0.088256  -0.172251  0.985012  0.009014  -0.085393  -0.024048  0.996057  0.018436  -0.001096  0.008787  0.000000  0.000000  0.000000  2.000000  
60.605323 0.017883  0.093322  -0.034381  0.981334  0.170788  0.088408  -0.172249  0.985011  0.009110  -0.085527  -0.024168  0.996043  0.018763  -0.000945  0.008805  0.000000  0.000000  0.000000  2.000000  
60.606562 0.017909  0.093321  -0.034372  0.981298  0.170980  0.088430  -0.172451  0.984975  0.009211  -0.085527  -0.024289  0.996040  0.019186  -0.000832  0.008679  0.000000  0.000000  0.000000  2.000000  
60.607810 0.017934  0.093320  -0.034363  0.981263  0.171172  0.088453  -0.172653  0.984939  0.009313  -0.085527  -0.024410  0.996037  0.019398  -0.000796  0.008464  0.000000  0.000000  0.000000  2.000000  
60.609057 0.017959  0.093319  -0.034355  0.981238  0.171367  0.088344  -0.172857  0.984902  0.009437  -0.085393  -0.024531  0.996045  0.019571  -0.000737  0.008149  0.000000  0.000000  0.000000  2.000000  
60.610058 0.017979  0.093319  -0.034348  0.981238  0.171357  0.088365  -0.172857  0.984901  0.009556  -0.085393  -0.024652  0.996042  0.019724  -0.000697  0.007952  0.000000  0.000000  0.000000  2.000000  
60.611061 0.018000  0.093318  -0.034342  0.981250  0.171349  0.088255  -0.172859  0.984899  0.009699  -0.085260  -0.024773  0.996051  0.019857  -0.000714  0.007655  0.000000  0.000000  0.000000  2.000000  
60.612312 0.018024  0.093317  -0.034334  0.981214  0.171552  0.088257  -0.173061  0.984864  0.009681  -0.085260  -0.024773  0.996051  0.019970  -0.000672  0.007427  0.000000  0.000000  0.000000  2.000000  
60.613562 0.018049  0.093316  -0.034326  0.981214  0.171541  0.088277  -0.173061  0.984862  0.009800  -0.085260  -0.024894  0.996048  0.019994  -0.000682  0.007243  0.000000  0.000000  0.000000  2.000000  
60.614806 0.018073  0.093315  -0.034319  0.981225  0.171534  0.088167  -0.173063  0.984861  0.009943  -0.085127  -0.025015  0.996056  0.019991  -0.000696  0.007083  0.000000  0.000000  0.000000  2.000000  
60.615806 0.018092  0.093314  -0.034313  0.981189  0.171737  0.088169  -0.173265  0.984825  0.009925  -0.085127  -0.025015  0.996056  0.019983  -0.000671  0.006984  0.000000  0.000000  0.000000  2.000000  
60.616812 0.018111  0.093314  -0.034307  0.981189  0.171726  0.088190  -0.173265  0.984824  0.010044  -0.085127  -0.025136  0.996053  0.019914  -0.000696  0.006839  0.000000  0.000000  0.000000  2.000000  
60.618061 0.018134  0.093312  -0.034300  0.981201  0.171729  0.088059  -0.173267  0.984823  0.010067  -0.084993  -0.025136  0.996064  0.019814  -0.000729  0.006621  0.000000  0.000000  0.000000  2.000000  
60.619313 0.018157  0.093310  -0.034293  0.981248  0.171519  0.087946  -0.173067  0.984857  0.010228  -0.084860  -0.025257  0.996073  0.019628  -0.000788  0.006348  0.000000  0.000000  0.000000  2.000000  
60.620313 0.018176  0.093309  -0.034289  0.981259  0.171522  0.087815  -0.173069  0.984856  0.010251  -0.084727  -0.025257  0.996084  0.019507  -0.000851  0.006171  0.000000  0.000000  0.000000  2.000000  
60.621334 0.018193  0.093306  -0.034284  0.981270  0.171515  0.087704  -0.173071  0.984855  0.010394  -0.084593  -0.025378  0.996092  0.019206  -0.000986  0.005925  0.000000  0.000000  0.000000  2.000000  
60.622566 0.018215  0.093303  -0.034280  0.981270  0.171515  0.087704  -0.173071  0.984855  0.010394  -0.084593  -0.025378  0.996092  0.019023  -0.001105  0.005643  0.000000  0.000000  0.000000  2.000000  
60.623810 0.018237  0.093299  -0.034275  0.981317  0.171316  0.087571  -0.172871  0.984889  0.010435  -0.084460  -0.025379  0.996104  0.018818  -0.001337  0.005450  0.000000  0.000000  0.000000  2.000000  
60.625056 0.018258  0.093296  -0.034270  0.981328  0.171308  0.087461  -0.172873  0.984887  0.010578  -0.084327  -0.025500  0.996112  0.018553  -0.001560  0.005181  0.000000  0.000000  0.000000  2.000000  
60.626061 0.018274  0.093292  -0.034265  0.981328  0.171308  0.087461  -0.172873  0.984887  0.010578  -0.084327  -0.025500  0.996112  0.018285  -0.001692  0.005103  0.000000  0.000000  0.000000  2.000000  
60.627063 0.018290  0.093290  -0.034261  0.981374  0.171109  0.087327  -0.172672  0.984922  0.010619  -0.084193  -0.025500  0.996123  0.018001  -0.001869  0.004951  0.000000  0.000000  0.000000  2.000000  
60.628310 0.018310  0.093286  -0.034255  0.981421  0.170910  0.087194  -0.172472  0.984957  0.010660  -0.084060  -0.025500  0.996134  0.017706  -0.002045  0.004865  0.000000  0.000000  0.000000  2.000000  
60.629560 0.018329  0.093282  -0.034249  0.981432  0.170913  0.087062  -0.172474  0.984956  0.010683  -0.083927  -0.025501  0.996146  0.017364  -0.002251  0.004779  0.000000  0.000000  0.000000  2.000000  
60.630578 0.018344  0.093278  -0.034244  0.981468  0.170710  0.087060  -0.172272  0.984991  0.010701  -0.083927  -0.025501  0.996146  0.017089  -0.002423  0.004651  0.000000  0.000000  0.000000  2.000000  
60.631809 0.018362  0.093275  -0.034238  0.981468  0.170710  0.087060  -0.172272  0.984991  0.010701  -0.083927  -0.025501  0.996146  0.016753  -0.002609  0.004575  0.000000  0.000000  0.000000  2.000000  
60.632833 0.018376  0.093272  -0.034233  0.981514  0.170511  0.086927  -0.172072  0.985026  0.010742  -0.083793  -0.025501  0.996157  0.016370  -0.002730  0.004530  0.000000  0.000000  0.000000  2.000000  
60.634060 0.018394  0.093268  -0.034226  0.981514  0.170511  0.086927  -0.172072  0.985026  0.010742  -0.083793  -0.025501  0.996157  0.016059  -0.002861  0.004569  0.000000  0.000000  0.000000  2.000000  
60.635064 0.018408  0.093265  -0.034220  0.981560  0.170322  0.086772  -0.171872  0.985062  0.010663  -0.083660  -0.025380  0.996171  0.015743  -0.002955  0.004667  0.000000  0.000000  0.000000  2.000000  
60.636314 0.018424  0.093262  -0.034212  0.981560  0.170322  0.086772  -0.171872  0.985062  0.010663  -0.083660  -0.025380  0.996171  0.015452  -0.002958  0.004814  0.000000  0.000000  0.000000  2.000000  
60.637562 0.018441  0.093259  -0.034203  0.981607  0.170122  0.086639  -0.171672  0.985096  0.010704  -0.083527  -0.025381  0.996182  0.015069  -0.002977  0.005122  0.000000  0.000000  0.000000  2.000000  
60.638566 0.018454  0.093256  -0.034196  0.981642  0.169930  0.086616  -0.171470  0.985132  0.010602  -0.083527  -0.025260  0.996185  0.014707  -0.002921  0.005323  0.000000  0.000000  0.000000  2.000000  
60.639809 0.018469  0.093253  -0.034187  0.981642  0.169930  0.086616  -0.171470  0.985132  0.010602  -0.083527  -0.025260  0.996185  0.014355  -0.002886  0.005657  0.000000  0.000000  0.000000  2.000000  
60.640812 0.018482  0.093250  -0.034179  0.981642  0.169930  0.086616  -0.171470  0.985132  0.010602  -0.083527  -0.025260  0.996185  0.014125  -0.002863  0.005865  0.000000  0.000000  0.000000  2.000000  
60.642062 0.018498  0.093246  -0.034169  0.981677  0.169738  0.086593  -0.171268  0.985169  0.010501  -0.083527  -0.025139  0.996188  0.013833  -0.002887  0.006132  0.000000  0.000000  0.000000  2.000000  
60.643309 0.018513  0.093243  -0.034160  0.981677  0.169738  0.086593  -0.171268  0.985169  0.010501  -0.083527  -0.025139  0.996188  0.013552  -0.002860  0.006352  0.000000  0.000000  0.000000  2.000000  
60.644311 0.018525  0.093240  -0.034152  0.981677  0.169738  0.086593  -0.171268  0.985169  0.010501  -0.083527  -0.025139  0.996188  0.013278  -0.002811  0.006543  0.000000  0.000000  0.000000  2.000000  
60.645321 0.018536  0.093237  -0.034145  0.981677  0.169748  0.086573  -0.171268  0.985170  0.010381  -0.083527  -0.025018  0.996191  0.013059  -0.002792  0.006707  0.000000  0.000000  0.000000  2.000000  
60.646568 0.018551  0.093234  -0.034136  0.981713  0.169545  0.086571  -0.171066  0.985205  0.010399  -0.083527  -0.025018  0.996191  0.012805  -0.002764  0.006953  0.000000  0.000000  0.000000  2.000000  
60.647808 0.018566  0.093231  -0.034125  0.981713  0.169545  0.086571  -0.171066  0.985205  0.010399  -0.083527  -0.025018  0.996191  0.012674  -0.002715  0.007193  0.000000  0.000000  0.000000  2.000000  
60.648808 0.018578  0.093229  -0.034117  0.981713  0.169556  0.086550  -0.171066  0.985206  0.010280  -0.083527  -0.024897  0.996194  0.012510  -0.002664  0.007392  0.000000  0.000000  0.000000  2.000000  
60.649817 0.018590  0.093227  -0.034108  0.981666  0.169755  0.086684  -0.171266  0.985172  0.010239  -0.083660  -0.024897  0.996183  0.012370  -0.002622  0.007597  0.000000  0.000000  0.000000  2.000000  
60.651062 0.018605  0.093224  -0.034097  0.981666  0.169755  0.086684  -0.171266  0.985172  0.010239  -0.083660  -0.024897  0.996183  0.012227  -0.002575  0.007814  0.000000  0.000000  0.000000  2.000000  
60.652314 0.018620  0.093222  -0.034086  0.981666  0.169766  0.086663  -0.171266  0.985173  0.010119  -0.083660  -0.024776  0.996186  0.012110  -0.002473  0.007947  0.000000  0.000000  0.000000  2.000000  
60.653561 0.018635  0.093220  -0.034075  0.981666  0.169766  0.086663  -0.171266  0.985173  0.010119  -0.083660  -0.024776  0.996186  0.012065  -0.002405  0.008072  0.000000  0.000000  0.000000  2.000000  
60.654811 0.018649  0.093218  -0.034065  0.981631  0.169969  0.086665  -0.171468  0.985138  0.010101  -0.083660  -0.024776  0.996186  0.011964  -0.002308  0.008117  0.000000  0.000000  0.000000  2.000000  
60.656059 0.018664  0.093216  -0.034055  0.981620  0.169976  0.086776  -0.171466  0.985140  0.009959  -0.083793  -0.024655  0.996178  0.011885  -0.002245  0.008114  0.000000  0.000000  0.000000  2.000000  
60.657312 0.018678  0.093214  -0.034045  0.981620  0.169976  0.086776  -0.171466  0.985140  0.009959  -0.083793  -0.024655  0.996178  0.011814  -0.002093  0.008175  0.000000  0.000000  0.000000  2.000000  
60.658560 0.018693  0.093213  -0.034035  0.981585  0.170179  0.086778  -0.171668  0.985105  0.009941  -0.083793  -0.024655  0.996178  0.011783  -0.001938  0.008170  0.000000  0.000000  0.000000  2.000000  
60.659810 0.018707  0.093212  -0.034026  0.981585  0.170189  0.086757  -0.171668  0.985106  0.009822  -0.083793  -0.024534  0.996181  0.011792  -0.001758  0.008236  0.000000  0.000000  0.000000  2.000000  
60.660811 0.018719  0.093211  -0.034017  0.981549  0.170392  0.086759  -0.171870  0.985071  0.009804  -0.083793  -0.024534  0.996181  0.011762  -0.001606  0.008274  0.000000  0.000000  0.000000  2.000000  
60.662060 0.018735  0.093211  -0.034008  0.981549  0.170392  0.086759  -0.171870  0.985071  0.009804  -0.083793  -0.024534  0.996181  0.011839  -0.001435  0.008231  0.000000  0.000000  0.000000  2.000000  
60.663307 0.018749  0.093210  -0.033999  0.981514  0.170606  0.086740  -0.172072  0.985037  0.009666  -0.083793  -0.024413  0.996184  0.011818  -0.001275  0.008166  0.000000  0.000000  0.000000  2.000000  
60.664311 0.018762  0.093211  -0.033992  0.981479  0.170808  0.086742  -0.172274  0.985002  0.009649  -0.083793  -0.024413  0.996184  0.011818  -0.001116  0.007975  0.000000  0.000000  0.000000  2.000000  
60.665321 0.018774  0.093210  -0.033986  0.981479  0.170808  0.086742  -0.172274  0.985002  0.009649  -0.083793  -0.024413  0.996184  0.011850  -0.001056  0.007845  0.000000  0.000000  0.000000  2.000000  
60.666566 0.018789  0.093210  -0.033979  0.981454  0.171014  0.086613  -0.172478  0.984966  0.009654  -0.083660  -0.024414  0.996195  0.011870  -0.000893  0.007563  0.000000  0.000000  0.000000  2.000000  
60.667811 0.018804  0.093210  -0.033971  0.981419  0.171217  0.086615  -0.172680  0.984931  0.009636  -0.083660  -0.024414  0.996195  0.011907  -0.000756  0.007393  0.000000  0.000000  0.000000  2.000000  
60.669060 0.018819  0.093209  -0.033963  0.981383  0.171430  0.086596  -0.172882  0.984897  0.009499  -0.083660  -0.024293  0.996198  0.011895  -0.000621  0.007127  0.000000  0.000000  0.000000  2.000000  
60.670060 0.018831  0.093209  -0.033958  0.981383  0.171430  0.086596  -0.172882  0.984897  0.009499  -0.083660  -0.024293  0.996198  0.011903  -0.000538  0.006997  0.000000  0.000000  0.000000  2.000000  
60.671060 0.018842  0.093209  -0.033952  0.981358  0.171636  0.086467  -0.173086  0.984861  0.009504  -0.083527  -0.024293  0.996209  0.011945  -0.000456  0.006861  0.000000  0.000000  0.000000  2.000000  
60.672312 0.018857  0.093210  -0.033945  0.981323  0.171839  0.086469  -0.173288  0.984825  0.009486  -0.083527  -0.024293  0.996209  0.011954  -0.000316  0.006669  0.000000  0.000000  0.000000  2.000000  
60.673562 0.018872  0.093210  -0.033937  0.981323  0.171850  0.086448  -0.173288  0.984827  0.009367  -0.083527  -0.024172  0.996212  0.011960  -0.000203  0.006525  0.000000  0.000000  0.000000  2.000000  
60.674562 0.018883  0.093210  -0.033932  0.981287  0.172052  0.086450  -0.173490  0.984791  0.009349  -0.083527  -0.024172  0.996212  0.011910  -0.000147  0.006341  0.000000  0.000000  0.000000  2.000000  
60.675807 0.018898  0.093210  -0.033926  0.981251  0.172255  0.086452  -0.173692  0.984756  0.009331  -0.083527  -0.024172  0.996212  0.011948  -0.000080  0.006092  0.000000  0.000000  0.000000  2.000000  
60.676810 0.018910  0.093211  -0.033921  0.981262  0.172258  0.086321  -0.173694  0.984755  0.009354  -0.083393  -0.024173  0.996223  0.011854  -0.000012  0.005901  0.000000  0.000000  0.000000  2.000000  
60.677867 0.018921  0.093211  -0.033916  0.981227  0.172461  0.086323  -0.173896  0.984720  0.009337  -0.083393  -0.024173  0.996223  0.011767  0.000013  0.005700  0.000000  0.000000  0.000000  2.000000  
60.679058 0.018935  0.093212  -0.033910  0.981227  0.172461  0.086323  -0.173896  0.984720  0.009337  -0.083393  -0.024173  0.996223  0.011784  0.000128  0.005554  0.000000  0.000000  0.000000  2.000000  
60.680061 0.018946  0.093213  -0.033905  0.981191  0.172664  0.086325  -0.174098  0.984684  0.009319  -0.083393  -0.024173  0.996223  0.011723  0.000188  0.005464  0.000000  0.000000  0.000000  2.000000  
60.681312 0.018961  0.093214  -0.033900  0.981202  0.172677  0.086172  -0.174100  0.984685  0.009223  -0.083260  -0.024052  0.996238  0.011646  0.000234  0.005355  0.000000  0.000000  0.000000  2.000000  
60.682320 0.018971  0.093214  -0.033895  0.981202  0.172677  0.086172  -0.174100  0.984685  0.009223  -0.083260  -0.024052  0.996238  0.011582  0.000307  0.005227  0.000000  0.000000  0.000000  2.000000  
60.683564 0.018985  0.093215  -0.033890  0.981166  0.172880  0.086174  -0.174302  0.984649  0.009205  -0.083260  -0.024052  0.996238  0.011433  0.000344  0.005130  0.000000  0.000000  0.000000  2.000000  
60.684810 0.018998  0.093215  -0.033883  0.981166  0.172880  0.086174  -0.174302  0.984649  0.009205  -0.083260  -0.024052  0.996238  0.011364  0.000389  0.005077  0.000000  0.000000  0.000000  2.000000  
60.686061 0.019011  0.093215  -0.033878  0.981177  0.172883  0.086043  -0.174304  0.984649  0.009228  -0.083127  -0.024052  0.996249  0.011252  0.000378  0.004909  0.000000  0.000000  0.000000  2.000000  
60.687312 0.019025  0.093216  -0.033872  0.981177  0.172894  0.086022  -0.174304  0.984650  0.009109  -0.083127  -0.023931  0.996252  0.011149  0.000395  0.004835  0.000000  0.000000  0.000000  2.000000  
60.688561 0.019037  0.093216  -0.033867  0.981152  0.173099  0.085893  -0.174508  0.984614  0.009114  -0.082993  -0.023932  0.996263  0.011018  0.000398  0.004699  0.000000  0.000000  0.000000  2.000000  
60.689810 0.019049  0.093216  -0.033863  0.981152  0.173099  0.085893  -0.174508  0.984614  0.009114  -0.082993  -0.023932  0.996263  0.010843  0.000391  0.004540  0.000000  0.000000  0.000000  2.000000  
60.690812 0.019059  0.093215  -0.033859  0.981152  0.173099  0.085893  -0.174508  0.984614  0.009114  -0.082993  -0.023932  0.996263  0.010733  0.000333  0.004415  0.000000  0.000000  0.000000  2.000000  
60.692063 0.019071  0.093216  -0.033854  0.981163  0.173103  0.085761  -0.174510  0.984613  0.009138  -0.082860  -0.023932  0.996274  0.010588  0.000342  0.004371  0.000000  0.000000  0.000000  2.000000  
60.693309 0.019083  0.093216  -0.033849  0.981163  0.173103  0.085761  -0.174510  0.984613  0.009138  -0.082860  -0.023932  0.996274  0.010431  0.000306  0.004310  0.000000  0.000000  0.000000  2.000000  
60.694313 0.019093  0.093217  -0.033845  0.981210  0.172903  0.085628  -0.174310  0.984648  0.009179  -0.082727  -0.023932  0.996285  0.010280  0.000298  0.004218  0.000000  0.000000  0.000000  2.000000  
60.695321 0.019101  0.093217  -0.033841  0.981210  0.172913  0.085607  -0.174310  0.984649  0.009059  -0.082727  -0.023811  0.996288  0.010121  0.000309  0.004218  0.000000  0.000000  0.000000  2.000000  
60.696557 0.019112  0.093218  -0.033836  0.981221  0.172917  0.085476  -0.174312  0.984649  0.009083  -0.082593  -0.023812  0.996299  0.009948  0.000262  0.004144  0.000000  0.000000  0.000000  2.000000  
60.697806 0.019123  0.093218  -0.033832  0.981221  0.172917  0.085476  -0.174312  0.984649  0.009083  -0.082593  -0.023812  0.996299  0.009735  0.000229  0.004047  0.000000  0.000000  0.000000  2.000000  
60.698808 0.019131  0.093218  -0.033829  0.981231  0.172920  0.085345  -0.174314  0.984648  0.009106  -0.082460  -0.023812  0.996310  0.009562  0.000219  0.003946  0.000000  0.000000  0.000000  2.000000  
60.699814 0.019139  0.093218  -0.033825  0.981231  0.172920  0.085345  -0.174314  0.984648  0.009106  -0.082460  -0.023812  0.996310  0.009333  0.000201  0.003846  0.000000  0.000000  0.000000  2.000000  
60.701061 0.019149  0.093218  -0.033821  0.981278  0.172720  0.085212  -0.174114  0.984683  0.009147  -0.082327  -0.023812  0.996321  0.009110  0.000183  0.003748  0.000000  0.000000  0.000000  2.000000  
60.702061 0.019156  0.093218  -0.033817  0.981289  0.172734  0.085060  -0.174116  0.984684  0.009051  -0.082193  -0.023692  0.996335  0.008906  0.000197  0.003717  0.000000  0.000000  0.000000  2.000000  
60.703312 0.019166  0.093219  -0.033813  0.981300  0.172737  0.084928  -0.174118  0.984683  0.009074  -0.082060  -0.023692  0.996346  0.008710  0.000207  0.003640  0.000000  0.000000  0.000000  2.000000  
60.704313 0.019173  0.093219  -0.033810  0.981300  0.172737  0.084928  -0.174118  0.984683  0.009074  -0.082060  -0.023692  0.996346  0.008541  0.000249  0.003633  0.000000  0.000000  0.000000  2.000000  
60.705323 0.019180  0.093219  -0.033806  0.981346  0.172537  0.084795  -0.173918  0.984718  0.009115  -0.081927  -0.023692  0.996357  0.008330  0.000265  0.003648  0.000000  0.000000  0.000000  2.000000  
60.706561 0.019189  0.093221  -0.033801  0.981357  0.172540  0.084664  -0.173919  0.984717  0.009138  -0.081793  -0.023692  0.996368  0.008151  0.000337  0.003634  0.000000  0.000000  0.000000  2.000000  
60.707563 0.019196  0.093221  -0.033798  0.981368  0.172543  0.084533  -0.173921  0.984717  0.009161  -0.081660  -0.023693  0.996379  0.007971  0.000318  0.003566  0.000000  0.000000  0.000000  2.000000  
60.708808 0.019204  0.093222  -0.033794  0.981379  0.172547  0.084401  -0.173923  0.984716  0.009185  -0.081527  -0.023693  0.996390  0.007757  0.000362  0.003528  0.000000  0.000000  0.000000  2.000000  
60.709813 0.019210  0.093222  -0.033791  0.981389  0.172550  0.084270  -0.173925  0.984716  0.009208  -0.081393  -0.023693  0.996400  0.007543  0.000314  0.003436  0.000000  0.000000  0.000000  2.000000  
60.710815 0.019217  0.093223  -0.033788  0.981425  0.172357  0.084247  -0.173723  0.984752  0.009106  -0.081393  -0.023572  0.996403  0.007367  0.000384  0.003373  0.000000  0.000000  0.000000  2.000000  
60.712059 0.019225  0.093224  -0.033784  0.981436  0.172360  0.084116  -0.173725  0.984752  0.009129  -0.081260  -0.023572  0.996414  0.007226  0.000410  0.003357  0.000000  0.000000  0.000000  2.000000  
60.713312 0.019232  0.093225  -0.033781  0.981457  0.172366  0.083853  -0.173729  0.984751  0.009175  -0.080993  -0.023573  0.996436  0.007013  0.000481  0.003268  0.000000  0.000000  0.000000  2.000000  
60.714319 0.019238  0.093226  -0.033778  0.981457  0.172366  0.083853  -0.173729  0.984751  0.009175  -0.080993  -0.023573  0.996436  0.006897  0.000593  0.003222  0.000000  0.000000  0.000000  2.000000  
60.715320 0.019244  0.093228  -0.033775  0.981468  0.172370  0.083722  -0.173731  0.984750  0.009199  -0.080860  -0.023573  0.996447  0.006719  0.000634  0.003211  0.000000  0.000000  0.000000  2.000000  
60.716566 0.019251  0.093228  -0.033772  0.981479  0.172373  0.083591  -0.173733  0.984750  0.009222  -0.080726  -0.023574  0.996457  0.006585  0.000684  0.003145  0.000000  0.000000  0.000000  2.000000  
60.717811 0.019258  0.093230  -0.033768  0.981536  0.172176  0.083326  -0.173534  0.984784  0.009286  -0.080460  -0.023574  0.996479  0.006420  0.000773  0.003120  0.000000  0.000000  0.000000  2.000000  
60.719060 0.019265  0.093232  -0.033764  0.981546  0.172179  0.083195  -0.173536  0.984784  0.009309  -0.080326  -0.023574  0.996490  0.006273  0.000874  0.003129  0.000000  0.000000  0.000000  2.000000  
60.720313 0.019273  0.093235  -0.033759  0.981557  0.172182  0.083064  -0.173538  0.984783  0.009332  -0.080193  -0.023575  0.996501  0.006197  0.001007  0.003101  0.000000  0.000000  0.000000  2.000000  
60.721313 0.019278  0.093236  -0.033757  0.981567  0.172185  0.082932  -0.173540  0.984782  0.009355  -0.080060  -0.023575  0.996511  0.006041  0.001067  0.003034  0.000000  0.000000  0.000000  2.000000  
60.722322 0.019284  0.093238  -0.033753  0.981578  0.172189  0.082801  -0.173542  0.984782  0.009378  -0.079926  -0.023575  0.996522  0.005977  0.001192  0.003049  0.000000  0.000000  0.000000  2.000000  
60.723559 0.019290  0.093241  -0.033750  0.981588  0.172192  0.082670  -0.173544  0.984781  0.009402  -0.079793  -0.023575  0.996533  0.005875  0.001292  0.003000  0.000000  0.000000  0.000000  2.000000  
60.724563 0.019296  0.093244  -0.033747  0.981635  0.171992  0.082537  -0.173343  0.984816  0.009442  -0.079660  -0.023576  0.996543  0.005814  0.001415  0.003015  0.000000  0.000000  0.000000  2.000000  
60.725806 0.019303  0.093246  -0.033744  0.981656  0.172008  0.082253  -0.173347  0.984816  0.009369  -0.079393  -0.023455  0.996567  0.005717  0.001539  0.002955  0.000000  0.000000  0.000000  2.000000  
60.726808 0.019308  0.093249  -0.033740  0.981666  0.172011  0.082122  -0.173349  0.984816  0.009392  -0.079259  -0.023455  0.996578  0.005616  0.001668  0.002980  0.000000  0.000000  0.000000  2.000000  
60.727858 0.019313  0.093252  -0.033738  0.981676  0.172014  0.081991  -0.173351  0.984815  0.009415  -0.079126  -0.023456  0.996589  0.005534  0.001787  0.002985  0.000000  0.000000  0.000000  2.000000  
60.729061 0.019319  0.093255  -0.033734  0.981687  0.172017  0.081859  -0.173353  0.984815  0.009438  -0.078993  -0.023456  0.996599  0.005482  0.001950  0.003005  0.000000  0.000000  0.000000  2.000000  
