1-Time 2-Px 3-Py 4-Pz 5-R11 6-R21 7-R31 8-R12 9-R22 10-R32 11-R13 12-R23 13-R33 14-Vx 15-Vy 16-Vz 17-Wx 18-Wy 19-Wz 20-state 21-PR11 22-PR21 23-PR31 24-PR12 25-PR22 26-PR32 27-PR13 28-PR23 29-PR33 
102.242359 0.016048  0.091035  -0.036091  0.993103  0.117100  -0.005782  -0.116868  0.992665  0.030965  0.009366  -0.030076  0.999504  -0.000119  0.000171  -0.000479  0.000000  0.000000  0.000000  2.000000  
102.243363 0.016048  0.091035  -0.036092  0.993079  0.117304  -0.005776  -0.117072  0.992641  0.030966  0.009366  -0.030076  0.999504  -0.000146  0.000142  -0.000548  0.000000  0.000000  0.000000  2.000000  
102.244601 0.016051  0.091034  -0.036093  0.993007  0.117917  -0.005771  -0.117686  0.992572  0.030849  0.009366  -0.029955  0.999507  0.000085  0.000063  -0.000556  0.000000  0.000000  0.000000  2.000000  
102.245607 0.016054  0.091033  -0.036093  0.992934  0.118530  -0.005752  -0.118299  0.992499  0.030853  0.009366  -0.029955  0.999507  0.000323  -0.000019  -0.000611  0.000000  0.000000  0.000000  2.000000  
102.246614 0.016058  0.091031  -0.036093  0.992886  0.118935  -0.005592  -0.118708  0.992446  0.030960  0.009232  -0.030076  0.999505  0.000579  -0.000160  -0.000604  0.000000  0.000000  0.000000  2.000000  
102.247861 0.016065  0.091029  -0.036093  0.992837  0.119343  -0.005579  -0.119117  0.992397  0.030962  0.009232  -0.030076  0.999505  0.001082  -0.000320  -0.000544  0.000000  0.000000  0.000000  2.000000  
102.248866 0.016071  0.091027  -0.036095  0.992787  0.119756  -0.005699  -0.119525  0.992348  0.030980  0.009366  -0.030076  0.999504  0.001491  -0.000448  -0.000643  0.000000  0.000000  0.000000  2.000000  
102.250102 0.016079  0.091025  -0.036096  0.992661  0.120786  -0.005918  -0.120547  0.992219  0.031139  0.009633  -0.030197  0.999498  0.002058  -0.000618  -0.000649  0.000000  0.000000  0.000000  2.000000  
102.251106 0.016086  0.091024  -0.036097  0.992585  0.121403  -0.006032  -0.121160  0.992144  0.031159  0.009767  -0.030197  0.999496  0.002526  -0.000689  -0.000657  -0.026887  0.012679  0.173399  2.000000  
102.252367 0.016095  0.091021  -0.036098  0.992485  0.122220  -0.006006  -0.121977  0.992044  0.031164  0.009767  -0.030197  0.999496  0.003114  -0.000882  -0.000707  -0.022542  0.011840  0.200994  2.000000  
102.253368 0.016104  0.091021  -0.036099  0.992384  0.123037  -0.005980  -0.122794  0.991943  0.031169  0.009767  -0.030197  0.999496  0.003800  -0.000922  -0.000717  -0.022343  0.011205  0.221711  2.000000  
102.254373 0.016113  0.091021  -0.036100  0.992309  0.123645  -0.005828  -0.123407  0.991867  0.031156  0.009633  -0.030197  0.999498  0.004383  -0.000918  -0.000754  -0.022170  0.006082  0.242395  2.000000  
102.255377 0.016123  0.091021  -0.036101  0.992207  0.124463  -0.005788  -0.124224  0.991761  0.031281  0.009633  -0.030318  0.999494  0.005056  -0.000918  -0.000732  -0.017821  0.005216  0.269863  2.000000  
102.256606 0.016136  0.091021  -0.036098  0.992054  0.125684  -0.005616  -0.125450  0.991607  0.031271  0.009500  -0.030318  0.999495  0.005927  -0.000960  -0.000492  -0.013386  -0.000526  0.311380  2.000000  
102.257859 0.016150  0.091020  -0.036097  0.991925  0.126705  -0.005584  -0.126471  0.991477  0.031277  0.009500  -0.030318  0.999495  0.006919  -0.001045  -0.000326  -0.013155  -0.001374  0.339746  2.000000  
102.259106 0.016165  0.091020  -0.036097  0.991819  0.127526  -0.005676  -0.127288  0.991368  0.031419  0.009633  -0.030439  0.999490  0.007766  -0.001001  -0.000248  -0.008770  0.002255  0.366896  2.000000  
102.260356 0.016181  0.091019  -0.036095  0.991687  0.128546  -0.005643  -0.128309  0.991236  0.031425  0.009633  -0.030439  0.999490  0.008489  -0.000973  -0.000159  -0.004332  0.001210  0.398248  2.000000  
102.261358 0.016194  0.091016  -0.036093  0.991607  0.129163  -0.005741  -0.128921  0.991152  0.031566  0.009767  -0.030561  0.999485  0.009127  -0.001055  -0.000005  -0.000067  0.005054  0.422379  2.000000  
102.262361 0.016208  0.091013  -0.036091  0.991502  0.129975  -0.005582  -0.129738  0.991046  0.031553  0.009633  -0.030561  0.999486  0.009796  -0.001084  0.000171  0.004176  -0.000049  0.442883  2.000000  
102.263604 0.016226  0.091007  -0.036091  0.991367  0.130996  -0.005534  -0.130758  0.990908  0.031679  0.009633  -0.030682  0.999483  0.010470  -0.001315  0.000233  0.008580  -0.001135  0.477618  2.000000  
102.264606 0.016242  0.091002  -0.036090  0.991259  0.131812  -0.005492  -0.131575  0.990796  0.031804  0.009633  -0.030803  0.999479  0.011158  -0.001556  0.000360  0.012920  -0.002014  0.505333  2.000000  
102.265853 0.016262  0.090996  -0.036088  0.991124  0.132832  -0.005459  -0.132595  0.990660  0.031809  0.009633  -0.030803  0.999479  0.011858  -0.001837  0.000556  0.017354  -0.007536  0.539619  2.000000  
102.267111 0.016281  0.090989  -0.036087  0.991014  0.133648  -0.005433  -0.133411  0.990550  0.031814  0.009633  -0.030803  0.999479  0.012580  -0.002206  0.000737  0.021721  -0.008360  0.568006  2.000000  
102.268366 0.016301  0.090980  -0.036086  0.990904  0.134464  -0.005390  -0.134227  0.990436  0.031938  0.009633  -0.030924  0.999475  0.013134  -0.002729  0.000848  0.025954  -0.009014  0.587734  2.000000  
102.269605 0.016322  0.090971  -0.036087  0.990793  0.135280  -0.005364  -0.135043  0.990325  0.031943  0.009633  -0.030924  0.999475  0.013813  -0.003283  0.000913  0.030320  -0.009834  0.615979  2.000000  
102.270606 0.016339  0.090964  -0.036087  0.990683  0.136091  -0.005205  -0.135859  0.990214  0.031929  0.009500  -0.030924  0.999477  0.014354  -0.003873  0.000853  0.030523  -0.015168  0.643162  2.000000  
102.271608 0.016356  0.090956  -0.036087  0.990599  0.136703  -0.005186  -0.136471  0.990129  0.031932  0.009500  -0.030924  0.999477  0.014757  -0.004325  0.000749  0.034788  -0.015759  0.663781  2.000000  
102.272612 0.016372  0.090949  -0.036088  0.990544  0.137106  -0.005040  -0.136879  0.990073  0.031916  0.009366  -0.030924  0.999478  0.015083  -0.004803  0.000641  0.034878  -0.020676  0.677568  2.000000  
102.273867 0.016394  0.090939  -0.036087  0.990459  0.137718  -0.005020  -0.137491  0.989989  0.031919  0.009366  -0.030924  0.999478  0.015508  -0.005431  0.000647  0.038950  -0.020634  0.677510  2.000000  
102.275109 0.016415  0.090930  -0.036086  0.990375  0.138324  -0.004885  -0.138102  0.989908  0.031784  0.009232  -0.030803  0.999483  0.015878  -0.006002  0.000610  0.034792  -0.024894  0.670969  2.000000  
102.276110 0.016431  0.090921  -0.036085  0.990318  0.138732  -0.004872  -0.138510  0.989851  0.031786  0.009232  -0.030803  0.999483  0.016076  -0.006410  0.000522  0.034743  -0.020396  0.671036  2.000000  
102.277361 0.016450  0.090909  -0.036084  0.990261  0.139140  -0.004859  -0.138918  0.989794  0.031788  0.009232  -0.030803  0.999483  0.016197  -0.006931  0.000478  0.030659  -0.020432  0.670890  2.000000  
102.278607 0.016469  0.090897  -0.036082  0.990204  0.139547  -0.004862  -0.139326  0.989740  0.031670  0.009232  -0.030682  0.999487  0.016167  -0.007368  0.000562  0.026422  -0.024695  0.665607  2.000000  
102.279875 0.016487  0.090885  -0.036080  0.990175  0.139750  -0.004873  -0.139530  0.989715  0.031551  0.009232  -0.030561  0.999490  0.016062  -0.007826  0.000648  0.018287  -0.033009  0.642301  2.000000  
102.281103 0.016505  0.090871  -0.036078  0.990146  0.139953  -0.004866  -0.139733  0.989686  0.031552  0.009232  -0.030561  0.999490  0.015958  -0.008245  0.000716  0.018063  -0.036806  0.623682  2.000000  
102.282107 0.016518  0.090860  -0.036074  0.990117  0.140157  -0.004877  -0.139937  0.989661  0.031433  0.009232  -0.030440  0.999494  0.015848  -0.008555  0.000840  0.013944  -0.036455  0.608307  2.000000  
102.283357 0.016536  0.090847  -0.036071  0.990090  0.140356  -0.004755  -0.140141  0.989637  0.031295  0.009098  -0.030318  0.999499  0.015636  -0.008857  0.000999  0.009549  -0.039953  0.582541  2.000000  
102.284602 0.016552  0.090833  -0.036069  0.990061  0.140559  -0.004766  -0.140345  0.989612  0.031176  0.009098  -0.030197  0.999503  0.015296  -0.009227  0.001230  0.005272  -0.034836  0.562089  2.000000  
102.285602 0.016564  0.090821  -0.036067  0.990061  0.140558  -0.004783  -0.140345  0.989615  0.031056  0.009098  -0.030076  0.999506  0.014988  -0.009520  0.001330  -0.003137  -0.033788  0.527607  2.000000  
102.286617 0.016576  0.090808  -0.036067  0.990032  0.140761  -0.004793  -0.140549  0.989590  0.030937  0.009098  -0.029955  0.999510  0.014638  -0.009885  0.001383  -0.007532  -0.028701  0.504344  2.000000  
102.287852 0.016590  0.090794  -0.036065  0.990032  0.140761  -0.004810  -0.140549  0.989594  0.030817  0.009098  -0.029833  0.999513  0.014278  -0.010262  0.001453  -0.011772  -0.027621  0.472978  2.000000  
102.289100 0.016604  0.090778  -0.036065  0.990003  0.140964  -0.004821  -0.140753  0.989569  0.030698  0.009098  -0.029712  0.999517  0.013761  -0.010638  0.001433  -0.020021  -0.031459  0.452242  2.000000  
102.290101 0.016615  0.090765  -0.036064  0.990003  0.140964  -0.004821  -0.140753  0.989569  0.030698  0.009098  -0.029712  0.999517  0.013339  -0.010982  0.001507  -0.020277  -0.030632  0.424783  2.000000  
102.291348 0.016628  0.090749  -0.036062  0.990003  0.140963  -0.004838  -0.140753  0.989572  0.030578  0.009098  -0.029591  0.999521  0.012897  -0.011293  0.001573  -0.028601  -0.034272  0.397288  2.000000  
102.292355 0.016638  0.090737  -0.036061  0.990003  0.140963  -0.004855  -0.140753  0.989576  0.030458  0.009098  -0.029470  0.999524  0.012521  -0.011523  0.001581  -0.032925  -0.028960  0.369924  2.000000  
102.293600 0.016650  0.090719  -0.036059  0.990003  0.140962  -0.004873  -0.140753  0.989580  0.030338  0.009098  -0.029348  0.999528  0.012054  -0.011864  0.001579  -0.041332  -0.027928  0.335600  2.000000  
102.294855 0.016660  0.090702  -0.036058  0.990003  0.140962  -0.004890  -0.140753  0.989584  0.030218  0.009098  -0.029227  0.999531  0.011557  -0.012214  0.001503  -0.050218  -0.026914  0.296883  2.000000  
102.296096 0.016671  0.090684  -0.036055  0.990003  0.140962  -0.004890  -0.140753  0.989584  0.030218  0.009098  -0.029227  0.999531  0.011098  -0.012485  0.001513  -0.050069  -0.025872  0.267039  2.000000  
102.297100 0.016679  0.090670  -0.036052  0.990003  0.140961  -0.004907  -0.140753  0.989587  0.030097  0.009098  -0.029106  0.999535  0.010729  -0.012719  0.001475  -0.054311  -0.025241  0.246479  2.000000  
102.298349 0.016689  0.090652  -0.036048  0.990003  0.140961  -0.004924  -0.140753  0.989591  0.029977  0.009098  -0.028985  0.999538  0.010263  -0.012971  0.001526  -0.062671  -0.024424  0.219079  2.000000  
102.299358 0.016698  0.090640  -0.036045  0.990003  0.140960  -0.004941  -0.140753  0.989594  0.029857  0.009098  -0.028863  0.999542  0.009895  -0.013099  0.001624  -0.066887  -0.023787  0.198427  2.000000  
102.300602 0.016709  0.090624  -0.036039  0.990003  0.140959  -0.004958  -0.140753  0.989598  0.029737  0.009098  -0.028742  0.999545  0.009687  -0.013169  0.001865  0.000000  0.000000  0.000000  2.000000  
102.301852 0.016721  0.090608  -0.036033  0.990003  0.140959  -0.004975  -0.140753  0.989602  0.029617  0.009098  -0.028621  0.999549  0.009441  -0.013140  0.002214  0.000000  0.000000  0.000000  2.000000  
102.302853 0.016729  0.090596  -0.036029  0.990003  0.140958  -0.004992  -0.140753  0.989605  0.029497  0.009098  -0.028500  0.999552  0.009222  -0.013140  0.002529  0.000000  0.000000  0.000000  2.000000  
102.304102 0.016741  0.090582  -0.036023  0.990004  0.140954  -0.004877  -0.140753  0.989609  0.029358  0.008964  -0.028379  0.999557  0.009081  -0.013125  0.002850  0.000000  0.000000  0.000000  2.000000  
102.305364 0.016753  0.090567  -0.036017  0.990004  0.140953  -0.004894  -0.140753  0.989613  0.029238  0.008964  -0.028257  0.999560  0.008967  -0.013067  0.003141  0.000000  0.000000  0.000000  2.000000  
102.306605 0.016765  0.090552  -0.036011  0.990004  0.140953  -0.004894  -0.140753  0.989613  0.029238  0.008964  -0.028257  0.999560  0.008980  -0.012948  0.003409  0.000000  0.000000  0.000000  2.000000  
102.307849 0.016778  0.090538  -0.036005  0.990004  0.140953  -0.004911  -0.140753  0.989616  0.029118  0.008964  -0.028136  0.999564  0.009041  -0.012836  0.003707  0.000000  0.000000  0.000000  2.000000  
102.308854 0.016789  0.090526  -0.035999  0.990004  0.140952  -0.004928  -0.140753  0.989620  0.028998  0.008964  -0.028015  0.999567  0.009115  -0.012655  0.004017  0.000000  0.000000  0.000000  2.000000  
102.310103 0.016803  0.090511  -0.035992  0.990004  0.140952  -0.004928  -0.140753  0.989620  0.028998  0.008964  -0.028015  0.999567  0.009350  -0.012449  0.004349  0.000000  0.000000  0.000000  2.000000  
102.311110 0.016814  0.090499  -0.035987  0.990005  0.140948  -0.004796  -0.140753  0.989621  0.028980  0.008831  -0.028015  0.999569  0.009555  -0.012270  0.004566  0.000000  0.000000  0.000000  2.000000  
102.312348 0.016829  0.090483  -0.035979  0.990005  0.140948  -0.004813  -0.140753  0.989624  0.028859  0.008831  -0.027894  0.999572  0.009851  -0.012201  0.004829  0.000000  0.000000  0.000000  2.000000  
102.313597 0.016846  0.090469  -0.035971  0.989978  0.141148  -0.004675  -0.140957  0.989596  0.028842  0.008697  -0.027894  0.999573  0.010268  -0.012031  0.005101  0.000000  0.000000  0.000000  2.000000  
102.314599 0.016859  0.090457  -0.035965  0.989978  0.141148  -0.004675  -0.140957  0.989596  0.028842  0.008697  -0.027894  0.999573  0.010605  -0.011974  0.005269  0.000000  0.000000  0.000000  2.000000  
102.315604 0.016873  0.090446  -0.035959  0.989978  0.141148  -0.004675  -0.140957  0.989596  0.028842  0.008697  -0.027894  0.999573  0.010968  -0.011840  0.005382  0.000000  0.000000  0.000000  2.000000  
102.316854 0.016892  0.090432  -0.035950  0.989978  0.141148  -0.004675  -0.140957  0.989596  0.028842  0.008697  -0.027894  0.999573  0.011471  -0.011709  0.005554  0.000000  0.000000  0.000000  2.000000  
102.318114 0.016911  0.090420  -0.035941  0.989948  0.141351  -0.004669  -0.141161  0.989566  0.028843  0.008697  -0.027894  0.999573  0.012030  -0.011516  0.005816  0.000000  0.000000  0.000000  2.000000  
102.319354 0.016932  0.090408  -0.035931  0.989948  0.141351  -0.004669  -0.141161  0.989566  0.028843  0.008697  -0.027894  0.999573  0.012655  -0.011342  0.006067  0.000000  0.000000  0.000000  2.000000  
102.320601 0.016953  0.090397  -0.035921  0.989919  0.141555  -0.004663  -0.141365  0.989537  0.028844  0.008697  -0.027894  0.999573  0.013252  -0.011103  0.006302  0.000000  0.000000  0.000000  2.000000  
102.321602 0.016971  0.090388  -0.035913  0.989919  0.141555  -0.004663  -0.141365  0.989537  0.028844  0.008697  -0.027894  0.999573  0.013713  -0.010920  0.006533  0.000000  0.000000  0.000000  2.000000  
102.322603 0.016988  0.090380  -0.035904  0.989919  0.141555  -0.004680  -0.141365  0.989541  0.028724  0.008697  -0.027772  0.999576  0.014254  -0.010654  0.006803  0.000000  0.000000  0.000000  2.000000  
102.323854 0.017011  0.090370  -0.035894  0.989890  0.141758  -0.004674  -0.141568  0.989512  0.028724  0.008697  -0.027772  0.999576  0.014801  -0.010377  0.006993  0.000000  0.000000  0.000000  2.000000  
102.325102 0.017034  0.090359  -0.035883  0.989890  0.141758  -0.004674  -0.141568  0.989512  0.028724  0.008697  -0.027772  0.999576  0.015387  -0.010140  0.007224  0.000000  0.000000  0.000000  2.000000  
102.326358 0.017058  0.090349  -0.035871  0.989861  0.141962  -0.004668  -0.141772  0.989482  0.028725  0.008697  -0.027772  0.999576  0.016072  -0.009720  0.007634  0.000000  0.000000  0.000000  2.000000  
102.327602 0.017082  0.090339  -0.035860  0.989832  0.142166  -0.004662  -0.141976  0.989453  0.028726  0.008697  -0.027772  0.999576  0.016672  -0.009364  0.007823  0.000000  0.000000  0.000000  2.000000  
102.328848 0.017106  0.090329  -0.035850  0.989832  0.142166  -0.004645  -0.141976  0.989450  0.028846  0.008697  -0.027894  0.999573  0.017134  -0.009104  0.007968  0.000000  0.000000  0.000000  2.000000  
102.329849 0.017125  0.090321  -0.035842  0.989803  0.142370  -0.004639  -0.142180  0.989420  0.028847  0.008697  -0.027894  0.999573  0.017574  -0.008831  0.008107  0.000000  0.000000  0.000000  2.000000  
102.330854 0.017145  0.090313  -0.035835  0.989773  0.142574  -0.004616  -0.142384  0.989388  0.028968  0.008697  -0.028015  0.999570  0.017880  -0.008682  0.008156  0.000000  0.000000  0.000000  2.000000  
102.332100 0.017171  0.090303  -0.035825  0.989773  0.142574  -0.004616  -0.142384  0.989388  0.028968  0.008697  -0.028015  0.999570  0.018351  -0.008443  0.008162  0.000000  0.000000  0.000000  2.000000  
102.333103 0.017191  0.090296  -0.035819  0.989743  0.142782  -0.004742  -0.142587  0.989358  0.028988  0.008831  -0.028015  0.999569  0.018634  -0.008304  0.008145  0.000000  0.000000  0.000000  2.000000  
102.334360 0.017216  0.090286  -0.035810  0.989743  0.142782  -0.004725  -0.142587  0.989354  0.029108  0.008831  -0.028136  0.999565  0.018962  -0.008124  0.008048  0.000000  0.000000  0.000000  2.000000  
102.335365 0.017237  0.090279  -0.035803  0.989713  0.142986  -0.004719  -0.142791  0.989325  0.029109  0.008831  -0.028136  0.999565  0.019209  -0.008032  0.008008  0.000000  0.000000  0.000000  2.000000  
102.336601 0.017263  0.090269  -0.035795  0.989684  0.143190  -0.004713  -0.142995  0.989295  0.029110  0.008831  -0.028136  0.999565  0.019464  -0.007967  0.007887  0.000000  0.000000  0.000000  2.000000  
102.337851 0.017288  0.090259  -0.035787  0.989684  0.143190  -0.004695  -0.142995  0.989292  0.029230  0.008831  -0.028257  0.999562  0.019708  -0.007917  0.007694  0.000000  0.000000  0.000000  2.000000  
102.338853 0.017309  0.090252  -0.035781  0.989655  0.143394  -0.004689  -0.143198  0.989262  0.029231  0.008831  -0.028257  0.999562  0.019892  -0.007857  0.007513  0.000000  0.000000  0.000000  2.000000  
102.340101 0.017334  0.090242  -0.035774  0.989653  0.143398  -0.004822  -0.143198  0.989262  0.029250  0.008964  -0.028257  0.999560  0.020002  -0.007824  0.007284  0.000000  0.000000  0.000000  2.000000  
102.341355 0.017358  0.090232  -0.035767  0.989624  0.143601  -0.004816  -0.143402  0.989232  0.029251  0.008964  -0.028257  0.999560  0.020059  -0.007849  0.006918  0.000000  0.000000  0.000000  2.000000  
102.342598 0.017383  0.090221  -0.035761  0.989624  0.143602  -0.004798  -0.143402  0.989229  0.029371  0.008964  -0.028379  0.999557  0.020117  -0.007900  0.006653  0.000000  0.000000  0.000000  2.000000  
102.343599 0.017403  0.090213  -0.035756  0.989593  0.143809  -0.004925  -0.143606  0.989198  0.029392  0.009098  -0.028379  0.999556  0.020140  -0.007897  0.006415  0.000000  0.000000  0.000000  2.000000  
102.344850 0.017427  0.090202  -0.035749  0.989593  0.143809  -0.004925  -0.143606  0.989198  0.029392  0.009098  -0.028379  0.999556  0.020120  -0.007908  0.006200  0.000000  0.000000  0.000000  2.000000  
102.346097 0.017452  0.090192  -0.035742  0.989593  0.143809  -0.004925  -0.143606  0.989198  0.029392  0.009098  -0.028379  0.999556  0.020138  -0.007947  0.006059  0.000000  0.000000  0.000000  2.000000  
102.347101 0.017471  0.090183  -0.035738  0.989593  0.143809  -0.004925  -0.143606  0.989198  0.029392  0.009098  -0.028379  0.999556  0.020031  -0.008016  0.005833  0.000000  0.000000  0.000000  2.000000  
102.348102 0.017490  0.090175  -0.035733  0.989592  0.143813  -0.005057  -0.143605  0.989198  0.029411  0.009232  -0.028378  0.999555  0.019966  -0.008060  0.005708  0.000000  0.000000  0.000000  2.000000  
102.349104 0.017509  0.090166  -0.035729  0.989592  0.143813  -0.005057  -0.143605  0.989198  0.029411  0.009232  -0.028378  0.999555  0.019845  -0.008167  0.005509  0.000000  0.000000  0.000000  2.000000  
102.350359 0.017533  0.090155  -0.035724  0.989592  0.143813  -0.005057  -0.143605  0.989198  0.029411  0.009232  -0.028378  0.999555  0.019719  -0.008239  0.005295  0.000000  0.000000  0.000000  2.000000  
102.351601 0.017555  0.090143  -0.035719  0.989592  0.143813  -0.005057  -0.143605  0.989198  0.029411  0.009232  -0.028378  0.999555  0.019480  -0.008427  0.005019  0.000000  0.000000  0.000000  2.000000  
102.352850 0.017578  0.090132  -0.035714  0.989620  0.143613  -0.005195  -0.143401  0.989227  0.029429  0.009366  -0.028378  0.999553  0.019319  -0.008519  0.004837  0.000000  0.000000  0.000000  2.000000  
102.353852 0.017596  0.090122  -0.035711  0.989620  0.143613  -0.005195  -0.143401  0.989227  0.029429  0.009366  -0.028378  0.999553  0.019122  -0.008685  0.004708  0.000000  0.000000  0.000000  2.000000  
102.355105 0.017618  0.090109  -0.035707  0.989620  0.143613  -0.005195  -0.143401  0.989227  0.029429  0.009366  -0.028378  0.999553  0.018906  -0.008853  0.004445  0.000000  0.000000  0.000000  2.000000  
102.356354 0.017639  0.090096  -0.035704  0.989650  0.143409  -0.005201  -0.143198  0.989256  0.029428  0.009366  -0.028378  0.999553  0.018721  -0.009056  0.004245  0.000000  0.000000  0.000000  2.000000  
102.357599 0.017661  0.090083  -0.035699  0.989650  0.143409  -0.005219  -0.143198  0.989260  0.029308  0.009366  -0.028257  0.999557  0.018492  -0.009229  0.004069  0.000000  0.000000  0.000000  2.000000  
102.358602 0.017678  0.090072  -0.035695  0.989678  0.143209  -0.005357  -0.142994  0.989289  0.029326  0.009500  -0.028257  0.999556  0.018278  -0.009392  0.003984  0.000000  0.000000  0.000000  2.000000  
102.359853 0.017699  0.090058  -0.035691  0.989678  0.143209  -0.005357  -0.142994  0.989289  0.029326  0.009500  -0.028257  0.999556  0.018085  -0.009591  0.003860  0.000000  0.000000  0.000000  2.000000  
102.360854 0.017716  0.090047  -0.035686  0.989707  0.143005  -0.005363  -0.142790  0.989318  0.029325  0.009500  -0.028257  0.999556  0.017889  -0.009787  0.003784  0.000000  0.000000  0.000000  2.000000  
102.362097 0.017737  0.090034  -0.035681  0.989707  0.143005  -0.005363  -0.142790  0.989318  0.029325  0.009500  -0.028257  0.999556  0.017756  -0.009977  0.003766  0.000000  0.000000  0.000000  2.000000  
102.363099 0.017754  0.090023  -0.035677  0.989706  0.143009  -0.005496  -0.142790  0.989318  0.029344  0.009633  -0.028257  0.999554  0.017589  -0.010142  0.003760  0.000000  0.000000  0.000000  2.000000  
102.364355 0.017775  0.090009  -0.035670  0.989736  0.142805  -0.005502  -0.142586  0.989347  0.029343  0.009633  -0.028257  0.999554  0.017386  -0.010333  0.003779  0.000000  0.000000  0.000000  2.000000  
102.365364 0.017791  0.089998  -0.035665  0.989736  0.142805  -0.005519  -0.142586  0.989351  0.029223  0.009633  -0.028136  0.999558  0.017198  -0.010451  0.003853  0.000000  0.000000  0.000000  2.000000  
102.366601 0.017811  0.089984  -0.035659  0.989765  0.142601  -0.005525  -0.142382  0.989380  0.029222  0.009633  -0.028136  0.999558  0.017054  -0.010624  0.004022  0.000000  0.000000  0.000000  2.000000  
102.367601 0.017828  0.089973  -0.035653  0.989765  0.142601  -0.005525  -0.142382  0.989380  0.029222  0.009633  -0.028136  0.999558  0.016920  -0.010760  0.004182  0.000000  0.000000  0.000000  2.000000  
102.368848 0.017848  0.089959  -0.035645  0.989794  0.142397  -0.005531  -0.142179  0.989410  0.029220  0.009633  -0.028136  0.999558  0.016823  -0.010837  0.004379  0.000000  0.000000  0.000000  2.000000  
102.369850 0.017864  0.089948  -0.035639  0.989794  0.142396  -0.005548  -0.142179  0.989413  0.029100  0.009633  -0.028015  0.999561  0.016729  -0.010910  0.004625  0.000000  0.000000  0.000000  2.000000  
102.371098 0.017885  0.089934  -0.035630  0.989794  0.142396  -0.005548  -0.142179  0.989413  0.029100  0.009633  -0.028015  0.999561  0.016646  -0.011015  0.004927  0.000000  0.000000  0.000000  2.000000  
102.372100 0.017901  0.089922  -0.035624  0.989823  0.142193  -0.005554  -0.141975  0.989442  0.029099  0.009633  -0.028015  0.999561  0.016560  -0.011092  0.005127  0.000000  0.000000  0.000000  2.000000  
102.373100 0.017917  0.089911  -0.035616  0.989823  0.142193  -0.005554  -0.141975  0.989442  0.029099  0.009633  -0.028015  0.999561  0.016497  -0.011118  0.005412  0.000000  0.000000  0.000000  2.000000  
102.374348 0.017937  0.089896  -0.035607  0.989823  0.142193  -0.005554  -0.141975  0.989442  0.029099  0.009633  -0.028015  0.999561  0.016421  -0.011228  0.005672  0.000000  0.000000  0.000000  2.000000  
102.375359 0.017954  0.089884  -0.035601  0.989823  0.142193  -0.005554  -0.141975  0.989442  0.029099  0.009633  -0.028015  0.999561  0.016399  -0.011247  0.005870  0.000000  0.000000  0.000000  2.000000  
102.376599 0.017975  0.089870  -0.035591  0.989823  0.142193  -0.005554  -0.141975  0.989442  0.029099  0.009633  -0.028015  0.999561  0.016397  -0.011308  0.006178  0.000000  0.000000  0.000000  2.000000  
102.377846 0.017995  0.089855  -0.035581  0.989854  0.141985  -0.005428  -0.141771  0.989472  0.029079  0.009500  -0.028015  0.999562  0.016394  -0.011382  0.006450  0.000000  0.000000  0.000000  2.000000  
102.378846 0.018012  0.089843  -0.035574  0.989854  0.141985  -0.005428  -0.141771  0.989472  0.029079  0.009500  -0.028015  0.999562  0.016396  -0.011438  0.006656  0.000000  0.000000  0.000000  2.000000  
102.380100 0.018033  0.089828  -0.035563  0.989854  0.141985  -0.005428  -0.141771  0.989472  0.029079  0.009500  -0.028015  0.999562  0.016429  -0.011468  0.006884  0.000000  0.000000  0.000000  2.000000  
102.381352 0.018054  0.089814  -0.035553  0.989825  0.142190  -0.005405  -0.141975  0.989439  0.029200  0.009500  -0.028136  0.999559  0.016443  -0.011558  0.007148  0.000000  0.000000  0.000000  2.000000  
102.382367 0.018071  0.089802  -0.035544  0.989825  0.142190  -0.005405  -0.141975  0.989439  0.029200  0.009500  -0.028136  0.999559  0.016459  -0.011562  0.007369  0.000000  0.000000  0.000000  2.000000  
102.383602 0.018092  0.089788  -0.035533  0.989825  0.142190  -0.005405  -0.141975  0.989439  0.029200  0.009500  -0.028136  0.999559  0.016521  -0.011634  0.007616  0.000000  0.000000  0.000000  2.000000  
102.384602 0.018108  0.089776  -0.035524  0.989825  0.142190  -0.005405  -0.141975  0.989439  0.029200  0.009500  -0.028136  0.999559  0.016552  -0.011637  0.007794  0.000000  0.000000  0.000000  2.000000  
102.385604 0.018125  0.089765  -0.035515  0.989825  0.142190  -0.005405  -0.141975  0.989439  0.029200  0.009500  -0.028136  0.999559  0.016617  -0.011610  0.007943  0.000000  0.000000  0.000000  2.000000  
102.386851 0.018146  0.089751  -0.035504  0.989795  0.142393  -0.005399  -0.142179  0.989410  0.029201  0.009500  -0.028136  0.999559  0.016652  -0.011617  0.008124  0.000000  0.000000  0.000000  2.000000  
102.387853 0.018164  0.089740  -0.035494  0.989795  0.142393  -0.005399  -0.142179  0.989410  0.029201  0.009500  -0.028136  0.999559  0.016708  -0.011561  0.008267  0.000000  0.000000  0.000000  2.000000  
102.388853 0.018181  0.089729  -0.035485  0.989795  0.142393  -0.005399  -0.142179  0.989410  0.029201  0.009500  -0.028136  0.999559  0.016777  -0.011537  0.008419  0.000000  0.000000  0.000000  2.000000  
102.390101 0.018202  0.089715  -0.035474  0.989766  0.142597  -0.005393  -0.142383  0.989381  0.029203  0.009500  -0.028136  0.999559  0.016778  -0.011495  0.008563  0.000000  0.000000  0.000000  2.000000  
102.391349 0.018223  0.089701  -0.035462  0.989766  0.142597  -0.005393  -0.142383  0.989381  0.029203  0.009500  -0.028136  0.999559  0.016864  -0.011413  0.008726  0.000000  0.000000  0.000000  2.000000  
102.392355 0.018240  0.089691  -0.035453  0.989766  0.142597  -0.005393  -0.142383  0.989381  0.029203  0.009500  -0.028136  0.999559  0.016884  -0.011338  0.008814  0.000000  0.000000  0.000000  2.000000  
102.393603 0.018262  0.089676  -0.035441  0.989737  0.142801  -0.005369  -0.142586  0.989348  0.029324  0.009500  -0.028257  0.999556  0.016941  -0.011283  0.008959  0.000000  0.000000  0.000000  2.000000  
102.394855 0.018283  0.089662  -0.035430  0.989737  0.142801  -0.005369  -0.142586  0.989348  0.029324  0.009500  -0.028257  0.999556  0.016924  -0.011256  0.009004  0.000000  0.000000  0.000000  2.000000  
102.396097 0.018304  0.089648  -0.035420  0.989707  0.143005  -0.005363  -0.142790  0.989318  0.029325  0.009500  -0.028257  0.999556  0.016959  -0.011212  0.009030  0.000000  0.000000  0.000000  2.000000  
102.397099 0.018321  0.089637  -0.035411  0.989707  0.143005  -0.005363  -0.142790  0.989318  0.029325  0.009500  -0.028257  0.999556  0.016974  -0.011177  0.008972  0.000000  0.000000  0.000000  2.000000  
102.398357 0.018342  0.089623  -0.035401  0.989707  0.143005  -0.005363  -0.142790  0.989318  0.029325  0.009500  -0.028257  0.999556  0.016986  -0.011162  0.008953  0.000000  0.000000  0.000000  2.000000  
102.399360 0.018359  0.089612  -0.035392  0.989678  0.143209  -0.005357  -0.142994  0.989289  0.029326  0.009500  -0.028257  0.999556  0.016978  -0.011136  0.008900  0.000000  0.000000  0.000000  2.000000  
102.400601 0.018381  0.089598  -0.035381  0.989678  0.143209  -0.005357  -0.142994  0.989289  0.029326  0.009500  -0.028257  0.999556  0.017026  -0.011173  0.008915  0.000000  0.000000  0.000000  2.000000  
102.401602 0.018398  0.089586  -0.035374  0.989649  0.143412  -0.005351  -0.143198  0.989260  0.029327  0.009500  -0.028257  0.999556  0.017027  -0.011151  0.008817  0.000000  0.000000  0.000000  2.000000  
102.402604 0.018415  0.089575  -0.035365  0.989649  0.143412  -0.005351  -0.143198  0.989260  0.029327  0.009500  -0.028257  0.999556  0.017012  -0.011165  0.008775  0.000000  0.000000  0.000000  2.000000  
102.403853 0.018436  0.089561  -0.035355  0.989619  0.143616  -0.005345  -0.143401  0.989230  0.029328  0.009500  -0.028257  0.999556  0.017003  -0.011165  0.008655  0.000000  0.000000  0.000000  2.000000  
102.405100 0.018457  0.089548  -0.035345  0.989619  0.143616  -0.005345  -0.143401  0.989230  0.029328  0.009500  -0.028257  0.999556  0.017033  -0.011116  0.008628  0.000000  0.000000  0.000000  2.000000  
102.406101 0.018474  0.089537  -0.035336  0.989619  0.143616  -0.005345  -0.143401  0.989230  0.029328  0.009500  -0.028257  0.999556  0.016984  -0.011156  0.008560  0.000000  0.000000  0.000000  2.000000  
102.407105 0.018491  0.089525  -0.035328  0.989589  0.143820  -0.005339  -0.143605  0.989200  0.029329  0.009500  -0.028257  0.999556  0.017014  -0.011199  0.008478  0.000000  0.000000  0.000000  2.000000  
102.408352 0.018512  0.089512  -0.035318  0.989589  0.143820  -0.005339  -0.143605  0.989200  0.029329  0.009500  -0.028257  0.999556  0.016964  -0.011173  0.008398  0.000000  0.000000  0.000000  2.000000  
102.409598 0.018533  0.089497  -0.035308  0.989589  0.143820  -0.005339  -0.143605  0.989200  0.029329  0.009500  -0.028257  0.999556  0.016946  -0.011215  0.008336  0.000000  0.000000  0.000000  2.000000  
102.410599 0.018549  0.089486  -0.035299  0.989589  0.143820  -0.005339  -0.143605  0.989200  0.029329  0.009500  -0.028257  0.999556  0.016928  -0.011233  0.008319  0.000000  0.000000  0.000000  2.000000  
102.411847 0.018570  0.089471  -0.035290  0.989560  0.144023  -0.005333  -0.143809  0.989171  0.029330  0.009500  -0.028257  0.999556  0.016863  -0.011268  0.008228  0.000000  0.000000  0.000000  2.000000  
102.412849 0.018586  0.089459  -0.035281  0.989560  0.144023  -0.005333  -0.143809  0.989171  0.029330  0.009500  -0.028257  0.999556  0.016872  -0.011301  0.008237  0.000000  0.000000  0.000000  2.000000  
102.413853 0.018602  0.089447  -0.035274  0.989560  0.144023  -0.005333  -0.143809  0.989171  0.029330  0.009500  -0.028257  0.999556  0.016805  -0.011335  0.008144  0.000000  0.000000  0.000000  2.000000  
102.415102 0.018623  0.089432  -0.035264  0.989560  0.144023  -0.005351  -0.143809  0.989174  0.029210  0.009500  -0.028136  0.999559  0.016745  -0.011376  0.008116  0.000000  0.000000  0.000000  2.000000  
102.416105 0.018639  0.089421  -0.035256  0.989560  0.144023  -0.005351  -0.143809  0.989174  0.029210  0.009500  -0.028136  0.999559  0.016663  -0.011448  0.008108  0.000000  0.000000  0.000000  2.000000  
102.417354 0.018659  0.089405  -0.035247  0.989559  0.144027  -0.005483  -0.143809  0.989174  0.029230  0.009633  -0.028136  0.999558  0.016678  -0.011584  0.008058  0.000000  0.000000  0.000000  2.000000  
102.418364 0.018675  0.089393  -0.035239  0.989559  0.144027  -0.005483  -0.143809  0.989174  0.029230  0.009633  -0.028136  0.999558  0.016502  -0.011603  0.008017  0.000000  0.000000  0.000000  2.000000  
102.419602 0.018695  0.089378  -0.035229  0.989559  0.144027  -0.005483  -0.143809  0.989174  0.029230  0.009633  -0.028136  0.999558  0.016461  -0.011705  0.007991  0.000000  0.000000  0.000000  2.000000  
102.420856 0.018716  0.089362  -0.035219  0.989559  0.144027  -0.005483  -0.143809  0.989174  0.029230  0.009633  -0.028136  0.999558  0.016383  -0.011854  0.007941  0.000000  0.000000  0.000000  2.000000  
102.422102 0.018735  0.089346  -0.035209  0.989559  0.144027  -0.005483  -0.143809  0.989174  0.029230  0.009633  -0.028136  0.999558  0.016283  -0.011953  0.007920  0.000000  0.000000  0.000000  2.000000  
102.423113 0.018751  0.089334  -0.035202  0.989559  0.144027  -0.005483  -0.143809  0.989174  0.029230  0.009633  -0.028136  0.999558  0.016181  -0.012054  0.007866  0.000000  0.000000  0.000000  2.000000  
102.424357 0.018770  0.089317  -0.035192  0.989559  0.144026  -0.005500  -0.143809  0.989177  0.029110  0.009633  -0.028015  0.999561  0.016088  -0.012173  0.007859  0.000000  0.000000  0.000000  2.000000  
102.425375 0.018785  0.089304  -0.035183  0.989559  0.144026  -0.005500  -0.143809  0.989177  0.029110  0.009633  -0.028015  0.999561  0.015975  -0.012275  0.007841  0.000000  0.000000  0.000000  2.000000  
102.426620 0.018804  0.089288  -0.035173  0.989559  0.144026  -0.005500  -0.143809  0.989177  0.029110  0.009633  -0.028015  0.999561  0.015870  -0.012390  0.007930  0.000000  0.000000  0.000000  2.000000  
102.427863 0.018823  0.089272  -0.035162  0.989559  0.144026  -0.005500  -0.143809  0.989177  0.029110  0.009633  -0.028015  0.999561  0.015779  -0.012513  0.007974  0.000000  0.000000  0.000000  2.000000  
102.429102 0.018842  0.089255  -0.035152  0.989559  0.144026  -0.005500  -0.143809  0.989177  0.029110  0.009633  -0.028015  0.999561  0.015677  -0.012606  0.008012  0.000000  0.000000  0.000000  2.000000  
102.430346 0.018860  0.089239  -0.035141  0.989559  0.144026  -0.005500  -0.143809  0.989177  0.029110  0.009633  -0.028015  0.999561  0.015554  -0.012726  0.008068  0.000000  0.000000  0.000000  2.000000  
102.431600 0.018878  0.089222  -0.035131  0.989559  0.144025  -0.005518  -0.143809  0.989181  0.028990  0.009633  -0.027893  0.999564  0.015405  -0.012854  0.008076  0.000000  0.000000  0.000000  2.000000  
102.432604 0.018892  0.089208  -0.035123  0.989588  0.143822  -0.005524  -0.143605  0.989210  0.028988  0.009633  -0.027893  0.999564  0.015277  -0.012905  0.008148  0.000000  0.000000  0.000000  2.000000  
102.433850 0.018910  0.089191  -0.035113  0.989587  0.143825  -0.005656  -0.143605  0.989210  0.029008  0.009767  -0.027893  0.999563  0.015107  -0.013070  0.008140  0.000000  0.000000  0.000000  2.000000  
102.434850 0.018925  0.089178  -0.035104  0.989587  0.143825  -0.005656  -0.143605  0.989210  0.029008  0.009767  -0.027893  0.999563  0.015012  -0.013090  0.008184  0.000000  0.000000  0.000000  2.000000  
102.435850 0.018939  0.089164  -0.035096  0.989587  0.143825  -0.005656  -0.143605  0.989210  0.029008  0.009767  -0.027893  0.999563  0.014869  -0.013201  0.008193  0.000000  0.000000  0.000000  2.000000  
102.437101 0.018956  0.089147  -0.035086  0.989587  0.143825  -0.005656  -0.143605  0.989210  0.029008  0.009767  -0.027893  0.999563  0.014698  -0.013273  0.008238  0.000000  0.000000  0.000000  2.000000  
102.438348 0.018973  0.089129  -0.035075  0.989587  0.143825  -0.005656  -0.143605  0.989210  0.029008  0.009767  -0.027893  0.999563  0.014618  -0.013404  0.008288  0.000000  0.000000  0.000000  2.000000  
102.439348 0.018987  0.089115  -0.035067  0.989587  0.143825  -0.005656  -0.143605  0.989210  0.029008  0.009767  -0.027893  0.999563  0.014451  -0.013498  0.008335  0.000000  0.000000  0.000000  2.000000  
102.440353 0.019001  0.089101  -0.035058  0.989587  0.143825  -0.005656  -0.143605  0.989210  0.029008  0.009767  -0.027893  0.999563  0.014391  -0.013567  0.008349  0.000000  0.000000  0.000000  2.000000  
102.441353 0.019014  0.089087  -0.035050  0.989557  0.144029  -0.005650  -0.143808  0.989180  0.029009  0.009767  -0.027893  0.999563  0.014250  -0.013677  0.008309  0.000000  0.000000  0.000000  2.000000  
102.442596 0.019031  0.089068  -0.035039  0.989556  0.144033  -0.005783  -0.143808  0.989180  0.029028  0.009901  -0.027893  0.999562  0.014144  -0.013786  0.008345  0.000000  0.000000  0.000000  2.000000  
102.443599 0.019045  0.089053  -0.035031  0.989556  0.144033  -0.005783  -0.143808  0.989180  0.029028  0.009901  -0.027893  0.999562  0.014042  -0.013889  0.008280  0.000000  0.000000  0.000000  2.000000  
102.444600 0.019058  0.089039  -0.035023  0.989556  0.144033  -0.005783  -0.143808  0.989180  0.029028  0.009901  -0.027893  0.999562  0.013928  -0.013970  0.008310  0.000000  0.000000  0.000000  2.000000  
102.445601 0.019072  0.089024  -0.035014  0.989556  0.144033  -0.005783  -0.143808  0.989180  0.029028  0.009901  -0.027893  0.999562  0.013873  -0.014087  0.008368  0.000000  0.000000  0.000000  2.000000  
102.446851 0.019089  0.089005  -0.035004  0.989556  0.144033  -0.005783  -0.143808  0.989180  0.029028  0.009901  -0.027893  0.999562  0.013775  -0.014204  0.008359  0.000000  0.000000  0.000000  2.000000  
102.447851 0.019102  0.088990  -0.034995  0.989555  0.144036  -0.005915  -0.143808  0.989179  0.029047  0.010035  -0.027893  0.999561  0.013728  -0.014300  0.008389  0.000000  0.000000  0.000000  2.000000  
102.448852 0.019115  0.088976  -0.034988  0.989555  0.144036  -0.005915  -0.143808  0.989179  0.029047  0.010035  -0.027893  0.999561  0.013634  -0.014323  0.008323  0.000000  0.000000  0.000000  2.000000  
102.449853 0.019128  0.088962  -0.034979  0.989555  0.144036  -0.005915  -0.143808  0.989179  0.029047  0.010035  -0.027893  0.999561  0.013569  -0.014408  0.008334  0.000000  0.000000  0.000000  2.000000  
102.450854 0.019141  0.088947  -0.034971  0.989555  0.144036  -0.005915  -0.143808  0.989179  0.029047  0.010035  -0.027893  0.999561  0.013494  -0.014466  0.008340  0.000000  0.000000  0.000000  2.000000  
102.452105 0.019158  0.088930  -0.034961  0.989553  0.144040  -0.006047  -0.143808  0.989179  0.029067  0.010169  -0.027893  0.999559  0.013463  -0.014502  0.008322  0.000000  0.000000  0.000000  2.000000  
102.453374 0.019174  0.088912  -0.034950  0.989553  0.144040  -0.006047  -0.143808  0.989179  0.029067  0.010169  -0.027893  0.999559  0.013353  -0.014505  0.008307  0.000000  0.000000  0.000000  2.000000  
102.454601 0.019190  0.088894  -0.034940  0.989553  0.144040  -0.006047  -0.143808  0.989179  0.029067  0.010169  -0.027893  0.999559  0.013327  -0.014529  0.008292  0.000000  0.000000  0.000000  2.000000  
102.455605 0.019203  0.088879  -0.034932  0.989553  0.144040  -0.006047  -0.143808  0.989179  0.029067  0.010169  -0.027893  0.999559  0.013279  -0.014529  0.008264  0.000000  0.000000  0.000000  2.000000  
102.456853 0.019219  0.088861  -0.034923  0.989552  0.144044  -0.006180  -0.143808  0.989178  0.029086  0.010302  -0.027893  0.999558  0.013236  -0.014517  0.008239  0.000000  0.000000  0.000000  2.000000  
102.458102 0.019235  0.088843  -0.034912  0.989552  0.144044  -0.006180  -0.143808  0.989178  0.029086  0.010302  -0.027893  0.999558  0.013133  -0.014528  0.008228  0.000000  0.000000  0.000000  2.000000  
102.459348 0.019251  0.088825  -0.034902  0.989552  0.144044  -0.006180  -0.143808  0.989178  0.029086  0.010302  -0.027893  0.999558  0.013083  -0.014468  0.008203  0.000000  0.000000  0.000000  2.000000  
