1-Time 2-Px 3-Py 4-Pz 5-R11 6-R21 7-R31 8-R12 9-R22 10-R32 11-R13 12-R23 13-R33 14-Vx 15-Vy 16-Vz 17-Wx 18-Wy 19-Wz 20-state 21-PR11 22-PR21 23-PR31 24-PR12 25-PR22 26-PR32 27-PR13 28-PR23 29-PR33 
49.819173 0.024315  0.099189  -0.040024  0.991602  0.119390  -0.049707  -0.111107  0.983174  0.144996  0.066182  -0.138255  0.988183  -0.000128  0.000158  -0.000068  0.000000  0.000000  0.000000  2.000000  
49.820181 0.024316  0.099189  -0.040024  0.991602  0.119390  -0.049707  -0.111107  0.983174  0.144996  0.066182  -0.138255  0.988183  -0.000079  0.000157  -0.000035  0.000000  0.000000  0.000000  2.000000  
49.821182 0.024321  0.099191  -0.040021  0.991516  0.120040  -0.049866  -0.111717  0.983079  0.145175  0.066449  -0.138373  0.988149  0.000252  0.000273  0.000147  0.000000  0.000000  0.000000  2.000000  
49.822184 0.024328  0.099193  -0.040018  0.991438  0.120677  -0.049878  -0.112328  0.982967  0.145459  0.066582  -0.138611  0.988106  0.000782  0.000383  0.000410  0.000000  0.000000  0.000000  2.000000  
49.823433 0.024338  0.099193  -0.040015  0.991374  0.121143  -0.050022  -0.112735  0.982842  0.145987  0.066849  -0.139088  0.988021  0.001399  0.000385  0.000569  0.000000  0.000000  0.000000  2.000000  
49.824681 0.024349  0.099192  -0.040013  0.991324  0.121425  -0.050327  -0.112936  0.982740  0.146519  0.067250  -0.139564  0.987927  0.002182  0.000270  0.000708  0.000000  0.000000  0.000000  2.000000  
49.825923 0.024362  0.099189  -0.040014  0.991227  0.122113  -0.050572  -0.113545  0.982587  0.147072  0.067650  -0.140039  0.987832  0.003079  0.000105  0.000662  0.000000  0.000000  0.000000  2.000000  
49.826928 0.024373  0.099187  -0.040016  0.991106  0.123002  -0.050785  -0.114358  0.982408  0.147635  0.068051  -0.140515  0.987737  0.003823  -0.000055  0.000568  0.000000  0.000000  0.000000  2.000000  
49.828180 0.024386  0.099185  -0.040016  0.990961  0.124088  -0.050981  -0.115375  0.982221  0.148091  0.068451  -0.140870  0.987659  0.004719  -0.000220  0.000522  0.000000  0.000000  0.000000  2.000000  
49.829431 0.024401  0.099183  -0.040013  0.990838  0.124984  -0.051177  -0.116188  0.982022  0.148775  0.068852  -0.141465  0.987546  0.005747  -0.000382  0.000722  0.121751  0.064857  0.183489  2.000000  
49.830675 0.024418  0.099185  -0.040009  0.990690  0.126076  -0.051357  -0.117204  0.981813  0.149350  0.069252  -0.141941  0.987450  0.006936  -0.000270  0.001006  0.140447  0.073329  0.219592  2.000000  
49.831676 0.024433  0.099188  -0.040005  0.990575  0.126941  -0.051450  -0.118018  0.981650  0.149781  0.069519  -0.142297  0.987380  0.007963  -0.000057  0.001302  0.154591  0.078315  0.248220  2.000000  
49.832681 0.024448  0.099191  -0.040001  0.990483  0.127604  -0.051573  -0.118627  0.981513  0.150201  0.069786  -0.142654  0.987309  0.008995  0.000156  0.001599  0.172309  0.084260  0.269947  2.000000  
49.833682 0.024464  0.099195  -0.039995  0.990367  0.128469  -0.051665  -0.119441  0.981348  0.150632  0.070053  -0.143010  0.987239  0.010082  0.000431  0.001995  0.186458  0.089224  0.298563  2.000000  
49.834682 0.024483  0.099201  -0.039989  0.990215  0.129555  -0.051856  -0.120457  0.981153  0.151090  0.070453  -0.143366  0.987159  0.011369  0.000824  0.002429  0.201065  0.097635  0.334577  2.000000  
49.835929 0.024508  0.099210  -0.039981  0.990078  0.130470  -0.052177  -0.121267  0.980945  0.151792  0.070987  -0.143959  0.987034  0.012550  0.001280  0.002745  0.223433  0.111438  0.364483  2.000000  
49.836930 0.024528  0.099216  -0.039975  0.989950  0.131361  -0.052382  -0.122079  0.980756  0.152359  0.071388  -0.144434  0.986936  0.013421  0.001584  0.002953  0.241737  0.120806  0.393790  2.000000  
49.837930 0.024549  0.099221  -0.039967  0.989836  0.132075  -0.052732  -0.122686  0.980573  0.153051  0.071922  -0.145026  0.986810  0.014352  0.001859  0.003249  0.263653  0.135554  0.416873  2.000000  
49.839183 0.024578  0.099227  -0.039957  0.989687  0.133024  -0.053148  -0.123495  0.980321  0.154009  0.072589  -0.145857  0.986639  0.015676  0.002356  0.003825  0.294211  0.153687  0.447406  2.000000  
49.840432 0.024608  0.099229  -0.039948  0.989536  0.133980  -0.053546  -0.124304  0.980049  0.155086  0.073256  -0.146807  0.986449  0.016833  0.002669  0.004482  0.328861  0.171764  0.477966  2.000000  
49.841678 0.024637  0.099230  -0.039941  0.989359  0.135139  -0.053910  -0.125316  0.979748  0.156175  0.073923  -0.147757  0.986257  0.017785  0.002775  0.004993  0.364101  0.188868  0.515496  2.000000  
49.842682 0.024659  0.099227  -0.039934  0.989242  0.135869  -0.054221  -0.125922  0.979521  0.157107  0.074457  -0.148589  0.986092  0.018689  0.002844  0.005594  0.394130  0.203426  0.538516  2.000000  
49.843927 0.024688  0.099222  -0.039925  0.989140  0.136424  -0.054679  -0.126323  0.979299  0.158163  0.075124  -0.149538  0.985898  0.019562  0.002581  0.006011  0.427995  0.223480  0.555653  2.000000  
49.844928 0.024711  0.099216  -0.039919  0.989048  0.136946  -0.055037  -0.126725  0.979117  0.158965  0.075658  -0.150249  0.985749  0.020234  0.002222  0.006217  0.453585  0.239087  0.571998  2.000000  
49.845929 0.024735  0.099211  -0.039914  0.988940  0.137651  -0.055231  -0.127332  0.978909  0.159762  0.076058  -0.150962  0.985609  0.020993  0.001651  0.006326  0.479622  0.249225  0.594515  2.000000  
49.847179 0.024765  0.099204  -0.039909  0.988847  0.138188  -0.055555  -0.127734  0.978686  0.160802  0.076592  -0.151912  0.985422  0.021765  0.000963  0.006296  0.513343  0.264713  0.610867  2.000000  
49.848182 0.024789  0.099201  -0.039906  0.988763  0.138692  -0.055780  -0.128137  0.978504  0.161588  0.076992  -0.152625  0.985281  0.022232  0.000509  0.006134  0.535039  0.275897  0.626842  2.000000  
49.849434 0.024819  0.099198  -0.039901  0.988696  0.139029  -0.056135  -0.128336  0.978308  0.162617  0.077525  -0.153574  0.985091  0.022753  -0.000215  0.005944  0.563522  0.289918  0.631062  2.000000  
49.850444 0.024844  0.099197  -0.039896  0.988639  0.139333  -0.056392  -0.128535  0.978152  0.163391  0.077926  -0.154286  0.984948  0.023129  -0.000765  0.005831  0.588501  0.300831  0.637473  2.000000  
49.851787 0.024876  0.099196  -0.039889  0.988571  0.139671  -0.056745  -0.128733  0.977954  0.164420  0.078459  -0.155236  0.984757  0.023439  -0.001338  0.005778  0.609747  0.311400  0.616533  2.000000  
49.852929 0.024907  0.099197  -0.039880  0.988529  0.139802  -0.057149  -0.128728  0.977803  0.165318  0.078993  -0.156065  0.984583  0.023886  -0.001658  0.005829  0.626304  0.324872  0.602250  2.000000  
49.853933 0.024931  0.099196  -0.039872  0.988497  0.139913  -0.057422  -0.128724  0.977654  0.166199  0.079393  -0.156896  0.984419  0.023952  -0.002083  0.005764  0.642814  0.329150  0.593683  2.000000  
49.854937 0.024954  0.099193  -0.039863  0.988466  0.140018  -0.057712  -0.128720  0.977525  0.166962  0.079793  -0.157607  0.984273  0.023851  -0.002414  0.005929  0.654678  0.334286  0.587665  2.000000  
49.856188 0.024981  0.099188  -0.039850  0.988423  0.140165  -0.058082  -0.128714  0.977331  0.168097  0.080326  -0.158675  0.984058  0.023676  -0.002800  0.006243  0.668568  0.338736  0.563733  2.000000  
49.857437 0.025005  0.099181  -0.039837  0.988418  0.140083  -0.058372  -0.128506  0.977188  0.169084  0.080726  -0.159625  0.983872  0.023413  -0.003113  0.006593  0.682599  0.343742  0.519928  2.000000  
49.858454 0.025024  0.099175  -0.039825  0.988423  0.139974  -0.058549  -0.128300  0.977068  0.169936  0.080993  -0.160456  0.983714  0.023145  -0.003250  0.006895  0.696595  0.347421  0.492593  2.000000  
49.859681 0.025047  0.099167  -0.039810  0.988432  0.139714  -0.059006  -0.127888  0.976949  0.170927  0.081527  -0.161404  0.983515  0.022743  -0.003344  0.007390  0.709994  0.359115  0.446151  2.000000  
49.860931 0.025069  0.099159  -0.039795  0.988426  0.139635  -0.059297  -0.127680  0.976803  0.171914  0.081927  -0.162353  0.983326  0.022249  -0.003427  0.007941  0.723293  0.365101  0.405473  2.000000  
49.862180 0.025090  0.099150  -0.039782  0.988446  0.139356  -0.059624  -0.127269  0.976685  0.172887  0.082327  -0.163302  0.983135  0.021612  -0.003626  0.008539  0.736655  0.375649  0.365560  2.000000  
49.863431 0.025110  0.099142  -0.039771  0.988465  0.139084  -0.059935  -0.126857  0.976544  0.173979  0.082727  -0.164369  0.982924  0.021051  -0.003878  0.008894  0.751845  0.378631  0.322250  2.000000  
49.864678 0.025131  0.099136  -0.039760  0.988495  0.138791  -0.060116  -0.126448  0.976405  0.175054  0.082993  -0.165439  0.982722  0.020343  -0.004107  0.009272  0.767935  0.382448  0.267763  2.000000  
49.865933 0.025151  0.099130  -0.039750  0.988525  0.138499  -0.060298  -0.126038  0.976265  0.176128  0.083260  -0.166508  0.982519  0.019479  -0.004517  0.009629  0.782915  0.379582  0.220522  2.000000  
49.867179 0.025171  0.099125  -0.039739  0.988555  0.138207  -0.060480  -0.125628  0.976123  0.177202  0.083527  -0.167576  0.982314  0.018867  -0.004730  0.009807  0.793985  0.377190  0.184485  2.000000  
49.868183 0.025187  0.099121  -0.039729  0.988596  0.137879  -0.060566  -0.125220  0.976027  0.178023  0.083660  -0.168408  0.982161  0.018151  -0.005099  0.009981  0.797792  0.369099  0.142699  2.000000  
49.869433 0.025205  0.099114  -0.039716  0.988650  0.137387  -0.060787  -0.124606  0.975911  0.179084  0.083927  -0.169477  0.981954  0.017525  -0.005361  0.010075  0.801211  0.364178  0.086350  2.000000  
49.870439 0.025219  0.099107  -0.039708  0.988679  0.137075  -0.061022  -0.124196  0.975831  0.179802  0.084193  -0.170187  0.981808  0.016855  -0.005726  0.009984  0.794273  0.360652  0.051145  2.000000  
49.871680 0.025233  0.099095  -0.039697  0.988719  0.136763  -0.061077  -0.123788  0.975688  0.180858  0.084327  -0.171257  0.981611  0.016199  -0.006046  0.009829  0.794710  0.350665  0.000985  2.000000  
49.872932 0.025248  0.099083  -0.039686  0.988773  0.136265  -0.061317  -0.123174  0.975591  0.181799  0.084593  -0.172206  0.981422  0.015530  -0.006362  0.009653  0.795351  0.345282  -0.034001  2.000000  
49.874179 0.025261  0.099069  -0.039674  0.988812  0.135953  -0.061374  -0.122766  0.975445  0.182855  0.084727  -0.173275  0.981222  0.014859  -0.006769  0.009466  0.793261  0.330804  -0.071484  2.000000  
49.875180 0.025272  0.099059  -0.039662  0.988852  0.135619  -0.061481  -0.122357  0.975364  0.183556  0.084860  -0.173987  0.981085  0.014378  -0.006994  0.009426  0.790842  0.321974  -0.100641  2.000000  
49.876181 0.025283  0.099050  -0.039649  0.988879  0.135316  -0.061702  -0.121947  0.975258  0.184391  0.085127  -0.174816  0.980914  0.013932  -0.007145  0.009539  0.792240  0.323326  -0.135166  2.000000  
49.877431 0.025300  0.099040  -0.039632  0.988943  0.134805  -0.061799  -0.121335  0.975137  0.185434  0.085260  -0.175885  0.980712  0.013637  -0.007210  0.009911  0.793300  0.315773  -0.171035  2.000000  
49.878442 0.025314  0.099035  -0.039617  0.988982  0.134472  -0.061908  -0.120927  0.975054  0.186134  0.085393  -0.176596  0.980572  0.013484  -0.007181  0.010336  0.793180  0.312284  -0.190417  2.000000  
49.879677 0.025331  0.099029  -0.039599  0.989033  0.133984  -0.062137  -0.120313  0.974928  0.187192  0.085660  -0.177663  0.980356  0.013360  -0.007113  0.010747  0.794439  0.309412  -0.225326  2.000000  
49.880677 0.025346  0.099025  -0.039585  0.989072  0.133659  -0.062231  -0.119904  0.974821  0.188009  0.085793  -0.178493  0.980194  0.013211  -0.007117  0.011164  0.793172  0.303066  -0.240016  2.000000  
49.881678 0.025360  0.099022  -0.039572  0.989145  0.133110  -0.062234  -0.119293  0.974743  0.188799  0.085793  -0.179325  0.980042  0.013158  -0.006990  0.011404  0.797778  0.295721  -0.269962  2.000000  
49.882680 0.025376  0.099019  -0.039561  0.989183  0.132786  -0.062329  -0.118885  0.974634  0.189616  0.085926  -0.180155  0.979878  0.013073  -0.007002  0.011561  0.800231  0.286350  -0.286824  2.000000  
49.883930 0.025395  0.099014  -0.039547  0.989245  0.132268  -0.062448  -0.118272  0.974529  0.190539  0.086060  -0.181104  0.979691  0.013124  -0.006859  0.011660  0.795954  0.278959  -0.305954  2.000000  
49.884933 0.025410  0.099009  -0.039535  0.989293  0.131912  -0.062431  -0.117865  0.974444  0.191223  0.086060  -0.181817  0.979559  0.013225  -0.006750  0.011802  0.794749  0.268325  -0.321505  2.000000  
49.886181 0.025430  0.099002  -0.039521  0.989330  0.131596  -0.062512  -0.117456  0.974310  0.192158  0.086193  -0.182765  0.979371  0.013529  -0.006479  0.012043  0.789525  0.257842  -0.337024  2.000000  
49.887435 0.025451  0.098995  -0.039508  0.989403  0.131055  -0.062503  -0.116845  0.974204  0.193065  0.086193  -0.183715  0.979193  0.013908  -0.006236  0.012167  0.788161  0.247297  -0.352485  2.000000  
49.888445 0.025468  0.098987  -0.039497  0.989451  0.130707  -0.062472  -0.116438  0.974094  0.193866  0.086193  -0.184547  0.979037  0.014401  -0.005884  0.012337  0.787730  0.240053  -0.360640  2.000000  
49.889680 0.025490  0.098978  -0.039484  0.989487  0.130399  -0.062539  -0.116029  0.973932  0.194919  0.086326  -0.185613  0.978823  0.014974  -0.005607  0.012343  0.791423  0.227180  -0.362611  2.000000  
49.890681 0.025509  0.098971  -0.039473  0.989535  0.130051  -0.062509  -0.115622  0.973820  0.195720  0.086326  -0.186444  0.978666  0.015474  -0.005483  0.012227  0.793293  0.217332  -0.374576  2.000000  
49.891928 0.025534  0.098962  -0.039459  0.989571  0.129743  -0.062578  -0.115213  0.973656  0.196772  0.086460  -0.187510  0.978450  0.016101  -0.005376  0.011935  0.797329  0.208880  -0.375957  2.000000  
49.892932 0.025556  0.098957  -0.039448  0.989595  0.129596  -0.062509  -0.115009  0.973516  0.197586  0.086460  -0.188341  0.978291  0.016653  -0.005351  0.011685  0.797734  0.199093  -0.370521  2.000000  
49.894180 0.025584  0.098952  -0.039434  0.989619  0.129313  -0.062709  -0.114599  0.973347  0.198653  0.086726  -0.189405  0.978062  0.017386  -0.005343  0.011401  0.797571  0.199482  -0.370268  2.000000  
49.895432 0.025613  0.098948  -0.039419  0.989654  0.128999  -0.062796  -0.114190  0.973204  0.199587  0.086860  -0.190351  0.977866  0.018131  -0.005244  0.011298  0.793353  0.191005  -0.371647  2.000000  
49.896677 0.025644  0.098945  -0.039403  0.989666  0.128885  -0.062842  -0.113985  0.973033  0.200533  0.086993  -0.191298  0.977669  0.018922  -0.005133  0.011285  0.791077  0.189831  -0.368534  2.000000  
49.897925 0.025676  0.098944  -0.039387  0.989678  0.128771  -0.062888  -0.113780  0.972862  0.201479  0.087126  -0.192244  0.977472  0.019786  -0.004870  0.011390  0.788182  0.183361  -0.355711  2.000000  
49.898928 0.025701  0.098943  -0.039374  0.989702  0.128617  -0.062836  -0.113576  0.972741  0.202174  0.087126  -0.192956  0.977332  0.020366  -0.004770  0.011541  0.784715  0.178015  -0.349656  2.000000  
49.899931 0.025725  0.098941  -0.039361  0.989690  0.128688  -0.062872  -0.113575  0.972591  0.202897  0.087259  -0.193665  0.977180  0.020997  -0.004554  0.011637  0.781532  0.171355  -0.336770  2.000000  
49.901179 0.025755  0.098938  -0.039344  0.989713  0.128541  -0.062805  -0.113371  0.972445  0.203710  0.087259  -0.194494  0.977015  0.021692  -0.004279  0.011784  0.778055  0.166024  -0.330709  2.000000  
49.902180 0.025780  0.098936  -0.039332  0.989713  0.128587  -0.062711  -0.113371  0.972296  0.204418  0.087259  -0.195205  0.976873  0.022233  -0.003994  0.011930  0.774264  0.155103  -0.314726  2.000000  
49.903181 0.025804  0.098935  -0.039319  0.989737  0.128425  -0.062676  -0.113168  0.972199  0.204994  0.087259  -0.195798  0.976754  0.022824  -0.003548  0.012076  0.767668  0.149592  -0.312783  2.000000  
49.904434 0.025835  0.098933  -0.039305  0.989725  0.128504  -0.062696  -0.113166  0.972021  0.205835  0.087393  -0.196625  0.976576  0.023397  -0.003044  0.012113  0.765487  0.146092  -0.292539  2.000000  
49.905678 0.025867  0.098933  -0.039289  0.989725  0.128557  -0.062587  -0.113166  0.971846  0.206660  0.087393  -0.197454  0.976409  0.023906  -0.002535  0.012269  0.758394  0.135030  -0.280568  2.000000  
49.906683 0.025893  0.098933  -0.039277  0.989714  0.128637  -0.062608  -0.113165  0.971667  0.207500  0.087526  -0.198280  0.976230  0.024378  -0.002025  0.012330  0.762217  0.132503  -0.262404  2.000000  
49.907925 0.025927  0.098933  -0.039265  0.989714  0.128690  -0.062498  -0.113165  0.971491  0.208325  0.087526  -0.199109  0.976061  0.024746  -0.001629  0.012230  0.757243  0.120322  -0.248432  2.000000  
49.908927 0.025954  0.098933  -0.039254  0.989702  0.128762  -0.062535  -0.113164  0.971336  0.209047  0.087659  -0.199817  0.975904  0.025120  -0.001257  0.012248  0.753157  0.117648  -0.230102  2.000000  
49.909927 0.025982  0.098933  -0.039244  0.989690  0.128834  -0.062571  -0.113162  0.971180  0.209768  0.087793  -0.200525  0.975747  0.025383  -0.001060  0.012088  0.752027  0.114214  -0.214663  2.000000  
49.910930 0.026010  0.098933  -0.039234  0.989655  0.129114  -0.062547  -0.113365  0.970972  0.210621  0.087926  -0.201351  0.975565  0.025620  -0.000926  0.011904  0.756097  0.111431  -0.196071  2.000000  
49.912179 0.026045  0.098932  -0.039222  0.989632  0.129220  -0.062697  -0.113362  0.970787  0.211475  0.088192  -0.202175  0.975370  0.025891  -0.000892  0.011623  0.749909  0.112099  -0.174844  2.000000  
49.913430 0.026081  0.098930  -0.039210  0.989620  0.129308  -0.062701  -0.113361  0.970578  0.212431  0.088326  -0.203119  0.975162  0.026191  -0.000891  0.011360  0.748806  0.113052  -0.158986  2.000000  
49.914677 0.026116  0.098926  -0.039198  0.989573  0.129615  -0.062807  -0.113562  0.970365  0.213298  0.088592  -0.203942  0.974966  0.026501  -0.000984  0.011104  0.751231  0.112280  -0.131200  2.000000  
49.915949 0.026150  0.098922  -0.039188  0.989561  0.129696  -0.062826  -0.113560  0.970180  0.214137  0.088725  -0.204767  0.974781  0.026740  -0.001087  0.010581  0.746399  0.109232  -0.111786  2.000000  
49.917179 0.026185  0.098918  -0.039178  0.989550  0.129777  -0.062846  -0.113559  0.969995  0.214975  0.088859  -0.205592  0.974595  0.027016  -0.001210  0.010256  0.745905  0.110185  -0.096561  2.000000  
49.918182 0.026212  0.098915  -0.039171  0.989538  0.129842  -0.062897  -0.113558  0.969861  0.215578  0.088992  -0.206181  0.974459  0.027217  -0.001339  0.009877  0.737967  0.111591  -0.076145  2.000000  
49.919435 0.026246  0.098910  -0.039162  0.989503  0.130115  -0.062887  -0.113760  0.969674  0.216312  0.089125  -0.206887  0.974297  0.027382  -0.001530  0.009402  0.727104  0.107520  -0.055725  2.000000  
49.920680 0.026279  0.098907  -0.039153  0.989479  0.130208  -0.063067  -0.113757  0.969536  0.216930  0.089392  -0.207473  0.974148  0.027510  -0.001685  0.008998  0.714295  0.112725  -0.040026  2.000000  
49.921681 0.026307  0.098906  -0.039146  0.989467  0.130266  -0.063133  -0.113756  0.969428  0.217415  0.089525  -0.207943  0.974035  0.027610  -0.001755  0.008757  0.701043  0.110955  -0.026757  2.000000  
49.922929 0.026343  0.098906  -0.039137  0.989467  0.130168  -0.063342  -0.113549  0.969290  0.218137  0.089792  -0.208647  0.973860  0.027835  -0.001828  0.008489  0.691274  0.118812  -0.024673  2.000000  
49.923930 0.026371  0.098906  -0.039129  0.989455  0.130227  -0.063409  -0.113548  0.969181  0.218622  0.089925  -0.209117  0.973747  0.027763  -0.001799  0.008336  0.677860  0.112657  -0.012175  2.000000  
49.925181 0.026406  0.098907  -0.039120  0.989431  0.130321  -0.063588  -0.113545  0.969041  0.219240  0.090191  -0.209703  0.973597  0.027778  -0.001786  0.008038  0.666849  0.114304  0.002323  2.000000  
49.926185 0.026433  0.098905  -0.039115  0.989419  0.130387  -0.063639  -0.113544  0.968905  0.219842  0.090325  -0.210290  0.973457  0.027723  -0.001831  0.007736  0.659214  0.112897  0.009157  2.000000  
49.927432 0.026467  0.098903  -0.039108  0.989395  0.130482  -0.063818  -0.113541  0.968765  0.220460  0.090591  -0.210876  0.973306  0.027622  -0.001878  0.007352  0.647548  0.115891  0.016904  2.000000  
49.928443 0.026494  0.098901  -0.039104  0.989394  0.130370  -0.064059  -0.113335  0.968678  0.220946  0.090858  -0.211343  0.973180  0.027496  -0.001919  0.007061  0.639284  0.124666  0.018796  2.000000  
49.929680 0.026526  0.098895  -0.039098  0.989370  0.130457  -0.064255  -0.113332  0.968565  0.221446  0.091124  -0.211810  0.973053  0.027334  -0.002094  0.006611  0.626210  0.132417  0.020540  2.000000  
49.930929 0.026558  0.098889  -0.039094  0.989369  0.130353  -0.064480  -0.113126  0.968451  0.222050  0.091391  -0.212395  0.972901  0.027217  -0.002218  0.006286  0.618026  0.136748  0.021544  2.000000  
49.931930 0.026583  0.098883  -0.039090  0.989357  0.130413  -0.064546  -0.113124  0.968340  0.222534  0.091524  -0.212864  0.972786  0.027040  -0.002382  0.005958  0.610960  0.142279  0.022738  2.000000  
49.932932 0.026609  0.098877  -0.039087  0.989332  0.130493  -0.064757  -0.113121  0.968252  0.222916  0.091790  -0.213213  0.972684  0.026945  -0.002547  0.005721  0.603412  0.149653  0.031399  2.000000  
49.934177 0.026641  0.098870  -0.039083  0.989331  0.130390  -0.064983  -0.112915  0.968137  0.223520  0.092057  -0.213797  0.972531  0.026822  -0.002746  0.005411  0.593774  0.154170  0.025469  2.000000  
49.935180 0.026667  0.098865  -0.039079  0.989306  0.130470  -0.065194  -0.112912  0.968049  0.223901  0.092323  -0.214146  0.972429  0.026778  -0.002915  0.005157  0.582402  0.164237  0.027633  2.000000  
49.936182 0.026693  0.098860  -0.039077  0.989282  0.130559  -0.065389  -0.112909  0.967934  0.224400  0.092590  -0.214612  0.972301  0.026599  -0.003175  0.004795  0.574444  0.173079  0.029607  2.000000  
49.937431 0.026726  0.098855  -0.039073  0.989280  0.130449  -0.065630  -0.112703  0.967845  0.224886  0.092856  -0.215079  0.972172  0.026480  -0.003476  0.004417  0.557265  0.178814  0.023914  2.000000  
49.938448 0.026753  0.098851  -0.039070  0.989256  0.130530  -0.065841  -0.112700  0.967757  0.225268  0.093123  -0.215427  0.972070  0.026352  -0.003735  0.004159  0.544764  0.183109  0.024937  2.000000  
49.939683 0.026786  0.098847  -0.039066  0.989231  0.130611  -0.066052  -0.112697  0.967668  0.225649  0.093389  -0.215775  0.971967  0.026233  -0.004006  0.003777  0.528686  0.187569  0.025999  2.000000  
49.940930 0.026819  0.098842  -0.039062  0.989217  0.130530  -0.066423  -0.112489  0.967576  0.226149  0.093789  -0.216239  0.971825  0.026162  -0.004220  0.003619  0.511009  0.197615  0.014418  2.000000  
49.942180 0.026852  0.098838  -0.039057  0.989192  0.130612  -0.066634  -0.112486  0.967487  0.226531  0.094055  -0.216587  0.971722  0.026089  -0.004436  0.003469  0.490819  0.199259  0.014684  2.000000  
49.943427 0.026884  0.098833  -0.039052  0.989154  0.130723  -0.066974  -0.112482  0.967394  0.226927  0.094455  -0.216932  0.971606  0.026055  -0.004516  0.003453  0.474631  0.206327  0.016553  2.000000  
49.944431 0.026909  0.098828  -0.039047  0.989142  0.130768  -0.067071  -0.112481  0.967336  0.227176  0.094588  -0.217165  0.971541  0.025983  -0.004534  0.003501  0.457491  0.205067  0.009117  2.000000  
49.945678 0.026941  0.098822  -0.039039  0.989140  0.130651  -0.067329  -0.112274  0.967274  0.227544  0.094854  -0.217513  0.971437  0.025974  -0.004530  0.003708  0.440919  0.211097  0.003465  2.000000  
49.946925 0.026972  0.098816  -0.039032  0.989102  0.130754  -0.067685  -0.112270  0.967209  0.227822  0.095254  -0.217740  0.971347  0.025940  -0.004471  0.003920  0.424865  0.217940  0.005420  2.000000  
49.947928 0.026998  0.098811  -0.039026  0.989089  0.130799  -0.067782  -0.112268  0.967150  0.228072  0.095387  -0.217973  0.971282  0.025951  -0.004409  0.004042  0.412738  0.217944  0.005513  2.000000  
49.949175 0.027031  0.098805  -0.039019  0.989064  0.130874  -0.068009  -0.112266  0.967088  0.228336  0.095653  -0.218203  0.971204  0.025983  -0.004311  0.004290  0.395897  0.223744  -0.000106  2.000000  
49.950183 0.027057  0.098802  -0.039012  0.989038  0.130948  -0.068235  -0.112263  0.967026  0.228599  0.095920  -0.218433  0.971126  0.026014  -0.004199  0.004528  0.382836  0.225587  0.000004  2.000000  
49.951433 0.027090  0.098797  -0.039005  0.989000  0.131052  -0.068590  -0.112258  0.966961  0.228878  0.096319  -0.218660  0.971036  0.026007  -0.004129  0.004752  0.370574  0.234361  0.002028  2.000000  
49.952679 0.027125  0.098795  -0.038997  0.988974  0.131127  -0.068817  -0.112255  0.966899  0.229142  0.096586  -0.218890  0.970957  0.026116  -0.003970  0.005009  0.359419  0.236781  0.003054  2.000000  
49.953680 0.027153  0.098792  -0.038991  0.988948  0.131194  -0.069059  -0.112253  0.966864  0.229288  0.096852  -0.219002  0.970906  0.026197  -0.003862  0.005235  0.342683  0.237285  0.009910  2.000000  
49.954928 0.027188  0.098790  -0.038983  0.988900  0.131468  -0.069238  -0.112453  0.966775  0.229567  0.097118  -0.219232  0.970827  0.026350  -0.003779  0.005516  0.331114  0.235815  0.016741  2.000000  
49.955931 0.027216  0.098787  -0.038977  0.988887  0.131505  -0.069351  -0.112452  0.966744  0.229699  0.097251  -0.219347  0.970788  0.026476  -0.003750  0.005717  0.314814  0.235820  0.016828  2.000000  
49.957179 0.027251  0.098783  -0.038970  0.988838  0.131779  -0.069530  -0.112652  0.966654  0.229977  0.097518  -0.219577  0.970709  0.026626  -0.003686  0.005826  0.303215  0.234316  0.023656  2.000000  
49.958443 0.027286  0.098778  -0.038962  0.988812  0.131846  -0.069772  -0.112649  0.966620  0.230123  0.097784  -0.219689  0.970657  0.026800  -0.003667  0.006026  0.287354  0.232657  0.030448  2.000000  
49.959679 0.027320  0.098773  -0.038953  0.988762  0.132112  -0.069967  -0.112850  0.966558  0.230284  0.098050  -0.219801  0.970605  0.026973  -0.003610  0.006137  0.277688  0.229369  0.036938  2.000000  
49.960925 0.027355  0.098768  -0.038945  0.988726  0.132349  -0.070032  -0.113052  0.966499  0.230431  0.098184  -0.219916  0.970565  0.027172  -0.003502  0.006136  0.262842  0.222059  0.049396  2.000000  
49.961927 0.027383  0.098765  -0.038938  0.988700  0.132407  -0.070290  -0.113049  0.966493  0.230460  0.098450  -0.219910  0.970540  0.027388  -0.003391  0.006255  0.246662  0.226396  0.050418  2.000000  
49.963179 0.027418  0.098761  -0.038929  0.988650  0.132673  -0.070485  -0.113250  0.966431  0.230622  0.098716  -0.220022  0.970487  0.027545  -0.003274  0.006327  0.235213  0.224921  0.057162  2.000000  
49.964179 0.027446  0.098759  -0.038922  0.988614  0.132902  -0.070566  -0.113452  0.966400  0.230651  0.098849  -0.220019  0.970474  0.027743  -0.003093  0.006488  0.222205  0.215017  0.069187  2.000000  
49.965432 0.027482  0.098757  -0.038912  0.988564  0.133168  -0.070761  -0.113652  0.966338  0.230812  0.099116  -0.220131  0.970422  0.027884  -0.002908  0.006619  0.208857  0.216042  0.076306  2.000000  
49.966438 0.027510  0.098757  -0.038904  0.988528  0.133396  -0.070842  -0.113854  0.966307  0.230842  0.099249  -0.220128  0.970409  0.028026  -0.002691  0.006746  0.194889  0.211856  0.082705  2.000000  
49.967680 0.027546  0.098758  -0.038894  0.988478  0.133653  -0.071053  -0.114055  0.966273  0.230886  0.099515  -0.220122  0.970383  0.028084  -0.002406  0.006875  0.179966  0.204479  0.095231  2.000000  
49.968760 0.027575  0.098760  -0.038886  0.988441  0.133881  -0.071134  -0.114257  0.966242  0.230916  0.099648  -0.220119  0.970370  0.027995  -0.002139  0.006970  0.167990  0.198069  0.100750  2.000000  
49.969929 0.027611  0.098762  -0.038875  0.988391  0.134139  -0.071345  -0.114457  0.966208  0.230960  0.099914  -0.220113  0.970344  0.028173  -0.001827  0.007228  0.152800  0.197048  0.107777  2.000000  
49.970930 0.027639  0.098763  -0.038868  0.988341  0.134396  -0.071555  -0.114657  0.966173  0.231005  0.100181  -0.220107  0.970318  0.028180  -0.001569  0.007261  0.146012  0.194025  0.121245  2.000000  
49.972177 0.027674  0.098765  -0.038858  0.988304  0.134616  -0.071653  -0.114859  0.966170  0.230917  0.100314  -0.219986  0.970331  0.028227  -0.001190  0.007448  0.129311  0.186555  0.125949  2.000000  
49.973180 0.027702  0.098765  -0.038852  0.988253  0.134864  -0.071879  -0.115060  0.966164  0.230845  0.100580  -0.219863  0.970332  0.028203  -0.000868  0.007473  0.114769  0.182175  0.132736  2.000000  
49.974435 0.027736  0.098765  -0.038844  0.988193  0.135283  -0.071930  -0.115465  0.966133  0.230772  0.100713  -0.219742  0.970345  0.028142  -0.000599  0.007360  0.099828  0.174741  0.145200  2.000000  
49.975678 0.027770  0.098765  -0.038836  0.988118  0.135739  -0.072093  -0.115869  0.966070  0.230832  0.100979  -0.219736  0.970319  0.028089  -0.000222  0.007378  0.093749  0.170208  0.165393  2.000000  
49.976926 0.027803  0.098765  -0.038829  0.988067  0.135987  -0.072319  -0.116069  0.966063  0.230760  0.101246  -0.219612  0.970319  0.028024  0.000025  0.007262  0.078153  0.168676  0.172130  2.000000  
49.978180 0.027837  0.098766  -0.038823  0.987993  0.136435  -0.072499  -0.116473  0.966028  0.230703  0.101512  -0.219489  0.970320  0.027976  0.000390  0.007070  0.067349  0.165708  0.185650  2.000000  
49.979431 0.027872  0.098767  -0.038816  0.987918  0.136882  -0.072678  -0.116876  0.965993  0.230646  0.101778  -0.219365  0.970320  0.027888  0.000575  0.006880  0.056029  0.161260  0.197375  2.000000  
49.980680 0.027906  0.098769  -0.038809  0.987866  0.137130  -0.072905  -0.117076  0.965986  0.230575  0.102044  -0.219241  0.970320  0.027831  0.000827  0.006764  0.045000  0.156678  0.204737  2.000000  
49.981681 0.027934  0.098772  -0.038803  0.987815  0.137379  -0.073132  -0.117277  0.965979  0.230503  0.102310  -0.219118  0.970320  0.027794  0.001011  0.006608  0.037265  0.158273  0.210737  2.000000  
49.982933 0.027969  0.098775  -0.038796  0.987740  0.137826  -0.073312  -0.117680  0.965943  0.230447  0.102577  -0.218994  0.970319  0.027693  0.001121  0.006347  0.026538  0.155214  0.224009  2.000000  
49.984180 0.028003  0.098780  -0.038790  0.987688  0.138074  -0.073539  -0.117880  0.965936  0.230375  0.102843  -0.218870  0.970319  0.027608  0.001304  0.006161  0.014591  0.152113  0.224896  2.000000  
49.985435 0.028037  0.098784  -0.038783  0.987612  0.138512  -0.073736  -0.118283  0.965928  0.230202  0.103109  -0.218629  0.970345  0.027475  0.001423  0.005875  -0.000281  0.149062  0.238289  2.000000  
49.986443 0.028064  0.098787  -0.038778  0.987560  0.138760  -0.073963  -0.118483  0.965920  0.230131  0.103375  -0.218505  0.970345  0.027359  0.001531  0.005764  -0.007684  0.147507  0.244931  2.000000  
49.987682 0.028097  0.098791  -0.038771  0.987508  0.138999  -0.074207  -0.118683  0.965940  0.229943  0.103641  -0.218263  0.970371  0.027254  0.001723  0.005597  -0.019874  0.151952  0.245979  2.000000  
49.988684 0.028123  0.098793  -0.038765  0.987456  0.139237  -0.074451  -0.118883  0.965960  0.229755  0.103907  -0.218022  0.970397  0.027166  0.001882  0.005512  -0.031348  0.150440  0.252656  2.000000  
49.989930 0.028155  0.098797  -0.038758  0.987404  0.139467  -0.074713  -0.119083  0.966008  0.229450  0.104174  -0.217663  0.970449  0.027038  0.002119  0.005520  -0.047625  0.154907  0.253702  2.000000  
49.991181 0.028187  0.098801  -0.038751  0.987352  0.139705  -0.074957  -0.119283  0.966028  0.229262  0.104440  -0.217421  0.970474  0.026946  0.002406  0.005494  -0.059785  0.154885  0.253625  2.000000  
49.992435 0.028219  0.098806  -0.038744  0.987286  0.139973  -0.075330  -0.119482  0.966045  0.229090  0.104839  -0.217177  0.970486  0.026785  0.002732  0.005471  -0.071932  0.159266  0.254558  2.000000  
49.993678 0.028252  0.098811  -0.038737  0.987233  0.140202  -0.075592  -0.119681  0.966092  0.228785  0.105105  -0.216817  0.970538  0.026690  0.003017  0.005450  -0.084124  0.159353  0.254587  2.000000  
49.994678 0.028278  0.098816  -0.038732  0.987181  0.140440  -0.075837  -0.119881  0.966112  0.228598  0.105371  -0.216576  0.970563  0.026600  0.003256  0.005401  -0.095611  0.162256  0.262292  2.000000  
49.995925 0.028311  0.098822  -0.038726  0.987138  0.140508  -0.076258  -0.119876  0.966157  0.228410  0.105770  -0.216331  0.970574  0.026496  0.003501  0.005434  -0.103555  0.166826  0.254460  2.000000  
49.996929 0.028337  0.098827  -0.038722  0.987086  0.140746  -0.076503  -0.120076  0.966176  0.228223  0.106036  -0.216089  0.970599  0.026403  0.003648  0.005321  -0.111579  0.171176  0.255362  2.000000  
49.998178 0.028370  0.098834  -0.038716  0.987019  0.141012  -0.076877  -0.120274  0.966192  0.228051  0.106436  -0.215845  0.970609  0.026339  0.003851  0.005267  -0.119614  0.175589  0.256354  2.000000  
49.999180 0.028397  0.098840  -0.038711  0.986990  0.141050  -0.077169  -0.120271  0.966240  0.227848  0.106702  -0.215603  0.970634  0.026222  0.003980  0.005207  -0.128360  0.181457  0.250628  2.000000  
50.000183 0.028423  0.098845  -0.038707  0.986937  0.141288  -0.077414  -0.120470  0.966259  0.227661  0.106968  -0.215361  0.970658  0.026172  0.004138  0.005176  -0.137561  0.183043  0.252747  2.000000  
50.001435 0.028456  0.098851  -0.038701  0.986894  0.141355  -0.077835  -0.120465  0.966304  0.227474  0.107367  -0.215117  0.970668  0.026151  0.004265  0.005090  -0.142928  0.190386  0.240120  2.000000  
50.002441 0.028482  0.098855  -0.038697  0.986827  0.141620  -0.078209  -0.120663  0.966320  0.227303  0.107766  -0.214872  0.970678  0.026089  0.004387  0.005008  -0.151013  0.199171  0.242033  2.000000  
50.003680 0.028514  0.098861  -0.038691  0.986784  0.141677  -0.078647  -0.120658  0.966392  0.226999  0.108165  -0.214509  0.970714  0.026099  0.004480  0.004935  -0.159867  0.205178  0.236313  2.000000  
50.004930 0.028547  0.098866  -0.038685  0.986730  0.141905  -0.078910  -0.120857  0.966438  0.226695  0.108431  -0.214150  0.970764  0.026089  0.004602  0.004846  -0.167324  0.209394  0.228633  2.000000  
50.005933 0.028572  0.098871  -0.038681  0.986687  0.141971  -0.079331  -0.120852  0.966483  0.226508  0.108830  -0.213905  0.970773  0.026100  0.004732  0.004799  -0.173460  0.217070  0.224756  2.000000  
50.007178 0.028605  0.098878  -0.038675  0.986618  0.142226  -0.079723  -0.121050  0.966526  0.226220  0.109229  -0.213542  0.970808  0.026183  0.004919  0.004716  -0.184828  0.225504  0.218131  2.000000  
50.008442 0.028638  0.098887  -0.038669  0.986560  0.142310  -0.080291  -0.121043  0.966594  0.225931  0.109761  -0.213176  0.970829  0.026191  0.005133  0.004666  -0.193578  0.235755  0.213354  2.000000  
50.009681 0.028671  0.098897  -0.038662  0.986492  0.142575  -0.080666  -0.121240  0.966609  0.225761  0.110160  -0.212931  0.970837  0.026234  0.005393  0.004670  -0.195866  0.239274  0.208357  2.000000  
50.010926 0.028706  0.098907  -0.038654  0.986433  0.142658  -0.081233  -0.121233  0.966677  0.225472  0.110692  -0.212565  0.970857  0.026307  0.005657  0.004807  -0.207779  0.253350  0.196162  2.000000  
50.011926 0.028733  0.098916  -0.038649  0.986364  0.142922  -0.081608  -0.121431  0.966692  0.225302  0.111091  -0.212320  0.970865  0.026387  0.005919  0.004874  -0.213570  0.255544  0.197780  2.000000  
50.013179 0.028767  0.098928  -0.038641  0.986305  0.143005  -0.082176  -0.121424  0.966760  0.225014  0.111623  -0.211954  0.970884  0.026465  0.006277  0.004992  -0.220563  0.268001  0.192301  2.000000  
50.014179 0.028795  0.098937  -0.038634  0.986235  0.143268  -0.082551  -0.121621  0.966775  0.224844  0.112021  -0.211709  0.970892  0.026561  0.006525  0.005136  -0.224549  0.272374  0.193201  2.000000  
50.015429 0.028829  0.098949  -0.038626  0.986175  0.143351  -0.083119  -0.121614  0.966843  0.224556  0.112553  -0.211343  0.970910  0.026637  0.006882  0.005284  -0.230061  0.284144  0.181752  2.000000  
50.016437 0.028857  0.098958  -0.038620  0.986105  0.143614  -0.083494  -0.121811  0.966857  0.224386  0.112952  -0.211098  0.970917  0.026718  0.007178  0.005365  -0.234063  0.288529  0.182657  2.000000  
50.017680 0.028891  0.098969  -0.038613  0.986020  0.143904  -0.083999  -0.122007  0.966868  0.224233  0.113484  -0.210849  0.970909  0.026860  0.007600  0.005518  -0.233983  0.297244  0.184482  2.000000  
50.018717 0.028920  0.098978  -0.038606  0.985935  0.144195  -0.084503  -0.122202  0.966879  0.224079  0.114016  -0.210601  0.970900  0.026982  0.007903  0.005679  -0.231538  0.308201  0.187642  2.000000  
50.019929 0.028955  0.098990  -0.038599  0.985849  0.144475  -0.085025  -0.122398  0.966917  0.223809  0.114547  -0.210235  0.970917  0.027214  0.008237  0.005779  -0.233884  0.314773  0.188127  2.000000  
50.020930 0.028983  0.099000  -0.038592  0.985788  0.144566  -0.085576  -0.122390  0.966957  0.223638  0.115079  -0.209986  0.970908  0.027389  0.008585  0.005894  -0.236562  0.327730  0.184843  2.000000  
50.022182 0.029020  0.099013  -0.038584  0.985671  0.144901  -0.086356  -0.122582  0.966988  0.223400  0.115876  -0.209613  0.970894  0.027649  0.009009  0.006107  -0.240591  0.340991  0.187647  2.000000  
50.023432 0.029058  0.099028  -0.038575  0.985543  0.145417  -0.086944  -0.122978  0.966965  0.223282  0.116541  -0.209361  0.970869  0.027974  0.009402  0.006257  -0.237767  0.354137  0.196473  2.000000  
50.024678 0.029097  0.099043  -0.038566  0.985424  0.145751  -0.087724  -0.123169  0.966996  0.223044  0.117338  -0.208988  0.970853  0.028354  0.009798  0.006429  -0.237687  0.367265  0.199193  2.000000  
50.025925 0.029136  0.099060  -0.038556  0.985305  0.146095  -0.088487  -0.123360  0.966999  0.222925  0.118135  -0.208733  0.970811  0.028727  0.010226  0.006547  -0.236849  0.378928  0.208620  2.000000  
50.026928 0.029169  0.099074  -0.038548  0.985176  0.146610  -0.089075  -0.123756  0.966975  0.222807  0.118800  -0.208481  0.970784  0.029087  0.010542  0.006701  -0.236033  0.390615  0.218054  2.000000  
50.028180 0.029210  0.099092  -0.038538  0.985039  0.146970  -0.089985  -0.123945  0.967002  0.222587  0.119729  -0.208104  0.970751  0.029547  0.010949  0.006868  -0.238006  0.411691  0.223643  2.000000  
50.029432 0.029252  0.099110  -0.038526  0.984877  0.147539  -0.090831  -0.124336  0.966971  0.222504  0.120659  -0.207845  0.970691  0.030004  0.011329  0.007084  -0.234307  0.422725  0.238733  2.000000  
50.030433 0.029286  0.099124  -0.038517  0.984754  0.147882  -0.091594  -0.124527  0.966973  0.222386  0.121456  -0.207589  0.970647  0.030496  0.011719  0.007285  -0.238277  0.440209  0.242449  2.000000  
50.031676 0.029329  0.099142  -0.038505  0.984616  0.148240  -0.092504  -0.124715  0.966999  0.222167  0.122386  -0.207212  0.970611  0.031043  0.012126  0.007563  -0.237413  0.456326  0.252754  2.000000  
50.032679 0.029365  0.099157  -0.038495  0.984450  0.148808  -0.093351  -0.125106  0.966968  0.222085  0.123315  -0.206953  0.970548  0.031565  0.012523  0.007891  -0.238448  0.476233  0.265229  2.000000  
50.033930 0.029409  0.099176  -0.038481  0.984267  0.149403  -0.094326  -0.125495  0.966932  0.222020  0.124377  -0.206690  0.970469  0.032171  0.012985  0.008229  -0.230735  0.495647  0.281880  2.000000  
50.034931 0.029446  0.099191  -0.038471  0.984125  0.149760  -0.095236  -0.125683  0.966958  0.221803  0.125307  -0.206312  0.970430  0.032829  0.013476  0.008596  -0.236651  0.517515  0.287910  2.000000  
50.035933 0.029484  0.099207  -0.038458  0.983982  0.150127  -0.096129  -0.125870  0.966956  0.221703  0.126236  -0.206052  0.970364  0.033425  0.013845  0.008974  -0.233749  0.533586  0.296726  2.000000  
50.037180 0.029532  0.099228  -0.038444  0.983779  0.150736  -0.097251  -0.126256  0.966943  0.221540  0.127430  -0.205667  0.970290  0.034148  0.014331  0.009303  -0.230677  0.558771  0.310458  2.000000  
50.038180 0.029571  0.099246  -0.038432  0.983591  0.151328  -0.098227  -0.126644  0.966907  0.221478  0.128492  -0.205404  0.970206  0.034819  0.014780  0.009670  -0.228960  0.578111  0.328581  2.000000  
50.039431 0.029622  0.099269  -0.038417  0.983350  0.151990  -0.099607  -0.127024  0.966886  0.221349  0.129951  -0.205011  0.970094  0.035590  0.015305  0.010089  -0.230008  0.606648  0.339707  2.000000  
