1-Time 2-Px 3-Py 4-Pz 5-R11 6-R21 7-R31 8-R12 9-R22 10-R32 11-R13 12-R23 13-R33 14-Vx 15-Vy 16-Vz 17-Wx 18-Wy 19-Wz 20-state 21-PR11 22-PR21 23-PR31 24-PR12 25-PR22 26-PR32 27-PR13 28-PR23 29-PR33 
119.220934 0.008220  0.092737  -0.019766  0.988892  0.087256  -0.120328  -0.090028  0.995780  -0.017786  0.118268  0.028421  0.992575  -0.000825  0.002263  -0.000849  0.000000  0.000000  0.000000  2.000000  
119.221940 0.008219  0.092739  -0.019766  0.988892  0.087256  -0.120328  -0.090028  0.995780  -0.017786  0.118268  0.028421  0.992575  -0.000815  0.002237  -0.000840  0.000000  0.000000  0.000000  2.000000  
119.223187 0.008219  0.092740  -0.019768  0.988823  0.087659  -0.120600  -0.090432  0.995745  -0.017712  0.118534  0.028420  0.992543  -0.000712  0.002132  -0.000856  0.000000  0.000000  0.000000  2.000000  
119.224450 0.008220  0.092742  -0.019768  0.988739  0.088057  -0.121004  -0.090835  0.995710  -0.017626  0.118932  0.028419  0.992496  -0.000567  0.002003  -0.000795  0.000000  0.000000  0.000000  2.000000  
119.225688 0.008221  0.092741  -0.019769  0.988656  0.088247  -0.121536  -0.091033  0.995693  -0.017553  0.119464  0.028417  0.992432  -0.000425  0.001798  -0.000778  0.000000  0.000000  0.000000  2.000000  
119.226940 0.008224  0.092741  -0.019769  0.988590  0.088441  -0.121936  -0.091232  0.995676  -0.017491  0.119862  0.028416  0.992384  -0.000188  0.001590  -0.000742  0.000000  0.000000  0.000000  2.000000  
119.228187 0.008227  0.092741  -0.019770  0.988485  0.089044  -0.122344  -0.091838  0.995622  -0.017379  0.120261  0.028414  0.992336  0.000091  0.001409  -0.000726  0.000000  0.000000  0.000000  2.000000  
119.229438 0.008230  0.092741  -0.019770  0.988361  0.089838  -0.122766  -0.092648  0.995548  -0.017362  0.120659  0.028533  0.992284  0.000323  0.001183  -0.000680  0.000000  0.000000  0.000000  2.000000  
119.230684 0.008232  0.092739  -0.019772  0.988236  0.090646  -0.123176  -0.093457  0.995474  -0.017223  0.121058  0.028532  0.992235  0.000595  0.000862  -0.000721  0.000000  0.000000  0.000000  2.000000  
119.231937 0.008235  0.092738  -0.019777  0.988114  0.091231  -0.123727  -0.094061  0.995418  -0.017217  0.121589  0.028651  0.992167  0.000821  0.000612  -0.000972  0.000000  0.000000  0.000000  2.000000  
119.232939 0.008236  0.092738  -0.019781  0.988010  0.091625  -0.124262  -0.094462  0.995381  -0.017116  0.122120  0.028649  0.992102  0.000996  0.000467  -0.001218  0.000000  0.000000  0.000000  2.000000  
119.234183 0.008239  0.092739  -0.019787  0.987870  0.092221  -0.124934  -0.095064  0.995326  -0.016976  0.122784  0.028646  0.992020  0.001225  0.000344  -0.001523  0.000000  0.000000  0.000000  2.000000  
119.235185 0.008240  0.092739  -0.019792  0.987729  0.092801  -0.125616  -0.095666  0.995269  -0.016955  0.123448  0.028764  0.991934  0.001369  0.000194  -0.001837  0.010375  0.171692  0.180614  2.000000  
119.236185 0.008242  0.092738  -0.019797  0.987604  0.093401  -0.126155  -0.096270  0.995213  -0.016826  0.123979  0.028762  0.991868  0.001530  0.000046  -0.002088  0.012939  0.190215  0.200632  2.000000  
119.237189 0.008246  0.092737  -0.019803  0.987495  0.094004  -0.126561  -0.096875  0.995156  -0.016709  0.124377  0.028761  0.991818  0.001795  -0.000130  -0.002449  0.015502  0.204300  0.220841  2.000000  
119.238442 0.008250  0.092737  -0.019810  0.987331  0.094804  -0.127235  -0.097680  0.995080  -0.016540  0.125041  0.028758  0.991735  0.002073  -0.000261  -0.002873  0.018942  0.227495  0.247566  2.000000  
119.239687 0.008255  0.092736  -0.019813  0.987204  0.095388  -0.127785  -0.098283  0.995021  -0.016529  0.125572  0.028877  0.991664  0.002364  -0.000376  -0.003042  0.017456  0.250659  0.267578  2.000000  
119.240944 0.008260  0.092733  -0.019815  0.987039  0.096188  -0.128459  -0.099087  0.994944  -0.016358  0.126236  0.028874  0.991580  0.002569  -0.000564  -0.003122  0.020923  0.273799  0.294239  2.000000  
119.242188 0.008265  0.092729  -0.019818  0.986877  0.096764  -0.129272  -0.099687  0.994885  -0.016319  0.127032  0.028992  0.991475  0.002730  -0.000819  -0.003194  0.019524  0.301487  0.314133  2.000000  
119.243189 0.008270  0.092726  -0.019818  0.986709  0.097564  -0.129946  -0.100491  0.994807  -0.016145  0.127696  0.028989  0.991390  0.002919  -0.001040  -0.003230  0.023034  0.324716  0.340883  2.000000  
119.244452 0.008276  0.092721  -0.019818  0.986545  0.098139  -0.130759  -0.101090  0.994747  -0.016105  0.128492  0.029106  0.991283  0.003131  -0.001298  -0.003203  0.021654  0.352177  0.360527  2.000000  
119.245686 0.008282  0.092715  -0.019818  0.986400  0.098510  -0.131569  -0.101485  0.994707  -0.016090  0.129288  0.029224  0.991176  0.003329  -0.001601  -0.003007  0.019451  0.379759  0.373626  2.000000  
119.246934 0.008289  0.092709  -0.019818  0.986234  0.099068  -0.132395  -0.102084  0.994644  -0.016168  0.130084  0.029461  0.991065  0.003597  -0.001947  -0.002758  0.014031  0.407346  0.393336  2.000000  
119.247939 0.008295  0.092704  -0.019819  0.986119  0.099655  -0.132813  -0.102687  0.994582  -0.016166  0.130482  0.029580  0.991009  0.003879  -0.002265  -0.002496  0.013451  0.426146  0.420224  2.000000  
119.249186 0.008302  0.092699  -0.019818  0.985985  0.100237  -0.133362  -0.103289  0.994520  -0.016149  0.131013  0.029698  0.990936  0.004297  -0.002749  -0.002085  0.012078  0.444782  0.440272  2.000000  
119.250190 0.008308  0.092694  -0.019818  0.985890  0.100602  -0.133789  -0.103690  0.994476  -0.016294  0.131411  0.029936  0.990876  0.004560  -0.003065  -0.001738  0.005744  0.458742  0.453553  2.000000  
119.251437 0.008316  0.092689  -0.019818  0.985777  0.100980  -0.134335  -0.104088  0.994434  -0.016304  0.131941  0.030055  0.990802  0.004819  -0.003300  -0.001322  0.003495  0.473262  0.462898  2.000000  
119.252684 0.008324  0.092684  -0.019819  0.985682  0.101361  -0.134750  -0.104488  0.994392  -0.016327  0.132339  0.030173  0.990745  0.005084  -0.003582  -0.000847  0.000439  0.482403  0.469391  2.000000  
119.253689 0.008330  0.092680  -0.019818  0.985607  0.101537  -0.135161  -0.104686  0.994370  -0.016378  0.132737  0.030292  0.990688  0.005280  -0.003853  -0.000489  -0.005179  0.486033  0.459513  2.000000  
119.254690 0.008336  0.092676  -0.019818  0.985533  0.101713  -0.135572  -0.104883  0.994349  -0.016429  0.133135  0.030410  0.990631  0.005392  -0.004078  -0.000304  -0.008192  0.486218  0.466278  2.000000  
119.255939 0.008342  0.092669  -0.019818  0.985476  0.101893  -0.135851  -0.105082  0.994327  -0.016493  0.133400  0.030529  0.990592  0.005444  -0.004262  -0.000186  -0.012040  0.482247  0.462398  2.000000  
119.257187 0.008348  0.092663  -0.019817  0.985401  0.102053  -0.136275  -0.105279  0.994303  -0.016664  0.133798  0.030768  0.990531  0.005523  -0.004429  0.000018  -0.020777  0.477699  0.455694  2.000000  
119.258448 0.008354  0.092655  -0.019817  0.985343  0.102233  -0.136554  -0.105478  0.994281  -0.016729  0.134063  0.030887  0.990491  0.005485  -0.004678  0.000082  -0.023421  0.476372  0.438732  2.000000  
119.259687 0.008359  0.092647  -0.019815  0.985325  0.102195  -0.136711  -0.105476  0.994277  -0.016956  0.134195  0.031127  0.990466  0.005426  -0.004912  0.000192  -0.034991  0.466781  0.411648  2.000000  
119.260688 0.008362  0.092639  -0.019813  0.985286  0.102379  -0.136858  -0.105677  0.994255  -0.017034  0.134328  0.031246  0.990444  0.005360  -0.005058  0.000345  -0.039840  0.457636  0.405039  2.000000  
119.261935 0.008367  0.092631  -0.019808  0.985246  0.102547  -0.137018  -0.105878  0.994230  -0.017233  0.134461  0.031486  0.990419  0.005255  -0.005197  0.000657  -0.045202  0.444616  0.388275  2.000000  
119.263183 0.008372  0.092624  -0.019802  0.985210  0.102505  -0.137307  -0.105874  0.994226  -0.017446  0.134726  0.031725  0.990375  0.005073  -0.005238  0.001097  -0.055751  0.430701  0.368225  2.000000  
119.264184 0.008376  0.092619  -0.019798  0.985214  0.102263  -0.137460  -0.105670  0.994244  -0.017701  0.134858  0.031965  0.990349  0.004909  -0.005325  0.001359  -0.067792  0.411209  0.344626  2.000000  
119.265185 0.008379  0.092614  -0.019793  0.985196  0.102225  -0.137616  -0.105668  0.994240  -0.017928  0.134991  0.032204  0.990323  0.004756  -0.005358  0.001671  -0.073511  0.397184  0.331082  2.000000  
119.266193 0.008383  0.092608  -0.019789  0.985178  0.102187  -0.137773  -0.105666  0.994236  -0.018155  0.135123  0.032444  0.990297  0.004562  -0.005428  0.001980  -0.084218  0.382990  0.310767  2.000000  
119.267437 0.008388  0.092603  -0.019784  0.985157  0.102359  -0.137801  -0.105869  0.994210  -0.018368  0.135123  0.032684  0.990290  0.004342  -0.005499  0.002274  -0.094236  0.365939  0.288222  2.000000  
119.268687 0.008391  0.092596  -0.019781  0.985139  0.102304  -0.137970  -0.105867  0.994204  -0.018716  0.135256  0.033044  0.990260  0.004085  -0.005587  0.002518  -0.106642  0.345727  0.263787  2.000000  
119.269934 0.008394  0.092590  -0.019777  0.985157  0.102275  -0.137863  -0.105869  0.994199  -0.018971  0.135123  0.033285  0.990270  0.003818  -0.005626  0.002706  -0.116513  0.324471  0.241748  2.000000  
119.270942 0.008396  0.092585  -0.019776  0.985178  0.102037  -0.137884  -0.105666  0.994216  -0.019241  0.135123  0.033525  0.990261  0.003611  -0.005608  0.002839  -0.128100  0.305756  0.215017  2.000000  
119.272192 0.008398  0.092578  -0.019774  0.985178  0.101987  -0.137921  -0.105666  0.994208  -0.019602  0.135123  0.033885  0.990249  0.003298  -0.005602  0.002905  -0.142944  0.273609  0.185133  2.000000  
119.273440 0.008399  0.092571  -0.019773  0.985178  0.101937  -0.137959  -0.105666  0.994201  -0.019964  0.135123  0.034246  0.990237  0.003030  -0.005611  0.002947  -0.152536  0.248175  0.163622  2.000000  
119.274453 0.008399  0.092564  -0.019772  0.985178  0.101903  -0.137983  -0.105666  0.994196  -0.020205  0.135123  0.034486  0.990228  0.002744  -0.005571  0.002896  -0.162386  0.220708  0.150683  2.000000  
119.275686 0.008400  0.092557  -0.019772  0.985178  0.101870  -0.138008  -0.105666  0.994191  -0.020447  0.135123  0.034726  0.990220  0.002496  -0.005515  0.002757  -0.165168  0.197724  0.130864  2.000000  
119.276688 0.008401  0.092551  -0.019771  0.985196  0.101841  -0.137901  -0.105668  0.994186  -0.020702  0.134991  0.034967  0.990230  0.002259  -0.005412  0.002551  -0.171019  0.170307  0.117972  2.000000  
119.277935 0.008402  0.092545  -0.019770  0.985196  0.101807  -0.137926  -0.105668  0.994181  -0.020943  0.134991  0.035207  0.990221  0.002030  -0.005381  0.002203  -0.176391  0.154912  0.097027  2.000000  
119.278941 0.008403  0.092540  -0.019770  0.985214  0.101779  -0.137819  -0.105670  0.994175  -0.021198  0.134858  0.035448  0.990231  0.001842  -0.005369  0.001931  -0.184636  0.133038  0.077960  2.000000  
119.280188 0.008406  0.092534  -0.019769  0.985192  0.101933  -0.137860  -0.105873  0.994147  -0.021532  0.134858  0.035809  0.990218  0.001751  -0.005316  0.001583  -0.188081  0.118385  0.070932  2.000000  
119.281441 0.008408  0.092528  -0.019769  0.985192  0.101883  -0.137897  -0.105873  0.994139  -0.021894  0.134858  0.036169  0.990205  0.001573  -0.005281  0.001222  -0.199584  0.100928  0.058370  2.000000  
119.282683 0.008411  0.092524  -0.019769  0.985192  0.101833  -0.137934  -0.105873  0.994131  -0.022255  0.134858  0.036529  0.990191  0.001518  -0.005190  0.000904  -0.207884  0.086298  0.044730  2.000000  
119.283685 0.008414  0.092521  -0.019769  0.985192  0.101799  -0.137959  -0.105873  0.994125  -0.022496  0.134858  0.036769  0.990182  0.001520  -0.005042  0.000803  -0.212852  0.072708  0.038371  2.000000  
119.284686 0.008416  0.092516  -0.019769  0.985192  0.101749  -0.137996  -0.105873  0.994117  -0.022858  0.134858  0.037130  0.990169  0.001485  -0.004984  0.000578  -0.221851  0.059112  0.032011  2.000000  
119.285690 0.008419  0.092513  -0.019768  0.985192  0.101716  -0.138021  -0.105873  0.994111  -0.023099  0.134858  0.037370  0.990160  0.001532  -0.004931  0.000527  -0.228681  0.050381  0.025718  2.000000  
119.286941 0.008422  0.092508  -0.019768  0.985171  0.101853  -0.138075  -0.106075  0.994079  -0.023553  0.134858  0.037850  0.990142  0.001655  -0.004738  0.000399  -0.236812  0.036904  0.026164  2.000000  
119.288187 0.008426  0.092504  -0.019768  0.985171  0.101803  -0.138112  -0.106075  0.994070  -0.023915  0.134858  0.038211  0.990128  0.001793  -0.004562  0.000316  -0.243874  0.031912  0.019300  2.000000  
119.289187 0.008428  0.092500  -0.019769  0.985189  0.101775  -0.138005  -0.106077  0.994064  -0.024170  0.134726  0.038452  0.990137  0.001965  -0.004365  0.000212  -0.250012  0.018701  0.019930  2.000000  
119.290437 0.008431  0.092495  -0.019772  0.985189  0.101724  -0.138042  -0.106077  0.994055  -0.024532  0.134726  0.038812  0.990123  0.002096  -0.004227  -0.000005  -0.252897  0.013853  0.013120  2.000000  
119.291439 0.008435  0.092491  -0.019773  0.985189  0.101691  -0.138067  -0.106077  0.994049  -0.024773  0.134726  0.039052  0.990113  0.002303  -0.004083  -0.000148  -0.256927  0.009398  0.013275  2.000000  
119.292686 0.008439  0.092487  -0.019777  0.985167  0.101862  -0.138096  -0.106280  0.994022  -0.024986  0.134726  0.039292  0.990104  0.002470  -0.003940  -0.000498  -0.254983  0.000491  0.013704  2.000000  
119.293687 0.008442  0.092483  -0.019781  0.985149  0.101823  -0.138253  -0.106278  0.994017  -0.025213  0.134858  0.039532  0.990076  0.002661  -0.003803  -0.000752  -0.259056  0.000494  0.013704  2.000000  
119.294689 0.008446  0.092480  -0.019784  0.985149  0.101790  -0.138277  -0.106278  0.994011  -0.025454  0.134858  0.039772  0.990066  0.002776  -0.003713  -0.001006  -0.258093  -0.003748  0.020716  2.000000  
119.295934 0.008451  0.092476  -0.019788  0.985149  0.101756  -0.138302  -0.106278  0.994004  -0.025695  0.134858  0.040012  0.990057  0.002917  -0.003596  -0.001282  -0.256006  -0.008170  0.020712  2.000000  
119.296936 0.008455  0.092474  -0.019791  0.985149  0.101723  -0.138327  -0.106278  0.993998  -0.025936  0.134858  0.040252  0.990047  0.003062  -0.003506  -0.001465  -0.254077  -0.008232  0.020889  2.000000  
119.297936 0.008459  0.092471  -0.019794  0.985149  0.101689  -0.138351  -0.106278  0.993992  -0.026177  0.134858  0.040492  0.990037  0.003145  -0.003470  -0.001688  -0.254980  -0.012974  0.014203  2.000000  
119.298938 0.008464  0.092468  -0.019797  0.985149  0.101656  -0.138376  -0.106278  0.993985  -0.026419  0.134858  0.040733  0.990027  0.003270  -0.003432  -0.001883  -0.254951  -0.008476  0.014037  2.000000  
119.299939 0.008468  0.092465  -0.019799  0.985127  0.101827  -0.138406  -0.106481  0.993958  -0.026631  0.134858  0.040973  0.990017  0.003373  -0.003366  -0.002046  -0.253112  -0.007959  0.027743  2.000000  
119.301183 0.008473  0.092462  -0.019802  0.985127  0.101776  -0.138443  -0.106481  0.993948  -0.026993  0.134858  0.041333  0.990002  0.003529  -0.003279  -0.002268  -0.255096  -0.007886  0.027520  2.000000  
119.302184 0.008477  0.092459  -0.019805  0.985127  0.101743  -0.138468  -0.106481  0.993942  -0.027234  0.134858  0.041573  0.989992  0.003634  -0.003214  -0.002433  -0.255127  -0.007880  0.027525  2.000000  
119.303187 0.008481  0.092456  -0.019807  0.985127  0.101709  -0.138493  -0.106481  0.993935  -0.027475  0.134858  0.041813  0.989982  0.003675  -0.003144  -0.002546  -0.255063  -0.007871  0.027520  2.000000  
119.304191 0.008485  0.092454  -0.019808  0.985105  0.101863  -0.138535  -0.106684  0.993904  -0.027808  0.134858  0.042174  0.989967  0.003811  -0.003018  -0.002642  -0.256375  -0.007665  0.034620  2.000000  
119.305446 0.008491  0.092451  -0.019811  0.985105  0.101813  -0.138573  -0.106684  0.993894  -0.028170  0.134858  0.042534  0.989952  0.003958  -0.002892  -0.002688  -0.260268  -0.007649  0.034598  2.000000  
119.306449 0.008495  0.092450  -0.019813  0.985105  0.101779  -0.138597  -0.106684  0.993887  -0.028411  0.134858  0.042774  0.989941  0.004032  -0.002759  -0.002643  -0.260253  -0.003148  0.034421  2.000000  
119.307688 0.008501  0.092448  -0.019815  0.985065  0.101928  -0.138772  -0.106885  0.993856  -0.028730  0.134991  0.043133  0.989908  0.004111  -0.002572  -0.002511  -0.263466  0.001626  0.041104  2.000000  
119.308937 0.008506  0.092446  -0.019817  0.985065  0.101894  -0.138797  -0.106885  0.993849  -0.028971  0.134991  0.043374  0.989897  0.004199  -0.002420  -0.002323  -0.261335  0.006080  0.040594  2.000000  
119.309941 0.008510  0.092445  -0.019819  0.985043  0.102065  -0.138827  -0.107087  0.993821  -0.029184  0.134991  0.043614  0.989887  0.004228  -0.002323  -0.002256  -0.259391  0.006142  0.040923  2.000000  
119.311189 0.008515  0.092442  -0.019822  0.985043  0.102031  -0.138852  -0.107087  0.993814  -0.029425  0.134991  0.043854  0.989876  0.004218  -0.002217  -0.002222  -0.255355  0.006155  0.040928  2.000000  
119.312189 0.008518  0.092440  -0.019826  0.985043  0.102014  -0.138864  -0.107087  0.993811  -0.029545  0.134991  0.043974  0.989871  0.004147  -0.002165  -0.002229  -0.251222  0.006162  0.040918  2.000000  
119.313439 0.008522  0.092438  -0.019830  0.985039  0.102191  -0.138764  -0.107292  0.993782  -0.029772  0.134858  0.044215  0.989878  0.004081  -0.002085  -0.002288  -0.246225  0.001961  0.047952  2.000000  
119.314451 0.008525  0.092436  -0.019834  0.985039  0.102157  -0.138788  -0.107292  0.993774  -0.030013  0.134858  0.044455  0.989867  0.003958  -0.002014  -0.002366  -0.242061  0.001975  0.047934  2.000000  
119.315684 0.008529  0.092433  -0.019839  0.985017  0.102328  -0.138819  -0.107495  0.993746  -0.030226  0.134858  0.044695  0.989856  0.003865  -0.002021  -0.002533  -0.239277  0.002253  0.054361  2.000000  
119.316685 0.008531  0.092431  -0.019843  0.985017  0.102312  -0.138832  -0.107495  0.993742  -0.030346  0.134858  0.044815  0.989851  0.003763  -0.001973  -0.002607  -0.232103  0.001983  0.047563  2.000000  
119.317687 0.008534  0.092428  -0.019846  0.985013  0.102488  -0.138731  -0.107700  0.993713  -0.030573  0.134726  0.045056  0.989858  0.003659  -0.001930  -0.002723  -0.227136  -0.002174  0.054544  2.000000  
119.318688 0.008536  0.092426  -0.019849  0.985013  0.102472  -0.138744  -0.107700  0.993710  -0.030694  0.134726  0.045176  0.989853  0.003538  -0.001930  -0.002767  -0.220885  0.002315  0.054812  2.000000  
119.319936 0.008539  0.092424  -0.019853  0.984990  0.102643  -0.138775  -0.107902  0.993681  -0.030906  0.134726  0.045416  0.989842  0.003374  -0.001935  -0.002881  -0.218102  0.002597  0.061144  2.000000  
119.320939 0.008542  0.092422  -0.019856  0.984990  0.102609  -0.138800  -0.107902  0.993673  -0.031147  0.134726  0.045656  0.989831  0.003253  -0.001889  -0.002962  -0.219914  0.002634  0.061651  2.000000  
119.322191 0.008545  0.092421  -0.019859  0.984968  0.102780  -0.138831  -0.108105  0.993645  -0.031360  0.134726  0.045897  0.989819  0.003065  -0.001889  -0.002997  -0.215811  0.002652  0.061643  2.000000  
119.323439 0.008548  0.092419  -0.019862  0.984946  0.102967  -0.138850  -0.108308  0.993620  -0.031452  0.134726  0.046017  0.989814  0.002902  -0.001888  -0.003025  -0.209085  -0.001520  0.068127  2.000000  
119.324450 0.008550  0.092417  -0.019864  0.984946  0.102934  -0.138875  -0.108308  0.993612  -0.031693  0.134726  0.046257  0.989803  0.002729  -0.001888  -0.003039  -0.213135  -0.001508  0.068129  2.000000  
119.325687 0.008552  0.092415  -0.019866  0.984924  0.103105  -0.138907  -0.108511  0.993583  -0.031905  0.134726  0.046497  0.989791  0.002594  -0.001858  -0.003009  -0.209890  -0.001200  0.075543  2.000000  
119.326936 0.008554  0.092413  -0.019870  0.984901  0.103292  -0.138926  -0.108714  0.993558  -0.031997  0.134726  0.046617  0.989786  0.002398  -0.001831  -0.002995  -0.204900  -0.000886  0.082401  2.000000  
119.327937 0.008555  0.092412  -0.019872  0.984901  0.103259  -0.138951  -0.108714  0.993550  -0.032238  0.134726  0.046857  0.989774  0.002262  -0.001798  -0.002901  -0.204889  -0.000866  0.082397  2.000000  
119.328938 0.008556  0.092410  -0.019875  0.984879  0.103446  -0.138970  -0.108916  0.993525  -0.032330  0.134726  0.046977  0.989769  0.002095  -0.001768  -0.002877  -0.200802  -0.000851  0.082393  2.000000  
119.330190 0.008556  0.092408  -0.019879  0.984879  0.103429  -0.138982  -0.108916  0.993521  -0.032450  0.134726  0.047097  0.989763  0.001917  -0.001736  -0.002813  -0.195110  -0.000829  0.081717  2.000000  
119.331433 0.008557  0.092405  -0.019883  0.984874  0.103623  -0.138870  -0.109121  0.993495  -0.032557  0.134593  0.047218  0.989775  0.001742  -0.001707  -0.002775  -0.186122  -0.004962  0.088719  2.000000  
119.332437 0.008557  0.092404  -0.019886  0.984874  0.103607  -0.138883  -0.109121  0.993491  -0.032677  0.134593  0.047338  0.989770  0.001609  -0.001651  -0.002731  -0.178034  -0.004940  0.088719  2.000000  
119.333440 0.008558  0.092403  -0.019889  0.984852  0.103794  -0.138902  -0.109324  0.993466  -0.032769  0.134593  0.047458  0.989764  0.001480  -0.001594  -0.002701  -0.173051  -0.004617  0.095506  2.000000  
119.334449 0.008559  0.092402  -0.019892  0.984852  0.103794  -0.138902  -0.109324  0.993466  -0.032769  0.134593  0.047458  0.989764  0.001386  -0.001511  -0.002674  -0.165893  -0.004913  0.088716  2.000000  
119.335690 0.008560  0.092400  -0.019897  0.984870  0.103784  -0.138783  -0.109326  0.993461  -0.032904  0.134461  0.047579  0.989776  0.001293  -0.001470  -0.002777  0.000000  0.000000  0.000000  2.000000  
119.336709 0.008562  0.092399  -0.019900  0.984847  0.103971  -0.138802  -0.109529  0.993436  -0.032996  0.134461  0.047699  0.989770  0.001156  -0.001466  -0.002835  0.000000  0.000000  0.000000  2.000000  
119.337938 0.008563  0.092398  -0.019904  0.984847  0.103971  -0.138802  -0.109529  0.993436  -0.032996  0.134461  0.047699  0.989770  0.001098  -0.001399  -0.002915  0.000000  0.000000  0.000000  2.000000  
119.338940 0.008564  0.092397  -0.019907  0.984847  0.103955  -0.138815  -0.109529  0.993432  -0.033117  0.134461  0.047819  0.989764  0.000960  -0.001396  -0.002980  0.000000  0.000000  0.000000  2.000000  
119.340188 0.008565  0.092396  -0.019911  0.984865  0.103944  -0.138696  -0.109531  0.993427  -0.033252  0.134328  0.047940  0.989777  0.000908  -0.001348  -0.003067  0.000000  0.000000  0.000000  2.000000  
119.341188 0.008566  0.092395  -0.019913  0.984865  0.103944  -0.138696  -0.109531  0.993427  -0.033252  0.134328  0.047940  0.989777  0.000878  -0.001294  -0.003045  0.000000  0.000000  0.000000  2.000000  
119.342443 0.008567  0.092394  -0.019916  0.984842  0.104132  -0.138715  -0.109733  0.993402  -0.033344  0.134328  0.048060  0.989771  0.000855  -0.001251  -0.003011  0.000000  0.000000  0.000000  2.000000  
119.343688 0.008568  0.092393  -0.019918  0.984842  0.104115  -0.138728  -0.109733  0.993398  -0.033464  0.134328  0.048180  0.989765  0.000837  -0.001180  -0.002890  0.000000  0.000000  0.000000  2.000000  
119.344690 0.008569  0.092393  -0.019919  0.984842  0.104115  -0.138728  -0.109733  0.993398  -0.033464  0.134328  0.048180  0.989765  0.000880  -0.001039  -0.002726  0.000000  0.000000  0.000000  2.000000  
119.345940 0.008570  0.092393  -0.019920  0.984860  0.104121  -0.138596  -0.109735  0.993397  -0.033479  0.134195  0.048181  0.989783  0.000902  -0.000928  -0.002623  0.000000  0.000000  0.000000  2.000000  
119.347185 0.008572  0.092393  -0.019922  0.984860  0.104105  -0.138609  -0.109735  0.993393  -0.033600  0.134195  0.048301  0.989777  0.000940  -0.000801  -0.002412  0.000000  0.000000  0.000000  2.000000  
119.348439 0.008573  0.092393  -0.019923  0.984860  0.104105  -0.138609  -0.109735  0.993393  -0.033600  0.134195  0.048301  0.989777  0.000972  -0.000638  -0.002260  0.000000  0.000000  0.000000  2.000000  
119.349688 0.008574  0.092395  -0.019925  0.984878  0.104111  -0.138477  -0.109737  0.993392  -0.033614  0.134063  0.048302  0.989795  0.000959  -0.000478  -0.002093  0.000000  0.000000  0.000000  2.000000  
119.350691 0.008575  0.092396  -0.019926  0.984878  0.104111  -0.138477  -0.109737  0.993392  -0.033614  0.134063  0.048302  0.989795  0.000992  -0.000313  -0.001938  0.000000  0.000000  0.000000  2.000000  
119.351935 0.008576  0.092397  -0.019928  0.984919  0.103913  -0.138339  -0.109537  0.993413  -0.033657  0.133930  0.048303  0.989813  0.000977  -0.000148  -0.001822  0.000000  0.000000  0.000000  2.000000  
119.353188 0.008577  0.092398  -0.019931  0.984919  0.103913  -0.138339  -0.109537  0.993413  -0.033657  0.133930  0.048303  0.989813  0.000927  -0.000010  -0.001679  0.000000  0.000000  0.000000  2.000000  
119.354191 0.008578  0.092399  -0.019932  0.984919  0.103913  -0.138339  -0.109537  0.993413  -0.033657  0.133930  0.048303  0.989813  0.000913  0.000183  -0.001551  0.000000  0.000000  0.000000  2.000000  
119.355446 0.008578  0.092400  -0.019933  0.984936  0.103919  -0.138207  -0.109538  0.993412  -0.033672  0.133798  0.048304  0.989831  0.000869  0.000313  -0.001461  0.000000  0.000000  0.000000  2.000000  
119.356687 0.008579  0.092401  -0.019934  0.984936  0.103919  -0.138207  -0.109538  0.993412  -0.033672  0.133798  0.048304  0.989831  0.000833  0.000459  -0.001340  0.000000  0.000000  0.000000  2.000000  
119.357938 0.008579  0.092402  -0.019935  0.984954  0.103926  -0.138076  -0.109540  0.993411  -0.033687  0.133665  0.048305  0.989849  0.000813  0.000568  -0.001266  0.000000  0.000000  0.000000  2.000000  
119.358939 0.008580  0.092402  -0.019936  0.984954  0.103926  -0.138076  -0.109540  0.993411  -0.033687  0.133665  0.048305  0.989849  0.000769  0.000612  -0.001223  0.000000  0.000000  0.000000  2.000000  
119.360187 0.008580  0.092403  -0.019936  0.984972  0.103949  -0.137931  -0.109542  0.993415  -0.033581  0.133532  0.048185  0.989872  0.000739  0.000722  -0.001110  0.000000  0.000000  0.000000  2.000000  
119.361188 0.008581  0.092403  -0.019937  0.984972  0.103949  -0.137931  -0.109542  0.993415  -0.033581  0.133532  0.048185  0.989872  0.000690  0.000739  -0.001079  0.000000  0.000000  0.000000  2.000000  
119.362449 0.008582  0.092405  -0.019937  0.984972  0.103949  -0.137931  -0.109542  0.993415  -0.033581  0.133532  0.048185  0.989872  0.000689  0.000795  -0.000986  0.000000  0.000000  0.000000  2.000000  
119.363687 0.008583  0.092406  -0.019936  0.984972  0.103949  -0.137931  -0.109542  0.993415  -0.033581  0.133532  0.048185  0.989872  0.000648  0.000806  -0.000828  0.000000  0.000000  0.000000  2.000000  
119.364934 0.008584  0.092408  -0.019936  0.984990  0.103972  -0.137787  -0.109544  0.993418  -0.033475  0.133400  0.048066  0.989896  0.000627  0.000852  -0.000685  0.000000  0.000000  0.000000  2.000000  
119.365939 0.008585  0.092409  -0.019935  0.984990  0.103972  -0.137787  -0.109544  0.993418  -0.033475  0.133400  0.048066  0.989896  0.000616  0.000825  -0.000520  0.000000  0.000000  0.000000  2.000000  
119.367183 0.008586  0.092410  -0.019934  0.984990  0.103972  -0.137787  -0.109544  0.993418  -0.033475  0.133400  0.048066  0.989896  0.000616  0.000820  -0.000366  0.000000  0.000000  0.000000  2.000000  
119.368438 0.008586  0.092411  -0.019934  0.985007  0.103995  -0.137643  -0.109546  0.993421  -0.033369  0.133267  0.047947  0.989920  0.000595  0.000818  -0.000204  0.000000  0.000000  0.000000  2.000000  
119.369683 0.008587  0.092412  -0.019934  0.985007  0.103995  -0.137643  -0.109546  0.993421  -0.033369  0.133267  0.047947  0.989920  0.000606  0.000811  -0.000094  0.000000  0.000000  0.000000  2.000000  
119.370692 0.008587  0.092412  -0.019934  0.985007  0.103995  -0.137643  -0.109546  0.993421  -0.033369  0.133267  0.047947  0.989920  0.000595  0.000806  0.000033  0.000000  0.000000  0.000000  2.000000  
119.371938 0.008588  0.092412  -0.019934  0.985025  0.104018  -0.137499  -0.109548  0.993425  -0.033263  0.133135  0.047828  0.989943  0.000594  0.000783  0.000081  0.000000  0.000000  0.000000  2.000000  
119.373188 0.008589  0.092412  -0.019934  0.985025  0.104035  -0.137486  -0.109548  0.993429  -0.033143  0.133135  0.047708  0.989949  0.000605  0.000719  0.000097  0.000000  0.000000  0.000000  2.000000  
119.374453 0.008589  0.092412  -0.019935  0.985025  0.104035  -0.137486  -0.109548  0.993429  -0.033143  0.133135  0.047708  0.989949  0.000582  0.000681  0.000126  0.000000  0.000000  0.000000  2.000000  
119.375688 0.008590  0.092412  -0.019934  0.985025  0.104052  -0.137473  -0.109548  0.993433  -0.033022  0.133135  0.047588  0.989955  0.000603  0.000607  0.000192  0.000000  0.000000  0.000000  2.000000  
119.376937 0.008591  0.092412  -0.019934  0.985043  0.104075  -0.137329  -0.109550  0.993436  -0.032916  0.133002  0.047468  0.989978  0.000602  0.000525  0.000149  0.000000  0.000000  0.000000  2.000000  
119.377938 0.008591  0.092412  -0.019933  0.985043  0.104075  -0.137329  -0.109550  0.993436  -0.032916  0.133002  0.047468  0.989978  0.000622  0.000451  0.000215  0.000000  0.000000  0.000000  2.000000  
119.379190 0.008593  0.092412  -0.019933  0.985043  0.104091  -0.137317  -0.109550  0.993440  -0.032796  0.133002  0.047348  0.989984  0.000611  0.000372  0.000212  0.000000  0.000000  0.000000  2.000000  
119.380433 0.008593  0.092412  -0.019932  0.985043  0.104091  -0.137317  -0.109550  0.993440  -0.032796  0.133002  0.047348  0.989984  0.000610  0.000268  0.000217  0.000000  0.000000  0.000000  2.000000  
119.381437 0.008594  0.092412  -0.019931  0.985043  0.104108  -0.137304  -0.109550  0.993444  -0.032675  0.133002  0.047228  0.989990  0.000619  0.000190  0.000278  0.000000  0.000000  0.000000  2.000000  
119.382440 0.008594  0.092411  -0.019931  0.985043  0.104108  -0.137304  -0.109550  0.993444  -0.032675  0.133002  0.047228  0.989990  0.000555  0.000060  0.000239  0.000000  0.000000  0.000000  2.000000  
119.383685 0.008594  0.092411  -0.019930  0.985043  0.104124  -0.137291  -0.109550  0.993448  -0.032555  0.133002  0.047108  0.989996  0.000524  -0.000016  0.000271  0.000000  0.000000  0.000000  2.000000  
119.384688 0.008594  0.092410  -0.019929  0.985043  0.104124  -0.137291  -0.109550  0.993448  -0.032555  0.133002  0.047108  0.989996  0.000511  -0.000092  0.000312  0.000000  0.000000  0.000000  2.000000  
119.385690 0.008594  0.092410  -0.019929  0.985043  0.104124  -0.137291  -0.109550  0.993448  -0.032555  0.133002  0.047108  0.989996  0.000471  -0.000140  0.000335  0.000000  0.000000  0.000000  2.000000  
119.386708 0.008594  0.092410  -0.019929  0.985043  0.104141  -0.137279  -0.109550  0.993452  -0.032434  0.133002  0.046988  0.990001  0.000437  -0.000167  0.000360  0.000000  0.000000  0.000000  2.000000  
119.387940 0.008594  0.092410  -0.019927  0.985020  0.104346  -0.137285  -0.109753  0.993430  -0.032406  0.133002  0.046988  0.990001  0.000364  -0.000160  0.000451  0.000000  0.000000  0.000000  2.000000  
119.389187 0.008593  0.092410  -0.019927  0.985020  0.104346  -0.137285  -0.109753  0.993430  -0.032406  0.133002  0.046988  0.990001  0.000312  -0.000183  0.000511  0.000000  0.000000  0.000000  2.000000  
119.390190 0.008593  0.092410  -0.019927  0.985038  0.104369  -0.137141  -0.109755  0.993434  -0.032300  0.132869  0.046869  0.990025  0.000269  -0.000184  0.000481  0.000000  0.000000  0.000000  2.000000  
119.391190 0.008593  0.092410  -0.019926  0.985038  0.104369  -0.137141  -0.109755  0.993434  -0.032300  0.132869  0.046869  0.990025  0.000197  -0.000154  0.000523  0.000000  0.000000  0.000000  2.000000  
119.392440 0.008593  0.092410  -0.019926  0.985038  0.104385  -0.137128  -0.109755  0.993438  -0.032180  0.132869  0.046749  0.990030  0.000121  -0.000179  0.000466  0.000000  0.000000  0.000000  2.000000  
119.393444 0.008592  0.092410  -0.019926  0.985015  0.104590  -0.137135  -0.109958  0.993416  -0.032152  0.132869  0.046749  0.990030  0.000028  -0.000179  0.000449  0.000000  0.000000  0.000000  2.000000  
119.394456 0.008592  0.092410  -0.019926  0.985015  0.104590  -0.137135  -0.109958  0.993416  -0.032152  0.132869  0.046749  0.990030  -0.000023  -0.000157  0.000418  0.000000  0.000000  0.000000  2.000000  
119.395704 0.008592  0.092409  -0.019927  0.985015  0.104606  -0.137122  -0.109958  0.993420  -0.032031  0.132869  0.046629  0.990036  -0.000107  -0.000160  0.000360  0.000000  0.000000  0.000000  2.000000  
119.396939 0.008592  0.092409  -0.019927  0.985033  0.104613  -0.136991  -0.109960  0.993419  -0.032046  0.132737  0.046630  0.990054  -0.000148  -0.000138  0.000283  0.000000  0.000000  0.000000  2.000000  
119.397940 0.008591  0.092409  -0.019927  0.985033  0.104613  -0.136991  -0.109960  0.993419  -0.032046  0.132737  0.046630  0.990054  -0.000180  -0.000142  0.000215  0.000000  0.000000  0.000000  2.000000  
119.399183 0.008591  0.092409  -0.019926  0.985010  0.104817  -0.136997  -0.110163  0.993398  -0.032018  0.132737  0.046630  0.990054  -0.000207  -0.000086  0.000233  0.000000  0.000000  0.000000  2.000000  
119.400188 0.008591  0.092409  -0.019926  0.985010  0.104817  -0.136997  -0.110163  0.993398  -0.032018  0.132737  0.046630  0.990054  -0.000210  -0.000065  0.000189  0.000000  0.000000  0.000000  2.000000  
119.401433 0.008591  0.092409  -0.019926  0.985028  0.104823  -0.136866  -0.110165  0.993397  -0.032032  0.132604  0.046630  0.990072  -0.000217  -0.000038  0.000177  0.000000  0.000000  0.000000  2.000000  
119.402446 0.008591  0.092410  -0.019926  0.985005  0.105028  -0.136872  -0.110367  0.993375  -0.032004  0.132604  0.046630  0.990072  -0.000178  -0.000014  0.000161  0.000000  0.000000  0.000000  2.000000  
119.403456 0.008592  0.092411  -0.019925  0.985023  0.105034  -0.136741  -0.110369  0.993375  -0.032019  0.132472  0.046631  0.990089  -0.000114  0.000063  0.000153  0.000000  0.000000  0.000000  2.000000  
119.404692 0.008592  0.092411  -0.019925  0.985023  0.105051  -0.136728  -0.110369  0.993379  -0.031898  0.132472  0.046511  0.990095  -0.000082  0.000113  0.000125  0.000000  0.000000  0.000000  2.000000  
119.405939 0.008593  0.092412  -0.019925  0.985018  0.105261  -0.136603  -0.110574  0.993356  -0.031885  0.132339  0.046512  0.990113  -0.000040  0.000136  0.000104  0.000000  0.000000  0.000000  2.000000  
119.407187 0.008593  0.092413  -0.019925  0.985035  0.105267  -0.136471  -0.110576  0.993356  -0.031900  0.132206  0.046513  0.990130  0.000013  0.000237  0.000088  0.000000  0.000000  0.000000  2.000000  
119.408440 0.008594  0.092414  -0.019925  0.985053  0.105274  -0.136339  -0.110578  0.993355  -0.031915  0.132074  0.046514  0.990148  0.000095  0.000262  0.000097  0.000000  0.000000  0.000000  2.000000  
119.409687 0.008595  0.092415  -0.019925  0.985048  0.105484  -0.136214  -0.110783  0.993333  -0.031901  0.131941  0.046514  0.990166  0.000158  0.000338  0.000089  0.000000  0.000000  0.000000  2.000000  
119.410689 0.008595  0.092416  -0.019925  0.985065  0.105490  -0.136083  -0.110785  0.993332  -0.031916  0.131808  0.046515  0.990183  0.000221  0.000415  0.000082  0.000000  0.000000  0.000000  2.000000  
119.411936 0.008596  0.092416  -0.019925  0.985060  0.105701  -0.135958  -0.110990  0.993309  -0.031903  0.131676  0.046516  0.990201  0.000252  0.000441  0.000101  0.000000  0.000000  0.000000  2.000000  
119.412947 0.008597  0.092417  -0.019925  0.985077  0.105707  -0.135826  -0.110992  0.993309  -0.031918  0.131543  0.046517  0.990218  0.000361  0.000527  0.000124  0.000000  0.000000  0.000000  2.000000  
119.414184 0.008598  0.092418  -0.019924  0.985095  0.105714  -0.135694  -0.110994  0.993308  -0.031933  0.131411  0.046518  0.990236  0.000446  0.000554  0.000134  0.000000  0.000000  0.000000  2.000000  
119.415438 0.008599  0.092419  -0.019924  0.985107  0.105930  -0.135438  -0.111200  0.993285  -0.031934  0.131145  0.046519  0.990271  0.000551  0.000631  0.000155  0.000000  0.000000  0.000000  2.000000  
119.416685 0.008601  0.092420  -0.019924  0.985119  0.106147  -0.135181  -0.111407  0.993262  -0.031936  0.130880  0.046521  0.990306  0.000656  0.000696  0.000134  0.000000  0.000000  0.000000  2.000000  
119.417686 0.008602  0.092421  -0.019923  0.985136  0.106153  -0.135049  -0.111409  0.993261  -0.031951  0.130747  0.046522  0.990324  0.000709  0.000709  0.000165  0.000000  0.000000  0.000000  2.000000  
119.418938 0.008604  0.092422  -0.019923  0.985148  0.106370  -0.134792  -0.111616  0.993238  -0.031953  0.130482  0.046524  0.990359  0.000801  0.000774  0.000183  0.000000  0.000000  0.000000  2.000000  
119.420188 0.008606  0.092423  -0.019922  0.985183  0.106383  -0.134529  -0.111620  0.993236  -0.031983  0.130217  0.046525  0.990393  0.000893  0.000774  0.000201  0.000000  0.000000  0.000000  2.000000  
119.421188 0.008608  0.092425  -0.019921  0.985194  0.106599  -0.134272  -0.111826  0.993213  -0.031985  0.129951  0.046527  0.990428  0.000997  0.000829  0.000269  0.000000  0.000000  0.000000  2.000000  
119.422213 0.008609  0.092426  -0.019920  0.985229  0.106612  -0.134009  -0.111830  0.993211  -0.032015  0.129686  0.046528  0.990463  0.001085  0.000869  0.000322  0.000000  0.000000  0.000000  2.000000  
119.423442 0.008612  0.092428  -0.019919  0.985240  0.106829  -0.133752  -0.112037  0.993188  -0.032017  0.129421  0.046530  0.990497  0.001223  0.000930  0.000461  0.000000  0.000000  0.000000  2.000000  
119.424450 0.008614  0.092429  -0.019917  0.985274  0.106841  -0.133489  -0.112041  0.993187  -0.032047  0.129155  0.046532  0.990532  0.001296  0.000957  0.000510  0.000000  0.000000  0.000000  2.000000  
119.425687 0.008616  0.092431  -0.019916  0.985303  0.107064  -0.133100  -0.112250  0.993163  -0.032065  0.128757  0.046534  0.990584  0.001410  0.001000  0.000638  0.000000  0.000000  0.000000  2.000000  
119.426691 0.008618  0.092432  -0.019915  0.985314  0.107281  -0.132844  -0.112456  0.993139  -0.032068  0.128492  0.046536  0.990618  0.001528  0.001098  0.000710  0.000000  0.000000  0.000000  2.000000  
119.427940 0.008621  0.092434  -0.019913  0.985342  0.107504  -0.132455  -0.112665  0.993115  -0.032085  0.128094  0.046538  0.990670  0.001628  0.001164  0.000826  0.000000  0.000000  0.000000  2.000000  
119.429189 0.008624  0.092436  -0.019911  0.985393  0.107539  -0.132047  -0.112671  0.993117  -0.032010  0.127696  0.046420  0.990726  0.001761  0.001240  0.000910  0.018981  -0.166971  0.090328  2.000000  
119.430446 0.008628  0.092439  -0.019909  0.985420  0.107761  -0.131658  -0.112880  0.993092  -0.032028  0.127298  0.046423  0.990778  0.001916  0.001350  0.001058  0.019837  -0.175448  0.097505  2.000000  
119.431685 0.008631  0.092441  -0.019907  0.985465  0.107991  -0.131138  -0.113090  0.993067  -0.032062  0.126767  0.046426  0.990846  0.002010  0.001435  0.001122  0.020547  -0.191561  0.104371  2.000000  
119.432686 0.008634  0.092443  -0.019905  0.985475  0.108223  -0.130868  -0.113297  0.993048  -0.031944  0.126501  0.046307  0.990885  0.002145  0.001516  0.001210  0.024778  -0.197671  0.105450  2.000000  
119.433932 0.008638  0.092447  -0.019902  0.985519  0.108452  -0.130348  -0.113508  0.993022  -0.031978  0.125970  0.046311  0.990952  0.002301  0.001627  0.001358  0.021394  -0.213580  0.112220  2.000000  
119.434935 0.008642  0.092449  -0.019900  0.985569  0.108471  -0.129953  -0.113513  0.993020  -0.032024  0.125572  0.046313  0.991003  0.002414  0.001764  0.001473  0.021364  -0.222464  0.112627  2.000000  
119.435938 0.008645  0.092452  -0.019898  0.985596  0.108709  -0.129551  -0.113722  0.993000  -0.031922  0.125174  0.046195  0.991059  0.002508  0.001815  0.001537  0.025385  -0.235815  0.113231  2.000000  
119.436939 0.008649  0.092455  -0.019895  0.985622  0.108932  -0.129162  -0.113931  0.992975  -0.031941  0.124776  0.046197  0.991109  0.002663  0.001925  0.001685  0.026457  -0.246433  0.121448  2.000000  
119.438192 0.008653  0.092458  -0.019893  0.985665  0.109177  -0.128629  -0.114141  0.992954  -0.031855  0.124245  0.046080  0.991181  0.002803  0.002039  0.001774  0.031384  -0.259596  0.128922  2.000000  
