1-Time 2-Px 3-Py 4-Pz 5-R11 6-R21 7-R31 8-R12 9-R22 10-R32 11-R13 12-R23 13-R33 14-Vx 15-Vy 16-Vz 17-Wx 18-Wy 19-Wz 20-state 21-PR11 22-PR21 23-PR31 24-PR12 25-PR22 26-PR32 27-PR13 28-PR23 29-PR33 
22.812341 0.014330  0.096828  -0.026456  0.986051  0.147840  -0.076458  -0.145995  0.988854  0.029222  0.079926  -0.017652  0.996644  0.000002  0.000059  0.000098  0.000000  0.000000  0.000000  2.000000  
22.813345 0.014330  0.096828  -0.026455  0.986041  0.147843  -0.076590  -0.145993  0.988853  0.029241  0.080060  -0.017652  0.996634  -0.000017  0.000004  0.000084  0.000000  0.000000  0.000000  2.000000  
22.814348 0.014333  0.096829  -0.026455  0.985940  0.148456  -0.076704  -0.146600  0.988762  0.029308  0.080193  -0.017651  0.996623  0.000142  0.000063  0.000146  0.000000  0.000000  0.000000  2.000000  
22.815598 0.014337  0.096829  -0.026454  0.985808  0.149282  -0.076794  -0.147411  0.988635  0.029511  0.080326  -0.017772  0.996610  0.000431  0.000069  0.000197  0.000000  0.000000  0.000000  2.000000  
22.816844 0.014342  0.096829  -0.026453  0.985726  0.149703  -0.077027  -0.147813  0.988569  0.029702  0.080593  -0.017893  0.996586  0.000765  0.000076  0.000277  0.000000  0.000000  0.000000  2.000000  
22.817848 0.014346  0.096828  -0.026452  0.985654  0.150121  -0.077128  -0.148218  0.988503  0.029874  0.080726  -0.018013  0.996574  0.001082  0.000050  0.000249  0.000000  0.000000  0.000000  2.000000  
22.818848 0.014352  0.096828  -0.026452  0.985541  0.150737  -0.077374  -0.148823  0.988410  0.029961  0.080993  -0.018013  0.996552  0.001477  0.000056  0.000274  0.000000  0.000000  0.000000  2.000000  
22.819849 0.014358  0.096829  -0.026451  0.985386  0.151567  -0.077726  -0.149630  0.988281  0.030205  0.081393  -0.018133  0.996517  0.001889  0.000117  0.000312  0.000000  0.000000  0.000000  2.000000  
22.821098 0.014366  0.096830  -0.026450  0.985137  0.153008  -0.078059  -0.151045  0.988056  0.030497  0.081793  -0.018253  0.996482  0.002403  0.000154  0.000418  0.000000  0.000000  0.000000  2.000000  
22.822354 0.014374  0.096830  -0.026449  0.984917  0.154235  -0.078417  -0.152256  0.987866  0.030655  0.082193  -0.018253  0.996449  0.002956  0.000134  0.000454  0.043659  0.073068  0.187451  2.000000  
22.823598 0.014382  0.096832  -0.026450  0.984675  0.155673  -0.078617  -0.153672  0.987638  0.030929  0.082460  -0.018373  0.996425  0.003512  0.000247  0.000395  0.052279  0.076578  0.242722  2.000000  
22.824847 0.014391  0.096835  -0.026452  0.984452  0.156910  -0.078955  -0.154883  0.987440  0.031208  0.082860  -0.018494  0.996390  0.004122  0.000467  0.000278  0.059787  0.089308  0.284340  2.000000  
22.826093 0.014401  0.096838  -0.026453  0.984162  0.158553  -0.079279  -0.156499  0.987175  0.031520  0.083260  -0.018614  0.996354  0.004790  0.000663  0.000199  0.064370  0.101770  0.339779  2.000000  
22.827348 0.014412  0.096842  -0.026452  0.983870  0.160196  -0.079603  -0.158115  0.986907  0.031834  0.083660  -0.018734  0.996318  0.005556  0.000920  0.000237  0.073596  0.114083  0.401988  2.000000  
22.828355 0.014422  0.096845  -0.026453  0.983652  0.161429  -0.079807  -0.159326  0.986704  0.032094  0.083927  -0.018854  0.996294  0.006207  0.001143  0.000150  0.081112  0.122270  0.443426  2.000000  
22.829592 0.014436  0.096850  -0.026453  0.983377  0.162871  -0.080267  -0.160736  0.986465  0.032415  0.084460  -0.018974  0.996246  0.006927  0.001449  0.000057  0.089325  0.139393  0.492200  2.000000  
22.830844 0.014451  0.096855  -0.026452  0.983111  0.164309  -0.080595  -0.162148  0.986224  0.032715  0.084860  -0.019095  0.996210  0.007623  0.001759  0.000049  0.097486  0.151952  0.540668  2.000000  
22.832089 0.014466  0.096857  -0.026450  0.982831  0.165750  -0.081053  -0.163557  0.985981  0.033039  0.085393  -0.019215  0.996162  0.008229  0.001905  0.000165  0.104889  0.167695  0.584663  2.000000  
22.833094 0.014479  0.096858  -0.026448  0.982595  0.166986  -0.081387  -0.164765  0.985770  0.033324  0.085793  -0.019335  0.996125  0.008771  0.001968  0.000249  0.113930  0.181581  0.637800  2.000000  
22.834099 0.014494  0.096858  -0.026447  0.982322  0.168424  -0.081712  -0.166175  0.985523  0.033628  0.086193  -0.019455  0.996088  0.009364  0.002005  0.000265  0.122118  0.194069  0.686078  2.000000  
22.835346 0.014511  0.096859  -0.026444  0.982013  0.170064  -0.082030  -0.167787  0.985239  0.033949  0.086593  -0.019575  0.996051  0.009997  0.001933  0.000410  0.130971  0.206531  0.741633  2.000000  
22.836347 0.014526  0.096858  -0.026441  0.981771  0.171299  -0.082362  -0.168994  0.985022  0.034238  0.086993  -0.019695  0.996014  0.010623  0.001895  0.000581  0.138642  0.219167  0.783131  2.000000  
22.837592 0.014543  0.096855  -0.026438  0.981491  0.172726  -0.082706  -0.170402  0.984773  0.034425  0.087393  -0.019694  0.995979  0.011210  0.001662  0.000751  0.143464  0.231672  0.838695  2.000000  
22.838596 0.014559  0.096853  -0.026435  0.981281  0.173757  -0.083043  -0.171407  0.984589  0.034698  0.087793  -0.019815  0.995942  0.011788  0.001407  0.000996  0.150531  0.248921  0.873379  2.000000  
22.839842 0.014579  0.096849  -0.026433  0.980998  0.175184  -0.083387  -0.172814  0.984336  0.034887  0.088192  -0.019814  0.995906  0.012517  0.000964  0.001242  0.154807  0.261553  0.922047  2.000000  
22.840848 0.014594  0.096847  -0.026431  0.980796  0.176212  -0.083592  -0.173820  0.984150  0.035139  0.088459  -0.019934  0.995880  0.013120  0.000633  0.001430  0.161861  0.269744  0.956351  2.000000  
22.842090 0.014614  0.096844  -0.026429  0.980558  0.177433  -0.083811  -0.175027  0.983931  0.035289  0.088725  -0.019934  0.995857  0.013693  0.000174  0.001561  0.161496  0.278036  0.998388  2.000000  
22.843093 0.014630  0.096842  -0.026427  0.980390  0.178249  -0.084044  -0.175830  0.983784  0.035405  0.088992  -0.019933  0.995833  0.014088  -0.000172  0.001772  0.164039  0.282020  1.026064  2.000000  
22.844095 0.014647  0.096841  -0.026425  0.980221  0.179064  -0.084277  -0.176634  0.983636  0.035522  0.089259  -0.019933  0.995809  0.014436  -0.000547  0.001959  0.163965  0.288321  1.031313  2.000000  
22.845095 0.014663  0.096840  -0.026423  0.980064  0.179887  -0.084357  -0.177439  0.983483  0.035734  0.089392  -0.020053  0.995795  0.014754  -0.000855  0.002049  0.165520  0.286069  1.039720  2.000000  
22.846347 0.014683  0.096837  -0.026420  0.979894  0.180702  -0.084590  -0.178241  0.983333  0.035851  0.089658  -0.020053  0.995771  0.015150  -0.001309  0.002092  0.162237  0.290366  1.046684  2.000000  
22.847348 0.014698  0.096834  -0.026418  0.979735  0.181514  -0.084691  -0.179046  0.983184  0.035945  0.089792  -0.020053  0.995759  0.015281  -0.001584  0.002129  0.162816  0.287625  1.058710  2.000000  
22.848355 0.014713  0.096831  -0.026416  0.979612  0.182124  -0.084800  -0.179649  0.983071  0.036021  0.089925  -0.020052  0.995747  0.015373  -0.001885  0.002187  0.159579  0.282986  1.065517  2.000000  
22.849592 0.014731  0.096825  -0.026412  0.979489  0.182723  -0.084931  -0.180252  0.982962  0.035978  0.090058  -0.019931  0.995737  0.015388  -0.002295  0.002244  0.150592  0.274315  1.051593  2.000000  
22.850598 0.014744  0.096820  -0.026409  0.979366  0.183333  -0.085040  -0.180854  0.982849  0.036055  0.090191  -0.019931  0.995725  0.015286  -0.002632  0.002307  0.145665  0.268057  1.032537  2.000000  
22.851854 0.014760  0.096812  -0.026405  0.979242  0.183943  -0.085149  -0.181457  0.982735  0.036132  0.090325  -0.019931  0.995713  0.015173  -0.003020  0.002325  0.144133  0.259431  1.011540  2.000000  
22.853093 0.014776  0.096804  -0.026399  0.979118  0.184542  -0.085280  -0.182060  0.982625  0.036089  0.090458  -0.019810  0.995703  0.014972  -0.003318  0.002501  0.133909  0.253161  0.989680  2.000000  
22.854094 0.014788  0.096798  -0.026395  0.979031  0.184939  -0.085418  -0.182460  0.982553  0.036030  0.090591  -0.019689  0.995694  0.014739  -0.003542  0.002650  0.124235  0.249094  0.969059  2.000000  
22.855341 0.014802  0.096790  -0.026389  0.978944  0.185346  -0.085534  -0.182861  0.982476  0.036089  0.090724  -0.019689  0.995681  0.014397  -0.003856  0.002866  0.121535  0.240877  0.934858  2.000000  
22.856347 0.014813  0.096785  -0.026385  0.978906  0.185538  -0.085549  -0.183063  0.982442  0.035988  0.090724  -0.019568  0.995684  0.014085  -0.004084  0.003075  0.110585  0.232612  0.900486  2.000000  
22.857591 0.014827  0.096777  -0.026380  0.978819  0.185934  -0.085688  -0.183464  0.982370  0.035928  0.090858  -0.019447  0.995674  0.013675  -0.004396  0.003183  0.099117  0.224421  0.859050  2.000000  
22.858597 0.014837  0.096771  -0.026376  0.978743  0.186328  -0.085696  -0.183867  0.982297  0.035845  0.090858  -0.019326  0.995676  0.013222  -0.004748  0.003352  0.088364  0.209051  0.824296  2.000000  
22.859841 0.014849  0.096765  -0.026372  0.978667  0.186723  -0.085704  -0.184270  0.982225  0.035761  0.090858  -0.019205  0.995679  0.012623  -0.005084  0.003473  0.077931  0.194404  0.796963  2.000000  
22.860842 0.014858  0.096759  -0.026369  0.978629  0.186914  -0.085719  -0.184471  0.982191  0.035659  0.090858  -0.019084  0.995681  0.012134  -0.005334  0.003528  0.066929  0.186124  0.762536  2.000000  
22.862093 0.014868  0.096752  -0.026364  0.978591  0.187106  -0.085734  -0.184673  0.982157  0.035558  0.090858  -0.018964  0.995683  0.011587  -0.005490  0.003614  0.055321  0.166132  0.720252  2.000000  
22.863094 0.014875  0.096747  -0.026361  0.978553  0.187298  -0.085750  -0.184874  0.982122  0.035456  0.090858  -0.018843  0.995686  0.010990  -0.005704  0.003716  0.039514  0.157880  0.678681  2.000000  
22.864344 0.014883  0.096739  -0.026357  0.978515  0.187490  -0.085765  -0.185076  0.982088  0.035355  0.090858  -0.018722  0.995688  0.010367  -0.005852  0.003736  0.027299  0.141081  0.631234  2.000000  
22.865345 0.014889  0.096731  -0.026353  0.978477  0.187681  -0.085781  -0.185277  0.982054  0.035253  0.090858  -0.018601  0.995690  0.009873  -0.005965  0.003782  0.020627  0.131295  0.597310  2.000000  
22.866353 0.014894  0.096724  -0.026350  0.978439  0.187873  -0.085796  -0.185478  0.982019  0.035152  0.090858  -0.018481  0.995692  0.009252  -0.006073  0.003751  0.008492  0.115290  0.553501  2.000000  
22.867355 0.014898  0.096717  -0.026346  0.978439  0.187863  -0.085819  -0.185478  0.982024  0.035033  0.090858  -0.018360  0.995695  0.008679  -0.006134  0.003750  0.001407  0.106986  0.518843  2.000000  
22.868358 0.014902  0.096710  -0.026342  0.978401  0.188055  -0.085835  -0.185680  0.981989  0.034931  0.090858  -0.018239  0.995697  0.008154  -0.006168  0.003686  -0.008459  0.097619  0.494087  2.000000  
22.869594 0.014908  0.096703  -0.026337  0.978362  0.188246  -0.085850  -0.185881  0.981955  0.034830  0.090858  -0.018118  0.995699  0.007614  -0.006155  0.003682  -0.016810  0.081394  0.449596  2.000000  
22.870849 0.014914  0.096695  -0.026332  0.978362  0.188236  -0.085873  -0.185881  0.981959  0.034711  0.090858  -0.017998  0.995701  0.006997  -0.006157  0.003679  -0.028622  0.073179  0.408017  2.000000  
22.872114 0.014921  0.096688  -0.026326  0.978324  0.188428  -0.085889  -0.186083  0.981924  0.034609  0.090858  -0.017877  0.995703  0.006552  -0.006096  0.003720  -0.035720  0.060362  0.373246  2.000000  
22.873347 0.014927  0.096682  -0.026319  0.978324  0.188407  -0.085934  -0.186083  0.981933  0.034371  0.090858  -0.017635  0.995708  0.006186  -0.006030  0.003866  -0.046946  0.052080  0.338707  2.000000  
22.874356 0.014933  0.096678  -0.026315  0.978324  0.188407  -0.085934  -0.186083  0.981933  0.034371  0.090858  -0.017635  0.995708  0.005814  -0.005987  0.003902  -0.049377  0.043592  0.310860  2.000000  
22.875599 0.014940  0.096672  -0.026309  0.978324  0.188396  -0.085957  -0.186083  0.981937  0.034252  0.090858  -0.017514  0.995710  0.005552  -0.005904  0.004019  -0.060641  0.039757  0.276403  2.000000  
22.876843 0.014948  0.096666  -0.026303  0.978298  0.188575  -0.085865  -0.186286  0.981907  0.034007  0.090724  -0.017273  0.995726  0.005407  -0.005849  0.004118  -0.069509  0.026367  0.260438  2.000000  
22.878091 0.014956  0.096660  -0.026297  0.978298  0.188565  -0.085888  -0.186286  0.981911  0.033887  0.090724  -0.017152  0.995728  0.005380  -0.005745  0.004238  -0.077263  0.022743  0.228002  2.000000  
22.879345 0.014964  0.096655  -0.026292  0.978298  0.188555  -0.085911  -0.186286  0.981915  0.033768  0.090724  -0.017032  0.995730  0.005404  -0.005534  0.004368  -0.079079  0.018644  0.207110  2.000000  
22.880592 0.014973  0.096649  -0.026286  0.978336  0.188352  -0.085918  -0.186085  0.981954  0.033751  0.090724  -0.017032  0.995730  0.005549  -0.005357  0.004410  -0.080915  0.014542  0.178028  2.000000  
22.881596 0.014980  0.096645  -0.026282  0.978336  0.188342  -0.085941  -0.186085  0.981958  0.033632  0.090724  -0.016911  0.995732  0.005741  -0.005141  0.004460  0.000000  0.000000  0.000000  2.000000  
22.882842 0.014990  0.096639  -0.026276  0.978348  0.188329  -0.085833  -0.186087  0.981962  0.033488  0.090591  -0.016790  0.995747  0.006027  -0.004969  0.004505  0.000000  0.000000  0.000000  2.000000  
22.883848 0.014999  0.096635  -0.026272  0.978386  0.188127  -0.085840  -0.185886  0.982001  0.033470  0.090591  -0.016790  0.995747  0.006337  -0.004773  0.004583  0.000000  0.000000  0.000000  2.000000  
22.885094 0.015011  0.096631  -0.026265  0.978386  0.188127  -0.085840  -0.185886  0.982001  0.033470  0.090591  -0.016790  0.995747  0.006737  -0.004494  0.004667  0.000000  0.000000  0.000000  2.000000  
22.886350 0.015024  0.096628  -0.026259  0.978425  0.187925  -0.085846  -0.185684  0.982040  0.033452  0.090591  -0.016790  0.995747  0.007162  -0.004266  0.004717  0.000000  0.000000  0.000000  2.000000  
22.887592 0.015038  0.096626  -0.026250  0.978463  0.187723  -0.085853  -0.185483  0.982079  0.033435  0.090591  -0.016790  0.995747  0.007646  -0.003993  0.004863  0.000000  0.000000  0.000000  2.000000  
22.888596 0.015050  0.096624  -0.026244  0.978463  0.187723  -0.085853  -0.185483  0.982079  0.033435  0.090591  -0.016790  0.995747  0.008093  -0.003808  0.004973  0.000000  0.000000  0.000000  2.000000  
22.889846 0.015065  0.096623  -0.026236  0.978501  0.187521  -0.085860  -0.185281  0.982117  0.033417  0.090591  -0.016790  0.995747  0.008654  -0.003491  0.005168  0.000000  0.000000  0.000000  2.000000  
22.891094 0.015081  0.096622  -0.026227  0.978539  0.187318  -0.085867  -0.185080  0.982156  0.033399  0.090591  -0.016790  0.995747  0.009155  -0.003229  0.005335  0.000000  0.000000  0.000000  2.000000  
22.892340 0.015098  0.096621  -0.026218  0.978539  0.187318  -0.085867  -0.185080  0.982156  0.033399  0.090591  -0.016790  0.995747  0.009728  -0.002863  0.005543  0.000000  0.000000  0.000000  2.000000  
22.893344 0.015111  0.096621  -0.026210  0.978577  0.187116  -0.085874  -0.184879  0.982194  0.033382  0.090591  -0.016790  0.995747  0.010202  -0.002582  0.005728  0.000000  0.000000  0.000000  2.000000  
22.894348 0.015124  0.096621  -0.026202  0.978615  0.186914  -0.085881  -0.184677  0.982233  0.033364  0.090591  -0.016790  0.995747  0.010706  -0.002254  0.005963  0.000000  0.000000  0.000000  2.000000  
22.895593 0.015142  0.096621  -0.026193  0.978615  0.186904  -0.085903  -0.184677  0.982237  0.033245  0.090591  -0.016669  0.995749  0.011302  -0.001848  0.006282  0.000000  0.000000  0.000000  2.000000  
22.896861 0.015159  0.096621  -0.026183  0.978653  0.186712  -0.085888  -0.184476  0.982271  0.033346  0.090591  -0.016790  0.995747  0.011853  -0.001470  0.006571  0.000000  0.000000  0.000000  2.000000  
22.898095 0.015177  0.096622  -0.026172  0.978691  0.186510  -0.085895  -0.184274  0.982310  0.033328  0.090591  -0.016790  0.995747  0.012380  -0.001009  0.006892  0.000000  0.000000  0.000000  2.000000  
22.899340 0.015196  0.096624  -0.026161  0.978691  0.186520  -0.085872  -0.184274  0.982306  0.033448  0.090591  -0.016911  0.995745  0.012831  -0.000644  0.007186  0.000000  0.000000  0.000000  2.000000  
22.900350 0.015211  0.096625  -0.026153  0.978729  0.186318  -0.085879  -0.184073  0.982344  0.033430  0.090591  -0.016911  0.995745  0.013229  -0.000285  0.007441  0.000000  0.000000  0.000000  2.000000  
22.901599 0.015230  0.096628  -0.026142  0.978729  0.186328  -0.085856  -0.184073  0.982340  0.033549  0.090591  -0.017032  0.995743  0.013627  0.000033  0.007673  0.000000  0.000000  0.000000  2.000000  
22.902848 0.015249  0.096630  -0.026131  0.978729  0.186339  -0.085834  -0.184073  0.982336  0.033668  0.090591  -0.017153  0.995740  0.013945  0.000348  0.007850  0.000000  0.000000  0.000000  2.000000  
22.904094 0.015268  0.096633  -0.026121  0.978755  0.186149  -0.085949  -0.183869  0.982370  0.033794  0.090724  -0.017273  0.995726  0.014169  0.000631  0.007991  0.000000  0.000000  0.000000  2.000000  
22.905095 0.015283  0.096635  -0.026112  0.978755  0.186149  -0.085949  -0.183869  0.982370  0.033794  0.090724  -0.017273  0.995726  0.014356  0.000865  0.008143  0.000000  0.000000  0.000000  2.000000  
22.906356 0.015302  0.096637  -0.026101  0.978755  0.186160  -0.085926  -0.183869  0.982366  0.033914  0.090724  -0.017394  0.995724  0.014501  0.001092  0.008252  0.000000  0.000000  0.000000  2.000000  
22.907594 0.015320  0.096640  -0.026090  0.978755  0.186170  -0.085904  -0.183869  0.982361  0.034033  0.090724  -0.017515  0.995722  0.014634  0.001295  0.008398  0.000000  0.000000  0.000000  2.000000  
22.908596 0.015334  0.096642  -0.026082  0.978793  0.185978  -0.085888  -0.183667  0.982396  0.034134  0.090724  -0.017635  0.995720  0.014707  0.001437  0.008452  0.000000  0.000000  0.000000  2.000000  
22.909841 0.015352  0.096645  -0.026070  0.978781  0.185980  -0.086019  -0.183665  0.982395  0.034159  0.090858  -0.017635  0.995708  0.014754  0.001646  0.008565  0.000000  0.000000  0.000000  2.000000  
22.910845 0.015366  0.096647  -0.026061  0.978781  0.185991  -0.085997  -0.183665  0.982391  0.034278  0.090858  -0.017756  0.995706  0.014752  0.001780  0.008641  0.000000  0.000000  0.000000  2.000000  
22.912092 0.015383  0.096650  -0.026050  0.978781  0.186001  -0.085974  -0.183665  0.982387  0.034397  0.090858  -0.017877  0.995703  0.014698  0.001901  0.008729  0.000000  0.000000  0.000000  2.000000  
22.913094 0.015398  0.096652  -0.026041  0.978781  0.186001  -0.085974  -0.183665  0.982387  0.034397  0.090858  -0.017877  0.995703  0.014683  0.002012  0.008771  0.000000  0.000000  0.000000  2.000000  
22.914342 0.015415  0.096655  -0.026030  0.978769  0.186014  -0.086082  -0.183663  0.982382  0.034541  0.090991  -0.017997  0.995689  0.014632  0.002094  0.008767  0.000000  0.000000  0.000000  2.000000  
22.915598 0.015432  0.096658  -0.026019  0.978769  0.186025  -0.086060  -0.183663  0.982378  0.034660  0.090991  -0.018118  0.995687  0.014439  0.002178  0.008785  0.000000  0.000000  0.000000  2.000000  
22.916845 0.015448  0.096661  -0.026009  0.978807  0.185833  -0.086044  -0.183461  0.982412  0.034761  0.090991  -0.018239  0.995685  0.014290  0.002205  0.008801  0.000000  0.000000  0.000000  2.000000  
22.918094 0.015464  0.096662  -0.025999  0.978795  0.185846  -0.086153  -0.183459  0.982407  0.034905  0.091124  -0.018359  0.995670  0.014064  0.002147  0.008728  0.000000  0.000000  0.000000  2.000000  
22.919095 0.015477  0.096664  -0.025991  0.978795  0.185846  -0.086153  -0.183459  0.982407  0.034905  0.091124  -0.018359  0.995670  0.013898  0.002090  0.008712  0.000000  0.000000  0.000000  2.000000  
22.920347 0.015492  0.096665  -0.025981  0.978783  0.185858  -0.086261  -0.183457  0.982403  0.035049  0.091257  -0.018480  0.995656  0.013627  0.001970  0.008576  0.000000  0.000000  0.000000  2.000000  
22.921594 0.015506  0.096666  -0.025971  0.978783  0.185869  -0.086239  -0.183457  0.982398  0.035168  0.091257  -0.018601  0.995654  0.013347  0.001856  0.008530  0.000000  0.000000  0.000000  2.000000  
22.922845 0.015520  0.096666  -0.025962  0.978820  0.185677  -0.086223  -0.183255  0.982432  0.035269  0.091257  -0.018721  0.995651  0.013068  0.001718  0.008445  0.000000  0.000000  0.000000  2.000000  
22.923845 0.015530  0.096666  -0.025955  0.978808  0.185690  -0.086332  -0.183253  0.982428  0.035413  0.091391  -0.018842  0.995637  0.012823  0.001564  0.008315  0.000000  0.000000  0.000000  2.000000  
22.925093 0.015543  0.096665  -0.025946  0.978846  0.185498  -0.086317  -0.183052  0.982462  0.035514  0.091391  -0.018963  0.995635  0.012492  0.001303  0.008132  0.000000  0.000000  0.000000  2.000000  
22.926095 0.015554  0.096665  -0.025939  0.978846  0.185498  -0.086317  -0.183052  0.982462  0.035514  0.091391  -0.018963  0.995635  0.012261  0.001184  0.008022  0.000000  0.000000  0.000000  2.000000  
22.927097 0.015564  0.096664  -0.025932  0.978846  0.185509  -0.086294  -0.183052  0.982457  0.035634  0.091391  -0.019084  0.995632  0.012010  0.000951  0.007846  0.000000  0.000000  0.000000  2.000000  
22.928355 0.015577  0.096664  -0.025923  0.978872  0.185309  -0.086432  -0.182848  0.982495  0.035640  0.091524  -0.019083  0.995620  0.011674  0.000747  0.007711  0.000000  0.000000  0.000000  2.000000  
22.929595 0.015589  0.096664  -0.025914  0.978872  0.185319  -0.086410  -0.182848  0.982491  0.035759  0.091524  -0.019204  0.995618  0.011348  0.000486  0.007532  0.000000  0.000000  0.000000  2.000000  
22.930840 0.015601  0.096663  -0.025905  0.978897  0.185120  -0.086548  -0.182644  0.982528  0.035766  0.091657  -0.019204  0.995605  0.011093  0.000290  0.007504  0.000000  0.000000  0.000000  2.000000  
22.931842 0.015611  0.096662  -0.025897  0.978897  0.185130  -0.086526  -0.182644  0.982524  0.035885  0.091657  -0.019325  0.995603  0.010887  0.000122  0.007456  0.000000  0.000000  0.000000  2.000000  
22.933095 0.015623  0.096661  -0.025888  0.978923  0.184930  -0.086664  -0.182440  0.982562  0.035892  0.091790  -0.019324  0.995591  0.010587  -0.000114  0.007344  0.000000  0.000000  0.000000  2.000000  
22.934097 0.015632  0.096660  -0.025881  0.978923  0.184930  -0.086664  -0.182440  0.982562  0.035892  0.091790  -0.019324  0.995591  0.010329  -0.000312  0.007311  0.000000  0.000000  0.000000  2.000000  
22.935346 0.015643  0.096658  -0.025872  0.978960  0.184739  -0.086649  -0.182239  0.982595  0.035993  0.091790  -0.019445  0.995588  0.010076  -0.000468  0.007277  0.000000  0.000000  0.000000  2.000000  
22.936348 0.015651  0.096656  -0.025865  0.978948  0.184741  -0.086780  -0.182237  0.982595  0.036018  0.091924  -0.019445  0.995576  0.009859  -0.000653  0.007229  0.000000  0.000000  0.000000  2.000000  
22.937594 0.015662  0.096654  -0.025855  0.978948  0.184741  -0.086780  -0.182237  0.982595  0.036018  0.091924  -0.019445  0.995576  0.009647  -0.000775  0.007219  0.000000  0.000000  0.000000  2.000000  
22.938597 0.015670  0.096652  -0.025848  0.978948  0.184752  -0.086758  -0.182237  0.982590  0.036137  0.091924  -0.019566  0.995574  0.009460  -0.000962  0.007244  0.000000  0.000000  0.000000  2.000000  
22.939844 0.015681  0.096650  -0.025839  0.978986  0.184549  -0.086765  -0.182035  0.982628  0.036119  0.091924  -0.019566  0.995574  0.009293  -0.001053  0.007213  0.000000  0.000000  0.000000  2.000000  
22.940845 0.015689  0.096648  -0.025832  0.978974  0.184552  -0.086896  -0.182033  0.982628  0.036143  0.092057  -0.019565  0.995562  0.009161  -0.001161  0.007233  0.000000  0.000000  0.000000  2.000000  
22.941846 0.015697  0.096647  -0.025825  0.978974  0.184552  -0.086896  -0.182033  0.982628  0.036143  0.092057  -0.019565  0.995562  0.009024  -0.001189  0.007238  0.000000  0.000000  0.000000  2.000000  
22.943090 0.015709  0.096645  -0.025816  0.978974  0.184552  -0.086896  -0.182033  0.982628  0.036143  0.092057  -0.019565  0.995562  0.008961  -0.001275  0.007225  0.000000  0.000000  0.000000  2.000000  
22.944347 0.015720  0.096644  -0.025807  0.978974  0.184563  -0.086874  -0.182033  0.982624  0.036262  0.092057  -0.019686  0.995559  0.008851  -0.001357  0.007265  0.000000  0.000000  0.000000  2.000000  
22.945592 0.015731  0.096642  -0.025798  0.978936  0.184765  -0.086866  -0.182234  0.982586  0.036280  0.092057  -0.019686  0.995559  0.008809  -0.001384  0.007265  0.000000  0.000000  0.000000  2.000000  
22.946842 0.015743  0.096642  -0.025789  0.978936  0.184765  -0.086866  -0.182234  0.982586  0.036280  0.092057  -0.019686  0.995559  0.008774  -0.001388  0.007194  0.000000  0.000000  0.000000  2.000000  
22.948095 0.015754  0.096641  -0.025780  0.978899  0.184967  -0.086859  -0.182436  0.982548  0.036298  0.092057  -0.019686  0.995559  0.008754  -0.001359  0.007230  0.000000  0.000000  0.000000  2.000000  
22.949345 0.015766  0.096640  -0.025771  0.978861  0.185169  -0.086851  -0.182637  0.982509  0.036316  0.092057  -0.019686  0.995559  0.008799  -0.001334  0.007215  0.000000  0.000000  0.000000  2.000000  
22.950353 0.015775  0.096639  -0.025763  0.978861  0.185169  -0.086851  -0.182637  0.982509  0.036316  0.092057  -0.019686  0.995559  0.008854  -0.001249  0.007225  0.000000  0.000000  0.000000  2.000000  
22.951597 0.015787  0.096638  -0.025754  0.978824  0.185372  -0.086844  -0.182839  0.982471  0.036334  0.092057  -0.019686  0.995559  0.008916  -0.001194  0.007252  0.000000  0.000000  0.000000  2.000000  
22.952844 0.015799  0.096638  -0.025745  0.978798  0.185571  -0.086705  -0.183043  0.982434  0.036327  0.091924  -0.019686  0.995571  0.008995  -0.001056  0.007262  0.000000  0.000000  0.000000  2.000000  
22.953846 0.015809  0.096638  -0.025736  0.978760  0.185774  -0.086698  -0.183244  0.982395  0.036345  0.091924  -0.019686  0.995571  0.009108  -0.000914  0.007344  0.000000  0.000000  0.000000  2.000000  
22.955095 0.015821  0.096638  -0.025727  0.978685  0.186178  -0.086683  -0.183647  0.982319  0.036381  0.091924  -0.019686  0.995571  0.009234  -0.000739  0.007355  0.000000  0.000000  0.000000  2.000000  
22.956346 0.015834  0.096639  -0.025717  0.978659  0.186378  -0.086544  -0.183851  0.982281  0.036374  0.091790  -0.019687  0.995584  0.009409  -0.000552  0.007417  0.000000  0.000000  0.000000  2.000000  
22.957594 0.015848  0.096641  -0.025707  0.978583  0.186782  -0.086529  -0.184254  0.982204  0.036410  0.091790  -0.019687  0.995584  0.009581  -0.000328  0.007493  0.000000  0.000000  0.000000  2.000000  
22.958596 0.015859  0.096643  -0.025700  0.978507  0.187187  -0.086514  -0.184657  0.982127  0.036445  0.091790  -0.019687  0.995584  0.009722  -0.000132  0.007546  0.000000  0.000000  0.000000  2.000000  
22.959844 0.015872  0.096645  -0.025690  0.978443  0.187588  -0.086369  -0.185062  0.982050  0.036456  0.091657  -0.019687  0.995596  0.009881  0.000114  0.007578  0.000000  0.000000  0.000000  2.000000  
22.960848 0.015883  0.096647  -0.025682  0.978417  0.187788  -0.086230  -0.185266  0.982012  0.036449  0.091524  -0.019687  0.995608  0.009996  0.000368  0.007614  0.000000  0.000000  0.000000  2.000000  
22.962094 0.015897  0.096650  -0.025673  0.978303  0.188394  -0.086208  -0.185870  0.981896  0.036503  0.091524  -0.019687  0.995608  0.010178  0.000620  0.007599  0.000000  0.000000  0.000000  2.000000  
22.963345 0.015912  0.096654  -0.025663  0.978238  0.188796  -0.086062  -0.186275  0.981819  0.036513  0.091391  -0.019687  0.995620  0.010351  0.000869  0.007668  0.000000  0.000000  0.000000  2.000000  
22.964592 0.015926  0.096657  -0.025654  0.978135  0.189400  -0.085908  -0.186881  0.981703  0.036541  0.091257  -0.019688  0.995633  0.010500  0.001146  0.007681  0.000000  0.000000  0.000000  2.000000  
22.965598 0.015937  0.096659  -0.025646  0.978070  0.189801  -0.085762  -0.187286  0.981625  0.036552  0.091124  -0.019688  0.995645  0.010670  0.001413  0.007713  0.023976  -0.025867  0.171795  2.000000  
22.966843 0.015952  0.096664  -0.025636  0.977966  0.190415  -0.085586  -0.187893  0.981504  0.036698  0.090991  -0.019809  0.995655  0.010829  0.001757  0.007730  0.029705  -0.034988  0.190704  2.000000  
22.967848 0.015963  0.096668  -0.025628  0.977900  0.190817  -0.085440  -0.188298  0.981426  0.036709  0.090858  -0.019809  0.995667  0.010989  0.002062  0.007752  0.031200  -0.040041  0.205955  2.000000  
22.968850 0.015975  0.096672  -0.025620  0.977784  0.191423  -0.085417  -0.188902  0.981308  0.036761  0.090858  -0.019809  0.995667  0.011075  0.002288  0.007768  0.029019  -0.040461  0.226607  2.000000  
22.970095 0.015990  0.096677  -0.025610  0.977691  0.192034  -0.085110  -0.189510  0.981186  0.036882  0.090591  -0.019930  0.995689  0.011262  0.002603  0.007856  0.035593  -0.050015  0.253999  2.000000  
22.971347 0.016004  0.096683  -0.025599  0.977585  0.192638  -0.084956  -0.190116  0.981068  0.036909  0.090458  -0.019931  0.995701  0.011351  0.002913  0.007877  0.037488  -0.059419  0.274498  2.000000  
22.972593 0.016020  0.096689  -0.025588  0.977440  0.193453  -0.084772  -0.190923  0.980905  0.037073  0.090325  -0.020052  0.995710  0.011480  0.003263  0.007926  0.043709  -0.063951  0.299484  2.000000  
22.973595 0.016032  0.096695  -0.025579  0.977374  0.193854  -0.084625  -0.191328  0.980825  0.037082  0.090191  -0.020052  0.995723  0.011547  0.003490  0.008028  0.040897  -0.068703  0.313067  2.000000  
22.974595 0.016044  0.096701  -0.025570  0.977279  0.194465  -0.084318  -0.191936  0.980702  0.037202  0.089925  -0.020173  0.995744  0.011660  0.003829  0.008113  0.046527  -0.078555  0.329239  2.000000  
22.975841 0.016059  0.096709  -0.025559  0.977172  0.195068  -0.084164  -0.192542  0.980582  0.037228  0.089792  -0.020173  0.995756  0.011751  0.004113  0.008233  0.048404  -0.083485  0.349904  2.000000  
22.976841 0.016072  0.096715  -0.025550  0.977076  0.195678  -0.083856  -0.193150  0.980458  0.037348  0.089525  -0.020295  0.995778  0.011828  0.004409  0.008392  0.053861  -0.092130  0.367267  2.000000  
22.977841 0.016084  0.096722  -0.025540  0.976969  0.196281  -0.083702  -0.193756  0.980338  0.037373  0.089392  -0.020295  0.995790  0.011867  0.004695  0.008476  0.055550  -0.097687  0.384083  2.000000  
22.978843 0.016096  0.096729  -0.025531  0.976872  0.196892  -0.083394  -0.194364  0.980213  0.037492  0.089125  -0.020416  0.995811  0.011906  0.004986  0.008609  0.060940  -0.106221  0.401177  2.000000  
22.979844 0.016108  0.096736  -0.025521  0.976775  0.197492  -0.083109  -0.194972  0.980092  0.037491  0.088859  -0.020417  0.995835  0.011953  0.005220  0.008692  0.062644  -0.116374  0.418115  2.000000  
22.980846 0.016120  0.096743  -0.025511  0.976678  0.198102  -0.082801  -0.195580  0.979966  0.037609  0.088592  -0.020538  0.995856  0.012010  0.005564  0.008892  0.067360  -0.124643  0.428183  2.000000  
22.982090 0.016135  0.096752  -0.025499  0.976551  0.198910  -0.082354  -0.196391  0.979800  0.037717  0.088192  -0.020659  0.995889  0.012048  0.005824  0.009016  0.073158  -0.134031  0.448598  2.000000  
22.983095 0.016147  0.096760  -0.025489  0.976412  0.199712  -0.082061  -0.197200  0.979637  0.037732  0.087926  -0.020660  0.995913  0.012092  0.006151  0.009163  0.075559  -0.144534  0.472747  2.000000  
22.984097 0.016160  0.096769  -0.025478  0.976325  0.200318  -0.081622  -0.197810  0.979510  0.037823  0.087526  -0.020782  0.995945  0.012140  0.006468  0.009351  0.080803  -0.158371  0.486372  2.000000  
22.985347 0.016175  0.096780  -0.025465  0.976155  0.201328  -0.081167  -0.198822  0.979301  0.037946  0.087126  -0.020903  0.995978  0.012181  0.006817  0.009536  0.086510  -0.170970  0.509242  2.000000  
22.986595 0.016190  0.096791  -0.025452  0.976025  0.202136  -0.080719  -0.199633  0.979132  0.038051  0.086726  -0.021025  0.996010  0.012173  0.007110  0.009670  0.091640  -0.180197  0.522724  2.000000  
22.987845 0.016205  0.096802  -0.025438  0.975895  0.202954  -0.080247  -0.200443  0.978957  0.038275  0.086326  -0.021267  0.996040  0.012172  0.007429  0.009843  0.101684  -0.195536  0.540578  2.000000  
22.989095 0.016221  0.096814  -0.025424  0.975722  0.203963  -0.079791  -0.201455  0.978745  0.038395  0.085926  -0.021389  0.996072  0.012191  0.007719  0.010087  0.107479  -0.205026  0.561172  2.000000  
22.990350 0.016236  0.096826  -0.025409  0.975559  0.204968  -0.079205  -0.202468  0.978532  0.038487  0.085393  -0.021510  0.996115  0.012165  0.008076  0.010299  0.113049  -0.222033  0.584200  2.000000  
22.991591 0.016251  0.096839  -0.025394  0.975436  0.205772  -0.078626  -0.203281  0.978361  0.038563  0.084860  -0.021632  0.996158  0.012187  0.008358  0.010539  0.117347  -0.235287  0.589970  2.000000  
22.992595 0.016263  0.096849  -0.025382  0.975302  0.206588  -0.078153  -0.204091  0.978183  0.038783  0.084460  -0.021875  0.996187  0.012114  0.008641  0.010724  0.127521  -0.246572  0.608399  2.000000  
22.993844 0.016278  0.096863  -0.025367  0.975177  0.207392  -0.077574  -0.204903  0.978011  0.038856  0.083927  -0.021996  0.996229  0.012132  0.008939  0.010943  0.132073  -0.264802  0.615067  2.000000  
22.994847 0.016290  0.096873  -0.025355  0.975052  0.208195  -0.076995  -0.205716  0.977837  0.038929  0.083393  -0.022118  0.996271  0.012110  0.009202  0.011132  0.137117  -0.278549  0.628413  2.000000  
22.996094 0.016304  0.096888  -0.025339  0.974926  0.209007  -0.076391  -0.206528  0.977658  0.039119  0.082860  -0.022361  0.996310  0.012075  0.009530  0.011315  0.142222  -0.292519  0.642046  2.000000  
22.997344 0.016319  0.096903  -0.025323  0.974767  0.210008  -0.075673  -0.207543  0.977441  0.039177  0.082193  -0.022483  0.996363  0.012092  0.009873  0.011583  0.146029  -0.308286  0.650076  2.000000  
22.998361 0.016332  0.096915  -0.025309  0.974692  0.210606  -0.074971  -0.208156  0.977310  0.039203  0.081527  -0.022605  0.996415  0.012086  0.010179  0.011881  0.150957  -0.328664  0.654677  2.000000  
22.999592 0.016347  0.096931  -0.025292  0.974530  0.211615  -0.074228  -0.209171  0.977086  0.039377  0.080860  -0.022848  0.996464  0.012092  0.010528  0.012091  0.158785  -0.344319  0.662866  2.000000  
23.000598 0.016359  0.096943  -0.025278  0.974410  0.212422  -0.073492  -0.209984  0.976905  0.039535  0.080193  -0.023091  0.996512  0.012057  0.010808  0.012325  0.164502  -0.365437  0.674841  2.000000  
23.001847 0.016375  0.096961  -0.025260  0.974256  0.213427  -0.072618  -0.211001  0.976680  0.039678  0.079393  -0.023334  0.996570  0.012098  0.011220  0.012612  0.173452  -0.383774  0.688174  2.000000  
23.003093 0.016390  0.096978  -0.025243  0.974144  0.214231  -0.071751  -0.211817  0.976498  0.039805  0.078592  -0.023578  0.996628  0.012093  0.011590  0.012871  0.177247  -0.406481  0.687813  2.000000  
23.004095 0.016403  0.096992  -0.025228  0.974021  0.215028  -0.071041  -0.212630  0.976320  0.039840  0.077926  -0.023700  0.996677  0.012120  0.011848  0.013043  0.180663  -0.421213  0.695264  2.000000  
23.005095 0.016415  0.097006  -0.025213  0.973906  0.215830  -0.070174  -0.213445  0.976137  0.039964  0.077125  -0.023943  0.996734  0.012167  0.012176  0.013283  0.185526  -0.443945  0.708410  2.000000  
23.006349 0.016432  0.097024  -0.025194  0.973756  0.216830  -0.069169  -0.214463  0.975910  0.040072  0.076191  -0.024187  0.996800  0.012233  0.012522  0.013533  0.190670  -0.470150  0.713608  2.000000  
23.007596 0.016448  0.097043  -0.025175  0.973614  0.217834  -0.068006  -0.215483  0.975677  0.040268  0.075124  -0.024551  0.996872  0.012343  0.012910  0.013819  0.203569  -0.497604  0.726806  2.000000  
23.008842 0.016465  0.097062  -0.025155  0.973469  0.218829  -0.066870  -0.216502  0.975448  0.040343  0.074057  -0.024795  0.996946  0.012465  0.013264  0.014127  0.206589  -0.520758  0.733925  2.000000  
23.010095 0.016482  0.097081  -0.025134  0.973323  0.219823  -0.065734  -0.217521  0.975218  0.040416  0.072989  -0.025039  0.997018  0.012627  0.013639  0.014487  0.211806  -0.547639  0.739377  2.000000  
23.011348 0.016500  0.097101  -0.025114  0.973183  0.220820  -0.064440  -0.218542  0.974984  0.040575  0.071788  -0.025404  0.997096  0.012859  0.014051  0.014807  0.223977  -0.574886  0.745575  2.000000  
23.012591 0.016519  0.097122  -0.025093  0.973077  0.221620  -0.063285  -0.219360  0.974793  0.040748  0.070720  -0.025769  0.997163  0.013096  0.014442  0.015091  0.230283  -0.597303  0.745632  2.000000  
23.013594 0.016534  0.097139  -0.025076  0.972915  0.222615  -0.062278  -0.220376  0.974559  0.040843  0.069786  -0.026012  0.997223  0.013328  0.014742  0.015356  0.234452  -0.620005  0.752012  2.000000  
23.014845 0.016554  0.097160  -0.025054  0.972769  0.223609  -0.060984  -0.221396  0.974322  0.040995  0.068585  -0.026377  0.997297  0.013606  0.015118  0.015615  0.243853  -0.647746  0.757539  2.000000  
23.015846 0.016570  0.097178  -0.025037  0.972658  0.224399  -0.059855  -0.222213  0.974134  0.041044  0.067517  -0.026621  0.997363  0.013865  0.015415  0.015855  0.246425  -0.669600  0.764234  2.000000  
23.017096 0.016592  0.097201  -0.025014  0.972469  0.225588  -0.058421  -0.223435  0.973849  0.041174  0.066182  -0.026987  0.997443  0.014301  0.015831  0.016176  0.255873  -0.702284  0.769780  2.000000  
23.018360 0.016614  0.097224  -0.024991  0.972324  0.226576  -0.056996  -0.224455  0.973609  0.041288  0.064847  -0.027352  0.997520  0.014724  0.016234  0.016578  0.263780  -0.733875  0.775548  2.000000  
23.019594 0.016637  0.097249  -0.024968  0.972185  0.227566  -0.055413  -0.225477  0.973365  0.041487  0.063378  -0.027839  0.997601  0.015199  0.016658  0.016881  0.273597  -0.764145  0.775216  2.000000  
23.020846 0.016660  0.097273  -0.024944  0.971987  0.228751  -0.053979  -0.226697  0.973076  0.041606  0.062043  -0.028204  0.997675  0.015664  0.017102  0.017223  0.279705  -0.797877  0.787705  2.000000  
23.022092 0.016684  0.097298  -0.024920  0.971802  0.229928  -0.052284  -0.227920  0.972788  0.041661  0.060440  -0.028570  0.997763  0.016194  0.017519  0.017562  0.287539  -0.834335  0.793690  2.000000  
23.023094 0.016704  0.097318  -0.024900  0.971684  0.230714  -0.050996  -0.228737  0.972591  0.041783  0.059238  -0.028935  0.997824  0.016730  0.017949  0.017859  0.295516  -0.861625  0.799699  2.000000  
23.024346 0.016730  0.097344  -0.024875  0.971445  0.232094  -0.049264  -0.230158  0.972248  0.041959  0.057635  -0.029422  0.997904  0.017241  0.018318  0.018132  0.305921  -0.891341  0.812870  2.000000  
23.025347 0.016752  0.097365  -0.024855  0.971282  0.233074  -0.047837  -0.231176  0.972003  0.042054  0.056299  -0.029787  0.997969  0.017761  0.018717  0.018419  0.312056  -0.925633  0.825137  2.000000  
23.026590 0.016779  0.097392  -0.024829  0.971048  0.234443  -0.045845  -0.232600  0.971658  0.042159  0.054429  -0.030275  0.998059  0.018346  0.019175  0.018746  0.322043  -0.963485  0.837583  2.000000  
23.027596 0.016801  0.097414  -0.024808  0.970837  0.235621  -0.044250  -0.233817  0.971358  0.042343  0.052959  -0.030761  0.998123  0.018892  0.019558  0.018990  0.332376  -0.998865  0.850357  2.000000  
23.028840 0.016830  0.097443  -0.024782  0.970594  0.236985  -0.042257  -0.235239  0.971011  0.042437  0.051089  -0.031249  0.998205  0.019640  0.020126  0.019439  0.342487  -1.031789  0.869453  2.000000  
23.029844 0.016854  0.097466  -0.024761  0.970375  0.238159  -0.040661  -0.236455  0.970707  0.042612  0.049619  -0.031735  0.998264  0.020041  0.020391  0.019551  0.354618  -1.063666  0.882065  2.000000  
23.030846 0.016879  0.097490  -0.024740  0.970158  0.239323  -0.038965  -0.237673  0.970409  0.042634  0.048015  -0.032101  0.998331  0.020548  0.020778  0.019827  0.358516  -1.095563  0.894677  2.000000  
23.032092 0.016910  0.097520  -0.024713  0.969900  0.240685  -0.036942  -0.239091  0.970052  0.042831  0.046144  -0.032709  0.998399  0.021182  0.021228  0.020100  0.370779  -1.132438  0.914037  2.000000  
23.033094 0.016935  0.097544  -0.024690  0.969680  0.241845  -0.035086  -0.240308  0.969747  0.042929  0.044407  -0.033196  0.998462  0.021725  0.021640  0.020353  0.381140  -1.173588  0.927095  2.000000  
