1-Time 2-Px 3-Py 4-Pz 5-R11 6-R21 7-R31 8-R12 9-R22 10-R32 11-R13 12-R23 13-R33 14-Vx 15-Vy 16-Vz 17-Wx 18-Wy 19-Wz 20-state 21-PR11 22-PR21 23-PR31 24-PR12 25-PR22 26-PR32 27-PR13 28-PR23 29-PR33 
198.572712 0.016880  0.093738  -0.032487  0.989794  0.137393  0.037835  -0.137606  0.990482  0.003067  -0.037054  -0.008242  0.999279  -0.003099  0.005881  0.001712  0.000000  0.000000  0.000000  2.000000  
198.573717 0.016877  0.093744  -0.032485  0.989789  0.137392  0.037968  -0.137605  0.990482  0.003049  -0.037187  -0.008242  0.999274  -0.003049  0.005881  0.001701  0.000000  0.000000  0.000000  2.000000  
198.574761 0.016877  0.093749  -0.032482  0.989704  0.138004  0.037970  -0.138217  0.990397  0.003026  -0.037187  -0.008242  0.999274  -0.002798  0.005827  0.001854  0.000000  0.000000  0.000000  2.000000  
198.575968 0.016879  0.093757  -0.032478  0.989580  0.138817  0.038237  -0.139030  0.990284  0.002957  -0.037455  -0.008242  0.999264  -0.002424  0.005828  0.002010  0.000000  0.000000  0.000000  2.000000  
198.576971 0.016881  0.093762  -0.032474  0.989512  0.139223  0.038503  -0.139436  0.990227  0.002904  -0.037722  -0.008242  0.999254  -0.002066  0.005782  0.002092  0.000000  0.000000  0.000000  2.000000  
198.578215 0.016885  0.093768  -0.032470  0.989445  0.139628  0.038769  -0.139842  0.990170  0.002851  -0.037990  -0.008242  0.999244  -0.001560  0.005707  0.002274  0.000000  0.000000  0.000000  2.000000  
198.579470 0.016891  0.093775  -0.032468  0.989358  0.140235  0.038788  -0.140453  0.990083  0.002947  -0.037990  -0.008363  0.999243  -0.000935  0.005670  0.002286  0.000000  0.000000  0.000000  2.000000  
198.580715 0.016897  0.093782  -0.032465  0.989218  0.141255  0.038658  -0.141472  0.989938  0.002926  -0.037856  -0.008363  0.999248  -0.000194  0.005633  0.002312  0.000000  0.000000  0.000000  2.000000  
198.581727 0.016904  0.093787  -0.032463  0.989101  0.142070  0.038661  -0.142287  0.989821  0.002894  -0.037856  -0.008363  0.999248  0.000434  0.005538  0.002368  0.000000  0.000000  0.000000  2.000000  
198.582969 0.016913  0.093792  -0.032460  0.988949  0.143088  0.038796  -0.143304  0.989675  0.002835  -0.037990  -0.008363  0.999243  0.001302  0.005379  0.002380  0.000000  0.000000  0.000000  2.000000  
198.583969 0.016921  0.093797  -0.032457  0.988826  0.143897  0.038948  -0.144118  0.989556  0.002904  -0.038123  -0.008485  0.999237  0.002090  0.005369  0.002445  0.001143  -0.042027  0.186314  2.000000  
198.584970 0.016931  0.093803  -0.032454  0.988662  0.144912  0.039348  -0.145133  0.989408  0.002806  -0.038524  -0.008484  0.999222  0.002977  0.005353  0.002524  -0.000460  -0.055932  0.227964  2.000000  
198.585971 0.016942  0.093808  -0.032451  0.988502  0.145924  0.039633  -0.146149  0.989258  0.002846  -0.038792  -0.008605  0.999210  0.003910  0.005336  0.002632  0.002276  -0.065156  0.262150  2.000000  
198.587219 0.016956  0.093815  -0.032444  0.988275  0.147346  0.040034  -0.147572  0.989048  0.002730  -0.039193  -0.008605  0.999195  0.005080  0.005288  0.002948  0.000381  -0.079062  0.310463  2.000000  
198.588220 0.016968  0.093820  -0.032439  0.988112  0.148357  0.040319  -0.148587  0.988895  0.002769  -0.039460  -0.008726  0.999183  0.006100  0.005274  0.003165  0.003094  -0.088371  0.344963  2.000000  
198.589473 0.016983  0.093829  -0.032434  0.987891  0.149780  0.040455  -0.150010  0.988681  0.002690  -0.039594  -0.008726  0.999178  0.007063  0.005368  0.003272  0.001218  -0.093257  0.393231  2.000000  
198.590474 0.016996  0.093835  -0.032430  0.987731  0.150797  0.040590  -0.151026  0.988526  0.002629  -0.039728  -0.008726  0.999172  0.007953  0.005385  0.003329  -0.000428  -0.093606  0.434688  2.000000  
198.591722 0.017012  0.093841  -0.032424  0.987539  0.152017  0.040725  -0.152245  0.988339  0.002558  -0.039861  -0.008726  0.999167  0.008799  0.005370  0.003423  -0.002053  -0.098449  0.476102  2.000000  
198.592967 0.017029  0.093846  -0.032419  0.987334  0.153234  0.041125  -0.153463  0.988151  0.002446  -0.040263  -0.008726  0.999151  0.009666  0.005264  0.003447  -0.003755  -0.112315  0.517586  2.000000  
198.594221 0.017048  0.093851  -0.032415  0.987069  0.154859  0.041393  -0.155087  0.987898  0.002337  -0.040530  -0.008726  0.999140  0.010618  0.005140  0.003565  -0.005974  -0.121830  0.573060  2.000000  
198.595471 0.017066  0.093855  -0.032411  0.986828  0.156279  0.041792  -0.156507  0.987674  0.002214  -0.040931  -0.008726  0.999124  0.011441  0.004926  0.003700  -0.008244  -0.135731  0.627982  2.000000  
198.596717 0.017086  0.093857  -0.032405  0.986586  0.157698  0.042191  -0.157926  0.987449  0.002091  -0.041332  -0.008726  0.999107  0.012135  0.004697  0.003865  -0.010269  -0.149632  0.676263  2.000000  
198.597718 0.017101  0.093857  -0.032400  0.986406  0.158711  0.042589  -0.158939  0.987286  0.001984  -0.041733  -0.008726  0.999091  0.012706  0.004444  0.004088  -0.011768  -0.163422  0.710746  2.000000  
198.598726 0.017117  0.093857  -0.032396  0.986231  0.159730  0.042836  -0.159952  0.987123  0.001777  -0.042000  -0.008604  0.999081  0.013233  0.004064  0.004151  -0.017576  -0.172674  0.751955  2.000000  
198.599972 0.017136  0.093856  -0.032392  0.986027  0.160949  0.042970  -0.161169  0.986925  0.001703  -0.042134  -0.008604  0.999075  0.013740  0.003516  0.004216  -0.019272  -0.177536  0.793461  2.000000  
198.601219 0.017156  0.093854  -0.032388  0.985816  0.162165  0.043236  -0.162385  0.986726  0.001606  -0.042401  -0.008604  0.999064  0.014131  0.002965  0.004054  -0.021031  -0.186910  0.835006  2.000000  
198.602219 0.017171  0.093852  -0.032385  0.985643  0.163180  0.043369  -0.163399  0.986559  0.001540  -0.042535  -0.008604  0.999058  0.014385  0.002393  0.003899  -0.022738  -0.191744  0.876399  2.000000  
198.603472 0.017190  0.093849  -0.032381  0.985463  0.164193  0.043635  -0.164412  0.986391  0.001451  -0.042802  -0.008604  0.999047  0.014606  0.001809  0.003777  -0.024298  -0.196532  0.910925  2.000000  
198.604485 0.017206  0.093847  -0.032378  0.985316  0.165003  0.043899  -0.165221  0.986256  0.001371  -0.043070  -0.008604  0.999035  0.014843  0.001133  0.003721  -0.024724  -0.205799  0.918721  2.000000  
198.605719 0.017225  0.093844  -0.032374  0.985094  0.166223  0.044276  -0.166435  0.986052  0.001130  -0.043471  -0.008483  0.999019  0.015110  0.000446  0.003617  -0.029678  -0.208485  0.930816  2.000000  
198.606966 0.017243  0.093839  -0.032369  0.984910  0.167241  0.044521  -0.167447  0.985881  0.000920  -0.043738  -0.008361  0.999008  0.015156  -0.000179  0.003585  -0.034535  -0.208576  0.944686  2.000000  
198.607972 0.017256  0.093836  -0.032365  0.984761  0.168056  0.044765  -0.168256  0.985743  0.000719  -0.044006  -0.008240  0.998997  0.015219  -0.000848  0.003636  -0.039709  -0.210298  0.966059  2.000000  
198.609220 0.017273  0.093831  -0.032359  0.984575  0.169074  0.045008  -0.169268  0.985570  0.000508  -0.044273  -0.008119  0.998986  0.015010  -0.001343  0.003755  -0.048572  -0.219459  0.980055  2.000000  
198.610467 0.017288  0.093825  -0.032352  0.984459  0.169686  0.045251  -0.169874  0.985466  0.000315  -0.044540  -0.007998  0.998976  0.014803  -0.001959  0.003899  -0.052141  -0.232759  0.966049  2.000000  
198.611471 0.017300  0.093821  -0.032347  0.984348  0.170299  0.045363  -0.170481  0.985361  0.000145  -0.044674  -0.007876  0.998971  0.014558  -0.002405  0.003931  -0.055826  -0.235274  0.958192  2.000000  
198.612718 0.017315  0.093815  -0.032338  0.984201  0.171120  0.045453  -0.171290  0.985221  -0.000154  -0.044808  -0.007634  0.998966  0.014244  -0.002822  0.004115  -0.063750  -0.235076  0.951247  2.000000  
198.613965 0.017328  0.093809  -0.032330  0.984089  0.171739  0.045543  -0.171897  0.985115  -0.000444  -0.044941  -0.007392  0.998962  0.013832  -0.003187  0.004317  -0.075445  -0.234934  0.937642  2.000000  
198.614975 0.017338  0.093803  -0.032324  0.984007  0.172148  0.045785  -0.172300  0.985044  -0.000629  -0.045209  -0.007270  0.998951  0.013407  -0.003580  0.004506  -0.079286  -0.232053  0.917570  2.000000  
198.616220 0.017350  0.093794  -0.032317  0.983894  0.172767  0.045874  -0.172907  0.984938  -0.000919  -0.045342  -0.007028  0.998947  0.012952  -0.004018  0.004746  -0.090612  -0.222834  0.890172  2.000000  
198.617474 0.017361  0.093785  -0.032311  0.983811  0.173176  0.046116  -0.173310  0.984867  -0.001104  -0.045610  -0.006907  0.998935  0.012456  -0.004446  0.004915  -0.093328  -0.216318  0.862276  2.000000  
198.618483 0.017369  0.093778  -0.032305  0.983733  0.173592  0.046205  -0.173714  0.984795  -0.001385  -0.045743  -0.006664  0.998931  0.011890  -0.004821  0.005089  -0.104992  -0.213218  0.834592  2.000000  
198.619720 0.017379  0.093768  -0.032298  0.983656  0.174002  0.046315  -0.174118  0.984724  -0.001546  -0.045877  -0.006543  0.998926  0.011303  -0.005204  0.005278  -0.107728  -0.212961  0.800259  2.000000  
198.620970 0.017388  0.093758  -0.032290  0.983584  0.174418  0.046272  -0.174523  0.984651  -0.001804  -0.045877  -0.006301  0.998927  0.010615  -0.005675  0.005557  -0.114754  -0.208171  0.772709  2.000000  
198.622220 0.017396  0.093749  -0.032281  0.983548  0.174627  0.046251  -0.174725  0.984615  -0.001933  -0.045877  -0.006180  0.998928  0.009912  -0.006042  0.005820  -0.117021  -0.201800  0.745830  2.000000  
198.623469 0.017403  0.093738  -0.032274  0.983506  0.174840  0.046340  -0.174927  0.984579  -0.002205  -0.046010  -0.005937  0.998923  0.009349  -0.006399  0.005944  -0.123625  -0.192639  0.705324  2.000000  
198.624481 0.017409  0.093729  -0.032268  0.983428  0.175250  0.046449  -0.175331  0.984507  -0.002367  -0.046144  -0.005816  0.998918  0.008767  -0.006726  0.006005  -0.126536  -0.187807  0.677461  2.000000  
198.625717 0.017415  0.093718  -0.032262  0.983385  0.175458  0.046559  -0.175532  0.984470  -0.002520  -0.046278  -0.005695  0.998912  0.008219  -0.007090  0.005925  -0.129483  -0.175451  0.627935  2.000000  
198.626717 0.017419  0.093709  -0.032257  0.983307  0.175874  0.046647  -0.175936  0.984398  -0.002801  -0.046411  -0.005452  0.998908  0.007663  -0.007473  0.005862  -0.135959  -0.173800  0.608948  2.000000  
198.627718 0.017424  0.093701  -0.032251  0.983265  0.176081  0.046756  -0.176137  0.984361  -0.002954  -0.046545  -0.005331  0.998902  0.007230  -0.007687  0.005773  -0.139828  -0.165999  0.579611  2.000000  
198.628969 0.017430  0.093691  -0.032243  0.983265  0.176093  0.046714  -0.176137  0.984360  -0.003192  -0.046545  -0.005089  0.998903  0.006697  -0.007921  0.005768  -0.141266  -0.155358  0.540597  2.000000  
198.629969 0.017434  0.093683  -0.032237  0.983228  0.176301  0.046691  -0.176340  0.984324  -0.003321  -0.046545  -0.004968  0.998904  0.006411  -0.007980  0.005851  -0.144130  -0.150680  0.513212  2.000000  
198.631224 0.017441  0.093675  -0.032226  0.983192  0.176515  0.046648  -0.176542  0.984287  -0.003570  -0.046545  -0.004725  0.998905  0.006021  -0.007960  0.006132  -0.151706  -0.142599  0.476076  2.000000  
198.632473 0.017448  0.093667  -0.032215  0.983156  0.176723  0.046626  -0.176744  0.984250  -0.003699  -0.046545  -0.004604  0.998906  0.005792  -0.007866  0.006394  -0.153341  -0.136783  0.444860  2.000000  
198.633474 0.017454  0.093661  -0.032206  0.983119  0.176937  0.046582  -0.176947  0.984213  -0.003947  -0.046545  -0.004362  0.998907  0.005628  -0.007794  0.006639  -0.161523  -0.128632  0.420783  2.000000  
198.634488 0.017460  0.093654  -0.032198  0.983113  0.176942  0.046692  -0.176946  0.984212  -0.004090  -0.046679  -0.004241  0.998901  0.005434  -0.007751  0.006763  -0.160309  -0.123865  0.393038  2.000000  
198.635720 0.017468  0.093646  -0.032187  0.983070  0.177156  0.046780  -0.177147  0.984175  -0.004362  -0.046812  -0.003998  0.998896  0.005391  -0.007605  0.006947  -0.167108  -0.114684  0.358786  2.000000  
198.636969 0.017477  0.093639  -0.032177  0.983070  0.177161  0.046758  -0.177147  0.984174  -0.004482  -0.046812  -0.003877  0.998896  0.005455  -0.007451  0.007035  -0.165588  -0.100922  0.324266  2.000000  
198.637971 0.017484  0.093632  -0.032169  0.983034  0.177375  0.046714  -0.177349  0.984137  -0.004730  -0.046812  -0.003635  0.998897  0.005606  -0.007287  0.007151  -0.167667  -0.095492  0.307930  2.000000  
198.639220 0.017494  0.093626  -0.032159  0.982997  0.177583  0.046692  -0.177552  0.984099  -0.004859  -0.046812  -0.003514  0.998898  0.005802  -0.007033  0.007395  -0.167847  -0.082589  0.282906  2.000000  
198.640223 0.017503  0.093620  -0.032151  0.982997  0.177589  0.046670  -0.177552  0.984099  -0.004978  -0.046812  -0.003393  0.998898  0.006074  -0.006742  0.007633  -0.166909  -0.077936  0.262192  2.000000  
198.641470 0.017515  0.093614  -0.032143  0.982991  0.177594  0.046780  -0.177551  0.984098  -0.005122  -0.046946  -0.003271  0.998892  0.006445  -0.006450  0.007728  -0.164654  -0.077161  0.239518  2.000000  
198.642480 0.017525  0.093609  -0.032135  0.982991  0.177600  0.046759  -0.177551  0.984098  -0.005241  -0.046946  -0.003150  0.998892  0.006847  -0.006207  0.007852  -0.160631  -0.073084  0.213815  2.000000  
198.643715 0.017538  0.093603  -0.032126  0.982949  0.177808  0.046868  -0.177752  0.984061  -0.005394  -0.047080  -0.003029  0.998887  0.007377  -0.005928  0.007968  -0.159080  -0.072447  0.205285  2.000000  
198.644717 0.017551  0.093599  -0.032118  0.982949  0.177808  0.046868  -0.177752  0.984061  -0.005394  -0.047080  -0.003029  0.998887  0.007860  -0.005713  0.007992  -0.150131  -0.067889  0.184840  2.000000  
198.645720 0.017564  0.093596  -0.032111  0.982942  0.177813  0.046978  -0.177751  0.984060  -0.005537  -0.047213  -0.002908  0.998881  0.008372  -0.005516  0.007932  -0.149466  -0.063307  0.171075  2.000000  
198.646967 0.017581  0.093591  -0.032102  0.982936  0.177818  0.047088  -0.177750  0.984059  -0.005680  -0.047347  -0.002787  0.998875  0.009007  -0.005301  0.007822  0.000000  0.000000  0.000000  2.000000  
198.647973 0.017595  0.093588  -0.032094  0.982936  0.177818  0.047088  -0.177750  0.984059  -0.005680  -0.047347  -0.002787  0.998875  0.009663  -0.005045  0.007741  0.000000  0.000000  0.000000  2.000000  
198.649220 0.017614  0.093585  -0.032085  0.982936  0.177818  0.047088  -0.177750  0.984059  -0.005680  -0.047347  -0.002787  0.998875  0.010364  -0.004723  0.007644  0.000000  0.000000  0.000000  2.000000  
198.650220 0.017629  0.093582  -0.032077  0.982893  0.178026  0.047196  -0.177951  0.984022  -0.005833  -0.047481  -0.002666  0.998869  0.011091  -0.004462  0.007645  0.000000  0.000000  0.000000  2.000000  
198.651478 0.017649  0.093579  -0.032066  0.982893  0.178026  0.047196  -0.177951  0.984022  -0.005833  -0.047481  -0.002666  0.998869  0.011842  -0.004090  0.007699  0.000000  0.000000  0.000000  2.000000  
198.652722 0.017670  0.093577  -0.032054  0.982893  0.178032  0.047175  -0.177951  0.984021  -0.005952  -0.047481  -0.002544  0.998869  0.012529  -0.003778  0.007818  0.000000  0.000000  0.000000  2.000000  
198.653969 0.017692  0.093576  -0.032041  0.982887  0.178032  0.047306  -0.177950  0.984021  -0.005976  -0.047614  -0.002544  0.998863  0.013338  -0.003385  0.008021  0.000000  0.000000  0.000000  2.000000  
198.654971 0.017710  0.093576  -0.032030  0.982887  0.178038  0.047285  -0.177950  0.984021  -0.006095  -0.047614  -0.002423  0.998863  0.014060  -0.003030  0.008195  0.000000  0.000000  0.000000  2.000000  
198.656219 0.017733  0.093576  -0.032017  0.982881  0.178037  0.047416  -0.177949  0.984021  -0.006119  -0.047748  -0.002423  0.998856  0.014808  -0.002619  0.008555  0.000000  0.000000  0.000000  2.000000  
198.657468 0.017756  0.093576  -0.032003  0.982874  0.178037  0.047548  -0.177947  0.984021  -0.006143  -0.047882  -0.002423  0.998850  0.015434  -0.002237  0.008805  0.000000  0.000000  0.000000  2.000000  
198.658479 0.017776  0.093576  -0.031993  0.982874  0.178037  0.047548  -0.177947  0.984021  -0.006143  -0.047882  -0.002423  0.998850  0.016089  -0.001823  0.009030  0.000000  0.000000  0.000000  2.000000  
198.659718 0.017800  0.093577  -0.031981  0.982874  0.178037  0.047548  -0.177947  0.984021  -0.006143  -0.047882  -0.002423  0.998850  0.016641  -0.001438  0.009207  0.000000  0.000000  0.000000  2.000000  
198.660965 0.017824  0.093579  -0.031969  0.982868  0.178037  0.047679  -0.177946  0.984021  -0.006167  -0.048015  -0.002423  0.998844  0.017142  -0.001071  0.009384  0.000000  0.000000  0.000000  2.000000  
198.661970 0.017843  0.093579  -0.031960  0.982868  0.178037  0.047679  -0.177946  0.984021  -0.006167  -0.048015  -0.002423  0.998844  0.017533  -0.000776  0.009470  0.000000  0.000000  0.000000  2.000000  
198.663215 0.017867  0.093580  -0.031948  0.982868  0.178037  0.047679  -0.177946  0.984021  -0.006167  -0.048015  -0.002423  0.998844  0.017956  -0.000474  0.009648  0.000000  0.000000  0.000000  2.000000  
198.664219 0.017887  0.093580  -0.031939  0.982868  0.178031  0.047701  -0.177946  0.984022  -0.006047  -0.048015  -0.002544  0.998843  0.018201  -0.000312  0.009720  0.000000  0.000000  0.000000  2.000000  
198.665222 0.017906  0.093581  -0.031929  0.982868  0.178031  0.047701  -0.177946  0.984022  -0.006047  -0.048015  -0.002544  0.998843  0.018509  -0.000082  0.009893  0.000000  0.000000  0.000000  2.000000  
198.666484 0.017930  0.093581  -0.031916  0.982862  0.178030  0.047832  -0.177945  0.984022  -0.006071  -0.048149  -0.002544  0.998837  0.018738  0.000081  0.009956  0.000000  0.000000  0.000000  2.000000  
198.667720 0.017954  0.093580  -0.031904  0.982862  0.178025  0.047854  -0.177945  0.984022  -0.005952  -0.048149  -0.002665  0.998837  0.018953  0.000202  0.009996  0.000000  0.000000  0.000000  2.000000  
198.668720 0.017974  0.093581  -0.031895  0.982862  0.178025  0.047854  -0.177945  0.984022  -0.005952  -0.048149  -0.002665  0.998837  0.019104  0.000322  0.009906  0.000000  0.000000  0.000000  2.000000  
198.669722 0.017992  0.093580  -0.031886  0.982868  0.178025  0.047722  -0.177946  0.984022  -0.005928  -0.048015  -0.002665  0.998843  0.019120  0.000316  0.009818  0.000000  0.000000  0.000000  2.000000  
198.670970 0.018015  0.093580  -0.031873  0.982868  0.178019  0.047744  -0.177946  0.984023  -0.005809  -0.048015  -0.002787  0.998843  0.019104  0.000282  0.009709  0.000000  0.000000  0.000000  2.000000  
198.672220 0.018038  0.093579  -0.031862  0.982874  0.178020  0.047612  -0.177947  0.984023  -0.005785  -0.047882  -0.002787  0.998849  0.019087  0.000248  0.009598  0.000000  0.000000  0.000000  2.000000  
198.673471 0.018061  0.093579  -0.031849  0.982911  0.177817  0.047614  -0.177745  0.984060  -0.005775  -0.047882  -0.002787  0.998849  0.019031  0.000205  0.009564  0.000000  0.000000  0.000000  2.000000  
198.674485 0.018079  0.093580  -0.031839  0.982917  0.177817  0.047482  -0.177746  0.984060  -0.005751  -0.047748  -0.002787  0.998856  0.018911  0.000168  0.009590  0.000000  0.000000  0.000000  2.000000  
198.675717 0.018101  0.093579  -0.031826  0.982917  0.177817  0.047482  -0.177746  0.984060  -0.005751  -0.047748  -0.002787  0.998856  0.018778  0.000061  0.009651  0.000000  0.000000  0.000000  2.000000  
198.676965 0.018122  0.093579  -0.031814  0.982917  0.177812  0.047504  -0.177746  0.984060  -0.005632  -0.047748  -0.002908  0.998855  0.018617  0.000003  0.009742  0.000000  0.000000  0.000000  2.000000  
198.677967 0.018139  0.093579  -0.031804  0.982960  0.177609  0.047373  -0.177545  0.984097  -0.005598  -0.047614  -0.002908  0.998862  0.018380  -0.000060  0.009744  0.000000  0.000000  0.000000  2.000000  
198.678967 0.018155  0.093578  -0.031795  0.982966  0.177610  0.047242  -0.177546  0.984097  -0.005575  -0.047481  -0.002908  0.998868  0.018173  -0.000136  0.009758  0.000000  0.000000  0.000000  2.000000  
198.679973 0.018170  0.093577  -0.031785  0.983003  0.177407  0.047243  -0.177344  0.984133  -0.005565  -0.047481  -0.002908  0.998868  0.017912  -0.000247  0.009722  0.000000  0.000000  0.000000  2.000000  
198.681221 0.018189  0.093575  -0.031774  0.983009  0.177408  0.047111  -0.177345  0.984133  -0.005541  -0.047347  -0.002908  0.998874  0.017556  -0.000341  0.009649  0.000000  0.000000  0.000000  2.000000  
198.682223 0.018204  0.093574  -0.031766  0.983052  0.177205  0.046981  -0.177144  0.984170  -0.005508  -0.047213  -0.002908  0.998881  0.017270  -0.000476  0.009560  0.000000  0.000000  0.000000  2.000000  
198.683224 0.018218  0.093571  -0.031757  0.983052  0.177205  0.046981  -0.177144  0.984170  -0.005508  -0.047213  -0.002908  0.998881  0.016910  -0.000637  0.009469  0.000000  0.000000  0.000000  2.000000  
198.684485 0.018236  0.093568  -0.031747  0.983095  0.177003  0.046851  -0.176942  0.984206  -0.005475  -0.047080  -0.002908  0.998887  0.016512  -0.000853  0.009404  0.000000  0.000000  0.000000  2.000000  
198.685719 0.018253  0.093563  -0.031737  0.983131  0.176801  0.046852  -0.176740  0.984242  -0.005465  -0.047080  -0.002908  0.998887  0.016139  -0.001134  0.009250  0.000000  0.000000  0.000000  2.000000  
198.686720 0.018267  0.093560  -0.031728  0.983137  0.176795  0.046742  -0.176741  0.984243  -0.005322  -0.046946  -0.003029  0.998893  0.015849  -0.001312  0.009228  0.000000  0.000000  0.000000  2.000000  
198.687723 0.018280  0.093557  -0.031720  0.983180  0.176593  0.046611  -0.176540  0.984279  -0.005289  -0.046812  -0.003029  0.998899  0.015492  -0.001516  0.009115  0.000000  0.000000  0.000000  2.000000  
198.688767 0.018293  0.093553  -0.031710  0.983222  0.176391  0.046481  -0.176338  0.984316  -0.005255  -0.046679  -0.003029  0.998905  0.015084  -0.001787  0.009043  0.000000  0.000000  0.000000  2.000000  
198.689979 0.018309  0.093549  -0.031700  0.983265  0.176189  0.046350  -0.176137  0.984352  -0.005222  -0.046545  -0.003029  0.998912  0.014724  -0.002069  0.008946  0.000000  0.000000  0.000000  2.000000  
198.691215 0.018326  0.093544  -0.031688  0.983301  0.175991  0.046330  -0.175935  0.984387  -0.005332  -0.046545  -0.002908  0.998912  0.014371  -0.002410  0.008854  0.000000  0.000000  0.000000  2.000000  
198.692474 0.018341  0.093539  -0.031677  0.983343  0.175789  0.046200  -0.175733  0.984424  -0.005299  -0.046411  -0.002908  0.998918  0.014017  -0.002716  0.008814  0.000000  0.000000  0.000000  2.000000  
198.693716 0.018356  0.093534  -0.031666  0.983349  0.175790  0.046068  -0.175734  0.984423  -0.005276  -0.046278  -0.002908  0.998924  0.013726  -0.002958  0.008723  0.000000  0.000000  0.000000  2.000000  
198.694719 0.018368  0.093529  -0.031658  0.983392  0.175593  0.045916  -0.175533  0.984459  -0.005362  -0.046144  -0.002787  0.998931  0.013440  -0.003223  0.008671  0.000000  0.000000  0.000000  2.000000  
198.695967 0.018383  0.093524  -0.031646  0.983428  0.175390  0.045917  -0.175331  0.984495  -0.005353  -0.046144  -0.002787  0.998931  0.013211  -0.003424  0.008719  0.000000  0.000000  0.000000  2.000000  
198.696967 0.018395  0.093520  -0.031637  0.983470  0.175188  0.045787  -0.175129  0.984531  -0.005320  -0.046010  -0.002787  0.998937  0.012992  -0.003585  0.008769  0.000000  0.000000  0.000000  2.000000  
198.697970 0.018407  0.093516  -0.031627  0.983476  0.175194  0.045634  -0.175130  0.984530  -0.005416  -0.045877  -0.002666  0.998944  0.012772  -0.003742  0.008826  0.000000  0.000000  0.000000  2.000000  
198.698973 0.018418  0.093512  -0.031618  0.983512  0.174991  0.045635  -0.174928  0.984566  -0.005406  -0.045877  -0.002666  0.998944  0.012590  -0.003816  0.008907  0.000000  0.000000  0.000000  2.000000  
198.700219 0.018433  0.093506  -0.031605  0.983554  0.174789  0.045505  -0.174726  0.984602  -0.005373  -0.045743  -0.002666  0.998950  0.012426  -0.003920  0.009037  0.000000  0.000000  0.000000  2.000000  
198.701475 0.018447  0.093501  -0.031593  0.983560  0.174795  0.045352  -0.174728  0.984602  -0.005470  -0.045610  -0.002545  0.998956  0.012258  -0.003995  0.009125  0.000000  0.000000  0.000000  2.000000  
198.702723 0.018462  0.093496  -0.031582  0.983596  0.174592  0.045353  -0.174525  0.984638  -0.005460  -0.045610  -0.002545  0.998956  0.012129  -0.004076  0.009208  0.000000  0.000000  0.000000  2.000000  
198.703970 0.018478  0.093491  -0.031570  0.983602  0.174592  0.045221  -0.174526  0.984638  -0.005437  -0.045476  -0.002545  0.998962  0.012056  -0.004132  0.009211  0.000000  0.000000  0.000000  2.000000  
198.704970 0.018490  0.093486  -0.031560  0.983608  0.174598  0.045069  -0.174527  0.984637  -0.005533  -0.045342  -0.002423  0.998969  0.012039  -0.004185  0.009280  0.000000  0.000000  0.000000  2.000000  
198.706220 0.018506  0.093481  -0.031549  0.983644  0.174395  0.045070  -0.174325  0.984673  -0.005524  -0.045342  -0.002423  0.998969  0.012000  -0.004220  0.009226  0.000000  0.000000  0.000000  2.000000  
198.707223 0.018519  0.093477  -0.031540  0.983650  0.174396  0.044938  -0.174326  0.984673  -0.005500  -0.045209  -0.002423  0.998975  0.012039  -0.004220  0.009304  0.000000  0.000000  0.000000  2.000000  
198.708470 0.018535  0.093471  -0.031528  0.983656  0.174401  0.044785  -0.174327  0.984672  -0.005596  -0.045075  -0.002302  0.998981  0.012128  -0.004223  0.009366  0.000000  0.000000  0.000000  2.000000  
198.709720 0.018551  0.093467  -0.031516  0.983656  0.174401  0.044785  -0.174327  0.984672  -0.005596  -0.045075  -0.002302  0.998981  0.012208  -0.004198  0.009423  0.000000  0.000000  0.000000  2.000000  
198.710965 0.018569  0.093461  -0.031504  0.983662  0.174402  0.044654  -0.174328  0.984672  -0.005573  -0.044941  -0.002302  0.998987  0.012364  -0.004203  0.009458  0.000000  0.000000  0.000000  2.000000  
198.711971 0.018582  0.093458  -0.031495  0.983626  0.174610  0.044631  -0.174530  0.984635  -0.005702  -0.044941  -0.002181  0.998987  0.012484  -0.004157  0.009461  0.000000  0.000000  0.000000  2.000000  
198.713221 0.018600  0.093453  -0.031482  0.983632  0.174610  0.044500  -0.174531  0.984635  -0.005678  -0.044808  -0.002181  0.998993  0.012709  -0.004109  0.009497  0.000000  0.000000  0.000000  2.000000  
198.714506 0.018618  0.093449  -0.031471  0.983596  0.174813  0.044499  -0.174734  0.984599  -0.005688  -0.044808  -0.002181  0.998993  0.012914  -0.004061  0.009450  0.000000  0.000000  0.000000  2.000000  
198.715720 0.018636  0.093445  -0.031459  0.983596  0.174818  0.044477  -0.174734  0.984599  -0.005807  -0.044808  -0.002060  0.998994  0.013159  -0.003998  0.009407  0.000000  0.000000  0.000000  2.000000  
198.716721 0.018650  0.093441  -0.031451  0.983566  0.175021  0.044345  -0.174937  0.984563  -0.005793  -0.044674  -0.002060  0.998999  0.013351  -0.003929  0.009296  0.000000  0.000000  0.000000  2.000000  
198.717725 0.018665  0.093438  -0.031442  0.983529  0.175224  0.044343  -0.175140  0.984526  -0.005802  -0.044674  -0.002060  0.998999  0.013554  -0.003825  0.009284  0.000000  0.000000  0.000000  2.000000  
198.718969 0.018684  0.093435  -0.031431  0.983499  0.175427  0.044211  -0.175343  0.984490  -0.005788  -0.044540  -0.002060  0.999005  0.013772  -0.003697  0.009282  0.000000  0.000000  0.000000  2.000000  
198.719973 0.018699  0.093432  -0.031422  0.983463  0.175635  0.044188  -0.175546  0.984453  -0.005916  -0.044540  -0.001939  0.999006  0.013987  -0.003560  0.009230  0.000000  0.000000  0.000000  2.000000  
198.721220 0.018719  0.093429  -0.031411  0.983427  0.175838  0.044187  -0.175748  0.984417  -0.005925  -0.044540  -0.001939  0.999006  0.014197  -0.003437  0.009229  0.000000  0.000000  0.000000  2.000000  
198.722481 0.018738  0.093426  -0.031399  0.983391  0.176040  0.044186  -0.175951  0.984381  -0.005934  -0.044540  -0.001939  0.999006  0.014404  -0.003292  0.009219  0.000000  0.000000  0.000000  2.000000  
198.723718 0.018757  0.093423  -0.031388  0.983360  0.176243  0.044053  -0.176154  0.984345  -0.005920  -0.044407  -0.001939  0.999012  0.014578  -0.003176  0.009147  0.000000  0.000000  0.000000  2.000000  
198.724721 0.018773  0.093420  -0.031379  0.983324  0.176446  0.044052  -0.176357  0.984308  -0.005929  -0.044407  -0.001939  0.999012  0.014766  -0.003057  0.009116  0.000000  0.000000  0.000000  2.000000  
198.725969 0.018792  0.093417  -0.031369  0.983251  0.176856  0.044028  -0.176762  0.984235  -0.006066  -0.044407  -0.001818  0.999012  0.014876  -0.002950  0.009043  0.000000  0.000000  0.000000  2.000000  
198.727215 0.018811  0.093414  -0.031358  0.983179  0.177262  0.044025  -0.177166  0.984162  -0.006084  -0.044407  -0.001818  0.999012  0.015004  -0.002866  0.008948  0.000000  0.000000  0.000000  2.000000  
198.728215 0.018826  0.093411  -0.031350  0.983142  0.177464  0.044024  -0.177369  0.984126  -0.006094  -0.044407  -0.001818  0.999012  0.015049  -0.002818  0.008831  0.000000  0.000000  0.000000  2.000000  
198.729220 0.018841  0.093408  -0.031341  0.983106  0.177667  0.044023  -0.177571  0.984089  -0.006103  -0.044407  -0.001818  0.999012  0.015174  -0.002782  0.008792  0.000000  0.000000  0.000000  2.000000  
198.730478 0.018860  0.093405  -0.031331  0.983038  0.178072  0.043889  -0.177977  0.984016  -0.006097  -0.044273  -0.001818  0.999018  0.015197  -0.002693  0.008715  0.000000  0.000000  0.000000  2.000000  
198.731724 0.018879  0.093401  -0.031320  0.982965  0.178477  0.043886  -0.178382  0.983942  -0.006115  -0.044273  -0.001818  0.999018  0.015241  -0.002667  0.008747  0.000000  0.000000  0.000000  2.000000  
198.732972 0.018898  0.093398  -0.031309  0.982928  0.178680  0.043885  -0.178584  0.983906  -0.006124  -0.044273  -0.001818  0.999018  0.015237  -0.002668  0.008747  0.000000  0.000000  0.000000  2.000000  
198.734219 0.018915  0.093393  -0.031298  0.982854  0.179085  0.043882  -0.178989  0.983832  -0.006142  -0.044273  -0.001818  0.999018  0.015130  -0.002725  0.008726  0.000000  0.000000  0.000000  2.000000  
198.735221 0.018929  0.093391  -0.031289  0.982818  0.179288  0.043881  -0.179191  0.983795  -0.006151  -0.044273  -0.001818  0.999018  0.015075  -0.002723  0.008692  0.000000  0.000000  0.000000  2.000000  
198.736222 0.018944  0.093388  -0.031281  0.982744  0.179693  0.043879  -0.179596  0.983721  -0.006169  -0.044273  -0.001818  0.999018  0.015001  -0.002752  0.008643  -0.028446  0.035596  0.179805  2.000000  
198.737224 0.018957  0.093385  -0.031272  0.982707  0.179895  0.043877  -0.179798  0.983684  -0.006178  -0.044273  -0.001818  0.999018  0.014882  -0.002780  0.008563  -0.028745  0.031086  0.186720  2.000000  
198.738482 0.018973  0.093380  -0.031262  0.982638  0.180306  0.043721  -0.180204  0.983609  -0.006292  -0.044139  -0.001697  0.999024  0.014668  -0.002886  0.008521  -0.029324  0.031066  0.200452  2.000000  
198.739718 0.018990  0.093376  -0.031252  0.982601  0.180508  0.043720  -0.180406  0.983572  -0.006301  -0.044139  -0.001697  0.999024  0.014486  -0.002959  0.008470  -0.029401  0.030810  0.205741  2.000000  
198.740968 0.019006  0.093372  -0.031241  0.982527  0.180913  0.043718  -0.180811  0.983498  -0.006319  -0.044139  -0.001697  0.999024  0.014275  -0.003034  0.008478  -0.029940  0.026554  0.214353  2.000000  
198.742215 0.019021  0.093366  -0.031231  0.982490  0.181116  0.043716  -0.181013  0.983460  -0.006328  -0.044139  -0.001697  0.999024  0.013981  -0.003178  0.008514  -0.025956  0.026337  0.219452  2.000000  
198.743220 0.019033  0.093362  -0.031223  0.982415  0.181521  0.043714  -0.181417  0.983386  -0.006346  -0.044139  -0.001697  0.999024  0.013767  -0.003255  0.008471  -0.026550  0.021848  0.233136  2.000000  
198.744482 0.019048  0.093357  -0.031212  0.982384  0.181723  0.043581  -0.181621  0.983348  -0.006330  -0.044006  -0.001697  0.999030  0.013453  -0.003353  0.008463  -0.026557  0.026330  0.233345  2.000000  
198.745717 0.019061  0.093352  -0.031202  0.982346  0.181931  0.043558  -0.181823  0.983310  -0.006458  -0.044006  -0.001575  0.999030  0.013134  -0.003487  0.008449  -0.026841  0.026325  0.240015  2.000000  
198.746718 0.019072  0.093347  -0.031193  0.982309  0.182133  0.043556  -0.182025  0.983273  -0.006467  -0.044006  -0.001575  0.999030  0.012884  -0.003599  0.008435  -0.026826  0.021866  0.240016  2.000000  
198.747720 0.019083  0.093343  -0.031185  0.982277  0.182336  0.043423  -0.182229  0.983235  -0.006452  -0.043872  -0.001575  0.999036  0.012559  -0.003724  0.008363  -0.026811  0.026327  0.240033  2.000000  
198.748971 0.019096  0.093337  -0.031176  0.982202  0.182741  0.043421  -0.182633  0.983160  -0.006470  -0.043872  -0.001575  0.999036  0.012269  -0.003830  0.008268  -0.027319  0.022032  0.248897  2.000000  
198.749972 0.019106  0.093332  -0.031169  0.982208  0.182741  0.043289  -0.182634  0.983160  -0.006445  -0.043738  -0.001575  0.999042  0.011963  -0.003995  0.008160  -0.022732  0.026338  0.240002  2.000000  
198.751025 0.019115  0.093327  -0.031161  0.982170  0.182949  0.043266  -0.182836  0.983121  -0.006574  -0.043738  -0.001454  0.999042  0.011601  -0.004141  0.008116  -0.026950  0.026525  0.241566  2.000000  
198.752220 0.019127  0.093321  -0.031152  0.982132  0.183151  0.043264  -0.183038  0.983084  -0.006583  -0.043738  -0.001454  0.999042  0.011346  -0.004287  0.008036  -0.027010  0.026584  0.242102  2.000000  
198.753223 0.019136  0.093315  -0.031144  0.982100  0.183354  0.043132  -0.183242  0.983046  -0.006567  -0.043605  -0.001454  0.999048  0.011048  -0.004428  0.007993  -0.026966  0.026572  0.242002  2.000000  
198.754487 0.019147  0.093308  -0.031136  0.982106  0.183359  0.042978  -0.183243  0.983045  -0.006662  -0.043471  -0.001333  0.999054  0.010667  -0.004581  0.007884  -0.030708  0.031081  0.234983  2.000000  
198.755722 0.019158  0.093301  -0.031127  0.982068  0.183561  0.042977  -0.183445  0.983007  -0.006670  -0.043471  -0.001333  0.999054  0.010337  -0.004780  0.007760  -0.026339  0.031118  0.228162  2.000000  
198.756965 0.019169  0.093294  -0.031119  0.982074  0.183567  0.042823  -0.183446  0.983006  -0.006765  -0.043337  -0.001212  0.999060  0.010050  -0.004871  0.007650  -0.029852  0.035349  0.219454  2.000000  
198.757967 0.019177  0.093289  -0.031112  0.982042  0.183769  0.042690  -0.183649  0.982969  -0.006749  -0.043204  -0.001212  0.999066  0.009776  -0.004998  0.007530  -0.029535  0.039818  0.212593  2.000000  
198.758971 0.019185  0.093283  -0.031106  0.982042  0.183774  0.042668  -0.183649  0.982968  -0.006869  -0.043204  -0.001091  0.999066  0.009512  -0.005137  0.007347  -0.033557  0.040174  0.207458  2.000000  
198.760219 0.019195  0.093275  -0.031098  0.982010  0.183977  0.042535  -0.183853  0.982930  -0.006853  -0.043070  -0.001091  0.999071  0.009259  -0.005255  0.007207  -0.033238  0.040197  0.200611  2.000000  
198.761220 0.019202  0.093269  -0.031092  0.982015  0.183982  0.042381  -0.183854  0.982929  -0.006947  -0.042936  -0.000969  0.999077  0.008962  -0.005359  0.007021  -0.036705  0.044361  0.192154  2.000000  
198.762467 0.019212  0.093262  -0.031085  0.982021  0.183988  0.042228  -0.183855  0.982928  -0.007042  -0.042802  -0.000848  0.999083  0.008761  -0.005449  0.006866  -0.040122  0.048831  0.178353  2.000000  
198.763473 0.019219  0.093256  -0.031079  0.982027  0.183988  0.042096  -0.183856  0.982928  -0.007017  -0.042669  -0.000848  0.999089  0.008550  -0.005565  0.006670  -0.040135  0.053734  0.172895  2.000000  
198.764490 0.019227  0.093251  -0.031073  0.981994  0.184195  0.041941  -0.184059  0.982889  -0.007121  -0.042535  -0.000727  0.999095  0.008360  -0.005556  0.006542  0.000000  0.000000  0.000000  2.000000  
198.765719 0.019236  0.093244  -0.031067  0.982000  0.184200  0.041787  -0.184060  0.982889  -0.007215  -0.042401  -0.000606  0.999100  0.008145  -0.005579  0.006396  0.000000  0.000000  0.000000  2.000000  
198.766968 0.019245  0.093238  -0.031060  0.982006  0.184205  0.041634  -0.184061  0.982888  -0.007310  -0.042268  -0.000485  0.999106  0.008016  -0.005579  0.006259  0.000000  0.000000  0.000000  2.000000  
198.767971 0.019252  0.093232  -0.031054  0.982011  0.184206  0.041502  -0.184062  0.982888  -0.007285  -0.042134  -0.000485  0.999112  0.007878  -0.005574  0.006166  0.000000  0.000000  0.000000  2.000000  
198.769219 0.019261  0.093226  -0.031048  0.982017  0.184211  0.041349  -0.184063  0.982887  -0.007380  -0.042000  -0.000364  0.999118  0.007704  -0.005573  0.005999  0.000000  0.000000  0.000000  2.000000  
198.770466 0.019269  0.093219  -0.031042  0.982022  0.184216  0.041195  -0.184064  0.982886  -0.007474  -0.041867  -0.000242  0.999123  0.007560  -0.005518  0.005803  0.000000  0.000000  0.000000  2.000000  
198.771716 0.019278  0.093213  -0.031036  0.981990  0.184423  0.041040  -0.184267  0.982847  -0.007578  -0.041733  -0.000121  0.999129  0.007419  -0.005486  0.005608  0.000000  0.000000  0.000000  2.000000  
198.772718 0.019285  0.093209  -0.031031  0.981995  0.184428  0.040886  -0.184268  0.982846  -0.007672  -0.041599  0.000000  0.999134  0.007306  -0.005426  0.005443  0.000000  0.000000  0.000000  2.000000  
198.773965 0.019294  0.093203  -0.031025  0.982001  0.184433  0.040732  -0.184269  0.982845  -0.007767  -0.041466  0.000121  0.999140  0.007261  -0.005285  0.005356  0.000000  0.000000  0.000000  2.000000  
198.774966 0.019301  0.093199  -0.031021  0.982006  0.184433  0.040601  -0.184270  0.982845  -0.007742  -0.041332  0.000121  0.999145  0.007179  -0.005192  0.005210  0.000000  0.000000  0.000000  2.000000  
198.775967 0.019308  0.093195  -0.031016  0.982012  0.184438  0.040447  -0.184271  0.982844  -0.007837  -0.041198  0.000242  0.999151  0.007166  -0.005045  0.005155  0.000000  0.000000  0.000000  2.000000  
198.777220 0.019316  0.093190  -0.031010  0.982017  0.184443  0.040293  -0.184272  0.982843  -0.007931  -0.041065  0.000364  0.999156  0.007104  -0.004894  0.005066  0.000000  0.000000  0.000000  2.000000  
198.778220 0.019324  0.093186  -0.031005  0.982022  0.184447  0.040139  -0.184273  0.982842  -0.008026  -0.040931  0.000485  0.999162  0.007094  -0.004748  0.005013  0.000000  0.000000  0.000000  2.000000  
198.779470 0.019332  0.093182  -0.031000  0.981990  0.184655  0.039984  -0.184477  0.982803  -0.008128  -0.040797  0.000606  0.999167  0.007058  -0.004622  0.004937  0.000000  0.000000  0.000000  2.000000  
198.780715 0.019341  0.093179  -0.030994  0.981990  0.184659  0.039962  -0.184477  0.982802  -0.008248  -0.040797  0.000727  0.999167  0.007044  -0.004383  0.004884  0.000000  0.000000  0.000000  2.000000  
198.781727 0.019348  0.093176  -0.030989  0.981995  0.184664  0.039808  -0.184478  0.982801  -0.008342  -0.040664  0.000848  0.999173  0.006997  -0.004181  0.004811  0.000000  0.000000  0.000000  2.000000  
198.782970 0.019357  0.093172  -0.030984  0.982000  0.184669  0.039654  -0.184479  0.982800  -0.008437  -0.040530  0.000970  0.999178  0.006986  -0.004005  0.004705  0.000000  0.000000  0.000000  2.000000  
198.784219 0.019366  0.093170  -0.030977  0.981968  0.184876  0.039498  -0.184682  0.982761  -0.008539  -0.040396  0.001091  0.999183  0.007012  -0.003743  0.004680  0.000000  0.000000  0.000000  2.000000  
198.785220 0.019373  0.093168  -0.030973  0.981973  0.184881  0.039345  -0.184683  0.982760  -0.008634  -0.040263  0.001212  0.999188  0.007042  -0.003503  0.004707  0.000000  0.000000  0.000000  2.000000  
198.786483 0.019382  0.093165  -0.030967  0.981978  0.184885  0.039191  -0.184684  0.982759  -0.008728  -0.040129  0.001333  0.999194  0.007030  -0.003262  0.004655  0.000000  0.000000  0.000000  2.000000  
198.787720 0.019391  0.093163  -0.030961  0.981946  0.185092  0.039035  -0.184887  0.982720  -0.008831  -0.039995  0.001454  0.999199  0.007042  -0.002966  0.004672  0.000000  0.000000  0.000000  2.000000  
198.788970 0.019399  0.093162  -0.030955  0.981946  0.185097  0.039013  -0.184887  0.982719  -0.008950  -0.039995  0.001576  0.999199  0.007052  -0.002759  0.004684  0.000000  0.000000  0.000000  2.000000  
198.789970 0.019406  0.093161  -0.030951  0.981913  0.185304  0.038857  -0.185090  0.982680  -0.009053  -0.039861  0.001697  0.999204  0.007028  -0.002515  0.004675  0.000000  0.000000  0.000000  2.000000  
