1-Time 2-Px 3-Py 4-Pz 5-R11 6-R21 7-R31 8-R12 9-R22 10-R32 11-R13 12-R23 13-R33 14-Vx 15-Vy 16-Vz 17-Wx 18-Wy 19-Wz 20-state 21-PR11 22-PR21 23-PR31 24-PR12 25-PR22 26-PR32 27-PR13 28-PR23 29-PR33 
85.283579 0.012002  0.093895  -0.036990  0.988494  0.147057  0.035397  -0.147604  0.988956  0.013355  -0.033042  -0.018426  0.999284  0.000383  0.000447  0.000102  0.000000  0.000000  0.000000  2.000000  
85.284590 0.012003  0.093895  -0.036989  0.988494  0.147057  0.035397  -0.147604  0.988956  0.013355  -0.033042  -0.018426  0.999284  0.000422  0.000481  0.000124  0.000000  0.000000  0.000000  2.000000  
85.285834 0.012006  0.093896  -0.036988  0.988373  0.147872  0.035408  -0.148418  0.988835  0.013326  -0.033042  -0.018426  0.999284  0.000608  0.000476  0.000187  0.000000  0.000000  0.000000  2.000000  
85.286835 0.012009  0.093896  -0.036987  0.988241  0.148677  0.035701  -0.149231  0.988712  0.013377  -0.033310  -0.018547  0.999273  0.000818  0.000415  0.000263  0.000000  0.000000  0.000000  2.000000  
85.287835 0.012013  0.093895  -0.036986  0.988140  0.149282  0.035974  -0.149840  0.988621  0.013314  -0.033577  -0.018547  0.999264  0.001015  0.000382  0.000332  0.000000  0.000000  0.000000  2.000000  
85.289085 0.012019  0.093895  -0.036985  0.988074  0.149687  0.036112  -0.150246  0.988559  0.013280  -0.033711  -0.018547  0.999260  0.001379  0.000315  0.000352  0.000000  0.000000  0.000000  2.000000  
85.290345 0.012025  0.093895  -0.036985  0.987981  0.150293  0.036138  -0.150856  0.988465  0.013377  -0.033711  -0.018668  0.999257  0.001777  0.000273  0.000346  0.000000  0.000000  0.000000  2.000000  
85.291602 0.012033  0.093896  -0.036985  0.987829  0.151313  0.036020  -0.151874  0.988310  0.013360  -0.033577  -0.018668  0.999262  0.002261  0.000339  0.000395  0.000000  0.000000  0.000000  2.000000  
85.292832 0.012040  0.093897  -0.036985  0.987677  0.152328  0.035920  -0.152891  0.988151  0.013463  -0.033443  -0.018789  0.999264  0.002742  0.000349  0.000340  0.000000  0.000000  0.000000  2.000000  
85.293832 0.012047  0.093897  -0.036985  0.987546  0.153135  0.036082  -0.153704  0.988024  0.013533  -0.033577  -0.018911  0.999257  0.003175  0.000335  0.000355  0.013699  -0.021717  0.200165  2.000000  
85.294836 0.012055  0.093898  -0.036985  0.987415  0.153946  0.036225  -0.154516  0.987898  0.013483  -0.033711  -0.018910  0.999253  0.003697  0.000343  0.000327  0.012760  -0.026724  0.227708  2.000000  
85.296084 0.012066  0.093900  -0.036985  0.987210  0.155155  0.036657  -0.155734  0.987707  0.013495  -0.034112  -0.019031  0.999237  0.004395  0.000483  0.000309  0.011323  -0.041023  0.268977  2.000000  
85.297085 0.012076  0.093902  -0.036983  0.987040  0.156162  0.036953  -0.156748  0.987546  0.013535  -0.034379  -0.019152  0.999225  0.005024  0.000546  0.000395  0.014196  -0.050676  0.303341  2.000000  
85.298343 0.012088  0.093903  -0.036979  0.986804  0.157575  0.037256  -0.158169  0.987319  0.013560  -0.034647  -0.019273  0.999214  0.005824  0.000577  0.000687  0.016589  -0.060586  0.351493  2.000000  
85.299364 0.012098  0.093903  -0.036977  0.986636  0.158589  0.037402  -0.159184  0.987157  0.013500  -0.034781  -0.019273  0.999209  0.006444  0.000529  0.000816  0.015380  -0.065680  0.385656  2.000000  
85.300586 0.012112  0.093904  -0.036976  0.986467  0.159598  0.037567  -0.160199  0.986992  0.013560  -0.034914  -0.019394  0.999202  0.007146  0.000602  0.000854  0.018269  -0.070916  0.420500  2.000000  
85.301834 0.012126  0.093906  -0.036973  0.986264  0.160814  0.037716  -0.161417  0.986794  0.013492  -0.035048  -0.019394  0.999197  0.007801  0.000688  0.000914  0.016829  -0.076201  0.461926  2.000000  
85.303083 0.012141  0.093905  -0.036972  0.986093  0.161823  0.037881  -0.162431  0.986627  0.013551  -0.035182  -0.019515  0.999190  0.008511  0.000664  0.000954  0.019696  -0.081387  0.496435  2.000000  
85.304085 0.012154  0.093903  -0.036971  0.985920  0.162836  0.038027  -0.163445  0.986460  0.013490  -0.035316  -0.019515  0.999186  0.009099  0.000549  0.000940  0.018483  -0.086556  0.531024  2.000000  
85.305086 0.012169  0.093902  -0.036970  0.985708  0.164049  0.038307  -0.164661  0.986259  0.013399  -0.035583  -0.019515  0.999176  0.009756  0.000471  0.000986  0.016988  -0.096341  0.572369  2.000000  
85.306345 0.012187  0.093900  -0.036970  0.985460  0.165465  0.038590  -0.166080  0.986023  0.013299  -0.035850  -0.019515  0.999167  0.010479  0.000253  0.000974  0.014993  -0.106308  0.627062  2.000000  
85.307585 0.012206  0.093898  -0.036969  0.985245  0.166677  0.038870  -0.167296  0.985818  0.013207  -0.036118  -0.019515  0.999157  0.011251  0.000089  0.001094  0.013480  -0.116133  0.668643  2.000000  
85.308587 0.012221  0.093894  -0.036968  0.985102  0.167487  0.039013  -0.168106  0.985681  0.013152  -0.036251  -0.019515  0.999152  0.011760  -0.000180  0.001141  0.012474  -0.121132  0.696091  2.000000  
85.309833 0.012241  0.093889  -0.036968  0.984884  0.168699  0.039293  -0.169321  0.985474  0.013059  -0.036519  -0.019515  0.999142  0.012411  -0.000583  0.001138  0.010938  -0.130928  0.737497  2.000000  
85.310836 0.012257  0.093885  -0.036968  0.984704  0.169711  0.039438  -0.170334  0.985301  0.012996  -0.036653  -0.019514  0.999138  0.012969  -0.001019  0.001109  0.009682  -0.136068  0.771911  2.000000  
85.312080 0.012277  0.093879  -0.036969  0.984489  0.170930  0.039565  -0.171549  0.985092  0.012804  -0.036786  -0.019393  0.999135  0.013431  -0.001491  0.000947  0.004107  -0.141379  0.813760  2.000000  
85.313085 0.012292  0.093874  -0.036970  0.984347  0.171741  0.039575  -0.172360  0.984951  0.012772  -0.036786  -0.019393  0.999135  0.013832  -0.001998  0.000656  0.003139  -0.141849  0.841109  2.000000  
85.314344 0.012311  0.093866  -0.036971  0.984231  0.172344  0.039847  -0.172966  0.984846  0.012701  -0.037054  -0.019393  0.999125  0.014215  -0.002482  0.000409  0.002299  -0.151227  0.861644  2.000000  
85.315346 0.012327  0.093860  -0.036971  0.984119  0.172955  0.039965  -0.173573  0.984741  0.012534  -0.037187  -0.019272  0.999122  0.014575  -0.002996  0.000291  -0.002062  -0.154535  0.861425  2.000000  
85.316588 0.012347  0.093852  -0.036973  0.983966  0.173760  0.040239  -0.174382  0.984599  0.012454  -0.037455  -0.019271  0.999112  0.014922  -0.003649  0.000031  -0.005899  -0.155597  0.854664  2.000000  
85.317839 0.012366  0.093843  -0.036973  0.983812  0.174571  0.040491  -0.175190  0.984458  0.012255  -0.037722  -0.019150  0.999105  0.015195  -0.004188  -0.000117  -0.010451  -0.155666  0.861530  2.000000  
85.319084 0.012383  0.093834  -0.036973  0.983662  0.175384  0.040611  -0.175999  0.984316  0.012079  -0.037856  -0.019029  0.999102  0.015260  -0.004568  -0.000137  -0.015014  -0.154603  0.868228  2.000000  
85.320336 0.012401  0.093825  -0.036973  0.983585  0.175792  0.040727  -0.176403  0.984246  0.011919  -0.037990  -0.018908  0.999099  0.015255  -0.005095  -0.000173  -0.022919  -0.158978  0.861526  2.000000  
85.321583 0.012418  0.093816  -0.036973  0.983507  0.176204  0.040820  -0.176808  0.984177  0.011640  -0.038123  -0.018665  0.999099  0.015106  -0.005659  -0.000226  -0.030280  -0.167467  0.841086  2.000000  
85.322586 0.012431  0.093809  -0.036972  0.983434  0.176615  0.040804  -0.177212  0.984105  0.011504  -0.038123  -0.018544  0.999101  0.014944  -0.006013  -0.000284  -0.037864  -0.172855  0.826688  2.000000  
85.323586 0.012443  0.093801  -0.036972  0.983356  0.177022  0.040918  -0.177616  0.984034  0.011344  -0.038257  -0.018423  0.999098  0.014795  -0.006220  -0.000233  -0.045530  -0.171409  0.813521  2.000000  
85.324590 0.012455  0.093793  -0.036971  0.983319  0.177235  0.040878  -0.177819  0.984001  0.011096  -0.038257  -0.018180  0.999103  0.014501  -0.006498  -0.000223  -0.053092  -0.167616  0.792214  2.000000  
85.325832 0.012469  0.093783  -0.036972  0.983236  0.177645  0.041102  -0.178222  0.983931  0.010793  -0.038524  -0.017938  0.999097  0.014148  -0.006828  -0.000212  -0.064595  -0.162594  0.764798  2.000000  
85.327086 0.012483  0.093771  -0.036973  0.983194  0.177855  0.041193  -0.178423  0.983898  0.010522  -0.038658  -0.017695  0.999096  0.013712  -0.007227  -0.000238  -0.075698  -0.157373  0.730125  2.000000  
85.328331 0.012494  0.093758  -0.036975  0.983115  0.178263  0.041307  -0.178827  0.983826  0.010362  -0.038792  -0.017574  0.999093  0.013256  -0.007593  -0.000294  -0.082338  -0.151186  0.697101  2.000000  
85.329338 0.012503  0.093748  -0.036977  0.983073  0.178473  0.041398  -0.179029  0.983792  0.010091  -0.038926  -0.017331  0.999092  0.012783  -0.007853  -0.000397  -0.089555  -0.150675  0.670016  2.000000  
85.330344 0.012511  0.093738  -0.036979  0.983037  0.178681  0.041378  -0.179231  0.983757  0.009963  -0.038926  -0.017210  0.999094  0.012234  -0.008161  -0.000495  -0.097378  -0.146764  0.647293  2.000000  
85.331583 0.012521  0.093725  -0.036980  0.983000  0.178888  0.041358  -0.179434  0.983721  0.009835  -0.038926  -0.017089  0.999096  0.011599  -0.008497  -0.000505  -0.099667  -0.140586  0.614756  2.000000  
85.332588 0.012527  0.093713  -0.036981  0.983000  0.178898  0.041315  -0.179434  0.983723  0.009597  -0.038926  -0.016847  0.999100  0.011027  -0.008775  -0.000519  -0.111432  -0.141070  0.585227  2.000000  
85.333835 0.012536  0.093700  -0.036982  0.983000  0.178904  0.041293  -0.179434  0.983724  0.009477  -0.038926  -0.016726  0.999102  0.010349  -0.009089  -0.000614  -0.114068  -0.131315  0.544019  2.000000  
85.335084 0.012543  0.093686  -0.036984  0.982963  0.179111  0.041273  -0.179636  0.983689  0.009349  -0.038926  -0.016604  0.999104  0.009668  -0.009430  -0.000744  -0.115960  -0.120656  0.505391  2.000000  
85.336085 0.012549  0.093675  -0.036987  0.982921  0.179321  0.041363  -0.179837  0.983654  0.009078  -0.039059  -0.016362  0.999103  0.009123  -0.009746  -0.000936  -0.123674  -0.116402  0.468385  2.000000  
85.337337 0.012555  0.093661  -0.036989  0.982878  0.179527  0.041475  -0.180039  0.983619  0.008926  -0.039193  -0.016241  0.999100  0.008543  -0.010016  -0.001102  -0.126492  -0.111211  0.433708  2.000000  
85.338348 0.012560  0.093649  -0.036991  0.982841  0.179734  0.041455  -0.180241  0.983583  0.008799  -0.039193  -0.016119  0.999102  0.007905  -0.010313  -0.001295  -0.129774  -0.106285  0.412923  2.000000  
85.339584 0.012565  0.093636  -0.036991  0.982841  0.179744  0.041411  -0.180241  0.983585  0.008560  -0.039193  -0.015877  0.999106  0.007356  -0.010522  -0.001353  -0.136454  -0.096541  0.371743  2.000000  
85.340832 0.012571  0.093623  -0.036992  0.982841  0.179754  0.041368  -0.180241  0.983587  0.008321  -0.039193  -0.015635  0.999109  0.006712  -0.010698  -0.001346  -0.142151  -0.090646  0.334512  2.000000  
85.342080 0.012578  0.093611  -0.036990  0.982804  0.179962  0.041348  -0.180443  0.983551  0.008193  -0.039193  -0.015513  0.999111  0.006349  -0.010729  -0.001144  -0.140854  -0.085537  0.300280  2.000000  
85.343080 0.012582  0.093601  -0.036989  0.982804  0.179972  0.041304  -0.180443  0.983553  0.007955  -0.039193  -0.015271  0.999115  0.006035  -0.010713  -0.000943  -0.147919  -0.085037  0.272904  2.000000  
85.344336 0.012588  0.093588  -0.036987  0.982799  0.179975  0.041414  -0.180442  0.983555  0.007811  -0.039327  -0.015150  0.999112  0.005699  -0.010670  -0.000658  -0.151252  -0.080215  0.252445  2.000000  
85.345347 0.012593  0.093578  -0.036985  0.982794  0.179983  0.041501  -0.180441  0.983557  0.007549  -0.039460  -0.014907  0.999110  0.005417  -0.010626  -0.000392  -0.155447  -0.080304  0.226731  2.000000  
85.346582 0.012599  0.093566  -0.036983  0.982789  0.179986  0.041611  -0.180441  0.983558  0.007405  -0.039594  -0.014786  0.999106  0.005227  -0.010592  -0.000163  -0.157563  -0.074870  0.204515  2.000000  
85.347585 0.012605  0.093556  -0.036981  0.982789  0.179991  0.041589  -0.180441  0.983559  0.007286  -0.039594  -0.014665  0.999108  0.005167  -0.010507  -0.000001  -0.156498  -0.069912  0.177146  2.000000  
85.348832 0.012612  0.093544  -0.036978  0.982783  0.179999  0.041677  -0.180440  0.983561  0.007023  -0.039728  -0.014422  0.999106  0.005057  -0.010446  0.000276  0.000000  0.000000  0.000000  2.000000  
85.349839 0.012618  0.093534  -0.036975  0.982783  0.179999  0.041677  -0.180440  0.983561  0.007023  -0.039728  -0.014422  0.999106  0.005052  -0.010307  0.000585  0.000000  0.000000  0.000000  2.000000  
85.351085 0.012627  0.093523  -0.036973  0.982783  0.180004  0.041655  -0.180440  0.983562  0.006904  -0.039728  -0.014301  0.999108  0.005162  -0.010142  0.000936  0.000000  0.000000  0.000000  2.000000  
85.352085 0.012634  0.093513  -0.036971  0.982778  0.180008  0.041765  -0.180439  0.983563  0.006760  -0.039861  -0.014180  0.999105  0.005341  -0.009982  0.001268  0.000000  0.000000  0.000000  2.000000  
85.353336 0.012644  0.093502  -0.036966  0.982810  0.179803  0.041895  -0.180235  0.983600  0.006745  -0.039995  -0.014180  0.999099  0.005638  -0.009834  0.001627  0.000000  0.000000  0.000000  2.000000  
85.354346 0.012653  0.093492  -0.036964  0.982773  0.180011  0.041875  -0.180438  0.983564  0.006617  -0.039995  -0.014059  0.999101  0.005904  -0.009714  0.001870  0.000000  0.000000  0.000000  2.000000  
85.355351 0.012662  0.093483  -0.036960  0.982768  0.180009  0.042006  -0.180437  0.983565  0.006593  -0.040129  -0.014059  0.999096  0.006213  -0.009637  0.002161  0.000000  0.000000  0.000000  2.000000  
85.356585 0.012674  0.093473  -0.036954  0.982762  0.180007  0.042137  -0.180436  0.983565  0.006569  -0.040263  -0.014059  0.999090  0.006582  -0.009560  0.002457  0.000000  0.000000  0.000000  2.000000  
85.357587 0.012685  0.093464  -0.036950  0.982757  0.180005  0.042269  -0.180435  0.983565  0.006545  -0.040396  -0.014059  0.999085  0.007004  -0.009425  0.002699  0.000000  0.000000  0.000000  2.000000  
85.358832 0.012699  0.093454  -0.036944  0.982789  0.179806  0.042377  -0.180231  0.983603  0.006410  -0.040530  -0.013937  0.999081  0.007574  -0.009282  0.002953  0.000000  0.000000  0.000000  2.000000  
85.360085 0.012714  0.093444  -0.036937  0.982789  0.179806  0.042377  -0.180231  0.983603  0.006410  -0.040530  -0.013937  0.999081  0.008217  -0.009094  0.003251  0.000000  0.000000  0.000000  2.000000  
85.361335 0.012730  0.093435  -0.036930  0.982746  0.180007  0.042510  -0.180433  0.983567  0.006377  -0.040664  -0.013937  0.999076  0.008792  -0.008858  0.003586  0.000000  0.000000  0.000000  2.000000  
85.362585 0.012746  0.093427  -0.036922  0.982746  0.180007  0.042510  -0.180433  0.983567  0.006377  -0.040664  -0.013937  0.999076  0.009413  -0.008576  0.003927  0.000000  0.000000  0.000000  2.000000  
85.363832 0.012763  0.093419  -0.036913  0.982741  0.180005  0.042642  -0.180432  0.983567  0.006353  -0.040797  -0.013937  0.999070  0.010091  -0.008328  0.004349  0.000000  0.000000  0.000000  2.000000  
85.364832 0.012778  0.093413  -0.036905  0.982741  0.180005  0.042642  -0.180432  0.983567  0.006353  -0.040797  -0.013937  0.999070  0.010678  -0.008053  0.004668  0.000000  0.000000  0.000000  2.000000  
85.365853 0.012793  0.093408  -0.036897  0.982736  0.179998  0.042795  -0.180431  0.983567  0.006448  -0.040931  -0.014058  0.999063  0.011273  -0.007774  0.005117  0.000000  0.000000  0.000000  2.000000  
85.367085 0.012813  0.093401  -0.036887  0.982736  0.179998  0.042795  -0.180431  0.983567  0.006448  -0.040931  -0.014058  0.999063  0.011981  -0.007449  0.005608  0.000000  0.000000  0.000000  2.000000  
85.368088 0.012829  0.093396  -0.036879  0.982736  0.179998  0.042795  -0.180431  0.983567  0.006448  -0.040931  -0.014058  0.999063  0.012519  -0.007161  0.005947  0.000000  0.000000  0.000000  2.000000  
85.369333 0.012849  0.093389  -0.036869  0.982730  0.179991  0.042948  -0.180430  0.983566  0.006543  -0.041065  -0.014179  0.999056  0.013115  -0.006858  0.006345  0.000000  0.000000  0.000000  2.000000  
85.370346 0.012866  0.093385  -0.036861  0.982730  0.179986  0.042970  -0.180430  0.983565  0.006662  -0.041065  -0.014300  0.999054  0.013608  -0.006575  0.006560  0.000000  0.000000  0.000000  2.000000  
85.371588 0.012887  0.093378  -0.036853  0.982730  0.179980  0.042992  -0.180430  0.983564  0.006782  -0.041065  -0.014422  0.999052  0.014239  -0.006258  0.006784  0.000000  0.000000  0.000000  2.000000  
85.372834 0.012909  0.093372  -0.036846  0.982693  0.180178  0.043015  -0.180632  0.983527  0.006892  -0.041065  -0.014543  0.999051  0.014737  -0.006052  0.006831  0.000000  0.000000  0.000000  2.000000  
85.373835 0.012926  0.093367  -0.036840  0.982693  0.180172  0.043037  -0.180632  0.983526  0.007012  -0.041065  -0.014664  0.999049  0.015234  -0.005778  0.006964  0.000000  0.000000  0.000000  2.000000  
85.375080 0.012948  0.093360  -0.036833  0.982693  0.180167  0.043059  -0.180632  0.983525  0.007131  -0.041065  -0.014785  0.999047  0.015650  -0.005608  0.006918  0.000000  0.000000  0.000000  2.000000  
85.376084 0.012966  0.093355  -0.036827  0.982693  0.180167  0.043059  -0.180632  0.983525  0.007131  -0.041065  -0.014785  0.999047  0.016051  -0.005463  0.006931  0.000000  0.000000  0.000000  2.000000  
85.377087 0.012984  0.093350  -0.036822  0.982693  0.180162  0.043081  -0.180632  0.983524  0.007250  -0.041065  -0.014906  0.999045  0.016391  -0.005370  0.006896  0.000000  0.000000  0.000000  2.000000  
85.378331 0.013007  0.093343  -0.036815  0.982656  0.180359  0.043104  -0.180834  0.983486  0.007361  -0.041065  -0.015028  0.999043  0.016742  -0.005288  0.006772  0.000000  0.000000  0.000000  2.000000  
85.379336 0.013026  0.093337  -0.036811  0.982661  0.180351  0.043016  -0.180835  0.983484  0.007623  -0.040931  -0.015270  0.999045  0.017054  -0.005250  0.006514  0.000000  0.000000  0.000000  2.000000  
85.380586 0.013049  0.093330  -0.036806  0.982661  0.180346  0.043038  -0.180835  0.983483  0.007743  -0.040931  -0.015391  0.999043  0.017352  -0.005252  0.006197  0.000000  0.000000  0.000000  2.000000  
85.381831 0.013072  0.093323  -0.036801  0.982629  0.180545  0.042930  -0.181039  0.983444  0.007877  -0.040797  -0.015512  0.999047  0.017553  -0.005275  0.005858  0.000000  0.000000  0.000000  2.000000  
85.382835 0.013091  0.093317  -0.036797  0.982635  0.180542  0.042821  -0.181040  0.983443  0.008021  -0.040664  -0.015634  0.999051  0.017720  -0.005348  0.005568  0.000000  0.000000  0.000000  2.000000  
85.383836 0.013109  0.093311  -0.036794  0.982635  0.180536  0.042843  -0.181040  0.983442  0.008140  -0.040664  -0.015755  0.999049  0.017854  -0.005423  0.005254  0.000000  0.000000  0.000000  2.000000  
85.385084 0.013132  0.093304  -0.036789  0.982640  0.180533  0.042733  -0.181041  0.983441  0.008284  -0.040530  -0.015876  0.999052  0.018035  -0.005465  0.004932  0.000000  0.000000  0.000000  2.000000  
85.386085 0.013150  0.093298  -0.036787  0.982640  0.180528  0.042755  -0.181041  0.983440  0.008403  -0.040530  -0.015997  0.999050  0.018099  -0.005558  0.004623  0.000000  0.000000  0.000000  2.000000  
85.387337 0.013173  0.093290  -0.036782  0.982645  0.180530  0.042623  -0.181042  0.983439  0.008427  -0.040396  -0.015997  0.999056  0.018195  -0.005574  0.004444  0.000000  0.000000  0.000000  2.000000  
85.388337 0.013191  0.093284  -0.036780  0.982645  0.180525  0.042645  -0.181042  0.983438  0.008546  -0.040396  -0.016119  0.999054  0.018219  -0.005694  0.004198  0.000000  0.000000  0.000000  2.000000  
85.389338 0.013208  0.093278  -0.036777  0.982651  0.180522  0.042536  -0.181043  0.983437  0.008690  -0.040263  -0.016240  0.999057  0.018228  -0.005730  0.004022  0.000000  0.000000  0.000000  2.000000  
85.390342 0.013226  0.093272  -0.036775  0.982656  0.180524  0.042404  -0.181044  0.983436  0.008714  -0.040129  -0.016240  0.999063  0.018206  -0.005821  0.003810  0.000000  0.000000  0.000000  2.000000  
85.391586 0.013248  0.093264  -0.036772  0.982656  0.180519  0.042426  -0.181044  0.983435  0.008833  -0.040129  -0.016361  0.999061  0.018168  -0.005914  0.003471  0.000000  0.000000  0.000000  2.000000  
85.392833 0.013269  0.093256  -0.036770  0.982699  0.180314  0.042315  -0.180842  0.983471  0.008986  -0.039995  -0.016482  0.999064  0.018065  -0.005974  0.003234  0.000000  0.000000  0.000000  2.000000  
85.394080 0.013290  0.093247  -0.036768  0.982704  0.180311  0.042205  -0.180843  0.983470  0.009129  -0.039861  -0.016604  0.999067  0.017916  -0.006087  0.002947  0.000000  0.000000  0.000000  2.000000  
85.395084 0.013306  0.093240  -0.036767  0.982704  0.180311  0.042205  -0.180843  0.983470  0.009129  -0.039861  -0.016604  0.999067  0.017751  -0.006234  0.002662  0.000000  0.000000  0.000000  2.000000  
85.396331 0.013327  0.093230  -0.036766  0.982746  0.180105  0.042094  -0.180642  0.983505  0.009281  -0.039728  -0.016725  0.999071  0.017612  -0.006397  0.002409  0.000000  0.000000  0.000000  2.000000  
85.397332 0.013343  0.093222  -0.036766  0.982746  0.180105  0.042094  -0.180642  0.983505  0.009281  -0.039728  -0.016725  0.999071  0.017428  -0.006522  0.002202  0.000000  0.000000  0.000000  2.000000  
85.398588 0.013363  0.093213  -0.036764  0.982751  0.180102  0.041984  -0.180643  0.983504  0.009425  -0.039594  -0.016846  0.999074  0.017218  -0.006658  0.002025  0.000000  0.000000  0.000000  2.000000  
85.399839 0.013382  0.093203  -0.036763  0.982757  0.180100  0.041874  -0.180644  0.983502  0.009568  -0.039460  -0.016968  0.999077  0.016950  -0.006850  0.001807  0.000000  0.000000  0.000000  2.000000  
85.401088 0.013401  0.093192  -0.036761  0.982799  0.179899  0.041741  -0.180442  0.983539  0.009601  -0.039327  -0.016968  0.999082  0.016707  -0.007077  0.001644  0.000000  0.000000  0.000000  2.000000  
85.402088 0.013417  0.093184  -0.036759  0.982799  0.179894  0.041763  -0.180442  0.983538  0.009720  -0.039327  -0.017089  0.999080  0.016527  -0.007209  0.001586  0.000000  0.000000  0.000000  2.000000  
85.403337 0.013435  0.093173  -0.036758  0.982799  0.179894  0.041763  -0.180442  0.983538  0.009720  -0.039327  -0.017089  0.999080  0.016261  -0.007428  0.001467  0.000000  0.000000  0.000000  2.000000  
85.404338 0.013450  0.093165  -0.036756  0.982841  0.179694  0.041629  -0.180241  0.983574  0.009753  -0.039193  -0.017089  0.999086  0.016075  -0.007563  0.001387  0.000000  0.000000  0.000000  2.000000  
85.405349 0.013464  0.093156  -0.036755  0.982841  0.179694  0.041629  -0.180241  0.983574  0.009753  -0.039193  -0.017089  0.999086  0.015826  -0.007693  0.001251  0.000000  0.000000  0.000000  2.000000  
85.406585 0.013481  0.093146  -0.036753  0.982841  0.179689  0.041651  -0.180241  0.983573  0.009872  -0.039193  -0.017210  0.999083  0.015581  -0.007882  0.001271  0.000000  0.000000  0.000000  2.000000  
85.407589 0.013496  0.093137  -0.036751  0.982884  0.179489  0.041518  -0.180040  0.983609  0.009905  -0.039059  -0.017210  0.999089  0.015369  -0.008022  0.001254  0.000000  0.000000  0.000000  2.000000  
85.408833 0.013513  0.093127  -0.036748  0.982884  0.179489  0.041518  -0.180040  0.983609  0.009905  -0.039059  -0.017210  0.999089  0.015110  -0.008098  0.001341  0.000000  0.000000  0.000000  2.000000  
85.409837 0.013527  0.093120  -0.036745  0.982884  0.179489  0.041518  -0.180040  0.983609  0.009905  -0.039059  -0.017210  0.999089  0.014925  -0.008145  0.001476  0.000000  0.000000  0.000000  2.000000  
85.411080 0.013544  0.093110  -0.036741  0.982921  0.179286  0.041516  -0.179837  0.983646  0.009913  -0.039059  -0.017210  0.999089  0.014722  -0.008152  0.001669  0.000000  0.000000  0.000000  2.000000  
85.412084 0.013557  0.093103  -0.036737  0.982921  0.179286  0.041516  -0.179837  0.983646  0.009913  -0.039059  -0.017210  0.999089  0.014647  -0.008153  0.001936  0.000000  0.000000  0.000000  2.000000  
85.413085 0.013570  0.093094  -0.036734  0.982921  0.179286  0.041516  -0.179837  0.983646  0.009913  -0.039059  -0.017210  0.999089  0.014374  -0.008144  0.002087  0.000000  0.000000  0.000000  2.000000  
85.414338 0.013587  0.093085  -0.036729  0.982958  0.179084  0.041514  -0.179635  0.983683  0.009922  -0.039059  -0.017210  0.999089  0.014210  -0.008125  0.002337  0.000000  0.000000  0.000000  2.000000  
85.415346 0.013600  0.093076  -0.036726  0.982958  0.179089  0.041492  -0.179635  0.983684  0.009803  -0.039059  -0.017089  0.999091  0.013981  -0.008121  0.002449  0.000000  0.000000  0.000000  2.000000  
85.416590 0.013616  0.093067  -0.036721  0.982958  0.179089  0.041492  -0.179635  0.983684  0.009803  -0.039059  -0.017089  0.999091  0.013766  -0.008113  0.002665  0.000000  0.000000  0.000000  2.000000  
85.417839 0.013632  0.093057  -0.036715  0.982958  0.179089  0.041492  -0.179635  0.983684  0.009803  -0.039059  -0.017089  0.999091  0.013617  -0.008049  0.002875  0.000000  0.000000  0.000000  2.000000  
85.419084 0.013648  0.093047  -0.036710  0.982958  0.179089  0.041492  -0.179635  0.983684  0.009803  -0.039059  -0.017089  0.999091  0.013467  -0.007988  0.003133  0.000000  0.000000  0.000000  2.000000  
85.420085 0.013661  0.093039  -0.036706  0.982958  0.179089  0.041492  -0.179635  0.983684  0.009803  -0.039059  -0.017089  0.999091  0.013357  -0.007987  0.003312  0.000000  0.000000  0.000000  2.000000  
85.421337 0.013677  0.093029  -0.036701  0.982958  0.179089  0.041492  -0.179635  0.983684  0.009803  -0.039059  -0.017089  0.999091  0.013276  -0.007937  0.003542  0.000000  0.000000  0.000000  2.000000  
85.422340 0.013690  0.093021  -0.036696  0.982952  0.179086  0.041623  -0.179634  0.983685  0.009779  -0.039193  -0.017089  0.999086  0.013151  -0.007882  0.003745  0.000000  0.000000  0.000000  2.000000  
85.423587 0.013706  0.093013  -0.036689  0.982952  0.179086  0.041623  -0.179634  0.983685  0.009779  -0.039193  -0.017089  0.999086  0.013076  -0.007790  0.004004  0.000000  0.000000  0.000000  2.000000  
85.424831 0.013722  0.093004  -0.036683  0.982952  0.179086  0.041623  -0.179634  0.983685  0.009779  -0.039193  -0.017089  0.999086  0.013017  -0.007729  0.004129  0.000000  0.000000  0.000000  2.000000  
85.425832 0.013734  0.092997  -0.036678  0.982915  0.179289  0.041625  -0.179836  0.983648  0.009770  -0.039193  -0.017089  0.999086  0.012931  -0.007644  0.004271  0.000000  0.000000  0.000000  2.000000  
85.427085 0.013750  0.092989  -0.036672  0.982915  0.179289  0.041625  -0.179836  0.983648  0.009770  -0.039193  -0.017089  0.999086  0.012877  -0.007558  0.004391  0.000000  0.000000  0.000000  2.000000  
85.428336 0.013766  0.092981  -0.036665  0.982915  0.179289  0.041625  -0.179836  0.983648  0.009770  -0.039193  -0.017089  0.999086  0.012809  -0.007443  0.004505  0.000000  0.000000  0.000000  2.000000  
85.429582 0.013782  0.092973  -0.036659  0.982878  0.179491  0.041627  -0.180039  0.983611  0.009762  -0.039193  -0.017089  0.999086  0.012761  -0.007303  0.004629  0.000000  0.000000  0.000000  2.000000  
85.430584 0.013794  0.092967  -0.036654  0.982878  0.179491  0.041627  -0.180039  0.983611  0.009762  -0.039193  -0.017089  0.999086  0.012710  -0.007162  0.004703  0.000000  0.000000  0.000000  2.000000  
85.431833 0.013810  0.092959  -0.036647  0.982841  0.179694  0.041629  -0.180241  0.983574  0.009753  -0.039193  -0.017089  0.999086  0.012701  -0.007023  0.004802  0.000000  0.000000  0.000000  2.000000  
85.432845 0.013822  0.092953  -0.036642  0.982841  0.179694  0.041629  -0.180241  0.983574  0.009753  -0.039193  -0.017089  0.999086  0.012633  -0.006870  0.004921  0.000000  0.000000  0.000000  2.000000  
85.434085 0.013838  0.092947  -0.036635  0.982804  0.179896  0.041631  -0.180443  0.983537  0.009744  -0.039193  -0.017089  0.999086  0.012621  -0.006649  0.005020  0.000000  0.000000  0.000000  2.000000  
85.435086 0.013850  0.092942  -0.036629  0.982804  0.179896  0.041631  -0.180443  0.983537  0.009744  -0.039193  -0.017089  0.999086  0.012606  -0.006449  0.005169  0.000000  0.000000  0.000000  2.000000  
85.436087 0.013863  0.092936  -0.036624  0.982767  0.180099  0.041633  -0.180646  0.983500  0.009736  -0.039193  -0.017089  0.999086  0.012621  -0.006282  0.005185  0.000000  0.000000  0.000000  2.000000  
85.437337 0.013878  0.092930  -0.036618  0.982730  0.180301  0.041635  -0.180848  0.983463  0.009727  -0.039193  -0.017089  0.999086  0.012589  -0.006078  0.005213  0.000000  0.000000  0.000000  2.000000  
85.438586 0.013894  0.092924  -0.036612  0.982730  0.180301  0.041635  -0.180848  0.983463  0.009727  -0.039193  -0.017089  0.999086  0.012565  -0.005913  0.005156  0.000000  0.000000  0.000000  2.000000  
85.439588 0.013907  0.092919  -0.036607  0.982693  0.180504  0.041637  -0.181050  0.983426  0.009719  -0.039193  -0.017089  0.999086  0.012549  -0.005720  0.005164  0.000000  0.000000  0.000000  2.000000  
85.440835 0.013923  0.092914  -0.036602  0.982660  0.180709  0.041508  -0.181254  0.983388  0.009734  -0.039059  -0.017089  0.999091  0.012556  -0.005501  0.005076  0.000000  0.000000  0.000000  2.000000  
85.442082 0.013939  0.092908  -0.036596  0.982623  0.180911  0.041510  -0.181456  0.983351  0.009726  -0.039059  -0.017089  0.999091  0.012558  -0.005368  0.005075  0.000000  0.000000  0.000000  2.000000  
85.443332 0.013954  0.092903  -0.036591  0.982586  0.181113  0.041512  -0.181658  0.983314  0.009717  -0.039059  -0.017089  0.999091  0.012543  -0.005206  0.004973  0.000000  0.000000  0.000000  2.000000  
85.444336 0.013967  0.092899  -0.036587  0.982586  0.181113  0.041512  -0.181658  0.983314  0.009717  -0.039059  -0.017089  0.999091  0.012551  -0.005032  0.004892  0.000000  0.000000  0.000000  2.000000  
85.445345 0.013980  0.092894  -0.036583  0.982548  0.181316  0.041514  -0.181860  0.983276  0.009709  -0.039059  -0.017089  0.999091  0.012599  -0.004923  0.004828  0.000000  0.000000  0.000000  2.000000  
85.446582 0.013996  0.092889  -0.036577  0.982516  0.181521  0.041384  -0.182064  0.983239  0.009725  -0.038926  -0.017089  0.999096  0.012606  -0.004776  0.004735  0.000000  0.000000  0.000000  2.000000  
85.447585 0.014008  0.092885  -0.036573  0.982516  0.181521  0.041384  -0.182064  0.983239  0.009725  -0.038926  -0.017089  0.999096  0.012617  -0.004671  0.004647  0.000000  0.000000  0.000000  2.000000  
85.448832 0.014024  0.092880  -0.036568  0.982478  0.181723  0.041386  -0.182266  0.983201  0.009716  -0.038926  -0.017089  0.999096  0.012630  -0.004565  0.004513  0.000000  0.000000  0.000000  2.000000  
85.449839 0.014037  0.092876  -0.036565  0.982478  0.181723  0.041386  -0.182266  0.983201  0.009716  -0.038926  -0.017089  0.999096  0.012645  -0.004469  0.004324  0.000000  0.000000  0.000000  2.000000  
85.451085 0.014053  0.092871  -0.036561  0.982446  0.181928  0.041257  -0.182469  0.983163  0.009732  -0.038792  -0.017089  0.999101  0.012646  -0.004327  0.004238  0.000000  0.000000  0.000000  2.000000  
85.452086 0.014065  0.092868  -0.036557  0.982446  0.181928  0.041257  -0.182469  0.983163  0.009732  -0.038792  -0.017089  0.999101  0.012659  -0.004226  0.004092  0.000000  0.000000  0.000000  2.000000  
85.453338 0.014081  0.092864  -0.036553  0.982408  0.182130  0.041259  -0.182671  0.983126  0.009723  -0.038792  -0.017089  0.999101  0.012686  -0.004061  0.004016  0.000000  0.000000  0.000000  2.000000  
85.454340 0.014094  0.092860  -0.036549  0.982408  0.182130  0.041259  -0.182671  0.983126  0.009723  -0.038792  -0.017089  0.999101  0.012673  -0.004008  0.003911  0.000000  0.000000  0.000000  2.000000  
85.455349 0.014106  0.092857  -0.036546  0.982376  0.182340  0.041107  -0.182875  0.983089  0.009620  -0.038658  -0.016968  0.999108  0.012665  -0.003894  0.003863  0.000000  0.000000  0.000000  2.000000  
85.456584 0.014122  0.092853  -0.036542  0.982376  0.182340  0.041107  -0.182875  0.983089  0.009620  -0.038658  -0.016968  0.999108  0.012654  -0.003794  0.003722  0.000000  0.000000  0.000000  2.000000  
85.457588 0.014134  0.092851  -0.036539  0.982338  0.182542  0.041109  -0.183077  0.983052  0.009612  -0.038658  -0.016968  0.999108  0.012634  -0.003649  0.003650  0.000000  0.000000  0.000000  2.000000  
85.458833 0.014150  0.092847  -0.036536  0.982343  0.182544  0.040978  -0.183078  0.983051  0.009636  -0.038524  -0.016968  0.999114  0.012610  -0.003568  0.003539  0.000000  0.000000  0.000000  2.000000  
85.459836 0.014162  0.092844  -0.036533  0.982343  0.182544  0.040978  -0.183078  0.983051  0.009636  -0.038524  -0.016968  0.999114  0.012569  -0.003456  0.003419  0.000000  0.000000  0.000000  2.000000  
85.461080 0.014177  0.092840  -0.036530  0.982343  0.182544  0.040978  -0.183078  0.983051  0.009636  -0.038524  -0.016968  0.999114  0.012515  -0.003385  0.003260  0.000000  0.000000  0.000000  2.000000  
85.462082 0.014189  0.092837  -0.036528  0.982311  0.182749  0.040849  -0.183281  0.983013  0.009652  -0.038391  -0.016968  0.999119  0.012458  -0.003321  0.003103  0.000000  0.000000  0.000000  2.000000  
85.463110 0.014201  0.092834  -0.036526  0.982311  0.182749  0.040849  -0.183281  0.983013  0.009652  -0.038391  -0.016968  0.999119  0.012359  -0.003229  0.003003  0.000000  0.000000  0.000000  2.000000  
85.464336 0.014215  0.092831  -0.036523  0.982316  0.182756  0.040695  -0.183282  0.983014  0.009557  -0.038257  -0.016847  0.999126  0.012314  -0.003164  0.002899  0.000000  0.000000  0.000000  2.000000  
85.465347 0.014227  0.092828  -0.036521  0.982316  0.182756  0.040695  -0.183282  0.983014  0.009557  -0.038257  -0.016847  0.999126  0.012266  -0.003064  0.002799  0.000000  0.000000  0.000000  2.000000  
85.466350 0.014239  0.092825  -0.036519  0.982321  0.182758  0.040564  -0.183283  0.983014  0.009582  -0.038123  -0.016847  0.999131  0.012200  -0.003007  0.002712  0.000000  0.000000  0.000000  2.000000  
85.467586 0.014254  0.092822  -0.036516  0.982321  0.182758  0.040564  -0.183283  0.983014  0.009582  -0.038123  -0.016847  0.999131  0.012145  -0.002942  0.002656  0.000000  0.000000  0.000000  2.000000  
85.468836 0.014268  0.092819  -0.036512  0.982326  0.182761  0.040432  -0.183284  0.983013  0.009607  -0.037990  -0.016847  0.999136  0.012026  -0.002891  0.002605  0.000000  0.000000  0.000000  2.000000  
85.470085 0.014282  0.092815  -0.036509  0.982331  0.182763  0.040301  -0.183285  0.983013  0.009631  -0.037856  -0.016847  0.999141  0.011929  -0.002835  0.002492  0.000000  0.000000  0.000000  2.000000  
85.471338 0.014296  0.092812  -0.036507  0.982336  0.182765  0.040169  -0.183286  0.983012  0.009656  -0.037722  -0.016847  0.999146  0.011811  -0.002801  0.002427  0.000000  0.000000  0.000000  2.000000  
85.472585 0.014310  0.092809  -0.036503  0.982341  0.182772  0.040016  -0.183287  0.983013  0.009561  -0.037589  -0.016726  0.999153  0.011717  -0.002762  0.002400  0.000000  0.000000  0.000000  2.000000  
85.473588 0.014320  0.092807  -0.036502  0.982341  0.182772  0.040016  -0.183287  0.983013  0.009561  -0.037589  -0.016726  0.999153  0.011559  -0.002735  0.002274  0.000000  0.000000  0.000000  2.000000  
85.474836 0.014334  0.092804  -0.036499  0.982346  0.182774  0.039884  -0.183287  0.983013  0.009585  -0.037455  -0.016726  0.999158  0.011468  -0.002698  0.002249  0.000000  0.000000  0.000000  2.000000  
85.475837 0.014344  0.092801  -0.036497  0.982350  0.182776  0.039753  -0.183288  0.983012  0.009610  -0.037321  -0.016727  0.999163  0.011327  -0.002640  0.002235  0.000000  0.000000  0.000000  2.000000  
85.477082 0.014357  0.092799  -0.036494  0.982355  0.182779  0.039622  -0.183289  0.983012  0.009634  -0.037187  -0.016727  0.999168  0.011222  -0.002574  0.002249  0.000000  0.000000  0.000000  2.000000  
85.478084 0.014367  0.092796  -0.036492  0.982360  0.182781  0.039490  -0.183290  0.983011  0.009659  -0.037054  -0.016727  0.999173  0.011127  -0.002544  0.002283  0.000000  0.000000  0.000000  2.000000  
85.479331 0.014380  0.092794  -0.036489  0.982365  0.182788  0.039337  -0.183291  0.983012  0.009564  -0.036920  -0.016606  0.999180  0.010979  -0.002450  0.002250  0.000000  0.000000  0.000000  2.000000  
85.480581 0.014392  0.092791  -0.036486  0.982370  0.182790  0.039205  -0.183292  0.983012  0.009589  -0.036786  -0.016606  0.999185  0.010792  -0.002414  0.002309  0.000000  0.000000  0.000000  2.000000  
85.481585 0.014402  0.092789  -0.036484  0.982375  0.182792  0.039074  -0.183293  0.983011  0.009613  -0.036653  -0.016606  0.999190  0.010692  -0.002351  0.002274  0.000000  0.000000  0.000000  2.000000  
85.482587 0.014412  0.092788  -0.036481  0.982380  0.182794  0.038942  -0.183294  0.983011  0.009638  -0.036519  -0.016606  0.999195  0.010545  -0.002288  0.002262  0.000000  0.000000  0.000000  2.000000  
85.483834 0.014424  0.092786  -0.036478  0.982384  0.182797  0.038811  -0.183295  0.983011  0.009662  -0.036385  -0.016606  0.999200  0.010387  -0.002195  0.002239  0.000000  0.000000  0.000000  2.000000  
85.484836 0.014433  0.092784  -0.036477  0.982389  0.182799  0.038679  -0.183296  0.983010  0.009687  -0.036251  -0.016606  0.999205  0.010231  -0.002129  0.002226  0.000000  0.000000  0.000000  2.000000  
85.485837 0.014443  0.092783  -0.036474  0.982394  0.182801  0.038548  -0.183297  0.983010  0.009711  -0.036118  -0.016606  0.999210  0.010133  -0.002037  0.002270  0.000000  0.000000  0.000000  2.000000  
85.487085 0.014454  0.092780  -0.036470  0.982403  0.182805  0.038285  -0.183298  0.983009  0.009760  -0.035850  -0.016606  0.999219  0.009961  -0.002003  0.002279  0.000000  0.000000  0.000000  2.000000  
85.488085 0.014463  0.092779  -0.036468  0.982408  0.182807  0.038154  -0.183299  0.983008  0.009785  -0.035717  -0.016606  0.999224  0.009829  -0.001938  0.002347  0.000000  0.000000  0.000000  2.000000  
85.489338 0.014474  0.092777  -0.036464  0.982413  0.182810  0.038022  -0.183300  0.983008  0.009809  -0.035583  -0.016606  0.999229  0.009689  -0.001845  0.002410  0.000000  0.000000  0.000000  2.000000  
85.490346 0.014483  0.092776  -0.036461  0.982460  0.182612  0.037757  -0.183100  0.983045  0.009866  -0.035316  -0.016607  0.999238  0.009546  -0.001771  0.002470  0.000000  0.000000  0.000000  2.000000  
85.491583 0.014494  0.092774  -0.036457  0.982464  0.182614  0.037626  -0.183100  0.983044  0.009891  -0.035182  -0.016607  0.999243  0.009451  -0.001688  0.002566  0.000000  0.000000  0.000000  2.000000  
85.492586 0.014502  0.092774  -0.036454  0.982474  0.182618  0.037363  -0.183102  0.983044  0.009940  -0.034914  -0.016607  0.999252  0.009302  -0.001583  0.002624  0.000000  0.000000  0.000000  2.000000  
85.493836 0.014513  0.092773  -0.036450  0.982483  0.182623  0.037100  -0.183104  0.983043  0.009989  -0.034647  -0.016607  0.999262  0.009150  -0.001486  0.002733  0.000000  0.000000  0.000000  2.000000  
85.495085 0.014524  0.092772  -0.036446  0.982492  0.182627  0.036837  -0.183106  0.983042  0.010038  -0.034379  -0.016607  0.999271  0.009054  -0.001394  0.002777  0.000000  0.000000  0.000000  2.000000  
85.496086 0.014532  0.092771  -0.036442  0.982496  0.182629  0.036706  -0.183106  0.983042  0.010062  -0.034246  -0.016607  0.999275  0.008944  -0.001272  0.002862  0.000000  0.000000  0.000000  2.000000  
85.497086 0.014540  0.092771  -0.036440  0.982505  0.182629  0.036465  -0.183108  0.983040  0.010230  -0.033978  -0.016729  0.999283  0.008831  -0.001151  0.002898  0.000000  0.000000  0.000000  2.000000  
85.498333 0.014550  0.092770  -0.036435  0.982514  0.182633  0.036202  -0.183110  0.983039  0.010279  -0.033711  -0.016729  0.999292  0.008737  -0.001075  0.003032  0.000000  0.000000  0.000000  2.000000  
85.499342 0.014558  0.092770  -0.036431  0.982523  0.182638  0.035939  -0.183111  0.983038  0.010328  -0.033443  -0.016729  0.999301  0.008608  -0.000932  0.003119  0.000000  0.000000  0.000000  2.000000  
85.500585 0.014568  0.092771  -0.036426  0.982532  0.182642  0.035677  -0.183113  0.983037  0.010377  -0.033176  -0.016729  0.999310  0.008527  -0.000777  0.003209  0.000000  0.000000  0.000000  2.000000  
