1-Time 2-Px 3-Py 4-Pz 5-R11 6-R21 7-R31 8-R12 9-R22 10-R32 11-R13 12-R23 13-R33 14-Vx 15-Vy 16-Vz 17-Wx 18-Wy 19-Wz 20-state 21-PR11 22-PR21 23-PR31 24-PR12 25-PR22 26-PR32 27-PR13 28-PR23 29-PR33 
87.538904 0.009013  0.091857  -0.018246  0.991963  0.117021  -0.048123  -0.115698  0.992848  0.029424  0.051222  -0.023620  0.998408  -0.000019  0.000016  -0.000157  0.000000  0.000000  0.000000  2.000000  
87.539907 0.009013  0.091857  -0.018246  0.991963  0.117021  -0.048123  -0.115698  0.992848  0.029424  0.051222  -0.023620  0.998408  -0.000019  0.000016  -0.000157  0.000000  0.000000  0.000000  2.000000  
87.541158 0.009014  0.091856  -0.018247  0.991891  0.117640  -0.048091  -0.116311  0.992772  0.029574  0.051222  -0.023741  0.998405  0.000075  -0.000067  -0.000180  0.000000  0.000000  0.000000  2.000000  
87.542404 0.009016  0.091854  -0.018247  0.991812  0.118257  -0.048205  -0.116923  0.992699  0.029619  0.051356  -0.023741  0.998398  0.000200  -0.000205  -0.000224  0.000000  0.000000  0.000000  2.000000  
87.543404 0.009018  0.091851  -0.018247  0.991781  0.118470  -0.048318  -0.117126  0.992671  0.029765  0.051490  -0.023862  0.998388  0.000319  -0.000360  -0.000216  0.000000  0.000000  0.000000  2.000000  
87.544404 0.009020  0.091849  -0.018248  0.991750  0.118684  -0.048430  -0.117330  0.992642  0.029911  0.051623  -0.023982  0.998379  0.000448  -0.000528  -0.000215  0.000000  0.000000  0.000000  2.000000  
87.545408 0.009023  0.091847  -0.018248  0.991695  0.119095  -0.048550  -0.117737  0.992593  0.029947  0.051757  -0.023982  0.998372  0.000647  -0.000630  -0.000244  0.000000  0.000000  0.000000  2.000000  
87.546418 0.009026  0.091846  -0.018248  0.991584  0.119925  -0.048776  -0.118552  0.992490  0.030139  0.052024  -0.024103  0.998355  0.000866  -0.000776  -0.000233  0.000000  0.000000  0.000000  2.000000  
87.547656 0.009029  0.091843  -0.018248  0.991448  0.120959  -0.048996  -0.119571  0.992362  0.030342  0.052291  -0.024224  0.998338  0.001096  -0.000942  -0.000248  0.000000  0.000000  0.000000  2.000000  
87.548658 0.009032  0.091842  -0.018249  0.991360  0.121578  -0.049242  -0.120182  0.992286  0.030404  0.052559  -0.024223  0.998324  0.001253  -0.001053  -0.000272  0.000000  0.000000  0.000000  2.000000  
87.549662 0.009035  0.091840  -0.018251  0.991253  0.122405  -0.049335  -0.120997  0.992182  0.030581  0.052692  -0.024344  0.998314  0.001474  -0.001145  -0.000393  0.000000  0.000000  0.000000  2.000000  
87.550912 0.009038  0.091839  -0.018254  0.991114  0.123438  -0.049553  -0.122016  0.992051  0.030785  0.052959  -0.024465  0.998297  0.001739  -0.001190  -0.000582  0.038613  0.053762  0.194746  2.000000  
87.552158 0.009042  0.091839  -0.018256  0.990974  0.124466  -0.049787  -0.123034  0.991922  0.030869  0.053227  -0.024465  0.998283  0.002014  -0.001203  -0.000672  0.040471  0.061959  0.229636  2.000000  
87.553410 0.009046  0.091838  -0.018257  0.990814  0.125700  -0.049866  -0.124257  0.991764  0.031067  0.053360  -0.024586  0.998273  0.002241  -0.001274  -0.000751  0.046696  0.069905  0.271187  2.000000  
87.554419 0.009050  0.091837  -0.018258  0.990672  0.126728  -0.050099  -0.125275  0.991633  0.031152  0.053628  -0.024585  0.998258  0.002508  -0.001353  -0.000785  0.048529  0.078038  0.305848  2.000000  
87.555656 0.009055  0.091836  -0.018261  0.990495  0.127968  -0.050442  -0.126496  0.991470  0.031385  0.054028  -0.024706  0.998234  0.002770  -0.001375  -0.000929  0.055234  0.090370  0.354663  2.000000  
87.556658 0.009059  0.091834  -0.018262  0.990376  0.128797  -0.050666  -0.127310  0.991360  0.031581  0.054296  -0.024827  0.998216  0.002933  -0.001405  -0.001004  0.060815  0.098667  0.382507  2.000000  
87.557659 0.009063  0.091831  -0.018262  0.990283  0.129416  -0.050911  -0.127920  0.991280  0.031646  0.054563  -0.024826  0.998202  0.003144  -0.001436  -0.000996  0.061956  0.107144  0.403401  2.000000  
87.558906 0.009067  0.091827  -0.018262  0.990129  0.130453  -0.051260  -0.128936  0.991141  0.031871  0.054964  -0.024947  0.998177  0.003247  -0.001546  -0.000955  0.067965  0.119797  0.438386  2.000000  
87.559911 0.009072  0.091822  -0.018263  0.989981  0.131486  -0.051476  -0.129953  0.991001  0.032078  0.055231  -0.025068  0.998159  0.003372  -0.001708  -0.001005  0.073928  0.127900  0.473077  2.000000  
87.561154 0.009079  0.091816  -0.018264  0.989805  0.132723  -0.051685  -0.131174  0.990833  0.032297  0.055498  -0.025188  0.998141  0.003573  -0.001978  -0.001066  0.080665  0.135708  0.521759  2.000000  
87.562154 0.009084  0.091811  -0.018265  0.989682  0.133552  -0.051907  -0.131987  0.990719  0.032495  0.055765  -0.025309  0.998123  0.003747  -0.002244  -0.001065  0.086292  0.143993  0.549625  2.000000  
87.563158 0.009089  0.091804  -0.018266  0.989558  0.134374  -0.052145  -0.132800  0.990607  0.032574  0.056032  -0.025309  0.998108  0.003904  -0.002555  -0.001142  0.087813  0.152248  0.577248  2.000000  
87.564404 0.009095  0.091796  -0.018267  0.989426  0.135206  -0.052499  -0.133612  0.990491  0.032790  0.056433  -0.025429  0.998082  0.004059  -0.002987  -0.001119  0.092763  0.163733  0.600493  2.000000  
87.565660 0.009102  0.091787  -0.018269  0.989273  0.136232  -0.052730  -0.134628  0.990350  0.032880  0.056700  -0.025429  0.998067  0.004298  -0.003564  -0.001026  0.095814  0.172998  0.646892  2.000000  
87.566662 0.009107  0.091779  -0.018272  0.989154  0.137058  -0.052818  -0.135442  0.990234  0.033062  0.056834  -0.025550  0.998057  0.004450  -0.004052  -0.001121  0.101464  0.172266  0.674476  2.000000  
87.567911 0.009114  0.091771  -0.018274  0.989027  0.137880  -0.053056  -0.136254  0.990119  0.033142  0.057101  -0.025549  0.998041  0.004622  -0.004592  -0.001198  0.103063  0.180594  0.702389  2.000000  
87.569160 0.009121  0.091761  -0.018277  0.988907  0.138699  -0.053161  -0.137068  0.990005  0.033204  0.057235  -0.025549  0.998034  0.004798  -0.005137  -0.001276  0.104632  0.184446  0.730274  2.000000  
87.570409 0.009127  0.091753  -0.018279  0.988807  0.139317  -0.053405  -0.137676  0.989918  0.033274  0.057502  -0.025549  0.998018  0.004914  -0.005613  -0.001251  0.104608  0.191497  0.738140  2.000000  
87.571411 0.009132  0.091746  -0.018280  0.988714  0.139932  -0.053516  -0.138286  0.989832  0.033325  0.057635  -0.025548  0.998011  0.004994  -0.005988  -0.001263  0.101490  0.193026  0.744212  2.000000  
87.572661 0.009138  0.091735  -0.018283  0.988621  0.140553  -0.053611  -0.138895  0.989740  0.033497  0.057769  -0.025669  0.998000  0.005053  -0.006477  -0.001377  0.101974  0.192779  0.751194  2.000000  
87.573910 0.009143  0.091724  -0.018284  0.988527  0.141167  -0.053722  -0.139505  0.989653  0.033548  0.057902  -0.025669  0.997992  0.005070  -0.006929  -0.001484  0.101943  0.195326  0.758878  2.000000  
87.575159 0.009148  0.091713  -0.018285  0.988470  0.141575  -0.053709  -0.139912  0.989595  0.033571  0.057902  -0.025669  0.997992  0.004981  -0.007229  -0.001470  0.098432  0.188076  0.758031  2.000000  
87.576408 0.009152  0.091701  -0.018286  0.988404  0.141979  -0.053844  -0.140318  0.989540  0.033491  0.058036  -0.025548  0.997988  0.004816  -0.007624  -0.001463  0.088951  0.182455  0.738152  2.000000  
87.577411 0.009156  0.091691  -0.018286  0.988339  0.142390  -0.053963  -0.140724  0.989481  0.033532  0.058170  -0.025548  0.997980  0.004671  -0.007891  -0.001413  0.084583  0.179879  0.723178  2.000000  
87.578421 0.009157  0.091681  -0.018286  0.988302  0.142597  -0.054088  -0.140926  0.989451  0.033562  0.058303  -0.025547  0.997972  0.004488  -0.008137  -0.001369  0.083935  0.175677  0.709036  2.000000  
87.579658 0.009161  0.091668  -0.018285  0.988236  0.143001  -0.054224  -0.141332  0.989396  0.033484  0.058437  -0.025426  0.997967  0.004297  -0.008368  -0.001160  0.074528  0.174657  0.689832  2.000000  
87.580904 0.009163  0.091656  -0.018284  0.988207  0.143205  -0.054217  -0.141535  0.989366  0.033495  0.058437  -0.025426  0.997967  0.004003  -0.008583  -0.000948  0.069057  0.166406  0.662308  2.000000  
87.581906 0.009166  0.091646  -0.018284  0.988170  0.143405  -0.054359  -0.141738  0.989340  0.033405  0.058570  -0.025305  0.997963  0.003810  -0.008774  -0.000789  0.063946  0.166947  0.641691  2.000000  
87.582910 0.009167  0.091637  -0.018284  0.988141  0.143609  -0.054352  -0.141941  0.989311  0.033416  0.058570  -0.025305  0.997963  0.003515  -0.008942  -0.000658  0.058539  0.160136  0.612150  2.000000  
87.584159 0.009168  0.091624  -0.018285  0.988112  0.143806  -0.054363  -0.142144  0.989285  0.033307  0.058570  -0.025184  0.997966  0.003189  -0.009138  -0.000547  0.052624  0.152107  0.577621  2.000000  
87.585160 0.009170  0.091615  -0.018285  0.988082  0.144010  -0.054356  -0.142348  0.989256  0.033318  0.058570  -0.025184  0.997966  0.002892  -0.009354  -0.000420  0.047044  0.143702  0.549509  2.000000  
87.586420 0.009171  0.091604  -0.018286  0.988024  0.144411  -0.054360  -0.142755  0.989200  0.033221  0.058570  -0.025063  0.997969  0.002539  -0.009469  -0.000373  0.037818  0.130698  0.528302  2.000000  
87.587656 0.009172  0.091593  -0.018288  0.988024  0.144404  -0.054377  -0.142755  0.989204  0.033101  0.058570  -0.024942  0.997972  0.002206  -0.009526  -0.000374  0.032383  0.121299  0.503374  2.000000  
87.588660 0.009171  0.091584  -0.018289  0.987994  0.144608  -0.054371  -0.142958  0.989175  0.033112  0.058570  -0.024942  0.997972  0.001906  -0.009516  -0.000344  0.027102  0.109465  0.479532  2.000000  
87.589909 0.009171  0.091573  -0.018291  0.987972  0.144801  -0.054249  -0.143163  0.989149  0.032984  0.058437  -0.024821  0.997983  0.001548  -0.009483  -0.000362  0.017266  0.095887  0.447912  2.000000  
87.590911 0.009171  0.091565  -0.018292  0.987943  0.145005  -0.054242  -0.143366  0.989120  0.032995  0.058437  -0.024821  0.997983  0.001333  -0.009427  -0.000389  0.011419  0.088507  0.416770  2.000000  
87.592156 0.009170  0.091554  -0.018292  0.987913  0.145202  -0.054253  -0.143569  0.989094  0.032886  0.058437  -0.024700  0.997986  0.000990  -0.009342  -0.000387  0.001769  0.075765  0.389065  2.000000  
87.593410 0.009169  0.091543  -0.018292  0.987892  0.145402  -0.054114  -0.143774  0.989064  0.032878  0.058303  -0.024700  0.997993  0.000787  -0.009189  -0.000419  -0.003471  0.062735  0.367805  2.000000  
87.594654 0.009169  0.091534  -0.018292  0.987862  0.145599  -0.054125  -0.143977  0.989038  0.032769  0.058303  -0.024579  0.997996  0.000519  -0.008999  -0.000480  -0.008620  0.053847  0.344058  2.000000  
87.595656 0.009169  0.091526  -0.018292  0.987862  0.145599  -0.054125  -0.143977  0.989038  0.032769  0.058303  -0.024579  0.997996  0.000355  -0.008839  -0.000514  -0.010152  0.045615  0.316428  2.000000  
87.596658 0.009169  0.091520  -0.018292  0.987832  0.145803  -0.054118  -0.144181  0.989008  0.032781  0.058303  -0.024579  0.997996  0.000218  -0.008584  -0.000509  -0.015360  0.041654  0.295775  2.000000  
87.597907 0.009169  0.091511  -0.018291  0.987803  0.146000  -0.054129  -0.144384  0.988982  0.032672  0.058303  -0.024458  0.997999  0.000163  -0.008361  -0.000449  -0.020553  0.033268  0.274993  2.000000  
87.599158 0.009170  0.091504  -0.018290  0.987773  0.146204  -0.054123  -0.144587  0.988952  0.032683  0.058303  -0.024458  0.997999  0.000135  -0.008040  -0.000351  -0.021723  0.029322  0.254319  2.000000  
87.600158 0.009172  0.091498  -0.018290  0.987743  0.146407  -0.054116  -0.144791  0.988922  0.032694  0.058303  -0.024458  0.997999  0.000108  -0.007777  -0.000343  -0.022671  0.020921  0.242401  2.000000  
87.601159 0.009173  0.091493  -0.018290  0.987743  0.146401  -0.054134  -0.144791  0.988926  0.032574  0.058303  -0.024337  0.998002  0.000136  -0.007484  -0.000266  -0.027937  0.016958  0.221577  2.000000  
87.602159 0.009175  0.091488  -0.018290  0.987713  0.146604  -0.054127  -0.144994  0.988896  0.032585  0.058303  -0.024337  0.998002  0.000234  -0.007207  -0.000168  -0.032415  0.017117  0.214665  2.000000  
87.603161 0.009176  0.091483  -0.018290  0.987713  0.146598  -0.054145  -0.144994  0.988900  0.032465  0.058303  -0.024216  0.998005  0.000353  -0.006974  -0.000101  -0.037676  0.013149  0.193796  2.000000  
87.604411 0.009179  0.091478  -0.018291  0.987683  0.146801  -0.054138  -0.145197  0.988870  0.032476  0.058303  -0.024216  0.998005  0.000536  -0.006671  -0.000025  -0.038067  0.008827  0.186787  2.000000  
87.605411 0.009182  0.091473  -0.018291  0.987653  0.147005  -0.054131  -0.145401  0.988839  0.032488  0.058303  -0.024216  0.998005  0.000737  -0.006387  0.000003  -0.034379  0.004515  0.179765  2.000000  
87.606414 0.009185  0.091469  -0.018292  0.987653  0.147005  -0.054131  -0.145401  0.988839  0.032488  0.058303  -0.024216  0.998005  0.000944  -0.006109  -0.000016  -0.034769  0.000191  0.172741  2.000000  
87.607658 0.009188  0.091463  -0.018294  0.987661  0.147002  -0.053999  -0.145402  0.988840  0.032468  0.058170  -0.024216  0.998013  0.001195  -0.005754  -0.000093  0.000000  0.000000  0.000000  2.000000  
87.608906 0.009192  0.091458  -0.018295  0.987631  0.147205  -0.053993  -0.145605  0.988809  0.032479  0.058170  -0.024216  0.998013  0.001554  -0.005454  -0.000142  0.000000  0.000000  0.000000  2.000000  
87.609908 0.009196  0.091454  -0.018296  0.987631  0.147212  -0.053975  -0.145605  0.988806  0.032599  0.058170  -0.024337  0.998010  0.001860  -0.005156  -0.000211  0.000000  0.000000  0.000000  2.000000  
87.611159 0.009201  0.091449  -0.018297  0.987631  0.147212  -0.053975  -0.145605  0.988806  0.032599  0.058170  -0.024337  0.998010  0.002215  -0.004883  -0.000361  0.000000  0.000000  0.000000  2.000000  
87.612409 0.009207  0.091444  -0.018298  0.987631  0.147212  -0.053975  -0.145605  0.988806  0.032599  0.058170  -0.024337  0.998010  0.002494  -0.004690  -0.000468  0.000000  0.000000  0.000000  2.000000  
87.613654 0.009213  0.091440  -0.018299  0.987624  0.147222  -0.054089  -0.145604  0.988801  0.032739  0.058303  -0.024458  0.997999  0.002875  -0.004421  -0.000547  0.000000  0.000000  0.000000  2.000000  
87.614659 0.009218  0.091437  -0.018299  0.987624  0.147222  -0.054089  -0.145604  0.988801  0.032739  0.058303  -0.024458  0.997999  0.003106  -0.004273  -0.000581  0.000000  0.000000  0.000000  2.000000  
87.615909 0.009224  0.091434  -0.018300  0.987624  0.147222  -0.054089  -0.145604  0.988801  0.032739  0.058303  -0.024458  0.997999  0.003480  -0.004062  -0.000621  0.000000  0.000000  0.000000  2.000000  
87.616910 0.009229  0.091431  -0.018300  0.987624  0.147222  -0.054089  -0.145604  0.988801  0.032739  0.058303  -0.024458  0.997999  0.003695  -0.003928  -0.000657  0.000000  0.000000  0.000000  2.000000  
87.618160 0.009236  0.091427  -0.018300  0.987653  0.147018  -0.054096  -0.145401  0.988831  0.032728  0.058303  -0.024458  0.997999  0.003957  -0.003754  -0.000671  0.000000  0.000000  0.000000  2.000000  
87.619162 0.009241  0.091424  -0.018301  0.987653  0.147018  -0.054096  -0.145401  0.988831  0.032728  0.058303  -0.024458  0.997999  0.004175  -0.003609  -0.000686  0.000000  0.000000  0.000000  2.000000  
87.620410 0.009246  0.091421  -0.018301  0.987683  0.146814  -0.054103  -0.145197  0.988862  0.032716  0.058303  -0.024458  0.997999  0.004295  -0.003449  -0.000642  0.000000  0.000000  0.000000  2.000000  
87.621410 0.009251  0.091418  -0.018301  0.987676  0.146818  -0.054235  -0.145196  0.988861  0.032736  0.058437  -0.024458  0.997991  0.004401  -0.003373  -0.000620  0.000000  0.000000  0.000000  2.000000  
87.622413 0.009255  0.091416  -0.018302  0.987676  0.146818  -0.054235  -0.145196  0.988861  0.032736  0.058437  -0.024458  0.997991  0.004549  -0.003211  -0.000544  0.000000  0.000000  0.000000  2.000000  
87.623656 0.009260  0.091413  -0.018303  0.987706  0.146621  -0.054224  -0.144993  0.988887  0.032845  0.058437  -0.024579  0.997988  0.004623  -0.003059  -0.000532  0.000000  0.000000  0.000000  2.000000  
87.624657 0.009264  0.091410  -0.018303  0.987706  0.146621  -0.054224  -0.144993  0.988887  0.032845  0.058437  -0.024579  0.997988  0.004629  -0.002974  -0.000507  0.000000  0.000000  0.000000  2.000000  
87.625659 0.009268  0.091407  -0.018304  0.987706  0.146621  -0.054224  -0.144993  0.988887  0.032845  0.058437  -0.024579  0.997988  0.004575  -0.002888  -0.000455  0.000000  0.000000  0.000000  2.000000  
87.626911 0.009272  0.091403  -0.018304  0.987735  0.146424  -0.054213  -0.144790  0.988914  0.032953  0.058437  -0.024700  0.997986  0.004470  -0.002801  -0.000393  0.000000  0.000000  0.000000  2.000000  
87.628158 0.009275  0.091400  -0.018305  0.987728  0.146427  -0.054345  -0.144788  0.988913  0.032973  0.058570  -0.024700  0.997978  0.004324  -0.002775  -0.000451  0.000000  0.000000  0.000000  2.000000  
87.629410 0.009278  0.091396  -0.018306  0.987757  0.146230  -0.054334  -0.144585  0.988939  0.033081  0.058570  -0.024821  0.997975  0.004096  -0.002805  -0.000456  0.000000  0.000000  0.000000  2.000000  
87.630412 0.009280  0.091392  -0.018307  0.987757  0.146230  -0.054334  -0.144585  0.988939  0.033081  0.058570  -0.024821  0.997975  0.003826  -0.002845  -0.000513  0.000000  0.000000  0.000000  2.000000  
87.631412 0.009281  0.091389  -0.018307  0.987787  0.146026  -0.054341  -0.144382  0.988969  0.033070  0.058570  -0.024821  0.997975  0.003648  -0.002874  -0.000487  0.000000  0.000000  0.000000  2.000000  
87.632413 0.009282  0.091385  -0.018308  0.987787  0.146033  -0.054323  -0.144382  0.988965  0.033190  0.058570  -0.024942  0.997972  0.003360  -0.002912  -0.000505  0.000000  0.000000  0.000000  2.000000  
87.633658 0.009284  0.091381  -0.018308  0.987779  0.146036  -0.054455  -0.144381  0.988965  0.033210  0.058704  -0.024941  0.997964  0.003074  -0.002990  -0.000510  0.000000  0.000000  0.000000  2.000000  
87.634663 0.009284  0.091377  -0.018309  0.987809  0.145833  -0.054462  -0.144177  0.988995  0.033198  0.058704  -0.024941  0.997964  0.002713  -0.003084  -0.000570  0.000000  0.000000  0.000000  2.000000  
87.635912 0.009285  0.091373  -0.018309  0.987809  0.145833  -0.054462  -0.144177  0.988995  0.033198  0.058704  -0.024941  0.997964  0.002426  -0.003127  -0.000531  0.000000  0.000000  0.000000  2.000000  
87.637158 0.009286  0.091369  -0.018309  0.987839  0.145629  -0.054469  -0.143974  0.989025  0.033187  0.058704  -0.024941  0.997964  0.002134  -0.003195  -0.000458  0.000000  0.000000  0.000000  2.000000  
87.638423 0.009286  0.091365  -0.018309  0.987839  0.145629  -0.054469  -0.143974  0.989025  0.033187  0.058704  -0.024941  0.997964  0.001755  -0.003231  -0.000425  0.000000  0.000000  0.000000  2.000000  
87.639658 0.009287  0.091361  -0.018309  0.987839  0.145629  -0.054469  -0.143974  0.989025  0.033187  0.058704  -0.024941  0.997964  0.001470  -0.003277  -0.000388  0.000000  0.000000  0.000000  2.000000  
87.640908 0.009287  0.091357  -0.018309  0.987861  0.145429  -0.054608  -0.143769  0.989054  0.033195  0.058837  -0.024941  0.997956  0.001204  -0.003345  -0.000356  0.000000  0.000000  0.000000  2.000000  
87.642154 0.009287  0.091352  -0.018309  0.987861  0.145435  -0.054590  -0.143769  0.989050  0.033315  0.058837  -0.025062  0.997953  0.000953  -0.003360  -0.000298  0.000000  0.000000  0.000000  2.000000  
87.643154 0.009286  0.091348  -0.018310  0.987890  0.145232  -0.054597  -0.143566  0.989080  0.033304  0.058837  -0.025062  0.997953  0.000744  -0.003433  -0.000300  0.000000  0.000000  0.000000  2.000000  
87.644156 0.009286  0.091345  -0.018310  0.987890  0.145232  -0.054597  -0.143566  0.989080  0.033304  0.058837  -0.025062  0.997953  0.000534  -0.003456  -0.000275  0.000000  0.000000  0.000000  2.000000  
87.645410 0.009286  0.091340  -0.018310  0.987890  0.145232  -0.054597  -0.143566  0.989080  0.033304  0.058837  -0.025062  0.997953  0.000409  -0.003472  -0.000253  0.000000  0.000000  0.000000  2.000000  
87.646411 0.009286  0.091336  -0.018311  0.987920  0.145028  -0.054604  -0.143363  0.989110  0.033293  0.058837  -0.025062  0.997953  0.000274  -0.003494  -0.000254  0.000000  0.000000  0.000000  2.000000  
87.647656 0.009285  0.091332  -0.018311  0.987920  0.145035  -0.054586  -0.143363  0.989106  0.033413  0.058837  -0.025183  0.997950  0.000169  -0.003490  -0.000234  0.000000  0.000000  0.000000  2.000000  
87.648656 0.009286  0.091328  -0.018312  0.987920  0.145035  -0.054586  -0.143363  0.989106  0.033413  0.058837  -0.025183  0.997950  0.000117  -0.003488  -0.000224  0.000000  0.000000  0.000000  2.000000  
87.649661 0.009286  0.091326  -0.018312  0.987949  0.144831  -0.054593  -0.143159  0.989136  0.033401  0.058837  -0.025183  0.997950  0.000138  -0.003435  -0.000213  0.000000  0.000000  0.000000  2.000000  
87.650661 0.009287  0.091322  -0.018313  0.987949  0.144831  -0.054593  -0.143159  0.989136  0.033401  0.058837  -0.025183  0.997950  0.000100  -0.003470  -0.000295  0.000000  0.000000  0.000000  2.000000  
87.651912 0.009288  0.091318  -0.018314  0.987949  0.144838  -0.054575  -0.143159  0.989132  0.033521  0.058837  -0.025304  0.997947  0.000143  -0.003422  -0.000362  0.000000  0.000000  0.000000  2.000000  
87.652912 0.009289  0.091316  -0.018314  0.987949  0.144838  -0.054575  -0.143159  0.989132  0.033521  0.058837  -0.025304  0.997947  0.000228  -0.003397  -0.000352  0.000000  0.000000  0.000000  2.000000  
87.654158 0.009291  0.091313  -0.018315  0.987979  0.144634  -0.054582  -0.142956  0.989162  0.033510  0.058837  -0.025304  0.997947  0.000288  -0.003324  -0.000443  0.000000  0.000000  0.000000  2.000000  
87.655161 0.009293  0.091311  -0.018316  0.987979  0.144634  -0.054582  -0.142956  0.989162  0.033510  0.058837  -0.025304  0.997947  0.000423  -0.003225  -0.000465  0.000000  0.000000  0.000000  2.000000  
87.656411 0.009295  0.091308  -0.018316  0.987979  0.144634  -0.054582  -0.142956  0.989162  0.033510  0.058837  -0.025304  0.997947  0.000542  -0.003124  -0.000466  0.000000  0.000000  0.000000  2.000000  
87.657658 0.009297  0.091306  -0.018316  0.987979  0.144634  -0.054582  -0.142956  0.989162  0.033510  0.058837  -0.025304  0.997947  0.000731  -0.003000  -0.000481  0.000000  0.000000  0.000000  2.000000  
87.658659 0.009299  0.091304  -0.018317  0.987979  0.144634  -0.054582  -0.142956  0.989162  0.033510  0.058837  -0.025304  0.997947  0.000905  -0.002869  -0.000484  0.000000  0.000000  0.000000  2.000000  
87.659906 0.009301  0.091302  -0.018318  0.987979  0.144641  -0.054565  -0.142956  0.989158  0.033630  0.058837  -0.025425  0.997944  0.001035  -0.002712  -0.000499  0.000000  0.000000  0.000000  2.000000  
87.660908 0.009303  0.091300  -0.018318  0.987979  0.144641  -0.054565  -0.142956  0.989158  0.033630  0.058837  -0.025425  0.997944  0.001207  -0.002557  -0.000484  0.000000  0.000000  0.000000  2.000000  
87.662154 0.009306  0.091298  -0.018319  0.987979  0.144641  -0.054565  -0.142956  0.989158  0.033630  0.058837  -0.025425  0.997944  0.001366  -0.002365  -0.000500  0.000000  0.000000  0.000000  2.000000  
87.663158 0.009308  0.091297  -0.018320  0.987979  0.144641  -0.054565  -0.142956  0.989158  0.033630  0.058837  -0.025425  0.997944  0.001500  -0.002198  -0.000542  0.000000  0.000000  0.000000  2.000000  
87.664418 0.009310  0.091296  -0.018321  0.987979  0.144641  -0.054565  -0.142956  0.989158  0.033630  0.058837  -0.025425  0.997944  0.001617  -0.002014  -0.000566  0.000000  0.000000  0.000000  2.000000  
87.665658 0.009313  0.091295  -0.018322  0.987949  0.144844  -0.054558  -0.143159  0.989128  0.033641  0.058837  -0.025425  0.997944  0.001741  -0.001776  -0.000560  0.000000  0.000000  0.000000  2.000000  
87.666661 0.009315  0.091295  -0.018323  0.987949  0.144844  -0.054558  -0.143159  0.989128  0.033641  0.058837  -0.025425  0.997944  0.001826  -0.001596  -0.000593  0.000000  0.000000  0.000000  2.000000  
87.667910 0.009318  0.091295  -0.018325  0.987949  0.144844  -0.054558  -0.143159  0.989128  0.033641  0.058837  -0.025425  0.997944  0.001873  -0.001368  -0.000684  0.000000  0.000000  0.000000  2.000000  
87.668911 0.009319  0.091295  -0.018326  0.987949  0.144844  -0.054558  -0.143159  0.989128  0.033641  0.058837  -0.025425  0.997944  0.001929  -0.001208  -0.000739  0.000000  0.000000  0.000000  2.000000  
87.669912 0.009321  0.091295  -0.018327  0.987920  0.145048  -0.054551  -0.143363  0.989098  0.033653  0.058837  -0.025425  0.997944  0.001900  -0.001060  -0.000782  0.000000  0.000000  0.000000  2.000000  
87.671159 0.009323  0.091295  -0.018328  0.987920  0.145048  -0.054551  -0.143363  0.989098  0.033653  0.058837  -0.025425  0.997944  0.001935  -0.000865  -0.000808  0.000000  0.000000  0.000000  2.000000  
87.672407 0.009325  0.091296  -0.018330  0.987890  0.145252  -0.054544  -0.143566  0.989068  0.033664  0.058837  -0.025425  0.997944  0.001907  -0.000700  -0.000897  0.000000  0.000000  0.000000  2.000000  
87.673410 0.009326  0.091296  -0.018331  0.987890  0.145252  -0.054544  -0.143566  0.989068  0.033664  0.058837  -0.025425  0.997944  0.001848  -0.000544  -0.000952  0.000000  0.000000  0.000000  2.000000  
87.674418 0.009327  0.091296  -0.018332  0.987890  0.145252  -0.054544  -0.143566  0.989068  0.033664  0.058837  -0.025425  0.997944  0.001752  -0.000389  -0.000971  0.000000  0.000000  0.000000  2.000000  
87.675658 0.009328  0.091296  -0.018334  0.987861  0.145455  -0.054537  -0.143769  0.989038  0.033675  0.058837  -0.025425  0.997944  0.001651  -0.000231  -0.001056  0.000000  0.000000  0.000000  2.000000  
87.676660 0.009328  0.091296  -0.018335  0.987861  0.145455  -0.054537  -0.143769  0.989038  0.033675  0.058837  -0.025425  0.997944  0.001578  -0.000152  -0.001113  0.000000  0.000000  0.000000  2.000000  
87.677906 0.009329  0.091297  -0.018336  0.987853  0.145452  -0.054687  -0.143768  0.989042  0.033574  0.058971  -0.025304  0.997939  0.001422  -0.000015  -0.001139  0.000000  0.000000  0.000000  2.000000  
87.679158 0.009330  0.091298  -0.018338  0.987823  0.145656  -0.054680  -0.143972  0.989012  0.033586  0.058971  -0.025304  0.997939  0.001319  0.000119  -0.001176  0.000000  0.000000  0.000000  2.000000  
87.680160 0.009330  0.091298  -0.018339  0.987823  0.145656  -0.054680  -0.143972  0.989012  0.033586  0.058971  -0.025304  0.997939  0.001192  0.000177  -0.001173  0.000000  0.000000  0.000000  2.000000  
87.681412 0.009330  0.091299  -0.018341  0.987823  0.145656  -0.054680  -0.143972  0.989012  0.033586  0.058971  -0.025304  0.997939  0.001018  0.000227  -0.001221  0.000000  0.000000  0.000000  2.000000  
87.682420 0.009330  0.091299  -0.018341  0.987793  0.145859  -0.054673  -0.144175  0.988982  0.033597  0.058971  -0.025304  0.997939  0.000886  0.000295  -0.001159  0.000000  0.000000  0.000000  2.000000  
87.683659 0.009330  0.091300  -0.018343  0.987793  0.145859  -0.054673  -0.144175  0.988982  0.033597  0.058971  -0.025304  0.997939  0.000757  0.000321  -0.001130  0.000000  0.000000  0.000000  2.000000  
87.684661 0.009330  0.091300  -0.018343  0.987793  0.145859  -0.054673  -0.144175  0.988982  0.033597  0.058971  -0.025304  0.997939  0.000643  0.000360  -0.001098  0.000000  0.000000  0.000000  2.000000  
87.685912 0.009331  0.091301  -0.018345  0.987793  0.145859  -0.054673  -0.144175  0.988982  0.033597  0.058971  -0.025304  0.997939  0.000484  0.000391  -0.001117  0.000000  0.000000  0.000000  2.000000  
87.687159 0.009330  0.091301  -0.018346  0.987793  0.145852  -0.054691  -0.144175  0.988986  0.033477  0.058971  -0.025183  0.997942  0.000325  0.000398  -0.001087  0.000000  0.000000  0.000000  2.000000  
87.688422 0.009330  0.091302  -0.018347  0.987793  0.145852  -0.054691  -0.144175  0.988986  0.033477  0.058971  -0.025183  0.997942  0.000261  0.000403  -0.001037  0.000000  0.000000  0.000000  2.000000  
87.689658 0.009329  0.091302  -0.018348  0.987764  0.146056  -0.054684  -0.144378  0.988956  0.033488  0.058971  -0.025183  0.997942  0.000154  0.000385  -0.000969  0.000000  0.000000  0.000000  2.000000  
87.690660 0.009330  0.091302  -0.018348  0.987764  0.146056  -0.054684  -0.144378  0.988956  0.033488  0.058971  -0.025183  0.997942  0.000111  0.000361  -0.000950  0.000000  0.000000  0.000000  2.000000  
87.691907 0.009330  0.091302  -0.018349  0.987764  0.146056  -0.054684  -0.144378  0.988956  0.033488  0.058971  -0.025183  0.997942  0.000057  0.000357  -0.000924  0.000000  0.000000  0.000000  2.000000  
87.692907 0.009330  0.091302  -0.018349  0.987764  0.146056  -0.054684  -0.144378  0.988956  0.033488  0.058971  -0.025183  0.997942  0.000035  0.000346  -0.000812  0.000000  0.000000  0.000000  2.000000  
87.693909 0.009330  0.091302  -0.018349  0.987764  0.146056  -0.054684  -0.144378  0.988956  0.033488  0.058971  -0.025183  0.997942  -0.000009  0.000298  -0.000744  0.000000  0.000000  0.000000  2.000000  
87.695154 0.009330  0.091302  -0.018350  0.987764  0.146056  -0.054684  -0.144378  0.988956  0.033488  0.058971  -0.025183  0.997942  -0.000009  0.000270  -0.000684  0.000000  0.000000  0.000000  2.000000  
87.696154 0.009330  0.091302  -0.018350  0.987764  0.146056  -0.054684  -0.144378  0.988956  0.033488  0.058971  -0.025183  0.997942  -0.000010  0.000247  -0.000636  0.000000  0.000000  0.000000  2.000000  
87.697157 0.009330  0.091302  -0.018350  0.987793  0.145852  -0.054691  -0.144175  0.988986  0.033477  0.058971  -0.025183  0.997942  -0.000044  0.000177  -0.000570  0.000000  0.000000  0.000000  2.000000  
87.698423 0.009330  0.091302  -0.018349  0.987793  0.145852  -0.054691  -0.144175  0.988986  0.033477  0.058971  -0.025183  0.997942  -0.000036  0.000104  -0.000462  0.000000  0.000000  0.000000  2.000000  
87.699661 0.009329  0.091301  -0.018350  0.987801  0.145849  -0.054559  -0.144176  0.988986  0.033458  0.058837  -0.025183  0.997950  -0.000069  0.000030  -0.000385  0.000000  0.000000  0.000000  2.000000  
87.700912 0.009329  0.091301  -0.018350  0.987801  0.145849  -0.054559  -0.144176  0.988986  0.033458  0.058837  -0.025183  0.997950  -0.000070  0.000006  -0.000337  0.000000  0.000000  0.000000  2.000000  
87.702164 0.009329  0.091300  -0.018350  0.987801  0.145849  -0.054559  -0.144176  0.988986  0.033458  0.058837  -0.025183  0.997950  -0.000051  -0.000070  -0.000270  0.000000  0.000000  0.000000  2.000000  
87.703413 0.009329  0.091300  -0.018350  0.987801  0.145849  -0.054559  -0.144176  0.988986  0.033458  0.058837  -0.025183  0.997950  -0.000051  -0.000092  -0.000217  0.000000  0.000000  0.000000  2.000000  
87.704658 0.009329  0.091300  -0.018350  0.987772  0.146053  -0.054552  -0.144380  0.988956  0.033469  0.058837  -0.025183  0.997950  -0.000053  -0.000117  -0.000172  0.000000  0.000000  0.000000  2.000000  
87.705664 0.009329  0.091300  -0.018350  0.987772  0.146053  -0.054552  -0.144380  0.988956  0.033469  0.058837  -0.025183  0.997950  -0.000054  -0.000140  -0.000123  0.000000  0.000000  0.000000  2.000000  
87.706908 0.009329  0.091300  -0.018350  0.987772  0.146053  -0.054552  -0.144380  0.988956  0.033469  0.058837  -0.025183  0.997950  -0.000066  -0.000161  -0.000035  0.000000  0.000000  0.000000  2.000000  
87.708155 0.009328  0.091299  -0.018350  0.987772  0.146053  -0.054552  -0.144380  0.988956  0.033469  0.058837  -0.025183  0.997950  -0.000096  -0.000185  -0.000054  0.000000  0.000000  0.000000  2.000000  
87.709416 0.009328  0.091299  -0.018350  0.987764  0.146056  -0.054684  -0.144378  0.988956  0.033488  0.058971  -0.025183  0.997942  -0.000109  -0.000185  -0.000016  0.000000  0.000000  0.000000  2.000000  
87.710657 0.009328  0.091298  -0.018350  0.987734  0.146260  -0.054677  -0.144582  0.988926  0.033499  0.058971  -0.025183  0.997942  -0.000130  -0.000238  -0.000027  0.000000  0.000000  0.000000  2.000000  
87.711905 0.009327  0.091298  -0.018350  0.987734  0.146260  -0.054677  -0.144582  0.988926  0.033499  0.058971  -0.025183  0.997942  -0.000162  -0.000265  -0.000048  0.000000  0.000000  0.000000  2.000000  
87.712907 0.009327  0.091298  -0.018351  0.987734  0.146260  -0.054677  -0.144582  0.988926  0.033499  0.058971  -0.025183  0.997942  -0.000191  -0.000288  -0.000067  0.000000  0.000000  0.000000  2.000000  
87.713908 0.009326  0.091297  -0.018351  0.987704  0.146463  -0.054670  -0.144785  0.988896  0.033511  0.058971  -0.025183  0.997942  -0.000233  -0.000288  -0.000097  0.000000  0.000000  0.000000  2.000000  
87.715154 0.009326  0.091296  -0.018351  0.987704  0.146463  -0.054670  -0.144785  0.988896  0.033511  0.058971  -0.025183  0.997942  -0.000223  -0.000314  -0.000088  0.000000  0.000000  0.000000  2.000000  
87.716169 0.009326  0.091296  -0.018351  0.987704  0.146463  -0.054670  -0.144785  0.988896  0.033511  0.058971  -0.025183  0.997942  -0.000226  -0.000319  -0.000089  0.000000  0.000000  0.000000  2.000000  
87.717413 0.009326  0.091296  -0.018351  0.987674  0.146667  -0.054663  -0.144988  0.988865  0.033522  0.058971  -0.025183  0.997942  -0.000236  -0.000293  -0.000098  0.000000  0.000000  0.000000  2.000000  
87.718422 0.009325  0.091296  -0.018352  0.987674  0.146667  -0.054663  -0.144988  0.988865  0.033522  0.058971  -0.025183  0.997942  -0.000257  -0.000323  -0.000158  0.000000  0.000000  0.000000  2.000000  
87.719660 0.009325  0.091295  -0.018353  0.987645  0.146870  -0.054656  -0.145192  0.988835  0.033533  0.058971  -0.025183  0.997942  -0.000257  -0.000323  -0.000159  0.000000  0.000000  0.000000  2.000000  
87.720909 0.009325  0.091295  -0.018353  0.987645  0.146870  -0.054656  -0.145192  0.988835  0.033533  0.058971  -0.025183  0.997942  -0.000235  -0.000329  -0.000238  0.000000  0.000000  0.000000  2.000000  
87.721910 0.009325  0.091295  -0.018354  0.987645  0.146877  -0.054638  -0.145192  0.988831  0.033653  0.058971  -0.025304  0.997939  -0.000203  -0.000279  -0.000266  0.000000  0.000000  0.000000  2.000000  
87.723158 0.009325  0.091294  -0.018354  0.987615  0.147081  -0.054631  -0.145395  0.988801  0.033664  0.058971  -0.025304  0.997939  -0.000225  -0.000333  -0.000278  0.000000  0.000000  0.000000  2.000000  
87.724159 0.009325  0.091294  -0.018355  0.987615  0.147081  -0.054631  -0.145395  0.988801  0.033664  0.058971  -0.025304  0.997939  -0.000214  -0.000336  -0.000318  0.000000  0.000000  0.000000  2.000000  
87.725409 0.009325  0.091294  -0.018355  0.987615  0.147081  -0.054631  -0.145395  0.988801  0.033664  0.058971  -0.025304  0.997939  -0.000178  -0.000280  -0.000340  0.000000  0.000000  0.000000  2.000000  
87.726656 0.009325  0.091293  -0.018355  0.987585  0.147284  -0.054625  -0.145598  0.988770  0.033676  0.058971  -0.025304  0.997939  -0.000168  -0.000306  -0.000331  0.000000  0.000000  0.000000  2.000000  
87.727904 0.009325  0.091293  -0.018356  0.987585  0.147284  -0.054625  -0.145598  0.988770  0.033676  0.058971  -0.025304  0.997939  -0.000125  -0.000282  -0.000350  0.000000  0.000000  0.000000  2.000000  
87.728904 0.009325  0.091293  -0.018357  0.987585  0.147278  -0.054642  -0.145598  0.988775  0.033556  0.058971  -0.025183  0.997942  -0.000105  -0.000311  -0.000380  0.000000  0.000000  0.000000  2.000000  
87.729913 0.009325  0.091293  -0.018357  0.987585  0.147278  -0.054642  -0.145598  0.988775  0.033556  0.058971  -0.025183  0.997942  -0.000085  -0.000263  -0.000375  0.000000  0.000000  0.000000  2.000000  
87.731154 0.009325  0.091293  -0.018357  0.987555  0.147481  -0.054635  -0.145802  0.988744  0.033567  0.058971  -0.025183  0.997942  -0.000072  -0.000262  -0.000408  0.000000  0.000000  0.000000  2.000000  
87.732156 0.009325  0.091293  -0.018358  0.987562  0.147478  -0.054503  -0.145803  0.988745  0.033547  0.058837  -0.025183  0.997950  -0.000030  -0.000238  -0.000426  0.000000  0.000000  0.000000  2.000000  
87.733162 0.009325  0.091293  -0.018358  0.987562  0.147478  -0.054503  -0.145803  0.988745  0.033547  0.058837  -0.025183  0.997950  -0.000010  -0.000212  -0.000373  0.000000  0.000000  0.000000  2.000000  
87.734419 0.009325  0.091292  -0.018358  0.987562  0.147478  -0.054503  -0.145803  0.988745  0.033547  0.058837  -0.025183  0.997950  0.000033  -0.000188  -0.000392  0.000000  0.000000  0.000000  2.000000  
87.735492 0.009326  0.091292  -0.018359  0.987562  0.147478  -0.054503  -0.145803  0.988745  0.033547  0.058837  -0.025183  0.997950  0.000033  -0.000187  -0.000390  0.000000  0.000000  0.000000  2.000000  
87.736659 0.009326  0.091292  -0.018360  0.987532  0.147681  -0.054496  -0.146006  0.988714  0.033559  0.058837  -0.025183  0.997950  0.000044  -0.000188  -0.000425  0.000000  0.000000  0.000000  2.000000  
87.737909 0.009326  0.091292  -0.018360  0.987532  0.147681  -0.054496  -0.146006  0.988714  0.033559  0.058837  -0.025183  0.997950  0.000055  -0.000134  -0.000381  0.000000  0.000000  0.000000  2.000000  
87.738910 0.009326  0.091292  -0.018360  0.987532  0.147681  -0.054496  -0.146006  0.988714  0.033559  0.058837  -0.025183  0.997950  0.000055  -0.000134  -0.000381  0.000000  0.000000  0.000000  2.000000  
87.739914 0.009326  0.091292  -0.018360  0.987532  0.147681  -0.054496  -0.146006  0.988714  0.033559  0.058837  -0.025183  0.997950  0.000044  -0.000131  -0.000341  0.000000  0.000000  0.000000  2.000000  
87.741155 0.009326  0.091292  -0.018360  0.987532  0.147681  -0.054496  -0.146006  0.988714  0.033559  0.058837  -0.025183  0.997950  0.000065  -0.000076  -0.000324  0.000000  0.000000  0.000000  2.000000  
87.742411 0.009326  0.091292  -0.018360  0.987532  0.147681  -0.054496  -0.146006  0.988714  0.033559  0.058837  -0.025183  0.997950  0.000055  -0.000075  -0.000290  0.000000  0.000000  0.000000  2.000000  
87.743657 0.009326  0.091292  -0.018361  0.987532  0.147681  -0.054496  -0.146006  0.988714  0.033559  0.058837  -0.025183  0.997950  0.000076  -0.000021  -0.000273  0.000000  0.000000  0.000000  2.000000  
87.744659 0.009326  0.091292  -0.018361  0.987532  0.147681  -0.054496  -0.146006  0.988714  0.033559  0.058837  -0.025183  0.997950  0.000077  -0.000021  -0.000278  0.000000  0.000000  0.000000  2.000000  
87.745667 0.009326  0.091292  -0.018361  0.987532  0.147681  -0.054496  -0.146006  0.988714  0.033559  0.058837  -0.025183  0.997950  0.000065  -0.000018  -0.000234  0.000000  0.000000  0.000000  2.000000  
87.746677 0.009326  0.091293  -0.018361  0.987525  0.147685  -0.054629  -0.146005  0.988714  0.033578  0.058971  -0.025183  0.997942  0.000056  0.000008  -0.000247  0.000000  0.000000  0.000000  2.000000  
87.747912 0.009326  0.091293  -0.018361  0.987525  0.147685  -0.054629  -0.146005  0.988714  0.033578  0.058971  -0.025183  0.997942  0.000076  0.000038  -0.000184  0.000000  0.000000  0.000000  2.000000  
87.749175 0.009326  0.091293  -0.018361  0.987525  0.147685  -0.054629  -0.146005  0.988714  0.033578  0.058971  -0.025183  0.997942  0.000066  0.000041  -0.000147  0.000000  0.000000  0.000000  2.000000  
87.750414 0.009327  0.091294  -0.018360  0.987525  0.147685  -0.054629  -0.146005  0.988714  0.033578  0.058971  -0.025183  0.997942  0.000075  0.000074  -0.000047  0.000000  0.000000  0.000000  2.000000  
87.751659 0.009327  0.091294  -0.018360  0.987525  0.147685  -0.054629  -0.146005  0.988714  0.033578  0.058971  -0.025183  0.997942  0.000054  0.000102  -0.000016  0.000000  0.000000  0.000000  2.000000  
87.752908 0.009327  0.091294  -0.018359  0.987525  0.147685  -0.054629  -0.146005  0.988714  0.033578  0.058971  -0.025183  0.997942  0.000085  0.000129  0.000004  0.000000  0.000000  0.000000  2.000000  
87.753911 0.009327  0.091294  -0.018359  0.987525  0.147685  -0.054629  -0.146005  0.988714  0.033578  0.058971  -0.025183  0.997942  0.000065  0.000137  0.000083  0.000000  0.000000  0.000000  2.000000  
87.755159 0.009327  0.091295  -0.018359  0.987525  0.147685  -0.054629  -0.146005  0.988714  0.033578  0.058971  -0.025183  0.997942  0.000095  0.000162  0.000102  0.000000  0.000000  0.000000  2.000000  
87.756161 0.009327  0.091295  -0.018358  0.987495  0.147888  -0.054622  -0.146208  0.988683  0.033589  0.058971  -0.025183  0.997942  0.000086  0.000167  0.000144  0.000000  0.000000  0.000000  2.000000  
