1-Time 2-Px 3-Py 4-Pz 5-R11 6-R21 7-R31 8-R12 9-R22 10-R32 11-R13 12-R23 13-R33 14-Vx 15-Vy 16-Vz 17-Wx 18-Wy 19-Wz 20-state 21-PR11 22-PR21 23-PR31 24-PR12 25-PR22 26-PR32 27-PR13 28-PR23 29-PR33 
20.110769 0.014459  0.094253  -0.018466  0.992889  0.119016  0.002464  -0.118915  0.990668  0.066601  0.005486  -0.066421  0.997777  0.000085  0.000076  -0.000087  0.000000  0.000000  0.000000  2.000000  
20.112019 0.014459  0.094253  -0.018466  0.992865  0.119220  0.002478  -0.119120  0.990644  0.066601  0.005486  -0.066421  0.997777  0.000107  0.000045  -0.000119  0.000000  0.000000  0.000000  2.000000  
20.113266 0.014463  0.094253  -0.018466  0.992766  0.120036  0.002547  -0.119937  0.990537  0.066719  0.005486  -0.066542  0.997769  0.000350  0.000043  -0.000081  0.000000  0.000000  0.000000  2.000000  
20.114279 0.014466  0.094252  -0.018466  0.992717  0.120443  0.002589  -0.120346  0.990479  0.066838  0.005486  -0.066663  0.997760  0.000573  -0.000012  -0.000019  0.000000  0.000000  0.000000  2.000000  
20.115281 0.014470  0.094250  -0.018466  0.992668  0.120842  0.002764  -0.120755  0.990423  0.066941  0.005352  -0.066784  0.997753  0.000804  -0.000158  -0.000040  0.000000  0.000000  0.000000  2.000000  
20.116520 0.014476  0.094247  -0.018466  0.992618  0.121249  0.002806  -0.121164  0.990365  0.067060  0.005352  -0.066905  0.997745  0.001198  -0.000334  -0.000038  0.000000  0.000000  0.000000  2.000000  
20.117526 0.014481  0.094246  -0.018466  0.992567  0.121665  0.002731  -0.121572  0.990297  0.067315  0.005486  -0.067147  0.997728  0.001556  -0.000426  -0.000065  0.000000  0.000000  0.000000  2.000000  
20.118770 0.014488  0.094245  -0.018466  0.992440  0.122702  0.002550  -0.122594  0.990161  0.067465  0.005753  -0.067268  0.997718  0.002014  -0.000544  -0.000019  0.000000  0.000000  0.000000  2.000000  
20.119771 0.014494  0.094244  -0.018465  0.992364  0.123322  0.002489  -0.123207  0.990068  0.067720  0.005887  -0.067510  0.997701  0.002395  -0.000629  0.000068  0.000000  0.000000  0.000000  2.000000  
20.120772 0.014500  0.094242  -0.018464  0.992262  0.124137  0.002560  -0.124024  0.989958  0.067838  0.005887  -0.067631  0.997693  0.002797  -0.000745  0.000124  0.000000  0.000000  0.000000  2.000000  
20.122020 0.014508  0.094241  -0.018463  0.992134  0.125156  0.002645  -0.125045  0.989821  0.067956  0.005887  -0.067752  0.997685  0.003362  -0.000803  0.000247  0.037789  0.000439  0.194186  2.000000  
20.123020 0.014515  0.094242  -0.018462  0.992030  0.125970  0.002716  -0.125862  0.989709  0.068074  0.005887  -0.067873  0.997677  0.003849  -0.000779  0.000310  0.042023  -0.001434  0.221803  2.000000  
20.124020 0.014524  0.094243  -0.018459  0.991926  0.126785  0.002803  -0.126679  0.989589  0.068311  0.005887  -0.068115  0.997660  0.004432  -0.000693  0.000490  0.050379  -0.003793  0.256348  2.000000  
20.125020 0.014533  0.094244  -0.018456  0.991795  0.127803  0.002889  -0.127700  0.989449  0.068429  0.005887  -0.068236  0.997652  0.005013  -0.000631  0.000721  0.054667  -0.006143  0.290942  2.000000  
20.126266 0.014544  0.094245  -0.018452  0.991663  0.128821  0.002975  -0.128721  0.989309  0.068545  0.005887  -0.068357  0.997644  0.005689  -0.000533  0.000972  0.058927  -0.008495  0.325390  2.000000  
20.127290 0.014554  0.094246  -0.018449  0.991556  0.129644  0.002930  -0.129537  0.989185  0.068800  0.006021  -0.068599  0.997626  0.006306  -0.000453  0.001177  0.067205  -0.005915  0.353008  2.000000  
20.128517 0.014567  0.094248  -0.018445  0.991422  0.130671  0.002901  -0.130558  0.989033  0.069055  0.006155  -0.068841  0.997609  0.006959  -0.000310  0.001404  0.075631  -0.003819  0.388081  2.000000  
20.129541 0.014578  0.094248  -0.018441  0.991314  0.131484  0.003005  -0.131374  0.988900  0.069412  0.006155  -0.069204  0.997584  0.007414  -0.000217  0.001642  0.092022  -0.005740  0.415351  2.000000  
20.130768 0.014591  0.094246  -0.018437  0.991150  0.132714  0.002991  -0.132598  0.988719  0.069666  0.006288  -0.069446  0.997566  0.007921  -0.000175  0.001926  0.100527  -0.004132  0.457434  2.000000  
20.131770 0.014602  0.094243  -0.018434  0.991013  0.133730  0.003111  -0.133619  0.988556  0.070022  0.006288  -0.069809  0.997541  0.008364  -0.000251  0.002156  0.112955  -0.006574  0.491922  2.000000  
20.132771 0.014615  0.094240  -0.018432  0.990875  0.134747  0.003232  -0.134639  0.988392  0.070379  0.006288  -0.070172  0.997515  0.008837  -0.000367  0.002297  0.125377  -0.009027  0.526389  2.000000  
20.133773 0.014627  0.094236  -0.018430  0.990764  0.135560  0.003323  -0.135455  0.988264  0.070616  0.006288  -0.070414  0.997498  0.009308  -0.000561  0.002454  0.133677  -0.010985  0.553933  2.000000  
20.134782 0.014638  0.094231  -0.018427  0.990624  0.136576  0.003446  -0.136474  0.988098  0.070972  0.006288  -0.070777  0.997472  0.009719  -0.000817  0.002524  0.146070  -0.013457  0.588290  2.000000  
20.136020 0.014653  0.094223  -0.018424  0.990511  0.137388  0.003554  -0.137290  0.987959  0.071329  0.006288  -0.071140  0.997447  0.010129  -0.001193  0.002624  0.158585  -0.015481  0.616386  2.000000  
20.137020 0.014665  0.094217  -0.018422  0.990398  0.138201  0.003646  -0.138106  0.987829  0.071565  0.006288  -0.071382  0.997429  0.010557  -0.001663  0.002771  0.166840  -0.017459  0.643756  2.000000  
20.138282 0.014683  0.094209  -0.018421  0.990225  0.139428  0.003670  -0.139329  0.987621  0.072059  0.006422  -0.071866  0.997394  0.011010  -0.002267  0.002693  0.187474  -0.016432  0.692092  2.000000  
20.139518 0.014699  0.094200  -0.018419  0.990081  0.140444  0.003795  -0.140348  0.987451  0.072414  0.006422  -0.072229  0.997367  0.011417  -0.002859  0.002569  0.200000  -0.018964  0.726938  2.000000  
20.140520 0.014712  0.094194  -0.018417  0.989995  0.141052  0.003874  -0.140959  0.987346  0.072651  0.006422  -0.072471  0.997350  0.011718  -0.003459  0.002419  0.208294  -0.020496  0.747704  2.000000  
20.141770 0.014729  0.094186  -0.018414  0.989878  0.141864  0.003986  -0.141775  0.987203  0.073007  0.006422  -0.072833  0.997323  0.012058  -0.004032  0.002395  0.220648  -0.022078  0.768411  2.000000  
20.143016 0.014747  0.094179  -0.018410  0.989790  0.142473  0.004065  -0.142386  0.987098  0.073244  0.006422  -0.073075  0.997306  0.012333  -0.004553  0.002436  0.222873  -0.022034  0.762075  2.000000  
20.144016 0.014761  0.094173  -0.018407  0.989703  0.143071  0.004295  -0.142997  0.986984  0.073582  0.006288  -0.073438  0.997280  0.012525  -0.005031  0.002402  0.232936  -0.026902  0.768446  2.000000  
20.145021 0.014773  0.094166  -0.018404  0.989615  0.143680  0.004358  -0.143609  0.986887  0.073699  0.006288  -0.073559  0.997271  0.012754  -0.005522  0.002368  0.232900  -0.022991  0.775581  2.000000  
20.146279 0.014788  0.094155  -0.018399  0.989526  0.144288  0.004456  -0.144220  0.986771  0.074055  0.006288  -0.073922  0.997244  0.012772  -0.005954  0.002425  0.240945  -0.023652  0.781989  2.000000  
20.147517 0.014802  0.094144  -0.018394  0.989466  0.144693  0.004521  -0.144627  0.986693  0.074293  0.006288  -0.074164  0.997226  0.012734  -0.006446  0.002558  0.239132  -0.028107  0.775616  2.000000  
20.148771 0.014816  0.094132  -0.018389  0.989407  0.145098  0.004605  -0.145035  0.986606  0.074650  0.006288  -0.074527  0.997199  0.012617  -0.006906  0.002730  0.245138  -0.036072  0.760580  2.000000  
20.150017 0.014828  0.094119  -0.018384  0.989347  0.145503  0.004671  -0.145442  0.986529  0.074887  0.006288  -0.074769  0.997181  0.012468  -0.007370  0.002831  0.247124  -0.039383  0.740282  2.000000  
20.151023 0.014837  0.094109  -0.018379  0.989287  0.145908  0.004737  -0.145849  0.986450  0.075125  0.006288  -0.075011  0.997163  0.012280  -0.007677  0.002987  0.249091  -0.042894  0.725368  2.000000  
20.152276 0.014849  0.094097  -0.018374  0.989227  0.146313  0.004803  -0.146257  0.986372  0.075362  0.006288  -0.075253  0.997145  0.011982  -0.007935  0.003269  0.250968  -0.037243  0.706061  2.000000  
20.153518 0.014860  0.094083  -0.018370  0.989197  0.146514  0.004872  -0.146460  0.986314  0.075720  0.006288  -0.075616  0.997117  0.011585  -0.008321  0.003381  0.258865  -0.035440  0.678609  2.000000  
20.154522 0.014868  0.094072  -0.018368  0.989166  0.146716  0.004923  -0.146664  0.986266  0.075958  0.006288  -0.075857  0.997099  0.011256  -0.008623  0.003445  0.264916  -0.033865  0.656610  2.000000  
20.155522 0.014876  0.094060  -0.018366  0.989136  0.146918  0.004975  -0.146868  0.986217  0.076197  0.006288  -0.076099  0.997080  0.010888  -0.008992  0.003382  0.264733  -0.032023  0.628961  2.000000  
20.156774 0.014886  0.094046  -0.018365  0.989106  0.147119  0.005044  -0.147071  0.986159  0.076554  0.006288  -0.076462  0.997053  0.010366  -0.009468  0.003311  0.268638  -0.030206  0.601340  2.000000  
20.158020 0.014895  0.094031  -0.018363  0.989076  0.147321  0.005095  -0.147275  0.986110  0.076793  0.006288  -0.076704  0.997034  0.009802  -0.009923  0.003158  0.268520  -0.032326  0.566616  2.000000  
20.159271 0.014904  0.094016  -0.018360  0.989045  0.147522  0.005165  -0.147478  0.986052  0.077150  0.006288  -0.077067  0.997006  0.009322  -0.010315  0.003037  0.268596  -0.035521  0.545907  2.000000  
20.160517 0.014911  0.094001  -0.018358  0.989045  0.147521  0.005201  -0.147478  0.986033  0.077390  0.006288  -0.077309  0.996987  0.008734  -0.010706  0.002908  0.266007  -0.037264  0.506455  2.000000  
20.161519 0.014916  0.093988  -0.018356  0.989015  0.147723  0.005252  -0.147682  0.985984  0.077628  0.006288  -0.077551  0.996969  0.008308  -0.011002  0.002785  0.265891  -0.035873  0.485937  2.000000  
20.162774 0.014922  0.093972  -0.018354  0.988984  0.147924  0.005304  -0.147886  0.985934  0.077866  0.006288  -0.077792  0.996950  0.007760  -0.011370  0.002593  0.259581  -0.032758  0.441551  2.000000  
20.164023 0.014928  0.093955  -0.018350  0.988954  0.148125  0.005374  -0.148089  0.985876  0.078223  0.006288  -0.078155  0.996921  0.007291  -0.011714  0.002457  0.255415  -0.030386  0.407245  2.000000  
20.165281 0.014934  0.093938  -0.018346  0.988954  0.148124  0.005410  -0.148089  0.985857  0.078463  0.006288  -0.078397  0.996902  0.006850  -0.011936  0.002387  0.253081  -0.028178  0.376415  2.000000  
20.166517 0.014939  0.093922  -0.018342  0.988953  0.148133  0.005314  -0.148089  0.985836  0.078722  0.006422  -0.078639  0.996882  0.006471  -0.012131  0.002359  0.248880  -0.021786  0.349354  2.000000  
20.167523 0.014944  0.093910  -0.018337  0.988923  0.148335  0.005348  -0.148293  0.985796  0.078840  0.006422  -0.078760  0.996873  0.006142  -0.012270  0.002370  0.242586  -0.023934  0.317399  2.000000  
20.168773 0.014951  0.093896  -0.018332  0.988923  0.148334  0.005384  -0.148293  0.985777  0.079079  0.006422  -0.079002  0.996854  0.005898  -0.012279  0.002524  0.234187  -0.021433  0.282863  2.000000  
20.170020 0.014957  0.093881  -0.018327  0.988923  0.148332  0.005438  -0.148293  0.985748  0.079438  0.006422  -0.079364  0.996825  0.005661  -0.012309  0.002755  0.236185  -0.019782  0.260018  2.000000  
20.171272 0.014964  0.093868  -0.018322  0.988892  0.148534  0.005491  -0.148496  0.985698  0.079676  0.006422  -0.079606  0.996806  0.005468  -0.012222  0.002957  0.232012  -0.018293  0.239487  2.000000  
20.172272 0.014970  0.093857  -0.018319  0.988892  0.148532  0.005527  -0.148496  0.985679  0.079915  0.006422  -0.079848  0.996786  0.005351  -0.012214  0.002993  0.231907  -0.016780  0.218981  2.000000  
20.173520 0.014977  0.093843  -0.018314  0.988892  0.148531  0.005563  -0.148496  0.985659  0.080154  0.006422  -0.080090  0.996767  0.005217  -0.012150  0.003214  0.229540  -0.010377  0.193519  2.000000  
20.174770 0.014985  0.093829  -0.018310  0.988892  0.148530  0.005599  -0.148496  0.985640  0.080393  0.006422  -0.080332  0.996748  0.005230  -0.012111  0.003290  0.229391  -0.008296  0.165940  2.000000  
20.176017 0.014993  0.093815  -0.018307  0.988862  0.148721  0.005783  -0.148700  0.985591  0.080611  0.006288  -0.080573  0.996729  0.005304  -0.012002  0.003390  0.225295  -0.011765  0.151845  2.000000  
20.177018 0.015000  0.093803  -0.018304  0.988862  0.148719  0.005819  -0.148700  0.985572  0.080850  0.006288  -0.080815  0.996709  0.005397  -0.011915  0.003457  0.225144  -0.010726  0.137999  2.000000  
20.178021 0.015007  0.093792  -0.018301  0.988862  0.148718  0.005856  -0.148700  0.985552  0.081089  0.006288  -0.081057  0.996690  0.005536  -0.011784  0.003490  0.224998  -0.009681  0.124164  2.000000  
20.179023 0.015014  0.093780  -0.018298  0.988862  0.148716  0.005892  -0.148700  0.985532  0.081329  0.006288  -0.081299  0.996670  0.005712  -0.011649  0.003488  0.229033  -0.009165  0.117265  2.000000  
20.180266 0.015023  0.093765  -0.018295  0.988863  0.148703  0.006078  -0.148700  0.985504  0.081667  0.006155  -0.081662  0.996641  0.005971  -0.011535  0.003433  0.231212  -0.012503  0.102317  2.000000  
20.181521 0.015034  0.093751  -0.018291  0.988833  0.148904  0.006149  -0.148904  0.985444  0.082025  0.006155  -0.082024  0.996611  0.006355  -0.011403  0.003345  0.232996  -0.012096  0.096223  2.000000  
20.182768 0.015046  0.093738  -0.018287  0.988833  0.148902  0.006203  -0.148904  0.985414  0.082383  0.006155  -0.082387  0.996581  0.006732  -0.011284  0.003311  0.235066  -0.011483  0.088581  2.000000  
20.183774 0.015057  0.093728  -0.018283  0.988833  0.148900  0.006239  -0.148904  0.985394  0.082622  0.006155  -0.082629  0.996561  0.007088  -0.011179  0.003241  0.235028  -0.010962  0.081739  2.000000  
20.185020 0.015070  0.093716  -0.018278  0.988833  0.148899  0.006275  -0.148904  0.985374  0.082861  0.006155  -0.082870  0.996541  0.007486  -0.011038  0.003232  0.228861  -0.009988  0.068655  2.000000  
20.186041 0.015081  0.093707  -0.018274  0.988833  0.148897  0.006311  -0.148904  0.985354  0.083100  0.006155  -0.083112  0.996521  0.007880  -0.010914  0.003230  0.228583  -0.009993  0.068569  2.000000  
20.187273 0.015095  0.093695  -0.018268  0.988802  0.149098  0.006383  -0.149107  0.985293  0.083458  0.006155  -0.083475  0.996491  0.008396  -0.010763  0.003358  0.230901  -0.009938  0.068048  2.000000  
20.188520 0.015110  0.093684  -0.018262  0.988771  0.149299  0.006436  -0.149311  0.985242  0.083695  0.006155  -0.083717  0.996471  0.008869  -0.010569  0.003464  0.228708  -0.009486  0.061716  2.000000  
20.189520 0.015122  0.093675  -0.018258  0.988772  0.149286  0.006604  -0.149311  0.985223  0.083915  0.006021  -0.083958  0.996451  0.009318  -0.010418  0.003534  0.228708  -0.013984  0.061352  2.000000  
20.190771 0.015137  0.093665  -0.018253  0.988772  0.149284  0.006658  -0.149311  0.985193  0.084273  0.006021  -0.084321  0.996420  0.009790  -0.010171  0.003629  0.230875  -0.013888  0.060845  2.000000  
20.191772 0.015150  0.093657  -0.018248  0.988741  0.149486  0.006694  -0.149515  0.985152  0.084391  0.006021  -0.084442  0.996410  0.010209  -0.009923  0.003734  0.228672  -0.014011  0.061336  2.000000  
20.193018 0.015167  0.093647  -0.018243  0.988741  0.149483  0.006748  -0.149515  0.985121  0.084750  0.006021  -0.084804  0.996379  0.010664  -0.009661  0.003838  0.232767  -0.013471  0.054450  2.000000  
20.194269 0.015184  0.093637  -0.018237  0.988710  0.149685  0.006802  -0.149718  0.985069  0.084987  0.006021  -0.085046  0.996359  0.011271  -0.009292  0.004051  0.230806  -0.013370  0.053988  2.000000  
20.195281 0.015198  0.093629  -0.018234  0.988710  0.149683  0.006838  -0.149718  0.985049  0.085226  0.006021  -0.085288  0.996338  0.011679  -0.009011  0.004101  0.232642  -0.013490  0.054414  2.000000  
20.196519 0.015216  0.093620  -0.018229  0.988680  0.149883  0.006910  -0.149922  0.984987  0.085583  0.006021  -0.085650  0.996307  0.012115  -0.008743  0.004151  0.236897  -0.018565  0.060968  2.000000  
20.197520 0.015231  0.093612  -0.018226  0.988649  0.150084  0.006964  -0.150125  0.984935  0.085821  0.006021  -0.085892  0.996286  0.012506  -0.008506  0.004150  0.238953  -0.018420  0.060454  2.000000  
20.198773 0.015250  0.093603  -0.018222  0.988649  0.150082  0.007019  -0.150125  0.984904  0.086179  0.006021  -0.086255  0.996255  0.012869  -0.008302  0.004112  0.240921  -0.018594  0.060945  2.000000  
20.200018 0.015268  0.093593  -0.018218  0.988618  0.150282  0.007091  -0.150329  0.984842  0.086536  0.006021  -0.086617  0.996223  0.013222  -0.008156  0.004028  0.243040  -0.019030  0.067281  2.000000  
20.201022 0.015284  0.093586  -0.018215  0.988586  0.150495  0.007014  -0.150532  0.984788  0.086794  0.006155  -0.086859  0.996202  0.013558  -0.008048  0.003926  0.245070  -0.014724  0.068211  2.000000  
20.202285 0.015302  0.093576  -0.018211  0.988586  0.150492  0.007069  -0.150532  0.984756  0.087152  0.006155  -0.087221  0.996170  0.013839  -0.007931  0.003791  0.248996  -0.014735  0.068165  2.000000  
20.203521 0.015322  0.093566  -0.018208  0.988555  0.150692  0.007141  -0.150736  0.984693  0.087509  0.006155  -0.087584  0.996138  0.014115  -0.007878  0.003642  0.253261  -0.015345  0.075095  2.000000  
20.204769 0.015340  0.093556  -0.018204  0.988524  0.150892  0.007214  -0.150939  0.984630  0.087866  0.006155  -0.087946  0.996106  0.014380  -0.007819  0.003489  0.255252  -0.015818  0.081308  2.000000  
20.205770 0.015355  0.093547  -0.018201  0.988493  0.151093  0.007269  -0.151143  0.984578  0.088103  0.006155  -0.088188  0.996085  0.014501  -0.007815  0.003459  0.257362  -0.011488  0.082357  2.000000  
20.206774 0.015370  0.093539  -0.018199  0.988492  0.151103  0.007174  -0.151143  0.984555  0.088362  0.006288  -0.088429  0.996063  0.014641  -0.007848  0.003292  0.257334  -0.007026  0.082724  2.000000  
20.207775 0.015385  0.093532  -0.018196  0.988461  0.151304  0.007229  -0.151346  0.984502  0.088599  0.006288  -0.088671  0.996041  0.014793  -0.007806  0.003207  0.257392  -0.007633  0.089621  2.000000  
20.209016 0.015404  0.093522  -0.018192  0.988461  0.151302  0.007266  -0.151346  0.984481  0.088838  0.006288  -0.088913  0.996020  0.014871  -0.007783  0.003102  0.255344  -0.007594  0.088906  2.000000  
20.210021 0.015418  0.093515  -0.018189  0.988430  0.151503  0.007321  -0.151550  0.984428  0.089075  0.006288  -0.089154  0.995998  0.014923  -0.007755  0.003045  0.253354  -0.003793  0.096895  2.000000  
20.211274 0.015437  0.093506  -0.018185  0.988429  0.151512  0.007244  -0.151549  0.984394  0.089454  0.006422  -0.089517  0.995965  0.014952  -0.007701  0.002976  0.253322  0.001246  0.090388  2.000000  
20.212518 0.015455  0.093497  -0.018182  0.988398  0.151713  0.007299  -0.151753  0.984341  0.089691  0.006422  -0.089758  0.995943  0.014930  -0.007703  0.002901  0.249321  0.000623  0.097294  2.000000  
20.213520 0.015469  0.093490  -0.018179  0.988398  0.151711  0.007336  -0.151753  0.984319  0.089930  0.006422  -0.090000  0.995921  0.014888  -0.007721  0.002876  0.249348  0.000599  0.097305  2.000000  
20.214766 0.015486  0.093479  -0.018176  0.988365  0.151923  0.007278  -0.151956  0.984253  0.090307  0.006556  -0.090362  0.995887  0.014797  -0.007713  0.002851  0.251369  0.004414  0.103720  2.000000  
20.215770 0.015500  0.093472  -0.018174  0.988365  0.151922  0.007315  -0.151956  0.984231  0.090546  0.006556  -0.090604  0.995865  0.014695  -0.007777  0.002777  0.251381  0.004389  0.103726  2.000000  
20.216772 0.015513  0.093463  -0.018172  0.988365  0.151920  0.007352  -0.151956  0.984209  0.090784  0.006556  -0.090845  0.995843  0.014510  -0.007819  0.002702  0.251302  0.004961  0.096876  2.000000  
20.217772 0.015526  0.093454  -0.018170  0.988334  0.152121  0.007408  -0.152160  0.984156  0.091022  0.006556  -0.091087  0.995821  0.014373  -0.007894  0.002644  0.251340  0.004338  0.103711  2.000000  
20.218772 0.015538  0.093445  -0.018168  0.988334  0.152119  0.007444  -0.152160  0.984134  0.091260  0.006556  -0.091329  0.995799  0.014188  -0.007941  0.002567  0.253380  0.004955  0.097680  2.000000  
20.220018 0.015554  0.093433  -0.018167  0.988333  0.152129  0.007350  -0.152160  0.984110  0.091519  0.006690  -0.091570  0.995776  0.013976  -0.008020  0.002450  0.251293  0.013776  0.097659  2.000000  
20.221021 0.015565  0.093423  -0.018166  0.988333  0.152127  0.007387  -0.152160  0.984087  0.091758  0.006690  -0.091812  0.995754  0.013763  -0.008164  0.002348  0.249293  0.014472  0.091595  2.000000  
20.222275 0.015580  0.093411  -0.018165  0.988333  0.152126  0.007423  -0.152160  0.984065  0.091997  0.006690  -0.092053  0.995732  0.013479  -0.008305  0.002156  0.249231  0.014447  0.091576  2.000000  
20.223520 0.015595  0.093399  -0.018164  0.988332  0.152135  0.007347  -0.152159  0.984030  0.092375  0.006824  -0.092415  0.995697  0.013203  -0.008488  0.001957  0.253327  0.019516  0.085107  2.000000  
20.224521 0.015606  0.093390  -0.018163  0.988332  0.152134  0.007366  -0.152159  0.984018  0.092495  0.006824  -0.092536  0.995686  0.012965  -0.008578  0.001835  0.249248  0.019500  0.085110  2.000000  
20.225772 0.015620  0.093378  -0.018162  0.988301  0.152335  0.007422  -0.152363  0.983965  0.092732  0.006824  -0.092778  0.995663  0.012657  -0.008792  0.001613  0.245156  0.019473  0.085111  2.000000  
20.227026 0.015633  0.093367  -0.018160  0.988300  0.152345  0.007345  -0.152363  0.983929  0.093110  0.006957  -0.093140  0.995629  0.012287  -0.008933  0.001495  0.249167  0.023920  0.085494  2.000000  
20.228271 0.015646  0.093356  -0.018159  0.988300  0.152344  0.007364  -0.152363  0.983918  0.093230  0.006957  -0.093261  0.995617  0.012011  -0.009029  0.001340  0.241008  0.024523  0.078623  2.000000  
20.229522 0.015659  0.093345  -0.018158  0.988299  0.152354  0.007269  -0.152363  0.983893  0.093488  0.007091  -0.093502  0.995594  0.011703  -0.009111  0.001267  0.236917  0.029604  0.072152  2.000000  
20.230765 0.015671  0.093333  -0.018156  0.988299  0.152352  0.007306  -0.152363  0.983870  0.093727  0.007091  -0.093744  0.995571  0.011395  -0.009221  0.001215  0.230954  0.029968  0.064754  2.000000  
20.231768 0.015681  0.093324  -0.018154  0.988298  0.152364  0.007193  -0.152362  0.983857  0.093867  0.007225  -0.093864  0.995559  0.011171  -0.009275  0.001197  0.226852  0.029947  0.064740  2.000000  
20.232768 0.015689  0.093314  -0.018152  0.988298  0.152363  0.007211  -0.152362  0.983846  0.093986  0.007225  -0.093985  0.995547  0.010893  -0.009325  0.001189  0.222776  0.030560  0.057915  2.000000  
20.233774 0.015698  0.093305  -0.018150  0.988297  0.152375  0.007098  -0.152362  0.983832  0.094126  0.007359  -0.094106  0.995535  0.010622  -0.009296  0.001213  0.216438  0.035272  0.058802  2.000000  
20.235020 0.015708  0.093294  -0.018148  0.988296  0.152385  0.007004  -0.152362  0.983808  0.094385  0.007493  -0.094347  0.995511  0.010297  -0.009287  0.001267  0.214642  0.040040  0.051906  2.000000  
20.236040 0.015716  0.093284  -0.018146  0.988296  0.152385  0.007022  -0.152362  0.983796  0.094504  0.007493  -0.094468  0.995500  0.010024  -0.009269  0.001270  0.208117  0.040971  0.045433  2.000000  
20.237057 0.015725  0.093275  -0.018145  0.988295  0.152396  0.006909  -0.152362  0.983783  0.094644  0.007626  -0.094589  0.995487  0.009804  -0.009191  0.001358  0.203842  0.041564  0.038523  2.000000  
20.238275 0.015735  0.093265  -0.018143  0.988294  0.152407  0.006814  -0.152362  0.983758  0.094903  0.007760  -0.094830  0.995463  0.009515  -0.009138  0.001428  0.204053  0.046075  0.038986  2.000000  
20.239520 0.015745  0.093255  -0.018141  0.988293  0.152419  0.006701  -0.152362  0.983744  0.095042  0.007894  -0.094951  0.995451  0.009276  -0.009043  0.001442  0.195877  0.051186  0.032526  2.000000  
20.240520 0.015753  0.093247  -0.018140  0.988262  0.152621  0.006739  -0.152565  0.983701  0.095160  0.007894  -0.095071  0.995439  0.009034  -0.008924  0.001507  0.191878  0.046070  0.039015  2.000000  
20.241540 0.015760  0.093238  -0.018139  0.988261  0.152632  0.006626  -0.152565  0.983688  0.095300  0.008028  -0.095192  0.995427  0.008801  -0.008877  0.001489  0.187592  0.051137  0.032521  2.000000  
20.242769 0.015770  0.093229  -0.018137  0.988260  0.152643  0.006531  -0.152565  0.983663  0.095559  0.008162  -0.095433  0.995402  0.008572  -0.008792  0.001545  0.186211  0.055193  0.032707  2.000000  
20.243770 0.015778  0.093221  -0.018135  0.988227  0.152858  0.006438  -0.152768  0.983618  0.095697  0.008295  -0.095554  0.995390  0.008421  -0.008679  0.001525  0.183652  0.060114  0.033401  2.000000  
20.245020 0.015786  0.093212  -0.018134  0.988226  0.152869  0.006325  -0.152768  0.983604  0.095837  0.008429  -0.095675  0.995377  0.008191  -0.008530  0.001544  0.175592  0.060137  0.033432  2.000000  
20.246275 0.015795  0.093203  -0.018132  0.988194  0.153084  0.006232  -0.152971  0.983559  0.095975  0.008563  -0.095795  0.995364  0.007938  -0.008376  0.001518  0.171459  0.063924  0.040729  2.000000  
20.247517 0.015804  0.093194  -0.018130  0.988161  0.153298  0.006138  -0.153174  0.983514  0.096114  0.008697  -0.095916  0.995351  0.007775  -0.008183  0.001515  0.166079  0.067859  0.040840  2.000000  
20.248521 0.015810  0.093186  -0.018128  0.988128  0.153513  0.006045  -0.153378  0.983469  0.096252  0.008831  -0.096037  0.995339  0.007634  -0.008097  0.001505  0.159340  0.072235  0.048502  2.000000  
20.249765 0.015819  0.093178  -0.018126  0.988095  0.153727  0.005952  -0.153581  0.983423  0.096391  0.008964  -0.096157  0.995326  0.007524  -0.007871  0.001511  0.000000  0.000000  0.000000  2.000000  
20.250774 0.015826  0.093172  -0.018123  0.988094  0.153740  0.005821  -0.153581  0.983422  0.096411  0.009098  -0.096157  0.995325  0.007410  -0.007664  0.001566  0.000000  0.000000  0.000000  2.000000  
20.252020 0.015834  0.093164  -0.018121  0.988061  0.153954  0.005727  -0.153784  0.983376  0.096550  0.009232  -0.096278  0.995312  0.007292  -0.007422  0.001606  0.000000  0.000000  0.000000  2.000000  
20.253020 0.015840  0.093159  -0.018119  0.988028  0.154169  0.005634  -0.153987  0.983331  0.096688  0.009366  -0.096398  0.995299  0.007162  -0.007150  0.001637  0.000000  0.000000  0.000000  2.000000  
20.254276 0.015850  0.093153  -0.018116  0.987995  0.154384  0.005523  -0.154190  0.983297  0.096707  0.009500  -0.096398  0.995298  0.007118  -0.006881  0.001696  0.000000  0.000000  0.000000  2.000000  
20.255284 0.015857  0.093149  -0.018114  0.987962  0.154599  0.005430  -0.154394  0.983251  0.096846  0.009633  -0.096519  0.995285  0.007033  -0.006616  0.001723  0.000000  0.000000  0.000000  2.000000  
20.256522 0.015865  0.093143  -0.018112  0.987898  0.155016  0.005338  -0.154800  0.983186  0.096865  0.009767  -0.096519  0.995283  0.006970  -0.006343  0.001819  0.000000  0.000000  0.000000  2.000000  
20.257771 0.015873  0.093138  -0.018110  0.987864  0.155231  0.005245  -0.155003  0.983140  0.097003  0.009901  -0.096639  0.995270  0.006840  -0.006011  0.001752  0.000000  0.000000  0.000000  2.000000  
20.258772 0.015880  0.093135  -0.018109  0.987831  0.155446  0.005134  -0.155207  0.983106  0.097023  0.010035  -0.096639  0.995269  0.006813  -0.005751  0.001771  0.000000  0.000000  0.000000  2.000000  
20.260021 0.015887  0.093130  -0.018107  0.987766  0.155863  0.005061  -0.155613  0.983028  0.097161  0.010169  -0.096760  0.995256  0.006736  -0.005467  0.001750  0.000000  0.000000  0.000000  2.000000  
20.261021 0.015893  0.093126  -0.018107  0.987734  0.156065  0.005081  -0.155816  0.982996  0.097160  0.010169  -0.096760  0.995256  0.006672  -0.005208  0.001694  0.000000  0.000000  0.000000  2.000000  
20.262273 0.015901  0.093121  -0.018107  0.987700  0.156280  0.004970  -0.156019  0.982962  0.097179  0.010302  -0.096760  0.995254  0.006596  -0.004896  0.001577  0.000000  0.000000  0.000000  2.000000  
20.263520 0.015908  0.093117  -0.018106  0.987635  0.156698  0.004878  -0.156426  0.982895  0.097198  0.010436  -0.096759  0.995253  0.006506  -0.004599  0.001458  0.000000  0.000000  0.000000  2.000000  
20.264766 0.015915  0.093113  -0.018106  0.987569  0.157115  0.004787  -0.156832  0.982829  0.097217  0.010570  -0.096759  0.995252  0.006379  -0.004309  0.001291  0.000000  0.000000  0.000000  2.000000  
20.265770 0.015921  0.093110  -0.018107  0.987535  0.157330  0.004694  -0.157035  0.982783  0.097356  0.010704  -0.096880  0.995239  0.006347  -0.004111  0.001124  0.000000  0.000000  0.000000  2.000000  
20.266783 0.015927  0.093108  -0.018107  0.987469  0.157747  0.004603  -0.157442  0.982716  0.097375  0.010837  -0.096880  0.995237  0.006276  -0.003839  0.000951  0.079124  0.090949  0.182672  2.000000  
20.268022 0.015933  0.093105  -0.018107  0.987402  0.158165  0.004511  -0.157848  0.982649  0.097394  0.010971  -0.096880  0.995236  0.006145  -0.003591  0.000790  0.071069  0.089540  0.196339  2.000000  
20.269024 0.015939  0.093102  -0.018108  0.987368  0.158380  0.004400  -0.158051  0.982614  0.097415  0.011105  -0.096879  0.995234  0.006023  -0.003433  0.000542  0.067070  0.088848  0.203195  2.000000  
20.270279 0.015945  0.093100  -0.018108  0.987302  0.158798  0.004289  -0.158457  0.982558  0.097315  0.011239  -0.096759  0.995244  0.005900  -0.003272  0.000414  0.058983  0.092641  0.210468  2.000000  
20.271525 0.015951  0.093097  -0.018109  0.987266  0.159025  0.004046  -0.158660  0.982522  0.097356  0.011506  -0.096758  0.995241  0.005719  -0.003048  0.000151  0.054601  0.095714  0.216152  2.000000  
20.272770 0.015957  0.093096  -0.018110  0.987199  0.159443  0.003955  -0.159066  0.982454  0.097375  0.011640  -0.096758  0.995240  0.005609  -0.002808  0.000032  0.046975  0.095780  0.224762  2.000000  
20.273771 0.015962  0.093094  -0.018112  0.987165  0.159658  0.003844  -0.159269  0.982419  0.097396  0.011774  -0.096758  0.995238  0.005456  -0.002706  -0.000184  0.042995  0.095100  0.231653  2.000000  
20.275020 0.015966  0.093092  -0.018113  0.987096  0.160088  0.003601  -0.159675  0.982361  0.097318  0.012042  -0.096637  0.995247  0.005247  -0.002487  -0.000397  0.034969  0.098950  0.239068  2.000000  
20.276022 0.015969  0.093091  -0.018115  0.987062  0.160303  0.003490  -0.159878  0.982326  0.097338  0.012175  -0.096637  0.995245  0.005068  -0.002328  -0.000562  0.030983  0.098238  0.245884  2.000000  
20.277269 0.015974  0.093089  -0.018117  0.986994  0.160721  0.003379  -0.160285  0.982270  0.097239  0.012309  -0.096516  0.995255  0.004853  -0.002155  -0.000705  0.022740  0.096754  0.250651  2.000000  
20.278273 0.015976  0.093088  -0.018119  0.986958  0.160949  0.003136  -0.160487  0.982232  0.097281  0.012577  -0.096516  0.995252  0.004634  -0.002020  -0.000898  0.018900  0.102015  0.253165  2.000000  
20.279519 0.015980  0.093085  -0.018123  0.986923  0.161164  0.003005  -0.160690  0.982209  0.097183  0.012711  -0.096395  0.995262  0.004400  -0.001855  -0.001128  0.010778  0.102012  0.253156  2.000000  
20.280766 0.015982  0.093084  -0.018126  0.986853  0.161594  0.002763  -0.161096  0.982150  0.097105  0.012978  -0.096274  0.995270  0.004111  -0.001715  -0.001277  0.006848  0.104335  0.265228  2.000000  
20.282021 0.015985  0.093083  -0.018129  0.986817  0.161822  0.002520  -0.161298  0.982113  0.097148  0.013246  -0.096273  0.995267  0.003804  -0.001603  -0.001535  0.002800  0.110327  0.260977  2.000000  
20.283266 0.015988  0.093081  -0.018133  0.986782  0.162037  0.002389  -0.161501  0.982089  0.097049  0.013379  -0.096152  0.995277  0.003547  -0.001499  -0.001708  -0.005200  0.108753  0.265646  2.000000  
20.284276 0.015990  0.093081  -0.018136  0.986745  0.162265  0.002126  -0.161704  0.982063  0.096973  0.013647  -0.096031  0.995285  0.003283  -0.001409  -0.001929  -0.009346  0.114772  0.261292  2.000000  
20.285283 0.015991  0.093079  -0.018139  0.986710  0.162480  0.002015  -0.161907  0.982028  0.096994  0.013781  -0.096031  0.995283  0.003028  -0.001351  -0.002070  -0.013200  0.113172  0.266026  2.000000  
20.286520 0.015992  0.093078  -0.018143  0.986673  0.162707  0.001752  -0.162109  0.982002  0.096918  0.014048  -0.095910  0.995291  0.002754  -0.001281  -0.002258  -0.017276  0.118295  0.259633  2.000000  
20.287523 0.015993  0.093078  -0.018146  0.986636  0.162935  0.001490  -0.162312  0.981976  0.096841  0.014316  -0.095789  0.995299  0.002458  -0.001271  -0.002451  -0.025522  0.123747  0.262208  2.000000  
20.288523 0.015994  0.093076  -0.018149  0.986600  0.163150  0.001378  -0.162515  0.981940  0.096863  0.014450  -0.095789  0.995297  0.002194  -0.001210  -0.002551  -0.025489  0.123751  0.262214  2.000000  
20.289773 0.015994  0.093075  -0.018153  0.986563  0.163377  0.001116  -0.162717  0.981914  0.096787  0.014717  -0.095668  0.995305  0.001897  -0.001178  -0.002674  -0.033679  0.128891  0.255755  2.000000  
20.290775 0.015994  0.093074  -0.018157  0.986526  0.163605  0.000853  -0.162919  0.981888  0.096711  0.014985  -0.095547  0.995312  0.001655  -0.001149  -0.002806  -0.037413  0.136725  0.254501  2.000000  
20.292022 0.015994  0.093073  -0.018160  0.986522  0.163630  0.000570  -0.162919  0.981896  0.096635  0.015252  -0.095425  0.995320  0.001358  -0.001118  -0.002929  -0.041844  0.143031  0.250174  2.000000  
20.293267 0.015993  0.093072  -0.018164  0.986484  0.163858  0.000308  -0.163121  0.981870  0.096559  0.015520  -0.095304  0.995327  0.001130  -0.001042  -0.002990  -0.045968  0.148201  0.243731  2.000000  
20.294275 0.015993  0.093071  -0.018167  0.986448  0.164072  0.000176  -0.163324  0.981845  0.096462  0.015654  -0.095183  0.995337  0.000893  -0.000962  -0.003032  -0.050088  0.148825  0.236746  2.000000  
20.295281 0.015992  0.093071  -0.018171  0.986444  0.164097  -0.000107  -0.163323  0.981853  0.096386  0.015921  -0.095062  0.995344  0.000684  -0.000928  -0.003089  -0.058282  0.153950  0.230269  2.000000  
20.296515 0.015992  0.093071  -0.018175  0.986406  0.164325  -0.000369  -0.163526  0.981827  0.096311  0.016189  -0.094941  0.995351  0.000499  -0.000827  -0.003125  -0.061818  0.157174  0.228849  2.000000  
20.297518 0.015991  0.093071  -0.018178  0.986402  0.164350  -0.000652  -0.163525  0.981834  0.096235  0.016456  -0.094820  0.995358  0.000293  -0.000795  -0.003182  -0.066021  0.162980  0.215655  2.000000  
20.298518 0.015991  0.093070  -0.018182  0.986364  0.164577  -0.000915  -0.163727  0.981808  0.096160  0.016724  -0.094699  0.995365  0.000141  -0.000765  -0.003247  -0.070020  0.167420  0.216054  2.000000  
20.299518 0.015991  0.093070  -0.018185  0.986359  0.164602  -0.001178  -0.163727  0.981804  0.096204  0.016992  -0.094698  0.995361  0.000042  -0.000674  -0.003226  -0.070173  0.173174  0.202817  2.000000  
20.300522 0.015990  0.093071  -0.018188  0.986321  0.164829  -0.001441  -0.163929  0.981777  0.096128  0.017259  -0.094577  0.995368  -0.000058  -0.000583  -0.003206  -0.070719  0.179115  0.204912  2.000000  
20.301770 0.015990  0.093070  -0.018192  0.986317  0.164853  -0.001723  -0.163928  0.981785  0.096053  0.017527  -0.094456  0.995375  -0.000178  -0.000524  -0.003249  -0.074336  0.183388  0.189959  2.000000  
20.302773 0.015990  0.093071  -0.018196  0.986278  0.165080  -0.001986  -0.164130  0.981758  0.095978  0.017794  -0.094335  0.995381  -0.000261  -0.000408  -0.003219  -0.078982  0.189368  0.191923  2.000000  
20.304020 0.015989  0.093070  -0.018200  0.986273  0.165105  -0.002269  -0.164130  0.981766  0.095903  0.018062  -0.094214  0.995388  -0.000301  -0.000353  -0.003299  -0.079158  0.190747  0.178159  2.000000  
20.305020 0.015989  0.093070  -0.018203  0.986269  0.165130  -0.002532  -0.164129  0.981762  0.095946  0.018329  -0.094213  0.995383  -0.000291  -0.000292  -0.003245  -0.079268  0.195975  0.171779  2.000000  
20.306021 0.015990  0.093070  -0.018207  0.986230  0.165356  -0.002795  -0.164331  0.981735  0.095872  0.018597  -0.094092  0.995390  -0.000292  -0.000267  -0.003295  -0.082590  0.198717  0.170695  2.000000  
20.307024 0.015990  0.093070  -0.018210  0.986222  0.165393  -0.003209  -0.164330  0.981741  0.095818  0.018998  -0.093971  0.995394  -0.000223  -0.000127  -0.003300  -0.083443  0.210637  0.159153  2.000000  
20.308275 0.015991  0.093071  -0.018213  0.986184  0.165620  -0.003452  -0.164532  0.981702  0.095863  0.019266  -0.093970  0.995389  -0.000170  -0.000040  -0.003265  -0.079316  0.210613  0.159114  2.000000  
20.309518 0.015992  0.093072  -0.018218  0.986176  0.165657  -0.003866  -0.164531  0.981708  0.095809  0.019667  -0.093849  0.995392  -0.000051  0.000041  -0.003282  -0.082800  0.218471  0.151846  2.000000  
20.310523 0.015993  0.093072  -0.018220  0.986137  0.165883  -0.004130  -0.164733  0.981681  0.095735  0.019935  -0.093727  0.995398  0.000056  0.000125  -0.003252  -0.083552  0.220924  0.146167  2.000000  
20.311766 0.015995  0.093074  -0.018224  0.986129  0.165920  -0.004544  -0.164732  0.981687  0.095682  0.020336  -0.093606  0.995402  0.000204  0.000231  -0.003191  -0.087737  0.226155  0.139749  2.000000  
20.312769 0.015996  0.093075  -0.018227  0.986087  0.166159  -0.004918  -0.164933  0.981646  0.095748  0.020737  -0.093605  0.995393  0.000316  0.000294  -0.003165  -0.082919  0.233126  0.139397  2.000000  
20.314015 0.015997  0.093076  -0.018231  0.986078  0.166195  -0.005332  -0.164932  0.981652  0.095695  0.021139  -0.093484  0.995396  0.000416  0.000397  -0.003138  -0.083028  0.242737  0.133418  2.000000  
20.315021 0.015999  0.093078  -0.018234  0.986036  0.166434  -0.005727  -0.165133  0.981623  0.095643  0.021540  -0.093362  0.995399  0.000563  0.000517  -0.003141  -0.087780  0.249298  0.134968  2.000000  
20.316266 0.016000  0.093079  -0.018238  0.985993  0.166673  -0.006101  -0.165335  0.981582  0.095711  0.021941  -0.093361  0.995391  0.000682  0.000584  -0.003144  -0.082940  0.251589  0.134207  2.000000  
20.317276 0.016001  0.093080  -0.018241  0.985951  0.166911  -0.006496  -0.165536  0.981553  0.095659  0.022343  -0.093240  0.995393  0.000788  0.000667  -0.003117  -0.083582  0.258144  0.135700  2.000000  
20.318278 0.016002  0.093081  -0.018245  0.985942  0.166947  -0.006910  -0.165535  0.981559  0.095606  0.022744  -0.093118  0.995395  0.000865  0.000736  -0.003121  -0.087754  0.267748  0.129641  2.000000  
20.319520 0.016004  0.093083  -0.018248  0.985895  0.167198  -0.007416  -0.165736  0.981516  0.095696  0.023279  -0.093117  0.995383  0.000967  0.000828  -0.003135  -0.082961  0.274475  0.129420  2.000000  
20.320520 0.016005  0.093084  -0.018251  0.985852  0.167436  -0.007810  -0.165937  0.981487  0.095645  0.023680  -0.092995  0.995385  0.001042  0.000882  -0.003132  -0.082809  0.282753  0.137072  2.000000  
20.321525 0.016007  0.093085  -0.018255  0.985808  0.167675  -0.008185  -0.166139  0.981446  0.095713  0.024081  -0.092994  0.995375  0.001133  0.001042  -0.003135  -0.079363  0.289517  0.138582  2.000000  
20.322809 0.016008  0.093087  -0.018259  0.985761  0.167925  -0.008711  -0.166339  0.981415  0.095684  0.024616  -0.092873  0.995374  0.001194  0.001123  -0.003133  -0.079217  0.298108  0.139215  2.000000  
20.324028 0.016009  0.093088  -0.018263  0.985676  0.168389  -0.009348  -0.166742  0.981347  0.095679  0.025285  -0.092750  0.995368  0.001185  0.001154  -0.003150  -0.079127  0.311293  0.147514  2.000000  
20.325288 0.016011  0.093090  -0.018268  0.985628  0.168640  -0.009854  -0.166943  0.981304  0.095770  0.025820  -0.092749  0.995355  0.001194  0.001174  -0.003240  -0.074802  0.314926  0.154704  2.000000  
20.326374 0.016011  0.093091  -0.018271  0.985584  0.168878  -0.010248  -0.167144  0.981275  0.095720  0.026222  -0.092627  0.995356  0.001175  0.001196  -0.003230  -0.074553  0.322959  0.155060  2.000000  
20.327528 0.016012  0.093093  -0.018277  0.985497  0.169342  -0.010886  -0.167547  0.981207  0.095717  0.026890  -0.092505  0.995349  0.001139  0.001228  -0.003335  -0.074425  0.331671  0.170129  2.000000  
20.328771 0.016013  0.093095  -0.018281  0.985448  0.169593  -0.011391  -0.167748  0.981163  0.095809  0.027425  -0.092504  0.995335  0.001106  0.001224  -0.003410  -0.069749  0.342388  0.170020  2.000000  
