1-Time 2-Px 3-Py 4-Pz 5-R11 6-R21 7-R31 8-R12 9-R22 10-R32 11-R13 12-R23 13-R33 14-Vx 15-Vy 16-Vz 17-Wx 18-Wy 19-Wz 20-state 21-PR11 22-PR21 23-PR31 24-PR12 25-PR22 26-PR32 27-PR13 28-PR23 29-PR33 
61.528760 0.017907  0.099521  -0.035737  0.994042  0.086175  -0.066740  -0.083280  0.995509  0.045019  0.070320  -0.039193  0.996754  0.000395  0.000030  -0.003822  0.000000  0.000000  0.000000  2.000000  
61.529762 0.017907  0.099521  -0.035741  0.994042  0.086175  -0.066740  -0.083280  0.995509  0.045019  0.070320  -0.039193  0.996754  0.000353  0.000005  -0.003770  0.000000  0.000000  0.000000  2.000000  
61.530762 0.017911  0.099523  -0.035742  0.993998  0.086590  -0.066855  -0.083688  0.995473  0.045058  0.070453  -0.039192  0.996745  0.000569  0.000122  -0.003608  0.000000  0.000000  0.000000  2.000000  
61.531768 0.017916  0.099524  -0.035744  0.993954  0.087013  -0.066958  -0.084097  0.995431  0.045217  0.070587  -0.039313  0.996731  0.000897  0.000219  -0.003397  0.000000  0.000000  0.000000  2.000000  
61.533016 0.017924  0.099526  -0.035745  0.993910  0.087437  -0.067062  -0.084505  0.995389  0.045377  0.070720  -0.039434  0.996716  0.001339  0.000372  -0.003151  0.000000  0.000000  0.000000  2.000000  
61.534019 0.017930  0.099527  -0.035747  0.993883  0.087655  -0.067175  -0.084709  0.995365  0.045523  0.070854  -0.039554  0.996702  0.001746  0.000436  -0.003042  0.000000  0.000000  0.000000  2.000000  
61.535020 0.017938  0.099528  -0.035750  0.993839  0.088078  -0.067278  -0.085117  0.995323  0.045683  0.070987  -0.039675  0.996688  0.002232  0.000526  -0.002957  0.000000  0.000000  0.000000  2.000000  
61.536279 0.017949  0.099530  -0.035754  0.993767  0.088720  -0.067494  -0.085729  0.995257  0.045988  0.071254  -0.039916  0.996659  0.002961  0.000645  -0.002922  0.000000  0.000000  0.000000  2.000000  
61.537514 0.017959  0.099531  -0.035759  0.993677  0.089558  -0.067711  -0.086546  0.995177  0.046188  0.071521  -0.040036  0.996635  0.003644  0.000765  -0.002876  0.000000  0.000000  0.000000  2.000000  
61.538519 0.017968  0.099533  -0.035762  0.993632  0.089973  -0.067825  -0.086954  0.995139  0.046227  0.071655  -0.040035  0.996626  0.004251  0.000827  -0.002824  0.000000  0.000000  0.000000  2.000000  
61.539766 0.017981  0.099536  -0.035766  0.993541  0.090812  -0.068042  -0.087771  0.995058  0.046427  0.071922  -0.040155  0.996602  0.005077  0.001061  -0.002823  0.045907  0.042009  0.188140  2.000000  
61.541015 0.017995  0.099541  -0.035770  0.993477  0.091440  -0.068135  -0.088384  0.994996  0.046602  0.072055  -0.040276  0.996587  0.005986  0.001412  -0.002759  0.050993  0.045951  0.202157  2.000000  
61.542018 0.018006  0.099546  -0.035773  0.993403  0.092074  -0.068360  -0.088996  0.994932  0.046788  0.072322  -0.040396  0.996563  0.006723  0.001700  -0.002750  0.056565  0.054087  0.223154  2.000000  
61.543266 0.018021  0.099551  -0.035776  0.993320  0.092906  -0.068443  -0.089813  0.994850  0.046977  0.072455  -0.040517  0.996548  0.007728  0.002052  -0.002672  0.062633  0.057463  0.250914  2.000000  
61.544266 0.018035  0.099557  -0.035779  0.993245  0.093540  -0.068668  -0.090424  0.994786  0.047165  0.072722  -0.040637  0.996524  0.008581  0.002419  -0.002658  0.067690  0.065088  0.269816  2.000000  
61.545269 0.018050  0.099564  -0.035782  0.993179  0.094168  -0.068761  -0.091037  0.994722  0.047340  0.072856  -0.040757  0.996509  0.009499  0.002861  -0.002706  0.073311  0.069525  0.285921  2.000000  
61.546279 0.018067  0.099571  -0.035785  0.993103  0.094810  -0.068974  -0.091649  0.994651  0.047648  0.073123  -0.040998  0.996480  0.010272  0.003237  -0.002831  0.082953  0.077609  0.306835  2.000000  
61.547513 0.018087  0.099580  -0.035787  0.993027  0.095452  -0.069187  -0.092260  0.994579  0.047957  0.073389  -0.041239  0.996450  0.011091  0.003636  -0.002839  0.091932  0.085068  0.325393  2.000000  
61.548517 0.018104  0.099587  -0.035788  0.992950  0.096086  -0.069411  -0.092872  0.994513  0.048145  0.073656  -0.041359  0.996426  0.011863  0.004037  -0.002801  0.098292  0.093887  0.349079  2.000000  
61.549767 0.018127  0.099594  -0.035790  0.992844  0.096938  -0.069746  -0.093686  0.994421  0.048481  0.074057  -0.041600  0.996386  0.012842  0.004484  -0.002707  0.108013  0.106484  0.370317  2.000000  
61.550773 0.018146  0.099600  -0.035792  0.992766  0.097580  -0.069958  -0.094298  0.994348  0.048790  0.074323  -0.041840  0.996356  0.013533  0.004745  -0.002628  0.117694  0.114561  0.391300  2.000000  
61.552020 0.018169  0.099605  -0.035794  0.992678  0.098220  -0.070314  -0.094908  0.994280  0.048992  0.074724  -0.041960  0.996321  0.014338  0.004984  -0.002438  0.123409  0.127228  0.412715  2.000000  
61.553268 0.018192  0.099609  -0.035795  0.992619  0.098649  -0.070547  -0.095315  0.994232  0.049167  0.074991  -0.042080  0.996296  0.015084  0.005085  -0.002248  0.128484  0.140083  0.426948  2.000000  
61.554279 0.018211  0.099612  -0.035796  0.992539  0.099283  -0.070770  -0.095926  0.994164  0.049357  0.075257  -0.042200  0.996271  0.015733  0.005197  -0.002158  0.133572  0.148422  0.440937  2.000000  
61.555516 0.018234  0.099615  -0.035799  0.992460  0.099916  -0.070993  -0.096537  0.994095  0.049547  0.075524  -0.042320  0.996246  0.016440  0.005092  -0.002067  0.139275  0.156596  0.462175  2.000000  
61.556519 0.018254  0.099618  -0.035801  0.992410  0.100340  -0.071093  -0.096945  0.994048  0.049710  0.075658  -0.042440  0.996230  0.017031  0.004984  -0.001941  0.144376  0.160479  0.476105  2.000000  
61.557764 0.018278  0.099622  -0.035805  0.992340  0.100968  -0.071183  -0.097556  0.993979  0.049887  0.075791  -0.042561  0.996215  0.017638  0.004900  -0.002008  0.150027  0.164124  0.497070  2.000000  
61.558764 0.018297  0.099627  -0.035808  0.992290  0.101392  -0.071282  -0.097964  0.993931  0.050050  0.075925  -0.042681  0.996200  0.018032  0.004816  -0.002009  0.154673  0.168336  0.504255  2.000000  
61.560012 0.018323  0.099634  -0.035811  0.992229  0.101821  -0.071515  -0.098371  0.993882  0.050226  0.076191  -0.042801  0.996174  0.018412  0.004767  -0.002025  0.158501  0.175256  0.514111  2.000000  
61.561016 0.018344  0.099641  -0.035813  0.992198  0.102040  -0.071625  -0.098574  0.993854  0.050375  0.076325  -0.042922  0.996159  0.018802  0.004713  -0.001932  0.158888  0.177237  0.504662  2.000000  
61.562274 0.018369  0.099648  -0.035816  0.992148  0.102464  -0.071724  -0.098981  0.993805  0.050538  0.076458  -0.043042  0.996143  0.019069  0.004621  -0.001942  0.158938  0.172629  0.504334  2.000000  
61.563515 0.018393  0.099655  -0.035818  0.992107  0.102688  -0.071967  -0.099184  0.993777  0.050700  0.076725  -0.043162  0.996118  0.019207  0.004575  -0.002016  0.157811  0.175695  0.500641  2.000000  
61.564516 0.018411  0.099661  -0.035819  0.992086  0.102893  -0.071956  -0.099388  0.993756  0.050715  0.076725  -0.043162  0.996118  0.019253  0.004509  -0.001992  0.154527  0.172872  0.497599  2.000000  
61.565518 0.018429  0.099665  -0.035820  0.992056  0.103112  -0.072066  -0.099591  0.993728  0.050863  0.076858  -0.043282  0.996102  0.019173  0.004437  -0.001901  0.152807  0.171669  0.486665  2.000000  
61.566773 0.018451  0.099669  -0.035820  0.992025  0.103322  -0.072188  -0.099794  0.993706  0.050892  0.076992  -0.043282  0.996092  0.019104  0.004368  -0.001794  0.148508  0.169381  0.469686  2.000000  
61.568016 0.018471  0.099673  -0.035819  0.992015  0.103328  -0.072320  -0.099793  0.993705  0.050905  0.077125  -0.043281  0.996082  0.018923  0.004301  -0.001628  0.141839  0.164402  0.445238  2.000000  
61.569018 0.018487  0.099676  -0.035818  0.991994  0.103533  -0.072310  -0.099997  0.993684  0.050920  0.077125  -0.043281  0.996082  0.018755  0.004351  -0.001482  0.137958  0.161847  0.435027  2.000000  
61.570278 0.018507  0.099680  -0.035817  0.991984  0.103539  -0.072443  -0.099996  0.993683  0.050933  0.077259  -0.043281  0.996071  0.018464  0.004408  -0.001193  0.131831  0.158400  0.407047  2.000000  
61.571514 0.018525  0.099684  -0.035816  0.991973  0.103544  -0.072575  -0.099995  0.993683  0.050947  0.077392  -0.043280  0.996061  0.018077  0.004401  -0.000986  0.126312  0.159313  0.386545  2.000000  
61.572516 0.018540  0.099688  -0.035816  0.991973  0.103544  -0.072575  -0.099995  0.993683  0.050947  0.077392  -0.043280  0.996061  0.017759  0.004404  -0.000795  0.124269  0.154119  0.369498  2.000000  
61.573763 0.018558  0.099692  -0.035815  0.991963  0.103550  -0.072708  -0.099994  0.993682  0.050960  0.077525  -0.043280  0.996051  0.017348  0.004382  -0.000519  0.114622  0.152310  0.337913  2.000000  
61.575021 0.018576  0.099699  -0.035816  0.991963  0.103541  -0.072720  -0.099994  0.993688  0.050839  0.077525  -0.043159  0.996056  0.016769  0.004256  -0.000304  0.104430  0.144483  0.309952  2.000000  
61.576277 0.018593  0.099705  -0.035814  0.991963  0.103541  -0.072720  -0.099994  0.993688  0.050839  0.077525  -0.043159  0.996056  0.016236  0.004146  -0.000001  0.093976  0.135215  0.286536  2.000000  
61.577516 0.018610  0.099712  -0.035814  0.991963  0.103541  -0.072720  -0.099994  0.993688  0.050839  0.077525  -0.043159  0.996056  0.015710  0.004096  0.000196  0.084562  0.123982  0.260761  2.000000  
61.578761 0.018626  0.099717  -0.035813  0.991973  0.103342  -0.072863  -0.099789  0.993709  0.050838  0.077659  -0.043159  0.996045  0.015242  0.004034  0.000351  0.074404  0.120693  0.233132  2.000000  
61.579761 0.018638  0.099721  -0.035813  0.991973  0.103342  -0.072863  -0.099789  0.993709  0.050838  0.077659  -0.043159  0.996045  0.014804  0.003920  0.000404  0.068191  0.111605  0.210248  2.000000  
61.580763 0.018648  0.099724  -0.035814  0.991973  0.103342  -0.072863  -0.099789  0.993709  0.050838  0.077659  -0.043159  0.996045  0.014290  0.003861  0.000413  0.058575  0.103558  0.189397  2.000000  
61.581769 0.018658  0.099725  -0.035814  0.991994  0.103138  -0.072874  -0.099585  0.993730  0.050823  0.077659  -0.043159  0.996045  0.013780  0.003718  0.000413  0.000000  0.000000  0.000000  2.000000  
61.583015 0.018669  0.099727  -0.035813  0.992014  0.102933  -0.072884  -0.099381  0.993752  0.050808  0.077659  -0.043159  0.996045  0.013184  0.003630  0.000415  0.000000  0.000000  0.000000  2.000000  
61.584016 0.018677  0.099729  -0.035813  0.992014  0.102933  -0.072884  -0.099381  0.993752  0.050808  0.077659  -0.043159  0.996045  0.012695  0.003542  0.000385  0.000000  0.000000  0.000000  2.000000  
61.585019 0.018686  0.099731  -0.035810  0.992035  0.102729  -0.072895  -0.099176  0.993773  0.050793  0.077659  -0.043159  0.996045  0.012186  0.003459  0.000457  0.000000  0.000000  0.000000  2.000000  
61.586285 0.018698  0.099735  -0.035807  0.992035  0.102720  -0.072907  -0.099176  0.993779  0.050672  0.077659  -0.043038  0.996051  0.011696  0.003455  0.000605  0.000000  0.000000  0.000000  2.000000  
61.587520 0.018710  0.099740  -0.035802  0.992055  0.102515  -0.072918  -0.098972  0.993800  0.050657  0.077659  -0.043038  0.996051  0.011298  0.003525  0.000895  0.000000  0.000000  0.000000  2.000000  
61.588767 0.018722  0.099747  -0.035798  0.992045  0.102521  -0.073050  -0.098971  0.993799  0.050670  0.077792  -0.043038  0.996040  0.010884  0.003591  0.001184  0.000000  0.000000  0.000000  2.000000  
61.590016 0.018734  0.099755  -0.035793  0.992065  0.102308  -0.073073  -0.098767  0.993827  0.050535  0.077792  -0.042917  0.996045  0.010573  0.003714  0.001539  0.000000  0.000000  0.000000  2.000000  
61.591266 0.018746  0.099762  -0.035787  0.992086  0.102103  -0.073084  -0.098563  0.993848  0.050520  0.077792  -0.042917  0.996045  0.010206  0.003808  0.001801  0.000000  0.000000  0.000000  2.000000  
61.592268 0.018756  0.099769  -0.035784  0.992086  0.102103  -0.073084  -0.098563  0.993848  0.050520  0.077792  -0.042917  0.996045  0.009912  0.003845  0.002033  0.000000  0.000000  0.000000  2.000000  
61.593514 0.018768  0.099776  -0.035779  0.992095  0.101904  -0.073227  -0.098357  0.993868  0.050518  0.077926  -0.042916  0.996035  0.009688  0.004019  0.002327  0.000000  0.000000  0.000000  2.000000  
61.594761 0.018780  0.099783  -0.035774  0.992095  0.101895  -0.073239  -0.098357  0.993874  0.050397  0.077926  -0.042795  0.996040  0.009482  0.004169  0.002603  0.000000  0.000000  0.000000  2.000000  
61.595762 0.018789  0.099789  -0.035770  0.992116  0.101691  -0.073249  -0.098153  0.993895  0.050382  0.077926  -0.042795  0.996040  0.009419  0.004321  0.002921  0.000000  0.000000  0.000000  2.000000  
61.596766 0.018798  0.099794  -0.035766  0.992136  0.101486  -0.073260  -0.097949  0.993916  0.050367  0.077926  -0.042795  0.996040  0.009365  0.004557  0.003204  0.000000  0.000000  0.000000  2.000000  
61.598073 0.018809  0.099799  -0.035760  0.992136  0.101486  -0.073260  -0.097949  0.993916  0.050367  0.077926  -0.042795  0.996040  0.009344  0.004829  0.003572  0.000000  0.000000  0.000000  2.000000  
61.599095 0.018819  0.099804  -0.035757  0.992136  0.101486  -0.073260  -0.097949  0.993916  0.050367  0.077926  -0.042795  0.996040  0.009384  0.004969  0.003716  0.000000  0.000000  0.000000  2.000000  
61.600268 0.018832  0.099810  -0.035751  0.992136  0.101486  -0.073260  -0.097949  0.993916  0.050367  0.077926  -0.042795  0.996040  0.009540  0.005206  0.003921  0.000000  0.000000  0.000000  2.000000  
61.601268 0.018842  0.099816  -0.035746  0.992136  0.101495  -0.073247  -0.097949  0.993910  0.050488  0.077926  -0.042916  0.996035  0.009641  0.005386  0.004051  0.000000  0.000000  0.000000  2.000000  
61.602279 0.018853  0.099822  -0.035742  0.992146  0.101296  -0.073390  -0.097744  0.993930  0.050486  0.078059  -0.042916  0.996025  0.009745  0.005554  0.004094  0.000000  0.000000  0.000000  2.000000  
61.603516 0.018869  0.099831  -0.035736  0.992146  0.101296  -0.073390  -0.097744  0.993930  0.050486  0.078059  -0.042916  0.996025  0.009943  0.005700  0.004183  0.000000  0.000000  0.000000  2.000000  
61.604768 0.018885  0.099842  -0.035728  0.992135  0.101311  -0.073511  -0.097743  0.993924  0.050619  0.078192  -0.043036  0.996009  0.010222  0.005944  0.004341  0.000000  0.000000  0.000000  2.000000  
61.606016 0.018902  0.099854  -0.035721  0.992125  0.101316  -0.073643  -0.097742  0.993923  0.050632  0.078326  -0.043036  0.995999  0.010531  0.006184  0.004515  0.000000  0.000000  0.000000  2.000000  
61.607017 0.018915  0.099863  -0.035715  0.992125  0.101316  -0.073643  -0.097742  0.993923  0.050632  0.078326  -0.043036  0.995999  0.010792  0.006421  0.004659  0.000000  0.000000  0.000000  2.000000  
61.608270 0.018932  0.099875  -0.035708  0.992094  0.101527  -0.073766  -0.097945  0.993902  0.050661  0.078459  -0.043035  0.995988  0.011149  0.006744  0.004823  0.000000  0.000000  0.000000  2.000000  
61.609515 0.018949  0.099887  -0.035700  0.992094  0.101518  -0.073778  -0.097945  0.993908  0.050540  0.078459  -0.042914  0.995993  0.011490  0.007014  0.005021  0.000000  0.000000  0.000000  2.000000  
61.610762 0.018967  0.099899  -0.035692  0.992084  0.101523  -0.073910  -0.097944  0.993907  0.050553  0.078592  -0.042914  0.995983  0.011835  0.007335  0.005180  0.000000  0.000000  0.000000  2.000000  
61.611762 0.018980  0.099908  -0.035686  0.992084  0.101523  -0.073910  -0.097944  0.993907  0.050553  0.078592  -0.042914  0.995983  0.012163  0.007628  0.005323  0.000000  0.000000  0.000000  2.000000  
61.613015 0.018998  0.099920  -0.035678  0.992053  0.101734  -0.074033  -0.098147  0.993886  0.050582  0.078726  -0.042914  0.995972  0.012650  0.008092  0.005524  0.000000  0.000000  0.000000  2.000000  
61.614271 0.019017  0.099933  -0.035670  0.992053  0.101734  -0.074033  -0.098147  0.993886  0.050582  0.078726  -0.042914  0.995972  0.013083  0.008606  0.005711  0.000000  0.000000  0.000000  2.000000  
61.615272 0.019032  0.099944  -0.035664  0.992043  0.101739  -0.074165  -0.098146  0.993885  0.050595  0.078859  -0.042913  0.995962  0.013443  0.008963  0.005828  0.000000  0.000000  0.000000  2.000000  
61.616279 0.019047  0.099955  -0.035659  0.992022  0.101944  -0.074155  -0.098350  0.993864  0.050610  0.078859  -0.042913  0.995962  0.013712  0.009276  0.005837  0.000000  0.000000  0.000000  2.000000  
61.617523 0.019068  0.099969  -0.035653  0.992012  0.101950  -0.074287  -0.098349  0.993864  0.050623  0.078993  -0.042913  0.995951  0.014118  0.009743  0.005846  0.000000  0.000000  0.000000  2.000000  
61.618764 0.019088  0.099984  -0.035648  0.991992  0.102163  -0.074265  -0.098553  0.993836  0.050759  0.078993  -0.043033  0.995946  0.014439  0.010046  0.005759  0.000000  0.000000  0.000000  2.000000  
61.619766 0.019105  0.099997  -0.035644  0.991981  0.102169  -0.074397  -0.098552  0.993836  0.050772  0.079126  -0.043033  0.995935  0.014696  0.010332  0.005659  0.000000  0.000000  0.000000  2.000000  
61.621017 0.019127  0.100013  -0.035638  0.991950  0.102379  -0.074519  -0.098755  0.993814  0.050801  0.079259  -0.043033  0.995925  0.015063  0.010655  0.005493  0.000000  0.000000  0.000000  2.000000  
61.622271 0.019148  0.100029  -0.035634  0.991940  0.102385  -0.074652  -0.098754  0.993814  0.050814  0.079393  -0.043032  0.995914  0.015327  0.010898  0.005297  0.000000  0.000000  0.000000  2.000000  
61.623511 0.019170  0.100045  -0.035630  0.991919  0.102590  -0.074642  -0.098959  0.993793  0.050829  0.079393  -0.043032  0.995914  0.015650  0.011183  0.005083  0.000000  0.000000  0.000000  2.000000  
61.624513 0.019187  0.100057  -0.035627  0.991888  0.102800  -0.074764  -0.099162  0.993771  0.050858  0.079526  -0.043032  0.995904  0.015871  0.011347  0.004902  0.000000  0.000000  0.000000  2.000000  
61.625520 0.019205  0.100070  -0.035624  0.991888  0.102800  -0.074764  -0.099162  0.993771  0.050858  0.079526  -0.043032  0.995904  0.016139  0.011581  0.004645  0.000000  0.000000  0.000000  2.000000  
61.626761 0.019226  0.100085  -0.035621  0.991857  0.103001  -0.074898  -0.099365  0.993755  0.050766  0.079660  -0.042910  0.995898  0.016371  0.011819  0.004341  0.000000  0.000000  0.000000  2.000000  
61.627763 0.019243  0.100097  -0.035619  0.991857  0.103001  -0.074898  -0.099365  0.993755  0.050766  0.079660  -0.042910  0.995898  0.016603  0.012010  0.003983  0.000000  0.000000  0.000000  2.000000  
61.629014 0.019265  0.100113  -0.035617  0.991826  0.103212  -0.075020  -0.099568  0.993733  0.050795  0.079793  -0.042910  0.995887  0.016801  0.012207  0.003579  0.000000  0.000000  0.000000  2.000000  
61.630014 0.019282  0.100127  -0.035615  0.991816  0.103217  -0.075153  -0.099567  0.993733  0.050808  0.079926  -0.042909  0.995877  0.016965  0.012398  0.003357  0.000000  0.000000  0.000000  2.000000  
61.631016 0.019300  0.100141  -0.035613  0.991784  0.103428  -0.075275  -0.099770  0.993711  0.050837  0.080060  -0.042909  0.995866  0.017139  0.012638  0.003088  0.000000  0.000000  0.000000  2.000000  
61.632020 0.019318  0.100155  -0.035612  0.991774  0.103433  -0.075408  -0.099769  0.993710  0.050850  0.080193  -0.042908  0.995855  0.017261  0.012796  0.002842  0.000000  0.000000  0.000000  2.000000  
61.633279 0.019340  0.100173  -0.035611  0.991763  0.103439  -0.075540  -0.099768  0.993710  0.050863  0.080326  -0.042908  0.995845  0.017369  0.013007  0.002553  0.000000  0.000000  0.000000  2.000000  
61.634279 0.019358  0.100188  -0.035611  0.991752  0.103445  -0.075673  -0.099767  0.993709  0.050877  0.080460  -0.042908  0.995834  0.017415  0.013151  0.002288  0.000000  0.000000  0.000000  2.000000  
61.635516 0.019380  0.100207  -0.035610  0.991721  0.103646  -0.075807  -0.099970  0.993694  0.050785  0.080593  -0.042786  0.995828  0.017459  0.013358  0.001980  0.000000  0.000000  0.000000  2.000000  
61.636517 0.019398  0.100221  -0.035611  0.991721  0.103646  -0.075807  -0.099970  0.993694  0.050785  0.080593  -0.042786  0.995828  0.017482  0.013469  0.001706  0.000000  0.000000  0.000000  2.000000  
61.637767 0.019419  0.100240  -0.035612  0.991710  0.103652  -0.075940  -0.099969  0.993693  0.050799  0.080726  -0.042786  0.995818  0.017476  0.013609  0.001358  0.000000  0.000000  0.000000  2.000000  
61.639016 0.019441  0.100257  -0.035613  0.991700  0.103648  -0.076085  -0.099968  0.993699  0.050691  0.080860  -0.042665  0.995812  0.017442  0.013743  0.001007  0.000000  0.000000  0.000000  2.000000  
61.640016 0.019458  0.100271  -0.035615  0.991689  0.103654  -0.076218  -0.099967  0.993698  0.050705  0.080993  -0.042664  0.995801  0.017418  0.013851  0.000707  0.000000  0.000000  0.000000  2.000000  
61.641264 0.019479  0.100289  -0.035616  0.991678  0.103650  -0.076363  -0.099966  0.993704  0.050598  0.081127  -0.042543  0.995795  0.017431  0.014027  0.000379  0.000000  0.000000  0.000000  2.000000  
61.642511 0.019499  0.100306  -0.035619  0.991667  0.103646  -0.076508  -0.099964  0.993709  0.050490  0.081260  -0.042422  0.995790  0.017385  0.014152  0.000027  0.000000  0.000000  0.000000  2.000000  
61.643514 0.019516  0.100321  -0.035620  0.991656  0.103652  -0.076641  -0.099963  0.993709  0.050504  0.081393  -0.042421  0.995779  0.017349  0.014291  -0.000241  0.000000  0.000000  0.000000  2.000000  
61.644514 0.019533  0.100335  -0.035622  0.991656  0.103643  -0.076653  -0.099963  0.993715  0.050383  0.081393  -0.042300  0.995784  0.017327  0.014374  -0.000445  0.000000  0.000000  0.000000  2.000000  
61.645516 0.019551  0.100350  -0.035624  0.991646  0.103648  -0.076786  -0.099962  0.993714  0.050397  0.081527  -0.042300  0.995773  0.017310  0.014456  -0.000697  0.000000  0.000000  0.000000  2.000000  
61.646762 0.019572  0.100369  -0.035626  0.991655  0.103440  -0.076941  -0.099757  0.993741  0.050274  0.081660  -0.042179  0.995767  0.017269  0.014481  -0.000900  0.000000  0.000000  0.000000  2.000000  
61.647764 0.019589  0.100384  -0.035627  0.991644  0.103446  -0.077074  -0.099756  0.993740  0.050287  0.081793  -0.042178  0.995756  0.017203  0.014529  -0.001078  0.000000  0.000000  0.000000  2.000000  
61.648771 0.019607  0.100399  -0.035628  0.991633  0.103451  -0.077206  -0.099755  0.993740  0.050300  0.081927  -0.042178  0.995745  0.017152  0.014555  -0.001204  0.000000  0.000000  0.000000  2.000000  
61.650014 0.019627  0.100418  -0.035630  0.991612  0.103453  -0.077484  -0.099753  0.993745  0.050206  0.082193  -0.042056  0.995729  0.017068  0.014558  -0.001307  0.000000  0.000000  0.000000  2.000000  
61.651016 0.019644  0.100432  -0.035632  0.991621  0.103254  -0.077627  -0.099547  0.993766  0.050204  0.082327  -0.042056  0.995718  0.017015  0.014550  -0.001432  0.000000  0.000000  0.000000  2.000000  
61.652017 0.019661  0.100448  -0.035633  0.991621  0.103245  -0.077639  -0.099547  0.993772  0.050083  0.082327  -0.041935  0.995723  0.016939  0.014569  -0.001465  0.000000  0.000000  0.000000  2.000000  
61.653269 0.019681  0.100465  -0.035634  0.991610  0.103241  -0.077785  -0.099546  0.993777  0.049976  0.082460  -0.041814  0.995717  0.016883  0.014565  -0.001419  0.000000  0.000000  0.000000  2.000000  
61.654272 0.019697  0.100479  -0.035636  0.991599  0.103247  -0.077917  -0.099545  0.993777  0.049989  0.082593  -0.041813  0.995706  0.016778  0.014569  -0.001457  0.000000  0.000000  0.000000  2.000000  
61.655516 0.019717  0.100497  -0.035637  0.991609  0.103038  -0.078072  -0.099340  0.993803  0.049866  0.082727  -0.041692  0.995700  0.016751  0.014639  -0.001422  0.000000  0.000000  0.000000  2.000000  
61.656518 0.019733  0.100512  -0.035638  0.991598  0.103034  -0.078217  -0.099339  0.993809  0.049759  0.082860  -0.041571  0.995694  0.016663  0.014617  -0.001380  0.000000  0.000000  0.000000  2.000000  
61.657766 0.019753  0.100530  -0.035639  0.991587  0.103040  -0.078350  -0.099338  0.993808  0.049772  0.082993  -0.041570  0.995683  0.016590  0.014645  -0.001367  0.000000  0.000000  0.000000  2.000000  
61.659017 0.019773  0.100548  -0.035639  0.991607  0.102826  -0.078373  -0.099134  0.993835  0.049635  0.082993  -0.041449  0.995688  0.016554  0.014680  -0.001230  0.000000  0.000000  0.000000  2.000000  
61.660266 0.019794  0.100567  -0.035639  0.991596  0.102822  -0.078518  -0.099133  0.993841  0.049528  0.083127  -0.041328  0.995682  0.016567  0.014747  -0.001049  0.000000  0.000000  0.000000  2.000000  
61.661269 0.019811  0.100583  -0.035639  0.991585  0.102827  -0.078650  -0.099131  0.993840  0.049541  0.083260  -0.041328  0.995671  0.016497  0.014748  -0.000938  0.000000  0.000000  0.000000  2.000000  
61.662514 0.019832  0.100602  -0.035639  0.991574  0.102833  -0.078783  -0.099130  0.993840  0.049555  0.083393  -0.041327  0.995659  0.016461  0.014782  -0.000803  0.000000  0.000000  0.000000  2.000000  
61.663515 0.019849  0.100616  -0.035638  0.991574  0.102823  -0.078795  -0.099130  0.993846  0.049434  0.083393  -0.041206  0.995664  0.016437  0.014700  -0.000672  0.000000  0.000000  0.000000  2.000000  
61.664762 0.019869  0.100634  -0.035638  0.991583  0.102624  -0.078938  -0.098925  0.993866  0.049431  0.083527  -0.041206  0.995653  0.016388  0.014679  -0.000554  0.000000  0.000000  0.000000  2.000000  
61.665769 0.019886  0.100648  -0.035637  0.991583  0.102624  -0.078938  -0.098925  0.993866  0.049431  0.083527  -0.041206  0.995653  0.016388  0.014641  -0.000363  0.000000  0.000000  0.000000  2.000000  
61.666774 0.019903  0.100662  -0.035636  0.991572  0.102620  -0.079083  -0.098924  0.993872  0.049324  0.083660  -0.041085  0.995647  0.016378  0.014528  -0.000223  0.000000  0.000000  0.000000  2.000000  
61.668016 0.019923  0.100679  -0.035634  0.991572  0.102620  -0.079083  -0.098924  0.993872  0.049324  0.083660  -0.041085  0.995647  0.016390  0.014476  -0.000015  0.000000  0.000000  0.000000  2.000000  
61.669018 0.019939  0.100692  -0.035632  0.991561  0.102625  -0.079216  -0.098923  0.993871  0.049337  0.083793  -0.041084  0.995636  0.016447  0.014443  0.000216  0.000000  0.000000  0.000000  2.000000  
61.670265 0.019960  0.100709  -0.035630  0.991561  0.102616  -0.079228  -0.098923  0.993877  0.049216  0.083793  -0.040964  0.995641  0.016464  0.014357  0.000424  0.000000  0.000000  0.000000  2.000000  
61.671268 0.019976  0.100723  -0.035628  0.991561  0.102616  -0.079228  -0.098923  0.993877  0.049216  0.083793  -0.040964  0.995641  0.016511  0.014348  0.000649  0.000000  0.000000  0.000000  2.000000  
61.672270 0.019992  0.100737  -0.035627  0.991550  0.102621  -0.079361  -0.098922  0.993877  0.049230  0.083927  -0.040963  0.995630  0.016518  0.014259  0.000819  0.000000  0.000000  0.000000  2.000000  
61.673513 0.020013  0.100755  -0.035624  0.991550  0.102621  -0.079361  -0.098922  0.993877  0.049230  0.083927  -0.040963  0.995630  0.016549  0.014273  0.001028  0.000000  0.000000  0.000000  2.000000  
61.674514 0.020029  0.100769  -0.035622  0.991550  0.102611  -0.079373  -0.098922  0.993883  0.049109  0.083927  -0.040842  0.995635  0.016528  0.014194  0.001159  0.000000  0.000000  0.000000  2.000000  
61.675514 0.020046  0.100783  -0.035620  0.991550  0.102611  -0.079373  -0.098922  0.993883  0.049109  0.083927  -0.040842  0.995635  0.016507  0.014114  0.001290  0.000000  0.000000  0.000000  2.000000  
61.676764 0.020066  0.100801  -0.035618  0.991518  0.102821  -0.079496  -0.099125  0.993861  0.049139  0.084060  -0.040842  0.995623  0.016433  0.014037  0.001458  0.000000  0.000000  0.000000  2.000000  
61.678011 0.020086  0.100819  -0.035614  0.991518  0.102821  -0.079496  -0.099125  0.993861  0.049139  0.084060  -0.040842  0.995623  0.016427  0.014018  0.001633  0.000000  0.000000  0.000000  2.000000  
61.679015 0.020102  0.100833  -0.035612  0.991518  0.102821  -0.079496  -0.099125  0.993861  0.049139  0.084060  -0.040842  0.995623  0.016363  0.013941  0.001759  0.000000  0.000000  0.000000  2.000000  
61.680016 0.020118  0.100846  -0.035609  0.991518  0.102821  -0.079496  -0.099125  0.993861  0.049139  0.084060  -0.040842  0.995623  0.016308  0.013920  0.001925  0.000000  0.000000  0.000000  2.000000  
61.681016 0.020133  0.100859  -0.035607  0.991507  0.102827  -0.079628  -0.099124  0.993860  0.049152  0.084193  -0.040841  0.995612  0.016182  0.013865  0.001961  0.000000  0.000000  0.000000  2.000000  
61.682020 0.020148  0.100872  -0.035604  0.991507  0.102827  -0.079628  -0.099124  0.993860  0.049152  0.084193  -0.040841  0.995612  0.016114  0.013785  0.002092  0.000000  0.000000  0.000000  2.000000  
61.683271 0.020167  0.100887  -0.035601  0.991507  0.102827  -0.079628  -0.099124  0.993860  0.049152  0.084193  -0.040841  0.995612  0.015941  0.013696  0.002179  0.000000  0.000000  0.000000  2.000000  
61.684536 0.020185  0.100903  -0.035598  0.991486  0.103032  -0.079618  -0.099328  0.993839  0.049168  0.084193  -0.040841  0.995612  0.015812  0.013599  0.002249  0.000000  0.000000  0.000000  2.000000  
61.685766 0.020203  0.100919  -0.035595  0.991475  0.103037  -0.079751  -0.099327  0.993839  0.049182  0.084327  -0.040841  0.995601  0.015635  0.013504  0.002316  0.000000  0.000000  0.000000  2.000000  
61.687016 0.020221  0.100934  -0.035592  0.991475  0.103037  -0.079751  -0.099327  0.993839  0.049182  0.084327  -0.040841  0.995601  0.015500  0.013403  0.002375  0.000000  0.000000  0.000000  2.000000  
61.688016 0.020235  0.100947  -0.035589  0.991475  0.103037  -0.079751  -0.099327  0.993839  0.049182  0.084327  -0.040841  0.995601  0.015365  0.013339  0.002428  0.000000  0.000000  0.000000  2.000000  
61.689267 0.020253  0.100963  -0.035586  0.991464  0.103042  -0.079883  -0.099325  0.993838  0.049195  0.084460  -0.040840  0.995590  0.015163  0.013214  0.002433  0.000000  0.000000  0.000000  2.000000  
61.690515 0.020270  0.100979  -0.035583  0.991464  0.103042  -0.079883  -0.099325  0.993838  0.049195  0.084460  -0.040840  0.995590  0.014945  0.013077  0.002437  0.000000  0.000000  0.000000  2.000000  
61.691515 0.020284  0.100992  -0.035581  0.991464  0.103042  -0.079883  -0.099325  0.993838  0.049195  0.084460  -0.040840  0.995590  0.014770  0.012934  0.002460  0.000000  0.000000  0.000000  2.000000  
61.692762 0.020300  0.101007  -0.035578  0.991453  0.103058  -0.080003  -0.099324  0.993832  0.049329  0.084593  -0.040961  0.995573  0.014542  0.012781  0.002439  0.000000  0.000000  0.000000  2.000000  
61.693765 0.020313  0.101019  -0.035576  0.991453  0.103058  -0.080003  -0.099324  0.993832  0.049329  0.084593  -0.040961  0.995573  0.014293  0.012613  0.002420  0.000000  0.000000  0.000000  2.000000  
61.695017 0.020329  0.101034  -0.035573  0.991442  0.103063  -0.080136  -0.099323  0.993831  0.049342  0.084727  -0.040960  0.995562  0.014100  0.012498  0.002436  0.000000  0.000000  0.000000  2.000000  
61.696277 0.020345  0.101047  -0.035569  0.991442  0.103063  -0.080136  -0.099323  0.993831  0.049342  0.084727  -0.040960  0.995562  0.013831  0.012316  0.002449  0.000000  0.000000  0.000000  2.000000  
61.697514 0.020360  0.101061  -0.035566  0.991442  0.103063  -0.080136  -0.099323  0.993831  0.049342  0.084727  -0.040960  0.995562  0.013608  0.012126  0.002459  0.000000  0.000000  0.000000  2.000000  
61.698526 0.020372  0.101071  -0.035564  0.991430  0.103068  -0.080268  -0.099322  0.993831  0.049355  0.084860  -0.040960  0.995551  0.013402  0.011997  0.002439  0.000000  0.000000  0.000000  2.000000  
61.699535 0.020383  0.101081  -0.035561  0.991430  0.103068  -0.080268  -0.099322  0.993831  0.049355  0.084860  -0.040960  0.995551  0.013203  0.011864  0.002419  0.000000  0.000000  0.000000  2.000000  
61.700767 0.020398  0.101094  -0.035559  0.991439  0.102860  -0.080423  -0.099117  0.993857  0.049231  0.084993  -0.040839  0.995544  0.012947  0.011653  0.002406  0.000000  0.000000  0.000000  2.000000  
61.702017 0.020412  0.101107  -0.035555  0.991439  0.102860  -0.080423  -0.099117  0.993857  0.049231  0.084993  -0.040839  0.995544  0.012735  0.011481  0.002452  0.000000  0.000000  0.000000  2.000000  
61.703269 0.020427  0.101120  -0.035552  0.991428  0.102865  -0.080556  -0.099116  0.993857  0.049245  0.085127  -0.040838  0.995533  0.012566  0.011292  0.002443  0.000000  0.000000  0.000000  2.000000  
61.704516 0.020442  0.101133  -0.035549  0.991417  0.102870  -0.080688  -0.099115  0.993856  0.049258  0.085260  -0.040838  0.995521  0.012371  0.011094  0.002495  0.000000  0.000000  0.000000  2.000000  
61.705766 0.020455  0.101145  -0.035545  0.991437  0.102666  -0.080699  -0.098910  0.993877  0.049241  0.085260  -0.040838  0.995521  0.012108  0.010839  0.002535  0.000000  0.000000  0.000000  2.000000  
61.707015 0.020469  0.101158  -0.035542  0.991426  0.102671  -0.080831  -0.098909  0.993877  0.049254  0.085393  -0.040837  0.995510  0.011917  0.010636  0.002549  0.000000  0.000000  0.000000  2.000000  
61.708016 0.020480  0.101167  -0.035539  0.991426  0.102671  -0.080831  -0.098909  0.993877  0.049254  0.085393  -0.040837  0.995510  0.011716  0.010432  0.002591  0.000000  0.000000  0.000000  2.000000  
61.709274 0.020493  0.101179  -0.035536  0.991414  0.102677  -0.080964  -0.098908  0.993876  0.049268  0.085527  -0.040837  0.995499  0.011516  0.010222  0.002594  0.000000  0.000000  0.000000  2.000000  
61.710517 0.020505  0.101189  -0.035533  0.991414  0.102677  -0.080964  -0.098908  0.993876  0.049268  0.085527  -0.040837  0.995499  0.011290  0.009993  0.002622  0.000000  0.000000  0.000000  2.000000  
61.711762 0.020518  0.101200  -0.035529  0.991423  0.102478  -0.081106  -0.098703  0.993897  0.049264  0.085660  -0.040836  0.995487  0.011118  0.009807  0.002635  0.000000  0.000000  0.000000  2.000000  
61.712763 0.020528  0.101208  -0.035526  0.991423  0.102478  -0.081106  -0.098703  0.993897  0.049264  0.085660  -0.040836  0.995487  0.010976  0.009645  0.002633  0.000000  0.000000  0.000000  2.000000  
61.713764 0.020538  0.101217  -0.035523  0.991423  0.102478  -0.081106  -0.098703  0.993897  0.049264  0.085660  -0.040836  0.995487  0.010869  0.009522  0.002692  0.000000  0.000000  0.000000  2.000000  
61.715029 0.020550  0.101227  -0.035519  0.991412  0.102483  -0.081239  -0.098702  0.993896  0.049277  0.085793  -0.040836  0.995476  0.010676  0.009324  0.002759  0.000000  0.000000  0.000000  2.000000  
61.716282 0.020563  0.101237  -0.035515  0.991412  0.102473  -0.081251  -0.098702  0.993902  0.049157  0.085793  -0.040715  0.995481  0.010556  0.009146  0.002817  0.000000  0.000000  0.000000  2.000000  
61.717525 0.020575  0.101248  -0.035510  0.991400  0.102479  -0.081384  -0.098701  0.993902  0.049170  0.085926  -0.040715  0.995469  0.010420  0.009010  0.002965  0.000000  0.000000  0.000000  2.000000  
61.718772 0.020587  0.101258  -0.035506  0.991421  0.102274  -0.081394  -0.098497  0.993923  0.049153  0.085926  -0.040715  0.995469  0.010246  0.008865  0.002986  0.000000  0.000000  0.000000  2.000000  
61.720019 0.020599  0.101269  -0.035502  0.991409  0.102279  -0.081527  -0.098495  0.993922  0.049166  0.086060  -0.040714  0.995458  0.010143  0.008696  0.003000  0.000000  0.000000  0.000000  2.000000  
61.721272 0.020611  0.101279  -0.035497  0.991409  0.102279  -0.081527  -0.098495  0.993922  0.049166  0.086060  -0.040714  0.995458  0.010047  0.008593  0.003101  0.000000  0.000000  0.000000  2.000000  
61.722281 0.020621  0.101287  -0.035494  0.991409  0.102269  -0.081539  -0.098495  0.993928  0.049046  0.086060  -0.040593  0.995463  0.009897  0.008428  0.003172  0.000000  0.000000  0.000000  2.000000  
61.723520 0.020633  0.101297  -0.035489  0.991398  0.102275  -0.081671  -0.098494  0.993928  0.049059  0.086193  -0.040593  0.995451  0.009840  0.008352  0.003275  0.000000  0.000000  0.000000  2.000000  
61.724768 0.020644  0.101307  -0.035485  0.991398  0.102275  -0.081671  -0.098494  0.993928  0.049059  0.086193  -0.040593  0.995451  0.009765  0.008209  0.003312  0.000000  0.000000  0.000000  2.000000  
61.726014 0.020656  0.101316  -0.035481  0.991398  0.102275  -0.081671  -0.098494  0.993928  0.049059  0.086193  -0.040593  0.995451  0.009711  0.008129  0.003368  0.000000  0.000000  0.000000  2.000000  
61.727268 0.020667  0.101325  -0.035477  0.991398  0.102265  -0.081684  -0.098494  0.993934  0.048939  0.086193  -0.040472  0.995456  0.009631  0.008068  0.003413  0.000000  0.000000  0.000000  2.000000  
61.728514 0.020679  0.101335  -0.035472  0.991386  0.102270  -0.081816  -0.098493  0.993933  0.048952  0.086326  -0.040472  0.995445  0.009570  0.008024  0.003383  0.000000  0.000000  0.000000  2.000000  
61.729762 0.020690  0.101344  -0.035469  0.991386  0.102270  -0.081816  -0.098493  0.993933  0.048952  0.086326  -0.040472  0.995445  0.009517  0.007939  0.003390  0.000000  0.000000  0.000000  2.000000  
61.730764 0.020700  0.101352  -0.035465  0.991386  0.102260  -0.081829  -0.098493  0.993939  0.048831  0.086326  -0.040351  0.995449  0.009483  0.007914  0.003415  0.000000  0.000000  0.000000  2.000000  
61.731768 0.020709  0.101360  -0.035462  0.991375  0.102266  -0.081961  -0.098492  0.993938  0.048844  0.086460  -0.040350  0.995438  0.009452  0.007886  0.003392  0.000000  0.000000  0.000000  2.000000  
61.733016 0.020721  0.101369  -0.035457  0.991375  0.102266  -0.081961  -0.098492  0.993938  0.048844  0.086460  -0.040350  0.995438  0.009384  0.007828  0.003392  0.000000  0.000000  0.000000  2.000000  
61.734271 0.020732  0.101380  -0.035454  0.991375  0.102266  -0.081961  -0.098492  0.993938  0.048844  0.086460  -0.040350  0.995438  0.009365  0.007855  0.003385  0.000000  0.000000  0.000000  2.000000  
61.735516 0.020744  0.101390  -0.035450  0.991375  0.102256  -0.081974  -0.098492  0.993944  0.048724  0.086460  -0.040230  0.995443  0.009336  0.007828  0.003363  0.000000  0.000000  0.000000  2.000000  
61.736518 0.020754  0.101398  -0.035447  0.991363  0.102261  -0.082106  -0.098491  0.993944  0.048737  0.086593  -0.040229  0.995431  0.009327  0.007810  0.003346  0.000000  0.000000  0.000000  2.000000  
61.737768 0.020765  0.101408  -0.035443  0.991363  0.102251  -0.082119  -0.098491  0.993950  0.048616  0.086593  -0.040109  0.995436  0.009281  0.007810  0.003317  0.000000  0.000000  0.000000  2.000000  
61.739014 0.020776  0.101418  -0.035439  0.991363  0.102251  -0.082119  -0.098491  0.993950  0.048616  0.086593  -0.040109  0.995436  0.009263  0.007799  0.003267  0.000000  0.000000  0.000000  2.000000  
61.740016 0.020785  0.101426  -0.035436  0.991363  0.102241  -0.082131  -0.098491  0.993956  0.048496  0.086593  -0.039988  0.995441  0.009236  0.007841  0.003189  0.000000  0.000000  0.000000  2.000000  
61.741016 0.020795  0.101434  -0.035433  0.991363  0.102241  -0.082131  -0.098491  0.993956  0.048496  0.086593  -0.039988  0.995441  0.009268  0.007873  0.003215  0.000000  0.000000  0.000000  2.000000  
61.742264 0.020806  0.101444  -0.035429  0.991352  0.102237  -0.082276  -0.098490  0.993961  0.048388  0.086726  -0.039867  0.995434  0.009261  0.007915  0.003181  0.000000  0.000000  0.000000  2.000000  
61.743267 0.020815  0.101452  -0.035427  0.991352  0.102237  -0.082276  -0.098490  0.993961  0.048388  0.086726  -0.039867  0.995434  0.009224  0.007951  0.003099  0.000000  0.000000  0.000000  2.000000  
61.744514 0.020826  0.101462  -0.035424  0.991352  0.102227  -0.082288  -0.098490  0.993967  0.048268  0.086726  -0.039746  0.995439  0.009238  0.008038  0.003018  0.000000  0.000000  0.000000  2.000000  
61.745762 0.020838  0.101473  -0.035420  0.991352  0.102227  -0.082288  -0.098490  0.993967  0.048268  0.086726  -0.039746  0.995439  0.009238  0.008083  0.002990  0.000000  0.000000  0.000000  2.000000  
61.746764 0.020848  0.101481  -0.035418  0.991352  0.102217  -0.082301  -0.098490  0.993973  0.048147  0.086726  -0.039625  0.995444  0.009235  0.008110  0.002892  0.000000  0.000000  0.000000  2.000000  
61.748012 0.020859  0.101491  -0.035415  0.991340  0.102222  -0.082433  -0.098489  0.993972  0.048160  0.086860  -0.039625  0.995432  0.009232  0.008137  0.002795  0.000000  0.000000  0.000000  2.000000  
