1-Time 2-Px 3-Py 4-Pz 5-R11 6-R21 7-R31 8-R12 9-R22 10-R32 11-R13 12-R23 13-R33 14-Vx 15-Vy 16-Vz 17-Wx 18-Wy 19-Wz 20-state 21-PR11 22-PR21 23-PR31 24-PR12 25-PR22 26-PR32 27-PR13 28-PR23 29-PR33 
49.107313 0.016883  0.094918  -0.029815  0.982630  0.146988  -0.113280  -0.146522  0.989129  0.012476  0.113883  0.004338  0.993485  -0.000321  0.000799  -0.000145  0.000000  0.000000  0.000000  2.000000  
49.108323 0.016884  0.094919  -0.029815  0.982645  0.146989  -0.113149  -0.146524  0.989129  0.012457  0.113750  0.004338  0.993500  -0.000255  0.000754  -0.000101  0.000000  0.000000  0.000000  2.000000  
49.109571 0.016888  0.094919  -0.029814  0.982509  0.147803  -0.113270  -0.147331  0.989007  0.012570  0.113883  0.004338  0.993485  0.000055  0.000717  -0.000044  0.000000  0.000000  0.000000  2.000000  
49.110571 0.016892  0.094920  -0.029813  0.982388  0.148412  -0.113525  -0.147933  0.988916  0.012679  0.114149  0.004338  0.993454  0.000364  0.000680  0.000013  0.000000  0.000000  0.000000  2.000000  
49.111817 0.016897  0.094919  -0.029812  0.982342  0.148629  -0.113636  -0.148133  0.988884  0.012842  0.114281  0.004218  0.993439  0.000758  0.000556  0.000125  0.000000  0.000000  0.000000  2.000000  
49.113072 0.016904  0.094918  -0.029811  0.982220  0.149239  -0.113891  -0.148735  0.988792  0.012952  0.114547  0.004217  0.993409  0.001273  0.000399  0.000216  0.000000  0.000000  0.000000  2.000000  
49.114334 0.016913  0.094918  -0.029810  0.982067  0.150066  -0.114125  -0.149539  0.988668  0.013206  0.114813  0.004097  0.993379  0.001884  0.000350  0.000277  0.000000  0.000000  0.000000  2.000000  
49.115575 0.016921  0.094918  -0.029810  0.981836  0.151285  -0.114502  -0.150745  0.988482  0.013408  0.115212  0.004097  0.993332  0.002467  0.000275  0.000316  0.000000  0.000000  0.000000  2.000000  
49.116820 0.016930  0.094917  -0.029809  0.981619  0.152505  -0.114748  -0.151953  0.988294  0.013590  0.115478  0.004096  0.993302  0.003075  0.000141  0.000371  0.000000  0.000000  0.000000  2.000000  
49.117824 0.016937  0.094917  -0.029811  0.981416  0.153520  -0.115128  -0.152957  0.988137  0.013769  0.115876  0.004096  0.993255  0.003540  0.000034  0.000281  0.029064  -0.026216  0.178748  2.000000  
49.119074 0.016946  0.094918  -0.029813  0.981195  0.154740  -0.115374  -0.154164  0.987947  0.013953  0.116142  0.004096  0.993224  0.004170  0.000122  0.000154  0.033896  -0.008059  0.219932  2.000000  
49.120323 0.016955  0.094921  -0.029816  0.980943  0.155958  -0.115881  -0.155366  0.987755  0.014178  0.116674  0.004096  0.993162  0.004827  0.000262  -0.000048  0.039260  0.014509  0.265759  2.000000  
49.121575 0.016964  0.094923  -0.029817  0.980671  0.157394  -0.116235  -0.156772  0.987528  0.014528  0.117072  0.003975  0.993115  0.005485  0.000379  -0.000153  0.049331  0.032792  0.315890  2.000000  
49.122821 0.016976  0.094925  -0.029820  0.980383  0.158815  -0.116739  -0.158175  0.987300  0.014780  0.117604  0.003975  0.993053  0.006274  0.000459  -0.000323  0.055841  0.060003  0.370782  2.000000  
49.123822 0.016986  0.094927  -0.029822  0.980173  0.159843  -0.117098  -0.159177  0.987135  0.015084  0.118002  0.003854  0.993006  0.006822  0.000518  -0.000503  0.064007  0.078104  0.405048  2.000000  
49.125071 0.017001  0.094929  -0.029823  0.979897  0.161060  -0.117735  -0.160375  0.986937  0.015336  0.118667  0.003854  0.992927  0.007477  0.000662  -0.000660  0.068987  0.105263  0.446202  2.000000  
49.126320 0.017016  0.094930  -0.029821  0.979586  0.162494  -0.118348  -0.161774  0.986702  0.015733  0.119331  0.003733  0.992848  0.008051  0.000715  -0.000574  0.079678  0.132434  0.501036  2.000000  
49.127570 0.017031  0.094928  -0.029817  0.979307  0.163710  -0.118984  -0.162970  0.986501  0.015989  0.119995  0.003733  0.992767  0.008735  0.000659  -0.000364  0.084013  0.158291  0.537755  2.000000  
49.128817 0.017048  0.094924  -0.029813  0.978992  0.165144  -0.119596  -0.164368  0.986263  0.016390  0.120659  0.003612  0.992687  0.009272  0.000406  -0.000153  0.094630  0.189685  0.592113  2.000000  
49.129817 0.017062  0.094921  -0.029810  0.978708  0.166359  -0.120230  -0.165564  0.986059  0.016648  0.121323  0.003612  0.992606  0.009746  0.000198  0.000011  0.100478  0.218400  0.638112  2.000000  
49.130819 0.017075  0.094917  -0.029805  0.978473  0.167372  -0.120736  -0.166560  0.985887  0.016861  0.121855  0.003612  0.992541  0.010155  -0.000030  0.000330  0.104708  0.241038  0.672409  2.000000  
49.131823 0.017088  0.094912  -0.029800  0.978236  0.168385  -0.121243  -0.167556  0.985715  0.017075  0.122386  0.003612  0.992476  0.010634  -0.000347  0.000637  0.109734  0.263615  0.713332  2.000000  
49.133067 0.017105  0.094904  -0.029794  0.977932  0.169600  -0.122007  -0.168748  0.985506  0.017360  0.123182  0.003611  0.992377  0.011078  -0.000853  0.001129  0.114887  0.299824  0.754579  2.000000  
49.134076 0.017119  0.094898  -0.029790  0.977744  0.170410  -0.122385  -0.169544  0.985367  0.017529  0.123581  0.003611  0.992328  0.011591  -0.001379  0.001609  0.118286  0.317938  0.782019  2.000000  
49.135324 0.017137  0.094891  -0.029785  0.977468  0.171610  -0.122907  -0.170741  0.985158  0.017652  0.124112  0.003731  0.992261  0.012222  -0.002102  0.002115  0.120094  0.340544  0.829692  2.000000  
49.136327 0.017150  0.094886  -0.029781  0.977243  0.172623  -0.123281  -0.171738  0.984981  0.017847  0.124510  0.003731  0.992211  0.012601  -0.002565  0.002457  0.124346  0.358709  0.864054  2.000000  
49.137576 0.017167  0.094879  -0.029775  0.977035  0.173432  -0.123789  -0.172531  0.984839  0.018041  0.125041  0.003731  0.992145  0.012941  -0.003130  0.003024  0.127826  0.381300  0.891418  2.000000  
49.138822 0.017184  0.094873  -0.029768  0.976827  0.174241  -0.124297  -0.173324  0.984696  0.018236  0.125572  0.003730  0.992077  0.013191  -0.003632  0.003681  0.129728  0.399361  0.905103  2.000000  
49.140072 0.017201  0.094867  -0.029762  0.976653  0.174847  -0.124808  -0.173915  0.984589  0.018406  0.126103  0.003730  0.992010  0.013371  -0.004228  0.004137  0.129205  0.412834  0.898170  2.000000  
49.141072 0.017214  0.094862  -0.029756  0.976496  0.175453  -0.125189  -0.174510  0.984481  0.018553  0.126501  0.003730  0.991959  0.013428  -0.004625  0.004367  0.126226  0.421881  0.905172  2.000000  
49.142325 0.017228  0.094853  -0.029747  0.976338  0.176060  -0.125569  -0.175104  0.984372  0.018700  0.126899  0.003730  0.991909  0.013336  -0.005069  0.004748  0.127335  0.426306  0.911776  2.000000  
49.143336 0.017239  0.094846  -0.029738  0.976179  0.176666  -0.125950  -0.175698  0.984264  0.018848  0.127298  0.003730  0.991858  0.013161  -0.005361  0.005128  0.124350  0.430594  0.918232  2.000000  
49.144339 0.017250  0.094837  -0.029729  0.976056  0.177070  -0.126334  -0.176091  0.984191  0.018971  0.127696  0.003729  0.991806  0.012912  -0.005797  0.005551  0.122992  0.435082  0.904545  2.000000  
49.145567 0.017261  0.094825  -0.029718  0.975933  0.177474  -0.126718  -0.176483  0.984118  0.019094  0.128094  0.003729  0.991755  0.012631  -0.006261  0.005889  0.119858  0.436174  0.877213  2.000000  
49.146571 0.017270  0.094814  -0.029708  0.975810  0.177862  -0.127123  -0.176876  0.984048  0.019098  0.128492  0.003849  0.991703  0.012363  -0.006599  0.006263  0.113673  0.444153  0.856771  2.000000  
49.147571 0.017279  0.094804  -0.029697  0.975703  0.178251  -0.127398  -0.177271  0.983977  0.019078  0.128757  0.003969  0.991668  0.012037  -0.006887  0.006690  0.107253  0.440532  0.836114  2.000000  
49.148575 0.017287  0.094793  -0.029685  0.975633  0.178452  -0.127655  -0.177466  0.983941  0.019152  0.129023  0.003969  0.991634  0.011691  -0.007235  0.007160  0.104166  0.439475  0.808551  2.000000  
49.149863 0.017297  0.094780  -0.029670  0.975491  0.178840  -0.128191  -0.177855  0.983870  0.019180  0.129553  0.004089  0.991564  0.011033  -0.007593  0.007854  0.097788  0.443364  0.786843  2.000000  
49.151075 0.017306  0.094767  -0.029656  0.975421  0.179010  -0.128491  -0.178050  0.983838  0.019016  0.129819  0.004330  0.991528  0.010544  -0.008064  0.008469  0.080831  0.439341  0.746659  2.000000  
49.152327 0.017315  0.094754  -0.029642  0.975333  0.179195  -0.128901  -0.178241  0.983803  0.018994  0.130217  0.004450  0.991476  0.010036  -0.008427  0.009022  0.071951  0.434646  0.705295  2.000000  
49.153573 0.017323  0.094742  -0.029630  0.975262  0.179381  -0.129180  -0.178436  0.983769  0.018949  0.130482  0.004570  0.991440  0.009472  -0.008824  0.009333  0.058935  0.425557  0.664228  2.000000  
49.154575 0.017328  0.094733  -0.029620  0.975208  0.179567  -0.129328  -0.178634  0.983734  0.018880  0.130615  0.004690  0.991422  0.008812  -0.009221  0.009735  0.052018  0.413075  0.638304  2.000000  
49.155821 0.017334  0.094720  -0.029608  0.975136  0.179753  -0.129607  -0.178828  0.983700  0.018836  0.130880  0.004810  0.991387  0.008162  -0.009623  0.010042  0.043986  0.399583  0.604251  2.000000  
49.156821 0.017338  0.094709  -0.029599  0.975119  0.179737  -0.129759  -0.178825  0.983702  0.018740  0.131013  0.004930  0.991368  0.007628  -0.009890  0.010128  0.031199  0.389223  0.568099  2.000000  
49.157822 0.017341  0.094699  -0.029591  0.975065  0.179938  -0.129886  -0.179022  0.983666  0.018791  0.131145  0.004930  0.991351  0.007157  -0.010078  0.010114  0.023001  0.371053  0.533846  2.000000  
49.159067 0.017343  0.094685  -0.029580  0.975048  0.179922  -0.130038  -0.179019  0.983668  0.018695  0.131278  0.005050  0.991333  0.006441  -0.010315  0.010072  0.013757  0.354480  0.488627  2.000000  
49.160328 0.017345  0.094669  -0.029569  0.974994  0.180108  -0.130186  -0.179217  0.983633  0.018627  0.131411  0.005171  0.991315  0.005689  -0.010540  0.010107  0.004738  0.332323  0.448226  2.000000  
49.161572 0.017347  0.094654  -0.029557  0.974959  0.180091  -0.130469  -0.179211  0.983636  0.018556  0.131676  0.005291  0.991279  0.005062  -0.010674  0.010038  -0.005215  0.316645  0.403577  2.000000  
49.162817 0.017349  0.094640  -0.029544  0.974959  0.180075  -0.130491  -0.179211  0.983638  0.018436  0.131676  0.005411  0.991278  0.004583  -0.010738  0.009999  -0.012577  0.291619  0.373068  2.000000  
49.163819 0.017352  0.094629  -0.029533  0.974942  0.180058  -0.130643  -0.179207  0.983640  0.018341  0.131808  0.005531  0.991260  0.004168  -0.010776  0.009930  -0.020901  0.282573  0.339054  2.000000  
49.164825 0.017354  0.094618  -0.029521  0.974924  0.180042  -0.130796  -0.179204  0.983643  0.018246  0.131941  0.005651  0.991241  0.003827  -0.010795  0.009951  -0.030346  0.271221  0.300683  2.000000  
49.166067 0.017359  0.094606  -0.029506  0.974924  0.180026  -0.130817  -0.179204  0.983645  0.018126  0.131941  0.005771  0.991241  0.003541  -0.010733  0.009994  -0.034443  0.255550  0.264272  2.000000  
49.167074 0.017363  0.094596  -0.029495  0.974870  0.180212  -0.130966  -0.179402  0.983610  0.018058  0.132074  0.005891  0.991222  0.003252  -0.010762  0.009980  -0.041378  0.244050  0.245869  2.000000  
49.168324 0.017369  0.094584  -0.029481  0.974870  0.180196  -0.130988  -0.179402  0.983612  0.017939  0.132074  0.006012  0.991222  0.003168  -0.010712  0.010088  -0.047694  0.228636  0.223532  2.000000  
49.169576 0.017374  0.094573  -0.029469  0.974870  0.180164  -0.131032  -0.179402  0.983617  0.017700  0.132074  0.006252  0.991220  0.003031  -0.010658  0.010084  -0.060610  0.207807  0.191062  2.000000  
49.170822 0.017381  0.094562  -0.029456  0.974907  0.179946  -0.131057  -0.179201  0.983656  0.017554  0.132074  0.006372  0.991219  0.003117  -0.010550  0.010152  -0.068225  0.189726  0.163721  2.000000  
49.172072 0.017387  0.094550  -0.029445  0.974907  0.179930  -0.131079  -0.179201  0.983658  0.017434  0.132074  0.006493  0.991219  0.003242  -0.010490  0.010152  -0.074967  0.176161  0.143208  2.000000  
49.173327 0.017395  0.094537  -0.029433  0.974907  0.179914  -0.131101  -0.179201  0.983660  0.017315  0.132074  0.006613  0.991218  0.003563  -0.010359  0.010209  -0.081045  0.161248  0.121680  2.000000  
49.174336 0.017400  0.094527  -0.029425  0.974924  0.179899  -0.130992  -0.179204  0.983662  0.017172  0.131941  0.006733  0.991235  0.003798  -0.010244  0.010266  0.000000  0.000000  0.000000  2.000000  
49.175573 0.017408  0.094515  -0.029414  0.974942  0.179884  -0.130883  -0.179207  0.983664  0.017028  0.131808  0.006854  0.991252  0.004207  -0.010039  0.010203  0.000000  0.000000  0.000000  2.000000  
49.176595 0.017415  0.094506  -0.029407  0.974979  0.179682  -0.130887  -0.179007  0.983701  0.017001  0.131808  0.006854  0.991252  0.004592  -0.009851  0.010011  0.000000  0.000000  0.000000  2.000000  
49.177819 0.017425  0.094494  -0.029397  0.974996  0.179682  -0.130756  -0.179010  0.983701  0.016978  0.131676  0.006854  0.991269  0.005097  -0.009694  0.009816  0.000000  0.000000  0.000000  2.000000  
49.179071 0.017435  0.094483  -0.029388  0.974996  0.179682  -0.130756  -0.179010  0.983701  0.016978  0.131676  0.006854  0.991269  0.005612  -0.009510  0.009473  0.000000  0.000000  0.000000  2.000000  
49.180322 0.017448  0.094473  -0.029378  0.974996  0.179682  -0.130756  -0.179010  0.983701  0.016978  0.131676  0.006854  0.991269  0.006169  -0.009308  0.009095  0.000000  0.000000  0.000000  2.000000  
49.181574 0.017461  0.094464  -0.029369  0.974996  0.179682  -0.130756  -0.179010  0.983701  0.016978  0.131676  0.006854  0.991269  0.006713  -0.009089  0.008768  0.000000  0.000000  0.000000  2.000000  
49.182819 0.017475  0.094456  -0.029358  0.974996  0.179682  -0.130756  -0.179010  0.983701  0.016978  0.131676  0.006854  0.991269  0.007278  -0.008800  0.008593  0.000000  0.000000  0.000000  2.000000  
49.183824 0.017487  0.094450  -0.029349  0.974996  0.179667  -0.130778  -0.179010  0.983703  0.016858  0.131676  0.006974  0.991268  0.007829  -0.008603  0.008434  0.000000  0.000000  0.000000  2.000000  
49.185072 0.017503  0.094443  -0.029338  0.974959  0.179869  -0.130775  -0.179211  0.983666  0.016885  0.131676  0.006974  0.991268  0.008471  -0.008351  0.008377  0.000000  0.000000  0.000000  2.000000  
49.186334 0.017519  0.094437  -0.029326  0.974959  0.179853  -0.130797  -0.179211  0.983668  0.016766  0.131676  0.007094  0.991267  0.009092  -0.007989  0.008352  0.000000  0.000000  0.000000  2.000000  
49.187574 0.017536  0.094430  -0.029315  0.974959  0.179837  -0.130818  -0.179211  0.983670  0.016646  0.131676  0.007214  0.991267  0.009764  -0.007617  0.008368  0.000000  0.000000  0.000000  2.000000  
49.188821 0.017554  0.094424  -0.029303  0.974922  0.180024  -0.130837  -0.179411  0.983635  0.016554  0.131676  0.007335  0.991266  0.010405  -0.007262  0.008386  0.000000  0.000000  0.000000  2.000000  
49.189822 0.017568  0.094419  -0.029294  0.974922  0.180024  -0.130837  -0.179411  0.983635  0.016554  0.131676  0.007335  0.991266  0.010955  -0.006884  0.008423  0.000000  0.000000  0.000000  2.000000  
49.191071 0.017586  0.094413  -0.029284  0.974922  0.180008  -0.130859  -0.179411  0.983637  0.016435  0.131676  0.007455  0.991265  0.011645  -0.006486  0.008458  0.000000  0.000000  0.000000  2.000000  
49.192319 0.017607  0.094408  -0.029274  0.974885  0.180211  -0.130855  -0.179612  0.983600  0.016462  0.131676  0.007455  0.991265  0.012468  -0.005990  0.008489  0.000000  0.000000  0.000000  2.000000  
49.193323 0.017622  0.094403  -0.029265  0.974885  0.180211  -0.130855  -0.179612  0.983600  0.016462  0.131676  0.007455  0.991265  0.012903  -0.005741  0.008542  0.000000  0.000000  0.000000  2.000000  
49.194335 0.017639  0.094399  -0.029257  0.974831  0.180428  -0.130960  -0.179809  0.983561  0.016632  0.131808  0.007334  0.991248  0.013466  -0.005415  0.008581  0.000000  0.000000  0.000000  2.000000  
49.195575 0.017660  0.094395  -0.029247  0.974831  0.180428  -0.130960  -0.179809  0.983561  0.016632  0.131808  0.007334  0.991248  0.014059  -0.005068  0.008591  0.000000  0.000000  0.000000  2.000000  
49.196817 0.017682  0.094390  -0.029238  0.974794  0.180646  -0.130935  -0.180010  0.983522  0.016778  0.131808  0.007214  0.991249  0.014573  -0.004815  0.008566  0.000000  0.000000  0.000000  2.000000  
49.197819 0.017700  0.094386  -0.029229  0.974776  0.180661  -0.131044  -0.180007  0.983520  0.016922  0.131941  0.007094  0.991232  0.014988  -0.004662  0.008557  0.000000  0.000000  0.000000  2.000000  
49.198825 0.017717  0.094383  -0.029221  0.974739  0.180864  -0.131040  -0.180208  0.983483  0.016949  0.131941  0.007094  0.991232  0.015388  -0.004467  0.008508  0.000000  0.000000  0.000000  2.000000  
49.200067 0.017739  0.094378  -0.029210  0.974739  0.180880  -0.131018  -0.180208  0.983481  0.017068  0.131941  0.006974  0.991233  0.015746  -0.004360  0.008489  0.000000  0.000000  0.000000  2.000000  
49.201076 0.017757  0.094374  -0.029202  0.974685  0.181081  -0.131145  -0.180405  0.983443  0.017119  0.132074  0.006974  0.991215  0.016113  -0.004249  0.008405  0.000000  0.000000  0.000000  2.000000  
49.202335 0.017778  0.094369  -0.029193  0.974685  0.181081  -0.131145  -0.180405  0.983443  0.017119  0.132074  0.006974  0.991215  0.016405  -0.004120  0.008260  0.000000  0.000000  0.000000  2.000000  
49.203571 0.017800  0.094364  -0.029182  0.974648  0.181284  -0.131142  -0.180606  0.983406  0.017146  0.132074  0.006974  0.991215  0.016691  -0.004079  0.008205  0.000000  0.000000  0.000000  2.000000  
49.204574 0.017817  0.094361  -0.029174  0.974648  0.181284  -0.131142  -0.180606  0.983406  0.017146  0.132074  0.006974  0.991215  0.016917  -0.003980  0.008161  0.000000  0.000000  0.000000  2.000000  
49.205574 0.017835  0.094357  -0.029164  0.974610  0.181486  -0.131138  -0.180806  0.983369  0.017173  0.132074  0.006974  0.991215  0.017110  -0.003872  0.008197  0.000000  0.000000  0.000000  2.000000  
49.206821 0.017858  0.094352  -0.029153  0.974593  0.181485  -0.131268  -0.180803  0.983369  0.017197  0.132206  0.006973  0.991198  0.017303  -0.003790  0.008333  0.000000  0.000000  0.000000  2.000000  
49.208071 0.017880  0.094348  -0.029141  0.974556  0.181704  -0.131243  -0.181004  0.983329  0.017344  0.132206  0.006853  0.991199  0.017455  -0.003707  0.008440  0.000000  0.000000  0.000000  2.000000  
49.209322 0.017902  0.094344  -0.029130  0.974538  0.181703  -0.131373  -0.181001  0.983330  0.017368  0.132339  0.006853  0.991181  0.017515  -0.003686  0.008488  0.000000  0.000000  0.000000  2.000000  
49.210571 0.017923  0.094339  -0.029119  0.974484  0.181920  -0.131478  -0.181198  0.983290  0.017538  0.132472  0.006733  0.991164  0.017544  -0.003685  0.008563  0.000000  0.000000  0.000000  2.000000  
49.211820 0.017944  0.094333  -0.029109  0.974484  0.181936  -0.131456  -0.181198  0.983288  0.017658  0.132472  0.006612  0.991165  0.017459  -0.003766  0.008603  0.000000  0.000000  0.000000  2.000000  
49.213072 0.017964  0.094327  -0.029099  0.974466  0.181935  -0.131586  -0.181195  0.983288  0.017682  0.132604  0.006612  0.991147  0.017341  -0.003913  0.008571  0.000000  0.000000  0.000000  2.000000  
49.214333 0.017983  0.094320  -0.029090  0.974412  0.182153  -0.131691  -0.181392  0.983249  0.017852  0.132737  0.006492  0.991130  0.017123  -0.004083  0.008474  0.000000  0.000000  0.000000  2.000000  
49.215573 0.018002  0.094313  -0.029080  0.974412  0.182153  -0.131691  -0.181392  0.983249  0.017852  0.132737  0.006492  0.991130  0.016992  -0.004226  0.008433  0.000000  0.000000  0.000000  2.000000  
49.216574 0.018017  0.094307  -0.029074  0.974394  0.182168  -0.131799  -0.181389  0.983247  0.017996  0.132869  0.006372  0.991113  0.016777  -0.004367  0.008335  0.000000  0.000000  0.000000  2.000000  
49.217575 0.018031  0.094300  -0.029066  0.974394  0.182168  -0.131799  -0.181389  0.983247  0.017996  0.132869  0.006372  0.991113  0.016570  -0.004517  0.008294  0.000000  0.000000  0.000000  2.000000  
49.218821 0.018049  0.094292  -0.029057  0.974377  0.182167  -0.131930  -0.181386  0.983247  0.018020  0.133002  0.006372  0.991095  0.016289  -0.004733  0.008196  0.000000  0.000000  0.000000  2.000000  
49.219822 0.018063  0.094286  -0.029049  0.974377  0.182183  -0.131907  -0.181386  0.983245  0.018140  0.133002  0.006251  0.991096  0.016078  -0.004900  0.008150  0.000000  0.000000  0.000000  2.000000  
49.221072 0.018080  0.094278  -0.029040  0.974359  0.182182  -0.132038  -0.181382  0.983245  0.018164  0.133135  0.006251  0.991078  0.015738  -0.005178  0.008019  0.000000  0.000000  0.000000  2.000000  
49.222327 0.018098  0.094270  -0.029029  0.974342  0.182181  -0.132168  -0.181379  0.983245  0.018188  0.133267  0.006251  0.991060  0.015353  -0.005401  0.007906  0.000000  0.000000  0.000000  2.000000  
49.223571 0.018115  0.094262  -0.029019  0.974324  0.182181  -0.132299  -0.181376  0.983245  0.018212  0.133400  0.006251  0.991043  0.015070  -0.005659  0.007799  0.000000  0.000000  0.000000  2.000000  
49.224574 0.018128  0.094255  -0.029011  0.974306  0.182180  -0.132429  -0.181372  0.983245  0.018237  0.133532  0.006251  0.991025  0.014749  -0.005857  0.007739  0.000000  0.000000  0.000000  2.000000  
49.225820 0.018144  0.094247  -0.029001  0.974289  0.182179  -0.132559  -0.181369  0.983246  0.018261  0.133665  0.006251  0.991007  0.014445  -0.006073  0.007714  0.000000  0.000000  0.000000  2.000000  
49.227073 0.018159  0.094238  -0.028991  0.974271  0.182178  -0.132690  -0.181366  0.983246  0.018285  0.133798  0.006251  0.990989  0.014065  -0.006302  0.007720  0.000000  0.000000  0.000000  2.000000  
49.228322 0.018174  0.094228  -0.028980  0.974254  0.182177  -0.132820  -0.181363  0.983246  0.018309  0.133930  0.006251  0.990971  0.013741  -0.006491  0.007800  0.000000  0.000000  0.000000  2.000000  
49.229571 0.018189  0.094218  -0.028969  0.974236  0.182176  -0.132950  -0.181359  0.983246  0.018334  0.134063  0.006250  0.990953  0.013432  -0.006691  0.007909  0.000000  0.000000  0.000000  2.000000  
49.230572 0.018199  0.094210  -0.028960  0.974218  0.182176  -0.133081  -0.181356  0.983246  0.018358  0.134195  0.006250  0.990935  0.013145  -0.006847  0.008009  0.000000  0.000000  0.000000  2.000000  
49.231574 0.018210  0.094201  -0.028951  0.974201  0.182175  -0.133211  -0.181353  0.983246  0.018382  0.134328  0.006250  0.990917  0.012904  -0.007005  0.008141  0.000000  0.000000  0.000000  2.000000  
49.232817 0.018225  0.094191  -0.028940  0.974183  0.182174  -0.133341  -0.181349  0.983246  0.018406  0.134461  0.006250  0.990899  0.012658  -0.007139  0.008270  0.000000  0.000000  0.000000  2.000000  
49.233826 0.018236  0.094184  -0.028932  0.974165  0.182173  -0.133472  -0.181346  0.983247  0.018431  0.134593  0.006250  0.990881  0.012418  -0.007240  0.008304  0.000000  0.000000  0.000000  2.000000  
49.235072 0.018251  0.094174  -0.028921  0.974148  0.182172  -0.133602  -0.181343  0.983247  0.018455  0.134726  0.006250  0.990863  0.012254  -0.007376  0.008391  0.000000  0.000000  0.000000  2.000000  
49.236326 0.018265  0.094164  -0.028911  0.974130  0.182172  -0.133732  -0.181340  0.983247  0.018479  0.134858  0.006250  0.990845  0.012063  -0.007511  0.008458  0.000000  0.000000  0.000000  2.000000  
49.237327 0.018277  0.094156  -0.028902  0.974075  0.182373  -0.133859  -0.181537  0.983210  0.018531  0.134991  0.006250  0.990827  0.011902  -0.007595  0.008506  0.000000  0.000000  0.000000  2.000000  
49.238572 0.018292  0.094147  -0.028891  0.974057  0.182372  -0.133989  -0.181534  0.983210  0.018555  0.135123  0.006250  0.990809  0.011799  -0.007710  0.008587  0.000000  0.000000  0.000000  2.000000  
49.239574 0.018304  0.094140  -0.028882  0.974039  0.182371  -0.134120  -0.181530  0.983210  0.018580  0.135256  0.006249  0.990791  0.011719  -0.007766  0.008634  0.000000  0.000000  0.000000  2.000000  
49.240639 0.018317  0.094132  -0.028872  0.974022  0.182371  -0.134250  -0.181527  0.983210  0.018604  0.135389  0.006249  0.990773  0.011654  -0.007754  0.008740  0.000000  0.000000  0.000000  2.000000  
49.241822 0.018332  0.094122  -0.028859  0.973966  0.182556  -0.134398  -0.181724  0.983175  0.018537  0.135521  0.006369  0.990754  0.011724  -0.007874  0.008944  0.000000  0.000000  0.000000  2.000000  
49.243069 0.018348  0.094111  -0.028845  0.973948  0.182555  -0.134529  -0.181721  0.983175  0.018561  0.135654  0.006369  0.990736  0.011775  -0.007931  0.009133  0.000000  0.000000  0.000000  2.000000  
49.244104 0.018361  0.094103  -0.028835  0.973931  0.182554  -0.134659  -0.181717  0.983175  0.018585  0.135786  0.006369  0.990718  0.011844  -0.007943  0.009230  0.000000  0.000000  0.000000  2.000000  
49.245318 0.018377  0.094093  -0.028821  0.973857  0.182755  -0.134916  -0.181911  0.983138  0.018662  0.136051  0.006369  0.990681  0.012036  -0.007936  0.009419  0.000000  0.000000  0.000000  2.000000  
49.246324 0.018390  0.094084  -0.028810  0.973840  0.182738  -0.135068  -0.181908  0.983140  0.018567  0.136184  0.006489  0.990662  0.012162  -0.007936  0.009558  0.000000  0.000000  0.000000  2.000000  
49.247576 0.018407  0.094075  -0.028797  0.973784  0.182939  -0.135195  -0.182105  0.983103  0.018619  0.136316  0.006489  0.990644  0.012372  -0.007908  0.009705  0.000000  0.000000  0.000000  2.000000  
49.248821 0.018425  0.094066  -0.028784  0.973711  0.183140  -0.135451  -0.182299  0.983065  0.018696  0.136582  0.006489  0.990608  0.012571  -0.007877  0.009873  0.000000  0.000000  0.000000  2.000000  
49.249821 0.018439  0.094058  -0.028774  0.973693  0.183139  -0.135582  -0.182295  0.983066  0.018720  0.136714  0.006488  0.990589  0.012736  -0.007851  0.009989  0.000000  0.000000  0.000000  2.000000  
49.250823 0.018453  0.094052  -0.028762  0.973637  0.183341  -0.135708  -0.182493  0.983028  0.018772  0.136847  0.006488  0.990571  0.012974  -0.007747  0.010232  0.000000  0.000000  0.000000  2.000000  
49.251824 0.018468  0.094046  -0.028751  0.973582  0.183542  -0.135835  -0.182690  0.982990  0.018825  0.136979  0.006488  0.990553  0.013127  -0.007654  0.010367  0.000000  0.000000  0.000000  2.000000  
49.253072 0.018487  0.094039  -0.028738  0.973526  0.183744  -0.135961  -0.182887  0.982953  0.018877  0.137112  0.006488  0.990534  0.013420  -0.007489  0.010526  0.000000  0.000000  0.000000  2.000000  
49.254072 0.018502  0.094032  -0.028727  0.973470  0.183945  -0.136087  -0.183084  0.982915  0.018930  0.137244  0.006488  0.990516  0.013620  -0.007418  0.010591  0.000000  0.000000  0.000000  2.000000  
49.255323 0.018522  0.094025  -0.028714  0.973396  0.184129  -0.136366  -0.183277  0.982880  0.018887  0.137509  0.006608  0.990478  0.013881  -0.007252  0.010654  0.000000  0.000000  0.000000  2.000000  
49.256324 0.018536  0.094018  -0.028704  0.973341  0.184331  -0.136493  -0.183474  0.982842  0.018940  0.137642  0.006608  0.990460  0.014072  -0.007144  0.010711  0.000000  0.000000  0.000000  2.000000  
49.257324 0.018552  0.094012  -0.028693  0.973247  0.184735  -0.136615  -0.183872  0.982766  0.019021  0.137774  0.006608  0.990442  0.014228  -0.007045  0.010704  0.000000  0.000000  0.000000  2.000000  
49.258570 0.018571  0.094004  -0.028680  0.973191  0.184936  -0.136741  -0.184068  0.982728  0.019074  0.137907  0.006608  0.990423  0.014463  -0.006914  0.010672  0.000000  0.000000  0.000000  2.000000  
49.259816 0.018591  0.093996  -0.028667  0.973079  0.185339  -0.136994  -0.184462  0.982652  0.019179  0.138172  0.006607  0.990386  0.014708  -0.006698  0.010648  0.000000  0.000000  0.000000  2.000000  
49.260820 0.018606  0.093989  -0.028657  0.973023  0.185540  -0.137120  -0.184659  0.982614  0.019232  0.138304  0.006607  0.990368  0.014839  -0.006611  0.010602  0.000000  0.000000  0.000000  2.000000  
49.262072 0.018626  0.093981  -0.028643  0.972910  0.185943  -0.137372  -0.185053  0.982538  0.019338  0.138569  0.006607  0.990331  0.015041  -0.006506  0.010595  0.000000  0.000000  0.000000  2.000000  
49.263072 0.018641  0.093975  -0.028632  0.972854  0.186145  -0.137499  -0.185250  0.982500  0.019391  0.138702  0.006607  0.990312  0.015202  -0.006337  0.010661  0.000000  0.000000  0.000000  2.000000  
49.264333 0.018661  0.093968  -0.028619  0.972741  0.186547  -0.137751  -0.185643  0.982424  0.019497  0.138967  0.006607  0.990275  0.015310  -0.006255  0.010640  0.000000  0.000000  0.000000  2.000000  
49.265572 0.018681  0.093961  -0.028606  0.972628  0.186950  -0.138003  -0.186037  0.982347  0.019604  0.139232  0.006606  0.990238  0.015424  -0.006203  0.010619  0.000000  0.000000  0.000000  2.000000  
49.266820 0.018700  0.093954  -0.028593  0.972553  0.187151  -0.138259  -0.186230  0.982309  0.019682  0.139497  0.006606  0.990200  0.015489  -0.006123  0.010569  0.011406  0.157222  0.168947  2.000000  
49.267826 0.018716  0.093949  -0.028583  0.972458  0.187554  -0.138381  -0.186627  0.982232  0.019764  0.139629  0.006606  0.990182  0.015525  -0.006109  0.010495  0.012472  0.158545  0.177172  2.000000  
49.269074 0.018735  0.093942  -0.028571  0.972344  0.187957  -0.138633  -0.187020  0.982155  0.019871  0.139894  0.006606  0.990144  0.015524  -0.006061  0.010448  0.014425  0.158650  0.190891  2.000000  
49.270327 0.018753  0.093935  -0.028559  0.972212  0.188359  -0.139015  -0.187410  0.982078  0.020003  0.140292  0.006605  0.990088  0.015433  -0.005971  0.010339  0.016419  0.168089  0.204967  2.000000  
49.271573 0.018771  0.093928  -0.028547  0.972098  0.188761  -0.139267  -0.187803  0.982001  0.020111  0.140557  0.006605  0.990051  0.015377  -0.005944  0.010305  0.021458  0.172288  0.211342  2.000000  
49.272577 0.018785  0.093922  -0.028538  0.972040  0.188963  -0.139393  -0.188000  0.981962  0.020165  0.140689  0.006605  0.990032  0.015307  -0.005886  0.010209  0.022437  0.172288  0.218134  2.000000  
49.273822 0.018803  0.093914  -0.028525  0.971907  0.189364  -0.139775  -0.188389  0.981885  0.020298  0.141087  0.006605  0.989975  0.015188  -0.005827  0.010182  0.024214  0.179908  0.229902  2.000000  
49.275071 0.018820  0.093907  -0.028513  0.971793  0.189767  -0.140027  -0.188782  0.981807  0.020406  0.141352  0.006604  0.989937  0.015001  -0.005800  0.010056  0.025436  0.181441  0.238647  2.000000  
49.276075 0.018833  0.093900  -0.028504  0.971717  0.189967  -0.140283  -0.188975  0.981768  0.020485  0.141616  0.006604  0.989900  0.014811  -0.005822  0.009978  0.030526  0.186020  0.245482  2.000000  
49.277076 0.018846  0.093894  -0.028494  0.971583  0.190386  -0.140641  -0.189364  0.981688  0.020738  0.142014  0.006484  0.989843  0.014671  -0.005821  0.009934  0.035622  0.194990  0.252207  2.000000  
49.278318 0.018862  0.093885  -0.028482  0.971507  0.190586  -0.140897  -0.189557  0.981649  0.020818  0.142279  0.006483  0.989805  0.014444  -0.005872  0.009830  0.035687  0.199567  0.252272  2.000000  
49.279570 0.018878  0.093877  -0.028470  0.971372  0.190988  -0.141278  -0.189946  0.981571  0.020952  0.142676  0.006483  0.989748  0.014201  -0.005931  0.009765  0.037371  0.206899  0.263675  2.000000  
49.280574 0.018891  0.093871  -0.028460  0.971277  0.191187  -0.141664  -0.190135  0.981532  0.021057  0.143073  0.006483  0.989691  0.013941  -0.006010  0.009688  0.037468  0.211404  0.263689  2.000000  
49.281818 0.018906  0.093862  -0.028448  0.971181  0.191387  -0.142049  -0.190324  0.981493  0.021163  0.143471  0.006482  0.989633  0.013731  -0.006085  0.009641  0.037536  0.220311  0.263603  2.000000  
49.282819 0.018918  0.093855  -0.028439  0.971046  0.191788  -0.142430  -0.190712  0.981415  0.021298  0.143868  0.006482  0.989576  0.013468  -0.006225  0.009558  0.038567  0.229248  0.270296  2.000000  
49.283825 0.018930  0.093848  -0.028430  0.970950  0.191988  -0.142816  -0.190901  0.981376  0.021404  0.144265  0.006481  0.989518  0.013218  -0.006342  0.009543  0.038957  0.240128  0.272451  2.000000  
49.284841 0.018941  0.093841  -0.028421  0.970873  0.192188  -0.143071  -0.191094  0.981337  0.021484  0.144530  0.006481  0.989479  0.012987  -0.006414  0.009536  0.043063  0.244492  0.272233  2.000000  
49.286072 0.018955  0.093832  -0.028410  0.970758  0.192387  -0.143586  -0.191278  0.981298  0.021616  0.145059  0.006481  0.989402  0.012733  -0.006564  0.009462  0.043206  0.253677  0.272369  2.000000  
49.287073 0.018965  0.093825  -0.028400  0.970661  0.192586  -0.143971  -0.191467  0.981259  0.021723  0.145456  0.006480  0.989343  0.012444  -0.006699  0.009465  0.042299  0.262624  0.265446  2.000000  
49.288326 0.018978  0.093815  -0.028388  0.970564  0.192786  -0.144356  -0.191656  0.981219  0.021829  0.145854  0.006480  0.989285  0.012109  -0.006858  0.009486  0.042360  0.271552  0.265311  2.000000  
49.289572 0.018990  0.093806  -0.028376  0.970448  0.192984  -0.144871  -0.191840  0.981180  0.021962  0.146383  0.006479  0.989207  0.011796  -0.006934  0.009474  0.041483  0.280500  0.258388  2.000000  
49.290575 0.019000  0.093798  -0.028366  0.970351  0.193184  -0.145256  -0.192029  0.981141  0.022069  0.146780  0.006479  0.989148  0.011532  -0.007011  0.009444  0.041554  0.289501  0.258326  2.000000  
49.291823 0.019012  0.093789  -0.028355  0.970215  0.193382  -0.145901  -0.192209  0.981102  0.022227  0.147442  0.006478  0.989050  0.011236  -0.007120  0.009443  0.040692  0.302984  0.251404  2.000000  
49.293069 0.019023  0.093779  -0.028342  0.970137  0.193378  -0.146420  -0.192194  0.981103  0.022330  0.147971  0.006478  0.988970  0.010922  -0.007220  0.009480  0.039458  0.313835  0.242449  2.000000  
49.294334 0.019034  0.093769  -0.028330  0.970000  0.193576  -0.147064  -0.192374  0.981064  0.022489  0.148633  0.006477  0.988871  0.010555  -0.007314  0.009478  0.038582  0.327141  0.235531  2.000000  
49.295570 0.019045  0.093759  -0.028316  0.969863  0.193774  -0.147708  -0.192555  0.981025  0.022648  0.149294  0.006477  0.988772  0.010270  -0.007446  0.009596  0.037707  0.340504  0.228655  2.000000  
49.296818 0.019055  0.093749  -0.028302  0.969725  0.193971  -0.148353  -0.192735  0.980986  0.022807  0.149956  0.006476  0.988672  0.009945  -0.007539  0.009721  0.037814  0.353882  0.228549  2.000000  
49.297823 0.019063  0.093742  -0.028292  0.969646  0.193968  -0.148872  -0.192719  0.980986  0.022910  0.150485  0.006475  0.988591  0.009643  -0.007616  0.009817  0.035901  0.367174  0.214870  2.000000  
49.298825 0.019071  0.093733  -0.028281  0.969508  0.194148  -0.149539  -0.192899  0.980950  0.022951  0.151146  0.006595  0.988489  0.009401  -0.007686  0.009956  0.031216  0.383667  0.209672  2.000000  
49.300072 0.019081  0.093723  -0.028267  0.969368  0.194345  -0.150183  -0.193079  0.980911  0.023111  0.151807  0.006594  0.988388  0.009081  -0.007812  0.010143  0.030326  0.392699  0.202793  2.000000  
49.301075 0.019088  0.093714  -0.028256  0.969269  0.194341  -0.150831  -0.193059  0.980912  0.023240  0.152469  0.006593  0.988286  0.008866  -0.007847  0.010298  0.029387  0.410547  0.195768  2.000000  
49.302333 0.019097  0.093704  -0.028242  0.969129  0.194538  -0.151475  -0.193238  0.980873  0.023401  0.153130  0.006593  0.988184  0.008577  -0.007915  0.010403  0.028461  0.423951  0.188802  2.000000  
49.303572 0.019106  0.093694  -0.028228  0.968968  0.194735  -0.152248  -0.193414  0.980834  0.023587  0.153923  0.006592  0.988061  0.008294  -0.007988  0.010515  0.027560  0.437469  0.181882  2.000000  
49.304819 0.019114  0.093683  -0.028213  0.968867  0.194731  -0.152896  -0.193394  0.980835  0.023716  0.154584  0.006591  0.987958  0.008123  -0.008012  0.010719  0.025387  0.447139  0.166701  2.000000  
49.305822 0.019121  0.093676  -0.028202  0.968725  0.194928  -0.153539  -0.193573  0.980795  0.023877  0.155245  0.006590  0.987854  0.007865  -0.008042  0.010834  0.025682  0.464413  0.168009  2.000000  
49.307071 0.019129  0.093666  -0.028187  0.968563  0.195125  -0.154312  -0.193748  0.980756  0.024065  0.156038  0.006590  0.987729  0.007640  -0.008049  0.010984  0.020505  0.473890  0.159754  2.000000  
49.308326 0.019137  0.093656  -0.028172  0.968400  0.195322  -0.155084  -0.193922  0.980717  0.024252  0.156831  0.006589  0.987603  0.007406  -0.008053  0.011178  0.019734  0.491155  0.154097  2.000000  
49.309570 0.019145  0.093647  -0.028157  0.968236  0.195519  -0.155857  -0.194097  0.980678  0.024440  0.157624  0.006588  0.987477  0.007207  -0.008008  0.011351  0.019832  0.504736  0.154021  2.000000  
49.310572 0.019151  0.093639  -0.028144  0.968112  0.195532  -0.156610  -0.194072  0.980676  0.024714  0.158416  0.006467  0.987351  0.007048  -0.008025  0.011447  0.022761  0.518365  0.145869  2.000000  
49.311572 0.019157  0.093632  -0.028132  0.967968  0.195730  -0.157253  -0.194250  0.980636  0.024877  0.159077  0.006467  0.987245  0.006906  -0.007980  0.011553  0.023028  0.531606  0.146993  2.000000  
49.312821 0.019165  0.093622  -0.028117  0.967781  0.195926  -0.158154  -0.194420  0.980597  0.025091  0.160002  0.006466  0.987096  0.006741  -0.007948  0.011680  0.022081  0.549630  0.140042  2.000000  
49.314071 0.019172  0.093613  -0.028100  0.967594  0.196122  -0.159055  -0.194590  0.980558  0.025306  0.160926  0.006465  0.986945  0.006561  -0.007842  0.011861  0.021994  0.562949  0.138758  2.000000  
49.315072 0.019178  0.093606  -0.028087  0.967427  0.196319  -0.159827  -0.194763  0.980519  0.025495  0.161718  0.006464  0.986816  0.006463  -0.007773  0.011945  0.022277  0.576715  0.139860  2.000000  
49.316322 0.019185  0.093597  -0.028071  0.967198  0.196716  -0.160722  -0.195132  0.980439  0.025744  0.162642  0.006463  0.986664  0.006301  -0.007652  0.012118  0.023435  0.594659  0.146543  2.000000  
49.317331 0.019190  0.093590  -0.028058  0.967029  0.196913  -0.161493  -0.195305  0.980400  0.025934  0.163434  0.006462  0.986533  0.006231  -0.007599  0.012243  0.023519  0.607990  0.146402  2.000000  
49.318572 0.019198  0.093582  -0.028041  0.966817  0.197108  -0.162523  -0.195469  0.980360  0.026176  0.164490  0.006461  0.986358  0.006136  -0.007466  0.012432  0.023645  0.626116  0.146298  2.000000  
49.319575 0.019203  0.093575  -0.028029  0.966606  0.197507  -0.163288  -0.195841  0.980280  0.026400  0.165282  0.006460  0.986225  0.006025  -0.007317  0.012497  0.024811  0.639571  0.153012  2.000000  
49.320822 0.019211  0.093568  -0.028012  0.966392  0.197702  -0.164317  -0.196005  0.980241  0.026644  0.166338  0.006459  0.986048  0.005987  -0.007190  0.012683  0.024943  0.657713  0.152910  2.000000  
49.322072 0.019218  0.093560  -0.027996  0.966136  0.198099  -0.165340  -0.196367  0.980161  0.026921  0.167393  0.006458  0.985869  0.005917  -0.007065  0.012742  0.026155  0.675626  0.159577  2.000000  
49.323072 0.019224  0.093554  -0.027983  0.965923  0.198497  -0.166105  -0.196738  0.980080  0.027147  0.168185  0.006457  0.985734  0.005934  -0.006914  0.012809  0.027361  0.684727  0.166349  2.000000  
49.324337 0.019231  0.093547  -0.027968  0.965684  0.198691  -0.167262  -0.196896  0.980041  0.027419  0.169371  0.006455  0.985531  0.005864  -0.006781  0.012804  0.028603  0.702296  0.172923  2.000000  
49.325570 0.019239  0.093539  -0.027952  0.965361  0.199289  -0.168408  -0.197452  0.979920  0.027760  0.170558  0.006454  0.985326  0.005838  -0.006670  0.012804  0.030732  0.719287  0.184972  2.000000  
49.326817 0.019246  0.093532  -0.027937  0.965078  0.199685  -0.169558  -0.197808  0.979839  0.028067  0.171745  0.006453  0.985120  0.005818  -0.006524  0.012796  0.032014  0.737174  0.191600  2.000000  
49.327823 0.019252  0.093526  -0.027925  0.964879  0.199881  -0.170456  -0.197974  0.979799  0.028288  0.172667  0.006452  0.984959  0.005834  -0.006401  0.012804  0.033267  0.750595  0.198260  2.000000  
49.329072 0.019259  0.093519  -0.027909  0.964553  0.200478  -0.171600  -0.198528  0.979677  0.028632  0.173853  0.006450  0.984750  0.005831  -0.006264  0.012770  0.039746  0.764081  0.211637  2.000000  
49.330333 0.019266  0.093512  -0.027893  0.964265  0.200874  -0.172750  -0.198882  0.979596  0.028942  0.175039  0.006449  0.984540  0.005817  -0.006132  0.012691  0.041418  0.783794  0.220048  2.000000  
