1-Time 2-Px 3-Py 4-Pz 5-R11 6-R21 7-R31 8-R12 9-R22 10-R32 11-R13 12-R23 13-R33 14-Vx 15-Vy 16-Vz 17-Wx 18-Wy 19-Wz 20-state 21-PR11 22-PR21 23-PR31 24-PR12 25-PR22 26-PR32 27-PR13 28-PR23 29-PR33 
64.669319 0.007142  0.092091  -0.025273  0.984499  0.108052  -0.138157  -0.108874  0.994054  0.001611  0.137509  0.013456  0.990409  -0.000361  0.000837  -0.000362  0.000000  0.000000  0.000000  2.000000  
64.670560 0.007141  0.092092  -0.025273  0.984480  0.108050  -0.138288  -0.108872  0.994054  0.001625  0.137642  0.013456  0.990391  -0.000352  0.000813  -0.000355  0.000000  0.000000  0.000000  2.000000  
64.671562 0.007142  0.092092  -0.025273  0.984399  0.108456  -0.138551  -0.109274  0.994010  0.001712  0.137907  0.013455  0.990354  -0.000280  0.000760  -0.000353  0.000000  0.000000  0.000000  2.000000  
64.672828 0.007143  0.092091  -0.025274  0.984258  0.109062  -0.139077  -0.109873  0.993944  0.001856  0.138437  0.013454  0.990280  -0.000220  0.000653  -0.000404  0.000000  0.000000  0.000000  2.000000  
64.674149 0.007144  0.092090  -0.025275  0.984161  0.109277  -0.139590  -0.110068  0.993922  0.002064  0.138967  0.013333  0.990207  -0.000088  0.000470  -0.000404  0.000000  0.000000  0.000000  2.000000  
64.675312 0.007146  0.092088  -0.025275  0.984042  0.109679  -0.140116  -0.110465  0.993878  0.002181  0.139497  0.013332  0.990133  0.000126  0.000316  -0.000402  0.000000  0.000000  0.000000  2.000000  
64.676315 0.007149  0.092087  -0.025275  0.983899  0.110286  -0.140641  -0.111064  0.993811  0.002327  0.140027  0.013331  0.990058  0.000321  0.000186  -0.000364  0.000000  0.000000  0.000000  2.000000  
64.677565 0.007152  0.092085  -0.025274  0.983710  0.111301  -0.141165  -0.112068  0.993697  0.002531  0.140557  0.013330  0.989983  0.000528  0.000008  -0.000270  0.000000  0.000000  0.000000  2.000000  
64.678813 0.007154  0.092084  -0.025276  0.983500  0.112315  -0.141820  -0.113070  0.993583  0.002752  0.141219  0.013329  0.989889  0.000720  -0.000176  -0.000327  0.000000  0.000000  0.000000  2.000000  
64.680063 0.007156  0.092082  -0.025280  0.983313  0.113107  -0.142489  -0.113869  0.993492  0.002825  0.141881  0.013447  0.989792  0.000907  -0.000369  -0.000575  0.024170  0.150744  0.169290  2.000000  
64.681314 0.007158  0.092082  -0.025285  0.983105  0.113915  -0.143276  -0.114665  0.993400  0.003034  0.142676  0.013446  0.989678  0.001020  -0.000462  -0.000921  0.028105  0.178026  0.196238  2.000000  
64.682559 0.007160  0.092083  -0.025291  0.982877  0.114720  -0.144194  -0.115459  0.993307  0.003260  0.143603  0.013444  0.989544  0.001185  -0.000453  -0.001285  0.032095  0.209913  0.223241  2.000000  
64.683561 0.007161  0.092083  -0.025296  0.982667  0.115510  -0.144994  -0.116255  0.993214  0.003352  0.144397  0.013562  0.989427  0.001280  -0.000542  -0.001550  0.032021  0.237361  0.250332  2.000000  
64.684562 0.007163  0.092083  -0.025301  0.982475  0.116319  -0.145649  -0.117053  0.993119  0.003550  0.145059  0.013561  0.989330  0.001427  -0.000610  -0.001880  0.035999  0.260091  0.277277  2.000000  
64.685562 0.007165  0.092081  -0.025307  0.982262  0.117126  -0.146434  -0.117848  0.993025  0.003764  0.145854  0.013560  0.989213  0.001599  -0.000705  -0.002280  0.040063  0.287656  0.304514  2.000000  
64.686563 0.007168  0.092081  -0.025312  0.982068  0.117934  -0.147088  -0.118645  0.992929  0.003964  0.146515  0.013558  0.989115  0.001765  -0.000720  -0.002595  0.044094  0.310492  0.331568  2.000000  
64.687811 0.007173  0.092080  -0.025316  0.981833  0.118757  -0.147990  -0.119437  0.992832  0.004318  0.147442  0.013436  0.988979  0.002025  -0.000723  -0.002786  0.052254  0.342198  0.358399  2.000000  
64.689063 0.007177  0.092077  -0.025317  0.981572  0.119767  -0.148905  -0.120431  0.992711  0.004583  0.148368  0.013434  0.988841  0.002205  -0.000858  -0.002870  0.057380  0.374202  0.392253  2.000000  
64.690322 0.007182  0.092072  -0.025319  0.981314  0.120570  -0.149951  -0.121219  0.992614  0.004835  0.149427  0.013432  0.988682  0.002378  -0.001053  -0.002983  0.061521  0.410268  0.418837  2.000000  
64.691558 0.007188  0.092067  -0.025319  0.981010  0.121576  -0.151127  -0.122207  0.992491  0.005137  0.150617  0.013430  0.988501  0.002570  -0.001318  -0.002961  0.066787  0.451368  0.452656  2.000000  
64.692562 0.007193  0.092063  -0.025318  0.980794  0.122176  -0.152043  -0.122795  0.992418  0.005345  0.151543  0.013428  0.988359  0.002732  -0.001495  -0.002896  0.069996  0.483080  0.472695  2.000000  
64.693808 0.007198  0.092056  -0.025316  0.980515  0.122752  -0.153366  -0.123376  0.992345  0.005483  0.152865  0.013545  0.988154  0.002938  -0.001819  -0.002705  0.069260  0.528393  0.492583  2.000000  
64.694816 0.007203  0.092051  -0.025315  0.980343  0.123132  -0.154166  -0.123764  0.992296  0.005526  0.153659  0.013663  0.988030  0.003179  -0.002119  -0.002378  0.067381  0.555442  0.505709  2.000000  
64.696061 0.007211  0.092044  -0.025314  0.980123  0.123713  -0.155095  -0.124351  0.992222  0.005617  0.154584  0.013781  0.987884  0.003547  -0.002532  -0.002003  0.066612  0.587528  0.526011  2.000000  
64.697062 0.007217  0.092039  -0.025313  0.979943  0.124317  -0.155748  -0.124944  0.992147  0.005796  0.155245  0.013780  0.987780  0.003903  -0.002998  -0.001593  0.069807  0.610096  0.546033  2.000000  
64.698063 0.007223  0.092033  -0.025312  0.979762  0.124901  -0.156414  -0.125536  0.992072  0.005856  0.155906  0.013898  0.987674  0.004221  -0.003346  -0.001185  0.068959  0.632863  0.566163  2.000000  
64.699063 0.007228  0.092028  -0.025311  0.979633  0.125096  -0.157069  -0.125724  0.992047  0.005972  0.156567  0.013896  0.987570  0.004486  -0.003692  -0.000764  0.070198  0.655716  0.572912  2.000000  
64.700316 0.007236  0.092023  -0.025308  0.979456  0.125474  -0.157868  -0.126111  0.991998  0.006018  0.157359  0.014014  0.987442  0.004820  -0.003978  -0.000112  0.067818  0.677157  0.581202  2.000000  
64.701563 0.007244  0.092017  -0.025306  0.979304  0.125648  -0.158668  -0.126297  0.991974  0.006032  0.158152  0.014132  0.987314  0.005045  -0.004277  0.000379  0.062650  0.691591  0.572094  2.000000  
64.702808 0.007251  0.092011  -0.025303  0.979152  0.125841  -0.159453  -0.126482  0.991950  0.006166  0.158945  0.014131  0.987186  0.005167  -0.004641  0.000843  0.061501  0.699633  0.560722  2.000000  
64.703808 0.007255  0.092005  -0.025300  0.979020  0.126036  -0.160106  -0.126670  0.991925  0.006283  0.159605  0.014129  0.987080  0.005243  -0.004832  0.001132  0.058754  0.708232  0.567076  2.000000  
64.704811 0.007259  0.091999  -0.025297  0.978888  0.126231  -0.160760  -0.126858  0.991900  0.006401  0.160266  0.014128  0.986973  0.005277  -0.005031  0.001451  0.058555  0.718512  0.564826  2.000000  
64.706057 0.007264  0.091991  -0.025293  0.978782  0.126222  -0.161415  -0.126844  0.991901  0.006486  0.160926  0.014126  0.986865  0.005210  -0.005211  0.001767  0.055312  0.716687  0.539642  2.000000  
64.707062 0.007267  0.091984  -0.025288  0.978696  0.126194  -0.161954  -0.126833  0.991903  0.006434  0.161454  0.014244  0.986777  0.005091  -0.005404  0.002030  0.046773  0.722272  0.509890  2.000000  
64.708070 0.007270  0.091976  -0.025283  0.978632  0.126189  -0.162346  -0.126824  0.991904  0.006485  0.161850  0.014244  0.986713  0.004962  -0.005637  0.002262  0.042820  0.717300  0.482493  2.000000  
64.709323 0.007273  0.091966  -0.025275  0.978498  0.126364  -0.163015  -0.127012  0.991880  0.006483  0.162510  0.014362  0.986602  0.004786  -0.005851  0.002675  0.040678  0.715771  0.464795  2.000000  
64.710560 0.007276  0.091957  -0.025267  0.978412  0.126336  -0.163554  -0.127001  0.991882  0.006430  0.163038  0.014480  0.986513  0.004559  -0.005962  0.003147  0.031684  0.710866  0.430864  2.000000  
64.711567 0.007278  0.091950  -0.025260  0.978325  0.126309  -0.164093  -0.126989  0.991884  0.006378  0.163566  0.014598  0.986424  0.004256  -0.006065  0.003661  0.023949  0.702782  0.407110  2.000000  
64.712817 0.007280  0.091942  -0.025250  0.978264  0.126077  -0.164633  -0.126777  0.991911  0.006292  0.164094  0.014717  0.986335  0.003908  -0.006167  0.004195  0.018928  0.688913  0.373025  2.000000  
64.714062 0.007282  0.091935  -0.025240  0.978181  0.125843  -0.165304  -0.126561  0.991939  0.006222  0.164754  0.014835  0.986223  0.003596  -0.006191  0.004713  0.009698  0.678350  0.336055  2.000000  
64.715316 0.007284  0.091928  -0.025231  0.978115  0.125817  -0.165712  -0.126553  0.991941  0.006153  0.165150  0.014953  0.986155  0.003221  -0.006294  0.005170  -0.000498  0.660923  0.298077  2.000000  
64.716560 0.007285  0.091921  -0.025224  0.978050  0.125770  -0.166135  -0.126544  0.991943  0.005963  0.165546  0.015192  0.986085  0.002764  -0.006376  0.005528  -0.012702  0.646289  0.268572  2.000000  
64.717566 0.007285  0.091916  -0.025217  0.978006  0.125746  -0.166412  -0.126539  0.991944  0.005876  0.165810  0.015310  0.986039  0.002362  -0.006438  0.005845  -0.025124  0.628662  0.243723  2.000000  
64.718815 0.007285  0.091909  -0.025211  0.978010  0.125520  -0.166559  -0.126334  0.991971  0.005739  0.165942  0.015430  0.986015  0.001975  -0.006402  0.006019  -0.035593  0.601147  0.203079  2.000000  
64.720061 0.007284  0.091902  -0.025205  0.977966  0.125475  -0.166851  -0.126329  0.991973  0.005532  0.166206  0.015668  0.985967  0.001555  -0.006367  0.006124  -0.046520  0.578070  0.181247  2.000000  
64.721062 0.007282  0.091896  -0.025201  0.977921  0.125451  -0.167128  -0.126323  0.991974  0.005445  0.166470  0.015787  0.985920  0.001196  -0.006315  0.006129  -0.054898  0.552079  0.154810  2.000000  
64.722063 0.007281  0.091890  -0.025196  0.977925  0.125224  -0.167275  -0.126119  0.992001  0.005307  0.166602  0.015906  0.985896  0.000876  -0.006254  0.006153  -0.063100  0.523772  0.127738  2.000000  
64.723311 0.007278  0.091882  -0.025191  0.977881  0.125220  -0.167537  -0.126113  0.992001  0.005341  0.166865  0.015906  0.985851  0.000517  -0.006122  0.006060  -0.063341  0.492174  0.101064  2.000000  
64.724312 0.007276  0.091877  -0.025186  0.977859  0.125198  -0.167683  -0.126110  0.992002  0.005238  0.166997  0.016025  0.985827  0.000211  -0.005922  0.005949  -0.069543  0.465346  0.087902  2.000000  
64.725564 0.007274  0.091871  -0.025181  0.977863  0.124971  -0.167830  -0.125906  0.992029  0.005100  0.167129  0.016144  0.985803  -0.000134  -0.005721  0.005669  -0.075595  0.432570  0.054936  2.000000  
64.726807 0.007274  0.091865  -0.025176  0.977841  0.124948  -0.167976  -0.125903  0.992030  0.004996  0.167261  0.016263  0.985778  -0.000318  -0.005576  0.005451  -0.078290  0.410994  0.034394  2.000000  
64.727818 0.007274  0.091861  -0.025172  0.977841  0.124928  -0.167991  -0.125903  0.992031  0.004876  0.167261  0.016383  0.985776  -0.000455  -0.005426  0.005165  -0.082252  0.386981  0.014548  2.000000  
64.729064 0.007274  0.091856  -0.025166  0.977818  0.124905  -0.168137  -0.125900  0.992031  0.004772  0.167393  0.016502  0.985752  -0.000575  -0.005258  0.004895  -0.084530  0.364485  0.001195  2.000000  
64.730324 0.007276  0.091853  -0.025162  0.977818  0.124885  -0.168152  -0.125900  0.992032  0.004652  0.167393  0.016622  0.985750  -0.000611  -0.005031  0.004571  -0.089656  0.337109  -0.005234  2.000000  
64.731562 0.007277  0.091849  -0.025158  0.977822  0.124638  -0.168314  -0.125696  0.992059  0.004394  0.167525  0.016860  0.985724  -0.000574  -0.004813  0.004355  -0.095232  0.316416  -0.018514  2.000000  
64.732562 0.007279  0.091846  -0.025155  0.977822  0.124617  -0.168329  -0.125696  0.992060  0.004273  0.167525  0.016980  0.985722  -0.000405  -0.004616  0.004151  -0.101226  0.291929  -0.025085  2.000000  
64.733815 0.007282  0.091843  -0.025152  0.977822  0.124576  -0.168359  -0.125696  0.992061  0.004033  0.167525  0.017219  0.985717  -0.000200  -0.004399  0.003920  -0.110519  0.264840  -0.031515  2.000000  
64.735063 0.007285  0.091840  -0.025149  0.977822  0.124556  -0.168374  -0.125696  0.992061  0.003912  0.167525  0.017339  0.985715  0.000118  -0.004077  0.003737  -0.115744  0.237757  -0.037924  2.000000  
64.736313 0.007289  0.091837  -0.025146  0.977844  0.124517  -0.168274  -0.125699  0.992062  0.003655  0.167393  0.017578  0.985734  0.000471  -0.003817  0.003573  -0.118876  0.213560  -0.037305  2.000000  
64.737563 0.007293  0.091834  -0.025145  0.977866  0.124499  -0.168158  -0.125702  0.992062  0.003518  0.167261  0.017698  0.985754  0.000959  -0.003437  0.003312  -0.123930  0.183814  -0.037109  2.000000  
64.738808 0.007298  0.091831  -0.025144  0.977892  0.124275  -0.168174  -0.125501  0.992088  0.003363  0.167261  0.017818  0.985752  0.001405  -0.003225  0.002949  -0.126240  0.165626  -0.050493  2.000000  
64.740061 0.007304  0.091829  -0.025144  0.977914  0.124257  -0.168058  -0.125503  0.992088  0.003225  0.167129  0.017938  0.985772  0.001977  -0.002943  0.002585  0.000000  0.000000  0.000000  2.000000  
64.741101 0.007308  0.091827  -0.025144  0.977914  0.124257  -0.168058  -0.125503  0.992088  0.003225  0.167129  0.017938  0.985772  0.002328  -0.002750  0.002284  0.000000  0.000000  0.000000  2.000000  
64.742314 0.007314  0.091824  -0.025145  0.977914  0.124236  -0.168073  -0.125503  0.992088  0.003105  0.167129  0.018057  0.985770  0.002716  -0.002550  0.001822  0.000000  0.000000  0.000000  2.000000  
64.743562 0.007320  0.091822  -0.025146  0.977914  0.124216  -0.168088  -0.125503  0.992089  0.002985  0.167129  0.018177  0.985767  0.003050  -0.002376  0.001475  0.000000  0.000000  0.000000  2.000000  
64.744566 0.007325  0.091821  -0.025147  0.977914  0.124216  -0.168088  -0.125503  0.992089  0.002985  0.167129  0.018177  0.985767  0.003328  -0.002241  0.001186  0.000000  0.000000  0.000000  2.000000  
64.745815 0.007331  0.091819  -0.025147  0.977914  0.124196  -0.168103  -0.125503  0.992089  0.002864  0.167129  0.018296  0.985765  0.003697  -0.002091  0.000883  0.000000  0.000000  0.000000  2.000000  
64.747062 0.007337  0.091818  -0.025147  0.977937  0.124178  -0.167988  -0.125506  0.992089  0.002727  0.166997  0.018416  0.985785  0.003972  -0.001952  0.000630  0.000000  0.000000  0.000000  2.000000  
64.748314 0.007344  0.091817  -0.025147  0.977937  0.124157  -0.168003  -0.125506  0.992089  0.002607  0.166997  0.018536  0.985783  0.004187  -0.001809  0.000379  0.000000  0.000000  0.000000  2.000000  
64.749325 0.007348  0.091816  -0.025147  0.977937  0.124117  -0.168033  -0.125506  0.992090  0.002366  0.166997  0.018775  0.985779  0.004371  -0.001693  0.000174  0.000000  0.000000  0.000000  2.000000  
64.750561 0.007354  0.091816  -0.025147  0.977937  0.124096  -0.168048  -0.125506  0.992090  0.002246  0.166997  0.018895  0.985776  0.004513  -0.001526  -0.000024  0.000000  0.000000  0.000000  2.000000  
64.751562 0.007359  0.091816  -0.025147  0.977937  0.124076  -0.168063  -0.125506  0.992091  0.002126  0.166997  0.019014  0.985774  0.004609  -0.001350  -0.000113  0.000000  0.000000  0.000000  2.000000  
64.752811 0.007365  0.091816  -0.025148  0.977937  0.124035  -0.168093  -0.125506  0.992091  0.001885  0.166997  0.019253  0.985769  0.004709  -0.001178  -0.000291  0.000000  0.000000  0.000000  2.000000  
64.754061 0.007370  0.091815  -0.025148  0.977937  0.124015  -0.168108  -0.125506  0.992091  0.001765  0.166997  0.019373  0.985767  0.004695  -0.001025  -0.000311  0.000000  0.000000  0.000000  2.000000  
64.755062 0.007374  0.091815  -0.025149  0.977959  0.123997  -0.167992  -0.125509  0.992091  0.001627  0.166865  0.019493  0.985787  0.004723  -0.000872  -0.000343  0.000000  0.000000  0.000000  2.000000  
64.756311 0.007379  0.091815  -0.025150  0.977959  0.123976  -0.168007  -0.125509  0.992091  0.001507  0.166865  0.019613  0.985785  0.004646  -0.000756  -0.000341  0.000000  0.000000  0.000000  2.000000  
64.757561 0.007384  0.091814  -0.025151  0.977959  0.123976  -0.168007  -0.125509  0.992091  0.001507  0.166865  0.019613  0.985785  0.004566  -0.000679  -0.000350  0.000000  0.000000  0.000000  2.000000  
64.758813 0.007388  0.091813  -0.025152  0.977933  0.124160  -0.168022  -0.125710  0.992066  0.001421  0.166865  0.019732  0.985782  0.004458  -0.000586  -0.000387  0.000000  0.000000  0.000000  2.000000  
64.760057 0.007391  0.091812  -0.025153  0.977933  0.124160  -0.168022  -0.125710  0.992066  0.001421  0.166865  0.019732  0.985782  0.004262  -0.000578  -0.000461  0.000000  0.000000  0.000000  2.000000  
64.761066 0.007394  0.091811  -0.025154  0.977911  0.124158  -0.168153  -0.125708  0.992066  0.001438  0.166997  0.019732  0.985760  0.004086  -0.000558  -0.000489  0.000000  0.000000  0.000000  2.000000  
64.762324 0.007397  0.091809  -0.025156  0.977911  0.124137  -0.168168  -0.125708  0.992066  0.001318  0.166997  0.019851  0.985757  0.003871  -0.000584  -0.000576  0.000000  0.000000  0.000000  2.000000  
64.763561 0.007400  0.091807  -0.025158  0.977911  0.124137  -0.168168  -0.125708  0.992066  0.001318  0.166997  0.019851  0.985757  0.003643  -0.000654  -0.000719  0.000000  0.000000  0.000000  2.000000  
64.764562 0.007401  0.091806  -0.025159  0.977907  0.124324  -0.168052  -0.125912  0.992041  0.001215  0.166865  0.019971  0.985777  0.003422  -0.000742  -0.000816  0.000000  0.000000  0.000000  2.000000  
64.765812 0.007403  0.091804  -0.025160  0.977907  0.124324  -0.168052  -0.125912  0.992041  0.001215  0.166865  0.019971  0.985777  0.003211  -0.000780  -0.000854  0.000000  0.000000  0.000000  2.000000  
64.767060 0.007405  0.091804  -0.025162  0.977907  0.124303  -0.168067  -0.125912  0.992041  0.001095  0.166865  0.020091  0.985775  0.002966  -0.000830  -0.000919  0.000000  0.000000  0.000000  2.000000  
64.768062 0.007407  0.091802  -0.025162  0.977907  0.124303  -0.168067  -0.125912  0.992041  0.001095  0.166865  0.020091  0.985775  0.002715  -0.000916  -0.000938  0.000000  0.000000  0.000000  2.000000  
64.769324 0.007409  0.091802  -0.025162  0.977929  0.124286  -0.167951  -0.125915  0.992041  0.000958  0.166734  0.020211  0.985795  0.002476  -0.000935  -0.000901  0.000000  0.000000  0.000000  2.000000  
64.770560 0.007410  0.091801  -0.025162  0.977903  0.124469  -0.167966  -0.126116  0.992015  0.000872  0.166734  0.020330  0.985792  0.002241  -0.000956  -0.000866  0.000000  0.000000  0.000000  2.000000  
64.771561 0.007411  0.091800  -0.025162  0.977903  0.124469  -0.167966  -0.126116  0.992015  0.000872  0.166734  0.020330  0.985792  0.002056  -0.000978  -0.000844  0.000000  0.000000  0.000000  2.000000  
64.772808 0.007412  0.091799  -0.025161  0.977903  0.124449  -0.167981  -0.126116  0.992015  0.000752  0.166734  0.020450  0.985790  0.001863  -0.000980  -0.000701  0.000000  0.000000  0.000000  2.000000  
64.773814 0.007413  0.091798  -0.025160  0.977925  0.124452  -0.167850  -0.126119  0.992015  0.000735  0.166602  0.020450  0.985812  0.001618  -0.000984  -0.000561  0.000000  0.000000  0.000000  2.000000  
64.775062 0.007413  0.091797  -0.025160  0.977925  0.124452  -0.167850  -0.126119  0.992015  0.000735  0.166602  0.020450  0.985812  0.001404  -0.000976  -0.000464  0.000000  0.000000  0.000000  2.000000  
64.776062 0.007413  0.091795  -0.025159  0.977899  0.124656  -0.167850  -0.126320  0.991989  0.000769  0.166602  0.020450  0.985812  0.001282  -0.001004  -0.000333  0.000000  0.000000  0.000000  2.000000  
64.777307 0.007413  0.091793  -0.025159  0.977921  0.124659  -0.167720  -0.126323  0.991989  0.000753  0.166470  0.020451  0.985834  0.001051  -0.001049  -0.000250  0.000000  0.000000  0.000000  2.000000  
64.778325 0.007412  0.091792  -0.025159  0.977921  0.124659  -0.167720  -0.126323  0.991989  0.000753  0.166470  0.020451  0.985834  0.000866  -0.001026  -0.000055  0.000000  0.000000  0.000000  2.000000  
64.779326 0.007412  0.091791  -0.025158  0.977944  0.124661  -0.167589  -0.126326  0.991989  0.000736  0.166338  0.020451  0.985857  0.000745  -0.001019  0.000055  0.000000  0.000000  0.000000  2.000000  
64.780561 0.007412  0.091789  -0.025158  0.977944  0.124682  -0.167574  -0.126326  0.991988  0.000856  0.166338  0.020332  0.985859  0.000614  -0.000997  0.000162  0.000000  0.000000  0.000000  2.000000  
64.781562 0.007412  0.091788  -0.025158  0.977966  0.124685  -0.167443  -0.126329  0.991988  0.000839  0.166206  0.020332  0.985881  0.000482  -0.001058  0.000263  0.000000  0.000000  0.000000  2.000000  
64.782813 0.007412  0.091787  -0.025157  0.977988  0.124687  -0.167312  -0.126331  0.991988  0.000822  0.166074  0.020333  0.985904  0.000351  -0.001026  0.000365  0.000000  0.000000  0.000000  2.000000  
64.784061 0.007413  0.091787  -0.025156  0.977984  0.124894  -0.167181  -0.126536  0.991962  0.000840  0.165942  0.020333  0.985926  0.000276  -0.001004  0.000454  0.000000  0.000000  0.000000  2.000000  
64.785315 0.007413  0.091787  -0.025155  0.978006  0.124897  -0.167050  -0.126539  0.991961  0.000823  0.165810  0.020334  0.985948  0.000207  -0.000975  0.000500  0.000000  0.000000  0.000000  2.000000  
64.786323 0.007414  0.091786  -0.025153  0.978028  0.124920  -0.166904  -0.126541  0.991961  0.000926  0.165678  0.020214  0.985973  0.000181  -0.000961  0.000583  0.000000  0.000000  0.000000  2.000000  
64.787564 0.007415  0.091786  -0.025151  0.978050  0.124922  -0.166773  -0.126544  0.991961  0.000909  0.165546  0.020215  0.985995  0.000175  -0.000904  0.000718  0.000000  0.000000  0.000000  2.000000  
64.788808 0.007416  0.091785  -0.025149  0.978072  0.124925  -0.166642  -0.126547  0.991960  0.000892  0.165414  0.020215  0.986017  0.000194  -0.000862  0.000766  0.000000  0.000000  0.000000  2.000000  
64.790058 0.007417  0.091785  -0.025146  0.978067  0.125132  -0.166511  -0.126751  0.991934  0.000910  0.165282  0.020216  0.986039  0.000230  -0.000805  0.000926  0.000000  0.000000  0.000000  2.000000  
64.791081 0.007417  0.091785  -0.025143  0.978089  0.125135  -0.166381  -0.126754  0.991934  0.000893  0.165150  0.020216  0.986061  0.000290  -0.000684  0.001066  0.000000  0.000000  0.000000  2.000000  
64.792308 0.007418  0.091785  -0.025140  0.978133  0.125160  -0.166104  -0.126760  0.991933  0.000979  0.164886  0.020098  0.986108  0.000389  -0.000574  0.001269  0.000000  0.000000  0.000000  2.000000  
64.793313 0.007419  0.091785  -0.025137  0.978155  0.125163  -0.165973  -0.126763  0.991933  0.000962  0.164754  0.020098  0.986130  0.000450  -0.000482  0.001428  0.000000  0.000000  0.000000  2.000000  
64.794329 0.007420  0.091785  -0.025135  0.978177  0.125186  -0.165827  -0.126765  0.991932  0.001065  0.164622  0.019979  0.986154  0.000555  -0.000355  0.001602  0.000000  0.000000  0.000000  2.000000  
64.795563 0.007422  0.091786  -0.025131  0.978173  0.125393  -0.165696  -0.126970  0.991906  0.001083  0.164490  0.019979  0.986176  0.000686  -0.000196  0.001776  0.000000  0.000000  0.000000  2.000000  
64.796816 0.007424  0.091787  -0.025128  0.978216  0.125418  -0.165419  -0.126975  0.991905  0.001169  0.164226  0.019861  0.986223  0.000796  -0.000008  0.001981  0.000000  0.000000  0.000000  2.000000  
64.798062 0.007426  0.091789  -0.025125  0.978234  0.125627  -0.165157  -0.127182  0.991879  0.001169  0.163962  0.019861  0.986267  0.000962  0.000149  0.002105  0.000000  0.000000  0.000000  2.000000  
64.799325 0.007429  0.091792  -0.025122  0.978277  0.125653  -0.164880  -0.127188  0.991878  0.001255  0.163698  0.019743  0.986313  0.001096  0.000361  0.002254  0.000000  0.000000  0.000000  2.000000  
64.800562 0.007432  0.091794  -0.025119  0.978320  0.125658  -0.164618  -0.127194  0.991877  0.001221  0.163434  0.019744  0.986357  0.001216  0.000511  0.002348  0.000000  0.000000  0.000000  2.000000  
64.801563 0.007434  0.091796  -0.025117  0.978316  0.125885  -0.164472  -0.127398  0.991851  0.001358  0.163302  0.019624  0.986381  0.001320  0.000647  0.002388  0.000000  0.000000  0.000000  2.000000  
64.802813 0.007437  0.091799  -0.025114  0.978381  0.125892  -0.164079  -0.127406  0.991850  0.001307  0.162906  0.019626  0.986446  0.001489  0.000879  0.002442  0.000000  0.000000  0.000000  2.000000  
64.804065 0.007440  0.091801  -0.025110  0.978398  0.126122  -0.163802  -0.127613  0.991823  0.001427  0.162642  0.019507  0.986492  0.001609  0.001090  0.002559  0.000000  0.000000  0.000000  2.000000  
64.805317 0.007443  0.091804  -0.025106  0.978441  0.126127  -0.163540  -0.127619  0.991822  0.001393  0.162378  0.019508  0.986536  0.001759  0.001251  0.002623  0.000000  0.000000  0.000000  2.000000  
64.806317 0.007446  0.091806  -0.025103  0.978458  0.126356  -0.163263  -0.127826  0.991795  0.001513  0.162114  0.019389  0.986581  0.001902  0.001449  0.002639  0.000000  0.000000  0.000000  2.000000  
64.807560 0.007450  0.091810  -0.025098  0.978496  0.126568  -0.162870  -0.128036  0.991768  0.001495  0.161718  0.019390  0.986646  0.002103  0.001659  0.002783  0.000000  0.000000  0.000000  2.000000  
64.808560 0.007453  0.091812  -0.025094  0.978539  0.126593  -0.162593  -0.128042  0.991768  0.001581  0.161454  0.019271  0.986692  0.002198  0.001838  0.002838  0.049438  -0.168368  0.057562  2.000000  
64.809564 0.007456  0.091816  -0.025090  0.978555  0.126802  -0.162330  -0.128249  0.991741  0.001580  0.161190  0.019272  0.986735  0.002356  0.002045  0.002978  0.046890  -0.174118  0.064943  2.000000  
64.810812 0.007460  0.091820  -0.025085  0.978593  0.127034  -0.161922  -0.128458  0.991713  0.001682  0.160794  0.019154  0.986802  0.002515  0.002253  0.003120  0.051654  -0.181474  0.071349  2.000000  
64.811815 0.007464  0.091824  -0.025080  0.978635  0.127058  -0.161645  -0.128464  0.991713  0.001768  0.160530  0.019035  0.986847  0.002650  0.002431  0.003200  0.056143  -0.191949  0.072101  2.000000  
64.812820 0.007467  0.091828  -0.025076  0.978651  0.127287  -0.161367  -0.128671  0.991686  0.001888  0.160266  0.018916  0.986893  0.002759  0.002603  0.003337  0.061337  -0.196322  0.079009  2.000000  
64.814062 0.007471  0.091833  -0.025071  0.978710  0.127521  -0.160828  -0.128884  0.991658  0.001972  0.159737  0.018798  0.986981  0.002883  0.002793  0.003506  0.065403  -0.209861  0.079286  2.000000  
64.815315 0.007476  0.091838  -0.025065  0.978773  0.127528  -0.160435  -0.128892  0.991657  0.001920  0.159341  0.018799  0.987045  0.003021  0.003028  0.003679  0.064836  -0.217023  0.078803  2.000000  
64.816318 0.007480  0.091843  -0.025060  0.978789  0.127757  -0.160157  -0.129099  0.991630  0.002039  0.159077  0.018680  0.987089  0.003141  0.003214  0.003843  0.065945  -0.221391  0.085650  2.000000  
64.817560 0.007485  0.091849  -0.025054  0.978847  0.127990  -0.159617  -0.129312  0.991602  0.002123  0.158549  0.018562  0.987177  0.003251  0.003424  0.004014  0.071070  -0.234629  0.092670  2.000000  
64.818564 0.007489  0.091854  -0.025049  0.978883  0.128221  -0.159208  -0.129522  0.991574  0.002224  0.158152  0.018444  0.987242  0.003360  0.003614  0.004206  0.076817  -0.245392  0.100412  2.000000  
64.819809 0.007494  0.091860  -0.025043  0.978940  0.128454  -0.158669  -0.129734  0.991546  0.002308  0.157624  0.018325  0.987329  0.003486  0.003790  0.004338  0.080874  -0.258926  0.100682  2.000000  
64.820818 0.007499  0.091865  -0.025037  0.979003  0.128481  -0.158260  -0.129743  0.991545  0.002376  0.157227  0.018207  0.987395  0.003608  0.003984  0.004493  0.084968  -0.268057  0.100895  2.000000  
64.822063 0.007504  0.091871  -0.025030  0.979059  0.128714  -0.157720  -0.129955  0.991517  0.002459  0.156699  0.018089  0.987481  0.003752  0.004226  0.004673  0.085988  -0.276759  0.107807  2.000000  
64.823312 0.007510  0.091877  -0.025022  0.979136  0.128949  -0.157049  -0.130171  0.991488  0.002525  0.156038  0.017971  0.987588  0.003871  0.004367  0.004843  0.090391  -0.292220  0.114036  2.000000  
64.824316 0.007515  0.091882  -0.025016  0.979171  0.129179  -0.156640  -0.130380  0.991461  0.002625  0.155642  0.017852  0.987652  0.004010  0.004502  0.005023  0.091500  -0.301150  0.121000  2.000000  
64.825564 0.007522  0.091889  -0.025007  0.979227  0.129431  -0.156084  -0.130593  0.991432  0.002828  0.155113  0.017614  0.987740  0.004184  0.004684  0.005266  0.100349  -0.312594  0.122121  2.000000  
64.826808 0.007529  0.091896  -0.024998  0.979255  0.129867  -0.155543  -0.131007  0.991377  0.002943  0.154584  0.017496  0.987825  0.004341  0.004798  0.005505  0.101676  -0.323172  0.134893  2.000000  
64.827814 0.007534  0.091901  -0.024990  0.979310  0.130099  -0.155003  -0.131220  0.991349  0.003025  0.154055  0.017377  0.987909  0.004429  0.004908  0.005744  0.106521  -0.334780  0.136139  2.000000  
64.829062 0.007541  0.091909  -0.024980  0.979385  0.130352  -0.154315  -0.131435  0.991320  0.003209  0.153394  0.017139  0.988016  0.004630  0.005045  0.006054  0.110720  -0.349746  0.142069  2.000000  
64.830318 0.007548  0.091916  -0.024969  0.979459  0.130586  -0.153644  -0.131650  0.991291  0.003273  0.152733  0.017021  0.988121  0.004794  0.005137  0.006400  0.116723  -0.361481  0.150220  2.000000  
64.831319 0.007554  0.091922  -0.024961  0.979533  0.130839  -0.152956  -0.131865  0.991262  0.003457  0.152072  0.016783  0.988227  0.004936  0.005225  0.006678  0.120740  -0.379485  0.150493  2.000000  
64.832562 0.007561  0.091929  -0.024949  0.979600  0.131279  -0.152153  -0.132285  0.991205  0.003534  0.151278  0.016665  0.988351  0.005093  0.005369  0.007013  0.126933  -0.392821  0.164433  2.000000  
64.833563 0.007567  0.091936  -0.024940  0.979672  0.131512  -0.151481  -0.132500  0.991176  0.003597  0.150617  0.016547  0.988454  0.005202  0.005420  0.007250  0.126840  -0.406268  0.164618  2.000000  
64.834812 0.007574  0.091944  -0.024928  0.979765  0.131766  -0.150662  -0.132718  0.991147  0.003762  0.149823  0.016309  0.988578  0.005339  0.005577  0.007685  0.135992  -0.424157  0.171745  2.000000  
64.835813 0.007580  0.091950  -0.024919  0.979829  0.132205  -0.149858  -0.133138  0.991090  0.003838  0.149030  0.016192  0.988700  0.005444  0.005649  0.007865  0.136974  -0.442019  0.178857  2.000000  
64.837060 0.007588  0.091958  -0.024906  0.979939  0.132460  -0.148907  -0.133358  0.991060  0.003984  0.148103  0.015954  0.988843  0.005597  0.005765  0.008238  0.145067  -0.464658  0.179275  2.000000  
64.838308 0.007596  0.091966  -0.024894  0.980021  0.132919  -0.147955  -0.133780  0.991002  0.004160  0.147177  0.015716  0.988985  0.005738  0.005930  0.008556  0.149921  -0.482882  0.191670  2.000000  
64.839323 0.007603  0.091973  -0.024884  0.980083  0.133357  -0.147151  -0.134200  0.990945  0.004234  0.146383  0.015598  0.989105  0.005851  0.006029  0.008801  0.154891  -0.496094  0.198651  2.000000  
64.840563 0.007611  0.091982  -0.024870  0.980182  0.133817  -0.146068  -0.134625  0.990887  0.004391  0.145324  0.015361  0.989265  0.005977  0.006181  0.009120  0.161181  -0.522642  0.207474  2.000000  
64.841808 0.007620  0.091990  -0.024856  0.980280  0.134277  -0.144984  -0.135049  0.990828  0.004547  0.144265  0.015123  0.989424  0.006097  0.006295  0.009427  0.165885  -0.544988  0.219754  2.000000  
64.842813 0.007627  0.091998  -0.024844  0.980358  0.134734  -0.144032  -0.135471  0.990770  0.004720  0.143338  0.014885  0.989562  0.006227  0.006408  0.009694  0.170843  -0.567210  0.226838  2.000000  
64.844084 0.007636  0.092006  -0.024830  0.980453  0.135192  -0.142948  -0.135896  0.990711  0.004874  0.142279  0.014647  0.989718  0.006374  0.006547  0.010023  0.177082  -0.589414  0.235622  2.000000  
64.845315 0.007645  0.092015  -0.024815  0.980557  0.135858  -0.141600  -0.136528  0.990624  0.005020  0.140954  0.014410  0.989911  0.006487  0.006611  0.010276  0.183118  -0.620962  0.249856  2.000000  
64.846321 0.007653  0.092022  -0.024802  0.980631  0.136296  -0.140663  -0.136950  0.990565  0.005070  0.140027  0.014292  0.990045  0.006604  0.006724  0.010591  0.189066  -0.638609  0.263772  2.000000  
64.847562 0.007662  0.092031  -0.024787  0.980759  0.136774  -0.139299  -0.137379  0.990504  0.005305  0.138702  0.013934  0.990236  0.006715  0.006786  0.010836  0.198077  -0.665764  0.271031  2.000000  
64.848562 0.007670  0.092039  -0.024774  0.980821  0.137417  -0.138230  -0.138006  0.990417  0.005363  0.137642  0.013816  0.990386  0.006844  0.006898  0.011102  0.198289  -0.686801  0.282736  2.000000  
64.849564 0.007678  0.092047  -0.024760  0.980909  0.137873  -0.137144  -0.138430  0.990357  0.005512  0.136582  0.013578  0.990536  0.007001  0.006992  0.011365  0.204787  -0.710352  0.292091  2.000000  
64.850813 0.007687  0.092056  -0.024744  0.981039  0.138539  -0.135532  -0.139066  0.990267  0.005614  0.134991  0.013340  0.990757  0.007143  0.007125  0.011662  0.209921  -0.744535  0.310676  2.000000  
64.852063 0.007698  0.092067  -0.024727  0.981131  0.139217  -0.134166  -0.139697  0.990177  0.005871  0.133665  0.012982  0.990942  0.007309  0.007280  0.012030  0.220534  -0.773220  0.320338  2.000000  
64.853316 0.007708  0.092078  -0.024709  0.981256  0.139881  -0.132553  -0.140334  0.990086  0.005969  0.132074  0.012744  0.991158  0.007491  0.007446  0.012376  0.226211  -0.808816  0.334407  2.000000  
64.854319 0.007716  0.092086  -0.024695  0.981343  0.140541  -0.131202  -0.140965  0.989996  0.006102  0.130747  0.012506  0.991337  0.007567  0.007547  0.012577  0.227842  -0.835490  0.348289  2.000000  
64.855563 0.007727  0.092097  -0.024677  0.981479  0.141221  -0.129440  -0.141603  0.989904  0.006297  0.129023  0.012148  0.991567  0.007724  0.007685  0.012859  0.236683  -0.873210  0.366416  2.000000  
64.856808 0.007738  0.092108  -0.024658  0.981600  0.142090  -0.127562  -0.142446  0.989782  0.006377  0.127165  0.011911  0.991810  0.007896  0.007877  0.013198  0.242232  -0.917665  0.380567  2.000000  
64.857819 0.007748  0.092118  -0.024644  0.981696  0.142749  -0.126079  -0.143079  0.989690  0.006486  0.125705  0.011672  0.991999  0.008077  0.008085  0.013444  0.245737  -0.951981  0.397583  2.000000  
64.859060 0.007760  0.092130  -0.024624  0.981809  0.143616  -0.124200  -0.143921  0.989567  0.006560  0.123846  0.011434  0.992236  0.008259  0.008243  0.013715  0.250209  -0.988738  0.415328  2.000000  
64.860314 0.007772  0.092142  -0.024605  0.981934  0.144498  -0.122172  -0.144765  0.989443  0.006732  0.121855  0.011076  0.992486  0.008417  0.008446  0.013984  0.260605  -1.033227  0.436225  2.000000  
64.861319 0.007782  0.092151  -0.024589  0.982007  0.145345  -0.120572  -0.145602  0.989320  0.006719  0.120261  0.010958  0.992682  0.008595  0.008582  0.014189  0.258847  -1.064083  0.456872  2.000000  
64.862562 0.007795  0.092163  -0.024569  0.982155  0.146227  -0.118280  -0.146451  0.989194  0.006845  0.118002  0.010599  0.992957  0.008868  0.008812  0.014559  0.270376  -1.118137  0.474977  2.000000  
64.863813 0.007807  0.092175  -0.024548  0.982235  0.147295  -0.116266  -0.147497  0.989038  0.006911  0.116009  0.010361  0.993194  0.009049  0.008965  0.014800  0.271142  -1.153045  0.498594  2.000000  
64.865063 0.007821  0.092188  -0.024527  0.982342  0.148364  -0.113989  -0.148547  0.988881  0.006932  0.113750  0.010123  0.993458  0.009326  0.009223  0.015127  0.275295  -1.202876  0.523652  2.000000  
64.866325 0.007835  0.092201  -0.024506  0.982441  0.149445  -0.111693  -0.149596  0.988722  0.007069  0.111490  0.009764  0.993718  0.009606  0.009409  0.015392  0.284552  -1.244609  0.548251  2.000000  
64.867561 0.007849  0.092216  -0.024484  0.982518  0.150716  -0.109282  -0.150850  0.988531  0.007084  0.109096  0.009525  0.993986  0.009868  0.009677  0.015743  0.286557  -1.290688  0.574705  2.000000  
64.868562 0.007861  0.092227  -0.024466  0.982608  0.151575  -0.107267  -0.151692  0.988402  0.007109  0.107101  0.009286  0.994205  0.010136  0.009882  0.016015  0.293909  -1.337170  0.593468  2.000000  
64.869563 0.007873  0.092239  -0.024449  0.982676  0.152637  -0.105119  -0.152739  0.988241  0.007132  0.104972  0.009047  0.994434  0.010309  0.010049  0.016220  0.295691  -1.382145  0.614460  2.000000  
64.870812 0.007889  0.092254  -0.024426  0.982779  0.153702  -0.102577  -0.153791  0.988078  0.007089  0.102444  0.008808  0.994700  0.010657  0.010318  0.016487  0.295687  -1.428674  0.637193  2.000000  
64.872063 0.007905  0.092269  -0.024403  0.982868  0.154983  -0.099750  -0.155049  0.987881  0.007140  0.099648  0.008448  0.994987  0.010941  0.010587  0.016802  0.303522  -1.490314  0.663563  2.000000  
64.873313 0.007921  0.092285  -0.024380  0.982916  0.156454  -0.096941  -0.156509  0.987651  0.007084  0.096852  0.008209  0.995265  0.011231  0.010824  0.017059  0.306280  -1.543598  0.698147  2.000000  
64.874323 0.007934  0.092298  -0.024361  0.982982  0.157513  -0.094528  -0.157557  0.987485  0.007044  0.094455  0.007970  0.995497  0.011486  0.011059  0.017307  0.307518  -1.592611  0.718915  2.000000  
64.875562 0.007952  0.092314  -0.024337  0.983012  0.158991  -0.091699  -0.159015  0.987251  0.007092  0.091657  0.007609  0.995762  0.011891  0.011408  0.017644  0.313504  -1.647029  0.746939  2.000000  
64.876812 0.007969  0.092331  -0.024313  0.983044  0.160457  -0.088756  -0.160474  0.987015  0.006992  0.088725  0.007370  0.996029  0.012141  0.011644  0.017859  0.315835  -1.700526  0.781562  2.000000  
64.877814 0.007983  0.092344  -0.024293  0.983098  0.161512  -0.086211  -0.161522  0.986845  0.006912  0.086193  0.007130  0.996253  0.012413  0.011861  0.018124  0.318308  -1.744344  0.796010  2.000000  
64.879063 0.008001  0.092360  -0.024268  0.983088  0.163179  -0.083135  -0.163183  0.986572  0.006791  0.083127  0.006890  0.996515  0.012796  0.012193  0.018447  0.319010  -1.809115  0.837633  2.000000  
64.880316 0.008020  0.092377  -0.024243  0.983076  0.164845  -0.079927  -0.164846  0.986297  0.006638  0.079926  0.006650  0.996779  0.013101  0.012438  0.018734  0.320634  -1.866387  0.871921  2.000000  
64.881318 0.008035  0.092391  -0.024223  0.983044  0.166303  -0.077247  -0.166297  0.986054  0.006547  0.077259  0.006409  0.996990  0.013364  0.012642  0.018918  0.321888  -1.915689  0.899619  2.000000  
64.882324 0.008050  0.092405  -0.024202  0.983014  0.167750  -0.074455  -0.167750  0.985809  0.006307  0.074457  0.006290  0.997204  0.013609  0.012813  0.019101  0.321409  -1.963617  0.927606  2.000000  
64.883561 0.008070  0.092423  -0.024177  0.982951  0.169615  -0.070984  -0.169614  0.985492  0.006094  0.070987  0.006050  0.997459  0.013906  0.013015  0.019309  0.320852  -2.032607  0.969322  2.000000  
64.884562 0.008086  0.092438  -0.024156  0.982889  0.171068  -0.068303  -0.171062  0.985242  0.005978  0.068318  0.005809  0.997647  0.014227  0.013255  0.019514  0.322413  -2.077727  1.003990  2.000000  
64.885563 0.008102  0.092452  -0.024135  0.982800  0.172723  -0.065359  -0.172715  0.984955  0.005821  0.065381  0.005568  0.997845  0.014473  0.013401  0.019760  0.321744  -2.122561  1.036798  2.000000  
64.886810 0.008123  0.092470  -0.024109  0.982696  0.174582  -0.061887  -0.174574  0.984628  0.005574  0.061909  0.005327  0.998068  0.014791  0.013573  0.019971  0.324094  -2.180800  1.073158  2.000000  
64.887811 0.008140  0.092485  -0.024088  0.982582  0.176226  -0.058965  -0.176224  0.984336  0.005276  0.058971  0.005207  0.998246  0.015062  0.013736  0.020145  0.319146  -2.225532  1.105883  2.000000  
64.889062 0.008160  0.092503  -0.024061  0.982428  0.178284  -0.055230  -0.178284  0.983966  0.004968  0.055231  0.004966  0.998461  0.015266  0.013842  0.020336  0.317579  -2.294028  1.149825  2.000000  
64.890322 0.008181  0.092521  -0.024034  0.982275  0.180342  -0.051103  -0.180346  0.983593  0.004573  0.051089  0.004724  0.998683  0.015555  0.014012  0.020556  0.317405  -2.363894  1.190521  2.000000  
64.891559 0.008202  0.092540  -0.024006  0.982052  0.182593  -0.047260  -0.182605  0.983178  0.004099  0.047213  0.004604  0.998874  0.015790  0.014168  0.020813  0.311655  -2.416838  1.229642  2.000000  
