1-Time 2-Px 3-Py 4-Pz 5-R11 6-R21 7-R31 8-R12 9-R22 10-R32 11-R13 12-R23 13-R33 14-Vx 15-Vy 16-Vz 17-Wx 18-Wy 19-Wz 20-state 21-PR11 22-PR21 23-PR31 24-PR12 25-PR22 26-PR32 27-PR13 28-PR23 29-PR33 
62.928128 0.010153  0.092273  -0.017329  0.992867  0.106918  -0.052768  -0.105457  0.993979  0.029754  0.055632  -0.023977  0.998163  0.000034  0.000074  -0.000077  0.000000  0.000000  0.000000  2.000000  
62.929130 0.010153  0.092273  -0.017329  0.992845  0.107123  -0.052762  -0.105661  0.993957  0.029765  0.055632  -0.023977  0.998163  0.000034  0.000074  -0.000077  0.000000  0.000000  0.000000  2.000000  
62.930185 0.010154  0.092271  -0.017329  0.992794  0.107535  -0.052882  -0.106069  0.993912  0.029801  0.055765  -0.023977  0.998156  0.000116  -0.000030  -0.000009  0.000000  0.000000  0.000000  2.000000  
62.931379 0.010156  0.092270  -0.017329  0.992721  0.108159  -0.052984  -0.106682  0.993842  0.029969  0.055899  -0.024098  0.998146  0.000275  -0.000143  -0.000030  0.000000  0.000000  0.000000  2.000000  
62.932386 0.010158  0.092268  -0.017330  0.992691  0.108367  -0.053110  -0.106885  0.993819  0.029994  0.056032  -0.024098  0.998138  0.000370  -0.000310  -0.000094  0.000000  0.000000  0.000000  2.000000  
62.933393 0.010161  0.092265  -0.017330  0.992662  0.108581  -0.053224  -0.107089  0.993793  0.030140  0.056166  -0.024219  0.998128  0.000549  -0.000475  -0.000096  0.000000  0.000000  0.000000  2.000000  
62.934634 0.010165  0.092263  -0.017330  0.992580  0.109208  -0.053457  -0.107700  0.993721  0.030322  0.056433  -0.024339  0.998110  0.000835  -0.000644  -0.000117  0.000000  0.000000  0.000000  2.000000  
62.935884 0.010169  0.092261  -0.017331  0.992469  0.110042  -0.053817  -0.108515  0.993626  0.030530  0.056834  -0.024460  0.998084  0.001153  -0.000786  -0.000118  0.000000  0.000000  0.000000  2.000000  
62.936887 0.010173  0.092259  -0.017331  0.992386  0.110662  -0.054064  -0.109126  0.993557  0.030592  0.057101  -0.024460  0.998069  0.001374  -0.000926  -0.000139  0.000000  0.000000  0.000000  2.000000  
62.938133 0.010177  0.092256  -0.017332  0.992258  0.111698  -0.054284  -0.110146  0.993438  0.030798  0.057368  -0.024580  0.998050  0.001672  -0.001099  -0.000200  0.000000  0.000000  0.000000  2.000000  
62.939386 0.010182  0.092254  -0.017335  0.992129  0.112734  -0.054504  -0.111166  0.993318  0.031004  0.057635  -0.024701  0.998032  0.001970  -0.001224  -0.000358  0.035035  0.062877  0.188081  2.000000  
62.940632 0.010186  0.092254  -0.017338  0.991999  0.113763  -0.054738  -0.112185  0.993201  0.031090  0.057902  -0.024701  0.998017  0.002291  -0.001272  -0.000553  0.037028  0.071033  0.222849  2.000000  
62.941632 0.010190  0.092254  -0.017338  0.991891  0.114594  -0.054964  -0.113000  0.993102  0.031286  0.058170  -0.024821  0.997998  0.002557  -0.001282  -0.000600  0.042708  0.079334  0.250690  2.000000  
62.942633 0.010195  0.092253  -0.017340  0.991782  0.115418  -0.055203  -0.113815  0.993007  0.031362  0.058437  -0.024821  0.997983  0.002866  -0.001350  -0.000706  0.044317  0.087642  0.278508  2.000000  
62.943883 0.010201  0.092252  -0.017341  0.991625  0.116658  -0.055415  -0.115038  0.992859  0.031581  0.058704  -0.024941  0.997964  0.003271  -0.001419  -0.000793  0.050804  0.095602  0.320169  2.000000  
62.945133 0.010208  0.092251  -0.017344  0.991483  0.117697  -0.055766  -0.116056  0.992733  0.031805  0.059105  -0.025062  0.997937  0.003609  -0.001371  -0.000982  0.056931  0.108225  0.355046  2.000000  
62.946134 0.010214  0.092249  -0.017345  0.991339  0.118728  -0.056131  -0.117074  0.992610  0.031909  0.059505  -0.025061  0.997913  0.003913  -0.001372  -0.001050  0.058989  0.120853  0.389871  2.000000  
62.947164 0.010219  0.092247  -0.017346  0.991226  0.119559  -0.056356  -0.117888  0.992508  0.032107  0.059772  -0.025182  0.997894  0.004161  -0.001376  -0.001055  0.064649  0.129009  0.417294  2.000000  
62.948397 0.010227  0.092243  -0.017346  0.991081  0.120598  -0.056706  -0.118906  0.992379  0.032333  0.060173  -0.025302  0.997867  0.004410  -0.001465  -0.001066  0.070841  0.141676  0.452351  2.000000  
62.949636 0.010235  0.092238  -0.017346  0.990909  0.121841  -0.057049  -0.120127  0.992224  0.032572  0.060574  -0.025423  0.997840  0.004711  -0.001663  -0.001079  0.077446  0.154161  0.494287  2.000000  
62.950887 0.010244  0.092232  -0.017348  0.990752  0.122882  -0.057530  -0.121143  0.992092  0.032816  0.061108  -0.025543  0.997804  0.005016  -0.001945  -0.001172  0.083676  0.171263  0.529286  2.000000  
62.952137 0.010253  0.092225  -0.017348  0.990603  0.123921  -0.057879  -0.122160  0.991960  0.033044  0.061509  -0.025663  0.997777  0.005318  -0.002212  -0.001137  0.089915  0.183919  0.564341  2.000000  
62.953388 0.010262  0.092217  -0.017348  0.990477  0.124755  -0.058234  -0.122972  0.991853  0.033262  0.061909  -0.025784  0.997749  0.005611  -0.002559  -0.001047  0.095689  0.196598  0.592047  2.000000  
62.954396 0.010270  0.092211  -0.017349  0.990385  0.125374  -0.058478  -0.123582  0.991774  0.033331  0.062176  -0.025783  0.997732  0.005926  -0.002943  -0.000922  0.096962  0.205011  0.612799  2.000000  
62.955634 0.010280  0.092203  -0.017351  0.990232  0.126412  -0.058826  -0.124598  0.991639  0.033561  0.062577  -0.025904  0.997704  0.006311  -0.003439  -0.000903  0.103241  0.217672  0.647893  2.000000  
62.956881 0.010290  0.092195  -0.017353  0.990112  0.127236  -0.059063  -0.125412  0.991534  0.033643  0.062844  -0.025903  0.997687  0.006528  -0.003925  -0.000948  0.105387  0.225823  0.682707  2.000000  
62.957884 0.010298  0.092188  -0.017354  0.990018  0.127862  -0.059292  -0.126021  0.991450  0.033834  0.063111  -0.026024  0.997667  0.006806  -0.004302  -0.000955  0.110786  0.234253  0.703656  2.000000  
62.958884 0.010306  0.092182  -0.017355  0.989949  0.128277  -0.059543  -0.126426  0.991397  0.033892  0.063378  -0.026023  0.997650  0.007025  -0.004725  -0.000921  0.111296  0.243080  0.710809  2.000000  
62.960135 0.010317  0.092175  -0.017356  0.989854  0.128897  -0.059787  -0.127036  0.991317  0.033963  0.063645  -0.026023  0.997633  0.007276  -0.005101  -0.000810  0.111119  0.245785  0.713125  2.000000  
62.961380 0.010327  0.092167  -0.017357  0.989767  0.129512  -0.059898  -0.127646  0.991236  0.034017  0.063779  -0.026023  0.997625  0.007460  -0.005475  -0.000738  0.107903  0.247436  0.718051  2.000000  
62.962393 0.010335  0.092160  -0.017357  0.989697  0.129927  -0.060149  -0.128051  0.991182  0.034076  0.064046  -0.026022  0.997608  0.007615  -0.005833  -0.000796  0.104319  0.251561  0.724634  2.000000  
62.963637 0.010343  0.092150  -0.017358  0.989610  0.130543  -0.060260  -0.128661  0.991101  0.034130  0.064179  -0.026022  0.997599  0.007672  -0.006163  -0.000785  0.100849  0.246957  0.731749  2.000000  
62.964880 0.010352  0.092140  -0.017357  0.989566  0.130754  -0.060518  -0.128863  0.991073  0.034177  0.064446  -0.026022  0.997582  0.007629  -0.006462  -0.000734  0.099405  0.245329  0.712187  2.000000  
62.965881 0.010358  0.092132  -0.017357  0.989504  0.131165  -0.060636  -0.129269  0.991019  0.034219  0.064580  -0.026021  0.997573  0.007604  -0.006692  -0.000595  0.095060  0.240937  0.705047  2.000000  
62.966887 0.010364  0.092122  -0.017356  0.989469  0.131373  -0.060761  -0.129472  0.990991  0.034249  0.064713  -0.026021  0.997565  0.007505  -0.006985  -0.000563  0.090651  0.238928  0.690089  2.000000  
62.968134 0.010371  0.092110  -0.017355  0.989407  0.131784  -0.060880  -0.129878  0.990937  0.034291  0.064847  -0.026021  0.997556  0.007378  -0.007235  -0.000437  0.089611  0.230584  0.669487  2.000000  
62.969137 0.010377  0.092101  -0.017354  0.989372  0.131992  -0.061005  -0.130081  0.990909  0.034321  0.064980  -0.026021  0.997547  0.007259  -0.007454  -0.000281  0.084301  0.230944  0.648414  2.000000  
62.970398 0.010383  0.092089  -0.017352  0.989328  0.132195  -0.061278  -0.130282  0.990885  0.034248  0.065247  -0.025899  0.997533  0.006966  -0.007717  -0.000034  0.078652  0.231566  0.620455  2.000000  
62.971634 0.010389  0.092077  -0.017350  0.989292  0.132403  -0.061404  -0.130485  0.990858  0.034278  0.065381  -0.025899  0.997524  0.006733  -0.007972  0.000194  0.073035  0.227873  0.593096  2.000000  
62.972634 0.010393  0.092067  -0.017349  0.989292  0.132403  -0.061404  -0.130485  0.990858  0.034278  0.065381  -0.025899  0.997524  0.006453  -0.008201  0.000343  0.071396  0.219574  0.565218  2.000000  
62.973883 0.010398  0.092055  -0.017349  0.989257  0.132603  -0.061545  -0.130687  0.990834  0.034188  0.065514  -0.025778  0.997519  0.006165  -0.008454  0.000421  0.061243  0.211467  0.530475  2.000000  
62.974891 0.010402  0.092046  -0.017348  0.989221  0.132810  -0.061670  -0.130890  0.990806  0.034219  0.065648  -0.025778  0.997510  0.005775  -0.008766  0.000516  0.055958  0.207402  0.509492  2.000000  
62.976135 0.010405  0.092034  -0.017348  0.989194  0.133014  -0.061663  -0.131093  0.990779  0.034231  0.065648  -0.025778  0.997510  0.005337  -0.009025  0.000553  0.053955  0.190407  0.474772  2.000000  
62.977385 0.010409  0.092022  -0.017348  0.989185  0.133010  -0.061812  -0.131092  0.990783  0.034129  0.065781  -0.025656  0.997504  0.004935  -0.009189  0.000620  0.043727  0.182209  0.439802  2.000000  
62.978398 0.010410  0.092013  -0.017348  0.989185  0.133010  -0.061812  -0.131092  0.990783  0.034129  0.065781  -0.025656  0.997504  0.004543  -0.009320  0.000674  0.037864  0.170974  0.408281  2.000000  
62.979635 0.010412  0.092001  -0.017348  0.989158  0.133206  -0.061821  -0.131296  0.990759  0.034021  0.065781  -0.025535  0.997507  0.004098  -0.009424  0.000646  0.027890  0.164272  0.381015  2.000000  
62.980674 0.010413  0.091991  -0.017347  0.989158  0.133206  -0.061821  -0.131296  0.990759  0.034021  0.065781  -0.025535  0.997507  0.003683  -0.009498  0.000646  0.021924  0.148334  0.348781  2.000000  
62.981884 0.010414  0.091979  -0.017346  0.989123  0.133414  -0.061946  -0.131498  0.990731  0.034051  0.065915  -0.025535  0.997498  0.003316  -0.009570  0.000706  0.016205  0.140229  0.321406  2.000000  
62.982887 0.010414  0.091969  -0.017345  0.989123  0.133414  -0.061946  -0.131498  0.990731  0.034051  0.065915  -0.025535  0.997498  0.002946  -0.009559  0.000688  0.015235  0.130484  0.304778  2.000000  
62.983890 0.010415  0.091961  -0.017343  0.989123  0.133406  -0.061962  -0.131498  0.990736  0.033931  0.065915  -0.025414  0.997502  0.002616  -0.009498  0.000686  0.005495  0.118777  0.279318  2.000000  
62.985135 0.010417  0.091950  -0.017341  0.989123  0.133406  -0.061962  -0.131498  0.990736  0.033931  0.065915  -0.025414  0.997502  0.002310  -0.009417  0.000745  -0.000318  0.109582  0.249438  2.000000  
62.986383 0.010420  0.091940  -0.017338  0.989123  0.133406  -0.061962  -0.131498  0.990736  0.033931  0.065915  -0.025414  0.997502  0.002111  -0.009272  0.000808  -0.002498  0.097897  0.216653  2.000000  
62.987387 0.010421  0.091933  -0.017336  0.989095  0.133603  -0.061972  -0.131702  0.990712  0.033824  0.065915  -0.025293  0.997505  0.001892  -0.009144  0.000906  -0.011962  0.089433  0.195700  2.000000  
62.988396 0.010424  0.091925  -0.017333  0.989095  0.133603  -0.061972  -0.131702  0.990712  0.033824  0.065915  -0.025293  0.997505  0.001783  -0.008989  0.001057  -0.012294  0.084420  0.187140  2.000000  
62.989633 0.010427  0.091916  -0.017330  0.989095  0.133603  -0.061972  -0.131702  0.990712  0.033824  0.065915  -0.025293  0.997505  0.001732  -0.008784  0.001209  0.000000  0.000000  0.000000  2.000000  
62.990887 0.010431  0.091907  -0.017328  0.989095  0.133595  -0.061988  -0.131702  0.990716  0.033704  0.065915  -0.025172  0.997508  0.001697  -0.008567  0.001398  0.000000  0.000000  0.000000  2.000000  
62.992136 0.010434  0.091899  -0.017324  0.989095  0.133595  -0.061988  -0.131702  0.990716  0.033704  0.065915  -0.025172  0.997508  0.001749  -0.008367  0.001614  0.000000  0.000000  0.000000  2.000000  
62.993380 0.010439  0.091890  -0.017322  0.989095  0.133595  -0.061988  -0.131702  0.990716  0.033704  0.065915  -0.025172  0.997508  0.001920  -0.008208  0.001730  0.000000  0.000000  0.000000  2.000000  
62.994382 0.010443  0.091883  -0.017319  0.989095  0.133595  -0.061988  -0.131702  0.990716  0.033704  0.065915  -0.025172  0.997508  0.002100  -0.008007  0.001938  0.000000  0.000000  0.000000  2.000000  
62.995384 0.010447  0.091876  -0.017317  0.989095  0.133595  -0.061988  -0.131702  0.990716  0.033704  0.065915  -0.025172  0.997508  0.002304  -0.007818  0.002028  0.000000  0.000000  0.000000  2.000000  
62.996385 0.010451  0.091869  -0.017315  0.989095  0.133595  -0.061988  -0.131702  0.990716  0.033704  0.065915  -0.025172  0.997508  0.002559  -0.007577  0.002096  0.000000  0.000000  0.000000  2.000000  
62.997632 0.010457  0.091861  -0.017313  0.989104  0.133599  -0.061839  -0.131703  0.990713  0.033806  0.065781  -0.025293  0.997513  0.002882  -0.007318  0.002120  0.000000  0.000000  0.000000  2.000000  
62.998635 0.010462  0.091855  -0.017311  0.989104  0.133599  -0.061839  -0.131703  0.990713  0.033806  0.065781  -0.025293  0.997513  0.003135  -0.007245  0.002160  0.000000  0.000000  0.000000  2.000000  
62.999889 0.010468  0.091847  -0.017309  0.989104  0.133599  -0.061839  -0.131703  0.990713  0.033806  0.065781  -0.025293  0.997513  0.003479  -0.007007  0.002147  0.000000  0.000000  0.000000  2.000000  
63.001146 0.010475  0.091840  -0.017307  0.989104  0.133607  -0.061823  -0.131703  0.990708  0.033926  0.065781  -0.025414  0.997510  0.003745  -0.006824  0.002135  0.000000  0.000000  0.000000  2.000000  
63.002396 0.010482  0.091833  -0.017303  0.989095  0.133610  -0.061955  -0.131702  0.990708  0.033944  0.065915  -0.025414  0.997502  0.004056  -0.006643  0.002155  0.000000  0.000000  0.000000  2.000000  
63.003632 0.010489  0.091826  -0.017300  0.989095  0.133618  -0.061939  -0.131702  0.990704  0.034064  0.065915  -0.025535  0.997498  0.004327  -0.006494  0.002196  0.000000  0.000000  0.000000  2.000000  
63.004633 0.010494  0.091821  -0.017298  0.989095  0.133618  -0.061939  -0.131702  0.990704  0.034064  0.065915  -0.025535  0.997498  0.004521  -0.006367  0.002183  0.000000  0.000000  0.000000  2.000000  
63.005686 0.010500  0.091815  -0.017295  0.989095  0.133618  -0.061939  -0.131702  0.990704  0.034064  0.065915  -0.025535  0.997498  0.004677  -0.006213  0.002242  0.000000  0.000000  0.000000  2.000000  
63.006887 0.010506  0.091809  -0.017291  0.989123  0.133414  -0.061946  -0.131498  0.990731  0.034051  0.065915  -0.025535  0.997498  0.004832  -0.006103  0.002246  0.000000  0.000000  0.000000  2.000000  
63.008133 0.010512  0.091802  -0.017287  0.989114  0.133417  -0.062078  -0.131497  0.990731  0.034069  0.066048  -0.025535  0.997490  0.004970  -0.005912  0.002333  0.000000  0.000000  0.000000  2.000000  
63.009385 0.010518  0.091796  -0.017284  0.989114  0.133417  -0.062078  -0.131497  0.990731  0.034069  0.066048  -0.025535  0.997490  0.005009  -0.005809  0.002400  0.000000  0.000000  0.000000  2.000000  
63.010630 0.010524  0.091789  -0.017280  0.989114  0.133417  -0.062078  -0.131497  0.990731  0.034069  0.066048  -0.025535  0.997490  0.005047  -0.005707  0.002448  0.000000  0.000000  0.000000  2.000000  
63.011885 0.010530  0.091783  -0.017278  0.989105  0.133428  -0.062195  -0.131496  0.990726  0.034207  0.066182  -0.025656  0.997478  0.005079  -0.005574  0.002463  0.000000  0.000000  0.000000  2.000000  
63.013130 0.010535  0.091776  -0.017275  0.989105  0.133428  -0.062195  -0.131496  0.990726  0.034207  0.066182  -0.025656  0.997478  0.005068  -0.005466  0.002495  0.000000  0.000000  0.000000  2.000000  
63.014137 0.010539  0.091771  -0.017273  0.989096  0.133431  -0.062327  -0.131495  0.990726  0.034224  0.066315  -0.025656  0.997469  0.004985  -0.005394  0.002500  0.000000  0.000000  0.000000  2.000000  
63.015384 0.010544  0.091763  -0.017271  0.989096  0.133439  -0.062311  -0.131495  0.990722  0.034345  0.066315  -0.025777  0.997466  0.004840  -0.005408  0.002515  0.000000  0.000000  0.000000  2.000000  
63.016386 0.010547  0.091757  -0.017269  0.989087  0.133442  -0.062443  -0.131493  0.990721  0.034362  0.066449  -0.025776  0.997457  0.004745  -0.005407  0.002494  0.000000  0.000000  0.000000  2.000000  
63.017634 0.010552  0.091750  -0.017266  0.989087  0.133442  -0.062443  -0.131493  0.990721  0.034362  0.066449  -0.025776  0.997457  0.004560  -0.005416  0.002435  0.000000  0.000000  0.000000  2.000000  
63.018637 0.010555  0.091743  -0.017265  0.989079  0.133453  -0.062559  -0.131492  0.990717  0.034500  0.066582  -0.025897  0.997445  0.004379  -0.005526  0.002361  0.000000  0.000000  0.000000  2.000000  
63.019884 0.010558  0.091735  -0.017262  0.989079  0.133453  -0.062559  -0.131492  0.990717  0.034500  0.066582  -0.025897  0.997445  0.004168  -0.005647  0.002285  0.000000  0.000000  0.000000  2.000000  
63.020884 0.010561  0.091728  -0.017261  0.989070  0.133457  -0.062691  -0.131491  0.990716  0.034517  0.066716  -0.025897  0.997436  0.003952  -0.005715  0.002211  0.000000  0.000000  0.000000  2.000000  
63.022131 0.010563  0.091719  -0.017259  0.989070  0.133457  -0.062691  -0.131491  0.990716  0.034517  0.066716  -0.025897  0.997436  0.003730  -0.005865  0.002078  0.000000  0.000000  0.000000  2.000000  
63.023133 0.010565  0.091712  -0.017258  0.989061  0.133468  -0.062807  -0.131490  0.990712  0.034655  0.066849  -0.026018  0.997424  0.003519  -0.005998  0.001983  0.000000  0.000000  0.000000  2.000000  
63.024133 0.010567  0.091706  -0.017256  0.989061  0.133468  -0.062807  -0.131490  0.990712  0.034655  0.066849  -0.026018  0.997424  0.003336  -0.006133  0.001844  0.000000  0.000000  0.000000  2.000000  
63.025387 0.010569  0.091697  -0.017255  0.989052  0.133471  -0.062940  -0.131489  0.990711  0.034673  0.066983  -0.026017  0.997415  0.003078  -0.006267  0.001716  0.000000  0.000000  0.000000  2.000000  
63.026401 0.010571  0.091691  -0.017253  0.989052  0.133471  -0.062940  -0.131489  0.990711  0.034673  0.066983  -0.026017  0.997415  0.002883  -0.006366  0.001679  0.000000  0.000000  0.000000  2.000000  
63.027632 0.010574  0.091682  -0.017251  0.989043  0.133475  -0.063072  -0.131488  0.990711  0.034690  0.067116  -0.026017  0.997406  0.002711  -0.006449  0.001716  0.000000  0.000000  0.000000  2.000000  
63.028879 0.010576  0.091673  -0.017249  0.989034  0.133478  -0.063204  -0.131486  0.990710  0.034708  0.067250  -0.026017  0.997397  0.002533  -0.006559  0.001643  0.000000  0.000000  0.000000  2.000000  
63.029886 0.010578  0.091666  -0.017247  0.989034  0.133478  -0.063204  -0.131486  0.990710  0.034708  0.067250  -0.026017  0.997397  0.002341  -0.006666  0.001597  0.000000  0.000000  0.000000  2.000000  
63.031135 0.010580  0.091658  -0.017245  0.989025  0.133482  -0.063337  -0.131485  0.990710  0.034726  0.067383  -0.026017  0.997388  0.002180  -0.006744  0.001583  0.000000  0.000000  0.000000  2.000000  
63.032385 0.010582  0.091648  -0.017244  0.989025  0.133482  -0.063337  -0.131485  0.990710  0.034726  0.067383  -0.026017  0.997388  0.002069  -0.006873  0.001520  0.000000  0.000000  0.000000  2.000000  
63.033394 0.010583  0.091640  -0.017243  0.989016  0.133485  -0.063469  -0.131484  0.990709  0.034743  0.067517  -0.026016  0.997379  0.001911  -0.006953  0.001507  0.000000  0.000000  0.000000  2.000000  
63.034399 0.010584  0.091632  -0.017242  0.989016  0.133485  -0.063469  -0.131484  0.990709  0.034743  0.067517  -0.026016  0.997379  0.001814  -0.007063  0.001439  0.000000  0.000000  0.000000  2.000000  
63.035634 0.010586  0.091623  -0.017240  0.989016  0.133485  -0.063469  -0.131484  0.990709  0.034743  0.067517  -0.026016  0.997379  0.001719  -0.007154  0.001377  0.000000  0.000000  0.000000  2.000000  
63.036886 0.010588  0.091613  -0.017240  0.989007  0.133489  -0.063601  -0.131483  0.990709  0.034761  0.067650  -0.026016  0.997370  0.001708  -0.007211  0.001326  0.000000  0.000000  0.000000  2.000000  
63.038134 0.010590  0.091603  -0.017238  0.989007  0.133489  -0.063601  -0.131483  0.990709  0.034761  0.067650  -0.026016  0.997370  0.001654  -0.007321  0.001343  0.000000  0.000000  0.000000  2.000000  
63.039383 0.010593  0.091593  -0.017237  0.988998  0.133492  -0.063733  -0.131482  0.990708  0.034778  0.067784  -0.026016  0.997361  0.001678  -0.007393  0.001278  0.000000  0.000000  0.000000  2.000000  
63.040386 0.010595  0.091586  -0.017236  0.988998  0.133492  -0.063733  -0.131482  0.990708  0.034778  0.067784  -0.026016  0.997361  0.001699  -0.007422  0.001248  0.000000  0.000000  0.000000  2.000000  
63.041387 0.010598  0.091578  -0.017235  0.988998  0.133492  -0.063733  -0.131482  0.990708  0.034778  0.067784  -0.026016  0.997361  0.001753  -0.007514  0.001199  0.000000  0.000000  0.000000  2.000000  
63.042394 0.010601  0.091571  -0.017235  0.988998  0.133492  -0.063733  -0.131482  0.990708  0.034778  0.067784  -0.026016  0.997361  0.001814  -0.007531  0.001091  0.000000  0.000000  0.000000  2.000000  
63.043635 0.010604  0.091562  -0.017234  0.988989  0.133496  -0.063866  -0.131480  0.990708  0.034796  0.067917  -0.026016  0.997352  0.001890  -0.007568  0.001053  0.000000  0.000000  0.000000  2.000000  
63.044885 0.010608  0.091553  -0.017232  0.988989  0.133496  -0.063866  -0.131480  0.990708  0.034796  0.067917  -0.026016  0.997352  0.002016  -0.007560  0.001016  0.000000  0.000000  0.000000  2.000000  
63.046129 0.010612  0.091544  -0.017230  0.988989  0.133488  -0.063882  -0.131480  0.990712  0.034676  0.067917  -0.025895  0.997355  0.002154  -0.007541  0.001020  0.000000  0.000000  0.000000  2.000000  
63.047135 0.010615  0.091537  -0.017229  0.988989  0.133488  -0.063882  -0.131480  0.990712  0.034676  0.067917  -0.025895  0.997355  0.002277  -0.007510  0.000993  0.000000  0.000000  0.000000  2.000000  
63.048399 0.010619  0.091528  -0.017228  0.988962  0.133692  -0.063875  -0.131684  0.990685  0.034689  0.067917  -0.025895  0.997355  0.002446  -0.007455  0.001016  0.000000  0.000000  0.000000  2.000000  
63.049638 0.010624  0.091519  -0.017227  0.988953  0.133695  -0.064007  -0.131683  0.990684  0.034707  0.068051  -0.025894  0.997346  0.002631  -0.007416  0.001002  0.000000  0.000000  0.000000  2.000000  
63.050885 0.010628  0.091511  -0.017225  0.988953  0.133695  -0.064007  -0.131683  0.990684  0.034707  0.068051  -0.025894  0.997346  0.002781  -0.007312  0.001007  0.000000  0.000000  0.000000  2.000000  
63.051887 0.010631  0.091504  -0.017224  0.988926  0.133899  -0.064000  -0.131886  0.990657  0.034720  0.068051  -0.025894  0.997346  0.002920  -0.007206  0.001052  0.000000  0.000000  0.000000  2.000000  
63.053134 0.010636  0.091496  -0.017222  0.988926  0.133899  -0.064000  -0.131886  0.990657  0.034720  0.068051  -0.025894  0.997346  0.003061  -0.007092  0.001078  0.000000  0.000000  0.000000  2.000000  
63.054134 0.010640  0.091490  -0.017221  0.988926  0.133899  -0.064000  -0.131886  0.990657  0.034720  0.068051  -0.025894  0.997346  0.003168  -0.006999  0.001073  0.000000  0.000000  0.000000  2.000000  
63.055381 0.010645  0.091483  -0.017219  0.988899  0.134103  -0.063993  -0.132090  0.990629  0.034733  0.068051  -0.025894  0.997346  0.003337  -0.006862  0.001119  0.000000  0.000000  0.000000  2.000000  
63.056382 0.010649  0.091476  -0.017219  0.988899  0.134103  -0.063993  -0.132090  0.990629  0.034733  0.068051  -0.025894  0.997346  0.003444  -0.006762  0.001094  0.000000  0.000000  0.000000  2.000000  
63.057637 0.010654  0.091469  -0.017217  0.988872  0.134307  -0.063986  -0.132294  0.990601  0.034746  0.068051  -0.025894  0.997346  0.003523  -0.006628  0.001159  0.000000  0.000000  0.000000  2.000000  
63.058882 0.010658  0.091462  -0.017216  0.988845  0.134511  -0.063978  -0.132497  0.990574  0.034759  0.068051  -0.025894  0.997346  0.003582  -0.006552  0.001132  0.000000  0.000000  0.000000  2.000000  
63.059885 0.010662  0.091456  -0.017215  0.988845  0.134511  -0.063978  -0.132497  0.990574  0.034759  0.068051  -0.025894  0.997346  0.003592  -0.006472  0.001134  0.000000  0.000000  0.000000  2.000000  
63.060887 0.010666  0.091450  -0.017214  0.988817  0.134715  -0.063971  -0.132701  0.990546  0.034772  0.068051  -0.025894  0.997346  0.003633  -0.006394  0.001078  0.000000  0.000000  0.000000  2.000000  
63.062131 0.010670  0.091443  -0.017213  0.988790  0.134919  -0.063964  -0.132904  0.990518  0.034786  0.068051  -0.025894  0.997346  0.003648  -0.006265  0.001112  0.000000  0.000000  0.000000  2.000000  
63.063134 0.010673  0.091437  -0.017212  0.988790  0.134919  -0.063964  -0.132904  0.990518  0.034786  0.068051  -0.025894  0.997346  0.003659  -0.006185  0.001115  0.000000  0.000000  0.000000  2.000000  
63.064137 0.010676  0.091431  -0.017211  0.988763  0.135123  -0.063957  -0.133108  0.990490  0.034799  0.068051  -0.025894  0.997346  0.003668  -0.006068  0.001128  0.000000  0.000000  0.000000  2.000000  
63.065380 0.010680  0.091424  -0.017209  0.988735  0.135327  -0.063950  -0.133311  0.990463  0.034812  0.068051  -0.025894  0.997346  0.003634  -0.006008  0.001082  0.000000  0.000000  0.000000  2.000000  
63.066401 0.010683  0.091419  -0.017208  0.988735  0.135327  -0.063950  -0.133311  0.990463  0.034812  0.068051  -0.025894  0.997346  0.003572  -0.005933  0.001051  0.000000  0.000000  0.000000  2.000000  
63.067633 0.010687  0.091412  -0.017207  0.988699  0.135534  -0.064075  -0.133514  0.990434  0.034843  0.068184  -0.025894  0.997337  0.003535  -0.005833  0.001015  0.000000  0.000000  0.000000  2.000000  
63.068636 0.010689  0.091406  -0.017206  0.988671  0.135738  -0.064068  -0.133717  0.990406  0.034856  0.068184  -0.025894  0.997337  0.003427  -0.005827  0.001033  0.000000  0.000000  0.000000  2.000000  
63.069887 0.010693  0.091399  -0.017205  0.988644  0.135942  -0.064061  -0.133921  0.990378  0.034869  0.068184  -0.025894  0.997337  0.003328  -0.005756  0.001034  0.000000  0.000000  0.000000  2.000000  
63.070887 0.010696  0.091394  -0.017203  0.988616  0.136146  -0.064053  -0.134124  0.990350  0.034882  0.068184  -0.025894  0.997337  0.003245  -0.005681  0.001084  0.000000  0.000000  0.000000  2.000000  
63.072134 0.010699  0.091387  -0.017201  0.988588  0.136349  -0.064046  -0.134328  0.990322  0.034896  0.068184  -0.025894  0.997337  0.003127  -0.005675  0.001142  0.000000  0.000000  0.000000  2.000000  
63.073134 0.010701  0.091382  -0.017200  0.988588  0.136349  -0.064046  -0.134328  0.990322  0.034896  0.068184  -0.025894  0.997337  0.003056  -0.005625  0.001134  0.000000  0.000000  0.000000  2.000000  
63.074396 0.010704  0.091375  -0.017198  0.988561  0.136553  -0.064039  -0.134531  0.990294  0.034909  0.068184  -0.025894  0.997337  0.002923  -0.005581  0.001181  0.000000  0.000000  0.000000  2.000000  
63.075632 0.010707  0.091368  -0.017197  0.988533  0.136749  -0.064048  -0.134735  0.990270  0.034802  0.068184  -0.025773  0.997340  0.002808  -0.005556  0.001192  0.000000  0.000000  0.000000  2.000000  
63.076633 0.010709  0.091363  -0.017195  0.988533  0.136749  -0.064048  -0.134735  0.990270  0.034802  0.068184  -0.025773  0.997340  0.002731  -0.005546  0.001280  0.000000  0.000000  0.000000  2.000000  
63.077883 0.010712  0.091356  -0.017193  0.988505  0.136953  -0.064041  -0.134938  0.990242  0.034815  0.068184  -0.025773  0.997340  0.002623  -0.005534  0.001267  0.000000  0.000000  0.000000  2.000000  
63.078888 0.010713  0.091350  -0.017191  0.988477  0.137157  -0.064034  -0.135142  0.990214  0.034828  0.068184  -0.025773  0.997340  0.002506  -0.005509  0.001308  0.000000  0.000000  0.000000  2.000000  
63.080135 0.010716  0.091343  -0.017189  0.988450  0.137361  -0.064027  -0.135345  0.990186  0.034841  0.068184  -0.025773  0.997340  0.002440  -0.005502  0.001357  0.000000  0.000000  0.000000  2.000000  
63.081381 0.010718  0.091336  -0.017187  0.988450  0.137361  -0.064027  -0.135345  0.990186  0.034841  0.068184  -0.025773  0.997340  0.002328  -0.005495  0.001383  0.000000  0.000000  0.000000  2.000000  
63.082381 0.010720  0.091331  -0.017186  0.988422  0.137565  -0.064020  -0.135549  0.990157  0.034855  0.068184  -0.025773  0.997340  0.002294  -0.005457  0.001450  0.000000  0.000000  0.000000  2.000000  
63.083392 0.010722  0.091325  -0.017184  0.988422  0.137565  -0.064020  -0.135549  0.990157  0.034855  0.068184  -0.025773  0.997340  0.002209  -0.005506  0.001487  0.000000  0.000000  0.000000  2.000000  
63.084634 0.010725  0.091318  -0.017182  0.988394  0.137777  -0.063996  -0.135752  0.990125  0.034988  0.068184  -0.025894  0.997337  0.002138  -0.005508  0.001573  0.000000  0.000000  0.000000  2.000000  
63.085635 0.010727  0.091312  -0.017179  0.988366  0.137980  -0.063989  -0.135956  0.990096  0.035001  0.068184  -0.025894  0.997337  0.002083  -0.005530  0.001632  0.000000  0.000000  0.000000  2.000000  
63.086886 0.010728  0.091305  -0.017176  0.988366  0.137980  -0.063989  -0.135956  0.990096  0.035001  0.068184  -0.025894  0.997337  0.002018  -0.005523  0.001680  0.000000  0.000000  0.000000  2.000000  
63.088134 0.010731  0.091298  -0.017173  0.988338  0.138184  -0.063981  -0.136159  0.990068  0.035014  0.068184  -0.025894  0.997337  0.001960  -0.005556  0.001787  0.000000  0.000000  0.000000  2.000000  
63.089386 0.010733  0.091291  -0.017171  0.988338  0.138184  -0.063981  -0.136159  0.990068  0.035014  0.068184  -0.025894  0.997337  0.001907  -0.005580  0.001846  0.000000  0.000000  0.000000  2.000000  
63.090397 0.010735  0.091286  -0.017169  0.988310  0.138388  -0.063974  -0.136363  0.990040  0.035027  0.068184  -0.025894  0.997337  0.001884  -0.005555  0.001876  0.000000  0.000000  0.000000  2.000000  
63.091632 0.010737  0.091279  -0.017166  0.988310  0.138388  -0.063974  -0.136363  0.990040  0.035027  0.068184  -0.025894  0.997337  0.001842  -0.005573  0.001893  0.000000  0.000000  0.000000  2.000000  
63.092880 0.010739  0.091272  -0.017163  0.988282  0.138592  -0.063967  -0.136566  0.990011  0.035041  0.068184  -0.025894  0.997337  0.001820  -0.005567  0.001972  0.000000  0.000000  0.000000  2.000000  
63.093880 0.010740  0.091267  -0.017161  0.988282  0.138592  -0.063967  -0.136566  0.990011  0.035041  0.068184  -0.025894  0.997337  0.001809  -0.005566  0.002012  0.000000  0.000000  0.000000  2.000000  
63.094881 0.010742  0.091261  -0.017159  0.988282  0.138592  -0.063967  -0.136566  0.990011  0.035041  0.068184  -0.025894  0.997337  0.001786  -0.005559  0.002090  0.000000  0.000000  0.000000  2.000000  
63.096133 0.010745  0.091255  -0.017156  0.988262  0.138792  -0.063828  -0.136771  0.989983  0.035035  0.068051  -0.025894  0.997346  0.001795  -0.005513  0.002148  0.000000  0.000000  0.000000  2.000000  
63.097135 0.010746  0.091249  -0.017154  0.988262  0.138792  -0.063828  -0.136771  0.989983  0.035035  0.068051  -0.025894  0.997346  0.001753  -0.005513  0.002117  0.000000  0.000000  0.000000  2.000000  
63.098399 0.010749  0.091243  -0.017151  0.988234  0.138996  -0.063820  -0.136974  0.989954  0.035049  0.068051  -0.025894  0.997346  0.001772  -0.005479  0.002177  0.000000  0.000000  0.000000  2.000000  
63.099638 0.010751  0.091236  -0.017148  0.988234  0.138996  -0.063820  -0.136974  0.989954  0.035049  0.068051  -0.025894  0.997346  0.001754  -0.005432  0.002161  0.000000  0.000000  0.000000  2.000000  
63.100887 0.010753  0.091229  -0.017147  0.988206  0.139200  -0.063813  -0.137178  0.989926  0.035062  0.068051  -0.025894  0.997346  0.001710  -0.005431  0.002130  0.000000  0.000000  0.000000  2.000000  
63.101887 0.010754  0.091224  -0.017145  0.988206  0.139200  -0.063813  -0.137178  0.989926  0.035062  0.068051  -0.025894  0.997346  0.001722  -0.005435  0.002091  0.000000  0.000000  0.000000  2.000000  
63.103131 0.010757  0.091217  -0.017142  0.988178  0.139404  -0.063806  -0.137381  0.989897  0.035075  0.068051  -0.025894  0.997346  0.001714  -0.005400  0.002075  0.000000  0.000000  0.000000  2.000000  
63.104134 0.010758  0.091213  -0.017141  0.988178  0.139404  -0.063806  -0.137381  0.989897  0.035075  0.068051  -0.025894  0.997346  0.001735  -0.005332  0.002045  0.000000  0.000000  0.000000  2.000000  
63.105386 0.010760  0.091206  -0.017139  0.988150  0.139607  -0.063799  -0.137585  0.989868  0.035088  0.068051  -0.025894  0.997346  0.001705  -0.005354  0.002019  0.000000  0.000000  0.000000  2.000000  
63.106396 0.010762  0.091201  -0.017137  0.988150  0.139607  -0.063799  -0.137585  0.989868  0.035088  0.068051  -0.025894  0.997346  0.001723  -0.005277  0.001984  0.000000  0.000000  0.000000  2.000000  
63.107634 0.010764  0.091195  -0.017135  0.988121  0.139811  -0.063792  -0.137788  0.989840  0.035101  0.068051  -0.025894  0.997346  0.001715  -0.005230  0.001927  0.000000  0.000000  0.000000  2.000000  
63.108635 0.010766  0.091190  -0.017133  0.988093  0.140015  -0.063784  -0.137992  0.989811  0.035114  0.068051  -0.025894  0.997346  0.001748  -0.005179  0.001899  0.000000  0.000000  0.000000  2.000000  
63.109885 0.010769  0.091184  -0.017132  0.988064  0.140219  -0.063777  -0.138195  0.989782  0.035127  0.068051  -0.025894  0.997346  0.001750  -0.005132  0.001801  0.000000  0.000000  0.000000  2.000000  
63.111130 0.010771  0.091178  -0.017130  0.988064  0.140219  -0.063777  -0.138195  0.989782  0.035127  0.068051  -0.025894  0.997346  0.001753  -0.005107  0.001752  0.000000  0.000000  0.000000  2.000000  
63.112387 0.010773  0.091172  -0.017127  0.988036  0.140422  -0.063770  -0.138398  0.989753  0.035141  0.068051  -0.025894  0.997346  0.001774  -0.005031  0.001714  0.000000  0.000000  0.000000  2.000000  
63.113633 0.010776  0.091167  -0.017126  0.988007  0.140634  -0.063746  -0.138602  0.989720  0.035274  0.068051  -0.026015  0.997343  0.001766  -0.004984  0.001657  0.000000  0.000000  0.000000  2.000000  
63.114881 0.010778  0.091161  -0.017124  0.987979  0.140838  -0.063738  -0.138805  0.989691  0.035287  0.068051  -0.026015  0.997343  0.001768  -0.004959  0.001609  0.000000  0.000000  0.000000  2.000000  
63.115882 0.010780  0.091156  -0.017123  0.987979  0.140838  -0.063738  -0.138805  0.989691  0.035287  0.068051  -0.026015  0.997343  0.001790  -0.004882  0.001573  0.000000  0.000000  0.000000  2.000000  
63.116887 0.010782  0.091152  -0.017121  0.987950  0.141041  -0.063731  -0.139009  0.989662  0.035300  0.068051  -0.026015  0.997343  0.001843  -0.004800  0.001603  0.000000  0.000000  0.000000  2.000000  
63.118140 0.010784  0.091146  -0.017119  0.987922  0.141245  -0.063724  -0.139212  0.989633  0.035313  0.068051  -0.026015  0.997343  0.001855  -0.004779  0.001514  0.000000  0.000000  0.000000  2.000000  
63.119382 0.010787  0.091141  -0.017117  0.987893  0.141449  -0.063716  -0.139415  0.989604  0.035326  0.068051  -0.026015  0.997343  0.001877  -0.004729  0.001529  0.000000  0.000000  0.000000  2.000000  
63.120387 0.010789  0.091136  -0.017115  0.987893  0.141449  -0.063716  -0.139415  0.989604  0.035326  0.068051  -0.026015  0.997343  0.001931  -0.004644  0.001559  0.000000  0.000000  0.000000  2.000000  
63.121633 0.010792  0.091131  -0.017113  0.987873  0.141649  -0.063577  -0.139620  0.989575  0.035321  0.067917  -0.026016  0.997352  0.001953  -0.004590  0.001571  0.000000  0.000000  0.000000  2.000000  
63.122634 0.010794  0.091127  -0.017111  0.987844  0.141853  -0.063570  -0.139823  0.989546  0.035334  0.067917  -0.026016  0.997352  0.001972  -0.004540  0.001585  0.000000  0.000000  0.000000  2.000000  
63.123888 0.010797  0.091122  -0.017109  0.987816  0.142057  -0.063562  -0.140027  0.989517  0.035347  0.067917  -0.026016  0.997352  0.002007  -0.004483  0.001555  0.000000  0.000000  0.000000  2.000000  
63.125133 0.010799  0.091117  -0.017107  0.987787  0.142260  -0.063555  -0.140230  0.989487  0.035360  0.067917  -0.026016  0.997352  0.002017  -0.004438  0.001610  0.000000  0.000000  0.000000  2.000000  
63.126133 0.010802  0.091113  -0.017105  0.987787  0.142260  -0.063555  -0.140230  0.989487  0.035360  0.067917  -0.026016  0.997352  0.002041  -0.004374  0.001619  0.000000  0.000000  0.000000  2.000000  
63.127380 0.010804  0.091107  -0.017102  0.987767  0.142461  -0.063416  -0.140435  0.989459  0.035354  0.067784  -0.026016  0.997361  0.002048  -0.004326  0.001672  0.000000  0.000000  0.000000  2.000000  
63.128396 0.010806  0.091103  -0.017100  0.987738  0.142664  -0.063409  -0.140638  0.989429  0.035367  0.067784  -0.026016  0.997361  0.002070  -0.004282  0.001731  0.000000  0.000000  0.000000  2.000000  
63.129635 0.010809  0.091099  -0.017097  0.987709  0.142868  -0.063401  -0.140842  0.989400  0.035380  0.067784  -0.026016  0.997361  0.002104  -0.004172  0.001795  0.000000  0.000000  0.000000  2.000000  
63.130883 0.010811  0.091094  -0.017095  0.987718  0.142872  -0.063252  -0.140843  0.989396  0.035481  0.067650  -0.026137  0.997367  0.002128  -0.004149  0.001860  0.000000  0.000000  0.000000  2.000000  
63.131884 0.010813  0.091090  -0.017093  0.987689  0.143076  -0.063245  -0.141046  0.989367  0.035495  0.067650  -0.026137  0.997367  0.002089  -0.004098  0.001875  0.000000  0.000000  0.000000  2.000000  
63.133141 0.010816  0.091085  -0.017090  0.987660  0.143280  -0.063237  -0.141249  0.989337  0.035508  0.067650  -0.026137  0.997367  0.002104  -0.004054  0.001980  0.000000  0.000000  0.000000  2.000000  
63.134391 0.010818  0.091081  -0.017087  0.987640  0.143480  -0.063098  -0.141454  0.989308  0.035502  0.067517  -0.026137  0.997376  0.002102  -0.003965  0.002020  0.000000  0.000000  0.000000  2.000000  
63.135634 0.010821  0.091076  -0.017084  0.987640  0.143480  -0.063098  -0.141454  0.989308  0.035502  0.067517  -0.026137  0.997376  0.002055  -0.003922  0.002076  0.000000  0.000000  0.000000  2.000000  
63.136886 0.010823  0.091072  -0.017081  0.987620  0.143680  -0.062958  -0.141659  0.989279  0.035496  0.067383  -0.026138  0.997385  0.002059  -0.003821  0.002124  0.000000  0.000000  0.000000  2.000000  
63.138135 0.010826  0.091068  -0.017078  0.987590  0.143884  -0.062951  -0.141862  0.989249  0.035509  0.067383  -0.026138  0.997385  0.002059  -0.003761  0.002216  0.000000  0.000000  0.000000  2.000000  
63.139386 0.010828  0.091064  -0.017075  0.987570  0.144084  -0.062812  -0.142067  0.989220  0.035503  0.067250  -0.026138  0.997394  0.002012  -0.003719  0.002267  0.000000  0.000000  0.000000  2.000000  
63.140634 0.010831  0.091059  -0.017071  0.987541  0.144288  -0.062804  -0.142270  0.989191  0.035516  0.067250  -0.026138  0.997394  0.002003  -0.003696  0.002316  0.000000  0.000000  0.000000  2.000000  
63.141882 0.010833  0.091055  -0.017068  0.987520  0.144488  -0.062665  -0.142474  0.989161  0.035509  0.067116  -0.026138  0.997403  0.002001  -0.003633  0.002348  0.000000  0.000000  0.000000  2.000000  
63.143136 0.010836  0.091051  -0.017065  0.987500  0.144688  -0.062526  -0.142679  0.989132  0.035503  0.066983  -0.026138  0.997412  0.002006  -0.003530  0.002403  0.000000  0.000000  0.000000  2.000000  
63.144381 0.010839  0.091048  -0.017061  0.987470  0.144899  -0.062501  -0.142882  0.989098  0.035636  0.066983  -0.026259  0.997409  0.002015  -0.003471  0.002454  0.000000  0.000000  0.000000  2.000000  
63.145635 0.010841  0.091044  -0.017058  0.987450  0.145099  -0.062361  -0.143087  0.989069  0.035630  0.066849  -0.026260  0.997417  0.002015  -0.003384  0.002495  0.000000  0.000000  0.000000  2.000000  
63.146884 0.010844  0.091040  -0.017055  0.987429  0.145299  -0.062222  -0.143292  0.989039  0.035623  0.066716  -0.026260  0.997426  0.002069  -0.003302  0.002528  0.000000  0.000000  0.000000  2.000000  
63.148130 0.010847  0.091037  -0.017052  0.987400  0.145503  -0.062215  -0.143495  0.989009  0.035636  0.066716  -0.026260  0.997426  0.002068  -0.003223  0.002509  0.000000  0.000000  0.000000  2.000000  
63.149133 0.010849  0.091034  -0.017049  0.987379  0.145703  -0.062075  -0.143699  0.988980  0.035630  0.066582  -0.026260  0.997435  0.002129  -0.003167  0.002549  0.000000  0.000000  0.000000  2.000000  
