1-Time 2-Px 3-Py 4-Pz 5-R11 6-R21 7-R31 8-R12 9-R22 10-R32 11-R13 12-R23 13-R33 14-Vx 15-Vy 16-Vz 17-Wx 18-Wy 19-Wz 20-state 21-PR11 22-PR21 23-PR31 24-PR12 25-PR22 26-PR32 27-PR13 28-PR23 29-PR33 
21.369221 0.019227  0.097082  -0.028987  0.989447  0.100284  -0.104583  -0.101799  0.994762  -0.009236  0.103109  0.019785  0.994473  0.000091  0.000060  -0.000480  0.000000  0.000000  0.000000  2.000000  
21.370240 0.019228  0.097082  -0.028987  0.989447  0.100284  -0.104583  -0.101799  0.994762  -0.009236  0.103109  0.019785  0.994473  0.000124  0.000091  -0.000464  0.000000  0.000000  0.000000  2.000000  
21.371479 0.019233  0.097084  -0.028986  0.989357  0.100893  -0.104853  -0.102407  0.994701  -0.009144  0.103375  0.019785  0.994446  0.000473  0.000177  -0.000370  0.000000  0.000000  0.000000  2.000000  
21.372480 0.019238  0.097085  -0.028985  0.989273  0.101295  -0.105254  -0.102810  0.994660  -0.009060  0.103774  0.019784  0.994404  0.000822  0.000263  -0.000275  0.000000  0.000000  0.000000  2.000000  
21.373729 0.019245  0.097086  -0.028985  0.989203  0.101699  -0.105523  -0.103215  0.994619  -0.008989  0.104041  0.019783  0.994376  0.001293  0.000317  -0.000199  0.000000  0.000000  0.000000  2.000000  
21.374972 0.019254  0.097085  -0.028985  0.989126  0.101893  -0.106054  -0.103412  0.994599  -0.008912  0.104573  0.019782  0.994320  0.001882  0.000274  -0.000247  0.000000  0.000000  0.000000  2.000000  
21.375976 0.019262  0.097086  -0.028986  0.989034  0.102502  -0.106324  -0.104020  0.994536  -0.008819  0.104839  0.019782  0.994292  0.002422  0.000320  -0.000274  0.000000  0.000000  0.000000  2.000000  
21.376978 0.019271  0.097087  -0.028988  0.988928  0.103108  -0.106726  -0.104627  0.994473  -0.008711  0.105238  0.019781  0.994250  0.003025  0.000363  -0.000360  0.000000  0.000000  0.000000  2.000000  
21.378235 0.019282  0.097087  -0.028991  0.988763  0.104108  -0.107277  -0.105639  0.994367  -0.008665  0.105770  0.019900  0.994191  0.003798  0.000371  -0.000477  0.000000  0.000000  0.000000  2.000000  
21.379476 0.019294  0.097086  -0.028994  0.988634  0.104919  -0.107681  -0.106448  0.994282  -0.008534  0.106169  0.019900  0.994149  0.004566  0.000318  -0.000655  0.000000  0.000000  0.000000  2.000000  
21.380722 0.019307  0.097088  -0.028998  0.988475  0.105725  -0.108349  -0.107255  0.994196  -0.008374  0.106835  0.019898  0.994078  0.005363  0.000454  -0.000927  0.014689  0.128420  0.174945  2.000000  
21.381724 0.019317  0.097091  -0.029004  0.988366  0.106318  -0.108763  -0.107860  0.994131  -0.008384  0.107234  0.020018  0.994032  0.006111  0.000666  -0.001284  0.012949  0.143358  0.196699  2.000000  
21.382731 0.019327  0.097094  -0.029009  0.988242  0.106921  -0.109297  -0.108465  0.994066  -0.008259  0.107766  0.020017  0.993975  0.006798  0.000812  -0.001609  0.015188  0.161717  0.216922  2.000000  
21.383979 0.019341  0.097097  -0.029017  0.988058  0.107931  -0.109967  -0.109474  0.993957  -0.008073  0.108431  0.020015  0.993902  0.007723  0.001008  -0.002016  0.019659  0.185092  0.257832  2.000000  
21.385228 0.019358  0.097101  -0.029024  0.987895  0.108736  -0.110634  -0.110279  0.993869  -0.007909  0.109096  0.020014  0.993830  0.008658  0.001235  -0.002486  0.022674  0.208035  0.284768  2.000000  
21.386241 0.019372  0.097105  -0.029031  0.987746  0.109544  -0.111169  -0.111086  0.993780  -0.007758  0.109628  0.020013  0.993771  0.009449  0.001418  -0.003068  0.025685  0.226484  0.311796  2.000000  
21.387476 0.019392  0.097109  -0.029038  0.987566  0.110333  -0.111982  -0.111890  0.993691  -0.007697  0.110426  0.020131  0.993680  0.010256  0.001639  -0.003539  0.024704  0.254141  0.338895  2.000000  
21.388481 0.019408  0.097113  -0.029042  0.987438  0.110936  -0.112515  -0.112493  0.993624  -0.007568  0.110958  0.020130  0.993621  0.011038  0.001846  -0.003872  0.027016  0.272525  0.359141  2.000000  
21.389728 0.019429  0.097116  -0.029045  0.987271  0.111740  -0.113181  -0.113298  0.993534  -0.007400  0.111623  0.020129  0.993547  0.011870  0.002054  -0.004039  0.030109  0.295551  0.386182  2.000000  
21.390972 0.019453  0.097119  -0.029048  0.987079  0.112736  -0.113863  -0.114305  0.993419  -0.007327  0.112287  0.020248  0.993469  0.012724  0.002168  -0.004088  0.029653  0.316217  0.416752  2.000000  
21.391972 0.019471  0.097119  -0.029050  0.986910  0.113527  -0.114543  -0.115109  0.993326  -0.007277  0.112952  0.020367  0.993392  0.013377  0.002181  -0.004132  0.028963  0.341993  0.447351  2.000000  
21.392978 0.019490  0.097119  -0.029052  0.986803  0.113911  -0.115088  -0.115508  0.993280  -0.007288  0.113484  0.020486  0.993329  0.014060  0.002212  -0.004142  0.026491  0.360101  0.460472  2.000000  
21.394236 0.019513  0.097118  -0.029052  0.986655  0.114497  -0.115766  -0.116109  0.993210  -0.007260  0.114149  0.020605  0.993250  0.014847  0.002173  -0.003935  0.024821  0.382935  0.480494  2.000000  
21.395476 0.019538  0.097117  -0.029054  0.986483  0.115272  -0.116460  -0.116912  0.993115  -0.007328  0.114813  0.020844  0.993168  0.015647  0.001961  -0.003749  0.019856  0.406181  0.507661  2.000000  
21.396722 0.019562  0.097116  -0.029056  0.986310  0.116062  -0.117139  -0.117716  0.993021  -0.007273  0.115478  0.020963  0.993089  0.016397  0.001660  -0.003451  0.018977  0.429245  0.534652  2.000000  
21.397724 0.019583  0.097116  -0.029058  0.986216  0.116434  -0.117566  -0.118116  0.992972  -0.007419  0.115876  0.021203  0.993037  0.017033  0.001454  -0.003273  0.012451  0.443188  0.548195  2.000000  
21.398744 0.019603  0.097115  -0.029061  0.986121  0.116820  -0.117979  -0.118517  0.992924  -0.007443  0.116275  0.021322  0.992988  0.017720  0.001249  -0.002990  0.009996  0.456625  0.561177  2.000000  
21.399977 0.019629  0.097116  -0.029063  0.986010  0.117203  -0.118524  -0.118915  0.992876  -0.007451  0.116807  0.021441  0.992923  0.018404  0.001047  -0.002643  0.007538  0.471335  0.570172  2.000000  
21.400980 0.019650  0.097117  -0.029066  0.985930  0.117592  -0.118805  -0.119317  0.992828  -0.007491  0.117072  0.021561  0.992889  0.018821  0.000876  -0.002371  0.003681  0.475315  0.574898  2.000000  
21.402238 0.019676  0.097119  -0.029069  0.985818  0.117975  -0.119350  -0.119716  0.992780  -0.007498  0.117604  0.021680  0.992824  0.019265  0.000671  -0.002100  -0.000889  0.479546  0.567684  2.000000  
21.403476 0.019701  0.097120  -0.029071  0.985747  0.118156  -0.119762  -0.119913  0.992756  -0.007546  0.118002  0.021800  0.992774  0.019560  0.000450  -0.001962  -0.004733  0.480205  0.563002  2.000000  
21.404724 0.019726  0.097120  -0.029072  0.985659  0.118334  -0.120305  -0.120108  0.992732  -0.007578  0.118534  0.021919  0.992708  0.019830  0.000275  -0.001831  -0.009273  0.484542  0.556016  2.000000  
21.405728 0.019746  0.097119  -0.029073  0.985603  0.118518  -0.120585  -0.120307  0.992707  -0.007641  0.118800  0.022038  0.992674  0.019848  0.000029  -0.001680  -0.014784  0.483802  0.546913  2.000000  
21.406976 0.019770  0.097117  -0.029072  0.985571  0.118498  -0.120863  -0.120304  0.992707  -0.007729  0.119065  0.022158  0.992639  0.019905  -0.000137  -0.001404  -0.020830  0.474966  0.522006  2.000000  
21.408228 0.019792  0.097114  -0.029070  0.985515  0.118667  -0.121157  -0.120503  0.992681  -0.007913  0.119331  0.022398  0.992602  0.019878  -0.000337  -0.001228  -0.027755  0.465656  0.494914  2.000000  
21.409229 0.019810  0.097111  -0.029067  0.985483  0.118646  -0.121435  -0.120499  0.992681  -0.008001  0.119597  0.022518  0.992567  0.019829  -0.000443  -0.000972  -0.035010  0.464366  0.471466  2.000000  
21.410472 0.019833  0.097108  -0.029062  0.985451  0.118611  -0.121727  -0.120495  0.992680  -0.008210  0.119862  0.022758  0.992530  0.019688  -0.000594  -0.000526  -0.044951  0.451258  0.447262  2.000000  
21.411474 0.019850  0.097107  -0.029057  0.985394  0.118779  -0.122021  -0.120694  0.992654  -0.008393  0.120128  0.022998  0.992492  0.019505  -0.000657  -0.000105  -0.050401  0.446587  0.433627  2.000000  
21.412474 0.019867  0.097104  -0.029053  0.985387  0.118539  -0.122312  -0.120487  0.992677  -0.008627  0.120394  0.023238  0.992454  0.019308  -0.000779  0.000300  -0.062228  0.437014  0.399696  2.000000  
21.413722 0.019889  0.097103  -0.029046  0.985355  0.118503  -0.122604  -0.120483  0.992676  -0.008836  0.120659  0.023478  0.992416  0.019099  -0.000801  0.000982  -0.073271  0.423116  0.372673  2.000000  
21.414977 0.019910  0.097103  -0.029039  0.985339  0.118456  -0.122779  -0.120481  0.992673  -0.009181  0.120792  0.023839  0.992392  0.018735  -0.000913  0.001698  -0.089906  0.403435  0.341781  2.000000  
21.415979 0.019928  0.097103  -0.029034  0.985323  0.118423  -0.122940  -0.120479  0.992671  -0.009405  0.120925  0.024079  0.992370  0.018523  -0.000935  0.002138  -0.101169  0.389509  0.314635  2.000000  
21.417231 0.019948  0.097104  -0.029026  0.985307  0.118389  -0.123100  -0.120477  0.992669  -0.009630  0.121058  0.024319  0.992348  0.018128  -0.001037  0.002852  -0.108243  0.366262  0.287395  2.000000  
21.418237 0.019964  0.097104  -0.029021  0.985307  0.118360  -0.123129  -0.120477  0.992667  -0.009871  0.121058  0.024560  0.992342  0.017780  -0.001046  0.003369  -0.118717  0.347828  0.267117  2.000000  
21.419478 0.019982  0.097103  -0.029016  0.985316  0.118107  -0.123302  -0.120272  0.992688  -0.010241  0.121191  0.024921  0.992316  0.017307  -0.001131  0.003842  -0.134892  0.329186  0.233149  2.000000  
21.420725 0.019999  0.097102  -0.029011  0.985300  0.118074  -0.123462  -0.120270  0.992686  -0.010466  0.121323  0.025161  0.992294  0.016888  -0.001125  0.004083  -0.142899  0.310424  0.199113  2.000000  
21.421974 0.020014  0.097099  -0.029007  0.985300  0.118044  -0.123491  -0.120270  0.992683  -0.010707  0.121323  0.025402  0.992288  0.016308  -0.001220  0.004274  -0.150177  0.282928  0.172235  2.000000  
21.422976 0.020026  0.097096  -0.029004  0.985300  0.118029  -0.123505  -0.120270  0.992682  -0.010827  0.121323  0.025522  0.992285  0.015871  -0.001189  0.004512  -0.150488  0.266873  0.157429  2.000000  
21.423976 0.020037  0.097093  -0.029000  0.985308  0.117791  -0.123663  -0.120066  0.992704  -0.011078  0.121456  0.025762  0.992262  0.015399  -0.001267  0.004535  -0.159066  0.250580  0.131667  2.000000  
21.425222 0.020052  0.097090  -0.028993  0.985308  0.117761  -0.123692  -0.120066  0.992701  -0.011318  0.121456  0.026003  0.992256  0.014935  -0.001290  0.004663  -0.164128  0.230121  0.110461  2.000000  
21.426240 0.020064  0.097087  -0.028988  0.985308  0.117746  -0.123706  -0.120066  0.992700  -0.011439  0.121456  0.026124  0.992253  0.014455  -0.001298  0.004696  -0.164575  0.208824  0.084350  2.000000  
21.427472 0.020079  0.097085  -0.028980  0.985292  0.117713  -0.123866  -0.120064  0.992698  -0.011664  0.121589  0.026364  0.992230  0.014110  -0.001294  0.004838  -0.169770  0.197823  0.063435  2.000000  
21.428474 0.020092  0.097084  -0.028974  0.985292  0.117683  -0.123895  -0.120064  0.992695  -0.011904  0.121589  0.026605  0.992224  0.013745  -0.001334  0.004906  -0.172934  0.181299  0.050645  2.000000  
21.429474 0.020105  0.097083  -0.028967  0.985276  0.117649  -0.124055  -0.120062  0.992692  -0.012129  0.121722  0.026845  0.992201  0.013511  -0.001334  0.004969  -0.176267  0.175091  0.043462  2.000000  
21.430474 0.020117  0.097083  -0.028960  0.985285  0.117426  -0.124199  -0.119857  0.992715  -0.012259  0.121855  0.026965  0.992182  0.013198  -0.001350  0.005102  -0.182724  0.165646  0.023224  2.000000  
21.431723 0.020134  0.097083  -0.028950  0.985285  0.117381  -0.124242  -0.119857  0.992711  -0.012620  0.121855  0.027326  0.992172  0.012885  -0.001364  0.005281  -0.192450  0.147483  0.009999  2.000000  
21.432731 0.020146  0.097084  -0.028943  0.985268  0.117347  -0.124402  -0.119855  0.992708  -0.012845  0.121987  0.027566  0.992149  0.012629  -0.001375  0.005398  -0.198918  0.139523  0.003409  2.000000  
21.433980 0.020163  0.097084  -0.028934  0.985252  0.117298  -0.124576  -0.119853  0.992704  -0.013190  0.122120  0.027927  0.992122  0.012505  -0.001301  0.005622  -0.208733  0.130190  -0.010133  2.000000  
21.435229 0.020179  0.097085  -0.028923  0.985236  0.117264  -0.124737  -0.119851  0.992701  -0.013415  0.122253  0.028167  0.992099  0.012493  -0.001192  0.006027  -0.211096  0.120221  -0.009849  2.000000  
21.436239 0.020192  0.097084  -0.028916  0.985261  0.117029  -0.124762  -0.119648  0.992722  -0.013682  0.122253  0.028407  0.992092  0.012442  -0.001087  0.006303  -0.216795  0.110955  -0.023266  2.000000  
21.437474 0.020208  0.097083  -0.028907  0.985261  0.116984  -0.124805  -0.119648  0.992717  -0.014043  0.122253  0.028769  0.992082  0.012525  -0.000940  0.006606  -0.222678  0.102878  -0.023262  2.000000  
21.438479 0.020221  0.097081  -0.028901  0.985261  0.116969  -0.124819  -0.119648  0.992715  -0.014163  0.122253  0.028889  0.992078  0.012609  -0.000832  0.006788  -0.223486  0.093693  -0.029904  2.000000  
21.439727 0.020237  0.097080  -0.028893  0.985244  0.116935  -0.124979  -0.119646  0.992712  -0.014388  0.122386  0.029129  0.992055  0.012734  -0.000730  0.006864  -0.221666  0.088462  -0.029566  2.000000  
21.440972 0.020254  0.097078  -0.028886  0.985228  0.116900  -0.125139  -0.119644  0.992709  -0.014613  0.122519  0.029369  0.992032  0.012892  -0.000646  0.006880  -0.222528  0.083826  -0.036283  2.000000  
21.441976 0.020269  0.097077  -0.028880  0.985212  0.116881  -0.125285  -0.119642  0.992708  -0.014717  0.122651  0.029489  0.992012  0.013066  -0.000545  0.006873  -0.219464  0.080201  -0.029612  2.000000  
21.443227 0.020288  0.097077  -0.028873  0.985220  0.116643  -0.125442  -0.119437  0.992729  -0.014968  0.122784  0.029729  0.991988  0.013289  -0.000465  0.006831  -0.216197  0.075499  -0.036376  2.000000  
21.444474 0.020307  0.097077  -0.028867  0.985204  0.116623  -0.125588  -0.119435  0.992728  -0.015072  0.122917  0.029849  0.991968  0.013507  -0.000413  0.006678  -0.210402  0.070420  -0.035972  2.000000  
21.445477 0.020323  0.097077  -0.028861  0.985188  0.116604  -0.125734  -0.119433  0.992726  -0.015177  0.123050  0.029969  0.991948  0.013741  -0.000371  0.006596  -0.208095  0.071004  -0.036287  2.000000  
21.446477 0.020341  0.097079  -0.028854  0.985188  0.116589  -0.125748  -0.119433  0.992724  -0.015297  0.123050  0.030089  0.991944  0.014035  -0.000325  0.006502  -0.202307  0.070402  -0.035995  2.000000  
21.447724 0.020362  0.097079  -0.028846  0.985147  0.116759  -0.125911  -0.119634  0.992697  -0.015496  0.123182  0.030329  0.991920  0.014367  -0.000332  0.006438  -0.201516  0.070596  -0.029209  2.000000  
21.448727 0.020379  0.097080  -0.028840  0.985130  0.116740  -0.126057  -0.119632  0.992696  -0.015601  0.123315  0.030449  0.991900  0.014662  -0.000313  0.006398  -0.194159  0.071355  -0.022598  2.000000  
21.449781 0.020397  0.097081  -0.028833  0.985114  0.116705  -0.126217  -0.119630  0.992692  -0.015825  0.123448  0.030689  0.991876  0.014911  -0.000271  0.006274  -0.193806  0.075706  -0.022700  2.000000  
21.450979 0.020419  0.097081  -0.028824  0.985097  0.116670  -0.126377  -0.119628  0.992689  -0.016050  0.123581  0.030929  0.991852  0.015368  -0.000225  0.006274  -0.194162  0.075839  -0.022760  2.000000  
21.451992 0.020436  0.097082  -0.028817  0.985081  0.116635  -0.126537  -0.119626  0.992686  -0.016275  0.123714  0.031169  0.991828  0.015680  -0.000086  0.006256  -0.198201  0.080314  -0.022897  2.000000  
21.453249 0.020458  0.097083  -0.028807  0.985065  0.116600  -0.126697  -0.119624  0.992682  -0.016500  0.123846  0.031410  0.991804  0.016087  0.000086  0.006350  -0.198090  0.080263  -0.022903  2.000000  
21.454476 0.020481  0.097084  -0.028798  0.985023  0.116770  -0.126861  -0.119825  0.992655  -0.016699  0.123979  0.031650  0.991780  0.016555  0.000288  0.006479  -0.196569  0.085222  -0.009342  2.000000  
21.455484 0.020500  0.097085  -0.028790  0.985007  0.116750  -0.127007  -0.119823  0.992653  -0.016803  0.124112  0.031769  0.991760  0.016861  0.000459  0.006505  -0.192444  0.089694  -0.009487  2.000000  
21.456736 0.020523  0.097087  -0.028782  0.984990  0.116715  -0.127167  -0.119821  0.992649  -0.017028  0.124245  0.032009  0.991735  0.017238  0.000693  0.006630  -0.196479  0.089673  -0.009501  2.000000  
21.457736 0.020542  0.097090  -0.028775  0.984974  0.116695  -0.127313  -0.119819  0.992648  -0.017132  0.124377  0.032129  0.991715  0.017523  0.000898  0.006742  -0.192383  0.094155  -0.009649  2.000000  
21.458979 0.020567  0.097092  -0.028768  0.984933  0.116865  -0.127476  -0.120020  0.992620  -0.017331  0.124510  0.032369  0.991690  0.017877  0.001038  0.006741  -0.191608  0.094394  -0.002812  2.000000  
21.460232 0.020592  0.097096  -0.028762  0.984916  0.116845  -0.127622  -0.120018  0.992619  -0.017435  0.124643  0.032489  0.991670  0.018189  0.001235  0.006718  -0.186649  0.094584  0.004034  2.000000  
21.461475 0.020616  0.097098  -0.028756  0.984875  0.117029  -0.127772  -0.120219  0.992593  -0.017513  0.124776  0.032609  0.991649  0.018351  0.001319  0.006587  0.000000  0.000000  0.000000  2.000000  
21.462722 0.020640  0.097101  -0.028750  0.984858  0.117010  -0.127918  -0.120217  0.992591  -0.017617  0.124908  0.032728  0.991628  0.018545  0.001480  0.006434  0.000000  0.000000  0.000000  2.000000  
21.463724 0.020659  0.097103  -0.028746  0.984817  0.117210  -0.128053  -0.120417  0.992568  -0.017575  0.125041  0.032728  0.991612  0.018651  0.001526  0.006262  0.000000  0.000000  0.000000  2.000000  
21.464724 0.020678  0.097104  -0.028742  0.984800  0.117190  -0.128199  -0.120415  0.992566  -0.017679  0.125174  0.032848  0.991591  0.018845  0.001546  0.006075  0.000000  0.000000  0.000000  2.000000  
21.465726 0.020697  0.097105  -0.028739  0.984776  0.117378  -0.128217  -0.120618  0.992540  -0.017773  0.125174  0.032968  0.991587  0.018875  0.001579  0.005719  0.000000  0.000000  0.000000  2.000000  
21.466729 0.020716  0.097105  -0.028737  0.984759  0.117359  -0.128363  -0.120616  0.992538  -0.017878  0.125307  0.033088  0.991566  0.019003  0.001588  0.005430  0.000000  0.000000  0.000000  2.000000  
21.467982 0.020740  0.097106  -0.028732  0.984717  0.117543  -0.128512  -0.120817  0.992512  -0.017955  0.125439  0.033207  0.991545  0.019093  0.001626  0.005087  0.000000  0.000000  0.000000  2.000000  
21.469228 0.020764  0.097107  -0.028728  0.984701  0.117507  -0.128672  -0.120815  0.992509  -0.018180  0.125572  0.033447  0.991521  0.019135  0.001606  0.004815  0.000000  0.000000  0.000000  2.000000  
21.470231 0.020783  0.097109  -0.028724  0.984676  0.117696  -0.128690  -0.121017  0.992482  -0.018274  0.125572  0.033568  0.991516  0.019222  0.001620  0.004576  0.000000  0.000000  0.000000  2.000000  
21.471474 0.020808  0.097112  -0.028719  0.984642  0.117671  -0.128968  -0.121013  0.992481  -0.018362  0.125838  0.033687  0.991479  0.019339  0.001660  0.004314  0.000000  0.000000  0.000000  2.000000  
21.472477 0.020828  0.097114  -0.028714  0.984617  0.117860  -0.128986  -0.121216  0.992455  -0.018456  0.125838  0.033807  0.991475  0.019392  0.001681  0.004206  0.000000  0.000000  0.000000  2.000000  
21.473729 0.020854  0.097118  -0.028709  0.984584  0.117820  -0.129278  -0.121212  0.992451  -0.018664  0.126103  0.034046  0.991433  0.019445  0.001729  0.004047  0.000000  0.000000  0.000000  2.000000  
21.474729 0.020874  0.097121  -0.028705  0.984542  0.118004  -0.129428  -0.121412  0.992425  -0.018742  0.126236  0.034166  0.991412  0.019519  0.001782  0.003938  0.000000  0.000000  0.000000  2.000000  
21.475977 0.020898  0.097124  -0.028701  0.984526  0.117984  -0.129574  -0.121410  0.992423  -0.018846  0.126369  0.034286  0.991391  0.019497  0.001739  0.003735  0.000000  0.000000  0.000000  2.000000  
21.477227 0.020923  0.097127  -0.028698  0.984484  0.118168  -0.129724  -0.121611  0.992397  -0.018923  0.126501  0.034405  0.991370  0.019481  0.001790  0.003632  0.000000  0.000000  0.000000  2.000000  
21.478230 0.020942  0.097129  -0.028695  0.984467  0.118147  -0.129870  -0.121609  0.992396  -0.019027  0.126634  0.034525  0.991349  0.019521  0.001819  0.003545  0.000000  0.000000  0.000000  2.000000  
21.479472 0.020966  0.097131  -0.028692  0.984450  0.118127  -0.130016  -0.121607  0.992394  -0.019131  0.126767  0.034645  0.991327  0.019478  0.001866  0.003435  0.000000  0.000000  0.000000  2.000000  
21.480477 0.020984  0.097133  -0.028690  0.984450  0.118111  -0.130030  -0.121607  0.992392  -0.019252  0.126767  0.034765  0.991323  0.019466  0.001864  0.003365  0.000000  0.000000  0.000000  2.000000  
21.481722 0.021008  0.097134  -0.028688  0.984408  0.118295  -0.130180  -0.121807  0.992366  -0.019329  0.126899  0.034885  0.991302  0.019436  0.001914  0.003259  0.000000  0.000000  0.000000  2.000000  
21.482730 0.021026  0.097135  -0.028686  0.984391  0.118290  -0.130311  -0.121805  0.992366  -0.019313  0.127032  0.034884  0.991285  0.019430  0.001944  0.003134  0.000000  0.000000  0.000000  2.000000  
21.483980 0.021050  0.097137  -0.028684  0.984374  0.118270  -0.130457  -0.121803  0.992364  -0.019417  0.127165  0.035004  0.991264  0.019423  0.001994  0.002983  0.000000  0.000000  0.000000  2.000000  
21.485229 0.021074  0.097139  -0.028683  0.984358  0.118249  -0.130603  -0.121801  0.992363  -0.019521  0.127298  0.035123  0.991242  0.019384  0.001971  0.002732  0.000000  0.000000  0.000000  2.000000  
21.486240 0.021093  0.097141  -0.028682  0.984358  0.118234  -0.130618  -0.121801  0.992360  -0.019641  0.127298  0.035243  0.991238  0.019303  0.001937  0.002502  0.000000  0.000000  0.000000  2.000000  
21.487474 0.021118  0.097144  -0.028679  0.984341  0.118229  -0.130749  -0.121799  0.992361  -0.019625  0.127430  0.035243  0.991221  0.019307  0.001949  0.002329  0.000000  0.000000  0.000000  2.000000  
21.488478 0.021138  0.097146  -0.028677  0.984324  0.118208  -0.130895  -0.121797  0.992359  -0.019729  0.127563  0.035362  0.991200  0.019251  0.001890  0.002148  0.000000  0.000000  0.000000  2.000000  
21.489725 0.021163  0.097148  -0.028675  0.984307  0.118188  -0.131041  -0.121795  0.992357  -0.019833  0.127696  0.035482  0.991179  0.019270  0.001815  0.002049  0.000000  0.000000  0.000000  2.000000  
21.490979 0.021187  0.097151  -0.028671  0.984273  0.118162  -0.131319  -0.121791  0.992356  -0.019921  0.127961  0.035601  0.991140  0.019271  0.001820  0.002004  0.000000  0.000000  0.000000  2.000000  
21.492230 0.021211  0.097153  -0.028668  0.984256  0.118158  -0.131450  -0.121789  0.992356  -0.019905  0.128094  0.035600  0.991123  0.019236  0.001757  0.001989  0.000000  0.000000  0.000000  2.000000  
21.493475 0.021235  0.097156  -0.028663  0.984239  0.118137  -0.131596  -0.121786  0.992355  -0.020009  0.128227  0.035720  0.991101  0.019240  0.001758  0.002132  0.000000  0.000000  0.000000  2.000000  
21.494724 0.021259  0.097158  -0.028658  0.984222  0.118116  -0.131742  -0.121784  0.992353  -0.020113  0.128359  0.035840  0.991080  0.019220  0.001740  0.002232  0.000000  0.000000  0.000000  2.000000  
21.495972 0.021282  0.097160  -0.028653  0.984205  0.118096  -0.131888  -0.121782  0.992351  -0.020217  0.128492  0.035959  0.991058  0.019208  0.001770  0.002363  0.000000  0.000000  0.000000  2.000000  
21.496977 0.021301  0.097162  -0.028649  0.984188  0.118075  -0.132034  -0.121780  0.992349  -0.020321  0.128625  0.036079  0.991037  0.019244  0.001847  0.002554  0.000000  0.000000  0.000000  2.000000  
21.498236 0.021323  0.097164  -0.028644  0.984171  0.118054  -0.132180  -0.121778  0.992347  -0.020425  0.128757  0.036198  0.991015  0.019184  0.001947  0.002789  0.000000  0.000000  0.000000  2.000000  
21.499480 0.021346  0.097168  -0.028640  0.984153  0.118049  -0.132312  -0.121776  0.992348  -0.020409  0.128890  0.036198  0.990998  0.019100  0.001988  0.002934  0.000000  0.000000  0.000000  2.000000  
21.500736 0.021369  0.097172  -0.028636  0.984136  0.118028  -0.132458  -0.121774  0.992346  -0.020513  0.129023  0.036317  0.990976  0.019045  0.002120  0.003163  0.000000  0.000000  0.000000  2.000000  
21.501976 0.021392  0.097176  -0.028630  0.984119  0.118023  -0.132589  -0.121772  0.992346  -0.020497  0.129155  0.036317  0.990959  0.018929  0.002224  0.003338  0.000000  0.000000  0.000000  2.000000  
21.503229 0.021415  0.097180  -0.028626  0.984102  0.118003  -0.132735  -0.121770  0.992345  -0.020601  0.129288  0.036436  0.990937  0.018779  0.002294  0.003441  0.000000  0.000000  0.000000  2.000000  
21.504476 0.021438  0.097184  -0.028621  0.984060  0.118202  -0.132871  -0.121970  0.992321  -0.020557  0.129421  0.036436  0.990920  0.018653  0.002397  0.003615  0.000000  0.000000  0.000000  2.000000  
21.505476 0.021455  0.097186  -0.028617  0.984043  0.118197  -0.133002  -0.121968  0.992321  -0.020541  0.129553  0.036435  0.990903  0.018510  0.002436  0.003725  0.000000  0.000000  0.000000  2.000000  
21.506479 0.021473  0.097189  -0.028613  0.984043  0.118181  -0.133017  -0.121968  0.992319  -0.020661  0.129553  0.036555  0.990898  0.018406  0.002506  0.003860  0.000000  0.000000  0.000000  2.000000  
21.507723 0.021494  0.097193  -0.028607  0.984025  0.118176  -0.133148  -0.121966  0.992320  -0.020645  0.129686  0.036555  0.990881  0.018194  0.002557  0.003917  0.000000  0.000000  0.000000  2.000000  
21.508724 0.021511  0.097195  -0.028602  0.983983  0.118376  -0.133284  -0.122166  0.992296  -0.020601  0.129819  0.036554  0.990864  0.018102  0.002583  0.004006  0.000000  0.000000  0.000000  2.000000  
21.509726 0.021528  0.097197  -0.028596  0.983966  0.118355  -0.133430  -0.122164  0.992294  -0.020705  0.129951  0.036674  0.990842  0.017957  0.002622  0.004115  0.000000  0.000000  0.000000  2.000000  
21.510727 0.021545  0.097199  -0.028591  0.983966  0.118355  -0.133430  -0.122164  0.992294  -0.020705  0.129951  0.036674  0.990842  0.017825  0.002659  0.004180  0.000000  0.000000  0.000000  2.000000  
21.511972 0.021565  0.097202  -0.028584  0.983923  0.118554  -0.133566  -0.122364  0.992270  -0.020661  0.130084  0.036673  0.990825  0.017641  0.002656  0.004339  0.000000  0.000000  0.000000  2.000000  
21.512972 0.021581  0.097204  -0.028579  0.983906  0.118533  -0.133712  -0.122362  0.992268  -0.020765  0.130217  0.036792  0.990803  0.017505  0.002657  0.004458  0.000000  0.000000  0.000000  2.000000  
21.514235 0.021602  0.097207  -0.028571  0.983864  0.118732  -0.133848  -0.122563  0.992244  -0.020721  0.130349  0.036792  0.990785  0.017335  0.002672  0.004709  0.000000  0.000000  0.000000  2.000000  
21.515478 0.021623  0.097212  -0.028562  0.983821  0.118915  -0.133998  -0.122763  0.992218  -0.020798  0.130482  0.036911  0.990763  0.017181  0.002726  0.005008  0.000000  0.000000  0.000000  2.000000  
21.516730 0.021643  0.097216  -0.028553  0.983804  0.118911  -0.134129  -0.122761  0.992219  -0.020781  0.130615  0.036911  0.990746  0.016974  0.002743  0.005227  0.000000  0.000000  0.000000  2.000000  
21.517982 0.021662  0.097220  -0.028545  0.983744  0.119105  -0.134397  -0.122959  0.992195  -0.020721  0.130880  0.036909  0.990711  0.016772  0.002764  0.005497  0.000000  0.000000  0.000000  2.000000  
21.519229 0.021681  0.097225  -0.028537  0.983701  0.119304  -0.134533  -0.123159  0.992171  -0.020677  0.131013  0.036909  0.990693  0.016524  0.002785  0.005733  0.000000  0.000000  0.000000  2.000000  
21.520231 0.021696  0.097228  -0.028530  0.983683  0.119299  -0.134664  -0.123157  0.992172  -0.020660  0.131145  0.036908  0.990676  0.016362  0.002776  0.005820  0.000000  0.000000  0.000000  2.000000  
21.521232 0.021711  0.097231  -0.028525  0.983658  0.119487  -0.134683  -0.123360  0.992145  -0.020753  0.131145  0.037028  0.990671  0.016150  0.002790  0.005921  0.000000  0.000000  0.000000  2.000000  
21.522238 0.021725  0.097233  -0.028518  0.983615  0.119687  -0.134819  -0.123560  0.992121  -0.020709  0.131278  0.037028  0.990654  0.015930  0.002821  0.006090  0.000000  0.000000  0.000000  2.000000  
21.523476 0.021742  0.097236  -0.028511  0.983598  0.119682  -0.134950  -0.123558  0.992122  -0.020692  0.131411  0.037027  0.990636  0.015623  0.002810  0.006228  0.000000  0.000000  0.000000  2.000000  
21.524725 0.021759  0.097239  -0.028503  0.983555  0.119881  -0.135086  -0.123758  0.992098  -0.020648  0.131543  0.037026  0.990619  0.015397  0.002770  0.006250  0.000000  0.000000  0.000000  2.000000  
21.525726 0.021772  0.097240  -0.028496  0.983512  0.120080  -0.135222  -0.123958  0.992073  -0.020603  0.131676  0.037026  0.990601  0.015190  0.002753  0.006356  0.000000  0.000000  0.000000  2.000000  
21.526726 0.021786  0.097242  -0.028490  0.983469  0.120280  -0.135357  -0.124159  0.992049  -0.020559  0.131808  0.037025  0.990584  0.014959  0.002751  0.006424  0.000000  0.000000  0.000000  2.000000  
21.527972 0.021802  0.097245  -0.028481  0.983451  0.120275  -0.135489  -0.124157  0.992050  -0.020542  0.131941  0.037024  0.990566  0.014722  0.002744  0.006480  0.000000  0.000000  0.000000  2.000000  
21.528974 0.021816  0.097247  -0.028474  0.983408  0.120474  -0.135625  -0.124357  0.992026  -0.020498  0.132074  0.037024  0.990548  0.014481  0.002685  0.006542  0.000000  0.000000  0.000000  2.000000  
21.530236 0.021832  0.097250  -0.028465  0.983348  0.120669  -0.135892  -0.124555  0.992002  -0.020437  0.132339  0.037022  0.990513  0.014210  0.002570  0.006555  0.000000  0.000000  0.000000  2.000000  
21.531478 0.021849  0.097252  -0.028456  0.983304  0.120851  -0.136042  -0.124755  0.991976  -0.020512  0.132472  0.037142  0.990491  0.013978  0.002430  0.006588  0.000000  0.000000  0.000000  2.000000  
21.532481 0.021862  0.097254  -0.028449  0.983287  0.120846  -0.136174  -0.124753  0.991976  -0.020496  0.132604  0.037141  0.990473  0.013795  0.002376  0.006610  0.000000  0.000000  0.000000  2.000000  
21.533481 0.021874  0.097256  -0.028442  0.983226  0.121041  -0.136441  -0.124951  0.991953  -0.020434  0.132869  0.037140  0.990437  0.013601  0.002235  0.006671  0.000000  0.000000  0.000000  2.000000  
21.534727 0.021890  0.097258  -0.028432  0.983182  0.121240  -0.136576  -0.125151  0.991928  -0.020389  0.133002  0.037139  0.990420  0.013379  0.002129  0.006817  0.000000  0.000000  0.000000  2.000000  
21.535728 0.021902  0.097260  -0.028425  0.983121  0.121434  -0.136844  -0.125349  0.991904  -0.020328  0.133267  0.037138  0.990384  0.013184  0.001988  0.006877  0.000000  0.000000  0.000000  2.000000  
21.536977 0.021917  0.097262  -0.028415  0.983104  0.121413  -0.136990  -0.125347  0.991903  -0.020431  0.133400  0.037257  0.990362  0.013052  0.001936  0.006976  0.000000  0.000000  0.000000  2.000000  
21.538227 0.021931  0.097263  -0.028406  0.983042  0.121607  -0.137257  -0.125544  0.991879  -0.020369  0.133665  0.037256  0.990326  0.012853  0.001799  0.007081  0.000000  0.000000  0.000000  2.000000  
21.539229 0.021943  0.097264  -0.028399  0.982999  0.121790  -0.137407  -0.125744  0.991852  -0.020445  0.133798  0.037375  0.990304  0.012668  0.001719  0.007167  0.000000  0.000000  0.000000  2.000000  
21.540229 0.021953  0.097264  -0.028392  0.982937  0.121984  -0.137674  -0.125942  0.991828  -0.020383  0.134063  0.037374  0.990268  0.012495  0.001635  0.007195  0.000000  0.000000  0.000000  2.000000  
21.541478 0.021968  0.097265  -0.028383  0.982919  0.121979  -0.137806  -0.125940  0.991829  -0.020366  0.134195  0.037373  0.990250  0.012351  0.001555  0.007219  0.000000  0.000000  0.000000  2.000000  
21.542726 0.021981  0.097266  -0.028375  0.982858  0.122173  -0.138073  -0.126138  0.991805  -0.020304  0.134461  0.037372  0.990214  0.012131  0.001437  0.007235  0.000000  0.000000  0.000000  2.000000  
21.543974 0.021995  0.097267  -0.028365  0.982796  0.122351  -0.138354  -0.126336  0.991779  -0.020362  0.134726  0.037491  0.990173  0.011976  0.001390  0.007249  0.000000  0.000000  0.000000  2.000000  
21.544976 0.022006  0.097268  -0.028359  0.982734  0.122545  -0.138621  -0.126533  0.991755  -0.020300  0.134991  0.037489  0.990137  0.011791  0.001234  0.007189  0.000000  0.000000  0.000000  2.000000  
21.546240 0.022020  0.097269  -0.028351  0.982672  0.122739  -0.138888  -0.126731  0.991731  -0.020237  0.135256  0.037488  0.990101  0.011601  0.001176  0.007157  0.000000  0.000000  0.000000  2.000000  
21.547476 0.022034  0.097270  -0.028342  0.982592  0.122929  -0.139287  -0.126926  0.991707  -0.020158  0.135654  0.037486  0.990047  0.011468  0.001042  0.007125  0.000000  0.000000  0.000000  2.000000  
21.548478 0.022045  0.097270  -0.028335  0.982556  0.122902  -0.139564  -0.126922  0.991706  -0.020244  0.135919  0.037605  0.990006  0.011364  0.000955  0.007098  -0.006001  0.175941  0.130644  2.000000  
21.549483 0.022055  0.097270  -0.028329  0.982494  0.123096  -0.139831  -0.127119  0.991682  -0.020181  0.136184  0.037603  0.989970  0.011194  0.000818  0.007005  -0.005972  0.180393  0.130441  2.000000  
21.550733 0.022069  0.097270  -0.028320  0.982405  0.123494  -0.140102  -0.127519  0.991633  -0.020090  0.136449  0.037602  0.989933  0.011070  0.000668  0.006962  -0.000942  0.185146  0.137104  2.000000  
21.551976 0.022082  0.097270  -0.028311  0.982325  0.123666  -0.140515  -0.127714  0.991607  -0.020130  0.136847  0.037720  0.989874  0.010986  0.000542  0.006962  -0.004020  0.192855  0.142459  2.000000  
21.552977 0.022092  0.097269  -0.028304  0.982262  0.123843  -0.140797  -0.127912  0.991580  -0.020187  0.137112  0.037838  0.989833  0.010895  0.000429  0.006929  -0.008033  0.197307  0.142265  2.000000  
21.554238 0.022105  0.097269  -0.028295  0.982181  0.124032  -0.141195  -0.128107  0.991557  -0.020107  0.137509  0.037836  0.989778  0.010824  0.000368  0.006877  -0.008058  0.207882  0.143066  2.000000  
21.555478 0.022118  0.097268  -0.028287  0.982100  0.124204  -0.141609  -0.128302  0.991531  -0.020146  0.137907  0.037954  0.989718  0.010778  0.000277  0.006905  -0.012096  0.216924  0.142738  2.000000  
21.556479 0.022129  0.097268  -0.028280  0.982037  0.124381  -0.141890  -0.128499  0.991504  -0.020203  0.138172  0.038073  0.989676  0.010720  0.000187  0.006846  -0.015083  0.219852  0.148166  2.000000  
21.557724 0.022142  0.097268  -0.028271  0.981929  0.124774  -0.142293  -0.128896  0.991454  -0.020093  0.138569  0.038071  0.989621  0.010703  0.000129  0.006896  -0.014230  0.230932  0.155906  2.000000  
21.558976 0.022156  0.097268  -0.028263  0.981847  0.124946  -0.142706  -0.129091  0.991428  -0.020132  0.138967  0.038189  0.989560  0.010680  0.000068  0.006865  -0.018253  0.235446  0.155721  2.000000  
21.560229 0.022169  0.097269  -0.028254  0.981738  0.125322  -0.143123  -0.129488  0.991376  -0.020142  0.139364  0.038307  0.989500  0.010670  0.000071  0.006911  -0.021173  0.242723  0.160896  2.000000  
21.561479 0.022183  0.097269  -0.028246  0.981656  0.125510  -0.143521  -0.129683  0.991353  -0.020060  0.139762  0.038304  0.989444  0.010650  0.000010  0.006895  -0.017210  0.249177  0.161996  2.000000  
21.562724 0.022197  0.097270  -0.028237  0.981528  0.125881  -0.144069  -0.130077  0.991301  -0.020052  0.140292  0.038422  0.989364  0.010673  0.000009  0.006874  -0.020122  0.260822  0.166959  2.000000  
21.563726 0.022207  0.097270  -0.028231  0.981464  0.126057  -0.144351  -0.130274  0.991274  -0.020108  0.140557  0.038540  0.989322  0.010679  0.000006  0.006829  -0.023192  0.265554  0.173565  2.000000  
21.564972 0.022221  0.097270  -0.028223  0.981336  0.126445  -0.144884  -0.130669  0.991225  -0.019978  0.141087  0.038537  0.989247  0.010710  -0.000030  0.006750  -0.022176  0.274707  0.179994  2.000000  
21.565981 0.022232  0.097270  -0.028217  0.981253  0.126616  -0.145297  -0.130863  0.991198  -0.020016  0.141484  0.038655  0.989186  0.010745  -0.000005  0.006710  -0.022314  0.286074  0.181151  2.000000  
21.567225 0.022246  0.097269  -0.028209  0.981142  0.126991  -0.145714  -0.131260  0.991146  -0.020024  0.141881  0.038773  0.989124  0.010806  -0.000005  0.006721  -0.024216  0.288646  0.193009  2.000000  
21.568231 0.022258  0.097269  -0.028203  0.981032  0.127366  -0.146132  -0.131656  0.991093  -0.020031  0.142279  0.038890  0.989062  0.010868  -0.000016  0.006595  -0.027479  0.300249  0.201052  2.000000  
21.569481 0.022272  0.097269  -0.028194  0.980921  0.127741  -0.146549  -0.132052  0.991040  -0.020038  0.142676  0.039008  0.989000  0.010986  0.000043  0.006633  -0.026451  0.305028  0.207678  2.000000  
21.570724 0.022287  0.097269  -0.028185  0.980763  0.128314  -0.147101  -0.132648  0.990961  -0.019997  0.143206  0.039125  0.988919  0.011089  0.000069  0.006628  -0.028304  0.316463  0.219033  2.000000  
21.571728 0.022300  0.097270  -0.028179  0.980679  0.128485  -0.147514  -0.132842  0.990935  -0.020034  0.143603  0.039243  0.988857  0.011225  0.000094  0.006604  -0.032531  0.323526  0.220598  2.000000  
21.572973 0.022315  0.097271  -0.028170  0.980520  0.129058  -0.148067  -0.133437  0.990856  -0.019991  0.144133  0.039360  0.988775  0.011398  0.000149  0.006655  -0.034601  0.333203  0.234012  2.000000  
21.573976 0.022328  0.097271  -0.028163  0.980408  0.129432  -0.148484  -0.133833  0.990802  -0.019997  0.144530  0.039477  0.988713  0.011515  0.000207  0.006692  -0.032578  0.338192  0.247434  2.000000  
21.575227 0.022345  0.097273  -0.028154  0.980276  0.129783  -0.149048  -0.134226  0.990747  -0.020104  0.145059  0.039714  0.988626  0.011709  0.000230  0.006683  -0.039654  0.347443  0.253849  2.000000  
21.576240 0.022358  0.097274  -0.028147  0.980135  0.130361  -0.149469  -0.134824  0.990666  -0.020078  0.145456  0.039832  0.988563  0.011873  0.000319  0.006675  -0.041373  0.354035  0.264955  2.000000  
21.577474 0.022375  0.097275  -0.028138  0.980002  0.130730  -0.150017  -0.135217  0.990613  -0.020065  0.145986  0.039948  0.988480  0.012093  0.000368  0.006715  -0.044322  0.358794  0.271546  2.000000  
21.578727 0.022392  0.097277  -0.028130  0.979841  0.131284  -0.150585  -0.135811  0.990530  -0.020140  0.146515  0.040185  0.988392  0.012362  0.000460  0.006779  -0.046310  0.368269  0.284675  2.000000  
21.579972 0.022410  0.097278  -0.028121  0.979660  0.131851  -0.151269  -0.136403  0.990450  -0.020076  0.147177  0.040301  0.988289  0.012554  0.000537  0.006805  -0.048254  0.377780  0.297892  2.000000  
21.580978 0.022424  0.097280  -0.028114  0.979517  0.132409  -0.151706  -0.137000  0.990366  -0.020168  0.147574  0.040538  0.988220  0.012778  0.000683  0.006873  -0.050665  0.386047  0.313826  2.000000  
21.582225 0.022442  0.097281  -0.028106  0.979334  0.132976  -0.152389  -0.137591  0.990285  -0.020102  0.148236  0.040654  0.988116  0.013027  0.000793  0.006858  -0.052156  0.392317  0.324399  2.000000  
21.583229 0.022456  0.097282  -0.028098  0.979190  0.133553  -0.152811  -0.138187  0.990203  -0.020073  0.148633  0.040771  0.988052  0.013224  0.000882  0.006955  -0.050071  0.397278  0.337671  2.000000  
21.584232 0.022471  0.097284  -0.028092  0.979054  0.133902  -0.153375  -0.138579  0.990146  -0.020176  0.149162  0.041008  0.987962  0.013483  0.000976  0.006898  -0.057044  0.406585  0.344104  2.000000  
21.585478 0.022490  0.097286  -0.028083  0.978821  0.134666  -0.154193  -0.139368  0.990037  -0.020058  0.149956  0.041123  0.987837  0.013760  0.001122  0.006953  -0.054305  0.424264  0.366835  2.000000  
21.586724 0.022510  0.097288  -0.028075  0.978635  0.135212  -0.154892  -0.139959  0.989953  -0.020109  0.150617  0.041358  0.987727  0.014014  0.001243  0.006939  -0.056701  0.429981  0.370102  2.000000  
21.587726 0.022526  0.097290  -0.028067  0.978468  0.135764  -0.155461  -0.140552  0.989868  -0.020178  0.151146  0.041594  0.987636  0.014274  0.001346  0.006926  -0.063167  0.443155  0.386438  2.000000  
21.588728 0.022542  0.097293  -0.028060  0.978301  0.136334  -0.156013  -0.141144  0.989784  -0.020127  0.151675  0.041711  0.987550  0.014452  0.001469  0.006967  -0.060965  0.448237  0.399847  2.000000  
