1-Time 2-Px 3-Py 4-Pz 5-R11 6-R21 7-R31 8-R12 9-R22 10-R32 11-R13 12-R23 13-R33 14-Vx 15-Vy 16-Vz 17-Wx 18-Wy 19-Wz 20-state 21-PR11 22-PR21 23-PR31 24-PR12 25-PR22 26-PR32 27-PR13 28-PR23 29-PR33 
24.051247 0.019048  0.096892  -0.027260  0.990519  0.090577  -0.103290  -0.089559  0.995877  0.014454  0.104174  -0.005067  0.994546  -0.000101  0.000260  0.000442  0.000000  0.000000  0.000000  2.000000  
24.052480 0.019049  0.096892  -0.027259  0.990505  0.090577  -0.103423  -0.089558  0.995877  0.014466  0.104307  -0.005067  0.994532  -0.000015  0.000288  0.000453  0.000000  0.000000  0.000000  2.000000  
24.053730 0.019055  0.096894  -0.027257  0.990421  0.091194  -0.103679  -0.090167  0.995820  0.014554  0.104573  -0.005067  0.994504  0.000343  0.000373  0.000506  0.000000  0.000000  0.000000  2.000000  
24.054980 0.019061  0.096895  -0.027255  0.990361  0.091401  -0.104073  -0.090367  0.995801  0.014612  0.104972  -0.005066  0.994462  0.000759  0.000429  0.000599  0.000000  0.000000  0.000000  2.000000  
24.056243 0.019068  0.096895  -0.027253  0.990314  0.091620  -0.104324  -0.090569  0.995781  0.014778  0.105238  -0.005187  0.994434  0.001242  0.000454  0.000688  0.000000  0.000000  0.000000  2.000000  
24.057477 0.019077  0.096896  -0.027253  0.990221  0.092045  -0.104837  -0.090971  0.995741  0.014991  0.105770  -0.005307  0.994376  0.001865  0.000442  0.000672  0.000000  0.000000  0.000000  2.000000  
24.058724 0.019087  0.096896  -0.027252  0.990103  0.092867  -0.105222  -0.091783  0.995664  0.015114  0.106169  -0.005307  0.994334  0.002574  0.000458  0.000666  0.000000  0.000000  0.000000  2.000000  
24.059726 0.019095  0.096896  -0.027252  0.990018  0.093484  -0.105478  -0.092392  0.995607  0.015204  0.106436  -0.005307  0.994305  0.003142  0.000448  0.000662  0.000000  0.000000  0.000000  2.000000  
24.060728 0.019103  0.096896  -0.027252  0.989918  0.094101  -0.105866  -0.092999  0.995549  0.015306  0.106835  -0.005306  0.994263  0.003669  0.000410  0.000679  0.000000  0.000000  0.000000  2.000000  
24.061976 0.019114  0.096896  -0.027251  0.989818  0.094718  -0.106253  -0.093606  0.995490  0.015409  0.107234  -0.005306  0.994220  0.004432  0.000424  0.000661  0.000000  0.000000  0.000000  2.000000  
24.062979 0.019123  0.096899  -0.027252  0.989717  0.095335  -0.106641  -0.094214  0.995431  0.015513  0.107633  -0.005306  0.994177  0.005060  0.000615  0.000606  0.000000  0.000000  0.000000  2.000000  
24.064230 0.019134  0.096903  -0.027254  0.989601  0.095952  -0.107161  -0.094819  0.995372  0.015629  0.108165  -0.005306  0.994119  0.005797  0.000825  0.000428  0.031078  0.132906  0.178133  2.000000  
24.065230 0.019143  0.096906  -0.027256  0.989484  0.096570  -0.107681  -0.095425  0.995312  0.015746  0.108697  -0.005305  0.994061  0.006300  0.000967  0.000299  0.033584  0.151851  0.200287  2.000000  
24.066244 0.019153  0.096909  -0.027258  0.989382  0.097187  -0.108068  -0.096032  0.995252  0.015852  0.109096  -0.005305  0.994017  0.006987  0.001148  0.000145  0.035816  0.165135  0.220856  2.000000  
24.067482 0.019168  0.096914  -0.027261  0.989229  0.098023  -0.108705  -0.096839  0.995169  0.016126  0.109761  -0.005425  0.993943  0.007995  0.001426  -0.000174  0.043679  0.187486  0.255452  2.000000  
24.068484 0.019181  0.096918  -0.027263  0.989125  0.098640  -0.109092  -0.097446  0.995108  0.016232  0.110160  -0.005425  0.993899  0.008533  0.001638  -0.000390  0.045953  0.200861  0.276144  2.000000  
24.069728 0.019197  0.096924  -0.027262  0.989006  0.099270  -0.109600  -0.098051  0.995045  0.016473  0.110692  -0.005545  0.993839  0.009265  0.001943  -0.000472  0.052341  0.218754  0.296925  2.000000  
24.070729 0.019211  0.096927  -0.027261  0.988886  0.099888  -0.110119  -0.098656  0.994983  0.016593  0.111224  -0.005545  0.993780  0.009797  0.002107  -0.000493  0.054654  0.236624  0.317637  2.000000  
24.071978 0.019229  0.096930  -0.027258  0.988745  0.100724  -0.110622  -0.099464  0.994898  0.016858  0.111756  -0.005665  0.993720  0.010471  0.002339  -0.000314  0.061827  0.254545  0.345388  2.000000  
24.072979 0.019244  0.096932  -0.027256  0.988624  0.101355  -0.111128  -0.100069  0.994834  0.017100  0.112287  -0.005785  0.993659  0.010967  0.002454  -0.000217  0.068219  0.272303  0.365995  2.000000  
24.074229 0.019263  0.096933  -0.027252  0.988466  0.102178  -0.111775  -0.100875  0.994749  0.017259  0.112952  -0.005785  0.993584  0.011572  0.002483  0.000015  0.071346  0.294640  0.393620  2.000000  
24.075230 0.019278  0.096932  -0.027248  0.988380  0.102589  -0.112165  -0.101278  0.994707  0.017346  0.113351  -0.005785  0.993538  0.011956  0.002458  0.000236  0.068848  0.308003  0.407422  2.000000  
24.076240 0.019292  0.096930  -0.027245  0.988277  0.103002  -0.112687  -0.101678  0.994664  0.017447  0.113883  -0.005784  0.993477  0.012356  0.002312  0.000414  0.069686  0.325834  0.414239  2.000000  
24.077480 0.019311  0.096929  -0.027240  0.988154  0.103606  -0.113217  -0.102283  0.994602  0.017450  0.114414  -0.005663  0.993417  0.012925  0.002089  0.000803  0.068020  0.343881  0.435123  2.000000  
24.078724 0.019331  0.096929  -0.027236  0.988023  0.104427  -0.113600  -0.103091  0.994516  0.017585  0.114813  -0.005663  0.993371  0.013442  0.001801  0.001143  0.071150  0.357283  0.462775  2.000000  
24.079978 0.019351  0.096928  -0.027233  0.987914  0.105043  -0.113985  -0.103697  0.994452  0.017697  0.115212  -0.005663  0.993325  0.014077  0.001522  0.001538  0.073539  0.370762  0.483602  2.000000  
24.080982 0.019366  0.096928  -0.027231  0.987861  0.105250  -0.114246  -0.103897  0.994430  0.017748  0.115478  -0.005663  0.993294  0.014399  0.001326  0.001747  0.074385  0.379830  0.490663  2.000000  
24.082229 0.019387  0.096930  -0.027227  0.987772  0.105661  -0.114635  -0.104299  0.994386  0.017837  0.115876  -0.005663  0.993248  0.014808  0.001172  0.002227  0.075349  0.389853  0.500126  2.000000  
24.083234 0.019404  0.096932  -0.027224  0.987720  0.105868  -0.114896  -0.104499  0.994364  0.017889  0.116142  -0.005662  0.993216  0.015094  0.000983  0.002574  0.075327  0.393030  0.497261  2.000000  
24.084483 0.019424  0.096935  -0.027218  0.987652  0.106075  -0.115289  -0.104697  0.994342  0.017954  0.116541  -0.005662  0.993170  0.015363  0.000754  0.002975  0.074756  0.393044  0.490333  2.000000  
24.085735 0.019442  0.096935  -0.027214  0.987599  0.106281  -0.115549  -0.104897  0.994320  0.018006  0.116807  -0.005662  0.993139  0.015432  0.000493  0.003065  0.070839  0.388497  0.490288  2.000000  
24.086978 0.019461  0.096936  -0.027208  0.987547  0.106487  -0.115810  -0.105097  0.994298  0.018058  0.117072  -0.005662  0.993107  0.015442  0.000380  0.003296  0.070253  0.384157  0.483519  2.000000  
24.088231 0.019479  0.096935  -0.027201  0.987516  0.106489  -0.116074  -0.105094  0.994298  0.018086  0.117338  -0.005662  0.993076  0.015382  0.000171  0.003614  0.064265  0.376620  0.465927  2.000000  
24.089235 0.019492  0.096933  -0.027195  0.987500  0.106489  -0.116206  -0.105092  0.994298  0.018100  0.117471  -0.005661  0.993060  0.015305  0.000006  0.003819  0.061797  0.370741  0.442027  2.000000  
24.090478 0.019508  0.096929  -0.027186  0.987484  0.106476  -0.116351  -0.105091  0.994300  0.017994  0.117604  -0.005541  0.993045  0.015151  -0.000155  0.004057  0.054749  0.362031  0.414565  2.000000  
24.091725 0.019525  0.096926  -0.027176  0.987469  0.106477  -0.116483  -0.105089  0.994300  0.018008  0.117737  -0.005541  0.993029  0.015037  -0.000248  0.004429  0.052063  0.354686  0.390641  2.000000  
24.092979 0.019541  0.096924  -0.027165  0.987437  0.106464  -0.116760  -0.105086  0.994302  0.017915  0.118002  -0.005420  0.992999  0.014745  -0.000334  0.004976  0.046263  0.344307  0.373178  2.000000  
24.094231 0.019556  0.096922  -0.027153  0.987422  0.106451  -0.116905  -0.105084  0.994304  0.017809  0.118135  -0.005300  0.992983  0.014479  -0.000470  0.005471  0.039170  0.330935  0.345516  2.000000  
24.095233 0.019568  0.096920  -0.027143  0.987427  0.106247  -0.117041  -0.104879  0.994326  0.017799  0.118268  -0.005300  0.992968  0.014227  -0.000561  0.006021  0.036122  0.322101  0.317971  2.000000  
24.096240 0.019581  0.096920  -0.027134  0.987433  0.106028  -0.117190  -0.104674  0.994350  0.017668  0.118401  -0.005179  0.992952  0.013976  -0.000621  0.006451  0.029527  0.310688  0.294853  2.000000  
24.097479 0.019597  0.096920  -0.027122  0.987418  0.106015  -0.117335  -0.104672  0.994352  0.017561  0.118534  -0.005059  0.992937  0.013727  -0.000724  0.006922  0.018422  0.292979  0.267461  2.000000  
24.098730 0.019612  0.096920  -0.027112  0.987402  0.106015  -0.117467  -0.104671  0.994352  0.017575  0.118667  -0.005058  0.992921  0.013292  -0.000940  0.007370  0.011433  0.277515  0.242061  2.000000  
24.099731 0.019623  0.096919  -0.027103  0.987423  0.105796  -0.117483  -0.104468  0.994376  0.017430  0.118667  -0.004938  0.992922  0.012990  -0.001062  0.007710  0.004230  0.264225  0.214506  2.000000  
24.100735 0.019633  0.096918  -0.027095  0.987461  0.105591  -0.117355  -0.104266  0.994397  0.017392  0.118534  -0.004938  0.992938  0.012752  -0.001111  0.007962  -0.002986  0.241841  0.186876  2.000000  
24.101980 0.019646  0.096917  -0.027086  0.987461  0.105577  -0.117368  -0.104266  0.994399  0.017272  0.118534  -0.004818  0.992938  0.012303  -0.001259  0.008179  -0.011084  0.221443  0.153685  2.000000  
24.102981 0.019655  0.096915  -0.027079  0.987482  0.105372  -0.117371  -0.104063  0.994421  0.017248  0.118534  -0.004818  0.992938  0.011921  -0.001336  0.008262  -0.017434  0.206180  0.131703  2.000000  
24.104227 0.019665  0.096912  -0.027071  0.987466  0.105359  -0.117516  -0.104061  0.994423  0.017141  0.118667  -0.004697  0.992923  0.011494  -0.001390  0.008260  -0.023674  0.191209  0.110075  2.000000  
24.105234 0.019672  0.096908  -0.027064  0.987488  0.105154  -0.117520  -0.103858  0.994445  0.017117  0.118667  -0.004697  0.992923  0.011127  -0.001407  0.008307  -0.027050  0.174925  0.083386  2.000000  
24.106246 0.019680  0.096906  -0.027054  0.987488  0.105154  -0.117520  -0.103858  0.994445  0.017117  0.118667  -0.004697  0.992923  0.010760  -0.001425  0.008352  0.000000  0.000000  0.000000  2.000000  
24.107477 0.019690  0.096903  -0.027043  0.987509  0.104949  -0.117523  -0.103654  0.994467  0.017092  0.118667  -0.004697  0.992923  0.010425  -0.001420  0.008402  0.000000  0.000000  0.000000  2.000000  
24.108477 0.019699  0.096902  -0.027034  0.987509  0.104935  -0.117536  -0.103654  0.994469  0.016972  0.118667  -0.004577  0.992924  0.010164  -0.001388  0.008369  0.000000  0.000000  0.000000  2.000000  
24.109733 0.019711  0.096900  -0.027023  0.987530  0.104730  -0.117539  -0.103451  0.994490  0.016948  0.118667  -0.004577  0.992924  0.009833  -0.001382  0.008309  0.000000  0.000000  0.000000  2.000000  
24.110975 0.019723  0.096900  -0.027012  0.987530  0.104730  -0.117539  -0.103451  0.994490  0.016948  0.118667  -0.004577  0.992924  0.009692  -0.001326  0.008290  0.000000  0.000000  0.000000  2.000000  
24.111978 0.019733  0.096900  -0.027004  0.987552  0.104511  -0.117556  -0.103248  0.994514  0.016803  0.118667  -0.004456  0.992924  0.009419  -0.001324  0.008174  0.000000  0.000000  0.000000  2.000000  
24.112979 0.019743  0.096900  -0.026995  0.987536  0.104512  -0.117688  -0.103246  0.994514  0.016817  0.118800  -0.004456  0.992908  0.009258  -0.001319  0.008213  0.000000  0.000000  0.000000  2.000000  
24.114226 0.019755  0.096901  -0.026983  0.987557  0.104293  -0.117704  -0.103043  0.994537  0.016672  0.118800  -0.004336  0.992909  0.009204  -0.001232  0.008252  0.000000  0.000000  0.000000  2.000000  
24.115482 0.019769  0.096902  -0.026972  0.987557  0.104278  -0.117716  -0.103043  0.994539  0.016551  0.118800  -0.004215  0.992909  0.009201  -0.001135  0.008335  0.000000  0.000000  0.000000  2.000000  
24.116728 0.019782  0.096902  -0.026962  0.987557  0.104264  -0.117729  -0.103043  0.994541  0.016430  0.118800  -0.004095  0.992910  0.009269  -0.001022  0.008407  0.000000  0.000000  0.000000  2.000000  
24.117729 0.019793  0.096901  -0.026954  0.987557  0.104264  -0.117729  -0.103043  0.994541  0.016430  0.118800  -0.004095  0.992910  0.009390  -0.000991  0.008495  0.000000  0.000000  0.000000  2.000000  
24.118978 0.019806  0.096900  -0.026944  0.987578  0.104045  -0.117745  -0.102839  0.994565  0.016286  0.118800  -0.003974  0.992910  0.009599  -0.000803  0.008633  0.000000  0.000000  0.000000  2.000000  
24.119980 0.019817  0.096899  -0.026937  0.987578  0.104031  -0.117758  -0.102839  0.994567  0.016165  0.118800  -0.003854  0.992911  0.009829  -0.000633  0.008602  0.000000  0.000000  0.000000  2.000000  
24.120982 0.019829  0.096898  -0.026929  0.987578  0.104031  -0.117758  -0.102839  0.994567  0.016165  0.118800  -0.003854  0.992911  0.010075  -0.000558  0.008477  0.000000  0.000000  0.000000  2.000000  
24.122242 0.019844  0.096897  -0.026921  0.987578  0.104031  -0.117758  -0.102839  0.994567  0.016165  0.118800  -0.003854  0.992911  0.010417  -0.000399  0.008270  0.000000  0.000000  0.000000  2.000000  
24.123479 0.019861  0.096897  -0.026913  0.987578  0.104031  -0.117758  -0.102839  0.994567  0.016165  0.118800  -0.003854  0.992911  0.010782  -0.000330  0.008078  0.000000  0.000000  0.000000  2.000000  
24.124481 0.019874  0.096897  -0.026906  0.987562  0.104031  -0.117890  -0.102838  0.994567  0.016179  0.118932  -0.003854  0.992895  0.011065  -0.000227  0.007930  0.000000  0.000000  0.000000  2.000000  
24.125729 0.019892  0.096897  -0.026897  0.987584  0.103827  -0.117893  -0.102635  0.994588  0.016154  0.118932  -0.003854  0.992895  0.011455  -0.000155  0.007806  0.000000  0.000000  0.000000  2.000000  
24.126975 0.019911  0.096899  -0.026887  0.987584  0.103827  -0.117893  -0.102635  0.994588  0.016154  0.118932  -0.003854  0.992895  0.011852  -0.000042  0.007800  0.000000  0.000000  0.000000  2.000000  
24.127979 0.019926  0.096900  -0.026878  0.987547  0.104032  -0.118022  -0.102836  0.994567  0.016192  0.119065  -0.003854  0.992879  0.012266  0.000000  0.007732  0.000000  0.000000  0.000000  2.000000  
24.129231 0.019945  0.096902  -0.026867  0.987547  0.104032  -0.118022  -0.102836  0.994567  0.016192  0.119065  -0.003854  0.992879  0.012684  0.000079  0.007731  0.000000  0.000000  0.000000  2.000000  
24.130241 0.019961  0.096903  -0.026858  0.987547  0.104032  -0.118022  -0.102836  0.994567  0.016192  0.119065  -0.003854  0.992879  0.012977  0.000103  0.007738  0.000000  0.000000  0.000000  2.000000  
24.131476 0.019979  0.096905  -0.026847  0.987547  0.104018  -0.118035  -0.102836  0.994568  0.016072  0.119065  -0.003733  0.992879  0.013306  0.000187  0.007801  0.000000  0.000000  0.000000  2.000000  
24.132482 0.019995  0.096906  -0.026837  0.987547  0.104018  -0.118035  -0.102836  0.994568  0.016072  0.119065  -0.003733  0.992879  0.013604  0.000271  0.007868  0.000000  0.000000  0.000000  2.000000  
24.133729 0.020013  0.096907  -0.026826  0.987547  0.104003  -0.118047  -0.102836  0.994570  0.015951  0.119065  -0.003613  0.992880  0.014026  0.000507  0.007997  0.000000  0.000000  0.000000  2.000000  
24.134729 0.020028  0.096909  -0.026816  0.987525  0.104208  -0.118044  -0.103039  0.994549  0.015975  0.119065  -0.003613  0.992880  0.014320  0.000687  0.008164  0.000000  0.000000  0.000000  2.000000  
24.135730 0.020044  0.096910  -0.026807  0.987525  0.104208  -0.118044  -0.103039  0.994549  0.015975  0.119065  -0.003613  0.992880  0.014584  0.000837  0.008308  0.000000  0.000000  0.000000  2.000000  
24.136978 0.020064  0.096913  -0.026794  0.987510  0.104194  -0.118189  -0.103038  0.994551  0.015869  0.119198  -0.003493  0.992864  0.014854  0.001069  0.008595  0.000000  0.000000  0.000000  2.000000  
24.137978 0.020079  0.096915  -0.026784  0.987510  0.104194  -0.118189  -0.103038  0.994551  0.015869  0.119198  -0.003493  0.992864  0.015028  0.001253  0.008827  0.000000  0.000000  0.000000  2.000000  
24.139230 0.020099  0.096918  -0.026771  0.987510  0.104208  -0.118176  -0.103038  0.994549  0.015989  0.119198  -0.003613  0.992864  0.015261  0.001463  0.009174  0.000000  0.000000  0.000000  2.000000  
24.140231 0.020115  0.096921  -0.026762  0.987488  0.104413  -0.118173  -0.103241  0.994527  0.016014  0.119198  -0.003613  0.992864  0.015364  0.001616  0.009306  0.000000  0.000000  0.000000  2.000000  
24.141477 0.020134  0.096924  -0.026750  0.987488  0.104413  -0.118173  -0.103241  0.994527  0.016014  0.119198  -0.003613  0.992864  0.015407  0.001741  0.009371  0.000000  0.000000  0.000000  2.000000  
24.142479 0.020150  0.096927  -0.026741  0.987488  0.104428  -0.118160  -0.103241  0.994525  0.016134  0.119198  -0.003733  0.992863  0.015434  0.001831  0.009471  0.000000  0.000000  0.000000  2.000000  
24.143481 0.020165  0.096929  -0.026731  0.987488  0.104428  -0.118160  -0.103241  0.994525  0.016134  0.119198  -0.003733  0.992863  0.015444  0.001894  0.009533  0.000000  0.000000  0.000000  2.000000  
24.144727 0.020183  0.096932  -0.026720  0.987467  0.104632  -0.118157  -0.103444  0.994504  0.016159  0.119198  -0.003733  0.992863  0.015385  0.001926  0.009545  0.000000  0.000000  0.000000  2.000000  
24.145975 0.020201  0.096934  -0.026710  0.987467  0.104632  -0.118157  -0.103444  0.994504  0.016159  0.119198  -0.003733  0.992863  0.015296  0.001953  0.009459  0.000000  0.000000  0.000000  2.000000  
24.146975 0.020216  0.096935  -0.026700  0.987446  0.104837  -0.118153  -0.103648  0.994482  0.016183  0.119198  -0.003733  0.992863  0.015242  0.001955  0.009473  0.000000  0.000000  0.000000  2.000000  
24.147977 0.020229  0.096937  -0.026691  0.987446  0.104837  -0.118153  -0.103648  0.994482  0.016183  0.119198  -0.003733  0.992863  0.015163  0.002015  0.009471  0.000000  0.000000  0.000000  2.000000  
24.148983 0.020243  0.096938  -0.026681  0.987446  0.104837  -0.118153  -0.103648  0.994482  0.016183  0.119198  -0.003733  0.992863  0.015085  0.002050  0.009497  0.000000  0.000000  0.000000  2.000000  
24.150235 0.020260  0.096940  -0.026670  0.987446  0.104837  -0.118153  -0.103648  0.994482  0.016183  0.119198  -0.003733  0.992863  0.014913  0.002078  0.009430  0.000000  0.000000  0.000000  2.000000  
24.151236 0.020274  0.096942  -0.026660  0.987424  0.105027  -0.118163  -0.103851  0.994463  0.016087  0.119198  -0.003613  0.992864  0.014835  0.002080  0.009447  0.000000  0.000000  0.000000  2.000000  
24.152478 0.020291  0.096946  -0.026648  0.987408  0.105028  -0.118295  -0.103849  0.994463  0.016100  0.119331  -0.003613  0.992848  0.014630  0.002108  0.009355  0.000000  0.000000  0.000000  2.000000  
24.153479 0.020305  0.096948  -0.026638  0.987408  0.105028  -0.118295  -0.103849  0.994463  0.016100  0.119331  -0.003613  0.992848  0.014513  0.002142  0.009375  0.000000  0.000000  0.000000  2.000000  
24.154479 0.020318  0.096951  -0.026629  0.987408  0.105028  -0.118295  -0.103849  0.994463  0.016100  0.119331  -0.003613  0.992848  0.014340  0.002147  0.009337  0.000000  0.000000  0.000000  2.000000  
24.155480 0.020331  0.096954  -0.026621  0.987393  0.105028  -0.118427  -0.103848  0.994463  0.016114  0.119464  -0.003613  0.992832  0.014134  0.002141  0.009208  0.000000  0.000000  0.000000  2.000000  
24.156480 0.020343  0.096957  -0.026613  0.987393  0.105028  -0.118427  -0.103848  0.994463  0.016114  0.119464  -0.003613  0.992832  0.013908  0.002145  0.009135  0.000000  0.000000  0.000000  2.000000  
24.157726 0.020359  0.096959  -0.026603  0.987371  0.105233  -0.118424  -0.104051  0.994441  0.016139  0.119464  -0.003613  0.992832  0.013705  0.002143  0.009057  0.000000  0.000000  0.000000  2.000000  
24.158984 0.020374  0.096962  -0.026593  0.987355  0.105234  -0.118556  -0.104049  0.994441  0.016153  0.119597  -0.003613  0.992816  0.013390  0.002115  0.008922  0.000000  0.000000  0.000000  2.000000  
24.160229 0.020388  0.096964  -0.026583  0.987355  0.105234  -0.118556  -0.104049  0.994441  0.016153  0.119597  -0.003613  0.992816  0.013121  0.002087  0.008832  0.000000  0.000000  0.000000  2.000000  
24.161477 0.020402  0.096966  -0.026573  0.987355  0.105234  -0.118556  -0.104049  0.994441  0.016153  0.119597  -0.003613  0.992816  0.012914  0.002115  0.008747  0.000000  0.000000  0.000000  2.000000  
24.162725 0.020416  0.096968  -0.026563  0.987339  0.105234  -0.118688  -0.104048  0.994441  0.016167  0.119729  -0.003613  0.992800  0.012674  0.002117  0.008678  0.000000  0.000000  0.000000  2.000000  
24.163725 0.020427  0.096969  -0.026555  0.987339  0.105234  -0.118688  -0.104048  0.994441  0.016167  0.119729  -0.003613  0.992800  0.012495  0.002116  0.008544  0.000000  0.000000  0.000000  2.000000  
24.164726 0.020438  0.096971  -0.026548  0.987339  0.105220  -0.118701  -0.104048  0.994443  0.016046  0.119729  -0.003492  0.992800  0.012314  0.002110  0.008424  0.000000  0.000000  0.000000  2.000000  
24.165733 0.020450  0.096973  -0.026540  0.987323  0.105220  -0.118833  -0.104046  0.994443  0.016060  0.119862  -0.003492  0.992784  0.012165  0.002109  0.008312  0.000000  0.000000  0.000000  2.000000  
24.166980 0.020464  0.096976  -0.026530  0.987329  0.105016  -0.118968  -0.103841  0.994464  0.016049  0.119995  -0.003492  0.992768  0.012000  0.002105  0.008203  0.000000  0.000000  0.000000  2.000000  
24.167981 0.020475  0.096978  -0.026523  0.987329  0.105016  -0.118968  -0.103841  0.994464  0.016049  0.119995  -0.003492  0.992768  0.011843  0.002071  0.008042  0.000000  0.000000  0.000000  2.000000  
24.168984 0.020487  0.096981  -0.026514  0.987313  0.105016  -0.119100  -0.103839  0.994464  0.016063  0.120128  -0.003492  0.992752  0.011684  0.002073  0.007972  0.000000  0.000000  0.000000  2.000000  
24.170241 0.020502  0.096984  -0.026504  0.987297  0.105017  -0.119232  -0.103838  0.994464  0.016077  0.120261  -0.003492  0.992736  0.011571  0.002072  0.007944  0.000000  0.000000  0.000000  2.000000  
24.171477 0.020516  0.096988  -0.026493  0.987281  0.105003  -0.119377  -0.103836  0.994466  0.015970  0.120394  -0.003372  0.992721  0.011502  0.002074  0.007953  0.000000  0.000000  0.000000  2.000000  
24.172480 0.020527  0.096991  -0.026484  0.987281  0.105003  -0.119377  -0.103836  0.994466  0.015970  0.120394  -0.003372  0.992721  0.011391  0.002112  0.008023  0.000000  0.000000  0.000000  2.000000  
24.173729 0.020541  0.096993  -0.026473  0.987265  0.104989  -0.119522  -0.103834  0.994468  0.015864  0.120526  -0.003251  0.992705  0.011327  0.002122  0.008132  0.000000  0.000000  0.000000  2.000000  
24.174732 0.020552  0.096996  -0.026463  0.987249  0.104989  -0.119654  -0.103833  0.994468  0.015878  0.120659  -0.003251  0.992689  0.011282  0.002160  0.008255  0.000000  0.000000  0.000000  2.000000  
24.175977 0.020565  0.096999  -0.026453  0.987249  0.104989  -0.119654  -0.103833  0.994468  0.015878  0.120659  -0.003251  0.992689  0.011263  0.002248  0.008295  0.000000  0.000000  0.000000  2.000000  
24.176979 0.020577  0.097002  -0.026444  0.987233  0.104975  -0.119799  -0.103831  0.994470  0.015771  0.120792  -0.003131  0.992673  0.011261  0.002340  0.008349  0.000000  0.000000  0.000000  2.000000  
24.178226 0.020591  0.097005  -0.026433  0.987217  0.104975  -0.119931  -0.103829  0.994470  0.015785  0.120925  -0.003131  0.992657  0.011286  0.002461  0.008423  0.000000  0.000000  0.000000  2.000000  
24.179229 0.020602  0.097009  -0.026424  0.987217  0.104961  -0.119944  -0.103829  0.994472  0.015664  0.120925  -0.003010  0.992657  0.011289  0.002592  0.008486  0.000000  0.000000  0.000000  2.000000  
24.180477 0.020617  0.097013  -0.026413  0.987179  0.105166  -0.120073  -0.104031  0.994450  0.015703  0.121058  -0.003010  0.992641  0.011363  0.002763  0.008593  0.000000  0.000000  0.000000  2.000000  
24.181725 0.020632  0.097019  -0.026402  0.987163  0.105166  -0.120205  -0.104029  0.994450  0.015717  0.121191  -0.003010  0.992625  0.011421  0.002915  0.008692  0.000000  0.000000  0.000000  2.000000  
24.182734 0.020644  0.097024  -0.026393  0.987147  0.105152  -0.120350  -0.104027  0.994452  0.015610  0.121323  -0.002890  0.992609  0.011455  0.003083  0.008782  0.000000  0.000000  0.000000  2.000000  
24.183984 0.020660  0.097029  -0.026382  0.987125  0.105357  -0.120346  -0.104231  0.994430  0.015635  0.121323  -0.002890  0.992609  0.011546  0.003214  0.008847  0.000000  0.000000  0.000000  2.000000  
24.185231 0.020675  0.097035  -0.026370  0.987109  0.105357  -0.120479  -0.104229  0.994430  0.015649  0.121456  -0.002890  0.992593  0.011577  0.003365  0.008877  0.000000  0.000000  0.000000  2.000000  
24.186246 0.020688  0.097039  -0.026361  0.987093  0.105343  -0.120623  -0.104227  0.994432  0.015542  0.121589  -0.002769  0.992577  0.011664  0.003504  0.008953  0.000000  0.000000  0.000000  2.000000  
24.187480 0.020703  0.097045  -0.026350  0.987072  0.105548  -0.120620  -0.104430  0.994410  0.015567  0.121589  -0.002769  0.992577  0.011742  0.003600  0.008958  0.000000  0.000000  0.000000  2.000000  
24.188728 0.020719  0.097050  -0.026338  0.987055  0.105534  -0.120765  -0.104429  0.994412  0.015460  0.121722  -0.002649  0.992561  0.011882  0.003806  0.009018  0.000000  0.000000  0.000000  2.000000  
24.189729 0.020732  0.097054  -0.026329  0.987018  0.105739  -0.120894  -0.104630  0.994390  0.015499  0.121855  -0.002649  0.992544  0.011982  0.003921  0.008997  0.000000  0.000000  0.000000  2.000000  
24.190976 0.020747  0.097060  -0.026317  0.986980  0.105929  -0.121036  -0.104832  0.994370  0.015417  0.121987  -0.002528  0.992528  0.012134  0.004097  0.009065  0.000000  0.000000  0.000000  2.000000  
24.191984 0.020760  0.097064  -0.026308  0.986980  0.105914  -0.121048  -0.104832  0.994372  0.015297  0.121987  -0.002408  0.992529  0.012233  0.004218  0.009044  0.000000  0.000000  0.000000  2.000000  
24.193225 0.020775  0.097070  -0.026296  0.986942  0.106119  -0.121177  -0.105033  0.994350  0.015336  0.122120  -0.002408  0.992512  0.012315  0.004332  0.009107  0.000000  0.000000  0.000000  2.000000  
24.194227 0.020789  0.097075  -0.026287  0.986920  0.106309  -0.121187  -0.105236  0.994330  0.015240  0.122120  -0.002287  0.992513  0.012451  0.004451  0.009162  0.000000  0.000000  0.000000  2.000000  
24.195230 0.020802  0.097081  -0.026277  0.986904  0.106310  -0.121319  -0.105234  0.994330  0.015254  0.122253  -0.002287  0.992496  0.012524  0.004612  0.009224  0.000000  0.000000  0.000000  2.000000  
24.196243 0.020815  0.097087  -0.026268  0.986866  0.106515  -0.121448  -0.105436  0.994308  0.015293  0.122386  -0.002287  0.992480  0.012605  0.004728  0.009237  0.000000  0.000000  0.000000  2.000000  
24.197474 0.020831  0.097095  -0.026257  0.986845  0.106705  -0.121458  -0.105639  0.994288  0.015198  0.122386  -0.002167  0.992480  0.012702  0.004836  0.009263  0.000000  0.000000  0.000000  2.000000  
24.198477 0.020845  0.097102  -0.026248  0.986806  0.106910  -0.121587  -0.105840  0.994266  0.015237  0.122519  -0.002167  0.992464  0.012730  0.004981  0.009241  0.000000  0.000000  0.000000  2.000000  
24.199482 0.020857  0.097108  -0.026239  0.986785  0.107100  -0.121597  -0.106044  0.994246  0.015141  0.122519  -0.002047  0.992464  0.012775  0.005097  0.009230  0.000000  0.000000  0.000000  2.000000  
24.200734 0.020873  0.097115  -0.026228  0.986768  0.107100  -0.121729  -0.106042  0.994246  0.015155  0.122651  -0.002046  0.992448  0.012760  0.005209  0.009173  0.000000  0.000000  0.000000  2.000000  
24.201980 0.020888  0.097122  -0.026218  0.986730  0.107290  -0.121871  -0.106243  0.994226  0.015074  0.122784  -0.001926  0.992432  0.012714  0.005270  0.009097  0.000000  0.000000  0.000000  2.000000  
24.202980 0.020901  0.097128  -0.026209  0.986692  0.107495  -0.121999  -0.106445  0.994204  0.015113  0.122917  -0.001926  0.992415  0.012721  0.005411  0.009055  0.000000  0.000000  0.000000  2.000000  
24.204233 0.020915  0.097134  -0.026199  0.986670  0.107685  -0.122009  -0.106648  0.994183  0.015018  0.122917  -0.001806  0.992415  0.012664  0.005465  0.008917  0.000000  0.000000  0.000000  2.000000  
24.205483 0.020930  0.097141  -0.026188  0.986632  0.107875  -0.122151  -0.106849  0.994163  0.014937  0.123050  -0.001685  0.992399  0.012612  0.005557  0.008937  0.000000  0.000000  0.000000  2.000000  
24.206728 0.020945  0.097148  -0.026176  0.986593  0.108065  -0.122293  -0.107050  0.994143  0.014856  0.123182  -0.001565  0.992383  0.012582  0.005652  0.008921  0.000000  0.000000  0.000000  2.000000  
24.207979 0.020960  0.097155  -0.026165  0.986555  0.108270  -0.122422  -0.107252  0.994120  0.014895  0.123315  -0.001565  0.992366  0.012532  0.005739  0.008891  0.000000  0.000000  0.000000  2.000000  
24.209230 0.020975  0.097162  -0.026154  0.986516  0.108460  -0.122564  -0.107453  0.994100  0.014814  0.123448  -0.001444  0.992350  0.012429  0.005769  0.008820  0.000000  0.000000  0.000000  2.000000  
24.210239 0.020987  0.097168  -0.026145  0.986478  0.108665  -0.122693  -0.107654  0.994077  0.014854  0.123581  -0.001444  0.992333  0.012339  0.005828  0.008811  0.000000  0.000000  0.000000  2.000000  
24.211475 0.021002  0.097176  -0.026134  0.986439  0.108855  -0.122836  -0.107856  0.994057  0.014773  0.123714  -0.001324  0.992317  0.012241  0.005829  0.008748  0.000000  0.000000  0.000000  2.000000  
24.212476 0.021013  0.097182  -0.026126  0.986400  0.109045  -0.122978  -0.108057  0.994036  0.014692  0.123846  -0.001204  0.992301  0.012125  0.005805  0.008711  0.000000  0.000000  0.000000  2.000000  
24.213476 0.021025  0.097188  -0.026117  0.986384  0.109045  -0.123110  -0.108055  0.994036  0.014706  0.123979  -0.001204  0.992284  0.012024  0.005807  0.008691  0.000000  0.000000  0.000000  2.000000  
24.214478 0.021037  0.097194  -0.026109  0.986345  0.109235  -0.123252  -0.108256  0.994015  0.014626  0.124112  -0.001083  0.992268  0.011939  0.005748  0.008683  0.000000  0.000000  0.000000  2.000000  
24.215479 0.021047  0.097200  -0.026100  0.986345  0.109220  -0.123265  -0.108256  0.994017  0.014505  0.124112  -0.000963  0.992268  0.011829  0.005751  0.008705  0.000000  0.000000  0.000000  2.000000  
24.216480 0.021058  0.097205  -0.026091  0.986306  0.109424  -0.123394  -0.108458  0.993995  0.014545  0.124245  -0.000963  0.992251  0.011739  0.005729  0.008741  0.000000  0.000000  0.000000  2.000000  
24.217483 0.021069  0.097210  -0.026082  0.986290  0.109410  -0.123539  -0.108456  0.993996  0.014439  0.124377  -0.000842  0.992235  0.011634  0.005735  0.008770  0.000000  0.000000  0.000000  2.000000  
24.218730 0.021082  0.097217  -0.026072  0.986251  0.109599  -0.123682  -0.108657  0.993976  0.014358  0.124510  -0.000722  0.992218  0.011494  0.005710  0.008772  0.000000  0.000000  0.000000  2.000000  
24.219732 0.021093  0.097222  -0.026063  0.986212  0.109789  -0.123824  -0.108858  0.993955  0.014278  0.124643  -0.000602  0.992201  0.011430  0.005658  0.008772  0.000000  0.000000  0.000000  2.000000  
24.220988 0.021106  0.097229  -0.026053  0.986179  0.109789  -0.124088  -0.108855  0.993955  0.014307  0.124908  -0.000602  0.992168  0.011321  0.005685  0.008702  0.000000  0.000000  0.000000  2.000000  
24.222235 0.021119  0.097235  -0.026042  0.986140  0.109979  -0.124230  -0.109056  0.993934  0.014227  0.125041  -0.000481  0.992151  0.011145  0.005621  0.008624  0.000000  0.000000  0.000000  2.000000  
24.223479 0.021132  0.097241  -0.026032  0.986106  0.109964  -0.124507  -0.109052  0.993936  0.014135  0.125307  -0.000361  0.992118  0.011041  0.005563  0.008550  0.000000  0.000000  0.000000  2.000000  
24.224724 0.021146  0.097249  -0.026022  0.986090  0.109949  -0.124653  -0.109050  0.993937  0.014029  0.125439  -0.000241  0.992101  0.010988  0.005566  0.008557  0.000000  0.000000  0.000000  2.000000  
24.225726 0.021157  0.097255  -0.026013  0.986034  0.110138  -0.124927  -0.109250  0.993916  0.013964  0.125705  -0.000120  0.992068  0.010914  0.005538  0.008504  0.000000  0.000000  0.000000  2.000000  
24.226728 0.021167  0.097260  -0.026006  0.986017  0.110123  -0.125072  -0.109248  0.993918  0.013858  0.125838  0.000000  0.992051  0.010796  0.005474  0.008425  0.000000  0.000000  0.000000  2.000000  
24.227978 0.021180  0.097268  -0.025995  0.986000  0.110108  -0.125218  -0.109246  0.993920  0.013752  0.125970  0.000120  0.992034  0.010736  0.005509  0.008428  0.000000  0.000000  0.000000  2.000000  
24.229000 0.021191  0.097274  -0.025987  0.985944  0.110297  -0.125492  -0.109445  0.993899  0.013686  0.126236  0.000241  0.992000  0.010638  0.005471  0.008365  0.000000  0.000000  0.000000  2.000000  
24.230232 0.021204  0.097281  -0.025977  0.985928  0.110282  -0.125637  -0.109443  0.993900  0.013580  0.126369  0.000361  0.991983  0.010603  0.005477  0.008342  0.000000  0.000000  0.000000  2.000000  
24.231476 0.021216  0.097287  -0.025967  0.985894  0.110267  -0.125914  -0.109440  0.993902  0.013489  0.126634  0.000481  0.991949  0.010526  0.005480  0.008281  0.000000  0.000000  0.000000  2.000000  
24.232482 0.021227  0.097293  -0.025959  0.985877  0.110251  -0.126060  -0.109438  0.993904  0.013383  0.126767  0.000602  0.991932  0.010519  0.005507  0.008228  0.000000  0.000000  0.000000  2.000000  
24.233729 0.021239  0.097300  -0.025949  0.985821  0.110440  -0.126334  -0.109637  0.993882  0.013318  0.127032  0.000722  0.991898  0.010460  0.005536  0.008188  0.000000  0.000000  0.000000  2.000000  
24.234979 0.021251  0.097307  -0.025940  0.985787  0.110410  -0.126625  -0.109633  0.993886  0.013106  0.127298  0.000962  0.991864  0.010406  0.005655  0.008112  0.000000  0.000000  0.000000  2.000000  
24.235981 0.021262  0.097313  -0.025933  0.985770  0.110394  -0.126770  -0.109631  0.993887  0.013000  0.127430  0.001083  0.991847  0.010390  0.005648  0.007995  0.000000  0.000000  0.000000  2.000000  
24.236993 0.021272  0.097320  -0.025925  0.985753  0.110378  -0.126915  -0.109629  0.993889  0.012894  0.127563  0.001203  0.991830  0.010413  0.005763  0.007972  0.000000  0.000000  0.000000  2.000000  
24.238235 0.021285  0.097328  -0.025915  0.985697  0.110567  -0.127190  -0.109828  0.993868  0.012829  0.127828  0.001323  0.991795  0.010360  0.005884  0.007940  0.000000  0.000000  0.000000  2.000000  
24.239480 0.021299  0.097337  -0.025906  0.985662  0.110536  -0.127480  -0.109825  0.993871  0.012618  0.128094  0.001564  0.991761  0.010368  0.006000  0.007851  0.000000  0.000000  0.000000  2.000000  
24.240481 0.021309  0.097344  -0.025899  0.985628  0.110520  -0.127758  -0.109821  0.993872  0.012526  0.128359  0.001684  0.991726  0.010350  0.006058  0.007790  -0.092338  0.161916  0.075482  2.000000  
24.241725 0.021323  0.097354  -0.025889  0.985572  0.110709  -0.128032  -0.110020  0.993851  0.012462  0.128625  0.001804  0.991692  0.010385  0.006228  0.007773  -0.095604  0.165044  0.074846  2.000000  
24.242729 0.021333  0.097361  -0.025882  0.985554  0.110693  -0.128178  -0.110018  0.993853  0.012356  0.128757  0.001925  0.991674  0.010359  0.006293  0.007658  -0.097267  0.166430  0.068586  2.000000  
24.243978 0.021347  0.097370  -0.025872  0.985498  0.110881  -0.128452  -0.110217  0.993832  0.012291  0.129023  0.002045  0.991640  0.010450  0.006467  0.007684  -0.096446  0.169517  0.067993  2.000000  
24.244979 0.021358  0.097378  -0.025865  0.985480  0.110850  -0.128611  -0.110215  0.993835  0.012065  0.129155  0.002285  0.991622  0.010433  0.006589  0.007574  -0.105400  0.170946  0.068541  2.000000  
24.246240 0.021371  0.097388  -0.025856  0.985423  0.111038  -0.128886  -0.110414  0.993813  0.012000  0.129421  0.002406  0.991587  0.010480  0.006789  0.007516  -0.104524  0.174017  0.067955  2.000000  
24.247479 0.021384  0.097397  -0.025846  0.985406  0.111022  -0.129031  -0.110412  0.993815  0.011894  0.129553  0.002526  0.991569  0.010520  0.006952  0.007509  -0.104513  0.174022  0.067931  2.000000  
24.248479 0.021396  0.097406  -0.025839  0.985349  0.111211  -0.129306  -0.110611  0.993793  0.011830  0.129819  0.002646  0.991534  0.010620  0.007155  0.007492  -0.104493  0.178480  0.067899  2.000000  
24.249482 0.021407  0.097414  -0.025831  0.985332  0.111179  -0.129464  -0.110609  0.993796  0.011604  0.129951  0.002886  0.991516  0.010684  0.007333  0.007497  -0.110308  0.179965  0.061565  2.000000  
24.250732 0.021421  0.097425  -0.025822  0.985274  0.111367  -0.129739  -0.110808  0.993775  0.011540  0.130217  0.003007  0.991481  0.010802  0.007603  0.007536  -0.113510  0.180014  0.068430  2.000000  
24.251979 0.021436  0.097437  -0.025811  0.985234  0.111555  -0.129882  -0.111009  0.993753  0.011461  0.130349  0.003127  0.991463  0.010898  0.007814  0.007575  -0.113501  0.180023  0.068407  2.000000  
24.252979 0.021448  0.097447  -0.025804  0.985176  0.111743  -0.130157  -0.111208  0.993732  0.011396  0.130615  0.003247  0.991428  0.011022  0.008042  0.007577  -0.112587  0.184514  0.075231  2.000000  
24.253980 0.021460  0.097457  -0.025795  0.985159  0.111727  -0.130302  -0.111206  0.993733  0.011291  0.130747  0.003367  0.991410  0.011091  0.008239  0.007625  -0.112561  0.180010  0.075207  2.000000  
24.255227 0.021475  0.097469  -0.025786  0.985101  0.111915  -0.130577  -0.111405  0.993712  0.011227  0.131013  0.003487  0.991375  0.011249  0.008494  0.007664  -0.115666  0.182996  0.074569  2.000000  
24.256244 0.021488  0.097480  -0.025778  0.985061  0.112103  -0.130720  -0.111606  0.993690  0.011148  0.131145  0.003607  0.991357  0.011353  0.008679  0.007686  -0.115668  0.179955  0.081996  2.000000  
24.257476 0.021504  0.097493  -0.025768  0.985003  0.112291  -0.130995  -0.111805  0.993668  0.011085  0.131411  0.003728  0.991321  0.011568  0.008992  0.007755  -0.113860  0.183026  0.088126  2.000000  
24.258478 0.021516  0.097504  -0.025760  0.984963  0.112479  -0.131138  -0.112005  0.993647  0.011006  0.131543  0.003848  0.991303  0.011658  0.009199  0.007780  -0.113898  0.184564  0.095692  2.000000  
24.259479 0.021529  0.097515  -0.025751  0.984945  0.112447  -0.131297  -0.112004  0.993649  0.010780  0.131676  0.004088  0.991284  0.011799  0.009412  0.007842  -0.118867  0.180097  0.088818  2.000000  
24.260725 0.021545  0.097528  -0.025741  0.984864  0.112839  -0.131570  -0.112405  0.993604  0.010744  0.131941  0.004208  0.991249  0.011971  0.009588  0.007895  -0.113011  0.184689  0.102522  2.000000  
24.261978 0.021562  0.097542  -0.025731  0.984806  0.113026  -0.131845  -0.112604  0.993583  0.010680  0.132206  0.004328  0.991213  0.012227  0.009956  0.007978  -0.112076  0.184700  0.109349  2.000000  
24.262978 0.021576  0.097554  -0.025722  0.984765  0.113214  -0.131989  -0.112804  0.993561  0.010602  0.132339  0.004449  0.991195  0.012400  0.010200  0.008066  -0.110232  0.183181  0.115213  2.000000  
24.264230 0.021593  0.097568  -0.025711  0.984724  0.113386  -0.132146  -0.113005  0.993540  0.010403  0.132472  0.004689  0.991176  0.012596  0.010396  0.008141  -0.114290  0.178801  0.115227  2.000000  
24.265480 0.021610  0.097583  -0.025701  0.984665  0.113573  -0.132421  -0.113204  0.993518  0.010340  0.132737  0.004809  0.991140  0.012828  0.010658  0.008198  -0.110195  0.180271  0.122973  2.000000  
24.266481 0.021625  0.097595  -0.025692  0.984624  0.113745  -0.132578  -0.113405  0.993497  0.010142  0.132869  0.005049  0.991121  0.012995  0.010869  0.008256  -0.113352  0.180312  0.129797  2.000000  
24.267482 0.021640  0.097608  -0.025684  0.984566  0.113932  -0.132853  -0.113603  0.993475  0.010079  0.133135  0.005169  0.991084  0.013211  0.011105  0.008246  -0.113311  0.180317  0.129763  2.000000  
24.268483 0.021654  0.097621  -0.025676  0.984525  0.114120  -0.132997  -0.113804  0.993453  0.010001  0.133267  0.005289  0.991066  0.013358  0.011313  0.008262  -0.112380  0.180341  0.136587  2.000000  
