1-Time 2-Px 3-Py 4-Pz 5-R11 6-R21 7-R31 8-R12 9-R22 10-R32 11-R13 12-R23 13-R33 14-Vx 15-Vy 16-Vz 17-Wx 18-Wy 19-Wz 20-state 21-PR11 22-PR21 23-PR31 24-PR12 25-PR22 26-PR32 27-PR13 28-PR23 29-PR33 
119.394401 0.007325  0.099310  -0.001038  0.999138  0.040624  0.008580  -0.040956  0.998242  0.042853  -0.006824  -0.043167  0.999045  -0.000993  0.000834  0.000589  0.000000  0.000000  0.000000  2.000000  1.000000  0.000000  0.000000  -0.000000  1.000000  0.000000  0.000000  -0.000000  1.000000  0.999996  0.002674  0.000116  -0.002674  0.999996  -0.000625  -0.000117  0.000625  1.000000  1.000000  0.000000  0.000000  0.000000  1.000000  0.000000  0.000000  0.000000  1.000000  0.770051  0.069887  0.634143  -0.227933  0.958517  0.171147  -0.595876  -0.276334  0.754037  0.000000  0.000000  
119.395650 0.007323  0.099313  -0.001036  0.999128  0.040824  0.008722  -0.041162  0.998233  0.042846  -0.006957  -0.043167  0.999044  -0.001004  0.000950  0.000742  0.000000  0.000000  0.000000  2.000000  1.000000  0.000000  0.000000  0.000000  1.000000  0.000000  0.000000  0.000000  1.000000  0.999997  0.002462  0.000240  -0.002462  0.999997  -0.000624  -0.000242  0.000623  1.000000  1.000000  0.000000  0.000000  0.000000  1.000000  0.000000  0.000000  0.000000  1.000000  1.000000  0.000000  0.000000  0.000000  1.000000  0.000000  0.000000  0.000000  1.000000  0.000000  0.000000  
119.396650 0.007323  0.099315  -0.001035  0.999120  0.041030  0.008731  -0.041367  0.998225  0.042844  -0.006957  -0.043167  0.999044  -0.000968  0.001036  0.000807  0.000000  0.000000  0.000000  2.000000  1.000000  0.000000  0.000000  0.000000  1.000000  0.000000  0.000000  0.000000  1.000000  0.999997  0.002462  0.000240  -0.002462  0.999997  -0.000503  -0.000242  0.000502  1.000000  1.000000  0.000000  0.000000  0.000000  1.000000  0.000000  0.000000  0.000000  1.000000  1.000000  0.000000  0.000000  0.000000  1.000000  0.000000  0.000000  0.000000  1.000000  0.000000  0.000000  
119.397901 0.007324  0.099318  -0.001033  0.999094  0.041645  0.008762  -0.041984  0.998194  0.042959  -0.006957  -0.043288  0.999038  -0.000834  0.001189  0.000947  0.000000  0.000000  0.000000  2.000000  1.000000  0.000000  0.000000  0.000000  1.000000  0.000000  0.000000  0.000000  1.000000  0.999997  0.002462  0.000241  -0.002462  0.999997  -0.000381  -0.000242  0.000381  1.000000  1.000000  0.000000  0.000000  0.000000  1.000000  0.000000  0.000000  0.000000  1.000000  1.000000  0.000000  0.000000  0.000000  1.000000  0.000000  0.000000  0.000000  1.000000  0.000000  0.000000  
119.398905 0.007324  0.099320  -0.001031  0.999085  0.041850  0.008776  -0.042190  0.998180  0.043079  -0.006957  -0.043410  0.999033  -0.000768  0.001304  0.001033  0.000000  0.000000  0.000000  2.000000  1.000000  0.000000  0.000000  0.000000  1.000000  0.000000  0.000000  0.000000  1.000000  0.999996  0.002668  0.000250  -0.002668  0.999996  -0.000383  -0.000251  0.000382  1.000000  1.000000  0.000000  0.000000  0.000000  1.000000  0.000000  0.000000  0.000000  1.000000  1.000000  0.000000  0.000000  0.000000  1.000000  0.000000  0.000000  0.000000  1.000000  0.000044  0.000000  
119.400150 0.007324  0.099322  -0.001030  0.999069  0.042265  0.008666  -0.042601  0.998158  0.043202  -0.006824  -0.043531  0.999029  -0.000651  0.001426  0.001119  -0.017489  -0.007573  0.172831  2.000000  1.000000  0.000000  0.000000  0.000000  1.000000  0.000000  0.000000  0.000000  1.000000  0.999996  0.002879  0.000125  -0.002879  0.999996  -0.000141  -0.000125  0.000141  1.000000  1.000000  0.000000  0.000000  0.000000  1.000000  0.000000  0.000000  0.000000  1.000000  1.000000  0.000000  0.000000  0.000000  1.000000  0.000000  0.000000  0.000000  1.000000  0.000044  0.000000  
119.401150 0.007325  0.099325  -0.001028  0.999052  0.042681  0.008555  -0.043013  0.998135  0.043325  -0.006690  -0.043652  0.999024  -0.000525  0.001521  0.001185  -0.009375  -0.003384  0.180031  2.000000  1.000000  0.000000  0.000000  0.000000  1.000000  0.000000  0.000000  0.000000  1.000000  0.999996  0.002885  -0.000008  -0.002885  0.999996  -0.000019  0.000008  0.000019  1.000000  1.000000  0.000000  0.000000  0.000000  1.000000  0.000000  0.000000  0.000000  1.000000  1.000000  0.000000  0.000000  0.000000  1.000000  0.000000  0.000000  0.000000  1.000000  0.000044  0.000000  
119.402153 0.007326  0.099327  -0.001027  0.999034  0.043091  0.008578  -0.043424  0.998112  0.043443  -0.006690  -0.043773  0.999019  -0.000386  0.001618  0.001278  -0.005338  -0.003696  0.186801  2.000000  1.000000  0.000000  0.000000  0.000000  1.000000  0.000000  0.000000  0.000000  1.000000  0.999995  0.003297  0.000010  -0.003297  0.999995  0.000099  -0.000010  -0.000099  1.000000  1.000000  0.000000  0.000000  0.000000  1.000000  0.000000  0.000000  0.000000  1.000000  1.000000  0.000000  0.000000  0.000000  1.000000  0.000000  0.000000  0.000000  1.000000  0.000046  0.000000  
119.403408 0.007328  0.099331  -0.001024  0.998999  0.043918  0.008486  -0.044247  0.998070  0.043563  -0.006556  -0.043894  0.999015  -0.000210  0.001799  0.001406  -0.001342  0.000177  0.200765  2.000000  1.000000  0.000000  0.000000  0.000000  1.000000  0.000000  0.000000  0.000000  1.000000  0.999992  0.003919  -0.000096  -0.003919  0.999992  0.000459  0.000097  -0.000459  1.000000  1.000000  0.000000  0.000000  0.000000  1.000000  0.000000  0.000000  0.000000  1.000000  1.000000  0.000000  0.000000  0.000000  1.000000  0.000000  0.000000  0.000000  1.000000  0.000051  0.000000  
119.404655 0.007329  0.099334  -0.001020  0.998962  0.044739  0.008527  -0.045070  0.998029  0.043677  -0.006556  -0.044016  0.999009  -0.000017  0.001935  0.001555  0.006670  -0.000734  0.221530  2.000000  1.000000  0.000000  0.000000  0.000000  1.000000  0.000000  0.000000  0.000000  1.000000  0.999990  0.004536  -0.000068  -0.004536  0.999990  0.000576  0.000071  -0.000576  1.000000  1.000000  0.000000  0.000000  0.000000  1.000000  0.000000  0.000000  0.000000  1.000000  1.000000  0.000000  0.000000  0.000000  1.000000  0.000000  0.000000  0.000000  1.000000  0.000054  0.000000  
119.405904 0.007332  0.099338  -0.001017  0.998925  0.045558  0.008574  -0.045892  0.997981  0.043912  -0.006556  -0.044258  0.998999  0.000240  0.002151  0.001705  0.014683  -0.001674  0.242260  2.000000  1.000000  0.000067  0.000113  -0.000067  1.000000  0.000017  -0.000113  -0.000017  1.000000  0.999986  0.005359  -0.000031  -0.005359  0.999985  0.000692  0.000035  -0.000692  1.000000  1.000000  0.000034  0.000058  -0.000034  1.000000  0.000009  -0.000058  -0.000009  1.000000  1.000000  0.000067  0.000113  -0.000067  1.000000  0.000017  -0.000113  -0.000017  1.000000  0.000061  0.005404  
119.407153 0.007335  0.099343  -0.001012  0.998877  0.046585  0.008625  -0.046920  0.997928  0.044024  -0.006556  -0.044379  0.998993  0.000521  0.002377  0.001918  0.022695  -0.002587  0.262993  2.000000  1.000000  0.000248  0.000425  -0.000248  1.000000  0.000071  -0.000425  -0.000071  1.000000  0.999981  0.006182  0.000007  -0.006182  0.999980  0.001050  -0.000000  -0.001050  0.999999  1.000000  0.000039  0.000067  -0.000039  1.000000  0.000013  -0.000067  -0.000013  1.000000  1.000000  0.000248  0.000425  -0.000248  1.000000  0.000071  -0.000425  -0.000071  1.000000  0.000065  0.006270  
119.408423 0.007338  0.099349  -0.001007  0.998829  0.047617  0.008542  -0.047949  0.997874  0.044142  -0.006422  -0.044500  0.998989  0.000859  0.002660  0.002171  0.026401  0.000663  0.288602  2.000000  1.000000  0.000452  0.000783  -0.000453  1.000000  0.000139  -0.000783  -0.000140  1.000000  0.999975  0.007004  0.000044  -0.007004  0.999975  0.001166  -0.000036  -0.001166  0.999999  1.000000  0.000043  0.000076  -0.000043  1.000000  0.000015  -0.000076  -0.000015  1.000000  1.000000  0.000452  0.000783  -0.000453  1.000000  0.000139  -0.000783  -0.000140  1.000000  0.000072  0.007101  
119.409655 0.007342  0.099355  -0.001002  0.998769  0.048847  0.008609  -0.049182  0.997804  0.044374  -0.006422  -0.044743  0.998978  0.001252  0.002957  0.002431  0.038646  -0.000570  0.318455  2.000000  0.999999  0.000653  0.001111  -0.000653  1.000000  0.000202  -0.001110  -0.000203  0.999999  0.999968  0.008045  -0.000177  -0.008044  0.999967  0.001281  0.000187  -0.001280  0.999999  1.000000  0.000052  0.000086  -0.000052  1.000000  0.000016  -0.000086  -0.000016  1.000000  0.999999  0.000653  0.001111  -0.000653  1.000000  0.000202  -0.001110  -0.000203  0.999999  0.000078  0.008148  
119.410896 0.007347  0.099362  -0.000996  0.998719  0.049879  0.008527  -0.050210  0.997747  0.044493  -0.006288  -0.044864  0.998973  0.001624  0.003251  0.002686  0.042574  0.002679  0.346396  2.000000  0.999998  0.000885  0.001492  -0.000885  1.000000  0.000274  -0.001492  -0.000276  0.999999  0.999957  0.009285  -0.000253  -0.009284  0.999956  0.001517  0.000267  -0.001514  0.999999  1.000000  0.000061  0.000099  -0.000061  1.000000  0.000019  -0.000099  -0.000019  1.000000  0.999998  0.000885  0.001492  -0.000885  1.000000  0.000274  -0.001492  -0.000276  0.999999  0.000086  0.009411  
119.411903 0.007351  0.099367  -0.000991  0.998667  0.050910  0.008452  -0.051238  0.997684  0.044733  -0.006155  -0.045106  0.998963  0.001895  0.003446  0.002879  0.050517  0.005595  0.381094  2.000000  0.999998  0.001141  0.001919  -0.001141  0.999999  0.000356  -0.001918  -0.000358  0.999998  0.999947  0.010313  -0.000204  -0.010312  0.999945  0.001754  0.000222  -0.001752  0.999998  1.000000  0.000067  0.000110  -0.000067  1.000000  0.000022  -0.000110  -0.000022  1.000000  0.999998  0.001141  0.001919  -0.001141  0.999999  0.000356  -0.001918  -0.000358  0.999998  0.000095  0.010463  
119.412903 0.007356  0.099373  -0.000986  0.998614  0.051935  0.008510  -0.052266  0.997620  0.044966  -0.006155  -0.045349  0.998952  0.002184  0.003651  0.003103  0.062572  0.004345  0.408783  2.000000  0.999996  0.001421  0.002385  -0.001422  0.999999  0.000452  -0.002384  -0.000455  0.999997  0.999936  0.011341  -0.000157  -0.011341  0.999934  0.001989  0.000179  -0.001988  0.999998  1.000000  0.000073  0.000122  -0.000073  1.000000  0.000025  -0.000122  -0.000025  1.000000  0.999996  0.001421  0.002385  -0.001422  0.999999  0.000452  -0.002384  -0.000455  0.999997  0.000103  0.011515  
119.414150 0.007362  0.099378  -0.000980  0.998550  0.053171  0.008445  -0.053500  0.997544  0.045205  -0.006021  -0.045591  0.998942  0.002524  0.003841  0.003389  0.070524  0.007247  0.443506  2.000000  0.999994  0.001809  0.003027  -0.001810  0.999998  0.000585  -0.003026  -0.000591  0.999995  0.999923  0.012375  -0.000241  -0.012375  0.999921  0.002227  0.000268  -0.002224  0.999997  1.000000  0.000080  0.000132  -0.000080  1.000000  0.000028  -0.000132  -0.000028  1.000000  0.999994  0.001809  0.003027  -0.001810  0.999998  0.000585  -0.003026  -0.000591  0.999995  0.000112  0.012577  
119.415150 0.007367  0.099383  -0.000975  0.998484  0.054407  0.008381  -0.054733  0.997466  0.045444  -0.005887  -0.045833  0.998932  0.002852  0.004061  0.003631  0.078503  0.010143  0.478368  2.000000  0.999991  0.002145  0.003589  -0.002148  0.999997  0.000706  -0.003588  -0.000713  0.999993  0.999907  0.013609  -0.000180  -0.013609  0.999904  0.002582  0.000215  -0.002580  0.999997  1.000000  0.000087  0.000146  -0.000087  1.000000  0.000032  -0.000146  -0.000032  1.000000  0.999991  0.002145  0.003589  -0.002148  0.999997  0.000706  -0.003588  -0.000713  0.999993  0.000121  0.013854  
119.416400 0.007372  0.099388  -0.000969  0.998404  0.055842  0.008467  -0.056172  0.997370  0.045794  -0.005887  -0.046197  0.998915  0.003168  0.004231  0.003970  0.090419  0.007886  0.526722  2.000000  0.999987  0.002609  0.004349  -0.002612  0.999996  0.000874  -0.004347  -0.000885  0.999990  0.999893  0.014650  -0.000396  -0.014649  0.999889  0.002820  0.000438  -0.002814  0.999996  1.000000  0.000096  0.000156  -0.000096  1.000000  0.000035  -0.000156  -0.000035  1.000000  0.999987  0.002609  0.004349  -0.002612  0.999996  0.000874  -0.004347  -0.000885  0.999990  0.000130  0.014924  
119.417651 0.007379  0.099393  -0.000963  0.998323  0.057282  0.008420  -0.057611  0.997272  0.046153  -0.005753  -0.046560  0.998899  0.003467  0.004336  0.004171  0.106480  0.010447  0.568298  2.000000  0.999982  0.003111  0.005173  -0.003116  0.999995  0.001064  -0.005169  -0.001080  0.999986  0.999874  0.015884  -0.000334  -0.015883  0.999869  0.003176  0.000384  -0.003170  0.999995  1.000000  0.000103  0.000170  -0.000103  1.000000  0.000040  -0.000170  -0.000040  1.000000  0.999982  0.003111  0.005173  -0.003116  0.999995  0.001064  -0.005169  -0.001080  0.999986  0.000144  0.016202  
119.418656 0.007383  0.099396  -0.000959  0.998251  0.058512  0.008491  -0.058844  0.997189  0.046384  -0.005753  -0.046803  0.998888  0.003679  0.004342  0.004283  0.114334  0.013000  0.609988  2.000000  0.999978  0.003433  0.005698  -0.003440  0.999993  0.001189  -0.005694  -0.001208  0.999983  0.999860  0.016713  -0.000423  -0.016711  0.999855  0.003415  0.000480  -0.003408  0.999994  1.000000  0.000109  0.000178  -0.000109  1.000000  0.000043  -0.000178  -0.000043  1.000000  0.999978  0.003433  0.005698  -0.003440  0.999993  0.001189  -0.005694  -0.001208  0.999983  0.000153  0.017063  
119.419904 0.007389  0.099401  -0.000954  0.998166  0.059952  0.008446  -0.060283  0.997086  0.046743  -0.005620  -0.047166  0.998871  0.003975  0.004384  0.004401  0.126277  0.015188  0.658462  2.000000  0.999970  0.003999  0.006628  -0.004008  0.999991  0.001407  -0.006623  -0.001434  0.999977  0.999839  0.017946  -0.000359  -0.017945  0.999832  0.003650  0.000424  -0.003643  0.999993  1.000000  0.000116  0.000192  -0.000116  1.000000  0.000046  -0.000192  -0.000046  1.000000  0.999970  0.003999  0.006628  -0.004008  0.999991  0.001407  -0.006623  -0.001434  0.999977  0.000168  0.018317  
119.420907 0.007394  0.099404  -0.000950  0.998090  0.061182  0.008519  -0.061516  0.997000  0.046974  -0.005620  -0.047409  0.998860  0.004221  0.004406  0.004504  0.134208  0.008734  0.699693  2.000000  0.999962  0.004475  0.007419  -0.004487  0.999989  0.001592  -0.007412  -0.001626  0.999971  0.999824  0.018769  -0.000316  -0.018767  0.999816  0.003889  0.000389  -0.003883  0.999992  1.000000  0.000121  0.000201  -0.000121  1.000000  0.000049  -0.000201  -0.000049  1.000000  0.999962  0.004475  0.007419  -0.004487  0.999989  0.001592  -0.007412  -0.001626  0.999971  0.000178  0.019171  
119.422155 0.007401  0.099408  -0.000944  0.998001  0.062621  0.008476  -0.062954  0.996893  0.047333  -0.005486  -0.047772  0.998843  0.004418  0.004390  0.004589  0.150262  0.010939  0.748293  2.000000  0.999953  0.004976  0.008261  -0.004991  0.999986  0.001784  -0.008252  -0.001825  0.999964  0.999800  0.020002  -0.000252  -0.020001  0.999792  0.004005  0.000332  -0.003999  0.999992  1.000000  0.000128  0.000215  -0.000128  1.000000  0.000050  -0.000215  -0.000050  1.000000  0.999953  0.004976  0.008261  -0.004991  0.999986  0.001784  -0.008252  -0.001825  0.999964  0.000191  0.020402  
119.423404 0.007408  0.099415  -0.000939  0.997896  0.064261  0.008570  -0.064598  0.996777  0.047561  -0.005486  -0.048014  0.998832  0.004645  0.004407  0.004587  0.158115  0.008640  0.796673  2.000000  0.999940  0.005626  0.009356  -0.005645  0.999982  0.002031  -0.009345  -0.002084  0.999954  0.999787  0.020619  -0.000216  -0.020618  0.999779  0.004122  0.000301  -0.004117  0.999991  1.000000  0.000132  0.000222  -0.000132  1.000000  0.000051  -0.000222  -0.000052  1.000000  0.999940  0.005626  0.009356  -0.005645  0.999982  0.002031  -0.009345  -0.002084  0.999954  0.000202  0.021029  
119.424654 0.007415  0.099420  -0.000933  0.997789  0.065906  0.008539  -0.066241  0.996652  0.047918  -0.005352  -0.048378  0.998815  0.004807  0.004373  0.004599  0.170105  0.010456  0.852404  2.000000  0.999925  0.006297  0.010504  -0.006321  0.999977  0.002285  -0.010490  -0.002351  0.999942  0.999770  0.021442  -0.000171  -0.021441  0.999761  0.004241  0.000262  -0.004236  0.999991  1.000000  0.000136  0.000231  -0.000136  1.000000  0.000053  -0.000231  -0.000053  1.000000  0.999925  0.006297  0.010504  -0.006321  0.999977  0.002285  -0.010490  -0.002351  0.999942  0.000214  0.021859  
119.425906 0.007421  0.099427  -0.000927  0.997694  0.067347  0.008491  -0.067679  0.996544  0.048157  -0.005218  -0.048620  0.998804  0.004944  0.004315  0.004565  0.178033  0.017747  0.887308  2.000000  0.999907  0.006995  0.011690  -0.007025  0.999972  0.002546  -0.011672  -0.002628  0.999928  0.999752  0.022271  -0.000257  -0.022269  0.999743  0.004360  0.000354  -0.004353  0.999990  1.000000  0.000142  0.000239  -0.000143  1.000000  0.000054  -0.000239  -0.000054  1.000000  0.999907  0.006995  0.011690  -0.007025  0.999972  0.002546  -0.011672  -0.002628  0.999928  0.000229  0.022696  
119.427150 0.007428  0.099433  -0.000921  0.997567  0.069196  0.008472  -0.069527  0.996400  0.048513  -0.005084  -0.048984  0.998787  0.005043  0.004308  0.004639  0.190063  0.019848  0.936070  2.000000  0.999891  0.007575  0.012674  -0.007611  0.999967  0.002763  -0.012652  -0.002859  0.999916  0.999729  0.023298  -0.000201  -0.023297  0.999719  0.004475  0.000305  -0.004469  0.999990  1.000000  0.000148  0.000251  -0.000148  1.000000  0.000056  -0.000251  -0.000056  1.000000  0.999891  0.007575  0.012674  -0.007611  0.999967  0.002763  -0.012652  -0.002859  0.999916  0.000238  0.023727  
119.428153 0.007434  0.099438  -0.000916  0.997480  0.070426  0.008540  -0.070760  0.996308  0.048623  -0.005084  -0.049105  0.998781  0.005076  0.004279  0.004584  0.189841  0.018135  0.970569  2.000000  0.999873  0.008179  0.013689  -0.008220  0.999962  0.002984  -0.013664  -0.003097  0.999902  0.999719  0.023716  -0.000309  -0.023715  0.999708  0.004596  0.000418  -0.004588  0.999989  1.000000  0.000152  0.000254  -0.000152  1.000000  0.000057  -0.000254  -0.000057  1.000000  0.999873  0.008179  0.013689  -0.008220  0.999962  0.002984  -0.013664  -0.003097  0.999902  0.000245  0.024161  
119.429401 0.007440  0.099444  -0.000909  0.997348  0.072275  0.008523  -0.072608  0.996157  0.048979  -0.004951  -0.049468  0.998763  0.005100  0.004291  0.004648  0.197845  0.015650  1.018997  2.000000  0.999848  0.008955  0.014991  -0.009005  0.999954  0.003266  -0.014961  -0.003401  0.999882  0.999699  0.024545  -0.000396  -0.024543  0.999688  0.004716  0.000512  -0.004705  0.999989  1.000000  0.000158  0.000263  -0.000158  1.000000  0.000059  -0.000263  -0.000059  1.000000  0.999848  0.008955  0.014991  -0.009005  0.999954  0.003266  -0.014961  -0.003401  0.999882  0.000258  0.024999  
119.430650 0.007446  0.099451  -0.000901  0.997228  0.073920  0.008489  -0.074250  0.996024  0.049217  -0.004817  -0.049711  0.998752  0.005139  0.004411  0.004798  0.201831  0.013530  1.060544  2.000000  0.999819  0.009744  0.016327  -0.009803  0.999946  0.003551  -0.016292  -0.003711  0.999860  0.999688  0.024956  -0.000370  -0.024954  0.999677  0.004716  0.000488  -0.004706  0.999989  1.000000  0.000161  0.000268  -0.000161  1.000000  0.000059  -0.000267  -0.000059  1.000000  0.999819  0.009744  0.016327  -0.009803  0.999946  0.003551  -0.016292  -0.003711  0.999860  0.000271  0.025402  
119.431650 0.007450  0.099455  -0.000895  0.997120  0.075355  0.008569  -0.075687  0.995911  0.049325  -0.004817  -0.049832  0.998746  0.005062  0.004412  0.004863  0.199983  0.011687  1.086156  2.000000  0.999795  0.010380  0.017406  -0.010447  0.999938  0.003780  -0.017366  -0.003961  0.999841  0.999678  0.025361  -0.000210  -0.025360  0.999667  0.004835  0.000332  -0.004828  0.999988  1.000000  0.000161  0.000273  -0.000161  1.000000  0.000060  -0.000273  -0.000060  1.000000  0.999795  0.010380  0.017406  -0.010447  0.999938  0.003780  -0.017366  -0.003961  0.999841  0.000280  0.025821  
119.432904 0.007455  0.099461  -0.000887  0.996979  0.077204  0.008546  -0.077535  0.995757  0.049561  -0.004683  -0.050074  0.998735  0.005002  0.004514  0.005041  0.199864  0.009487  1.127118  2.000000  0.999761  0.011186  0.018780  -0.011265  0.999928  0.004065  -0.018733  -0.004275  0.999815  0.999668  0.025772  -0.000183  -0.025771  0.999656  0.004836  0.000308  -0.004830  0.999988  1.000000  0.000164  0.000277  -0.000164  1.000000  0.000060  -0.000277  -0.000060  1.000000  0.999761  0.011186  0.018780  -0.011265  0.999928  0.004065  -0.018733  -0.004275  0.999815  0.000288  0.026225  
119.434150 0.007459  0.099467  -0.000880  0.996850  0.078848  0.008523  -0.079177  0.995610  0.049920  -0.004549  -0.050438  0.998717  0.004923  0.004601  0.005113  0.207920  0.012374  1.155020  2.000000  0.999724  0.012007  0.020178  -0.012097  0.999917  0.004347  -0.020124  -0.004590  0.999787  0.999663  0.025978  -0.000166  -0.025977  0.999651  0.004838  0.000292  -0.004832  0.999988  1.000000  0.000165  0.000280  -0.000165  1.000000  0.000060  -0.000280  -0.000060  1.000000  0.999724  0.012007  0.020178  -0.012097  0.999917  0.004347  -0.020124  -0.004590  0.999787  0.000295  0.026427  
119.435154 0.007463  0.099472  -0.000875  0.996752  0.080083  0.008461  -0.080408  0.995505  0.050041  -0.004415  -0.050559  0.998711  0.004851  0.004699  0.005171  0.209673  0.016500  1.171668  2.000000  0.999700  0.012509  0.021036  -0.012607  0.999910  0.004518  -0.020978  -0.004782  0.999769  0.999641  0.026807  -0.000252  -0.026805  0.999629  0.004837  0.000382  -0.004828  0.999988  1.000000  0.000171  0.000288  -0.000171  1.000000  0.000060  -0.000288  -0.000060  1.000000  0.999700  0.012509  0.021036  -0.012607  0.999910  0.004518  -0.020978  -0.004782  0.999769  0.000297  0.027243  
119.436154 0.007466  0.099477  -0.000870  0.996636  0.081523  0.008420  -0.081844  0.995376  0.050281  -0.004282  -0.050801  0.998700  0.004763  0.004841  0.005241  0.211862  0.018974  1.196410  2.000000  0.999667  0.013186  0.022193  -0.013295  0.999900  0.004743  -0.022128  -0.005037  0.999742  0.999635  0.027005  -0.000102  -0.027005  0.999624  0.004836  0.000232  -0.004831  0.999988  1.000000  0.000171  0.000291  -0.000171  1.000000  0.000060  -0.000291  -0.000060  1.000000  0.999667  0.013186  0.022193  -0.013295  0.999900  0.004743  -0.022128  -0.005037  0.999742  0.000304  0.027438  
119.437403 0.007471  0.099483  -0.000864  0.996483  0.083365  0.008533  -0.083691  0.995211  0.050507  -0.004282  -0.051043  0.998687  0.004585  0.004924  0.005261  0.215810  0.017451  1.224145  2.000000  0.999622  0.014043  0.023656  -0.014166  0.999887  0.005018  -0.023583  -0.005351  0.999708  0.999630  0.027218  -0.000218  -0.027216  0.999618  0.004717  0.000346  -0.004709  0.999989  1.000000  0.000173  0.000293  -0.000173  1.000000  0.000059  -0.000293  -0.000059  1.000000  0.999622  0.014043  0.023656  -0.014166  0.999887  0.005018  -0.023583  -0.005351  0.999708  0.000309  0.027627  
119.438650 0.007475  0.099490  -0.000859  0.996344  0.085007  0.008514  -0.085332  0.995053  0.050866  -0.004148  -0.051407  0.998669  0.004397  0.004981  0.005267  0.221884  0.016565  1.248778  2.000000  0.999573  0.014911  0.025131  -0.015048  0.999873  0.005286  -0.025049  -0.005662  0.999670  0.999624  0.027423  -0.000201  -0.027422  0.999613  0.004598  0.000327  -0.004591  0.999989  1.000000  0.000174  0.000295  -0.000174  1.000000  0.000057  -0.000295  -0.000057  1.000000  0.999573  0.014911  0.025131  -0.015048  0.999873  0.005286  -0.025049  -0.005662  0.999670  0.000315  0.027810  
119.439650 0.007479  0.099495  -0.000855  0.996220  0.086447  0.008465  -0.086768  0.994923  0.050986  -0.004014  -0.051528  0.998663  0.004291  0.005011  0.005215  0.219876  0.019730  1.258404  2.000000  0.999532  0.015603  0.026312  -0.015753  0.999861  0.005493  -0.026222  -0.005905  0.999639  0.999624  0.027430  -0.000328  -0.027429  0.999614  0.004480  0.000451  -0.004469  0.999990  1.000000  0.000176  0.000295  -0.000176  1.000000  0.000056  -0.000295  -0.000056  1.000000  0.999532  0.015603  0.026312  -0.015753  0.999861  0.005493  -0.026222  -0.005905  0.999639  0.000319  0.027798  
119.440652 0.007482  0.099501  -0.000851  0.996095  0.087886  0.008426  -0.088203  0.994784  0.051227  -0.003880  -0.051770  0.998651  0.004089  0.005002  0.005167  0.225815  0.018989  1.282333  2.000000  0.999489  0.016300  0.027498  -0.016463  0.999848  0.005697  -0.027401  -0.006146  0.999606  0.999618  0.027629  -0.000177  -0.027628  0.999608  0.004479  0.000301  -0.004472  0.999990  1.000000  0.000175  0.000298  -0.000175  1.000000  0.000056  -0.000298  -0.000056  1.000000  0.999489  0.016300  0.027498  -0.016463  0.999848  0.005697  -0.027401  -0.006146  0.999606  0.000324  0.027993  
119.441910 0.007486  0.099508  -0.000845  0.995948  0.089522  0.008532  -0.089844  0.994626  0.051454  -0.003880  -0.052013  0.998639  0.003910  0.005069  0.005090  0.225844  0.013516  1.296018  2.000000  0.999443  0.017007  0.028703  -0.017184  0.999835  0.005897  -0.028597  -0.006387  0.999571  0.999607  0.028047  -0.000282  -0.028045  0.999597  0.004480  0.000408  -0.004471  0.999990  1.000000  0.000179  0.000301  -0.000179  1.000000  0.000056  -0.000301  -0.000056  1.000000  0.999443  0.017007  0.028703  -0.017184  0.999835  0.005897  -0.028597  -0.006387  0.999571  0.000327  0.028407  
119.443150 0.007490  0.099515  -0.000840  0.995781  0.091369  0.008517  -0.091689  0.994445  0.051692  -0.003746  -0.052255  0.998627  0.003758  0.005129  0.005045  0.224059  0.011755  1.312986  2.000000  0.999383  0.017893  0.030209  -0.018087  0.999818  0.006138  -0.030093  -0.006681  0.999525  0.999607  0.028047  -0.000279  -0.028046  0.999598  0.004241  0.000398  -0.004232  0.999991  1.000000  0.000179  0.000302  -0.000179  1.000000  0.000053  -0.000302  -0.000053  1.000000  0.999383  0.017893  0.030209  -0.018087  0.999818  0.006138  -0.030093  -0.006681  0.999525  0.000333  0.028370  
119.444151 0.007493  0.099520  -0.000837  0.995667  0.092604  0.008459  -0.092919  0.994325  0.051815  -0.003613  -0.052376  0.998621  0.003615  0.005142  0.004916  0.221975  0.016443  1.317261  2.000000  0.999333  0.018607  0.031424  -0.018815  0.999803  0.006328  -0.031300  -0.006915  0.999486  0.999601  0.028260  -0.000395  -0.028258  0.999592  0.004244  0.000515  -0.004231  0.999991  1.000000  0.000182  0.000303  -0.000182  1.000000  0.000053  -0.000303  -0.000053  1.000000  0.999333  0.018607  0.031424  -0.018815  0.999803  0.006328  -0.031300  -0.006915  0.999486  0.000336  0.028582  
119.445398 0.007497  0.099527  -0.000831  0.995493  0.094444  0.008578  -0.094764  0.994139  0.052040  -0.003613  -0.052618  0.998608  0.003491  0.005192  0.004806  0.216040  0.010102  1.333499  2.000000  0.999267  0.019500  0.032947  -0.019726  0.999784  0.006557  -0.032812  -0.007203  0.999436  0.999601  0.028253  -0.000255  -0.028251  0.999592  0.004123  0.000371  -0.004114  0.999991  1.000000  0.000180  0.000304  -0.000180  1.000000  0.000051  -0.000304  -0.000052  1.000000  0.999267  0.019500  0.032947  -0.019726  0.999784  0.006557  -0.032812  -0.007203  0.999436  0.000337  0.028556  
119.446400 0.007499  0.099532  -0.000826  0.995356  0.095882  0.008531  -0.096198  0.993995  0.052161  -0.003479  -0.052739  0.998602  0.003370  0.005190  0.004701  0.212044  0.013974  1.340518  2.000000  0.999211  0.020218  0.034174  -0.020460  0.999768  0.006736  -0.034030  -0.007430  0.999393  0.999595  0.028458  -0.000240  -0.028457  0.999587  0.004004  0.000354  -0.003995  0.999992  1.000000  0.000181  0.000306  -0.000181  1.000000  0.000050  -0.000306  -0.000050  1.000000  0.999211  0.020218  0.034174  -0.020460  0.999768  0.006736  -0.034030  -0.007430  0.999393  0.000339  0.028743  
119.447400 0.007502  0.099537  -0.000822  0.995237  0.097116  0.008475  -0.097428  0.993868  0.052284  -0.003345  -0.052861  0.998596  0.003272  0.005164  0.004575  0.208086  0.018183  1.340711  2.000000  0.999154  0.020930  0.035393  -0.021188  0.999752  0.006906  -0.035240  -0.007650  0.999350  0.999607  0.028047  -0.000259  -0.028046  0.999599  0.003885  0.000367  -0.003876  0.999992  1.000000  0.000179  0.000302  -0.000179  1.000000  0.000048  -0.000302  -0.000049  1.000000  0.999154  0.020930  0.035393  -0.021188  0.999752  0.006906  -0.035240  -0.007650  0.999350  0.000340  0.028319  
119.448400 0.007505  0.099542  -0.000817  0.995096  0.098547  0.008562  -0.098862  0.993721  0.052392  -0.003345  -0.052982  0.998590  0.003239  0.005175  0.004501  0.200058  0.012721  1.354408  2.000000  0.999095  0.021640  0.036607  -0.021913  0.999735  0.007069  -0.036445  -0.007865  0.999305  0.999601  0.028253  -0.000244  -0.028252  0.999594  0.003766  0.000350  -0.003758  0.999993  1.000000  0.000180  0.000304  -0.000180  1.000000  0.000047  -0.000304  -0.000047  1.000000  0.999095  0.021640  0.036607  -0.021913  0.999735  0.007069  -0.036445  -0.007865  0.999305  0.000341  0.028507  
119.449650 0.007510  0.099548  -0.000810  0.994932  0.100189  0.008539  -0.100500  0.993544  0.052632  -0.003211  -0.053224  0.998577  0.003265  0.005309  0.004524  0.196081  0.016763  1.354469  2.000000  0.999034  0.022357  0.037833  -0.022646  0.999717  0.007229  -0.037660  -0.008079  0.999258  0.999595  0.028458  -0.000230  -0.028457  0.999588  0.003648  0.000333  -0.003640  0.999993  1.000000  0.000181  0.000306  -0.000181  1.000000  0.000046  -0.000306  -0.000046  1.000000  0.999034  0.022357  0.037833  -0.022646  0.999717  0.007229  -0.037660  -0.008079  0.999258  0.000343  0.028695  
119.450898 0.007514  0.099556  -0.000804  0.994744  0.102035  0.008516  -0.102344  0.993349  0.052751  -0.003077  -0.053345  0.998571  0.003232  0.005370  0.004515  0.192211  0.015829  1.368550  2.000000  0.998954  0.023256  0.039363  -0.023566  0.999695  0.007423  -0.039178  -0.008343  0.999197  0.999595  0.028466  -0.000356  -0.028464  0.999588  0.003651  0.000460  -0.003640  0.999993  1.000000  0.000182  0.000306  -0.000182  1.000000  0.000046  -0.000306  -0.000046  1.000000  0.998954  0.023256  0.039363  -0.023566  0.999695  0.007423  -0.039178  -0.008343  0.999197  0.000344  0.028704  
119.451905 0.007518  0.099562  -0.000798  0.994596  0.103473  0.008472  -0.103777  0.993194  0.052873  -0.002944  -0.053466  0.998565  0.003290  0.005430  0.004557  0.185802  0.015623  1.379664  2.000000  0.998888  0.023976  0.040589  -0.024303  0.999676  0.007571  -0.040394  -0.008549  0.999147  0.999595  0.028466  -0.000353  -0.028464  0.999589  0.003534  0.000453  -0.003522  0.999994  1.000000  0.000182  0.000306  -0.000182  1.000000  0.000044  -0.000306  -0.000044  1.000000  0.998888  0.023976  0.040589  -0.024303  0.999676  0.007571  -0.040394  -0.008549  0.999147  0.000346  0.028689  
119.453155 0.007524  0.099570  -0.000791  0.994403  0.105326  0.008317  -0.105620  0.992993  0.053006  -0.002676  -0.053587  0.998560  0.003353  0.005499  0.004644  0.181870  0.024001  1.386952  2.000000  0.998803  0.024880  0.042122  -0.025228  0.999652  0.007751  -0.041915  -0.008805  0.999082  0.999589  0.028671  -0.000338  -0.028670  0.999583  0.003415  0.000436  -0.003404  0.999994  1.000000  0.000183  0.000308  -0.000183  1.000000  0.000043  -0.000308  -0.000043  1.000000  0.998803  0.024880  0.042122  -0.025228  0.999652  0.007751  -0.041915  -0.008805  0.999082  0.000349  0.028879  
119.454401 0.007529  0.099577  -0.000784  0.994206  0.107172  0.008295  -0.107462  0.992789  0.053125  -0.002542  -0.053709  0.998553  0.003424  0.005542  0.004748  0.173898  0.023314  1.394061  2.000000  0.998713  0.025791  0.043667  -0.026161  0.999626  0.007923  -0.043446  -0.009055  0.999015  0.999583  0.028877  -0.000324  -0.028876  0.999578  0.003297  0.000419  -0.003286  0.999995  1.000000  0.000185  0.000310  -0.000185  1.000000  0.000041  -0.000310  -0.000041  1.000000  0.998713  0.025791  0.043667  -0.026161  0.999626  0.007923  -0.043446  -0.009055  0.999015  0.000352  0.029070  
119.455657 0.007536  0.099585  -0.000778  0.994005  0.109016  0.008288  -0.109304  0.992575  0.053365  -0.002408  -0.053951  0.998541  0.003595  0.005659  0.004877  0.174007  0.022263  1.407692  2.000000  0.998621  0.026702  0.045208  -0.027094  0.999600  0.008085  -0.044974  -0.009299  0.998945  0.999589  0.028679  -0.000465  -0.028677  0.999584  0.003184  0.000556  -0.003169  0.999995  1.000000  0.000185  0.000307  -0.000185  1.000000  0.000040  -0.000307  -0.000040  1.000000  0.998621  0.026702  0.045208  -0.027094  0.999600  0.008085  -0.044974  -0.009299  0.998945  0.000354  0.028862  
119.456901 0.007542  0.099593  -0.000772  0.993824  0.110657  0.008256  -0.110941  0.992387  0.053486  -0.002275  -0.054072  0.998534  0.003703  0.005693  0.004929  0.166071  0.022278  1.400820  2.000000  0.998525  0.027611  0.046744  -0.028026  0.999573  0.008239  -0.046496  -0.009536  0.998873  0.999589  0.028679  -0.000458  -0.028677  0.999584  0.003188  0.000549  -0.003173  0.999995  1.000000  0.000185  0.000307  -0.000185  1.000000  0.000040  -0.000307  -0.000040  1.000000  0.998525  0.027611  0.046744  -0.028026  0.999573  0.008239  -0.046496  -0.009536  0.998873  0.000356  0.028862  
119.457904 0.007547  0.099599  -0.000767  0.993663  0.112086  0.008347  -0.112373  0.992220  0.053595  -0.002275  -0.054193  0.998528  0.003846  0.005763  0.004999  0.166042  0.021750  1.407705  2.000000  0.998466  0.028162  0.047675  -0.028591  0.999557  0.008327  -0.047419  -0.009677  0.998828  0.999577  0.029090  -0.000432  -0.029088  0.999572  0.003065  0.000521  -0.003051  0.999995  1.000000  0.000187  0.000312  -0.000187  1.000000  0.000038  -0.000312  -0.000038  1.000000  0.998466  0.028162  0.047675  -0.028591  0.999557  0.008327  -0.047419  -0.009677  0.998828  0.000357  0.029257  
119.459154 0.007554  0.099607  -0.000760  0.993454  0.113930  0.008327  -0.114214  0.992003  0.053715  -0.002141  -0.054314  0.998522  0.004043  0.005823  0.005070  0.158068  0.021408  1.407631  2.000000  0.998363  0.029087  0.049237  -0.029538  0.999528  0.008465  -0.048968  -0.009906  0.998751  0.999571  0.029295  -0.000417  -0.029294  0.999567  0.002947  0.000504  -0.002933  0.999996  1.000000  0.000188  0.000314  -0.000188  1.000000  0.000037  -0.000314  -0.000037  1.000000  0.998363  0.029087  0.049237  -0.029538  0.999528  0.008465  -0.048968  -0.009906  0.998751  0.000357  0.029450  
119.460402 0.007560  0.099615  -0.000755  0.993241  0.115774  0.008308  -0.116055  0.991783  0.053835  -0.002007  -0.054435  0.998515  0.004268  0.005897  0.005079  0.154158  0.020791  1.414559  2.000000  0.998258  0.030013  0.050804  -0.030488  0.999498  0.008593  -0.050521  -0.010127  0.998672  0.999571  0.029295  -0.000414  -0.029294  0.999567  0.002829  0.000496  -0.002816  0.999996  1.000000  0.000188  0.000314  -0.000188  1.000000  0.000035  -0.000314  -0.000035  1.000000  0.998258  0.030013  0.050804  -0.030488  0.999498  0.008593  -0.050521  -0.010127  0.998672  0.000356  0.029438  
119.461652 0.007567  0.099622  -0.000750  0.993024  0.117618  0.008289  -0.117895  0.991559  0.053956  -0.001873  -0.054556  0.998509  0.004491  0.005934  0.005001  0.150271  0.020534  1.414573  2.000000  0.998148  0.030941  0.052371  -0.031439  0.999468  0.008709  -0.052073  -0.010339  0.998590  0.999583  0.028884  -0.000433  -0.028883  0.999579  0.002592  0.000507  -0.002578  0.999997  1.000000  0.000186  0.000310  -0.000186  1.000000  0.000032  -0.000310  -0.000032  1.000000  0.998148  0.030941  0.052371  -0.031439  0.999468  0.008709  -0.052073  -0.010339  0.998590  0.000356  0.029007  
119.462653 0.007573  0.099628  -0.000746  0.992829  0.119258  0.008246  -0.119530  0.991363  0.053958  -0.001739  -0.054556  0.998509  0.004712  0.006047  0.004955  0.146289  0.024580  1.421935  2.000000  0.998059  0.031679  0.053618  -0.032196  0.999443  0.008794  -0.053310  -0.010503  0.998523  0.999577  0.029090  -0.000421  -0.029089  0.999574  0.002474  0.000493  -0.002460  0.999997  1.000000  0.000187  0.000312  -0.000187  1.000000  0.000031  -0.000312  -0.000031  1.000000  0.998059  0.031679  0.053618  -0.032196  0.999443  0.008794  -0.053310  -0.010503  0.998523  0.000358  0.029201  
119.463900 0.007581  0.099636  -0.000741  0.992606  0.121101  0.008228  -0.121370  0.991133  0.054079  -0.001606  -0.054678  0.998503  0.004954  0.006138  0.004910  0.141146  0.023036  1.430597  2.000000  0.997944  0.032608  0.055184  -0.033148  0.999411  0.008893  -0.054861  -0.010703  0.998437  0.999570  0.029303  -0.000540  -0.029301  0.999568  0.002356  0.000609  -0.002339  0.999997  1.000000  0.000189  0.000314  -0.000189  1.000000  0.000029  -0.000314  -0.000029  1.000000  0.997944  0.032608  0.055184  -0.033148  0.999411  0.008893  -0.054861  -0.010703  0.998437  0.000360  0.029406  
119.464901 0.007588  0.099643  -0.000736  0.992430  0.122536  0.008188  -0.122800  0.990950  0.054204  -0.001472  -0.054799  0.998496  0.005186  0.006232  0.004855  0.137305  0.022778  1.430712  2.000000  0.997848  0.033356  0.056443  -0.033914  0.999385  0.008965  -0.056110  -0.010860  0.998366  0.999570  0.029303  -0.000536  -0.029301  0.999568  0.002238  0.000602  -0.002221  0.999997  1.000000  0.000189  0.000314  -0.000189  1.000000  0.000028  -0.000314  -0.000028  1.000000  0.997848  0.033356  0.056443  -0.033914  0.999385  0.008965  -0.056110  -0.010860  0.998366  0.000361  0.029397  
119.465907 0.007595  0.099650  -0.000731  0.992253  0.123970  0.008148  -0.124230  0.990765  0.054328  -0.001338  -0.054920  0.998490  0.005423  0.006300  0.004829  0.134565  0.023068  1.435520  2.000000  0.997775  0.033924  0.057397  -0.034496  0.999364  0.009016  -0.057054  -0.010976  0.998311  0.999552  0.029919  -0.000499  -0.029918  0.999550  0.002236  0.000566  -0.002220  0.999997  1.000000  0.000193  0.000321  -0.000193  1.000000  0.000028  -0.000321  -0.000028  1.000000  0.997775  0.033924  0.057397  -0.034496  0.999364  0.009016  -0.057054  -0.010976  0.998311  0.000362  0.030011  
119.467151 0.007604  0.099659  -0.000724  0.991995  0.126017  0.008128  -0.126273  0.990507  0.054328  -0.001204  -0.054920  0.998490  0.005645  0.006361  0.004824  0.126512  0.027022  1.442928  2.000000  0.997649  0.034878  0.058995  -0.035475  0.999329  0.009095  -0.058638  -0.011166  0.998217  0.999552  0.029927  -0.000633  -0.029925  0.999550  0.002123  0.000696  -0.002103  0.999998  1.000000  0.000194  0.000320  -0.000194  1.000000  0.000026  -0.000320  -0.000026  1.000000  0.997649  0.034878  0.058995  -0.035475  0.999329  0.009095  -0.058638  -0.011166  0.998217  0.000363  0.030012  
119.468153 0.007612  0.099666  -0.000719  0.991812  0.127450  0.008089  -0.127702  0.990317  0.054454  -0.001070  -0.055041  0.998484  0.005866  0.006433  0.004832  0.122603  0.026390  1.449762  2.000000  0.997544  0.035653  0.060286  -0.036268  0.999300  0.009154  -0.059918  -0.011318  0.998139  0.999546  0.030132  -0.000617  -0.030131  0.999544  0.002126  0.000681  -0.002107  0.999998  1.000000  0.000195  0.000322  -0.000195  1.000000  0.000026  -0.000322  -0.000026  1.000000  0.997544  0.035653  0.060286  -0.036268  0.999300  0.009154  -0.059918  -0.011318  0.998139  0.000363  0.030217  
119.469404 0.007622  0.099675  -0.000712  0.991574  0.129291  0.008073  -0.129540  0.990071  0.054576  -0.000937  -0.055162  0.998477  0.006166  0.006527  0.004825  0.118701  0.026122  1.449547  2.000000  0.997410  0.036624  0.061904  -0.037264  0.999263  0.009219  -0.061520  -0.011502  0.998040  0.999546  0.030132  -0.000617  -0.030131  0.999544  0.001888  0.000674  -0.001868  0.999998  1.000000  0.000195  0.000322  -0.000195  1.000000  0.000023  -0.000322  -0.000024  1.000000  0.997410  0.036624  0.061904  -0.037264  0.999263  0.009219  -0.061520  -0.011502  0.998040  0.000365  0.030202  
