1-Time 2-Px 3-Py 4-Pz 5-R11 6-R21 7-R31 8-R12 9-R22 10-R32 11-R13 12-R23 13-R33 14-Vx 15-Vy 16-Vz 17-Wx 18-Wy 19-Wz 20-state 21-PR11 22-PR21 23-PR31 24-PR12 25-PR22 26-PR32 27-PR13 28-PR23 29-PR33 
23.553455 0.004227  0.094045  0.008215  0.988912  0.137983  0.054895  -0.062176  0.049022  0.996861  0.134858  -0.989221  0.057058  -0.000286  0.000186  -0.000057  0.000000  0.000000  0.000000  2.000000  1.000000  0.000000  0.000000  0.000000  -0.000000  1.000000  0.000000  -1.000000  -0.000000  0.999995  0.000078  -0.003274  -0.000074  0.999999  0.001255  0.003274  -0.001254  0.999994  1.000000  0.000000  0.000000  0.000000  1.000000  0.000000  0.000000  0.000000  1.000000  0.701995  0.441472  0.558843  -0.561460  -0.139683  0.815629  0.438138  -0.886336  0.149812  0.000000  0.000000  
23.554465 0.004228  0.094045  0.008215  0.988925  0.137966  0.054706  -0.061973  0.048930  0.996878  0.134858  -0.989228  0.056938  -0.000232  0.000167  -0.000041  0.000000  0.000000  0.000000  2.000000  1.000000  0.000000  0.000000  0.000000  -0.000000  1.000000  0.000000  -1.000000  -0.000000  0.999995  0.000079  -0.003274  -0.000075  0.999999  0.001255  0.003274  -0.001254  0.999994  1.000000  0.000000  0.000000  0.000000  1.000000  0.000000  0.000000  0.000000  1.000000  1.000000  0.000000  0.000000  0.000000  -0.000000  1.000000  0.000000  -1.000000  -0.000000  0.000000  0.000000  
23.555707 0.004228  0.094045  0.008217  0.988917  0.137847  0.055141  -0.062381  0.048761  0.996861  0.134726  -0.989253  0.056819  -0.000109  0.000177  0.000167  0.000000  0.000000  0.000000  2.000000  1.000000  0.000000  0.000000  0.000000  -0.000000  1.000000  0.000000  -1.000000  -0.000000  0.999996  -0.000031  -0.002859  0.000034  0.999999  0.001310  0.002859  -0.001310  0.999995  1.000000  0.000000  0.000000  0.000000  1.000000  0.000000  0.000000  0.000000  1.000000  1.000000  0.000000  0.000000  0.000000  -0.000000  1.000000  0.000000  -1.000000  -0.000000  0.000000  0.000000  
23.556710 0.004229  0.094044  0.008219  0.988946  0.137464  0.055591  -0.062792  0.048608  0.996842  0.134328  -0.989313  0.056702  -0.000040  0.000106  0.000344  0.000000  0.000000  0.000000  2.000000  1.000000  0.000000  0.000000  0.000000  -0.000000  1.000000  0.000000  -1.000000  -0.000000  0.999998  -0.000251  -0.002029  0.000254  0.999999  0.001542  0.002029  -0.001543  0.999997  1.000000  0.000000  0.000000  0.000000  1.000000  0.000000  0.000000  0.000000  1.000000  1.000000  0.000000  0.000000  0.000000  -0.000000  1.000000  0.000000  -1.000000  -0.000000  0.000000  0.000000  
23.557711 0.004230  0.094044  0.008222  0.988942  0.137230  0.056222  -0.063405  0.048540  0.996807  0.134063  -0.989349  0.056704  0.000090  0.000093  0.000565  0.000000  0.000000  0.000000  2.000000  1.000000  0.000000  0.000000  0.000000  -0.000000  1.000000  0.000000  -1.000000  -0.000000  0.999999  -0.000494  -0.001606  0.000497  0.999999  0.001476  0.001606  -0.001477  0.999998  1.000000  0.000000  0.000000  0.000000  1.000000  0.000000  0.000000  0.000000  1.000000  1.000000  0.000000  0.000000  0.000000  -0.000000  1.000000  0.000000  -1.000000  -0.000000  0.000000  0.000000  
23.558712 0.004231  0.094043  0.008226  0.988952  0.136979  0.056664  -0.063814  0.048380  0.996788  0.133798  -0.989392  0.056586  0.000204  0.000084  0.000815  0.000000  0.000000  0.000000  2.000000  1.000000  0.000000  0.000000  0.000000  -0.000000  1.000000  0.000000  -1.000000  -0.000000  0.999999  -0.000982  -0.000761  0.000983  0.999998  0.001587  0.000760  -0.001588  0.999998  1.000000  0.000000  0.000000  0.000000  1.000000  0.000000  0.000000  0.000000  1.000000  1.000000  0.000000  0.000000  0.000000  -0.000000  1.000000  0.000000  -1.000000  -0.000000  0.000000  0.000000  
23.559717 0.004233  0.094042  0.008230  0.988943  0.136867  0.057082  -0.064222  0.048332  0.996765  0.133665  -0.989410  0.056587  0.000301  0.000000  0.001068  0.000000  0.000000  0.000000  2.000000  1.000000  0.000000  0.000000  0.000000  -0.000000  1.000000  0.000000  -1.000000  -0.000000  0.999999  -0.001092  -0.000346  0.001093  0.999998  0.001643  0.000344  -0.001643  0.999999  1.000000  0.000000  0.000000  0.000000  1.000000  0.000000  0.000000  0.000000  1.000000  1.000000  0.000000  0.000000  0.000000  -0.000000  1.000000  0.000000  -1.000000  -0.000000  0.000000  0.000000  
23.560735 0.004233  0.094041  0.008233  0.988948  0.136745  0.057295  -0.064427  0.048312  0.996752  0.133532  -0.989428  0.056588  0.000399  -0.000083  0.001320  0.000000  0.000000  0.000000  2.000000  1.000000  0.000000  0.000000  0.000000  -0.000000  1.000000  0.000000  -1.000000  -0.000000  0.999999  -0.001202  0.000069  0.001202  0.999998  0.001577  -0.000071  -0.001577  0.999999  1.000000  0.000000  0.000000  0.000000  1.000000  0.000000  0.000000  0.000000  1.000000  1.000000  0.000000  0.000000  0.000000  -0.000000  1.000000  0.000000  -1.000000  -0.000000  0.000000  0.000000  
23.561963 0.004234  0.094040  0.008238  0.988908  0.136774  0.057910  -0.065038  0.048228  0.996717  0.133532  -0.989428  0.056588  0.000466  -0.000158  0.001635  0.000000  0.000000  0.000000  2.000000  1.000000  0.000000  0.000000  0.000000  -0.000000  1.000000  0.000000  -1.000000  -0.000000  0.999999  -0.001167  0.000680  0.001166  0.999998  0.001539  -0.000682  -0.001538  0.999999  1.000000  0.000000  0.000000  0.000000  1.000000  0.000000  0.000000  0.000000  1.000000  1.000000  0.000000  0.000000  0.000000  -0.000000  1.000000  0.000000  -1.000000  -0.000000  0.000000  0.000000  
23.562966 0.004235  0.094040  0.008242  0.988868  0.136797  0.058543  -0.065649  0.048022  0.996687  0.133532  -0.989434  0.056468  0.000557  -0.000218  0.001875  0.000000  0.000000  0.000000  2.000000  1.000000  0.000000  0.000000  0.000000  -0.000000  1.000000  0.000000  -1.000000  -0.000000  0.999999  -0.001133  0.001291  0.001130  0.999998  0.001743  -0.001293  -0.001742  0.999998  1.000000  0.000000  0.000000  0.000000  1.000000  0.000000  0.000000  0.000000  1.000000  1.000000  0.000000  0.000000  0.000000  -0.000000  1.000000  0.000000  -1.000000  -0.000000  0.000000  0.000000  
23.564211 0.004236  0.094040  0.008247  0.988817  0.136714  0.059576  -0.066668  0.047891  0.996625  0.133400  -0.989452  0.056469  0.000648  -0.000241  0.002198  0.000000  0.000000  0.000000  2.000000  1.000000  0.000000  0.000000  0.000000  -0.000000  1.000000  0.000000  -1.000000  -0.000000  0.999996  -0.001063  0.002513  0.001059  0.999998  0.001788  -0.002514  -0.001786  0.999995  1.000000  0.000000  0.000000  0.000000  1.000000  0.000000  0.000000  0.000000  1.000000  1.000000  0.000000  0.000000  0.000000  -0.000000  1.000000  0.000000  -1.000000  -0.000000  0.000000  0.000000  
23.565213 0.004236  0.094040  0.008251  0.988794  0.136612  0.060199  -0.067280  0.047815  0.996588  0.133267  -0.989470  0.056470  0.000659  -0.000252  0.002439  0.000000  0.000000  0.000000  2.000000  1.000000  0.000000  0.000000  0.000000  -0.000000  1.000000  0.000000  -1.000000  -0.000000  0.999993  -0.001406  0.003554  0.001400  0.999997  0.001806  -0.003556  -0.001801  0.999992  1.000000  0.000000  0.000000  0.000000  1.000000  0.000000  0.000000  0.000000  1.000000  1.000000  0.000000  0.000000  0.000000  -0.000000  1.000000  0.000000  -1.000000  -0.000000  0.000000  0.000000  
23.566465 0.004236  0.094039  0.008255  0.988781  0.136142  0.061460  -0.068506  0.047683  0.996511  0.132737  -0.989541  0.056475  0.000629  -0.000351  0.002754  0.000000  0.000000  0.000000  2.000000  1.000000  0.000000  0.000000  0.000000  -0.000000  1.000000  0.000000  -1.000000  -0.000000  0.999987  -0.001738  0.004799  0.001729  0.999997  0.001851  -0.004802  -0.001843  0.999987  1.000000  0.000000  0.000000  0.000000  1.000000  0.000000  0.000000  0.000000  1.000000  1.000000  0.000000  0.000000  0.000000  -0.000000  1.000000  0.000000  -1.000000  -0.000000  0.000000  0.000000  
23.567714 0.004236  0.094039  0.008262  0.988781  0.135663  0.062516  -0.069529  0.047580  0.996445  0.132206  -0.989612  0.056479  0.000629  -0.000384  0.003173  0.000000  0.000000  0.000000  2.000000  1.000000  -0.000125  0.000352  -0.000352  -0.000121  1.000000  -0.000125  -1.000000  -0.000121  0.999979  -0.002203  0.006051  0.002192  0.999996  0.001896  -0.006055  -0.001883  0.999980  1.000000  -0.000027  0.000076  0.000027  1.000000  0.000024  -0.000076  -0.000024  1.000000  1.000000  -0.000125  0.000352  -0.000352  -0.000121  1.000000  -0.000125  -1.000000  -0.000121  0.000000  0.006711  
23.568962 0.004237  0.094039  0.008270  0.988761  0.135324  0.063548  -0.070550  0.047589  0.996372  0.131808  -0.989658  0.056602  0.000636  -0.000401  0.003688  0.083798  -0.204226  -0.087224  2.000000  1.000000  -0.000248  0.000696  -0.000696  -0.000219  1.000000  -0.000248  -1.000000  -0.000219  0.999970  -0.002534  0.007296  0.002520  0.999995  0.001941  -0.007301  -0.001922  0.999971  1.000000  -0.000032  0.000091  0.000032  1.000000  0.000024  -0.000091  -0.000024  1.000000  1.000000  -0.000248  0.000696  -0.000696  -0.000219  1.000000  -0.000248  -1.000000  -0.000219  0.000057  0.007962  
23.569971 0.004236  0.094039  0.008276  0.988741  0.134984  0.064580  -0.071572  0.047600  0.996299  0.131411  -0.989704  0.056725  0.000570  -0.000388  0.004074  0.081103  -0.246001  -0.098273  2.000000  0.999999  -0.000386  0.001103  -0.001103  -0.000315  0.999999  -0.000385  -1.000000  -0.000315  0.999959  -0.002867  0.008541  0.002850  0.999994  0.001986  -0.008547  -0.001961  0.999962  1.000000  -0.000036  0.000107  0.000036  1.000000  0.000025  -0.000107  -0.000025  1.000000  0.999999  -0.000386  0.001103  -0.001103  -0.000315  0.999999  -0.000385  -1.000000  -0.000315  0.000068  0.009223  
23.571211 0.004236  0.094039  0.008284  0.988702  0.134777  0.065604  -0.072592  0.047601  0.996225  0.131145  -0.989732  0.056847  0.000460  -0.000400  0.004475  0.078630  -0.288285  -0.105120  2.000000  0.999998  -0.000576  0.001694  -0.001694  -0.000429  0.999998  -0.000575  -1.000000  -0.000430  0.999945  -0.003185  0.009990  0.003167  0.999993  0.001815  -0.009996  -0.001784  0.999948  1.000000  -0.000040  0.000125  0.000040  1.000000  0.000022  -0.000125  -0.000022  1.000000  0.999998  -0.000576  0.001694  -0.001694  -0.000429  0.999998  -0.000575  -1.000000  -0.000430  0.000078  0.010639  
23.572462 0.004235  0.094037  0.008291  0.988679  0.134446  0.066620  -0.073614  0.047733  0.996144  0.130747  -0.989771  0.057090  0.000330  -0.000419  0.004673  0.074848  -0.322710  -0.116338  2.000000  0.999997  -0.000785  0.002367  -0.002368  -0.000535  0.999997  -0.000784  -1.000000  -0.000537  0.999931  -0.003516  0.011236  0.003497  0.999992  0.001739  -0.011242  -0.001699  0.999935  1.000000  -0.000044  0.000140  0.000044  1.000000  0.000021  -0.000140  -0.000021  1.000000  0.999997  -0.000785  0.002367  -0.002368  -0.000535  0.999997  -0.000784  -1.000000  -0.000537  0.000086  0.011898  
23.573711 0.004234  0.094036  0.008297  0.988672  0.133975  0.067659  -0.074637  0.047756  0.996067  0.130217  -0.989833  0.057214  0.000189  -0.000486  0.004752  0.072111  -0.364843  -0.131904  2.000000  0.999995  -0.001016  0.003111  -0.003112  -0.000631  0.999995  -0.001014  -0.999999  -0.000634  0.999915  -0.003845  0.012482  0.003826  0.999991  0.001541  -0.012488  -0.001493  0.999921  1.000000  -0.000048  0.000156  0.000048  1.000000  0.000019  -0.000156  -0.000019  1.000000  0.999995  -0.001016  0.003111  -0.003112  -0.000631  0.999995  -0.001014  -0.999999  -0.000634  0.000096  0.013149  
23.574961 0.004233  0.094034  0.008303  0.988664  0.133512  0.068683  -0.075660  0.047900  0.995983  0.129686  -0.989889  0.057458  -0.000015  -0.000499  0.004817  0.066228  -0.414154  -0.151557  2.000000  0.999991  -0.001273  0.003936  -0.003937  -0.000718  0.999992  -0.001271  -0.999999  -0.000723  0.999896  -0.004309  0.013735  0.004289  0.999990  0.001464  -0.013741  -0.001405  0.999905  1.000000  -0.000054  0.000172  0.000054  1.000000  0.000018  -0.000172  -0.000018  1.000000  0.999991  -0.001273  0.003936  -0.003937  -0.000718  0.999992  -0.001271  -0.999999  -0.000723  0.000110  0.014467  
23.575962 0.004232  0.094033  0.008305  0.988636  0.133296  0.069502  -0.076476  0.047931  0.995919  0.129421  -0.989917  0.057580  -0.000082  -0.000566  0.004734  0.062589  -0.448902  -0.158536  2.000000  0.999988  -0.001496  0.004644  -0.004645  -0.000779  0.999989  -0.001492  -0.999999  -0.000786  0.999887  -0.004538  0.014363  0.004522  0.999989  0.001181  -0.014368  -0.001116  0.999896  1.000000  -0.000057  0.000180  0.000057  1.000000  0.000014  -0.000180  -0.000014  1.000000  0.999988  -0.001496  0.004644  -0.004645  -0.000779  0.999989  -0.001492  -0.999999  -0.000786  0.000118  0.015107  
23.576963 0.004232  0.094032  0.008308  0.988641  0.132938  0.070124  -0.077091  0.048000  0.995868  0.129023  -0.989961  0.057703  -0.000154  -0.000577  0.004666  0.061160  -0.470218  -0.170766  2.000000  0.999985  -0.001669  0.005193  -0.005194  -0.000818  0.999986  -0.001664  -0.999998  -0.000827  0.999880  -0.004647  0.014779  0.004633  0.999989  0.000991  -0.014783  -0.000923  0.999890  1.000000  -0.000058  0.000185  0.000058  1.000000  0.000012  -0.000185  -0.000012  1.000000  0.999985  -0.001669  0.005193  -0.005194  -0.000818  0.999986  -0.001664  -0.999998  -0.000827  0.000126  0.015522  
23.577990 0.004232  0.094031  0.008311  0.988628  0.132590  0.070951  -0.077909  0.048043  0.995802  0.128625  -0.990006  0.057826  -0.000236  -0.000613  0.004575  0.057415  -0.504743  -0.182053  2.000000  0.999981  -0.001901  0.005929  -0.005931  -0.000861  0.999982  -0.001896  -0.999998  -0.000872  0.999880  -0.004645  0.014780  0.004633  0.999989  0.000864  -0.014784  -0.000796  0.999890  1.000000  -0.000058  0.000185  0.000058  1.000000  0.000010  -0.000185  -0.000010  1.000000  0.999981  -0.001901  0.005929  -0.005931  -0.000861  0.999982  -0.001896  -0.999998  -0.000872  0.000133  0.015516  
23.579215 0.004231  0.094030  0.008314  0.988614  0.132373  0.071549  -0.078522  0.048223  0.995745  0.128359  -0.990026  0.058069  -0.000294  -0.000630  0.004485  0.048812  -0.533092  -0.189553  2.000000  0.999975  -0.002138  0.006679  -0.006681  -0.000898  0.999977  -0.002132  -0.999997  -0.000912  0.999876  -0.004766  0.014993  0.004755  0.999988  0.000767  -0.014996  -0.000695  0.999887  1.000000  -0.000060  0.000187  0.000060  1.000000  0.000009  -0.000187  -0.000009  1.000000  0.999975  -0.002138  0.006679  -0.006681  -0.000898  0.999977  -0.002132  -0.999997  -0.000912  0.000140  0.015750  
23.580461 0.004231  0.094029  0.008317  0.988634  0.131883  0.072179  -0.079138  0.048305  0.995693  0.127828  -0.990088  0.058193  -0.000321  -0.000727  0.004364  0.045068  -0.568433  -0.205522  2.000000  0.999968  -0.002436  0.007626  -0.007628  -0.000924  0.999970  -0.002429  -0.999997  -0.000943  0.999869  -0.004872  0.015410  0.004866  0.999988  0.000454  -0.015412  -0.000379  0.999881  1.000000  -0.000061  0.000193  0.000061  1.000000  0.000005  -0.000193  -0.000005  1.000000  0.999968  -0.002436  0.007626  -0.007628  -0.000924  0.999970  -0.002429  -0.999997  -0.000943  0.000151  0.016168  
23.581715 0.004231  0.094026  0.008319  0.988619  0.131544  0.072991  -0.079957  0.048470  0.995619  0.127430  -0.990125  0.058436  -0.000368  -0.000836  0.004146  0.037260  -0.603398  -0.216922  2.000000  0.999959  -0.002751  0.008587  -0.008590  -0.000941  0.999963  -0.002743  -0.999996  -0.000965  0.999868  -0.005137  0.015426  0.005133  0.999987  0.000330  -0.015428  -0.000251  0.999881  1.000000  -0.000064  0.000193  0.000064  1.000000  0.000004  -0.000193  -0.000004  1.000000  0.999959  -0.002751  0.008587  -0.008590  -0.000941  0.999963  -0.002743  -0.999996  -0.000965  0.000159  0.016262  
23.582965 0.004230  0.094023  0.008320  0.988638  0.131055  0.073621  -0.080573  0.048552  0.995566  0.126899  -0.990185  0.058560  -0.000464  -0.001054  0.003747  0.032574  -0.631855  -0.233273  2.000000  0.999950  -0.003095  0.009560  -0.009563  -0.000945  0.999954  -0.003086  -0.999995  -0.000975  0.999864  -0.005668  0.015459  0.005669  0.999984  -0.000033  -0.015459  0.000121  0.999881  1.000000  -0.000071  0.000193  0.000071  1.000000  -0.000001  -0.000193  0.000001  1.000000  0.999950  -0.003095  0.009560  -0.009563  -0.000945  0.999954  -0.003086  -0.999995  -0.000975  0.000165  0.016466  
23.584212 0.004228  0.094019  0.008320  0.988655  0.130566  0.074251  -0.081189  0.048635  0.995511  0.126369  -0.990246  0.058684  -0.000543  -0.001314  0.003234  0.027888  -0.660681  -0.249763  2.000000  0.999939  -0.003472  0.010531  -0.010534  -0.000932  0.999944  -0.003462  -0.999994  -0.000969  0.999864  -0.006212  0.015288  0.006215  0.999981  -0.000182  -0.015286  0.000277  0.999883  1.000000  -0.000078  0.000191  0.000078  1.000000  -0.000003  -0.000191  0.000003  1.000000  0.999939  -0.003472  0.010531  -0.010534  -0.000932  0.999944  -0.003462  -0.999994  -0.000969  0.000175  0.016504  
23.585461 0.004226  0.094015  0.008319  0.988672  0.130208  0.074653  -0.081600  0.048856  0.995467  0.125970  -0.990282  0.058927  -0.000687  -0.001601  0.002663  0.016247  -0.662499  -0.256138  2.000000  0.999929  -0.003796  0.011296  -0.011299  -0.000911  0.999936  -0.003785  -0.999992  -0.000954  0.999861  -0.006609  0.015313  0.006616  0.999978  -0.000426  -0.015310  0.000527  0.999883  1.000000  -0.000083  0.000191  0.000083  1.000000  -0.000006  -0.000191  0.000006  1.000000  0.999929  -0.003796  0.011296  -0.011299  -0.000911  0.999936  -0.003785  -0.999992  -0.000954  0.000178  0.016686  
23.586469 0.004225  0.094011  0.008317  0.988672  0.129973  0.075063  -0.082010  0.048945  0.995429  0.125705  -0.990309  0.059049  -0.000773  -0.001842  0.002005  0.007108  -0.660728  -0.254101  2.000000  0.999919  -0.004127  0.012046  -0.012050  -0.000879  0.999927  -0.004116  -0.999991  -0.000929  0.999867  -0.006630  0.014907  0.006640  0.999978  -0.000606  -0.014903  0.000705  0.999889  1.000000  -0.000083  0.000186  0.000083  1.000000  -0.000008  -0.000186  0.000008  1.000000  0.999919  -0.004127  0.012046  -0.012050  -0.000879  0.999927  -0.004116  -0.999991  -0.000929  0.000178  0.016329  
23.587711 0.004224  0.094007  0.008313  0.988672  0.129747  0.075457  -0.082420  0.049155  0.995385  0.125439  -0.990328  0.059292  -0.000792  -0.002041  0.001328  -0.003054  -0.647008  -0.250404  2.000000  0.999906  -0.004532  0.012942  -0.012946  -0.000824  0.999916  -0.004521  -0.999989  -0.000883  0.999883  -0.006420  0.013875  0.006433  0.999979  -0.000871  -0.013869  0.000960  0.999903  1.000000  -0.000080  0.000173  0.000080  1.000000  -0.000011  -0.000173  0.000011  1.000000  0.999906  -0.004532  0.012942  -0.012946  -0.000824  0.999916  -0.004521  -0.999989  -0.000883  0.000174  0.015316  
23.588711 0.004224  0.094004  0.008310  0.988689  0.129624  0.075449  -0.082421  0.049287  0.995378  0.125307  -0.990337  0.059413  -0.000713  -0.002096  0.000836  -0.012088  -0.634869  -0.248728  2.000000  0.999896  -0.004846  0.013620  -0.013624  -0.000763  0.999907  -0.004835  -0.999988  -0.000829  0.999893  -0.006186  0.013250  0.006202  0.999980  -0.001200  -0.013242  0.001282  0.999911  1.000000  -0.000077  0.000166  0.000077  1.000000  -0.000016  -0.000166  0.000016  1.000000  0.999896  -0.004846  0.013620  -0.013624  -0.000763  0.999907  -0.004835  -0.999988  -0.000829  0.000170  0.014676  
23.589961 0.004224  0.094002  0.008306  0.988705  0.129398  0.075623  -0.082628  0.049644  0.995343  0.125041  -0.990349  0.059775  -0.000580  -0.002147  0.000215  -0.025488  -0.633532  -0.251147  2.000000  0.999883  -0.005223  0.014404  -0.014408  -0.000670  0.999896  -0.005213  -0.999986  -0.000745  0.999910  -0.005987  0.012014  0.006005  0.999981  -0.001490  -0.012005  0.001562  0.999927  1.000000  -0.000075  0.000150  0.000075  1.000000  -0.000019  -0.000150  0.000019  1.000000  0.999883  -0.005223  0.014404  -0.014408  -0.000670  0.999896  -0.005213  -0.999986  -0.000745  0.000170  0.013510  
23.590961 0.004225  0.094001  0.008303  0.988721  0.129153  0.075828  -0.082834  0.049760  0.995320  0.124776  -0.990375  0.059897  -0.000508  -0.002104  -0.000130  -0.030285  -0.621953  -0.258299  2.000000  0.999872  -0.005521  0.014985  -0.014988  -0.000582  0.999888  -0.005512  -0.999985  -0.000664  0.999917  -0.006020  0.011405  0.006040  0.999980  -0.001695  -0.011394  0.001764  0.999934  1.000000  -0.000075  0.000142  0.000075  1.000000  -0.000022  -0.000142  0.000022  1.000000  0.999872  -0.005521  0.014985  -0.014988  -0.000582  0.999888  -0.005512  -0.999985  -0.000664  0.000170  0.013012  
23.591963 0.004225  0.094001  0.008301  0.988737  0.128918  0.076017  -0.083040  0.049997  0.995291  0.124510  -0.990394  0.060140  -0.000435  -0.002077  -0.000525  -0.039335  -0.615660  -0.267500  2.000000  0.999865  -0.005745  0.015397  -0.015400  -0.000510  0.999881  -0.005737  -0.999983  -0.000598  0.999923  -0.006053  0.010795  0.006074  0.999980  -0.001900  -0.010784  0.001966  0.999940  1.000000  -0.000076  0.000135  0.000076  1.000000  -0.000024  -0.000135  0.000024  1.000000  0.999865  -0.005745  0.015397  -0.015400  -0.000510  0.999881  -0.005737  -0.999983  -0.000598  0.000168  0.012527  
23.592963 0.004226  0.094001  0.008299  0.988787  0.128540  0.076010  -0.083044  0.050272  0.995277  0.124112  -0.990429  0.060383  -0.000365  -0.002021  -0.000821  -0.054242  -0.596156  -0.282048  2.000000  0.999855  -0.006048  0.015922  -0.015925  -0.000405  0.999873  -0.006040  -0.999982  -0.000501  0.999930  -0.006087  0.010186  0.006109  0.999979  -0.002105  -0.010173  0.002167  0.999946  1.000000  -0.000076  0.000127  0.000076  1.000000  -0.000027  -0.000127  0.000027  1.000000  0.999855  -0.006048  0.015922  -0.015925  -0.000405  0.999873  -0.006040  -0.999982  -0.000501  0.000166  0.012057  
23.594217 0.004227  0.094001  0.008297  0.988803  0.128314  0.076185  -0.083251  0.050630  0.995242  0.123846  -0.990440  0.060745  -0.000310  -0.001961  -0.001209  -0.070593  -0.573968  -0.290358  2.000000  0.999845  -0.006352  0.016411  -0.016413  -0.000287  0.999865  -0.006346  -0.999980  -0.000392  0.999936  -0.005988  0.009569  0.006010  0.999979  -0.002310  -0.009555  0.002368  0.999952  1.000000  -0.000075  0.000120  0.000075  1.000000  -0.000029  -0.000120  0.000029  1.000000  0.999845  -0.006352  0.016411  -0.016413  -0.000287  0.999865  -0.006346  -0.999980  -0.000392  0.000162  0.011528  
23.595219 0.004227  0.094001  0.008295  0.988820  0.128201  0.076162  -0.083252  0.050883  0.995229  0.123714  -0.990442  0.060987  -0.000295  -0.001855  -0.001495  -0.082406  -0.546311  -0.287403  2.000000  0.999836  -0.006649  0.016864  -0.016866  -0.000161  0.999858  -0.006646  -0.999978  -0.000273  0.999944  -0.005901  0.008747  0.005923  0.999980  -0.002421  -0.008733  0.002472  0.999959  1.000000  -0.000074  0.000109  0.000074  1.000000  -0.000031  -0.000109  0.000031  1.000000  0.999836  -0.006649  0.016864  -0.016866  -0.000161  0.999858  -0.006646  -0.999978  -0.000273  0.000158  0.010832  
23.596538 0.004227  0.094001  0.008293  0.988836  0.128096  0.076123  -0.083254  0.051256  0.995209  0.123581  -0.990436  0.061348  -0.000271  -0.001687  -0.001735  -0.099900  -0.503327  -0.275648  2.000000  0.999825  -0.007003  0.017373  -0.017373  0.000014  0.999849  -0.007002  -0.999975  -0.000108  0.999955  -0.005559  0.007706  0.005581  0.999981  -0.002800  -0.007691  0.002843  0.999966  1.000000  -0.000070  0.000096  0.000070  1.000000  -0.000035  -0.000096  0.000035  1.000000  0.999825  -0.007003  0.017373  -0.017373  0.000014  0.999849  -0.007002  -0.999975  -0.000108  0.000147  0.009912  
23.597711 0.004226  0.094001  0.008291  0.988853  0.128104  0.075887  -0.083050  0.051524  0.995213  0.123581  -0.990421  0.061588  -0.000227  -0.001483  -0.001982  -0.111897  -0.465700  -0.262666  2.000000  0.999816  -0.007273  0.017722  -0.017722  0.000170  0.999843  -0.007275  -0.999974  0.000041  0.999965  -0.005231  0.006461  0.005251  0.999981  -0.003084  -0.006445  0.003118  0.999974  1.000000  -0.000066  0.000081  0.000066  1.000000  -0.000039  -0.000081  0.000039  1.000000  0.999816  -0.007273  0.017722  -0.017722  0.000170  0.999843  -0.007275  -0.999974  0.000041  0.000138  0.008873  
23.598965 0.004226  0.094001  0.008288  0.988870  0.128121  0.075636  -0.082846  0.051912  0.995209  0.123581  -0.990399  0.061949  -0.000150  -0.001240  -0.002198  -0.128148  -0.413698  -0.250019  2.000000  0.999807  -0.007585  0.018099  -0.018096  0.000383  0.999836  -0.007590  -0.999971  0.000245  0.999972  -0.004878  0.005624  0.004898  0.999982  -0.003435  -0.005607  0.003462  0.999978  1.000000  -0.000061  0.000070  0.000061  1.000000  -0.000043  -0.000070  0.000043  1.000000  0.999807  -0.007585  0.018099  -0.018096  0.000383  0.999836  -0.007590  -0.999971  0.000245  0.000130  0.008205  
23.600215 0.004226  0.094000  0.008284  0.988887  0.128026  0.075582  -0.082848  0.052406  0.995183  0.123448  -0.990385  0.062430  -0.000038  -0.000992  -0.002381  -0.144914  -0.379059  -0.243017  2.000000  0.999806  -0.007644  0.018164  -0.018161  0.000427  0.999835  -0.007650  -0.999971  0.000288  0.999978  -0.004660  0.004794  0.004678  0.999982  -0.003785  -0.004776  0.003808  0.999981  1.000000  0.000000  0.000000  0.000000  1.000000  0.000000  0.000000  0.000000  1.000000  0.999806  -0.007644  0.018164  -0.018161  0.000427  0.999835  -0.007650  -0.999971  0.000288  0.000120  0.000000  
23.601464 0.004226  0.094000  0.008281  0.988920  0.127789  0.075552  -0.082851  0.052790  0.995163  0.123182  -0.990395  0.062793  0.000109  -0.000689  -0.002409  -0.153496  -0.344592  -0.240465  2.000000  0.999806  -0.007644  0.018164  -0.018161  0.000427  0.999835  -0.007650  -0.999971  0.000288  0.999982  -0.004442  0.003964  0.004458  0.999982  -0.004014  -0.003946  0.004031  0.999984  1.000000  0.000000  0.000000  0.000000  1.000000  0.000000  0.000000  0.000000  1.000000  0.999806  -0.007644  0.018164  -0.018161  0.000427  0.999835  -0.007650  -0.999971  0.000288  0.000114  0.000000  
23.602466 0.004227  0.094001  0.008278  0.988936  0.127675  0.075529  -0.082852  0.053043  0.995149  0.123050  -0.990397  0.063034  0.000236  -0.000383  -0.002363  -0.161137  -0.316941  -0.237556  2.000000  0.999806  -0.007644  0.018164  -0.018161  0.000427  0.999835  -0.007650  -0.999971  0.000288  0.999985  -0.004200  0.003541  0.004215  0.999982  -0.004310  -0.003523  0.004325  0.999984  1.000000  0.000000  0.000000  0.000000  1.000000  0.000000  0.000000  0.000000  1.000000  0.999806  -0.007644  0.018164  -0.018161  0.000427  0.999835  -0.007650  -0.999971  0.000288  0.000109  0.000000  
23.603712 0.004229  0.094004  0.008277  0.988936  0.127712  0.075467  -0.082852  0.053526  0.995123  0.123050  -0.990366  0.063515  0.000384  0.000024  -0.002188  -0.173771  -0.281724  -0.221605  2.000000  0.999806  -0.007644  0.018164  -0.018161  0.000427  0.999835  -0.007650  -0.999971  0.000288  0.999989  -0.003850  0.002702  0.003862  0.999982  -0.004538  -0.002684  0.004548  0.999986  1.000000  0.000000  0.000000  0.000000  1.000000  0.000000  0.000000  0.000000  1.000000  0.999806  -0.007644  0.018164  -0.018161  0.000427  0.999835  -0.007650  -0.999971  0.000288  0.000101  0.000000  
23.604960 0.004233  0.094008  0.008276  0.988936  0.127739  0.075421  -0.082852  0.053888  0.995104  0.123050  -0.990343  0.063875  0.000580  0.000402  -0.001963  -0.183941  -0.251454  -0.208012  2.000000  0.999806  -0.007644  0.018164  -0.018161  0.000427  0.999835  -0.007650  -0.999971  0.000288  0.999992  -0.003354  0.002058  0.003364  0.999983  -0.004860  -0.002041  0.004867  0.999986  1.000000  0.000000  0.000000  0.000000  1.000000  0.000000  0.000000  0.000000  1.000000  0.999806  -0.007644  0.018164  -0.018161  0.000427  0.999835  -0.007650  -0.999971  0.000288  0.000095  0.000000  
23.605961 0.004236  0.094011  0.008277  0.988936  0.127758  0.075390  -0.082852  0.054129  0.995091  0.123050  -0.990327  0.064115  0.000737  0.000679  -0.001792  -0.191484  -0.223773  -0.200736  2.000000  0.999804  -0.007757  0.018226  -0.018222  0.000620  0.999834  -0.007767  -0.999970  0.000478  0.999995  -0.002992  0.001422  0.002999  0.999982  -0.005181  -0.001406  0.005185  0.999986  1.000000  -0.000037  0.000018  0.000037  1.000000  -0.000065  -0.000018  0.000065  1.000000  0.999804  -0.007757  0.018226  -0.018222  0.000620  0.999834  -0.007767  -0.999970  0.000478  0.000090  0.006151  
23.607211 0.004239  0.094015  0.008277  0.988920  0.127926  0.075319  -0.082851  0.054601  0.995065  0.123182  -0.990280  0.064595  0.000886  0.000937  -0.001580  -0.207148  -0.195314  -0.180116  2.000000  0.999801  -0.007917  0.018306  -0.018299  0.000951  0.999832  -0.007933  -0.999968  0.000806  0.999996  -0.002484  0.000980  0.002489  0.999983  -0.005355  -0.000967  0.005357  0.999985  1.000000  -0.000031  0.000012  0.000031  1.000000  -0.000067  -0.000012  0.000067  1.000000  0.999801  -0.007917  0.018306  -0.018299  0.000951  0.999832  -0.007933  -0.999968  0.000806  0.000085  0.005985  
23.608464 0.004242  0.094017  0.008277  0.988903  0.128086  0.075264  -0.082849  0.054952  0.995046  0.123315  -0.990240  0.064954  0.001025  0.001099  -0.001352  -0.214741  -0.167135  -0.163986  2.000000  0.999799  -0.008032  0.018351  -0.018342  0.001232  0.999831  -0.008053  -0.999967  0.001085  0.999997  -0.002230  0.000760  0.002234  0.999982  -0.005623  -0.000747  0.005625  0.999984  1.000000  -0.000028  0.000009  0.000028  1.000000  -0.000070  -0.000009  0.000070  1.000000  0.999799  -0.008032  0.018351  -0.018342  0.001232  0.999831  -0.008053  -0.999967  0.001085  0.000079  0.006098  
23.609715 0.004244  0.094019  0.008278  0.988903  0.128113  0.075217  -0.082849  0.055314  0.995026  0.123315  -0.990216  0.065314  0.001151  0.001173  -0.001191  -0.224025  -0.140262  -0.153474  2.000000  0.999798  -0.008153  0.018390  -0.018378  0.001596  0.999830  -0.008181  -0.999965  0.001446  0.999998  -0.001976  0.000540  0.001979  0.999981  -0.005892  -0.000528  0.005893  0.999982  1.000000  -0.000025  0.000007  0.000025  1.000000  -0.000074  -0.000007  0.000074  1.000000  0.999798  -0.008153  0.018390  -0.018378  0.001596  0.999830  -0.008181  -0.999965  0.001446  0.000078  0.006238  
23.610967 0.004246  0.094019  0.008279  0.988903  0.128150  0.075155  -0.082849  0.055797  0.994999  0.123315  -0.990184  0.065795  0.001310  0.001188  -0.000948  -0.238881  -0.118625  -0.136756  2.000000  0.999796  -0.008262  0.018416  -0.018400  0.001971  0.999829  -0.008297  -0.999964  0.001819  0.999998  -0.001722  0.000319  0.001724  0.999980  -0.006039  -0.000309  0.006040  0.999982  1.000000  -0.000022  0.000004  0.000022  1.000000  -0.000075  -0.000004  0.000075  1.000000  0.999796  -0.008262  0.018416  -0.018400  0.001971  0.999829  -0.008297  -0.999964  0.001819  0.000075  0.006288  
23.612211 0.004248  0.094019  0.008282  0.988903  0.128177  0.075109  -0.082849  0.056159  0.994978  0.123315  -0.990160  0.066155  0.001416  0.001194  -0.000636  -0.247604  -0.096459  -0.123531  2.000000  0.999795  -0.008354  0.018431  -0.018411  0.002359  0.999828  -0.008396  -0.999962  0.002205  0.999999  -0.001469  0.000098  0.001469  0.999979  -0.006307  -0.000089  0.006307  0.999980  1.000000  -0.000018  0.000001  0.000018  1.000000  -0.000079  -0.000001  0.000079  1.000000  0.999795  -0.008354  0.018431  -0.018411  0.002359  0.999828  -0.008396  -0.999962  0.002205  0.000074  0.006477  
23.613466 0.004250  0.094020  0.008286  0.988886  0.128225  0.075251  -0.083053  0.056615  0.994936  0.123315  -0.990128  0.066635  0.001579  0.001262  -0.000226  -0.260440  -0.075335  -0.103383  2.000000  0.999795  -0.008418  0.018441  -0.018418  0.002749  0.999827  -0.008467  -0.999961  0.002594  1.000000  -0.000934  0.000063  0.000935  0.999980  -0.006307  -0.000057  0.006307  0.999980  1.000000  -0.000012  0.000001  0.000012  1.000000  -0.000079  -0.000001  0.000079  1.000000  0.999795  -0.008418  0.018441  -0.018418  0.002749  0.999827  -0.008467  -0.999961  0.002594  0.000073  0.006377  
23.614716 0.004252  0.094022  0.008291  0.988870  0.128384  0.075196  -0.083051  0.056966  0.994916  0.123448  -0.990087  0.066995  0.001763  0.001456  0.000353  -0.268109  -0.060303  -0.090026  2.000000  0.999794  -0.008458  0.018442  -0.018416  0.003145  0.999825  -0.008514  -0.999959  0.002989  1.000000  -0.000681  -0.000159  0.000680  0.999980  -0.006333  0.000163  0.006333  0.999980  1.000000  -0.000009  -0.000002  0.000009  1.000000  -0.000079  0.000002  0.000079  1.000000  0.999794  -0.008458  0.018442  -0.018416  0.003145  0.999825  -0.008514  -0.999959  0.002989  0.000072  0.006371  
23.615965 0.004255  0.094025  0.008297  0.988870  0.128421  0.075133  -0.083051  0.057449  0.994888  0.123448  -0.990054  0.067475  0.001942  0.001669  0.001048  -0.281035  -0.039127  -0.074096  2.000000  0.999794  -0.008473  0.018434  -0.018405  0.003546  0.999824  -0.008537  -0.999958  0.003389  1.000000  -0.000281  -0.000186  0.000280  0.999979  -0.006454  0.000187  0.006454  0.999979  1.000000  -0.000004  -0.000002  0.000004  1.000000  -0.000081  0.000002  0.000081  1.000000  0.999794  -0.008473  0.018434  -0.018405  0.003546  0.999824  -0.008537  -0.999958  0.003389  0.000073  0.006463  
23.617216 0.004257  0.094027  0.008303  0.988852  0.128460  0.075291  -0.083255  0.057785  0.994852  0.123448  -0.990030  0.067835  0.002053  0.001773  0.001678  -0.289201  -0.038572  -0.065114  2.000000  0.999794  -0.008481  0.018428  -0.018395  0.003878  0.999823  -0.008551  -0.999957  0.003721  1.000000  -0.000281  -0.000186  0.000280  0.999978  -0.006697  0.000187  0.006697  0.999978  1.000000  -0.000004  -0.000002  0.000004  1.000000  -0.000084  0.000002  0.000084  1.000000  0.999794  -0.008481  0.018428  -0.018395  0.003878  0.999823  -0.008551  -0.999957  0.003721  0.000075  0.006705  
23.618220 0.004260  0.094030  0.008308  0.988852  0.128497  0.075229  -0.083255  0.058267  0.994823  0.123448  -0.989997  0.068316  0.002127  0.001793  0.002109  -0.298154  -0.031449  -0.061042  2.000000  0.999794  -0.008481  0.018439  -0.018403  0.004207  0.999822  -0.008557  -0.999955  0.004051  1.000000  -0.000119  0.000213  0.000121  0.999978  -0.006646  -0.000212  0.006646  0.999978  1.000000  -0.000002  0.000003  0.000002  1.000000  -0.000083  -0.000003  0.000083  1.000000  0.999794  -0.008481  0.018439  -0.018403  0.004207  0.999822  -0.008557  -0.999955  0.004051  0.000076  0.006650  
23.619460 0.004263  0.094032  0.008313  0.988835  0.128545  0.075372  -0.083459  0.058723  0.994779  0.123448  -0.989963  0.068796  0.002074  0.001681  0.002499  -0.303874  -0.030933  -0.056095  2.000000  0.999794  -0.008480  0.018458  -0.018419  0.004629  0.999820  -0.008564  -0.999953  0.004471  1.000000  -0.000105  0.000417  0.000108  0.999977  -0.006742  -0.000416  0.006742  0.999977  1.000000  -0.000001  0.000005  0.000001  1.000000  -0.000084  -0.000005  0.000084  1.000000  0.999794  -0.008480  0.018458  -0.018419  0.004629  0.999820  -0.008564  -0.999953  0.004471  0.000077  0.006755  
23.620462 0.004265  0.094034  0.008318  0.988835  0.128582  0.075309  -0.083459  0.059206  0.994751  0.123448  -0.989930  0.069276  0.002038  0.001604  0.002803  -0.315431  -0.023482  -0.043536  2.000000  0.999793  -0.008474  0.018492  -0.018450  0.004969  0.999817  -0.008564  -0.999952  0.004812  1.000000  0.000043  0.000611  -0.000039  0.999977  -0.006838  -0.000612  0.006838  0.999976  1.000000  0.000001  0.000008  -0.000001  1.000000  -0.000085  -0.000008  0.000085  1.000000  0.999793  -0.008474  0.018492  -0.018450  0.004969  0.999817  -0.008564  -0.999952  0.004812  0.000079  0.006865  
23.621710 0.004267  0.094035  0.008322  0.988818  0.128631  0.075452  -0.083662  0.059662  0.994707  0.123448  -0.989896  0.069757  0.001924  0.001441  0.002983  -0.323628  -0.022913  -0.034557  2.000000  0.999792  -0.008456  0.018538  -0.018493  0.005397  0.999814  -0.008555  -0.999950  0.005239  1.000000  0.000191  0.000806  -0.000185  0.999976  -0.006934  -0.000807  0.006933  0.999976  1.000000  0.000002  0.000010  -0.000002  1.000000  -0.000087  -0.000010  0.000087  1.000000  0.999792  -0.008456  0.018538  -0.018493  0.005397  0.999814  -0.008555  -0.999950  0.005239  0.000081  0.006983  
23.622711 0.004268  0.094036  0.008326  0.988818  0.128658  0.075405  -0.083662  0.060024  0.994685  0.123448  -0.989871  0.070117  0.001834  0.001312  0.003248  -0.327712  -0.022036  -0.021086  2.000000  0.999792  -0.008434  0.018581  -0.018533  0.005742  0.999812  -0.008539  -0.999948  0.005584  1.000000  0.000325  0.000796  -0.000319  0.999976  -0.006934  -0.000799  0.006933  0.999976  1.000000  0.000004  0.000010  -0.000004  1.000000  -0.000087  -0.000010  0.000087  1.000000  0.999792  -0.008434  0.018581  -0.018533  0.005742  0.999812  -0.008539  -0.999948  0.005584  0.000081  0.006987  
23.623711 0.004269  0.094036  0.008329  0.988801  0.128698  0.075563  -0.083866  0.060360  0.994647  0.123448  -0.989845  0.070477  0.001743  0.001186  0.003491  -0.329038  -0.021565  -0.016453  2.000000  0.999791  -0.008404  0.018626  -0.018575  0.006091  0.999809  -0.008516  -0.999946  0.005933  0.999999  0.000473  0.000991  -0.000466  0.999975  -0.007030  -0.000994  0.007029  0.999975  1.000000  0.000006  0.000012  -0.000006  1.000000  -0.000088  -0.000012  0.000088  1.000000  0.999791  -0.008404  0.018626  -0.018575  0.006091  0.999809  -0.008516  -0.999946  0.005933  0.000082  0.007115  
23.624714 0.004270  0.094036  0.008334  0.988801  0.128725  0.075516  -0.083866  0.060722  0.994625  0.123448  -0.989820  0.070837  0.001716  0.001137  0.003712  -0.335825  -0.021151  -0.007608  2.000000  0.999791  -0.008382  0.018665  -0.018612  0.006355  0.999807  -0.008499  -0.999945  0.006198  0.999999  0.000473  0.000990  -0.000466  0.999974  -0.007151  -0.000994  0.007151  0.999974  1.000000  0.000006  0.000012  -0.000006  1.000000  -0.000089  -0.000012  0.000089  1.000000  0.999791  -0.008382  0.018665  -0.018612  0.006355  0.999807  -0.008499  -0.999945  0.006198  0.000083  0.007235  
23.625962 0.004270  0.094035  0.008340  0.988784  0.128765  0.075674  -0.084069  0.061057  0.994588  0.123448  -0.989794  0.071197  0.001621  0.001043  0.004049  -0.336271  -0.027776  -0.007085  2.000000  0.999790  -0.008343  0.018741  -0.018685  0.006799  0.999802  -0.008469  -0.999942  0.006642  0.999999  0.000488  0.001194  -0.000480  0.999974  -0.007126  -0.001197  0.007125  0.999974  1.000000  0.000006  0.000015  -0.000006  1.000000  -0.000089  -0.000015  0.000089  1.000000  0.999790  -0.008343  0.018741  -0.018685  0.006799  0.999802  -0.008469  -0.999942  0.006642  0.000083  0.007241  
23.626966 0.004271  0.094034  0.008345  0.988766  0.128806  0.075832  -0.084273  0.061392  0.994550  0.123448  -0.989768  0.071558  0.001583  0.000958  0.004262  -0.334555  -0.041067  -0.001711  2.000000  0.999789  -0.008314  0.018809  -0.018750  0.007154  0.999799  -0.008447  -0.999940  0.006997  0.999999  0.000370  0.001407  -0.000360  0.999975  -0.007100  -0.001410  0.007100  0.999974  1.000000  0.000005  0.000018  -0.000005  1.000000  -0.000089  -0.000018  0.000089  1.000000  0.999789  -0.008314  0.018809  -0.018750  0.007154  0.999799  -0.008447  -0.999940  0.006997  0.000084  0.007248  
23.628217 0.004272  0.094032  0.008352  0.988765  0.128714  0.075999  -0.084478  0.061739  0.994511  0.123315  -0.989758  0.071919  0.001473  0.000790  0.004472  -0.336504  -0.048567  -0.005735  2.000000  0.999787  -0.008285  0.018909  -0.018846  0.007598  0.999794  -0.008427  -0.999937  0.007440  0.999999  0.000252  0.001620  -0.000240  0.999975  -0.007075  -0.001622  0.007075  0.999974  1.000000  0.000003  0.000020  -0.000003  1.000000  -0.000088  -0.000020  0.000088  1.000000  0.999787  -0.008285  0.018909  -0.018846  0.007598  0.999794  -0.008427  -0.999937  0.007440  0.000085  0.007262  
