1-Time 2-Px 3-Py 4-Pz 5-R11 6-R21 7-R31 8-R12 9-R22 10-R32 11-R13 12-R23 13-R33 14-Vx 15-Vy 16-Vz 17-Wx 18-Wy 19-Wz 20-state 21-PR11 22-PR21 23-PR31 24-PR12 25-PR22 26-PR32 27-PR13 28-PR23 29-PR33 
19.596991 -0.000309  0.090992  0.003970  0.992112  0.119426  0.038085  -0.121517  0.990873  0.058351  -0.030769  -0.062519  0.997569  -0.000220  0.000189  -0.000687  0.000000  0.000000  0.000000  2.000000  1.000000  0.000000  0.000000  -0.000000  1.000000  0.000000  0.000000  -0.000000  1.000000  0.999999  -0.001429  -0.000224  0.001429  0.999998  -0.001533  0.000226  0.001532  0.999999  1.000000  0.000000  0.000000  0.000000  1.000000  0.000000  0.000000  0.000000  1.000000  0.674789  0.383800  0.630363  -0.419492  0.902206  -0.100257  -0.607196  -0.196780  0.769799  0.000000  0.000000  
19.597993 -0.000309  0.090992  0.003970  0.992112  0.119430  0.038071  -0.121517  0.990880  0.058231  -0.030769  -0.062398  0.997577  -0.000183  0.000193  -0.000655  0.000000  0.000000  0.000000  2.000000  1.000000  0.000000  0.000000  0.000000  1.000000  0.000000  0.000000  0.000000  1.000000  0.999999  -0.001224  -0.000211  0.001224  0.999998  -0.001660  0.000213  0.001660  0.999999  1.000000  0.000000  0.000000  0.000000  1.000000  0.000000  0.000000  0.000000  1.000000  1.000000  0.000000  0.000000  0.000000  1.000000  0.000000  0.000000  0.000000  1.000000  0.000000  0.000000  
19.598995 -0.000310  0.090991  0.003970  0.992062  0.119838  0.038095  -0.121925  0.990831  0.058215  -0.030769  -0.062398  0.997577  -0.000202  0.000123  -0.000653  0.000000  0.000000  0.000000  2.000000  1.000000  0.000000  0.000000  0.000000  1.000000  0.000000  0.000000  0.000000  1.000000  0.999999  -0.001019  -0.000198  0.001018  0.999998  -0.001545  0.000199  0.001545  0.999999  1.000000  0.000000  0.000000  0.000000  1.000000  0.000000  0.000000  0.000000  1.000000  1.000000  0.000000  0.000000  0.000000  1.000000  0.000000  0.000000  0.000000  1.000000  0.000000  0.000000  
19.599995 -0.000310  0.090989  0.003970  0.991983  0.120442  0.038263  -0.122537  0.990757  0.058175  -0.030903  -0.062398  0.997573  -0.000186  0.000016  -0.000566  0.000000  0.000000  0.000000  2.000000  1.000000  0.000000  0.000000  0.000000  1.000000  0.000000  0.000000  0.000000  1.000000  1.000000  -0.000411  -0.000026  0.000411  0.999999  -0.001564  0.000026  0.001564  0.999999  1.000000  0.000000  0.000000  0.000000  1.000000  0.000000  0.000000  0.000000  1.000000  1.000000  0.000000  0.000000  0.000000  1.000000  0.000000  0.000000  0.000000  1.000000  0.000000  0.000000  
19.601018 -0.000311  0.090987  0.003970  0.991899  0.121033  0.038578  -0.123149  0.990678  0.058239  -0.031170  -0.062518  0.997557  -0.000216  -0.000148  -0.000549  0.000000  0.000000  0.000000  2.000000  1.000000  0.000000  0.000000  0.000000  1.000000  0.000000  0.000000  0.000000  1.000000  1.000000  0.000189  0.000280  -0.000188  0.999999  -0.001341  -0.000280  0.001341  0.999999  1.000000  0.000000  0.000000  0.000000  1.000000  0.000000  0.000000  0.000000  1.000000  1.000000  0.000000  0.000000  0.000000  1.000000  0.000000  0.000000  0.000000  1.000000  0.000000  0.000000  
19.602250 -0.000312  0.090984  0.003971  0.991844  0.121428  0.038750  -0.123557  0.990622  0.058327  -0.031304  -0.062639  0.997545  -0.000220  -0.000365  -0.000407  0.000000  0.000000  0.000000  2.000000  1.000000  0.000000  0.000000  0.000000  1.000000  0.000000  0.000000  0.000000  1.000000  1.000000  0.000583  0.000573  -0.000582  0.999999  -0.001111  -0.000573  0.001111  0.999999  1.000000  0.000000  0.000000  0.000000  1.000000  0.000000  0.000000  0.000000  1.000000  1.000000  0.000000  0.000000  0.000000  1.000000  0.000000  0.000000  0.000000  1.000000  0.000000  0.000000  
19.603254 -0.000312  0.090981  0.003972  0.991814  0.121619  0.038909  -0.123760  0.990591  0.058422  -0.031438  -0.062759  0.997533  -0.000251  -0.000534  -0.000258  0.000000  0.000000  0.000000  2.000000  1.000000  0.000000  0.000000  0.000000  1.000000  0.000000  0.000000  0.000000  1.000000  0.999999  0.001190  0.000745  -0.001189  0.999999  -0.001131  -0.000746  0.001130  0.999999  1.000000  0.000000  0.000000  0.000000  1.000000  0.000000  0.000000  0.000000  1.000000  1.000000  0.000000  0.000000  0.000000  1.000000  0.000000  0.000000  0.000000  1.000000  0.000000  0.000000  
19.604500 -0.000313  0.090979  0.003974  0.991742  0.122234  0.038827  -0.124374  0.990507  0.058535  -0.031304  -0.062881  0.997530  -0.000320  -0.000747  -0.000088  0.000000  0.000000  0.000000  2.000000  1.000000  0.000000  0.000000  0.000000  1.000000  0.000000  0.000000  0.000000  1.000000  0.999999  0.001609  0.000637  -0.001609  0.999998  -0.000901  -0.000639  0.000900  0.999999  1.000000  0.000000  0.000000  0.000000  1.000000  0.000000  0.000000  0.000000  1.000000  1.000000  0.000000  0.000000  0.000000  1.000000  0.000000  0.000000  0.000000  1.000000  0.000000  0.000000  
19.605748 -0.000315  0.090977  0.003976  0.991647  0.123062  0.038626  -0.125191  0.990397  0.058657  -0.031036  -0.063002  0.997531  -0.000400  -0.000881  0.000139  0.000000  0.000000  0.000000  2.000000  1.000000  0.000000  0.000000  0.000000  1.000000  0.000000  0.000000  0.000000  1.000000  0.999997  0.002448  0.000423  -0.002447  0.999997  -0.000562  -0.000424  0.000561  1.000000  1.000000  0.000000  0.000000  0.000000  1.000000  0.000000  0.000000  0.000000  1.000000  1.000000  0.000000  0.000000  0.000000  1.000000  0.000000  0.000000  0.000000  1.000000  0.000000  0.000000  
19.606749 -0.000315  0.090976  0.003977  0.991544  0.123872  0.038689  -0.126008  0.990288  0.058745  -0.031036  -0.063123  0.997523  -0.000419  -0.000957  0.000274  0.000000  0.000000  0.000000  2.000000  1.000000  0.000000  0.000000  0.000000  1.000000  0.000000  0.000000  0.000000  1.000000  0.999994  0.003474  0.000488  -0.003474  0.999994  -0.000352  -0.000489  0.000350  1.000000  1.000000  0.000000  0.000000  0.000000  1.000000  0.000000  0.000000  0.000000  1.000000  1.000000  0.000000  0.000000  0.000000  1.000000  0.000000  0.000000  0.000000  1.000000  0.000000  0.000000  
19.607999 -0.000316  0.090974  0.003979  0.991383  0.125082  0.038909  -0.127232  0.990129  0.058800  -0.031170  -0.063244  0.997511  -0.000470  -0.001099  0.000442  0.000000  0.000000  0.000000  2.000000  1.000000  0.000000  0.000000  0.000000  1.000000  0.000000  0.000000  0.000000  1.000000  0.999989  0.004698  0.000700  -0.004698  0.999989  -0.000269  -0.000701  0.000266  1.000000  1.000000  0.000000  0.000000  0.000000  1.000000  0.000000  0.000000  0.000000  1.000000  1.000000  0.000000  0.000000  0.000000  1.000000  0.000000  0.000000  0.000000  1.000000  0.000000  0.000000  
19.609244 -0.000316  0.090973  0.003981  0.991221  0.126292  0.039129  -0.128456  0.989967  0.058855  -0.031304  -0.063365  0.997499  -0.000453  -0.001171  0.000609  -0.026406  -0.025795  0.192367  2.000000  1.000000  0.000096  0.000262  -0.000096  1.000000  -0.000006  -0.000262  0.000006  1.000000  0.999982  0.005913  0.001045  -0.005913  0.999983  -0.000067  -0.001046  0.000061  0.999999  1.000000  0.000026  0.000071  -0.000026  1.000000  -0.000001  -0.000071  0.000001  1.000000  1.000000  0.000096  0.000262  -0.000096  1.000000  -0.000006  -0.000262  0.000006  1.000000  0.000046  0.006005  
19.610246 -0.000316  0.090973  0.003983  0.991107  0.127086  0.039458  -0.129271  0.989858  0.058908  -0.031571  -0.063485  0.997483  -0.000434  -0.001207  0.000855  -0.019127  -0.041014  0.219089  2.000000  1.000000  0.000210  0.000579  -0.000210  1.000000  -0.000005  -0.000579  0.000005  1.000000  0.999975  0.006931  0.001244  -0.006931  0.999976  0.000021  -0.001244  -0.000030  0.999999  1.000000  0.000030  0.000083  -0.000030  1.000000  0.000000  -0.000083  -0.000000  1.000000  1.000000  0.000210  0.000579  -0.000210  1.000000  -0.000005  -0.000579  0.000005  1.000000  0.000054  0.007042  
19.611499 -0.000315  0.090973  0.003988  0.990942  0.128295  0.039678  -0.130495  0.989694  0.058962  -0.031705  -0.063606  0.997471  -0.000370  -0.001227  0.001224  -0.016362  -0.048157  0.260187  2.000000  0.999999  0.000371  0.001039  -0.000371  1.000000  0.000007  -0.001039  -0.000007  0.999999  0.999964  0.008352  0.001603  -0.008352  0.999965  0.000215  -0.001601  -0.000229  0.999999  1.000000  0.000035  0.000100  -0.000035  1.000000  0.000003  -0.000100  -0.000003  1.000000  0.999999  0.000371  0.001039  -0.000371  1.000000  0.000007  -0.001039  -0.000007  0.999999  0.000065  0.008507  
19.612743 -0.000315  0.090973  0.003993  0.990780  0.129518  0.039751  -0.131719  0.989535  0.058913  -0.031705  -0.063606  0.997471  -0.000398  -0.001326  0.001533  -0.013801  -0.051233  0.308545  2.000000  0.999999  0.000529  0.001478  -0.000529  1.000000  0.000024  -0.001477  -0.000025  0.999999  0.999953  0.009584  0.001682  -0.009584  0.999954  0.000418  -0.001678  -0.000434  0.999998  1.000000  0.000042  0.000114  -0.000042  1.000000  0.000005  -0.000114  -0.000005  1.000000  0.999999  0.000529  0.001478  -0.000529  1.000000  0.000024  -0.001477  -0.000025  0.999999  0.000077  0.009740  
19.613745 -0.000315  0.090971  0.003996  0.990644  0.130531  0.039828  -0.132738  0.989394  0.058992  -0.031705  -0.063727  0.997464  -0.000397  -0.001388  0.001741  -0.006729  -0.053432  0.343028  2.000000  0.999998  0.000711  0.001964  -0.000711  1.000000  0.000048  -0.001964  -0.000050  0.999998  0.999942  0.010610  0.001749  -0.010611  0.999944  0.000506  -0.001743  -0.000525  0.999998  1.000000  0.000047  0.000126  -0.000047  1.000000  0.000006  -0.000126  -0.000006  1.000000  0.999998  0.000711  0.001964  -0.000711  1.000000  0.000048  -0.001964  -0.000050  0.999998  0.000085  0.010766  
19.614995 -0.000315  0.090968  0.004001  0.990452  0.131947  0.039945  -0.134166  0.989191  0.059175  -0.031705  -0.063969  0.997448  -0.000350  -0.001437  0.002055  0.003987  -0.056542  0.391356  2.000000  0.999996  0.000975  0.002649  -0.000975  1.000000  0.000093  -0.002649  -0.000096  0.999996  0.999926  0.012047  0.001843  -0.012049  0.999927  0.000823  -0.001833  -0.000845  0.999998  1.000000  0.000055  0.000142  -0.000055  1.000000  0.000010  -0.000142  -0.000010  1.000000  0.999996  0.000975  0.002649  -0.000975  1.000000  0.000093  -0.002649  -0.000096  0.999996  0.000095  0.012216  
19.615995 -0.000315  0.090965  0.004004  0.990313  0.132961  0.040022  -0.135185  0.989047  0.059254  -0.031705  -0.064090  0.997440  -0.000282  -0.001475  0.002303  0.006768  -0.059229  0.432867  2.000000  0.999994  0.001212  0.003249  -0.001213  0.999999  0.000141  -0.003249  -0.000145  0.999995  0.999913  0.013074  0.001910  -0.013076  0.999914  0.001032  -0.001896  -0.001057  0.999998  1.000000  0.000061  0.000153  -0.000061  1.000000  0.000013  -0.000153  -0.000013  1.000000  0.999994  0.001212  0.003249  -0.001213  0.999999  0.000141  -0.003249  -0.000145  0.999995  0.000106  0.013254  
19.616996 -0.000315  0.090961  0.004008  0.990173  0.133969  0.040115  -0.136205  0.988895  0.059452  -0.031705  -0.064332  0.997425  -0.000239  -0.001544  0.002526  0.017944  -0.065931  0.466935  2.000000  0.999991  0.001483  0.003904  -0.001484  0.999999  0.000200  -0.003904  -0.000206  0.999992  0.999893  0.014519  0.001872  -0.014522  0.999894  0.001349  -0.001852  -0.001376  0.999997  1.000000  0.000071  0.000169  -0.000071  1.000000  0.000017  -0.000169  -0.000017  1.000000  0.999991  0.001483  0.003904  -0.001484  0.999999  0.000200  -0.003904  -0.000206  0.999992  0.000115  0.014703  
19.617998 -0.000314  0.090957  0.004011  0.990028  0.134968  0.040341  -0.137223  0.988744  0.059632  -0.031839  -0.064574  0.997405  -0.000130  -0.001680  0.002665  0.029059  -0.072654  0.501132  2.000000  0.999988  0.001775  0.004606  -0.001776  0.999998  0.000272  -0.004606  -0.000280  0.999989  0.999877  0.015537  0.002075  -0.015540  0.999878  0.001556  -0.002050  -0.001588  0.999997  1.000000  0.000075  0.000181  -0.000075  1.000000  0.000020  -0.000181  -0.000020  1.000000  0.999988  0.001775  0.004606  -0.001776  0.999998  0.000272  -0.004606  -0.000280  0.999989  0.000125  0.015754  
19.619245 -0.000312  0.090951  0.004015  0.989797  0.136573  0.040621  -0.138853  0.988499  0.059907  -0.031972  -0.064936  0.997377  0.000094  -0.001869  0.002831  0.043387  -0.081203  0.563038  2.000000  0.999982  0.002169  0.005559  -0.002171  0.999998  0.000383  -0.005558  -0.000395  0.999984  0.999857  0.016759  0.002291  -0.016764  0.999858  0.001877  -0.002259  -0.001915  0.999996  1.000000  0.000080  0.000196  -0.000080  1.000000  0.000024  -0.000196  -0.000024  1.000000  0.999982  0.002169  0.005559  -0.002171  0.999998  0.000383  -0.005558  -0.000395  0.999984  0.000139  0.017022  
19.620247 -0.000310  0.090947  0.004018  0.989653  0.137581  0.040716  -0.139872  0.988344  0.060105  -0.031972  -0.065178  0.997361  0.000275  -0.002075  0.002877  0.050448  -0.083475  0.597428  2.000000  0.999978  0.002420  0.006164  -0.002423  0.999997  0.000460  -0.006163  -0.000475  0.999981  0.999843  0.017589  0.002215  -0.017593  0.999843  0.002092  -0.002178  -0.002131  0.999995  1.000000  0.000086  0.000204  -0.000086  1.000000  0.000026  -0.000204  -0.000026  1.000000  0.999978  0.002420  0.006164  -0.002423  0.999997  0.000460  -0.006163  -0.000475  0.999981  0.000150  0.017854  
19.621252 -0.000309  0.090942  0.004020  0.989505  0.138580  0.040944  -0.140890  0.988188  0.060284  -0.032106  -0.065420  0.997341  0.000448  -0.002348  0.002921  0.061326  -0.090652  0.638459  2.000000  0.999972  0.002768  0.006990  -0.002772  0.999996  0.000575  -0.006988  -0.000595  0.999975  0.999835  0.017998  0.002248  -0.018004  0.999835  0.002440  -0.002204  -0.002480  0.999994  1.000000  0.000088  0.000209  -0.000088  1.000000  0.000031  -0.000209  -0.000031  1.000000  0.999972  0.002768  0.006990  -0.002772  0.999996  0.000575  -0.006988  -0.000595  0.999975  0.000160  0.018305  
19.622252 -0.000307  0.090936  0.004022  0.989359  0.139587  0.041040  -0.141908  0.988030  0.060481  -0.032106  -0.065662  0.997325  0.000628  -0.002632  0.002940  0.072467  -0.092914  0.672952  2.000000  0.999964  0.003129  0.007830  -0.003134  0.999995  0.000695  -0.007828  -0.000720  0.999969  0.999828  0.018417  0.002146  -0.018423  0.999827  0.002548  -0.002098  -0.002587  0.999994  1.000000  0.000092  0.000213  -0.000092  1.000000  0.000032  -0.000213  -0.000032  1.000000  0.999964  0.003129  0.007830  -0.003134  0.999995  0.000695  -0.007828  -0.000720  0.999969  0.000169  0.018720  
19.623503 -0.000304  0.090930  0.004023  0.989212  0.140589  0.041153  -0.142927  0.987864  0.060799  -0.032106  -0.066025  0.997301  0.000858  -0.002916  0.002960  0.087454  -0.095656  0.714247  2.000000  0.999954  0.003609  0.008915  -0.003617  0.999993  0.000854  -0.008912  -0.000886  0.999960  0.999817  0.019050  0.001923  -0.019055  0.999815  0.002648  -0.001873  -0.002685  0.999995  1.000000  0.000099  0.000218  -0.000099  1.000000  0.000033  -0.000218  -0.000033  1.000000  0.999954  0.003609  0.008915  -0.003617  0.999993  0.000854  -0.008912  -0.000886  0.999960  0.000180  0.019333  
19.624749 -0.000300  0.090923  0.004025  0.989065  0.141596  0.041250  -0.143945  0.987704  0.060996  -0.032106  -0.066267  0.997285  0.001060  -0.003361  0.002867  0.098608  -0.097943  0.748844  2.000000  0.999941  0.004107  0.010032  -0.004118  0.999991  0.001023  -0.010027  -0.001065  0.999949  0.999805  0.019656  0.002104  -0.019662  0.999803  0.002870  -0.002048  -0.002911  0.999994  1.000000  0.000100  0.000226  -0.000100  1.000000  0.000036  -0.000226  -0.000036  1.000000  0.999941  0.004107  0.010032  -0.004118  0.999991  0.001023  -0.010027  -0.001065  0.999949  0.000189  0.019980  
19.625750 -0.000298  0.090918  0.004027  0.988942  0.142390  0.041467  -0.144758  0.987574  0.061182  -0.032240  -0.066508  0.997265  0.001193  -0.003738  0.002737  0.105565  -0.100264  0.783305  2.000000  0.999930  0.004500  0.010945  -0.004513  0.999989  0.001164  -0.010939  -0.001213  0.999939  0.999800  0.019843  0.002390  -0.019851  0.999799  0.002982  -0.002330  -0.003029  0.999993  1.000000  0.000098  0.000230  -0.000099  1.000000  0.000038  -0.000230  -0.000038  1.000000  0.999930  0.004500  0.010945  -0.004513  0.999989  0.001164  -0.010939  -0.001213  0.999939  0.000198  0.020213  
19.626999 -0.000295  0.090912  0.004029  0.988792  0.143396  0.041565  -0.145776  0.987412  0.061379  -0.032240  -0.066750  0.997249  0.001360  -0.004147  0.002558  0.116749  -0.102589  0.818132  2.000000  0.999914  0.004983  0.012097  -0.005000  0.999987  0.001345  -0.012090  -0.001405  0.999926  0.999800  0.019834  0.002528  -0.019842  0.999799  0.002982  -0.002468  -0.003032  0.999992  1.000000  0.000097  0.000230  -0.000097  1.000000  0.000038  -0.000230  -0.000038  1.000000  0.999914  0.004983  0.012097  -0.005000  0.999987  0.001345  -0.012090  -0.001405  0.999926  0.000207  0.020221  
19.628246 -0.000292  0.090905  0.004031  0.988637  0.144394  0.041795  -0.146793  0.987250  0.061556  -0.032374  -0.066992  0.997228  0.001498  -0.004424  0.002408  0.127830  -0.109363  0.852331  2.000000  0.999901  0.005366  0.013024  -0.005385  0.999984  0.001495  -0.013016  -0.001565  0.999914  0.999800  0.019824  0.002666  -0.019833  0.999799  0.003101  -0.002604  -0.003153  0.999992  1.000000  0.000095  0.000231  -0.000095  1.000000  0.000039  -0.000231  -0.000039  1.000000  0.999901  0.005366  0.013024  -0.005385  0.999984  0.001495  -0.013016  -0.001565  0.999914  0.000216  0.020247  
19.629495 -0.000290  0.090900  0.004033  0.988512  0.145193  0.041995  -0.147607  0.987125  0.061622  -0.032507  -0.067112  0.997216  0.001679  -0.004624  0.002323  0.130514  -0.108979  0.852313  2.000000  0.999882  0.005843  0.014176  -0.005868  0.999981  0.001685  -0.014166  -0.001768  0.999898  0.999804  0.019628  0.002521  -0.019635  0.999802  0.003105  -0.002460  -0.003154  0.999992  1.000000  0.000096  0.000228  -0.000096  1.000000  0.000039  -0.000228  -0.000039  1.000000  0.999882  0.005843  0.014176  -0.005868  0.999981  0.001685  -0.014166  -0.001768  0.999898  0.000217  0.020036  
19.630496 -0.000288  0.090894  0.004036  0.988416  0.145788  0.042183  -0.148217  0.987029  0.061696  -0.032641  -0.067233  0.997203  0.001832  -0.004821  0.002199  0.134411  -0.109004  0.852095  2.000000  0.999867  0.006222  0.015079  -0.006251  0.999979  0.001841  -0.015067  -0.001935  0.999885  0.999812  0.019226  0.002363  -0.019233  0.999810  0.003240  -0.002300  -0.003285  0.999992  1.000000  0.000095  0.000223  -0.000095  1.000000  0.000041  -0.000223  -0.000041  1.000000  0.999867  0.006222  0.015079  -0.006251  0.999979  0.001841  -0.015067  -0.001935  0.999885  0.000216  0.019644  
19.631745 -0.000287  0.090887  0.004038  0.988294  0.146591  0.042269  -0.149031  0.986893  0.061900  -0.032641  -0.067475  0.997187  0.001895  -0.004986  0.002098  0.138119  -0.100703  0.859493  2.000000  0.999847  0.006689  0.016188  -0.006722  0.999975  0.002039  -0.016174  -0.002148  0.999867  0.999820  0.018815  0.002340  -0.018822  0.999817  0.003373  -0.002276  -0.003416  0.999992  1.000000  0.000093  0.000218  -0.000093  1.000000  0.000042  -0.000218  -0.000042  1.000000  0.999847  0.006689  0.016188  -0.006722  0.999975  0.002039  -0.016174  -0.002148  0.999867  0.000218  0.019262  
19.632745 -0.000286  0.090882  0.004041  0.988197  0.147186  0.042457  -0.149640  0.986796  0.061974  -0.032775  -0.067596  0.997174  0.001904  -0.005116  0.001993  0.137785  -0.101256  0.866336  2.000000  0.999830  0.007056  0.017047  -0.007095  0.999972  0.002202  -0.017031  -0.002323  0.999852  0.999832  0.018207  0.002167  -0.018215  0.999828  0.003394  -0.002105  -0.003432  0.999992  1.000000  0.000091  0.000211  -0.000091  1.000000  0.000043  -0.000211  -0.000043  1.000000  0.999830  0.007056  0.017047  -0.007095  0.999972  0.002202  -0.017031  -0.002323  0.999852  0.000221  0.018652  
19.633993 -0.000285  0.090874  0.004044  0.988105  0.147785  0.042531  -0.150251  0.986690  0.062187  -0.032775  -0.067838  0.997158  0.001789  -0.005267  0.001948  0.141785  -0.106401  0.873601  2.000000  0.999808  0.007492  0.018091  -0.007536  0.999969  0.002411  -0.018072  -0.002547  0.999833  0.999839  0.017787  0.002278  -0.017795  0.999835  0.003526  -0.002215  -0.003566  0.999991  1.000000  0.000087  0.000207  -0.000087  1.000000  0.000044  -0.000207  -0.000044  1.000000  0.999808  0.007492  0.018091  -0.007536  0.999969  0.002411  -0.018072  -0.002547  0.999833  0.000224  0.018281  
19.634999 -0.000285  0.090868  0.004046  0.988012  0.148384  0.042606  -0.150861  0.986584  0.062400  -0.032775  -0.068080  0.997141  0.001685  -0.005341  0.001919  0.145546  -0.111369  0.879393  2.000000  0.999795  0.007745  0.018702  -0.007794  0.999966  0.002540  -0.018682  -0.002685  0.999822  0.999846  0.017376  0.002252  -0.017384  0.999843  0.003540  -0.002190  -0.003579  0.999991  1.000000  0.000085  0.000202  -0.000085  1.000000  0.000044  -0.000202  -0.000045  1.000000  0.999795  0.007745  0.018702  -0.007794  0.999966  0.002540  -0.018682  -0.002685  0.999822  0.000223  0.017881  
19.636248 -0.000285  0.090860  0.004049  0.987949  0.148786  0.042649  -0.151268  0.986515  0.062502  -0.032775  -0.068200  0.997133  0.001574  -0.005434  0.001930  0.146264  -0.114576  0.858562  2.000000  0.999773  0.008153  0.019693  -0.008209  0.999962  0.002758  -0.019670  -0.002919  0.999802  0.999857  0.016760  0.002215  -0.016768  0.999853  0.003561  -0.002155  -0.003598  0.999991  1.000000  0.000081  0.000195  -0.000081  1.000000  0.000045  -0.000195  -0.000045  1.000000  0.999773  0.008153  0.019693  -0.008209  0.999962  0.002758  -0.019670  -0.002919  0.999802  0.000221  0.017281  
19.637248 -0.000284  0.090855  0.004052  0.987887  0.149181  0.042711  -0.151674  0.986438  0.062724  -0.032775  -0.068442  0.997117  0.001482  -0.005422  0.002017  0.148375  -0.113925  0.838131  2.000000  0.999755  0.008464  0.020454  -0.008526  0.999959  0.002935  -0.020429  -0.003108  0.999786  0.999867  0.016144  0.002177  -0.016152  0.999863  0.003703  -0.002117  -0.003738  0.999991  1.000000  0.000078  0.000188  -0.000078  1.000000  0.000047  -0.000188  -0.000047  1.000000  0.999755  0.008464  0.020454  -0.008526  0.999959  0.002935  -0.020429  -0.003108  0.999786  0.000217  0.016710  
19.638512 -0.000284  0.090848  0.004055  0.987793  0.149780  0.042786  -0.152285  0.986331  0.062937  -0.032775  -0.068684  0.997100  0.001268  -0.005477  0.002090  0.152691  -0.104126  0.824402  2.000000  0.999733  0.008833  0.021361  -0.008903  0.999955  0.003153  -0.021332  -0.003342  0.999767  0.999884  0.015126  0.001977  -0.015133  0.999879  0.003617  -0.001922  -0.003646  0.999992  1.000000  0.000073  0.000176  -0.000073  1.000000  0.000045  -0.000176  -0.000045  1.000000  0.999733  0.008833  0.021361  -0.008903  0.999955  0.003153  -0.021332  -0.003342  0.999767  0.000212  0.015682  
19.639748 -0.000285  0.090839  0.004056  0.987730  0.150176  0.042849  -0.152691  0.986254  0.063158  -0.032775  -0.068926  0.997083  0.000981  -0.005595  0.002088  0.161772  -0.097971  0.797584  2.000000  0.999715  0.009116  0.022053  -0.009192  0.999952  0.003327  -0.022021  -0.003529  0.999751  0.999893  0.014510  0.001937  -0.014517  0.999888  0.003517  -0.001885  -0.003544  0.999992  1.000000  0.000070  0.000169  -0.000070  1.000000  0.000044  -0.000169  -0.000044  1.000000  0.999715  0.009116  0.022053  -0.009192  0.999952  0.003327  -0.022021  -0.003529  0.999751  0.000206  0.015059  
19.640751 -0.000286  0.090833  0.004057  0.987663  0.150568  0.043025  -0.153097  0.986186  0.063240  -0.032909  -0.069047  0.997070  0.000737  -0.005704  0.002025  0.162328  -0.096688  0.776834  2.000000  0.999698  0.009383  0.022701  -0.009465  0.999949  0.003499  -0.022667  -0.003712  0.999736  0.999907  0.013483  0.001869  -0.013490  0.999903  0.003549  -0.001821  -0.003574  0.999992  1.000000  0.000064  0.000158  -0.000064  1.000000  0.000045  -0.000158  -0.000045  1.000000  0.999698  0.009383  0.022701  -0.009465  0.999949  0.003499  -0.022667  -0.003712  0.999736  0.000203  0.014071  
19.642000 -0.000288  0.090824  0.004056  0.987600  0.150963  0.043087  -0.153504  0.986108  0.063462  -0.032909  -0.069289  0.997054  0.000400  -0.005877  0.001854  0.167247  -0.090503  0.749510  2.000000  0.999678  0.009687  0.023453  -0.009777  0.999945  0.003703  -0.023416  -0.003931  0.999718  0.999918  0.012671  0.001681  -0.012677  0.999914  0.003335  -0.001639  -0.003356  0.999993  1.000000  0.000061  0.000148  -0.000061  1.000000  0.000042  -0.000148  -0.000042  1.000000  0.999678  0.009687  0.023453  -0.009777  0.999945  0.003703  -0.023416  -0.003931  0.999718  0.000195  0.013213  
19.643250 -0.000289  0.090817  0.004056  0.987532  0.151355  0.043264  -0.153910  0.986040  0.063543  -0.033042  -0.069409  0.997041  0.000184  -0.005923  0.001630  0.166487  -0.092928  0.722494  2.000000  0.999662  0.009913  0.024026  -0.010009  0.999942  0.003864  -0.023987  -0.004103  0.999704  0.999928  0.011840  0.001761  -0.011846  0.999924  0.003361  -0.001721  -0.003381  0.999993  1.000000  0.000055  0.000139  -0.000055  1.000000  0.000042  -0.000139  -0.000042  1.000000  0.999662  0.009913  0.024026  -0.010009  0.999942  0.003864  -0.023987  -0.004103  0.999704  0.000187  0.012437  
19.644500 -0.000291  0.090810  0.004056  0.987469  0.151756  0.043308  -0.154316  0.985969  0.063645  -0.033042  -0.069530  0.997032  -0.000079  -0.005968  0.001450  0.164889  -0.091509  0.693871  2.000000  0.999643  0.010175  0.024705  -0.010278  0.999939  0.004058  -0.024662  -0.004310  0.999687  0.999936  0.011224  0.001720  -0.011230  0.999932  0.003139  -0.001684  -0.003158  0.999994  1.000000  0.000052  0.000132  -0.000052  1.000000  0.000039  -0.000132  -0.000039  1.000000  0.999643  0.010175  0.024705  -0.010278  0.999939  0.004058  -0.024662  -0.004310  0.999687  0.000180  0.011784  
19.645745 -0.000292  0.090804  0.004055  0.987401  0.152147  0.043485  -0.154722  0.985901  0.063726  -0.033176  -0.069651  0.997020  -0.000256  -0.005892  0.001271  0.165991  -0.093781  0.659164  2.000000  0.999624  0.010420  0.025349  -0.010531  0.999936  0.004242  -0.025304  -0.004508  0.999670  0.999942  0.010608  0.001678  -0.010613  0.999939  0.003039  -0.001646  -0.003056  0.999994  1.000000  0.000048  0.000125  -0.000048  1.000000  0.000038  -0.000125  -0.000038  1.000000  0.999624  0.010420  0.025349  -0.010531  0.999936  0.004242  -0.025304  -0.004508  0.999670  0.000173  0.011165  
19.646995 -0.000293  0.090799  0.004054  0.987369  0.152345  0.043516  -0.154926  0.985862  0.063836  -0.033176  -0.069772  0.997011  -0.000456  -0.005786  0.001019  0.161465  -0.091283  0.626314  2.000000  0.999606  0.010647  0.025959  -0.010766  0.999932  0.004416  -0.025910  -0.004694  0.999653  0.999949  0.009992  0.001636  -0.009997  0.999946  0.002816  -0.001608  -0.002832  0.999995  1.000000  0.000045  0.000118  -0.000045  1.000000  0.000035  -0.000118  -0.000035  1.000000  0.999606  0.010647  0.025959  -0.010766  0.999932  0.004416  -0.025910  -0.004694  0.999653  0.000165  0.010512  
19.647995 -0.000295  0.090795  0.004054  0.987337  0.152542  0.043548  -0.155129  0.985822  0.063947  -0.033176  -0.069893  0.997003  -0.000635  -0.005671  0.000828  0.158279  -0.085106  0.599251  2.000000  0.999593  0.010814  0.026415  -0.010938  0.999930  0.004552  -0.026364  -0.004839  0.999641  0.999955  0.009376  0.001595  -0.009381  0.999952  0.002836  -0.001568  -0.002851  0.999995  1.000000  0.000041  0.000111  -0.000042  1.000000  0.000036  -0.000111  -0.000036  1.000000  0.999593  0.010814  0.026415  -0.010938  0.999930  0.004552  -0.026364  -0.004839  0.999641  0.000158  0.009927  
19.649260 -0.000297  0.090790  0.004053  0.987273  0.152943  0.043593  -0.155535  0.985752  0.064049  -0.033176  -0.070014  0.996994  -0.000797  -0.005489  0.000498  0.150325  -0.078396  0.553717  2.000000  0.999577  0.011005  0.026931  -0.011136  0.999927  0.004715  -0.026877  -0.005013  0.999626  0.999964  0.008359  0.001391  -0.008363  0.999961  0.002750  -0.001368  -0.002761  0.999995  1.000000  0.000037  0.000099  -0.000037  1.000000  0.000034  -0.000099  -0.000034  1.000000  0.999577  0.011005  0.026931  -0.011136  0.999927  0.004715  -0.026877  -0.005013  0.999626  0.000146  0.008911  
19.650493 -0.000299  0.090785  0.004052  0.987237  0.153131  0.043756  -0.155738  0.985714  0.064138  -0.033310  -0.070134  0.996981  -0.000956  -0.005297  0.000309  0.144731  -0.079829  0.517147  2.000000  0.999564  0.011150  0.027323  -0.011287  0.999925  0.004844  -0.027267  -0.005150  0.999615  0.999966  0.008154  0.001376  -0.008158  0.999963  0.002635  -0.001355  -0.002646  0.999996  1.000000  0.000036  0.000097  -0.000036  1.000000  0.000033  -0.000097  -0.000033  1.000000  0.999564  0.011150  0.027323  -0.011287  0.999925  0.004844  -0.027267  -0.005150  0.999615  0.000139  0.008681  
19.651495 -0.000301  0.090782  0.004052  0.987172  0.153537  0.043783  -0.156144  0.985651  0.064120  -0.033310  -0.070134  0.996981  -0.001081  -0.005108  0.000145  0.137118  -0.074543  0.503970  2.000000  0.999555  0.011253  0.027608  -0.011393  0.999923  0.004940  -0.027550  -0.005252  0.999607  0.999967  0.007949  0.001363  -0.007952  0.999965  0.002641  -0.001342  -0.002652  0.999996  1.000000  0.000035  0.000095  -0.000035  1.000000  0.000033  -0.000095  -0.000033  1.000000  0.999555  0.011253  0.027608  -0.011393  0.999923  0.004940  -0.027550  -0.005252  0.999607  0.000132  0.008488  
19.652745 -0.000302  0.090779  0.004052  0.987140  0.153735  0.043815  -0.156348  0.985611  0.064231  -0.033310  -0.070255  0.996973  -0.001217  -0.004875  -0.000040  0.134112  -0.072254  0.469429  2.000000  0.999541  0.011423  0.028062  -0.011570  0.999920  0.005097  -0.028002  -0.005420  0.999593  0.999971  0.007547  0.001202  -0.007550  0.999968  0.002534  -0.001182  -0.002543  0.999996  1.000000  0.000034  0.000089  -0.000034  1.000000  0.000032  -0.000089  -0.000032  1.000000  0.999541  0.011423  0.028062  -0.011570  0.999920  0.005097  -0.028002  -0.005420  0.999593  0.000125  0.008053  
19.653753 -0.000304  0.090776  0.004053  0.987108  0.153932  0.043847  -0.156551  0.985572  0.064341  -0.033310  -0.070376  0.996964  -0.001326  -0.004656  -0.000202  0.127954  -0.071067  0.445629  2.000000  0.999530  0.011547  0.028402  -0.011700  0.999918  0.005218  -0.028339  -0.005548  0.999583  0.999974  0.007137  0.001173  -0.007140  0.999972  0.002427  -0.001155  -0.002435  0.999996  1.000000  0.000032  0.000085  -0.000032  1.000000  0.000030  -0.000085  -0.000030  1.000000  0.999530  0.011547  0.028402  -0.011700  0.999918  0.005218  -0.028339  -0.005548  0.999583  0.000120  0.007630  
19.655000 -0.000307  0.090773  0.004052  0.987076  0.154135  0.043860  -0.156754  0.985540  0.064332  -0.033310  -0.070376  0.996964  -0.001427  -0.004306  -0.000343  0.120711  -0.064760  0.418444  2.000000  0.999517  0.011698  0.028797  -0.011857  0.999915  0.005366  -0.028732  -0.005705  0.999571  0.999978  0.006530  0.000997  -0.006533  0.999976  0.002326  -0.000982  -0.002333  0.999997  1.000000  0.000030  0.000077  -0.000030  1.000000  0.000029  -0.000077  -0.000029  1.000000  0.999517  0.011698  0.028797  -0.011857  0.999915  0.005366  -0.028732  -0.005705  0.999571  0.000112  0.007005  
19.656251 -0.000309  0.090769  0.004051  0.987043  0.154333  0.043892  -0.156957  0.985501  0.064443  -0.033310  -0.070497  0.996956  -0.001474  -0.003955  -0.000392  0.117534  -0.062935  0.390810  2.000000  0.999505  0.011834  0.029162  -0.012000  0.999913  0.005502  -0.029095  -0.005849  0.999560  0.999981  0.006120  0.000969  -0.006122  0.999979  0.002219  -0.000955  -0.002225  0.999997  1.000000  0.000028  0.000072  -0.000028  1.000000  0.000028  -0.000072  -0.000028  1.000000  0.999505  0.011834  0.029162  -0.012000  0.999913  0.005502  -0.029095  -0.005849  0.999560  0.000106  0.006582  
19.657503 -0.000311  0.090767  0.004048  0.987011  0.154536  0.043905  -0.157160  0.985469  0.064434  -0.033310  -0.070497  0.996956  -0.001489  -0.003632  -0.000491  0.110325  -0.056626  0.363715  2.000000  0.999493  0.011962  0.029509  -0.012133  0.999911  0.005630  -0.029439  -0.005985  0.999549  0.999983  0.005709  0.000940  -0.005711  0.999982  0.001990  -0.000928  -0.001996  0.999998  1.000000  0.000026  0.000068  -0.000026  1.000000  0.000025  -0.000068  -0.000025  1.000000  0.999493  0.011962  0.029509  -0.012133  0.999911  0.005630  -0.029439  -0.005985  0.999549  0.000098  0.006120  
19.658749 -0.000313  0.090764  0.004046  0.986946  0.154936  0.043950  -0.157567  0.985397  0.064535  -0.033310  -0.070618  0.996947  -0.001540  -0.003296  -0.000629  0.106830  -0.050738  0.343065  2.000000  0.999482  0.012084  0.029844  -0.012260  0.999908  0.005747  -0.029772  -0.006110  0.999538  0.999984  0.005504  0.000926  -0.005506  0.999983  0.001876  -0.000916  -0.001881  0.999998  1.000000  0.000024  0.000065  -0.000024  1.000000  0.000023  -0.000065  -0.000023  1.000000  0.999482  0.012084  0.029844  -0.012260  0.999908  0.005747  -0.029772  -0.006110  0.999538  0.000092  0.005889  
19.660000 -0.000313  0.090763  0.004044  0.986910  0.155130  0.044095  -0.157769  0.985367  0.064505  -0.033443  -0.070618  0.996943  -0.001478  -0.002961  -0.000795  0.103194  -0.054294  0.328977  2.000000  0.999473  0.012173  0.030103  -0.012354  0.999907  0.005832  -0.030029  -0.006201  0.999530  0.999985  0.005289  0.001045  -0.005291  0.999985  0.001639  -0.001036  -0.001645  0.999998  1.000000  0.000022  0.000064  -0.000022  1.000000  0.000021  -0.000064  -0.000021  1.000000  0.999473  0.012173  0.030103  -0.012354  0.999907  0.005832  -0.030029  -0.006201  0.999530  0.000088  0.005636  
19.661250 -0.000314  0.090761  0.004041  0.986877  0.155333  0.044109  -0.157973  0.985335  0.064496  -0.033443  -0.070618  0.996943  -0.001400  -0.002699  -0.000921  0.095701  -0.048413  0.308571  2.000000  0.999464  0.012255  0.030352  -0.012440  0.999905  0.005909  -0.030277  -0.006283  0.999522  0.999987  0.005084  0.001030  -0.005085  0.999986  0.001525  -0.001023  -0.001530  0.999998  1.000000  0.000021  0.000061  -0.000021  1.000000  0.000019  -0.000061  -0.000019  1.000000  0.999464  0.012255  0.030352  -0.012440  0.999905  0.005909  -0.030277  -0.006283  0.999522  0.000083  0.005408  
19.662492 -0.000313  0.090761  0.004037  0.986844  0.155530  0.044141  -0.158176  0.985295  0.064607  -0.033443  -0.070739  0.996934  -0.001269  -0.002397  -0.001101  0.095386  -0.047112  0.292400  2.000000  0.999464  0.012255  0.030352  -0.012440  0.999905  0.005909  -0.030277  -0.006283  0.999522  0.999988  0.004888  0.000883  -0.004889  0.999987  0.001411  -0.000876  -0.001415  0.999999  1.000000  0.000000  0.000000  0.000000  1.000000  0.000000  0.000000  0.000000  1.000000  0.999464  0.012255  0.030352  -0.012440  0.999905  0.005909  -0.030277  -0.006283  0.999522  0.000078  0.000000  
19.663497 -0.000313  0.090761  0.004035  0.986807  0.155724  0.044286  -0.158378  0.985265  0.064576  -0.033577  -0.070738  0.996930  -0.001111  -0.002073  -0.001232  0.091971  -0.046286  0.279357  2.000000  0.999464  0.012255  0.030352  -0.012440  0.999905  0.005909  -0.030277  -0.006283  0.999522  0.999990  0.004477  0.000854  -0.004479  0.999989  0.001303  -0.000848  -0.001307  0.999999  1.000000  0.000000  0.000000  0.000000  1.000000  0.000000  0.000000  0.000000  1.000000  0.999464  0.012255  0.030352  -0.012440  0.999905  0.005909  -0.030277  -0.006283  0.999522  0.000074  0.000000  
19.664745 -0.000312  0.090761  0.004030  0.986775  0.155926  0.044299  -0.158581  0.985232  0.064567  -0.033577  -0.070738  0.996930  -0.000938  -0.001820  -0.001478  0.084119  -0.045257  0.264996  2.000000  0.999464  0.012255  0.030352  -0.012440  0.999905  0.005909  -0.030277  -0.006283  0.999522  0.999991  0.004272  0.000839  -0.004273  0.999990  0.001067  -0.000835  -0.001071  0.999999  1.000000  0.000000  0.000000  0.000000  1.000000  0.000000  0.000000  0.000000  1.000000  0.999464  0.012255  0.030352  -0.012440  0.999905  0.005909  -0.030277  -0.006283  0.999522  0.000069  0.000000  
19.665745 -0.000312  0.090760  0.004027  0.986775  0.155926  0.044299  -0.158581  0.985232  0.064567  -0.033577  -0.070738  0.996930  -0.000801  -0.001570  -0.001704  0.076485  -0.044334  0.251297  2.000000  0.999464  0.012255  0.030352  -0.012440  0.999905  0.005909  -0.030277  -0.006283  0.999522  0.999991  0.004272  0.000839  -0.004273  0.999990  0.001067  -0.000835  -0.001071  0.999999  1.000000  0.000000  0.000000  0.000000  1.000000  0.000000  0.000000  0.000000  1.000000  0.999464  0.012255  0.030352  -0.012440  0.999905  0.005909  -0.030277  -0.006283  0.999522  0.000067  0.000000  
19.666993 -0.000311  0.090760  0.004023  0.986742  0.156124  0.044331  -0.158784  0.985193  0.064678  -0.033577  -0.070859  0.996921  -0.000621  -0.001369  -0.001919  0.072912  -0.043433  0.237654  2.000000  0.999464  0.012255  0.030352  -0.012440  0.999905  0.005909  -0.030277  -0.006283  0.999522  0.999991  0.004076  0.000692  -0.004077  0.999991  0.001074  -0.000687  -0.001077  0.999999  1.000000  0.000000  0.000000  0.000000  1.000000  0.000000  0.000000  0.000000  1.000000  0.999464  0.012255  0.030352  -0.012440  0.999905  0.005909  -0.030277  -0.006283  0.999522  0.000065  0.000000  
19.667997 -0.000310  0.090760  0.004021  0.986738  0.156114  0.044463  -0.158784  0.985194  0.064656  -0.033711  -0.070859  0.996917  -0.000469  -0.001190  -0.002133  0.069297  -0.046933  0.223618  2.000000  0.999464  0.012255  0.030352  -0.012440  0.999905  0.005909  -0.030277  -0.006283  0.999522  0.999992  0.003862  0.000811  -0.003862  0.999992  0.000959  -0.000807  -0.000962  0.999999  1.000000  0.000000  0.000000  0.000000  1.000000  0.000000  0.000000  0.000000  1.000000  0.999464  0.012255  0.030352  -0.012440  0.999905  0.005909  -0.030277  -0.006283  0.999522  0.000061  0.000000  
19.669245 -0.000309  0.090760  0.004018  0.986705  0.156317  0.044476  -0.158987  0.985162  0.064647  -0.033711  -0.070859  0.996917  -0.000221  -0.000955  -0.002276  0.061444  -0.046485  0.216789  2.000000  0.999464  0.012255  0.030352  -0.012440  0.999905  0.005909  -0.030277  -0.006283  0.999522  0.999992  0.003862  0.000811  -0.003862  0.999992  0.000838  -0.000808  -0.000841  0.999999  1.000000  0.000000  0.000000  0.000000  1.000000  0.000000  0.000000  0.000000  1.000000  0.999464  0.012255  0.030352  -0.012440  0.999905  0.005909  -0.030277  -0.006283  0.999522  0.000058  0.000000  
19.670256 -0.000307  0.090760  0.004016  0.986705  0.156317  0.044476  -0.158987  0.985162  0.064647  -0.033711  -0.070859  0.996917  0.000049  -0.000722  -0.002396  0.054459  -0.040946  0.198136  2.000000  0.999464  0.012255  0.030352  -0.012440  0.999905  0.005909  -0.030277  -0.006283  0.999522  0.999994  0.003451  0.000782  -0.003452  0.999994  0.000731  -0.000779  -0.000733  0.999999  1.000000  0.000000  0.000000  0.000000  1.000000  0.000000  0.000000  0.000000  1.000000  0.999464  0.012255  0.030352  -0.012440  0.999905  0.005909  -0.030277  -0.006283  0.999522  0.000054  0.000000  
19.671265 -0.000305  0.090761  0.004014  0.986701  0.156308  0.044608  -0.158986  0.985163  0.064626  -0.033845  -0.070859  0.996912  0.000291  -0.000541  -0.002447  0.050587  -0.044947  0.190871  2.000000  0.999464  0.012255  0.030352  -0.012440  0.999905  0.005909  -0.030277  -0.006283  0.999522  0.999994  0.003246  0.000767  -0.003246  0.999995  0.000616  -0.000765  -0.000618  1.000000  1.000000  0.000000  0.000000  0.000000  1.000000  0.000000  0.000000  0.000000  1.000000  0.999464  0.012255  0.030352  -0.012440  0.999905  0.005909  -0.030277  -0.006283  0.999522  0.000052  0.000000  
