1-Time 2-Px 3-Py 4-Pz 5-R11 6-R21 7-R31 8-R12 9-R22 10-R32 11-R13 12-R23 13-R33 14-Vx 15-Vy 16-Vz 17-Wx 18-Wy 19-Wz 20-state 21-PR11 22-PR21 23-PR31 24-PR12 25-PR22 26-PR32 27-PR13 28-PR23 29-PR33 
59.061550 0.007397  0.100599  0.000384  0.997637  0.067074  -0.014904  -0.066437  0.996998  0.039762  0.017527  -0.038678  0.999098  -0.000100  0.000041  0.000211  -0.005114  -0.011213  0.172777  2.000000  1.000000  0.000000  0.000000  -0.000000  1.000000  0.000000  0.000000  -0.000000  1.000000  0.999993  0.003697  0.000277  -0.003697  0.999993  -0.000057  -0.000277  0.000056  1.000000  1.000000  0.000000  0.000000  0.000000  1.000000  0.000000  0.000000  0.000000  1.000000  0.640174  0.379945  0.667697  -0.381057  0.911727  -0.153459  -0.667063  -0.156190  0.728444  0.000000  0.000000  
59.062556 0.007397  0.100599  0.000385  0.997623  0.067279  -0.014896  -0.066643  0.996984  0.039765  0.017527  -0.038678  0.999098  -0.000115  0.000045  0.000246  -0.005110  -0.011204  0.172640  2.000000  1.000000  0.000000  0.000000  0.000000  1.000000  0.000000  0.000000  0.000000  1.000000  0.999992  0.003903  0.000285  -0.003903  0.999992  -0.000053  -0.000285  0.000052  1.000000  1.000000  0.000000  0.000000  0.000000  1.000000  0.000000  0.000000  0.000000  1.000000  1.000000  0.000000  0.000000  0.000000  1.000000  0.000000  0.000000  0.000000  1.000000  0.000044  0.000000  
59.063806 0.007399  0.100601  0.000386  0.997582  0.067897  -0.014863  -0.067259  0.996938  0.039896  0.017527  -0.038799  0.999093  0.000044  0.000118  0.000289  -0.000663  -0.011931  0.191922  2.000000  1.000000  0.000000  0.000000  0.000000  1.000000  0.000000  0.000000  0.000000  1.000000  0.999991  0.004314  0.000302  -0.004314  0.999991  0.000075  -0.000301  -0.000077  1.000000  1.000000  0.000000  0.000000  0.000000  1.000000  0.000000  0.000000  0.000000  1.000000  1.000000  0.000000  0.000000  0.000000  1.000000  0.000000  0.000000  0.000000  1.000000  0.000049  0.000000  
59.064807 0.007401  0.100602  0.000387  0.997524  0.068723  -0.014964  -0.068080  0.996881  0.039917  0.017661  -0.038799  0.999091  0.000169  0.000218  0.000386  -0.000289  -0.008334  0.214256  2.000000  1.000000  0.000000  0.000000  0.000000  1.000000  0.000000  0.000000  0.000000  1.000000  0.999989  0.004731  0.000184  -0.004731  0.999989  0.000083  -0.000184  -0.000084  1.000000  1.000000  0.000000  0.000000  0.000000  1.000000  0.000000  0.000000  0.000000  1.000000  1.000000  0.000000  0.000000  0.000000  1.000000  0.000000  0.000000  0.000000  1.000000  0.000052  0.000000  
59.065818 0.007402  0.100603  0.000387  0.997495  0.069135  -0.014939  -0.068491  0.996848  0.040044  0.017661  -0.038920  0.999086  0.000313  0.000258  0.000375  0.003910  -0.008616  0.221179  2.000000  1.000000  0.000061  0.000116  -0.000061  1.000000  0.000004  -0.000116  -0.000004  1.000000  0.999986  0.005348  0.000209  -0.005348  0.999986  0.000215  -0.000207  -0.000216  1.000000  1.000000  0.000031  0.000059  -0.000031  1.000000  0.000003  -0.000059  -0.000003  1.000000  1.000000  0.000061  0.000116  -0.000061  1.000000  0.000004  -0.000116  -0.000004  1.000000  0.000058  0.005356  
59.067056 0.007405  0.100604  0.000389  0.997439  0.069958  -0.014898  -0.069312  0.996786  0.040177  0.017661  -0.039042  0.999082  0.000468  0.000312  0.000460  0.008476  -0.009710  0.248873  2.000000  1.000000  0.000189  0.000360  -0.000189  1.000000  0.000018  -0.000360  -0.000018  1.000000  0.999983  0.005759  0.000225  -0.005759  0.999983  0.000344  -0.000223  -0.000345  1.000000  1.000000  0.000034  0.000064  -0.000034  1.000000  0.000004  -0.000064  -0.000004  1.000000  1.000000  0.000189  0.000360  -0.000189  1.000000  0.000018  -0.000360  -0.000018  1.000000  0.000061  0.005774  
59.068057 0.007408  0.100605  0.000390  0.997396  0.070574  -0.014873  -0.069928  0.996742  0.040186  0.017661  -0.039042  0.999082  0.000678  0.000391  0.000503  0.008720  -0.010249  0.262694  2.000000  1.000000  0.000330  0.000623  -0.000330  1.000000  0.000035  -0.000623  -0.000035  1.000000  0.999981  0.006176  0.000108  -0.006176  0.999981  0.000351  -0.000106  -0.000352  1.000000  1.000000  0.000037  0.000068  -0.000037  1.000000  0.000004  -0.000068  -0.000004  1.000000  1.000000  0.000330  0.000623  -0.000330  1.000000  0.000035  -0.000623  -0.000035  1.000000  0.000064  0.006187  
59.069310 0.007412  0.100607  0.000392  0.997335  0.071401  -0.014964  -0.070749  0.996679  0.040329  0.017794  -0.039163  0.999074  0.000991  0.000596  0.000664  0.017257  -0.006564  0.283570  2.000000  0.999999  0.000492  0.000910  -0.000492  1.000000  0.000057  -0.000910  -0.000058  1.000000  0.999977  0.006798  -0.000001  -0.006798  0.999977  0.000484  0.000004  -0.000484  1.000000  1.000000  0.000043  0.000074  -0.000043  1.000000  0.000006  -0.000074  -0.000006  1.000000  0.999999  0.000492  0.000910  -0.000492  1.000000  0.000057  -0.000910  -0.000058  1.000000  0.000070  0.006815  
59.070311 0.007415  0.100609  0.000394  0.997260  0.072434  -0.015047  -0.071776  0.996599  0.040475  0.017928  -0.039284  0.999067  0.001217  0.000708  0.000761  0.021843  -0.003169  0.311369  2.000000  0.999999  0.000677  0.001225  -0.000677  1.000000  0.000086  -0.001225  -0.000087  0.999999  0.999971  0.007626  -0.000101  -0.007626  0.999971  0.000621  0.000106  -0.000620  1.000000  1.000000  0.000049  0.000082  -0.000049  1.000000  0.000008  -0.000082  -0.000008  1.000000  0.999999  0.000677  0.001225  -0.000677  1.000000  0.000086  -0.001225  -0.000087  0.999999  0.000079  0.007652  
59.071314 0.007417  0.100611  0.000396  0.997185  0.073462  -0.014997  -0.072802  0.996519  0.040611  0.017928  -0.039405  0.999062  0.001379  0.000817  0.000889  0.026536  -0.004540  0.345949  2.000000  0.999998  0.000884  0.001576  -0.000884  1.000000  0.000119  -0.001576  -0.000121  0.999999  0.999964  0.008449  -0.000068  -0.008449  0.999964  0.000756  0.000074  -0.000756  1.000000  1.000000  0.000054  0.000091  -0.000054  1.000000  0.000009  -0.000091  -0.000009  1.000000  0.999998  0.000884  0.001576  -0.000884  1.000000  0.000119  -0.001576  -0.000121  0.999999  0.000084  0.008483  
59.072560 0.007422  0.100613  0.000398  0.997092  0.074700  -0.015071  -0.074034  0.996422  0.040760  0.018062  -0.039526  0.999055  0.001685  0.000967  0.001007  0.031249  -0.001423  0.380633  2.000000  0.999997  0.001170  0.002065  -0.001170  0.999999  0.000167  -0.002065  -0.000169  0.999998  0.999955  0.009477  -0.000027  -0.009477  0.999955  0.000774  0.000034  -0.000774  1.000000  1.000000  0.000060  0.000102  -0.000060  1.000000  0.000010  -0.000102  -0.000010  1.000000  0.999997  0.001170  0.002065  -0.001170  0.999999  0.000167  -0.002065  -0.000169  0.999998  0.000095  0.009509  
59.073809 0.007426  0.100616  0.000401  0.997000  0.075931  -0.015021  -0.075265  0.996329  0.040779  0.018062  -0.039526  0.999055  0.001998  0.001171  0.001168  0.031867  -0.002778  0.415188  2.000000  0.999995  0.001493  0.002607  -0.001494  0.999999  0.000223  -0.002607  -0.000227  0.999997  0.999945  0.010511  -0.000119  -0.010510  0.999944  0.000915  0.000128  -0.000914  1.000000  1.000000  0.000067  0.000113  -0.000067  1.000000  0.000011  -0.000113  -0.000011  1.000000  0.999995  0.001493  0.002607  -0.001494  0.999999  0.000223  -0.002607  -0.000227  0.999997  0.000103  0.010551  
59.075061 0.007432  0.100621  0.000404  0.996890  0.077368  -0.014952  -0.076702  0.996214  0.040921  0.018062  -0.039647  0.999050  0.002347  0.001461  0.001394  0.036682  -0.004431  0.456629  2.000000  0.999993  0.001847  0.003209  -0.001848  0.999998  0.000292  -0.003208  -0.000298  0.999995  0.999933  0.011539  -0.000076  -0.011539  0.999933  0.001176  0.000090  -0.001175  0.999999  1.000000  0.000073  0.000124  -0.000073  1.000000  0.000015  -0.000124  -0.000015  1.000000  0.999993  0.001847  0.003209  -0.001848  0.999998  0.000292  -0.003208  -0.000298  0.999995  0.000112  0.011599  
59.076311 0.007437  0.100626  0.000409  0.996779  0.078806  -0.014884  -0.078138  0.996096  0.041064  0.018062  -0.039768  0.999046  0.002741  0.001815  0.001695  0.041501  -0.006089  0.498129  2.000000  0.999990  0.002235  0.003874  -0.002236  0.999997  0.000371  -0.003874  -0.000379  0.999992  0.999918  0.012773  -0.000026  -0.012773  0.999918  0.001319  0.000043  -0.001319  0.999999  1.000000  0.000080  0.000138  -0.000080  1.000000  0.000016  -0.000138  -0.000016  1.000000  0.999990  0.002235  0.003874  -0.002236  0.999997  0.000371  -0.003874  -0.000379  0.999992  0.000123  0.012841  
59.077562 0.007444  0.100631  0.000414  0.996663  0.080250  -0.014938  -0.079575  0.995971  0.041337  0.018196  -0.040011  0.999034  0.003171  0.002143  0.001944  0.050387  0.001199  0.539875  2.000000  0.999987  0.002576  0.004462  -0.002578  0.999997  0.000440  -0.004461  -0.000452  0.999990  0.999902  0.014012  -0.000108  -0.014012  0.999901  0.001464  0.000129  -0.001462  0.999999  1.000000  0.000089  0.000151  -0.000089  1.000000  0.000018  -0.000151  -0.000018  1.000000  0.999987  0.002576  0.004462  -0.002578  0.999997  0.000440  -0.004461  -0.000452  0.999990  0.000133  0.014089  
59.078806 0.007451  0.100638  0.000418  0.996545  0.081692  -0.015002  -0.081011  0.995849  0.041490  0.018329  -0.040132  0.999026  0.003520  0.002511  0.002203  0.055270  0.004022  0.581806  2.000000  0.999982  0.003041  0.005258  -0.003044  0.999995  0.000541  -0.005257  -0.000557  0.999986  0.999884  0.015246  -0.000055  -0.015246  0.999882  0.001728  0.000081  -0.001727  0.999999  1.000000  0.000096  0.000165  -0.000096  1.000000  0.000022  -0.000165  -0.000022  1.000000  0.999982  0.003041  0.005258  -0.003044  0.999995  0.000541  -0.005257  -0.000557  0.999986  0.000146  0.015344  
59.079813 0.007456  0.100643  0.000423  0.996444  0.082924  -0.014941  -0.082242  0.995743  0.041630  0.018329  -0.040253  0.999021  0.003775  0.002767  0.002439  0.059940  0.002618  0.616092  2.000000  0.999976  0.003444  0.005939  -0.003448  0.999994  0.000629  -0.005937  -0.000649  0.999982  0.999871  0.016074  -0.000153  -0.016074  0.999869  0.001866  0.000183  -0.001863  0.999998  1.000000  0.000102  0.000173  -0.000102  1.000000  0.000023  -0.000173  -0.000023  1.000000  0.999976  0.003444  0.005939  -0.003448  0.999994  0.000629  -0.005937  -0.000649  0.999982  0.000153  0.016183  
59.081056 0.007463  0.100648  0.000428  0.996322  0.084368  -0.014994  -0.083677  0.995611  0.041904  0.018463  -0.040495  0.999009  0.004027  0.003049  0.002668  0.068894  0.005391  0.657883  2.000000  0.999969  0.003981  0.006848  -0.003987  0.999992  0.000751  -0.006845  -0.000778  0.999976  0.999850  0.017313  -0.000233  -0.017313  0.999848  0.002133  0.000270  -0.002128  0.999998  1.000000  0.000111  0.000186  -0.000111  1.000000  0.000027  -0.000186  -0.000027  1.000000  0.999969  0.003981  0.006848  -0.003987  0.999992  0.000751  -0.006845  -0.000778  0.999976  0.000163  0.017446  
59.082057 0.007468  0.100652  0.000432  0.996218  0.085600  -0.014931  -0.084908  0.995501  0.042043  0.018463  -0.040616  0.999004  0.004238  0.003275  0.002914  0.073591  0.003977  0.692431  2.000000  0.999961  0.004439  0.007620  -0.004445  0.999990  0.000857  -0.007616  -0.000891  0.999971  0.999832  0.018341  -0.000189  -0.018341  0.999829  0.002272  0.000230  -0.002268  0.999997  1.000000  0.000117  0.000197  -0.000117  1.000000  0.000028  -0.000197  -0.000028  1.000000  0.999961  0.004439  0.007620  -0.004445  0.999990  0.000857  -0.007616  -0.000891  0.999971  0.000172  0.018483  
59.083058 0.007473  0.100656  0.000437  0.996112  0.086833  -0.014858  -0.086138  0.995385  0.042303  0.018463  -0.040859  0.998994  0.004427  0.003476  0.003183  0.082380  0.002516  0.727120  2.000000  0.999952  0.004920  0.008437  -0.004928  0.999987  0.000972  -0.008432  -0.001014  0.999964  0.999812  0.019370  -0.000144  -0.019369  0.999809  0.002412  0.000191  -0.002408  0.999997  1.000000  0.000123  0.000209  -0.000123  1.000000  0.000030  -0.000209  -0.000030  1.000000  0.999952  0.004920  0.008437  -0.004928  0.999987  0.000972  -0.008432  -0.001014  0.999964  0.000183  0.019521  
59.084308 0.007480  0.100661  0.000442  0.995969  0.088476  -0.014767  -0.087779  0.995230  0.042569  0.018463  -0.041101  0.998984  0.004577  0.003600  0.003352  0.095474  0.000539  0.775448  2.000000  0.999939  0.005551  0.009517  -0.005562  0.999984  0.001129  -0.009511  -0.001181  0.999954  0.999792  0.020398  -0.000097  -0.020397  0.999789  0.002551  0.000149  -0.002549  0.999997  1.000000  0.000129  0.000220  -0.000129  1.000000  0.000032  -0.000220  -0.000032  1.000000  0.999939  0.005551  0.009517  -0.005562  0.999984  0.001129  -0.009511  -0.001181  0.999954  0.000194  0.020558  
59.085556 0.007486  0.100666  0.000448  0.995820  0.090122  -0.014819  -0.089419  0.995077  0.042726  0.018597  -0.041222  0.998977  0.004726  0.003747  0.003596  0.100470  0.003050  0.823959  2.000000  0.999927  0.006079  0.010428  -0.006093  0.999981  0.001261  -0.010421  -0.001324  0.999945  0.999770  0.021426  -0.000049  -0.021426  0.999766  0.002815  0.000109  -0.002813  0.999996  1.000000  0.000135  0.000231  -0.000135  1.000000  0.000035  -0.000231  -0.000035  1.000000  0.999927  0.006079  0.010428  -0.006093  0.999981  0.001261  -0.010421  -0.001324  0.999945  0.000208  0.021612  
59.086561 0.007491  0.100668  0.000452  0.995709  0.091353  -0.014755  -0.090649  0.994960  0.042865  0.018597  -0.041343  0.998972  0.004843  0.003854  0.003772  0.105145  0.001615  0.858314  2.000000  0.999913  0.006625  0.011371  -0.006642  0.999977  0.001397  -0.011362  -0.001473  0.999934  0.999757  0.022043  -0.000021  -0.022043  0.999753  0.002826  0.000083  -0.002824  0.999996  1.000000  0.000138  0.000238  -0.000138  1.000000  0.000035  -0.000238  -0.000035  1.000000  0.999913  0.006625  0.011371  -0.006642  0.999977  0.001397  -0.011362  -0.001473  0.999934  0.000217  0.022225  
59.087810 0.007496  0.100672  0.000458  0.995578  0.092790  -0.014671  -0.092084  0.994817  0.043127  0.018597  -0.041586  0.998962  0.004929  0.003894  0.003974  0.113930  0.000123  0.892943  2.000000  0.999894  0.007325  0.012584  -0.007346  0.999972  0.001567  -0.012573  -0.001659  0.999920  0.999743  0.022660  0.000008  -0.022659  0.999739  0.002836  0.000056  -0.002836  0.999996  1.000000  0.000142  0.000245  -0.000142  1.000000  0.000035  -0.000245  -0.000035  1.000000  0.999894  0.007325  0.012584  -0.007346  0.999972  0.001567  -0.012573  -0.001659  0.999920  0.000227  0.022838  
59.089060 0.007503  0.100676  0.000464  0.995425  0.094430  -0.014589  -0.093723  0.994657  0.043272  0.018597  -0.041707  0.998957  0.005052  0.003937  0.004165  0.118879  -0.001878  0.941319  2.000000  0.999872  0.008045  0.013837  -0.008070  0.999966  0.001744  -0.013822  -0.001856  0.999903  0.999729  0.023276  0.000039  -0.023276  0.999725  0.002969  0.000030  -0.002969  0.999996  1.000000  0.000145  0.000252  -0.000145  1.000000  0.000037  -0.000252  -0.000037  1.000000  0.999872  0.008045  0.013837  -0.008070  0.999966  0.001744  -0.013822  -0.001856  0.999903  0.000236  0.023467  
59.090315 0.007510  0.100681  0.000469  0.995269  0.096072  -0.014494  -0.095362  0.994490  0.043537  0.018597  -0.041949  0.998947  0.005148  0.003965  0.004290  0.127750  -0.003664  0.982559  2.000000  0.999847  0.008773  0.015126  -0.008803  0.999959  0.001923  -0.015108  -0.002056  0.999884  0.999715  0.023882  0.000336  -0.023883  0.999710  0.002979  -0.000264  -0.002987  0.999996  1.000000  0.000146  0.000260  -0.000146  1.000000  0.000037  -0.000260  -0.000037  1.000000  0.999847  0.008773  0.015126  -0.008803  0.999959  0.001923  -0.015108  -0.002056  0.999884  0.000248  0.024072  
59.091561 0.007516  0.100686  0.000476  0.995130  0.097506  -0.014420  -0.096797  0.994345  0.043679  0.018597  -0.042070  0.998942  0.005210  0.003962  0.004396  0.132631  -0.005402  1.024458  2.000000  0.999820  0.009504  0.016439  -0.009540  0.999952  0.002106  -0.016418  -0.002263  0.999863  0.999705  0.024293  0.000359  -0.024294  0.999700  0.003108  -0.000283  -0.003116  0.999995  1.000000  0.000148  0.000265  -0.000148  1.000000  0.000039  -0.000265  -0.000039  1.000000  0.999820  0.009504  0.016439  -0.009540  0.999952  0.002106  -0.016418  -0.002263  0.999863  0.000259  0.024496  
59.092810 0.007523  0.100692  0.000482  0.994987  0.098948  -0.014466  -0.098230  0.994193  0.043954  0.018731  -0.042313  0.998929  0.005191  0.003945  0.004469  0.141480  -0.002435  1.059210  2.000000  0.999790  0.010242  0.017760  -0.010284  0.999944  0.002294  -0.017736  -0.002476  0.999840  0.999705  0.024299  0.000228  -0.024299  0.999700  0.003232  -0.000150  -0.003237  0.999995  1.000000  0.000150  0.000264  -0.000150  1.000000  0.000040  -0.000264  -0.000040  1.000000  0.999790  0.010242  0.017760  -0.010284  0.999944  0.002294  -0.017736  -0.002476  0.999840  0.000267  0.024516  
59.094062 0.007529  0.100697  0.000487  0.994845  0.100383  -0.014390  -0.099664  0.994044  0.044095  0.018731  -0.042434  0.998924  0.005121  0.003845  0.004511  0.141920  -0.007898  1.079701  2.000000  0.999764  0.010838  0.018833  -0.010886  0.999938  0.002446  -0.018806  -0.002650  0.999820  0.999700  0.024498  0.000377  -0.024499  0.999694  0.003357  -0.000294  -0.003365  0.999994  1.000000  0.000149  0.000267  -0.000150  1.000000  0.000042  -0.000267  -0.000042  1.000000  0.999764  0.010838  0.018833  -0.010886  0.999938  0.002446  -0.018806  -0.002650  0.999820  0.000273  0.024733  
59.095306 0.007536  0.100703  0.000493  0.994700  0.101817  -0.014314  -0.101098  0.993893  0.044236  0.018731  -0.042555  0.998919  0.005101  0.003805  0.004534  0.142325  -0.008877  1.100653  2.000000  0.999729  0.011586  0.020181  -0.011641  0.999929  0.002638  -0.020149  -0.002872  0.999793  0.999695  0.024704  0.000389  -0.024705  0.999689  0.003361  -0.000305  -0.003369  0.999994  1.000000  0.000151  0.000270  -0.000151  1.000000  0.000042  -0.000270  -0.000042  1.000000  0.999729  0.011586  0.020181  -0.011641  0.999929  0.002638  -0.020149  -0.002872  0.999793  0.000279  0.024938  
59.096557 0.007541  0.100708  0.000499  0.994553  0.103251  -0.014238  -0.102531  0.993739  0.044378  0.018731  -0.042676  0.998913  0.005041  0.003829  0.004620  0.141849  -0.010344  1.126441  2.000000  0.999692  0.012337  0.021536  -0.012400  0.999919  0.002831  -0.021499  -0.003097  0.999764  0.999695  0.024704  0.000392  -0.024705  0.999689  0.003361  -0.000308  -0.003369  0.999994  1.000000  0.000151  0.000270  -0.000151  1.000000  0.000042  -0.000270  -0.000042  1.000000  0.999692  0.012337  0.021536  -0.012400  0.999919  0.002831  -0.021499  -0.003097  0.999764  0.000283  0.024938  
59.097807 0.007545  0.100712  0.000505  0.994405  0.104685  -0.014161  -0.103964  0.993584  0.044519  0.018731  -0.042797  0.998908  0.004881  0.003766  0.004607  0.146193  -0.011249  1.146426  2.000000  0.999653  0.013082  0.022885  -0.013155  0.999909  0.003022  -0.022843  -0.003322  0.999734  0.999695  0.024698  0.000528  -0.024700  0.999689  0.003361  -0.000445  -0.003373  0.999994  1.000000  0.000149  0.000270  -0.000149  1.000000  0.000042  -0.000270  -0.000042  1.000000  0.999653  0.013082  0.022885  -0.013155  0.999909  0.003022  -0.022843  -0.003322  0.999734  0.000292  0.024935  
59.098812 0.007549  0.100715  0.000510  0.994275  0.105912  -0.014106  -0.105192  0.993454  0.044536  0.018731  -0.042797  0.998908  0.004708  0.003720  0.004650  0.142649  -0.016624  1.167195  2.000000  0.999619  0.013672  0.023964  -0.013752  0.999900  0.003168  -0.023918  -0.003497  0.999708  0.999695  0.024698  0.000528  -0.024699  0.999690  0.003118  -0.000451  -0.003130  0.999995  1.000000  0.000149  0.000270  -0.000149  1.000000  0.000039  -0.000270  -0.000039  1.000000  0.999619  0.013672  0.023964  -0.013752  0.999900  0.003168  -0.023918  -0.003497  0.999708  0.000297  0.024903  
59.100057 0.007552  0.100719  0.000515  0.994120  0.107351  -0.014162  -0.106625  0.993294  0.044691  0.018864  -0.042918  0.998900  0.004527  0.003673  0.004631  0.142875  -0.017041  1.173586  2.000000  0.999576  0.014402  0.025312  -0.014491  0.999889  0.003348  -0.025261  -0.003713  0.999674  0.999695  0.024692  0.000665  -0.024694  0.999690  0.003118  -0.000588  -0.003134  0.999995  1.000000  0.000148  0.000271  -0.000148  1.000000  0.000039  -0.000271  -0.000039  1.000000  0.999576  0.014402  0.025312  -0.014491  0.999889  0.003348  -0.025261  -0.003713  0.999674  0.000300  0.024901  
59.101309 0.007556  0.100723  0.000520  0.993966  0.108784  -0.014084  -0.108057  0.993133  0.044832  0.018864  -0.043039  0.998895  0.004415  0.003681  0.004556  0.143021  -0.017469  1.180605  2.000000  0.999530  0.015135  0.026662  -0.015234  0.999878  0.003518  -0.026605  -0.003923  0.999638  0.999695  0.024692  0.000668  -0.024694  0.999691  0.003000  -0.000594  -0.003016  0.999995  1.000000  0.000148  0.000271  -0.000148  1.000000  0.000038  -0.000271  -0.000038  1.000000  0.999530  0.015135  0.026662  -0.015234  0.999878  0.003518  -0.026605  -0.003923  0.999638  0.000302  0.024886  
59.102565 0.007559  0.100727  0.000525  0.993809  0.110215  -0.014020  -0.109490  0.992975  0.044852  0.018864  -0.043039  0.998895  0.004255  0.003746  0.004513  0.140181  -0.022175  1.189963  2.000000  0.999491  0.015722  0.027751  -0.015829  0.999868  0.003649  -0.027690  -0.004086  0.999608  0.999690  0.024898  0.000677  -0.024899  0.999686  0.002882  -0.000605  -0.002898  0.999996  1.000000  0.000149  0.000274  -0.000149  1.000000  0.000036  -0.000274  -0.000036  1.000000  0.999491  0.015722  0.027751  -0.015829  0.999868  0.003649  -0.027690  -0.004086  0.999608  0.000303  0.025076  
59.103810 0.007562  0.100731  0.000529  0.993650  0.111647  -0.013941  -0.110922  0.992810  0.044993  0.018864  -0.043161  0.998890  0.004034  0.003731  0.004408  0.140231  -0.022327  1.190385  2.000000  0.999441  0.016451  0.029105  -0.016569  0.999855  0.003804  -0.029038  -0.004284  0.999569  0.999700  0.024486  0.000662  -0.024488  0.999696  0.002754  -0.000594  -0.002769  0.999996  1.000000  0.000146  0.000269  -0.000146  1.000000  0.000035  -0.000269  -0.000035  1.000000  0.999441  0.016451  0.029105  -0.016569  0.999855  0.003804  -0.029038  -0.004284  0.999569  0.000303  0.024653  
59.105060 0.007566  0.100736  0.000532  0.993510  0.112879  -0.014019  -0.112149  0.992671  0.045025  0.018998  -0.043161  0.998887  0.003788  0.003704  0.004240  0.139245  -0.017965  1.187305  2.000000  0.999389  0.017177  0.030441  -0.017305  0.999842  0.003947  -0.030368  -0.004471  0.999529  0.999705  0.024286  0.000519  -0.024288  0.999702  0.002511  -0.000458  -0.002523  0.999997  1.000000  0.000147  0.000266  -0.000147  1.000000  0.000031  -0.000266  -0.000031  1.000000  0.999389  0.017177  0.030441  -0.017305  0.999842  0.003947  -0.030368  -0.004471  0.999529  0.000303  0.024424  
59.106314 0.007569  0.100740  0.000535  0.993347  0.114312  -0.013940  -0.113580  0.992502  0.045165  0.018998  -0.043282  0.998882  0.003583  0.003624  0.004023  0.137104  -0.017619  1.186495  2.000000  0.999336  0.017883  0.031746  -0.018021  0.999829  0.004076  -0.031668  -0.004645  0.999488  0.999720  0.023664  0.000629  -0.023665  0.999717  0.002500  -0.000570  -0.002514  0.999997  1.000000  0.000141  0.000260  -0.000141  1.000000  0.000031  -0.000260  -0.000031  1.000000  0.999336  0.017883  0.031746  -0.018021  0.999829  0.004076  -0.031668  -0.004645  0.999488  0.000303  0.023807  
59.107561 0.007572  0.100744  0.000537  0.993180  0.115747  -0.014008  -0.115012  0.992335  0.045201  0.019132  -0.043282  0.998880  0.003300  0.003511  0.003789  0.131322  -0.018254  1.187329  2.000000  0.999281  0.018582  0.033043  -0.018731  0.999816  0.004198  -0.032959  -0.004814  0.999445  0.999720  0.023664  0.000629  -0.023665  0.999717  0.002257  -0.000575  -0.002271  0.999997  1.000000  0.000141  0.000260  -0.000141  1.000000  0.000028  -0.000260  -0.000028  1.000000  0.999281  0.018582  0.033043  -0.018731  0.999816  0.004198  -0.032959  -0.004814  0.999445  0.000303  0.023782  
59.108810 0.007575  0.100749  0.000540  0.993037  0.116973  -0.013952  -0.116238  0.992192  0.045218  0.019132  -0.043282  0.998880  0.003105  0.003489  0.003619  0.128024  -0.022104  1.176231  2.000000  0.999224  0.019288  0.034334  -0.019447  0.999802  0.004310  -0.034244  -0.004975  0.999401  0.999725  0.023464  0.000486  -0.023465  0.999722  0.002135  -0.000436  -0.002146  0.999998  1.000000  0.000142  0.000257  -0.000142  1.000000  0.000027  -0.000257  -0.000027  1.000000  0.999224  0.019288  0.034334  -0.019447  0.999802  0.004310  -0.034244  -0.004975  0.999401  0.000300  0.023569  
59.110060 0.007578  0.100754  0.000543  0.992866  0.118409  -0.014019  -0.117669  0.992021  0.045254  0.019266  -0.043281  0.998877  0.002856  0.003459  0.003446  0.119971  -0.017757  1.176625  2.000000  0.999177  0.019855  0.035366  -0.020022  0.999790  0.004389  -0.035272  -0.005094  0.999365  0.999720  0.023675  0.000362  -0.023676  0.999718  0.001900  -0.000317  -0.001908  0.999998  1.000000  0.000144  0.000258  -0.000144  1.000000  0.000024  -0.000258  -0.000024  1.000000  0.999177  0.019855  0.035366  -0.020022  0.999790  0.004389  -0.035272  -0.005094  0.999365  0.000300  0.023757  
59.111306 0.007580  0.100759  0.000546  0.992695  0.119836  -0.013969  -0.119100  0.991855  0.045154  0.019266  -0.043160  0.998882  0.002679  0.003454  0.003202  0.107803  -0.022319  1.176275  2.000000  0.999117  0.020565  0.036649  -0.020743  0.999775  0.004477  -0.036548  -0.005234  0.999318  0.999724  0.023470  0.000350  -0.023470  0.999723  0.001653  -0.000311  -0.001661  0.999999  1.000000  0.000143  0.000256  -0.000143  1.000000  0.000021  -0.000256  -0.000021  1.000000  0.999117  0.020565  0.036649  -0.020743  0.999775  0.004477  -0.036548  -0.005234  0.999318  0.000299  0.023533  
59.112558 0.007582  0.100763  0.000548  0.992520  0.121271  -0.014036  -0.120530  0.991681  0.045190  0.019400  -0.043160  0.998880  0.002501  0.003447  0.002956  0.103689  -0.017610  1.169710  2.000000  0.999054  0.021278  0.037921  -0.021465  0.999759  0.004547  -0.037815  -0.005356  0.999270  0.999724  0.023476  0.000216  -0.023476  0.999723  0.001414  -0.000183  -0.001418  0.999999  1.000000  0.000145  0.000255  -0.000145  1.000000  0.000018  -0.000255  -0.000018  1.000000  0.999054  0.021278  0.037921  -0.021465  0.999759  0.004547  -0.037815  -0.005356  0.999270  0.000299  0.023521  
59.113815 0.007584  0.100766  0.000550  0.992343  0.122706  -0.014104  -0.121960  0.991504  0.045226  0.019533  -0.043160  0.998877  0.002367  0.003392  0.002667  0.095442  -0.012962  1.162513  2.000000  0.998990  0.021984  0.039185  -0.022181  0.999743  0.004604  -0.039074  -0.005469  0.999221  0.999739  0.022853  0.000323  -0.022853  0.999738  0.001281  -0.000294  -0.001288  0.999999  1.000000  0.000140  0.000249  -0.000140  1.000000  0.000016  -0.000249  -0.000016  1.000000  0.998990  0.021984  0.039185  -0.022181  0.999743  0.004604  -0.039074  -0.005469  0.999221  0.000294  0.022893  
59.115056 0.007586  0.100770  0.000552  0.992166  0.124133  -0.014053  -0.123390  0.991332  0.045126  0.019533  -0.043039  0.998882  0.002242  0.003380  0.002498  0.083184  -0.017237  1.155725  2.000000  0.998924  0.022691  0.040440  -0.022897  0.999727  0.004647  -0.040323  -0.005568  0.999171  0.999734  0.023064  0.000195  -0.023065  0.999733  0.001045  -0.000171  -0.001050  0.999999  1.000000  0.000142  0.000251  -0.000142  1.000000  0.000013  -0.000251  -0.000013  1.000000  0.998924  0.022691  0.040440  -0.022897  0.999727  0.004647  -0.040323  -0.005568  0.999171  0.000294  0.023091  
59.116056 0.007588  0.100773  0.000554  0.992036  0.125159  -0.014140  -0.124410  0.991203  0.045158  0.019667  -0.043039  0.998880  0.002199  0.003424  0.002338  0.078678  -0.013000  1.153465  2.000000  0.998870  0.023259  0.041442  -0.023472  0.999714  0.004672  -0.041322  -0.005639  0.999130  0.999734  0.023070  0.000062  -0.023070  0.999733  0.000927  -0.000040  -0.000928  1.000000  1.000000  0.000144  0.000250  -0.000144  1.000000  0.000012  -0.000250  -0.000012  1.000000  0.998870  0.023259  0.041442  -0.023472  0.999714  0.004672  -0.041322  -0.005639  0.999130  0.000292  0.023091  
59.117306 0.007591  0.100778  0.000556  0.991856  0.126586  -0.014090  -0.125840  0.991027  0.045058  0.019667  -0.042918  0.998885  0.002169  0.003495  0.002168  0.070577  -0.012998  1.153242  2.000000  0.998801  0.023973  0.042690  -0.024195  0.999696  0.004694  -0.042565  -0.005721  0.999077  0.999734  0.023070  0.000062  -0.023070  0.999734  0.000806  -0.000043  -0.000807  1.000000  1.000000  0.000144  0.000250  -0.000144  1.000000  0.000010  -0.000250  -0.000010  1.000000  0.998801  0.023973  0.042690  -0.024195  0.999696  0.004694  -0.042565  -0.005721  0.999077  0.000292  0.023086  
59.118556 0.007594  0.100783  0.000559  0.991671  0.128019  -0.014158  -0.127269  0.990843  0.045095  0.019801  -0.042918  0.998882  0.002190  0.003555  0.002080  0.062437  -0.008392  1.146599  2.000000  0.998743  0.024552  0.043692  -0.024781  0.999682  0.004699  -0.043563  -0.005776  0.999034  0.999729  0.023282  -0.000066  -0.023281  0.999729  0.000570  0.000079  -0.000569  1.000000  1.000000  0.000146  0.000252  -0.000146  1.000000  0.000007  -0.000252  -0.000007  1.000000  0.998743  0.024552  0.043692  -0.024781  0.999682  0.004699  -0.043563  -0.005776  0.999034  0.000291  0.023291  
59.119565 0.007597  0.100788  0.000561  0.991510  0.129249  -0.014234  -0.128493  0.990683  0.045130  0.019935  -0.042917  0.998880  0.002177  0.003589  0.001985  0.058682  -0.003451  1.142329  2.000000  0.998685  0.025136  0.044689  -0.025371  0.999667  0.004703  -0.044556  -0.005830  0.998990  0.999734  0.023082  -0.000208  -0.023082  0.999733  0.000569  0.000221  -0.000565  1.000000  1.000000  0.000147  0.000249  -0.000147  1.000000  0.000007  -0.000249  -0.000007  1.000000  0.998685  0.025136  0.044689  -0.025371  0.999667  0.004703  -0.044556  -0.005830  0.998990  0.000290  0.023092  
59.120811 0.007601  0.100794  0.000564  0.991348  0.130477  -0.014327  -0.129718  0.990527  0.045044  0.020068  -0.042796  0.998882  0.002231  0.003693  0.001976  0.046401  0.001266  1.135736  2.000000  0.998610  0.025871  0.045931  -0.026114  0.999648  0.004694  -0.045794  -0.005887  0.998934  0.999734  0.023082  -0.000211  -0.023082  0.999734  0.000330  0.000219  -0.000325  1.000000  1.000000  0.000147  0.000249  -0.000147  1.000000  0.000004  -0.000249  -0.000004  1.000000  0.998610  0.025871  0.045931  -0.026114  0.999648  0.004694  -0.045794  -0.005887  0.998934  0.000288  0.023087  
59.121811 0.007605  0.100798  0.000565  0.991184  0.131706  -0.014404  -0.130942  0.990365  0.045079  0.020202  -0.042796  0.998880  0.002317  0.003749  0.001956  0.042319  0.005060  1.140344  2.000000  0.998548  0.026458  0.046918  -0.026707  0.999632  0.004681  -0.046776  -0.005928  0.998888  0.999738  0.022882  -0.000354  -0.022882  0.999738  0.000208  0.000358  -0.000200  1.000000  1.000000  0.000147  0.000245  -0.000147  1.000000  0.000003  -0.000245  -0.000003  1.000000  0.998548  0.026458  0.046918  -0.026707  0.999632  0.004681  -0.046776  -0.005928  0.998888  0.000286  0.022887  
59.122812 0.007609  0.100802  0.000568  0.991019  0.132933  -0.014497  -0.132166  0.990206  0.044995  0.020336  -0.042675  0.998882  0.002397  0.003827  0.001967  0.034558  0.006035  1.138728  2.000000  0.998486  0.027046  0.047894  -0.027300  0.999616  0.004662  -0.047750  -0.005963  0.998842  0.999743  0.022682  -0.000499  -0.022682  0.999743  0.000086  0.000501  -0.000074  1.000000  1.000000  0.000147  0.000242  -0.000147  1.000000  0.000001  -0.000242  -0.000001  1.000000  0.998486  0.027046  0.047894  -0.027300  0.999616  0.004662  -0.047750  -0.005963  0.998842  0.000287  0.022689  
59.124060 0.007614  0.100808  0.000571  0.990825  0.134365  -0.014564  -0.133593  0.990013  0.045034  0.020470  -0.042675  0.998879  0.002548  0.003928  0.001961  0.030416  0.009446  1.140454  2.000000  0.998407  0.027787  0.049113  -0.028048  0.999596  0.004629  -0.048965  -0.005999  0.998782  0.999738  0.022893  -0.000624  -0.022893  0.999738  -0.000029  0.000623  0.000043  1.000000  1.000000  0.000150  0.000244  -0.000150  1.000000  -0.000000  -0.000244  0.000000  1.000000  0.998407  0.027787  0.049113  -0.028048  0.999596  0.004629  -0.048965  -0.005999  0.998782  0.000288  0.022904  
59.125311 0.007619  0.100814  0.000573  0.990629  0.135796  -0.014648  -0.135021  0.989823  0.044952  0.020604  -0.042553  0.998882  0.002692  0.003979  0.001947  0.022455  0.014311  1.143154  2.000000  0.998325  0.028533  0.050338  -0.028800  0.999575  0.004586  -0.050185  -0.006028  0.998722  0.999733  0.023093  -0.000484  -0.023093  0.999733  -0.000146  0.000480  0.000157  1.000000  1.000000  0.000150  0.000247  -0.000150  1.000000  -0.000002  -0.000247  0.000002  1.000000  0.998325  0.028533  0.050338  -0.028800  0.999575  0.004586  -0.050185  -0.006028  0.998722  0.000289  0.023100  
59.126562 0.007625  0.100820  0.000577  0.990405  0.137424  -0.014591  -0.136652  0.989603  0.044856  0.020604  -0.042432  0.998887  0.002926  0.004072  0.002012  0.014437  0.014016  1.150027  2.000000  0.998256  0.029143  0.051332  -0.029415  0.999557  0.004545  -0.051177  -0.006047  0.998671  0.999723  0.023510  -0.000603  -0.023510  0.999724  -0.000256  0.000596  0.000270  1.000000  1.000000  0.000153  0.000251  -0.000153  1.000000  -0.000003  -0.000251  0.000003  1.000000  0.998256  0.029143  0.051332  -0.029415  0.999557  0.004545  -0.051177  -0.006047  0.998671  0.000289  0.023521  
59.127810 0.007630  0.100826  0.000581  0.990204  0.138854  -0.014675  -0.138079  0.989409  0.044776  0.020737  -0.042311  0.998889  0.003159  0.004178  0.002117  0.006225  0.018804  1.143340  2.000000  0.998168  0.029919  0.052584  -0.030196  0.999534  0.004483  -0.052426  -0.006062  0.998606  0.999718  0.023721  -0.000730  -0.023721  0.999718  -0.000491  0.000718  0.000509  1.000000  1.000000  0.000156  0.000252  -0.000156  1.000000  -0.000006  -0.000252  0.000006  1.000000  0.998168  0.029919  0.052584  -0.030196  0.999534  0.004483  -0.052426  -0.006062  0.998606  0.000290  0.023740  
59.129056 0.007636  0.100832  0.000584  0.989973  0.140489  -0.014734  -0.139709  0.989178  0.044819  0.020871  -0.042311  0.998886  0.003436  0.004315  0.002171  0.002615  0.022164  1.154942  2.000000  0.998077  0.030698  0.053843  -0.030980  0.999510  0.004413  -0.053681  -0.006072  0.998540  0.999713  0.023926  -0.000722  -0.023927  0.999714  -0.000484  0.000710  0.000501  1.000000  1.000000  0.000157  0.000255  -0.000157  1.000000  -0.000006  -0.000255  0.000006  1.000000  0.998077  0.030698  0.053843  -0.030980  0.999510  0.004413  -0.053681  -0.006072  0.998540  0.000292  0.023945  
59.130057 0.007641  0.100837  0.000587  0.989797  0.141714  -0.014828  -0.140931  0.989008  0.044736  0.021005  -0.042190  0.998889  0.003691  0.004470  0.002284  -0.001563  0.023022  1.151437  2.000000  0.998003  0.031329  0.054855  -0.031615  0.999491  0.004352  -0.054690  -0.006077  0.998485  0.999718  0.023726  -0.000867  -0.023727  0.999718  -0.000606  0.000852  0.000627  0.999999  1.000000  0.000158  0.000251  -0.000158  1.000000  -0.000008  -0.000252  0.000008  1.000000  0.998003  0.031329  0.054855  -0.031615  0.999491  0.004352  -0.054690  -0.006077  0.998485  0.000292  0.023752  
59.131057 0.007646  0.100842  0.000590  0.989619  0.142941  -0.014905  -0.142153  0.988832  0.044773  0.021139  -0.042189  0.998886  0.003883  0.004534  0.002402  -0.005423  0.027134  1.157682  2.000000  0.997927  0.031958  0.055864  -0.032248  0.999471  0.004289  -0.055698  -0.006082  0.998429  0.999713  0.023932  -0.000858  -0.023932  0.999713  -0.000599  0.000843  0.000619  0.999999  1.000000  0.000159  0.000254  -0.000159  1.000000  -0.000008  -0.000254  0.000008  1.000000  0.997927  0.031958  0.055864  -0.032248  0.999471  0.004289  -0.055698  -0.006082  0.998429  0.000292  0.023957  
59.132306 0.007653  0.100848  0.000594  0.989381  0.144574  -0.014981  -0.143783  0.988599  0.044697  0.021272  -0.042068  0.998888  0.004198  0.004684  0.002564  -0.009286  0.031410  1.165061  2.000000  0.997830  0.032751  0.057127  -0.033045  0.999445  0.004213  -0.056957  -0.006091  0.998358  0.999713  0.023932  -0.000861  -0.023932  0.999713  -0.000596  0.000846  0.000616  0.999999  1.000000  0.000159  0.000254  -0.000159  1.000000  -0.000008  -0.000254  0.000008  1.000000  0.997830  0.032751  0.057127  -0.033045  0.999445  0.004213  -0.056957  -0.006091  0.998358  0.000293  0.023957  
59.133556 0.007660  0.100855  0.000599  0.989170  0.146004  -0.015049  -0.145208  0.988389  0.044738  0.021406  -0.042068  0.998885  0.004381  0.004763  0.002690  -0.012897  0.034944  1.169058  2.000000  0.997729  0.033551  0.058398  -0.033850  0.999418  0.004132  -0.058225  -0.006100  0.998285  0.999713  0.023937  -0.000995  -0.023938  0.999713  -0.000593  0.000980  0.000616  0.999999  1.000000  0.000160  0.000253  -0.000160  1.000000  -0.000008  -0.000253  0.000008  1.000000  0.997729  0.033551  0.058398  -0.033850  0.999418  0.004132  -0.058225  -0.006100  0.998285  0.000293  0.023968  
59.134556 0.007666  0.100860  0.000604  0.988987  0.147230  -0.015126  -0.146429  0.988207  0.044776  0.021540  -0.042068  0.998883  0.004588  0.004861  0.002861  -0.012742  0.034948  1.169199  2.000000  0.997668  0.034038  0.059169  -0.034339  0.999402  0.004084  -0.058994  -0.006106  0.998240  0.999703  0.024343  -0.000843  -0.024343  0.999703  -0.000584  0.000829  0.000604  0.999999  1.000000  0.000161  0.000258  -0.000161  1.000000  -0.000007  -0.000258  0.000007  1.000000  0.997668  0.034038  0.059169  -0.034339  0.999402  0.004084  -0.058994  -0.006106  0.998240  0.000294  0.024367  
59.135810 0.007673  0.100868  0.000610  0.988772  0.148660  -0.015194  -0.147854  0.987993  0.044817  0.021674  -0.042068  0.998880  0.004777  0.004958  0.003061  -0.012522  0.039103  1.175978  2.000000  0.997562  0.034857  0.060461  -0.035164  0.999374  0.004006  -0.060283  -0.006123  0.998163  0.999698  0.024560  -0.001102  -0.024560  0.999698  -0.000452  0.001090  0.000479  0.999999  1.000000  0.000165  0.000259  -0.000165  1.000000  -0.000006  -0.000259  0.000006  1.000000  0.997562  0.034857  0.060461  -0.035164  0.999374  0.004006  -0.060283  -0.006123  0.998163  0.000297  0.024591  
59.137060 0.007680  0.100875  0.000616  0.988524  0.150290  -0.015270  -0.149482  0.987752  0.044743  0.021807  -0.041946  0.998882  0.004984  0.005091  0.003315  -0.020840  0.044214  1.178983  2.000000  0.997453  0.035683  0.061755  -0.035993  0.999344  0.003927  -0.061575  -0.006139  0.998084  0.999698  0.024559  -0.001105  -0.024560  0.999698  -0.000570  0.001090  0.000597  0.999999  1.000000  0.000165  0.000259  -0.000165  1.000000  -0.000007  -0.000259  0.000007  1.000000  0.997453  0.035683  0.061755  -0.035993  0.999344  0.003927  -0.061575  -0.006139  0.998084  0.000298  0.024594  
59.138061 0.007686  0.100881  0.000620  0.988336  0.151516  -0.015347  -0.150702  0.987564  0.044782  0.021941  -0.041946  0.998879  0.005087  0.005174  0.003483  -0.020543  0.043924  1.186027  2.000000  0.997364  0.036348  0.062795  -0.036662  0.999320  0.003861  -0.062611  -0.006153  0.998019  0.999693  0.024765  -0.001096  -0.024766  0.999693  -0.000444  0.001085  0.000471  0.999999  1.000000  0.000167  0.000261  -0.000167  1.000000  -0.000006  -0.000261  0.000006  1.000000  0.997364  0.036348  0.062795  -0.036662  0.999320  0.003861  -0.062611  -0.006153  0.998019  0.000298  0.024796  
