1-Time 2-Px 3-Py 4-Pz 5-R11 6-R21 7-R31 8-R12 9-R22 10-R32 11-R13 12-R23 13-R33 14-Vx 15-Vy 16-Vz 17-Wx 18-Wy 19-Wz 20-state 21-PR11 22-PR21 23-PR31 24-PR12 25-PR22 26-PR32 27-PR13 28-PR23 29-PR33 
64.613760 0.007517  0.100450  -0.000475  0.995410  0.079959  0.052588  -0.082156  0.995774  0.041042  -0.049084  -0.045174  0.997773  0.000238  0.000278  0.000085  0.000000  0.000000  0.000000  2.000000  1.000000  0.000000  0.000000  -0.000000  1.000000  0.000000  0.000000  -0.000000  1.000000  1.000000  0.000411  0.000019  -0.000411  1.000000  0.000101  -0.000019  -0.000101  1.000000  1.000000  0.000000  0.000000  0.000000  1.000000  0.000000  0.000000  0.000000  1.000000  0.829091  0.176056  0.530672  -0.138520  0.984220  -0.110109  -0.541683  0.017781  0.840394  0.000000  0.000000  
64.614765 0.007518  0.100451  -0.000475  0.995393  0.080157  0.052606  -0.082361  0.995753  0.041152  -0.049084  -0.045295  0.997767  0.000271  0.000313  0.000108  0.000000  0.000000  0.000000  2.000000  1.000000  0.000000  0.000000  0.000000  1.000000  0.000000  0.000000  0.000000  1.000000  1.000000  0.000411  0.000019  -0.000411  1.000000  0.000101  -0.000019  -0.000101  1.000000  1.000000  0.000000  0.000000  0.000000  1.000000  0.000000  0.000000  0.000000  1.000000  1.000000  0.000000  0.000000  0.000000  1.000000  0.000000  0.000000  0.000000  1.000000  0.000000  0.000000  
64.615766 0.007519  0.100452  -0.000474  0.995370  0.080356  0.052748  -0.082566  0.995737  0.041130  -0.049218  -0.045295  0.997760  0.000342  0.000371  0.000119  0.000000  0.000000  0.000000  2.000000  1.000000  0.000000  0.000000  0.000000  1.000000  0.000000  0.000000  0.000000  1.000000  1.000000  0.000816  0.000171  -0.000816  1.000000  0.000202  -0.000171  -0.000202  1.000000  1.000000  0.000000  0.000000  0.000000  1.000000  0.000000  0.000000  0.000000  1.000000  1.000000  0.000000  0.000000  0.000000  1.000000  0.000000  0.000000  0.000000  1.000000  0.000000  0.000000  
64.616766 0.007521  0.100453  -0.000474  0.995312  0.080959  0.052916  -0.083180  0.995682  0.041207  -0.049352  -0.045415  0.997748  0.000473  0.000413  0.000139  0.000000  0.000000  0.000000  2.000000  1.000000  0.000000  0.000000  0.000000  1.000000  0.000000  0.000000  0.000000  1.000000  0.999999  0.001220  0.000323  -0.001220  0.999999  0.000303  -0.000323  -0.000303  1.000000  1.000000  0.000000  0.000000  0.000000  1.000000  0.000000  0.000000  0.000000  1.000000  1.000000  0.000000  0.000000  0.000000  1.000000  0.000000  0.000000  0.000000  1.000000  0.000000  0.000000  
64.618016 0.007524  0.100454  -0.000474  0.995240  0.081549  0.053351  -0.083793  0.995629  0.041261  -0.049753  -0.045535  0.997723  0.000633  0.000486  0.000181  0.000000  0.000000  0.000000  2.000000  1.000000  0.000000  0.000000  0.000000  1.000000  0.000000  0.000000  0.000000  1.000000  0.999999  0.001619  0.000610  -0.001619  0.999999  0.000403  -0.000609  -0.000404  1.000000  1.000000  0.000000  0.000000  0.000000  1.000000  0.000000  0.000000  0.000000  1.000000  1.000000  0.000000  0.000000  0.000000  1.000000  0.000000  0.000000  0.000000  1.000000  0.000000  0.000000  
64.619016 0.007525  0.100454  -0.000474  0.995216  0.081742  0.053502  -0.083997  0.995607  0.041360  -0.049886  -0.045656  0.997711  0.000706  0.000467  0.000158  0.000000  0.000000  0.000000  2.000000  1.000000  0.000000  0.000000  0.000000  1.000000  0.000000  0.000000  0.000000  1.000000  0.999998  0.002017  0.000896  -0.002018  0.999998  0.000382  -0.000895  -0.000384  1.000000  1.000000  0.000000  0.000000  0.000000  1.000000  0.000000  0.000000  0.000000  1.000000  1.000000  0.000000  0.000000  0.000000  1.000000  0.000000  0.000000  0.000000  1.000000  0.000000  0.000000  
64.620018 0.007528  0.100455  -0.000474  0.995175  0.082139  0.053662  -0.084406  0.995569  0.041447  -0.050020  -0.045777  0.997699  0.000893  0.000534  0.000136  0.000000  0.000000  0.000000  2.000000  1.000000  0.000000  0.000000  0.000000  1.000000  0.000000  0.000000  0.000000  1.000000  0.999997  0.002217  0.001039  -0.002217  0.999997  0.000493  -0.001038  -0.000495  0.999999  1.000000  0.000000  0.000000  0.000000  1.000000  0.000000  0.000000  0.000000  1.000000  1.000000  0.000000  0.000000  0.000000  1.000000  0.000000  0.000000  0.000000  1.000000  0.000000  0.000000  
64.621020 0.007531  0.100457  -0.000474  0.995140  0.082542  0.053689  -0.084816  0.995530  0.041546  -0.050020  -0.045898  0.997693  0.001066  0.000604  0.000145  0.000000  0.000000  0.000000  2.000000  1.000000  0.000000  0.000000  0.000000  1.000000  0.000000  0.000000  0.000000  1.000000  0.999996  0.002627  0.001058  -0.002628  0.999996  0.000594  -0.001057  -0.000597  0.999999  1.000000  0.000000  0.000000  0.000000  1.000000  0.000000  0.000000  0.000000  1.000000  1.000000  0.000000  0.000000  0.000000  1.000000  0.000000  0.000000  0.000000  1.000000  0.000000  0.000000  
64.622269 0.007534  0.100459  -0.000473  0.995088  0.083151  0.053725  -0.085431  0.995474  0.041634  -0.050020  -0.046019  0.997687  0.001233  0.000732  0.000231  0.000000  0.000000  0.000000  2.000000  1.000000  0.000000  0.000000  0.000000  1.000000  0.000000  0.000000  0.000000  1.000000  0.999993  0.003449  0.001096  -0.003449  0.999994  0.000674  -0.001094  -0.000678  0.999999  1.000000  0.000000  0.000000  0.000000  1.000000  0.000000  0.000000  0.000000  1.000000  1.000000  0.000000  0.000000  0.000000  1.000000  0.000000  0.000000  0.000000  1.000000  0.000000  0.000000  
64.623272 0.007537  0.100461  -0.000472  0.995010  0.083951  0.053912  -0.086249  0.995395  0.041819  -0.050153  -0.046261  0.997670  0.001421  0.000834  0.000294  0.000000  0.000000  0.000000  2.000000  1.000000  0.000000  0.000000  0.000000  1.000000  0.000000  0.000000  0.000000  1.000000  0.999991  0.004065  0.001125  -0.004066  0.999991  0.000764  -0.001122  -0.000769  0.999999  1.000000  0.000000  0.000000  0.000000  1.000000  0.000000  0.000000  0.000000  1.000000  1.000000  0.000000  0.000000  0.000000  1.000000  0.000000  0.000000  0.000000  1.000000  0.000000  0.000000  
64.624515 0.007540  0.100463  -0.000470  0.994932  0.084758  0.054090  -0.087068  0.995321  0.041884  -0.050287  -0.046381  0.997657  0.001585  0.000923  0.000352  0.035904  -0.048652  0.177627  2.000000  1.000000  0.000000  0.000000  0.000000  1.000000  0.000000  0.000000  0.000000  1.000000  0.999987  0.004874  0.001431  -0.004875  0.999988  0.000964  -0.001427  -0.000971  0.999999  1.000000  0.000000  0.000000  0.000000  1.000000  0.000000  0.000000  0.000000  1.000000  1.000000  0.000000  0.000000  0.000000  1.000000  0.000000  0.000000  0.000000  1.000000  0.000045  0.000000  
64.625769 0.007545  0.100466  -0.000468  0.994829  0.085757  0.054420  -0.088091  0.995225  0.042046  -0.050554  -0.046623  0.997632  0.001908  0.001108  0.000463  0.042300  -0.059230  0.211678  2.000000  1.000000  0.000087  0.000346  -0.000087  1.000000  0.000065  -0.000346  -0.000065  1.000000  0.999981  0.005888  0.001747  -0.005890  0.999982  0.001032  -0.001741  -0.001042  0.999998  1.000000  0.000018  0.000075  -0.000018  1.000000  0.000013  -0.000075  -0.000013  1.000000  1.000000  0.000087  0.000346  -0.000087  1.000000  0.000065  -0.000346  -0.000065  1.000000  0.000054  0.006229  
64.626770 0.007549  0.100469  -0.000466  0.994742  0.086557  0.054731  -0.088909  0.995150  0.042098  -0.050822  -0.046743  0.997613  0.002180  0.001283  0.000634  0.044963  -0.069492  0.238855  2.000000  1.000000  0.000164  0.000670  -0.000164  1.000000  0.000121  -0.000670  -0.000121  1.000000  0.999975  0.006697  0.002053  -0.006699  0.999977  0.001109  -0.002046  -0.001123  0.999997  1.000000  0.000020  0.000085  -0.000020  1.000000  0.000014  -0.000085  -0.000014  1.000000  1.000000  0.000164  0.000670  -0.000164  1.000000  0.000121  -0.000670  -0.000121  1.000000  0.000061  0.007093  
64.628019 0.007554  0.100473  -0.000461  0.994630  0.087556  0.055184  -0.089931  0.995057  0.042127  -0.051222  -0.046863  0.997587  0.002521  0.001534  0.000945  0.047608  -0.084260  0.265865  2.000000  0.999999  0.000264  0.001128  -0.000264  1.000000  0.000198  -0.001128  -0.000199  0.999999  0.999969  0.007499  0.002494  -0.007502  0.999971  0.001307  -0.002484  -0.001325  0.999996  1.000000  0.000020  0.000097  -0.000020  1.000000  0.000016  -0.000097  -0.000016  1.000000  0.999999  0.000264  0.001128  -0.000264  1.000000  0.000198  -0.001128  -0.000199  0.999999  0.000069  0.008012  
64.629020 0.007559  0.100477  -0.000457  0.994523  0.088561  0.055504  -0.090954  0.994962  0.042166  -0.051490  -0.046983  0.997568  0.002804  0.001802  0.001246  0.045828  -0.094860  0.299919  2.000000  0.999999  0.000330  0.001441  -0.000330  1.000000  0.000248  -0.001441  -0.000249  0.999999  0.999960  0.008513  0.002810  -0.008517  0.999963  0.001373  -0.002798  -0.001397  0.999995  1.000000  0.000023  0.000110  -0.000023  1.000000  0.000017  -0.000110  -0.000017  1.000000  0.999999  0.000330  0.001441  -0.000330  1.000000  0.000248  -0.001441  -0.000249  0.999999  0.000078  0.009071  
64.630267 0.007564  0.100482  -0.000452  0.994415  0.089566  0.055824  -0.091976  0.994866  0.042205  -0.051757  -0.047104  0.997548  0.003099  0.002067  0.001514  0.048124  -0.105466  0.334036  2.000000  0.999998  0.000457  0.002026  -0.000458  1.000000  0.000335  -0.002026  -0.000336  0.999998  0.999950  0.009534  0.002993  -0.009538  0.999953  0.001439  -0.002979  -0.001468  0.999994  1.000000  0.000027  0.000122  -0.000027  1.000000  0.000018  -0.000122  -0.000018  1.000000  0.999998  0.000457  0.002026  -0.000458  1.000000  0.000335  -0.002026  -0.000336  0.999998  0.000087  0.010098  
64.631272 0.007569  0.100485  -0.000449  0.994339  0.090379  0.055869  -0.092795  0.994787  0.042280  -0.051757  -0.047225  0.997542  0.003219  0.002197  0.001661  0.050798  -0.106751  0.361592  2.000000  0.999997  0.000572  0.002540  -0.000573  1.000000  0.000411  -0.002540  -0.000412  0.999997  0.999941  0.010348  0.003166  -0.010353  0.999945  0.001516  -0.003150  -0.001549  0.999994  1.000000  0.000031  0.000132  -0.000031  1.000000  0.000019  -0.000132  -0.000019  1.000000  0.999997  0.000572  0.002540  -0.000573  1.000000  0.000411  -0.002540  -0.000412  0.999997  0.000094  0.010930  
64.632517 0.007574  0.100490  -0.000446  0.994236  0.091383  0.056068  -0.093818  0.994684  0.042451  -0.051891  -0.047466  0.997524  0.003416  0.002420  0.001881  0.057196  -0.112922  0.395995  2.000000  0.999994  0.000736  0.003236  -0.000737  1.000000  0.000512  -0.003236  -0.000514  0.999995  0.999930  0.011368  0.003350  -0.011374  0.999934  0.001704  -0.003331  -0.001742  0.999993  1.000000  0.000035  0.000144  -0.000035  1.000000  0.000022  -0.000144  -0.000022  1.000000  0.999994  0.000736  0.003236  -0.000737  1.000000  0.000512  -0.003236  -0.000514  0.999995  0.000102  0.011976  
64.633765 0.007578  0.100493  -0.000443  0.994125  0.092380  0.056400  -0.094840  0.994580  0.042609  -0.052158  -0.047708  0.997499  0.003505  0.002566  0.002040  0.063536  -0.123544  0.430017  2.000000  0.999992  0.000923  0.003993  -0.000926  0.999999  0.000622  -0.003992  -0.000625  0.999992  0.999917  0.012388  0.003534  -0.012395  0.999922  0.001769  -0.003512  -0.001813  0.999992  1.000000  0.000039  0.000156  -0.000039  1.000000  0.000022  -0.000156  -0.000022  1.000000  0.999992  0.000923  0.003993  -0.000926  0.999999  0.000622  -0.003992  -0.000625  0.999992  0.000111  0.013007  
64.635014 0.007583  0.100496  -0.000441  0.994013  0.093377  0.056732  -0.095862  0.994476  0.042767  -0.052425  -0.047949  0.997473  0.003682  0.002706  0.002220  0.069890  -0.134220  0.464197  2.000000  0.999988  0.001126  0.004813  -0.001130  0.999999  0.000741  -0.004813  -0.000747  0.999988  0.999903  0.013402  0.003853  -0.013409  0.999908  0.001954  -0.003826  -0.002005  0.999991  1.000000  0.000042  0.000169  -0.000042  1.000000  0.000025  -0.000169  -0.000025  1.000000  0.999988  0.001126  0.004813  -0.001130  0.999999  0.000741  -0.004813  -0.000747  0.999988  0.000119  0.014085  
64.636016 0.007588  0.100499  -0.000439  0.993920  0.094177  0.057044  -0.096679  0.994394  0.042815  -0.052692  -0.048069  0.997453  0.003776  0.002775  0.002294  0.072489  -0.144511  0.491338  2.000000  0.999984  0.001292  0.005506  -0.001296  0.999999  0.000840  -0.005505  -0.000847  0.999984  0.999896  0.013798  0.004143  -0.013807  0.999903  0.002048  -0.004114  -0.002105  0.999989  1.000000  0.000042  0.000175  -0.000042  1.000000  0.000026  -0.000175  -0.000026  1.000000  0.999984  0.001292  0.005506  -0.001296  0.999999  0.000840  -0.005505  -0.000847  0.999984  0.000128  0.014556  
64.637016 0.007592  0.100501  -0.000438  0.993806  0.095173  0.057377  -0.097701  0.994288  0.042971  -0.052959  -0.048311  0.997427  0.003899  0.002806  0.002343  0.079159  -0.154839  0.518476  2.000000  0.999981  0.001420  0.006050  -0.001425  0.999999  0.000919  -0.006049  -0.000928  0.999981  0.999886  0.014401  0.004441  -0.014411  0.999894  0.002132  -0.004410  -0.002196  0.999988  1.000000  0.000042  0.000184  -0.000042  1.000000  0.000027  -0.000184  -0.000027  1.000000  0.999981  0.001420  0.006050  -0.001425  0.999999  0.000919  -0.006049  -0.000928  0.999981  0.000135  0.015225  
64.638023 0.007596  0.100503  -0.000437  0.993704  0.095966  0.057822  -0.098517  0.994206  0.043005  -0.053360  -0.048431  0.997400  0.003978  0.002842  0.002363  0.081692  -0.169597  0.545301  2.000000  0.999976  0.001596  0.006798  -0.001603  0.999998  0.001027  -0.006796  -0.001038  0.999976  0.999880  0.014811  0.004464  -0.014821  0.999888  0.002228  -0.004430  -0.002293  0.999988  1.000000  0.000044  0.000188  -0.000044  1.000000  0.000028  -0.000188  -0.000028  1.000000  0.999976  0.001596  0.006798  -0.001603  0.999998  0.001027  -0.006796  -0.001038  0.999976  0.000142  0.015634  
64.639268 0.007600  0.100504  -0.000436  0.993608  0.096758  0.058147  -0.099334  0.994117  0.043172  -0.053628  -0.048672  0.997374  0.003984  0.002776  0.002302  0.088377  -0.180003  0.572651  2.000000  0.999968  0.001821  0.007746  -0.001830  0.999998  0.001168  -0.007744  -0.001182  0.999969  0.999874  0.015220  0.004487  -0.015230  0.999881  0.002320  -0.004451  -0.002388  0.999987  1.000000  0.000047  0.000193  -0.000047  1.000000  0.000029  -0.000193  -0.000029  1.000000  0.999968  0.001821  0.007746  -0.001830  0.999998  0.001168  -0.007744  -0.001182  0.999969  0.000150  0.016042  
64.640269 0.007603  0.100504  -0.000436  0.993532  0.097344  0.058463  -0.099946  0.994048  0.043350  -0.053895  -0.048913  0.997348  0.003978  0.002646  0.002226  0.095360  -0.189985  0.592760  2.000000  0.999962  0.002010  0.008527  -0.002021  0.999997  0.001282  -0.008524  -0.001299  0.999963  0.999871  0.015425  0.004499  -0.015435  0.999878  0.002307  -0.004463  -0.002376  0.999987  1.000000  0.000048  0.000195  -0.000048  1.000000  0.000029  -0.000195  -0.000029  1.000000  0.999962  0.002010  0.008527  -0.002021  0.999997  0.001282  -0.008524  -0.001299  0.999963  0.000156  0.016238  
64.641523 0.007607  0.100505  -0.000435  0.993422  0.098347  0.058664  -0.100968  0.993937  0.043518  -0.054028  -0.049155  0.997329  0.003957  0.002486  0.002080  0.101669  -0.196143  0.626913  2.000000  0.999952  0.002246  0.009524  -0.002260  0.999996  0.001428  -0.009520  -0.001449  0.999954  0.999863  0.015820  0.004792  -0.015832  0.999872  0.002402  -0.004753  -0.002477  0.999986  1.000000  0.000047  0.000201  -0.000047  1.000000  0.000030  -0.000201  -0.000030  1.000000  0.999952  0.002246  0.009524  -0.002260  0.999996  0.001428  -0.009520  -0.001449  0.999954  0.000165  0.016710  
64.642770 0.007611  0.100506  -0.000435  0.993331  0.099137  0.058868  -0.101785  0.993841  0.043818  -0.054162  -0.049517  0.997304  0.003857  0.002267  0.001799  0.112434  -0.202075  0.654322  2.000000  0.999941  0.002481  0.010541  -0.002498  0.999996  0.001582  -0.010537  -0.001608  0.999943  0.999860  0.016018  0.004939  -0.016031  0.999868  0.002510  -0.004898  -0.002588  0.999985  1.000000  0.000047  0.000204  -0.000047  1.000000  0.000032  -0.000204  -0.000032  1.000000  0.999941  0.002481  0.010541  -0.002498  0.999996  0.001582  -0.010537  -0.001608  0.999943  0.000172  0.016956  
64.644020 0.007615  0.100507  -0.000434  0.993232  0.099928  0.059194  -0.102602  0.993750  0.043983  -0.054429  -0.049759  0.997277  0.003780  0.002023  0.001496  0.119098  -0.212509  0.681663  2.000000  0.999929  0.002710  0.011564  -0.002731  0.999995  0.001739  -0.011560  -0.001770  0.999932  0.999860  0.016017  0.004943  -0.016029  0.999868  0.002507  -0.004902  -0.002586  0.999985  1.000000  0.000047  0.000204  -0.000047  1.000000  0.000032  -0.000204  -0.000032  1.000000  0.999929  0.002710  0.011564  -0.002731  0.999995  0.001739  -0.011560  -0.001770  0.999932  0.000181  0.016955  
64.645272 0.007618  0.100507  -0.000434  0.993140  0.100725  0.059388  -0.103419  0.993657  0.044161  -0.054563  -0.050000  0.997258  0.003588  0.001693  0.001193  0.122353  -0.213274  0.695366  2.000000  0.999919  0.002894  0.012391  -0.002917  0.999994  0.001869  -0.012386  -0.001905  0.999921  0.999856  0.016214  0.005090  -0.016228  0.999865  0.002613  -0.005047  -0.002695  0.999984  1.000000  0.000047  0.000207  -0.000047  1.000000  0.000033  -0.000207  -0.000033  1.000000  0.999919  0.002894  0.012391  -0.002917  0.999994  0.001869  -0.012386  -0.001905  0.999921  0.000186  0.017201  
64.646513 0.007622  0.100507  -0.000434  0.993040  0.101516  0.059714  -0.104235  0.993564  0.044326  -0.054830  -0.050241  0.997231  0.003457  0.001385  0.000928  0.125963  -0.218285  0.702206  2.000000  0.999905  0.003117  0.013412  -0.003145  0.999993  0.002036  -0.013405  -0.002078  0.999908  0.999862  0.015802  0.005074  -0.015815  0.999871  0.002631  -0.005032  -0.002711  0.999984  1.000000  0.000044  0.000203  -0.000044  1.000000  0.000033  -0.000203  -0.000033  1.000000  0.999905  0.003117  0.013412  -0.003145  0.999993  0.002036  -0.013405  -0.002078  0.999908  0.000186  0.016811  
64.647515 0.007624  0.100507  -0.000434  0.992968  0.102116  0.059886  -0.104847  0.993497  0.044395  -0.054964  -0.050362  0.997217  0.003366  0.001165  0.000789  0.128448  -0.212367  0.703346  2.000000  0.999894  0.003295  0.014215  -0.003326  0.999992  0.002173  -0.014208  -0.002220  0.999897  0.999866  0.015602  0.004934  -0.015616  0.999874  0.002762  -0.004890  -0.002839  0.999984  1.000000  0.000044  0.000200  -0.000044  1.000000  0.000035  -0.000200  -0.000035  1.000000  0.999894  0.003295  0.014215  -0.003326  0.999992  0.002173  -0.014208  -0.002220  0.999897  0.000187  0.016602  
64.648517 0.007626  0.100507  -0.000434  0.992889  0.102708  0.060192  -0.105459  0.993430  0.044450  -0.055231  -0.050482  0.997197  0.003249  0.000924  0.000640  0.124888  -0.214602  0.716074  2.000000  0.999881  0.003474  0.015007  -0.003509  0.999991  0.002310  -0.014999  -0.002363  0.999885  0.999870  0.015402  0.004792  -0.015416  0.999877  0.002769  -0.004749  -0.002843  0.999985  1.000000  0.000045  0.000197  -0.000045  1.000000  0.000035  -0.000197  -0.000035  1.000000  0.999881  0.003474  0.015007  -0.003509  0.999991  0.002310  -0.014999  -0.002363  0.999885  0.000190  0.016374  
64.649766 0.007628  0.100506  -0.000433  0.992816  0.103308  0.060364  -0.106072  0.993361  0.044520  -0.055364  -0.050603  0.997183  0.002990  0.000685  0.000533  0.123039  -0.213581  0.723835  2.000000  0.999866  0.003690  0.015964  -0.003730  0.999990  0.002483  -0.015954  -0.002543  0.999869  0.999880  0.014792  0.004630  -0.014806  0.999886  0.002802  -0.004588  -0.002870  0.999985  1.000000  0.000043  0.000189  -0.000043  1.000000  0.000035  -0.000189  -0.000035  1.000000  0.999866  0.003690  0.015964  -0.003730  0.999990  0.002483  -0.015954  -0.002543  0.999869  0.000191  0.015758  
64.651017 0.007628  0.100505  -0.000433  0.992743  0.103900  0.060550  -0.106684  0.993287  0.044709  -0.055498  -0.050844  0.997163  0.002624  0.000358  0.000400  0.127036  -0.218172  0.723592  2.000000  0.999850  0.003896  0.016891  -0.003942  0.999989  0.002658  -0.016881  -0.002724  0.999854  0.999886  0.014387  0.004479  -0.014400  0.999892  0.002823  -0.004438  -0.002887  0.999986  1.000000  0.000042  0.000184  -0.000042  1.000000  0.000036  -0.000184  -0.000036  1.000000  0.999850  0.003896  0.016891  -0.003942  0.999989  0.002658  -0.016881  -0.002724  0.999854  0.000193  0.015337  
64.652274 0.007629  0.100504  -0.000433  0.992669  0.104499  0.060723  -0.107296  0.993218  0.044778  -0.055632  -0.050965  0.997150  0.002340  0.000165  0.000297  0.124312  -0.224240  0.722334  2.000000  0.999833  0.004088  0.017791  -0.004139  0.999987  0.002834  -0.017779  -0.002907  0.999838  0.999895  0.013771  0.004450  -0.013784  0.999901  0.002856  -0.004410  -0.002917  0.999986  1.000000  0.000038  0.000177  -0.000038  1.000000  0.000036  -0.000177  -0.000036  1.000000  0.999833  0.004088  0.017791  -0.004139  0.999987  0.002834  -0.017779  -0.002907  0.999838  0.000190  0.014757  
64.653520 0.007628  0.100503  -0.000434  0.992618  0.104887  0.060899  -0.107704  0.993165  0.044979  -0.055765  -0.051206  0.997130  0.002081  -0.000023  0.000165  0.128148  -0.222178  0.703676  2.000000  0.999820  0.004233  0.018493  -0.004289  0.999986  0.002976  -0.018480  -0.003055  0.999825  0.999900  0.013353  0.004564  -0.013366  0.999907  0.002877  -0.004525  -0.002938  0.999985  1.000000  0.000034  0.000173  -0.000034  1.000000  0.000036  -0.000173  -0.000036  1.000000  0.999820  0.004233  0.018493  -0.004289  0.999986  0.002976  -0.018480  -0.003055  0.999825  0.000187  0.014408  
64.654523 0.007628  0.100502  -0.000436  0.992573  0.105288  0.060930  -0.108113  0.993116  0.045075  -0.055765  -0.051327  0.997124  0.001805  -0.000131  -0.000001  0.125634  -0.218660  0.694866  2.000000  0.999807  0.004370  0.019172  -0.004431  0.999985  0.003119  -0.019159  -0.003203  0.999811  0.999907  0.012955  0.004279  -0.012967  0.999912  0.002900  -0.004241  -0.002955  0.999987  1.000000  0.000035  0.000167  -0.000035  1.000000  0.000037  -0.000167  -0.000037  1.000000  0.999807  0.004370  0.019172  -0.004431  0.999985  0.003119  -0.019159  -0.003203  0.999811  0.000185  0.013954  
64.655769 0.007627  0.100500  -0.000439  0.992521  0.105683  0.061094  -0.108521  0.993068  0.045156  -0.055899  -0.051448  0.997110  0.001445  -0.000322  -0.000204  0.126589  -0.208805  0.674766  2.000000  0.999790  0.004537  0.019993  -0.004604  0.999984  0.003296  -0.019977  -0.003387  0.999795  0.999913  0.012550  0.004126  -0.012562  0.999917  0.002800  -0.004091  -0.002852  0.999988  1.000000  0.000034  0.000162  -0.000034  1.000000  0.000035  -0.000162  -0.000035  1.000000  0.999790  0.004537  0.019993  -0.004604  0.999984  0.003296  -0.019977  -0.003387  0.999795  0.000181  0.013510  
64.656770 0.007625  0.100498  -0.000442  0.992469  0.106070  0.061271  -0.108929  0.993014  0.045357  -0.056032  -0.051689  0.997090  0.001110  -0.000517  -0.000471  0.129837  -0.206822  0.662171  2.000000  0.999777  0.004666  0.020618  -0.004738  0.999983  0.003437  -0.020602  -0.003534  0.999782  0.999921  0.011940  0.003963  -0.011952  0.999925  0.002834  -0.003929  -0.002881  0.999988  1.000000  0.000032  0.000154  -0.000032  1.000000  0.000036  -0.000154  -0.000036  1.000000  0.999777  0.004666  0.020618  -0.004738  0.999983  0.003437  -0.020602  -0.003534  0.999782  0.000176  0.012902  
64.657772 0.007624  0.100497  -0.000445  0.992439  0.106260  0.061426  -0.109132  0.992988  0.045450  -0.056166  -0.051810  0.997076  0.000806  -0.000683  -0.000717  0.132220  -0.198270  0.640469  2.000000  0.999764  0.004788  0.021202  -0.004864  0.999982  0.003575  -0.021184  -0.003678  0.999769  0.999931  0.011132  0.003655  -0.011143  0.999934  0.002757  -0.003624  -0.002798  0.999990  1.000000  0.000030  0.000143  -0.000030  1.000000  0.000035  -0.000143  -0.000035  1.000000  0.999764  0.004788  0.021202  -0.004864  0.999982  0.003575  -0.021184  -0.003678  0.999769  0.000173  0.012042  
64.659020 0.007622  0.100494  -0.000450  0.992387  0.106655  0.061590  -0.109540  0.992939  0.045530  -0.056299  -0.051930  0.997062  0.000462  -0.000900  -0.001053  0.133588  -0.192497  0.613086  2.000000  0.999748  0.004937  0.021895  -0.005020  0.999980  0.003748  -0.021876  -0.003857  0.999753  0.999937  0.010735  0.003369  -0.010744  0.999938  0.002779  -0.003339  -0.002815  0.999990  1.000000  0.000031  0.000137  -0.000031  1.000000  0.000035  -0.000137  -0.000035  1.000000  0.999748  0.004937  0.021895  -0.005020  0.999980  0.003748  -0.021876  -0.003857  0.999753  0.000166  0.011594  
64.660271 0.007620  0.100492  -0.000454  0.992334  0.107042  0.061768  -0.109948  0.992885  0.045731  -0.056433  -0.052172  0.997042  0.000129  -0.001053  -0.001368  0.134573  -0.187104  0.592493  2.000000  0.999736  0.005056  0.022427  -0.005145  0.999979  0.003884  -0.022407  -0.003999  0.999741  0.999942  0.010337  0.003082  -0.010346  0.999943  0.002681  -0.003054  -0.002713  0.999992  1.000000  0.000031  0.000131  -0.000031  1.000000  0.000034  -0.000131  -0.000034  1.000000  0.999736  0.005056  0.022427  -0.005145  0.999979  0.003884  -0.022407  -0.003999  0.999741  0.000160  0.011119  
64.661515 0.007619  0.100489  -0.000459  0.992289  0.107443  0.061800  -0.110356  0.992835  0.045826  -0.056433  -0.052293  0.997036  -0.000249  -0.001253  -0.001701  0.134177  -0.180508  0.574161  2.000000  0.999720  0.005197  0.023067  -0.005292  0.999978  0.004054  -0.023045  -0.004175  0.999726  0.999948  0.009721  0.003053  -0.009729  0.999949  0.002715  -0.003026  -0.002745  0.999992  1.000000  0.000028  0.000124  -0.000028  1.000000  0.000034  -0.000124  -0.000034  1.000000  0.999720  0.005197  0.023067  -0.005292  0.999978  0.004054  -0.023045  -0.004175  0.999726  0.000155  0.010548  
64.662516 0.007618  0.100488  -0.000462  0.992266  0.107640  0.061822  -0.110560  0.992807  0.045934  -0.056433  -0.052414  0.997030  -0.000475  -0.001305  -0.001892  0.135291  -0.179548  0.553604  2.000000  0.999709  0.005305  0.023550  -0.005405  0.999977  0.004184  -0.023527  -0.004310  0.999714  0.999952  0.009317  0.002899  -0.009324  0.999953  0.002617  -0.002874  -0.002644  0.999992  1.000000  0.000027  0.000119  -0.000027  1.000000  0.000033  -0.000119  -0.000033  1.000000  0.999709  0.005305  0.023550  -0.005405  0.999977  0.004184  -0.023527  -0.004310  0.999714  0.000151  0.010106  
64.663767 0.007616  0.100487  -0.000465  0.992243  0.107837  0.061845  -0.110765  0.992780  0.046042  -0.056433  -0.052535  0.997023  -0.000718  -0.001313  -0.002104  0.134152  -0.170438  0.524156  2.000000  0.999694  0.005436  0.024123  -0.005542  0.999975  0.004340  -0.024099  -0.004472  0.999700  0.999959  0.008715  0.002601  -0.008721  0.999959  0.002531  -0.002579  -0.002554  0.999993  1.000000  0.000026  0.000111  -0.000026  1.000000  0.000032  -0.000111  -0.000032  1.000000  0.999694  0.005436  0.024123  -0.005542  0.999975  0.004340  -0.024099  -0.004472  0.999700  0.000144  0.009443  
64.665017 0.007615  0.100485  -0.000469  0.992197  0.108238  0.061877  -0.111173  0.992730  0.046137  -0.056433  -0.052656  0.997017  -0.000905  -0.001374  -0.002394  0.131132  -0.160504  0.503863  2.000000  0.999681  0.005556  0.024652  -0.005668  0.999974  0.004490  -0.024626  -0.004628  0.999686  0.999966  0.007900  0.002425  -0.007906  0.999966  0.002335  -0.002407  -0.002354  0.999994  1.000000  0.000023  0.000101  -0.000023  1.000000  0.000029  -0.000101  -0.000029  1.000000  0.999681  0.005556  0.024652  -0.005668  0.999974  0.004490  -0.024626  -0.004628  0.999686  0.000136  0.008590  
64.666271 0.007613  0.100483  -0.000473  0.992175  0.108435  0.061899  -0.111378  0.992702  0.046244  -0.056433  -0.052777  0.997011  -0.001060  -0.001480  -0.002692  0.128834  -0.145365  0.469977  2.000000  0.999668  0.005673  0.025139  -0.005791  0.999973  0.004630  -0.025112  -0.004774  0.999673  0.999970  0.007503  0.002137  -0.007508  0.999969  0.002237  -0.002121  -0.002253  0.999995  1.000000  0.000024  0.000095  -0.000024  1.000000  0.000028  -0.000095  -0.000028  1.000000  0.999668  0.005673  0.025139  -0.005791  0.999973  0.004630  -0.025112  -0.004774  0.999673  0.000128  0.008118  
64.667516 0.007612  0.100481  -0.000476  0.992121  0.108837  0.062051  -0.111785  0.992658  0.046204  -0.056567  -0.052776  0.997003  -0.001163  -0.001545  -0.002908  0.124358  -0.134594  0.452856  2.000000  0.999655  0.005788  0.025604  -0.005912  0.999971  0.004763  -0.025576  -0.004913  0.999661  0.999971  0.007305  0.001993  -0.007309  0.999971  0.002127  -0.001977  -0.002141  0.999996  1.000000  0.000024  0.000092  -0.000024  1.000000  0.000027  -0.000092  -0.000027  1.000000  0.999655  0.005788  0.025604  -0.005912  0.999971  0.004763  -0.025576  -0.004913  0.999661  0.000123  0.007867  
64.668766 0.007612  0.100480  -0.000479  0.992075  0.109238  0.062083  -0.112194  0.992607  0.046299  -0.056567  -0.052897  0.996997  -0.001100  -0.001509  -0.002997  0.118315  -0.121323  0.436667  2.000000  0.999646  0.005879  0.025958  -0.006008  0.999970  0.004862  -0.025928  -0.005017  0.999651  0.999973  0.007107  0.001849  -0.007110  0.999973  0.002017  -0.001834  -0.002030  0.999996  1.000000  0.000024  0.000088  -0.000024  1.000000  0.000025  -0.000088  -0.000025  1.000000  0.999646  0.005879  0.025958  -0.006008  0.999970  0.004862  -0.025928  -0.005017  0.999651  0.000120  0.007617  
64.669787 0.007612  0.100479  -0.000482  0.992052  0.109442  0.062093  -0.112398  0.992585  0.046286  -0.056567  -0.052897  0.996997  -0.001055  -0.001453  -0.003044  0.114870  -0.116050  0.422709  2.000000  0.999636  0.005972  0.026293  -0.006105  0.999969  0.004961  -0.026262  -0.005120  0.999642  0.999976  0.006703  0.001694  -0.006706  0.999976  0.001919  -0.001681  -0.001931  0.999997  1.000000  0.000024  0.000083  -0.000024  1.000000  0.000024  -0.000083  -0.000024  1.000000  0.999636  0.005972  0.026293  -0.006105  0.999969  0.004961  -0.026262  -0.005120  0.999642  0.000114  0.007177  
64.671019 0.007612  0.100480  -0.000485  0.992021  0.109639  0.062235  -0.112601  0.992563  0.046258  -0.056700  -0.052897  0.996989  -0.000921  -0.001316  -0.003036  0.104159  -0.110298  0.395583  2.000000  0.999627  0.006062  0.026613  -0.006198  0.999968  0.005054  -0.026581  -0.005218  0.999633  0.999979  0.006299  0.001539  -0.006302  0.999978  0.001820  -0.001527  -0.001830  0.999997  1.000000  0.000023  0.000078  -0.000023  1.000000  0.000023  -0.000078  -0.000023  1.000000  0.999627  0.006062  0.026613  -0.006198  0.999968  0.005054  -0.026581  -0.005218  0.999633  0.000108  0.006737  
64.672270 0.007614  0.100480  -0.000487  0.991982  0.110048  0.062135  -0.113011  0.992511  0.046368  -0.056567  -0.053018  0.996990  -0.000737  -0.001149  -0.002944  0.099656  -0.100220  0.385990  2.000000  0.999617  0.006174  0.026987  -0.006316  0.999967  0.005168  -0.026954  -0.005337  0.999622  0.999982  0.005903  0.001251  -0.005905  0.999981  0.001845  -0.001240  -0.001852  0.999998  1.000000  0.000023  0.000072  -0.000023  1.000000  0.000023  -0.000072  -0.000023  1.000000  0.999617  0.006174  0.026987  -0.006316  0.999967  0.005168  -0.026954  -0.005337  0.999622  0.000102  0.006311  
64.673521 0.007615  0.100481  -0.000491  0.991959  0.110252  0.062144  -0.113215  0.992489  0.046355  -0.056567  -0.053018  0.996990  -0.000520  -0.000923  -0.002870  0.094199  -0.094809  0.354825  2.000000  0.999606  0.006288  0.027346  -0.006435  0.999965  0.005274  -0.027312  -0.005448  0.999612  0.999983  0.005698  0.001240  -0.005700  0.999982  0.001614  -0.001231  -0.001621  0.999998  1.000000  0.000022  0.000069  -0.000022  1.000000  0.000020  -0.000069  -0.000020  1.000000  0.999606  0.006288  0.027346  -0.006435  0.999965  0.005274  -0.027312  -0.005448  0.999612  0.000096  0.006051  
64.674769 0.007618  0.100482  -0.000494  0.991912  0.110653  0.062177  -0.113623  0.992437  0.046450  -0.056567  -0.053139  0.996984  -0.000215  -0.000683  -0.002765  0.089778  -0.084892  0.345748  2.000000  0.999596  0.006403  0.027693  -0.006555  0.999964  0.005374  -0.027658  -0.005554  0.999602  0.999983  0.005705  0.001107  -0.005706  0.999982  0.001614  -0.001098  -0.001620  0.999998  1.000000  0.000024  0.000069  -0.000024  1.000000  0.000020  -0.000069  -0.000020  1.000000  0.999596  0.006403  0.027693  -0.006555  0.999964  0.005374  -0.027658  -0.005554  0.999602  0.000094  0.006032  
64.676019 0.007620  0.100483  -0.000497  0.991858  0.111047  0.062342  -0.114031  0.992387  0.046529  -0.056700  -0.053260  0.996970  0.000079  -0.000447  -0.002672  0.087098  -0.080407  0.334842  2.000000  0.999586  0.006511  0.028032  -0.006667  0.999963  0.005464  -0.027996  -0.005649  0.999592  0.999984  0.005499  0.001096  -0.005501  0.999984  0.001382  -0.001089  -0.001388  0.999998  1.000000  0.000023  0.000066  -0.000023  1.000000  0.000017  -0.000066  -0.000017  1.000000  0.999586  0.006511  0.028032  -0.006667  0.999963  0.005464  -0.027996  -0.005649  0.999592  0.000088  0.005776  
64.677269 0.007623  0.100484  -0.000501  0.991827  0.111244  0.062484  -0.114234  0.992365  0.046501  -0.056834  -0.053259  0.996962  0.000357  -0.000321  -0.002703  0.080047  -0.079360  0.314084  2.000000  0.999578  0.006601  0.028300  -0.006760  0.999962  0.005535  -0.028263  -0.005724  0.999584  0.999984  0.005499  0.001097  -0.005501  0.999984  0.001382  -0.001089  -0.001388  0.999998  1.000000  0.000023  0.000066  -0.000023  1.000000  0.000017  -0.000066  -0.000017  1.000000  0.999578  0.006601  0.028300  -0.006760  0.999962  0.005535  -0.028263  -0.005724  0.999584  0.000085  0.005776  
64.678271 0.007626  0.100484  -0.000504  0.991780  0.111645  0.062517  -0.114642  0.992313  0.046596  -0.056834  -0.053380  0.996956  0.000629  -0.000223  -0.002750  0.080393  -0.070058  0.307643  2.000000  0.999570  0.006688  0.028564  -0.006850  0.999961  0.005598  -0.028525  -0.005791  0.999576  0.999985  0.005294  0.001086  -0.005295  0.999985  0.001272  -0.001079  -0.001278  0.999999  1.000000  0.000021  0.000064  -0.000021  1.000000  0.000016  -0.000064  -0.000016  1.000000  0.999570  0.006688  0.028564  -0.006850  0.999961  0.005598  -0.028525  -0.005791  0.999576  0.000081  0.005552  
64.679520 0.007629  0.100485  -0.000509  0.991749  0.111842  0.062659  -0.114846  0.992291  0.046568  -0.056967  -0.053380  0.996948  0.000990  -0.000086  -0.002764  0.077051  -0.069356  0.293836  2.000000  0.999559  0.006800  0.028889  -0.006967  0.999960  0.005675  -0.028849  -0.005874  0.999567  0.999984  0.005499  0.001097  -0.005500  0.999984  0.001138  -0.001091  -0.001144  0.999999  1.000000  0.000023  0.000066  -0.000023  1.000000  0.000014  -0.000066  -0.000014  1.000000  0.999559  0.006800  0.028889  -0.006967  0.999960  0.005675  -0.028849  -0.005874  0.999567  0.000079  0.005722  
64.680766 0.007633  0.100485  -0.000514  0.991701  0.112251  0.062678  -0.115254  0.992245  0.046542  -0.056967  -0.053380  0.996948  0.001321  0.000055  -0.002869  0.069280  -0.064553  0.287216  2.000000  0.999550  0.006911  0.029204  -0.007082  0.999958  0.005740  -0.029163  -0.005944  0.999557  0.999987  0.005096  0.000942  -0.005096  0.999986  0.001040  -0.000937  -0.001045  0.999999  1.000000  0.000022  0.000061  -0.000022  1.000000  0.000013  -0.000061  -0.000013  1.000000  0.999550  0.006911  0.029204  -0.007082  0.999958  0.005740  -0.029163  -0.005944  0.999557  0.000074  0.005286  
64.681771 0.007636  0.100485  -0.000517  0.991677  0.112448  0.062701  -0.115458  0.992216  0.046649  -0.056967  -0.053501  0.996942  0.001579  0.000206  -0.002906  0.069635  -0.059721  0.280481  2.000000  0.999542  0.007006  0.029452  -0.007180  0.999957  0.005789  -0.029410  -0.005997  0.999549  0.999986  0.005308  0.000820  -0.005309  0.999985  0.001029  -0.000815  -0.001033  0.999999  1.000000  0.000024  0.000063  -0.000024  1.000000  0.000013  -0.000063  -0.000013  1.000000  0.999542  0.007006  0.029452  -0.007180  0.999957  0.005789  -0.029410  -0.005997  0.999549  0.000074  0.005469  
64.683016 0.007639  0.100485  -0.000522  0.991646  0.112645  0.062843  -0.115662  0.992194  0.046621  -0.057101  -0.053500  0.996934  0.001846  0.000317  -0.002968  0.065444  -0.063397  0.271330  2.000000  0.999532  0.007119  0.029763  -0.007296  0.999956  0.005842  -0.029720  -0.006056  0.999540  0.999987  0.005095  0.000943  -0.005096  0.999987  0.000797  -0.000939  -0.000802  0.999999  1.000000  0.000022  0.000061  -0.000022  1.000000  0.000010  -0.000061  -0.000010  1.000000  0.999532  0.007119  0.029763  -0.007296  0.999956  0.005842  -0.029720  -0.006056  0.999540  0.000072  0.005243  
64.684016 0.007643  0.100486  -0.000526  0.991598  0.113046  0.062876  -0.116070  0.992142  0.046716  -0.057101  -0.053621  0.996927  0.002076  0.000429  -0.003043  0.061846  -0.059437  0.273616  2.000000  0.999524  0.007206  0.030010  -0.007385  0.999955  0.005881  -0.029966  -0.006100  0.999532  0.999987  0.005095  0.000943  -0.005096  0.999987  0.000797  -0.000939  -0.000802  0.999999  1.000000  0.000022  0.000061  -0.000022  1.000000  0.000010  -0.000061  -0.000010  1.000000  0.999524  0.007206  0.030010  -0.007385  0.999955  0.005881  -0.029966  -0.006100  0.999532  0.000071  0.005243  
64.685017 0.007646  0.100487  -0.000528  0.991567  0.113243  0.063018  -0.116273  0.992119  0.046687  -0.057235  -0.053621  0.996920  0.002325  0.000516  -0.003058  0.061705  -0.063041  0.264280  2.000000  0.999517  0.007271  0.030198  -0.007452  0.999955  0.005910  -0.030154  -0.006132  0.999526  0.999986  0.005088  0.001077  -0.005089  0.999987  0.000796  -0.001073  -0.000802  0.999999  1.000000  0.000020  0.000062  -0.000020  1.000000  0.000010  -0.000062  -0.000010  1.000000  0.999517  0.007271  0.030198  -0.007452  0.999955  0.005910  -0.030154  -0.006132  0.999526  0.000070  0.005262  
64.686267 0.007650  0.100488  -0.000531  0.991543  0.113447  0.063028  -0.116477  0.992096  0.046674  -0.057235  -0.053621  0.996920  0.002503  0.000546  -0.003080  0.053987  -0.058256  0.257657  2.000000  0.999507  0.007376  0.030519  -0.007561  0.999954  0.005950  -0.030473  -0.006178  0.999516  0.999985  0.005293  0.001088  -0.005294  0.999986  0.000663  -0.001084  -0.000669  0.999999  1.000000  0.000021  0.000064  -0.000021  1.000000  0.000008  -0.000064  -0.000008  1.000000  0.999507  0.007376  0.030519  -0.007561  0.999954  0.005950  -0.030473  -0.006178  0.999516  0.000069  0.005445  
64.687516 0.007654  0.100490  -0.000535  0.991487  0.113841  0.063193  -0.116885  0.992044  0.046753  -0.057368  -0.053741  0.996906  0.002686  0.000612  -0.003103  0.053932  -0.053831  0.257871  2.000000  0.999496  0.007476  0.030839  -0.007664  0.999953  0.005990  -0.030793  -0.006223  0.999506  0.999986  0.005081  0.001211  -0.005082  0.999987  0.000674  -0.001208  -0.000681  0.999999  1.000000  0.000019  0.000063  -0.000019  1.000000  0.000008  -0.000063  -0.000008  1.000000  0.999496  0.007476  0.030839  -0.007664  0.999953  0.005990  -0.030793  -0.006223  0.999506  0.000066  0.005267  
64.688521 0.007656  0.100490  -0.000537  0.991463  0.114045  0.063203  -0.117089  0.992021  0.046740  -0.057368  -0.053741  0.996906  0.002739  0.000600  -0.003144  0.046598  -0.049449  0.253323  2.000000  0.999488  0.007557  0.031091  -0.007748  0.999952  0.006021  -0.031044  -0.006259  0.999498  0.999985  0.005293  0.001088  -0.005294  0.999986  0.000663  -0.001085  -0.000668  0.999999  1.000000  0.000021  0.000064  -0.000021  1.000000  0.000008  -0.000064  -0.000008  1.000000  0.999488  0.007557  0.031091  -0.007748  0.999952  0.006021  -0.031044  -0.006259  0.999498  0.000067  0.005445  
