1-Time 2-Px 3-Py 4-Pz 5-R11 6-R21 7-R31 8-R12 9-R22 10-R32 11-R13 12-R23 13-R33 14-Vx 15-Vy 16-Vz 17-Wx 18-Wy 19-Wz 20-state 21-PR11 22-PR21 23-PR31 24-PR12 25-PR22 26-PR32 27-PR13 28-PR23 29-PR33 
76.734788 0.008946  0.097277  0.006131  0.972206  0.223115  -0.070952  0.064342  0.036767  0.997250  0.225110  -0.974098  0.021390  -0.002147  0.000768  0.003896  -0.020462  0.283719  0.020569  2.000000  1.000000  0.000000  0.000000  0.000000  -0.000000  1.000000  0.000000  -1.000000  -0.000000  0.999984  0.000542  -0.005631  -0.000543  1.000000  -0.000203  0.005630  0.000206  0.999984  1.000000  0.000007  -0.000070  -0.000007  1.000000  -0.000003  0.000070  0.000003  1.000000  0.692882  0.472648  0.544534  -0.540536  -0.159335  0.826095  0.477216  -0.866727  0.145083  0.000073  0.005660  
76.735796 0.008943  0.097278  0.006136  0.972150  0.223230  -0.071365  0.064740  0.036868  0.997221  0.225241  -0.974068  0.021389  -0.002265  0.000747  0.003934  -0.022029  0.290463  0.024905  2.000000  1.000000  0.000029  -0.000287  0.000287  0.000011  1.000000  0.000029  -1.000000  0.000011  0.999983  0.000671  -0.005834  -0.000672  1.000000  -0.000249  0.005834  0.000253  0.999983  1.000000  0.000008  -0.000073  -0.000008  1.000000  -0.000003  0.000073  0.000003  1.000000  1.000000  0.000029  -0.000287  0.000287  0.000011  1.000000  0.000029  -1.000000  0.000011  0.000073  0.005878  
76.737043 0.008942  0.097280  0.006144  0.972143  0.223529  -0.070523  0.063935  0.036580  0.997283  0.225501  -0.974011  0.021269  -0.002197  0.000821  0.004218  -0.008659  0.250265  0.034829  2.000000  1.000000  0.000076  -0.000626  0.000626  0.000023  1.000000  0.000076  -1.000000  0.000023  0.999987  0.000824  -0.005035  -0.000824  1.000000  -0.000064  0.005035  0.000068  0.999987  1.000000  0.000010  -0.000063  -0.000010  1.000000  -0.000001  0.000063  0.000001  1.000000  1.000000  0.000076  -0.000626  0.000626  0.000023  1.000000  0.000076  -1.000000  0.000023  0.000066  0.005102  
76.738293 0.008941  0.097282  0.006154  0.972148  0.223843  -0.069447  0.062931  0.036125  0.997364  0.225762  -0.973955  0.021032  -0.002137  0.000876  0.004546  0.006282  0.203279  0.044921  2.000000  1.000000  0.000076  -0.000626  0.000626  0.000023  1.000000  0.000076  -1.000000  0.000023  0.999993  0.001258  -0.003639  -0.001256  0.999999  0.000381  0.003640  -0.000376  0.999993  1.000000  0.000000  0.000000  0.000000  1.000000  0.000000  0.000000  0.000000  1.000000  1.000000  0.000076  -0.000626  0.000626  0.000023  1.000000  0.000076  -1.000000  0.000023  0.000055  0.000000  
76.739541 0.008939  0.097282  0.006163  0.972139  0.224142  -0.068604  0.062126  0.035836  0.997425  0.226023  -0.973898  0.020912  -0.002134  0.000825  0.004885  0.000000  0.000000  0.000000  2.000000  1.000000  0.000076  -0.000626  0.000626  0.000023  1.000000  0.000076  -1.000000  0.000023  0.999996  0.001419  -0.002438  -0.001417  0.999999  0.000779  0.002439  -0.000776  0.999997  1.000000  0.000000  0.000000  0.000000  1.000000  0.000000  0.000000  0.000000  1.000000  1.000000  0.000076  -0.000626  0.000626  0.000023  1.000000  0.000076  -1.000000  0.000023  0.000000  0.000000  
76.740543 0.008938  0.097282  0.006170  0.972104  0.224425  -0.068172  0.061722  0.035639  0.997457  0.226284  -0.973840  0.020793  -0.002086  0.000781  0.005090  0.000000  0.000000  0.000000  2.000000  1.000000  0.000076  -0.000626  0.000626  0.000023  1.000000  0.000076  -1.000000  0.000023  0.999997  0.001566  -0.001839  -0.001564  0.999998  0.001039  0.001841  -0.001037  0.999998  1.000000  0.000000  0.000000  0.000000  1.000000  0.000000  0.000000  0.000000  1.000000  1.000000  0.000076  -0.000626  0.000626  0.000023  1.000000  0.000076  -1.000000  0.000023  0.000000  0.000000  
76.741795 0.008938  0.097281  0.006180  0.972039  0.224838  -0.067742  0.061316  0.035450  0.997489  0.226674  -0.973751  0.020673  -0.001938  0.000681  0.005395  0.000000  0.000000  0.000000  2.000000  1.000000  0.000076  -0.000626  0.000626  0.000023  1.000000  0.000076  -1.000000  0.000023  0.999997  0.001985  -0.001045  -0.001984  0.999997  0.001224  0.001048  -0.001222  0.999999  1.000000  0.000000  0.000000  0.000000  1.000000  0.000000  0.000000  0.000000  1.000000  1.000000  0.000076  -0.000626  0.000626  0.000023  1.000000  0.000076  -1.000000  0.000023  0.000000  0.000000  
76.742798 0.008938  0.097282  0.006189  0.971937  0.225525  -0.066907  0.060506  0.035185  0.997548  0.227326  -0.973602  0.020552  -0.001741  0.000608  0.005719  0.000000  0.000000  0.000000  2.000000  1.000000  0.000076  -0.000626  0.000626  0.000023  1.000000  0.000076  -1.000000  0.000023  0.999997  0.002408  -0.000051  -0.002408  0.999996  0.001577  0.000055  -0.001577  0.999999  1.000000  0.000000  0.000000  0.000000  1.000000  0.000000  0.000000  0.000000  1.000000  1.000000  0.000076  -0.000626  0.000626  0.000023  1.000000  0.000076  -1.000000  0.000023  0.000000  0.000000  
76.744049 0.008939  0.097282  0.006201  0.971841  0.226356  -0.065486  0.059094  0.034907  0.997642  0.228108  -0.973419  0.020548  -0.001520  0.000623  0.006253  0.000000  0.000000  0.000000  2.000000  1.000000  0.000076  -0.000626  0.000626  0.000023  1.000000  0.000076  -1.000000  0.000023  0.999993  0.003378  0.001534  -0.003381  0.999992  0.001947  -0.001527  -0.001952  0.999997  1.000000  0.000000  0.000000  0.000000  1.000000  0.000000  0.000000  0.000000  1.000000  1.000000  0.000076  -0.000626  0.000626  0.000023  1.000000  0.000076  -1.000000  0.000023  0.000000  0.000000  
76.745300 0.008938  0.097284  0.006214  0.971754  0.227200  -0.063832  0.057483  0.034459  0.997752  0.228889  -0.973238  0.020426  -0.001344  0.000612  0.006797  0.000000  0.000000  0.000000  2.000000  1.000000  0.000076  -0.000626  0.000626  0.000023  1.000000  0.000076  -1.000000  0.000023  0.999985  0.004221  0.003523  -0.004230  0.999988  0.002410  -0.003513  -0.002425  0.999991  1.000000  0.000000  0.000000  0.000000  1.000000  0.000000  0.000000  0.000000  1.000000  1.000000  0.000076  -0.000626  0.000626  0.000023  1.000000  0.000076  -1.000000  0.000023  0.000000  0.000000  
76.746545 0.008938  0.097286  0.006227  0.971713  0.227777  -0.062377  0.056075  0.034041  0.997846  0.229410  -0.973118  0.020305  -0.001179  0.000750  0.007303  0.092838  -0.097295  0.173018  2.000000  1.000000  0.000136  -0.000560  0.000560  -0.000013  1.000000  0.000136  -1.000000  -0.000013  0.999974  0.004792  0.005317  -0.004807  0.999984  0.002826  -0.005303  -0.002851  0.999982  1.000000  0.000060  0.000066  -0.000060  1.000000  0.000035  -0.000066  -0.000035  1.000000  1.000000  0.000136  -0.000560  0.000560  -0.000013  1.000000  0.000136  -1.000000  -0.000013  0.000053  0.007700  
76.747797 0.008936  0.097290  0.006239  0.971670  0.228346  -0.060950  0.054668  0.033742  0.997934  0.229931  -0.972995  0.020303  -0.000992  0.000943  0.007815  0.107014  -0.157518  0.192331  2.000000  1.000000  0.000453  -0.000163  0.000163  -0.000205  1.000000  0.000453  -1.000000  -0.000205  0.999961  0.005228  0.007114  -0.005251  0.999981  0.003243  -0.007097  -0.003280  0.999969  1.000000  0.000065  0.000089  -0.000065  1.000000  0.000041  -0.000089  -0.000041  1.000000  1.000000  0.000453  -0.000163  0.000163  -0.000205  1.000000  0.000453  -1.000000  -0.000205  0.000065  0.009412  
76.749044 0.008935  0.097294  0.006253  0.971647  0.228928  -0.059112  0.052861  0.033347  0.998045  0.230452  -0.972872  0.020300  -0.000842  0.001126  0.008438  0.120320  -0.231334  0.207448  2.000000  1.000000  0.000805  0.000353  -0.000353  -0.000425  1.000000  0.000805  -1.000000  -0.000424  0.999942  0.005801  0.009108  -0.005834  0.999977  0.003584  -0.009087  -0.003637  0.999952  1.000000  0.000073  0.000114  -0.000073  1.000000  0.000045  -0.000114  -0.000045  1.000000  1.000000  0.000805  0.000353  -0.000353  -0.000425  1.000000  0.000805  -1.000000  -0.000424  0.000079  0.011387  
76.750297 0.008935  0.097299  0.006269  0.971558  0.229770  -0.057279  0.051051  0.032964  0.998152  0.231233  -0.972687  0.020296  -0.000618  0.001407  0.009162  0.136176  -0.298059  0.235879  2.000000  0.999999  0.001194  0.001009  -0.001009  -0.000671  0.999999  0.001195  -0.999999  -0.000670  0.999915  0.006510  0.011300  -0.006557  0.999970  0.004095  -0.011273  -0.004168  0.999928  1.000000  0.000082  0.000141  -0.000082  1.000000  0.000052  -0.000141  -0.000052  1.000000  0.999999  0.001194  0.001009  -0.001009  -0.000671  0.999999  0.001195  -0.999999  -0.000670  0.000098  0.013681  
76.751543 0.008935  0.097305  0.006286  0.971455  0.230597  -0.055679  0.049441  0.032746  0.998240  0.232014  -0.972498  0.020410  -0.000522  0.001705  0.009720  0.143961  -0.364836  0.264358  2.000000  0.999997  0.001545  0.001641  -0.001640  -0.000887  0.999998  0.001547  -0.999998  -0.000884  0.999885  0.007350  0.013288  -0.007408  0.999963  0.004315  -0.013256  -0.004413  0.999902  1.000000  0.000092  0.000166  -0.000092  1.000000  0.000055  -0.000166  -0.000055  1.000000  0.999997  0.001545  0.001641  -0.001640  -0.000887  0.999998  0.001547  -0.999998  -0.000884  0.000115  0.015801  
76.752546 0.008935  0.097311  0.006300  0.971360  0.231280  -0.054488  0.048234  0.032614  0.998303  0.232665  -0.972340  0.020525  -0.000437  0.002047  0.010190  0.151097  -0.411498  0.283370  2.000000  0.999995  0.001935  0.002350  -0.002348  -0.001115  0.999997  0.001937  -0.999998  -0.001110  0.999860  0.008045  0.014677  -0.008113  0.999957  0.004517  -0.014640  -0.004636  0.999882  1.000000  0.000101  0.000183  -0.000101  1.000000  0.000057  -0.000183  -0.000057  1.000000  0.999995  0.001935  0.002350  -0.002348  -0.001115  0.999997  0.001937  -0.999998  -0.001110  0.000127  0.017353  
76.753794 0.008934  0.097318  0.006316  0.971201  0.232223  -0.053302  0.047023  0.032494  0.998365  0.233575  -0.972120  0.020638  -0.000406  0.002463  0.010658  0.158702  -0.461130  0.313678  2.000000  0.999991  0.002469  0.003333  -0.003330  -0.001411  0.999993  0.002473  -0.999996  -0.001403  0.999825  0.008881  0.016463  -0.008960  0.999949  0.004693  -0.016421  -0.004840  0.999853  1.000000  0.000112  0.000206  -0.000112  1.000000  0.000060  -0.000206  -0.000060  1.000000  0.999991  0.002469  0.003333  -0.003330  -0.001411  0.999993  0.002473  -0.999996  -0.001403  0.000144  0.019305  
76.755043 0.008933  0.097325  0.006332  0.971089  0.233050  -0.051702  0.045415  0.032269  0.998447  0.234356  -0.971929  0.020752  -0.000368  0.002868  0.011020  0.167833  -0.531347  0.344525  2.000000  0.999986  0.003053  0.004426  -0.004421  -0.001721  0.999989  0.003061  -0.999994  -0.001707  0.999786  0.009717  0.018250  -0.009807  0.999940  0.004867  -0.018201  -0.005045  0.999822  1.000000  0.000122  0.000228  -0.000122  1.000000  0.000062  -0.000228  -0.000062  1.000000  0.999986  0.003053  0.004426  -0.004421  -0.001721  0.999989  0.003061  -0.999994  -0.001707  0.000160  0.021262  
76.756294 0.008933  0.097330  0.006347  0.970984  0.233882  -0.049897  0.043607  0.031993  0.998536  0.235136  -0.971738  0.020866  -0.000358  0.003299  0.011472  0.178438  -0.593205  0.370017  2.000000  0.999977  0.003687  0.005654  -0.005646  -0.002050  0.999982  0.003699  -0.999991  -0.002029  0.999737  0.010424  0.020439  -0.010534  0.999931  0.005257  -0.020383  -0.005471  0.999777  1.000000  0.000131  0.000255  -0.000131  1.000000  0.000067  -0.000255  -0.000067  1.000000  0.999977  0.003687  0.005654  -0.005646  -0.002050  0.999982  0.003699  -0.999991  -0.002029  0.000177  0.023565  
76.757294 0.008933  0.097333  0.006359  0.970888  0.234572  -0.048501  0.042201  0.031806  0.998603  0.235787  -0.971578  0.020980  -0.000369  0.003407  0.011654  0.186318  -0.658149  0.392331  2.000000  0.999969  0.004223  0.006705  -0.006695  -0.002319  0.999975  0.004239  -0.999988  -0.002290  0.999714  0.010975  0.021228  -0.011088  0.999925  0.005203  -0.021169  -0.005437  0.999761  1.000000  0.000138  0.000265  -0.000138  1.000000  0.000066  -0.000265  -0.000067  1.000000  0.999969  0.004223  0.006705  -0.006695  -0.002319  0.999975  0.004239  -0.999988  -0.002290  0.000194  0.024484  
76.758543 0.008933  0.097336  0.006375  0.970767  0.235397  -0.046901  0.040594  0.031573  0.998677  0.236567  -0.971386  0.021094  -0.000358  0.003601  0.011902  0.194403  -0.724830  0.420798  2.000000  0.999955  0.004923  0.008061  -0.008048  -0.002653  0.999964  0.004944  -0.999984  -0.002613  0.999693  0.011392  0.022018  -0.011508  0.999920  0.005155  -0.021957  -0.005406  0.999744  1.000000  0.000143  0.000275  -0.000143  1.000000  0.000066  -0.000275  -0.000066  1.000000  0.999955  0.004923  0.008061  -0.008048  -0.002653  0.999964  0.004944  -0.999984  -0.002613  0.000210  0.025349  
76.759554 0.008933  0.097338  0.006387  0.970658  0.236080  -0.045710  0.039388  0.031430  0.998730  0.237217  -0.971225  0.021209  -0.000388  0.003731  0.012056  0.203312  -0.777793  0.439789  2.000000  0.999946  0.005363  0.008899  -0.008884  -0.002851  0.999956  0.005388  -0.999982  -0.002803  0.999675  0.011805  0.022608  -0.011923  0.999916  0.005054  -0.022547  -0.005322  0.999732  1.000000  0.000148  0.000282  -0.000148  1.000000  0.000065  -0.000282  -0.000065  1.000000  0.999946  0.005363  0.008899  -0.008884  -0.002851  0.999956  0.005388  -0.999982  -0.002803  0.000225  0.026030  
76.760796 0.008933  0.097340  0.006401  0.970523  0.236899  -0.044317  0.037982  0.031241  0.998790  0.237996  -0.971032  0.021322  -0.000331  0.003710  0.012088  0.209919  -0.837789  0.468152  2.000000  0.999928  0.006130  0.010344  -0.010325  -0.003178  0.999942  0.006163  -0.999976  -0.003115  0.999648  0.012490  0.023393  -0.012607  0.999909  0.004883  -0.023329  -0.005176  0.999714  1.000000  0.000157  0.000292  -0.000157  1.000000  0.000063  -0.000292  -0.000063  1.000000  0.999928  0.006130  0.010344  -0.010325  -0.003178  0.999942  0.006163  -0.999976  -0.003115  0.000242  0.026994  
76.762047 0.008935  0.097341  0.006413  0.970354  0.237842  -0.042955  0.036575  0.031176  0.998845  0.238906  -0.970804  0.021553  -0.000122  0.003538  0.012076  0.215082  -0.891092  0.501092  2.000000  0.999906  0.006934  0.011843  -0.011819  -0.003502  0.999924  0.006974  -0.999970  -0.003420  0.999618  0.013044  0.024379  -0.013166  0.999901  0.004882  -0.024313  -0.005201  0.999691  1.000000  0.000164  0.000304  -0.000164  1.000000  0.000063  -0.000304  -0.000063  1.000000  0.999906  0.006934  0.011843  -0.011819  -0.003502  0.999924  0.006974  -0.999970  -0.003420  0.000259  0.028109  
76.763296 0.008937  0.097340  0.006423  0.970181  0.238790  -0.041565  0.035168  0.030987  0.998901  0.239815  -0.970577  0.021666  0.000086  0.003202  0.011875  0.221807  -0.950583  0.529208  2.000000  0.999880  0.007756  0.013384  -0.013355  -0.003819  0.999904  0.007806  -0.999963  -0.003715  0.999608  0.013056  0.024772  -0.013174  0.999902  0.004632  -0.024709  -0.004956  0.999682  1.000000  0.000164  0.000309  -0.000164  1.000000  0.000060  -0.000309  -0.000060  1.000000  0.999880  0.007756  0.013384  -0.013355  -0.003819  0.999904  0.007806  -0.999963  -0.003715  0.000275  0.028413  
76.764297 0.008938  0.097338  0.006430  0.970056  0.239465  -0.040580  0.034164  0.030886  0.998939  0.240465  -0.970414  0.021780  0.000234  0.002845  0.011568  0.225254  -0.997102  0.552726  2.000000  0.999858  0.008415  0.014618  -0.014584  -0.004067  0.999885  0.008473  -0.999956  -0.003944  0.999606  0.013189  0.024765  -0.013308  0.999901  0.004648  -0.024702  -0.004976  0.999682  1.000000  0.000166  0.000309  -0.000166  1.000000  0.000060  -0.000309  -0.000060  1.000000  0.999858  0.008415  0.014618  -0.014584  -0.004067  0.999885  0.008473  -0.999956  -0.003944  0.000287  0.028472  
76.765548 0.008940  0.097334  0.006438  0.969879  0.240418  -0.039161  0.032758  0.030571  0.998996  0.241374  -0.970188  0.021775  0.000325  0.002228  0.010940  0.240402  -1.057259  0.581225  2.000000  0.999827  0.009245  0.016151  -0.016111  -0.004366  0.999861  0.009314  -0.999948  -0.004216  0.999610  0.013322  0.024556  -0.013434  0.999900  0.004379  -0.024495  -0.004707  0.999689  1.000000  0.000167  0.000307  -0.000167  1.000000  0.000057  -0.000307  -0.000057  1.000000  0.999827  0.009245  0.016151  -0.016111  -0.004366  0.999861  0.009314  -0.999948  -0.004216  0.000302  0.028307  
76.766797 0.008941  0.097331  0.006443  0.969731  0.241236  -0.037768  0.031354  0.030371  0.999047  0.242153  -0.969991  0.021888  0.000402  0.001533  0.010165  0.237651  -1.076790  0.599588  2.000000  0.999793  0.010081  0.017673  -0.017627  -0.004657  0.999834  0.010162  -0.999938  -0.004478  0.999611  0.013589  0.024345  -0.013696  0.999897  0.004224  -0.024285  -0.004556  0.999695  1.000000  0.000171  0.000304  -0.000171  1.000000  0.000055  -0.000304  -0.000055  1.000000  0.999793  0.010081  0.017673  -0.017627  -0.004657  0.999834  0.010162  -0.999938  -0.004478  0.000314  0.028228  
76.768044 0.008943  0.097328  0.006447  0.969575  0.242047  -0.036581  0.030150  0.030218  0.999088  0.242932  -0.969794  0.022001  0.000548  0.000798  0.009282  0.227650  -1.083118  0.617709  2.000000  0.999764  0.010769  0.018893  -0.018842  -0.004884  0.999811  0.010859  -0.999930  -0.004680  0.999606  0.013990  0.024333  -0.014094  0.999892  0.004113  -0.024273  -0.004454  0.999695  1.000000  0.000176  0.000304  -0.000176  1.000000  0.000054  -0.000304  -0.000054  1.000000  0.999764  0.010769  0.018893  -0.018842  -0.004884  0.999811  0.010859  -0.999930  -0.004680  0.000315  0.028397  
76.769047 0.008945  0.097324  0.006449  0.969404  0.242850  -0.035776  0.029346  0.030043  0.999118  0.243710  -0.969599  0.021997  0.000706  0.000221  0.008565  0.225737  -1.089108  0.635634  2.000000  0.999732  0.011474  0.020103  -0.020045  -0.005105  0.999786  0.011574  -0.999921  -0.004873  0.999612  0.014254  0.023922  -0.014351  0.999889  0.003910  -0.023863  -0.004252  0.999706  1.000000  0.000179  0.000299  -0.000179  1.000000  0.000051  -0.000299  -0.000051  1.000000  0.999732  0.011474  0.020103  -0.020045  -0.005105  0.999786  0.011574  -0.999921  -0.004873  0.000321  0.028147  
76.770295 0.008946  0.097320  0.006451  0.969167  0.243903  -0.035036  0.028540  0.030116  0.999139  0.244748  -0.969332  0.022226  0.000843  -0.000491  0.007669  0.215918  -1.095220  0.662936  2.000000  0.999691  0.012379  0.021563  -0.021498  -0.005365  0.999754  0.012491  -0.999909  -0.005097  0.999630  0.014640  0.022907  -0.014726  0.999885  0.003565  -0.022852  -0.003901  0.999731  1.000000  0.000184  0.000286  -0.000184  1.000000  0.000047  -0.000286  -0.000047  1.000000  0.999691  0.012379  0.021563  -0.021498  -0.005365  0.999754  0.012491  -0.999909  -0.005097  0.000322  0.027444  
76.771543 0.008946  0.097315  0.006453  0.968922  0.244954  -0.034472  0.027934  0.030116  0.999156  0.245786  -0.969067  0.022337  0.000905  -0.001047  0.006908  0.210248  -1.101414  0.685661  2.000000  0.999648  0.013297  0.022958  -0.022885  -0.005602  0.999722  0.013422  -0.999896  -0.005296  0.999656  0.014759  0.021694  -0.014831  0.999885  0.003180  -0.021644  -0.003501  0.999760  1.000000  0.000185  0.000271  -0.000185  1.000000  0.000042  -0.000271  -0.000042  1.000000  0.999648  0.013297  0.022958  -0.022885  -0.005602  0.999722  0.013422  -0.999896  -0.005296  0.000329  0.026453  
76.772543 0.008947  0.097313  0.006456  0.968741  0.245742  -0.033932  0.027330  0.030229  0.999169  0.246564  -0.968864  0.022568  0.000960  -0.001398  0.006286  0.197047  -1.091811  0.693434  2.000000  0.999613  0.014034  0.024023  -0.023944  -0.005778  0.999697  0.014169  -0.999885  -0.005440  0.999669  0.014750  0.021087  -0.014815  0.999886  0.002933  -0.021042  -0.003245  0.999773  1.000000  0.000185  0.000263  -0.000185  1.000000  0.000039  -0.000263  -0.000039  1.000000  0.999613  0.014034  0.024023  -0.023944  -0.005778  0.999697  0.014169  -0.999885  -0.005440  0.000328  0.025922  
76.773543 0.008948  0.097310  0.006458  0.968593  0.246405  -0.033360  0.026727  0.030216  0.999186  0.247212  -0.968696  0.022682  0.001011  -0.001848  0.005319  0.190478  -1.078218  0.693176  2.000000  0.999577  0.014774  0.025058  -0.024972  -0.005945  0.999670  0.014918  -0.999873  -0.005573  0.999680  0.014878  0.020477  -0.014936  0.999885  0.002683  -0.020434  -0.002988  0.999787  1.000000  0.000186  0.000256  -0.000186  1.000000  0.000035  -0.000256  -0.000035  1.000000  0.999577  0.014774  0.025058  -0.024972  -0.005945  0.999670  0.014918  -0.999873  -0.005573  0.000324  0.025472  
76.774796 0.008949  0.097307  0.006461  0.968410  0.247193  -0.032821  0.026123  0.030328  0.999199  0.247990  -0.968492  0.022912  0.001048  -0.002107  0.004719  0.171031  -1.044529  0.692422  2.000000  0.999540  0.015521  0.026069  -0.025977  -0.006101  0.999644  0.015674  -0.999861  -0.005695  0.999686  0.015009  0.020066  -0.015062  0.999883  0.002480  -0.020027  -0.002781  0.999796  1.000000  0.000188  0.000251  -0.000188  1.000000  0.000033  -0.000251  -0.000033  1.000000  0.999540  0.015521  0.026069  -0.025977  -0.006101  0.999644  0.015674  -0.999861  -0.005695  0.000319  0.025199  
76.775798 0.008948  0.097303  0.006461  0.968260  0.247851  -0.032280  0.025521  0.030434  0.999211  0.248638  -0.968320  0.023143  0.000963  -0.002500  0.003882  0.158391  -1.026016  0.697657  2.000000  0.999502  0.016269  0.027051  -0.026952  -0.006246  0.999617  0.016431  -0.999848  -0.005804  0.999702  0.014999  0.019259  -0.015044  0.999884  0.002179  -0.019224  -0.002468  0.999812  1.000000  0.000188  0.000241  -0.000188  1.000000  0.000029  -0.000241  -0.000029  1.000000  0.999502  0.016269  0.027051  -0.026952  -0.006246  0.999617  0.016431  -0.999848  -0.005804  0.000312  0.024524  
76.777045 0.008947  0.097300  0.006462  0.968071  0.248629  -0.031977  0.025117  0.030716  0.999213  0.249416  -0.968112  0.023490  0.000809  -0.002706  0.003273  0.134530  -0.992230  0.706194  2.000000  0.999454  0.017201  0.028207  -0.028101  -0.006403  0.999585  0.017374  -0.999832  -0.005916  0.999725  0.014980  0.018052  -0.015015  0.999886  0.001784  -0.018023  -0.002054  0.999835  1.000000  0.000187  0.000225  -0.000187  1.000000  0.000024  -0.000225  -0.000024  1.000000  0.999454  0.017201  0.028207  -0.028101  -0.006403  0.999585  0.017374  -0.999832  -0.005916  0.000308  0.023538  
76.778047 0.008947  0.097297  0.006462  0.967914  0.249281  -0.031642  0.024714  0.030873  0.999218  0.250063  -0.967939  0.023721  0.000648  -0.002863  0.002669  0.120916  -0.963579  0.708906  2.000000  0.999416  0.017946  0.029075  -0.028963  -0.006505  0.999559  0.018127  -0.999818  -0.005982  0.999743  0.014967  0.017043  -0.014991  0.999887  0.001311  -0.017022  -0.001566  0.999854  1.000000  0.000187  0.000213  -0.000187  1.000000  0.000018  -0.000213  -0.000018  1.000000  0.999416  0.017946  0.029075  -0.028963  -0.006505  0.999559  0.018127  -0.999818  -0.005982  0.000303  0.022730  
76.779299 0.008947  0.097296  0.006464  0.967685  0.250179  -0.031580  0.024509  0.031329  0.999209  0.250970  -0.967693  0.024185  0.000532  -0.002791  0.002171  0.089718  -0.903669  0.722334  2.000000  0.999369  0.018881  0.030085  -0.029965  -0.006604  0.999529  0.019071  -0.999800  -0.006034  0.999764  0.015078  0.015631  -0.015091  0.999886  0.000742  -0.015618  -0.000978  0.999878  1.000000  0.000189  0.000195  -0.000189  1.000000  0.000011  -0.000195  -0.000011  1.000000  0.999369  0.018881  0.030085  -0.029965  -0.006604  0.999529  0.019071  -0.999800  -0.006034  0.000294  0.021737  
76.780547 0.008947  0.097294  0.006465  0.967454  0.251080  -0.031488  0.024304  0.031664  0.999203  0.251877  -0.967448  0.024531  0.000484  -0.002663  0.001851  0.070675  -0.856403  0.726126  2.000000  0.999323  0.019815  0.030992  -0.030865  -0.006663  0.999501  0.020011  -0.999781  -0.006047  0.999788  0.015049  0.014023  -0.015054  0.999887  0.000245  -0.014018  -0.000457  0.999902  1.000000  0.000188  0.000175  -0.000188  1.000000  0.000004  -0.000175  -0.000004  1.000000  0.999323  0.019815  0.030992  -0.030865  -0.006663  0.999501  0.020011  -0.999781  -0.006047  0.000284  0.020574  
76.781797 0.008947  0.097292  0.006465  0.967189  0.252106  -0.031431  0.024098  0.032123  0.999193  0.252912  -0.967166  0.024994  0.000373  -0.002573  0.001425  0.043478  -0.808771  0.729594  2.000000  0.999278  0.020752  0.031817  -0.031685  -0.006685  0.999476  0.020954  -0.999762  -0.006023  0.999805  0.015029  0.012813  -0.015025  0.999887  -0.000399  -0.012818  0.000206  0.999918  1.000000  0.000188  0.000160  -0.000188  1.000000  -0.000004  -0.000160  0.000004  1.000000  0.999278  0.020752  0.031817  -0.031685  -0.006685  0.999476  0.020954  -0.999762  -0.006023  0.000275  0.019753  
76.783047 0.008948  0.097291  0.006465  0.966923  0.253136  -0.031344  0.023892  0.032460  0.999187  0.253948  -0.966886  0.025338  0.000304  -0.002461  0.001188  0.025986  -0.767942  0.737835  2.000000  0.999242  0.021519  0.032427  -0.032290  -0.006677  0.999456  0.021723  -0.999746  -0.005977  0.999812  0.015412  0.011796  -0.015403  0.999881  -0.000878  -0.011808  0.000696  0.999930  1.000000  0.000193  0.000148  -0.000193  1.000000  -0.000010  -0.000148  0.000010  1.000000  0.999242  0.021519  0.032427  -0.032290  -0.006677  0.999456  0.021723  -0.999746  -0.005977  0.000268  0.019425  
76.784295 0.008949  0.097289  0.006464  0.966724  0.253903  -0.031282  0.023688  0.032912  0.999178  0.254724  -0.966669  0.025802  0.000282  -0.002328  0.000950  0.008317  -0.727227  0.737106  2.000000  0.999198  0.022482  0.033124  -0.032983  -0.006635  0.999434  0.022690  -0.999725  -0.005888  0.999823  0.015394  0.010787  -0.015379  0.999881  -0.001477  -0.010808  0.001311  0.999941  1.000000  0.000192  0.000135  -0.000192  1.000000  -0.000017  -0.000135  0.000017  1.000000  0.999198  0.022482  0.033124  -0.032983  -0.006635  0.999434  0.022690  -0.999725  -0.005888  0.000261  0.018850  
76.785547 0.008950  0.097288  0.006463  0.966494  0.254811  -0.030988  0.023284  0.033193  0.999178  0.255630  -0.966421  0.026147  0.000277  -0.002076  0.000759  -0.011067  -0.680017  0.740835  2.000000  0.999155  0.023444  0.033759  -0.033613  -0.006560  0.999413  0.023652  -0.999704  -0.005766  0.999834  0.015374  0.009780  -0.015355  0.999880  -0.001957  -0.009809  0.001807  0.999950  1.000000  0.000192  0.000122  -0.000192  1.000000  -0.000024  -0.000122  0.000024  1.000000  0.999155  0.023444  0.033759  -0.033613  -0.006560  0.999413  0.023652  -0.999704  -0.005766  0.000255  0.018319  
76.786548 0.008952  0.097287  0.006463  0.966294  0.255582  -0.030896  0.023080  0.033522  0.999171  0.256406  -0.966206  0.026493  0.000360  -0.001866  0.000660  -0.025364  -0.647627  0.743540  2.000000  0.999121  0.024217  0.034218  -0.034070  -0.006473  0.999398  0.024424  -0.999686  -0.005642  0.999840  0.015491  0.008970  -0.015469  0.999877  -0.002513  -0.009008  0.002374  0.999957  1.000000  0.000194  0.000112  -0.000194  1.000000  -0.000031  -0.000112  0.000031  1.000000  0.999121  0.024217  0.034218  -0.034070  -0.006473  0.999398  0.024424  -0.999686  -0.005642  0.000249  0.018068  
76.787818 0.008955  0.097286  0.006464  0.966028  0.256618  -0.030606  0.022676  0.033805  0.999171  0.257440  -0.965921  0.026837  0.000492  -0.001736  0.000436  -0.046663  -0.597980  0.751916  2.000000  0.999079  0.025192  0.034727  -0.034578  -0.006334  0.999382  0.025396  -0.999663  -0.005457  0.999850  0.015464  0.007764  -0.015441  0.999876  -0.003046  -0.007810  0.002925  0.999965  1.000000  0.000193  0.000097  -0.000193  1.000000  -0.000037  -0.000097  0.000037  1.000000  0.999079  0.025192  0.034727  -0.034578  -0.006334  0.999382  0.025396  -0.999663  -0.005457  0.000242  0.017560  
76.789039 0.008958  0.097285  0.006464  0.965791  0.257515  -0.030550  0.022472  0.034258  0.999160  0.258345  -0.965667  0.027299  0.000676  -0.001611  0.000365  -0.066486  -0.560025  0.754993  2.000000  0.999047  0.025979  0.035087  -0.034937  -0.006194  0.999370  0.026180  -0.999643  -0.005280  0.999852  0.015715  0.006949  -0.015690  0.999870  -0.003603  -0.007005  0.003494  0.999969  1.000000  0.000196  0.000087  -0.000196  1.000000  -0.000044  -0.000087  0.000044  1.000000  0.999047  0.025979  0.035087  -0.034937  -0.006194  0.999370  0.026180  -0.999643  -0.005280  0.000237  0.017546  
76.790044 0.008961  0.097283  0.006465  0.965554  0.258415  -0.030464  0.022267  0.034589  0.999154  0.259250  -0.965415  0.027644  0.000822  -0.001538  0.000309  -0.082655  -0.526360  0.763364  2.000000  0.999014  0.026772  0.035415  -0.035266  -0.006031  0.999360  0.026968  -0.999623  -0.005081  0.999855  0.015706  0.006543  -0.015681  0.999869  -0.003940  -0.006604  0.003837  0.999971  1.000000  0.000196  0.000082  -0.000196  1.000000  -0.000049  -0.000082  0.000049  1.000000  0.999014  0.026772  0.035415  -0.035266  -0.006031  0.999360  0.026968  -0.999623  -0.005081  0.000233  0.017454  
76.791046 0.008963  0.097282  0.006466  0.965354  0.259193  -0.030170  0.021865  0.034864  0.999153  0.260025  -0.965196  0.027989  0.001050  -0.001393  0.000362  -0.097088  -0.499127  0.762292  2.000000  0.998989  0.027373  0.035647  -0.035498  -0.005895  0.999352  0.027566  -0.999608  -0.004917  0.999854  0.015965  0.006129  -0.015939  0.999863  -0.004401  -0.006199  0.004302  0.999972  1.000000  0.000199  0.000077  -0.000199  1.000000  -0.000054  -0.000077  0.000054  1.000000  0.998989  0.027373  0.035647  -0.035498  -0.005895  0.999352  0.027566  -0.999608  -0.004917  0.000230  0.017647  
76.792311 0.008967  0.097281  0.006469  0.965084  0.260225  -0.029914  0.021461  0.035265  0.999148  0.261058  -0.964904  0.028449  0.001322  -0.001183  0.000492  -0.119890  -0.462461  0.767324  2.000000  0.998948  0.028379  0.036011  -0.035865  -0.005648  0.999341  0.028564  -0.999581  -0.004625  0.999856  0.015957  0.005721  -0.015930  0.999862  -0.004737  -0.005796  0.004645  0.999972  1.000000  0.000199  0.000072  -0.000199  1.000000  -0.000059  -0.000072  0.000059  1.000000  0.998948  0.028379  0.036011  -0.035865  -0.005648  0.999341  0.028564  -0.999581  -0.004625  0.000227  0.017590  
76.793547 0.008971  0.097281  0.006474  0.964813  0.261258  -0.029660  0.021058  0.035665  0.999142  0.262092  -0.964610  0.028909  0.001643  -0.001020  0.000753  -0.135852  -0.438301  0.774429  2.000000  0.998915  0.029196  0.036296  -0.036152  -0.005434  0.999332  0.029374  -0.999559  -0.004373  0.999850  0.016361  0.005700  -0.016332  0.999854  -0.005096  -0.005782  0.005002  0.999971  1.000000  0.000204  0.000072  -0.000204  1.000000  -0.000063  -0.000072  0.000063  1.000000  0.998915  0.029196  0.036296  -0.036152  -0.005434  0.999332  0.029374  -0.999559  -0.004373  0.000226  0.018047  
76.794549 0.008975  0.097283  0.006480  0.964580  0.262172  -0.029166  0.020457  0.035887  0.999146  0.262995  -0.964354  0.029252  0.001906  -0.000845  0.001034  -0.146992  -0.424598  0.778613  2.000000  0.998880  0.030022  0.036575  -0.036435  -0.005207  0.999322  0.030192  -0.999536  -0.004107  0.999850  0.016363  0.005693  -0.016333  0.999853  -0.005212  -0.005777  0.005118  0.999970  1.000000  0.000204  0.000072  -0.000204  1.000000  -0.000065  -0.000072  0.000065  1.000000  0.998880  0.030022  0.036575  -0.036435  -0.005207  0.999322  0.030192  -0.999536  -0.004107  0.000224  0.018080  
76.795800 0.008981  0.097285  0.006488  0.964311  0.263209  -0.028739  0.019855  0.036352  0.999142  0.264028  -0.964054  0.029828  0.002301  -0.000558  0.001531  -0.174542  -0.387385  0.788534  2.000000  0.998844  0.030859  0.036850  -0.036714  -0.004965  0.999313  0.031020  -0.999511  -0.003826  0.999847  0.016628  0.005474  -0.016597  0.999846  -0.005622  -0.005566  0.005530  0.999969  1.000000  0.000208  0.000069  -0.000208  1.000000  -0.000070  -0.000069  0.000070  1.000000  0.998844  0.030859  0.036850  -0.036714  -0.004965  0.999313  0.031020  -0.999511  -0.003826  0.000224  0.018373  
76.797048 0.008987  0.097288  0.006497  0.964004  0.264375  -0.028319  0.019253  0.036818  0.999136  0.265189  -0.963717  0.030403  0.002652  -0.000235  0.002179  -0.199830  -0.366694  0.801785  2.000000  0.998798  0.031926  0.037185  -0.037055  -0.004643  0.999302  0.032076  -0.999479  -0.003454  0.999840  0.017033  0.005450  -0.017000  0.999838  -0.005981  -0.005551  0.005887  0.999967  1.000000  0.000213  0.000069  -0.000213  1.000000  -0.000074  -0.000069  0.000074  1.000000  0.998798  0.031926  0.037185  -0.037055  -0.004643  0.999302  0.032076  -0.999479  -0.003454  0.000225  0.018843  
76.798051 0.008991  0.097292  0.006505  0.963763  0.265279  -0.028064  0.018851  0.037212  0.999130  0.266092  -0.963453  0.030863  0.002942  0.000107  0.002767  -0.216983  -0.346125  0.805739  2.000000  0.998760  0.032801  0.037454  -0.037331  -0.004374  0.999293  0.032941  -0.999452  -0.003144  0.999836  0.017303  0.005432  -0.017269  0.999832  -0.006219  -0.005539  0.006124  0.999966  1.000000  0.000216  0.000069  -0.000216  1.000000  -0.000077  -0.000069  0.000077  1.000000  0.998760  0.032801  0.037454  -0.037331  -0.004374  0.999293  0.032941  -0.999452  -0.003144  0.000226  0.019158  
76.799295 0.008998  0.097297  0.006517  0.963454  0.266445  -0.027646  0.018250  0.037676  0.999123  0.267253  -0.963114  0.031436  0.003245  0.000537  0.003574  -0.231017  -0.342540  0.812657  2.000000  0.998720  0.033699  0.037729  -0.037612  -0.004095  0.999284  0.033830  -0.999424  -0.002822  0.999825  0.017847  0.005602  -0.017811  0.999821  -0.006406  -0.005716  0.006305  0.999964  1.000000  0.000223  0.000071  -0.000223  1.000000  -0.000079  -0.000071  0.000079  1.000000  0.998720  0.033699  0.037729  -0.037612  -0.004095  0.999284  0.033830  -0.999424  -0.002822  0.000227  0.019757  
76.800295 0.009003  0.097301  0.006527  0.963214  0.267357  -0.027188  0.017650  0.038013  0.999121  0.268155  -0.962848  0.031895  0.003590  0.000908  0.004358  -0.248431  -0.331751  0.819325  2.000000  0.998678  0.034616  0.038013  -0.037903  -0.003807  0.999274  0.034735  -0.999393  -0.002490  0.999815  0.018263  0.005978  -0.018224  0.999813  -0.006541  -0.006096  0.006431  0.999961  1.000000  0.000228  0.000075  -0.000228  1.000000  -0.000081  -0.000075  0.000081  1.000000  0.998678  0.034616  0.038013  -0.037903  -0.003807  0.999274  0.034735  -0.999393  -0.002490  0.000229  0.020283  
76.801297 0.009009  0.097306  0.006538  0.962937  0.268397  -0.026735  0.017051  0.038351  0.999119  0.269186  -0.962545  0.032353  0.003842  0.001263  0.005047  -0.258438  -0.337852  0.823828  2.000000  0.998633  0.035541  0.038317  -0.038216  -0.003519  0.999263  0.035650  -0.999362  -0.002156  0.999810  0.018412  0.006361  -0.018370  0.999810  -0.006553  -0.006481  0.006435  0.999958  1.000000  0.000230  0.000080  -0.000230  1.000000  -0.000081  -0.000080  0.000081  1.000000  0.998633  0.035541  0.038317  -0.038216  -0.003519  0.999263  0.035650  -0.999362  -0.002156  0.000231  0.020535  
76.802552 0.009015  0.097311  0.006552  0.962662  0.269440  -0.026143  0.016253  0.038874  0.999112  0.270217  -0.962232  0.033044  0.004068  0.001708  0.005975  -0.274524  -0.337400  0.828914  2.000000  0.998575  0.036714  0.038732  -0.038642  -0.003156  0.999248  0.036809  -0.999321  -0.001733  0.999800  0.018710  0.007134  -0.018663  0.999804  -0.006581  -0.007255  0.006447  0.999953  1.000000  0.000234  0.000090  -0.000234  1.000000  -0.000081  -0.000090  0.000081  1.000000  0.998575  0.036714  0.038732  -0.038642  -0.003156  0.999248  0.036809  -0.999321  -0.001733  0.000234  0.021058  
76.803814 0.009021  0.097316  0.006567  0.962352  0.270623  -0.025319  0.015257  0.039221  0.999114  0.271376  -0.961886  0.033616  0.004262  0.002150  0.006909  -0.282462  -0.349655  0.837498  2.000000  0.998513  0.037889  0.039188  -0.039110  -0.002793  0.999231  0.037969  -0.999278  -0.001307  0.999800  0.018466  0.007726  -0.018416  0.999809  -0.006536  -0.007845  0.006392  0.999949  1.000000  0.000231  0.000097  -0.000231  1.000000  -0.000081  -0.000097  0.000081  1.000000  0.998513  0.037889  0.039188  -0.039110  -0.002793  0.999231  0.037969  -0.999278  -0.001307  0.000237  0.021036  
76.805043 0.009028  0.097322  0.006582  0.962037  0.271798  -0.024701  0.014459  0.039622  0.999110  0.272535  -0.961538  0.034187  0.004459  0.002619  0.007788  -0.290342  -0.352531  0.853790  2.000000  0.998461  0.038840  0.039586  -0.039518  -0.002503  0.999216  0.038909  -0.999242  -0.000964  0.999785  0.019025  0.008291  -0.018970  0.999798  -0.006616  -0.008415  0.006457  0.999944  1.000000  0.000237  0.000104  -0.000237  1.000000  -0.000082  -0.000104  0.000082  1.000000  0.998461  0.038840  0.039586  -0.039518  -0.002503  0.999216  0.038909  -0.999242  -0.000964  0.000241  0.021760  
76.806293 0.009034  0.097328  0.006598  0.961723  0.272982  -0.023880  0.013464  0.039964  0.999110  0.273693  -0.961189  0.034759  0.004691  0.003090  0.008749  -0.298560  -0.364975  0.867870  2.000000  0.998392  0.040050  0.040123  -0.040069  -0.002141  0.999195  0.040103  -0.999195  -0.000532  0.999772  0.019324  0.009064  -0.019264  0.999792  -0.006640  -0.009190  0.006464  0.999937  1.000000  0.000241  0.000114  -0.000241  1.000000  -0.000082  -0.000114  0.000082  1.000000  0.998392  0.040050  0.040123  -0.040069  -0.002141  0.999195  0.040103  -0.999195  -0.000532  0.000246  0.022328  
76.807586 0.009041  0.097333  0.006615  0.961369  0.274295  -0.023064  0.012470  0.040306  0.999110  0.274980  -0.960801  0.035328  0.004897  0.003544  0.009769  -0.300544  -0.379889  0.883311  2.000000  0.998332  0.041047  0.040589  -0.040547  -0.001851  0.999176  0.041089  -0.999155  -0.000184  0.999754  0.019891  0.009826  -0.019826  0.999781  -0.006663  -0.009956  0.006467  0.999930  1.000000  0.000248  0.000124  -0.000248  1.000000  -0.000082  -0.000124  0.000082  1.000000  0.998332  0.041047  0.040589  -0.040547  -0.001851  0.999176  0.041089  -0.999155  -0.000184  0.000251  0.023138  
76.808801 0.009048  0.097339  0.006633  0.961052  0.275485  -0.022073  0.011278  0.040707  0.999107  0.276137  -0.960443  0.036015  0.005091  0.003865  0.010560  -0.303569  -0.412803  0.894568  2.000000  0.998270  0.042068  0.041087  -0.041058  -0.001555  0.999156  0.042096  -0.999114  0.000175  0.999740  0.020319  0.010391  -0.020247  0.999771  -0.006981  -0.010530  0.006769  0.999922  1.000000  0.000254  0.000131  -0.000254  1.000000  -0.000086  -0.000131  0.000086  1.000000  0.998270  0.042068  0.041087  -0.041058  -0.001555  0.999156  0.042096  -0.999114  0.000175  0.000255  0.023837  
76.809815 0.009054  0.097343  0.006647  0.960765  0.276536  -0.021423  0.010483  0.040977  0.999105  0.277166  -0.960130  0.036470  0.005165  0.004036  0.011113  -0.301668  -0.431749  0.908535  2.000000  0.998203  0.043106  0.041624  -0.041608  -0.001259  0.999133  0.043121  -0.999070  0.000537  0.999725  0.020619  0.011163  -0.020543  0.999765  -0.006882  -0.011303  0.006650  0.999914  1.000000  0.000257  0.000140  -0.000257  1.000000  -0.000085  -0.000140  0.000085  1.000000  0.998203  0.043106  0.041624  -0.041608  -0.001259  0.999133  0.043121  -0.999070  0.000537  0.000262  0.024406  
76.810823 0.009059  0.097347  0.006661  0.960515  0.277467  -0.020563  0.009492  0.041186  0.999106  0.278066  -0.959852  0.036926  0.005239  0.004137  0.011577  -0.296058  -0.464259  0.913925  2.000000  0.998151  0.043889  0.042051  -0.042045  -0.001040  0.999115  0.043894  -0.999036  0.000807  0.999713  0.020786  0.011941  -0.020706  0.999763  -0.006781  -0.012079  0.006532  0.999906  1.000000  0.000259  0.000150  -0.000259  1.000000  -0.000083  -0.000150  0.000083  1.000000  0.998151  0.043889  0.042051  -0.042045  -0.001040  0.999115  0.043894  -0.999036  0.000807  0.000265  0.024881  
