1-Time 2-Px 3-Py 4-Pz 5-R11 6-R21 7-R31 8-R12 9-R22 10-R32 11-R13 12-R23 13-R33 14-Vx 15-Vy 16-Vz 17-Wx 18-Wy 19-Wz 20-state 21-PR11 22-PR21 23-PR31 24-PR12 25-PR22 26-PR32 27-PR13 28-PR23 29-PR33 
124.659111 0.008852  0.094024  0.009091  0.987893  0.152925  -0.026096  0.021358  0.032541  0.999242  0.153659  -0.987702  0.028881  -0.000421  0.000104  0.000740  0.044181  0.338066  -0.037152  2.000000  1.000000  0.000000  0.000000  0.000000  -0.000000  1.000000  0.000000  -1.000000  -0.000000  0.999975  -0.000747  -0.007100  0.000754  0.999999  0.000950  0.007100  -0.000956  0.999974  1.000000  -0.000009  -0.000089  0.000009  1.000000  0.000012  0.000089  -0.000012  1.000000  0.661330  0.393679  0.638482  -0.619209  -0.193884  0.760913  0.423347  -0.898569  0.115548  0.000087  0.007203  
124.660121 0.008852  0.094024  0.009092  0.987884  0.152915  -0.026489  0.021765  0.032483  0.999235  0.153659  -0.987705  0.028761  -0.000383  0.000172  0.000829  0.044530  0.340746  -0.037405  2.000000  1.000000  -0.000037  -0.000352  0.000352  -0.000051  1.000000  -0.000037  -1.000000  -0.000051  0.999975  -0.000746  -0.007101  0.000753  0.999999  0.000950  0.007100  -0.000956  0.999974  1.000000  -0.000009  -0.000089  0.000009  1.000000  0.000012  0.000089  -0.000012  1.000000  1.000000  -0.000037  -0.000352  0.000352  -0.000051  1.000000  -0.000037  -1.000000  -0.000051  0.000088  0.007203  
124.661371 0.008853  0.094025  0.009097  0.987889  0.152925  -0.026264  0.021561  0.032331  0.999245  0.153659  -0.987709  0.028642  -0.000257  0.000179  0.001049  0.050739  0.327100  -0.036969  2.000000  1.000000  -0.000077  -0.000784  0.000784  -0.000119  1.000000  -0.000077  -1.000000  -0.000119  0.999977  -0.000599  -0.006698  0.000607  0.999999  0.001136  0.006697  -0.001140  0.999977  1.000000  -0.000008  -0.000084  0.000008  1.000000  0.000014  0.000084  -0.000014  1.000000  1.000000  -0.000077  -0.000784  0.000784  -0.000119  1.000000  -0.000077  -1.000000  -0.000119  0.000085  0.006820  
124.662622 0.008856  0.094025  0.009102  0.987893  0.152938  -0.026021  0.021358  0.032057  0.999258  0.153659  -0.987716  0.028402  -0.000079  0.000227  0.001359  0.058028  0.306726  -0.031791  2.000000  0.999999  -0.000114  -0.001172  0.001172  -0.000192  0.999999  -0.000114  -1.000000  -0.000191  0.999983  -0.000574  -0.005885  0.000581  0.999999  0.001142  0.005884  -0.001145  0.999982  1.000000  -0.000007  -0.000074  0.000007  1.000000  0.000014  0.000074  -0.000014  1.000000  0.999999  -0.000114  -0.001172  0.001172  -0.000192  0.999999  -0.000114  -1.000000  -0.000191  0.000078  0.006022  
124.663871 0.008857  0.094025  0.009108  0.987898  0.152948  -0.025797  0.021155  0.031904  0.999267  0.153659  -0.987719  0.028282  0.000038  0.000169  0.001681  0.061225  0.286243  -0.031136  2.000000  0.999999  -0.000149  -0.001517  0.001517  -0.000274  0.999999  -0.000149  -1.000000  -0.000274  0.999986  -0.000555  -0.005275  0.000562  0.999999  0.001358  0.005274  -0.001361  0.999985  1.000000  -0.000007  -0.000066  0.000007  1.000000  0.000017  0.000066  -0.000017  1.000000  0.999999  -0.000149  -0.001517  0.001517  -0.000274  0.999999  -0.000149  -1.000000  -0.000274  0.000074  0.005476  
124.665122 0.008859  0.094023  0.009113  0.987898  0.152951  -0.025779  0.021155  0.031783  0.999271  0.153659  -0.987723  0.028162  0.000232  0.000081  0.001991  0.063355  0.272581  -0.030690  2.000000  0.999999  -0.000170  -0.001710  0.001709  -0.000326  0.999998  -0.000170  -1.000000  -0.000326  0.999988  -0.000542  -0.004868  0.000549  0.999999  0.001422  0.004868  -0.001424  0.999987  1.000000  0.000000  0.000000  0.000000  1.000000  0.000000  0.000000  0.000000  1.000000  0.999999  -0.000170  -0.001710  0.001709  -0.000326  0.999998  -0.000170  -1.000000  -0.000326  0.000070  0.000000  
124.666372 0.008862  0.094022  0.009120  0.987881  0.153093  -0.025558  0.020951  0.031633  0.999280  0.153791  -0.987705  0.028042  0.000447  0.000004  0.002368  0.066549  0.252356  -0.021055  2.000000  0.999999  -0.000170  -0.001710  0.001709  -0.000326  0.999998  -0.000170  -1.000000  -0.000326  0.999991  -0.000256  -0.004266  0.000263  0.999999  0.001518  0.004266  -0.001519  0.999990  1.000000  0.000000  0.000000  0.000000  1.000000  0.000000  0.000000  0.000000  1.000000  0.999999  -0.000170  -0.001710  0.001709  -0.000326  0.999998  -0.000170  -1.000000  -0.000326  0.000066  0.000000  
124.667614 0.008866  0.094022  0.009127  0.987849  0.153373  -0.025136  0.020543  0.031454  0.999294  0.154055  -0.987668  0.027921  0.000724  -0.000012  0.002792  0.070801  0.225366  -0.011225  2.000000  0.999999  -0.000170  -0.001710  0.001709  -0.000326  0.999998  -0.000170  -1.000000  -0.000326  0.999994  0.000035  -0.003460  -0.000029  0.999999  0.001644  0.003461  -0.001644  0.999993  1.000000  0.000000  0.000000  0.000000  1.000000  0.000000  0.000000  0.000000  1.000000  0.999999  -0.000170  -0.001710  0.001709  -0.000326  0.999998  -0.000170  -1.000000  -0.000326  0.000059  0.000000  
124.668614 0.008869  0.094021  0.009133  0.987841  0.153527  -0.024504  0.019933  0.031241  0.999313  0.154187  -0.987650  0.027801  0.000955  -0.000095  0.003138  0.076118  0.191325  -0.005687  2.000000  0.999999  -0.000170  -0.001710  0.001709  -0.000326  0.999998  -0.000170  -1.000000  -0.000326  0.999996  0.000193  -0.002651  -0.000188  0.999998  0.001893  0.002651  -0.001892  0.999995  1.000000  0.000000  0.000000  0.000000  1.000000  0.000000  0.000000  0.000000  1.000000  0.999999  -0.000170  -0.001710  0.001709  -0.000326  0.999998  -0.000170  -1.000000  -0.000326  0.000055  0.000000  
124.669618 0.008871  0.094021  0.009139  0.987828  0.153672  -0.024096  0.019526  0.031180  0.999323  0.154320  -0.987630  0.027800  0.001156  -0.000122  0.003488  0.000000  0.000000  0.000000  2.000000  0.999999  -0.000170  -0.001710  0.001709  -0.000326  0.999998  -0.000170  -1.000000  -0.000326  0.999999  0.000355  -0.001638  -0.000352  0.999998  0.001930  0.001639  -0.001929  0.999997  1.000000  0.000000  0.000000  0.000000  1.000000  0.000000  0.000000  0.000000  1.000000  0.999999  -0.000170  -0.001710  0.001709  -0.000326  0.999998  -0.000170  -1.000000  -0.000326  0.000000  0.000000  
124.670867 0.008874  0.094021  0.009147  0.987819  0.153827  -0.023464  0.018915  0.030967  0.999341  0.154452  -0.987612  0.027680  0.001370  -0.000158  0.003950  0.000000  0.000000  0.000000  2.000000  0.999999  -0.000170  -0.001710  0.001709  -0.000326  0.999998  -0.000170  -1.000000  -0.000326  0.999999  0.000646  -0.000832  -0.000644  0.999998  0.001935  0.000833  -0.001935  0.999998  1.000000  0.000000  0.000000  0.000000  1.000000  0.000000  0.000000  0.000000  1.000000  0.999999  -0.000170  -0.001710  0.001709  -0.000326  0.999998  -0.000170  -1.000000  -0.000326  0.000000  0.000000  
124.672119 0.008877  0.094022  0.009154  0.987831  0.153848  -0.022828  0.018305  0.030750  0.999359  0.154452  -0.987616  0.027560  0.001615  -0.000118  0.004378  0.000000  0.000000  0.000000  2.000000  0.999999  -0.000170  -0.001710  0.001709  -0.000326  0.999998  -0.000170  -1.000000  -0.000326  1.000000  0.000680  0.000388  -0.000681  0.999998  0.002125  -0.000387  -0.002126  0.999998  1.000000  0.000000  0.000000  0.000000  1.000000  0.000000  0.000000  0.000000  1.000000  0.999999  -0.000170  -0.001710  0.001709  -0.000326  0.999998  -0.000170  -1.000000  -0.000326  0.000000  0.000000  
124.673368 0.008880  0.094022  0.009163  0.987849  0.153883  -0.021780  0.017288  0.030471  0.999386  0.154452  -0.987619  0.027440  0.001798  -0.000111  0.004846  0.000000  0.000000  0.000000  2.000000  0.999999  -0.000170  -0.001710  0.001709  -0.000326  0.999998  -0.000170  -1.000000  -0.000326  0.999998  0.000719  0.001812  -0.000724  0.999997  0.002347  -0.001810  -0.002348  0.999996  1.000000  0.000000  0.000000  0.000000  1.000000  0.000000  0.000000  0.000000  1.000000  0.999999  -0.000170  -0.001710  0.001709  -0.000326  0.999998  -0.000170  -1.000000  -0.000326  0.000000  0.000000  
124.674370 0.008882  0.094023  0.009171  0.987863  0.153908  -0.020957  0.016475  0.030344  0.999404  0.154452  -0.987619  0.027440  0.002008  -0.000062  0.005328  0.000000  0.000000  0.000000  2.000000  0.999999  -0.000170  -0.001710  0.001709  -0.000326  0.999998  -0.000170  -1.000000  -0.000326  0.999996  0.000747  0.002828  -0.000754  0.999997  0.002384  -0.002826  -0.002386  0.999993  1.000000  0.000000  0.000000  0.000000  1.000000  0.000000  0.000000  0.000000  1.000000  0.999999  -0.000170  -0.001710  0.001709  -0.000326  0.999998  -0.000170  -1.000000  -0.000326  0.000000  0.000000  
124.675373 0.008885  0.094024  0.009180  0.987852  0.154061  -0.020325  0.015864  0.030130  0.999420  0.154584  -0.987602  0.027320  0.002186  -0.000049  0.005846  0.000000  0.000000  0.000000  2.000000  0.999999  -0.000170  -0.001710  0.001709  -0.000326  0.999998  -0.000170  -1.000000  -0.000326  0.999992  0.000908  0.003841  -0.000918  0.999996  0.002663  -0.003839  -0.002667  0.999989  1.000000  0.000000  0.000000  0.000000  1.000000  0.000000  0.000000  0.000000  1.000000  0.999999  -0.000170  -0.001710  0.001709  -0.000326  0.999998  -0.000170  -1.000000  -0.000326  0.000000  0.000000  
124.676621 0.008888  0.094024  0.009191  0.987841  0.154212  -0.019712  0.015254  0.030037  0.999432  0.154716  -0.987581  0.027319  0.002279  -0.000028  0.006206  0.000000  0.000000  0.000000  2.000000  0.999999  -0.000158  -0.001646  0.001646  -0.000359  0.999999  -0.000158  -1.000000  -0.000358  0.999987  0.000941  0.005061  -0.000954  0.999996  0.002611  -0.005059  -0.002615  0.999984  1.000000  0.000012  0.000063  -0.000012  1.000000  0.000033  -0.000063  -0.000033  1.000000  0.999999  -0.000158  -0.001646  0.001646  -0.000359  0.999999  -0.000158  -1.000000  -0.000358  0.000000  0.005773  
124.677869 0.008891  0.094025  0.009201  0.987853  0.154236  -0.018889  0.014440  0.029910  0.999448  0.154716  -0.987581  0.027319  0.002340  0.000000  0.006544  0.000000  0.000000  0.000000  2.000000  0.999999  -0.000089  -0.001290  0.001290  -0.000525  0.999999  -0.000090  -1.000000  -0.000525  0.999980  0.001107  0.006278  -0.001124  0.999996  0.002679  -0.006275  -0.002686  0.999977  1.000000  0.000014  0.000078  -0.000014  1.000000  0.000034  -0.000078  -0.000034  1.000000  0.999999  -0.000089  -0.001290  0.001290  -0.000525  0.999999  -0.000090  -1.000000  -0.000525  0.000000  0.006916  
124.679121 0.008893  0.094025  0.009211  0.987868  0.154267  -0.017860  0.013423  0.029751  0.999467  0.154716  -0.987581  0.027319  0.002406  0.000027  0.006818  0.000000  0.000000  0.000000  2.000000  1.000000  -0.000013  -0.000849  0.000849  -0.000697  0.999999  -0.000013  -1.000000  -0.000697  0.999970  0.001279  0.007698  -0.001300  0.999995  0.002778  -0.007694  -0.002788  0.999967  1.000000  0.000016  0.000096  -0.000016  1.000000  0.000035  -0.000096  -0.000035  1.000000  1.000000  -0.000013  -0.000849  0.000849  -0.000697  0.999999  -0.000013  -1.000000  -0.000697  0.000000  0.008285  
124.680121 0.008896  0.094024  0.009219  0.987858  0.154426  -0.017022  0.012610  0.029504  0.999485  0.154848  -0.987564  0.027199  0.002435  0.000030  0.007059  0.119552  -0.190246  0.041474  2.000000  1.000000  0.000058  -0.000434  0.000434  -0.000843  1.000000  0.000058  -1.000000  -0.000843  0.999961  0.001439  0.008711  -0.001464  0.999995  0.002936  -0.008707  -0.002949  0.999958  1.000000  0.000018  0.000109  -0.000018  1.000000  0.000037  -0.000109  -0.000037  1.000000  1.000000  0.000058  -0.000434  0.000434  -0.000843  1.000000  0.000058  -1.000000  -0.000843  0.000054  0.009306  
124.681371 0.008899  0.094022  0.009229  0.987870  0.154456  -0.015993  0.011593  0.029345  0.999502  0.154848  -0.987564  0.027199  0.002491  -0.000042  0.007275  0.122950  -0.238073  0.042841  2.000000  1.000000  0.000150  0.000161  -0.000161  -0.001030  0.999999  0.000150  -0.999999  -0.001030  0.999950  0.001470  0.009931  -0.001500  0.999994  0.003004  -0.009927  -0.003019  0.999946  1.000000  0.000019  0.000124  -0.000019  1.000000  0.000038  -0.000124  -0.000038  1.000000  1.000000  0.000150  0.000161  -0.000161  -0.001030  0.999999  0.000150  -0.999999  -0.001030  0.000065  0.010481  
124.682654 0.008903  0.094020  0.009239  0.987859  0.154612  -0.015173  0.010779  0.029220  0.999515  0.154981  -0.987543  0.027198  0.002457  -0.000167  0.007435  0.121086  -0.278622  0.048427  2.000000  1.000000  0.000248  0.000804  -0.000804  -0.001217  0.999999  0.000249  -0.999999  -0.001217  0.999945  0.001615  0.010334  -0.001645  0.999994  0.002946  -0.010329  -0.002963  0.999942  1.000000  0.000020  0.000129  -0.000020  1.000000  0.000037  -0.000129  -0.000037  1.000000  1.000000  0.000248  0.000804  -0.000804  -0.001217  0.999999  0.000249  -0.999999  -0.001217  0.000076  0.010869  
124.683869 0.008907  0.094017  0.009249  0.987846  0.154770  -0.014335  0.009965  0.028972  0.999531  0.155113  -0.987526  0.027078  0.002513  -0.000302  0.007632  0.127659  -0.319818  0.054116  2.000000  0.999999  0.000330  0.001349  -0.001349  -0.001370  0.999998  0.000332  -0.999999  -0.001369  0.999937  0.001634  0.011148  -0.001669  0.999994  0.003072  -0.011143  -0.003091  0.999933  1.000000  0.000021  0.000139  -0.000021  1.000000  0.000039  -0.000139  -0.000039  1.000000  0.999999  0.000330  0.001349  -0.001349  -0.001370  0.999998  0.000332  -0.999999  -0.001369  0.000087  0.011681  
124.684871 0.008910  0.094015  0.009256  0.987854  0.154794  -0.013512  0.009152  0.028845  0.999542  0.155113  -0.987526  0.027078  0.002587  -0.000394  0.007739  0.129999  -0.360830  0.055268  2.000000  0.999998  0.000420  0.001921  -0.001921  -0.001522  0.999997  0.000423  -0.999999  -0.001521  0.999929  0.001784  0.011754  -0.001820  0.999994  0.003046  -0.011748  -0.003067  0.999926  1.000000  0.000023  0.000147  -0.000023  1.000000  0.000038  -0.000147  -0.000038  1.000000  0.999998  0.000420  0.001921  -0.001921  -0.001522  0.999997  0.000423  -0.999999  -0.001521  0.000096  0.012275  
124.686119 0.008915  0.094011  0.009265  0.987841  0.154951  -0.012674  0.008338  0.028597  0.999556  0.155245  -0.987508  0.026958  0.002662  -0.000681  0.007789  0.136433  -0.401686  0.060880  2.000000  0.999996  0.000539  0.002684  -0.002683  -0.001714  0.999995  0.000544  -0.999998  -0.001713  0.999919  0.001937  0.012564  -0.001977  0.999993  0.003172  -0.012558  -0.003197  0.999916  1.000000  0.000024  0.000157  -0.000024  1.000000  0.000040  -0.000157  -0.000040  1.000000  0.999996  0.000539  0.002684  -0.002683  -0.001714  0.999995  0.000544  -0.999998  -0.001713  0.000106  0.013105  
124.687119 0.008918  0.094007  0.009271  0.987825  0.155101  -0.012060  0.007728  0.028503  0.999564  0.155377  -0.987487  0.026957  0.002785  -0.000981  0.007826  0.137735  -0.435731  0.066319  2.000000  0.999994  0.000635  0.003320  -0.003318  -0.001869  0.999993  0.000642  -0.999998  -0.001867  0.999914  0.001947  0.012970  -0.001987  0.999993  0.003116  -0.012964  -0.003141  0.999911  1.000000  0.000025  0.000162  -0.000025  1.000000  0.000039  -0.000162  -0.000039  1.000000  0.999994  0.000635  0.003320  -0.003318  -0.001869  0.999993  0.000642  -0.999998  -0.001867  0.000114  0.013484  
124.688367 0.008922  0.094002  0.009277  0.987831  0.155126  -0.011218  0.006915  0.028254  0.999577  0.155377  -0.987491  0.026837  0.002860  -0.001353  0.007625  0.142979  -0.472840  0.071348  2.000000  0.999991  0.000744  0.004138  -0.004137  -0.002063  0.999989  0.000753  -0.999998  -0.002060  0.999912  0.001683  0.013181  -0.001725  0.999994  0.003151  -0.013175  -0.003173  0.999908  1.000000  0.000021  0.000165  -0.000021  1.000000  0.000040  -0.000165  -0.000040  1.000000  0.999991  0.000744  0.004138  -0.004137  -0.002063  0.999989  0.000753  -0.999998  -0.002060  0.000123  0.013659  
124.689367 0.008926  0.093997  0.009282  0.987835  0.155145  -0.010582  0.006304  0.028037  0.999587  0.155377  -0.987494  0.026717  0.002895  -0.001743  0.007375  0.148293  -0.506778  0.072248  2.000000  0.999988  0.000821  0.004800  -0.004798  -0.002218  0.999986  0.000831  -0.999997  -0.002214  0.999909  0.001421  0.013391  -0.001462  0.999994  0.003065  -0.013386  -0.003084  0.999906  1.000000  0.000018  0.000167  -0.000018  1.000000  0.000038  -0.000167  -0.000038  1.000000  0.999988  0.000821  0.004800  -0.004798  -0.002218  0.999986  0.000831  -0.999997  -0.002214  0.000132  0.013813  
124.690622 0.008930  0.093991  0.009286  0.987818  0.155295  -0.009949  0.005694  0.027820  0.999597  0.155509  -0.987476  0.026597  0.002948  -0.002220  0.006925  0.153816  -0.538130  0.078036  2.000000  0.999985  0.000893  0.005472  -0.005470  -0.002377  0.999982  0.000906  -0.999997  -0.002372  0.999909  0.001553  0.013387  -0.001594  0.999994  0.003065  -0.013382  -0.003086  0.999906  1.000000  0.000020  0.000167  -0.000020  1.000000  0.000038  -0.000167  -0.000038  1.000000  0.999985  0.000893  0.005472  -0.005470  -0.002377  0.999982  0.000906  -0.999997  -0.002372  0.000138  0.013824  
124.691625 0.008932  0.093985  0.009288  0.987821  0.155312  -0.009332  0.005084  0.027724  0.999603  0.155509  -0.987476  0.026597  0.002970  -0.002682  0.006441  0.150625  -0.547246  0.077737  2.000000  0.999981  0.000968  0.006152  -0.006149  -0.002538  0.999978  0.000984  -0.999996  -0.002532  0.999907  0.001422  0.013594  -0.001466  0.999994  0.003219  -0.013589  -0.003239  0.999902  1.000000  0.000018  0.000170  -0.000018  1.000000  0.000040  -0.000170  -0.000040  1.000000  0.999981  0.000968  0.006152  -0.006149  -0.002538  0.999978  0.000984  -0.999996  -0.002532  0.000142  0.014045  
124.692873 0.008937  0.093978  0.009289  0.987803  0.155463  -0.008699  0.004474  0.027508  0.999612  0.155642  -0.987459  0.026477  0.003089  -0.003190  0.005862  0.152968  -0.558450  0.082993  2.000000  0.999975  0.001059  0.007001  -0.006998  -0.002739  0.999972  0.001078  -0.999996  -0.002732  0.999906  0.001554  0.013591  -0.001598  0.999994  0.003219  -0.013586  -0.003241  0.999902  1.000000  0.000020  0.000170  -0.000020  1.000000  0.000040  -0.000170  -0.000040  1.000000  0.999975  0.001059  0.007001  -0.006998  -0.002739  0.999972  0.001078  -0.999996  -0.002732  0.000145  0.014056  
124.694123 0.008941  0.093972  0.009292  0.987805  0.155475  -0.008269  0.004067  0.027323  0.999618  0.155642  -0.987462  0.026357  0.003184  -0.003582  0.005329  0.155097  -0.572088  0.083297  2.000000  0.999969  0.001155  0.007836  -0.007832  -0.002934  0.999965  0.001178  -0.999995  -0.002924  0.999912  0.001543  0.013184  -0.001584  0.999994  0.003156  -0.013179  -0.003177  0.999908  1.000000  0.000020  0.000165  -0.000020  1.000000  0.000040  -0.000165  -0.000040  1.000000  0.999969  0.001155  0.007836  -0.007832  -0.002934  0.999965  0.001178  -0.999995  -0.002924  0.000149  0.013647  
124.695126 0.008944  0.093967  0.009294  0.987786  0.155618  -0.007861  0.003660  0.027259  0.999622  0.155774  -0.987441  0.026356  0.003251  -0.003811  0.004919  0.153203  -0.585640  0.088136  2.000000  0.999963  0.001237  0.008479  -0.008476  -0.003090  0.999959  0.001263  -0.999994  -0.003080  0.999917  0.001666  0.012774  -0.001706  0.999994  0.003093  -0.012769  -0.003114  0.999914  1.000000  0.000021  0.000160  -0.000021  1.000000  0.000039  -0.000160  -0.000039  1.000000  0.999963  0.001237  0.008479  -0.008476  -0.003090  0.999959  0.001263  -0.999994  -0.003080  0.000153  0.013251  
124.696372 0.008948  0.093962  0.009297  0.987787  0.155629  -0.007449  0.003254  0.027195  0.999625  0.155774  -0.987441  0.026356  0.003284  -0.004051  0.004479  0.150478  -0.590877  0.079785  2.000000  0.999956  0.001331  0.009253  -0.009248  -0.003273  0.999952  0.001362  -0.999994  -0.003261  0.999922  0.001523  0.012371  -0.001559  0.999995  0.002910  -0.012366  -0.002929  0.999919  1.000000  0.000019  0.000155  -0.000019  1.000000  0.000036  -0.000155  -0.000036  1.000000  0.999956  0.001331  0.009253  -0.009248  -0.003273  0.999952  0.001362  -0.999994  -0.003261  0.000154  0.012802  
124.697622 0.008952  0.093957  0.009301  0.987767  0.155768  -0.007228  0.003050  0.027042  0.999630  0.155906  -0.987423  0.026236  0.003300  -0.004223  0.004154  0.148212  -0.579043  0.078852  2.000000  0.999949  0.001424  0.010001  -0.009996  -0.003454  0.999944  0.001458  -0.999993  -0.003440  0.999930  0.001506  0.011761  -0.001541  0.999994  0.002937  -0.011756  -0.002955  0.999927  1.000000  0.000019  0.000147  -0.000019  1.000000  0.000037  -0.000147  -0.000037  1.000000  0.999949  0.001424  0.010001  -0.009996  -0.003454  0.999944  0.001458  -0.999993  -0.003440  0.000151  0.012217  
124.698868 0.008957  0.093952  0.009305  0.987768  0.155779  -0.006816  0.002644  0.026978  0.999633  0.155906  -0.987423  0.026236  0.003324  -0.004364  0.003737  0.143165  -0.572551  0.069652  2.000000  0.999943  0.001498  0.010576  -0.010571  -0.003600  0.999938  0.001536  -0.999992  -0.003584  0.999934  0.001496  0.011354  -0.001529  0.999995  0.002874  -0.011350  -0.002891  0.999931  1.000000  0.000019  0.000142  -0.000019  1.000000  0.000036  -0.000142  -0.000036  1.000000  0.999943  0.001498  0.010576  -0.010571  -0.003600  0.999938  0.001536  -0.999992  -0.003584  0.000149  0.011809  
124.700118 0.008960  0.093946  0.009309  0.987769  0.155784  -0.006629  0.002440  0.027067  0.999631  0.155906  -0.987420  0.026356  0.003263  -0.004563  0.003345  0.132851  -0.558828  0.069271  2.000000  0.999935  0.001588  0.011263  -0.011257  -0.003775  0.999930  0.001631  -0.999992  -0.003757  0.999941  0.001348  0.010747  -0.001376  0.999996  0.002537  -0.010744  -0.002552  0.999939  1.000000  0.000017  0.000134  -0.000017  1.000000  0.000032  -0.000134  -0.000032  1.000000  0.999935  0.001588  0.011263  -0.011257  -0.003775  0.999930  0.001631  -0.999992  -0.003757  0.000145  0.011127  
124.701367 0.008963  0.093941  0.009313  0.987769  0.155784  -0.006629  0.002440  0.027067  0.999631  0.155906  -0.987420  0.026356  0.003201  -0.004635  0.003063  0.125608  -0.538524  0.064191  2.000000  0.999928  0.001671  0.011897  -0.011890  -0.003929  0.999922  0.001717  -0.999991  -0.003909  0.999952  0.001323  0.009731  -0.001346  0.999996  0.002378  -0.009727  -0.002391  0.999950  1.000000  0.000017  0.000122  -0.000017  1.000000  0.000030  -0.000122  -0.000030  1.000000  0.999928  0.001671  0.011897  -0.011890  -0.003929  0.999922  0.001717  -0.999991  -0.003909  0.000140  0.010106  
124.702368 0.008966  0.093936  0.009316  0.987749  0.155922  -0.006427  0.002237  0.027035  0.999632  0.156038  -0.987399  0.026355  0.003105  -0.004657  0.002926  0.119498  -0.527178  0.067903  2.000000  0.999922  0.001737  0.012363  -0.012356  -0.004046  0.999915  0.001787  -0.999990  -0.004024  0.999957  0.001441  0.009117  -0.001462  0.999996  0.002282  -0.009114  -0.002296  0.999956  1.000000  0.000018  0.000114  -0.000018  1.000000  0.000029  -0.000114  -0.000029  1.000000  0.999922  0.001737  0.012363  -0.012356  -0.004046  0.999915  0.001787  -0.999990  -0.004024  0.000138  0.009510  
124.703617 0.008969  0.093932  0.009320  0.987728  0.156053  -0.006450  0.002237  0.027157  0.999629  0.156170  -0.987375  0.026475  0.003070  -0.004575  0.002777  0.110167  -0.493190  0.071473  2.000000  0.999915  0.001817  0.012900  -0.012892  -0.004183  0.999908  0.001871  -0.999990  -0.004159  0.999966  0.001282  0.008104  -0.001298  0.999997  0.002003  -0.008101  -0.002014  0.999965  1.000000  0.000016  0.000101  -0.000016  1.000000  0.000025  -0.000101  -0.000025  1.000000  0.999915  0.001817  0.012900  -0.012892  -0.004183  0.999908  0.001871  -0.999990  -0.004159  0.000129  0.008447  
124.704618 0.008972  0.093929  0.009323  0.987728  0.156053  -0.006450  0.002237  0.027157  0.999629  0.156170  -0.987375  0.026475  0.003065  -0.004455  0.002719  0.102749  -0.470128  0.066804  2.000000  0.999910  0.001883  0.013285  -0.013277  -0.004275  0.999903  0.001940  -0.999989  -0.004250  0.999971  0.001267  0.007494  -0.001281  0.999998  0.001787  -0.007491  -0.001797  0.999970  1.000000  0.000016  0.000094  -0.000016  1.000000  0.000022  -0.000094  -0.000022  1.000000  0.999910  0.001883  0.013285  -0.013277  -0.004275  0.999903  0.001940  -0.999989  -0.004250  0.000123  0.007809  
124.705868 0.008976  0.093923  0.009327  0.987707  0.156185  -0.006453  0.002237  0.027157  0.999629  0.156302  -0.987354  0.026474  0.003063  -0.004368  0.002746  0.098719  -0.445729  0.070149  2.000000  0.999904  0.001960  0.013720  -0.013712  -0.004383  0.999896  0.002020  -0.999988  -0.004356  0.999977  0.001246  0.006680  -0.001257  0.999998  0.001661  -0.006678  -0.001669  0.999976  1.000000  0.000016  0.000083  -0.000016  1.000000  0.000021  -0.000083  -0.000021  1.000000  0.999904  0.001960  0.013720  -0.013712  -0.004383  0.999896  0.002020  -0.999988  -0.004356  0.000116  0.006997  
124.707117 0.008979  0.093918  0.009329  0.987707  0.156184  -0.006472  0.002237  0.027278  0.999625  0.156302  -0.987351  0.026594  0.003013  -0.004296  0.002701  0.090429  -0.418699  0.064972  2.000000  0.999900  0.002021  0.014031  -0.014022  -0.004455  0.999892  0.002083  -0.999988  -0.004426  0.999981  0.001231  0.006070  -0.001239  0.999998  0.001322  -0.006069  -0.001330  0.999981  1.000000  0.000015  0.000076  -0.000015  1.000000  0.000017  -0.000076  -0.000017  1.000000  0.999900  0.002021  0.014031  -0.014022  -0.004455  0.999892  0.002083  -0.999988  -0.004426  0.000110  0.006334  
124.708136 0.008983  0.093915  0.009332  0.987686  0.156316  -0.006476  0.002237  0.027279  0.999625  0.156434  -0.987330  0.026593  0.003011  -0.004129  0.002833  0.086869  -0.394566  0.069234  2.000000  0.999895  0.002080  0.014310  -0.014300  -0.004518  0.999888  0.002144  -0.999988  -0.004487  0.999985  0.001210  0.005257  -0.001216  0.999999  0.001195  -0.005255  -0.001202  0.999985  1.000000  0.000015  0.000066  -0.000015  1.000000  0.000015  -0.000066  -0.000015  1.000000  0.999895  0.002080  0.014310  -0.014300  -0.004518  0.999888  0.002144  -0.999988  -0.004487  0.000105  0.005526  
124.709368 0.008988  0.093912  0.009335  0.987685  0.156311  -0.006681  0.002440  0.027311  0.999624  0.156434  -0.987330  0.026593  0.003056  -0.003895  0.002886  0.076858  -0.357843  0.063310  2.000000  0.999894  0.002110  0.014439  -0.014429  -0.004546  0.999886  0.002175  -0.999987  -0.004515  0.999989  0.001189  0.004444  -0.001193  0.999999  0.000946  -0.004443  -0.000951  0.999990  1.000000  0.000000  0.000000  0.000000  1.000000  0.000000  0.000000  0.000000  1.000000  0.999894  0.002110  0.014439  -0.014429  -0.004546  0.999886  0.002175  -0.999987  -0.004515  0.000095  0.000000  
124.710624 0.008992  0.093909  0.009339  0.987664  0.156442  -0.006704  0.002440  0.027433  0.999621  0.156567  -0.987306  0.026712  0.003091  -0.003719  0.002974  0.066945  -0.319532  0.067206  2.000000  0.999894  0.002110  0.014439  -0.014429  -0.004546  0.999886  0.002175  -0.999987  -0.004515  0.999993  0.001302  0.003627  -0.001304  0.999999  0.000576  -0.003626  -0.000580  0.999993  1.000000  0.000000  0.000000  0.000000  1.000000  0.000000  0.000000  0.000000  1.000000  0.999894  0.002110  0.014439  -0.014429  -0.004546  0.999886  0.002175  -0.999987  -0.004515  0.000086  0.000000  
124.711873 0.008997  0.093906  0.009343  0.987643  0.156574  -0.006708  0.002440  0.027433  0.999621  0.156699  -0.987285  0.026712  0.003175  -0.003575  0.002959  0.061607  -0.285408  0.066283  2.000000  0.999894  0.002110  0.014439  -0.014429  -0.004546  0.999886  0.002175  -0.999987  -0.004515  0.999995  0.001286  0.003017  -0.001287  0.999999  0.000359  -0.003016  -0.000363  0.999995  1.000000  0.000000  0.000000  0.000000  1.000000  0.000000  0.000000  0.000000  1.000000  0.999894  0.002110  0.014439  -0.014429  -0.004546  0.999886  0.002175  -0.999987  -0.004515  0.000078  0.000000  
124.713118 0.009002  0.093903  0.009347  0.987622  0.156700  -0.006936  0.002643  0.027587  0.999616  0.156831  -0.987261  0.026831  0.003191  -0.003483  0.002971  0.048746  -0.255801  0.069450  2.000000  0.999894  0.002110  0.014439  -0.014429  -0.004546  0.999886  0.002175  -0.999987  -0.004515  0.999997  0.001392  0.001997  -0.001392  0.999999  0.000078  -0.001997  -0.000080  0.999998  1.000000  0.000000  0.000000  0.000000  1.000000  0.000000  0.000000  0.000000  1.000000  0.999894  0.002110  0.014439  -0.014429  -0.004546  0.999886  0.002175  -0.999987  -0.004515  0.000068  0.000000  
124.714118 0.009006  0.093900  0.009350  0.987601  0.156832  -0.006940  0.002643  0.027587  0.999616  0.156963  -0.987240  0.026830  0.003274  -0.003325  0.002969  0.044864  -0.230577  0.069277  2.000000  0.999894  0.002110  0.014439  -0.014429  -0.004546  0.999886  0.002175  -0.999987  -0.004515  0.999998  0.001381  0.001590  -0.001381  0.999999  -0.000108  -0.001590  0.000105  0.999999  1.000000  0.000000  0.000000  0.000000  1.000000  0.000000  0.000000  0.000000  1.000000  0.999894  0.002110  0.014439  -0.014429  -0.004546  0.999886  0.002175  -0.999987  -0.004515  0.000063  0.000000  
124.715122 0.009010  0.093898  0.009354  0.987579  0.156957  -0.007168  0.002846  0.027741  0.999611  0.157095  -0.987216  0.026950  0.003336  -0.003143  0.002970  0.036489  -0.203203  0.068531  2.000000  0.999894  0.002110  0.014439  -0.014429  -0.004546  0.999886  0.002175  -0.999987  -0.004515  0.999999  0.001365  0.000980  -0.001365  0.999999  -0.000446  -0.000981  0.000445  0.999999  1.000000  0.000000  0.000000  0.000000  1.000000  0.000000  0.000000  0.000000  1.000000  0.999894  0.002110  0.014439  -0.014429  -0.004546  0.999886  0.002175  -0.999987  -0.004515  0.000056  0.000000  
124.716122 0.009014  0.093897  0.009358  0.987558  0.157089  -0.007172  0.002846  0.027741  0.999611  0.157227  -0.987195  0.026949  0.003434  -0.002991  0.003080  0.029188  -0.182617  0.072464  2.000000  0.999894  0.002110  0.014439  -0.014429  -0.004546  0.999886  0.002175  -0.999987  -0.004515  0.999999  0.001493  0.000773  -0.001493  0.999999  -0.000478  -0.000774  0.000477  1.000000  1.000000  0.000000  0.000000  0.000000  1.000000  0.000000  0.000000  0.000000  1.000000  0.999894  0.002110  0.014439  -0.014429  -0.004546  0.999886  0.002175  -0.999987  -0.004515  0.000050  0.000000  
124.717368 0.009019  0.093895  0.009365  0.987537  0.157214  -0.007419  0.003050  0.028017  0.999603  0.157359  -0.987167  0.027188  0.003572  -0.002750  0.003256  0.000000  0.000000  0.000000  2.000000  0.999894  0.002110  0.014439  -0.014429  -0.004546  0.999886  0.002175  -0.999987  -0.004515  0.999999  0.001611  0.000159  -0.001610  0.999998  -0.000696  -0.000160  0.000695  1.000000  1.000000  0.000000  0.000000  0.000000  1.000000  0.000000  0.000000  0.000000  1.000000  0.999894  0.002110  0.014439  -0.014429  -0.004546  0.999886  0.002175  -0.999987  -0.004515  0.000000  0.000000  
124.718620 0.009024  0.093895  0.009373  0.987516  0.157345  -0.007442  0.003050  0.028138  0.999599  0.157492  -0.987143  0.027307  0.003650  -0.002463  0.003508  0.000000  0.000000  0.000000  2.000000  0.999894  0.002110  0.014439  -0.014429  -0.004546  0.999886  0.002175  -0.999987  -0.004515  0.999999  0.001599  -0.000247  -0.001600  0.999998  -0.001002  0.000246  0.001003  0.999999  1.000000  0.000000  0.000000  0.000000  1.000000  0.000000  0.000000  0.000000  1.000000  0.999894  0.002110  0.014439  -0.014429  -0.004546  0.999886  0.002175  -0.999987  -0.004515  0.000000  0.000000  
124.719621 0.009029  0.093895  0.009380  0.987494  0.157471  -0.007670  0.003253  0.028292  0.999594  0.157624  -0.987118  0.027426  0.003774  -0.002198  0.003811  0.000000  0.000000  0.000000  2.000000  0.999894  0.002110  0.014439  -0.014429  -0.004546  0.999886  0.002175  -0.999987  -0.004515  0.999998  0.001727  -0.000455  -0.001728  0.999998  -0.001156  0.000453  0.001157  0.999999  1.000000  0.000000  0.000000  0.000000  1.000000  0.000000  0.000000  0.000000  1.000000  0.999894  0.002110  0.014439  -0.014429  -0.004546  0.999886  0.002175  -0.999987  -0.004515  0.000000  0.000000  
124.720866 0.009034  0.093896  0.009391  0.987473  0.157602  -0.007693  0.003253  0.028414  0.999591  0.157756  -0.987094  0.027545  0.003877  -0.001839  0.004263  0.000000  0.000000  0.000000  2.000000  0.999894  0.002110  0.014439  -0.014429  -0.004546  0.999886  0.002175  -0.999987  -0.004515  0.999998  0.001850  -0.000865  -0.001851  0.999997  -0.001341  0.000863  0.001343  0.999999  1.000000  0.000000  0.000000  0.000000  1.000000  0.000000  0.000000  0.000000  1.000000  0.999894  0.002110  0.014439  -0.014429  -0.004546  0.999886  0.002175  -0.999987  -0.004515  0.000000  0.000000  
124.721872 0.009038  0.093897  0.009399  0.987451  0.157726  -0.007941  0.003456  0.028689  0.999582  0.157888  -0.987066  0.027784  0.003995  -0.001426  0.004716  0.000000  0.000000  0.000000  2.000000  0.999894  0.002110  0.014439  -0.014429  -0.004546  0.999886  0.002175  -0.999987  -0.004515  0.999998  0.001844  -0.001069  -0.001845  0.999997  -0.001495  0.001066  0.001497  0.999998  1.000000  0.000000  0.000000  0.000000  1.000000  0.000000  0.000000  0.000000  1.000000  0.999894  0.002110  0.014439  -0.014429  -0.004546  0.999886  0.002175  -0.999987  -0.004515  0.000000  0.000000  
124.723116 0.009044  0.093899  0.009409  0.987450  0.157719  -0.008166  0.003659  0.028843  0.999577  0.157888  -0.987063  0.027904  0.004092  -0.001056  0.005148  0.000000  0.000000  0.000000  2.000000  0.999894  0.002110  0.014439  -0.014429  -0.004546  0.999886  0.002175  -0.999987  -0.004515  0.999997  0.001832  -0.001476  -0.001835  0.999997  -0.001802  0.001472  0.001804  0.999997  1.000000  0.000000  0.000000  0.000000  1.000000  0.000000  0.000000  0.000000  1.000000  0.999894  0.002110  0.014439  -0.014429  -0.004546  0.999886  0.002175  -0.999987  -0.004515  0.000000  0.000000  
124.724121 0.009049  0.093901  0.009418  0.987429  0.157850  -0.008189  0.003659  0.028965  0.999574  0.158020  -0.987038  0.028023  0.004163  -0.000740  0.005592  0.000000  0.000000  0.000000  2.000000  0.999894  0.002110  0.014439  -0.014429  -0.004546  0.999886  0.002175  -0.999987  -0.004515  0.999997  0.001832  -0.001476  -0.001835  0.999997  -0.001802  0.001473  0.001805  0.999997  1.000000  0.000000  0.000000  0.000000  1.000000  0.000000  0.000000  0.000000  1.000000  0.999894  0.002110  0.014439  -0.014429  -0.004546  0.999886  0.002175  -0.999987  -0.004515  0.000000  0.000000  
124.725131 0.009054  0.093903  0.009425  0.987407  0.157974  -0.008437  0.003862  0.029240  0.999565  0.158152  -0.987010  0.028262  0.004208  -0.000443  0.005903  0.000000  0.000000  0.000000  2.000000  0.999894  0.002110  0.014439  -0.014429  -0.004546  0.999886  0.002175  -0.999987  -0.004515  0.999997  0.001826  -0.001680  -0.001829  0.999996  -0.002077  0.001676  0.002080  0.999996  1.000000  0.000000  0.000000  0.000000  1.000000  0.000000  0.000000  0.000000  1.000000  0.999894  0.002110  0.014439  -0.014429  -0.004546  0.999886  0.002175  -0.999987  -0.004515  0.000000  0.000000  
124.726371 0.009059  0.093905  0.009435  0.987407  0.157972  -0.008475  0.003862  0.029483  0.999558  0.158152  -0.987003  0.028501  0.004256  -0.000154  0.006237  0.000000  0.000000  0.000000  2.000000  0.999894  0.002110  0.014439  -0.014429  -0.004546  0.999886  0.002175  -0.999987  -0.004515  0.999997  0.001825  -0.001680  -0.001829  0.999996  -0.002198  0.001676  0.002201  0.999996  1.000000  0.000000  0.000000  0.000000  1.000000  0.000000  0.000000  0.000000  1.000000  0.999894  0.002110  0.014439  -0.014429  -0.004546  0.999886  0.002175  -0.999987  -0.004515  0.000000  0.000000  
124.727373 0.009064  0.093907  0.009443  0.987385  0.158097  -0.008704  0.004066  0.029637  0.999552  0.158284  -0.986979  0.028621  0.004325  0.000193  0.006557  0.000000  0.000000  0.000000  2.000000  0.999894  0.002110  0.014439  -0.014429  -0.004546  0.999886  0.002175  -0.999987  -0.004515  0.999996  0.001953  -0.001887  -0.001957  0.999995  -0.002352  0.001883  0.002355  0.999995  1.000000  0.000000  0.000000  0.000000  1.000000  0.000000  0.000000  0.000000  1.000000  0.999894  0.002110  0.014439  -0.014429  -0.004546  0.999886  0.002175  -0.999987  -0.004515  0.000000  0.000000  
124.728621 0.009070  0.093910  0.009452  0.987385  0.158095  -0.008742  0.004066  0.029880  0.999545  0.158284  -0.986972  0.028860  0.004400  0.000599  0.006960  0.000000  0.000000  0.000000  2.000000  0.999894  0.002110  0.014439  -0.014429  -0.004546  0.999886  0.002175  -0.999987  -0.004515  0.999997  0.001819  -0.001884  -0.001824  0.999995  -0.002594  0.001879  0.002598  0.999995  1.000000  0.000000  0.000000  0.000000  1.000000  0.000000  0.000000  0.000000  1.000000  0.999894  0.002110  0.014439  -0.014429  -0.004546  0.999886  0.002175  -0.999987  -0.004515  0.000000  0.000000  
124.729622 0.009075  0.093912  0.009459  0.987363  0.158220  -0.008971  0.004269  0.030034  0.999540  0.158416  -0.986947  0.028979  0.004485  0.000859  0.007224  0.000000  0.000000  0.000000  2.000000  0.999894  0.002110  0.014439  -0.014429  -0.004546  0.999886  0.002175  -0.999987  -0.004515  0.999996  0.001952  -0.001888  -0.001957  0.999994  -0.002716  0.001883  0.002719  0.999995  1.000000  0.000000  0.000000  0.000000  1.000000  0.000000  0.000000  0.000000  1.000000  0.999894  0.002110  0.014439  -0.014429  -0.004546  0.999886  0.002175  -0.999987  -0.004515  0.000000  0.000000  
124.730626 0.009080  0.093914  0.009467  0.987363  0.158218  -0.009009  0.004269  0.030276  0.999532  0.158416  -0.986940  0.029218  0.004533  0.001114  0.007453  0.000000  0.000000  0.000000  2.000000  0.999894  0.002110  0.014439  -0.014429  -0.004546  0.999886  0.002175  -0.999987  -0.004515  0.999997  0.001818  -0.001884  -0.001823  0.999995  -0.002716  0.001879  0.002719  0.999995  1.000000  0.000000  0.000000  0.000000  1.000000  0.000000  0.000000  0.000000  1.000000  0.999894  0.002110  0.014439  -0.014429  -0.004546  0.999886  0.002175  -0.999987  -0.004515  0.000000  0.000000  
124.731871 0.009086  0.093915  0.009477  0.987341  0.158342  -0.009238  0.004472  0.030431  0.999527  0.158549  -0.986915  0.029338  0.004654  0.001364  0.007661  0.000000  0.000000  0.000000  2.000000  0.999894  0.002110  0.014439  -0.014429  -0.004546  0.999886  0.002175  -0.999987  -0.004515  0.999996  0.001812  -0.002088  -0.001818  0.999994  -0.002991  0.002083  0.002995  0.999993  1.000000  0.000000  0.000000  0.000000  1.000000  0.000000  0.000000  0.000000  1.000000  0.999894  0.002110  0.014439  -0.014429  -0.004546  0.999886  0.002175  -0.999987  -0.004515  0.000000  0.000000  
124.733122 0.009093  0.093918  0.009486  0.987341  0.158340  -0.009277  0.004472  0.030673  0.999519  0.158549  -0.986908  0.029577  0.004734  0.001508  0.007748  0.000000  0.000000  0.000000  2.000000  0.999894  0.002110  0.014439  -0.014429  -0.004546  0.999886  0.002175  -0.999987  -0.004515  0.999997  0.001684  -0.001881  -0.001690  0.999993  -0.003202  0.001876  0.003205  0.999993  1.000000  0.000000  0.000000  0.000000  1.000000  0.000000  0.000000  0.000000  1.000000  0.999894  0.002110  0.014439  -0.014429  -0.004546  0.999886  0.002175  -0.999987  -0.004515  0.000000  0.000000  
124.734377 0.009099  0.093920  0.009495  0.987320  0.158470  -0.009319  0.004472  0.030916  0.999512  0.158681  -0.986880  0.029816  0.004796  0.001714  0.007816  0.000000  0.000000  0.000000  2.000000  0.999894  0.002110  0.014439  -0.014429  -0.004546  0.999886  0.002175  -0.999987  -0.004515  0.999997  0.001683  -0.001881  -0.001689  0.999993  -0.003202  0.001876  0.003205  0.999993  1.000000  0.000000  0.000000  0.000000  1.000000  0.000000  0.000000  0.000000  1.000000  0.999894  0.002110  0.014439  -0.014429  -0.004546  0.999886  0.002175  -0.999987  -0.004515  0.000000  0.000000  
