1-Time 2-Px 3-Py 4-Pz 5-R11 6-R21 7-R31 8-R12 9-R22 10-R32 11-R13 12-R23 13-R33 14-Vx 15-Vy 16-Vz 17-Wx 18-Wy 19-Wz 20-state 21-PR11 22-PR21 23-PR31 24-PR12 25-PR22 26-PR32 27-PR13 28-PR23 29-PR33 
74.878574 0.007139  0.099279  -0.001304  0.999535  0.030388  -0.002479  -0.030258  0.998667  0.041808  0.003746  -0.041714  0.999123  0.000024  0.000088  0.000098  0.000000  0.000000  0.000000  2.000000  1.000000  0.000000  0.000000  -0.000000  1.000000  0.000000  0.000000  -0.000000  1.000000  1.000000  0.000206  0.000009  -0.000206  1.000000  -0.000242  -0.000009  0.000242  1.000000  1.000000  0.000000  0.000000  0.000000  1.000000  0.000000  0.000000  0.000000  1.000000  0.693051  0.373692  0.616470  -0.360273  0.920246  -0.152807  -0.624407  -0.116195  0.772409  0.000000  0.000000  
74.879581 0.007140  0.099280  -0.001304  0.999529  0.030594  -0.002471  -0.030464  0.998661  0.041809  0.003746  -0.041714  0.999123  0.000053  0.000118  0.000119  0.000000  0.000000  0.000000  2.000000  1.000000  0.000000  0.000000  0.000000  1.000000  0.000000  0.000000  0.000000  1.000000  1.000000  0.000000  0.000000  0.000000  1.000000  -0.000243  0.000000  0.000243  1.000000  1.000000  0.000000  0.000000  0.000000  1.000000  0.000000  0.000000  0.000000  1.000000  1.000000  0.000000  0.000000  0.000000  1.000000  0.000000  0.000000  0.000000  1.000000  0.000000  0.000000  
74.880831 0.007142  0.099281  -0.001304  0.999523  0.030799  -0.002462  -0.030670  0.998655  0.041809  0.003746  -0.041714  0.999123  0.000176  0.000180  0.000128  0.000000  0.000000  0.000000  2.000000  1.000000  0.000000  0.000000  0.000000  1.000000  0.000000  0.000000  0.000000  1.000000  1.000000  0.000206  0.000009  -0.000206  1.000000  -0.000121  -0.000009  0.000121  1.000000  1.000000  0.000000  0.000000  0.000000  1.000000  0.000000  0.000000  0.000000  1.000000  1.000000  0.000000  0.000000  0.000000  1.000000  0.000000  0.000000  0.000000  1.000000  0.000000  0.000000  
74.882081 0.007144  0.099281  -0.001304  0.999523  0.030800  -0.002458  -0.030670  0.998650  0.041930  0.003746  -0.041835  0.999118  0.000325  0.000236  0.000072  0.000000  0.000000  0.000000  2.000000  1.000000  0.000000  0.000000  0.000000  1.000000  0.000000  0.000000  0.000000  1.000000  1.000000  0.000411  0.000017  -0.000411  1.000000  0.000002  -0.000017  -0.000002  1.000000  1.000000  0.000000  0.000000  0.000000  1.000000  0.000000  0.000000  0.000000  1.000000  1.000000  0.000000  0.000000  0.000000  1.000000  0.000000  0.000000  0.000000  1.000000  0.000000  0.000000  
74.883081 0.007145  0.099281  -0.001305  0.999516  0.031006  -0.002446  -0.030876  0.998638  0.042052  0.003746  -0.041956  0.999112  0.000449  0.000221  0.000047  0.000000  0.000000  0.000000  2.000000  1.000000  0.000000  0.000000  0.000000  1.000000  0.000000  0.000000  0.000000  1.000000  1.000000  0.000617  0.000026  -0.000617  1.000000  0.000002  -0.000026  -0.000002  1.000000  1.000000  0.000000  0.000000  0.000000  1.000000  0.000000  0.000000  0.000000  1.000000  1.000000  0.000000  0.000000  0.000000  1.000000  0.000000  0.000000  0.000000  1.000000  0.000000  0.000000  
74.884331 0.007148  0.099281  -0.001305  0.999510  0.031212  -0.002433  -0.031081  0.998627  0.042174  0.003746  -0.042077  0.999107  0.000606  0.000230  0.000011  0.000000  0.000000  0.000000  2.000000  1.000000  0.000000  0.000000  0.000000  1.000000  0.000000  0.000000  0.000000  1.000000  1.000000  0.000617  0.000026  -0.000617  1.000000  0.000124  -0.000026  -0.000124  1.000000  1.000000  0.000000  0.000000  0.000000  1.000000  0.000000  0.000000  0.000000  1.000000  1.000000  0.000000  0.000000  0.000000  1.000000  0.000000  0.000000  0.000000  1.000000  0.000000  0.000000  
74.885586 0.007152  0.099282  -0.001305  0.999503  0.031423  -0.002558  -0.031287  0.998620  0.042178  0.003880  -0.042077  0.999107  0.000863  0.000280  -0.000004  0.000000  0.000000  0.000000  2.000000  1.000000  0.000000  0.000000  0.000000  1.000000  0.000000  0.000000  0.000000  1.000000  0.999999  0.001034  -0.000090  -0.001034  0.999999  0.000247  0.000091  -0.000246  1.000000  1.000000  0.000000  0.000000  0.000000  1.000000  0.000000  0.000000  0.000000  1.000000  1.000000  0.000000  0.000000  0.000000  1.000000  0.000000  0.000000  0.000000  1.000000  0.000000  0.000000  
74.886835 0.007154  0.099283  -0.001306  0.999496  0.031629  -0.002546  -0.031493  0.998608  0.042300  0.003880  -0.042199  0.999102  0.001072  0.000320  -0.000051  0.000000  0.000000  0.000000  2.000000  1.000000  0.000000  0.000000  0.000000  1.000000  0.000000  0.000000  0.000000  1.000000  0.999999  0.001240  -0.000082  -0.001240  0.999999  0.000369  0.000082  -0.000369  1.000000  1.000000  0.000000  0.000000  0.000000  1.000000  0.000000  0.000000  0.000000  1.000000  1.000000  0.000000  0.000000  0.000000  1.000000  0.000000  0.000000  0.000000  1.000000  0.000000  0.000000  
74.888085 0.007157  0.099283  -0.001305  0.999483  0.032040  -0.002524  -0.031904  0.998590  0.042422  0.003880  -0.042320  0.999097  0.001234  0.000313  -0.000044  0.000000  0.000000  0.000000  2.000000  1.000000  0.000000  0.000000  0.000000  1.000000  0.000000  0.000000  0.000000  1.000000  0.999999  0.001651  -0.000064  -0.001651  0.999999  0.000492  0.000065  -0.000491  1.000000  1.000000  0.000000  0.000000  0.000000  1.000000  0.000000  0.000000  0.000000  1.000000  1.000000  0.000000  0.000000  0.000000  1.000000  0.000000  0.000000  0.000000  1.000000  0.000000  0.000000  
74.889337 0.007160  0.099284  -0.001305  0.999470  0.032452  -0.002503  -0.032316  0.998572  0.042544  0.003880  -0.042441  0.999091  0.001416  0.000357  -0.000026  0.000000  0.000000  0.000000  2.000000  1.000000  0.000000  0.000000  0.000000  1.000000  0.000000  0.000000  0.000000  1.000000  0.999998  0.001857  -0.000055  -0.001857  0.999998  0.000614  0.000056  -0.000613  1.000000  1.000000  0.000000  0.000000  0.000000  1.000000  0.000000  0.000000  0.000000  1.000000  1.000000  0.000000  0.000000  0.000000  1.000000  0.000000  0.000000  0.000000  1.000000  0.000000  0.000000  
74.890585 0.007163  0.099286  -0.001304  0.999457  0.032863  -0.002482  -0.032727  0.998553  0.042666  0.003880  -0.042562  0.999086  0.001649  0.000485  0.000025  0.000000  0.000000  0.000000  2.000000  1.000000  0.000000  0.000000  0.000000  1.000000  0.000000  0.000000  0.000000  1.000000  0.999997  0.002268  -0.000038  -0.002268  0.999997  0.000736  0.000039  -0.000736  1.000000  1.000000  0.000000  0.000000  0.000000  1.000000  0.000000  0.000000  0.000000  1.000000  1.000000  0.000000  0.000000  0.000000  1.000000  0.000000  0.000000  0.000000  1.000000  0.000000  0.000000  
74.891586 0.007166  0.099287  -0.001303  0.999450  0.033069  -0.002473  -0.032933  0.998546  0.042667  0.003880  -0.042562  0.999086  0.001801  0.000577  0.000055  0.000000  0.000000  0.000000  2.000000  1.000000  0.000000  0.000000  0.000000  1.000000  0.000000  0.000000  0.000000  1.000000  0.999996  0.002680  -0.000020  -0.002680  0.999996  0.000859  0.000022  -0.000859  1.000000  1.000000  0.000000  0.000000  0.000000  1.000000  0.000000  0.000000  0.000000  1.000000  1.000000  0.000000  0.000000  0.000000  1.000000  0.000000  0.000000  0.000000  1.000000  0.000000  0.000000  
74.892837 0.007169  0.099290  -0.001302  0.999436  0.033480  -0.002451  -0.033345  0.998528  0.042789  0.003880  -0.042683  0.999081  0.002021  0.000707  0.000138  0.000000  0.000000  0.000000  2.000000  1.000000  0.000000  0.000000  0.000000  1.000000  0.000000  0.000000  0.000000  1.000000  0.999995  0.003091  -0.000002  -0.003091  0.999995  0.000982  0.000005  -0.000982  1.000000  1.000000  0.000000  0.000000  0.000000  1.000000  0.000000  0.000000  0.000000  1.000000  1.000000  0.000000  0.000000  0.000000  1.000000  0.000000  0.000000  0.000000  1.000000  0.000000  0.000000  
74.894081 0.007173  0.099293  -0.001301  0.999416  0.034097  -0.002421  -0.033962  0.998501  0.042912  0.003880  -0.042804  0.999076  0.002254  0.000912  0.000223  0.000000  0.000000  0.000000  2.000000  1.000000  0.000000  0.000000  0.000000  1.000000  0.000000  0.000000  0.000000  1.000000  0.999994  0.003502  0.000016  -0.003502  0.999993  0.001105  -0.000012  -0.001105  0.999999  1.000000  0.000000  0.000000  0.000000  1.000000  0.000000  0.000000  0.000000  1.000000  1.000000  0.000000  0.000000  0.000000  1.000000  0.000000  0.000000  0.000000  1.000000  0.000000  0.000000  
74.895331 0.007177  0.099297  -0.001300  0.999402  0.034508  -0.002399  -0.034373  0.998482  0.043034  0.003880  -0.042926  0.999071  0.002435  0.001112  0.000308  0.000000  0.000000  0.000000  2.000000  1.000000  0.000000  0.000000  0.000000  1.000000  0.000000  0.000000  0.000000  1.000000  0.999992  0.003914  0.000034  -0.003914  0.999992  0.001228  -0.000029  -0.001228  0.999999  1.000000  0.000000  0.000000  0.000000  1.000000  0.000000  0.000000  0.000000  1.000000  1.000000  0.000000  0.000000  0.000000  1.000000  0.000000  0.000000  0.000000  1.000000  0.000000  0.000000  
74.896581 0.007180  0.099300  -0.001299  0.999387  0.034920  -0.002377  -0.034785  0.998463  0.043156  0.003880  -0.043047  0.999066  0.002522  0.001279  0.000405  0.000000  0.000000  0.000000  2.000000  1.000000  0.000000  0.000000  0.000000  1.000000  0.000000  0.000000  0.000000  1.000000  0.999990  0.004531  0.000061  -0.004531  0.999989  0.001351  -0.000055  -0.001352  0.999999  1.000000  0.000000  0.000000  0.000000  1.000000  0.000000  0.000000  0.000000  1.000000  1.000000  0.000000  0.000000  0.000000  1.000000  0.000000  0.000000  0.000000  1.000000  0.000000  0.000000  
74.897830 0.007183  0.099302  -0.001298  0.999366  0.035537  -0.002342  -0.035402  0.998430  0.043400  0.003880  -0.043289  0.999055  0.002572  0.001439  0.000471  0.049575  -0.002869  0.172996  2.000000  1.000000  0.000000  0.000000  0.000000  1.000000  0.000000  0.000000  0.000000  1.000000  0.999988  0.004942  0.000080  -0.004942  0.999987  0.001474  -0.000072  -0.001475  0.999999  1.000000  0.000000  0.000000  0.000000  1.000000  0.000000  0.000000  0.000000  1.000000  1.000000  0.000000  0.000000  0.000000  1.000000  0.000000  0.000000  0.000000  1.000000  0.000000  0.000000  
74.899081 0.007186  0.099305  -0.001297  0.999351  0.035948  -0.002319  -0.035814  0.998410  0.043522  0.003880  -0.043410  0.999050  0.002607  0.001601  0.000570  0.053276  -0.003442  0.185332  2.000000  1.000000  0.000161  0.000290  -0.000161  1.000000  0.000103  -0.000290  -0.000103  1.000000  0.999985  0.005559  0.000108  -0.005559  0.999983  0.001719  -0.000098  -0.001720  0.999999  1.000000  0.000034  0.000061  -0.000034  1.000000  0.000021  -0.000061  -0.000021  1.000000  1.000000  0.000161  0.000290  -0.000161  1.000000  0.000103  -0.000290  -0.000103  1.000000  0.000048  0.005820  
74.900332 0.007189  0.099307  -0.001296  0.999329  0.036566  -0.002284  -0.036431  0.998377  0.043765  0.003880  -0.043653  0.999039  0.002543  0.001677  0.000637  0.066019  -0.004367  0.207577  2.000000  1.000000  0.000334  0.000604  -0.000334  1.000000  0.000218  -0.000604  -0.000218  1.000000  0.999983  0.005765  0.000118  -0.005765  0.999981  0.001962  -0.000107  -0.001963  0.999998  1.000000  0.000035  0.000063  -0.000035  1.000000  0.000025  -0.000063  -0.000025  1.000000  1.000000  0.000334  0.000604  -0.000334  1.000000  0.000218  -0.000604  -0.000218  1.000000  0.000053  0.006091  
74.901579 0.007191  0.099308  -0.001295  0.999314  0.036977  -0.002257  -0.036842  0.998352  0.044008  0.003880  -0.043895  0.999029  0.002499  0.001725  0.000659  0.074232  -0.004985  0.221424  2.000000  0.999999  0.000516  0.000935  -0.000516  1.000000  0.000345  -0.000935  -0.000345  1.000000  0.999981  0.006176  0.000137  -0.006176  0.999979  0.002085  -0.000124  -0.002086  0.999998  1.000000  0.000037  0.000068  -0.000037  1.000000  0.000026  -0.000068  -0.000026  1.000000  0.999999  0.000516  0.000935  -0.000516  1.000000  0.000345  -0.000935  -0.000345  1.000000  0.000058  0.006520  
74.902585 0.007192  0.099309  -0.001295  0.999298  0.037389  -0.002234  -0.037254  0.998331  0.044130  0.003880  -0.044016  0.999023  0.002407  0.001693  0.000672  0.078340  -0.005590  0.235183  2.000000  0.999999  0.000670  0.001215  -0.000670  1.000000  0.000454  -0.001215  -0.000454  0.999999  0.999978  0.006587  0.000156  -0.006588  0.999976  0.002208  -0.000142  -0.002209  0.999998  1.000000  0.000040  0.000072  -0.000040  1.000000  0.000028  -0.000072  -0.000028  1.000000  0.999999  0.000670  0.001215  -0.000670  1.000000  0.000454  -0.001215  -0.000454  0.999999  0.000062  0.006949  
74.903834 0.007193  0.099309  -0.001296  0.999275  0.038006  -0.002197  -0.037871  0.998297  0.044374  0.003880  -0.044259  0.999013  0.002302  0.001724  0.000621  0.086566  -0.006511  0.255902  2.000000  0.999999  0.000829  0.001507  -0.000830  0.999999  0.000567  -0.001506  -0.000568  0.999999  0.999977  0.006793  0.000166  -0.006793  0.999974  0.002209  -0.000151  -0.002210  0.999998  1.000000  0.000041  0.000075  -0.000041  1.000000  0.000028  -0.000075  -0.000028  1.000000  0.999999  0.000829  0.001507  -0.000830  0.999999  0.000567  -0.001506  -0.000568  0.999999  0.000066  0.007145  
74.905085 0.007195  0.099309  -0.001296  0.999259  0.038417  -0.002174  -0.038282  0.998276  0.044496  0.003880  -0.044380  0.999007  0.002201  0.001658  0.000568  0.090706  -0.007123  0.269760  2.000000  0.999998  0.001041  0.001895  -0.001042  0.999999  0.000712  -0.001895  -0.000714  0.999998  0.999975  0.006999  0.000177  -0.006999  0.999973  0.002331  -0.000161  -0.002332  0.999997  1.000000  0.000042  0.000077  -0.000042  1.000000  0.000029  -0.000077  -0.000029  1.000000  0.999998  0.001041  0.001895  -0.001042  0.999999  0.000712  -0.001895  -0.000714  0.999998  0.000070  0.007379  
74.906332 0.007197  0.099311  -0.001296  0.999244  0.038829  -0.002147  -0.038694  0.998249  0.044739  0.003880  -0.044622  0.998996  0.002128  0.001623  0.000528  0.098902  -0.007752  0.283556  2.000000  0.999997  0.001255  0.002297  -0.001257  0.999999  0.000862  -0.002296  -0.000865  0.999997  0.999973  0.007404  0.000330  -0.007405  0.999970  0.002453  -0.000312  -0.002456  0.999997  1.000000  0.000043  0.000082  -0.000043  1.000000  0.000031  -0.000082  -0.000031  1.000000  0.999997  0.001255  0.002297  -0.001257  0.999999  0.000862  -0.002296  -0.000865  0.999997  0.000075  0.007807  
74.907585 0.007199  0.099313  -0.001296  0.999219  0.039445  -0.002114  -0.039311  0.998219  0.044861  0.003880  -0.044743  0.998991  0.002052  0.001549  0.000408  0.103047  -0.008665  0.304261  2.000000  0.999995  0.001470  0.002710  -0.001473  0.999998  0.001017  -0.002709  -0.001021  0.999996  0.999973  0.007404  0.000332  -0.007405  0.999970  0.002453  -0.000314  -0.002456  0.999997  1.000000  0.000043  0.000082  -0.000043  1.000000  0.000031  -0.000082  -0.000031  1.000000  0.999995  0.001470  0.002710  -0.001473  0.999998  0.001017  -0.002709  -0.001021  0.999996  0.000079  0.007807  
74.908830 0.007201  0.099315  -0.001296  0.999204  0.039851  -0.001953  -0.039722  0.998192  0.045099  0.003746  -0.044986  0.998981  0.001951  0.001486  0.000350  0.110351  -0.013684  0.315375  2.000000  0.999994  0.001687  0.003137  -0.001691  0.999998  0.001177  -0.003135  -0.001182  0.999994  0.999969  0.007809  0.000486  -0.007810  0.999966  0.002696  -0.000465  -0.002700  0.999996  1.000000  0.000044  0.000088  -0.000044  1.000000  0.000034  -0.000088  -0.000034  1.000000  0.999994  0.001687  0.003137  -0.001691  0.999998  0.001177  -0.003135  -0.001182  0.999994  0.000085  0.008276  
74.909831 0.007203  0.099317  -0.001296  0.999187  0.040262  -0.001929  -0.040134  0.998170  0.045221  0.003746  -0.045107  0.998975  0.001858  0.001413  0.000260  0.115376  -0.014118  0.324922  2.000000  0.999992  0.001860  0.003485  -0.001865  0.999997  0.001308  -0.003482  -0.001315  0.999993  0.999969  0.007809  0.000487  -0.007810  0.999966  0.002696  -0.000466  -0.002700  0.999996  1.000000  0.000044  0.000088  -0.000044  1.000000  0.000034  -0.000088  -0.000034  1.000000  0.999992  0.001860  0.003485  -0.001865  0.999997  0.001308  -0.003482  -0.001315  0.999993  0.000087  0.008276  
74.911080 0.007206  0.099319  -0.001295  0.999170  0.040680  -0.002034  -0.040545  0.998143  0.045469  0.003880  -0.045349  0.998964  0.001798  0.001360  0.000234  0.123585  -0.009967  0.332048  2.000000  0.999990  0.002081  0.003921  -0.002087  0.999997  0.001481  -0.003918  -0.001489  0.999991  0.999969  0.007815  0.000354  -0.007816  0.999966  0.002698  -0.000333  -0.002700  0.999996  1.000000  0.000045  0.000087  -0.000045  1.000000  0.000034  -0.000087  -0.000034  1.000000  0.999990  0.002081  0.003921  -0.002087  0.999997  0.001481  -0.003918  -0.001489  0.999991  0.000088  0.008276  
74.912329 0.007207  0.099321  -0.001295  0.999153  0.041091  -0.002011  -0.040957  0.998120  0.045591  0.003880  -0.045470  0.998958  0.001647  0.001261  0.000187  0.122614  -0.010226  0.336227  2.000000  0.999988  0.002262  0.004271  -0.002269  0.999996  0.001624  -0.004267  -0.001633  0.999990  0.999969  0.007815  0.000356  -0.007816  0.999965  0.002940  -0.000333  -0.002943  0.999996  1.000000  0.000045  0.000087  -0.000045  1.000000  0.000037  -0.000087  -0.000037  1.000000  0.999988  0.002262  0.004271  -0.002269  0.999996  0.001624  -0.004267  -0.001633  0.999990  0.000090  0.008358  
74.913332 0.007208  0.099321  -0.001295  0.999145  0.041297  -0.001996  -0.041162  0.998106  0.045713  0.003880  -0.045592  0.998953  0.001562  0.001181  0.000142  0.123659  -0.010655  0.345933  2.000000  0.999986  0.002443  0.004620  -0.002451  0.999995  0.001772  -0.004616  -0.001783  0.999988  0.999969  0.007815  0.000357  -0.007816  0.999965  0.002940  -0.000334  -0.002943  0.999996  1.000000  0.000045  0.000087  -0.000045  1.000000  0.000037  -0.000087  -0.000037  1.000000  0.999986  0.002443  0.004620  -0.002451  0.999995  0.001772  -0.004616  -0.001783  0.999988  0.000091  0.008358  
74.914336 0.007209  0.099323  -0.001295  0.999128  0.041708  -0.001972  -0.041574  0.998084  0.045835  0.003880  -0.045713  0.998947  0.001456  0.001161  0.000125  0.123632  -0.010996  0.352695  2.000000  0.999984  0.002623  0.004968  -0.002632  0.999995  0.001922  -0.004963  -0.001935  0.999986  0.999969  0.007815  0.000358  -0.007816  0.999965  0.003061  -0.000334  -0.003064  0.999995  1.000000  0.000045  0.000087  -0.000045  1.000000  0.000038  -0.000087  -0.000038  1.000000  0.999984  0.002623  0.004968  -0.002632  0.999995  0.001922  -0.004963  -0.001935  0.999986  0.000094  0.008401  
74.915581 0.007210  0.099324  -0.001294  0.999111  0.042119  -0.001943  -0.041985  0.998055  0.046078  0.003880  -0.045955  0.998936  0.001391  0.001115  0.000134  0.130788  -0.015709  0.356552  2.000000  0.999981  0.002843  0.005393  -0.002854  0.999994  0.002110  -0.005387  -0.002125  0.999983  0.999971  0.007609  0.000350  -0.007610  0.999966  0.003061  -0.000327  -0.003063  0.999995  1.000000  0.000044  0.000084  -0.000044  1.000000  0.000038  -0.000084  -0.000038  1.000000  0.999981  0.002843  0.005393  -0.002854  0.999994  0.002110  -0.005387  -0.002125  0.999983  0.000094  0.008210  
74.916582 0.007210  0.099324  -0.001294  0.999102  0.042325  -0.001929  -0.042191  0.998041  0.046199  0.003880  -0.046076  0.998930  0.001291  0.001071  0.000127  0.131877  -0.015884  0.359519  2.000000  0.999979  0.003015  0.005727  -0.003028  0.999993  0.002260  -0.005720  -0.002277  0.999981  0.999973  0.007403  0.000342  -0.007404  0.999968  0.003060  -0.000319  -0.003062  0.999995  1.000000  0.000043  0.000082  -0.000043  1.000000  0.000038  -0.000082  -0.000038  1.000000  0.999979  0.003015  0.005727  -0.003028  0.999993  0.002260  -0.005720  -0.002277  0.999981  0.000094  0.008019  
74.917831 0.007211  0.099324  -0.001294  0.999093  0.042531  -0.001914  -0.042396  0.998027  0.046321  0.003880  -0.046197  0.998925  0.001211  0.001037  0.000107  0.131855  -0.015622  0.352616  2.000000  0.999976  0.003225  0.006134  -0.003240  0.999992  0.002449  -0.006126  -0.002468  0.999978  0.999974  0.007198  0.000333  -0.007199  0.999969  0.003059  -0.000311  -0.003061  0.999995  1.000000  0.000042  0.000080  -0.000042  1.000000  0.000038  -0.000080  -0.000038  1.000000  0.999976  0.003225  0.006134  -0.003240  0.999992  0.002449  -0.006126  -0.002468  0.999978  0.000095  0.007828  
74.918834 0.007211  0.099325  -0.001294  0.999085  0.042736  -0.001894  -0.042602  0.998006  0.046563  0.003880  -0.046440  0.998914  0.001182  0.001041  0.000095  0.134790  -0.015554  0.349649  2.000000  0.999973  0.003387  0.006450  -0.003404  0.999991  0.002601  -0.006441  -0.002622  0.999976  0.999976  0.006992  0.000324  -0.006993  0.999971  0.003058  -0.000303  -0.003061  0.999995  1.000000  0.000040  0.000078  -0.000040  1.000000  0.000038  -0.000078  -0.000038  1.000000  0.999973  0.003387  0.006450  -0.003404  0.999991  0.002601  -0.006441  -0.002622  0.999976  0.000094  0.007639  
74.920085 0.007211  0.099325  -0.001295  0.999067  0.043148  -0.001870  -0.043013  0.997983  0.046685  0.003880  -0.046561  0.998908  0.001083  0.001016  0.000044  0.139977  -0.015704  0.352530  2.000000  0.999971  0.003546  0.006759  -0.003565  0.999990  0.002752  -0.006749  -0.002776  0.999973  0.999977  0.006786  0.000316  -0.006787  0.999972  0.003058  -0.000296  -0.003060  0.999995  1.000000  0.000039  0.000075  -0.000039  1.000000  0.000038  -0.000075  -0.000038  1.000000  0.999971  0.003546  0.006759  -0.003565  0.999990  0.002752  -0.006749  -0.002776  0.999973  0.000094  0.007451  
74.921340 0.007212  0.099326  -0.001297  0.999058  0.043354  -0.001849  -0.043219  0.997963  0.046927  0.003880  -0.046803  0.998897  0.000978  0.000969  -0.000040  0.144018  -0.015458  0.345591  2.000000  0.999968  0.003741  0.007136  -0.003762  0.999989  0.002942  -0.007125  -0.002969  0.999970  0.999977  0.006786  0.000317  -0.006787  0.999972  0.003058  -0.000296  -0.003060  0.999995  1.000000  0.000039  0.000075  -0.000039  1.000000  0.000038  -0.000075  -0.000038  1.000000  0.999968  0.003741  0.007136  -0.003762  0.999989  0.002942  -0.007125  -0.002969  0.999970  0.000094  0.007451  
74.922586 0.007213  0.099326  -0.001298  0.999049  0.043559  -0.001835  -0.043425  0.997948  0.047049  0.003880  -0.046924  0.998891  0.000852  0.000872  -0.000136  0.144020  -0.015193  0.338747  2.000000  0.999965  0.003890  0.007427  -0.003913  0.999988  0.003096  -0.007415  -0.003124  0.999968  0.999978  0.006581  0.000309  -0.006581  0.999974  0.003057  -0.000289  -0.003059  0.999995  1.000000  0.000038  0.000073  -0.000038  1.000000  0.000038  -0.000073  -0.000038  1.000000  0.999965  0.003890  0.007427  -0.003913  0.999988  0.003096  -0.007415  -0.003124  0.999968  0.000092  0.007263  
74.923836 0.007214  0.099327  -0.001300  0.999040  0.043765  -0.001814  -0.043630  0.997928  0.047291  0.003880  -0.047167  0.998879  0.000782  0.000798  -0.000276  0.148015  -0.014629  0.324855  2.000000  0.999962  0.004034  0.007709  -0.004059  0.999986  0.003249  -0.007695  -0.003280  0.999965  0.999980  0.006375  0.000300  -0.006376  0.999975  0.003056  -0.000281  -0.003058  0.999995  1.000000  0.000037  0.000071  -0.000037  1.000000  0.000038  -0.000071  -0.000038  1.000000  0.999962  0.004034  0.007709  -0.004059  0.999986  0.003249  -0.007695  -0.003280  0.999965  0.000090  0.007076  
74.925088 0.007214  0.099327  -0.001303  0.999031  0.043971  -0.001799  -0.043836  0.997913  0.047413  0.003880  -0.047288  0.998874  0.000688  0.000636  -0.000514  0.147982  -0.014355  0.317928  2.000000  0.999959  0.004204  0.008041  -0.004232  0.999985  0.003438  -0.008026  -0.003472  0.999962  0.999982  0.005963  0.000282  -0.005964  0.999978  0.003055  -0.000264  -0.003056  0.999995  1.000000  0.000034  0.000066  -0.000034  1.000000  0.000038  -0.000066  -0.000038  1.000000  0.999959  0.004204  0.008041  -0.004232  0.999985  0.003438  -0.008026  -0.003472  0.999962  0.000090  0.006707  
74.926333 0.007215  0.099327  -0.001305  0.999022  0.044176  -0.001784  -0.044042  0.997898  0.047534  0.003880  -0.047409  0.998868  0.000589  0.000532  -0.000675  0.147973  -0.014083  0.311052  2.000000  0.999955  0.004369  0.008362  -0.004399  0.999984  0.003628  -0.008346  -0.003665  0.999958  0.999983  0.005758  0.000273  -0.005759  0.999979  0.003054  -0.000256  -0.003056  0.999995  1.000000  0.000033  0.000064  -0.000033  1.000000  0.000038  -0.000064  -0.000038  1.000000  0.999955  0.004369  0.008362  -0.004399  0.999984  0.003628  -0.008346  -0.003665  0.999958  0.000087  0.006524  
74.927583 0.007215  0.099327  -0.001307  0.999013  0.044382  -0.001769  -0.044247  0.997883  0.047655  0.003880  -0.047530  0.998862  0.000490  0.000399  -0.000812  0.143846  -0.013511  0.297232  2.000000  0.999952  0.004524  0.008666  -0.004557  0.999982  0.003813  -0.008649  -0.003852  0.999955  0.999986  0.005347  0.000254  -0.005347  0.999981  0.002931  -0.000239  -0.002933  0.999996  1.000000  0.000031  0.000059  -0.000031  1.000000  0.000037  -0.000059  -0.000037  1.000000  0.999952  0.004524  0.008666  -0.004557  0.999982  0.003813  -0.008649  -0.003852  0.999955  0.000085  0.006103  
74.928831 0.007215  0.099327  -0.001309  0.999004  0.044588  -0.001754  -0.044453  0.997868  0.047777  0.003880  -0.047651  0.998856  0.000434  0.000323  -0.000982  0.143831  -0.013233  0.290341  2.000000  0.999950  0.004644  0.008900  -0.004679  0.999981  0.003958  -0.008882  -0.004000  0.999953  0.999987  0.005141  0.000245  -0.005142  0.999982  0.002930  -0.000230  -0.002932  0.999996  1.000000  0.000030  0.000057  -0.000030  1.000000  0.000037  -0.000057  -0.000037  1.000000  0.999950  0.004644  0.008900  -0.004679  0.999981  0.003958  -0.008882  -0.004000  0.999953  0.000081  0.005923  
74.929832 0.007215  0.099327  -0.001311  0.998995  0.044793  -0.001738  -0.044659  0.997853  0.047898  0.003880  -0.047772  0.998851  0.000380  0.000233  -0.001128  0.139721  -0.012969  0.283413  2.000000  0.999949  0.004673  0.008957  -0.004709  0.999981  0.003993  -0.008939  -0.004035  0.999952  0.999989  0.004736  0.000093  -0.004736  0.999985  0.002808  -0.000079  -0.002808  0.999996  1.000000  0.000000  0.000000  0.000000  1.000000  0.000000  0.000000  0.000000  1.000000  0.999949  0.004673  0.008957  -0.004709  0.999981  0.003993  -0.008939  -0.004035  0.999952  0.000079  0.000000  
74.931080 0.007215  0.099326  -0.001313  0.998995  0.044794  -0.001733  -0.044659  0.997848  0.048019  0.003880  -0.047894  0.998845  0.000355  0.000161  -0.001248  0.138523  -0.012268  0.267379  2.000000  0.999949  0.004673  0.008957  -0.004709  0.999981  0.003993  -0.008939  -0.004035  0.999952  0.999990  0.004530  0.000083  -0.004531  0.999986  0.002807  -0.000071  -0.002807  0.999996  1.000000  0.000000  0.000000  0.000000  1.000000  0.000000  0.000000  0.000000  1.000000  0.999949  0.004673  0.008957  -0.004709  0.999981  0.003993  -0.008939  -0.004035  0.999952  0.000076  0.000000  
74.932082 0.007215  0.099325  -0.001314  0.998986  0.044999  -0.001718  -0.044864  0.997832  0.048141  0.003880  -0.048015  0.998839  0.000336  0.000094  -0.001386  0.138493  -0.011985  0.260515  2.000000  0.999949  0.004673  0.008957  -0.004709  0.999981  0.003993  -0.008939  -0.004035  0.999952  0.999991  0.004318  0.000207  -0.004319  0.999987  0.002685  -0.000195  -0.002686  0.999996  1.000000  0.000000  0.000000  0.000000  1.000000  0.000000  0.000000  0.000000  1.000000  0.999949  0.004673  0.008957  -0.004709  0.999981  0.003993  -0.008939  -0.004035  0.999952  0.000074  0.000000  
74.933330 0.007216  0.099326  -0.001316  0.998976  0.045205  -0.001708  -0.045070  0.997823  0.048141  0.003880  -0.048015  0.998839  0.000326  0.000062  -0.001464  0.130361  -0.011385  0.246817  2.000000  0.999949  0.004673  0.008957  -0.004709  0.999981  0.003993  -0.008939  -0.004035  0.999952  0.999992  0.004113  0.000198  -0.004113  0.999988  0.002563  -0.000187  -0.002564  0.999997  1.000000  0.000000  0.000000  0.000000  1.000000  0.000000  0.000000  0.000000  1.000000  0.999949  0.004673  0.008957  -0.004709  0.999981  0.003993  -0.008939  -0.004035  0.999952  0.000072  0.000000  
74.934335 0.007216  0.099325  -0.001317  0.998967  0.045410  -0.001692  -0.045276  0.997808  0.048262  0.003880  -0.048136  0.998833  0.000346  0.000055  -0.001504  0.131407  -0.011189  0.241936  2.000000  0.999949  0.004673  0.008957  -0.004709  0.999981  0.003993  -0.008939  -0.004035  0.999952  0.999992  0.004113  0.000198  -0.004113  0.999988  0.002563  -0.000188  -0.002564  0.999997  1.000000  0.000000  0.000000  0.000000  1.000000  0.000000  0.000000  0.000000  1.000000  0.999949  0.004673  0.008957  -0.004709  0.999981  0.003993  -0.008939  -0.004035  0.999952  0.000070  0.000000  
74.935588 0.007217  0.099326  -0.001319  0.998967  0.045410  -0.001687  -0.045276  0.997802  0.048383  0.003880  -0.048257  0.998827  0.000352  0.000056  -0.001530  0.127248  -0.010589  0.228059  2.000000  0.999949  0.004673  0.008957  -0.004709  0.999981  0.003993  -0.008939  -0.004035  0.999952  0.999993  0.003701  0.000179  -0.003702  0.999990  0.002561  -0.000169  -0.002562  0.999997  1.000000  0.000000  0.000000  0.000000  1.000000  0.000000  0.000000  0.000000  1.000000  0.999949  0.004673  0.008957  -0.004709  0.999981  0.003993  -0.008939  -0.004035  0.999952  0.000067  0.000000  
74.936836 0.007219  0.099327  -0.001321  0.998958  0.045616  -0.001671  -0.045481  0.997787  0.048505  0.003880  -0.048378  0.998822  0.000414  0.000076  -0.001580  0.123142  -0.009988  0.214276  2.000000  0.999949  0.004673  0.008957  -0.004709  0.999981  0.003993  -0.008939  -0.004035  0.999952  0.999994  0.003496  0.000169  -0.003496  0.999991  0.002439  -0.000161  -0.002440  0.999997  1.000000  0.000000  0.000000  0.000000  1.000000  0.000000  0.000000  0.000000  1.000000  0.999949  0.004673  0.008957  -0.004709  0.999981  0.003993  -0.008939  -0.004035  0.999952  0.000064  0.000000  
74.938085 0.007220  0.099326  -0.001323  0.998948  0.045822  -0.001656  -0.045687  0.997772  0.048626  0.003880  -0.048499  0.998816  0.000416  0.000000  -0.001617  0.123081  -0.005198  0.207539  2.000000  0.999949  0.004673  0.008957  -0.004709  0.999981  0.003993  -0.008939  -0.004035  0.999952  0.999994  0.003496  0.000170  -0.003496  0.999991  0.002439  -0.000161  -0.002440  0.999997  1.000000  0.000000  0.000000  0.000000  1.000000  0.000000  0.000000  0.000000  1.000000  0.999949  0.004673  0.008957  -0.004709  0.999981  0.003993  -0.008939  -0.004035  0.999952  0.000062  0.000000  
74.939330 0.007220  0.099327  -0.001326  0.998939  0.046027  -0.001640  -0.045893  0.997756  0.048748  0.003880  -0.048621  0.998810  0.000428  -0.000003  -0.001645  0.118024  -0.004872  0.199018  2.000000  0.999949  0.004673  0.008957  -0.004709  0.999981  0.003993  -0.008939  -0.004035  0.999952  0.999994  0.003496  0.000170  -0.003496  0.999991  0.002318  -0.000162  -0.002319  0.999997  1.000000  0.000000  0.000000  0.000000  1.000000  0.000000  0.000000  0.000000  1.000000  0.999949  0.004673  0.008957  -0.004709  0.999981  0.003993  -0.008939  -0.004035  0.999952  0.000059  0.000000  
74.940588 0.007222  0.099326  -0.001329  0.998929  0.046233  -0.001624  -0.046098  0.997741  0.048869  0.003880  -0.048742  0.998804  0.000466  -0.000050  -0.001684  0.118919  -0.008775  0.186562  2.000000  0.999949  0.004673  0.008957  -0.004709  0.999981  0.003993  -0.008939  -0.004035  0.999952  0.999995  0.003290  0.000161  -0.003290  0.999992  0.002317  -0.000153  -0.002318  0.999997  1.000000  0.000000  0.000000  0.000000  1.000000  0.000000  0.000000  0.000000  1.000000  0.999949  0.004673  0.008957  -0.004709  0.999981  0.003993  -0.008939  -0.004035  0.999952  0.000057  0.000000  
74.941832 0.007223  0.099327  -0.001331  0.998920  0.046439  -0.001609  -0.046304  0.997725  0.048990  0.003880  -0.048863  0.998798  0.000530  -0.000048  -0.001719  0.114008  -0.008745  0.185204  2.000000  0.999949  0.004673  0.008957  -0.004709  0.999981  0.003993  -0.008939  -0.004035  0.999952  0.999995  0.003290  0.000161  -0.003290  0.999992  0.002075  -0.000154  -0.002075  0.999998  1.000000  0.000000  0.000000  0.000000  1.000000  0.000000  0.000000  0.000000  1.000000  0.999949  0.004673  0.008957  -0.004709  0.999981  0.003993  -0.008939  -0.004035  0.999952  0.000055  0.000000  
74.942835 0.007224  0.099326  -0.001334  0.998910  0.046644  -0.001599  -0.046510  0.997716  0.048991  0.003880  -0.048863  0.998798  0.000594  -0.000046  -0.001752  0.110751  -0.008495  0.179668  2.000000  0.999949  0.004673  0.008957  -0.004709  0.999981  0.003993  -0.008939  -0.004035  0.999952  0.999995  0.003084  0.000151  -0.003085  0.999993  0.001953  -0.000145  -0.001953  0.999998  1.000000  0.000000  0.000000  0.000000  1.000000  0.000000  0.000000  0.000000  1.000000  0.999949  0.004673  0.008957  -0.004709  0.999981  0.003993  -0.008939  -0.004035  0.999952  0.000053  0.000000  
74.944081 0.007226  0.099326  -0.001337  0.998910  0.046644  -0.001593  -0.046510  0.997710  0.049112  0.003880  -0.048984  0.998792  0.000696  -0.000073  -0.001843  0.000000  0.000000  0.000000  2.000000  0.999949  0.004673  0.008957  -0.004709  0.999981  0.003993  -0.008939  -0.004035  0.999952  0.999995  0.003084  0.000151  -0.003085  0.999993  0.001952  -0.000145  -0.001953  0.999998  1.000000  0.000000  0.000000  0.000000  1.000000  0.000000  0.000000  0.000000  1.000000  0.999949  0.004673  0.008957  -0.004709  0.999981  0.003993  -0.008939  -0.004035  0.999952  0.000051  0.000000  
74.945081 0.007227  0.099325  -0.001340  0.998901  0.046850  -0.001577  -0.046715  0.997694  0.049233  0.003880  -0.049105  0.998786  0.000781  -0.000094  -0.001898  0.000000  0.000000  0.000000  2.000000  0.999949  0.004673  0.008957  -0.004709  0.999981  0.003993  -0.008939  -0.004035  0.999952  0.999995  0.003084  0.000152  -0.003085  0.999993  0.001952  -0.000146  -0.001953  0.999998  1.000000  0.000000  0.000000  0.000000  1.000000  0.000000  0.000000  0.000000  1.000000  0.999949  0.004673  0.008957  -0.004709  0.999981  0.003993  -0.008939  -0.004035  0.999952  0.000000  0.000000  
74.946337 0.007229  0.099324  -0.001344  0.998892  0.047049  -0.001428  -0.046921  0.997679  0.049348  0.003746  -0.049226  0.998781  0.000884  -0.000101  -0.002029  0.000000  0.000000  0.000000  2.000000  0.999949  0.004673  0.008957  -0.004709  0.999981  0.003993  -0.008939  -0.004035  0.999952  0.999995  0.003078  0.000286  -0.003078  0.999994  0.001831  -0.000280  -0.001832  0.999998  1.000000  0.000000  0.000000  0.000000  1.000000  0.000000  0.000000  0.000000  1.000000  0.999949  0.004673  0.008957  -0.004709  0.999981  0.003993  -0.008939  -0.004035  0.999952  0.000000  0.000000  
74.947581 0.007230  0.099324  -0.001347  0.998882  0.047254  -0.001412  -0.047127  0.997663  0.049469  0.003746  -0.049347  0.998775  0.000972  -0.000106  -0.002125  0.000000  0.000000  0.000000  2.000000  0.999949  0.004673  0.008957  -0.004709  0.999981  0.003993  -0.008939  -0.004035  0.999952  0.999995  0.003078  0.000286  -0.003078  0.999994  0.001831  -0.000280  -0.001832  0.999998  1.000000  0.000000  0.000000  0.000000  1.000000  0.000000  0.000000  0.000000  1.000000  0.999949  0.004673  0.008957  -0.004709  0.999981  0.003993  -0.008939  -0.004035  0.999952  0.000000  0.000000  
74.948582 0.007232  0.099324  -0.001350  0.998872  0.047460  -0.001396  -0.047332  0.997647  0.049591  0.003746  -0.049469  0.998769  0.001073  -0.000132  -0.002220  0.000000  0.000000  0.000000  2.000000  0.999949  0.004673  0.008957  -0.004709  0.999981  0.003993  -0.008939  -0.004035  0.999952  0.999995  0.003078  0.000286  -0.003078  0.999994  0.001831  -0.000281  -0.001832  0.999998  1.000000  0.000000  0.000000  0.000000  1.000000  0.000000  0.000000  0.000000  1.000000  0.999949  0.004673  0.008957  -0.004709  0.999981  0.003993  -0.008939  -0.004035  0.999952  0.000000  0.000000  
74.949584 0.007234  0.099324  -0.001352  0.998862  0.047665  -0.001380  -0.047538  0.997632  0.049712  0.003746  -0.049590  0.998763  0.001130  -0.000143  -0.002354  0.000000  0.000000  0.000000  2.000000  0.999949  0.004673  0.008957  -0.004709  0.999981  0.003993  -0.008939  -0.004035  0.999952  0.999995  0.003078  0.000286  -0.003078  0.999994  0.001709  -0.000281  -0.001710  0.999998  1.000000  0.000000  0.000000  0.000000  1.000000  0.000000  0.000000  0.000000  1.000000  0.999949  0.004673  0.008957  -0.004709  0.999981  0.003993  -0.008939  -0.004035  0.999952  0.000000  0.000000  
74.950830 0.007236  0.099324  -0.001355  0.998853  0.047871  -0.001364  -0.047744  0.997616  0.049833  0.003746  -0.049711  0.998757  0.001207  -0.000166  -0.002398  0.000000  0.000000  0.000000  2.000000  0.999949  0.004673  0.008957  -0.004709  0.999981  0.003993  -0.008939  -0.004035  0.999952  0.999995  0.003078  0.000287  -0.003078  0.999994  0.001831  -0.000281  -0.001832  0.999998  1.000000  0.000000  0.000000  0.000000  1.000000  0.000000  0.000000  0.000000  1.000000  0.999949  0.004673  0.008957  -0.004709  0.999981  0.003993  -0.008939  -0.004035  0.999952  0.000000  0.000000  
74.951831 0.007238  0.099324  -0.001357  0.998843  0.048076  -0.001354  -0.047949  0.997606  0.049834  0.003746  -0.049711  0.998757  0.001279  -0.000185  -0.002421  0.000000  0.000000  0.000000  2.000000  0.999949  0.004673  0.008957  -0.004709  0.999981  0.003993  -0.008939  -0.004035  0.999952  0.999995  0.003078  0.000287  -0.003078  0.999994  0.001831  -0.000282  -0.001832  0.999998  1.000000  0.000000  0.000000  0.000000  1.000000  0.000000  0.000000  0.000000  1.000000  0.999949  0.004673  0.008957  -0.004709  0.999981  0.003993  -0.008939  -0.004035  0.999952  0.000000  0.000000  
74.952834 0.007239  0.099324  -0.001359  0.998833  0.048282  -0.001338  -0.048155  0.997590  0.049955  0.003746  -0.049832  0.998751  0.001329  -0.000158  -0.002440  0.000000  0.000000  0.000000  2.000000  0.999949  0.004673  0.008957  -0.004709  0.999981  0.003993  -0.008939  -0.004035  0.999952  0.999995  0.003078  0.000288  -0.003078  0.999994  0.001831  -0.000282  -0.001832  0.999998  1.000000  0.000000  0.000000  0.000000  1.000000  0.000000  0.000000  0.000000  1.000000  0.999949  0.004673  0.008957  -0.004709  0.999981  0.003993  -0.008939  -0.004035  0.999952  0.000000  0.000000  
74.953835 0.007241  0.099324  -0.001361  0.998823  0.048487  -0.001322  -0.048360  0.997574  0.050076  0.003746  -0.049953  0.998745  0.001389  -0.000175  -0.002430  0.000000  0.000000  0.000000  2.000000  0.999949  0.004673  0.008957  -0.004709  0.999981  0.003993  -0.008939  -0.004035  0.999952  0.999995  0.003078  0.000288  -0.003078  0.999994  0.001831  -0.000282  -0.001832  0.999998  1.000000  0.000000  0.000000  0.000000  1.000000  0.000000  0.000000  0.000000  1.000000  0.999949  0.004673  0.008957  -0.004709  0.999981  0.003993  -0.008939  -0.004035  0.999952  0.000000  0.000000  
74.955084 0.007242  0.099324  -0.001364  0.998813  0.048693  -0.001311  -0.048566  0.997564  0.050076  0.003746  -0.049953  0.998745  0.001408  -0.000146  -0.002402  0.000000  0.000000  0.000000  2.000000  0.999949  0.004673  0.008957  -0.004709  0.999981  0.003993  -0.008939  -0.004035  0.999952  0.999995  0.003077  0.000288  -0.003078  0.999994  0.001831  -0.000282  -0.001832  0.999998  1.000000  0.000000  0.000000  0.000000  1.000000  0.000000  0.000000  0.000000  1.000000  0.999949  0.004673  0.008957  -0.004709  0.999981  0.003993  -0.008939  -0.004035  0.999952  0.000000  0.000000  
