1-Time 2-Px 3-Py 4-Pz 5-R11 6-R21 7-R31 8-R12 9-R22 10-R32 11-R13 12-R23 13-R33 14-Vx 15-Vy 16-Vz 17-Wx 18-Wy 19-Wz 20-state 21-PR11 22-PR21 23-PR31 24-PR12 25-PR22 26-PR32 27-PR13 28-PR23 29-PR33 
38.014412 -0.000047  0.093123  0.010750  0.989620  0.143037  -0.013845  -0.140906  0.984752  0.102029  0.028228  -0.099019  0.994685  0.000176  0.000227  0.000061  0.000000  0.000000  0.000000  2.000000  1.000000  0.000000  0.000000  -0.000000  1.000000  0.000000  0.000000  -0.000000  1.000000  1.000000  0.000370  0.000440  -0.000370  1.000000  0.000133  -0.000440  -0.000133  1.000000  1.000000  0.000000  0.000000  0.000000  1.000000  0.000000  0.000000  0.000000  1.000000  0.698595  0.405299  0.589659  -0.377432  0.908859  -0.177540  -0.607874  -0.098528  0.787897  0.000000  0.000000  
38.015416 -0.000047  0.093124  0.010750  0.989591  0.143240  -0.013824  -0.141110  0.984722  0.102031  0.028228  -0.099019  0.994685  0.000200  0.000276  0.000070  0.000000  0.000000  0.000000  2.000000  1.000000  0.000000  0.000000  0.000000  1.000000  0.000000  0.000000  0.000000  1.000000  1.000000  0.000575  0.000461  -0.000575  1.000000  0.000139  -0.000461  -0.000139  1.000000  1.000000  0.000000  0.000000  0.000000  1.000000  0.000000  0.000000  0.000000  1.000000  1.000000  0.000000  0.000000  0.000000  1.000000  0.000000  0.000000  0.000000  1.000000  0.000000  0.000000  
38.016416 -0.000047  0.093124  0.010752  0.989504  0.143850  -0.013744  -0.141721  0.984621  0.102159  0.028228  -0.099139  0.994673  0.000202  0.000253  0.000211  0.000000  0.000000  0.000000  2.000000  1.000000  0.000000  0.000000  0.000000  1.000000  0.000000  0.000000  0.000000  1.000000  0.999999  0.000984  0.000501  -0.000984  0.999999  0.000272  -0.000501  -0.000272  1.000000  1.000000  0.000000  0.000000  0.000000  1.000000  0.000000  0.000000  0.000000  1.000000  1.000000  0.000000  0.000000  0.000000  1.000000  0.000000  0.000000  0.000000  1.000000  0.000000  0.000000  
38.017668 -0.000047  0.093123  0.010756  0.989328  0.145069  -0.013582  -0.142943  0.984418  0.102415  0.028228  -0.099381  0.994649  0.000189  0.000174  0.000443  0.000000  0.000000  0.000000  2.000000  1.000000  0.000000  0.000000  0.000000  1.000000  0.000000  0.000000  0.000000  1.000000  0.999998  0.002021  0.000471  -0.002021  0.999998  0.000422  -0.000470  -0.000423  1.000000  1.000000  0.000000  0.000000  0.000000  1.000000  0.000000  0.000000  0.000000  1.000000  1.000000  0.000000  0.000000  0.000000  1.000000  0.000000  0.000000  0.000000  1.000000  0.000000  0.000000  
38.018912 -0.000048  0.093120  0.010760  0.989210  0.145883  -0.013462  -0.143758  0.984273  0.102665  0.028228  -0.099622  0.994625  0.000117  -0.000021  0.000687  0.000000  0.000000  0.000000  2.000000  1.000000  0.000000  0.000000  0.000000  1.000000  0.000000  0.000000  0.000000  1.000000  0.999995  0.003045  0.000574  -0.003045  0.999995  0.000814  -0.000572  -0.000816  1.000000  1.000000  0.000000  0.000000  0.000000  1.000000  0.000000  0.000000  0.000000  1.000000  1.000000  0.000000  0.000000  0.000000  1.000000  0.000000  0.000000  0.000000  1.000000  0.000000  0.000000  
38.019913 -0.000048  0.093118  0.010763  0.989121  0.146496  -0.013346  -0.144369  0.984145  0.103031  0.028228  -0.099984  0.994589  0.000099  -0.000215  0.000960  0.000000  0.000000  0.000000  2.000000  1.000000  0.000000  0.000000  0.000000  1.000000  0.000000  0.000000  0.000000  1.000000  0.999994  0.003454  0.000616  -0.003455  0.999993  0.001069  -0.000612  -0.001071  0.999999  1.000000  0.000000  0.000000  0.000000  1.000000  0.000000  0.000000  0.000000  1.000000  1.000000  0.000000  0.000000  0.000000  1.000000  0.000000  0.000000  0.000000  1.000000  0.000000  0.000000  
38.020916 -0.000049  0.093115  0.010767  0.989028  0.147120  -0.013378  -0.144979  0.984028  0.103298  0.028362  -0.100225  0.994561  0.000023  -0.000388  0.001203  0.000000  0.000000  0.000000  2.000000  1.000000  0.000000  0.000000  0.000000  1.000000  0.000000  0.000000  0.000000  1.000000  0.999992  0.004082  0.000546  -0.004082  0.999991  0.001329  -0.000540  -0.001331  0.999999  1.000000  0.000000  0.000000  0.000000  1.000000  0.000000  0.000000  0.000000  1.000000  1.000000  0.000000  0.000000  0.000000  1.000000  0.000000  0.000000  0.000000  1.000000  0.000000  0.000000  
38.021916 -0.000049  0.093114  0.010772  0.988901  0.147962  -0.013502  -0.145792  0.983865  0.103706  0.028629  -0.100586  0.994516  -0.000014  -0.000479  0.001503  0.062219  -0.017942  0.178913  2.000000  1.000000  0.000000  0.000000  0.000000  1.000000  0.000000  0.000000  0.000000  1.000000  0.999988  0.004927  0.000364  -0.004928  0.999986  0.001717  -0.000355  -0.001719  0.999998  1.000000  0.000000  0.000000  0.000000  1.000000  0.000000  0.000000  0.000000  1.000000  1.000000  0.000000  0.000000  0.000000  1.000000  0.000000  0.000000  0.000000  1.000000  0.000047  0.000000  
38.022919 -0.000050  0.093113  0.010777  0.988743  0.149005  -0.013623  -0.146809  0.983683  0.103997  0.028896  -0.100826  0.994484  -0.000096  -0.000557  0.001886  0.071389  -0.012470  0.214209  2.000000  1.000000  0.000275  0.000013  -0.000275  1.000000  0.000097  -0.000012  -0.000097  1.000000  0.999982  0.005991  0.000070  -0.005991  0.999980  0.002111  -0.000057  -0.002112  0.999998  1.000000  0.000075  0.000001  -0.000075  1.000000  0.000026  -0.000001  -0.000026  1.000000  1.000000  0.000275  0.000013  -0.000275  1.000000  0.000097  -0.000012  -0.000097  1.000000  0.000055  0.006353  
38.023922 -0.000052  0.093112  0.010783  0.988553  0.150251  -0.013703  -0.148029  0.983456  0.104411  0.029164  -0.101188  0.994440  -0.000212  -0.000640  0.002234  0.084829  -0.007712  0.256340  2.000000  1.000000  0.000604  0.000012  -0.000604  1.000000  0.000210  -0.000012  -0.000210  1.000000  0.999977  0.006837  -0.000111  -0.006837  0.999974  0.002379  0.000128  -0.002378  0.999997  1.000000  0.000085  -0.000001  -0.000085  1.000000  0.000030  0.000001  -0.000030  1.000000  1.000000  0.000604  0.000012  -0.000604  1.000000  0.000210  -0.000012  -0.000210  1.000000  0.000064  0.007240  
38.025170 -0.000053  0.093112  0.010788  0.988331  0.151700  -0.013760  -0.149452  0.983196  0.104828  0.029431  -0.101549  0.994395  -0.000344  -0.000720  0.002612  0.098500  -0.003666  0.305409  2.000000  0.999999  0.001093  0.000006  -0.001093  0.999999  0.000375  -0.000005  -0.000375  1.000000  0.999964  0.008489  -0.000075  -0.008488  0.999960  0.002791  0.000098  -0.002790  0.999996  1.000000  0.000106  -0.000001  -0.000106  1.000000  0.000035  0.000001  -0.000035  1.000000  0.999999  0.001093  0.000006  -0.001093  0.999999  0.000375  -0.000005  -0.000375  1.000000  0.000078  0.008936  
38.026173 -0.000054  0.093112  0.010793  0.988145  0.152919  -0.013575  -0.150673  0.982970  0.105203  0.029431  -0.101910  0.994358  -0.000407  -0.000726  0.002990  0.111936  -0.007889  0.346701  2.000000  0.999999  0.001554  -0.000001  -0.001554  0.999999  0.000530  0.000002  -0.000530  1.000000  0.999953  0.009730  -0.000079  -0.009730  0.999948  0.003191  0.000110  -0.003190  0.999995  1.000000  0.000122  -0.000001  -0.000122  1.000000  0.000040  0.000001  -0.000040  1.000000  0.999999  0.001554  -0.000001  -0.001554  0.999999  0.000530  0.000002  -0.000530  1.000000  0.000089  0.010241  
38.027420 -0.000054  0.093114  0.010801  0.987892  0.154556  -0.013477  -0.152300  0.982676  0.105603  0.029565  -0.102272  0.994317  -0.000467  -0.000620  0.003469  0.125561  -0.003877  0.395736  2.000000  0.999998  0.002219  -0.000006  -0.002219  0.999997  0.000746  0.000008  -0.000746  1.000000  0.999935  0.011382  -0.000039  -0.011382  0.999929  0.003603  0.000080  -0.003603  0.999994  1.000000  0.000142  -0.000001  -0.000142  1.000000  0.000045  0.000001  -0.000045  1.000000  0.999998  0.002219  -0.000006  -0.002219  0.999997  0.000746  0.000008  -0.000746  1.000000  0.000102  0.011939  
38.028670 -0.000054  0.093117  0.010811  0.987604  0.156395  -0.013356  -0.154129  0.982348  0.106006  0.029699  -0.102633  0.994276  -0.000487  -0.000455  0.004145  0.139657  -0.005751  0.458206  2.000000  0.999996  0.002989  -0.000003  -0.002989  0.999995  0.000988  0.000006  -0.000988  1.000000  0.999915  0.013019  0.000136  -0.013020  0.999907  0.004014  -0.000084  -0.004015  0.999992  1.000000  0.000163  0.000001  -0.000163  1.000000  0.000050  -0.000001  -0.000050  1.000000  0.999996  0.002989  -0.000003  -0.002989  0.999995  0.000988  0.000006  -0.000988  1.000000  0.000116  0.013625  
38.029921 -0.000054  0.093120  0.010823  0.987345  0.158031  -0.013255  -0.155755  0.982048  0.106406  0.029833  -0.102995  0.994234  -0.000473  -0.000248  0.004933  0.153491  -0.006946  0.513569  2.000000  0.999993  0.003700  -0.000002  -0.003700  0.999992  0.001200  0.000007  -0.001200  0.999999  0.999889  0.014889  0.000066  -0.014889  0.999879  0.004432  0.000000  -0.004432  0.999990  1.000000  0.000186  0.000000  -0.000186  1.000000  0.000055  -0.000000  -0.000055  1.000000  0.999993  0.003700  -0.000002  -0.003700  0.999992  0.001200  0.000007  -0.001200  0.999999  0.000132  0.015535  
38.031207 -0.000054  0.093121  0.010833  0.987083  0.159669  -0.013134  -0.157380  0.981732  0.106925  0.029966  -0.103477  0.994180  -0.000506  -0.000152  0.005471  0.171235  -0.008188  0.568359  2.000000  0.999989  0.004691  -0.000003  -0.004691  0.999988  0.001492  0.000010  -0.001492  0.999999  0.999863  0.016554  -0.000024  -0.016553  0.999851  0.004846  0.000104  -0.004845  0.999988  1.000000  0.000207  -0.000001  -0.000207  1.000000  0.000061  0.000001  -0.000061  1.000000  0.999989  0.004691  -0.000003  -0.004691  0.999988  0.001492  0.000010  -0.001492  0.999999  0.000147  0.017249  
38.032421 -0.000054  0.093122  0.010844  0.986815  0.161319  -0.013142  -0.159005  0.981412  0.107465  0.030234  -0.103958  0.994122  -0.000472  -0.000022  0.005963  0.189415  -0.000532  0.625481  2.000000  0.999985  0.005568  -0.000006  -0.005568  0.999983  0.001754  0.000016  -0.001754  0.999998  0.999834  0.018218  -0.000110  -0.018218  0.999820  0.005382  0.000208  -0.005380  0.999986  1.000000  0.000228  -0.000002  -0.000228  1.000000  0.000067  0.000002  -0.000067  1.000000  0.999985  0.005568  -0.000006  -0.005568  0.999983  0.001754  0.000016  -0.001754  0.999998  0.000162  0.018998  
38.033670 -0.000054  0.093121  0.010855  0.986544  0.162971  -0.013129  -0.160628  0.981075  0.108124  0.030501  -0.104560  0.994051  -0.000432  0.000087  0.006452  0.211334  0.003297  0.674653  2.000000  0.999977  0.006766  -0.000016  -0.006766  0.999975  0.002115  0.000031  -0.002115  0.999998  0.999802  0.019883  -0.000192  -0.019882  0.999784  0.006041  0.000312  -0.006036  0.999982  1.000000  0.000249  -0.000003  -0.000249  1.000000  0.000075  0.000003  -0.000075  1.000000  0.999977  0.006766  -0.000016  -0.006766  0.999975  0.002115  0.000031  -0.002115  0.999998  0.000175  0.020782  
38.034918 -0.000054  0.093119  0.010866  0.986303  0.164421  -0.013116  -0.162048  0.980755  0.108900  0.030769  -0.105283  0.993966  -0.000417  0.000147  0.006937  0.237282  0.007052  0.723636  2.000000  0.999967  0.008063  -0.000032  -0.008063  0.999964  0.002518  0.000052  -0.002518  0.999997  0.999772  0.021344  -0.000291  -0.021341  0.999749  0.006815  0.000437  -0.006807  0.999977  1.000000  0.000267  -0.000005  -0.000267  1.000000  0.000085  0.000005  -0.000085  1.000000  0.999967  0.008063  -0.000032  -0.008063  0.999964  0.002518  0.000052  -0.002518  0.999997  0.000189  0.022408  
38.036166 -0.000053  0.093116  0.010879  0.986027  0.166072  -0.013098  -0.163671  0.980412  0.109559  0.031036  -0.105885  0.993894  -0.000294  0.000091  0.007434  0.259433  0.010111  0.779685  2.000000  0.999955  0.009442  -0.000054  -0.009441  0.999951  0.002968  0.000082  -0.002968  0.999996  0.999745  0.022600  -0.000413  -0.022596  0.999717  0.007462  0.000581  -0.007451  0.999972  1.000000  0.000282  -0.000006  -0.000282  1.000000  0.000093  0.000006  -0.000093  1.000000  0.999955  0.009442  -0.000054  -0.009441  0.999951  0.002968  0.000082  -0.002968  0.999996  0.000202  0.023804  
38.037166 -0.000052  0.093112  0.010888  0.985820  0.167305  -0.012992  -0.164888  0.980138  0.110192  0.031170  -0.106487  0.993825  -0.000164  -0.000098  0.007711  0.281111  0.010084  0.821454  2.000000  0.999944  0.010595  -0.000076  -0.010595  0.999938  0.003357  0.000111  -0.003356  0.999994  0.999730  0.023228  -0.000466  -0.023223  0.999699  0.007968  0.000651  -0.007955  0.999968  1.000000  0.000290  -0.000007  -0.000290  1.000000  0.000100  0.000007  -0.000100  1.000000  0.999944  0.010595  -0.000076  -0.010595  0.999938  0.003357  0.000111  -0.003356  0.999994  0.000214  0.024561  
38.038416 -0.000051  0.093106  0.010900  0.985573  0.168755  -0.012973  -0.166308  0.979810  0.110968  0.031438  -0.107209  0.993739  0.000018  -0.000400  0.007989  0.303049  0.013686  0.870538  2.000000  0.999931  0.011783  -0.000103  -0.011782  0.999923  0.003773  0.000147  -0.003772  0.999993  0.999715  0.023870  -0.000649  -0.023864  0.999678  0.008598  0.000854  -0.008580  0.999963  1.000000  0.000298  -0.000009  -0.000298  1.000000  0.000107  0.000009  -0.000107  1.000000  0.999931  0.011783  -0.000103  -0.011782  0.999923  0.003773  0.000147  -0.003772  0.999993  0.000229  0.025380  
38.039668 -0.000050  0.093100  0.010911  0.985324  0.170205  -0.012951  -0.167726  0.979480  0.111744  0.031705  -0.107932  0.993653  0.000180  -0.000810  0.008329  0.328986  0.021772  0.920009  2.000000  0.999912  0.013288  -0.000146  -0.013287  0.999902  0.004322  0.000203  -0.004320  0.999991  0.999705  0.024294  -0.000719  -0.024287  0.999665  0.008977  0.000937  -0.008957  0.999959  1.000000  0.000304  -0.000010  -0.000304  1.000000  0.000112  0.000010  -0.000112  1.000000  0.999912  0.013288  -0.000146  -0.013287  0.999902  0.004322  0.000203  -0.004320  0.999991  0.000242  0.025909  
38.040669 -0.000049  0.093094  0.010920  0.985146  0.171233  -0.012884  -0.168740  0.979248  0.112255  0.031839  -0.108413  0.993596  0.000290  -0.001161  0.008593  0.346363  0.022431  0.954801  2.000000  0.999895  0.014519  -0.000187  -0.014518  0.999883  0.004779  0.000257  -0.004776  0.999989  0.999689  0.024937  -0.000906  -0.024928  0.999647  0.009244  0.001136  -0.009218  0.999957  1.000000  0.000312  -0.000013  -0.000312  1.000000  0.000115  0.000013  -0.000115  1.000000  0.999895  0.014519  -0.000187  -0.014518  0.999883  0.004779  0.000257  -0.004776  0.999989  0.000250  0.026609  
38.041921 -0.000047  0.093088  0.010930  0.984968  0.172265  -0.012774  -0.169753  0.978986  0.113003  0.031972  -0.109136  0.993513  0.000481  -0.001734  0.008833  0.371900  0.022953  0.989609  2.000000  0.999871  0.016084  -0.000236  -0.016083  0.999856  0.005372  0.000322  -0.005368  0.999986  0.999684  0.025142  -0.000866  -0.025133  0.999638  0.009617  0.001107  -0.009592  0.999953  1.000000  0.000314  -0.000012  -0.000314  1.000000  0.000120  0.000012  -0.000120  1.000000  0.999871  0.016084  -0.000236  -0.016083  0.999856  0.005372  0.000322  -0.005368  0.999986  0.000263  0.026931  
38.043171 -0.000045  0.093082  0.010939  0.984757  0.173483  -0.012509  -0.170970  0.978690  0.113731  0.031972  -0.109859  0.993433  0.000652  -0.002358  0.008808  0.397581  0.018257  1.030828  2.000000  0.999844  0.017649  -0.000270  -0.017647  0.999826  0.005983  0.000376  -0.005977  0.999982  0.999685  0.025098  -0.000448  -0.025093  0.999637  0.009859  0.000696  -0.009845  0.999951  1.000000  0.000314  -0.000007  -0.000314  1.000000  0.000123  0.000007  -0.000123  1.000000  0.999844  0.017649  -0.000270  -0.017647  0.999826  0.005983  0.000376  -0.005977  0.999982  0.000275  0.026970  
38.044419 -0.000043  0.093075  0.010948  0.984541  0.174714  -0.012393  -0.172185  0.978404  0.114363  0.032106  -0.110461  0.993362  0.000747  -0.002933  0.008672  0.419196  0.018797  1.066013  2.000000  0.999816  0.019198  -0.000288  -0.019196  0.999794  0.006608  0.000415  -0.006601  0.999978  0.999691  0.024864  -0.000190  -0.024861  0.999640  0.010099  0.000441  -0.010091  0.999949  1.000000  0.000311  -0.000004  -0.000311  1.000000  0.000126  0.000004  -0.000126  1.000000  0.999816  0.019198  -0.000288  -0.019196  0.999794  0.006608  0.000415  -0.006601  0.999978  0.000286  0.026839  
38.045673 -0.000041  0.093069  0.010957  0.984395  0.175541  -0.012323  -0.172995  0.978187  0.114989  0.032240  -0.111063  0.993290  0.000867  -0.003573  0.008530  0.440217  0.020762  1.086980  2.000000  0.999785  0.020726  -0.000294  -0.020724  0.999759  0.007246  0.000444  -0.007238  0.999974  0.999711  0.024047  -0.000267  -0.024043  0.999658  0.010320  0.000515  -0.010311  0.999947  1.000000  0.000301  -0.000005  -0.000301  1.000000  0.000129  0.000005  -0.000129  1.000000  0.999785  0.020726  -0.000294  -0.020724  0.999759  0.007246  0.000444  -0.007238  0.999974  0.000292  0.026170  
38.046921 -0.000040  0.093063  0.010964  0.984252  0.176354  -0.012122  -0.173806  0.977972  0.115592  0.032240  -0.111665  0.993223  0.000940  -0.004041  0.008313  0.452271  0.021032  1.080197  2.000000  0.999760  0.021920  -0.000296  -0.021917  0.999730  0.007768  0.000466  -0.007759  0.999970  0.999721  0.023623  -0.000166  -0.023620  0.999665  0.010551  0.000415  -0.010544  0.999944  1.000000  0.000295  -0.000004  -0.000295  1.000000  0.000132  0.000004  -0.000132  1.000000  0.999760  0.021920  -0.000296  -0.021917  0.999730  0.007768  0.000466  -0.007759  0.999970  0.000293  0.025874  
38.048170 -0.000038  0.093057  0.010971  0.984180  0.176764  -0.011967  -0.174211  0.977829  0.116191  0.032240  -0.112268  0.993155  0.001050  -0.004403  0.008011  0.463765  0.023510  1.052925  2.000000  0.999727  0.023363  -0.000297  -0.023360  0.999692  0.008434  0.000494  -0.008424  0.999964  0.999745  0.022586  -0.000134  -0.022583  0.999687  0.010762  0.000377  -0.010757  0.999942  1.000000  0.000282  -0.000003  -0.000282  1.000000  0.000135  0.000003  -0.000135  1.000000  0.999727  0.023363  -0.000297  -0.023360  0.999692  0.008434  0.000494  -0.008424  0.999964  0.000289  0.025021  
38.049420 -0.000038  0.093051  0.010978  0.984073  0.177375  -0.011788  -0.174819  0.977649  0.116791  0.032240  -0.112870  0.993087  0.001108  -0.004670  0.007716  0.471857  0.022996  1.052798  2.000000  0.999694  0.024733  -0.000301  -0.024730  0.999653  0.009110  0.000526  -0.009100  0.999958  0.999767  0.021564  -0.000238  -0.021560  0.999709  0.010853  0.000471  -0.010845  0.999941  1.000000  0.000270  -0.000004  -0.000270  1.000000  0.000136  0.000004  -0.000136  1.000000  0.999694  0.024733  -0.000301  -0.024730  0.999653  0.009110  0.000526  -0.009100  0.999958  0.000288  0.024143  
38.050420 -0.000038  0.093045  0.010984  0.984001  0.177782  -0.011675  -0.175224  0.977534  0.117151  0.032240  -0.113231  0.993045  0.001055  -0.004858  0.007458  0.475775  0.018943  1.045404  2.000000  0.999668  0.025762  -0.000303  -0.025758  0.999622  0.009656  0.000552  -0.009645  0.999953  0.999798  0.020118  -0.000261  -0.020114  0.999739  0.010810  0.000478  -0.010802  0.999942  1.000000  0.000251  -0.000005  -0.000251  1.000000  0.000135  0.000005  -0.000135  1.000000  0.999668  0.025762  -0.000303  -0.025758  0.999622  0.009656  0.000552  -0.009645  0.999953  0.000287  0.022840  
38.051666 -0.000041  0.093037  0.010991  0.983928  0.178192  -0.011518  -0.175629  0.977389  0.117749  0.032240  -0.113834  0.992977  0.000796  -0.005112  0.007202  0.479679  0.010888  1.022238  2.000000  0.999636  0.026970  -0.000303  -0.026965  0.999583  0.010339  0.000582  -0.010327  0.999947  0.999822  0.018861  -0.000124  -0.018859  0.999761  0.011015  0.000332  -0.011011  0.999939  1.000000  0.000236  -0.000003  -0.000236  1.000000  0.000138  0.000003  -0.000138  1.000000  0.999636  0.026970  -0.000303  -0.026965  0.999583  0.010339  0.000582  -0.010327  0.999947  0.000284  0.021843  
38.052916 -0.000043  0.093028  0.010999  0.983892  0.178400  -0.011386  -0.175831  0.977281  0.118344  0.032240  -0.114436  0.992907  0.000543  -0.005376  0.006899  0.486895  0.005220  0.987264  2.000000  0.999606  0.028081  -0.000295  -0.028076  0.999545  0.011022  0.000605  -0.011010  0.999939  0.999852  0.017196  -0.000036  -0.017194  0.999792  0.010965  0.000224  -0.010963  0.999940  1.000000  0.000215  -0.000002  -0.000215  1.000000  0.000137  0.000002  -0.000137  1.000000  0.999606  0.028081  -0.000295  -0.028076  0.999545  0.011022  0.000605  -0.011010  0.999939  0.000277  0.020395  
38.054166 -0.000046  0.093019  0.011005  0.983856  0.178608  -0.011253  -0.176034  0.977172  0.118939  0.032240  -0.115038  0.992838  0.000266  -0.005606  0.006509  0.493887  0.000326  0.945449  2.000000  0.999577  0.029093  -0.000279  -0.029087  0.999508  0.011706  0.000619  -0.011692  0.999931  0.999876  0.015734  0.000074  -0.015734  0.999817  0.010922  0.000098  -0.010921  0.999940  1.000000  0.000197  -0.000000  -0.000197  1.000000  0.000137  0.000000  -0.000137  1.000000  0.999577  0.029093  -0.000279  -0.029087  0.999508  0.011706  0.000619  -0.011692  0.999931  0.000268  0.019154  
38.055167 -0.000050  0.093011  0.011010  0.983856  0.178613  -0.011167  -0.176034  0.977114  0.119413  0.032240  -0.115520  0.992782  -0.000023  -0.005769  0.006270  0.496760  -0.004473  0.903504  2.000000  0.999560  0.029656  -0.000265  -0.029651  0.999487  0.012117  0.000624  -0.012104  0.999927  0.999892  0.014697  0.000095  -0.014697  0.999831  0.011011  0.000066  -0.011012  0.999939  1.000000  0.000184  0.000000  -0.000184  1.000000  0.000138  -0.000000  -0.000138  1.000000  0.999560  0.029656  -0.000265  -0.029651  0.999487  0.012117  0.000624  -0.012104  0.999927  0.000260  0.018365  
38.056172 -0.000053  0.093003  0.011015  0.983815  0.178835  -0.011186  -0.176236  0.977017  0.119913  0.032374  -0.116001  0.992721  -0.000362  -0.005933  0.006025  0.499768  0.003317  0.869828  2.000000  0.999539  0.030365  -0.000242  -0.030359  0.999459  0.012660  0.000626  -0.012647  0.999920  0.999904  0.013864  0.000140  -0.013864  0.999845  0.010867  0.000011  -0.010868  0.999941  1.000000  0.000173  0.000001  -0.000173  1.000000  0.000136  -0.000001  -0.000136  1.000000  0.999539  0.030365  -0.000242  -0.030359  0.999459  0.012660  0.000626  -0.012647  0.999920  0.000252  0.017617  
38.057419 -0.000058  0.092993  0.011020  0.983815  0.178843  -0.011056  -0.176236  0.976929  0.120624  0.032374  -0.116723  0.992637  -0.000856  -0.006180  0.005741  0.510250  0.004421  0.814781  2.000000  0.999514  0.031169  -0.000215  -0.031163  0.999425  0.013339  0.000631  -0.013326  0.999911  0.999926  0.012197  0.000223  -0.012199  0.999867  0.010816  -0.000091  -0.010818  0.999941  1.000000  0.000152  0.000002  -0.000152  1.000000  0.000135  -0.000002  -0.000135  1.000000  0.999514  0.031169  -0.000215  -0.031163  0.999425  0.013339  0.000631  -0.013326  0.999911  0.000242  0.016305  
38.058422 -0.000062  0.092984  0.011023  0.983815  0.178849  -0.010969  -0.176236  0.976871  0.121098  0.032374  -0.117205  0.992580  -0.001192  -0.006368  0.005472  0.516697  0.006486  0.759196  2.000000  0.999496  0.031735  -0.000192  -0.031729  0.999400  0.013875  0.000632  -0.013862  0.999904  0.999942  0.010751  0.000192  -0.010753  0.999885  0.010650  -0.000078  -0.010651  0.999943  1.000000  0.000134  0.000002  -0.000134  1.000000  0.000133  -0.000002  -0.000133  1.000000  0.999496  0.031735  -0.000192  -0.031729  0.999400  0.013875  0.000632  -0.013862  0.999904  0.000232  0.015135  
38.059422 -0.000067  0.092976  0.011025  0.983815  0.178853  -0.010904  -0.176236  0.976826  0.121453  0.032374  -0.117566  0.992537  -0.001652  -0.006657  0.005092  0.515701  0.009992  0.719248  2.000000  0.999480  0.032230  -0.000165  -0.032225  0.999377  0.014395  0.000629  -0.014382  0.999896  0.999955  0.009494  0.000316  -0.009497  0.999901  0.010369  -0.000218  -0.010371  0.999946  1.000000  0.000119  0.000003  -0.000119  1.000000  0.000130  -0.000003  -0.000130  1.000000  0.999480  0.032230  -0.000165  -0.032225  0.999377  0.014395  0.000629  -0.014382  0.999896  0.000223  0.014063  
38.060670 -0.000072  0.092966  0.011026  0.983815  0.178859  -0.010796  -0.176236  0.976753  0.122046  0.032374  -0.118168  0.992466  -0.002040  -0.006848  0.004642  0.517818  0.011244  0.663843  2.000000  0.999463  0.032774  -0.000128  -0.032769  0.999350  0.015034  0.000620  -0.015022  0.999887  0.999966  0.008252  0.000309  -0.008255  0.999914  0.010209  -0.000225  -0.010211  0.999948  1.000000  0.000103  0.000003  -0.000103  1.000000  0.000128  -0.000003  -0.000128  1.000000  0.999463  0.032774  -0.000128  -0.032769  0.999350  0.015034  0.000620  -0.015022  0.999887  0.000212  0.013132  
38.061920 -0.000077  0.092957  0.011027  0.983820  0.178849  -0.010578  -0.176237  0.976696  0.122496  0.032240  -0.118650  0.992413  -0.002438  -0.007018  0.004208  0.520014  0.000835  0.598583  2.000000  0.999450  0.033150  -0.000090  -0.033144  0.999330  0.015541  0.000605  -0.015530  0.999879  0.999974  0.007198  0.000456  -0.007203  0.999924  0.010054  -0.000384  -0.010057  0.999949  1.000000  0.000090  0.000005  -0.000090  1.000000  0.000126  -0.000005  -0.000126  1.000000  0.999450  0.033150  -0.000090  -0.033144  0.999330  0.015541  0.000605  -0.015530  0.999879  0.000202  0.012375  
38.063170 -0.000081  0.092950  0.011029  0.983820  0.178855  -0.010470  -0.176237  0.976622  0.123089  0.032240  -0.119252  0.992340  -0.002938  -0.007157  0.003781  0.518326  -0.002273  0.542560  2.000000  0.999437  0.033558  -0.000041  -0.033553  0.999306  0.016164  0.000583  -0.016153  0.999869  0.999982  0.005956  0.000446  -0.005961  0.999933  0.009894  -0.000387  -0.009896  0.999951  1.000000  0.000074  0.000005  -0.000074  1.000000  0.000124  -0.000005  -0.000124  1.000000  0.999437  0.033558  -0.000041  -0.033553  0.999306  0.016164  0.000583  -0.016153  0.999869  0.000191  0.011558  
38.064420 -0.000087  0.092944  0.011028  0.983820  0.178860  -0.010383  -0.176237  0.976562  0.123562  0.032240  -0.119733  0.992282  -0.003268  -0.007101  0.003355  0.508787  -0.006093  0.493506  2.000000  0.999426  0.033892  0.000005  -0.033887  0.999285  0.016777  0.000563  -0.016767  0.999859  0.999988  0.004919  0.000459  -0.004923  0.999940  0.009740  -0.000411  -0.009742  0.999952  1.000000  0.000062  0.000005  -0.000062  1.000000  0.000122  -0.000005  -0.000122  1.000000  0.999426  0.033892  0.000005  -0.033887  0.999285  0.016777  0.000563  -0.016767  0.999859  0.000181  0.010922  
38.065672 -0.000092  0.092939  0.011028  0.983856  0.178665  -0.010300  -0.176034  0.976523  0.124153  0.032240  -0.120335  0.992210  -0.003529  -0.006971  0.002770  0.507033  -0.009069  0.437448  2.000000  0.999417  0.034145  0.000047  -0.034141  0.999266  0.017383  0.000547  -0.017374  0.999849  0.999994  0.003489  0.000288  -0.003491  0.999947  0.009694  -0.000254  -0.009695  0.999953  1.000000  0.000044  0.000003  -0.000044  1.000000  0.000121  -0.000003  -0.000121  1.000000  0.999417  0.034145  0.000047  -0.034141  0.999266  0.017383  0.000547  -0.017374  0.999849  0.000169  0.010308  
38.066916 -0.000098  0.092933  0.011027  0.983856  0.178670  -0.010213  -0.176034  0.976463  0.124626  0.032240  -0.120817  0.992151  -0.003777  -0.006777  0.002263  0.497267  -0.007512  0.382051  2.000000  0.999410  0.034332  0.000087  -0.034328  0.999249  0.017979  0.000530  -0.017971  0.999838  0.999996  0.002655  0.000323  -0.002658  0.999952  0.009426  -0.000298  -0.009426  0.999956  1.000000  0.000033  0.000004  -0.000033  1.000000  0.000118  -0.000004  -0.000118  1.000000  0.999410  0.034332  0.000087  -0.034328  0.999249  0.017979  0.000530  -0.017971  0.999838  0.000160  0.009798  
38.067917 -0.000102  0.092929  0.011025  0.983856  0.178675  -0.010127  -0.176034  0.976403  0.125100  0.032240  -0.121298  0.992092  -0.003929  -0.006533  0.001745  0.491884  -0.011914  0.339764  2.000000  0.999407  0.034444  0.000117  -0.034440  0.999236  0.018449  0.000519  -0.018442  0.999830  0.999998  0.002042  0.000250  -0.002045  0.999954  0.009406  -0.000230  -0.009406  0.999956  1.000000  0.000026  0.000003  -0.000026  1.000000  0.000118  -0.000003  -0.000118  1.000000  0.999407  0.034444  0.000117  -0.034440  0.999236  0.018449  0.000519  -0.018442  0.999830  0.000153  0.009629  
38.069165 -0.000108  0.092925  0.011024  0.983860  0.178664  -0.009909  -0.176035  0.976345  0.125550  0.032106  -0.121780  0.992038  -0.004120  -0.006244  0.001270  0.482223  -0.015495  0.290650  2.000000  0.999403  0.034556  0.000155  -0.034552  0.999222  0.019034  0.000503  -0.019028  0.999819  0.999999  0.001618  0.000333  -0.001621  0.999956  0.009271  -0.000318  -0.009272  0.999957  1.000000  0.000020  0.000004  -0.000020  1.000000  0.000116  -0.000004  -0.000116  1.000000  0.999403  0.034556  0.000155  -0.034552  0.999222  0.019034  0.000503  -0.019028  0.999819  0.000144  0.009418  
38.070166 -0.000113  0.092922  0.011023  0.983860  0.178669  -0.009823  -0.176035  0.976284  0.126024  0.032106  -0.122261  0.991979  -0.004201  -0.005937  0.000874  0.481134  -0.020582  0.255239  2.000000  0.999401  0.034604  0.000178  -0.034601  0.999213  0.019383  0.000493  -0.019378  0.999812  0.999999  0.001209  0.000284  -0.001212  0.999955  0.009379  -0.000272  -0.009380  0.999956  1.000000  0.000015  0.000003  -0.000015  1.000000  0.000117  -0.000003  -0.000117  1.000000  0.999401  0.034604  0.000178  -0.034601  0.999213  0.019383  0.000493  -0.019378  0.999812  0.000139  0.009461  
38.071167 -0.000116  0.092919  0.011023  0.983860  0.178674  -0.009736  -0.176035  0.976222  0.126498  0.032106  -0.122742  0.991919  -0.004225  -0.005577  0.000519  0.476537  -0.018152  0.232698  2.000000  0.999400  0.034649  0.000206  -0.034646  0.999202  0.019854  0.000482  -0.019849  0.999803  1.000000  0.000800  0.000234  -0.000803  0.999955  0.009487  -0.000226  -0.009488  0.999955  1.000000  0.000010  0.000003  -0.000010  1.000000  0.000119  -0.000003  -0.000119  1.000000  0.999400  0.034649  0.000206  -0.034646  0.999202  0.019854  0.000482  -0.019849  0.999803  0.000134  0.009524  
38.072416 -0.000122  0.092916  0.011022  0.983856  0.178696  -0.009758  -0.176034  0.976143  0.127113  0.032240  -0.123343  0.991840  -0.004263  -0.005150  0.000127  0.471157  -0.013512  0.191788  2.000000  0.999398  0.034684  0.000233  -0.034682  0.999189  0.020446  0.000476  -0.020442  0.999791  1.000000  0.000408  0.000051  -0.000409  0.999955  0.009474  -0.000047  -0.009474  0.999955  1.000000  0.000005  0.000001  -0.000005  1.000000  0.000118  -0.000001  -0.000118  1.000000  0.999398  0.034684  0.000233  -0.034682  0.999189  0.020446  0.000476  -0.020442  0.999791  0.000129  0.009483  
38.073417 -0.000126  0.092913  0.011022  0.983852  0.178717  -0.009802  -0.176033  0.976078  0.127610  0.032374  -0.123824  0.991776  -0.004251  -0.004747  -0.000120  0.470409  -0.010398  0.164571  2.000000  0.999398  0.034699  0.000249  -0.034697  0.999179  0.020919  0.000477  -0.020915  0.999781  1.000000  0.000221  -0.000107  -0.000220  0.999955  0.009468  0.000109  -0.009468  0.999955  1.000000  0.000003  -0.000001  -0.000003  1.000000  0.000118  0.000001  -0.000118  1.000000  0.999398  0.034699  0.000249  -0.034697  0.999179  0.020919  0.000477  -0.020915  0.999781  0.000125  0.009471  
38.074422 -0.000130  0.092911  0.011021  0.983852  0.178723  -0.009694  -0.176033  0.976000  0.128202  0.032374  -0.124426  0.991701  -0.004222  -0.004233  -0.000300  0.472933  -0.005705  0.124701  2.000000  0.999397  0.034708  0.000260  -0.034705  0.999169  0.021394  0.000483  -0.021390  0.999771  1.000000  0.000017  -0.000133  -0.000015  0.999954  0.009582  0.000133  -0.009582  0.999954  1.000000  0.000000  -0.000002  -0.000000  1.000000  0.000120  0.000002  -0.000120  1.000000  0.999397  0.034708  0.000260  -0.034705  0.999169  0.021394  0.000483  -0.021390  0.999771  0.000123  0.009583  
38.075667 -0.000133  0.092910  0.011021  0.983847  0.178744  -0.009738  -0.176033  0.975935  0.128699  0.032507  -0.124906  0.991636  -0.004082  -0.003728  -0.000362  0.468398  -0.003288  0.103237  2.000000  0.999397  0.034709  0.000267  -0.034707  0.999156  0.021982  0.000496  -0.021978  0.999758  1.000000  0.000033  -0.000266  -0.000031  0.999956  0.009340  0.000266  -0.009340  0.999956  1.000000  0.000000  -0.000003  -0.000000  1.000000  0.000117  0.000003  -0.000117  1.000000  0.999397  0.034709  0.000267  -0.034707  0.999156  0.021982  0.000496  -0.021978  0.999758  0.000120  0.009344  
38.076671 -0.000135  0.092909  0.011021  0.983847  0.178749  -0.009651  -0.176033  0.975872  0.129173  0.032507  -0.125387  0.991575  -0.003964  -0.003252  -0.000441  0.467261  -0.000091  0.076610  2.000000  0.999398  0.034703  0.000273  -0.034700  0.999146  0.022449  0.000507  -0.022445  0.999748  1.000000  -0.000187  -0.000159  0.000189  0.999956  0.009333  0.000157  -0.009333  0.999956  1.000000  -0.000002  -0.000002  0.000002  1.000000  0.000117  0.000002  -0.000117  1.000000  0.999398  0.034703  0.000273  -0.034700  0.999146  0.022449  0.000507  -0.022445  0.999748  0.000119  0.009336  
38.077921 -0.000137  0.092910  0.011021  0.983807  0.178972  -0.009646  -0.176234  0.975754  0.129790  0.032641  -0.125988  0.991495  -0.003737  -0.002766  -0.000545  0.467017  0.005152  0.070275  2.000000  0.999398  0.034698  0.000280  -0.034696  0.999135  0.022917  0.000515  -0.022913  0.999737  1.000000  0.000034  -0.000265  -0.000031  0.999956  0.009340  0.000266  -0.009340  0.999956  1.000000  0.000000  -0.000003  -0.000000  1.000000  0.000117  0.000003  -0.000117  1.000000  0.999398  0.034698  0.000280  -0.034696  0.999135  0.022917  0.000515  -0.022913  0.999737  0.000119  0.009344  
38.079166 -0.000138  0.092910  0.011020  0.983807  0.178978  -0.009538  -0.176234  0.975675  0.130382  0.032641  -0.126589  0.991418  -0.003499  -0.002400  -0.000590  0.466433  0.007596  0.049689  2.000000  0.999398  0.034700  0.000284  -0.034697  0.999122  0.023501  0.000532  -0.023496  0.999724  1.000000  0.000034  -0.000265  -0.000031  0.999956  0.009340  0.000266  -0.009340  0.999956  1.000000  0.000000  -0.000003  -0.000000  1.000000  0.000117  0.000003  -0.000117  1.000000  0.999398  0.034700  0.000284  -0.034697  0.999122  0.023501  0.000532  -0.023496  0.999724  0.000117  0.009344  
38.080419 -0.000138  0.092911  0.011019  0.983807  0.178983  -0.009429  -0.176234  0.975596  0.130973  0.032641  -0.127191  0.991341  -0.003147  -0.001908  -0.000576  0.470147  0.009158  0.035656  2.000000  0.999398  0.034702  0.000288  -0.034699  0.999107  0.024092  0.000549  -0.024087  0.999710  1.000000  0.000034  -0.000265  -0.000032  0.999955  0.009461  0.000266  -0.009461  0.999955  1.000000  0.000000  -0.000003  -0.000000  1.000000  0.000118  0.000003  -0.000118  1.000000  0.999398  0.034702  0.000288  -0.034699  0.999107  0.024092  0.000549  -0.024087  0.999710  0.000118  0.009465  
38.081670 -0.000137  0.092912  0.011018  0.983803  0.179006  -0.009451  -0.176234  0.975513  0.131588  0.032775  -0.127791  0.991259  -0.002678  -0.001433  -0.000609  0.469530  0.015348  0.022772  2.000000  0.999398  0.034704  0.000290  -0.034701  0.999093  0.024682  0.000567  -0.024677  0.999695  1.000000  0.000051  -0.000398  -0.000048  0.999956  0.009340  0.000399  -0.009340  0.999956  1.000000  0.000001  -0.000005  -0.000001  1.000000  0.000117  0.000005  -0.000117  1.000000  0.999398  0.034704  0.000290  -0.034701  0.999093  0.024682  0.000567  -0.024677  0.999695  0.000118  0.009348  
38.082917 -0.000136  0.092914  0.011016  0.983803  0.179013  -0.009321  -0.176234  0.975417  0.132298  0.032775  -0.128513  0.991166  -0.002191  -0.000948  -0.000582  0.473400  0.016174  0.015918  2.000000  0.999397  0.034708  0.000277  -0.034704  0.999078  0.025278  0.000600  -0.025273  0.999680  1.000000  0.000069  -0.000531  -0.000064  0.999954  0.009582  0.000531  -0.009582  0.999954  1.000000  0.000001  -0.000007  -0.000001  1.000000  0.000120  0.000007  -0.000120  1.000000  0.999397  0.034708  0.000277  -0.034704  0.999078  0.025278  0.000600  -0.025273  0.999680  0.000119  0.009597  
38.084174 -0.000135  0.092917  0.011015  0.983803  0.179018  -0.009212  -0.176234  0.975337  0.132890  0.032775  -0.129114  0.991088  -0.001671  -0.000452  -0.000598  0.473036  0.017152  0.009140  2.000000  0.999397  0.034712  0.000265  -0.034707  0.999062  0.025878  0.000634  -0.025871  0.999665  1.000000  0.000069  -0.000531  -0.000064  0.999954  0.009582  0.000531  -0.009582  0.999954  1.000000  0.000001  -0.000007  -0.000001  1.000000  0.000120  0.000007  -0.000120  1.000000  0.999397  0.034712  0.000265  -0.034707  0.999062  0.025878  0.000634  -0.025871  0.999665  0.000118  0.009597  
38.085417 -0.000133  0.092919  0.011015  0.983766  0.179226  -0.009055  -0.176436  0.975203  0.133601  0.032775  -0.129835  0.990994  -0.001266  -0.000124  -0.000543  0.477554  0.016021  0.015805  2.000000  0.999397  0.034719  0.000253  -0.034713  0.999046  0.026488  0.000667  -0.026481  0.999649  1.000000  0.000273  -0.000504  -0.000269  0.999952  0.009832  0.000507  -0.009832  0.999952  1.000000  0.000003  -0.000006  -0.000003  1.000000  0.000123  0.000006  -0.000123  1.000000  0.999397  0.034719  0.000253  -0.034713  0.999046  0.026488  0.000667  -0.026481  0.999649  0.000120  0.009848  
38.086673 -0.000130  0.092922  0.011016  0.983771  0.179214  -0.008815  -0.176437  0.975125  0.134169  0.032641  -0.130437  0.990919  -0.000703  0.000323  -0.000460  0.473033  0.008069  0.007972  2.000000  0.999396  0.034742  0.000252  -0.034736  0.999032  0.026985  0.000686  -0.026977  0.999636  1.000000  0.000460  -0.000344  -0.000457  0.999950  0.009960  0.000349  -0.009959  0.999950  1.000000  0.000006  -0.000004  -0.000006  1.000000  0.000124  0.000004  -0.000124  1.000000  0.999396  0.034742  0.000252  -0.034736  0.999032  0.026985  0.000686  -0.026977  0.999636  0.000119  0.009976  
38.087916 -0.000128  0.092925  0.011017  0.983771  0.179220  -0.008685  -0.176437  0.975027  0.134879  0.032641  -0.131158  0.990824  -0.000244  0.000670  -0.000331  0.477379  0.008001  0.007914  2.000000  0.999395  0.034770  0.000252  -0.034764  0.999014  0.027619  0.000709  -0.027612  0.999618  1.000000  0.000461  -0.000344  -0.000457  0.999948  0.010202  0.000349  -0.010202  0.999948  1.000000  0.000006  -0.000004  -0.000006  1.000000  0.000128  0.000004  -0.000128  1.000000  0.999395  0.034770  0.000252  -0.034764  0.999014  0.027619  0.000709  -0.027612  0.999618  0.000119  0.010218  
38.088917 -0.000125  0.092927  0.011018  0.983807  0.179024  -0.008626  -0.176234  0.974998  0.135350  0.032641  -0.131638  0.990760  0.000180  0.000974  -0.000218  0.481153  0.008851  0.001111  2.000000  0.999395  0.034793  0.000252  -0.034786  0.998999  0.028130  0.000727  -0.028121  0.999604  1.000000  0.000461  -0.000344  -0.000457  0.999948  0.010202  0.000348  -0.010202  0.999948  1.000000  0.000006  -0.000004  -0.000006  1.000000  0.000128  0.000004  -0.000128  1.000000  0.999395  0.034793  0.000252  -0.034786  0.998999  0.028130  0.000727  -0.028121  0.999604  0.000121  0.010218  
38.089917 -0.000123  0.092929  0.011020  0.983807  0.179029  -0.008517  -0.176234  0.974916  0.135942  0.032641  -0.132239  0.990680  0.000556  0.001218  -0.000047  0.485247  0.008925  0.001126  2.000000  0.999394  0.034807  0.000245  -0.034799  0.998984  0.028647  0.000752  -0.028639  0.999590  1.000000  0.000275  -0.000503  -0.000269  0.999945  0.010438  0.000506  -0.010438  0.999945  1.000000  0.000003  -0.000006  -0.000003  1.000000  0.000130  0.000006  -0.000130  1.000000  0.999394  0.034807  0.000245  -0.034799  0.998984  0.028647  0.000752  -0.028639  0.999590  0.000121  0.010454  
