1-Time 2-Px 3-Py 4-Pz 5-R11 6-R21 7-R31 8-R12 9-R22 10-R32 11-R13 12-R23 13-R33 14-Vx 15-Vy 16-Vz 17-Wx 18-Wy 19-Wz 20-state 21-PR11 22-PR21 23-PR31 24-PR12 25-PR22 26-PR32 27-PR13 28-PR23 29-PR33 
93.567133 0.008658  0.099383  -0.005965  0.999152  0.041155  0.001338  -0.041163  0.997443  0.058426  0.001070  -0.058432  0.998291  0.000168  0.000203  0.000119  0.000000  0.000000  0.000000  2.000000  1.000000  0.000000  0.000000  -0.000000  1.000000  0.000000  0.000000  -0.000000  1.000000  1.000000  -0.000617  -0.000036  0.000617  1.000000  -0.000486  0.000036  0.000486  1.000000  1.000000  0.000000  0.000000  0.000000  1.000000  0.000000  0.000000  0.000000  1.000000  0.685716  0.285701  0.669454  -0.304820  0.947925  -0.092319  -0.660968  -0.140759  0.737095  0.000000  0.000000  
93.568390 0.008659  0.099384  -0.005965  0.999152  0.041155  0.001338  -0.041163  0.997443  0.058426  0.001070  -0.058432  0.998291  0.000240  0.000260  0.000127  0.000000  0.000000  0.000000  2.000000  1.000000  0.000000  0.000000  0.000000  1.000000  0.000000  0.000000  0.000000  1.000000  1.000000  -0.000617  -0.000036  0.000617  1.000000  -0.000486  0.000036  0.000486  1.000000  1.000000  0.000000  0.000000  0.000000  1.000000  0.000000  0.000000  0.000000  1.000000  1.000000  0.000000  0.000000  0.000000  1.000000  0.000000  0.000000  0.000000  1.000000  0.000000  0.000000  
93.569639 0.008661  0.099384  -0.005967  0.999143  0.041360  0.001355  -0.041368  0.997427  0.058547  0.001070  -0.058553  0.998284  0.000371  0.000284  0.000007  0.000000  0.000000  0.000000  2.000000  1.000000  0.000000  0.000000  0.000000  1.000000  0.000000  0.000000  0.000000  1.000000  1.000000  -0.000411  -0.000024  0.000411  1.000000  -0.000486  0.000024  0.000486  1.000000  1.000000  0.000000  0.000000  0.000000  1.000000  0.000000  0.000000  0.000000  1.000000  1.000000  0.000000  0.000000  0.000000  1.000000  0.000000  0.000000  0.000000  1.000000  0.000000  0.000000  
93.570885 0.008664  0.099385  -0.005969  0.999135  0.041565  0.001367  -0.041574  0.997419  0.058547  0.001070  -0.058553  0.998284  0.000544  0.000336  -0.000127  0.000000  0.000000  0.000000  2.000000  1.000000  0.000000  0.000000  0.000000  1.000000  0.000000  0.000000  0.000000  1.000000  1.000000  0.000000  0.000000  -0.000000  1.000000  -0.000364  0.000000  0.000364  1.000000  1.000000  0.000000  0.000000  0.000000  1.000000  0.000000  0.000000  0.000000  1.000000  1.000000  0.000000  0.000000  0.000000  1.000000  0.000000  0.000000  0.000000  1.000000  0.000000  0.000000  
93.572135 0.008666  0.099385  -0.005972  0.999135  0.041565  0.001377  -0.041574  0.997404  0.058789  0.001070  -0.058795  0.998269  0.000711  0.000253  -0.000343  0.000000  0.000000  0.000000  2.000000  1.000000  0.000000  0.000000  0.000000  1.000000  0.000000  0.000000  0.000000  1.000000  1.000000  -0.000000  -0.000000  -0.000000  1.000000  -0.000121  0.000000  0.000121  1.000000  1.000000  0.000000  0.000000  0.000000  1.000000  0.000000  0.000000  0.000000  1.000000  1.000000  0.000000  0.000000  0.000000  1.000000  0.000000  0.000000  0.000000  1.000000  0.000000  0.000000  
93.573136 0.008669  0.099385  -0.005974  0.999126  0.041778  0.001255  -0.041780  0.997395  0.058794  0.001204  -0.058795  0.998269  0.000903  0.000259  -0.000457  0.000000  0.000000  0.000000  2.000000  1.000000  0.000000  0.000000  0.000000  1.000000  0.000000  0.000000  0.000000  1.000000  1.000000  0.000008  -0.000134  -0.000008  1.000000  0.000000  0.000134  0.000000  1.000000  1.000000  0.000000  0.000000  0.000000  1.000000  0.000000  0.000000  0.000000  1.000000  1.000000  0.000000  0.000000  0.000000  1.000000  0.000000  0.000000  0.000000  1.000000  0.000000  0.000000  
93.574385 0.008674  0.099386  -0.005976  0.999118  0.041983  0.001273  -0.041985  0.997380  0.058915  0.001204  -0.058916  0.998262  0.001192  0.000317  -0.000632  0.000000  0.000000  0.000000  2.000000  1.000000  0.000000  0.000000  0.000000  1.000000  0.000000  0.000000  0.000000  1.000000  1.000000  0.000213  -0.000121  -0.000213  1.000000  0.000122  0.000121  -0.000122  1.000000  1.000000  0.000000  0.000000  0.000000  1.000000  0.000000  0.000000  0.000000  1.000000  1.000000  0.000000  0.000000  0.000000  1.000000  0.000000  0.000000  0.000000  1.000000  0.000000  0.000000  
93.575636 0.008678  0.099387  -0.005979  0.999109  0.042196  0.001162  -0.042191  0.997356  0.059162  0.001338  -0.059158  0.998248  0.001490  0.000352  -0.000797  0.000000  0.000000  0.000000  2.000000  1.000000  0.000000  0.000000  0.000000  1.000000  0.000000  0.000000  0.000000  1.000000  1.000000  0.000838  -0.000219  -0.000838  1.000000  0.000244  0.000219  -0.000243  1.000000  1.000000  0.000000  0.000000  0.000000  1.000000  0.000000  0.000000  0.000000  1.000000  1.000000  0.000000  0.000000  0.000000  1.000000  0.000000  0.000000  0.000000  1.000000  0.000000  0.000000  
93.576880 0.008682  0.099387  -0.005981  0.999091  0.042607  0.001186  -0.042602  0.997339  0.059162  0.001338  -0.059158  0.998248  0.001707  0.000353  -0.000980  0.000000  0.000000  0.000000  2.000000  1.000000  0.000000  0.000000  0.000000  1.000000  0.000000  0.000000  0.000000  1.000000  0.999999  0.001249  -0.000194  -0.001249  0.999999  0.000487  0.000195  -0.000487  1.000000  1.000000  0.000000  0.000000  0.000000  1.000000  0.000000  0.000000  0.000000  1.000000  1.000000  0.000000  0.000000  0.000000  1.000000  0.000000  0.000000  0.000000  1.000000  0.000000  0.000000  
93.577884 0.008685  0.099388  -0.005983  0.999074  0.043017  0.001215  -0.043014  0.997314  0.059282  0.001338  -0.059279  0.998241  0.001899  0.000358  -0.001094  0.000000  0.000000  0.000000  2.000000  1.000000  0.000000  0.000000  0.000000  1.000000  0.000000  0.000000  0.000000  1.000000  0.999999  0.001454  -0.000182  -0.001454  0.999999  0.000608  0.000183  -0.000608  1.000000  1.000000  0.000000  0.000000  0.000000  1.000000  0.000000  0.000000  0.000000  1.000000  1.000000  0.000000  0.000000  0.000000  1.000000  0.000000  0.000000  0.000000  1.000000  0.000000  0.000000  
93.579128 0.008690  0.099389  -0.005984  0.999056  0.043420  0.001373  -0.043425  0.997297  0.059276  0.001204  -0.059279  0.998241  0.002257  0.000454  -0.001217  0.000000  0.000000  0.000000  2.000000  1.000000  0.000000  0.000000  0.000000  1.000000  0.000000  0.000000  0.000000  1.000000  0.999998  0.001858  -0.000024  -0.001857  0.999998  0.000609  0.000025  -0.000609  1.000000  1.000000  0.000000  0.000000  0.000000  1.000000  0.000000  0.000000  0.000000  1.000000  1.000000  0.000000  0.000000  0.000000  1.000000  0.000000  0.000000  0.000000  1.000000  0.000000  0.000000  
93.580130 0.008695  0.099391  -0.005986  0.999047  0.043625  0.001391  -0.043631  0.997281  0.059396  0.001204  -0.059401  0.998234  0.002544  0.000590  -0.001355  0.000000  0.000000  0.000000  2.000000  1.000000  0.000000  0.000000  0.000000  1.000000  0.000000  0.000000  0.000000  1.000000  0.999997  0.002269  0.000001  -0.002269  0.999997  0.000730  0.000001  -0.000730  1.000000  1.000000  0.000000  0.000000  0.000000  1.000000  0.000000  0.000000  0.000000  1.000000  1.000000  0.000000  0.000000  0.000000  1.000000  0.000000  0.000000  0.000000  1.000000  0.000000  0.000000  
93.581380 0.008701  0.099395  -0.005987  0.999029  0.044044  0.001282  -0.044042  0.997262  0.059402  0.001338  -0.059400  0.998233  0.002954  0.000788  -0.001489  0.000000  0.000000  0.000000  2.000000  1.000000  0.000000  0.000000  0.000000  1.000000  0.000000  0.000000  0.000000  1.000000  0.999996  0.002687  -0.000108  -0.002687  0.999996  0.000852  0.000110  -0.000852  1.000000  1.000000  0.000000  0.000000  0.000000  1.000000  0.000000  0.000000  0.000000  1.000000  1.000000  0.000000  0.000000  0.000000  1.000000  0.000000  0.000000  0.000000  1.000000  0.000000  0.000000  
93.582633 0.008708  0.099399  -0.005989  0.999001  0.044660  0.001324  -0.044659  0.997228  0.059522  0.001338  -0.059522  0.998226  0.003330  0.001022  -0.001585  0.000000  0.000000  0.000000  2.000000  1.000000  0.000000  0.000000  0.000000  1.000000  0.000000  0.000000  0.000000  1.000000  0.999995  0.003304  -0.000071  -0.003304  0.999994  0.000974  0.000074  -0.000974  1.000000  1.000000  0.000000  0.000000  0.000000  1.000000  0.000000  0.000000  0.000000  1.000000  1.000000  0.000000  0.000000  0.000000  1.000000  0.000000  0.000000  0.000000  1.000000  0.000000  0.000000  
93.583885 0.008715  0.099404  -0.005991  0.998983  0.045078  0.001220  -0.045070  0.997201  0.059648  0.001472  -0.059643  0.998219  0.003761  0.001345  -0.001650  0.000000  0.000000  0.000000  2.000000  1.000000  0.000000  0.000000  0.000000  1.000000  0.000000  0.000000  0.000000  1.000000  0.999992  0.003929  -0.000167  -0.003928  0.999992  0.001097  0.000172  -0.001096  0.999999  1.000000  0.000000  0.000000  0.000000  1.000000  0.000000  0.000000  0.000000  1.000000  1.000000  0.000000  0.000000  0.000000  1.000000  0.000000  0.000000  0.000000  1.000000  0.000000  0.000000  
93.585136 0.008723  0.099409  -0.005993  0.998964  0.045488  0.001251  -0.045482  0.997176  0.059769  0.001472  -0.059764  0.998211  0.004103  0.001599  -0.001665  0.000000  0.000000  0.000000  2.000000  1.000000  0.000000  0.000000  0.000000  1.000000  0.000000  0.000000  0.000000  1.000000  0.999991  0.004340  -0.000142  -0.004339  0.999990  0.001219  0.000148  -0.001218  0.999999  1.000000  0.000000  0.000000  0.000000  1.000000  0.000000  0.000000  0.000000  1.000000  1.000000  0.000000  0.000000  0.000000  1.000000  0.000000  0.000000  0.000000  1.000000  0.000000  0.000000  
93.586390 0.008730  0.099412  -0.005996  0.998945  0.045899  0.001281  -0.045893  0.997149  0.059889  0.001472  -0.059885  0.998204  0.004403  0.001845  -0.001710  0.000000  0.000000  0.000000  2.000000  1.000000  0.000000  0.000000  0.000000  1.000000  0.000000  0.000000  0.000000  1.000000  0.999989  0.004751  -0.000117  -0.004750  0.999988  0.001462  0.000124  -0.001461  0.999999  1.000000  0.000000  0.000000  0.000000  1.000000  0.000000  0.000000  0.000000  1.000000  1.000000  0.000000  0.000000  0.000000  1.000000  0.000000  0.000000  0.000000  1.000000  0.000000  0.000000  
93.587637 0.008737  0.099416  -0.005999  0.998917  0.046522  0.001196  -0.046510  0.997106  0.060137  0.001606  -0.060127  0.998189  0.004613  0.002061  -0.001740  0.049133  0.007678  0.173677  2.000000  1.000000  0.000070  0.000109  -0.000070  1.000000  0.000041  -0.000109  -0.000041  1.000000  0.999987  0.005170  -0.000225  -0.005169  0.999985  0.001706  0.000234  -0.001704  0.999999  1.000000  0.000035  0.000055  -0.000035  1.000000  0.000021  -0.000055  -0.000021  1.000000  1.000000  0.000070  0.000109  -0.000070  1.000000  0.000041  -0.000109  -0.000041  1.000000  0.000000  0.005448  
93.588884 0.008743  0.099418  -0.006003  0.998897  0.046933  0.001232  -0.046921  0.997072  0.060378  0.001606  -0.060369  0.998175  0.004777  0.002212  -0.001799  0.057307  0.006834  0.187502  2.000000  1.000000  0.000254  0.000402  -0.000254  1.000000  0.000152  -0.000402  -0.000152  1.000000  0.999983  0.005786  -0.000187  -0.005786  0.999982  0.001828  0.000197  -0.001827  0.999998  1.000000  0.000038  0.000061  -0.000038  1.000000  0.000023  -0.000061  -0.000023  1.000000  1.000000  0.000254  0.000402  -0.000254  1.000000  0.000152  -0.000402  -0.000152  1.000000  0.000049  0.006071  
93.590134 0.008751  0.099421  -0.006008  0.998868  0.047540  0.001414  -0.047538  0.997029  0.060613  0.001472  -0.060611  0.998160  0.004959  0.002305  -0.002020  0.065473  0.001086  0.207953  2.000000  1.000000  0.000451  0.000721  -0.000451  1.000000  0.000277  -0.000721  -0.000277  1.000000  0.999982  0.005992  -0.000173  -0.005991  0.999980  0.001949  0.000185  -0.001948  0.999998  1.000000  0.000039  0.000064  -0.000039  1.000000  0.000024  -0.000064  -0.000024  1.000000  1.000000  0.000451  0.000721  -0.000451  1.000000  0.000277  -0.000721  -0.000277  1.000000  0.000053  0.006303  
93.591136 0.008755  0.099422  -0.006013  0.998849  0.047950  0.001445  -0.047950  0.997002  0.060733  0.001472  -0.060732  0.998153  0.005058  0.002398  -0.002219  0.073637  0.000261  0.221749  2.000000  0.999999  0.000608  0.000991  -0.000608  1.000000  0.000383  -0.000990  -0.000384  0.999999  0.999981  0.006189  -0.000026  -0.006189  0.999978  0.002191  0.000039  -0.002191  0.999998  1.000000  0.000039  0.000067  -0.000039  1.000000  0.000027  -0.000067  -0.000027  1.000000  0.999999  0.000608  0.000991  -0.000608  1.000000  0.000383  -0.000990  -0.000384  0.999999  0.000057  0.006566  
93.592385 0.008761  0.099423  -0.006020  0.998829  0.048360  0.001481  -0.048361  0.996967  0.060974  0.001472  -0.060974  0.998138  0.005192  0.002428  -0.002520  0.081824  -0.001006  0.242491  2.000000  0.999999  0.000773  0.001276  -0.000774  1.000000  0.000496  -0.001276  -0.000497  0.999999  0.999977  0.006806  0.000014  -0.006806  0.999974  0.002313  0.000002  -0.002313  0.999997  1.000000  0.000042  0.000074  -0.000042  1.000000  0.000029  -0.000074  -0.000029  1.000000  0.999999  0.000773  0.001276  -0.000774  1.000000  0.000496  -0.001276  -0.000497  0.999999  0.000064  0.007188  
93.593631 0.008768  0.099424  -0.006027  0.998809  0.048771  0.001518  -0.048772  0.996932  0.061215  0.001472  -0.061217  0.998123  0.005287  0.002371  -0.002888  0.090287  -0.001870  0.257141  2.000000  0.999998  0.000988  0.001655  -0.000989  0.999999  0.000643  -0.001654  -0.000645  0.999998  0.999974  0.007208  0.000174  -0.007209  0.999971  0.002435  -0.000156  -0.002436  0.999997  1.000000  0.000043  0.000079  -0.000043  1.000000  0.000030  -0.000079  -0.000030  1.000000  0.999998  0.000988  0.001655  -0.000989  0.999999  0.000643  -0.001654  -0.000645  0.999998  0.000068  0.007611  
93.594631 0.008773  0.099425  -0.006032  0.998789  0.049181  0.001556  -0.049183  0.996897  0.061457  0.001472  -0.061459  0.998109  0.005362  0.002314  -0.003150  0.098166  -0.002726  0.270122  2.000000  0.999997  0.001161  0.001971  -0.001163  0.999999  0.000764  -0.001971  -0.000767  0.999998  0.999973  0.007414  0.000188  -0.007414  0.999970  0.002435  -0.000169  -0.002436  0.999997  1.000000  0.000044  0.000081  -0.000044  1.000000  0.000030  -0.000081  -0.000030  1.000000  0.999997  0.001161  0.001971  -0.001163  0.999999  0.000764  -0.001971  -0.000767  0.999998  0.000072  0.007806  
93.595881 0.008781  0.099428  -0.006040  0.998758  0.049796  0.001606  -0.049800  0.996852  0.061698  0.001472  -0.061701  0.998094  0.005496  0.002292  -0.003568  0.110436  -0.003989  0.290882  2.000000  0.999996  0.001380  0.002380  -0.001382  0.999999  0.000924  -0.002379  -0.000927  0.999997  0.999973  0.007405  0.000323  -0.007406  0.999969  0.002556  -0.000304  -0.002559  0.999997  1.000000  0.000043  0.000082  -0.000043  1.000000  0.000032  -0.000082  -0.000032  1.000000  0.999996  0.001380  0.002380  -0.001382  0.999999  0.000924  -0.002379  -0.000927  0.999997  0.000076  0.007841  
93.597131 0.008789  0.099432  -0.006046  0.998738  0.050206  0.001643  -0.050211  0.996816  0.061939  0.001472  -0.061943  0.998079  0.005578  0.002310  -0.003818  0.117650  -0.004818  0.302236  2.000000  0.999995  0.001596  0.002796  -0.001599  0.999998  0.001088  -0.002794  -0.001092  0.999996  0.999973  0.007405  0.000325  -0.007406  0.999969  0.002678  -0.000305  -0.002680  0.999996  1.000000  0.000043  0.000082  -0.000043  1.000000  0.000033  -0.000082  -0.000033  1.000000  0.999995  0.001596  0.002796  -0.001599  0.999998  0.001088  -0.002794  -0.001092  0.999996  0.000080  0.007882  
93.598131 0.008796  0.099435  -0.006050  0.998727  0.050411  0.001662  -0.050417  0.996798  0.062059  0.001472  -0.062064  0.998071  0.005679  0.002298  -0.004067  0.121695  -0.005250  0.309068  2.000000  0.999994  0.001771  0.003131  -0.001774  0.999998  0.001224  -0.003129  -0.001230  0.999994  0.999971  0.007611  0.000339  -0.007612  0.999967  0.002799  -0.000318  -0.002802  0.999996  1.000000  0.000044  0.000084  -0.000044  1.000000  0.000035  -0.000084  -0.000035  1.000000  0.999994  0.001771  0.003131  -0.001774  0.999998  0.001224  -0.003129  -0.001230  0.999994  0.000083  0.008117  
93.599383 0.008804  0.099439  -0.006056  0.998706  0.050821  0.001700  -0.050828  0.996762  0.062300  0.001472  -0.062306  0.998056  0.005730  0.002203  -0.004265  0.126824  -0.005770  0.318624  2.000000  0.999992  0.001987  0.003544  -0.001992  0.999997  0.001403  -0.003541  -0.001410  0.999993  0.999973  0.007414  0.000194  -0.007414  0.999968  0.002920  -0.000172  -0.002922  0.999996  1.000000  0.000044  0.000081  -0.000044  1.000000  0.000037  -0.000081  -0.000037  1.000000  0.999992  0.001987  0.003544  -0.001992  0.999997  0.001403  -0.003541  -0.001410  0.999993  0.000085  0.007971  
93.600630 0.008812  0.099443  -0.006061  0.998696  0.051026  0.001719  -0.051034  0.996744  0.062421  0.001472  -0.062427  0.998048  0.005779  0.002212  -0.004443  0.129785  -0.005740  0.315904  2.000000  0.999990  0.002165  0.003872  -0.002171  0.999996  0.001554  -0.003869  -0.001563  0.999991  0.999973  0.007414  0.000196  -0.007414  0.999968  0.003042  -0.000173  -0.003043  0.999995  1.000000  0.000044  0.000081  -0.000044  1.000000  0.000038  -0.000081  -0.000038  1.000000  0.999990  0.002165  0.003872  -0.002171  0.999996  0.001554  -0.003869  -0.001563  0.999991  0.000087  0.008016  
93.601883 0.008820  0.099447  -0.006066  0.998675  0.051436  0.001751  -0.051445  0.996716  0.062541  0.001472  -0.062548  0.998041  0.005806  0.002226  -0.004555  0.126820  -0.006686  0.332383  2.000000  0.999988  0.002385  0.004283  -0.002393  0.999996  0.001748  -0.004279  -0.001758  0.999989  0.999973  0.007405  0.000330  -0.007406  0.999968  0.003163  -0.000307  -0.003165  0.999995  1.000000  0.000043  0.000082  -0.000043  1.000000  0.000040  -0.000082  -0.000040  1.000000  0.999988  0.002385  0.004283  -0.002393  0.999996  0.001748  -0.004279  -0.001758  0.999989  0.000089  0.008060  
93.602904 0.008825  0.099450  -0.006070  0.998653  0.051846  0.001789  -0.051856  0.996679  0.062782  0.001472  -0.062790  0.998026  0.005788  0.002216  -0.004709  0.134913  -0.011628  0.338782  2.000000  0.999986  0.002555  0.004609  -0.002564  0.999995  0.001907  -0.004605  -0.001919  0.999988  0.999974  0.007200  0.000318  -0.007201  0.999969  0.003163  -0.000295  -0.003165  0.999995  1.000000  0.000042  0.000080  -0.000042  1.000000  0.000040  -0.000080  -0.000040  1.000000  0.999986  0.002555  0.004609  -0.002564  0.999995  0.001907  -0.004605  -0.001919  0.999988  0.000091  0.007871  
93.604137 0.008831  0.099453  -0.006076  0.998643  0.052051  0.001808  -0.052062  0.996661  0.062903  0.001472  -0.062912  0.998018  0.005773  0.002245  -0.004807  0.134991  -0.011676  0.338975  2.000000  0.999984  0.002722  0.004932  -0.002732  0.999994  0.002073  -0.004926  -0.002087  0.999986  0.999974  0.007200  0.000320  -0.007201  0.999968  0.003405  -0.000295  -0.003407  0.999994  1.000000  0.000042  0.000080  -0.000042  1.000000  0.000043  -0.000080  -0.000043  1.000000  0.999984  0.002722  0.004932  -0.002732  0.999994  0.002073  -0.004926  -0.002087  0.999986  0.000092  0.007971  
93.605383 0.008837  0.099455  -0.006082  0.998632  0.052248  0.001961  -0.052267  0.996643  0.063016  0.001338  -0.063033  0.998011  0.005698  0.002231  -0.004871  0.130939  -0.020719  0.338488  2.000000  0.999982  0.002914  0.005325  -0.002927  0.999993  0.002281  -0.005318  -0.002296  0.999983  0.999975  0.006977  0.000575  -0.006979  0.999970  0.003283  -0.000552  -0.003287  0.999994  1.000000  0.000038  0.000079  -0.000038  1.000000  0.000041  -0.000079  -0.000041  1.000000  0.999982  0.002914  0.005325  -0.002927  0.999993  0.002281  -0.005318  -0.002296  0.999983  0.000091  0.007733  
93.606383 0.008841  0.099456  -0.006088  0.998621  0.052452  0.001987  -0.052473  0.996617  0.063258  0.001338  -0.063275  0.997995  0.005676  0.002288  -0.004927  0.139063  -0.020333  0.331526  2.000000  0.999979  0.003060  0.005634  -0.003074  0.999992  0.002447  -0.005627  -0.002464  0.999981  0.999977  0.006772  0.000563  -0.006773  0.999972  0.003283  -0.000540  -0.003286  0.999994  1.000000  0.000036  0.000077  -0.000036  1.000000  0.000041  -0.000077  -0.000041  1.000000  0.999979  0.003060  0.005634  -0.003074  0.999992  0.002447  -0.005627  -0.002464  0.999981  0.000091  0.007547  
93.607630 0.008847  0.099459  -0.006096  0.998600  0.052863  0.002019  -0.052884  0.996587  0.063378  0.001338  -0.063396  0.997988  0.005636  0.002409  -0.004982  0.137933  -0.020627  0.335658  2.000000  0.999977  0.003236  0.006013  -0.003252  0.999991  0.002659  -0.006004  -0.002678  0.999978  0.999978  0.006558  0.000685  -0.006560  0.999973  0.003404  -0.000662  -0.003408  0.999994  1.000000  0.000034  0.000075  -0.000034  1.000000  0.000043  -0.000075  -0.000043  1.000000  0.999977  0.003236  0.006013  -0.003252  0.999991  0.002659  -0.006004  -0.002678  0.999978  0.000090  0.007421  
93.608883 0.008852  0.099461  -0.006104  0.998589  0.053067  0.002045  -0.053090  0.996561  0.063619  0.001338  -0.063638  0.997972  0.005530  0.002486  -0.005005  0.147168  -0.015498  0.324850  2.000000  0.999974  0.003367  0.006310  -0.003385  0.999990  0.002829  -0.006300  -0.002851  0.999976  0.999980  0.006352  0.000673  -0.006354  0.999974  0.003525  -0.000651  -0.003529  0.999994  1.000000  0.000033  0.000073  -0.000033  1.000000  0.000044  -0.000073  -0.000044  1.000000  0.999974  0.003367  0.006310  -0.003385  0.999990  0.002829  -0.006300  -0.002851  0.999976  0.000089  0.007297  
93.610307 0.008858  0.099464  -0.006113  0.998578  0.053272  0.002071  -0.053295  0.996535  0.063860  0.001338  -0.063880  0.997957  0.005373  0.002508  -0.005072  0.150345  -0.015041  0.316068  2.000000  0.999972  0.003524  0.006666  -0.003544  0.999989  0.003046  -0.006655  -0.003069  0.999973  0.999982  0.005941  0.000648  -0.005943  0.999976  0.003524  -0.000627  -0.003528  0.999994  1.000000  0.000030  0.000068  -0.000030  1.000000  0.000044  -0.000068  -0.000044  1.000000  0.999972  0.003524  0.006666  -0.003544  0.999989  0.003046  -0.006655  -0.003069  0.999973  0.000087  0.006939  
93.611384 0.008864  0.099467  -0.006122  0.998578  0.053271  0.002084  -0.053295  0.996519  0.064102  0.001338  -0.064122  0.997941  0.005275  0.002474  -0.005348  0.159423  -0.018806  0.303912  2.000000  0.999970  0.003615  0.006873  -0.003637  0.999988  0.003177  -0.006862  -0.003202  0.999971  0.999982  0.005941  0.000650  -0.005943  0.999976  0.003646  -0.000628  -0.003650  0.999993  1.000000  0.000030  0.000068  -0.000030  1.000000  0.000046  -0.000068  -0.000046  1.000000  0.999970  0.003615  0.006873  -0.003637  0.999988  0.003177  -0.006862  -0.003202  0.999971  0.000087  0.007002  
93.612632 0.008870  0.099469  -0.006133  0.998567  0.053476  0.002110  -0.053501  0.996493  0.064343  0.001338  -0.064364  0.997926  0.005144  0.002363  -0.005649  0.162129  -0.018279  0.294525  2.000000  0.999967  0.003766  0.007201  -0.003790  0.999987  0.003399  -0.007188  -0.003426  0.999968  0.999985  0.005538  0.000491  -0.005540  0.999978  0.003645  -0.000471  -0.003648  0.999993  1.000000  0.000029  0.000063  -0.000029  1.000000  0.000046  -0.000063  -0.000046  1.000000  0.999967  0.003766  0.007201  -0.003790  0.999987  0.003399  -0.007188  -0.003426  0.999968  0.000085  0.006649  
93.613636 0.008874  0.099470  -0.006142  0.998556  0.053681  0.002130  -0.053706  0.996474  0.064464  0.001338  -0.064485  0.997918  0.004945  0.002197  -0.005998  0.163489  -0.022526  0.289790  2.000000  0.999965  0.003877  0.007442  -0.003903  0.999986  0.003573  -0.007428  -0.003602  0.999966  0.999986  0.005333  0.000479  -0.005335  0.999980  0.003524  -0.000460  -0.003526  0.999994  1.000000  0.000028  0.000061  -0.000028  1.000000  0.000044  -0.000061  -0.000044  1.000000  0.999965  0.003877  0.007442  -0.003903  0.999986  0.003573  -0.007428  -0.003602  0.999966  0.000083  0.006411  
93.614880 0.008879  0.099471  -0.006152  0.998556  0.053680  0.002143  -0.053706  0.996458  0.064706  0.001338  -0.064727  0.997902  0.004770  0.002008  -0.006320  0.166162  -0.021538  0.273692  2.000000  0.999963  0.003958  0.007620  -0.003986  0.999985  0.003701  -0.007605  -0.003732  0.999964  0.999988  0.004922  0.000453  -0.004923  0.999982  0.003523  -0.000436  -0.003526  0.999994  1.000000  0.000000  0.000000  0.000000  1.000000  0.000000  0.000000  0.000000  1.000000  0.999963  0.003958  0.007620  -0.003986  0.999985  0.003701  -0.007605  -0.003732  0.999964  0.000082  0.000000  
93.615882 0.008884  0.099473  -0.006160  0.998545  0.053885  0.002169  -0.053912  0.996431  0.064947  0.001338  -0.064969  0.997886  0.004656  0.001895  -0.006584  0.170227  -0.021163  0.266889  2.000000  0.999963  0.003958  0.007620  -0.003986  0.999985  0.003701  -0.007605  -0.003732  0.999964  0.999989  0.004716  0.000441  -0.004718  0.999983  0.003402  -0.000425  -0.003404  0.999994  1.000000  0.000000  0.000000  0.000000  1.000000  0.000000  0.000000  0.000000  1.000000  0.999963  0.003958  0.007620  -0.003986  0.999985  0.003701  -0.007605  -0.003732  0.999964  0.000079  0.000000  
93.617144 0.008889  0.099474  -0.006171  0.998545  0.053885  0.002176  -0.053912  0.996423  0.065068  0.001338  -0.065090  0.997878  0.004474  0.001716  -0.007017  0.167465  -0.024996  0.254858  2.000000  0.999963  0.003958  0.007620  -0.003986  0.999985  0.003701  -0.007605  -0.003732  0.999964  0.999992  0.004100  0.000402  -0.004101  0.999986  0.003401  -0.000388  -0.003403  0.999994  1.000000  0.000000  0.000000  0.000000  1.000000  0.000000  0.000000  0.000000  1.000000  0.999963  0.003958  0.007620  -0.003986  0.999985  0.003701  -0.007605  -0.003732  0.999964  0.000078  0.000000  
93.618393 0.008893  0.099474  -0.006181  0.998534  0.054081  0.002329  -0.054118  0.996405  0.065181  0.001204  -0.065211  0.997871  0.004385  0.001550  -0.007264  0.167433  -0.028647  0.240774  2.000000  0.999963  0.003958  0.007620  -0.003986  0.999985  0.003701  -0.007605  -0.003732  0.999964  0.999992  0.003894  0.000389  -0.003896  0.999987  0.003280  -0.000376  -0.003281  0.999995  1.000000  0.000000  0.000000  0.000000  1.000000  0.000000  0.000000  0.000000  1.000000  0.999963  0.003958  0.007620  -0.003986  0.999985  0.003701  -0.007605  -0.003732  0.999964  0.000075  0.000000  
93.619632 0.008897  0.099474  -0.006192  0.998534  0.054080  0.002342  -0.054118  0.996389  0.065423  0.001204  -0.065454  0.997855  0.004261  0.001382  -0.007570  0.166112  -0.027618  0.225196  2.000000  0.999963  0.003958  0.007620  -0.003986  0.999985  0.003701  -0.007605  -0.003732  0.999964  0.999993  0.003680  0.000509  -0.003682  0.999988  0.003279  -0.000497  -0.003281  0.999994  1.000000  0.000000  0.000000  0.000000  1.000000  0.000000  0.000000  0.000000  1.000000  0.999963  0.003958  0.007620  -0.003986  0.999985  0.003701  -0.007605  -0.003732  0.999964  0.000070  0.000000  
93.620885 0.008902  0.099474  -0.006202  0.998523  0.054285  0.002362  -0.054323  0.996370  0.065543  0.001204  -0.065575  0.997847  0.004181  0.001235  -0.007761  0.163381  -0.022526  0.213533  2.000000  0.999963  0.003958  0.007620  -0.003986  0.999985  0.003701  -0.007605  -0.003732  0.999964  0.999994  0.003475  0.000497  -0.003476  0.999989  0.003279  -0.000485  -0.003281  0.999995  1.000000  0.000000  0.000000  0.000000  1.000000  0.000000  0.000000  0.000000  1.000000  0.999963  0.003958  0.007620  -0.003986  0.999985  0.003701  -0.007605  -0.003732  0.999964  0.000069  0.000000  
93.622136 0.008907  0.099475  -0.006211  0.998523  0.054285  0.002369  -0.054323  0.996362  0.065664  0.001204  -0.065696  0.997839  0.004138  0.001114  -0.007919  0.159271  -0.021686  0.199698  2.000000  0.999963  0.003958  0.007620  -0.003986  0.999985  0.003701  -0.007605  -0.003732  0.999964  0.999995  0.003064  0.000470  -0.003065  0.999990  0.003157  -0.000460  -0.003159  0.999995  1.000000  0.000000  0.000000  0.000000  1.000000  0.000000  0.000000  0.000000  1.000000  0.999963  0.003958  0.007620  -0.003986  0.999985  0.003701  -0.007605  -0.003732  0.999964  0.000065  0.000000  
93.623387 0.008912  0.099476  -0.006220  0.998523  0.054293  0.002242  -0.054323  0.996354  0.065792  0.001338  -0.065817  0.997831  0.004102  0.001048  -0.008031  0.155164  -0.016353  0.186140  2.000000  0.999963  0.003958  0.007620  -0.003986  0.999985  0.003701  -0.007605  -0.003732  0.999964  0.999996  0.002662  0.000310  -0.002663  0.999991  0.003157  -0.000301  -0.003158  0.999995  1.000000  0.000000  0.000000  0.000000  1.000000  0.000000  0.000000  0.000000  1.000000  0.999963  0.003958  0.007620  -0.003986  0.999985  0.003701  -0.007605  -0.003732  0.999964  0.000062  0.000000  
93.624638 0.008917  0.099477  -0.006230  0.998523  0.054293  0.002255  -0.054323  0.996338  0.066034  0.001338  -0.066059  0.997815  0.004044  0.000910  -0.008110  0.000000  0.000000  0.000000  2.000000  0.999963  0.003958  0.007620  -0.003986  0.999985  0.003701  -0.007605  -0.003732  0.999964  0.999997  0.002251  0.000283  -0.002252  0.999993  0.003035  -0.000276  -0.003036  0.999995  1.000000  0.000000  0.000000  0.000000  1.000000  0.000000  0.000000  0.000000  1.000000  0.999963  0.003958  0.007620  -0.003986  0.999985  0.003701  -0.007605  -0.003732  0.999964  0.000058  0.000000  
93.625880 0.008922  0.099478  -0.006241  0.998523  0.054293  0.002262  -0.054323  0.996330  0.066155  0.001338  -0.066180  0.997807  0.004021  0.000831  -0.008166  0.000000  0.000000  0.000000  2.000000  0.999963  0.003958  0.007620  -0.003986  0.999985  0.003701  -0.007605  -0.003732  0.999964  0.999998  0.002045  0.000270  -0.002046  0.999993  0.003156  -0.000263  -0.003157  0.999995  1.000000  0.000000  0.000000  0.000000  1.000000  0.000000  0.000000  0.000000  1.000000  0.999963  0.003958  0.007620  -0.003986  0.999985  0.003701  -0.007605  -0.003732  0.999964  0.000000  0.000000  
93.626880 0.008926  0.099478  -0.006250  0.998523  0.054292  0.002269  -0.054323  0.996322  0.066275  0.001338  -0.066301  0.997799  0.004005  0.000721  -0.008256  0.000000  0.000000  0.000000  2.000000  0.999963  0.003958  0.007620  -0.003986  0.999985  0.003701  -0.007605  -0.003732  0.999964  0.999998  0.001849  0.000123  -0.001849  0.999993  0.003156  -0.000117  -0.003156  0.999995  1.000000  0.000000  0.000000  0.000000  1.000000  0.000000  0.000000  0.000000  1.000000  0.999963  0.003958  0.007620  -0.003986  0.999985  0.003701  -0.007605  -0.003732  0.999964  0.000000  0.000000  
93.627881 0.008930  0.099478  -0.006260  0.998523  0.054292  0.002275  -0.054323  0.996313  0.066396  0.001338  -0.066422  0.997791  0.003952  0.000608  -0.008302  0.000000  0.000000  0.000000  2.000000  0.999963  0.003958  0.007620  -0.003986  0.999985  0.003701  -0.007605  -0.003732  0.999964  0.999999  0.001643  0.000109  -0.001644  0.999994  0.003156  -0.000104  -0.003156  0.999995  1.000000  0.000000  0.000000  0.000000  1.000000  0.000000  0.000000  0.000000  1.000000  0.999963  0.003958  0.007620  -0.003986  0.999985  0.003701  -0.007605  -0.003732  0.999964  0.000000  0.000000  
93.629131 0.008935  0.099478  -0.006271  0.998511  0.054497  0.002295  -0.054529  0.996294  0.066517  0.001338  -0.066543  0.997783  0.003937  0.000497  -0.008397  0.000000  0.000000  0.000000  2.000000  0.999963  0.003958  0.007620  -0.003986  0.999985  0.003701  -0.007605  -0.003732  0.999964  0.999999  0.001643  0.000110  -0.001644  0.999994  0.003035  -0.000105  -0.003035  0.999995  1.000000  0.000000  0.000000  0.000000  1.000000  0.000000  0.000000  0.000000  1.000000  0.999963  0.003958  0.007620  -0.003986  0.999985  0.003701  -0.007605  -0.003732  0.999964  0.000000  0.000000  
93.630381 0.008940  0.099478  -0.006283  0.998511  0.054496  0.002309  -0.054529  0.996278  0.066758  0.001338  -0.066785  0.997767  0.003905  0.000369  -0.008487  0.000000  0.000000  0.000000  2.000000  0.999963  0.003958  0.007620  -0.003986  0.999985  0.003701  -0.007605  -0.003732  0.999964  0.999999  0.001438  0.000096  -0.001438  0.999995  0.002913  -0.000092  -0.002913  0.999996  1.000000  0.000000  0.000000  0.000000  1.000000  0.000000  0.000000  0.000000  1.000000  0.999963  0.003958  0.007620  -0.003986  0.999985  0.003701  -0.007605  -0.003732  0.999964  0.000000  0.000000  
93.631381 0.008945  0.099477  -0.006294  0.998523  0.054291  0.002302  -0.054323  0.996281  0.066880  0.001338  -0.066906  0.997758  0.003927  0.000249  -0.008610  0.000000  0.000000  0.000000  2.000000  0.999963  0.003958  0.007620  -0.003986  0.999985  0.003701  -0.007605  -0.003732  0.999964  0.999999  0.001027  0.000069  -0.001027  0.999996  0.002670  -0.000066  -0.002670  0.999996  1.000000  0.000000  0.000000  0.000000  1.000000  0.000000  0.000000  0.000000  1.000000  0.999963  0.003958  0.007620  -0.003986  0.999985  0.003701  -0.007605  -0.003732  0.999964  0.000000  0.000000  
93.632385 0.008949  0.099476  -0.006303  0.998523  0.054282  0.002441  -0.054323  0.996274  0.066993  0.001204  -0.067027  0.997750  0.003976  0.000159  -0.008681  0.000000  0.000000  0.000000  2.000000  0.999963  0.003958  0.007620  -0.003986  0.999985  0.003701  -0.007605  -0.003732  0.999964  1.000000  0.000822  0.000055  -0.000822  0.999996  0.002670  -0.000053  -0.002670  0.999996  1.000000  0.000000  0.000000  0.000000  1.000000  0.000000  0.000000  0.000000  1.000000  0.999963  0.003958  0.007620  -0.003986  0.999985  0.003701  -0.007605  -0.003732  0.999964  0.000000  0.000000  
93.633631 0.008954  0.099474  -0.006316  0.998523  0.054281  0.002448  -0.054323  0.996265  0.067114  0.001204  -0.067148  0.997742  0.004017  -0.000003  -0.008859  0.000000  0.000000  0.000000  2.000000  0.999963  0.003958  0.007620  -0.003986  0.999985  0.003701  -0.007605  -0.003732  0.999964  1.000000  0.000813  0.000189  -0.000813  0.999996  0.002670  -0.000187  -0.002670  0.999996  1.000000  0.000000  0.000000  0.000000  1.000000  0.000000  0.000000  0.000000  1.000000  0.999963  0.003958  0.007620  -0.003986  0.999985  0.003701  -0.007605  -0.003732  0.999964  0.000000  0.000000  
93.634636 0.008958  0.099472  -0.006327  0.998511  0.054486  0.002468  -0.054529  0.996246  0.067234  0.001204  -0.067269  0.997734  0.004090  -0.000125  -0.008986  0.000000  0.000000  0.000000  2.000000  0.999963  0.003958  0.007620  -0.003986  0.999985  0.003701  -0.007605  -0.003732  0.999964  1.000000  0.000813  0.000189  -0.000813  0.999996  0.002670  -0.000187  -0.002670  0.999996  1.000000  0.000000  0.000000  0.000000  1.000000  0.000000  0.000000  0.000000  1.000000  0.999963  0.003958  0.007620  -0.003986  0.999985  0.003701  -0.007605  -0.003732  0.999964  0.000000  0.000000  
93.635640 0.008963  0.099471  -0.006337  0.998511  0.054486  0.002475  -0.054529  0.996238  0.067355  0.001204  -0.067390  0.997726  0.004141  -0.000213  -0.009161  0.000000  0.000000  0.000000  2.000000  0.999963  0.003958  0.007620  -0.003986  0.999985  0.003701  -0.007605  -0.003732  0.999964  1.000000  0.000607  0.000175  -0.000608  0.999997  0.002548  -0.000174  -0.002548  0.999997  1.000000  0.000000  0.000000  0.000000  1.000000  0.000000  0.000000  0.000000  1.000000  0.999963  0.003958  0.007620  -0.003986  0.999985  0.003701  -0.007605  -0.003732  0.999964  0.000000  0.000000  
93.636884 0.008969  0.099469  -0.006351  0.998511  0.054485  0.002488  -0.054529  0.996221  0.067597  0.001204  -0.067632  0.997710  0.004182  -0.000394  -0.009481  0.000000  0.000000  0.000000  2.000000  0.999963  0.003958  0.007620  -0.003986  0.999985  0.003701  -0.007605  -0.003732  0.999964  1.000000  0.000607  0.000175  -0.000608  0.999997  0.002548  -0.000174  -0.002548  0.999997  1.000000  0.000000  0.000000  0.000000  1.000000  0.000000  0.000000  0.000000  1.000000  0.999963  0.003958  0.007620  -0.003986  0.999985  0.003701  -0.007605  -0.003732  0.999964  0.000000  0.000000  
93.638135 0.008975  0.099467  -0.006364  0.998511  0.054485  0.002495  -0.054529  0.996213  0.067718  0.001204  -0.067753  0.997701  0.004266  -0.000610  -0.009710  0.000000  0.000000  0.000000  2.000000  0.999963  0.003958  0.007620  -0.003986  0.999985  0.003701  -0.007605  -0.003732  0.999964  1.000000  0.000402  0.000161  -0.000402  0.999997  0.002548  -0.000160  -0.002548  0.999997  1.000000  0.000000  0.000000  0.000000  1.000000  0.000000  0.000000  0.000000  1.000000  0.999963  0.003958  0.007620  -0.003986  0.999985  0.003701  -0.007605  -0.003732  0.999964  0.000000  0.000000  
93.639385 0.008981  0.099466  -0.006376  0.998511  0.054485  0.002501  -0.054529  0.996205  0.067839  0.001204  -0.067874  0.997693  0.004327  -0.000722  -0.009878  0.000000  0.000000  0.000000  2.000000  0.999963  0.003958  0.007620  -0.003986  0.999985  0.003701  -0.007605  -0.003732  0.999964  1.000000  0.000411  0.000028  -0.000411  0.999997  0.002548  -0.000027  -0.002548  0.999997  1.000000  0.000000  0.000000  0.000000  1.000000  0.000000  0.000000  0.000000  1.000000  0.999963  0.003958  0.007620  -0.003986  0.999985  0.003701  -0.007605  -0.003732  0.999964  0.000000  0.000000  
93.640634 0.008986  0.099465  -0.006389  0.998511  0.054484  0.002508  -0.054529  0.996197  0.067959  0.001204  -0.067995  0.997685  0.004363  -0.000907  -0.010008  0.000000  0.000000  0.000000  2.000000  0.999963  0.003958  0.007620  -0.003986  0.999985  0.003701  -0.007605  -0.003732  0.999964  1.000000  0.000411  0.000028  -0.000411  0.999997  0.002548  -0.000027  -0.002548  0.999997  1.000000  0.000000  0.000000  0.000000  1.000000  0.000000  0.000000  0.000000  1.000000  0.999963  0.003958  0.007620  -0.003986  0.999985  0.003701  -0.007605  -0.003732  0.999964  0.000000  0.000000  
93.641635 0.008990  0.099464  -0.006398  0.998511  0.054484  0.002515  -0.054529  0.996189  0.068080  0.001204  -0.068116  0.997677  0.004354  -0.000962  -0.010056  0.000000  0.000000  0.000000  2.000000  0.999963  0.003958  0.007620  -0.003986  0.999985  0.003701  -0.007605  -0.003732  0.999964  1.000000  0.000205  0.000014  -0.000205  0.999997  0.002547  -0.000013  -0.002547  0.999997  1.000000  0.000000  0.000000  0.000000  1.000000  0.000000  0.000000  0.000000  1.000000  0.999963  0.003958  0.007620  -0.003986  0.999985  0.003701  -0.007605  -0.003732  0.999964  0.000000  0.000000  
93.642881 0.008996  0.099463  -0.006410  0.998511  0.054484  0.002521  -0.054529  0.996180  0.068201  0.001204  -0.068237  0.997668  0.004414  -0.001000  -0.010049  0.000000  0.000000  0.000000  2.000000  0.999963  0.003958  0.007620  -0.003986  0.999985  0.003701  -0.007605  -0.003732  0.999964  1.000000  0.000196  0.000148  -0.000197  0.999997  0.002547  -0.000147  -0.002548  0.999997  1.000000  0.000000  0.000000  0.000000  1.000000  0.000000  0.000000  0.000000  1.000000  0.999963  0.003958  0.007620  -0.003986  0.999985  0.003701  -0.007605  -0.003732  0.999964  0.000000  0.000000  
93.643883 0.009000  0.099463  -0.006420  0.998511  0.054483  0.002528  -0.054529  0.996172  0.068322  0.001204  -0.068358  0.997660  0.004395  -0.001034  -0.010066  0.000000  0.000000  0.000000  2.000000  0.999963  0.003958  0.007620  -0.003986  0.999985  0.003701  -0.007605  -0.003732  0.999964  1.000000  0.000196  0.000148  -0.000197  0.999997  0.002547  -0.000147  -0.002548  0.999997  1.000000  0.000000  0.000000  0.000000  1.000000  0.000000  0.000000  0.000000  1.000000  0.999963  0.003958  0.007620  -0.003986  0.999985  0.003701  -0.007605  -0.003732  0.999964  0.000000  0.000000  
