1-Time 2-Px 3-Py 4-Pz 5-R11 6-R21 7-R31 8-R12 9-R22 10-R32 11-R13 12-R23 13-R33 14-Vx 15-Vy 16-Vz 17-Wx 18-Wy 19-Wz 20-state 21-PR11 22-PR21 23-PR31 24-PR12 25-PR22 26-PR32 27-PR13 28-PR23 29-PR33 
139.180205 0.004258  0.094527  -0.004953  0.996900  0.077500  -0.013574  -0.076703  0.995710  0.051753  0.017527  -0.050552  0.998568  -0.000056  -0.000022  0.000047  0.000000  0.000000  0.000000  2.000000  1.000000  0.000000  0.000000  -0.000000  1.000000  0.000000  0.000000  -0.000000  1.000000  1.000000  0.000206  0.000010  -0.000206  1.000000  0.000004  -0.000010  -0.000004  1.000000  1.000000  0.000000  0.000000  0.000000  1.000000  0.000000  0.000000  0.000000  1.000000  0.750750  0.315454  0.580400  -0.318314  0.942633  -0.100592  -0.578836  -0.109229  0.808095  0.000000  0.000000  
139.181206 0.004258  0.094527  -0.004953  0.996884  0.077705  -0.013563  -0.076908  0.995694  0.051756  0.017527  -0.050552  0.998568  -0.000056  -0.000022  0.000047  0.000000  0.000000  0.000000  2.000000  1.000000  0.000000  0.000000  0.000000  1.000000  0.000000  0.000000  0.000000  1.000000  1.000000  0.000411  0.000021  -0.000411  1.000000  0.000007  -0.000021  -0.000007  1.000000  1.000000  0.000000  0.000000  0.000000  1.000000  0.000000  0.000000  0.000000  1.000000  1.000000  0.000000  0.000000  0.000000  1.000000  0.000000  0.000000  0.000000  1.000000  0.000000  0.000000  
139.182456 0.004258  0.094525  -0.004955  0.996852  0.078115  -0.013542  -0.077318  0.995662  0.051762  0.017527  -0.050552  0.998568  -0.000062  -0.000132  -0.000074  0.000000  0.000000  0.000000  2.000000  1.000000  0.000000  0.000000  0.000000  1.000000  0.000000  0.000000  0.000000  1.000000  1.000000  0.000617  0.000031  -0.000617  1.000000  0.000011  -0.000031  -0.000011  1.000000  1.000000  0.000000  0.000000  0.000000  1.000000  0.000000  0.000000  0.000000  1.000000  1.000000  0.000000  0.000000  0.000000  1.000000  0.000000  0.000000  0.000000  1.000000  0.000000  0.000000  
139.183468 0.004257  0.094524  -0.004958  0.996820  0.078526  -0.013511  -0.077729  0.995623  0.051888  0.017527  -0.050673  0.998562  -0.000092  -0.000250  -0.000259  0.000000  0.000000  0.000000  2.000000  1.000000  0.000000  0.000000  0.000000  1.000000  0.000000  0.000000  0.000000  1.000000  0.999999  0.001233  0.000063  -0.001233  0.999999  0.000143  -0.000062  -0.000143  1.000000  1.000000  0.000000  0.000000  0.000000  1.000000  0.000000  0.000000  0.000000  1.000000  1.000000  0.000000  0.000000  0.000000  1.000000  0.000000  0.000000  0.000000  1.000000  0.000000  0.000000  
139.184704 0.004258  0.094521  -0.004960  0.996772  0.079145  -0.013460  -0.078344  0.995562  0.052138  0.017527  -0.050915  0.998549  -0.000056  -0.000412  -0.000428  0.000000  0.000000  0.000000  2.000000  1.000000  0.000000  0.000000  0.000000  1.000000  0.000000  0.000000  0.000000  1.000000  0.999999  0.001645  0.000084  -0.001645  0.999999  0.000271  -0.000083  -0.000272  1.000000  1.000000  0.000000  0.000000  0.000000  1.000000  0.000000  0.000000  0.000000  1.000000  1.000000  0.000000  0.000000  0.000000  1.000000  0.000000  0.000000  0.000000  1.000000  0.000000  0.000000  
139.185708 0.004259  0.094519  -0.004963  0.996756  0.079351  -0.013440  -0.078550  0.995539  0.052261  0.017527  -0.051036  0.998543  -0.000020  -0.000573  -0.000596  0.000000  0.000000  0.000000  2.000000  1.000000  0.000000  0.000000  0.000000  1.000000  0.000000  0.000000  0.000000  1.000000  0.999998  0.002056  0.000105  -0.002056  0.999998  0.000521  -0.000104  -0.000521  1.000000  1.000000  0.000000  0.000000  0.000000  1.000000  0.000000  0.000000  0.000000  1.000000  1.000000  0.000000  0.000000  0.000000  1.000000  0.000000  0.000000  0.000000  1.000000  0.000000  0.000000  
139.186957 0.004260  0.094517  -0.004965  0.996721  0.079770  -0.013542  -0.078960  0.995500  0.052398  0.017661  -0.051157  0.998534  0.000068  -0.000734  -0.000768  0.000000  0.000000  0.000000  2.000000  1.000000  0.000000  0.000000  0.000000  1.000000  0.000000  0.000000  0.000000  1.000000  0.999997  0.002474  -0.000007  -0.002474  0.999997  0.000650  0.000009  -0.000650  1.000000  1.000000  0.000000  0.000000  0.000000  1.000000  0.000000  0.000000  0.000000  1.000000  1.000000  0.000000  0.000000  0.000000  1.000000  0.000000  0.000000  0.000000  1.000000  0.000000  0.000000  
139.188204 0.004261  0.094515  -0.004967  0.996670  0.080394  -0.013623  -0.079575  0.995437  0.052659  0.017794  -0.051399  0.998520  0.000134  -0.000868  -0.000916  0.000000  0.000000  0.000000  2.000000  1.000000  0.000000  0.000000  0.000000  1.000000  0.000000  0.000000  0.000000  1.000000  0.999996  0.002892  -0.000119  -0.002892  0.999996  0.000779  0.000122  -0.000779  1.000000  1.000000  0.000000  0.000000  0.000000  1.000000  0.000000  0.000000  0.000000  1.000000  1.000000  0.000000  0.000000  0.000000  1.000000  0.000000  0.000000  0.000000  1.000000  0.000000  0.000000  
139.189454 0.004262  0.094513  -0.004969  0.996602  0.081223  -0.013703  -0.080396  0.995364  0.052801  0.017928  -0.051520  0.998511  0.000223  -0.000951  -0.001054  0.000000  0.000000  0.000000  2.000000  1.000000  0.000000  0.000000  0.000000  1.000000  0.000000  0.000000  0.000000  1.000000  0.999993  0.003721  -0.000210  -0.003721  0.999993  0.001036  0.000214  -0.001036  0.999999  1.000000  0.000000  0.000000  0.000000  1.000000  0.000000  0.000000  0.000000  1.000000  1.000000  0.000000  0.000000  0.000000  1.000000  0.000000  0.000000  0.000000  1.000000  0.000000  0.000000  
139.190458 0.004262  0.094512  -0.004970  0.996533  0.082051  -0.013783  -0.081216  0.995289  0.052944  0.018062  -0.051641  0.998502  0.000248  -0.001034  -0.001155  0.000000  0.000000  0.000000  2.000000  1.000000  0.000000  0.000000  0.000000  1.000000  0.000000  0.000000  0.000000  1.000000  0.999991  0.004344  -0.000311  -0.004344  0.999990  0.001169  0.000316  -0.001168  0.999999  1.000000  0.000000  0.000000  0.000000  1.000000  0.000000  0.000000  0.000000  1.000000  1.000000  0.000000  0.000000  0.000000  1.000000  0.000000  0.000000  0.000000  1.000000  0.000000  0.000000  
139.191702 0.004263  0.094510  -0.004974  0.996466  0.082872  -0.013729  -0.082037  0.995215  0.053076  0.018062  -0.051762  0.998496  0.000281  -0.001153  -0.001377  0.044080  0.008405  0.187417  2.000000  1.000000  0.000070  0.000108  -0.000070  1.000000  0.000033  -0.000108  -0.000033  1.000000  0.999987  0.005167  -0.000268  -0.005166  0.999986  0.001305  0.000275  -0.001304  0.999999  1.000000  0.000035  0.000054  -0.000035  1.000000  0.000016  -0.000054  -0.000016  1.000000  1.000000  0.000070  0.000108  -0.000070  1.000000  0.000033  -0.000108  -0.000033  1.000000  0.000047  0.005336  
139.192957 0.004265  0.094510  -0.004976  0.996378  0.083905  -0.013797  -0.083062  0.995122  0.053222  0.018196  -0.051883  0.998487  0.000410  -0.001170  -0.001581  0.048779  0.011110  0.222152  2.000000  1.000000  0.000266  0.000413  -0.000266  1.000000  0.000118  -0.000413  -0.000118  1.000000  0.999981  0.006202  -0.000347  -0.006201  0.999980  0.001446  0.000356  -0.001443  0.999999  1.000000  0.000043  0.000065  -0.000043  1.000000  0.000018  -0.000065  -0.000018  1.000000  1.000000  0.000266  0.000413  -0.000266  1.000000  0.000118  -0.000413  -0.000118  1.000000  0.000056  0.006377  
139.194209 0.004266  0.094511  -0.004978  0.996292  0.084931  -0.013732  -0.084088  0.995029  0.053357  0.018196  -0.052004  0.998481  0.000565  -0.001102  -0.001688  0.053487  0.009326  0.256758  2.000000  1.000000  0.000496  0.000772  -0.000496  1.000000  0.000210  -0.000772  -0.000211  1.000000  0.999974  0.007229  -0.000293  -0.007229  0.999973  0.001585  0.000304  -0.001583  0.999999  1.000000  0.000048  0.000076  -0.000048  1.000000  0.000020  -0.000076  -0.000020  1.000000  1.000000  0.000496  0.000772  -0.000496  1.000000  0.000210  -0.000772  -0.000211  1.000000  0.000064  0.007407  
139.195450 0.004268  0.094511  -0.004980  0.996205  0.085957  -0.013667  -0.085113  0.994934  0.053492  0.018196  -0.052125  0.998475  0.000687  -0.001068  -0.001777  0.057714  0.007474  0.288962  2.000000  0.999999  0.000755  0.001189  -0.000756  1.000000  0.000310  -0.001188  -0.000311  0.999999  0.999966  0.008257  -0.000239  -0.008257  0.999965  0.001604  0.000252  -0.001602  0.999999  1.000000  0.000054  0.000088  -0.000054  1.000000  0.000020  -0.000088  -0.000020  1.000000  0.999999  0.000755  0.001189  -0.000756  1.000000  0.000310  -0.001188  -0.000311  0.999999  0.000073  0.008415  
139.196458 0.004270  0.094511  -0.004983  0.996115  0.086990  -0.013734  -0.086139  0.994838  0.053638  0.018329  -0.052246  0.998466  0.000815  -0.001023  -0.001943  0.062410  0.010150  0.323545  2.000000  0.999998  0.000933  0.001474  -0.000933  0.999999  0.000374  -0.001473  -0.000376  0.999999  0.999957  0.009292  -0.000318  -0.009291  0.999955  0.001744  0.000334  -0.001741  0.999998  1.000000  0.000062  0.000099  -0.000062  1.000000  0.000022  -0.000099  -0.000022  1.000000  0.999998  0.000933  0.001474  -0.000933  0.999999  0.000374  -0.001473  -0.000376  0.999999  0.000082  0.009459  
139.197710 0.004272  0.094511  -0.004985  0.996005  0.088227  -0.013790  -0.087369  0.994723  0.053787  0.018463  -0.052367  0.998457  0.000992  -0.000890  -0.001909  0.067199  0.012463  0.364804  2.000000  0.999997  0.001260  0.002000  -0.001261  0.999999  0.000493  -0.002000  -0.000495  0.999998  0.999947  0.010327  -0.000395  -0.010326  0.999945  0.002007  0.000416  -0.002003  0.999998  1.000000  0.000069  0.000109  -0.000069  1.000000  0.000025  -0.000109  -0.000025  1.000000  0.999997  0.001260  0.002000  -0.001261  0.999999  0.000493  -0.002000  -0.000495  0.999998  0.000091  0.010527  
139.198954 0.004274  0.094511  -0.004988  0.995914  0.089254  -0.013713  -0.088394  0.994618  0.054043  0.018463  -0.052610  0.998444  0.001104  -0.000803  -0.001918  0.076513  0.010734  0.402275  2.000000  0.999996  0.001555  0.002476  -0.001557  0.999999  0.000598  -0.002475  -0.000601  0.999997  0.999933  0.011560  -0.000329  -0.011559  0.999931  0.002150  0.000354  -0.002146  0.999998  1.000000  0.000076  0.000123  -0.000076  1.000000  0.000027  -0.000123  -0.000027  1.000000  0.999996  0.001555  0.002476  -0.001557  0.999999  0.000598  -0.002475  -0.000601  0.999997  0.000102  0.011763  
139.200204 0.004276  0.094509  -0.004989  0.995820  0.090288  -0.013769  -0.089419  0.994512  0.054310  0.018597  -0.052852  0.998429  0.001151  -0.000745  -0.001846  0.085217  0.013749  0.430266  2.000000  0.999993  0.001958  0.003123  -0.001960  0.999998  0.000742  -0.003122  -0.000748  0.999995  0.999921  0.012595  -0.000405  -0.012594  0.999918  0.002413  0.000436  -0.002407  0.999997  1.000000  0.000083  0.000134  -0.000083  1.000000  0.000030  -0.000134  -0.000030  1.000000  0.999993  0.001958  0.003123  -0.001960  0.999998  0.000742  -0.003122  -0.000748  0.999995  0.000109  0.012830  
139.201455 0.004278  0.094507  -0.004992  0.995709  0.091520  -0.013680  -0.090649  0.994387  0.054568  0.018597  -0.053094  0.998416  0.001244  -0.000719  -0.001862  0.094099  0.011542  0.471615  2.000000  0.999990  0.002396  0.003836  -0.002399  0.999997  0.000906  -0.003833  -0.000915  0.999992  0.999904  0.013828  -0.000335  -0.013827  0.999900  0.002799  0.000373  -0.002794  0.999996  1.000000  0.000090  0.000147  -0.000090  1.000000  0.000035  -0.000147  -0.000035  1.000000  0.999990  0.002396  0.003836  -0.002399  0.999997  0.000906  -0.003833  -0.000915  0.999992  0.000120  0.014112  
139.202462 0.004280  0.094505  -0.004994  0.995615  0.092547  -0.013601  -0.091674  0.994279  0.054823  0.018597  -0.053336  0.998403  0.001366  -0.000727  -0.001899  0.102849  0.009686  0.506028  2.000000  0.999986  0.002765  0.004444  -0.002770  0.999996  0.001050  -0.004441  -0.001063  0.999990  0.999893  0.014650  -0.000287  -0.014649  0.999888  0.003056  0.000332  -0.003051  0.999995  1.000000  0.000095  0.000157  -0.000095  1.000000  0.000038  -0.000157  -0.000038  1.000000  0.999986  0.002765  0.004444  -0.002770  0.999996  0.001050  -0.004441  -0.001063  0.999990  0.000128  0.014968  
139.203706 0.004283  0.094501  -0.004998  0.995501  0.093780  -0.013499  -0.092903  0.994144  0.055202  0.018597  -0.053699  0.998384  0.001433  -0.000862  -0.002048  0.115857  0.007432  0.547621  2.000000  0.999981  0.003247  0.005244  -0.003254  0.999994  0.001245  -0.005240  -0.001262  0.999985  0.999883  0.015267  -0.000250  -0.015266  0.999878  0.003188  0.000299  -0.003184  0.999995  1.000000  0.000098  0.000164  -0.000098  1.000000  0.000040  -0.000164  -0.000040  1.000000  0.999981  0.003247  0.005244  -0.003254  0.999994  0.001245  -0.005240  -0.001262  0.999985  0.000138  0.015598  
139.204956 0.004285  0.094497  -0.005004  0.995386  0.095013  -0.013396  -0.094133  0.994007  0.055580  0.018597  -0.054063  0.998364  0.001550  -0.001059  -0.002263  0.128822  0.005160  0.589010  2.000000  0.999976  0.003650  0.005920  -0.003659  0.999992  0.001415  -0.005914  -0.001436  0.999981  0.999871  0.016089  -0.000200  -0.016088  0.999865  0.003445  0.000256  -0.003442  0.999994  1.000000  0.000103  0.000173  -0.000103  1.000000  0.000043  -0.000173  -0.000043  1.000000  0.999976  0.003650  0.005920  -0.003659  0.999992  0.001415  -0.005914  -0.001436  0.999981  0.000150  0.016455  
139.206205 0.004288  0.094492  -0.005009  0.995288  0.096039  -0.013316  -0.095158  0.993895  0.055835  0.018597  -0.054305  0.998351  0.001680  -0.001282  -0.002454  0.137622  0.003276  0.623657  2.000000  0.999968  0.004172  0.006800  -0.004183  0.999990  0.001636  -0.006793  -0.001664  0.999976  0.999860  0.016706  -0.000161  -0.016705  0.999854  0.003699  0.000222  -0.003696  0.999993  1.000000  0.000106  0.000180  -0.000106  1.000000  0.000046  -0.000180  -0.000046  1.000000  0.999968  0.004172  0.006800  -0.004183  0.999990  0.001636  -0.006793  -0.001664  0.999976  0.000158  0.017111  
139.207457 0.004291  0.094488  -0.005015  0.995192  0.097058  -0.013102  -0.096182  0.993783  0.056077  0.018463  -0.054547  0.998340  0.001825  -0.001539  -0.002652  0.146342  -0.003108  0.657900  2.000000  0.999959  0.004707  0.007720  -0.004722  0.999987  0.001863  -0.007711  -0.001900  0.999968  0.999850  0.017315  0.000011  -0.017315  0.999843  0.003710  0.000053  -0.003709  0.999993  1.000000  0.000108  0.000187  -0.000108  1.000000  0.000046  -0.000187  -0.000046  1.000000  0.999959  0.004707  0.007720  -0.004722  0.999987  0.001863  -0.007711  -0.001900  0.999968  0.000169  0.017709  
139.208460 0.004294  0.094484  -0.005020  0.995093  0.098084  -0.013020  -0.097207  0.993669  0.056332  0.018463  -0.054789  0.998327  0.001962  -0.001773  -0.002861  0.155080  -0.005009  0.692276  2.000000  0.999951  0.005134  0.008482  -0.005152  0.999985  0.002048  -0.008471  -0.002092  0.999962  0.999847  0.017506  0.000294  -0.017507  0.999839  0.003832  -0.000226  -0.003837  0.999993  1.000000  0.000107  0.000191  -0.000107  1.000000  0.000048  -0.000191  -0.000048  1.000000  0.999951  0.005134  0.008482  -0.005152  0.999985  0.002048  -0.008471  -0.002092  0.999962  0.000176  0.017924  
139.209757 0.004299  0.094481  -0.005024  0.994992  0.099110  -0.012938  -0.098231  0.993554  0.056586  0.018463  -0.055032  0.998314  0.002146  -0.002040  -0.003009  0.163619  -0.006909  0.725774  2.000000  0.999939  0.005672  0.009464  -0.005694  0.999981  0.002283  -0.009451  -0.002337  0.999953  0.999840  0.017909  0.000454  -0.017911  0.999832  0.003839  -0.000385  -0.003847  0.999993  1.000000  0.000107  0.000197  -0.000107  1.000000  0.000048  -0.000197  -0.000048  1.000000  0.999939  0.005672  0.009464  -0.005694  0.999981  0.002283  -0.009451  -0.002337  0.999953  0.000186  0.018323  
139.210961 0.004304  0.094478  -0.005028  0.994891  0.100136  -0.012856  -0.099255  0.993437  0.056840  0.018463  -0.055274  0.998301  0.002317  -0.002273  -0.003165  0.171198  -0.008407  0.748737  2.000000  0.999929  0.006106  0.010268  -0.006132  0.999978  0.002477  -0.010253  -0.002540  0.999944  0.999832  0.018313  0.000615  -0.018315  0.999824  0.004089  -0.000540  -0.004100  0.999991  1.000000  0.000108  0.000202  -0.000108  1.000000  0.000051  -0.000202  -0.000051  1.000000  0.999929  0.006106  0.010268  -0.006132  0.999978  0.002477  -0.010253  -0.002540  0.999944  0.000194  0.018776  
139.212210 0.004309  0.094475  -0.005032  0.994790  0.101153  -0.012652  -0.100279  0.993328  0.056961  0.018329  -0.055395  0.998296  0.002514  -0.002438  -0.003204  0.176955  -0.014110  0.775168  2.000000  0.999917  0.006537  0.011085  -0.006567  0.999975  0.002675  -0.011068  -0.002748  0.999935  0.999828  0.018511  0.000762  -0.018513  0.999820  0.004090  -0.000686  -0.004104  0.999991  1.000000  0.000108  0.000205  -0.000108  1.000000  0.000051  -0.000205  -0.000051  1.000000  0.999917  0.006537  0.011085  -0.006567  0.999975  0.002675  -0.011068  -0.002748  0.999935  0.000199  0.018975  
139.213453 0.004314  0.094472  -0.005036  0.994687  0.102178  -0.012569  -0.101303  0.993209  0.057214  0.018329  -0.055637  0.998283  0.002694  -0.002567  -0.003255  0.180003  -0.015236  0.789746  2.000000  0.999905  0.006973  0.011920  -0.007008  0.999971  0.002874  -0.011900  -0.002958  0.999925  0.999821  0.018921  0.000790  -0.018924  0.999812  0.004219  -0.000710  -0.004233  0.999991  1.000000  0.000110  0.000210  -0.000110  1.000000  0.000053  -0.000210  -0.000053  1.000000  0.999905  0.006973  0.011920  -0.007008  0.999971  0.002874  -0.011900  -0.002958  0.999925  0.000203  0.019405  
139.214456 0.004317  0.094470  -0.005038  0.994605  0.102990  -0.012376  -0.102123  0.993118  0.057332  0.018196  -0.055758  0.998278  0.002862  -0.002709  -0.003375  0.180109  -0.020509  0.802837  2.000000  0.999891  0.007407  0.012762  -0.007447  0.999968  0.003077  -0.012739  -0.003171  0.999914  0.999821  0.018906  0.001059  -0.018911  0.999812  0.004216  -0.000979  -0.004235  0.999991  1.000000  0.000107  0.000211  -0.000107  1.000000  0.000053  -0.000211  -0.000053  1.000000  0.999891  0.007407  0.012762  -0.007447  0.999968  0.003077  -0.012739  -0.003171  0.999914  0.000206  0.019403  
139.215458 0.004320  0.094467  -0.005042  0.994521  0.103809  -0.012316  -0.102942  0.993026  0.057462  0.018196  -0.055880  0.998272  0.002943  -0.002798  -0.003502  0.177792  -0.021568  0.823395  2.000000  0.999880  0.007728  0.013401  -0.007772  0.999965  0.003232  -0.013376  -0.003336  0.999905  0.999817  0.019112  0.001073  -0.019116  0.999808  0.004341  -0.000990  -0.004361  0.999990  1.000000  0.000108  0.000213  -0.000108  1.000000  0.000054  -0.000213  -0.000054  1.000000  0.999880  0.007728  0.013401  -0.007772  0.999965  0.003232  -0.013376  -0.003336  0.999905  0.000211  0.019631  
139.216458 0.004323  0.094463  -0.005045  0.994436  0.104628  -0.012256  -0.103761  0.992933  0.057593  0.018196  -0.056001  0.998265  0.003022  -0.002894  -0.003575  0.176755  -0.027047  0.836946  2.000000  0.999865  0.008159  0.014256  -0.008208  0.999960  0.003440  -0.014228  -0.003556  0.999892  0.999817  0.019111  0.001075  -0.019116  0.999808  0.004341  -0.000992  -0.004361  0.999990  1.000000  0.000108  0.000213  -0.000108  1.000000  0.000054  -0.000213  -0.000054  1.000000  0.999865  0.008159  0.014256  -0.008208  0.999960  0.003440  -0.014228  -0.003556  0.999892  0.000215  0.019631  
139.217707 0.004325  0.094458  -0.005050  0.994331  0.105646  -0.012039  -0.104784  0.992812  0.057832  0.018062  -0.056243  0.998254  0.002980  -0.003051  -0.003672  0.181022  -0.036841  0.850061  2.000000  0.999845  0.008684  0.015320  -0.008741  0.999955  0.003702  -0.015287  -0.003836  0.999876  0.999825  0.018685  0.001322  -0.018691  0.999816  0.004331  -0.001240  -0.004355  0.999990  1.000000  0.000103  0.000210  -0.000103  1.000000  0.000054  -0.000210  -0.000054  1.000000  0.999845  0.008684  0.015320  -0.008741  0.999955  0.003702  -0.015287  -0.003836  0.999876  0.000219  0.019230  
139.218708 0.004328  0.094454  -0.005055  0.994266  0.106261  -0.011990  -0.105398  0.992740  0.057960  0.018062  -0.056364  0.998247  0.003019  -0.003165  -0.003758  0.178374  -0.041418  0.849922  2.000000  0.999828  0.009088  0.016156  -0.009153  0.999950  0.003912  -0.016120  -0.004059  0.999862  0.999828  0.018480  0.001312  -0.018485  0.999820  0.004328  -0.001232  -0.004351  0.999990  1.000000  0.000102  0.000208  -0.000102  1.000000  0.000054  -0.000208  -0.000054  1.000000  0.999828  0.009088  0.016156  -0.009153  0.999950  0.003912  -0.016120  -0.004059  0.999862  0.000219  0.019029  
139.219956 0.004330  0.094449  -0.005060  0.994157  0.107284  -0.011917  -0.106422  0.992623  0.058093  0.018062  -0.056485  0.998240  0.003026  -0.003181  -0.003772  0.181269  -0.046326  0.856462  2.000000  0.999811  0.009483  0.016989  -0.009555  0.999946  0.004121  -0.016949  -0.004283  0.999847  0.999832  0.018266  0.001439  -0.018272  0.999824  0.004324  -0.001359  -0.004350  0.999990  1.000000  0.000099  0.000207  -0.000099  1.000000  0.000054  -0.000207  -0.000054  1.000000  0.999811  0.009483  0.016989  -0.009555  0.999946  0.004121  -0.016949  -0.004283  0.999847  0.000221  0.018830  
139.221207 0.004334  0.094445  -0.005065  0.994069  0.108104  -0.011843  -0.107240  0.992520  0.058343  0.018062  -0.056727  0.998226  0.003065  -0.003156  -0.003769  0.182653  -0.046546  0.856673  2.000000  0.999788  0.009964  0.018017  -0.010045  0.999940  0.004383  -0.017972  -0.004563  0.999828  0.999836  0.018053  0.001565  -0.018059  0.999828  0.004321  -0.001487  -0.004348  0.999989  1.000000  0.000096  0.000205  -0.000096  1.000000  0.000054  -0.000205  -0.000054  1.000000  0.999788  0.009964  0.018017  -0.010045  0.999940  0.004383  -0.017972  -0.004563  0.999828  0.000220  0.018633  
139.222457 0.004337  0.094441  -0.005071  0.993980  0.108924  -0.011769  -0.108059  0.992416  0.058594  0.018062  -0.056969  0.998213  0.003031  -0.003127  -0.003711  0.186637  -0.050809  0.849396  2.000000  0.999764  0.010435  0.019033  -0.010525  0.999934  0.004642  -0.018983  -0.004841  0.999808  0.999843  0.017642  0.001546  -0.017648  0.999835  0.004314  -0.001469  -0.004340  0.999990  1.000000  0.000094  0.000200  -0.000094  1.000000  0.000054  -0.000200  -0.000054  1.000000  0.999764  0.010435  0.019033  -0.010525  0.999934  0.004642  -0.018983  -0.004841  0.999808  0.000220  0.018231  
139.223458 0.004339  0.094437  -0.005076  0.993913  0.109540  -0.011706  -0.108673  0.992335  0.058842  0.018062  -0.057212  0.998199  0.002968  -0.003163  -0.003780  0.194678  -0.050538  0.842539  2.000000  0.999745  0.010804  0.019832  -0.010902  0.999929  0.004845  -0.019779  -0.005060  0.999792  0.999850  0.017230  0.001524  -0.017237  0.999843  0.004185  -0.001452  -0.004211  0.999990  1.000000  0.000092  0.000196  -0.000092  1.000000  0.000052  -0.000196  -0.000052  1.000000  0.999745  0.010804  0.019832  -0.010902  0.999929  0.004845  -0.019779  -0.005060  0.999792  0.000218  0.017801  
139.224703 0.004342  0.094432  -0.005084  0.993826  0.110352  -0.011498  -0.109492  0.992231  0.059078  0.017928  -0.057454  0.998187  0.002851  -0.003276  -0.004013  0.197087  -0.054734  0.835456  2.000000  0.999720  0.011249  0.020815  -0.011358  0.999923  0.005095  -0.020756  -0.005330  0.999770  0.999854  0.017017  0.001650  -0.017023  0.999847  0.004058  -0.001581  -0.004086  0.999990  1.000000  0.000089  0.000194  -0.000089  1.000000  0.000051  -0.000194  -0.000051  1.000000  0.999720  0.011249  0.020815  -0.011358  0.999923  0.005095  -0.020756  -0.005330  0.999770  0.000217  0.017576  
139.225708 0.004344  0.094428  -0.005091  0.993758  0.110966  -0.011448  -0.110105  0.992155  0.059205  0.017928  -0.057575  0.998180  0.002740  -0.003397  -0.004266  0.198371  -0.058633  0.821276  2.000000  0.999700  0.011591  0.021576  -0.011708  0.999917  0.005288  -0.021513  -0.005539  0.999753  0.999868  0.016195  0.001607  -0.016201  0.999861  0.003923  -0.001543  -0.003948  0.999991  1.000000  0.000084  0.000185  -0.000084  1.000000  0.000049  -0.000185  -0.000049  1.000000  0.999700  0.011591  0.021576  -0.011708  0.999917  0.005288  -0.021513  -0.005539  0.999753  0.000214  0.016744  
139.226956 0.004347  0.094422  -0.005100  0.993667  0.111786  -0.011372  -0.110924  0.992049  0.059455  0.017928  -0.057817  0.998166  0.002590  -0.003566  -0.004630  0.202329  -0.058404  0.814383  2.000000  0.999675  0.012003  0.022498  -0.012130  0.999911  0.005521  -0.022430  -0.005793  0.999732  0.999871  0.015989  0.001599  -0.015995  0.999864  0.003919  -0.001536  -0.003944  0.999991  1.000000  0.000083  0.000183  -0.000083  1.000000  0.000049  -0.000183  -0.000049  1.000000  0.999675  0.012003  0.022498  -0.012130  0.999911  0.005521  -0.022430  -0.005793  0.999732  0.000212  0.016543  
139.228203 0.004350  0.094418  -0.005109  0.993599  0.112402  -0.011308  -0.111537  0.991965  0.059703  0.017928  -0.058059  0.998152  0.002463  -0.003673  -0.004948  0.200477  -0.061816  0.793751  2.000000  0.999654  0.012329  0.023230  -0.012465  0.999906  0.005705  -0.023157  -0.005992  0.999714  0.999874  0.015783  0.001589  -0.015789  0.999868  0.003795  -0.001528  -0.003819  0.999992  1.000000  0.000082  0.000181  -0.000082  1.000000  0.000048  -0.000181  -0.000048  1.000000  0.999654  0.012329  0.023230  -0.012465  0.999906  0.005705  -0.023157  -0.005992  0.999714  0.000207  0.016314  
139.229450 0.004352  0.094413  -0.005119  0.993529  0.113016  -0.011258  -0.112151  0.991888  0.059830  0.017928  -0.058180  0.998145  0.002342  -0.003770  -0.005339  0.200292  -0.065609  0.779840  2.000000  0.999628  0.012734  0.024129  -0.012881  0.999899  0.005931  -0.024051  -0.006240  0.999691  0.999877  0.015585  0.001447  -0.015591  0.999871  0.003791  -0.001387  -0.003813  0.999992  1.000000  0.000082  0.000178  -0.000082  1.000000  0.000048  -0.000178  -0.000048  1.000000  0.999628  0.012734  0.024129  -0.012881  0.999899  0.005931  -0.024051  -0.006240  0.999691  0.000206  0.016108  
139.230450 0.004354  0.094409  -0.005126  0.993460  0.113630  -0.011207  -0.112765  0.991811  0.059957  0.017928  -0.058301  0.998138  0.002288  -0.003820  -0.005552  0.196041  -0.065002  0.766294  2.000000  0.999607  0.013049  0.024823  -0.013204  0.999894  0.006106  -0.024741  -0.006431  0.999673  0.999887  0.014969  0.001412  -0.014974  0.999881  0.003659  -0.001358  -0.003680  0.999992  1.000000  0.000079  0.000171  -0.000079  1.000000  0.000046  -0.000171  -0.000046  1.000000  0.999607  0.013049  0.024823  -0.013204  0.999894  0.006106  -0.024741  -0.006431  0.999673  0.000202  0.015477  
139.231451 0.004356  0.094405  -0.005133  0.993390  0.114243  -0.011156  -0.113378  0.991733  0.060084  0.017928  -0.058422  0.998131  0.002200  -0.003855  -0.005836  0.191832  -0.064745  0.759272  2.000000  0.999586  0.013355  0.025501  -0.013519  0.999889  0.006278  -0.025414  -0.006620  0.999655  0.999893  0.014557  0.001390  -0.014562  0.999888  0.003531  -0.001339  -0.003551  0.999993  1.000000  0.000076  0.000166  -0.000076  1.000000  0.000044  -0.000166  -0.000044  1.000000  0.999586  0.013355  0.025501  -0.013519  0.999889  0.006278  -0.025414  -0.006620  0.999655  0.000198  0.015047  
139.232701 0.004358  0.094401  -0.005142  0.993320  0.114859  -0.011091  -0.113992  0.991648  0.060332  0.017928  -0.058665  0.998117  0.002198  -0.003842  -0.006147  0.187411  -0.063821  0.738693  2.000000  0.999559  0.013724  0.026318  -0.013899  0.999882  0.006485  -0.026225  -0.006848  0.999633  0.999902  0.013949  0.001222  -0.013953  0.999897  0.003399  -0.001174  -0.003416  0.999993  1.000000  0.000074  0.000159  -0.000074  1.000000  0.000043  -0.000159  -0.000043  1.000000  0.999559  0.013724  0.026318  -0.013899  0.999882  0.006485  -0.026225  -0.006848  0.999633  0.000193  0.014411  
139.233703 0.004360  0.094397  -0.005149  0.993249  0.115472  -0.011040  -0.114605  0.991570  0.060459  0.017928  -0.058786  0.998110  0.002145  -0.003816  -0.006326  0.183111  -0.063181  0.724955  2.000000  0.999539  0.014011  0.026945  -0.014195  0.999877  0.006650  -0.026848  -0.007029  0.999615  0.999908  0.013538  0.001199  -0.013542  0.999903  0.003392  -0.001153  -0.003408  0.999994  1.000000  0.000072  0.000154  -0.000072  1.000000  0.000042  -0.000154  -0.000043  1.000000  0.999539  0.014011  0.026945  -0.014195  0.999877  0.006650  -0.026848  -0.007029  0.999615  0.000189  0.014010  
139.234705 0.004362  0.094393  -0.005156  0.993202  0.115882  -0.011001  -0.115014  0.991515  0.060584  0.017928  -0.058907  0.998102  0.002140  -0.003767  -0.006482  0.175982  -0.062323  0.703367  2.000000  0.999518  0.014289  0.027553  -0.014482  0.999872  0.006811  -0.027452  -0.007206  0.999597  0.999913  0.013127  0.001177  -0.013131  0.999908  0.003385  -0.001132  -0.003400  0.999994  1.000000  0.000070  0.000149  -0.000070  1.000000  0.000042  -0.000149  -0.000042  1.000000  0.999518  0.014289  0.027553  -0.014482  0.999872  0.006811  -0.027452  -0.007206  0.999597  0.000184  0.013609  
139.235955 0.004365  0.094390  -0.005164  0.993131  0.116496  -0.010949  -0.115627  0.991436  0.060711  0.017928  -0.059028  0.998095  0.002130  -0.003717  -0.006678  0.171649  -0.061666  0.689523  2.000000  0.999498  0.014565  0.028143  -0.014767  0.999867  0.006971  -0.028038  -0.007384  0.999580  0.999919  0.012723  0.001022  -0.012727  0.999913  0.003378  -0.000979  -0.003390  0.999994  1.000000  0.000069  0.000144  -0.000069  1.000000  0.000042  -0.000144  -0.000042  1.000000  0.999498  0.014565  0.028143  -0.014767  0.999867  0.006971  -0.028038  -0.007384  0.999580  0.000181  0.013206  
139.237205 0.004369  0.094387  -0.005172  0.993083  0.116905  -0.010910  -0.116036  0.991380  0.060836  0.017928  -0.059149  0.998088  0.002162  -0.003642  -0.006887  0.167151  -0.056122  0.669058  2.000000  0.999473  0.014895  0.028852  -0.015108  0.999860  0.007171  -0.028741  -0.007603  0.999558  0.999924  0.012312  0.000999  -0.012316  0.999918  0.003371  -0.000958  -0.003383  0.999994  1.000000  0.000066  0.000139  -0.000066  1.000000  0.000042  -0.000139  -0.000042  1.000000  0.999473  0.014895  0.028852  -0.015108  0.999860  0.007171  -0.028741  -0.007603  0.999558  0.000177  0.012806  
139.238455 0.004372  0.094384  -0.005182  0.993009  0.117527  -0.010991  -0.116649  0.991299  0.060978  0.018062  -0.059270  0.998079  0.002234  -0.003512  -0.007048  0.161529  -0.050546  0.650105  2.000000  0.999448  0.015218  0.029527  -0.015442  0.999854  0.007366  -0.029411  -0.007818  0.999537  0.999931  0.011712  0.000697  -0.011714  0.999926  0.003240  -0.000659  -0.003248  0.999995  1.000000  0.000066  0.000131  -0.000066  1.000000  0.000041  -0.000131  -0.000041  1.000000  0.999448  0.015218  0.029527  -0.015442  0.999854  0.007366  -0.029411  -0.007818  0.999537  0.000171  0.012173  
139.239704 0.004376  0.094380  -0.005193  0.992961  0.117936  -0.010951  -0.117058  0.991244  0.061103  0.018062  -0.059391  0.998071  0.002266  -0.003410  -0.007240  0.157358  -0.049564  0.630539  2.000000  0.999424  0.015539  0.030181  -0.015774  0.999847  0.007559  -0.030059  -0.008031  0.999516  0.999936  0.011301  0.000674  -0.011303  0.999931  0.003233  -0.000637  -0.003241  0.999995  1.000000  0.000064  0.000126  -0.000064  1.000000  0.000040  -0.000126  -0.000040  1.000000  0.999424  0.015539  0.030181  -0.015774  0.999847  0.007559  -0.030059  -0.008031  0.999516  0.000166  0.011775  
139.240955 0.004380  0.094377  -0.005204  0.992888  0.118550  -0.010899  -0.117672  0.991163  0.061230  0.018062  -0.059512  0.998064  0.002359  -0.003280  -0.007411  0.152821  -0.048815  0.615856  2.000000  0.999400  0.015842  0.030800  -0.016088  0.999841  0.007743  -0.030672  -0.008234  0.999496  0.999940  0.010890  0.000650  -0.010892  0.999936  0.003105  -0.000617  -0.003112  0.999995  1.000000  0.000061  0.000122  -0.000061  1.000000  0.000039  -0.000122  -0.000039  1.000000  0.999400  0.015842  0.030800  -0.016088  0.999841  0.007743  -0.030672  -0.008234  0.999496  0.000161  0.011344  
139.242199 0.004384  0.094374  -0.005216  0.992840  0.118959  -0.010860  -0.118080  0.991107  0.061355  0.018062  -0.059633  0.998057  0.002426  -0.003157  -0.007644  0.152428  -0.043258  0.595643  2.000000  0.999377  0.016135  0.031398  -0.016392  0.999834  0.007920  -0.031265  -0.008430  0.999476  0.999945  0.010479  0.000627  -0.010481  0.999941  0.002976  -0.000596  -0.002983  0.999995  1.000000  0.000059  0.000117  -0.000059  1.000000  0.000037  -0.000117  -0.000037  1.000000  0.999377  0.016135  0.031398  -0.016392  0.999834  0.007920  -0.031265  -0.008430  0.999476  0.000157  0.010912  
139.243450 0.004388  0.094371  -0.005228  0.992791  0.119368  -0.010820  -0.118489  0.991050  0.061479  0.018062  -0.059754  0.998050  0.002544  -0.003033  -0.007795  0.147973  -0.042168  0.574938  2.000000  0.999354  0.016417  0.031973  -0.016684  0.999828  0.008089  -0.031835  -0.008617  0.999456  0.999949  0.010068  0.000604  -0.010069  0.999945  0.002848  -0.000575  -0.002854  0.999996  1.000000  0.000057  0.000113  -0.000057  1.000000  0.000036  -0.000113  -0.000036  1.000000  0.999354  0.016417  0.031973  -0.016684  0.999828  0.008089  -0.031835  -0.008617  0.999456  0.000152  0.010481  
139.244450 0.004393  0.094369  -0.005237  0.992742  0.119777  -0.010795  -0.118898  0.991001  0.061484  0.018062  -0.059754  0.998050  0.002709  -0.002911  -0.007943  0.143653  -0.036960  0.561534  2.000000  0.999340  0.016583  0.032309  -0.016856  0.999824  0.008187  -0.032168  -0.008726  0.999444  0.999951  0.009870  0.000458  -0.009872  0.999948  0.002723  -0.000431  -0.002727  0.999996  1.000000  0.000057  0.000110  -0.000057  1.000000  0.000034  -0.000110  -0.000034  1.000000  0.999340  0.016583  0.032309  -0.016856  0.999824  0.008187  -0.032168  -0.008726  0.999444  0.000146  0.010250  
139.245702 0.004398  0.094366  -0.005250  0.992720  0.119974  -0.010635  -0.119103  0.990970  0.061590  0.017928  -0.059875  0.998045  0.002888  -0.002808  -0.008175  0.143099  -0.039887  0.533793  2.000000  0.999322  0.016800  0.032747  -0.017080  0.999820  0.008313  -0.032602  -0.008866  0.999429  0.999953  0.009657  0.000580  -0.009658  0.999950  0.002597  -0.000555  -0.002602  0.999996  1.000000  0.000054  0.000108  -0.000054  1.000000  0.000032  -0.000108  -0.000032  1.000000  0.999322  0.016800  0.032747  -0.017080  0.999820  0.008313  -0.032602  -0.008866  0.999429  0.000142  0.010018  
139.246951 0.004403  0.094363  -0.005262  0.992671  0.120383  -0.010595  -0.119511  0.990913  0.061715  0.017928  -0.059996  0.998038  0.003124  -0.002693  -0.008392  0.138652  -0.034337  0.513503  2.000000  0.999301  0.017057  0.033274  -0.017348  0.999814  0.008464  -0.033124  -0.009036  0.999410  0.999957  0.009246  0.000557  -0.009247  0.999954  0.002468  -0.000534  -0.002473  0.999997  1.000000  0.000052  0.000104  -0.000052  1.000000  0.000031  -0.000104  -0.000031  1.000000  0.999301  0.017057  0.033274  -0.017348  0.999814  0.008464  -0.033124  -0.009036  0.999410  0.000137  0.009587  
139.248201 0.004409  0.094359  -0.005276  0.992622  0.120792  -0.010555  -0.119920  0.990856  0.061839  0.017928  -0.060117  0.998030  0.003324  -0.002597  -0.008684  0.138426  -0.033605  0.499874  2.000000  0.999279  0.017306  0.033783  -0.017606  0.999808  0.008607  -0.033627  -0.009195  0.999392  0.999961  0.008835  0.000533  -0.008836  0.999958  0.002340  -0.000512  -0.002344  0.999997  1.000000  0.000050  0.000099  -0.000050  1.000000  0.000029  -0.000099  -0.000029  1.000000  0.999279  0.017306  0.033783  -0.017606  0.999808  0.008607  -0.033627  -0.009195  0.999392  0.000133  0.009156  
139.249201 0.004414  0.094357  -0.005287  0.992597  0.120998  -0.010527  -0.120124  0.990823  0.061962  0.017928  -0.060238  0.998023  0.003528  -0.002544  -0.008925  0.138038  -0.032461  0.479254  2.000000  0.999263  0.017493  0.034166  -0.017800  0.999804  0.008715  -0.034007  -0.009317  0.999378  0.999964  0.008424  0.000509  -0.008425  0.999962  0.002333  -0.000489  -0.002337  0.999997  1.000000  0.000047  0.000094  -0.000047  1.000000  0.000029  -0.000094  -0.000029  1.000000  0.999263  0.017493  0.034166  -0.017800  0.999804  0.008715  -0.034007  -0.009317  0.999378  0.000127  0.008756  
139.250208 0.004419  0.094354  -0.005298  0.992572  0.121203  -0.010500  -0.120329  0.990791  0.062084  0.017928  -0.060359  0.998016  0.003721  -0.002506  -0.009288  0.134713  -0.031600  0.462438  2.000000  0.999247  0.017673  0.034536  -0.017988  0.999799  0.008821  -0.034373  -0.009435  0.999365  0.999966  0.008218  0.000497  -0.008220  0.999964  0.002208  -0.000478  -0.002212  0.999997  1.000000  0.000046  0.000092  -0.000046  1.000000  0.000028  -0.000092  -0.000028  1.000000  0.999247  0.017673  0.034536  -0.017988  0.999799  0.008821  -0.034373  -0.009435  0.999365  0.000123  0.008525  
139.251451 0.004425  0.094350  -0.005312  0.992547  0.121408  -0.010472  -0.120533  0.990758  0.062206  0.017928  -0.060481  0.998008  0.003879  -0.002560  -0.009648  0.129233  -0.030225  0.438218  2.000000  0.999228  0.017888  0.034977  -0.018212  0.999794  0.008950  -0.034810  -0.009580  0.999348  0.999971  0.007602  0.000460  -0.007603  0.999969  0.002076  -0.000444  -0.002079  0.999998  1.000000  0.000043  0.000085  -0.000043  1.000000  0.000026  -0.000085  -0.000026  1.000000  0.999228  0.017888  0.034977  -0.018212  0.999794  0.008950  -0.034810  -0.009580  0.999348  0.000117  0.007894  
139.252708 0.004431  0.094347  -0.005326  0.992498  0.121817  -0.010432  -0.120942  0.990701  0.062331  0.017928  -0.060602  0.998001  0.004095  -0.002570  -0.010007  0.125828  -0.029329  0.421039  2.000000  0.999213  0.018052  0.035315  -0.018383  0.999790  0.009052  -0.035144  -0.009694  0.999335  0.999973  0.007397  0.000449  -0.007397  0.999970  0.002072  -0.000433  -0.002075  0.999998  1.000000  0.000041  0.000083  -0.000041  1.000000  0.000026  -0.000083  -0.000026  1.000000  0.999213  0.018052  0.035315  -0.018383  0.999790  0.009052  -0.035144  -0.009694  0.999335  0.000112  0.007695  
139.253955 0.004439  0.094344  -0.005339  0.992473  0.122021  -0.010419  -0.121146  0.990676  0.062333  0.017928  -0.060602  0.998001  0.004348  -0.002533  -0.010213  0.116428  -0.023875  0.404121  2.000000  0.999195  0.018247  0.035715  -0.018586  0.999785  0.009179  -0.035540  -0.009835  0.999320  0.999977  0.006780  0.000412  -0.006781  0.999975  0.002061  -0.000398  -0.002064  0.999998  1.000000  0.000038  0.000076  -0.000038  1.000000  0.000026  -0.000076  -0.000026  1.000000  0.999195  0.018247  0.035715  -0.018586  0.999785  0.009179  -0.035540  -0.009835  0.999320  0.000107  0.007099  
139.255205 0.004445  0.094342  -0.005353  0.992473  0.122023  -0.010404  -0.121146  0.990668  0.062453  0.017928  -0.060723  0.997994  0.004537  -0.002495  -0.010380  0.115943  -0.022304  0.376743  2.000000  0.999179  0.018428  0.036090  -0.018776  0.999780  0.009302  -0.035911  -0.009972  0.999305  0.999980  0.006369  0.000388  -0.006370  0.999978  0.002054  -0.000375  -0.002056  0.999998  1.000000  0.000036  0.000071  -0.000036  1.000000  0.000026  -0.000071  -0.000026  1.000000  0.999179  0.018428  0.036090  -0.018776  0.999780  0.009302  -0.035911  -0.009972  0.999305  0.000101  0.006704  
139.256455 0.004452  0.094339  -0.005366  0.992448  0.122228  -0.010377  -0.121350  0.990635  0.062576  0.017928  -0.060844  0.997986  0.004752  -0.002449  -0.010484  0.108368  -0.021347  0.359109  2.000000  0.999163  0.018596  0.036437  -0.018951  0.999776  0.009419  -0.036254  -0.010102  0.999292  0.999982  0.005958  0.000364  -0.005959  0.999980  0.001925  -0.000352  -0.001928  0.999998  1.000000  0.000033  0.000067  -0.000033  1.000000  0.000024  -0.000067  -0.000024  1.000000  0.999163  0.018596  0.036437  -0.018951  0.999776  0.009419  -0.036254  -0.010102  0.999292  0.000098  0.006272  
