1-Time 2-Px 3-Py 4-Pz 5-R11 6-R21 7-R31 8-R12 9-R22 10-R32 11-R13 12-R23 13-R33 14-Vx 15-Vy 16-Vz 17-Wx 18-Wy 19-Wz 20-state 21-PR11 22-PR21 23-PR31 24-PR12 25-PR22 26-PR32 27-PR13 28-PR23 29-PR33 
57.282323 0.001356  0.092311  0.014539  0.992473  0.108258  -0.057251  -0.104382  0.992288  0.066845  0.064046  -0.060366  0.996120  -0.000024  0.001341  -0.000356  0.000000  0.000000  0.000000  2.000000  1.000000  0.000000  0.000000  -0.000000  1.000000  0.000000  0.000000  -0.000000  1.000000  1.000000  -0.000032  0.000534  0.000032  1.000000  0.000364  -0.000534  -0.000364  1.000000  1.000000  0.000000  0.000000  0.000000  1.000000  0.000000  0.000000  0.000000  1.000000  0.711566  0.505391  0.488113  -0.537671  0.838883  -0.084767  -0.452310  -0.202127  0.868654  0.000000  0.000000  
57.283569 0.001356  0.092313  0.014539  0.992443  0.108470  -0.057369  -0.104585  0.992265  0.066871  0.064179  -0.060366  0.996111  -0.000005  0.001352  -0.000293  0.000000  0.000000  0.000000  2.000000  1.000000  0.000000  0.000000  0.000000  1.000000  0.000000  0.000000  0.000000  1.000000  1.000000  -0.000024  0.000401  0.000024  1.000000  0.000243  -0.000401  -0.000243  1.000000  1.000000  0.000000  0.000000  0.000000  1.000000  0.000000  0.000000  0.000000  1.000000  1.000000  0.000000  0.000000  0.000000  1.000000  0.000000  0.000000  0.000000  1.000000  0.000000  0.000000  
57.284570 0.001356  0.092314  0.014541  0.992400  0.108886  -0.057329  -0.104994  0.992212  0.067015  0.064179  -0.060486  0.996104  -0.000012  0.001289  -0.000096  0.000000  0.000000  0.000000  2.000000  1.000000  0.000000  0.000000  0.000000  1.000000  0.000000  0.000000  0.000000  1.000000  1.000000  0.000394  0.000292  -0.000394  1.000000  0.000390  -0.000292  -0.000390  1.000000  1.000000  0.000000  0.000000  0.000000  1.000000  0.000000  0.000000  0.000000  1.000000  1.000000  0.000000  0.000000  0.000000  1.000000  0.000000  0.000000  0.000000  1.000000  0.000000  0.000000  
57.285570 0.001356  0.092315  0.014545  0.992318  0.109522  -0.057539  -0.105605  0.992135  0.067199  0.064446  -0.060606  0.996079  0.000013  0.001270  0.000214  0.000000  0.000000  0.000000  2.000000  1.000000  0.000000  0.000000  0.000000  1.000000  0.000000  0.000000  0.000000  1.000000  0.999999  0.001017  0.000196  -0.001017  0.999999  0.000551  -0.000195  -0.000552  1.000000  1.000000  0.000000  0.000000  0.000000  1.000000  0.000000  0.000000  0.000000  1.000000  1.000000  0.000000  0.000000  0.000000  1.000000  0.000000  0.000000  0.000000  1.000000  0.000000  0.000000  
57.286571 0.001356  0.092313  0.014549  0.992244  0.110150  -0.057617  -0.106217  0.992058  0.067369  0.064580  -0.060726  0.996063  -0.000019  0.001092  0.000470  0.000000  0.000000  0.000000  2.000000  1.000000  0.000000  0.000000  0.000000  1.000000  0.000000  0.000000  0.000000  1.000000  0.999998  0.001854  -0.000021  -0.001854  0.999998  0.000726  0.000022  -0.000726  1.000000  1.000000  0.000000  0.000000  0.000000  1.000000  0.000000  0.000000  0.000000  1.000000  1.000000  0.000000  0.000000  0.000000  1.000000  0.000000  0.000000  0.000000  1.000000  0.000000  0.000000  
57.287819 0.001355  0.092312  0.014556  0.992169  0.110784  -0.057681  -0.106829  0.991973  0.067659  0.064713  -0.060968  0.996040  -0.000090  0.000862  0.000979  0.000000  0.000000  0.000000  2.000000  1.000000  0.000000  0.000000  0.000000  1.000000  0.000000  0.000000  0.000000  1.000000  0.999997  0.002280  -0.000263  -0.002280  0.999997  0.000753  0.000264  -0.000752  1.000000  1.000000  0.000000  0.000000  0.000000  1.000000  0.000000  0.000000  0.000000  1.000000  1.000000  0.000000  0.000000  0.000000  1.000000  0.000000  0.000000  0.000000  1.000000  0.000000  0.000000  
57.288820 0.001354  0.092311  0.014562  0.992108  0.111216  -0.057904  -0.107236  0.991917  0.067832  0.064980  -0.061087  0.996015  -0.000130  0.000683  0.001365  0.000000  0.000000  0.000000  2.000000  1.000000  0.000000  0.000000  0.000000  1.000000  0.000000  0.000000  0.000000  1.000000  0.999996  0.002699  -0.000370  -0.002698  0.999996  0.001022  0.000373  -0.001021  0.999999  1.000000  0.000000  0.000000  0.000000  1.000000  0.000000  0.000000  0.000000  1.000000  1.000000  0.000000  0.000000  0.000000  1.000000  0.000000  0.000000  0.000000  1.000000  0.000000  0.000000  
57.289821 0.001353  0.092310  0.014568  0.992024  0.111859  -0.058100  -0.107846  0.991830  0.068137  0.065247  -0.061328  0.995983  -0.000187  0.000550  0.001855  0.000000  0.000000  0.000000  2.000000  1.000000  0.000000  0.000000  0.000000  1.000000  0.000000  0.000000  0.000000  1.000000  0.999994  0.003330  -0.000599  -0.003329  0.999994  0.001185  0.000603  -0.001183  0.999999  1.000000  0.000000  0.000000  0.000000  1.000000  0.000000  0.000000  0.000000  1.000000  1.000000  0.000000  0.000000  0.000000  1.000000  0.000000  0.000000  0.000000  1.000000  0.000000  0.000000  
57.291072 0.001352  0.092309  0.014578  0.991887  0.112918  -0.058400  -0.108865  0.991695  0.068481  0.065648  -0.061568  0.995942  -0.000294  0.000409  0.002570  0.000000  0.000000  0.000000  2.000000  1.000000  0.000000  0.000000  0.000000  1.000000  0.000000  0.000000  0.000000  1.000000  0.999990  0.004380  -0.000936  -0.004379  0.999989  0.001496  0.000942  -0.001492  0.999998  1.000000  0.000000  0.000000  0.000000  1.000000  0.000000  0.000000  0.000000  1.000000  1.000000  0.000000  0.000000  0.000000  1.000000  0.000000  0.000000  0.000000  1.000000  0.000000  0.000000  
57.292319 0.001350  0.092309  0.014588  0.991748  0.113978  -0.058699  -0.109883  0.991559  0.068826  0.066048  -0.061808  0.995900  -0.000420  0.000257  0.003223  0.072777  0.037697  0.187607  2.000000  1.000000  0.000196  -0.000050  -0.000196  1.000000  0.000066  0.000050  -0.000066  1.000000  0.999984  0.005439  -0.001405  -0.005436  0.999984  0.001808  0.001415  -0.001800  0.999997  1.000000  0.000068  -0.000018  -0.000068  1.000000  0.000023  0.000018  -0.000023  1.000000  1.000000  0.000196  -0.000050  -0.000196  1.000000  0.000066  0.000050  -0.000066  1.000000  0.000050  0.005900  
57.293327 0.001348  0.092308  0.014595  0.991616  0.115022  -0.058879  -0.110901  0.991431  0.069036  0.066315  -0.061928  0.995875  -0.000543  0.000128  0.003730  0.075599  0.049309  0.224296  2.000000  1.000000  0.000497  -0.000132  -0.000497  1.000000  0.000165  0.000132  -0.000165  1.000000  0.999977  0.006489  -0.001740  -0.006486  0.999977  0.002120  0.001754  -0.002109  0.999996  1.000000  0.000081  -0.000022  -0.000081  1.000000  0.000026  0.000022  -0.000026  1.000000  1.000000  0.000497  -0.000132  -0.000497  1.000000  0.000165  0.000132  -0.000165  1.000000  0.000059  0.007043  
57.294569 0.001346  0.092310  0.014605  0.991484  0.116073  -0.059045  -0.111920  0.991293  0.069367  0.066582  -0.062168  0.995842  -0.000687  0.000084  0.004420  0.086064  0.056153  0.259354  2.000000  1.000000  0.000941  -0.000249  -0.000941  1.000000  0.000309  0.000249  -0.000309  1.000000  0.999970  0.007532  -0.001941  -0.007527  0.999969  0.002433  0.001959  -0.002418  0.999995  1.000000  0.000094  -0.000024  -0.000094  1.000000  0.000030  0.000024  -0.000030  1.000000  1.000000  0.000941  -0.000249  -0.000941  1.000000  0.000309  0.000249  -0.000309  1.000000  0.000069  0.008147  
57.295573 0.001345  0.092312  0.014614  0.991374  0.116921  -0.059224  -0.112735  0.991178  0.069686  0.066849  -0.062408  0.995809  -0.000755  0.000154  0.005055  0.096055  0.063393  0.287434  2.000000  0.999999  0.001344  -0.000351  -0.001344  0.999999  0.000432  0.000352  -0.000432  1.000000  0.999963  0.008369  -0.002154  -0.008363  0.999962  0.002611  0.002176  -0.002592  0.999994  1.000000  0.000105  -0.000027  -0.000105  1.000000  0.000033  0.000027  -0.000033  1.000000  0.999999  0.001344  -0.000351  -0.001344  0.999999  0.000432  0.000352  -0.000432  1.000000  0.000077  0.009025  
57.296821 0.001343  0.092314  0.014626  0.991207  0.118191  -0.059492  -0.113956  0.991005  0.070166  0.067250  -0.062769  0.995760  -0.000873  0.000216  0.005919  0.111066  0.078751  0.329936  2.000000  0.999998  0.001909  -0.000494  -0.001908  0.999998  0.000607  0.000495  -0.000606  1.000000  0.999951  0.009616  -0.002341  -0.009610  0.999950  0.002938  0.002369  -0.002915  0.999993  1.000000  0.000120  -0.000029  -0.000120  1.000000  0.000037  0.000029  -0.000037  1.000000  0.999998  0.001909  -0.000494  -0.001908  0.999998  0.000607  0.000495  -0.000606  1.000000  0.000088  0.010321  
57.297821 0.001342  0.092317  0.014638  0.991080  0.119234  -0.059523  -0.114975  0.990865  0.070483  0.067383  -0.063010  0.995736  -0.000969  0.000292  0.006745  0.117445  0.081049  0.364686  2.000000  0.999997  0.002293  -0.000587  -0.002292  0.999997  0.000726  0.000589  -0.000725  1.000000  0.999940  0.010659  -0.002541  -0.010651  0.999938  0.003251  0.002575  -0.003224  0.999991  1.000000  0.000133  -0.000032  -0.000133  1.000000  0.000040  0.000032  -0.000040  1.000000  0.999997  0.002293  -0.000587  -0.002292  0.999997  0.000726  0.000589  -0.000725  1.000000  0.000097  0.011426  
57.298824 0.001341  0.092319  0.014649  0.990943  0.120285  -0.059686  -0.115993  0.990722  0.070815  0.067650  -0.063251  0.995702  -0.000992  0.000343  0.007399  0.127901  0.087826  0.399617  2.000000  0.999996  0.002854  -0.000719  -0.002854  0.999996  0.000899  0.000722  -0.000897  0.999999  0.999928  0.011702  -0.002739  -0.011692  0.999925  0.003566  0.002781  -0.003533  0.999990  1.000000  0.000146  -0.000034  -0.000146  1.000000  0.000044  0.000035  -0.000044  1.000000  0.999996  0.002854  -0.000719  -0.002854  0.999996  0.000899  0.000722  -0.000897  0.999999  0.000106  0.012531  
57.300074 0.001340  0.092319  0.014664  0.990797  0.121352  -0.059966  -0.117010  0.990569  0.071284  0.068051  -0.063611  0.995652  -0.001106  0.000327  0.008106  0.142504  0.099078  0.434936  2.000000  0.999993  0.003624  -0.000899  -0.003623  0.999993  0.001139  0.000903  -0.001136  0.999999  0.999914  0.012745  -0.002936  -0.012733  0.999911  0.004002  0.002987  -0.003964  0.999988  1.000000  0.000159  -0.000037  -0.000159  1.000000  0.000050  0.000037  -0.000050  1.000000  0.999993  0.003624  -0.000899  -0.003623  0.999993  0.001139  0.000903  -0.001136  0.999999  0.000116  0.013672  
57.301325 0.001338  0.092318  0.014679  0.990624  0.122623  -0.060230  -0.118230  0.990389  0.071766  0.068451  -0.063972  0.995601  -0.001174  0.000335  0.008811  0.157536  0.114366  0.477391  2.000000  0.999989  0.004466  -0.001098  -0.004464  0.999989  0.001407  0.001104  -0.001402  0.999998  0.999897  0.014001  -0.003252  -0.013987  0.999892  0.004454  0.003314  -0.004408  0.999985  1.000000  0.000175  -0.000041  -0.000175  1.000000  0.000055  0.000041  -0.000055  1.000000  0.999989  0.004466  -0.001098  -0.004464  0.999989  0.001407  0.001104  -0.001402  0.999998  0.000128  0.015042  
57.302569 0.001337  0.092317  0.014696  0.990474  0.123690  -0.060508  -0.119247  0.990233  0.072236  0.068852  -0.064332  0.995550  -0.001244  0.000302  0.009439  0.172187  0.125607  0.512778  2.000000  0.999985  0.005380  -0.001321  -0.005378  0.999984  0.001706  0.001330  -0.001699  0.999998  0.999879  0.015071  -0.003845  -0.015052  0.999874  0.005017  0.003920  -0.004958  0.999980  1.000000  0.000188  -0.000049  -0.000188  1.000000  0.000062  0.000049  -0.000062  1.000000  0.999985  0.005380  -0.001321  -0.005378  0.999984  0.001706  0.001330  -0.001699  0.999998  0.000139  0.016335  
57.303571 0.001336  0.092314  0.014711  0.990348  0.124560  -0.060785  -0.120059  0.990093  0.072814  0.069252  -0.064813  0.995492  -0.001252  0.000248  0.010090  0.190414  0.137197  0.541135  2.000000  0.999980  0.006160  -0.001520  -0.006157  0.999979  0.001968  0.001532  -0.001958  0.999997  0.999865  0.015910  -0.004053  -0.015888  0.999859  0.005441  0.004139  -0.005376  0.999977  1.000000  0.000199  -0.000051  -0.000199  1.000000  0.000068  0.000051  -0.000068  1.000000  0.999980  0.006160  -0.001520  -0.006157  0.999979  0.001968  0.001532  -0.001958  0.999997  0.000147  0.017286  
57.304820 0.001335  0.092311  0.014729  0.990197  0.125635  -0.061045  -0.121075  0.989925  0.073405  0.069653  -0.065295  0.995432  -0.001209  0.000072  0.010731  0.205072  0.148328  0.576490  2.000000  0.999973  0.007178  -0.001786  -0.007174  0.999972  0.002321  0.001802  -0.002309  0.999996  0.999853  0.016553  -0.004405  -0.016527  0.999846  0.005855  0.004501  -0.005782  0.999973  1.000000  0.000207  -0.000056  -0.000207  1.000000  0.000073  0.000056  -0.000073  1.000000  0.999973  0.007178  -0.001786  -0.007174  0.999972  0.002321  0.001802  -0.002309  0.999996  0.000157  0.018091  
57.305821 0.001335  0.092307  0.014745  0.990069  0.126498  -0.061335  -0.121887  0.989792  0.073865  0.070053  -0.065655  0.995380  -0.001126  -0.000161  0.011290  0.219267  0.159938  0.604908  2.000000  0.999968  0.007804  -0.001954  -0.007799  0.999966  0.002552  0.001974  -0.002537  0.999995  0.999849  0.016768  -0.004518  -0.016740  0.999840  0.006238  0.004622  -0.006161  0.999970  1.000000  0.000209  -0.000057  -0.000209  1.000000  0.000078  0.000057  -0.000077  1.000000  0.999968  0.007804  -0.001954  -0.007799  0.999966  0.002552  0.001974  -0.002537  0.999995  0.000165  0.018440  
57.307070 0.001335  0.092301  0.014765  0.989931  0.127378  -0.061741  -0.122698  0.989647  0.074461  0.070587  -0.066135  0.995311  -0.001047  -0.000525  0.011926  0.237632  0.176018  0.633734  2.000000  0.999958  0.008866  -0.002248  -0.008859  0.999956  0.002955  0.002275  -0.002935  0.999993  0.999844  0.016992  -0.004763  -0.016961  0.999835  0.006503  0.004873  -0.006422  0.999968  1.000000  0.000212  -0.000060  -0.000212  1.000000  0.000081  0.000060  -0.000081  1.000000  0.999958  0.008866  -0.002248  -0.008859  0.999956  0.002955  0.002275  -0.002935  0.999993  0.000176  0.018795  
57.308320 0.001335  0.092296  0.014786  0.989801  0.128250  -0.062014  -0.123509  0.989502  0.075041  0.070987  -0.066616  0.995250  -0.000903  -0.000825  0.012734  0.255928  0.187566  0.662173  2.000000  0.999947  0.009937  -0.002558  -0.009928  0.999945  0.003378  0.002592  -0.003352  0.999991  0.999839  0.017217  -0.005008  -0.017183  0.999829  0.006888  0.005126  -0.006801  0.999964  1.000000  0.000215  -0.000063  -0.000215  1.000000  0.000086  0.000063  -0.000086  1.000000  0.999947  0.009937  -0.002558  -0.009928  0.999945  0.003378  0.002592  -0.003352  0.999991  0.000183  0.019194  
57.309320 0.001335  0.092292  0.014803  0.989731  0.128690  -0.062217  -0.123914  0.989429  0.075340  0.071254  -0.066857  0.995215  -0.000774  -0.001112  0.013332  0.265120  0.195592  0.676580  2.000000  0.999938  0.010806  -0.002816  -0.010795  0.999935  0.003725  0.002856  -0.003694  0.999989  0.999834  0.017442  -0.005255  -0.017405  0.999824  0.007031  0.005376  -0.006938  0.999961  1.000000  0.000218  -0.000066  -0.000218  1.000000  0.000087  0.000066  -0.000087  1.000000  0.999938  0.010806  -0.002816  -0.010795  0.999935  0.003725  0.002856  -0.003694  0.999989  0.000190  0.019510  
57.310327 0.001336  0.092289  0.014819  0.989636  0.129341  -0.062387  -0.124523  0.989319  0.075771  0.071521  -0.067217  0.995172  -0.000585  -0.001546  0.013912  0.278740  0.203042  0.697585  2.000000  0.999927  0.011662  -0.003072  -0.011650  0.999924  0.004078  0.003119  -0.004042  0.999987  0.999842  0.017024  -0.005145  -0.016988  0.999831  0.007006  0.005263  -0.006918  0.999962  1.000000  0.000213  -0.000065  -0.000213  1.000000  0.000087  0.000065  -0.000087  1.000000  0.999927  0.011662  -0.003072  -0.011650  0.999924  0.004078  0.003119  -0.004042  0.999987  0.000194  0.019100  
57.311575 0.001338  0.092284  0.014839  0.989565  0.129789  -0.062573  -0.124928  0.989236  0.076190  0.071788  -0.067578  0.995128  -0.000359  -0.002036  0.014419  0.291948  0.215486  0.712253  2.000000  0.999916  0.012516  -0.003327  -0.012502  0.999912  0.004440  0.003383  -0.004398  0.999985  0.999845  0.016821  -0.005151  -0.016783  0.999832  0.007360  0.005274  -0.007272  0.999960  1.000000  0.000210  -0.000065  -0.000210  1.000000  0.000091  0.000065  -0.000091  1.000000  0.999916  0.012516  -0.003327  -0.012502  0.999912  0.004440  0.003383  -0.004398  0.999985  0.000201  0.019054  
57.312819 0.001339  0.092280  0.014858  0.989469  0.130441  -0.062743  -0.125537  0.989126  0.076623  0.072055  -0.067939  0.995084  -0.000172  -0.002429  0.014709  0.303294  0.221258  0.727803  2.000000  0.999902  0.013550  -0.003640  -0.013532  0.999896  0.004902  0.003706  -0.004852  0.999981  0.999853  0.016404  -0.005040  -0.016366  0.999838  0.007456  0.005161  -0.007373  0.999960  1.000000  0.000205  -0.000064  -0.000205  1.000000  0.000093  0.000064  -0.000093  1.000000  0.999902  0.013550  -0.003640  -0.013532  0.999896  0.004902  0.003706  -0.004852  0.999981  0.000208  0.018695  
57.313823 0.001340  0.092277  0.014874  0.989398  0.130889  -0.062928  -0.125942  0.989042  0.077042  0.072322  -0.068300  0.995040  -0.000073  -0.002776  0.014983  0.314121  0.227414  0.734208  2.000000  0.999893  0.014155  -0.003824  -0.014135  0.999887  0.005183  0.003897  -0.005129  0.999979  0.999859  0.015995  -0.005064  -0.015956  0.999844  0.007553  0.005184  -0.007471  0.999959  1.000000  0.000200  -0.000064  -0.000200  1.000000  0.000094  0.000064  -0.000094  1.000000  0.999893  0.014155  -0.003824  -0.014135  0.999887  0.005183  0.003897  -0.005129  0.999979  0.000209  0.018383  
57.315073 0.001341  0.092272  0.014892  0.989353  0.131126  -0.063144  -0.126143  0.988994  0.077328  0.072589  -0.068540  0.995004  0.000092  -0.003128  0.015239  0.317357  0.232634  0.720665  2.000000  0.999877  0.015116  -0.004130  -0.015092  0.999870  0.005655  0.004215  -0.005592  0.999975  0.999876  0.014953  -0.004863  -0.014917  0.999861  0.007481  0.004974  -0.007408  0.999960  1.000000  0.000187  -0.000061  -0.000187  1.000000  0.000093  0.000061  -0.000093  1.000000  0.999877  0.015116  -0.004130  -0.015092  0.999870  0.005655  0.004215  -0.005592  0.999975  0.000206  0.017398  
57.316328 0.001342  0.092268  0.014910  0.989343  0.131158  -0.063228  -0.126142  0.988964  0.077705  0.072722  -0.068901  0.994969  0.000249  -0.003424  0.015428  0.323715  0.229741  0.692787  2.000000  0.999862  0.016026  -0.004437  -0.015999  0.999853  0.006129  0.004534  -0.006058  0.999971  0.999888  0.014135  -0.004915  -0.014098  0.999872  0.007547  0.005021  -0.007477  0.999959  1.000000  0.000176  -0.000062  -0.000176  1.000000  0.000094  0.000062  -0.000094  1.000000  0.999862  0.016026  -0.004437  -0.015999  0.999853  0.006129  0.004534  -0.006058  0.999971  0.000202  0.016746  
57.317574 0.001342  0.092263  0.014928  0.989298  0.131403  -0.063429  -0.126343  0.988906  0.078112  0.072989  -0.069262  0.994925  0.000422  -0.003615  0.015496  0.326999  0.234937  0.679417  2.000000  0.999846  0.016872  -0.004739  -0.016840  0.999836  0.006604  0.004849  -0.006524  0.999967  0.999902  0.013103  -0.004849  -0.013066  0.999886  0.007596  0.004948  -0.007532  0.999959  1.000000  0.000164  -0.000061  -0.000164  1.000000  0.000095  0.000061  -0.000095  1.000000  0.999846  0.016872  -0.004739  -0.016840  0.999836  0.006604  0.004849  -0.006524  0.999967  0.000201  0.015889  
57.318823 0.001342  0.092256  0.014947  0.989288  0.131443  -0.063497  -0.126342  0.988867  0.078608  0.073123  -0.069744  0.994881  0.000464  -0.003840  0.015542  0.336789  0.229045  0.663943  2.000000  0.999832  0.017635  -0.005035  -0.017599  0.999820  0.007074  0.005159  -0.006984  0.999962  0.999920  0.011661  -0.004813  -0.011625  0.999904  0.007495  0.004899  -0.007439  0.999960  1.000000  0.000146  -0.000061  -0.000146  1.000000  0.000093  0.000061  -0.000093  1.000000  0.999832  0.017635  -0.005035  -0.017599  0.999820  0.007074  0.005159  -0.006984  0.999962  0.000197  0.014660  
57.320073 0.001341  0.092250  0.014966  0.989278  0.131476  -0.063581  -0.126341  0.988837  0.078985  0.073256  -0.070105  0.994846  0.000445  -0.004024  0.015569  0.336731  0.223803  0.637470  2.000000  0.999818  0.018316  -0.005325  -0.018276  0.999805  0.007544  0.005462  -0.007445  0.999957  0.999934  0.010424  -0.004762  -0.010389  0.999919  0.007407  0.004839  -0.007357  0.999961  1.000000  0.000130  -0.000060  -0.000130  1.000000  0.000092  0.000060  -0.000092  1.000000  0.999818  0.018316  -0.005325  -0.018276  0.999805  0.007544  0.005462  -0.007445  0.999957  0.000192  0.013633  
57.321320 0.001340  0.092241  0.014986  0.989295  0.131305  -0.063682  -0.126136  0.988834  0.079349  0.073389  -0.070467  0.994811  0.000324  -0.004252  0.015492  0.341669  0.217865  0.588678  2.000000  0.999805  0.018924  -0.005606  -0.018879  0.999790  0.008012  0.005756  -0.007905  0.999952  0.999947  0.009178  -0.004578  -0.009144  0.999931  0.007440  0.004646  -0.007398  0.999962  1.000000  0.000115  -0.000058  -0.000115  1.000000  0.000093  0.000058  -0.000093  1.000000  0.999805  0.018924  -0.005606  -0.018879  0.999790  0.008012  0.005756  -0.007905  0.999952  0.000182  0.012659  
57.322325 0.001339  0.092234  0.015001  0.989311  0.131134  -0.063782  -0.125931  0.988831  0.079712  0.073523  -0.070828  0.994775  0.000263  -0.004451  0.015447  0.343436  0.210979  0.553619  2.000000  0.999798  0.019246  -0.005770  -0.019198  0.999781  0.008292  0.005928  -0.008180  0.999949  0.999955  0.008350  -0.004501  -0.008317  0.999938  0.007381  0.004563  -0.007343  0.999963  1.000000  0.000104  -0.000057  -0.000104  1.000000  0.000092  0.000057  -0.000092  1.000000  0.999798  0.019246  -0.005770  -0.019198  0.999781  0.008292  0.005928  -0.008180  0.999949  0.000176  0.012008  
57.323570 0.001337  0.092225  0.015021  0.989327  0.130963  -0.063883  -0.125726  0.988828  0.080076  0.073656  -0.071189  0.994740  0.000147  -0.004682  0.015413  0.341963  0.207423  0.507970  2.000000  0.999787  0.019717  -0.006033  -0.019664  0.999768  0.008757  0.006204  -0.008636  0.999943  0.999965  0.007104  -0.004319  -0.007072  0.999948  0.007413  0.004371  -0.007382  0.999963  1.000000  0.000089  -0.000054  -0.000089  1.000000  0.000092  0.000054  -0.000092  1.000000  0.999787  0.019717  -0.006033  -0.019664  0.999768  0.008757  0.006204  -0.008636  0.999943  0.000167  0.011129  
57.324820 0.001334  0.092216  0.015041  0.989343  0.130800  -0.063968  -0.125521  0.988815  0.080559  0.073790  -0.071671  0.994695  -0.000117  -0.004980  0.015376  0.347220  0.205525  0.466699  2.000000  0.999778  0.020111  -0.006284  -0.020053  0.999756  0.009212  0.006467  -0.009084  0.999938  0.999975  0.005848  -0.004005  -0.005819  0.999957  0.007202  0.004047  -0.007179  0.999966  1.000000  0.000073  -0.000050  -0.000073  1.000000  0.000090  0.000050  -0.000090  1.000000  0.999778  0.020111  -0.006284  -0.020053  0.999756  0.009212  0.006467  -0.009084  0.999938  0.000158  0.010096  
57.326070 0.001331  0.092205  0.015060  0.989349  0.130639  -0.064201  -0.125315  0.988810  0.080939  0.074057  -0.072032  0.994649  -0.000463  -0.005383  0.015285  0.348471  0.208149  0.425758  2.000000  0.999770  0.020424  -0.006523  -0.020361  0.999746  0.009652  0.006719  -0.009516  0.999932  0.999983  0.004396  -0.003840  -0.004370  0.999968  0.006733  0.003870  -0.006717  0.999970  1.000000  0.000055  -0.000048  -0.000055  1.000000  0.000084  0.000048  -0.000084  1.000000  0.999770  0.020424  -0.006523  -0.020361  0.999746  0.009652  0.006719  -0.009516  0.999932  0.000150  0.008905  
57.327073 0.001328  0.092197  0.015076  0.989365  0.130460  -0.064318  -0.125110  0.988816  0.081183  0.074190  -0.072272  0.994622  -0.000729  -0.005754  0.015234  0.343975  0.208553  0.380872  2.000000  0.999765  0.020609  -0.006705  -0.020542  0.999739  0.009989  0.006909  -0.009849  0.999928  0.999988  0.003353  -0.003647  -0.003329  0.999973  0.006537  0.003669  -0.006524  0.999972  1.000000  0.000042  -0.000046  -0.000042  1.000000  0.000082  0.000046  -0.000082  1.000000  0.999765  0.020609  -0.006705  -0.020542  0.999739  0.009989  0.006909  -0.009849  0.999928  0.000142  0.008197  
57.328327 0.001325  0.092187  0.015094  0.989381  0.130282  -0.064435  -0.124905  0.988822  0.081426  0.074323  -0.072513  0.994594  -0.001046  -0.006156  0.015171  0.340043  0.203182  0.325112  2.000000  0.999760  0.020771  -0.006920  -0.020699  0.999732  0.010395  0.007134  -0.010249  0.999922  0.999992  0.002106  -0.003468  -0.002084  0.999978  0.006324  0.003482  -0.006317  0.999974  1.000000  0.000026  -0.000043  -0.000026  1.000000  0.000079  0.000043  -0.000079  1.000000  0.999760  0.020771  -0.006920  -0.020699  0.999732  0.010395  0.007134  -0.010249  0.999922  0.000133  0.007511  
57.329574 0.001321  0.092177  0.015112  0.989397  0.130103  -0.064553  -0.124700  0.988828  0.081669  0.074457  -0.072753  0.994567  -0.001310  -0.006430  0.015113  0.333101  0.201441  0.283575  2.000000  0.999757  0.020852  -0.007082  -0.020776  0.999727  0.010711  0.007304  -0.010561  0.999918  0.999994  0.001268  -0.003261  -0.001248  0.999980  0.006263  0.003269  -0.006259  0.999975  1.000000  0.000016  -0.000041  -0.000016  1.000000  0.000078  0.000041  -0.000078  1.000000  0.999757  0.020852  -0.007082  -0.020776  0.999727  0.010711  0.007304  -0.010561  0.999918  0.000123  0.007172  
57.330822 0.001317  0.092169  0.015130  0.989422  0.129916  -0.064538  -0.124496  0.988835  0.081896  0.074457  -0.072995  0.994549  -0.001610  -0.006694  0.015115  0.323456  0.189183  0.239428  2.000000  0.999755  0.020907  -0.007270  -0.020826  0.999722  0.011094  0.007500  -0.010940  0.999912  0.999995  0.000635  -0.003039  -0.000617  0.999982  0.005974  0.003043  -0.005973  0.999978  1.000000  0.000008  -0.000038  -0.000008  1.000000  0.000075  0.000038  -0.000075  1.000000  0.999755  0.020907  -0.007270  -0.020826  0.999722  0.011094  0.007500  -0.010940  0.999912  0.000113  0.006732  
57.332074 0.001313  0.092162  0.015147  0.989438  0.129737  -0.064655  -0.124292  0.988840  0.082139  0.074590  -0.073235  0.994521  -0.001949  -0.006873  0.015112  0.317602  0.183666  0.198569  2.000000  0.999754  0.020905  -0.007442  -0.020819  0.999718  0.011460  0.007680  -0.011302  0.999907  0.999996  -0.000408  -0.002847  0.000424  0.999984  0.005655  0.002845  -0.005656  0.999980  1.000000  -0.000005  -0.000036  0.000005  1.000000  0.000071  0.000036  -0.000071  1.000000  0.999754  0.020905  -0.007442  -0.020819  0.999718  0.011460  0.007680  -0.011302  0.999907  0.000106  0.006345  
57.333323 0.001309  0.092155  0.015164  0.989489  0.129346  -0.064658  -0.123884  0.988874  0.082352  0.074590  -0.073476  0.994504  -0.002210  -0.006997  0.014989  0.302994  0.170362  0.143287  2.000000  0.999754  0.020850  -0.007605  -0.020759  0.999715  0.011810  0.007849  -0.011650  0.999901  0.999996  -0.001246  -0.002641  0.001261  0.999984  0.005472  0.002634  -0.005476  0.999982  1.000000  -0.000016  -0.000033  0.000016  1.000000  0.000068  0.000033  -0.000068  1.000000  0.999754  0.020850  -0.007605  -0.020759  0.999715  0.011810  0.007849  -0.011650  0.999901  0.000098  0.006204  
57.334573 0.001304  0.092146  0.015181  0.989515  0.129158  -0.064643  -0.123680  0.988880  0.082579  0.074590  -0.073718  0.994486  -0.002532  -0.007113  0.014800  0.291856  0.159728  0.101093  2.000000  0.999755  0.020743  -0.007754  -0.020648  0.999713  0.012143  0.008003  -0.011980  0.999896  0.999995  -0.002085  -0.002435  0.002097  0.999984  0.005168  0.002424  -0.005173  0.999984  1.000000  -0.000026  -0.000030  0.000026  1.000000  0.000065  0.000030  -0.000065  1.000000  0.999755  0.020743  -0.007754  -0.020648  0.999713  0.012143  0.008003  -0.011980  0.999896  0.000088  0.006084  
57.335819 0.001299  0.092138  0.015196  0.989540  0.128962  -0.064645  -0.123477  0.988897  0.082685  0.074590  -0.073838  0.994477  -0.002760  -0.007079  0.014549  0.278922  0.147445  0.065228  2.000000  0.999757  0.020606  -0.007888  -0.020507  0.999712  0.012465  0.008142  -0.012300  0.999891  0.999994  -0.002513  -0.002199  0.002524  0.999984  0.005016  0.002186  -0.005022  0.999985  1.000000  -0.000031  -0.000027  0.000031  1.000000  0.000063  0.000027  -0.000063  1.000000  0.999757  0.020606  -0.007888  -0.020507  0.999712  0.012465  0.008142  -0.012300  0.999891  0.000083  0.006028  
57.336821 0.001295  0.092132  0.015209  0.989566  0.128774  -0.064631  -0.123273  0.988903  0.082912  0.074590  -0.074080  0.994459  -0.003001  -0.007069  0.014351  0.270592  0.133129  0.030137  2.000000  0.999757  0.020544  -0.007937  -0.020443  0.999712  0.012592  0.008193  -0.012426  0.999889  0.999995  -0.002523  -0.002066  0.002533  0.999984  0.005016  0.002053  -0.005021  0.999985  1.000000  -0.000032  -0.000026  0.000032  1.000000  0.000063  0.000026  -0.000063  1.000000  0.999757  0.020544  -0.007937  -0.020443  0.999712  0.012592  0.008193  -0.012426  0.999889  0.000078  0.005985  
57.338070 0.001290  0.092124  0.015225  0.989566  0.128790  -0.064599  -0.123273  0.988883  0.083152  0.074590  -0.074321  0.994441  -0.003185  -0.007011  0.014093  0.260438  0.121616  0.001696  2.000000  0.999757  0.020544  -0.007937  -0.020443  0.999712  0.012592  0.008193  -0.012426  0.999889  0.999994  -0.002942  -0.001964  0.002951  0.999984  0.004864  0.001949  -0.004870  0.999986  1.000000  0.000000  0.000000  0.000000  1.000000  0.000000  0.000000  0.000000  1.000000  0.999757  0.020544  -0.007937  -0.020443  0.999712  0.012592  0.008193  -0.012426  0.999889  0.000074  0.000000  
57.339070 0.001286  0.092117  0.015238  0.989591  0.128602  -0.064585  -0.123069  0.988889  0.083378  0.074590  -0.074562  0.994423  -0.003336  -0.006956  0.013891  0.258922  0.114110  -0.019565  2.000000  0.999757  0.020544  -0.007937  -0.020443  0.999712  0.012592  0.008193  -0.012426  0.999889  0.999993  -0.003156  -0.001846  0.003165  0.999984  0.004727  0.001831  -0.004733  0.999987  1.000000  0.000000  0.000000  0.000000  1.000000  0.000000  0.000000  0.000000  1.000000  0.999757  0.020544  -0.007937  -0.020443  0.999712  0.012592  0.008193  -0.012426  0.999889  0.000071  0.000000  
57.340320 0.001281  0.092108  0.015255  0.989606  0.128424  -0.064703  -0.122864  0.988894  0.083621  0.074724  -0.074803  0.994395  -0.003429  -0.006926  0.013716  0.250773  0.110694  -0.047004  2.000000  0.999757  0.020544  -0.007937  -0.020443  0.999712  0.012592  0.008193  -0.012426  0.999889  0.999993  -0.003360  -0.001862  0.003369  0.999984  0.004469  0.001847  -0.004475  0.999988  1.000000  0.000000  0.000000  0.000000  1.000000  0.000000  0.000000  0.000000  1.000000  0.999757  0.020544  -0.007937  -0.020443  0.999712  0.012592  0.008193  -0.012426  0.999889  0.000070  0.000000  
57.341320 0.001278  0.092101  0.015268  0.989632  0.128228  -0.064705  -0.122661  0.988911  0.083728  0.074724  -0.074923  0.994386  -0.003505  -0.006854  0.013570  0.241110  0.103248  -0.068082  2.000000  0.999757  0.020544  -0.007937  -0.020443  0.999712  0.012592  0.008193  -0.012426  0.999889  0.999992  -0.003575  -0.001745  0.003582  0.999984  0.004453  0.001729  -0.004459  0.999989  1.000000  0.000000  0.000000  0.000000  1.000000  0.000000  0.000000  0.000000  1.000000  0.999757  0.020544  -0.007937  -0.020443  0.999712  0.012592  0.008193  -0.012426  0.999889  0.000069  0.000000  
57.342612 0.001274  0.092092  0.015286  0.989657  0.128048  -0.064676  -0.122457  0.988906  0.084075  0.074724  -0.075285  0.994358  -0.003533  -0.006726  0.013474  0.240748  0.097012  -0.096657  2.000000  0.999757  0.020544  -0.007937  -0.020443  0.999712  0.012592  0.008193  -0.012426  0.999889  0.999993  -0.003390  -0.001463  0.003396  0.999985  0.004226  0.001449  -0.004231  0.999990  1.000000  0.000000  0.000000  0.000000  1.000000  0.000000  0.000000  0.000000  1.000000  0.999757  0.020544  -0.007937  -0.020443  0.999712  0.012592  0.008193  -0.012426  0.999889  0.000068  0.000000  
57.343868 0.001271  0.092084  0.015304  0.989647  0.128074  -0.064777  -0.122456  0.988885  0.084331  0.074857  -0.075526  0.994330  -0.003444  -0.006576  0.013469  0.235653  0.093561  -0.110703  2.000000  0.999757  0.020544  -0.007937  -0.020443  0.999712  0.012592  0.008193  -0.012426  0.999889  0.999993  -0.003379  -0.001598  0.003386  0.999986  0.004104  0.001584  -0.004110  0.999990  1.000000  0.000000  0.000000  0.000000  1.000000  0.000000  0.000000  0.000000  1.000000  0.999757  0.020544  -0.007937  -0.020443  0.999712  0.012592  0.008193  -0.012426  0.999889  0.000069  0.000000  
57.345078 0.001270  0.092076  0.015322  0.989647  0.128090  -0.064746  -0.122456  0.988864  0.084571  0.074857  -0.075767  0.994312  -0.003322  -0.006489  0.013572  0.231361  0.085247  -0.118354  2.000000  0.999757  0.020544  -0.007937  -0.020443  0.999712  0.012592  0.008193  -0.012426  0.999889  0.999994  -0.003194  -0.001316  0.003200  0.999987  0.003998  0.001303  -0.004003  0.999991  1.000000  0.000000  0.000000  0.000000  1.000000  0.000000  0.000000  0.000000  1.000000  0.999757  0.020544  -0.007937  -0.020443  0.999712  0.012592  0.008193  -0.012426  0.999889  0.000069  0.000000  
57.346327 0.001268  0.092069  0.015341  0.989662  0.127904  -0.064879  -0.122251  0.988879  0.084694  0.074991  -0.075887  0.994293  -0.003200  -0.006514  0.013570  0.224886  0.085062  -0.124187  2.000000  0.999757  0.020544  -0.007937  -0.020443  0.999712  0.012592  0.008193  -0.012426  0.999889  0.999994  -0.003194  -0.001317  0.003199  0.999987  0.003998  0.001304  -0.004002  0.999991  1.000000  0.000000  0.000000  0.000000  1.000000  0.000000  0.000000  0.000000  1.000000  0.999757  0.020544  -0.007937  -0.020443  0.999712  0.012592  0.008193  -0.012426  0.999889  0.000069  0.000000  
57.347574 0.001267  0.092061  0.015358  0.989662  0.127920  -0.064848  -0.122251  0.988858  0.084934  0.074991  -0.076128  0.994274  -0.003029  -0.006544  0.013586  0.220311  0.076699  -0.131632  2.000000  0.999757  0.020544  -0.007937  -0.020443  0.999712  0.012592  0.008193  -0.012426  0.999889  0.999995  -0.002999  -0.001169  0.003004  0.999988  0.003892  0.001157  -0.003896  0.999992  1.000000  0.000000  0.000000  0.000000  1.000000  0.000000  0.000000  0.000000  1.000000  0.999757  0.020544  -0.007937  -0.020443  0.999712  0.012592  0.008193  -0.012426  0.999889  0.000068  0.000000  
57.348575 0.001267  0.092055  0.015373  0.989687  0.127724  -0.064850  -0.122047  0.988874  0.085040  0.074991  -0.076248  0.994265  -0.002795  -0.006539  0.013648  0.209391  0.073397  -0.139914  2.000000  0.999757  0.020544  -0.007937  -0.020443  0.999712  0.012592  0.008193  -0.012426  0.999889  0.999996  -0.002804  -0.001020  0.002808  0.999989  0.003786  0.001009  -0.003789  0.999992  1.000000  0.000000  0.000000  0.000000  1.000000  0.000000  0.000000  0.000000  1.000000  0.999757  0.020544  -0.007937  -0.020443  0.999712  0.012592  0.008193  -0.012426  0.999889  0.000067  0.000000  
57.349819 0.001267  0.092049  0.015390  0.989687  0.127740  -0.064819  -0.122047  0.988854  0.085280  0.074991  -0.076490  0.994246  -0.002430  -0.006429  0.013780  0.207671  0.068383  -0.139080  2.000000  0.999757  0.020544  -0.007937  -0.020443  0.999712  0.012592  0.008193  -0.012426  0.999889  0.999996  -0.002620  -0.000738  0.002623  0.999990  0.003559  0.000728  -0.003561  0.999993  1.000000  0.000000  0.000000  0.000000  1.000000  0.000000  0.000000  0.000000  1.000000  0.999757  0.020544  -0.007937  -0.020443  0.999712  0.012592  0.008193  -0.012426  0.999889  0.000065  0.000000  
57.350823 0.001268  0.092044  0.015404  0.989687  0.127748  -0.064804  -0.122047  0.988843  0.085400  0.074991  -0.076610  0.994237  -0.002054  -0.006287  0.013906  0.197652  0.063995  -0.133652  2.000000  0.999757  0.020544  -0.007937  -0.020443  0.999712  0.012592  0.008193  -0.012426  0.999889  0.999997  -0.002415  -0.000722  0.002418  0.999991  0.003453  0.000714  -0.003455  0.999994  1.000000  0.000000  0.000000  0.000000  1.000000  0.000000  0.000000  0.000000  1.000000  0.999757  0.020544  -0.007937  -0.020443  0.999712  0.012592  0.008193  -0.012426  0.999889  0.000062  0.000000  
57.352072 0.001269  0.092038  0.015421  0.989687  0.127756  -0.064788  -0.122047  0.988833  0.085520  0.074991  -0.076731  0.994228  -0.001655  -0.006141  0.013959  0.192077  0.059076  -0.132942  2.000000  0.999757  0.020544  -0.007937  -0.020443  0.999712  0.012592  0.008193  -0.012426  0.999889  0.999997  -0.002210  -0.000707  0.002213  0.999992  0.003469  0.000700  -0.003470  0.999994  1.000000  0.000000  0.000000  0.000000  1.000000  0.000000  0.000000  0.000000  1.000000  0.999757  0.020544  -0.007937  -0.020443  0.999712  0.012592  0.008193  -0.012426  0.999889  0.000061  0.000000  
57.353321 0.001270  0.092033  0.015439  0.989687  0.127771  -0.064757  -0.122047  0.988812  0.085760  0.074991  -0.076972  0.994209  -0.001259  -0.005935  0.014045  0.186441  0.054076  -0.120528  2.000000  0.999757  0.020544  -0.007937  -0.020443  0.999712  0.012592  0.008193  -0.012426  0.999889  0.999998  -0.002016  -0.000558  0.002018  0.999992  0.003363  0.000551  -0.003364  0.999994  1.000000  0.000000  0.000000  0.000000  1.000000  0.000000  0.000000  0.000000  1.000000  0.999757  0.020544  -0.007937  -0.020443  0.999712  0.012592  0.008193  -0.012426  0.999889  0.000058  0.000000  
57.354326 0.001271  0.092029  0.015453  0.989687  0.127779  -0.064742  -0.122047  0.988802  0.085880  0.074991  -0.077093  0.994200  -0.000856  -0.005729  0.014126  0.178247  0.049611  -0.120828  2.000000  0.999757  0.020544  -0.007937  -0.020443  0.999712  0.012592  0.008193  -0.012426  0.999889  0.999998  -0.001811  -0.000543  0.001813  0.999992  0.003500  0.000537  -0.003501  0.999994  1.000000  0.000000  0.000000  0.000000  1.000000  0.000000  0.000000  0.000000  1.000000  0.999757  0.020544  -0.007937  -0.020443  0.999712  0.012592  0.008193  -0.012426  0.999889  0.000057  0.000000  
57.355569 0.001274  0.092024  0.015472  0.989687  0.127795  -0.064711  -0.122047  0.988781  0.086120  0.074991  -0.077334  0.994181  -0.000381  -0.005436  0.014313  0.177308  0.044280  -0.113347  2.000000  0.999757  0.020544  -0.007937  -0.020443  0.999712  0.012592  0.008193  -0.012426  0.999889  0.999999  -0.001606  -0.000527  0.001608  0.999993  0.003394  0.000522  -0.003395  0.999994  1.000000  0.000000  0.000000  0.000000  1.000000  0.000000  0.000000  0.000000  1.000000  0.999757  0.020544  -0.007937  -0.020443  0.999712  0.012592  0.008193  -0.012426  0.999889  0.000053  0.000000  
57.356569 0.001275  0.092021  0.015487  0.989687  0.127803  -0.064695  -0.122047  0.988771  0.086240  0.074991  -0.077454  0.994172  -0.000034  -0.005209  0.014379  0.169731  0.034902  -0.107189  2.000000  0.999757  0.020544  -0.007937  -0.020443  0.999712  0.012592  0.008193  -0.012426  0.999889  0.999999  -0.001402  -0.000512  0.001403  0.999993  0.003531  0.000507  -0.003531  0.999994  1.000000  0.000000  0.000000  0.000000  1.000000  0.000000  0.000000  0.000000  1.000000  0.999757  0.020544  -0.007937  -0.020443  0.999712  0.012592  0.008193  -0.012426  0.999889  0.000052  0.000000  
57.357570 0.001277  0.092016  0.015503  0.989687  0.127818  -0.064664  -0.122047  0.988750  0.086479  0.074991  -0.077696  0.994153  0.000233  -0.005031  0.014521  0.170218  0.029961  -0.100680  2.000000  0.999757  0.020544  -0.007937  -0.020443  0.999712  0.012592  0.008193  -0.012426  0.999889  0.999999  -0.001402  -0.000512  0.001403  0.999993  0.003409  0.000507  -0.003410  0.999994  1.000000  0.000000  0.000000  0.000000  1.000000  0.000000  0.000000  0.000000  1.000000  0.999757  0.020544  -0.007937  -0.020443  0.999712  0.012592  0.008193  -0.012426  0.999889  0.000051  0.000000  
