1-Time 2-Px 3-Py 4-Pz 5-R11 6-R21 7-R31 8-R12 9-R22 10-R32 11-R13 12-R23 13-R33 14-Vx 15-Vy 16-Vz 17-Wx 18-Wy 19-Wz 20-state 21-PR11 22-PR21 23-PR31 24-PR12 25-PR22 26-PR32 27-PR13 28-PR23 29-PR33 
38.952273 0.002994  0.093871  0.011182  0.995392  0.094074  -0.018551  0.012091  0.068780  0.997559  0.095121  -0.993186  0.067325  -0.000054  -0.000080  -0.000031  0.000000  0.000000  0.000000  2.000000  1.000000  0.000000  0.000000  0.000000  -0.000000  1.000000  0.000000  -1.000000  -0.000000  1.000000  0.000133  -0.000009  -0.000133  0.999999  0.001092  0.000009  -0.001092  0.999999  1.000000  0.000000  0.000000  0.000000  1.000000  0.000000  0.000000  0.000000  1.000000  0.696237  0.472618  0.540265  -0.578074  -0.077024  0.812341  0.425540  -0.877895  0.219581  0.000000  0.000000  
38.953279 0.002993  0.093871  0.011182  0.995395  0.094089  -0.018346  0.011886  0.068760  0.997562  0.095121  -0.993186  0.067325  -0.000090  -0.000087  -0.000066  0.000000  0.000000  0.000000  2.000000  1.000000  0.000000  0.000000  0.000000  -0.000000  1.000000  0.000000  -1.000000  -0.000000  1.000000  0.000147  0.000195  -0.000148  0.999999  0.000990  -0.000195  -0.000990  0.999999  1.000000  0.000000  0.000000  0.000000  1.000000  0.000000  0.000000  0.000000  1.000000  1.000000  0.000000  0.000000  0.000000  -0.000000  1.000000  0.000000  -1.000000  -0.000000  0.000000  0.000000  
38.954541 0.002994  0.093871  0.011184  0.995402  0.094131  -0.017730  0.011271  0.068702  0.997574  0.095121  -0.993186  0.067325  -0.000052  -0.000105  0.000115  0.000000  0.000000  0.000000  2.000000  1.000000  0.000000  0.000000  0.000000  -0.000000  1.000000  0.000000  -1.000000  -0.000000  1.000000  0.000175  0.000604  -0.000176  0.999999  0.001029  -0.000604  -0.001029  0.999999  1.000000  0.000000  0.000000  0.000000  1.000000  0.000000  0.000000  0.000000  1.000000  1.000000  0.000000  0.000000  0.000000  -0.000000  1.000000  0.000000  -1.000000  -0.000000  0.000000  0.000000  
38.955789 0.002994  0.093871  0.011188  0.995411  0.094188  -0.016908  0.010452  0.068625  0.997588  0.095121  -0.993186  0.067325  0.000006  -0.000112  0.000357  0.000000  0.000000  0.000000  2.000000  1.000000  0.000000  0.000000  0.000000  -0.000000  1.000000  0.000000  -1.000000  -0.000000  0.999999  0.000230  0.001422  -0.000232  0.999999  0.000986  -0.001422  -0.000986  0.999999  1.000000  0.000000  0.000000  0.000000  1.000000  0.000000  0.000000  0.000000  1.000000  1.000000  0.000000  0.000000  0.000000  -0.000000  1.000000  0.000000  -1.000000  -0.000000  0.000000  0.000000  
38.957030 0.002995  0.093870  0.011193  0.995419  0.094244  -0.016087  0.009632  0.068547  0.997601  0.095121  -0.993186  0.067325  0.000024  -0.000128  0.000698  0.000000  0.000000  0.000000  2.000000  1.000000  0.000000  0.000000  0.000000  -0.000000  1.000000  0.000000  -1.000000  -0.000000  0.999997  0.000286  0.002240  -0.000288  0.999999  0.001064  -0.002240  -0.001065  0.999997  1.000000  0.000000  0.000000  0.000000  1.000000  0.000000  0.000000  0.000000  1.000000  1.000000  0.000000  0.000000  0.000000  -0.000000  1.000000  0.000000  -1.000000  -0.000000  0.000000  0.000000  
38.958038 0.002995  0.093870  0.011197  0.995423  0.094272  -0.015676  0.009222  0.068508  0.997608  0.095121  -0.993186  0.067325  0.000066  -0.000130  0.000969  0.000000  0.000000  0.000000  2.000000  1.000000  0.000000  0.000000  0.000000  -0.000000  1.000000  0.000000  -1.000000  -0.000000  0.999996  0.000327  0.002854  -0.000330  0.999999  0.001001  -0.002853  -0.001002  0.999995  1.000000  0.000000  0.000000  0.000000  1.000000  0.000000  0.000000  0.000000  1.000000  1.000000  0.000000  0.000000  0.000000  -0.000000  1.000000  0.000000  -1.000000  -0.000000  0.000000  0.000000  
38.959283 0.002996  0.093870  0.011203  0.995416  0.094446  -0.015080  0.008607  0.068572  0.997609  0.095254  -0.993166  0.067445  0.000104  -0.000134  0.001373  0.000000  0.000000  0.000000  2.000000  1.000000  0.000000  0.000000  0.000000  -0.000000  1.000000  0.000000  -1.000000  -0.000000  0.999994  0.000369  0.003467  -0.000372  0.999999  0.000939  -0.003467  -0.000940  0.999994  1.000000  0.000000  0.000000  0.000000  1.000000  0.000000  0.000000  0.000000  1.000000  1.000000  0.000000  0.000000  0.000000  -0.000000  1.000000  0.000000  -1.000000  -0.000000  0.000000  0.000000  
38.960529 0.002996  0.093870  0.011208  0.995397  0.094766  -0.014288  0.007787  0.068618  0.997613  0.095520  -0.993132  0.067564  0.000152  -0.000121  0.001736  0.000000  0.000000  0.000000  2.000000  1.000000  0.000000  0.000000  0.000000  -0.000000  1.000000  0.000000  -1.000000  -0.000000  0.999992  0.000678  0.004062  -0.000681  0.999999  0.000754  -0.004062  -0.000757  0.999991  1.000000  0.000000  0.000000  0.000000  1.000000  0.000000  0.000000  0.000000  1.000000  1.000000  0.000000  0.000000  0.000000  -0.000000  1.000000  0.000000  -1.000000  -0.000000  0.000000  0.000000  
38.961784 0.002997  0.093870  0.011214  0.995379  0.095101  -0.013291  0.006762  0.068643  0.997618  0.095787  -0.993098  0.067682  0.000184  -0.000102  0.002126  0.041607  -0.176758  0.039147  2.000000  1.000000  0.000013  0.000063  -0.000063  -0.000011  1.000000  0.000013  -1.000000  -0.000011  0.999987  0.001014  0.005066  -0.001018  0.999999  0.000852  -0.005065  -0.000857  0.999987  1.000000  0.000013  0.000063  -0.000013  1.000000  0.000011  -0.000063  -0.000011  1.000000  1.000000  0.000013  0.000063  -0.000063  -0.000011  1.000000  0.000013  -1.000000  -0.000011  0.000045  0.005237  
38.963034 0.002997  0.093871  0.011220  0.995360  0.095436  -0.012294  0.005738  0.068667  0.997623  0.096053  -0.993064  0.067801  0.000194  -0.000056  0.002532  0.036784  -0.210488  0.050470  2.000000  1.000000  0.000094  0.000417  -0.000417  -0.000053  1.000000  0.000094  -1.000000  -0.000053  0.999981  0.001484  0.006061  -0.001488  0.999999  0.000707  -0.006060  -0.000716  0.999981  1.000000  0.000019  0.000076  -0.000019  1.000000  0.000009  -0.000076  -0.000009  1.000000  1.000000  0.000094  0.000417  -0.000417  -0.000053  1.000000  0.000094  -1.000000  -0.000053  0.000053  0.006281  
38.964279 0.002996  0.093872  0.011226  0.995352  0.095638  -0.011287  0.004713  0.068691  0.997627  0.096186  -0.993043  0.067921  0.000177  0.000040  0.002942  0.036034  -0.244560  0.057332  2.000000  1.000000  0.000194  0.000834  -0.000834  -0.000092  1.000000  0.000194  -1.000000  -0.000092  0.999974  0.001687  0.007074  -0.001692  0.999998  0.000561  -0.007073  -0.000573  0.999975  1.000000  0.000021  0.000088  -0.000021  1.000000  0.000007  -0.000088  -0.000007  1.000000  1.000000  0.000194  0.000834  -0.000834  -0.000092  1.000000  0.000194  -1.000000  -0.000092  0.000062  0.007295  
38.965280 0.002995  0.093872  0.011229  0.995344  0.095840  -0.010281  0.003688  0.068714  0.997630  0.096319  -0.993022  0.068040  0.000111  0.000058  0.003188  0.031206  -0.278593  0.064171  2.000000  0.999999  0.000286  0.001213  -0.001213  -0.000117  0.999999  0.000286  -1.000000  -0.000116  0.999967  0.001877  0.007883  -0.001881  0.999998  0.000518  -0.007882  -0.000533  0.999969  1.000000  0.000023  0.000099  -0.000023  1.000000  0.000007  -0.000099  -0.000007  1.000000  0.999999  0.000286  0.001213  -0.001213  -0.000117  0.999999  0.000286  -1.000000  -0.000116  0.000069  0.008120  
38.966529 0.002994  0.093873  0.011235  0.995334  0.096042  -0.009275  0.002664  0.068736  0.997631  0.096452  -0.993001  0.068160  0.000049  0.000131  0.003604  0.030463  -0.312664  0.071039  2.000000  0.999998  0.000412  0.001756  -0.001756  -0.000143  0.999998  0.000412  -1.000000  -0.000142  0.999956  0.002096  0.009100  -0.002098  0.999998  0.000271  -0.009099  -0.000290  0.999959  1.000000  0.000026  0.000114  -0.000026  1.000000  0.000004  -0.000114  -0.000004  1.000000  0.999998  0.000412  0.001756  -0.001756  -0.000143  0.999998  0.000412  -1.000000  -0.000142  0.000079  0.009343  
38.967529 0.002993  0.093874  0.011241  0.995323  0.096244  -0.008281  0.001639  0.068880  0.997624  0.096586  -0.992972  0.068400  -0.000013  0.000203  0.004022  0.021568  -0.346682  0.077899  2.000000  0.999997  0.000520  0.002242  -0.002242  -0.000154  0.999997  0.000520  -1.000000  -0.000152  0.999946  0.002301  0.010113  -0.002302  0.999997  0.000125  -0.010112  -0.000149  0.999949  1.000000  0.000029  0.000126  -0.000029  1.000000  0.000002  -0.000126  -0.000002  1.000000  0.999997  0.000520  0.002242  -0.002242  -0.000154  0.999997  0.000520  -1.000000  -0.000152  0.000087  0.010372  
38.968531 0.002992  0.093875  0.011247  0.995311  0.096432  -0.007492  0.000820  0.069043  0.997613  0.096719  -0.992942  0.068640  -0.000126  0.000236  0.004353  0.015997  -0.371633  0.083819  2.000000  0.999996  0.000608  0.002642  -0.002641  -0.000158  0.999996  0.000608  -1.000000  -0.000156  0.999937  0.002358  0.010930  -0.002359  0.999997  0.000082  -0.010930  -0.000107  0.999940  1.000000  0.000029  0.000137  -0.000029  1.000000  0.000001  -0.000137  -0.000001  1.000000  0.999996  0.000608  0.002642  -0.002641  -0.000158  0.999996  0.000608  -1.000000  -0.000156  0.000094  0.011182  
38.969779 0.002990  0.093875  0.011255  0.995299  0.096647  -0.006304  -0.000410  0.069286  0.997597  0.096852  -0.992904  0.069000  -0.000250  0.000269  0.004636  0.003795  -0.414847  0.091714  2.000000  0.999994  0.000769  0.003370  -0.003370  -0.000148  0.999994  0.000769  -1.000000  -0.000145  0.999923  0.002712  0.012137  -0.002709  0.999996  -0.000287  -0.012138  0.000254  0.999926  1.000000  0.000034  0.000152  -0.000034  1.000000  -0.000003  -0.000152  0.000003  1.000000  0.999994  0.000769  0.003370  -0.003370  -0.000148  0.999994  0.000769  -1.000000  -0.000145  0.000105  0.012440  
38.970786 0.002988  0.093875  0.011261  0.995285  0.096836  -0.005515  -0.001229  0.069449  0.997585  0.096985  -0.992874  0.069240  -0.000401  0.000279  0.004836  -0.001673  -0.441865  0.098117  2.000000  0.999992  0.000909  0.004002  -0.004002  -0.000125  0.999992  0.000910  -1.000000  -0.000121  0.999912  0.002906  0.012945  -0.002899  0.999996  -0.000574  -0.012947  0.000536  0.999916  1.000000  0.000036  0.000162  -0.000036  1.000000  -0.000007  -0.000162  0.000007  1.000000  0.999992  0.000909  0.004002  -0.004002  -0.000125  0.999992  0.000910  -1.000000  -0.000121  0.000112  0.013279  
38.972032 0.002986  0.093875  0.011269  0.995257  0.097171  -0.004554  -0.002254  0.069832  0.997556  0.097251  -0.992815  0.069720  -0.000593  0.000329  0.005036  -0.018667  -0.475566  0.109545  2.000000  0.999988  0.001097  0.004849  -0.004849  -0.000080  0.999988  0.001097  -0.999999  -0.000074  0.999898  0.002981  0.013966  -0.002968  0.999995  -0.000960  -0.013969  0.000918  0.999902  1.000000  0.000037  0.000175  -0.000037  1.000000  -0.000012  -0.000175  0.000012  1.000000  0.999988  0.001097  0.004849  -0.004849  -0.000080  0.999988  0.001097  -0.999999  -0.000074  0.000120  0.014312  
38.973034 0.002985  0.093874  0.011275  0.995241  0.097374  -0.003572  -0.003278  0.070095  0.997535  0.097385  -0.992776  0.070081  -0.000722  0.000289  0.005178  -0.027532  -0.509516  0.116487  2.000000  0.999984  0.001257  0.005580  -0.005580  -0.000025  0.999984  0.001257  -0.999999  -0.000018  0.999882  0.003324  0.014968  -0.003306  0.999994  -0.001227  -0.014972  0.001177  0.999887  1.000000  0.000041  0.000187  -0.000041  1.000000  -0.000015  -0.000187  0.000015  1.000000  0.999984  0.001257  0.005580  -0.005580  -0.000025  0.999984  0.001257  -0.999999  -0.000018  0.000129  0.015380  
38.974283 0.002983  0.093873  0.011282  0.995224  0.097593  -0.002384  -0.004508  0.070337  0.997513  0.097518  -0.992738  0.070441  -0.000912  0.000238  0.005300  -0.039806  -0.550427  0.123906  2.000000  0.999977  0.001472  0.006551  -0.006551  0.000059  0.999979  0.001472  -0.999999  0.000069  0.999866  0.003533  0.015980  -0.003510  0.999993  -0.001494  -0.015985  0.001438  0.999871  1.000000  0.000044  0.000200  -0.000044  1.000000  -0.000018  -0.000200  0.000018  1.000000  0.999977  0.001472  0.006551  -0.006551  0.000059  0.999979  0.001472  -0.999999  0.000069  0.000140  0.016432  
38.975284 0.002981  0.093873  0.011288  0.995193  0.097916  -0.001605  -0.005327  0.070497  0.997498  0.097784  -0.992695  0.070680  -0.001007  0.000189  0.005381  -0.045213  -0.577230  0.134850  2.000000  0.999972  0.001654  0.007358  -0.007358  0.000141  0.999973  0.001653  -0.999999  0.000153  0.999862  0.003687  0.016173  -0.003658  0.999992  -0.001838  -0.016180  0.001779  0.999868  1.000000  0.000046  0.000202  -0.000046  1.000000  -0.000023  -0.000202  0.000023  1.000000  0.999972  0.001654  0.007358  -0.007358  0.000141  0.999973  0.001653  -0.999999  0.000153  0.000147  0.016687  
38.976535 0.002980  0.093872  0.011296  0.995173  0.098136  -0.000430  -0.006556  0.070859  0.997465  0.097917  -0.992647  0.071161  -0.001147  0.000116  0.005534  -0.061566  -0.618281  0.142360  2.000000  0.999965  0.001850  0.008188  -0.008189  0.000238  0.999966  0.001848  -0.999998  0.000253  0.999851  0.004003  0.016766  -0.003967  0.999990  -0.002144  -0.016774  0.002077  0.999857  1.000000  0.000050  0.000210  -0.000050  1.000000  -0.000026  -0.000210  0.000026  1.000000  0.999965  0.001850  0.008188  -0.008189  0.000238  0.999966  0.001848  -0.999998  0.000253  0.000158  0.017367  
38.977779 0.002978  0.093870  0.011303  0.995126  0.098607  0.000532  -0.007580  0.071118  0.997439  0.098317  -0.992582  0.071519  -0.001254  -0.000003  0.005618  -0.070315  -0.651551  0.158311  2.000000  0.999955  0.002111  0.009233  -0.009234  0.000383  0.999957  0.002107  -0.999998  0.000403  0.999851  0.004276  0.016745  -0.004234  0.999988  -0.002508  -0.016756  0.002437  0.999857  1.000000  0.000053  0.000209  -0.000053  1.000000  -0.000031  -0.000209  0.000031  1.000000  0.999955  0.002111  0.009233  -0.009234  0.000383  0.999957  0.002107  -0.999998  0.000403  0.000167  0.017459  
38.978781 0.002977  0.093869  0.011308  0.995107  0.098799  0.001308  -0.008400  0.071399  0.997412  0.098450  -0.992543  0.071879  -0.001289  -0.000149  0.005625  -0.083892  -0.678649  0.164792  2.000000  0.999946  0.002334  0.010080  -0.010081  0.000517  0.999949  0.002329  -0.999997  0.000541  0.999843  0.004577  0.017133  -0.004529  0.999986  -0.002833  -0.017146  0.002755  0.999849  1.000000  0.000057  0.000214  -0.000057  1.000000  -0.000035  -0.000214  0.000035  1.000000  0.999946  0.002334  0.010080  -0.010081  0.000517  0.999949  0.002329  -0.999997  0.000541  0.000174  0.017954  
38.979783 0.002975  0.093867  0.011313  0.995075  0.099109  0.001868  -0.009014  0.071698  0.997386  0.098716  -0.992490  0.072238  -0.001370  -0.000352  0.005717  -0.094009  -0.698525  0.175319  2.000000  0.999937  0.002568  0.010936  -0.010938  0.000665  0.999940  0.002561  -0.999996  0.000693  0.999842  0.004717  0.017122  -0.004665  0.999984  -0.003076  -0.017136  0.002995  0.999849  1.000000  0.000059  0.000214  -0.000059  1.000000  -0.000038  -0.000214  0.000038  1.000000  0.999937  0.002568  0.010936  -0.010938  0.000665  0.999940  0.002561  -0.999996  0.000693  0.000180  0.018018  
38.981030 0.002973  0.093864  0.011317  0.995041  0.099435  0.002622  -0.009833  0.072098  0.997349  0.098982  -0.992429  0.072718  -0.001401  -0.000641  0.005635  -0.111569  -0.725708  0.181885  2.000000  0.999924  0.002863  0.012016  -0.012019  0.000867  0.999927  0.002852  -0.999996  0.000901  0.999839  0.004606  0.017333  -0.004548  0.999984  -0.003413  -0.017349  0.003334  0.999844  1.000000  0.000057  0.000217  -0.000057  1.000000  -0.000042  -0.000217  0.000042  1.000000  0.999924  0.002863  0.012016  -0.012019  0.000867  0.999927  0.002852  -0.999996  0.000901  0.000189  0.018250  
38.982280 0.002971  0.093860  0.011320  0.995019  0.099629  0.003385  -0.010652  0.072498  0.997312  0.099116  -0.992380  0.073199  -0.001508  -0.000958  0.005393  -0.125169  -0.753024  0.188542  2.000000  0.999909  0.003155  0.013086  -0.013090  0.001092  0.999914  0.003140  -0.999994  0.001133  0.999843  0.004600  0.017126  -0.004536  0.999983  -0.003792  -0.017143  0.003714  0.999846  1.000000  0.000057  0.000214  -0.000057  1.000000  -0.000047  -0.000214  0.000047  1.000000  0.999909  0.003155  0.013086  -0.013090  0.001092  0.999914  0.003140  -0.999994  0.001133  0.000196  0.018127  
38.983532 0.002969  0.093855  0.011323  0.994997  0.099823  0.004149  -0.011472  0.072899  0.997273  0.099249  -0.992331  0.073679  -0.001548  -0.001317  0.005048  -0.140080  -0.766396  0.194186  2.000000  0.999894  0.003438  0.014141  -0.014146  0.001339  0.999899  0.003418  -0.999993  0.001388  0.999850  0.004445  0.016725  -0.004376  0.999982  -0.004190  -0.016743  0.004116  0.999851  1.000000  0.000055  0.000209  -0.000055  1.000000  -0.000052  -0.000209  0.000052  1.000000  0.999894  0.003438  0.014141  -0.014146  0.001339  0.999899  0.003418  -0.999993  0.001388  0.000199  0.017798  
38.984779 0.002966  0.093850  0.011324  0.994963  0.100136  0.004696  -0.012086  0.073318  0.997235  0.099515  -0.992269  0.074159  -0.001590  -0.001653  0.004562  -0.155019  -0.759504  0.201697  2.000000  0.999881  0.003661  0.014977  -0.014983  0.001559  0.999887  0.003638  -0.999992  0.001613  0.999850  0.004453  0.016722  -0.004376  0.999980  -0.004673  -0.016743  0.004599  0.999849  1.000000  0.000055  0.000209  -0.000055  1.000000  -0.000058  -0.000209  0.000058  1.000000  0.999881  0.003661  0.014977  -0.014983  0.001559  0.999887  0.003638  -0.999992  0.001613  0.000202  0.017916  
38.986029 0.002964  0.093846  0.011324  0.994942  0.100317  0.005253  -0.012700  0.073738  0.997197  0.099648  -0.992219  0.074639  -0.001621  -0.001971  0.004031  -0.173984  -0.752006  0.207147  2.000000  0.999864  0.003946  0.016001  -0.016008  0.001854  0.999870  0.003916  -0.999990  0.001916  0.999860  0.004550  0.016097  -0.004470  0.999978  -0.004972  -0.016119  0.004900  0.999858  1.000000  0.000056  0.000201  -0.000056  1.000000  -0.000062  -0.000201  0.000062  1.000000  0.999864  0.003946  0.016001  -0.016008  0.001854  0.999870  0.003916  -0.999990  0.001916  0.000201  0.017441  
38.987279 0.002962  0.093841  0.011323  0.994907  0.100631  0.005801  -0.013314  0.074156  0.997158  0.099914  -0.992156  0.075118  -0.001561  -0.002216  0.003499  -0.188571  -0.744876  0.214455  2.000000  0.999847  0.004235  0.016988  -0.016997  0.002173  0.999853  0.004198  -0.999989  0.002244  0.999866  0.004661  0.015676  -0.004577  0.999975  -0.005373  -0.015700  0.005301  0.999863  1.000000  0.000058  0.000196  -0.000058  1.000000  -0.000067  -0.000196  0.000067  1.000000  0.999847  0.004235  0.016988  -0.016997  0.002173  0.999853  0.004198  -0.999989  0.002244  0.000201  0.017203  
38.988282 0.002962  0.093839  0.011322  0.994875  0.100929  0.006154  -0.013724  0.074474  0.997129  0.100181  -0.992102  0.075477  -0.001478  -0.002353  0.002998  -0.200557  -0.744019  0.223438  2.000000  0.999833  0.004472  0.017743  -0.017754  0.002444  0.999839  0.004428  -0.999987  0.002523  0.999879  0.004741  0.014846  -0.004657  0.999973  -0.005692  -0.014872  0.005622  0.999874  1.000000  0.000059  0.000186  -0.000059  1.000000  -0.000071  -0.000186  0.000071  1.000000  0.999833  0.004472  0.017743  -0.017754  0.002444  0.999839  0.004428  -0.999987  0.002523  0.000201  0.016580  
38.989283 0.002961  0.093836  0.011321  0.994845  0.101213  0.006290  -0.013928  0.074933  0.997091  0.100447  -0.992039  0.075957  -0.001433  -0.002496  0.002591  -0.218201  -0.735484  0.230492  2.000000  0.999818  0.004711  0.018464  -0.018477  0.002723  0.999826  0.004660  -0.999985  0.002810  0.999888  0.004700  0.014231  -0.004619  0.999973  -0.005749  -0.014258  0.005683  0.999882  1.000000  0.000058  0.000178  -0.000058  1.000000  -0.000071  -0.000178  0.000071  1.000000  0.999818  0.004711  0.018464  -0.018477  0.002723  0.999826  0.004660  -0.999985  0.002810  0.000201  0.016041  
38.990533 0.002962  0.093834  0.011321  0.994826  0.101380  0.006629  -0.014337  0.075494  0.997043  0.100580  -0.991979  0.076557  -0.001297  -0.002630  0.002014  -0.233199  -0.722637  0.223827  2.000000  0.999801  0.005014  0.019316  -0.019331  0.003090  0.999808  0.004953  -0.999983  0.003187  0.999899  0.004780  0.013400  -0.004699  0.999971  -0.006069  -0.013429  0.006005  0.999892  1.000000  0.000059  0.000168  -0.000059  1.000000  -0.000075  -0.000168  0.000075  1.000000  0.999801  0.005014  0.019316  -0.019331  0.003090  0.999808  0.004953  -0.999983  0.003187  0.000199  0.015456  
38.991535 0.002962  0.093832  0.011321  0.994793  0.101680  0.006970  -0.014747  0.075932  0.997004  0.100846  -0.991915  0.077036  -0.001185  -0.002671  0.001586  -0.246560  -0.708709  0.223011  2.000000  0.999790  0.005194  0.019810  -0.019827  0.003323  0.999798  0.005127  -0.999981  0.003425  0.999902  0.004771  0.013194  -0.004687  0.999968  -0.006451  -0.013224  0.006388  0.999892  1.000000  0.000059  0.000165  -0.000059  1.000000  -0.000080  -0.000165  0.000080  1.000000  0.999790  0.005194  0.019810  -0.019827  0.003323  0.999798  0.005127  -0.999981  0.003425  0.000197  0.015429  
38.992779 0.002962  0.093829  0.011321  0.994773  0.101849  0.007308  -0.015156  0.076493  0.996955  0.100979  -0.991855  0.077637  -0.001087  -0.002766  0.001188  -0.265958  -0.689506  0.215945  2.000000  0.999773  0.005499  0.020605  -0.020625  0.003725  0.999780  0.005421  -0.999978  0.003838  0.999910  0.004732  0.012578  -0.004649  0.999967  -0.006628  -0.012609  0.006569  0.999899  1.000000  0.000059  0.000157  -0.000059  1.000000  -0.000082  -0.000157  0.000082  1.000000  0.999773  0.005499  0.020605  -0.020625  0.003725  0.999780  0.005421  -0.999978  0.003838  0.000194  0.014971  
38.993781 0.002962  0.093827  0.011321  0.994743  0.102133  0.007443  -0.015360  0.076952  0.996916  0.101246  -0.991790  0.078116  -0.000991  -0.002793  0.000891  -0.279987  -0.668682  0.219104  2.000000  0.999759  0.005740  0.021202  -0.021225  0.004058  0.999766  0.005653  -0.999975  0.004179  0.999920  0.004675  0.011758  -0.004595  0.999966  -0.006827  -0.011790  0.006772  0.999908  1.000000  0.000058  0.000147  -0.000058  1.000000  -0.000085  -0.000147  0.000085  1.000000  0.999759  0.005740  0.021202  -0.021225  0.004058  0.999766  0.005653  -0.999975  0.004179  0.000190  0.014365  
38.994787 0.002962  0.093826  0.011322  0.994726  0.102286  0.007588  -0.015565  0.077412  0.996878  0.101379  -0.991738  0.078596  -0.000899  -0.002771  0.000587  -0.297122  -0.646547  0.219052  2.000000  0.999745  0.005983  0.021765  -0.021791  0.004404  0.999753  0.005885  -0.999972  0.004533  0.999929  0.004751  0.010928  -0.004673  0.999964  -0.007148  -0.010962  0.007096  0.999915  1.000000  0.000059  0.000137  -0.000059  1.000000  -0.000089  -0.000137  0.000089  1.000000  0.999745  0.005983  0.021765  -0.021791  0.004404  0.999753  0.005885  -0.999972  0.004533  0.000187  0.013882  
38.996033 0.002962  0.093823  0.011323  0.994682  0.102705  0.007687  -0.015769  0.078111  0.996820  0.101778  -0.991640  0.079315  -0.000743  -0.002741  0.000328  -0.316705  -0.611479  0.225800  2.000000  0.999729  0.006287  0.022417  -0.022448  0.004856  0.999736  0.006177  -0.999968  0.004996  0.999938  0.004694  0.010107  -0.004617  0.999961  -0.007588  -0.010143  0.007541  0.999920  1.000000  0.000058  0.000127  -0.000058  1.000000  -0.000095  -0.000127  0.000095  1.000000  0.999729  0.006287  0.022417  -0.022448  0.004856  0.999736  0.006177  -0.999968  0.004996  0.000182  0.013470  
38.997279 0.002963  0.093821  0.011324  0.994652  0.102992  0.007796  -0.015973  0.078811  0.996762  0.102044  -0.991555  0.080034  -0.000549  -0.002562  0.000243  -0.336369  -0.576773  0.228044  2.000000  0.999714  0.006592  0.022993  -0.023028  0.005329  0.999721  0.006467  -0.999964  0.005479  0.999949  0.004737  0.008868  -0.004667  0.999958  -0.007948  -0.008905  0.007907  0.999929  1.000000  0.000059  0.000111  -0.000059  1.000000  -0.000099  -0.000111  0.000099  1.000000  0.999714  0.006592  0.022993  -0.023028  0.005329  0.999721  0.006467  -0.999964  0.005479  0.000177  0.012803  
38.998530 0.002963  0.093820  0.011325  0.994607  0.103412  0.007894  -0.016178  0.079508  0.996703  0.102444  -0.991456  0.080752  -0.000365  -0.002388  0.000111  -0.351644  -0.550765  0.233786  2.000000  0.999700  0.006895  0.023516  -0.023557  0.005826  0.999706  0.006756  -0.999959  0.005987  0.999957  0.004678  0.008047  -0.004611  0.999955  -0.008269  -0.008085  0.008232  0.999933  1.000000  0.000058  0.000101  -0.000058  1.000000  -0.000103  -0.000101  0.000103  1.000000  0.999700  0.006895  0.023516  -0.023557  0.005826  0.999706  0.006756  -0.999959  0.005987  0.000175  0.012438  
38.999779 0.002964  0.093818  0.011324  0.994576  0.103700  0.008002  -0.016382  0.080208  0.996644  0.102710  -0.991369  0.081472  -0.000115  -0.002180  0.000035  -0.366837  -0.513778  0.237480  2.000000  0.999689  0.007142  0.023901  -0.023946  0.006247  0.999694  0.006990  -0.999955  0.006416  0.999960  0.004651  0.007635  -0.004584  0.999952  -0.008671  -0.007675  0.008636  0.999933  1.000000  0.000058  0.000096  -0.000058  1.000000  -0.000108  -0.000096  0.000108  1.000000  0.999689  0.007142  0.023901  -0.023946  0.006247  0.999694  0.006990  -0.999955  0.006416  0.000170  0.012442  
39.001027 0.002966  0.093818  0.011324  0.994542  0.104004  0.008315  -0.016791  0.080886  0.996582  0.102976  -0.991282  0.082191  0.000150  -0.001861  0.000031  -0.381178  -0.495356  0.239127  2.000000  0.999676  0.007448  0.024346  -0.024397  0.006794  0.999679  0.007280  -0.999949  0.006973  0.999966  0.004589  0.006815  -0.004528  0.999949  -0.008992  -0.006856  0.008961  0.999936  1.000000  0.000057  0.000085  -0.000057  1.000000  -0.000112  -0.000085  0.000112  1.000000  0.999676  0.007448  0.024346  -0.024397  0.006794  0.999679  0.007280  -0.999949  0.006973  0.000167  0.012169  
39.002029 0.002968  0.093818  0.011324  0.994525  0.104158  0.008446  -0.016995  0.081467  0.996531  0.103109  -0.991219  0.082791  0.000392  -0.001558  0.000085  -0.391250  -0.475177  0.233365  2.000000  0.999666  0.007693  0.024676  -0.024732  0.007248  0.999668  0.007512  -0.999944  0.007436  0.999967  0.004710  0.006597  -0.004649  0.999946  -0.009254  -0.006640  0.009223  0.999935  1.000000  0.000058  0.000083  -0.000058  1.000000  -0.000115  -0.000083  0.000115  1.000000  0.999666  0.007693  0.024676  -0.024732  0.007248  0.999668  0.007512  -0.999944  0.007436  0.000166  0.012291  
39.003282 0.002971  0.093820  0.011324  0.994494  0.104448  0.008541  -0.017200  0.082287  0.996460  0.103375  -0.991120  0.083630  0.000626  -0.001225  0.000149  -0.410836  -0.440710  0.235499  2.000000  0.999654  0.008000  0.025057  -0.025120  0.007837  0.999654  0.007801  -0.999937  0.008036  0.999971  0.004798  0.005969  -0.004739  0.999941  -0.009799  -0.006015  0.009771  0.999934  1.000000  0.000060  0.000075  -0.000060  1.000000  -0.000122  -0.000075  0.000122  1.000000  0.999654  0.008000  0.025057  -0.025120  0.007837  0.999654  0.007801  -0.999937  0.008036  0.000162  0.012426  
39.004533 0.002975  0.093823  0.011323  0.994459  0.104753  0.008852  -0.017609  0.082964  0.996397  0.103641  -0.991032  0.084349  0.000900  -0.000851  0.000182  -0.425515  -0.413240  0.233561  2.000000  0.999643  0.008312  0.025406  -0.025476  0.008446  0.999640  0.008095  -0.999930  0.008655  0.999974  0.004750  0.005353  -0.004697  0.999939  -0.009980  -0.005400  0.009955  0.999936  1.000000  0.000059  0.000067  -0.000059  1.000000  -0.000125  -0.000067  0.000125  1.000000  0.999643  0.008312  0.025406  -0.025476  0.008446  0.999640  0.008095  -0.999930  0.008655  0.000159  0.012271  
39.005787 0.002979  0.093825  0.011324  0.994414  0.105176  0.008934  -0.017813  0.083782  0.996325  0.104041  -0.990918  0.085187  0.001148  -0.000508  0.000226  -0.441521  -0.378793  0.240339  2.000000  0.999632  0.008629  0.025720  -0.025798  0.009072  0.999626  0.008393  -0.999922  0.009291  0.999975  0.004986  0.004918  -0.004935  0.999935  -0.010263  -0.004969  0.010238  0.999935  1.000000  0.000062  0.000062  -0.000062  1.000000  -0.000128  -0.000062  0.000128  1.000000  0.999632  0.008629  0.025720  -0.025798  0.009072  0.999626  0.008393  -0.999922  0.009291  0.000157  0.012415  
39.007033 0.002982  0.093828  0.011324  0.994368  0.105597  0.009028  -0.018017  0.084478  0.996262  0.104440  -0.990814  0.085905  0.001351  -0.000180  0.000244  -0.456113  -0.346973  0.239531  2.000000  0.999622  0.008953  0.026011  -0.026097  0.009718  0.999612  0.008697  -0.999913  0.009948  0.999978  0.004955  0.004506  -0.004907  0.999931  -0.010666  -0.004558  0.010644  0.999933  1.000000  0.000062  0.000057  -0.000062  1.000000  -0.000133  -0.000057  0.000133  1.000000  0.999622  0.008953  0.026011  -0.026097  0.009718  0.999612  0.008697  -0.999913  0.009948  0.000157  0.012585  
39.008280 0.002985  0.093830  0.011326  0.994319  0.106037  0.009314  -0.018425  0.085273  0.996187  0.104839  -0.990699  0.086742  0.001546  0.000131  0.000305  -0.469849  -0.329658  0.245582  2.000000  0.999613  0.009221  0.026234  -0.026328  0.010254  0.999601  0.008948  -0.999905  0.010493  0.999976  0.005110  0.004694  -0.005058  0.999927  -0.011008  -0.004750  0.010984  0.999928  1.000000  0.000064  0.000059  -0.000064  1.000000  -0.000137  -0.000059  0.000137  1.000000  0.999613  0.009221  0.026234  -0.026328  0.010254  0.999601  0.008948  -0.999905  0.010493  0.000157  0.013002  
39.009533 0.002988  0.093832  0.011328  0.994283  0.106346  0.009611  -0.018834  0.086070  0.996111  0.105105  -0.990597  0.087581  0.001739  0.000442  0.000364  -0.488021  -0.312023  0.241722  2.000000  0.999603  0.009563  0.026507  -0.026611  0.010943  0.999586  0.009269  -0.999894  0.011193  0.999977  0.005211  0.004270  -0.005162  0.999923  -0.011290  -0.004328  0.011268  0.999927  1.000000  0.000065  0.000054  -0.000065  1.000000  -0.000141  -0.000054  0.000141  1.000000  0.999603  0.009563  0.026507  -0.026611  0.010943  0.999586  0.009269  -0.999894  0.011193  0.000156  0.013138  
39.010781 0.002990  0.093834  0.011330  0.994233  0.106787  0.009895  -0.019243  0.086864  0.996034  0.105504  -0.990480  0.088418  0.001908  0.000739  0.000494  -0.501539  -0.297753  0.245288  2.000000  0.999592  0.009908  0.026778  -0.026893  0.011648  0.999570  0.009592  -0.999883  0.011910  0.999977  0.005214  0.004265  -0.005165  0.999920  -0.011532  -0.004325  0.011509  0.999924  1.000000  0.000065  0.000054  -0.000065  1.000000  -0.000144  -0.000054  0.000144  1.000000  0.999592  0.009908  0.026778  -0.026893  0.011648  0.999570  0.009592  -0.999883  0.011910  0.000157  0.013346  
39.012034 0.002993  0.093837  0.011335  0.994196  0.107097  0.010190  -0.019651  0.087661  0.995957  0.105770  -0.990377  0.089257  0.002072  0.001035  0.000756  -0.515074  -0.283467  0.248820  2.000000  0.999581  0.010261  0.027048  -0.027175  0.012365  0.999554  0.009922  -0.999871  0.012639  0.999976  0.005369  0.004453  -0.005317  0.999918  -0.011631  -0.004515  0.011607  0.999922  1.000000  0.000067  0.000056  -0.000067  1.000000  -0.000145  -0.000056  0.000145  1.000000  0.999581  0.010261  0.027048  -0.027175  0.012365  0.999554  0.009922  -0.999871  0.012639  0.000159  0.013552  
39.013280 0.002996  0.093840  0.011341  0.994142  0.107557  0.010678  -0.020265  0.088432  0.995876  0.106169  -0.990258  0.090094  0.002242  0.001347  0.001109  -0.528036  -0.275747  0.257455  2.000000  0.999570  0.010620  0.027320  -0.027459  0.013094  0.999537  0.010258  -0.999858  0.013380  0.999975  0.005506  0.004436  -0.005453  0.999915  -0.011873  -0.004501  0.011848  0.999920  1.000000  0.000069  0.000056  -0.000068  1.000000  -0.000148  -0.000056  0.000148  1.000000  0.999570  0.010620  0.027320  -0.027459  0.013094  0.999537  0.010258  -0.999858  0.013380  0.000161  0.013809  
39.014530 0.003000  0.093843  0.011347  0.994090  0.108002  0.010948  -0.020673  0.089346  0.995786  0.106569  -0.990128  0.091051  0.002404  0.001720  0.001528  -0.544912  -0.268292  0.261542  2.000000  0.999559  0.010988  0.027599  -0.027750  0.013840  0.999519  0.010600  -0.999844  0.014139  0.999974  0.005644  0.004418  -0.005590  0.999910  -0.012235  -0.004487  0.012210  0.999915  1.000000  0.000070  0.000056  -0.000070  1.000000  -0.000153  -0.000056  0.000153  1.000000  0.999559  0.010988  0.027599  -0.027750  0.013840  0.999519  0.010600  -0.999844  0.014139  0.000164  0.014170  
39.015780 0.003003  0.093847  0.011354  0.994053  0.108313  0.011241  -0.021082  0.090141  0.995706  0.106835  -0.990022  0.091889  0.002529  0.001984  0.002033  -0.557796  -0.260875  0.265625  2.000000  0.999547  0.011365  0.027885  -0.028050  0.014604  0.999500  0.010952  -0.999829  0.014916  0.999972  0.005818  0.004809  -0.005758  0.999906  -0.012435  -0.004881  0.012407  0.999911  1.000000  0.000072  0.000061  -0.000072  1.000000  -0.000155  -0.000061  0.000155  1.000000  0.999547  0.011365  0.027885  -0.028050  0.014604  0.999500  0.010952  -0.999829  0.014916  0.000167  0.014535  
39.016812 0.003007  0.093850  0.011359  0.994016  0.108623  0.011548  -0.021490  0.090816  0.995636  0.107101  -0.989926  0.092606  0.002607  0.002142  0.002383  -0.570049  -0.253589  0.264899  2.000000  0.999539  0.011594  0.028069  -0.028243  0.015068  0.999488  0.011165  -0.999819  0.015389  0.999969  0.005860  0.005213  -0.005794  0.999903  -0.012634  -0.005286  0.012604  0.999907  1.000000  0.000073  0.000066  -0.000073  1.000000  -0.000158  -0.000066  0.000158  1.000000  0.999539  0.011594  0.028069  -0.028243  0.015068  0.999488  0.011165  -0.999819  0.015389  0.000169  0.014858  
39.018031 0.003011  0.093855  0.011366  0.993959  0.109087  0.012033  -0.022103  0.091585  0.995552  0.107500  -0.989804  0.093443  0.002685  0.002330  0.002863  -0.576640  -0.264839  0.268801  2.000000  0.999528  0.011906  0.028326  -0.028512  0.015704  0.999470  0.011454  -0.999806  0.016036  0.999968  0.005883  0.005411  -0.005813  0.999900  -0.012854  -0.005486  0.012822  0.999903  1.000000  0.000073  0.000068  -0.000073  1.000000  -0.000160  -0.000068  0.000160  1.000000  0.999528  0.011906  0.028326  -0.028512  0.015704  0.999470  0.011454  -0.999806  0.016036  0.000171  0.015124  
39.019286 0.003015  0.093858  0.011372  0.993917  0.109419  0.012530  -0.022717  0.092357  0.995467  0.107766  -0.989696  0.094281  0.002724  0.002405  0.003291  -0.589533  -0.266845  0.271239  2.000000  0.999513  0.012301  0.028672  -0.028873  0.016506  0.999447  0.011821  -0.999788  0.016853  0.999965  0.006060  0.005801  -0.005984  0.999897  -0.013053  -0.005879  0.013018  0.999898  1.000000  0.000075  0.000073  -0.000075  1.000000  -0.000163  -0.000073  0.000163  1.000000  0.999513  0.012301  0.028672  -0.028873  0.016506  0.999447  0.011821  -0.999788  0.016853  0.000175  0.015502  
39.020289 0.003019  0.093861  0.011377  0.993878  0.109731  0.012834  -0.023125  0.093030  0.995395  0.108032  -0.989598  0.094998  0.002768  0.002481  0.003586  -0.596725  -0.273061  0.276390  2.000000  0.999501  0.012614  0.028964  -0.029178  0.017143  0.999427  0.012111  -0.999773  0.017503  0.999964  0.005950  0.006013  -0.005872  0.999899  -0.012909  -0.006090  0.012873  0.999899  1.000000  0.000074  0.000076  -0.000074  1.000000  -0.000161  -0.000076  0.000161  1.000000  0.999501  0.012614  0.028964  -0.029178  0.017143  0.999427  0.012111  -0.999773  0.017503  0.000176  0.015420  
39.021533 0.003023  0.093865  0.011383  0.993835  0.110065  0.013330  -0.023738  0.093801  0.995308  0.108298  -0.989488  0.095835  0.002829  0.002512  0.003929  -0.603241  -0.277464  0.274932  2.000000  0.999485  0.013009  0.029349  -0.029580  0.017945  0.999401  0.012475  -0.999754  0.018320  0.999961  0.005995  0.006415  -0.005910  0.999897  -0.013108  -0.006493  0.013070  0.999894  1.000000  0.000074  0.000081  -0.000074  1.000000  -0.000164  -0.000081  0.000164  1.000000  0.999485  0.013009  0.029349  -0.029580  0.017945  0.999401  0.012475  -0.999754  0.018320  0.000179  0.015761  
39.022786 0.003027  0.093867  0.011389  0.993791  0.110399  0.013826  -0.024351  0.094572  0.995220  0.108564  -0.989378  0.096673  0.002886  0.002561  0.004321  -0.611516  -0.286394  0.278036  2.000000  0.999467  0.013408  0.029748  -0.029997  0.018753  0.999374  0.012841  -0.999734  0.019145  0.999959  0.006153  0.006601  -0.006066  0.999894  -0.013206  -0.006681  0.013166  0.999891  1.000000  0.000076  0.000083  -0.000076  1.000000  -0.000165  -0.000083  0.000165  1.000000  0.999467  0.013408  0.029748  -0.029997  0.018753  0.999374  0.012841  -0.999734  0.019145  0.000182  0.015979  
39.024031 0.003031  0.093869  0.011396  0.993747  0.110734  0.014320  -0.024964  0.095342  0.995132  0.108830  -0.989266  0.097510  0.002945  0.002552  0.004574  -0.617888  -0.290278  0.281009  2.000000  0.999449  0.013811  0.030168  -0.030435  0.019562  0.999345  0.013211  -0.999713  0.019972  0.999956  0.006198  0.007003  -0.006106  0.999895  -0.013162  -0.007084  0.013119  0.999889  1.000000  0.000077  0.000088  -0.000077  1.000000  -0.000164  -0.000088  0.000164  1.000000  0.999449  0.013811  0.030168  -0.030435  0.019562  0.999345  0.013211  -0.999713  0.019972  0.000185  0.016129  
39.025032 0.003034  0.093871  0.011401  0.993707  0.111049  0.014623  -0.025373  0.096014  0.995057  0.109096  -0.989166  0.098227  0.002995  0.002532  0.004855  -0.625081  -0.296855  0.281752  2.000000  0.999438  0.014053  0.030430  -0.030709  0.020052  0.999327  0.013434  -0.999700  0.020472  0.999955  0.006090  0.007216  -0.005994  0.999894  -0.013260  -0.007296  0.013216  0.999886  1.000000  0.000076  0.000091  -0.000076  1.000000  -0.000165  -0.000091  0.000165  1.000000  0.999438  0.014053  0.030430  -0.030709  0.020052  0.999327  0.013434  -0.999700  0.020472  0.000186  0.016261  
39.026040 0.003037  0.093872  0.011406  0.993682  0.111232  0.014939  -0.025782  0.096689  0.994981  0.109229  -0.989080  0.098945  0.003067  0.002556  0.005007  -0.629401  -0.306327  0.280413  2.000000  0.999422  0.014382  0.030795  -0.031090  0.020708  0.999302  0.013734  -0.999682  0.021143  0.999951  0.006268  0.007605  -0.006166  0.999892  -0.013338  -0.007688  0.013290  0.999882  1.000000  0.000078  0.000096  -0.000078  1.000000  -0.000166  -0.000096  0.000166  1.000000  0.999422  0.014382  0.030795  -0.031090  0.020708  0.999302  0.013734  -0.999682  0.021143  0.000188  0.016566  
39.027284 0.003040  0.093874  0.011413  0.993651  0.111437  0.015446  -0.026395  0.097461  0.994889  0.109362  -0.988981  0.099784  0.003119  0.002455  0.005137  -0.631968  -0.320635  0.272961  2.000000  0.999402  0.014784  0.031269  -0.031584  0.021536  0.999269  0.014100  -0.999659  0.021990  0.999949  0.006050  0.008033  -0.005941  0.999891  -0.013535  -0.008114  0.013486  0.999876  1.000000  0.000075  0.000101  -0.000075  1.000000  -0.000169  -0.000101  0.000169  1.000000  0.999402  0.014784  0.031269  -0.031584  0.021536  0.999269  0.014100  -0.999659  0.021990  0.000191  0.016843  
39.028535 0.003044  0.093874  0.011420  0.993606  0.111775  0.015938  -0.027008  0.098230  0.994797  0.109628  -0.988867  0.100620  0.003149  0.002268  0.005184  -0.635754  -0.337353  0.272310  2.000000  0.999380  0.015175  0.031762  -0.032097  0.022362  0.999235  0.014453  -0.999635  0.022835  0.999949  0.005811  0.008258  -0.005700  0.999894  -0.013387  -0.008335  0.013340  0.999876  1.000000  0.000072  0.000104  -0.000072  1.000000  -0.000167  -0.000104  0.000167  1.000000  0.999380  0.015175  0.031762  -0.032097  0.022362  0.999235  0.014453  -0.999635  0.022835  0.000193  0.016750  
