1-Time 2-Px 3-Py 4-Pz 5-R11 6-R21 7-R31 8-R12 9-R22 10-R32 11-R13 12-R23 13-R33 14-Vx 15-Vy 16-Vz 17-Wx 18-Wy 19-Wz 20-state 21-PR11 22-PR21 23-PR31 24-PR12 25-PR22 26-PR32 27-PR13 28-PR23 29-PR33 
165.601489 0.003849  0.094665  -0.002864  0.999380  0.034775  0.005582  -0.034991  0.998382  0.044818  -0.004014  -0.044986  0.998980  0.000328  0.000287  0.000093  0.000000  0.000000  0.000000  2.000000  1.000000  0.000000  0.000000  -0.000000  1.000000  0.000000  0.000000  -0.000000  1.000000  1.000000  -0.000000  -0.000000  -0.000000  1.000000  -0.000000  0.000000  0.000000  1.000000  1.000000  0.000000  0.000000  0.000000  1.000000  0.000000  0.000000  0.000000  1.000000  0.616988  0.393527  0.681515  -0.428233  0.894444  -0.128791  -0.660259  -0.212384  0.720382  0.000000  0.000000  
165.602493 0.003849  0.094665  -0.002864  0.999372  0.034981  0.005591  -0.035196  0.998375  0.044817  -0.004014  -0.044986  0.998980  0.000341  0.000283  0.000061  0.000000  0.000000  0.000000  2.000000  1.000000  0.000000  0.000000  0.000000  1.000000  0.000000  0.000000  0.000000  1.000000  1.000000  0.000206  0.000009  -0.000206  1.000000  -0.000001  -0.000009  0.000001  1.000000  1.000000  0.000000  0.000000  0.000000  1.000000  0.000000  0.000000  0.000000  1.000000  1.000000  0.000000  0.000000  0.000000  1.000000  0.000000  0.000000  0.000000  1.000000  0.000000  0.000000  
165.603497 0.003849  0.094664  -0.002865  0.999372  0.034980  0.005595  -0.035196  0.998370  0.044938  -0.004014  -0.045107  0.998974  0.000294  0.000210  0.000031  0.000000  0.000000  0.000000  2.000000  1.000000  0.000000  0.000000  0.000000  1.000000  0.000000  0.000000  0.000000  1.000000  1.000000  0.000206  0.000009  -0.000206  1.000000  0.000120  -0.000009  -0.000120  1.000000  1.000000  0.000000  0.000000  0.000000  1.000000  0.000000  0.000000  0.000000  1.000000  1.000000  0.000000  0.000000  0.000000  1.000000  0.000000  0.000000  0.000000  1.000000  0.000000  0.000000  
165.604499 0.003849  0.094663  -0.002866  0.999365  0.035185  0.005604  -0.035402  0.998362  0.044937  -0.004014  -0.045107  0.998974  0.000289  0.000099  -0.000087  0.000000  0.000000  0.000000  2.000000  1.000000  0.000000  0.000000  0.000000  1.000000  0.000000  0.000000  0.000000  1.000000  1.000000  0.000411  0.000019  -0.000411  1.000000  0.000120  -0.000019  -0.000120  1.000000  1.000000  0.000000  0.000000  0.000000  1.000000  0.000000  0.000000  0.000000  1.000000  1.000000  0.000000  0.000000  0.000000  1.000000  0.000000  0.000000  0.000000  1.000000  0.000000  0.000000  
165.605746 0.003850  0.094661  -0.002869  0.999358  0.035390  0.005618  -0.035608  0.998350  0.045057  -0.004014  -0.045228  0.998969  0.000320  -0.000081  -0.000207  0.000000  0.000000  0.000000  2.000000  1.000000  0.000000  0.000000  0.000000  1.000000  0.000000  0.000000  0.000000  1.000000  1.000000  0.000617  0.000028  -0.000617  1.000000  0.000240  -0.000028  -0.000240  1.000000  1.000000  0.000000  0.000000  0.000000  1.000000  0.000000  0.000000  0.000000  1.000000  1.000000  0.000000  0.000000  0.000000  1.000000  0.000000  0.000000  0.000000  1.000000  0.000000  0.000000  
165.606747 0.003851  0.094659  -0.002870  0.999350  0.035594  0.005636  -0.035814  0.998331  0.045298  -0.004014  -0.045470  0.998958  0.000331  -0.000236  -0.000305  0.000000  0.000000  0.000000  2.000000  1.000000  0.000000  0.000000  0.000000  1.000000  0.000000  0.000000  0.000000  1.000000  1.000000  0.000823  0.000037  -0.000823  1.000000  0.000361  -0.000037  -0.000361  1.000000  1.000000  0.000000  0.000000  0.000000  1.000000  0.000000  0.000000  0.000000  1.000000  1.000000  0.000000  0.000000  0.000000  1.000000  0.000000  0.000000  0.000000  1.000000  0.000000  0.000000  
165.607749 0.003852  0.094658  -0.002871  0.999350  0.035594  0.005640  -0.035814  0.998326  0.045419  -0.004014  -0.045592  0.998952  0.000371  -0.000364  -0.000383  0.000000  0.000000  0.000000  2.000000  1.000000  0.000000  0.000000  0.000000  1.000000  0.000000  0.000000  0.000000  1.000000  1.000000  0.000823  0.000037  -0.000823  1.000000  0.000482  -0.000037  -0.000482  1.000000  1.000000  0.000000  0.000000  0.000000  1.000000  0.000000  0.000000  0.000000  1.000000  1.000000  0.000000  0.000000  0.000000  1.000000  0.000000  0.000000  0.000000  1.000000  0.000000  0.000000  
165.608988 0.003854  0.094656  -0.002873  0.999336  0.036004  0.005663  -0.036225  0.998306  0.045538  -0.004014  -0.045713  0.998947  0.000446  -0.000520  -0.000516  0.000000  0.000000  0.000000  2.000000  1.000000  0.000000  0.000000  0.000000  1.000000  0.000000  0.000000  0.000000  1.000000  0.999999  0.001028  0.000047  -0.001028  0.999999  0.000724  -0.000046  -0.000724  1.000000  1.000000  0.000000  0.000000  0.000000  1.000000  0.000000  0.000000  0.000000  1.000000  1.000000  0.000000  0.000000  0.000000  1.000000  0.000000  0.000000  0.000000  1.000000  0.000000  0.000000  
165.609993 0.003855  0.094654  -0.002874  0.999329  0.036215  0.005543  -0.036431  0.998292  0.045663  -0.003880  -0.045834  0.998942  0.000530  -0.000623  -0.000606  0.000000  0.000000  0.000000  2.000000  1.000000  0.000000  0.000000  0.000000  1.000000  0.000000  0.000000  0.000000  1.000000  0.999999  0.001446  -0.000068  -0.001446  0.999999  0.000843  0.000069  -0.000843  1.000000  1.000000  0.000000  0.000000  0.000000  1.000000  0.000000  0.000000  0.000000  1.000000  1.000000  0.000000  0.000000  0.000000  1.000000  0.000000  0.000000  0.000000  1.000000  0.000000  0.000000  
165.611243 0.003857  0.094653  -0.002876  0.999314  0.036625  0.005571  -0.036842  0.998266  0.045902  -0.003880  -0.046076  0.998930  0.000597  -0.000757  -0.000749  0.000000  0.000000  0.000000  2.000000  1.000000  0.000000  0.000000  0.000000  1.000000  0.000000  0.000000  0.000000  1.000000  0.999998  0.001857  -0.000049  -0.001857  0.999998  0.000963  0.000050  -0.000963  1.000000  1.000000  0.000000  0.000000  0.000000  1.000000  0.000000  0.000000  0.000000  1.000000  1.000000  0.000000  0.000000  0.000000  1.000000  0.000000  0.000000  0.000000  1.000000  0.000000  0.000000  
165.612494 0.003859  0.094651  -0.002878  0.999298  0.037029  0.005728  -0.037254  0.998246  0.046016  -0.004014  -0.046197  0.998924  0.000713  -0.000873  -0.000912  0.000000  0.000000  0.000000  2.000000  1.000000  0.000000  0.000000  0.000000  1.000000  0.000000  0.000000  0.000000  1.000000  0.999997  0.002262  0.000105  -0.002262  0.999997  0.001204  -0.000102  -0.001204  0.999999  1.000000  0.000000  0.000000  0.000000  1.000000  0.000000  0.000000  0.000000  1.000000  1.000000  0.000000  0.000000  0.000000  1.000000  0.000000  0.000000  0.000000  1.000000  0.000000  0.000000  
165.613749 0.003861  0.094650  -0.002880  0.999282  0.037439  0.005751  -0.037665  0.998225  0.046135  -0.004014  -0.046319  0.998919  0.000848  -0.000947  -0.001040  0.000000  0.000000  0.000000  2.000000  1.000000  0.000000  0.000000  0.000000  1.000000  0.000000  0.000000  0.000000  1.000000  0.999996  0.002673  0.000124  -0.002674  0.999996  0.001323  -0.000120  -0.001324  0.999999  1.000000  0.000000  0.000000  0.000000  1.000000  0.000000  0.000000  0.000000  1.000000  1.000000  0.000000  0.000000  0.000000  1.000000  0.000000  0.000000  0.000000  1.000000  0.000000  0.000000  
165.614994 0.003863  0.094650  -0.002881  0.999267  0.037850  0.005775  -0.038077  0.998204  0.046254  -0.004014  -0.046440  0.998913  0.000998  -0.000976  -0.001133  0.000000  0.000000  0.000000  2.000000  1.000000  0.000000  0.000000  0.000000  1.000000  0.000000  0.000000  0.000000  1.000000  0.999995  0.003085  0.000143  -0.003085  0.999994  0.001322  -0.000139  -0.001322  0.999999  1.000000  0.000000  0.000000  0.000000  1.000000  0.000000  0.000000  0.000000  1.000000  1.000000  0.000000  0.000000  0.000000  1.000000  0.000000  0.000000  0.000000  1.000000  0.000000  0.000000  
165.615997 0.003865  0.094650  -0.002882  0.999251  0.038261  0.005794  -0.038488  0.998188  0.046251  -0.004014  -0.046440  0.998913  0.001126  -0.000978  -0.001202  0.000000  0.000000  0.000000  2.000000  1.000000  0.000000  0.000000  0.000000  1.000000  0.000000  0.000000  0.000000  1.000000  0.999994  0.003496  0.000163  -0.003496  0.999993  0.001441  -0.000157  -0.001442  0.999999  1.000000  0.000000  0.000000  0.000000  1.000000  0.000000  0.000000  0.000000  1.000000  1.000000  0.000000  0.000000  0.000000  1.000000  0.000000  0.000000  0.000000  1.000000  0.000000  0.000000  
165.617248 0.003867  0.094650  -0.002884  0.999227  0.038876  0.005827  -0.039105  0.998159  0.046369  -0.004014  -0.046561  0.998907  0.001232  -0.000998  -0.001337  0.000000  0.000000  0.000000  2.000000  1.000000  0.000000  0.000000  0.000000  1.000000  0.000000  0.000000  0.000000  1.000000  0.999992  0.003907  0.000182  -0.003908  0.999991  0.001561  -0.000176  -0.001562  0.999999  1.000000  0.000000  0.000000  0.000000  1.000000  0.000000  0.000000  0.000000  1.000000  1.000000  0.000000  0.000000  0.000000  1.000000  0.000000  0.000000  0.000000  1.000000  0.000000  0.000000  
165.618496 0.003869  0.094649  -0.002886  0.999203  0.039498  0.005732  -0.039722  0.998123  0.046613  -0.003880  -0.046803  0.998897  0.001358  -0.001000  -0.001406  0.000000  0.000000  0.000000  2.000000  1.000000  0.000000  0.000000  0.000000  1.000000  0.000000  0.000000  0.000000  1.000000  0.999990  0.004530  0.000078  -0.004531  0.999988  0.001680  -0.000070  -0.001680  0.999999  1.000000  0.000000  0.000000  0.000000  1.000000  0.000000  0.000000  0.000000  1.000000  1.000000  0.000000  0.000000  0.000000  1.000000  0.000000  0.000000  0.000000  1.000000  0.000000  0.000000  
165.619498 0.003872  0.094649  -0.002888  0.999187  0.039908  0.005756  -0.040134  0.998101  0.046731  -0.003880  -0.046924  0.998891  0.001473  -0.000924  -0.001410  0.064521  -0.003456  0.172939  2.000000  1.000000  0.000000  0.000000  0.000000  1.000000  0.000000  0.000000  0.000000  1.000000  0.999988  0.004942  0.000098  -0.004942  0.999986  0.001921  -0.000089  -0.001921  0.999998  1.000000  0.000000  0.000000  0.000000  1.000000  0.000000  0.000000  0.000000  1.000000  1.000000  0.000000  0.000000  0.000000  1.000000  0.000000  0.000000  0.000000  1.000000  0.000000  0.000000  
165.620747 0.003874  0.094648  -0.002890  0.999162  0.040524  0.005790  -0.040751  0.998070  0.046849  -0.003880  -0.047046  0.998885  0.001563  -0.000865  -0.001436  0.068517  -0.004421  0.193676  2.000000  1.000000  0.000161  0.000293  -0.000161  1.000000  0.000123  -0.000293  -0.000123  1.000000  0.999985  0.005559  0.000128  -0.005559  0.999982  0.002040  -0.000116  -0.002040  0.999998  1.000000  0.000033  0.000061  -0.000033  1.000000  0.000026  -0.000061  -0.000026  1.000000  1.000000  0.000161  0.000293  -0.000161  1.000000  0.000123  -0.000293  -0.000123  1.000000  0.000050  0.005923  
165.621996 0.003876  0.094646  -0.002892  0.999136  0.041139  0.005829  -0.041368  0.998034  0.047087  -0.003880  -0.047288  0.998874  0.001620  -0.000844  -0.001482  0.076586  -0.005402  0.214404  2.000000  1.000000  0.000339  0.000619  -0.000339  1.000000  0.000259  -0.000618  -0.000260  1.000000  0.999981  0.006175  0.000158  -0.006176  0.999978  0.002280  -0.000144  -0.002281  0.999997  1.000000  0.000037  0.000068  -0.000037  1.000000  0.000029  -0.000068  -0.000029  1.000000  1.000000  0.000339  0.000619  -0.000339  1.000000  0.000259  -0.000618  -0.000260  1.000000  0.000055  0.006585  
165.622997 0.003877  0.094644  -0.002895  0.999119  0.041548  0.005858  -0.041779  0.998005  0.047327  -0.003880  -0.047530  0.998862  0.001647  -0.000850  -0.001547  0.084682  -0.006068  0.228223  2.000000  0.999999  0.000489  0.000894  -0.000489  1.000000  0.000379  -0.000894  -0.000380  1.000000  0.999980  0.006381  0.000170  -0.006381  0.999976  0.002522  -0.000154  -0.002523  0.999997  1.000000  0.000038  0.000070  -0.000038  1.000000  0.000032  -0.000070  -0.000032  1.000000  0.999999  0.000489  0.000894  -0.000489  1.000000  0.000379  -0.000894  -0.000380  1.000000  0.000059  0.006864  
165.624246 0.003880  0.094643  -0.002898  0.999093  0.042163  0.005898  -0.042396  0.997968  0.047566  -0.003880  -0.047772  0.998851  0.001730  -0.000836  -0.001658  0.092773  -0.007060  0.249009  2.000000  0.999999  0.000692  0.001270  -0.000693  1.000000  0.000538  -0.001270  -0.000539  0.999999  0.999975  0.006998  0.000201  -0.006998  0.999972  0.002640  -0.000182  -0.002642  0.999996  1.000000  0.000042  0.000077  -0.000042  1.000000  0.000033  -0.000077  -0.000033  1.000000  0.999999  0.000692  0.001270  -0.000693  1.000000  0.000538  -0.001270  -0.000539  0.999999  0.000067  0.007482  
165.625493 0.003882  0.094640  -0.002903  0.999067  0.042778  0.005937  -0.043013  0.997930  0.047804  -0.003880  -0.048015  0.998839  0.001771  -0.000894  -0.001867  0.100833  -0.008054  0.269711  2.000000  0.999998  0.000864  0.001587  -0.000865  0.999999  0.000676  -0.001587  -0.000677  0.999999  0.999974  0.007203  0.000212  -0.007204  0.999970  0.002882  -0.000191  -0.002883  0.999996  1.000000  0.000043  0.000079  -0.000043  1.000000  0.000036  -0.000079  -0.000036  1.000000  0.999998  0.000864  0.001587  -0.000865  0.999999  0.000676  -0.001587  -0.000677  0.999999  0.000070  0.007762  
165.626502 0.003884  0.094637  -0.002907  0.999049  0.043187  0.005968  -0.043425  0.997901  0.048044  -0.003880  -0.048257  0.998827  0.001779  -0.000974  -0.002036  0.108896  -0.008730  0.283443  2.000000  0.999998  0.001042  0.001918  -0.001043  0.999999  0.000818  -0.001917  -0.000820  0.999998  0.999971  0.007615  0.000233  -0.007615  0.999967  0.002880  -0.000211  -0.002882  0.999996  1.000000  0.000045  0.000084  -0.000045  1.000000  0.000036  -0.000084  -0.000036  1.000000  0.999998  0.001042  0.001918  -0.001043  0.999999  0.000818  -0.001917  -0.000820  0.999998  0.000074  0.008145  
165.627743 0.003886  0.094634  -0.002913  0.999022  0.043796  0.006141  -0.044042  0.997863  0.048276  -0.004014  -0.048499  0.998815  0.001841  -0.001102  -0.002320  0.116452  -0.014164  0.302680  2.000000  0.999996  0.001274  0.002354  -0.001276  0.999999  0.001001  -0.002353  -0.001004  0.999997  0.999968  0.008019  0.000389  -0.008021  0.999963  0.002999  -0.000365  -0.003002  0.999995  1.000000  0.000046  0.000089  -0.000046  1.000000  0.000038  -0.000089  -0.000038  1.000000  0.999996  0.001274  0.002354  -0.001276  0.999999  0.001001  -0.002353  -0.001004  0.999997  0.000080  0.008571  
165.628992 0.003889  0.094632  -0.002919  0.998994  0.044411  0.006182  -0.044659  0.997824  0.048514  -0.004014  -0.048742  0.998803  0.001862  -0.001261  -0.002601  0.125052  -0.015238  0.324790  2.000000  0.999995  0.001512  0.002816  -0.001515  0.999998  0.001188  -0.002815  -0.001192  0.999995  0.999964  0.008431  0.000411  -0.008432  0.999960  0.002997  -0.000386  -0.003000  0.999995  1.000000  0.000048  0.000094  -0.000048  1.000000  0.000037  -0.000094  -0.000037  1.000000  0.999995  0.001512  0.002816  -0.001515  0.999998  0.001188  -0.002815  -0.001192  0.999995  0.000086  0.008957  
165.629992 0.003892  0.094630  -0.002923  0.998976  0.044820  0.006213  -0.045070  0.997793  0.048754  -0.004014  -0.048984  0.998791  0.001939  -0.001355  -0.002827  0.133167  -0.015929  0.338657  2.000000  0.999993  0.001707  0.003199  -0.001711  0.999998  0.001337  -0.003197  -0.001342  0.999994  0.999963  0.008630  0.000556  -0.008631  0.999958  0.002996  -0.000530  -0.003001  0.999995  1.000000  0.000048  0.000097  -0.000048  1.000000  0.000037  -0.000097  -0.000037  1.000000  0.999993  0.001707  0.003199  -0.001711  0.999998  0.001337  -0.003197  -0.001342  0.999994  0.000089  0.009153  
165.630992 0.003895  0.094628  -0.002928  0.998957  0.045230  0.006238  -0.045481  0.997769  0.048872  -0.004014  -0.049105  0.998786  0.001974  -0.001474  -0.003041  0.137175  -0.016599  0.352446  2.000000  0.999992  0.001902  0.003594  -0.001908  0.999997  0.001491  -0.003591  -0.001497  0.999992  0.999961  0.008835  0.000568  -0.008837  0.999956  0.003116  -0.000541  -0.003121  0.999995  1.000000  0.000049  0.000099  -0.000049  1.000000  0.000039  -0.000099  -0.000039  1.000000  0.999992  0.001902  0.003594  -0.001908  0.999997  0.001491  -0.003591  -0.001497  0.999992  0.000095  0.009387  
165.632263 0.003898  0.094627  -0.002933  0.998928  0.045838  0.006413  -0.046098  0.997729  0.049104  -0.004148  -0.049347  0.998773  0.002061  -0.001566  -0.003295  0.145179  -0.021776  0.365882  2.000000  0.999989  0.002145  0.004097  -0.002152  0.999996  0.001687  -0.004093  -0.001696  0.999990  0.999959  0.009034  0.000714  -0.009036  0.999954  0.003235  -0.000685  -0.003242  0.999995  1.000000  0.000049  0.000102  -0.000049  1.000000  0.000040  -0.000102  -0.000040  1.000000  0.999989  0.002145  0.004097  -0.002152  0.999996  0.001687  -0.004093  -0.001696  0.999990  0.000098  0.009624  
165.633505 0.003903  0.094625  -0.002938  0.998900  0.046453  0.006455  -0.046715  0.997689  0.049342  -0.004148  -0.049590  0.998761  0.002208  -0.001630  -0.003476  0.149250  -0.022505  0.379828  2.000000  0.999987  0.002347  0.004508  -0.002355  0.999996  0.001848  -0.004504  -0.001859  0.999988  0.999957  0.009246  0.000592  -0.009248  0.999952  0.003234  -0.000562  -0.003240  0.999995  1.000000  0.000052  0.000104  -0.000052  1.000000  0.000040  -0.000104  -0.000040  1.000000  0.999987  0.002347  0.004508  -0.002355  0.999996  0.001848  -0.004504  -0.001859  0.999988  0.000102  0.009814  
165.634744 0.003906  0.094624  -0.002942  0.998880  0.046863  0.006481  -0.047127  0.997664  0.049461  -0.004148  -0.049711  0.998755  0.002309  -0.001643  -0.003606  0.152082  -0.022675  0.383669  2.000000  0.999985  0.002555  0.004928  -0.002565  0.999995  0.002014  -0.004923  -0.002026  0.999986  0.999955  0.009452  0.000604  -0.009453  0.999950  0.003355  -0.000572  -0.003360  0.999994  1.000000  0.000053  0.000106  -0.000053  1.000000  0.000042  -0.000106  -0.000042  1.000000  0.999985  0.002555  0.004928  -0.002565  0.999995  0.002014  -0.004923  -0.002026  0.999986  0.000105  0.010049  
165.635746 0.003909  0.094623  -0.002946  0.998861  0.047272  0.006513  -0.047538  0.997632  0.049700  -0.004148  -0.049953  0.998743  0.002382  -0.001682  -0.003757  0.156062  -0.023397  0.397357  2.000000  0.999982  0.002762  0.005348  -0.002774  0.999994  0.002185  -0.005342  -0.002200  0.999983  0.999955  0.009451  0.000605  -0.009453  0.999949  0.003476  -0.000572  -0.003482  0.999994  1.000000  0.000053  0.000106  -0.000053  1.000000  0.000043  -0.000106  -0.000043  1.000000  0.999982  0.002762  0.005348  -0.002774  0.999994  0.002185  -0.005342  -0.002200  0.999983  0.000108  0.010090  
165.636996 0.003913  0.094621  -0.002950  0.998831  0.047887  0.006549  -0.048155  0.997597  0.049817  -0.004148  -0.050074  0.998737  0.002464  -0.001667  -0.003867  0.153240  -0.024328  0.414517  2.000000  0.999978  0.003025  0.005878  -0.003039  0.999992  0.002404  -0.005871  -0.002422  0.999980  0.999955  0.009451  0.000608  -0.009453  0.999949  0.003597  -0.000574  -0.003603  0.999993  1.000000  0.000053  0.000106  -0.000053  1.000000  0.000045  -0.000106  -0.000045  1.000000  0.999978  0.003025  0.005878  -0.003039  0.999992  0.002404  -0.005871  -0.002422  0.999980  0.000108  0.010132  
165.638247 0.003915  0.094618  -0.002955  0.998801  0.048502  0.006592  -0.048772  0.997555  0.050055  -0.004148  -0.050317  0.998725  0.002481  -0.001727  -0.003975  0.153161  -0.025089  0.428272  2.000000  0.999974  0.003285  0.006407  -0.003302  0.999991  0.002626  -0.006398  -0.002647  0.999976  0.999957  0.009246  0.000600  -0.009248  0.999951  0.003598  -0.000566  -0.003604  0.999993  1.000000  0.000051  0.000104  -0.000051  1.000000  0.000045  -0.000104  -0.000045  1.000000  0.999974  0.003285  0.006407  -0.003302  0.999991  0.002626  -0.006398  -0.002647  0.999976  0.000113  0.009940  
165.639498 0.003918  0.094616  -0.002961  0.998781  0.048911  0.006624  -0.049183  0.997523  0.050294  -0.004148  -0.050559  0.998712  0.002533  -0.001717  -0.004127  0.157266  -0.029659  0.428051  2.000000  0.999970  0.003540  0.006936  -0.003560  0.999990  0.002854  -0.006925  -0.002878  0.999972  0.999955  0.009444  0.000746  -0.009447  0.999948  0.003719  -0.000711  -0.003726  0.999993  1.000000  0.000051  0.000107  -0.000051  1.000000  0.000047  -0.000107  -0.000047  1.000000  0.999970  0.003540  0.006936  -0.003560  0.999990  0.002854  -0.006925  -0.002878  0.999972  0.000116  0.010179  
165.640746 0.003921  0.094613  -0.002966  0.998761  0.049320  0.006657  -0.049594  0.997490  0.050534  -0.004148  -0.050801  0.998700  0.002560  -0.001724  -0.004192  0.161330  -0.029734  0.428011  2.000000  0.999965  0.003790  0.007461  -0.003813  0.999988  0.003084  -0.007450  -0.003113  0.999967  0.999957  0.009238  0.000738  -0.009241  0.999950  0.003841  -0.000702  -0.003848  0.999992  1.000000  0.000050  0.000105  -0.000050  1.000000  0.000048  -0.000105  -0.000048  1.000000  0.999965  0.003790  0.007461  -0.003813  0.999988  0.003084  -0.007450  -0.003113  0.999967  0.000115  0.010034  
165.641992 0.003923  0.094611  -0.002972  0.998730  0.049935  0.006700  -0.050211  0.997447  0.050771  -0.004148  -0.051043  0.998688  0.002579  -0.001656  -0.004211  0.161305  -0.025689  0.435220  2.000000  0.999961  0.003987  0.007878  -0.004013  0.999987  0.003272  -0.007865  -0.003303  0.999964  0.999957  0.009238  0.000739  -0.009241  0.999950  0.003720  -0.000704  -0.003726  0.999993  1.000000  0.000050  0.000105  -0.000050  1.000000  0.000047  -0.000105  -0.000047  1.000000  0.999961  0.003987  0.007878  -0.004013  0.999987  0.003272  -0.007865  -0.003303  0.999964  0.000115  0.009988  
165.642993 0.003925  0.094609  -0.002978  0.998720  0.050139  0.006717  -0.050417  0.997431  0.050891  -0.004148  -0.051165  0.998682  0.002571  -0.001634  -0.004221  0.161301  -0.025741  0.435204  2.000000  0.999957  0.004184  0.008295  -0.004213  0.999985  0.003461  -0.008280  -0.003496  0.999960  0.999959  0.009033  0.000731  -0.009035  0.999952  0.003842  -0.000696  -0.003848  0.999992  1.000000  0.000049  0.000102  -0.000049  1.000000  0.000048  -0.000102  -0.000048  1.000000  0.999957  0.004184  0.008295  -0.004213  0.999985  0.003461  -0.008280  -0.003496  0.999960  0.000117  0.009844  
165.643993 0.003927  0.094607  -0.002983  0.998699  0.050548  0.006750  -0.050828  0.997398  0.051130  -0.004148  -0.051407  0.998669  0.002527  -0.001593  -0.004289  0.169463  -0.025795  0.435223  2.000000  0.999953  0.004377  0.008704  -0.004409  0.999984  0.003648  -0.008688  -0.003687  0.999955  0.999959  0.009032  0.000733  -0.009035  0.999952  0.003842  -0.000698  -0.003848  0.999992  1.000000  0.000049  0.000102  -0.000049  1.000000  0.000048  -0.000102  -0.000048  1.000000  0.999953  0.004377  0.008704  -0.004409  0.999984  0.003648  -0.008688  -0.003687  0.999955  0.000118  0.009844  
165.645242 0.003930  0.094605  -0.002991  0.998678  0.050957  0.006783  -0.051239  0.997364  0.051369  -0.004148  -0.051649  0.998657  0.002453  -0.001619  -0.004480  0.172107  -0.025660  0.431623  2.000000  0.999947  0.004613  0.009205  -0.004648  0.999982  0.003883  -0.009187  -0.003926  0.999950  0.999961  0.008827  0.000724  -0.008829  0.999954  0.003843  -0.000690  -0.003849  0.999992  1.000000  0.000048  0.000100  -0.000048  1.000000  0.000048  -0.000100  -0.000048  1.000000  0.999947  0.004613  0.009205  -0.004648  0.999982  0.003883  -0.009187  -0.003926  0.999950  0.000118  0.009655  
165.646492 0.003932  0.094602  -0.003000  0.998657  0.051366  0.006817  -0.051650  0.997331  0.051609  -0.004148  -0.051891  0.998644  0.002362  -0.001677  -0.004723  0.176197  -0.025745  0.431732  2.000000  0.999941  0.004842  0.009695  -0.004882  0.999980  0.004114  -0.009675  -0.004161  0.999945  0.999963  0.008621  0.000716  -0.008623  0.999956  0.003722  -0.000684  -0.003728  0.999993  1.000000  0.000046  0.000098  -0.000046  1.000000  0.000047  -0.000098  -0.000047  1.000000  0.999941  0.004842  0.009695  -0.004882  0.999980  0.004114  -0.009675  -0.004161  0.999945  0.000118  0.009419  
165.647495 0.003934  0.094601  -0.003007  0.998635  0.051776  0.006844  -0.052061  0.997303  0.051727  -0.004148  -0.052012  0.998638  0.002335  -0.001681  -0.004934  0.177671  -0.025668  0.428361  2.000000  0.999937  0.005022  0.010080  -0.005065  0.999978  0.004298  -0.010058  -0.004349  0.999940  0.999964  0.008415  0.000706  -0.008418  0.999958  0.003723  -0.000675  -0.003729  0.999993  1.000000  0.000045  0.000095  -0.000045  1.000000  0.000047  -0.000095  -0.000047  1.000000  0.999937  0.005022  0.010080  -0.005065  0.999978  0.004298  -0.010058  -0.004349  0.999940  0.000117  0.009230  
165.648740 0.003937  0.094599  -0.003017  0.998614  0.052185  0.006878  -0.052473  0.997269  0.051966  -0.004148  -0.052255  0.998625  0.002192  -0.001777  -0.005270  0.180270  -0.029988  0.424582  2.000000  0.999932  0.005203  0.010461  -0.005250  0.999976  0.004480  -0.010437  -0.004534  0.999935  0.999964  0.008422  0.000575  -0.008424  0.999958  0.003723  -0.000543  -0.003728  0.999993  1.000000  0.000047  0.000095  -0.000047  1.000000  0.000047  -0.000095  -0.000047  1.000000  0.999932  0.005203  0.010461  -0.005250  0.999976  0.004480  -0.010437  -0.004534  0.999935  0.000116  0.009227  
165.649747 0.003939  0.094597  -0.003025  0.998592  0.052595  0.006906  -0.052884  0.997241  0.052084  -0.004148  -0.052376  0.998619  0.002144  -0.001786  -0.005555  0.181742  -0.029936  0.421069  2.000000  0.999927  0.005388  0.010841  -0.005439  0.999974  0.004661  -0.010815  -0.004720  0.999930  0.999964  0.008422  0.000576  -0.008424  0.999958  0.003602  -0.000545  -0.003607  0.999993  1.000000  0.000047  0.000095  -0.000047  1.000000  0.000045  -0.000095  -0.000045  1.000000  0.999927  0.005388  0.010841  -0.005439  0.999974  0.004661  -0.010815  -0.004720  0.999930  0.000116  0.009179  
165.650996 0.003941  0.094596  -0.003034  0.998570  0.053004  0.006940  -0.053295  0.997207  0.052323  -0.004148  -0.052618  0.998606  0.002093  -0.001776  -0.005821  0.181779  -0.029695  0.414174  2.000000  0.999920  0.005612  0.011304  -0.005668  0.999972  0.004885  -0.011276  -0.004949  0.999924  0.999966  0.008216  0.000567  -0.008218  0.999960  0.003603  -0.000537  -0.003608  0.999993  1.000000  0.000045  0.000092  -0.000045  1.000000  0.000045  -0.000092  -0.000045  1.000000  0.999920  0.005612  0.011304  -0.005668  0.999972  0.004885  -0.011276  -0.004949  0.999924  0.000115  0.008990  
165.651997 0.003943  0.094594  -0.003042  0.998548  0.053413  0.006968  -0.053706  0.997179  0.052441  -0.004148  -0.052739  0.998600  0.002021  -0.001818  -0.006184  0.177749  -0.029778  0.414275  2.000000  0.999915  0.005787  0.011665  -0.005846  0.999970  0.005063  -0.011636  -0.005131  0.999919  0.999968  0.008011  0.000557  -0.008013  0.999961  0.003604  -0.000528  -0.003608  0.999993  1.000000  0.000044  0.000090  -0.000044  1.000000  0.000045  -0.000090  -0.000045  1.000000  0.999915  0.005787  0.011665  -0.005846  0.999970  0.005063  -0.011636  -0.005131  0.999919  0.000112  0.008803  
165.653245 0.003945  0.094592  -0.003051  0.998526  0.053822  0.007003  -0.054117  0.997144  0.052680  -0.004148  -0.052982  0.998587  0.001964  -0.001785  -0.006450  0.180354  -0.029262  0.403997  2.000000  0.999909  0.006008  0.012107  -0.006072  0.999968  0.005282  -0.012075  -0.005355  0.999913  0.999969  0.007812  0.000413  -0.007813  0.999963  0.003484  -0.000386  -0.003487  0.999994  1.000000  0.000045  0.000087  -0.000045  1.000000  0.000044  -0.000087  -0.000044  1.000000  0.999909  0.006008  0.012107  -0.006072  0.999968  0.005282  -0.012075  -0.005355  0.999913  0.000111  0.008564  
165.654499 0.003947  0.094590  -0.003060  0.998504  0.054232  0.007031  -0.054528  0.997115  0.052798  -0.004148  -0.053103  0.998580  0.001954  -0.001737  -0.006695  0.173687  -0.029248  0.400347  2.000000  0.999902  0.006222  0.012533  -0.006291  0.999965  0.005497  -0.012498  -0.005575  0.999906  0.999973  0.007401  0.000393  -0.007402  0.999967  0.003485  -0.000368  -0.003488  0.999994  1.000000  0.000042  0.000083  -0.000042  1.000000  0.000044  -0.000083  -0.000044  1.000000  0.999902  0.006222  0.012533  -0.006291  0.999965  0.005497  -0.012498  -0.005575  0.999906  0.000109  0.008191  
165.655746 0.003950  0.094589  -0.003068  0.998492  0.054435  0.007055  -0.054734  0.997091  0.053039  -0.004148  -0.053345  0.998568  0.001949  -0.001613  -0.006797  0.173742  -0.028643  0.386517  2.000000  0.999895  0.006431  0.012949  -0.006505  0.999963  0.005706  -0.012911  -0.005790  0.999900  0.999973  0.007401  0.000394  -0.007402  0.999967  0.003364  -0.000369  -0.003367  0.999994  1.000000  0.000042  0.000083  -0.000042  1.000000  0.000042  -0.000083  -0.000042  1.000000  0.999895  0.006431  0.012949  -0.006505  0.999963  0.005706  -0.012911  -0.005790  0.999900  0.000107  0.008140  
165.656996 0.003953  0.094588  -0.003077  0.998470  0.054852  0.006951  -0.055145  0.997062  0.053164  -0.004014  -0.053466  0.998562  0.001948  -0.001509  -0.007008  0.169728  -0.023871  0.379854  2.000000  0.999890  0.006596  0.013277  -0.006674  0.999960  0.005875  -0.013238  -0.005963  0.999895  0.999973  0.007401  0.000396  -0.007402  0.999967  0.003485  -0.000370  -0.003488  0.999994  1.000000  0.000042  0.000083  -0.000042  1.000000  0.000044  -0.000083  -0.000044  1.000000  0.999890  0.006596  0.013277  -0.006674  0.999960  0.005875  -0.013238  -0.005963  0.999895  0.000105  0.008191  
165.658244 0.003955  0.094587  -0.003085  0.998447  0.055262  0.006979  -0.055556  0.997033  0.053282  -0.004014  -0.053587  0.998555  0.001943  -0.001426  -0.007115  0.165623  -0.019449  0.380071  2.000000  0.999883  0.006805  0.013676  -0.006889  0.999958  0.006083  -0.013634  -0.006176  0.999888  0.999974  0.007202  0.000252  -0.007203  0.999968  0.003366  -0.000228  -0.003368  0.999994  1.000000  0.000042  0.000079  -0.000042  1.000000  0.000042  -0.000079  -0.000042  1.000000  0.999883  0.006805  0.013676  -0.006889  0.999958  0.006083  -0.013634  -0.006176  0.999888  0.000105  0.007954  
165.659497 0.003958  0.094587  -0.003095  0.998425  0.055671  0.007015  -0.055967  0.996997  0.053521  -0.004014  -0.053829  0.998542  0.001981  -0.001317  -0.007232  0.165647  -0.019185  0.373149  2.000000  0.999877  0.007007  0.014061  -0.007096  0.999955  0.006288  -0.014017  -0.006387  0.999881  0.999977  0.006791  0.000231  -0.006792  0.999972  0.003247  -0.000209  -0.003248  0.999995  1.000000  0.000040  0.000075  -0.000040  1.000000  0.000041  -0.000075  -0.000041  1.000000  0.999877  0.007007  0.014061  -0.007096  0.999955  0.006288  -0.014017  -0.006387  0.999881  0.000101  0.007531  
165.660743 0.003961  0.094586  -0.003104  0.998413  0.055875  0.007032  -0.056173  0.996979  0.053641  -0.004014  -0.053951  0.998536  0.002037  -0.001178  -0.007301  0.160331  -0.018391  0.356445  2.000000  0.999870  0.007206  0.014439  -0.007300  0.999952  0.006489  -0.014392  -0.006594  0.999875  0.999977  0.006791  0.000233  -0.006792  0.999972  0.003246  -0.000211  -0.003248  0.999995  1.000000  0.000040  0.000075  -0.000040  1.000000  0.000041  -0.000075  -0.000041  1.000000  0.999870  0.007206  0.014439  -0.007300  0.999952  0.006489  -0.014392  -0.006594  0.999875  0.000100  0.007531  
165.661992 0.003964  0.094586  -0.003115  0.998390  0.056285  0.007061  -0.056584  0.996949  0.053759  -0.004014  -0.054072  0.998529  0.002050  -0.001089  -0.007415  0.156259  -0.013644  0.349746  2.000000  0.999863  0.007400  0.014811  -0.007500  0.999950  0.006685  -0.014761  -0.006795  0.999868  0.999978  0.006585  0.000223  -0.006586  0.999973  0.003126  -0.000202  -0.003127  0.999995  1.000000  0.000039  0.000073  -0.000039  1.000000  0.000039  -0.000073  -0.000039  1.000000  0.999863  0.007400  0.014811  -0.007500  0.999950  0.006685  -0.014761  -0.006795  0.999868  0.000097  0.007293  
165.662992 0.003967  0.094585  -0.003123  0.998378  0.056489  0.007079  -0.056789  0.996931  0.053878  -0.004014  -0.054193  0.998522  0.002134  -0.001000  -0.007496  0.156316  -0.013333  0.342954  2.000000  0.999858  0.007551  0.015098  -0.007655  0.999947  0.006838  -0.015045  -0.006952  0.999863  0.999980  0.006380  0.000212  -0.006380  0.999975  0.003006  -0.000193  -0.003007  0.999995  1.000000  0.000038  0.000070  -0.000038  1.000000  0.000038  -0.000070  -0.000038  1.000000  0.999858  0.007551  0.015098  -0.007655  0.999947  0.006838  -0.015045  -0.006952  0.999863  0.000096  0.007056  
165.664240 0.003971  0.094584  -0.003135  0.998355  0.056898  0.007115  -0.057200  0.996895  0.054117  -0.004014  -0.054435  0.998509  0.002216  -0.000910  -0.007572  0.156317  -0.013416  0.342955  2.000000  0.999851  0.007737  0.015451  -0.007846  0.999945  0.007024  -0.015396  -0.007145  0.999856  0.999981  0.006174  0.000203  -0.006175  0.999976  0.003007  -0.000184  -0.003008  0.999995  1.000000  0.000036  0.000068  -0.000037  1.000000  0.000038  -0.000068  -0.000038  1.000000  0.999851  0.007737  0.015451  -0.007846  0.999945  0.007024  -0.015396  -0.007145  0.999856  0.000093  0.006871  
165.665249 0.003974  0.094584  -0.003144  0.998343  0.057102  0.007133  -0.057406  0.996877  0.054237  -0.004014  -0.054556  0.998503  0.002298  -0.000825  -0.007681  0.157640  -0.012844  0.331911  2.000000  0.999847  0.007847  0.015660  -0.007959  0.999943  0.007136  -0.015604  -0.007259  0.999852  0.999980  0.006380  0.000214  -0.006380  0.999975  0.003006  -0.000195  -0.003007  0.999995  1.000000  0.000038  0.000070  -0.000038  1.000000  0.000038  -0.000070  -0.000038  1.000000  0.999847  0.007847  0.015660  -0.007959  0.999943  0.007136  -0.015604  -0.007259  0.999852  0.000093  0.007056  
165.666250 0.003978  0.094584  -0.003153  0.998330  0.057299  0.007285  -0.057611  0.996859  0.054348  -0.004148  -0.054677  0.998495  0.002389  -0.000756  -0.007746  0.153573  -0.017034  0.324770  2.000000  0.999841  0.007987  0.015938  -0.008104  0.999941  0.007281  -0.015879  -0.007409  0.999846  0.999981  0.006167  0.000338  -0.006168  0.999976  0.003006  -0.000319  -0.003008  0.999995  1.000000  0.000035  0.000069  -0.000035  1.000000  0.000038  -0.000069  -0.000038  1.000000  0.999841  0.007987  0.015938  -0.008104  0.999941  0.007281  -0.015879  -0.007409  0.999846  0.000091  0.006869  
165.667499 0.003983  0.094583  -0.003164  0.998319  0.057504  0.007303  -0.057817  0.996840  0.054468  -0.004148  -0.054798  0.998489  0.002590  -0.000664  -0.007868  0.153621  -0.016346  0.310929  2.000000  0.999834  0.008157  0.016279  -0.008279  0.999938  0.007457  -0.016217  -0.007590  0.999840  0.999982  0.005961  0.000327  -0.005962  0.999978  0.002885  -0.000310  -0.002887  0.999996  1.000000  0.000034  0.000067  -0.000034  1.000000  0.000036  -0.000067  -0.000036  1.000000  0.999834  0.008157  0.016279  -0.008279  0.999938  0.007457  -0.016217  -0.007590  0.999840  0.000088  0.006631  
165.668751 0.003987  0.094582  -0.003176  0.998295  0.057912  0.007339  -0.058228  0.996803  0.054706  -0.004148  -0.055041  0.998476  0.002771  -0.000603  -0.008034  0.153616  -0.016420  0.310916  2.000000  0.999827  0.008322  0.016611  -0.008449  0.999935  0.007628  -0.016546  -0.007767  0.999833  0.999982  0.005961  0.000328  -0.005962  0.999978  0.002764  -0.000311  -0.002766  0.999996  1.000000  0.000034  0.000067  -0.000034  1.000000  0.000035  -0.000067  -0.000035  1.000000  0.999827  0.008322  0.016611  -0.008449  0.999935  0.007628  -0.016546  -0.007767  0.999833  0.000087  0.006579  
165.669996 0.003992  0.094581  -0.003188  0.998283  0.058117  0.007358  -0.058434  0.996785  0.054826  -0.004148  -0.055162  0.998469  0.002951  -0.000577  -0.008292  0.149591  -0.016113  0.304049  2.000000  0.999821  0.008480  0.016929  -0.008613  0.999933  0.007797  -0.016862  -0.007941  0.999826  0.999985  0.005550  0.000307  -0.005551  0.999981  0.002766  -0.000291  -0.002768  0.999996  1.000000  0.000031  0.000062  -0.000031  1.000000  0.000035  -0.000062  -0.000035  1.000000  0.999821  0.008480  0.016929  -0.008613  0.999933  0.007797  -0.016862  -0.007941  0.999826  0.000085  0.006209  
165.671248 0.003998  0.094579  -0.003199  0.998259  0.058526  0.007387  -0.058845  0.996754  0.054944  -0.004148  -0.055283  0.998462  0.003139  -0.000597  -0.008504  0.145536  -0.015800  0.297121  2.000000  0.999814  0.008634  0.017240  -0.008772  0.999930  0.007963  -0.017170  -0.008112  0.999820  0.999986  0.005344  0.000296  -0.005345  0.999982  0.002646  -0.000282  -0.002647  0.999996  1.000000  0.000030  0.000060  -0.000030  1.000000  0.000033  -0.000060  -0.000033  1.000000  0.999814  0.008634  0.017240  -0.008772  0.999930  0.007963  -0.017170  -0.008112  0.999820  0.000083  0.005971  
165.672492 0.004003  0.094578  -0.003211  0.998246  0.058730  0.007413  -0.059050  0.996729  0.055184  -0.004148  -0.055525  0.998449  0.003265  -0.000669  -0.008760  0.145574  -0.015504  0.290227  2.000000  0.999807  0.008785  0.017545  -0.008928  0.999927  0.008125  -0.017472  -0.008280  0.999813  0.999986  0.005344  0.000296  -0.005345  0.999982  0.002646  -0.000282  -0.002647  0.999996  1.000000  0.000030  0.000060  -0.000030  1.000000  0.000033  -0.000060  -0.000033  1.000000  0.999807  0.008785  0.017545  -0.008928  0.999927  0.008125  -0.017472  -0.008280  0.999813  0.000082  0.005971  
165.673493 0.004007  0.094577  -0.003221  0.998234  0.058935  0.007424  -0.059256  0.996716  0.055182  -0.004148  -0.055525  0.998449  0.003419  -0.000678  -0.008899  0.140322  -0.015393  0.287816  2.000000  0.999804  0.008874  0.017724  -0.009021  0.999926  0.008223  -0.017650  -0.008381  0.999809  0.999986  0.005344  0.000297  -0.005345  0.999982  0.002646  -0.000283  -0.002647  0.999996  1.000000  0.000030  0.000060  -0.000030  1.000000  0.000033  -0.000060  -0.000033  1.000000  0.999804  0.008874  0.017724  -0.009021  0.999926  0.008223  -0.017650  -0.008381  0.999809  0.000081  0.005971  
165.674498 0.004011  0.094576  -0.003230  0.998222  0.059139  0.007443  -0.059461  0.996698  0.055302  -0.004148  -0.055646  0.998442  0.003554  -0.000735  -0.009057  0.137420  -0.015201  0.283255  2.000000  0.999798  0.008990  0.017960  -0.009141  0.999923  0.008353  -0.017883  -0.008516  0.999804  0.999986  0.005344  0.000298  -0.005345  0.999982  0.002646  -0.000284  -0.002647  0.999996  1.000000  0.000030  0.000060  -0.000030  1.000000  0.000033  -0.000060  -0.000033  1.000000  0.999798  0.008990  0.017960  -0.009141  0.999923  0.008353  -0.017883  -0.008516  0.999804  0.000079  0.005971  
165.675742 0.004017  0.094575  -0.003241  0.998210  0.059343  0.007461  -0.059667  0.996679  0.055421  -0.004148  -0.055767  0.998435  0.003716  -0.000713  -0.009120  0.133428  -0.014511  0.269489  2.000000  0.999793  0.009104  0.018190  -0.009259  0.999921  0.008480  -0.018112  -0.008647  0.999799  0.999987  0.005139  0.000287  -0.005139  0.999984  0.002525  -0.000274  -0.002527  0.999997  1.000000  0.000029  0.000057  -0.000029  1.000000  0.000032  -0.000057  -0.000032  1.000000  0.999793  0.009104  0.018190  -0.009259  0.999921  0.008480  -0.018112  -0.008647  0.999799  0.000077  0.005733  
165.676993 0.004022  0.094575  -0.003253  0.998197  0.059548  0.007480  -0.059872  0.996660  0.055541  -0.004148  -0.055888  0.998428  0.003862  -0.000737  -0.009203  0.129374  -0.014186  0.262566  2.000000  0.999792  0.009133  0.018248  -0.009289  0.999921  0.008511  -0.018169  -0.008679  0.999797  0.999989  0.004728  0.000265  -0.004728  0.999986  0.002527  -0.000253  -0.002528  0.999997  1.000000  0.000000  0.000000  0.000000  1.000000  0.000000  0.000000  0.000000  1.000000  0.999792  0.009133  0.018248  -0.009289  0.999921  0.008511  -0.018169  -0.008679  0.999797  0.000075  0.000000  
