1-Time 2-Px 3-Py 4-Pz 5-R11 6-R21 7-R31 8-R12 9-R22 10-R32 11-R13 12-R23 13-R33 14-Vx 15-Vy 16-Vz 17-Wx 18-Wy 19-Wz 20-state 21-PR11 22-PR21 23-PR31 24-PR12 25-PR22 26-PR32 27-PR13 28-PR23 29-PR33 
177.456434 0.008735  0.100046  0.000359  0.992813  0.119629  -0.003426  -0.119321  0.991657  0.048772  0.009232  -0.048013  0.998804  -0.000007  -0.000056  -0.000043  0.000000  0.000000  0.000000  2.000000  1.000000  0.000000  0.000000  -0.000000  1.000000  0.000000  0.000000  -0.000000  1.000000  1.000000  -0.000000  0.000000  -0.000000  1.000000  0.000000  0.000000  -0.000000  1.000000  1.000000  0.000000  0.000000  0.000000  1.000000  0.000000  0.000000  0.000000  1.000000  0.696940  0.325066  0.639224  -0.320388  0.938600  -0.127992  -0.641582  -0.115597  0.758294  0.000000  0.000000  
177.457442 0.008735  0.100046  0.000359  0.992813  0.119629  -0.003411  -0.119321  0.991651  0.048893  0.009232  -0.048134  0.998798  0.000052  0.000005  0.000000  0.000000  0.000000  0.000000  2.000000  1.000000  0.000000  0.000000  0.000000  1.000000  0.000000  0.000000  0.000000  1.000000  1.000000  -0.000000  0.000000  -0.000000  1.000000  0.000000  0.000000  -0.000000  1.000000  1.000000  0.000000  0.000000  0.000000  1.000000  0.000000  0.000000  0.000000  1.000000  1.000000  0.000000  0.000000  0.000000  1.000000  0.000000  0.000000  0.000000  1.000000  0.000000  0.000000  
177.458448 0.008737  0.100047  0.000360  0.992739  0.120241  -0.003381  -0.119934  0.991577  0.048895  0.009232  -0.048134  0.998798  0.000170  0.000049  0.000055  0.000000  0.000000  0.000000  2.000000  1.000000  0.000000  0.000000  0.000000  1.000000  0.000000  0.000000  0.000000  1.000000  1.000000  0.000411  0.000020  -0.000411  1.000000  0.000125  -0.000020  -0.000125  1.000000  1.000000  0.000000  0.000000  0.000000  1.000000  0.000000  0.000000  0.000000  1.000000  1.000000  0.000000  0.000000  0.000000  1.000000  0.000000  0.000000  0.000000  1.000000  0.000000  0.000000  
177.459692 0.008740  0.100049  0.000361  0.992640  0.121058  -0.003326  -0.120752  0.991472  0.049018  0.009232  -0.048255  0.998792  0.000420  0.000213  0.000165  0.000000  0.000000  0.000000  2.000000  1.000000  0.000000  0.000000  0.000000  1.000000  0.000000  0.000000  0.000000  1.000000  0.999999  0.001234  0.000060  -0.001234  0.999999  0.000254  -0.000059  -0.000254  1.000000  1.000000  0.000000  0.000000  0.000000  1.000000  0.000000  0.000000  0.000000  1.000000  1.000000  0.000000  0.000000  0.000000  1.000000  0.000000  0.000000  0.000000  1.000000  0.000000  0.000000  
177.460696 0.008742  0.100049  0.000362  0.992566  0.121665  -0.003149  -0.121365  0.991392  0.049124  0.009098  -0.048377  0.998788  0.000561  0.000231  0.000198  0.000000  0.000000  0.000000  2.000000  1.000000  0.000000  0.000000  0.000000  1.000000  0.000000  0.000000  0.000000  1.000000  0.999998  0.001844  0.000223  -0.001844  0.999998  0.000381  -0.000223  -0.000381  1.000000  1.000000  0.000000  0.000000  0.000000  1.000000  0.000000  0.000000  0.000000  1.000000  1.000000  0.000000  0.000000  0.000000  1.000000  0.000000  0.000000  0.000000  1.000000  0.000000  0.000000  
177.461943 0.008745  0.100050  0.000362  0.992516  0.122073  -0.003114  -0.121773  0.991336  0.049245  0.009098  -0.048498  0.998782  0.000768  0.000251  0.000198  0.000000  0.000000  0.000000  2.000000  1.000000  0.000000  0.000000  0.000000  1.000000  0.000000  0.000000  0.000000  1.000000  0.999997  0.002461  0.000253  -0.002461  0.999997  0.000508  -0.000252  -0.000508  1.000000  1.000000  0.000000  0.000000  0.000000  1.000000  0.000000  0.000000  0.000000  1.000000  1.000000  0.000000  0.000000  0.000000  1.000000  0.000000  0.000000  0.000000  1.000000  0.000000  0.000000  
177.463192 0.008750  0.100051  0.000363  0.992440  0.122692  -0.003201  -0.122386  0.991253  0.049384  0.009232  -0.048619  0.998775  0.001035  0.000370  0.000330  0.000000  0.000000  0.000000  2.000000  1.000000  0.000000  0.000000  0.000000  1.000000  0.000000  0.000000  0.000000  1.000000  0.999995  0.003084  0.000150  -0.003084  0.999995  0.000635  -0.000148  -0.000635  1.000000  1.000000  0.000000  0.000000  0.000000  1.000000  0.000000  0.000000  0.000000  1.000000  1.000000  0.000000  0.000000  0.000000  1.000000  0.000000  0.000000  0.000000  1.000000  0.000000  0.000000  
177.464441 0.008754  0.100053  0.000365  0.992312  0.123720  -0.003253  -0.123408  0.991114  0.049644  0.009366  -0.048861  0.998762  0.001307  0.000508  0.000418  0.000000  0.000000  0.000000  2.000000  1.000000  0.000000  0.000000  0.000000  1.000000  0.000000  0.000000  0.000000  1.000000  0.999992  0.003913  0.000057  -0.003913  0.999992  0.000764  -0.000054  -0.000764  1.000000  1.000000  0.000000  0.000000  0.000000  1.000000  0.000000  0.000000  0.000000  1.000000  1.000000  0.000000  0.000000  0.000000  1.000000  0.000000  0.000000  0.000000  1.000000  0.000000  0.000000  
177.465691 0.008757  0.100055  0.000366  0.992183  0.124747  -0.003319  -0.124429  0.990979  0.049784  0.009500  -0.048982  0.998754  0.001536  0.000619  0.000517  0.034256  0.000594  0.173316  2.000000  1.000000  0.000000  0.000000  0.000000  1.000000  0.000000  0.000000  0.000000  1.000000  0.999988  0.004948  -0.000025  -0.004948  0.999987  0.001017  0.000030  -0.001017  0.999999  1.000000  0.000000  0.000000  0.000000  1.000000  0.000000  0.000000  0.000000  1.000000  1.000000  0.000000  0.000000  0.000000  1.000000  0.000000  0.000000  0.000000  1.000000  0.000000  0.000000  
177.466939 0.008761  0.100056  0.000368  0.992001  0.126182  -0.003365  -0.125858  0.990791  0.049926  0.009633  -0.049103  0.998747  0.001765  0.000729  0.000616  0.038779  0.002723  0.221800  2.000000  1.000000  0.000184  0.000307  -0.000184  1.000000  0.000067  -0.000307  -0.000067  1.000000  0.999981  0.006188  -0.000097  -0.006188  0.999980  0.001150  0.000105  -0.001150  0.999999  1.000000  0.000040  0.000066  -0.000040  1.000000  0.000014  -0.000066  -0.000014  1.000000  1.000000  0.000184  0.000307  -0.000184  1.000000  0.000067  -0.000307  -0.000067  1.000000  0.000052  0.006295  
177.467940 0.008764  0.100059  0.000368  0.991871  0.127202  -0.003298  -0.126879  0.990655  0.050050  0.009633  -0.049224  0.998741  0.001990  0.000882  0.000661  0.043189  0.001028  0.256394  2.000000  1.000000  0.000360  0.000605  -0.000360  1.000000  0.000128  -0.000605  -0.000128  1.000000  0.999974  0.007216  -0.000046  -0.007216  0.999973  0.001281  0.000055  -0.001281  0.999999  1.000000  0.000046  0.000078  -0.000046  1.000000  0.000016  -0.000078  -0.000016  1.000000  1.000000  0.000360  0.000605  -0.000360  1.000000  0.000128  -0.000605  -0.000128  1.000000  0.000062  0.007329  
177.468941 0.008767  0.100061  0.000370  0.991740  0.128222  -0.003231  -0.127900  0.990517  0.050173  0.009633  -0.049346  0.998735  0.002193  0.001060  0.000727  0.047582  -0.000672  0.290891  2.000000  0.999999  0.000559  0.000948  -0.000559  1.000000  0.000195  -0.000948  -0.000196  1.000000  0.999966  0.008244  0.000006  -0.008244  0.999965  0.001412  0.000006  -0.001412  0.999999  1.000000  0.000052  0.000089  -0.000052  1.000000  0.000018  -0.000089  -0.000018  1.000000  0.999999  0.000559  0.000948  -0.000559  1.000000  0.000195  -0.000948  -0.000196  1.000000  0.000070  0.008364  
177.469942 0.008771  0.100065  0.000372  0.991609  0.129235  -0.003031  -0.128921  0.990379  0.050279  0.009500  -0.049467  0.998731  0.002470  0.001334  0.000892  0.051960  -0.006866  0.325201  2.000000  0.999999  0.000780  0.001341  -0.000780  1.000000  0.000269  -0.001341  -0.000270  0.999999  0.999955  0.009471  0.000202  -0.009471  0.999954  0.001543  -0.000187  -0.001545  0.999999  1.000000  0.000057  0.000104  -0.000057  1.000000  0.000019  -0.000104  -0.000019  1.000000  0.999999  0.000780  0.001341  -0.000780  1.000000  0.000269  -0.001341  -0.000270  0.999999  0.000081  0.009598  
177.471200 0.008777  0.100071  0.000376  0.991423  0.130663  -0.002927  -0.130350  0.990180  0.050524  0.009500  -0.049709  0.998719  0.002848  0.001734  0.001177  0.060551  -0.009270  0.373482  2.000000  0.999998  0.001086  0.001901  -0.001087  0.999999  0.000371  -0.001901  -0.000373  0.999998  0.999943  0.010705  0.000264  -0.010705  0.999941  0.001676  -0.000246  -0.001678  0.999999  1.000000  0.000064  0.000117  -0.000064  1.000000  0.000021  -0.000117  -0.000021  1.000000  0.999998  0.001086  0.001901  -0.001087  0.999999  0.000371  -0.001901  -0.000373  0.999998  0.000091  0.010839  
177.472444 0.008783  0.100077  0.000380  0.991232  0.132097  -0.002970  -0.131779  0.989984  0.050666  0.009633  -0.049830  0.998711  0.003178  0.002094  0.001377  0.065110  -0.007172  0.422071  2.000000  0.999996  0.001370  0.002415  -0.001372  0.999999  0.000464  -0.002414  -0.000467  0.999997  0.999926  0.012150  0.000205  -0.012151  0.999924  0.001933  -0.000182  -0.001935  0.999998  1.000000  0.000074  0.000133  -0.000074  1.000000  0.000024  -0.000133  -0.000024  1.000000  0.999996  0.001370  0.002415  -0.001372  0.999999  0.000464  -0.002414  -0.000467  0.999997  0.000103  0.012305  
177.473540 0.008788  0.100082  0.000382  0.991069  0.133320  -0.002875  -0.133003  0.989807  0.050910  0.009633  -0.050072  0.998699  0.003399  0.002364  0.001456  0.073416  -0.009229  0.462033  2.000000  0.999994  0.001684  0.002982  -0.001686  0.999998  0.000565  -0.002981  -0.000570  0.999995  0.999910  0.013384  0.000268  -0.013384  0.999908  0.002065  -0.000241  -0.002069  0.999998  1.000000  0.000081  0.000146  -0.000081  1.000000  0.000026  -0.000146  -0.000026  1.000000  0.999994  0.001684  0.002982  -0.001686  0.999998  0.000565  -0.002981  -0.000570  0.999995  0.000114  0.013546  
177.474695 0.008795  0.100089  0.000385  0.990875  0.134754  -0.002918  -0.134431  0.989607  0.051052  0.009767  -0.050193  0.998692  0.003637  0.002671  0.001620  0.078216  -0.007174  0.512086  2.000000  0.999991  0.002034  0.003610  -0.002037  0.999998  0.000677  -0.003608  -0.000684  0.999993  0.999890  0.014830  0.000211  -0.014830  0.999887  0.002323  -0.000176  -0.002325  0.999997  1.000000  0.000091  0.000162  -0.000091  1.000000  0.000029  -0.000162  -0.000029  1.000000  0.999991  0.002034  0.003610  -0.002037  0.999998  0.000677  -0.003608  -0.000684  0.999993  0.000126  0.015013  
177.475945 0.008800  0.100093  0.000388  0.990680  0.136180  -0.002811  -0.135859  0.989399  0.051296  0.009767  -0.050436  0.998680  0.003816  0.002939  0.001788  0.086831  -0.009620  0.560468  2.000000  0.999987  0.002514  0.004472  -0.002517  0.999996  0.000830  -0.004469  -0.000841  0.999990  0.999868  0.016269  0.000287  -0.016269  0.999864  0.002578  -0.000245  -0.002582  0.999997  1.000000  0.000099  0.000178  -0.000099  1.000000  0.000032  -0.000178  -0.000032  1.000000  0.999987  0.002514  0.004472  -0.002517  0.999996  0.000830  -0.004469  -0.000841  0.999990  0.000138  0.016475  
177.477195 0.008806  0.100096  0.000391  0.990483  0.137607  -0.002687  -0.137286  0.989183  0.051660  0.009767  -0.050799  0.998661  0.004012  0.003132  0.001983  0.099514  -0.012114  0.608809  2.000000  0.999981  0.003035  0.005416  -0.003040  0.999995  0.000998  -0.005413  -0.001014  0.999985  0.999839  0.017913  0.000375  -0.017914  0.999836  0.002835  -0.000324  -0.002842  0.999996  1.000000  0.000108  0.000196  -0.000108  1.000000  0.000035  -0.000196  -0.000035  1.000000  0.999981  0.003035  0.005416  -0.003040  0.999995  0.000998  -0.005413  -0.001014  0.999985  0.000152  0.018141  
177.478442 0.008813  0.100100  0.000395  0.990227  0.139440  -0.002558  -0.139121  0.988914  0.051905  0.009767  -0.051041  0.998649  0.004171  0.003252  0.002152  0.108263  -0.015272  0.671033  2.000000  0.999973  0.003600  0.006448  -0.003608  0.999993  0.001182  -0.006443  -0.001205  0.999979  0.999813  0.019352  0.000453  -0.019353  0.999808  0.002969  -0.000395  -0.002977  0.999995  1.000000  0.000116  0.000212  -0.000116  1.000000  0.000037  -0.000212  -0.000037  1.000000  0.999973  0.003600  0.006448  -0.003608  0.999993  0.001182  -0.006443  -0.001205  0.999979  0.000166  0.019585  
177.479442 0.008818  0.100102  0.000397  0.990055  0.140662  -0.002460  -0.140344  0.988729  0.052148  0.009767  -0.051284  0.998636  0.004332  0.003294  0.002202  0.116808  -0.017414  0.712483  2.000000  0.999965  0.004077  0.007320  -0.004086  0.999991  0.001336  -0.007314  -0.001366  0.999972  0.999800  0.019968  0.000489  -0.019970  0.999795  0.003217  -0.000425  -0.003226  0.999995  1.000000  0.000120  0.000219  -0.000120  1.000000  0.000040  -0.000219  -0.000040  1.000000  0.999965  0.004077  0.007320  -0.004086  0.999991  0.001336  -0.007314  -0.001366  0.999972  0.000177  0.020234  
177.480443 0.008823  0.100104  0.000399  0.989880  0.141884  -0.002378  -0.141567  0.988548  0.052270  0.009767  -0.051405  0.998630  0.004474  0.003312  0.002236  0.121283  -0.019522  0.753964  2.000000  0.999958  0.004447  0.008000  -0.004459  0.999989  0.001459  -0.007994  -0.001495  0.999967  0.999784  0.020791  0.000536  -0.020792  0.999778  0.003346  -0.000467  -0.003356  0.999994  1.000000  0.000125  0.000228  -0.000125  1.000000  0.000042  -0.000228  -0.000042  1.000000  0.999958  0.004447  0.008000  -0.004459  0.999989  0.001459  -0.007994  -0.001495  0.999967  0.000188  0.021067  
177.481690 0.008829  0.100104  0.000401  0.989705  0.143105  -0.002279  -0.142790  0.988359  0.052513  0.009767  -0.051647  0.998618  0.004617  0.003251  0.002236  0.129829  -0.021682  0.795425  2.000000  0.999945  0.005084  0.009163  -0.005099  0.999986  0.001668  -0.009154  -0.001714  0.999957  0.999771  0.021414  0.000440  -0.021415  0.999765  0.003472  -0.000365  -0.003481  0.999994  1.000000  0.000129  0.000234  -0.000129  1.000000  0.000043  -0.000234  -0.000043  1.000000  0.999945  0.005084  0.009163  -0.005099  0.999986  0.001668  -0.009154  -0.001714  0.999957  0.000200  0.021700  
177.482942 0.008834  0.100105  0.000402  0.989529  0.144320  -0.002047  -0.144012  0.988170  0.052736  0.009633  -0.051889  0.998606  0.004745  0.003095  0.002279  0.138325  -0.028343  0.836689  2.000000  0.999930  0.005738  0.010369  -0.005758  0.999982  0.001882  -0.010358  -0.001941  0.999944  0.999753  0.022229  0.000622  -0.022231  0.999746  0.003598  -0.000541  -0.003611  0.999993  1.000000  0.000133  0.000244  -0.000133  1.000000  0.000045  -0.000244  -0.000045  1.000000  0.999930  0.005738  0.010369  -0.005758  0.999982  0.001882  -0.010358  -0.001941  0.999944  0.000210  0.022530  
177.484191 0.008841  0.100106  0.000404  0.989320  0.145744  -0.001935  -0.145438  0.987948  0.052979  0.009633  -0.052132  0.998594  0.004840  0.002859  0.002198  0.146945  -0.030872  0.885127  2.000000  0.999912  0.006406  0.011614  -0.006431  0.999977  0.002103  -0.011600  -0.002177  0.999930  0.999739  0.022838  0.000793  -0.022841  0.999732  0.003724  -0.000708  -0.003741  0.999993  1.000000  0.000135  0.000252  -0.000135  1.000000  0.000047  -0.000252  -0.000047  1.000000  0.999912  0.006406  0.011614  -0.006431  0.999977  0.002103  -0.011600  -0.002177  0.999930  0.000221  0.023157  
177.485441 0.008849  0.100107  0.000405  0.989140  0.146965  -0.001834  -0.146660  0.987754  0.053221  0.009633  -0.052374  0.998581  0.005011  0.002636  0.002069  0.155477  -0.033061  0.926516  2.000000  0.999892  0.007073  0.012883  -0.007103  0.999972  0.002323  -0.012866  -0.002414  0.999914  0.999734  0.023037  0.000943  -0.023040  0.999728  0.003726  -0.000857  -0.003747  0.999993  1.000000  0.000134  0.000255  -0.000134  1.000000  0.000047  -0.000255  -0.000047  1.000000  0.999892  0.007073  0.012883  -0.007103  0.999972  0.002323  -0.012866  -0.002414  0.999914  0.000233  0.023359  
177.486449 0.008855  0.100109  0.000405  0.988989  0.147982  -0.001744  -0.147678  0.987589  0.053462  0.009633  -0.052616  0.998568  0.005126  0.002399  0.001852  0.163954  -0.034914  0.961055  2.000000  0.999874  0.007605  0.013914  -0.007640  0.999968  0.002502  -0.013895  -0.002608  0.999900  0.999729  0.023235  0.001090  -0.023239  0.999723  0.003727  -0.001003  -0.003752  0.999992  1.000000  0.000134  0.000258  -0.000134  1.000000  0.000047  -0.000258  -0.000047  1.000000  0.999874  0.007605  0.013914  -0.007640  0.999968  0.002502  -0.013895  -0.002608  0.999900  0.000242  0.023561  
177.487695 0.008862  0.100110  0.000406  0.988837  0.148991  -0.001538  -0.148696  0.987431  0.053564  0.009500  -0.052737  0.998563  0.005170  0.002053  0.001665  0.164194  -0.040928  0.988734  2.000000  0.999850  0.008252  0.015199  -0.008294  0.999962  0.002732  -0.015176  -0.002857  0.999881  0.999739  0.022810  0.001341  -0.022815  0.999732  0.003842  -0.001253  -0.003872  0.999992  1.000000  0.000129  0.000255  -0.000129  1.000000  0.000048  -0.000255  -0.000048  1.000000  0.999850  0.008252  0.015199  -0.008294  0.999962  0.002732  -0.015176  -0.002857  0.999881  0.000249  0.023174  
177.488945 0.008869  0.100112  0.000407  0.988684  0.150008  -0.001447  -0.149714  0.987264  0.053805  0.009500  -0.052980  0.998550  0.005182  0.001738  0.001535  0.168326  -0.041455  0.995580  2.000000  0.999830  0.008765  0.016225  -0.008813  0.999957  0.002917  -0.016199  -0.003060  0.999864  0.999739  0.022809  0.001347  -0.022815  0.999732  0.003963  -0.001256  -0.003993  0.999991  1.000000  0.000128  0.000255  -0.000129  1.000000  0.000050  -0.000255  -0.000050  1.000000  0.999830  0.008765  0.016225  -0.008813  0.999957  0.002917  -0.016199  -0.003060  0.999864  0.000253  0.023195  
177.490203 0.008876  0.100113  0.000407  0.988529  0.151024  -0.001373  -0.150732  0.987103  0.053926  0.009500  -0.053101  0.998544  0.005284  0.001471  0.001347  0.168268  -0.037424  1.002384  2.000000  0.999803  0.009401  0.017498  -0.009457  0.999950  0.003153  -0.017468  -0.003318  0.999842  0.999744  0.022604  0.001338  -0.022609  0.999737  0.003962  -0.001249  -0.003991  0.999991  1.000000  0.000127  0.000253  -0.000127  1.000000  0.000050  -0.000253  -0.000050  1.000000  0.999803  0.009401  0.017498  -0.009457  0.999950  0.003153  -0.017468  -0.003318  0.999842  0.000253  0.022992  
177.491447 0.008882  0.100114  0.000407  0.988405  0.151838  -0.001292  -0.151546  0.986965  0.054167  0.009500  -0.053343  0.998531  0.005301  0.001272  0.001162  0.172449  -0.037968  1.009530  2.000000  0.999774  0.010034  0.018749  -0.010099  0.999943  0.003384  -0.018714  -0.003573  0.999818  0.999753  0.022200  0.001186  -0.022204  0.999746  0.003837  -0.001100  -0.003862  0.999992  1.000000  0.000126  0.000248  -0.000126  1.000000  0.000048  -0.000248  -0.000048  1.000000  0.999774  0.010034  0.018749  -0.010099  0.999943  0.003384  -0.018714  -0.003573  0.999818  0.000256  0.022564  
177.492691 0.008887  0.100113  0.000407  0.988249  0.152847  -0.001086  -0.152563  0.986803  0.054267  0.009366  -0.053464  0.998526  0.005217  0.000984  0.000943  0.172597  -0.047783  1.023003  2.000000  0.999744  0.010640  0.019965  -0.010714  0.999936  0.003615  -0.019926  -0.003828  0.999794  0.999771  0.021363  0.001414  -0.021368  0.999764  0.003827  -0.001332  -0.003857  0.999992  1.000000  0.000119  0.000240  -0.000119  1.000000  0.000048  -0.000240  -0.000048  1.000000  0.999744  0.010640  0.019965  -0.010714  0.999936  0.003615  -0.019926  -0.003828  0.999794  0.000260  0.021753  
177.493695 0.008891  0.100112  0.000408  0.988155  0.153456  -0.001033  -0.153174  0.986701  0.054388  0.009366  -0.053585  0.998519  0.005072  0.000750  0.000799  0.171384  -0.047904  1.022286  2.000000  0.999720  0.011103  0.020913  -0.011185  0.999930  0.003794  -0.020870  -0.004027  0.999774  0.999784  0.020746  0.001381  -0.020751  0.999778  0.003701  -0.001304  -0.003729  0.999992  1.000000  0.000115  0.000233  -0.000115  1.000000  0.000046  -0.000233  -0.000046  1.000000  0.999720  0.011103  0.020913  -0.011185  0.999930  0.003794  -0.020870  -0.004027  0.999774  0.000260  0.021123  
177.494940 0.008895  0.100112  0.000407  0.988060  0.154066  -0.000981  -0.153784  0.986600  0.054508  0.009366  -0.053706  0.998513  0.004983  0.000591  0.000615  0.171234  -0.056188  1.007178  2.000000  0.999689  0.011653  0.022051  -0.011744  0.999923  0.004011  -0.022002  -0.004269  0.999749  0.999805  0.019711  0.001462  -0.019717  0.999799  0.003571  -0.001391  -0.003599  0.999993  1.000000  0.000108  0.000222  -0.000108  1.000000  0.000045  -0.000222  -0.000045  1.000000  0.999689  0.011653  0.022051  -0.011744  0.999923  0.004011  -0.022002  -0.004269  0.999749  0.000256  0.020089  
177.496197 0.008899  0.100111  0.000407  0.987965  0.154675  -0.000947  -0.154394  0.986505  0.054509  0.009366  -0.053706  0.998513  0.004870  0.000410  0.000453  0.164313  -0.059847  0.987688  2.000000  0.999658  0.012171  0.023135  -0.012272  0.999916  0.004220  -0.023082  -0.004503  0.999723  0.999821  0.018889  0.001420  -0.018894  0.999816  0.003443  -0.001354  -0.003469  0.999993  1.000000  0.000103  0.000213  -0.000103  1.000000  0.000043  -0.000213  -0.000043  1.000000  0.999658  0.012171  0.023135  -0.012272  0.999916  0.004220  -0.023082  -0.004503  0.999723  0.000251  0.019256  
177.497439 0.008903  0.100109  0.000405  0.987869  0.155284  -0.000895  -0.155004  0.986402  0.054629  0.009366  -0.053827  0.998506  0.004733  0.000296  0.000259  0.162836  -0.058768  0.965877  2.000000  0.999634  0.012571  0.023974  -0.012680  0.999910  0.004381  -0.023916  -0.004683  0.999703  0.999832  0.018272  0.001389  -0.018277  0.999827  0.003316  -0.001328  -0.003341  0.999994  1.000000  0.000100  0.000206  -0.000100  1.000000  0.000042  -0.000206  -0.000042  1.000000  0.999634  0.012571  0.023974  -0.012680  0.999910  0.004381  -0.023916  -0.004683  0.999703  0.000246  0.018626  
177.498445 0.008906  0.100108  0.000404  0.987806  0.155690  -0.000854  -0.155411  0.986332  0.054749  0.009366  -0.053949  0.998500  0.004561  0.000198  0.000055  0.163906  -0.057938  0.946133  2.000000  0.999609  0.012952  0.024775  -0.013068  0.999904  0.004535  -0.024714  -0.004857  0.999683  0.999850  0.017245  0.001335  -0.017249  0.999846  0.003186  -0.001280  -0.003209  0.999994  1.000000  0.000094  0.000195  -0.000094  1.000000  0.000040  -0.000195  -0.000040  1.000000  0.999609  0.012952  0.024775  -0.013068  0.999904  0.004535  -0.024714  -0.004857  0.999683  0.000240  0.017590  
177.499691 0.008909  0.100107  0.000402  0.987741  0.156097  -0.000812  -0.155818  0.986261  0.054869  0.009366  -0.054070  0.998493  0.004310  0.000054  -0.000129  0.162266  -0.051710  0.911334  2.000000  0.999579  0.013399  0.025720  -0.013524  0.999897  0.004719  -0.025654  -0.005065  0.999658  0.999868  0.016217  0.001281  -0.016221  0.999864  0.003056  -0.001232  -0.003077  0.999995  1.000000  0.000088  0.000183  -0.000088  1.000000  0.000038  -0.000183  -0.000038  1.000000  0.999579  0.013399  0.025720  -0.013524  0.999897  0.004719  -0.025654  -0.005065  0.999658  0.000235  0.016555  
177.500941 0.008912  0.100106  0.000398  0.987677  0.156503  -0.000771  -0.156224  0.986190  0.054989  0.009366  -0.054191  0.998487  0.004029  -0.000170  -0.000484  0.161987  -0.050390  0.883801  2.000000  0.999551  0.013809  0.026593  -0.013944  0.999891  0.004889  -0.026523  -0.005258  0.999634  0.999890  0.014778  0.001205  -0.014781  0.999886  0.002923  -0.001162  -0.002940  0.999995  1.000000  0.000080  0.000167  -0.000080  1.000000  0.000037  -0.000167  -0.000037  1.000000  0.999551  0.013809  0.026593  -0.013944  0.999891  0.004889  -0.026523  -0.005258  0.999634  0.000227  0.015115  
177.501941 0.008914  0.100104  0.000395  0.987613  0.156909  -0.000748  -0.156631  0.986125  0.054989  0.009366  -0.054191  0.998487  0.003785  -0.000349  -0.000721  0.153812  -0.053562  0.856773  2.000000  0.999529  0.014112  0.027242  -0.014254  0.999886  0.005019  -0.027168  -0.005405  0.999616  0.999902  0.013956  0.001160  -0.013959  0.999899  0.002673  -0.001123  -0.002689  0.999996  1.000000  0.000075  0.000158  -0.000075  1.000000  0.000034  -0.000158  -0.000034  1.000000  0.999529  0.014112  0.027242  -0.014254  0.999886  0.005019  -0.027168  -0.005405  0.999616  0.000218  0.014259  
177.502950 0.008916  0.100103  0.000391  0.987581  0.157112  -0.000717  -0.156834  0.986086  0.055109  0.009366  -0.054312  0.998480  0.003475  -0.000559  -0.001040  0.154605  -0.051915  0.821914  2.000000  0.999508  0.014403  0.027856  -0.014551  0.999881  0.005144  -0.027778  -0.005547  0.999599  0.999910  0.013346  0.000995  -0.013349  0.999907  0.002668  -0.000959  -0.002681  0.999996  1.000000  0.000073  0.000151  -0.000073  1.000000  0.000033  -0.000151  -0.000033  1.000000  0.999508  0.014403  0.027856  -0.014551  0.999881  0.005144  -0.027778  -0.005547  0.999599  0.000211  0.013648  
177.504194 0.008918  0.100101  0.000387  0.987516  0.157518  -0.000695  -0.157241  0.986021  0.055109  0.009366  -0.054312  0.998480  0.003202  -0.000735  -0.001325  0.145057  -0.054614  0.787596  2.000000  0.999488  0.014681  0.028441  -0.014836  0.999876  0.005260  -0.028361  -0.005679  0.999582  0.999919  0.012730  0.000961  -0.012732  0.999916  0.002420  -0.000930  -0.002432  0.999997  1.000000  0.000069  0.000144  -0.000069  1.000000  0.000030  -0.000144  -0.000030  1.000000  0.999488  0.014681  0.028441  -0.014836  0.999876  0.005260  -0.028361  -0.005679  0.999582  0.000204  0.012995  
177.505440 0.008920  0.100100  0.000383  0.987451  0.157924  -0.000653  -0.157647  0.985950  0.055229  0.009366  -0.054433  0.998473  0.002904  -0.000878  -0.001616  0.140664  -0.052950  0.753202  2.000000  0.999463  0.015006  0.029127  -0.015169  0.999870  0.005398  -0.029043  -0.005837  0.999561  0.999931  0.011702  0.000907  -0.011704  0.999929  0.002290  -0.000880  -0.002300  0.999997  1.000000  0.000063  0.000132  -0.000063  1.000000  0.000029  -0.000132  -0.000029  1.000000  0.999463  0.015006  0.029127  -0.015169  0.999870  0.005398  -0.029043  -0.005837  0.999561  0.000192  0.011959  
177.506464 0.008921  0.100099  0.000380  0.987419  0.158127  -0.000642  -0.157851  0.985917  0.055229  0.009366  -0.054433  0.998473  0.002591  -0.000983  -0.001862  0.133184  -0.051262  0.717468  2.000000  0.999445  0.015245  0.029635  -0.015414  0.999866  0.005500  -0.029547  -0.005954  0.999546  0.999940  0.010880  0.000862  -0.010882  0.999938  0.002161  -0.000838  -0.002170  0.999997  1.000000  0.000059  0.000123  -0.000059  1.000000  0.000027  -0.000123  -0.000027  1.000000  0.999445  0.015245  0.029635  -0.015414  0.999866  0.005500  -0.029547  -0.005954  0.999546  0.000185  0.011127  
177.507690 0.008922  0.100097  0.000374  0.987386  0.158330  -0.000630  -0.158054  0.985885  0.055229  0.009366  -0.054433  0.998473  0.002311  -0.001066  -0.002207  0.123685  -0.048787  0.670850  2.000000  0.999427  0.015466  0.030108  -0.015641  0.999862  0.005591  -0.030017  -0.006059  0.999531  0.999947  0.010263  0.000828  -0.010265  0.999945  0.001913  -0.000808  -0.001921  0.999998  1.000000  0.000055  0.000116  -0.000055  1.000000  0.000024  -0.000116  -0.000024  1.000000  0.999427  0.015466  0.030108  -0.015641  0.999862  0.005591  -0.030017  -0.006059  0.999531  0.000175  0.010474  
177.508691 0.008922  0.100095  0.000370  0.987353  0.158533  -0.000619  -0.158257  0.985852  0.055229  0.009366  -0.054433  0.998473  0.002098  -0.001154  -0.002519  0.119313  -0.047018  0.636580  2.000000  0.999410  0.015680  0.030550  -0.015860  0.999858  0.005676  -0.030457  -0.006157  0.999517  0.999953  0.009654  0.000661  -0.009655  0.999952  0.001786  -0.000643  -0.001793  0.999998  1.000000  0.000053  0.000109  -0.000053  1.000000  0.000022  -0.000109  -0.000022  1.000000  0.999410  0.015680  0.030550  -0.015860  0.999858  0.005676  -0.030457  -0.006157  0.999517  0.000164  0.009840  
177.509946 0.008923  0.100093  0.000365  0.987321  0.158736  -0.000607  -0.158461  0.985819  0.055230  0.009366  -0.054433  0.998473  0.001795  -0.001227  -0.002899  0.106809  -0.044627  0.589069  2.000000  0.999391  0.015923  0.031056  -0.016110  0.999854  0.005767  -0.030959  -0.006264  0.999501  0.999963  0.008626  0.000605  -0.008627  0.999962  0.001535  -0.000591  -0.001540  0.999999  1.000000  0.000047  0.000097  -0.000047  1.000000  0.000019  -0.000097  -0.000019  1.000000  0.999391  0.015923  0.031056  -0.016110  0.999854  0.005767  -0.030959  -0.006264  0.999501  0.000151  0.008783  
177.511193 0.008924  0.100092  0.000360  0.987256  0.159142  -0.000585  -0.158867  0.985754  0.055230  0.009366  -0.054433  0.998473  0.001610  -0.001235  -0.003121  0.102417  -0.042836  0.554683  2.000000  0.999373  0.016146  0.031519  -0.016338  0.999849  0.005846  -0.031420  -0.006357  0.999486  0.999968  0.008009  0.000571  -0.008010  0.999967  0.001286  -0.000561  -0.001291  0.999999  1.000000  0.000044  0.000090  -0.000044  1.000000  0.000016  -0.000090  -0.000016  1.000000  0.999373  0.016146  0.031519  -0.016338  0.999849  0.005846  -0.031420  -0.006357  0.999486  0.000143  0.008132  
177.512441 0.008924  0.100092  0.000355  0.987223  0.159345  -0.000593  -0.159070  0.985728  0.055110  0.009366  -0.054312  0.998480  0.001403  -0.001183  -0.003391  0.089876  -0.036576  0.520396  2.000000  0.999359  0.016312  0.031865  -0.016508  0.999846  0.005900  -0.031764  -0.006422  0.999475  0.999971  0.007598  0.000548  -0.007599  0.999971  0.001040  -0.000540  -0.001044  0.999999  1.000000  0.000042  0.000086  -0.000042  1.000000  0.000013  -0.000086  -0.000013  1.000000  0.999359  0.016312  0.031865  -0.016508  0.999846  0.005900  -0.031764  -0.006422  0.999475  0.000133  0.007689  
177.513441 0.008925  0.100091  0.000352  0.987222  0.159352  -0.000725  -0.159070  0.985727  0.055132  0.009500  -0.054312  0.998479  0.001305  -0.001119  -0.003496  0.082099  -0.030242  0.483453  2.000000  0.999346  0.016474  0.032181  -0.016673  0.999843  0.005945  -0.032078  -0.006478  0.999464  0.999977  0.006791  0.000236  -0.006791  0.999977  0.000912  -0.000229  -0.000914  1.000000  1.000000  0.000040  0.000075  -0.000040  1.000000  0.000011  -0.000075  -0.000011  1.000000  0.999346  0.016474  0.032181  -0.016673  0.999843  0.005945  -0.032078  -0.006478  0.999464  0.000125  0.006856  
177.514445 0.008926  0.100092  0.000348  0.987189  0.159555  -0.000713  -0.159273  0.985694  0.055132  0.009500  -0.054312  0.998479  0.001163  -0.001068  -0.003662  0.073670  -0.028822  0.455749  2.000000  0.999334  0.016626  0.032470  -0.016829  0.999840  0.005986  -0.032365  -0.006528  0.999455  0.999980  0.006380  0.000213  -0.006380  0.999979  0.000909  -0.000207  -0.000910  1.000000  1.000000  0.000038  0.000070  -0.000038  1.000000  0.000011  -0.000070  -0.000011  1.000000  0.999334  0.016626  0.032470  -0.016829  0.999840  0.005986  -0.032365  -0.006528  0.999455  0.000118  0.006448  
177.515691 0.008929  0.100092  0.000344  0.987156  0.159758  -0.000702  -0.159477  0.985661  0.055132  0.009500  -0.054312  0.998479  0.001097  -0.000929  -0.003696  0.068696  -0.026783  0.417754  2.000000  0.999321  0.016802  0.032802  -0.017008  0.999837  0.006029  -0.032695  -0.006583  0.999444  0.999982  0.005968  0.000191  -0.005969  0.999982  0.000784  -0.000186  -0.000785  1.000000  1.000000  0.000035  0.000066  -0.000035  1.000000  0.000010  -0.000066  -0.000010  1.000000  0.999321  0.016802  0.032802  -0.017008  0.999837  0.006029  -0.032695  -0.006583  0.999444  0.000109  0.006023  
177.516941 0.008931  0.100092  0.000339  0.987123  0.159961  -0.000691  -0.159680  0.985628  0.055132  0.009500  -0.054312  0.998479  0.001100  -0.000801  -0.003719  0.060321  -0.020913  0.390582  2.000000  0.999308  0.016966  0.033110  -0.017176  0.999834  0.006065  -0.033002  -0.006630  0.999433  0.999985  0.005557  0.000168  -0.005557  0.999984  0.000658  -0.000165  -0.000659  1.000000  1.000000  0.000033  0.000061  -0.000033  1.000000  0.000008  -0.000061  -0.000008  1.000000  0.999308  0.016966  0.033110  -0.017176  0.999834  0.006065  -0.033002  -0.006630  0.999433  0.000101  0.005599  
177.517942 0.008933  0.100092  0.000335  0.987090  0.160164  -0.000679  -0.159883  0.985595  0.055132  0.009500  -0.054312  0.998479  0.001116  -0.000707  -0.003764  0.052426  -0.019659  0.366329  2.000000  0.999303  0.017028  0.033226  -0.017239  0.999833  0.006078  -0.033117  -0.006647  0.999429  0.999988  0.004941  0.000135  -0.004941  0.999988  0.000531  -0.000132  -0.000532  1.000000  1.000000  0.000000  0.000000  0.000000  1.000000  0.000000  0.000000  0.000000  1.000000  0.999303  0.017028  0.033226  -0.017239  0.999833  0.006078  -0.033117  -0.006647  0.999429  0.000094  0.000000  
177.519194 0.008936  0.100092  0.000330  0.987090  0.160163  -0.000699  -0.159883  0.985602  0.055013  0.009500  -0.054191  0.998485  0.001147  -0.000579  -0.003751  0.043639  -0.018024  0.335857  2.000000  0.999303  0.017028  0.033226  -0.017239  0.999833  0.006078  -0.033117  -0.006647  0.999429  0.999990  0.004530  0.000112  -0.004530  0.999990  0.000285  -0.000111  -0.000286  1.000000  1.000000  0.000000  0.000000  0.000000  1.000000  0.000000  0.000000  0.000000  1.000000  0.999303  0.017028  0.033226  -0.017239  0.999833  0.006078  -0.033117  -0.006647  0.999429  0.000086  0.000000  
177.520195 0.008938  0.100092  0.000327  0.987090  0.160163  -0.000699  -0.159883  0.985602  0.055013  0.009500  -0.054191  0.998485  0.001187  -0.000535  -0.003802  0.039333  -0.016570  0.308428  2.000000  0.999303  0.017028  0.033226  -0.017239  0.999833  0.006078  -0.033117  -0.006647  0.999429  0.999991  0.004324  0.000101  -0.004324  0.999991  0.000162  -0.000100  -0.000162  1.000000  1.000000  0.000000  0.000000  0.000000  1.000000  0.000000  0.000000  0.000000  1.000000  0.999303  0.017028  0.033226  -0.017239  0.999833  0.006078  -0.033117  -0.006647  0.999429  0.000080  0.000000  
177.521198 0.008941  0.100092  0.000323  0.987059  0.160359  -0.000555  -0.160086  0.985570  0.054991  0.009366  -0.054191  0.998487  0.001322  -0.000451  -0.003839  0.031280  -0.020117  0.289950  2.000000  0.999303  0.017028  0.033226  -0.017239  0.999833  0.006078  -0.033117  -0.006647  0.999429  0.999992  0.004111  0.000223  -0.004111  0.999992  0.000159  -0.000223  -0.000160  1.000000  1.000000  0.000000  0.000000  0.000000  1.000000  0.000000  0.000000  0.000000  1.000000  0.999303  0.017028  0.033226  -0.017239  0.999833  0.006078  -0.033117  -0.006647  0.999429  0.000074  0.000000  
177.522449 0.008944  0.100092  0.000318  0.987059  0.160359  -0.000555  -0.160086  0.985570  0.054991  0.009366  -0.054191  0.998487  0.001524  -0.000333  -0.003843  0.026854  -0.013779  0.255594  2.000000  0.999303  0.017028  0.033226  -0.017239  0.999833  0.006078  -0.033117  -0.006647  0.999429  0.999993  0.003700  0.000201  -0.003700  0.999993  0.000034  -0.000201  -0.000035  1.000000  1.000000  0.000000  0.000000  0.000000  1.000000  0.000000  0.000000  0.000000  1.000000  0.999303  0.017028  0.033226  -0.017239  0.999833  0.006078  -0.033117  -0.006647  0.999429  0.000067  0.000000  
177.523451 0.008948  0.100092  0.000313  0.987026  0.160562  -0.000544  -0.160290  0.985537  0.054992  0.009366  -0.054191  0.998487  0.001725  -0.000191  -0.003863  0.022649  -0.013049  0.241780  2.000000  0.999303  0.017028  0.033226  -0.017239  0.999833  0.006078  -0.033117  -0.006647  0.999429  0.999993  0.003700  0.000201  -0.003700  0.999993  -0.000087  -0.000201  0.000086  1.000000  1.000000  0.000000  0.000000  0.000000  1.000000  0.000000  0.000000  0.000000  1.000000  0.999303  0.017028  0.033226  -0.017239  0.999833  0.006078  -0.033117  -0.006647  0.999429  0.000064  0.000000  
177.524694 0.008951  0.100092  0.000307  0.987026  0.160562  -0.000544  -0.160290  0.985537  0.054992  0.009366  -0.054191  0.998487  0.001950  -0.000076  -0.003909  0.018380  -0.011945  0.221080  2.000000  0.999303  0.017028  0.033226  -0.017239  0.999833  0.006078  -0.033117  -0.006647  0.999429  0.999995  0.003083  0.000167  -0.003083  0.999995  -0.000093  -0.000168  0.000092  1.000000  1.000000  0.000000  0.000000  0.000000  1.000000  0.000000  0.000000  0.000000  1.000000  0.999303  0.017028  0.033226  -0.017239  0.999833  0.006078  -0.033117  -0.006647  0.999429  0.000057  0.000000  
177.525944 0.008956  0.100093  0.000301  0.987026  0.160562  -0.000544  -0.160290  0.985537  0.054992  0.009366  -0.054191  0.998487  0.002206  0.000060  -0.003961  0.018190  -0.010827  0.200398  2.000000  0.999303  0.017028  0.033226  -0.017239  0.999833  0.006078  -0.033117  -0.006647  0.999429  0.999996  0.002878  0.000156  -0.002878  0.999996  -0.000216  -0.000157  0.000215  1.000000  1.000000  0.000000  0.000000  0.000000  1.000000  0.000000  0.000000  0.000000  1.000000  0.999303  0.017028  0.033226  -0.017239  0.999833  0.006078  -0.033117  -0.006647  0.999429  0.000052  0.000000  
177.526946 0.008960  0.100093  0.000297  0.986993  0.160765  -0.000513  -0.160493  0.985497  0.055111  0.009366  -0.054312  0.998480  0.002427  0.000107  -0.004005  0.018118  -0.010474  0.193413  2.000000  0.999303  0.017028  0.033226  -0.017239  0.999833  0.006078  -0.033117  -0.006647  0.999429  0.999996  0.002672  0.000145  -0.002672  0.999996  -0.000096  -0.000146  0.000096  1.000000  1.000000  0.000000  0.000000  0.000000  1.000000  0.000000  0.000000  0.000000  1.000000  0.999303  0.017028  0.033226  -0.017239  0.999833  0.006078  -0.033117  -0.006647  0.999429  0.000050  0.000000  
177.528192 0.008965  0.100095  0.000292  0.986994  0.160758  -0.000381  -0.160493  0.985498  0.055090  0.009232  -0.054312  0.998481  0.002680  0.000253  -0.004026  0.013842  -0.013857  0.172513  2.000000  0.999303  0.017028  0.033226  -0.017239  0.999833  0.006078  -0.033117  -0.006647  0.999429  0.999997  0.002467  0.000134  -0.002467  0.999997  -0.000098  -0.000134  0.000098  1.000000  1.000000  0.000000  0.000000  0.000000  1.000000  0.000000  0.000000  0.000000  1.000000  0.999303  0.017028  0.033226  -0.017239  0.999833  0.006078  -0.033117  -0.006647  0.999429  0.000045  0.000000  
177.529442 0.008970  0.100097  0.000288  0.986994  0.160758  -0.000381  -0.160493  0.985498  0.055090  0.009232  -0.054312  0.998481  0.002901  0.000349  -0.003959  0.000000  0.000000  0.000000  2.000000  0.999303  0.017028  0.033226  -0.017239  0.999833  0.006078  -0.033117  -0.006647  0.999429  0.999997  0.002254  0.000257  -0.002254  0.999997  -0.000101  -0.000257  0.000100  1.000000  1.000000  0.000000  0.000000  0.000000  1.000000  0.000000  0.000000  0.000000  1.000000  0.999303  0.017028  0.033226  -0.017239  0.999833  0.006078  -0.033117  -0.006647  0.999429  0.000000  0.000000  
177.530447 0.008974  0.100099  0.000285  0.986994  0.160758  -0.000381  -0.160493  0.985498  0.055090  0.009232  -0.054312  0.998481  0.003102  0.000449  -0.003991  0.000000  0.000000  0.000000  2.000000  0.999303  0.017028  0.033226  -0.017239  0.999833  0.006078  -0.033117  -0.006647  0.999429  0.999998  0.002048  0.000245  -0.002048  0.999998  -0.000102  -0.000246  0.000102  1.000000  1.000000  0.000000  0.000000  0.000000  1.000000  0.000000  0.000000  0.000000  1.000000  0.999303  0.017028  0.033226  -0.017239  0.999833  0.006078  -0.033117  -0.006647  0.999429  0.000000  0.000000  
177.531732 0.008979  0.100101  0.000281  0.986993  0.160765  -0.000513  -0.160493  0.985497  0.055111  0.009366  -0.054312  0.998480  0.003263  0.000576  -0.003894  0.000000  0.000000  0.000000  2.000000  0.999303  0.017028  0.033226  -0.017239  0.999833  0.006078  -0.033117  -0.006647  0.999429  0.999999  0.001644  0.000089  -0.001644  0.999999  -0.000106  -0.000090  0.000106  1.000000  1.000000  0.000000  0.000000  0.000000  1.000000  0.000000  0.000000  0.000000  1.000000  0.999303  0.017028  0.033226  -0.017239  0.999833  0.006078  -0.033117  -0.006647  0.999429  0.000000  0.000000  
