1-Time 2-Px 3-Py 4-Pz 5-R11 6-R21 7-R31 8-R12 9-R22 10-R32 11-R13 12-R23 13-R33 14-Vx 15-Vy 16-Vz 17-Wx 18-Wy 19-Wz 20-state 21-PR11 22-PR21 23-PR31 24-PR12 25-PR22 26-PR32 27-PR13 28-PR23 29-PR33 
181.310202 0.004600  0.095945  0.004195  0.984829  0.171019  -0.029396  0.026566  0.018810  0.999470  0.171481  -0.985088  0.013981  0.000058  -0.000056  -0.000069  0.000000  0.000000  0.000000  2.000000  1.000000  0.000000  0.000000  0.000000  -0.000000  1.000000  0.000000  -1.000000  -0.000000  0.999999  -0.001082  -0.000796  0.001082  0.999999  -0.000021  0.000796  0.000020  1.000000  1.000000  0.000000  0.000000  0.000000  1.000000  0.000000  0.000000  0.000000  1.000000  0.693505  0.513885  0.504949  -0.552298  -0.070843  0.830631  0.462621  -0.854929  0.234688  0.000000  0.000000  
181.311205 0.004600  0.095945  0.004195  0.984852  0.170887  -0.029394  0.026567  0.018806  0.999470  0.171349  -0.985111  0.013981  0.000058  -0.000056  -0.000069  0.000000  0.000000  0.000000  2.000000  1.000000  0.000000  0.000000  0.000000  -0.000000  1.000000  0.000000  -1.000000  -0.000000  0.999999  -0.001085  -0.000999  0.001085  0.999999  0.000065  0.000999  -0.000066  0.999999  1.000000  0.000000  0.000000  0.000000  1.000000  0.000000  0.000000  0.000000  1.000000  1.000000  0.000000  0.000000  0.000000  -0.000000  1.000000  0.000000  -1.000000  -0.000000  0.000000  0.000000  
181.312205 0.004601  0.095945  0.004196  0.984874  0.170902  -0.028571  0.025756  0.018665  0.999494  0.171349  -0.985111  0.013981  0.000117  -0.000039  0.000027  0.000000  0.000000  0.000000  2.000000  1.000000  0.000000  0.000000  0.000000  -0.000000  1.000000  0.000000  -1.000000  -0.000000  0.999999  -0.001073  -0.000188  0.001073  0.999999  0.000207  0.000187  -0.000207  1.000000  1.000000  0.000000  0.000000  0.000000  1.000000  0.000000  0.000000  0.000000  1.000000  1.000000  0.000000  0.000000  0.000000  -0.000000  1.000000  0.000000  -1.000000  -0.000000  0.000000  0.000000  
181.313205 0.004601  0.095945  0.004197  0.984900  0.170921  -0.027542  0.024742  0.018490  0.999523  0.171349  -0.985111  0.013981  0.000154  -0.000073  0.000113  0.000000  0.000000  0.000000  2.000000  1.000000  0.000000  0.000000  0.000000  -0.000000  1.000000  0.000000  -1.000000  -0.000000  0.999999  -0.001056  0.001029  0.001056  0.999999  0.000420  -0.001029  -0.000419  0.999999  1.000000  0.000000  0.000000  0.000000  1.000000  0.000000  0.000000  0.000000  1.000000  1.000000  0.000000  0.000000  0.000000  -0.000000  1.000000  0.000000  -1.000000  -0.000000  0.000000  0.000000  
181.314456 0.004602  0.095944  0.004199  0.984957  0.170816  -0.026100  0.023323  0.018240  0.999562  0.171217  -0.985134  0.013982  0.000229  -0.000101  0.000232  0.000000  0.000000  0.000000  2.000000  1.000000  0.000000  0.000000  0.000000  -0.000000  1.000000  0.000000  -1.000000  -0.000000  0.999996  -0.001036  0.002448  0.001035  0.999999  0.000547  -0.002449  -0.000544  0.999997  1.000000  0.000000  0.000000  0.000000  1.000000  0.000000  0.000000  0.000000  1.000000  1.000000  0.000000  0.000000  0.000000  -0.000000  1.000000  0.000000  -1.000000  -0.000000  0.000000  0.000000  
181.315458 0.004603  0.095943  0.004200  0.984999  0.170702  -0.025254  0.022513  0.017975  0.999585  0.171085  -0.985159  0.013863  0.000295  -0.000183  0.000310  0.000000  0.000000  0.000000  2.000000  1.000000  0.000000  0.000000  0.000000  -0.000000  1.000000  0.000000  -1.000000  -0.000000  0.999994  -0.001026  0.003259  0.001023  0.999999  0.000810  -0.003260  -0.000807  0.999994  1.000000  0.000000  0.000000  0.000000  1.000000  0.000000  0.000000  0.000000  1.000000  1.000000  0.000000  0.000000  0.000000  -0.000000  1.000000  0.000000  -1.000000  -0.000000  0.000000  0.000000  
181.316705 0.004605  0.095942  0.004201  0.984994  0.170849  -0.024433  0.021701  0.017838  0.999605  0.171217  -0.985136  0.013862  0.000354  -0.000285  0.000430  0.000000  0.000000  0.000000  2.000000  1.000000  0.000000  0.000000  0.000000  -0.000000  1.000000  0.000000  -1.000000  -0.000000  0.999990  -0.001012  0.004273  0.001008  0.999999  0.000987  -0.004274  -0.000982  0.999990  1.000000  0.000000  0.000000  0.000000  1.000000  0.000000  0.000000  0.000000  1.000000  1.000000  0.000000  0.000000  0.000000  -0.000000  1.000000  0.000000  -1.000000  -0.000000  0.000000  0.000000  
181.317709 0.004606  0.095941  0.004203  0.984989  0.170995  -0.023611  0.020890  0.017700  0.999625  0.171349  -0.985113  0.013862  0.000443  -0.000357  0.000572  0.040771  -0.164100  -0.038125  2.000000  1.000000  -0.000011  0.000064  -0.000064  -0.000014  1.000000  -0.000011  -1.000000  -0.000014  0.999987  -0.000867  0.005083  0.000862  0.999999  0.001128  -0.005084  -0.001124  0.999986  1.000000  -0.000011  0.000064  0.000011  1.000000  0.000014  -0.000064  -0.000014  1.000000  1.000000  -0.000011  0.000064  -0.000064  -0.000014  1.000000  -0.000011  -1.000000  -0.000014  0.000000  0.005278  
181.318726 0.004607  0.095940  0.004206  0.984964  0.171277  -0.022586  0.019875  0.017529  0.999649  0.171613  -0.985067  0.013861  0.000516  -0.000425  0.000743  0.046718  -0.197921  -0.028633  2.000000  1.000000  -0.000044  0.000345  -0.000345  -0.000075  1.000000  -0.000044  -1.000000  -0.000075  0.999981  -0.000587  0.006093  0.000579  0.999999  0.001305  -0.006094  -0.001302  0.999981  1.000000  -0.000007  0.000076  0.000007  1.000000  0.000016  -0.000076  -0.000016  1.000000  1.000000  -0.000044  0.000345  -0.000345  -0.000075  1.000000  -0.000044  -1.000000  -0.000075  0.000050  0.006258  
181.319953 0.004608  0.095939  0.004209  0.984949  0.171569  -0.020943  0.018252  0.017252  0.999685  0.171876  -0.985021  0.013861  0.000607  -0.000461  0.000969  0.055854  -0.250408  -0.018733  2.000000  1.000000  -0.000054  0.000695  -0.000695  -0.000148  1.000000  -0.000054  -1.000000  -0.000148  0.999972  -0.000033  0.007505  0.000021  0.999999  0.001552  -0.007505  -0.001552  0.999971  1.000000  -0.000000  0.000094  0.000000  1.000000  0.000019  -0.000094  -0.000019  1.000000  1.000000  -0.000054  0.000695  -0.000695  -0.000148  1.000000  -0.000054  -1.000000  -0.000148  0.000061  0.007664  
181.320956 0.004609  0.095938  0.004212  0.984952  0.171726  -0.019505  0.016832  0.017007  0.999714  0.172008  -0.984998  0.013860  0.000638  -0.000477  0.001179  0.064657  -0.300057  -0.009215  2.000000  0.999999  -0.000051  0.001119  -0.001119  -0.000234  0.999999  -0.000051  -1.000000  -0.000235  0.999958  0.000121  0.009125  -0.000138  0.999998  0.001835  -0.009125  -0.001837  0.999957  1.000000  0.000002  0.000114  -0.000002  1.000000  0.000023  -0.000114  -0.000023  1.000000  0.999999  -0.000051  0.001119  -0.001119  -0.000234  0.999999  -0.000051  -1.000000  -0.000235  0.000073  0.009309  
181.321956 0.004609  0.095938  0.004214  0.984972  0.171747  -0.018270  0.015615  0.016795  0.999737  0.172008  -0.984998  0.013860  0.000625  -0.000477  0.001346  0.072999  -0.347768  -0.008535  2.000000  0.999999  -0.000043  0.001618  -0.001618  -0.000334  0.999999  -0.000042  -1.000000  -0.000334  0.999944  0.000272  0.010543  -0.000294  0.999998  0.002082  -0.010542  -0.002085  0.999942  1.000000  0.000004  0.000132  -0.000004  1.000000  0.000026  -0.000132  -0.000026  1.000000  0.999999  -0.000043  0.001618  -0.001618  -0.000334  0.999999  -0.000042  -1.000000  -0.000334  0.000087  0.010750  
181.323203 0.004609  0.095938  0.004217  0.984996  0.171774  -0.016623  0.013993  0.016512  0.999766  0.172008  -0.984998  0.013860  0.000612  -0.000477  0.001513  0.082531  -0.402291  -0.007758  2.000000  0.999997  -0.000024  0.002333  -0.002333  -0.000474  0.999997  -0.000023  -1.000000  -0.000474  0.999926  0.000292  0.012165  -0.000321  0.999997  0.002365  -0.012165  -0.002368  0.999923  1.000000  0.000004  0.000152  -0.000004  1.000000  0.000030  -0.000152  -0.000030  1.000000  0.999997  -0.000024  0.002333  -0.002333  -0.000474  0.999997  -0.000023  -1.000000  -0.000474  0.000101  0.012397  
181.324209 0.004608  0.095938  0.004219  0.985018  0.171801  -0.014977  0.012371  0.016229  0.999792  0.172008  -0.984998  0.013860  0.000599  -0.000477  0.001679  0.087931  -0.456620  -0.002511  2.000000  0.999996  -0.000007  0.002982  -0.002982  -0.000599  0.999995  -0.000005  -1.000000  -0.000599  0.999908  0.000443  0.013583  -0.000478  0.999996  0.002610  -0.013582  -0.002616  0.999904  1.000000  0.000006  0.000170  -0.000006  1.000000  0.000033  -0.000170  -0.000033  1.000000  0.999996  -0.000007  0.002982  -0.002982  -0.000599  0.999995  -0.000005  -1.000000  -0.000599  0.000113  0.013840  
181.325455 0.004609  0.095939  0.004224  0.985018  0.171964  -0.012941  0.010343  0.015998  0.999819  0.172140  -0.984973  0.013979  0.000593  -0.000401  0.001949  0.095816  -0.524786  0.002983  2.000000  0.999993  0.000018  0.003727  -0.003727  -0.000741  0.999993  0.000021  -1.000000  -0.000741  0.999878  0.000600  0.015609  -0.000646  0.999995  0.002963  -0.015607  -0.002973  0.999874  1.000000  0.000008  0.000195  -0.000008  1.000000  0.000037  -0.000195  -0.000037  1.000000  0.999993  0.000018  0.003727  -0.003727  -0.000741  0.999993  0.000021  -1.000000  -0.000741  0.000130  0.015901  
181.326455 0.004609  0.095940  0.004228  0.985009  0.172119  -0.011502  0.008923  0.015751  0.999836  0.172272  -0.984950  0.013979  0.000584  -0.000349  0.002220  0.105345  -0.579161  0.012752  2.000000  0.999990  0.000049  0.004563  -0.004563  -0.000894  0.999989  0.000054  -1.000000  -0.000893  0.999848  0.000622  0.017434  -0.000677  0.999995  0.003160  -0.017432  -0.003171  0.999843  1.000000  0.000008  0.000218  -0.000008  1.000000  0.000040  -0.000218  -0.000040  1.000000  0.999990  0.000049  0.004563  -0.004563  -0.000894  0.999989  0.000054  -1.000000  -0.000893  0.000145  0.017731  
181.327457 0.004609  0.095941  0.004232  0.985021  0.172140  -0.010082  0.007503  0.015624  0.999850  0.172272  -0.984949  0.014099  0.000571  -0.000271  0.002415  0.109603  -0.626829  0.013469  2.000000  0.999985  0.000095  0.005472  -0.005472  -0.001054  0.999984  0.000101  -0.999999  -0.001054  0.999826  0.000906  0.018647  -0.000966  0.999994  0.003248  -0.018644  -0.003265  0.999821  1.000000  0.000012  0.000233  -0.000012  1.000000  0.000041  -0.000233  -0.000041  1.000000  0.999985  0.000095  0.005472  -0.005472  -0.001054  0.999984  0.000101  -0.999999  -0.001054  0.000156  0.018952  
181.328711 0.004609  0.095943  0.004236  0.985009  0.172296  -0.008458  0.005881  0.015463  0.999863  0.172404  -0.984924  0.014218  0.000457  -0.000122  0.002636  0.115028  -0.681033  0.023276  2.000000  0.999978  0.000158  0.006706  -0.006706  -0.001267  0.999977  0.000167  -0.999999  -0.001266  0.999790  0.001062  0.020470  -0.001132  0.999993  0.003444  -0.020466  -0.003466  0.999785  1.000000  0.000014  0.000256  -0.000014  1.000000  0.000043  -0.000256  -0.000043  1.000000  0.999978  0.000158  0.006706  -0.006706  -0.001267  0.999977  0.000167  -0.999999  -0.001266  0.000171  0.020788  
181.329962 0.004608  0.095944  0.004240  0.985019  0.172327  -0.006420  0.003853  0.015229  0.999877  0.172404  -0.984922  0.014337  0.000356  -0.000013  0.002743  0.122866  -0.749172  0.024301  2.000000  0.999968  0.000235  0.008049  -0.008048  -0.001490  0.999967  0.000247  -0.999999  -0.001488  0.999751  0.001218  0.022293  -0.001299  0.999993  0.003637  -0.022289  -0.003665  0.999745  1.000000  0.000016  0.000279  -0.000016  1.000000  0.000046  -0.000279  -0.000046  1.000000  0.999968  0.000235  0.008049  -0.008048  -0.001490  0.999967  0.000247  -0.999999  -0.001488  0.000186  0.022625  
181.331210 0.004608  0.095943  0.004242  0.985001  0.172486  -0.004591  0.002028  0.015032  0.999885  0.172535  -0.984897  0.014456  0.000240  0.000063  0.002799  0.130711  -0.817222  0.034325  2.000000  0.999955  0.000319  0.009513  -0.009512  -0.001724  0.999953  0.000335  -0.999998  -0.001721  0.999708  0.001373  0.024116  -0.001463  0.999992  0.003711  -0.024111  -0.003746  0.999702  1.000000  0.000018  0.000301  -0.000018  1.000000  0.000047  -0.000301  -0.000047  1.000000  0.999955  0.000319  0.009513  -0.009512  -0.001724  0.999953  0.000335  -0.999998  -0.001721  0.000204  0.024443  
181.332459 0.004608  0.095942  0.004245  0.985003  0.172513  -0.002759  0.000203  0.014833  0.999890  0.172535  -0.984895  0.014576  0.000194  0.000114  0.002794  0.137370  -0.878621  0.035270  2.000000  0.999938  0.000415  0.011094  -0.011093  -0.001965  0.999937  0.000436  -0.999998  -0.001960  0.999668  0.001527  0.025736  -0.001627  0.999991  0.003868  -0.025730  -0.003909  0.999661  1.000000  0.000020  0.000322  -0.000020  1.000000  0.000049  -0.000322  -0.000049  1.000000  0.999938  0.000415  0.011094  -0.011093  -0.001965  0.999937  0.000436  -0.999998  -0.001960  0.000219  0.026076  
181.333705 0.004609  0.095941  0.004246  0.985002  0.172541  -0.000927  -0.001622  0.014635  0.999892  0.172535  -0.984894  0.014695  0.000106  0.000068  0.002680  0.143960  -0.939937  0.040717  2.000000  0.999923  0.000492  0.012406  -0.012405  -0.002160  0.999921  0.000518  -0.999998  -0.002154  0.999646  0.001539  0.026547  -0.001642  0.999991  0.003888  -0.026541  -0.003930  0.999640  1.000000  0.000020  0.000332  -0.000020  1.000000  0.000049  -0.000332  -0.000049  1.000000  0.999923  0.000492  0.012406  -0.012405  -0.002160  0.999921  0.000518  -0.999998  -0.002154  0.000235  0.026881  
181.334955 0.004609  0.095939  0.004247  0.984998  0.172564  0.000699  -0.003245  0.014472  0.999890  0.172535  -0.984892  0.014815  0.000054  0.000034  0.002501  0.149413  -0.994453  0.041574  2.000000  0.999901  0.000591  0.014070  -0.014068  -0.002403  0.999898  0.000625  -0.999997  -0.002395  0.999641  0.001678  0.026748  -0.001780  0.999991  0.003798  -0.026742  -0.003844  0.999635  1.000000  0.000022  0.000334  -0.000022  1.000000  0.000048  -0.000334  -0.000048  1.000000  0.999901  0.000591  0.014070  -0.014068  -0.002403  0.999898  0.000625  -0.999997  -0.002395  0.000250  0.027075  
181.336205 0.004611  0.095937  0.004246  0.984967  0.172723  0.002528  -0.005069  0.014273  0.999885  0.172667  -0.984867  0.014934  0.000115  -0.000117  0.002240  0.157246  -1.062458  0.051629  2.000000  0.999875  0.000699  0.015764  -0.015762  -0.002643  0.999872  0.000741  -0.999996  -0.002632  0.999624  0.001818  0.027354  -0.001922  0.999991  0.003782  -0.027347  -0.003833  0.999619  1.000000  0.000023  0.000342  -0.000023  1.000000  0.000048  -0.000342  -0.000048  1.000000  0.999875  0.000699  0.015764  -0.015762  -0.002643  0.999872  0.000741  -0.999996  -0.002632  0.000266  0.027681  
181.337455 0.004613  0.095934  0.004243  0.984933  0.172882  0.004358  -0.006894  0.014073  0.999877  0.172799  -0.984842  0.015053  0.000273  -0.000317  0.001883  0.164004  -1.123981  0.057110  2.000000  0.999846  0.000825  0.017512  -0.017509  -0.002883  0.999843  0.000875  -0.999996  -0.002868  0.999595  0.002099  0.028365  -0.002209  0.999990  0.003833  -0.028356  -0.003894  0.999590  1.000000  0.000027  0.000355  -0.000027  1.000000  0.000048  -0.000355  -0.000048  1.000000  0.999846  0.000825  0.017512  -0.017509  -0.002883  0.999843  0.000875  -0.999996  -0.002868  0.000281  0.028707  
181.338455 0.004614  0.095930  0.004240  0.984922  0.172902  0.005799  -0.008314  0.013824  0.999870  0.172799  -0.984842  0.015053  0.000378  -0.000571  0.001524  0.172264  -1.171614  0.062311  2.000000  0.999820  0.000921  0.018948  -0.018945  -0.003075  0.999816  0.000979  -0.999995  -0.003057  0.999578  0.001841  0.028975  -0.001953  0.999991  0.003825  -0.028968  -0.003880  0.999573  1.000000  0.000024  0.000362  -0.000024  1.000000  0.000048  -0.000362  -0.000048  1.000000  0.999820  0.000921  0.018948  -0.018945  -0.003075  0.999816  0.000979  -0.999995  -0.003057  0.000295  0.029292  
181.339458 0.004615  0.095926  0.004237  0.984909  0.172921  0.007240  -0.009733  0.013575  0.999860  0.172799  -0.984842  0.015053  0.000445  -0.000885  0.001132  0.180547  -1.218950  0.062997  2.000000  0.999791  0.001005  0.020407  -0.020403  -0.003271  0.999786  0.001072  -0.999994  -0.003250  0.999567  0.001578  0.029383  -0.001693  0.999991  0.003903  -0.029377  -0.003951  0.999561  1.000000  0.000020  0.000367  -0.000020  1.000000  0.000049  -0.000367  -0.000049  1.000000  0.999791  0.001005  0.020407  -0.020403  -0.003271  0.999786  0.001072  -0.999994  -0.003250  0.000307  0.029691  
181.340711 0.004617  0.095920  0.004233  0.984889  0.172947  0.009071  -0.011558  0.013376  0.999844  0.172799  -0.984840  0.015172  0.000588  -0.001254  0.000586  0.184262  -1.287336  0.068516  2.000000  0.999760  0.001073  0.021871  -0.021867  -0.003463  0.999755  0.001148  -0.999993  -0.003439  0.999567  0.001314  0.029386  -0.001426  0.999992  0.003790  -0.029381  -0.003830  0.999561  1.000000  0.000017  0.000367  -0.000017  1.000000  0.000048  -0.000367  -0.000048  1.000000  0.999760  0.001073  0.021871  -0.021867  -0.003463  0.999755  0.001148  -0.999993  -0.003439  0.000318  0.029665  
181.341957 0.004619  0.095914  0.004228  0.984872  0.172966  0.010512  -0.012977  0.013126  0.999830  0.172799  -0.984840  0.015172  0.000704  -0.001802  -0.000179  0.186652  -1.301027  0.068721  2.000000  0.999718  0.001146  0.023705  -0.023700  -0.003703  0.999712  0.001234  -0.999992  -0.003675  0.999567  0.001180  0.029387  -0.001292  0.999992  0.003794  -0.029383  -0.003830  0.999561  1.000000  0.000015  0.000367  -0.000015  1.000000  0.000048  -0.000367  -0.000048  1.000000  0.999718  0.001146  0.023705  -0.023700  -0.003703  0.999712  0.001234  -0.999992  -0.003675  0.000331  0.029661  
181.343210 0.004621  0.095909  0.004222  0.984849  0.172988  0.012159  -0.014599  0.012841  0.999811  0.172799  -0.984840  0.015172  0.000862  -0.002246  -0.000923  0.187825  -1.307716  0.068815  2.000000  0.999673  0.001218  0.025529  -0.025524  -0.003941  0.999666  0.001318  -0.999991  -0.003908  0.999573  0.001178  0.029185  -0.001288  0.999992  0.003758  -0.029180  -0.003794  0.999567  1.000000  0.000015  0.000365  -0.000015  1.000000  0.000047  -0.000365  -0.000047  1.000000  0.999673  0.001218  0.025529  -0.025524  -0.003941  0.999666  0.001318  -0.999991  -0.003908  0.000330  0.029456  
181.344456 0.004624  0.095903  0.004214  0.984804  0.173140  0.013577  -0.016018  0.012711  0.999791  0.172931  -0.984815  0.015291  0.001018  -0.002653  -0.001670  0.180933  -1.314901  0.077937  2.000000  0.999625  0.001295  0.027345  -0.027339  -0.004172  0.999618  0.001409  -0.999990  -0.004135  0.999579  0.001313  0.028980  -0.001418  0.999993  0.003602  -0.028975  -0.003641  0.999574  1.000000  0.000017  0.000362  -0.000017  1.000000  0.000045  -0.000362  -0.000045  1.000000  0.999625  0.001295  0.027345  -0.027339  -0.004172  0.999618  0.001409  -0.999990  -0.004135  0.000332  0.029239  
181.345711 0.004626  0.095898  0.004205  0.984760  0.173289  0.014789  -0.017234  0.012616  0.999772  0.173063  -0.984790  0.015411  0.001188  -0.003018  -0.002403  0.177973  -1.321034  0.087076  2.000000  0.999575  0.001377  0.029110  -0.029104  -0.004391  0.999567  0.001504  -0.999989  -0.004349  0.999614  0.001303  0.027763  -0.001395  0.999994  0.003272  -0.027758  -0.003310  0.999609  1.000000  0.000017  0.000347  -0.000017  1.000000  0.000041  -0.000347  -0.000041  1.000000  0.999575  0.001377  0.029110  -0.029104  -0.004391  0.999567  0.001504  -0.999989  -0.004349  0.000333  0.027991  
181.346959 0.004628  0.095894  0.004197  0.984715  0.173438  0.016000  -0.018450  0.012521  0.999751  0.173194  -0.984765  0.015530  0.001338  -0.003281  -0.003089  0.176480  -1.334806  0.087371  2.000000  0.999524  0.001455  0.030809  -0.030802  -0.004599  0.999515  0.001596  -0.999988  -0.004552  0.999636  0.001298  0.026951  -0.001383  0.999994  0.003134  -0.026947  -0.003170  0.999632  1.000000  0.000017  0.000337  -0.000017  1.000000  0.000039  -0.000337  -0.000039  1.000000  0.999524  0.001455  0.030809  -0.030802  -0.004599  0.999515  0.001596  -0.999988  -0.004552  0.000337  0.027169  
181.348209 0.004631  0.095890  0.004189  0.984695  0.173453  0.017008  -0.019464  0.012464  0.999733  0.173194  -0.984763  0.015649  0.001551  -0.003478  -0.003828  0.171360  -1.327852  0.078343  2.000000  0.999471  0.001532  0.032476  -0.032468  -0.004800  0.999461  0.001687  -0.999987  -0.004748  0.999652  0.001294  0.026343  -0.001374  0.999994  0.003028  -0.026339  -0.003063  0.999648  1.000000  0.000017  0.000329  -0.000017  1.000000  0.000038  -0.000329  -0.000038  1.000000  0.999471  0.001532  0.032476  -0.032468  -0.004800  0.999461  0.001687  -0.999987  -0.004748  0.000336  0.026553  
181.349456 0.004635  0.095887  0.004181  0.984694  0.173338  0.018224  -0.020680  0.012374  0.999710  0.173063  -0.984785  0.015769  0.001764  -0.003483  -0.004414  0.166029  -1.317370  0.064417  2.000000  0.999428  0.001582  0.033792  -0.033784  -0.004954  0.999417  0.001749  -0.999986  -0.004898  0.999652  0.001030  0.026346  -0.001110  0.999995  0.003032  -0.026343  -0.003060  0.999648  1.000000  0.000013  0.000329  -0.000013  1.000000  0.000038  -0.000329  -0.000038  1.000000  0.999428  0.001582  0.033792  -0.033784  -0.004954  0.999417  0.001749  -0.999986  -0.004898  0.000334  0.026545  
181.350708 0.004638  0.095885  0.004172  0.984676  0.173353  0.019006  -0.021491  0.012473  0.999691  0.173063  -0.984781  0.016008  0.001898  -0.003541  -0.005017  0.152265  -1.287487  0.055499  2.000000  0.999372  0.001642  0.035400  -0.035392  -0.005139  0.999360  0.001823  -0.999985  -0.005077  0.999679  0.001024  0.025332  -0.001094  0.999996  0.002733  -0.025330  -0.002760  0.999675  1.000000  0.000013  0.000317  -0.000013  1.000000  0.000034  -0.000317  -0.000034  1.000000  0.999372  0.001642  0.035400  -0.035392  -0.005139  0.999360  0.001823  -0.999985  -0.005077  0.000329  0.025504  
181.351709 0.004641  0.095884  0.004165  0.984658  0.173366  0.019808  -0.022302  0.012452  0.999674  0.173063  -0.984779  0.016127  0.001983  -0.003442  -0.005362  0.145796  -1.273811  0.055368  2.000000  0.999327  0.001684  0.036636  -0.036627  -0.005274  0.999315  0.001876  -0.999985  -0.005209  0.999699  0.000884  0.024523  -0.000948  0.999996  0.002595  -0.024521  -0.002617  0.999696  1.000000  0.000011  0.000307  -0.000011  1.000000  0.000033  -0.000307  -0.000033  1.000000  0.999327  0.001684  0.036636  -0.036627  -0.005274  0.999315  0.001876  -0.999985  -0.005209  0.000321  0.024680  
181.352955 0.004644  0.095883  0.004156  0.984640  0.173381  0.020589  -0.023113  0.012552  0.999654  0.173063  -0.984775  0.016366  0.002062  -0.003202  -0.005745  0.132875  -1.246617  0.055107  2.000000  0.999271  0.001735  0.038128  -0.038118  -0.005430  0.999258  0.001940  -0.999984  -0.005360  0.999723  0.000877  0.023509  -0.000932  0.999997  0.002296  -0.023507  -0.002318  0.999721  1.000000  0.000011  0.000294  -0.000011  1.000000  0.000029  -0.000294  -0.000029  1.000000  0.999271  0.001735  0.038128  -0.038118  -0.005430  0.999258  0.001940  -0.999984  -0.005360  0.000315  0.023641  
181.354206 0.004648  0.095883  0.004147  0.984602  0.173526  0.021162  -0.023721  0.012684  0.999638  0.173194  -0.984748  0.016605  0.002200  -0.002863  -0.006138  0.117864  -1.202564  0.058745  2.000000  0.999217  0.001788  0.039533  -0.039522  -0.005565  0.999203  0.002007  -0.999983  -0.005490  0.999760  0.000996  0.021885  -0.001038  0.999998  0.001892  -0.021883  -0.001914  0.999759  1.000000  0.000013  0.000274  -0.000013  1.000000  0.000024  -0.000274  -0.000024  1.000000  0.999217  0.001788  0.039533  -0.039522  -0.005565  0.999203  0.002007  -0.999983  -0.005490  0.000304  0.021992  
181.355455 0.004652  0.095883  0.004138  0.984592  0.173536  0.021532  -0.024126  0.012855  0.999626  0.173194  -0.984744  0.016844  0.002354  -0.002491  -0.006480  0.102912  -1.144608  0.053898  2.000000  0.999163  0.001847  0.040862  -0.040851  -0.005679  0.999149  0.002077  -0.999982  -0.005598  0.999782  0.000988  0.020871  -0.001021  0.999998  0.001593  -0.020870  -0.001614  0.999781  1.000000  0.000013  0.000261  -0.000013  1.000000  0.000020  -0.000261  -0.000020  1.000000  0.999163  0.001847  0.040862  -0.040851  -0.005679  0.999149  0.002077  -0.999982  -0.005598  0.000292  0.020958  
181.356456 0.004655  0.095883  0.004130  0.984559  0.173678  0.021899  -0.024531  0.013023  0.999614  0.173326  -0.984716  0.017082  0.002486  -0.002226  -0.006701  0.093007  -1.110486  0.053567  2.000000  0.999121  0.001894  0.041867  -0.041855  -0.005748  0.999107  0.002133  -0.999982  -0.005664  0.999802  0.000979  0.019857  -0.001002  0.999999  0.001176  -0.019856  -0.001195  0.999802  1.000000  0.000012  0.000248  -0.000012  1.000000  0.000015  -0.000248  -0.000015  1.000000  0.999121  0.001894  0.041867  -0.041855  -0.005748  0.999107  0.002133  -0.999982  -0.005664  0.000282  0.019918  
181.357461 0.004659  0.095883  0.004122  0.984549  0.173689  0.022268  -0.024936  0.013194  0.999602  0.173326  -0.984712  0.017321  0.002632  -0.001861  -0.006937  0.078859  -1.076228  0.053149  2.000000  0.999091  0.001929  0.042588  -0.042576  -0.005792  0.999076  0.002174  -0.999981  -0.005704  0.999818  0.000970  0.019046  -0.000990  0.999999  0.001034  -0.019045  -0.001053  0.999818  1.000000  0.000012  0.000238  -0.000012  1.000000  0.000013  -0.000238  -0.000013  1.000000  0.999091  0.001929  0.042588  -0.042576  -0.005792  0.999076  0.002174  -0.999981  -0.005704  0.000274  0.019100  
181.358461 0.004663  0.095884  0.004113  0.984538  0.173700  0.022638  -0.025342  0.013365  0.999590  0.173326  -0.984708  0.017560  0.002755  -0.001561  -0.007105  0.070066  -1.048983  0.048407  2.000000  0.999051  0.001969  0.043507  -0.043495  -0.005834  0.999037  0.002221  -0.999981  -0.005743  0.999837  0.000826  0.018034  -0.000839  0.999999  0.000738  -0.018033  -0.000753  0.999837  1.000000  0.000010  0.000225  -0.000010  1.000000  0.000009  -0.000225  -0.000009  1.000000  0.999051  0.001969  0.043507  -0.043495  -0.005834  0.999037  0.002221  -0.999981  -0.005743  0.000266  0.018069  
181.359706 0.004669  0.095885  0.004102  0.984528  0.173711  0.023007  -0.025747  0.013536  0.999577  0.173326  -0.984704  0.017799  0.002955  -0.001182  -0.007281  0.056431  -0.994669  0.047719  2.000000  0.999004  0.002019  0.044575  -0.044562  -0.005859  0.998989  0.002278  -0.999981  -0.005763  0.999862  0.000811  0.016615  -0.000813  1.000000  0.000125  -0.016615  -0.000139  0.999862  1.000000  0.000010  0.000208  -0.000010  1.000000  0.000002  -0.000208  -0.000002  1.000000  0.999004  0.002019  0.044575  -0.044562  -0.005859  0.998989  0.002278  -0.999981  -0.005763  0.000254  0.016636  
181.360708 0.004674  0.095886  0.004094  0.984523  0.173719  0.023171  -0.025950  0.013742  0.999569  0.173326  -0.984699  0.018038  0.003187  -0.000829  -0.007406  0.047234  -0.959391  0.042595  2.000000  0.998969  0.002059  0.045359  -0.045346  -0.005856  0.998954  0.002323  -0.999981  -0.005757  0.999884  0.000793  0.015195  -0.000790  1.000000  -0.000245  -0.015196  0.000233  0.999885  1.000000  0.000010  0.000190  -0.000010  1.000000  -0.000003  -0.000190  0.000003  1.000000  0.998969  0.002059  0.045359  -0.045346  -0.005856  0.998954  0.002323  -0.999981  -0.005757  0.000242  0.015219  
181.361960 0.004681  0.095888  0.004084  0.984489  0.173865  0.023517  -0.026354  0.014031  0.999554  0.173458  -0.984669  0.018396  0.003553  -0.000314  -0.007537  0.030892  -0.911810  0.046487  2.000000  0.998928  0.002113  0.046252  -0.046239  -0.005825  0.998913  0.002380  -0.999981  -0.005721  0.999905  0.000908  0.013774  -0.000898  0.999999  -0.000736  -0.013774  0.000724  0.999905  1.000000  0.000011  0.000172  -0.000011  1.000000  -0.000009  -0.000172  0.000009  1.000000  0.998928  0.002113  0.046252  -0.046239  -0.005825  0.998913  0.002380  -0.999981  -0.005721  0.000228  0.013823  
181.363209 0.004689  0.095889  0.004075  0.984460  0.174006  0.023678  -0.026556  0.014234  0.999546  0.173590  -0.984642  0.018634  0.003845  -0.000012  -0.007631  0.015156  -0.851024  0.050376  2.000000  0.998890  0.002176  0.047063  -0.047050  -0.005760  0.998876  0.002445  -0.999981  -0.005651  0.999923  0.001023  0.012352  -0.001007  0.999999  -0.001349  -0.012353  0.001336  0.999923  1.000000  0.000013  0.000154  -0.000013  1.000000  -0.000017  -0.000154  0.000017  1.000000  0.998890  0.002176  0.047063  -0.047050  -0.005760  0.998876  0.002445  -0.999981  -0.005651  0.000217  0.012467  
181.364455 0.004697  0.095891  0.004065  0.984408  0.174281  0.023815  -0.026758  0.014555  0.999536  0.173853  -0.984588  0.018991  0.004156  0.000256  -0.007711  -0.000072  -0.803482  0.058401  2.000000  0.998855  0.002245  0.047794  -0.047781  -0.005664  0.998842  0.002514  -0.999981  -0.005551  0.999938  0.001007  0.011135  -0.000987  0.999998  -0.001803  -0.011137  0.001792  0.999936  1.000000  0.000012  0.000139  -0.000012  1.000000  -0.000022  -0.000139  0.000022  1.000000  0.998855  0.002245  0.047794  -0.047781  -0.005664  0.998842  0.002514  -0.999981  -0.005551  0.000203  0.011324  
181.365457 0.004704  0.095892  0.004056  0.984408  0.174286  0.023773  -0.026758  0.014797  0.999532  0.173853  -0.984584  0.019230  0.004477  0.000493  -0.007839  -0.018963  -0.748824  0.053423  2.000000  0.998835  0.002291  0.048196  -0.048182  -0.005592  0.998823  0.002558  -0.999982  -0.005475  0.999944  0.001132  0.010524  -0.001110  0.999997  -0.002152  -0.010526  0.002141  0.999942  1.000000  0.000014  0.000132  -0.000014  1.000000  -0.000027  -0.000132  0.000027  1.000000  0.998835  0.002291  0.048196  -0.048182  -0.005592  0.998823  0.002558  -0.999982  -0.005475  0.000191  0.010800  
181.366705 0.004712  0.095893  0.004046  0.984379  0.174430  0.023913  -0.026960  0.015122  0.999522  0.173985  -0.984553  0.019588  0.004748  0.000611  -0.007949  -0.033981  -0.702016  0.056912  2.000000  0.998805  0.002366  0.048807  -0.048793  -0.005447  0.998794  0.002629  -0.999982  -0.005325  0.999954  0.001118  0.009509  -0.001094  0.999996  -0.002572  -0.009512  0.002561  0.999951  1.000000  0.000014  0.000119  -0.000014  1.000000  -0.000032  -0.000119  0.000032  1.000000  0.998805  0.002366  0.048807  -0.048793  -0.005447  0.998794  0.002629  -0.999982  -0.005325  0.000180  0.009913  
181.367707 0.004719  0.095894  0.004038  0.984356  0.174567  0.023868  -0.026959  0.015360  0.999519  0.174117  -0.984525  0.019826  0.005114  0.000742  -0.008021  -0.049043  -0.646427  0.056421  2.000000  0.998783  0.002427  0.049253  -0.049240  -0.005314  0.998773  0.002686  -0.999983  -0.005188  0.999963  0.001101  0.008495  -0.001077  0.999995  -0.002870  -0.008498  0.002860  0.999960  1.000000  0.000014  0.000106  -0.000014  1.000000  -0.000036  -0.000106  0.000036  1.000000  0.998783  0.002427  0.049253  -0.049240  -0.005314  0.998773  0.002686  -0.999983  -0.005188  0.000166  0.009033  
181.368956 0.004728  0.095896  0.004028  0.984327  0.174711  0.024007  -0.027161  0.015685  0.999508  0.174248  -0.984495  0.020184  0.005452  0.000829  -0.008044  -0.070844  -0.591908  0.060068  2.000000  0.998758  0.002504  0.049756  -0.049742  -0.005127  0.998749  0.002756  -0.999984  -0.004996  0.999970  0.001089  0.007684  -0.001064  0.999994  -0.003255  -0.007688  0.003247  0.999965  1.000000  0.000013  0.000096  -0.000013  1.000000  -0.000041  -0.000096  0.000041  1.000000  0.998758  0.002504  0.049756  -0.049742  -0.005127  0.998749  0.002756  -0.999984  -0.004996  0.000155  0.008414  
181.369957 0.004736  0.095897  0.004022  0.984327  0.174720  0.023944  -0.027161  0.016048  0.999502  0.174248  -0.984487  0.020542  0.005716  0.000898  -0.007994  -0.086265  -0.551410  0.059513  2.000000  0.998741  0.002579  0.050096  -0.050082  -0.004961  0.998733  0.002824  -0.999984  -0.004825  0.999978  0.001335  0.006462  -0.001312  0.999993  -0.003591  -0.006467  0.003582  0.999973  1.000000  0.000017  0.000081  -0.000017  1.000000  -0.000045  -0.000081  0.000045  1.000000  0.998741  0.002579  0.050096  -0.050082  -0.004961  0.998733  0.002824  -0.999984  -0.004825  0.000142  0.007510  
181.371205 0.004745  0.095898  0.004013  0.984304  0.174860  0.023877  -0.027161  0.016408  0.999496  0.174380  -0.984457  0.020900  0.006012  0.000989  -0.007924  -0.105950  -0.499185  0.062687  2.000000  0.998722  0.002678  0.050463  -0.050450  -0.004730  0.998715  0.002913  -0.999985  -0.004589  0.999983  0.001455  0.005648  -0.001433  0.999992  -0.003855  -0.005653  0.003846  0.999977  1.000000  0.000018  0.000071  -0.000018  1.000000  -0.000048  -0.000071  0.000048  1.000000  0.998722  0.002678  0.050463  -0.050450  -0.004730  0.998715  0.002913  -0.999985  -0.004589  0.000131  0.006989  
181.372205 0.004752  0.095900  0.004007  0.984280  0.175000  0.023811  -0.027160  0.016768  0.999490  0.174512  -0.984426  0.021258  0.006218  0.001113  -0.007810  -0.125201  -0.458527  0.066487  2.000000  0.998712  0.002741  0.050659  -0.050646  -0.004582  0.998706  0.002970  -0.999986  -0.004437  0.999987  0.001574  0.004834  -0.001553  0.999990  -0.004240  -0.004840  0.004232  0.999979  1.000000  0.000000  0.000000  0.000000  1.000000  0.000000  0.000000  0.000000  1.000000  0.998712  0.002741  0.050659  -0.050646  -0.004582  0.998706  0.002970  -0.999986  -0.004437  0.000123  0.000000  
181.373530 0.004760  0.095902  0.004000  0.984257  0.175141  0.023744  -0.027159  0.017129  0.999484  0.174644  -0.984394  0.021616  0.006498  0.001243  -0.007510  -0.144769  -0.399893  0.065824  2.000000  0.998712  0.002741  0.050659  -0.050646  -0.004582  0.998706  0.002970  -0.999986  -0.004437  0.999990  0.001692  0.004019  -0.001674  0.999988  -0.004503  -0.004027  0.004497  0.999982  1.000000  0.000000  0.000000  0.000000  1.000000  0.000000  0.000000  0.000000  1.000000  0.998712  0.002741  0.050659  -0.050646  -0.004582  0.998706  0.002970  -0.999986  -0.004437  0.000112  0.000000  
181.374756 0.004769  0.095905  0.003993  0.984234  0.175284  0.023656  -0.027159  0.017610  0.999476  0.174775  -0.984360  0.022093  0.006726  0.001345  -0.007259  -0.169516  -0.352561  0.065067  2.000000  0.998712  0.002741  0.050659  -0.050646  -0.004582  0.998706  0.002970  -0.999986  -0.004437  0.999992  0.001552  0.003616  -0.001534  0.999987  -0.004817  -0.003623  0.004811  0.999982  1.000000  0.000000  0.000000  0.000000  1.000000  0.000000  0.000000  0.000000  1.000000  0.998712  0.002741  0.050659  -0.050646  -0.004582  0.998706  0.002970  -0.999986  -0.004437  0.000102  0.000000  
181.375968 0.004778  0.095907  0.003987  0.984239  0.175289  0.023387  -0.026956  0.018010  0.999474  0.174775  -0.984352  0.022451  0.006861  0.001419  -0.007002  -0.185114  -0.312158  0.064455  2.000000  0.998706  0.002814  0.050776  -0.050764  -0.004391  0.998701  0.003033  -0.999986  -0.004242  0.999994  0.001674  0.003004  -0.001658  0.999985  -0.005287  -0.003013  0.005282  0.999982  1.000000  0.000021  0.000038  -0.000021  1.000000  -0.000066  -0.000038  0.000066  1.000000  0.998706  0.002814  0.050776  -0.050764  -0.004391  0.998701  0.003033  -0.999986  -0.004242  0.000094  0.006305  
181.377208 0.004787  0.095910  0.003981  0.984216  0.175432  0.023298  -0.026955  0.018491  0.999466  0.174907  -0.984318  0.022928  0.006945  0.001448  -0.006775  -0.201748  -0.275932  0.063391  2.000000  0.998697  0.002931  0.050940  -0.050928  -0.004062  0.998694  0.003134  -0.999987  -0.003908  0.999996  0.001527  0.002398  -0.001514  0.999984  -0.005394  -0.002407  0.005390  0.999983  1.000000  0.000019  0.000030  -0.000019  1.000000  -0.000067  -0.000030  0.000067  1.000000  0.998697  0.002931  0.050940  -0.050928  -0.004062  0.998694  0.003134  -0.999987  -0.003908  0.000087  0.006096  
181.378460 0.004795  0.095912  0.003975  0.984216  0.175443  0.023213  -0.026955  0.018976  0.999457  0.174907  -0.984307  0.023406  0.006947  0.001440  -0.006508  -0.218825  -0.237234  0.067703  2.000000  0.998690  0.003052  0.051069  -0.051057  -0.003717  0.998689  0.003237  -0.999988  -0.003556  0.999997  0.001648  0.001786  -0.001638  0.999982  -0.005744  -0.001796  0.005741  0.999982  1.000000  0.000021  0.000022  -0.000021  1.000000  -0.000072  -0.000022  0.000072  1.000000  0.998690  0.003052  0.051069  -0.051057  -0.003717  0.998689  0.003237  -0.999988  -0.003556  0.000084  0.006235  
181.379709 0.004803  0.095913  0.003970  0.984221  0.175450  0.022922  -0.026753  0.019497  0.999452  0.174907  -0.984295  0.023883  0.006936  0.001454  -0.006150  -0.236276  -0.194677  0.066386  2.000000  0.998685  0.003173  0.051167  -0.051156  -0.003355  0.998685  0.003340  -0.999989  -0.003189  0.999998  0.001639  0.001380  -0.001631  0.999981  -0.005936  -0.001390  0.005934  0.999981  1.000000  0.000020  0.000017  -0.000020  1.000000  -0.000074  -0.000017  0.000074  1.000000  0.998685  0.003173  0.051167  -0.051156  -0.003355  0.998685  0.003340  -0.999989  -0.003189  0.000080  0.006310  
181.380959 0.004810  0.095914  0.003964  0.984198  0.175593  0.022834  -0.026752  0.019978  0.999442  0.175039  -0.984260  0.024360  0.006857  0.001450  -0.005817  -0.252397  -0.162110  0.070803  2.000000  0.998682  0.003301  0.051227  -0.051217  -0.002975  0.998683  0.003449  -0.999990  -0.002802  0.999998  0.001759  0.000768  -0.001754  0.999979  -0.006286  -0.000779  0.006285  0.999980  1.000000  0.000022  0.000010  -0.000022  1.000000  -0.000079  -0.000010  0.000079  1.000000  0.998682  0.003301  0.051227  -0.051217  -0.002975  0.998683  0.003449  -0.999990  -0.002802  0.000078  0.006572  
181.382209 0.004818  0.095915  0.003960  0.984198  0.175604  0.022749  -0.026752  0.020463  0.999433  0.175039  -0.984248  0.024838  0.006803  0.001457  -0.005422  -0.269416  -0.134825  0.070276  2.000000  0.998680  0.003405  0.051259  -0.051250  -0.002657  0.998682  0.003537  -0.999991  -0.002479  0.999998  0.001754  0.000564  -0.001750  0.999977  -0.006564  -0.000576  0.006563  0.999978  1.000000  0.000022  0.000007  -0.000022  1.000000  -0.000082  -0.000007  0.000082  1.000000  0.998680  0.003405  0.051259  -0.051250  -0.002657  0.998682  0.003537  -0.999991  -0.002479  0.000076  0.006817  
181.383455 0.004825  0.095916  0.003955  0.984175  0.175747  0.022660  -0.026752  0.020945  0.999423  0.175171  -0.984213  0.025315  0.006664  0.001397  -0.005086  -0.278897  -0.113342  0.073784  2.000000  0.998678  0.003530  0.051286  -0.051278  -0.002247  0.998682  0.003641  -0.999991  -0.002063  0.999999  0.001615  0.000364  -0.001613  0.999976  -0.006721  -0.000375  0.006720  0.999977  1.000000  0.000020  0.000005  -0.000020  1.000000  -0.000084  -0.000005  0.000084  1.000000  0.998678  0.003530  0.051286  -0.051278  -0.002247  0.998682  0.003641  -0.999991  -0.002063  0.000078  0.006922  
181.384707 0.004831  0.095915  0.003951  0.984175  0.175755  0.022596  -0.026752  0.021308  0.999415  0.175171  -0.984203  0.025673  0.006519  0.001264  -0.004803  -0.288902  -0.093921  0.069497  2.000000  0.998677  0.003650  0.051300  -0.051293  -0.001824  0.998682  0.003738  -0.999992  -0.001634  0.999999  0.001477  0.000164  -0.001475  0.999975  -0.006878  -0.000174  0.006878  0.999976  1.000000  0.000018  0.000002  -0.000018  1.000000  -0.000086  -0.000002  0.000086  1.000000  0.998677  0.003650  0.051300  -0.051293  -0.001824  0.998682  0.003738  -0.999992  -0.001634  0.000079  0.007037  
181.385708 0.004836  0.095915  0.003948  0.984169  0.175768  0.022738  -0.026954  0.021636  0.999403  0.175171  -0.984194  0.026031  0.006341  0.001151  -0.004532  -0.294160  -0.087179  0.064876  2.000000  0.998676  0.003738  0.051309  -0.051304  -0.001481  0.998682  0.003809  -0.999992  -0.001288  0.999999  0.001343  0.000167  -0.001342  0.999975  -0.006999  -0.000177  0.006999  0.999975  1.000000  0.000017  0.000002  -0.000017  1.000000  -0.000087  -0.000002  0.000087  1.000000  0.998676  0.003738  0.051309  -0.051304  -0.001481  0.998682  0.003809  -0.999992  -0.001288  0.000079  0.007129  
