1-Time 2-Px 3-Py 4-Pz 5-R11 6-R21 7-R31 8-R12 9-R22 10-R32 11-R13 12-R23 13-R33 14-Vx 15-Vy 16-Vz 17-Wx 18-Wy 19-Wz 20-state 21-PR11 22-PR21 23-PR31 24-PR12 25-PR22 26-PR32 27-PR13 28-PR23 29-PR33 
92.989498 0.002446  0.094914  0.006372  0.991410  0.129651  0.017205  -0.130349  0.990264  0.048854  -0.010704  -0.050678  0.998658  0.000121  0.000123  -0.000314  0.000000  0.000000  0.000000  2.000000  1.000000  0.000000  0.000000  -0.000000  1.000000  0.000000  0.000000  -0.000000  1.000000  1.000000  0.000617  0.000031  -0.000617  1.000000  -0.000007  -0.000031  0.000007  1.000000  1.000000  0.000000  0.000000  0.000000  1.000000  0.000000  0.000000  0.000000  1.000000  0.777518  0.370095  0.508424  -0.466220  0.881808  0.071085  -0.422024  -0.292307  0.858168  0.000000  0.000000  
92.990505 0.002446  0.094913  0.006372  0.991410  0.129651  0.017205  -0.130349  0.990264  0.048854  -0.010704  -0.050678  0.998658  0.000134  0.000079  -0.000290  0.000000  0.000000  0.000000  2.000000  1.000000  0.000000  0.000000  0.000000  1.000000  0.000000  0.000000  0.000000  1.000000  1.000000  0.000617  0.000031  -0.000617  1.000000  -0.000007  -0.000031  0.000007  1.000000  1.000000  0.000000  0.000000  0.000000  1.000000  0.000000  0.000000  0.000000  1.000000  1.000000  0.000000  0.000000  0.000000  1.000000  0.000000  0.000000  0.000000  1.000000  0.000000  0.000000  
92.991755 0.002446  0.094912  0.006374  0.991276  0.130668  0.017271  -0.131369  0.990124  0.048957  -0.010704  -0.050799  0.998652  0.000110  0.000026  -0.000167  0.000000  0.000000  0.000000  2.000000  1.000000  0.000000  0.000000  0.000000  1.000000  0.000000  0.000000  0.000000  1.000000  0.999999  0.001234  0.000063  -0.001234  0.999999  0.000108  -0.000063  -0.000108  1.000000  1.000000  0.000000  0.000000  0.000000  1.000000  0.000000  0.000000  0.000000  1.000000  1.000000  0.000000  0.000000  0.000000  1.000000  0.000000  0.000000  0.000000  1.000000  0.000000  0.000000  
92.992780 0.002446  0.094912  0.006375  0.991166  0.131474  0.017460  -0.132185  0.990011  0.049045  -0.010837  -0.050920  0.998644  0.000151  -0.000029  -0.000070  0.000000  0.000000  0.000000  2.000000  1.000000  0.000000  0.000000  0.000000  1.000000  0.000000  0.000000  0.000000  1.000000  0.999997  0.002255  0.000249  -0.002255  0.999997  0.000218  -0.000248  -0.000218  1.000000  1.000000  0.000000  0.000000  0.000000  1.000000  0.000000  0.000000  0.000000  1.000000  1.000000  0.000000  0.000000  0.000000  1.000000  0.000000  0.000000  0.000000  1.000000  0.000000  0.000000  
92.994005 0.002446  0.094910  0.006377  0.991028  0.132482  0.017675  -0.133205  0.989864  0.049249  -0.010971  -0.051162  0.998630  0.000146  -0.000188  0.000140  0.000000  0.000000  0.000000  2.000000  1.000000  0.000000  0.000000  0.000000  1.000000  0.000000  0.000000  0.000000  1.000000  0.999995  0.003276  0.000435  -0.003276  0.999995  0.000327  -0.000434  -0.000329  1.000000  1.000000  0.000000  0.000000  0.000000  1.000000  0.000000  0.000000  0.000000  1.000000  1.000000  0.000000  0.000000  0.000000  1.000000  0.000000  0.000000  0.000000  1.000000  0.000000  0.000000  
92.995258 0.002447  0.094908  0.006380  0.990918  0.133295  0.017732  -0.134021  0.989749  0.049355  -0.010971  -0.051283  0.998624  0.000170  -0.000318  0.000372  0.000000  0.000000  0.000000  2.000000  1.000000  0.000000  0.000000  0.000000  1.000000  0.000000  0.000000  0.000000  1.000000  0.999991  0.004098  0.000478  -0.004098  0.999991  0.000561  -0.000476  -0.000563  1.000000  1.000000  0.000000  0.000000  0.000000  1.000000  0.000000  0.000000  0.000000  1.000000  1.000000  0.000000  0.000000  0.000000  1.000000  0.000000  0.000000  0.000000  1.000000  0.000000  0.000000  
92.996506 0.002447  0.094907  0.006384  0.990807  0.134106  0.017805  -0.134837  0.989627  0.049580  -0.010971  -0.051525  0.998611  0.000158  -0.000418  0.000650  0.026567  -0.013680  0.179369  2.000000  1.000000  0.000000  0.000000  0.000000  1.000000  0.000000  0.000000  0.000000  1.000000  0.999988  0.004920  0.000522  -0.004921  0.999988  0.000794  -0.000518  -0.000797  1.000000  1.000000  0.000000  0.000000  0.000000  1.000000  0.000000  0.000000  0.000000  1.000000  1.000000  0.000000  0.000000  0.000000  1.000000  0.000000  0.000000  0.000000  1.000000  0.000044  0.000000  
92.997756 0.002447  0.094906  0.006388  0.990643  0.135338  0.017634  -0.136061  0.989446  0.049835  -0.010704  -0.051768  0.998602  0.000133  -0.000514  0.000959  0.034384  -0.010984  0.214137  2.000000  1.000000  0.000272  0.000021  -0.000272  1.000000  0.000046  -0.000021  -0.000046  1.000000  0.999983  0.005756  0.000298  -0.005757  0.999983  0.001029  -0.000292  -0.001031  0.999999  1.000000  0.000072  0.000004  -0.000072  1.000000  0.000013  -0.000004  -0.000013  1.000000  1.000000  0.000272  0.000021  -0.000272  1.000000  0.000046  -0.000021  -0.000046  1.000000  0.000051  0.005855  
92.998757 0.002447  0.094905  0.006392  0.990505  0.136366  0.017454  -0.137081  0.989292  0.050093  -0.010436  -0.052010  0.998592  0.000115  -0.000593  0.001226  0.042196  -0.003806  0.249126  2.000000  1.000000  0.000599  0.000032  -0.000599  1.000000  0.000100  -0.000032  -0.000100  1.000000  0.999975  0.006997  0.000229  -0.006997  0.999975  0.001138  -0.000221  -0.001139  0.999999  1.000000  0.000087  0.000003  -0.000087  1.000000  0.000014  -0.000003  -0.000014  1.000000  1.000000  0.000599  0.000032  -0.000599  1.000000  0.000100  -0.000032  -0.000100  1.000000  0.000061  0.007092  
93.000005 0.002447  0.094904  0.006395  0.990278  0.137990  0.017570  -0.138712  0.989054  0.050304  -0.010436  -0.052252  0.998579  0.000126  -0.000643  0.001514  0.049777  -0.006686  0.304476  2.000000  0.999999  0.001093  0.000041  -0.001093  0.999999  0.000181  -0.000041  -0.000181  1.000000  0.999963  0.008648  0.000183  -0.008648  0.999962  0.001363  -0.000171  -0.001365  0.999999  1.000000  0.000108  0.000002  -0.000108  1.000000  0.000017  -0.000002  -0.000017  1.000000  0.999999  0.001093  0.000041  -0.001093  0.999999  0.000181  -0.000041  -0.000181  1.000000  0.000075  0.008757  
93.001252 0.002448  0.094903  0.006399  0.990019  0.139818  0.017697  -0.140547  0.988785  0.050511  -0.010436  -0.052495  0.998567  0.000152  -0.000697  0.001774  0.057263  -0.009934  0.366604  2.000000  0.999999  0.001693  0.000055  -0.001693  0.999999  0.000279  -0.000055  -0.000279  1.000000  0.999947  0.010293  0.000273  -0.010293  0.999946  0.001709  -0.000255  -0.001712  0.999999  1.000000  0.000129  0.000003  -0.000129  1.000000  0.000021  -0.000003  -0.000021  1.000000  0.999999  0.001693  0.000055  -0.001693  0.999999  0.000279  -0.000055  -0.000279  1.000000  0.000089  0.010438  
93.002506 0.002450  0.094903  0.006404  0.989785  0.141435  0.017947  -0.142177  0.988542  0.050703  -0.010570  -0.052737  0.998553  0.000267  -0.000666  0.002094  0.064795  -0.017328  0.421595  2.000000  0.999997  0.002400  0.000079  -0.002400  0.999997  0.000391  -0.000078  -0.000392  1.000000  0.999929  0.011930  0.000495  -0.011931  0.999927  0.001932  -0.000472  -0.001938  0.999998  1.000000  0.000149  0.000006  -0.000149  1.000000  0.000024  -0.000006  -0.000024  1.000000  0.999997  0.002400  0.000079  -0.002400  0.999997  0.000391  -0.000078  -0.000392  1.000000  0.000103  0.012096  
93.003752 0.002452  0.094905  0.006410  0.989518  0.143255  0.018208  -0.144011  0.988267  0.050890  -0.010704  -0.052979  0.998538  0.000405  -0.000588  0.002559  0.072279  -0.025105  0.483714  2.000000  0.999995  0.003217  0.000117  -0.003217  0.999995  0.000519  -0.000115  -0.000519  1.000000  0.999905  0.013773  0.000730  -0.013774  0.999903  0.002152  -0.000700  -0.002162  0.999997  1.000000  0.000172  0.000009  -0.000172  1.000000  0.000027  -0.000009  -0.000027  1.000000  0.999995  0.003217  0.000117  -0.003217  0.999995  0.000519  -0.000115  -0.000519  1.000000  0.000119  0.013960  
93.005001 0.002453  0.094905  0.006417  0.989250  0.145080  0.018355  -0.145844  0.987981  0.051216  -0.010704  -0.053342  0.998519  0.000511  -0.000551  0.002965  0.083876  -0.028443  0.546110  2.000000  0.999991  0.004140  0.000165  -0.004140  0.999991  0.000662  -0.000162  -0.000663  1.000000  0.999881  0.015417  0.000820  -0.015419  0.999878  0.002376  -0.000784  -0.002388  0.999997  1.000000  0.000193  0.000010  -0.000193  1.000000  0.000030  -0.000010  -0.000030  1.000000  0.999991  0.004140  0.000165  -0.004140  0.999991  0.000662  -0.000162  -0.000663  1.000000  0.000135  0.015622  
93.006005 0.002455  0.094905  0.006422  0.989008  0.146702  0.018475  -0.147473  0.987728  0.051425  -0.010704  -0.053585  0.998506  0.000649  -0.000533  0.003307  0.091376  -0.031375  0.600992  2.000000  0.999989  0.004759  0.000198  -0.004759  0.999988  0.000758  -0.000194  -0.000759  1.000000  0.999854  0.017061  0.000912  -0.017063  0.999851  0.002599  -0.000867  -0.002614  0.999996  1.000000  0.000213  0.000011  -0.000213  1.000000  0.000033  -0.000011  -0.000033  1.000000  0.999989  0.004759  0.000198  -0.004759  0.999988  0.000758  -0.000194  -0.000759  1.000000  0.000149  0.017284  
93.007262 0.002457  0.094904  0.006428  0.988765  0.148331  0.018463  -0.149102  0.987472  0.051654  -0.010570  -0.053827  0.998494  0.000748  -0.000534  0.003576  0.099022  -0.029479  0.649378  2.000000  0.999983  0.005893  0.000251  -0.005893  0.999982  0.000934  -0.000246  -0.000936  1.000000  0.999821  0.018918  0.000884  -0.018920  0.999817  0.002944  -0.000828  -0.002960  0.999995  1.000000  0.000237  0.000011  -0.000237  1.000000  0.000037  -0.000011  -0.000037  1.000000  0.999983  0.005893  0.000251  -0.005893  0.999982  0.000934  -0.000246  -0.000936  1.000000  0.000163  0.019168  
93.008505 0.002459  0.094902  0.006433  0.988458  0.150364  0.018492  -0.151137  0.987144  0.051996  -0.010436  -0.054190  0.998476  0.000862  -0.000574  0.003780  0.110593  -0.028745  0.718898  2.000000  0.999974  0.007140  0.000303  -0.007140  0.999974  0.001128  -0.000295  -0.001130  0.999999  0.999784  0.020774  0.000857  -0.020777  0.999779  0.003289  -0.000789  -0.003306  0.999994  1.000000  0.000260  0.000010  -0.000260  1.000000  0.000041  -0.000010  -0.000041  1.000000  0.999974  0.007140  0.000303  -0.007140  0.999974  0.001128  -0.000295  -0.001130  0.999999  0.000179  0.021053  
93.009506 0.002461  0.094900  0.006438  0.988239  0.151780  0.018622  -0.152562  0.986908  0.052328  -0.010436  -0.054554  0.998456  0.000977  -0.000581  0.003982  0.122288  -0.031418  0.767125  2.000000  0.999966  0.008215  0.000347  -0.008215  0.999965  0.001300  -0.000337  -0.001303  0.999999  0.999757  0.022007  0.000929  -0.022010  0.999752  0.003517  -0.000852  -0.003537  0.999993  1.000000  0.000275  0.000011  -0.000275  1.000000  0.000044  -0.000011  -0.000044  1.000000  0.999966  0.008215  0.000347  -0.008215  0.999965  0.001300  -0.000337  -0.001303  0.999999  0.000191  0.022309  
93.010756 0.002463  0.094896  0.006444  0.987954  0.153601  0.018775  -0.154392  0.986606  0.052652  -0.010436  -0.054917  0.998436  0.001131  -0.000715  0.004162  0.133863  -0.034847  0.829335  2.000000  0.999953  0.009665  0.000409  -0.009665  0.999952  0.001534  -0.000394  -0.001538  0.999999  0.999715  0.023856  0.001038  -0.023860  0.999708  0.003859  -0.000946  -0.003883  0.999992  1.000000  0.000298  0.000012  -0.000298  1.000000  0.000048  -0.000012  -0.000048  1.000000  0.999953  0.009665  0.000409  -0.009665  0.999952  0.001534  -0.000394  -0.001538  0.999999  0.000207  0.024193  
93.012006 0.002467  0.094892  0.006449  0.987635  0.155625  0.018940  -0.156426  0.986268  0.052973  -0.010436  -0.055280  0.998416  0.001296  -0.000978  0.004248  0.145357  -0.038663  0.898403  2.000000  0.999937  0.011210  0.000477  -0.011210  0.999936  0.001789  -0.000457  -0.001794  0.999998  0.999679  0.025294  0.001129  -0.025299  0.999671  0.004206  -0.001022  -0.004233  0.999991  1.000000  0.000316  0.000013  -0.000316  1.000000  0.000053  -0.000013  -0.000053  1.000000  0.999937  0.011210  0.000477  -0.011210  0.999936  0.001789  -0.000457  -0.001794  0.999998  0.000224  0.025671  
93.013007 0.002469  0.094887  0.006454  0.987408  0.157040  0.019074  -0.157849  0.986024  0.053304  -0.010436  -0.055644  0.998396  0.001489  -0.001197  0.004311  0.157057  -0.041397  0.946669  2.000000  0.999922  0.012485  0.000532  -0.012486  0.999920  0.002002  -0.000507  -0.002008  0.999998  0.999669  0.025712  0.001024  -0.025717  0.999660  0.004322  -0.000913  -0.004347  0.999990  1.000000  0.000321  0.000012  -0.000321  1.000000  0.000054  -0.000012  -0.000054  1.000000  0.999922  0.012485  0.000532  -0.012486  0.999920  0.002002  -0.000507  -0.002008  0.999998  0.000237  0.026098  
93.014256 0.002473  0.094882  0.006459  0.987114  0.158862  0.019211  -0.159678  0.985718  0.053508  -0.010436  -0.055886  0.998383  0.001729  -0.001541  0.004402  0.164633  -0.044463  1.001986  2.000000  0.999905  0.013806  0.000586  -0.013808  0.999902  0.002227  -0.000555  -0.002235  0.999997  0.999642  0.026739  0.001091  -0.026744  0.999632  0.004553  -0.000969  -0.004580  0.999989  1.000000  0.000334  0.000013  -0.000334  1.000000  0.000057  -0.000013  -0.000057  1.000000  0.999905  0.013806  0.000586  -0.013808  0.999902  0.002227  -0.000555  -0.002235  0.999997  0.000251  0.027152  
93.015505 0.002476  0.094875  0.006463  0.986850  0.160478  0.019357  -0.161304  0.985435  0.053835  -0.010436  -0.056249  0.998362  0.001898  -0.001930  0.004483  0.176275  -0.047605  1.057251  2.000000  0.999880  0.015509  0.000648  -0.015510  0.999877  0.002514  -0.000609  -0.002524  0.999997  0.999619  0.027568  0.001013  -0.027573  0.999609  0.004664  -0.000884  -0.004690  0.999989  1.000000  0.000345  0.000012  -0.000345  1.000000  0.000058  -0.000012  -0.000058  1.000000  0.999880  0.015509  0.000648  -0.015510  0.999877  0.002514  -0.000609  -0.002524  0.999997  0.000265  0.027984  
93.016753 0.002479  0.094868  0.006467  0.986616  0.161891  0.019494  -0.162726  0.985183  0.054165  -0.010436  -0.056612  0.998342  0.002052  -0.002387  0.004433  0.188000  -0.050398  1.105666  2.000000  0.999851  0.017260  0.000714  -0.017262  0.999847  0.002811  -0.000665  -0.002823  0.999996  0.999596  0.028390  0.001070  -0.028395  0.999585  0.004896  -0.000930  -0.004925  0.999987  1.000000  0.000355  0.000013  -0.000355  1.000000  0.000061  -0.000012  -0.000061  1.000000  0.999851  0.017260  0.000714  -0.017262  0.999847  0.002811  -0.000665  -0.002823  0.999996  0.000279  0.028835  
93.018001 0.002483  0.094861  0.006470  0.986347  0.163506  0.019642  -0.164351  0.984896  0.054491  -0.010436  -0.056976  0.998321  0.002182  -0.002932  0.004294  0.199651  -0.053582  1.160982  2.000000  0.999818  0.019042  0.000789  -0.019044  0.999814  0.003113  -0.000730  -0.003128  0.999995  0.999591  0.028580  0.001359  -0.028586  0.999579  0.004894  -0.001218  -0.004931  0.999987  1.000000  0.000357  0.000016  -0.000357  1.000000  0.000061  -0.000016  -0.000061  1.000000  0.999818  0.019042  0.000789  -0.019044  0.999814  0.003113  -0.000730  -0.003128  0.999995  0.000291  0.029034  
93.019252 0.002486  0.094854  0.006473  0.986075  0.165118  0.019812  -0.165975  0.984599  0.054937  -0.010436  -0.057460  0.998293  0.002268  -0.003400  0.004077  0.215472  -0.056490  1.209505  2.000000  0.999783  0.020835  0.000885  -0.020838  0.999777  0.003425  -0.000814  -0.003442  0.999994  0.999585  0.028769  0.001648  -0.028777  0.999573  0.005013  -0.001503  -0.005058  0.999986  1.000000  0.000360  0.000020  -0.000360  1.000000  0.000063  -0.000020  -0.000063  1.000000  0.999783  0.020835  0.000885  -0.020838  0.999777  0.003425  -0.000814  -0.003442  0.999994  0.000304  0.029257  
93.020258 0.002489  0.094848  0.006475  0.985868  0.166322  0.020052  -0.167192  0.984382  0.055129  -0.010570  -0.057702  0.998278  0.002308  -0.003914  0.003818  0.221275  -0.062858  1.240475  2.000000  0.999752  0.022271  0.000969  -0.022274  0.999745  0.003682  -0.000887  -0.003703  0.999993  0.999591  0.028563  0.001647  -0.028571  0.999578  0.005257  -0.001496  -0.005302  0.999985  1.000000  0.000357  0.000020  -0.000357  1.000000  0.000066  -0.000020  -0.000066  1.000000  0.999752  0.022271  0.000969  -0.022274  0.999745  0.003682  -0.000887  -0.003703  0.999993  0.000312  0.029098  
93.021501 0.002491  0.094840  0.006478  0.985626  0.167733  0.020193  -0.168613  0.984121  0.055458  -0.010570  -0.058065  0.998257  0.002322  -0.004344  0.003624  0.229062  -0.064652  1.267834  2.000000  0.999710  0.024060  0.001084  -0.024064  0.999702  0.004008  -0.000988  -0.004033  0.999991  0.999591  0.028555  0.001791  -0.028564  0.999578  0.005253  -0.001640  -0.005302  0.999985  1.000000  0.000357  0.000021  -0.000357  1.000000  0.000066  -0.000021  -0.000066  1.000000  0.999710  0.024060  0.001084  -0.024064  0.999702  0.004008  -0.000988  -0.004033  0.999991  0.000321  0.029098  
93.022502 0.002493  0.094833  0.006480  0.985450  0.168731  0.020443  -0.169627  0.983929  0.055772  -0.010704  -0.058429  0.998234  0.002354  -0.004731  0.003404  0.236992  -0.064963  1.267892  2.000000  0.999684  0.025131  0.001154  -0.025135  0.999675  0.004209  -0.001048  -0.004237  0.999990  0.999591  0.028554  0.001798  -0.028564  0.999578  0.005375  -0.001643  -0.005424  0.999984  1.000000  0.000357  0.000022  -0.000357  1.000000  0.000067  -0.000021  -0.000068  1.000000  0.999684  0.025131  0.001154  -0.025135  0.999675  0.004209  -0.001048  -0.004237  0.999990  0.000324  0.029120  
93.023509 0.002495  0.094827  0.006482  0.985240  0.169941  0.020553  -0.170844  0.983706  0.055986  -0.010704  -0.058671  0.998220  0.002373  -0.005068  0.003196  0.242817  -0.061610  1.285255  2.000000  0.999647  0.026548  0.001246  -0.026553  0.999637  0.004481  -0.001127  -0.004513  0.999989  0.999602  0.028143  0.001784  -0.028152  0.999589  0.005497  -0.001628  -0.005545  0.999983  1.000000  0.000352  0.000021  -0.000352  1.000000  0.000069  -0.000021  -0.000069  1.000000  0.999647  0.026548  0.001246  -0.026553  0.999637  0.004481  -0.001127  -0.004513  0.999989  0.000326  0.028739  
93.024753 0.002496  0.094818  0.006483  0.985028  0.171148  0.020684  -0.172061  0.983475  0.056318  -0.010704  -0.059034  0.998199  0.002359  -0.005391  0.002964  0.244696  -0.062640  1.295527  2.000000  0.999599  0.028296  0.001356  -0.028302  0.999588  0.004827  -0.001218  -0.004863  0.999987  0.999614  0.027739  0.001633  -0.027748  0.999600  0.005502  -0.001480  -0.005545  0.999984  1.000000  0.000347  0.000019  -0.000347  1.000000  0.000069  -0.000019  -0.000069  1.000000  0.999599  0.028296  0.001356  -0.028302  0.999588  0.004827  -0.001218  -0.004863  0.999987  0.000328  0.028335  
93.025757 0.002497  0.094811  0.006486  0.984849  0.172148  0.020916  -0.173075  0.983286  0.056512  -0.010837  -0.059276  0.998183  0.002226  -0.005748  0.002740  0.250642  -0.068271  1.312935  2.000000  0.999559  0.029669  0.001446  -0.029676  0.999547  0.005106  -0.001294  -0.005147  0.999986  0.999625  0.027320  0.001752  -0.027329  0.999611  0.005625  -0.001598  -0.005670  0.999983  1.000000  0.000342  0.000021  -0.000342  1.000000  0.000071  -0.000021  -0.000071  1.000000  0.999559  0.029669  0.001446  -0.029676  0.999547  0.005106  -0.001294  -0.005147  0.999986  0.000332  0.027956  
93.027002 0.002497  0.094801  0.006488  0.984635  0.173355  0.021048  -0.174291  0.983052  0.056844  -0.010837  -0.059639  0.998161  0.002021  -0.006054  0.002593  0.252591  -0.073329  1.315727  2.000000  0.999508  0.031325  0.001562  -0.031333  0.999494  0.005452  -0.001391  -0.005498  0.999984  0.999653  0.026285  0.001832  -0.026294  0.999639  0.005516  -0.001686  -0.005562  0.999983  1.000000  0.000329  0.000022  -0.000329  1.000000  0.000069  -0.000022  -0.000069  1.000000  0.999508  0.031325  0.001562  -0.031333  0.999494  0.005452  -0.001391  -0.005498  0.999984  0.000336  0.026927  
93.028008 0.002497  0.094793  0.006490  0.984491  0.174159  0.021137  -0.175102  0.982895  0.057065  -0.010837  -0.059881  0.998147  0.001836  -0.006362  0.002375  0.256836  -0.082077  1.308116  2.000000  0.999467  0.032617  0.001660  -0.032626  0.999451  0.005731  -0.001472  -0.005782  0.999982  0.999669  0.025660  0.001938  -0.025670  0.999655  0.005645  -0.001792  -0.005693  0.999982  1.000000  0.000321  0.000023  -0.000321  1.000000  0.000071  -0.000023  -0.000071  1.000000  0.999467  0.032617  0.001660  -0.032626  0.999451  0.005731  -0.001472  -0.005782  0.999982  0.000334  0.026353  
93.029254 0.002497  0.094784  0.006493  0.984310  0.175163  0.021260  -0.176115  0.982695  0.057401  -0.010837  -0.060245  0.998125  0.001653  -0.006498  0.002270  0.261112  -0.086155  1.294135  2.000000  0.999414  0.034184  0.001786  -0.034194  0.999397  0.006078  -0.001577  -0.006136  0.999980  0.999690  0.024837  0.001895  -0.024848  0.999676  0.005534  -0.001757  -0.005579  0.999983  1.000000  0.000311  0.000023  -0.000311  1.000000  0.000069  -0.000023  -0.000069  1.000000  0.999414  0.034184  0.001786  -0.034194  0.999397  0.006078  -0.001577  -0.006136  0.999980  0.000331  0.025525  
93.030504 0.002497  0.094775  0.006495  0.984163  0.175959  0.021481  -0.176926  0.982537  0.057598  -0.010971  -0.060487  0.998109  0.001442  -0.006673  0.002114  0.259575  -0.089417  1.263209  2.000000  0.999371  0.035399  0.001886  -0.035411  0.999353  0.006356  -0.001660  -0.006419  0.999978  0.999710  0.024015  0.001854  -0.024025  0.999695  0.005665  -0.001718  -0.005708  0.999982  1.000000  0.000300  0.000022  -0.000300  1.000000  0.000071  -0.000022  -0.000071  1.000000  0.999371  0.035399  0.001886  -0.035411  0.999353  0.006356  -0.001660  -0.006419  0.999978  0.000324  0.024751  
93.031753 0.002496  0.094766  0.006497  0.983980  0.176962  0.021605  -0.177938  0.982335  0.057934  -0.010971  -0.060850  0.998087  0.001125  -0.006845  0.002018  0.263855  -0.083737  1.235753  2.000000  0.999318  0.036868  0.002017  -0.036881  0.999297  0.006701  -0.001769  -0.006771  0.999976  0.999729  0.023185  0.001947  -0.023195  0.999716  0.005551  -0.001817  -0.005594  0.999983  1.000000  0.000290  0.000024  -0.000290  1.000000  0.000070  -0.000024  -0.000070  1.000000  0.999318  0.036868  0.002017  -0.036881  0.999297  0.006701  -0.001769  -0.006771  0.999976  0.000319  0.023926  
93.033001 0.002496  0.094756  0.006498  0.983834  0.177763  0.021717  -0.178749  0.982168  0.058273  -0.010971  -0.061213  0.998064  0.000842  -0.007023  0.001851  0.268155  -0.078045  1.208373  2.000000  0.999265  0.038275  0.002146  -0.038289  0.999242  0.007043  -0.001874  -0.007120  0.999973  0.999757  0.021952  0.001877  -0.021961  0.999744  0.005445  -0.001757  -0.005484  0.999983  1.000000  0.000274  0.000023  -0.000274  1.000000  0.000068  -0.000023  -0.000068  1.000000  0.999265  0.038275  0.002146  -0.038289  0.999242  0.007043  -0.001874  -0.007120  0.999973  0.000311  0.022701  
93.034003 0.002494  0.094748  0.006498  0.983686  0.178567  0.021809  -0.179559  0.982007  0.058493  -0.010971  -0.061455  0.998050  0.000544  -0.007208  0.001692  0.268531  -0.076774  1.181052  2.000000  0.999223  0.039350  0.002246  -0.039366  0.999198  0.007312  -0.001956  -0.007395  0.999971  0.999779  0.020924  0.001820  -0.020933  0.999767  0.005336  -0.001708  -0.005373  0.999984  1.000000  0.000262  0.000022  -0.000262  1.000000  0.000067  -0.000022  -0.000067  1.000000  0.999223  0.039350  0.002246  -0.039366  0.999198  0.007312  -0.001956  -0.007395  0.999971  0.000306  0.021676  
93.035252 0.002493  0.094738  0.006498  0.983536  0.179362  0.022032  -0.180369  0.981847  0.058690  -0.011105  -0.061697  0.998033  0.000308  -0.007337  0.001511  0.264721  -0.079621  1.146082  2.000000  0.999172  0.040626  0.002370  -0.040643  0.999144  0.007647  -0.002057  -0.007737  0.999968  0.999796  0.020093  0.001910  -0.020103  0.999783  0.005464  -0.001800  -0.005502  0.999983  1.000000  0.000251  0.000023  -0.000251  1.000000  0.000069  -0.000023  -0.000069  1.000000  0.999172  0.040626  0.002370  -0.040643  0.999144  0.007647  -0.002057  -0.007737  0.999968  0.000298  0.020917  
93.036502 0.002492  0.094728  0.006498  0.983425  0.179960  0.022133  -0.180976  0.981714  0.059033  -0.011105  -0.062060  0.998011  -0.000001  -0.007477  0.001278  0.266991  -0.082183  1.109085  2.000000  0.999121  0.041844  0.002498  -0.041863  0.999091  0.007979  -0.002162  -0.008077  0.999965  0.999817  0.019065  0.001854  -0.019075  0.999803  0.005477  -0.001749  -0.005511  0.999983  1.000000  0.000238  0.000023  -0.000238  1.000000  0.000069  -0.000023  -0.000069  1.000000  0.999121  0.041844  0.002498  -0.041863  0.999091  0.007979  -0.002162  -0.008077  0.999965  0.000288  0.019929  
93.037751 0.002491  0.094720  0.006498  0.983275  0.180761  0.022248  -0.181786  0.981544  0.059372  -0.011105  -0.062423  0.997988  -0.000172  -0.007456  0.001175  0.271433  -0.084961  1.074349  2.000000  0.999081  0.042789  0.002599  -0.042809  0.999049  0.008245  -0.002244  -0.008349  0.999963  0.999824  0.018654  0.001833  -0.018664  0.999811  0.005361  -0.001733  -0.005394  0.999984  1.000000  0.000233  0.000022  -0.000233  1.000000  0.000067  -0.000022  -0.000067  1.000000  0.999081  0.042789  0.002599  -0.042809  0.999049  0.008245  -0.002244  -0.008349  0.999963  0.000279  0.019501  
93.038756 0.002490  0.094714  0.006498  0.983163  0.181361  0.022328  -0.182393  0.981418  0.059596  -0.011105  -0.062666  0.997973  -0.000333  -0.007379  0.001091  0.267673  -0.083677  1.046866  2.000000  0.999041  0.043705  0.002699  -0.043726  0.999007  0.008512  -0.002324  -0.008622  0.999960  0.999836  0.018037  0.001799  -0.018047  0.999823  0.005368  -0.001702  -0.005400  0.999984  1.000000  0.000226  0.000022  -0.000226  1.000000  0.000067  -0.000022  -0.000067  1.000000  0.999041  0.043705  0.002699  -0.043726  0.999007  0.008512  -0.002324  -0.008622  0.999960  0.000271  0.018911  
93.039767 0.002489  0.094708  0.006498  0.983086  0.181752  0.022528  -0.182797  0.981330  0.059801  -0.011239  -0.062908  0.997956  -0.000485  -0.007310  0.000967  0.266205  -0.085880  0.999462  2.000000  0.999002  0.044585  0.002797  -0.044608  0.998966  0.008774  -0.002403  -0.008890  0.999958  0.999847  0.017421  0.001765  -0.017430  0.999834  0.005254  -0.001673  -0.005284  0.999985  1.000000  0.000218  0.000021  -0.000218  1.000000  0.000066  -0.000021  -0.000066  1.000000  0.999002  0.044585  0.002797  -0.044608  0.998966  0.008774  -0.002403  -0.008890  0.999958  0.000264  0.018287  
93.041006 0.002488  0.094701  0.006498  0.982935  0.182554  0.022622  -0.183607  0.981166  0.060020  -0.011239  -0.063150  0.997941  -0.000618  -0.007181  0.000772  0.260337  -0.084303  0.971192  2.000000  0.998963  0.045431  0.002900  -0.045455  0.998926  0.009035  -0.002487  -0.009157  0.999955  0.999857  0.016795  0.001866  -0.016805  0.999845  0.005260  -0.001777  -0.005290  0.999984  1.000000  0.000210  0.000023  -0.000210  1.000000  0.000066  -0.000023  -0.000066  1.000000  0.998963  0.045431  0.002900  -0.045455  0.998926  0.009035  -0.002487  -0.009157  0.999955  0.000254  0.017704  
93.042255 0.002486  0.094694  0.006497  0.982822  0.183152  0.022726  -0.184214  0.981031  0.060363  -0.011239  -0.063513  0.997918  -0.000726  -0.006990  0.000535  0.260847  -0.081796  0.923165  2.000000  0.998916  0.046441  0.003019  -0.046467  0.998876  0.009357  -0.002581  -0.009487  0.999952  0.999874  0.015776  0.001671  -0.015785  0.999862  0.005151  -0.001590  -0.005177  0.999985  1.000000  0.000197  0.000020  -0.000197  1.000000  0.000065  -0.000020  -0.000065  1.000000  0.998916  0.046441  0.003019  -0.046467  0.998876  0.009357  -0.002581  -0.009487  0.999952  0.000242  0.016685  
93.043506 0.002485  0.094687  0.006497  0.982706  0.183744  0.022939  -0.184821  0.980904  0.060563  -0.011373  -0.063755  0.997901  -0.000852  -0.006808  0.000319  0.257518  -0.084174  0.882889  2.000000  0.998871  0.047394  0.003130  -0.047423  0.998828  0.009674  -0.002668  -0.009811  0.999948  0.999887  0.014963  0.001491  -0.014970  0.999875  0.005161  -0.001414  -0.005183  0.999986  1.000000  0.000187  0.000018  -0.000187  1.000000  0.000065  -0.000018  -0.000065  1.000000  0.998871  0.047394  0.003130  -0.047423  0.998828  0.009674  -0.002668  -0.009811  0.999948  0.000233  0.015902  
93.044756 0.002484  0.094682  0.006497  0.982554  0.184546  0.023033  -0.185630  0.980738  0.060782  -0.011373  -0.063997  0.997885  -0.000869  -0.006555  0.000205  0.255714  -0.082544  0.847660  2.000000  0.998828  0.048302  0.003243  -0.048332  0.998781  0.009984  -0.002757  -0.010129  0.999945  0.999896  0.014337  0.001589  -0.014345  0.999884  0.005045  -0.001516  -0.005068  0.999986  1.000000  0.000179  0.000019  -0.000179  1.000000  0.000063  -0.000019  -0.000063  1.000000  0.998828  0.048302  0.003243  -0.048332  0.998781  0.009984  -0.002757  -0.010129  0.999945  0.000224  0.015286  
93.045757 0.002484  0.094678  0.006497  0.982477  0.184944  0.023103  -0.186034  0.980647  0.061010  -0.011373  -0.064239  0.997870  -0.000909  -0.006314  0.000098  0.255972  -0.081066  0.819866  2.000000  0.998802  0.048828  0.003310  -0.048859  0.998754  0.010170  -0.002809  -0.010319  0.999943  0.999902  0.013926  0.001566  -0.013934  0.999890  0.005050  -0.001495  -0.005072  0.999986  1.000000  0.000174  0.000019  -0.000174  1.000000  0.000063  -0.000019  -0.000063  1.000000  0.998802  0.048828  0.003310  -0.048859  0.998754  0.010170  -0.002809  -0.010319  0.999943  0.000218  0.014900  
93.047005 0.002483  0.094674  0.006498  0.982401  0.185342  0.023173  -0.186439  0.980556  0.061238  -0.011373  -0.064481  0.997854  -0.000848  -0.005966  0.000025  0.252324  -0.079234  0.785470  2.000000  0.998760  0.049671  0.003411  -0.049705  0.998709  0.010475  -0.002886  -0.010632  0.999939  0.999910  0.013318  0.001396  -0.013325  0.999899  0.004937  -0.001330  -0.004955  0.999987  1.000000  0.000167  0.000017  -0.000167  1.000000  0.000062  -0.000017  -0.000062  1.000000  0.998760  0.049671  0.003411  -0.049705  0.998709  0.010475  -0.002886  -0.010632  0.999939  0.000211  0.014276  
93.048256 0.002483  0.094670  0.006498  0.982285  0.185942  0.023256  -0.187046  0.980427  0.061462  -0.011373  -0.064723  0.997838  -0.000798  -0.005611  -0.000006  0.244551  -0.077412  0.750918  2.000000  0.998720  0.050466  0.003509  -0.050501  0.998666  0.010779  -0.002961  -0.010942  0.999936  0.999921  0.012496  0.001346  -0.012503  0.999910  0.004947  -0.001284  -0.004963  0.999987  1.000000  0.000156  0.000016  -0.000156  1.000000  0.000062  -0.000016  -0.000062  1.000000  0.998720  0.050466  0.003509  -0.050501  0.998666  0.010779  -0.002961  -0.010942  0.999936  0.000200  0.013510  
93.049502 0.002483  0.094666  0.006499  0.982171  0.186551  0.023208  -0.187653  0.980295  0.061710  -0.011239  -0.064965  0.997824  -0.000714  -0.005182  0.000010  0.242788  -0.071236  0.724370  2.000000  0.998680  0.051230  0.003604  -0.051267  0.998624  0.011075  -0.003032  -0.011245  0.999932  0.999926  0.012094  0.001189  -0.012099  0.999915  0.004832  -0.001130  -0.004846  0.999988  1.000000  0.000151  0.000014  -0.000151  1.000000  0.000060  -0.000014  -0.000060  1.000000  0.998680  0.051230  0.003604  -0.051267  0.998624  0.011075  -0.003032  -0.011245  0.999932  0.000192  0.013080  
93.050506 0.002484  0.094663  0.006499  0.982092  0.186940  0.023410  -0.188057  0.980205  0.061914  -0.011373  -0.065207  0.997807  -0.000597  -0.004777  0.000097  0.236994  -0.069533  0.688880  2.000000  0.998650  0.051822  0.003675  -0.051861  0.998590  0.011308  -0.003084  -0.011483  0.999929  0.999931  0.011674  0.001297  -0.011680  0.999921  0.004593  -0.001243  -0.004608  0.999989  1.000000  0.000146  0.000016  -0.000146  1.000000  0.000058  -0.000016  -0.000058  1.000000  0.998650  0.051822  0.003675  -0.051861  0.998590  0.011308  -0.003084  -0.011483  0.999929  0.000185  0.012615  
93.051751 0.002485  0.094660  0.006499  0.982015  0.187338  0.023481  -0.188461  0.980113  0.062142  -0.011373  -0.065449  0.997791  -0.000455  -0.004392  0.000047  0.233392  -0.067628  0.654594  2.000000  0.998612  0.052535  0.003764  -0.052576  0.998550  0.011593  -0.003149  -0.011774  0.999926  0.999936  0.011272  0.001140  -0.011277  0.999926  0.004476  -0.001089  -0.004489  0.999989  1.000000  0.000141  0.000014  -0.000141  1.000000  0.000056  -0.000014  -0.000056  1.000000  0.998612  0.052535  0.003764  -0.052576  0.998550  0.011593  -0.003149  -0.011774  0.999926  0.000176  0.012184  
93.052751 0.002486  0.094659  0.006499  0.981937  0.187739  0.023529  -0.188865  0.980028  0.062251  -0.011373  -0.065570  0.997783  -0.000348  -0.004098  0.000043  0.231530  -0.061833  0.635637  2.000000  0.998583  0.053082  0.003831  -0.053124  0.998518  0.011815  -0.003198  -0.012002  0.999923  0.999940  0.010861  0.001115  -0.010865  0.999931  0.004481  -0.001067  -0.004493  0.999989  1.000000  0.000136  0.000014  -0.000136  1.000000  0.000056  -0.000014  -0.000056  1.000000  0.998583  0.053082  0.003831  -0.053124  0.998518  0.011815  -0.003198  -0.012002  0.999923  0.000171  0.011804  
93.053999 0.002488  0.094657  0.006498  0.981859  0.188136  0.023601  -0.189270  0.979935  0.062479  -0.011373  -0.065812  0.997767  -0.000129  -0.003693  0.000018  0.227795  -0.060317  0.608234  2.000000  0.998554  0.053613  0.003896  -0.053656  0.998487  0.012037  -0.003245  -0.012228  0.999920  0.999943  0.010655  0.001104  -0.010660  0.999933  0.004484  -0.001057  -0.004495  0.999989  1.000000  0.000133  0.000014  -0.000133  1.000000  0.000056  -0.000014  -0.000056  1.000000  0.998554  0.053613  0.003896  -0.053656  0.998487  0.012037  -0.003245  -0.012228  0.999920  0.000165  0.011615  
93.054999 0.002490  0.094656  0.006497  0.981781  0.188537  0.023649  -0.189674  0.979850  0.062588  -0.011373  -0.065933  0.997759  0.000106  -0.003348  -0.000037  0.219901  -0.054726  0.587963  2.000000  0.998526  0.054126  0.003961  -0.054171  0.998456  0.012255  -0.003292  -0.012452  0.999917  0.999949  0.010039  0.001065  -0.010043  0.999940  0.004370  -0.001021  -0.004380  0.999990  1.000000  0.000126  0.000013  -0.000126  1.000000  0.000055  -0.000013  -0.000055  1.000000  0.998526  0.054126  0.003961  -0.054171  0.998456  0.012255  -0.003292  -0.012452  0.999917  0.000158  0.011002  
93.056004 0.002492  0.094655  0.006496  0.981742  0.188733  0.023708  -0.189876  0.979796  0.062821  -0.011373  -0.066175  0.997743  0.000282  -0.003081  -0.000095  0.220187  -0.053140  0.560501  2.000000  0.998499  0.054622  0.004023  -0.054668  0.998427  0.012471  -0.003336  -0.012672  0.999914  0.999951  0.009842  0.000920  -0.009846  0.999942  0.004372  -0.000877  -0.004381  0.999990  1.000000  0.000123  0.000011  -0.000123  1.000000  0.000055  -0.000011  -0.000055  1.000000  0.998499  0.054622  0.004023  -0.054668  0.998427  0.012471  -0.003336  -0.012672  0.999914  0.000153  0.010810  
93.057013 0.002494  0.094654  0.006495  0.981664  0.189131  0.023780  -0.190280  0.979703  0.063049  -0.011373  -0.066418  0.997727  0.000523  -0.002723  -0.000151  0.222327  -0.051975  0.537529  2.000000  0.998472  0.055102  0.004079  -0.055150  0.998398  0.012684  -0.003374  -0.012890  0.999911  0.999955  0.009431  0.000894  -0.009435  0.999946  0.004256  -0.000854  -0.004264  0.999991  1.000000  0.000118  0.000011  -0.000118  1.000000  0.000053  -0.000011  -0.000053  1.000000  0.998472  0.055102  0.004079  -0.055150  0.998398  0.012684  -0.003374  -0.012890  0.999911  0.000146  0.010387  
93.058256 0.002497  0.094653  0.006492  0.981584  0.189522  0.023960  -0.190684  0.979619  0.063132  -0.011506  -0.066538  0.997718  0.000825  -0.002354  -0.000313  0.212511  -0.055255  0.519071  2.000000  0.998446  0.055572  0.004135  -0.055621  0.998369  0.012893  -0.003412  -0.013103  0.999908  0.999957  0.009225  0.000883  -0.009229  0.999949  0.004137  -0.000845  -0.004145  0.999991  1.000000  0.000115  0.000011  -0.000115  1.000000  0.000052  -0.000011  -0.000052  1.000000  0.998446  0.055572  0.004135  -0.055621  0.998369  0.012893  -0.003412  -0.013103  0.999908  0.000141  0.010151  
93.059506 0.002500  0.094652  0.006490  0.981545  0.189718  0.024019  -0.190886  0.979565  0.063365  -0.011506  -0.066780  0.997701  0.001053  -0.002037  -0.000486  0.210641  -0.054147  0.496055  2.000000  0.998415  0.056131  0.004211  -0.056182  0.998334  0.013148  -0.003466  -0.013363  0.999905  0.999961  0.008805  0.000991  -0.008809  0.999953  0.004141  -0.000955  -0.004150  0.999991  1.000000  0.000110  0.000012  -0.000110  1.000000  0.000052  -0.000012  -0.000052  1.000000  0.998415  0.056131  0.004211  -0.056182  0.998334  0.013148  -0.003466  -0.013363  0.999905  0.000137  0.009783  
93.060755 0.002503  0.094651  0.006487  0.981466  0.190116  0.024091  -0.191290  0.979471  0.063593  -0.011506  -0.067023  0.997685  0.001279  -0.001792  -0.000693  0.208897  -0.048460  0.478236  2.000000  0.998384  0.056667  0.004283  -0.056719  0.998300  0.013399  -0.003517  -0.013620  0.999901  0.999963  0.008609  0.000846  -0.008612  0.999955  0.004022  -0.000811  -0.004029  0.999992  1.000000  0.000108  0.000010  -0.000108  1.000000  0.000050  -0.000010  -0.000050  1.000000  0.998384  0.056667  0.004283  -0.056719  0.998300  0.013399  -0.003517  -0.013620  0.999901  0.000133  0.009541  
93.062006 0.002506  0.094651  0.006485  0.981427  0.190312  0.024150  -0.191492  0.979417  0.063825  -0.011506  -0.067265  0.997669  0.001566  -0.001459  -0.000899  0.206946  -0.046791  0.447673  2.000000  0.998361  0.057073  0.004335  -0.057127  0.998274  0.013596  -0.003551  -0.013821  0.999898  0.999968  0.007992  0.000807  -0.007995  0.999960  0.004030  -0.000774  -0.004036  0.999992  1.000000  0.000100  0.000010  -0.000100  1.000000  0.000050  -0.000010  -0.000050  1.000000  0.998361  0.057073  0.004335  -0.057127  0.998274  0.013596  -0.003551  -0.013821  0.999898  0.000126  0.008988  
93.063256 0.002510  0.094652  0.006483  0.981346  0.190700  0.024354  -0.191896  0.979324  0.064027  -0.011640  -0.067506  0.997651  0.001830  -0.001135  -0.001040  0.205298  -0.050524  0.436856  2.000000  0.998332  0.057560  0.004404  -0.057615  0.998243  0.013839  -0.003600  -0.014069  0.999895  0.999971  0.007572  0.000914  -0.007576  0.999964  0.003912  -0.000885  -0.003919  0.999992  1.000000  0.000095  0.000011  -0.000095  1.000000  0.000049  -0.000011  -0.000049  1.000000  0.998332  0.057560  0.004404  -0.057615  0.998243  0.013839  -0.003600  -0.014069  0.999895  0.000121  0.008574  
93.064506 0.002513  0.094652  0.006481  0.981307  0.190896  0.024413  -0.192098  0.979270  0.064260  -0.011640  -0.067748  0.997635  0.002056  -0.000857  -0.001160  0.201483  -0.049324  0.416288  2.000000  0.998305  0.058021  0.004472  -0.058079  0.998213  0.014077  -0.003647  -0.014313  0.999891  0.999973  0.007376  0.000769  -0.007379  0.999965  0.003915  -0.000740  -0.003920  0.999992  1.000000  0.000092  0.000009  -0.000092  1.000000  0.000049  -0.000009  -0.000049  1.000000  0.998305  0.058021  0.004472  -0.058079  0.998213  0.014077  -0.003647  -0.014313  0.999891  0.000117  0.008387  
93.065749 0.002517  0.094653  0.006479  0.981267  0.191091  0.024473  -0.192300  0.979215  0.064493  -0.011640  -0.067991  0.997618  0.002164  -0.000676  -0.001311  0.201899  -0.043684  0.396434  2.000000  0.998280  0.058449  0.004531  -0.058509  0.998184  0.014311  -0.003686  -0.014552  0.999887  0.999978  0.006554  0.000714  -0.006557  0.999971  0.003803  -0.000689  -0.003808  0.999993  1.000000  0.000082  0.000009  -0.000082  1.000000  0.000048  -0.000009  -0.000048  1.000000  0.998280  0.058449  0.004531  -0.058509  0.998184  0.014311  -0.003686  -0.014552  0.999887  0.000111  0.007612  
