1-Time 2-Px 3-Py 4-Pz 5-R11 6-R21 7-R31 8-R12 9-R22 10-R32 11-R13 12-R23 13-R33 14-Vx 15-Vy 16-Vz 17-Wx 18-Wy 19-Wz 20-state 21-PR11 22-PR21 23-PR31 24-PR12 25-PR22 26-PR32 27-PR13 28-PR23 29-PR33 
93.289107 0.008902  0.099981  -0.000288  0.998237  0.059062  0.005920  -0.059256  0.997398  0.041072  -0.003479  -0.041350  0.999139  -0.001846  -0.001256  -0.001695  0.000000  0.000000  0.000000  2.000000  1.000000  0.000000  0.000000  -0.000000  1.000000  0.000000  0.000000  -0.000000  1.000000  1.000000  -0.000206  -0.000009  0.000206  1.000000  -0.000121  0.000009  0.000121  1.000000  1.000000  0.000000  0.000000  0.000000  1.000000  0.000000  0.000000  0.000000  1.000000  0.695241  0.259771  0.670193  -0.321251  0.946399  -0.033572  -0.642991  -0.191959  0.741427  0.000000  0.000000  
93.290111 0.008900  0.099980  -0.000289  0.998237  0.059062  0.005920  -0.059256  0.997398  0.041072  -0.003479  -0.041350  0.999139  -0.001791  -0.001213  -0.001607  0.000000  0.000000  0.000000  2.000000  1.000000  0.000000  0.000000  0.000000  1.000000  0.000000  0.000000  0.000000  1.000000  1.000000  -0.000206  -0.000009  0.000206  1.000000  -0.000121  0.000009  0.000121  1.000000  1.000000  0.000000  0.000000  0.000000  1.000000  0.000000  0.000000  0.000000  1.000000  1.000000  0.000000  0.000000  0.000000  1.000000  0.000000  0.000000  0.000000  1.000000  0.000000  0.000000  
93.291364 0.008901  0.099979  -0.000290  0.998224  0.059261  0.006069  -0.059461  0.997381  0.041184  -0.003613  -0.041471  0.999133  -0.001547  -0.001105  -0.001541  0.000000  0.000000  0.000000  2.000000  1.000000  0.000000  0.000000  0.000000  1.000000  0.000000  0.000000  0.000000  1.000000  1.000000  -0.000000  -0.000000  -0.000000  1.000000  -0.000121  -0.000000  0.000121  1.000000  1.000000  0.000000  0.000000  0.000000  1.000000  0.000000  0.000000  0.000000  1.000000  1.000000  0.000000  0.000000  0.000000  1.000000  0.000000  0.000000  0.000000  1.000000  0.000000  0.000000  
93.292620 0.008902  0.099979  -0.000292  0.998200  0.059672  0.006086  -0.059872  0.997356  0.041181  -0.003613  -0.041471  0.999133  -0.001295  -0.001021  -0.001464  0.000000  0.000000  0.000000  2.000000  1.000000  0.000000  0.000000  0.000000  1.000000  0.000000  0.000000  0.000000  1.000000  1.000000  0.000406  0.000151  -0.000406  1.000000  -0.000001  -0.000151  0.000001  1.000000  1.000000  0.000000  0.000000  0.000000  1.000000  0.000000  0.000000  0.000000  1.000000  1.000000  0.000000  0.000000  0.000000  1.000000  0.000000  0.000000  0.000000  1.000000  0.000000  0.000000  
93.293856 0.008903  0.099978  -0.000294  0.998187  0.059876  0.006102  -0.060078  0.997339  0.041301  -0.003613  -0.041593  0.999128  -0.001051  -0.000994  -0.001435  0.000000  0.000000  0.000000  2.000000  1.000000  0.000000  0.000000  0.000000  1.000000  0.000000  0.000000  0.000000  1.000000  1.000000  0.000612  0.000159  -0.000612  1.000000  0.000119  -0.000159  -0.000119  1.000000  1.000000  0.000000  0.000000  0.000000  1.000000  0.000000  0.000000  0.000000  1.000000  1.000000  0.000000  0.000000  0.000000  1.000000  0.000000  0.000000  0.000000  1.000000  0.000000  0.000000  
93.295107 0.008905  0.099977  -0.000295  0.998175  0.060081  0.006118  -0.060283  0.997322  0.041421  -0.003613  -0.041714  0.999123  -0.000763  -0.000939  -0.001413  0.000000  0.000000  0.000000  2.000000  1.000000  0.000000  0.000000  0.000000  1.000000  0.000000  0.000000  0.000000  1.000000  0.999999  0.001023  0.000177  -0.001023  0.999999  0.000239  -0.000176  -0.000239  1.000000  1.000000  0.000000  0.000000  0.000000  1.000000  0.000000  0.000000  0.000000  1.000000  1.000000  0.000000  0.000000  0.000000  1.000000  0.000000  0.000000  0.000000  1.000000  0.000000  0.000000  
93.296108 0.008907  0.099977  -0.000297  0.998150  0.060491  0.006142  -0.060694  0.997292  0.041539  -0.003613  -0.041835  0.999118  -0.000475  -0.000883  -0.001392  0.000000  0.000000  0.000000  2.000000  1.000000  0.000000  0.000000  0.000000  1.000000  0.000000  0.000000  0.000000  1.000000  0.999999  0.001229  0.000185  -0.001229  0.999999  0.000481  -0.000185  -0.000481  1.000000  1.000000  0.000000  0.000000  0.000000  1.000000  0.000000  0.000000  0.000000  1.000000  1.000000  0.000000  0.000000  0.000000  1.000000  0.000000  0.000000  0.000000  1.000000  0.000000  0.000000  
93.297109 0.008910  0.099977  -0.000298  0.998138  0.060701  0.006024  -0.060900  0.997274  0.041667  -0.003479  -0.041956  0.999113  -0.000158  -0.000797  -0.001350  0.000000  0.000000  0.000000  2.000000  1.000000  0.000000  0.000000  0.000000  1.000000  0.000000  0.000000  0.000000  1.000000  0.999999  0.001646  0.000069  -0.001646  0.999998  0.000601  -0.000068  -0.000601  1.000000  1.000000  0.000000  0.000000  0.000000  1.000000  0.000000  0.000000  0.000000  1.000000  1.000000  0.000000  0.000000  0.000000  1.000000  0.000000  0.000000  0.000000  1.000000  0.000000  0.000000  
93.298364 0.008914  0.099977  -0.000299  0.998100  0.061316  0.006058  -0.061516  0.997231  0.041784  -0.003479  -0.042077  0.999108  0.000253  -0.000678  -0.001317  0.000000  0.000000  0.000000  2.000000  1.000000  0.000000  0.000000  0.000000  1.000000  0.000000  0.000000  0.000000  1.000000  0.999997  0.002263  0.000095  -0.002263  0.999997  0.000720  -0.000094  -0.000720  1.000000  1.000000  0.000000  0.000000  0.000000  1.000000  0.000000  0.000000  0.000000  1.000000  1.000000  0.000000  0.000000  0.000000  1.000000  0.000000  0.000000  0.000000  1.000000  0.000000  0.000000  
93.299609 0.008917  0.099976  -0.000301  0.998062  0.061931  0.006091  -0.062133  0.997188  0.041901  -0.003479  -0.042199  0.999103  0.000606  -0.000621  -0.001329  0.000000  0.000000  0.000000  2.000000  1.000000  0.000000  0.000000  0.000000  1.000000  0.000000  0.000000  0.000000  1.000000  0.999996  0.002674  0.000113  -0.002674  0.999996  0.000840  -0.000111  -0.000840  1.000000  1.000000  0.000000  0.000000  0.000000  1.000000  0.000000  0.000000  0.000000  1.000000  1.000000  0.000000  0.000000  0.000000  1.000000  0.000000  0.000000  0.000000  1.000000  0.000000  0.000000  
93.300610 0.008921  0.099977  -0.000303  0.998036  0.062335  0.006249  -0.062544  0.997158  0.042011  -0.003613  -0.042320  0.999098  0.000958  -0.000485  -0.001310  0.000000  0.000000  0.000000  2.000000  1.000000  0.000000  0.000000  0.000000  1.000000  0.000000  0.000000  0.000000  1.000000  0.999995  0.003285  0.000273  -0.003286  0.999994  0.000958  -0.000270  -0.000959  1.000000  1.000000  0.000000  0.000000  0.000000  1.000000  0.000000  0.000000  0.000000  1.000000  1.000000  0.000000  0.000000  0.000000  1.000000  0.000000  0.000000  0.000000  1.000000  0.000000  0.000000  
93.301613 0.008924  0.099978  -0.000304  0.997997  0.062950  0.006283  -0.063160  0.997114  0.042129  -0.003613  -0.042441  0.999092  0.001317  -0.000372  -0.001277  0.000000  0.000000  0.000000  2.000000  1.000000  0.000000  0.000000  0.000000  1.000000  0.000000  0.000000  0.000000  1.000000  0.999993  0.003697  0.000291  -0.003697  0.999993  0.001078  -0.000287  -0.001079  0.999999  1.000000  0.000000  0.000000  0.000000  1.000000  0.000000  0.000000  0.000000  1.000000  1.000000  0.000000  0.000000  0.000000  1.000000  0.000000  0.000000  0.000000  1.000000  0.000000  0.000000  
93.302616 0.008929  0.099979  -0.000305  0.997971  0.063360  0.006308  -0.063571  0.997083  0.042247  -0.003613  -0.042562  0.999087  0.001712  -0.000208  -0.001267  0.000000  0.000000  0.000000  2.000000  1.000000  0.000000  0.000000  0.000000  1.000000  0.000000  0.000000  0.000000  1.000000  0.999991  0.004314  0.000317  -0.004314  0.999990  0.001076  -0.000312  -0.001077  0.999999  1.000000  0.000000  0.000000  0.000000  1.000000  0.000000  0.000000  0.000000  1.000000  1.000000  0.000000  0.000000  0.000000  1.000000  0.000000  0.000000  0.000000  1.000000  0.000000  0.000000  
93.303868 0.008934  0.099982  -0.000306  0.997918  0.064175  0.006484  -0.064393  0.997025  0.042354  -0.003746  -0.042683  0.999082  0.002184  0.000071  -0.001201  0.000000  0.000000  0.000000  2.000000  1.000000  0.000000  0.000000  0.000000  1.000000  0.000000  0.000000  0.000000  1.000000  0.999988  0.004925  0.000478  -0.004926  0.999987  0.001315  -0.000472  -0.001318  0.999999  1.000000  0.000000  0.000000  0.000000  1.000000  0.000000  0.000000  0.000000  1.000000  1.000000  0.000000  0.000000  0.000000  1.000000  0.000000  0.000000  0.000000  1.000000  0.000000  0.000000  
93.305113 0.008940  0.099985  -0.000307  0.997878  0.064795  0.006384  -0.065009  0.996980  0.042480  -0.003613  -0.042804  0.999077  0.002672  0.000347  -0.001170  0.048220  -0.012641  0.193321  2.000000  1.000000  0.000117  0.000246  -0.000117  1.000000  0.000067  -0.000246  -0.000067  1.000000  0.999983  0.005753  0.000380  -0.005754  0.999982  0.001434  -0.000372  -0.001436  0.999999  1.000000  0.000032  0.000065  -0.000032  1.000000  0.000018  -0.000065  -0.000018  1.000000  1.000000  0.000117  0.000246  -0.000117  1.000000  0.000067  -0.000246  -0.000067  1.000000  0.000050  0.005942  
93.306116 0.008945  0.099987  -0.000309  0.997838  0.065410  0.006418  -0.065625  0.996935  0.042597  -0.003613  -0.042926  0.999072  0.002980  0.000518  -0.001235  0.052215  -0.013526  0.214027  2.000000  1.000000  0.000252  0.000519  -0.000252  1.000000  0.000142  -0.000519  -0.000142  1.000000  0.999980  0.006370  0.000408  -0.006371  0.999978  0.001553  -0.000398  -0.001555  0.999999  1.000000  0.000035  0.000071  -0.000035  1.000000  0.000019  -0.000071  -0.000019  1.000000  1.000000  0.000252  0.000519  -0.000252  1.000000  0.000142  -0.000519  -0.000142  1.000000  0.000056  0.006570  
93.307358 0.008952  0.099990  -0.000310  0.997783  0.066230  0.006470  -0.066447  0.996870  0.042833  -0.003613  -0.043168  0.999061  0.003394  0.000778  -0.001269  0.060284  -0.014725  0.241732  2.000000  1.000000  0.000440  0.000897  -0.000440  1.000000  0.000245  -0.000897  -0.000245  1.000000  0.999975  0.006987  0.000435  -0.006988  0.999974  0.001672  -0.000423  -0.001675  0.999999  1.000000  0.000039  0.000078  -0.000039  1.000000  0.000021  -0.000078  -0.000021  1.000000  1.000000  0.000440  0.000897  -0.000440  1.000000  0.000245  -0.000897  -0.000245  1.000000  0.000061  0.007198  
93.308362 0.008956  0.099992  -0.000312  0.997742  0.066845  0.006504  -0.067063  0.996824  0.042950  -0.003613  -0.043289  0.999056  0.003597  0.000906  -0.001301  0.064280  -0.015616  0.262439  2.000000  0.999999  0.000606  0.001228  -0.000606  1.000000  0.000336  -0.001228  -0.000337  0.999999  0.999971  0.007604  0.000463  -0.007605  0.999969  0.001912  -0.000449  -0.001915  0.999998  1.000000  0.000043  0.000085  -0.000043  1.000000  0.000024  -0.000085  -0.000024  1.000000  0.999999  0.000606  0.001228  -0.000606  1.000000  0.000336  -0.001228  -0.000337  0.999999  0.000067  0.007855  
93.309364 0.008961  0.099993  -0.000315  0.997701  0.067460  0.006539  -0.067679  0.996777  0.043067  -0.003613  -0.043410  0.999051  0.003819  0.001054  -0.001377  0.068278  -0.016511  0.283155  2.000000  0.999998  0.000785  0.001587  -0.000786  1.000000  0.000434  -0.001587  -0.000436  0.999999  0.999966  0.008221  0.000491  -0.008222  0.999964  0.002031  -0.000474  -0.002035  0.999998  1.000000  0.000046  0.000092  -0.000046  1.000000  0.000025  -0.000092  -0.000025  1.000000  0.999998  0.000785  0.001587  -0.000786  1.000000  0.000434  -0.001587  -0.000436  0.999999  0.000072  0.008483  
93.310366 0.008966  0.099995  -0.000317  0.997645  0.068279  0.006591  -0.068501  0.996711  0.043303  -0.003613  -0.043653  0.999040  0.004055  0.001246  -0.001421  0.076323  -0.017719  0.310768  2.000000  0.999998  0.000982  0.001978  -0.000983  0.999999  0.000540  -0.001978  -0.000542  0.999998  0.999959  0.009044  0.000528  -0.009045  0.999957  0.002149  -0.000508  -0.002154  0.999998  1.000000  0.000051  0.000101  -0.000051  1.000000  0.000027  -0.000101  -0.000027  1.000000  0.999998  0.000982  0.001978  -0.000983  0.999999  0.000540  -0.001978  -0.000542  0.999998  0.000079  0.009311  
93.311612 0.008972  0.099996  -0.000321  0.997588  0.069098  0.006643  -0.069322  0.996644  0.043540  -0.003613  -0.043895  0.999030  0.004223  0.001318  -0.001602  0.084387  -0.018939  0.338454  2.000000  0.999996  0.001250  0.002512  -0.001252  0.999999  0.000684  -0.002511  -0.000688  0.999997  0.999953  0.009661  0.000557  -0.009662  0.999950  0.002389  -0.000534  -0.002394  0.999997  1.000000  0.000054  0.000108  -0.000054  1.000000  0.000030  -0.000108  -0.000030  1.000000  0.999996  0.001250  0.002512  -0.001252  0.999999  0.000684  -0.002511  -0.000688  0.999997  0.000086  0.009968  
93.312616 0.008977  0.099998  -0.000324  0.997530  0.069912  0.006821  -0.070144  0.996582  0.043646  -0.003746  -0.044016  0.999024  0.004424  0.001442  -0.001704  0.088336  -0.024631  0.365888  2.000000  0.999995  0.001422  0.002849  -0.001424  0.999999  0.000775  -0.002847  -0.000779  0.999996  0.999947  0.010277  0.000587  -0.010279  0.999944  0.002506  -0.000561  -0.002512  0.999997  1.000000  0.000058  0.000115  -0.000058  1.000000  0.000031  -0.000115  -0.000031  1.000000  0.999995  0.001422  0.002849  -0.001424  0.999999  0.000775  -0.002847  -0.000779  0.999996  0.000093  0.010596  
93.313855 0.008983  0.099998  -0.000329  0.997472  0.070732  0.006866  -0.070965  0.996518  0.043761  -0.003746  -0.044137  0.999018  0.004541  0.001430  -0.001915  0.092348  -0.025846  0.393685  2.000000  0.999993  0.001720  0.003439  -0.001723  0.999998  0.000932  -0.003437  -0.000938  0.999994  0.999943  0.010689  0.000606  -0.010690  0.999940  0.002505  -0.000579  -0.002511  0.999997  1.000000  0.000060  0.000119  -0.000060  1.000000  0.000031  -0.000119  -0.000031  1.000000  0.999993  0.001720  0.003439  -0.001723  0.999998  0.000932  -0.003437  -0.000938  0.999994  0.000100  0.010996  
93.314859 0.008987  0.099997  -0.000333  0.997428  0.071345  0.006910  -0.071581  0.996464  0.043998  -0.003746  -0.044380  0.999008  0.004633  0.001433  -0.002112  0.100413  -0.026780  0.414366  2.000000  0.999990  0.001970  0.003935  -0.001975  0.999997  0.001060  -0.003933  -0.001068  0.999992  0.999936  0.011306  0.000635  -0.011307  0.999933  0.002502  -0.000606  -0.002509  0.999997  1.000000  0.000064  0.000126  -0.000064  1.000000  0.000031  -0.000126  -0.000031  1.000000  0.999990  0.001970  0.003935  -0.001975  0.999997  0.001060  -0.003933  -0.001068  0.999992  0.000106  0.011598  
93.316107 0.008994  0.099998  -0.000338  0.997368  0.072165  0.006955  -0.072403  0.996399  0.044114  -0.003746  -0.044501  0.999002  0.004764  0.001394  -0.002337  0.104399  -0.027996  0.442057  2.000000  0.999987  0.002299  0.004585  -0.002305  0.999997  0.001223  -0.004582  -0.001233  0.999989  0.999929  0.011922  0.000665  -0.011924  0.999925  0.002621  -0.000633  -0.002628  0.999996  1.000000  0.000067  0.000133  -0.000067  1.000000  0.000033  -0.000133  -0.000033  1.000000  0.999987  0.002299  0.004585  -0.002305  0.999997  0.001223  -0.004582  -0.001233  0.999989  0.000112  0.012226  
93.317113 0.008999  0.099998  -0.000343  0.997308  0.072985  0.007000  -0.073224  0.996334  0.044229  -0.003746  -0.044622  0.998997  0.004828  0.001342  -0.002585  0.108354  -0.029206  0.469612  2.000000  0.999984  0.002573  0.005127  -0.002580  0.999996  0.001354  -0.005124  -0.001367  0.999986  0.999924  0.012334  0.000685  -0.012335  0.999920  0.002619  -0.000652  -0.002627  0.999996  1.000000  0.000070  0.000138  -0.000070  1.000000  0.000033  -0.000138  -0.000033  1.000000  0.999984  0.002573  0.005127  -0.002580  0.999996  0.001354  -0.005124  -0.001367  0.999986  0.000120  0.012628  
93.318360 0.009006  0.099999  -0.000348  0.997233  0.074009  0.007064  -0.074251  0.996248  0.044463  -0.003746  -0.044865  0.998986  0.004928  0.001261  -0.002887  0.116386  -0.030756  0.504189  2.000000  0.999979  0.002920  0.005832  -0.002929  0.999995  0.001521  -0.005827  -0.001538  0.999982  0.999919  0.012739  0.000840  -0.012741  0.999915  0.002738  -0.000805  -0.002749  0.999996  1.000000  0.000071  0.000143  -0.000071  1.000000  0.000034  -0.000143  -0.000034  1.000000  0.999979  0.002920  0.005832  -0.002929  0.999995  0.001521  -0.005827  -0.001538  0.999982  0.000129  0.013058  
93.319364 0.009012  0.100000  -0.000354  0.997187  0.074623  0.007100  -0.074866  0.996197  0.044580  -0.003746  -0.044986  0.998981  0.005038  0.001159  -0.003181  0.119424  -0.031429  0.520723  2.000000  0.999974  0.003205  0.006411  -0.003216  0.999993  0.001656  -0.006406  -0.001676  0.999978  0.999916  0.012944  0.000850  -0.012947  0.999912  0.002737  -0.000815  -0.002748  0.999996  1.000000  0.000072  0.000145  -0.000072  1.000000  0.000034  -0.000145  -0.000034  1.000000  0.999974  0.003205  0.006411  -0.003216  0.999993  0.001656  -0.006406  -0.001676  0.999978  0.000134  0.013259  
93.320618 0.009019  0.100001  -0.000360  0.997125  0.075443  0.007146  -0.075688  0.996129  0.044695  -0.003746  -0.045107  0.998975  0.005091  0.001013  -0.003506  0.124405  -0.032616  0.545732  2.000000  0.999969  0.003497  0.007002  -0.003509  0.999992  0.001794  -0.006996  -0.001819  0.999974  0.999913  0.013150  0.000861  -0.013152  0.999910  0.002737  -0.000825  -0.002748  0.999996  1.000000  0.000073  0.000148  -0.000073  1.000000  0.000034  -0.000148  -0.000034  1.000000  0.999969  0.003497  0.007002  -0.003509  0.999992  0.001794  -0.006996  -0.001819  0.999974  0.000140  0.013461  
93.321859 0.009026  0.100002  -0.000365  0.997062  0.076261  0.007201  -0.076509  0.996056  0.044930  -0.003746  -0.045349  0.998964  0.005115  0.000874  -0.003700  0.127315  -0.028884  0.562007  2.000000  0.999962  0.003874  0.007751  -0.003889  0.999990  0.001970  -0.007744  -0.002000  0.999968  0.999910  0.013361  0.000740  -0.013363  0.999906  0.002978  -0.000700  -0.002988  0.999995  1.000000  0.000076  0.000149  -0.000076  1.000000  0.000037  -0.000149  -0.000037  1.000000  0.999962  0.003874  0.007751  -0.003889  0.999990  0.001970  -0.007744  -0.002000  0.999968  0.000144  0.013711  
93.322860 0.009032  0.100003  -0.000371  0.997014  0.076875  0.007238  -0.077124  0.996003  0.045047  -0.003746  -0.045470  0.998959  0.005187  0.000800  -0.003938  0.131325  -0.029519  0.575795  2.000000  0.999956  0.004179  0.008356  -0.004197  0.999989  0.002112  -0.008347  -0.002147  0.999963  0.999908  0.013567  0.000751  -0.013569  0.999904  0.002977  -0.000711  -0.002987  0.999995  1.000000  0.000077  0.000151  -0.000077  1.000000  0.000037  -0.000151  -0.000037  1.000000  0.999956  0.004179  0.008356  -0.004197  0.999989  0.002112  -0.008347  -0.002147  0.999963  0.000147  0.013912  
93.323862 0.009037  0.100004  -0.000376  0.996967  0.077490  0.007275  -0.077740  0.995950  0.045163  -0.003746  -0.045592  0.998953  0.005209  0.000721  -0.004175  0.128257  -0.030467  0.594262  2.000000  0.999950  0.004488  0.008963  -0.004508  0.999987  0.002256  -0.008953  -0.002296  0.999957  0.999908  0.013573  0.000619  -0.013575  0.999903  0.002977  -0.000579  -0.002985  0.999995  1.000000  0.000078  0.000151  -0.000078  1.000000  0.000037  -0.000151  -0.000037  1.000000  0.999950  0.004488  0.008963  -0.004508  0.999987  0.002256  -0.008953  -0.002296  0.999957  0.000152  0.013911  
93.325113 0.009043  0.100004  -0.000383  0.996918  0.078098  0.007446  -0.078356  0.995897  0.045269  -0.003880  -0.045713  0.998947  0.005235  0.000597  -0.004467  0.128170  -0.035638  0.607906  2.000000  0.999941  0.004879  0.009723  -0.004903  0.999985  0.002435  -0.009711  -0.002483  0.999950  0.999908  0.013567  0.000754  -0.013569  0.999904  0.002977  -0.000714  -0.002987  0.999995  1.000000  0.000077  0.000151  -0.000077  1.000000  0.000037  -0.000151  -0.000037  1.000000  0.999941  0.004879  0.009723  -0.004903  0.999985  0.002435  -0.009711  -0.002483  0.999950  0.000157  0.013912  
93.326113 0.009048  0.100004  -0.000388  0.996869  0.078712  0.007484  -0.078972  0.995843  0.045385  -0.003880  -0.045834  0.998942  0.005214  0.000526  -0.004608  0.129255  -0.036328  0.620144  2.000000  0.999933  0.005178  0.010330  -0.005205  0.999983  0.002575  -0.010317  -0.002629  0.999943  0.999908  0.013560  0.000890  -0.013563  0.999904  0.002854  -0.000851  -0.002866  0.999996  1.000000  0.000075  0.000152  -0.000075  1.000000  0.000036  -0.000152  -0.000036  1.000000  0.999933  0.005178  0.010330  -0.005205  0.999983  0.002575  -0.010317  -0.002629  0.999943  0.000159  0.013888  
93.327360 0.009055  0.100004  -0.000395  0.996820  0.079326  0.007521  -0.079587  0.995789  0.045501  -0.003880  -0.045955  0.998936  0.005227  0.000449  -0.004820  0.128216  -0.040593  0.614763  2.000000  0.999923  0.005549  0.011086  -0.005580  0.999981  0.002747  -0.011070  -0.002809  0.999935  0.999910  0.013355  0.000882  -0.013357  0.999907  0.002855  -0.000844  -0.002867  0.999996  1.000000  0.000074  0.000150  -0.000074  1.000000  0.000036  -0.000150  -0.000036  1.000000  0.999923  0.005549  0.011086  -0.005580  0.999981  0.002747  -0.011070  -0.002809  0.999935  0.000161  0.013687  
93.328611 0.009061  0.100004  -0.000402  0.996754  0.080145  0.007568  -0.080408  0.995718  0.045616  -0.003880  -0.046076  0.998930  0.005253  0.000394  -0.004988  0.128143  -0.041271  0.628474  2.000000  0.999915  0.005846  0.011691  -0.005880  0.999979  0.002884  -0.011674  -0.002952  0.999927  0.999908  0.013560  0.000893  -0.013563  0.999904  0.002854  -0.000854  -0.002866  0.999996  1.000000  0.000075  0.000152  -0.000075  1.000000  0.000036  -0.000152  -0.000036  1.000000  0.999915  0.005846  0.011691  -0.005880  0.999979  0.002884  -0.011674  -0.002952  0.999927  0.000161  0.013888  
93.329611 0.009065  0.100003  -0.000409  0.996721  0.080549  0.007720  -0.080818  0.995685  0.045602  -0.004014  -0.046076  0.998930  0.005308  0.000412  -0.005148  0.127066  -0.045394  0.623200  2.000000  0.999906  0.006143  0.012296  -0.006181  0.999976  0.003015  -0.012278  -0.003091  0.999920  0.999908  0.013560  0.000893  -0.013563  0.999905  0.002612  -0.000857  -0.002623  0.999996  1.000000  0.000075  0.000152  -0.000075  1.000000  0.000033  -0.000152  -0.000033  1.000000  0.999906  0.006143  0.012296  -0.006181  0.999976  0.003015  -0.012278  -0.003091  0.999920  0.000162  0.013840  
93.330860 0.009072  0.100003  -0.000417  0.996654  0.081368  0.007768  -0.081639  0.995613  0.045716  -0.004014  -0.046197  0.998924  0.005285  0.000383  -0.005346  0.126975  -0.041309  0.630138  2.000000  0.999894  0.006503  0.013049  -0.006545  0.999974  0.003176  -0.013028  -0.003261  0.999910  0.999913  0.013143  0.001009  -0.013145  0.999910  0.002612  -0.000975  -0.002625  0.999996  1.000000  0.000071  0.000148  -0.000071  1.000000  0.000033  -0.000148  -0.000033  1.000000  0.999894  0.006503  0.013049  -0.006545  0.999974  0.003176  -0.013028  -0.003261  0.999910  0.000162  0.013439  
93.331861 0.009077  0.100003  -0.000424  0.996620  0.081777  0.007797  -0.082050  0.995574  0.045834  -0.004014  -0.046319  0.998919  0.005260  0.000335  -0.005502  0.126988  -0.041390  0.630196  2.000000  0.999884  0.006783  0.013637  -0.006829  0.999971  0.003298  -0.013614  -0.003391  0.999902  0.999916  0.012937  0.001001  -0.012939  0.999913  0.002491  -0.000969  -0.002504  0.999996  1.000000  0.000070  0.000146  -0.000070  1.000000  0.000031  -0.000146  -0.000031  1.000000  0.999884  0.006783  0.013637  -0.006829  0.999971  0.003298  -0.013614  -0.003391  0.999902  0.000162  0.013214  
93.333109 0.009083  0.100003  -0.000433  0.996569  0.082391  0.007835  -0.082665  0.995518  0.045950  -0.004014  -0.046440  0.998913  0.005216  0.000252  -0.005711  0.126970  -0.036704  0.623520  2.000000  0.999872  0.007131  0.014355  -0.007181  0.999968  0.003442  -0.014330  -0.003544  0.999891  0.999921  0.012532  0.000850  -0.012534  0.999919  0.002372  -0.000820  -0.002382  0.999997  1.000000  0.000069  0.000141  -0.000069  1.000000  0.000030  -0.000141  -0.000030  1.000000  0.999872  0.007131  0.014355  -0.007181  0.999968  0.003442  -0.014330  -0.003544  0.999891  0.000163  0.012784  
93.334111 0.009088  0.100003  -0.000441  0.996518  0.083006  0.007863  -0.083281  0.995466  0.045945  -0.004014  -0.046440  0.998913  0.005200  0.000216  -0.005909  0.123989  -0.037060  0.628906  2.000000  0.999861  0.007403  0.014913  -0.007456  0.999966  0.003553  -0.014886  -0.003664  0.999882  0.999924  0.012326  0.000841  -0.012328  0.999921  0.002252  -0.000813  -0.002262  0.999997  1.000000  0.000068  0.000139  -0.000068  1.000000  0.000028  -0.000139  -0.000028  1.000000  0.999861  0.007403  0.014913  -0.007456  0.999966  0.003553  -0.014886  -0.003664  0.999882  0.000161  0.012559  
93.335367 0.009095  0.100003  -0.000450  0.996484  0.083415  0.007892  -0.083691  0.995427  0.046062  -0.004014  -0.046561  0.998907  0.005174  0.000116  -0.006140  0.119958  -0.041033  0.614626  2.000000  0.999851  0.007673  0.015468  -0.007731  0.999963  0.003662  -0.015439  -0.003781  0.999874  0.999924  0.012326  0.000842  -0.012328  0.999921  0.002252  -0.000814  -0.002262  0.999997  1.000000  0.000068  0.000139  -0.000068  1.000000  0.000028  -0.000139  -0.000028  1.000000  0.999851  0.007673  0.015468  -0.007731  0.999963  0.003662  -0.015439  -0.003781  0.999874  0.000161  0.012559  
93.336613 0.009101  0.100003  -0.000459  0.996432  0.084029  0.007921  -0.084306  0.995375  0.046057  -0.004014  -0.046561  0.998907  0.005120  0.000056  -0.006359  0.114931  -0.040734  0.609585  2.000000  0.999838  0.008003  0.016146  -0.008065  0.999960  0.003789  -0.016115  -0.003918  0.999862  0.999929  0.011915  0.000823  -0.011916  0.999927  0.002011  -0.000799  -0.002020  0.999998  1.000000  0.000066  0.000134  -0.000066  1.000000  0.000025  -0.000134  -0.000025  1.000000  0.999838  0.008003  0.016146  -0.008065  0.999960  0.003789  -0.016115  -0.003918  0.999862  0.000157  0.012112  
93.337618 0.009107  0.100004  -0.000467  0.996397  0.084438  0.007950  -0.084717  0.995335  0.046175  -0.004014  -0.046682  0.998902  0.005083  0.000030  -0.006522  0.115891  -0.040828  0.607618  2.000000  0.999827  0.008262  0.016678  -0.008328  0.999958  0.003882  -0.016646  -0.004020  0.999853  0.999931  0.011709  0.000813  -0.011711  0.999930  0.001890  -0.000791  -0.001900  0.999998  1.000000  0.000065  0.000132  -0.000065  1.000000  0.000024  -0.000132  -0.000024  1.000000  0.999827  0.008262  0.016678  -0.008328  0.999958  0.003882  -0.016646  -0.004020  0.999853  0.000156  0.011890  
93.338859 0.009113  0.100004  -0.000477  0.996344  0.085047  0.008112  -0.085332  0.995283  0.046159  -0.004148  -0.046682  0.998901  0.005071  -0.000003  -0.006711  0.106837  -0.045031  0.602558  2.000000  0.999813  0.008571  0.017321  -0.008642  0.999955  0.003995  -0.017286  -0.004144  0.999842  0.999936  0.011292  0.000929  -0.011293  0.999935  0.001770  -0.000909  -0.001780  0.999998  1.000000  0.000061  0.000128  -0.000061  1.000000  0.000022  -0.000128  -0.000022  1.000000  0.999813  0.008571  0.017321  -0.008642  0.999955  0.003995  -0.017286  -0.004144  0.999842  0.000155  0.011468  
93.339860 0.009118  0.100004  -0.000485  0.996309  0.085456  0.008131  -0.085742  0.995248  0.046155  -0.004148  -0.046682  0.998901  0.005089  -0.000004  -0.006915  0.102843  -0.044447  0.588819  2.000000  0.999802  0.008806  0.017822  -0.008880  0.999952  0.004078  -0.017785  -0.004236  0.999833  0.999938  0.011086  0.000920  -0.011087  0.999937  0.001649  -0.000901  -0.001659  0.999998  1.000000  0.000059  0.000126  -0.000059  1.000000  0.000021  -0.000126  -0.000021  1.000000  0.999802  0.008806  0.017822  -0.008880  0.999952  0.004078  -0.017785  -0.004236  0.999833  0.000153  0.011247  
93.340872 0.009123  0.100003  -0.000494  0.996273  0.085866  0.008150  -0.086152  0.995212  0.046152  -0.004148  -0.046682  0.998901  0.005071  -0.000031  -0.007160  0.095579  -0.043928  0.572698  2.000000  0.999792  0.009034  0.018309  -0.009112  0.999950  0.004152  -0.018271  -0.004318  0.999824  0.999943  0.010675  0.000900  -0.010676  0.999942  0.001530  -0.000884  -0.001539  0.999998  1.000000  0.000057  0.000121  -0.000057  1.000000  0.000019  -0.000121  -0.000019  1.000000  0.999792  0.009034  0.018309  -0.009112  0.999950  0.004152  -0.018271  -0.004318  0.999824  0.000149  0.010822  
93.342110 0.009129  0.100003  -0.000504  0.996220  0.086481  0.008178  -0.086768  0.995159  0.046147  -0.004148  -0.046682  0.998901  0.005063  -0.000044  -0.007380  0.090746  -0.039162  0.568397  2.000000  0.999781  0.009256  0.018785  -0.009337  0.999948  0.004220  -0.018745  -0.004394  0.999815  0.999945  0.010469  0.000891  -0.010470  0.999944  0.001409  -0.000876  -0.001419  0.999999  1.000000  0.000056  0.000119  -0.000056  1.000000  0.000018  -0.000119  -0.000018  1.000000  0.999781  0.009256  0.018785  -0.009337  0.999948  0.004220  -0.018745  -0.004394  0.999815  0.000145  0.010602  
93.343110 0.009134  0.100003  -0.000513  0.996184  0.086891  0.008197  -0.087178  0.995124  0.046143  -0.004148  -0.046682  0.998901  0.005079  -0.000064  -0.007544  0.086731  -0.038886  0.561543  2.000000  0.999772  0.009424  0.019145  -0.009507  0.999946  0.004265  -0.019103  -0.004446  0.999808  0.999943  0.010675  0.000900  -0.010676  0.999942  0.001287  -0.000887  -0.001297  0.999999  1.000000  0.000057  0.000121  -0.000057  1.000000  0.000016  -0.000121  -0.000016  1.000000  0.999772  0.009424  0.019145  -0.009507  0.999946  0.004265  -0.019103  -0.004446  0.999808  0.000145  0.010790  
93.344112 0.009140  0.100004  -0.000521  0.996148  0.087300  0.008216  -0.087588  0.995088  0.046140  -0.004148  -0.046682  0.998901  0.005114  0.000029  -0.007681  0.079363  -0.038653  0.552450  2.000000  0.999761  0.009643  0.019614  -0.009729  0.999943  0.004321  -0.019571  -0.004510  0.999798  0.999949  0.010058  0.000872  -0.010059  0.999949  0.001169  -0.000860  -0.001177  0.999999  1.000000  0.000053  0.000114  -0.000053  1.000000  0.000015  -0.000114  -0.000015  1.000000  0.999761  0.009643  0.019614  -0.009729  0.999943  0.004321  -0.019571  -0.004510  0.999798  0.000139  0.010164  
93.345362 0.009146  0.100005  -0.000531  0.996112  0.087710  0.008235  -0.087998  0.995052  0.046137  -0.004148  -0.046682  0.998901  0.005152  0.000098  -0.007857  0.075333  -0.038053  0.538574  2.000000  0.999747  0.009909  0.020186  -0.009999  0.999940  0.004382  -0.020141  -0.004583  0.999787  0.999949  0.010058  0.000872  -0.010059  0.999949  0.001047  -0.000861  -0.001056  0.999999  1.000000  0.000053  0.000114  -0.000053  1.000000  0.000013  -0.000114  -0.000013  1.000000  0.999747  0.009909  0.020186  -0.009999  0.999940  0.004382  -0.020141  -0.004583  0.999787  0.000137  0.010150  
93.346370 0.009152  0.100006  -0.000540  0.996076  0.088121  0.008243  -0.088408  0.995021  0.046013  -0.004148  -0.046561  0.998907  0.005196  0.000171  -0.007986  0.063154  -0.037453  0.524718  2.000000  0.999736  0.010119  0.020630  -0.010212  0.999938  0.004423  -0.020584  -0.004632  0.999777  0.999953  0.009653  0.000718  -0.009653  0.999953  0.000807  -0.000710  -0.000814  0.999999  1.000000  0.000053  0.000109  -0.000053  1.000000  0.000010  -0.000109  -0.000010  1.000000  0.999736  0.010119  0.020630  -0.010212  0.999938  0.004423  -0.020584  -0.004632  0.999777  0.000134  0.009713  
93.347634 0.009159  0.100007  -0.000551  0.996039  0.088530  0.008262  -0.088818  0.994985  0.046009  -0.004148  -0.046561  0.998907  0.005268  0.000232  -0.008141  0.059105  -0.036504  0.503525  2.000000  0.999725  0.010327  0.021064  -0.010423  0.999936  0.004454  -0.021017  -0.004673  0.999768  0.999955  0.009447  0.000708  -0.009448  0.999955  0.000686  -0.000702  -0.000693  1.000000  1.000000  0.000051  0.000107  -0.000051  1.000000  0.000009  -0.000107  -0.000009  1.000000  0.999725  0.010327  0.021064  -0.010423  0.999936  0.004454  -0.021017  -0.004673  0.999768  0.000129  0.009499  
93.348860 0.009167  0.100008  -0.000563  0.996003  0.088940  0.008281  -0.089228  0.994948  0.046006  -0.004148  -0.046561  0.998907  0.005334  0.000319  -0.008300  0.054684  -0.035640  0.486129  2.000000  0.999713  0.010535  0.021496  -0.010633  0.999933  0.004481  -0.021447  -0.004708  0.999759  0.999953  0.009653  0.000718  -0.009653  0.999953  0.000564  -0.000712  -0.000571  1.000000  1.000000  0.000053  0.000109  -0.000053  1.000000  0.000007  -0.000109  -0.000007  1.000000  0.999713  0.010535  0.021496  -0.010633  0.999933  0.004481  -0.021447  -0.004708  0.999759  0.000125  0.009696  
93.350115 0.009175  0.100009  -0.000575  0.995966  0.089350  0.008300  -0.089639  0.994911  0.046002  -0.004148  -0.046561  0.998907  0.005404  0.000402  -0.008477  0.046647  -0.035402  0.479505  2.000000  0.999699  0.010784  0.022015  -0.010885  0.999931  0.004507  -0.021965  -0.004745  0.999747  0.999957  0.009241  0.000698  -0.009242  0.999957  0.000445  -0.000694  -0.000451  1.000000  1.000000  0.000050  0.000104  -0.000050  1.000000  0.000006  -0.000104  -0.000006  1.000000  0.999699  0.010784  0.022015  -0.010885  0.999931  0.004507  -0.021965  -0.004745  0.999747  0.000122  0.009279  
93.351362 0.009183  0.100010  -0.000587  0.995929  0.089759  0.008319  -0.090049  0.994875  0.045999  -0.004148  -0.046561  0.998907  0.005533  0.000455  -0.008596  0.042634  -0.034783  0.465546  2.000000  0.999688  0.010982  0.022422  -0.011086  0.999928  0.004523  -0.022371  -0.004770  0.999738  0.999959  0.009042  0.000555  -0.009042  0.999959  0.000324  -0.000552  -0.000329  1.000000  1.000000  0.000051  0.000101  -0.000051  1.000000  0.000004  -0.000101  -0.000004  1.000000  0.999688  0.010982  0.022422  -0.011086  0.999928  0.004523  -0.022371  -0.004770  0.999738  0.000119  0.009065  
93.352368 0.009189  0.100011  -0.000597  0.995892  0.090169  0.008338  -0.090459  0.994837  0.045996  -0.004148  -0.046561  0.998907  0.005592  0.000475  -0.008820  0.034889  -0.034492  0.455581  2.000000  0.999677  0.011178  0.022817  -0.011284  0.999926  0.004535  -0.022764  -0.004791  0.999729  0.999963  0.008631  0.000536  -0.008631  0.999963  0.000326  -0.000533  -0.000331  1.000000  1.000000  0.000048  0.000097  -0.000048  1.000000  0.000004  -0.000097  -0.000004  1.000000  0.999677  0.011178  0.022817  -0.011284  0.999926  0.004535  -0.022764  -0.004791  0.999729  0.000116  0.008654  
93.353612 0.009198  0.100012  -0.000609  0.995873  0.090375  0.008337  -0.090664  0.994824  0.045873  -0.004148  -0.046440  0.998912  0.005765  0.000574  -0.008989  0.026577  -0.033586  0.438246  2.000000  0.999663  0.011417  0.023298  -0.011526  0.999923  0.004539  -0.023244  -0.004806  0.999718  0.999964  0.008425  0.000525  -0.008425  0.999965  0.000085  -0.000525  -0.000089  1.000000  1.000000  0.000047  0.000094  -0.000047  1.000000  0.000001  -0.000094  -0.000001  1.000000  0.999663  0.011417  0.023298  -0.011526  0.999923  0.004539  -0.023244  -0.004806  0.999718  0.000112  0.008442  
93.354867 0.009207  0.100013  -0.000622  0.995836  0.090784  0.008356  -0.091074  0.994787  0.045870  -0.004148  -0.046440  0.998912  0.005975  0.000669  -0.009139  0.022738  -0.028750  0.428111  2.000000  0.999650  0.011647  0.023761  -0.011758  0.999921  0.004535  -0.023707  -0.004813  0.999707  0.999966  0.008220  0.000516  -0.008220  0.999966  -0.000036  -0.000516  0.000031  1.000000  1.000000  0.000046  0.000092  -0.000046  1.000000  -0.000000  -0.000092  0.000000  1.000000  0.999650  0.011647  0.023761  -0.011758  0.999921  0.004535  -0.023707  -0.004813  0.999707  0.000109  0.008236  
93.356113 0.009216  0.100014  -0.000636  0.995798  0.091194  0.008374  -0.091484  0.994750  0.045866  -0.004148  -0.046440  0.998912  0.006159  0.000708  -0.009388  0.018719  -0.028141  0.414344  2.000000  0.999636  0.011869  0.024208  -0.011982  0.999918  0.004525  -0.024153  -0.004813  0.999697  0.999969  0.007808  0.000497  -0.007808  0.999970  -0.000155  -0.000498  0.000151  1.000000  1.000000  0.000043  0.000088  -0.000043  1.000000  -0.000002  -0.000088  0.000002  1.000000  0.999636  0.011869  0.024208  -0.011982  0.999918  0.004525  -0.024153  -0.004813  0.999697  0.000104  0.007826  
93.357363 0.009225  0.100015  -0.000650  0.995779  0.091399  0.008384  -0.091689  0.994731  0.045865  -0.004148  -0.046440  0.998912  0.006355  0.000771  -0.009601  0.014849  -0.027435  0.396896  2.000000  0.999623  0.012084  0.024642  -0.012199  0.999915  0.004510  -0.024585  -0.004809  0.999686  0.999971  0.007603  0.000487  -0.007603  0.999971  -0.000154  -0.000488  0.000151  1.000000  1.000000  0.000042  0.000085  -0.000042  1.000000  -0.000002  -0.000085  0.000002  1.000000  0.999623  0.012084  0.024642  -0.012199  0.999915  0.004510  -0.024585  -0.004809  0.999686  0.000102  0.007620  
93.358382 0.009233  0.100016  -0.000661  0.995741  0.091808  0.008403  -0.092099  0.994693  0.045861  -0.004148  -0.046440  0.998912  0.006501  0.000828  -0.009817  0.010641  -0.027212  0.393319  2.000000  0.999613  0.012251  0.024978  -0.012367  0.999913  0.004498  -0.024921  -0.004805  0.999678  0.999973  0.007397  0.000478  -0.007397  0.999973  -0.000153  -0.000479  0.000150  1.000000  1.000000  0.000041  0.000083  -0.000041  1.000000  -0.000002  -0.000083  0.000002  1.000000  0.999613  0.012251  0.024978  -0.012367  0.999913  0.004498  -0.024921  -0.004805  0.999678  0.000100  0.007414  
93.359615 0.009242  0.100017  -0.000675  0.995722  0.092008  0.008534  -0.092304  0.994680  0.045726  -0.004282  -0.046318  0.998918  0.006712  0.000874  -0.010016  0.002498  -0.026587  0.379714  2.000000  0.999603  0.012411  0.025309  -0.012528  0.999911  0.004477  -0.025252  -0.004793  0.999670  0.999973  0.007391  0.000610  -0.007391  0.999973  -0.000397  -0.000613  0.000392  1.000000  1.000000  0.000040  0.000084  -0.000040  1.000000  -0.000005  -0.000084  0.000005  1.000000  0.999603  0.012411  0.025309  -0.012528  0.999911  0.004477  -0.025252  -0.004793  0.999670  0.000097  0.007427  
93.360858 0.009253  0.100019  -0.000689  0.995684  0.092418  0.008553  -0.092714  0.994642  0.045723  -0.004282  -0.046318  0.998918  0.006904  0.000938  -0.010224  0.002506  -0.026053  0.369775  2.000000  0.999590  0.012606  0.025707  -0.012725  0.999909  0.004448  -0.025648  -0.004773  0.999660  0.999975  0.006986  0.000458  -0.006986  0.999976  -0.000395  -0.000461  0.000392  1.000000  1.000000  0.000039  0.000078  -0.000039  1.000000  -0.000005  -0.000078  0.000005  1.000000  0.999590  0.012606  0.025707  -0.012725  0.999909  0.004448  -0.025648  -0.004773  0.999660  0.000093  0.007012  
93.361860 0.009261  0.100021  -0.000700  0.995664  0.092622  0.008562  -0.092919  0.994623  0.045721  -0.004282  -0.046318  0.998918  0.007058  0.000982  -0.010403  -0.001509  -0.025757  0.362907  2.000000  0.999580  0.012759  0.026016  -0.012878  0.999907  0.004424  -0.025957  -0.004757  0.999652  0.999977  0.006780  0.000448  -0.006780  0.999977  -0.000394  -0.000451  0.000391  1.000000  1.000000  0.000038  0.000076  -0.000038  1.000000  -0.000005  -0.000076  0.000005  1.000000  0.999580  0.012759  0.026016  -0.012878  0.999907  0.004424  -0.025957  -0.004757  0.999652  0.000090  0.006806  
93.363112 0.009271  0.100023  -0.000714  0.995646  0.092833  0.008439  -0.093124  0.994604  0.045732  -0.004148  -0.046318  0.998918  0.007253  0.001029  -0.010565  -0.005489  -0.020539  0.345398  2.000000  0.999568  0.012949  0.026386  -0.013070  0.999905  0.004395  -0.026327  -0.004738  0.999642  0.999978  0.006581  0.000305  -0.006581  0.999978  -0.000392  -0.000308  0.000390  1.000000  1.000000  0.000038  0.000073  -0.000038  1.000000  -0.000005  -0.000073  0.000005  1.000000  0.999568  0.012949  0.026386  -0.013070  0.999905  0.004395  -0.026327  -0.004738  0.999642  0.000088  0.006599  
