1-Time 2-Px 3-Py 4-Pz 5-R11 6-R21 7-R31 8-R12 9-R22 10-R32 11-R13 12-R23 13-R33 14-Vx 15-Vy 16-Vz 17-Wx 18-Wy 19-Wz 20-state 21-PR11 22-PR21 23-PR31 24-PR12 25-PR22 26-PR32 27-PR13 28-PR23 29-PR33 
75.766776 0.005083  0.096521  0.000361  0.994583  0.099651  0.029572  -0.101086  0.993527  0.051832  -0.024215  -0.054541  0.998218  0.000022  0.000128  0.000042  0.000000  0.000000  0.000000  2.000000  1.000000  0.000000  0.000000  -0.000000  1.000000  0.000000  0.000000  -0.000000  1.000000  1.000000  0.000000  0.000000  0.000000  1.000000  -0.000121  0.000000  0.000121  1.000000  1.000000  0.000000  0.000000  0.000000  1.000000  0.000000  0.000000  0.000000  1.000000  0.707265  0.180520  0.683512  -0.099955  0.982671  -0.156101  -0.699847  0.042084  0.713052  0.000000  0.000000  
75.767783 0.005083  0.096521  0.000361  0.994583  0.099651  0.029572  -0.101086  0.993527  0.051832  -0.024215  -0.054541  0.998218  0.000022  0.000128  0.000042  0.000000  0.000000  0.000000  2.000000  1.000000  0.000000  0.000000  0.000000  1.000000  0.000000  0.000000  0.000000  1.000000  1.000000  0.000000  0.000000  0.000000  1.000000  -0.000121  0.000000  0.000121  1.000000  1.000000  0.000000  0.000000  0.000000  1.000000  0.000000  0.000000  0.000000  1.000000  1.000000  0.000000  0.000000  0.000000  1.000000  0.000000  0.000000  0.000000  1.000000  0.000000  0.000000  
75.768783 0.005084  0.096521  0.000361  0.994541  0.100056  0.029605  -0.101495  0.993479  0.051940  -0.024215  -0.054662  0.998211  0.000074  0.000132  0.000042  0.000000  0.000000  0.000000  2.000000  1.000000  0.000000  0.000000  0.000000  1.000000  0.000000  0.000000  0.000000  1.000000  1.000000  0.000206  0.000011  -0.000206  1.000000  -0.000005  -0.000011  0.000005  1.000000  1.000000  0.000000  0.000000  0.000000  1.000000  0.000000  0.000000  0.000000  1.000000  1.000000  0.000000  0.000000  0.000000  1.000000  0.000000  0.000000  0.000000  1.000000  0.000000  0.000000  
75.769785 0.005085  0.096521  0.000362  0.994475  0.100659  0.029782  -0.102109  0.993412  0.052029  -0.024349  -0.054783  0.998201  0.000127  0.000094  0.000095  0.000000  0.000000  0.000000  2.000000  1.000000  0.000000  0.000000  0.000000  1.000000  0.000000  0.000000  0.000000  1.000000  1.000000  0.000815  0.000179  -0.000815  1.000000  -0.000020  -0.000179  0.000020  1.000000  1.000000  0.000000  0.000000  0.000000  1.000000  0.000000  0.000000  0.000000  1.000000  1.000000  0.000000  0.000000  0.000000  1.000000  0.000000  0.000000  0.000000  1.000000  0.000000  0.000000  
75.771049 0.005086  0.096519  0.000361  0.994405  0.101254  0.030092  -0.102723  0.993344  0.052104  -0.024616  -0.054903  0.998188  0.000185  -0.000002  0.000074  0.000000  0.000000  0.000000  2.000000  1.000000  0.000000  0.000000  0.000000  1.000000  0.000000  0.000000  0.000000  1.000000  0.999999  0.001424  0.000346  -0.001424  0.999999  0.000086  -0.000346  -0.000086  1.000000  1.000000  0.000000  0.000000  0.000000  1.000000  0.000000  0.000000  0.000000  1.000000  1.000000  0.000000  0.000000  0.000000  1.000000  0.000000  0.000000  0.000000  1.000000  0.000000  0.000000  
75.772283 0.005087  0.096518  0.000362  0.994360  0.101652  0.030259  -0.103132  0.993297  0.052198  -0.024750  -0.055024  0.998178  0.000238  -0.000117  0.000095  0.000000  0.000000  0.000000  2.000000  1.000000  0.000000  0.000000  0.000000  1.000000  0.000000  0.000000  0.000000  1.000000  0.999998  0.002026  0.000648  -0.002026  0.999998  0.000313  -0.000647  -0.000314  1.000000  1.000000  0.000000  0.000000  0.000000  1.000000  0.000000  0.000000  0.000000  1.000000  1.000000  0.000000  0.000000  0.000000  1.000000  0.000000  0.000000  0.000000  1.000000  0.000000  0.000000  
75.773283 0.005089  0.096518  0.000362  0.994317  0.102057  0.030293  -0.103541  0.993249  0.052306  -0.024750  -0.055145  0.998172  0.000348  -0.000133  0.000105  0.000000  0.000000  0.000000  2.000000  1.000000  0.000000  0.000000  0.000000  1.000000  0.000000  0.000000  0.000000  1.000000  0.999997  0.002231  0.000659  -0.002231  0.999997  0.000429  -0.000658  -0.000430  1.000000  1.000000  0.000000  0.000000  0.000000  1.000000  0.000000  0.000000  0.000000  1.000000  1.000000  0.000000  0.000000  0.000000  1.000000  0.000000  0.000000  0.000000  1.000000  0.000000  0.000000  
75.774353 0.005090  0.096517  0.000363  0.994278  0.102470  0.030194  -0.103951  0.993200  0.052428  -0.024616  -0.055266  0.998168  0.000437  -0.000163  0.000189  0.000000  0.000000  0.000000  2.000000  1.000000  0.000000  0.000000  0.000000  1.000000  0.000000  0.000000  0.000000  1.000000  0.999996  0.002855  0.000560  -0.002855  0.999996  0.000535  -0.000558  -0.000537  1.000000  1.000000  0.000000  0.000000  0.000000  1.000000  0.000000  0.000000  0.000000  1.000000  1.000000  0.000000  0.000000  0.000000  1.000000  0.000000  0.000000  0.000000  1.000000  0.000000  0.000000  
75.775537 0.005092  0.096517  0.000365  0.994173  0.103496  0.030128  -0.104975  0.993086  0.052531  -0.024483  -0.055388  0.998165  0.000559  -0.000166  0.000296  0.000000  0.000000  0.000000  2.000000  1.000000  0.000000  0.000000  0.000000  1.000000  0.000000  0.000000  0.000000  1.000000  0.999993  0.003677  0.000606  -0.003677  0.999993  0.000636  -0.000604  -0.000638  1.000000  1.000000  0.000000  0.000000  0.000000  1.000000  0.000000  0.000000  0.000000  1.000000  1.000000  0.000000  0.000000  0.000000  1.000000  0.000000  0.000000  0.000000  1.000000  0.000000  0.000000  
75.776786 0.005093  0.096518  0.000366  0.994065  0.104511  0.030207  -0.105998  0.992967  0.052741  -0.024483  -0.055630  0.998151  0.000673  -0.000146  0.000391  0.000000  0.000000  0.000000  2.000000  1.000000  0.000000  0.000000  0.000000  1.000000  0.000000  0.000000  0.000000  1.000000  0.999989  0.004711  0.000530  -0.004712  0.999989  0.000854  -0.000526  -0.000856  0.999999  1.000000  0.000000  0.000000  0.000000  1.000000  0.000000  0.000000  0.000000  1.000000  1.000000  0.000000  0.000000  0.000000  1.000000  0.000000  0.000000  0.000000  1.000000  0.000000  0.000000  
75.777788 0.005095  0.096518  0.000367  0.993952  0.105522  0.030407  -0.107021  0.992853  0.052816  -0.024616  -0.055751  0.998141  0.000760  -0.000136  0.000422  0.031781  -0.024540  0.199482  2.000000  1.000000  0.000078  0.000188  -0.000078  1.000000  0.000036  -0.000188  -0.000036  1.000000  0.999983  0.005731  0.000721  -0.005732  0.999983  0.000949  -0.000716  -0.000953  0.999999  1.000000  0.000028  0.000067  -0.000028  1.000000  0.000012  -0.000067  -0.000012  1.000000  1.000000  0.000078  0.000188  -0.000078  1.000000  0.000036  -0.000188  -0.000036  1.000000  0.000049  0.005854  
75.779037 0.005097  0.096519  0.000368  0.993835  0.106525  0.030740  -0.108043  0.992739  0.052876  -0.024884  -0.055871  0.998128  0.000946  -0.000062  0.000527  0.034981  -0.035441  0.233510  2.000000  1.000000  0.000231  0.000558  -0.000232  1.000000  0.000102  -0.000558  -0.000102  1.000000  0.999977  0.006751  0.000913  -0.006752  0.999977  0.001044  -0.000905  -0.001050  0.999999  1.000000  0.000032  0.000079  -0.000032  1.000000  0.000013  -0.000079  -0.000013  1.000000  1.000000  0.000231  0.000558  -0.000232  1.000000  0.000102  -0.000558  -0.000102  1.000000  0.000058  0.006893  
75.780284 0.005100  0.096521  0.000372  0.993697  0.107740  0.030951  -0.109270  0.992601  0.052944  -0.025018  -0.055992  0.998118  0.001113  0.000074  0.000738  0.038023  -0.042244  0.274713  2.000000  0.999999  0.000402  0.000996  -0.000403  1.000000  0.000174  -0.000996  -0.000174  0.999999  0.999967  0.007969  0.001249  -0.007971  0.999968  0.001132  -0.001240  -0.001142  0.999999  1.000000  0.000036  0.000094  -0.000036  1.000000  0.000014  -0.000094  -0.000014  1.000000  0.999999  0.000402  0.000996  -0.000403  1.000000  0.000174  -0.000996  -0.000174  0.999999  0.000069  0.008146  
75.781533 0.005104  0.096524  0.000375  0.993558  0.108955  0.031162  -0.110497  0.992462  0.053011  -0.025151  -0.056113  0.998108  0.001368  0.000220  0.000980  0.041057  -0.049050  0.315898  2.000000  0.999999  0.000599  0.001510  -0.000599  1.000000  0.000252  -0.001510  -0.000253  0.999999  0.999957  0.009194  0.001454  -0.009196  0.999957  0.001342  -0.001441  -0.001355  0.999998  1.000000  0.000042  0.000109  -0.000042  1.000000  0.000017  -0.000109  -0.000017  1.000000  0.999999  0.000599  0.001510  -0.000599  1.000000  0.000252  -0.001510  -0.000253  0.999999  0.000079  0.009406  
75.782783 0.005107  0.096526  0.000379  0.993418  0.110169  0.031374  -0.111724  0.992321  0.053078  -0.025285  -0.056234  0.998097  0.001539  0.000379  0.001193  0.044088  -0.055865  0.357108  2.000000  0.999998  0.000780  0.001984  -0.000781  1.000000  0.000320  -0.001984  -0.000322  0.999998  0.999944  0.010419  0.001658  -0.010422  0.999945  0.001430  -0.001643  -0.001447  0.999998  1.000000  0.000047  0.000123  -0.000047  1.000000  0.000018  -0.000123  -0.000018  1.000000  0.999998  0.000780  0.001984  -0.000781  1.000000  0.000320  -0.001984  -0.000322  0.999998  0.000090  0.010648  
75.784033 0.005110  0.096528  0.000382  0.993279  0.111388  0.031466  -0.112951  0.992171  0.053280  -0.025285  -0.056476  0.998084  0.001725  0.000544  0.001413  0.050818  -0.057765  0.395459  2.000000  0.999996  0.001038  0.002643  -0.001039  0.999999  0.000413  -0.002643  -0.000415  0.999996  0.999931  0.011652  0.001728  -0.011655  0.999931  0.001519  -0.001710  -0.001539  0.999997  1.000000  0.000054  0.000137  -0.000054  1.000000  0.000019  -0.000137  -0.000019  1.000000  0.999996  0.001038  0.002643  -0.001039  0.999999  0.000413  -0.002643  -0.000415  0.999996  0.000100  0.011879  
75.785033 0.005112  0.096530  0.000384  0.993162  0.112405  0.031535  -0.113974  0.992049  0.053368  -0.025285  -0.056597  0.998077  0.001838  0.000641  0.001540  0.054431  -0.060160  0.433042  2.000000  0.999994  0.001270  0.003221  -0.001272  0.999999  0.000494  -0.003220  -0.000498  0.999995  0.999918  0.012679  0.001787  -0.012682  0.999918  0.001614  -0.001767  -0.001636  0.999997  1.000000  0.000060  0.000148  -0.000060  1.000000  0.000020  -0.000148  -0.000020  1.000000  0.999994  0.001270  0.003221  -0.001272  0.999999  0.000494  -0.003220  -0.000498  0.999995  0.000109  0.012908  
75.786033 0.005115  0.096530  0.000386  0.993041  0.113415  0.031736  -0.114995  0.991927  0.053441  -0.025419  -0.056718  0.998067  0.001920  0.000726  0.001640  0.061745  -0.066627  0.467694  2.000000  0.999991  0.001521  0.003843  -0.001523  0.999999  0.000582  -0.003843  -0.000588  0.999992  0.999904  0.013698  0.001982  -0.013702  0.999904  0.001827  -0.001957  -0.001854  0.999996  1.000000  0.000064  0.000161  -0.000064  1.000000  0.000023  -0.000161  -0.000023  1.000000  0.999991  0.001521  0.003843  -0.001523  0.999999  0.000582  -0.003843  -0.000588  0.999992  0.000118  0.013963  
75.787041 0.005117  0.096530  0.000388  0.992922  0.114428  0.031819  -0.116018  0.991797  0.053648  -0.025419  -0.056960  0.998053  0.002025  0.000828  0.001760  0.068977  -0.068548  0.501757  2.000000  0.999988  0.001790  0.004511  -0.001793  0.999998  0.000679  -0.004510  -0.000687  0.999990  0.999889  0.014725  0.002044  -0.014729  0.999889  0.002043  -0.002013  -0.002073  0.999996  1.000000  0.000070  0.000172  -0.000070  1.000000  0.000026  -0.000172  -0.000026  1.000000  0.999988  0.001790  0.004511  -0.001793  0.999998  0.000679  -0.004510  -0.000687  0.999990  0.000127  0.015009  
75.788290 0.005120  0.096530  0.000390  0.992774  0.115634  0.032060  -0.117244  0.991636  0.053954  -0.025553  -0.057323  0.998029  0.002123  0.000859  0.001889  0.080132  -0.075444  0.542886  2.000000  0.999983  0.002154  0.005411  -0.002158  0.999997  0.000813  -0.005409  -0.000825  0.999985  0.999870  0.015950  0.002251  -0.015955  0.999870  0.002251  -0.002215  -0.002287  0.999995  1.000000  0.000076  0.000187  -0.000076  1.000000  0.000028  -0.000187  -0.000028  1.000000  0.999983  0.002154  0.005411  -0.002158  0.999997  0.000813  -0.005409  -0.000825  0.999985  0.000137  0.016268  
75.789534 0.005125  0.096529  0.000392  0.992598  0.117040  0.032431  -0.118673  0.991458  0.054117  -0.025820  -0.057565  0.998008  0.002313  0.000815  0.001881  0.087008  -0.087210  0.590763  2.000000  0.999976  0.002544  0.006387  -0.002551  0.999996  0.000962  -0.006384  -0.000979  0.999979  0.999849  0.017174  0.002461  -0.017180  0.999849  0.002458  -0.002418  -0.002500  0.999994  1.000000  0.000081  0.000201  -0.000081  1.000000  0.000031  -0.000201  -0.000031  1.000000  0.999976  0.002544  0.006387  -0.002551  0.999996  0.000962  -0.006384  -0.000979  0.999979  0.000150  0.017527  
75.790535 0.005127  0.096528  0.000392  0.992471  0.118044  0.032648  -0.119695  0.991324  0.054308  -0.025954  -0.057807  0.997990  0.002378  0.000709  0.001825  0.094253  -0.093715  0.625035  2.000000  0.999972  0.002792  0.007005  -0.002799  0.999996  0.001058  -0.007002  -0.001077  0.999975  0.999839  0.017790  0.002501  -0.017796  0.999838  0.002682  -0.002452  -0.002726  0.999993  1.000000  0.000084  0.000208  -0.000084  1.000000  0.000034  -0.000208  -0.000034  1.000000  0.999972  0.002792  0.007005  -0.002799  0.999996  0.001058  -0.007002  -0.001077  0.999975  0.000158  0.018168  
75.791785 0.005131  0.096526  0.000392  0.992319  0.119249  0.032891  -0.120920  0.991159  0.054612  -0.026088  -0.058170  0.997966  0.002507  0.000517  0.001753  0.105463  -0.100723  0.666630  2.000000  0.999962  0.003212  0.008056  -0.003221  0.999994  0.001226  -0.008052  -0.001252  0.999967  0.999831  0.018200  0.002529  -0.018207  0.999830  0.002790  -0.002477  -0.002835  0.999993  1.000000  0.000087  0.000213  -0.000087  1.000000  0.000035  -0.000213  -0.000035  1.000000  0.999962  0.003212  0.008056  -0.003221  0.999994  0.001226  -0.008052  -0.001252  0.999967  0.000170  0.018590  
75.792786 0.005133  0.096524  0.000392  0.992219  0.120057  0.032965  -0.121737  0.991047  0.054825  -0.026088  -0.058412  0.997952  0.002594  0.000375  0.001722  0.112845  -0.102296  0.693774  2.000000  0.999954  0.003561  0.008919  -0.003573  0.999993  0.001367  -0.008914  -0.001399  0.999959  0.999824  0.018610  0.002557  -0.018617  0.999823  0.002776  -0.002505  -0.002823  0.999993  1.000000  0.000089  0.000217  -0.000089  1.000000  0.000035  -0.000217  -0.000035  1.000000  0.999954  0.003561  0.008919  -0.003573  0.999993  0.001367  -0.008914  -0.001399  0.999959  0.000177  0.018994  
75.794033 0.005137  0.096521  0.000393  0.992090  0.121062  0.033183  -0.122758  0.990911  0.055015  -0.026222  -0.058654  0.997934  0.002658  0.000107  0.001650  0.120085  -0.108834  0.728078  2.000000  0.999942  0.004015  0.010024  -0.004030  0.999991  0.001549  -0.010018  -0.001589  0.999949  0.999812  0.019225  0.002599  -0.019233  0.999811  0.002999  -0.002541  -0.003049  0.999992  1.000000  0.000092  0.000224  -0.000092  1.000000  0.000038  -0.000224  -0.000038  1.000000  0.999942  0.004015  0.010024  -0.004030  0.999991  0.001549  -0.010018  -0.001589  0.999949  0.000186  0.019636  
75.795035 0.005141  0.096519  0.000393  0.991985  0.121862  0.033391  -0.123574  0.990798  0.055212  -0.026355  -0.058896  0.997916  0.002771  -0.000117  0.001525  0.127482  -0.114975  0.755394  2.000000  0.999931  0.004379  0.010926  -0.004398  0.999989  0.001699  -0.010919  -0.001747  0.999939  0.999807  0.019414  0.002883  -0.019423  0.999807  0.003112  -0.002822  -0.003168  0.999991  1.000000  0.000090  0.000228  -0.000090  1.000000  0.000039  -0.000228  -0.000039  1.000000  0.999931  0.004379  0.010926  -0.004398  0.999989  0.001699  -0.010919  -0.001747  0.999939  0.000193  0.019878  
75.796036 0.005144  0.096517  0.000394  0.991883  0.122670  0.033466  -0.124391  0.990684  0.055425  -0.026355  -0.059138  0.997902  0.002811  -0.000421  0.001287  0.134934  -0.116640  0.783002  2.000000  0.999919  0.004733  0.011831  -0.004755  0.999987  0.001853  -0.011822  -0.001909  0.999928  0.999811  0.019200  0.003009  -0.019210  0.999810  0.003239  -0.002947  -0.003297  0.999990  1.000000  0.000088  0.000227  -0.000088  1.000000  0.000041  -0.000227  -0.000041  1.000000  0.999919  0.004733  0.011831  -0.004755  0.999987  0.001853  -0.011822  -0.001909  0.999928  0.000200  0.019709  
75.797284 0.005148  0.096515  0.000394  0.991751  0.123673  0.033685  -0.125412  0.990545  0.055614  -0.026489  -0.059380  0.997884  0.002827  -0.000718  0.001110  0.142193  -0.123226  0.817469  2.000000  0.999903  0.005167  0.012971  -0.005194  0.999984  0.002049  -0.012960  -0.002117  0.999914  0.999811  0.019192  0.003148  -0.019202  0.999810  0.003237  -0.003085  -0.003297  0.999990  1.000000  0.000086  0.000227  -0.000086  1.000000  0.000041  -0.000227  -0.000041  1.000000  0.999903  0.005167  0.012971  -0.005194  0.999984  0.002049  -0.012960  -0.002117  0.999914  0.000208  0.019722  
75.798532 0.005151  0.096512  0.000395  0.991618  0.124677  0.033905  -0.126432  0.990404  0.055803  -0.026623  -0.059622  0.997866  0.002810  -0.001053  0.000935  0.144314  -0.128381  0.837868  2.000000  0.999888  0.005514  0.013882  -0.005545  0.999982  0.002211  -0.013870  -0.002288  0.999901  0.999811  0.019191  0.003150  -0.019202  0.999810  0.003234  -0.003087  -0.003294  0.999990  1.000000  0.000086  0.000227  -0.000086  1.000000  0.000041  -0.000227  -0.000041  1.000000  0.999888  0.005514  0.013882  -0.005545  0.999982  0.002211  -0.013870  -0.002288  0.999901  0.000214  0.019721  
75.799781 0.005155  0.096510  0.000396  0.991510  0.125480  0.034099  -0.127248  0.990296  0.055878  -0.026757  -0.059742  0.997855  0.002867  -0.001299  0.000852  0.144215  -0.128494  0.837925  2.000000  0.999870  0.005941  0.015011  -0.005978  0.999979  0.002418  -0.014997  -0.002507  0.999884  0.999815  0.018993  0.003009  -0.019003  0.999814  0.003359  -0.002944  -0.003415  0.999990  1.000000  0.000087  0.000224  -0.000087  1.000000  0.000042  -0.000224  -0.000042  1.000000  0.999870  0.005941  0.015011  -0.005978  0.999979  0.002418  -0.014997  -0.002507  0.999884  0.000216  0.019527  
75.801029 0.005158  0.096507  0.000397  0.991401  0.126279  0.034308  -0.128064  0.990179  0.056073  -0.026890  -0.059984  0.997837  0.002866  -0.001526  0.000760  0.147990  -0.124654  0.845451  2.000000  0.999850  0.006362  0.016121  -0.006405  0.999976  0.002627  -0.016104  -0.002730  0.999867  0.999823  0.018582  0.002987  -0.018592  0.999821  0.003367  -0.002923  -0.003422  0.999990  1.000000  0.000084  0.000220  -0.000084  1.000000  0.000042  -0.000220  -0.000042  1.000000  0.999850  0.006362  0.016121  -0.006405  0.999976  0.002627  -0.016104  -0.002730  0.999867  0.000218  0.019125  
75.802029 0.005159  0.096505  0.000398  0.991318  0.126879  0.034490  -0.128676  0.990096  0.056154  -0.027024  -0.060105  0.997826  0.002817  -0.001682  0.000699  0.147643  -0.125104  0.851965  2.000000  0.999833  0.006692  0.016988  -0.006740  0.999973  0.002798  -0.016969  -0.002912  0.999852  0.999831  0.018170  0.002967  -0.018181  0.999829  0.003498  -0.002902  -0.003551  0.999989  1.000000  0.000082  0.000215  -0.000082  1.000000  0.000044  -0.000215  -0.000044  1.000000  0.999833  0.006692  0.016988  -0.006740  0.999973  0.002798  -0.016969  -0.002912  0.999852  0.000220  0.018746  
75.803045 0.005160  0.096502  0.000399  0.991262  0.127274  0.034661  -0.129084  0.990037  0.056243  -0.027158  -0.060226  0.997815  0.002728  -0.001899  0.000626  0.148724  -0.130662  0.858264  2.000000  0.999817  0.007005  0.017829  -0.007059  0.999971  0.002970  -0.017808  -0.003095  0.999837  0.999842  0.017554  0.002932  -0.017564  0.999840  0.003513  -0.002870  -0.003564  0.999990  1.000000  0.000078  0.000208  -0.000078  1.000000  0.000044  -0.000208  -0.000044  1.000000  0.999817  0.007005  0.017829  -0.007059  0.999971  0.002970  -0.017808  -0.003095  0.999837  0.000222  0.018146  
75.804303 0.005161  0.096498  0.000401  0.991178  0.127869  0.034860  -0.129695  0.989946  0.056445  -0.027292  -0.060468  0.997797  0.002471  -0.002108  0.000617  0.151661  -0.139313  0.859190  2.000000  0.999795  0.007377  0.018848  -0.007438  0.999967  0.003187  -0.018824  -0.003327  0.999817  0.999852  0.016929  0.003033  -0.016940  0.999850  0.003649  -0.002970  -0.003700  0.999989  1.000000  0.000073  0.000202  -0.000073  1.000000  0.000046  -0.000202  -0.000046  1.000000  0.999795  0.007377  0.018848  -0.007438  0.999967  0.003187  -0.018824  -0.003327  0.999817  0.000222  0.017587  
75.805533 0.005162  0.096494  0.000401  0.991094  0.128464  0.035058  -0.130307  0.989854  0.056646  -0.027425  -0.060710  0.997779  0.002312  -0.002250  0.000620  0.155829  -0.147364  0.843631  2.000000  0.999778  0.007657  0.019639  -0.007725  0.999965  0.003364  -0.019613  -0.003515  0.999801  0.999862  0.016312  0.002997  -0.016323  0.999860  0.003667  -0.002937  -0.003715  0.999989  1.000000  0.000070  0.000195  -0.000070  1.000000  0.000046  -0.000195  -0.000046  1.000000  0.999778  0.007657  0.019639  -0.007725  0.999965  0.003364  -0.019613  -0.003515  0.999801  0.000219  0.016992  
75.806786 0.005162  0.096490  0.000401  0.991041  0.128867  0.035097  -0.130715  0.989794  0.056751  -0.027425  -0.060831  0.997771  0.002095  -0.002381  0.000600  0.153702  -0.142635  0.823208  2.000000  0.999760  0.007923  0.020409  -0.007997  0.999962  0.003543  -0.020380  -0.003705  0.999785  0.999872  0.015695  0.002964  -0.015706  0.999870  0.003682  -0.002906  -0.003728  0.999989  1.000000  0.000066  0.000188  -0.000066  1.000000  0.000046  -0.000188  -0.000046  1.000000  0.999760  0.007923  0.020409  -0.007997  0.999962  0.003543  -0.020380  -0.003705  0.999785  0.000214  0.016397  
75.808035 0.005162  0.096485  0.000401  0.990983  0.129258  0.035284  -0.131123  0.989728  0.056959  -0.027559  -0.061072  0.997753  0.001816  -0.002526  0.000560  0.156952  -0.144850  0.795544  2.000000  0.999738  0.008238  0.021335  -0.008320  0.999958  0.003766  -0.021303  -0.003943  0.999765  0.999882  0.015070  0.003064  -0.015081  0.999879  0.003697  -0.003008  -0.003743  0.999988  1.000000  0.000061  0.000182  -0.000061  1.000000  0.000047  -0.000182  -0.000047  1.000000  0.999738  0.008238  0.021335  -0.008320  0.999958  0.003766  -0.021303  -0.003943  0.999765  0.000209  0.015822  
75.809037 0.005161  0.096481  0.000401  0.990925  0.129649  0.035471  -0.131530  0.989662  0.057167  -0.027693  -0.061314  0.997734  0.001581  -0.002646  0.000508  0.161193  -0.139736  0.782068  2.000000  0.999721  0.008474  0.022045  -0.008563  0.999956  0.003942  -0.022010  -0.004130  0.999749  0.999894  0.014256  0.002882  -0.014266  0.999892  0.003600  -0.002831  -0.003640  0.999989  1.000000  0.000058  0.000172  -0.000058  1.000000  0.000045  -0.000172  -0.000045  1.000000  0.999721  0.008474  0.022045  -0.008563  0.999956  0.003942  -0.022010  -0.004130  0.999749  0.000204  0.014989  
75.810292 0.005161  0.096476  0.000399  0.990867  0.130040  0.035659  -0.131938  0.989596  0.057375  -0.027827  -0.061556  0.997716  0.001248  -0.002828  0.000383  0.167335  -0.134493  0.754130  2.000000  0.999700  0.008744  0.022884  -0.008842  0.999952  0.004160  -0.022846  -0.004361  0.999729  0.999908  0.013220  0.002956  -0.013230  0.999906  0.003504  -0.002910  -0.003543  0.999989  1.000000  0.000051  0.000162  -0.000051  1.000000  0.000044  -0.000162  -0.000044  1.000000  0.999700  0.008744  0.022884  -0.008842  0.999952  0.004160  -0.022846  -0.004361  0.999729  0.000197  0.013998  
75.811537 0.005159  0.096470  0.000396  0.990836  0.130231  0.035819  -0.132141  0.989563  0.057470  -0.027960  -0.061677  0.997704  0.000854  -0.003107  0.000131  0.169984  -0.132874  0.711900  2.000000  0.999680  0.008985  0.023654  -0.009091  0.999949  0.004373  -0.023614  -0.004587  0.999711  0.999922  0.012201  0.002763  -0.012210  0.999920  0.003410  -0.002721  -0.003444  0.999990  1.000000  0.000047  0.000149  -0.000047  1.000000  0.000043  -0.000149  -0.000043  1.000000  0.999680  0.008985  0.023654  -0.009091  0.999949  0.004373  -0.023614  -0.004587  0.999711  0.000191  0.012971  
75.812787 0.005158  0.096464  0.000393  0.990778  0.130622  0.036006  -0.132549  0.989497  0.057678  -0.028094  -0.061919  0.997686  0.000590  -0.003307  -0.000154  0.173133  -0.135144  0.684892  2.000000  0.999661  0.009198  0.024372  -0.009312  0.999946  0.004580  -0.024329  -0.004805  0.999692  0.999932  0.011378  0.002715  -0.011388  0.999929  0.003432  -0.002676  -0.003463  0.999990  1.000000  0.000042  0.000140  -0.000042  1.000000  0.000043  -0.000140  -0.000043  1.000000  0.999661  0.009198  0.024372  -0.009312  0.999946  0.004580  -0.024329  -0.004805  0.999692  0.000184  0.012196  
75.814034 0.005157  0.096459  0.000391  0.990747  0.130808  0.036182  -0.132752  0.989457  0.057893  -0.028228  -0.062160  0.997667  0.000248  -0.003507  -0.000375  0.174030  -0.137761  0.650131  2.000000  0.999646  0.009354  0.024918  -0.009475  0.999944  0.004743  -0.024872  -0.004977  0.999678  0.999939  0.010762  0.002678  -0.010771  0.999936  0.003327  -0.002642  -0.003356  0.999991  1.000000  0.000038  0.000133  -0.000038  1.000000  0.000042  -0.000133  -0.000042  1.000000  0.999646  0.009354  0.024918  -0.009475  0.999944  0.004743  -0.024872  -0.004977  0.999678  0.000176  0.011583  
75.815288 0.005156  0.096455  0.000389  0.990692  0.131211  0.036222  -0.133160  0.989396  0.057998  -0.028228  -0.062281  0.997659  -0.000043  -0.003621  -0.000564  0.170630  -0.131726  0.622670  2.000000  0.999628  0.009529  0.025563  -0.009659  0.999941  0.004943  -0.025514  -0.005188  0.999661  0.999945  0.010145  0.002643  -0.010153  0.999943  0.003224  -0.002610  -0.003251  0.999991  1.000000  0.000035  0.000126  -0.000035  1.000000  0.000040  -0.000126  -0.000040  1.000000  0.999628  0.009529  0.025563  -0.009659  0.999941  0.004943  -0.025514  -0.005188  0.999661  0.000170  0.010972  
75.816534 0.005156  0.096452  0.000387  0.990661  0.131402  0.036382  -0.133364  0.989363  0.058093  -0.028362  -0.062402  0.997648  -0.000225  -0.003636  -0.000766  0.167461  -0.134278  0.587923  2.000000  0.999611  0.009688  0.026164  -0.009826  0.999939  0.005136  -0.026112  -0.005391  0.999644  0.999953  0.009323  0.002593  -0.009331  0.999952  0.003125  -0.002564  -0.003149  0.999992  1.000000  0.000030  0.000117  -0.000030  1.000000  0.000039  -0.000117  -0.000039  1.000000  0.999611  0.009688  0.026164  -0.009826  0.999939  0.005136  -0.026112  -0.005391  0.999644  0.000161  0.010173  
75.817783 0.005154  0.096448  0.000384  0.990634  0.131597  0.036426  -0.133567  0.989322  0.058325  -0.028362  -0.062644  0.997633  -0.000453  -0.003639  -0.001010  0.166620  -0.127645  0.562843  2.000000  0.999595  0.009820  0.026712  -0.009965  0.999936  0.005322  -0.026658  -0.005586  0.999629  0.999961  0.008509  0.002409  -0.008517  0.999959  0.003028  -0.002383  -0.003048  0.999993  1.000000  0.000027  0.000107  -0.000027  1.000000  0.000038  -0.000107  -0.000038  1.000000  0.999595  0.009820  0.026712  -0.009965  0.999936  0.005322  -0.026658  -0.005586  0.999629  0.000153  0.009351  
75.819052 0.005152  0.096444  0.000382  0.990603  0.131788  0.036586  -0.133771  0.989289  0.058420  -0.028495  -0.062765  0.997621  -0.000607  -0.003657  -0.001275  0.161168  -0.125431  0.511909  2.000000  0.999580  0.009930  0.027211  -0.010083  0.999934  0.005503  -0.027155  -0.005775  0.999615  0.999969  0.007482  0.002346  -0.007489  0.999968  0.002935  -0.002324  -0.002952  0.999993  1.000000  0.000022  0.000096  -0.000022  1.000000  0.000037  -0.000096  -0.000037  1.000000  0.999580  0.009930  0.027211  -0.010083  0.999934  0.005503  -0.027155  -0.005775  0.999615  0.000142  0.008376  
75.820280 0.005150  0.096440  0.000379  0.990571  0.131979  0.036746  -0.133974  0.989256  0.058514  -0.028629  -0.062886  0.997610  -0.000755  -0.003637  -0.001473  0.156626  -0.122950  0.480745  2.000000  0.999570  0.010002  0.027580  -0.010162  0.999932  0.005646  -0.027521  -0.005924  0.999604  0.999972  0.007071  0.002321  -0.007078  0.999971  0.002825  -0.002301  -0.002841  0.999993  1.000000  0.000019  0.000091  -0.000019  1.000000  0.000035  -0.000091  -0.000035  1.000000  0.999570  0.010002  0.027580  -0.010162  0.999932  0.005646  -0.027521  -0.005924  0.999604  0.000132  0.007963  
75.821301 0.005150  0.096438  0.000377  0.990540  0.132174  0.036891  -0.134178  0.989230  0.058489  -0.028763  -0.062886  0.997606  -0.000845  -0.003546  -0.001634  0.150490  -0.121807  0.449702  2.000000  0.999559  0.010066  0.027927  -0.010231  0.999931  0.005788  -0.027867  -0.006071  0.999593  0.999975  0.006660  0.002296  -0.006666  0.999974  0.002836  -0.002277  -0.002851  0.999993  1.000000  0.000017  0.000086  -0.000017  1.000000  0.000036  -0.000086  -0.000036  1.000000  0.999559  0.010066  0.027927  -0.010231  0.999931  0.005788  -0.027867  -0.006071  0.999593  0.000127  0.007597  
75.822535 0.005148  0.096436  0.000376  0.990508  0.132365  0.037051  -0.134381  0.989196  0.058583  -0.028896  -0.063006  0.997595  -0.000908  -0.003389  -0.001693  0.143142  -0.120322  0.422369  2.000000  0.999550  0.010119  0.028253  -0.010290  0.999929  0.005928  -0.028191  -0.006217  0.999583  0.999979  0.006044  0.002258  -0.006050  0.999978  0.002853  -0.002241  -0.002867  0.999993  1.000000  0.000013  0.000080  -0.000013  1.000000  0.000036  -0.000080  -0.000036  1.000000  0.999550  0.010119  0.028253  -0.010290  0.999929  0.005928  -0.028191  -0.006217  0.999583  0.000118  0.007057  
75.823788 0.005147  0.096435  0.000374  0.990508  0.132361  0.037067  -0.134381  0.989189  0.058703  -0.028896  -0.063127  0.997587  -0.000949  -0.003142  -0.001797  0.139961  -0.113780  0.388017  2.000000  0.999538  0.010175  0.028632  -0.010354  0.999928  0.006101  -0.028568  -0.006394  0.999571  0.999983  0.005436  0.002086  -0.005441  0.999981  0.002750  -0.002071  -0.002761  0.999994  1.000000  0.000011  0.000072  -0.000011  1.000000  0.000034  -0.000072  -0.000034  1.000000  0.999538  0.010175  0.028632  -0.010354  0.999928  0.006101  -0.028568  -0.006394  0.999571  0.000110  0.006441  
75.825035 0.005147  0.096434  0.000372  0.990481  0.132560  0.037095  -0.134585  0.989155  0.058816  -0.028896  -0.063248  0.997579  -0.000961  -0.002884  -0.001853  0.132557  -0.107702  0.360677  2.000000  0.999530  0.010212  0.028906  -0.010396  0.999927  0.006236  -0.028841  -0.006534  0.999563  0.999985  0.005033  0.001928  -0.005038  0.999983  0.002762  -0.001914  -0.002771  0.999994  1.000000  0.000011  0.000067  -0.000011  1.000000  0.000035  -0.000067  -0.000035  1.000000  0.999530  0.010212  0.028906  -0.010396  0.999927  0.006236  -0.028841  -0.006534  0.999563  0.000103  0.006058  
75.826293 0.005146  0.096432  0.000369  0.990477  0.132547  0.037244  -0.134585  0.989149  0.058918  -0.029030  -0.063369  0.997568  -0.000882  -0.002536  -0.001843  0.129545  -0.105191  0.319140  2.000000  0.999530  0.010212  0.028906  -0.010396  0.999927  0.006236  -0.028841  -0.006534  0.999563  0.999988  0.004408  0.002023  -0.004413  0.999987  0.002658  -0.002011  -0.002667  0.999994  1.000000  0.000000  0.000000  0.000000  1.000000  0.000000  0.000000  0.000000  1.000000  0.999530  0.010212  0.028906  -0.010396  0.999927  0.006236  -0.028841  -0.006534  0.999563  0.000095  0.000000  
75.827535 0.005146  0.096431  0.000365  0.990449  0.132746  0.037272  -0.134788  0.989115  0.059030  -0.029030  -0.063490  0.997560  -0.000863  -0.002249  -0.001877  0.126067  -0.103990  0.298466  2.000000  0.999530  0.010212  0.028906  -0.010396  0.999927  0.006236  -0.028841  -0.006534  0.999563  0.999990  0.004006  0.001864  -0.004010  0.999989  0.002549  -0.001853  -0.002556  0.999995  1.000000  0.000000  0.000000  0.000000  1.000000  0.000000  0.000000  0.000000  1.000000  0.999530  0.010212  0.028906  -0.010396  0.999927  0.006236  -0.028841  -0.006534  0.999563  0.000086  0.000000  
75.828540 0.005145  0.096431  0.000362  0.990445  0.132733  0.037420  -0.134788  0.989108  0.059132  -0.029164  -0.063611  0.997549  -0.000814  -0.002008  -0.001920  0.126790  -0.102315  0.270824  2.000000  0.999530  0.010212  0.028906  -0.010396  0.999927  0.006236  -0.028841  -0.006534  0.999563  0.999992  0.003595  0.001838  -0.003599  0.999991  0.002439  -0.001829  -0.002445  0.999995  1.000000  0.000000  0.000000  0.000000  1.000000  0.000000  0.000000  0.000000  1.000000  0.999530  0.010212  0.028906  -0.010396  0.999927  0.006236  -0.028841  -0.006534  0.999563  0.000081  0.000000  
75.829782 0.005146  0.096430  0.000359  0.990414  0.132924  0.037581  -0.134991  0.989075  0.059226  -0.029298  -0.063732  0.997537  -0.000696  -0.001750  -0.002040  0.123258  -0.096606  0.250407  2.000000  0.999530  0.010212  0.028906  -0.010396  0.999927  0.006236  -0.028841  -0.006534  0.999563  0.999993  0.003398  0.001692  -0.003401  0.999992  0.002324  -0.001684  -0.002329  0.999996  1.000000  0.000000  0.000000  0.000000  1.000000  0.000000  0.000000  0.000000  1.000000  0.999530  0.010212  0.028906  -0.010396  0.999927  0.006236  -0.028841  -0.006534  0.999563  0.000076  0.000000  
75.831031 0.005147  0.096430  0.000355  0.990410  0.132911  0.037729  -0.134991  0.989069  0.059328  -0.029431  -0.063852  0.997525  -0.000585  -0.001546  -0.002202  0.124008  -0.094925  0.222788  2.000000  0.999530  0.010212  0.028906  -0.010396  0.999927  0.006236  -0.028841  -0.006534  0.999563  0.999993  0.003192  0.001679  -0.003196  0.999992  0.002329  -0.001672  -0.002335  0.999996  1.000000  0.000000  0.000000  0.000000  1.000000  0.000000  0.000000  0.000000  1.000000  0.999530  0.010212  0.028906  -0.010396  0.999927  0.006236  -0.028841  -0.006534  0.999563  0.000070  0.000000  
75.832033 0.005148  0.096430  0.000352  0.990410  0.132906  0.037745  -0.134991  0.989062  0.059448  -0.029431  -0.063973  0.997518  -0.000456  -0.001382  -0.002260  0.124382  -0.089604  0.209246  2.000000  0.999530  0.010212  0.028906  -0.010396  0.999927  0.006236  -0.028841  -0.006534  0.999563  0.999995  0.002772  0.001787  -0.002776  0.999994  0.002220  -0.001780  -0.002225  0.999996  1.000000  0.000000  0.000000  0.000000  1.000000  0.000000  0.000000  0.000000  1.000000  0.999530  0.010212  0.028906  -0.010396  0.999927  0.006236  -0.028841  -0.006534  0.999563  0.000066  0.000000  
75.833282 0.005150  0.096430  0.000348  0.990378  0.133097  0.037906  -0.135194  0.989028  0.059542  -0.029565  -0.064094  0.997506  -0.000239  -0.001122  -0.002378  0.119730  -0.092532  0.193602  2.000000  0.999530  0.010212  0.028906  -0.010396  0.999927  0.006236  -0.028841  -0.006534  0.999563  0.999995  0.002781  0.001653  -0.002784  0.999994  0.002219  -0.001647  -0.002224  0.999996  1.000000  0.000000  0.000000  0.000000  1.000000  0.000000  0.000000  0.000000  1.000000  0.999530  0.010212  0.028906  -0.010396  0.999927  0.006236  -0.028841  -0.006534  0.999563  0.000064  0.000000  
75.834286 0.005151  0.096430  0.000344  0.990378  0.133097  0.037906  -0.135194  0.989028  0.059542  -0.029565  -0.064094  0.997506  -0.000027  -0.000894  -0.002494  0.116095  -0.087261  0.180227  2.000000  0.999530  0.010212  0.028906  -0.010396  0.999927  0.006236  -0.028841  -0.006534  0.999563  0.999996  0.002370  0.001627  -0.002373  0.999995  0.001989  -0.001622  -0.001993  0.999997  1.000000  0.000000  0.000000  0.000000  1.000000  0.000000  0.000000  0.000000  1.000000  0.999530  0.010212  0.028906  -0.010396  0.999927  0.006236  -0.028841  -0.006534  0.999563  0.000058  0.000000  
75.835298 0.005153  0.096430  0.000340  0.990374  0.133083  0.038054  -0.135194  0.989022  0.059644  -0.029699  -0.064215  0.997494  0.000210  -0.000673  -0.002590  0.000000  0.000000  0.000000  2.000000  0.999530  0.010212  0.028906  -0.010396  0.999927  0.006236  -0.028841  -0.006534  0.999563  0.999996  0.002164  0.001614  -0.002168  0.999996  0.001995  -0.001610  -0.001998  0.999997  1.000000  0.000000  0.000000  0.000000  1.000000  0.000000  0.000000  0.000000  1.000000  0.999530  0.010212  0.028906  -0.010396  0.999927  0.006236  -0.028841  -0.006534  0.999563  0.000056  0.000000  
75.836532 0.005155  0.096430  0.000336  0.990374  0.133079  0.038070  -0.135194  0.989015  0.059764  -0.029699  -0.064336  0.997486  0.000432  -0.000486  -0.002745  0.000000  0.000000  0.000000  2.000000  0.999530  0.010212  0.028906  -0.010396  0.999927  0.006236  -0.028841  -0.006534  0.999563  0.999997  0.001959  0.001601  -0.001962  0.999996  0.001880  -0.001597  -0.001883  0.999997  1.000000  0.000000  0.000000  0.000000  1.000000  0.000000  0.000000  0.000000  1.000000  0.999530  0.010212  0.028906  -0.010396  0.999927  0.006236  -0.028841  -0.006534  0.999563  0.000000  0.000000  
75.837556 0.005157  0.096431  0.000334  0.990370  0.133066  0.038219  -0.135193  0.989009  0.059866  -0.029833  -0.064457  0.997474  0.000619  -0.000309  -0.002784  0.000000  0.000000  0.000000  2.000000  0.999530  0.010212  0.028906  -0.010396  0.999927  0.006236  -0.028841  -0.006534  0.999563  0.999997  0.001753  0.001588  -0.001756  0.999997  0.001885  -0.001585  -0.001888  0.999997  1.000000  0.000000  0.000000  0.000000  1.000000  0.000000  0.000000  0.000000  1.000000  0.999530  0.010212  0.028906  -0.010396  0.999927  0.006236  -0.028841  -0.006534  0.999563  0.000000  0.000000  
75.838790 0.005160  0.096433  0.000332  0.990338  0.133256  0.038380  -0.135396  0.988976  0.059960  -0.029966  -0.064577  0.997463  0.000859  -0.000131  -0.002832  0.000000  0.000000  0.000000  2.000000  0.999530  0.010212  0.028906  -0.010396  0.999927  0.006236  -0.028841  -0.006534  0.999563  0.999997  0.001753  0.001588  -0.001756  0.999997  0.001885  -0.001585  -0.001888  0.999997  1.000000  0.000000  0.000000  0.000000  1.000000  0.000000  0.000000  0.000000  1.000000  0.999530  0.010212  0.028906  -0.010396  0.999927  0.006236  -0.028841  -0.006534  0.999563  0.000000  0.000000  
75.840041 0.005163  0.096434  0.000329  0.990338  0.133251  0.038396  -0.135396  0.988968  0.060080  -0.029966  -0.064698  0.997455  0.001136  0.000055  -0.002845  0.000000  0.000000  0.000000  2.000000  0.999530  0.010212  0.028906  -0.010396  0.999927  0.006236  -0.028841  -0.006534  0.999563  0.999998  0.001548  0.001575  -0.001551  0.999997  0.001770  -0.001572  -0.001773  0.999997  1.000000  0.000000  0.000000  0.000000  1.000000  0.000000  0.000000  0.000000  1.000000  0.999530  0.010212  0.028906  -0.010396  0.999927  0.006236  -0.028841  -0.006534  0.999563  0.000000  0.000000  
75.841287 0.005166  0.096436  0.000328  0.990334  0.133243  0.038528  -0.135396  0.988969  0.060062  -0.030100  -0.064698  0.997451  0.001363  0.000244  -0.002749  0.000000  0.000000  0.000000  2.000000  0.999530  0.010212  0.028906  -0.010396  0.999927  0.006236  -0.028841  -0.006534  0.999563  0.999998  0.001342  0.001562  -0.001345  0.999998  0.001776  -0.001560  -0.001778  0.999997  1.000000  0.000000  0.000000  0.000000  1.000000  0.000000  0.000000  0.000000  1.000000  0.999530  0.010212  0.028906  -0.010396  0.999927  0.006236  -0.028841  -0.006534  0.999563  0.000000  0.000000  
75.842294 0.005169  0.096437  0.000326  0.990362  0.133035  0.038532  -0.135192  0.988990  0.060190  -0.030100  -0.064819  0.997443  0.001563  0.000421  -0.002667  0.000000  0.000000  0.000000  2.000000  0.999530  0.010212  0.028906  -0.010396  0.999927  0.006236  -0.028841  -0.006534  0.999563  0.999998  0.001145  0.001415  -0.001148  0.999998  0.001782  -0.001413  -0.001784  0.999997  1.000000  0.000000  0.000000  0.000000  1.000000  0.000000  0.000000  0.000000  1.000000  0.999530  0.010212  0.028906  -0.010396  0.999927  0.006236  -0.028841  -0.006534  0.999563  0.000000  0.000000  
