1-Time 2-Px 3-Py 4-Pz 5-R11 6-R21 7-R31 8-R12 9-R22 10-R32 11-R13 12-R23 13-R33 14-Vx 15-Vy 16-Vz 17-Wx 18-Wy 19-Wz 20-state 21-PR11 22-PR21 23-PR31 24-PR12 25-PR22 26-PR32 27-PR13 28-PR23 29-PR33 
81.508481 0.002946  0.095949  0.007897  0.978538  0.204227  -0.027472  -0.200986  0.975313  0.091478  0.045476  -0.083994  0.995428  -0.000081  0.000040  0.000265  0.000000  0.000000  0.000000  2.000000  1.000000  0.000000  0.000000  -0.000000  1.000000  0.000000  0.000000  -0.000000  1.000000  1.000000  0.000171  0.000417  -0.000171  1.000000  0.000009  -0.000417  -0.000009  1.000000  1.000000  0.000000  0.000000  0.000000  1.000000  0.000000  0.000000  0.000000  1.000000  0.733116  0.378174  0.565265  -0.422609  0.904516  -0.057041  -0.532863  -0.197068  0.822935  0.000000  0.000000  
81.509488 0.002945  0.095950  0.007898  0.978538  0.204227  -0.027472  -0.200986  0.975313  0.091478  0.045476  -0.083994  0.995428  -0.000096  0.000044  0.000296  0.000000  0.000000  0.000000  2.000000  1.000000  0.000000  0.000000  0.000000  1.000000  0.000000  0.000000  0.000000  1.000000  1.000000  0.000171  0.000417  -0.000171  1.000000  0.000009  -0.000417  -0.000009  1.000000  1.000000  0.000000  0.000000  0.000000  1.000000  0.000000  0.000000  0.000000  1.000000  1.000000  0.000000  0.000000  0.000000  1.000000  0.000000  0.000000  0.000000  1.000000  0.000000  0.000000  
81.510733 0.002946  0.095950  0.007900  0.978241  0.205647  -0.027445  -0.202395  0.975005  0.091663  0.045610  -0.084114  0.995412  -0.000046  0.000044  0.000423  0.000000  0.000000  0.000000  2.000000  1.000000  0.000000  0.000000  0.000000  1.000000  0.000000  0.000000  0.000000  1.000000  0.999999  0.001207  0.000371  -0.001207  0.999999  0.000178  -0.000370  -0.000178  1.000000  1.000000  0.000000  0.000000  0.000000  1.000000  0.000000  0.000000  0.000000  1.000000  1.000000  0.000000  0.000000  0.000000  1.000000  0.000000  0.000000  0.000000  1.000000  0.000000  0.000000  
81.511741 0.002947  0.095950  0.007902  0.977991  0.206858  -0.027282  -0.203603  0.974728  0.091934  0.045610  -0.084355  0.995391  0.000003  0.000045  0.000565  0.000000  0.000000  0.000000  2.000000  1.000000  0.000000  0.000000  0.000000  1.000000  0.000000  0.000000  0.000000  1.000000  0.999996  0.002641  0.000492  -0.002642  0.999996  0.000364  -0.000491  -0.000366  1.000000  1.000000  0.000000  0.000000  0.000000  1.000000  0.000000  0.000000  0.000000  1.000000  1.000000  0.000000  0.000000  0.000000  1.000000  0.000000  0.000000  0.000000  1.000000  0.000000  0.000000  
81.512984 0.002947  0.095948  0.007905  0.977654  0.208470  -0.027080  -0.205214  0.974363  0.092215  0.045610  -0.084597  0.995371  0.000049  -0.000069  0.000728  0.000000  0.000000  0.000000  2.000000  1.000000  0.000000  0.000000  0.000000  1.000000  0.000000  0.000000  0.000000  1.000000  0.999991  0.004281  0.000633  -0.004281  0.999991  0.000803  -0.000629  -0.000806  0.999999  1.000000  0.000000  0.000000  0.000000  1.000000  0.000000  0.000000  0.000000  1.000000  1.000000  0.000000  0.000000  0.000000  1.000000  0.000000  0.000000  0.000000  1.000000  0.000000  0.000000  
81.514238 0.002947  0.095946  0.007908  0.977436  0.209493  -0.027039  -0.206219  0.974112  0.092625  0.045743  -0.084959  0.995334  0.000072  -0.000235  0.000880  0.041171  -0.024735  0.185132  2.000000  1.000000  0.000130  0.000016  -0.000130  1.000000  0.000027  -0.000016  -0.000027  1.000000  0.999986  0.005316  0.000588  -0.005317  0.999985  0.001093  -0.000582  -0.001096  0.999999  1.000000  0.000066  0.000007  -0.000066  1.000000  0.000014  -0.000007  -0.000014  1.000000  1.000000  0.000130  0.000016  -0.000130  1.000000  0.000027  -0.000016  -0.000027  1.000000  0.000046  0.005459  
81.515484 0.002948  0.095945  0.007912  0.977211  0.210525  -0.027153  -0.207222  0.973869  0.092944  0.046010  -0.085199  0.995301  0.000141  -0.000262  0.001131  0.050947  -0.018728  0.220354  2.000000  1.000000  0.000502  0.000046  -0.000502  1.000000  0.000111  -0.000046  -0.000111  1.000000  0.999980  0.006363  0.000411  -0.006364  0.999979  0.001504  -0.000402  -0.001507  0.999999  1.000000  0.000080  0.000005  -0.000080  1.000000  0.000019  -0.000005  -0.000019  1.000000  1.000000  0.000502  0.000046  -0.000502  1.000000  0.000111  -0.000046  -0.000111  1.000000  0.000055  0.006552  
81.516732 0.002949  0.095945  0.007917  0.976808  0.212372  -0.027294  -0.209028  0.973436  0.093432  0.046411  -0.085560  0.995251  0.000203  -0.000231  0.001449  0.066106  -0.010608  0.283506  2.000000  1.000000  0.000870  0.000057  -0.000870  1.000000  0.000199  -0.000057  -0.000199  1.000000  0.999968  0.008037  0.000155  -0.008037  0.999966  0.001946  -0.000140  -0.001947  0.999998  1.000000  0.000100  0.000002  -0.000100  1.000000  0.000024  -0.000002  -0.000024  1.000000  1.000000  0.000870  0.000057  -0.000870  1.000000  0.000199  -0.000057  -0.000199  1.000000  0.000070  0.008271  
81.517734 0.002949  0.095946  0.007921  0.976444  0.214015  -0.027479  -0.210633  0.973055  0.093797  0.046812  -0.085799  0.995212  0.000158  -0.000221  0.001667  0.076850  0.002580  0.340068  2.000000  0.999999  0.001316  0.000055  -0.001316  0.999999  0.000305  -0.000055  -0.000305  1.000000  0.999955  0.009505  -0.000118  -0.009505  0.999952  0.002258  0.000140  -0.002256  0.999997  1.000000  0.000119  -0.000002  -0.000119  1.000000  0.000028  0.000002  -0.000028  1.000000  0.999999  0.001316  0.000055  -0.001316  0.999999  0.000305  -0.000055  -0.000305  1.000000  0.000083  0.009770  
81.518983 0.002948  0.095947  0.007924  0.975946  0.216262  -0.027578  -0.212840  0.972526  0.094298  0.047213  -0.086160  0.995162  0.000157  -0.000186  0.001878  0.092688  0.009484  0.416957  2.000000  0.999998  0.001991  0.000036  -0.001991  0.999998  0.000459  -0.000035  -0.000459  1.000000  0.999933  0.011589  -0.000338  -0.011588  0.999929  0.002599  0.000368  -0.002595  0.999997  1.000000  0.000145  -0.000004  -0.000145  1.000000  0.000032  0.000004  -0.000032  1.000000  0.999998  0.001991  0.000036  -0.001991  0.999998  0.000459  -0.000035  -0.000459  1.000000  0.000102  0.011881  
81.519984 0.002948  0.095948  0.007926  0.975582  0.217893  -0.027630  -0.214444  0.972141  0.094636  0.047481  -0.086400  0.995128  0.000165  -0.000094  0.001996  0.103495  0.013680  0.472878  2.000000  0.999997  0.002633  0.000014  -0.002633  0.999996  0.000604  -0.000012  -0.000604  1.000000  0.999909  0.013456  -0.000439  -0.013454  0.999905  0.003052  0.000480  -0.003046  0.999995  1.000000  0.000168  -0.000006  -0.000168  1.000000  0.000038  0.000006  -0.000038  1.000000  0.999997  0.002633  0.000014  -0.002633  0.999996  0.000604  -0.000012  -0.000604  1.000000  0.000118  0.013804  
81.521235 0.002950  0.095951  0.007930  0.975043  0.220315  -0.027446  -0.216852  0.971562  0.095087  0.047614  -0.086762  0.995091  0.000255  0.000143  0.002245  0.119623  0.010984  0.555835  2.000000  0.999994  0.003562  -0.000018  -0.003562  0.999993  0.000807  0.000021  -0.000807  1.000000  0.999876  0.015744  -0.000638  -0.015742  0.999870  0.003403  0.000691  -0.003392  0.999994  1.000000  0.000197  -0.000008  -0.000197  1.000000  0.000042  0.000008  -0.000042  1.000000  0.999994  0.003562  -0.000018  -0.003562  0.999993  0.000807  0.000021  -0.000807  1.000000  0.000138  0.016120  
81.522236 0.002951  0.095955  0.007934  0.974633  0.222133  -0.027346  -0.218657  0.971127  0.095402  0.047748  -0.087003  0.995063  0.000375  0.000410  0.002515  0.130718  0.010072  0.618151  2.000000  0.999990  0.004413  -0.000045  -0.004413  0.999990  0.000993  0.000050  -0.000992  1.000000  0.999842  0.017793  -0.000451  -0.017791  0.999834  0.003862  0.000520  -0.003853  0.999992  1.000000  0.000222  -0.000006  -0.000222  1.000000  0.000048  0.000006  -0.000048  1.000000  0.999990  0.004413  -0.000045  -0.004413  0.999990  0.000993  0.000050  -0.000992  1.000000  0.000154  0.018212  
81.523492 0.002954  0.095961  0.007941  0.974038  0.224752  -0.027138  -0.221263  0.970492  0.095858  0.047882  -0.087364  0.995025  0.000576  0.000785  0.002976  0.147173  0.006731  0.707899  2.000000  0.999984  0.005618  -0.000076  -0.005618  0.999983  0.001249  0.000083  -0.001248  0.999999  0.999794  0.020274  -0.000493  -0.020272  0.999785  0.004344  0.000581  -0.004334  0.999990  1.000000  0.000253  -0.000007  -0.000253  1.000000  0.000054  0.000007  -0.000054  1.000000  0.999984  0.005618  -0.000076  -0.005618  0.999983  0.001249  0.000083  -0.001248  0.999999  0.000177  0.020740  
81.524733 0.002957  0.095966  0.007948  0.973430  0.227381  -0.027058  -0.223866  0.969846  0.096342  0.048149  -0.087725  0.994980  0.000770  0.001154  0.003328  0.162809  0.012253  0.794364  2.000000  0.999977  0.006720  -0.000099  -0.006719  0.999976  0.001478  0.000109  -0.001477  0.999999  0.999737  0.022948  -0.000385  -0.022946  0.999726  0.004713  0.000493  -0.004703  0.999989  1.000000  0.000287  -0.000005  -0.000287  1.000000  0.000059  0.000005  -0.000059  1.000000  0.999977  0.006720  -0.000099  -0.006719  0.999976  0.001478  0.000109  -0.001477  0.999999  0.000201  0.023431  
81.525734 0.002960  0.095970  0.007953  0.972954  0.229410  -0.027036  -0.225867  0.969336  0.096811  0.048416  -0.088086  0.994936  0.000924  0.001378  0.003558  0.177863  0.015059  0.861422  2.000000  0.999968  0.007940  -0.000125  -0.007940  0.999967  0.001729  0.000138  -0.001728  0.999998  0.999681  0.025236  -0.000574  -0.025233  0.999668  0.005191  0.000705  -0.005175  0.999986  1.000000  0.000315  -0.000008  -0.000315  1.000000  0.000065  0.000008  -0.000065  1.000000  0.999968  0.007940  -0.000125  -0.007940  0.999967  0.001729  0.000138  -0.001728  0.999998  0.000220  0.025772  
81.526988 0.002963  0.095973  0.007958  0.972374  0.231852  -0.027073  -0.228265  0.968711  0.097439  0.048817  -0.088567  0.994873  0.001111  0.001591  0.003722  0.199661  0.021241  0.951972  2.000000  0.999954  0.009602  -0.000164  -0.009602  0.999952  0.002076  0.000184  -0.002074  0.999998  0.999621  0.027512  -0.000625  -0.027508  0.999605  0.005788  0.000784  -0.005768  0.999983  1.000000  0.000344  -0.000009  -0.000344  1.000000  0.000072  0.000009  -0.000072  1.000000  0.999954  0.009602  -0.000164  -0.009602  0.999952  0.002076  0.000184  -0.002074  0.999998  0.000240  0.028123  
81.528240 0.002967  0.095975  0.007964  0.971836  0.234093  -0.027127  -0.230462  0.968128  0.098062  0.049218  -0.089048  0.994811  0.001344  0.001875  0.003971  0.219472  0.028464  1.022141  2.000000  0.999935  0.011419  -0.000222  -0.011419  0.999932  0.002459  0.000250  -0.002456  0.999997  0.999549  0.030017  -0.000922  -0.030011  0.999529  0.006398  0.001113  -0.006368  0.999979  1.000000  0.000375  -0.000013  -0.000375  1.000000  0.000080  0.000013  -0.000080  1.000000  0.999935  0.011419  -0.000222  -0.011419  0.999932  0.002459  0.000250  -0.002456  0.999997  0.000260  0.030707  
81.529240 0.002970  0.095975  0.007969  0.971346  0.236122  -0.027070  -0.232460  0.967590  0.098649  0.049485  -0.089529  0.994754  0.001534  0.002006  0.004123  0.239147  0.031164  1.091513  2.000000  0.999916  0.012983  -0.000277  -0.012982  0.999912  0.002797  0.000313  -0.002793  0.999996  0.999484  0.032101  -0.001120  -0.032092  0.999460  0.006992  0.001344  -0.006952  0.999975  1.000000  0.000401  -0.000015  -0.000401  1.000000  0.000087  0.000015  -0.000087  1.000000  0.999916  0.012983  -0.000277  -0.012982  0.999912  0.002797  0.000313  -0.002793  0.999996  0.000278  0.032874  
81.530492 0.002976  0.095975  0.007977  0.970708  0.238750  -0.026919  -0.235055  0.966889  0.099370  0.049753  -0.090132  0.994686  0.001904  0.002064  0.004385  0.263942  0.031957  1.181703  2.000000  0.999886  0.015077  -0.000349  -0.015076  0.999881  0.003259  0.000398  -0.003254  0.999995  0.999408  0.034377  -0.001159  -0.034367  0.999380  0.007591  0.001419  -0.007546  0.999971  1.000000  0.000430  -0.000016  -0.000430  1.000000  0.000095  0.000016  -0.000095  1.000000  0.999886  0.015077  -0.000349  -0.015076  0.999881  0.003259  0.000398  -0.003254  0.999995  0.000302  0.035226  
81.531738 0.002982  0.095973  0.007983  0.970007  0.241587  -0.026874  -0.237847  0.966128  0.100128  0.050153  -0.090733  0.994612  0.002265  0.001884  0.004467  0.289144  0.041052  1.279801  2.000000  0.999851  0.017264  -0.000421  -0.017263  0.999844  0.003756  0.000486  -0.003748  0.999993  0.999372  0.035413  -0.001176  -0.035402  0.999340  0.008133  0.001464  -0.008086  0.999966  1.000000  0.000443  -0.000016  -0.000443  1.000000  0.000101  0.000017  -0.000101  1.000000  0.999851  0.017264  -0.000421  -0.017263  0.999844  0.003756  0.000486  -0.003748  0.999993  0.000325  0.036356  
81.532982 0.002989  0.095970  0.007990  0.969403  0.244010  -0.026767  -0.240240  0.965474  0.100727  0.050421  -0.091214  0.994554  0.002653  0.001618  0.004561  0.309657  0.042432  1.363453  2.000000  0.999818  0.019082  -0.000487  -0.019080  0.999809  0.004175  0.000567  -0.004165  0.999991  0.999327  0.036666  -0.001311  -0.036653  0.999292  0.008443  0.001619  -0.008389  0.999964  1.000000  0.000458  -0.000018  -0.000458  1.000000  0.000105  0.000018  -0.000105  1.000000  0.999818  0.019082  -0.000487  -0.019080  0.999809  0.004175  0.000567  -0.004165  0.999991  0.000349  0.037650  
81.533985 0.002993  0.095967  0.007994  0.968950  0.245823  -0.026590  -0.242034  0.964968  0.101277  0.050554  -0.091696  0.994503  0.003073  0.001388  0.004712  0.329018  0.041105  1.425708  2.000000  0.999781  0.020942  -0.000559  -0.020939  0.999770  0.004608  0.000655  -0.004596  0.999989  0.999295  0.037509  -0.001482  -0.037495  0.999259  0.008733  0.001809  -0.008672  0.999961  1.000000  0.000469  -0.000021  -0.000469  1.000000  0.000109  0.000021  -0.000109  1.000000  0.999781  0.020942  -0.000559  -0.020939  0.999770  0.004608  0.000655  -0.004596  0.999989  0.000365  0.038543  
81.535234 0.003000  0.095963  0.007999  0.968436  0.247846  -0.026519  -0.244025  0.964404  0.101864  0.050822  -0.092178  0.994445  0.003429  0.000945  0.004830  0.348885  0.043625  1.495525  2.000000  0.999728  0.023325  -0.000649  -0.023321  0.999715  0.005167  0.000769  -0.005151  0.999986  0.999256  0.038545  -0.001501  -0.038530  0.999217  0.009034  0.001848  -0.008970  0.999958  1.000000  0.000482  -0.000021  -0.000482  1.000000  0.000113  0.000021  -0.000113  1.000000  0.999728  0.023325  -0.000649  -0.023321  0.999715  0.005167  0.000769  -0.005151  0.999986  0.000383  0.039621  
81.536235 0.003006  0.095959  0.008003  0.968077  0.249260  -0.026380  -0.245418  0.963994  0.102403  0.050955  -0.092659  0.994393  0.003752  0.000517  0.004860  0.367641  0.043463  1.544188  2.000000  0.999680  0.025277  -0.000715  -0.025273  0.999665  0.005627  0.000857  -0.005607  0.999984  0.999225  0.039351  -0.001271  -0.039338  0.999183  0.009321  0.001637  -0.009263  0.999956  1.000000  0.000492  -0.000018  -0.000492  1.000000  0.000116  0.000018  -0.000116  1.000000  0.999680  0.025277  -0.000715  -0.025273  0.999665  0.005627  0.000857  -0.005607  0.999984  0.000398  0.040464  
81.537484 0.003014  0.095955  0.008008  0.967506  0.251479  -0.026284  -0.247607  0.963371  0.102995  0.051222  -0.093141  0.994335  0.004144  -0.000083  0.004827  0.387706  0.049777  1.621050  2.000000  0.999616  0.027712  -0.000782  -0.027707  0.999597  0.006204  0.000954  -0.006180  0.999980  0.999234  0.039121  -0.001005  -0.039110  0.999191  0.009321  0.001369  -0.009275  0.999956  1.000000  0.000489  -0.000015  -0.000489  1.000000  0.000116  0.000015  -0.000116  1.000000  0.999616  0.027712  -0.000782  -0.027707  0.999597  0.006204  0.000954  -0.006180  0.999980  0.000415  0.040234  
81.538492 0.003020  0.095951  0.008011  0.967090  0.253087  -0.026151  -0.249198  0.962914  0.103422  0.051356  -0.093502  0.994294  0.004505  -0.000820  0.004624  0.403199  0.049105  1.678530  2.000000  0.999559  0.029673  -0.000821  -0.029667  0.999538  0.006679  0.001018  -0.006651  0.999977  0.999235  0.039096  -0.000724  -0.039087  0.999191  0.009447  0.001093  -0.009412  0.999955  1.000000  0.000489  -0.000011  -0.000489  1.000000  0.000118  0.000011  -0.000118  1.000000  0.999559  0.029673  -0.000821  -0.029667  0.999538  0.006679  0.001018  -0.006651  0.999977  0.000431  0.040234  
81.539733 0.003027  0.095947  0.008014  0.966665  0.254710  -0.026115  -0.250787  0.962440  0.103999  0.051623  -0.093983  0.994235  0.004707  -0.001396  0.004389  0.418181  0.052853  1.711554  2.000000  0.999484  0.032098  -0.000856  -0.032091  0.999458  0.007280  0.001090  -0.007248  0.999973  0.999260  0.038470  -0.000631  -0.038462  0.999214  0.009544  0.000998  -0.009512  0.999954  1.000000  0.000481  -0.000010  -0.000481  1.000000  0.000119  0.000010  -0.000119  1.000000  0.999484  0.032098  -0.000856  -0.032091  0.999458  0.007280  0.001090  -0.007248  0.999973  0.000442  0.039647  
81.540743 0.003032  0.095943  0.008017  0.966348  0.255920  -0.026022  -0.251979  0.962083  0.104415  0.051757  -0.094344  0.994193  0.004882  -0.001838  0.004274  0.425525  0.053375  1.718492  2.000000  0.999437  0.033543  -0.000873  -0.033535  0.999408  0.007646  0.001129  -0.007612  0.999970  0.999260  0.038457  -0.000484  -0.038450  0.999213  0.009791  0.000860  -0.009765  0.999952  1.000000  0.000481  -0.000008  -0.000481  1.000000  0.000122  0.000008  -0.000122  1.000000  0.999437  0.033543  -0.000873  -0.033535  0.999408  0.007646  0.001129  -0.007612  0.999970  0.000444  0.039693  
81.541991 0.003038  0.095939  0.008020  0.966029  0.257130  -0.025928  -0.253171  0.961725  0.104830  0.051891  -0.094705  0.994152  0.005029  -0.002387  0.004112  0.428694  0.059191  1.698219  2.000000  0.999355  0.035908  -0.000901  -0.035899  0.999321  0.008261  0.001197  -0.008224  0.999965  0.999299  0.037434  -0.000564  -0.037427  0.999251  0.009868  0.000933  -0.009840  0.999951  1.000000  0.000468  -0.000009  -0.000468  1.000000  0.000123  0.000009  -0.000123  1.000000  0.999355  0.035908  -0.000901  -0.035899  0.999321  0.008261  0.001197  -0.008224  0.999965  0.000443  0.038723  
81.543238 0.003044  0.095934  0.008023  0.965715  0.258330  -0.025673  -0.254364  0.961356  0.105329  0.051891  -0.095187  0.994106  0.005152  -0.002716  0.003902  0.433657  0.057483  1.691380  2.000000  0.999270  0.038201  -0.000934  -0.038191  0.999231  0.008875  0.001273  -0.008833  0.999960  0.999344  0.036207  -0.000670  -0.036199  0.999296  0.009813  0.001025  -0.009782  0.999952  1.000000  0.000453  -0.000011  -0.000453  1.000000  0.000122  0.000011  -0.000122  1.000000  0.999270  0.038201  -0.000934  -0.038191  0.999231  0.008875  0.001273  -0.008833  0.999960  0.000442  0.037523  
81.544262 0.003047  0.095929  0.008025  0.965453  0.259326  -0.025502  -0.255358  0.961064  0.105588  0.051891  -0.095429  0.994083  0.005167  -0.003120  0.003681  0.437043  0.053030  1.703747  2.000000  0.999200  0.039977  -0.000957  -0.039967  0.999157  0.009368  0.001330  -0.009322  0.999956  0.999381  0.035171  -0.000624  -0.035164  0.999333  0.009884  0.000971  -0.009856  0.999951  1.000000  0.000440  -0.000010  -0.000440  1.000000  0.000123  0.000010  -0.000123  1.000000  0.999200  0.039977  -0.000957  -0.039967  0.999157  0.009368  0.001330  -0.009322  0.999956  0.000444  0.036543  
81.545488 0.003051  0.095921  0.008029  0.965137  0.260522  -0.025276  -0.256550  0.960704  0.105969  0.051891  -0.095790  0.994048  0.004987  -0.003554  0.003474  0.436947  0.039875  1.711221  2.000000  0.999130  0.041686  -0.000972  -0.041674  0.999083  0.009859  0.001382  -0.009810  0.999951  0.999431  0.033714  -0.000486  -0.033707  0.999384  0.009814  0.000816  -0.009792  0.999952  1.000000  0.000421  -0.000008  -0.000421  1.000000  0.000123  0.000008  -0.000123  1.000000  0.999130  0.041686  -0.000972  -0.041674  0.999083  0.009859  0.001382  -0.009810  0.999951  0.000445  0.035120  
81.546739 0.003052  0.095913  0.008032  0.964866  0.261535  -0.025169  -0.257542  0.960381  0.106496  0.052024  -0.096272  0.993995  0.004650  -0.004122  0.003164  0.441281  0.031236  1.682569  2.000000  0.999043  0.043734  -0.000982  -0.043722  0.998989  0.010465  0.001439  -0.010412  0.999945  0.999480  0.032256  -0.000348  -0.032251  0.999433  0.009626  0.000658  -0.009610  0.999954  1.000000  0.000403  -0.000006  -0.000403  1.000000  0.000120  0.000006  -0.000120  1.000000  0.999043  0.043734  -0.000982  -0.043722  0.998989  0.010465  0.001439  -0.010412  0.999945  0.000438  0.033667  
81.547739 0.003053  0.095906  0.008035  0.964706  0.262135  -0.025040  -0.258138  0.960193  0.106744  0.052024  -0.096513  0.993971  0.004375  -0.004353  0.003045  0.439491  0.021181  1.639747  2.000000  0.998973  0.045302  -0.000983  -0.045289  0.998914  0.010946  0.001478  -0.010890  0.999940  0.999526  0.030798  -0.000211  -0.030795  0.999480  0.009555  0.000505  -0.009544  0.999954  1.000000  0.000385  -0.000004  -0.000385  1.000000  0.000119  0.000005  -0.000119  1.000000  0.998973  0.045302  -0.000983  -0.045289  0.998914  0.010946  0.001478  -0.010890  0.999940  0.000430  0.032251  
81.548985 0.003053  0.095897  0.008038  0.964540  0.262752  -0.024975  -0.258732  0.959976  0.107260  0.052158  -0.096995  0.993917  0.004004  -0.004664  0.002931  0.441187  0.021086  1.584413  2.000000  0.998904  0.046805  -0.000973  -0.046790  0.998839  0.011424  0.001507  -0.011366  0.999934  0.999563  0.029558  -0.000188  -0.029554  0.999518  0.009499  0.000469  -0.009489  0.999955  1.000000  0.000370  -0.000004  -0.000370  1.000000  0.000119  0.000004  -0.000119  1.000000  0.998904  0.046805  -0.000973  -0.046790  0.998839  0.011424  0.001507  -0.011366  0.999934  0.000418  0.031050  
81.550235 0.003054  0.095889  0.008041  0.964380  0.263354  -0.024813  -0.259327  0.959774  0.107624  0.052158  -0.097356  0.993882  0.003533  -0.004956  0.002733  0.439732  0.015342  1.529498  2.000000  0.998819  0.048580  -0.000954  -0.048565  0.998748  0.012006  0.001536  -0.011946  0.999927  0.999617  0.027677  0.000039  -0.027676  0.999575  0.009164  0.000215  -0.009162  0.999958  1.000000  0.000346  -0.000001  -0.000346  1.000000  0.000115  0.000001  -0.000115  1.000000  0.998819  0.048580  -0.000954  -0.048565  0.998748  0.012006  0.001536  -0.011946  0.999927  0.000404  0.029158  
81.551484 0.003053  0.095880  0.008043  0.964266  0.263771  -0.024801  -0.259722  0.959623  0.108018  0.052291  -0.097717  0.993839  0.003004  -0.005239  0.002627  0.436873  0.020490  1.468131  2.000000  0.998737  0.050228  -0.000932  -0.050213  0.998659  0.012569  0.001562  -0.012506  0.999921  0.999672  0.025618  -0.000022  -0.025617  0.999633  0.008823  0.000248  -0.008820  0.999961  1.000000  0.000320  -0.000002  -0.000320  1.000000  0.000110  0.000002  -0.000110  1.000000  0.998737  0.050228  -0.000932  -0.050213  0.998659  0.012569  0.001562  -0.012506  0.999921  0.000389  0.027098  
81.552484 0.003051  0.095871  0.008044  0.964159  0.264172  -0.024692  -0.260119  0.959488  0.108261  0.052291  -0.097958  0.993816  0.002370  -0.005649  0.002397  0.434320  0.020781  1.413417  2.000000  0.998675  0.051443  -0.000912  -0.051427  0.998592  0.013003  0.001580  -0.012939  0.999915  0.999718  0.023751  0.000070  -0.023751  0.999681  0.008609  0.000134  -0.008609  0.999963  1.000000  0.000297  -0.000000  -0.000297  1.000000  0.000108  0.000000  -0.000108  1.000000  0.998675  0.051443  -0.000912  -0.051427  0.998592  0.013003  0.001580  -0.012939  0.999915  0.000378  0.025266  
81.553732 0.003049  0.095861  0.008044  0.963999  0.264773  -0.024529  -0.260715  0.959285  0.108626  0.052291  -0.098320  0.993780  0.001838  -0.005968  0.002158  0.434005  0.019200  1.341873  2.000000  0.998604  0.052812  -0.000881  -0.052796  0.998514  0.013519  0.001593  -0.013454  0.999908  0.999778  0.021052  0.000209  -0.021053  0.999745  0.008111  -0.000039  -0.008114  0.999967  1.000000  0.000263  0.000002  -0.000263  1.000000  0.000101  -0.000002  -0.000101  1.000000  0.998604  0.052812  -0.000881  -0.052796  0.998514  0.013519  0.001593  -0.013454  0.999908  0.000359  0.022564  
81.554734 0.003046  0.095853  0.008043  0.963891  0.265174  -0.024420  -0.261112  0.959150  0.108869  0.052291  -0.098561  0.993756  0.001165  -0.006368  0.001881  0.426855  0.020122  1.279394  2.000000  0.998550  0.053818  -0.000852  -0.053800  0.998455  0.013916  0.001600  -0.013850  0.999903  0.999808  0.019607  0.000204  -0.019608  0.999777  0.007796  -0.000051  -0.007799  0.999970  1.000000  0.000245  0.000002  -0.000245  1.000000  0.000097  -0.000002  -0.000097  1.000000  0.998550  0.053818  -0.000852  -0.053800  0.998455  0.013916  0.001600  -0.013850  0.999903  0.000346  0.021103  
81.555737 0.003045  0.095846  0.008042  0.963837  0.265375  -0.024365  -0.261310  0.959082  0.108990  0.052291  -0.098682  0.993744  0.000847  -0.006524  0.001684  0.416165  0.011554  1.223061  2.000000  0.998512  0.054531  -0.000829  -0.054514  0.998412  0.014206  0.001602  -0.014140  0.999899  0.999824  0.018775  0.000260  -0.018777  0.999794  0.007755  -0.000115  -0.007758  0.999970  1.000000  0.000235  0.000002  -0.000235  1.000000  0.000097  -0.000002  -0.000097  1.000000  0.998512  0.054531  -0.000829  -0.054514  0.998412  0.014206  0.001602  -0.014140  0.999899  0.000330  0.020317  
81.556994 0.003042  0.095838  0.008041  0.963676  0.265976  -0.024201  -0.261905  0.958878  0.109354  0.052291  -0.099043  0.993708  0.000210  -0.006764  0.001379  0.413131  0.003520  1.159485  2.000000  0.998451  0.055641  -0.000785  -0.055623  0.998344  0.014673  0.001600  -0.014606  0.999892  0.999854  0.017112  0.000367  -0.017114  0.999827  0.007308  -0.000241  -0.007313  0.999973  1.000000  0.000214  0.000004  -0.000214  1.000000  0.000091  -0.000004  -0.000091  1.000000  0.998451  0.055641  -0.000785  -0.055623  0.998344  0.014673  0.001600  -0.014606  0.999892  0.000312  0.018613  
81.558234 0.003039  0.095831  0.008040  0.963568  0.266376  -0.024091  -0.262302  0.958742  0.109596  0.052291  -0.099284  0.993684  -0.000317  -0.006886  0.001125  0.399453  -0.001282  1.101581  2.000000  0.998393  0.056667  -0.000736  -0.056650  0.998280  0.015119  0.001592  -0.015053  0.999885  0.999874  0.015858  0.000513  -0.015861  0.999850  0.007002  -0.000402  -0.007010  0.999975  1.000000  0.000198  0.000006  -0.000198  1.000000  0.000088  -0.000006  -0.000088  1.000000  0.998393  0.056667  -0.000736  -0.056650  0.998280  0.015119  0.001592  -0.015053  0.999885  0.000297  0.017345  
81.559241 0.003036  0.095825  0.008038  0.963514  0.266577  -0.024037  -0.262501  0.958674  0.109718  0.052291  -0.099405  0.993672  -0.000751  -0.006960  0.000853  0.382380  -0.007275  1.026669  2.000000  0.998351  0.057403  -0.000696  -0.057385  0.998232  0.015459  0.001582  -0.015393  0.999880  0.999899  0.014208  0.000485  -0.014211  0.999876  0.006798  -0.000389  -0.006804  0.999977  1.000000  0.000178  0.000005  -0.000178  1.000000  0.000085  -0.000005  -0.000085  1.000000  0.998351  0.057403  -0.000696  -0.057385  0.998232  0.015459  0.001582  -0.015393  0.999880  0.000282  0.015760  
81.560489 0.003032  0.095818  0.008036  0.963399  0.266990  -0.024055  -0.262895  0.958534  0.109995  0.052425  -0.099645  0.993641  -0.001326  -0.006937  0.000375  0.368512  -0.002375  0.963709  2.000000  0.998303  0.058236  -0.000649  -0.058218  0.998178  0.015865  0.001571  -0.015801  0.999874  0.999918  0.012776  0.000344  -0.012778  0.999897  0.006483  -0.000261  -0.006487  0.999979  1.000000  0.000160  0.000004  -0.000160  1.000000  0.000081  -0.000004  -0.000081  1.000000  0.998303  0.058236  -0.000649  -0.058218  0.998178  0.015865  0.001571  -0.015801  0.999874  0.000262  0.014332  
81.561740 0.003027  0.095810  0.008031  0.963352  0.267180  -0.023839  -0.263096  0.958456  0.110197  0.052291  -0.099887  0.993624  -0.001760  -0.006846  -0.000114  0.348123  -0.013540  0.853384  2.000000  0.998259  0.058973  -0.000596  -0.058956  0.998128  0.016246  0.001553  -0.016182  0.999868  0.999936  0.011304  0.000600  -0.011307  0.999919  0.005923  -0.000533  -0.005929  0.999982  1.000000  0.000141  0.000007  -0.000141  1.000000  0.000074  -0.000007  -0.000074  1.000000  0.998259  0.058973  -0.000596  -0.058956  0.998128  0.016246  0.001553  -0.016182  0.999868  0.000242  0.012778  
81.562988 0.003022  0.095804  0.008028  0.963243  0.267578  -0.023761  -0.263492  0.958332  0.110324  0.052291  -0.100007  0.993612  -0.002157  -0.006672  -0.000543  0.334036  -0.012802  0.790199  2.000000  0.998219  0.059648  -0.000539  -0.059631  0.998082  0.016610  0.001528  -0.016548  0.999862  0.999945  0.010472  0.000654  -0.010476  0.999929  0.005759  -0.000593  -0.005766  0.999983  1.000000  0.000131  0.000008  -0.000131  1.000000  0.000072  -0.000008  -0.000072  1.000000  0.998219  0.059648  -0.000539  -0.059631  0.998082  0.016610  0.001528  -0.016548  0.999862  0.000221  0.011971  
81.564234 0.003018  0.095799  0.008025  0.963141  0.267965  -0.023523  -0.263891  0.958199  0.110531  0.052158  -0.100249  0.993594  -0.002392  -0.006447  -0.000913  0.321128  -0.022344  0.741451  2.000000  0.998189  0.060152  -0.000487  -0.060136  0.998047  0.016890  0.001502  -0.016830  0.999857  0.999951  0.009845  0.000727  -0.009849  0.999936  0.005605  -0.000672  -0.005612  0.999984  1.000000  0.000123  0.000009  -0.000123  1.000000  0.000070  -0.000009  -0.000070  1.000000  0.998189  0.060152  -0.000487  -0.060136  0.998047  0.016890  0.001502  -0.016830  0.999857  0.000205  0.011354  
81.565240 0.003014  0.095795  0.008022  0.963033  0.268363  -0.023445  -0.264287  0.958075  0.110657  0.052158  -0.100370  0.993582  -0.002672  -0.006215  -0.001291  0.308734  -0.021897  0.692069  2.000000  0.998161  0.060621  -0.000438  -0.060605  0.998014  0.017161  0.001477  -0.017103  0.999853  0.999959  0.009027  0.000645  -0.009030  0.999944  0.005441  -0.000596  -0.005447  0.999985  1.000000  0.000113  0.000008  -0.000113  1.000000  0.000068  -0.000008  -0.000068  1.000000  0.998161  0.060621  -0.000438  -0.060605  0.998014  0.017161  0.001477  -0.017103  0.999853  0.000193  0.010561  
81.566485 0.003010  0.095791  0.008019  0.962978  0.268566  -0.023357  -0.264485  0.957993  0.110894  0.052158  -0.100611  0.993558  -0.002825  -0.005828  -0.001670  0.298191  -0.025779  0.636965  2.000000  0.998130  0.061133  -0.000385  -0.061117  0.997978  0.017479  0.001452  -0.017423  0.999847  0.999969  0.007800  0.000521  -0.007802  0.999957  0.005014  -0.000482  -0.005018  0.999987  1.000000  0.000098  0.000006  -0.000098  1.000000  0.000063  -0.000006  -0.000063  1.000000  0.998130  0.061133  -0.000385  -0.061117  0.997978  0.017479  0.001452  -0.017423  0.999847  0.000180  0.009288  
81.567486 0.003008  0.095789  0.008016  0.962917  0.268779  -0.023429  -0.264682  0.957920  0.111050  0.052291  -0.100731  0.993539  -0.002907  -0.005465  -0.001930  0.282855  -0.020573  0.581232  2.000000  0.998107  0.061507  -0.000344  -0.061491  0.997950  0.017724  0.001434  -0.017669  0.999843  0.999974  0.007186  0.000461  -0.007188  0.999962  0.004862  -0.000426  -0.004865  0.999988  1.000000  0.000090  0.000006  -0.000090  1.000000  0.000061  -0.000006  -0.000061  1.000000  0.998107  0.061507  -0.000344  -0.061491  0.997950  0.017724  0.001434  -0.017669  0.999843  0.000165  0.008689  
81.568736 0.003005  0.095786  0.008011  0.962862  0.268979  -0.023374  -0.264880  0.957852  0.111171  0.052291  -0.100851  0.993526  -0.002940  -0.004918  -0.002190  0.267826  -0.024314  0.525316  2.000000  0.998080  0.061943  -0.000300  -0.061927  0.997918  0.018016  0.001415  -0.017963  0.999838  0.999977  0.006777  0.000420  -0.006779  0.999967  0.004477  -0.000390  -0.004480  0.999990  1.000000  0.000085  0.000005  -0.000085  1.000000  0.000056  -0.000005  -0.000056  1.000000  0.998080  0.061943  -0.000300  -0.061927  0.997918  0.018016  0.001415  -0.017963  0.999838  0.000153  0.008134  
81.570009 0.003003  0.095785  0.008008  0.962753  0.269379  -0.023263  -0.265276  0.957714  0.111413  0.052291  -0.101092  0.993502  -0.002924  -0.004378  -0.002353  0.257399  -0.024911  0.483318  2.000000  0.998054  0.062352  -0.000252  -0.062337  0.997888  0.018289  0.001392  -0.018238  0.999833  0.999980  0.006354  0.000513  -0.006356  0.999970  0.004334  -0.000486  -0.004338  0.999990  1.000000  0.000079  0.000006  -0.000079  1.000000  0.000054  -0.000006  -0.000054  1.000000  0.998054  0.062352  -0.000252  -0.062337  0.997888  0.018289  0.001392  -0.018238  0.999833  0.000141  0.007710  
81.571237 0.003002  0.095783  0.008003  0.962699  0.269581  -0.023175  -0.265475  0.957631  0.111650  0.052291  -0.101333  0.993477  -0.002815  -0.003883  -0.002594  0.251733  -0.026161  0.448814  2.000000  0.998034  0.062672  -0.000212  -0.062657  0.997864  0.018498  0.001371  -0.018449  0.999829  0.999980  0.006340  0.000647  -0.006343  0.999972  0.004092  -0.000621  -0.004096  0.999991  1.000000  0.000079  0.000008  -0.000079  1.000000  0.000051  -0.000008  -0.000051  1.000000  0.998034  0.062672  -0.000212  -0.062657  0.997864  0.018498  0.001371  -0.018449  0.999829  0.000132  0.007575  
81.572484 0.003001  0.095782  0.007999  0.962644  0.269781  -0.023119  -0.265673  0.957562  0.111771  0.052291  -0.101454  0.993465  -0.002674  -0.003503  -0.002802  0.240152  -0.027794  0.417353  2.000000  0.998015  0.062981  -0.000168  -0.062967  0.997840  0.018703  0.001345  -0.018655  0.999825  0.999981  0.006136  0.000628  -0.006138  0.999973  0.004081  -0.000603  -0.004085  0.999991  1.000000  0.000077  0.000008  -0.000077  1.000000  0.000051  -0.000008  -0.000051  1.000000  0.998015  0.062981  -0.000168  -0.062967  0.997840  0.018703  0.001345  -0.018655  0.999825  0.000124  0.007397  
81.573492 0.003001  0.095781  0.007995  0.962589  0.269981  -0.023063  -0.265871  0.957493  0.111892  0.052291  -0.101574  0.993453  -0.002466  -0.003113  -0.002982  0.232255  -0.024728  0.386535  2.000000  0.997996  0.063279  -0.000125  -0.063266  0.997818  0.018899  0.001321  -0.018853  0.999821  0.999982  0.005931  0.000607  -0.005933  0.999975  0.003949  -0.000584  -0.003953  0.999992  1.000000  0.000074  0.000007  -0.000074  1.000000  0.000049  -0.000007  -0.000049  1.000000  0.997996  0.063279  -0.000125  -0.063266  0.997818  0.018899  0.001321  -0.018853  0.999821  0.000116  0.007152  
81.574741 0.003003  0.095781  0.007990  0.962535  0.270181  -0.023007  -0.266069  0.957424  0.112013  0.052291  -0.101695  0.993440  -0.002089  -0.002645  -0.003177  0.221850  -0.020715  0.345125  2.000000  0.997973  0.063634  -0.000075  -0.063621  0.997791  0.019133  0.001292  -0.019089  0.999817  0.999985  0.005522  0.000566  -0.005524  0.999978  0.003685  -0.000546  -0.003688  0.999993  1.000000  0.000069  0.000007  -0.000069  1.000000  0.000046  -0.000007  -0.000046  1.000000  0.997973  0.063634  -0.000075  -0.063621  0.997791  0.019133  0.001292  -0.019089  0.999817  0.000105  0.006664  
81.575988 0.003005  0.095782  0.007984  0.962480  0.270384  -0.022919  -0.266267  0.957341  0.112250  0.052291  -0.101936  0.993416  -0.001619  -0.002113  -0.003298  0.216380  -0.022558  0.317209  2.000000  0.997952  0.063971  -0.000026  -0.063958  0.997765  0.019356  0.001264  -0.019314  0.999813  0.999986  0.005317  0.000546  -0.005319  0.999980  0.003432  -0.000527  -0.003435  0.999994  1.000000  0.000066  0.000007  -0.000066  1.000000  0.000043  -0.000007  -0.000043  1.000000  0.997952  0.063971  -0.000026  -0.063958  0.997765  0.019356  0.001264  -0.019314  0.999813  0.000098  0.006353  
81.577238 0.003008  0.095783  0.007979  0.962425  0.270584  -0.022863  -0.266466  0.957272  0.112371  0.052291  -0.102056  0.993403  -0.001112  -0.001612  -0.003465  0.203056  -0.020592  0.296557  2.000000  0.997935  0.064229  0.000011  -0.064217  0.997745  0.019528  0.001243  -0.019488  0.999809  0.999988  0.004908  0.000505  -0.004910  0.999982  0.003411  -0.000488  -0.003413  0.999994  1.000000  0.000000  0.000000  0.000000  1.000000  0.000000  0.000000  0.000000  1.000000  0.997935  0.064229  0.000011  -0.064217  0.997745  0.019528  0.001243  -0.019488  0.999809  0.000093  0.000000  
81.578485 0.003011  0.095784  0.007972  0.962370  0.270786  -0.022774  -0.266664  0.957189  0.112607  0.052291  -0.102297  0.993379  -0.000583  -0.001173  -0.003635  0.201171  -0.019825  0.287499  2.000000  0.997935  0.064229  0.000011  -0.064217  0.997745  0.019528  0.001243  -0.019488  0.999809  0.999989  0.004704  0.000484  -0.004705  0.999984  0.003279  -0.000469  -0.003281  0.999995  1.000000  0.000000  0.000000  0.000000  1.000000  0.000000  0.000000  0.000000  1.000000  0.997935  0.064229  0.000011  -0.064217  0.997745  0.019528  0.001243  -0.019488  0.999809  0.000088  0.000000  
81.579488 0.003015  0.095785  0.007967  0.962377  0.270776  -0.022613  -0.266665  0.957179  0.112688  0.052158  -0.102418  0.993373  -0.000109  -0.000841  -0.003773  0.189355  -0.026936  0.268108  2.000000  0.997935  0.064229  0.000011  -0.064217  0.997745  0.019528  0.001243  -0.019488  0.999809  0.999991  0.004281  0.000576  -0.004283  0.999985  0.003378  -0.000562  -0.003381  0.999994  1.000000  0.000000  0.000000  0.000000  1.000000  0.000000  0.000000  0.000000  1.000000  0.997935  0.064229  0.000011  -0.064217  0.997745  0.019528  0.001243  -0.019488  0.999809  0.000085  0.000000  
81.580739 0.003021  0.095788  0.007963  0.962322  0.270978  -0.022524  -0.266864  0.957095  0.112925  0.052158  -0.102659  0.993348  0.000545  -0.000399  -0.003864  0.184583  -0.030107  0.253911  2.000000  0.997935  0.064229  0.000011  -0.064217  0.997745  0.019528  0.001243  -0.019488  0.999809  0.999991  0.004267  0.000710  -0.004269  0.999986  0.003257  -0.000696  -0.003260  0.999994  1.000000  0.000000  0.000000  0.000000  1.000000  0.000000  0.000000  0.000000  1.000000  0.997935  0.064229  0.000011  -0.064217  0.997745  0.019528  0.001243  -0.019488  0.999809  0.000080  0.000000  
81.582010 0.003027  0.095790  0.007958  0.962329  0.270968  -0.022363  -0.266865  0.957085  0.113006  0.052024  -0.102781  0.993343  0.001273  0.000026  -0.003992  0.175204  -0.032536  0.232661  2.000000  0.997935  0.064229  0.000011  -0.064217  0.997745  0.019528  0.001243  -0.019488  0.999809  0.999992  0.003872  0.000536  -0.003873  0.999987  0.003236  -0.000523  -0.003238  0.999995  1.000000  0.000000  0.000000  0.000000  1.000000  0.000000  0.000000  0.000000  1.000000  0.997935  0.064229  0.000011  -0.064217  0.997745  0.019528  0.001243  -0.019488  0.999809  0.000075  0.000000  
81.583233 0.003034  0.095793  0.007953  0.962274  0.271170  -0.022274  -0.267064  0.957002  0.113242  0.052024  -0.103021  0.993318  0.001904  0.000376  -0.004020  0.174986  -0.031922  0.225968  2.000000  0.997935  0.064229  0.000011  -0.064217  0.997745  0.019528  0.001243  -0.019488  0.999809  0.999993  0.003653  0.000648  -0.003655  0.999988  0.003225  -0.000636  -0.003227  0.999995  1.000000  0.000000  0.000000  0.000000  1.000000  0.000000  0.000000  0.000000  1.000000  0.997935  0.064229  0.000011  -0.064217  0.997745  0.019528  0.001243  -0.019488  0.999809  0.000074  0.000000  
81.584233 0.003040  0.095795  0.007950  0.962274  0.271173  -0.022241  -0.267064  0.956988  0.113358  0.052024  -0.103142  0.993305  0.002465  0.000656  -0.004025  0.168800  -0.030320  0.210483  2.000000  0.997935  0.064229  0.000011  -0.064217  0.997745  0.019528  0.001243  -0.019488  0.999809  0.999995  0.003258  0.000473  -0.003260  0.999990  0.003203  -0.000463  -0.003205  0.999995  1.000000  0.000000  0.000000  0.000000  1.000000  0.000000  0.000000  0.000000  1.000000  0.997935  0.064229  0.000011  -0.064217  0.997745  0.019528  0.001243  -0.019488  0.999809  0.000071  0.000000  
