1-Time 2-Px 3-Py 4-Pz 5-R11 6-R21 7-R31 8-R12 9-R22 10-R32 11-R13 12-R23 13-R33 14-Vx 15-Vy 16-Vz 17-Wx 18-Wy 19-Wz 20-state 21-PR11 22-PR21 23-PR31 24-PR12 25-PR22 26-PR32 27-PR13 28-PR23 29-PR33 
36.502789 0.006972  0.100116  0.002717  0.993683  0.112060  -0.006060  -0.111547  0.992169  0.056189  0.012309  -0.055158  0.998402  0.000036  0.000086  0.000064  0.000000  0.000000  0.000000  2.000000  1.000000  0.000000  0.000000  -0.000000  1.000000  0.000000  0.000000  -0.000000  1.000000  1.000000  0.000191  0.000279  -0.000191  1.000000  0.000003  -0.000279  -0.000003  1.000000  1.000000  0.000000  0.000000  0.000000  1.000000  0.000000  0.000000  0.000000  1.000000  0.796615  0.036870  0.603361  -0.089152  0.994389  0.056942  -0.597876  -0.099152  0.795433  0.000000  0.000000  
36.503796 0.006972  0.100116  0.002717  0.993683  0.112060  -0.006060  -0.111547  0.992169  0.056189  0.012309  -0.055158  0.998402  0.000036  0.000086  0.000064  0.000000  0.000000  0.000000  2.000000  1.000000  0.000000  0.000000  0.000000  1.000000  0.000000  0.000000  0.000000  1.000000  1.000000  0.000191  0.000279  -0.000191  1.000000  0.000003  -0.000279  -0.000003  1.000000  1.000000  0.000000  0.000000  0.000000  1.000000  0.000000  0.000000  0.000000  1.000000  1.000000  0.000000  0.000000  0.000000  1.000000  0.000000  0.000000  0.000000  1.000000  0.000000  0.000000  
36.504798 0.006974  0.100117  0.002718  0.993637  0.112469  -0.006023  -0.111956  0.992116  0.056312  0.012309  -0.055279  0.998395  0.000102  0.000125  0.000118  0.000000  0.000000  0.000000  2.000000  1.000000  0.000000  0.000000  0.000000  1.000000  0.000000  0.000000  0.000000  1.000000  1.000000  0.000602  0.000301  -0.000602  1.000000  0.000129  -0.000301  -0.000129  1.000000  1.000000  0.000000  0.000000  0.000000  1.000000  0.000000  0.000000  0.000000  1.000000  1.000000  0.000000  0.000000  0.000000  1.000000  0.000000  0.000000  0.000000  1.000000  0.000000  0.000000  
36.506048 0.006976  0.100119  0.002720  0.993544  0.113287  -0.005963  -0.112774  0.992017  0.056437  0.012309  -0.055400  0.998388  0.000283  0.000250  0.000174  0.000000  0.000000  0.000000  2.000000  1.000000  0.000000  0.000000  0.000000  1.000000  0.000000  0.000000  0.000000  1.000000  0.999999  0.001226  0.000202  -0.001226  0.999999  0.000136  -0.000202  -0.000137  1.000000  1.000000  0.000000  0.000000  0.000000  1.000000  0.000000  0.000000  0.000000  1.000000  1.000000  0.000000  0.000000  0.000000  1.000000  0.000000  0.000000  0.000000  1.000000  0.000000  0.000000  
36.507293 0.006978  0.100119  0.002721  0.993451  0.114105  -0.005903  -0.113592  0.991916  0.056562  0.012309  -0.055521  0.998382  0.000410  0.000248  0.000248  0.000000  0.000000  0.000000  2.000000  1.000000  0.000000  0.000000  0.000000  1.000000  0.000000  0.000000  0.000000  1.000000  0.999998  0.002048  0.000248  -0.002048  0.999998  0.000389  -0.000247  -0.000390  1.000000  1.000000  0.000000  0.000000  0.000000  1.000000  0.000000  0.000000  0.000000  1.000000  1.000000  0.000000  0.000000  0.000000  1.000000  0.000000  0.000000  0.000000  1.000000  0.000000  0.000000  
36.508299 0.006980  0.100119  0.002722  0.993404  0.114514  -0.005866  -0.114001  0.991862  0.056685  0.012309  -0.055642  0.998375  0.000550  0.000253  0.000328  0.000000  0.000000  0.000000  2.000000  1.000000  0.000000  0.000000  0.000000  1.000000  0.000000  0.000000  0.000000  1.000000  0.999997  0.002459  0.000271  -0.002459  0.999997  0.000515  -0.000270  -0.000516  1.000000  1.000000  0.000000  0.000000  0.000000  1.000000  0.000000  0.000000  0.000000  1.000000  1.000000  0.000000  0.000000  0.000000  1.000000  0.000000  0.000000  0.000000  1.000000  0.000000  0.000000  
36.509299 0.006983  0.100120  0.002723  0.993357  0.114923  -0.005828  -0.114410  0.991808  0.056808  0.012309  -0.055763  0.998368  0.000734  0.000260  0.000407  0.000000  0.000000  0.000000  2.000000  1.000000  0.000000  0.000000  0.000000  1.000000  0.000000  0.000000  0.000000  1.000000  0.999996  0.002870  0.000294  -0.002870  0.999996  0.000642  -0.000293  -0.000643  1.000000  1.000000  0.000000  0.000000  0.000000  1.000000  0.000000  0.000000  0.000000  1.000000  1.000000  0.000000  0.000000  0.000000  1.000000  0.000000  0.000000  0.000000  1.000000  0.000000  0.000000  
36.510544 0.006985  0.100121  0.002725  0.993259  0.115755  -0.006033  -0.115228  0.991704  0.056963  0.012577  -0.055884  0.998358  0.000903  0.000348  0.000548  0.000000  0.000000  0.000000  2.000000  1.000000  0.000000  0.000000  0.000000  1.000000  0.000000  0.000000  0.000000  1.000000  0.999993  0.003707  0.000074  -0.003707  0.999993  0.000774  -0.000071  -0.000774  1.000000  1.000000  0.000000  0.000000  0.000000  1.000000  0.000000  0.000000  0.000000  1.000000  1.000000  0.000000  0.000000  0.000000  1.000000  0.000000  0.000000  0.000000  1.000000  0.000000  0.000000  
36.511798 0.006988  0.100123  0.002727  0.993113  0.116996  -0.006200  -0.116454  0.991545  0.057243  0.012844  -0.056126  0.998341  0.001073  0.000435  0.000688  0.034803  -0.000645  0.173150  2.000000  1.000000  0.000000  0.000000  0.000000  1.000000  0.000000  0.000000  0.000000  1.000000  0.999988  0.004948  0.000010  -0.004948  0.999987  0.000911  -0.000005  -0.000911  1.000000  1.000000  0.000000  0.000000  0.000000  1.000000  0.000000  0.000000  0.000000  1.000000  1.000000  0.000000  0.000000  0.000000  1.000000  0.000000  0.000000  0.000000  1.000000  0.000000  0.000000  
36.512805 0.006989  0.100124  0.002729  0.992993  0.118018  -0.006126  -0.117477  0.991417  0.057369  0.012844  -0.056247  0.998334  0.001161  0.000486  0.000806  0.039308  -0.002581  0.207628  2.000000  1.000000  0.000147  0.000231  -0.000147  1.000000  0.000053  -0.000231  -0.000053  1.000000  0.999983  0.005785  -0.000210  -0.005785  0.999983  0.001165  0.000217  -0.001164  0.999999  1.000000  0.000038  0.000061  -0.000038  1.000000  0.000015  -0.000061  -0.000015  1.000000  1.000000  0.000147  0.000231  -0.000147  1.000000  0.000053  -0.000231  -0.000053  1.000000  0.000049  0.005905  
36.514042 0.006992  0.100126  0.002731  0.992845  0.119251  -0.006174  -0.118703  0.991263  0.057513  0.012978  -0.056368  0.998326  0.001296  0.000608  0.000912  0.043944  -0.000420  0.249401  2.000000  1.000000  0.000327  0.000518  -0.000327  1.000000  0.000115  -0.000518  -0.000115  1.000000  0.999974  0.007231  -0.000261  -0.007231  0.999973  0.001305  0.000271  -0.001303  0.999999  1.000000  0.000048  0.000077  -0.000048  1.000000  0.000016  -0.000077  -0.000016  1.000000  1.000000  0.000327  0.000518  -0.000327  1.000000  0.000115  -0.000518  -0.000115  1.000000  0.000062  0.007352  
36.515290 0.006995  0.100129  0.002734  0.992673  0.120680  -0.006061  -0.120134  0.991076  0.057762  0.012978  -0.056611  0.998312  0.001556  0.000841  0.001110  0.052275  0.001322  0.295627  2.000000  0.999999  0.000591  0.000947  -0.000591  1.000000  0.000205  -0.000947  -0.000205  1.000000  0.999962  0.008670  -0.000178  -0.008670  0.999961  0.001566  0.000192  -0.001564  0.999999  1.000000  0.000056  0.000093  -0.000056  1.000000  0.000020  -0.000093  -0.000020  1.000000  0.999999  0.000591  0.000947  -0.000591  1.000000  0.000205  -0.000947  -0.000205  1.000000  0.000073  0.008812  
36.516293 0.006998  0.100133  0.002736  0.992550  0.121694  -0.005855  -0.121155  0.990945  0.057872  0.012844  -0.056732  0.998307  0.001766  0.001111  0.001304  0.057198  -0.005111  0.332341  2.000000  0.999999  0.000824  0.001345  -0.000824  1.000000  0.000286  -0.001345  -0.000287  0.999999  0.999953  0.009690  0.000015  -0.009690  0.999952  0.001698  0.000001  -0.001699  0.999999  1.000000  0.000060  0.000105  -0.000060  1.000000  0.000021  -0.000105  -0.000021  1.000000  0.999999  0.000824  0.001345  -0.000824  1.000000  0.000286  -0.001345  -0.000287  0.999999  0.000083  0.009838  
36.517542 0.007002  0.100138  0.002741  0.992350  0.123327  -0.005729  -0.122790  0.990729  0.058122  0.012844  -0.056974  0.998293  0.002044  0.001457  0.001636  0.066045  -0.008254  0.387565  2.000000  0.999997  0.001150  0.001918  -0.001151  0.999999  0.000400  -0.001918  -0.000402  0.999998  0.999938  0.011128  0.000100  -0.011129  0.999936  0.001959  -0.000078  -0.001960  0.999998  1.000000  0.000069  0.000121  -0.000069  1.000000  0.000024  -0.000121  -0.000024  1.000000  0.999997  0.001150  0.001918  -0.001151  0.999999  0.000400  -0.001918  -0.000402  0.999998  0.000095  0.011300  
36.518547 0.007006  0.100143  0.002745  0.992195  0.124560  -0.005760  -0.124015  0.990561  0.058386  0.012978  -0.057216  0.998277  0.002266  0.001765  0.001877  0.074738  -0.006143  0.429185  2.000000  0.999996  0.001375  0.002312  -0.001376  0.999999  0.000476  -0.002312  -0.000480  0.999997  0.999921  0.012575  0.000050  -0.012575  0.999919  0.002099  -0.000024  -0.002100  0.999998  1.000000  0.000078  0.000136  -0.000078  1.000000  0.000026  -0.000136  -0.000026  1.000000  0.999996  0.001375  0.002312  -0.001376  0.999999  0.000476  -0.002312  -0.000480  0.999997  0.000107  0.012749  
36.519799 0.007012  0.100149  0.002749  0.992014  0.125996  -0.005778  -0.125445  0.990365  0.058651  0.013112  -0.057458  0.998262  0.002551  0.002088  0.002089  0.083532  -0.004433  0.477755  2.000000  0.999994  0.001709  0.002896  -0.001710  0.999998  0.000593  -0.002895  -0.000598  0.999996  0.999902  0.014021  0.000004  -0.014021  0.999899  0.002483  0.000031  -0.002482  0.999997  1.000000  0.000088  0.000152  -0.000088  1.000000  0.000031  -0.000152  -0.000031  1.000000  0.999994  0.001709  0.002896  -0.001710  0.999998  0.000593  -0.002895  -0.000598  0.999996  0.000120  0.014239  
36.521047 0.007017  0.100154  0.002753  0.991804  0.127637  -0.005767  -0.127078  0.990134  0.059038  0.013246  -0.057821  0.998239  0.002716  0.002319  0.002245  0.096525  -0.003159  0.533386  2.000000  0.999991  0.002173  0.003703  -0.002176  0.999997  0.000757  -0.003701  -0.000765  0.999993  0.999880  0.015467  -0.000043  -0.015467  0.999877  0.002745  0.000085  -0.002744  0.999996  1.000000  0.000097  0.000167  -0.000097  1.000000  0.000034  -0.000167  -0.000034  1.000000  0.999991  0.002173  0.003703  -0.002176  0.999997  0.000757  -0.003701  -0.000765  0.999993  0.000132  0.015709  
36.522304 0.007022  0.100158  0.002757  0.991620  0.129065  -0.005635  -0.128508  0.989928  0.059407  0.013246  -0.058185  0.998218  0.002926  0.002640  0.002433  0.108478  -0.001499  0.577418  2.000000  0.999986  0.002686  0.004593  -0.002691  0.999996  0.000940  -0.004591  -0.000953  0.999989  0.999854  0.017111  0.000059  -0.017111  0.999849  0.003129  -0.000005  -0.003130  0.999995  1.000000  0.000107  0.000185  -0.000107  1.000000  0.000039  -0.000185  -0.000039  1.000000  0.999986  0.002686  0.004593  -0.002691  0.999996  0.000940  -0.004591  -0.000953  0.999989  0.000146  0.017395  
36.523549 0.007027  0.100162  0.002761  0.991432  0.130501  -0.005650  -0.129936  0.989725  0.059672  0.013379  -0.058427  0.998202  0.003094  0.002883  0.002637  0.118138  0.000157  0.630531  2.000000  0.999979  0.003244  0.005557  -0.003250  0.999994  0.001147  -0.005554  -0.001165  0.999984  0.999832  0.018351  0.000004  -0.018351  0.999825  0.003510  0.000060  -0.003510  0.999994  1.000000  0.000115  0.000198  -0.000115  1.000000  0.000044  -0.000198  -0.000044  1.000000  0.999979  0.003244  0.005557  -0.003250  0.999994  0.001147  -0.005554  -0.001165  0.999984  0.000158  0.018685  
36.524796 0.007032  0.100164  0.002765  0.991217  0.132133  -0.005504  -0.131569  0.989487  0.060041  0.013379  -0.058790  0.998181  0.003247  0.002931  0.002765  0.131201  -0.003114  0.686433  2.000000  0.999971  0.003842  0.006599  -0.003851  0.999992  0.001376  -0.006594  -0.001401  0.999977  0.999804  0.019789  0.000096  -0.019790  0.999797  0.003892  -0.000019  -0.003893  0.999992  1.000000  0.000123  0.000215  -0.000123  1.000000  0.000049  -0.000215  -0.000049  1.000000  0.999971  0.003842  0.006599  -0.003851  0.999992  0.001376  -0.006594  -0.001401  0.999977  0.000171  0.020170  
36.526048 0.007039  0.100166  0.002769  0.990999  0.133764  -0.005356  -0.133201  0.989246  0.060410  0.013379  -0.059153  0.998159  0.003457  0.002969  0.002864  0.143996  -0.006399  0.740936  2.000000  0.999960  0.004476  0.007714  -0.004489  0.999989  0.001621  -0.007707  -0.001656  0.999969  0.999783  0.020817  0.000164  -0.020817  0.999775  0.004147  -0.000078  -0.004149  0.999991  1.000000  0.000129  0.000226  -0.000129  1.000000  0.000052  -0.000226  -0.000052  1.000000  0.999960  0.004476  0.007714  -0.004489  0.999989  0.001621  -0.007707  -0.001656  0.999969  0.000186  0.021228  
36.527072 0.007043  0.100167  0.002772  0.990833  0.134987  -0.005249  -0.134425  0.989066  0.060657  0.013379  -0.059395  0.998145  0.003664  0.002990  0.002964  0.152530  -0.008857  0.781603  2.000000  0.999953  0.004870  0.008412  -0.004885  0.999986  0.001778  -0.008403  -0.001819  0.999963  0.999766  0.021638  0.000218  -0.021639  0.999756  0.004399  -0.000123  -0.004403  0.999990  1.000000  0.000133  0.000235  -0.000133  1.000000  0.000055  -0.000235  -0.000055  1.000000  0.999953  0.004870  0.008412  -0.004885  0.999986  0.001778  -0.008403  -0.001819  0.999963  0.000196  0.022084  
36.528296 0.007048  0.100167  0.002775  0.990639  0.136414  -0.005112  -0.135853  0.988848  0.061024  0.013379  -0.059758  0.998123  0.003855  0.002910  0.003062  0.165715  -0.011804  0.831647  2.000000  0.999941  0.005413  0.009377  -0.005432  0.999983  0.001995  -0.009366  -0.002046  0.999954  0.999752  0.022255  0.000261  -0.022256  0.999742  0.004528  -0.000160  -0.004533  0.999990  1.000000  0.000137  0.000242  -0.000137  1.000000  0.000057  -0.000242  -0.000057  1.000000  0.999941  0.005413  0.009377  -0.005432  0.999983  0.001995  -0.009366  -0.002046  0.999954  0.000208  0.022714  
36.529544 0.007053  0.100168  0.002779  0.990472  0.137629  -0.004871  -0.137077  0.988665  0.061252  0.013246  -0.060001  0.998110  0.004021  0.002755  0.003107  0.174165  -0.018771  0.871942  2.000000  0.999925  0.006110  0.010629  -0.006134  0.999979  0.002275  -0.010614  -0.002340  0.999941  0.999729  0.023274  0.000464  -0.023276  0.999718  0.004659  -0.000356  -0.004668  0.999989  1.000000  0.000141  0.000255  -0.000141  1.000000  0.000058  -0.000255  -0.000058  1.000000  0.999925  0.006110  0.010629  -0.006134  0.999979  0.002275  -0.010614  -0.002340  0.999941  0.000221  0.023743  
36.530790 0.007060  0.100169  0.002781  0.990245  0.139258  -0.004736  -0.138708  0.988422  0.061500  0.013246  -0.060243  0.998096  0.004228  0.002510  0.003073  0.183042  -0.022073  0.927289  2.000000  0.999906  0.006825  0.011931  -0.006856  0.999973  0.002563  -0.011913  -0.002644  0.999926  0.999710  0.024095  0.000520  -0.024097  0.999698  0.004789  -0.000404  -0.004801  0.999988  1.000000  0.000146  0.000264  -0.000146  1.000000  0.000060  -0.000264  -0.000060  1.000000  0.999906  0.006825  0.011931  -0.006856  0.999973  0.002563  -0.011913  -0.002644  0.999926  0.000233  0.024576  
36.531792 0.007066  0.100170  0.002783  0.990101  0.140277  -0.004622  -0.139727  0.988256  0.061864  0.013246  -0.060606  0.998074  0.004410  0.002350  0.002991  0.194139  -0.024049  0.954086  2.000000  0.999888  0.007399  0.012999  -0.007436  0.999968  0.002798  -0.012978  -0.002894  0.999912  0.999700  0.024490  0.000818  -0.024493  0.999688  0.004916  -0.000697  -0.004934  0.999988  1.000000  0.000145  0.000270  -0.000145  1.000000  0.000062  -0.000270  -0.000062  1.000000  0.999888  0.007399  0.012999  -0.007436  0.999968  0.002798  -0.012978  -0.002894  0.999912  0.000244  0.024996  
36.532793 0.007071  0.100172  0.002785  0.989928  0.141499  -0.004528  -0.140950  0.988074  0.061990  0.013246  -0.060727  0.998067  0.004559  0.002105  0.002853  0.200297  -0.026316  0.996689  2.000000  0.999869  0.007971  0.014083  -0.008014  0.999963  0.003038  -0.014058  -0.003150  0.999896  0.999700  0.024481  0.000957  -0.024486  0.999687  0.005037  -0.000834  -0.005059  0.999987  1.000000  0.000143  0.000271  -0.000143  1.000000  0.000063  -0.000271  -0.000063  1.000000  0.999869  0.007971  0.014083  -0.008014  0.999963  0.003038  -0.014058  -0.003150  0.999896  0.000251  0.025017  
36.534046 0.007078  0.100173  0.002787  0.989753  0.142721  -0.004400  -0.142173  0.987876  0.062355  0.013246  -0.061090  0.998044  0.004622  0.001877  0.002702  0.208882  -0.028570  1.031167  2.000000  0.999843  0.008680  0.015451  -0.008732  0.999956  0.003340  -0.015422  -0.003475  0.999875  0.999700  0.024473  0.001097  -0.024478  0.999688  0.005037  -0.000973  -0.005062  0.999987  1.000000  0.000142  0.000271  -0.000142  1.000000  0.000063  -0.000271  -0.000063  1.000000  0.999843  0.008680  0.015451  -0.008732  0.999956  0.003340  -0.015422  -0.003475  0.999875  0.000260  0.025015  
36.535052 0.007083  0.100174  0.002789  0.989636  0.143535  -0.004314  -0.142988  0.987743  0.062598  0.013246  -0.061332  0.998030  0.004664  0.001589  0.002589  0.217083  -0.029093  1.037873  2.000000  0.999826  0.009097  0.016270  -0.009156  0.999952  0.003527  -0.016237  -0.003675  0.999861  0.999700  0.024464  0.001236  -0.024470  0.999687  0.005158  -0.001110  -0.005187  0.999986  1.000000  0.000140  0.000272  -0.000140  1.000000  0.000065  -0.000272  -0.000065  1.000000  0.999826  0.009097  0.016270  -0.009156  0.999952  0.003527  -0.016237  -0.003675  0.999861  0.000265  0.025038  
36.536069 0.007088  0.100175  0.002790  0.989519  0.144341  -0.004112  -0.143803  0.987618  0.062702  0.013112  -0.061454  0.998024  0.004700  0.001328  0.002442  0.216997  -0.034095  1.044013  2.000000  0.999809  0.009513  0.017089  -0.009578  0.999947  0.003718  -0.017053  -0.003881  0.999847  0.999700  0.024456  0.001376  -0.024463  0.999687  0.005276  -0.001246  -0.005308  0.999985  1.000000  0.000139  0.000273  -0.000139  1.000000  0.000066  -0.000273  -0.000066  1.000000  0.999809  0.009513  0.017089  -0.009578  0.999947  0.003718  -0.017053  -0.003881  0.999847  0.000267  0.025062  
36.537295 0.007093  0.100176  0.002791  0.989371  0.145359  -0.003995  -0.144821  0.987446  0.063066  0.013112  -0.061817  0.998001  0.004768  0.001139  0.002296  0.225459  -0.035182  1.058459  2.000000  0.999784  0.010064  0.018183  -0.010138  0.999941  0.003975  -0.018142  -0.004158  0.999827  0.999700  0.024464  0.001248  -0.024470  0.999686  0.005397  -0.001116  -0.005426  0.999985  1.000000  0.000140  0.000272  -0.000140  1.000000  0.000068  -0.000272  -0.000068  1.000000  0.999784  0.010064  0.018183  -0.010138  0.999941  0.003975  -0.018142  -0.004158  0.999827  0.000269  0.025089  
36.538299 0.007097  0.100175  0.002793  0.989251  0.146172  -0.003925  -0.145636  0.987318  0.063189  0.013112  -0.061938  0.997994  0.004753  0.000933  0.002195  0.225598  -0.036118  1.072101  2.000000  0.999758  0.010615  0.019265  -0.010698  0.999934  0.004234  -0.019219  -0.004439  0.999805  0.999710  0.024053  0.001228  -0.024059  0.999696  0.005392  -0.001098  -0.005420  0.999985  1.000000  0.000138  0.000268  -0.000138  1.000000  0.000068  -0.000268  -0.000068  1.000000  0.999758  0.010615  0.019265  -0.010698  0.999934  0.004234  -0.019219  -0.004439  0.999805  0.000273  0.024686  
36.539546 0.007100  0.100175  0.002795  0.989133  0.146978  -0.003705  -0.146451  0.987183  0.063412  0.012978  -0.062180  0.997981  0.004615  0.000721  0.002013  0.229726  -0.045301  1.071802  2.000000  0.999724  0.011285  0.020587  -0.011381  0.999925  0.004560  -0.020534  -0.004793  0.999778  0.999734  0.023017  0.001304  -0.023024  0.999720  0.005380  -0.001179  -0.005409  0.999985  1.000000  0.000130  0.000257  -0.000130  1.000000  0.000067  -0.000257  -0.000067  1.000000  0.999724  0.011285  0.020587  -0.011381  0.999925  0.004560  -0.020534  -0.004793  0.999778  0.000274  0.023679  
36.540546 0.007103  0.100174  0.002796  0.989012  0.147792  -0.003617  -0.147265  0.987047  0.063654  0.012978  -0.062422  0.997965  0.004442  0.000546  0.001917  0.229847  -0.050451  1.078250  2.000000  0.999697  0.011785  0.021603  -0.011892  0.999918  0.004816  -0.021544  -0.005072  0.999755  0.999748  0.022392  0.001404  -0.022399  0.999735  0.005370  -0.001283  -0.005400  0.999985  1.000000  0.000125  0.000251  -0.000125  1.000000  0.000067  -0.000251  -0.000067  1.000000  0.999697  0.011785  0.021603  -0.011892  0.999918  0.004816  -0.021544  -0.005072  0.999755  0.000276  0.023075  
36.541547 0.007105  0.100173  0.002798  0.988921  0.148402  -0.003542  -0.147876  0.986940  0.063896  0.012978  -0.062664  0.997950  0.004289  0.000399  0.001843  0.233920  -0.058811  1.064031  2.000000  0.999670  0.012265  0.022591  -0.012382  0.999911  0.005067  -0.022527  -0.005345  0.999732  0.999762  0.021767  0.001501  -0.021775  0.999749  0.005241  -0.001387  -0.005273  0.999985  1.000000  0.000120  0.000245  -0.000120  1.000000  0.000066  -0.000245  -0.000066  1.000000  0.999670  0.012265  0.022591  -0.012382  0.999911  0.005067  -0.022527  -0.005345  0.999732  0.000273  0.022445  
36.542547 0.007107  0.100172  0.002798  0.988860  0.148809  -0.003498  -0.148283  0.986871  0.064017  0.012978  -0.062785  0.997943  0.004133  0.000274  0.001644  0.233706  -0.057717  1.043536  2.000000  0.999648  0.012614  0.023320  -0.012739  0.999905  0.005255  -0.023251  -0.005550  0.999714  0.999771  0.021348  0.001614  -0.021356  0.999758  0.005237  -0.001502  -0.005270  0.999985  1.000000  0.000117  0.000241  -0.000117  1.000000  0.000066  -0.000241  -0.000066  1.000000  0.999648  0.012614  0.023320  -0.012739  0.999905  0.005255  -0.023251  -0.005550  0.999714  0.000271  0.022046  
36.543550 0.007108  0.100170  0.002799  0.988768  0.149419  -0.003422  -0.148894  0.986763  0.064259  0.012978  -0.063027  0.997927  0.003964  0.000186  0.001504  0.235843  -0.061483  1.027976  2.000000  0.999620  0.013063  0.024266  -0.013200  0.999898  0.005502  -0.024192  -0.005820  0.999690  0.999788  0.020526  0.001565  -0.020534  0.999776  0.005106  -0.001460  -0.005137  0.999986  1.000000  0.000112  0.000232  -0.000112  1.000000  0.000064  -0.000232  -0.000064  1.000000  0.999620  0.013063  0.024266  -0.013200  0.999898  0.005502  -0.024192  -0.005820  0.999690  0.000265  0.021215  
36.544794 0.007110  0.100169  0.002798  0.988645  0.150232  -0.003351  -0.149708  0.986632  0.064381  0.012978  -0.063148  0.997920  0.003649  0.000023  0.001285  0.235560  -0.060759  1.013809  2.000000  0.999584  0.013601  0.025415  -0.013752  0.999889  0.005804  -0.025333  -0.006151  0.999660  0.999801  0.019901  0.001664  -0.019909  0.999789  0.004977  -0.001565  -0.005009  0.999986  1.000000  0.000107  0.000226  -0.000107  1.000000  0.000062  -0.000226  -0.000062  1.000000  0.999584  0.013601  0.025415  -0.013752  0.999889  0.005804  -0.025333  -0.006151  0.999660  0.000261  0.020587  
36.546048 0.007111  0.100167  0.002798  0.988552  0.150842  -0.003274  -0.150319  0.986523  0.064622  0.012978  -0.063390  0.997904  0.003245  -0.000155  0.001033  0.236968  -0.054937  0.987806  2.000000  0.999549  0.014113  0.026519  -0.014279  0.999879  0.006095  -0.026430  -0.006471  0.999630  0.999817  0.019079  0.001617  -0.019087  0.999806  0.004846  -0.001524  -0.004876  0.999987  1.000000  0.000102  0.000216  -0.000102  1.000000  0.000061  -0.000216  -0.000061  1.000000  0.999549  0.014113  0.026519  -0.014279  0.999879  0.006095  -0.026430  -0.006471  0.999630  0.000255  0.019756  
36.547294 0.007112  0.100166  0.002796  0.988490  0.151249  -0.003211  -0.150726  0.986445  0.064863  0.012978  -0.063633  0.997889  0.002848  -0.000392  0.000708  0.236455  -0.052678  0.946447  2.000000  0.999513  0.014597  0.027566  -0.014778  0.999870  0.006376  -0.027469  -0.006780  0.999600  0.999836  0.018052  0.001553  -0.018059  0.999826  0.004591  -0.001470  -0.004619  0.999988  1.000000  0.000096  0.000205  -0.000096  1.000000  0.000058  -0.000205  -0.000058  1.000000  0.999513  0.014597  0.027566  -0.014778  0.999870  0.006376  -0.027469  -0.006780  0.999600  0.000248  0.018696  
36.548318 0.007112  0.100164  0.002794  0.988397  0.151859  -0.003153  -0.151336  0.986344  0.064985  0.012978  -0.063754  0.997881  0.002529  -0.000555  0.000489  0.232029  -0.056048  0.924870  2.000000  0.999486  0.014956  0.028350  -0.015149  0.999864  0.006594  -0.028247  -0.007020  0.999576  0.999857  0.016819  0.001479  -0.016826  0.999848  0.004577  -0.001401  -0.004601  0.999988  1.000000  0.000090  0.000191  -0.000090  1.000000  0.000057  -0.000191  -0.000057  1.000000  0.999486  0.014956  0.028350  -0.015149  0.999864  0.006594  -0.028247  -0.007020  0.999576  0.000241  0.017497  
36.549544 0.007112  0.100162  0.002791  0.988335  0.152265  -0.003107  -0.151743  0.986273  0.065106  0.012978  -0.063875  0.997874  0.002101  -0.000802  0.000131  0.227748  -0.058651  0.890786  2.000000  0.999460  0.015295  0.029092  -0.015499  0.999857  0.006802  -0.028983  -0.007250  0.999554  0.999871  0.015997  0.001428  -0.016003  0.999863  0.004324  -0.001359  -0.004347  0.999990  1.000000  0.000085  0.000182  -0.000085  1.000000  0.000054  -0.000182  -0.000054  1.000000  0.999460  0.015295  0.029092  -0.015499  0.999857  0.006802  -0.028983  -0.007250  0.999554  0.000234  0.016636  
36.550791 0.007113  0.100161  0.002789  0.988241  0.152875  -0.003049  -0.152354  0.986171  0.065227  0.012978  -0.063996  0.997866  0.001775  -0.000898  -0.000075  0.221628  -0.061531  0.862651  2.000000  0.999427  0.015702  0.029975  -0.015921  0.999848  0.007054  -0.029860  -0.007528  0.999526  0.999884  0.015184  0.001243  -0.015189  0.999876  0.004193  -0.001180  -0.004212  0.999990  1.000000  0.000082  0.000172  -0.000082  1.000000  0.000053  -0.000172  -0.000053  1.000000  0.999427  0.015702  0.029975  -0.015921  0.999848  0.007054  -0.029860  -0.007528  0.999526  0.000223  0.015804  
36.551807 0.007113  0.100160  0.002787  0.988178  0.153281  -0.003003  -0.152760  0.986100  0.065348  0.012978  -0.064117  0.997858  0.001368  -0.001043  -0.000319  0.214640  -0.059680  0.827855  2.000000  0.999402  0.016012  0.030643  -0.016241  0.999842  0.007251  -0.030522  -0.007744  0.999504  0.999896  0.014362  0.001192  -0.014367  0.999889  0.004062  -0.001134  -0.004079  0.999991  1.000000  0.000077  0.000163  -0.000077  1.000000  0.000051  -0.000163  -0.000051  1.000000  0.999402  0.016012  0.030643  -0.016241  0.999842  0.007251  -0.030522  -0.007744  0.999504  0.000217  0.014976  
36.553044 0.007112  0.100160  0.002784  0.988113  0.153696  -0.003090  -0.153167  0.986028  0.065489  0.013112  -0.064238  0.997848  0.001075  -0.001044  -0.000560  0.208783  -0.058109  0.800922  2.000000  0.999378  0.016308  0.031274  -0.016549  0.999835  0.007440  -0.031147  -0.007953  0.999483  0.999908  0.013549  0.001008  -0.013553  0.999900  0.003932  -0.000954  -0.003946  0.999992  1.000000  0.000074  0.000153  -0.000074  1.000000  0.000049  -0.000153  -0.000049  1.000000  0.999378  0.016308  0.031274  -0.016549  0.999835  0.007440  -0.031147  -0.007953  0.999483  0.000208  0.014146  
36.554299 0.007110  0.100158  0.002780  0.988082  0.153900  -0.003057  -0.153370  0.985988  0.065610  0.013112  -0.064359  0.997841  0.000681  -0.001118  -0.000981  0.200027  -0.055338  0.752835  2.000000  0.999349  0.016656  0.032012  -0.016909  0.999828  0.007666  -0.031878  -0.008203  0.999458  0.999921  0.012522  0.000943  -0.012525  0.999914  0.003798  -0.000895  -0.003810  0.999992  1.000000  0.000068  0.000141  -0.000068  1.000000  0.000048  -0.000141  -0.000048  1.000000  0.999349  0.016656  0.032012  -0.016909  0.999828  0.007666  -0.031878  -0.008203  0.999458  0.000199  0.013121  
36.555544 0.007109  0.100157  0.002777  0.988019  0.154306  -0.003030  -0.153777  0.985925  0.065611  0.013112  -0.064359  0.997841  0.000410  -0.001157  -0.001324  0.187409  -0.052951  0.711943  2.000000  0.999321  0.016977  0.032696  -0.017244  0.999820  0.007878  -0.032557  -0.008437  0.999434  0.999931  0.011700  0.000890  -0.011703  0.999926  0.003424  -0.000849  -0.003435  0.999994  1.000000  0.000064  0.000132  -0.000064  1.000000  0.000043  -0.000132  -0.000043  1.000000  0.999321  0.016977  0.032696  -0.017244  0.999820  0.007878  -0.032557  -0.008437  0.999434  0.000188  0.012225  
36.556545 0.007108  0.100155  0.002774  0.987955  0.154712  -0.002985  -0.154184  0.985853  0.065732  0.013112  -0.064480  0.997833  0.000165  -0.001181  -0.001632  0.183079  -0.051403  0.684820  2.000000  0.999301  0.017212  0.033197  -0.017488  0.999815  0.008033  -0.033053  -0.008608  0.999417  0.999943  0.010673  0.000825  -0.010676  0.999938  0.003169  -0.000791  -0.003178  0.999995  1.000000  0.000058  0.000121  -0.000058  1.000000  0.000040  -0.000121  -0.000040  1.000000  0.999301  0.017212  0.033197  -0.017488  0.999815  0.008033  -0.033053  -0.008608  0.999417  0.000178  0.011166  
36.557796 0.007107  0.100154  0.002770  0.987892  0.155118  -0.002958  -0.154591  0.985789  0.065733  0.013112  -0.064480  0.997833  -0.000032  -0.001142  -0.001939  0.171667  -0.049336  0.648493  2.000000  0.999281  0.017437  0.033665  -0.017722  0.999809  0.008179  -0.033516  -0.008770  0.999400  0.999949  0.010066  0.000651  -0.010067  0.999945  0.002919  -0.000622  -0.002925  0.999996  1.000000  0.000056  0.000113  -0.000056  1.000000  0.000037  -0.000113  -0.000037  1.000000  0.999281  0.017437  0.033665  -0.017722  0.999809  0.008179  -0.033516  -0.008770  0.999400  0.000168  0.010502  
36.559046 0.007106  0.100154  0.002766  0.987860  0.155321  -0.002944  -0.154794  0.985758  0.065733  0.013112  -0.064480  0.997833  -0.000149  -0.001029  -0.002160  0.158855  -0.042384  0.607360  2.000000  0.999258  0.017701  0.034212  -0.017997  0.999803  0.008344  -0.034057  -0.008953  0.999380  0.999955  0.009449  0.000611  -0.009451  0.999952  0.002669  -0.000586  -0.002674  0.999996  1.000000  0.000053  0.000106  -0.000053  1.000000  0.000033  -0.000106  -0.000033  1.000000  0.999258  0.017701  0.034212  -0.017997  0.999803  0.008344  -0.034057  -0.008953  0.999380  0.000161  0.009839  
36.560292 0.007107  0.100154  0.002762  0.987828  0.155524  -0.002912  -0.154998  0.985718  0.065854  0.013112  -0.064601  0.997825  -0.000237  -0.000905  -0.002391  0.157124  -0.039976  0.568220  2.000000  0.999236  0.017946  0.034719  -0.018251  0.999797  0.008497  -0.034560  -0.009124  0.999361  0.999961  0.008833  0.000572  -0.008834  0.999958  0.002539  -0.000550  -0.002544  0.999997  1.000000  0.000049  0.000099  -0.000049  1.000000  0.000032  -0.000099  -0.000032  1.000000  0.999236  0.017946  0.034719  -0.018251  0.999797  0.008497  -0.034560  -0.009124  0.999361  0.000151  0.009209  
36.561541 0.007108  0.100155  0.002759  0.987796  0.155727  -0.002898  -0.155201  0.985685  0.065854  0.013112  -0.064601  0.997825  -0.000254  -0.000768  -0.002571  0.144434  -0.037500  0.527054  2.000000  0.999215  0.018180  0.035186  -0.018494  0.999792  0.008637  -0.035022  -0.009281  0.999343  0.999968  0.008020  0.000386  -0.008021  0.999965  0.002287  -0.000367  -0.002290  0.999997  1.000000  0.000046  0.000089  -0.000046  1.000000  0.000029  -0.000089  -0.000029  1.000000  0.999215  0.018180  0.035186  -0.018494  0.999792  0.008637  -0.035022  -0.009281  0.999343  0.000140  0.008349  
36.562790 0.007110  0.100156  0.002755  0.987732  0.156133  -0.002871  -0.155608  0.985621  0.065855  0.013112  -0.064601  0.997825  -0.000167  -0.000576  -0.002643  0.135907  -0.035416  0.492848  2.000000  0.999196  0.018398  0.035620  -0.018721  0.999786  0.008763  -0.035451  -0.009423  0.999327  0.999973  0.007404  0.000346  -0.007404  0.999971  0.002036  -0.000331  -0.002039  0.999998  1.000000  0.000043  0.000082  -0.000043  1.000000  0.000025  -0.000082  -0.000025  1.000000  0.999196  0.018398  0.035620  -0.018721  0.999786  0.008763  -0.035451  -0.009423  0.999327  0.000130  0.007687  
36.563791 0.007112  0.100157  0.002752  0.987700  0.156336  -0.002857  -0.155811  0.985589  0.065856  0.013112  -0.064601  0.997825  -0.000056  -0.000452  -0.002690  0.124368  -0.033632  0.462478  2.000000  0.999181  0.018563  0.035946  -0.018892  0.999782  0.008851  -0.035774  -0.009523  0.999315  0.999974  0.007198  0.000332  -0.007199  0.999972  0.001791  -0.000319  -0.001793  0.999998  1.000000  0.000041  0.000080  -0.000041  1.000000  0.000022  -0.000080  -0.000022  1.000000  0.999181  0.018563  0.035946  -0.018892  0.999782  0.008851  -0.035774  -0.009523  0.999315  0.000124  0.007426  
36.565039 0.007114  0.100157  0.002749  0.987668  0.156539  -0.002844  -0.156014  0.985557  0.065857  0.013112  -0.064601  0.997825  0.000124  -0.000270  -0.002730  0.115005  -0.032120  0.438198  2.000000  0.999164  0.018759  0.036334  -0.019096  0.999778  0.008948  -0.036158  -0.009634  0.999300  0.999977  0.006788  0.000306  -0.006788  0.999976  0.001543  -0.000295  -0.001545  0.999999  1.000000  0.000039  0.000075  -0.000039  1.000000  0.000019  -0.000075  -0.000019  1.000000  0.999164  0.018759  0.036334  -0.019096  0.999778  0.008948  -0.036158  -0.009634  0.999300  0.000116  0.006968  
36.566041 0.007117  0.100158  0.002746  0.987636  0.156741  -0.002830  -0.156218  0.985525  0.065857  0.013112  -0.064601  0.997825  0.000306  -0.000165  -0.002797  0.110719  -0.026409  0.418143  2.000000  0.999154  0.018870  0.036551  -0.019211  0.999775  0.009000  -0.036373  -0.009695  0.999291  0.999978  0.006582  0.000292  -0.006583  0.999977  0.001419  -0.000283  -0.001421  0.999999  1.000000  0.000038  0.000073  -0.000038  1.000000  0.000018  -0.000073  -0.000018  1.000000  0.999154  0.018870  0.036551  -0.019211  0.999775  0.009000  -0.036373  -0.009695  0.999291  0.000110  0.006740  
36.567043 0.007120  0.100159  0.002743  0.987605  0.156936  -0.002685  -0.156421  0.985494  0.065837  0.012978  -0.064601  0.997827  0.000527  -0.000108  -0.002926  0.102240  -0.029588  0.396951  2.000000  0.999141  0.019012  0.036829  -0.019358  0.999772  0.009063  -0.036648  -0.009768  0.999281  0.999982  0.005966  0.000252  -0.005966  0.999981  0.001290  -0.000245  -0.001292  0.999999  1.000000  0.000035  0.000066  -0.000035  1.000000  0.000016  -0.000066  -0.000016  1.000000  0.999141  0.019012  0.036829  -0.019358  0.999772  0.009063  -0.036648  -0.009768  0.999281  0.000103  0.006109  
36.568067 0.007124  0.100160  0.002740  0.987605  0.156936  -0.002685  -0.156421  0.985494  0.065837  0.012978  -0.064601  0.997827  0.000850  0.000019  -0.002955  0.094417  -0.027674  0.365458  2.000000  0.999128  0.019142  0.037097  -0.019493  0.999768  0.009117  -0.036914  -0.009832  0.999270  0.999983  0.005752  0.000373  -0.005752  0.999983  0.001165  -0.000366  -0.001168  0.999999  1.000000  0.000032  0.000065  -0.000032  1.000000  0.000015  -0.000065  -0.000015  1.000000  0.999128  0.019142  0.037097  -0.019493  0.999768  0.009117  -0.036914  -0.009832  0.999270  0.000098  0.005881  
36.569293 0.007128  0.100160  0.002735  0.987573  0.157139  -0.002671  -0.156625  0.985461  0.065837  0.012978  -0.064601  0.997827  0.001205  0.000112  -0.003027  0.085438  -0.026639  0.348999  2.000000  0.999116  0.019266  0.037354  -0.019621  0.999765  0.009163  -0.037168  -0.009888  0.999260  0.999985  0.005546  0.000359  -0.005547  0.999984  0.000920  -0.000354  -0.000922  1.000000  1.000000  0.000031  0.000062  -0.000031  1.000000  0.000012  -0.000062  -0.000012  1.000000  0.999116  0.019266  0.037354  -0.019621  0.999765  0.009163  -0.037168  -0.009888  0.999260  0.000091  0.005634  
36.570296 0.007132  0.100161  0.002731  0.987541  0.157342  -0.002658  -0.156828  0.985429  0.065838  0.012978  -0.064601  0.997827  0.001578  0.000272  -0.003090  0.077111  -0.020936  0.328950  2.000000  0.999105  0.019380  0.037587  -0.019739  0.999763  0.009201  -0.037400  -0.009935  0.999251  0.999987  0.005136  0.000333  -0.005136  0.999986  0.000794  -0.000329  -0.000795  1.000000  1.000000  0.000029  0.000058  -0.000029  1.000000  0.000010  -0.000058  -0.000010  1.000000  0.999105  0.019380  0.037587  -0.019739  0.999763  0.009201  -0.037400  -0.009935  0.999251  0.000085  0.005207  
36.571546 0.007138  0.100162  0.002725  0.987542  0.157333  -0.002526  -0.156828  0.985430  0.065817  0.012844  -0.064601  0.997829  0.002118  0.000495  -0.003207  0.068592  -0.023665  0.301034  2.000000  0.999103  0.019408  0.037645  -0.019768  0.999762  0.009210  -0.037457  -0.009946  0.999249  0.999989  0.004716  0.000440  -0.004716  0.999989  0.000667  -0.000436  -0.000669  1.000000  1.000000  0.000000  0.000000  0.000000  1.000000  0.000000  0.000000  0.000000  1.000000  0.999103  0.019408  0.037645  -0.019768  0.999762  0.009210  -0.037457  -0.009946  0.999249  0.000079  0.000000  
36.572546 0.007143  0.100163  0.002721  0.987510  0.157536  -0.002512  -0.157031  0.985398  0.065818  0.012844  -0.064601  0.997829  0.002411  0.000596  -0.003315  0.064460  -0.023246  0.294183  2.000000  0.999103  0.019408  0.037645  -0.019768  0.999762  0.009210  -0.037457  -0.009946  0.999249  0.999990  0.004511  0.000426  -0.004511  0.999990  0.000543  -0.000424  -0.000545  1.000000  1.000000  0.000000  0.000000  0.000000  1.000000  0.000000  0.000000  0.000000  1.000000  0.999103  0.019408  0.037645  -0.019768  0.999762  0.009210  -0.037457  -0.009946  0.999249  0.000076  0.000000  
36.573551 0.007147  0.100164  0.002717  0.987510  0.157536  -0.002512  -0.157031  0.985398  0.065818  0.012844  -0.064601  0.997829  0.002741  0.000663  -0.003422  0.056475  -0.021705  0.268959  2.000000  0.999103  0.019408  0.037645  -0.019768  0.999762  0.009210  -0.037457  -0.009946  0.999249  0.999991  0.004091  0.000533  -0.004091  0.999992  0.000416  -0.000531  -0.000418  1.000000  1.000000  0.000000  0.000000  0.000000  1.000000  0.000000  0.000000  0.000000  1.000000  0.999103  0.019408  0.037645  -0.019768  0.999762  0.009210  -0.037457  -0.009946  0.999249  0.000071  0.000000  
36.574795 0.007154  0.100166  0.002712  0.987479  0.157730  -0.002367  -0.157235  0.985367  0.065797  0.012711  -0.064601  0.997830  0.003129  0.000786  -0.003429  0.048144  -0.025350  0.254955  2.000000  0.999103  0.019408  0.037645  -0.019768  0.999762  0.009210  -0.037457  -0.009946  0.999249  0.999991  0.004083  0.000667  -0.004083  0.999992  0.000416  -0.000665  -0.000418  1.000000  1.000000  0.000000  0.000000  0.000000  1.000000  0.000000  0.000000  0.000000  1.000000  0.999103  0.019408  0.037645  -0.019768  0.999762  0.009210  -0.037457  -0.009946  0.999249  0.000067  0.000000  
36.575796 0.007159  0.100168  0.002709  0.987447  0.157933  -0.002353  -0.157438  0.985334  0.065798  0.012711  -0.064601  0.997830  0.003500  0.000907  -0.003480  0.043885  -0.024478  0.241124  2.000000  0.999103  0.019408  0.037645  -0.019768  0.999762  0.009210  -0.037457  -0.009946  0.999249  0.999993  0.003672  0.000640  -0.003672  0.999993  0.000289  -0.000639  -0.000292  1.000000  1.000000  0.000000  0.000000  0.000000  1.000000  0.000000  0.000000  0.000000  1.000000  0.999103  0.019408  0.037645  -0.019768  0.999762  0.009210  -0.037457  -0.009946  0.999249  0.000063  0.000000  
36.577044 0.007166  0.100171  0.002705  0.987447  0.157933  -0.002353  -0.157438  0.985334  0.065798  0.012711  -0.064601  0.997830  0.003855  0.001065  -0.003494  0.035550  -0.023618  0.227292  2.000000  0.999103  0.019408  0.037645  -0.019768  0.999762  0.009210  -0.037457  -0.009946  0.999249  0.999993  0.003672  0.000640  -0.003672  0.999993  0.000289  -0.000639  -0.000292  1.000000  1.000000  0.000000  0.000000  0.000000  1.000000  0.000000  0.000000  0.000000  1.000000  0.999103  0.019408  0.037645  -0.019768  0.999762  0.009210  -0.037457  -0.009946  0.999249  0.000058  0.000000  
