1-Time 2-Px 3-Py 4-Pz 5-R11 6-R21 7-R31 8-R12 9-R22 10-R32 11-R13 12-R23 13-R33 14-Vx 15-Vy 16-Vz 17-Wx 18-Wy 19-Wz 20-state 21-PR11 22-PR21 23-PR31 24-PR12 25-PR22 26-PR32 27-PR13 28-PR23 29-PR33 
44.021228 0.007177  0.099461  -0.003480  0.997693  0.067169  -0.009813  -0.066854  0.997324  0.029587  0.011774  -0.028863  0.999514  0.000017  -0.000012  0.000277  0.000000  0.000000  0.000000  2.000000  1.000000  0.000000  0.000000  -0.000000  1.000000  0.000000  0.000000  -0.000000  1.000000  1.000000  0.000606  0.000419  -0.000606  1.000000  -0.000235  -0.000419  0.000235  1.000000  1.000000  0.000000  0.000000  0.000000  1.000000  0.000000  0.000000  0.000000  1.000000  0.673938  0.382010  0.632358  -0.367095  0.915951  -0.162097  -0.641131  -0.122892  0.757528  0.000000  0.000000  
44.022237 0.007178  0.099461  -0.003480  0.997680  0.067375  -0.009807  -0.067059  0.997310  0.029589  0.011774  -0.028863  0.999514  0.000046  0.000017  0.000303  0.000000  0.000000  0.000000  2.000000  1.000000  0.000000  0.000000  0.000000  1.000000  0.000000  0.000000  0.000000  1.000000  1.000000  0.000606  0.000419  -0.000606  1.000000  -0.000235  -0.000419  0.000235  1.000000  1.000000  0.000000  0.000000  0.000000  1.000000  0.000000  0.000000  0.000000  1.000000  1.000000  0.000000  0.000000  0.000000  1.000000  0.000000  0.000000  0.000000  1.000000  0.000000  0.000000  
44.023491 0.007179  0.099461  -0.003480  0.997652  0.067787  -0.009786  -0.067470  0.997279  0.029714  0.011774  -0.028984  0.999511  0.000123  0.000017  0.000234  0.000000  0.000000  0.000000  2.000000  1.000000  0.000000  0.000000  0.000000  1.000000  0.000000  0.000000  0.000000  1.000000  0.999999  0.001017  0.000431  -0.001017  0.999999  -0.000109  -0.000431  0.000109  1.000000  1.000000  0.000000  0.000000  0.000000  1.000000  0.000000  0.000000  0.000000  1.000000  1.000000  0.000000  0.000000  0.000000  1.000000  0.000000  0.000000  0.000000  1.000000  0.000000  0.000000  
44.024736 0.007181  0.099462  -0.003481  0.997624  0.068197  -0.009774  -0.067881  0.997251  0.029718  0.011774  -0.028984  0.999511  0.000229  0.000047  0.000186  0.000000  0.000000  0.000000  2.000000  1.000000  0.000000  0.000000  0.000000  1.000000  0.000000  0.000000  0.000000  1.000000  0.999999  0.001638  0.000315  -0.001638  0.999999  -0.000102  -0.000315  0.000101  1.000000  1.000000  0.000000  0.000000  0.000000  1.000000  0.000000  0.000000  0.000000  1.000000  1.000000  0.000000  0.000000  0.000000  1.000000  0.000000  0.000000  0.000000  1.000000  0.000000  0.000000  
44.025739 0.007182  0.099462  -0.003482  0.997598  0.068605  -0.009620  -0.068291  0.997219  0.029834  0.011640  -0.029105  0.999509  0.000327  0.000022  0.000094  0.000000  0.000000  0.000000  2.000000  1.000000  0.000000  0.000000  0.000000  1.000000  0.000000  0.000000  0.000000  1.000000  0.999998  0.001840  0.000455  -0.001840  0.999998  0.000022  -0.000455  -0.000022  1.000000  1.000000  0.000000  0.000000  0.000000  1.000000  0.000000  0.000000  0.000000  1.000000  1.000000  0.000000  0.000000  0.000000  1.000000  0.000000  0.000000  0.000000  1.000000  0.000000  0.000000  
44.026983 0.007184  0.099461  -0.003483  0.997583  0.068810  -0.009614  -0.068497  0.997205  0.029836  0.011640  -0.029105  0.999509  0.000454  0.000027  0.000023  0.000000  0.000000  0.000000  2.000000  1.000000  0.000000  0.000000  0.000000  1.000000  0.000000  0.000000  0.000000  1.000000  0.999997  0.002252  0.000467  -0.002252  0.999997  0.000148  -0.000467  -0.000149  1.000000  1.000000  0.000000  0.000000  0.000000  1.000000  0.000000  0.000000  0.000000  1.000000  1.000000  0.000000  0.000000  0.000000  1.000000  0.000000  0.000000  0.000000  1.000000  0.000000  0.000000  
44.027984 0.007186  0.099462  -0.003483  0.997554  0.069226  -0.009727  -0.068907  0.997173  0.029970  0.011774  -0.029226  0.999503  0.000624  0.000059  -0.000061  0.000000  0.000000  0.000000  2.000000  1.000000  0.000000  0.000000  0.000000  1.000000  0.000000  0.000000  0.000000  1.000000  0.999997  0.002461  0.000340  -0.002461  0.999997  0.000272  -0.000339  -0.000272  1.000000  1.000000  0.000000  0.000000  0.000000  1.000000  0.000000  0.000000  0.000000  1.000000  1.000000  0.000000  0.000000  0.000000  1.000000  0.000000  0.000000  0.000000  1.000000  0.000000  0.000000  
44.028990 0.007189  0.099463  -0.003484  0.997524  0.069641  -0.009848  -0.069318  0.997144  0.029983  0.011908  -0.029226  0.999502  0.000810  0.000124  -0.000089  0.000000  0.000000  0.000000  2.000000  1.000000  0.000000  0.000000  0.000000  1.000000  0.000000  0.000000  0.000000  1.000000  0.999996  0.002873  0.000352  -0.002873  0.999996  0.000276  -0.000351  -0.000277  1.000000  1.000000  0.000000  0.000000  0.000000  1.000000  0.000000  0.000000  0.000000  1.000000  1.000000  0.000000  0.000000  0.000000  1.000000  0.000000  0.000000  0.000000  1.000000  0.000000  0.000000  
44.030238 0.007192  0.099464  -0.003484  0.997466  0.070463  -0.009815  -0.070139  0.997083  0.030112  0.011908  -0.029348  0.999498  0.000975  0.000214  -0.000095  0.000000  0.000000  0.000000  2.000000  1.000000  0.000000  0.000000  0.000000  1.000000  0.000000  0.000000  0.000000  1.000000  0.999994  0.003498  0.000103  -0.003498  0.999994  0.000405  -0.000101  -0.000406  1.000000  1.000000  0.000000  0.000000  0.000000  1.000000  0.000000  0.000000  0.000000  1.000000  1.000000  0.000000  0.000000  0.000000  1.000000  0.000000  0.000000  0.000000  1.000000  0.000000  0.000000  
44.031548 0.007194  0.099465  -0.003484  0.997406  0.071288  -0.009923  -0.070961  0.997024  0.030130  0.012042  -0.029348  0.999497  0.001140  0.000245  -0.000178  0.000000  0.000000  0.000000  2.000000  1.000000  0.000000  0.000000  0.000000  1.000000  0.000000  0.000000  0.000000  1.000000  0.999991  0.004325  -0.000007  -0.004325  0.999991  0.000416  0.000009  -0.000416  1.000000  1.000000  0.000000  0.000000  0.000000  1.000000  0.000000  0.000000  0.000000  1.000000  1.000000  0.000000  0.000000  0.000000  1.000000  0.000000  0.000000  0.000000  1.000000  0.000000  0.000000  
44.032736 0.007197  0.099466  -0.003485  0.997348  0.072110  -0.009890  -0.071782  0.996961  0.030259  0.012042  -0.029469  0.999493  0.001322  0.000333  -0.000217  0.014489  -0.009964  0.186548  2.000000  1.000000  0.000032  0.000056  -0.000032  1.000000  0.000007  -0.000056  -0.000007  1.000000  0.999987  0.005148  0.000018  -0.005148  0.999987  0.000547  -0.000015  -0.000547  1.000000  1.000000  0.000032  0.000056  -0.000032  1.000000  0.000007  -0.000056  -0.000007  1.000000  1.000000  0.000032  0.000056  -0.000032  1.000000  0.000007  -0.000056  -0.000007  1.000000  0.000046  0.005177  
44.033984 0.007201  0.099468  -0.003485  0.997288  0.072931  -0.009865  -0.072603  0.996902  0.030267  0.012042  -0.029469  0.999493  0.001575  0.000497  -0.000290  0.014811  -0.006281  0.214353  2.000000  1.000000  0.000205  0.000360  -0.000205  1.000000  0.000041  -0.000360  -0.000041  1.000000  0.999982  0.005971  0.000042  -0.005971  0.999982  0.000557  -0.000039  -0.000557  1.000000  1.000000  0.000037  0.000065  -0.000037  1.000000  0.000007  -0.000065  -0.000007  1.000000  1.000000  0.000205  0.000360  -0.000205  1.000000  0.000041  -0.000360  -0.000041  1.000000  0.000054  0.005997  
44.034984 0.007204  0.099471  -0.003484  0.997228  0.073752  -0.009840  -0.073425  0.996841  0.030275  0.012042  -0.029469  0.999493  0.001777  0.000671  -0.000230  0.015150  -0.007094  0.242105  2.000000  1.000000  0.000360  0.000633  -0.000360  1.000000  0.000069  -0.000633  -0.000069  1.000000  0.999978  0.006588  0.000061  -0.006588  0.999978  0.000564  -0.000057  -0.000564  1.000000  1.000000  0.000041  0.000072  -0.000041  1.000000  0.000007  -0.000072  -0.000007  1.000000  1.000000  0.000360  0.000633  -0.000360  1.000000  0.000069  -0.000633  -0.000069  1.000000  0.000059  0.006613  
44.036234 0.007208  0.099474  -0.003483  0.997152  0.074779  -0.009800  -0.074451  0.996761  0.030406  0.012042  -0.029590  0.999490  0.002065  0.000900  -0.000194  0.023713  -0.008105  0.276592  2.000000  0.999999  0.000583  0.001025  -0.000583  1.000000  0.000111  -0.001025  -0.000111  0.999999  0.999971  0.007621  -0.000042  -0.007621  0.999971  0.000697  0.000047  -0.000697  1.000000  1.000000  0.000048  0.000082  -0.000048  1.000000  0.000009  -0.000082  -0.000009  1.000000  0.999999  0.000583  0.001025  -0.000583  1.000000  0.000111  -0.001025  -0.000111  0.999999  0.000068  0.007653  
44.037484 0.007212  0.099477  -0.003483  0.997089  0.075605  -0.009899  -0.075272  0.996695  0.030545  0.012175  -0.029711  0.999484  0.002283  0.001080  -0.000176  0.027844  -0.004204  0.295194  2.000000  0.999999  0.000791  0.001380  -0.000791  1.000000  0.000147  -0.001380  -0.000148  0.999999  0.999964  0.008448  -0.000150  -0.008448  0.999964  0.000829  0.000157  -0.000828  1.000000  1.000000  0.000054  0.000090  -0.000054  1.000000  0.000010  -0.000090  -0.000010  1.000000  0.999999  0.000791  0.001380  -0.000791  1.000000  0.000147  -0.001380  -0.000148  0.999999  0.000074  0.008490  
44.038487 0.007216  0.099481  -0.003483  0.997026  0.076426  -0.009874  -0.076093  0.996633  0.030553  0.012175  -0.029711  0.999484  0.002464  0.001295  -0.000137  0.028396  -0.005049  0.325147  2.000000  0.999998  0.001020  0.001762  -0.001020  0.999999  0.000190  -0.001762  -0.000192  0.999998  0.999959  0.009065  -0.000132  -0.009065  0.999958  0.000958  0.000140  -0.000957  1.000000  1.000000  0.000058  0.000097  -0.000058  1.000000  0.000012  -0.000097  -0.000012  1.000000  0.999998  0.001020  0.001762  -0.001020  0.999999  0.000190  -0.001762  -0.000192  0.999998  0.000081  0.009117  
44.039740 0.007220  0.099484  -0.003482  0.996946  0.077457  -0.009966  -0.077119  0.996549  0.030695  0.012309  -0.029832  0.999479  0.002677  0.001538  -0.000065  0.032882  0.002903  0.359891  2.000000  0.999997  0.001335  0.002280  -0.001335  0.999999  0.000256  -0.002279  -0.000259  0.999997  0.999949  0.010098  -0.000233  -0.010098  0.999948  0.001093  0.000244  -0.001091  0.999999  1.000000  0.000066  0.000108  -0.000066  1.000000  0.000014  -0.000108  -0.000014  1.000000  0.999997  0.001335  0.002280  -0.001335  0.999999  0.000256  -0.002279  -0.000259  0.999997  0.000090  0.010160  
44.040983 0.007225  0.099487  -0.003480  0.996882  0.078279  -0.009931  -0.077940  0.996481  0.030824  0.012309  -0.029954  0.999475  0.002822  0.001721  0.000115  0.037300  0.002066  0.387628  2.000000  0.999995  0.001678  0.002846  -0.001679  0.999999  0.000328  -0.002846  -0.000333  0.999996  0.999940  0.010921  -0.000207  -0.010921  0.999940  0.001224  0.000221  -0.001222  0.999999  1.000000  0.000071  0.000117  -0.000071  1.000000  0.000015  -0.000117  -0.000015  1.000000  0.999995  0.001678  0.002846  -0.001679  0.999999  0.000328  -0.002846  -0.000333  0.999996  0.000097  0.010992  
44.041989 0.007228  0.099489  -0.003479  0.996818  0.079100  -0.009896  -0.078761  0.996413  0.030953  0.012309  -0.030075  0.999472  0.002919  0.001847  0.000280  0.041704  0.001225  0.415210  2.000000  0.999992  0.001972  0.003337  -0.001973  0.999998  0.000393  -0.003336  -0.000400  0.999994  0.999931  0.011744  -0.000181  -0.011744  0.999930  0.001355  0.000197  -0.001353  0.999999  1.000000  0.000075  0.000126  -0.000075  1.000000  0.000017  -0.000126  -0.000017  1.000000  0.999992  0.001972  0.003337  -0.001973  0.999998  0.000393  -0.003336  -0.000400  0.999994  0.000104  0.011824  
44.043237 0.007233  0.099492  -0.003477  0.996752  0.079922  -0.009861  -0.079582  0.996344  0.031082  0.012309  -0.030196  0.999468  0.003032  0.002025  0.000443  0.046032  0.000586  0.435967  2.000000  0.999989  0.002360  0.003987  -0.002362  0.999997  0.000482  -0.003986  -0.000491  0.999992  0.999924  0.012362  -0.000161  -0.012361  0.999922  0.001484  0.000179  -0.001482  0.999999  1.000000  0.000079  0.000133  -0.000079  1.000000  0.000019  -0.000133  -0.000019  1.000000  0.999989  0.002360  0.003987  -0.002362  0.999997  0.000482  -0.003986  -0.000491  0.999992  0.000109  0.012452  
44.044490 0.007237  0.099495  -0.003476  0.996670  0.080950  -0.009809  -0.080608  0.996253  0.031334  0.012309  -0.030439  0.999461  0.003157  0.002122  0.000537  0.054635  -0.000495  0.470822  2.000000  0.999985  0.002766  0.004671  -0.002769  0.999996  0.000574  -0.004670  -0.000587  0.999989  0.999916  0.012979  -0.000141  -0.012979  0.999915  0.001491  0.000160  -0.001489  0.999999  1.000000  0.000083  0.000140  -0.000083  1.000000  0.000019  -0.000140  -0.000019  1.000000  0.999985  0.002766  0.004671  -0.002769  0.999996  0.000574  -0.004670  -0.000587  0.999989  0.000118  0.013065  
44.045740 0.007241  0.099497  -0.003475  0.996586  0.081977  -0.009767  -0.081634  0.996166  0.031465  0.012309  -0.030560  0.999457  0.003253  0.002189  0.000611  0.059057  0.002940  0.505193  2.000000  0.999981  0.003105  0.005246  -0.003108  0.999995  0.000655  -0.005244  -0.000671  0.999986  0.999908  0.013596  -0.000119  -0.013596  0.999906  0.001741  0.000142  -0.001740  0.999998  1.000000  0.000086  0.000146  -0.000086  1.000000  0.000022  -0.000146  -0.000022  1.000000  0.999981  0.003105  0.005246  -0.003108  0.999995  0.000655  -0.005244  -0.000671  0.999986  0.000127  0.013708  
44.046984 0.007244  0.099498  -0.003474  0.996537  0.082589  -0.009605  -0.082249  0.996111  0.031580  0.012175  -0.030681  0.999455  0.003263  0.002172  0.000695  0.063359  -0.002203  0.525896  2.000000  0.999976  0.003544  0.005985  -0.003549  0.999993  0.000758  -0.005983  -0.000779  0.999982  0.999902  0.014008  -0.000104  -0.014007  0.999900  0.001744  0.000129  -0.001743  0.999998  1.000000  0.000089  0.000151  -0.000089  1.000000  0.000022  -0.000151  -0.000022  1.000000  0.999976  0.003544  0.005985  -0.003549  0.999993  0.000758  -0.005983  -0.000779  0.999982  0.000134  0.014117  
44.048235 0.007248  0.099499  -0.003473  0.996469  0.083410  -0.009568  -0.083070  0.996039  0.031709  0.012175  -0.030802  0.999451  0.003315  0.002146  0.000780  0.071762  -0.002822  0.546661  2.000000  0.999969  0.003992  0.006750  -0.003998  0.999992  0.000867  -0.006746  -0.000894  0.999977  0.999899  0.014213  -0.000096  -0.014213  0.999897  0.001868  0.000123  -0.001866  0.999998  1.000000  0.000090  0.000153  -0.000090  1.000000  0.000023  -0.000153  -0.000023  1.000000  0.999969  0.003992  0.006750  -0.003998  0.999992  0.000867  -0.006746  -0.000894  0.999977  0.000138  0.014336  
44.049484 0.007253  0.099501  -0.003472  0.996401  0.084232  -0.009532  -0.083890  0.995966  0.031838  0.012175  -0.030924  0.999448  0.003374  0.002111  0.000854  0.076167  -0.003682  0.574303  2.000000  0.999962  0.004441  0.007533  -0.004449  0.999990  0.000978  -0.007529  -0.001012  0.999971  0.999896  0.014415  0.000046  -0.014415  0.999894  0.001870  -0.000019  -0.001871  0.999998  1.000000  0.000090  0.000156  -0.000090  1.000000  0.000023  -0.000156  -0.000023  1.000000  0.999962  0.004441  0.007533  -0.004449  0.999990  0.000978  -0.007529  -0.001012  0.999971  0.000145  0.014536  
44.050732 0.007258  0.099504  -0.003471  0.996331  0.085053  -0.009496  -0.084711  0.995893  0.031966  0.012175  -0.031045  0.999444  0.003435  0.002119  0.000889  0.080585  -0.004547  0.602043  2.000000  0.999953  0.004887  0.008328  -0.004896  0.999987  0.001093  -0.008323  -0.001134  0.999965  0.999893  0.014617  0.000188  -0.014617  0.999891  0.001873  -0.000160  -0.001875  0.999998  1.000000  0.000089  0.000159  -0.000089  1.000000  0.000023  -0.000159  -0.000023  1.000000  0.999953  0.004887  0.008328  -0.004896  0.999987  0.001093  -0.008323  -0.001134  0.999965  0.000152  0.014738  
44.051735 0.007261  0.099506  -0.003469  0.996279  0.085670  -0.009455  -0.085326  0.995832  0.032214  0.012175  -0.031287  0.999436  0.003414  0.002026  0.000895  0.088273  -0.005202  0.617795  2.000000  0.999946  0.005239  0.008968  -0.005250  0.999986  0.001188  -0.008962  -0.001235  0.999959  0.999893  0.014612  0.000323  -0.014613  0.999891  0.001994  -0.000294  -0.001999  0.999998  1.000000  0.000088  0.000160  -0.000088  1.000000  0.000025  -0.000160  -0.000025  1.000000  0.999946  0.005239  0.008968  -0.005250  0.999986  0.001188  -0.008962  -0.001235  0.999959  0.000156  0.014752  
44.052984 0.007265  0.099509  -0.003467  0.996226  0.086287  -0.009425  -0.085942  0.995775  0.032340  0.012175  -0.031408  0.999432  0.003416  0.001999  0.001079  0.092397  -0.005446  0.624640  2.000000  0.999936  0.005674  0.009763  -0.005687  0.999983  0.001314  -0.009755  -0.001370  0.999951  0.999896  0.014407  0.000318  -0.014407  0.999894  0.001992  -0.000290  -0.001996  0.999998  1.000000  0.000087  0.000158  -0.000087  1.000000  0.000025  -0.000158  -0.000025  1.000000  0.999936  0.005674  0.009763  -0.005687  0.999983  0.001314  -0.009755  -0.001370  0.999951  0.000161  0.014548  
44.053986 0.007269  0.099512  -0.003465  0.996174  0.086897  -0.009271  -0.086557  0.995722  0.032335  0.012042  -0.031408  0.999434  0.003377  0.001929  0.001144  0.088578  -0.010171  0.632688  2.000000  0.999930  0.005928  0.010234  -0.005943  0.999981  0.001391  -0.010226  -0.001452  0.999947  0.999899  0.014197  0.000447  -0.014197  0.999897  0.002109  -0.000417  -0.002115  0.999998  1.000000  0.000084  0.000156  -0.000084  1.000000  0.000026  -0.000156  -0.000026  1.000000  0.999930  0.005928  0.010234  -0.005943  0.999981  0.001391  -0.010226  -0.001452  0.999947  0.000161  0.014360  
44.054991 0.007272  0.099514  -0.003462  0.996138  0.087308  -0.009248  -0.086967  0.995682  0.032459  0.012042  -0.031530  0.999430  0.003367  0.001967  0.001265  0.093139  -0.005776  0.636592  2.000000  0.999921  0.006263  0.010860  -0.006280  0.999979  0.001497  -0.010851  -0.001565  0.999940  0.999899  0.014196  0.000449  -0.014197  0.999897  0.002230  -0.000417  -0.002236  0.999997  1.000000  0.000084  0.000156  -0.000084  1.000000  0.000028  -0.000156  -0.000028  1.000000  0.999921  0.006263  0.010860  -0.006280  0.999979  0.001497  -0.010851  -0.001565  0.999940  0.000163  0.014379  
44.056233 0.007275  0.099517  -0.003460  0.996085  0.087924  -0.009217  -0.087582  0.995624  0.032586  0.012042  -0.031651  0.999426  0.003325  0.001948  0.001341  0.092548  -0.006223  0.645159  2.000000  0.999910  0.006672  0.011625  -0.006691  0.999976  0.001633  -0.011614  -0.001711  0.999931  0.999905  0.013785  0.000438  -0.013786  0.999902  0.002225  -0.000407  -0.002231  0.999997  1.000000  0.000082  0.000152  -0.000082  1.000000  0.000028  -0.000152  -0.000028  1.000000  0.999910  0.006672  0.011625  -0.006691  0.999976  0.001633  -0.011614  -0.001711  0.999931  0.000166  0.013971  
44.057239 0.007277  0.099519  -0.003458  0.996048  0.088336  -0.009193  -0.087992  0.995584  0.032710  0.012042  -0.031772  0.999423  0.003211  0.001940  0.001378  0.097428  -0.010808  0.650316  2.000000  0.999901  0.006988  0.012217  -0.007010  0.999974  0.001743  -0.012205  -0.001829  0.999924  0.999913  0.013168  0.000420  -0.013169  0.999911  0.002339  -0.000389  -0.002345  0.999997  1.000000  0.000078  0.000145  -0.000078  1.000000  0.000029  -0.000145  -0.000029  1.000000  0.999901  0.006988  0.012217  -0.007010  0.999974  0.001743  -0.012205  -0.001829  0.999924  0.000166  0.013381  
44.058491 0.007279  0.099521  -0.003455  0.995994  0.088952  -0.009162  -0.088608  0.995525  0.032837  0.012042  -0.031893  0.999419  0.003052  0.001913  0.001497  0.097469  -0.010891  0.650592  2.000000  0.999889  0.007364  0.012936  -0.007389  0.999971  0.001880  -0.012921  -0.001975  0.999915  0.999919  0.012752  0.000542  -0.012753  0.999916  0.002334  -0.000512  -0.002341  0.999997  1.000000  0.000074  0.000141  -0.000074  1.000000  0.000029  -0.000141  -0.000029  1.000000  0.999889  0.007364  0.012936  -0.007389  0.999971  0.001880  -0.012921  -0.001975  0.999915  0.000166  0.012976  
44.059736 0.007281  0.099523  -0.003453  0.995957  0.089363  -0.009137  -0.089018  0.995485  0.032961  0.012042  -0.032015  0.999415  0.002861  0.001873  0.001518  0.096600  -0.015125  0.638055  2.000000  0.999877  0.007721  0.013632  -0.007749  0.999968  0.002017  -0.013616  -0.002123  0.999905  0.999924  0.012336  0.000664  -0.012338  0.999921  0.002330  -0.000635  -0.002338  0.999997  1.000000  0.000070  0.000138  -0.000070  1.000000  0.000029  -0.000138  -0.000029  1.000000  0.999877  0.007721  0.013632  -0.007749  0.999968  0.002017  -0.013616  -0.002123  0.999905  0.000164  0.012573  
44.060990 0.007283  0.099525  -0.003452  0.995921  0.089774  -0.009113  -0.089428  0.995444  0.033086  0.012042  -0.032136  0.999411  0.002730  0.001880  0.001506  0.101335  -0.019355  0.629247  2.000000  0.999865  0.008057  0.014299  -0.008088  0.999965  0.002155  -0.014281  -0.002270  0.999895  0.999931  0.011719  0.000644  -0.011720  0.999929  0.002201  -0.000618  -0.002209  0.999997  1.000000  0.000066  0.000131  -0.000066  1.000000  0.000028  -0.000131  -0.000028  1.000000  0.999865  0.008057  0.014299  -0.008088  0.999965  0.002155  -0.014281  -0.002270  0.999895  0.000161  0.011942  
44.061991 0.007284  0.099527  -0.003450  0.995902  0.089978  -0.009106  -0.089633  0.995425  0.033088  0.012042  -0.032136  0.999411  0.002638  0.002005  0.001627  0.101170  -0.018930  0.615432  2.000000  0.999858  0.008253  0.014689  -0.008287  0.999963  0.002237  -0.014670  -0.002359  0.999890  0.999934  0.011513  0.000639  -0.011514  0.999931  0.002199  -0.000613  -0.002206  0.999997  1.000000  0.000065  0.000129  -0.000065  1.000000  0.000028  -0.000129  -0.000028  1.000000  0.999858  0.008253  0.014689  -0.008287  0.999963  0.002237  -0.014670  -0.002359  0.999890  0.000158  0.011739  
44.063241 0.007286  0.099530  -0.003449  0.995865  0.090389  -0.009081  -0.090043  0.995384  0.033212  0.012042  -0.032257  0.999407  0.002458  0.002056  0.001604  0.100324  -0.018452  0.597549  2.000000  0.999846  0.008567  0.015315  -0.008605  0.999960  0.002374  -0.015294  -0.002505  0.999880  0.999938  0.011102  0.000627  -0.011103  0.999936  0.002194  -0.000602  -0.002201  0.999997  1.000000  0.000063  0.000124  -0.000063  1.000000  0.000027  -0.000124  -0.000027  1.000000  0.999846  0.008567  0.015315  -0.008605  0.999960  0.002374  -0.015294  -0.002505  0.999880  0.000154  0.011334  
44.064485 0.007287  0.099532  -0.003448  0.995826  0.090806  -0.009179  -0.090453  0.995338  0.033469  0.012175  -0.032499  0.999398  0.002276  0.002088  0.001625  0.108963  -0.013515  0.581083  2.000000  0.999834  0.008867  0.015908  -0.008908  0.999957  0.002509  -0.015885  -0.002650  0.999870  0.999947  0.010283  0.000468  -0.010284  0.999945  0.002186  -0.000445  -0.002190  0.999998  1.000000  0.000059  0.000114  -0.000059  1.000000  0.000027  -0.000114  -0.000027  1.000000  0.999834  0.008867  0.015908  -0.008908  0.999957  0.002509  -0.015885  -0.002650  0.999870  0.000150  0.010524  
44.065486 0.007289  0.099534  -0.003448  0.995808  0.091011  -0.009172  -0.090658  0.995319  0.033471  0.012175  -0.032499  0.999398  0.002110  0.002059  0.001534  0.104624  -0.012904  0.560278  2.000000  0.999825  0.009094  0.016349  -0.009138  0.999955  0.002617  -0.016325  -0.002766  0.999863  0.999955  0.009460  0.000442  -0.009461  0.999953  0.002176  -0.000421  -0.002180  0.999998  1.000000  0.000054  0.000105  -0.000054  1.000000  0.000027  -0.000105  -0.000027  1.000000  0.999825  0.009094  0.016349  -0.009138  0.999955  0.002617  -0.016325  -0.002766  0.999863  0.000144  0.009718  
44.066735 0.007290  0.099537  -0.003448  0.995789  0.091217  -0.009154  -0.090863  0.995297  0.033594  0.012175  -0.032621  0.999394  0.001933  0.002048  0.001430  0.108449  -0.012087  0.533025  2.000000  0.999814  0.009356  0.016860  -0.009403  0.999952  0.002748  -0.016834  -0.002906  0.999854  0.999959  0.009048  0.000430  -0.009049  0.999957  0.002171  -0.000410  -0.002175  0.999998  1.000000  0.000052  0.000101  -0.000052  1.000000  0.000027  -0.000101  -0.000027  1.000000  0.999814  0.009356  0.016860  -0.009403  0.999952  0.002748  -0.016834  -0.002906  0.999854  0.000139  0.009316  
44.067737 0.007291  0.099538  -0.003448  0.995770  0.091423  -0.009136  -0.091068  0.995274  0.033717  0.012175  -0.032742  0.999390  0.001725  0.001961  0.001266  0.107435  -0.016287  0.521279  2.000000  0.999806  0.009558  0.017242  -0.009608  0.999950  0.002853  -0.017214  -0.003018  0.999847  0.999964  0.008435  0.000277  -0.008436  0.999962  0.002164  -0.000259  -0.002166  0.999998  1.000000  0.000050  0.000093  -0.000050  1.000000  0.000027  -0.000093  -0.000027  1.000000  0.999806  0.009558  0.017242  -0.009608  0.999950  0.002853  -0.017214  -0.003018  0.999847  0.000134  0.008713  
44.068984 0.007292  0.099540  -0.003448  0.995751  0.091629  -0.009118  -0.091273  0.995251  0.033839  0.012175  -0.032863  0.999386  0.001559  0.001896  0.001090  0.107958  -0.019900  0.490971  2.000000  0.999797  0.009752  0.017608  -0.009805  0.999948  0.002957  -0.017579  -0.003129  0.999841  0.999966  0.008230  0.000271  -0.008230  0.999964  0.002161  -0.000253  -0.002163  0.999998  1.000000  0.000049  0.000091  -0.000049  1.000000  0.000027  -0.000091  -0.000027  1.000000  0.999797  0.009752  0.017608  -0.009805  0.999948  0.002957  -0.017579  -0.003129  0.999841  0.000129  0.008513  
44.069984 0.007293  0.099542  -0.003448  0.995751  0.091630  -0.009107  -0.091273  0.995247  0.033960  0.012175  -0.032984  0.999382  0.001431  0.001842  0.000945  0.110844  -0.019116  0.466275  2.000000  0.999789  0.009934  0.017954  -0.009991  0.999945  0.003062  -0.017923  -0.003241  0.999834  0.999971  0.007612  0.000252  -0.007613  0.999969  0.002154  -0.000235  -0.002156  0.999998  1.000000  0.000045  0.000084  -0.000045  1.000000  0.000027  -0.000084  -0.000027  1.000000  0.999789  0.009934  0.017954  -0.009991  0.999945  0.003062  -0.017923  -0.003241  0.999834  0.000123  0.007916  
44.071234 0.007294  0.099544  -0.003448  0.995731  0.091840  -0.009222  -0.091478  0.995223  0.034095  0.012309  -0.033106  0.999376  0.001256  0.001778  0.000761  0.106588  -0.014093  0.445875  2.000000  0.999780  0.010149  0.018353  -0.010209  0.999943  0.003189  -0.018320  -0.003376  0.999826  0.999975  0.007000  0.000098  -0.007000  0.999973  0.002147  -0.000083  -0.002148  0.999998  1.000000  0.000043  0.000076  -0.000043  1.000000  0.000027  -0.000076  -0.000027  1.000000  0.999780  0.010149  0.018353  -0.010209  0.999943  0.003189  -0.018320  -0.003376  0.999826  0.000117  0.007322  
44.072237 0.007294  0.099545  -0.003448  0.995712  0.092045  -0.009215  -0.091683  0.995204  0.034097  0.012309  -0.033106  0.999376  0.001144  0.001701  0.000633  0.106410  -0.013658  0.432115  2.000000  0.999773  0.010308  0.018641  -0.010371  0.999941  0.003289  -0.018606  -0.003481  0.999821  0.999978  0.006588  0.000085  -0.006588  0.999976  0.002021  -0.000071  -0.002022  0.999998  1.000000  0.000040  0.000072  -0.000040  1.000000  0.000025  -0.000072  -0.000025  1.000000  0.999773  0.010308  0.018641  -0.010371  0.999941  0.003289  -0.018606  -0.003481  0.999821  0.000112  0.006892  
44.073493 0.007294  0.099546  -0.003448  0.995712  0.092046  -0.009204  -0.091683  0.995200  0.034217  0.012309  -0.033227  0.999372  0.000987  0.001612  0.000420  0.102681  -0.012529  0.394113  2.000000  0.999765  0.010491  0.018972  -0.010558  0.999938  0.003408  -0.018935  -0.003608  0.999814  0.999983  0.005765  0.000058  -0.005765  0.999981  0.002011  -0.000046  -0.002011  0.999998  1.000000  0.000035  0.000063  -0.000035  1.000000  0.000025  -0.000063  -0.000025  1.000000  0.999765  0.010491  0.018972  -0.010558  0.999938  0.003408  -0.018935  -0.003608  0.999814  0.000106  0.006106  
44.074739 0.007295  0.099547  -0.003449  0.995693  0.092252  -0.009186  -0.091888  0.995177  0.034340  0.012309  -0.033348  0.999368  0.000935  0.001590  0.000291  0.102424  -0.011704  0.366752  2.000000  0.999758  0.010661  0.019263  -0.010731  0.999936  0.003523  -0.019225  -0.003729  0.999808  0.999987  0.005152  -0.000096  -0.005152  0.999985  0.001882  0.000105  -0.001882  0.999998  1.000000  0.000033  0.000055  -0.000033  1.000000  0.000024  -0.000055  -0.000024  1.000000  0.999758  0.010661  0.019263  -0.010731  0.999936  0.003523  -0.019225  -0.003729  0.999808  0.000099  0.005486  
44.075987 0.007296  0.099549  -0.003448  0.995693  0.092252  -0.009186  -0.091888  0.995177  0.034340  0.012309  -0.033348  0.999368  0.000911  0.001586  0.000277  0.097229  -0.010965  0.342959  2.000000  0.999756  0.010694  0.019319  -0.010765  0.999936  0.003546  -0.019280  -0.003753  0.999807  0.999989  0.004741  -0.000109  -0.004741  0.999987  0.001756  0.000118  -0.001756  0.999998  1.000000  0.000000  0.000000  0.000000  1.000000  0.000000  0.000000  0.000000  1.000000  0.999756  0.010694  0.019319  -0.010765  0.999936  0.003546  -0.019280  -0.003753  0.999807  0.000090  0.000000  
44.076988 0.007298  0.099551  -0.003448  0.995674  0.092458  -0.009167  -0.092093  0.995154  0.034462  0.012309  -0.033469  0.999364  0.000899  0.001573  0.000180  0.097750  -0.005937  0.325171  2.000000  0.999756  0.010694  0.019319  -0.010765  0.999936  0.003546  -0.019280  -0.003753  0.999807  0.999990  0.004535  -0.000116  -0.004535  0.999988  0.001875  0.000124  -0.001874  0.999998  1.000000  0.000000  0.000000  0.000000  1.000000  0.000000  0.000000  0.000000  1.000000  0.999756  0.010694  0.019319  -0.010765  0.999936  0.003546  -0.019280  -0.003753  0.999807  0.000087  0.000000  
44.078240 0.007299  0.099554  -0.003446  0.995674  0.092459  -0.009156  -0.092093  0.995150  0.034583  0.012309  -0.033590  0.999360  0.000919  0.001624  0.000191  0.097401  -0.005084  0.297479  2.000000  0.999756  0.010694  0.019319  -0.010765  0.999936  0.003546  -0.019280  -0.003753  0.999807  0.999992  0.003918  -0.000136  -0.003918  0.999991  0.001746  0.000143  -0.001746  0.999998  1.000000  0.000000  0.000000  0.000000  1.000000  0.000000  0.000000  0.000000  1.000000  0.999756  0.010694  0.019319  -0.010765  0.999936  0.003546  -0.019280  -0.003753  0.999807  0.000081  0.000000  
44.079490 0.007301  0.099556  -0.003446  0.995674  0.092459  -0.009156  -0.092093  0.995150  0.034583  0.012309  -0.033590  0.999360  0.000910  0.001563  0.000095  0.092986  -0.004210  0.269819  2.000000  0.999756  0.010694  0.019319  -0.010765  0.999936  0.003546  -0.019280  -0.003753  0.999807  0.999994  0.003507  -0.000150  -0.003506  0.999992  0.001741  0.000156  -0.001740  0.999998  1.000000  0.000000  0.000000  0.000000  1.000000  0.000000  0.000000  0.000000  1.000000  0.999756  0.010694  0.019319  -0.010765  0.999936  0.003546  -0.019280  -0.003753  0.999807  0.000074  0.000000  
44.080734 0.007304  0.099559  -0.003447  0.995674  0.092460  -0.009145  -0.092093  0.995146  0.034704  0.012309  -0.033712  0.999356  0.001016  0.001599  0.000101  0.088583  -0.003362  0.242193  2.000000  0.999756  0.010694  0.019319  -0.010765  0.999936  0.003546  -0.019280  -0.003753  0.999807  0.999995  0.003095  -0.000163  -0.003095  0.999994  0.001736  0.000169  -0.001735  0.999998  1.000000  0.000000  0.000000  0.000000  1.000000  0.000000  0.000000  0.000000  1.000000  0.999756  0.010694  0.019319  -0.010765  0.999936  0.003546  -0.019280  -0.003753  0.999807  0.000067  0.000000  
44.081736 0.007305  0.099560  -0.003447  0.995674  0.092460  -0.009145  -0.092093  0.995146  0.034704  0.012309  -0.033712  0.999356  0.001069  0.001602  0.000046  0.084252  -0.002702  0.221447  2.000000  0.999756  0.010694  0.019319  -0.010765  0.999936  0.003546  -0.019280  -0.003753  0.999807  0.999996  0.002684  -0.000177  -0.002683  0.999995  0.001610  0.000181  -0.001609  0.999999  1.000000  0.000000  0.000000  0.000000  1.000000  0.000000  0.000000  0.000000  1.000000  0.999756  0.010694  0.019319  -0.010765  0.999936  0.003546  -0.019280  -0.003753  0.999807  0.000061  0.000000  
44.082984 0.007308  0.099562  -0.003448  0.995657  0.092662  -0.008993  -0.092298  0.995123  0.034814  0.012175  -0.033833  0.999353  0.001118  0.001604  0.000043  0.084786  -0.002071  0.202648  2.000000  0.999756  0.010694  0.019319  -0.010765  0.999936  0.003546  -0.019280  -0.003753  0.999807  0.999997  0.002473  -0.000050  -0.002473  0.999996  0.001607  0.000054  -0.001607  0.999999  1.000000  0.000000  0.000000  0.000000  1.000000  0.000000  0.000000  0.000000  1.000000  0.999756  0.010694  0.019319  -0.010765  0.999936  0.003546  -0.019280  -0.003753  0.999807  0.000058  0.000000  
44.083985 0.007310  0.099564  -0.003448  0.995657  0.092663  -0.008982  -0.092298  0.995118  0.034935  0.012175  -0.033954  0.999349  0.001204  0.001582  -0.000016  0.087235  -0.001822  0.192178  2.000000  0.999756  0.010694  0.019319  -0.010765  0.999936  0.003546  -0.019280  -0.003753  0.999807  0.999997  0.002268  -0.000057  -0.002268  0.999996  0.001483  0.000060  -0.001483  0.999999  1.000000  0.000000  0.000000  0.000000  1.000000  0.000000  0.000000  0.000000  1.000000  0.999756  0.010694  0.019319  -0.010765  0.999936  0.003546  -0.019280  -0.003753  0.999807  0.000055  0.000000  
44.085234 0.007313  0.099566  -0.003449  0.995657  0.092663  -0.008982  -0.092298  0.995118  0.034935  0.012175  -0.033954  0.999349  0.001334  0.001572  -0.000022  0.082970  -0.001160  0.171659  2.000000  0.999756  0.010694  0.019319  -0.010765  0.999936  0.003546  -0.019280  -0.003753  0.999807  0.999998  0.001852  0.000063  -0.001852  0.999997  0.001478  -0.000060  -0.001478  0.999999  1.000000  0.000000  0.000000  0.000000  1.000000  0.000000  0.000000  0.000000  1.000000  0.999756  0.010694  0.019319  -0.010765  0.999936  0.003546  -0.019280  -0.003753  0.999807  0.000050  0.000000  
44.086234 0.007316  0.099567  -0.003449  0.995657  0.092664  -0.008971  -0.092298  0.995114  0.035056  0.012175  -0.034075  0.999345  0.001468  0.001555  -0.000082  0.000000  0.000000  0.000000  2.000000  0.999756  0.010694  0.019319  -0.010765  0.999936  0.003546  -0.019280  -0.003753  0.999807  0.999999  0.001646  0.000056  -0.001646  0.999997  0.001597  -0.000054  -0.001597  0.999999  1.000000  0.000000  0.000000  0.000000  1.000000  0.000000  0.000000  0.000000  1.000000  0.999756  0.010694  0.019319  -0.010765  0.999936  0.003546  -0.019280  -0.003753  0.999807  0.000000  0.000000  
44.087484 0.007319  0.099568  -0.003450  0.995657  0.092665  -0.008960  -0.092298  0.995110  0.035176  0.012175  -0.034197  0.999341  0.001641  0.001546  -0.000112  0.000000  0.000000  0.000000  2.000000  0.999756  0.010694  0.019319  -0.010765  0.999936  0.003546  -0.019280  -0.003753  0.999807  0.999999  0.001440  0.000049  -0.001440  0.999998  0.001473  -0.000047  -0.001473  0.999999  1.000000  0.000000  0.000000  0.000000  1.000000  0.000000  0.000000  0.000000  1.000000  0.999756  0.010694  0.019319  -0.010765  0.999936  0.003546  -0.019280  -0.003753  0.999807  0.000000  0.000000  
44.088493 0.007321  0.099569  -0.003451  0.995659  0.092661  -0.008826  -0.092298  0.995110  0.035164  0.012042  -0.034197  0.999343  0.001803  0.001558  -0.000151  0.000000  0.000000  0.000000  2.000000  0.999756  0.010694  0.019319  -0.010765  0.999936  0.003546  -0.019280  -0.003753  0.999807  0.999999  0.001234  0.000042  -0.001234  0.999998  0.001471  -0.000040  -0.001471  0.999999  1.000000  0.000000  0.000000  0.000000  1.000000  0.000000  0.000000  0.000000  1.000000  0.999756  0.010694  0.019319  -0.010765  0.999936  0.003546  -0.019280  -0.003753  0.999807  0.000000  0.000000  
44.089741 0.007325  0.099570  -0.003452  0.995659  0.092662  -0.008815  -0.092298  0.995106  0.035285  0.012042  -0.034318  0.999338  0.001992  0.001543  -0.000239  0.000000  0.000000  0.000000  2.000000  0.999756  0.010694  0.019319  -0.010765  0.999936  0.003546  -0.019280  -0.003753  0.999807  0.999999  0.001024  0.000169  -0.001024  0.999998  0.001468  -0.000168  -0.001468  0.999999  1.000000  0.000000  0.000000  0.000000  1.000000  0.000000  0.000000  0.000000  1.000000  0.999756  0.010694  0.019319  -0.010765  0.999936  0.003546  -0.019280  -0.003753  0.999807  0.000000  0.000000  
44.090983 0.007329  0.099572  -0.003453  0.995640  0.092868  -0.008797  -0.092503  0.995083  0.035407  0.012042  -0.034439  0.999334  0.002160  0.001523  -0.000373  0.000000  0.000000  0.000000  2.000000  0.999756  0.010694  0.019319  -0.010765  0.999936  0.003546  -0.019280  -0.003753  0.999807  1.000000  0.000818  0.000162  -0.000819  0.999999  0.001344  -0.000161  -0.001344  0.999999  1.000000  0.000000  0.000000  0.000000  1.000000  0.000000  0.000000  0.000000  1.000000  0.999756  0.010694  0.019319  -0.010765  0.999936  0.003546  -0.019280  -0.003753  0.999807  0.000000  0.000000  
44.091985 0.007332  0.099573  -0.003455  0.995640  0.092868  -0.008797  -0.092503  0.995083  0.035407  0.012042  -0.034439  0.999334  0.002307  0.001503  -0.000466  0.000000  0.000000  0.000000  2.000000  0.999756  0.010694  0.019319  -0.010765  0.999936  0.003546  -0.019280  -0.003753  0.999807  0.999999  0.001019  0.000303  -0.001020  0.999999  0.001347  -0.000302  -0.001347  0.999999  1.000000  0.000000  0.000000  0.000000  1.000000  0.000000  0.000000  0.000000  1.000000  0.999756  0.010694  0.019319  -0.010765  0.999936  0.003546  -0.019280  -0.003753  0.999807  0.000000  0.000000  
44.092997 0.007335  0.099575  -0.003455  0.995640  0.092869  -0.008785  -0.092503  0.995078  0.035528  0.012042  -0.034560  0.999330  0.002443  0.001426  -0.000600  0.000000  0.000000  0.000000  2.000000  0.999756  0.010694  0.019319  -0.010765  0.999936  0.003546  -0.019280  -0.003753  0.999807  1.000000  0.000814  0.000296  -0.000814  0.999999  0.001465  -0.000295  -0.001466  0.999999  1.000000  0.000000  0.000000  0.000000  1.000000  0.000000  0.000000  0.000000  1.000000  0.999756  0.010694  0.019319  -0.010765  0.999936  0.003546  -0.019280  -0.003753  0.999807  0.000000  0.000000  
44.094235 0.007339  0.099577  -0.003456  0.995640  0.092870  -0.008774  -0.092503  0.995074  0.035649  0.012042  -0.034681  0.999326  0.002559  0.001438  -0.000640  0.000000  0.000000  0.000000  2.000000  0.999756  0.010694  0.019319  -0.010765  0.999936  0.003546  -0.019280  -0.003753  0.999807  1.000000  0.000814  0.000296  -0.000814  0.999999  0.001344  -0.000295  -0.001344  0.999999  1.000000  0.000000  0.000000  0.000000  1.000000  0.000000  0.000000  0.000000  1.000000  0.999756  0.010694  0.019319  -0.010765  0.999936  0.003546  -0.019280  -0.003753  0.999807  0.000000  0.000000  
44.095238 0.007342  0.099579  -0.003457  0.995640  0.092870  -0.008774  -0.092503  0.995074  0.035649  0.012042  -0.034681  0.999326  0.002658  0.001410  -0.000731  0.000000  0.000000  0.000000  2.000000  0.999756  0.010694  0.019319  -0.010765  0.999936  0.003546  -0.019280  -0.003753  0.999807  1.000000  0.000608  0.000289  -0.000608  0.999999  0.001342  -0.000288  -0.001342  0.999999  1.000000  0.000000  0.000000  0.000000  1.000000  0.000000  0.000000  0.000000  1.000000  0.999756  0.010694  0.019319  -0.010765  0.999936  0.003546  -0.019280  -0.003753  0.999807  0.000000  0.000000  
44.096488 0.007346  0.099581  -0.003459  0.995640  0.092871  -0.008763  -0.092503  0.995070  0.035769  0.012042  -0.034803  0.999322  0.002763  0.001440  -0.000778  0.000000  0.000000  0.000000  2.000000  0.999756  0.010694  0.019319  -0.010765  0.999936  0.003546  -0.019280  -0.003753  0.999807  1.000000  0.000608  0.000289  -0.000608  0.999999  0.001463  -0.000288  -0.001463  0.999999  1.000000  0.000000  0.000000  0.000000  1.000000  0.000000  0.000000  0.000000  1.000000  0.999756  0.010694  0.019319  -0.010765  0.999936  0.003546  -0.019280  -0.003753  0.999807  0.000000  0.000000  
