1-Time 2-Px 3-Py 4-Pz 5-R11 6-R21 7-R31 8-R12 9-R22 10-R32 11-R13 12-R23 13-R33 14-Vx 15-Vy 16-Vz 17-Wx 18-Wy 19-Wz 20-state 21-PR11 22-PR21 23-PR31 24-PR12 25-PR22 26-PR32 27-PR13 28-PR23 29-PR33 
76.790101 0.008748  0.101304  -0.007746  0.994620  0.103270  -0.008122  -0.102538  0.992639  0.064447  0.014717  -0.063268  0.997888  -0.000004  -0.000282  0.001041  0.000000  0.000000  0.000000  2.000000  1.000000  0.000000  0.000000  -0.000000  1.000000  0.000000  0.000000  -0.000000  1.000000  1.000000  0.000189  0.000280  -0.000188  1.000000  -0.000240  -0.000280  0.000240  1.000000  1.000000  0.000000  0.000000  0.000000  1.000000  0.000000  0.000000  0.000000  1.000000  0.684813  0.299919  0.664138  -0.312520  0.944186  -0.104136  -0.658302  -0.136243  0.740322  0.000000  0.000000  
76.791106 0.008748  0.101304  -0.007745  0.994620  0.103269  -0.008134  -0.102538  0.992647  0.064327  0.014717  -0.063147  0.997896  0.000018  -0.000209  0.001009  0.000000  0.000000  0.000000  2.000000  1.000000  0.000000  0.000000  0.000000  1.000000  0.000000  0.000000  0.000000  1.000000  1.000000  0.000189  0.000280  -0.000188  1.000000  -0.000361  -0.000280  0.000361  1.000000  1.000000  0.000000  0.000000  0.000000  1.000000  0.000000  0.000000  0.000000  1.000000  1.000000  0.000000  0.000000  0.000000  1.000000  0.000000  0.000000  0.000000  1.000000  0.000000  0.000000  
76.792351 0.008750  0.101305  -0.007746  0.994557  0.103883  -0.008082  -0.103152  0.992575  0.064452  0.014717  -0.063268  0.997888  0.000155  -0.000106  0.000889  0.000000  0.000000  0.000000  2.000000  1.000000  0.000000  0.000000  0.000000  1.000000  0.000000  0.000000  0.000000  1.000000  1.000000  0.000805  0.000319  -0.000805  1.000000  -0.000230  -0.000319  0.000230  1.000000  1.000000  0.000000  0.000000  0.000000  1.000000  0.000000  0.000000  0.000000  1.000000  1.000000  0.000000  0.000000  0.000000  1.000000  0.000000  0.000000  0.000000  1.000000  0.000000  0.000000  
76.793355 0.008752  0.101306  -0.007748  0.994471  0.104701  -0.008016  -0.103971  0.992481  0.064579  0.014717  -0.063389  0.997880  0.000271  -0.000035  0.000702  0.000000  0.000000  0.000000  2.000000  1.000000  0.000000  0.000000  0.000000  1.000000  0.000000  0.000000  0.000000  1.000000  0.999999  0.001421  0.000358  -0.001421  0.999999  -0.000100  -0.000359  0.000100  1.000000  1.000000  0.000000  0.000000  0.000000  1.000000  0.000000  0.000000  0.000000  1.000000  1.000000  0.000000  0.000000  0.000000  1.000000  0.000000  0.000000  0.000000  1.000000  0.000000  0.000000  
76.794358 0.008754  0.101306  -0.007750  0.994430  0.105102  -0.007844  -0.104381  0.992431  0.064689  0.014584  -0.063510  0.997875  0.000419  0.000030  0.000467  0.000000  0.000000  0.000000  2.000000  1.000000  0.000000  0.000000  0.000000  1.000000  0.000000  0.000000  0.000000  1.000000  0.999998  0.001823  0.000518  -0.001823  0.999998  0.000027  -0.000518  -0.000028  1.000000  1.000000  0.000000  0.000000  0.000000  1.000000  0.000000  0.000000  0.000000  1.000000  1.000000  0.000000  0.000000  0.000000  1.000000  0.000000  0.000000  0.000000  1.000000  0.000000  0.000000  
76.795602 0.008757  0.101306  -0.007753  0.994387  0.105512  -0.007804  -0.104790  0.992380  0.064813  0.014584  -0.063631  0.997867  0.000636  0.000079  0.000192  0.000000  0.000000  0.000000  2.000000  1.000000  0.000000  0.000000  0.000000  1.000000  0.000000  0.000000  0.000000  1.000000  0.999997  0.002440  0.000558  -0.002440  0.999997  0.000157  -0.000557  -0.000159  1.000000  1.000000  0.000000  0.000000  0.000000  1.000000  0.000000  0.000000  0.000000  1.000000  1.000000  0.000000  0.000000  0.000000  1.000000  0.000000  0.000000  0.000000  1.000000  0.000000  0.000000  
76.796604 0.008760  0.101307  -0.007755  0.994342  0.105930  -0.007898  -0.105200  0.992328  0.064950  0.014717  -0.063752  0.997857  0.000821  0.000173  -0.000068  0.000000  0.000000  0.000000  2.000000  1.000000  0.000000  0.000000  0.000000  1.000000  0.000000  0.000000  0.000000  1.000000  0.999996  0.002859  0.000451  -0.002859  0.999996  0.000284  -0.000450  -0.000286  1.000000  1.000000  0.000000  0.000000  0.000000  1.000000  0.000000  0.000000  0.000000  1.000000  1.000000  0.000000  0.000000  0.000000  1.000000  0.000000  0.000000  0.000000  1.000000  0.000000  0.000000  
76.797852 0.008764  0.101309  -0.007757  0.994231  0.106961  -0.007951  -0.106223  0.992209  0.065093  0.014851  -0.063873  0.997848  0.001113  0.000314  -0.000245  0.000000  0.000000  0.000000  2.000000  1.000000  0.000000  0.000000  0.000000  1.000000  0.000000  0.000000  0.000000  1.000000  0.999993  0.003698  0.000237  -0.003698  0.999993  0.000418  -0.000235  -0.000419  1.000000  1.000000  0.000000  0.000000  0.000000  1.000000  0.000000  0.000000  0.000000  1.000000  1.000000  0.000000  0.000000  0.000000  1.000000  0.000000  0.000000  0.000000  1.000000  0.000000  0.000000  
76.798855 0.008768  0.101311  -0.007758  0.994142  0.107787  -0.008017  -0.107041  0.992112  0.065234  0.014985  -0.063994  0.997838  0.001352  0.000430  -0.000373  0.000000  0.000000  0.000000  2.000000  1.000000  0.000000  0.000000  0.000000  1.000000  0.000000  0.000000  0.000000  1.000000  0.999990  0.004528  0.000156  -0.004528  0.999990  0.000674  -0.000153  -0.000674  1.000000  1.000000  0.000000  0.000000  0.000000  1.000000  0.000000  0.000000  0.000000  1.000000  1.000000  0.000000  0.000000  0.000000  1.000000  0.000000  0.000000  0.000000  1.000000  0.000000  0.000000  
76.800105 0.008771  0.101312  -0.007759  0.994009  0.109014  -0.007923  -0.108269  0.991970  0.065364  0.014985  -0.064115  0.997830  0.001581  0.000567  -0.000511  0.023395  -0.012807  0.200262  2.000000  1.000000  0.000094  0.000178  -0.000094  1.000000  0.000030  -0.000178  -0.000030  1.000000  0.999985  0.005555  0.000223  -0.005555  0.999984  0.000810  -0.000219  -0.000811  1.000000  1.000000  0.000032  0.000062  -0.000032  1.000000  0.000010  -0.000062  -0.000010  1.000000  1.000000  0.000094  0.000178  -0.000094  1.000000  0.000030  -0.000178  -0.000030  1.000000  0.000049  0.005618  
76.801125 0.008774  0.101314  -0.007761  0.993917  0.109840  -0.007988  -0.109087  0.991871  0.065506  0.015119  -0.064236  0.997820  0.001762  0.000641  -0.000726  0.027876  -0.010089  0.227959  2.000000  1.000000  0.000239  0.000445  -0.000239  1.000000  0.000076  -0.000445  -0.000076  1.000000  0.999980  0.006385  0.000143  -0.006385  0.999979  0.000944  -0.000137  -0.000945  1.000000  1.000000  0.000038  0.000070  -0.000038  1.000000  0.000012  -0.000070  -0.000012  1.000000  1.000000  0.000239  0.000445  -0.000239  1.000000  0.000076  -0.000445  -0.000076  1.000000  0.000056  0.006456  
76.802356 0.008779  0.101316  -0.007763  0.993782  0.111066  -0.007894  -0.110315  0.991727  0.065636  0.015119  -0.064357  0.997812  0.002109  0.000809  -0.000952  0.032592  -0.012762  0.269497  2.000000  1.000000  0.000411  0.000761  -0.000411  1.000000  0.000128  -0.000761  -0.000128  1.000000  0.999971  0.007618  0.000224  -0.007618  0.999970  0.001084  -0.000215  -0.001085  0.999999  1.000000  0.000045  0.000084  -0.000045  1.000000  0.000014  -0.000084  -0.000014  1.000000  1.000000  0.000411  0.000761  -0.000411  1.000000  0.000128  -0.000761  -0.000128  1.000000  0.000067  0.007698  
76.803357 0.008784  0.101319  -0.007764  0.993668  0.112088  -0.007813  -0.111338  0.991604  0.065764  0.015119  -0.064478  0.997805  0.002410  0.001025  -0.001126  0.037190  -0.014993  0.304028  2.000000  0.999999  0.000604  0.001122  -0.000604  1.000000  0.000182  -0.001122  -0.000183  0.999999  0.999963  0.008645  0.000290  -0.008645  0.999962  0.001099  -0.000280  -0.001101  0.999999  1.000000  0.000051  0.000095  -0.000051  1.000000  0.000014  -0.000095  -0.000014  1.000000  0.999999  0.000604  0.001122  -0.000604  1.000000  0.000182  -0.001122  -0.000183  0.999999  0.000075  0.008719  
76.804607 0.008790  0.101324  -0.007764  0.993529  0.113313  -0.007732  -0.112565  0.991465  0.065774  0.015119  -0.064478  0.997805  0.002879  0.001368  -0.001219  0.037811  -0.017647  0.345415  2.000000  0.999998  0.000878  0.001638  -0.000878  1.000000  0.000259  -0.001638  -0.000261  0.999999  0.999951  0.009877  0.000371  -0.009878  0.999950  0.001238  -0.000359  -0.001242  0.999999  1.000000  0.000058  0.000109  -0.000058  1.000000  0.000015  -0.000109  -0.000015  1.000000  0.999998  0.000878  0.001638  -0.000878  1.000000  0.000259  -0.001638  -0.000261  0.999999  0.000086  0.009962  
76.805858 0.008798  0.101330  -0.007765  0.993364  0.114751  -0.007756  -0.113997  0.991292  0.065920  0.015252  -0.064599  0.997795  0.003382  0.001763  -0.001336  0.042641  -0.016283  0.394004  2.000000  0.999997  0.001130  0.002114  -0.001131  0.999999  0.000329  -0.002113  -0.000331  0.999998  0.999936  0.011324  0.000332  -0.011324  0.999935  0.001503  -0.000315  -0.001506  0.999999  1.000000  0.000067  0.000125  -0.000067  1.000000  0.000019  -0.000125  -0.000019  1.000000  0.999997  0.001130  0.002114  -0.001131  0.999999  0.000329  -0.002113  -0.000331  0.999998  0.000098  0.011428  
76.807108 0.008806  0.101336  -0.007766  0.993197  0.116190  -0.007765  -0.115428  0.991108  0.066187  0.015386  -0.064841  0.997777  0.003787  0.002102  -0.001390  0.051524  -0.010466  0.442896  2.000000  0.999995  0.001495  0.002780  -0.001496  0.999999  0.000429  -0.002779  -0.000433  0.999996  0.999918  0.012770  0.000293  -0.012771  0.999917  0.001645  -0.000272  -0.001649  0.999999  1.000000  0.000077  0.000140  -0.000077  1.000000  0.000021  -0.000140  -0.000021  1.000000  0.999995  0.001495  0.002780  -0.001496  0.999999  0.000429  -0.002779  -0.000433  0.999996  0.000110  0.012880  
76.808358 0.008814  0.101343  -0.007768  0.993051  0.117423  -0.007802  -0.116654  0.990955  0.066333  0.015520  -0.064962  0.997767  0.004188  0.002479  -0.001318  0.060340  -0.008644  0.484640  2.000000  0.999992  0.001908  0.003517  -0.001910  0.999998  0.000542  -0.003516  -0.000549  0.999994  0.999902  0.014020  0.000110  -0.014020  0.999900  0.001909  -0.000083  -0.001910  0.999998  1.000000  0.000087  0.000152  -0.000087  1.000000  0.000024  -0.000152  -0.000024  1.000000  0.999992  0.001908  0.003517  -0.001910  0.999998  0.000542  -0.003516  -0.000549  0.999994  0.000121  0.014150  
76.809359 0.008821  0.101347  -0.007770  0.992931  0.118444  -0.007719  -0.117677  0.990826  0.066461  0.015520  -0.065083  0.997759  0.004539  0.002772  -0.001279  0.064934  -0.010894  0.519096  2.000000  0.999989  0.002267  0.004155  -0.002270  0.999997  0.000640  -0.004153  -0.000649  0.999991  0.999887  0.015047  0.000179  -0.015047  0.999885  0.002045  -0.000148  -0.002048  0.999998  1.000000  0.000092  0.000164  -0.000092  1.000000  0.000026  -0.000164  -0.000026  1.000000  0.999989  0.002267  0.004155  -0.002270  0.999997  0.000640  -0.004153  -0.000649  0.999991  0.000130  0.015187  
76.810604 0.008829  0.101351  -0.007771  0.992760  0.119874  -0.007594  -0.119107  0.990638  0.066712  0.015520  -0.065325  0.997743  0.004826  0.003042  -0.001158  0.073726  -0.013630  0.560591  2.000000  0.999984  0.002749  0.005016  -0.002752  0.999996  0.000775  -0.005014  -0.000789  0.999987  0.999867  0.016279  0.000263  -0.016279  0.999865  0.002306  -0.000226  -0.002310  0.999997  1.000000  0.000099  0.000178  -0.000099  1.000000  0.000029  -0.000178  -0.000029  1.000000  0.999984  0.002749  0.005016  -0.002752  0.999996  0.000775  -0.005014  -0.000789  0.999987  0.000139  0.016445  
76.811605 0.008836  0.101355  -0.007772  0.992637  0.120895  -0.007496  -0.120129  0.990498  0.066960  0.015520  -0.065567  0.997727  0.005093  0.003223  -0.001131  0.082402  -0.015928  0.595096  2.000000  0.999978  0.003161  0.005762  -0.003167  0.999995  0.000896  -0.005759  -0.000915  0.999983  0.999847  0.017511  0.000349  -0.017512  0.999843  0.002687  -0.000302  -0.002693  0.999996  1.000000  0.000106  0.000192  -0.000106  1.000000  0.000034  -0.000192  -0.000034  1.000000  0.999978  0.003161  0.005762  -0.003167  0.999995  0.000896  -0.005759  -0.000915  0.999983  0.000149  0.017721  
76.812605 0.008843  0.101358  -0.007775  0.992488  0.122121  -0.007384  -0.121355  0.990331  0.067210  0.015520  -0.065809  0.997712  0.005293  0.003269  -0.001201  0.091181  -0.018681  0.636494  2.000000  0.999972  0.003593  0.006548  -0.003600  0.999993  0.001029  -0.006544  -0.001052  0.999978  0.999836  0.018127  0.000391  -0.018128  0.999832  0.002696  -0.000343  -0.002703  0.999996  1.000000  0.000109  0.000199  -0.000109  1.000000  0.000034  -0.000199  -0.000034  1.000000  0.999972  0.003593  0.006548  -0.003600  0.999993  0.001029  -0.006544  -0.001052  0.999978  0.000158  0.018332  
76.813854 0.008850  0.101361  -0.007779  0.992339  0.123337  -0.007138  -0.122581  0.990164  0.067443  0.015386  -0.066051  0.997698  0.005514  0.003331  -0.001381  0.099939  -0.025937  0.677765  2.000000  0.999965  0.004039  0.007372  -0.004047  0.999991  0.001173  -0.007367  -0.001203  0.999972  0.999820  0.018940  0.000586  -0.018941  0.999816  0.003069  -0.000528  -0.003080  0.999995  1.000000  0.000112  0.000209  -0.000112  1.000000  0.000038  -0.000209  -0.000038  1.000000  0.999965  0.004039  0.007372  -0.004047  0.999991  0.001173  -0.007367  -0.001203  0.999972  0.000171  0.019198  
76.814859 0.008856  0.101362  -0.007782  0.992212  0.124358  -0.007039  -0.123603  0.990020  0.067690  0.015386  -0.066293  0.997682  0.005777  0.003366  -0.001578  0.112676  -0.028215  0.712186  2.000000  0.999958  0.004377  0.008003  -0.004387  0.999990  0.001283  -0.007997  -0.001318  0.999967  0.999813  0.019350  0.000616  -0.019352  0.999808  0.003075  -0.000556  -0.003086  0.999995  1.000000  0.000115  0.000213  -0.000115  1.000000  0.000039  -0.000213  -0.000039  1.000000  0.999958  0.004377  0.008003  -0.004387  0.999990  0.001283  -0.007997  -0.001318  0.999967  0.000177  0.019605  
76.816112 0.008863  0.101362  -0.007787  0.992085  0.125378  -0.006939  -0.124624  0.989875  0.067937  0.015386  -0.066535  0.997665  0.005947  0.003252  -0.001780  0.121305  -0.026061  0.747015  2.000000  0.999949  0.004853  0.008879  -0.004866  0.999987  0.001438  -0.008872  -0.001481  0.999960  0.999796  0.020180  0.000542  -0.020182  0.999791  0.003208  -0.000477  -0.003218  0.999995  1.000000  0.000121  0.000222  -0.000121  1.000000  0.000040  -0.000222  -0.000040  1.000000  0.999949  0.004853  0.008879  -0.004866  0.999987  0.001438  -0.008872  -0.001481  0.999960  0.000188  0.020443  
76.817356 0.008871  0.101363  -0.007793  0.991958  0.126389  -0.006721  -0.125645  0.989739  0.068048  0.015252  -0.066656  0.997659  0.006197  0.003155  -0.002033  0.125838  -0.032838  0.781168  2.000000  0.999938  0.005337  0.009785  -0.005353  0.999984  0.001597  -0.009776  -0.001649  0.999951  0.999784  0.020787  0.000722  -0.020790  0.999778  0.003335  -0.000652  -0.003349  0.999994  1.000000  0.000122  0.000229  -0.000123  1.000000  0.000042  -0.000229  -0.000042  1.000000  0.999938  0.005337  0.009785  -0.005353  0.999984  0.001597  -0.009776  -0.001649  0.999951  0.000197  0.021068  
76.818359 0.008878  0.101365  -0.007797  0.991828  0.127410  -0.006620  -0.126666  0.989592  0.068295  0.015252  -0.066898  0.997643  0.006301  0.003020  -0.002297  0.134484  -0.035178  0.815534  2.000000  0.999926  0.005828  0.010713  -0.005847  0.999981  0.001760  -0.010703  -0.001823  0.999941  0.999775  0.021189  0.000888  -0.021192  0.999769  0.003462  -0.000814  -0.003480  0.999994  1.000000  0.000123  0.000235  -0.000123  1.000000  0.000043  -0.000235  -0.000043  1.000000  0.999926  0.005828  0.010713  -0.005847  0.999981  0.001760  -0.010703  -0.001823  0.999941  0.000205  0.021491  
76.819611 0.008888  0.101367  -0.007802  0.991699  0.128421  -0.006386  -0.127688  0.989444  0.068525  0.015119  -0.067140  0.997629  0.006485  0.002804  -0.002620  0.143098  -0.042018  0.849764  2.000000  0.999912  0.006319  0.011661  -0.006342  0.999978  0.001927  -0.011649  -0.002001  0.999930  0.999771  0.021385  0.001038  -0.021389  0.999765  0.003465  -0.000963  -0.003486  0.999993  1.000000  0.000123  0.000238  -0.000123  1.000000  0.000043  -0.000238  -0.000043  1.000000  0.999912  0.006319  0.011661  -0.006342  0.999978  0.001927  -0.011649  -0.002001  0.999930  0.000215  0.021692  
76.820857 0.008897  0.101371  -0.007806  0.991567  0.129441  -0.006284  -0.128708  0.989295  0.068771  0.015119  -0.067382  0.997613  0.006588  0.002710  -0.002718  0.155902  -0.044345  0.884626  2.000000  0.999897  0.006803  0.012625  -0.006830  0.999974  0.002099  -0.012610  -0.002185  0.999918  0.999766  0.021572  0.001324  -0.021577  0.999761  0.003586  -0.001246  -0.003614  0.999993  1.000000  0.000121  0.000242  -0.000121  1.000000  0.000045  -0.000242  -0.000045  1.000000  0.999897  0.006803  0.012625  -0.006830  0.999974  0.002099  -0.012610  -0.002185  0.999918  0.000224  0.021912  
76.821867 0.008904  0.101373  -0.007809  0.991488  0.130052  -0.006226  -0.129321  0.989207  0.068895  0.015119  -0.067503  0.997604  0.006662  0.002515  -0.002906  0.155840  -0.044434  0.884267  2.000000  0.999885  0.007164  0.013351  -0.007194  0.999972  0.002229  -0.013334  -0.002325  0.999908  0.999766  0.021572  0.001326  -0.021577  0.999761  0.003586  -0.001249  -0.003614  0.999993  1.000000  0.000121  0.000242  -0.000121  1.000000  0.000045  -0.000242  -0.000045  1.000000  0.999885  0.007164  0.013351  -0.007194  0.999972  0.002229  -0.013334  -0.002325  0.999908  0.000226  0.021912  
76.823114 0.008914  0.101377  -0.007812  0.991410  0.130655  -0.006035  -0.129933  0.989119  0.069001  0.014985  -0.067624  0.997598  0.006758  0.002300  -0.002994  0.155684  -0.048576  0.877102  2.000000  0.999868  0.007634  0.014312  -0.007669  0.999968  0.002406  -0.014293  -0.002516  0.999895  0.999771  0.021348  0.001585  -0.021354  0.999765  0.003702  -0.001505  -0.003735  0.999992  1.000000  0.000117  0.000241  -0.000117  1.000000  0.000046  -0.000241  -0.000046  1.000000  0.999868  0.007634  0.014312  -0.007669  0.999968  0.002406  -0.014293  -0.002516  0.999895  0.000226  0.021729  
76.824357 0.008923  0.101380  -0.007815  0.991302  0.131470  -0.005962  -0.130750  0.989003  0.069126  0.014985  -0.067745  0.997590  0.006785  0.002174  -0.003052  0.154600  -0.044749  0.884160  2.000000  0.999851  0.008092  0.015265  -0.008133  0.999964  0.002584  -0.015244  -0.002708  0.999880  0.999780  0.020937  0.001559  -0.020943  0.999774  0.003696  -0.001482  -0.003728  0.999992  1.000000  0.000114  0.000236  -0.000114  1.000000  0.000046  -0.000236  -0.000046  1.000000  0.999851  0.008092  0.015265  -0.008133  0.999964  0.002584  -0.015244  -0.002708  0.999880  0.000228  0.021323  
76.825365 0.008929  0.101382  -0.007818  0.991221  0.132082  -0.005904  -0.131362  0.988913  0.069250  0.014985  -0.067866  0.997582  0.006798  0.002063  -0.003212  0.155921  -0.045664  0.898028  2.000000  0.999837  0.008432  0.015973  -0.008477  0.999960  0.002719  -0.015949  -0.002854  0.999869  0.999780  0.020937  0.001562  -0.020943  0.999773  0.003817  -0.001482  -0.003849  0.999991  1.000000  0.000114  0.000236  -0.000114  1.000000  0.000048  -0.000236  -0.000048  1.000000  0.999837  0.008432  0.015973  -0.008477  0.999960  0.002719  -0.015949  -0.002854  0.999869  0.000229  0.021344  
76.826369 0.008934  0.101383  -0.007822  0.991142  0.132684  -0.005729  -0.131974  0.988832  0.069236  0.014851  -0.067867  0.997584  0.006692  0.001939  -0.003332  0.151942  -0.055143  0.904298  2.000000  0.999823  0.008767  0.016674  -0.008816  0.999957  0.002855  -0.016648  -0.003002  0.999857  0.999788  0.020517  0.001667  -0.020523  0.999783  0.003688  -0.001591  -0.003721  0.999992  1.000000  0.000111  0.000232  -0.000111  1.000000  0.000046  -0.000232  -0.000046  1.000000  0.999823  0.008767  0.016674  -0.008816  0.999957  0.002855  -0.016648  -0.003002  0.999857  0.000229  0.020917  
76.827610 0.008941  0.101385  -0.007826  0.991060  0.133295  -0.005670  -0.132586  0.988742  0.069359  0.014851  -0.067988  0.997576  0.006556  0.001737  -0.003468  0.151823  -0.058835  0.890342  2.000000  0.999803  0.009203  0.017598  -0.009258  0.999953  0.003037  -0.017569  -0.003199  0.999841  0.999796  0.020107  0.001642  -0.020113  0.999790  0.003803  -0.001565  -0.003836  0.999991  1.000000  0.000108  0.000228  -0.000108  1.000000  0.000048  -0.000228  -0.000048  1.000000  0.999803  0.009203  0.017598  -0.009258  0.999953  0.003037  -0.017569  -0.003199  0.999841  0.000227  0.020533  
76.828631 0.008945  0.101385  -0.007831  0.991007  0.133694  -0.005493  -0.132995  0.988680  0.069464  0.014717  -0.068109  0.997569  0.006424  0.001664  -0.003521  0.151519  -0.066958  0.875370  2.000000  0.999788  0.009518  0.018271  -0.009578  0.999949  0.003173  -0.018240  -0.003348  0.999828  0.999809  0.019481  0.001735  -0.019488  0.999803  0.003792  -0.001661  -0.003826  0.999991  1.000000  0.000103  0.000222  -0.000103  1.000000  0.000048  -0.000222  -0.000048  1.000000  0.999788  0.009518  0.018271  -0.009578  0.999949  0.003173  -0.018240  -0.003348  0.999828  0.000224  0.019927  
76.829859 0.008950  0.101386  -0.007837  0.990953  0.134102  -0.005448  -0.133403  0.988616  0.069586  0.014717  -0.068230  0.997561  0.006275  0.001652  -0.003670  0.151237  -0.065289  0.848488  2.000000  0.999768  0.009913  0.019144  -0.009979  0.999945  0.003353  -0.019110  -0.003544  0.999811  0.999821  0.018856  0.001829  -0.018863  0.999815  0.003784  -0.001757  -0.003818  0.999991  1.000000  0.000098  0.000215  -0.000098  1.000000  0.000048  -0.000215  -0.000048  1.000000  0.999768  0.009913  0.019144  -0.009979  0.999945  0.003353  -0.019110  -0.003544  0.999811  0.000219  0.019323  
76.831105 0.008955  0.101388  -0.007843  0.990870  0.134713  -0.005388  -0.134015  0.988524  0.069709  0.014717  -0.068351  0.997553  0.006115  0.001685  -0.003693  0.150057  -0.068899  0.834969  2.000000  0.999747  0.010291  0.019990  -0.010363  0.999940  0.003532  -0.019953  -0.003738  0.999794  0.999832  0.018231  0.001920  -0.018238  0.999827  0.003655  -0.001853  -0.003689  0.999991  1.000000  0.000094  0.000209  -0.000094  1.000000  0.000046  -0.000209  -0.000046  1.000000  0.999747  0.010291  0.019990  -0.010363  0.999940  0.003532  -0.019953  -0.003738  0.999794  0.000214  0.018697  
76.832351 0.008960  0.101390  -0.007849  0.990817  0.135111  -0.005211  -0.134423  0.988462  0.069814  0.014584  -0.068472  0.997546  0.005929  0.001773  -0.003759  0.149514  -0.071592  0.806835  2.000000  0.999727  0.010646  0.020816  -0.010725  0.999936  0.003709  -0.020775  -0.003931  0.999776  0.999843  0.017596  0.002149  -0.017604  0.999838  0.003765  -0.002082  -0.003802  0.999991  1.000000  0.000087  0.000204  -0.000087  1.000000  0.000047  -0.000204  -0.000047  1.000000  0.999727  0.010646  0.020816  -0.010725  0.999936  0.003709  -0.020775  -0.003931  0.999776  0.000207  0.018127  
76.833356 0.008965  0.101392  -0.007854  0.990789  0.135315  -0.005180  -0.134627  0.988425  0.069934  0.014584  -0.068593  0.997538  0.005762  0.001818  -0.003808  0.149084  -0.069852  0.779314  2.000000  0.999716  0.010817  0.021222  -0.010900  0.999933  0.003798  -0.021180  -0.004028  0.999768  0.999846  0.017391  0.002135  -0.017398  0.999842  0.003641  -0.002071  -0.003678  0.999991  1.000000  0.000086  0.000201  -0.000086  1.000000  0.000046  -0.000201  -0.000046  1.000000  0.999716  0.010817  0.021222  -0.010900  0.999933  0.003798  -0.021180  -0.004028  0.999768  0.000203  0.017900  
76.834366 0.008968  0.101393  -0.007862  0.990735  0.135713  -0.005019  -0.135035  0.988371  0.069919  0.014450  -0.068593  0.997540  0.005471  0.001780  -0.004041  0.149830  -0.073063  0.757722  2.000000  0.999696  0.011146  0.022012  -0.011236  0.999929  0.003975  -0.021966  -0.004221  0.999750  0.999860  0.016560  0.002214  -0.016568  0.999856  0.003628  -0.002153  -0.003664  0.999991  1.000000  0.000080  0.000193  -0.000080  1.000000  0.000046  -0.000193  -0.000046  1.000000  0.999696  0.011146  0.022012  -0.011236  0.999929  0.003975  -0.021966  -0.004221  0.999750  0.000195  0.017101  
76.835368 0.008971  0.101395  -0.007869  0.990708  0.135917  -0.004988  -0.135239  0.988334  0.070039  0.014450  -0.068714  0.997532  0.005189  0.001668  -0.004300  0.149335  -0.075318  0.722742  2.000000  0.999680  0.011379  0.022585  -0.011474  0.999926  0.004103  -0.022537  -0.004361  0.999736  0.999867  0.016149  0.002187  -0.016157  0.999863  0.003622  -0.002128  -0.003657  0.999991  1.000000  0.000078  0.000188  -0.000078  1.000000  0.000045  -0.000188  -0.000046  1.000000  0.999680  0.011379  0.022585  -0.011474  0.999926  0.004103  -0.022537  -0.004361  0.999736  0.000190  0.016699  
76.836620 0.008975  0.101395  -0.007879  0.990680  0.136121  -0.004957  -0.135443  0.988298  0.070160  0.014450  -0.068835  0.997523  0.004790  0.001497  -0.004747  0.148712  -0.072631  0.681299  2.000000  0.999660  0.011675  0.023320  -0.011777  0.999922  0.004272  -0.023268  -0.004545  0.999719  0.999880  0.015327  0.002132  -0.015335  0.999876  0.003490  -0.002079  -0.003522  0.999992  1.000000  0.000073  0.000179  -0.000073  1.000000  0.000044  -0.000179  -0.000044  1.000000  0.999660  0.011675  0.023320  -0.011777  0.999922  0.004272  -0.023268  -0.004545  0.999719  0.000180  0.015868  
76.837859 0.008978  0.101397  -0.007890  0.990626  0.136520  -0.004780  -0.135851  0.988234  0.070264  0.014316  -0.068956  0.997517  0.004355  0.001338  -0.005270  0.143366  -0.079799  0.655579  2.000000  0.999640  0.011947  0.024017  -0.012057  0.999917  0.004436  -0.023962  -0.004723  0.999702  0.999892  0.014497  0.002211  -0.014504  0.999889  0.003356  -0.002162  -0.003387  0.999992  1.000000  0.000067  0.000171  -0.000067  1.000000  0.000042  -0.000171  -0.000042  1.000000  0.999640  0.011947  0.024017  -0.012057  0.999917  0.004436  -0.023962  -0.004723  0.999702  0.000171  0.015047  
76.839115 0.008982  0.101398  -0.007900  0.990570  0.136927  -0.004734  -0.136259  0.988170  0.070386  0.014316  -0.069077  0.997509  0.003993  0.001214  -0.005767  0.143908  -0.082609  0.625389  2.000000  0.999621  0.012201  0.024666  -0.012317  0.999914  0.004590  -0.024608  -0.004892  0.999685  0.999907  0.013479  0.002008  -0.013485  0.999904  0.003221  -0.001964  -0.003247  0.999993  1.000000  0.000063  0.000158  -0.000063  1.000000  0.000040  -0.000158  -0.000040  1.000000  0.999621  0.012201  0.024666  -0.012317  0.999914  0.004590  -0.024608  -0.004892  0.999685  0.000163  0.014007  
76.840121 0.008984  0.101398  -0.007909  0.990542  0.137131  -0.004720  -0.136463  0.988141  0.070387  0.014316  -0.069077  0.997509  0.003728  0.001120  -0.006109  0.135295  -0.080797  0.597558  2.000000  0.999608  0.012379  0.025129  -0.012501  0.999911  0.004700  -0.025069  -0.005013  0.999673  0.999918  0.012658  0.001951  -0.012663  0.999915  0.002967  -0.001913  -0.002991  0.999994  1.000000  0.000058  0.000149  -0.000058  1.000000  0.000037  -0.000149  -0.000037  1.000000  0.999608  0.012379  0.025129  -0.012501  0.999911  0.004700  -0.025069  -0.005013  0.999673  0.000155  0.013149  
76.841360 0.008986  0.101399  -0.007919  0.990542  0.137131  -0.004703  -0.136463  0.988133  0.070507  0.014316  -0.069198  0.997500  0.003455  0.001002  -0.006486  0.130546  -0.077672  0.549447  2.000000  0.999590  0.012597  0.025704  -0.012725  0.999907  0.004837  -0.025641  -0.005162  0.999658  0.999928  0.011836  0.001895  -0.011841  0.999926  0.002835  -0.001861  -0.002857  0.999994  1.000000  0.000054  0.000140  -0.000054  1.000000  0.000036  -0.000140  -0.000036  1.000000  0.999590  0.012597  0.025704  -0.012725  0.999907  0.004837  -0.025641  -0.005162  0.999658  0.000145  0.012320  
76.842366 0.008988  0.101399  -0.007927  0.990514  0.137335  -0.004689  -0.136667  0.988105  0.070508  0.014316  -0.069198  0.997500  0.003187  0.000954  -0.006800  0.121855  -0.075389  0.514831  2.000000  0.999578  0.012752  0.026106  -0.012885  0.999905  0.004935  -0.026041  -0.005270  0.999647  0.999935  0.011229  0.001719  -0.011234  0.999933  0.002705  -0.001688  -0.002724  0.999995  1.000000  0.000052  0.000132  -0.000052  1.000000  0.000034  -0.000132  -0.000034  1.000000  0.999578  0.012752  0.026106  -0.012885  0.999905  0.004935  -0.026041  -0.005270  0.999647  0.000138  0.011680  
76.843609 0.008990  0.101399  -0.007936  0.990457  0.137742  -0.004660  -0.137075  0.988048  0.070510  0.014316  -0.069198  0.997500  0.002969  0.000881  -0.007053  0.113286  -0.069112  0.487640  2.000000  0.999562  0.012947  0.026621  -0.013086  0.999902  0.005058  -0.026553  -0.005404  0.999633  0.999942  0.010613  0.001676  -0.010617  0.999941  0.002454  -0.001650  -0.002472  0.999996  1.000000  0.000048  0.000125  -0.000048  1.000000  0.000031  -0.000125  -0.000031  1.000000  0.999562  0.012947  0.026621  -0.013086  0.999902  0.005058  -0.026553  -0.005404  0.999633  0.000127  0.011024  
76.844618 0.008992  0.101399  -0.007944  0.990429  0.137945  -0.004645  -0.137279  0.988020  0.070511  0.014316  -0.069198  0.997500  0.002823  0.000888  -0.007219  0.104703  -0.067284  0.459939  2.000000  0.999550  0.013082  0.026981  -0.013225  0.999899  0.005142  -0.026911  -0.005497  0.999623  0.999949  0.009997  0.001633  -0.010001  0.999947  0.002324  -0.001610  -0.002341  0.999996  1.000000  0.000045  0.000118  -0.000045  1.000000  0.000029  -0.000118  -0.000029  1.000000  0.999550  0.013082  0.026981  -0.013225  0.999899  0.005142  -0.026911  -0.005497  0.999623  0.000122  0.010395  
76.845866 0.008995  0.101400  -0.007953  0.990401  0.138148  -0.004631  -0.137483  0.987991  0.070512  0.014316  -0.069198  0.997500  0.002693  0.000871  -0.007455  0.096161  -0.065476  0.432416  2.000000  0.999536  0.013252  0.027431  -0.013401  0.999896  0.005245  -0.027359  -0.005610  0.999610  0.999957  0.009185  0.001443  -0.009188  0.999956  0.002070  -0.001423  -0.002084  0.999997  1.000000  0.000042  0.000108  -0.000042  1.000000  0.000026  -0.000108  -0.000026  1.000000  0.999536  0.013252  0.027431  -0.013401  0.999896  0.005245  -0.027359  -0.005610  0.999610  0.000114  0.009527  
76.847107 0.008998  0.101403  -0.007962  0.990372  0.138352  -0.004616  -0.137686  0.987963  0.070513  0.014316  -0.069198  0.997500  0.002572  0.000909  -0.007647  0.091004  -0.059122  0.408672  2.000000  0.999522  0.013405  0.027843  -0.013559  0.999894  0.005338  -0.027768  -0.005713  0.999598  0.999964  0.008364  0.001385  -0.008366  0.999963  0.001938  -0.001369  -0.001949  0.999997  1.000000  0.000037  0.000099  -0.000037  1.000000  0.000024  -0.000099  -0.000024  1.000000  0.999522  0.013405  0.027843  -0.013559  0.999894  0.005338  -0.027768  -0.005713  0.999598  0.000105  0.008698  
76.848355 0.009002  0.101405  -0.007972  0.990372  0.138352  -0.004616  -0.137686  0.987963  0.070513  0.014316  -0.069198  0.997500  0.002488  0.000878  -0.007865  0.082318  -0.056376  0.367627  2.000000  0.999510  0.013548  0.028225  -0.013707  0.999891  0.005423  -0.028148  -0.005807  0.999587  0.999969  0.007757  0.001209  -0.007759  0.999968  0.001687  -0.001196  -0.001696  0.999998  1.000000  0.000035  0.000092  -0.000035  1.000000  0.000021  -0.000092  -0.000021  1.000000  0.999510  0.013548  0.028225  -0.013707  0.999891  0.005423  -0.028148  -0.005807  0.999587  0.000099  0.008031  
76.849362 0.009005  0.101407  -0.007981  0.990344  0.138555  -0.004601  -0.137890  0.987934  0.070514  0.014316  -0.069198  0.997500  0.002464  0.000888  -0.007975  0.074403  -0.050507  0.343314  2.000000  0.999501  0.013650  0.028493  -0.013811  0.999890  0.005481  -0.028415  -0.005871  0.999579  0.999972  0.007346  0.001181  -0.007348  0.999972  0.001560  -0.001169  -0.001568  0.999998  1.000000  0.000033  0.000087  -0.000033  1.000000  0.000020  -0.000087  -0.000020  1.000000  0.999501  0.013650  0.028493  -0.013811  0.999890  0.005481  -0.028415  -0.005871  0.999579  0.000091  0.007603  
76.850369 0.009008  0.101408  -0.007991  0.990316  0.138759  -0.004587  -0.138094  0.987906  0.070514  0.014316  -0.069198  0.997500  0.002450  0.000896  -0.008117  0.069998  -0.049096  0.322499  2.000000  0.999492  0.013743  0.028745  -0.013908  0.999888  0.005536  -0.028666  -0.005933  0.999571  0.999975  0.006936  0.001152  -0.006937  0.999975  0.001554  -0.001141  -0.001562  0.999998  1.000000  0.000031  0.000082  -0.000031  1.000000  0.000019  -0.000082  -0.000019  1.000000  0.999492  0.013743  0.028745  -0.013908  0.999888  0.005536  -0.028666  -0.005933  0.999571  0.000086  0.007201  
76.851613 0.009012  0.101410  -0.008002  0.990287  0.138962  -0.004572  -0.138298  0.987877  0.070515  0.014316  -0.069198  0.997500  0.002474  0.000988  -0.008195  0.065200  -0.047791  0.306257  2.000000  0.999482  0.013858  0.029058  -0.014027  0.999886  0.005603  -0.028977  -0.006008  0.999562  0.999978  0.006534  0.000990  -0.006536  0.999978  0.001427  -0.000981  -0.001434  0.999998  1.000000  0.000030  0.000077  -0.000030  1.000000  0.000018  -0.000077  -0.000018  1.000000  0.999482  0.013858  0.029058  -0.014027  0.999886  0.005603  -0.028977  -0.006008  0.999562  0.000081  0.006762  
76.852619 0.009016  0.101412  -0.008011  0.990287  0.138962  -0.004572  -0.138298  0.987877  0.070515  0.014316  -0.069198  0.997500  0.002518  0.001038  -0.008235  0.057137  -0.041828  0.281376  2.000000  0.999474  0.013940  0.029276  -0.014112  0.999884  0.005650  -0.029193  -0.006060  0.999555  0.999982  0.005918  0.000947  -0.005919  0.999982  0.001297  -0.000940  -0.001303  0.999999  1.000000  0.000027  0.000070  -0.000027  1.000000  0.000016  -0.000070  -0.000016  1.000000  0.999474  0.013940  0.029276  -0.014112  0.999884  0.005650  -0.029193  -0.006060  0.999555  0.000076  0.006133  
76.853641 0.009019  0.101413  -0.008021  0.990259  0.139165  -0.004558  -0.138502  0.987848  0.070516  0.014316  -0.069198  0.997500  0.002579  0.001061  -0.008306  0.052817  -0.040864  0.267357  2.000000  0.999467  0.014018  0.029484  -0.014192  0.999883  0.005695  -0.029400  -0.006110  0.999549  0.999983  0.005713  0.000933  -0.005714  0.999983  0.001173  -0.000926  -0.001178  0.999999  1.000000  0.000026  0.000068  -0.000026  1.000000  0.000015  -0.000068  -0.000015  1.000000  0.999467  0.014018  0.029484  -0.014192  0.999883  0.005695  -0.029400  -0.006110  0.999549  0.000071  0.005907  
76.854863 0.009024  0.101414  -0.008032  0.990232  0.139359  -0.004411  -0.138706  0.987821  0.070499  0.014182  -0.069198  0.997502  0.002740  0.001103  -0.008388  0.048487  -0.043998  0.246684  2.000000  0.999458  0.014115  0.029743  -0.014292  0.999881  0.005749  -0.029658  -0.006171  0.999541  0.999986  0.005302  0.000905  -0.005303  0.999985  0.001167  -0.000898  -0.001171  0.999999  1.000000  0.000023  0.000063  -0.000023  1.000000  0.000015  -0.000063  -0.000015  1.000000  0.999458  0.014115  0.029743  -0.014292  0.999881  0.005749  -0.029658  -0.006171  0.999541  0.000064  0.005504  
76.856123 0.009030  0.101416  -0.008043  0.990232  0.139360  -0.004394  -0.138706  0.987813  0.070619  0.014182  -0.069319  0.997494  0.002960  0.001199  -0.008427  0.052235  -0.038093  0.226228  2.000000  0.999451  0.014183  0.029930  -0.014362  0.999880  0.005786  -0.029844  -0.006213  0.999535  0.999988  0.004891  0.000876  -0.004892  0.999987  0.001040  -0.000871  -0.001044  0.999999  1.000000  0.000000  0.000000  0.000000  1.000000  0.000000  0.000000  0.000000  1.000000  0.999451  0.014183  0.029930  -0.014362  0.999880  0.005786  -0.029844  -0.006213  0.999535  0.000060  0.000000  
76.857358 0.009035  0.101417  -0.008055  0.990203  0.139563  -0.004380  -0.138910  0.987784  0.070619  0.014182  -0.069319  0.997494  0.003175  0.001214  -0.008532  0.047666  -0.037326  0.217538  2.000000  0.999451  0.014183  0.029930  -0.014362  0.999880  0.005786  -0.029844  -0.006213  0.999535  0.999989  0.004695  0.000729  -0.004696  0.999988  0.001037  -0.000724  -0.001040  0.999999  1.000000  0.000000  0.000000  0.000000  1.000000  0.000000  0.000000  0.000000  1.000000  0.999451  0.014183  0.029930  -0.014362  0.999880  0.005786  -0.029844  -0.006213  0.999535  0.000057  0.000000  
76.858624 0.009042  0.101418  -0.008067  0.990175  0.139767  -0.004365  -0.139114  0.987755  0.070620  0.014182  -0.069319  0.997494  0.003501  0.001292  -0.008732  0.043421  -0.031954  0.204204  2.000000  0.999451  0.014183  0.029930  -0.014362  0.999880  0.005786  -0.029844  -0.006213  0.999535  0.999991  0.004285  0.000700  -0.004285  0.999991  0.000788  -0.000697  -0.000791  0.999999  1.000000  0.000000  0.000000  0.000000  1.000000  0.000000  0.000000  0.000000  1.000000  0.999451  0.014183  0.029930  -0.014362  0.999880  0.005786  -0.029844  -0.006213  0.999535  0.000055  0.000000  
76.859861 0.009048  0.101418  -0.008079  0.990148  0.139961  -0.004219  -0.139318  0.987728  0.070603  0.014048  -0.069319  0.997496  0.003735  0.001225  -0.008940  0.039935  -0.036170  0.193935  2.000000  0.999451  0.014183  0.029930  -0.014362  0.999880  0.005786  -0.029844  -0.006213  0.999535  0.999991  0.004079  0.000686  -0.004080  0.999991  0.000664  -0.000683  -0.000667  1.000000  1.000000  0.000000  0.000000  0.000000  1.000000  0.000000  0.000000  0.000000  1.000000  0.999451  0.014183  0.029930  -0.014362  0.999880  0.005786  -0.029844  -0.006213  0.999535  0.000050  0.000000  
76.861115 0.009056  0.101419  -0.008091  0.990148  0.139961  -0.004219  -0.139318  0.987728  0.070603  0.014048  -0.069319  0.997496  0.004063  0.001225  -0.009140  0.035388  -0.030106  0.172771  2.000000  0.999451  0.014183  0.029930  -0.014362  0.999880  0.005786  -0.029844  -0.006213  0.999535  0.999992  0.003874  0.000672  -0.003874  0.999992  0.000540  -0.000670  -0.000542  1.000000  1.000000  0.000000  0.000000  0.000000  1.000000  0.000000  0.000000  0.000000  1.000000  0.999451  0.014183  0.029930  -0.014362  0.999880  0.005786  -0.029844  -0.006213  0.999535  0.000046  0.000000  
76.862354 0.009063  0.101420  -0.008103  0.990119  0.140165  -0.004187  -0.139522  0.987690  0.070723  0.014048  -0.069440  0.997487  0.004289  0.001070  -0.009256  0.000000  0.000000  0.000000  2.000000  0.999451  0.014183  0.029930  -0.014362  0.999880  0.005786  -0.029844  -0.006213  0.999535  0.999993  0.003678  0.000524  -0.003678  0.999993  0.000537  -0.000522  -0.000539  1.000000  1.000000  0.000000  0.000000  0.000000  1.000000  0.000000  0.000000  0.000000  1.000000  0.999451  0.014183  0.029930  -0.014362  0.999880  0.005786  -0.029844  -0.006213  0.999535  0.000045  0.000000  
76.863357 0.009069  0.101421  -0.008111  0.990091  0.140368  -0.004172  -0.139726  0.987661  0.070724  0.014048  -0.069440  0.997487  0.004535  0.001056  -0.009223  0.000000  0.000000  0.000000  2.000000  0.999451  0.014183  0.029930  -0.014362  0.999880  0.005786  -0.029844  -0.006213  0.999535  0.999993  0.003678  0.000524  -0.003678  0.999993  0.000415  -0.000523  -0.000417  1.000000  1.000000  0.000000  0.000000  0.000000  1.000000  0.000000  0.000000  0.000000  1.000000  0.999451  0.014183  0.029930  -0.014362  0.999880  0.005786  -0.029844  -0.006213  0.999535  0.000044  0.000000  
76.864366 0.009076  0.101422  -0.008119  0.990091  0.140368  -0.004172  -0.139726  0.987661  0.070724  0.014048  -0.069440  0.997487  0.004757  0.001015  -0.009176  0.000000  0.000000  0.000000  2.000000  0.999451  0.014183  0.029930  -0.014362  0.999880  0.005786  -0.029844  -0.006213  0.999535  0.999995  0.003267  0.000496  -0.003267  0.999995  0.000410  -0.000494  -0.000411  1.000000  1.000000  0.000000  0.000000  0.000000  1.000000  0.000000  0.000000  0.000000  1.000000  0.999451  0.014183  0.029930  -0.014362  0.999880  0.005786  -0.029844  -0.006213  0.999535  0.000000  0.000000  
