1-Time 2-Px 3-Py 4-Pz 5-R11 6-R21 7-R31 8-R12 9-R22 10-R32 11-R13 12-R23 13-R33 14-Vx 15-Vy 16-Vz 17-Wx 18-Wy 19-Wz 20-state 21-PR11 22-PR21 23-PR31 24-PR12 25-PR22 26-PR32 27-PR13 28-PR23 29-PR33 
28.142900 -0.006628  0.085208  0.007928  0.983875  0.175994  0.031884  -0.178338  0.978895  0.099799  -0.013647  -0.103875  0.994497  0.000867  0.000572  0.000594  0.000000  0.000000  0.000000  2.000000  1.000000  0.000000  0.000000  -0.000000  1.000000  0.000000  0.000000  -0.000000  1.000000  1.000000  -0.000205  -0.000021  0.000205  1.000000  0.000003  0.000021  -0.000003  1.000000  1.000000  0.000000  0.000000  0.000000  1.000000  0.000000  0.000000  0.000000  1.000000  0.788235  0.275349  0.550334  -0.305583  0.951394  -0.038330  -0.534139  -0.137960  0.834064  0.000000  0.000000  
28.143901 -0.006627  0.085208  0.007929  0.983875  0.175994  0.031884  -0.178338  0.978895  0.099799  -0.013647  -0.103875  0.994497  0.000901  0.000573  0.000625  0.000000  0.000000  0.000000  2.000000  1.000000  0.000000  0.000000  0.000000  1.000000  0.000000  0.000000  0.000000  1.000000  1.000000  -0.000205  -0.000021  0.000205  1.000000  0.000003  0.000021  -0.000003  1.000000  1.000000  0.000000  0.000000  0.000000  1.000000  0.000000  0.000000  0.000000  1.000000  1.000000  0.000000  0.000000  0.000000  1.000000  0.000000  0.000000  0.000000  1.000000  0.000000  0.000000  
28.144904 -0.006628  0.085207  0.007931  0.983691  0.176998  0.032008  -0.179350  0.978701  0.099884  -0.013647  -0.103996  0.994484  0.000782  0.000430  0.000698  0.000000  0.000000  0.000000  2.000000  1.000000  0.000000  0.000000  0.000000  1.000000  0.000000  0.000000  0.000000  1.000000  1.000000  0.000409  0.000043  -0.000409  1.000000  0.000116  -0.000043  -0.000116  1.000000  1.000000  0.000000  0.000000  0.000000  1.000000  0.000000  0.000000  0.000000  1.000000  1.000000  0.000000  0.000000  0.000000  1.000000  0.000000  0.000000  0.000000  1.000000  0.000000  0.000000  
28.145906 -0.006630  0.085204  0.007932  0.983504  0.177988  0.032263  -0.180363  0.978509  0.099946  -0.013781  -0.104116  0.994470  0.000611  0.000195  0.000755  0.000000  0.000000  0.000000  2.000000  1.000000  0.000000  0.000000  0.000000  1.000000  0.000000  0.000000  0.000000  1.000000  0.999999  0.001638  0.000171  -0.001638  0.999999  0.000220  -0.000171  -0.000220  1.000000  1.000000  0.000000  0.000000  0.000000  1.000000  0.000000  0.000000  0.000000  1.000000  1.000000  0.000000  0.000000  0.000000  1.000000  0.000000  0.000000  0.000000  1.000000  0.000000  0.000000  
28.147154 -0.006632  0.085199  0.007934  0.983278  0.179171  0.032583  -0.181577  0.978255  0.100238  -0.013915  -0.104478  0.994430  0.000415  -0.000168  0.000882  0.000000  0.000000  0.000000  2.000000  1.000000  0.000000  0.000000  0.000000  1.000000  0.000000  0.000000  0.000000  1.000000  0.999996  0.002838  0.000567  -0.002839  0.999996  0.000445  -0.000566  -0.000446  1.000000  1.000000  0.000000  0.000000  0.000000  1.000000  0.000000  0.000000  0.000000  1.000000  1.000000  0.000000  0.000000  0.000000  1.000000  0.000000  0.000000  0.000000  1.000000  0.000000  0.000000  
28.148405 -0.006635  0.085194  0.007938  0.983128  0.179964  0.032731  -0.182387  0.978070  0.100567  -0.013915  -0.104840  0.994392  0.000148  -0.000561  0.001084  0.000000  0.000000  0.000000  2.000000  1.000000  0.000000  0.000000  0.000000  1.000000  0.000000  0.000000  0.000000  1.000000  0.999993  0.003657  0.000654  -0.003657  0.999993  0.000797  -0.000651  -0.000799  0.999999  1.000000  0.000000  0.000000  0.000000  1.000000  0.000000  0.000000  0.000000  1.000000  1.000000  0.000000  0.000000  0.000000  1.000000  0.000000  0.000000  0.000000  1.000000  0.000000  0.000000  
28.149651 -0.006638  0.085189  0.007942  0.982940  0.180959  0.032900  -0.183398  0.977848  0.100889  -0.013915  -0.105202  0.994354  -0.000137  -0.000926  0.001301  0.000000  0.000000  0.000000  2.000000  1.000000  0.000000  0.000000  0.000000  1.000000  0.000000  0.000000  0.000000  1.000000  0.999989  0.004680  0.000764  -0.004681  0.999988  0.001146  -0.000758  -0.001149  0.999999  1.000000  0.000000  0.000000  0.000000  1.000000  0.000000  0.000000  0.000000  1.000000  1.000000  0.000000  0.000000  0.000000  1.000000  0.000000  0.000000  0.000000  1.000000  0.000000  0.000000  
28.150652 -0.006642  0.085185  0.007946  0.982755  0.181981  0.032809  -0.184411  0.977619  0.101260  -0.013647  -0.105564  0.994319  -0.000444  -0.001242  0.001521  0.054331  -0.021011  0.199518  2.000000  1.000000  0.000135  0.000016  -0.000135  1.000000  0.000036  -0.000016  -0.000036  1.000000  0.999985  0.005527  0.000586  -0.005528  0.999984  0.001499  -0.000578  -0.001503  0.999999  1.000000  0.000069  0.000007  -0.000069  1.000000  0.000019  -0.000007  -0.000019  1.000000  1.000000  0.000135  0.000016  -0.000135  1.000000  0.000036  -0.000016  -0.000036  1.000000  0.000048  0.005757  
28.151901 -0.006646  0.085182  0.007952  0.982455  0.183621  0.032650  -0.186030  0.977273  0.101636  -0.013246  -0.105926  0.994286  -0.000786  -0.001492  0.001860  0.065852  -0.013438  0.255953  2.000000  1.000000  0.000546  0.000049  -0.000546  1.000000  0.000143  -0.000049  -0.000143  1.000000  0.999973  0.007397  0.000518  -0.007398  0.999971  0.001839  -0.000504  -0.001842  0.999998  1.000000  0.000092  0.000006  -0.000092  1.000000  0.000023  -0.000006  -0.000023  1.000000  1.000000  0.000546  0.000049  -0.000546  1.000000  0.000143  -0.000049  -0.000143  1.000000  0.000063  0.007641  
28.152902 -0.006649  0.085180  0.007956  0.982187  0.185035  0.032711  -0.187446  0.976980  0.101851  -0.013112  -0.106168  0.994262  -0.001058  -0.001686  0.002107  0.073376  -0.014084  0.304590  2.000000  1.000000  0.000960  0.000069  -0.000960  1.000000  0.000245  -0.000069  -0.000245  1.000000  0.999961  0.008858  0.000407  -0.008859  0.999958  0.002184  -0.000388  -0.002188  0.999998  1.000000  0.000111  0.000005  -0.000111  1.000000  0.000027  -0.000005  -0.000027  1.000000  1.000000  0.000960  0.000069  -0.000960  1.000000  0.000245  -0.000069  -0.000245  1.000000  0.000075  0.009133  
28.154153 -0.006653  0.085176  0.007961  0.981840  0.186843  0.032859  -0.189266  0.976584  0.102289  -0.012978  -0.106650  0.994212  -0.001395  -0.001990  0.002381  0.088882  -0.016243  0.367016  2.000000  0.999999  0.001583  0.000098  -0.001584  0.999999  0.000393  -0.000098  -0.000393  1.000000  0.999942  0.010715  0.000474  -0.010716  0.999939  0.002523  -0.000447  -0.002528  0.999997  1.000000  0.000134  0.000006  -0.000134  1.000000  0.000032  -0.000006  -0.000032  1.000000  0.999999  0.001583  0.000098  -0.001584  0.999999  0.000393  -0.000098  -0.000393  1.000000  0.000091  0.011019  
28.155404 -0.006656  0.085174  0.007967  0.981486  0.188630  0.033225  -0.191084  0.976214  0.102439  -0.013112  -0.106891  0.994184  -0.001723  -0.002187  0.002752  0.096152  -0.027314  0.428349  2.000000  0.999997  0.002319  0.000140  -0.002319  0.999997  0.000563  -0.000138  -0.000563  1.000000  0.999921  0.012542  0.000809  -0.012544  0.999917  0.002859  -0.000773  -0.002869  0.999996  1.000000  0.000157  0.000010  -0.000157  1.000000  0.000036  -0.000010  -0.000036  1.000000  0.999997  0.002319  0.000140  -0.002319  0.999997  0.000563  -0.000138  -0.000563  1.000000  0.000107  0.012891  
28.156405 -0.006658  0.085173  0.007974  0.981168  0.190211  0.033594  -0.192700  0.975867  0.102714  -0.013246  -0.107253  0.994144  -0.001947  -0.002319  0.003156  0.107617  -0.037709  0.482945  2.000000  0.999995  0.002997  0.000187  -0.002997  0.999995  0.000713  -0.000185  -0.000714  1.000000  0.999899  0.014165  0.001121  -0.014168  0.999895  0.003076  -0.001078  -0.003092  0.999995  1.000000  0.000177  0.000014  -0.000177  1.000000  0.000039  -0.000014  -0.000039  1.000000  0.999995  0.002997  0.000187  -0.002997  0.999995  0.000713  -0.000185  -0.000714  1.000000  0.000121  0.014540  
28.157659 -0.006661  0.085172  0.007984  0.980769  0.192208  0.033875  -0.194720  0.975436  0.102999  -0.013246  -0.107615  0.994104  -0.002180  -0.002459  0.003808  0.118885  -0.045101  0.551588  2.000000  0.999992  0.003959  0.000265  -0.003960  0.999992  0.000920  -0.000261  -0.000921  1.000000  0.999868  0.016211  0.001347  -0.016215  0.999863  0.003409  -0.001292  -0.003431  0.999993  1.000000  0.000203  0.000017  -0.000203  1.000000  0.000043  -0.000016  -0.000043  1.000000  0.999992  0.003959  0.000265  -0.003960  0.999992  0.000920  -0.000261  -0.000921  1.000000  0.000138  0.016623  
28.158905 -0.006664  0.085169  0.007994  0.980367  0.194203  0.034158  -0.196739  0.975001  0.103284  -0.013246  -0.107976  0.994065  -0.002444  -0.002683  0.004387  0.130208  -0.052539  0.620487  2.000000  0.999988  0.004837  0.000338  -0.004837  0.999988  0.001102  -0.000333  -0.001103  0.999999  0.999832  0.018256  0.001575  -0.018262  0.999826  0.003742  -0.001506  -0.003770  0.999992  1.000000  0.000228  0.000019  -0.000228  1.000000  0.000047  -0.000019  -0.000047  1.000000  0.999988  0.004837  0.000338  -0.004837  0.999988  0.001102  -0.000333  -0.001103  0.999999  0.000156  0.018706  
28.160163 -0.006668  0.085163  0.008004  0.979963  0.196226  0.034181  -0.198757  0.974555  0.103621  -0.012978  -0.108339  0.994029  -0.002627  -0.002858  0.004965  0.141575  -0.051044  0.690109  2.000000  0.999982  0.006055  0.000438  -0.006056  0.999981  0.001350  -0.000430  -0.001353  0.999999  0.999792  0.020316  0.001671  -0.020323  0.999785  0.004077  -0.001587  -0.004110  0.999990  1.000000  0.000254  0.000020  -0.000254  1.000000  0.000051  -0.000020  -0.000051  1.000000  0.999982  0.006055  0.000438  -0.006056  0.999981  0.001350  -0.000430  -0.001353  0.999999  0.000173  0.020793  
28.161402 -0.006672  0.085157  0.008015  0.979553  0.198229  0.034360  -0.200775  0.974096  0.104050  -0.012844  -0.108821  0.993978  -0.002701  -0.003019  0.005449  0.156935  -0.054842  0.766334  2.000000  0.999972  0.007403  0.000540  -0.007404  0.999971  0.001624  -0.000528  -0.001628  0.999999  0.999748  0.022391  0.001638  -0.022398  0.999739  0.004536  -0.001536  -0.004572  0.999988  1.000000  0.000280  0.000020  -0.000280  1.000000  0.000057  -0.000020  -0.000057  1.000000  0.999972  0.007403  0.000540  -0.007404  0.999971  0.001624  -0.000528  -0.001628  0.999999  0.000191  0.022910  
28.162402 -0.006673  0.085152  0.008024  0.979221  0.199816  0.034628  -0.202388  0.973718  0.104466  -0.012844  -0.109303  0.993925  -0.002705  -0.003064  0.005931  0.172504  -0.060926  0.821341  2.000000  0.999963  0.008574  0.000627  -0.008575  0.999961  0.001865  -0.000611  -0.001871  0.999998  0.999710  0.024026  0.001828  -0.024035  0.999699  0.004996  -0.001707  -0.005038  0.999986  1.000000  0.000300  0.000022  -0.000300  1.000000  0.000063  -0.000022  -0.000063  1.000000  0.999963  0.008574  0.000627  -0.008575  0.999961  0.001865  -0.000611  -0.001871  0.999998  0.000207  0.024615  
28.163655 -0.006675  0.085144  0.008036  0.978762  0.202014  0.034857  -0.204605  0.973196  0.105004  -0.012711  -0.109906  0.993861  -0.002647  -0.003293  0.006453  0.191911  -0.064833  0.897358  2.000000  0.999948  0.010153  0.000742  -0.010155  0.999946  0.002200  -0.000720  -0.002207  0.999997  0.999658  0.026085  0.001935  -0.026096  0.999644  0.005574  -0.001789  -0.005622  0.999983  1.000000  0.000326  0.000023  -0.000326  1.000000  0.000070  -0.000023  -0.000070  1.000000  0.999948  0.010153  0.000742  -0.010155  0.999946  0.002200  -0.000720  -0.002207  0.999997  0.000225  0.026753  
28.164905 -0.006676  0.085134  0.008046  0.978339  0.203992  0.035222  -0.206619  0.972702  0.105640  -0.012711  -0.110630  0.993780  -0.002417  -0.003598  0.006955  0.215453  -0.072580  0.966117  2.000000  0.999929  0.011865  0.000872  -0.011867  0.999926  0.002571  -0.000841  -0.002582  0.999996  0.999608  0.027925  0.002158  -0.027938  0.999591  0.006151  -0.001985  -0.006209  0.999979  1.000000  0.000349  0.000026  -0.000349  1.000000  0.000077  -0.000026  -0.000077  1.000000  0.999929  0.011865  0.000872  -0.011867  0.999926  0.002571  -0.000841  -0.002582  0.999996  0.000245  0.028685  
28.165908 -0.006676  0.085125  0.008055  0.977997  0.205572  0.035520  -0.208230  0.972300  0.106172  -0.012711  -0.111232  0.993713  -0.002172  -0.003967  0.007200  0.235076  -0.078817  1.021012  2.000000  0.999911  0.013279  0.000982  -0.013282  0.999908  0.002894  -0.000943  -0.002907  0.999995  0.999590  0.028537  0.002243  -0.028551  0.999570  0.006626  -0.002053  -0.006687  0.999976  1.000000  0.000357  0.000027  -0.000357  1.000000  0.000083  -0.000027  -0.000083  1.000000  0.999911  0.013279  0.000982  -0.013282  0.999908  0.002894  -0.000943  -0.002907  0.999995  0.000259  0.029393  
28.167152 -0.006675  0.085114  0.008064  0.977566  0.207547  0.035890  -0.210243  0.971797  0.106806  -0.012711  -0.111955  0.993632  -0.001838  -0.004474  0.007488  0.256687  -0.086009  1.081636  2.000000  0.999891  0.014735  0.001093  -0.014739  0.999886  0.003243  -0.001045  -0.003259  0.999994  0.999566  0.029368  0.002223  -0.029384  0.999542  0.007219  -0.002010  -0.007281  0.999971  1.000000  0.000367  0.000026  -0.000367  1.000000  0.000091  -0.000026  -0.000091  1.000000  0.999891  0.014735  0.001093  -0.014739  0.999886  0.003243  -0.001045  -0.003259  0.999994  0.000278  0.030336  
28.168401 -0.006673  0.085104  0.008073  0.977175  0.209321  0.036240  -0.212054  0.971333  0.107446  -0.012711  -0.112679  0.993550  -0.001475  -0.004922  0.007662  0.282317  -0.093818  1.151919  2.000000  0.999861  0.016602  0.001229  -0.016606  0.999855  0.003704  -0.001168  -0.003724  0.999992  0.999541  0.030199  0.002203  -0.030215  0.999515  0.007569  -0.001974  -0.007632  0.999969  1.000000  0.000378  0.000026  -0.000378  1.000000  0.000095  -0.000026  -0.000095  1.000000  0.999861  0.016602  0.001229  -0.016606  0.999855  0.003704  -0.001168  -0.003724  0.999992  0.000294  0.031224  
28.169651 -0.006671  0.085092  0.008080  0.976869  0.210694  0.036548  -0.213462  0.970952  0.108100  -0.012711  -0.113402  0.993468  -0.001127  -0.005539  0.007800  0.306135  -0.099500  1.200037  2.000000  0.999828  0.018522  0.001373  -0.018528  0.999820  0.004187  -0.001295  -0.004212  0.999990  0.999516  0.031016  0.002318  -0.031033  0.999487  0.007920  -0.002072  -0.007988  0.999966  1.000000  0.000388  0.000027  -0.000388  1.000000  0.000099  -0.000027  -0.000099  1.000000  0.999828  0.018522  0.001373  -0.018528  0.999820  0.004187  -0.001295  -0.004212  0.999990  0.000309  0.032108  
28.170903 -0.006669  0.085080  0.008087  0.976516  0.212271  0.036855  -0.215071  0.970538  0.108629  -0.012711  -0.114004  0.993399  -0.000762  -0.006253  0.007778  0.325817  -0.105905  1.255157  2.000000  0.999789  0.020470  0.001526  -0.020477  0.999779  0.004688  -0.001430  -0.004718  0.999988  0.999510  0.031188  0.002626  -0.031208  0.999481  0.008037  -0.002374  -0.008115  0.999964  1.000000  0.000390  0.000031  -0.000390  1.000000  0.000101  -0.000031  -0.000101  1.000000  0.999789  0.020470  0.001526  -0.020477  0.999779  0.004688  -0.001430  -0.004718  0.999988  0.000322  0.032329  
28.171904 -0.006667  0.085069  0.008093  0.976249  0.213451  0.037093  -0.216277  0.970222  0.109054  -0.012711  -0.114486  0.993344  -0.000488  -0.006968  0.007632  0.341514  -0.110724  1.296174  2.000000  0.999756  0.022031  0.001667  -0.022040  0.999744  0.005095  -0.001555  -0.005130  0.999986  0.999504  0.031361  0.002931  -0.031384  0.999473  0.008276  -0.002670  -0.008364  0.999961  1.000000  0.000392  0.000035  -0.000392  1.000000  0.000104  -0.000035  -0.000104  1.000000  0.999756  0.022031  0.001667  -0.022040  0.999744  0.005095  -0.001555  -0.005130  0.999986  0.000332  0.032583  
28.173153 -0.006664  0.085057  0.008099  0.975890  0.215011  0.037532  -0.217884  0.969807  0.109552  -0.012844  -0.115088  0.993272  -0.000169  -0.007577  0.007396  0.358220  -0.120686  1.340002  2.000000  0.999711  0.023979  0.001866  -0.023990  0.999696  0.005615  -0.001730  -0.005658  0.999982  0.999510  0.031109  0.003325  -0.031136  0.999480  0.008397  -0.003062  -0.008496  0.999959  1.000000  0.000389  0.000040  -0.000389  1.000000  0.000106  -0.000040  -0.000106  1.000000  0.999711  0.023979  0.001866  -0.023990  0.999696  0.005615  -0.001730  -0.005658  0.999982  0.000349  0.032411  
28.174156 -0.006663  0.085047  0.008105  0.975620  0.216191  0.037773  -0.219089  0.969487  0.109976  -0.012844  -0.115570  0.993216  0.000134  -0.008023  0.007256  0.373998  -0.124797  1.374310  2.000000  0.999672  0.025521  0.002036  -0.025533  0.999656  0.006041  -0.001882  -0.006091  0.999980  0.999523  0.030683  0.003426  -0.030711  0.999491  0.008646  -0.003159  -0.008747  0.999957  1.000000  0.000384  0.000041  -0.000384  1.000000  0.000109  -0.000041  -0.000109  1.000000  0.999672  0.025521  0.002036  -0.025533  0.999656  0.006041  -0.001882  -0.006091  0.999980  0.000357  0.032080  
28.175401 -0.006661  0.085036  0.008111  0.975347  0.217354  0.038144  -0.220294  0.969169  0.110370  -0.012978  -0.116052  0.993158  0.000546  -0.008404  0.007026  0.381920  -0.129706  1.373507  2.000000  0.999631  0.027055  0.002213  -0.027069  0.999613  0.006478  -0.002037  -0.006535  0.999977  0.999523  0.030681  0.003440  -0.030710  0.999490  0.008763  -0.003170  -0.008864  0.999956  1.000000  0.000384  0.000041  -0.000384  1.000000  0.000110  -0.000041  -0.000110  1.000000  0.999631  0.027055  0.002213  -0.027069  0.999613  0.006478  -0.002037  -0.006535  0.999977  0.000358  0.032112  
28.176405 -0.006659  0.085026  0.008116  0.975165  0.218134  0.038340  -0.221097  0.968936  0.110809  -0.012978  -0.116534  0.993102  0.000846  -0.008798  0.006736  0.393405  -0.124516  1.364635  2.000000  0.999589  0.028563  0.002388  -0.028579  0.999568  0.006923  -0.002190  -0.006988  0.999973  0.999548  0.029862  0.003360  -0.029891  0.999512  0.009019  -0.003089  -0.009115  0.999954  1.000000  0.000374  0.000040  -0.000374  1.000000  0.000113  -0.000040  -0.000113  1.000000  0.999589  0.028563  0.002388  -0.028579  0.999568  0.006923  -0.002190  -0.006988  0.999973  0.000356  0.031393  
28.177405 -0.006658  0.085017  0.008121  0.974981  0.218902  0.038641  -0.221900  0.968719  0.111100  -0.013112  -0.116895  0.993058  0.001034  -0.009049  0.006447  0.397241  -0.124911  1.364398  2.000000  0.999546  0.030030  0.002560  -0.030048  0.999521  0.007375  -0.002338  -0.007448  0.999970  0.999573  0.029043  0.003275  -0.029072  0.999535  0.009149  -0.003008  -0.009241  0.999953  1.000000  0.000363  0.000039  -0.000363  1.000000  0.000115  -0.000039  -0.000115  1.000000  0.999546  0.030030  0.002560  -0.030048  0.999521  0.007375  -0.002338  -0.007448  0.999970  0.000356  0.030644  
28.178652 -0.006658  0.085004  0.008127  0.974752  0.219881  0.038862  -0.222903  0.968440  0.111530  -0.013112  -0.117377  0.993001  0.001121  -0.009343  0.006099  0.401939  -0.125922  1.366995  2.000000  0.999490  0.031800  0.002770  -0.031821  0.999462  0.007949  -0.002516  -0.008033  0.999965  0.999614  0.027611  0.003124  -0.027639  0.999575  0.009294  -0.002866  -0.009377  0.999952  1.000000  0.000345  0.000037  -0.000345  1.000000  0.000117  -0.000037  -0.000117  1.000000  0.999490  0.031800  0.002770  -0.031821  0.999462  0.007949  -0.002516  -0.008033  0.999965  0.000358  0.029317  
28.179905 -0.006659  0.084990  0.008133  0.974476  0.221053  0.039134  -0.224107  0.968099  0.112069  -0.013112  -0.117979  0.992930  0.001147  -0.009599  0.005730  0.409345  -0.132156  1.377436  2.000000  0.999435  0.033493  0.002977  -0.033517  0.999402  0.008529  -0.002689  -0.008624  0.999959  0.999636  0.026776  0.003173  -0.026805  0.999596  0.009429  -0.002920  -0.009510  0.999951  1.000000  0.000335  0.000038  -0.000335  1.000000  0.000118  -0.000038  -0.000118  1.000000  0.999435  0.033493  0.002977  -0.033517  0.999402  0.008529  -0.002689  -0.008624  0.999959  0.000362  0.028582  
28.181156 -0.006661  0.084976  0.008137  0.974291  0.221831  0.039333  -0.224909  0.967863  0.112507  -0.013112  -0.118461  0.992872  0.000995  -0.009907  0.005364  0.410523  -0.139019  1.351864  2.000000  0.999378  0.035116  0.003187  -0.035144  0.999341  0.009115  -0.002865  -0.009221  0.999953  0.999669  0.025533  0.003174  -0.025562  0.999629  0.009449  -0.002931  -0.009527  0.999950  1.000000  0.000319  0.000038  -0.000319  1.000000  0.000119  -0.000038  -0.000119  1.000000  0.999378  0.035116  0.003187  -0.035144  0.999341  0.009115  -0.002865  -0.009221  0.999953  0.000356  0.027426  
28.182405 -0.006662  0.084962  0.008141  0.974152  0.222405  0.039538  -0.225511  0.967657  0.113069  -0.013112  -0.119063  0.992800  0.000792  -0.010017  0.004990  0.418857  -0.148844  1.313155  2.000000  0.999333  0.036362  0.003359  -0.036393  0.999291  0.009594  -0.003008  -0.009710  0.999948  0.999695  0.024493  0.003200  -0.024523  0.999652  0.009708  -0.002961  -0.009783  0.999948  1.000000  0.000306  0.000039  -0.000306  1.000000  0.000122  -0.000038  -0.000122  1.000000  0.999333  0.036362  0.003359  -0.036393  0.999291  0.009594  -0.003008  -0.009710  0.999948  0.000349  0.026557  
28.183653 -0.006665  0.084948  0.008145  0.974015  0.222994  0.039613  -0.226113  0.967447  0.113662  -0.012978  -0.119665  0.992729  0.000493  -0.010225  0.004664  0.427725  -0.144785  1.271824  2.000000  0.999277  0.037845  0.003568  -0.037880  0.999230  0.010197  -0.003179  -0.010325  0.999942  0.999725  0.023265  0.003068  -0.023294  0.999681  0.009730  -0.002840  -0.009799  0.999948  1.000000  0.000291  0.000037  -0.000291  1.000000  0.000122  -0.000037  -0.000122  1.000000  0.999277  0.037845  0.003568  -0.037880  0.999230  0.010197  -0.003179  -0.010325  0.999942  0.000341  0.025420  
28.184654 -0.006668  0.084936  0.008146  0.973875  0.223572  0.039792  -0.226715  0.967254  0.114106  -0.012978  -0.120147  0.992671  0.000141  -0.010440  0.004379  0.436139  -0.137634  1.244737  2.000000  0.999234  0.038963  0.003730  -0.039001  0.999182  0.010680  -0.003310  -0.010817  0.999936  0.999757  0.021834  0.002906  -0.021861  0.999713  0.009753  -0.002693  -0.009814  0.999948  1.000000  0.000273  0.000035  -0.000273  1.000000  0.000122  -0.000035  -0.000122  1.000000  0.999234  0.038963  0.003730  -0.039001  0.999182  0.010680  -0.003310  -0.010817  0.999936  0.000334  0.024103  
28.185899 -0.006675  0.084919  0.008146  0.973736  0.224161  0.039869  -0.227316  0.967043  0.114698  -0.012844  -0.120749  0.992600  -0.000401  -0.010689  0.003963  0.441252  -0.128785  1.201082  2.000000  0.999181  0.040280  0.003920  -0.040322  0.999123  0.011279  -0.003463  -0.011428  0.999929  0.999784  0.020622  0.002638  -0.020647  0.999740  0.009653  -0.002438  -0.009706  0.999950  1.000000  0.000258  0.000032  -0.000258  1.000000  0.000121  -0.000032  -0.000121  1.000000  0.999181  0.040280  0.003920  -0.040322  0.999123  0.011279  -0.003463  -0.011428  0.999929  0.000325  0.022935  
28.186901 -0.006680  0.084905  0.008145  0.973596  0.224734  0.040076  -0.227918  0.966834  0.115260  -0.012844  -0.121351  0.992527  -0.000861  -0.010946  0.003504  0.453547  -0.120410  1.163183  2.000000  0.999140  0.041265  0.004062  -0.041310  0.999077  0.011753  -0.003573  -0.011911  0.999923  0.999817  0.018986  0.002451  -0.019009  0.999774  0.009557  -0.002269  -0.009602  0.999951  1.000000  0.000237  0.000030  -0.000237  1.000000  0.000120  -0.000029  -0.000120  1.000000  0.999140  0.041265  0.004062  -0.041310  0.999077  0.011753  -0.003573  -0.011911  0.999923  0.000316  0.021408  
28.188149 -0.006687  0.084888  0.008142  0.973500  0.225092  0.040390  -0.228318  0.966675  0.115800  -0.012978  -0.121953  0.992451  -0.001498  -0.011283  0.002868  0.462500  -0.119633  1.112365  2.000000  0.999092  0.042397  0.004234  -0.042447  0.999023  0.012340  -0.003706  -0.012509  0.999915  0.999840  0.017743  0.002446  -0.017765  0.999798  0.009452  -0.002277  -0.009494  0.999952  1.000000  0.000222  0.000030  -0.000222  1.000000  0.000118  -0.000030  -0.000118  1.000000  0.999092  0.042397  0.004234  -0.042447  0.999023  0.012340  -0.003706  -0.012509  0.999915  0.000305  0.020262  
28.189156 -0.006693  0.084875  0.008139  0.973406  0.225475  0.040519  -0.228719  0.966540  0.116135  -0.012978  -0.122314  0.992407  -0.002004  -0.011506  0.002267  0.467086  -0.119640  1.070741  2.000000  0.999055  0.043244  0.004367  -0.043297  0.998980  0.012800  -0.003809  -0.012977  0.999909  0.999857  0.016720  0.002326  -0.016741  0.999817  0.009225  -0.002172  -0.009262  0.999955  1.000000  0.000209  0.000028  -0.000209  1.000000  0.000116  -0.000028  -0.000116  1.000000  0.999055  0.043244  0.004367  -0.043297  0.998980  0.012800  -0.003809  -0.012977  0.999909  0.000297  0.019247  
28.190402 -0.006701  0.084859  0.008134  0.973265  0.226047  0.040728  -0.229320  0.966330  0.116696  -0.012978  -0.122916  0.992332  -0.002736  -0.011854  0.001451  0.471897  -0.119115  1.022597  2.000000  0.999019  0.044050  0.004497  -0.044106  0.998939  0.013259  -0.003908  -0.013444  0.999902  0.999871  0.015902  0.002236  -0.015922  0.999831  0.009237  -0.002088  -0.009271  0.999955  1.000000  0.000199  0.000027  -0.000199  1.000000  0.000116  -0.000027  -0.000116  1.000000  0.999019  0.044050  0.004497  -0.044106  0.998939  0.013259  -0.003908  -0.013444  0.999902  0.000285  0.018535  
28.191404 -0.006708  0.084847  0.008130  0.973170  0.226425  0.040886  -0.229721  0.966180  0.117148  -0.012978  -0.123397  0.992272  -0.003205  -0.011937  0.000926  0.476561  -0.118628  0.975431  2.000000  0.998985  0.044817  0.004623  -0.044876  0.998898  0.013716  -0.004003  -0.013910  0.999895  0.999884  0.015084  0.002142  -0.015103  0.999843  0.009249  -0.002002  -0.009280  0.999955  1.000000  0.000189  0.000026  -0.000189  1.000000  0.000116  -0.000026  -0.000116  1.000000  0.998985  0.044817  0.004623  -0.044876  0.998898  0.013716  -0.004003  -0.013910  0.999895  0.000276  0.017832  
28.192404 -0.006715  0.084835  0.008125  0.973075  0.226803  0.041044  -0.230122  0.966030  0.117600  -0.012978  -0.123879  0.992213  -0.003757  -0.012098  0.000259  0.477168  -0.118726  0.933624  2.000000  0.998951  0.045540  0.004744  -0.045604  0.998859  0.014175  -0.004093  -0.014377  0.999888  0.999899  0.014061  0.002022  -0.014079  0.999858  0.009264  -0.001892  -0.009292  0.999955  1.000000  0.000176  0.000024  -0.000176  1.000000  0.000116  -0.000024  -0.000116  1.000000  0.998951  0.045540  0.004744  -0.045604  0.998859  0.014175  -0.004093  -0.014377  0.999888  0.000265  0.016968  
28.193655 -0.006725  0.084821  0.008118  0.973030  0.226998  0.041050  -0.230322  0.965922  0.118091  -0.012844  -0.124360  0.992154  -0.004471  -0.012213  -0.000681  0.474074  -0.106666  0.865423  2.000000  0.998912  0.046376  0.004882  -0.046444  0.998812  0.014750  -0.004192  -0.014960  0.999879  0.999916  0.012868  0.001612  -0.012882  0.999874  0.009284  -0.001492  -0.009304  0.999956  1.000000  0.000161  0.000019  -0.000161  1.000000  0.000116  -0.000019  -0.000116  1.000000  0.998912  0.046376  0.004882  -0.046444  0.998812  0.014750  -0.004192  -0.014960  0.999879  0.000252  0.015955  
28.194904 -0.006735  0.084808  0.008111  0.972935  0.227376  0.041208  -0.230723  0.965772  0.118542  -0.012844  -0.124842  0.992094  -0.005050  -0.012173  -0.001431  0.466563  -0.101387  0.817184  2.000000  0.998876  0.047139  0.005001  -0.047210  0.998768  0.015318  -0.004273  -0.015537  0.999870  0.999929  0.011846  0.001490  -0.011859  0.999888  0.009178  -0.001381  -0.009195  0.999957  1.000000  0.000148  0.000018  -0.000148  1.000000  0.000115  -0.000018  -0.000115  1.000000  0.998876  0.047139  0.005001  -0.047210  0.998768  0.015318  -0.004273  -0.015537  0.999870  0.000239  0.015065  
28.196154 -0.006746  0.084795  0.008105  0.972838  0.227737  0.041497  -0.231123  0.965624  0.118963  -0.012978  -0.125323  0.992031  -0.005689  -0.012075  -0.002150  0.460300  -0.099322  0.756729  2.000000  0.998843  0.047828  0.005107  -0.047904  0.998726  0.015878  -0.004341  -0.016104  0.999861  0.999940  0.010841  0.001234  -0.010852  0.999900  0.009071  -0.001135  -0.009084  0.999958  1.000000  0.000136  0.000015  -0.000136  1.000000  0.000113  -0.000015  -0.000113  1.000000  0.998843  0.047828  0.005107  -0.047904  0.998726  0.015878  -0.004341  -0.016104  0.999861  0.000227  0.014193  
28.197405 -0.006757  0.084783  0.008099  0.972743  0.228115  0.041657  -0.231524  0.965472  0.119414  -0.012978  -0.125804  0.991970  -0.006319  -0.011986  -0.002773  0.451773  -0.093751  0.707550  2.000000  0.998811  0.048474  0.005209  -0.048553  0.998685  0.016434  -0.004406  -0.016667  0.999851  0.999947  0.010228  0.001160  -0.010238  0.999907  0.008957  -0.001069  -0.008968  0.999959  1.000000  0.000128  0.000014  -0.000128  1.000000  0.000112  -0.000014  -0.000112  1.000000  0.998811  0.048474  0.005209  -0.048553  0.998685  0.016434  -0.004406  -0.016667  0.999851  0.000214  0.013649  
28.198656 -0.006768  0.084771  0.008094  0.972647  0.228492  0.041817  -0.231924  0.965320  0.119866  -0.012978  -0.126285  0.991909  -0.006943  -0.011825  -0.003441  0.443965  -0.088376  0.658342  2.000000  0.998787  0.048964  0.005285  -0.049047  0.998654  0.016882  -0.004451  -0.017121  0.999844  0.999953  0.009615  0.001087  -0.009624  0.999913  0.008966  -0.001001  -0.008976  0.999959  1.000000  0.000120  0.000013  -0.000120  1.000000  0.000112  -0.000013  -0.000112  1.000000  0.998787  0.048964  0.005285  -0.049047  0.998654  0.016882  -0.004451  -0.017121  0.999844  0.000201  0.013195  
28.199900 -0.006781  0.084759  0.008089  0.972601  0.228687  0.041823  -0.232125  0.965211  0.120356  -0.012844  -0.126767  0.991849  -0.007420  -0.011611  -0.003816  0.436797  -0.079463  0.619417  2.000000  0.998758  0.049536  0.005373  -0.049623  0.998616  0.017442  -0.004502  -0.017687  0.999833  0.999961  0.008814  0.000855  -0.008822  0.999921  0.008978  -0.000776  -0.008986  0.999959  1.000000  0.000110  0.000010  -0.000110  1.000000  0.000112  -0.000010  -0.000112  1.000000  0.998758  0.049536  0.005373  -0.049623  0.998616  0.017442  -0.004502  -0.017687  0.999833  0.000193  0.012614  
28.200905 -0.006790  0.084749  0.008085  0.972601  0.228672  0.041906  -0.232125  0.965167  0.120707  -0.012844  -0.127128  0.991803  -0.007749  -0.011277  -0.004144  0.432899  -0.074584  0.576450  2.000000  0.998737  0.049951  0.005434  -0.050041  0.998587  0.017891  -0.004533  -0.018140  0.999825  0.999966  0.008201  0.000781  -0.008208  0.999925  0.009108  -0.000706  -0.009114  0.999958  1.000000  0.000103  0.000009  -0.000103  1.000000  0.000114  -0.000009  -0.000114  1.000000  0.998737  0.049951  0.005434  -0.050041  0.998587  0.017891  -0.004533  -0.018140  0.999825  0.000183  0.012284  
28.202153 -0.006802  0.084738  0.008080  0.972506  0.229044  0.042095  -0.232525  0.965000  0.121275  -0.012844  -0.127729  0.991726  -0.008026  -0.010918  -0.004306  0.433919  -0.070140  0.537729  2.000000  0.998712  0.050432  0.005505  -0.050526  0.998552  0.018449  -0.004567  -0.018703  0.999815  0.999973  0.007384  0.000680  -0.007390  0.999933  0.008877  -0.000614  -0.008882  0.999960  1.000000  0.000092  0.000008  -0.000092  1.000000  0.000111  -0.000008  -0.000111  1.000000  0.998712  0.050432  0.005505  -0.050526  0.998552  0.018449  -0.004567  -0.018703  0.999815  0.000175  0.011569  
28.203402 -0.006813  0.084727  0.008074  0.972459  0.229239  0.042102  -0.232726  0.964890  0.121766  -0.012711  -0.128211  0.991666  -0.008345  -0.010535  -0.004538  0.430716  -0.055758  0.491342  2.000000  0.998689  0.050878  0.005567  -0.050976  0.998519  0.018995  -0.004592  -0.019254  0.999804  0.999975  0.006976  0.000631  -0.006981  0.999937  0.008762  -0.000570  -0.008767  0.999961  1.000000  0.000087  0.000008  -0.000087  1.000000  0.000110  -0.000007  -0.000110  1.000000  0.998689  0.050878  0.005567  -0.050976  0.998519  0.018995  -0.004592  -0.019254  0.999804  0.000165  0.011220  
28.204425 -0.006822  0.084719  0.008068  0.972458  0.229201  0.042342  -0.232725  0.964834  0.122203  -0.012844  -0.128691  0.991602  -0.008521  -0.010157  -0.004685  0.430151  -0.055806  0.453012  2.000000  0.998672  0.051214  0.005618  -0.051314  0.998493  0.019431  -0.004615  -0.019694  0.999795  0.999978  0.006567  0.000581  -0.006572  0.999940  0.008768  -0.000524  -0.008772  0.999961  1.000000  0.000082  0.000007  -0.000082  1.000000  0.000110  -0.000007  -0.000110  1.000000  0.998672  0.051214  0.005618  -0.051314  0.998493  0.019431  -0.004615  -0.019694  0.999795  0.000159  0.010972  
28.205652 -0.006831  0.084708  0.008061  0.972410  0.229379  0.042479  -0.232926  0.964728  0.122662  -0.012844  -0.129173  0.991539  -0.008605  -0.009853  -0.004783  0.431574  -0.047813  0.423164  2.000000  0.998655  0.051529  0.005674  -0.051632  0.998469  0.019869  -0.004641  -0.020135  0.999786  0.999981  0.006141  0.000664  -0.006147  0.999943  0.008773  -0.000610  -0.008777  0.999961  1.000000  0.000077  0.000008  -0.000077  1.000000  0.000110  -0.000008  -0.000110  1.000000  0.998655  0.051529  0.005674  -0.051632  0.998469  0.019869  -0.004641  -0.020135  0.999786  0.000152  0.010731  
28.206901 -0.006840  0.084698  0.008053  0.972362  0.229552  0.042643  -0.233126  0.964606  0.123239  -0.012844  -0.129774  0.991460  -0.008616  -0.009527  -0.004960  0.435578  -0.040194  0.396086  2.000000  0.998640  0.051827  0.005733  -0.051934  0.998444  0.020310  -0.004671  -0.020580  0.999777  0.999982  0.005919  0.000774  -0.005926  0.999943  0.008897  -0.000721  -0.008901  0.999960  1.000000  0.000074  0.000009  -0.000074  1.000000  0.000111  -0.000009  -0.000111  1.000000  0.998640  0.051827  0.005733  -0.051934  0.998444  0.020310  -0.004671  -0.020580  0.999777  0.000148  0.010716  
28.207905 -0.006846  0.084691  0.008048  0.972362  0.229537  0.042727  -0.233126  0.964561  0.123590  -0.012844  -0.130135  0.991413  -0.008501  -0.009211  -0.004971  0.431506  -0.036443  0.365037  2.000000  0.998625  0.052100  0.005791  -0.052210  0.998421  0.020745  -0.004701  -0.021019  0.999768  0.999986  0.005307  0.000696  -0.005313  0.999948  0.008663  -0.000650  -0.008666  0.999962  1.000000  0.000066  0.000008  -0.000066  1.000000  0.000108  -0.000008  -0.000108  1.000000  0.998625  0.052100  0.005791  -0.052210  0.998421  0.020745  -0.004701  -0.021019  0.999768  0.000143  0.010184  
28.208905 -0.006852  0.084684  0.008042  0.972312  0.229703  0.042965  -0.233326  0.964473  0.123901  -0.012978  -0.130495  0.991364  -0.008403  -0.008926  -0.005030  0.432120  -0.038974  0.347822  2.000000  0.998612  0.052353  0.005844  -0.052465  0.998398  0.021176  -0.004726  -0.021453  0.999759  0.999988  0.004898  0.000645  -0.004904  0.999950  0.008668  -0.000602  -0.008671  0.999962  1.000000  0.000061  0.000008  -0.000061  1.000000  0.000108  -0.000008  -0.000108  1.000000  0.998612  0.052353  0.005844  -0.052465  0.998398  0.021176  -0.004726  -0.021453  0.999759  0.000140  0.009978  
28.210156 -0.006859  0.084676  0.008033  0.972312  0.229677  0.043104  -0.233326  0.964397  0.124486  -0.012978  -0.131096  0.991285  -0.008127  -0.008570  -0.005120  0.436615  -0.034890  0.313759  2.000000  0.998595  0.052653  0.005911  -0.052769  0.998371  0.021714  -0.004758  -0.021995  0.999747  0.999989  0.004694  0.000620  -0.004699  0.999951  0.008670  -0.000579  -0.008673  0.999962  1.000000  0.000059  0.000007  -0.000059  1.000000  0.000108  -0.000007  -0.000108  1.000000  0.998595  0.052653  0.005911  -0.052769  0.998371  0.021714  -0.004758  -0.021995  0.999747  0.000134  0.009880  
28.211405 -0.006866  0.084669  0.008025  0.972312  0.229650  0.043243  -0.233326  0.964322  0.125071  -0.012978  -0.131698  0.991205  -0.007850  -0.008213  -0.005209  0.437205  -0.031101  0.282398  2.000000  0.998581  0.052915  0.005973  -0.053035  0.998345  0.022246  -0.004786  -0.022531  0.999735  0.999992  0.004081  0.000542  -0.004086  0.999955  0.008557  -0.000507  -0.008560  0.999963  1.000000  0.000051  0.000007  -0.000051  1.000000  0.000107  -0.000007  -0.000107  1.000000  0.998581  0.052915  0.005973  -0.053035  0.998345  0.022246  -0.004786  -0.022531  0.999735  0.000131  0.009497  
28.212656 -0.006872  0.084662  0.008018  0.972310  0.229612  0.043484  -0.233325  0.964265  0.125508  -0.013112  -0.132178  0.991139  -0.007542  -0.007880  -0.005371  0.432700  -0.037516  0.260210  2.000000  0.998569  0.053143  0.006031  -0.053268  0.998321  0.022772  -0.004811  -0.023061  0.999722  0.999994  0.003469  0.000462  -0.003473  0.999958  0.008444  -0.000433  -0.008446  0.999964  1.000000  0.000043  0.000006  -0.000043  1.000000  0.000106  -0.000006  -0.000106  1.000000  0.998569  0.053143  0.006031  -0.053268  0.998321  0.022772  -0.004811  -0.023061  0.999722  0.000127  0.009142  
28.213904 -0.006879  0.084656  0.008012  0.972310  0.229591  0.043595  -0.233325  0.964204  0.125975  -0.013112  -0.132659  0.991075  -0.007189  -0.007492  -0.005418  0.429518  -0.034744  0.237695  2.000000  0.998558  0.053343  0.006097  -0.053471  0.998298  0.023296  -0.004844  -0.023588  0.999710  0.999995  0.003025  0.000674  -0.003031  0.999961  0.008328  -0.000649  -0.008330  0.999965  1.000000  0.000038  0.000008  -0.000038  1.000000  0.000104  -0.000008  -0.000104  1.000000  0.998558  0.053343  0.006097  -0.053471  0.998298  0.023296  -0.004844  -0.023588  0.999710  0.000124  0.008887  
28.215157 -0.006884  0.084650  0.008006  0.972309  0.229547  0.043863  -0.233325  0.964132  0.126529  -0.013246  -0.133260  0.990993  -0.006683  -0.007015  -0.005498  0.429363  -0.040601  0.211047  2.000000  0.998550  0.053485  0.006157  -0.053617  0.998280  0.023719  -0.004878  -0.024015  0.999700  0.999996  0.002803  0.000782  -0.002809  0.999959  0.008573  -0.000757  -0.008575  0.999963  1.000000  0.000035  0.000010  -0.000035  1.000000  0.000107  -0.000010  -0.000107  1.000000  0.998550  0.053485  0.006157  -0.053617  0.998280  0.023719  -0.004878  -0.024015  0.999700  0.000121  0.009055  
28.216402 -0.006889  0.084646  0.008002  0.972355  0.229310  0.044078  -0.233124  0.964122  0.126975  -0.013379  -0.133740  0.990926  -0.006240  -0.006559  -0.005397  0.421572  -0.041662  0.183005  2.000000  0.998541  0.053634  0.006234  -0.053770  0.998259  0.024250  -0.004923  -0.024550  0.999686  0.999997  0.002173  0.000833  -0.002180  0.999961  0.008581  -0.000814  -0.008583  0.999963  1.000000  0.000027  0.000010  -0.000027  1.000000  0.000107  -0.000010  -0.000107  1.000000  0.998541  0.053634  0.006234  -0.053770  0.998259  0.024250  -0.004923  -0.024550  0.999686  0.000117  0.008892  
28.217654 -0.006893  0.084643  0.007999  0.972355  0.229289  0.044189  -0.233124  0.964060  0.127443  -0.013379  -0.134221  0.990861  -0.005707  -0.006008  -0.005230  0.418268  -0.035227  0.168436  2.000000  0.998534  0.053754  0.006308  -0.053895  0.998239  0.024782  -0.004964  -0.025085  0.999673  0.999998  0.001782  0.000646  -0.001788  0.999962  0.008587  -0.000631  -0.008588  0.999963  1.000000  0.000022  0.000008  -0.000022  1.000000  0.000107  -0.000008  -0.000107  1.000000  0.998534  0.053754  0.006308  -0.053895  0.998239  0.024782  -0.004964  -0.025085  0.999673  0.000113  0.008794  
28.218901 -0.006898  0.084639  0.007995  0.972353  0.229250  0.044429  -0.233124  0.964002  0.127880  -0.013513  -0.134702  0.990794  -0.005326  -0.005521  -0.005018  0.418520  -0.037087  0.147426  2.000000  0.998529  0.053846  0.006379  -0.053991  0.998220  0.025315  -0.005005  -0.025622  0.999659  0.999999  0.001356  0.000724  -0.001362  0.999963  0.008471  -0.000713  -0.008472  0.999964  1.000000  0.000017  0.000009  -0.000017  1.000000  0.000106  -0.000009  -0.000106  1.000000  0.998529  0.053846  0.006379  -0.053991  0.998220  0.025315  -0.005005  -0.025622  0.999659  0.000112  0.008610  
