1-Time 2-Px 3-Py 4-Pz 5-R11 6-R21 7-R31 8-R12 9-R22 10-R32 11-R13 12-R23 13-R33 14-Vx 15-Vy 16-Vz 17-Wx 18-Wy 19-Wz 20-state 21-PR11 22-PR21 23-PR31 24-PR12 25-PR22 26-PR32 27-PR13 28-PR23 29-PR33 
99.176880 0.001070  0.096019  0.016167  0.990675  0.136053  -0.007270  -0.135027  0.987528  0.080969  0.018196  -0.079232  0.996690  -0.000312  -0.000262  -0.000079  0.000000  0.000000  0.000000  2.000000  1.000000  0.000000  0.000000  -0.000000  1.000000  0.000000  0.000000  -0.000000  1.000000  1.000000  0.000173  0.000416  -0.000173  1.000000  0.000246  -0.000416  -0.000246  1.000000  1.000000  0.000000  0.000000  0.000000  1.000000  0.000000  0.000000  0.000000  1.000000  0.611497  0.510385  0.604631  -0.505034  0.840010  -0.198305  -0.609108  -0.184096  0.771425  0.000000  0.000000  
99.177885 0.001069  0.096019  0.016168  0.990677  0.136043  -0.007138  -0.135027  0.987530  0.080951  0.018062  -0.079232  0.996693  -0.000298  -0.000254  -0.000019  0.000000  0.000000  0.000000  2.000000  1.000000  0.000000  0.000000  0.000000  1.000000  0.000000  0.000000  0.000000  1.000000  1.000000  0.000163  0.000550  -0.000163  1.000000  0.000246  -0.000550  -0.000246  1.000000  1.000000  0.000000  0.000000  0.000000  1.000000  0.000000  0.000000  0.000000  1.000000  1.000000  0.000000  0.000000  0.000000  1.000000  0.000000  0.000000  0.000000  1.000000  0.000000  0.000000  
99.179140 0.001070  0.096019  0.016172  0.990566  0.136857  -0.007055  -0.135843  0.987407  0.081076  0.018062  -0.079353  0.996683  -0.000269  -0.000247  0.000367  0.000000  0.000000  0.000000  2.000000  1.000000  0.000000  0.000000  0.000000  1.000000  0.000000  0.000000  0.000000  1.000000  1.000000  0.000778  0.000599  -0.000778  1.000000  0.000379  -0.000599  -0.000379  1.000000  1.000000  0.000000  0.000000  0.000000  1.000000  0.000000  0.000000  0.000000  1.000000  1.000000  0.000000  0.000000  0.000000  1.000000  0.000000  0.000000  0.000000  1.000000  0.000000  0.000000  
99.180392 0.001070  0.096019  0.016178  0.990397  0.138078  -0.006921  -0.137066  0.987218  0.081324  0.018062  -0.079595  0.996664  -0.000183  -0.000182  0.000797  0.000000  0.000000  0.000000  2.000000  1.000000  0.000000  0.000000  0.000000  1.000000  0.000000  0.000000  0.000000  1.000000  0.999998  0.002009  0.000697  -0.002010  0.999998  0.000644  -0.000696  -0.000645  1.000000  1.000000  0.000000  0.000000  0.000000  1.000000  0.000000  0.000000  0.000000  1.000000  1.000000  0.000000  0.000000  0.000000  1.000000  0.000000  0.000000  0.000000  1.000000  0.000000  0.000000  
99.181638 0.001070  0.096017  0.016186  0.990286  0.138882  -0.006688  -0.137882  0.987086  0.081551  0.017928  -0.079837  0.996647  -0.000203  -0.000297  0.001304  0.000000  0.000000  0.000000  2.000000  1.000000  0.000000  0.000000  0.000000  1.000000  0.000000  0.000000  0.000000  1.000000  0.999996  0.002819  0.000897  -0.002820  0.999996  0.000900  -0.000894  -0.000903  0.999999  1.000000  0.000000  0.000000  0.000000  1.000000  0.000000  0.000000  0.000000  1.000000  1.000000  0.000000  0.000000  0.000000  1.000000  0.000000  0.000000  0.000000  1.000000  0.000000  0.000000  
99.182888 0.001069  0.096015  0.016193  0.990201  0.139494  -0.006587  -0.138494  0.986970  0.081914  0.017928  -0.080199  0.996618  -0.000224  -0.000412  0.001812  0.000000  0.000000  0.000000  2.000000  1.000000  0.000000  0.000000  0.000000  1.000000  0.000000  0.000000  0.000000  1.000000  0.999994  0.003445  0.000814  -0.003446  0.999993  0.001154  -0.000810  -0.001157  0.999999  1.000000  0.000000  0.000000  0.000000  1.000000  0.000000  0.000000  0.000000  1.000000  1.000000  0.000000  0.000000  0.000000  1.000000  0.000000  0.000000  0.000000  1.000000  0.000000  0.000000  
99.183888 0.001069  0.096014  0.016200  0.990113  0.140116  -0.006635  -0.139105  0.986862  0.082176  0.018062  -0.080441  0.996596  -0.000226  -0.000455  0.002314  0.000000  0.000000  0.000000  2.000000  1.000000  0.000000  0.000000  0.000000  1.000000  0.000000  0.000000  0.000000  1.000000  0.999992  0.003866  0.000714  -0.003867  0.999992  0.001404  -0.000709  -0.001407  0.999999  1.000000  0.000000  0.000000  0.000000  1.000000  0.000000  0.000000  0.000000  1.000000  1.000000  0.000000  0.000000  0.000000  1.000000  0.000000  0.000000  0.000000  1.000000  0.000000  0.000000  
99.185134 0.001068  0.096014  0.016210  0.989935  0.141358  -0.006746  -0.140327  0.986655  0.082581  0.018329  -0.080803  0.996562  -0.000242  -0.000437  0.003006  0.064070  -0.023695  0.183948  2.000000  1.000000  0.000000  0.000000  0.000000  1.000000  0.000000  0.000000  0.000000  1.000000  0.999988  0.004913  0.000532  -0.004914  0.999986  0.001788  -0.000523  -0.001790  0.999998  1.000000  0.000000  0.000000  0.000000  1.000000  0.000000  0.000000  0.000000  1.000000  1.000000  0.000000  0.000000  0.000000  1.000000  0.000000  0.000000  0.000000  1.000000  0.000046  0.000000  
99.186137 0.001067  0.096014  0.016218  0.989786  0.142397  -0.006890  -0.141346  0.986486  0.082865  0.018597  -0.081045  0.996537  -0.000285  -0.000428  0.003533  0.073423  -0.017717  0.220670  2.000000  1.000000  0.000285  0.000025  -0.000285  1.000000  0.000099  -0.000024  -0.000099  1.000000  0.999981  0.006155  0.000500  -0.006156  0.999979  0.002053  -0.000487  -0.002056  0.999998  1.000000  0.000077  0.000006  -0.000077  1.000000  0.000026  -0.000006  -0.000026  1.000000  1.000000  0.000285  0.000025  -0.000285  1.000000  0.000099  -0.000024  -0.000099  1.000000  0.000057  0.006508  
99.187385 0.001066  0.096014  0.016228  0.989578  0.143832  -0.006851  -0.142771  0.986248  0.083253  0.018731  -0.081407  0.996505  -0.000322  -0.000384  0.004235  0.086579  -0.017161  0.269319  2.000000  1.000000  0.000719  0.000049  -0.000719  1.000000  0.000242  -0.000049  -0.000242  1.000000  0.999971  0.007612  0.000353  -0.007613  0.999968  0.002324  -0.000335  -0.002326  0.999997  1.000000  0.000095  0.000004  -0.000095  1.000000  0.000029  -0.000004  -0.000029  1.000000  1.000000  0.000719  0.000049  -0.000719  1.000000  0.000242  -0.000049  -0.000242  1.000000  0.000069  0.007967  
99.188635 0.001065  0.096015  0.016239  0.989372  0.145255  -0.006678  -0.144197  0.986009  0.083621  0.018731  -0.081770  0.996475  -0.000340  -0.000268  0.004933  0.099713  -0.021103  0.317588  2.000000  0.999999  0.001248  0.000076  -0.001248  0.999999  0.000407  -0.000075  -0.000407  1.000000  0.999959  0.009048  0.000475  -0.009049  0.999955  0.002835  -0.000449  -0.002839  0.999996  1.000000  0.000113  0.000006  -0.000113  1.000000  0.000035  -0.000006  -0.000035  1.000000  0.999999  0.001248  0.000076  -0.001248  0.999999  0.000407  -0.000075  -0.000407  1.000000  0.000082  0.009494  
99.189635 0.001065  0.096017  0.016249  0.989193  0.146476  -0.006521  -0.145419  0.985799  0.083988  0.018731  -0.082132  0.996445  -0.000304  -0.000112  0.005588  0.111785  -0.024303  0.355988  2.000000  0.999998  0.001737  0.000097  -0.001737  0.999998  0.000555  -0.000096  -0.000555  1.000000  0.999947  0.010290  0.000445  -0.010291  0.999942  0.003100  -0.000413  -0.003104  0.999995  1.000000  0.000129  0.000005  -0.000129  1.000000  0.000039  -0.000005  -0.000039  1.000000  0.999998  0.001737  0.000097  -0.001737  0.999998  0.000555  -0.000096  -0.000555  1.000000  0.000093  0.010757  
99.190885 0.001066  0.096022  0.016263  0.988952  0.148101  -0.006329  -0.147048  0.985526  0.084358  0.018731  -0.082495  0.996415  -0.000260  0.000196  0.006514  0.125977  -0.029039  0.414105  2.000000  0.999997  0.002434  0.000128  -0.002434  0.999997  0.000765  -0.000127  -0.000766  1.000000  0.999931  0.011725  0.000568  -0.011727  0.999925  0.003489  -0.000527  -0.003496  0.999994  1.000000  0.000147  0.000007  -0.000147  1.000000  0.000044  -0.000007  -0.000044  1.000000  0.999997  0.002434  0.000128  -0.002434  0.999997  0.000765  -0.000127  -0.000766  1.000000  0.000106  0.012248  
99.192135 0.001068  0.096027  0.016279  0.988708  0.149727  -0.006117  -0.148677  0.985239  0.084846  0.018731  -0.082978  0.996375  -0.000132  0.000545  0.007434  0.142145  -0.033348  0.465426  2.000000  0.999995  0.003234  0.000169  -0.003234  0.999994  0.001003  -0.000166  -0.001003  0.999999  0.999910  0.013366  0.000710  -0.013369  0.999903  0.004003  -0.000657  -0.004013  0.999992  1.000000  0.000167  0.000009  -0.000167  1.000000  0.000050  -0.000009  -0.000050  1.000000  0.999995  0.003234  0.000169  -0.003234  0.999994  0.001003  -0.000166  -0.001003  0.999999  0.000120  0.013973  
99.193142 0.001068  0.096030  0.016292  0.988522  0.150957  -0.006089  -0.149898  0.985021  0.085232  0.018864  -0.083341  0.996343  -0.000071  0.000779  0.008304  0.156128  -0.027541  0.504256  2.000000  0.999993  0.003771  0.000198  -0.003771  0.999992  0.001163  -0.000194  -0.001164  0.999999  0.999890  0.014801  0.000836  -0.014805  0.999881  0.004393  -0.000770  -0.004404  0.999990  1.000000  0.000185  0.000010  -0.000185  1.000000  0.000055  -0.000010  -0.000055  1.000000  0.999993  0.003771  0.000198  -0.003771  0.999992  0.001163  -0.000194  -0.001164  0.999999  0.000131  0.015464  
99.194398 0.001070  0.096034  0.016308  0.988271  0.152593  -0.006007  -0.151525  0.984728  0.085740  0.018998  -0.083824  0.996299  0.000016  0.000980  0.008980  0.173500  -0.027688  0.559758  2.000000  0.999989  0.004754  0.000238  -0.004754  0.999988  0.001455  -0.000231  -0.001456  0.999999  0.999864  0.016475  0.000581  -0.016478  0.999852  0.004911  -0.000500  -0.004920  0.999988  1.000000  0.000206  0.000007  -0.000206  1.000000  0.000061  -0.000007  -0.000061  1.000000  0.999989  0.004754  0.000238  -0.004754  0.999988  0.001455  -0.000231  -0.001456  0.999999  0.000146  0.017204  
99.195638 0.001071  0.096035  0.016325  0.988049  0.154026  -0.005940  -0.152949  0.984463  0.086246  0.019132  -0.084307  0.996256  0.000046  0.001097  0.009675  0.190776  -0.027301  0.608457  2.000000  0.999983  0.005838  0.000274  -0.005838  0.999981  0.001776  -0.000264  -0.001777  0.999998  0.999839  0.017922  0.000578  -0.017925  0.999825  0.005302  -0.000482  -0.005312  0.999986  1.000000  0.000224  0.000007  -0.000224  1.000000  0.000066  -0.000007  -0.000066  1.000000  0.999983  0.005838  0.000274  -0.005838  0.999981  0.001776  -0.000264  -0.001777  0.999998  0.000158  0.018701  
99.196642 0.001071  0.096035  0.016338  0.987857  0.155256  -0.005890  -0.154169  0.984229  0.086752  0.019266  -0.084790  0.996213  0.000125  0.001300  0.010261  0.203788  -0.026401  0.650053  2.000000  0.999977  0.006770  0.000302  -0.006771  0.999975  0.002057  -0.000288  -0.002059  0.999998  0.999816  0.019163  0.000558  -0.019166  0.999799  0.005812  -0.000447  -0.005821  0.999983  1.000000  0.000240  0.000006  -0.000240  1.000000  0.000073  -0.000006  -0.000073  1.000000  0.999977  0.006770  0.000302  -0.006771  0.999975  0.002057  -0.000288  -0.002059  0.999998  0.000170  0.020036  
99.197890 0.001073  0.096035  0.016356  0.987631  0.156689  -0.005802  -0.155592  0.983949  0.087378  0.019400  -0.085394  0.996158  0.000241  0.001392  0.010939  0.225144  -0.026103  0.698725  2.000000  0.999968  0.008017  0.000332  -0.008018  0.999965  0.002444  -0.000313  -0.002446  0.999997  0.999787  0.020621  0.000426  -0.020623  0.999767  0.006446  -0.000293  -0.006453  0.999979  1.000000  0.000258  0.000005  -0.000258  1.000000  0.000081  -0.000004  -0.000081  1.000000  0.999968  0.008017  0.000332  -0.008018  0.999965  0.002444  -0.000313  -0.002446  0.999997  0.000183  0.021612  
99.198892 0.001074  0.096034  0.016372  0.987435  0.157919  -0.005730  -0.156811  0.983700  0.088002  0.019533  -0.085998  0.996104  0.000399  0.001422  0.011613  0.246275  -0.020779  0.740724  2.000000  0.999959  0.009077  0.000353  -0.009078  0.999955  0.002783  -0.000327  -0.002786  0.999996  0.999770  0.021452  0.000377  -0.021454  0.999746  0.006948  -0.000228  -0.006955  0.999976  1.000000  0.000268  0.000004  -0.000268  1.000000  0.000087  -0.000004  -0.000087  1.000000  0.999959  0.009077  0.000353  -0.009078  0.999955  0.002783  -0.000327  -0.002786  0.999996  0.000195  0.022556  
99.200151 0.001077  0.096033  0.016392  0.987206  0.159351  -0.005638  -0.158234  0.983416  0.088628  0.019667  -0.086602  0.996049  0.000599  0.001323  0.012198  0.267598  -0.020534  0.789272  2.000000  0.999945  0.010435  0.000376  -0.010437  0.999940  0.003238  -0.000342  -0.003241  0.999995  0.999761  0.021874  0.000292  -0.021875  0.999733  0.007444  -0.000129  -0.007448  0.999972  1.000000  0.000273  0.000003  -0.000273  1.000000  0.000093  -0.000003  -0.000093  1.000000  0.999945  0.010435  0.000376  -0.010437  0.999940  0.003238  -0.000342  -0.003241  0.999995  0.000208  0.023110  
99.201383 0.001078  0.096030  0.016411  0.986974  0.160784  -0.005524  -0.159656  0.983119  0.089373  0.019801  -0.087327  0.995983  0.000782  0.001101  0.012740  0.293145  -0.020380  0.838232  2.000000  0.999933  0.011545  0.000391  -0.011546  0.999927  0.003628  -0.000349  -0.003633  0.999993  0.999751  0.022295  0.000211  -0.022296  0.999719  0.008060  -0.000031  -0.008063  0.999967  1.000000  0.000279  0.000002  -0.000279  1.000000  0.000101  -0.000001  -0.000101  1.000000  0.999933  0.011545  0.000391  -0.011546  0.999927  0.003628  -0.000349  -0.003633  0.999993  0.000220  0.023711  
99.202403 0.001080  0.096028  0.016427  0.986840  0.161608  -0.005504  -0.160468  0.982941  0.089876  0.019935  -0.087810  0.995938  0.000974  0.000939  0.013328  0.309808  -0.018400  0.865541  2.000000  0.999920  0.012680  0.000399  -0.012682  0.999911  0.004038  -0.000348  -0.004042  0.999992  0.999742  0.022729  -0.000008  -0.022728  0.999707  0.008313  0.000197  -0.008311  0.999965  1.000000  0.000284  -0.000001  -0.000284  1.000000  0.000104  0.000001  -0.000104  1.000000  0.999920  0.012680  0.000399  -0.012682  0.999911  0.004038  -0.000348  -0.004042  0.999992  0.000230  0.024203  
99.203637 0.001083  0.096025  0.016447  0.986671  0.162634  -0.005444  -0.161483  0.982717  0.090499  0.020068  -0.088413  0.995882  0.001193  0.000670  0.013992  0.331009  -0.012610  0.901205  2.000000  0.999904  0.013837  0.000398  -0.013839  0.999894  0.004464  -0.000336  -0.004470  0.999990  0.999727  0.023355  -0.000073  -0.023354  0.999689  0.008691  0.000276  -0.008687  0.999962  1.000000  0.000292  -0.000002  -0.000292  1.000000  0.000109  0.000002  -0.000109  1.000000  0.999904  0.013837  0.000398  -0.013839  0.999894  0.004464  -0.000336  -0.004470  0.999990  0.000240  0.024922  
99.204884 0.001087  0.096023  0.016467  0.986502  0.163661  -0.005364  -0.162498  0.982481  0.091241  0.020202  -0.089138  0.995814  0.001413  0.000346  0.014402  0.352148  -0.011426  0.936142  2.000000  0.999883  0.015301  0.000399  -0.015303  0.999870  0.005021  -0.000323  -0.005027  0.999987  0.999722  0.023560  -0.000038  -0.023559  0.999681  0.009061  0.000251  -0.009058  0.999959  1.000000  0.000295  -0.000002  -0.000295  1.000000  0.000113  0.000002  -0.000113  1.000000  0.999883  0.015301  0.000399  -0.015303  0.999870  0.005021  -0.000323  -0.005027  0.999987  0.000250  0.025245  
99.205884 0.001090  0.096021  0.016483  0.986399  0.164283  -0.005339  -0.163107  0.982322  0.091862  0.020336  -0.089742  0.995757  0.001601  -0.000022  0.014651  0.373055  -0.008986  0.957365  2.000000  0.999864  0.016458  0.000408  -0.016460  0.999850  0.005477  -0.000318  -0.005483  0.999985  0.999737  0.022921  0.000185  -0.022922  0.999695  0.009171  0.000026  -0.009173  0.999958  1.000000  0.000287  0.000001  -0.000287  1.000000  0.000115  -0.000001  -0.000115  1.000000  0.999864  0.016458  0.000408  -0.016460  0.999850  0.005477  -0.000318  -0.005483  0.999985  0.000256  0.024691  
99.206885 0.001093  0.096020  0.016497  0.986264  0.165095  -0.005183  -0.163919  0.982142  0.092343  0.020336  -0.090225  0.995714  0.001697  -0.000492  0.014828  0.389952  -0.007085  0.985633  2.000000  0.999845  0.017598  0.000422  -0.017601  0.999827  0.005951  -0.000317  -0.005957  0.999982  0.999742  0.022704  0.000313  -0.022706  0.999697  0.009534  -0.000097  -0.009539  0.999954  1.000000  0.000284  0.000003  -0.000284  1.000000  0.000119  -0.000003  -0.000119  1.000000  0.999845  0.017598  0.000422  -0.017601  0.999827  0.005951  -0.000317  -0.005957  0.999982  0.000265  0.024630  
99.207887 0.001096  0.096017  0.016512  0.986163  0.165704  -0.005046  -0.164528  0.981995  0.092822  0.020336  -0.090708  0.995670  0.001850  -0.000793  0.014892  0.406456  -0.008499  0.999244  2.000000  0.999825  0.018715  0.000441  -0.018718  0.999804  0.006433  -0.000321  -0.006440  0.999979  0.999756  0.022077  0.000401  -0.022080  0.999709  0.009766  -0.000186  -0.009772  0.999952  1.000000  0.000276  0.000004  -0.000276  1.000000  0.000122  -0.000004  -0.000122  1.000000  0.999825  0.018715  0.000441  -0.018718  0.999804  0.006433  -0.000321  -0.006440  0.999979  0.000269  0.024147  
99.209137 0.001099  0.096014  0.016529  0.986058  0.166325  -0.005019  -0.165137  0.981834  0.093443  0.020470  -0.091311  0.995612  0.001948  -0.001294  0.014997  0.419329  -0.004345  0.991347  2.000000  0.999804  0.019807  0.000459  -0.019809  0.999780  0.006929  -0.000322  -0.006937  0.999976  0.999769  0.021474  0.000225  -0.021475  0.999719  0.010000  -0.000010  -0.010002  0.999950  1.000000  0.000268  0.000001  -0.000268  1.000000  0.000125  -0.000001  -0.000125  1.000000  0.999804  0.019807  0.000459  -0.019809  0.999780  0.006929  -0.000322  -0.006937  0.999976  0.000271  0.023692  
99.210138 0.001102  0.096012  0.016543  0.985990  0.166732  -0.004900  -0.165543  0.981720  0.093921  0.020470  -0.091794  0.995568  0.002084  -0.001571  0.015010  0.430478  -0.002373  0.972104  2.000000  0.999782  0.020865  0.000475  -0.020867  0.999755  0.007434  -0.000319  -0.007443  0.999972  0.999782  0.020859  0.000178  -0.020860  0.999730  0.010231  0.000035  -0.010232  0.999948  1.000000  0.000261  0.000001  -0.000261  1.000000  0.000128  -0.000001  -0.000128  1.000000  0.999782  0.020865  0.000475  -0.020867  0.999755  0.007434  -0.000319  -0.007443  0.999972  0.000267  0.023236  
99.211140 0.001104  0.096010  0.016556  0.985919  0.167151  -0.004911  -0.165949  0.981604  0.094422  0.020604  -0.092277  0.995520  0.002242  -0.001761  0.015067  0.438371  0.006829  0.965701  2.000000  0.999760  0.021882  0.000486  -0.021885  0.999729  0.007948  -0.000311  -0.007957  0.999968  0.999799  0.020052  -0.000021  -0.020051  0.999746  0.010339  0.000228  -0.010337  0.999947  1.000000  0.000251  -0.000002  -0.000251  1.000000  0.000129  0.000002  -0.000129  1.000000  0.999760  0.021882  0.000486  -0.021885  0.999729  0.007948  -0.000311  -0.007957  0.999968  0.000267  0.022562  
99.212402 0.001107  0.096007  0.016574  0.985851  0.167558  -0.004771  -0.166355  0.981477  0.095019  0.020604  -0.092881  0.995464  0.002351  -0.001948  0.014984  0.450257  0.007014  0.958365  2.000000  0.999733  0.023091  0.000489  -0.023094  0.999696  0.008601  -0.000290  -0.008610  0.999963  0.999823  0.018823  -0.000124  -0.018820  0.999767  0.010558  0.000322  -0.010554  0.999944  1.000000  0.000235  -0.000003  -0.000235  1.000000  0.000132  0.000003  -0.000132  1.000000  0.999733  0.023091  0.000489  -0.023094  0.999696  0.008601  -0.000290  -0.008610  0.999963  0.000265  0.021582  
99.213634 0.001109  0.096002  0.016592  0.985782  0.167965  -0.004630  -0.166760  0.981350  0.095616  0.020604  -0.093485  0.995408  0.002329  -0.002155  0.014991  0.458868  0.002710  0.943803  2.000000  0.999712  0.024003  0.000488  -0.024007  0.999670  0.009133  -0.000269  -0.009143  0.999958  0.999845  0.017593  -0.000228  -0.017590  0.999788  0.010656  0.000416  -0.010651  0.999943  1.000000  0.000220  -0.000004  -0.000220  1.000000  0.000133  0.000004  -0.000133  1.000000  0.999712  0.024003  0.000488  -0.024007  0.999670  0.009133  -0.000269  -0.009143  0.999958  0.000262  0.020570  
99.214640 0.001109  0.095998  0.016607  0.985745  0.168181  -0.004660  -0.166963  0.981267  0.096115  0.020737  -0.093967  0.995359  0.002266  -0.002408  0.014888  0.462907  0.004110  0.923836  2.000000  0.999691  0.024851  0.000488  -0.024855  0.999644  0.009669  -0.000247  -0.009678  0.999953  0.999863  0.016556  -0.000183  -0.016553  0.999805  0.010758  0.000361  -0.010753  0.999942  1.000000  0.000207  -0.000003  -0.000207  1.000000  0.000134  0.000003  -0.000134  1.000000  0.999691  0.024851  0.000488  -0.024855  0.999644  0.009669  -0.000247  -0.009678  0.999953  0.000260  0.019745  
99.215889 0.001110  0.095992  0.016626  0.985745  0.168184  -0.004558  -0.166963  0.981209  0.096711  0.020737  -0.094571  0.995302  0.002176  -0.002670  0.014791  0.473735  -0.004887  0.874650  2.000000  0.999666  0.025832  0.000482  -0.025835  0.999613  0.010343  -0.000214  -0.010352  0.999946  0.999886  0.015122  -0.000310  -0.015118  0.999827  0.010854  0.000474  -0.010848  0.999941  1.000000  0.000189  -0.000005  -0.000189  1.000000  0.000136  0.000005  -0.000136  1.000000  0.999666  0.025832  0.000482  -0.025835  0.999613  0.010343  -0.000214  -0.010352  0.999946  0.000252  0.018616  
99.217138 0.001111  0.095985  0.016644  0.985708  0.168401  -0.004567  -0.167165  0.981113  0.097329  0.020871  -0.095174  0.995242  0.002085  -0.002917  0.014707  0.481163  -0.001645  0.833259  2.000000  0.999647  0.026556  0.000476  -0.026560  0.999588  0.010890  -0.000186  -0.010899  0.999941  0.999901  0.014098  -0.000399  -0.014093  0.999841  0.010957  0.000553  -0.010950  0.999940  1.000000  0.000176  -0.000006  -0.000176  1.000000  0.000137  0.000006  -0.000137  1.000000  0.999647  0.026556  0.000476  -0.026560  0.999588  0.010890  -0.000186  -0.010899  0.999941  0.000244  0.017858  
99.218381 0.001111  0.095978  0.016662  0.985705  0.168417  -0.004596  -0.167165  0.981052  0.097946  0.021005  -0.095778  0.995181  0.001900  -0.003222  0.014590  0.484581  0.006066  0.785879  2.000000  0.999625  0.027385  0.000467  -0.027388  0.999558  0.011574  -0.000149  -0.011583  0.999933  0.999920  0.012651  -0.000395  -0.012646  0.999860  0.010930  0.000534  -0.010924  0.999940  1.000000  0.000158  -0.000006  -0.000158  1.000000  0.000137  0.000006  -0.000137  1.000000  0.999625  0.027385  0.000467  -0.027388  0.999558  0.011574  -0.000149  -0.011583  0.999933  0.000234  0.016722  
99.219387 0.001110  0.095971  0.016676  0.985702  0.168432  -0.004646  -0.167164  0.981002  0.098444  0.021139  -0.096260  0.995132  0.001608  -0.003558  0.014437  0.491730  0.014580  0.744506  2.000000  0.999608  0.027981  0.000452  -0.027985  0.999535  0.012121  -0.000113  -0.012129  0.999926  0.999934  0.011435  -0.000641  -0.011428  0.999875  0.010907  0.000766  -0.010899  0.999940  1.000000  0.000143  -0.000009  -0.000143  1.000000  0.000136  0.000009  -0.000136  1.000000  0.999608  0.027981  0.000452  -0.027985  0.999535  0.012121  -0.000113  -0.012129  0.999926  0.000226  0.015814  
99.220635 0.001108  0.095962  0.016693  0.985700  0.168447  -0.004675  -0.167164  0.980940  0.099062  0.021272  -0.096863  0.995070  0.001255  -0.003970  0.014267  0.498870  0.023664  0.689852  2.000000  0.999590  0.028644  0.000426  -0.028647  0.999508  0.012795  -0.000059  -0.012802  0.999918  0.999950  0.010002  -0.000774  -0.009993  0.999892  0.010758  0.000882  -0.010750  0.999942  1.000000  0.000125  -0.000010  -0.000125  1.000000  0.000134  0.000010  -0.000134  1.000000  0.999590  0.028644  0.000426  -0.028647  0.999508  0.012795  -0.000059  -0.012802  0.999918  0.000217  0.014707  
99.221636 0.001106  0.095955  0.016705  0.985697  0.168462  -0.004724  -0.167163  0.980890  0.099560  0.021406  -0.097346  0.995020  0.000929  -0.004370  0.014106  0.502133  0.031590  0.648886  2.000000  0.999576  0.029104  0.000398  -0.029107  0.999487  0.013331  -0.000010  -0.013337  0.999911  0.999963  0.008568  -0.000910  -0.008558  0.999907  0.010609  0.001001  -0.010600  0.999943  1.000000  0.000107  -0.000012  -0.000107  1.000000  0.000133  0.000012  -0.000133  1.000000  0.999576  0.029104  0.000398  -0.029107  0.999487  0.013331  -0.000010  -0.013337  0.999911  0.000208  0.013664  
99.222884 0.001104  0.095946  0.016721  0.985728  0.168276  -0.004774  -0.166960  0.980861  0.100176  0.021540  -0.097949  0.994958  0.000567  -0.004743  0.013954  0.505052  0.040436  0.589329  2.000000  0.999562  0.029590  0.000355  -0.029592  0.999464  0.013987  0.000059  -0.013991  0.999902  0.999974  0.007135  -0.001046  -0.007123  0.999920  0.010458  0.001120  -0.010451  0.999945  1.000000  0.000089  -0.000014  -0.000089  1.000000  0.000131  0.000014  -0.000131  1.000000  0.999562  0.029590  0.000355  -0.029592  0.999464  0.013987  0.000059  -0.013991  0.999902  0.000198  0.012701  
99.224135 0.001102  0.095937  0.016737  0.985725  0.168291  -0.004824  -0.166960  0.980811  0.100674  0.021674  -0.098432  0.994908  0.000242  -0.005136  0.013820  0.504023  0.040706  0.534241  2.000000  0.999552  0.029916  0.000317  -0.029917  0.999447  0.014507  0.000117  -0.014510  0.999895  0.999981  0.006098  -0.001010  -0.006087  0.999928  0.010316  0.001073  -0.010310  0.999946  1.000000  0.000076  -0.000013  -0.000076  1.000000  0.000129  0.000013  -0.000129  1.000000  0.999552  0.029916  0.000317  -0.029917  0.999447  0.014507  0.000117  -0.014510  0.999895  0.000188  0.012024  
99.225385 0.001100  0.095930  0.016753  0.985723  0.168307  -0.004873  -0.166959  0.980759  0.101172  0.021807  -0.098914  0.994857  -0.000165  -0.005430  0.013744  0.503147  0.045829  0.483658  2.000000  0.999542  0.030258  0.000266  -0.030258  0.999427  0.015150  0.000192  -0.015151  0.999885  0.999987  0.005074  -0.001109  -0.005063  0.999935  0.010174  0.001160  -0.010168  0.999948  1.000000  0.000063  -0.000014  -0.000063  1.000000  0.000127  0.000014  -0.000127  1.000000  0.999542  0.030258  0.000266  -0.030258  0.999427  0.015150  0.000192  -0.015151  0.999885  0.000179  0.011421  
99.226388 0.001098  0.095925  0.016765  0.985754  0.168120  -0.004944  -0.166756  0.980743  0.101669  0.021941  -0.099396  0.994806  -0.000475  -0.005621  0.013695  0.502850  0.049096  0.439208  2.000000  0.999535  0.030485  0.000221  -0.030485  0.999413  0.015653  0.000256  -0.015653  0.999877  0.999990  0.004269  -0.001322  -0.004255  0.999941  0.010036  0.001365  -0.010030  0.999949  1.000000  0.000053  -0.000017  -0.000053  1.000000  0.000125  0.000017  -0.000125  1.000000  0.999535  0.030485  0.000221  -0.030485  0.999413  0.015653  0.000256  -0.015653  0.999877  0.000169  0.010983  
99.227648 0.001095  0.095919  0.016781  0.985785  0.167934  -0.005014  -0.166552  0.980725  0.102166  0.022075  -0.099879  0.994755  -0.000855  -0.005824  0.013546  0.496872  0.054929  0.380228  2.000000  0.999528  0.030710  0.000159  -0.030709  0.999396  0.016271  0.000341  -0.016268  0.999868  0.999995  0.003027  -0.001310  -0.003014  0.999948  0.009767  0.001339  -0.009763  0.999951  1.000000  0.000038  -0.000017  -0.000038  1.000000  0.000122  0.000017  -0.000122  1.000000  0.999528  0.030710  0.000159  -0.030709  0.999396  0.016271  0.000341  -0.016268  0.999868  0.000161  0.010307  
99.228884 0.001092  0.095913  0.016795  0.985820  0.167734  -0.004954  -0.166349  0.980710  0.102641  0.022075  -0.100361  0.994706  -0.001167  -0.005907  0.013282  0.487978  0.054330  0.329044  2.000000  0.999524  0.030841  0.000099  -0.030838  0.999384  0.016761  0.000418  -0.016756  0.999860  0.999996  0.002222  -0.001524  -0.002207  0.999950  0.009749  0.001546  -0.009746  0.999951  1.000000  0.000028  -0.000019  -0.000028  1.000000  0.000122  0.000019  -0.000122  1.000000  0.999524  0.030841  0.000099  -0.030838  0.999384  0.016761  0.000418  -0.016756  0.999860  0.000149  0.010113  
99.229890 0.001089  0.095907  0.016806  0.985817  0.167750  -0.005024  -0.166349  0.980671  0.103020  0.022209  -0.100723  0.994667  -0.001382  -0.005987  0.013024  0.483005  0.059171  0.283637  2.000000  0.999522  0.030929  0.000035  -0.030925  0.999373  0.017242  0.000499  -0.017235  0.999851  0.999997  0.001609  -0.001586  -0.001593  0.999954  0.009493  0.001601  -0.009490  0.999954  1.000000  0.000020  -0.000020  -0.000020  1.000000  0.000119  0.000020  -0.000119  1.000000  0.999522  0.030929  0.000035  -0.030925  0.999373  0.017242  0.000499  -0.017235  0.999851  0.000144  0.009757  
99.230891 0.001085  0.095901  0.016817  0.985851  0.167549  -0.004985  -0.166146  0.980668  0.103376  0.022209  -0.101085  0.994630  -0.001749  -0.006063  0.012708  0.473666  0.058424  0.241731  2.000000  0.999520  0.030986  -0.000032  -0.030980  0.999363  0.017716  0.000581  -0.017706  0.999843  0.999998  0.000995  -0.001647  -0.000979  0.999956  0.009358  0.001657  -0.009356  0.999955  1.000000  0.000012  -0.000021  -0.000012  1.000000  0.000117  0.000021  -0.000117  1.000000  0.999520  0.030986  -0.000032  -0.030980  0.999363  0.017716  0.000581  -0.017706  0.999843  0.000137  0.009553  
99.232140 0.001082  0.095895  0.016831  0.985848  0.167565  -0.005034  -0.166145  0.980615  0.103874  0.022343  -0.101567  0.994578  -0.001953  -0.005981  0.012417  0.469116  0.062272  0.200610  2.000000  0.999519  0.031020  -0.000104  -0.031013  0.999353  0.018188  0.000668  -0.018176  0.999835  0.999998  0.000586  -0.001689  -0.000570  0.999956  0.009349  0.001694  -0.009348  0.999955  1.000000  0.000007  -0.000021  -0.000007  1.000000  0.000117  0.000021  -0.000117  1.000000  0.999519  0.031020  -0.000104  -0.031013  0.999353  0.018188  0.000668  -0.018176  0.999835  0.000130  0.009518  
99.233390 0.001078  0.095889  0.016844  0.985882  0.167366  -0.004975  -0.165942  0.980599  0.104348  0.022343  -0.102050  0.994528  -0.002169  -0.005927  0.012113  0.463919  0.061606  0.158787  2.000000  0.999519  0.031026  -0.000194  -0.031016  0.999343  0.018774  0.000777  -0.018758  0.999824  0.999998  -0.000027  -0.001751  0.000044  0.999958  0.009214  0.001751  -0.009214  0.999956  1.000000  -0.000000  -0.000022  0.000000  1.000000  0.000115  0.000022  -0.000115  1.000000  0.999519  0.031026  -0.000194  -0.031016  0.999343  0.018774  0.000777  -0.018758  0.999824  0.000125  0.009379  
99.234635 0.001075  0.095882  0.016859  0.985914  0.167180  -0.005046  -0.165739  0.980580  0.104845  0.022476  -0.102532  0.994476  -0.002268  -0.005806  0.011933  0.454920  0.065492  0.117512  2.000000  0.999520  0.030991  -0.000296  -0.030979  0.999333  0.019346  0.000895  -0.019328  0.999813  0.999998  -0.000832  -0.001969  0.000849  0.999958  0.009074  0.001961  -0.009076  0.999957  1.000000  -0.000011  -0.000025  0.000011  1.000000  0.000113  0.000025  -0.000113  1.000000  0.999520  0.030991  -0.000296  -0.030979  0.999333  0.019346  0.000895  -0.019328  0.999813  0.000121  0.009323  
99.235885 0.001072  0.095876  0.016873  0.985945  0.166995  -0.005098  -0.165535  0.980549  0.105461  0.022610  -0.103135  0.994410  -0.002391  -0.005620  0.011763  0.450126  0.068754  0.083128  2.000000  0.999522  0.030923  -0.000404  -0.030909  0.999324  0.019909  0.001020  -0.019887  0.999802  0.999997  -0.001240  -0.002012  0.001258  0.999959  0.008943  0.002000  -0.008946  0.999958  1.000000  -0.000016  -0.000025  0.000016  1.000000  0.000112  0.000025  -0.000112  1.000000  0.999522  0.030923  -0.000404  -0.030909  0.999324  0.019909  0.001020  -0.019887  0.999802  0.000119  0.009252  
99.237136 0.001070  0.095871  0.016888  0.985976  0.166809  -0.005170  -0.165332  0.980530  0.105958  0.022744  -0.103617  0.994357  -0.002397  -0.005364  0.011714  0.445282  0.076538  0.049170  2.000000  0.999524  0.030833  -0.000516  -0.030816  0.999316  0.020464  0.001146  -0.020438  0.999790  0.999997  -0.001649  -0.002055  0.001666  0.999961  0.008691  0.002040  -0.008695  0.999960  1.000000  -0.000021  -0.000026  0.000021  1.000000  0.000109  0.000026  -0.000109  1.000000  0.999524  0.030833  -0.000516  -0.030816  0.999316  0.020464  0.001146  -0.020438  0.999790  0.000115  0.009083  
99.238385 0.001068  0.095866  0.016903  0.986007  0.166623  -0.005242  -0.165128  0.980510  0.106454  0.022878  -0.104099  0.994304  -0.002341  -0.005110  0.011746  0.441030  0.078562  0.021488  2.000000  0.999528  0.030725  -0.000631  -0.030705  0.999308  0.021007  0.001276  -0.020978  0.999779  0.999996  -0.001838  -0.002210  0.001857  0.999962  0.008565  0.002194  -0.008569  0.999961  1.000000  -0.000023  -0.000028  0.000023  1.000000  0.000107  0.000028  -0.000107  1.000000  0.999528  0.030725  -0.000631  -0.030705  0.999308  0.021007  0.001276  -0.020978  0.999779  0.000113  0.009037  
99.239635 0.001068  0.095861  0.016919  0.986041  0.166425  -0.005163  -0.164925  0.980480  0.107048  0.022878  -0.104702  0.994240  -0.002247  -0.004950  0.011709  0.440485  0.081252  -0.005777  2.000000  0.999531  0.030609  -0.000742  -0.030586  0.999300  0.021546  0.001401  -0.021514  0.999768  0.999996  -0.001865  -0.001945  0.001882  0.999962  0.008565  0.001929  -0.008568  0.999961  1.000000  -0.000023  -0.000024  0.000023  1.000000  0.000107  0.000024  -0.000107  1.000000  0.999531  0.030609  -0.000742  -0.030586  0.999300  0.021546  0.001401  -0.021514  0.999768  0.000113  0.008981  
99.240885 0.001067  0.095856  0.016935  0.986072  0.166239  -0.005236  -0.164722  0.980460  0.107544  0.023011  -0.105184  0.994186  -0.002115  -0.004802  0.011720  0.435983  0.083285  -0.026217  2.000000  0.999534  0.030506  -0.000830  -0.030480  0.999294  0.021977  0.001500  -0.021942  0.999758  0.999996  -0.002069  -0.001968  0.002086  0.999961  0.008560  0.001950  -0.008564  0.999961  1.000000  -0.000026  -0.000024  0.000026  1.000000  0.000107  0.000024  -0.000107  1.000000  0.999534  0.030506  -0.000830  -0.030480  0.999294  0.021977  0.001500  -0.021942  0.999758  0.000112  0.009025  
99.242135 0.001067  0.095851  0.016950  0.986072  0.166242  -0.005155  -0.164722  0.980407  0.108020  0.023011  -0.105667  0.994135  -0.001926  -0.004710  0.011680  0.431623  0.084658  -0.039826  2.000000  0.999538  0.030364  -0.000936  -0.030335  0.999286  0.022509  0.001619  -0.022471  0.999746  0.999996  -0.002287  -0.001857  0.002302  0.999962  0.008434  0.001838  -0.008438  0.999963  1.000000  -0.000029  -0.000023  0.000029  1.000000  0.000105  0.000023  -0.000105  1.000000  0.999538  0.030364  -0.000936  -0.030335  0.999286  0.022509  0.001619  -0.022471  0.999746  0.000111  0.008935  
99.243139 0.001068  0.095847  0.016962  0.986105  0.166041  -0.005137  -0.164519  0.980415  0.108257  0.023011  -0.105908  0.994110  -0.001684  -0.004637  0.011666  0.422525  0.087447  -0.060773  2.000000  0.999542  0.030242  -0.001015  -0.030210  0.999281  0.022929  0.001708  -0.022888  0.999737  0.999995  -0.002505  -0.001747  0.002519  0.999962  0.008308  0.001726  -0.008312  0.999964  1.000000  -0.000031  -0.000022  0.000031  1.000000  0.000104  0.000022  -0.000104  1.000000  0.999542  0.030242  -0.001015  -0.030210  0.999281  0.022929  0.001708  -0.022888  0.999737  0.000111  0.008853  
99.244393 0.001070  0.095843  0.016976  0.986139  0.165842  -0.005079  -0.164316  0.980397  0.108732  0.023011  -0.106390  0.994058  -0.001265  -0.004446  0.011678  0.417942  0.085076  -0.081817  2.000000  0.999547  0.030093  -0.001104  -0.030058  0.999273  0.023442  0.001809  -0.023398  0.999725  0.999996  -0.002518  -0.001615  0.002531  0.999964  0.008065  0.001594  -0.008069  0.999966  1.000000  -0.000032  -0.000020  0.000032  1.000000  0.000101  0.000020  -0.000101  1.000000  0.999547  0.030093  -0.001104  -0.030058  0.999273  0.023442  0.001809  -0.023398  0.999725  0.000109  0.008604  
99.245638 0.001073  0.095839  0.016990  0.986173  0.165642  -0.005041  -0.164113  0.980391  0.109087  0.023011  -0.106752  0.994019  -0.000848  -0.004214  0.011711  0.409688  0.085823  -0.088670  2.000000  0.999551  0.029935  -0.001188  -0.029898  0.999266  0.023944  0.001904  -0.023898  0.999713  0.999996  -0.002532  -0.001483  0.002544  0.999965  0.007944  0.001463  -0.007947  0.999967  1.000000  -0.000032  -0.000018  0.000032  1.000000  0.000099  0.000018  -0.000099  1.000000  0.999551  0.029935  -0.001188  -0.029898  0.999266  0.023944  0.001904  -0.023898  0.999713  0.000109  0.008470  
99.246889 0.001076  0.095836  0.017004  0.986207  0.165442  -0.004983  -0.163910  0.980372  0.109562  0.023011  -0.107234  0.993967  -0.000430  -0.003979  0.011737  0.405276  0.082792  -0.102838  2.000000  0.999556  0.029770  -0.001264  -0.029730  0.999259  0.024440  0.001991  -0.024392  0.999700  0.999996  -0.002546  -0.001351  0.002556  0.999966  0.007822  0.001331  -0.007826  0.999968  1.000000  -0.000032  -0.000017  0.000032  1.000000  0.000098  0.000017  -0.000098  1.000000  0.999556  0.029770  -0.001264  -0.029730  0.999259  0.024440  0.001991  -0.024392  0.999700  0.000107  0.008338  
99.248146 0.001079  0.095834  0.017018  0.986241  0.165243  -0.004925  -0.163707  0.980353  0.110037  0.023011  -0.107716  0.993915  0.000045  -0.003685  0.011804  0.400856  0.079042  -0.110082  2.000000  0.999561  0.029601  -0.001334  -0.029558  0.999252  0.024934  0.002072  -0.024884  0.999688  0.999996  -0.002545  -0.001352  0.002555  0.999966  0.007822  0.001332  -0.007826  0.999968  1.000000  -0.000032  -0.000017  0.000032  1.000000  0.000098  0.000017  -0.000098  1.000000  0.999561  0.029601  -0.001334  -0.029558  0.999252  0.024934  0.002072  -0.024884  0.999688  0.000106  0.008338  
99.249388 0.001084  0.095833  0.017034  0.986244  0.165231  -0.004714  -0.163707  0.980302  0.110490  0.022878  -0.108199  0.993866  0.000589  -0.003318  0.011883  0.396933  0.070186  -0.111001  2.000000  0.999565  0.029465  -0.001384  -0.029421  0.999246  0.025330  0.002129  -0.025278  0.999678  0.999996  -0.002559  -0.001220  0.002568  0.999966  0.007822  0.001200  -0.007825  0.999969  1.000000  -0.000032  -0.000015  0.000032  1.000000  0.000098  0.000015  -0.000098  1.000000  0.999565  0.029465  -0.001384  -0.029421  0.999246  0.025330  0.002129  -0.025278  0.999678  0.000106  0.008322  
99.250642 0.001089  0.095832  0.017050  0.986277  0.165031  -0.004657  -0.163504  0.980282  0.110965  0.022878  -0.108681  0.993813  0.001138  -0.002970  0.011971  0.392646  0.066477  -0.118291  2.000000  0.999570  0.029294  -0.001431  -0.029247  0.999239  0.025823  0.002187  -0.025770  0.999666  0.999996  -0.002792  -0.000978  0.002799  0.999966  0.007818  0.000956  -0.007821  0.999969  1.000000  -0.000035  -0.000012  0.000035  1.000000  0.000098  0.000012  -0.000098  1.000000  0.999570  0.029294  -0.001431  -0.029247  0.999239  0.025823  0.002187  -0.025770  0.999666  0.000105  0.008360  
99.251884 0.001094  0.095832  0.017066  0.986314  0.164817  -0.004468  -0.163302  0.980265  0.111418  0.022744  -0.109164  0.993764  0.001638  -0.002628  0.012059  0.389363  0.057839  -0.125062  2.000000  0.999575  0.029123  -0.001477  -0.029074  0.999231  0.026316  0.002242  -0.026262  0.999653  0.999996  -0.002791  -0.000979  0.002799  0.999966  0.007697  0.000958  -0.007699  0.999970  1.000000  -0.000035  -0.000012  0.000035  1.000000  0.000096  0.000012  -0.000096  1.000000  0.999575  0.029123  -0.001477  -0.029074  0.999231  0.026316  0.002242  -0.026262  0.999653  0.000104  0.008247  
99.252885 0.001098  0.095831  0.017079  0.986348  0.164617  -0.004431  -0.163099  0.980258  0.111774  0.022744  -0.109525  0.993724  0.001940  -0.002426  0.012127  0.387681  0.049853  -0.128082  2.000000  0.999579  0.028977  -0.001502  -0.028927  0.999225  0.026706  0.002274  -0.026651  0.999642  0.999996  -0.002820  -0.000715  0.002826  0.999965  0.007818  0.000692  -0.007820  0.999969  1.000000  -0.000035  -0.000009  0.000035  1.000000  0.000098  0.000009  -0.000098  1.000000  0.999579  0.028977  -0.001502  -0.028927  0.999225  0.026706  0.002274  -0.026651  0.999642  0.000104  0.008343  
