1-Time 2-Px 3-Py 4-Pz 5-R11 6-R21 7-R31 8-R12 9-R22 10-R32 11-R13 12-R23 13-R33 14-Vx 15-Vy 16-Vz 17-Wx 18-Wy 19-Wz 20-state 21-PR11 22-PR21 23-PR31 24-PR12 25-PR22 26-PR32 27-PR13 28-PR23 29-PR33 
96.117624 0.004925  0.099133  0.013169  0.990912  0.134324  0.007042  -0.134436  0.987302  0.084628  0.004415  -0.084805  0.996388  -0.000174  0.000360  0.000666  0.000000  0.000000  0.000000  2.000000  1.000000  0.000000  0.000000  -0.000000  1.000000  0.000000  0.000000  -0.000000  1.000000  1.000000  0.000148  0.000684  -0.000148  1.000000  0.000122  -0.000684  -0.000122  1.000000  1.000000  0.000000  0.000000  0.000000  1.000000  0.000000  0.000000  0.000000  1.000000  0.737866  0.399659  0.543899  -0.411201  0.905207  -0.107305  -0.535227  -0.144475  0.832261  0.000000  0.000000  
96.118631 0.004925  0.099134  0.013171  0.990885  0.134527  0.007059  -0.134640  0.987274  0.084626  0.004415  -0.084805  0.996388  -0.000174  0.000359  0.000664  0.000000  0.000000  0.000000  2.000000  1.000000  0.000000  0.000000  0.000000  1.000000  0.000000  0.000000  0.000000  1.000000  1.000000  0.000148  0.000684  -0.000148  1.000000  0.000122  -0.000684  -0.000122  1.000000  1.000000  0.000000  0.000000  0.000000  1.000000  0.000000  0.000000  0.000000  1.000000  1.000000  0.000000  0.000000  0.000000  1.000000  0.000000  0.000000  0.000000  1.000000  0.000000  0.000000  
96.119879 0.004927  0.099136  0.013176  0.990774  0.135339  0.007145  -0.135456  0.987153  0.084740  0.004415  -0.084926  0.996377  -0.000095  0.000453  0.000992  0.000000  0.000000  0.000000  2.000000  1.000000  0.000000  0.000000  0.000000  1.000000  0.000000  0.000000  0.000000  1.000000  0.999999  0.000969  0.000754  -0.000969  0.999999  0.000247  -0.000754  -0.000248  1.000000  1.000000  0.000000  0.000000  0.000000  1.000000  0.000000  0.000000  0.000000  1.000000  1.000000  0.000000  0.000000  0.000000  1.000000  0.000000  0.000000  0.000000  1.000000  0.000000  0.000000  
96.120883 0.004928  0.099138  0.013181  0.990662  0.136139  0.007380  -0.136272  0.987022  0.084955  0.004282  -0.085168  0.996357  0.000042  0.000568  0.001287  0.000000  0.000000  0.000000  2.000000  1.000000  0.000000  0.000000  0.000000  1.000000  0.000000  0.000000  0.000000  1.000000  0.999998  0.001801  0.000691  -0.001801  0.999998  0.000372  -0.000690  -0.000373  1.000000  1.000000  0.000000  0.000000  0.000000  1.000000  0.000000  0.000000  0.000000  1.000000  1.000000  0.000000  0.000000  0.000000  1.000000  0.000000  0.000000  0.000000  1.000000  0.000000  0.000000  
96.122128 0.004929  0.099138  0.013188  0.990493  0.137356  0.007518  -0.137495  0.986833  0.085186  0.004282  -0.085409  0.996337  0.000094  0.000531  0.001711  0.000000  0.000000  0.000000  2.000000  1.000000  0.000000  0.000000  0.000000  1.000000  0.000000  0.000000  0.000000  1.000000  0.999995  0.003020  0.000930  -0.003020  0.999995  0.000619  -0.000928  -0.000622  0.999999  1.000000  0.000000  0.000000  0.000000  1.000000  0.000000  0.000000  0.000000  1.000000  1.000000  0.000000  0.000000  0.000000  1.000000  0.000000  0.000000  0.000000  1.000000  0.000000  0.000000  
96.123130 0.004930  0.099138  0.013194  0.990409  0.137953  0.007736  -0.138107  0.986728  0.085402  0.004148  -0.085651  0.996317  0.000154  0.000512  0.002095  0.000000  0.000000  0.000000  2.000000  1.000000  0.000000  0.000000  0.000000  1.000000  0.000000  0.000000  0.000000  1.000000  0.999993  0.003623  0.001117  -0.003624  0.999993  0.000864  -0.001114  -0.000868  0.999999  1.000000  0.000000  0.000000  0.000000  1.000000  0.000000  0.000000  0.000000  1.000000  1.000000  0.000000  0.000000  0.000000  1.000000  0.000000  0.000000  0.000000  1.000000  0.000000  0.000000  
96.124380 0.004931  0.099139  0.013203  0.990294  0.138775  0.007708  -0.138923  0.986592  0.085653  0.004282  -0.085893  0.996295  0.000233  0.000545  0.002619  0.000000  0.000000  0.000000  2.000000  1.000000  0.000000  0.000000  0.000000  1.000000  0.000000  0.000000  0.000000  1.000000  0.999990  0.004466  0.000922  -0.004468  0.999989  0.001110  -0.000917  -0.001114  0.999999  1.000000  0.000000  0.000000  0.000000  1.000000  0.000000  0.000000  0.000000  1.000000  1.000000  0.000000  0.000000  0.000000  1.000000  0.000000  0.000000  0.000000  1.000000  0.000000  0.000000  
96.125633 0.004932  0.099141  0.013214  0.990150  0.139800  0.007698  -0.139942  0.986426  0.085903  0.004415  -0.086134  0.996274  0.000329  0.000631  0.003283  0.049842  -0.043419  0.190677  2.000000  1.000000  0.000199  0.000034  -0.000199  1.000000  0.000052  -0.000034  -0.000052  1.000000  0.999984  0.005503  0.000879  -0.005504  0.999984  0.001479  -0.000871  -0.001484  0.999999  1.000000  0.000069  0.000011  -0.000069  1.000000  0.000019  -0.000011  -0.000019  1.000000  1.000000  0.000199  0.000034  -0.000199  1.000000  0.000052  -0.000034  -0.000052  1.000000  0.000049  0.005766  
96.126634 0.004933  0.099143  0.013222  0.990004  0.140835  0.007574  -0.140961  0.986247  0.086292  0.004683  -0.086497  0.996241  0.000387  0.000768  0.003846  0.062274  -0.037460  0.225928  2.000000  1.000000  0.000505  0.000075  -0.000505  1.000000  0.000130  -0.000075  -0.000130  1.000000  0.999978  0.006540  0.000836  -0.006541  0.999977  0.001605  -0.000825  -0.001610  0.999998  1.000000  0.000082  0.000010  -0.000082  1.000000  0.000020  -0.000010  -0.000020  1.000000  1.000000  0.000505  0.000075  -0.000505  1.000000  0.000130  -0.000075  -0.000130  1.000000  0.000058  0.006786  
96.127887 0.004934  0.099146  0.013234  0.989770  0.142469  0.007619  -0.142591  0.985991  0.086537  0.004817  -0.086739  0.996219  0.000468  0.000936  0.004562  0.070677  -0.033261  0.281746  2.000000  1.000000  0.000969  0.000117  -0.000969  1.000000  0.000244  -0.000117  -0.000244  1.000000  0.999968  0.008010  0.000563  -0.008011  0.999966  0.001977  -0.000547  -0.001981  0.999998  1.000000  0.000100  0.000007  -0.000100  1.000000  0.000025  -0.000007  -0.000025  1.000000  1.000000  0.000969  0.000117  -0.000969  1.000000  0.000244  -0.000117  -0.000244  1.000000  0.000070  0.008270  
96.129134 0.004935  0.099149  0.013245  0.989534  0.144090  0.007814  -0.144221  0.985724  0.086883  0.004817  -0.087101  0.996188  0.000550  0.001105  0.005279  0.083205  -0.038078  0.336983  2.000000  0.999999  0.001536  0.000158  -0.001536  0.999999  0.000380  -0.000157  -0.000380  1.000000  0.999953  0.009651  0.000710  -0.009652  0.999951  0.002347  -0.000687  -0.002354  0.999997  1.000000  0.000121  0.000009  -0.000121  1.000000  0.000029  -0.000009  -0.000029  1.000000  0.999999  0.001536  0.000158  -0.001536  0.999999  0.000380  -0.000157  -0.000380  1.000000  0.000084  0.009958  
96.130177 0.004937  0.099153  0.013256  0.989355  0.145304  0.007974  -0.145443  0.985513  0.087232  0.004817  -0.087464  0.996156  0.000711  0.001344  0.005953  0.095487  -0.041646  0.377731  2.000000  0.999998  0.002060  0.000196  -0.002060  0.999998  0.000504  -0.000195  -0.000504  1.000000  0.999940  0.010881  0.000820  -0.010883  0.999937  0.002595  -0.000792  -0.002603  0.999996  1.000000  0.000136  0.000010  -0.000136  1.000000  0.000032  -0.000010  -0.000032  1.000000  0.999998  0.002060  0.000196  -0.002060  0.999998  0.000504  -0.000195  -0.000504  1.000000  0.000095  0.011217  
96.131380 0.004940  0.099160  0.013271  0.989115  0.146913  0.008303  -0.147073  0.985243  0.087558  0.004683  -0.087826  0.996125  0.000958  0.001802  0.006964  0.108077  -0.046553  0.433440  2.000000  0.999996  0.002662  0.000247  -0.002662  0.999996  0.000648  -0.000245  -0.000648  1.000000  0.999919  0.012714  0.001120  -0.012718  0.999915  0.002964  -0.001082  -0.002978  0.999995  1.000000  0.000159  0.000014  -0.000159  1.000000  0.000037  -0.000014  -0.000037  1.000000  0.999996  0.002662  0.000247  -0.002662  0.999996  0.000648  -0.000245  -0.000648  1.000000  0.000111  0.013105  
96.132634 0.004944  0.099168  0.013290  0.988840  0.148734  0.008537  -0.148905  0.984926  0.088020  0.004683  -0.088309  0.996082  0.001237  0.002350  0.008169  0.124774  -0.052082  0.495828  2.000000  0.999994  0.003509  0.000313  -0.003509  0.999993  0.000851  -0.000310  -0.000853  1.000000  0.999899  0.014161  0.001120  -0.014165  0.999894  0.003454  -0.001071  -0.003469  0.999993  1.000000  0.000177  0.000014  -0.000177  1.000000  0.000043  -0.000014  -0.000043  1.000000  0.999994  0.003509  0.000313  -0.003509  0.999993  0.000851  -0.000310  -0.000853  1.000000  0.000126  0.014621  
96.133885 0.004948  0.099176  0.013308  0.988563  0.150554  0.008773  -0.150737  0.984606  0.088482  0.004683  -0.088793  0.996039  0.001482  0.002816  0.009230  0.141218  -0.053075  0.557754  2.000000  0.999991  0.004276  0.000374  -0.004276  0.999990  0.001040  -0.000369  -0.001041  0.999999  0.999871  0.016006  0.001291  -0.016011  0.999864  0.003945  -0.001228  -0.003965  0.999991  1.000000  0.000200  0.000016  -0.000200  1.000000  0.000049  -0.000016  -0.000049  1.000000  0.999991  0.004276  0.000374  -0.004276  0.999990  0.001040  -0.000369  -0.001041  0.999999  0.000142  0.016538  
96.135128 0.004952  0.099184  0.013328  0.988281  0.152386  0.008880  -0.152568  0.984281  0.088964  0.004817  -0.089276  0.995995  0.001675  0.003165  0.010047  0.157895  -0.054160  0.620301  2.000000  0.999986  0.005346  0.000453  -0.005347  0.999985  0.001304  -0.000446  -0.001306  0.999999  0.999840  0.017862  0.001331  -0.017868  0.999831  0.004439  -0.001251  -0.004462  0.999989  1.000000  0.000223  0.000016  -0.000223  1.000000  0.000056  -0.000016  -0.000056  1.000000  0.999986  0.005346  0.000453  -0.005347  0.999985  0.001304  -0.000446  -0.001306  0.999999  0.000158  0.018457  
96.136131 0.004956  0.099189  0.013342  0.988091  0.153609  0.008932  -0.153789  0.984047  0.089451  0.004951  -0.089759  0.995951  0.001864  0.003484  0.010766  0.170389  -0.053499  0.662113  2.000000  0.999980  0.006283  0.000518  -0.006284  0.999979  0.001541  -0.000508  -0.001544  0.999999  0.999813  0.019308  0.001336  -0.019315  0.999801  0.004931  -0.001240  -0.004956  0.999987  1.000000  0.000241  0.000016  -0.000241  1.000000  0.000062  -0.000016  -0.000062  1.000000  0.999980  0.006283  0.000518  -0.006284  0.999979  0.001541  -0.000508  -0.001544  0.999999  0.000170  0.019977  
96.137131 0.004959  0.099193  0.013357  0.987868  0.155034  0.009005  -0.155212  0.983779  0.089936  0.005084  -0.090242  0.995907  0.002025  0.003715  0.011384  0.186884  -0.048927  0.710958  2.000000  0.999973  0.007286  0.000579  -0.007287  0.999972  0.001803  -0.000566  -0.001808  0.999998  0.999788  0.020562  0.001190  -0.020568  0.999774  0.005423  -0.001078  -0.005446  0.999985  1.000000  0.000257  0.000014  -0.000257  1.000000  0.000068  -0.000014  -0.000068  1.000000  0.999973  0.007286  0.000579  -0.007287  0.999972  0.001803  -0.000566  -0.001808  0.999998  0.000182  0.021303  
96.138387 0.004963  0.099197  0.013377  0.987610  0.156661  0.009116  -0.156839  0.983466  0.090538  0.005218  -0.090846  0.995851  0.002245  0.003953  0.012166  0.207540  -0.049515  0.766305  2.000000  0.999963  0.008633  0.000653  -0.008634  0.999960  0.002166  -0.000635  -0.002171  0.999997  0.999753  0.022213  0.001219  -0.022220  0.999735  0.006037  -0.001084  -0.006063  0.999981  1.000000  0.000278  0.000014  -0.000278  1.000000  0.000076  -0.000014  -0.000076  1.000000  0.999963  0.008633  0.000653  -0.008634  0.999960  0.002166  -0.000635  -0.002171  0.999997  0.000197  0.023056  
96.139629 0.004968  0.099200  0.013398  0.987351  0.158273  0.009381  -0.158465  0.983140  0.091238  0.005218  -0.091571  0.995785  0.002486  0.004119  0.012926  0.232383  -0.054702  0.821832  2.000000  0.999949  0.010080  0.000735  -0.010082  0.999946  0.002567  -0.000709  -0.002575  0.999996  0.999719  0.023647  0.001367  -0.023656  0.999697  0.006769  -0.001206  -0.006800  0.999976  1.000000  0.000296  0.000016  -0.000296  1.000000  0.000085  -0.000016  -0.000085  1.000000  0.999949  0.010080  0.000735  -0.010082  0.999946  0.002567  -0.000709  -0.002575  0.999996  0.000212  0.024641  
96.140632 0.004972  0.099203  0.013416  0.987121  0.159698  0.009458  -0.159888  0.982865  0.091723  0.005352  -0.092054  0.995740  0.002670  0.004117  0.013463  0.248964  -0.054700  0.870383  2.000000  0.999936  0.011286  0.000800  -0.011288  0.999932  0.002915  -0.000767  -0.002924  0.999995  0.999705  0.024273  0.001302  -0.024282  0.999680  0.007138  -0.001128  -0.007168  0.999974  1.000000  0.000304  0.000015  -0.000304  1.000000  0.000089  -0.000015  -0.000089  1.000000  0.999936  0.011286  0.000800  -0.011288  0.999932  0.002915  -0.000767  -0.002924  0.999995  0.000224  0.025341  
96.141880 0.004977  0.099205  0.013438  0.986855  0.161321  0.009595  -0.161513  0.982531  0.092444  0.005486  -0.092778  0.995672  0.002945  0.004113  0.014204  0.273636  -0.050355  0.919312  2.000000  0.999921  0.012530  0.000867  -0.012533  0.999916  0.003289  -0.000825  -0.003300  0.999994  0.999684  0.025104  0.001263  -0.025113  0.999656  0.007625  -0.001071  -0.007655  0.999970  1.000000  0.000314  0.000015  -0.000314  1.000000  0.000096  -0.000015  -0.000096  1.000000  0.999921  0.012530  0.000867  -0.012533  0.999916  0.003289  -0.000825  -0.003300  0.999994  0.000236  0.026274  
96.142883 0.004981  0.099207  0.013455  0.986689  0.162328  0.009769  -0.162529  0.982320  0.092911  0.005486  -0.093262  0.995627  0.003168  0.004046  0.014768  0.290149  -0.053665  0.953873  2.000000  0.999905  0.013789  0.000924  -0.013792  0.999898  0.003683  -0.000873  -0.003695  0.999993  0.999679  0.025321  0.001161  -0.025330  0.999647  0.007993  -0.000958  -0.008020  0.999967  1.000000  0.000317  0.000013  -0.000317  1.000000  0.000100  -0.000013  -0.000100  1.000000  0.999905  0.013789  0.000924  -0.013792  0.999898  0.003683  -0.000873  -0.003695  0.999993  0.000249  0.026585  
96.144133 0.004986  0.099208  0.013477  0.986486  0.163546  0.009871  -0.163748  0.982048  0.093635  0.005620  -0.093986  0.995558  0.003413  0.003933  0.015456  0.314855  -0.053240  0.995522  2.000000  0.999881  0.015385  0.000988  -0.015389  0.999873  0.004197  -0.000923  -0.004212  0.999991  0.999668  0.025755  0.000952  -0.025762  0.999633  0.008362  -0.000736  -0.008383  0.999965  1.000000  0.000322  0.000011  -0.000322  1.000000  0.000105  -0.000011  -0.000105  1.000000  0.999881  0.015385  0.000988  -0.015389  0.999873  0.004197  -0.000923  -0.004212  0.999991  0.000261  0.027102  
96.145388 0.004993  0.099210  0.013500  0.986282  0.164765  0.009976  -0.164966  0.981775  0.094359  0.005753  -0.094711  0.995488  0.003723  0.003715  0.016172  0.339504  -0.052837  1.036989  2.000000  0.999855  0.017010  0.001049  -0.017014  0.999844  0.004737  -0.000969  -0.004754  0.999988  0.999657  0.026164  0.001006  -0.026172  0.999619  0.008730  -0.000778  -0.008753  0.999961  1.000000  0.000327  0.000011  -0.000327  1.000000  0.000109  -0.000011  -0.000109  1.000000  0.999855  0.017010  0.001049  -0.017014  0.999844  0.004737  -0.000969  -0.004754  0.999988  0.000273  0.027608  
96.146391 0.004998  0.099212  0.013518  0.986111  0.165783  0.010022  -0.165981  0.981557  0.094847  0.005887  -0.095193  0.995441  0.003897  0.003440  0.016452  0.355918  -0.047240  1.072040  2.000000  0.999832  0.018312  0.001105  -0.018318  0.999819  0.005185  -0.001010  -0.005204  0.999986  0.999657  0.026164  0.001022  -0.026172  0.999616  0.009097  -0.000784  -0.009121  0.999958  1.000000  0.000327  0.000011  -0.000327  1.000000  0.000114  -0.000011  -0.000114  1.000000  0.999832  0.018312  0.001105  -0.018318  0.999819  0.005185  -0.001010  -0.005204  0.999986  0.000282  0.027726  
96.147634 0.005005  0.099214  0.013539  0.985906  0.166988  0.010260  -0.167199  0.981282  0.095549  0.005887  -0.095918  0.995372  0.004156  0.002989  0.016720  0.381245  -0.051470  1.115307  2.000000  0.999800  0.019941  0.001185  -0.019947  0.999784  0.005765  -0.001069  -0.005788  0.999983  0.999663  0.025932  0.001288  -0.025943  0.999619  0.009460  -0.001042  -0.009490  0.999954  1.000000  0.000324  0.000015  -0.000324  1.000000  0.000118  -0.000015  -0.000118  1.000000  0.999800  0.019941  0.001185  -0.019947  0.999784  0.005765  -0.001069  -0.005788  0.999983  0.000294  0.027643  
96.148637 0.005010  0.099216  0.013556  0.985732  0.168004  0.010329  -0.168213  0.981050  0.096156  0.006021  -0.096521  0.995313  0.004234  0.002677  0.016798  0.401281  -0.049764  1.141623  2.000000  0.999774  0.021234  0.001256  -0.021241  0.999755  0.006245  -0.001123  -0.006271  0.999980  0.999668  0.025727  0.001284  -0.025738  0.999620  0.009827  -0.001031  -0.009856  0.999951  1.000000  0.000322  0.000014  -0.000322  1.000000  0.000123  -0.000014  -0.000123  1.000000  0.999774  0.021234  0.001256  -0.021241  0.999755  0.006245  -0.001123  -0.006271  0.999980  0.000303  0.027578  
96.149887 0.005016  0.099217  0.013576  0.985593  0.168805  0.010511  -0.169025  0.980852  0.096742  0.006021  -0.097125  0.995254  0.004345  0.002232  0.016850  0.413475  -0.049619  1.134721  2.000000  0.999746  0.022512  0.001325  -0.022520  0.999724  0.006744  -0.001172  -0.006772  0.999976  0.999673  0.025521  0.001280  -0.025533  0.999623  0.010068  -0.001022  -0.010098  0.999948  1.000000  0.000319  0.000014  -0.000319  1.000000  0.000126  -0.000014  -0.000126  1.000000  0.999746  0.022512  0.001325  -0.022520  0.999724  0.006744  -0.001172  -0.006772  0.999976  0.000306  0.027474  
96.151132 0.005022  0.099217  0.013596  0.985418  0.169820  0.010603  -0.170039  0.980605  0.097468  0.006155  -0.097849  0.995182  0.004432  0.001836  0.016923  0.433925  -0.040524  1.128915  2.000000  0.999709  0.024071  0.001402  -0.024081  0.999683  0.007390  -0.001224  -0.007422  0.999972  0.999694  0.024714  0.001084  -0.024724  0.999640  0.010432  -0.000826  -0.010456  0.999945  1.000000  0.000309  0.000012  -0.000309  1.000000  0.000131  -0.000012  -0.000131  1.000000  0.999709  0.024071  0.001402  -0.024081  0.999683  0.007390  -0.001224  -0.007422  0.999972  0.000305  0.026855  
96.152382 0.005028  0.099218  0.013615  0.985312  0.170432  0.010635  -0.170648  0.980439  0.098078  0.006288  -0.098453  0.995122  0.004606  0.001609  0.016947  0.442767  -0.035614  1.113799  2.000000  0.999672  0.025559  0.001463  -0.025570  0.999641  0.008046  -0.001257  -0.008081  0.999967  0.999723  0.023511  0.000712  -0.023517  0.999668  0.010552  -0.000463  -0.010566  0.999944  1.000000  0.000294  0.000007  -0.000294  1.000000  0.000132  -0.000007  -0.000132  1.000000  0.999672  0.025559  0.001463  -0.025570  0.999641  0.008046  -0.001257  -0.008081  0.999967  0.000304  0.025785  
96.153632 0.005033  0.099218  0.013635  0.985171  0.171232  0.010841  -0.171459  0.980226  0.098783  0.006288  -0.099177  0.995050  0.004635  0.001361  0.016989  0.458350  -0.032025  1.122822  2.000000  0.999635  0.026979  0.001514  -0.026991  0.999598  0.008717  -0.001278  -0.008754  0.999961  0.999756  0.022077  0.000586  -0.022082  0.999698  0.010788  -0.000347  -0.010799  0.999942  1.000000  0.000276  0.000006  -0.000276  1.000000  0.000135  -0.000006  -0.000135  1.000000  0.999635  0.026979  0.001514  -0.026991  0.999598  0.008717  -0.001278  -0.008754  0.999961  0.000305  0.024583  
96.154877 0.005037  0.099217  0.013656  0.985064  0.171842  0.010896  -0.172068  0.980046  0.099513  0.006422  -0.099901  0.994977  0.004575  0.001086  0.016944  0.470910  -0.031667  1.106843  2.000000  0.999598  0.028312  0.001556  -0.028325  0.999555  0.009395  -0.001289  -0.009435  0.999955  0.999783  0.020848  0.000478  -0.020852  0.999722  0.011028  -0.000248  -0.011036  0.999939  1.000000  0.000261  0.000005  -0.000261  1.000000  0.000138  -0.000005  -0.000138  1.000000  0.999598  0.028312  0.001556  -0.028325  0.999555  0.009395  -0.001289  -0.009435  0.999955  0.000303  0.023593  
96.155880 0.005040  0.099215  0.013673  0.984993  0.172240  0.011020  -0.172473  0.979927  0.099984  0.006422  -0.100384  0.994928  0.004446  0.000775  0.016891  0.483064  -0.038715  1.087825  2.000000  0.999569  0.029319  0.001589  -0.029334  0.999520  0.009946  -0.001297  -0.009988  0.999949  0.999804  0.019810  0.000518  -0.019814  0.999743  0.011024  -0.000300  -0.011032  0.999939  1.000000  0.000248  0.000005  -0.000248  1.000000  0.000138  -0.000005  -0.000138  1.000000  0.999569  0.029319  0.001589  -0.029334  0.999520  0.009946  -0.001297  -0.009988  0.999949  0.000300  0.022680  
96.156881 0.005043  0.099214  0.013690  0.984957  0.172449  0.011014  -0.172676  0.979828  0.100599  0.006556  -0.100987  0.994866  0.004372  0.000539  0.016818  0.491147  -0.036915  1.058127  2.000000  0.999540  0.030278  0.001620  -0.030294  0.999486  0.010501  -0.001301  -0.010545  0.999944  0.999823  0.018786  0.000426  -0.018789  0.999761  0.011143  -0.000217  -0.011149  0.999938  1.000000  0.000235  0.000004  -0.000235  1.000000  0.000139  -0.000004  -0.000139  1.000000  0.999540  0.030278  0.001620  -0.030294  0.999486  0.010501  -0.001301  -0.010545  0.999944  0.000296  0.021849  
96.157883 0.005045  0.099211  0.013706  0.984920  0.172657  0.011008  -0.172878  0.979729  0.101213  0.006690  -0.101590  0.994804  0.004278  0.000311  0.016691  0.503233  -0.034133  1.023968  2.000000  0.999519  0.030964  0.001642  -0.030980  0.999460  0.010924  -0.001303  -0.010970  0.999939  0.999838  0.017980  0.000221  -0.017981  0.999774  0.011384  -0.000016  -0.011386  0.999935  1.000000  0.000225  0.000002  -0.000225  1.000000  0.000142  -0.000001  -0.000142  1.000000  0.999519  0.030964  0.001642  -0.030980  0.999460  0.010924  -0.001303  -0.010970  0.999939  0.000289  0.021284  
96.159133 0.005048  0.099208  0.013725  0.984848  0.173066  0.011045  -0.173284  0.979582  0.101945  0.006824  -0.102314  0.994729  0.004153  0.000011  0.016524  0.515148  -0.026349  0.983286  2.000000  0.999485  0.032040  0.001671  -0.032057  0.999418  0.011640  -0.001297  -0.011687  0.999931  0.999863  0.016546  0.000087  -0.016546  0.999797  0.011500  0.000104  -0.011500  0.999934  1.000000  0.000207  -0.000000  -0.000207  1.000000  0.000144  0.000000  -0.000144  1.000000  0.999485  0.032040  0.001671  -0.032057  0.999418  0.011640  -0.001297  -0.011687  0.999931  0.000280  0.020152  
96.160384 0.005051  0.099204  0.013745  0.984812  0.173273  0.011061  -0.173486  0.979469  0.102679  0.006957  -0.103038  0.994653  0.003855  -0.000366  0.016313  0.527719  -0.012950  0.938002  2.000000  0.999453  0.033027  0.001685  -0.033045  0.999377  0.012361  -0.001276  -0.012410  0.999922  0.999886  0.015127  -0.000183  -0.015124  0.999820  0.011495  0.000357  -0.011490  0.999934  1.000000  0.000189  -0.000003  -0.000189  1.000000  0.000144  0.000003  -0.000144  1.000000  0.999453  0.033027  0.001685  -0.033045  0.999377  0.012361  -0.001276  -0.012410  0.999922  0.000272  0.018999  
96.161633 0.005052  0.099200  0.013763  0.984810  0.173291  0.010946  -0.173486  0.979377  0.103556  0.007225  -0.103882  0.994563  0.003470  -0.000834  0.016027  0.538925  0.000091  0.882487  2.000000  0.999423  0.033911  0.001687  -0.033931  0.999339  0.013082  -0.001242  -0.013132  0.999913  0.999911  0.013298  -0.000497  -0.013292  0.999847  0.011367  0.000648  -0.011359  0.999935  1.000000  0.000166  -0.000007  -0.000166  1.000000  0.000142  0.000007  -0.000142  1.000000  0.999423  0.033911  0.001687  -0.033931  0.999339  0.013082  -0.001242  -0.013132  0.999913  0.000262  0.017499  
96.162887 0.005053  0.099195  0.013780  0.984809  0.173297  0.010941  -0.173486  0.979299  0.104292  0.007359  -0.104606  0.994487  0.003136  -0.001298  0.015755  0.551221  0.010708  0.821406  2.000000  0.999397  0.034682  0.001672  -0.034702  0.999302  0.013802  -0.001192  -0.013852  0.999903  0.999929  0.011866  -0.000636  -0.011857  0.999862  0.011602  0.000774  -0.011594  0.999932  1.000000  0.000148  -0.000009  -0.000148  1.000000  0.000145  0.000009  -0.000145  1.000000  0.999397  0.034682  0.001672  -0.034702  0.999302  0.013802  -0.001192  -0.013852  0.999903  0.000251  0.016605  
96.164129 0.005055  0.099191  0.013797  0.984807  0.173316  0.010805  -0.173485  0.979218  0.105051  0.007626  -0.105330  0.994408  0.002809  -0.001706  0.015521  0.558687  0.019946  0.760506  2.000000  0.999373  0.035368  0.001648  -0.035388  0.999268  0.014525  -0.001133  -0.014574  0.999893  0.999945  0.010433  -0.000779  -0.010423  0.999878  0.011595  0.000900  -0.011586  0.999932  1.000000  0.000130  -0.000010  -0.000130  1.000000  0.000145  0.000011  -0.000145  1.000000  0.999373  0.035368  0.001648  -0.035388  0.999268  0.014525  -0.001133  -0.014574  0.999893  0.000240  0.015614  
96.165384 0.005056  0.099187  0.013814  0.984806  0.173324  0.010779  -0.173485  0.979151  0.105668  0.007760  -0.105933  0.994343  0.002456  -0.002090  0.015359  0.558798  0.026359  0.697814  2.000000  0.999351  0.035978  0.001611  -0.035998  0.999235  0.015251  -0.001061  -0.015299  0.999882  0.999957  0.009220  -0.001037  -0.009207  0.999890  0.011589  0.001144  -0.011579  0.999932  1.000000  0.000115  -0.000014  -0.000115  1.000000  0.000145  0.000014  -0.000145  1.000000  0.999351  0.035978  0.001611  -0.035998  0.999235  0.015251  -0.001061  -0.015299  0.999882  0.000228  0.014842  
96.166629 0.005057  0.099184  0.013832  0.984841  0.173128  0.010753  -0.173282  0.979107  0.106406  0.007894  -0.106656  0.994265  0.002107  -0.002304  0.015270  0.562130  0.030449  0.644356  2.000000  0.999336  0.036407  0.001572  -0.036427  0.999211  0.015833  -0.000994  -0.015880  0.999873  0.999967  0.008006  -0.001295  -0.007991  0.999900  0.011703  0.001388  -0.011692  0.999931  1.000000  0.000100  -0.000017  -0.000100  1.000000  0.000146  0.000017  -0.000146  1.000000  0.999336  0.036407  0.001572  -0.036427  0.999211  0.015833  -0.000994  -0.015880  0.999873  0.000216  0.014234  
96.167634 0.005058  0.099182  0.013847  0.984840  0.173137  0.010705  -0.173282  0.979053  0.106904  0.008028  -0.107138  0.994212  0.001846  -0.002464  0.015173  0.562432  0.035821  0.594625  2.000000  0.999322  0.036777  0.001526  -0.036797  0.999188  0.016419  -0.000921  -0.016464  0.999864  0.999975  0.006984  -0.001401  -0.006967  0.999909  0.011575  0.001482  -0.011565  0.999932  1.000000  0.000087  -0.000018  -0.000087  1.000000  0.000145  0.000018  -0.000145  1.000000  0.999322  0.036777  0.001526  -0.036797  0.999188  0.016419  -0.000921  -0.016464  0.999864  0.000209  0.013587  
96.168880 0.005058  0.099180  0.013864  0.984874  0.172942  0.010678  -0.173079  0.979008  0.107642  0.008162  -0.107862  0.994132  0.001610  -0.002520  0.014996  0.565549  0.045067  0.535553  2.000000  0.999308  0.037161  0.001453  -0.037181  0.999161  0.017144  -0.000815  -0.017187  0.999852  0.999983  0.005566  -0.001685  -0.005546  0.999918  0.011565  0.001749  -0.011556  0.999932  1.000000  0.000069  -0.000021  -0.000069  1.000000  0.000145  0.000021  -0.000145  1.000000  0.999308  0.037161  0.001453  -0.037181  0.999161  0.017144  -0.000815  -0.017187  0.999852  0.000198  0.012941  
96.169882 0.005058  0.099177  0.013878  0.984909  0.172750  0.010609  -0.172876  0.978989  0.108142  0.008295  -0.108344  0.994079  0.001329  -0.002694  0.014764  0.561687  0.052039  0.471174  2.000000  0.999299  0.037402  0.001387  -0.037421  0.999142  0.017722  -0.000723  -0.017761  0.999842  0.999989  0.004339  -0.001816  -0.004318  0.999925  0.011435  0.001865  -0.011427  0.999933  1.000000  0.000054  -0.000023  -0.000054  1.000000  0.000143  0.000023  -0.000143  1.000000  0.999299  0.037402  0.001387  -0.037421  0.999142  0.017722  -0.000723  -0.017761  0.999842  0.000187  0.012361  
96.171132 0.005058  0.099175  0.013893  0.984943  0.172556  0.010560  -0.172673  0.978956  0.108761  0.008429  -0.108947  0.994012  0.001141  -0.002692  0.014415  0.557094  0.060638  0.420231  2.000000  0.999291  0.037635  0.001297  -0.037653  0.999121  0.018435  -0.000602  -0.018471  0.999829  0.999993  0.003317  -0.001925  -0.003295  0.999931  0.011306  0.001962  -0.011300  0.999934  1.000000  0.000041  -0.000024  -0.000041  1.000000  0.000141  0.000024  -0.000141  1.000000  0.999291  0.037635  0.001297  -0.037653  0.999121  0.018435  -0.000602  -0.018471  0.999829  0.000177  0.011936  
96.172381 0.005058  0.099172  0.013909  0.984977  0.172361  0.010532  -0.172470  0.978910  0.109498  0.008563  -0.109670  0.993931  0.000899  -0.002718  0.014119  0.561120  0.067834  0.354778  2.000000  0.999285  0.037800  0.001198  -0.037816  0.999101  0.019149  -0.000473  -0.019180  0.999816  0.999995  0.002295  -0.002035  -0.002272  0.999932  0.011419  0.002061  -0.011414  0.999933  1.000000  0.000029  -0.000026  -0.000029  1.000000  0.000143  0.000026  -0.000143  1.000000  0.999285  0.037800  0.001198  -0.037816  0.999101  0.019149  -0.000473  -0.019180  0.999816  0.000170  0.011822  
96.173628 0.005058  0.099169  0.013925  0.985048  0.171952  0.010592  -0.172065  0.978914  0.110096  0.008563  -0.110273  0.993864  0.000695  -0.002696  0.013807  0.556110  0.067517  0.303602  2.000000  0.999281  0.037888  0.001114  -0.037903  0.999087  0.019726  -0.000366  -0.019754  0.999805  0.999997  0.001478  -0.002125  -0.001454  0.999934  0.011412  0.002141  -0.011409  0.999933  1.000000  0.000018  -0.000027  -0.000018  1.000000  0.000143  0.000027  -0.000143  1.000000  0.999281  0.037888  0.001114  -0.037903  0.999087  0.019726  -0.000366  -0.019754  0.999805  0.000163  0.011701  
96.174632 0.005058  0.099168  0.013938  0.985083  0.171760  0.010521  -0.171862  0.978893  0.110596  0.008697  -0.110755  0.993810  0.000595  -0.002570  0.013623  0.556407  0.070952  0.269742  2.000000  0.999280  0.037931  0.001021  -0.037943  0.999074  0.020300  -0.000250  -0.020324  0.999793  0.999997  0.000471  -0.002371  -0.000444  0.999935  0.011404  0.002376  -0.011403  0.999932  1.000000  0.000006  -0.000030  -0.000006  1.000000  0.000143  0.000030  -0.000143  1.000000  0.999280  0.037931  0.001021  -0.037943  0.999074  0.020300  -0.000250  -0.020324  0.999793  0.000157  0.011657  
96.175883 0.005059  0.099167  0.013954  0.985152  0.171364  0.010469  -0.171456  0.978881  0.111336  0.008831  -0.111478  0.993728  0.000526  -0.002372  0.013484  0.555376  0.081491  0.208533  2.000000  0.999280  0.037935  0.000901  -0.037946  0.999059  0.021018  -0.000103  -0.021037  0.999779  0.999997  -0.000141  -0.002439  0.000169  0.999935  0.011398  0.002437  -0.011399  0.999932  1.000000  -0.000002  -0.000030  0.000002  1.000000  0.000142  0.000030  -0.000142  1.000000  0.999280  0.037935  0.000901  -0.037946  0.999059  0.021018  -0.000103  -0.021037  0.999779  0.000153  0.011658  
96.177133 0.005061  0.099166  0.013971  0.985222  0.170969  0.010396  -0.171050  0.978881  0.111957  0.008964  -0.112081  0.993659  0.000524  -0.002116  0.013416  0.551474  0.087137  0.154131  2.000000  0.999282  0.037882  0.000769  -0.037889  0.999046  0.021732  0.000055  -0.021745  0.999764  0.999996  -0.001162  -0.002555  0.001191  0.999936  0.011268  0.002541  -0.011271  0.999933  1.000000  -0.000015  -0.000032  0.000015  1.000000  0.000141  0.000032  -0.000141  1.000000  0.999282  0.037882  0.000769  -0.037889  0.999046  0.021732  0.000055  -0.021745  0.999764  0.000146  0.011614  
96.178136 0.005062  0.099166  0.013985  0.985256  0.170777  0.010325  -0.170847  0.978859  0.112457  0.009098  -0.112562  0.993603  0.000574  -0.001886  0.013427  0.547023  0.092744  0.107146  2.000000  0.999285  0.037805  0.000658  -0.037810  0.999036  0.022294  0.000186  -0.022303  0.999751  0.999995  -0.001775  -0.002625  0.001804  0.999938  0.011019  0.002605  -0.011024  0.999936  1.000000  -0.000022  -0.000033  0.000022  1.000000  0.000138  0.000033  -0.000138  1.000000  0.999285  0.037805  0.000658  -0.037810  0.999036  0.022294  0.000186  -0.022303  0.999751  0.000144  0.011468  
96.179379 0.005066  0.099166  0.014003  0.985289  0.170584  0.010274  -0.170644  0.978823  0.113075  0.009232  -0.113165  0.993533  0.000717  -0.001540  0.013530  0.546721  0.100037  0.072716  2.000000  0.999290  0.037678  0.000519  -0.037679  0.999026  0.022983  0.000348  -0.022987  0.999736  0.999994  -0.002182  -0.002672  0.002211  0.999938  0.010894  0.002648  -0.010900  0.999937  1.000000  -0.000027  -0.000033  0.000027  1.000000  0.000136  0.000033  -0.000136  1.000000  0.999290  0.037678  0.000519  -0.037679  0.999026  0.022983  0.000348  -0.022987  0.999736  0.000141  0.011430  
96.180384 0.005068  0.099167  0.014018  0.985360  0.170176  0.010310  -0.170238  0.978838  0.113554  0.009232  -0.113647  0.993478  0.000831  -0.001301  0.013586  0.542434  0.100671  0.031571  2.000000  0.999295  0.037549  0.000407  -0.037548  0.999018  0.023528  0.000477  -0.023527  0.999723  0.999993  -0.002605  -0.002587  0.002633  0.999939  0.010768  0.002559  -0.010775  0.999939  1.000000  -0.000033  -0.000032  0.000033  1.000000  0.000135  0.000032  -0.000135  1.000000  0.999295  0.037549  0.000407  -0.037548  0.999018  0.023528  0.000477  -0.023527  0.999723  0.000139  0.011381  
96.181384 0.005072  0.099168  0.014033  0.985393  0.169985  0.010239  -0.170035  0.978815  0.114054  0.009366  -0.114129  0.993422  0.001021  -0.001077  0.013619  0.541843  0.106446  0.011353  2.000000  0.999299  0.037436  0.000324  -0.037433  0.999012  0.023937  0.000572  -0.023932  0.999713  0.999991  -0.003218  -0.002659  0.003246  0.999937  0.010762  0.002624  -0.010771  0.999939  1.000000  -0.000040  -0.000033  0.000040  1.000000  0.000135  0.000033  -0.000135  1.000000  0.999299  0.037436  0.000324  -0.037433  0.999012  0.023937  0.000572  -0.023932  0.999713  0.000139  0.011547  
96.182384 0.005076  0.099168  0.014048  0.985428  0.169778  0.010297  -0.169832  0.978795  0.114531  0.009366  -0.114611  0.993366  0.001218  -0.000918  0.013613  0.541945  0.106531  -0.023373  2.000000  0.999305  0.037269  0.000215  -0.037263  0.999006  0.024478  0.000697  -0.024469  0.999700  0.999991  -0.003436  -0.002551  0.003463  0.999937  0.010639  0.002514  -0.010648  0.999940  1.000000  -0.000043  -0.000032  0.000043  1.000000  0.000133  0.000032  -0.000133  1.000000  0.999305  0.037269  0.000215  -0.037263  0.999006  0.024478  0.000697  -0.024469  0.999700  0.000139  0.011472  
96.183636 0.005081  0.099169  0.014066  0.985498  0.169369  0.010353  -0.169427  0.978795  0.115129  0.009366  -0.115213  0.993297  0.001545  -0.000717  0.013636  0.537501  0.110991  -0.064573  2.000000  0.999314  0.037040  0.000085  -0.037030  0.998998  0.025145  0.000846  -0.025131  0.999684  0.999990  -0.003859  -0.002467  0.003885  0.999937  0.010513  0.002427  -0.010523  0.999942  1.000000  -0.000048  -0.000031  0.000048  1.000000  0.000131  0.000031  -0.000131  1.000000  0.999314  0.037040  0.000085  -0.037030  0.998998  0.025145  0.000846  -0.025131  0.999684  0.000139  0.011472  
96.184880 0.005087  0.099170  0.014083  0.985567  0.168976  0.010257  -0.169021  0.978806  0.115630  0.009500  -0.115695  0.993239  0.001990  -0.000474  0.013682  0.529930  0.114190  -0.092160  2.000000  0.999323  0.036785  -0.000039  -0.036771  0.998991  0.025798  0.000988  -0.025779  0.999667  0.999988  -0.004282  -0.002384  0.004306  0.999938  0.010266  0.002340  -0.010276  0.999944  1.000000  -0.000054  -0.000030  0.000054  1.000000  0.000128  0.000030  -0.000128  1.000000  0.999323  0.036785  -0.000039  -0.036771  0.998991  0.025798  0.000988  -0.025779  0.999667  0.000138  0.011381  
96.185882 0.005093  0.099172  0.014097  0.985602  0.168770  0.010315  -0.168818  0.978785  0.116107  0.009500  -0.116177  0.993183  0.002365  -0.000186  0.013793  0.525055  0.111885  -0.113118  2.000000  0.999331  0.036567  -0.000137  -0.036551  0.998985  0.026315  0.001099  -0.026293  0.999654  0.999987  -0.004501  -0.002277  0.004524  0.999937  0.010264  0.002231  -0.010274  0.999945  1.000000  -0.000056  -0.000028  0.000056  1.000000  0.000128  0.000028  -0.000128  1.000000  0.999331  0.036567  -0.000137  -0.036551  0.998985  0.026315  0.001099  -0.026293  0.999654  0.000139  0.011441  
96.186883 0.005099  0.099174  0.014110  0.985671  0.168362  0.010349  -0.168412  0.978798  0.116587  0.009500  -0.116659  0.993127  0.002793  0.000103  0.013858  0.520969  0.115926  -0.141738  2.000000  0.999340  0.036336  -0.000228  -0.036317  0.998980  0.026826  0.001203  -0.026800  0.999640  0.999988  -0.004515  -0.002146  0.004537  0.999939  0.010021  0.002101  -0.010031  0.999947  1.000000  -0.000057  -0.000027  0.000057  1.000000  0.000125  0.000027  -0.000125  1.000000  0.999340  0.036336  -0.000228  -0.036317  0.998980  0.026826  0.001203  -0.026800  0.999640  0.000139  0.011204  
96.188130 0.005106  0.099177  0.014128  0.985706  0.168154  0.010427  -0.168209  0.978761  0.117182  0.009500  -0.117261  0.993056  0.003247  0.000440  0.013946  0.516465  0.112083  -0.154725  2.000000  0.999350  0.036036  -0.000335  -0.036013  0.998974  0.027457  0.001324  -0.027427  0.999623  0.999986  -0.004939  -0.002064  0.004959  0.999938  0.010017  0.002015  -0.010027  0.999948  1.000000  -0.000062  -0.000025  0.000062  1.000000  0.000125  0.000025  -0.000125  1.000000  0.999350  0.036036  -0.000335  -0.036013  0.998974  0.027457  0.001324  -0.027427  0.999623  0.000139  0.011362  
96.189131 0.005113  0.099181  0.014143  0.985775  0.167746  0.010460  -0.167803  0.978774  0.117661  0.009500  -0.117743  0.992999  0.003744  0.000833  0.014100  0.516063  0.109055  -0.174354  2.000000  0.999357  0.035850  -0.000395  -0.035825  0.998970  0.027838  0.001392  -0.027806  0.999612  0.999986  -0.004953  -0.001934  0.004973  0.999936  0.010139  0.001884  -0.010148  0.999947  1.000000  -0.000062  -0.000024  0.000062  1.000000  0.000127  0.000024  -0.000127  1.000000  0.999357  0.035850  -0.000395  -0.035825  0.998970  0.027838  0.001392  -0.027806  0.999612  0.000139  0.011453  
96.190380 0.005123  0.099186  0.014162  0.985844  0.167337  0.010513  -0.167397  0.978771  0.118259  0.009500  -0.118345  0.992927  0.004352  0.001287  0.014316  0.511856  0.107021  -0.195244  2.000000  0.999369  0.035524  -0.000488  -0.035496  0.998964  0.028469  0.001499  -0.028434  0.999595  0.999985  -0.005173  -0.001828  0.005191  0.999936  0.010015  0.001777  -0.010024  0.999948  1.000000  -0.000065  -0.000023  0.000065  1.000000  0.000125  0.000023  -0.000125  1.000000  0.999369  0.035524  -0.000488  -0.035496  0.998964  0.028469  0.001499  -0.028434  0.999595  0.000140  0.011424  
96.191381 0.005131  0.099191  0.014178  0.985879  0.167114  0.010700  -0.167194  0.978751  0.118714  0.009366  -0.118827  0.992871  0.004783  0.001623  0.014481  0.503833  0.095408  -0.205185  2.000000  0.999378  0.035258  -0.000558  -0.035227  0.998959  0.028972  0.001579  -0.028935  0.999580  0.999984  -0.005408  -0.001590  0.005423  0.999935  0.010014  0.001535  -0.010022  0.999949  1.000000  -0.000068  -0.000020  0.000068  1.000000  0.000125  0.000020  -0.000125  1.000000  0.999378  0.035258  -0.000558  -0.035227  0.998959  0.028972  0.001579  -0.028935  0.999580  0.000140  0.011495  
96.192383 0.005139  0.099196  0.014193  0.985914  0.166909  0.010737  -0.166991  0.978742  0.119073  0.009366  -0.119188  0.992827  0.005241  0.001995  0.014608  0.499646  0.091037  -0.210793  2.000000  0.999388  0.034987  -0.000619  -0.034954  0.998954  0.029476  0.001650  -0.029436  0.999565  0.999984  -0.005407  -0.001592  0.005423  0.999935  0.010014  0.001538  -0.010022  0.999949  1.000000  -0.000068  -0.000020  0.000068  1.000000  0.000125  0.000020  -0.000125  1.000000  0.999388  0.034987  -0.000619  -0.034954  0.998954  0.029476  0.001650  -0.029436  0.999565  0.000139  0.011495  
