1-Time 2-Px 3-Py 4-Pz 5-R11 6-R21 7-R31 8-R12 9-R22 10-R32 11-R13 12-R23 13-R33 14-Vx 15-Vy 16-Vz 17-Wx 18-Wy 19-Wz 20-state 21-PR11 22-PR21 23-PR31 24-PR12 25-PR22 26-PR32 27-PR13 28-PR23 29-PR33 
155.347453 0.006982  0.097741  0.008575  0.996452  0.069836  -0.046970  0.043929  0.044469  0.998044  0.071788  -0.996567  0.041244  -0.003596  0.001919  -0.003748  0.000000  0.000000  0.000000  2.000000  1.000000  0.000000  0.000000  0.000000  -0.000000  1.000000  0.000000  -1.000000  -0.000000  1.000000  -0.000025  -0.000615  0.000026  0.999999  0.001411  0.000615  -0.001411  0.999999  1.000000  0.000000  0.000000  0.000000  1.000000  0.000000  0.000000  0.000000  1.000000  0.677240  0.332273  0.656461  -0.666784  -0.100009  0.738510  0.311039  -0.937866  0.153824  0.000000  0.000000  
155.348459 0.006979  0.097744  0.008572  0.996461  0.069851  -0.046756  0.043723  0.044334  0.998060  0.071788  -0.996572  0.041123  -0.003513  0.001952  -0.003719  0.000000  0.000000  0.000000  2.000000  1.000000  0.000000  0.000000  0.000000  -0.000000  1.000000  0.000000  -1.000000  -0.000000  1.000000  -0.000017  -0.000410  0.000018  0.999999  0.001547  0.000410  -0.001547  0.999999  1.000000  0.000000  0.000000  0.000000  1.000000  0.000000  0.000000  0.000000  1.000000  1.000000  0.000000  0.000000  0.000000  -0.000000  1.000000  0.000000  -1.000000  -0.000000  0.000000  0.000000  
155.349461 0.006978  0.097747  0.008570  0.996460  0.069993  -0.046556  0.043518  0.044325  0.998069  0.071922  -0.996562  0.041123  -0.003277  0.002035  -0.003595  0.000000  0.000000  0.000000  2.000000  1.000000  0.000000  0.000000  0.000000  -0.000000  1.000000  0.000000  -1.000000  -0.000000  1.000000  0.000134  -0.000006  -0.000134  0.999999  0.001456  0.000006  -0.001456  0.999999  1.000000  0.000000  0.000000  0.000000  1.000000  0.000000  0.000000  0.000000  1.000000  1.000000  0.000000  0.000000  0.000000  -0.000000  1.000000  0.000000  -1.000000  -0.000000  0.000000  0.000000  
155.350709 0.006977  0.097751  0.008569  0.996478  0.070159  -0.045937  0.042902  0.044167  0.998103  0.072055  -0.996558  0.041001  -0.002976  0.002196  -0.003333  0.000000  0.000000  0.000000  2.000000  1.000000  0.000000  0.000000  0.000000  -0.000000  1.000000  0.000000  -1.000000  -0.000000  1.000000  0.000284  0.000399  -0.000285  0.999999  0.001364  -0.000399  -0.001364  0.999999  1.000000  0.000000  0.000000  0.000000  1.000000  0.000000  0.000000  0.000000  1.000000  1.000000  0.000000  0.000000  0.000000  -0.000000  1.000000  0.000000  -1.000000  -0.000000  0.000000  0.000000  
155.351711 0.006976  0.097753  0.008569  0.996477  0.070302  -0.045737  0.042696  0.044158  0.998112  0.072188  -0.996548  0.041001  -0.002799  0.002240  -0.003167  0.000000  0.000000  0.000000  2.000000  1.000000  0.000000  0.000000  0.000000  -0.000000  1.000000  0.000000  -1.000000  -0.000000  1.000000  0.000435  0.000804  -0.000436  0.999999  0.001515  -0.000804  -0.001515  0.999999  1.000000  0.000000  0.000000  0.000000  1.000000  0.000000  0.000000  0.000000  1.000000  1.000000  0.000000  0.000000  0.000000  -0.000000  1.000000  0.000000  -1.000000  -0.000000  0.000000  0.000000  
155.352714 0.006975  0.097756  0.008569  0.996485  0.070311  -0.045531  0.042491  0.044144  0.998121  0.072188  -0.996548  0.041001  -0.002557  0.002315  -0.002898  0.000000  0.000000  0.000000  2.000000  1.000000  0.000000  0.000000  0.000000  -0.000000  1.000000  0.000000  -1.000000  -0.000000  1.000000  0.000435  0.000804  -0.000436  0.999999  0.001393  -0.000804  -0.001394  0.999999  1.000000  0.000000  0.000000  0.000000  1.000000  0.000000  0.000000  0.000000  1.000000  1.000000  0.000000  0.000000  0.000000  -0.000000  1.000000  0.000000  -1.000000  -0.000000  0.000000  0.000000  
155.353962 0.006974  0.097761  0.008569  0.996475  0.070586  -0.045337  0.042285  0.044140  0.998130  0.072455  -0.996529  0.041000  -0.002286  0.002485  -0.002577  0.000000  0.000000  0.000000  2.000000  1.000000  0.000000  0.000000  0.000000  -0.000000  1.000000  0.000000  -1.000000  -0.000000  0.999999  0.000594  0.001414  -0.000596  0.999999  0.001316  -0.001413  -0.001317  0.999998  1.000000  0.000000  0.000000  0.000000  1.000000  0.000000  0.000000  0.000000  1.000000  1.000000  0.000000  0.000000  0.000000  -0.000000  1.000000  0.000000  -1.000000  -0.000000  0.000000  0.000000  
155.354968 0.006974  0.097764  0.008569  0.996483  0.070738  -0.044931  0.041875  0.044117  0.998148  0.072589  -0.996519  0.041000  -0.002051  0.002565  -0.002316  0.000000  0.000000  0.000000  2.000000  1.000000  0.000000  0.000000  0.000000  -0.000000  1.000000  0.000000  -1.000000  -0.000000  0.999998  0.000744  0.001819  -0.000747  0.999999  0.001346  -0.001818  -0.001348  0.999997  1.000000  0.000000  0.000000  0.000000  1.000000  0.000000  0.000000  0.000000  1.000000  1.000000  0.000000  0.000000  0.000000  -0.000000  1.000000  0.000000  -1.000000  -0.000000  0.000000  0.000000  
155.356208 0.006975  0.097767  0.008570  0.996497  0.071040  -0.044120  0.041053  0.044070  0.998185  0.072856  -0.996499  0.040999  -0.001692  0.002626  -0.001928  0.000000  0.000000  0.000000  2.000000  1.000000  0.000000  0.000000  0.000000  -0.000000  1.000000  0.000000  -1.000000  -0.000000  0.999996  0.001045  0.002629  -0.001049  0.999999  0.001284  -0.002627  -0.001287  0.999996  1.000000  0.000000  0.000000  0.000000  1.000000  0.000000  0.000000  0.000000  1.000000  1.000000  0.000000  0.000000  0.000000  -0.000000  1.000000  0.000000  -1.000000  -0.000000  0.000000  0.000000  
155.357463 0.006975  0.097771  0.008571  0.996493  0.071467  -0.043520  0.040437  0.044042  0.998211  0.073256  -0.996470  0.040998  -0.001361  0.002732  -0.001532  0.000000  0.000000  0.000000  2.000000  1.000000  0.000000  0.000000  0.000000  -0.000000  1.000000  0.000000  -1.000000  -0.000000  0.999995  0.001329  0.003028  -0.001333  0.999998  0.001192  -0.003026  -0.001196  0.999995  1.000000  0.000000  0.000000  0.000000  1.000000  0.000000  0.000000  0.000000  1.000000  1.000000  0.000000  0.000000  0.000000  -0.000000  1.000000  0.000000  -1.000000  -0.000000  0.000000  0.000000  
155.358712 0.006976  0.097775  0.008572  0.996498  0.071761  -0.042915  0.039820  0.044008  0.998237  0.073523  -0.996451  0.040997  -0.001083  0.002838  -0.001143  0.000000  0.000000  0.000000  2.000000  1.000000  0.000000  0.000000  0.000000  -0.000000  1.000000  0.000000  -1.000000  -0.000000  0.999992  0.001622  0.003632  -0.001626  0.999998  0.001115  -0.003631  -0.001121  0.999993  1.000000  0.000000  0.000000  0.000000  1.000000  0.000000  0.000000  0.000000  1.000000  1.000000  0.000000  0.000000  0.000000  -0.000000  1.000000  0.000000  -1.000000  -0.000000  0.000000  0.000000  
155.359961 0.006976  0.097780  0.008573  0.996503  0.072054  -0.042309  0.039204  0.043975  0.998263  0.073790  -0.996431  0.040996  -0.000812  0.002966  -0.000766  0.000000  0.000000  0.000000  2.000000  1.000000  0.000000  0.000000  0.000000  -0.000000  1.000000  0.000000  -1.000000  -0.000000  0.999989  0.002048  0.004231  -0.002053  0.999997  0.001038  -0.004229  -0.001047  0.999991  1.000000  0.000000  0.000000  0.000000  1.000000  0.000000  0.000000  0.000000  1.000000  1.000000  0.000000  0.000000  0.000000  -0.000000  1.000000  0.000000  -1.000000  -0.000000  0.000000  0.000000  
155.361208 0.006977  0.097785  0.008574  0.996505  0.072485  -0.041512  0.038382  0.044052  0.998292  0.074190  -0.996396  0.041116  -0.000532  0.003085  -0.000437  0.057467  -0.168967  0.088096  2.000000  1.000000  0.000033  0.000063  -0.000063  -0.000012  1.000000  0.000033  -1.000000  -0.000012  0.999984  0.002617  0.005030  -0.002622  0.999996  0.000976  -0.005027  -0.000989  0.999987  1.000000  0.000033  0.000063  -0.000033  1.000000  0.000012  -0.000063  -0.000012  1.000000  1.000000  0.000033  0.000063  -0.000063  -0.000012  1.000000  0.000033  -1.000000  -0.000012  0.000049  0.005754  
155.362458 0.006979  0.097790  0.008576  0.996507  0.072921  -0.040707  0.037561  0.044007  0.998325  0.074590  -0.996366  0.041114  -0.000161  0.003253  0.000092  0.055447  -0.195970  0.102712  2.000000  1.000000  0.000208  0.000413  -0.000413  -0.000070  1.000000  0.000208  -1.000000  -0.000070  0.999979  0.002918  0.005839  -0.002923  0.999995  0.000913  -0.005837  -0.000930  0.999983  1.000000  0.000037  0.000073  -0.000037  1.000000  0.000012  -0.000073  -0.000012  1.000000  1.000000  0.000208  0.000413  -0.000413  -0.000070  1.000000  0.000208  -1.000000  -0.000070  0.000056  0.006593  
155.363460 0.006980  0.097794  0.008577  0.996510  0.073210  -0.040110  0.036944  0.044093  0.998344  0.074857  -0.996341  0.041234  0.000089  0.003364  0.000404  0.049347  -0.223154  0.112844  2.000000  1.000000  0.000325  0.000652  -0.000652  -0.000103  1.000000  0.000325  -1.000000  -0.000103  0.999973  0.003220  0.006649  -0.003225  0.999994  0.000852  -0.006646  -0.000873  0.999978  1.000000  0.000040  0.000083  -0.000040  1.000000  0.000011  -0.000083  -0.000011  1.000000  1.000000  0.000325  0.000652  -0.000652  -0.000103  1.000000  0.000325  -1.000000  -0.000103  0.000064  0.007437  
155.364709 0.006981  0.097799  0.008580  0.996512  0.073499  -0.039513  0.036328  0.044179  0.998363  0.075124  -0.996316  0.041354  0.000264  0.003423  0.000702  0.043282  -0.250573  0.118509  2.000000  0.999999  0.000537  0.001085  -0.001085  -0.000150  0.999999  0.000537  -1.000000  -0.000149  0.999968  0.003513  0.007253  -0.003518  0.999994  0.000653  -0.007250  -0.000679  0.999973  1.000000  0.000044  0.000091  -0.000044  1.000000  0.000008  -0.000091  -0.000008  1.000000  0.999999  0.000537  0.001085  -0.001085  -0.000150  0.999999  0.000537  -1.000000  -0.000149  0.000069  0.008086  
155.365710 0.006983  0.097802  0.008582  0.996504  0.073921  -0.038922  0.035712  0.044269  0.998381  0.075524  -0.996281  0.041474  0.000411  0.003454  0.000840  0.040781  -0.270640  0.132850  2.000000  0.999999  0.000720  0.001460  -0.001460  -0.000180  0.999999  0.000720  -1.000000  -0.000179  0.999964  0.003797  0.007652  -0.003801  0.999993  0.000562  -0.007650  -0.000591  0.999971  1.000000  0.000047  0.000096  -0.000047  1.000000  0.000007  -0.000096  -0.000007  1.000000  0.999999  0.000720  0.001460  -0.001460  -0.000180  0.999999  0.000720  -1.000000  -0.000179  0.000075  0.008562  
155.366960 0.006984  0.097807  0.008584  0.996513  0.074219  -0.038120  0.034890  0.044338  0.998407  0.075791  -0.996256  0.041594  0.000595  0.003494  0.001014  0.033958  -0.288897  0.141699  2.000000  0.999998  0.000978  0.001984  -0.001983  -0.000209  0.999998  0.000978  -1.000000  -0.000207  0.999953  0.004376  0.008655  -0.004378  0.999990  0.000270  -0.008653  -0.000308  0.999963  1.000000  0.000055  0.000108  -0.000055  1.000000  0.000004  -0.000108  -0.000004  1.000000  0.999998  0.000978  0.001984  -0.001983  -0.000209  0.999998  0.000978  -1.000000  -0.000207  0.000081  0.009702  
155.368214 0.006986  0.097810  0.008586  0.996511  0.074651  -0.037324  0.034069  0.044412  0.998432  0.076191  -0.996220  0.041714  0.000816  0.003460  0.001194  0.028158  -0.317967  0.157346  2.000000  0.999996  0.001264  0.002555  -0.002554  -0.000227  0.999997  0.001265  -0.999999  -0.000224  0.999944  0.004812  0.009458  -0.004814  0.999988  0.000208  -0.009457  -0.000253  0.999955  1.000000  0.000060  0.000118  -0.000060  1.000000  0.000003  -0.000118  -0.000003  1.000000  0.999996  0.001264  0.002555  -0.002554  -0.000227  0.999997  0.001265  -0.999999  -0.000224  0.000088  0.010614  
155.369458 0.006988  0.097812  0.008589  0.996501  0.075069  -0.036742  0.033452  0.044621  0.998444  0.076592  -0.996179  0.041954  0.000925  0.003339  0.001354  0.017537  -0.338099  0.171727  2.000000  0.999994  0.001573  0.003163  -0.003163  -0.000232  0.999995  0.001573  -0.999999  -0.000227  0.999939  0.004963  0.009862  -0.004964  0.999988  -0.000004  -0.009862  -0.000045  0.999951  1.000000  0.000062  0.000123  -0.000062  1.000000  0.000000  -0.000123  -0.000000  1.000000  0.999994  0.001573  0.003163  -0.003163  -0.000232  0.999995  0.001573  -0.999999  -0.000227  0.000094  0.011041  
155.370460 0.006989  0.097814  0.008591  0.996501  0.075358  -0.036146  0.032836  0.044705  0.998460  0.076858  -0.996154  0.042074  0.001005  0.003212  0.001461  0.015025  -0.358195  0.186092  2.000000  0.999992  0.001833  0.003661  -0.003661  -0.000228  0.999993  0.001833  -0.999998  -0.000221  0.999936  0.005240  0.010055  -0.005240  0.999986  -0.000109  -0.010055  0.000056  0.999949  1.000000  0.000066  0.000126  -0.000066  1.000000  -0.000001  -0.000126  0.000001  1.000000  0.999992  0.001833  0.003661  -0.003661  -0.000228  0.999993  0.001833  -0.999998  -0.000221  0.000100  0.011339  
155.371464 0.006991  0.097815  0.008594  0.996484  0.075772  -0.035761  0.032425  0.044808  0.998469  0.077259  -0.996118  0.042194  0.001088  0.003140  0.001624  0.007976  -0.371351  0.200118  2.000000  0.999990  0.002036  0.004041  -0.004040  -0.000218  0.999992  0.002037  -0.999998  -0.000210  0.999934  0.005510  0.010042  -0.005506  0.999985  -0.000473  -0.010045  0.000417  0.999949  1.000000  0.000069  0.000126  -0.000069  1.000000  -0.000006  -0.000126  0.000006  1.000000  0.999990  0.002036  0.004041  -0.004040  -0.000218  0.999992  0.002037  -0.999998  -0.000210  0.000104  0.011464  
155.372713 0.006993  0.097817  0.008598  0.996472  0.076195  -0.035170  0.031808  0.044895  0.998485  0.077659  -0.996082  0.042313  0.001213  0.002997  0.001780  0.005562  -0.392237  0.210320  2.000000  0.999986  0.002395  0.004686  -0.004685  -0.000191  0.999989  0.002395  -0.999997  -0.000179  0.999928  0.005929  0.010435  -0.005924  0.999982  -0.000563  -0.010438  0.000501  0.999945  1.000000  0.000074  0.000130  -0.000074  1.000000  -0.000007  -0.000130  0.000007  1.000000  0.999986  0.002395  0.004686  -0.004685  -0.000191  0.999989  0.002395  -0.999997  -0.000179  0.000111  0.012014  
155.373963 0.006996  0.097817  0.008601  0.996444  0.076738  -0.034800  0.031397  0.045123  0.998488  0.078192  -0.996030  0.042553  0.001309  0.002699  0.001939  -0.005529  -0.404648  0.228574  2.000000  0.999982  0.002776  0.005353  -0.005352  -0.000153  0.999986  0.002777  -0.999996  -0.000138  0.999922  0.006217  0.010832  -0.006208  0.999980  -0.000775  -0.010837  0.000707  0.999941  1.000000  0.000078  0.000135  -0.000078  1.000000  -0.000009  -0.000135  0.000009  1.000000  0.999982  0.002776  0.005353  -0.005352  -0.000153  0.999986  0.002777  -0.999996  -0.000138  0.000117  0.012512  
155.374964 0.006997  0.097817  0.008602  0.996436  0.077019  -0.034410  0.030986  0.045220  0.998496  0.078459  -0.996004  0.042673  0.001391  0.002409  0.001993  -0.012583  -0.417978  0.238099  2.000000  0.999978  0.003093  0.005894  -0.005894  -0.000115  0.999983  0.003094  -0.999995  -0.000096  0.999921  0.006351  0.010826  -0.006342  0.999979  -0.000894  -0.010831  0.000826  0.999941  1.000000  0.000079  0.000135  -0.000079  1.000000  -0.000011  -0.000135  0.000011  1.000000  0.999978  0.003093  0.005894  -0.005894  -0.000115  0.999983  0.003094  -0.999995  -0.000096  0.000121  0.012581  
155.376213 0.006999  0.097816  0.008604  0.996423  0.077438  -0.033829  0.030369  0.045427  0.998506  0.078859  -0.995962  0.042913  0.001452  0.001985  0.002009  -0.022675  -0.444911  0.257337  2.000000  0.999972  0.003497  0.006560  -0.006560  -0.000055  0.999978  0.003497  -0.999994  -0.000032  0.999923  0.006479  0.010613  -0.006467  0.999978  -0.001149  -0.010620  0.001080  0.999943  1.000000  0.000081  0.000133  -0.000081  1.000000  -0.000014  -0.000133  0.000014  1.000000  0.999972  0.003497  0.006560  -0.006560  -0.000055  0.999978  0.003497  -0.999994  -0.000032  0.000128  0.012485  
155.377464 0.007001  0.097815  0.008605  0.996398  0.077843  -0.033650  0.030163  0.045545  0.998507  0.079259  -0.995925  0.043033  0.001518  0.001618  0.001939  -0.026159  -0.451588  0.271360  2.000000  0.999966  0.003903  0.007210  -0.007210  0.000016  0.999974  0.003903  -0.999992  0.000044  0.999927  0.006463  0.010202  -0.006450  0.999978  -0.001296  -0.010210  0.001230  0.999947  1.000000  0.000081  0.000128  -0.000081  1.000000  -0.000016  -0.000128  0.000016  1.000000  0.999966  0.003903  0.007210  -0.007210  0.000016  0.999974  0.003903  -0.999992  0.000044  0.000132  0.012143  
155.378706 0.007003  0.097814  0.008604  0.996378  0.078253  -0.033275  0.029752  0.045767  0.998509  0.079660  -0.995882  0.043273  0.001535  0.001247  0.001741  -0.037417  -0.454028  0.278190  2.000000  0.999960  0.004314  0.007842  -0.007843  0.000099  0.999969  0.004313  -0.999991  0.000133  0.999928  0.006590  0.009989  -0.006575  0.999977  -0.001550  -0.009999  0.001485  0.999949  1.000000  0.000082  0.000125  -0.000082  1.000000  -0.000019  -0.000125  0.000019  1.000000  0.999960  0.004314  0.007842  -0.007843  0.000099  0.999969  0.004313  -0.999991  0.000133  0.000135  0.012063  
155.379707 0.007004  0.097812  0.008603  0.996369  0.078535  -0.032885  0.029341  0.045863  0.998517  0.079926  -0.995856  0.043393  0.001530  0.000913  0.001539  -0.041392  -0.453556  0.287084  2.000000  0.999956  0.004566  0.008219  -0.008220  0.000157  0.999966  0.004565  -0.999990  0.000194  0.999925  0.006734  0.010187  -0.006717  0.999976  -0.001655  -0.010198  0.001587  0.999947  1.000000  0.000084  0.000127  -0.000084  1.000000  -0.000020  -0.000127  0.000020  1.000000  0.999956  0.004566  0.008219  -0.008220  0.000157  0.999966  0.004565  -0.999990  0.000194  0.000136  0.012319  
155.380959 0.007006  0.097810  0.008601  0.996343  0.078936  -0.032716  0.029135  0.046101  0.998512  0.080326  -0.995813  0.043633  0.001519  0.000444  0.001270  -0.054341  -0.450237  0.293714  2.000000  0.999948  0.004990  0.008838  -0.008839  0.000263  0.999961  0.004988  -0.999988  0.000307  0.999930  0.006719  0.009775  -0.006701  0.999976  -0.001803  -0.009787  0.001737  0.999951  1.000000  0.000084  0.000122  -0.000084  1.000000  -0.000022  -0.000122  0.000022  1.000000  0.999948  0.004990  0.008838  -0.008839  0.000263  0.999961  0.004988  -0.999988  0.000307  0.000135  0.011993  
155.381960 0.007007  0.097808  0.008599  0.996327  0.079204  -0.032542  0.028929  0.046335  0.998507  0.080593  -0.995781  0.043873  0.001489  0.000070  0.001000  -0.062441  -0.449874  0.302796  2.000000  0.999942  0.005327  0.009308  -0.009310  0.000355  0.999957  0.005324  -0.999986  0.000404  0.999936  0.006693  0.009159  -0.006676  0.999976  -0.001967  -0.009172  0.001906  0.999956  1.000000  0.000084  0.000115  -0.000084  1.000000  -0.000024  -0.000115  0.000024  1.000000  0.999942  0.005327  0.009308  -0.009310  0.000355  0.999957  0.005324  -0.999986  0.000404  0.000136  0.011508  
155.382960 0.007007  0.097806  0.008597  0.996312  0.079476  -0.032357  0.028724  0.046447  0.998508  0.080860  -0.995754  0.043993  0.001441  -0.000254  0.000748  -0.065864  -0.445851  0.304716  2.000000  0.999936  0.005662  0.009748  -0.009751  0.000459  0.999952  0.005657  -0.999984  0.000514  0.999939  0.006678  0.008747  -0.006658  0.999975  -0.002237  -0.008762  0.002179  0.999959  1.000000  0.000083  0.000109  -0.000083  1.000000  -0.000028  -0.000109  0.000028  1.000000  0.999936  0.005662  0.009748  -0.009751  0.000459  0.999952  0.005657  -0.999984  0.000514  0.000137  0.011224  
155.384213 0.007009  0.097805  0.008596  0.996285  0.079873  -0.032199  0.028518  0.046806  0.998497  0.081260  -0.995706  0.044354  0.001414  -0.000524  0.000506  -0.079051  -0.442219  0.316024  2.000000  0.999929  0.006075  0.010256  -0.010260  0.000598  0.999947  0.006069  -0.999981  0.000661  0.999947  0.006510  0.007930  -0.006491  0.999976  -0.002415  -0.007946  0.002364  0.999966  1.000000  0.000081  0.000099  -0.000081  1.000000  -0.000030  -0.000099  0.000030  1.000000  0.999929  0.006075  0.010256  -0.010260  0.000598  0.999947  0.006069  -0.999981  0.000661  0.000138  0.010535  
155.385460 0.007010  0.097804  0.008596  0.996269  0.080141  -0.032024  0.028312  0.047039  0.998492  0.081527  -0.995673  0.044595  0.001386  -0.000718  0.000219  -0.087425  -0.424860  0.312889  2.000000  0.999921  0.006489  0.010733  -0.010738  0.000752  0.999942  0.006481  -0.999979  0.000822  0.999950  0.006628  0.007513  -0.006609  0.999975  -0.002565  -0.007529  0.002515  0.999968  1.000000  0.000083  0.000094  -0.000083  1.000000  -0.000032  -0.000094  0.000032  1.000000  0.999921  0.006489  0.010733  -0.010738  0.000752  0.999942  0.006481  -0.999979  0.000822  0.000136  0.010336  
155.386474 0.007011  0.097803  0.008596  0.996247  0.080400  -0.032056  0.028311  0.047289  0.998480  0.081793  -0.995640  0.044835  0.001307  -0.000906  0.000072  -0.097747  -0.407474  0.314501  2.000000  0.999917  0.006738  0.011004  -0.011010  0.000853  0.999939  0.006728  -0.999977  0.000927  0.999953  0.006612  0.007100  -0.006592  0.999974  -0.002837  -0.007118  0.002790  0.999971  1.000000  0.000083  0.000089  -0.000083  1.000000  -0.000035  -0.000089  0.000035  1.000000  0.999917  0.006738  0.011004  -0.011010  0.000853  0.999939  0.006728  -0.999977  0.000927  0.000134  0.010102  
155.387710 0.007011  0.097800  0.008596  0.996225  0.080654  -0.032097  0.028311  0.047660  0.998462  0.082060  -0.995602  0.045197  0.001216  -0.001104  -0.000132  -0.111512  -0.387168  0.309379  2.000000  0.999911  0.007069  0.011337  -0.011345  0.000998  0.999935  0.007057  -0.999975  0.001078  0.999957  0.006587  0.006483  -0.006567  0.999974  -0.003003  -0.006502  0.002960  0.999974  1.000000  0.000082  0.000081  -0.000082  1.000000  -0.000037  -0.000081  0.000037  1.000000  0.999911  0.007069  0.011337  -0.011345  0.000998  0.999935  0.007057  -0.999975  0.001078  0.000129  0.009711  
155.388713 0.007012  0.097798  0.008596  0.996209  0.080923  -0.031923  0.028105  0.047893  0.998457  0.082327  -0.995569  0.045437  0.001082  -0.001292  -0.000340  -0.120110  -0.379985  0.313578  2.000000  0.999905  0.007399  0.011648  -0.011657  0.001152  0.999931  0.007385  -0.999972  0.001238  0.999960  0.006570  0.006071  -0.006551  0.999974  -0.003153  -0.006092  0.003113  0.999977  1.000000  0.000082  0.000076  -0.000082  1.000000  -0.000039  -0.000076  0.000039  1.000000  0.999905  0.007399  0.011648  -0.011657  0.001152  0.999931  0.007385  -0.999972  0.001238  0.000129  0.009478  
155.389962 0.007012  0.097797  0.008598  0.996176  0.081310  -0.031971  0.028104  0.048268  0.998439  0.082727  -0.995519  0.045798  0.000977  -0.001323  -0.000320  -0.129725  -0.359201  0.312750  2.000000  0.999898  0.007805  0.011996  -0.012007  0.001359  0.999927  0.007788  -0.999969  0.001452  0.999966  0.006401  0.005254  -0.006383  0.999974  -0.003456  -0.005276  0.003423  0.999980  1.000000  0.000080  0.000066  -0.000080  1.000000  -0.000043  -0.000066  0.000043  1.000000  0.999898  0.007805  0.011996  -0.012007  0.001359  0.999927  0.007788  -0.999969  0.001452  0.000125  0.008967  
155.390964 0.007012  0.097796  0.008599  0.996154  0.081565  -0.032013  0.028103  0.048638  0.998421  0.082993  -0.995481  0.046159  0.000845  -0.001379  -0.000327  -0.144018  -0.331543  0.311581  2.000000  0.999892  0.008130  0.012245  -0.012258  0.001535  0.999924  0.008110  -0.999966  0.001635  0.999967  0.006518  0.004836  -0.006500  0.999972  -0.003729  -0.004860  0.003697  0.999981  1.000000  0.000081  0.000061  -0.000081  1.000000  -0.000046  -0.000061  0.000046  1.000000  0.999892  0.008130  0.012245  -0.012258  0.001535  0.999924  0.008110  -0.999966  0.001635  0.000121  0.008925  
155.391965 0.007012  0.097795  0.008601  0.996132  0.081824  -0.032045  0.028103  0.048888  0.998409  0.083260  -0.995447  0.046400  0.000785  -0.001361  -0.000207  -0.153695  -0.310785  0.310671  2.000000  0.999887  0.008450  0.012463  -0.012478  0.001722  0.999921  0.008428  -0.999963  0.001827  0.999971  0.006357  0.004225  -0.006341  0.999973  -0.003774  -0.004249  0.003747  0.999984  1.000000  0.000079  0.000053  -0.000079  1.000000  -0.000047  -0.000053  0.000047  1.000000  0.999887  0.008450  0.012463  -0.012478  0.001722  0.999921  0.008428  -0.999963  0.001827  0.000117  0.008509  
155.393211 0.007013  0.097794  0.008603  0.996098  0.082211  -0.032094  0.028102  0.049263  0.998390  0.083660  -0.995397  0.046760  0.000673  -0.001348  -0.000092  -0.162610  -0.280897  0.307074  2.000000  0.999880  0.008839  0.012700  -0.012718  0.001968  0.999917  0.008813  -0.999959  0.002080  0.999975  0.006063  0.003620  -0.006048  0.999973  -0.004062  -0.003644  0.004040  0.999985  1.000000  0.000076  0.000045  -0.000076  1.000000  -0.000051  -0.000045  0.000051  1.000000  0.999880  0.008839  0.012700  -0.012718  0.001968  0.999917  0.008813  -0.999959  0.002080  0.000113  0.008141  
155.394218 0.007013  0.097793  0.008605  0.996076  0.082466  -0.032136  0.028101  0.049634  0.998372  0.083927  -0.995357  0.047121  0.000604  -0.001310  0.000152  -0.173627  -0.262385  0.308669  2.000000  0.999877  0.009072  0.012824  -0.012844  0.002124  0.999915  0.009044  -0.999957  0.002240  0.999976  0.006178  0.003201  -0.006164  0.999972  -0.004336  -0.003228  0.004316  0.999985  1.000000  0.000077  0.000040  -0.000077  1.000000  -0.000054  -0.000040  0.000054  1.000000  0.999877  0.009072  0.012824  -0.012844  0.002124  0.999915  0.009044  -0.999957  0.002240  0.000112  0.008194  
155.395460 0.007013  0.097793  0.008607  0.996042  0.082854  -0.032185  0.028100  0.050008  0.998353  0.084327  -0.995306  0.047482  0.000519  -0.001229  0.000377  -0.183392  -0.241722  0.307921  2.000000  0.999871  0.009457  0.013007  -0.013031  0.002398  0.999912  0.009425  -0.999952  0.002521  0.999978  0.006026  0.002795  -0.006014  0.999972  -0.004488  -0.002822  0.004471  0.999986  1.000000  0.000075  0.000035  -0.000075  1.000000  -0.000056  -0.000035  0.000056  1.000000  0.999871  0.009457  0.013007  -0.013031  0.002398  0.999912  0.009425  -0.999952  0.002521  0.000110  0.008012  
155.396711 0.007014  0.097793  0.008610  0.996019  0.083108  -0.032228  0.028100  0.050379  0.998335  0.084593  -0.995266  0.047843  0.000480  -0.001038  0.000748  -0.193691  -0.214070  0.306729  2.000000  0.999865  0.009838  0.013157  -0.013184  0.002687  0.999909  0.009802  -0.999948  0.002816  0.999980  0.005998  0.002178  -0.005988  0.999971  -0.004778  -0.002207  0.004765  0.999986  1.000000  0.000075  0.000027  -0.000075  1.000000  -0.000060  -0.000027  0.000060  1.000000  0.999865  0.009838  0.013157  -0.013184  0.002687  0.999909  0.009802  -0.999948  0.002816  0.000108  0.007968  
155.397957 0.007014  0.097793  0.008612  0.995997  0.083359  -0.032281  0.028099  0.050871  0.998310  0.084860  -0.995220  0.048325  0.000462  -0.000883  0.000966  -0.205811  -0.191913  0.298889  2.000000  0.999860  0.010215  0.013278  -0.013309  0.002992  0.999907  0.010174  -0.999943  0.003127  0.999981  0.005846  0.001772  -0.005837  0.999970  -0.005052  -0.001801  0.005042  0.999986  1.000000  0.000073  0.000022  -0.000073  1.000000  -0.000063  -0.000022  0.000063  1.000000  0.999860  0.010215  0.013278  -0.013309  0.002992  0.999907  0.010174  -0.999943  0.003127  0.000105  0.007924  
155.398959 0.007015  0.097793  0.008614  0.995974  0.083617  -0.032315  0.028098  0.051120  0.998297  0.085127  -0.995186  0.048565  0.000439  -0.000779  0.001145  -0.211461  -0.171352  0.297991  2.000000  0.999856  0.010510  0.013359  -0.013394  0.003248  0.999905  0.010465  -0.999939  0.003388  0.999982  0.005836  0.001564  -0.005828  0.999969  -0.005310  -0.001595  0.005301  0.999985  1.000000  0.000073  0.000020  -0.000073  1.000000  -0.000066  -0.000020  0.000066  1.000000  0.999856  0.010510  0.013359  -0.013394  0.003248  0.999905  0.010465  -0.999939  0.003388  0.000103  0.008041  
155.399959 0.007016  0.097795  0.008616  0.995957  0.083882  -0.032153  0.027893  0.051474  0.998285  0.085393  -0.995145  0.048926  0.000437  -0.000623  0.001334  -0.220077  -0.164459  0.297750  2.000000  0.999852  0.010799  0.013423  -0.013461  0.003512  0.999903  0.010751  -0.999936  0.003657  0.999983  0.005683  0.001160  -0.005677  0.999970  -0.005343  -0.001190  0.005336  0.999985  1.000000  0.000071  0.000015  -0.000071  1.000000  -0.000067  -0.000015  0.000067  1.000000  0.999852  0.010799  0.013423  -0.013461  0.003512  0.999903  0.010751  -0.999936  0.003657  0.000101  0.007884  
155.400959 0.007017  0.097796  0.008618  0.995934  0.084137  -0.032196  0.027892  0.051845  0.998266  0.085660  -0.995105  0.049287  0.000421  -0.000502  0.001475  -0.230136  -0.144308  0.292844  2.000000  0.999848  0.011082  0.013476  -0.013519  0.003786  0.999901  0.011030  -0.999931  0.003935  0.999984  0.005540  0.000959  -0.005534  0.999969  -0.005601  -0.000990  0.005596  0.999984  1.000000  0.000069  0.000012  -0.000069  1.000000  -0.000070  -0.000012  0.000070  1.000000  0.999848  0.011082  0.013476  -0.013519  0.003786  0.999901  0.011030  -0.999931  0.003935  0.000100  0.007934  
155.401961 0.007018  0.097797  0.008619  0.995911  0.084391  -0.032240  0.027891  0.052215  0.998246  0.085926  -0.995064  0.049648  0.000456  -0.000335  0.001561  -0.237424  -0.124733  0.289434  2.000000  0.999845  0.011296  0.013510  -0.013556  0.003999  0.999900  0.011241  -0.999928  0.004152  0.999983  0.005674  0.000950  -0.005668  0.999967  -0.005844  -0.000983  0.005838  0.999982  1.000000  0.000071  0.000012  -0.000071  1.000000  -0.000073  -0.000012  0.000073  1.000000  0.999845  0.011296  0.013510  -0.013556  0.003999  0.999900  0.011241  -0.999928  0.004152  0.000101  0.008198  
155.402972 0.007019  0.097798  0.008622  0.995894  0.084656  -0.032079  0.027686  0.052569  0.998233  0.086193  -0.995023  0.050009  0.000506  -0.000113  0.001715  -0.246003  -0.117931  0.284537  2.000000  0.999841  0.011583  0.013547  -0.013598  0.004294  0.999898  0.011524  -0.999924  0.004451  0.999983  0.005674  0.000948  -0.005668  0.999966  -0.005964  -0.000982  0.005959  0.999982  1.000000  0.000071  0.000012  -0.000071  1.000000  -0.000075  -0.000012  0.000075  1.000000  0.999841  0.011583  0.013547  -0.013598  0.004294  0.999898  0.011524  -0.999924  0.004451  0.000101  0.008285  
155.404214 0.007020  0.097799  0.008625  0.995859  0.085040  -0.032140  0.027685  0.053064  0.998207  0.086593  -0.994964  0.050490  0.000570  0.000126  0.001910  -0.255277  -0.104062  0.283973  2.000000  0.999837  0.011874  0.013584  -0.013639  0.004602  0.999896  0.011810  -0.999919  0.004764  0.999983  0.005798  0.000734  -0.005793  0.999963  -0.006345  -0.000771  0.006340  0.999980  1.000000  0.000072  0.000009  -0.000072  1.000000  -0.000079  -0.000009  0.000079  1.000000  0.999837  0.011874  0.013584  -0.013639  0.004602  0.999896  0.011810  -0.999919  0.004764  0.000101  0.008624  
155.405214 0.007022  0.097801  0.008629  0.995842  0.085305  -0.031979  0.027479  0.053417  0.998194  0.086860  -0.994922  0.050851  0.000646  0.000332  0.002053  -0.263975  -0.097105  0.283679  2.000000  0.999833  0.012164  0.013615  -0.013676  0.004922  0.999894  0.012096  -0.999914  0.005087  0.999983  0.005798  0.000731  -0.005793  0.999962  -0.006587  -0.000769  0.006583  0.999978  1.000000  0.000072  0.000009  -0.000072  1.000000  -0.000082  -0.000009  0.000082  1.000000  0.999833  0.012164  0.013615  -0.013676  0.004922  0.999894  0.012096  -0.999914  0.005087  0.000102  0.008804  
155.406462 0.007023  0.097804  0.008634  0.995801  0.085833  -0.031843  0.027273  0.053898  0.998174  0.087393  -0.994851  0.051331  0.000738  0.000597  0.002266  -0.274533  -0.088988  0.290038  2.000000  0.999828  0.012530  0.013654  -0.013722  0.005330  0.999892  0.012456  -0.999907  0.005501  0.999983  0.005788  0.000524  -0.005784  0.999961  -0.006725  -0.000563  0.006721  0.999977  1.000000  0.000072  0.000007  -0.000072  1.000000  -0.000084  -0.000007  0.000084  1.000000  0.999828  0.012530  0.013654  -0.013722  0.005330  0.999892  0.012456  -0.999907  0.005501  0.000102  0.008887  
155.407712 0.007025  0.097807  0.008640  0.995771  0.086224  -0.031710  0.027067  0.054497  0.998147  0.087793  -0.994784  0.051933  0.000837  0.000840  0.002491  -0.287216  -0.082035  0.289768  2.000000  0.999823  0.012900  0.013696  -0.013771  0.005747  0.999889  0.012820  -0.999900  0.005924  0.999983  0.005799  0.000725  -0.005794  0.999960  -0.006829  -0.000765  0.006824  0.999976  1.000000  0.000072  0.000009  -0.000072  1.000000  -0.000085  -0.000009  0.000085  1.000000  0.999823  0.012900  0.013696  -0.013771  0.005747  0.999889  0.012820  -0.999900  0.005924  0.000104  0.008986  
155.408963 0.007028  0.097811  0.008647  0.995753  0.086486  -0.031560  0.026861  0.054971  0.998127  0.088059  -0.994735  0.052414  0.001004  0.001185  0.002796  -0.298252  -0.076138  0.282841  2.000000  0.999817  0.013274  0.013744  -0.013827  0.006171  0.999885  0.013187  -0.999893  0.006354  0.999982  0.005933  0.000715  -0.005928  0.999958  -0.006950  -0.000757  0.006945  0.999976  1.000000  0.000074  0.000009  -0.000074  1.000000  -0.000087  -0.000009  0.000087  1.000000  0.999817  0.013274  0.013744  -0.013827  0.006171  0.999885  0.013187  -0.999893  0.006354  0.000105  0.009164  
155.410213 0.007030  0.097815  0.008655  0.995723  0.086878  -0.031429  0.026655  0.055569  0.998099  0.088459  -0.994668  0.053016  0.001155  0.001513  0.003193  -0.312507  -0.068357  0.284652  2.000000  0.999813  0.013577  0.013788  -0.013878  0.006525  0.999882  0.013486  -0.999887  0.006713  0.999981  0.006089  0.001114  -0.006080  0.999955  -0.007279  -0.001159  0.007272  0.999973  1.000000  0.000076  0.000014  -0.000076  1.000000  -0.000091  -0.000014  0.000091  1.000000  0.999813  0.013577  0.013788  -0.013878  0.006525  0.999882  0.013486  -0.999887  0.006713  0.000108  0.009553  
155.411459 0.007032  0.097819  0.008662  0.995693  0.087273  -0.031287  0.026449  0.056046  0.998078  0.088859  -0.994607  0.053496  0.001263  0.001777  0.003518  -0.320811  -0.068303  0.284898  2.000000  0.999807  0.013959  0.013856  -0.013954  0.006979  0.999878  0.013861  -0.999878  0.007173  0.999981  0.005966  0.001323  -0.005957  0.999955  -0.007383  -0.001367  0.007375  0.999972  1.000000  0.000075  0.000017  -0.000075  1.000000  -0.000092  -0.000017  0.000092  1.000000  0.999807  0.013959  0.013856  -0.013954  0.006979  0.999878  0.013861  -0.999878  0.007173  0.000108  0.009581  
155.412707 0.007035  0.097824  0.008670  0.995668  0.087680  -0.030940  0.026038  0.056505  0.998063  0.089259  -0.994545  0.053977  0.001421  0.002083  0.003928  -0.330781  -0.075602  0.287427  2.000000  0.999800  0.014338  0.013941  -0.014049  0.007440  0.999874  0.014233  -0.999870  0.007640  0.999981  0.005978  0.001525  -0.005967  0.999953  -0.007608  -0.001570  0.007599  0.999970  1.000000  0.000075  0.000019  -0.000075  1.000000  -0.000095  -0.000019  0.000095  1.000000  0.999800  0.014338  0.013941  -0.014049  0.007440  0.999874  0.014233  -0.999870  0.007640  0.000110  0.009792  
155.413709 0.007037  0.097827  0.008676  0.995650  0.087943  -0.030791  0.025833  0.056978  0.998041  0.089525  -0.994495  0.054458  0.001514  0.002311  0.004199  -0.336064  -0.074861  0.285039  2.000000  0.999794  0.014646  0.014025  -0.014141  0.007812  0.999869  0.014535  -0.999862  0.008018  0.999980  0.006001  0.001932  -0.005986  0.999953  -0.007573  -0.001977  0.007561  0.999969  1.000000  0.000075  0.000024  -0.000075  1.000000  -0.000095  -0.000024  0.000095  1.000000  0.999794  0.014646  0.014025  -0.014141  0.007812  0.999869  0.014535  -0.999862  0.008018  0.000112  0.009849  
155.414961 0.007040  0.097832  0.008683  0.995636  0.088218  -0.030438  0.025422  0.057433  0.998026  0.089792  -0.994444  0.054939  0.001629  0.002551  0.004534  -0.342950  -0.088412  0.285746  2.000000  0.999787  0.015028  0.014148  -0.014274  0.008285  0.999864  0.014909  -0.999853  0.008498  0.999980  0.006013  0.002134  -0.005997  0.999953  -0.007555  -0.002179  0.007542  0.999969  1.000000  0.000075  0.000027  -0.000075  1.000000  -0.000094  -0.000027  0.000094  1.000000  0.999787  0.015028  0.014148  -0.014274  0.008285  0.999864  0.014909  -0.999853  0.008498  0.000113  0.009884  
155.416213 0.007043  0.097838  0.008689  0.995605  0.088610  -0.030308  0.025216  0.058030  0.997996  0.090191  -0.994375  0.055540  0.001749  0.002840  0.004828  -0.354082  -0.089047  0.288303  2.000000  0.999779  0.015408  0.014293  -0.014430  0.008760  0.999858  0.015280  -0.999843  0.008981  0.999979  0.006037  0.002540  -0.006018  0.999952  -0.007762  -0.002587  0.007746  0.999967  1.000000  0.000075  0.000032  -0.000075  1.000000  -0.000097  -0.000032  0.000097  1.000000  0.999779  0.015408  0.014293  -0.014430  0.008760  0.999858  0.015280  -0.999843  0.008981  0.000116  0.010150  
155.417460 0.007046  0.097843  0.008696  0.995579  0.089019  -0.029963  0.024805  0.058488  0.997980  0.090591  -0.994311  0.056021  0.001836  0.003041  0.005026  -0.357893  -0.101602  0.290994  2.000000  0.999771  0.015792  0.014459  -0.014606  0.009241  0.999851  0.015656  -0.999833  0.009470  0.999977  0.006062  0.002947  -0.006038  0.999951  -0.007847  -0.002994  0.007829  0.999965  1.000000  0.000076  0.000037  -0.000076  1.000000  -0.000098  -0.000037  0.000098  1.000000  0.999771  0.015792  0.014459  -0.014606  0.009241  0.999851  0.015656  -0.999833  0.009470  0.000118  0.010338  
155.418712 0.007049  0.097848  0.008702  0.995565  0.089294  -0.029610  0.024395  0.058942  0.997963  0.090858  -0.994260  0.056502  0.001969  0.003301  0.005258  -0.361297  -0.108299  0.291375  2.000000  0.999764  0.016104  0.014608  -0.014765  0.009631  0.999845  0.015961  -0.999824  0.009867  0.999976  0.006208  0.003141  -0.006183  0.999949  -0.007950  -0.003190  0.007931  0.999963  1.000000  0.000077  0.000040  -0.000077  1.000000  -0.000099  -0.000040  0.000099  1.000000  0.999764  0.016104  0.014608  -0.014765  0.009631  0.999845  0.015961  -0.999824  0.009867  0.000119  0.010557  
155.419714 0.007051  0.097852  0.008706  0.995546  0.089558  -0.029463  0.024189  0.059414  0.997940  0.091124  -0.994208  0.056983  0.002043  0.003427  0.005327  -0.367729  -0.116186  0.289704  2.000000  0.999756  0.016420  0.014775  -0.014941  0.010027  0.999838  0.016270  -0.999815  0.010269  0.999974  0.006233  0.003547  -0.006204  0.999948  -0.008036  -0.003597  0.008013  0.999961  1.000000  0.000078  0.000045  -0.000078  1.000000  -0.000100  -0.000045  0.000100  1.000000  0.999756  0.016420  0.014775  -0.014941  0.010027  0.999838  0.016270  -0.999815  0.010269  0.000122  0.010762  
155.420714 0.007054  0.097856  0.008711  0.995531  0.089834  -0.029111  0.023779  0.059868  0.997923  0.091391  -0.994156  0.057464  0.002144  0.003607  0.005364  -0.370578  -0.129833  0.290481  2.000000  0.999748  0.016738  0.014957  -0.015133  0.010430  0.999831  0.016579  -0.999806  0.010680  0.999973  0.006258  0.003954  -0.006225  0.999947  -0.008242  -0.004005  0.008217  0.999958  1.000000  0.000078  0.000050  -0.000078  1.000000  -0.000103  -0.000050  0.000103  1.000000  0.999748  0.016738  0.014957  -0.015133  0.010430  0.999831  0.016579  -0.999806  0.010680  0.000123  0.011069  
155.421960 0.007057  0.097861  0.008716  0.995504  0.090244  -0.028767  0.023368  0.060324  0.997905  0.091790  -0.994091  0.057944  0.002174  0.003705  0.005305  -0.374390  -0.142086  0.293326  2.000000  0.999738  0.017139  0.015194  -0.015383  0.010935  0.999822  0.016970  -0.999793  0.011196  0.999972  0.006272  0.004155  -0.006238  0.999947  -0.008223  -0.004207  0.008197  0.999958  1.000000  0.000078  0.000052  -0.000078  1.000000  -0.000103  -0.000052  0.000103  1.000000  0.999738  0.017139  0.015194  -0.015383  0.010935  0.999822  0.016970  -0.999793  0.011196  0.000124  0.011136  
