1-Time 2-Px 3-Py 4-Pz 5-R11 6-R21 7-R31 8-R12 9-R22 10-R32 11-R13 12-R23 13-R33 14-Vx 15-Vy 16-Vz 17-Wx 18-Wy 19-Wz 20-state 21-PR11 22-PR21 23-PR31 24-PR12 25-PR22 26-PR32 27-PR13 28-PR23 29-PR33 
60.824266 0.008481  0.096734  0.003419  0.991315  0.131506  0.000953  -0.005102  0.031219  0.999500  0.131411  -0.990824  0.031619  -0.000853  -0.000138  0.001013  0.059148  0.259844  -0.031160  2.000000  1.000000  0.000000  0.000000  0.000000  -0.000000  1.000000  0.000000  -1.000000  -0.000000  0.999988  -0.000560  -0.004882  0.000564  0.999999  0.000925  0.004882  -0.000928  0.999988  1.000000  0.000000  0.000000  0.000000  1.000000  0.000000  0.000000  0.000000  1.000000  0.720892  0.469799  0.509512  -0.496373  -0.163064  0.852657  0.483661  -0.867582  0.115644  0.000068  0.000000  
60.825270 0.008480  0.096733  0.003420  0.991316  0.131500  0.000747  -0.004898  0.031246  0.999500  0.131411  -0.990824  0.031619  -0.000874  -0.000160  0.001073  0.055953  0.252861  -0.030901  2.000000  1.000000  0.000000  0.000000  0.000000  -0.000000  1.000000  0.000000  -1.000000  -0.000000  0.999988  -0.000559  -0.004882  0.000564  0.999999  0.000925  0.004882  -0.000928  0.999988  1.000000  0.000000  0.000000  0.000000  1.000000  0.000000  0.000000  0.000000  1.000000  1.000000  0.000000  0.000000  0.000000  -0.000000  1.000000  0.000000  -1.000000  -0.000000  0.000067  0.000000  
60.826272 0.008481  0.096733  0.003422  0.991315  0.131506  0.000969  -0.005102  0.031098  0.999503  0.131411  -0.990827  0.031499  -0.000798  -0.000147  0.001141  0.057782  0.239179  -0.030419  2.000000  1.000000  0.000000  0.000000  0.000000  -0.000000  1.000000  0.000000  -1.000000  -0.000000  0.999991  -0.000539  -0.004271  0.000543  0.999999  0.001128  0.004270  -0.001130  0.999990  1.000000  0.000000  0.000000  0.000000  1.000000  0.000000  0.000000  0.000000  1.000000  1.000000  0.000000  0.000000  0.000000  -0.000000  1.000000  0.000000  -1.000000  -0.000000  0.000062  0.000000  
60.827276 0.008482  0.096733  0.003425  0.991330  0.131386  0.001384  -0.005510  0.031045  0.999503  0.131278  -0.990845  0.031499  -0.000716  -0.000151  0.001234  0.056089  0.217054  -0.033997  2.000000  1.000000  0.000000  0.000000  0.000000  -0.000000  1.000000  0.000000  -1.000000  -0.000000  0.999992  -0.000659  -0.003858  0.000663  0.999999  0.001061  0.003858  -0.001064  0.999992  1.000000  0.000000  0.000000  0.000000  1.000000  0.000000  0.000000  0.000000  1.000000  1.000000  0.000000  0.000000  0.000000  -0.000000  1.000000  0.000000  -1.000000  -0.000000  0.000059  0.000000  
60.828519 0.008483  0.096733  0.003429  0.991344  0.131272  0.002022  -0.006123  0.030843  0.999505  0.131145  -0.990866  0.031380  -0.000575  -0.000128  0.001389  0.061032  0.184194  -0.033062  2.000000  1.000000  0.000000  0.000000  0.000000  -0.000000  1.000000  0.000000  -1.000000  -0.000000  0.999995  -0.000766  -0.003038  0.000770  0.999999  0.001170  0.003037  -0.001172  0.999995  1.000000  0.000000  0.000000  0.000000  1.000000  0.000000  0.000000  0.000000  1.000000  1.000000  0.000000  0.000000  0.000000  -0.000000  1.000000  0.000000  -1.000000  -0.000000  0.000051  0.000000  
60.829525 0.008483  0.096733  0.003432  0.991361  0.131146  0.002232  -0.006327  0.030817  0.999505  0.131013  -0.990884  0.031380  -0.000459  -0.000152  0.001546  0.000000  0.000000  0.000000  2.000000  1.000000  0.000000  0.000000  0.000000  -0.000000  1.000000  0.000000  -1.000000  -0.000000  0.999997  -0.000880  -0.002422  0.000883  0.999999  0.001130  0.002421  -0.001132  0.999996  1.000000  0.000000  0.000000  0.000000  1.000000  0.000000  0.000000  0.000000  1.000000  1.000000  0.000000  0.000000  0.000000  -0.000000  1.000000  0.000000  -1.000000  -0.000000  0.000048  0.000000  
60.830772 0.008485  0.096732  0.003435  0.991359  0.131152  0.002454  -0.006531  0.030669  0.999508  0.131013  -0.990888  0.031260  -0.000290  -0.000173  0.001706  0.000000  0.000000  0.000000  2.000000  1.000000  0.000000  0.000000  0.000000  -0.000000  1.000000  0.000000  -1.000000  -0.000000  0.999998  -0.000727  -0.001815  0.000729  0.999999  0.001090  0.001814  -0.001092  0.999998  1.000000  0.000000  0.000000  0.000000  1.000000  0.000000  0.000000  0.000000  1.000000  1.000000  0.000000  0.000000  0.000000  -0.000000  1.000000  0.000000  -1.000000  -0.000000  0.000000  0.000000  
60.832024 0.008487  0.096732  0.003439  0.991356  0.131165  0.002865  -0.006939  0.030615  0.999507  0.131013  -0.990888  0.031260  -0.000113  -0.000219  0.001877  0.000000  0.000000  0.000000  2.000000  1.000000  0.000000  0.000000  0.000000  -0.000000  1.000000  0.000000  -1.000000  -0.000000  0.999999  -0.000707  -0.001203  0.000709  0.999999  0.001293  0.001202  -0.001294  0.999998  1.000000  0.000000  0.000000  0.000000  1.000000  0.000000  0.000000  0.000000  1.000000  1.000000  0.000000  0.000000  0.000000  -0.000000  1.000000  0.000000  -1.000000  -0.000000  0.000000  0.000000  
60.833273 0.008488  0.096731  0.003443  0.991334  0.131316  0.003478  -0.007551  0.030533  0.999505  0.131145  -0.990870  0.031260  0.000094  -0.000234  0.002071  0.000000  0.000000  0.000000  2.000000  1.000000  0.000000  0.000000  0.000000  -0.000000  1.000000  0.000000  -1.000000  -0.000000  1.000000  -0.000548  -0.000391  0.000548  0.999999  0.001280  0.000390  -0.001280  0.999999  1.000000  0.000000  0.000000  0.000000  1.000000  0.000000  0.000000  0.000000  1.000000  1.000000  0.000000  0.000000  0.000000  -0.000000  1.000000  0.000000  -1.000000  -0.000000  0.000000  0.000000  
60.834516 0.008490  0.096731  0.003447  0.991328  0.131341  0.004301  -0.008368  0.030424  0.999502  0.131145  -0.990870  0.031260  0.000248  -0.000252  0.002263  0.000000  0.000000  0.000000  2.000000  1.000000  0.000000  0.000000  0.000000  -0.000000  1.000000  0.000000  -1.000000  -0.000000  1.000000  -0.000509  0.000833  0.000508  0.999999  0.001321  -0.000833  -0.001321  0.999999  1.000000  0.000000  0.000000  0.000000  1.000000  0.000000  0.000000  0.000000  1.000000  1.000000  0.000000  0.000000  0.000000  -0.000000  1.000000  0.000000  -1.000000  -0.000000  0.000000  0.000000  
60.835519 0.008491  0.096731  0.003451  0.991322  0.131360  0.004919  -0.008980  0.030343  0.999499  0.131145  -0.990870  0.031260  0.000386  -0.000222  0.002431  0.000000  0.000000  0.000000  2.000000  1.000000  0.000000  0.000000  0.000000  -0.000000  1.000000  0.000000  -1.000000  -0.000000  0.999998  -0.000344  0.001848  0.000341  0.999999  0.001335  -0.001849  -0.001335  0.999997  1.000000  0.000000  0.000000  0.000000  1.000000  0.000000  0.000000  0.000000  1.000000  1.000000  0.000000  0.000000  0.000000  -0.000000  1.000000  0.000000  -1.000000  -0.000000  0.000000  0.000000  
60.836769 0.008491  0.096731  0.003456  0.991332  0.131252  0.005762  -0.009796  0.030115  0.999498  0.131013  -0.990892  0.031140  0.000503  -0.000207  0.002675  0.000000  0.000000  0.000000  2.000000  1.000000  0.000000  0.000000  0.000000  -0.000000  1.000000  0.000000  -1.000000  -0.000000  0.999995  -0.000439  0.003077  0.000435  0.999999  0.001498  -0.003077  -0.001496  0.999994  1.000000  0.000000  0.000000  0.000000  1.000000  0.000000  0.000000  0.000000  1.000000  1.000000  0.000000  0.000000  0.000000  -0.000000  1.000000  0.000000  -1.000000  -0.000000  0.000000  0.000000  
60.837769 0.008492  0.096731  0.003459  0.991341  0.131144  0.006589  -0.010613  0.030009  0.999493  0.130880  -0.990909  0.031141  0.000633  -0.000154  0.002831  0.000000  0.000000  0.000000  2.000000  1.000000  0.000000  0.000000  0.000000  -0.000000  1.000000  0.000000  -1.000000  -0.000000  0.999992  -0.000548  0.003897  0.000542  0.999999  0.001485  -0.003897  -0.001483  0.999991  1.000000  0.000000  0.000000  0.000000  1.000000  0.000000  0.000000  0.000000  1.000000  1.000000  0.000000  0.000000  0.000000  -0.000000  1.000000  0.000000  -1.000000  -0.000000  0.000000  0.000000  
60.839018 0.008493  0.096732  0.003465  0.991350  0.131037  0.007400  -0.011430  0.030023  0.999484  0.130747  -0.990923  0.031261  0.000780  -0.000109  0.003099  0.000000  0.000000  0.000000  2.000000  1.000000  -0.000008  0.000064  -0.000064  -0.000019  1.000000  -0.000008  -1.000000  -0.000019  0.999987  -0.000643  0.005125  0.000635  0.999999  0.001526  -0.005126  -0.001522  0.999986  1.000000  -0.000008  0.000064  0.000008  1.000000  0.000019  -0.000064  -0.000019  1.000000  1.000000  -0.000008  0.000064  -0.000064  -0.000019  1.000000  -0.000008  -1.000000  -0.000019  0.000000  0.005385  
60.840020 0.008494  0.096733  0.003469  0.991340  0.131062  0.008223  -0.012246  0.029915  0.999477  0.130747  -0.990923  0.031261  0.000910  -0.000016  0.003342  0.000000  0.000000  0.000000  2.000000  1.000000  -0.000031  0.000277  -0.000277  -0.000076  1.000000  -0.000031  -1.000000  -0.000076  0.999982  -0.000618  0.005941  0.000609  0.999999  0.001513  -0.005942  -0.001509  0.999981  1.000000  -0.000008  0.000074  0.000008  1.000000  0.000019  -0.000074  -0.000019  1.000000  1.000000  -0.000031  0.000277  -0.000277  -0.000076  1.000000  -0.000031  -1.000000  -0.000076  0.000000  0.006161  
60.841274 0.008495  0.096734  0.003476  0.991330  0.131087  0.009031  -0.013062  0.029929  0.999467  0.130747  -0.990919  0.031382  0.000953  0.000024  0.003609  0.066624  -0.165535  -0.026138  2.000000  1.000000  -0.000068  0.000694  -0.000694  -0.000170  1.000000  -0.000068  -1.000000  -0.000170  0.999974  -0.000580  0.007165  0.000569  0.999999  0.001432  -0.007166  -0.001428  0.999973  1.000000  -0.000007  0.000090  0.000007  1.000000  0.000018  -0.000090  -0.000018  1.000000  1.000000  -0.000068  0.000694  -0.000694  -0.000170  1.000000  -0.000068  -1.000000  -0.000170  0.000000  0.007329  
60.842526 0.008496  0.096736  0.003482  0.991336  0.130981  0.009842  -0.013879  0.029944  0.999455  0.130615  -0.990933  0.031502  0.000944  0.000125  0.003764  0.063890  -0.206765  -0.029295  2.000000  0.999999  -0.000103  0.001185  -0.001185  -0.000264  0.999999  -0.000103  -1.000000  -0.000264  0.999965  -0.000541  0.008389  0.000529  0.999999  0.001472  -0.008390  -0.001467  0.999964  1.000000  -0.000007  0.000105  0.000007  1.000000  0.000018  -0.000105  -0.000018  1.000000  0.999999  -0.000103  0.001185  -0.001185  -0.000264  0.999999  -0.000103  -1.000000  -0.000264  0.000053  0.008534  
60.843772 0.008497  0.096737  0.003488  0.991339  0.130880  0.010859  -0.014900  0.029932  0.999441  0.130482  -0.990946  0.031623  0.000981  0.000282  0.003906  0.061178  -0.248081  -0.032464  2.000000  0.999998  -0.000137  0.001743  -0.001743  -0.000352  0.999998  -0.000136  -1.000000  -0.000353  0.999955  -0.000642  0.009413  0.000630  0.999999  0.001364  -0.009414  -0.001358  0.999955  1.000000  -0.000008  0.000118  0.000008  1.000000  0.000017  -0.000118  -0.000017  1.000000  0.999998  -0.000137  0.001743  -0.001743  -0.000352  0.999998  -0.000136  -1.000000  -0.000353  0.000063  0.009533  
60.844772 0.008497  0.096737  0.003492  0.991344  0.130774  0.011670  -0.015716  0.029948  0.999428  0.130349  -0.990960  0.031744  0.000930  0.000317  0.003990  0.058443  -0.289335  -0.035625  2.000000  0.999997  -0.000168  0.002246  -0.002246  -0.000423  0.999997  -0.000167  -1.000000  -0.000424  0.999945  -0.000611  0.010433  0.000597  0.999999  0.001378  -0.010434  -0.001372  0.999945  1.000000  -0.000008  0.000130  0.000008  1.000000  0.000017  -0.000130  -0.000017  1.000000  0.999997  -0.000168  0.002246  -0.002246  -0.000423  0.999997  -0.000167  -1.000000  -0.000424  0.000071  0.010541  
60.845774 0.008498  0.096738  0.003495  0.991330  0.130800  0.012478  -0.016533  0.029961  0.999414  0.130349  -0.990956  0.031864  0.000875  0.000423  0.004076  0.054803  -0.323476  -0.030024  2.000000  0.999996  -0.000204  0.002801  -0.002802  -0.000490  0.999996  -0.000203  -1.000000  -0.000491  0.999934  -0.000713  0.011457  0.000697  0.999999  0.001392  -0.011458  -0.001384  0.999933  1.000000  -0.000009  0.000143  0.000009  1.000000  0.000017  -0.000143  -0.000017  1.000000  0.999996  -0.000204  0.002801  -0.002802  -0.000490  0.999996  -0.000203  -1.000000  -0.000491  0.000082  0.011563  
60.847023 0.008499  0.096737  0.003500  0.991330  0.130700  0.013495  -0.017553  0.029950  0.999397  0.130217  -0.990970  0.031985  0.000819  0.000374  0.004058  0.056132  -0.364715  -0.033162  2.000000  0.999994  -0.000252  0.003548  -0.003548  -0.000569  0.999994  -0.000250  -1.000000  -0.000570  0.999924  -0.000686  0.012273  0.000671  0.999999  0.001255  -0.012274  -0.001247  0.999924  1.000000  -0.000008  0.000153  0.000008  1.000000  0.000016  -0.000153  -0.000016  1.000000  0.999994  -0.000252  0.003548  -0.003548  -0.000569  0.999994  -0.000250  -1.000000  -0.000570  0.000092  0.012356  
60.848272 0.008500  0.096737  0.003505  0.991333  0.130593  0.014306  -0.018370  0.029966  0.999382  0.130084  -0.990983  0.032106  0.000745  0.000400  0.004077  0.053400  -0.406095  -0.036332  2.000000  0.999991  -0.000291  0.004170  -0.004170  -0.000624  0.999991  -0.000288  -1.000000  -0.000626  0.999922  -0.000811  0.012482  0.000798  0.999999  0.001040  -0.012483  -0.001030  0.999922  1.000000  -0.000010  0.000156  0.000010  1.000000  0.000013  -0.000156  -0.000013  1.000000  0.999991  -0.000291  0.004170  -0.004170  -0.000624  0.999991  -0.000288  -1.000000  -0.000626  0.000102  0.012551  
60.849519 0.008501  0.096737  0.003508  0.991335  0.130487  0.015118  -0.019187  0.029982  0.999366  0.129951  -0.990997  0.032226  0.000725  0.000420  0.004067  0.049737  -0.440470  -0.039711  2.000000  0.999988  -0.000334  0.004965  -0.004965  -0.000683  0.999987  -0.000331  -1.000000  -0.000685  0.999917  -0.000796  0.012890  0.000786  0.999999  0.000849  -0.012891  -0.000839  0.999917  1.000000  -0.000010  0.000161  0.000010  1.000000  0.000011  -0.000161  -0.000011  1.000000  0.999988  -0.000334  0.004965  -0.004965  -0.000683  0.999987  -0.000331  -1.000000  -0.000685  0.000110  0.012943  
60.850527 0.008501  0.096736  0.003511  0.991323  0.130508  0.015719  -0.019799  0.030023  0.999353  0.129951  -0.990993  0.032346  0.000709  0.000385  0.004011  0.046096  -0.474625  -0.038591  2.000000  0.999984  -0.000367  0.005627  -0.005627  -0.000726  0.999984  -0.000363  -1.000000  -0.000728  0.999911  -0.000649  0.013294  0.000638  0.999999  0.000780  -0.013295  -0.000771  0.999911  1.000000  -0.000008  0.000166  0.000008  1.000000  0.000010  -0.000166  -0.000010  1.000000  0.999984  -0.000367  0.005627  -0.005627  -0.000726  0.999984  -0.000363  -1.000000  -0.000728  0.000117  0.013333  
60.851769 0.008502  0.096735  0.003513  0.991323  0.130402  0.016530  -0.020616  0.030040  0.999336  0.129819  -0.991006  0.032467  0.000728  0.000290  0.003853  0.046487  -0.509034  -0.037459  2.000000  0.999979  -0.000407  0.006486  -0.006486  -0.000770  0.999979  -0.000402  -1.000000  -0.000773  0.999903  -0.000628  0.013906  0.000619  1.000000  0.000618  -0.013907  -0.000609  0.999903  1.000000  -0.000008  0.000174  0.000008  1.000000  0.000008  -0.000174  -0.000008  1.000000  0.999979  -0.000407  0.006486  -0.006486  -0.000770  0.999979  -0.000402  -1.000000  -0.000773  0.000127  0.013934  
60.853025 0.008503  0.096732  0.003515  0.991323  0.130296  0.017342  -0.021432  0.030056  0.999318  0.129686  -0.991019  0.032588  0.000732  0.000077  0.003671  0.042808  -0.543353  -0.040832  2.000000  0.999973  -0.000455  0.007368  -0.007369  -0.000806  0.999973  -0.000449  -1.000000  -0.000809  0.999900  -0.000887  0.014119  0.000880  0.999999  0.000525  -0.014119  -0.000513  0.999900  1.000000  -0.000011  0.000176  0.000011  1.000000  0.000006  -0.000176  -0.000006  1.000000  0.999973  -0.000455  0.007368  -0.007369  -0.000806  0.999973  -0.000449  -1.000000  -0.000809  0.000136  0.014157  
60.854269 0.008504  0.096730  0.003516  0.991323  0.130190  0.018153  -0.022249  0.030073  0.999300  0.129553  -0.991033  0.032709  0.000716  -0.000155  0.003329  0.039152  -0.578043  -0.044232  2.000000  0.999966  -0.000519  0.008256  -0.008257  -0.000832  0.999966  -0.000512  -1.000000  -0.000836  0.999897  -0.001013  0.014327  0.001007  0.999999  0.000431  -0.014328  -0.000417  0.999897  1.000000  -0.000013  0.000179  0.000013  1.000000  0.000005  -0.000179  -0.000005  1.000000  0.999966  -0.000519  0.008256  -0.008257  -0.000832  0.999966  -0.000512  -1.000000  -0.000836  0.000144  0.014370  
60.855516 0.008504  0.096727  0.003516  0.991326  0.130079  0.018759  -0.022862  0.030117  0.999285  0.129421  -0.991046  0.032830  0.000646  -0.000428  0.002895  0.038332  -0.600687  -0.047410  2.000000  0.999958  -0.000591  0.009139  -0.009140  -0.000850  0.999958  -0.000583  -0.999999  -0.000856  0.999902  -0.001158  0.013924  0.001154  0.999999  0.000256  -0.013924  -0.000240  0.999903  1.000000  -0.000014  0.000174  0.000014  1.000000  0.000003  -0.000174  -0.000003  1.000000  0.999958  -0.000591  0.009139  -0.009140  -0.000850  0.999958  -0.000583  -0.999999  -0.000856  0.000150  0.013975  
60.856520 0.008505  0.096725  0.003515  0.991312  0.130100  0.019361  -0.023474  0.030158  0.999269  0.129421  -0.991042  0.032950  0.000657  -0.000643  0.002542  0.032010  -0.614478  -0.042532  2.000000  0.999953  -0.000639  0.009667  -0.009667  -0.000857  0.999953  -0.000631  -0.999999  -0.000863  0.999899  -0.001283  0.014132  0.001281  0.999999  0.000162  -0.014133  -0.000143  0.999900  1.000000  -0.000016  0.000177  0.000016  1.000000  0.000002  -0.000177  -0.000002  1.000000  0.999953  -0.000639  0.009667  -0.009667  -0.000857  0.999953  -0.000631  -0.999999  -0.000863  0.000155  0.014192  
60.857768 0.008506  0.096722  0.003514  0.991302  0.130117  0.019740  -0.023882  0.030347  0.999254  0.129421  -0.991034  0.033190  0.000640  -0.000948  0.002033  0.022264  -0.605524  -0.038748  2.000000  0.999944  -0.000713  0.010539  -0.010540  -0.000850  0.999944  -0.000704  -0.999999  -0.000858  0.999902  -0.001154  0.013924  0.001156  0.999999  -0.000110  -0.013924  0.000126  0.999903  1.000000  -0.000014  0.000174  0.000014  1.000000  -0.000001  -0.000174  0.000001  1.000000  0.999944  -0.000713  0.010539  -0.010540  -0.000850  0.999944  -0.000704  -0.999999  -0.000858  0.000153  0.013973  
60.859016 0.008507  0.096719  0.003512  0.991305  0.130005  0.020346  -0.024495  0.030391  0.999238  0.129288  -0.991047  0.033311  0.000704  -0.001221  0.001549  0.015695  -0.614026  -0.037976  2.000000  0.999935  -0.000784  0.011387  -0.011387  -0.000832  0.999935  -0.000774  -0.999999  -0.000840  0.999911  -0.001170  0.013313  0.001175  0.999999  -0.000313  -0.013313  0.000329  0.999911  1.000000  -0.000015  0.000166  0.000015  1.000000  -0.000004  -0.000166  0.000004  1.000000  0.999935  -0.000784  0.011387  -0.011387  -0.000832  0.999935  -0.000774  -0.999999  -0.000840  0.000153  0.013369  
60.860030 0.008509  0.096717  0.003512  0.991299  0.130014  0.020536  -0.024699  0.030485  0.999230  0.129288  -0.991043  0.033431  0.000747  -0.001390  0.001255  0.011745  -0.618970  -0.038244  2.000000  0.999927  -0.000838  0.012045  -0.012045  -0.000811  0.999927  -0.000828  -0.999999  -0.000821  0.999916  -0.001048  0.012901  0.001055  0.999999  -0.000490  -0.012900  0.000504  0.999917  1.000000  -0.000013  0.000161  0.000013  1.000000  -0.000006  -0.000161  0.000006  1.000000  0.999927  -0.000838  0.012045  -0.012045  -0.000811  0.999927  -0.000828  -0.999999  -0.000821  0.000155  0.012953  
60.861273 0.008510  0.096715  0.003510  0.991306  0.129899  0.020921  -0.025107  0.030677  0.999214  0.129155  -0.991053  0.033672  0.000768  -0.001528  0.000841  0.000372  -0.620892  -0.042130  2.000000  0.999917  -0.000905  0.012830  -0.012831  -0.000772  0.999917  -0.000895  -0.999999  -0.000783  0.999921  -0.001192  0.012498  0.001200  0.999999  -0.000665  -0.012497  0.000680  0.999922  1.000000  -0.000015  0.000156  0.000015  1.000000  -0.000008  -0.000156  0.000008  1.000000  0.999917  -0.000905  0.012830  -0.012831  -0.000772  0.999917  -0.000895  -0.999999  -0.000783  0.000158  0.012573  
60.862274 0.008511  0.096713  0.003510  0.991313  0.129784  0.021305  -0.025516  0.030870  0.999198  0.129023  -0.991062  0.033913  0.000813  -0.001622  0.000573  -0.008678  -0.619428  -0.051614  2.000000  0.999909  -0.000963  0.013440  -0.013441  -0.000731  0.999909  -0.000953  -0.999999  -0.000744  0.999926  -0.001070  0.012086  0.001080  0.999999  -0.000842  -0.012085  0.000855  0.999927  1.000000  -0.000013  0.000151  0.000013  1.000000  -0.000011  -0.000151  0.000011  1.000000  0.999909  -0.000963  0.013440  -0.013441  -0.000731  0.999909  -0.000953  -0.999999  -0.000744  0.000157  0.012163  
60.863528 0.008512  0.096711  0.003510  0.991320  0.129667  0.021705  -0.025925  0.030941  0.999185  0.128890  -0.991075  0.034034  0.000837  -0.001741  0.000248  -0.013694  -0.612669  -0.056290  2.000000  0.999901  -0.001023  0.014032  -0.014032  -0.000681  0.999901  -0.001014  -0.999999  -0.000695  0.999931  -0.001214  0.011682  0.001226  0.999999  -0.001017  -0.011681  0.001031  0.999931  1.000000  -0.000015  0.000146  0.000015  1.000000  -0.000013  -0.000146  0.000013  1.000000  0.999901  -0.001023  0.014032  -0.014032  -0.000681  0.999901  -0.001014  -0.999999  -0.000695  0.000153  0.011790  
60.864768 0.008513  0.096709  0.003509  0.991332  0.129546  0.021884  -0.026129  0.031160  0.999173  0.128757  -0.991084  0.034275  0.000822  -0.001828  -0.000011  -0.025491  -0.585596  -0.061636  2.000000  0.999891  -0.001102  0.014742  -0.014742  -0.000610  0.999891  -0.001093  -0.999999  -0.000626  0.999938  -0.001232  0.011071  0.001245  0.999998  -0.001220  -0.011069  0.001234  0.999938  1.000000  -0.000015  0.000138  0.000015  1.000000  -0.000015  -0.000138  0.000015  1.000000  0.999891  -0.001102  0.014742  -0.014742  -0.000610  0.999891  -0.001093  -0.999999  -0.000626  0.000150  0.011207  
60.865772 0.008513  0.096708  0.003508  0.991326  0.129558  0.022058  -0.026333  0.031376  0.999161  0.128757  -0.991075  0.034515  0.000802  -0.001922  -0.000262  -0.039519  -0.571841  -0.062051  2.000000  0.999883  -0.001167  0.015275  -0.015275  -0.000544  0.999883  -0.001159  -0.999999  -0.000561  0.999945  -0.001251  0.010459  0.001264  0.999998  -0.001302  -0.010458  0.001315  0.999944  1.000000  -0.000016  0.000131  0.000016  1.000000  -0.000016  -0.000131  0.000016  1.000000  0.999883  -0.001167  0.015275  -0.015275  -0.000544  0.999883  -0.001159  -0.999999  -0.000561  0.000147  0.010615  
60.867021 0.008513  0.096706  0.003507  0.991321  0.129570  0.022233  -0.026537  0.031592  0.999149  0.128757  -0.991067  0.034756  0.000715  -0.001906  -0.000484  -0.050440  -0.550951  -0.053672  2.000000  0.999873  -0.001242  0.015895  -0.015896  -0.000449  0.999874  -0.001235  -0.999999  -0.000468  0.999953  -0.001142  0.009639  0.001157  0.999998  -0.001531  -0.009637  0.001542  0.999952  1.000000  -0.000014  0.000120  0.000014  1.000000  -0.000019  -0.000120  0.000019  1.000000  0.999873  -0.001242  0.015895  -0.015896  -0.000449  0.999874  -0.001235  -0.999999  -0.000468  0.000142  0.009828  
60.868268 0.008513  0.096705  0.003506  0.991316  0.129582  0.022407  -0.026741  0.031807  0.999136  0.128757  -0.991058  0.034996  0.000665  -0.001802  -0.000641  -0.056745  -0.526058  -0.053816  2.000000  0.999864  -0.001310  0.016459  -0.016460  -0.000339  0.999864  -0.001304  -0.999999  -0.000361  0.999962  -0.001040  0.008615  0.001056  0.999998  -0.001788  -0.008613  0.001797  0.999961  1.000000  -0.000013  0.000108  0.000013  1.000000  -0.000022  -0.000108  0.000022  1.000000  0.999864  -0.001310  0.016459  -0.016460  -0.000339  0.999864  -0.001304  -0.999999  -0.000361  0.000133  0.008861  
60.869278 0.008514  0.096704  0.003505  0.991316  0.129587  0.022375  -0.026741  0.032050  0.999128  0.128757  -0.991050  0.035237  0.000670  -0.001738  -0.000740  -0.068989  -0.502797  -0.050619  2.000000  0.999857  -0.001361  0.016877  -0.016878  -0.000244  0.999858  -0.001357  -0.999999  -0.000267  0.999966  -0.001052  0.008207  0.001068  0.999998  -0.001962  -0.008205  0.001971  0.999964  1.000000  -0.000013  0.000103  0.000013  1.000000  -0.000025  -0.000103  0.000025  1.000000  0.999857  -0.001361  0.016877  -0.016878  -0.000244  0.999858  -0.001357  -0.999999  -0.000267  0.000130  0.008505  
60.870519 0.008514  0.096703  0.003504  0.991310  0.129599  0.022550  -0.026945  0.032265  0.999116  0.128757  -0.991041  0.035477  0.000623  -0.001600  -0.000838  -0.075765  -0.482277  -0.051225  2.000000  0.999850  -0.001408  0.017262  -0.017262  -0.000138  0.999851  -0.001406  -0.999999  -0.000163  0.999972  -0.000945  0.007387  0.000961  0.999997  -0.002191  -0.007385  0.002199  0.999970  1.000000  -0.000012  0.000092  0.000012  1.000000  -0.000027  -0.000092  0.000027  1.000000  0.999850  -0.001408  0.017262  -0.017262  -0.000138  0.999851  -0.001406  -0.999999  -0.000163  0.000123  0.007764  
60.871768 0.008513  0.096702  0.003502  0.991327  0.129472  0.022523  -0.026946  0.032511  0.999108  0.128625  -0.991050  0.035718  0.000550  -0.001508  -0.000893  -0.088470  -0.448014  -0.052329  2.000000  0.999844  -0.001456  0.017624  -0.017624  -0.000021  0.999845  -0.001455  -0.999999  -0.000046  0.999975  -0.001091  0.006984  0.001108  0.999997  -0.002366  -0.006981  0.002374  0.999973  1.000000  -0.000014  0.000087  0.000014  1.000000  -0.000030  -0.000087  0.000030  1.000000  0.999844  -0.001456  0.017624  -0.017624  -0.000021  0.999845  -0.001455  -0.999999  -0.000046  0.000118  0.007455  
60.872768 0.008513  0.096701  0.003500  0.991322  0.129485  0.022697  -0.027150  0.032727  0.999095  0.128625  -0.991041  0.035959  0.000494  -0.001385  -0.000893  -0.092682  -0.437570  -0.052053  2.000000  0.999838  -0.001507  0.017955  -0.017955  0.000104  0.999839  -0.001509  -0.999999  0.000077  0.999978  -0.000970  0.006571  0.000987  0.999996  -0.002542  -0.006569  0.002548  0.999975  1.000000  -0.000012  0.000082  0.000012  1.000000  -0.000032  -0.000082  0.000032  1.000000  0.999838  -0.001507  0.017955  -0.017955  0.000104  0.999839  -0.001509  -0.999999  0.000077  0.000115  0.007114  
60.873770 0.008514  0.096701  0.003499  0.991322  0.129487  0.022682  -0.027150  0.032848  0.999092  0.128625  -0.991037  0.036079  0.000431  -0.001198  -0.000872  -0.096264  -0.410203  -0.048469  2.000000  0.999832  -0.001555  0.018261  -0.018261  0.000240  0.999833  -0.001559  -0.999999  0.000211  0.999982  -0.000990  0.005960  0.001007  0.999996  -0.002743  -0.005957  0.002749  0.999978  1.000000  -0.000012  0.000074  0.000012  1.000000  -0.000034  -0.000074  0.000034  1.000000  0.999832  -0.001555  0.018261  -0.018261  0.000240  0.999833  -0.001559  -0.999999  0.000211  0.000108  0.006636  
60.875019 0.008514  0.096701  0.003498  0.991322  0.129496  0.022634  -0.027150  0.033212  0.999079  0.128625  -0.991024  0.036439  0.000361  -0.001035  -0.000896  -0.108909  -0.376360  -0.045118  2.000000  0.999826  -0.001606  0.018603  -0.018602  0.000419  0.999827  -0.001614  -0.999999  0.000390  0.999986  -0.000884  0.005139  0.000900  0.999995  -0.002972  -0.005136  0.002976  0.999982  1.000000  -0.000011  0.000064  0.000011  1.000000  -0.000037  -0.000064  0.000037  1.000000  0.999826  -0.001606  0.018603  -0.018602  0.000419  0.999827  -0.001614  -0.999999  0.000390  0.000100  0.006003  
60.876021 0.008515  0.096702  0.003498  0.991316  0.129505  0.022824  -0.027354  0.033306  0.999071  0.128625  -0.991019  0.036560  0.000372  -0.000829  -0.000807  -0.113318  -0.351558  -0.041857  2.000000  0.999824  -0.001615  0.018667  -0.018666  0.000457  0.999826  -0.001623  -0.999999  0.000427  0.999989  -0.000764  0.004727  0.000779  0.999995  -0.003147  -0.004724  0.003151  0.999984  1.000000  0.000000  0.000000  0.000000  1.000000  0.000000  0.000000  0.000000  1.000000  0.999824  -0.001615  0.018667  -0.018666  0.000457  0.999826  -0.001623  -0.999999  0.000427  0.000095  0.000000  
60.877269 0.008516  0.096703  0.003498  0.991299  0.129646  0.022772  -0.027354  0.033666  0.999059  0.128757  -0.990989  0.036920  0.000311  -0.000694  -0.000820  -0.125252  -0.324341  -0.033790  2.000000  0.999824  -0.001615  0.018667  -0.018666  0.000457  0.999826  -0.001623  -0.999999  0.000427  0.999992  -0.000659  0.003906  0.000672  0.999994  -0.003376  -0.003904  0.003378  0.999987  1.000000  0.000000  0.000000  0.000000  1.000000  0.000000  0.000000  0.000000  1.000000  0.999824  -0.001615  0.018667  -0.018666  0.000457  0.999826  -0.001623  -0.999999  0.000427  0.000089  0.000000  
60.878272 0.008517  0.096704  0.003498  0.991299  0.129651  0.022741  -0.027354  0.033909  0.999051  0.128757  -0.990980  0.037160  0.000306  -0.000518  -0.000784  -0.132730  -0.296447  -0.034641  2.000000  0.999824  -0.001615  0.018667  -0.018666  0.000457  0.999826  -0.001623  -0.999999  0.000427  0.999994  -0.000540  0.003493  0.000552  0.999994  -0.003550  -0.003491  0.003552  0.999988  1.000000  0.000000  0.000000  0.000000  1.000000  0.000000  0.000000  0.000000  1.000000  0.999824  -0.001615  0.018667  -0.018666  0.000457  0.999826  -0.001623  -0.999999  0.000427  0.000083  0.000000  
60.879527 0.008517  0.096704  0.003498  0.991293  0.129667  0.022899  -0.027558  0.034246  0.999033  0.128757  -0.990966  0.037521  0.000303  -0.000354  -0.000722  -0.143569  -0.275687  -0.030794  2.000000  0.999824  -0.001615  0.018667  -0.018666  0.000457  0.999826  -0.001623  -0.999999  0.000427  0.999995  -0.000420  0.003080  0.000432  0.999993  -0.003846  -0.003079  0.003848  0.999988  1.000000  0.000000  0.000000  0.000000  1.000000  0.000000  0.000000  0.000000  1.000000  0.999824  -0.001615  0.018667  -0.018666  0.000457  0.999826  -0.001623  -0.999999  0.000427  0.000079  0.000000  
60.880769 0.008518  0.096705  0.003498  0.991293  0.129672  0.022868  -0.027558  0.034488  0.999025  0.128757  -0.990957  0.037761  0.000304  -0.000210  -0.000638  -0.149114  -0.253059  -0.031217  2.000000  0.999824  -0.001615  0.018667  -0.018666  0.000457  0.999826  -0.001623  -0.999999  0.000427  0.999996  -0.000427  0.002876  0.000438  0.999992  -0.003994  -0.002875  0.003995  0.999988  1.000000  0.000000  0.000000  0.000000  1.000000  0.000000  0.000000  0.000000  1.000000  0.999824  -0.001615  0.018667  -0.018666  0.000457  0.999826  -0.001623  -0.999999  0.000427  0.000076  0.000000  
60.881769 0.008518  0.096705  0.003500  0.991293  0.129678  0.022836  -0.027558  0.034730  0.999017  0.128757  -0.990948  0.038001  0.000298  -0.000111  -0.000480  -0.158026  -0.227579  -0.027910  2.000000  0.999824  -0.001615  0.018667  -0.018666  0.000457  0.999826  -0.001623  -0.999999  0.000427  0.999997  -0.000441  0.002468  0.000452  0.999991  -0.004169  -0.002467  0.004170  0.999988  1.000000  0.000000  0.000000  0.000000  1.000000  0.000000  0.000000  0.000000  1.000000  0.999824  -0.001615  0.018667  -0.018666  0.000457  0.999826  -0.001623  -0.999999  0.000427  0.000071  0.000000  
60.882769 0.008518  0.096705  0.003501  0.991270  0.129826  0.022990  -0.027761  0.035063  0.998999  0.128890  -0.990917  0.038361  0.000299  -0.000035  -0.000310  -0.168001  -0.213589  -0.019361  2.000000  0.999824  -0.001615  0.018667  -0.018666  0.000457  0.999826  -0.001623  -0.999999  0.000427  0.999997  -0.000173  0.002458  0.000184  0.999991  -0.004169  -0.002458  0.004169  0.999988  1.000000  0.000000  0.000000  0.000000  1.000000  0.000000  0.000000  0.000000  1.000000  0.999824  -0.001615  0.018667  -0.018666  0.000457  0.999826  -0.001623  -0.999999  0.000427  0.000069  0.000000  
60.884024 0.008519  0.096707  0.003505  0.991270  0.129832  0.022958  -0.027761  0.035306  0.998991  0.128890  -0.990907  0.038602  0.000372  0.000243  -0.000024  -0.175608  -0.185931  -0.015808  2.000000  0.999824  -0.001615  0.018667  -0.018666  0.000457  0.999826  -0.001623  -0.999999  0.000427  0.999998  -0.000054  0.002045  0.000063  0.999991  -0.004344  -0.002045  0.004344  0.999988  1.000000  0.000000  0.000000  0.000000  1.000000  0.000000  0.000000  0.000000  1.000000  0.999824  -0.001615  0.018667  -0.018666  0.000457  0.999826  -0.001623  -0.999999  0.000427  0.000066  0.000000  
60.885267 0.008520  0.096708  0.003508  0.991253  0.129972  0.022906  -0.027761  0.035666  0.998978  0.129023  -0.990876  0.038962  0.000404  0.000389  0.000257  -0.186467  -0.165061  -0.007521  2.000000  0.999824  -0.001615  0.018667  -0.018666  0.000457  0.999826  -0.001623  -0.999999  0.000427  0.999999  0.000197  0.001627  -0.000190  0.999990  -0.004397  -0.001628  0.004397  0.999989  1.000000  0.000000  0.000000  0.000000  1.000000  0.000000  0.000000  0.000000  1.000000  0.999824  -0.001615  0.018667  -0.018666  0.000457  0.999826  -0.001623  -0.999999  0.000427  0.000062  0.000000  
60.886519 0.008520  0.096710  0.003511  0.991247  0.129985  0.023080  -0.027965  0.035881  0.998965  0.129023  -0.990866  0.039202  0.000466  0.000604  0.000648  -0.190745  -0.150099  -0.007925  2.000000  0.999824  -0.001615  0.018667  -0.018666  0.000457  0.999826  -0.001623  -0.999999  0.000427  0.999999  0.000332  0.001621  -0.000324  0.999990  -0.004519  -0.001623  0.004518  0.999988  1.000000  0.000000  0.000000  0.000000  1.000000  0.000000  0.000000  0.000000  1.000000  0.999824  -0.001615  0.018667  -0.018666  0.000457  0.999826  -0.001623  -0.999999  0.000427  0.000062  0.000000  
60.887768 0.008521  0.096713  0.003515  0.991230  0.130126  0.023027  -0.027964  0.036241  0.998952  0.129155  -0.990835  0.039562  0.000491  0.000776  0.000999  -0.196550  -0.136334  -0.003921  2.000000  0.999824  -0.001615  0.018667  -0.018666  0.000457  0.999826  -0.001623  -0.999999  0.000427  0.999999  0.000458  0.001412  -0.000451  0.999989  -0.004666  -0.001414  0.004666  0.999988  1.000000  0.000000  0.000000  0.000000  1.000000  0.000000  0.000000  0.000000  1.000000  0.999824  -0.001615  0.018667  -0.018666  0.000457  0.999826  -0.001623  -0.999999  0.000427  0.000061  0.000000  
60.889020 0.008522  0.096715  0.003519  0.991224  0.130142  0.023186  -0.028168  0.036578  0.998934  0.129155  -0.990820  0.039923  0.000508  0.000924  0.001307  -0.208148  -0.123597  0.000067  2.000000  0.999824  -0.001615  0.018667  -0.018666  0.000457  0.999826  -0.001623  -0.999999  0.000427  0.999999  0.000450  0.001208  -0.000444  0.999989  -0.004693  -0.001210  0.004692  0.999988  1.000000  0.000000  0.000000  0.000000  1.000000  0.000000  0.000000  0.000000  1.000000  0.999824  -0.001615  0.018667  -0.018666  0.000457  0.999826  -0.001623  -0.999999  0.000427  0.000059  0.000000  
60.890020 0.008522  0.096717  0.003522  0.991224  0.130148  0.023154  -0.028168  0.036820  0.998925  0.129155  -0.990811  0.040163  0.000542  0.001027  0.001569  -0.211430  -0.115814  -0.000164  2.000000  0.999824  -0.001615  0.018667  -0.018666  0.000457  0.999826  -0.001623  -0.999999  0.000427  0.999999  0.000459  0.001412  -0.000452  0.999988  -0.004788  -0.001414  0.004787  0.999988  1.000000  0.000000  0.000000  0.000000  1.000000  0.000000  0.000000  0.000000  1.000000  0.999824  -0.001615  0.018667  -0.018666  0.000457  0.999826  -0.001623  -0.999999  0.000427  0.000061  0.000000  
60.891273 0.008523  0.096719  0.003525  0.991218  0.130164  0.023312  -0.028373  0.037157  0.998907  0.129155  -0.990796  0.040523  0.000535  0.001124  0.001798  -0.216287  -0.108804  0.004073  2.000000  0.999824  -0.001615  0.018667  -0.018666  0.000457  0.999826  -0.001623  -0.999999  0.000427  0.999999  0.000459  0.001412  -0.000453  0.999989  -0.004666  -0.001414  0.004666  0.999988  1.000000  0.000000  0.000000  0.000000  1.000000  0.000000  0.000000  0.000000  1.000000  0.999824  -0.001615  0.018667  -0.018666  0.000457  0.999826  -0.001623  -0.999999  0.000427  0.000060  0.000000  
60.892520 0.008524  0.096721  0.003529  0.991218  0.130172  0.023265  -0.028373  0.037520  0.998893  0.129155  -0.990781  0.040884  0.000523  0.001162  0.002054  -0.224919  -0.088996  0.007861  2.000000  0.999824  -0.001615  0.018667  -0.018666  0.000457  0.999826  -0.001623  -0.999999  0.000427  0.999999  0.000593  0.001406  -0.000587  0.999988  -0.004788  -0.001409  0.004787  0.999988  1.000000  0.000000  0.000000  0.000000  1.000000  0.000000  0.000000  0.000000  1.000000  0.999824  -0.001615  0.018667  -0.018666  0.000457  0.999826  -0.001623  -0.999999  0.000427  0.000060  0.000000  
60.893772 0.008526  0.096723  0.003532  0.991213  0.130189  0.023423  -0.028577  0.037857  0.998874  0.129155  -0.990766  0.041245  0.000571  0.001305  0.002305  -0.227045  -0.088064  0.012277  2.000000  0.999824  -0.001615  0.018667  -0.018666  0.000457  0.999826  -0.001623  -0.999999  0.000427  0.999999  0.000594  0.001406  -0.000587  0.999988  -0.004909  -0.001409  0.004908  0.999987  1.000000  0.000000  0.000000  0.000000  1.000000  0.000000  0.000000  0.000000  1.000000  0.999824  -0.001615  0.018667  -0.018666  0.000457  0.999826  -0.001623  -0.999999  0.000427  0.000061  0.000000  
60.895022 0.008527  0.096725  0.003536  0.991213  0.130197  0.023376  -0.028577  0.038220  0.998861  0.129155  -0.990751  0.041605  0.000627  0.001383  0.002556  -0.231999  -0.081097  0.016501  2.000000  0.999823  -0.001581  0.018738  -0.018737  0.000708  0.999824  -0.001594  -0.999998  0.000678  0.999999  0.000594  0.001405  -0.000587  0.999987  -0.005030  -0.001408  0.005030  0.999986  1.000000  0.000007  0.000018  -0.000007  1.000000  -0.000063  -0.000018  0.000063  1.000000  0.999823  -0.001581  0.018738  -0.018737  0.000708  0.999824  -0.001594  -0.999998  0.000678  0.000062  0.005256  
60.896269 0.008527  0.096726  0.003540  0.991207  0.130214  0.023534  -0.028781  0.038557  0.998842  0.129155  -0.990736  0.041966  0.000652  0.001472  0.002797  -0.238957  -0.074927  0.016402  2.000000  0.999822  -0.001547  0.018808  -0.018807  0.000962  0.999823  -0.001564  -0.999998  0.000932  0.999999  0.000595  0.001405  -0.000588  0.999987  -0.005152  -0.001408  0.005151  0.999986  1.000000  0.000007  0.000018  -0.000007  1.000000  -0.000064  -0.000018  0.000064  1.000000  0.999822  -0.001547  0.018808  -0.018807  0.000962  0.999823  -0.001564  -0.999998  0.000932  0.000063  0.005373  
60.897523 0.008528  0.096727  0.003544  0.991201  0.130227  0.023708  -0.028985  0.038772  0.998828  0.129155  -0.990726  0.042206  0.000643  0.001442  0.002890  -0.237968  -0.081749  0.016680  2.000000  0.999820  -0.001503  0.018902  -0.018900  0.001287  0.999821  -0.001527  -0.999998  0.001258  0.999999  0.000604  0.001609  -0.000596  0.999986  -0.005247  -0.001612  0.005246  0.999985  1.000000  0.000007  0.000020  -0.000007  1.000000  -0.000066  -0.000020  0.000066  1.000000  0.999820  -0.001503  0.018902  -0.018900  0.001287  0.999821  -0.001527  -0.999998  0.001258  0.000064  0.005520  
60.898775 0.008529  0.096728  0.003548  0.991195  0.130244  0.023866  -0.029189  0.039109  0.998809  0.129155  -0.990710  0.042566  0.000679  0.001395  0.002973  -0.242011  -0.081733  0.016703  2.000000  0.999818  -0.001468  0.019006  -0.019004  0.001609  0.999818  -0.001498  -0.999998  0.001581  0.999998  0.000479  0.001819  -0.000470  0.999987  -0.005099  -0.001821  0.005098  0.999985  1.000000  0.000006  0.000023  -0.000006  1.000000  -0.000064  -0.000023  0.000064  1.000000  0.999818  -0.001468  0.019006  -0.019004  0.001609  0.999818  -0.001498  -0.999998  0.001581  0.000063  0.005434  
60.900024 0.008530  0.096728  0.003553  0.991189  0.130261  0.024025  -0.029393  0.039446  0.998789  0.129155  -0.990695  0.042927  0.000688  0.001327  0.003040  -0.243364  -0.087921  0.016871  2.000000  0.999817  -0.001440  0.019092  -0.019090  0.001863  0.999816  -0.001475  -0.999997  0.001835  0.999999  0.000471  0.001614  -0.000463  0.999987  -0.005125  -0.001617  0.005124  0.999986  1.000000  0.000006  0.000020  -0.000006  1.000000  -0.000064  -0.000020  0.000064  1.000000  0.999817  -0.001440  0.019092  -0.019090  0.001863  0.999816  -0.001475  -0.999997  0.001835  0.000065  0.005394  
