1-Time 2-Px 3-Py 4-Pz 5-R11 6-R21 7-R31 8-R12 9-R22 10-R32 11-R13 12-R23 13-R33 14-Vx 15-Vy 16-Vz 17-Wx 18-Wy 19-Wz 20-state 21-PR11 22-PR21 23-PR31 24-PR12 25-PR22 26-PR32 27-PR13 28-PR23 29-PR33 
207.590676 0.005394  0.098755  0.005820  0.986727  0.160799  0.022665  -0.162118  0.983492  0.080382  -0.009366  -0.082989  0.996506  -0.000099  -0.000135  -0.000643  0.000000  0.000000  0.000000  2.000000  1.000000  0.000000  0.000000  -0.000000  1.000000  0.000000  0.000000  -0.000000  1.000000  1.000000  -0.000033  0.000400  0.000034  1.000000  -0.000849  -0.000400  0.000849  1.000000  1.000000  0.000000  0.000000  0.000000  1.000000  0.000000  0.000000  0.000000  1.000000  0.660469  0.480285  0.577155  -0.469287  0.864082  -0.182023  -0.586132  -0.150631  0.796090  0.000000  0.000000  
207.591680 0.005394  0.098755  0.005819  0.986694  0.161001  0.022682  -0.162321  0.983459  0.080377  -0.009366  -0.082989  0.996506  -0.000042  -0.000112  -0.000681  0.000000  0.000000  0.000000  2.000000  1.000000  0.000000  0.000000  0.000000  1.000000  0.000000  0.000000  0.000000  1.000000  1.000000  -0.000022  0.000267  0.000022  1.000000  -0.000728  -0.000267  0.000728  1.000000  1.000000  0.000000  0.000000  0.000000  1.000000  0.000000  0.000000  0.000000  1.000000  1.000000  0.000000  0.000000  0.000000  1.000000  0.000000  0.000000  0.000000  1.000000  0.000000  0.000000  
207.592682 0.005395  0.098756  0.005820  0.986593  0.161606  0.022751  -0.162931  0.983349  0.080482  -0.009366  -0.083110  0.996496  0.000061  -0.000065  -0.000593  0.000000  0.000000  0.000000  2.000000  1.000000  0.000000  0.000000  0.000000  1.000000  0.000000  0.000000  0.000000  1.000000  1.000000  0.000593  0.000318  -0.000593  1.000000  -0.000734  -0.000318  0.000733  1.000000  1.000000  0.000000  0.000000  0.000000  1.000000  0.000000  0.000000  0.000000  1.000000  1.000000  0.000000  0.000000  0.000000  1.000000  0.000000  0.000000  0.000000  1.000000  0.000000  0.000000  
207.593933 0.005397  0.098757  0.005821  0.986422  0.162593  0.023117  -0.163946  0.983176  0.080534  -0.009633  -0.083231  0.996484  0.000192  0.000012  -0.000484  0.000000  0.000000  0.000000  2.000000  1.000000  0.000000  0.000000  0.000000  1.000000  0.000000  0.000000  0.000000  1.000000  0.999999  0.001608  0.000537  -0.001608  0.999999  -0.000501  -0.000538  0.000500  1.000000  1.000000  0.000000  0.000000  0.000000  1.000000  0.000000  0.000000  0.000000  1.000000  1.000000  0.000000  0.000000  0.000000  1.000000  0.000000  0.000000  0.000000  1.000000  0.000000  0.000000  
207.594937 0.005398  0.098756  0.005823  0.986252  0.163592  0.023351  -0.164961  0.983001  0.080608  -0.009767  -0.083352  0.996472  0.000294  0.000019  -0.000344  0.000000  0.000000  0.000000  2.000000  1.000000  0.000000  0.000000  0.000000  1.000000  0.000000  0.000000  0.000000  1.000000  0.999996  0.002611  0.000890  -0.002611  0.999997  -0.000269  -0.000890  0.000267  1.000000  1.000000  0.000000  0.000000  0.000000  1.000000  0.000000  0.000000  0.000000  1.000000  1.000000  0.000000  0.000000  0.000000  1.000000  0.000000  0.000000  0.000000  1.000000  0.000000  0.000000  
207.596178 0.005400  0.098755  0.005824  0.986148  0.164182  0.023572  -0.165570  0.982882  0.080810  -0.009901  -0.083593  0.996451  0.000419  -0.000038  -0.000170  0.000000  0.000000  0.000000  2.000000  1.000000  0.000000  0.000000  0.000000  1.000000  0.000000  0.000000  0.000000  1.000000  0.999994  0.003215  0.001075  -0.003215  0.999995  0.000088  -0.001075  -0.000092  0.999999  1.000000  0.000000  0.000000  0.000000  1.000000  0.000000  0.000000  0.000000  1.000000  1.000000  0.000000  0.000000  0.000000  1.000000  0.000000  0.000000  0.000000  1.000000  0.000000  0.000000  
207.597430 0.005402  0.098756  0.005826  0.986012  0.164986  0.023679  -0.166382  0.982727  0.081029  -0.009901  -0.083835  0.996430  0.000588  0.000008  0.000024  0.000000  0.000000  0.000000  2.000000  1.000000  0.000000  0.000000  0.000000  1.000000  0.000000  0.000000  0.000000  1.000000  0.999991  0.004036  0.001145  -0.004036  0.999992  0.000201  -0.001144  -0.000206  0.999999  1.000000  0.000000  0.000000  0.000000  1.000000  0.000000  0.000000  0.000000  1.000000  1.000000  0.000000  0.000000  0.000000  1.000000  0.000000  0.000000  0.000000  1.000000  0.000000  0.000000  
207.598681 0.005404  0.098757  0.005830  0.985807  0.166205  0.023687  -0.167600  0.982500  0.081260  -0.009767  -0.084077  0.996411  0.000706  0.000086  0.000298  0.002326  -0.042572  0.183840  2.000000  1.000000  0.000063  0.000014  -0.000063  1.000000  0.000007  -0.000014  -0.000007  1.000000  0.999987  0.005072  0.001099  -0.005073  0.999987  0.000555  -0.001096  -0.000561  0.999999  1.000000  0.000063  0.000014  -0.000063  1.000000  0.000007  -0.000014  -0.000007  1.000000  1.000000  0.000063  0.000014  -0.000063  1.000000  0.000007  -0.000014  -0.000007  1.000000  0.000045  0.005220  
207.599929 0.005405  0.098759  0.005833  0.985567  0.167637  0.023582  -0.169021  0.982236  0.081509  -0.009500  -0.084319  0.996394  0.000817  0.000223  0.000642  0.014134  -0.037702  0.232888  2.000000  1.000000  0.000440  0.000077  -0.000440  1.000000  0.000056  -0.000077  -0.000056  1.000000  0.999977  0.006735  0.000973  -0.006736  0.999977  0.000904  -0.000966  -0.000910  0.999999  1.000000  0.000084  0.000012  -0.000084  1.000000  0.000011  -0.000012  -0.000011  1.000000  1.000000  0.000440  0.000077  -0.000440  1.000000  0.000056  -0.000077  -0.000056  1.000000  0.000059  0.006866  
207.600929 0.005407  0.098760  0.005836  0.985323  0.169057  0.023609  -0.170441  0.981972  0.081736  -0.009366  -0.084560  0.996374  0.000905  0.000310  0.000841  0.021858  -0.037325  0.281506  2.000000  1.000000  0.000816  0.000127  -0.000816  1.000000  0.000108  -0.000127  -0.000108  1.000000  0.999968  0.007977  0.000945  -0.007978  0.999968  0.001135  -0.000936  -0.001143  0.999999  1.000000  0.000100  0.000012  -0.000100  1.000000  0.000014  -0.000012  -0.000014  1.000000  1.000000  0.000816  0.000127  -0.000816  1.000000  0.000108  -0.000127  -0.000108  1.000000  0.000070  0.008113  
207.602179 0.005409  0.098762  0.005839  0.985005  0.170857  0.023954  -0.172266  0.981629  0.082026  -0.009500  -0.084923  0.996342  0.001045  0.000440  0.001124  0.037548  -0.042611  0.343559  2.000000  0.999999  0.001386  0.000196  -0.001386  0.999999  0.000192  -0.000195  -0.000192  1.000000  0.999951  0.009812  0.001237  -0.009813  0.999951  0.001479  -0.001223  -0.001491  0.999998  1.000000  0.000123  0.000015  -0.000123  1.000000  0.000019  -0.000015  -0.000019  1.000000  0.999999  0.001386  0.000196  -0.001386  0.999999  0.000192  -0.000195  -0.000192  1.000000  0.000086  0.010000  
207.603429 0.005413  0.098766  0.005843  0.984718  0.172456  0.024263  -0.173888  0.981329  0.082202  -0.009633  -0.085165  0.996320  0.001309  0.000710  0.001454  0.049237  -0.051784  0.398335  2.000000  0.999998  0.002068  0.000277  -0.002068  0.999998  0.000300  -0.000276  -0.000301  1.000000  0.999931  0.011657  0.001399  -0.011660  0.999930  0.001822  -0.001377  -0.001838  0.999997  1.000000  0.000146  0.000017  -0.000146  1.000000  0.000023  -0.000017  -0.000023  1.000000  0.999998  0.002068  0.000277  -0.002068  0.999998  0.000300  -0.000276  -0.000301  1.000000  0.000103  0.011883  
207.604690 0.005417  0.098771  0.005850  0.984393  0.174254  0.024609  -0.175712  0.980979  0.082490  -0.009767  -0.085527  0.996288  0.001579  0.001107  0.001984  0.060837  -0.061588  0.459877  2.000000  0.999996  0.002858  0.000376  -0.002858  0.999996  0.000429  -0.000375  -0.000430  1.000000  0.999910  0.013286  0.001677  -0.013290  0.999909  0.002288  -0.001646  -0.002310  0.999996  1.000000  0.000166  0.000021  -0.000166  1.000000  0.000029  -0.000021  -0.000029  1.000000  0.999996  0.002858  0.000376  -0.002858  0.999996  0.000429  -0.000375  -0.000430  1.000000  0.000117  0.013588  
207.605935 0.005422  0.098778  0.005858  0.984028  0.176253  0.024975  -0.177738  0.980591  0.082773  -0.009901  -0.085889  0.996255  0.001910  0.001527  0.002613  0.076450  -0.071980  0.528405  2.000000  0.999993  0.003765  0.000494  -0.003765  0.999993  0.000580  -0.000491  -0.000582  1.000000  0.999881  0.015325  0.001990  -0.015330  0.999879  0.002506  -0.001951  -0.002536  0.999995  1.000000  0.000192  0.000025  -0.000192  1.000000  0.000032  -0.000025  -0.000032  1.000000  0.999993  0.003765  0.000494  -0.003765  0.999993  0.000580  -0.000491  -0.000582  1.000000  0.000135  0.015658  
207.607184 0.005428  0.098784  0.005865  0.983697  0.178063  0.025171  -0.179561  0.980242  0.082964  -0.009901  -0.086131  0.996235  0.002243  0.001952  0.003113  0.084011  -0.077325  0.590440  2.000000  0.999989  0.004590  0.000598  -0.004590  0.999989  0.000718  -0.000595  -0.000720  1.000000  0.999850  0.017170  0.002154  -0.017176  0.999848  0.002848  -0.002105  -0.002885  0.999994  1.000000  0.000215  0.000027  -0.000215  1.000000  0.000036  -0.000027  -0.000036  1.000000  0.999989  0.004590  0.000598  -0.004590  0.999989  0.000718  -0.000595  -0.000720  1.000000  0.000152  0.017541  
207.608433 0.005433  0.098789  0.005872  0.983364  0.179881  0.025259  -0.181383  0.979878  0.083298  -0.009767  -0.086494  0.996205  0.002497  0.002189  0.003412  0.099781  -0.078217  0.652945  2.000000  0.999983  0.005735  0.000733  -0.005736  0.999983  0.000908  -0.000728  -0.000912  0.999999  0.999817  0.019026  0.002187  -0.019033  0.999813  0.003315  -0.002124  -0.003356  0.999992  1.000000  0.000238  0.000027  -0.000238  1.000000  0.000042  -0.000027  -0.000042  1.000000  0.999983  0.005735  0.000733  -0.005736  0.999983  0.000908  -0.000728  -0.000912  0.999999  0.000167  0.019441  
207.609684 0.005439  0.098793  0.005878  0.983065  0.181497  0.025331  -0.183003  0.979548  0.083637  -0.009633  -0.086856  0.996174  0.002737  0.002457  0.003745  0.111520  -0.078556  0.708371  2.000000  0.999975  0.006989  0.000866  -0.006990  0.999975  0.001125  -0.000859  -0.001131  0.999999  0.999784  0.020689  0.002070  -0.020696  0.999779  0.003663  -0.001994  -0.003705  0.999991  1.000000  0.000259  0.000025  -0.000259  1.000000  0.000046  -0.000025  -0.000046  1.000000  0.999975  0.006989  0.000866  -0.006990  0.999975  0.001125  -0.000859  -0.001131  0.999999  0.000183  0.021118  
207.610935 0.005444  0.098795  0.005884  0.982724  0.183299  0.025575  -0.184824  0.979170  0.084065  -0.009633  -0.087340  0.996132  0.002998  0.002647  0.004042  0.127222  -0.084030  0.770280  2.000000  0.999965  0.008352  0.001001  -0.008353  0.999964  0.001366  -0.000990  -0.001374  0.999999  0.999744  0.022533  0.002239  -0.022542  0.999738  0.004005  -0.002148  -0.004054  0.999989  1.000000  0.000282  0.000027  -0.000282  1.000000  0.000050  -0.000027  -0.000050  1.000000  0.999965  0.008352  0.001001  -0.008353  0.999964  0.001366  -0.000990  -0.001374  0.999999  0.000199  0.023002  
207.612182 0.005450  0.098796  0.005890  0.982419  0.184902  0.025781  -0.186442  0.978836  0.084379  -0.009633  -0.087702  0.996100  0.003277  0.002720  0.004337  0.143019  -0.088863  0.825490  2.000000  0.999951  0.009822  0.001146  -0.009824  0.999950  0.001633  -0.001130  -0.001644  0.999998  0.999710  0.023967  0.002376  -0.023978  0.999702  0.004473  -0.002268  -0.004529  0.999987  1.000000  0.000300  0.000029  -0.000300  1.000000  0.000056  -0.000029  -0.000056  1.000000  0.999951  0.009822  0.001146  -0.009824  0.999950  0.001633  -0.001130  -0.001644  0.999998  0.000214  0.024504  
207.613183 0.005456  0.098797  0.005895  0.982149  0.186303  0.025970  -0.187858  0.978538  0.084698  -0.009633  -0.088065  0.996068  0.003564  0.002713  0.004453  0.154724  -0.088676  0.874051  2.000000  0.999938  0.011053  0.001268  -0.011056  0.999937  0.001864  -0.001247  -0.001878  0.999997  0.999690  0.024787  0.002457  -0.024798  0.999681  0.004706  -0.002340  -0.004766  0.999986  1.000000  0.000310  0.000030  -0.000310  1.000000  0.000059  -0.000030  -0.000059  1.000000  0.999938  0.011053  0.001268  -0.011056  0.999937  0.001864  -0.001247  -0.001878  0.999997  0.000227  0.025357  
207.614429 0.005464  0.098798  0.005901  0.981838  0.187902  0.026201  -0.189475  0.978188  0.085130  -0.009633  -0.088548  0.996025  0.003904  0.002649  0.004614  0.174608  -0.093601  0.929331  2.000000  0.999919  0.012637  0.001415  -0.012640  0.999918  0.002170  -0.001387  -0.002187  0.999997  0.999669  0.025629  0.002272  -0.025640  0.999659  0.004939  -0.002145  -0.004995  0.999985  1.000000  0.000320  0.000028  -0.000320  1.000000  0.000062  -0.000028  -0.000062  1.000000  0.999919  0.012637  0.001415  -0.012640  0.999918  0.002170  -0.001387  -0.002187  0.999997  0.000244  0.026208  
207.615431 0.005469  0.098797  0.005905  0.981603  0.189101  0.026375  -0.190688  0.977924  0.085453  -0.009633  -0.088910  0.995993  0.004268  0.002511  0.004745  0.186423  -0.097330  0.970564  2.000000  0.999906  0.013606  0.001499  -0.013609  0.999905  0.002364  -0.001467  -0.002384  0.999996  0.999658  0.026050  0.002185  -0.026061  0.999647  0.005176  -0.002049  -0.005231  0.999984  1.000000  0.000326  0.000026  -0.000326  1.000000  0.000065  -0.000026  -0.000065  1.000000  0.999906  0.013606  0.001499  -0.013609  0.999905  0.002364  -0.001467  -0.002384  0.999996  0.000255  0.026658  
207.616680 0.005476  0.098795  0.005910  0.981328  0.190497  0.026590  -0.192102  0.977609  0.085889  -0.009633  -0.089394  0.995950  0.004507  0.002284  0.004823  0.202309  -0.101763  1.018997  2.000000  0.999882  0.015257  0.001634  -0.015261  0.999880  0.002699  -0.001592  -0.002724  0.999995  0.999642  0.026676  0.002119  -0.026687  0.999629  0.005411  -0.001974  -0.005466  0.999983  1.000000  0.000334  0.000026  -0.000334  1.000000  0.000068  -0.000026  -0.000068  1.000000  0.999882  0.015257  0.001634  -0.015261  0.999880  0.002699  -0.001592  -0.002724  0.999995  0.000266  0.027310  
207.617680 0.005482  0.098794  0.005913  0.981129  0.191493  0.026748  -0.193112  0.977381  0.086217  -0.009633  -0.089756  0.995917  0.004766  0.002058  0.004897  0.218275  -0.104869  1.053393  2.000000  0.999861  0.016609  0.001740  -0.016614  0.999858  0.002978  -0.001691  -0.003007  0.999994  0.999625  0.027290  0.002184  -0.027302  0.999611  0.005646  -0.002029  -0.005704  0.999982  1.000000  0.000341  0.000026  -0.000341  1.000000  0.000071  -0.000026  -0.000071  1.000000  0.999861  0.016609  0.001740  -0.016614  0.999858  0.002978  -0.001691  -0.003007  0.999994  0.000277  0.027963  
207.618685 0.005489  0.098794  0.005917  0.980970  0.192288  0.026889  -0.193920  0.977192  0.086551  -0.009633  -0.090118  0.995884  0.005063  0.001760  0.004897  0.230109  -0.102950  1.081052  2.000000  0.999837  0.017968  0.001852  -0.017974  0.999833  0.003265  -0.001793  -0.003298  0.999993  0.999631  0.027072  0.002309  -0.027085  0.999616  0.005770  -0.002151  -0.005830  0.999981  1.000000  0.000339  0.000028  -0.000339  1.000000  0.000073  -0.000028  -0.000073  1.000000  0.999837  0.017968  0.001852  -0.017974  0.999833  0.003265  -0.001793  -0.003298  0.999993  0.000285  0.027786  
207.619932 0.005497  0.098793  0.005922  0.980730  0.193482  0.027090  -0.195132  0.976911  0.086992  -0.009633  -0.090602  0.995841  0.005285  0.001343  0.004748  0.246086  -0.106846  1.122702  2.000000  0.999805  0.019654  0.002005  -0.019661  0.999800  0.003631  -0.001933  -0.003669  0.999991  0.999636  0.026842  0.002570  -0.026857  0.999621  0.006015  -0.002407  -0.006082  0.999979  1.000000  0.000336  0.000031  -0.000336  1.000000  0.000076  -0.000031  -0.000076  1.000000  0.999805  0.019654  0.002005  -0.019661  0.999800  0.003631  -0.001933  -0.003669  0.999991  0.000296  0.027638  
207.621179 0.005504  0.098792  0.005926  0.980488  0.194679  0.027268  -0.196343  0.976640  0.087314  -0.009633  -0.090964  0.995808  0.005424  0.000796  0.004413  0.255819  -0.109761  1.154562  2.000000  0.999771  0.021313  0.002169  -0.021321  0.999765  0.004010  -0.002083  -0.004056  0.999990  0.999647  0.026419  0.002679  -0.026435  0.999632  0.006141  -0.002515  -0.006210  0.999978  1.000000  0.000330  0.000032  -0.000330  1.000000  0.000077  -0.000032  -0.000077  1.000000  0.999771  0.021313  0.002169  -0.021321  0.999765  0.004010  -0.002083  -0.004056  0.999990  0.000305  0.027266  
207.622184 0.005509  0.098791  0.005929  0.980366  0.195272  0.027393  -0.196949  0.976488  0.087652  -0.009633  -0.091326  0.995774  0.005444  0.000446  0.004251  0.270407  -0.110980  1.165138  2.000000  0.999742  0.022608  0.002302  -0.022617  0.999735  0.004318  -0.002204  -0.004369  0.999988  0.999669  0.025611  0.002477  -0.025626  0.999653  0.006151  -0.002318  -0.006212  0.999978  1.000000  0.000320  0.000030  -0.000320  1.000000  0.000077  -0.000030  -0.000077  1.000000  0.999742  0.022608  0.002302  -0.022617  0.999735  0.004318  -0.002204  -0.004369  0.999988  0.000310  0.026465  
207.623435 0.005515  0.098789  0.005932  0.980204  0.196066  0.027537  -0.197756  0.976295  0.087985  -0.009633  -0.091689  0.995741  0.005450  -0.000060  0.004034  0.278286  -0.106071  1.157483  2.000000  0.999712  0.023870  0.002428  -0.023881  0.999704  0.004630  -0.002317  -0.004687  0.999986  0.999685  0.024995  0.002430  -0.025010  0.999667  0.006279  -0.002272  -0.006338  0.999977  1.000000  0.000313  0.000029  -0.000313  1.000000  0.000079  -0.000029  -0.000079  1.000000  0.999712  0.023870  0.002428  -0.023881  0.999704  0.004630  -0.002317  -0.004687  0.999986  0.000309  0.025896  
207.624686 0.005520  0.098787  0.005936  0.980041  0.196863  0.027657  -0.198563  0.976112  0.088199  -0.009633  -0.091930  0.995719  0.005450  -0.000405  0.003837  0.278319  -0.096200  1.144684  2.000000  0.999674  0.025396  0.002570  -0.025409  0.999665  0.005023  -0.002442  -0.005087  0.999984  0.999710  0.023994  0.002078  -0.024007  0.999692  0.006291  -0.001926  -0.006339  0.999978  1.000000  0.000300  0.000025  -0.000300  1.000000  0.000079  -0.000025  -0.000079  1.000000  0.999674  0.025396  0.002570  -0.025409  0.999665  0.005023  -0.002442  -0.005087  0.999984  0.000305  0.024901  
207.625930 0.005524  0.098785  0.005939  0.979876  0.197645  0.027932  -0.199370  0.975919  0.088505  -0.009767  -0.092292  0.995684  0.005360  -0.000627  0.003689  0.279782  -0.096959  1.148896  2.000000  0.999636  0.026859  0.002699  -0.026874  0.999624  0.005415  -0.002553  -0.005486  0.999982  0.999734  0.022981  0.001856  -0.022992  0.999716  0.006303  -0.001711  -0.006344  0.999978  1.000000  0.000287  0.000022  -0.000287  1.000000  0.000079  -0.000022  -0.000079  1.000000  0.999636  0.026859  0.002699  -0.026874  0.999624  0.005415  -0.002553  -0.005486  0.999982  0.000305  0.023910  
207.627184 0.005526  0.098782  0.005943  0.979752  0.198241  0.028035  -0.199975  0.975776  0.088724  -0.009767  -0.092534  0.995662  0.005028  -0.000979  0.003507  0.282198  -0.096809  1.144449  2.000000  0.999597  0.028240  0.002825  -0.028256  0.999584  0.005806  -0.002660  -0.005883  0.999979  0.999766  0.021534  0.001865  -0.021545  0.999748  0.006317  -0.001728  -0.006356  0.999978  1.000000  0.000269  0.000022  -0.000269  1.000000  0.000079  -0.000022  -0.000079  1.000000  0.999597  0.028240  0.002825  -0.028256  0.999584  0.005806  -0.002660  -0.005883  0.999979  0.000307  0.022526  
207.628188 0.005527  0.098779  0.005947  0.979671  0.198648  0.027989  -0.200378  0.975670  0.088976  -0.009633  -0.092776  0.995640  0.004670  -0.001245  0.003399  0.284250  -0.095651  1.128627  2.000000  0.999567  0.029275  0.002919  -0.029292  0.999552  0.006118  -0.002738  -0.006200  0.999977  0.999792  0.020304  0.001756  -0.020314  0.999774  0.006334  -0.001627  -0.006369  0.999978  1.000000  0.000254  0.000021  -0.000254  1.000000  0.000079  -0.000021  -0.000079  1.000000  0.999567  0.029275  0.002919  -0.029292  0.999552  0.006118  -0.002738  -0.006200  0.999977  0.000304  0.021348  
207.629434 0.005527  0.098776  0.005950  0.979547  0.199240  0.028117  -0.200983  0.975515  0.089314  -0.009633  -0.093138  0.995607  0.004189  -0.001499  0.003242  0.287056  -0.102097  1.095393  2.000000  0.999530  0.030499  0.003034  -0.030518  0.999513  0.006504  -0.002834  -0.006594  0.999974  0.999817  0.019061  0.001779  -0.019072  0.999799  0.006227  -0.001660  -0.006260  0.999979  1.000000  0.000238  0.000022  -0.000238  1.000000  0.000078  -0.000021  -0.000078  1.000000  0.999530  0.030499  0.003034  -0.030518  0.999513  0.006504  -0.002834  -0.006594  0.999974  0.000296  0.020138  
207.630681 0.005527  0.098772  0.005954  0.979506  0.199434  0.028183  -0.201185  0.975452  0.089544  -0.009633  -0.093379  0.995584  0.003752  -0.001633  0.003193  0.287604  -0.102536  1.046770  2.000000  0.999501  0.031422  0.003127  -0.031443  0.999482  0.006814  -0.002912  -0.006909  0.999972  0.999836  0.018036  0.001690  -0.018046  0.999818  0.006239  -0.001577  -0.006268  0.999979  1.000000  0.000226  0.000020  -0.000226  1.000000  0.000078  -0.000020  -0.000078  1.000000  0.999501  0.031422  0.003127  -0.031443  0.999482  0.006814  -0.002912  -0.006909  0.999972  0.000285  0.019165  
207.631683 0.005525  0.098769  0.005956  0.979424  0.199841  0.028138  -0.201589  0.975345  0.089796  -0.009500  -0.093621  0.995563  0.003277  -0.001738  0.003061  0.287909  -0.090738  1.013000  2.000000  0.999473  0.032290  0.003214  -0.032312  0.999452  0.007120  -0.002983  -0.007220  0.999969  0.999858  0.016818  0.001446  -0.016827  0.999840  0.006134  -0.001342  -0.006157  0.999980  1.000000  0.000210  0.000017  -0.000210  1.000000  0.000077  -0.000017  -0.000077  1.000000  0.999473  0.032290  0.003214  -0.032312  0.999452  0.007120  -0.002983  -0.007220  0.999969  0.000275  0.017965  
207.632930 0.005523  0.098766  0.005958  0.979341  0.200236  0.028224  -0.201992  0.975241  0.090021  -0.009500  -0.093863  0.995540  0.002579  -0.001925  0.002879  0.284240  -0.082234  0.965173  2.000000  0.999440  0.033301  0.003311  -0.033325  0.999416  0.007495  -0.003059  -0.007601  0.999966  0.999878  0.015588  0.001334  -0.015596  0.999860  0.006026  -0.001240  -0.006046  0.999981  1.000000  0.000195  0.000016  -0.000195  1.000000  0.000075  -0.000016  -0.000075  1.000000  0.999440  0.033301  0.003311  -0.033325  0.999416  0.007495  -0.003059  -0.007601  0.999966  0.000264  0.016770  
207.634179 0.005521  0.098762  0.005959  0.979301  0.200439  0.028185  -0.202194  0.975165  0.090397  -0.009366  -0.094225  0.995507  0.001822  -0.002132  0.002601  0.286387  -0.069278  0.917153  2.000000  0.999408  0.034225  0.003399  -0.034251  0.999382  0.007860  -0.003128  -0.007971  0.999963  0.999899  0.014154  0.001203  -0.014160  0.999883  0.005799  -0.001120  -0.005816  0.999982  1.000000  0.000177  0.000015  -0.000177  1.000000  0.000073  -0.000015  -0.000073  1.000000  0.999408  0.034225  0.003399  -0.034251  0.999382  0.007860  -0.003128  -0.007971  0.999963  0.000252  0.015346  
207.635429 0.005517  0.098758  0.005958  0.979217  0.200837  0.028246  -0.202597  0.975071  0.090504  -0.009366  -0.094346  0.995495  0.001051  -0.002374  0.002272  0.278724  -0.060736  0.869754  2.000000  0.999379  0.035055  0.003471  -0.035083  0.999351  0.008212  -0.003181  -0.008328  0.999960  0.999921  0.012527  0.000918  -0.012531  0.999907  0.005455  -0.000849  -0.005466  0.999985  1.000000  0.000157  0.000011  -0.000157  1.000000  0.000068  -0.000011  -0.000068  1.000000  0.999379  0.035055  0.003471  -0.035083  0.999351  0.008212  -0.003181  -0.008328  0.999960  0.000238  0.013696  
207.636680 0.005513  0.098753  0.005957  0.979217  0.200830  0.028295  -0.202597  0.975049  0.090740  -0.009366  -0.094587  0.995473  0.000425  -0.002559  0.001919  0.279498  -0.055403  0.808731  2.000000  0.999353  0.035791  0.003534  -0.035820  0.999322  0.008547  -0.003226  -0.008668  0.999957  0.999936  0.011297  0.000804  -0.011301  0.999922  0.005346  -0.000744  -0.005355  0.999985  1.000000  0.000141  0.000010  -0.000141  1.000000  0.000067  -0.000010  -0.000067  1.000000  0.999353  0.035791  0.003534  -0.035820  0.999322  0.008547  -0.003226  -0.008668  0.999957  0.000225  0.012526  
207.637933 0.005509  0.098749  0.005955  0.979134  0.201224  0.028381  -0.203000  0.974944  0.090965  -0.009366  -0.094829  0.995450  -0.000271  -0.002723  0.001599  0.275730  -0.055690  0.759777  2.000000  0.999329  0.036454  0.003590  -0.036485  0.999295  0.008868  -0.003265  -0.008993  0.999954  0.999949  0.010067  0.000690  -0.010070  0.999936  0.005116  -0.000638  -0.005123  0.999987  1.000000  0.000126  0.000008  -0.000126  1.000000  0.000064  -0.000008  -0.000064  1.000000  0.999329  0.036454  0.003590  -0.036485  0.999295  0.008868  -0.003265  -0.008993  0.999954  0.000210  0.011315  
207.639184 0.005505  0.098747  0.005954  0.979093  0.201434  0.028294  -0.203202  0.974889  0.091105  -0.009232  -0.094950  0.995439  -0.000894  -0.002746  0.001314  0.268289  -0.050891  0.705158  2.000000  0.999311  0.036944  0.003628  -0.036976  0.999275  0.009113  -0.003289  -0.009241  0.999952  0.999953  0.009670  0.000519  -0.009672  0.999941  0.004879  -0.000471  -0.004884  0.999988  1.000000  0.000121  0.000006  -0.000121  1.000000  0.000061  -0.000006  -0.000061  1.000000  0.999311  0.036944  0.003628  -0.036976  0.999275  0.009113  -0.003289  -0.009241  0.999952  0.000197  0.010845  
207.640185 0.005502  0.098747  0.005954  0.979051  0.201631  0.028337  -0.203404  0.974837  0.091217  -0.009232  -0.095070  0.995428  -0.001383  -0.002672  0.001128  0.262802  -0.047071  0.662716  2.000000  0.999294  0.037396  0.003659  -0.037428  0.999256  0.009348  -0.003307  -0.009478  0.999950  0.999963  0.008645  0.000422  -0.008647  0.999952  0.004647  -0.000382  -0.004651  0.999989  1.000000  0.000108  0.000005  -0.000108  1.000000  0.000058  -0.000005  -0.000058  1.000000  0.999294  0.037396  0.003659  -0.037428  0.999256  0.009348  -0.003307  -0.009478  0.999950  0.000187  0.009825  
207.641202 0.005499  0.098746  0.005954  0.979053  0.201640  0.028231  -0.203404  0.974823  0.091363  -0.009098  -0.095191  0.995417  -0.001768  -0.002574  0.000873  0.254970  -0.038303  0.614454  2.000000  0.999278  0.037809  0.003682  -0.037843  0.999238  0.009569  -0.003318  -0.009701  0.999947  0.999969  0.007838  0.000212  -0.007839  0.999960  0.004414  -0.000177  -0.004415  0.999990  1.000000  0.000098  0.000002  -0.000098  1.000000  0.000055  -0.000002  -0.000055  1.000000  0.999278  0.037809  0.003682  -0.037843  0.999238  0.009569  -0.003318  -0.009701  0.999947  0.000176  0.008998  
207.642432 0.005495  0.098745  0.005952  0.979053  0.201637  0.028256  -0.203404  0.974812  0.091481  -0.009098  -0.095312  0.995406  -0.002131  -0.002458  0.000519  0.245417  -0.033764  0.561988  2.000000  0.999264  0.038174  0.003698  -0.038209  0.999222  0.009779  -0.003322  -0.009913  0.999945  0.999975  0.007018  0.000134  -0.007019  0.999967  0.004179  -0.000105  -0.004180  0.999991  1.000000  0.000088  0.000001  -0.000088  1.000000  0.000052  -0.000001  -0.000052  1.000000  0.999264  0.038174  0.003698  -0.038209  0.999222  0.009779  -0.003322  -0.009913  0.999945  0.000162  0.008170  
207.643691 0.005490  0.098744  0.005950  0.979011  0.201838  0.028275  -0.203605  0.974770  0.091475  -0.009098  -0.095312  0.995406  -0.002518  -0.002312  0.000066  0.227564  -0.028483  0.504432  2.000000  0.999248  0.038586  0.003712  -0.038622  0.999204  0.010023  -0.003322  -0.010159  0.999943  0.999981  0.006199  0.000056  -0.006199  0.999974  0.003702  -0.000033  -0.003702  0.999993  1.000000  0.000077  0.000001  -0.000077  1.000000  0.000046  -0.000001  -0.000046  1.000000  0.999248  0.038586  0.003712  -0.038622  0.999204  0.010023  -0.003322  -0.010159  0.999943  0.000148  0.007220  
207.644937 0.005487  0.098743  0.005949  0.978969  0.202035  0.028318  -0.203807  0.974718  0.091587  -0.009098  -0.095433  0.995394  -0.002682  -0.002100  -0.000207  0.219926  -0.024152  0.456336  2.000000  0.999237  0.038888  0.003721  -0.038924  0.999190  0.010207  -0.003321  -0.010344  0.999941  0.999983  0.005789  0.000017  -0.005789  0.999977  0.003585  0.000004  -0.003585  0.999994  1.000000  0.000072  0.000000  -0.000072  1.000000  0.000045  -0.000000  -0.000045  1.000000  0.999237  0.038888  0.003721  -0.038924  0.999190  0.010207  -0.003321  -0.010344  0.999941  0.000134  0.006809  
207.646183 0.005485  0.098744  0.005948  0.978927  0.202236  0.028337  -0.204008  0.974676  0.091582  -0.009098  -0.095433  0.995394  -0.002786  -0.001800  -0.000513  0.203953  -0.021069  0.421904  2.000000  0.999223  0.039233  0.003728  -0.039270  0.999174  0.010422  -0.003316  -0.010560  0.999939  0.999986  0.005379  -0.000022  -0.005379  0.999980  0.003346  0.000040  -0.003346  0.999994  1.000000  0.000067  -0.000000  -0.000067  1.000000  0.000042  0.000000  -0.000042  1.000000  0.999223  0.039233  0.003728  -0.039270  0.999174  0.010422  -0.003316  -0.010560  0.999939  0.000124  0.006335  
207.647429 0.005483  0.098745  0.005948  0.978885  0.202433  0.028380  -0.204210  0.974623  0.091694  -0.009098  -0.095553  0.995383  -0.002736  -0.001483  -0.000645  0.192146  -0.017353  0.380629  2.000000  0.999221  0.039297  0.003729  -0.039334  0.999171  0.010462  -0.003315  -0.010601  0.999938  0.999988  0.004982  -0.000195  -0.004981  0.999983  0.003108  0.000210  -0.003107  0.999995  1.000000  0.000000  0.000000  0.000000  1.000000  0.000000  0.000000  0.000000  1.000000  0.999221  0.039297  0.003729  -0.039334  0.999171  0.010462  -0.003315  -0.010601  0.999938  0.000112  0.000000  
207.648678 0.005483  0.098747  0.005947  0.978885  0.202433  0.028380  -0.204210  0.974623  0.091694  -0.009098  -0.095553  0.995383  -0.002617  -0.001114  -0.000780  0.178705  -0.014731  0.350187  2.000000  0.999221  0.039297  0.003729  -0.039334  0.999171  0.010462  -0.003315  -0.010601  0.999938  0.999991  0.004162  -0.000273  -0.004162  0.999987  0.002873  0.000285  -0.002872  0.999996  1.000000  0.000000  0.000000  0.000000  1.000000  0.000000  0.000000  0.000000  1.000000  0.999221  0.039297  0.003729  -0.039334  0.999171  0.010462  -0.003315  -0.010601  0.999938  0.000104  0.000000  
207.649681 0.005483  0.098749  0.005947  0.978886  0.202445  0.028250  -0.204210  0.974621  0.091721  -0.008964  -0.095553  0.995384  -0.002390  -0.000759  -0.000766  0.164275  -0.006595  0.312141  2.000000  0.999221  0.039297  0.003729  -0.039334  0.999171  0.010462  -0.003315  -0.010601  0.999938  0.999993  0.003752  -0.000312  -0.003752  0.999989  0.002635  0.000322  -0.002633  0.999996  1.000000  0.000000  0.000000  0.000000  1.000000  0.000000  0.000000  0.000000  1.000000  0.999221  0.039297  0.003729  -0.039334  0.999171  0.010462  -0.003315  -0.010601  0.999938  0.000094  0.000000  
207.650685 0.005484  0.098750  0.005947  0.978886  0.202445  0.028250  -0.204210  0.974621  0.091721  -0.008964  -0.095553  0.995384  -0.002139  -0.000350  -0.000721  0.152333  -0.003425  0.277633  2.000000  0.999221  0.039297  0.003729  -0.039334  0.999171  0.010462  -0.003315  -0.010601  0.999938  0.999994  0.003343  -0.000351  -0.003342  0.999992  0.002396  0.000359  -0.002395  0.999997  1.000000  0.000000  0.000000  0.000000  1.000000  0.000000  0.000000  0.000000  1.000000  0.999221  0.039297  0.003729  -0.039334  0.999171  0.010462  -0.003315  -0.010601  0.999938  0.000085  0.000000  
207.651929 0.005487  0.098753  0.005946  0.978844  0.202646  0.028269  -0.204412  0.974579  0.091715  -0.008964  -0.095553  0.995384  -0.001662  0.000135  -0.000675  0.143156  -0.002149  0.261747  2.000000  0.999221  0.039297  0.003729  -0.039334  0.999171  0.010462  -0.003315  -0.010601  0.999938  0.999995  0.003138  -0.000371  -0.003137  0.999993  0.002034  0.000377  -0.002033  0.999998  1.000000  0.000000  0.000000  0.000000  1.000000  0.000000  0.000000  0.000000  1.000000  0.999221  0.039297  0.003729  -0.039334  0.999171  0.010462  -0.003315  -0.010601  0.999938  0.000077  0.000000  
207.652929 0.005489  0.098756  0.005946  0.978802  0.202847  0.028288  -0.204613  0.974537  0.091710  -0.008964  -0.095553  0.995384  -0.001300  0.000476  -0.000632  0.131340  -0.000270  0.241477  2.000000  0.999221  0.039297  0.003729  -0.039334  0.999171  0.010462  -0.003315  -0.010601  0.999938  0.999995  0.003125  -0.000238  -0.003125  0.999994  0.001791  0.000243  -0.001791  0.999998  1.000000  0.000000  0.000000  0.000000  1.000000  0.000000  0.000000  0.000000  1.000000  0.999221  0.039297  0.003729  -0.039334  0.999171  0.010462  -0.003315  -0.010601  0.999938  0.000073  0.000000  
207.653933 0.005492  0.098759  0.005945  0.978801  0.202831  0.028443  -0.204613  0.974529  0.091800  -0.009098  -0.095674  0.995371  -0.000887  0.000787  -0.000645  0.128404  -0.002848  0.222156  2.000000  0.999221  0.039297  0.003729  -0.039334  0.999171  0.010462  -0.003315  -0.010601  0.999938  0.999996  0.002702  -0.000144  -0.002702  0.999995  0.001795  0.000148  -0.001794  0.999998  1.000000  0.000000  0.000000  0.000000  1.000000  0.000000  0.000000  0.000000  1.000000  0.999221  0.039297  0.003729  -0.039334  0.999171  0.010462  -0.003315  -0.010601  0.999938  0.000068  0.000000  
207.654940 0.005496  0.098762  0.005944  0.978801  0.202831  0.028443  -0.204613  0.974529  0.091800  -0.009098  -0.095674  0.995371  -0.000408  0.001040  -0.000685  0.120406  -0.000926  0.201425  2.000000  0.999221  0.039297  0.003729  -0.039334  0.999171  0.010462  -0.003315  -0.010601  0.999938  0.999997  0.002497  -0.000163  -0.002497  0.999996  0.001554  0.000167  -0.001554  0.999999  1.000000  0.000000  0.000000  0.000000  1.000000  0.000000  0.000000  0.000000  1.000000  0.999221  0.039297  0.003729  -0.039334  0.999171  0.010462  -0.003315  -0.010601  0.999938  0.000061  0.000000  
207.656180 0.005501  0.098766  0.005943  0.978759  0.203031  0.028462  -0.204814  0.974487  0.091795  -0.009098  -0.095674  0.995371  0.000147  0.001308  -0.000690  0.111474  0.004788  0.186571  2.000000  0.999221  0.039297  0.003729  -0.039334  0.999171  0.010462  -0.003315  -0.010601  0.999938  0.999997  0.002485  -0.000030  -0.002485  0.999996  0.001311  0.000033  -0.001311  0.999999  1.000000  0.000000  0.000000  0.000000  1.000000  0.000000  0.000000  0.000000  1.000000  0.999221  0.039297  0.003729  -0.039334  0.999171  0.010462  -0.003315  -0.010601  0.999938  0.000057  0.000000  
207.657186 0.005505  0.098768  0.005942  0.978759  0.203035  0.028437  -0.204814  0.974498  0.091676  -0.009098  -0.095553  0.995383  0.000722  0.001572  -0.000693  0.000000  0.000000  0.000000  2.000000  0.999221  0.039297  0.003729  -0.039334  0.999171  0.010462  -0.003315  -0.010601  0.999938  0.999997  0.002280  -0.000050  -0.002280  0.999997  0.001071  0.000052  -0.001071  0.999999  1.000000  0.000000  0.000000  0.000000  1.000000  0.000000  0.000000  0.000000  1.000000  0.999221  0.039297  0.003729  -0.039334  0.999171  0.010462  -0.003315  -0.010601  0.999938  0.000000  0.000000  
207.658428 0.005510  0.098771  0.005940  0.978757  0.203022  0.028567  -0.204814  0.974501  0.091649  -0.009232  -0.095553  0.995382  0.001267  0.001808  -0.000685  0.000000  0.000000  0.000000  2.000000  0.999221  0.039297  0.003729  -0.039334  0.999171  0.010462  -0.003315  -0.010601  0.999938  0.999998  0.002062  0.000064  -0.002062  0.999998  0.000830  -0.000062  -0.000830  1.000000  1.000000  0.000000  0.000000  0.000000  1.000000  0.000000  0.000000  0.000000  1.000000  0.999221  0.039297  0.003729  -0.039334  0.999171  0.010462  -0.003315  -0.010601  0.999938  0.000000  0.000000  
207.659697 0.005515  0.098774  0.005939  0.978715  0.203223  0.028586  -0.205016  0.974459  0.091643  -0.009232  -0.095553  0.995382  0.001903  0.002108  -0.000697  0.000000  0.000000  0.000000  2.000000  0.999221  0.039297  0.003729  -0.039334  0.999171  0.010462  -0.003315  -0.010601  0.999938  0.999998  0.002049  0.000197  -0.002049  0.999998  0.000587  -0.000195  -0.000588  1.000000  1.000000  0.000000  0.000000  0.000000  1.000000  0.000000  0.000000  0.000000  1.000000  0.999221  0.039297  0.003729  -0.039334  0.999171  0.010462  -0.003315  -0.010601  0.999938  0.000000  0.000000  
207.660929 0.005521  0.098778  0.005938  0.978715  0.203219  0.028611  -0.205016  0.974448  0.091761  -0.009232  -0.095674  0.995370  0.002464  0.002359  -0.000660  0.000000  0.000000  0.000000  2.000000  0.999221  0.039297  0.003729  -0.039334  0.999171  0.010462  -0.003315  -0.010601  0.999938  0.999998  0.001844  0.000177  -0.001844  0.999998  0.000589  -0.000176  -0.000590  1.000000  1.000000  0.000000  0.000000  0.000000  1.000000  0.000000  0.000000  0.000000  1.000000  0.999221  0.039297  0.003729  -0.039334  0.999171  0.010462  -0.003315  -0.010601  0.999938  0.000000  0.000000  
207.661930 0.005526  0.098782  0.005939  0.978715  0.203219  0.028611  -0.205016  0.974448  0.091761  -0.009232  -0.095674  0.995370  0.002793  0.002480  -0.000590  0.000000  0.000000  0.000000  2.000000  0.999221  0.039297  0.003729  -0.039334  0.999171  0.010462  -0.003315  -0.010601  0.999938  0.999999  0.001627  0.000291  -0.001627  0.999999  0.000470  -0.000290  -0.000470  1.000000  1.000000  0.000000  0.000000  0.000000  1.000000  0.000000  0.000000  0.000000  1.000000  0.999221  0.039297  0.003729  -0.039334  0.999171  0.010462  -0.003315  -0.010601  0.999938  0.000000  0.000000  
207.663181 0.005532  0.098786  0.005940  0.978714  0.203207  0.028741  -0.205015  0.974450  0.091734  -0.009366  -0.095674  0.995369  0.003251  0.002654  -0.000496  0.000000  0.000000  0.000000  2.000000  0.999221  0.039297  0.003729  -0.039334  0.999171  0.010462  -0.003315  -0.010601  0.999938  0.999999  0.001614  0.000424  -0.001614  0.999999  0.000348  -0.000423  -0.000349  1.000000  1.000000  0.000000  0.000000  0.000000  1.000000  0.000000  0.000000  0.000000  1.000000  0.999221  0.039297  0.003729  -0.039334  0.999171  0.010462  -0.003315  -0.010601  0.999938  0.000000  0.000000  
207.664427 0.005538  0.098791  0.005942  0.978672  0.203407  0.028760  -0.205217  0.974409  0.091728  -0.009366  -0.095674  0.995369  0.003685  0.002860  -0.000310  0.000000  0.000000  0.000000  2.000000  0.999221  0.039297  0.003729  -0.039334  0.999171  0.010462  -0.003315  -0.010601  0.999938  0.999999  0.001614  0.000424  -0.001614  0.999999  0.000348  -0.000423  -0.000349  1.000000  1.000000  0.000000  0.000000  0.000000  1.000000  0.000000  0.000000  0.000000  1.000000  0.999221  0.039297  0.003729  -0.039334  0.999171  0.010462  -0.003315  -0.010601  0.999938  0.000000  0.000000  
207.665431 0.005542  0.098795  0.005944  0.978672  0.203407  0.028760  -0.205217  0.974409  0.091728  -0.009366  -0.095674  0.995369  0.003940  0.003000  -0.000184  0.000000  0.000000  0.000000  2.000000  0.999221  0.039297  0.003729  -0.039334  0.999171  0.010462  -0.003315  -0.010601  0.999938  0.999999  0.001409  0.000404  -0.001409  0.999999  0.000229  -0.000404  -0.000230  1.000000  1.000000  0.000000  0.000000  0.000000  1.000000  0.000000  0.000000  0.000000  1.000000  0.999221  0.039297  0.003729  -0.039334  0.999171  0.010462  -0.003315  -0.010601  0.999938  0.000000  0.000000  
207.666684 0.005548  0.098799  0.005946  0.978715  0.203223  0.028586  -0.205016  0.974459  0.091643  -0.009232  -0.095553  0.995382  0.004120  0.003118  0.000010  0.000000  0.000000  0.000000  2.000000  0.999221  0.039297  0.003729  -0.039334  0.999171  0.010462  -0.003315  -0.010601  0.999938  0.999999  0.001012  0.000232  -0.001012  0.999999  0.000112  -0.000231  -0.000112  1.000000  1.000000  0.000000  0.000000  0.000000  1.000000  0.000000  0.000000  0.000000  1.000000  0.999221  0.039297  0.003729  -0.039334  0.999171  0.010462  -0.003315  -0.010601  0.999938  0.000000  0.000000  
