1-Time 2-Px 3-Py 4-Pz 5-R11 6-R21 7-R31 8-R12 9-R22 10-R32 11-R13 12-R23 13-R33 14-Vx 15-Vy 16-Vz 17-Wx 18-Wy 19-Wz 20-state 21-PR11 22-PR21 23-PR31 24-PR12 25-PR22 26-PR32 27-PR13 28-PR23 29-PR33 
142.728468 0.001648  0.090839  -0.005923  0.997339  -0.006134  -0.072645  0.005133  0.999889  -0.013959  0.072722  0.013549  0.997260  -0.000639  -0.000072  0.001127  0.000000  0.000000  0.000000  2.000000  1.000000  0.000000  0.000000  0.000000  1.000000  0.000000  0.000000  0.000000  1.000000  1.000000  -0.000422  -0.000797  0.000420  0.999999  -0.001364  0.000798  0.001364  0.999999  1.000000  0.000000  0.000000  0.000000  1.000000  0.000000  0.000000  0.000000  1.000000  0.815926  0.540005  -0.206543  -0.492335  0.836248  0.241444  0.303102  -0.095312  0.948180  0.000000  0.000000  
142.729477 0.001647  0.090839  -0.005922  0.997339  -0.006143  -0.072644  0.005133  0.999888  -0.014080  0.072722  0.013670  0.997259  -0.000614  -0.000028  0.001123  0.000000  0.000000  0.000000  2.000000  1.000000  0.000000  0.000000  0.000000  1.000000  0.000000  0.000000  0.000000  1.000000  0.999999  -0.000423  -0.000931  0.000422  0.999999  -0.001243  0.000931  0.001243  0.999999  1.000000  0.000000  0.000000  0.000000  1.000000  0.000000  0.000000  0.000000  1.000000  1.000000  0.000000  0.000000  0.000000  1.000000  0.000000  0.000000  0.000000  1.000000  0.000000  0.000000  
142.730724 0.001645  0.090837  -0.005924  0.997318  -0.006353  -0.072908  0.005338  0.999886  -0.014097  0.072989  0.013670  0.997239  -0.000700  -0.000218  0.000910  0.000000  0.000000  0.000000  2.000000  1.000000  0.000000  0.000000  0.000000  1.000000  0.000000  0.000000  0.000000  1.000000  0.999999  -0.000427  -0.001198  0.000426  0.999999  -0.001364  0.001199  0.001364  0.999998  1.000000  0.000000  0.000000  0.000000  1.000000  0.000000  0.000000  0.000000  1.000000  1.000000  0.000000  0.000000  0.000000  1.000000  0.000000  0.000000  0.000000  1.000000  0.000000  0.000000  
142.731726 0.001644  0.090834  -0.005926  0.997289  -0.006367  -0.073307  0.005338  0.999885  -0.014220  0.073389  0.013790  0.997208  -0.000736  -0.000409  0.000694  0.000000  0.000000  0.000000  2.000000  1.000000  0.000000  0.000000  0.000000  1.000000  0.000000  0.000000  0.000000  1.000000  0.999999  -0.000429  -0.001332  0.000427  0.999999  -0.001364  0.001333  0.001364  0.999998  1.000000  0.000000  0.000000  0.000000  1.000000  0.000000  0.000000  0.000000  1.000000  1.000000  0.000000  0.000000  0.000000  1.000000  0.000000  0.000000  0.000000  1.000000  0.000000  0.000000  
142.732975 0.001642  0.090830  -0.005927  0.997258  -0.006587  -0.073704  0.005543  0.999882  -0.014359  0.073790  0.013911  0.997177  -0.000795  -0.000648  0.000469  0.000000  0.000000  0.000000  2.000000  1.000000  0.000000  0.000000  0.000000  1.000000  0.000000  0.000000  0.000000  1.000000  0.999998  -0.000640  -0.001731  0.000638  0.999999  -0.001501  0.001732  0.001500  0.999997  1.000000  0.000000  0.000000  0.000000  1.000000  0.000000  0.000000  0.000000  1.000000  1.000000  0.000000  0.000000  0.000000  1.000000  0.000000  0.000000  0.000000  1.000000  0.000000  0.000000  
142.733975 0.001641  0.090828  -0.005930  0.997239  -0.006591  -0.073971  0.005543  0.999882  -0.014360  0.074057  0.013910  0.997157  -0.000788  -0.000816  0.000239  0.000000  0.000000  0.000000  2.000000  1.000000  0.000000  0.000000  0.000000  1.000000  0.000000  0.000000  0.000000  1.000000  0.999998  -0.000644  -0.001998  0.000641  0.999999  -0.001380  0.001999  0.001379  0.999997  1.000000  0.000000  0.000000  0.000000  1.000000  0.000000  0.000000  0.000000  1.000000  1.000000  0.000000  0.000000  0.000000  1.000000  0.000000  0.000000  0.000000  1.000000  0.000000  0.000000  
142.734976 0.001640  0.090824  -0.005932  0.997209  -0.006606  -0.074370  0.005543  0.999880  -0.014484  0.074457  0.014031  0.997126  -0.000847  -0.001056  0.000014  0.000000  0.000000  0.000000  2.000000  1.000000  0.000000  0.000000  0.000000  1.000000  0.000000  0.000000  0.000000  1.000000  0.999997  -0.000648  -0.002266  0.000645  0.999999  -0.001501  0.002267  0.001500  0.999996  1.000000  0.000000  0.000000  0.000000  1.000000  0.000000  0.000000  0.000000  1.000000  1.000000  0.000000  0.000000  0.000000  1.000000  0.000000  0.000000  0.000000  1.000000  0.000000  0.000000  
142.736224 0.001639  0.090820  -0.005934  0.997189  -0.006618  -0.074636  0.005543  0.999878  -0.014606  0.074724  0.014152  0.997104  -0.000828  -0.001346  -0.000229  0.000000  0.000000  0.000000  2.000000  1.000000  0.000000  0.000000  0.000000  1.000000  0.000000  0.000000  0.000000  1.000000  0.999997  -0.000652  -0.002533  0.000648  0.999999  -0.001502  0.002534  0.001500  0.999996  1.000000  0.000000  0.000000  0.000000  1.000000  0.000000  0.000000  0.000000  1.000000  1.000000  0.000000  0.000000  0.000000  1.000000  0.000000  0.000000  0.000000  1.000000  0.000000  0.000000  
142.737471 0.001638  0.090815  -0.005937  0.997169  -0.006631  -0.074902  0.005543  0.999876  -0.014729  0.074991  0.014272  0.997082  -0.000884  -0.001641  -0.000531  0.000000  0.000000  0.000000  2.000000  1.000000  0.000000  0.000000  0.000000  1.000000  0.000000  0.000000  0.000000  1.000000  0.999996  -0.000656  -0.002801  0.000652  0.999998  -0.001623  0.002802  0.001621  0.999995  1.000000  0.000000  0.000000  0.000000  1.000000  0.000000  0.000000  0.000000  1.000000  1.000000  0.000000  0.000000  0.000000  1.000000  0.000000  0.000000  0.000000  1.000000  0.000000  0.000000  
142.738477 0.001636  0.090811  -0.005940  0.997139  -0.006646  -0.075302  0.005543  0.999874  -0.014853  0.075391  0.014393  0.997050  -0.000923  -0.001907  -0.000779  0.000000  0.000000  0.000000  2.000000  1.000000  0.000000  0.000000  0.000000  1.000000  0.000000  0.000000  0.000000  1.000000  0.999995  -0.000660  -0.003068  0.000655  0.999998  -0.001623  0.003069  0.001621  0.999994  1.000000  0.000000  0.000000  0.000000  1.000000  0.000000  0.000000  0.000000  1.000000  1.000000  0.000000  0.000000  0.000000  1.000000  0.000000  0.000000  0.000000  1.000000  0.000000  0.000000  
142.739477 0.001635  0.090807  -0.005943  0.997108  -0.006670  -0.075700  0.005543  0.999871  -0.015097  0.075791  0.014634  0.997016  -0.001031  -0.002203  -0.001077  0.000000  0.000000  0.000000  2.000000  1.000000  0.000000  0.000000  0.000000  1.000000  0.000000  0.000000  0.000000  1.000000  0.999994  -0.000667  -0.003469  0.000661  0.999998  -0.001745  0.003471  0.001743  0.999992  1.000000  0.000000  0.000000  0.000000  1.000000  0.000000  0.000000  0.000000  1.000000  1.000000  0.000000  0.000000  0.000000  1.000000  0.000000  0.000000  0.000000  1.000000  0.000000  0.000000  
142.740719 0.001631  0.090801  -0.005949  0.997056  -0.006895  -0.076363  0.005747  0.999867  -0.015238  0.076458  0.014754  0.996964  -0.001205  -0.002528  -0.001581  0.000000  0.000000  0.000000  2.000000  1.000000  0.000000  0.000000  0.000000  1.000000  0.000000  0.000000  0.000000  1.000000  0.999992  -0.000675  -0.004004  0.000668  0.999998  -0.001867  0.004006  0.001864  0.999990  1.000000  0.000000  0.000000  0.000000  1.000000  0.000000  0.000000  0.000000  1.000000  1.000000  0.000000  0.000000  0.000000  1.000000  0.000000  0.000000  0.000000  1.000000  0.000000  0.000000  
142.741724 0.001629  0.090797  -0.005954  0.997014  -0.007118  -0.076893  0.005953  0.999864  -0.015378  0.076992  0.014875  0.996921  -0.001321  -0.002826  -0.001991  -0.084097  0.170365  -0.036833  2.000000  1.000000  0.000000  0.000000  0.000000  1.000000  0.000000  0.000000  0.000000  1.000000  0.999989  -0.000684  -0.004539  0.000675  0.999998  -0.001867  0.004541  0.001864  0.999988  1.000000  0.000000  0.000000  0.000000  1.000000  0.000000  0.000000  0.000000  1.000000  1.000000  0.000000  0.000000  0.000000  1.000000  0.000000  0.000000  0.000000  1.000000  0.000000  0.000000  
142.742971 0.001625  0.090791  -0.005961  0.996973  -0.007145  -0.077425  0.005952  0.999860  -0.015624  0.077525  0.015116  0.996876  -0.001512  -0.003249  -0.002598  -0.092270  0.188369  -0.037106  2.000000  1.000000  0.000000  0.000000  0.000000  1.000000  0.000000  0.000000  0.000000  1.000000  0.999987  -0.000896  -0.004938  0.000886  0.999998  -0.002005  0.004939  0.002000  0.999986  1.000000  0.000000  0.000000  0.000000  1.000000  0.000000  0.000000  0.000000  1.000000  1.000000  0.000000  0.000000  0.000000  1.000000  0.000000  0.000000  0.000000  1.000000  0.000052  0.000000  
142.743978 0.001622  0.090786  -0.005968  0.996930  -0.007368  -0.077954  0.006157  0.999857  -0.015765  0.078059  0.015236  0.996832  -0.001719  -0.003614  -0.003095  -0.092800  0.201755  -0.044215  2.000000  1.000000  0.000153  -0.000133  -0.000153  1.000000  -0.000077  0.000133  0.000077  1.000000  0.999984  -0.001110  -0.005469  0.001099  0.999997  -0.002142  0.005472  0.002136  0.999983  1.000000  0.000052  -0.000046  -0.000052  1.000000  -0.000027  0.000046  0.000027  1.000000  1.000000  0.000153  -0.000133  -0.000153  1.000000  -0.000077  0.000133  0.000077  1.000000  0.000056  0.005977  
142.745229 0.001618  0.090779  -0.005976  0.996888  -0.007396  -0.078486  0.006157  0.999853  -0.016010  0.078592  0.015477  0.996787  -0.001908  -0.003947  -0.003536  -0.100948  0.219699  -0.044485  2.000000  1.000000  0.000434  -0.000376  -0.000434  1.000000  -0.000214  0.000376  0.000214  1.000000  0.999981  -0.001119  -0.006004  0.001106  0.999997  -0.002143  0.006007  0.002136  0.999980  1.000000  0.000058  -0.000050  -0.000058  1.000000  -0.000027  0.000050  0.000027  1.000000  1.000000  0.000434  -0.000376  -0.000434  1.000000  -0.000214  0.000376  0.000214  1.000000  0.000060  0.006472  
142.746479 0.001613  0.090771  -0.005983  0.996846  -0.007413  -0.079018  0.006157  0.999851  -0.016135  0.079126  0.015598  0.996743  -0.002062  -0.004223  -0.003874  -0.100946  0.237646  -0.044760  2.000000  1.000000  0.000740  -0.000633  -0.000740  1.000000  -0.000358  0.000633  0.000358  1.000000  0.999979  -0.001127  -0.006405  0.001112  0.999997  -0.002386  0.006408  0.002379  0.999977  1.000000  0.000062  -0.000052  -0.000062  1.000000  -0.000030  0.000052  0.000030  1.000000  1.000000  0.000740  -0.000633  -0.000740  1.000000  -0.000358  0.000633  0.000358  1.000000  0.000065  0.006927  
142.747723 0.001609  0.090764  -0.005989  0.996803  -0.007431  -0.079551  0.006156  0.999849  -0.016260  0.079660  0.015718  0.996698  -0.002227  -0.004466  -0.004086  -0.100975  0.251164  -0.044988  2.000000  0.999999  0.001069  -0.000904  -0.001070  0.999999  -0.000505  0.000904  0.000506  0.999999  0.999975  -0.001136  -0.006940  0.001120  0.999997  -0.002387  0.006943  0.002379  0.999973  1.000000  0.000068  -0.000056  -0.000068  1.000000  -0.000030  0.000056  0.000030  1.000000  0.999999  0.001069  -0.000904  -0.001070  0.999999  -0.000505  0.000904  0.000506  0.999999  0.000068  0.007426  
142.748723 0.001606  0.090758  -0.005992  0.996771  -0.007447  -0.079950  0.006156  0.999847  -0.016383  0.080060  0.015838  0.996664  -0.002397  -0.004740  -0.004222  -0.105058  0.264645  -0.045196  2.000000  0.999998  0.001351  -0.001133  -0.001352  0.999999  -0.000625  0.001132  0.000627  0.999999  0.999972  -0.001143  -0.007342  0.001126  0.999997  -0.002387  0.007344  0.002379  0.999970  1.000000  0.000072  -0.000058  -0.000072  1.000000  -0.000030  0.000058  0.000030  1.000000  0.999998  0.001351  -0.001133  -0.001352  0.999999  -0.000625  0.001132  0.000627  0.999999  0.000071  0.007803  
142.749977 0.001602  0.090749  -0.005996  0.996728  -0.007466  -0.080482  0.006156  0.999845  -0.016508  0.080593  0.015958  0.996619  -0.002623  -0.005022  -0.004358  -0.104532  0.278196  -0.038521  2.000000  0.999997  0.001725  -0.001431  -0.001726  0.999998  -0.000778  0.001430  0.000781  0.999999  0.999969  -0.001151  -0.007743  0.001132  0.999997  -0.002388  0.007745  0.002379  0.999967  1.000000  0.000077  -0.000061  -0.000077  1.000000  -0.000030  0.000061  0.000030  1.000000  0.999997  0.001725  -0.001431  -0.001726  0.999998  -0.000778  0.001430  0.000781  0.999999  0.000074  0.008183  
142.751223 0.001597  0.090740  -0.006001  0.996673  -0.007702  -0.081144  0.006361  0.999839  -0.016771  0.081260  0.016199  0.996561  -0.002831  -0.005306  -0.004450  -0.109196  0.300691  -0.045816  2.000000  0.999996  0.002118  -0.001747  -0.002120  0.999997  -0.000933  0.001745  0.000937  0.999998  0.999966  -0.001158  -0.008144  0.001138  0.999996  -0.002510  0.008147  0.002501  0.999964  1.000000  0.000081  -0.000063  -0.000081  1.000000  -0.000031  0.000063  0.000031  1.000000  0.999996  0.002118  -0.001747  -0.002120  0.999997  -0.000933  0.001745  0.000937  0.999998  0.000079  0.008599  
142.752474 0.001592  0.090730  -0.006005  0.996629  -0.007720  -0.081676  0.006361  0.999837  -0.016896  0.081793  0.016319  0.996516  -0.003046  -0.005639  -0.004567  -0.113247  0.314069  -0.046016  2.000000  0.999995  0.002450  -0.002006  -0.002453  0.999996  -0.001060  0.002003  0.001064  0.999997  0.999964  -0.001164  -0.008411  0.001142  0.999996  -0.002632  0.008414  0.002622  0.999961  1.000000  0.000084  -0.000065  -0.000084  1.000000  -0.000033  0.000065  0.000033  1.000000  0.999995  0.002450  -0.002006  -0.002453  0.999996  -0.001060  0.002003  0.001064  0.999997  0.000085  0.008889  
142.753492 0.001589  0.090723  -0.006009  0.996585  -0.007739  -0.082209  0.006360  0.999835  -0.017021  0.082327  0.016440  0.996470  -0.003191  -0.005904  -0.004630  -0.113194  0.331855  -0.046294  2.000000  0.999994  0.002788  -0.002265  -0.002791  0.999995  -0.001189  0.002262  0.001195  0.999997  0.999963  -0.000962  -0.008548  0.000940  0.999996  -0.002615  0.008551  0.002607  0.999960  1.000000  0.000087  -0.000064  -0.000087  1.000000  -0.000033  0.000064  0.000033  1.000000  0.999994  0.002788  -0.002265  -0.002791  0.999995  -0.001189  0.002262  0.001195  0.999997  0.000087  0.008990  
142.754722 0.001584  0.090713  -0.006013  0.996541  -0.007758  -0.082741  0.006360  0.999833  -0.017145  0.082860  0.016560  0.996424  -0.003316  -0.006219  -0.004586  -0.112366  0.347230  -0.046257  2.000000  0.999992  0.003137  -0.002522  -0.003141  0.999994  -0.001321  0.002518  0.001329  0.999996  0.999962  -0.000966  -0.008682  0.000942  0.999996  -0.002737  0.008685  0.002729  0.999959  1.000000  0.000088  -0.000065  -0.000088  1.000000  -0.000034  0.000065  0.000034  1.000000  0.999992  0.003137  -0.002522  -0.003141  0.999994  -0.001321  0.002518  0.001329  0.999996  0.000091  0.009153  
142.755722 0.001581  0.090705  -0.006017  0.996519  -0.007772  -0.083007  0.006360  0.999831  -0.017268  0.083127  0.016680  0.996399  -0.003362  -0.006476  -0.004530  -0.117369  0.354561  -0.046724  2.000000  0.999990  0.003492  -0.002783  -0.003496  0.999993  -0.001456  0.002778  0.001465  0.999995  0.999961  -0.000969  -0.008816  0.000945  0.999996  -0.002738  0.008818  0.002729  0.999957  1.000000  0.000089  -0.000065  -0.000089  1.000000  -0.000034  0.000065  0.000034  1.000000  0.999990  0.003492  -0.002783  -0.003496  0.999993  -0.001456  0.002778  0.001465  0.999995  0.000094  0.009280  
142.756723 0.001578  0.090697  -0.006020  0.996487  -0.007583  -0.083409  0.006155  0.999830  -0.017375  0.083527  0.016801  0.996364  -0.003375  -0.006672  -0.004410  -0.116840  0.368155  -0.040075  2.000000  0.999988  0.003848  -0.003038  -0.003853  0.999991  -0.001591  0.003032  0.001603  0.999994  0.999961  -0.000765  -0.008819  0.000741  0.999996  -0.002721  0.008821  0.002714  0.999957  1.000000  0.000091  -0.000063  -0.000091  1.000000  -0.000034  0.000063  0.000034  1.000000  0.999988  0.003848  -0.003038  -0.003853  0.999991  -0.001591  0.003032  0.001603  0.999994  0.000096  0.009260  
142.758011 0.001574  0.090688  -0.006023  0.996464  -0.007608  -0.083674  0.006154  0.999826  -0.017619  0.083793  0.017042  0.996337  -0.003381  -0.006936  -0.004057  -0.120756  0.376627  -0.040225  2.000000  0.999985  0.004301  -0.003355  -0.004307  0.999989  -0.001764  0.003348  0.001778  0.999993  0.999961  -0.000767  -0.008819  0.000742  0.999996  -0.002842  0.008821  0.002835  0.999957  1.000000  0.000091  -0.000063  -0.000091  1.000000  -0.000035  0.000063  0.000035  1.000000  0.999985  0.004301  -0.003355  -0.004307  0.999989  -0.001764  0.003348  0.001778  0.999993  0.000100  0.009296  
142.759224 0.001570  0.090679  -0.006025  0.996430  -0.007635  -0.084072  0.006154  0.999821  -0.017864  0.084193  0.017283  0.996300  -0.003370  -0.007000  -0.003690  -0.128040  0.383010  -0.040137  2.000000  0.999983  0.004666  -0.003611  -0.004673  0.999987  -0.001908  0.003602  0.001925  0.999992  0.999960  -0.000771  -0.008952  0.000745  0.999995  -0.002964  0.008955  0.002957  0.999956  1.000000  0.000092  -0.000064  -0.000092  1.000000  -0.000037  0.000064  0.000037  1.000000  0.999983  0.004666  -0.003611  -0.004673  0.999987  -0.001908  0.003602  0.001925  0.999992  0.000102  0.009461  
142.760231 0.001568  0.090673  -0.006025  0.996408  -0.007650  -0.084338  0.006154  0.999819  -0.017987  0.084460  0.017403  0.996275  -0.003314  -0.007067  -0.003272  -0.129075  0.386073  -0.040504  2.000000  0.999981  0.004940  -0.003802  -0.004947  0.999986  -0.002018  0.003792  0.002037  0.999991  0.999960  -0.000772  -0.008952  0.000746  0.999995  -0.002964  0.008954  0.002957  0.999956  1.000000  0.000092  -0.000064  -0.000092  1.000000  -0.000037  0.000064  0.000037  1.000000  0.999981  0.004940  -0.003802  -0.004947  0.999986  -0.002018  0.003792  0.002037  0.999991  0.000103  0.009461  
142.761473 0.001564  0.090666  -0.006025  0.996374  -0.007678  -0.084736  0.006154  0.999815  -0.018232  0.084860  0.017645  0.996237  -0.003265  -0.007029  -0.002815  -0.131564  0.387573  -0.033482  2.000000  0.999977  0.005390  -0.004112  -0.005399  0.999983  -0.002203  0.004100  0.002225  0.999989  0.999963  -0.000562  -0.008554  0.000536  0.999995  -0.003068  0.008556  0.003063  0.999959  1.000000  0.000089  -0.000059  -0.000089  1.000000  -0.000038  0.000059  0.000038  1.000000  0.999977  0.005390  -0.004112  -0.005399  0.999983  -0.002203  0.004100  0.002225  0.999989  0.000102  0.009105  
142.762473 0.001562  0.090660  -0.006024  0.996352  -0.007487  -0.085005  0.005949  0.999814  -0.018338  0.085127  0.017765  0.996212  -0.003240  -0.007037  -0.002444  -0.131028  0.383215  -0.026616  2.000000  0.999974  0.005741  -0.004345  -0.005751  0.999981  -0.002348  0.004331  0.002373  0.999988  0.999966  -0.000353  -0.008290  0.000329  0.999996  -0.002929  0.008291  0.002926  0.999961  1.000000  0.000088  -0.000056  -0.000088  1.000000  -0.000037  0.000056  0.000037  1.000000  0.999974  0.005741  -0.004345  -0.005751  0.999981  -0.002348  0.004331  0.002373  0.999988  0.000101  0.008799  
142.763474 0.001559  0.090654  -0.006023  0.996341  -0.007500  -0.085137  0.005948  0.999812  -0.018460  0.085260  0.017886  0.996198  -0.003196  -0.007030  -0.002148  -0.134537  0.378884  -0.019729  2.000000  0.999971  0.006091  -0.004559  -0.006102  0.999978  -0.002493  0.004543  0.002521  0.999987  0.999967  -0.000147  -0.008160  0.000123  0.999996  -0.002912  0.008161  0.002911  0.999962  1.000000  0.000087  -0.000052  -0.000088  1.000000  -0.000036  0.000052  0.000036  1.000000  0.999971  0.006091  -0.004559  -0.006102  0.999978  -0.002493  0.004543  0.002521  0.999987  0.000101  0.008665  
142.764726 0.001556  0.090646  -0.006022  0.996318  -0.007525  -0.085402  0.005948  0.999807  -0.018704  0.085527  0.018127  0.996171  -0.003111  -0.006987  -0.001793  -0.139731  0.373017  -0.019816  2.000000  0.999967  0.006513  -0.004807  -0.006526  0.999975  -0.002673  0.004790  0.002704  0.999985  0.999971  0.000067  -0.007629  -0.000089  0.999996  -0.002773  0.007629  0.002773  0.999967  1.000000  0.000083  -0.000047  -0.000083  1.000000  -0.000035  0.000047  0.000035  1.000000  0.999967  0.006513  -0.004807  -0.006526  0.999975  -0.002673  0.004790  0.002704  0.999985  0.000100  0.008118  
142.765976 0.001552  0.090638  -0.006022  0.996295  -0.007540  -0.085668  0.005948  0.999805  -0.018827  0.085793  0.018247  0.996146  -0.003036  -0.006951  -0.001473  -0.139723  0.372982  -0.019859  2.000000  0.999963  0.006911  -0.005033  -0.006926  0.999972  -0.002851  0.005013  0.002885  0.999983  0.999974  0.000073  -0.007228  -0.000094  0.999996  -0.002894  0.007227  0.002894  0.999970  1.000000  0.000079  -0.000044  -0.000079  1.000000  -0.000036  0.000044  0.000036  1.000000  0.999963  0.006911  -0.005033  -0.006926  0.999972  -0.002851  0.005013  0.002885  0.999983  0.000099  0.007786  
142.767006 0.001549  0.090631  -0.006022  0.996285  -0.007348  -0.085804  0.005743  0.999804  -0.018931  0.085926  0.018368  0.996132  -0.002988  -0.006888  -0.001224  -0.139011  0.368178  -0.012920  2.000000  0.999961  0.007144  -0.005162  -0.007159  0.999970  -0.002956  0.005141  0.002993  0.999982  0.999976  0.000282  -0.006964  -0.000302  0.999996  -0.002876  0.006963  0.002878  0.999972  1.000000  0.000077  -0.000040  -0.000077  1.000000  -0.000036  0.000040  0.000036  1.000000  0.999961  0.007144  -0.005162  -0.007159  0.999970  -0.002956  0.005141  0.002993  0.999982  0.000098  0.007540  
142.768224 0.001546  0.090622  -0.006021  0.996273  -0.007371  -0.085936  0.005743  0.999800  -0.019174  0.086060  0.018609  0.996116  -0.002908  -0.006801  -0.000868  -0.143272  0.359663  -0.012855  2.000000  0.999958  0.007448  -0.005322  -0.007464  0.999967  -0.003099  0.005299  0.003139  0.999981  0.999978  0.000285  -0.006696  -0.000305  0.999995  -0.002997  0.006695  0.002999  0.999973  1.000000  0.000074  -0.000039  -0.000074  1.000000  -0.000037  0.000039  0.000037  1.000000  0.999958  0.007448  -0.005322  -0.007464  0.999967  -0.003099  0.005299  0.003139  0.999981  0.000097  0.007343  
142.769226 0.001544  0.090616  -0.006019  0.996262  -0.007384  -0.086068  0.005743  0.999797  -0.019296  0.086193  0.018730  0.996102  -0.002787  -0.006716  -0.000483  -0.139193  0.350658  -0.012769  2.000000  0.999955  0.007742  -0.005476  -0.007759  0.999965  -0.003243  0.005451  0.003286  0.999980  0.999979  0.000290  -0.006429  -0.000309  0.999995  -0.002997  0.006428  0.002999  0.999975  1.000000  0.000071  -0.000037  -0.000071  1.000000  -0.000037  0.000037  0.000037  1.000000  0.999955  0.007742  -0.005476  -0.007759  0.999965  -0.003243  0.005451  0.003286  0.999980  0.000095  0.007100  
142.770473 0.001542  0.090609  -0.006015  0.996252  -0.007191  -0.086204  0.005538  0.999796  -0.019401  0.086326  0.018851  0.996089  -0.002664  -0.006540  0.000063  -0.136930  0.334613  0.001199  2.000000  0.999951  0.008092  -0.005656  -0.008111  0.999961  -0.003423  0.005628  0.003469  0.999978  0.999982  0.000502  -0.006031  -0.000519  0.999996  -0.002858  0.006030  0.002861  0.999978  1.000000  0.000068  -0.000032  -0.000068  1.000000  -0.000036  0.000032  0.000036  1.000000  0.999951  0.008092  -0.005656  -0.008111  0.999961  -0.003423  0.005628  0.003469  0.999978  0.000090  0.006694  
142.771479 0.001540  0.090603  -0.006013  0.996252  -0.007201  -0.086204  0.005538  0.999794  -0.019522  0.086326  0.018971  0.996086  -0.002604  -0.006415  0.000459  -0.137474  0.314963  0.008445  2.000000  0.999948  0.008361  -0.005783  -0.008381  0.999959  -0.003568  0.005753  0.003616  0.999977  0.999983  0.000506  -0.005764  -0.000523  0.999995  -0.002979  0.005762  0.002982  0.999979  1.000000  0.000066  -0.000030  -0.000066  1.000000  -0.000037  0.000030  0.000037  1.000000  0.999948  0.008361  -0.005783  -0.008381  0.999959  -0.003568  0.005753  0.003616  0.999977  0.000087  0.006509  
142.772727 0.001537  0.090595  -0.006010  0.996240  -0.007225  -0.086335  0.005538  0.999789  -0.019765  0.086460  0.019213  0.996070  -0.002490  -0.006288  0.000930  -0.137461  0.301458  0.008600  2.000000  0.999945  0.008677  -0.005919  -0.008699  0.999955  -0.003751  0.005886  0.003802  0.999975  0.999986  0.000720  -0.005233  -0.000735  0.999995  -0.002961  0.005231  0.002965  0.999982  1.000000  0.000061  -0.000025  -0.000061  1.000000  -0.000037  0.000025  0.000037  1.000000  0.999945  0.008677  -0.005919  -0.008699  0.999955  -0.003751  0.005886  0.003802  0.999975  0.000085  0.006057  
142.773973 0.001536  0.090588  -0.006007  0.996230  -0.007043  -0.086471  0.005333  0.999786  -0.019991  0.086593  0.019454  0.996054  -0.002338  -0.006167  0.001171  -0.139275  0.285916  0.022388  2.000000  0.999945  0.008677  -0.005919  -0.008699  0.999955  -0.003751  0.005886  0.003802  0.999975  0.999989  0.000935  -0.004702  -0.000949  0.999995  -0.002943  0.004699  0.002948  0.999985  1.000000  0.000000  0.000000  0.000000  1.000000  0.000000  0.000000  0.000000  1.000000  0.999945  0.008677  -0.005919  -0.008699  0.999955  -0.003751  0.005886  0.003802  0.999975  0.000080  0.000000  
142.774975 0.001534  0.090582  -0.006006  0.996218  -0.007056  -0.086603  0.005332  0.999783  -0.020113  0.086726  0.019575  0.996040  -0.002284  -0.006184  0.001306  -0.139250  0.276965  0.022506  2.000000  0.999945  0.008677  -0.005919  -0.008699  0.999955  -0.003751  0.005886  0.003802  0.999975  0.999990  0.000942  -0.004301  -0.000955  0.999995  -0.003065  0.004298  0.003069  0.999986  1.000000  0.000000  0.000000  0.000000  1.000000  0.000000  0.000000  0.000000  1.000000  0.999945  0.008677  -0.005919  -0.008699  0.999955  -0.003751  0.005886  0.003802  0.999975  0.000077  0.000000  
142.776223 0.001532  0.090574  -0.006005  0.996219  -0.006871  -0.086606  0.005127  0.999780  -0.020337  0.086726  0.019816  0.996035  -0.002200  -0.006195  0.001373  -0.138671  0.259247  0.029592  2.000000  0.999945  0.008677  -0.005919  -0.008699  0.999955  -0.003751  0.005886  0.003802  0.999975  0.999992  0.001154  -0.003904  -0.001166  0.999994  -0.003168  0.003900  0.003173  0.999987  1.000000  0.000000  0.000000  0.000000  1.000000  0.000000  0.000000  0.000000  1.000000  0.999945  0.008677  -0.005919  -0.008699  0.999955  -0.003751  0.005886  0.003802  0.999975  0.000074  0.000000  
142.777225 0.001530  0.090568  -0.006004  0.996219  -0.006892  -0.086604  0.005127  0.999775  -0.020580  0.086726  0.020058  0.996030  -0.002161  -0.006249  0.001327  -0.143919  0.243469  0.030119  2.000000  0.999945  0.008677  -0.005919  -0.008699  0.999955  -0.003751  0.005886  0.003802  0.999975  0.999993  0.001161  -0.003503  -0.001172  0.999994  -0.003168  0.003499  0.003172  0.999989  1.000000  0.000000  0.000000  0.000000  1.000000  0.000000  0.000000  0.000000  1.000000  0.999945  0.008677  -0.005919  -0.008699  0.999955  -0.003751  0.005886  0.003802  0.999975  0.000072  0.000000  
142.778231 0.001529  0.090562  -0.006004  0.996220  -0.006697  -0.086607  0.004922  0.999774  -0.020683  0.086726  0.020179  0.996028  -0.002058  -0.006261  0.001262  -0.143302  0.230052  0.037219  2.000000  0.999945  0.008677  -0.005919  -0.008699  0.999955  -0.003751  0.005886  0.003802  0.999975  0.999994  0.001166  -0.003235  -0.001176  0.999994  -0.003168  0.003232  0.003172  0.999990  1.000000  0.000000  0.000000  0.000000  1.000000  0.000000  0.000000  0.000000  1.000000  0.999945  0.008677  -0.005919  -0.008699  0.999955  -0.003751  0.005886  0.003802  0.999975  0.000070  0.000000  
142.779475 0.001526  0.090554  -0.006005  0.996221  -0.006512  -0.086610  0.004717  0.999770  -0.020908  0.086726  0.020421  0.996023  -0.002021  -0.006275  0.001162  -0.145600  0.214935  0.043957  2.000000  0.999945  0.008677  -0.005919  -0.008699  0.999955  -0.003751  0.005886  0.003802  0.999975  0.999995  0.001381  -0.002705  -0.001389  0.999994  -0.003150  0.002700  0.003154  0.999991  1.000000  0.000000  0.000000  0.000000  1.000000  0.000000  0.000000  0.000000  1.000000  0.999945  0.008677  -0.005919  -0.008699  0.999955  -0.003751  0.005886  0.003802  0.999975  0.000066  0.000000  
142.780477 0.001524  0.090548  -0.006006  0.996221  -0.006533  -0.086608  0.004717  0.999765  -0.021151  0.086726  0.020662  0.996018  -0.001948  -0.006224  0.001096  -0.150261  0.194335  0.051580  2.000000  0.999945  0.008677  -0.005919  -0.008699  0.999955  -0.003751  0.005886  0.003802  0.999975  0.999996  0.001386  -0.002438  -0.001393  0.999994  -0.003150  0.002433  0.003153  0.999992  1.000000  0.000000  0.000000  0.000000  1.000000  0.000000  0.000000  0.000000  1.000000  0.999945  0.008677  -0.005919  -0.008699  0.999955  -0.003751  0.005886  0.003802  0.999975  0.000064  0.000000  
142.781480 0.001522  0.090542  -0.006006  0.996210  -0.006340  -0.086745  0.004512  0.999764  -0.021255  0.086860  0.020783  0.996004  -0.001919  -0.006156  0.001063  -0.149676  0.181001  0.058705  2.000000  0.999945  0.008677  -0.005919  -0.008699  0.999955  -0.003751  0.005886  0.003802  0.999975  0.999996  0.001593  -0.002308  -0.001600  0.999994  -0.003132  0.002303  0.003136  0.999992  1.000000  0.000000  0.000000  0.000000  1.000000  0.000000  0.000000  0.000000  1.000000  0.999945  0.008677  -0.005919  -0.008699  0.999955  -0.003751  0.005886  0.003802  0.999975  0.000061  0.000000  
142.782723 0.001519  0.090535  -0.006006  0.996210  -0.006361  -0.086744  0.004512  0.999759  -0.021497  0.086860  0.021024  0.995999  -0.001898  -0.006066  0.001020  0.000000  0.000000  0.000000  2.000000  0.999945  0.008677  -0.005919  -0.008699  0.999955  -0.003751  0.005886  0.003802  0.999975  0.999997  0.001598  -0.002041  -0.001605  0.999993  -0.003253  0.002036  0.003257  0.999993  1.000000  0.000000  0.000000  0.000000  1.000000  0.000000  0.000000  0.000000  1.000000  0.999945  0.008677  -0.005919  -0.008699  0.999955  -0.003751  0.005886  0.003802  0.999975  0.000000  0.000000  
142.783727 0.001516  0.090529  -0.006006  0.996200  -0.006179  -0.086880  0.004307  0.999755  -0.021722  0.086993  0.021266  0.995982  -0.001942  -0.006015  0.000866  0.000000  0.000000  0.000000  2.000000  0.999945  0.008677  -0.005919  -0.008699  0.999955  -0.003751  0.005886  0.003802  0.999975  0.999997  0.001601  -0.001907  -0.001607  0.999993  -0.003253  0.001902  0.003256  0.999993  1.000000  0.000000  0.000000  0.000000  1.000000  0.000000  0.000000  0.000000  1.000000  0.999945  0.008677  -0.005919  -0.008699  0.999955  -0.003751  0.005886  0.003802  0.999975  0.000000  0.000000  
142.784977 0.001512  0.090522  -0.006008  0.996200  -0.006190  -0.086879  0.004307  0.999752  -0.021844  0.086993  0.021387  0.995979  -0.002035  -0.005997  0.000595  0.000000  0.000000  0.000000  2.000000  0.999945  0.008677  -0.005919  -0.008699  0.999955  -0.003751  0.005886  0.003802  0.999975  0.999997  0.001606  -0.001640  -0.001611  0.999993  -0.003253  0.001635  0.003256  0.999993  1.000000  0.000000  0.000000  0.000000  1.000000  0.000000  0.000000  0.000000  1.000000  0.999945  0.008677  -0.005919  -0.008699  0.999955  -0.003751  0.005886  0.003802  0.999975  0.000000  0.000000  
142.786227 0.001508  0.090514  -0.006011  0.996189  -0.006008  -0.087015  0.004102  0.999748  -0.022069  0.087126  0.021628  0.995962  -0.002146  -0.006040  0.000178  0.000000  0.000000  0.000000  2.000000  0.999945  0.008677  -0.005919  -0.008699  0.999955  -0.003751  0.005886  0.003802  0.999975  0.999997  0.001814  -0.001511  -0.001819  0.999993  -0.003356  0.001505  0.003359  0.999993  1.000000  0.000000  0.000000  0.000000  1.000000  0.000000  0.000000  0.000000  1.000000  0.999945  0.008677  -0.005919  -0.008699  0.999955  -0.003751  0.005886  0.003802  0.999975  0.000000  0.000000  
142.787474 0.001503  0.090505  -0.006015  0.996190  -0.005823  -0.087019  0.003897  0.999744  -0.022294  0.087126  0.021870  0.995957  -0.002340  -0.006131  -0.000319  0.000000  0.000000  0.000000  2.000000  0.999945  0.008677  -0.005919  -0.008699  0.999955  -0.003751  0.005886  0.003802  0.999975  0.999997  0.001816  -0.001378  -0.001821  0.999993  -0.003356  0.001372  0.003359  0.999993  1.000000  0.000000  0.000000  0.000000  1.000000  0.000000  0.000000  0.000000  1.000000  0.999945  0.008677  -0.005919  -0.008699  0.999955  -0.003751  0.005886  0.003802  0.999975  0.000000  0.000000  
142.788723 0.001498  0.090496  -0.006020  0.996190  -0.005639  -0.087022  0.003692  0.999740  -0.022518  0.087126  0.022111  0.995952  -0.002575  -0.006266  -0.000872  0.000000  0.000000  0.000000  2.000000  0.999945  0.008677  -0.005919  -0.008699  0.999955  -0.003751  0.005886  0.003802  0.999975  0.999998  0.001822  -0.001111  -0.001825  0.999993  -0.003356  0.001105  0.003358  0.999994  1.000000  0.000000  0.000000  0.000000  1.000000  0.000000  0.000000  0.000000  1.000000  0.999945  0.008677  -0.005919  -0.008699  0.999955  -0.003751  0.005886  0.003802  0.999975  0.000000  0.000000  
142.789973 0.001492  0.090487  -0.006026  0.996179  -0.005663  -0.087154  0.003692  0.999734  -0.022761  0.087259  0.022352  0.995935  -0.002825  -0.006350  -0.001315  0.000000  0.000000  0.000000  2.000000  0.999945  0.008677  -0.005919  -0.008699  0.999955  -0.003751  0.005886  0.003802  0.999975  0.999997  0.002027  -0.001116  -0.002030  0.999992  -0.003459  0.001109  0.003461  0.999993  1.000000  0.000000  0.000000  0.000000  1.000000  0.000000  0.000000  0.000000  1.000000  0.999945  0.008677  -0.005919  -0.008699  0.999955  -0.003751  0.005886  0.003802  0.999975  0.000000  0.000000  
142.791223 0.001486  0.090478  -0.006031  0.996168  -0.005492  -0.087290  0.003486  0.999727  -0.023108  0.087393  0.022715  0.995915  -0.003116  -0.006421  -0.001792  -0.162159  0.090993  0.087066  2.000000  0.999945  0.008677  -0.005919  -0.008699  0.999955  -0.003751  0.005886  0.003802  0.999975  0.999997  0.002026  -0.001116  -0.002030  0.999992  -0.003580  0.001109  0.003583  0.999993  1.000000  0.000000  0.000000  0.000000  1.000000  0.000000  0.000000  0.000000  1.000000  0.999945  0.008677  -0.005919  -0.008699  0.999955  -0.003751  0.005886  0.003802  0.999975  0.000051  0.000000  
142.792226 0.001480  0.090471  -0.006037  0.996156  -0.005505  -0.087422  0.003486  0.999724  -0.023229  0.087526  0.022835  0.995900  -0.003399  -0.006517  -0.002183  -0.162754  0.086415  0.080318  2.000000  0.999945  0.008677  -0.005919  -0.008699  0.999955  -0.003751  0.005886  0.003802  0.999975  0.999997  0.002026  -0.001117  -0.002030  0.999992  -0.003580  0.001110  0.003582  0.999993  1.000000  0.000000  0.000000  0.000000  1.000000  0.000000  0.000000  0.000000  1.000000  0.999945  0.008677  -0.005919  -0.008699  0.999955  -0.003751  0.005886  0.003802  0.999975  0.000051  0.000000  
142.793228 0.001474  0.090464  -0.006041  0.996144  -0.005530  -0.087554  0.003486  0.999718  -0.023472  0.087659  0.023076  0.995883  -0.003626  -0.006533  -0.002434  -0.168118  0.082627  0.081037  2.000000  0.999945  0.008677  -0.005919  -0.008699  0.999955  -0.003751  0.005886  0.003802  0.999975  0.999997  0.002023  -0.001251  -0.002027  0.999991  -0.003701  0.001244  0.003704  0.999992  1.000000  0.000000  0.000000  0.000000  1.000000  0.000000  0.000000  0.000000  1.000000  0.999945  0.008677  -0.005919  -0.008699  0.999955  -0.003751  0.005886  0.003802  0.999975  0.000051  0.000000  
142.794232 0.001469  0.090456  -0.006046  0.996133  -0.005348  -0.087691  0.003281  0.999714  -0.023697  0.087793  0.023318  0.995866  -0.003890  -0.006620  -0.002770  -0.171548  0.078274  0.087990  2.000000  0.999945  0.008677  -0.005919  -0.008699  0.999955  -0.003751  0.005886  0.003802  0.999975  0.999997  0.002022  -0.001252  -0.002027  0.999991  -0.003822  0.001244  0.003825  0.999992  1.000000  0.000000  0.000000  0.000000  1.000000  0.000000  0.000000  0.000000  1.000000  0.999945  0.008677  -0.005919  -0.008699  0.999955  -0.003751  0.005886  0.003802  0.999975  0.000052  0.000000  
142.795479 0.001461  0.090447  -0.006053  0.996122  -0.005383  -0.087822  0.003281  0.999705  -0.024061  0.087926  0.023680  0.995846  -0.004288  -0.006735  -0.003195  -0.174209  0.077676  0.087263  2.000000  0.999945  0.008677  -0.005919  -0.008699  0.999955  -0.003751  0.005886  0.003802  0.999975  0.999997  0.002022  -0.001252  -0.002027  0.999991  -0.003822  0.001244  0.003824  0.999992  1.000000  0.000000  0.000000  0.000000  1.000000  0.000000  0.000000  0.000000  1.000000  0.999945  0.008677  -0.005919  -0.008699  0.999955  -0.003751  0.005886  0.003802  0.999975  0.000052  0.000000  
142.796482 0.001454  0.090439  -0.006059  0.996111  -0.005202  -0.087959  0.003076  0.999700  -0.024286  0.088059  0.023921  0.995828  -0.004567  -0.006888  -0.003629  -0.177638  0.077834  0.094079  2.000000  0.999945  0.008677  -0.005919  -0.008699  0.999955  -0.003751  0.005886  0.003802  0.999975  0.999997  0.002022  -0.001253  -0.002026  0.999991  -0.003822  0.001245  0.003824  0.999992  1.000000  0.000000  0.000000  0.000000  1.000000  0.000000  0.000000  0.000000  1.000000  0.999945  0.008677  -0.005919  -0.008699  0.999955  -0.003751  0.005886  0.003802  0.999975  0.000053  0.000000  
142.797726 0.001446  0.090429  -0.006067  0.996099  -0.005226  -0.088091  0.003076  0.999694  -0.024529  0.088192  0.024163  0.995810  -0.004881  -0.007041  -0.004091  -0.179726  0.078366  0.087960  2.000000  0.999945  0.008677  -0.005919  -0.008699  0.999955  -0.003751  0.005886  0.003802  0.999975  0.999997  0.001813  -0.001382  -0.001818  0.999991  -0.003961  0.001375  0.003963  0.999991  1.000000  0.000000  0.000000  0.000000  1.000000  0.000000  0.000000  0.000000  1.000000  0.999945  0.008677  -0.005919  -0.008699  0.999955  -0.003751  0.005886  0.003802  0.999975  0.000054  0.000000  
142.798977 0.001436  0.090419  -0.006076  0.996087  -0.005262  -0.088222  0.003076  0.999685  -0.024893  0.088326  0.024525  0.995790  -0.005317  -0.007290  -0.004655  -0.187848  0.073885  0.088031  2.000000  0.999945  0.008677  -0.005919  -0.008699  0.999955  -0.003751  0.005886  0.003802  0.999975  0.999997  0.001806  -0.001650  -0.001812  0.999991  -0.003960  0.001643  0.003963  0.999991  1.000000  0.000000  0.000000  0.000000  1.000000  0.000000  0.000000  0.000000  1.000000  0.999945  0.008677  -0.005919  -0.008699  0.999955  -0.003751  0.005886  0.003802  0.999975  0.000055  0.000000  
142.799978 0.001428  0.090410  -0.006084  0.996076  -0.005070  -0.088360  0.002871  0.999683  -0.024997  0.088459  0.024645  0.995775  -0.005644  -0.007504  -0.005137  -0.185788  0.077934  0.094080  2.000000  0.999945  0.008677  -0.005919  -0.008699  0.999955  -0.003751  0.005886  0.003802  0.999975  0.999997  0.001802  -0.001784  -0.001809  0.999991  -0.003960  0.001777  0.003963  0.999991  1.000000  0.000000  0.000000  0.000000  1.000000  0.000000  0.000000  0.000000  1.000000  0.999945  0.008677  -0.005919  -0.008699  0.999955  -0.003751  0.005886  0.003802  0.999975  0.000056  0.000000  
142.801226 0.001417  0.090398  -0.006095  0.996052  -0.005109  -0.088625  0.002871  0.999674  -0.025361  0.088725  0.025007  0.995742  -0.006046  -0.007694  -0.005601  -0.196004  0.082920  0.087814  2.000000  0.999945  0.008677  -0.005919  -0.008699  0.999955  -0.003751  0.005886  0.003802  0.999975  0.999997  0.001593  -0.001913  -0.001601  0.999991  -0.003978  0.001907  0.003981  0.999990  1.000000  0.000000  0.000000  0.000000  1.000000  0.000000  0.000000  0.000000  1.000000  0.999945  0.008677  -0.005919  -0.008699  0.999955  -0.003751  0.005886  0.003802  0.999975  0.000057  0.000000  
142.802278 0.001408  0.090389  -0.006103  0.996028  -0.005137  -0.088890  0.002871  0.999668  -0.025605  0.088992  0.025248  0.995712  -0.006441  -0.007869  -0.005952  -0.195626  0.087277  0.087531  2.000000  0.999945  0.008677  -0.005919  -0.008699  0.999955  -0.003751  0.005886  0.003802  0.999975  0.999997  0.001590  -0.002048  -0.001598  0.999991  -0.003978  0.002041  0.003981  0.999990  1.000000  0.000000  0.000000  0.000000  1.000000  0.000000  0.000000  0.000000  1.000000  0.999945  0.008677  -0.005919  -0.008699  0.999955  -0.003751  0.005886  0.003802  0.999975  0.000057  0.000000  
