1-Time 2-Px 3-Py 4-Pz 5-R11 6-R21 7-R31 8-R12 9-R22 10-R32 11-R13 12-R23 13-R33 14-Vx 15-Vy 16-Vz 17-Wx 18-Wy 19-Wz 20-state 21-PR11 22-PR21 23-PR31 24-PR12 25-PR22 26-PR32 27-PR13 28-PR23 29-PR33 
18.817667 0.000908  0.089801  -0.016963  0.999440  0.033121  0.004809  -0.033139  0.999444  0.003724  -0.004683  -0.003881  0.999982  0.000014  -0.000015  0.000146  0.000000  0.000000  0.000000  2.000000  1.000000  0.000000  0.000000  0.000000  1.000000  0.000000  0.000000  0.000000  1.000000  1.000000  0.000000  0.000000  0.000000  1.000000  0.000121  0.000000  -0.000121  1.000000  1.000000  0.000000  0.000000  0.000000  1.000000  0.000000  0.000000  0.000000  1.000000  0.768150  0.337674  -0.543987  -0.378101  0.924891  0.040208  0.516705  0.174796  0.838130  0.000000  0.000000  
18.818669 0.000907  0.089800  -0.016963  0.999440  0.033121  0.004809  -0.033139  0.999444  0.003724  -0.004683  -0.003881  0.999982  -0.000017  -0.000039  0.000127  0.000000  0.000000  0.000000  2.000000  1.000000  0.000000  0.000000  0.000000  1.000000  0.000000  0.000000  0.000000  1.000000  1.000000  0.000000  0.000000  0.000000  1.000000  0.000121  0.000000  -0.000121  1.000000  1.000000  0.000000  0.000000  0.000000  1.000000  0.000000  0.000000  0.000000  1.000000  1.000000  0.000000  0.000000  0.000000  1.000000  0.000000  0.000000  0.000000  1.000000  0.000000  0.000000  
18.819673 0.000907  0.089799  -0.016964  0.999432  0.033326  0.004943  -0.033345  0.999437  0.003719  -0.004817  -0.003881  0.999981  -0.000044  -0.000161  0.000079  0.000000  0.000000  0.000000  2.000000  1.000000  0.000000  0.000000  0.000000  1.000000  0.000000  0.000000  0.000000  1.000000  1.000000  -0.000001  0.000134  0.000001  1.000000  0.000121  -0.000134  -0.000121  1.000000  1.000000  0.000000  0.000000  0.000000  1.000000  0.000000  0.000000  0.000000  1.000000  1.000000  0.000000  0.000000  0.000000  1.000000  0.000000  0.000000  0.000000  1.000000  0.000000  0.000000  
18.820673 0.000906  0.089796  -0.016964  0.999432  0.033326  0.004943  -0.033345  0.999437  0.003719  -0.004817  -0.003881  0.999981  -0.000104  -0.000328  0.000058  0.000000  0.000000  0.000000  2.000000  1.000000  0.000000  0.000000  0.000000  1.000000  0.000000  0.000000  0.000000  1.000000  1.000000  0.000205  0.000135  -0.000205  1.000000  0.000120  -0.000135  -0.000120  1.000000  1.000000  0.000000  0.000000  0.000000  1.000000  0.000000  0.000000  0.000000  1.000000  1.000000  0.000000  0.000000  0.000000  1.000000  0.000000  0.000000  0.000000  1.000000  0.000000  0.000000  
18.821927 0.000905  0.089793  -0.016964  0.999425  0.033532  0.004944  -0.033550  0.999430  0.003718  -0.004817  -0.003881  0.999981  -0.000180  -0.000566  0.000035  0.000000  0.000000  0.000000  2.000000  1.000000  0.000000  0.000000  0.000000  1.000000  0.000000  0.000000  0.000000  1.000000  1.000000  0.000411  0.000135  -0.000411  1.000000  0.000119  -0.000135  -0.000119  1.000000  1.000000  0.000000  0.000000  0.000000  1.000000  0.000000  0.000000  0.000000  1.000000  1.000000  0.000000  0.000000  0.000000  1.000000  0.000000  0.000000  0.000000  1.000000  0.000000  0.000000  
18.823176 0.000904  0.089789  -0.016964  0.999418  0.033737  0.004949  -0.033756  0.999423  0.003838  -0.004817  -0.004003  0.999980  -0.000217  -0.000802  0.000038  0.000000  0.000000  0.000000  2.000000  1.000000  0.000000  0.000000  0.000000  1.000000  0.000000  0.000000  0.000000  1.000000  1.000000  0.000617  0.000136  -0.000617  1.000000  0.000118  -0.000136  -0.000118  1.000000  1.000000  0.000000  0.000000  0.000000  1.000000  0.000000  0.000000  0.000000  1.000000  1.000000  0.000000  0.000000  0.000000  1.000000  0.000000  0.000000  0.000000  1.000000  0.000000  0.000000  
18.824427 0.000903  0.089785  -0.016964  0.999418  0.033737  0.004949  -0.033756  0.999423  0.003838  -0.004817  -0.004003  0.999980  -0.000287  -0.001084  0.000069  0.000000  0.000000  0.000000  2.000000  1.000000  0.000000  0.000000  0.000000  1.000000  0.000000  0.000000  0.000000  1.000000  1.000000  0.000617  0.000136  -0.000617  1.000000  0.000240  -0.000136  -0.000240  1.000000  1.000000  0.000000  0.000000  0.000000  1.000000  0.000000  0.000000  0.000000  1.000000  1.000000  0.000000  0.000000  0.000000  1.000000  0.000000  0.000000  0.000000  1.000000  0.000000  0.000000  
18.825676 0.000903  0.089781  -0.016964  0.999412  0.033943  0.004816  -0.033962  0.999416  0.003841  -0.004683  -0.004003  0.999981  -0.000324  -0.001321  0.000072  0.000000  0.000000  0.000000  2.000000  1.000000  0.000000  0.000000  0.000000  1.000000  0.000000  0.000000  0.000000  1.000000  1.000000  0.000823  0.000137  -0.000823  1.000000  0.000117  -0.000137  -0.000117  1.000000  1.000000  0.000000  0.000000  0.000000  1.000000  0.000000  0.000000  0.000000  1.000000  1.000000  0.000000  0.000000  0.000000  1.000000  0.000000  0.000000  0.000000  1.000000  0.000000  0.000000  
18.826677 0.000903  0.089778  -0.016962  0.999405  0.034149  0.004817  -0.034168  0.999409  0.003840  -0.004683  -0.004003  0.999981  -0.000309  -0.001506  0.000149  0.000000  0.000000  0.000000  2.000000  1.000000  0.000000  0.000000  0.000000  1.000000  0.000000  0.000000  0.000000  1.000000  0.999999  0.001029  0.000004  -0.001029  0.999999  0.000116  -0.000004  -0.000116  1.000000  1.000000  0.000000  0.000000  0.000000  1.000000  0.000000  0.000000  0.000000  1.000000  1.000000  0.000000  0.000000  0.000000  1.000000  0.000000  0.000000  0.000000  1.000000  0.000000  0.000000  
18.827677 0.000903  0.089775  -0.016963  0.999391  0.034560  0.004819  -0.034579  0.999395  0.003838  -0.004683  -0.004003  0.999981  -0.000293  -0.001723  0.000096  0.000000  0.000000  0.000000  2.000000  1.000000  0.000000  0.000000  0.000000  1.000000  0.000000  0.000000  0.000000  1.000000  0.999999  0.001235  0.000005  -0.001235  0.999999  0.000116  -0.000005  -0.000116  1.000000  1.000000  0.000000  0.000000  0.000000  1.000000  0.000000  0.000000  0.000000  1.000000  1.000000  0.000000  0.000000  0.000000  1.000000  0.000000  0.000000  0.000000  1.000000  0.000000  0.000000  
18.828923 0.000903  0.089771  -0.016963  0.999384  0.034766  0.004819  -0.034785  0.999387  0.003837  -0.004683  -0.004003  0.999981  -0.000272  -0.001984  0.000097  0.000000  0.000000  0.000000  2.000000  1.000000  0.000000  0.000000  0.000000  1.000000  0.000000  0.000000  0.000000  1.000000  0.999999  0.001647  0.000007  -0.001647  0.999999  0.000114  -0.000006  -0.000114  1.000000  1.000000  0.000000  0.000000  0.000000  1.000000  0.000000  0.000000  0.000000  1.000000  1.000000  0.000000  0.000000  0.000000  1.000000  0.000000  0.000000  0.000000  1.000000  0.000000  0.000000  
18.829927 0.000903  0.089768  -0.016962  0.999376  0.034971  0.004954  -0.034991  0.999380  0.003832  -0.004817  -0.004003  0.999980  -0.000277  -0.002195  0.000119  0.000000  0.000000  0.000000  2.000000  1.000000  0.000000  0.000000  0.000000  1.000000  0.000000  0.000000  0.000000  1.000000  0.999998  0.001852  0.000141  -0.001852  0.999998  0.000112  -0.000141  -0.000113  1.000000  1.000000  0.000000  0.000000  0.000000  1.000000  0.000000  0.000000  0.000000  1.000000  1.000000  0.000000  0.000000  0.000000  1.000000  0.000000  0.000000  0.000000  1.000000  0.000000  0.000000  
18.831173 0.000903  0.089764  -0.016962  0.999369  0.035177  0.004955  -0.035196  0.999373  0.003831  -0.004817  -0.004003  0.999980  -0.000244  -0.002442  0.000126  0.000000  0.000000  0.000000  2.000000  1.000000  0.000000  0.000000  0.000000  1.000000  0.000000  0.000000  0.000000  1.000000  0.999998  0.002058  0.000142  -0.002058  0.999998  0.000111  -0.000142  -0.000112  1.000000  1.000000  0.000000  0.000000  0.000000  1.000000  0.000000  0.000000  0.000000  1.000000  1.000000  0.000000  0.000000  0.000000  1.000000  0.000000  0.000000  0.000000  1.000000  0.000000  0.000000  
18.832180 0.000903  0.089760  -0.016961  0.999354  0.035589  0.004956  -0.035608  0.999359  0.003829  -0.004817  -0.004003  0.999980  -0.000277  -0.002739  0.000140  0.000000  0.000000  0.000000  2.000000  1.000000  0.000000  0.000000  0.000000  1.000000  0.000000  0.000000  0.000000  1.000000  0.999997  0.002264  0.000143  -0.002264  0.999997  0.000110  -0.000143  -0.000111  1.000000  1.000000  0.000000  0.000000  0.000000  1.000000  0.000000  0.000000  0.000000  1.000000  1.000000  0.000000  0.000000  0.000000  1.000000  0.000000  0.000000  0.000000  1.000000  0.000000  0.000000  
18.833422 0.000903  0.089754  -0.016960  0.999347  0.035794  0.004957  -0.035813  0.999351  0.003828  -0.004817  -0.004003  0.999980  -0.000302  -0.003089  0.000208  0.000000  0.000000  0.000000  2.000000  1.000000  0.000000  0.000000  0.000000  1.000000  0.000000  0.000000  0.000000  1.000000  0.999996  0.002676  0.000144  -0.002676  0.999996  0.000108  -0.000144  -0.000109  1.000000  1.000000  0.000000  0.000000  0.000000  1.000000  0.000000  0.000000  0.000000  1.000000  1.000000  0.000000  0.000000  0.000000  1.000000  0.000000  0.000000  0.000000  1.000000  0.000000  0.000000  
18.834428 0.000903  0.089750  -0.016959  0.999332  0.036206  0.004959  -0.036225  0.999336  0.003826  -0.004817  -0.004003  0.999980  -0.000262  -0.003299  0.000307  0.000000  0.000000  0.000000  2.000000  1.000000  0.000000  0.000000  0.000000  1.000000  0.000000  0.000000  0.000000  1.000000  0.999996  0.002882  0.000145  -0.002882  0.999996  0.000107  -0.000145  -0.000108  1.000000  1.000000  0.000000  0.000000  0.000000  1.000000  0.000000  0.000000  0.000000  1.000000  1.000000  0.000000  0.000000  0.000000  1.000000  0.000000  0.000000  0.000000  1.000000  0.000000  0.000000  
18.835673 0.000902  0.089743  -0.016958  0.999325  0.036412  0.004959  -0.036431  0.999329  0.003825  -0.004817  -0.004003  0.999980  -0.000242  -0.003544  0.000392  0.000000  0.000000  0.000000  2.000000  1.000000  0.000000  0.000000  0.000000  1.000000  0.000000  0.000000  0.000000  1.000000  0.999995  0.003293  0.000147  -0.003293  0.999995  0.000105  -0.000147  -0.000106  1.000000  1.000000  0.000000  0.000000  0.000000  1.000000  0.000000  0.000000  0.000000  1.000000  1.000000  0.000000  0.000000  0.000000  1.000000  0.000000  0.000000  0.000000  1.000000  0.000000  0.000000  
18.836673 0.000902  0.089738  -0.016956  0.999317  0.036617  0.004960  -0.036636  0.999321  0.003824  -0.004817  -0.004003  0.999980  -0.000181  -0.003738  0.000548  0.000000  0.000000  0.000000  2.000000  1.000000  0.000000  0.000000  0.000000  1.000000  0.000000  0.000000  0.000000  1.000000  0.999994  0.003499  0.000148  -0.003499  0.999994  0.000104  -0.000147  -0.000105  1.000000  1.000000  0.000000  0.000000  0.000000  1.000000  0.000000  0.000000  0.000000  1.000000  1.000000  0.000000  0.000000  0.000000  1.000000  0.000000  0.000000  0.000000  1.000000  0.000000  0.000000  
18.837676 0.000902  0.089731  -0.016955  0.999302  0.037029  0.004962  -0.037048  0.999306  0.003822  -0.004817  -0.004003  0.999980  -0.000170  -0.003950  0.000621  0.000000  0.000000  0.000000  2.000000  1.000000  0.000000  0.000000  0.000000  1.000000  0.000000  0.000000  0.000000  1.000000  0.999993  0.003705  0.000149  -0.003705  0.999993  0.000103  -0.000148  -0.000104  1.000000  1.000000  0.000000  0.000000  0.000000  1.000000  0.000000  0.000000  0.000000  1.000000  1.000000  0.000000  0.000000  0.000000  1.000000  0.000000  0.000000  0.000000  1.000000  0.000000  0.000000  
18.838679 0.000902  0.089725  -0.016953  0.999294  0.037234  0.004962  -0.037254  0.999299  0.003821  -0.004817  -0.004003  0.999980  -0.000117  -0.004179  0.000690  0.000000  0.000000  0.000000  2.000000  1.000000  0.000000  0.000000  0.000000  1.000000  0.000000  0.000000  0.000000  1.000000  0.999992  0.004117  0.000150  -0.004117  0.999992  0.000101  -0.000150  -0.000102  1.000000  1.000000  0.000000  0.000000  0.000000  1.000000  0.000000  0.000000  0.000000  1.000000  1.000000  0.000000  0.000000  0.000000  1.000000  0.000000  0.000000  0.000000  1.000000  0.000000  0.000000  
18.839927 0.000903  0.089718  -0.016951  0.999279  0.037646  0.004964  -0.037665  0.999283  0.003819  -0.004817  -0.004003  0.999980  -0.000023  -0.004406  0.000820  0.000000  0.000000  0.000000  2.000000  1.000000  0.000000  0.000000  0.000000  1.000000  0.000000  0.000000  0.000000  1.000000  0.999990  0.004529  0.000018  -0.004529  0.999990  0.000099  -0.000018  -0.000100  1.000000  1.000000  0.000000  0.000000  0.000000  1.000000  0.000000  0.000000  0.000000  1.000000  1.000000  0.000000  0.000000  0.000000  1.000000  0.000000  0.000000  0.000000  1.000000  0.000000  0.000000  
18.840927 0.000903  0.089711  -0.016949  0.999263  0.038057  0.004966  -0.038077  0.999268  0.003816  -0.004817  -0.004003  0.999980  0.000033  -0.004643  0.000892  0.000000  0.000000  0.000000  2.000000  1.000000  0.000000  0.000000  0.000000  1.000000  0.000000  0.000000  0.000000  1.000000  0.999990  0.004529  0.000018  -0.004529  0.999990  0.000099  -0.000018  -0.000100  1.000000  1.000000  0.000000  0.000000  0.000000  1.000000  0.000000  0.000000  0.000000  1.000000  1.000000  0.000000  0.000000  0.000000  1.000000  0.000000  0.000000  0.000000  1.000000  0.000000  0.000000  
18.842176 0.000904  0.089703  -0.016948  0.999255  0.038262  0.004971  -0.038282  0.999259  0.003937  -0.004817  -0.004124  0.999980  0.000048  -0.004946  0.000984  0.007330  -0.005188  0.172912  2.000000  1.000000  0.000000  0.000000  0.000000  1.000000  0.000000  0.000000  0.000000  1.000000  0.999989  0.004735  0.000019  -0.004735  0.999989  0.000220  -0.000018  -0.000220  1.000000  1.000000  0.000000  0.000000  0.000000  1.000000  0.000000  0.000000  0.000000  1.000000  1.000000  0.000000  0.000000  0.000000  1.000000  0.000000  0.000000  0.000000  1.000000  0.000043  0.000000  
18.843427 0.000905  0.089695  -0.016947  0.999240  0.038674  0.004973  -0.038694  0.999243  0.003935  -0.004817  -0.004124  0.999980  0.000137  -0.005202  0.001075  0.007264  -0.005243  0.186740  2.000000  1.000000  0.000000  0.000000  0.000000  1.000000  0.000000  0.000000  0.000000  1.000000  0.999988  0.004941  0.000020  -0.004941  0.999988  0.000219  -0.000019  -0.000219  1.000000  1.000000  0.000000  0.000000  0.000000  1.000000  0.000000  0.000000  0.000000  1.000000  1.000000  0.000000  0.000000  0.000000  1.000000  0.000000  0.000000  0.000000  1.000000  0.000047  0.000000  
18.844677 0.000906  0.089687  -0.016945  0.999223  0.039085  0.004974  -0.039105  0.999227  0.003933  -0.004817  -0.004124  0.999980  0.000194  -0.005484  0.001148  0.007198  -0.005298  0.200573  2.000000  1.000000  0.000193  0.000001  -0.000193  1.000000  0.000004  -0.000001  -0.000004  1.000000  0.999987  0.005147  0.000021  -0.005147  0.999987  0.000096  -0.000021  -0.000097  1.000000  1.000000  0.000064  0.000000  -0.000064  1.000000  0.000001  -0.000000  -0.000001  1.000000  1.000000  0.000193  0.000001  -0.000193  1.000000  0.000004  -0.000001  -0.000004  1.000000  0.000048  0.005148  
18.845923 0.000907  0.089679  -0.016944  0.999207  0.039497  0.004976  -0.039516  0.999211  0.003931  -0.004817  -0.004124  0.999980  0.000244  -0.005742  0.001213  0.007139  -0.005359  0.214599  2.000000  1.000000  0.000522  0.000004  -0.000522  1.000000  0.000010  -0.000004  -0.000010  1.000000  0.999986  0.005352  0.000156  -0.005352  0.999986  0.000095  -0.000155  -0.000096  1.000000  1.000000  0.000067  0.000002  -0.000067  1.000000  0.000001  -0.000002  -0.000001  1.000000  1.000000  0.000522  0.000004  -0.000522  1.000000  0.000010  -0.000004  -0.000010  1.000000  0.000052  0.005355  
18.846927 0.000907  0.089673  -0.016942  0.999199  0.039702  0.004977  -0.039722  0.999203  0.003929  -0.004817  -0.004124  0.999980  0.000258  -0.005929  0.001290  0.007100  -0.005382  0.221331  2.000000  1.000000  0.000793  0.000012  -0.000793  1.000000  0.000014  -0.000012  -0.000014  1.000000  0.999985  0.005558  0.000157  -0.005558  0.999985  0.000094  -0.000156  -0.000095  1.000000  1.000000  0.000069  0.000002  -0.000069  1.000000  0.000001  -0.000002  -0.000001  1.000000  1.000000  0.000793  0.000012  -0.000793  1.000000  0.000014  -0.000012  -0.000014  1.000000  0.000055  0.005561  
18.848174 0.000908  0.089665  -0.016940  0.999183  0.040114  0.004978  -0.040134  0.999187  0.003927  -0.004817  -0.004124  0.999980  0.000302  -0.006084  0.001332  0.007038  -0.005440  0.235290  2.000000  0.999999  0.001130  0.000021  -0.001130  0.999999  0.000020  -0.000021  -0.000020  1.000000  0.999986  0.005352  0.000156  -0.005352  0.999986  0.000095  -0.000155  -0.000096  1.000000  1.000000  0.000067  0.000002  -0.000067  1.000000  0.000001  -0.000002  -0.000001  1.000000  0.999999  0.001130  0.000021  -0.001130  0.999999  0.000020  -0.000021  -0.000020  1.000000  0.000057  0.005355  
18.849176 0.000908  0.089658  -0.016938  0.999174  0.040320  0.004974  -0.040339  0.999179  0.003805  -0.004817  -0.004003  0.999980  0.000363  -0.006232  0.001398  0.002910  -0.000955  0.242174  2.000000  0.999999  0.001338  0.000027  -0.001338  0.999999  0.000021  -0.000027  -0.000021  1.000000  0.999985  0.005558  0.000156  -0.005558  0.999985  -0.000027  -0.000156  0.000026  1.000000  1.000000  0.000069  0.000002  -0.000069  1.000000  -0.000000  -0.000002  0.000000  1.000000  0.999999  0.001338  0.000027  -0.001338  0.999999  0.000021  -0.000027  -0.000021  1.000000  0.000061  0.005560  
18.850176 0.000908  0.089651  -0.016936  0.999166  0.040526  0.004975  -0.040545  0.999170  0.003804  -0.004817  -0.004003  0.999980  0.000415  -0.006296  0.001486  0.002886  -0.000947  0.240180  2.000000  0.999999  0.001619  0.000030  -0.001619  0.999999  0.000020  -0.000030  -0.000020  1.000000  0.999985  0.005558  0.000022  -0.005558  0.999985  -0.000027  -0.000022  0.000027  1.000000  1.000000  0.000069  0.000000  -0.000069  1.000000  -0.000000  -0.000000  0.000000  1.000000  0.999999  0.001619  0.000030  -0.001619  0.999999  0.000020  -0.000030  -0.000020  1.000000  0.000060  0.005559  
18.851423 0.000908  0.089643  -0.016934  0.999149  0.040937  0.004977  -0.040956  0.999154  0.003802  -0.004817  -0.004003  0.999980  0.000440  -0.006401  0.001509  0.002877  -0.000982  0.249108  2.000000  0.999998  0.001971  0.000031  -0.001971  0.999998  0.000018  -0.000031  -0.000018  1.000000  0.999983  0.005764  0.000023  -0.005764  0.999983  -0.000028  -0.000023  0.000028  1.000000  1.000000  0.000072  0.000000  -0.000072  1.000000  -0.000000  -0.000000  0.000000  1.000000  0.999998  0.001971  0.000031  -0.001971  0.999998  0.000018  -0.000031  -0.000018  1.000000  0.000062  0.005764  
18.852673 0.000909  0.089635  -0.016931  0.999132  0.041349  0.004978  -0.041368  0.999137  0.003800  -0.004817  -0.004003  0.999980  0.000484  -0.006445  0.001588  0.002788  -0.001028  0.260800  2.000000  0.999997  0.002326  0.000033  -0.002326  0.999997  0.000016  -0.000033  -0.000016  1.000000  0.999985  0.005558  0.000022  -0.005558  0.999985  -0.000027  -0.000022  0.000027  1.000000  1.000000  0.000069  0.000000  -0.000069  1.000000  -0.000000  -0.000000  0.000000  1.000000  0.999997  0.002326  0.000033  -0.002326  0.999997  0.000016  -0.000033  -0.000016  1.000000  0.000063  0.005559  
18.853923 0.000909  0.089626  -0.016928  0.999124  0.041554  0.004979  -0.041573  0.999128  0.003799  -0.004817  -0.004003  0.999980  0.000458  -0.006513  0.001623  -0.001256  -0.001044  0.260798  2.000000  0.999996  0.002679  0.000034  -0.002679  0.999996  0.000014  -0.000034  -0.000015  1.000000  0.999985  0.005558  0.000022  -0.005558  0.999985  -0.000027  -0.000022  0.000027  1.000000  1.000000  0.000069  0.000000  -0.000069  1.000000  -0.000000  -0.000000  0.000000  1.000000  0.999996  0.002679  0.000034  -0.002679  0.999996  0.000014  -0.000034  -0.000015  1.000000  0.000065  0.005559  
18.854924 0.000909  0.089619  -0.016927  0.999115  0.041760  0.004980  -0.041779  0.999120  0.003798  -0.004817  -0.004003  0.999980  0.000424  -0.006558  0.001650  -0.001256  -0.001044  0.260810  2.000000  0.999996  0.002957  0.000035  -0.002957  0.999996  0.000013  -0.000035  -0.000013  1.000000  0.999985  0.005558  0.000022  -0.005558  0.999985  -0.000027  -0.000022  0.000027  1.000000  1.000000  0.000069  0.000000  -0.000069  1.000000  -0.000000  -0.000000  0.000000  1.000000  0.999996  0.002957  0.000035  -0.002957  0.999996  0.000013  -0.000035  -0.000013  1.000000  0.000066  0.005559  
18.856176 0.000909  0.089611  -0.016924  0.999107  0.041966  0.004981  -0.041985  0.999111  0.003797  -0.004817  -0.004003  0.999980  0.000399  -0.006626  0.001685  -0.001239  -0.005504  0.260757  2.000000  0.999995  0.003304  0.000037  -0.003304  0.999995  0.000011  -0.000037  -0.000012  1.000000  0.999985  0.005558  0.000022  -0.005558  0.999985  -0.000027  -0.000022  0.000027  1.000000  1.000000  0.000069  0.000000  -0.000069  1.000000  -0.000000  -0.000000  0.000000  1.000000  0.999995  0.003304  0.000037  -0.003304  0.999995  0.000011  -0.000037  -0.000012  1.000000  0.000065  0.005559  
18.857430 0.000910  0.089602  -0.016921  0.999090  0.042378  0.004848  -0.042396  0.999094  0.003801  -0.004683  -0.004003  0.999981  0.000374  -0.006644  0.001804  -0.001231  -0.001052  0.262933  2.000000  0.999994  0.003579  0.000038  -0.003579  0.999994  0.000010  -0.000038  -0.000010  1.000000  0.999985  0.005558  0.000022  -0.005558  0.999985  -0.000027  -0.000022  0.000027  1.000000  1.000000  0.000069  0.000000  -0.000069  1.000000  -0.000000  -0.000000  0.000000  1.000000  0.999994  0.003579  0.000038  -0.003579  0.999994  0.000010  -0.000038  -0.000010  1.000000  0.000067  0.005559  
18.858432 0.000910  0.089595  -0.016918  0.999081  0.042583  0.004849  -0.042602  0.999085  0.003800  -0.004683  -0.004003  0.999981  0.000323  -0.006676  0.001919  -0.001231  -0.001052  0.262909  2.000000  0.999993  0.003855  0.000032  -0.003855  0.999993  0.000009  -0.000032  -0.000009  1.000000  0.999985  0.005559  -0.000112  -0.005559  0.999985  -0.000026  0.000111  0.000027  1.000000  1.000000  0.000069  -0.000001  -0.000069  1.000000  -0.000000  0.000001  0.000000  1.000000  0.999993  0.003855  0.000032  -0.003855  0.999993  0.000009  -0.000032  -0.000009  1.000000  0.000067  0.005560  
18.859677 0.000911  0.089587  -0.016915  0.999072  0.042789  0.004850  -0.042808  0.999076  0.003799  -0.004683  -0.004003  0.999981  0.000329  -0.006672  0.002058  -0.001249  0.003445  0.262969  2.000000  0.999991  0.004192  0.000025  -0.004192  0.999991  0.000007  -0.000025  -0.000007  1.000000  0.999986  0.005353  -0.000112  -0.005353  0.999986  -0.000025  0.000112  0.000026  1.000000  1.000000  0.000067  -0.000001  -0.000067  1.000000  -0.000000  0.000001  0.000000  1.000000  0.999991  0.004192  0.000025  -0.004192  0.999991  0.000007  -0.000025  -0.000007  1.000000  0.000067  0.005354  
18.860926 0.000911  0.089578  -0.016912  0.999064  0.042995  0.004846  -0.043013  0.999068  0.003676  -0.004683  -0.003881  0.999982  0.000262  -0.006796  0.002123  -0.005326  0.003460  0.262944  2.000000  0.999990  0.004521  0.000018  -0.004521  0.999990  0.000004  -0.000018  -0.000004  1.000000  0.999987  0.005147  -0.000114  -0.005147  0.999987  -0.000145  0.000113  0.000146  1.000000  1.000000  0.000064  -0.000001  -0.000064  1.000000  -0.000002  0.000001  0.000002  1.000000  0.999990  0.004521  0.000018  -0.004521  0.999990  0.000004  -0.000018  -0.000004  1.000000  0.000066  0.005151  
18.861927 0.000911  0.089571  -0.016911  0.999055  0.043201  0.004846  -0.043219  0.999059  0.003675  -0.004683  -0.003881  0.999982  0.000269  -0.006788  0.002121  -0.005294  0.003488  0.256080  2.000000  0.999989  0.004779  0.000012  -0.004779  0.999989  -0.000005  -0.000012  0.000005  1.000000  0.999987  0.005147  -0.000114  -0.005147  0.999987  -0.000267  0.000113  0.000267  1.000000  1.000000  0.000064  -0.000001  -0.000064  1.000000  -0.000003  0.000001  0.000003  1.000000  0.999989  0.004779  0.000012  -0.004779  0.999989  -0.000005  -0.000012  0.000005  1.000000  0.000065  0.005155  
18.863173 0.000911  0.089562  -0.016909  0.999046  0.043407  0.004847  -0.043425  0.999050  0.003674  -0.004683  -0.003881  0.999982  0.000242  -0.006838  0.002091  -0.005250  0.003460  0.253962  2.000000  0.999988  0.004843  0.000011  -0.004843  0.999988  -0.000008  -0.000011  0.000008  1.000000  0.999988  0.004941  -0.000115  -0.004941  0.999988  -0.000266  0.000113  0.000266  1.000000  1.000000  0.000000  0.000000  0.000000  1.000000  0.000000  0.000000  0.000000  1.000000  0.999988  0.004843  0.000011  -0.004843  0.999988  -0.000008  -0.000011  0.000008  1.000000  0.000064  0.000000  
18.864264 0.000911  0.089555  -0.016908  0.999037  0.043612  0.004848  -0.043630  0.999041  0.003673  -0.004683  -0.003881  0.999982  0.000243  -0.006849  0.002016  -0.005245  0.003505  0.248412  2.000000  0.999988  0.004843  0.000011  -0.004843  0.999988  -0.000008  -0.000011  0.000008  1.000000  0.999988  0.004941  -0.000115  -0.004941  0.999988  -0.000266  0.000113  0.000266  1.000000  1.000000  0.000000  0.000000  0.000000  1.000000  0.000000  0.000000  0.000000  1.000000  0.999988  0.004843  0.000011  -0.004843  0.999988  -0.000008  -0.000011  0.000008  1.000000  0.000064  0.000000  
18.865425 0.000912  0.089545  -0.016906  0.999019  0.044024  0.004849  -0.044042  0.999023  0.003671  -0.004683  -0.003881  0.999982  0.000240  -0.006963  0.001990  -0.005293  0.003488  0.256039  2.000000  0.999988  0.004843  0.000011  -0.004843  0.999988  -0.000008  -0.000011  0.000008  1.000000  0.999989  0.004735  -0.000115  -0.004735  0.999989  -0.000265  0.000114  0.000265  1.000000  1.000000  0.000000  0.000000  0.000000  1.000000  0.000000  0.000000  0.000000  1.000000  0.999988  0.004843  0.000011  -0.004843  0.999988  -0.000008  -0.000011  0.000008  1.000000  0.000064  0.000000  
18.866432 0.000912  0.089538  -0.016904  0.999019  0.044024  0.004844  -0.044042  0.999023  0.003550  -0.004683  -0.003760  0.999982  0.000248  -0.006984  0.001998  -0.009335  0.003529  0.249056  2.000000  0.999988  0.004843  0.000011  -0.004843  0.999988  -0.000008  -0.000011  0.000008  1.000000  0.999989  0.004735  -0.000116  -0.004735  0.999989  -0.000386  0.000114  0.000387  1.000000  1.000000  0.000000  0.000000  0.000000  1.000000  0.000000  0.000000  0.000000  1.000000  0.999988  0.004843  0.000011  -0.004843  0.999988  -0.000008  -0.000011  0.000008  1.000000  0.000062  0.000000  
18.867673 0.000912  0.089529  -0.016902  0.999010  0.044230  0.004845  -0.044247  0.999014  0.003549  -0.004683  -0.003760  0.999982  0.000233  -0.007038  0.001935  -0.009228  0.003528  0.240220  2.000000  0.999988  0.004843  0.000011  -0.004843  0.999988  -0.000008  -0.000011  0.000008  1.000000  0.999990  0.004530  -0.000117  -0.004530  0.999990  -0.000385  0.000115  0.000386  1.000000  1.000000  0.000000  0.000000  0.000000  1.000000  0.000000  0.000000  0.000000  1.000000  0.999988  0.004843  0.000011  -0.004843  0.999988  -0.000008  -0.000011  0.000008  1.000000  0.000062  0.000000  
18.868923 0.000912  0.089520  -0.016900  0.999001  0.044436  0.004845  -0.044453  0.999005  0.003548  -0.004683  -0.003760  0.999982  0.000262  -0.007066  0.001871  -0.009196  0.003555  0.233357  2.000000  0.999988  0.004843  0.000011  -0.004843  0.999988  -0.000008  -0.000011  0.000008  1.000000  0.999991  0.004324  -0.000118  -0.004324  0.999991  -0.000384  0.000116  0.000385  1.000000  1.000000  0.000000  0.000000  0.000000  1.000000  0.000000  0.000000  0.000000  1.000000  0.999988  0.004843  0.000011  -0.004843  0.999988  -0.000008  -0.000011  0.000008  1.000000  0.000060  0.000000  
18.869923 0.000913  0.089512  -0.016899  0.998991  0.044641  0.004846  -0.044659  0.998996  0.003547  -0.004683  -0.003760  0.999982  0.000247  -0.007137  0.001870  -0.009196  0.003555  0.233361  2.000000  0.999988  0.004843  0.000011  -0.004843  0.999988  -0.000008  -0.000011  0.000008  1.000000  0.999991  0.004324  -0.000118  -0.004324  0.999991  -0.000263  0.000116  0.000263  1.000000  1.000000  0.000000  0.000000  0.000000  1.000000  0.000000  0.000000  0.000000  1.000000  0.999988  0.004843  0.000011  -0.004843  0.999988  -0.000008  -0.000011  0.000008  1.000000  0.000059  0.000000  
18.870925 0.000913  0.089505  -0.016897  0.998982  0.044847  0.004847  -0.044864  0.998987  0.003546  -0.004683  -0.003760  0.999982  0.000230  -0.007168  0.001831  -0.009163  0.003581  0.226488  2.000000  0.999988  0.004843  0.000011  -0.004843  0.999988  -0.000008  -0.000011  0.000008  1.000000  0.999992  0.004118  -0.000118  -0.004118  0.999991  -0.000262  0.000117  0.000262  1.000000  1.000000  0.000000  0.000000  0.000000  1.000000  0.000000  0.000000  0.000000  1.000000  0.999988  0.004843  0.000011  -0.004843  0.999988  -0.000008  -0.000011  0.000008  1.000000  0.000058  0.000000  
18.871926 0.000913  0.089498  -0.016895  0.998973  0.045053  0.004848  -0.045070  0.998978  0.003545  -0.004683  -0.003760  0.999982  0.000246  -0.007200  0.001790  -0.013317  0.003597  0.228379  2.000000  0.999988  0.004843  0.000011  -0.004843  0.999988  -0.000008  -0.000011  0.000008  1.000000  0.999992  0.003912  -0.000119  -0.003912  0.999992  -0.000261  0.000118  0.000261  1.000000  1.000000  0.000000  0.000000  0.000000  1.000000  0.000000  0.000000  0.000000  1.000000  0.999988  0.004843  0.000011  -0.004843  0.999988  -0.000008  -0.000011  0.000008  1.000000  0.000055  0.000000  
18.873173 0.000914  0.089489  -0.016892  0.998973  0.045053  0.004848  -0.045070  0.998978  0.003545  -0.004683  -0.003760  0.999982  0.000215  -0.007215  0.001770  -0.013140  0.003621  0.212751  2.000000  0.999988  0.004843  0.000011  -0.004843  0.999988  -0.000008  -0.000011  0.000008  1.000000  0.999992  0.003912  -0.000119  -0.003912  0.999992  -0.000261  0.000118  0.000261  1.000000  1.000000  0.000000  0.000000  0.000000  1.000000  0.000000  0.000000  0.000000  1.000000  0.999988  0.004843  0.000011  -0.004843  0.999988  -0.000008  -0.000011  0.000008  1.000000  0.000055  0.000000  
18.874179 0.000913  0.089482  -0.016890  0.998964  0.045258  0.004848  -0.045276  0.998968  0.003544  -0.004683  -0.003760  0.999982  0.000197  -0.007244  0.001730  -0.013248  0.003651  0.214490  2.000000  0.999988  0.004843  0.000011  -0.004843  0.999988  -0.000008  -0.000011  0.000008  1.000000  0.999993  0.003706  -0.000120  -0.003706  0.999993  -0.000260  0.000119  0.000260  1.000000  1.000000  0.000000  0.000000  0.000000  1.000000  0.000000  0.000000  0.000000  1.000000  0.999988  0.004843  0.000011  -0.004843  0.999988  -0.000008  -0.000011  0.000008  1.000000  0.000054  0.000000  
18.875426 0.000914  0.089473  -0.016888  0.998954  0.045464  0.004849  -0.045481  0.998959  0.003543  -0.004683  -0.003760  0.999982  0.000205  -0.007247  0.001681  -0.013218  0.003679  0.207620  2.000000  0.999988  0.004843  0.000011  -0.004843  0.999988  -0.000008  -0.000011  0.000008  1.000000  0.999993  0.003706  -0.000120  -0.003706  0.999993  -0.000260  0.000119  0.000260  1.000000  1.000000  0.000000  0.000000  0.000000  1.000000  0.000000  0.000000  0.000000  1.000000  0.999988  0.004843  0.000011  -0.004843  0.999988  -0.000008  -0.000011  0.000008  1.000000  0.000052  0.000000  
18.876677 0.000914  0.089464  -0.016886  0.998954  0.045464  0.004849  -0.045481  0.998959  0.003543  -0.004683  -0.003760  0.999982  0.000210  -0.007231  0.001649  -0.013152  0.003734  0.193774  2.000000  0.999988  0.004843  0.000011  -0.004843  0.999988  -0.000008  -0.000011  0.000008  1.000000  0.999994  0.003500  -0.000121  -0.003500  0.999994  -0.000259  0.000120  0.000259  1.000000  1.000000  0.000000  0.000000  0.000000  1.000000  0.000000  0.000000  0.000000  1.000000  0.999988  0.004843  0.000011  -0.004843  0.999988  -0.000008  -0.000011  0.000008  1.000000  0.000050  0.000000  
18.877926 0.000915  0.089455  -0.016884  0.998945  0.045670  0.004844  -0.045687  0.998950  0.003421  -0.004683  -0.003639  0.999982  0.000205  -0.007248  0.001682  -0.017195  0.003772  0.186842  2.000000  0.999988  0.004843  0.000011  -0.004843  0.999988  -0.000008  -0.000011  0.000008  1.000000  0.999995  0.003294  0.000012  -0.003294  0.999995  -0.000379  -0.000013  0.000379  1.000000  1.000000  0.000000  0.000000  0.000000  1.000000  0.000000  0.000000  0.000000  1.000000  0.999988  0.004843  0.000011  -0.004843  0.999988  -0.000008  -0.000011  0.000008  1.000000  0.000049  0.000000  
18.878927 0.000915  0.089448  -0.016883  0.998935  0.045876  0.004845  -0.045893  0.998941  0.003420  -0.004683  -0.003639  0.999982  0.000242  -0.007250  0.001678  -0.013010  0.003752  0.185299  2.000000  0.999988  0.004843  0.000011  -0.004843  0.999988  -0.000008  -0.000011  0.000008  1.000000  0.999995  0.003294  0.000012  -0.003294  0.999995  -0.000379  -0.000013  0.000379  1.000000  1.000000  0.000000  0.000000  0.000000  1.000000  0.000000  0.000000  0.000000  1.000000  0.999988  0.004843  0.000011  -0.004843  0.999988  -0.000008  -0.000011  0.000008  1.000000  0.000048  0.000000  
18.879929 0.000916  0.089441  -0.016881  0.998935  0.045876  0.004845  -0.045893  0.998941  0.003420  -0.004683  -0.003639  0.999982  0.000263  -0.007155  0.001677  -0.013085  0.003810  0.179919  2.000000  0.999988  0.004843  0.000011  -0.004843  0.999988  -0.000008  -0.000011  0.000008  1.000000  0.999995  0.003088  0.000011  -0.003088  0.999995  -0.000378  -0.000012  0.000378  1.000000  1.000000  0.000000  0.000000  0.000000  1.000000  0.000000  0.000000  0.000000  1.000000  0.999988  0.004843  0.000011  -0.004843  0.999988  -0.000008  -0.000011  0.000008  1.000000  0.000045  0.000000  
18.880945 0.000916  0.089435  -0.016879  0.998926  0.046081  0.004846  -0.046098  0.998931  0.003419  -0.004683  -0.003639  0.999982  0.000294  -0.007127  0.001694  -0.013041  0.003833  0.172857  2.000000  0.999988  0.004843  0.000011  -0.004843  0.999988  -0.000008  -0.000011  0.000008  1.000000  0.999995  0.003088  0.000011  -0.003088  0.999995  -0.000378  -0.000012  0.000378  1.000000  1.000000  0.000000  0.000000  0.000000  1.000000  0.000000  0.000000  0.000000  1.000000  0.999988  0.004843  0.000011  -0.004843  0.999988  -0.000008  -0.000011  0.000008  1.000000  0.000045  0.000000  
18.882171 0.000917  0.089426  -0.016878  0.998926  0.046081  0.004846  -0.046098  0.998931  0.003419  -0.004683  -0.003639  0.999982  0.000321  -0.007111  0.001702  0.000000  0.000000  0.000000  2.000000  0.999988  0.004843  0.000011  -0.004843  0.999988  -0.000008  -0.000011  0.000008  1.000000  0.999996  0.002882  0.000010  -0.002882  0.999996  -0.000256  -0.000011  0.000256  1.000000  1.000000  0.000000  0.000000  0.000000  1.000000  0.000000  0.000000  0.000000  1.000000  0.999988  0.004843  0.000011  -0.004843  0.999988  -0.000008  -0.000011  0.000008  1.000000  0.000000  0.000000  
18.883424 0.000918  0.089417  -0.016876  0.998916  0.046287  0.004846  -0.046304  0.998922  0.003418  -0.004683  -0.003639  0.999982  0.000367  -0.007090  0.001697  0.000000  0.000000  0.000000  2.000000  0.999988  0.004843  0.000011  -0.004843  0.999988  -0.000008  -0.000011  0.000008  1.000000  0.999996  0.002882  0.000010  -0.002882  0.999996  -0.000256  -0.000011  0.000256  1.000000  1.000000  0.000000  0.000000  0.000000  1.000000  0.000000  0.000000  0.000000  1.000000  0.999988  0.004843  0.000011  -0.004843  0.999988  -0.000008  -0.000011  0.000008  1.000000  0.000000  0.000000  
18.884673 0.000919  0.089408  -0.016874  0.998907  0.046493  0.004847  -0.046510  0.998912  0.003417  -0.004683  -0.003639  0.999982  0.000420  -0.007073  0.001642  0.000000  0.000000  0.000000  2.000000  0.999988  0.004843  0.000011  -0.004843  0.999988  -0.000008  -0.000011  0.000008  1.000000  0.999996  0.002676  0.000010  -0.002676  0.999996  -0.000255  -0.000010  0.000255  1.000000  1.000000  0.000000  0.000000  0.000000  1.000000  0.000000  0.000000  0.000000  1.000000  0.999988  0.004843  0.000011  -0.004843  0.999988  -0.000008  -0.000011  0.000008  1.000000  0.000000  0.000000  
18.885924 0.000919  0.089398  -0.016873  0.998907  0.046493  0.004847  -0.046510  0.998912  0.003417  -0.004683  -0.003639  0.999982  0.000440  -0.007120  0.001610  0.000000  0.000000  0.000000  2.000000  0.999988  0.004843  0.000011  -0.004843  0.999988  -0.000008  -0.000011  0.000008  1.000000  0.999997  0.002470  0.000009  -0.002470  0.999997  -0.000254  -0.000010  0.000254  1.000000  1.000000  0.000000  0.000000  0.000000  1.000000  0.000000  0.000000  0.000000  1.000000  0.999988  0.004843  0.000011  -0.004843  0.999988  -0.000008  -0.000011  0.000008  1.000000  0.000000  0.000000  
18.887174 0.000920  0.089389  -0.016871  0.998897  0.046698  0.004848  -0.046715  0.998902  0.003416  -0.004683  -0.003639  0.999982  0.000462  -0.007130  0.001538  0.000000  0.000000  0.000000  2.000000  0.999988  0.004843  0.000011  -0.004843  0.999988  -0.000008  -0.000011  0.000008  1.000000  0.999997  0.002470  0.000009  -0.002470  0.999997  -0.000133  -0.000009  0.000133  1.000000  1.000000  0.000000  0.000000  0.000000  1.000000  0.000000  0.000000  0.000000  1.000000  0.999988  0.004843  0.000011  -0.004843  0.999988  -0.000008  -0.000011  0.000008  1.000000  0.000000  0.000000  
18.888423 0.000921  0.089380  -0.016869  0.998897  0.046698  0.004848  -0.046715  0.998902  0.003416  -0.004683  -0.003639  0.999982  0.000499  -0.007179  0.001481  0.000000  0.000000  0.000000  2.000000  0.999988  0.004843  0.000011  -0.004843  0.999988  -0.000008  -0.000011  0.000008  1.000000  0.999997  0.002470  0.000009  -0.002470  0.999997  -0.000133  -0.000009  0.000133  1.000000  1.000000  0.000000  0.000000  0.000000  1.000000  0.000000  0.000000  0.000000  1.000000  0.999988  0.004843  0.000011  -0.004843  0.999988  -0.000008  -0.000011  0.000008  1.000000  0.000000  0.000000  
18.889430 0.000922  0.089372  -0.016869  0.998888  0.046904  0.004848  -0.046921  0.998893  0.003415  -0.004683  -0.003639  0.999982  0.000539  -0.007188  0.001380  0.000000  0.000000  0.000000  2.000000  0.999988  0.004843  0.000011  -0.004843  0.999988  -0.000008  -0.000011  0.000008  1.000000  0.999997  0.002265  0.000008  -0.002265  0.999997  -0.000132  -0.000009  0.000132  1.000000  1.000000  0.000000  0.000000  0.000000  1.000000  0.000000  0.000000  0.000000  1.000000  0.999988  0.004843  0.000011  -0.004843  0.999988  -0.000008  -0.000011  0.000008  1.000000  0.000000  0.000000  
18.890435 0.000923  0.089365  -0.016867  0.998888  0.046904  0.004848  -0.046921  0.998893  0.003415  -0.004683  -0.003639  0.999982  0.000589  -0.007187  0.001370  0.000000  0.000000  0.000000  2.000000  0.999988  0.004843  0.000011  -0.004843  0.999988  -0.000008  -0.000011  0.000008  1.000000  0.999997  0.002265  0.000008  -0.002265  0.999997  -0.000132  -0.000009  0.000132  1.000000  1.000000  0.000000  0.000000  0.000000  1.000000  0.000000  0.000000  0.000000  1.000000  0.999988  0.004843  0.000011  -0.004843  0.999988  -0.000008  -0.000011  0.000008  1.000000  0.000000  0.000000  
18.891677 0.000924  0.089356  -0.016865  0.998888  0.046904  0.004848  -0.046921  0.998893  0.003415  -0.004683  -0.003639  0.999982  0.000627  -0.007210  0.001397  0.000000  0.000000  0.000000  2.000000  0.999988  0.004843  0.000011  -0.004843  0.999988  -0.000008  -0.000011  0.000008  1.000000  0.999998  0.002059  0.000007  -0.002059  0.999998  -0.000131  -0.000008  0.000131  1.000000  1.000000  0.000000  0.000000  0.000000  1.000000  0.000000  0.000000  0.000000  1.000000  0.999988  0.004843  0.000011  -0.004843  0.999988  -0.000008  -0.000011  0.000008  1.000000  0.000000  0.000000  
