1-Time 2-Px 3-Py 4-Pz 5-R11 6-R21 7-R31 8-R12 9-R22 10-R32 11-R13 12-R23 13-R33 14-Vx 15-Vy 16-Vz 17-Wx 18-Wy 19-Wz 20-state 21-PR11 22-PR21 23-PR31 24-PR12 25-PR22 26-PR32 27-PR13 28-PR23 29-PR33 
145.673715 0.000549  0.089920  -0.006965  0.998551  0.053501  -0.005837  -0.053294  0.998093  0.031160  0.007493  -0.030804  0.999497  0.002741  0.001924  0.001139  0.000000  0.000000  0.000000  2.000000  1.000000  0.000000  0.000000  0.000000  1.000000  0.000000  0.000000  0.000000  1.000000  0.999999  -0.000588  -0.000955  0.000588  1.000000  -0.000126  0.000955  0.000125  1.000000  1.000000  0.000000  0.000000  0.000000  1.000000  0.000000  0.000000  0.000000  1.000000  0.816846  0.500428  -0.286939  -0.451489  0.864230  0.221956  0.359054  -0.051754  0.931881  0.000000  0.000000  
145.674720 0.000552  0.089923  -0.006963  0.998550  0.053505  -0.005970  -0.053294  0.998092  0.031167  0.007626  -0.030804  0.999496  0.002733  0.001959  0.001258  0.000000  0.000000  0.000000  2.000000  1.000000  0.000000  0.000000  0.000000  1.000000  0.000000  0.000000  0.000000  1.000000  0.999999  -0.000584  -0.001089  0.000584  1.000000  -0.000126  0.001089  0.000125  0.999999  1.000000  0.000000  0.000000  0.000000  1.000000  0.000000  0.000000  0.000000  1.000000  1.000000  0.000000  0.000000  0.000000  1.000000  0.000000  0.000000  0.000000  1.000000  0.000000  0.000000  
145.675722 0.000554  0.089923  -0.006963  0.998539  0.053711  -0.005957  -0.053499  0.998078  0.031289  0.007626  -0.030925  0.999493  0.002667  0.001833  0.001187  0.000000  0.000000  0.000000  2.000000  1.000000  0.000000  0.000000  0.000000  1.000000  0.000000  0.000000  0.000000  1.000000  0.999999  -0.000383  -0.000949  0.000383  1.000000  -0.000124  0.000949  0.000124  1.000000  1.000000  0.000000  0.000000  0.000000  1.000000  0.000000  0.000000  0.000000  1.000000  1.000000  0.000000  0.000000  0.000000  1.000000  0.000000  0.000000  0.000000  1.000000  0.000000  0.000000  
145.676729 0.000556  0.089922  -0.006965  0.998527  0.053920  -0.006084  -0.053705  0.998066  0.031298  0.007760  -0.030925  0.999492  0.002595  0.001674  0.001028  0.000000  0.000000  0.000000  2.000000  1.000000  0.000000  0.000000  0.000000  1.000000  0.000000  0.000000  0.000000  1.000000  1.000000  -0.000177  -0.000943  0.000177  1.000000  -0.000002  0.000943  0.000001  1.000000  1.000000  0.000000  0.000000  0.000000  1.000000  0.000000  0.000000  0.000000  1.000000  1.000000  0.000000  0.000000  0.000000  1.000000  0.000000  0.000000  0.000000  1.000000  0.000000  0.000000  
145.677976 0.000558  0.089921  -0.006966  0.998516  0.054127  -0.006071  -0.053910  0.998051  0.031420  0.007760  -0.031046  0.999488  0.002485  0.001397  0.000863  0.000000  0.000000  0.000000  2.000000  1.000000  0.000000  0.000000  0.000000  1.000000  0.000000  0.000000  0.000000  1.000000  0.999999  0.000033  -0.001070  -0.000033  1.000000  0.000121  0.001070  -0.000121  0.999999  1.000000  0.000000  0.000000  0.000000  1.000000  0.000000  0.000000  0.000000  1.000000  1.000000  0.000000  0.000000  0.000000  1.000000  0.000000  0.000000  0.000000  1.000000  0.000000  0.000000  
145.679227 0.000560  0.089919  -0.006968  0.998503  0.054337  -0.006192  -0.054116  0.998036  0.031550  0.007894  -0.031167  0.999483  0.002388  0.001117  0.000663  0.000000  0.000000  0.000000  2.000000  1.000000  0.000000  0.000000  0.000000  1.000000  0.000000  0.000000  0.000000  1.000000  1.000000  0.000235  -0.000930  -0.000235  1.000000  0.000244  0.000930  -0.000244  1.000000  1.000000  0.000000  0.000000  0.000000  1.000000  0.000000  0.000000  0.000000  1.000000  1.000000  0.000000  0.000000  0.000000  1.000000  0.000000  0.000000  0.000000  1.000000  0.000000  0.000000  
145.680475 0.000563  0.089917  -0.006970  0.998491  0.054547  -0.006312  -0.054321  0.998021  0.031679  0.008028  -0.031289  0.999478  0.002339  0.000878  0.000405  0.000000  0.000000  0.000000  2.000000  1.000000  0.000000  0.000000  0.000000  1.000000  0.000000  0.000000  0.000000  1.000000  0.999999  0.000655  -0.001184  -0.000655  1.000000  0.000369  0.001185  -0.000368  0.999999  1.000000  0.000000  0.000000  0.000000  1.000000  0.000000  0.000000  0.000000  1.000000  1.000000  0.000000  0.000000  0.000000  1.000000  0.000000  0.000000  0.000000  1.000000  0.000000  0.000000  
145.681726 0.000565  0.089916  -0.006972  0.998456  0.055169  -0.006420  -0.054938  0.997983  0.031811  0.008162  -0.031410  0.999473  0.002272  0.000622  0.000224  0.000000  0.000000  0.000000  2.000000  1.000000  0.000000  0.000000  0.000000  1.000000  0.000000  0.000000  0.000000  1.000000  0.999999  0.001071  -0.001305  -0.001070  0.999999  0.000494  0.001306  -0.000492  0.999999  1.000000  0.000000  0.000000  0.000000  1.000000  0.000000  0.000000  0.000000  1.000000  1.000000  0.000000  0.000000  0.000000  1.000000  0.000000  0.000000  0.000000  1.000000  0.000000  0.000000  
145.682726 0.000567  0.089915  -0.006972  0.998431  0.055589  -0.006667  -0.055349  0.997956  0.031950  0.008429  -0.031531  0.999467  0.002216  0.000419  0.000086  0.000000  0.000000  0.000000  2.000000  1.000000  0.000000  0.000000  0.000000  1.000000  0.000000  0.000000  0.000000  1.000000  0.999998  0.001483  -0.001292  -0.001482  0.999999  0.000618  0.001293  -0.000617  0.999999  1.000000  0.000000  0.000000  0.000000  1.000000  0.000000  0.000000  0.000000  1.000000  1.000000  0.000000  0.000000  0.000000  1.000000  0.000000  0.000000  0.000000  1.000000  0.000000  0.000000  
145.683726 0.000569  0.089914  -0.006975  0.998419  0.055799  -0.006787  -0.055555  0.997940  0.032080  0.008563  -0.031652  0.999462  0.002192  0.000228  -0.000163  0.000000  0.000000  0.000000  2.000000  1.000000  0.000000  0.000000  0.000000  1.000000  0.000000  0.000000  0.000000  1.000000  0.999997  0.001898  -0.001412  -0.001897  0.999998  0.000743  0.001414  -0.000741  0.999999  1.000000  0.000000  0.000000  0.000000  1.000000  0.000000  0.000000  0.000000  1.000000  1.000000  0.000000  0.000000  0.000000  1.000000  0.000000  0.000000  0.000000  1.000000  0.000000  0.000000  
145.684970 0.000571  0.089912  -0.006978  0.998383  0.056420  -0.006901  -0.056171  0.997905  0.032092  0.008697  -0.031652  0.999461  0.002083  -0.000062  -0.000460  0.000000  0.000000  0.000000  2.000000  1.000000  0.000000  0.000000  0.000000  1.000000  0.000000  0.000000  0.000000  1.000000  0.999996  0.002314  -0.001533  -0.002313  0.999997  0.000869  0.001535  -0.000865  0.999998  1.000000  0.000000  0.000000  0.000000  1.000000  0.000000  0.000000  0.000000  1.000000  1.000000  0.000000  0.000000  0.000000  1.000000  0.000000  0.000000  0.000000  1.000000  0.000000  0.000000  
145.685978 0.000573  0.089912  -0.006980  0.998359  0.056836  -0.007014  -0.056582  0.997878  0.032223  0.008831  -0.031773  0.999456  0.002049  -0.000230  -0.000718  0.000000  0.000000  0.000000  2.000000  1.000000  0.000000  0.000000  0.000000  1.000000  0.000000  0.000000  0.000000  1.000000  0.999994  0.003142  -0.001640  -0.003140  0.999995  0.000998  0.001643  -0.000992  0.999998  1.000000  0.000000  0.000000  0.000000  1.000000  0.000000  0.000000  0.000000  1.000000  1.000000  0.000000  0.000000  0.000000  1.000000  0.000000  0.000000  0.000000  1.000000  0.000000  0.000000  
145.687218 0.000575  0.089911  -0.006982  0.998311  0.057662  -0.007121  -0.057404  0.997830  0.032236  0.008964  -0.031773  0.999455  0.001964  -0.000472  -0.001006  0.000000  0.000000  0.000000  2.000000  1.000000  0.000000  0.000000  0.000000  1.000000  0.000000  0.000000  0.000000  1.000000  0.999991  0.003763  -0.001754  -0.003761  0.999992  0.001003  0.001758  -0.000997  0.999998  1.000000  0.000000  0.000000  0.000000  1.000000  0.000000  0.000000  0.000000  1.000000  1.000000  0.000000  0.000000  0.000000  1.000000  0.000000  0.000000  0.000000  1.000000  0.000000  0.000000  
145.688218 0.000577  0.089909  -0.006984  0.998286  0.058077  -0.007241  -0.057815  0.997806  0.032247  0.009098  -0.031773  0.999454  0.001916  -0.000712  -0.001264  0.000000  0.000000  0.000000  2.000000  1.000000  0.000000  0.000000  0.000000  1.000000  0.000000  0.000000  0.000000  1.000000  0.999989  0.004381  -0.001735  -0.004379  0.999990  0.001009  0.001739  -0.001002  0.999998  1.000000  0.000000  0.000000  0.000000  1.000000  0.000000  0.000000  0.000000  1.000000  1.000000  0.000000  0.000000  0.000000  1.000000  0.000000  0.000000  0.000000  1.000000  0.000000  0.000000  
145.689222 0.000579  0.089908  -0.006987  0.998247  0.058702  -0.007488  -0.058432  0.997770  0.032267  0.009366  -0.031773  0.999451  0.001881  -0.000914  -0.001512  0.000000  0.000000  0.000000  2.000000  1.000000  0.000051  0.000043  -0.000051  1.000000  0.000013  -0.000043  -0.000013  1.000000  0.999986  0.005002  -0.001849  -0.005000  0.999987  0.001016  0.001854  -0.001006  0.999998  1.000000  0.000051  0.000043  -0.000051  1.000000  0.000013  -0.000043  -0.000013  1.000000  1.000000  0.000051  0.000043  -0.000051  1.000000  0.000013  -0.000043  -0.000013  1.000000  0.000000  0.005428  
145.690226 0.000580  0.089905  -0.006989  0.998210  0.059323  -0.007595  -0.059048  0.997729  0.032401  0.009500  -0.031894  0.999446  0.001790  -0.001171  -0.001752  0.034071  0.084216  0.182572  2.000000  1.000000  0.000268  0.000224  -0.000268  1.000000  0.000065  -0.000224  -0.000065  1.000000  0.999982  0.005624  -0.001962  -0.005622  0.999984  0.001144  0.001969  -0.001133  0.999997  1.000000  0.000056  0.000049  -0.000056  1.000000  0.000014  -0.000049  -0.000014  1.000000  1.000000  0.000268  0.000224  -0.000268  1.000000  0.000065  -0.000224  -0.000065  1.000000  0.000051  0.006064  
145.691473 0.000582  0.089902  -0.006993  0.998158  0.060153  -0.007835  -0.059870  0.997679  0.032423  0.009767  -0.031894  0.999444  0.001758  -0.001324  -0.001879  0.034343  0.087853  0.210396  2.000000  1.000000  0.000566  0.000485  -0.000566  1.000000  0.000136  -0.000485  -0.000136  1.000000  0.999977  0.006451  -0.002070  -0.006449  0.999979  0.001153  0.002077  -0.001139  0.999997  1.000000  0.000063  0.000057  -0.000063  1.000000  0.000014  -0.000057  -0.000014  1.000000  1.000000  0.000566  0.000485  -0.000566  1.000000  0.000136  -0.000485  -0.000136  1.000000  0.000056  0.006871  
145.692473 0.000583  0.089900  -0.006995  0.998120  0.060775  -0.007941  -0.060486  0.997638  0.032557  0.009901  -0.032015  0.999438  0.001775  -0.001424  -0.001935  0.038607  0.091678  0.231279  2.000000  0.999999  0.000833  0.000724  -0.000833  1.000000  0.000193  -0.000724  -0.000194  1.000000  0.999973  0.007073  -0.002184  -0.007070  0.999974  0.001160  0.002192  -0.001145  0.999997  1.000000  0.000068  0.000063  -0.000068  1.000000  0.000014  -0.000063  -0.000014  1.000000  0.999999  0.000833  0.000724  -0.000833  1.000000  0.000193  -0.000724  -0.000194  1.000000  0.000061  0.007491  
145.693480 0.000584  0.089896  -0.006997  0.998092  0.061194  -0.008195  -0.060897  0.997612  0.032576  0.010169  -0.032015  0.999436  0.001702  -0.001618  -0.002014  0.038746  0.100205  0.245328  2.000000  0.999999  0.001117  0.000990  -0.001117  0.999999  0.000257  -0.000989  -0.000258  0.999999  0.999968  0.007694  -0.002297  -0.007691  0.999970  0.001289  0.002307  -0.001271  0.999997  1.000000  0.000073  0.000069  -0.000073  1.000000  0.000016  -0.000069  -0.000016  1.000000  0.999999  0.001117  0.000990  -0.001117  0.999999  0.000257  -0.000989  -0.000258  0.999999  0.000067  0.008131  
145.694726 0.000587  0.089891  -0.007000  0.998028  0.062227  -0.008279  -0.061924  0.997541  0.032835  0.010302  -0.032258  0.999426  0.001722  -0.001817  -0.002095  0.050961  0.098437  0.278026  2.000000  0.999998  0.001503  0.001352  -0.001503  0.999999  0.000343  -0.001352  -0.000345  0.999999  0.999960  0.008526  -0.002537  -0.008523  0.999963  0.001420  0.002549  -0.001399  0.999996  1.000000  0.000081  0.000076  -0.000081  1.000000  0.000018  -0.000076  -0.000018  1.000000  0.999998  0.001503  0.001352  -0.001503  0.999999  0.000343  -0.001352  -0.000345  0.999999  0.000074  0.009007  
145.695979 0.000589  0.089886  -0.007005  0.997975  0.063054  -0.008378  -0.062746  0.997485  0.032971  0.010436  -0.032379  0.999421  0.001726  -0.002100  -0.002305  0.055724  0.102526  0.314740  2.000000  0.999997  0.001916  0.001759  -0.001917  0.999998  0.000440  -0.001758  -0.000443  0.999998  0.999955  0.009144  -0.002515  -0.009140  0.999957  0.001670  0.002530  -0.001647  0.999995  1.000000  0.000084  0.000083  -0.000084  1.000000  0.000021  -0.000083  -0.000021  1.000000  0.999997  0.001916  0.001759  -0.001917  0.999998  0.000440  -0.001758  -0.000443  0.999998  0.000082  0.009628  
145.697228 0.000592  0.089880  -0.007010  0.997920  0.063886  -0.008602  -0.063568  0.997424  0.033237  0.010704  -0.032621  0.999410  0.001754  -0.002399  -0.002554  0.064166  0.106069  0.342440  2.000000  0.999995  0.002268  0.002107  -0.002269  0.999997  0.000521  -0.002106  -0.000525  0.999998  0.999949  0.009766  -0.002627  -0.009762  0.999951  0.001678  0.002643  -0.001652  0.999995  1.000000  0.000090  0.000089  -0.000090  1.000000  0.000021  -0.000089  -0.000021  1.000000  0.999995  0.002268  0.002107  -0.002269  0.999997  0.000521  -0.002106  -0.000525  0.999998  0.000089  0.010250  
145.698475 0.000595  0.089873  -0.007016  0.997879  0.064507  -0.008708  -0.064184  0.997380  0.033372  0.010837  -0.032742  0.999405  0.001764  -0.002772  -0.002817  0.068462  0.109899  0.363386  2.000000  0.999993  0.002726  0.002568  -0.002728  0.999996  0.000630  -0.002566  -0.000637  0.999997  0.999942  0.010388  -0.002738  -0.010383  0.999944  0.001808  0.002757  -0.001780  0.999995  1.000000  0.000095  0.000095  -0.000095  1.000000  0.000022  -0.000095  -0.000022  1.000000  0.999993  0.002726  0.002568  -0.002728  0.999996  0.000630  -0.002566  -0.000637  0.999997  0.000096  0.010892  
145.699477 0.000598  0.089868  -0.007022  0.997838  0.065129  -0.008812  -0.064800  0.997336  0.033507  0.010971  -0.032864  0.999400  0.001869  -0.003056  -0.003036  0.072768  0.109205  0.384093  2.000000  0.999991  0.003110  0.002952  -0.003112  0.999995  0.000718  -0.002950  -0.000728  0.999995  0.999940  0.010599  -0.002864  -0.010594  0.999942  0.001812  0.002883  -0.001781  0.999994  1.000000  0.000097  0.000097  -0.000097  1.000000  0.000022  -0.000097  -0.000022  1.000000  0.999991  0.003110  0.002952  -0.003112  0.999995  0.000718  -0.002950  -0.000728  0.999995  0.000100  0.011125  
145.700477 0.000602  0.089862  -0.007027  0.997796  0.065750  -0.008917  -0.065416  0.997291  0.033642  0.011105  -0.032985  0.999394  0.001974  -0.003341  -0.003256  0.077058  0.113009  0.404970  2.000000  0.999988  0.003507  0.003359  -0.003510  0.999994  0.000809  -0.003356  -0.000820  0.999994  0.999935  0.011011  -0.002849  -0.011005  0.999938  0.001817  0.002869  -0.001786  0.999994  1.000000  0.000100  0.000101  -0.000100  1.000000  0.000023  -0.000101  -0.000023  1.000000  0.999988  0.003507  0.003359  -0.003510  0.999994  0.000809  -0.003356  -0.000820  0.999994  0.000105  0.011515  
145.701725 0.000606  0.089855  -0.007034  0.997739  0.066582  -0.009140  -0.066238  0.997228  0.033909  0.011373  -0.033227  0.999383  0.002066  -0.003754  -0.003554  0.085622  0.116354  0.439723  2.000000  0.999984  0.004017  0.003894  -0.004021  0.999991  0.000923  -0.003891  -0.000938  0.999992  0.999929  0.011624  -0.002693  -0.011619  0.999931  0.001826  0.002714  -0.001794  0.999995  1.000000  0.000102  0.000109  -0.000102  1.000000  0.000023  -0.000109  -0.000023  1.000000  0.999984  0.004017  0.003894  -0.004021  0.999991  0.000923  -0.003891  -0.000938  0.999992  0.000116  0.012068  
145.702968 0.000610  0.089849  -0.007041  0.997683  0.067409  -0.009238  -0.067059  0.997168  0.034047  0.011506  -0.033348  0.999378  0.002216  -0.004078  -0.003808  0.090009  0.119959  0.467633  2.000000  0.999980  0.004536  0.004446  -0.004540  0.999989  0.001038  -0.004441  -0.001058  0.999990  0.999924  0.012040  -0.002810  -0.012035  0.999926  0.001955  0.002834  -0.001921  0.999994  1.000000  0.000106  0.000113  -0.000106  1.000000  0.000024  -0.000113  -0.000024  1.000000  0.999980  0.004536  0.004446  -0.004540  0.999989  0.001038  -0.004441  -0.001058  0.999990  0.000123  0.012515  
145.703971 0.000613  0.089843  -0.007045  0.997639  0.068029  -0.009350  -0.067675  0.997126  0.034061  0.011640  -0.033348  0.999376  0.002343  -0.004350  -0.003960  0.089504  0.122779  0.484542  2.000000  0.999976  0.004955  0.004902  -0.004961  0.999987  0.001131  -0.004896  -0.001156  0.999987  0.999921  0.012246  -0.002803  -0.012241  0.999923  0.001837  0.002826  -0.001803  0.999994  1.000000  0.000107  0.000115  -0.000107  1.000000  0.000023  -0.000115  -0.000023  1.000000  0.999976  0.004955  0.004902  -0.004961  0.999987  0.001131  -0.004896  -0.001156  0.999987  0.000128  0.012694  
145.705220 0.000618  0.089836  -0.007050  0.997596  0.068651  -0.009454  -0.068291  0.997079  0.034197  0.011774  -0.033469  0.999370  0.002540  -0.004599  -0.004070  0.093832  0.122116  0.505241  2.000000  0.999971  0.005382  0.005371  -0.005388  0.999985  0.001225  -0.005365  -0.001254  0.999985  0.999919  0.012452  -0.002795  -0.012447  0.999921  0.001962  0.002819  -0.001928  0.999994  1.000000  0.000108  0.000117  -0.000108  1.000000  0.000024  -0.000117  -0.000024  1.000000  0.999971  0.005382  0.005371  -0.005388  0.999985  0.001225  -0.005365  -0.001254  0.999985  0.000132  0.012910  
145.706226 0.000623  0.089832  -0.007054  0.997552  0.069271  -0.009566  -0.068907  0.997036  0.034212  0.011908  -0.033469  0.999369  0.002776  -0.004773  -0.004145  0.090622  0.127354  0.516431  2.000000  0.999966  0.005808  0.005844  -0.005816  0.999982  0.001316  -0.005836  -0.001350  0.999982  0.999919  0.012448  -0.002661  -0.012443  0.999921  0.001841  0.002684  -0.001808  0.999995  1.000000  0.000107  0.000118  -0.000107  1.000000  0.000023  -0.000118  -0.000023  1.000000  0.999966  0.005808  0.005844  -0.005816  0.999982  0.001316  -0.005836  -0.001350  0.999982  0.000134  0.012859  
145.707472 0.000628  0.089826  -0.007057  0.997495  0.070093  -0.009530  -0.069729  0.996975  0.034341  0.011908  -0.033591  0.999365  0.002995  -0.004915  -0.004139  0.090127  0.121139  0.532715  2.000000  0.999959  0.006342  0.006440  -0.006351  0.999979  0.001433  -0.006431  -0.001474  0.999978  0.999917  0.012649  -0.002519  -0.012644  0.999918  0.001966  0.002544  -0.001934  0.999995  1.000000  0.000106  0.000121  -0.000106  1.000000  0.000024  -0.000121  -0.000024  1.000000  0.999959  0.006342  0.006440  -0.006351  0.999979  0.001433  -0.006431  -0.001474  0.999978  0.000137  0.013044  
145.708724 0.000633  0.089819  -0.007061  0.997450  0.070714  -0.009642  -0.070345  0.996931  0.034356  0.012042  -0.033591  0.999363  0.003188  -0.005067  -0.004224  0.086243  0.125105  0.546518  2.000000  0.999952  0.006874  0.007040  -0.006885  0.999975  0.001551  -0.007029  -0.001599  0.999974  0.999919  0.012443  -0.002526  -0.012438  0.999921  0.001966  0.002550  -0.001934  0.999995  1.000000  0.000105  0.000119  -0.000105  1.000000  0.000024  -0.000119  -0.000024  1.000000  0.999952  0.006874  0.007040  -0.006885  0.999975  0.001551  -0.007029  -0.001599  0.999974  0.000140  0.012846  
145.709976 0.000637  0.089812  -0.007065  0.997403  0.071339  -0.009879  -0.070960  0.996882  0.034502  0.012309  -0.033712  0.999356  0.003348  -0.005189  -0.004252  0.086480  0.129036  0.560329  2.000000  0.999943  0.007397  0.007639  -0.007410  0.999971  0.001672  -0.007626  -0.001728  0.999969  0.999920  0.012439  -0.002391  -0.012434  0.999921  0.002089  0.002417  -0.002059  0.999995  1.000000  0.000104  0.000120  -0.000104  1.000000  0.000026  -0.000120  -0.000026  1.000000  0.999943  0.007397  0.007639  -0.007410  0.999971  0.001672  -0.007626  -0.001728  0.999969  0.000146  0.012836  
145.711226 0.000641  0.089805  -0.007070  0.997358  0.071960  -0.009991  -0.071576  0.996838  0.034518  0.012443  -0.033712  0.999354  0.003456  -0.005307  -0.004292  0.083299  0.125344  0.571718  2.000000  0.999935  0.007912  0.008228  -0.007927  0.999967  0.001791  -0.008214  -0.001856  0.999965  0.999922  0.012233  -0.002398  -0.012229  0.999923  0.001968  0.002422  -0.001939  0.999995  1.000000  0.000103  0.000117  -0.000103  1.000000  0.000024  -0.000117  -0.000024  1.000000  0.999935  0.007912  0.008228  -0.007927  0.999967  0.001791  -0.008214  -0.001856  0.999965  0.000149  0.012619  
145.712471 0.000646  0.089798  -0.007076  0.997311  0.072581  -0.010094  -0.072192  0.996789  0.034655  0.012577  -0.033833  0.999348  0.003519  -0.005391  -0.004348  0.082765  0.124026  0.573916  2.000000  0.999926  0.008419  0.008815  -0.008436  0.999963  0.001911  -0.008799  -0.001985  0.999959  0.999923  0.012229  -0.002263  -0.012224  0.999923  0.002091  0.002288  -0.002063  0.999995  1.000000  0.000101  0.000118  -0.000101  1.000000  0.000026  -0.000118  -0.000026  1.000000  0.999926  0.008419  0.008815  -0.008436  0.999963  0.001911  -0.008799  -0.001985  0.999959  0.000148  0.012609  
145.713477 0.000649  0.089792  -0.007080  0.997265  0.073201  -0.010206  -0.072808  0.996743  0.034671  0.012711  -0.033833  0.999347  0.003569  -0.005392  -0.004224  0.079570  0.120308  0.585496  2.000000  0.999920  0.008722  0.009167  -0.008740  0.999960  0.001983  -0.009150  -0.002063  0.999956  0.999923  0.012229  -0.002263  -0.012225  0.999923  0.001971  0.002286  -0.001944  0.999995  1.000000  0.000101  0.000118  -0.000101  1.000000  0.000024  -0.000118  -0.000024  1.000000  0.999920  0.008722  0.009167  -0.008740  0.999960  0.001983  -0.009150  -0.002063  0.999956  0.000150  0.012590  
145.714727 0.000653  0.089786  -0.007085  0.997218  0.073822  -0.010309  -0.073424  0.996693  0.034808  0.012844  -0.033954  0.999341  0.003631  -0.005373  -0.004136  0.083707  0.120247  0.585381  2.000000  0.999910  0.009223  0.009755  -0.009244  0.999955  0.002101  -0.009735  -0.002191  0.999950  0.999925  0.012024  -0.002268  -0.012019  0.999926  0.001970  0.002292  -0.001943  0.999995  1.000000  0.000100  0.000116  -0.000100  1.000000  0.000024  -0.000116  -0.000024  1.000000  0.999910  0.009223  0.009755  -0.009244  0.999955  0.002101  -0.009735  -0.002191  0.999950  0.000150  0.012391  
145.715972 0.000657  0.089779  -0.007090  0.997171  0.074444  -0.010412  -0.074040  0.996643  0.034945  0.012978  -0.034075  0.999335  0.003587  -0.005382  -0.003993  0.083197  0.118999  0.587621  2.000000  0.999899  0.009714  0.010330  -0.009738  0.999950  0.002214  -0.010308  -0.002314  0.999944  0.999928  0.011813  -0.002141  -0.011809  0.999929  0.001848  0.002163  -0.001823  0.999996  1.000000  0.000097  0.000114  -0.000097  1.000000  0.000023  -0.000114  -0.000023  1.000000  0.999899  0.009714  0.010330  -0.009738  0.999950  0.002214  -0.010308  -0.002314  0.999944  0.000151  0.012146  
145.717225 0.000661  0.089771  -0.007097  0.997123  0.075064  -0.010523  -0.074655  0.996596  0.034961  0.013112  -0.034075  0.999333  0.003544  -0.005416  -0.003973  0.083872  0.120190  0.585461  2.000000  0.999889  0.010191  0.010892  -0.010217  0.999945  0.002321  -0.010868  -0.002432  0.999938  0.999933  0.011402  -0.002154  -0.011398  0.999934  0.001723  0.002174  -0.001699  0.999996  1.000000  0.000095  0.000110  -0.000095  1.000000  0.000021  -0.000110  -0.000021  1.000000  0.999889  0.010191  0.010892  -0.010217  0.999945  0.002321  -0.010868  -0.002432  0.999938  0.000150  0.011729  
145.718469 0.000663  0.089763  -0.007105  0.997077  0.075681  -0.010493  -0.075271  0.996546  0.035089  0.013112  -0.034196  0.999329  0.003431  -0.005490  -0.004099  0.088046  0.111517  0.578891  2.000000  0.999878  0.010652  0.011440  -0.010681  0.999940  0.002419  -0.011414  -0.002541  0.999932  0.999936  0.011187  -0.001892  -0.011184  0.999936  0.001721  0.001911  -0.001699  0.999997  1.000000  0.000090  0.000109  -0.000091  1.000000  0.000021  -0.000109  -0.000021  1.000000  0.999878  0.010652  0.011440  -0.010681  0.999940  0.002419  -0.011414  -0.002541  0.999932  0.000149  0.011475  
145.719470 0.000665  0.089757  -0.007111  0.997046  0.076091  -0.010478  -0.075682  0.996514  0.035093  0.013112  -0.034196  0.999329  0.003320  -0.005551  -0.004260  0.087330  0.106101  0.573787  2.000000  0.999869  0.011011  0.011876  -0.011041  0.999936  0.002493  -0.011848  -0.002623  0.999926  0.999938  0.010977  -0.001766  -0.010974  0.999939  0.001475  0.001782  -0.001456  0.999997  1.000000  0.000088  0.000108  -0.000088  1.000000  0.000018  -0.000108  -0.000018  1.000000  0.999869  0.011011  0.011876  -0.011041  0.999936  0.002493  -0.011848  -0.002623  0.999926  0.000147  0.011215  
145.720475 0.000667  0.089750  -0.007118  0.997013  0.076506  -0.010597  -0.076092  0.996483  0.035107  0.013246  -0.034196  0.999327  0.003153  -0.005681  -0.004493  0.083868  0.102828  0.564133  2.000000  0.999862  0.011280  0.012205  -0.011312  0.999933  0.002544  -0.012176  -0.002682  0.999922  0.999936  0.011187  -0.001892  -0.011185  0.999936  0.001479  0.001909  -0.001458  0.999997  1.000000  0.000090  0.000109  -0.000090  1.000000  0.000018  -0.000109  -0.000018  1.000000  0.999862  0.011280  0.012205  -0.011312  0.999933  0.002544  -0.012176  -0.002682  0.999922  0.000147  0.011441  
145.721722 0.000669  0.089742  -0.007127  0.996966  0.077121  -0.010575  -0.076708  0.996435  0.035114  0.013246  -0.034196  0.999327  0.002960  -0.005816  -0.004836  0.083296  0.097300  0.566213  2.000000  0.999850  0.011719  0.012750  -0.011753  0.999928  0.002619  -0.012718  -0.002768  0.999915  0.999938  0.010972  -0.001632  -0.010970  0.999939  0.001234  0.001645  -0.001216  0.999998  1.000000  0.000086  0.000109  -0.000086  1.000000  0.000015  -0.000109  -0.000015  1.000000  0.999850  0.011719  0.012750  -0.011753  0.999928  0.002619  -0.012718  -0.002768  0.999915  0.000145  0.011161  
145.722975 0.000671  0.089734  -0.007138  0.996916  0.077743  -0.010678  -0.077323  0.996383  0.035252  0.013379  -0.034317  0.999321  0.002725  -0.005973  -0.005303  0.083939  0.094002  0.556941  2.000000  0.999838  0.012143  0.013279  -0.012180  0.999922  0.002690  -0.013246  -0.002852  0.999908  0.999943  0.010561  -0.001645  -0.010559  0.999943  0.001230  0.001658  -0.001213  0.999998  1.000000  0.000084  0.000104  -0.000084  1.000000  0.000015  -0.000104  -0.000015  1.000000  0.999838  0.012143  0.013279  -0.012180  0.999922  0.002690  -0.013246  -0.002852  0.999908  0.000143  0.010758  
145.724222 0.000673  0.089726  -0.007147  0.996883  0.078157  -0.010796  -0.077734  0.996350  0.035266  0.013513  -0.034317  0.999320  0.002555  -0.006034  -0.005633  0.079206  0.093433  0.545564  2.000000  0.999826  0.012557  0.013794  -0.012596  0.999917  0.002754  -0.013758  -0.002928  0.999901  0.999945  0.010355  -0.001652  -0.010354  0.999946  0.001108  0.001663  -0.001091  0.999998  1.000000  0.000083  0.000102  -0.000083  1.000000  0.000014  -0.000102  -0.000014  1.000000  0.999826  0.012557  0.013794  -0.012596  0.999917  0.002754  -0.013758  -0.002928  0.999901  0.000141  0.010544  
145.725474 0.000674  0.089718  -0.007157  0.996833  0.078776  -0.010917  -0.078349  0.996306  0.035163  0.013647  -0.034196  0.999322  0.002300  -0.006138  -0.006005  0.071150  0.089210  0.538593  2.000000  0.999814  0.012954  0.014297  -0.012995  0.999912  0.002812  -0.014259  -0.002997  0.999894  0.999948  0.010141  -0.001391  -0.010139  0.999948  0.000984  0.001401  -0.000970  0.999999  1.000000  0.000078  0.000101  -0.000078  1.000000  0.000012  -0.000101  -0.000012  1.000000  0.999814  0.012954  0.014297  -0.012995  0.999912  0.002812  -0.014259  -0.002997  0.999894  0.000139  0.010282  
145.726476 0.000675  0.089711  -0.007164  0.996800  0.079186  -0.010903  -0.078760  0.996273  0.035167  0.013647  -0.034196  0.999322  0.002178  -0.006158  -0.006208  0.063050  0.084963  0.531895  2.000000  0.999804  0.013272  0.014696  -0.013315  0.999907  0.002849  -0.014657  -0.003045  0.999888  0.999947  0.010145  -0.001526  -0.010144  0.999948  0.000864  0.001535  -0.000848  0.999998  1.000000  0.000080  0.000100  -0.000080  1.000000  0.000011  -0.000100  -0.000011  1.000000  0.999804  0.013272  0.014696  -0.013315  0.999907  0.002849  -0.014657  -0.003045  0.999888  0.000137  0.010295  
145.727726 0.000676  0.089703  -0.007173  0.996750  0.079806  -0.011014  -0.079375  0.996224  0.035184  0.013781  -0.034196  0.999320  0.001999  -0.006233  -0.006451  0.059400  0.081560  0.522060  2.000000  0.999791  0.013659  0.015187  -0.013705  0.999902  0.002890  -0.015146  -0.003098  0.999881  0.999951  0.009733  -0.001541  -0.009732  0.999952  0.000738  0.001548  -0.000723  0.999999  1.000000  0.000078  0.000096  -0.000078  1.000000  0.000009  -0.000096  -0.000009  1.000000  0.999791  0.013659  0.015187  -0.013705  0.999902  0.002890  -0.015146  -0.003098  0.999881  0.000134  0.009882  
145.728975 0.000677  0.089696  -0.007181  0.996717  0.080216  -0.011000  -0.079785  0.996191  0.035189  0.013781  -0.034196  0.999320  0.001738  -0.006268  -0.006638  0.051181  0.077214  0.514874  2.000000  0.999781  0.013966  0.015574  -0.014013  0.999898  0.002921  -0.015532  -0.003139  0.999874  0.999952  0.009729  -0.001407  -0.009728  0.999952  0.000738  0.001414  -0.000725  0.999999  1.000000  0.000076  0.000096  -0.000076  1.000000  0.000009  -0.000096  -0.000009  1.000000  0.999781  0.013966  0.015574  -0.014013  0.999898  0.002921  -0.015532  -0.003139  0.999874  0.000132  0.009857  
145.730234 0.000678  0.089689  -0.007189  0.996682  0.080631  -0.011119  -0.080196  0.996157  0.035204  0.013915  -0.034196  0.999318  0.001533  -0.006282  -0.006872  0.046993  0.077637  0.500977  2.000000  0.999768  0.014339  0.016046  -0.014389  0.999892  0.002959  -0.016002  -0.003189  0.999867  0.999954  0.009523  -0.001414  -0.009522  0.999954  0.000615  0.001420  -0.000602  0.999999  1.000000  0.000075  0.000094  -0.000075  1.000000  0.000008  -0.000094  -0.000008  1.000000  0.999768  0.014339  0.016046  -0.014389  0.999892  0.002959  -0.016002  -0.003189  0.999867  0.000129  0.009647  
145.731472 0.000678  0.089681  -0.007198  0.996647  0.081044  -0.011247  -0.080606  0.996128  0.035099  0.014048  -0.034074  0.999321  0.001320  -0.006324  -0.007014  0.038420  0.077471  0.483216  2.000000  0.999756  0.014701  0.016503  -0.014753  0.999887  0.002988  -0.016458  -0.003231  0.999859  0.999957  0.009112  -0.001429  -0.009111  0.999958  0.000490  0.001434  -0.000477  0.999999  1.000000  0.000072  0.000090  -0.000072  1.000000  0.000006  -0.000090  -0.000006  1.000000  0.999756  0.014701  0.016503  -0.014753  0.999887  0.002988  -0.016458  -0.003231  0.999859  0.000122  0.009236  
145.732477 0.000678  0.089675  -0.007207  0.996629  0.081254  -0.011373  -0.080811  0.996111  0.035112  0.014182  -0.034074  0.999319  0.001158  -0.006343  -0.007224  0.030413  0.074253  0.466289  2.000000  0.999745  0.014985  0.016866  -0.015038  0.999882  0.003007  -0.016818  -0.003260  0.999853  0.999958  0.009107  -0.001295  -0.009106  0.999958  0.000490  0.001300  -0.000478  0.999999  1.000000  0.000071  0.000090  -0.000071  1.000000  0.000006  -0.000090  -0.000006  1.000000  0.999745  0.014985  0.016866  -0.015038  0.999882  0.003007  -0.016818  -0.003260  0.999853  0.000120  0.009211  
145.733726 0.000678  0.089667  -0.007217  0.996595  0.081664  -0.011359  -0.081221  0.996077  0.035117  0.014182  -0.034074  0.999319  0.000983  -0.006378  -0.007459  0.030354  0.069991  0.459216  2.000000  0.999733  0.015327  0.017302  -0.015381  0.999877  0.003023  -0.017253  -0.003288  0.999846  0.999962  0.008691  -0.001176  -0.008690  0.999962  0.000364  0.001179  -0.000354  0.999999  1.000000  0.000067  0.000087  -0.000067  1.000000  0.000004  -0.000087  -0.000004  1.000000  0.999733  0.015327  0.017302  -0.015381  0.999877  0.003023  -0.017253  -0.003288  0.999846  0.000117  0.008778  
145.734972 0.000678  0.089659  -0.007229  0.996560  0.082077  -0.011488  -0.081631  0.996047  0.035011  0.014316  -0.033953  0.999321  0.000776  -0.006357  -0.007647  0.022175  0.070233  0.452359  2.000000  0.999720  0.015651  0.017720  -0.015708  0.999872  0.003033  -0.017670  -0.003310  0.999838  0.999965  0.008279  -0.001191  -0.008279  0.999966  0.000117  0.001192  -0.000107  0.999999  1.000000  0.000065  0.000082  -0.000065  1.000000  0.000001  -0.000082  -0.000001  1.000000  0.999720  0.015651  0.017720  -0.015708  0.999872  0.003033  -0.017670  -0.003310  0.999838  0.000114  0.008365  
145.735972 0.000678  0.089652  -0.007239  0.996543  0.082282  -0.011481  -0.081837  0.996031  0.035014  0.014316  -0.033953  0.999321  0.000638  -0.006343  -0.007781  0.022028  0.066219  0.438467  2.000000  0.999711  0.015905  0.018046  -0.015962  0.999868  0.003033  -0.017995  -0.003320  0.999833  0.999967  0.008069  -0.001064  -0.008069  0.999967  0.000114  0.001065  -0.000105  0.999999  1.000000  0.000062  0.000081  -0.000062  1.000000  0.000001  -0.000081  -0.000001  1.000000  0.999711  0.015905  0.018046  -0.015962  0.999868  0.003033  -0.017995  -0.003320  0.999833  0.000112  0.008140  
145.736975 0.000678  0.089646  -0.007248  0.996526  0.082487  -0.011473  -0.082042  0.996014  0.035016  0.014316  -0.033953  0.999321  0.000502  -0.006283  -0.007900  0.017764  0.066642  0.424527  2.000000  0.999703  0.016090  0.018288  -0.016148  0.999865  0.003030  -0.018237  -0.003325  0.999828  0.999967  0.008069  -0.001064  -0.008069  0.999967  -0.000007  0.001064  0.000016  0.999999  1.000000  0.000062  0.000081  -0.000062  1.000000  -0.000000  -0.000081  0.000000  1.000000  0.999703  0.016090  0.018288  -0.016148  0.999865  0.003030  -0.018237  -0.003325  0.999828  0.000109  0.008139  
145.738227 0.000677  0.089638  -0.007260  0.996509  0.082691  -0.011476  -0.082247  0.996001  0.034898  0.014316  -0.033832  0.999325  0.000368  -0.006274  -0.008091  0.013533  0.062637  0.410518  2.000000  0.999691  0.016386  0.018675  -0.016445  0.999860  0.003020  -0.018623  -0.003326  0.999821  0.999970  0.007653  -0.000945  -0.007653  0.999971  -0.000135  0.000944  0.000142  1.000000  1.000000  0.000058  0.000077  -0.000058  1.000000  -0.000002  -0.000077  0.000002  1.000000  0.999691  0.016386  0.018675  -0.016445  0.999860  0.003020  -0.018623  -0.003326  0.999821  0.000105  0.007712  
145.739470 0.000678  0.089631  -0.007272  0.996490  0.082901  -0.011602  -0.082452  0.995983  0.034911  0.014450  -0.033832  0.999323  0.000332  -0.006222  -0.008236  0.009251  0.062569  0.393486  2.000000  0.999680  0.016675  0.019043  -0.016735  0.999855  0.002999  -0.018990  -0.003317  0.999814  0.999973  0.007246  -0.001093  -0.007246  0.999974  -0.000261  0.001091  0.000269  0.999999  1.000000  0.000057  0.000072  -0.000057  1.000000  -0.000003  -0.000072  0.000003  1.000000  0.999680  0.016675  0.019043  -0.016735  0.999855  0.002999  -0.018990  -0.003317  0.999814  0.000100  0.007333  
145.740722 0.000678  0.089623  -0.007285  0.996456  0.083309  -0.011598  -0.082862  0.995953  0.034795  0.014450  -0.033711  0.999327  0.000273  -0.006170  -0.008423  0.005143  0.058376  0.386529  2.000000  0.999668  0.016949  0.019386  -0.017010  0.999851  0.002975  -0.019333  -0.003304  0.999808  0.999978  0.006624  -0.000981  -0.006624  0.999978  -0.000391  0.000978  0.000397  0.999999  1.000000  0.000052  0.000066  -0.000052  1.000000  -0.000005  -0.000066  0.000005  1.000000  0.999668  0.016949  0.019386  -0.017010  0.999851  0.002975  -0.019333  -0.003304  0.999808  0.000096  0.006708  
145.741722 0.000679  0.089617  -0.007295  0.996456  0.083309  -0.011598  -0.082862  0.995953  0.034795  0.014450  -0.033711  0.999327  0.000241  -0.006166  -0.008623  0.000879  0.050545  0.368671  2.000000  0.999660  0.017157  0.019646  -0.017218  0.999847  0.002951  -0.019592  -0.003288  0.999803  0.999979  0.006418  -0.000988  -0.006419  0.999979  -0.000394  0.000986  0.000400  0.999999  1.000000  0.000051  0.000063  -0.000051  1.000000  -0.000005  -0.000063  0.000005  1.000000  0.999660  0.017157  0.019646  -0.017218  0.999847  0.002951  -0.019592  -0.003288  0.999803  0.000094  0.006506  
145.742972 0.000679  0.089610  -0.007308  0.996439  0.083514  -0.011591  -0.083067  0.995936  0.034797  0.014450  -0.033711  0.999327  0.000197  -0.006180  -0.008939  0.000710  0.046161  0.351973  2.000000  0.999650  0.017399  0.019951  -0.017461  0.999843  0.002916  -0.019897  -0.003263  0.999797  0.999982  0.006002  -0.000868  -0.006003  0.999982  -0.000521  0.000865  0.000526  0.999999  1.000000  0.000047  0.000060  -0.000047  1.000000  -0.000007  -0.000060  0.000007  1.000000  0.999650  0.017399  0.019951  -0.017461  0.999843  0.002916  -0.019897  -0.003263  0.999797  0.000089  0.006087  
145.743975 0.000680  0.089603  -0.007318  0.996437  0.083517  -0.011734  -0.083067  0.995940  0.034688  0.014584  -0.033589  0.999329  0.000184  -0.006191  -0.009141  -0.007678  0.047225  0.333983  2.000000  0.999642  0.017581  0.020180  -0.017643  0.999840  0.002884  -0.020126  -0.003239  0.999792  0.999984  0.005586  -0.000749  -0.005587  0.999984  -0.000648  0.000745  0.000652  1.000000  1.000000  0.000043  0.000056  -0.000043  1.000000  -0.000008  -0.000056  0.000008  1.000000  0.999642  0.017581  0.020180  -0.017643  0.999840  0.002884  -0.020126  -0.003239  0.999792  0.000086  0.005674  
145.745226 0.000680  0.089595  -0.007331  0.996420  0.083722  -0.011727  -0.083272  0.995923  0.034690  0.014584  -0.033589  0.999329  0.000136  -0.006273  -0.009475  -0.007685  0.042597  0.324132  2.000000  0.999634  0.017758  0.020397  -0.017820  0.999837  0.002848  -0.020343  -0.003210  0.999788  0.999985  0.005385  -0.000890  -0.005386  0.999985  -0.000650  0.000886  0.000655  0.999999  1.000000  0.000043  0.000053  -0.000043  1.000000  -0.000008  -0.000053  0.000008  1.000000  0.999634  0.017758  0.020397  -0.017820  0.999837  0.002848  -0.020343  -0.003210  0.999788  0.000084  0.005497  
145.746231 0.000681  0.089589  -0.007342  0.996420  0.083722  -0.011727  -0.083272  0.995923  0.034690  0.014584  -0.033589  0.999329  0.000166  -0.006261  -0.009713  -0.012109  0.043624  0.306016  2.000000  0.999631  0.017844  0.020500  -0.017906  0.999836  0.002829  -0.020446  -0.003195  0.999786  0.999987  0.004969  -0.000770  -0.004970  0.999988  -0.000535  0.000767  0.000539  1.000000  1.000000  0.000000  0.000000  0.000000  1.000000  0.000000  0.000000  0.000000  1.000000  0.999631  0.017844  0.020500  -0.017906  0.999836  0.002829  -0.020446  -0.003195  0.999786  0.000079  0.000000  
145.747476 0.000681  0.089581  -0.007354  0.996401  0.083930  -0.011863  -0.083477  0.995909  0.034583  0.014717  -0.033468  0.999331  0.000185  -0.006255  -0.009787  -0.016112  0.043529  0.296731  2.000000  0.999631  0.017844  0.020500  -0.017906  0.999836  0.002829  -0.020446  -0.003195  0.999786  0.999989  0.004558  -0.000784  -0.004558  0.999989  -0.000662  0.000781  0.000666  0.999999  1.000000  0.000000  0.000000  0.000000  1.000000  0.000000  0.000000  0.000000  1.000000  0.999631  0.017844  0.020500  -0.017906  0.999836  0.002829  -0.020446  -0.003195  0.999786  0.000075  0.000000  
145.748477 0.000682  0.089575  -0.007363  0.996401  0.083930  -0.011863  -0.083477  0.995909  0.034583  0.014717  -0.033468  0.999331  0.000240  -0.006231  -0.009847  -0.020681  0.044724  0.279385  2.000000  0.999631  0.017844  0.020500  -0.017906  0.999836  0.002829  -0.020446  -0.003195  0.999786  0.999991  0.004146  -0.000798  -0.004147  0.999991  -0.000667  0.000795  0.000671  0.999999  1.000000  0.000000  0.000000  0.000000  1.000000  0.000000  0.000000  0.000000  1.000000  0.999631  0.017844  0.020500  -0.017906  0.999836  0.002829  -0.020446  -0.003195  0.999786  0.000071  0.000000  
