1-Time 2-Px 3-Py 4-Pz 5-R11 6-R21 7-R31 8-R12 9-R22 10-R32 11-R13 12-R23 13-R33 14-Vx 15-Vy 16-Vz 17-Wx 18-Wy 19-Wz 20-state 21-PR11 22-PR21 23-PR31 24-PR12 25-PR22 26-PR32 27-PR13 28-PR23 29-PR33 
145.565134 -0.000824  0.087739  -0.013648  0.995782  0.062480  0.067192  -0.066725  0.995786  0.062917  -0.062977  -0.067135  0.995754  0.000052  0.001344  -0.001662  0.000000  0.000000  0.000000  2.000000  1.000000  0.000000  0.000000  0.000000  1.000000  0.000000  0.000000  0.000000  1.000000  1.000000  0.000000  -0.000000  -0.000000  1.000000  -0.000849  0.000000  0.000849  1.000000  1.000000  0.000000  0.000000  0.000000  1.000000  0.000000  0.000000  0.000000  1.000000  0.719767  0.449903  0.528700  -0.452522  0.881605  -0.134152  -0.526460  -0.142691  0.838141  0.000000  0.000000  
145.566140 -0.000824  0.087739  -0.013649  0.995782  0.062480  0.067192  -0.066725  0.995786  0.062917  -0.062977  -0.067135  0.995754  0.000070  0.001276  -0.001618  0.000000  0.000000  0.000000  2.000000  1.000000  0.000000  0.000000  0.000000  1.000000  0.000000  0.000000  0.000000  1.000000  1.000000  0.000000  -0.000000  -0.000000  1.000000  -0.000849  0.000000  0.000849  1.000000  1.000000  0.000000  0.000000  0.000000  1.000000  0.000000  0.000000  0.000000  1.000000  1.000000  0.000000  0.000000  0.000000  1.000000  0.000000  0.000000  0.000000  1.000000  0.000000  0.000000  
145.567144 -0.000825  0.087738  -0.013652  0.995746  0.062881  0.067351  -0.067135  0.995760  0.062881  -0.063111  -0.067135  0.995746  -0.000013  0.001084  -0.001690  0.000000  0.000000  0.000000  2.000000  1.000000  0.000000  0.000000  0.000000  1.000000  0.000000  0.000000  0.000000  1.000000  1.000000  0.000196  0.000147  -0.000196  1.000000  -0.000741  -0.000147  0.000741  1.000000  1.000000  0.000000  0.000000  0.000000  1.000000  0.000000  0.000000  0.000000  1.000000  1.000000  0.000000  0.000000  0.000000  1.000000  0.000000  0.000000  0.000000  1.000000  0.000000  0.000000  
145.568390 -0.000827  0.087735  -0.013655  0.995701  0.063265  0.067650  -0.067544  0.995728  0.062956  -0.063378  -0.067255  0.995721  -0.000123  0.000728  -0.001755  0.000000  0.000000  0.000000  2.000000  1.000000  0.000000  0.000000  0.000000  1.000000  0.000000  0.000000  0.000000  1.000000  1.000000  0.000588  0.000442  -0.000588  1.000000  -0.000646  -0.000442  0.000645  1.000000  1.000000  0.000000  0.000000  0.000000  1.000000  0.000000  0.000000  0.000000  1.000000  1.000000  0.000000  0.000000  0.000000  1.000000  0.000000  0.000000  0.000000  1.000000  0.000000  0.000000  
145.569640 -0.000828  0.087731  -0.013658  0.995662  0.063434  0.068069  -0.067747  0.995709  0.063036  -0.063779  -0.067374  0.995687  -0.000186  0.000350  -0.001786  0.000000  0.000000  0.000000  2.000000  1.000000  0.000000  0.000000  0.000000  1.000000  0.000000  0.000000  0.000000  1.000000  0.999999  0.000980  0.000737  -0.000979  0.999999  -0.000429  -0.000737  0.000429  1.000000  1.000000  0.000000  0.000000  0.000000  1.000000  0.000000  0.000000  0.000000  1.000000  1.000000  0.000000  0.000000  0.000000  1.000000  0.000000  0.000000  0.000000  1.000000  0.000000  0.000000  
145.570641 -0.000828  0.087727  -0.013660  0.995639  0.063614  0.068231  -0.067951  0.995681  0.063254  -0.063912  -0.067615  0.995662  -0.000226  0.000018  -0.001802  0.000000  0.000000  0.000000  2.000000  1.000000  0.000000  0.000000  0.000000  1.000000  0.000000  0.000000  0.000000  1.000000  0.999999  0.001167  0.001018  -0.001166  0.999999  -0.000322  -0.001018  0.000320  0.999999  1.000000  0.000000  0.000000  0.000000  1.000000  0.000000  0.000000  0.000000  1.000000  1.000000  0.000000  0.000000  0.000000  1.000000  0.000000  0.000000  0.000000  1.000000  0.000000  0.000000  
145.571643 -0.000830  0.087723  -0.013661  0.995603  0.064007  0.068397  -0.068361  0.995648  0.063338  -0.064046  -0.067735  0.995646  -0.000340  -0.000358  -0.001822  0.000000  0.000000  0.000000  2.000000  1.000000  0.000000  0.000000  0.000000  1.000000  0.000000  0.000000  0.000000  1.000000  0.999999  0.001371  0.001032  -0.001371  0.999999  -0.000092  -0.001032  0.000091  0.999999  1.000000  0.000000  0.000000  0.000000  1.000000  0.000000  0.000000  0.000000  1.000000  1.000000  0.000000  0.000000  0.000000  1.000000  0.000000  0.000000  0.000000  1.000000  0.000000  0.000000  
145.572914 -0.000830  0.087719  -0.013663  0.995589  0.064203  0.068418  -0.068566  0.995627  0.063444  -0.064046  -0.067856  0.995637  -0.000369  -0.000755  -0.001776  0.000000  0.000000  0.000000  2.000000  1.000000  0.000000  0.000000  0.000000  1.000000  0.000000  0.000000  0.000000  1.000000  0.999998  0.001772  0.001194  -0.001772  0.999998  0.000124  -0.001193  -0.000126  0.999999  1.000000  0.000000  0.000000  0.000000  1.000000  0.000000  0.000000  0.000000  1.000000  1.000000  0.000000  0.000000  0.000000  1.000000  0.000000  0.000000  0.000000  1.000000  0.000000  0.000000  
145.574145 -0.000831  0.087716  -0.013664  0.995560  0.064597  0.068460  -0.068976  0.995585  0.063658  -0.064046  -0.068097  0.995621  -0.000420  -0.001085  -0.001763  0.000000  0.000000  0.000000  2.000000  1.000000  0.000000  0.000000  0.000000  1.000000  0.000000  0.000000  0.000000  1.000000  0.999997  0.002182  0.001222  -0.002182  0.999998  0.000340  -0.001221  -0.000343  0.999999  1.000000  0.000000  0.000000  0.000000  1.000000  0.000000  0.000000  0.000000  1.000000  1.000000  0.000000  0.000000  0.000000  1.000000  0.000000  0.000000  0.000000  1.000000  0.000000  0.000000  
145.575393 -0.000831  0.087712  -0.013666  0.995509  0.065186  0.068648  -0.069590  0.995530  0.063848  -0.064179  -0.068338  0.995596  -0.000426  -0.001436  -0.001711  0.000000  0.000000  0.000000  2.000000  1.000000  0.000000  0.000000  0.000000  1.000000  0.000000  0.000000  0.000000  1.000000  0.999996  0.002591  0.001251  -0.002592  0.999996  0.000677  -0.001249  -0.000681  0.999999  1.000000  0.000000  0.000000  0.000000  1.000000  0.000000  0.000000  0.000000  1.000000  1.000000  0.000000  0.000000  0.000000  1.000000  0.000000  0.000000  0.000000  1.000000  0.000000  0.000000  
145.576644 -0.000831  0.087709  -0.013667  0.995449  0.065774  0.068961  -0.070204  0.995483  0.063907  -0.064446  -0.068458  0.995570  -0.000400  -0.001763  -0.001640  0.000000  0.000000  0.000000  2.000000  1.000000  0.000000  0.000000  0.000000  1.000000  0.000000  0.000000  0.000000  1.000000  0.999994  0.003188  0.001560  -0.003189  0.999995  0.000758  -0.001558  -0.000763  0.999998  1.000000  0.000000  0.000000  0.000000  1.000000  0.000000  0.000000  0.000000  1.000000  1.000000  0.000000  0.000000  0.000000  1.000000  0.000000  0.000000  0.000000  1.000000  0.000000  0.000000  
145.577894 -0.000830  0.087706  -0.013666  0.995388  0.066354  0.069282  -0.070817  0.995428  0.064087  -0.064713  -0.068698  0.995536  -0.000379  -0.002057  -0.001445  0.000000  0.000000  0.000000  2.000000  1.000000  0.000000  0.000000  0.000000  1.000000  0.000000  0.000000  0.000000  1.000000  0.999991  0.003775  0.002003  -0.003777  0.999992  0.000959  -0.001999  -0.000967  0.999998  1.000000  0.000000  0.000000  0.000000  1.000000  0.000000  0.000000  0.000000  1.000000  1.000000  0.000000  0.000000  0.000000  1.000000  0.000000  0.000000  0.000000  1.000000  0.000000  0.000000  
145.579147 -0.000830  0.087703  -0.013664  0.995318  0.066933  0.069729  -0.071430  0.995381  0.064136  -0.065114  -0.068817  0.995502  -0.000354  -0.002394  -0.001197  0.000000  0.000000  0.000000  2.000000  1.000000  0.000000  0.000000  0.000000  1.000000  0.000000  0.000000  0.000000  1.000000  0.999988  0.004371  0.002313  -0.004374  0.999990  0.001039  -0.002308  -0.001050  0.999997  1.000000  0.000000  0.000000  0.000000  1.000000  0.000000  0.000000  0.000000  1.000000  1.000000  0.000000  0.000000  0.000000  1.000000  0.000000  0.000000  0.000000  1.000000  0.000000  0.000000  
145.580388 -0.000830  0.087699  -0.013662  0.995256  0.067520  0.070042  -0.072043  0.995333  0.064195  -0.065381  -0.068936  0.995476  -0.000374  -0.002687  -0.000925  0.028989  -0.092307  0.172182  2.000000  1.000000  0.000065  0.000035  -0.000065  1.000000  0.000015  -0.000035  -0.000015  1.000000  0.999983  0.005163  0.002770  -0.005167  0.999986  0.001226  -0.002764  -0.001240  0.999995  1.000000  0.000065  0.000035  -0.000065  1.000000  0.000015  -0.000035  -0.000015  1.000000  1.000000  0.000065  0.000035  -0.000065  1.000000  0.000015  -0.000035  -0.000015  1.000000  0.000050  0.005988  
145.581641 -0.000831  0.087693  -0.013660  0.995188  0.068322  0.070236  -0.072862  0.995270  0.064248  -0.065514  -0.069057  0.995459  -0.000430  -0.003062  -0.000612  0.035580  -0.099412  0.200784  2.000000  1.000000  0.000341  0.000178  -0.000341  1.000000  0.000082  -0.000177  -0.000082  1.000000  0.999979  0.005769  0.002947  -0.005772  0.999982  0.001306  -0.002939  -0.001323  0.999995  1.000000  0.000072  0.000037  -0.000072  1.000000  0.000016  -0.000037  -0.000016  1.000000  1.000000  0.000341  0.000178  -0.000341  1.000000  0.000082  -0.000177  -0.000082  1.000000  0.000055  0.006610  
145.582641 -0.000833  0.087688  -0.013659  0.995149  0.068714  0.070404  -0.073271  0.995235  0.064330  -0.065648  -0.069177  0.995442  -0.000423  -0.003257  -0.000354  0.038750  -0.104850  0.214231  2.000000  1.000000  0.000644  0.000327  -0.000644  1.000000  0.000154  -0.000327  -0.000154  1.000000  0.999976  0.006169  0.003110  -0.006173  0.999980  0.001521  -0.003100  -0.001540  0.999994  1.000000  0.000077  0.000039  -0.000077  1.000000  0.000019  -0.000039  -0.000019  1.000000  1.000000  0.000644  0.000327  -0.000644  1.000000  0.000154  -0.000327  -0.000154  1.000000  0.000059  0.007076  
145.583890 -0.000835  0.087681  -0.013658  0.995104  0.069312  0.070460  -0.073886  0.995177  0.064528  -0.065648  -0.069418  0.995425  -0.000493  -0.003488  -0.000139  0.049649  -0.106296  0.234914  2.000000  0.999999  0.001053  0.000523  -0.001053  0.999999  0.000253  -0.000523  -0.000253  1.000000  0.999972  0.006783  0.003153  -0.006789  0.999975  0.001722  -0.003141  -0.001744  0.999994  1.000000  0.000085  0.000039  -0.000085  1.000000  0.000022  -0.000039  -0.000022  1.000000  0.999999  0.001053  0.000523  -0.001053  0.999999  0.000253  -0.000523  -0.000253  1.000000  0.000064  0.007678  
145.584890 -0.000835  0.087675  -0.013657  0.995064  0.069704  0.070628  -0.074295  0.995141  0.064610  -0.065781  -0.069538  0.995408  -0.000498  -0.003700  0.000064  0.052413  -0.110887  0.246467  2.000000  0.999999  0.001407  0.000685  -0.001408  0.999999  0.000346  -0.000685  -0.000347  1.000000  0.999969  0.007183  0.003317  -0.007189  0.999972  0.001937  -0.003303  -0.001961  0.999993  1.000000  0.000090  0.000041  -0.000090  1.000000  0.000024  -0.000041  -0.000024  1.000000  0.999999  0.001407  0.000685  -0.001408  0.999999  0.000346  -0.000685  -0.000347  1.000000  0.000068  0.008148  
145.585892 -0.000836  0.087668  -0.013658  0.995009  0.070283  0.070826  -0.074909  0.995075  0.064918  -0.065915  -0.069900  0.995374  -0.000528  -0.003915  0.000123  0.063692  -0.117700  0.268703  2.000000  0.999998  0.001787  0.000854  -0.001787  0.999998  0.000448  -0.000853  -0.000449  1.000000  0.999964  0.007788  0.003495  -0.007795  0.999967  0.002137  -0.003478  -0.002165  0.999992  1.000000  0.000097  0.000044  -0.000097  1.000000  0.000027  -0.000044  -0.000027  1.000000  0.999998  0.001787  0.000854  -0.001787  0.999998  0.000448  -0.000853  -0.000449  1.000000  0.000073  0.008803  
145.587142 -0.000837  0.087659  -0.013660  0.994945  0.070853  0.071158  -0.075522  0.995009  0.065217  -0.066182  -0.070261  0.995331  -0.000426  -0.004170  0.000148  0.078616  -0.128126  0.288715  2.000000  0.999997  0.002296  0.001079  -0.002297  0.999997  0.000594  -0.001077  -0.000596  0.999999  0.999960  0.008187  0.003660  -0.008196  0.999963  0.002473  -0.003639  -0.002503  0.999990  1.000000  0.000102  0.000046  -0.000102  1.000000  0.000031  -0.000046  -0.000031  1.000000  0.999997  0.002296  0.001079  -0.002297  0.999997  0.000594  -0.001077  -0.000596  0.999999  0.000079  0.009306  
145.588147 -0.000836  0.087652  -0.013662  0.994890  0.071441  0.071348  -0.076136  0.994950  0.065404  -0.066315  -0.070502  0.995305  -0.000382  -0.004454  0.000132  0.085393  -0.134056  0.309001  2.000000  0.999996  0.002719  0.001262  -0.002720  0.999996  0.000724  -0.001260  -0.000728  0.999999  0.999956  0.008595  0.003691  -0.008605  0.999959  0.002686  -0.003668  -0.002717  0.999990  1.000000  0.000108  0.000046  -0.000108  1.000000  0.000034  -0.000046  -0.000034  1.000000  0.999996  0.002719  0.001262  -0.002720  0.999996  0.000724  -0.001260  -0.000728  0.999999  0.000085  0.009737  
145.589149 -0.000837  0.087645  -0.013664  0.994841  0.071806  0.071667  -0.076544  0.994898  0.065716  -0.066582  -0.070863  0.995261  -0.000398  -0.004793  0.000041  0.096676  -0.144030  0.322108  2.000000  0.999994  0.003046  0.001401  -0.003047  0.999995  0.000831  -0.001399  -0.000835  0.999999  0.999954  0.008799  0.003708  -0.008810  0.999957  0.002913  -0.003682  -0.002946  0.999989  1.000000  0.000110  0.000046  -0.000110  1.000000  0.000037  -0.000046  -0.000037  1.000000  0.999994  0.003046  0.001401  -0.003047  0.999995  0.000831  -0.001399  -0.000835  0.999999  0.000091  0.009988  
145.590394 -0.000837  0.087635  -0.013668  0.994784  0.072385  0.071867  -0.077158  0.994830  0.066023  -0.066716  -0.071224  0.995227  -0.000408  -0.005208  -0.000121  0.111634  -0.150024  0.342511  2.000000  0.999992  0.003604  0.001628  -0.003606  0.999993  0.001025  -0.001625  -0.001031  0.999998  0.999953  0.009012  0.003593  -0.009023  0.999954  0.003261  -0.003564  -0.003293  0.999988  1.000000  0.000113  0.000045  -0.000113  1.000000  0.000041  -0.000045  -0.000041  1.000000  0.999992  0.003604  0.001628  -0.003606  0.999993  0.001025  -0.001625  -0.001031  0.999998  0.000096  0.010240  
145.591405 -0.000837  0.087628  -0.013671  0.994743  0.072759  0.072053  -0.077567  0.994777  0.066345  -0.066849  -0.071586  0.995192  -0.000408  -0.005525  -0.000292  0.122878  -0.155453  0.355762  2.000000  0.999990  0.004062  0.001807  -0.004065  0.999991  0.001186  -0.001802  -0.001193  0.999998  0.999949  0.009421  0.003625  -0.009432  0.999950  0.003232  -0.003594  -0.003266  0.999988  1.000000  0.000118  0.000045  -0.000118  1.000000  0.000041  -0.000045  -0.000041  1.000000  0.999990  0.004062  0.001807  -0.004065  0.999991  0.001186  -0.001802  -0.001193  0.999998  0.000102  0.010604  
145.592644 -0.000837  0.087617  -0.013676  0.994686  0.073337  0.072253  -0.078180  0.994709  0.066652  -0.066983  -0.071947  0.995157  -0.000453  -0.006031  -0.000687  0.133773  -0.161499  0.376195  2.000000  0.999988  0.004533  0.001988  -0.004536  0.999989  0.001360  -0.001982  -0.001369  0.999997  0.999949  0.009419  0.003628  -0.009432  0.999949  0.003473  -0.003595  -0.003507  0.999987  1.000000  0.000118  0.000045  -0.000118  1.000000  0.000044  -0.000045  -0.000044  1.000000  0.999988  0.004533  0.001988  -0.004536  0.999989  0.001360  -0.001982  -0.001369  0.999997  0.000106  0.010680  
145.593889 -0.000838  0.087607  -0.013680  0.994654  0.073721  0.072308  -0.078590  0.994654  0.066985  -0.066983  -0.072309  0.995130  -0.000531  -0.006445  -0.001047  0.149209  -0.162545  0.390035  2.000000  0.999984  0.005132  0.002216  -0.005136  0.999986  0.001584  -0.002208  -0.001595  0.999996  0.999947  0.009623  0.003646  -0.009636  0.999947  0.003580  -0.003611  -0.003615  0.999987  1.000000  0.000120  0.000045  -0.000120  1.000000  0.000045  -0.000045  -0.000045  1.000000  0.999984  0.005132  0.002216  -0.005136  0.999986  0.001584  -0.002208  -0.001595  0.999996  0.000112  0.010901  
145.594894 -0.000839  0.087598  -0.013684  0.994613  0.074103  0.072486  -0.078999  0.994608  0.067186  -0.067116  -0.072550  0.995104  -0.000603  -0.006794  -0.001390  0.156411  -0.168019  0.403411  2.000000  0.999981  0.005618  0.002400  -0.005623  0.999983  0.001767  -0.002390  -0.001780  0.999996  0.999945  0.009817  0.003797  -0.009831  0.999945  0.003686  -0.003760  -0.003724  0.999986  1.000000  0.000123  0.000047  -0.000123  1.000000  0.000046  -0.000047  -0.000046  1.000000  0.999981  0.005618  0.002400  -0.005623  0.999983  0.001767  -0.002390  -0.001780  0.999996  0.000116  0.011159  
145.596143 -0.000840  0.087588  -0.013687  0.994555  0.074690  0.072678  -0.079612  0.994547  0.067372  -0.067250  -0.072791  0.995077  -0.000608  -0.007172  -0.001770  0.163219  -0.174042  0.423826  2.000000  0.999977  0.006224  0.002637  -0.006229  0.999979  0.002001  -0.002625  -0.002017  0.999995  0.999947  0.009611  0.003785  -0.009625  0.999946  0.003820  -0.003748  -0.003857  0.999986  1.000000  0.000120  0.000047  -0.000120  1.000000  0.000048  -0.000047  -0.000048  1.000000  0.999977  0.006224  0.002637  -0.006229  0.999979  0.002001  -0.002625  -0.002017  0.999995  0.000119  0.011020  
145.597145 -0.000841  0.087579  -0.013690  0.994529  0.074867  0.072843  -0.079816  0.994516  0.067587  -0.067383  -0.073032  0.995051  -0.000588  -0.007480  -0.002103  0.167766  -0.173713  0.417093  2.000000  0.999974  0.006587  0.002778  -0.006593  0.999976  0.002143  -0.002764  -0.002162  0.999994  0.999947  0.009620  0.003653  -0.009634  0.999946  0.003820  -0.003616  -0.003855  0.999986  1.000000  0.000120  0.000045  -0.000120  1.000000  0.000048  -0.000045  -0.000048  1.000000  0.999974  0.006587  0.002778  -0.006593  0.999976  0.002143  -0.002764  -0.002162  0.999994  0.000120  0.010983  
145.598394 -0.000842  0.087569  -0.013693  0.994487  0.075249  0.073022  -0.080225  0.994469  0.067788  -0.067517  -0.073272  0.995024  -0.000533  -0.007719  -0.002425  0.175719  -0.164704  0.417486  2.000000  0.999970  0.007183  0.003008  -0.007190  0.999971  0.002388  -0.002991  -0.002410  0.999993  0.999949  0.009414  0.003640  -0.009428  0.999948  0.003953  -0.003603  -0.003987  0.999986  1.000000  0.000118  0.000045  -0.000118  1.000000  0.000050  -0.000045  -0.000050  1.000000  0.999970  0.007183  0.003008  -0.007190  0.999971  0.002388  -0.002991  -0.002410  0.999993  0.000120  0.010846  
145.599640 -0.000843  0.087558  -0.013697  0.994445  0.075640  0.073192  -0.080634  0.994431  0.067868  -0.067650  -0.073392  0.995006  -0.000527  -0.007905  -0.002659  0.171578  -0.160315  0.417822  2.000000  0.999965  0.007769  0.003225  -0.007777  0.999966  0.002639  -0.003204  -0.002664  0.999991  0.999952  0.009228  0.003361  -0.009241  0.999949  0.004087  -0.003323  -0.004118  0.999986  1.000000  0.000115  0.000042  -0.000115  1.000000  0.000051  -0.000042  -0.000051  1.000000  0.999965  0.007769  0.003225  -0.007777  0.999966  0.002639  -0.003204  -0.002664  0.999991  0.000122  0.010643  
145.600641 -0.000844  0.087549  -0.013699  0.994403  0.076022  0.073371  -0.081043  0.994384  0.068068  -0.067784  -0.073633  0.994979  -0.000540  -0.008010  -0.002784  0.175266  -0.160993  0.424975  2.000000  0.999960  0.008228  0.003388  -0.008237  0.999962  0.002845  -0.003365  -0.002872  0.999990  0.999952  0.009237  0.003230  -0.009250  0.999948  0.004207  -0.003191  -0.004237  0.999986  1.000000  0.000116  0.000040  -0.000116  1.000000  0.000053  -0.000040  -0.000053  1.000000  0.999960  0.008228  0.003388  -0.008237  0.999962  0.002845  -0.003365  -0.002872  0.999990  0.000123  0.010657  
145.601892 -0.000846  0.087539  -0.013703  0.994386  0.076209  0.073403  -0.081247  0.994351  0.068294  -0.067784  -0.073874  0.994961  -0.000641  -0.008111  -0.002928  0.179239  -0.156513  0.425078  2.000000  0.999955  0.008779  0.003581  -0.008791  0.999957  0.003113  -0.003554  -0.003144  0.999989  0.999958  0.008641  0.002920  -0.008654  0.999953  0.004371  -0.002882  -0.004396  0.999986  1.000000  0.000108  0.000036  -0.000108  1.000000  0.000055  -0.000036  -0.000055  1.000000  0.999955  0.008779  0.003581  -0.008791  0.999957  0.003113  -0.003554  -0.003144  0.999989  0.000121  0.010119  
145.603140 -0.000848  0.087529  -0.013706  0.994353  0.076591  0.073459  -0.081657  0.994295  0.068626  -0.067784  -0.074236  0.994934  -0.000775  -0.008217  -0.002987  0.181773  -0.155323  0.421453  2.000000  0.999950  0.009301  0.003762  -0.009314  0.999951  0.003388  -0.003730  -0.003423  0.999987  0.999962  0.008240  0.002758  -0.008252  0.999956  0.004399  -0.002722  -0.004421  0.999987  1.000000  0.000103  0.000034  -0.000103  1.000000  0.000055  -0.000034  -0.000055  1.000000  0.999950  0.009301  0.003762  -0.009314  0.999951  0.003388  -0.003730  -0.003423  0.999987  0.000121  0.009745  
145.604142 -0.000850  0.087521  -0.013710  0.994336  0.076778  0.073492  -0.081862  0.994263  0.068852  -0.067784  -0.074478  0.994916  -0.000882  -0.008242  -0.003057  0.185810  -0.155394  0.421409  2.000000  0.999946  0.009607  0.003866  -0.009621  0.999947  0.003560  -0.003832  -0.003597  0.999986  0.999964  0.008035  0.002745  -0.008047  0.999957  0.004655  -0.002707  -0.004677  0.999985  1.000000  0.000101  0.000034  -0.000101  1.000000  0.000058  -0.000034  -0.000058  1.000000  0.999946  0.009607  0.003866  -0.009621  0.999947  0.003560  -0.003832  -0.003597  0.999986  0.000120  0.009689  
145.605144 -0.000852  0.087513  -0.013714  0.994319  0.076965  0.073525  -0.082066  0.994230  0.069078  -0.067784  -0.074719  0.994898  -0.000988  -0.008265  -0.003127  0.188235  -0.151310  0.411411  2.000000  0.999942  0.010006  0.004005  -0.010021  0.999943  0.003795  -0.003967  -0.003835  0.999985  0.999966  0.007829  0.002733  -0.007842  0.999958  0.004791  -0.002695  -0.004812  0.999985  1.000000  0.000098  0.000034  -0.000098  1.000000  0.000060  -0.000034  -0.000060  1.000000  0.999942  0.010006  0.004005  -0.010021  0.999943  0.003795  -0.003967  -0.003835  0.999985  0.000119  0.009582  
145.606144 -0.000854  0.087505  -0.013717  0.994302  0.077152  0.073558  -0.082271  0.994197  0.069304  -0.067784  -0.074960  0.994880  -0.001159  -0.008306  -0.003127  0.191143  -0.145189  0.401461  2.000000  0.999939  0.010299  0.004103  -0.010315  0.999939  0.003976  -0.004062  -0.004018  0.999984  0.999966  0.007838  0.002601  -0.007851  0.999957  0.004912  -0.002562  -0.004932  0.999985  1.000000  0.000098  0.000032  -0.000098  1.000000  0.000062  -0.000032  -0.000062  1.000000  0.999939  0.010299  0.004103  -0.010315  0.999939  0.003976  -0.004062  -0.004018  0.999984  0.000118  0.009614  
145.607394 -0.000857  0.087493  -0.013724  0.994285  0.077330  0.073600  -0.082476  0.994156  0.069650  -0.067784  -0.075322  0.994853  -0.001368  -0.008374  -0.003259  0.200079  -0.135399  0.388398  2.000000  0.999933  0.010768  0.004262  -0.010786  0.999933  0.004277  -0.004215  -0.004323  0.999982  0.999969  0.007438  0.002439  -0.007450  0.999961  0.004819  -0.002403  -0.004837  0.999985  1.000000  0.000093  0.000030  -0.000093  1.000000  0.000060  -0.000030  -0.000060  1.000000  0.999933  0.010768  0.004262  -0.010786  0.999933  0.004277  -0.004215  -0.004323  0.999982  0.000115  0.009197  
145.608645 -0.000862  0.087482  -0.013732  0.994259  0.077507  0.073766  -0.082680  0.994124  0.069865  -0.067917  -0.075563  0.994825  -0.001630  -0.008452  -0.003517  0.206616  -0.126616  0.378443  2.000000  0.999927  0.011209  0.004408  -0.011229  0.999926  0.004577  -0.004356  -0.004626  0.999980  0.999974  0.006833  0.002262  -0.006843  0.999965  0.004860  -0.002228  -0.004875  0.999986  1.000000  0.000085  0.000028  -0.000085  1.000000  0.000061  -0.000028  -0.000061  1.000000  0.999927  0.011209  0.004408  -0.011229  0.999926  0.004577  -0.004356  -0.004626  0.999980  0.000113  0.008689  
145.609894 -0.000867  0.087469  -0.013741  0.994233  0.077674  0.073941  -0.082883  0.994084  0.070201  -0.068051  -0.075924  0.994789  -0.001889  -0.008622  -0.003854  0.213852  -0.120231  0.361981  2.000000  0.999922  0.011620  0.004544  -0.011642  0.999920  0.004873  -0.004487  -0.004926  0.999978  0.999978  0.006227  0.002084  -0.006237  0.999969  0.004780  -0.002054  -0.004793  0.999986  1.000000  0.000078  0.000026  -0.000078  1.000000  0.000060  -0.000026  -0.000060  1.000000  0.999922  0.011620  0.004544  -0.011642  0.999920  0.004873  -0.004487  -0.004926  0.999978  0.000110  0.008126  
145.611143 -0.000872  0.087457  -0.013749  0.994199  0.078057  0.073998  -0.083293  0.994026  0.070532  -0.068051  -0.076286  0.994761  -0.002113  -0.008697  -0.004147  0.222367  -0.110934  0.355800  2.000000  0.999917  0.012004  0.004666  -0.012028  0.999914  0.005162  -0.004604  -0.005218  0.999976  0.999980  0.006042  0.001803  -0.006050  0.999971  0.004552  -0.001776  -0.004562  0.999988  1.000000  0.000076  0.000022  -0.000076  1.000000  0.000057  -0.000022  -0.000057  1.000000  0.999917  0.012004  0.004666  -0.012028  0.999914  0.005162  -0.004604  -0.005218  0.999976  0.000108  0.007780  
145.612144 -0.000876  0.087448  -0.013757  0.994182  0.078243  0.074032  -0.083498  0.993993  0.070758  -0.068051  -0.076528  0.994742  -0.002318  -0.008759  -0.004455  0.225098  -0.106441  0.345257  2.000000  0.999914  0.012230  0.004736  -0.012255  0.999911  0.005337  -0.004670  -0.005395  0.999975  0.999980  0.006042  0.001805  -0.006050  0.999971  0.004673  -0.001776  -0.004684  0.999987  1.000000  0.000076  0.000022  -0.000076  1.000000  0.000058  -0.000022  -0.000058  1.000000  0.999914  0.012230  0.004736  -0.012255  0.999911  0.005337  -0.004670  -0.005395  0.999975  0.000107  0.007852  
145.613144 -0.000880  0.087438  -0.013764  0.994164  0.078439  0.074056  -0.083702  0.993968  0.070863  -0.068051  -0.076648  0.994733  -0.002599  -0.008843  -0.004754  0.225549  -0.105972  0.338340  2.000000  0.999910  0.012516  0.004820  -0.012543  0.999906  0.005565  -0.004750  -0.005625  0.999973  0.999983  0.005642  0.001641  -0.005649  0.999974  0.004458  -0.001616  -0.004468  0.999989  1.000000  0.000071  0.000020  -0.000071  1.000000  0.000056  -0.000020  -0.000056  1.000000  0.999910  0.012516  0.004820  -0.012543  0.999906  0.005565  -0.004750  -0.005625  0.999973  0.000106  0.007379  
145.614392 -0.000885  0.087427  -0.013772  0.994147  0.078617  0.074099  -0.083907  0.993926  0.071210  -0.068051  -0.077010  0.994705  -0.002785  -0.008857  -0.005070  0.232779  -0.099774  0.322344  2.000000  0.999905  0.012855  0.004916  -0.012884  0.999900  0.005842  -0.004841  -0.005905  0.999971  0.999984  0.005447  0.001494  -0.005454  0.999976  0.004351  -0.001470  -0.004359  0.999989  1.000000  0.000068  0.000019  -0.000068  1.000000  0.000054  -0.000019  -0.000054  1.000000  0.999905  0.012855  0.004916  -0.012884  0.999900  0.005842  -0.004841  -0.005905  0.999971  0.000103  0.007132  
145.615641 -0.000890  0.087417  -0.013779  0.994130  0.078803  0.074133  -0.084112  0.993892  0.071436  -0.068051  -0.077252  0.994687  -0.003071  -0.008825  -0.005397  0.227856  -0.094677  0.304559  2.000000  0.999902  0.013111  0.004992  -0.013142  0.999895  0.006063  -0.004912  -0.006128  0.999969  0.999987  0.004842  0.001315  -0.004848  0.999978  0.004515  -0.001293  -0.004521  0.999989  1.000000  0.000000  0.000000  0.000000  1.000000  0.000000  0.000000  0.000000  1.000000  0.999902  0.013111  0.004992  -0.013142  0.999895  0.006063  -0.004912  -0.006128  0.999969  0.000099  0.000000  
145.616893 -0.000896  0.087406  -0.013787  0.994104  0.078971  0.074309  -0.084315  0.993851  0.071771  -0.068184  -0.077613  0.994649  -0.003310  -0.008856  -0.005646  0.228708  -0.089273  0.291063  2.000000  0.999901  0.013174  0.005009  -0.013205  0.999894  0.006117  -0.004928  -0.006183  0.999969  0.999987  0.004842  0.001316  -0.004848  0.999979  0.004393  -0.001295  -0.004399  0.999989  1.000000  0.000000  0.000000  0.000000  1.000000  0.000000  0.000000  0.000000  1.000000  0.999901  0.013174  0.005009  -0.013205  0.999894  0.006117  -0.004928  -0.006183  0.999969  0.000097  0.000000  
145.617894 -0.000900  0.087399  -0.013792  0.994086  0.079166  0.074333  -0.084520  0.993826  0.071876  -0.068184  -0.077734  0.994640  -0.003499  -0.008838  -0.005824  0.225580  -0.083830  0.277656  2.000000  0.999901  0.013174  0.005009  -0.013205  0.999894  0.006117  -0.004928  -0.006183  0.999969  0.999989  0.004647  0.001168  -0.004653  0.999979  0.004407  -0.001147  -0.004412  0.999990  1.000000  0.000000  0.000000  0.000000  1.000000  0.000000  0.000000  0.000000  1.000000  0.999901  0.013174  0.005009  -0.013205  0.999894  0.006117  -0.004928  -0.006183  0.999969  0.000094  0.000000  
145.619142 -0.000905  0.087389  -0.013799  0.994069  0.079344  0.074377  -0.084725  0.993784  0.072222  -0.068184  -0.078096  0.994611  -0.003678  -0.008841  -0.005957  0.224149  -0.073832  0.269176  2.000000  0.999901  0.013174  0.005009  -0.013205  0.999894  0.006117  -0.004928  -0.006183  0.999969  0.999990  0.004453  0.001019  -0.004457  0.999980  0.004421  -0.001000  -0.004425  0.999990  1.000000  0.000000  0.000000  0.000000  1.000000  0.000000  0.000000  0.000000  1.000000  0.999901  0.013174  0.005009  -0.013205  0.999894  0.006117  -0.004928  -0.006183  0.999969  0.000090  0.000000  
145.620392 -0.000911  0.087380  -0.013804  0.994051  0.079530  0.074411  -0.084929  0.993750  0.072448  -0.068184  -0.078337  0.994592  -0.003938  -0.008784  -0.006059  0.220971  -0.068425  0.255780  2.000000  0.999901  0.013174  0.005009  -0.013205  0.999894  0.006117  -0.004928  -0.006183  0.999969  0.999991  0.004258  0.000871  -0.004262  0.999981  0.004556  -0.000852  -0.004560  0.999989  1.000000  0.000000  0.000000  0.000000  1.000000  0.000000  0.000000  0.000000  1.000000  0.999901  0.013174  0.005009  -0.013205  0.999894  0.006117  -0.004928  -0.006183  0.999969  0.000087  0.000000  
145.621649 -0.000917  0.087370  -0.013810  0.994034  0.079717  0.074446  -0.085134  0.993716  0.072674  -0.068184  -0.078578  0.994573  -0.004135  -0.008661  -0.005985  0.215824  -0.063638  0.244737  2.000000  0.999901  0.013174  0.005009  -0.013205  0.999894  0.006117  -0.004928  -0.006183  0.999969  0.999991  0.004064  0.000723  -0.004067  0.999982  0.004449  -0.000705  -0.004452  0.999990  1.000000  0.000000  0.000000  0.000000  1.000000  0.000000  0.000000  0.000000  1.000000  0.999901  0.013174  0.005009  -0.013205  0.999894  0.006117  -0.004928  -0.006183  0.999969  0.000084  0.000000  
145.622894 -0.000924  0.087362  -0.013814  0.994025  0.079923  0.074338  -0.085339  0.993689  0.072790  -0.068051  -0.078699  0.994573  -0.004315  -0.008454  -0.005832  0.208377  -0.053617  0.231374  2.000000  0.999901  0.013174  0.005009  -0.013205  0.999894  0.006117  -0.004928  -0.006183  0.999969  0.999992  0.003869  0.000574  -0.003872  0.999983  0.004464  -0.000557  -0.004466  0.999990  1.000000  0.000000  0.000000  0.000000  1.000000  0.000000  0.000000  0.000000  1.000000  0.999901  0.013174  0.005009  -0.013205  0.999894  0.006117  -0.004928  -0.006183  0.999969  0.000080  0.000000  
145.624146 -0.000930  0.087353  -0.013820  0.994008  0.080109  0.074372  -0.085544  0.993655  0.073016  -0.068051  -0.078941  0.994554  -0.004443  -0.008193  -0.005607  0.207088  -0.052703  0.222588  2.000000  0.999901  0.013174  0.005009  -0.013205  0.999894  0.006117  -0.004928  -0.006183  0.999969  0.999992  0.003869  0.000575  -0.003872  0.999983  0.004342  -0.000558  -0.004345  0.999990  1.000000  0.000000  0.000000  0.000000  1.000000  0.000000  0.000000  0.000000  1.000000  0.999901  0.013174  0.005009  -0.013205  0.999894  0.006117  -0.004928  -0.006183  0.999969  0.000078  0.000000  
145.625391 -0.000937  0.087345  -0.013825  0.993981  0.080285  0.074539  -0.085748  0.993622  0.073230  -0.068184  -0.079181  0.994526  -0.004523  -0.007939  -0.005393  0.203478  -0.052249  0.215743  2.000000  0.999901  0.013174  0.005009  -0.013205  0.999894  0.006117  -0.004928  -0.006183  0.999969  0.999992  0.003858  0.000709  -0.003861  0.999984  0.004221  -0.000693  -0.004223  0.999991  1.000000  0.000000  0.000000  0.000000  1.000000  0.000000  0.000000  0.000000  1.000000  0.999901  0.013174  0.005009  -0.013205  0.999894  0.006117  -0.004928  -0.006183  0.999969  0.000076  0.000000  
145.626391 -0.000942  0.087338  -0.013830  0.993963  0.080472  0.074574  -0.085953  0.993588  0.073456  -0.068184  -0.079423  0.994506  -0.004606  -0.007778  -0.005262  0.205681  -0.047739  0.211041  2.000000  0.999901  0.013174  0.005009  -0.013205  0.999894  0.006117  -0.004928  -0.006183  0.999969  0.999994  0.003449  0.000677  -0.003452  0.999986  0.004128  -0.000663  -0.004130  0.999991  1.000000  0.000000  0.000000  0.000000  1.000000  0.000000  0.000000  0.000000  1.000000  0.999901  0.013174  0.005009  -0.013205  0.999894  0.006117  -0.004928  -0.006183  0.999969  0.000073  0.000000  
145.627643 -0.000948  0.087330  -0.013836  0.993954  0.080443  0.074726  -0.085952  0.993571  0.073686  -0.068318  -0.079663  0.994478  -0.004649  -0.007499  -0.005054  0.206520  -0.042235  0.197545  2.000000  0.999901  0.013174  0.005009  -0.013205  0.999894  0.006117  -0.004928  -0.006183  0.999969  0.999994  0.003438  0.000811  -0.003441  0.999986  0.004006  -0.000798  -0.004009  0.999992  1.000000  0.000000  0.000000  0.000000  1.000000  0.000000  0.000000  0.000000  1.000000  0.999901  0.013174  0.005009  -0.013205  0.999894  0.006117  -0.004928  -0.006183  0.999969  0.000072  0.000000  
145.628894 -0.000954  0.087322  -0.013843  0.993936  0.080629  0.074761  -0.086156  0.993536  0.073911  -0.068318  -0.079904  0.994459  -0.004707  -0.007276  -0.004914  0.207454  -0.036740  0.184119  2.000000  0.999901  0.013174  0.005009  -0.013205  0.999894  0.006117  -0.004928  -0.006183  0.999969  0.999994  0.003448  0.000679  -0.003451  0.999986  0.004127  -0.000665  -0.004129  0.999991  1.000000  0.000000  0.000000  0.000000  1.000000  0.000000  0.000000  0.000000  1.000000  0.999901  0.013174  0.005009  -0.013205  0.999894  0.006117  -0.004928  -0.006183  0.999969  0.000071  0.000000  
145.630141 -0.000958  0.087315  -0.013849  0.993910  0.080805  0.074928  -0.086360  0.993503  0.074126  -0.068451  -0.080145  0.994430  -0.004712  -0.007081  -0.004814  0.209787  -0.040919  0.182262  2.000000  0.999901  0.013174  0.005009  -0.013205  0.999894  0.006117  -0.004928  -0.006183  0.999969  0.999994  0.003448  0.000680  -0.003451  0.999986  0.004005  -0.000666  -0.004008  0.999992  1.000000  0.000000  0.000000  0.000000  1.000000  0.000000  0.000000  0.000000  1.000000  0.999901  0.013174  0.005009  -0.013205  0.999894  0.006117  -0.004928  -0.006183  0.999969  0.000070  0.000000  
145.631391 -0.000963  0.087307  -0.013856  0.993910  0.080778  0.074957  -0.086360  0.993476  0.074487  -0.068451  -0.080507  0.994401  -0.004698  -0.006860  -0.004751  0.212461  -0.035774  0.170342  2.000000  0.999901  0.013174  0.005009  -0.013205  0.999894  0.006117  -0.004928  -0.006183  0.999969  0.999995  0.003243  0.000665  -0.003246  0.999987  0.004019  -0.000651  -0.004022  0.999992  1.000000  0.000000  0.000000  0.000000  1.000000  0.000000  0.000000  0.000000  1.000000  0.999901  0.013174  0.005009  -0.013205  0.999894  0.006117  -0.004928  -0.006183  0.999969  0.000068  0.000000  
145.632640 -0.000968  0.087300  -0.013863  0.993883  0.080954  0.075125  -0.086564  0.993442  0.074701  -0.068585  -0.080747  0.994372  -0.004616  -0.006722  -0.004761  0.212434  -0.040296  0.169970  2.000000  0.999901  0.013174  0.005009  -0.013205  0.999894  0.006117  -0.004928  -0.006183  0.999969  0.999995  0.003028  0.000782  -0.003031  0.999987  0.004033  -0.000770  -0.004036  0.999992  1.000000  0.000000  0.000000  0.000000  1.000000  0.000000  0.000000  0.000000  1.000000  0.999901  0.013174  0.005009  -0.013205  0.999894  0.006117  -0.004928  -0.006183  0.999969  0.000069  0.000000  
145.633890 -0.000972  0.087292  -0.013869  0.993883  0.080935  0.075144  -0.086564  0.993424  0.074942  -0.068585  -0.080988  0.994353  -0.004542  -0.006566  -0.004733  0.209331  -0.039277  0.156216  2.000000  0.999901  0.013174  0.005009  -0.013205  0.999894  0.006117  -0.004928  -0.006183  0.999969  0.999996  0.002823  0.000767  -0.002826  0.999988  0.004047  -0.000755  -0.004050  0.999992  1.000000  0.000000  0.000000  0.000000  1.000000  0.000000  0.000000  0.000000  1.000000  0.999901  0.013174  0.005009  -0.013205  0.999894  0.006117  -0.004928  -0.006183  0.999969  0.000067  0.000000  
145.634891 -0.000975  0.087286  -0.013873  0.993874  0.080906  0.075297  -0.086563  0.993406  0.075172  -0.068718  -0.081229  0.994324  -0.004465  -0.006460  -0.004696  0.207563  -0.043432  0.154546  2.000000  0.999901  0.013174  0.005009  -0.013205  0.999894  0.006117  -0.004928  -0.006183  0.999969  0.999996  0.002607  0.000884  -0.002610  0.999988  0.004061  -0.000873  -0.004064  0.999991  1.000000  0.000000  0.000000  0.000000  1.000000  0.000000  0.000000  0.000000  1.000000  0.999901  0.013174  0.005009  -0.013205  0.999894  0.006117  -0.004928  -0.006183  0.999969  0.000066  0.000000  
145.635892 -0.000979  0.087280  -0.013877  0.993856  0.081092  0.075332  -0.086768  0.993371  0.075397  -0.068718  -0.081470  0.994304  -0.004347  -0.006393  -0.004713  0.208163  -0.042959  0.147803  2.000000  0.999901  0.013174  0.005009  -0.013205  0.999894  0.006117  -0.004928  -0.006183  0.999969  0.999996  0.002607  0.000885  -0.002610  0.999988  0.004061  -0.000874  -0.004064  0.999991  1.000000  0.000000  0.000000  0.000000  1.000000  0.000000  0.000000  0.000000  1.000000  0.999901  0.013174  0.005009  -0.013205  0.999894  0.006117  -0.004928  -0.006183  0.999969  0.000066  0.000000  
145.637142 -0.000983  0.087272  -0.013881  0.993847  0.081063  0.075484  -0.086767  0.993354  0.075626  -0.068852  -0.081711  0.994275  -0.004213  -0.006336  -0.004627  0.206183  -0.047283  0.141713  2.000000  0.999901  0.013174  0.005009  -0.013205  0.999894  0.006117  -0.004928  -0.006183  0.999969  0.999997  0.002402  0.000868  -0.002405  0.999989  0.004075  -0.000859  -0.004077  0.999991  1.000000  0.000000  0.000000  0.000000  1.000000  0.000000  0.000000  0.000000  1.000000  0.999901  0.013174  0.005009  -0.013205  0.999894  0.006117  -0.004928  -0.006183  0.999969  0.000064  0.000000  
145.638144 -0.000986  0.087266  -0.013884  0.993847  0.081045  0.075504  -0.086767  0.993336  0.075867  -0.068852  -0.081952  0.994255  -0.004034  -0.006251  -0.004561  0.208951  -0.041924  0.134039  2.000000  0.999901  0.013174  0.005009  -0.013205  0.999894  0.006117  -0.004928  -0.006183  0.999969  0.999997  0.002197  0.000852  -0.002200  0.999989  0.004089  -0.000843  -0.004091  0.999991  1.000000  0.000000  0.000000  0.000000  1.000000  0.000000  0.000000  0.000000  1.000000  0.999901  0.013174  0.005009  -0.013205  0.999894  0.006117  -0.004928  -0.006183  0.999969  0.000063  0.000000  
145.639147 -0.000989  0.087261  -0.013886  0.993837  0.081016  0.075656  -0.086766  0.993318  0.076097  -0.068985  -0.082192  0.994226  -0.003912  -0.006174  -0.004443  0.207062  -0.041766  0.128254  2.000000  0.999901  0.013174  0.005009  -0.013205  0.999894  0.006117  -0.004928  -0.006183  0.999969  0.999998  0.001981  0.000969  -0.001985  0.999990  0.003982  -0.000961  -0.003984  0.999992  1.000000  0.000000  0.000000  0.000000  1.000000  0.000000  0.000000  0.000000  1.000000  0.999901  0.013174  0.005009  -0.013205  0.999894  0.006117  -0.004928  -0.006183  0.999969  0.000061  0.000000  
145.640399 -0.000993  0.087254  -0.013890  0.993837  0.080997  0.075675  -0.086766  0.993300  0.076338  -0.068985  -0.082433  0.994206  -0.003691  -0.006050  -0.004263  0.203448  -0.041254  0.121353  2.000000  0.999901  0.013174  0.005009  -0.013205  0.999894  0.006117  -0.004928  -0.006183  0.999969  0.999998  0.001776  0.000952  -0.001780  0.999990  0.003996  -0.000945  -0.003998  0.999992  1.000000  0.000000  0.000000  0.000000  1.000000  0.000000  0.000000  0.000000  1.000000  0.999901  0.013174  0.005009  -0.013205  0.999894  0.006117  -0.004928  -0.006183  0.999969  0.000060  0.000000  
