1-Time 2-Px 3-Py 4-Pz 5-R11 6-R21 7-R31 8-R12 9-R22 10-R32 11-R13 12-R23 13-R33 14-Vx 15-Vy 16-Vz 17-Wx 18-Wy 19-Wz 20-state 21-PR11 22-PR21 23-PR31 24-PR12 25-PR22 26-PR32 27-PR13 28-PR23 29-PR33 
25.752997 0.002604  0.089110  -0.011779  0.988864  -0.024441  0.146804  0.017102  0.998550  0.051046  -0.147839  -0.047967  0.987848  0.001312  0.001083  0.001615  0.000000  0.000000  0.000000  2.000000  1.000000  0.000000  0.000000  0.000000  1.000000  0.000000  0.000000  0.000000  1.000000  1.000000  -0.000210  0.000124  0.000210  1.000000  -0.000091  -0.000124  0.000091  1.000000  1.000000  0.000000  0.000000  0.000000  1.000000  0.000000  0.000000  0.000000  1.000000  0.675293  0.678489  -0.289193  -0.670053  0.728232  0.143903  0.308236  0.096598  0.946393  0.000000  0.000000  
25.754003 0.002605  0.089110  -0.011778  0.988864  -0.024459  0.146801  0.017102  0.998544  0.051167  -0.147839  -0.048087  0.987842  0.001236  0.001035  0.001611  0.000000  0.000000  0.000000  2.000000  1.000000  0.000000  0.000000  0.000000  1.000000  0.000000  0.000000  0.000000  1.000000  1.000000  -0.000210  0.000124  0.000210  1.000000  0.000030  -0.000124  -0.000030  1.000000  1.000000  0.000000  0.000000  0.000000  1.000000  0.000000  0.000000  0.000000  1.000000  1.000000  0.000000  0.000000  0.000000  1.000000  0.000000  0.000000  0.000000  1.000000  0.000000  0.000000  
25.755004 0.002604  0.089108  -0.011779  0.988824  -0.024472  0.147065  0.017102  0.998543  0.051172  -0.148103  -0.048085  0.987802  0.001048  0.000827  0.001415  0.000000  0.000000  0.000000  2.000000  1.000000  0.000000  0.000000  0.000000  1.000000  0.000000  0.000000  0.000000  1.000000  1.000000  -0.000216  0.000257  0.000216  1.000000  0.000030  -0.000257  -0.000030  1.000000  1.000000  0.000000  0.000000  0.000000  1.000000  0.000000  0.000000  0.000000  1.000000  1.000000  0.000000  0.000000  0.000000  1.000000  0.000000  0.000000  0.000000  1.000000  0.000000  0.000000  
25.756254 0.002603  0.089105  -0.011784  0.988725  -0.024522  0.147723  0.017100  0.998537  0.051304  -0.148765  -0.048200  0.987697  0.000848  0.000498  0.000954  0.000000  0.000000  0.000000  2.000000  1.000000  0.000000  0.000000  0.000000  1.000000  0.000000  0.000000  0.000000  1.000000  1.000000  -0.000249  0.000926  0.000249  1.000000  0.000152  -0.000926  -0.000152  1.000000  1.000000  0.000000  0.000000  0.000000  1.000000  0.000000  0.000000  0.000000  1.000000  1.000000  0.000000  0.000000  0.000000  1.000000  0.000000  0.000000  0.000000  1.000000  0.000000  0.000000  
25.757504 0.002602  0.089101  -0.011788  0.988625  -0.024572  0.148381  0.017098  0.998530  0.051437  -0.149427  -0.048315  0.987592  0.000664  0.000121  0.000513  0.000000  0.000000  0.000000  2.000000  1.000000  0.000000  0.000000  0.000000  1.000000  0.000000  0.000000  0.000000  1.000000  0.999999  -0.000275  0.001460  0.000275  1.000000  0.000273  -0.001460  -0.000273  0.999999  1.000000  0.000000  0.000000  0.000000  1.000000  0.000000  0.000000  0.000000  1.000000  1.000000  0.000000  0.000000  0.000000  1.000000  0.000000  0.000000  0.000000  1.000000  0.000000  0.000000  
25.758753 0.002603  0.089097  -0.011792  0.988525  -0.024622  0.149038  0.017096  0.998523  0.051569  -0.150088  -0.048430  0.987486  0.000542  -0.000205  0.000110  0.000000  0.000000  0.000000  2.000000  1.000000  0.000000  0.000000  0.000000  1.000000  0.000000  0.000000  0.000000  1.000000  0.999998  -0.000105  0.002138  0.000104  1.000000  0.000364  -0.002138  -0.000364  0.999998  1.000000  0.000000  0.000000  0.000000  1.000000  0.000000  0.000000  0.000000  1.000000  1.000000  0.000000  0.000000  0.000000  1.000000  0.000000  0.000000  0.000000  1.000000  0.000000  0.000000  
25.759789 0.002603  0.089094  -0.011795  0.988461  -0.024866  0.149421  0.017299  0.998511  0.051728  -0.150485  -0.048546  0.987420  0.000486  -0.000525  -0.000200  0.000000  0.000000  0.000000  2.000000  1.000000  0.000000  0.000000  0.000000  1.000000  0.000000  0.000000  0.000000  1.000000  0.999997  -0.000328  0.002529  0.000327  1.000000  0.000516  -0.002529  -0.000515  0.999997  1.000000  0.000000  0.000000  0.000000  1.000000  0.000000  0.000000  0.000000  1.000000  1.000000  0.000000  0.000000  0.000000  1.000000  0.000000  0.000000  0.000000  1.000000  0.000000  0.000000  
25.760999 0.002604  0.089090  -0.011800  0.988393  -0.025314  0.149793  0.017705  0.998494  0.051918  -0.150882  -0.048663  0.987353  0.000415  -0.000820  -0.000646  0.000000  0.000000  0.000000  2.000000  1.000000  0.000000  0.000000  0.000000  1.000000  0.000000  0.000000  0.000000  1.000000  0.999995  -0.000755  0.002910  0.000753  0.999999  0.000700  -0.002910  -0.000698  0.999996  1.000000  0.000000  0.000000  0.000000  1.000000  0.000000  0.000000  0.000000  1.000000  1.000000  0.000000  0.000000  0.000000  1.000000  0.000000  0.000000  0.000000  1.000000  0.000000  0.000000  
25.762007 0.002605  0.089088  -0.011803  0.988329  -0.025558  0.150175  0.017907  0.998483  0.052077  -0.151278  -0.048780  0.987287  0.000398  -0.001063  -0.001047  0.000000  0.000000  0.000000  2.000000  1.000000  0.000000  0.000000  0.000000  1.000000  0.000000  0.000000  0.000000  1.000000  0.999994  -0.000979  0.003301  0.000976  0.999999  0.000852  -0.003301  -0.000849  0.999994  1.000000  0.000000  0.000000  0.000000  1.000000  0.000000  0.000000  0.000000  1.000000  1.000000  0.000000  0.000000  0.000000  1.000000  0.000000  0.000000  0.000000  1.000000  0.000000  0.000000  
25.763007 0.002606  0.089086  -0.011806  0.988264  -0.025801  0.150558  0.018110  0.998471  0.052236  -0.151675  -0.048897  0.987220  0.000422  -0.001259  -0.001319  0.000000  0.000000  0.000000  2.000000  1.000000  0.000000  0.000000  0.000000  1.000000  0.000000  0.000000  0.000000  1.000000  0.999992  -0.001202  0.003691  0.001198  0.999999  0.001005  -0.003693  -0.001001  0.999993  1.000000  0.000000  0.000000  0.000000  1.000000  0.000000  0.000000  0.000000  1.000000  1.000000  0.000000  0.000000  0.000000  1.000000  0.000000  0.000000  0.000000  1.000000  0.000000  0.000000  
25.764008 0.002607  0.089084  -0.011808  0.988159  -0.026039  0.151207  0.018311  0.998465  0.052279  -0.152336  -0.048892  0.987119  0.000397  -0.001498  -0.001528  0.000000  0.000000  0.000000  2.000000  1.000000  0.000000  0.000000  0.000000  1.000000  0.000000  0.000000  0.000000  1.000000  0.999990  -0.001439  0.004349  0.001434  0.999998  0.001038  -0.004351  -0.001031  0.999990  1.000000  0.000000  0.000000  0.000000  1.000000  0.000000  0.000000  0.000000  1.000000  1.000000  0.000000  0.000000  0.000000  1.000000  0.000000  0.000000  0.000000  1.000000  0.000000  0.000000  
25.765258 0.002609  0.089080  -0.011809  0.988029  -0.026490  0.151978  0.018716  0.998453  0.052357  -0.153130  -0.048886  0.986996  0.000511  -0.001817  -0.001759  0.037894  -0.181084  -0.070514  2.000000  1.000000  -0.000131  0.000027  0.000131  1.000000  0.000027  -0.000027  -0.000027  1.000000  0.999985  -0.001682  0.005141  0.001676  0.999998  0.001070  -0.005143  -0.001062  0.999986  1.000000  -0.000066  0.000014  0.000066  1.000000  0.000013  -0.000014  -0.000013  1.000000  1.000000  -0.000131  0.000027  0.000131  1.000000  0.000027  -0.000027  -0.000027  1.000000  0.000048  0.005513  
25.766510 0.002613  0.089077  -0.011810  0.987861  -0.026729  0.153027  0.018916  0.998453  0.052287  -0.154187  -0.048758  0.986838  0.000622  -0.002158  -0.001946  0.034892  -0.216655  -0.079083  2.000000  1.000000  -0.000501  0.000097  0.000501  1.000000  0.000093  -0.000097  -0.000093  1.000000  0.999979  -0.002134  0.006057  0.002128  0.999997  0.001014  -0.006059  -0.001001  0.999981  1.000000  -0.000079  0.000015  0.000079  1.000000  0.000013  -0.000015  -0.000013  1.000000  1.000000  -0.000501  0.000097  0.000501  1.000000  0.000093  -0.000097  -0.000093  1.000000  0.000056  0.006500  
25.767511 0.002615  0.089074  -0.011810  0.987749  -0.027154  0.153668  0.019321  0.998448  0.052242  -0.154848  -0.048633  0.986740  0.000735  -0.002420  -0.002095  0.032936  -0.233938  -0.093598  2.000000  1.000000  -0.000843  0.000164  0.000843  1.000000  0.000143  -0.000164  -0.000143  1.000000  0.999974  -0.002376  0.006848  0.002370  0.999997  0.000926  -0.006851  -0.000910  0.999976  1.000000  -0.000089  0.000017  0.000089  1.000000  0.000011  -0.000017  -0.000011  1.000000  1.000000  -0.000843  0.000164  0.000843  1.000000  0.000143  -0.000164  -0.000143  1.000000  0.000062  0.007307  
25.768759 0.002615  0.089070  -0.011811  0.987596  -0.027592  0.154574  0.019724  0.998442  0.052203  -0.155774  -0.048506  0.986601  0.000731  -0.002755  -0.002232  0.031001  -0.264720  -0.108778  2.000000  0.999999  -0.001231  0.000232  0.001231  0.999999  0.000190  -0.000232  -0.000189  1.000000  0.999966  -0.002828  0.007764  0.002821  0.999996  0.000871  -0.007766  -0.000849  0.999969  1.000000  -0.000102  0.000018  0.000102  1.000000  0.000011  -0.000018  -0.000011  1.000000  0.999999  -0.001231  0.000232  0.001231  0.999999  0.000190  -0.000232  -0.000189  1.000000  0.000070  0.008308  
25.770008 0.002615  0.089064  -0.011812  0.987462  -0.028023  0.155348  0.020128  0.998436  0.052161  -0.156567  -0.048380  0.986482  0.000755  -0.002950  -0.002185  0.029071  -0.291010  -0.123733  2.000000  0.999998  -0.001775  0.000314  0.001775  0.999998  0.000245  -0.000315  -0.000245  1.000000  0.999958  -0.003476  0.008536  0.003468  0.999994  0.000970  -0.008539  -0.000940  0.999963  1.000000  -0.000114  0.000016  0.000114  1.000000  0.000012  -0.000016  -0.000012  1.000000  0.999998  -0.001775  0.000314  0.001775  0.999998  0.000245  -0.000315  -0.000245  1.000000  0.000078  0.009266  
25.771059 0.002614  0.089060  -0.011815  0.987345  -0.028672  0.155975  0.020736  0.998418  0.052271  -0.157227  -0.048375  0.986377  0.000737  -0.003079  -0.002078  0.032218  -0.311924  -0.145059  2.000000  0.999997  -0.002255  0.000375  0.002255  0.999997  0.000295  -0.000376  -0.000294  1.000000  0.999950  -0.003916  0.009184  0.003907  0.999992  0.001037  -0.009188  -0.001001  0.999957  1.000000  -0.000124  0.000015  0.000124  1.000000  0.000013  -0.000015  -0.000013  1.000000  0.999997  -0.002255  0.000375  0.002255  0.999997  0.000295  -0.000376  -0.000294  1.000000  0.000085  0.010036  
25.772256 0.002613  0.089054  -0.011819  0.987184  -0.029315  0.156870  0.021343  0.998405  0.052266  -0.158152  -0.048248  0.986235  0.000744  -0.003192  -0.002112  0.030378  -0.343264  -0.160483  2.000000  0.999996  -0.002785  0.000427  0.002785  0.999996  0.000345  -0.000428  -0.000344  1.000000  0.999940  -0.004564  0.009956  0.004554  0.999989  0.001016  -0.009961  -0.000971  0.999950  1.000000  -0.000136  0.000013  0.000136  1.000000  0.000012  -0.000013  -0.000012  1.000000  0.999996  -0.002785  0.000427  0.002785  0.999996  0.000345  -0.000428  -0.000344  1.000000  0.000092  0.010998  
25.773504 0.002613  0.089048  -0.011825  0.987027  -0.029771  0.157772  0.021746  0.998392  0.052351  -0.159077  -0.048241  0.986087  0.000734  -0.003302  -0.002240  0.032570  -0.374055  -0.175673  2.000000  0.999994  -0.003510  0.000488  0.003510  0.999994  0.000411  -0.000489  -0.000410  1.000000  0.999927  -0.005220  0.010861  0.005208  0.999986  0.001118  -0.010867  -0.001062  0.999940  1.000000  -0.000150  0.000011  0.000150  1.000000  0.000014  -0.000011  -0.000014  1.000000  0.999994  -0.003510  0.000488  0.003510  0.999994  0.000411  -0.000489  -0.000410  1.000000  0.000102  0.012100  
25.774753 0.002613  0.089043  -0.011833  0.986842  -0.030459  0.158791  0.022352  0.998366  0.052594  -0.160134  -0.048352  0.985910  0.000691  -0.003401  -0.002523  0.039932  -0.409026  -0.197947  2.000000  0.999991  -0.004304  0.000550  0.004303  0.999991  0.000478  -0.000552  -0.000475  1.000000  0.999913  -0.005679  0.011910  0.005667  0.999983  0.001068  -0.011916  -0.001001  0.999929  1.000000  -0.000164  0.000013  0.000164  1.000000  0.000013  -0.000013  -0.000013  1.000000  0.999991  -0.004304  0.000550  0.004303  0.999991  0.000478  -0.000552  -0.000475  1.000000  0.000111  0.013236  
25.775781 0.002614  0.089038  -0.011842  0.986683  -0.030915  0.159693  0.022755  0.998352  0.052680  -0.161058  -0.048345  0.985760  0.000683  -0.003519  -0.002872  0.042114  -0.439403  -0.212935  2.000000  0.999987  -0.004988  0.000598  0.004987  0.999987  0.000538  -0.000601  -0.000535  1.000000  0.999902  -0.006120  0.012557  0.006104  0.999981  0.001261  -0.012565  -0.001184  0.999920  1.000000  -0.000174  0.000012  0.000174  1.000000  0.000015  -0.000012  -0.000015  1.000000  0.999987  -0.004988  0.000598  0.004987  0.999987  0.000538  -0.000601  -0.000535  1.000000  0.000120  0.014023  
25.777004 0.002615  0.089033  -0.011856  0.986479  -0.031404  0.160854  0.023156  0.998332  0.052895  -0.162246  -0.048455  0.985560  0.000680  -0.003670  -0.003511  0.048487  -0.479518  -0.228757  2.000000  0.999983  -0.005713  0.000639  0.005713  0.999984  0.000600  -0.000642  -0.000596  1.000000  0.999890  -0.006764  0.013194  0.006746  0.999976  0.001368  -0.013203  -0.001278  0.999912  1.000000  -0.000185  0.000009  0.000185  1.000000  0.000017  -0.000009  -0.000017  1.000000  0.999983  -0.005713  0.000639  0.005713  0.999984  0.000600  -0.000642  -0.000596  1.000000  0.000131  0.014886  
25.778258 0.002616  0.089027  -0.011871  0.986268  -0.032079  0.162007  0.023761  0.998311  0.053023  -0.163434  -0.048445  0.985364  0.000655  -0.003893  -0.004345  0.051837  -0.518899  -0.251175  2.000000  0.999978  -0.006665  0.000681  0.006664  0.999978  0.000682  -0.000686  -0.000678  1.000000  0.999880  -0.007196  0.013708  0.007178  0.999973  0.001321  -0.013717  -0.001223  0.999905  1.000000  -0.000193  0.000008  0.000193  1.000000  0.000016  -0.000008  -0.000016  1.000000  0.999978  -0.006665  0.000681  0.006664  0.999978  0.000682  -0.000686  -0.000678  1.000000  0.000142  0.015535  
25.779259 0.002616  0.089022  -0.011884  0.986132  -0.032343  0.162783  0.023961  0.998297  0.053196  -0.164226  -0.048558  0.985227  0.000595  -0.004103  -0.005129  0.061155  -0.545469  -0.259285  2.000000  0.999972  -0.007461  0.000698  0.007460  0.999972  0.000751  -0.000704  -0.000746  0.999999  0.999870  -0.007827  0.014077  0.007807  0.999969  0.001429  -0.014088  -0.001318  0.999900  1.000000  -0.000201  0.000003  0.000201  1.000000  0.000017  -0.000003  -0.000017  1.000000  0.999972  -0.007461  0.000698  0.007460  0.999972  0.000751  -0.000704  -0.000746  0.999999  0.000151  0.016166  
25.780508 0.002617  0.089015  -0.011900  0.985940  -0.033031  0.163800  0.024565  0.998269  0.053444  -0.165282  -0.048669  0.985045  0.000485  -0.004312  -0.006061  0.068599  -0.580332  -0.281510  2.000000  0.999964  -0.008485  0.000718  0.008484  0.999964  0.000837  -0.000725  -0.000831  0.999999  0.999861  -0.008057  0.014601  0.008037  0.999967  0.001470  -0.014612  -0.001353  0.999892  1.000000  -0.000208  0.000004  0.000208  1.000000  0.000018  -0.000004  -0.000018  1.000000  0.999964  -0.008485  0.000718  0.008484  0.999964  0.000837  -0.000725  -0.000831  0.999999  0.000161  0.016737  
25.781758 0.002618  0.089008  -0.011916  0.985748  -0.033700  0.164821  0.025170  0.998247  0.053572  -0.166338  -0.048660  0.984867  0.000296  -0.004560  -0.007187  0.071999  -0.615296  -0.303740  2.000000  0.999954  -0.009540  0.000742  0.009539  0.999954  0.000920  -0.000750  -0.000913  0.999999  0.999855  -0.008077  0.015001  0.008057  0.999967  0.001356  -0.015012  -0.001235  0.999887  1.000000  -0.000213  0.000006  0.000213  1.000000  0.000016  -0.000006  -0.000016  1.000000  0.999954  -0.009540  0.000742  0.009539  0.999954  0.000920  -0.000750  -0.000913  0.999999  0.000170  0.017087  
25.783007 0.002619  0.089000  -0.011932  0.985559  -0.034163  0.165853  0.025571  0.998231  0.053668  -0.167393  -0.048652  0.984689  0.000262  -0.004790  -0.008118  0.074398  -0.651176  -0.319429  2.000000  0.999943  -0.010630  0.000770  0.010630  0.999943  0.000998  -0.000780  -0.000989  0.999999  0.999843  -0.008509  0.015515  0.008490  0.999963  0.001312  -0.015526  -0.001180  0.999879  1.000000  -0.000221  0.000005  0.000221  1.000000  0.000016  -0.000005  -0.000016  1.000000  0.999943  -0.010630  0.000770  0.010630  0.999943  0.000998  -0.000780  -0.000989  0.999999  0.000180  0.017740  
25.784258 0.002620  0.088993  -0.011947  0.985368  -0.034626  0.166884  0.025972  0.998216  0.053764  -0.168448  -0.048643  0.984510  0.000322  -0.005024  -0.009193  0.072627  -0.681433  -0.334388  2.000000  0.999931  -0.011753  0.000811  0.011753  0.999930  0.001069  -0.000824  -0.001059  0.999999  0.999835  -0.008535  0.016050  0.008516  0.999963  0.001199  -0.016059  -0.001062  0.999870  1.000000  -0.000227  0.000008  0.000227  1.000000  0.000014  -0.000008  -0.000014  1.000000  0.999931  -0.011753  0.000811  0.011753  0.999930  0.001069  -0.000824  -0.001059  0.999999  0.000190  0.018214  
25.785508 0.002621  0.088985  -0.011962  0.985149  -0.035281  0.168040  0.026575  0.998199  0.053778  -0.169635  -0.048513  0.984312  0.000444  -0.005169  -0.010032  0.068037  -0.702887  -0.355917  2.000000  0.999919  -0.012679  0.000843  0.012678  0.999919  0.001124  -0.000857  -0.001114  0.999999  0.999824  -0.008761  0.016575  0.008744  0.999961  0.001123  -0.016584  -0.000977  0.999862  1.000000  -0.000234  0.000009  0.000234  1.000000  0.000013  -0.000009  -0.000013  1.000000  0.999919  -0.012679  0.000843  0.012678  0.999919  0.001124  -0.000857  -0.001114  0.999999  0.000196  0.018779  
25.786756 0.002623  0.088977  -0.011979  0.984933  -0.035730  0.169207  0.026975  0.998190  0.053758  -0.170822  -0.048384  0.984113  0.000661  -0.005298  -0.010903  0.062403  -0.720224  -0.370413  2.000000  0.999904  -0.013863  0.000882  0.013862  0.999903  0.001191  -0.000898  -0.001179  0.999999  0.999818  -0.008975  0.016833  0.008958  0.999959  0.001046  -0.016842  -0.000895  0.999858  1.000000  -0.000238  0.000008  0.000238  1.000000  0.000012  -0.000008  -0.000012  1.000000  0.999904  -0.013863  0.000882  0.013862  0.999903  0.001191  -0.000898  -0.001179  0.999999  0.000202  0.019102  
25.788002 0.002625  0.088969  -0.011997  0.984715  -0.036178  0.170374  0.027375  0.998180  0.053740  -0.172008  -0.048254  0.983913  0.000799  -0.005462  -0.011652  0.057407  -0.735622  -0.388730  2.000000  0.999886  -0.015063  0.000924  0.015062  0.999886  0.001261  -0.000942  -0.001247  0.999999  0.999816  -0.008980  0.016967  0.008961  0.999959  0.001177  -0.016977  -0.001025  0.999855  1.000000  -0.000240  0.000009  0.000240  1.000000  0.000014  -0.000009  -0.000014  1.000000  0.999886  -0.015063  0.000924  0.015062  0.999886  0.001261  -0.000942  -0.001247  0.999999  0.000207  0.019229  
25.789003 0.002627  0.088963  -0.012014  0.984571  -0.036422  0.171153  0.027574  0.998171  0.053797  -0.172799  -0.048248  0.983775  0.000918  -0.005550  -0.012400  0.054046  -0.750716  -0.392418  2.000000  0.999871  -0.016029  0.000956  0.016028  0.999871  0.001317  -0.000977  -0.001302  0.999999  0.999813  -0.008983  0.017101  0.008964  0.999959  0.001185  -0.017111  -0.001031  0.999853  1.000000  -0.000241  0.000010  0.000241  1.000000  0.000014  -0.000010  -0.000014  1.000000  0.999871  -0.016029  0.000956  0.016028  0.999871  0.001317  -0.000977  -0.001302  0.999999  0.000211  0.019350  
25.790253 0.002630  0.088957  -0.012036  0.984392  -0.037084  0.172040  0.028177  0.998147  0.053929  -0.173721  -0.048240  0.983613  0.001095  -0.005600  -0.013247  0.052026  -0.761754  -0.403644  2.000000  0.999851  -0.017232  0.001003  0.017231  0.999851  0.001397  -0.001027  -0.001379  0.999999  0.999813  -0.008982  0.017101  0.008959  0.999959  0.001435  -0.017114  -0.001282  0.999853  1.000000  -0.000241  0.000010  0.000241  1.000000  0.000017  -0.000010  -0.000017  1.000000  0.999851  -0.017232  0.001003  0.017231  0.999851  0.001397  -0.001027  -0.001379  0.999999  0.000216  0.019366  
25.791255 0.002632  0.088952  -0.012055  0.984264  -0.037527  0.172676  0.028579  0.998131  0.054019  -0.174380  -0.048234  0.983496  0.001201  -0.005633  -0.013886  0.048574  -0.776978  -0.407420  2.000000  0.999834  -0.018198  0.001044  0.018196  0.999833  0.001465  -0.001070  -0.001446  0.999998  0.999815  -0.008778  0.017112  0.008755  0.999961  0.001405  -0.017123  -0.001255  0.999853  1.000000  -0.000240  0.000012  0.000240  1.000000  0.000017  -0.000012  -0.000017  1.000000  0.999834  -0.018198  0.001044  0.018196  0.999833  0.001465  -0.001070  -0.001446  0.999998  0.000218  0.019279  
25.792506 0.002636  0.088947  -0.012080  0.984088  -0.037983  0.173574  0.028979  0.998114  0.054117  -0.175302  -0.048226  0.983333  0.001349  -0.005594  -0.014587  0.048444  -0.783963  -0.404687  2.000000  0.999816  -0.019163  0.001088  0.019162  0.999815  0.001536  -0.001117  -0.001515  0.999998  0.999815  -0.008777  0.017112  0.008752  0.999961  0.001532  -0.017125  -0.001382  0.999852  1.000000  -0.000240  0.000012  0.000240  1.000000  0.000018  -0.000012  -0.000018  1.000000  0.999816  -0.019163  0.001088  0.019162  0.999815  0.001536  -0.001117  -0.001515  0.999998  0.000221  0.019288  
25.793753 0.002640  0.088942  -0.012107  0.983929  -0.038638  0.174330  0.029583  0.998089  0.054248  -0.176093  -0.048219  0.983192  0.001563  -0.005515  -0.015299  0.046925  -0.787768  -0.418455  2.000000  0.999792  -0.020369  0.001144  0.020367  0.999791  0.001630  -0.001177  -0.001606  0.999998  0.999813  -0.008979  0.017102  0.008953  0.999959  0.001576  -0.017115  -0.001422  0.999853  1.000000  -0.000241  0.000010  0.000241  1.000000  0.000019  -0.000010  -0.000019  1.000000  0.999792  -0.020369  0.001144  0.020367  0.999791  0.001630  -0.001177  -0.001606  0.999998  0.000224  0.019375  
25.795001 0.002643  0.088936  -0.012136  0.983728  -0.039101  0.175359  0.029982  0.998072  0.054352  -0.177146  -0.048210  0.983003  0.001778  -0.005443  -0.016139  0.048406  -0.796224  -0.425530  2.000000  0.999767  -0.021569  0.001202  0.021567  0.999766  0.001723  -0.001239  -0.001697  0.999998  0.999815  -0.008775  0.017112  0.008750  0.999961  0.001547  -0.017125  -0.001397  0.999852  1.000000  -0.000240  0.000012  0.000240  1.000000  0.000018  -0.000012  -0.000018  1.000000  0.999767  -0.021569  0.001202  0.021567  0.999766  0.001723  -0.001239  -0.001697  0.999998  0.000225  0.019288  
25.796003 0.002646  0.088931  -0.012161  0.983573  -0.039551  0.176125  0.030383  0.998054  0.054448  -0.177936  -0.048203  0.982861  0.001926  -0.005440  -0.016967  0.052762  -0.796308  -0.425459  2.000000  0.999745  -0.022525  0.001250  0.022523  0.999745  0.001793  -0.001290  -0.001764  0.999998  0.999819  -0.008564  0.016988  0.008542  0.999963  0.001396  -0.017000  -0.001250  0.999855  1.000000  -0.000237  0.000014  0.000237  1.000000  0.000017  -0.000014  -0.000017  1.000000  0.999745  -0.022525  0.001250  0.022523  0.999745  0.001793  -0.001290  -0.001764  0.999998  0.000225  0.019072  
25.797009 0.002648  0.088924  -0.012187  0.983423  -0.039816  0.176898  0.030581  0.998038  0.054630  -0.178726  -0.048315  0.982712  0.002005  -0.005464  -0.017845  0.061687  -0.798350  -0.428670  2.000000  0.999724  -0.023468  0.001299  0.023465  0.999723  0.001865  -0.001342  -0.001834  0.999997  0.999824  -0.008551  0.016720  0.008527  0.999962  0.001524  -0.016733  -0.001381  0.999859  1.000000  -0.000234  0.000012  0.000234  1.000000  0.000018  -0.000012  -0.000018  1.000000  0.999724  -0.023468  0.001299  0.023465  0.999723  0.001865  -0.001342  -0.001834  0.999997  0.000227  0.018837  
25.798011 0.002651  0.088917  -0.012215  0.983273  -0.040060  0.177675  0.030779  0.998029  0.054691  -0.179516  -0.048308  0.982568  0.002138  -0.005552  -0.018983  0.060849  -0.803639  -0.422271  2.000000  0.999702  -0.024392  0.001350  0.024389  0.999701  0.001931  -0.001397  -0.001898  0.999997  0.999830  -0.008334  0.016463  0.008313  0.999965  0.001372  -0.016474  -0.001235  0.999864  1.000000  -0.000230  0.000013  0.000230  1.000000  0.000016  -0.000013  -0.000016  1.000000  0.999702  -0.024392  0.001350  0.024389  0.999701  0.001931  -0.001397  -0.001898  0.999997  0.000228  0.018500  
25.799258 0.002655  0.088908  -0.012250  0.983092  -0.040517  0.178572  0.031179  0.998011  0.054794  -0.180437  -0.048300  0.982400  0.002338  -0.005638  -0.020174  0.069337  -0.803369  -0.421942  2.000000  0.999673  -0.025534  0.001416  0.025531  0.999672  0.002010  -0.001467  -0.001973  0.999997  0.999833  -0.008123  0.016340  0.008104  0.999966  0.001220  -0.016349  -0.001088  0.999866  1.000000  -0.000228  0.000014  0.000228  1.000000  0.000014  -0.000014  -0.000014  1.000000  0.999673  -0.025534  0.001416  0.025531  0.999672  0.002010  -0.001467  -0.001973  0.999997  0.000228  0.018285  
25.800508 0.002660  0.088900  -0.012285  0.982952  -0.041165  0.179195  0.031782  0.997985  0.054925  -0.181095  -0.048294  0.982279  0.002562  -0.005686  -0.021710  0.069600  -0.798675  -0.421566  2.000000  0.999649  -0.026441  0.001462  0.026438  0.999648  0.002071  -0.001516  -0.002031  0.999997  0.999836  -0.008312  0.016063  0.008293  0.999965  0.001262  -0.016072  -0.001129  0.999870  1.000000  -0.000226  0.000011  0.000226  1.000000  0.000015  -0.000011  -0.000015  1.000000  0.999649  -0.026441  0.001462  0.026438  0.999648  0.002071  -0.001516  -0.002031  0.999997  0.000227  0.018126  
25.801757 0.002665  0.088891  -0.012322  0.982842  -0.041602  0.179698  0.032183  0.997967  0.055016  -0.181622  -0.048289  0.982182  0.002790  -0.005674  -0.023008  0.072763  -0.790118  -0.414256  2.000000  0.999619  -0.027557  0.001509  0.027554  0.999618  0.002140  -0.001568  -0.002098  0.999997  0.999844  -0.008088  0.015672  0.008072  0.999967  0.001107  -0.015680  -0.000981  0.999877  1.000000  -0.000220  0.000011  0.000220  1.000000  0.000013  -0.000011  -0.000013  1.000000  0.999619  -0.027557  0.001509  0.027554  0.999618  0.002140  -0.001568  -0.002098  0.999997  0.000223  0.017668  
25.803009 0.002671  0.088883  -0.012357  0.982731  -0.042039  0.180201  0.032585  0.997949  0.055108  -0.182148  -0.048284  0.982085  0.003067  -0.005670  -0.024119  0.071855  -0.776935  -0.406713  2.000000  0.999589  -0.028642  0.001551  0.028638  0.999587  0.002207  -0.001614  -0.002162  0.999996  0.999853  -0.008061  0.015138  0.008045  0.999967  0.001111  -0.015146  -0.000989  0.999885  1.000000  -0.000214  0.000007  0.000214  1.000000  0.000013  -0.000007  -0.000013  1.000000  0.999589  -0.028642  0.001551  0.028638  0.999587  0.002207  -0.001614  -0.002162  0.999996  0.000221  0.017183  
25.804315 0.002677  0.088876  -0.012394  0.982596  -0.042482  0.180835  0.032985  0.997930  0.055204  -0.182806  -0.048278  0.981963  0.003304  -0.005663  -0.025031  0.072036  -0.761991  -0.405214  2.000000  0.999558  -0.029701  0.001581  0.029697  0.999556  0.002274  -0.001648  -0.002226  0.999996  0.999859  -0.008040  0.014737  0.008024  0.999967  0.001115  -0.014745  -0.000997  0.999891  1.000000  -0.000210  0.000005  0.000210  1.000000  0.000013  -0.000005  -0.000013  1.000000  0.999558  -0.029701  0.001581  0.029697  0.999556  0.002274  -0.001648  -0.002226  0.999996  0.000218  0.016821  
25.805508 0.002684  0.088869  -0.012429  0.982459  -0.042925  0.181468  0.033386  0.997911  0.055301  -0.183463  -0.048272  0.981841  0.003596  -0.005766  -0.025995  0.067315  -0.746517  -0.398670  2.000000  0.999533  -0.030532  0.001596  0.030528  0.999531  0.002327  -0.001666  -0.002277  0.999996  0.999865  -0.008019  0.014336  0.008003  0.999967  0.001120  -0.014344  -0.001005  0.999897  1.000000  -0.000205  0.000003  0.000205  1.000000  0.000013  -0.000003  -0.000013  1.000000  0.999533  -0.030532  0.001596  0.030528  0.999531  0.002327  -0.001666  -0.002277  0.999996  0.000214  0.016461  
25.806508 0.002690  0.088864  -0.012457  0.982347  -0.043362  0.181971  0.033787  0.997893  0.055393  -0.183989  -0.048267  0.981742  0.003809  -0.005820  -0.026628  0.063440  -0.732306  -0.397624  2.000000  0.999508  -0.031335  0.001605  0.031331  0.999506  0.002386  -0.001679  -0.002334  0.999996  0.999874  -0.007788  0.013812  0.007772  0.999969  0.001207  -0.013821  -0.001099  0.999904  1.000000  -0.000198  0.000002  0.000198  1.000000  0.000014  -0.000002  -0.000014  1.000000  0.999508  -0.031335  0.001605  0.031331  0.999506  0.002386  -0.001679  -0.002334  0.999996  0.000210  0.015899  
25.807753 0.002698  0.088859  -0.012492  0.982217  -0.043599  0.182616  0.033985  0.997883  0.055453  -0.184647  -0.048261  0.981619  0.004107  -0.005815  -0.027153  0.062017  -0.717751  -0.387138  2.000000  0.999477  -0.032310  0.001603  0.032306  0.999475  0.002463  -0.001681  -0.002410  0.999996  0.999882  -0.007761  0.013277  0.007744  0.999969  0.001333  -0.013287  -0.001230  0.999911  1.000000  -0.000192  -0.000001  0.000192  1.000000  0.000016  0.000001  -0.000016  1.000000  0.999477  -0.032310  0.001603  0.032306  0.999475  0.002463  -0.001681  -0.002410  0.999996  0.000205  0.015433  
25.808754 0.002705  0.088854  -0.012520  0.982129  -0.044008  0.182992  0.034387  0.997871  0.055421  -0.185041  -0.048138  0.981551  0.004332  -0.005848  -0.027536  0.054177  -0.700074  -0.386297  2.000000  0.999458  -0.032879  0.001595  0.032875  0.999456  0.002508  -0.001676  -0.002454  0.999996  0.999885  -0.007745  0.013011  0.007730  0.999969  0.001214  -0.013020  -0.001113  0.999915  1.000000  -0.000189  -0.000002  0.000189  1.000000  0.000015  0.000002  -0.000015  1.000000  0.999458  -0.032879  0.001595  0.032875  0.999456  0.002508  -0.001676  -0.002454  0.999996  0.000200  0.015187  
25.809782 0.002711  0.088850  -0.012549  0.982048  -0.044232  0.183374  0.034586  0.997861  0.055473  -0.185436  -0.048135  0.981477  0.004586  -0.005816  -0.027965  0.053624  -0.683112  -0.381185  2.000000  0.999433  -0.033623  0.001579  0.033619  0.999431  0.002571  -0.001665  -0.002517  0.999995  0.999892  -0.007718  0.012477  0.007702  0.999969  0.001338  -0.012486  -0.001242  0.999921  1.000000  -0.000183  -0.000005  0.000183  1.000000  0.000016  0.000005  -0.000016  1.000000  0.999433  -0.033623  0.001579  0.033619  0.999431  0.002571  -0.001665  -0.002517  0.999995  0.000197  0.014728  
25.811004 0.002719  0.088844  -0.012587  0.981941  -0.044463  0.183888  0.034785  0.997851  0.055529  -0.185962  -0.048130  0.981377  0.004873  -0.005726  -0.028494  0.048206  -0.669436  -0.371165  2.000000  0.999408  -0.034354  0.001558  0.034350  0.999406  0.002635  -0.001647  -0.002580  0.999995  0.999896  -0.007508  0.012353  0.007492  0.999971  0.001303  -0.012363  -0.001211  0.999923  1.000000  -0.000181  -0.000004  0.000181  1.000000  0.000016  0.000004  -0.000016  1.000000  0.999408  -0.034354  0.001558  0.034350  0.999406  0.002635  -0.001647  -0.002580  0.999995  0.000193  0.014511  
25.812008 0.002724  0.088840  -0.012618  0.981852  -0.044894  0.184259  0.035187  0.997832  0.055619  -0.186356  -0.048126  0.981303  0.005040  -0.005619  -0.028729  0.048409  -0.656069  -0.370468  2.000000  0.999384  -0.035067  0.001537  0.035062  0.999381  0.002696  -0.001631  -0.002641  0.999995  0.999902  -0.007285  0.011962  0.007270  0.999973  0.001268  -0.011971  -0.001180  0.999928  1.000000  -0.000175  -0.000004  0.000175  1.000000  0.000015  0.000004  -0.000015  1.000000  0.999384  -0.035067  0.001537  0.035062  0.999381  0.002696  -0.001631  -0.002641  0.999995  0.000188  0.014060  
25.813009 0.002729  0.088834  -0.012650  0.981770  -0.045118  0.184641  0.035386  0.997822  0.055671  -0.186750  -0.048123  0.981228  0.005213  -0.005501  -0.029030  0.047835  -0.639396  -0.365592  2.000000  0.999359  -0.035759  0.001515  0.035755  0.999357  0.002757  -0.001613  -0.002701  0.999995  0.999907  -0.007264  0.011562  0.007250  0.999973  0.001270  -0.011571  -0.001186  0.999932  1.000000  -0.000171  -0.000006  0.000171  1.000000  0.000015  0.000006  -0.000015  1.000000  0.999359  -0.035759  0.001515  0.035755  0.999357  0.002757  -0.001613  -0.002701  0.999995  0.000185  0.013710  
25.814257 0.002736  0.088828  -0.012691  0.981638  -0.045356  0.185285  0.035584  0.997811  0.055733  -0.187408  -0.048116  0.981103  0.005412  -0.005368  -0.029448  0.046485  -0.625542  -0.355342  2.000000  0.999329  -0.036594  0.001498  0.036589  0.999326  0.002829  -0.001600  -0.002773  0.999995  0.999913  -0.006845  0.011315  0.006832  0.999976  0.001197  -0.011323  -0.001120  0.999935  1.000000  -0.000165  -0.000003  0.000165  1.000000  0.000014  0.000003  -0.000014  1.000000  0.999329  -0.036594  0.001498  0.036589  0.999326  0.002829  -0.001600  -0.002773  0.999995  0.000181  0.013275  
25.815258 0.002743  0.088822  -0.012724  0.981555  -0.045581  0.185667  0.035783  0.997801  0.055785  -0.187802  -0.048113  0.981028  0.005635  -0.005246  -0.029751  0.048739  -0.604513  -0.343300  2.000000  0.999305  -0.037241  0.001490  0.037237  0.999302  0.002885  -0.001596  -0.002827  0.999995  0.999918  -0.006426  0.011068  0.006414  0.999979  0.001123  -0.011075  -0.001052  0.999938  1.000000  -0.000160  -0.000000  0.000160  1.000000  0.000014  0.000000  -0.000014  1.000000  0.999305  -0.037241  0.001490  0.037237  0.999302  0.002885  -0.001596  -0.002827  0.999995  0.000176  0.012845  
25.816509 0.002751  0.088815  -0.012765  0.981404  -0.045619  0.186454  0.035777  0.997800  0.055814  -0.188590  -0.048105  0.980877  0.005880  -0.005154  -0.030090  0.050638  -0.591665  -0.328910  2.000000  0.999281  -0.037881  0.001487  0.037876  0.999278  0.002939  -0.001597  -0.002881  0.999995  0.999919  -0.006223  0.011078  0.006211  0.999980  0.001089  -0.011085  -0.001020  0.999938  1.000000  -0.000159  0.000002  0.000159  1.000000  0.000013  -0.000002  -0.000013  1.000000  0.999281  -0.037881  0.001487  0.037876  0.999278  0.002939  -0.001597  -0.002881  0.999995  0.000172  0.012750  
25.817753 0.002761  0.088809  -0.012805  0.981245  -0.045863  0.187230  0.035974  0.997789  0.055881  -0.189379  -0.048098  0.980725  0.006081  -0.005062  -0.030325  0.053767  -0.578574  -0.321376  2.000000  0.999251  -0.038663  0.001486  0.038659  0.999248  0.003003  -0.001601  -0.002943  0.999994  0.999922  -0.006209  0.010811  0.006199  0.999980  0.000972  -0.010817  -0.000905  0.999941  1.000000  -0.000156  0.000000  0.000156  1.000000  0.000012  -0.000000  -0.000012  1.000000  0.999251  -0.038663  0.001486  0.038659  0.999248  0.003003  -0.001601  -0.002943  0.999994  0.000168  0.012503  
25.818754 0.002768  0.088804  -0.012838  0.981144  -0.045912  0.187749  0.035970  0.997781  0.056022  -0.189904  -0.048212  0.980618  0.006271  -0.004993  -0.030617  0.056306  -0.569745  -0.311815  2.000000  0.999227  -0.039272  0.001492  0.039267  0.999224  0.003052  -0.001611  -0.002991  0.999994  0.999927  -0.005792  0.010563  0.005781  0.999983  0.001018  -0.010569  -0.000957  0.999944  1.000000  -0.000151  0.000003  0.000151  1.000000  0.000012  -0.000003  -0.000012  1.000000  0.999227  -0.039272  0.001492  0.039267  0.999224  0.003052  -0.001611  -0.002991  0.999994  0.000163  0.012087  
25.819754 0.002777  0.088798  -0.012870  0.981034  -0.046143  0.188262  0.036168  0.997771  0.056080  -0.190430  -0.048207  0.980517  0.006469  -0.004971  -0.030878  0.055717  -0.561264  -0.306868  2.000000  0.999204  -0.039865  0.001499  0.039860  0.999200  0.003102  -0.001622  -0.003040  0.999994  0.999930  -0.005778  0.010296  0.005768  0.999983  0.001021  -0.010302  -0.000961  0.999946  1.000000  -0.000148  0.000002  0.000148  1.000000  0.000012  -0.000002  -0.000012  1.000000  0.999204  -0.039865  0.001499  0.039860  0.999200  0.003102  -0.001622  -0.003040  0.999994  0.000162  0.011848  
25.820755 0.002784  0.088793  -0.012903  0.980932  -0.046192  0.188780  0.036165  0.997763  0.056220  -0.190955  -0.048321  0.980409  0.006631  -0.004986  -0.031194  0.056974  -0.557579  -0.291020  2.000000  0.999181  -0.040443  0.001513  0.040438  0.999177  0.003151  -0.001639  -0.003088  0.999994  0.999935  -0.005361  0.010048  0.005350  0.999985  0.001066  -0.010054  -0.001012  0.999949  1.000000  -0.000142  0.000005  0.000142  1.000000  0.000013  -0.000005  -0.000013  1.000000  0.999181  -0.040443  0.001513  0.040438  0.999177  0.003151  -0.001639  -0.003088  0.999994  0.000160  0.011436  
25.821787 0.002792  0.088787  -0.012936  0.980830  -0.046217  0.189305  0.036161  0.997762  0.056239  -0.191480  -0.048316  0.980307  0.006703  -0.005075  -0.031452  0.055032  -0.553329  -0.279082  2.000000  0.999158  -0.041005  0.001544  0.040999  0.999154  0.003202  -0.001674  -0.003136  0.999994  0.999937  -0.004956  0.010069  0.004946  0.999987  0.000990  -0.010073  -0.000940  0.999949  1.000000  -0.000140  0.000009  0.000140  1.000000  0.000012  -0.000009  -0.000012  1.000000  0.999158  -0.041005  0.001544  0.040999  0.999154  0.003202  -0.001674  -0.003136  0.999994  0.000156  0.011264  
25.823007 0.002802  0.088780  -0.012976  0.980694  -0.046455  0.189948  0.036358  0.997752  0.056303  -0.192137  -0.048310  0.980178  0.006824  -0.005203  -0.031947  0.052711  -0.545254  -0.265137  2.000000  0.999134  -0.041571  0.001588  0.041565  0.999131  0.003251  -0.001722  -0.003182  0.999993  0.999935  -0.004766  0.010346  0.004757  0.999988  0.000954  -0.010350  -0.000904  0.999946  1.000000  -0.000142  0.000013  0.000142  1.000000  0.000012  -0.000013  -0.000012  1.000000  0.999134  -0.041571  0.001588  0.041565  0.999131  0.003251  -0.001722  -0.003182  0.999993  0.000154  0.011429  
25.824256 0.002811  0.088772  -0.013015  0.980566  -0.046511  0.190598  0.036353  0.997743  0.056448  -0.192793  -0.048422  0.980044  0.006884  -0.005356  -0.032076  0.053954  -0.541513  -0.249530  2.000000  0.999110  -0.042140  0.001652  0.042135  0.999106  0.003303  -0.001789  -0.003230  0.999993  0.999934  -0.004376  0.010633  0.004366  0.999990  0.000999  -0.010637  -0.000952  0.999943  1.000000  -0.000142  0.000019  0.000142  1.000000  0.000012  -0.000019  -0.000012  1.000000  0.999110  -0.042140  0.001652  0.042135  0.999106  0.003303  -0.001789  -0.003230  0.999993  0.000150  0.011540  
25.825506 0.002821  0.088765  -0.013054  0.980437  -0.046543  0.191253  0.036348  0.997742  0.056472  -0.193450  -0.048416  0.979915  0.007018  -0.005491  -0.032192  0.051593  -0.528735  -0.235329  2.000000  0.999080  -0.042846  0.001756  0.042840  0.999076  0.003366  -0.001899  -0.003288  0.999993  0.999935  -0.003971  0.010653  0.003962  0.999992  0.000922  -0.010657  -0.000879  0.999943  1.000000  -0.000140  0.000024  0.000140  1.000000  0.000011  -0.000024  -0.000011  1.000000  0.999080  -0.042846  0.001756  0.042840  0.999076  0.003366  -0.001899  -0.003288  0.999993  0.000147  0.011405  
25.826751 0.002830  0.088757  -0.013091  0.980307  -0.046575  0.191908  0.036344  0.997741  0.056496  -0.194106  -0.048409  0.979785  0.007147  -0.005609  -0.032049  0.045237  -0.516739  -0.221507  2.000000  0.999050  -0.043533  0.001882  0.043527  0.999046  0.003425  -0.002030  -0.003340  0.999992  0.999938  -0.003560  0.010540  0.003551  0.999993  0.000844  -0.010543  -0.000807  0.999944  1.000000  -0.000136  0.000027  0.000136  1.000000  0.000010  -0.000027  -0.000010  1.000000  0.999050  -0.043533  0.001882  0.043527  0.999046  0.003425  -0.002030  -0.003340  0.999992  0.000143  0.011156  
25.827753 0.002837  0.088751  -0.013120  0.980203  -0.046601  0.192432  0.036340  0.997740  0.056516  -0.194631  -0.048404  0.979681  0.007270  -0.005618  -0.031826  0.044025  -0.507480  -0.214016  2.000000  0.999026  -0.044072  0.002001  0.044065  0.999023  0.003469  -0.002152  -0.003378  0.999992  0.999939  -0.003156  0.010560  0.003148  0.999995  0.000766  -0.010563  -0.000732  0.999944  1.000000  -0.000134  0.000032  0.000134  1.000000  0.000009  -0.000032  -0.000009  1.000000  0.999026  -0.044072  0.002001  0.044065  0.999023  0.003469  -0.002152  -0.003378  0.999992  0.000139  0.011047  
