1-Time 2-Px 3-Py 4-Pz 5-R11 6-R21 7-R31 8-R12 9-R22 10-R32 11-R13 12-R23 13-R33 14-Vx 15-Vy 16-Vz 17-Wx 18-Wy 19-Wz 20-state 21-PR11 22-PR21 23-PR31 24-PR12 25-PR22 26-PR32 27-PR13 28-PR23 29-PR33 
126.847291 0.003650  0.092228  -0.026493  0.997485  0.018499  -0.068426  -0.018895  0.999808  -0.005134  0.068318  0.006414  0.997643  -0.000402  -0.000149  0.000749  0.000000  0.000000  0.000000  2.000000  1.000000  0.000000  0.000000  0.000000  1.000000  0.000000  0.000000  0.000000  1.000000  1.000000  -0.000409  0.000270  0.000409  1.000000  -0.000028  -0.000270  0.000028  1.000000  1.000000  0.000000  0.000000  0.000000  1.000000  0.000000  0.000000  0.000000  1.000000  0.804128  0.276504  -0.526235  -0.297186  0.953664  0.046968  0.514838  0.118622  0.849041  0.000000  0.000000  
126.848299 0.003650  0.092228  -0.026492  0.997485  0.018499  -0.068426  -0.018895  0.999808  -0.005134  0.068318  0.006414  0.997643  -0.000400  -0.000152  0.000721  0.000000  0.000000  0.000000  2.000000  1.000000  0.000000  0.000000  0.000000  1.000000  0.000000  0.000000  0.000000  1.000000  1.000000  -0.000409  0.000270  0.000409  1.000000  -0.000028  -0.000270  0.000028  1.000000  1.000000  0.000000  0.000000  0.000000  1.000000  0.000000  0.000000  0.000000  1.000000  1.000000  0.000000  0.000000  0.000000  1.000000  0.000000  0.000000  0.000000  1.000000  0.000000  0.000000  
126.849554 0.003649  0.092226  -0.026491  0.997466  0.018498  -0.068693  -0.018894  0.999808  -0.005129  0.068585  0.006414  0.997625  -0.000402  -0.000249  0.000723  0.000000  0.000000  0.000000  2.000000  1.000000  0.000000  0.000000  0.000000  1.000000  0.000000  0.000000  0.000000  1.000000  1.000000  -0.000410  0.000136  0.000410  1.000000  -0.000028  -0.000136  0.000028  1.000000  1.000000  0.000000  0.000000  0.000000  1.000000  0.000000  0.000000  0.000000  1.000000  1.000000  0.000000  0.000000  0.000000  1.000000  0.000000  0.000000  0.000000  1.000000  0.000000  0.000000  
126.850797 0.003649  0.092224  -0.026491  0.997448  0.018496  -0.068960  -0.018894  0.999808  -0.005124  0.068852  0.006413  0.997606  -0.000418  -0.000396  0.000674  0.000000  0.000000  0.000000  2.000000  1.000000  0.000000  0.000000  0.000000  1.000000  0.000000  0.000000  0.000000  1.000000  1.000000  -0.000412  -0.000131  0.000412  1.000000  -0.000028  0.000131  0.000028  1.000000  1.000000  0.000000  0.000000  0.000000  1.000000  0.000000  0.000000  0.000000  1.000000  1.000000  0.000000  0.000000  0.000000  1.000000  0.000000  0.000000  0.000000  1.000000  0.000000  0.000000  
126.851800 0.003649  0.092222  -0.026490  0.997439  0.018495  -0.069093  -0.018894  0.999808  -0.005121  0.068985  0.006413  0.997597  -0.000380  -0.000492  0.000702  0.000000  0.000000  0.000000  2.000000  1.000000  0.000000  0.000000  0.000000  1.000000  0.000000  0.000000  0.000000  1.000000  1.000000  -0.000208  -0.000400  0.000208  1.000000  -0.000014  0.000400  0.000014  1.000000  1.000000  0.000000  0.000000  0.000000  1.000000  0.000000  0.000000  0.000000  1.000000  1.000000  0.000000  0.000000  0.000000  1.000000  0.000000  0.000000  0.000000  1.000000  0.000000  0.000000  
126.853044 0.003649  0.092219  -0.026490  0.997420  0.018493  -0.069360  -0.018894  0.999808  -0.005116  0.069252  0.006413  0.997579  -0.000358  -0.000712  0.000634  0.000000  0.000000  0.000000  2.000000  1.000000  0.000000  0.000000  0.000000  1.000000  0.000000  0.000000  0.000000  1.000000  1.000000  -0.000209  -0.000534  0.000209  1.000000  -0.000014  0.000534  0.000014  1.000000  1.000000  0.000000  0.000000  0.000000  1.000000  0.000000  0.000000  0.000000  1.000000  1.000000  0.000000  0.000000  0.000000  1.000000  0.000000  0.000000  0.000000  1.000000  0.000000  0.000000  
126.854049 0.003649  0.092216  -0.026489  0.997407  0.018698  -0.069495  -0.019099  0.999805  -0.005099  0.069386  0.006413  0.997569  -0.000291  -0.000879  0.000682  0.000000  0.000000  0.000000  2.000000  1.000000  0.000000  0.000000  0.000000  1.000000  0.000000  0.000000  0.000000  1.000000  1.000000  -0.000004  -0.000669  0.000004  1.000000  -0.000000  0.000669  -0.000000  1.000000  1.000000  0.000000  0.000000  0.000000  1.000000  0.000000  0.000000  0.000000  1.000000  1.000000  0.000000  0.000000  0.000000  1.000000  0.000000  0.000000  0.000000  1.000000  0.000000  0.000000  
126.855296 0.003650  0.092213  -0.026487  0.997394  0.018903  -0.069629  -0.019304  0.999801  -0.005082  0.069519  0.006413  0.997560  -0.000197  -0.001095  0.000704  0.000000  0.000000  0.000000  2.000000  1.000000  0.000000  0.000000  0.000000  1.000000  0.000000  0.000000  0.000000  1.000000  1.000000  0.000199  -0.000938  -0.000199  1.000000  0.000014  0.000938  -0.000014  1.000000  1.000000  0.000000  0.000000  0.000000  1.000000  0.000000  0.000000  0.000000  1.000000  1.000000  0.000000  0.000000  0.000000  1.000000  0.000000  0.000000  0.000000  1.000000  0.000000  0.000000  
126.856296 0.003651  0.092210  -0.026487  0.997381  0.019108  -0.069764  -0.019509  0.999797  -0.005065  0.069653  0.006413  0.997551  -0.000112  -0.001287  0.000720  0.000000  0.000000  0.000000  2.000000  1.000000  0.000000  0.000000  0.000000  1.000000  0.000000  0.000000  0.000000  1.000000  0.999999  0.000198  -0.001205  -0.000198  1.000000  0.000014  0.001205  -0.000014  0.999999  1.000000  0.000000  0.000000  0.000000  1.000000  0.000000  0.000000  0.000000  1.000000  1.000000  0.000000  0.000000  0.000000  1.000000  0.000000  0.000000  0.000000  1.000000  0.000000  0.000000  
126.857546 0.003652  0.092206  -0.026487  0.997362  0.019107  -0.070031  -0.019509  0.999797  -0.005060  0.069920  0.006413  0.997532  -0.000022  -0.001555  0.000650  0.000000  0.000000  0.000000  2.000000  1.000000  0.000000  0.000000  0.000000  1.000000  0.000000  0.000000  0.000000  1.000000  0.999999  0.000402  -0.001341  -0.000402  1.000000  0.000029  0.001341  -0.000028  0.999999  1.000000  0.000000  0.000000  0.000000  1.000000  0.000000  0.000000  0.000000  1.000000  1.000000  0.000000  0.000000  0.000000  1.000000  0.000000  0.000000  0.000000  1.000000  0.000000  0.000000  
126.858794 0.003652  0.092202  -0.026488  0.997339  0.019302  -0.070301  -0.019714  0.999792  -0.005162  0.070187  0.006534  0.997512  0.000058  -0.001778  0.000526  0.000000  0.000000  0.000000  2.000000  1.000000  0.000000  0.000000  0.000000  1.000000  0.000000  0.000000  0.000000  1.000000  0.999998  0.000605  -0.001743  -0.000605  1.000000  -0.000078  0.001743  0.000079  0.999998  1.000000  0.000000  0.000000  0.000000  1.000000  0.000000  0.000000  0.000000  1.000000  1.000000  0.000000  0.000000  0.000000  1.000000  0.000000  0.000000  0.000000  1.000000  0.000000  0.000000  
126.859802 0.003653  0.092200  -0.026488  0.997320  0.019301  -0.070568  -0.019713  0.999792  -0.005156  0.070453  0.006534  0.997494  0.000110  -0.001948  0.000428  0.000000  0.000000  0.000000  2.000000  1.000000  0.000000  0.000000  0.000000  1.000000  0.000000  0.000000  0.000000  1.000000  0.999998  0.000603  -0.002011  -0.000603  1.000000  -0.000078  0.002011  0.000079  0.999998  1.000000  0.000000  0.000000  0.000000  1.000000  0.000000  0.000000  0.000000  1.000000  1.000000  0.000000  0.000000  0.000000  1.000000  0.000000  0.000000  0.000000  1.000000  0.000000  0.000000  
126.861052 0.003654  0.092196  -0.026490  0.997288  0.019504  -0.070969  -0.019918  0.999788  -0.005134  0.070854  0.006534  0.997465  0.000208  -0.002194  0.000270  0.000000  0.000000  0.000000  2.000000  1.000000  0.000000  0.000000  0.000000  1.000000  0.000000  0.000000  0.000000  1.000000  0.999997  0.000600  -0.002412  -0.000601  1.000000  -0.000078  0.002412  0.000079  0.999997  1.000000  0.000000  0.000000  0.000000  1.000000  0.000000  0.000000  0.000000  1.000000  1.000000  0.000000  0.000000  0.000000  1.000000  0.000000  0.000000  0.000000  1.000000  0.000000  0.000000  
126.862304 0.003655  0.092192  -0.026491  0.997259  0.019501  -0.071369  -0.019917  0.999788  -0.005126  0.071254  0.006533  0.997437  0.000315  -0.002465  0.000120  0.000000  0.000000  0.000000  2.000000  1.000000  0.000000  0.000000  0.000000  1.000000  0.000000  0.000000  0.000000  1.000000  0.999996  0.000803  -0.002815  -0.000803  1.000000  -0.000063  0.002815  0.000065  0.999996  1.000000  0.000000  0.000000  0.000000  1.000000  0.000000  0.000000  0.000000  1.000000  1.000000  0.000000  0.000000  0.000000  1.000000  0.000000  0.000000  0.000000  1.000000  0.000000  0.000000  
126.863547 0.003656  0.092187  -0.026491  0.997227  0.019704  -0.071771  -0.020122  0.999785  -0.005103  0.071655  0.006533  0.997408  0.000418  -0.002735  0.000063  0.000000  0.000000  0.000000  2.000000  1.000000  0.000000  0.000000  0.000000  1.000000  0.000000  0.000000  0.000000  1.000000  0.999995  0.001007  -0.003084  -0.001007  0.999999  -0.000048  0.003084  0.000051  0.999995  1.000000  0.000000  0.000000  0.000000  1.000000  0.000000  0.000000  0.000000  1.000000  1.000000  0.000000  0.000000  0.000000  1.000000  0.000000  0.000000  0.000000  1.000000  0.000000  0.000000  
126.864549 0.003657  0.092183  -0.026492  0.997203  0.019908  -0.072039  -0.020327  0.999780  -0.005083  0.071922  0.006533  0.997389  0.000557  -0.002904  -0.000024  0.000000  0.000000  0.000000  2.000000  1.000000  0.000000  0.000000  0.000000  1.000000  0.000000  0.000000  0.000000  1.000000  0.999994  0.001210  -0.003353  -0.001211  0.999999  -0.000033  0.003353  0.000037  0.999994  1.000000  0.000000  0.000000  0.000000  1.000000  0.000000  0.000000  0.000000  1.000000  1.000000  0.000000  0.000000  0.000000  1.000000  0.000000  0.000000  0.000000  1.000000  0.000000  0.000000  
126.865551 0.003658  0.092178  -0.026491  0.997180  0.020121  -0.072304  -0.020532  0.999777  -0.004941  0.072188  0.006412  0.997370  0.000632  -0.003091  0.000031  0.000000  0.000000  0.000000  2.000000  1.000000  0.000000  0.000000  0.000000  1.000000  0.000000  0.000000  0.000000  1.000000  0.999993  0.001209  -0.003620  -0.001209  0.999999  0.000089  0.003620  -0.000085  0.999993  1.000000  0.000000  0.000000  0.000000  1.000000  0.000000  0.000000  0.000000  1.000000  1.000000  0.000000  0.000000  0.000000  1.000000  0.000000  0.000000  0.000000  1.000000  0.000000  0.000000  
126.866553 0.003660  0.092173  -0.026489  0.997160  0.020120  -0.072571  -0.020532  0.999777  -0.004936  0.072455  0.006412  0.997351  0.000759  -0.003310  0.000065  0.000000  0.000000  0.000000  2.000000  1.000000  0.000000  0.000000  0.000000  1.000000  0.000000  0.000000  0.000000  1.000000  0.999991  0.001618  -0.003891  -0.001618  0.999999  0.000119  0.003891  -0.000113  0.999992  1.000000  0.000000  0.000000  0.000000  1.000000  0.000000  0.000000  0.000000  1.000000  1.000000  0.000000  0.000000  0.000000  1.000000  0.000000  0.000000  0.000000  1.000000  0.000000  0.000000  
126.867802 0.003661  0.092166  -0.026487  0.997127  0.020323  -0.072972  -0.020736  0.999773  -0.004913  0.072856  0.006412  0.997322  0.000846  -0.003570  0.000223  0.000000  0.000000  0.000000  2.000000  1.000000  0.000000  0.000000  0.000000  1.000000  0.000000  0.000000  0.000000  1.000000  0.999989  0.001820  -0.004427  -0.001820  0.999998  0.000135  0.004427  -0.000127  0.999990  1.000000  0.000000  0.000000  0.000000  1.000000  0.000000  0.000000  0.000000  1.000000  1.000000  0.000000  0.000000  0.000000  1.000000  0.000000  0.000000  0.000000  1.000000  0.000000  0.000000  
126.869048 0.003662  0.092159  -0.026483  0.997083  0.020525  -0.073507  -0.020941  0.999769  -0.004886  0.073389  0.006411  0.997283  0.000897  -0.003818  0.000363  0.000000  0.000000  0.000000  2.000000  1.000000  0.000000  0.000000  0.000000  1.000000  0.000000  0.000000  0.000000  1.000000  0.999986  0.002023  -0.004830  -0.002022  0.999998  0.000151  0.004830  -0.000141  0.999988  1.000000  0.000000  0.000000  0.000000  1.000000  0.000000  0.000000  0.000000  1.000000  1.000000  0.000000  0.000000  0.000000  1.000000  0.000000  0.000000  0.000000  1.000000  0.000000  0.000000  
126.870299 0.003664  0.092152  -0.026480  0.997044  0.020522  -0.074040  -0.020940  0.999769  -0.004875  0.073923  0.006411  0.997243  0.000948  -0.004119  0.000494  0.004432  0.184722  0.060913  2.000000  1.000000  0.000101  -0.000257  -0.000101  1.000000  0.000007  0.000257  -0.000007  1.000000  0.999984  0.002020  -0.005231  -0.002020  0.999998  0.000152  0.005231  -0.000141  0.999986  1.000000  0.000025  -0.000065  -0.000025  1.000000  0.000002  0.000065  -0.000002  1.000000  1.000000  0.000101  -0.000257  -0.000101  1.000000  0.000007  0.000257  -0.000007  1.000000  0.000048  0.005610  
126.871546 0.003666  0.092144  -0.026476  0.997000  0.020724  -0.074575  -0.021144  0.999765  -0.004849  0.074457  0.006411  0.997204  0.001027  -0.004380  0.000692  0.004943  0.202771  0.067703  2.000000  1.000000  0.000210  -0.000528  -0.000210  1.000000  0.000015  0.000528  -0.000015  1.000000  0.999982  0.002224  -0.005500  -0.002223  0.999998  0.000168  0.005500  -0.000156  0.999985  1.000000  0.000028  -0.000069  -0.000028  1.000000  0.000002  0.000069  -0.000002  1.000000  1.000000  0.000210  -0.000528  -0.000210  1.000000  0.000015  0.000528  -0.000015  1.000000  0.000052  0.005935  
126.872546 0.003668  0.092137  -0.026474  0.996966  0.020927  -0.074976  -0.021349  0.999760  -0.004825  0.074857  0.006411  0.997174  0.001095  -0.004594  0.000836  0.005453  0.216312  0.074519  2.000000  1.000000  0.000326  -0.000812  -0.000326  1.000000  0.000024  0.000812  -0.000024  1.000000  0.999980  0.002428  -0.005769  -0.002427  0.999997  0.000185  0.005769  -0.000171  0.999983  1.000000  0.000030  -0.000072  -0.000030  1.000000  0.000002  0.000072  -0.000002  1.000000  1.000000  0.000326  -0.000812  -0.000326  1.000000  0.000024  0.000812  -0.000024  1.000000  0.000056  0.006261  
126.873546 0.003671  0.092132  -0.026472  0.996941  0.021131  -0.075244  -0.021554  0.999756  -0.004803  0.075124  0.006411  0.997154  0.001236  -0.004803  0.001070  0.005960  0.225355  0.081363  2.000000  0.999999  0.000447  -0.001107  -0.000447  1.000000  0.000033  0.001107  -0.000032  0.999999  0.999979  0.002426  -0.006036  -0.002425  0.999997  0.000185  0.006037  -0.000171  0.999982  1.000000  0.000030  -0.000075  -0.000030  1.000000  0.000002  0.000075  -0.000002  1.000000  0.999999  0.000447  -0.001107  -0.000447  1.000000  0.000033  0.001107  -0.000032  0.999999  0.000059  0.006508  
126.874798 0.003674  0.092124  -0.026469  0.996907  0.021335  -0.075645  -0.021758  0.999752  -0.004779  0.075524  0.006410  0.997123  0.001371  -0.005074  0.001300  0.006475  0.238884  0.088174  2.000000  0.999999  0.000601  -0.001486  -0.000601  1.000000  0.000044  0.001486  -0.000044  0.999999  0.999978  0.002425  -0.006170  -0.002424  0.999997  0.000186  0.006171  -0.000172  0.999981  1.000000  0.000030  -0.000077  -0.000030  1.000000  0.000002  0.000077  -0.000002  1.000000  0.999999  0.000601  -0.001486  -0.000601  1.000000  0.000044  0.001486  -0.000044  0.999999  0.000063  0.006632  
126.875800 0.003676  0.092117  -0.026466  0.996876  0.021332  -0.076045  -0.021758  0.999752  -0.004770  0.075925  0.006410  0.997093  0.001507  -0.005320  0.001583  0.006991  0.252384  0.094974  2.000000  0.999998  0.000728  -0.001798  -0.000728  1.000000  0.000054  0.001798  -0.000053  0.999998  0.999977  0.002424  -0.006304  -0.002423  0.999997  0.000187  0.006304  -0.000172  0.999980  1.000000  0.000030  -0.000079  -0.000030  1.000000  0.000002  0.000079  -0.000002  1.000000  0.999998  0.000728  -0.001798  -0.000728  1.000000  0.000054  0.001798  -0.000053  0.999998  0.000066  0.006756  
126.877049 0.003679  0.092110  -0.026463  0.996841  0.021535  -0.076446  -0.021962  0.999748  -0.004746  0.076325  0.006410  0.997062  0.001648  -0.005508  0.001808  0.007505  0.270436  0.101766  2.000000  0.999997  0.000884  -0.002202  -0.000884  1.000000  0.000066  0.002202  -0.000064  0.999998  0.999975  0.002422  -0.006572  -0.002421  0.999997  0.000188  0.006572  -0.000172  0.999978  1.000000  0.000030  -0.000082  -0.000030  1.000000  0.000002  0.000082  -0.000002  1.000000  0.999997  0.000884  -0.002202  -0.000884  1.000000  0.000066  0.002202  -0.000064  0.999998  0.000071  0.007006  
126.878300 0.003682  0.092102  -0.026460  0.996806  0.021739  -0.076847  -0.022167  0.999743  -0.004721  0.076725  0.006410  0.997032  0.001778  -0.005714  0.002078  0.008036  0.279523  0.108626  2.000000  0.999996  0.001043  -0.002616  -0.001043  0.999999  0.000078  0.002616  -0.000075  0.999997  0.999974  0.002627  -0.006707  -0.002625  0.999997  0.000205  0.006707  -0.000187  0.999977  1.000000  0.000033  -0.000084  -0.000033  1.000000  0.000002  0.000084  -0.000002  1.000000  0.999996  0.001043  -0.002616  -0.001043  0.999999  0.000078  0.002616  -0.000075  0.999997  0.000074  0.007205  
126.879551 0.003686  0.092094  -0.026457  0.996770  0.021942  -0.077248  -0.022371  0.999739  -0.004697  0.077125  0.006410  0.997001  0.001880  -0.005949  0.002302  0.008500  0.286211  0.114526  2.000000  0.999995  0.001164  -0.002954  -0.001164  0.999999  0.000092  0.002955  -0.000089  0.999996  0.999974  0.002420  -0.006839  -0.002418  0.999997  0.000311  0.006840  -0.000295  0.999977  1.000000  0.000030  -0.000085  -0.000030  1.000000  0.000004  0.000085  -0.000004  1.000000  0.999995  0.001164  -0.002954  -0.001164  0.999999  0.000092  0.002955  -0.000089  0.999996  0.000076  0.007261  
126.880797 0.003689  0.092086  -0.026454  0.996739  0.021939  -0.077648  -0.022371  0.999739  -0.004688  0.077525  0.006409  0.996970  0.001970  -0.006116  0.002458  0.008538  0.290643  0.114483  2.000000  0.999993  0.001328  -0.003384  -0.001328  0.999999  0.000113  0.003384  -0.000108  0.999994  0.999973  0.002626  -0.006840  -0.002624  0.999997  0.000328  0.006841  -0.000310  0.999977  1.000000  0.000033  -0.000086  -0.000033  1.000000  0.000004  0.000086  -0.000004  1.000000  0.999993  0.001328  -0.003384  -0.001328  0.999999  0.000113  0.003384  -0.000108  0.999994  0.000078  0.007334  
126.881803 0.003691  0.092079  -0.026451  0.996714  0.022143  -0.077916  -0.022575  0.999734  -0.004666  0.077792  0.006409  0.996949  0.002078  -0.006182  0.002528  0.009142  0.297644  0.122323  2.000000  0.999992  0.001460  -0.003727  -0.001459  0.999999  0.000129  0.003727  -0.000124  0.999993  0.999972  0.002625  -0.006974  -0.002623  0.999997  0.000329  0.006975  -0.000311  0.999976  1.000000  0.000033  -0.000087  -0.000033  1.000000  0.000004  0.000087  -0.000004  1.000000  0.999992  0.001460  -0.003727  -0.001459  0.999999  0.000129  0.003727  -0.000124  0.999993  0.000080  0.007459  
126.883046 0.003693  0.092070  -0.026447  0.996683  0.022150  -0.078314  -0.022575  0.999735  -0.004535  0.078192  0.006288  0.996918  0.002130  -0.006318  0.002596  0.012748  0.302023  0.115382  2.000000  0.999990  0.001624  -0.004155  -0.001623  0.999999  0.000154  0.004155  -0.000148  0.999991  0.999973  0.002626  -0.006840  -0.002623  0.999996  0.000451  0.006841  -0.000433  0.999977  1.000000  0.000033  -0.000086  -0.000033  1.000000  0.000006  0.000086  -0.000006  1.000000  0.999990  0.001624  -0.004155  -0.001623  0.999999  0.000154  0.004155  -0.000148  0.999991  0.000080  0.007340  
126.884046 0.003696  0.092064  -0.026444  0.996657  0.022355  -0.078581  -0.022779  0.999730  -0.004513  0.078459  0.006288  0.996898  0.002229  -0.006363  0.002659  0.013176  0.304086  0.121264  2.000000  0.999988  0.001750  -0.004493  -0.001749  0.999998  0.000177  0.004494  -0.000169  0.999990  0.999974  0.002627  -0.006706  -0.002624  0.999996  0.000452  0.006707  -0.000434  0.999977  1.000000  0.000033  -0.000084  -0.000033  1.000000  0.000006  0.000084  -0.000006  1.000000  0.999988  0.001750  -0.004493  -0.001749  0.999998  0.000177  0.004494  -0.000169  0.999990  0.000082  0.007216  
126.885050 0.003698  0.092056  -0.026440  0.996631  0.022549  -0.078852  -0.022984  0.999725  -0.004612  0.078726  0.006409  0.996876  0.002284  -0.006496  0.002671  0.009232  0.311069  0.122203  2.000000  0.999987  0.001876  -0.004832  -0.001875  0.999998  0.000195  0.004832  -0.000185  0.999988  0.999975  0.002421  -0.006705  -0.002419  0.999997  0.000315  0.006706  -0.000299  0.999977  1.000000  0.000030  -0.000084  -0.000030  1.000000  0.000004  0.000084  -0.000004  1.000000  0.999987  0.001876  -0.004832  -0.001875  0.999998  0.000195  0.004832  -0.000185  0.999988  0.000082  0.007136  
126.886292 0.003702  0.092047  -0.026436  0.996610  0.022547  -0.079118  -0.022983  0.999725  -0.004606  0.078993  0.006409  0.996855  0.002393  -0.006576  0.002772  0.008672  0.312976  0.114342  2.000000  0.999984  0.002035  -0.005255  -0.002034  0.999998  0.000209  0.005255  -0.000198  0.999986  0.999975  0.002421  -0.006705  -0.002420  0.999997  0.000195  0.006706  -0.000178  0.999977  1.000000  0.000030  -0.000084  -0.000030  1.000000  0.000002  0.000084  -0.000002  1.000000  0.999984  0.002035  -0.005255  -0.002034  0.999998  0.000209  0.005255  -0.000198  0.999986  0.000083  0.007132  
126.887296 0.003705  0.092040  -0.026431  0.996584  0.022751  -0.079386  -0.023188  0.999721  -0.004583  0.079259  0.006408  0.996833  0.002459  -0.006586  0.002922  0.009291  0.315606  0.122185  2.000000  0.999983  0.002131  -0.005508  -0.002130  0.999998  0.000217  0.005508  -0.000205  0.999985  0.999974  0.002626  -0.006707  -0.002625  0.999997  0.000212  0.006707  -0.000194  0.999977  1.000000  0.000033  -0.000084  -0.000033  1.000000  0.000003  0.000084  -0.000003  1.000000  0.999983  0.002131  -0.005508  -0.002130  0.999998  0.000217  0.005508  -0.000205  0.999985  0.000085  0.007205  
126.888298 0.003708  0.092034  -0.026425  0.996563  0.022750  -0.079653  -0.023188  0.999721  -0.004577  0.079526  0.006408  0.996812  0.002524  -0.006627  0.003149  0.012769  0.317433  0.114287  2.000000  0.999980  0.002255  -0.005843  -0.002254  0.999997  0.000227  0.005843  -0.000214  0.999983  0.999975  0.002421  -0.006705  -0.002420  0.999997  0.000196  0.006706  -0.000180  0.999977  1.000000  0.000030  -0.000084  -0.000030  1.000000  0.000002  0.000084  -0.000002  1.000000  0.999980  0.002255  -0.005843  -0.002254  0.999997  0.000227  0.005843  -0.000214  0.999983  0.000084  0.007132  
126.889544 0.003711  0.092026  -0.026419  0.996537  0.022944  -0.079923  -0.023392  0.999715  -0.004676  0.079793  0.006529  0.996790  0.002572  -0.006646  0.003410  0.009280  0.313012  0.121133  2.000000  0.999978  0.002414  -0.006255  -0.002412  0.999997  0.000235  0.006256  -0.000220  0.999980  0.999975  0.002421  -0.006572  -0.002420  0.999997  0.000076  0.006572  -0.000060  0.999978  1.000000  0.000030  -0.000082  -0.000030  1.000000  0.000001  0.000082  -0.000001  1.000000  0.999978  0.002414  -0.006255  -0.002412  0.999997  0.000235  0.006256  -0.000220  0.999980  0.000085  0.007004  
126.890797 0.003716  0.092018  -0.026412  0.996505  0.022942  -0.080323  -0.023392  0.999715  -0.004666  0.080193  0.006529  0.996758  0.002653  -0.006644  0.003661  0.009329  0.313006  0.121126  2.000000  0.999975  0.002565  -0.006656  -0.002564  0.999997  0.000240  0.006657  -0.000223  0.999978  0.999977  0.002422  -0.006304  -0.002422  0.999997  0.000076  0.006304  -0.000061  0.999980  1.000000  0.000030  -0.000079  -0.000030  1.000000  0.000001  0.000079  -0.000001  1.000000  0.999975  0.002565  -0.006656  -0.002564  0.999997  0.000240  0.006657  -0.000223  0.999978  0.000084  0.006754  
126.892046 0.003720  0.092009  -0.026406  0.996479  0.023146  -0.080591  -0.023596  0.999711  -0.004643  0.080460  0.006529  0.996736  0.002695  -0.006711  0.003827  0.009371  0.308566  0.121160  2.000000  0.999972  0.002717  -0.007040  -0.002715  0.999996  0.000245  0.007041  -0.000226  0.999975  0.999979  0.002424  -0.006037  -0.002424  0.999997  0.000077  0.006037  -0.000063  0.999982  1.000000  0.000030  -0.000075  -0.000030  1.000000  0.000001  0.000075  -0.000001  1.000000  0.999972  0.002717  -0.007040  -0.002715  0.999996  0.000245  0.007041  -0.000226  0.999975  0.000084  0.006506  
126.893296 0.003723  0.092001  -0.026401  0.996452  0.023340  -0.080861  -0.023801  0.999705  -0.004742  0.080726  0.006650  0.996714  0.002728  -0.006756  0.003986  0.005361  0.308599  0.121149  2.000000  0.999968  0.002858  -0.007411  -0.002856  0.999996  0.000245  0.007411  -0.000224  0.999973  0.999980  0.002219  -0.005902  -0.002219  0.999998  -0.000060  0.005902  0.000073  0.999983  1.000000  0.000028  -0.000074  -0.000028  1.000000  -0.000001  0.000074  0.000001  1.000000  0.999968  0.002858  -0.007411  -0.002856  0.999996  0.000245  0.007411  -0.000224  0.999973  0.000082  0.006306  
126.894301 0.003725  0.091993  -0.026398  0.996441  0.023339  -0.080994  -0.023801  0.999705  -0.004739  0.080860  0.006649  0.996703  0.002705  -0.006822  0.004054  0.004909  0.302084  0.115298  2.000000  0.999967  0.002946  -0.007627  -0.002945  0.999996  0.000244  0.007628  -0.000221  0.999971  0.999981  0.002220  -0.005768  -0.002220  0.999998  -0.000060  0.005768  0.000072  0.999983  1.000000  0.000028  -0.000072  -0.000028  1.000000  -0.000001  0.000072  0.000001  1.000000  0.999967  0.002946  -0.007627  -0.002945  0.999996  0.000244  0.007628  -0.000221  0.999971  0.000082  0.006181  
126.895550 0.003729  0.091984  -0.026393  0.996426  0.023544  -0.081129  -0.024005  0.999701  -0.004719  0.080993  0.006649  0.996692  0.002724  -0.006892  0.004115  0.000849  0.295114  0.114388  2.000000  0.999963  0.003085  -0.007976  -0.003083  0.999995  0.000241  0.007976  -0.000216  0.999968  0.999982  0.002221  -0.005500  -0.002222  0.999998  -0.000059  0.005500  0.000071  0.999985  1.000000  0.000028  -0.000069  -0.000028  1.000000  -0.000001  0.000069  0.000001  1.000000  0.999963  0.003085  -0.007976  -0.003083  0.999995  0.000241  0.007976  -0.000216  0.999968  0.000081  0.005933  
126.896550 0.003731  0.091976  -0.026390  0.996415  0.023543  -0.081262  -0.024005  0.999701  -0.004715  0.081127  0.006649  0.996682  0.002723  -0.006993  0.004120  0.000872  0.290674  0.114423  2.000000  0.999961  0.003196  -0.008244  -0.003194  0.999995  0.000238  0.008245  -0.000212  0.999966  0.999984  0.002223  -0.005233  -0.002224  0.999998  -0.000059  0.005233  0.000071  0.999986  1.000000  0.000028  -0.000065  -0.000028  1.000000  -0.000001  0.000065  0.000001  1.000000  0.999961  0.003196  -0.008244  -0.003194  0.999995  0.000238  0.008245  -0.000212  0.999966  0.000079  0.005686  
126.897809 0.003734  0.091967  -0.026386  0.996399  0.023748  -0.081396  -0.024210  0.999696  -0.004696  0.081260  0.006649  0.996671  0.002720  -0.006987  0.004116  0.000918  0.279495  0.115417  2.000000  0.999958  0.003297  -0.008502  -0.003295  0.999995  0.000235  0.008503  -0.000207  0.999964  0.999985  0.002225  -0.004965  -0.002225  0.999998  -0.000059  0.004965  0.000070  0.999988  1.000000  0.000000  0.000000  0.000000  1.000000  0.000000  0.000000  0.000000  1.000000  0.999958  0.003297  -0.008502  -0.003295  0.999995  0.000235  0.008503  -0.000207  0.999964  0.000077  0.000000  
126.899046 0.003736  0.091958  -0.026382  0.996377  0.023746  -0.081663  -0.024210  0.999696  -0.004689  0.081527  0.006649  0.996649  0.002694  -0.007044  0.004115  0.000418  0.272795  0.107694  2.000000  0.999958  0.003297  -0.008502  -0.003295  0.999995  0.000235  0.008503  -0.000207  0.999964  0.999987  0.002021  -0.004696  -0.002022  0.999998  -0.000075  0.004696  0.000085  0.999989  1.000000  0.000000  0.000000  0.000000  1.000000  0.000000  0.000000  0.000000  1.000000  0.999958  0.003297  -0.008502  -0.003295  0.999995  0.000235  0.008503  -0.000207  0.999964  0.000073  0.000000  
126.900051 0.003738  0.091950  -0.026378  0.996366  0.023745  -0.081796  -0.024209  0.999696  -0.004686  0.081660  0.006649  0.996638  0.002673  -0.007018  0.004184  0.000459  0.261548  0.108666  2.000000  0.999958  0.003297  -0.008502  -0.003295  0.999995  0.000235  0.008503  -0.000207  0.999964  0.999989  0.001818  -0.004427  -0.001818  0.999998  -0.000092  0.004427  0.000100  0.999990  1.000000  0.000000  0.000000  0.000000  1.000000  0.000000  0.000000  0.000000  1.000000  0.999958  0.003297  -0.008502  -0.003295  0.999995  0.000235  0.008503  -0.000207  0.999964  0.000071  0.000000  
126.901297 0.003741  0.091942  -0.026373  0.996350  0.023950  -0.081930  -0.024414  0.999691  -0.004666  0.081793  0.006649  0.996627  0.002642  -0.007029  0.004159  0.000496  0.248067  0.108756  2.000000  0.999958  0.003297  -0.008502  -0.003295  0.999995  0.000235  0.008503  -0.000207  0.999964  0.999989  0.002024  -0.004295  -0.002024  0.999998  -0.000074  0.004295  0.000083  0.999991  1.000000  0.000000  0.000000  0.000000  1.000000  0.000000  0.000000  0.000000  1.000000  0.999958  0.003297  -0.008502  -0.003295  0.999995  0.000235  0.008503  -0.000207  0.999964  0.000069  0.000000  
126.902602 0.003744  0.091932  -0.026369  0.996339  0.023949  -0.082064  -0.024414  0.999691  -0.004662  0.081927  0.006649  0.996616  0.002537  -0.007049  0.004002  -0.000017  0.238610  0.101736  2.000000  0.999958  0.003297  -0.008502  -0.003295  0.999995  0.000235  0.008503  -0.000207  0.999964  0.999990  0.001820  -0.004026  -0.001821  0.999998  -0.000091  0.004026  0.000098  0.999992  1.000000  0.000000  0.000000  0.000000  1.000000  0.000000  0.000000  0.000000  1.000000  0.999958  0.003297  -0.008502  -0.003295  0.999995  0.000235  0.008503  -0.000207  0.999964  0.000065  0.000000  
126.903800 0.003747  0.091924  -0.026364  0.996328  0.023948  -0.082197  -0.024414  0.999691  -0.004659  0.082060  0.006649  0.996605  0.002502  -0.007130  0.003901  -0.000534  0.229965  0.095063  2.000000  0.999958  0.003297  -0.008502  -0.003295  0.999995  0.000235  0.008503  -0.000207  0.999964  0.999991  0.001821  -0.003892  -0.001822  0.999998  -0.000212  0.003892  0.000219  0.999992  1.000000  0.000000  0.000000  0.000000  1.000000  0.000000  0.000000  0.000000  1.000000  0.999958  0.003297  -0.008502  -0.003295  0.999995  0.000235  0.008503  -0.000207  0.999964  0.000062  0.000000  
126.905046 0.003750  0.091915  -0.026358  0.996323  0.024154  -0.082198  -0.024619  0.999686  -0.004642  0.082060  0.006649  0.996605  0.002459  -0.007210  0.003833  -0.000514  0.216504  0.095163  2.000000  0.999958  0.003297  -0.008502  -0.003295  0.999995  0.000235  0.008503  -0.000207  0.999964  0.999992  0.001618  -0.003623  -0.001618  0.999999  -0.000107  0.003623  0.000113  0.999993  1.000000  0.000000  0.000000  0.000000  1.000000  0.000000  0.000000  0.000000  1.000000  0.999958  0.003297  -0.008502  -0.003295  0.999995  0.000235  0.008503  -0.000207  0.999964  0.000059  0.000000  
126.906300 0.003754  0.091905  -0.026353  0.996312  0.024143  -0.082334  -0.024618  0.999686  -0.004760  0.082193  0.006770  0.996593  0.002404  -0.007259  0.003755  -0.005112  0.207423  0.088289  2.000000  0.999958  0.003297  -0.008502  -0.003295  0.999995  0.000235  0.008503  -0.000207  0.999964  0.999993  0.001619  -0.003356  -0.001620  0.999999  -0.000229  0.003356  0.000234  0.999994  1.000000  0.000000  0.000000  0.000000  1.000000  0.000000  0.000000  0.000000  1.000000  0.999958  0.003297  -0.008502  -0.003295  0.999995  0.000235  0.008503  -0.000207  0.999964  0.000056  0.000000  
126.907546 0.003757  0.091896  -0.026348  0.996301  0.024142  -0.082467  -0.024618  0.999686  -0.004757  0.082327  0.006770  0.996582  0.002390  -0.007309  0.003718  -0.005593  0.196803  0.080800  2.000000  0.999958  0.003297  -0.008502  -0.003295  0.999995  0.000235  0.008503  -0.000207  0.999964  0.999994  0.001416  -0.003087  -0.001416  0.999999  -0.000245  0.003087  0.000250  0.999995  1.000000  0.000000  0.000000  0.000000  1.000000  0.000000  0.000000  0.000000  1.000000  0.999958  0.003297  -0.008502  -0.003295  0.999995  0.000235  0.008503  -0.000207  0.999964  0.000054  0.000000  
126.908546 0.003759  0.091889  -0.026343  0.996301  0.024142  -0.082467  -0.024618  0.999686  -0.004757  0.082327  0.006770  0.996582  0.002343  -0.007339  0.003770  -0.005623  0.184970  0.081570  2.000000  0.999958  0.003297  -0.008502  -0.003295  0.999995  0.000235  0.008503  -0.000207  0.999964  0.999995  0.001417  -0.002953  -0.001417  0.999999  -0.000245  0.002953  0.000249  0.999996  1.000000  0.000000  0.000000  0.000000  1.000000  0.000000  0.000000  0.000000  1.000000  0.999958  0.003297  -0.008502  -0.003295  0.999995  0.000235  0.008503  -0.000207  0.999964  0.000051  0.000000  
126.909547 0.003762  0.091881  -0.026339  0.996290  0.024131  -0.082604  -0.024618  0.999685  -0.004875  0.082460  0.006890  0.996571  0.002355  -0.007306  0.003878  -0.010151  0.178919  0.074063  2.000000  0.999958  0.003297  -0.008502  -0.003295  0.999995  0.000235  0.008503  -0.000207  0.999964  0.999995  0.001212  -0.002818  -0.001213  0.999999  -0.000262  0.002818  0.000265  0.999996  1.000000  0.000000  0.000000  0.000000  1.000000  0.000000  0.000000  0.000000  1.000000  0.999958  0.003297  -0.008502  -0.003295  0.999995  0.000235  0.008503  -0.000207  0.999964  0.000050  0.000000  
126.910550 0.003764  0.091874  -0.026334  0.996290  0.024131  -0.082604  -0.024618  0.999685  -0.004875  0.082460  0.006890  0.996571  0.002356  -0.007328  0.003925  0.000000  0.000000  0.000000  2.000000  0.999958  0.003297  -0.008502  -0.003295  0.999995  0.000235  0.008503  -0.000207  0.999964  0.999996  0.001214  -0.002551  -0.001214  0.999999  -0.000262  0.002550  0.000265  0.999997  1.000000  0.000000  0.000000  0.000000  1.000000  0.000000  0.000000  0.000000  1.000000  0.999958  0.003297  -0.008502  -0.003295  0.999995  0.000235  0.008503  -0.000207  0.999964  0.000047  0.000000  
126.911798 0.003767  0.091865  -0.026329  0.996279  0.024131  -0.082737  -0.024618  0.999685  -0.004872  0.082593  0.006890  0.996560  0.002402  -0.007284  0.004035  0.000000  0.000000  0.000000  2.000000  0.999958  0.003297  -0.008502  -0.003295  0.999995  0.000235  0.008503  -0.000207  0.999964  0.999997  0.001009  -0.002415  -0.001010  0.999999  -0.000279  0.002415  0.000281  0.999997  1.000000  0.000000  0.000000  0.000000  1.000000  0.000000  0.000000  0.000000  1.000000  0.999958  0.003297  -0.008502  -0.003295  0.999995  0.000235  0.008503  -0.000207  0.999964  0.000000  0.000000  
126.912803 0.003769  0.091857  -0.026325  0.996279  0.024131  -0.082737  -0.024618  0.999685  -0.004872  0.082593  0.006890  0.996560  0.002379  -0.007331  0.004033  0.000000  0.000000  0.000000  2.000000  0.999958  0.003297  -0.008502  -0.003295  0.999995  0.000235  0.008503  -0.000207  0.999964  0.999997  0.001011  -0.002148  -0.001012  0.999999  -0.000279  0.002147  0.000281  0.999998  1.000000  0.000000  0.000000  0.000000  1.000000  0.000000  0.000000  0.000000  1.000000  0.999958  0.003297  -0.008502  -0.003295  0.999995  0.000235  0.008503  -0.000207  0.999964  0.000000  0.000000  
126.914046 0.003773  0.091848  -0.026322  0.996279  0.024131  -0.082737  -0.024618  0.999685  -0.004872  0.082593  0.006890  0.996560  0.002435  -0.007330  0.003977  0.000000  0.000000  0.000000  2.000000  0.999958  0.003297  -0.008502  -0.003295  0.999995  0.000235  0.008503  -0.000207  0.999964  0.999998  0.000808  -0.001879  -0.000808  1.000000  -0.000175  0.001879  0.000176  0.999998  1.000000  0.000000  0.000000  0.000000  1.000000  0.000000  0.000000  0.000000  1.000000  0.999958  0.003297  -0.008502  -0.003295  0.999995  0.000235  0.008503  -0.000207  0.999964  0.000000  0.000000  
126.915050 0.003775  0.091840  -0.026320  0.996279  0.024131  -0.082737  -0.024618  0.999685  -0.004872  0.082593  0.006890  0.996560  0.002462  -0.007358  0.003905  0.000000  0.000000  0.000000  2.000000  0.999958  0.003297  -0.008502  -0.003295  0.999995  0.000235  0.008503  -0.000207  0.999964  0.999998  0.000809  -0.001745  -0.000809  1.000000  -0.000175  0.001745  0.000176  0.999998  1.000000  0.000000  0.000000  0.000000  1.000000  0.000000  0.000000  0.000000  1.000000  0.999958  0.003297  -0.008502  -0.003295  0.999995  0.000235  0.008503  -0.000207  0.999964  0.000000  0.000000  
126.916302 0.003779  0.091831  -0.026317  0.996279  0.024131  -0.082737  -0.024618  0.999685  -0.004872  0.082593  0.006890  0.996560  0.002500  -0.007391  0.003781  0.000000  0.000000  0.000000  2.000000  0.999958  0.003297  -0.008502  -0.003295  0.999995  0.000235  0.008503  -0.000207  0.999964  0.999999  0.000605  -0.001476  -0.000606  1.000000  -0.000192  0.001476  0.000192  0.999999  1.000000  0.000000  0.000000  0.000000  1.000000  0.000000  0.000000  0.000000  1.000000  0.999958  0.003297  -0.008502  -0.003295  0.999995  0.000235  0.008503  -0.000207  0.999964  0.000000  0.000000  
126.917547 0.003782  0.091821  -0.026315  0.996279  0.024131  -0.082737  -0.024618  0.999685  -0.004872  0.082593  0.006890  0.996560  0.002568  -0.007446  0.003576  0.000000  0.000000  0.000000  2.000000  0.999958  0.003297  -0.008502  -0.003295  0.999995  0.000235  0.008503  -0.000207  0.999964  0.999999  0.000606  -0.001342  -0.000607  1.000000  -0.000192  0.001342  0.000192  0.999999  1.000000  0.000000  0.000000  0.000000  1.000000  0.000000  0.000000  0.000000  1.000000  0.999958  0.003297  -0.008502  -0.003295  0.999995  0.000235  0.008503  -0.000207  0.999964  0.000000  0.000000  
126.918803 0.003785  0.091812  -0.026313  0.996279  0.024131  -0.082737  -0.024618  0.999685  -0.004872  0.082593  0.006890  0.996560  0.002574  -0.007454  0.003325  0.000000  0.000000  0.000000  2.000000  0.999958  0.003297  -0.008502  -0.003295  0.999995  0.000235  0.008503  -0.000207  0.999964  0.999999  0.000402  -0.001207  -0.000402  1.000000  -0.000209  0.001207  0.000209  0.999999  1.000000  0.000000  0.000000  0.000000  1.000000  0.000000  0.000000  0.000000  1.000000  0.999958  0.003297  -0.008502  -0.003295  0.999995  0.000235  0.008503  -0.000207  0.999964  0.000000  0.000000  
126.920046 0.003789  0.091802  -0.026311  0.996284  0.023925  -0.082736  -0.024413  0.999690  -0.004889  0.082593  0.006890  0.996560  0.002592  -0.007508  0.003137  0.000000  0.000000  0.000000  2.000000  0.999958  0.003297  -0.008502  -0.003295  0.999995  0.000235  0.008503  -0.000207  0.999964  0.999999  0.000198  -0.001072  -0.000198  1.000000  -0.000226  0.001072  0.000226  0.999999  1.000000  0.000000  0.000000  0.000000  1.000000  0.000000  0.000000  0.000000  1.000000  0.999958  0.003297  -0.008502  -0.003295  0.999995  0.000235  0.008503  -0.000207  0.999964  0.000000  0.000000  
126.921047 0.003792  0.091794  -0.026309  0.996284  0.023925  -0.082736  -0.024413  0.999690  -0.004889  0.082593  0.006890  0.996560  0.002634  -0.007546  0.003002  0.000000  0.000000  0.000000  2.000000  0.999958  0.003297  -0.008502  -0.003295  0.999995  0.000235  0.008503  -0.000207  0.999964  1.000000  0.000199  -0.000938  -0.000199  1.000000  -0.000226  0.000938  0.000226  1.000000  1.000000  0.000000  0.000000  0.000000  1.000000  0.000000  0.000000  0.000000  1.000000  0.999958  0.003297  -0.008502  -0.003295  0.999995  0.000235  0.008503  -0.000207  0.999964  0.000000  0.000000  
126.922300 0.003796  0.091784  -0.026306  0.996284  0.023925  -0.082736  -0.024413  0.999690  -0.004889  0.082593  0.006890  0.996560  0.002655  -0.007623  0.002835  0.000000  0.000000  0.000000  2.000000  0.999958  0.003297  -0.008502  -0.003295  0.999995  0.000235  0.008503  -0.000207  0.999964  1.000000  -0.000006  -0.000803  0.000005  1.000000  -0.000243  0.000803  0.000243  1.000000  1.000000  0.000000  0.000000  0.000000  1.000000  0.000000  0.000000  0.000000  1.000000  0.999958  0.003297  -0.008502  -0.003295  0.999995  0.000235  0.008503  -0.000207  0.999964  0.000000  0.000000  
