1-Time 2-Px 3-Py 4-Pz 5-R11 6-R21 7-R31 8-R12 9-R22 10-R32 11-R13 12-R23 13-R33 14-Vx 15-Vy 16-Vz 17-Wx 18-Wy 19-Wz 20-state 21-PR11 22-PR21 23-PR31 24-PR12 25-PR22 26-PR32 27-PR13 28-PR23 29-PR33 
98.892228 0.001282  0.090070  -0.012617  0.999708  0.006617  0.023252  -0.007409  0.999389  0.034149  -0.023011  -0.034311  0.999146  0.000143  0.000119  0.000309  0.000000  0.000000  0.000000  2.000000  1.000000  0.000000  0.000000  0.000000  1.000000  0.000000  0.000000  0.000000  1.000000  0.999999  -0.001632  -0.000458  0.001631  0.999998  -0.001418  0.000460  0.001417  0.999999  1.000000  0.000000  0.000000  0.000000  1.000000  0.000000  0.000000  0.000000  1.000000  0.844909  0.483068  -0.229727  -0.478491  0.874522  0.079102  0.239113  0.043089  0.970035  0.000000  0.000000  
98.893234 0.001282  0.090070  -0.012618  0.999709  0.006414  0.023244  -0.007204  0.999395  0.034032  -0.023011  -0.034190  0.999150  0.000123  0.000091  0.000254  0.000000  0.000000  0.000000  2.000000  1.000000  0.000000  0.000000  0.000000  1.000000  0.000000  0.000000  0.000000  1.000000  0.999998  -0.001838  -0.000465  0.001837  0.999997  -0.001534  0.000467  0.001533  0.999999  1.000000  0.000000  0.000000  0.000000  1.000000  0.000000  0.000000  0.000000  1.000000  1.000000  0.000000  0.000000  0.000000  1.000000  0.000000  0.000000  0.000000  1.000000  0.000000  0.000000  
98.894239 0.001281  0.090068  -0.012621  0.999709  0.006414  0.023244  -0.007204  0.999395  0.034032  -0.023011  -0.034190  0.999150  0.000039  -0.000052  -0.000053  0.000000  0.000000  0.000000  2.000000  1.000000  0.000000  0.000000  0.000000  1.000000  0.000000  0.000000  0.000000  1.000000  0.999998  -0.001838  -0.000465  0.001837  0.999997  -0.001413  0.000467  0.001412  0.999999  1.000000  0.000000  0.000000  0.000000  1.000000  0.000000  0.000000  0.000000  1.000000  1.000000  0.000000  0.000000  0.000000  1.000000  0.000000  0.000000  0.000000  1.000000  0.000000  0.000000  
98.895240 0.001280  0.090065  -0.012627  0.999708  0.006204  0.023370  -0.006998  0.999396  0.034036  -0.023145  -0.034190  0.999147  -0.000067  -0.000297  -0.000451  0.000000  0.000000  0.000000  2.000000  1.000000  0.000000  0.000000  0.000000  1.000000  0.000000  0.000000  0.000000  1.000000  0.999999  -0.001641  -0.000190  0.001641  0.999998  -0.001417  0.000192  0.001417  0.999999  1.000000  0.000000  0.000000  0.000000  1.000000  0.000000  0.000000  0.000000  1.000000  1.000000  0.000000  0.000000  0.000000  1.000000  0.000000  0.000000  0.000000  1.000000  0.000000  0.000000  
98.896241 0.001279  0.090061  -0.012633  0.999708  0.006204  0.023370  -0.006998  0.999396  0.034036  -0.023145  -0.034190  0.999147  -0.000150  -0.000548  -0.000920  0.000000  0.000000  0.000000  2.000000  1.000000  0.000000  0.000000  0.000000  1.000000  0.000000  0.000000  0.000000  1.000000  0.999998  -0.001847  -0.000197  0.001846  0.999997  -0.001291  0.000199  0.001291  0.999999  1.000000  0.000000  0.000000  0.000000  1.000000  0.000000  0.000000  0.000000  1.000000  1.000000  0.000000  0.000000  0.000000  1.000000  0.000000  0.000000  0.000000  1.000000  0.000000  0.000000  
98.897486 0.001279  0.090057  -0.012640  0.999705  0.006199  0.023504  -0.006998  0.999396  0.034035  -0.023279  -0.034190  0.999144  -0.000155  -0.000850  -0.001416  0.000000  0.000000  0.000000  2.000000  1.000000  0.000000  0.000000  0.000000  1.000000  0.000000  0.000000  0.000000  1.000000  0.999999  -0.001646  -0.000056  0.001645  0.999998  -0.001296  0.000058  0.001296  0.999999  1.000000  0.000000  0.000000  0.000000  1.000000  0.000000  0.000000  0.000000  1.000000  1.000000  0.000000  0.000000  0.000000  1.000000  0.000000  0.000000  0.000000  1.000000  0.000000  0.000000  
98.898741 0.001278  0.090052  -0.012647  0.999706  0.005994  0.023497  -0.006792  0.999397  0.034040  -0.023279  -0.034190  0.999144  -0.000203  -0.001173  -0.001893  0.000000  0.000000  0.000000  2.000000  1.000000  0.000000  0.000000  0.000000  1.000000  0.000000  0.000000  0.000000  1.000000  0.999998  -0.001851  -0.000063  0.001851  0.999998  -0.001170  0.000066  0.001170  0.999999  1.000000  0.000000  0.000000  0.000000  1.000000  0.000000  0.000000  0.000000  1.000000  1.000000  0.000000  0.000000  0.000000  1.000000  0.000000  0.000000  0.000000  1.000000  0.000000  0.000000  
98.899991 0.001278  0.090048  -0.012654  0.999707  0.005788  0.023490  -0.006586  0.999399  0.034045  -0.023279  -0.034190  0.999144  -0.000196  -0.001477  -0.002424  0.000000  0.000000  0.000000  2.000000  1.000000  0.000000  0.000000  0.000000  1.000000  0.000000  0.000000  0.000000  1.000000  0.999999  -0.001646  -0.000056  0.001645  0.999998  -0.001053  0.000058  0.001053  0.999999  1.000000  0.000000  0.000000  0.000000  1.000000  0.000000  0.000000  0.000000  1.000000  1.000000  0.000000  0.000000  0.000000  1.000000  0.000000  0.000000  0.000000  1.000000  0.000000  0.000000  
98.901022 0.001279  0.090045  -0.012660  0.999707  0.005788  0.023490  -0.006586  0.999399  0.034045  -0.023279  -0.034190  0.999144  -0.000136  -0.001650  -0.002840  0.000000  0.000000  0.000000  2.000000  1.000000  0.000000  0.000000  0.000000  1.000000  0.000000  0.000000  0.000000  1.000000  0.999998  -0.001851  -0.000063  0.001851  0.999998  -0.001049  0.000065  0.001048  0.999999  1.000000  0.000000  0.000000  0.000000  1.000000  0.000000  0.000000  0.000000  1.000000  1.000000  0.000000  0.000000  0.000000  1.000000  0.000000  0.000000  0.000000  1.000000  0.000000  0.000000  
98.902235 0.001279  0.090041  -0.012668  0.999707  0.005788  0.023490  -0.006586  0.999399  0.034045  -0.023279  -0.034190  0.999144  -0.000168  -0.001960  -0.003405  0.000000  0.000000  0.000000  2.000000  1.000000  0.000000  0.000000  0.000000  1.000000  0.000000  0.000000  0.000000  1.000000  0.999999  -0.001650  0.000077  0.001650  0.999998  -0.000932  -0.000076  0.000932  1.000000  1.000000  0.000000  0.000000  0.000000  1.000000  0.000000  0.000000  0.000000  1.000000  1.000000  0.000000  0.000000  0.000000  1.000000  0.000000  0.000000  0.000000  1.000000  0.000000  0.000000  
98.903235 0.001279  0.090038  -0.012675  0.999707  0.005788  0.023490  -0.006586  0.999399  0.034045  -0.023279  -0.034190  0.999144  -0.000170  -0.002187  -0.003863  0.000000  0.000000  0.000000  2.000000  1.000000  0.000000  0.000000  0.000000  1.000000  0.000000  0.000000  0.000000  1.000000  0.999999  -0.001650  0.000077  0.001650  0.999998  -0.000811  -0.000076  0.000811  1.000000  1.000000  0.000000  0.000000  0.000000  1.000000  0.000000  0.000000  0.000000  1.000000  1.000000  0.000000  0.000000  0.000000  1.000000  0.000000  0.000000  0.000000  1.000000  0.000000  0.000000  
98.904239 0.001279  0.090035  -0.012681  0.999707  0.005791  0.023489  -0.006586  0.999403  0.033924  -0.023279  -0.034069  0.999148  -0.000171  -0.002413  -0.004321  0.000000  0.000000  0.000000  2.000000  1.000000  0.000000  0.000000  0.000000  1.000000  0.000000  0.000000  0.000000  1.000000  0.999999  -0.001650  0.000078  0.001650  0.999998  -0.000932  -0.000076  0.000932  1.000000  1.000000  0.000000  0.000000  0.000000  1.000000  0.000000  0.000000  0.000000  1.000000  1.000000  0.000000  0.000000  0.000000  1.000000  0.000000  0.000000  0.000000  1.000000  0.000000  0.000000  
98.905485 0.001280  0.090031  -0.012690  0.999706  0.005583  0.023615  -0.006380  0.999408  0.033807  -0.023413  -0.033947  0.999149  -0.000118  -0.002675  -0.004916  0.000000  0.000000  0.000000  2.000000  1.000000  0.000000  0.000000  0.000000  1.000000  0.000000  0.000000  0.000000  1.000000  0.999999  -0.001655  0.000212  0.001655  0.999998  -0.000932  -0.000210  0.000932  1.000000  1.000000  0.000000  0.000000  0.000000  1.000000  0.000000  0.000000  0.000000  1.000000  1.000000  0.000000  0.000000  0.000000  1.000000  0.000000  0.000000  0.000000  1.000000  0.000000  0.000000  
98.906733 0.001281  0.090027  -0.012698  0.999706  0.005586  0.023615  -0.006380  0.999412  0.033685  -0.023413  -0.033826  0.999153  -0.000063  -0.002892  -0.005425  0.000000  0.000000  0.000000  2.000000  1.000000  0.000000  0.000000  0.000000  1.000000  0.000000  0.000000  0.000000  1.000000  0.999999  -0.001449  0.000219  0.001449  0.999999  -0.000937  -0.000217  0.000937  1.000000  1.000000  0.000000  0.000000  0.000000  1.000000  0.000000  0.000000  0.000000  1.000000  1.000000  0.000000  0.000000  0.000000  1.000000  0.000000  0.000000  0.000000  1.000000  0.000000  0.000000  
98.907735 0.001281  0.090023  -0.012706  0.999709  0.005594  0.023480  -0.006380  0.999416  0.033565  -0.023279  -0.033705  0.999161  -0.000116  -0.003218  -0.006044  0.000000  0.000000  0.000000  2.000000  1.000000  0.000000  0.000000  0.000000  1.000000  0.000000  0.000000  0.000000  1.000000  0.999999  -0.001444  0.000085  0.001444  0.999998  -0.001058  -0.000084  0.001058  0.999999  1.000000  0.000000  0.000000  0.000000  1.000000  0.000000  0.000000  0.000000  1.000000  1.000000  0.000000  0.000000  0.000000  1.000000  0.000000  0.000000  0.000000  1.000000  0.000000  0.000000  
98.908739 0.001280  0.090019  -0.012714  0.999709  0.005596  0.023480  -0.006380  0.999420  0.033444  -0.023279  -0.033584  0.999165  -0.000111  -0.003360  -0.006332  0.000000  0.000000  0.000000  2.000000  1.000000  0.000000  0.000000  0.000000  1.000000  0.000000  0.000000  0.000000  1.000000  0.999999  -0.001444  0.000085  0.001444  0.999998  -0.001058  -0.000084  0.001058  0.999999  1.000000  0.000000  0.000000  0.000000  1.000000  0.000000  0.000000  0.000000  1.000000  1.000000  0.000000  0.000000  0.000000  1.000000  0.000000  0.000000  0.000000  1.000000  0.000000  0.000000  
98.909982 0.001279  0.090014  -0.012724  0.999709  0.005596  0.023480  -0.006380  0.999420  0.033444  -0.023279  -0.033584  0.999165  -0.000081  -0.003450  -0.006581  0.000000  0.000000  0.000000  2.000000  1.000000  0.000000  0.000000  0.000000  1.000000  0.000000  0.000000  0.000000  1.000000  0.999999  -0.001239  0.000092  0.001239  0.999999  -0.000942  -0.000091  0.000942  1.000000  1.000000  0.000000  0.000000  0.000000  1.000000  0.000000  0.000000  0.000000  1.000000  1.000000  0.000000  0.000000  0.000000  1.000000  0.000000  0.000000  0.000000  1.000000  0.000000  0.000000  
98.910988 0.001279  0.090009  -0.012732  0.999709  0.005599  0.023479  -0.006380  0.999424  0.033323  -0.023279  -0.033463  0.999169  0.000027  -0.003533  -0.006701  0.000000  0.000000  0.000000  2.000000  1.000000  0.000000  0.000000  0.000000  1.000000  0.000000  0.000000  0.000000  1.000000  0.999999  -0.001037  0.000233  0.001038  0.999999  -0.000946  -0.000232  0.000947  1.000000  1.000000  0.000000  0.000000  0.000000  1.000000  0.000000  0.000000  0.000000  1.000000  1.000000  0.000000  0.000000  0.000000  1.000000  0.000000  0.000000  0.000000  1.000000  0.000000  0.000000  
98.912239 0.001278  0.090004  -0.012742  0.999709  0.005599  0.023479  -0.006380  0.999424  0.033323  -0.023279  -0.033463  0.999169  -0.000019  -0.003618  -0.006897  0.000000  0.000000  0.000000  2.000000  1.000000  0.000000  0.000000  0.000000  1.000000  0.000000  0.000000  0.000000  1.000000  0.999999  -0.001037  0.000233  0.001038  0.999999  -0.000825  -0.000232  0.000825  1.000000  1.000000  0.000000  0.000000  0.000000  1.000000  0.000000  0.000000  0.000000  1.000000  1.000000  0.000000  0.000000  0.000000  1.000000  0.000000  0.000000  0.000000  1.000000  0.000000  0.000000  
98.913488 0.001278  0.089998  -0.012753  0.999706  0.005592  0.023613  -0.006380  0.999420  0.033443  -0.023413  -0.033584  0.999162  -0.000030  -0.003716  -0.007207  0.000000  0.000000  0.000000  2.000000  1.000000  0.000000  0.000000  0.000000  1.000000  0.000000  0.000000  0.000000  1.000000  1.000000  -0.000836  0.000374  0.000837  0.999999  -0.000709  -0.000373  0.000709  1.000000  1.000000  0.000000  0.000000  0.000000  1.000000  0.000000  0.000000  0.000000  1.000000  1.000000  0.000000  0.000000  0.000000  1.000000  0.000000  0.000000  0.000000  1.000000  0.000000  0.000000  
98.914489 0.001278  0.089993  -0.012763  0.999706  0.005592  0.023613  -0.006380  0.999420  0.033443  -0.023413  -0.033584  0.999162  -0.000043  -0.003825  -0.007431  0.000000  0.000000  0.000000  2.000000  1.000000  0.000000  0.000000  0.000000  1.000000  0.000000  0.000000  0.000000  1.000000  1.000000  -0.000836  0.000374  0.000837  0.999999  -0.000587  -0.000373  0.000588  1.000000  1.000000  0.000000  0.000000  0.000000  1.000000  0.000000  0.000000  0.000000  1.000000  1.000000  0.000000  0.000000  0.000000  1.000000  0.000000  0.000000  0.000000  1.000000  0.000000  0.000000  
98.915740 0.001278  0.089987  -0.012778  0.999706  0.005589  0.023614  -0.006380  0.999416  0.033564  -0.023413  -0.033705  0.999158  -0.000070  -0.003996  -0.007971  0.000000  0.000000  0.000000  2.000000  1.000000  0.000000  0.000000  0.000000  1.000000  0.000000  0.000000  0.000000  1.000000  1.000000  -0.000626  0.000247  0.000626  1.000000  -0.000471  -0.000246  0.000471  1.000000  1.000000  0.000000  0.000000  0.000000  1.000000  0.000000  0.000000  0.000000  1.000000  1.000000  0.000000  0.000000  0.000000  1.000000  0.000000  0.000000  0.000000  1.000000  0.000000  0.000000  
98.916740 0.001278  0.089981  -0.012791  0.999702  0.005585  0.023748  -0.006380  0.999416  0.033563  -0.023546  -0.033705  0.999154  -0.000074  -0.004155  -0.008406  0.000000  0.000000  0.000000  2.000000  1.000000  0.000000  0.000000  0.000000  1.000000  0.000000  0.000000  0.000000  1.000000  1.000000  -0.000631  0.000380  0.000631  1.000000  -0.000471  -0.000380  0.000471  1.000000  1.000000  0.000000  0.000000  0.000000  1.000000  0.000000  0.000000  0.000000  1.000000  1.000000  0.000000  0.000000  0.000000  1.000000  0.000000  0.000000  0.000000  1.000000  0.000000  0.000000  
98.917988 0.001278  0.089973  -0.012808  0.999702  0.005582  0.023748  -0.006380  0.999412  0.033685  -0.023546  -0.033826  0.999150  -0.000089  -0.004384  -0.009070  0.000000  0.000000  0.000000  2.000000  1.000000  0.000000  0.000000  0.000000  1.000000  0.000000  0.000000  0.000000  1.000000  1.000000  -0.000626  0.000247  0.000626  1.000000  -0.000349  -0.000246  0.000350  1.000000  1.000000  0.000000  0.000000  0.000000  1.000000  0.000000  0.000000  0.000000  1.000000  1.000000  0.000000  0.000000  0.000000  1.000000  0.000000  0.000000  0.000000  1.000000  0.000000  0.000000  
98.919237 0.001278  0.089966  -0.012824  0.999702  0.005579  0.023749  -0.006380  0.999408  0.033806  -0.023546  -0.033947  0.999146  -0.000112  -0.004573  -0.009560  0.000000  0.000000  0.000000  2.000000  1.000000  0.000000  0.000000  0.000000  1.000000  0.000000  0.000000  0.000000  1.000000  1.000000  -0.000420  0.000253  0.000421  1.000000  -0.000233  -0.000253  0.000233  1.000000  1.000000  0.000000  0.000000  0.000000  1.000000  0.000000  0.000000  0.000000  1.000000  1.000000  0.000000  0.000000  0.000000  1.000000  0.000000  0.000000  0.000000  1.000000  0.000000  0.000000  
98.920484 0.001278  0.089959  -0.012841  0.999699  0.005571  0.023883  -0.006380  0.999404  0.033926  -0.023680  -0.034068  0.999139  -0.000149  -0.004778  -0.010083  0.000000  0.000000  0.000000  2.000000  1.000000  0.000000  0.000000  0.000000  1.000000  0.000000  0.000000  0.000000  1.000000  1.000000  -0.000219  0.000394  0.000219  1.000000  -0.000116  -0.000394  0.000117  1.000000  1.000000  0.000000  0.000000  0.000000  1.000000  0.000000  0.000000  0.000000  1.000000  1.000000  0.000000  0.000000  0.000000  1.000000  0.000000  0.000000  0.000000  1.000000  0.000000  0.000000  
98.921485 0.001278  0.089954  -0.012853  0.999699  0.005571  0.023883  -0.006380  0.999404  0.033926  -0.023680  -0.034068  0.999139  -0.000186  -0.004947  -0.010488  0.000000  0.000000  0.000000  2.000000  1.000000  0.000000  0.000000  0.000000  1.000000  0.000000  0.000000  0.000000  1.000000  1.000000  -0.000219  0.000394  0.000219  1.000000  -0.000116  -0.000394  0.000117  1.000000  1.000000  0.000000  0.000000  0.000000  1.000000  0.000000  0.000000  0.000000  1.000000  1.000000  0.000000  0.000000  0.000000  1.000000  0.000000  0.000000  0.000000  1.000000  0.000000  0.000000  
98.922734 0.001279  0.089948  -0.012867  0.999696  0.005564  0.024018  -0.006380  0.999400  0.034047  -0.023814  -0.034189  0.999132  -0.000124  -0.005039  -0.010732  0.000000  0.000000  0.000000  2.000000  1.000000  0.000000  0.000000  0.000000  1.000000  0.000000  0.000000  0.000000  1.000000  1.000000  -0.000224  0.000528  0.000224  1.000000  0.000005  -0.000528  -0.000005  1.000000  1.000000  0.000000  0.000000  0.000000  1.000000  0.000000  0.000000  0.000000  1.000000  1.000000  0.000000  0.000000  0.000000  1.000000  0.000000  0.000000  0.000000  1.000000  0.000000  0.000000  
98.923735 0.001279  0.089943  -0.012877  0.999696  0.005564  0.024018  -0.006380  0.999400  0.034047  -0.023814  -0.034189  0.999132  -0.000070  -0.005074  -0.010866  0.000000  0.000000  0.000000  2.000000  1.000000  0.000000  0.000000  0.000000  1.000000  0.000000  0.000000  0.000000  1.000000  1.000000  -0.000224  0.000528  0.000224  1.000000  0.000005  -0.000528  -0.000005  1.000000  1.000000  0.000000  0.000000  0.000000  1.000000  0.000000  0.000000  0.000000  1.000000  1.000000  0.000000  0.000000  0.000000  1.000000  0.000000  0.000000  0.000000  1.000000  0.000000  0.000000  
98.924756 0.001280  0.089938  -0.012886  0.999693  0.005559  0.024151  -0.006380  0.999400  0.034046  -0.023948  -0.034189  0.999128  0.000029  -0.005098  -0.010966  0.000000  0.000000  0.000000  2.000000  1.000000  0.000000  0.000000  0.000000  1.000000  0.000000  0.000000  0.000000  1.000000  1.000000  -0.000224  0.000528  0.000224  1.000000  0.000126  -0.000528  -0.000126  1.000000  1.000000  0.000000  0.000000  0.000000  1.000000  0.000000  0.000000  0.000000  1.000000  1.000000  0.000000  0.000000  0.000000  1.000000  0.000000  0.000000  0.000000  1.000000  0.000000  0.000000  
98.925985 0.001280  0.089932  -0.012898  0.999693  0.005559  0.024151  -0.006380  0.999400  0.034046  -0.023948  -0.034189  0.999128  0.000056  -0.005114  -0.011077  0.000000  0.000000  0.000000  2.000000  1.000000  0.000000  0.000000  0.000000  1.000000  0.000000  0.000000  0.000000  1.000000  1.000000  -0.000018  0.000535  0.000018  1.000000  0.000243  -0.000535  -0.000243  1.000000  1.000000  0.000000  0.000000  0.000000  1.000000  0.000000  0.000000  0.000000  1.000000  1.000000  0.000000  0.000000  0.000000  1.000000  0.000000  0.000000  0.000000  1.000000  0.000000  0.000000  
98.927234 0.001281  0.089927  -0.012910  0.999693  0.005559  0.024151  -0.006380  0.999400  0.034046  -0.023948  -0.034189  0.999128  0.000152  -0.005127  -0.011229  0.000000  0.000000  0.000000  2.000000  1.000000  0.000000  0.000000  0.000000  1.000000  0.000000  0.000000  0.000000  1.000000  1.000000  -0.000018  0.000535  0.000018  1.000000  0.000364  -0.000535  -0.000364  1.000000  1.000000  0.000000  0.000000  0.000000  1.000000  0.000000  0.000000  0.000000  1.000000  1.000000  0.000000  0.000000  0.000000  1.000000  0.000000  0.000000  0.000000  1.000000  0.000000  0.000000  
98.928242 0.001281  0.089923  -0.012921  0.999690  0.005555  0.024285  -0.006380  0.999400  0.034045  -0.024081  -0.034189  0.999125  0.000231  -0.005088  -0.011375  0.000000  0.000000  0.000000  2.000000  1.000000  0.000000  0.000000  0.000000  1.000000  0.000000  0.000000  0.000000  1.000000  1.000000  -0.000027  0.000802  0.000027  1.000000  0.000485  -0.000802  -0.000485  1.000000  1.000000  0.000000  0.000000  0.000000  1.000000  0.000000  0.000000  0.000000  1.000000  1.000000  0.000000  0.000000  0.000000  1.000000  0.000000  0.000000  0.000000  1.000000  0.000000  0.000000  
98.929493 0.001281  0.089917  -0.012936  0.999690  0.005555  0.024285  -0.006380  0.999400  0.034045  -0.024081  -0.034189  0.999125  0.000231  -0.005078  -0.011556  0.000000  0.000000  0.000000  2.000000  1.000000  0.000000  0.000000  0.000000  1.000000  0.000000  0.000000  0.000000  1.000000  1.000000  -0.000027  0.000802  0.000027  1.000000  0.000606  -0.000802  -0.000606  0.999999  1.000000  0.000000  0.000000  0.000000  1.000000  0.000000  0.000000  0.000000  1.000000  1.000000  0.000000  0.000000  0.000000  1.000000  0.000000  0.000000  0.000000  1.000000  0.000000  0.000000  
98.930734 0.001281  0.089910  -0.012951  0.999690  0.005552  0.024286  -0.006380  0.999396  0.034166  -0.024081  -0.034310  0.999121  0.000170  -0.005080  -0.011534  0.000000  0.000000  0.000000  2.000000  1.000000  0.000000  0.000000  0.000000  1.000000  0.000000  0.000000  0.000000  1.000000  1.000000  -0.000027  0.000802  0.000027  1.000000  0.000728  -0.000802  -0.000728  0.999999  1.000000  0.000000  0.000000  0.000000  1.000000  0.000000  0.000000  0.000000  1.000000  1.000000  0.000000  0.000000  0.000000  1.000000  0.000000  0.000000  0.000000  1.000000  0.000000  0.000000  
98.931739 0.001281  0.089906  -0.012963  0.999690  0.005552  0.024286  -0.006380  0.999396  0.034166  -0.024081  -0.034310  0.999121  0.000203  -0.004980  -0.011477  0.000000  0.000000  0.000000  2.000000  1.000000  0.000000  0.000000  0.000000  1.000000  0.000000  0.000000  0.000000  1.000000  1.000000  -0.000028  0.000802  0.000027  1.000000  0.000849  -0.000802  -0.000849  0.999999  1.000000  0.000000  0.000000  0.000000  1.000000  0.000000  0.000000  0.000000  1.000000  1.000000  0.000000  0.000000  0.000000  1.000000  0.000000  0.000000  0.000000  1.000000  0.000000  0.000000  
98.932741 0.001282  0.089903  -0.012974  0.999686  0.005544  0.024420  -0.006380  0.999392  0.034286  -0.024215  -0.034431  0.999114  0.000293  -0.004791  -0.011244  0.000000  0.000000  0.000000  2.000000  1.000000  0.000000  0.000000  0.000000  1.000000  0.000000  0.000000  0.000000  1.000000  1.000000  -0.000032  0.000936  0.000031  1.000000  0.000970  -0.000936  -0.000970  0.999999  1.000000  0.000000  0.000000  0.000000  1.000000  0.000000  0.000000  0.000000  1.000000  1.000000  0.000000  0.000000  0.000000  1.000000  0.000000  0.000000  0.000000  1.000000  0.000000  0.000000  
98.933988 0.001283  0.089898  -0.012989  0.999686  0.005541  0.024421  -0.006380  0.999388  0.034408  -0.024215  -0.034553  0.999109  0.000346  -0.004664  -0.011137  0.000000  0.000000  0.000000  2.000000  1.000000  0.000000  0.000000  0.000000  1.000000  0.000000  0.000000  0.000000  1.000000  1.000000  -0.000028  0.000802  0.000027  1.000000  0.000849  -0.000802  -0.000849  0.999999  1.000000  0.000000  0.000000  0.000000  1.000000  0.000000  0.000000  0.000000  1.000000  1.000000  0.000000  0.000000  0.000000  1.000000  0.000000  0.000000  0.000000  1.000000  0.000000  0.000000  
98.935240 0.001282  0.089892  -0.013005  0.999683  0.005534  0.024555  -0.006380  0.999383  0.034528  -0.024349  -0.034674  0.999102  0.000298  -0.004587  -0.011091  0.000000  0.000000  0.000000  2.000000  1.000000  0.000000  0.000000  0.000000  1.000000  0.000000  0.000000  0.000000  1.000000  1.000000  -0.000032  0.000936  0.000031  1.000000  0.000970  -0.000936  -0.000970  0.999999  1.000000  0.000000  0.000000  0.000000  1.000000  0.000000  0.000000  0.000000  1.000000  1.000000  0.000000  0.000000  0.000000  1.000000  0.000000  0.000000  0.000000  1.000000  0.000000  0.000000  
98.936484 0.001282  0.089886  -0.013022  0.999677  0.005521  0.024823  -0.006380  0.999379  0.034647  -0.024616  -0.034795  0.999091  0.000267  -0.004560  -0.011231  0.000000  0.000000  0.000000  2.000000  1.000000  0.000000  0.000000  0.000000  1.000000  0.000000  0.000000  0.000000  1.000000  0.999999  -0.000037  0.001070  0.000036  1.000000  0.000970  -0.001070  -0.000970  0.999999  1.000000  0.000000  0.000000  0.000000  1.000000  0.000000  0.000000  0.000000  1.000000  1.000000  0.000000  0.000000  0.000000  1.000000  0.000000  0.000000  0.000000  1.000000  0.000000  0.000000  
98.937488 0.001281  0.089880  -0.013037  0.999677  0.005518  0.024824  -0.006380  0.999375  0.034769  -0.024616  -0.034916  0.999087  0.000169  -0.004569  -0.011500  0.000000  0.000000  0.000000  2.000000  1.000000  0.000000  0.000000  0.000000  1.000000  0.000000  0.000000  0.000000  1.000000  0.999999  -0.000037  0.001070  0.000036  1.000000  0.000970  -0.001070  -0.000970  0.999999  1.000000  0.000000  0.000000  0.000000  1.000000  0.000000  0.000000  0.000000  1.000000  1.000000  0.000000  0.000000  0.000000  1.000000  0.000000  0.000000  0.000000  1.000000  0.000000  0.000000  
98.938734 0.001280  0.089873  -0.013056  0.999670  0.005506  0.025092  -0.006380  0.999371  0.034888  -0.024884  -0.035037  0.999076  0.000099  -0.004661  -0.011953  0.000000  0.000000  0.000000  2.000000  1.000000  0.000000  0.000000  0.000000  1.000000  0.000000  0.000000  0.000000  1.000000  0.999999  -0.000042  0.001203  0.000041  1.000000  0.000970  -0.001203  -0.000970  0.999999  1.000000  0.000000  0.000000  0.000000  1.000000  0.000000  0.000000  0.000000  1.000000  1.000000  0.000000  0.000000  0.000000  1.000000  0.000000  0.000000  0.000000  1.000000  0.000000  0.000000  
98.939984 0.001279  0.089866  -0.013076  0.999670  0.005503  0.025093  -0.006380  0.999367  0.035009  -0.024884  -0.035158  0.999072  -0.000019  -0.004773  -0.012507  0.000000  0.000000  0.000000  2.000000  1.000000  0.000000  0.000000  0.000000  1.000000  0.000000  0.000000  0.000000  1.000000  0.999999  -0.000047  0.001337  0.000046  1.000000  0.000970  -0.001337  -0.000970  0.999999  1.000000  0.000000  0.000000  0.000000  1.000000  0.000000  0.000000  0.000000  1.000000  1.000000  0.000000  0.000000  0.000000  1.000000  0.000000  0.000000  0.000000  1.000000  0.000000  0.000000  
98.940985 0.001278  0.089860  -0.013092  0.999667  0.005498  0.025226  -0.006380  0.999367  0.035009  -0.025018  -0.035158  0.999069  -0.000110  -0.004826  -0.012914  0.000000  0.000000  0.000000  2.000000  1.000000  0.000000  0.000000  0.000000  1.000000  0.000000  0.000000  0.000000  1.000000  0.999999  -0.000047  0.001337  0.000046  0.999999  0.001092  -0.001337  -0.001092  0.999999  1.000000  0.000000  0.000000  0.000000  1.000000  0.000000  0.000000  0.000000  1.000000  1.000000  0.000000  0.000000  0.000000  1.000000  0.000000  0.000000  0.000000  1.000000  0.000000  0.000000  
98.942234 0.001278  0.089853  -0.013112  0.999668  0.005289  0.025220  -0.006174  0.999364  0.035135  -0.025018  -0.035279  0.999064  -0.000198  -0.004913  -0.013448  0.000000  0.000000  0.000000  2.000000  1.000000  0.000000  0.000000  0.000000  1.000000  0.000000  0.000000  0.000000  1.000000  0.999999  -0.000253  0.001330  0.000251  0.999999  0.001218  -0.001330  -0.001218  0.999998  1.000000  0.000000  0.000000  0.000000  1.000000  0.000000  0.000000  0.000000  1.000000  1.000000  0.000000  0.000000  0.000000  1.000000  0.000000  0.000000  0.000000  1.000000  0.000000  0.000000  
98.943234 0.001277  0.089848  -0.013127  0.999663  0.005487  0.025361  -0.006380  0.999358  0.035250  -0.025151  -0.035400  0.999057  -0.000298  -0.005010  -0.013778  0.000000  0.000000  0.000000  2.000000  1.000000  0.000000  0.000000  0.000000  1.000000  0.000000  0.000000  0.000000  1.000000  0.999999  -0.000253  0.001330  0.000251  0.999999  0.001218  -0.001330  -0.001218  0.999998  1.000000  0.000000  0.000000  0.000000  1.000000  0.000000  0.000000  0.000000  1.000000  1.000000  0.000000  0.000000  0.000000  1.000000  0.000000  0.000000  0.000000  1.000000  0.000000  0.000000  
98.944242 0.001276  0.089842  -0.013143  0.999663  0.005484  0.025362  -0.006380  0.999354  0.035371  -0.025151  -0.035521  0.999052  -0.000370  -0.005044  -0.014015  0.000000  0.000000  0.000000  2.000000  1.000000  0.000000  0.000000  0.000000  1.000000  0.000000  0.000000  0.000000  1.000000  0.999999  -0.000048  0.001337  0.000046  0.999999  0.001334  -0.001337  -0.001334  0.999998  1.000000  0.000000  0.000000  0.000000  1.000000  0.000000  0.000000  0.000000  1.000000  1.000000  0.000000  0.000000  0.000000  1.000000  0.000000  0.000000  0.000000  1.000000  0.000000  0.000000  
98.945485 0.001275  0.089837  -0.013161  0.999660  0.005476  0.025496  -0.006380  0.999350  0.035492  -0.025285  -0.035642  0.999045  -0.000375  -0.004991  -0.014183  0.000000  0.000000  0.000000  2.000000  1.000000  0.000000  0.000000  0.000000  1.000000  0.000000  0.000000  0.000000  1.000000  0.999999  -0.000048  0.001337  0.000046  0.999999  0.001456  -0.001337  -0.001456  0.999998  1.000000  0.000000  0.000000  0.000000  1.000000  0.000000  0.000000  0.000000  1.000000  1.000000  0.000000  0.000000  0.000000  1.000000  0.000000  0.000000  0.000000  1.000000  0.000000  0.000000  
98.946743 0.001274  0.089831  -0.013177  0.999660  0.005473  0.025497  -0.006380  0.999345  0.035613  -0.025285  -0.035764  0.999040  -0.000515  -0.005040  -0.014337  0.000000  0.000000  0.000000  2.000000  1.000000  0.000000  0.000000  0.000000  1.000000  0.000000  0.000000  0.000000  1.000000  0.999999  -0.000048  0.001337  0.000046  0.999999  0.001456  -0.001337  -0.001456  0.999998  1.000000  0.000000  0.000000  0.000000  1.000000  0.000000  0.000000  0.000000  1.000000  1.000000  0.000000  0.000000  0.000000  1.000000  0.000000  0.000000  0.000000  1.000000  0.000000  0.000000  
98.947988 0.001273  0.089826  -0.013194  0.999657  0.005469  0.025631  -0.006380  0.999345  0.035612  -0.025419  -0.035763  0.999037  -0.000640  -0.005077  -0.014514  0.000000  0.000000  0.000000  2.000000  1.000000  0.000000  0.000000  0.000000  1.000000  0.000000  0.000000  0.000000  1.000000  0.999999  -0.000048  0.001337  0.000046  0.999999  0.001577  -0.001337  -0.001577  0.999998  1.000000  0.000000  0.000000  0.000000  1.000000  0.000000  0.000000  0.000000  1.000000  1.000000  0.000000  0.000000  0.000000  1.000000  0.000000  0.000000  0.000000  1.000000  0.000000  0.000000  
98.948989 0.001272  0.089822  -0.013209  0.999657  0.005465  0.025631  -0.006380  0.999341  0.035733  -0.025419  -0.035885  0.999033  -0.000742  -0.005065  -0.014682  0.000000  0.000000  0.000000  2.000000  1.000000  0.000000  0.000000  0.000000  1.000000  0.000000  0.000000  0.000000  1.000000  0.999999  -0.000048  0.001337  0.000046  0.999999  0.001698  -0.001337  -0.001698  0.999998  1.000000  0.000000  0.000000  0.000000  1.000000  0.000000  0.000000  0.000000  1.000000  1.000000  0.000000  0.000000  0.000000  1.000000  0.000000  0.000000  0.000000  1.000000  0.000000  0.000000  
98.950235 0.001269  0.089816  -0.013228  0.999657  0.005465  0.025631  -0.006380  0.999341  0.035733  -0.025419  -0.035885  0.999033  -0.000852  -0.005061  -0.014871  0.000000  0.000000  0.000000  2.000000  1.000000  0.000000  0.000000  0.000000  1.000000  0.000000  0.000000  0.000000  1.000000  0.999999  -0.000048  0.001337  0.000046  0.999999  0.001698  -0.001337  -0.001698  0.999998  1.000000  0.000000  0.000000  0.000000  1.000000  0.000000  0.000000  0.000000  1.000000  1.000000  0.000000  0.000000  0.000000  1.000000  0.000000  0.000000  0.000000  1.000000  0.000000  0.000000  
98.951235 0.001267  0.089811  -0.013244  0.999653  0.005457  0.025766  -0.006380  0.999337  0.035854  -0.025553  -0.036006  0.999025  -0.000979  -0.005051  -0.015091  0.000000  0.000000  0.000000  2.000000  1.000000  0.000000  0.000000  0.000000  1.000000  0.000000  0.000000  0.000000  1.000000  0.999999  -0.000053  0.001471  0.000051  0.999999  0.001698  -0.001471  -0.001698  0.999997  1.000000  0.000000  0.000000  0.000000  1.000000  0.000000  0.000000  0.000000  1.000000  1.000000  0.000000  0.000000  0.000000  1.000000  0.000000  0.000000  0.000000  1.000000  0.000000  0.000000  
98.952488 0.001264  0.089804  -0.013267  0.999653  0.005457  0.025766  -0.006380  0.999337  0.035854  -0.025553  -0.036006  0.999025  -0.001137  -0.005067  -0.015334  0.000000  0.000000  0.000000  2.000000  1.000000  0.000000  0.000000  0.000000  1.000000  0.000000  0.000000  0.000000  1.000000  0.999999  -0.000048  0.001337  0.000046  0.999999  0.001577  -0.001337  -0.001577  0.999998  1.000000  0.000000  0.000000  0.000000  1.000000  0.000000  0.000000  0.000000  1.000000  1.000000  0.000000  0.000000  0.000000  1.000000  0.000000  0.000000  0.000000  1.000000  0.000000  0.000000  
98.953739 0.001262  0.089798  -0.013289  0.999650  0.005450  0.025900  -0.006380  0.999332  0.035974  -0.025687  -0.036127  0.999017  -0.001251  -0.004999  -0.015499  0.000000  0.000000  0.000000  2.000000  1.000000  0.000000  0.000000  0.000000  1.000000  0.000000  0.000000  0.000000  1.000000  0.999999  -0.000053  0.001471  0.000051  0.999999  0.001698  -0.001471  -0.001698  0.999997  1.000000  0.000000  0.000000  0.000000  1.000000  0.000000  0.000000  0.000000  1.000000  1.000000  0.000000  0.000000  0.000000  1.000000  0.000000  0.000000  0.000000  1.000000  0.000000  0.000000  
98.954984 0.001260  0.089791  -0.013311  0.999650  0.005446  0.025901  -0.006380  0.999328  0.036095  -0.025687  -0.036248  0.999013  -0.001323  -0.004962  -0.015651  0.000000  0.000000  0.000000  2.000000  1.000000  0.000000  0.000000  0.000000  1.000000  0.000000  0.000000  0.000000  1.000000  0.999999  -0.000049  0.001337  0.000046  0.999999  0.001698  -0.001337  -0.001698  0.999998  1.000000  0.000000  0.000000  0.000000  1.000000  0.000000  0.000000  0.000000  1.000000  1.000000  0.000000  0.000000  0.000000  1.000000  0.000000  0.000000  0.000000  1.000000  0.000000  0.000000  
98.955984 0.001258  0.089786  -0.013328  0.999646  0.005438  0.026035  -0.006380  0.999324  0.036216  -0.025820  -0.036369  0.999005  -0.001348  -0.004954  -0.015766  0.000000  0.000000  0.000000  2.000000  1.000000  0.000000  0.000000  0.000000  1.000000  0.000000  0.000000  0.000000  1.000000  0.999999  -0.000049  0.001337  0.000046  0.999999  0.001577  -0.001337  -0.001577  0.999998  1.000000  0.000000  0.000000  0.000000  1.000000  0.000000  0.000000  0.000000  1.000000  1.000000  0.000000  0.000000  0.000000  1.000000  0.000000  0.000000  0.000000  1.000000  0.000000  0.000000  
98.956984 0.001257  0.089781  -0.013346  0.999646  0.005438  0.026035  -0.006380  0.999324  0.036216  -0.025820  -0.036369  0.999005  -0.001392  -0.004903  -0.015845  0.000000  0.000000  0.000000  2.000000  1.000000  0.000000  0.000000  0.000000  1.000000  0.000000  0.000000  0.000000  1.000000  0.999999  -0.000044  0.001203  0.000042  0.999999  0.001577  -0.001203  -0.001577  0.999998  1.000000  0.000000  0.000000  0.000000  1.000000  0.000000  0.000000  0.000000  1.000000  1.000000  0.000000  0.000000  0.000000  1.000000  0.000000  0.000000  0.000000  1.000000  0.000000  0.000000  
98.958234 0.001256  0.089773  -0.013368  0.999643  0.005427  0.026170  -0.006380  0.999315  0.036457  -0.025954  -0.036611  0.998992  -0.001415  -0.004948  -0.016036  0.000000  0.000000  0.000000  2.000000  1.000000  0.000000  0.000000  0.000000  1.000000  0.000000  0.000000  0.000000  1.000000  0.999999  -0.000044  0.001203  0.000042  0.999999  0.001577  -0.001203  -0.001577  0.999998  1.000000  0.000000  0.000000  0.000000  1.000000  0.000000  0.000000  0.000000  1.000000  1.000000  0.000000  0.000000  0.000000  1.000000  0.000000  0.000000  0.000000  1.000000  0.000000  0.000000  
98.959490 0.001254  0.089766  -0.013390  0.999643  0.005424  0.026170  -0.006380  0.999310  0.036578  -0.025954  -0.036732  0.998988  -0.001460  -0.005004  -0.016282  0.000000  0.000000  0.000000  2.000000  1.000000  0.000000  0.000000  0.000000  1.000000  0.000000  0.000000  0.000000  1.000000  0.999999  -0.000039  0.001070  0.000038  0.999999  0.001577  -0.001070  -0.001577  0.999998  1.000000  0.000000  0.000000  0.000000  1.000000  0.000000  0.000000  0.000000  1.000000  1.000000  0.000000  0.000000  0.000000  1.000000  0.000000  0.000000  0.000000  1.000000  0.000000  0.000000  
98.960735 0.001253  0.089758  -0.013414  0.999639  0.005416  0.026305  -0.006380  0.999306  0.036699  -0.026088  -0.036853  0.998980  -0.001432  -0.005157  -0.016639  0.000000  0.000000  0.000000  2.000000  1.000000  0.000000  0.000000  0.000000  1.000000  0.000000  0.000000  0.000000  1.000000  0.999999  -0.000039  0.001070  0.000038  0.999999  0.001698  -0.001070  -0.001698  0.999998  1.000000  0.000000  0.000000  0.000000  1.000000  0.000000  0.000000  0.000000  1.000000  1.000000  0.000000  0.000000  0.000000  1.000000  0.000000  0.000000  0.000000  1.000000  0.000000  0.000000  
98.961988 0.001252  0.089749  -0.013437  0.999639  0.005413  0.026305  -0.006380  0.999302  0.036820  -0.026088  -0.036975  0.998976  -0.001478  -0.005400  -0.017076  0.000000  0.000000  0.000000  2.000000  1.000000  0.000000  0.000000  0.000000  1.000000  0.000000  0.000000  0.000000  1.000000  0.999999  0.000166  0.001077  -0.000168  0.999999  0.001693  -0.001077  -0.001693  0.999998  1.000000  0.000000  0.000000  0.000000  1.000000  0.000000  0.000000  0.000000  1.000000  1.000000  0.000000  0.000000  0.000000  1.000000  0.000000  0.000000  0.000000  1.000000  0.000000  0.000000  
98.962990 0.001251  0.089742  -0.013455  0.999639  0.005410  0.026306  -0.006380  0.999297  0.036941  -0.026088  -0.037096  0.998971  -0.001500  -0.005641  -0.017471  0.000000  0.000000  0.000000  2.000000  1.000000  0.000000  0.000000  0.000000  1.000000  0.000000  0.000000  0.000000  1.000000  1.000000  0.000171  0.000944  -0.000173  0.999999  0.001693  -0.000943  -0.001693  0.999998  1.000000  0.000000  0.000000  0.000000  1.000000  0.000000  0.000000  0.000000  1.000000  1.000000  0.000000  0.000000  0.000000  1.000000  0.000000  0.000000  0.000000  1.000000  0.000000  0.000000  
98.964238 0.001250  0.089733  -0.013479  0.999639  0.005406  0.026307  -0.006380  0.999293  0.037062  -0.026088  -0.037217  0.998967  -0.001462  -0.005856  -0.017770  0.000000  0.000000  0.000000  2.000000  1.000000  0.000000  0.000000  0.000000  1.000000  0.000000  0.000000  0.000000  1.000000  1.000000  -0.000035  0.000936  0.000033  0.999999  0.001698  -0.000936  -0.001698  0.999998  1.000000  0.000000  0.000000  0.000000  1.000000  0.000000  0.000000  0.000000  1.000000  1.000000  0.000000  0.000000  0.000000  1.000000  0.000000  0.000000  0.000000  1.000000  0.000000  0.000000  
98.965238 0.001248  0.089726  -0.013497  0.999636  0.005401  0.026440  -0.006380  0.999293  0.037062  -0.026222  -0.037217  0.998963  -0.001428  -0.006035  -0.017951  0.000000  0.000000  0.000000  2.000000  1.000000  0.000000  0.000000  0.000000  1.000000  0.000000  0.000000  0.000000  1.000000  1.000000  -0.000035  0.000936  0.000033  0.999999  0.001698  -0.000936  -0.001698  0.999998  1.000000  0.000000  0.000000  0.000000  1.000000  0.000000  0.000000  0.000000  1.000000  1.000000  0.000000  0.000000  0.000000  1.000000  0.000000  0.000000  0.000000  1.000000  0.000000  0.000000  
98.966487 0.001246  0.089718  -0.013519  0.999636  0.005398  0.026441  -0.006380  0.999288  0.037183  -0.026222  -0.037338  0.998959  -0.001355  -0.006159  -0.018017  0.000000  0.000000  0.000000  2.000000  1.000000  0.000000  0.000000  0.000000  1.000000  0.000000  0.000000  0.000000  1.000000  1.000000  -0.000035  0.000936  0.000033  0.999999  0.001577  -0.000936  -0.001577  0.999998  1.000000  0.000000  0.000000  0.000000  1.000000  0.000000  0.000000  0.000000  1.000000  1.000000  0.000000  0.000000  0.000000  1.000000  0.000000  0.000000  0.000000  1.000000  0.000000  0.000000  
98.967734 0.001245  0.089710  -0.013540  0.999636  0.005398  0.026441  -0.006380  0.999288  0.037183  -0.026222  -0.037338  0.998959  -0.001264  -0.006269  -0.018066  0.000000  0.000000  0.000000  2.000000  1.000000  0.000000  0.000000  0.000000  1.000000  0.000000  0.000000  0.000000  1.000000  1.000000  -0.000030  0.000802  0.000029  0.999999  0.001577  -0.000802  -0.001577  0.999998  1.000000  0.000000  0.000000  0.000000  1.000000  0.000000  0.000000  0.000000  1.000000  1.000000  0.000000  0.000000  0.000000  1.000000  0.000000  0.000000  0.000000  1.000000  0.000000  0.000000  
