1-Time 2-Px 3-Py 4-Pz 5-R11 6-R21 7-R31 8-R12 9-R22 10-R32 11-R13 12-R23 13-R33 14-Vx 15-Vy 16-Vz 17-Wx 18-Wy 19-Wz 20-state 21-PR11 22-PR21 23-PR31 24-PR12 25-PR22 26-PR32 27-PR13 28-PR23 29-PR33 
72.581809 0.000604  0.089184  -0.016441  0.997910  0.045164  -0.046207  -0.045228  0.998977  -0.000334  0.046144  0.002423  0.998932  0.000463  0.000465  0.000301  0.000000  0.000000  0.000000  2.000000  1.000000  0.000000  0.000000  0.000000  1.000000  0.000000  0.000000  0.000000  1.000000  1.000000  0.000617  -0.000135  -0.000617  1.000000  0.000028  0.000135  -0.000028  1.000000  1.000000  0.000000  0.000000  0.000000  1.000000  0.000000  0.000000  0.000000  1.000000  0.753723  0.326999  -0.570065  -0.295693  0.943402  0.150195  0.586914  0.055359  0.807755  0.000000  0.000000  
72.582810 0.000605  0.089185  -0.016441  0.997910  0.045164  -0.046207  -0.045228  0.998977  -0.000334  0.046144  0.002423  0.998932  0.000435  0.000461  0.000238  0.000000  0.000000  0.000000  2.000000  1.000000  0.000000  0.000000  0.000000  1.000000  0.000000  0.000000  0.000000  1.000000  1.000000  0.000617  -0.000135  -0.000617  1.000000  0.000028  0.000135  -0.000028  1.000000  1.000000  0.000000  0.000000  0.000000  1.000000  0.000000  0.000000  0.000000  1.000000  1.000000  0.000000  0.000000  0.000000  1.000000  0.000000  0.000000  0.000000  1.000000  0.000000  0.000000  
72.583813 0.000604  0.089183  -0.016441  0.997901  0.045370  -0.046207  -0.045433  0.998967  -0.000325  0.046144  0.002423  0.998932  0.000373  0.000294  0.000217  0.000000  0.000000  0.000000  2.000000  1.000000  0.000000  0.000000  0.000000  1.000000  0.000000  0.000000  0.000000  1.000000  1.000000  0.000617  -0.000135  -0.000617  1.000000  0.000028  0.000135  -0.000028  1.000000  1.000000  0.000000  0.000000  0.000000  1.000000  0.000000  0.000000  0.000000  1.000000  1.000000  0.000000  0.000000  0.000000  1.000000  0.000000  0.000000  0.000000  1.000000  0.000000  0.000000  
72.585063 0.000604  0.089180  -0.016442  0.997870  0.045781  -0.046474  -0.045844  0.998949  -0.000293  0.046411  0.002423  0.998919  0.000292  0.000100  0.000141  0.000000  0.000000  0.000000  2.000000  1.000000  0.000000  0.000000  0.000000  1.000000  0.000000  0.000000  0.000000  1.000000  0.999999  0.001028  -0.000270  -0.001028  0.999999  0.000048  0.000270  -0.000047  1.000000  1.000000  0.000000  0.000000  0.000000  1.000000  0.000000  0.000000  0.000000  1.000000  1.000000  0.000000  0.000000  0.000000  1.000000  0.000000  0.000000  0.000000  1.000000  0.000000  0.000000  
72.586065 0.000603  0.089178  -0.016442  0.997854  0.045986  -0.046607  -0.046049  0.998939  -0.000278  0.046545  0.002423  0.998913  0.000249  -0.000093  0.000092  0.000000  0.000000  0.000000  2.000000  1.000000  0.000000  0.000000  0.000000  1.000000  0.000000  0.000000  0.000000  1.000000  0.999999  0.001233  -0.000404  -0.001233  0.999999  0.000057  0.000404  -0.000057  1.000000  1.000000  0.000000  0.000000  0.000000  1.000000  0.000000  0.000000  0.000000  1.000000  1.000000  0.000000  0.000000  0.000000  1.000000  0.000000  0.000000  0.000000  1.000000  0.000000  0.000000  
72.587312 0.000603  0.089175  -0.016443  0.997838  0.046191  -0.046741  -0.046254  0.998930  -0.000262  0.046679  0.002423  0.998907  0.000163  -0.000360  -0.000021  0.000000  0.000000  0.000000  2.000000  1.000000  0.000000  0.000000  0.000000  1.000000  0.000000  0.000000  0.000000  1.000000  0.999999  0.001438  -0.000539  -0.001438  0.999999  0.000067  0.000539  -0.000066  1.000000  1.000000  0.000000  0.000000  0.000000  1.000000  0.000000  0.000000  0.000000  1.000000  1.000000  0.000000  0.000000  0.000000  1.000000  0.000000  0.000000  0.000000  1.000000  0.000000  0.000000  
72.588558 0.000603  0.089172  -0.016443  0.997813  0.046602  -0.046875  -0.046665  0.998911  -0.000236  0.046812  0.002423  0.998901  0.000125  -0.000597  -0.000017  0.000000  0.000000  0.000000  2.000000  1.000000  0.000000  0.000000  0.000000  1.000000  0.000000  0.000000  0.000000  1.000000  0.999998  0.001849  -0.000807  -0.001849  0.999998  0.000087  0.000807  -0.000085  1.000000  1.000000  0.000000  0.000000  0.000000  1.000000  0.000000  0.000000  0.000000  1.000000  1.000000  0.000000  0.000000  0.000000  1.000000  0.000000  0.000000  0.000000  1.000000  0.000000  0.000000  
72.589560 0.000603  0.089169  -0.016443  0.997788  0.047013  -0.047008  -0.047075  0.998891  -0.000211  0.046946  0.002423  0.998894  0.000099  -0.000836  -0.000049  0.000000  0.000000  0.000000  2.000000  1.000000  0.000000  0.000000  0.000000  1.000000  0.000000  0.000000  0.000000  1.000000  0.999997  0.002054  -0.000941  -0.002054  0.999998  0.000097  0.000942  -0.000095  1.000000  1.000000  0.000000  0.000000  0.000000  1.000000  0.000000  0.000000  0.000000  1.000000  1.000000  0.000000  0.000000  0.000000  1.000000  0.000000  0.000000  0.000000  1.000000  0.000000  0.000000  
72.590810 0.000602  0.089166  -0.016443  0.997746  0.047629  -0.047275  -0.047691  0.998862  -0.000169  0.047213  0.002423  0.998882  0.000053  -0.001050  -0.000053  0.000000  0.000000  0.000000  2.000000  1.000000  0.000000  0.000000  0.000000  1.000000  0.000000  0.000000  0.000000  1.000000  0.999996  0.002671  -0.000943  -0.002671  0.999996  0.000126  0.000943  -0.000123  1.000000  1.000000  0.000000  0.000000  0.000000  1.000000  0.000000  0.000000  0.000000  1.000000  1.000000  0.000000  0.000000  0.000000  1.000000  0.000000  0.000000  0.000000  1.000000  0.000000  0.000000  
72.592060 0.000603  0.089164  -0.016445  0.997703  0.048246  -0.047542  -0.048306  0.998833  -0.000127  0.047481  0.002423  0.998869  0.000024  -0.001224  -0.000184  0.000000  0.000000  0.000000  2.000000  1.000000  0.000000  0.000000  0.000000  1.000000  0.000000  0.000000  0.000000  1.000000  0.999994  0.003287  -0.001212  -0.003287  0.999995  0.000156  0.001212  -0.000152  0.999999  1.000000  0.000000  0.000000  0.000000  1.000000  0.000000  0.000000  0.000000  1.000000  1.000000  0.000000  0.000000  0.000000  1.000000  0.000000  0.000000  0.000000  1.000000  0.000000  0.000000  
72.593312 0.000602  0.089161  -0.016447  0.997667  0.048862  -0.047676  -0.048922  0.998803  -0.000091  0.047614  0.002423  0.998863  -0.000097  -0.001472  -0.000370  0.000000  0.000000  0.000000  2.000000  1.000000  0.000000  0.000000  0.000000  1.000000  0.000000  0.000000  0.000000  1.000000  0.999991  0.003904  -0.001481  -0.003904  0.999992  0.000186  0.001482  -0.000180  0.999999  1.000000  0.000000  0.000000  0.000000  1.000000  0.000000  0.000000  0.000000  1.000000  1.000000  0.000000  0.000000  0.000000  1.000000  0.000000  0.000000  0.000000  1.000000  0.000000  0.000000  
72.594315 0.000601  0.089160  -0.016449  0.997634  0.049273  -0.047943  -0.049332  0.998782  -0.000058  0.047882  0.002423  0.998850  -0.000141  -0.001600  -0.000518  0.000000  0.000000  0.000000  2.000000  1.000000  0.000000  0.000000  0.000000  1.000000  0.000000  0.000000  0.000000  1.000000  0.999989  0.004314  -0.001749  -0.004314  0.999991  0.000207  0.001750  -0.000199  0.999998  1.000000  0.000000  0.000000  0.000000  1.000000  0.000000  0.000000  0.000000  1.000000  1.000000  0.000000  0.000000  0.000000  1.000000  0.000000  0.000000  0.000000  1.000000  0.000000  0.000000  
72.595319 0.000601  0.089158  -0.016450  0.997591  0.049889  -0.048210  -0.049948  0.998752  -0.000015  0.048149  0.002423  0.998837  -0.000196  -0.001724  -0.000628  0.008140  0.072337  0.172537  2.000000  1.000000  0.000000  0.000000  0.000000  1.000000  0.000000  0.000000  0.000000  1.000000  0.999987  0.004725  -0.001884  -0.004725  0.999989  0.000227  0.001885  -0.000218  0.999998  1.000000  0.000000  0.000000  0.000000  1.000000  0.000000  0.000000  0.000000  1.000000  1.000000  0.000000  0.000000  0.000000  1.000000  0.000000  0.000000  0.000000  1.000000  0.000000  0.000000  
72.596568 0.000600  0.089156  -0.016452  0.997547  0.050505  -0.048477  -0.050563  0.998721  0.000028  0.048416  0.002423  0.998824  -0.000275  -0.001898  -0.000749  0.009144  0.081382  0.193252  2.000000  1.000000  0.000198  -0.000082  -0.000198  1.000000  0.000009  0.000082  -0.000009  1.000000  0.999983  0.005341  -0.002287  -0.005341  0.999986  0.000259  0.002288  -0.000247  0.999997  1.000000  0.000067  -0.000029  -0.000067  1.000000  0.000003  0.000029  -0.000003  1.000000  1.000000  0.000198  -0.000082  -0.000198  1.000000  0.000009  0.000082  -0.000009  1.000000  0.000051  0.005816  
72.597577 0.000599  0.089153  -0.016453  0.997502  0.051121  -0.048744  -0.051179  0.998690  0.000072  0.048683  0.002423  0.998811  -0.000380  -0.002138  -0.000834  0.010148  0.090391  0.213879  2.000000  1.000000  0.000419  -0.000173  -0.000419  1.000000  0.000020  0.000173  -0.000020  1.000000  0.999978  0.006163  -0.002556  -0.006163  0.999981  0.000301  0.002558  -0.000285  0.999997  1.000000  0.000077  -0.000032  -0.000077  1.000000  0.000004  0.000032  -0.000004  1.000000  1.000000  0.000419  -0.000173  -0.000419  1.000000  0.000020  0.000173  -0.000020  1.000000  0.000058  0.006679  
72.598810 0.000598  0.089149  -0.016455  0.997440  0.051937  -0.049150  -0.051999  0.998647  0.000012  0.049084  0.002544  0.998791  -0.000420  -0.002252  -0.000922  0.007437  0.104011  0.241599  2.000000  1.000000  0.000829  -0.000343  -0.000829  1.000000  0.000040  0.000343  -0.000039  1.000000  0.999972  0.006985  -0.002826  -0.006984  0.999976  0.000343  0.002828  -0.000323  0.999996  1.000000  0.000087  -0.000035  -0.000087  1.000000  0.000004  0.000035  -0.000004  1.000000  1.000000  0.000829  -0.000343  -0.000829  1.000000  0.000040  0.000343  -0.000039  1.000000  0.000065  0.007543  
72.599814 0.000597  0.089146  -0.016456  0.997384  0.052758  -0.049417  -0.052820  0.998604  0.000066  0.049352  0.002544  0.998778  -0.000412  -0.002336  -0.000921  0.008788  0.113061  0.269188  2.000000  0.999999  0.001194  -0.000495  -0.001194  0.999999  0.000051  0.000495  -0.000050  1.000000  0.999966  0.007601  -0.003095  -0.007600  0.999971  0.000254  0.003097  -0.000230  0.999995  1.000000  0.000095  -0.000039  -0.000095  1.000000  0.000003  0.000039  -0.000003  1.000000  0.999999  0.001194  -0.000495  -0.001194  0.999999  0.000051  0.000495  -0.000050  1.000000  0.000071  0.008211  
72.601065 0.000597  0.089141  -0.016456  0.997327  0.053586  -0.049677  -0.053640  0.998560  0.000242  0.049619  0.002423  0.998765  -0.000446  -0.002435  -0.000872  0.014242  0.117603  0.296809  2.000000  0.999998  0.001690  -0.000703  -0.001690  0.999999  0.000071  0.000703  -0.000069  1.000000  0.999960  0.008218  -0.003497  -0.008216  0.999966  0.000409  0.003500  -0.000380  0.999994  1.000000  0.000103  -0.000044  -0.000103  1.000000  0.000005  0.000044  -0.000005  1.000000  0.999998  0.001690  -0.000703  -0.001690  0.999999  0.000071  0.000703  -0.000069  1.000000  0.000078  0.008939  
72.602065 0.000596  0.089138  -0.016455  0.997273  0.054202  -0.050078  -0.054255  0.998527  0.000295  0.050020  0.002423  0.998745  -0.000448  -0.002520  -0.000833  0.015299  0.131137  0.317494  2.000000  0.999997  0.002124  -0.000886  -0.002124  0.999998  0.000092  0.000887  -0.000090  1.000000  0.999954  0.008834  -0.003766  -0.008832  0.999961  0.000442  0.003770  -0.000408  0.999993  1.000000  0.000110  -0.000047  -0.000110  1.000000  0.000005  0.000047  -0.000005  1.000000  0.999997  0.002124  -0.000886  -0.002124  0.999998  0.000092  0.000887  -0.000090  1.000000  0.000084  0.009613  
72.603311 0.000596  0.089132  -0.016455  0.997197  0.055229  -0.050478  -0.055281  0.998471  0.000369  0.050421  0.002423  0.998725  -0.000432  -0.002685  -0.000801  0.017035  0.144726  0.352049  2.000000  0.999996  0.002714  -0.001139  -0.002714  0.999996  0.000121  0.001139  -0.000118  0.999999  0.999943  0.009861  -0.004169  -0.009859  0.999951  0.000497  0.004174  -0.000456  0.999991  1.000000  0.000123  -0.000052  -0.000123  1.000000  0.000006  0.000052  -0.000006  1.000000  0.999996  0.002714  -0.001139  -0.002714  0.999996  0.000121  0.001139  -0.000118  0.999999  0.000093  0.010717  
72.604564 0.000597  0.089127  -0.016454  0.997131  0.056050  -0.050877  -0.056101  0.998425  0.000433  0.050822  0.002423  0.998705  -0.000384  -0.002824  -0.000750  0.018110  0.158249  0.372707  2.000000  0.999993  0.003351  -0.001414  -0.003351  0.999994  0.000153  0.001415  -0.000148  0.999999  0.999937  0.010272  -0.004438  -0.010269  0.999947  0.000522  0.004443  -0.000476  0.999990  1.000000  0.000128  -0.000056  -0.000128  1.000000  0.000006  0.000056  -0.000006  1.000000  0.999993  0.003351  -0.001414  -0.003351  0.999994  0.000153  0.001415  -0.000148  0.999999  0.000099  0.011201  
72.605811 0.000598  0.089122  -0.016453  0.997045  0.057076  -0.051411  -0.057125  0.998367  0.000516  0.051356  0.002423  0.998677  -0.000298  -0.002964  -0.000674  0.019898  0.176330  0.407240  2.000000  0.999991  0.003893  -0.001653  -0.003893  0.999992  0.000180  0.001654  -0.000173  0.999999  0.999927  0.011093  -0.004840  -0.011090  0.999938  0.000570  0.004847  -0.000516  0.999988  1.000000  0.000139  -0.000061  -0.000139  1.000000  0.000007  0.000061  -0.000007  1.000000  0.999991  0.003893  -0.001653  -0.003893  0.999992  0.000180  0.001654  -0.000173  0.999999  0.000109  0.012116  
72.607060 0.000600  0.089117  -0.016453  0.996965  0.058103  -0.051810  -0.058151  0.998308  0.000592  0.051757  0.002423  0.998657  -0.000185  -0.003121  -0.000562  0.021674  0.189915  0.441783  2.000000  0.999987  0.004614  -0.001969  -0.004614  0.999989  0.000217  0.001970  -0.000208  0.999998  0.999916  0.011915  -0.005110  -0.011912  0.999929  0.000617  0.005117  -0.000556  0.999987  1.000000  0.000149  -0.000064  -0.000149  1.000000  0.000007  0.000064  -0.000007  1.000000  0.999987  0.004614  -0.001969  -0.004614  0.999989  0.000217  0.001970  -0.000208  0.999998  0.000118  0.012978  
72.608061 0.000601  0.089113  -0.016453  0.996908  0.058719  -0.052210  -0.058765  0.998272  0.000647  0.052158  0.002423  0.998636  -0.000011  -0.003261  -0.000396  0.022787  0.203487  0.462552  2.000000  0.999984  0.005223  -0.002236  -0.005222  0.999986  0.000248  0.002238  -0.000236  0.999997  0.999910  0.012325  -0.005378  -0.012322  0.999924  0.000643  0.005385  -0.000576  0.999985  1.000000  0.000154  -0.000067  -0.000154  1.000000  0.000008  0.000067  -0.000008  1.000000  0.999984  0.005223  -0.002236  -0.005222  0.999986  0.000248  0.002238  -0.000236  0.999997  0.000123  0.013462  
72.609310 0.000604  0.089108  -0.016453  0.996826  0.059745  -0.052609  -0.059790  0.998211  0.000725  0.052559  0.002423  0.998615  0.000185  -0.003414  -0.000273  0.024586  0.217049  0.497041  2.000000  0.999979  0.006016  -0.002584  -0.006016  0.999982  0.000289  0.002586  -0.000274  0.999997  0.999900  0.012942  -0.005647  -0.012938  0.999916  0.000680  0.005655  -0.000607  0.999984  1.000000  0.000162  -0.000071  -0.000162  1.000000  0.000008  0.000071  -0.000008  1.000000  0.999979  0.006016  -0.002584  -0.006016  0.999982  0.000289  0.002586  -0.000274  0.999997  0.000134  0.014135  
72.610315 0.000606  0.089105  -0.016452  0.996763  0.060567  -0.052876  -0.060610  0.998161  0.000785  0.052826  0.002423  0.998601  0.000347  -0.003549  -0.000145  0.025674  0.226047  0.517643  2.000000  0.999974  0.006674  -0.002868  -0.006673  0.999978  0.000324  0.002870  -0.000305  0.999996  0.999895  0.013353  -0.005647  -0.013349  0.999911  0.000705  0.005656  -0.000630  0.999984  1.000000  0.000167  -0.000071  -0.000167  1.000000  0.000008  0.000071  -0.000008  1.000000  0.999974  0.006674  -0.002868  -0.006673  0.999978  0.000324  0.002870  -0.000305  0.999996  0.000139  0.014514  
72.611319 0.000608  0.089101  -0.016451  0.996698  0.061388  -0.053142  -0.061430  0.998111  0.000845  0.053093  0.002423  0.998587  0.000499  -0.003719  0.000011  0.027116  0.235098  0.545238  2.000000  0.999968  0.007347  -0.003162  -0.007345  0.999973  0.000360  0.003165  -0.000336  0.999995  0.999891  0.013558  -0.005915  -0.013554  0.999908  0.000722  0.005924  -0.000641  0.999982  1.000000  0.000169  -0.000074  -0.000169  1.000000  0.000009  0.000074  -0.000009  1.000000  0.999968  0.007347  -0.003162  -0.007345  0.999973  0.000360  0.003165  -0.000336  0.999995  0.000147  0.014808  
72.612561 0.000610  0.089097  -0.016451  0.996606  0.062414  -0.053674  -0.062454  0.998047  0.000933  0.053628  0.002422  0.998558  0.000714  -0.003748  0.000174  0.028759  0.251173  0.575175  2.000000  0.999960  0.008212  -0.003539  -0.008210  0.999966  0.000406  0.003542  -0.000377  0.999994  0.999884  0.013968  -0.006050  -0.013964  0.999902  0.000749  0.006059  -0.000664  0.999981  1.000000  0.000175  -0.000076  -0.000175  1.000000  0.000009  0.000076  -0.000009  1.000000  0.999960  0.008212  -0.003539  -0.008210  0.999966  0.000406  0.003542  -0.000377  0.999994  0.000156  0.015239  
72.613814 0.000612  0.089093  -0.016450  0.996533  0.063228  -0.054081  -0.063273  0.997996  0.000881  0.054028  0.002544  0.998536  0.000972  -0.003751  0.000382  0.025767  0.262285  0.593643  2.000000  0.999953  0.008928  -0.003851  -0.008927  0.999960  0.000441  0.003855  -0.000406  0.999992  0.999877  0.014378  -0.006320  -0.014374  0.999896  0.000656  0.006328  -0.000565  0.999980  1.000000  0.000180  -0.000079  -0.000180  1.000000  0.000008  0.000079  -0.000008  1.000000  0.999953  0.008928  -0.003851  -0.008927  0.999960  0.000441  0.003855  -0.000406  0.999992  0.000161  0.015718  
72.615065 0.000615  0.089088  -0.016449  0.996445  0.064254  -0.054480  -0.064298  0.997930  0.000963  0.054429  0.002543  0.998514  0.001197  -0.003774  0.000449  0.027324  0.271372  0.621313  2.000000  0.999943  0.009840  -0.004253  -0.009838  0.999951  0.000483  0.004258  -0.000442  0.999991  0.999870  0.014789  -0.006454  -0.014785  0.999890  0.000684  0.006463  -0.000588  0.999979  1.000000  0.000185  -0.000081  -0.000185  1.000000  0.000008  0.000081  -0.000008  1.000000  0.999943  0.009840  -0.004253  -0.009838  0.999951  0.000483  0.004258  -0.000442  0.999991  0.000168  0.016149  
72.616310 0.000616  0.089084  -0.016448  0.996357  0.065281  -0.054879  -0.065322  0.997864  0.001045  0.054830  0.002543  0.998492  0.001327  -0.003780  0.000509  0.028664  0.278205  0.643767  2.000000  0.999931  0.010777  -0.004665  -0.010775  0.999942  0.000528  0.004670  -0.000478  0.999989  0.999862  0.015199  -0.006722  -0.015195  0.999884  0.000714  0.006732  -0.000612  0.999977  1.000000  0.000190  -0.000084  -0.000190  1.000000  0.000008  0.000084  -0.000008  1.000000  0.999931  0.010777  -0.004665  -0.010775  0.999942  0.000528  0.004670  -0.000478  0.999989  0.000174  0.016633  
72.617315 0.000618  0.089080  -0.016447  0.996281  0.066101  -0.055278  -0.066141  0.997810  0.001117  0.055231  0.002543  0.998470  0.001473  -0.003745  0.000590  0.030118  0.289410  0.669465  2.000000  0.999921  0.011542  -0.004999  -0.011539  0.999933  0.000566  0.005005  -0.000508  0.999987  0.999859  0.015405  -0.006723  -0.015400  0.999881  0.000730  0.006733  -0.000626  0.999977  1.000000  0.000193  -0.000084  -0.000193  1.000000  0.000008  0.000084  -0.000008  1.000000  0.999921  0.011542  -0.004999  -0.011539  0.999933  0.000566  0.005005  -0.000508  0.999987  0.000181  0.016822  
72.618566 0.000619  0.089075  -0.016445  0.996204  0.066922  -0.055677  -0.066960  0.997755  0.001189  0.055632  0.002543  0.998448  0.001553  -0.003731  0.000613  0.030955  0.296397  0.682044  2.000000  0.999907  0.012489  -0.005421  -0.012486  0.999922  0.000613  0.005428  -0.000545  0.999985  0.999861  0.015198  -0.006856  -0.015194  0.999884  0.000726  0.006866  -0.000622  0.999976  1.000000  0.000190  -0.000086  -0.000190  1.000000  0.000008  0.000086  -0.000008  1.000000  0.999907  0.012489  -0.005421  -0.012486  0.999922  0.000613  0.005428  -0.000545  0.999985  0.000185  0.016688  
72.619810 0.000621  0.089070  -0.016444  0.996126  0.067743  -0.056076  -0.067779  0.997700  0.001262  0.056032  0.002543  0.998426  0.001596  -0.003728  0.000625  0.031599  0.303023  0.690306  2.000000  0.999892  0.013447  -0.005847  -0.013443  0.999909  0.000665  0.005856  -0.000587  0.999983  0.999858  0.015404  -0.006856  -0.015398  0.999881  0.000865  0.006869  -0.000760  0.999976  1.000000  0.000193  -0.000086  -0.000193  1.000000  0.000010  0.000086  -0.000010  1.000000  0.999892  0.013447  -0.005847  -0.013443  0.999909  0.000665  0.005856  -0.000587  0.999983  0.000189  0.016881  
72.621060 0.000623  0.089065  -0.016443  0.996025  0.068768  -0.056608  -0.068802  0.997629  0.001357  0.056567  0.002543  0.998396  0.001622  -0.003719  0.000688  0.032547  0.316537  0.704058  2.000000  0.999877  0.014402  -0.006280  -0.014398  0.999896  0.000721  0.006290  -0.000630  0.999980  0.999857  0.015403  -0.006990  -0.015398  0.999881  0.000750  0.007001  -0.000643  0.999975  1.000000  0.000193  -0.000087  -0.000193  1.000000  0.000009  0.000087  -0.000009  1.000000  0.999877  0.014402  -0.006280  -0.014398  0.999896  0.000721  0.006290  -0.000630  0.999980  0.000191  0.016930  
72.622311 0.000625  0.089061  -0.016440  0.995938  0.069588  -0.057139  -0.069620  0.997573  0.001441  0.057101  0.002543  0.998365  0.001651  -0.003663  0.000834  0.033191  0.325541  0.710917  2.000000  0.999863  0.015180  -0.006635  -0.015175  0.999885  0.000761  0.006645  -0.000660  0.999978  0.999853  0.015608  -0.007124  -0.015603  0.999878  0.000770  0.007135  -0.000659  0.999974  1.000000  0.000195  -0.000089  -0.000195  1.000000  0.000009  0.000089  -0.000009  1.000000  0.999863  0.015180  -0.006635  -0.015175  0.999885  0.000761  0.006645  -0.000660  0.999978  0.000197  0.017173  
72.623560 0.000627  0.089056  -0.016437  0.995843  0.070614  -0.057538  -0.070643  0.997500  0.001528  0.057502  0.002543  0.998342  0.001611  -0.003698  0.001036  0.034158  0.330078  0.724725  2.000000  0.999844  0.016156  -0.007084  -0.016150  0.999869  0.000813  0.007097  -0.000699  0.999975  0.999853  0.015608  -0.007124  -0.015603  0.999878  0.000777  0.007135  -0.000665  0.999974  1.000000  0.000195  -0.000089  -0.000195  1.000000  0.000009  0.000089  -0.000009  1.000000  0.999844  0.016156  -0.007084  -0.016150  0.999869  0.000813  0.007097  -0.000699  0.999975  0.000198  0.017173  
72.624810 0.000628  0.089052  -0.016435  0.995747  0.071633  -0.057944  -0.071667  0.997428  0.001495  0.057902  0.002664  0.998319  0.001528  -0.003690  0.001157  0.031173  0.332004  0.739470  2.000000  0.999825  0.017134  -0.007538  -0.017128  0.999853  0.000865  0.007551  -0.000735  0.999971  0.999849  0.015812  -0.007260  -0.015807  0.999875  0.000676  0.007270  -0.000561  0.999973  1.000000  0.000198  -0.000091  -0.000198  1.000000  0.000008  0.000091  -0.000008  1.000000  0.999825  0.017134  -0.007538  -0.017128  0.999853  0.000865  0.007551  -0.000735  0.999971  0.000203  0.017411  
72.625810 0.000629  0.089048  -0.016434  0.995679  0.072248  -0.058343  -0.072280  0.997383  0.001560  0.058303  0.002664  0.998295  0.001498  -0.003661  0.001222  0.031414  0.336385  0.739271  2.000000  0.999808  0.017911  -0.007897  -0.017905  0.999839  0.000901  0.007912  -0.000760  0.999968  0.999856  0.015401  -0.007125  -0.015396  0.999881  0.000656  0.007135  -0.000546  0.999974  1.000000  0.000192  -0.000089  -0.000192  1.000000  0.000008  0.000089  -0.000008  1.000000  0.999808  0.017911  -0.007897  -0.017905  0.999839  0.000901  0.007912  -0.000760  0.999968  0.000203  0.016981  
72.627060 0.000631  0.089043  -0.016433  0.995580  0.073266  -0.058750  -0.073303  0.997309  0.001528  0.058704  0.002785  0.998272  0.001458  -0.003671  0.001201  0.027986  0.340907  0.746078  2.000000  0.999787  0.018874  -0.008340  -0.018867  0.999822  0.000946  0.008356  -0.000788  0.999965  0.999857  0.015400  -0.006993  -0.015396  0.999881  0.000541  0.007001  -0.000433  0.999975  1.000000  0.000192  -0.000087  -0.000192  1.000000  0.000006  0.000087  -0.000006  1.000000  0.999787  0.018874  -0.008340  -0.018867  0.999822  0.000946  0.008356  -0.000788  0.999965  0.000205  0.016921  
72.628063 0.000631  0.089039  -0.016432  0.995504  0.074087  -0.059015  -0.074122  0.997248  0.001597  0.058971  0.002785  0.998256  0.001343  -0.003733  0.001216  0.028558  0.340957  0.752991  2.000000  0.999769  0.019646  -0.008694  -0.019639  0.999807  0.000977  0.008712  -0.000806  0.999962  0.999853  0.015605  -0.007128  -0.015601  0.999878  0.000559  0.007135  -0.000448  0.999974  1.000000  0.000195  -0.000089  -0.000195  1.000000  0.000006  0.000089  -0.000006  1.000000  0.999769  0.019646  -0.008694  -0.019639  0.999807  0.000977  0.008712  -0.000806  0.999962  0.000207  0.017164  
72.629064 0.000631  0.089035  -0.016433  0.995419  0.074900  -0.059422  -0.074940  0.997187  0.001554  0.059372  0.002906  0.998232  0.001244  -0.003788  0.001159  0.029180  0.345499  0.759716  2.000000  0.999755  0.020237  -0.008960  -0.020228  0.999795  0.001000  0.008978  -0.000819  0.999959  0.999850  0.015809  -0.007130  -0.015806  0.999875  0.000454  0.007136  -0.000341  0.999974  1.000000  0.000198  -0.000089  -0.000198  1.000000  0.000005  0.000089  -0.000005  1.000000  0.999755  0.020237  -0.008960  -0.020228  0.999795  0.001000  0.008978  -0.000819  0.999959  0.000209  0.017348  
72.630315 0.000632  0.089031  -0.016433  0.995318  0.075925  -0.059820  -0.075963  0.997109  0.001646  0.059772  0.002906  0.998208  0.001125  -0.003786  0.001074  0.029860  0.345512  0.766539  2.000000  0.999730  0.021225  -0.009405  -0.021216  0.999774  0.001035  0.009425  -0.000835  0.999955  0.999850  0.015809  -0.007130  -0.015806  0.999875  0.000460  0.007136  -0.000348  0.999974  1.000000  0.000198  -0.000089  -0.000198  1.000000  0.000005  0.000089  -0.000005  1.000000  0.999730  0.021225  -0.009405  -0.021216  0.999774  0.001035  0.009425  -0.000835  0.999955  0.000209  0.017348  
72.631323 0.000632  0.089027  -0.016433  0.995239  0.076745  -0.060085  -0.076781  0.997047  0.001716  0.060039  0.002906  0.998192  0.001046  -0.003785  0.001020  0.025904  0.343745  0.765851  2.000000  0.999710  0.022015  -0.009760  -0.022006  0.999757  0.001063  0.009781  -0.000848  0.999952  0.999851  0.015809  -0.006996  -0.015806  0.999875  0.000465  0.007002  -0.000354  0.999975  1.000000  0.000198  -0.000087  -0.000198  1.000000  0.000005  0.000087  -0.000005  1.000000  0.999710  0.022015  -0.009760  -0.022006  0.999757  0.001063  0.009781  -0.000848  0.999952  0.000210  0.017293  
72.632561 0.000632  0.089023  -0.016433  0.995135  0.077763  -0.060492  -0.077803  0.996967  0.001688  0.060440  0.003027  0.998167  0.000936  -0.003735  0.000853  0.022666  0.345516  0.773332  2.000000  0.999683  0.023003  -0.010203  -0.022993  0.999735  0.001093  0.010226  -0.000858  0.999947  0.999851  0.015808  -0.006998  -0.015806  0.999875  0.000350  0.007003  -0.000239  0.999975  1.000000  0.000198  -0.000088  -0.000198  1.000000  0.000004  0.000088  -0.000004  1.000000  0.999683  0.023003  -0.010203  -0.022993  0.999735  0.001093  0.010226  -0.000858  0.999947  0.000212  0.017291  
72.633566 0.000632  0.089019  -0.016434  0.995054  0.078583  -0.060757  -0.078622  0.996903  0.001759  0.060707  0.003027  0.998151  0.000822  -0.003733  0.000726  0.022876  0.345558  0.773414  2.000000  0.999661  0.023791  -0.010554  -0.023780  0.999717  0.001117  0.010578  -0.000866  0.999944  0.999854  0.015602  -0.006997  -0.015599  0.999878  0.000465  0.007004  -0.000356  0.999975  1.000000  0.000195  -0.000088  -0.000195  1.000000  0.000005  0.000088  -0.000005  1.000000  0.999661  0.023791  -0.010554  -0.023780  0.999717  0.001117  0.010578  -0.000866  0.999944  0.000212  0.017105  
72.634814 0.000631  0.089014  -0.016435  0.994949  0.079608  -0.061155  -0.079644  0.996822  0.001853  0.061108  0.003027  0.998127  0.000662  -0.003738  0.000616  0.023496  0.339617  0.780261  2.000000  0.999633  0.024776  -0.010989  -0.024765  0.999693  0.001154  0.011015  -0.000881  0.999939  0.999851  0.015807  -0.006998  -0.015804  0.999875  0.000484  0.007005  -0.000373  0.999975  1.000000  0.000198  -0.000088  -0.000198  1.000000  0.000005  0.000088  -0.000005  1.000000  0.999633  0.024776  -0.010989  -0.024765  0.999693  0.001154  0.011015  -0.000881  0.999939  0.000214  0.017293  
72.635818 0.000631  0.089011  -0.016435  0.994875  0.080222  -0.061553  -0.080256  0.996772  0.001923  0.061509  0.003027  0.998102  0.000563  -0.003667  0.000542  0.023346  0.343793  0.772635  2.000000  0.999609  0.025564  -0.011334  -0.025552  0.999673  0.001184  0.011360  -0.000894  0.999935  0.999855  0.015602  -0.006864  -0.015599  0.999878  0.000475  0.006870  -0.000368  0.999976  1.000000  0.000195  -0.000086  -0.000195  1.000000  0.000005  0.000086  -0.000005  1.000000  0.999609  0.025564  -0.011334  -0.025552  0.999673  0.001184  0.011360  -0.000894  0.999935  0.000211  0.017051  
72.636854 0.000631  0.089008  -0.016435  0.994792  0.081042  -0.061818  -0.081074  0.996706  0.001996  0.061776  0.003027  0.998085  0.000409  -0.003642  0.000390  0.023577  0.338900  0.771727  2.000000  0.999591  0.026154  -0.011596  -0.026141  0.999658  0.001207  0.011623  -0.000903  0.999932  0.999851  0.015806  -0.006998  -0.015803  0.999875  0.000494  0.007005  -0.000384  0.999975  1.000000  0.000198  -0.000088  -0.000198  1.000000  0.000005  0.000088  -0.000005  1.000000  0.999591  0.026154  -0.011596  -0.026141  0.999658  0.001207  0.011623  -0.000903  0.999932  0.000212  0.017293  
72.638062 0.000631  0.089003  -0.016435  0.994683  0.082060  -0.062225  -0.082096  0.996622  0.001971  0.062176  0.003148  0.998060  0.000279  -0.003641  0.000166  0.020238  0.339420  0.779632  2.000000  0.999565  0.026951  -0.011947  -0.026939  0.999636  0.001234  0.011976  -0.000912  0.999928  0.999846  0.016010  -0.007134  -0.016008  0.999872  0.000392  0.007139  -0.000278  0.999974  1.000000  0.000200  -0.000089  -0.000200  1.000000  0.000004  0.000089  -0.000004  1.000000  0.999565  0.026951  -0.011947  -0.026939  0.999636  0.001234  0.011976  -0.000912  0.999928  0.000213  0.017532  
72.639310 0.000631  0.088999  -0.016435  0.994590  0.082879  -0.062622  -0.082913  0.996555  0.002056  0.062577  0.003148  0.998035  0.000200  -0.003578  0.000014  0.020383  0.336641  0.773231  2.000000  0.999532  0.027954  -0.012386  -0.027941  0.999609  0.001268  0.012416  -0.000921  0.999922  0.999847  0.016010  -0.007000  -0.016008  0.999872  0.000399  0.007005  -0.000287  0.999975  1.000000  0.000200  -0.000088  -0.000200  1.000000  0.000004  0.000088  -0.000004  1.000000  0.999532  0.027954  -0.012386  -0.027941  0.999609  0.001268  0.012416  -0.000921  0.999922  0.000211  0.017478  
72.640311 0.000631  0.088996  -0.016436  0.994496  0.083691  -0.063030  -0.083730  0.996486  0.002020  0.062977  0.003269  0.998010  0.000094  -0.003584  -0.000102  0.016601  0.341190  0.773279  2.000000  0.999505  0.028755  -0.012735  -0.028741  0.999586  0.001294  0.012767  -0.000927  0.999918  0.999847  0.016009  -0.007002  -0.016008  0.999872  0.000282  0.007005  -0.000170  0.999975  1.000000  0.000200  -0.000088  -0.000200  1.000000  0.000003  0.000088  -0.000003  1.000000  0.999505  0.028755  -0.012735  -0.028741  0.999586  0.001294  0.012767  -0.000927  0.999918  0.000211  0.017476  
72.641560 0.000631  0.088992  -0.016436  0.994402  0.084510  -0.063427  -0.084547  0.996417  0.002106  0.063378  0.003268  0.997984  0.000045  -0.003497  -0.000236  0.016515  0.341235  0.766555  2.000000  0.999470  0.029758  -0.013169  -0.029743  0.999557  0.001321  0.013202  -0.000928  0.999912  0.999848  0.016009  -0.006868  -0.016008  0.999872  0.000288  0.006872  -0.000178  0.999976  1.000000  0.000200  -0.000086  -0.000200  1.000000  0.000003  0.000086  -0.000003  1.000000  0.999470  0.029758  -0.013169  -0.029743  0.999557  0.001321  0.013202  -0.000928  0.999912  0.000210  0.017423  
72.642808 0.000631  0.088988  -0.016437  0.994297  0.085527  -0.063702  -0.085569  0.996330  0.002073  0.063645  0.003389  0.997967  0.000025  -0.003468  -0.000286  0.016556  0.335131  0.765944  2.000000  0.999435  0.030750  -0.013596  -0.030735  0.999527  0.001343  0.013631  -0.000925  0.999907  0.999852  0.015803  -0.006736  -0.015802  0.999875  0.000160  0.006737  -0.000054  0.999977  1.000000  0.000198  -0.000084  -0.000198  1.000000  0.000001  0.000084  -0.000001  1.000000  0.999435  0.030750  -0.013596  -0.030735  0.999527  0.001343  0.013631  -0.000925  0.999907  0.000209  0.017180  
72.643810 0.000631  0.088985  -0.016437  0.994227  0.086134  -0.063977  -0.086182  0.996277  0.002015  0.063912  0.003510  0.997949  0.000017  -0.003443  -0.000294  0.012982  0.332391  0.766349  2.000000  0.999405  0.031548  -0.013928  -0.031532  0.999502  0.001358  0.013964  -0.000918  0.999902  0.999853  0.015802  -0.006604  -0.015802  0.999875  0.000043  0.006604  0.000061  0.999978  1.000000  0.000198  -0.000083  -0.000198  1.000000  -0.000000  0.000083  0.000000  1.000000  0.999405  0.031548  -0.013928  -0.031532  0.999502  0.001358  0.013964  -0.000918  0.999902  0.000209  0.017127  
72.644823 0.000633  0.088982  -0.016437  0.994139  0.086953  -0.064241  -0.086999  0.996206  0.002091  0.064179  0.003510  0.997932  0.000079  -0.003331  -0.000278  0.012934  0.330530  0.765562  2.000000  0.999383  0.032145  -0.014175  -0.032129  0.999483  0.001366  0.014212  -0.000910  0.999899  0.999850  0.016007  -0.006604  -0.016007  0.999872  0.000061  0.006604  0.000045  0.999978  1.000000  0.000200  -0.000083  -0.000200  1.000000  0.000000  0.000083  -0.000000  1.000000  0.999383  0.032145  -0.014175  -0.032129  0.999483  0.001366  0.014212  -0.000910  0.999899  0.000209  0.017317  
72.646061 0.000634  0.088979  -0.016438  0.994041  0.087764  -0.064649  -0.087815  0.996135  0.002058  0.064580  0.003631  0.997906  0.000130  -0.003260  -0.000328  0.009093  0.327949  0.759440  2.000000  0.999352  0.032945  -0.014507  -0.032928  0.999457  0.001376  0.014544  -0.000897  0.999894  0.999849  0.016006  -0.006740  -0.016006  0.999872  0.000067  0.006740  0.000041  0.999977  1.000000  0.000200  -0.000084  -0.000200  1.000000  0.000000  0.000084  -0.000000  1.000000  0.999352  0.032945  -0.014507  -0.032928  0.999457  0.001376  0.014544  -0.000897  0.999894  0.000207  0.017368  
72.647064 0.000635  0.088976  -0.016438  0.993970  0.088371  -0.064924  -0.088428  0.996081  0.002001  0.064847  0.003752  0.997888  0.000210  -0.003195  -0.000297  0.004517  0.326179  0.751911  2.000000  0.999320  0.033752  -0.014835  -0.033735  0.999430  0.001388  0.014874  -0.000887  0.999889  0.999850  0.016006  -0.006606  -0.016006  0.999872  0.000071  0.006606  0.000034  0.999978  1.000000  0.000200  -0.000083  -0.000200  1.000000  0.000000  0.000083  -0.000000  1.000000  0.999320  0.033752  -0.014835  -0.033735  0.999430  0.001388  0.014874  -0.000887  0.999889  0.000205  0.017317  
72.648317 0.000636  0.088972  -0.016439  0.993879  0.089190  -0.065189  -0.089244  0.996008  0.002078  0.065114  0.003752  0.997871  0.000294  -0.003151  -0.000334  0.004769  0.321676  0.751898  2.000000  0.999280  0.034752  -0.015240  -0.034735  0.999396  0.001399  0.015279  -0.000869  0.999883  0.999851  0.016005  -0.006474  -0.016005  0.999872  0.000076  0.006475  0.000028  0.999979  1.000000  0.000200  -0.000081  -0.000200  1.000000  0.000000  0.000081  -0.000000  1.000000  0.999280  0.034752  -0.015240  -0.034735  0.999396  0.001399  0.015279  -0.000869  0.999883  0.000206  0.017266  
72.649560 0.000638  0.088969  -0.016441  0.993761  0.090206  -0.065596  -0.090265  0.995916  0.002061  0.065514  0.003873  0.997844  0.000472  -0.003088  -0.000401  0.001415  0.321744  0.758767  2.000000  0.999239  0.035736  -0.015638  -0.035718  0.999361  0.001412  0.015678  -0.000852  0.999877  0.999859  0.015594  -0.006207  -0.015595  0.999878  -0.000068  0.006205  0.000165  0.999981  1.000000  0.000195  -0.000078  -0.000195  1.000000  -0.000001  0.000078  0.000001  1.000000  0.999239  0.035736  -0.015638  -0.035718  0.999361  0.001412  0.015678  -0.000852  0.999877  0.000204  0.016785  
72.650561 0.000640  0.088966  -0.016442  0.993687  0.090820  -0.065861  -0.090877  0.995860  0.002126  0.065781  0.003873  0.997827  0.000573  -0.003042  -0.000450  0.001246  0.317210  0.751823  2.000000  0.999206  0.036510  -0.015951  -0.036492  0.999333  0.001423  0.015992  -0.000840  0.999872  0.999862  0.015388  -0.006207  -0.015388  0.999882  0.000044  0.006207  0.000052  0.999981  1.000000  0.000192  -0.000078  -0.000192  1.000000  -0.000000  0.000078  0.000000  1.000000  0.999206  0.036510  -0.015951  -0.036492  0.999333  0.001423  0.015992  -0.000840  0.999872  0.000204  0.016594  
72.651565 0.000641  0.088963  -0.016443  0.993622  0.091434  -0.065993  -0.091490  0.995804  0.002179  0.065915  0.003873  0.997818  0.000673  -0.003036  -0.000542  0.001022  0.308166  0.744865  2.000000  0.999173  0.037279  -0.016261  -0.037261  0.999305  0.001435  0.016303  -0.000828  0.999867  0.999862  0.015388  -0.006207  -0.015388  0.999882  0.000048  0.006207  0.000048  0.999981  1.000000  0.000192  -0.000078  -0.000192  1.000000  0.000000  0.000078  0.000000  1.000000  0.999173  0.037279  -0.016261  -0.037261  0.999305  0.001435  0.016303  -0.000828  0.999867  0.000204  0.016593  
72.652566 0.000642  0.088960  -0.016444  0.993548  0.092048  -0.066257  -0.092102  0.995747  0.002244  0.066182  0.003873  0.997800  0.000774  -0.003009  -0.000606  0.001272  0.303627  0.744762  2.000000  0.999147  0.037853  -0.016492  -0.037834  0.999283  0.001443  0.016535  -0.000818  0.999863  0.999862  0.015388  -0.006207  -0.015388  0.999882  0.000052  0.006207  0.000044  0.999981  1.000000  0.000192  -0.000078  -0.000192  1.000000  0.000000  0.000078  -0.000000  1.000000  0.999147  0.037853  -0.016492  -0.037834  0.999283  0.001443  0.016535  -0.000818  0.999863  0.000203  0.016593  
72.653645 0.000644  0.088957  -0.016446  0.993454  0.092867  -0.066521  -0.092919  0.995671  0.002323  0.066449  0.003873  0.997782  0.000864  -0.003005  -0.000760  0.001517  0.298338  0.742786  2.000000  0.999113  0.038612  -0.016798  -0.038592  0.999254  0.001461  0.016842  -0.000811  0.999858  0.999865  0.015182  -0.006206  -0.015181  0.999885  0.000164  0.006208  -0.000069  0.999981  1.000000  0.000190  -0.000078  -0.000190  1.000000  0.000001  0.000078  -0.000001  1.000000  0.999113  0.038612  -0.016798  -0.038592  0.999254  0.001461  0.016842  -0.000811  0.999858  0.000202  0.016403  
72.654814 0.000646  0.088953  -0.016448  0.993370  0.093472  -0.066930  -0.093530  0.995614  0.002281  0.066849  0.003994  0.997755  0.001015  -0.002982  -0.000849  0.001388  0.299222  0.737858  2.000000  0.999078  0.039370  -0.017105  -0.039351  0.999224  0.001477  0.017150  -0.000803  0.999853  0.999866  0.015182  -0.006074  -0.015182  0.999885  0.000046  0.006074  0.000046  0.999982  1.000000  0.000190  -0.000076  -0.000190  1.000000  0.000000  0.000076  0.000000  1.000000  0.999078  0.039370  -0.017105  -0.039351  0.999224  0.001477  0.017150  -0.000803  0.999853  0.000199  0.016352  
72.656060 0.000648  0.088950  -0.016448  0.993274  0.094291  -0.067194  -0.094346  0.995537  0.002362  0.067116  0.003994  0.997737  0.001135  -0.002936  -0.000829  0.001202  0.294810  0.731221  2.000000  0.999034  0.040303  -0.017488  -0.040283  0.999187  0.001492  0.017534  -0.000786  0.999846  0.999872  0.014770  -0.006073  -0.014770  0.999891  0.000025  0.006072  0.000065  0.999982  1.000000  0.000185  -0.000076  -0.000185  1.000000  -0.000000  0.000076  0.000000  1.000000  0.999034  0.040303  -0.017488  -0.040283  0.999187  0.001492  0.017534  -0.000786  0.999846  0.000198  0.015971  
