1-Time 2-Px 3-Py 4-Pz 5-R11 6-R21 7-R31 8-R12 9-R22 10-R32 11-R13 12-R23 13-R33 14-Vx 15-Vy 16-Vz 17-Wx 18-Wy 19-Wz 20-state 21-PR11 22-PR21 23-PR31 24-PR12 25-PR22 26-PR32 27-PR13 28-PR23 29-PR33 
142.845292 0.000509  0.089254  -0.017518  0.998040  0.024036  -0.057773  -0.024044  0.999711  0.000543  0.057769  0.000848  0.998330  -0.000017  0.000078  0.000113  0.000000  0.000000  0.000000  2.000000  1.000000  0.000000  0.000000  0.000000  1.000000  0.000000  0.000000  0.000000  1.000000  1.000000  -0.000000  0.000000  0.000000  1.000000  0.000000  0.000000  0.000000  1.000000  1.000000  0.000000  0.000000  0.000000  1.000000  0.000000  0.000000  0.000000  1.000000  0.768076  0.329289  -0.549207  -0.333601  0.937839  0.095754  0.546599  0.109670  0.830182  0.000000  0.000000  
142.846294 0.000509  0.089253  -0.017518  0.998035  0.024241  -0.057772  -0.024250  0.999706  0.000554  0.057769  0.000848  0.998330  -0.000041  0.000030  0.000103  0.000000  0.000000  0.000000  2.000000  1.000000  0.000000  0.000000  0.000000  1.000000  0.000000  0.000000  0.000000  1.000000  1.000000  0.000206  -0.000000  -0.000206  1.000000  0.000012  0.000000  -0.000012  1.000000  1.000000  0.000000  0.000000  0.000000  1.000000  0.000000  0.000000  0.000000  1.000000  1.000000  0.000000  0.000000  0.000000  1.000000  0.000000  0.000000  0.000000  1.000000  0.000000  0.000000  
142.847300 0.000508  0.089251  -0.017518  0.998035  0.024241  -0.057772  -0.024250  0.999706  0.000554  0.057769  0.000848  0.998330  -0.000071  -0.000112  0.000100  0.000000  0.000000  0.000000  2.000000  1.000000  0.000000  0.000000  0.000000  1.000000  0.000000  0.000000  0.000000  1.000000  1.000000  0.000206  -0.000000  -0.000206  1.000000  0.000012  0.000000  -0.000012  1.000000  1.000000  0.000000  0.000000  0.000000  1.000000  0.000000  0.000000  0.000000  1.000000  1.000000  0.000000  0.000000  0.000000  1.000000  0.000000  0.000000  0.000000  1.000000  0.000000  0.000000  
142.848302 0.000507  0.089248  -0.017519  0.998020  0.024241  -0.058039  -0.024249  0.999706  0.000561  0.058036  0.000848  0.998314  -0.000152  -0.000305  0.000024  0.000000  0.000000  0.000000  2.000000  1.000000  0.000000  0.000000  0.000000  1.000000  0.000000  0.000000  0.000000  1.000000  1.000000  0.000205  -0.000134  -0.000205  1.000000  0.000012  0.000134  -0.000012  1.000000  1.000000  0.000000  0.000000  0.000000  1.000000  0.000000  0.000000  0.000000  1.000000  1.000000  0.000000  0.000000  0.000000  1.000000  0.000000  0.000000  0.000000  1.000000  0.000000  0.000000  
142.849546 0.000506  0.089245  -0.017519  0.998007  0.024447  -0.058173  -0.024455  0.999701  0.000576  0.058170  0.000848  0.998306  -0.000229  -0.000542  0.000001  0.000000  0.000000  0.000000  2.000000  1.000000  0.000000  0.000000  0.000000  1.000000  0.000000  0.000000  0.000000  1.000000  1.000000  0.000411  -0.000402  -0.000411  1.000000  0.000024  0.000402  -0.000024  1.000000  1.000000  0.000000  0.000000  0.000000  1.000000  0.000000  0.000000  0.000000  1.000000  1.000000  0.000000  0.000000  0.000000  1.000000  0.000000  0.000000  0.000000  1.000000  0.000000  0.000000  
142.850551 0.000505  0.089242  -0.017520  0.997999  0.024447  -0.058306  -0.024455  0.999701  0.000579  0.058303  0.000848  0.998299  -0.000271  -0.000734  -0.000049  0.000000  0.000000  0.000000  2.000000  1.000000  0.000000  0.000000  0.000000  1.000000  0.000000  0.000000  0.000000  1.000000  1.000000  0.000411  -0.000536  -0.000411  1.000000  0.000024  0.000536  -0.000024  1.000000  1.000000  0.000000  0.000000  0.000000  1.000000  0.000000  0.000000  0.000000  1.000000  1.000000  0.000000  0.000000  0.000000  1.000000  0.000000  0.000000  0.000000  1.000000  0.000000  0.000000  
142.851793 0.000504  0.089238  -0.017520  0.997986  0.024652  -0.058440  -0.024660  0.999696  0.000595  0.058437  0.000848  0.998291  -0.000321  -0.001020  -0.000092  0.000000  0.000000  0.000000  2.000000  1.000000  0.000000  0.000000  0.000000  1.000000  0.000000  0.000000  0.000000  1.000000  1.000000  0.000410  -0.000669  -0.000410  1.000000  0.000024  0.000669  -0.000024  1.000000  1.000000  0.000000  0.000000  0.000000  1.000000  0.000000  0.000000  0.000000  1.000000  1.000000  0.000000  0.000000  0.000000  1.000000  0.000000  0.000000  0.000000  1.000000  0.000000  0.000000  
142.853040 0.000503  0.089234  -0.017519  0.997966  0.024865  -0.058704  -0.024865  0.999691  0.000735  0.058704  0.000727  0.998275  -0.000392  -0.001302  -0.000061  0.000000  0.000000  0.000000  2.000000  1.000000  0.000000  0.000000  0.000000  1.000000  0.000000  0.000000  0.000000  1.000000  0.999999  0.000822  -0.000803  -0.000821  1.000000  0.000170  0.000804  -0.000169  1.000000  1.000000  0.000000  0.000000  0.000000  1.000000  0.000000  0.000000  0.000000  1.000000  1.000000  0.000000  0.000000  0.000000  1.000000  0.000000  0.000000  0.000000  1.000000  0.000000  0.000000  
142.854042 0.000503  0.089231  -0.017519  0.997961  0.025071  -0.058704  -0.025070  0.999685  0.000747  0.058704  0.000727  0.998275  -0.000429  -0.001538  -0.000058  0.000000  0.000000  0.000000  2.000000  1.000000  0.000000  0.000000  0.000000  1.000000  0.000000  0.000000  0.000000  1.000000  0.999999  0.001027  -0.000937  -0.001027  0.999999  0.000182  0.000937  -0.000181  1.000000  1.000000  0.000000  0.000000  0.000000  1.000000  0.000000  0.000000  0.000000  1.000000  1.000000  0.000000  0.000000  0.000000  1.000000  0.000000  0.000000  0.000000  1.000000  0.000000  0.000000  
142.855292 0.000502  0.089227  -0.017520  0.997940  0.025269  -0.058974  -0.025275  0.999680  0.000644  0.058971  0.000848  0.998259  -0.000487  -0.001801  -0.000109  0.000000  0.000000  0.000000  2.000000  1.000000  0.000000  0.000000  0.000000  1.000000  0.000000  0.000000  0.000000  1.000000  0.999999  0.001232  -0.001205  -0.001232  0.999999  0.000073  0.001205  -0.000071  0.999999  1.000000  0.000000  0.000000  0.000000  1.000000  0.000000  0.000000  0.000000  1.000000  1.000000  0.000000  0.000000  0.000000  1.000000  0.000000  0.000000  0.000000  1.000000  0.000000  0.000000  
142.856546 0.000501  0.089224  -0.017522  0.997919  0.025475  -0.059240  -0.025480  0.999675  0.000663  0.059238  0.000848  0.998244  -0.000539  -0.002022  -0.000251  0.000000  0.000000  0.000000  2.000000  1.000000  0.000000  0.000000  0.000000  1.000000  0.000000  0.000000  0.000000  1.000000  0.999998  0.001438  -0.001339  -0.001437  0.999999  0.000085  0.001339  -0.000083  0.999999  1.000000  0.000000  0.000000  0.000000  1.000000  0.000000  0.000000  0.000000  1.000000  1.000000  0.000000  0.000000  0.000000  1.000000  0.000000  0.000000  0.000000  1.000000  0.000000  0.000000  
142.857546 0.000501  0.089221  -0.017523  0.997897  0.025681  -0.059507  -0.025685  0.999670  0.000682  0.059505  0.000848  0.998228  -0.000578  -0.002193  -0.000347  0.000000  0.000000  0.000000  2.000000  1.000000  0.000000  0.000000  0.000000  1.000000  0.000000  0.000000  0.000000  1.000000  0.999997  0.001643  -0.001607  -0.001643  0.999999  0.000098  0.001607  -0.000095  0.999999  1.000000  0.000000  0.000000  0.000000  1.000000  0.000000  0.000000  0.000000  1.000000  1.000000  0.000000  0.000000  0.000000  1.000000  0.000000  0.000000  0.000000  1.000000  0.000000  0.000000  
142.858795 0.000500  0.089218  -0.017524  0.997876  0.025886  -0.059774  -0.025890  0.999665  0.000702  0.059772  0.000848  0.998212  -0.000652  -0.002410  -0.000414  0.000000  0.000000  0.000000  2.000000  1.000000  0.000000  0.000000  0.000000  1.000000  0.000000  0.000000  0.000000  1.000000  0.999997  0.001848  -0.001875  -0.001848  0.999998  0.000111  0.001875  -0.000107  0.999998  1.000000  0.000000  0.000000  0.000000  1.000000  0.000000  0.000000  0.000000  1.000000  1.000000  0.000000  0.000000  0.000000  1.000000  0.000000  0.000000  0.000000  1.000000  0.000000  0.000000  
142.860046 0.000498  0.089214  -0.017526  0.997849  0.026297  -0.060041  -0.026301  0.999654  0.000733  0.060039  0.000848  0.998196  -0.000730  -0.002700  -0.000521  0.000000  0.000000  0.000000  2.000000  1.000000  0.000000  0.000000  0.000000  1.000000  0.000000  0.000000  0.000000  1.000000  0.999995  0.002053  -0.002276  -0.002053  0.999998  0.000124  0.002276  -0.000119  0.999997  1.000000  0.000000  0.000000  0.000000  1.000000  0.000000  0.000000  0.000000  1.000000  1.000000  0.000000  0.000000  0.000000  1.000000  0.000000  0.000000  0.000000  1.000000  0.000000  0.000000  
142.861296 0.000496  0.089208  -0.017527  0.997828  0.026496  -0.060311  -0.026506  0.999648  0.000631  0.060307  0.000969  0.998179  -0.000850  -0.003014  -0.000609  0.000000  0.000000  0.000000  2.000000  1.000000  0.000000  0.000000  0.000000  1.000000  0.000000  0.000000  0.000000  1.000000  0.999994  0.002464  -0.002544  -0.002464  0.999997  0.000028  0.002544  -0.000021  0.999997  1.000000  0.000000  0.000000  0.000000  1.000000  0.000000  0.000000  0.000000  1.000000  1.000000  0.000000  0.000000  0.000000  1.000000  0.000000  0.000000  0.000000  1.000000  0.000000  0.000000  
142.862297 0.000495  0.089204  -0.017528  0.997801  0.026907  -0.060578  -0.026916  0.999637  0.000663  0.060574  0.000969  0.998163  -0.000886  -0.003130  -0.000656  0.000000  0.000000  0.000000  2.000000  1.000000  0.000000  0.000000  0.000000  1.000000  0.000000  0.000000  0.000000  1.000000  0.999993  0.002669  -0.002678  -0.002669  0.999996  0.000040  0.002678  -0.000033  0.999996  1.000000  0.000000  0.000000  0.000000  1.000000  0.000000  0.000000  0.000000  1.000000  1.000000  0.000000  0.000000  0.000000  1.000000  0.000000  0.000000  0.000000  1.000000  0.000000  0.000000  
142.863548 0.000493  0.089198  -0.017528  0.997787  0.027120  -0.060708  -0.027122  0.999632  0.000801  0.060707  0.000848  0.998155  -0.000871  -0.003295  -0.000589  0.000000  0.000000  0.000000  2.000000  1.000000  0.000000  0.000000  0.000000  1.000000  0.000000  0.000000  0.000000  1.000000  0.999991  0.003080  -0.002946  -0.003080  0.999995  0.000066  0.002946  -0.000057  0.999996  1.000000  0.000000  0.000000  0.000000  1.000000  0.000000  0.000000  0.000000  1.000000  1.000000  0.000000  0.000000  0.000000  1.000000  0.000000  0.000000  0.000000  1.000000  0.000000  0.000000  
142.864559 0.000492  0.089193  -0.017527  0.997765  0.027326  -0.060975  -0.027326  0.999626  0.000821  0.060974  0.000847  0.998139  -0.000915  -0.003453  -0.000509  0.000000  0.000000  0.000000  2.000000  1.000000  0.000000  0.000000  0.000000  1.000000  0.000000  0.000000  0.000000  1.000000  0.999989  0.003286  -0.003214  -0.003285  0.999995  0.000201  0.003214  -0.000190  0.999995  1.000000  0.000000  0.000000  0.000000  1.000000  0.000000  0.000000  0.000000  1.000000  1.000000  0.000000  0.000000  0.000000  1.000000  0.000000  0.000000  0.000000  1.000000  0.000000  0.000000  
142.865792 0.000491  0.089186  -0.017526  0.997729  0.027737  -0.061375  -0.027737  0.999615  0.000857  0.061375  0.000847  0.998114  -0.000962  -0.003648  -0.000380  0.000000  0.000000  0.000000  2.000000  1.000000  0.000000  0.000000  0.000000  1.000000  0.000000  0.000000  0.000000  1.000000  0.999987  0.003697  -0.003481  -0.003696  0.999993  0.000227  0.003482  -0.000214  0.999994  1.000000  0.000000  0.000000  0.000000  1.000000  0.000000  0.000000  0.000000  1.000000  1.000000  0.000000  0.000000  0.000000  1.000000  0.000000  0.000000  0.000000  1.000000  0.000000  0.000000  
142.866793 0.000490  0.089181  -0.017524  0.997707  0.027942  -0.061642  -0.027942  0.999609  0.000877  0.061642  0.000847  0.998098  -0.000967  -0.003805  -0.000276  0.000000  0.000000  0.000000  2.000000  1.000000  0.000000  0.000000  0.000000  1.000000  0.000000  0.000000  0.000000  1.000000  0.999986  0.003696  -0.003749  -0.003695  0.999993  0.000228  0.003750  -0.000214  0.999993  1.000000  0.000000  0.000000  0.000000  1.000000  0.000000  0.000000  0.000000  1.000000  1.000000  0.000000  0.000000  0.000000  1.000000  0.000000  0.000000  0.000000  1.000000  0.000000  0.000000  
142.867795 0.000489  0.089175  -0.017523  0.997685  0.028148  -0.061908  -0.028147  0.999603  0.000897  0.061909  0.000847  0.998081  -0.000962  -0.003959  -0.000211  0.000000  0.000000  0.000000  2.000000  1.000000  0.000000  0.000000  0.000000  1.000000  0.000000  0.000000  0.000000  1.000000  0.999984  0.003901  -0.004151  -0.003901  0.999992  0.000242  0.004152  -0.000226  0.999991  1.000000  0.000000  0.000000  0.000000  1.000000  0.000000  0.000000  0.000000  1.000000  1.000000  0.000000  0.000000  0.000000  1.000000  0.000000  0.000000  0.000000  1.000000  0.000000  0.000000  
142.869041 0.000488  0.089168  -0.017522  0.997640  0.028567  -0.062439  -0.028556  0.999592  0.001059  0.062443  0.000726  0.998048  -0.000978  -0.004171  -0.000151  0.000000  0.000000  0.000000  2.000000  1.000000  0.000000  0.000000  0.000000  1.000000  0.000000  0.000000  0.000000  1.000000  0.999982  0.004313  -0.004284  -0.004311  0.999991  0.000391  0.004286  -0.000372  0.999991  1.000000  0.000000  0.000000  0.000000  1.000000  0.000000  0.000000  0.000000  1.000000  1.000000  0.000000  0.000000  0.000000  1.000000  0.000000  0.000000  0.000000  1.000000  0.000000  0.000000  
142.870048 0.000488  0.089163  -0.017520  0.997617  0.028772  -0.062705  -0.028761  0.999586  0.001080  0.062710  0.000726  0.998032  -0.000937  -0.004351  -0.000012  0.000000  0.000000  0.000000  2.000000  1.000000  0.000000  0.000000  0.000000  1.000000  0.000000  0.000000  0.000000  1.000000  0.999980  0.004313  -0.004552  -0.004311  0.999991  0.000392  0.004553  -0.000373  0.999990  1.000000  0.000000  0.000000  0.000000  1.000000  0.000000  0.000000  0.000000  1.000000  1.000000  0.000000  0.000000  0.000000  1.000000  0.000000  0.000000  0.000000  1.000000  0.000000  0.000000  
142.871295 0.000488  0.089156  -0.017519  0.997580  0.029184  -0.063105  -0.029171  0.999574  0.001117  0.063111  0.000726  0.998006  -0.000879  -0.004581  0.000144  0.014529  0.179977  0.172490  2.000000  1.000000  0.000000  0.000000  0.000000  1.000000  0.000000  0.000000  0.000000  1.000000  0.999979  0.004518  -0.004686  -0.004516  0.999990  0.000407  0.004687  -0.000385  0.999989  1.000000  0.000000  0.000000  0.000000  1.000000  0.000000  0.000000  0.000000  1.000000  1.000000  0.000000  0.000000  0.000000  1.000000  0.000000  0.000000  0.000000  1.000000  0.000060  0.000000  
142.872547 0.000489  0.089150  -0.017518  0.997557  0.029389  -0.063372  -0.029376  0.999568  0.001138  0.063378  0.000726  0.997989  -0.000790  -0.004784  0.000318  0.014970  0.188965  0.179377  2.000000  1.000000  0.000000  0.000000  0.000000  1.000000  0.000000  0.000000  0.000000  1.000000  0.999978  0.004723  -0.004686  -0.004722  0.999989  0.000299  0.004687  -0.000277  0.999989  1.000000  0.000000  0.000000  0.000000  1.000000  0.000000  0.000000  0.000000  1.000000  1.000000  0.000000  0.000000  0.000000  1.000000  0.000000  0.000000  0.000000  1.000000  0.000064  0.000000  
142.873787 0.000489  0.089144  -0.017518  0.997528  0.029793  -0.063642  -0.029786  0.999556  0.001051  0.063645  0.000847  0.997972  -0.000710  -0.004936  0.000431  0.011665  0.196402  0.191627  2.000000  1.000000  0.000000  0.000000  0.000000  1.000000  0.000000  0.000000  0.000000  1.000000  0.999977  0.004723  -0.004820  -0.004722  0.999989  0.000179  0.004821  -0.000157  0.999988  1.000000  0.000000  0.000000  0.000000  1.000000  0.000000  0.000000  0.000000  1.000000  1.000000  0.000000  0.000000  0.000000  1.000000  0.000000  0.000000  0.000000  1.000000  0.000068  0.000000  
142.874794 0.000489  0.089139  -0.017516  0.997513  0.029999  -0.063775  -0.029991  0.999550  0.001068  0.063779  0.000847  0.997964  -0.000652  -0.005078  0.000626  0.012193  0.202498  0.200083  2.000000  1.000000  0.000000  0.000000  0.000000  1.000000  0.000000  0.000000  0.000000  1.000000  0.999976  0.004928  -0.004954  -0.004927  0.999988  0.000315  0.004955  -0.000291  0.999988  1.000000  0.000000  0.000000  0.000000  1.000000  0.000000  0.000000  0.000000  1.000000  1.000000  0.000000  0.000000  0.000000  1.000000  0.000000  0.000000  0.000000  1.000000  0.000071  0.000000  
142.876040 0.000489  0.089132  -0.017515  0.997484  0.030410  -0.064042  -0.030402  0.999537  0.001102  0.064046  0.000847  0.997947  -0.000531  -0.005148  0.000797  0.012542  0.209843  0.205362  2.000000  1.000000  0.000000  0.000000  0.000000  1.000000  0.000000  0.000000  0.000000  1.000000  0.999976  0.004928  -0.004954  -0.004927  0.999988  0.000316  0.004955  -0.000292  0.999988  1.000000  0.000000  0.000000  0.000000  1.000000  0.000000  0.000000  0.000000  1.000000  1.000000  0.000000  0.000000  0.000000  1.000000  0.000000  0.000000  0.000000  1.000000  0.000075  0.000000  
142.877050 0.000489  0.089128  -0.017514  0.997460  0.030615  -0.064309  -0.030606  0.999531  0.001124  0.064313  0.000847  0.997929  -0.000422  -0.005178  0.000972  0.013094  0.220552  0.213931  2.000000  1.000000  0.000062  -0.000064  -0.000062  1.000000  0.000004  0.000064  -0.000004  1.000000  0.999976  0.004928  -0.004954  -0.004926  0.999988  0.000317  0.004955  -0.000293  0.999988  1.000000  0.000000  0.000000  0.000000  1.000000  0.000000  0.000000  0.000000  1.000000  1.000000  0.000062  -0.000064  -0.000062  1.000000  0.000004  0.000064  -0.000004  1.000000  0.000074  0.000000  
142.878294 0.000488  0.089122  -0.017512  0.997437  0.030821  -0.064575  -0.030811  0.999525  0.001145  0.064580  0.000847  0.997912  -0.000356  -0.005182  0.001051  0.013467  0.218784  0.219059  2.000000  1.000000  0.000249  -0.000254  -0.000249  1.000000  0.000015  0.000254  -0.000015  1.000000  0.999974  0.005133  -0.005088  -0.005132  0.999987  0.000332  0.005089  -0.000306  0.999987  1.000000  0.000064  -0.000064  -0.000064  1.000000  0.000004  0.000064  -0.000004  1.000000  1.000000  0.000249  -0.000254  -0.000249  1.000000  0.000015  0.000254  -0.000015  1.000000  0.000078  0.007235  
142.879297 0.000488  0.089117  -0.017510  0.997413  0.031026  -0.064842  -0.031016  0.999518  0.001167  0.064847  0.000847  0.997895  -0.000277  -0.005177  0.001116  0.013620  0.225055  0.220828  2.000000  1.000000  0.000436  -0.000444  -0.000436  1.000000  0.000027  0.000444  -0.000027  1.000000  0.999975  0.005133  -0.004954  -0.005132  0.999987  0.000333  0.004956  -0.000308  0.999988  1.000000  0.000064  -0.000062  -0.000064  1.000000  0.000004  0.000062  -0.000004  1.000000  1.000000  0.000436  -0.000444  -0.000436  1.000000  0.000027  0.000444  -0.000027  1.000000  0.000077  0.007141  
142.880345 0.000488  0.089111  -0.017509  0.997398  0.031232  -0.064975  -0.031221  0.999512  0.001184  0.064980  0.000847  0.997886  -0.000187  -0.005158  0.001127  0.014056  0.224735  0.227403  2.000000  1.000000  0.000626  -0.000633  -0.000626  1.000000  0.000039  0.000633  -0.000039  1.000000  0.999975  0.005133  -0.004954  -0.005132  0.999987  0.000334  0.004956  -0.000309  0.999988  1.000000  0.000064  -0.000062  -0.000064  1.000000  0.000004  0.000062  -0.000004  1.000000  1.000000  0.000626  -0.000633  -0.000626  1.000000  0.000039  0.000633  -0.000039  1.000000  0.000080  0.007141  
142.881551 0.000487  0.089104  -0.017507  0.997374  0.031438  -0.065242  -0.031426  0.999505  0.001206  0.065247  0.000847  0.997869  -0.000188  -0.005171  0.001130  0.014119  0.229498  0.227667  2.000000  0.999999  0.000752  -0.000758  -0.000752  1.000000  0.000047  0.000758  -0.000047  1.000000  0.999976  0.004928  -0.004954  -0.004926  0.999988  0.000444  0.004956  -0.000419  0.999988  1.000000  0.000000  0.000000  0.000000  1.000000  0.000000  0.000000  0.000000  1.000000  0.999999  0.000752  -0.000758  -0.000752  1.000000  0.000047  0.000758  -0.000047  1.000000  0.000082  0.000000  
142.882792 0.000486  0.089097  -0.017506  0.997350  0.031643  -0.065508  -0.031631  0.999499  0.001228  0.065514  0.000847  0.997851  -0.000173  -0.005207  0.001090  0.010105  0.229529  0.227721  2.000000  0.999999  0.000873  -0.000885  -0.000872  1.000000  0.000058  0.000886  -0.000057  1.000000  0.999977  0.004722  -0.004954  -0.004720  0.999989  0.000432  0.004956  -0.000408  0.999988  1.000000  0.000000  0.000000  0.000000  1.000000  0.000000  0.000000  0.000000  1.000000  0.999999  0.000873  -0.000885  -0.000872  1.000000  0.000058  0.000886  -0.000057  1.000000  0.000082  0.000000  
142.883793 0.000486  0.089092  -0.017505  0.997326  0.031849  -0.065775  -0.031835  0.999492  0.001250  0.065781  0.000847  0.997834  -0.000130  -0.005198  0.001128  0.010136  0.238535  0.227724  2.000000  0.999999  0.000993  -0.001013  -0.000993  1.000000  0.000069  0.001013  -0.000068  0.999999  0.999976  0.004722  -0.005088  -0.004720  0.999989  0.000433  0.005090  -0.000409  0.999987  1.000000  0.000059  -0.000064  -0.000059  1.000000  0.000005  0.000064  -0.000005  1.000000  0.999999  0.000993  -0.001013  -0.000993  1.000000  0.000069  0.001013  -0.000068  0.999999  0.000082  0.006954  
142.884794 0.000487  0.089087  -0.017503  0.997302  0.032054  -0.066042  -0.032040  0.999486  0.001272  0.066048  0.000847  0.997816  -0.000107  -0.005153  0.001138  0.014274  0.238537  0.227694  2.000000  0.999999  0.001173  -0.001203  -0.001173  0.999999  0.000080  0.001204  -0.000079  0.999999  0.999976  0.004722  -0.005088  -0.004720  0.999989  0.000312  0.005089  -0.000288  0.999987  1.000000  0.000059  -0.000064  -0.000059  1.000000  0.000004  0.000064  -0.000004  1.000000  0.999999  0.001173  -0.001203  -0.001173  0.999999  0.000080  0.001204  -0.000079  0.999999  0.000083  0.006948  
142.886041 0.000488  0.089080  -0.017501  0.997271  0.032466  -0.066308  -0.032450  0.999472  0.001308  0.066315  0.000847  0.997798  -0.000051  -0.005146  0.001265  0.014632  0.241038  0.232661  2.000000  0.999998  0.001411  -0.001458  -0.001411  0.999999  0.000096  0.001458  -0.000094  0.999999  0.999976  0.004722  -0.005088  -0.004720  0.999989  0.000313  0.005089  -0.000289  0.999987  1.000000  0.000059  -0.000064  -0.000059  1.000000  0.000004  0.000064  -0.000004  1.000000  0.999998  0.001411  -0.001458  -0.001411  0.999999  0.000096  0.001458  -0.000094  0.999999  0.000083  0.006948  
142.887044 0.000488  0.089075  -0.017499  0.997255  0.032671  -0.066441  -0.032655  0.999466  0.001326  0.066449  0.000847  0.997789  -0.000073  -0.005139  0.001339  0.014800  0.238539  0.234590  2.000000  0.999998  0.001529  -0.001585  -0.001529  0.999999  0.000104  0.001585  -0.000101  0.999999  0.999978  0.004516  -0.004954  -0.004515  0.999990  0.000301  0.004955  -0.000279  0.999988  1.000000  0.000000  0.000000  0.000000  1.000000  0.000000  0.000000  0.000000  1.000000  0.999998  0.001529  -0.001585  -0.001529  0.999999  0.000104  0.001585  -0.000101  0.999999  0.000083  0.000000  
142.888291 0.000488  0.089069  -0.017496  0.997222  0.032877  -0.066841  -0.032860  0.999459  0.001353  0.066849  0.000847  0.997763  -0.000031  -0.005119  0.001440  0.014758  0.241070  0.232684  2.000000  0.999998  0.001529  -0.001585  -0.001529  0.999999  0.000104  0.001585  -0.000101  0.999999  0.999978  0.004516  -0.004820  -0.004515  0.999990  0.000302  0.004821  -0.000280  0.999988  1.000000  0.000000  0.000000  0.000000  1.000000  0.000000  0.000000  0.000000  1.000000  0.999998  0.001529  -0.001585  -0.001529  0.999999  0.000104  0.001585  -0.000101  0.999999  0.000083  0.000000  
142.889541 0.000489  0.089063  -0.017495  0.997197  0.033074  -0.067112  -0.033064  0.999452  0.001254  0.067116  0.000968  0.997745  -0.000023  -0.005143  0.001448  0.010777  0.241073  0.232655  2.000000  0.999998  0.001529  -0.001585  -0.001529  0.999999  0.000104  0.001585  -0.000101  0.999999  0.999980  0.004310  -0.004686  -0.004310  0.999991  0.000047  0.004687  -0.000027  0.999989  1.000000  0.000000  0.000000  0.000000  1.000000  0.000000  0.000000  0.000000  1.000000  0.999998  0.001529  -0.001585  -0.001529  0.999999  0.000104  0.001585  -0.000101  0.999999  0.000082  0.000000  
142.890791 0.000489  0.089057  -0.017494  0.997181  0.033280  -0.067245  -0.033269  0.999446  0.001273  0.067250  0.000968  0.997736  0.000036  -0.005115  0.001410  0.010386  0.236613  0.225813  2.000000  0.999998  0.001529  -0.001585  -0.001529  0.999999  0.000104  0.001585  -0.000101  0.999999  0.999980  0.004310  -0.004553  -0.004310  0.999991  0.000048  0.004553  -0.000029  0.999990  1.000000  0.000000  0.000000  0.000000  1.000000  0.000000  0.000000  0.000000  1.000000  0.999998  0.001529  -0.001585  -0.001529  0.999999  0.000104  0.001585  -0.000101  0.999999  0.000082  0.000000  
142.891791 0.000490  0.089052  -0.017494  0.997165  0.033485  -0.067378  -0.033474  0.999439  0.001291  0.067383  0.000968  0.997727  0.000088  -0.005128  0.001346  0.014476  0.232172  0.225805  2.000000  0.999998  0.001529  -0.001585  -0.001529  0.999999  0.000104  0.001585  -0.000101  0.999999  0.999981  0.004310  -0.004419  -0.004310  0.999991  0.000049  0.004419  -0.000030  0.999990  1.000000  0.000000  0.000000  0.000000  1.000000  0.000000  0.000000  0.000000  1.000000  0.999998  0.001529  -0.001585  -0.001529  0.999999  0.000104  0.001585  -0.000101  0.999999  0.000081  0.000000  
142.893039 0.000490  0.089046  -0.017494  0.997140  0.033683  -0.067649  -0.033679  0.999432  0.001193  0.067650  0.001089  0.997708  0.000079  -0.005158  0.001256  0.010492  0.232168  0.225771  2.000000  0.999998  0.001529  -0.001585  -0.001529  0.999999  0.000104  0.001585  -0.000101  0.999999  0.999982  0.004104  -0.004285  -0.004105  0.999992  -0.000086  0.004285  0.000103  0.999991  1.000000  0.000000  0.000000  0.000000  1.000000  0.000000  0.000000  0.000000  1.000000  0.999998  0.001529  -0.001585  -0.001529  0.999999  0.000104  0.001585  -0.000101  0.999999  0.000080  0.000000  
142.894067 0.000490  0.089040  -0.017495  0.997140  0.033683  -0.067649  -0.033679  0.999432  0.001193  0.067650  0.001089  0.997708  0.000111  -0.005179  0.001065  0.005637  0.224887  0.213677  2.000000  0.999998  0.001529  -0.001585  -0.001529  0.999999  0.000104  0.001585  -0.000101  0.999999  0.999983  0.004105  -0.004152  -0.004105  0.999992  -0.000085  0.004151  0.000102  0.999991  1.000000  0.000000  0.000000  0.000000  1.000000  0.000000  0.000000  0.000000  1.000000  0.999998  0.001529  -0.001585  -0.001529  0.999999  0.000104  0.001585  -0.000101  0.999999  0.000078  0.000000  
142.895296 0.000490  0.089034  -0.017495  0.997115  0.033888  -0.067915  -0.033884  0.999425  0.001216  0.067917  0.001089  0.997690  0.000118  -0.005170  0.000933  0.005253  0.225102  0.206978  2.000000  0.999998  0.001529  -0.001585  -0.001529  0.999999  0.000104  0.001585  -0.000101  0.999999  0.999984  0.003899  -0.004151  -0.003899  0.999992  0.000023  0.004152  -0.000006  0.999991  1.000000  0.000000  0.000000  0.000000  1.000000  0.000000  0.000000  0.000000  1.000000  0.999998  0.001529  -0.001585  -0.001529  0.999999  0.000104  0.001585  -0.000101  0.999999  0.000077  0.000000  
142.896303 0.000490  0.089029  -0.017495  0.997099  0.034094  -0.068048  -0.034089  0.999418  0.001234  0.068051  0.001089  0.997681  0.000175  -0.005082  0.000829  0.005293  0.220514  0.206895  2.000000  0.999998  0.001529  -0.001585  -0.001529  0.999999  0.000104  0.001585  -0.000101  0.999999  0.999984  0.003899  -0.004018  -0.003899  0.999992  0.000023  0.004018  -0.000007  0.999992  1.000000  0.000000  0.000000  0.000000  1.000000  0.000000  0.000000  0.000000  1.000000  0.999998  0.001529  -0.001585  -0.001529  0.999999  0.000104  0.001585  -0.000101  0.999999  0.000075  0.000000  
142.897549 0.000489  0.089023  -0.017496  0.997083  0.034299  -0.068182  -0.034294  0.999411  0.001253  0.068184  0.001089  0.997672  0.000192  -0.005042  0.000701  0.005306  0.209879  0.205293  2.000000  0.999998  0.001529  -0.001585  -0.001529  0.999999  0.000104  0.001585  -0.000101  0.999999  0.999984  0.003899  -0.004018  -0.003899  0.999992  0.000024  0.004018  -0.000008  0.999992  1.000000  0.000000  0.000000  0.000000  1.000000  0.000000  0.000000  0.000000  1.000000  0.999998  0.001529  -0.001585  -0.001529  0.999999  0.000104  0.001585  -0.000101  0.999999  0.000074  0.000000  
142.898796 0.000489  0.089017  -0.017495  0.997074  0.034299  -0.068315  -0.034293  0.999411  0.001257  0.068318  0.001089  0.997663  0.000149  -0.004973  0.000618  0.000437  0.198031  0.193136  2.000000  0.999998  0.001529  -0.001585  -0.001529  0.999999  0.000104  0.001585  -0.000101  0.999999  0.999987  0.003488  -0.003750  -0.003488  0.999994  -0.000003  0.003750  0.000017  0.999993  1.000000  0.000000  0.000000  0.000000  1.000000  0.000000  0.000000  0.000000  1.000000  0.999998  0.001529  -0.001585  -0.001529  0.999999  0.000104  0.001585  -0.000101  0.999999  0.000071  0.000000  
142.899797 0.000489  0.089013  -0.017495  0.997058  0.034505  -0.068448  -0.034498  0.999404  0.001276  0.068451  0.001089  0.997654  0.000137  -0.004911  0.000515  0.000476  0.193571  0.193175  2.000000  0.999998  0.001529  -0.001585  -0.001529  0.999999  0.000104  0.001585  -0.000101  0.999999  0.999987  0.003488  -0.003750  -0.003488  0.999994  -0.000003  0.003750  0.000016  0.999993  1.000000  0.000000  0.000000  0.000000  1.000000  0.000000  0.000000  0.000000  1.000000  0.999998  0.001529  -0.001585  -0.001529  0.999999  0.000104  0.001585  -0.000101  0.999999  0.000069  0.000000  
142.900798 0.000488  0.089008  -0.017494  0.997049  0.034505  -0.068582  -0.034498  0.999404  0.001281  0.068585  0.001089  0.997645  0.000020  -0.004914  0.000437  0.000059  0.189009  0.186213  2.000000  0.999998  0.001529  -0.001585  -0.001529  0.999999  0.000104  0.001585  -0.000101  0.999999  0.999988  0.003283  -0.003616  -0.003283  0.999995  -0.000017  0.003616  0.000029  0.999993  1.000000  0.000000  0.000000  0.000000  1.000000  0.000000  0.000000  0.000000  1.000000  0.999998  0.001529  -0.001585  -0.001529  0.999999  0.000104  0.001585  -0.000101  0.999999  0.000067  0.000000  
142.902050 0.000488  0.089002  -0.017494  0.997032  0.034710  -0.068715  -0.034703  0.999397  0.001299  0.068718  0.001089  0.997636  -0.000003  -0.004873  0.000283  -0.000360  0.184493  0.179299  2.000000  0.999998  0.001529  -0.001585  -0.001529  0.999999  0.000104  0.001585  -0.000101  0.999999  0.999989  0.003283  -0.003482  -0.003283  0.999995  -0.000016  0.003482  0.000028  0.999994  1.000000  0.000000  0.000000  0.000000  1.000000  0.000000  0.000000  0.000000  1.000000  0.999998  0.001529  -0.001585  -0.001529  0.999999  0.000104  0.001585  -0.000101  0.999999  0.000064  0.000000  
142.903291 0.000488  0.088997  -0.017494  0.997016  0.034916  -0.068848  -0.034908  0.999390  0.001318  0.068852  0.001089  0.997626  -0.000043  -0.004849  0.000170  -0.000321  0.178560  0.177869  2.000000  0.999998  0.001529  -0.001585  -0.001529  0.999999  0.000104  0.001585  -0.000101  0.999999  0.999989  0.003283  -0.003348  -0.003283  0.999995  -0.000016  0.003348  0.000027  0.999994  1.000000  0.000000  0.000000  0.000000  1.000000  0.000000  0.000000  0.000000  1.000000  0.999998  0.001529  -0.001585  -0.001529  0.999999  0.000104  0.001585  -0.000101  0.999999  0.000064  0.000000  
142.904293 0.000487  0.088992  -0.017493  0.997007  0.034916  -0.068981  -0.034908  0.999390  0.001323  0.068985  0.001089  0.997617  -0.000080  -0.004793  0.000087  0.002836  0.178578  0.164180  2.000000  0.999998  0.001529  -0.001585  -0.001529  0.999999  0.000104  0.001585  -0.000101  0.999999  0.999991  0.003078  -0.003080  -0.003078  0.999995  -0.000030  0.003080  0.000039  0.999995  1.000000  0.000000  0.000000  0.000000  1.000000  0.000000  0.000000  0.000000  1.000000  0.999998  0.001529  -0.001585  -0.001529  0.999999  0.000104  0.001585  -0.000101  0.999999  0.000060  0.000000  
142.905543 0.000487  0.088987  -0.017494  0.997000  0.035113  -0.068985  -0.035113  0.999383  0.001216  0.068985  0.001210  0.997617  -0.000135  -0.004748  0.000044  -0.001186  0.169668  0.164178  2.000000  0.999998  0.001529  -0.001585  -0.001529  0.999999  0.000104  0.001585  -0.000101  0.999999  0.999992  0.002872  -0.002947  -0.002873  0.999996  -0.000165  0.002946  0.000174  0.999996  1.000000  0.000000  0.000000  0.000000  1.000000  0.000000  0.000000  0.000000  1.000000  0.999998  0.001529  -0.001585  -0.001529  0.999999  0.000104  0.001585  -0.000101  0.999999  0.000060  0.000000  
142.906789 0.000487  0.088982  -0.017493  0.996990  0.035113  -0.069119  -0.035113  0.999383  0.001221  0.069119  0.001210  0.997608  -0.000213  -0.004693  0.000037  0.000000  0.000000  0.000000  2.000000  0.999998  0.001529  -0.001585  -0.001529  0.999999  0.000104  0.001585  -0.000101  0.999999  0.999992  0.002667  -0.002813  -0.002668  0.999996  -0.000179  0.002812  0.000186  0.999996  1.000000  0.000000  0.000000  0.000000  1.000000  0.000000  0.000000  0.000000  1.000000  0.999998  0.001529  -0.001585  -0.001529  0.999999  0.000104  0.001585  -0.000101  0.999999  0.000000  0.000000  
142.907792 0.000486  0.088977  -0.017493  0.996974  0.035318  -0.069252  -0.035317  0.999375  0.001239  0.069252  0.001210  0.997598  -0.000236  -0.004627  0.000051  0.000000  0.000000  0.000000  2.000000  0.999998  0.001529  -0.001585  -0.001529  0.999999  0.000104  0.001585  -0.000101  0.999999  0.999993  0.002667  -0.002679  -0.002668  0.999996  -0.000179  0.002678  0.000186  0.999996  1.000000  0.000000  0.000000  0.000000  1.000000  0.000000  0.000000  0.000000  1.000000  0.999998  0.001529  -0.001585  -0.001529  0.999999  0.000104  0.001585  -0.000101  0.999999  0.000000  0.000000  
142.908795 0.000486  0.088973  -0.017492  0.996974  0.035318  -0.069252  -0.035317  0.999375  0.001239  0.069252  0.001210  0.997598  -0.000257  -0.004568  0.000168  0.000000  0.000000  0.000000  2.000000  0.999998  0.001529  -0.001585  -0.001529  0.999999  0.000104  0.001585  -0.000101  0.999999  0.999993  0.002667  -0.002545  -0.002668  0.999996  -0.000179  0.002545  0.000185  0.999997  1.000000  0.000000  0.000000  0.000000  1.000000  0.000000  0.000000  0.000000  1.000000  0.999998  0.001529  -0.001585  -0.001529  0.999999  0.000104  0.001585  -0.000101  0.999999  0.000000  0.000000  
142.910046 0.000485  0.088968  -0.017492  0.996965  0.035310  -0.069389  -0.035317  0.999376  0.001123  0.069386  0.001331  0.997589  -0.000302  -0.004493  0.000217  0.000000  0.000000  0.000000  2.000000  0.999998  0.001529  -0.001585  -0.001529  0.999999  0.000104  0.001585  -0.000101  0.999999  0.999994  0.002462  -0.002411  -0.002462  0.999997  -0.000192  0.002411  0.000198  0.999997  1.000000  0.000000  0.000000  0.000000  1.000000  0.000000  0.000000  0.000000  1.000000  0.999998  0.001529  -0.001585  -0.001529  0.999999  0.000104  0.001585  -0.000101  0.999999  0.000000  0.000000  
142.911297 0.000485  0.088963  -0.017492  0.996957  0.035516  -0.069389  -0.035522  0.999368  0.001137  0.069386  0.001331  0.997589  -0.000287  -0.004425  0.000219  0.000000  0.000000  0.000000  2.000000  0.999998  0.001529  -0.001585  -0.001529  0.999999  0.000104  0.001585  -0.000101  0.999999  0.999995  0.002462  -0.002144  -0.002462  0.999997  -0.000192  0.002143  0.000198  0.999998  1.000000  0.000000  0.000000  0.000000  1.000000  0.000000  0.000000  0.000000  1.000000  0.999998  0.001529  -0.001585  -0.001529  0.999999  0.000104  0.001585  -0.000101  0.999999  0.000000  0.000000  
142.912551 0.000484  0.088957  -0.017492  0.996957  0.035516  -0.069389  -0.035522  0.999368  0.001137  0.069386  0.001331  0.997589  -0.000323  -0.004352  0.000273  0.000000  0.000000  0.000000  2.000000  0.999998  0.001529  -0.001585  -0.001529  0.999999  0.000104  0.001585  -0.000101  0.999999  0.999996  0.002051  -0.002010  -0.002052  0.999998  -0.000221  0.002009  0.000225  0.999998  1.000000  0.000000  0.000000  0.000000  1.000000  0.000000  0.000000  0.000000  1.000000  0.999998  0.001529  -0.001585  -0.001529  0.999999  0.000104  0.001585  -0.000101  0.999999  0.000000  0.000000  
142.913792 0.000484  0.088953  -0.017492  0.996950  0.035721  -0.069389  -0.035728  0.999361  0.001152  0.069386  0.001331  0.997589  -0.000337  -0.004308  0.000215  0.000000  0.000000  0.000000  2.000000  0.999998  0.001529  -0.001585  -0.001529  0.999999  0.000104  0.001585  -0.000101  0.999999  0.999997  0.001846  -0.001742  -0.001846  0.999998  -0.000114  0.001742  0.000117  0.999998  1.000000  0.000000  0.000000  0.000000  1.000000  0.000000  0.000000  0.000000  1.000000  0.999998  0.001529  -0.001585  -0.001529  0.999999  0.000104  0.001585  -0.000101  0.999999  0.000000  0.000000  
142.914796 0.000483  0.088948  -0.017492  0.996950  0.035730  -0.069385  -0.035728  0.999361  0.001273  0.069386  0.001210  0.997589  -0.000376  -0.004308  0.000189  0.000000  0.000000  0.000000  2.000000  0.999998  0.001529  -0.001585  -0.001529  0.999999  0.000104  0.001585  -0.000101  0.999999  0.999996  0.002052  -0.001742  -0.002052  0.999998  0.000022  0.001742  -0.000018  0.999998  1.000000  0.000000  0.000000  0.000000  1.000000  0.000000  0.000000  0.000000  1.000000  0.999998  0.001529  -0.001585  -0.001529  0.999999  0.000104  0.001585  -0.000101  0.999999  0.000000  0.000000  
142.915798 0.000482  0.088944  -0.017493  0.996950  0.035730  -0.069385  -0.035728  0.999361  0.001273  0.069386  0.001210  0.997589  -0.000400  -0.004269  0.000077  0.000000  0.000000  0.000000  2.000000  0.999998  0.001529  -0.001585  -0.001529  0.999999  0.000104  0.001585  -0.000101  0.999999  0.999997  0.001847  -0.001608  -0.001847  0.999998  0.000007  0.001608  -0.000004  0.999999  1.000000  0.000000  0.000000  0.000000  1.000000  0.000000  0.000000  0.000000  1.000000  0.999998  0.001529  -0.001585  -0.001529  0.999999  0.000104  0.001585  -0.000101  0.999999  0.000000  0.000000  
142.917047 0.000482  0.088939  -0.017493  0.996941  0.035730  -0.069518  -0.035727  0.999361  0.001278  0.069519  0.001210  0.997580  -0.000414  -0.004225  0.000022  0.000000  0.000000  0.000000  2.000000  0.999998  0.001529  -0.001585  -0.001529  0.999999  0.000104  0.001585  -0.000101  0.999999  0.999998  0.001641  -0.001474  -0.001641  0.999999  -0.000007  0.001474  0.000009  0.999999  1.000000  0.000000  0.000000  0.000000  1.000000  0.000000  0.000000  0.000000  1.000000  0.999998  0.001529  -0.001585  -0.001529  0.999999  0.000104  0.001585  -0.000101  0.999999  0.000000  0.000000  
142.918293 0.000481  0.088934  -0.017493  0.996941  0.035730  -0.069518  -0.035727  0.999361  0.001278  0.069519  0.001210  0.997580  -0.000471  -0.004176  0.000018  0.000000  0.000000  0.000000  2.000000  0.999998  0.001529  -0.001585  -0.001529  0.999999  0.000104  0.001585  -0.000101  0.999999  0.999998  0.001436  -0.001340  -0.001436  0.999999  -0.000021  0.001340  0.000023  0.999999  1.000000  0.000000  0.000000  0.000000  1.000000  0.000000  0.000000  0.000000  1.000000  0.999998  0.001529  -0.001585  -0.001529  0.999999  0.000104  0.001585  -0.000101  0.999999  0.000000  0.000000  
142.919542 0.000480  0.088929  -0.017492  0.996941  0.035730  -0.069518  -0.035727  0.999361  0.001278  0.069519  0.001210  0.997580  -0.000459  -0.004127  0.000065  0.000000  0.000000  0.000000  2.000000  0.999998  0.001529  -0.001585  -0.001529  0.999999  0.000104  0.001585  -0.000101  0.999999  0.999998  0.001436  -0.001206  -0.001436  0.999999  -0.000021  0.001206  0.000023  0.999999  1.000000  0.000000  0.000000  0.000000  1.000000  0.000000  0.000000  0.000000  1.000000  0.999998  0.001529  -0.001585  -0.001529  0.999999  0.000104  0.001585  -0.000101  0.999999  0.000000  0.000000  
142.920543 0.000480  0.088926  -0.017492  0.996941  0.035730  -0.069518  -0.035727  0.999361  0.001278  0.069519  0.001210  0.997580  -0.000466  -0.004049  0.000141  0.000000  0.000000  0.000000  2.000000  0.999998  0.001529  -0.001585  -0.001529  0.999999  0.000104  0.001585  -0.000101  0.999999  0.999999  0.001231  -0.001072  -0.001231  0.999999  -0.000035  0.001072  0.000037  0.999999  1.000000  0.000000  0.000000  0.000000  1.000000  0.000000  0.000000  0.000000  1.000000  0.999998  0.001529  -0.001585  -0.001529  0.999999  0.000104  0.001585  -0.000101  0.999999  0.000000  0.000000  
