1-Time 2-Px 3-Py 4-Pz 5-R11 6-R21 7-R31 8-R12 9-R22 10-R32 11-R13 12-R23 13-R33 14-Vx 15-Vy 16-Vz 17-Wx 18-Wy 19-Wz 20-state 21-PR11 22-PR21 23-PR31 24-PR12 25-PR22 26-PR32 27-PR13 28-PR23 29-PR33 
173.239525 -0.001981  0.085356  -0.015383  0.988466  0.091776  0.120462  -0.100875  0.992309  0.071738  -0.112952  -0.083062  0.990122  0.003975  0.002961  0.002243  0.000000  0.000000  0.000000  2.000000  1.000000  0.000000  0.000000  0.000000  1.000000  0.000000  0.000000  0.000000  1.000000  1.000000  -0.000385  -0.000301  0.000385  1.000000  0.000047  0.000301  -0.000047  1.000000  1.000000  0.000000  0.000000  0.000000  1.000000  0.000000  0.000000  0.000000  1.000000  0.713179  0.462333  0.526901  -0.519025  0.853499  -0.046391  -0.471158  -0.240390  0.848660  0.000000  0.000000  
173.240530 -0.001976  0.085359  -0.015381  0.988466  0.091776  0.120462  -0.100875  0.992309  0.071738  -0.112952  -0.083062  0.990122  0.004005  0.002983  0.002259  0.000000  0.000000  0.000000  2.000000  1.000000  0.000000  0.000000  0.000000  1.000000  0.000000  0.000000  0.000000  1.000000  1.000000  -0.000385  -0.000301  0.000385  1.000000  0.000047  0.000301  -0.000047  1.000000  1.000000  0.000000  0.000000  0.000000  1.000000  0.000000  0.000000  0.000000  1.000000  1.000000  0.000000  0.000000  0.000000  1.000000  0.000000  0.000000  0.000000  1.000000  0.000000  0.000000  
173.241780 -0.001973  0.085359  -0.015379  0.988374  0.092352  0.120781  -0.101483  0.992246  0.071757  -0.113218  -0.083180  0.990082  0.003895  0.002746  0.002180  0.000000  0.000000  0.000000  2.000000  1.000000  0.000000  0.000000  0.000000  1.000000  0.000000  0.000000  0.000000  1.000000  1.000000  0.000000  -0.000000  -0.000000  1.000000  0.000121  -0.000000  -0.000121  1.000000  1.000000  0.000000  0.000000  0.000000  1.000000  0.000000  0.000000  0.000000  1.000000  1.000000  0.000000  0.000000  0.000000  1.000000  0.000000  0.000000  0.000000  1.000000  0.000000  0.000000  
173.243029 -0.001970  0.085358  -0.015378  0.988230  0.093095  0.121390  -0.102290  0.992157  0.071844  -0.113750  -0.083415  0.990001  0.003774  0.002415  0.002109  0.000000  0.000000  0.000000  2.000000  1.000000  0.000000  0.000000  0.000000  1.000000  0.000000  0.000000  0.000000  1.000000  0.999999  0.000974  0.000619  -0.000974  1.000000  0.000126  -0.000619  -0.000126  1.000000  1.000000  0.000000  0.000000  0.000000  1.000000  0.000000  0.000000  0.000000  1.000000  1.000000  0.000000  0.000000  0.000000  1.000000  0.000000  0.000000  0.000000  1.000000  0.000000  0.000000  
173.244280 -0.001967  0.085356  -0.015376  0.988090  0.093638  0.122105  -0.102893  0.992096  0.071820  -0.114414  -0.083529  0.989915  0.003630  0.002038  0.002030  0.000000  0.000000  0.000000  2.000000  1.000000  0.000000  0.000000  0.000000  1.000000  0.000000  0.000000  0.000000  1.000000  0.999998  0.001529  0.001337  -0.001530  0.999999  0.000297  -0.001337  -0.000299  0.999999  1.000000  0.000000  0.000000  0.000000  1.000000  0.000000  0.000000  0.000000  1.000000  1.000000  0.000000  0.000000  0.000000  1.000000  0.000000  0.000000  0.000000  1.000000  0.000000  0.000000  
173.245532 -0.001964  0.085354  -0.015375  0.988039  0.093790  0.122406  -0.103093  0.992062  0.072008  -0.114680  -0.083766  0.989864  0.003522  0.001658  0.001975  0.000000  0.000000  0.000000  2.000000  1.000000  0.000000  0.000000  0.000000  1.000000  0.000000  0.000000  0.000000  1.000000  0.999997  0.001903  0.001772  -0.001904  0.999998  0.000492  -0.001771  -0.000495  0.999998  1.000000  0.000000  0.000000  0.000000  1.000000  0.000000  0.000000  0.000000  1.000000  1.000000  0.000000  0.000000  0.000000  1.000000  0.000000  0.000000  0.000000  1.000000  0.000000  0.000000  
173.246779 -0.001962  0.085352  -0.015372  0.987944  0.094336  0.122748  -0.103700  0.991980  0.072266  -0.114946  -0.084124  0.989803  0.003328  0.001266  0.001954  0.000000  0.000000  0.000000  2.000000  1.000000  0.000000  0.000000  0.000000  1.000000  0.000000  0.000000  0.000000  1.000000  0.999995  0.002287  0.002074  -0.002289  0.999997  0.000686  -0.002072  -0.000691  0.999998  1.000000  0.000000  0.000000  0.000000  1.000000  0.000000  0.000000  0.000000  1.000000  1.000000  0.000000  0.000000  0.000000  1.000000  0.000000  0.000000  0.000000  1.000000  0.000000  0.000000  
173.248028 -0.001960  0.085350  -0.015370  0.987901  0.094715  0.122800  -0.104107  0.991923  0.072456  -0.114946  -0.084364  0.989783  0.003110  0.000917  0.001909  0.000000  0.000000  0.000000  2.000000  1.000000  0.000000  0.000000  0.000000  1.000000  0.000000  0.000000  0.000000  1.000000  0.999994  0.002898  0.002126  -0.002900  0.999995  0.000979  -0.002124  -0.000985  0.999997  1.000000  0.000000  0.000000  0.000000  1.000000  0.000000  0.000000  0.000000  1.000000  1.000000  0.000000  0.000000  0.000000  1.000000  0.000000  0.000000  0.000000  1.000000  0.000000  0.000000  
173.249036 -0.001958  0.085350  -0.015367  0.987822  0.095286  0.123000  -0.104715  0.991848  0.072607  -0.115079  -0.084603  0.989747  0.002971  0.000666  0.001947  0.000000  0.000000  0.000000  2.000000  1.000000  0.000000  0.000000  0.000000  1.000000  0.000000  0.000000  0.000000  1.000000  0.999992  0.003294  0.002295  -0.003297  0.999994  0.001174  -0.002291  -0.001181  0.999997  1.000000  0.000000  0.000000  0.000000  1.000000  0.000000  0.000000  0.000000  1.000000  1.000000  0.000000  0.000000  0.000000  1.000000  0.000000  0.000000  0.000000  1.000000  0.000000  0.000000  
173.250291 -0.001955  0.085348  -0.015364  0.987689  0.096024  0.123490  -0.105524  0.991747  0.072824  -0.115478  -0.084959  0.989670  0.002789  0.000297  0.001974  0.000000  0.000000  0.000000  2.000000  1.000000  0.000000  0.000000  0.000000  1.000000  0.000000  0.000000  0.000000  1.000000  0.999988  0.004086  0.002632  -0.004089  0.999991  0.001320  -0.002627  -0.001331  0.999996  1.000000  0.000000  0.000000  0.000000  1.000000  0.000000  0.000000  0.000000  1.000000  1.000000  0.000000  0.000000  0.000000  1.000000  0.000000  0.000000  0.000000  1.000000  0.000000  0.000000  
173.251301 -0.001953  0.085347  -0.015361  0.987556  0.096792  0.123956  -0.106332  0.991662  0.072800  -0.115876  -0.085075  0.989614  0.002725  0.000066  0.002056  0.000000  0.000000  0.000000  2.000000  1.000000  0.000000  0.000000  0.000000  1.000000  0.000000  0.000000  0.000000  1.000000  0.999983  0.004866  0.003103  -0.004870  0.999987  0.001466  -0.003095  -0.001481  0.999994  1.000000  0.000000  0.000000  0.000000  1.000000  0.000000  0.000000  0.000000  1.000000  1.000000  0.000000  0.000000  0.000000  1.000000  0.000000  0.000000  0.000000  1.000000  0.000000  0.000000  
173.252530 -0.001949  0.085345  -0.015355  0.987390  0.097522  0.124698  -0.107137  0.991570  0.072867  -0.116541  -0.085308  0.989515  0.002579  -0.000367  0.002211  0.054403  -0.128903  0.189074  2.000000  1.000000  0.000272  0.000179  -0.000272  1.000000  0.000075  -0.000179  -0.000075  1.000000  0.999977  0.005623  0.003839  -0.005629  0.999983  0.001487  -0.003831  -0.001509  0.999992  1.000000  0.000070  0.000048  -0.000070  1.000000  0.000019  -0.000048  -0.000019  1.000000  1.000000  0.000272  0.000179  -0.000272  1.000000  0.000075  -0.000179  -0.000075  1.000000  0.000057  0.006972  
173.253531 -0.001946  0.085343  -0.015349  0.987218  0.098482  0.125311  -0.108146  0.991466  0.072802  -0.117072  -0.085423  0.989443  0.002512  -0.000706  0.002445  0.053653  -0.154786  0.228204  2.000000  1.000000  0.000585  0.000391  -0.000585  1.000000  0.000153  -0.000390  -0.000153  1.000000  0.999968  0.006595  0.004461  -0.006603  0.999977  0.001606  -0.004450  -0.001636  0.999989  1.000000  0.000082  0.000056  -0.000082  1.000000  0.000020  -0.000056  -0.000020  1.000000  1.000000  0.000585  0.000391  -0.000585  1.000000  0.000153  -0.000390  -0.000153  1.000000  0.000068  0.008126  
173.254539 -0.001944  0.085342  -0.015342  0.987066  0.099237  0.125910  -0.108952  0.991380  0.072761  -0.117604  -0.085538  0.989370  0.002371  -0.001034  0.002761  0.054457  -0.175000  0.253974  2.000000  0.999999  0.000939  0.000634  -0.000939  1.000000  0.000231  -0.000634  -0.000232  1.000000  0.999959  0.007353  0.005197  -0.007361  0.999972  0.001505  -0.005186  -0.001544  0.999985  1.000000  0.000092  0.000065  -0.000092  1.000000  0.000019  -0.000065  -0.000019  1.000000  0.999999  0.000939  0.000634  -0.000939  1.000000  0.000231  -0.000634  -0.000232  1.000000  0.000076  0.009133  
173.255782 -0.001943  0.085338  -0.015334  0.986906  0.100208  0.126391  -0.109963  0.991273  0.072707  -0.118002  -0.085654  0.989312  0.002147  -0.001447  0.003171  0.054498  -0.191421  0.287116  2.000000  0.999999  0.001338  0.000913  -0.001339  0.999999  0.000311  -0.000913  -0.000312  1.000000  0.999948  0.008325  0.005819  -0.008334  0.999964  0.001622  -0.005806  -0.001670  0.999982  1.000000  0.000104  0.000073  -0.000104  1.000000  0.000021  -0.000073  -0.000021  1.000000  0.999999  0.001338  0.000913  -0.001339  0.999999  0.000311  -0.000913  -0.000312  1.000000  0.000086  0.010290  
173.256783 -0.001943  0.085333  -0.015328  0.986784  0.100986  0.126727  -0.110772  0.991184  0.072694  -0.118268  -0.085771  0.989270  0.002010  -0.001755  0.003442  0.055328  -0.202719  0.313700  2.000000  0.999998  0.001780  0.001213  -0.001780  0.999998  0.000392  -0.001212  -0.000395  0.999999  0.999939  0.009116  0.006157  -0.009126  0.999957  0.001643  -0.006142  -0.001699  0.999980  1.000000  0.000114  0.000077  -0.000114  1.000000  0.000021  -0.000077  -0.000021  1.000000  0.999998  0.001780  0.001213  -0.001780  0.999998  0.000392  -0.001212  -0.000395  0.999999  0.000093  0.011127  
173.258134 -0.001943  0.085327  -0.015322  0.986684  0.101545  0.127059  -0.111378  0.991106  0.072826  -0.118534  -0.086008  0.989218  0.001783  -0.002112  0.003735  0.060825  -0.212747  0.332315  2.000000  0.999996  0.002379  0.001608  -0.002380  0.999997  0.000497  -0.001607  -0.000501  0.999999  0.999928  0.010111  0.006512  -0.010122  0.999947  0.001639  -0.006495  -0.001705  0.999977  1.000000  0.000126  0.000081  -0.000126  1.000000  0.000021  -0.000081  -0.000021  1.000000  0.999996  0.002379  0.001608  -0.002380  0.999997  0.000497  -0.001607  -0.000501  0.999999  0.000100  0.012143  
173.259282 -0.001943  0.085319  -0.015317  0.986521  0.102500  0.127553  -0.112388  0.990987  0.072891  -0.118932  -0.086244  0.989150  0.001614  -0.002508  0.003970  0.065117  -0.229934  0.366583  2.000000  0.999994  0.002907  0.001944  -0.002908  0.999996  0.000586  -0.001942  -0.000592  0.999998  0.999917  0.010902  0.006851  -0.010914  0.999939  0.001780  -0.006831  -0.001855  0.999975  1.000000  0.000136  0.000086  -0.000136  1.000000  0.000023  -0.000086  -0.000023  1.000000  0.999994  0.002907  0.001944  -0.002908  0.999996  0.000586  -0.001942  -0.000592  0.999998  0.000107  0.013003  
173.260530 -0.001942  0.085310  -0.015314  0.986381  0.103250  0.128033  -0.113195  0.990889  0.072981  -0.119331  -0.086480  0.989081  0.001465  -0.002922  0.004030  0.069966  -0.245729  0.392727  2.000000  0.999991  0.003615  0.002393  -0.003617  0.999993  0.000708  -0.002390  -0.000717  0.999997  0.999904  0.011668  0.007458  -0.011683  0.999930  0.002039  -0.007434  -0.002126  0.999970  1.000000  0.000146  0.000093  -0.000146  1.000000  0.000026  -0.000093  -0.000026  1.000000  0.999991  0.003615  0.002393  -0.003617  0.999993  0.000708  -0.002390  -0.000717  0.999997  0.000116  0.014004  
173.261781 -0.001941  0.085301  -0.015313  0.986184  0.104166  0.128803  -0.114201  0.990762  0.073133  -0.119995  -0.086833  0.988970  0.001405  -0.003463  0.004031  0.078086  -0.271347  0.425305  2.000000  0.999986  0.004379  0.002878  -0.004381  0.999990  0.000840  -0.002875  -0.000853  0.999996  0.999890  0.012434  0.008064  -0.012451  0.999920  0.002055  -0.008038  -0.002155  0.999965  1.000000  0.000156  0.000101  -0.000156  1.000000  0.000026  -0.000101  -0.000026  1.000000  0.999986  0.004379  0.002878  -0.004381  0.999990  0.000840  -0.002875  -0.000853  0.999996  0.000125  0.014969  
173.262782 -0.001939  0.085294  -0.015312  0.986050  0.104685  0.129412  -0.114803  0.990676  0.073353  -0.120526  -0.087187  0.988874  0.001439  -0.003843  0.003896  0.087709  -0.290899  0.443909  2.000000  0.999982  0.005013  0.003289  -0.005016  0.999987  0.000954  -0.003284  -0.000970  0.999994  0.999886  0.012611  0.008353  -0.012632  0.999917  0.002387  -0.008322  -0.002492  0.999962  1.000000  0.000158  0.000104  -0.000158  1.000000  0.000030  -0.000104  -0.000031  1.000000  0.999982  0.005013  0.003289  -0.005016  0.999987  0.000954  -0.003284  -0.000970  0.999994  0.000132  0.015322  
173.264052 -0.001936  0.085284  -0.015314  0.985867  0.105611  0.130052  -0.115810  0.990547  0.073519  -0.121058  -0.087541  0.988778  0.001442  -0.004435  0.003594  0.095760  -0.316209  0.475963  2.000000  0.999977  0.005658  0.003715  -0.005662  0.999983  0.001079  -0.003709  -0.001100  0.999993  0.999878  0.012992  0.008659  -0.013014  0.999912  0.002571  -0.008625  -0.002683  0.999959  1.000000  0.000163  0.000108  -0.000163  1.000000  0.000033  -0.000108  -0.000033  1.000000  0.999977  0.005658  0.003715  -0.005662  0.999983  0.001079  -0.003709  -0.001100  0.999993  0.000143  0.015833  
173.265279 -0.001934  0.085273  -0.015316  0.985730  0.106128  0.130661  -0.116412  0.990460  0.073737  -0.121589  -0.087895  0.988681  0.001418  -0.005029  0.003210  0.105468  -0.336144  0.495114  2.000000  0.999971  0.006315  0.004145  -0.006320  0.999979  0.001213  -0.004138  -0.001239  0.999991  0.999876  0.013203  0.008548  -0.013226  0.999909  0.002661  -0.008512  -0.002774  0.999960  1.000000  0.000165  0.000107  -0.000165  1.000000  0.000034  -0.000107  -0.000034  1.000000  0.999971  0.006315  0.004145  -0.006320  0.999979  0.001213  -0.004138  -0.001239  0.999991  0.000151  0.015962  
173.266312 -0.001932  0.085263  -0.015318  0.985610  0.106657  0.131139  -0.117015  0.990372  0.073970  -0.121987  -0.088250  0.988600  0.001305  -0.005700  0.002791  0.114364  -0.349039  0.510885  2.000000  0.999965  0.006980  0.004573  -0.006987  0.999975  0.001354  -0.004564  -0.001386  0.999989  0.999873  0.013403  0.008571  -0.013428  0.999906  0.002873  -0.008531  -0.002987  0.999959  1.000000  0.000168  0.000107  -0.000168  1.000000  0.000037  -0.000107  -0.000037  1.000000  0.999965  0.006980  0.004573  -0.006987  0.999975  0.001354  -0.004564  -0.001386  0.999989  0.000157  0.016177  
173.267540 -0.001930  0.085251  -0.015320  0.985505  0.107198  0.131487  -0.117620  0.990281  0.074218  -0.122253  -0.088607  0.988536  0.001223  -0.006359  0.002251  0.124002  -0.362721  0.540711  2.000000  0.999958  0.007663  0.005008  -0.007670  0.999969  0.001503  -0.004997  -0.001542  0.999986  0.999867  0.013795  0.008744  -0.013821  0.999900  0.002938  -0.008703  -0.003058  0.999957  1.000000  0.000173  0.000109  -0.000173  1.000000  0.000037  -0.000109  -0.000037  1.000000  0.999958  0.007663  0.005008  -0.007670  0.999969  0.001503  -0.004997  -0.001542  0.999986  0.000166  0.016607  
173.268783 -0.001928  0.085239  -0.015321  0.985375  0.107942  0.131850  -0.118427  0.990169  0.074438  -0.122519  -0.088964  0.988471  0.001135  -0.006969  0.001717  0.132932  -0.374267  0.567400  2.000000  0.999948  0.008529  0.005559  -0.008539  0.999962  0.001692  -0.005544  -0.001739  0.999983  0.999866  0.013780  0.008883  -0.013806  0.999900  0.002934  -0.008841  -0.003056  0.999956  1.000000  0.000172  0.000111  -0.000172  1.000000  0.000037  -0.000111  -0.000037  1.000000  0.999948  0.008529  0.005559  -0.008539  0.999962  0.001692  -0.005544  -0.001739  0.999983  0.000172  0.016667  
173.270033 -0.001928  0.085225  -0.015322  0.985253  0.108486  0.132316  -0.119030  0.990088  0.074549  -0.122917  -0.089199  0.988400  0.001045  -0.007666  0.001113  0.138543  -0.389635  0.586816  2.000000  0.999937  0.009402  0.006124  -0.009414  0.999954  0.001877  -0.006106  -0.001934  0.999979  0.999862  0.013968  0.009039  -0.013996  0.999897  0.003026  -0.008996  -0.003152  0.999955  1.000000  0.000175  0.000113  -0.000175  1.000000  0.000039  -0.000113  -0.000039  1.000000  0.999937  0.009402  0.006124  -0.009414  0.999954  0.001877  -0.006106  -0.001934  0.999979  0.000176  0.016922  
173.271283 -0.001927  0.085212  -0.015323  0.985130  0.109029  0.132782  -0.119632  0.990007  0.074660  -0.123315  -0.089435  0.988329  0.001095  -0.008253  0.000499  0.140472  -0.396015  0.587916  2.000000  0.999925  0.010269  0.006699  -0.010283  0.999945  0.002060  -0.006678  -0.002129  0.999975  0.999864  0.013749  0.009157  -0.013777  0.999901  0.002924  -0.009116  -0.003050  0.999954  1.000000  0.000172  0.000114  -0.000172  1.000000  0.000037  -0.000114  -0.000037  1.000000  0.999925  0.010269  0.006699  -0.010283  0.999945  0.002060  -0.006678  -0.002129  0.999975  0.000180  0.016788  
173.272534 -0.001925  0.085198  -0.015324  0.984990  0.109561  0.133380  -0.120233  0.989927  0.074754  -0.123846  -0.089668  0.988242  0.001187  -0.008843  -0.000082  0.146182  -0.398755  0.585762  2.000000  0.999914  0.010950  0.007166  -0.010966  0.999937  0.002205  -0.007141  -0.002283  0.999972  0.999864  0.013520  0.009407  -0.013548  0.999904  0.002942  -0.009367  -0.003069  0.999951  1.000000  0.000169  0.000117  -0.000169  1.000000  0.000038  -0.000117  -0.000038  1.000000  0.999914  0.010950  0.007166  -0.010966  0.999937  0.002205  -0.007141  -0.002283  0.999972  0.000181  0.016744  
173.273785 -0.001924  0.085184  -0.015325  0.984891  0.109917  0.133818  -0.120632  0.989877  0.074771  -0.124245  -0.089784  0.988181  0.001265  -0.009233  -0.000454  0.142606  -0.389315  0.579613  2.000000  0.999901  0.011775  0.007739  -0.011794  0.999928  0.002385  -0.007711  -0.002476  0.999967  0.999873  0.013145  0.008974  -0.013173  0.999909  0.002988  -0.008934  -0.003106  0.999955  1.000000  0.000164  0.000112  -0.000164  1.000000  0.000038  -0.000112  -0.000038  1.000000  0.999901  0.011775  0.007739  -0.011794  0.999928  0.002385  -0.007711  -0.002476  0.999967  0.000178  0.016206  
173.275031 -0.001924  0.085171  -0.015326  0.984767  0.110476  0.134271  -0.121234  0.989805  0.074760  -0.124643  -0.089899  0.988121  0.001271  -0.009528  -0.000705  0.137476  -0.390076  0.586442  2.000000  0.999887  0.012568  0.008294  -0.012590  0.999917  0.002564  -0.008261  -0.002668  0.999962  0.999883  0.012545  0.008788  -0.012571  0.999917  0.002937  -0.008751  -0.003047  0.999957  1.000000  0.000157  0.000110  -0.000157  1.000000  0.000037  -0.000110  -0.000037  1.000000  0.999887  0.012568  0.008294  -0.012590  0.999917  0.002564  -0.008261  -0.002668  0.999962  0.000180  0.015607  
173.276281 -0.001923  0.085158  -0.015326  0.984642  0.111019  0.134738  -0.121836  0.989723  0.074868  -0.125041  -0.090134  0.988049  0.001226  -0.009843  -0.000914  0.135348  -0.396461  0.587467  2.000000  0.999872  0.013327  0.008827  -0.013352  0.999907  0.002750  -0.008790  -0.002868  0.999957  0.999896  0.011764  0.008317  -0.011790  0.999926  0.003037  -0.008281  -0.003134  0.999961  1.000000  0.000147  0.000104  -0.000147  1.000000  0.000039  -0.000104  -0.000039  1.000000  0.999872  0.013327  0.008827  -0.013352  0.999907  0.002750  -0.008790  -0.002868  0.999957  0.000180  0.014735  
173.277281 -0.001923  0.085147  -0.015328  0.984601  0.111194  0.134898  -0.122037  0.989692  0.074944  -0.125174  -0.090253  0.988021  0.001113  -0.010041  -0.001048  0.133172  -0.399346  0.585551  2.000000  0.999861  0.013902  0.009238  -0.013930  0.999899  0.002904  -0.009197  -0.003032  0.999953  0.999902  0.011367  0.008150  -0.011393  0.999930  0.003206  -0.008113  -0.003299  0.999962  1.000000  0.000142  0.000102  -0.000142  1.000000  0.000041  -0.000102  -0.000041  1.000000  0.999861  0.013902  0.009238  -0.013930  0.999899  0.002904  -0.009197  -0.003032  0.999953  0.000180  0.014360  
173.278530 -0.001923  0.085135  -0.015329  0.984534  0.111557  0.135087  -0.122440  0.989629  0.075112  -0.125307  -0.090491  0.987983  0.000995  -0.010175  -0.001047  0.129838  -0.398899  0.578550  2.000000  0.999846  0.014586  0.009742  -0.014617  0.999888  0.003101  -0.009696  -0.003243  0.999948  0.999910  0.010766  0.007964  -0.010792  0.999936  0.003283  -0.007929  -0.003368  0.999963  1.000000  0.000135  0.000099  -0.000135  1.000000  0.000042  -0.000099  -0.000042  1.000000  0.999846  0.014586  0.009742  -0.014617  0.999888  0.003101  -0.009696  -0.003243  0.999948  0.000179  0.013799  
173.279780 -0.001923  0.085122  -0.015331  0.984492  0.111716  0.135261  -0.122641  0.989590  0.075308  -0.125439  -0.090729  0.987944  0.000834  -0.010309  -0.001089  0.130300  -0.390105  0.560495  2.000000  0.999834  0.015116  0.010140  -0.015150  0.999880  0.003265  -0.010089  -0.003419  0.999943  0.999916  0.010369  0.007797  -0.010396  0.999940  0.003454  -0.007761  -0.003535  0.999964  1.000000  0.000130  0.000097  -0.000130  1.000000  0.000044  -0.000097  -0.000044  1.000000  0.999834  0.015116  0.010140  -0.015150  0.999880  0.003265  -0.010089  -0.003419  0.999943  0.000176  0.013436  
173.281031 -0.001924  0.085109  -0.015335  0.984408  0.112066  0.135581  -0.123042  0.989528  0.075460  -0.125705  -0.090966  0.987888  0.000599  -0.010442  -0.001182  0.132567  -0.383922  0.540326  2.000000  0.999820  0.015743  0.010621  -0.015780  0.999869  0.003471  -0.010565  -0.003638  0.999938  0.999921  0.009971  0.007629  -0.009997  0.999944  0.003382  -0.007595  -0.003458  0.999965  1.000000  0.000125  0.000095  -0.000125  1.000000  0.000043  -0.000095  -0.000043  1.000000  0.999820  0.015743  0.010621  -0.015780  0.999869  0.003471  -0.010565  -0.003638  0.999938  0.000171  0.013013  
173.282034 -0.001926  0.085097  -0.015340  0.984324  0.112417  0.135902  -0.123443  0.989467  0.075611  -0.125970  -0.091202  0.987833  0.000355  -0.010615  -0.001366  0.139170  -0.372596  0.532294  2.000000  0.999808  0.016221  0.010992  -0.016261  0.999861  0.003636  -0.010932  -0.003814  0.999933  0.999929  0.009384  0.007308  -0.009408  0.999950  0.003338  -0.007277  -0.003406  0.999968  1.000000  0.000117  0.000091  -0.000117  1.000000  0.000042  -0.000091  -0.000042  1.000000  0.999808  0.016221  0.010992  -0.016261  0.999861  0.003636  -0.010932  -0.003814  0.999933  0.000165  0.012363  
173.283281 -0.001929  0.085081  -0.015347  0.984223  0.112755  0.136354  -0.123842  0.989407  0.075746  -0.126369  -0.091437  0.987760  -0.000007  -0.010868  -0.001784  0.140264  -0.363379  0.507815  2.000000  0.999794  0.016785  0.011443  -0.016830  0.999851  0.003841  -0.011377  -0.004033  0.999927  0.999937  0.008795  0.006988  -0.008819  0.999956  0.003291  -0.006959  -0.003352  0.999970  1.000000  0.000110  0.000087  -0.000110  1.000000  0.000042  -0.000087  -0.000042  1.000000  0.999794  0.016785  0.011443  -0.016830  0.999851  0.003841  -0.011377  -0.004033  0.999927  0.000159  0.011715  
173.284283 -0.001932  0.085068  -0.015354  0.984163  0.112917  0.136645  -0.124041  0.989377  0.075805  -0.126634  -0.091554  0.987715  -0.000308  -0.011056  -0.002197  0.146616  -0.352727  0.488243  2.000000  0.999782  0.017217  0.011789  -0.017265  0.999843  0.004001  -0.011718  -0.004204  0.999923  0.999942  0.008411  0.006687  -0.008432  0.999959  0.003218  -0.006659  -0.003274  0.999972  1.000000  0.000105  0.000083  -0.000105  1.000000  0.000041  -0.000083  -0.000041  1.000000  0.999782  0.017217  0.011789  -0.017265  0.999843  0.004001  -0.011718  -0.004204  0.999923  0.000156  0.011225  
173.285532 -0.001937  0.085051  -0.015363  0.984062  0.113255  0.137097  -0.124439  0.989317  0.075939  -0.127032  -0.091789  0.987642  -0.000689  -0.011330  -0.002696  0.148888  -0.346554  0.468146  2.000000  0.999769  0.017716  0.012194  -0.017768  0.999833  0.004188  -0.012117  -0.004403  0.999917  0.999950  0.007836  0.006232  -0.007854  0.999965  0.002930  -0.006209  -0.002979  0.999976  1.000000  0.000098  0.000078  -0.000098  1.000000  0.000037  -0.000078  -0.000037  1.000000  0.999769  0.017716  0.012194  -0.017768  0.999833  0.004188  -0.012117  -0.004403  0.999917  0.000152  0.010439  
173.286783 -0.001942  0.085034  -0.015372  0.983994  0.113633  0.137273  -0.124842  0.989263  0.075986  -0.127165  -0.091907  0.987614  -0.001083  -0.011494  -0.003235  0.151294  -0.340290  0.448075  2.000000  0.999755  0.018186  0.012583  -0.018243  0.999824  0.004366  -0.012501  -0.004594  0.999911  0.999954  0.007439  0.006063  -0.007457  0.999968  0.002859  -0.006042  -0.002904  0.999978  1.000000  0.000093  0.000076  -0.000093  1.000000  0.000036  -0.000076  -0.000036  1.000000  0.999755  0.018186  0.012583  -0.018243  0.999824  0.004366  -0.012501  -0.004594  0.999911  0.000146  0.010021  
173.287784 -0.001946  0.085021  -0.015378  0.983968  0.113804  0.137317  -0.125045  0.989221  0.076197  -0.127165  -0.092146  0.987592  -0.001418  -0.011621  -0.003612  0.154721  -0.334190  0.440356  2.000000  0.999748  0.018457  0.012802  -0.018516  0.999819  0.004465  -0.012718  -0.004701  0.999908  0.999959  0.007056  0.005760  -0.007072  0.999971  0.002669  -0.005741  -0.002710  0.999980  1.000000  0.000088  0.000072  -0.000088  1.000000  0.000034  -0.000072  -0.000034  1.000000  0.999748  0.018457  0.012802  -0.018516  0.999819  0.004465  -0.012718  -0.004701  0.999908  0.000142  0.009498  
173.289033 -0.001950  0.085006  -0.015385  0.983925  0.113979  0.137477  -0.125245  0.989190  0.076272  -0.127298  -0.092265  0.987564  -0.001714  -0.011677  -0.003992  0.153401  -0.321704  0.412233  2.000000  0.999735  0.018884  0.013157  -0.018947  0.999810  0.004626  -0.013067  -0.004874  0.999903  0.999962  0.006660  0.005591  -0.006675  0.999974  0.002599  -0.005574  -0.002637  0.999981  1.000000  0.000083  0.000070  -0.000083  1.000000  0.000033  -0.000070  -0.000033  1.000000  0.999735  0.018884  0.013157  -0.018947  0.999810  0.004626  -0.013067  -0.004874  0.999903  0.000139  0.009081  
173.290287 -0.001955  0.084991  -0.015392  0.983899  0.114149  0.137521  -0.125448  0.989148  0.076484  -0.127298  -0.092504  0.987542  -0.002108  -0.011816  -0.004446  0.155841  -0.306446  0.392763  2.000000  0.999723  0.019285  0.013493  -0.019351  0.999801  0.004781  -0.013398  -0.005041  0.999898  0.999967  0.006290  0.005154  -0.006303  0.999977  0.002531  -0.005138  -0.002563  0.999984  1.000000  0.000079  0.000064  -0.000079  1.000000  0.000032  -0.000064  -0.000032  1.000000  0.999723  0.019285  0.013493  -0.019351  0.999801  0.004781  -0.013398  -0.005041  0.999898  0.000133  0.008521  
173.291528 -0.001960  0.084976  -0.015398  0.983831  0.114527  0.137697  -0.125851  0.989093  0.076531  -0.127430  -0.092622  0.987513  -0.002441  -0.011913  -0.004752  0.152106  -0.289499  0.377182  2.000000  0.999711  0.019664  0.013808  -0.019734  0.999793  0.004929  -0.013708  -0.005200  0.999893  0.999971  0.005907  0.004851  -0.005918  0.999980  0.002340  -0.004837  -0.002368  0.999985  1.000000  0.000074  0.000061  -0.000074  1.000000  0.000029  -0.000061  -0.000029  1.000000  0.999711  0.019664  0.013808  -0.019734  0.999793  0.004929  -0.013708  -0.005200  0.999893  0.000125  0.007998  
173.292532 -0.001963  0.084964  -0.015402  0.983788  0.114718  0.137844  -0.126051  0.989071  0.076485  -0.127563  -0.092621  0.987496  -0.002728  -0.012057  -0.005006  0.141556  -0.275032  0.364793  2.000000  0.999702  0.019959  0.014044  -0.020031  0.999787  0.005045  -0.013940  -0.005325  0.999889  0.999972  0.005931  0.004585  -0.005942  0.999980  0.002339  -0.004571  -0.002366  0.999987  1.000000  0.000074  0.000057  -0.000074  1.000000  0.000029  -0.000057  -0.000029  1.000000  0.999702  0.019959  0.014044  -0.020031  0.999787  0.005045  -0.013940  -0.005325  0.999889  0.000121  0.007857  
173.293781 -0.001967  0.084950  -0.015407  0.983719  0.115097  0.138020  -0.126454  0.989016  0.076532  -0.127696  -0.092739  0.987468  -0.003033  -0.012187  -0.005243  0.133877  -0.257191  0.342235  2.000000  0.999691  0.020309  0.014316  -0.020385  0.999779  0.005189  -0.014208  -0.005480  0.999884  0.999976  0.005561  0.004148  -0.005570  0.999982  0.002390  -0.004135  -0.002414  0.999989  1.000000  0.000070  0.000052  -0.000070  1.000000  0.000030  -0.000052  -0.000030  1.000000  0.999691  0.020309  0.014316  -0.020385  0.999779  0.005189  -0.014208  -0.005480  0.999884  0.000113  0.007342  
173.295029 -0.001972  0.084936  -0.015411  0.983676  0.115271  0.138181  -0.126655  0.988984  0.076606  -0.127828  -0.092857  0.987440  -0.003314  -0.012283  -0.005306  0.130237  -0.244802  0.326330  2.000000  0.999681  0.020647  0.014569  -0.020727  0.999771  0.005328  -0.014456  -0.005628  0.999880  0.999978  0.005381  0.003864  -0.005390  0.999983  0.002295  -0.003851  -0.002315  0.999990  1.000000  0.000067  0.000048  -0.000067  1.000000  0.000029  -0.000048  -0.000029  1.000000  0.999681  0.020647  0.014569  -0.020727  0.999771  0.005328  -0.014456  -0.005628  0.999880  0.000108  0.007014  
173.296278 -0.001978  0.084923  -0.015415  0.983650  0.115475  0.138197  -0.126857  0.988961  0.076578  -0.127828  -0.092857  0.987440  -0.003581  -0.012238  -0.005254  0.115821  -0.226136  0.314694  2.000000  0.999673  0.020908  0.014753  -0.020990  0.999765  0.005437  -0.014636  -0.005745  0.999876  0.999980  0.005203  0.003578  -0.005211  0.999984  0.002200  -0.003567  -0.002218  0.999991  1.000000  0.000065  0.000045  -0.000065  1.000000  0.000028  -0.000045  -0.000028  1.000000  0.999673  0.020908  0.014753  -0.020990  0.999765  0.005437  -0.014636  -0.005745  0.999876  0.000103  0.006690  
173.297316 -0.001982  0.084912  -0.015417  0.983624  0.115662  0.138227  -0.127060  0.988928  0.076670  -0.127828  -0.092977  0.987429  -0.003728  -0.012086  -0.005085  0.110084  -0.217425  0.303766  2.000000  0.999665  0.021158  0.014923  -0.021242  0.999759  0.005542  -0.014802  -0.005857  0.999873  0.999982  0.005024  0.003293  -0.005031  0.999985  0.002105  -0.003282  -0.002121  0.999992  1.000000  0.000063  0.000041  -0.000063  1.000000  0.000026  -0.000041  -0.000026  1.000000  0.999665  0.021158  0.014923  -0.021242  0.999759  0.005542  -0.014802  -0.005857  0.999873  0.000099  0.006368  
173.298527 -0.001989  0.084899  -0.015422  0.983624  0.115662  0.138227  -0.127060  0.988928  0.076670  -0.127828  -0.092977  0.987429  -0.003914  -0.011962  -0.004902  0.103723  -0.205111  0.281981  2.000000  0.999663  0.021220  0.014965  -0.021305  0.999758  0.005569  -0.014843  -0.005886  0.999873  0.999983  0.004833  0.003141  -0.004839  0.999986  0.002010  -0.003131  -0.002025  0.999993  1.000000  0.000000  0.000000  0.000000  1.000000  0.000000  0.000000  0.000000  1.000000  0.999663  0.021220  0.014965  -0.021305  0.999758  0.005569  -0.014843  -0.005886  0.999873  0.000092  0.000000  
173.299538 -0.001994  0.084888  -0.015425  0.983598  0.115865  0.138242  -0.127262  0.988904  0.076641  -0.127828  -0.092977  0.987429  -0.004004  -0.011712  -0.004536  0.094021  -0.196593  0.271358  2.000000  0.999663  0.021220  0.014965  -0.021305  0.999758  0.005569  -0.014843  -0.005886  0.999873  0.999985  0.004642  0.002989  -0.004648  0.999987  0.001915  -0.002980  -0.001929  0.999994  1.000000  0.000000  0.000000  0.000000  1.000000  0.000000  0.000000  0.000000  1.000000  0.999663  0.021220  0.014965  -0.021305  0.999758  0.005569  -0.014843  -0.005886  0.999873  0.000087  0.000000  
173.300784 -0.002000  0.084874  -0.015430  0.983571  0.116052  0.138272  -0.127465  0.988871  0.076733  -0.127828  -0.093097  0.987417  -0.004117  -0.011527  -0.004318  0.091025  -0.180760  0.257196  2.000000  0.999663  0.021220  0.014965  -0.021305  0.999758  0.005569  -0.014843  -0.005886  0.999873  0.999986  0.004463  0.002704  -0.004468  0.999988  0.001820  -0.002696  -0.001832  0.999995  1.000000  0.000000  0.000000  0.000000  1.000000  0.000000  0.000000  0.000000  1.000000  0.999663  0.021220  0.014965  -0.021305  0.999758  0.005569  -0.014843  -0.005886  0.999873  0.000084  0.000000  
173.301784 -0.002004  0.084863  -0.015433  0.983528  0.116243  0.138419  -0.127665  0.988848  0.076687  -0.127961  -0.093095  0.987400  -0.004194  -0.011362  -0.004016  0.088425  -0.172534  0.253091  2.000000  0.999663  0.021220  0.014965  -0.021305  0.999758  0.005569  -0.014843  -0.005886  0.999873  0.999986  0.004463  0.002704  -0.004468  0.999989  0.001577  -0.002697  -0.001589  0.999995  1.000000  0.000000  0.000000  0.000000  1.000000  0.000000  0.000000  0.000000  1.000000  0.999663  0.021220  0.014965  -0.021305  0.999758  0.005569  -0.014843  -0.005886  0.999873  0.000080  0.000000  
173.303034 -0.002009  0.084850  -0.015438  0.983485  0.116418  0.138580  -0.127865  0.988817  0.076761  -0.128094  -0.093213  0.987372  -0.004168  -0.011236  -0.003915  0.090028  -0.157760  0.240479  2.000000  0.999663  0.021220  0.014965  -0.021305  0.999758  0.005569  -0.014843  -0.005886  0.999873  0.999988  0.004285  0.002419  -0.004288  0.999990  0.001481  -0.002413  -0.001492  0.999996  1.000000  0.000000  0.000000  0.000000  1.000000  0.000000  0.000000  0.000000  1.000000  0.999663  0.021220  0.014965  -0.021305  0.999758  0.005569  -0.014843  -0.005886  0.999873  0.000077  0.000000  
173.304284 -0.002013  0.084837  -0.015443  0.983442  0.116592  0.138741  -0.128065  0.988785  0.076836  -0.128227  -0.093331  0.987344  -0.004173  -0.011106  -0.003763  0.087627  -0.147571  0.227590  2.000000  0.999663  0.021220  0.014965  -0.021305  0.999758  0.005569  -0.014843  -0.005886  0.999873  0.999989  0.004093  0.002267  -0.004097  0.999991  0.001386  -0.002262  -0.001395  0.999996  1.000000  0.000000  0.000000  0.000000  1.000000  0.000000  0.000000  0.000000  1.000000  0.999663  0.021220  0.014965  -0.021305  0.999758  0.005569  -0.014843  -0.005886  0.999873  0.000073  0.000000  
173.305533 -0.002017  0.084823  -0.015448  0.983425  0.116563  0.138886  -0.128063  0.988777  0.076939  -0.128359  -0.093450  0.987315  -0.004098  -0.010975  -0.003646  0.090187  -0.136731  0.207881  2.000000  0.999663  0.021220  0.014965  -0.021305  0.999758  0.005569  -0.014843  -0.005886  0.999873  0.999991  0.003712  0.001963  -0.003714  0.999992  0.001438  -0.001958  -0.001445  0.999997  1.000000  0.000000  0.000000  0.000000  1.000000  0.000000  0.000000  0.000000  1.000000  0.999663  0.021220  0.014965  -0.021305  0.999758  0.005569  -0.014843  -0.005886  0.999873  0.000067  0.000000  
173.306783 -0.002021  0.084809  -0.015453  0.983398  0.116750  0.138916  -0.128266  0.988744  0.077030  -0.128359  -0.093569  0.987304  -0.004012  -0.010885  -0.003603  0.086957  -0.127176  0.201851  2.000000  0.999663  0.021220  0.014965  -0.021305  0.999758  0.005569  -0.014843  -0.005886  0.999873  0.999992  0.003736  0.001697  -0.003739  0.999992  0.001317  -0.001692  -0.001323  0.999998  1.000000  0.000000  0.000000  0.000000  1.000000  0.000000  0.000000  0.000000  1.000000  0.999663  0.021220  0.014965  -0.021305  0.999758  0.005569  -0.014843  -0.005886  0.999873  0.000065  0.000000  
173.308031 -0.002023  0.084796  -0.015457  0.983398  0.116733  0.138930  -0.128266  0.988734  0.077150  -0.128359  -0.093689  0.987292  -0.003881  -0.010821  -0.003524  0.083754  -0.122112  0.195432  2.000000  0.999663  0.021220  0.014965  -0.021305  0.999758  0.005569  -0.014843  -0.005886  0.999873  0.999993  0.003342  0.001526  -0.003344  0.999994  0.001248  -0.001522  -0.001254  0.999998  1.000000  0.000000  0.000000  0.000000  1.000000  0.000000  0.000000  0.000000  1.000000  0.999663  0.021220  0.014965  -0.021305  0.999758  0.005569  -0.014843  -0.005886  0.999873  0.000062  0.000000  
173.309032 -0.002025  0.084784  -0.015460  0.983389  0.116932  0.138829  -0.128470  0.988699  0.077258  -0.128227  -0.093810  0.987298  -0.003796  -0.010846  -0.003462  0.083099  -0.112295  0.194720  2.000000  0.999663  0.021220  0.014965  -0.021305  0.999758  0.005569  -0.014843  -0.005886  0.999873  0.999994  0.003164  0.001240  -0.003166  0.999994  0.001154  -0.001237  -0.001158  0.999999  1.000000  0.000000  0.000000  0.000000  1.000000  0.000000  0.000000  0.000000  1.000000  0.999663  0.021220  0.014965  -0.021305  0.999758  0.005569  -0.014843  -0.005886  0.999873  0.000059  0.000000  
173.310279 -0.002028  0.084771  -0.015461  0.983389  0.116932  0.138829  -0.128470  0.988699  0.077258  -0.128227  -0.093810  0.987298  -0.003643  -0.010887  -0.003321  0.077343  -0.107449  0.182990  2.000000  0.999663  0.021220  0.014965  -0.021305  0.999758  0.005569  -0.014843  -0.005886  0.999873  0.999994  0.003164  0.001241  -0.003165  0.999994  0.001033  -0.001237  -0.001037  0.999999  1.000000  0.000000  0.000000  0.000000  1.000000  0.000000  0.000000  0.000000  1.000000  0.999663  0.021220  0.014965  -0.021305  0.999758  0.005569  -0.014843  -0.005886  0.999873  0.000057  0.000000  
173.311280 -0.002030  0.084760  -0.015461  0.983372  0.116903  0.138974  -0.128468  0.988692  0.077361  -0.128359  -0.093929  0.987270  -0.003447  -0.010852  -0.003089  0.077613  -0.106034  0.174826  2.000000  0.999663  0.021220  0.014965  -0.021305  0.999758  0.005569  -0.014843  -0.005886  0.999873  0.999995  0.002948  0.001355  -0.002949  0.999995  0.001059  -0.001352  -0.001063  0.999999  1.000000  0.000000  0.000000  0.000000  1.000000  0.000000  0.000000  0.000000  1.000000  0.999663  0.021220  0.014965  -0.021305  0.999758  0.005569  -0.014843  -0.005886  0.999873  0.000055  0.000000  
173.312293 -0.002031  0.084749  -0.015461  0.983345  0.117106  0.138990  -0.128670  0.988668  0.077333  -0.128359  -0.093929  0.987270  -0.003275  -0.010876  -0.002884  0.000000  0.000000  0.000000  2.000000  0.999663  0.021220  0.014965  -0.021305  0.999758  0.005569  -0.014843  -0.005886  0.999873  0.999995  0.002757  0.001203  -0.002758  0.999996  0.000964  -0.001200  -0.000967  0.999999  1.000000  0.000000  0.000000  0.000000  1.000000  0.000000  0.000000  0.000000  1.000000  0.999663  0.021220  0.014965  -0.021305  0.999758  0.005569  -0.014843  -0.005886  0.999873  0.000000  0.000000  
173.313530 -0.002033  0.084736  -0.015459  0.983345  0.117106  0.138990  -0.128670  0.988668  0.077333  -0.128359  -0.093929  0.987270  -0.002937  -0.010849  -0.002473  0.000000  0.000000  0.000000  2.000000  0.999663  0.021220  0.014965  -0.021305  0.999758  0.005569  -0.014843  -0.005886  0.999873  0.999996  0.002567  0.001050  -0.002568  0.999996  0.000990  -0.001048  -0.000993  0.999999  1.000000  0.000000  0.000000  0.000000  1.000000  0.000000  0.000000  0.000000  1.000000  0.999663  0.021220  0.014965  -0.021305  0.999758  0.005569  -0.014843  -0.005886  0.999873  0.000000  0.000000  
173.314777 -0.002035  0.084723  -0.015457  0.983328  0.117094  0.139121  -0.128668  0.988669  0.077315  -0.128492  -0.093927  0.987253  -0.002667  -0.010812  -0.002082  0.000000  0.000000  0.000000  2.000000  0.999663  0.021220  0.014965  -0.021305  0.999758  0.005569  -0.014843  -0.005886  0.999873  0.999997  0.002160  0.001012  -0.002161  0.999997  0.000922  -0.001010  -0.000924  0.999999  1.000000  0.000000  0.000000  0.000000  1.000000  0.000000  0.000000  0.000000  1.000000  0.999663  0.021220  0.014965  -0.021305  0.999758  0.005569  -0.014843  -0.005886  0.999873  0.000000  0.000000  
173.315785 -0.002037  0.084713  -0.015456  0.983328  0.117094  0.139121  -0.128668  0.988669  0.077315  -0.128492  -0.093927  0.987253  -0.002421  -0.010722  -0.001741  0.000000  0.000000  0.000000  2.000000  0.999663  0.021220  0.014965  -0.021305  0.999758  0.005569  -0.014843  -0.005886  0.999873  0.999998  0.001969  0.000859  -0.001970  0.999998  0.000827  -0.000857  -0.000829  0.999999  1.000000  0.000000  0.000000  0.000000  1.000000  0.000000  0.000000  0.000000  1.000000  0.999663  0.021220  0.014965  -0.021305  0.999758  0.005569  -0.014843  -0.005886  0.999873  0.000000  0.000000  
