1-Time 2-Px 3-Py 4-Pz 5-R11 6-R21 7-R31 8-R12 9-R22 10-R32 11-R13 12-R23 13-R33 14-Vx 15-Vy 16-Vz 17-Wx 18-Wy 19-Wz 20-state 21-PR11 22-PR21 23-PR31 24-PR12 25-PR22 26-PR32 27-PR13 28-PR23 29-PR33 
99.453044 -0.003140  0.085151  -0.012812  0.988580  0.125145  0.083953  -0.131840  0.988070  0.079602  -0.072989  -0.089762  0.993285  0.000508  0.000659  0.000272  0.000000  0.000000  0.000000  2.000000  1.000000  0.000000  0.000000  0.000000  1.000000  0.000000  0.000000  0.000000  1.000000  0.999999  -0.001034  0.000041  0.001034  0.999999  0.000075  -0.000041  -0.000075  1.000000  1.000000  0.000000  0.000000  0.000000  1.000000  0.000000  0.000000  0.000000  1.000000  0.674839  0.431923  0.598361  -0.450604  0.883295  -0.129404  -0.584422  -0.182297  0.790708  0.000000  0.000000  
99.454049 -0.003140  0.085152  -0.012812  0.988580  0.125135  0.083968  -0.131840  0.988060  0.079722  -0.072989  -0.089882  0.993274  0.000503  0.000639  0.000316  0.000000  0.000000  0.000000  2.000000  1.000000  0.000000  0.000000  0.000000  1.000000  0.000000  0.000000  0.000000  1.000000  1.000000  -0.000830  0.000059  0.000830  1.000000  0.000060  -0.000059  -0.000060  1.000000  1.000000  0.000000  0.000000  0.000000  1.000000  0.000000  0.000000  0.000000  1.000000  1.000000  0.000000  0.000000  0.000000  1.000000  0.000000  0.000000  0.000000  1.000000  0.000000  0.000000  
99.455303 -0.003142  0.085148  -0.012812  0.988452  0.125914  0.084312  -0.132652  0.987950  0.079738  -0.073256  -0.090001  0.993244  0.000338  0.000327  0.000262  0.000000  0.000000  0.000000  2.000000  1.000000  0.000000  0.000000  0.000000  1.000000  0.000000  0.000000  0.000000  1.000000  1.000000  -0.000241  0.000381  0.000241  1.000000  0.000258  -0.000381  -0.000258  1.000000  1.000000  0.000000  0.000000  0.000000  1.000000  0.000000  0.000000  0.000000  1.000000  1.000000  0.000000  0.000000  0.000000  1.000000  0.000000  0.000000  0.000000  1.000000  0.000000  0.000000  
99.456303 -0.003143  0.085145  -0.012813  0.988341  0.126478  0.084772  -0.133258  0.987867  0.079752  -0.073656  -0.090119  0.993204  0.000202  0.000046  0.000176  0.000000  0.000000  0.000000  2.000000  1.000000  0.000000  0.000000  0.000000  1.000000  0.000000  0.000000  0.000000  1.000000  1.000000  0.000565  0.000589  -0.000565  1.000000  0.000197  -0.000588  -0.000198  1.000000  1.000000  0.000000  0.000000  0.000000  1.000000  0.000000  0.000000  0.000000  1.000000  1.000000  0.000000  0.000000  0.000000  1.000000  0.000000  0.000000  0.000000  1.000000  0.000000  0.000000  
99.457551 -0.003146  0.085139  -0.012814  0.988173  0.127439  0.085280  -0.134272  0.987722  0.079851  -0.074057  -0.090357  0.993152  -0.000007  -0.000415  0.000118  0.000000  0.000000  0.000000  2.000000  1.000000  0.000000  0.000000  0.000000  1.000000  0.000000  0.000000  0.000000  1.000000  0.999998  0.001334  0.001196  -0.001335  0.999999  0.000500  -0.001195  -0.000501  0.999999  1.000000  0.000000  0.000000  0.000000  1.000000  0.000000  0.000000  0.000000  1.000000  1.000000  0.000000  0.000000  0.000000  1.000000  0.000000  0.000000  0.000000  1.000000  0.000000  0.000000  
99.458552 -0.003147  0.085135  -0.012814  0.988089  0.127789  0.085739  -0.134674  0.987655  0.080001  -0.074457  -0.090595  0.993101  -0.000139  -0.000727  0.000084  0.000000  0.000000  0.000000  2.000000  1.000000  0.000000  0.000000  0.000000  1.000000  0.000000  0.000000  0.000000  1.000000  0.999997  0.001923  0.001519  -0.001924  0.999998  0.000575  -0.001517  -0.000578  0.999999  1.000000  0.000000  0.000000  0.000000  1.000000  0.000000  0.000000  0.000000  1.000000  1.000000  0.000000  0.000000  0.000000  1.000000  0.000000  0.000000  0.000000  1.000000  0.000000  0.000000  
99.459799 -0.003150  0.085129  -0.012814  0.988023  0.128162  0.085934  -0.135080  0.987585  0.080188  -0.074590  -0.090835  0.993069  -0.000369  -0.001174  0.000053  0.000000  0.000000  0.000000  2.000000  1.000000  0.000000  0.000000  0.000000  1.000000  0.000000  0.000000  0.000000  1.000000  0.999995  0.002512  0.001842  -0.002514  0.999996  0.000892  -0.001840  -0.000896  0.999998  1.000000  0.000000  0.000000  0.000000  1.000000  0.000000  0.000000  0.000000  1.000000  1.000000  0.000000  0.000000  0.000000  1.000000  0.000000  0.000000  0.000000  1.000000  0.000000  0.000000  
99.460799 -0.003152  0.085125  -0.012813  0.987940  0.128751  0.086015  -0.135690  0.987486  0.080374  -0.074590  -0.091076  0.993047  -0.000528  -0.001490  0.000091  0.000000  0.000000  0.000000  2.000000  1.000000  0.000000  0.000000  0.000000  1.000000  0.000000  0.000000  0.000000  1.000000  0.999994  0.002920  0.001880  -0.002922  0.999995  0.001104  -0.001877  -0.001109  0.999998  1.000000  0.000000  0.000000  0.000000  1.000000  0.000000  0.000000  0.000000  1.000000  1.000000  0.000000  0.000000  0.000000  1.000000  0.000000  0.000000  0.000000  1.000000  0.000000  0.000000  
99.462049 -0.003154  0.085121  -0.012813  0.987837  0.129545  0.085997  -0.136505  0.987348  0.080681  -0.074457  -0.091438  0.993023  -0.000718  -0.001830  0.000111  0.000000  0.000000  0.000000  2.000000  1.000000  0.000000  0.000000  0.000000  1.000000  0.000000  0.000000  0.000000  1.000000  0.999991  0.003738  0.001956  -0.003740  0.999992  0.001406  -0.001951  -0.001413  0.999997  1.000000  0.000000  0.000000  0.000000  1.000000  0.000000  0.000000  0.000000  1.000000  1.000000  0.000000  0.000000  0.000000  1.000000  0.000000  0.000000  0.000000  1.000000  0.000000  0.000000  
99.463056 -0.003156  0.085118  -0.012812  0.987715  0.130325  0.086226  -0.137317  0.987224  0.080831  -0.074590  -0.091678  0.992991  -0.000877  -0.002102  0.000096  0.000000  0.000000  0.000000  2.000000  1.000000  0.000000  0.000000  0.000000  1.000000  0.000000  0.000000  0.000000  1.000000  0.999987  0.004759  0.002051  -0.004763  0.999987  0.001571  -0.002043  -0.001581  0.999997  1.000000  0.000000  0.000000  0.000000  1.000000  0.000000  0.000000  0.000000  1.000000  1.000000  0.000000  0.000000  0.000000  1.000000  0.000000  0.000000  0.000000  1.000000  0.000000  0.000000  
99.464302 -0.003157  0.085113  -0.012811  0.987525  0.131489  0.086637  -0.138534  0.987036  0.081047  -0.074857  -0.092038  0.992938  -0.001054  -0.002488  0.000134  0.062631  -0.085404  0.193109  2.000000  1.000000  0.000281  0.000113  -0.000281  1.000000  0.000085  -0.000113  -0.000085  1.000000  0.999979  0.005961  0.002432  -0.005965  0.999981  0.001720  -0.002421  -0.001734  0.999996  1.000000  0.000075  0.000030  -0.000075  1.000000  0.000022  -0.000030  -0.000022  1.000000  1.000000  0.000281  0.000113  -0.000281  1.000000  0.000085  -0.000113  -0.000085  1.000000  0.000053  0.006665  
99.465551 -0.003159  0.085109  -0.012808  0.987313  0.132638  0.087295  -0.139748  0.986860  0.081105  -0.075391  -0.092275  0.992875  -0.001181  -0.002774  0.000321  0.067660  -0.107125  0.232698  2.000000  1.000000  0.000696  0.000284  -0.000696  1.000000  0.000201  -0.000284  -0.000202  1.000000  0.999970  0.007150  0.002946  -0.007155  0.999973  0.001866  -0.002932  -0.001887  0.999994  1.000000  0.000089  0.000037  -0.000089  1.000000  0.000023  -0.000037  -0.000023  1.000000  1.000000  0.000696  0.000284  -0.000696  1.000000  0.000201  -0.000284  -0.000202  1.000000  0.000064  0.007957  
99.466802 -0.003159  0.085105  -0.012803  0.987099  0.133797  0.087938  -0.140962  0.986692  0.081041  -0.075925  -0.092392  0.992824  -0.001272  -0.003122  0.000632  0.068573  -0.124370  0.272715  2.000000  0.999999  0.001186  0.000495  -0.001187  0.999999  0.000325  -0.000495  -0.000326  1.000000  0.999957  0.008531  0.003613  -0.008538  0.999962  0.001995  -0.003596  -0.002025  0.999991  1.000000  0.000107  0.000045  -0.000107  1.000000  0.000025  -0.000045  -0.000025  1.000000  0.999999  0.001186  0.000495  -0.001187  0.999999  0.000325  -0.000495  -0.000326  1.000000  0.000074  0.009480  
99.468049 -0.003160  0.085100  -0.012798  0.986855  0.135149  0.088613  -0.142378  0.986486  0.081078  -0.076458  -0.092629  0.992761  -0.001339  -0.003470  0.001005  0.072513  -0.147362  0.326017  2.000000  0.999998  0.001764  0.000746  -0.001764  0.999998  0.000455  -0.000746  -0.000456  1.000000  0.999944  0.009707  0.004261  -0.009716  0.999951  0.002137  -0.004240  -0.002179  0.999989  1.000000  0.000121  0.000053  -0.000121  1.000000  0.000027  -0.000053  -0.000027  1.000000  0.999998  0.001764  0.000746  -0.001764  0.999998  0.000455  -0.000746  -0.000456  1.000000  0.000088  0.010818  
99.469051 -0.003162  0.085095  -0.012793  0.986687  0.136129  0.088976  -0.143391  0.986340  0.081068  -0.076725  -0.092747  0.992729  -0.001507  -0.003816  0.001263  0.073962  -0.159512  0.359575  2.000000  0.999997  0.002160  0.000917  -0.002161  0.999998  0.000534  -0.000916  -0.000536  0.999999  0.999930  0.010908  0.004642  -0.010918  0.999938  0.002160  -0.004619  -0.002211  0.999987  1.000000  0.000136  0.000058  -0.000136  1.000000  0.000027  -0.000058  -0.000027  1.000000  0.999997  0.002160  0.000917  -0.002161  0.999998  0.000534  -0.000916  -0.000536  0.999999  0.000098  0.012055  
99.470303 -0.003166  0.085087  -0.012788  0.986499  0.137313  0.089241  -0.144608  0.986153  0.081178  -0.076858  -0.092987  0.992696  -0.001604  -0.004087  0.001643  0.078962  -0.167787  0.400277  2.000000  0.999995  0.002887  0.001223  -0.002888  0.999996  0.000674  -0.001221  -0.000678  0.999999  0.999914  0.012108  0.005025  -0.012120  0.999924  0.002304  -0.004997  -0.002364  0.999985  1.000000  0.000151  0.000063  -0.000151  1.000000  0.000029  -0.000063  -0.000029  1.000000  0.999995  0.002887  0.001223  -0.002888  0.999996  0.000674  -0.001221  -0.000678  0.999999  0.000108  0.013316  
99.471555 -0.003169  0.085078  -0.012784  0.986340  0.138294  0.089489  -0.145622  0.985994  0.081306  -0.076992  -0.093227  0.992664  -0.001695  -0.004383  0.002033  0.084495  -0.175484  0.434208  2.000000  0.999992  0.003682  0.001544  -0.003683  0.999993  0.000822  -0.001541  -0.000828  0.999998  0.999900  0.013117  0.005256  -0.013130  0.999911  0.002464  -0.005224  -0.002533  0.999983  1.000000  0.000164  0.000066  -0.000164  1.000000  0.000031  -0.000065  -0.000031  1.000000  0.999992  0.003682  0.001544  -0.003683  0.999993  0.000822  -0.001541  -0.000828  0.999998  0.000118  0.014350  
99.472803 -0.003172  0.085068  -0.012780  0.986169  0.139252  0.089886  -0.146635  0.985825  0.081533  -0.077259  -0.093586  0.992609  -0.001746  -0.004669  0.002274  0.093535  -0.188302  0.474513  2.000000  0.999988  0.004553  0.001882  -0.004555  0.999989  0.000982  -0.001877  -0.000991  0.999998  0.999882  0.014329  0.005507  -0.014344  0.999894  0.002608  -0.005469  -0.002687  0.999981  1.000000  0.000179  0.000069  -0.000179  1.000000  0.000033  -0.000069  -0.000033  1.000000  0.999988  0.004553  0.001882  -0.004555  0.999989  0.000982  -0.001877  -0.000991  0.999998  0.000128  0.015578  
99.474053 -0.003175  0.085057  -0.012778  0.985967  0.140412  0.090301  -0.147849  0.985626  0.081742  -0.077525  -0.093945  0.992554  -0.001789  -0.005030  0.002444  0.101756  -0.199550  0.510756  2.000000  0.999982  0.005488  0.002241  -0.005491  0.999984  0.001158  -0.002235  -0.001170  0.999997  0.999862  0.015529  0.005893  -0.015546  0.999875  0.002871  -0.005848  -0.002962  0.999979  1.000000  0.000194  0.000073  -0.000194  1.000000  0.000036  -0.000073  -0.000036  1.000000  0.999982  0.005488  0.002241  -0.005491  0.999984  0.001158  -0.002235  -0.001170  0.999997  0.000139  0.016864  
99.475299 -0.003176  0.085046  -0.012777  0.985783  0.141356  0.090830  -0.148860  0.985457  0.081948  -0.077926  -0.094304  0.992489  -0.001670  -0.005418  0.002426  0.112083  -0.217858  0.547909  2.000000  0.999976  0.006486  0.002624  -0.006489  0.999978  0.001346  -0.002615  -0.001363  0.999996  0.999851  0.016114  0.006224  -0.016134  0.999865  0.003179  -0.006172  -0.003279  0.999976  1.000000  0.000202  0.000077  -0.000202  1.000000  0.000040  -0.000077  -0.000040  1.000000  0.999976  0.006486  0.002624  -0.006489  0.999978  0.001346  -0.002615  -0.001363  0.999996  0.000148  0.017574  
99.476299 -0.003177  0.085036  -0.012778  0.985598  0.142299  0.091360  -0.149870  0.985287  0.082153  -0.078326  -0.094662  0.992423  -0.001612  -0.005823  0.002326  0.121093  -0.235285  0.588004  2.000000  0.999969  0.007296  0.002939  -0.007301  0.999972  0.001506  -0.002927  -0.001528  0.999995  0.999847  0.016304  0.006380  -0.016325  0.999861  0.003278  -0.006326  -0.003381  0.999974  1.000000  0.000204  0.000079  -0.000204  1.000000  0.000042  -0.000079  -0.000042  1.000000  0.999969  0.007296  0.002939  -0.007301  0.999972  0.001506  -0.002927  -0.001528  0.999995  0.000158  0.017822  
99.477551 -0.003177  0.085024  -0.012780  0.985412  0.143231  0.091908  -0.150879  0.985106  0.082476  -0.078726  -0.095140  0.992346  -0.001495  -0.006338  0.002160  0.134615  -0.251986  0.620857  2.000000  0.999962  0.008127  0.003259  -0.008132  0.999966  0.001678  -0.003245  -0.001705  0.999993  0.999840  0.016709  0.006427  -0.016731  0.999854  0.003480  -0.006368  -0.003587  0.999973  1.000000  0.000209  0.000080  -0.000209  1.000000  0.000044  -0.000080  -0.000044  1.000000  0.999962  0.008127  0.003259  -0.008132  0.999966  0.001678  -0.003245  -0.001705  0.999993  0.000169  0.018249  
99.478799 -0.003179  0.085011  -0.012784  0.985267  0.143984  0.092291  -0.151687  0.984961  0.082719  -0.078993  -0.095499  0.992290  -0.001486  -0.006933  0.001887  0.144649  -0.263606  0.647424  2.000000  0.999951  0.009176  0.003657  -0.009183  0.999956  0.001901  -0.003639  -0.001934  0.999992  0.999837  0.016923  0.006319  -0.016946  0.999850  0.003578  -0.006258  -0.003685  0.999974  1.000000  0.000212  0.000079  -0.000212  1.000000  0.000045  -0.000079  -0.000045  1.000000  0.999951  0.009176  0.003657  -0.009183  0.999956  0.001901  -0.003639  -0.001934  0.999992  0.000179  0.018426  
99.479847 -0.003180  0.085000  -0.012786  0.985152  0.144533  0.092657  -0.152293  0.984846  0.082980  -0.079259  -0.095858  0.992234  -0.001476  -0.007450  0.001619  0.154970  -0.274183  0.666118  2.000000  0.999942  0.010027  0.003973  -0.010036  0.999947  0.002085  -0.003952  -0.002125  0.999990  0.999833  0.017125  0.006345  -0.017148  0.999846  0.003680  -0.006281  -0.003789  0.999973  1.000000  0.000214  0.000079  -0.000214  1.000000  0.000047  -0.000079  -0.000047  1.000000  0.999942  0.010027  0.003973  -0.010036  0.999947  0.002085  -0.003952  -0.002125  0.999990  0.000184  0.018641  
99.481049 -0.003182  0.084986  -0.012789  0.985005  0.145285  0.093040  -0.153101  0.984700  0.083221  -0.079526  -0.096217  0.992178  -0.001590  -0.008194  0.001112  0.164723  -0.286926  0.700665  2.000000  0.999931  0.010896  0.004297  -0.010905  0.999938  0.002275  -0.004272  -0.002322  0.999988  0.999825  0.017518  0.006523  -0.017543  0.999839  0.003764  -0.006456  -0.003877  0.999972  1.000000  0.000219  0.000081  -0.000219  1.000000  0.000048  -0.000081  -0.000048  1.000000  0.999931  0.010896  0.004297  -0.010905  0.999938  0.002275  -0.004272  -0.002322  0.999988  0.000192  0.019081  
99.482305 -0.003185  0.084972  -0.012791  0.984869  0.146049  0.093293  -0.153910  0.984552  0.083482  -0.079660  -0.096578  0.992133  -0.001724  -0.008776  0.000641  0.174756  -0.294050  0.727519  2.000000  0.999917  0.011981  0.004717  -0.011993  0.999925  0.002511  -0.004687  -0.002567  0.999986  0.999824  0.017490  0.006796  -0.017516  0.999840  0.003759  -0.006729  -0.003877  0.999970  1.000000  0.000219  0.000085  -0.000219  1.000000  0.000048  -0.000085  -0.000048  1.000000  0.999917  0.011981  0.004717  -0.011993  0.999925  0.002511  -0.004687  -0.002567  0.999986  0.000201  0.019149  
99.483557 -0.003189  0.084957  -0.012793  0.984720  0.146812  0.093660  -0.154718  0.984415  0.083603  -0.079926  -0.096816  0.992088  -0.001866  -0.009467  0.000058  0.180729  -0.305736  0.754265  2.000000  0.999901  0.013057  0.005153  -0.013072  0.999911  0.002745  -0.005117  -0.002812  0.999983  0.999830  0.017053  0.007029  -0.017080  0.999847  0.003788  -0.006963  -0.003907  0.999968  1.000000  0.000213  0.000087  -0.000213  1.000000  0.000048  -0.000087  -0.000048  1.000000  0.999901  0.013057  0.005153  -0.013072  0.999911  0.002745  -0.005117  -0.002812  0.999983  0.000206  0.018843  
99.484798 -0.003194  0.084943  -0.012794  0.984603  0.147371  0.094009  -0.155323  0.984308  0.083742  -0.080193  -0.097055  0.992043  -0.001957  -0.009875  -0.000266  0.182641  -0.308499  0.754540  2.000000  0.999885  0.014105  0.005594  -0.014121  0.999896  0.002976  -0.005551  -0.003055  0.999980  0.999841  0.016438  0.006972  -0.016465  0.999858  0.003712  -0.006910  -0.003827  0.999969  1.000000  0.000206  0.000087  -0.000206  1.000000  0.000047  -0.000087  -0.000047  1.000000  0.999885  0.014105  0.005594  -0.014121  0.999896  0.002976  -0.005551  -0.003055  0.999980  0.000209  0.018250  
99.485825 -0.003197  0.084931  -0.012796  0.984508  0.147726  0.094455  -0.155723  0.984243  0.083761  -0.080593  -0.097172  0.991999  -0.001992  -0.010246  -0.000716  0.185262  -0.308907  0.739414  2.000000  0.999878  0.014515  0.005769  -0.014533  0.999890  0.003068  -0.005723  -0.003152  0.999979  0.999841  0.016437  0.006974  -0.016464  0.999858  0.003710  -0.006912  -0.003824  0.999969  1.000000  0.000206  0.000087  -0.000206  1.000000  0.000047  -0.000087  -0.000047  1.000000  0.999878  0.014515  0.005769  -0.014533  0.999890  0.003068  -0.005723  -0.003152  0.999979  0.000206  0.018250  
99.487055 -0.003203  0.084916  -0.012797  0.984358  0.148500  0.094804  -0.156530  0.984115  0.083761  -0.080860  -0.097290  0.991966  -0.002135  -0.010604  -0.001013  0.176954  -0.300386  0.740773  2.000000  0.999864  0.015331  0.006125  -0.015351  0.999877  0.003253  -0.006074  -0.003346  0.999976  0.999843  0.016218  0.007091  -0.016245  0.999861  0.003718  -0.007030  -0.003833  0.999968  1.000000  0.000203  0.000088  -0.000203  1.000000  0.000047  -0.000088  -0.000047  1.000000  0.999864  0.015331  0.006125  -0.015351  0.999877  0.003253  -0.006074  -0.003346  0.999976  0.000206  0.018099  
99.488303 -0.003208  0.084901  -0.012798  0.984229  0.149057  0.095267  -0.157133  0.984019  0.083759  -0.081260  -0.097407  0.991922  -0.002350  -0.010894  -0.001283  0.172580  -0.300536  0.740737  2.000000  0.999845  0.016322  0.006556  -0.016345  0.999860  0.003484  -0.006498  -0.003590  0.999972  0.999855  0.015630  0.006767  -0.015655  0.999870  0.003764  -0.006708  -0.003870  0.999970  1.000000  0.000196  0.000084  -0.000196  1.000000  0.000048  -0.000084  -0.000048  1.000000  0.999845  0.016322  0.006556  -0.016345  0.999860  0.003484  -0.006498  -0.003590  0.999972  0.000203  0.017455  
99.489558 -0.003215  0.084886  -0.012799  0.984142  0.149414  0.095600  -0.157535  0.983942  0.083916  -0.081527  -0.097646  0.991876  -0.002663  -0.011117  -0.001457  0.172379  -0.305108  0.740025  2.000000  0.999827  0.017270  0.006972  -0.017296  0.999844  0.003713  -0.006907  -0.003832  0.999969  0.999869  0.014837  0.006424  -0.014861  0.999883  0.003707  -0.006368  -0.003802  0.999972  1.000000  0.000186  0.000080  -0.000186  1.000000  0.000047  -0.000080  -0.000047  1.000000  0.999827  0.017270  0.006972  -0.017296  0.999844  0.003713  -0.006907  -0.003832  0.999969  0.000205  0.016599  
99.490562 -0.003221  0.084875  -0.012801  0.984099  0.149592  0.095766  -0.157736  0.983903  0.083995  -0.081660  -0.097765  0.991854  -0.002988  -0.011290  -0.001544  0.169311  -0.308372  0.725713  2.000000  0.999812  0.017971  0.007288  -0.017999  0.999830  0.003899  -0.007216  -0.004030  0.999966  0.999885  0.013827  0.006194  -0.013851  0.999897  0.003790  -0.006141  -0.003875  0.999974  1.000000  0.000173  0.000077  -0.000173  1.000000  0.000048  -0.000077  -0.000048  1.000000  0.999812  0.017971  0.007288  -0.017999  0.999830  0.003899  -0.007216  -0.004030  0.999966  0.000203  0.015629  
99.491809 -0.003229  0.084861  -0.012803  0.984023  0.149972  0.095950  -0.158139  0.983833  0.084054  -0.081793  -0.097884  0.991831  -0.003496  -0.011424  -0.001622  0.162256  -0.316216  0.711117  2.000000  0.999794  0.018792  0.007677  -0.018825  0.999814  0.004135  -0.007598  -0.004279  0.999962  0.999899  0.012792  0.006230  -0.012816  0.999910  0.003872  -0.006180  -0.003951  0.999973  1.000000  0.000160  0.000078  -0.000160  1.000000  0.000049  -0.000078  -0.000049  1.000000  0.999794  0.018792  0.007677  -0.018825  0.999814  0.004135  -0.007598  -0.004279  0.999962  0.000199  0.014756  
99.493048 -0.003236  0.084847  -0.012806  0.983980  0.150139  0.096135  -0.158340  0.983784  0.084251  -0.081927  -0.098124  0.991796  -0.003894  -0.011443  -0.001612  0.162517  -0.311991  0.685106  2.000000  0.999780  0.019416  0.007985  -0.019451  0.999801  0.004324  -0.007899  -0.004479  0.999959  0.999907  0.012190  0.006040  -0.012214  0.999918  0.003923  -0.005991  -0.003996  0.999974  1.000000  0.000153  0.000075  -0.000153  1.000000  0.000049  -0.000075  -0.000050  1.000000  0.999780  0.019416  0.007985  -0.019451  0.999801  0.004324  -0.007899  -0.004479  0.999959  0.000193  0.014169  
99.494051 -0.003244  0.084836  -0.012808  0.983936  0.150316  0.096302  -0.158541  0.983745  0.084330  -0.082060  -0.098243  0.991773  -0.004379  -0.011530  -0.001597  0.158260  -0.306935  0.656699  2.000000  0.999765  0.020012  0.008290  -0.020049  0.999789  0.004511  -0.008198  -0.004676  0.999955  0.999913  0.011781  0.006001  -0.011804  0.999923  0.003834  -0.005955  -0.003905  0.999975  1.000000  0.000147  0.000075  -0.000147  1.000000  0.000048  -0.000075  -0.000048  1.000000  0.999765  0.020012  0.008290  -0.020049  0.999789  0.004511  -0.008198  -0.004676  0.999955  0.000187  0.013776  
99.495299 -0.003255  0.084820  -0.012814  0.983882  0.150470  0.096617  -0.158740  0.983697  0.084506  -0.082327  -0.098481  0.991728  -0.004937  -0.011676  -0.001770  0.160723  -0.294853  0.623158  2.000000  0.999748  0.020713  0.008665  -0.020755  0.999773  0.004740  -0.008565  -0.004919  0.999951  0.999925  0.010758  0.005903  -0.010781  0.999935  0.003795  -0.005862  -0.003859  0.999975  1.000000  0.000135  0.000074  -0.000135  1.000000  0.000048  -0.000074  -0.000048  1.000000  0.999748  0.020713  0.008665  -0.020755  0.999773  0.004740  -0.008565  -0.004919  0.999951  0.000179  0.012855  
99.496549 -0.003267  0.084803  -0.012821  0.983784  0.150812  0.097082  -0.159140  0.983621  0.084642  -0.082727  -0.098719  0.991671  -0.005586  -0.011819  -0.002061  0.166698  -0.287850  0.596059  2.000000  0.999731  0.021358  0.009035  -0.021404  0.999759  0.004962  -0.008927  -0.005154  0.999947  0.999931  0.010144  0.005844  -0.010165  0.999942  0.003478  -0.005809  -0.003538  0.999977  1.000000  0.000127  0.000073  -0.000127  1.000000  0.000044  -0.000073  -0.000044  1.000000  0.999731  0.021358  0.009035  -0.021404  0.999759  0.004962  -0.008927  -0.005154  0.999947  0.000172  0.012222  
99.497551 -0.003278  0.084789  -0.012829  0.983729  0.150977  0.097379  -0.159339  0.983584  0.084699  -0.082993  -0.098837  0.991637  -0.006147  -0.011998  -0.002502  0.166786  -0.283558  0.570626  2.000000  0.999718  0.021836  0.009326  -0.021885  0.999747  0.005133  -0.009211  -0.005335  0.999943  0.999940  0.009326  0.005766  -0.009346  0.999950  0.003543  -0.005733  -0.003597  0.999977  1.000000  0.000117  0.000072  -0.000117  1.000000  0.000045  -0.000072  -0.000045  1.000000  0.999718  0.021836  0.009326  -0.021885  0.999747  0.005133  -0.009211  -0.005335  0.999943  0.000167  0.011531  
99.498800 -0.003292  0.084771  -0.012840  0.983663  0.151128  0.097808  -0.159536  0.983549  0.084734  -0.083393  -0.098954  0.991591  -0.006822  -0.012230  -0.003100  0.165910  -0.279902  0.530055  2.000000  0.999703  0.022372  0.009679  -0.022425  0.999734  0.005332  -0.009557  -0.005548  0.999939  0.999950  0.008317  0.005533  -0.008334  0.999960  0.003141  -0.005507  -0.003187  0.999980  1.000000  0.000104  0.000069  -0.000104  1.000000  0.000040  -0.000069  -0.000040  1.000000  0.999703  0.022372  0.009679  -0.022425  0.999734  0.005332  -0.009557  -0.005548  0.999939  0.000157  0.010478  
99.499800 -0.003304  0.084757  -0.012848  0.983609  0.151293  0.098106  -0.159735  0.983512  0.084791  -0.083660  -0.099072  0.991557  -0.007514  -0.012486  -0.003650  0.167849  -0.277134  0.502400  2.000000  0.999691  0.022764  0.009956  -0.022819  0.999725  0.005481  -0.009828  -0.005707  0.999935  0.999955  0.007703  0.005473  -0.007720  0.999965  0.003069  -0.005449  -0.003111  0.999980  1.000000  0.000096  0.000068  -0.000096  1.000000  0.000039  -0.000068  -0.000039  1.000000  0.999691  0.022764  0.009956  -0.022819  0.999725  0.005481  -0.009828  -0.005707  0.999935  0.000152  0.009942  
99.500806 -0.003315  0.084743  -0.012855  0.983565  0.151470  0.098273  -0.159935  0.983472  0.084869  -0.083793  -0.099191  0.991534  -0.007850  -0.012507  -0.003976  0.167306  -0.276842  0.479012  2.000000  0.999683  0.023047  0.010163  -0.023104  0.999717  0.005587  -0.010031  -0.005820  0.999933  0.999957  0.007498  0.005454  -0.007514  0.999967  0.002964  -0.005431  -0.003005  0.999981  1.000000  0.000094  0.000068  -0.000094  1.000000  0.000037  -0.000068  -0.000037  1.000000  0.999683  0.023047  0.010163  -0.023104  0.999717  0.005587  -0.010031  -0.005820  0.999933  0.000147  0.009740  
99.502054 -0.003329  0.084727  -0.012865  0.983554  0.151445  0.098422  -0.159934  0.983464  0.084967  -0.083927  -0.099310  0.991511  -0.008435  -0.012562  -0.004586  0.161884  -0.273644  0.444649  2.000000  0.999669  0.023479  0.010497  -0.023540  0.999706  0.005749  -0.010358  -0.005994  0.999928  0.999965  0.006490  0.005220  -0.006504  0.999975  0.002686  -0.005202  -0.002720  0.999983  1.000000  0.000081  0.000065  -0.000081  1.000000  0.000034  -0.000065  -0.000034  1.000000  0.999669  0.023479  0.010497  -0.023540  0.999706  0.005749  -0.010358  -0.005994  0.999928  0.000139  0.008756  
99.503302 -0.003343  0.084712  -0.012874  0.983509  0.151622  0.098589  -0.160134  0.983425  0.085044  -0.084060  -0.099429  0.991488  -0.008998  -0.012558  -0.005106  0.155881  -0.266618  0.417580  2.000000  0.999657  0.023866  0.010814  -0.023931  0.999696  0.005898  -0.010670  -0.006155  0.999924  0.999970  0.005890  0.005026  -0.005902  0.999979  0.002495  -0.005012  -0.002525  0.999984  1.000000  0.000074  0.000063  -0.000074  1.000000  0.000031  -0.000063  -0.000031  1.000000  0.999657  0.023866  0.010814  -0.023931  0.999696  0.005898  -0.010670  -0.006155  0.999924  0.000133  0.008140  
99.504553 -0.003358  0.084697  -0.012883  0.983498  0.151597  0.098738  -0.160132  0.983417  0.085142  -0.084193  -0.099548  0.991464  -0.009562  -0.012599  -0.005575  0.150958  -0.253721  0.377155  2.000000  0.999645  0.024211  0.011121  -0.024279  0.999687  0.006036  -0.010971  -0.006304  0.999920  0.999975  0.005304  0.004699  -0.005314  0.999983  0.002183  -0.004687  -0.002208  0.999987  1.000000  0.000066  0.000059  -0.000066  1.000000  0.000027  -0.000059  -0.000027  1.000000  0.999645  0.024211  0.011121  -0.024279  0.999687  0.006036  -0.010971  -0.006304  0.999920  0.000123  0.007418  
99.505803 -0.003373  0.084682  -0.012891  0.983454  0.151787  0.098887  -0.160333  0.983388  0.085101  -0.084327  -0.099547  0.991453  -0.010100  -0.012637  -0.005983  0.141422  -0.241464  0.343632  2.000000  0.999643  0.024274  0.011181  -0.024343  0.999685  0.006063  -0.011031  -0.006333  0.999919  0.999977  0.004894  0.004659  -0.004905  0.999986  0.002217  -0.004648  -0.002240  0.999987  1.000000  0.000000  0.000000  0.000000  1.000000  0.000000  0.000000  0.000000  1.000000  0.999643  0.024274  0.011181  -0.024343  0.999685  0.006063  -0.011031  -0.006333  0.999919  0.000115  0.000000  
99.507052 -0.003389  0.084668  -0.012898  0.983410  0.151976  0.099035  -0.160534  0.983358  0.085059  -0.084460  -0.099546  0.991442  -0.010650  -0.012696  -0.006374  0.127273  -0.229900  0.316986  2.000000  0.999643  0.024274  0.011181  -0.024343  0.999685  0.006063  -0.011031  -0.006333  0.999919  0.999983  0.004118  0.004178  -0.004126  0.999990  0.001922  -0.004170  -0.001939  0.999989  1.000000  0.000000  0.000000  0.000000  1.000000  0.000000  0.000000  0.000000  1.000000  0.999643  0.024274  0.011181  -0.024343  0.999685  0.006063  -0.011031  -0.006333  0.999919  0.000106  0.000000  
99.508076 -0.003401  0.084657  -0.012903  0.983399  0.151963  0.099166  -0.160532  0.983361  0.085037  -0.084593  -0.099545  0.991431  -0.010975  -0.012680  -0.006554  0.117145  -0.222610  0.289698  2.000000  0.999643  0.024274  0.011181  -0.024343  0.999685  0.006063  -0.011031  -0.006333  0.999919  0.999986  0.003518  0.003983  -0.003526  0.999992  0.001852  -0.003977  -0.001866  0.999990  1.000000  0.000000  0.000000  0.000000  1.000000  0.000000  0.000000  0.000000  1.000000  0.999643  0.024274  0.011181  -0.024343  0.999685  0.006063  -0.011031  -0.006333  0.999919  0.000099  0.000000  
99.509300 -0.003416  0.084643  -0.012909  0.983355  0.152152  0.099314  -0.160733  0.983331  0.084996  -0.084727  -0.099544  0.991419  -0.011321  -0.012610  -0.006698  0.106734  -0.216515  0.269957  2.000000  0.999643  0.024274  0.011181  -0.024343  0.999685  0.006063  -0.011031  -0.006333  0.999919  0.999987  0.003327  0.003830  -0.003334  0.999993  0.001748  -0.003824  -0.001761  0.999991  1.000000  0.000000  0.000000  0.000000  1.000000  0.000000  0.000000  0.000000  1.000000  0.999643  0.024274  0.011181  -0.024343  0.999685  0.006063  -0.011031  -0.006333  0.999919  0.000092  0.000000  
99.510301 -0.003428  0.084633  -0.012914  0.983343  0.152139  0.099445  -0.160731  0.983334  0.084974  -0.084860  -0.099543  0.991408  -0.011602  -0.012429  -0.006726  0.098821  -0.208954  0.254486  2.000000  0.999643  0.024274  0.011181  -0.024343  0.999685  0.006063  -0.011031  -0.006333  0.999919  0.999989  0.002932  0.003656  -0.002939  0.999994  0.001661  -0.003651  -0.001672  0.999992  1.000000  0.000000  0.000000  0.000000  1.000000  0.000000  0.000000  0.000000  1.000000  0.999643  0.024274  0.011181  -0.024343  0.999685  0.006063  -0.011031  -0.006333  0.999919  0.000087  0.000000  
99.511549 -0.003445  0.084620  -0.012921  0.983377  0.151936  0.099428  -0.160528  0.983365  0.084995  -0.084860  -0.099543  0.991408  -0.011852  -0.012189  -0.006665  0.089426  -0.201060  0.220683  2.000000  0.999643  0.024274  0.011181  -0.024343  0.999685  0.006063  -0.011031  -0.006333  0.999919  0.999991  0.002333  0.003461  -0.002339  0.999996  0.001593  -0.003458  -0.001601  0.999993  1.000000  0.000000  0.000000  0.000000  1.000000  0.000000  0.000000  0.000000  1.000000  0.999643  0.024274  0.011181  -0.024343  0.999685  0.006063  -0.011031  -0.006333  0.999919  0.000079  0.000000  
99.512554 -0.003458  0.084610  -0.012927  0.983377  0.151936  0.099428  -0.160528  0.983365  0.084995  -0.084860  -0.099543  0.991408  -0.012020  -0.011875  -0.006499  0.080167  -0.191061  0.195868  2.000000  0.999643  0.024274  0.011181  -0.024343  0.999685  0.006063  -0.011031  -0.006333  0.999919  0.999992  0.002142  0.003308  -0.002147  0.999997  0.001489  -0.003304  -0.001496  0.999993  1.000000  0.000000  0.000000  0.000000  1.000000  0.000000  0.000000  0.000000  1.000000  0.999643  0.024274  0.011181  -0.024343  0.999685  0.006063  -0.011031  -0.006333  0.999919  0.000074  0.000000  
99.513799 -0.003474  0.084598  -0.012936  0.983365  0.151923  0.099559  -0.160526  0.983367  0.084973  -0.084993  -0.099542  0.991397  -0.012138  -0.011539  -0.006418  0.077158  -0.183129  0.174350  2.000000  0.999643  0.024274  0.011181  -0.024343  0.999685  0.006063  -0.011031  -0.006333  0.999919  0.999993  0.001938  0.003287  -0.001942  0.999997  0.001263  -0.003285  -0.001270  0.999994  1.000000  0.000000  0.000000  0.000000  1.000000  0.000000  0.000000  0.000000  1.000000  0.999643  0.024274  0.011181  -0.024343  0.999685  0.006063  -0.011031  -0.006333  0.999919  0.000068  0.000000  
99.515049 -0.003490  0.084586  -0.012945  0.983321  0.152113  0.099707  -0.160727  0.983338  0.084931  -0.085127  -0.099540  0.991385  -0.012235  -0.011158  -0.006295  0.071031  -0.179547  0.163135  2.000000  0.999643  0.024274  0.011181  -0.024343  0.999685  0.006063  -0.011031  -0.006333  0.999919  0.999993  0.001734  0.003267  -0.001737  0.999998  0.001038  -0.003265  -0.001044  0.999994  1.000000  0.000000  0.000000  0.000000  1.000000  0.000000  0.000000  0.000000  1.000000  0.999643  0.024274  0.011181  -0.024343  0.999685  0.006063  -0.011031  -0.006333  0.999919  0.000064  0.000000  
99.516050 -0.003501  0.084576  -0.012952  0.983310  0.152099  0.099838  -0.160725  0.983340  0.084910  -0.085260  -0.099539  0.991374  -0.012222  -0.010940  -0.006326  0.000000  0.000000  0.000000  2.000000  0.999643  0.024274  0.011181  -0.024343  0.999685  0.006063  -0.011031  -0.006333  0.999919  0.999994  0.001543  0.003113  -0.001546  0.999998  0.000934  -0.003112  -0.000939  0.999995  1.000000  0.000000  0.000000  0.000000  1.000000  0.000000  0.000000  0.000000  1.000000  0.999643  0.024274  0.011181  -0.024343  0.999685  0.006063  -0.011031  -0.006333  0.999919  0.000060  0.000000  
99.517056 -0.003512  0.084568  -0.012959  0.983299  0.152074  0.099987  -0.160723  0.983332  0.085008  -0.085393  -0.099658  0.991351  -0.012179  -0.010608  -0.006269  0.000000  0.000000  0.000000  2.000000  0.999643  0.024274  0.011181  -0.024343  0.999685  0.006063  -0.011031  -0.006333  0.999919  0.999995  0.001352  0.002960  -0.001355  0.999999  0.000951  -0.002958  -0.000955  0.999995  1.000000  0.000000  0.000000  0.000000  1.000000  0.000000  0.000000  0.000000  1.000000  0.999643  0.024274  0.011181  -0.024343  0.999685  0.006063  -0.011031  -0.006333  0.999919  0.000000  0.000000  
99.518301 -0.003524  0.084558  -0.012969  0.983276  0.152048  0.100249  -0.160720  0.983336  0.084965  -0.085660  -0.099656  0.991328  -0.012060  -0.010318  -0.006329  0.000000  0.000000  0.000000  2.000000  0.999643  0.024274  0.011181  -0.024343  0.999685  0.006063  -0.011031  -0.006333  0.999919  0.999996  0.001175  0.002673  -0.001177  0.999999  0.000726  -0.002672  -0.000729  0.999996  1.000000  0.000000  0.000000  0.000000  1.000000  0.000000  0.000000  0.000000  1.000000  0.999643  0.024274  0.011181  -0.024343  0.999685  0.006063  -0.011031  -0.006333  0.999919  0.000000  0.000000  
99.519550 -0.003537  0.084547  -0.012979  0.983265  0.152035  0.100380  -0.160718  0.983338  0.084944  -0.085793  -0.099655  0.991317  -0.011930  -0.010008  -0.006426  0.000000  0.000000  0.000000  2.000000  0.999643  0.024274  0.011181  -0.024343  0.999685  0.006063  -0.011031  -0.006333  0.999919  0.999997  0.000997  0.002386  -0.000999  0.999999  0.000622  -0.002386  -0.000625  0.999997  1.000000  0.000000  0.000000  0.000000  1.000000  0.000000  0.000000  0.000000  1.000000  0.999643  0.024274  0.011181  -0.024343  0.999685  0.006063  -0.011031  -0.006333  0.999919  0.000000  0.000000  
99.520552 -0.003547  0.084539  -0.012986  0.983265  0.152035  0.100380  -0.160718  0.983338  0.084944  -0.085793  -0.099655  0.991317  -0.011733  -0.009727  -0.006476  0.000000  0.000000  0.000000  2.000000  0.999643  0.024274  0.011181  -0.024343  0.999685  0.006063  -0.011031  -0.006333  0.999919  0.999997  0.000806  0.002233  -0.000808  1.000000  0.000518  -0.002232  -0.000520  0.999997  1.000000  0.000000  0.000000  0.000000  1.000000  0.000000  0.000000  0.000000  1.000000  0.999643  0.024274  0.011181  -0.024343  0.999685  0.006063  -0.011031  -0.006333  0.999919  0.000000  0.000000  
99.521801 -0.003558  0.084528  -0.012995  0.983298  0.151832  0.100363  -0.160515  0.983370  0.084964  -0.085793  -0.099655  0.991317  -0.011524  -0.009465  -0.006600  0.000000  0.000000  0.000000  2.000000  0.999643  0.024274  0.011181  -0.024343  0.999685  0.006063  -0.011031  -0.006333  0.999919  0.999998  0.000425  0.001925  -0.000426  1.000000  0.000432  -0.001925  -0.000433  0.999998  1.000000  0.000000  0.000000  0.000000  1.000000  0.000000  0.000000  0.000000  1.000000  0.999643  0.024274  0.011181  -0.024343  0.999685  0.006063  -0.011031  -0.006333  0.999919  0.000000  0.000000  
99.523051 -0.003570  0.084519  -0.013003  0.983286  0.151807  0.100512  -0.160514  0.983361  0.085062  -0.085926  -0.099774  0.991293  -0.011298  -0.009219  -0.006656  0.000000  0.000000  0.000000  2.000000  0.999643  0.024274  0.011181  -0.024343  0.999685  0.006063  -0.011031  -0.006333  0.999919  0.999998  0.000221  0.001905  -0.000221  1.000000  0.000450  -0.001905  -0.000450  0.999998  1.000000  0.000000  0.000000  0.000000  1.000000  0.000000  0.000000  0.000000  1.000000  0.999643  0.024274  0.011181  -0.024343  0.999685  0.006063  -0.011031  -0.006333  0.999919  0.000000  0.000000  
99.524051 -0.003578  0.084511  -0.013008  0.983286  0.151807  0.100512  -0.160514  0.983361  0.085062  -0.085926  -0.099774  0.991293  -0.011060  -0.009037  -0.006697  0.000000  0.000000  0.000000  2.000000  0.999643  0.024274  0.011181  -0.024343  0.999685  0.006063  -0.011031  -0.006333  0.999919  0.999998  0.000221  0.001905  -0.000221  1.000000  0.000329  -0.001905  -0.000329  0.999998  1.000000  0.000000  0.000000  0.000000  1.000000  0.000000  0.000000  0.000000  1.000000  0.999643  0.024274  0.011181  -0.024343  0.999685  0.006063  -0.011031  -0.006333  0.999919  0.000000  0.000000  
99.525301 -0.003589  0.084501  -0.013014  0.983275  0.151794  0.100643  -0.160512  0.983364  0.085041  -0.086060  -0.099773  0.991282  -0.010679  -0.008771  -0.006672  0.000000  0.000000  0.000000  2.000000  0.999643  0.024274  0.011181  -0.024343  0.999685  0.006063  -0.011031  -0.006333  0.999919  0.999998  0.000234  0.001772  -0.000234  1.000000  0.000207  -0.001772  -0.000208  0.999998  1.000000  0.000000  0.000000  0.000000  1.000000  0.000000  0.000000  0.000000  1.000000  0.999643  0.024274  0.011181  -0.024343  0.999685  0.006063  -0.011031  -0.006333  0.999919  0.000000  0.000000  
99.526311 -0.003597  0.084494  -0.013017  0.983275  0.151806  0.100624  -0.160512  0.983374  0.084922  -0.086060  -0.099653  0.991294  -0.010276  -0.008519  -0.006484  0.000000  0.000000  0.000000  2.000000  0.999643  0.024274  0.011181  -0.024343  0.999685  0.006063  -0.011031  -0.006333  0.999919  0.999998  0.000030  0.001751  -0.000030  1.000000  0.000104  -0.001751  -0.000104  0.999998  1.000000  0.000000  0.000000  0.000000  1.000000  0.000000  0.000000  0.000000  1.000000  0.999643  0.024274  0.011181  -0.024343  0.999685  0.006063  -0.011031  -0.006333  0.999919  0.000000  0.000000  
99.527329 -0.003605  0.084487  -0.013020  0.983264  0.151793  0.100755  -0.160510  0.983376  0.084900  -0.086193  -0.099652  0.991282  -0.009909  -0.008310  -0.006268  0.000000  0.000000  0.000000  2.000000  0.999643  0.024274  0.011181  -0.024343  0.999685  0.006063  -0.011031  -0.006333  0.999919  0.999998  0.000030  0.001751  -0.000030  1.000000  0.000104  -0.001751  -0.000104  0.999998  1.000000  0.000000  0.000000  0.000000  1.000000  0.000000  0.000000  0.000000  1.000000  0.999643  0.024274  0.011181  -0.024343  0.999685  0.006063  -0.011031  -0.006333  0.999919  0.000000  0.000000  
99.528550 -0.003614  0.084480  -0.013024  0.983252  0.151792  0.100868  -0.160508  0.983389  0.084760  -0.086326  -0.099530  0.991283  -0.009472  -0.008000  -0.005937  0.000000  0.000000  0.000000  2.000000  0.999643  0.024274  0.011181  -0.024343  0.999685  0.006063  -0.011031  -0.006333  0.999919  0.999998  -0.000174  0.001731  0.000174  1.000000  0.000121  -0.001731  -0.000121  0.999998  1.000000  0.000000  0.000000  0.000000  1.000000  0.000000  0.000000  0.000000  1.000000  0.999643  0.024274  0.011181  -0.024343  0.999685  0.006063  -0.011031  -0.006333  0.999919  0.000000  0.000000  
