1-Time 2-Px 3-Py 4-Pz 5-R11 6-R21 7-R31 8-R12 9-R22 10-R32 11-R13 12-R23 13-R33 14-Vx 15-Vy 16-Vz 17-Wx 18-Wy 19-Wz 20-state 21-PR11 22-PR21 23-PR31 24-PR12 25-PR22 26-PR32 27-PR13 28-PR23 29-PR33 
134.019905 0.001714  0.089843  -0.015885  0.999404  0.020674  -0.027641  -0.020784  0.999777  -0.003671  0.027559  0.004244  0.999611  0.001344  0.001008  0.000761  0.000000  0.000000  0.000000  2.000000  1.000000  0.000000  0.000000  0.000000  1.000000  0.000000  0.000000  0.000000  1.000000  0.999999  -0.001231  0.000942  0.001231  0.999999  -0.000155  -0.000942  0.000156  1.000000  1.000000  0.000000  0.000000  0.000000  1.000000  0.000000  0.000000  0.000000  1.000000  0.724030  0.617739  -0.306887  -0.649106  0.760698  -0.000191  0.233330  0.199340  0.951746  0.000000  0.000000  
134.020912 0.001715  0.089844  -0.015885  0.999404  0.020674  -0.027641  -0.020784  0.999777  -0.003671  0.027559  0.004244  0.999611  0.001335  0.001000  0.000756  0.000000  0.000000  0.000000  2.000000  1.000000  0.000000  0.000000  0.000000  1.000000  0.000000  0.000000  0.000000  1.000000  0.999999  -0.001025  0.000941  0.001025  0.999999  -0.000150  -0.000941  0.000151  1.000000  1.000000  0.000000  0.000000  0.000000  1.000000  0.000000  0.000000  0.000000  1.000000  1.000000  0.000000  0.000000  0.000000  1.000000  0.000000  0.000000  0.000000  1.000000  0.000000  0.000000  
134.022161 0.001715  0.089842  -0.015890  0.999404  0.020674  -0.027641  -0.020784  0.999777  -0.003671  0.027559  0.004244  0.999611  0.001223  0.000757  0.000348  0.000000  0.000000  0.000000  2.000000  1.000000  0.000000  0.000000  0.000000  1.000000  0.000000  0.000000  0.000000  1.000000  0.999999  -0.001026  0.000807  0.001026  0.999999  -0.000150  -0.000807  0.000150  1.000000  1.000000  0.000000  0.000000  0.000000  1.000000  0.000000  0.000000  0.000000  1.000000  1.000000  0.000000  0.000000  0.000000  1.000000  0.000000  0.000000  0.000000  1.000000  0.000000  0.000000  
134.023169 0.001715  0.089839  -0.015897  0.999404  0.020674  -0.027641  -0.020784  0.999777  -0.003671  0.027559  0.004244  0.999611  0.001167  0.000555  -0.000159  0.000000  0.000000  0.000000  2.000000  1.000000  0.000000  0.000000  0.000000  1.000000  0.000000  0.000000  0.000000  1.000000  0.999999  -0.001026  0.000807  0.001026  0.999999  -0.000150  -0.000807  0.000150  1.000000  1.000000  0.000000  0.000000  0.000000  1.000000  0.000000  0.000000  0.000000  1.000000  1.000000  0.000000  0.000000  0.000000  1.000000  0.000000  0.000000  0.000000  1.000000  0.000000  0.000000  
134.024415 0.001716  0.089837  -0.015905  0.999400  0.020674  -0.027775  -0.020784  0.999777  -0.003669  0.027693  0.004244  0.999607  0.001081  0.000275  -0.000769  0.000000  0.000000  0.000000  2.000000  1.000000  0.000000  0.000000  0.000000  1.000000  0.000000  0.000000  0.000000  1.000000  0.999999  -0.000820  0.000672  0.000820  1.000000  -0.000144  -0.000672  0.000145  1.000000  1.000000  0.000000  0.000000  0.000000  1.000000  0.000000  0.000000  0.000000  1.000000  1.000000  0.000000  0.000000  0.000000  1.000000  0.000000  0.000000  0.000000  1.000000  0.000000  0.000000  
134.025666 0.001717  0.089833  -0.015914  0.999400  0.020677  -0.027772  -0.020784  0.999778  -0.003547  0.027693  0.004123  0.999608  0.001064  -0.000033  -0.001417  0.000000  0.000000  0.000000  2.000000  1.000000  0.000000  0.000000  0.000000  1.000000  0.000000  0.000000  0.000000  1.000000  1.000000  -0.000821  0.000539  0.000821  1.000000  -0.000023  -0.000539  0.000023  1.000000  1.000000  0.000000  0.000000  0.000000  1.000000  0.000000  0.000000  0.000000  1.000000  1.000000  0.000000  0.000000  0.000000  1.000000  0.000000  0.000000  0.000000  1.000000  0.000000  0.000000  
134.026915 0.001719  0.089830  -0.015922  0.999396  0.020883  -0.027773  -0.020989  0.999773  -0.003542  0.027693  0.004123  0.999608  0.001047  -0.000341  -0.002065  0.000000  0.000000  0.000000  2.000000  1.000000  0.000000  0.000000  0.000000  1.000000  0.000000  0.000000  0.000000  1.000000  1.000000  -0.000615  0.000538  0.000615  1.000000  0.000104  -0.000538  -0.000104  1.000000  1.000000  0.000000  0.000000  0.000000  1.000000  0.000000  0.000000  0.000000  1.000000  1.000000  0.000000  0.000000  0.000000  1.000000  0.000000  0.000000  0.000000  1.000000  0.000000  0.000000  
134.028165 0.001721  0.089828  -0.015931  0.999396  0.020883  -0.027773  -0.020989  0.999773  -0.003542  0.027693  0.004123  0.999608  0.001114  -0.000603  -0.002749  0.000000  0.000000  0.000000  2.000000  1.000000  0.000000  0.000000  0.000000  1.000000  0.000000  0.000000  0.000000  1.000000  1.000000  -0.000616  0.000404  0.000616  1.000000  0.000104  -0.000404  -0.000104  1.000000  1.000000  0.000000  0.000000  0.000000  1.000000  0.000000  0.000000  0.000000  1.000000  1.000000  0.000000  0.000000  0.000000  1.000000  0.000000  0.000000  0.000000  1.000000  0.000000  0.000000  
134.029417 0.001724  0.089825  -0.015942  0.999388  0.021085  -0.027910  -0.021195  0.999769  -0.003654  0.027827  0.004244  0.999604  0.001165  -0.000873  -0.003534  0.000000  0.000000  0.000000  2.000000  1.000000  0.000000  0.000000  0.000000  1.000000  0.000000  0.000000  0.000000  1.000000  1.000000  -0.000204  0.000402  0.000204  1.000000  -0.000006  -0.000402  0.000006  1.000000  1.000000  0.000000  0.000000  0.000000  1.000000  0.000000  0.000000  0.000000  1.000000  1.000000  0.000000  0.000000  0.000000  1.000000  0.000000  0.000000  0.000000  1.000000  0.000000  0.000000  
134.030665 0.001725  0.089821  -0.015954  0.999388  0.021085  -0.027910  -0.021195  0.999769  -0.003654  0.027827  0.004244  0.999604  0.001141  -0.001243  -0.004405  0.000000  0.000000  0.000000  2.000000  1.000000  0.000000  0.000000  0.000000  1.000000  0.000000  0.000000  0.000000  1.000000  1.000000  -0.000205  0.000135  0.000205  1.000000  -0.000006  -0.000135  0.000006  1.000000  1.000000  0.000000  0.000000  0.000000  1.000000  0.000000  0.000000  0.000000  1.000000  1.000000  0.000000  0.000000  0.000000  1.000000  0.000000  0.000000  0.000000  1.000000  0.000000  0.000000  
134.031666 0.001727  0.089818  -0.015964  0.999380  0.021287  -0.028047  -0.021401  0.999764  -0.003767  0.027960  0.004365  0.999600  0.001141  -0.001511  -0.005180  0.000000  0.000000  0.000000  2.000000  1.000000  0.000000  0.000000  0.000000  1.000000  0.000000  0.000000  0.000000  1.000000  1.000000  0.000000  -0.000000  0.000000  1.000000  -0.000121  0.000000  0.000121  1.000000  1.000000  0.000000  0.000000  0.000000  1.000000  0.000000  0.000000  0.000000  1.000000  1.000000  0.000000  0.000000  0.000000  1.000000  0.000000  0.000000  0.000000  1.000000  0.000000  0.000000  
134.032914 0.001729  0.089814  -0.015978  0.999376  0.021283  -0.028183  -0.021401  0.999763  -0.003885  0.028094  0.004486  0.999595  0.001187  -0.001844  -0.006191  0.000000  0.000000  0.000000  2.000000  1.000000  0.000000  0.000000  0.000000  1.000000  0.000000  0.000000  0.000000  1.000000  1.000000  0.000205  -0.000135  -0.000205  1.000000  -0.000237  0.000135  0.000237  1.000000  1.000000  0.000000  0.000000  0.000000  1.000000  0.000000  0.000000  0.000000  1.000000  1.000000  0.000000  0.000000  0.000000  1.000000  0.000000  0.000000  0.000000  1.000000  0.000000  0.000000  
134.034167 0.001732  0.089811  -0.015992  0.999368  0.021484  -0.028321  -0.021606  0.999759  -0.003998  0.028228  0.004607  0.999591  0.001281  -0.002176  -0.007203  0.000000  0.000000  0.000000  2.000000  1.000000  0.000000  0.000000  0.000000  1.000000  0.000000  0.000000  0.000000  1.000000  1.000000  0.000410  -0.000403  -0.000410  1.000000  -0.000352  0.000403  0.000352  1.000000  1.000000  0.000000  0.000000  0.000000  1.000000  0.000000  0.000000  0.000000  1.000000  1.000000  0.000000  0.000000  0.000000  1.000000  0.000000  0.000000  0.000000  1.000000  0.000000  0.000000  
134.035411 0.001734  0.089806  -0.016009  0.999360  0.021683  -0.028460  -0.021812  0.999753  -0.004232  0.028362  0.004850  0.999586  0.001325  -0.002527  -0.008237  0.000000  0.000000  0.000000  2.000000  1.000000  0.000000  0.000000  0.000000  1.000000  0.000000  0.000000  0.000000  1.000000  1.000000  0.000615  -0.000538  -0.000615  1.000000  -0.000468  0.000538  0.000468  1.000000  1.000000  0.000000  0.000000  0.000000  1.000000  0.000000  0.000000  0.000000  1.000000  1.000000  0.000000  0.000000  0.000000  1.000000  0.000000  0.000000  0.000000  1.000000  0.000000  0.000000  
134.036659 0.001737  0.089801  -0.016025  0.999348  0.021884  -0.028731  -0.022017  0.999748  -0.004341  0.028629  0.004971  0.999578  0.001427  -0.002826  -0.009150  0.000000  0.000000  0.000000  2.000000  1.000000  0.000000  0.000000  0.000000  1.000000  0.000000  0.000000  0.000000  1.000000  0.999999  0.001025  -0.000808  -0.001026  0.999999  -0.000698  0.000807  0.000699  0.999999  1.000000  0.000000  0.000000  0.000000  1.000000  0.000000  0.000000  0.000000  1.000000  1.000000  0.000000  0.000000  0.000000  1.000000  0.000000  0.000000  0.000000  1.000000  0.000000  0.000000  
134.037662 0.001739  0.089797  -0.016038  0.999348  0.021880  -0.028734  -0.022017  0.999748  -0.004463  0.028629  0.005092  0.999577  0.001567  -0.002932  -0.009660  0.000000  0.000000  0.000000  2.000000  1.000000  0.000000  0.000000  0.000000  1.000000  0.000000  0.000000  0.000000  1.000000  0.999999  0.001024  -0.000942  -0.001025  0.999999  -0.000820  0.000941  0.000821  0.999999  1.000000  0.000000  0.000000  0.000000  1.000000  0.000000  0.000000  0.000000  1.000000  1.000000  0.000000  0.000000  0.000000  1.000000  0.000000  0.000000  0.000000  1.000000  0.000000  0.000000  
134.038911 0.001741  0.089791  -0.016054  0.999339  0.022078  -0.028874  -0.022223  0.999742  -0.004696  0.028763  0.005335  0.999572  0.001742  -0.003111  -0.010184  0.000000  0.000000  0.000000  2.000000  1.000000  0.000000  0.000000  0.000000  1.000000  0.000000  0.000000  0.000000  1.000000  0.999999  0.001229  -0.001077  -0.001230  0.999999  -0.000935  0.001076  0.000936  0.999999  1.000000  0.000000  0.000000  0.000000  1.000000  0.000000  0.000000  0.000000  1.000000  1.000000  0.000000  0.000000  0.000000  1.000000  0.000000  0.000000  0.000000  1.000000  0.000000  0.000000  
134.039915 0.001744  0.089787  -0.016066  0.999335  0.022281  -0.028878  -0.022429  0.999737  -0.004812  0.028763  0.005456  0.999571  0.001873  -0.003252  -0.010587  0.000000  0.000000  0.000000  2.000000  1.000000  0.000000  0.000000  0.000000  1.000000  0.000000  0.000000  0.000000  1.000000  0.999998  0.001434  -0.001212  -0.001435  0.999998  -0.001050  0.001210  0.001052  0.999999  1.000000  0.000000  0.000000  0.000000  1.000000  0.000000  0.000000  0.000000  1.000000  1.000000  0.000000  0.000000  0.000000  1.000000  0.000000  0.000000  0.000000  1.000000  0.000000  0.000000  
134.040918 0.001746  0.089782  -0.016079  0.999326  0.022486  -0.029012  -0.022634  0.999732  -0.004803  0.028896  0.005456  0.999568  0.001948  -0.003401  -0.010978  0.000000  0.000000  0.000000  2.000000  1.000000  0.000000  0.000000  0.000000  1.000000  0.000000  0.000000  0.000000  1.000000  0.999998  0.001640  -0.001213  -0.001641  0.999998  -0.001166  0.001211  0.001168  0.999999  1.000000  0.000000  0.000000  0.000000  1.000000  0.000000  0.000000  0.000000  1.000000  1.000000  0.000000  0.000000  0.000000  1.000000  0.000000  0.000000  0.000000  1.000000  0.000000  0.000000  
134.041992 0.001749  0.089777  -0.016093  0.999326  0.022482  -0.029015  -0.022634  0.999732  -0.004924  0.028896  0.005577  0.999567  0.002025  -0.003561  -0.011458  0.000000  0.000000  0.000000  2.000000  1.000000  0.000000  0.000000  0.000000  1.000000  0.000000  0.000000  0.000000  1.000000  0.999997  0.001845  -0.001348  -0.001846  0.999997  -0.001281  0.001346  0.001283  0.999998  1.000000  0.000000  0.000000  0.000000  1.000000  0.000000  0.000000  0.000000  1.000000  1.000000  0.000000  0.000000  0.000000  1.000000  0.000000  0.000000  0.000000  1.000000  0.000000  0.000000  
134.043170 0.001754  0.089771  -0.016113  0.999321  0.022685  -0.029019  -0.022840  0.999726  -0.005039  0.028896  0.005699  0.999566  0.002159  -0.003813  -0.012117  0.000000  0.000000  0.000000  2.000000  1.000000  0.000000  0.000000  0.000000  1.000000  0.000000  0.000000  0.000000  1.000000  0.999997  0.002050  -0.001350  -0.002052  0.999997  -0.001396  0.001347  0.001399  0.999998  1.000000  0.000000  0.000000  0.000000  1.000000  0.000000  0.000000  0.000000  1.000000  1.000000  0.000000  0.000000  0.000000  1.000000  0.000000  0.000000  0.000000  1.000000  0.000000  0.000000  
134.044414 0.001758  0.089764  -0.016134  0.999317  0.022887  -0.029023  -0.023046  0.999721  -0.005154  0.028896  0.005820  0.999565  0.002264  -0.004048  -0.012808  0.000000  0.000000  0.000000  2.000000  1.000000  0.000000  0.000000  0.000000  1.000000  0.000000  0.000000  0.000000  1.000000  0.999997  0.002256  -0.001351  -0.002258  0.999996  -0.001511  0.001348  0.001514  0.999998  1.000000  0.000000  0.000000  0.000000  1.000000  0.000000  0.000000  0.000000  1.000000  1.000000  0.000000  0.000000  0.000000  1.000000  0.000000  0.000000  0.000000  1.000000  0.000000  0.000000  
134.045425 0.001761  0.089758  -0.016152  0.999308  0.023092  -0.029157  -0.023252  0.999716  -0.005145  0.029030  0.005820  0.999562  0.002416  -0.004238  -0.013415  0.000000  0.000000  0.000000  2.000000  1.000000  0.000000  0.000000  0.000000  1.000000  0.000000  0.000000  0.000000  1.000000  0.999996  0.002462  -0.001352  -0.002464  0.999996  -0.001505  0.001349  0.001508  0.999998  1.000000  0.000000  0.000000  0.000000  1.000000  0.000000  0.000000  0.000000  1.000000  1.000000  0.000000  0.000000  0.000000  1.000000  0.000000  0.000000  0.000000  1.000000  0.000000  0.000000  
134.046661 0.001765  0.089751  -0.016174  0.999307  0.023295  -0.029027  -0.023457  0.999711  -0.005264  0.028896  0.005941  0.999565  0.002592  -0.004486  -0.013995  0.000000  0.000000  0.000000  2.000000  1.000000  0.000000  0.000000  0.000000  1.000000  0.000000  0.000000  0.000000  1.000000  0.999996  0.002667  -0.001354  -0.002670  0.999995  -0.001742  0.001349  0.001745  0.999998  1.000000  0.000000  0.000000  0.000000  1.000000  0.000000  0.000000  0.000000  1.000000  1.000000  0.000000  0.000000  0.000000  1.000000  0.000000  0.000000  0.000000  1.000000  0.000000  0.000000  
134.047672 0.001769  0.089745  -0.016192  0.999302  0.023497  -0.029031  -0.023663  0.999706  -0.005379  0.028896  0.006062  0.999564  0.002732  -0.004722  -0.014493  0.000000  0.000000  0.000000  2.000000  1.000000  0.000000  0.000000  0.000000  1.000000  0.000000  0.000000  0.000000  1.000000  0.999996  0.002668  -0.001220  -0.002670  0.999995  -0.001742  0.001215  0.001745  0.999998  1.000000  0.000000  0.000000  0.000000  1.000000  0.000000  0.000000  0.000000  1.000000  1.000000  0.000000  0.000000  0.000000  1.000000  0.000000  0.000000  0.000000  1.000000  0.000000  0.000000  
134.048915 0.001774  0.089737  -0.016214  0.999297  0.023703  -0.029033  -0.023869  0.999701  -0.005373  0.028896  0.006062  0.999564  0.002845  -0.004978  -0.015028  0.000000  0.000000  0.000000  2.000000  1.000000  0.000000  0.000000  0.000000  1.000000  0.000000  0.000000  0.000000  1.000000  0.999995  0.002874  -0.001222  -0.002876  0.999994  -0.001857  0.001216  0.001861  0.999998  1.000000  0.000000  0.000000  0.000000  1.000000  0.000000  0.000000  0.000000  1.000000  1.000000  0.000000  0.000000  0.000000  1.000000  0.000000  0.000000  0.000000  1.000000  0.000000  0.000000  
134.049916 0.001778  0.089732  -0.016230  0.999292  0.023905  -0.029037  -0.024075  0.999695  -0.005488  0.028896  0.006184  0.999563  0.002962  -0.005112  -0.015239  0.000000  0.000000  0.000000  2.000000  1.000000  0.000000  0.000000  0.000000  1.000000  0.000000  0.000000  0.000000  1.000000  0.999995  0.002874  -0.001088  -0.002876  0.999994  -0.001857  0.001083  0.001861  0.999998  1.000000  0.000000  0.000000  0.000000  1.000000  0.000000  0.000000  0.000000  1.000000  1.000000  0.000000  0.000000  0.000000  1.000000  0.000000  0.000000  0.000000  1.000000  0.000000  0.000000  
134.051161 0.001782  0.089725  -0.016249  0.999287  0.024108  -0.029041  -0.024280  0.999689  -0.005604  0.028896  0.006305  0.999563  0.003133  -0.005198  -0.015357  0.000000  0.000000  0.000000  2.000000  1.000000  0.000000  0.000000  0.000000  1.000000  0.000000  0.000000  0.000000  1.000000  0.999995  0.003080  -0.001090  -0.003082  0.999993  -0.001973  0.001084  0.001976  0.999997  1.000000  0.000000  0.000000  0.000000  1.000000  0.000000  0.000000  0.000000  1.000000  1.000000  0.000000  0.000000  0.000000  1.000000  0.000000  0.000000  0.000000  1.000000  0.000000  0.000000  
134.052411 0.001788  0.089719  -0.016266  0.999286  0.024307  -0.028914  -0.024486  0.999683  -0.005843  0.028763  0.006547  0.999565  0.003297  -0.005248  -0.015370  0.000000  0.000000  0.000000  2.000000  1.000000  0.000000  0.000000  0.000000  1.000000  0.000000  0.000000  0.000000  1.000000  0.999995  0.003082  -0.000822  -0.003083  0.999993  -0.001973  0.000816  0.001976  0.999998  1.000000  0.000000  0.000000  0.000000  1.000000  0.000000  0.000000  0.000000  1.000000  1.000000  0.000000  0.000000  0.000000  1.000000  0.000000  0.000000  0.000000  1.000000  0.000000  0.000000  
134.053411 0.001791  0.089714  -0.016279  0.999281  0.024510  -0.028918  -0.024692  0.999677  -0.005959  0.028763  0.006669  0.999564  0.003422  -0.005299  -0.015411  0.000000  0.000000  0.000000  2.000000  1.000000  0.000000  0.000000  0.000000  1.000000  0.000000  0.000000  0.000000  1.000000  0.999994  0.003288  -0.000690  -0.003290  0.999993  -0.001967  0.000684  0.001970  0.999998  1.000000  0.000000  0.000000  0.000000  1.000000  0.000000  0.000000  0.000000  1.000000  1.000000  0.000000  0.000000  0.000000  1.000000  0.000000  0.000000  0.000000  1.000000  0.000000  0.000000  
134.054411 0.001796  0.089709  -0.016293  0.999280  0.024713  -0.028789  -0.024898  0.999672  -0.006077  0.028629  0.006790  0.999567  0.003562  -0.005334  -0.015536  0.000000  0.000000  0.000000  2.000000  1.000000  0.000000  0.000000  0.000000  1.000000  0.000000  0.000000  0.000000  1.000000  0.999994  0.003290  -0.000423  -0.003291  0.999993  -0.001968  0.000417  0.001969  0.999998  1.000000  0.000000  0.000000  0.000000  1.000000  0.000000  0.000000  0.000000  1.000000  1.000000  0.000000  0.000000  0.000000  1.000000  0.000000  0.000000  0.000000  1.000000  0.000000  0.000000  
134.055661 0.001801  0.089703  -0.016311  0.999275  0.024915  -0.028793  -0.025103  0.999666  -0.006193  0.028629  0.006911  0.999566  0.003674  -0.005370  -0.015720  0.000000  0.000000  0.000000  2.000000  1.000000  0.000000  0.000000  0.000000  1.000000  0.000000  0.000000  0.000000  1.000000  0.999994  0.003496  -0.000292  -0.003497  0.999992  -0.002083  0.000284  0.002084  0.999998  1.000000  0.000000  0.000000  0.000000  1.000000  0.000000  0.000000  0.000000  1.000000  1.000000  0.000000  0.000000  0.000000  1.000000  0.000000  0.000000  0.000000  1.000000  0.000000  0.000000  
134.056671 0.001804  0.089697  -0.016327  0.999273  0.025118  -0.028664  -0.025309  0.999660  -0.006311  0.028495  0.007032  0.999569  0.003711  -0.005457  -0.015964  0.000000  0.000000  0.000000  2.000000  1.000000  0.000000  0.000000  0.000000  1.000000  0.000000  0.000000  0.000000  1.000000  0.999995  0.003293  -0.000023  -0.003293  0.999993  -0.001968  0.000017  0.001968  0.999998  1.000000  0.000000  0.000000  0.000000  1.000000  0.000000  0.000000  0.000000  1.000000  1.000000  0.000000  0.000000  0.000000  1.000000  0.000000  0.000000  0.000000  1.000000  0.000000  0.000000  
134.057911 0.001808  0.089690  -0.016348  0.999268  0.025317  -0.028671  -0.025515  0.999653  -0.006548  0.028495  0.007275  0.999567  0.003696  -0.005462  -0.016012  0.000000  0.000000  0.000000  2.000000  1.000000  0.000000  0.000000  0.000000  1.000000  0.000000  0.000000  0.000000  1.000000  0.999994  0.003499  0.000109  -0.003499  0.999992  -0.001962  -0.000116  0.001962  0.999998  1.000000  0.000000  0.000000  0.000000  1.000000  0.000000  0.000000  0.000000  1.000000  1.000000  0.000000  0.000000  0.000000  1.000000  0.000000  0.000000  0.000000  1.000000  0.000000  0.000000  
134.058912 0.001811  0.089685  -0.016365  0.999263  0.025520  -0.028675  -0.025721  0.999647  -0.006663  0.028495  0.007396  0.999567  0.003675  -0.005436  -0.015985  0.000000  0.000000  0.000000  2.000000  1.000000  0.000000  0.000000  0.000000  1.000000  0.000000  0.000000  0.000000  1.000000  0.999994  0.003500  0.000242  -0.003500  0.999992  -0.002084  -0.000249  0.002083  0.999998  1.000000  0.000000  0.000000  0.000000  1.000000  0.000000  0.000000  0.000000  1.000000  1.000000  0.000000  0.000000  0.000000  1.000000  0.000000  0.000000  0.000000  1.000000  0.000000  0.000000  
134.059917 0.001815  0.089681  -0.016380  0.999261  0.025723  -0.028546  -0.025926  0.999641  -0.006782  0.028362  0.007517  0.999569  0.003695  -0.005356  -0.015851  0.000000  0.000000  0.000000  2.000000  1.000000  0.000000  0.000000  0.000000  1.000000  0.000000  0.000000  0.000000  1.000000  0.999994  0.003501  0.000376  -0.003500  0.999992  -0.001963  -0.000383  0.001961  0.999998  1.000000  0.000000  0.000000  0.000000  1.000000  0.000000  0.000000  0.000000  1.000000  1.000000  0.000000  0.000000  0.000000  1.000000  0.000000  0.000000  0.000000  1.000000  0.000000  0.000000  
134.061165 0.001820  0.089676  -0.016399  0.999256  0.025925  -0.028551  -0.026132  0.999635  -0.006898  0.028362  0.007639  0.999569  0.003746  -0.005144  -0.015539  0.000000  0.000000  0.000000  2.000000  1.000000  0.000000  0.000000  0.000000  1.000000  0.000000  0.000000  0.000000  1.000000  0.999994  0.003501  0.000375  -0.003501  0.999992  -0.001963  -0.000382  0.001961  0.999998  1.000000  0.000000  0.000000  0.000000  1.000000  0.000000  0.000000  0.000000  1.000000  1.000000  0.000000  0.000000  0.000000  1.000000  0.000000  0.000000  0.000000  1.000000  0.000000  0.000000  
134.062415 0.001824  0.089671  -0.016418  0.999254  0.026132  -0.028418  -0.026338  0.999629  -0.006895  0.028228  0.007639  0.999572  0.003728  -0.005011  -0.015350  0.000000  0.000000  0.000000  2.000000  1.000000  0.000000  0.000000  0.000000  1.000000  0.000000  0.000000  0.000000  1.000000  0.999994  0.003503  0.000642  -0.003502  0.999992  -0.001963  -0.000649  0.001961  0.999998  1.000000  0.000000  0.000000  0.000000  1.000000  0.000000  0.000000  0.000000  1.000000  1.000000  0.000000  0.000000  0.000000  1.000000  0.000000  0.000000  0.000000  1.000000  0.000000  0.000000  
134.063426 0.001827  0.089666  -0.016434  0.999258  0.026130  -0.028288  -0.026338  0.999628  -0.007020  0.028094  0.007760  0.999575  0.003663  -0.004926  -0.015245  0.000000  0.000000  0.000000  2.000000  1.000000  0.000000  0.000000  0.000000  1.000000  0.000000  0.000000  0.000000  1.000000  0.999994  0.003503  0.000642  -0.003502  0.999992  -0.001963  -0.000649  0.001961  0.999998  1.000000  0.000000  0.000000  0.000000  1.000000  0.000000  0.000000  0.000000  1.000000  1.000000  0.000000  0.000000  0.000000  1.000000  0.000000  0.000000  0.000000  1.000000  0.000000  0.000000  
134.064661 0.001831  0.089659  -0.016457  0.999251  0.026539  -0.028160  -0.026750  0.999617  -0.007133  0.027960  0.007881  0.999578  0.003600  -0.004929  -0.015395  -0.100294  -0.012298  0.171574  2.000000  1.000000  0.000000  0.000000  0.000000  1.000000  0.000000  0.000000  0.000000  1.000000  0.999994  0.003505  0.000775  -0.003503  0.999992  -0.001964  -0.000782  0.001961  0.999998  1.000000  0.000000  0.000000  0.000000  1.000000  0.000000  0.000000  0.000000  1.000000  1.000000  0.000000  0.000000  0.000000  1.000000  0.000000  0.000000  0.000000  1.000000  0.000000  0.000000  
134.065661 0.001833  0.089653  -0.016476  0.999251  0.026539  -0.028160  -0.026750  0.999617  -0.007133  0.027960  0.007881  0.999578  0.003476  -0.004928  -0.015623  0.000000  0.000000  0.000000  2.000000  1.000000  0.000000  0.000000  0.000000  1.000000  0.000000  0.000000  0.000000  1.000000  0.999993  0.003507  0.001043  -0.003505  0.999992  -0.001964  -0.001050  0.001960  0.999998  1.000000  0.000000  0.000000  0.000000  1.000000  0.000000  0.000000  0.000000  1.000000  1.000000  0.000000  0.000000  0.000000  1.000000  0.000000  0.000000  0.000000  1.000000  0.000000  0.000000  
134.066912 0.001835  0.089645  -0.016500  0.999244  0.026948  -0.028033  -0.027161  0.999605  -0.007246  0.027827  0.008002  0.999581  0.003298  -0.005082  -0.016088  -0.092969  -0.025851  0.173104  2.000000  1.000000  0.000000  0.000000  0.000000  1.000000  0.000000  0.000000  0.000000  1.000000  0.999993  0.003507  0.001043  -0.003505  0.999992  -0.001965  -0.001049  0.001961  0.999998  1.000000  0.000000  0.000000  0.000000  1.000000  0.000000  0.000000  0.000000  1.000000  1.000000  0.000000  0.000000  0.000000  1.000000  0.000000  0.000000  0.000000  1.000000  0.000000  0.000000  
134.067912 0.001836  0.089639  -0.016521  0.999242  0.027155  -0.027901  -0.027367  0.999599  -0.007244  0.027693  0.008002  0.999584  0.003087  -0.005179  -0.016531  -0.088908  -0.030340  0.173145  2.000000  1.000000  0.000000  0.000000  0.000000  1.000000  0.000000  0.000000  0.000000  1.000000  0.999993  0.003507  0.001043  -0.003505  0.999992  -0.001843  -0.001049  0.001840  0.999998  1.000000  0.000000  0.000000  0.000000  1.000000  0.000000  0.000000  0.000000  1.000000  1.000000  0.000000  0.000000  0.000000  1.000000  0.000000  0.000000  0.000000  1.000000  0.000049  0.000000  
134.069193 0.001838  0.089631  -0.016546  0.999236  0.027361  -0.027902  -0.027573  0.999594  -0.007239  0.027693  0.008002  0.999584  0.002869  -0.005299  -0.017132  -0.084536  -0.034745  0.179908  2.000000  1.000000  0.000000  0.000000  0.000000  1.000000  0.000000  0.000000  0.000000  1.000000  0.999993  0.003508  0.001176  -0.003506  0.999992  -0.001844  -0.001183  0.001840  0.999998  1.000000  0.000000  0.000000  0.000000  1.000000  0.000000  0.000000  0.000000  1.000000  1.000000  0.000000  0.000000  0.000000  1.000000  0.000000  0.000000  0.000000  1.000000  0.000049  0.000000  
134.070411 0.001840  0.089622  -0.016572  0.999240  0.027358  -0.027772  -0.027573  0.999593  -0.007364  0.027559  0.008124  0.999587  0.002649  -0.005460  -0.017671  -0.084131  -0.038979  0.171784  2.000000  1.000000  0.000000  0.000000  0.000000  1.000000  0.000000  0.000000  0.000000  1.000000  0.999993  0.003508  0.001176  -0.003506  0.999992  -0.001844  -0.001182  0.001840  0.999998  1.000000  0.000000  0.000000  0.000000  1.000000  0.000000  0.000000  0.000000  1.000000  1.000000  0.000000  0.000000  0.000000  1.000000  0.000000  0.000000  0.000000  1.000000  0.000049  0.000000  
134.071663 0.001841  0.089614  -0.016598  0.999228  0.027770  -0.027775  -0.027984  0.999581  -0.007352  0.027559  0.008124  0.999587  0.002496  -0.005557  -0.018062  -0.079878  -0.043380  0.178666  2.000000  1.000000  0.000000  0.000000  0.000000  1.000000  0.000000  0.000000  0.000000  1.000000  0.999993  0.003508  0.001176  -0.003506  0.999993  -0.001602  -0.001181  0.001598  0.999998  1.000000  0.000000  0.000000  0.000000  1.000000  0.000000  0.000000  0.000000  1.000000  1.000000  0.000000  0.000000  0.000000  1.000000  0.000000  0.000000  0.000000  1.000000  0.000049  0.000000  
134.072665 0.001842  0.089608  -0.016618  0.999223  0.027976  -0.027776  -0.028190  0.999576  -0.007346  0.027559  0.008124  0.999587  0.002379  -0.005589  -0.018264  -0.076463  -0.043728  0.180150  2.000000  1.000000  0.000000  0.000000  0.000000  1.000000  0.000000  0.000000  0.000000  1.000000  0.999993  0.003508  0.001176  -0.003506  0.999993  -0.001480  -0.001181  0.001476  0.999998  1.000000  0.000000  0.000000  0.000000  1.000000  0.000000  0.000000  0.000000  1.000000  1.000000  0.000000  0.000000  0.000000  1.000000  0.000000  0.000000  0.000000  1.000000  0.000049  0.000000  
134.073665 0.001843  0.089602  -0.016637  0.999223  0.027976  -0.027776  -0.028190  0.999576  -0.007346  0.027559  0.008124  0.999587  0.002185  -0.005648  -0.018467  -0.075839  -0.043372  0.178681  2.000000  1.000000  0.000000  0.000000  0.000000  1.000000  0.000000  0.000000  0.000000  1.000000  0.999993  0.003508  0.001176  -0.003506  0.999993  -0.001359  -0.001181  0.001355  0.999998  1.000000  0.000000  0.000000  0.000000  1.000000  0.000000  0.000000  0.000000  1.000000  1.000000  0.000000  0.000000  0.000000  1.000000  0.000000  0.000000  0.000000  1.000000  0.000050  0.000000  
134.074919 0.001845  0.089595  -0.016661  0.999217  0.028178  -0.027781  -0.028396  0.999569  -0.007462  0.027559  0.008245  0.999586  0.002007  -0.005712  -0.018761  -0.075817  -0.047804  0.178692  2.000000  1.000000  0.000000  0.000000  0.000000  1.000000  0.000000  0.000000  0.000000  1.000000  0.999993  0.003507  0.001042  -0.003506  0.999993  -0.001359  -0.001046  0.001355  0.999999  1.000000  0.000000  0.000000  0.000000  1.000000  0.000000  0.000000  0.000000  1.000000  1.000000  0.000000  0.000000  0.000000  1.000000  0.000000  0.000000  0.000000  1.000000  0.000050  0.000000  
134.076171 0.001846  0.089589  -0.016686  0.999215  0.028385  -0.027649  -0.028601  0.999563  -0.007460  0.027425  0.008245  0.999590  0.001739  -0.005829  -0.019157  -0.072575  -0.052734  0.173290  2.000000  1.000000  0.000000  0.000000  0.000000  1.000000  0.000000  0.000000  0.000000  1.000000  0.999993  0.003507  0.001042  -0.003506  0.999993  -0.001117  -0.001046  0.001113  0.999999  1.000000  0.000000  0.000000  0.000000  1.000000  0.000000  0.000000  0.000000  1.000000  1.000000  0.000000  0.000000  0.000000  1.000000  0.000000  0.000000  0.000000  1.000000  0.000050  0.000000  
134.077412 0.001847  0.089582  -0.016711  0.999209  0.028591  -0.027651  -0.028807  0.999557  -0.007454  0.027425  0.008245  0.999590  0.001512  -0.005920  -0.019545  -0.071998  -0.047847  0.171854  2.000000  1.000000  0.000000  0.000000  0.000000  1.000000  0.000000  0.000000  0.000000  1.000000  0.999993  0.003507  0.001042  -0.003506  0.999993  -0.000996  -0.001045  0.000992  0.999999  1.000000  0.000000  0.000000  0.000000  1.000000  0.000000  0.000000  0.000000  1.000000  1.000000  0.000000  0.000000  0.000000  1.000000  0.000000  0.000000  0.000000  1.000000  0.000049  0.000000  
134.078417 0.001847  0.089576  -0.016733  0.999203  0.028793  -0.027656  -0.029013  0.999550  -0.007570  0.027425  0.008366  0.999589  0.001329  -0.006015  -0.019934  -0.072579  -0.048211  0.173246  2.000000  1.000000  0.000000  0.000000  0.000000  1.000000  0.000000  0.000000  0.000000  1.000000  0.999993  0.003507  0.001041  -0.003506  0.999993  -0.000996  -0.001045  0.000992  0.999999  1.000000  0.000000  0.000000  0.000000  1.000000  0.000000  0.000000  0.000000  1.000000  1.000000  0.000000  0.000000  0.000000  1.000000  0.000000  0.000000  0.000000  1.000000  0.000050  0.000000  
134.079667 0.001847  0.089568  -0.016762  0.999197  0.028999  -0.027657  -0.029219  0.999544  -0.007564  0.027425  0.008366  0.999589  0.001084  -0.006068  -0.020401  -0.068003  -0.047850  0.171986  2.000000  1.000000  0.000000  0.000000  0.000000  1.000000  0.000000  0.000000  0.000000  1.000000  0.999993  0.003506  0.000907  -0.003505  0.999993  -0.000874  -0.000911  0.000871  0.999999  1.000000  0.000000  0.000000  0.000000  1.000000  0.000000  0.000000  0.000000  1.000000  1.000000  0.000000  0.000000  0.000000  1.000000  0.000000  0.000000  0.000000  1.000000  0.000048  0.000000  
134.080916 0.001847  0.089561  -0.016792  0.999191  0.029201  -0.027662  -0.029424  0.999538  -0.007680  0.027425  0.008487  0.999588  0.000884  -0.006042  -0.020781  -0.068507  -0.048183  0.173266  2.000000  1.000000  0.000000  0.000000  0.000000  1.000000  0.000000  0.000000  0.000000  1.000000  0.999993  0.003506  0.000907  -0.003505  0.999993  -0.000874  -0.000910  0.000871  0.999999  1.000000  0.000000  0.000000  0.000000  1.000000  0.000000  0.000000  0.000000  1.000000  1.000000  0.000000  0.000000  0.000000  1.000000  0.000000  0.000000  0.000000  1.000000  0.000048  0.000000  
134.082168 0.001846  0.089553  -0.016821  0.999185  0.029407  -0.027664  -0.029630  0.999531  -0.007674  0.027425  0.008487  0.999588  0.000677  -0.006051  -0.021044  -0.060359  -0.043661  0.173221  2.000000  1.000000  0.000000  0.000000  0.000000  1.000000  0.000000  0.000000  0.000000  1.000000  0.999994  0.003505  0.000773  -0.003505  0.999994  -0.000753  -0.000776  0.000750  0.999999  1.000000  0.000000  0.000000  0.000000  1.000000  0.000000  0.000000  0.000000  1.000000  1.000000  0.000000  0.000000  0.000000  1.000000  0.000000  0.000000  0.000000  1.000000  0.000049  0.000000  
134.083412 0.001845  0.089545  -0.016851  0.999179  0.029613  -0.027666  -0.029836  0.999525  -0.007668  0.027425  0.008487  0.999588  0.000537  -0.005996  -0.021339  -0.056294  -0.043659  0.173257  2.000000  1.000000  0.000000  0.000000  0.000000  1.000000  0.000000  0.000000  0.000000  1.000000  0.999994  0.003504  0.000639  -0.003504  0.999994  -0.000632  -0.000642  0.000630  1.000000  1.000000  0.000000  0.000000  0.000000  1.000000  0.000000  0.000000  0.000000  1.000000  1.000000  0.000000  0.000000  0.000000  1.000000  0.000000  0.000000  0.000000  1.000000  0.000047  0.000000  
134.084412 0.001845  0.089538  -0.016875  0.999172  0.029819  -0.027667  -0.030041  0.999519  -0.007663  0.027425  0.008487  0.999588  0.000410  -0.006008  -0.021565  -0.052227  -0.039151  0.173222  2.000000  1.000000  0.000000  0.000000  0.000000  1.000000  0.000000  0.000000  0.000000  1.000000  0.999994  0.003298  0.000641  -0.003298  0.999994  -0.000637  -0.000643  0.000635  1.000000  1.000000  0.000000  0.000000  0.000000  1.000000  0.000000  0.000000  0.000000  1.000000  1.000000  0.000000  0.000000  0.000000  1.000000  0.000000  0.000000  0.000000  1.000000  0.000000  0.000000  
134.085661 0.001845  0.089530  -0.016905  0.999172  0.029822  -0.027663  -0.030041  0.999520  -0.007541  0.027425  0.008366  0.999589  0.000286  -0.005998  -0.021836  0.000000  0.000000  0.000000  2.000000  1.000000  0.000000  0.000000  0.000000  1.000000  0.000000  0.000000  0.000000  1.000000  0.999994  0.003297  0.000508  -0.003297  0.999994  -0.000395  -0.000509  0.000393  1.000000  1.000000  0.000000  0.000000  0.000000  1.000000  0.000000  0.000000  0.000000  1.000000  1.000000  0.000000  0.000000  0.000000  1.000000  0.000000  0.000000  0.000000  1.000000  0.000000  0.000000  
134.086661 0.001845  0.089524  -0.016929  0.999170  0.030029  -0.027531  -0.030247  0.999514  -0.007540  0.027292  0.008366  0.999593  0.000251  -0.006006  -0.022059  0.000000  0.000000  0.000000  2.000000  1.000000  0.000000  0.000000  0.000000  1.000000  0.000000  0.000000  0.000000  1.000000  0.999994  0.003297  0.000508  -0.003297  0.999995  -0.000274  -0.000509  0.000272  1.000000  1.000000  0.000000  0.000000  0.000000  1.000000  0.000000  0.000000  0.000000  1.000000  1.000000  0.000000  0.000000  0.000000  1.000000  0.000000  0.000000  0.000000  1.000000  0.000045  0.000000  
134.087661 0.001845  0.089517  -0.016953  0.999164  0.030235  -0.027533  -0.030453  0.999508  -0.007534  0.027292  0.008366  0.999593  0.000167  -0.006048  -0.022383  0.000000  0.000000  0.000000  2.000000  1.000000  0.000000  0.000000  0.000000  1.000000  0.000000  0.000000  0.000000  1.000000  0.999994  0.003297  0.000508  -0.003297  0.999995  -0.000274  -0.000509  0.000272  1.000000  1.000000  0.000000  0.000000  0.000000  1.000000  0.000000  0.000000  0.000000  1.000000  1.000000  0.000000  0.000000  0.000000  1.000000  0.000000  0.000000  0.000000  1.000000  0.000000  0.000000  
134.088911 0.001845  0.089509  -0.016985  0.999157  0.030444  -0.027531  -0.030659  0.999502  -0.007407  0.027292  0.008245  0.999594  0.000087  -0.006100  -0.022877  0.000000  0.000000  0.000000  2.000000  1.000000  0.000000  0.000000  0.000000  1.000000  0.000000  0.000000  0.000000  1.000000  0.999994  0.003296  0.000374  -0.003296  0.999995  -0.000153  -0.000375  0.000151  1.000000  1.000000  0.000000  0.000000  0.000000  1.000000  0.000000  0.000000  0.000000  1.000000  1.000000  0.000000  0.000000  0.000000  1.000000  0.000000  0.000000  0.000000  1.000000  0.000000  0.000000  
134.089915 0.001845  0.089502  -0.017012  0.999157  0.030444  -0.027531  -0.030659  0.999502  -0.007407  0.027292  0.008245  0.999594  0.000001  -0.006248  -0.023365  0.000000  0.000000  0.000000  2.000000  1.000000  0.000000  0.000000  0.000000  1.000000  0.000000  0.000000  0.000000  1.000000  0.999995  0.003090  0.000376  -0.003090  0.999995  -0.000158  -0.000377  0.000157  1.000000  1.000000  0.000000  0.000000  0.000000  1.000000  0.000000  0.000000  0.000000  1.000000  1.000000  0.000000  0.000000  0.000000  1.000000  0.000000  0.000000  0.000000  1.000000  0.000000  0.000000  
134.091166 0.001845  0.089492  -0.017044  0.999151  0.030653  -0.027529  -0.030864  0.999497  -0.007280  0.027292  0.008124  0.999595  -0.000098  -0.006445  -0.023902  0.000000  0.000000  0.000000  2.000000  1.000000  0.000000  0.000000  0.000000  1.000000  0.000000  0.000000  0.000000  1.000000  0.999995  0.003089  0.000243  -0.003089  0.999995  0.000084  -0.000242  -0.000085  1.000000  1.000000  0.000000  0.000000  0.000000  1.000000  0.000000  0.000000  0.000000  1.000000  1.000000  0.000000  0.000000  0.000000  1.000000  0.000000  0.000000  0.000000  1.000000  0.000000  0.000000  
134.092188 0.001844  0.089485  -0.017071  0.999145  0.030859  -0.027530  -0.031070  0.999491  -0.007275  0.027292  0.008124  0.999595  -0.000173  -0.006565  -0.024306  0.000000  0.000000  0.000000  2.000000  1.000000  0.000000  0.000000  0.000000  1.000000  0.000000  0.000000  0.000000  1.000000  0.999995  0.003089  0.000243  -0.003089  0.999995  0.000084  -0.000242  -0.000085  1.000000  1.000000  0.000000  0.000000  0.000000  1.000000  0.000000  0.000000  0.000000  1.000000  1.000000  0.000000  0.000000  0.000000  1.000000  0.000000  0.000000  0.000000  1.000000  0.000000  0.000000  
134.093415 0.001844  0.089476  -0.017103  0.999134  0.031063  -0.027665  -0.031276  0.999484  -0.007265  0.027425  0.008124  0.999591  -0.000184  -0.006653  -0.024648  0.000000  0.000000  0.000000  2.000000  1.000000  0.000000  0.000000  0.000000  1.000000  0.000000  0.000000  0.000000  1.000000  0.999995  0.003088  0.000109  -0.003088  0.999995  0.000085  -0.000109  -0.000085  1.000000  1.000000  0.000000  0.000000  0.000000  1.000000  0.000000  0.000000  0.000000  1.000000  1.000000  0.000000  0.000000  0.000000  1.000000  0.000000  0.000000  0.000000  1.000000  0.000000  0.000000  
134.094661 0.001844  0.089468  -0.017135  0.999132  0.031270  -0.027533  -0.031481  0.999478  -0.007263  0.027292  0.008124  0.999595  -0.000205  -0.006712  -0.024841  0.000000  0.000000  0.000000  2.000000  1.000000  0.000000  0.000000  0.000000  1.000000  0.000000  0.000000  0.000000  1.000000  0.999996  0.002882  0.000110  -0.002882  0.999996  0.000079  -0.000110  -0.000079  1.000000  1.000000  0.000000  0.000000  0.000000  1.000000  0.000000  0.000000  0.000000  1.000000  1.000000  0.000000  0.000000  0.000000  1.000000  0.000000  0.000000  0.000000  1.000000  0.000000  0.000000  
134.095666 0.001845  0.089462  -0.017158  0.999132  0.031270  -0.027533  -0.031481  0.999478  -0.007263  0.027292  0.008124  0.999595  -0.000136  -0.006700  -0.024858  0.000000  0.000000  0.000000  2.000000  1.000000  0.000000  0.000000  0.000000  1.000000  0.000000  0.000000  0.000000  1.000000  0.999996  0.002882  0.000110  -0.002882  0.999996  0.000200  -0.000110  -0.000200  1.000000  1.000000  0.000000  0.000000  0.000000  1.000000  0.000000  0.000000  0.000000  1.000000  1.000000  0.000000  0.000000  0.000000  1.000000  0.000000  0.000000  0.000000  1.000000  0.000000  0.000000  
