1-Time 2-Px 3-Py 4-Pz 5-R11 6-R21 7-R31 8-R12 9-R22 10-R32 11-R13 12-R23 13-R33 14-Vx 15-Vy 16-Vz 17-Wx 18-Wy 19-Wz 20-state 21-PR11 22-PR21 23-PR31 24-PR12 25-PR22 26-PR32 27-PR13 28-PR23 29-PR33 
189.343457 -0.004058  0.084593  -0.008117  0.999945  -0.007208  -0.007558  0.007411  0.999602  0.027233  0.007359  -0.027288  0.999601  0.002092  0.002119  0.001143  0.000000  0.000000  0.000000  2.000000  1.000000  0.000000  0.000000  0.000000  1.000000  0.000000  0.000000  0.000000  1.000000  1.000000  -0.000401  -0.000412  0.000401  1.000000  -0.000124  0.000413  0.000124  1.000000  1.000000  0.000000  0.000000  0.000000  1.000000  0.000000  0.000000  0.000000  1.000000  0.740360  0.612555  -0.276845  -0.570479  0.790394  0.223228  0.355556  -0.007335  0.934626  0.000000  0.000000  
189.344460 -0.004056  0.084594  -0.008117  0.999943  -0.007410  -0.007698  0.007617  0.999600  0.027231  0.007493  -0.027288  0.999600  0.002083  0.002081  0.001103  0.000000  0.000000  0.000000  2.000000  1.000000  0.000000  0.000000  0.000000  1.000000  0.000000  0.000000  0.000000  1.000000  1.000000  -0.000603  -0.000552  0.000603  1.000000  -0.000126  0.000552  0.000126  1.000000  1.000000  0.000000  0.000000  0.000000  1.000000  0.000000  0.000000  0.000000  1.000000  1.000000  0.000000  0.000000  0.000000  1.000000  0.000000  0.000000  0.000000  1.000000  0.000000  0.000000  
189.345465 -0.004057  0.084593  -0.008119  0.999943  -0.007410  -0.007698  0.007617  0.999600  0.027231  0.007493  -0.027288  0.999600  0.001926  0.001817  0.000916  0.000000  0.000000  0.000000  2.000000  1.000000  0.000000  0.000000  0.000000  1.000000  0.000000  0.000000  0.000000  1.000000  1.000000  -0.000397  -0.000546  0.000397  1.000000  -0.000124  0.000546  0.000124  1.000000  1.000000  0.000000  0.000000  0.000000  1.000000  0.000000  0.000000  0.000000  1.000000  1.000000  0.000000  0.000000  0.000000  1.000000  0.000000  0.000000  0.000000  1.000000  0.000000  0.000000  
189.346466 -0.004058  0.084591  -0.008121  0.999943  -0.007409  -0.007698  0.007617  0.999597  0.027352  0.007493  -0.027409  0.999596  0.001714  0.001527  0.000652  0.000000  0.000000  0.000000  2.000000  1.000000  0.000000  0.000000  0.000000  1.000000  0.000000  0.000000  0.000000  1.000000  1.000000  -0.000397  -0.000546  0.000397  1.000000  0.000118  0.000546  -0.000118  1.000000  1.000000  0.000000  0.000000  0.000000  1.000000  0.000000  0.000000  0.000000  1.000000  1.000000  0.000000  0.000000  0.000000  1.000000  0.000000  0.000000  0.000000  1.000000  0.000000  0.000000  
189.347714 -0.004058  0.084587  -0.008125  0.999942  -0.007404  -0.007833  0.007617  0.999594  0.027472  0.007626  -0.027530  0.999592  0.001502  0.001087  0.000290  0.000000  0.000000  0.000000  2.000000  1.000000  0.000000  0.000000  0.000000  1.000000  0.000000  0.000000  0.000000  1.000000  1.000000  -0.000393  -0.000680  0.000393  1.000000  0.000118  0.000680  -0.000118  1.000000  1.000000  0.000000  0.000000  0.000000  1.000000  0.000000  0.000000  0.000000  1.000000  1.000000  0.000000  0.000000  0.000000  1.000000  0.000000  0.000000  0.000000  1.000000  0.000000  0.000000  
189.348967 -0.004059  0.084582  -0.008129  0.999939  -0.007605  -0.007973  0.007823  0.999589  0.027591  0.007760  -0.027651  0.999588  0.001253  0.000605  -0.000046  0.000000  0.000000  0.000000  2.000000  1.000000  0.000000  0.000000  0.000000  1.000000  0.000000  0.000000  0.000000  1.000000  1.000000  -0.000599  -0.000686  0.000599  1.000000  0.000238  0.000686  -0.000238  1.000000  1.000000  0.000000  0.000000  0.000000  1.000000  0.000000  0.000000  0.000000  1.000000  1.000000  0.000000  0.000000  0.000000  1.000000  0.000000  0.000000  0.000000  1.000000  0.000000  0.000000  
189.350212 -0.004060  0.084578  -0.008133  0.999939  -0.007604  -0.007974  0.007823  0.999585  0.027712  0.007760  -0.027773  0.999584  0.001010  0.000142  -0.000425  0.000000  0.000000  0.000000  2.000000  1.000000  0.000000  0.000000  0.000000  1.000000  0.000000  0.000000  0.000000  1.000000  1.000000  -0.000599  -0.000686  0.000599  1.000000  0.000359  0.000686  -0.000360  1.000000  1.000000  0.000000  0.000000  0.000000  1.000000  0.000000  0.000000  0.000000  1.000000  1.000000  0.000000  0.000000  0.000000  1.000000  0.000000  0.000000  0.000000  1.000000  0.000000  0.000000  
189.351458 -0.004062  0.084573  -0.008137  0.999938  -0.007809  -0.007981  0.008029  0.999580  0.027832  0.007760  -0.027894  0.999581  0.000742  -0.000367  -0.000813  0.000000  0.000000  0.000000  2.000000  1.000000  0.000000  0.000000  0.000000  1.000000  0.000000  0.000000  0.000000  1.000000  0.999999  -0.000805  -0.000692  0.000805  1.000000  0.000479  0.000691  -0.000479  1.000000  1.000000  0.000000  0.000000  0.000000  1.000000  0.000000  0.000000  0.000000  1.000000  1.000000  0.000000  0.000000  0.000000  1.000000  0.000000  0.000000  0.000000  1.000000  0.000000  0.000000  
189.352461 -0.004062  0.084570  -0.008140  0.999937  -0.007806  -0.008115  0.008029  0.999580  0.027830  0.007894  -0.027894  0.999580  0.000555  -0.000708  -0.001092  0.000000  0.000000  0.000000  2.000000  1.000000  0.000000  0.000000  0.000000  1.000000  0.000000  0.000000  0.000000  1.000000  0.999999  -0.000801  -0.000825  0.000801  0.999999  0.000600  0.000825  -0.000601  0.999999  1.000000  0.000000  0.000000  0.000000  1.000000  0.000000  0.000000  0.000000  1.000000  1.000000  0.000000  0.000000  0.000000  1.000000  0.000000  0.000000  0.000000  1.000000  0.000000  0.000000  
189.353462 -0.004063  0.084567  -0.008144  0.999937  -0.007806  -0.008115  0.008029  0.999580  0.027830  0.007894  -0.027894  0.999580  0.000350  -0.001075  -0.001422  0.000000  0.000000  0.000000  2.000000  1.000000  0.000000  0.000000  0.000000  1.000000  0.000000  0.000000  0.000000  1.000000  0.999999  -0.000801  -0.000825  0.000801  0.999999  0.000600  0.000825  -0.000601  0.999999  1.000000  0.000000  0.000000  0.000000  1.000000  0.000000  0.000000  0.000000  1.000000  1.000000  0.000000  0.000000  0.000000  1.000000  0.000000  0.000000  0.000000  1.000000  0.000000  0.000000  
189.354708 -0.004065  0.084563  -0.008149  0.999934  -0.008007  -0.008255  0.008234  0.999575  0.027949  0.008028  -0.028015  0.999575  0.000071  -0.001495  -0.001882  0.000000  0.000000  0.000000  2.000000  1.000000  0.000000  0.000000  0.000000  1.000000  0.000000  0.000000  0.000000  1.000000  0.999999  -0.001006  -0.000831  0.001007  0.999999  0.000720  0.000831  -0.000720  0.999999  1.000000  0.000000  0.000000  0.000000  1.000000  0.000000  0.000000  0.000000  1.000000  1.000000  0.000000  0.000000  0.000000  1.000000  0.000000  0.000000  0.000000  1.000000  0.000000  0.000000  
189.355710 -0.004066  0.084559  -0.008154  0.999933  -0.008003  -0.008389  0.008234  0.999575  0.027948  0.008162  -0.028015  0.999574  -0.000197  -0.001908  -0.002248  0.000000  0.000000  0.000000  2.000000  1.000000  0.000000  0.000000  0.000000  1.000000  0.000000  0.000000  0.000000  1.000000  0.999999  -0.000801  -0.000826  0.000801  0.999999  0.000721  0.000825  -0.000722  0.999999  1.000000  0.000000  0.000000  0.000000  1.000000  0.000000  0.000000  0.000000  1.000000  1.000000  0.000000  0.000000  0.000000  1.000000  0.000000  0.000000  0.000000  1.000000  0.000000  0.000000  
189.356710 -0.004068  0.084556  -0.008158  0.999931  -0.008210  -0.008394  0.008440  0.999577  0.027825  0.008162  -0.027894  0.999578  -0.000402  -0.002236  -0.002634  0.000000  0.000000  0.000000  2.000000  1.000000  0.000000  0.000000  0.000000  1.000000  0.000000  0.000000  0.000000  1.000000  0.999999  -0.001003  -0.000965  0.001003  0.999999  0.000598  0.000964  -0.000599  0.999999  1.000000  0.000000  0.000000  0.000000  1.000000  0.000000  0.000000  0.000000  1.000000  1.000000  0.000000  0.000000  0.000000  1.000000  0.000000  0.000000  0.000000  1.000000  0.000000  0.000000  
189.357963 -0.004070  0.084551  -0.008165  0.999928  -0.008412  -0.008533  0.008646  0.999576  0.027822  0.008295  -0.027894  0.999576  -0.000743  -0.002753  -0.003202  0.000000  0.000000  0.000000  2.000000  1.000000  0.000000  0.000000  0.000000  1.000000  0.000000  0.000000  0.000000  1.000000  0.999999  -0.001205  -0.001104  0.001206  0.999999  0.000596  0.001104  -0.000598  0.999999  1.000000  0.000000  0.000000  0.000000  1.000000  0.000000  0.000000  0.000000  1.000000  1.000000  0.000000  0.000000  0.000000  1.000000  0.000000  0.000000  0.000000  1.000000  0.000000  0.000000  
189.358966 -0.004073  0.084546  -0.008170  0.999927  -0.008408  -0.008667  0.008646  0.999576  0.027821  0.008429  -0.027894  0.999575  -0.001092  -0.003238  -0.003655  0.000000  0.000000  0.000000  2.000000  1.000000  0.000000  0.000000  0.000000  1.000000  0.000000  0.000000  0.000000  1.000000  0.999999  -0.001201  -0.001238  0.001202  0.999999  0.000596  0.001237  -0.000598  0.999999  1.000000  0.000000  0.000000  0.000000  1.000000  0.000000  0.000000  0.000000  1.000000  1.000000  0.000000  0.000000  0.000000  1.000000  0.000000  0.000000  0.000000  1.000000  0.000000  0.000000  
189.360212 -0.004078  0.084539  -0.008178  0.999924  -0.008610  -0.008806  0.008852  0.999574  0.027818  0.008563  -0.027894  0.999574  -0.001442  -0.003654  -0.003974  0.000000  0.000000  0.000000  2.000000  1.000000  0.000000  0.000000  0.000000  1.000000  0.000000  0.000000  0.000000  1.000000  0.999998  -0.001407  -0.001244  0.001408  0.999999  0.000594  0.001243  -0.000596  0.999999  1.000000  0.000000  0.000000  0.000000  1.000000  0.000000  0.000000  0.000000  1.000000  1.000000  0.000000  0.000000  0.000000  1.000000  0.000000  0.000000  0.000000  1.000000  0.000000  0.000000  
189.361215 -0.004082  0.084532  -0.008183  0.999923  -0.008606  -0.008940  0.008852  0.999574  0.027817  0.008697  -0.027894  0.999573  -0.001686  -0.003971  -0.004188  0.000000  0.000000  0.000000  2.000000  1.000000  0.000000  0.000000  0.000000  1.000000  0.000000  0.000000  0.000000  1.000000  0.999998  -0.001403  -0.001378  0.001404  0.999999  0.000594  0.001377  -0.000596  0.999999  1.000000  0.000000  0.000000  0.000000  1.000000  0.000000  0.000000  0.000000  1.000000  1.000000  0.000000  0.000000  0.000000  1.000000  0.000000  0.000000  0.000000  1.000000  0.000000  0.000000  
189.362217 -0.004087  0.084525  -0.008189  0.999921  -0.008812  -0.008946  0.009058  0.999572  0.027815  0.008697  -0.027894  0.999573  -0.001928  -0.004227  -0.004393  0.000000  0.000000  0.000000  2.000000  1.000000  0.000000  0.000000  0.000000  1.000000  0.000000  0.000000  0.000000  1.000000  0.999998  -0.001609  -0.001383  0.001610  0.999999  0.000592  0.001382  -0.000594  0.999999  1.000000  0.000000  0.000000  0.000000  1.000000  0.000000  0.000000  0.000000  1.000000  1.000000  0.000000  0.000000  0.000000  1.000000  0.000000  0.000000  0.000000  1.000000  0.000000  0.000000  
189.363464 -0.004092  0.084516  -0.008196  0.999920  -0.008807  -0.009081  0.009058  0.999569  0.027935  0.008831  -0.028015  0.999569  -0.002205  -0.004572  -0.004541  0.000000  0.000000  0.000000  2.000000  1.000000  0.000000  0.000000  0.000000  1.000000  0.000000  0.000000  0.000000  1.000000  0.999998  -0.001605  -0.001517  0.001606  0.999999  0.000592  0.001516  -0.000594  0.999999  1.000000  0.000000  0.000000  0.000000  1.000000  0.000000  0.000000  0.000000  1.000000  1.000000  0.000000  0.000000  0.000000  1.000000  0.000000  0.000000  0.000000  1.000000  0.000000  0.000000  
189.364465 -0.004095  0.084508  -0.008201  0.999917  -0.009009  -0.009220  0.009264  0.999567  0.027932  0.008964  -0.028015  0.999567  -0.002408  -0.004827  -0.004718  0.000000  0.000000  0.000000  2.000000  1.000000  0.000000  0.000000  0.000000  1.000000  0.000000  0.000000  0.000000  1.000000  0.999997  -0.001815  -0.001389  0.001816  0.999998  0.000711  0.001388  -0.000714  0.999999  1.000000  0.000000  0.000000  0.000000  1.000000  0.000000  0.000000  0.000000  1.000000  1.000000  0.000000  0.000000  0.000000  1.000000  0.000000  0.000000  0.000000  1.000000  0.000000  0.000000  
189.365711 -0.004101  0.084499  -0.008209  0.999917  -0.009007  -0.009222  0.009264  0.999560  0.028174  0.008964  -0.028257  0.999560  -0.002643  -0.005159  -0.004989  0.000000  0.000000  0.000000  2.000000  1.000000  0.000000  0.000000  0.000000  1.000000  0.000000  0.000000  0.000000  1.000000  0.999998  -0.001605  -0.001518  0.001606  0.999998  0.000834  0.001516  -0.000837  0.999999  1.000000  0.000000  0.000000  0.000000  1.000000  0.000000  0.000000  0.000000  1.000000  1.000000  0.000000  0.000000  0.000000  1.000000  0.000000  0.000000  0.000000  1.000000  0.000000  0.000000  
189.366714 -0.004104  0.084491  -0.008217  0.999914  -0.009208  -0.009363  0.009470  0.999555  0.028292  0.009098  -0.028379  0.999556  -0.002872  -0.005487  -0.005327  0.000000  0.000000  0.000000  2.000000  1.000000  0.000000  0.000000  0.000000  1.000000  0.000000  0.000000  0.000000  1.000000  0.999997  -0.001807  -0.001657  0.001808  0.999998  0.000832  0.001656  -0.000835  0.999998  1.000000  0.000000  0.000000  0.000000  1.000000  0.000000  0.000000  0.000000  1.000000  1.000000  0.000000  0.000000  0.000000  1.000000  0.000000  0.000000  0.000000  1.000000  0.000000  0.000000  
189.367962 -0.004108  0.084482  -0.008227  0.999914  -0.009207  -0.009364  0.009470  0.999551  0.028414  0.009098  -0.028500  0.999552  -0.003026  -0.005769  -0.005690  0.000000  0.000000  0.000000  2.000000  1.000000  0.000000  0.000000  0.000000  1.000000  0.000000  0.000000  0.000000  1.000000  0.999997  -0.001810  -0.001524  0.001812  0.999998  0.001075  0.001522  -0.001078  0.999998  1.000000  0.000000  0.000000  0.000000  1.000000  0.000000  0.000000  0.000000  1.000000  1.000000  0.000000  0.000000  0.000000  1.000000  0.000000  0.000000  0.000000  1.000000  0.000000  0.000000  
189.368962 -0.004111  0.084474  -0.008237  0.999911  -0.009408  -0.009505  0.009675  0.999546  0.028532  0.009232  -0.028621  0.999548  -0.003184  -0.006148  -0.006107  0.000000  0.000000  0.000000  2.000000  1.000000  0.000000  0.000000  0.000000  1.000000  0.000000  0.000000  0.000000  1.000000  0.999998  -0.001604  -0.001518  0.001606  0.999998  0.001077  0.001517  -0.001079  0.999998  1.000000  0.000000  0.000000  0.000000  1.000000  0.000000  0.000000  0.000000  1.000000  1.000000  0.000000  0.000000  0.000000  1.000000  0.000000  0.000000  0.000000  1.000000  0.000000  0.000000  
189.370215 -0.004115  0.084465  -0.008249  0.999911  -0.009406  -0.009506  0.009675  0.999543  0.028653  0.009232  -0.028742  0.999544  -0.003312  -0.006482  -0.006561  0.000000  0.000000  0.000000  2.000000  1.000000  0.000000  0.000000  0.000000  1.000000  0.000000  0.000000  0.000000  1.000000  0.999997  -0.001810  -0.001524  0.001811  0.999998  0.001075  0.001522  -0.001077  0.999998  1.000000  0.000000  0.000000  0.000000  1.000000  0.000000  0.000000  0.000000  1.000000  1.000000  0.000000  0.000000  0.000000  1.000000  0.000000  0.000000  0.000000  1.000000  0.000000  0.000000  
189.371460 -0.004119  0.084456  -0.008261  0.999911  -0.009405  -0.009507  0.009675  0.999539  0.028774  0.009232  -0.028863  0.999541  -0.003404  -0.006775  -0.006900  0.000000  0.000000  0.000000  2.000000  1.000000  0.000000  0.000000  0.000000  1.000000  0.000000  0.000000  0.000000  1.000000  0.999998  -0.001604  -0.001519  0.001605  0.999998  0.001076  0.001517  -0.001079  0.999998  1.000000  0.000000  0.000000  0.000000  1.000000  0.000000  0.000000  0.000000  1.000000  1.000000  0.000000  0.000000  0.000000  1.000000  0.000000  0.000000  0.000000  1.000000  0.000000  0.000000  
189.372460 -0.004122  0.084449  -0.008270  0.999909  -0.009610  -0.009514  0.009881  0.999534  0.028893  0.009232  -0.028985  0.999537  -0.003501  -0.006978  -0.007184  0.000000  0.000000  0.000000  2.000000  1.000000  0.000000  0.000000  0.000000  1.000000  0.000000  0.000000  0.000000  1.000000  0.999998  -0.001608  -0.001385  0.001609  0.999998  0.000955  0.001383  -0.000957  0.999999  1.000000  0.000000  0.000000  0.000000  1.000000  0.000000  0.000000  0.000000  1.000000  1.000000  0.000000  0.000000  0.000000  1.000000  0.000000  0.000000  0.000000  1.000000  0.000000  0.000000  
189.373460 -0.004125  0.084442  -0.008278  0.999910  -0.009614  -0.009380  0.009881  0.999534  0.028895  0.009098  -0.028985  0.999538  -0.003553  -0.007173  -0.007408  0.000000  0.000000  0.000000  2.000000  1.000000  0.000000  0.000000  0.000000  1.000000  0.000000  0.000000  0.000000  1.000000  0.999998  -0.001817  -0.001257  0.001818  0.999998  0.001075  0.001255  -0.001077  0.999999  1.000000  0.000000  0.000000  0.000000  1.000000  0.000000  0.000000  0.000000  1.000000  1.000000  0.000000  0.000000  0.000000  1.000000  0.000000  0.000000  0.000000  1.000000  0.000000  0.000000  
189.374461 -0.004128  0.084435  -0.008285  0.999910  -0.009614  -0.009380  0.009881  0.999534  0.028895  0.009098  -0.028985  0.999538  -0.003545  -0.007210  -0.007466  0.000000  0.000000  0.000000  2.000000  1.000000  0.000000  0.000000  0.000000  1.000000  0.000000  0.000000  0.000000  1.000000  0.999998  -0.001611  -0.001251  0.001613  0.999998  0.001077  0.001250  -0.001079  0.999999  1.000000  0.000000  0.000000  0.000000  1.000000  0.000000  0.000000  0.000000  1.000000  1.000000  0.000000  0.000000  0.000000  1.000000  0.000000  0.000000  0.000000  1.000000  0.000000  0.000000  
189.375718 -0.004133  0.084427  -0.008293  0.999910  -0.009614  -0.009380  0.009881  0.999534  0.028895  0.009098  -0.028985  0.999538  -0.003472  -0.007223  -0.007539  0.000000  0.000000  0.000000  2.000000  1.000000  0.000000  0.000000  0.000000  1.000000  0.000000  0.000000  0.000000  1.000000  0.999998  -0.001615  -0.001118  0.001616  0.999998  0.000955  0.001116  -0.000957  0.999999  1.000000  0.000000  0.000000  0.000000  1.000000  0.000000  0.000000  0.000000  1.000000  1.000000  0.000000  0.000000  0.000000  1.000000  0.000000  0.000000  0.000000  1.000000  0.000000  0.000000  
189.376965 -0.004136  0.084419  -0.008301  0.999909  -0.009822  -0.009254  0.010087  0.999528  0.029015  0.008964  -0.029106  0.999536  -0.003385  -0.007182  -0.007595  0.000000  0.000000  0.000000  2.000000  1.000000  0.000000  0.000000  0.000000  1.000000  0.000000  0.000000  0.000000  1.000000  0.999998  -0.001623  -0.000850  0.001624  0.999998  0.001198  0.000848  -0.001200  0.999999  1.000000  0.000000  0.000000  0.000000  1.000000  0.000000  0.000000  0.000000  1.000000  1.000000  0.000000  0.000000  0.000000  1.000000  0.000000  0.000000  0.000000  1.000000  0.000000  0.000000  
189.378222 -0.004140  0.084411  -0.008309  0.999909  -0.009822  -0.009254  0.010087  0.999528  0.029015  0.008964  -0.029106  0.999536  -0.003308  -0.007093  -0.007640  0.000000  0.000000  0.000000  2.000000  1.000000  0.000000  0.000000  0.000000  1.000000  0.000000  0.000000  0.000000  1.000000  0.999999  -0.001421  -0.000711  0.001422  0.999998  0.001200  0.000709  -0.001201  0.999999  1.000000  0.000000  0.000000  0.000000  1.000000  0.000000  0.000000  0.000000  1.000000  1.000000  0.000000  0.000000  0.000000  1.000000  0.000000  0.000000  0.000000  1.000000  0.000000  0.000000  
189.379465 -0.004145  0.084403  -0.008317  0.999909  -0.009821  -0.009255  0.010087  0.999525  0.029137  0.008964  -0.029227  0.999533  -0.003239  -0.006988  -0.007704  0.000000  0.000000  0.000000  2.000000  1.000000  0.000000  0.000000  0.000000  1.000000  0.000000  0.000000  0.000000  1.000000  0.999999  -0.001425  -0.000577  0.001426  0.999998  0.001200  0.000575  -0.001201  0.999999  1.000000  0.000000  0.000000  0.000000  1.000000  0.000000  0.000000  0.000000  1.000000  1.000000  0.000000  0.000000  0.000000  1.000000  0.000000  0.000000  0.000000  1.000000  0.000000  0.000000  
189.380715 -0.004149  0.084395  -0.008326  0.999909  -0.009821  -0.009255  0.010087  0.999525  0.029137  0.008964  -0.029227  0.999533  -0.003239  -0.006905  -0.007813  0.000000  0.000000  0.000000  2.000000  1.000000  0.000000  0.000000  0.000000  1.000000  0.000000  0.000000  0.000000  1.000000  0.999999  -0.001223  -0.000437  0.001223  0.999998  0.001323  0.000436  -0.001324  0.999999  1.000000  0.000000  0.000000  0.000000  1.000000  0.000000  0.000000  0.000000  1.000000  1.000000  0.000000  0.000000  0.000000  1.000000  0.000000  0.000000  0.000000  1.000000  0.000000  0.000000  
189.381964 -0.004154  0.084387  -0.008335  0.999909  -0.009820  -0.009256  0.010087  0.999521  0.029258  0.008964  -0.029348  0.999529  -0.003246  -0.006792  -0.007769  0.000000  0.000000  0.000000  2.000000  1.000000  0.000000  0.000000  0.000000  1.000000  0.000000  0.000000  0.000000  1.000000  0.999999  -0.001021  -0.000298  0.001021  0.999998  0.001446  0.000296  -0.001447  0.999999  1.000000  0.000000  0.000000  0.000000  1.000000  0.000000  0.000000  0.000000  1.000000  1.000000  0.000000  0.000000  0.000000  1.000000  0.000000  0.000000  0.000000  1.000000  0.000000  0.000000  
189.383214 -0.004157  0.084380  -0.008345  0.999907  -0.010025  -0.009263  0.010293  0.999515  0.029377  0.008964  -0.029470  0.999525  -0.003226  -0.006605  -0.007649  0.000000  0.000000  0.000000  2.000000  1.000000  0.000000  0.000000  0.000000  1.000000  0.000000  0.000000  0.000000  1.000000  0.999999  -0.001231  -0.000170  0.001231  0.999998  0.001566  0.000168  -0.001566  0.999999  1.000000  0.000000  0.000000  0.000000  1.000000  0.000000  0.000000  0.000000  1.000000  1.000000  0.000000  0.000000  0.000000  1.000000  0.000000  0.000000  0.000000  1.000000  0.000000  0.000000  
189.384215 -0.004160  0.084375  -0.008352  0.999907  -0.010024  -0.009265  0.010293  0.999512  0.029498  0.008964  -0.029591  0.999522  -0.003196  -0.006474  -0.007481  0.000000  0.000000  0.000000  2.000000  1.000000  0.000000  0.000000  0.000000  1.000000  0.000000  0.000000  0.000000  1.000000  0.999999  -0.001231  -0.000170  0.001231  0.999998  0.001566  0.000168  -0.001566  0.999999  1.000000  0.000000  0.000000  0.000000  1.000000  0.000000  0.000000  0.000000  1.000000  1.000000  0.000000  0.000000  0.000000  1.000000  0.000000  0.000000  0.000000  1.000000  0.000000  0.000000  
189.385458 -0.004164  0.084368  -0.008362  0.999908  -0.010026  -0.009132  0.010293  0.999508  0.029621  0.008831  -0.029712  0.999519  -0.003242  -0.006358  -0.007347  0.000000  0.000000  0.000000  2.000000  1.000000  0.000000  0.000000  0.000000  1.000000  0.000000  0.000000  0.000000  1.000000  0.999999  -0.001033  0.000103  0.001033  0.999998  0.001568  -0.000105  -0.001568  0.999999  1.000000  0.000000  0.000000  0.000000  1.000000  0.000000  0.000000  0.000000  1.000000  1.000000  0.000000  0.000000  0.000000  1.000000  0.000000  0.000000  0.000000  1.000000  0.000000  0.000000  
189.386459 -0.004168  0.084362  -0.008369  0.999908  -0.010025  -0.009133  0.010293  0.999505  0.029742  0.008831  -0.029833  0.999516  -0.003255  -0.006206  -0.007219  0.000000  0.000000  0.000000  2.000000  1.000000  0.000000  0.000000  0.000000  1.000000  0.000000  0.000000  0.000000  1.000000  1.000000  -0.000827  0.000109  0.000827  0.999998  0.001570  -0.000110  -0.001569  0.999999  1.000000  0.000000  0.000000  0.000000  1.000000  0.000000  0.000000  0.000000  1.000000  1.000000  0.000000  0.000000  0.000000  1.000000  0.000000  0.000000  0.000000  1.000000  0.000000  0.000000  
189.387460 -0.004171  0.084357  -0.008378  0.999909  -0.010028  -0.009001  0.010293  0.999501  0.029865  0.008697  -0.029955  0.999513  -0.003310  -0.006105  -0.007168  0.000000  0.000000  0.000000  2.000000  1.000000  0.000000  0.000000  0.000000  1.000000  0.000000  0.000000  0.000000  1.000000  1.000000  -0.000835  0.000377  0.000835  0.999998  0.001570  -0.000378  -0.001569  0.999999  1.000000  0.000000  0.000000  0.000000  1.000000  0.000000  0.000000  0.000000  1.000000  1.000000  0.000000  0.000000  0.000000  1.000000  0.000000  0.000000  0.000000  1.000000  0.000000  0.000000  
189.388460 -0.004175  0.084351  -0.008387  0.999909  -0.010027  -0.009002  0.010293  0.999497  0.029986  0.008697  -0.030076  0.999510  -0.003358  -0.006036  -0.007247  0.000000  0.000000  0.000000  2.000000  1.000000  0.000000  0.000000  0.000000  1.000000  0.000000  0.000000  0.000000  1.000000  1.000000  -0.000835  0.000377  0.000835  0.999999  0.001448  -0.000378  -0.001448  0.999999  1.000000  0.000000  0.000000  0.000000  1.000000  0.000000  0.000000  0.000000  1.000000  1.000000  0.000000  0.000000  0.000000  1.000000  0.000000  0.000000  0.000000  1.000000  0.000000  0.000000  
189.389462 -0.004179  0.084345  -0.008397  0.999910  -0.010031  -0.008868  0.010293  0.999497  0.029987  0.008563  -0.030076  0.999511  -0.003420  -0.005974  -0.007409  0.000000  0.000000  0.000000  2.000000  1.000000  0.000000  0.000000  0.000000  1.000000  0.000000  0.000000  0.000000  1.000000  1.000000  -0.000637  0.000650  0.000636  0.999999  0.001450  -0.000651  -0.001450  0.999999  1.000000  0.000000  0.000000  0.000000  1.000000  0.000000  0.000000  0.000000  1.000000  1.000000  0.000000  0.000000  0.000000  1.000000  0.000000  0.000000  0.000000  1.000000  0.000000  0.000000  
189.390710 -0.004185  0.084338  -0.008409  0.999911  -0.010034  -0.008736  0.010293  0.999494  0.030110  0.008429  -0.030197  0.999508  -0.003479  -0.005930  -0.007708  0.000000  0.000000  0.000000  2.000000  1.000000  0.000000  0.000000  0.000000  1.000000  0.000000  0.000000  0.000000  1.000000  0.999999  -0.000642  0.000784  0.000640  0.999999  0.001450  -0.000785  -0.001450  0.999999  1.000000  0.000000  0.000000  0.000000  1.000000  0.000000  0.000000  0.000000  1.000000  1.000000  0.000000  0.000000  0.000000  1.000000  0.000000  0.000000  0.000000  1.000000  0.000000  0.000000  
189.391711 -0.004190  0.084332  -0.008420  0.999911  -0.010034  -0.008736  0.010293  0.999494  0.030110  0.008429  -0.030197  0.999508  -0.003575  -0.005899  -0.007999  0.000000  0.000000  0.000000  2.000000  1.000000  0.000000  0.000000  0.000000  1.000000  0.000000  0.000000  0.000000  1.000000  0.999999  -0.000642  0.000784  0.000641  0.999999  0.001329  -0.000785  -0.001329  0.999999  1.000000  0.000000  0.000000  0.000000  1.000000  0.000000  0.000000  0.000000  1.000000  1.000000  0.000000  0.000000  0.000000  1.000000  0.000000  0.000000  0.000000  1.000000  0.000000  0.000000  
189.392717 -0.004194  0.084326  -0.008430  0.999911  -0.010033  -0.008737  0.010293  0.999490  0.030231  0.008429  -0.030319  0.999505  -0.003693  -0.005871  -0.008378  0.000000  0.000000  0.000000  2.000000  1.000000  0.000000  0.000000  0.000000  1.000000  0.000000  0.000000  0.000000  1.000000  1.000000  -0.000436  0.000790  0.000435  0.999999  0.001331  -0.000791  -0.001330  0.999999  1.000000  0.000000  0.000000  0.000000  1.000000  0.000000  0.000000  0.000000  1.000000  1.000000  0.000000  0.000000  0.000000  1.000000  0.000000  0.000000  0.000000  1.000000  0.000000  0.000000  
189.393961 -0.004200  0.084319  -0.008444  0.999913  -0.010036  -0.008604  0.010293  0.999486  0.030354  0.008295  -0.030440  0.999502  -0.003785  -0.005827  -0.008688  0.000000  0.000000  0.000000  2.000000  1.000000  0.000000  0.000000  0.000000  1.000000  0.000000  0.000000  0.000000  1.000000  1.000000  -0.000436  0.000790  0.000435  0.999999  0.001331  -0.000791  -0.001331  0.999999  1.000000  0.000000  0.000000  0.000000  1.000000  0.000000  0.000000  0.000000  1.000000  1.000000  0.000000  0.000000  0.000000  1.000000  0.000000  0.000000  0.000000  1.000000  0.000000  0.000000  
189.394962 -0.004204  0.084314  -0.008455  0.999913  -0.010036  -0.008604  0.010293  0.999486  0.030354  0.008295  -0.030440  0.999502  -0.003840  -0.005722  -0.008959  0.000000  0.000000  0.000000  2.000000  1.000000  0.000000  0.000000  0.000000  1.000000  0.000000  0.000000  0.000000  1.000000  1.000000  -0.000436  0.000790  0.000435  0.999999  0.001452  -0.000791  -0.001452  0.999999  1.000000  0.000000  0.000000  0.000000  1.000000  0.000000  0.000000  0.000000  1.000000  1.000000  0.000000  0.000000  0.000000  1.000000  0.000000  0.000000  0.000000  1.000000  0.000000  0.000000  
189.396215 -0.004210  0.084307  -0.008467  0.999913  -0.010035  -0.008606  0.010293  0.999483  0.030475  0.008295  -0.030561  0.999498  -0.003943  -0.005614  -0.009189  0.000000  0.000000  0.000000  2.000000  1.000000  0.000000  0.000000  0.000000  1.000000  0.000000  0.000000  0.000000  1.000000  1.000000  -0.000436  0.000790  0.000435  0.999999  0.001573  -0.000791  -0.001573  0.999998  1.000000  0.000000  0.000000  0.000000  1.000000  0.000000  0.000000  0.000000  1.000000  1.000000  0.000000  0.000000  0.000000  1.000000  0.000000  0.000000  0.000000  1.000000  0.000000  0.000000  
189.397461 -0.004216  0.084301  -0.008478  0.999909  -0.010236  -0.008747  0.010499  0.999477  0.030593  0.008429  -0.030682  0.999494  -0.004081  -0.005521  -0.009315  0.000000  0.000000  0.000000  2.000000  1.000000  0.000000  0.000000  0.000000  1.000000  0.000000  0.000000  0.000000  1.000000  1.000000  -0.000428  0.000522  0.000427  0.999999  0.001452  -0.000523  -0.001452  0.999999  1.000000  0.000000  0.000000  0.000000  1.000000  0.000000  0.000000  0.000000  1.000000  1.000000  0.000000  0.000000  0.000000  1.000000  0.000000  0.000000  0.000000  1.000000  0.000000  0.000000  
189.398465 -0.004221  0.084297  -0.008487  0.999909  -0.010236  -0.008747  0.010499  0.999477  0.030593  0.008429  -0.030682  0.999494  -0.004223  -0.005484  -0.009336  0.000000  0.000000  0.000000  2.000000  1.000000  0.000000  0.000000  0.000000  1.000000  0.000000  0.000000  0.000000  1.000000  1.000000  -0.000428  0.000522  0.000427  0.999999  0.001573  -0.000523  -0.001573  0.999999  1.000000  0.000000  0.000000  0.000000  1.000000  0.000000  0.000000  0.000000  1.000000  1.000000  0.000000  0.000000  0.000000  1.000000  0.000000  0.000000  0.000000  1.000000  0.000000  0.000000  
189.399711 -0.004227  0.084290  -0.008497  0.999909  -0.010235  -0.008748  0.010499  0.999473  0.030714  0.008429  -0.030803  0.999490  -0.004371  -0.005490  -0.009476  0.000000  0.000000  0.000000  2.000000  1.000000  0.000000  0.000000  0.000000  1.000000  0.000000  0.000000  0.000000  1.000000  1.000000  -0.000428  0.000522  0.000427  0.999999  0.001573  -0.000523  -0.001573  0.999999  1.000000  0.000000  0.000000  0.000000  1.000000  0.000000  0.000000  0.000000  1.000000  1.000000  0.000000  0.000000  0.000000  1.000000  0.000000  0.000000  0.000000  1.000000  0.000000  0.000000  
189.400965 -0.004233  0.084284  -0.008509  0.999909  -0.010235  -0.008748  0.010499  0.999473  0.030714  0.008429  -0.030803  0.999490  -0.004514  -0.005421  -0.009570  0.000000  0.000000  0.000000  2.000000  1.000000  0.000000  0.000000  0.000000  1.000000  0.000000  0.000000  0.000000  1.000000  1.000000  -0.000428  0.000522  0.000427  0.999999  0.001573  -0.000523  -0.001573  0.999999  1.000000  0.000000  0.000000  0.000000  1.000000  0.000000  0.000000  0.000000  1.000000  1.000000  0.000000  0.000000  0.000000  1.000000  0.000000  0.000000  0.000000  1.000000  0.000000  0.000000  
189.402215 -0.004241  0.084277  -0.008523  0.999909  -0.010234  -0.008749  0.010499  0.999469  0.030836  0.008429  -0.030925  0.999486  -0.004718  -0.005436  -0.009837  0.000000  0.000000  0.000000  2.000000  1.000000  0.000000  0.000000  0.000000  1.000000  0.000000  0.000000  0.000000  1.000000  1.000000  -0.000428  0.000522  0.000427  0.999999  0.001573  -0.000523  -0.001573  0.999999  1.000000  0.000000  0.000000  0.000000  1.000000  0.000000  0.000000  0.000000  1.000000  1.000000  0.000000  0.000000  0.000000  1.000000  0.000000  0.000000  0.000000  1.000000  0.000000  0.000000  
189.403460 -0.004249  0.084269  -0.008537  0.999907  -0.010439  -0.008756  0.010705  0.999467  0.030834  0.008429  -0.030925  0.999486  -0.004892  -0.005471  -0.010004  0.000000  0.000000  0.000000  2.000000  1.000000  0.000000  0.000000  0.000000  1.000000  0.000000  0.000000  0.000000  1.000000  1.000000  -0.000428  0.000522  0.000427  0.999999  0.001452  -0.000523  -0.001452  0.999999  1.000000  0.000000  0.000000  0.000000  1.000000  0.000000  0.000000  0.000000  1.000000  1.000000  0.000000  0.000000  0.000000  1.000000  0.000000  0.000000  0.000000  1.000000  0.000000  0.000000  
189.404460 -0.004255  0.084263  -0.008549  0.999906  -0.010434  -0.008891  0.010705  0.999463  0.030954  0.008563  -0.031046  0.999481  -0.005009  -0.005499  -0.010170  0.000000  0.000000  0.000000  2.000000  1.000000  0.000000  0.000000  0.000000  1.000000  0.000000  0.000000  0.000000  1.000000  1.000000  -0.000428  0.000522  0.000427  0.999999  0.001452  -0.000523  -0.001452  0.999999  1.000000  0.000000  0.000000  0.000000  1.000000  0.000000  0.000000  0.000000  1.000000  1.000000  0.000000  0.000000  0.000000  1.000000  0.000000  0.000000  0.000000  1.000000  0.000000  0.000000  
189.405461 -0.004261  0.084256  -0.008562  0.999906  -0.010434  -0.008891  0.010705  0.999463  0.030954  0.008563  -0.031046  0.999481  -0.005149  -0.005562  -0.010343  0.000000  0.000000  0.000000  2.000000  1.000000  0.000000  0.000000  0.000000  1.000000  0.000000  0.000000  0.000000  1.000000  1.000000  -0.000420  0.000255  0.000419  0.999999  0.001331  -0.000255  -0.001331  0.999999  1.000000  0.000000  0.000000  0.000000  1.000000  0.000000  0.000000  0.000000  1.000000  1.000000  0.000000  0.000000  0.000000  1.000000  0.000000  0.000000  0.000000  1.000000  0.000000  0.000000  
189.406710 -0.004268  0.084248  -0.008577  0.999904  -0.010639  -0.008898  0.010911  0.999458  0.031073  0.008563  -0.031167  0.999478  -0.005259  -0.005620  -0.010496  0.000000  0.000000  0.000000  2.000000  1.000000  0.000000  0.000000  0.000000  1.000000  0.000000  0.000000  0.000000  1.000000  1.000000  -0.000626  0.000248  0.000625  0.999999  0.001329  -0.000249  -0.001329  0.999999  1.000000  0.000000  0.000000  0.000000  1.000000  0.000000  0.000000  0.000000  1.000000  1.000000  0.000000  0.000000  0.000000  1.000000  0.000000  0.000000  0.000000  1.000000  0.000000  0.000000  
189.407959 -0.004276  0.084240  -0.008593  0.999904  -0.010639  -0.008898  0.010911  0.999458  0.031073  0.008563  -0.031167  0.999478  -0.005383  -0.005667  -0.010620  0.000000  0.000000  0.000000  2.000000  1.000000  0.000000  0.000000  0.000000  1.000000  0.000000  0.000000  0.000000  1.000000  1.000000  -0.000621  0.000114  0.000621  0.999999  0.001208  -0.000115  -0.001208  0.999999  1.000000  0.000000  0.000000  0.000000  1.000000  0.000000  0.000000  0.000000  1.000000  1.000000  0.000000  0.000000  0.000000  1.000000  0.000000  0.000000  0.000000  1.000000  0.000000  0.000000  
189.408963 -0.004281  0.084233  -0.008606  0.999904  -0.010638  -0.008900  0.010911  0.999454  0.031194  0.008563  -0.031288  0.999474  -0.005443  -0.005739  -0.010781  0.000000  0.000000  0.000000  2.000000  1.000000  0.000000  0.000000  0.000000  1.000000  0.000000  0.000000  0.000000  1.000000  1.000000  -0.000621  0.000114  0.000621  0.999999  0.001208  -0.000115  -0.001208  0.999999  1.000000  0.000000  0.000000  0.000000  1.000000  0.000000  0.000000  0.000000  1.000000  1.000000  0.000000  0.000000  0.000000  1.000000  0.000000  0.000000  0.000000  1.000000  0.000000  0.000000  
189.410219 -0.004288  0.084224  -0.008621  0.999902  -0.010843  -0.008906  0.011116  0.999452  0.031192  0.008563  -0.031288  0.999474  -0.005533  -0.005909  -0.010977  0.000000  0.000000  0.000000  2.000000  1.000000  0.000000  0.000000  0.000000  1.000000  0.000000  0.000000  0.000000  1.000000  1.000000  -0.000823  -0.000026  0.000823  0.999999  0.001085  0.000025  -0.001085  0.999999  1.000000  0.000000  0.000000  0.000000  1.000000  0.000000  0.000000  0.000000  1.000000  1.000000  0.000000  0.000000  0.000000  1.000000  0.000000  0.000000  0.000000  1.000000  0.000000  0.000000  
189.411465 -0.004294  0.084215  -0.008637  0.999902  -0.010842  -0.008907  0.011116  0.999448  0.031314  0.008563  -0.031410  0.999470  -0.005567  -0.006095  -0.011226  0.000000  0.000000  0.000000  2.000000  1.000000  0.000000  0.000000  0.000000  1.000000  0.000000  0.000000  0.000000  1.000000  1.000000  -0.000819  -0.000160  0.000819  0.999999  0.001206  0.000159  -0.001206  0.999999  1.000000  0.000000  0.000000  0.000000  1.000000  0.000000  0.000000  0.000000  1.000000  1.000000  0.000000  0.000000  0.000000  1.000000  0.000000  0.000000  0.000000  1.000000  0.000000  0.000000  
189.412714 -0.004301  0.084205  -0.008653  0.999899  -0.011047  -0.008915  0.011322  0.999442  0.031433  0.008563  -0.031531  0.999466  -0.005591  -0.006327  -0.011521  0.000000  0.000000  0.000000  2.000000  1.000000  0.000000  0.000000  0.000000  1.000000  0.000000  0.000000  0.000000  1.000000  0.999999  -0.001025  -0.000166  0.001025  0.999999  0.001204  0.000165  -0.001204  0.999999  1.000000  0.000000  0.000000  0.000000  1.000000  0.000000  0.000000  0.000000  1.000000  1.000000  0.000000  0.000000  0.000000  1.000000  0.000000  0.000000  0.000000  1.000000  0.000000  0.000000  
189.413964 -0.004308  0.084195  -0.008669  0.999898  -0.011042  -0.009050  0.011322  0.999438  0.031553  0.008697  -0.031652  0.999461  -0.005640  -0.006586  -0.011885  0.000000  0.000000  0.000000  2.000000  1.000000  0.000000  0.000000  0.000000  1.000000  0.000000  0.000000  0.000000  1.000000  0.999999  -0.001016  -0.000434  0.001017  0.999999  0.001204  0.000432  -0.001204  0.999999  1.000000  0.000000  0.000000  0.000000  1.000000  0.000000  0.000000  0.000000  1.000000  1.000000  0.000000  0.000000  0.000000  1.000000  0.000000  0.000000  0.000000  1.000000  0.000000  0.000000  
189.415214 -0.004315  0.084184  -0.008686  0.999896  -0.011247  -0.009057  0.011528  0.999436  0.031551  0.008697  -0.031652  0.999461  -0.005735  -0.006953  -0.012333  0.000000  0.000000  0.000000  2.000000  1.000000  0.000000  0.000000  0.000000  1.000000  0.000000  0.000000  0.000000  1.000000  0.999999  -0.001222  -0.000440  0.001222  0.999999  0.001202  0.000439  -0.001203  0.999999  1.000000  0.000000  0.000000  0.000000  1.000000  0.000000  0.000000  0.000000  1.000000  1.000000  0.000000  0.000000  0.000000  1.000000  0.000000  0.000000  0.000000  1.000000  0.000000  0.000000  
189.416466 -0.004323  0.084173  -0.008704  0.999892  -0.011449  -0.009197  0.011734  0.999433  0.031547  0.008831  -0.031652  0.999460  -0.005753  -0.007233  -0.012628  0.000000  0.000000  0.000000  2.000000  1.000000  0.000000  0.000000  0.000000  1.000000  0.000000  0.000000  0.000000  1.000000  0.999999  -0.001222  -0.000440  0.001222  0.999999  0.001081  0.000439  -0.001081  0.999999  1.000000  0.000000  0.000000  0.000000  1.000000  0.000000  0.000000  0.000000  1.000000  1.000000  0.000000  0.000000  0.000000  1.000000  0.000000  0.000000  0.000000  1.000000  0.000000  0.000000  
189.417714 -0.004330  0.084162  -0.008720  0.999892  -0.011448  -0.009198  0.011734  0.999430  0.031669  0.008831  -0.031773  0.999456  -0.005727  -0.007442  -0.012784  0.000000  0.000000  0.000000  2.000000  1.000000  0.000000  0.000000  0.000000  1.000000  0.000000  0.000000  0.000000  1.000000  0.999999  -0.001222  -0.000440  0.001222  0.999999  0.001202  0.000439  -0.001203  0.999999  1.000000  0.000000  0.000000  0.000000  1.000000  0.000000  0.000000  0.000000  1.000000  1.000000  0.000000  0.000000  0.000000  1.000000  0.000000  0.000000  0.000000  1.000000  0.000000  0.000000  
189.418964 -0.004338  0.084151  -0.008735  0.999890  -0.011654  -0.009205  0.011940  0.999427  0.031667  0.008831  -0.031773  0.999456  -0.005713  -0.007652  -0.012809  0.000000  0.000000  0.000000  2.000000  1.000000  0.000000  0.000000  0.000000  1.000000  0.000000  0.000000  0.000000  1.000000  0.999999  -0.001428  -0.000447  0.001428  0.999998  0.001079  0.000445  -0.001080  0.999999  1.000000  0.000000  0.000000  0.000000  1.000000  0.000000  0.000000  0.000000  1.000000  1.000000  0.000000  0.000000  0.000000  1.000000  0.000000  0.000000  0.000000  1.000000  0.000000  0.000000  
