1-Time 2-Px 3-Py 4-Pz 5-R11 6-R21 7-R31 8-R12 9-R22 10-R32 11-R13 12-R23 13-R33 14-Vx 15-Vy 16-Vz 17-Wx 18-Wy 19-Wz 20-state 21-PR11 22-PR21 23-PR31 24-PR12 25-PR22 26-PR32 27-PR13 28-PR23 29-PR33 
28.310416 0.000737  0.090025  -0.010931  0.999007  0.037867  -0.023461  -0.037037  0.998706  0.034850  0.024750  -0.033946  0.999117  -0.000002  -0.000011  -0.000133  0.000000  0.000000  0.000000  2.000000  1.000000  0.000000  0.000000  0.000000  1.000000  0.000000  0.000000  0.000000  1.000000  1.000000  0.000608  0.000288  -0.000608  1.000000  -0.000106  -0.000288  0.000106  1.000000  1.000000  0.000000  0.000000  0.000000  1.000000  0.000000  0.000000  0.000000  1.000000  0.709771  0.433825  -0.554997  -0.387549  0.898394  0.206623  0.588244  0.068434  0.805783  0.000000  0.000000  
28.311418 0.000737  0.090025  -0.010932  0.999007  0.037867  -0.023461  -0.037037  0.998706  0.034850  0.024750  -0.033946  0.999117  0.000010  -0.000014  -0.000168  0.000000  0.000000  0.000000  2.000000  1.000000  0.000000  0.000000  0.000000  1.000000  0.000000  0.000000  0.000000  1.000000  1.000000  0.000402  0.000281  -0.000402  1.000000  0.000010  -0.000281  -0.000010  1.000000  1.000000  0.000000  0.000000  0.000000  1.000000  0.000000  0.000000  0.000000  1.000000  1.000000  0.000000  0.000000  0.000000  1.000000  0.000000  0.000000  0.000000  1.000000  0.000000  0.000000  
28.312420 0.000737  0.090023  -0.010932  0.999007  0.037870  -0.023456  -0.037037  0.998702  0.034971  0.024750  -0.034067  0.999113  -0.000037  -0.000110  -0.000187  0.000000  0.000000  0.000000  2.000000  1.000000  0.000000  0.000000  0.000000  1.000000  0.000000  0.000000  0.000000  1.000000  1.000000  0.000402  0.000281  -0.000402  1.000000  0.000131  -0.000281  -0.000132  1.000000  1.000000  0.000000  0.000000  0.000000  1.000000  0.000000  0.000000  0.000000  1.000000  1.000000  0.000000  0.000000  0.000000  1.000000  0.000000  0.000000  0.000000  1.000000  0.000000  0.000000  
28.313670 0.000735  0.090020  -0.010933  0.998996  0.038080  -0.023583  -0.037243  0.998694  0.034981  0.024884  -0.034067  0.999110  -0.000110  -0.000329  -0.000251  0.000000  0.000000  0.000000  2.000000  1.000000  0.000000  0.000000  0.000000  1.000000  0.000000  0.000000  0.000000  1.000000  1.000000  0.000613  0.000155  -0.000613  1.000000  0.000137  -0.000155  -0.000137  1.000000  1.000000  0.000000  0.000000  0.000000  1.000000  0.000000  0.000000  0.000000  1.000000  1.000000  0.000000  0.000000  0.000000  1.000000  0.000000  0.000000  0.000000  1.000000  0.000000  0.000000  
28.314920 0.000735  0.090016  -0.010934  0.998989  0.038291  -0.023566  -0.037448  0.998677  0.035228  0.024884  -0.034310  0.999101  -0.000176  -0.000570  -0.000305  0.000000  0.000000  0.000000  2.000000  1.000000  0.000000  0.000000  0.000000  1.000000  0.000000  0.000000  0.000000  1.000000  1.000000  0.000818  0.000162  -0.000818  1.000000  0.000263  -0.000162  -0.000263  1.000000  1.000000  0.000000  0.000000  0.000000  1.000000  0.000000  0.000000  0.000000  1.000000  1.000000  0.000000  0.000000  0.000000  1.000000  0.000000  0.000000  0.000000  1.000000  0.000000  0.000000  
28.315946 0.000734  0.090013  -0.010935  0.998985  0.038299  -0.023695  -0.037448  0.998673  0.035354  0.025018  -0.034431  0.999094  -0.000223  -0.000782  -0.000306  0.000000  0.000000  0.000000  2.000000  1.000000  0.000000  0.000000  0.000000  1.000000  0.000000  0.000000  0.000000  1.000000  1.000000  0.000617  0.000021  -0.000617  1.000000  0.000379  -0.000021  -0.000379  1.000000  1.000000  0.000000  0.000000  0.000000  1.000000  0.000000  0.000000  0.000000  1.000000  1.000000  0.000000  0.000000  0.000000  1.000000  0.000000  0.000000  0.000000  1.000000  0.000000  0.000000  
28.317170 0.000733  0.090009  -0.010935  0.998978  0.038507  -0.023683  -0.037654  0.998661  0.035480  0.025018  -0.034552  0.999090  -0.000274  -0.001071  -0.000343  0.000000  0.000000  0.000000  2.000000  1.000000  0.000000  0.000000  0.000000  1.000000  0.000000  0.000000  0.000000  1.000000  1.000000  0.000827  -0.000105  -0.000827  0.999999  0.000627  0.000106  -0.000627  1.000000  1.000000  0.000000  0.000000  0.000000  1.000000  0.000000  0.000000  0.000000  1.000000  1.000000  0.000000  0.000000  0.000000  1.000000  0.000000  0.000000  0.000000  1.000000  0.000000  0.000000  
28.318171 0.000733  0.090006  -0.010936  0.998967  0.038720  -0.023805  -0.037859  0.998648  0.035611  0.025151  -0.034673  0.999082  -0.000278  -0.001261  -0.000361  0.000000  0.000000  0.000000  2.000000  1.000000  0.000000  0.000000  0.000000  1.000000  0.000000  0.000000  0.000000  1.000000  0.999999  0.001038  -0.000232  -0.001038  0.999999  0.000754  0.000233  -0.000753  1.000000  1.000000  0.000000  0.000000  0.000000  1.000000  0.000000  0.000000  0.000000  1.000000  1.000000  0.000000  0.000000  0.000000  1.000000  0.000000  0.000000  0.000000  1.000000  0.000000  0.000000  
28.319421 0.000732  0.090002  -0.010936  0.998947  0.039139  -0.023919  -0.038270  0.998628  0.035747  0.025285  -0.034794  0.999075  -0.000311  -0.001522  -0.000344  0.000000  0.000000  0.000000  2.000000  1.000000  0.000000  0.000000  0.000000  1.000000  0.000000  0.000000  0.000000  1.000000  0.999999  0.001454  -0.000351  -0.001453  0.999999  0.000885  0.000352  -0.000885  1.000000  1.000000  0.000000  0.000000  0.000000  1.000000  0.000000  0.000000  0.000000  1.000000  1.000000  0.000000  0.000000  0.000000  1.000000  0.000000  0.000000  0.000000  1.000000  0.000000  0.000000  
28.320676 0.000732  0.089998  -0.010936  0.998928  0.039561  -0.024028  -0.038682  0.998603  0.036004  0.025419  -0.035036  0.999063  -0.000323  -0.001806  -0.000352  0.000000  0.000000  0.000000  2.000000  1.000000  0.000000  0.000000  0.000000  1.000000  0.000000  0.000000  0.000000  1.000000  0.999999  0.001664  -0.000477  -0.001664  0.999998  0.001012  0.000479  -0.001011  0.999999  1.000000  0.000000  0.000000  0.000000  1.000000  0.000000  0.000000  0.000000  1.000000  1.000000  0.000000  0.000000  0.000000  1.000000  0.000000  0.000000  0.000000  1.000000  0.000000  0.000000  
28.321924 0.000732  0.089994  -0.010937  0.998917  0.039774  -0.024150  -0.038887  0.998590  0.036136  0.025553  -0.035157  0.999055  -0.000343  -0.002068  -0.000370  0.000000  0.000000  0.000000  2.000000  1.000000  0.000000  0.000000  0.000000  1.000000  0.000000  0.000000  0.000000  1.000000  0.999998  0.002076  -0.000462  -0.002075  0.999997  0.001265  0.000465  -0.001264  0.999999  1.000000  0.000000  0.000000  0.000000  1.000000  0.000000  0.000000  0.000000  1.000000  1.000000  0.000000  0.000000  0.000000  1.000000  0.000000  0.000000  0.000000  1.000000  0.000000  0.000000  
28.323175 0.000731  0.089991  -0.010937  0.998901  0.040188  -0.024130  -0.039298  0.998569  0.036267  0.025553  -0.035279  0.999051  -0.000371  -0.002307  -0.000397  0.000000  0.000000  0.000000  2.000000  1.000000  0.000000  0.000000  0.000000  1.000000  0.000000  0.000000  0.000000  1.000000  0.999997  0.002286  -0.000589  -0.002285  0.999996  0.001392  0.000592  -0.001391  0.999999  1.000000  0.000000  0.000000  0.000000  1.000000  0.000000  0.000000  0.000000  1.000000  1.000000  0.000000  0.000000  0.000000  1.000000  0.000000  0.000000  0.000000  1.000000  0.000000  0.000000  
28.324421 0.000732  0.089987  -0.010937  0.998889  0.040401  -0.024251  -0.039504  0.998556  0.036398  0.025687  -0.035400  0.999043  -0.000360  -0.002544  -0.000397  0.000000  0.000000  0.000000  2.000000  1.000000  0.000000  0.000000  0.000000  1.000000  0.000000  0.000000  0.000000  1.000000  0.999996  0.002702  -0.000707  -0.002701  0.999995  0.001524  0.000712  -0.001522  0.999999  1.000000  0.000000  0.000000  0.000000  1.000000  0.000000  0.000000  0.000000  1.000000  1.000000  0.000000  0.000000  0.000000  1.000000  0.000000  0.000000  0.000000  1.000000  0.000000  0.000000  
28.325425 0.000731  0.089983  -0.010937  0.998869  0.040820  -0.024365  -0.039915  0.998535  0.036535  0.025820  -0.035521  0.999035  -0.000404  -0.002802  -0.000345  0.000000  0.000000  0.000000  2.000000  1.000000  0.000000  0.000000  0.000000  1.000000  0.000000  0.000000  0.000000  1.000000  0.999995  0.003118  -0.000826  -0.003117  0.999994  0.001656  0.000831  -0.001654  0.999998  1.000000  0.000000  0.000000  0.000000  1.000000  0.000000  0.000000  0.000000  1.000000  1.000000  0.000000  0.000000  0.000000  1.000000  0.000000  0.000000  0.000000  1.000000  0.000000  0.000000  
28.326676 0.000731  0.089978  -0.010936  0.998849  0.041239  -0.024478  -0.040326  0.998513  0.036671  0.025954  -0.035642  0.999028  -0.000421  -0.003106  -0.000309  0.000000  0.000000  0.000000  2.000000  1.000000  0.000000  0.000000  0.000000  1.000000  0.000000  0.000000  0.000000  1.000000  0.999993  0.003535  -0.000945  -0.003533  0.999992  0.001788  0.000951  -0.001785  0.999998  1.000000  0.000000  0.000000  0.000000  1.000000  0.000000  0.000000  0.000000  1.000000  1.000000  0.000000  0.000000  0.000000  1.000000  0.000000  0.000000  0.000000  1.000000  0.000000  0.000000  
28.327678 0.000730  0.089974  -0.010936  0.998833  0.041653  -0.024458  -0.040737  0.998492  0.036802  0.025954  -0.035763  0.999023  -0.000388  -0.003240  -0.000219  0.000000  0.000000  0.000000  2.000000  1.000000  0.000000  0.000000  0.000000  1.000000  0.000000  0.000000  0.000000  1.000000  0.999993  0.003540  -0.001078  -0.003537  0.999992  0.001910  0.001085  -0.001906  0.999998  1.000000  0.000000  0.000000  0.000000  1.000000  0.000000  0.000000  0.000000  1.000000  1.000000  0.000000  0.000000  0.000000  1.000000  0.000000  0.000000  0.000000  1.000000  0.000000  0.000000  
28.328925 0.000729  0.089967  -0.010935  0.998821  0.041869  -0.024574  -0.040943  0.998474  0.037055  0.026088  -0.036005  0.999011  -0.000387  -0.003464  -0.000051  0.000000  0.000000  0.000000  2.000000  1.000000  0.000000  0.000000  0.000000  1.000000  0.000000  0.000000  0.000000  1.000000  0.999991  0.003956  -0.001196  -0.003953  0.999990  0.002164  0.001205  -0.002159  0.999997  1.000000  0.000000  0.000000  0.000000  1.000000  0.000000  0.000000  0.000000  1.000000  1.000000  0.000000  0.000000  0.000000  1.000000  0.000000  0.000000  0.000000  1.000000  0.000000  0.000000  
28.329925 0.000728  0.089962  -0.010933  0.998800  0.042291  -0.024682  -0.041354  0.998448  0.037313  0.026222  -0.036247  0.998999  -0.000401  -0.003640  0.000100  0.000000  0.000000  0.000000  2.000000  1.000000  0.000000  0.000000  0.000000  1.000000  0.000000  0.000000  0.000000  1.000000  0.999990  0.004372  -0.001314  -0.004369  0.999988  0.002296  0.001324  -0.002291  0.999996  1.000000  0.000000  0.000000  0.000000  1.000000  0.000000  0.000000  0.000000  1.000000  1.000000  0.000000  0.000000  0.000000  1.000000  0.000000  0.000000  0.000000  1.000000  0.000000  0.000000  
28.331171 0.000728  0.089954  -0.010932  0.998780  0.042713  -0.024790  -0.041765  0.998421  0.037571  0.026355  -0.036490  0.998986  -0.000398  -0.003874  0.000229  0.089850  0.043580  0.167618  2.000000  1.000000  0.000000  0.000000  0.000000  1.000000  0.000000  0.000000  0.000000  1.000000  0.999988  0.004583  -0.001439  -0.004579  0.999986  0.002666  0.001451  -0.002660  0.999995  1.000000  0.000000  0.000000  0.000000  1.000000  0.000000  0.000000  0.000000  1.000000  1.000000  0.000000  0.000000  0.000000  1.000000  0.000000  0.000000  0.000000  1.000000  0.000000  0.000000  
28.332172 0.000728  0.089947  -0.010931  0.998768  0.042929  -0.024905  -0.041971  0.998403  0.037824  0.026489  -0.036732  0.998974  -0.000365  -0.004147  0.000293  0.098191  0.047808  0.174694  2.000000  1.000000  0.000000  0.000000  0.000000  1.000000  0.000000  0.000000  0.000000  1.000000  0.999986  0.005000  -0.001556  -0.004995  0.999983  0.002920  0.001571  -0.002912  0.999995  1.000000  0.000000  0.000000  0.000000  1.000000  0.000000  0.000000  0.000000  1.000000  1.000000  0.000000  0.000000  0.000000  1.000000  0.000000  0.000000  0.000000  1.000000  0.000052  0.000000  
28.333419 0.000728  0.089939  -0.010930  0.998747  0.043355  -0.025007  -0.042382  0.998371  0.038203  0.026623  -0.037095  0.998957  -0.000352  -0.004399  0.000388  0.110796  0.051782  0.188699  2.000000  1.000000  0.000260  -0.000081  -0.000260  1.000000  0.000149  0.000081  -0.000149  1.000000  0.999985  0.005206  -0.001548  -0.005201  0.999982  0.003048  0.001563  -0.003040  0.999994  1.000000  0.000065  -0.000019  -0.000065  1.000000  0.000038  0.000019  -0.000038  1.000000  1.000000  0.000260  -0.000081  -0.000260  1.000000  0.000149  0.000081  -0.000149  1.000000  0.000056  0.006226  
28.334421 0.000728  0.089932  -0.010929  0.998734  0.043571  -0.025122  -0.042587  0.998352  0.038456  0.026757  -0.037337  0.998944  -0.000296  -0.004651  0.000426  0.119167  0.056019  0.195822  2.000000  1.000000  0.000461  -0.000143  -0.000461  1.000000  0.000271  0.000143  -0.000271  1.000000  0.999984  0.005417  -0.001672  -0.005411  0.999980  0.003296  0.001690  -0.003287  0.999993  1.000000  0.000068  -0.000021  -0.000068  1.000000  0.000041  0.000021  -0.000041  1.000000  1.000000  0.000461  -0.000143  -0.000461  1.000000  0.000271  0.000143  -0.000271  1.000000  0.000058  0.006556  
28.335421 0.000728  0.089925  -0.010929  0.998713  0.043993  -0.025229  -0.042998  0.998325  0.038714  0.026890  -0.037580  0.998932  -0.000295  -0.004989  0.000478  0.126634  0.059498  0.208077  2.000000  1.000000  0.000734  -0.000231  -0.000734  1.000000  0.000442  0.000232  -0.000442  1.000000  0.999984  0.005423  -0.001804  -0.005416  0.999979  0.003540  0.001823  -0.003530  0.999992  1.000000  0.000068  -0.000023  -0.000068  1.000000  0.000044  0.000023  -0.000044  1.000000  1.000000  0.000734  -0.000231  -0.000734  1.000000  0.000442  0.000232  -0.000442  1.000000  0.000062  0.006720  
28.336670 0.000728  0.089915  -0.010929  0.998701  0.044213  -0.025339  -0.043204  0.998301  0.039089  0.027024  -0.037943  0.998914  -0.000265  -0.005299  0.000506  0.139902  0.068935  0.210117  2.000000  0.999999  0.001091  -0.000344  -0.001091  0.999999  0.000663  0.000345  -0.000663  1.000000  0.999981  0.005834  -0.001787  -0.005828  0.999977  0.003552  0.001808  -0.003541  0.999992  1.000000  0.000073  -0.000022  -0.000073  1.000000  0.000044  0.000022  -0.000044  1.000000  0.999999  0.001091  -0.000344  -0.001091  0.999999  0.000663  0.000345  -0.000663  1.000000  0.000066  0.007058  
28.337697 0.000728  0.089908  -0.010929  0.998688  0.044430  -0.025454  -0.043409  0.998282  0.039342  0.027158  -0.038185  0.998902  -0.000244  -0.005661  0.000533  0.148102  0.073081  0.216984  2.000000  0.999999  0.001380  -0.000435  -0.001380  0.999999  0.000848  0.000436  -0.000848  1.000000  0.999981  0.005840  -0.001919  -0.005833  0.999976  0.003674  0.001941  -0.003662  0.999991  1.000000  0.000073  -0.000024  -0.000073  1.000000  0.000046  0.000024  -0.000046  1.000000  0.999999  0.001380  -0.000435  -0.001380  0.999999  0.000848  0.000436  -0.000848  1.000000  0.000068  0.007158  
28.338924 0.000728  0.089898  -0.010929  0.998670  0.044847  -0.025426  -0.043820  0.998255  0.039594  0.027158  -0.038428  0.998892  -0.000257  -0.006075  0.000544  0.156729  0.072612  0.230986  2.000000  0.999998  0.001674  -0.000526  -0.001674  0.999998  0.001039  0.000528  -0.001039  0.999999  0.999980  0.006041  -0.001776  -0.006034  0.999974  0.003922  0.001799  -0.003911  0.999991  1.000000  0.000075  -0.000022  -0.000075  1.000000  0.000049  0.000022  -0.000049  1.000000  0.999998  0.001674  -0.000526  -0.001674  0.999998  0.001039  0.000528  -0.001039  0.999999  0.000072  0.007415  
28.340169 0.000727  0.089889  -0.010928  0.998648  0.045273  -0.025527  -0.044231  0.998221  0.039974  0.027292  -0.038791  0.998875  -0.000309  -0.006392  0.000560  0.169375  0.076579  0.245047  2.000000  0.999998  0.002042  -0.000638  -0.002041  0.999997  0.001287  0.000640  -0.001286  0.999999  0.999981  0.005836  -0.001782  -0.005829  0.999975  0.004038  0.001806  -0.004028  0.999990  1.000000  0.000073  -0.000022  -0.000073  1.000000  0.000050  0.000022  -0.000050  1.000000  0.999998  0.002042  -0.000638  -0.002041  0.999997  0.001287  0.000640  -0.001286  0.999999  0.000075  0.007314  
28.341170 0.000726  0.089881  -0.010928  0.998636  0.045486  -0.025647  -0.044437  0.998207  0.040106  0.027425  -0.038912  0.998866  -0.000310  -0.006624  0.000596  0.173654  0.080809  0.252136  2.000000  0.999997  0.002336  -0.000725  -0.002335  0.999996  0.001491  0.000729  -0.001489  0.999999  0.999982  0.005831  -0.001647  -0.005824  0.999974  0.004160  0.001671  -0.004150  0.999990  1.000000  0.000073  -0.000021  -0.000073  1.000000  0.000052  0.000021  -0.000052  1.000000  0.999997  0.002336  -0.000725  -0.002335  0.999996  0.001491  0.000729  -0.001489  0.999999  0.000077  0.007347  
28.342171 0.000726  0.089874  -0.010926  0.998627  0.045698  -0.025628  -0.044642  0.998188  0.040354  0.027425  -0.039154  0.998857  -0.000328  -0.006850  0.000659  0.177914  0.080511  0.259067  2.000000  0.999996  0.002555  -0.000792  -0.002554  0.999995  0.001647  0.000796  -0.001645  0.999998  0.999981  0.005837  -0.001779  -0.005829  0.999974  0.004282  0.001804  -0.004271  0.999989  1.000000  0.000073  -0.000022  -0.000073  1.000000  0.000053  0.000022  -0.000053  1.000000  0.999996  0.002555  -0.000792  -0.002554  0.999995  0.001647  0.000796  -0.001645  0.999998  0.000080  0.007451  
28.343424 0.000725  0.089865  -0.010924  0.998614  0.045915  -0.025742  -0.044848  0.998168  0.040607  0.027559  -0.039396  0.998844  -0.000321  -0.007008  0.000736  0.186089  0.080473  0.259056  2.000000  0.999995  0.002917  -0.000898  -0.002915  0.999994  0.001917  0.000904  -0.001915  0.999998  0.999983  0.005626  -0.001652  -0.005619  0.999975  0.004397  0.001677  -0.004388  0.999989  1.000000  0.000070  -0.000021  -0.000070  1.000000  0.000055  0.000021  -0.000055  1.000000  0.999995  0.002917  -0.000898  -0.002915  0.999994  0.001917  0.000904  -0.001915  0.999998  0.000081  0.007327  
28.344675 0.000723  0.089856  -0.010922  0.998604  0.046130  -0.025717  -0.045053  0.998144  0.040976  0.027559  -0.039760  0.998829  -0.000407  -0.007169  0.000786  0.190157  0.080391  0.259069  2.000000  0.999994  0.003276  -0.001006  -0.003274  0.999992  0.002195  0.001013  -0.002192  0.999997  0.999982  0.005832  -0.001643  -0.005825  0.999973  0.004525  0.001669  -0.004515  0.999988  1.000000  0.000073  -0.000021  -0.000073  1.000000  0.000057  0.000021  -0.000057  1.000000  0.999994  0.003276  -0.001006  -0.003274  0.999992  0.002195  0.001013  -0.002192  0.999997  0.000082  0.007559  
28.345923 0.000720  0.089846  -0.010921  0.998591  0.046347  -0.025830  -0.045259  0.998124  0.041229  0.027693  -0.040002  0.998816  -0.000534  -0.007314  0.000760  0.193005  0.079492  0.264018  2.000000  0.999993  0.003628  -0.001107  -0.003625  0.999990  0.002484  0.001116  -0.002480  0.999996  0.999983  0.005622  -0.001515  -0.005615  0.999973  0.004762  0.001542  -0.004753  0.999988  1.000000  0.000070  -0.000019  -0.000070  1.000000  0.000059  0.000019  -0.000059  1.000000  0.999993  0.003628  -0.001107  -0.003625  0.999990  0.002484  0.001116  -0.002480  0.999996  0.000084  0.007519  
28.347171 0.000717  0.089836  -0.010919  0.998582  0.046562  -0.025805  -0.045464  0.998100  0.041598  0.027693  -0.040365  0.998801  -0.000721  -0.007402  0.000768  0.200084  0.076430  0.261186  2.000000  0.999991  0.003959  -0.001211  -0.003956  0.999988  0.002781  0.001222  -0.002776  0.999995  0.999985  0.005216  -0.001664  -0.005208  0.999975  0.004873  0.001689  -0.004864  0.999987  1.000000  0.000065  -0.000021  -0.000065  1.000000  0.000061  0.000021  -0.000061  1.000000  0.999991  0.003959  -0.001211  -0.003956  0.999988  0.002781  0.001222  -0.002776  0.999995  0.000085  0.007327  
28.348421 0.000714  0.089827  -0.010918  0.998578  0.046577  -0.025922  -0.045464  0.998084  0.041967  0.027827  -0.040729  0.998783  -0.000962  -0.007530  0.000798  0.208722  0.079828  0.250168  2.000000  0.999990  0.004212  -0.001289  -0.004208  0.999987  0.003028  0.001302  -0.003022  0.999995  0.999987  0.004806  -0.001679  -0.004797  0.999976  0.004983  0.001703  -0.004975  0.999986  1.000000  0.000000  0.000000  0.000000  1.000000  0.000000  0.000000  0.000000  1.000000  0.999990  0.004212  -0.001289  -0.004208  0.999987  0.003028  0.001302  -0.003022  0.999995  0.000085  0.000000  
28.349670 0.000711  0.089817  -0.010917  0.998569  0.046792  -0.025896  -0.045670  0.998059  0.042335  0.027827  -0.041092  0.998768  -0.001132  -0.007508  0.000877  0.212771  0.075291  0.250010  2.000000  0.999989  0.004395  -0.001346  -0.004391  0.999985  0.003218  0.001361  -0.003212  0.999994  0.999987  0.004801  -0.001544  -0.004793  0.999975  0.005104  0.001568  -0.005097  0.999986  1.000000  0.000060  -0.000019  -0.000060  1.000000  0.000064  0.000019  -0.000064  1.000000  0.999989  0.004395  -0.001346  -0.004391  0.999985  0.003218  0.001361  -0.003212  0.999994  0.000084  0.007173  
28.350921 0.000707  0.089808  -0.010915  0.998556  0.047012  -0.026004  -0.045875  0.998034  0.042710  0.027960  -0.041455  0.998749  -0.001421  -0.007533  0.000990  0.220718  0.075497  0.243184  2.000000  0.999988  0.004622  -0.001424  -0.004617  0.999983  0.003477  0.001440  -0.003471  0.999993  0.999988  0.004596  -0.001550  -0.004587  0.999976  0.005221  0.001574  -0.005214  0.999985  1.000000  0.000057  -0.000020  -0.000057  1.000000  0.000065  0.000020  -0.000065  1.000000  0.999988  0.004622  -0.001424  -0.004617  0.999983  0.003477  0.001440  -0.003471  0.999993  0.000084  0.007123  
28.351921 0.000703  0.089800  -0.010914  0.998552  0.047024  -0.026126  -0.045875  0.998023  0.042958  0.028094  -0.041698  0.998735  -0.001602  -0.007540  0.001063  0.224615  0.075718  0.236347  2.000000  0.999987  0.004845  -0.001497  -0.004839  0.999981  0.003741  0.001515  -0.003734  0.999992  0.999989  0.004385  -0.001424  -0.004377  0.999977  0.005215  0.001447  -0.005209  0.999985  1.000000  0.000055  -0.000018  -0.000055  1.000000  0.000065  0.000018  -0.000065  1.000000  0.999987  0.004845  -0.001497  -0.004839  0.999981  0.003741  0.001515  -0.003734  0.999992  0.000083  0.006958  
28.352922 0.000700  0.089792  -0.010913  0.998543  0.047239  -0.026100  -0.046081  0.997998  0.043327  0.028094  -0.042061  0.998720  -0.001878  -0.007586  0.001111  0.234472  0.076564  0.231438  2.000000  0.999986  0.005054  -0.001572  -0.005048  0.999979  0.004008  0.001592  -0.004000  0.999991  0.999990  0.004180  -0.001431  -0.004172  0.999977  0.005331  0.001453  -0.005325  0.999985  1.000000  0.000052  -0.000018  -0.000052  1.000000  0.000067  0.000018  -0.000067  1.000000  0.999986  0.005054  -0.001572  -0.005048  0.999979  0.004008  0.001592  -0.004000  0.999991  0.000085  0.006922  
28.353924 0.000696  0.089784  -0.010913  0.998543  0.047245  -0.026088  -0.046081  0.997987  0.043569  0.028094  -0.042303  0.998710  -0.002083  -0.007628  0.001074  0.238360  0.072291  0.224346  2.000000  0.999985  0.005255  -0.001639  -0.005248  0.999977  0.004278  0.001662  -0.004269  0.999990  0.999991  0.003969  -0.001305  -0.003962  0.999978  0.005325  0.001326  -0.005320  0.999985  1.000000  0.000050  -0.000016  -0.000050  1.000000  0.000067  0.000016  -0.000067  1.000000  0.999985  0.005255  -0.001639  -0.005248  0.999977  0.004278  0.001662  -0.004269  0.999990  0.000084  0.006767  
28.355176 0.000691  0.089773  -0.010914  0.998543  0.047255  -0.026071  -0.046081  0.997971  0.043932  0.028094  -0.042667  0.998694  -0.002435  -0.007697  0.000940  0.246143  0.068280  0.210351  2.000000  0.999983  0.005483  -0.001715  -0.005475  0.999974  0.004615  0.001741  -0.004605  0.999988  0.999993  0.003552  -0.001188  -0.003546  0.999980  0.005314  0.001207  -0.005310  0.999985  1.000000  0.000044  -0.000015  -0.000044  1.000000  0.000066  0.000015  -0.000066  1.000000  0.999983  0.005483  -0.001715  -0.005475  0.999974  0.004615  0.001741  -0.004605  0.999988  0.000083  0.006500  
28.356428 0.000685  0.089763  -0.010916  0.998529  0.047475  -0.026178  -0.046286  0.997945  0.044307  0.028228  -0.043030  0.998675  -0.002759  -0.007784  0.000717  0.254120  0.068496  0.203441  2.000000  0.999982  0.005695  -0.001782  -0.005686  0.999972  0.004949  0.001810  -0.004938  0.999986  0.999994  0.003347  -0.001195  -0.003341  0.999980  0.005309  0.001213  -0.005304  0.999985  1.000000  0.000042  -0.000015  -0.000042  1.000000  0.000066  0.000015  -0.000066  1.000000  0.999982  0.005695  -0.001782  -0.005686  0.999972  0.004949  0.001810  -0.004938  0.999986  0.000083  0.006387  
28.357675 0.000680  0.089753  -0.010918  0.998529  0.047482  -0.026167  -0.046286  0.997934  0.044549  0.028228  -0.043272  0.998664  -0.003040  -0.007851  0.000478  0.255721  0.068444  0.188085  2.000000  0.999981  0.005855  -0.001834  -0.005845  0.999969  0.005220  0.001865  -0.005209  0.999985  0.999995  0.003136  -0.001069  -0.003130  0.999980  0.005424  0.001086  -0.005421  0.999985  1.000000  0.000039  -0.000013  -0.000039  1.000000  0.000068  0.000013  -0.000068  1.000000  0.999981  0.005855  -0.001834  -0.005845  0.999969  0.005220  0.001865  -0.005209  0.999985  0.000082  0.006355  
28.358924 0.000675  0.089743  -0.010921  0.998520  0.047697  -0.026140  -0.046492  0.997908  0.044917  0.028228  -0.043636  0.998649  -0.003317  -0.007898  0.000195  0.259765  0.063927  0.187919  2.000000  0.999980  0.006048  -0.001895  -0.006038  0.999966  0.005561  0.001928  -0.005549  0.999983  0.999995  0.002925  -0.000943  -0.002920  0.999981  0.005418  0.000959  -0.005415  0.999985  1.000000  0.000037  -0.000012  -0.000037  1.000000  0.000068  0.000012  -0.000068  1.000000  0.999980  0.006048  -0.001895  -0.006038  0.999966  0.005561  0.001928  -0.005549  0.999983  0.000082  0.006228  
28.360174 0.000668  0.089733  -0.010923  0.998520  0.047706  -0.026123  -0.046492  0.997892  0.045281  0.028228  -0.043999  0.998633  -0.003581  -0.007946  -0.000123  0.261404  0.060737  0.168609  2.000000  0.999979  0.006219  -0.001951  -0.006207  0.999963  0.005899  0.001987  -0.005887  0.999981  0.999997  0.002508  -0.000827  -0.002504  0.999982  0.005407  0.000841  -0.005405  0.999985  1.000000  0.000031  -0.000010  -0.000031  1.000000  0.000068  0.000010  -0.000068  1.000000  0.999979  0.006219  -0.001951  -0.006207  0.999963  0.005899  0.001987  -0.005887  0.999981  0.000080  0.006016  
28.361425 0.000663  0.089724  -0.010926  0.998520  0.047716  -0.026105  -0.046492  0.997875  0.045644  0.028228  -0.044362  0.998617  -0.003783  -0.007944  -0.000404  0.265261  0.051968  0.161318  2.000000  0.999978  0.006368  -0.002001  -0.006356  0.999960  0.006239  0.002041  -0.006226  0.999979  0.999997  0.002303  -0.000835  -0.002298  0.999982  0.005522  0.000848  -0.005520  0.999984  1.000000  0.000029  -0.000011  -0.000029  1.000000  0.000069  0.000011  -0.000069  1.000000  0.999978  0.006368  -0.002001  -0.006356  0.999960  0.006239  0.002041  -0.006226  0.999979  0.000078  0.006040  
28.362429 0.000658  0.089716  -0.010928  0.998520  0.047722  -0.026094  -0.046492  0.997864  0.045886  0.028228  -0.044605  0.998606  -0.003920  -0.007909  -0.000569  0.264868  0.047995  0.147312  2.000000  0.999977  0.006476  -0.002037  -0.006462  0.999958  0.006513  0.002079  -0.006500  0.999977  0.999998  0.002092  -0.000710  -0.002088  0.999983  0.005395  0.000722  -0.005394  0.999985  1.000000  0.000026  -0.000009  -0.000026  1.000000  0.000067  0.000009  -0.000067  1.000000  0.999977  0.006476  -0.002037  -0.006462  0.999958  0.006513  0.002079  -0.006500  0.999977  0.000077  0.005829  
28.363674 0.000651  0.089707  -0.010930  0.998510  0.047934  -0.026073  -0.046697  0.997843  0.046133  0.028228  -0.044847  0.998595  -0.004131  -0.007868  -0.000819  0.260962  0.043800  0.140421  2.000000  0.999976  0.006602  -0.002079  -0.006588  0.999955  0.006855  0.002125  -0.006841  0.999974  0.999998  0.002092  -0.000710  -0.002088  0.999983  0.005516  0.000721  -0.005515  0.999985  1.000000  0.000026  -0.000009  -0.000026  1.000000  0.000069  0.000009  -0.000069  1.000000  0.999976  0.006602  -0.002079  -0.006588  0.999955  0.006855  0.002125  -0.006841  0.999974  0.000076  0.005942  
28.364920 0.000645  0.089698  -0.010933  0.998510  0.047943  -0.026055  -0.046697  0.997826  0.046496  0.028228  -0.045210  0.998579  -0.004368  -0.007837  -0.001157  0.262362  0.039172  0.132069  2.000000  0.999975  0.006718  -0.002114  -0.006702  0.999952  0.007203  0.002162  -0.007188  0.999972  0.999998  0.001675  -0.000594  -0.001672  0.999983  0.005626  0.000603  -0.005625  0.999984  1.000000  0.000021  -0.000007  -0.000021  1.000000  0.000070  0.000007  -0.000070  1.000000  0.999975  0.006718  -0.002114  -0.006702  0.999952  0.007203  0.002162  -0.007188  0.999972  0.000075  0.005900  
28.365921 0.000640  0.089691  -0.010935  0.998510  0.047953  -0.026038  -0.046697  0.997809  0.046859  0.028228  -0.045574  0.998562  -0.004479  -0.007762  -0.001383  0.264215  0.035540  0.119193  2.000000  0.999975  0.006781  -0.002135  -0.006765  0.999950  0.007414  0.002185  -0.007399  0.999970  0.999998  0.001675  -0.000593  -0.001672  0.999983  0.005626  0.000603  -0.005625  0.999984  1.000000  0.000021  -0.000007  -0.000021  1.000000  0.000070  0.000007  -0.000070  1.000000  0.999975  0.006781  -0.002135  -0.006765  0.999950  0.007414  0.002185  -0.007399  0.999970  0.000074  0.005900  
28.367170 0.000634  0.089683  -0.010937  0.998506  0.047968  -0.026154  -0.046697  0.997792  0.047229  0.028362  -0.045937  0.998542  -0.004611  -0.007668  -0.001548  0.265874  0.039952  0.111543  2.000000  0.999974  0.006873  -0.002171  -0.006856  0.999946  0.007771  0.002224  -0.007756  0.999967  0.999999  0.001470  -0.000602  -0.001466  0.999982  0.005742  0.000611  -0.005741  0.999983  1.000000  0.000018  -0.000008  -0.000018  1.000000  0.000072  0.000008  -0.000072  1.000000  0.999974  0.006873  -0.002171  -0.006856  0.999946  0.007771  0.002224  -0.007756  0.999967  0.000073  0.005957  
28.368170 0.000628  0.089676  -0.010939  0.998506  0.047975  -0.026142  -0.046697  0.997780  0.047471  0.028362  -0.046179  0.998530  -0.004718  -0.007591  -0.001769  0.266013  0.035802  0.104637  2.000000  0.999974  0.006940  -0.002199  -0.006922  0.999944  0.008057  0.002255  -0.008041  0.999965  0.999999  0.001264  -0.000611  -0.001261  0.999983  0.005736  0.000618  -0.005735  0.999983  1.000000  0.000016  -0.000008  -0.000016  1.000000  0.000072  0.000008  -0.000072  1.000000  0.999974  0.006940  -0.002199  -0.006922  0.999944  0.008057  0.002255  -0.008041  0.999965  0.000073  0.005905  
28.369421 0.000622  0.089668  -0.010943  0.998506  0.047984  -0.026125  -0.046697  0.997763  0.047834  0.028362  -0.046542  0.998514  -0.004831  -0.007421  -0.001965  0.269369  0.031856  0.090625  2.000000  0.999973  0.007017  -0.002229  -0.006998  0.999940  0.008419  0.002288  -0.008403  0.999962  0.999999  0.001053  -0.000487  -0.001050  0.999982  0.005851  0.000493  -0.005851  0.999983  1.000000  0.000013  -0.000006  -0.000013  1.000000  0.000073  0.000006  -0.000073  1.000000  0.999973  0.007017  -0.002229  -0.006998  0.999940  0.008419  0.002288  -0.008403  0.999962  0.000072  0.005965  
28.370428 0.000617  0.089661  -0.010946  0.998506  0.047994  -0.026107  -0.046697  0.997746  0.048197  0.028362  -0.046906  0.998497  -0.004892  -0.007290  -0.002112  0.275448  0.032384  0.084464  2.000000  0.999972  0.007070  -0.002251  -0.007050  0.999937  0.008708  0.002312  -0.008692  0.999960  0.999999  0.001053  -0.000486  -0.001050  0.999983  0.005730  0.000492  -0.005730  0.999983  1.000000  0.000013  -0.000006  -0.000013  1.000000  0.000072  0.000006  -0.000072  1.000000  0.999972  0.007070  -0.002251  -0.007050  0.999937  0.008708  0.002312  -0.008692  0.999960  0.000072  0.005846  
28.371671 0.000610  0.089653  -0.010950  0.998510  0.047997  -0.025956  -0.046697  0.997728  0.048554  0.028228  -0.047269  0.998483  -0.004963  -0.007142  -0.002276  0.277097  0.023482  0.076557  2.000000  0.999972  0.007128  -0.002271  -0.007107  0.999934  0.009066  0.002336  -0.009050  0.999956  1.000000  0.000841  -0.000362  -0.000839  0.999983  0.005724  0.000367  -0.005724  0.999984  1.000000  0.000011  -0.000005  -0.000011  1.000000  0.000072  0.000005  -0.000072  1.000000  0.999972  0.007128  -0.002271  -0.007107  0.999934  0.009066  0.002336  -0.009050  0.999956  0.000072  0.005797  
28.372677 0.000605  0.089648  -0.010954  0.998510  0.048003  -0.025945  -0.046697  0.997717  0.048796  0.028228  -0.047512  0.998472  -0.004981  -0.007005  -0.002399  0.275075  0.023950  0.070275  2.000000  0.999972  0.007170  -0.002277  -0.007149  0.999931  0.009351  0.002344  -0.009334  0.999954  1.000000  0.000829  -0.000095  -0.000828  0.999984  0.005603  0.000099  -0.005603  0.999984  1.000000  0.000010  -0.000001  -0.000010  1.000000  0.000070  0.000001  -0.000070  1.000000  0.999972  0.007170  -0.002277  -0.007149  0.999931  0.009351  0.002344  -0.009334  0.999954  0.000071  0.005665  
28.373930 0.000600  0.089640  -0.010958  0.998510  0.048009  -0.025933  -0.046697  0.997705  0.049038  0.028228  -0.047754  0.998460  -0.005009  -0.006848  -0.002532  0.274861  0.019741  0.063169  2.000000  0.999971  0.007205  -0.002280  -0.007182  0.999928  0.009635  0.002350  -0.009619  0.999951  1.000000  0.000623  -0.000104  -0.000622  0.999983  0.005718  0.000108  -0.005718  0.999984  1.000000  0.000008  -0.000001  -0.000008  1.000000  0.000071  0.000001  -0.000071  1.000000  0.999971  0.007205  -0.002280  -0.007182  0.999928  0.009635  0.002350  -0.009619  0.999951  0.000071  0.005753  
28.375173 0.000595  0.089633  -0.010962  0.998510  0.048019  -0.025916  -0.046697  0.997687  0.049401  0.028228  -0.048117  0.998443  -0.004922  -0.006654  -0.002630  0.278604  0.020334  0.049365  2.000000  0.999971  0.007244  -0.002284  -0.007221  0.999924  0.009987  0.002357  -0.009970  0.999948  1.000000  0.000623  -0.000104  -0.000622  0.999984  0.005597  0.000107  -0.005597  0.999984  1.000000  0.000008  -0.000001  -0.000008  1.000000  0.000070  0.000001  -0.000070  1.000000  0.999971  0.007244  -0.002284  -0.007221  0.999924  0.009987  0.002357  -0.009970  0.999948  0.000071  0.005633  
28.376425 0.000589  0.089626  -0.010967  0.998510  0.048025  -0.025904  -0.046697  0.997675  0.049643  0.028228  -0.048359  0.998431  -0.004900  -0.006502  -0.002769  0.274524  0.015826  0.049171  2.000000  0.999971  0.007282  -0.002289  -0.007258  0.999920  0.010337  0.002364  -0.010320  0.999944  1.000000  0.000418  -0.000114  -0.000417  0.999984  0.005591  0.000116  -0.005591  0.999984  1.000000  0.000005  -0.000001  -0.000005  1.000000  0.000070  0.000001  -0.000070  1.000000  0.999971  0.007282  -0.002289  -0.007258  0.999920  0.010337  0.002364  -0.010320  0.999944  0.000070  0.005608  
28.377675 0.000585  0.089620  -0.010972  0.998510  0.048035  -0.025886  -0.046697  0.997657  0.050006  0.028228  -0.048723  0.998413  -0.004758  -0.006288  -0.002923  0.274281  0.011622  0.042057  2.000000  0.999971  0.007308  -0.002287  -0.007283  0.999916  0.010680  0.002364  -0.010663  0.999940  1.000000  0.000411  0.000020  -0.000411  0.999985  0.005470  -0.000018  -0.005470  0.999985  1.000000  0.000005  0.000000  -0.000005  1.000000  0.000068  -0.000000  -0.000068  1.000000  0.999971  0.007308  -0.002287  -0.007283  0.999916  0.010680  0.002364  -0.010663  0.999940  0.000069  0.005485  
28.378924 0.000579  0.089612  -0.010977  0.998514  0.048037  -0.025735  -0.046697  0.997639  0.050363  0.028094  -0.049086  0.998399  -0.004700  -0.006204  -0.003072  0.278237  0.007430  0.034959  2.000000  0.999971  0.007327  -0.002277  -0.007301  0.999913  0.011020  0.002357  -0.011003  0.999937  1.000000  0.000199  0.000144  -0.000200  0.999985  0.005464  -0.000143  -0.005464  0.999985  1.000000  0.000002  0.000002  -0.000002  1.000000  0.000068  -0.000002  -0.000068  1.000000  0.999971  0.007327  -0.002277  -0.007301  0.999913  0.011020  0.002357  -0.011003  0.999937  0.000070  0.005470  
28.380174 0.000575  0.089606  -0.010982  0.998514  0.048044  -0.025724  -0.046697  0.997626  0.050605  0.028094  -0.049328  0.998387  -0.004566  -0.006056  -0.003263  0.274312  0.002928  0.034776  2.000000  0.999970  0.007340  -0.002265  -0.007314  0.999909  0.011361  0.002348  -0.011345  0.999933  1.000000  0.000199  0.000144  -0.000200  0.999985  0.005464  -0.000143  -0.005464  0.999985  1.000000  0.000002  0.000002  -0.000002  1.000000  0.000068  -0.000002  -0.000068  1.000000  0.999970  0.007340  -0.002265  -0.007314  0.999909  0.011361  0.002348  -0.011345  0.999933  0.000069  0.005470  
28.381420 0.000570  0.089599  -0.010986  0.998514  0.048053  -0.025706  -0.046697  0.997608  0.050968  0.028094  -0.049692  0.998369  -0.004481  -0.005969  -0.003374  0.273965  0.003230  0.027847  2.000000  0.999970  0.007353  -0.002254  -0.007326  0.999905  0.011706  0.002339  -0.011689  0.999929  1.000000  0.000199  0.000144  -0.000200  0.999984  0.005585  -0.000143  -0.005585  0.999984  1.000000  0.000002  0.000002  -0.000002  1.000000  0.000070  -0.000002  -0.000070  1.000000  0.999970  0.007353  -0.002254  -0.007326  0.999905  0.011706  0.002339  -0.011689  0.999929  0.000069  0.005591  
28.382421 0.000566  0.089593  -0.010989  0.998514  0.048062  -0.025689  -0.046697  0.997589  0.051331  0.028094  -0.050055  0.998351  -0.004412  -0.005880  -0.003424  0.273755  -0.000955  0.020730  2.000000  0.999970  0.007361  -0.002247  -0.007334  0.999902  0.011914  0.002334  -0.011897  0.999927  1.000000  0.000199  0.000144  -0.000200  0.999984  0.005585  -0.000143  -0.005585  0.999984  1.000000  0.000002  0.000002  -0.000002  1.000000  0.000070  -0.000002  -0.000070  1.000000  0.999970  0.007361  -0.002247  -0.007334  0.999902  0.011914  0.002334  -0.011897  0.999927  0.000068  0.005591  
28.383423 0.000562  0.089588  -0.010991  0.998514  0.048069  -0.025677  -0.046697  0.997577  0.051573  0.028094  -0.050297  0.998339  -0.004312  -0.005763  -0.003433  0.273727  -0.000960  0.020728  2.000000  0.999970  0.007369  -0.002240  -0.007341  0.999900  0.012125  0.002329  -0.012108  0.999924  1.000000  0.000199  0.000144  -0.000200  0.999984  0.005585  -0.000143  -0.005585  0.999984  1.000000  0.000002  0.000002  -0.000002  1.000000  0.000070  -0.000002  -0.000070  1.000000  0.999970  0.007369  -0.002240  -0.007341  0.999900  0.012125  0.002329  -0.012108  0.999924  0.000068  0.005591  
28.384430 0.000558  0.089583  -0.010994  0.998514  0.048075  -0.025666  -0.046697  0.997564  0.051815  0.028094  -0.050539  0.998327  -0.004219  -0.005640  -0.003427  0.269569  -0.000966  0.020721  2.000000  0.999970  0.007372  -0.002231  -0.007344  0.999896  0.012410  0.002322  -0.012393  0.999921  1.000000  -0.000007  0.000134  0.000006  0.999984  0.005701  -0.000134  -0.005701  0.999984  1.000000  -0.000000  0.000002  0.000000  1.000000  0.000071  -0.000002  -0.000071  1.000000  0.999970  0.007372  -0.002231  -0.007344  0.999896  0.012410  0.002322  -0.012393  0.999921  0.000069  0.005703  
28.385672 0.000554  0.089578  -0.010997  0.998514  0.048084  -0.025648  -0.046697  0.997545  0.052178  0.028094  -0.050903  0.998308  -0.004110  -0.005475  -0.003311  0.271289  -0.000643  0.013705  2.000000  0.999970  0.007372  -0.002220  -0.007343  0.999892  0.012766  0.002314  -0.012749  0.999916  1.000000  -0.000007  0.000134  0.000006  0.999984  0.005701  -0.000134  -0.005701  0.999984  1.000000  -0.000000  0.000002  0.000000  1.000000  0.000071  -0.000002  -0.000071  1.000000  0.999970  0.007372  -0.002220  -0.007343  0.999892  0.012766  0.002314  -0.012749  0.999916  0.000068  0.005703  
