1-Time 2-Px 3-Py 4-Pz 5-R11 6-R21 7-R31 8-R12 9-R22 10-R32 11-R13 12-R23 13-R33 14-Vx 15-Vy 16-Vz 17-Wx 18-Wy 19-Wz 20-state 21-PR11 22-PR21 23-PR31 24-PR12 25-PR22 26-PR32 27-PR13 28-PR23 29-PR33 
117.204897 0.008041  0.092937  0.000436  0.999266  0.015015  -0.035230  -0.014813  0.999872  0.005981  0.035316  -0.005455  0.999361  0.001869  0.000368  -0.001241  0.000000  0.000000  0.000000  2.000000  1.000000  0.000000  0.000000  0.000000  1.000000  0.000000  0.000000  0.000000  1.000000  1.000000  -0.000001  0.000134  0.000001  1.000000  0.000000  -0.000134  0.000000  1.000000  1.000000  0.000000  0.000000  0.000000  1.000000  0.000000  0.000000  0.000000  1.000000  0.558290  0.820932  -0.119928  -0.803207  0.571023  0.169678  0.207776  0.001598  0.978175  0.000000  0.000000  
117.205905 0.008043  0.092937  0.000434  0.999266  0.015015  -0.035230  -0.014813  0.999872  0.005981  0.035316  -0.005455  0.999361  0.001876  0.000342  -0.001229  0.000000  0.000000  0.000000  2.000000  1.000000  0.000000  0.000000  0.000000  1.000000  0.000000  0.000000  0.000000  1.000000  1.000000  -0.000206  0.000133  0.000206  1.000000  -0.000129  -0.000133  0.000129  1.000000  1.000000  0.000000  0.000000  0.000000  1.000000  0.000000  0.000000  0.000000  1.000000  1.000000  0.000000  0.000000  0.000000  1.000000  0.000000  0.000000  0.000000  1.000000  0.000000  0.000000  
117.207156 0.008047  0.092937  0.000433  0.999262  0.015015  -0.035364  -0.014813  0.999872  0.005983  0.035449  -0.005455  0.999357  0.001960  0.000287  -0.001238  0.000000  0.000000  0.000000  2.000000  1.000000  0.000000  0.000000  0.000000  1.000000  0.000000  0.000000  0.000000  1.000000  1.000000  -0.000206  -0.000001  0.000206  1.000000  -0.000129  0.000001  0.000129  1.000000  1.000000  0.000000  0.000000  0.000000  1.000000  0.000000  0.000000  0.000000  1.000000  1.000000  0.000000  0.000000  0.000000  1.000000  0.000000  0.000000  0.000000  1.000000  0.000000  0.000000  
117.208396 0.008051  0.092936  0.000431  0.999257  0.015016  -0.035498  -0.014813  0.999872  0.005985  0.035583  -0.005455  0.999352  0.002108  0.000206  -0.001237  0.000000  0.000000  0.000000  2.000000  1.000000  0.000000  0.000000  0.000000  1.000000  0.000000  0.000000  0.000000  1.000000  1.000000  -0.000205  -0.000135  0.000205  1.000000  -0.000129  0.000135  0.000129  1.000000  1.000000  0.000000  0.000000  0.000000  1.000000  0.000000  0.000000  0.000000  1.000000  1.000000  0.000000  0.000000  0.000000  1.000000  0.000000  0.000000  0.000000  1.000000  0.000000  0.000000  
117.209402 0.008054  0.092935  0.000430  0.999252  0.015017  -0.035631  -0.014813  0.999872  0.005987  0.035717  -0.005455  0.999347  0.002199  0.000126  -0.001234  0.000000  0.000000  0.000000  2.000000  1.000000  0.000000  0.000000  0.000000  1.000000  0.000000  0.000000  0.000000  1.000000  1.000000  -0.000409  -0.000404  0.000409  1.000000  -0.000136  0.000404  0.000136  1.000000  1.000000  0.000000  0.000000  0.000000  1.000000  0.000000  0.000000  0.000000  1.000000  1.000000  0.000000  0.000000  0.000000  1.000000  0.000000  0.000000  0.000000  1.000000  0.000000  0.000000  
117.210406 0.008058  0.092934  0.000428  0.999247  0.015018  -0.035765  -0.014813  0.999872  0.005989  0.035850  -0.005455  0.999342  0.002328  0.000012  -0.001287  0.000000  0.000000  0.000000  2.000000  1.000000  0.000000  0.000000  0.000000  1.000000  0.000000  0.000000  0.000000  1.000000  1.000000  -0.000409  -0.000537  0.000408  1.000000  -0.000136  0.000537  0.000136  1.000000  1.000000  0.000000  0.000000  0.000000  1.000000  0.000000  0.000000  0.000000  1.000000  1.000000  0.000000  0.000000  0.000000  1.000000  0.000000  0.000000  0.000000  1.000000  0.000000  0.000000  
117.211649 0.008065  0.092934  0.000426  0.999240  0.015229  -0.035896  -0.015018  0.999868  0.006120  0.035984  -0.005576  0.999337  0.002597  -0.000075  -0.001318  0.000000  0.000000  0.000000  2.000000  1.000000  0.000000  0.000000  0.000000  1.000000  0.000000  0.000000  0.000000  1.000000  1.000000  -0.000202  -0.000670  0.000202  1.000000  -0.000007  0.000670  0.000007  1.000000  1.000000  0.000000  0.000000  0.000000  1.000000  0.000000  0.000000  0.000000  1.000000  1.000000  0.000000  0.000000  0.000000  1.000000  0.000000  0.000000  0.000000  1.000000  0.000000  0.000000  
117.212649 0.008070  0.092933  0.000425  0.999235  0.015229  -0.036029  -0.015018  0.999868  0.006122  0.036118  -0.005576  0.999332  0.002819  -0.000103  -0.001305  0.000000  0.000000  0.000000  2.000000  1.000000  0.000000  0.000000  0.000000  1.000000  0.000000  0.000000  0.000000  1.000000  1.000000  -0.000201  -0.000804  0.000201  1.000000  -0.000007  0.000804  0.000007  1.000000  1.000000  0.000000  0.000000  0.000000  1.000000  0.000000  0.000000  0.000000  1.000000  1.000000  0.000000  0.000000  0.000000  1.000000  0.000000  0.000000  0.000000  1.000000  0.000000  0.000000  
117.213898 0.008076  0.092932  0.000424  0.999227  0.015436  -0.036162  -0.015224  0.999865  0.006131  0.036251  -0.005576  0.999327  0.003095  -0.000215  -0.001324  0.000000  0.000000  0.000000  2.000000  1.000000  0.000000  0.000000  0.000000  1.000000  0.000000  0.000000  0.000000  1.000000  1.000000  0.000004  -0.000803  -0.000004  1.000000  0.000000  0.000803  0.000000  1.000000  1.000000  0.000000  0.000000  0.000000  1.000000  0.000000  0.000000  0.000000  1.000000  1.000000  0.000000  0.000000  0.000000  1.000000  0.000000  0.000000  0.000000  1.000000  0.000000  0.000000  
117.214902 0.008082  0.092931  0.000422  0.999222  0.015437  -0.036295  -0.015224  0.999865  0.006133  0.036385  -0.005576  0.999322  0.003362  -0.000302  -0.001354  0.000000  0.000000  0.000000  2.000000  1.000000  0.000000  0.000000  0.000000  1.000000  0.000000  0.000000  0.000000  1.000000  1.000000  0.000005  -0.000937  -0.000005  1.000000  0.000000  0.000937  0.000000  1.000000  1.000000  0.000000  0.000000  0.000000  1.000000  0.000000  0.000000  0.000000  1.000000  1.000000  0.000000  0.000000  0.000000  1.000000  0.000000  0.000000  0.000000  1.000000  0.000000  0.000000  
117.216151 0.008090  0.092931  0.000420  0.999214  0.015639  -0.036430  -0.015429  0.999863  0.006022  0.036519  -0.005455  0.999318  0.003736  -0.000307  -0.001352  0.000000  0.000000  0.000000  2.000000  1.000000  0.000000  0.000000  0.000000  1.000000  0.000000  0.000000  0.000000  1.000000  0.999999  0.000212  -0.001203  -0.000212  1.000000  -0.000114  0.001203  0.000114  0.999999  1.000000  0.000000  0.000000  0.000000  1.000000  0.000000  0.000000  0.000000  1.000000  1.000000  0.000000  0.000000  0.000000  1.000000  0.000000  0.000000  0.000000  1.000000  0.000000  0.000000  
117.217398 0.008097  0.092931  0.000418  0.999209  0.015640  -0.036563  -0.015429  0.999863  0.006024  0.036653  -0.005455  0.999313  0.004063  -0.000350  -0.001442  0.000000  0.000000  0.000000  2.000000  1.000000  0.000000  0.000000  0.000000  1.000000  0.000000  0.000000  0.000000  1.000000  0.999999  0.000419  -0.001336  -0.000419  1.000000  -0.000106  0.001336  0.000107  0.999999  1.000000  0.000000  0.000000  0.000000  1.000000  0.000000  0.000000  0.000000  1.000000  1.000000  0.000000  0.000000  0.000000  1.000000  0.000000  0.000000  0.000000  1.000000  0.000000  0.000000  
117.218403 0.008104  0.092932  0.000415  0.999196  0.015847  -0.036830  -0.015635  0.999860  0.006035  0.036920  -0.005455  0.999303  0.004413  -0.000304  -0.001461  0.000000  0.000000  0.000000  2.000000  1.000000  0.000000  0.000000  0.000000  1.000000  0.000000  0.000000  0.000000  1.000000  0.999999  0.000625  -0.001468  -0.000625  1.000000  0.000023  0.001468  -0.000022  0.999999  1.000000  0.000000  0.000000  0.000000  1.000000  0.000000  0.000000  0.000000  1.000000  1.000000  0.000000  0.000000  0.000000  1.000000  0.000000  0.000000  0.000000  1.000000  0.000000  0.000000  
117.219648 0.008112  0.092931  0.000412  0.999188  0.016053  -0.036962  -0.015841  0.999856  0.006045  0.037054  -0.005455  0.999298  0.004805  -0.000435  -0.001615  0.000000  0.000000  0.000000  2.000000  1.000000  0.000000  0.000000  0.000000  1.000000  0.000000  0.000000  0.000000  1.000000  0.999998  0.000627  -0.001736  -0.000627  1.000000  0.000023  0.001736  -0.000022  0.999998  1.000000  0.000000  0.000000  0.000000  1.000000  0.000000  0.000000  0.000000  1.000000  1.000000  0.000000  0.000000  0.000000  1.000000  0.000000  0.000000  0.000000  1.000000  0.000000  0.000000  
117.220896 0.008121  0.092930  0.000409  0.999178  0.016059  -0.037227  -0.015840  0.999855  0.006171  0.037321  -0.005576  0.999288  0.005206  -0.000452  -0.001719  0.000000  0.000000  0.000000  2.000000  1.000000  0.000000  0.000000  0.000000  1.000000  0.000000  0.000000  0.000000  1.000000  0.999998  0.000834  -0.002002  -0.000834  1.000000  0.000152  0.002002  -0.000150  0.999998  1.000000  0.000000  0.000000  0.000000  1.000000  0.000000  0.000000  0.000000  1.000000  1.000000  0.000000  0.000000  0.000000  1.000000  0.000000  0.000000  0.000000  1.000000  0.000000  0.000000  
117.221901 0.008129  0.092930  0.000406  0.999169  0.016266  -0.037360  -0.016046  0.999852  0.006180  0.037455  -0.005576  0.999283  0.005532  -0.000498  -0.001837  0.000000  0.000000  0.000000  2.000000  1.000000  0.000000  0.000000  0.000000  1.000000  0.000000  0.000000  0.000000  1.000000  0.999997  0.001041  -0.002135  -0.001040  0.999999  0.000160  0.002135  -0.000158  0.999998  1.000000  0.000000  0.000000  0.000000  1.000000  0.000000  0.000000  0.000000  1.000000  1.000000  0.000000  0.000000  0.000000  1.000000  0.000000  0.000000  0.000000  1.000000  0.000000  0.000000  
117.222902 0.008137  0.092929  0.000403  0.999156  0.016473  -0.037626  -0.016252  0.999849  0.006192  0.037722  -0.005576  0.999273  0.005908  -0.000515  -0.001900  0.000000  0.000000  0.000000  2.000000  1.000000  0.000000  0.000000  0.000000  1.000000  0.000000  0.000000  0.000000  1.000000  0.999997  0.001247  -0.002268  -0.001247  0.999999  0.000168  0.002268  -0.000165  0.999997  1.000000  0.000000  0.000000  0.000000  1.000000  0.000000  0.000000  0.000000  1.000000  1.000000  0.000000  0.000000  0.000000  1.000000  0.000000  0.000000  0.000000  1.000000  0.000000  0.000000  
117.224165 0.008147  0.092928  0.000401  0.999148  0.016680  -0.037758  -0.016457  0.999845  0.006202  0.037856  -0.005576  0.999268  0.006276  -0.000474  -0.001954  0.000000  0.000000  0.000000  2.000000  1.000000  0.000000  0.000000  0.000000  1.000000  0.000000  0.000000  0.000000  1.000000  0.999995  0.001660  -0.002533  -0.001660  0.999999  0.000184  0.002533  -0.000179  0.999997  1.000000  0.000000  0.000000  0.000000  1.000000  0.000000  0.000000  0.000000  1.000000  1.000000  0.000000  0.000000  0.000000  1.000000  0.000000  0.000000  0.000000  1.000000  0.000000  0.000000  
117.225398 0.008158  0.092927  0.000398  0.999134  0.016892  -0.038022  -0.016663  0.999841  0.006336  0.038123  -0.005697  0.999257  0.006639  -0.000506  -0.001977  0.000000  0.000000  0.000000  2.000000  1.000000  0.000000  0.000000  0.000000  1.000000  0.000000  0.000000  0.000000  1.000000  0.999995  0.001662  -0.002800  -0.001661  0.999999  0.000305  0.002801  -0.000301  0.999996  1.000000  0.000000  0.000000  0.000000  1.000000  0.000000  0.000000  0.000000  1.000000  1.000000  0.000000  0.000000  0.000000  1.000000  0.000000  0.000000  0.000000  1.000000  0.000000  0.000000  
117.226406 0.008166  0.092925  0.000396  0.999124  0.016893  -0.038290  -0.016662  0.999841  0.006340  0.038391  -0.005697  0.999247  0.006843  -0.000574  -0.002051  0.000000  0.000000  0.000000  2.000000  1.000000  0.000000  0.000000  0.000000  1.000000  0.000000  0.000000  0.000000  1.000000  0.999994  0.001869  -0.003067  -0.001868  0.999998  0.000314  0.003067  -0.000308  0.999995  1.000000  0.000000  0.000000  0.000000  1.000000  0.000000  0.000000  0.000000  1.000000  1.000000  0.000000  0.000000  0.000000  1.000000  0.000000  0.000000  0.000000  1.000000  0.000000  0.000000  
117.227653 0.008176  0.092923  0.000393  0.999105  0.017101  -0.038689  -0.016868  0.999838  0.006355  0.038792  -0.005697  0.999231  0.007152  -0.000697  -0.002138  0.000000  0.000000  0.000000  2.000000  1.000000  0.000000  0.000000  0.000000  1.000000  0.000000  0.000000  0.000000  1.000000  0.999993  0.002076  -0.003199  -0.002075  0.999998  0.000322  0.003200  -0.000316  0.999995  1.000000  0.000000  0.000000  0.000000  1.000000  0.000000  0.000000  0.000000  1.000000  1.000000  0.000000  0.000000  0.000000  1.000000  0.000000  0.000000  0.000000  1.000000  0.000000  0.000000  
117.228903 0.008187  0.092920  0.000390  0.999091  0.017309  -0.038956  -0.017073  0.999834  0.006367  0.039059  -0.005697  0.999221  0.007410  -0.000843  -0.002212  0.000000  0.000000  0.000000  2.000000  1.000000  0.000000  0.000000  0.000000  1.000000  0.000000  0.000000  0.000000  1.000000  0.999992  0.002282  -0.003332  -0.002281  0.999997  0.000331  0.003333  -0.000323  0.999994  1.000000  0.000000  0.000000  0.000000  1.000000  0.000000  0.000000  0.000000  1.000000  1.000000  0.000000  0.000000  0.000000  1.000000  0.000000  0.000000  0.000000  1.000000  0.000000  0.000000  
117.230150 0.008198  0.092916  0.000387  0.999077  0.017521  -0.039219  -0.017279  0.999830  0.006501  0.039327  -0.005818  0.999209  0.007627  -0.000983  -0.002315  0.000000  0.000000  0.000000  2.000000  1.000000  0.000000  0.000000  0.000000  1.000000  0.000000  0.000000  0.000000  1.000000  0.999990  0.002490  -0.003598  -0.002488  0.999997  0.000461  0.003599  -0.000452  0.999993  1.000000  0.000000  0.000000  0.000000  1.000000  0.000000  0.000000  0.000000  1.000000  1.000000  0.000000  0.000000  0.000000  1.000000  0.000000  0.000000  0.000000  1.000000  0.000000  0.000000  
117.231152 0.008207  0.092914  0.000384  0.999063  0.017728  -0.039485  -0.017484  0.999826  0.006514  0.039594  -0.005818  0.999199  0.007858  -0.001123  -0.002473  0.000000  0.000000  0.000000  2.000000  1.000000  0.000000  0.000000  0.000000  1.000000  0.000000  0.000000  0.000000  1.000000  0.999990  0.002696  -0.003597  -0.002694  0.999996  0.000470  0.003598  -0.000460  0.999993  1.000000  0.000000  0.000000  0.000000  1.000000  0.000000  0.000000  0.000000  1.000000  1.000000  0.000000  0.000000  0.000000  1.000000  0.000000  0.000000  0.000000  1.000000  0.000000  0.000000  
117.232399 0.008218  0.092912  0.000380  0.999054  0.017935  -0.039618  -0.017690  0.999822  0.006525  0.039728  -0.005818  0.999194  0.008083  -0.001319  -0.002525  0.000000  0.000000  0.000000  2.000000  1.000000  0.000000  0.000000  0.000000  1.000000  0.000000  0.000000  0.000000  1.000000  0.999989  0.002696  -0.003731  -0.002695  0.999996  0.000349  0.003732  -0.000339  0.999993  1.000000  0.000000  0.000000  0.000000  1.000000  0.000000  0.000000  0.000000  1.000000  1.000000  0.000000  0.000000  0.000000  1.000000  0.000000  0.000000  0.000000  1.000000  0.000000  0.000000  
117.233648 0.008230  0.092910  0.000376  0.999040  0.018142  -0.039884  -0.017895  0.999818  0.006538  0.039995  -0.005818  0.999183  0.008345  -0.001466  -0.002600  0.000000  0.000000  0.000000  2.000000  1.000000  0.000000  0.000000  0.000000  1.000000  0.000000  0.000000  0.000000  1.000000  0.999989  0.002697  -0.003864  -0.002696  0.999996  0.000350  0.003865  -0.000339  0.999992  1.000000  0.000000  0.000000  0.000000  1.000000  0.000000  0.000000  0.000000  1.000000  1.000000  0.000000  0.000000  0.000000  1.000000  0.000000  0.000000  0.000000  1.000000  0.000000  0.000000  
117.234896 0.008242  0.092907  0.000372  0.999025  0.018350  -0.040150  -0.018101  0.999815  0.006551  0.040263  -0.005818  0.999172  0.008550  -0.001610  -0.002646  0.000000  0.000000  0.000000  2.000000  1.000000  0.000000  0.000000  0.000000  1.000000  0.000000  0.000000  0.000000  1.000000  0.999988  0.002904  -0.003997  -0.002902  0.999996  0.000359  0.003998  -0.000347  0.999992  1.000000  0.000000  0.000000  0.000000  1.000000  0.000000  0.000000  0.000000  1.000000  1.000000  0.000000  0.000000  0.000000  1.000000  0.000000  0.000000  0.000000  1.000000  0.000000  0.000000  
117.235898 0.008250  0.092905  0.000368  0.999011  0.018557  -0.040416  -0.018306  0.999811  0.006564  0.040530  -0.005817  0.999161  0.008599  -0.001717  -0.002662  0.016557  0.173317  0.117582  2.000000  1.000000  0.000000  0.000000  0.000000  1.000000  0.000000  0.000000  0.000000  1.000000  0.999987  0.002904  -0.004131  -0.002902  0.999996  0.000481  0.004132  -0.000469  0.999991  1.000000  0.000000  0.000000  0.000000  1.000000  0.000000  0.000000  0.000000  1.000000  1.000000  0.000000  0.000000  0.000000  1.000000  0.000000  0.000000  0.000000  1.000000  0.000053  0.000000  
117.237146 0.008262  0.092904  0.000365  0.998996  0.018765  -0.040682  -0.018512  0.999807  0.006577  0.040797  -0.005817  0.999151  0.008690  -0.001759  -0.002726  0.016844  0.177758  0.124479  2.000000  1.000000  0.000000  0.000000  0.000000  1.000000  0.000000  0.000000  0.000000  1.000000  0.999986  0.003111  -0.004263  -0.003109  0.999995  0.000490  0.004265  -0.000477  0.999991  1.000000  0.000000  0.000000  0.000000  1.000000  0.000000  0.000000  0.000000  1.000000  1.000000  0.000000  0.000000  0.000000  1.000000  0.000000  0.000000  0.000000  1.000000  0.000054  0.000000  
117.238152 0.008271  0.092902  0.000361  0.998981  0.018972  -0.040948  -0.018717  0.999803  0.006590  0.041065  -0.005817  0.999140  0.008779  -0.001794  -0.002780  0.017127  0.182126  0.131323  2.000000  1.000000  0.000000  0.000000  0.000000  1.000000  0.000000  0.000000  0.000000  1.000000  0.999987  0.003110  -0.004130  -0.003108  0.999995  0.000490  0.004131  -0.000477  0.999991  1.000000  0.000000  0.000000  0.000000  1.000000  0.000000  0.000000  0.000000  1.000000  1.000000  0.000000  0.000000  0.000000  1.000000  0.000000  0.000000  0.000000  1.000000  0.000056  0.000000  
117.239402 0.008281  0.092899  0.000357  0.998966  0.019179  -0.041214  -0.018923  0.999799  0.006604  0.041332  -0.005817  0.999129  0.008834  -0.001912  -0.002893  0.017417  0.186542  0.138200  2.000000  1.000000  0.000000  0.000000  0.000000  1.000000  0.000000  0.000000  0.000000  1.000000  0.999985  0.003317  -0.004262  -0.003314  0.999994  0.000500  0.004264  -0.000485  0.999991  1.000000  0.000000  0.000000  0.000000  1.000000  0.000000  0.000000  0.000000  1.000000  1.000000  0.000000  0.000000  0.000000  1.000000  0.000000  0.000000  0.000000  1.000000  0.000058  0.000000  
117.240405 0.008290  0.092897  0.000354  0.998957  0.019386  -0.041346  -0.019128  0.999795  0.006615  0.041466  -0.005817  0.999123  0.008848  -0.002001  -0.002959  0.017701  0.186509  0.145062  2.000000  1.000000  0.000000  0.000000  0.000000  1.000000  0.000000  0.000000  0.000000  1.000000  0.999986  0.003111  -0.004263  -0.003109  0.999995  0.000492  0.004265  -0.000479  0.999991  1.000000  0.000000  0.000000  0.000000  1.000000  0.000000  0.000000  0.000000  1.000000  1.000000  0.000000  0.000000  0.000000  1.000000  0.000000  0.000000  0.000000  1.000000  0.000059  0.000000  
117.241652 0.008300  0.092894  0.000350  0.998946  0.019387  -0.041613  -0.019128  0.999795  0.006620  0.041733  -0.005817  0.999112  0.008798  -0.002065  -0.003064  0.013634  0.194041  0.140441  2.000000  1.000000  0.000000  0.000000  0.000000  1.000000  0.000000  0.000000  0.000000  1.000000  0.999986  0.003111  -0.004263  -0.003109  0.999995  0.000371  0.004264  -0.000358  0.999991  1.000000  0.000000  0.000000  0.000000  1.000000  0.000000  0.000000  0.000000  1.000000  1.000000  0.000000  0.000000  0.000000  1.000000  0.000000  0.000000  0.000000  1.000000  0.000059  0.000000  
117.242652 0.008308  0.092891  0.000347  0.998931  0.019595  -0.041879  -0.019334  0.999791  0.006634  0.042000  -0.005817  0.999101  0.008792  -0.002125  -0.003084  0.013830  0.197050  0.146331  2.000000  1.000000  0.000000  0.000000  0.000000  1.000000  0.000000  0.000000  0.000000  1.000000  0.999985  0.003316  -0.004262  -0.003315  0.999994  0.000381  0.004263  -0.000366  0.999991  1.000000  0.000000  0.000000  0.000000  1.000000  0.000000  0.000000  0.000000  1.000000  1.000000  0.000000  0.000000  0.000000  1.000000  0.000000  0.000000  0.000000  1.000000  0.000060  0.000000  
117.243902 0.008318  0.092887  0.000343  0.998915  0.019802  -0.042145  -0.019539  0.999787  0.006648  0.042268  -0.005817  0.999089  0.008716  -0.002216  -0.003182  0.013857  0.201521  0.146337  2.000000  1.000000  0.000000  0.000000  0.000000  1.000000  0.000000  0.000000  0.000000  1.000000  0.999985  0.003316  -0.004262  -0.003315  0.999994  0.000381  0.004263  -0.000367  0.999991  1.000000  0.000000  0.000000  0.000000  1.000000  0.000000  0.000000  0.000000  1.000000  1.000000  0.000000  0.000000  0.000000  1.000000  0.000000  0.000000  0.000000  1.000000  0.000062  0.000000  
117.245151 0.008328  0.092882  0.000339  0.998906  0.020009  -0.042277  -0.019745  0.999783  0.006659  0.042401  -0.005817  0.999084  0.008679  -0.002306  -0.003247  0.014151  0.201505  0.153267  2.000000  1.000000  0.000000  0.000000  0.000000  1.000000  0.000000  0.000000  0.000000  1.000000  0.999985  0.003316  -0.004262  -0.003315  0.999994  0.000261  0.004263  -0.000247  0.999991  1.000000  0.000000  0.000000  0.000000  1.000000  0.000000  0.000000  0.000000  1.000000  1.000000  0.000000  0.000000  0.000000  1.000000  0.000000  0.000000  0.000000  1.000000  0.000063  0.000000  
117.246403 0.008338  0.092878  0.000335  0.998890  0.020216  -0.042543  -0.019950  0.999779  0.006673  0.042669  -0.005817  0.999072  0.008568  -0.002411  -0.003235  0.018256  0.205984  0.153259  2.000000  1.000000  0.000000  0.000000  0.000000  1.000000  0.000000  0.000000  0.000000  1.000000  0.999985  0.003316  -0.004262  -0.003315  0.999994  0.000262  0.004263  -0.000248  0.999991  1.000000  0.000000  0.000000  0.000000  1.000000  0.000000  0.000000  0.000000  1.000000  1.000000  0.000000  0.000000  0.000000  1.000000  0.000000  0.000000  0.000000  1.000000  0.000064  0.000000  
117.247648 0.008349  0.092874  0.000331  0.998874  0.020424  -0.042809  -0.020155  0.999774  0.006687  0.042936  -0.005817  0.999061  0.008510  -0.002516  -0.003223  0.018300  0.206023  0.153287  2.000000  1.000000  0.000000  0.000000  0.000000  1.000000  0.000000  0.000000  0.000000  1.000000  0.999985  0.003316  -0.004262  -0.003315  0.999994  0.000263  0.004263  -0.000249  0.999991  1.000000  0.000000  0.000000  0.000000  1.000000  0.000000  0.000000  0.000000  1.000000  1.000000  0.000000  0.000000  0.000000  1.000000  0.000000  0.000000  0.000000  1.000000  0.000066  0.000000  
117.248650 0.008356  0.092871  0.000327  0.998859  0.020626  -0.043078  -0.020361  0.999771  0.006580  0.043204  -0.005696  0.999050  0.008387  -0.002594  -0.003222  0.014530  0.210483  0.160206  2.000000  1.000000  0.000000  0.000000  0.000000  1.000000  0.000000  0.000000  0.000000  1.000000  0.999986  0.003110  -0.004264  -0.003110  0.999995  0.000133  0.004264  -0.000120  0.999991  1.000000  0.000000  0.000000  0.000000  1.000000  0.000000  0.000000  0.000000  1.000000  1.000000  0.000000  0.000000  0.000000  1.000000  0.000000  0.000000  0.000000  1.000000  0.000065  0.000000  
117.249898 0.008367  0.092867  0.000323  0.998847  0.020627  -0.043345  -0.020361  0.999771  0.006586  0.043471  -0.005696  0.999038  0.008329  -0.002699  -0.003210  0.014304  0.210665  0.153395  2.000000  1.000000  0.000000  0.000000  0.000000  1.000000  0.000000  0.000000  0.000000  1.000000  0.999987  0.003109  -0.004130  -0.003109  0.999995  0.000013  0.004130  0.000000  0.999991  1.000000  0.000000  0.000000  0.000000  1.000000  0.000000  0.000000  0.000000  1.000000  1.000000  0.000000  0.000000  0.000000  1.000000  0.000000  0.000000  0.000000  1.000000  0.000065  0.000000  
117.251149 0.008376  0.092863  0.000319  0.998837  0.020834  -0.043477  -0.020566  0.999767  0.006597  0.043605  -0.005696  0.999033  0.008221  -0.002844  -0.003261  0.010250  0.206070  0.153317  2.000000  1.000000  0.000000  0.000000  0.000000  1.000000  0.000000  0.000000  0.000000  1.000000  0.999987  0.003109  -0.004130  -0.003109  0.999995  0.000013  0.004130  -0.000001  0.999991  1.000000  0.000000  0.000000  0.000000  1.000000  0.000000  0.000000  0.000000  1.000000  1.000000  0.000000  0.000000  0.000000  1.000000  0.000000  0.000000  0.000000  1.000000  0.000065  0.000000  
117.252398 0.008385  0.092858  0.000314  0.998821  0.021041  -0.043743  -0.020771  0.999762  0.006612  0.043872  -0.005695  0.999021  0.008094  -0.003005  -0.003318  0.010474  0.208762  0.158912  2.000000  1.000000  0.000000  0.000000  0.000000  1.000000  0.000000  0.000000  0.000000  1.000000  0.999987  0.003108  -0.003996  -0.003108  0.999995  0.000014  0.003996  -0.000001  0.999992  1.000000  0.000000  0.000000  0.000000  1.000000  0.000000  0.000000  0.000000  1.000000  1.000000  0.000000  0.000000  0.000000  1.000000  0.000000  0.000000  0.000000  1.000000  0.000065  0.000000  
117.253400 0.008393  0.092855  0.000310  0.998811  0.021248  -0.043875  -0.020977  0.999758  0.006624  0.044006  -0.005695  0.999015  0.007983  -0.003106  -0.003405  0.010593  0.206001  0.160207  2.000000  1.000000  0.000000  0.000000  0.000000  1.000000  0.000000  0.000000  0.000000  1.000000  0.999988  0.002902  -0.003863  -0.002902  0.999996  0.000005  0.003863  0.000006  0.999993  1.000000  0.000000  0.000000  0.000000  1.000000  0.000000  0.000000  0.000000  1.000000  1.000000  0.000000  0.000000  0.000000  1.000000  0.000000  0.000000  0.000000  1.000000  0.000064  0.000000  
117.254402 0.008400  0.092851  0.000306  0.998805  0.021243  -0.044012  -0.020977  0.999759  0.006505  0.044139  -0.005574  0.999010  0.007865  -0.003205  -0.003440  0.006251  0.206017  0.153255  2.000000  1.000000  0.000000  0.000000  0.000000  1.000000  0.000000  0.000000  0.000000  1.000000  0.999988  0.002902  -0.003998  -0.002903  0.999996  -0.000115  0.003997  0.000127  0.999992  1.000000  0.000000  0.000000  0.000000  1.000000  0.000000  0.000000  0.000000  1.000000  1.000000  0.000000  0.000000  0.000000  1.000000  0.000000  0.000000  0.000000  1.000000  0.000065  0.000000  
117.255653 0.008408  0.092847  0.000300  0.998795  0.021450  -0.044144  -0.021182  0.999754  0.006517  0.044273  -0.005574  0.999004  0.007726  -0.003331  -0.003545  0.002205  0.201512  0.153242  2.000000  1.000000  0.000000  0.000000  0.000000  1.000000  0.000000  0.000000  0.000000  1.000000  0.999988  0.002901  -0.003864  -0.002902  0.999996  -0.000115  0.003863  0.000126  0.999993  1.000000  0.000000  0.000000  0.000000  1.000000  0.000000  0.000000  0.000000  1.000000  1.000000  0.000000  0.000000  0.000000  1.000000  0.000000  0.000000  0.000000  1.000000  0.000063  0.000000  
117.256899 0.008416  0.092842  0.000295  0.998789  0.021451  -0.044278  -0.021182  0.999754  0.006520  0.044407  -0.005574  0.998998  0.007613  -0.003389  -0.003590  0.001959  0.192583  0.146296  2.000000  1.000000  0.000000  0.000000  0.000000  1.000000  0.000000  0.000000  0.000000  1.000000  0.999990  0.002694  -0.003597  -0.002695  0.999996  -0.000124  0.003597  0.000133  0.999994  1.000000  0.000000  0.000000  0.000000  1.000000  0.000000  0.000000  0.000000  1.000000  1.000000  0.000000  0.000000  0.000000  1.000000  0.000000  0.000000  0.000000  1.000000  0.000061  0.000000  
117.257902 0.008422  0.092838  0.000291  0.998779  0.021657  -0.044410  -0.021388  0.999750  0.006532  0.044540  -0.005574  0.998992  0.007471  -0.003442  -0.003651  0.002248  0.190954  0.151944  2.000000  1.000000  0.000000  0.000000  0.000000  1.000000  0.000000  0.000000  0.000000  1.000000  0.999990  0.002694  -0.003597  -0.002695  0.999996  -0.000123  0.003597  0.000133  0.999994  1.000000  0.000000  0.000000  0.000000  1.000000  0.000000  0.000000  0.000000  1.000000  1.000000  0.000000  0.000000  0.000000  1.000000  0.000000  0.000000  0.000000  1.000000  0.000061  0.000000  
117.258903 0.008429  0.092835  0.000288  0.998773  0.021658  -0.044543  -0.021388  0.999750  0.006535  0.044674  -0.005574  0.998986  0.007357  -0.003417  -0.003664  0.002007  0.188065  0.146253  2.000000  1.000000  0.000000  0.000000  0.000000  1.000000  0.000000  0.000000  0.000000  1.000000  0.999990  0.002693  -0.003464  -0.002694  0.999996  -0.000123  0.003463  0.000132  0.999994  1.000000  0.000000  0.000000  0.000000  1.000000  0.000000  0.000000  0.000000  1.000000  1.000000  0.000000  0.000000  0.000000  1.000000  0.000000  0.000000  0.000000  1.000000  0.000060  0.000000  
117.260151 0.008436  0.092830  0.000283  0.998762  0.021864  -0.044676  -0.021593  0.999745  0.006547  0.044808  -0.005574  0.998980  0.007203  -0.003427  -0.003713  -0.002041  0.183540  0.146222  2.000000  1.000000  0.000000  0.000000  0.000000  1.000000  0.000000  0.000000  0.000000  1.000000  0.999991  0.002487  -0.003331  -0.002487  0.999997  -0.000132  0.003331  0.000140  0.999994  1.000000  0.000000  0.000000  0.000000  1.000000  0.000000  0.000000  0.000000  1.000000  1.000000  0.000000  0.000000  0.000000  1.000000  0.000000  0.000000  0.000000  1.000000  0.000058  0.000000  
117.261405 0.008444  0.092826  0.000278  0.998756  0.021865  -0.044809  -0.021593  0.999745  0.006550  0.044941  -0.005574  0.998974  0.007002  -0.003481  -0.003777  -0.002597  0.179123  0.132370  2.000000  1.000000  0.000000  0.000000  0.000000  1.000000  0.000000  0.000000  0.000000  1.000000  0.999992  0.002486  -0.003197  -0.002487  0.999997  -0.000132  0.003197  0.000140  0.999995  1.000000  0.000000  0.000000  0.000000  1.000000  0.000000  0.000000  0.000000  1.000000  1.000000  0.000000  0.000000  0.000000  1.000000  0.000000  0.000000  0.000000  1.000000  0.000056  0.000000  
117.262652 0.008451  0.092822  0.000274  0.998750  0.021860  -0.044946  -0.021593  0.999746  0.006431  0.045075  -0.005453  0.998969  0.006851  -0.003461  -0.003826  -0.006941  0.174672  0.125419  2.000000  1.000000  0.000000  0.000000  0.000000  1.000000  0.000000  0.000000  0.000000  1.000000  0.999993  0.002279  -0.003065  -0.002280  0.999997  -0.000262  0.003064  0.000269  0.999995  1.000000  0.000000  0.000000  0.000000  1.000000  0.000000  0.000000  0.000000  1.000000  1.000000  0.000000  0.000000  0.000000  1.000000  0.000000  0.000000  0.000000  1.000000  0.000055  0.000000  
117.263896 0.008459  0.092818  0.000269  0.998740  0.022067  -0.045078  -0.021798  0.999742  0.006444  0.045209  -0.005453  0.998963  0.006722  -0.003500  -0.003866  -0.006859  0.168780  0.124365  2.000000  1.000000  0.000000  0.000000  0.000000  1.000000  0.000000  0.000000  0.000000  1.000000  0.999993  0.002279  -0.002931  -0.002279  0.999997  -0.000262  0.002930  0.000268  0.999996  1.000000  0.000000  0.000000  0.000000  1.000000  0.000000  0.000000  0.000000  1.000000  1.000000  0.000000  0.000000  0.000000  1.000000  0.000000  0.000000  0.000000  1.000000  0.000054  0.000000  
117.264898 0.008465  0.092814  0.000265  0.998734  0.022068  -0.045212  -0.021798  0.999742  0.006446  0.045342  -0.005453  0.998957  0.006566  -0.003492  -0.003883  0.000000  0.000000  0.000000  2.000000  1.000000  0.000000  0.000000  0.000000  1.000000  0.000000  0.000000  0.000000  1.000000  0.999994  0.002073  -0.002932  -0.002074  0.999998  -0.000271  0.002932  0.000277  0.999996  1.000000  0.000000  0.000000  0.000000  1.000000  0.000000  0.000000  0.000000  1.000000  1.000000  0.000000  0.000000  0.000000  1.000000  0.000000  0.000000  0.000000  1.000000  0.000053  0.000000  
117.266150 0.008472  0.092810  0.000260  0.998723  0.022274  -0.045344  -0.022004  0.999737  0.006459  0.045476  -0.005453  0.998951  0.006397  -0.003549  -0.003928  0.000000  0.000000  0.000000  2.000000  1.000000  0.000000  0.000000  0.000000  1.000000  0.000000  0.000000  0.000000  1.000000  0.999994  0.002072  -0.002798  -0.002073  0.999998  -0.000270  0.002798  0.000276  0.999996  1.000000  0.000000  0.000000  0.000000  1.000000  0.000000  0.000000  0.000000  1.000000  1.000000  0.000000  0.000000  0.000000  1.000000  0.000000  0.000000  0.000000  1.000000  0.000000  0.000000  
117.267398 0.008479  0.092806  0.000255  0.998717  0.022269  -0.045480  -0.022004  0.999738  0.006340  0.045610  -0.005331  0.998945  0.006229  -0.003522  -0.003942  0.000000  0.000000  0.000000  2.000000  1.000000  0.000000  0.000000  0.000000  1.000000  0.000000  0.000000  0.000000  1.000000  0.999995  0.001865  -0.002666  -0.001866  0.999998  -0.000401  0.002665  0.000406  0.999996  1.000000  0.000000  0.000000  0.000000  1.000000  0.000000  0.000000  0.000000  1.000000  1.000000  0.000000  0.000000  0.000000  1.000000  0.000000  0.000000  0.000000  1.000000  0.000000  0.000000  
117.268648 0.008486  0.092801  0.000249  0.998711  0.022270  -0.045614  -0.022003  0.999738  0.006343  0.045743  -0.005331  0.998939  0.006091  -0.003551  -0.003965  0.000000  0.000000  0.000000  2.000000  1.000000  0.000000  0.000000  0.000000  1.000000  0.000000  0.000000  0.000000  1.000000  0.999995  0.001659  -0.002533  -0.001660  0.999999  -0.000289  0.002533  0.000293  0.999997  1.000000  0.000000  0.000000  0.000000  1.000000  0.000000  0.000000  0.000000  1.000000  1.000000  0.000000  0.000000  0.000000  1.000000  0.000000  0.000000  0.000000  1.000000  0.000000  0.000000  
117.269650 0.008492  0.092797  0.000245  0.998706  0.022476  -0.045613  -0.022209  0.999733  0.006353  0.045743  -0.005331  0.998939  0.006042  -0.003531  -0.003988  0.000000  0.000000  0.000000  2.000000  1.000000  0.000000  0.000000  0.000000  1.000000  0.000000  0.000000  0.000000  1.000000  0.999995  0.001864  -0.002398  -0.001865  0.999998  -0.000279  0.002398  0.000284  0.999997  1.000000  0.000000  0.000000  0.000000  1.000000  0.000000  0.000000  0.000000  1.000000  1.000000  0.000000  0.000000  0.000000  1.000000  0.000000  0.000000  0.000000  1.000000  0.000000  0.000000  
117.270898 0.008499  0.092793  0.000239  0.998700  0.022477  -0.045746  -0.022209  0.999733  0.006356  0.045877  -0.005331  0.998933  0.005943  -0.003511  -0.004034  0.000000  0.000000  0.000000  2.000000  1.000000  0.000000  0.000000  0.000000  1.000000  0.000000  0.000000  0.000000  1.000000  0.999996  0.001658  -0.002266  -0.001658  0.999999  -0.000288  0.002265  0.000292  0.999997  1.000000  0.000000  0.000000  0.000000  1.000000  0.000000  0.000000  0.000000  1.000000  1.000000  0.000000  0.000000  0.000000  1.000000  0.000000  0.000000  0.000000  1.000000  0.000000  0.000000  
117.271905 0.008504  0.092789  0.000234  0.998700  0.022477  -0.045746  -0.022209  0.999733  0.006356  0.045877  -0.005331  0.998933  0.005834  -0.003507  -0.004058  0.000000  0.000000  0.000000  2.000000  1.000000  0.000000  0.000000  0.000000  1.000000  0.000000  0.000000  0.000000  1.000000  0.999996  0.001657  -0.002132  -0.001657  0.999999  -0.000288  0.002131  0.000292  0.999998  1.000000  0.000000  0.000000  0.000000  1.000000  0.000000  0.000000  0.000000  1.000000  1.000000  0.000000  0.000000  0.000000  1.000000  0.000000  0.000000  0.000000  1.000000  0.000000  0.000000  
117.273157 0.008510  0.092785  0.000228  0.998689  0.022683  -0.045878  -0.022414  0.999728  0.006368  0.046010  -0.005331  0.998927  0.005719  -0.003520  -0.004161  0.000000  0.000000  0.000000  2.000000  1.000000  0.000000  0.000000  0.000000  1.000000  0.000000  0.000000  0.000000  1.000000  0.999996  0.001657  -0.002132  -0.001657  0.999999  -0.000288  0.002131  0.000292  0.999998  1.000000  0.000000  0.000000  0.000000  1.000000  0.000000  0.000000  0.000000  1.000000  1.000000  0.000000  0.000000  0.000000  1.000000  0.000000  0.000000  0.000000  1.000000  0.000000  0.000000  
117.274408 0.008516  0.092781  0.000222  0.998689  0.022683  -0.045878  -0.022414  0.999728  0.006368  0.046010  -0.005331  0.998927  0.005637  -0.003481  -0.004285  0.000000  0.000000  0.000000  2.000000  1.000000  0.000000  0.000000  0.000000  1.000000  0.000000  0.000000  0.000000  1.000000  0.999997  0.001450  -0.001865  -0.001450  0.999999  -0.000176  0.001865  0.000179  0.999998  1.000000  0.000000  0.000000  0.000000  1.000000  0.000000  0.000000  0.000000  1.000000  1.000000  0.000000  0.000000  0.000000  1.000000  0.000000  0.000000  0.000000  1.000000  0.000000  0.000000  
117.275652 0.008522  0.092776  0.000215  0.998689  0.022683  -0.045878  -0.022414  0.999728  0.006368  0.046010  -0.005331  0.998927  0.005497  -0.003503  -0.004457  0.000000  0.000000  0.000000  2.000000  1.000000  0.000000  0.000000  0.000000  1.000000  0.000000  0.000000  0.000000  1.000000  0.999998  0.001243  -0.001733  -0.001244  0.999999  -0.000186  0.001733  0.000188  0.999998  1.000000  0.000000  0.000000  0.000000  1.000000  0.000000  0.000000  0.000000  1.000000  1.000000  0.000000  0.000000  0.000000  1.000000  0.000000  0.000000  0.000000  1.000000  0.000000  0.000000  
117.276898 0.008528  0.092772  0.000208  0.998679  0.022890  -0.046011  -0.022620  0.999724  0.006381  0.046144  -0.005331  0.998921  0.005419  -0.003467  -0.004584  0.000000  0.000000  0.000000  2.000000  1.000000  0.000000  0.000000  0.000000  1.000000  0.000000  0.000000  0.000000  1.000000  0.999997  0.001449  -0.001732  -0.001449  0.999999  -0.000176  0.001731  0.000179  0.999998  1.000000  0.000000  0.000000  0.000000  1.000000  0.000000  0.000000  0.000000  1.000000  1.000000  0.000000  0.000000  0.000000  1.000000  0.000000  0.000000  0.000000  1.000000  0.000000  0.000000  
117.277899 0.008532  0.092769  0.000203  0.998679  0.022890  -0.046011  -0.022620  0.999724  0.006381  0.046144  -0.005331  0.998921  0.005316  -0.003460  -0.004695  0.000000  0.000000  0.000000  2.000000  1.000000  0.000000  0.000000  0.000000  1.000000  0.000000  0.000000  0.000000  1.000000  0.999998  0.001243  -0.001599  -0.001243  0.999999  -0.000186  0.001599  0.000188  0.999999  1.000000  0.000000  0.000000  0.000000  1.000000  0.000000  0.000000  0.000000  1.000000  1.000000  0.000000  0.000000  0.000000  1.000000  0.000000  0.000000  0.000000  1.000000  0.000000  0.000000  
117.279176 0.008538  0.092765  0.000196  0.998679  0.022890  -0.046011  -0.022620  0.999724  0.006381  0.046144  -0.005331  0.998921  0.005148  -0.003408  -0.004814  0.000000  0.000000  0.000000  2.000000  1.000000  0.000000  0.000000  0.000000  1.000000  0.000000  0.000000  0.000000  1.000000  0.999998  0.001242  -0.001465  -0.001242  0.999999  -0.000186  0.001465  0.000187  0.999999  1.000000  0.000000  0.000000  0.000000  1.000000  0.000000  0.000000  0.000000  1.000000  1.000000  0.000000  0.000000  0.000000  1.000000  0.000000  0.000000  0.000000  1.000000  0.000000  0.000000  
117.280398 0.008544  0.092762  0.000189  0.998672  0.022890  -0.046144  -0.022620  0.999724  0.006384  0.046278  -0.005331  0.998914  0.005055  -0.003347  -0.004927  0.000000  0.000000  0.000000  2.000000  1.000000  0.000000  0.000000  0.000000  1.000000  0.000000  0.000000  0.000000  1.000000  0.999998  0.001242  -0.001465  -0.001242  0.999999  -0.000185  0.001465  0.000187  0.999999  1.000000  0.000000  0.000000  0.000000  1.000000  0.000000  0.000000  0.000000  1.000000  1.000000  0.000000  0.000000  0.000000  1.000000  0.000000  0.000000  0.000000  1.000000  0.000000  0.000000  
117.281648 0.008549  0.092758  0.000183  0.998668  0.023096  -0.046143  -0.022825  0.999719  0.006393  0.046278  -0.005331  0.998914  0.004914  -0.003328  -0.005007  0.000000  0.000000  0.000000  2.000000  1.000000  0.000000  0.000000  0.000000  1.000000  0.000000  0.000000  0.000000  1.000000  0.999998  0.001241  -0.001331  -0.001241  0.999999  -0.000185  0.001331  0.000187  0.999999  1.000000  0.000000  0.000000  0.000000  1.000000  0.000000  0.000000  0.000000  1.000000  1.000000  0.000000  0.000000  0.000000  1.000000  0.000000  0.000000  0.000000  1.000000  0.000000  0.000000  
