1-Time 2-Px 3-Py 4-Pz 5-R11 6-R21 7-R31 8-R12 9-R22 10-R32 11-R13 12-R23 13-R33 14-Vx 15-Vy 16-Vz 17-Wx 18-Wy 19-Wz 20-state 21-PR11 22-PR21 23-PR31 24-PR12 25-PR22 26-PR32 27-PR13 28-PR23 29-PR33 
173.769277 0.001791  0.090835  -0.018354  0.998029  0.038475  -0.049573  -0.039264  0.999116  -0.015044  0.048951  0.016960  0.998657  0.000838  0.001163  0.002606  0.000000  0.000000  0.000000  2.000000  1.000000  0.000000  0.000000  0.000000  1.000000  0.000000  0.000000  0.000000  1.000000  1.000000  -0.000608  0.000546  0.000608  1.000000  -0.000030  -0.000546  0.000031  1.000000  1.000000  0.000000  0.000000  0.000000  1.000000  0.000000  0.000000  0.000000  1.000000  0.782800  0.337948  -0.522509  -0.365921  0.929150  0.052749  0.503316  0.149905  0.851000  0.000000  0.000000  
173.770280 0.001792  0.090837  -0.018352  0.998029  0.038475  -0.049573  -0.039264  0.999116  -0.015044  0.048951  0.016960  0.998657  0.000831  0.001155  0.002593  0.000000  0.000000  0.000000  2.000000  1.000000  0.000000  0.000000  0.000000  1.000000  0.000000  0.000000  0.000000  1.000000  1.000000  -0.000402  0.000542  0.000402  1.000000  0.000101  -0.000542  -0.000101  1.000000  1.000000  0.000000  0.000000  0.000000  1.000000  0.000000  0.000000  0.000000  1.000000  1.000000  0.000000  0.000000  0.000000  1.000000  0.000000  0.000000  0.000000  1.000000  0.000000  0.000000  
173.771283 0.001792  0.090836  -0.018350  0.998023  0.038467  -0.049712  -0.039264  0.999114  -0.015160  0.049084  0.017081  0.998649  0.000794  0.001035  0.002580  0.000000  0.000000  0.000000  2.000000  1.000000  0.000000  0.000000  0.000000  1.000000  0.000000  0.000000  0.000000  1.000000  1.000000  -0.000407  0.000275  0.000407  1.000000  -0.000020  -0.000275  0.000020  1.000000  1.000000  0.000000  0.000000  0.000000  1.000000  0.000000  0.000000  0.000000  1.000000  1.000000  0.000000  0.000000  0.000000  1.000000  0.000000  0.000000  0.000000  1.000000  0.000000  0.000000  
173.772531 0.001792  0.090835  -0.018347  0.998008  0.038670  -0.049848  -0.039469  0.999106  -0.015144  0.049218  0.017081  0.998642  0.000704  0.000842  0.002540  0.000000  0.000000  0.000000  2.000000  1.000000  0.000000  0.000000  0.000000  1.000000  0.000000  0.000000  0.000000  1.000000  1.000000  -0.000203  0.000137  0.000203  1.000000  -0.000010  -0.000137  0.000010  1.000000  1.000000  0.000000  0.000000  0.000000  1.000000  0.000000  0.000000  0.000000  1.000000  1.000000  0.000000  0.000000  0.000000  1.000000  0.000000  0.000000  0.000000  1.000000  0.000000  0.000000  
173.773784 0.001793  0.090833  -0.018344  0.998001  0.038668  -0.049982  -0.039469  0.999106  -0.015139  0.049352  0.017081  0.998635  0.000653  0.000650  0.002524  0.000000  0.000000  0.000000  2.000000  1.000000  0.000000  0.000000  0.000000  1.000000  0.000000  0.000000  0.000000  1.000000  1.000000  -0.000206  0.000004  0.000206  1.000000  -0.000010  -0.000004  0.000010  1.000000  1.000000  0.000000  0.000000  0.000000  1.000000  0.000000  0.000000  0.000000  1.000000  1.000000  0.000000  0.000000  0.000000  1.000000  0.000000  0.000000  0.000000  1.000000  0.000000  0.000000  
173.775036 0.001793  0.090832  -0.018341  0.997987  0.038871  -0.050118  -0.039674  0.999098  -0.015123  0.049485  0.017081  0.998629  0.000613  0.000457  0.002472  0.000000  0.000000  0.000000  2.000000  1.000000  0.000000  0.000000  0.000000  1.000000  0.000000  0.000000  0.000000  1.000000  1.000000  0.000000  0.000000  0.000000  1.000000  -0.000000  0.000000  0.000000  1.000000  1.000000  0.000000  0.000000  0.000000  1.000000  0.000000  0.000000  0.000000  1.000000  1.000000  0.000000  0.000000  0.000000  1.000000  0.000000  0.000000  0.000000  1.000000  0.000000  0.000000  
173.776296 0.001793  0.090830  -0.018338  0.997972  0.039075  -0.050255  -0.039879  0.999090  -0.015107  0.049619  0.017081  0.998622  0.000570  0.000242  0.002464  0.000000  0.000000  0.000000  2.000000  1.000000  0.000000  0.000000  0.000000  1.000000  0.000000  0.000000  0.000000  1.000000  1.000000  0.000201  -0.000271  -0.000201  1.000000  0.000010  0.000271  -0.000010  1.000000  1.000000  0.000000  0.000000  0.000000  1.000000  0.000000  0.000000  0.000000  1.000000  1.000000  0.000000  0.000000  0.000000  1.000000  0.000000  0.000000  0.000000  1.000000  0.000000  0.000000  
173.777534 0.001793  0.090828  -0.018335  0.997949  0.039484  -0.050395  -0.040290  0.999074  -0.015081  0.049753  0.017081  0.998616  0.000497  0.000002  0.002441  0.000000  0.000000  0.000000  2.000000  1.000000  0.000000  0.000000  0.000000  1.000000  0.000000  0.000000  0.000000  1.000000  1.000000  0.000404  -0.000408  -0.000404  1.000000  0.000020  0.000408  -0.000020  1.000000  1.000000  0.000000  0.000000  0.000000  1.000000  0.000000  0.000000  0.000000  1.000000  1.000000  0.000000  0.000000  0.000000  1.000000  0.000000  0.000000  0.000000  1.000000  0.000000  0.000000  
173.778535 0.001794  0.090827  -0.018333  0.997940  0.039683  -0.050403  -0.040495  0.999064  -0.015192  0.049753  0.017202  0.998613  0.000477  -0.000164  0.002444  0.000000  0.000000  0.000000  2.000000  1.000000  0.000000  0.000000  0.000000  1.000000  0.000000  0.000000  0.000000  1.000000  1.000000  0.000608  -0.000546  -0.000608  1.000000  -0.000091  0.000546  0.000091  1.000000  1.000000  0.000000  0.000000  0.000000  1.000000  0.000000  0.000000  0.000000  1.000000  1.000000  0.000000  0.000000  0.000000  1.000000  0.000000  0.000000  0.000000  1.000000  0.000000  0.000000  
173.779539 0.001794  0.090825  -0.018332  0.997919  0.039884  -0.050673  -0.040700  0.999056  -0.015171  0.050020  0.017202  0.998600  0.000416  -0.000384  0.002336  0.000000  0.000000  0.000000  2.000000  1.000000  0.000000  0.000000  0.000000  1.000000  0.000000  0.000000  0.000000  1.000000  0.999999  0.001222  -0.000690  -0.001222  0.999999  -0.000060  0.000690  0.000061  1.000000  1.000000  0.000000  0.000000  0.000000  1.000000  0.000000  0.000000  0.000000  1.000000  1.000000  0.000000  0.000000  0.000000  1.000000  0.000000  0.000000  0.000000  1.000000  0.000000  0.000000  
173.780784 0.001794  0.090823  -0.018331  0.997895  0.040293  -0.050812  -0.041111  0.999040  -0.015145  0.050153  0.017202  0.998593  0.000327  -0.000609  0.002165  0.000000  0.000000  0.000000  2.000000  1.000000  0.000000  0.000000  0.000000  1.000000  0.000000  0.000000  0.000000  1.000000  0.999999  0.001423  -0.000961  -0.001423  0.999999  -0.000049  0.000961  0.000050  1.000000  1.000000  0.000000  0.000000  0.000000  1.000000  0.000000  0.000000  0.000000  1.000000  1.000000  0.000000  0.000000  0.000000  1.000000  0.000000  0.000000  0.000000  1.000000  0.000000  0.000000  
173.781788 0.001793  0.090822  -0.018331  0.997880  0.040497  -0.050949  -0.041316  0.999032  -0.015129  0.050287  0.017202  0.998587  0.000263  -0.000764  0.001958  0.000000  0.000000  0.000000  2.000000  1.000000  0.000000  0.000000  0.000000  1.000000  0.000000  0.000000  0.000000  1.000000  0.999998  0.001830  -0.001236  -0.001830  0.999998  -0.000028  0.001236  0.000030  0.999999  1.000000  0.000000  0.000000  0.000000  1.000000  0.000000  0.000000  0.000000  1.000000  1.000000  0.000000  0.000000  0.000000  1.000000  0.000000  0.000000  0.000000  1.000000  0.000000  0.000000  
173.782789 0.001793  0.090820  -0.018331  0.997858  0.040698  -0.051219  -0.041521  0.999023  -0.015107  0.050554  0.017201  0.998573  0.000165  -0.000965  0.001778  0.000000  0.000000  0.000000  2.000000  1.000000  0.000000  0.000000  0.000000  1.000000  0.000000  0.000000  0.000000  1.000000  0.999997  0.002031  -0.001507  -0.002031  0.999998  -0.000017  0.001507  0.000020  0.999999  1.000000  0.000000  0.000000  0.000000  1.000000  0.000000  0.000000  0.000000  1.000000  1.000000  0.000000  0.000000  0.000000  1.000000  0.000000  0.000000  0.000000  1.000000  0.000000  0.000000  
173.784033 0.001792  0.090817  -0.018330  0.997827  0.041098  -0.051497  -0.041931  0.999005  -0.015196  0.050822  0.017322  0.998558  0.000074  -0.001211  0.001652  0.000000  0.000000  0.000000  2.000000  1.000000  0.000000  0.000000  0.000000  1.000000  0.000000  0.000000  0.000000  1.000000  0.999996  0.002439  -0.001648  -0.002439  0.999997  -0.000117  0.001648  0.000121  0.999999  1.000000  0.000000  0.000000  0.000000  1.000000  0.000000  0.000000  0.000000  1.000000  1.000000  0.000000  0.000000  0.000000  1.000000  0.000000  0.000000  0.000000  1.000000  0.000000  0.000000  
173.785036 0.001791  0.090814  -0.018330  0.997803  0.041507  -0.051637  -0.042342  0.998988  -0.015169  0.050955  0.017322  0.998551  -0.000009  -0.001456  0.001510  0.000000  0.000000  0.000000  2.000000  1.000000  0.000000  0.000000  0.000000  1.000000  0.000000  0.000000  0.000000  1.000000  0.999994  0.002846  -0.001923  -0.002846  0.999996  -0.000096  0.001922  0.000101  0.999998  1.000000  0.000000  0.000000  0.000000  1.000000  0.000000  0.000000  0.000000  1.000000  1.000000  0.000000  0.000000  0.000000  1.000000  0.000000  0.000000  0.000000  1.000000  0.000000  0.000000  
173.786290 0.001791  0.090811  -0.018329  0.997772  0.041914  -0.051910  -0.042752  0.998971  -0.015136  0.051222  0.017322  0.998537  -0.000097  -0.001683  0.001317  0.000000  0.000000  0.000000  2.000000  1.000000  0.000000  0.000000  0.000000  1.000000  0.000000  0.000000  0.000000  1.000000  0.999992  0.003460  -0.002067  -0.003460  0.999994  -0.000064  0.002067  0.000071  0.999998  1.000000  0.000000  0.000000  0.000000  1.000000  0.000000  0.000000  0.000000  1.000000  1.000000  0.000000  0.000000  0.000000  1.000000  0.000000  0.000000  0.000000  1.000000  0.000000  0.000000  
173.787536 0.001790  0.090807  -0.018328  0.997738  0.042522  -0.052058  -0.043368  0.998943  -0.015220  0.051356  0.017443  0.998528  -0.000145  -0.001854  0.001257  0.000000  0.000000  0.000000  2.000000  1.000000  0.000000  0.000000  0.000000  1.000000  0.000000  0.000000  0.000000  1.000000  0.999990  0.003867  -0.002342  -0.003867  0.999993  -0.000163  0.002341  0.000172  0.999997  1.000000  0.000000  0.000000  0.000000  1.000000  0.000000  0.000000  0.000000  1.000000  1.000000  0.000000  0.000000  0.000000  1.000000  0.000000  0.000000  0.000000  1.000000  0.000000  0.000000  
173.788784 0.001789  0.090803  -0.018325  0.997707  0.042929  -0.052331  -0.043778  0.998926  -0.015186  0.051623  0.017443  0.998514  -0.000226  -0.002058  0.001249  0.000000  0.000000  0.000000  2.000000  1.000000  0.000000  0.000000  0.000000  1.000000  0.000000  0.000000  0.000000  1.000000  0.999987  0.004271  -0.002750  -0.004271  0.999991  -0.000262  0.002749  0.000274  0.999996  1.000000  0.000000  0.000000  0.000000  1.000000  0.000000  0.000000  0.000000  1.000000  1.000000  0.000000  0.000000  0.000000  1.000000  0.000000  0.000000  0.000000  1.000000  0.000000  0.000000  
173.790034 0.001789  0.090797  -0.018322  0.997675  0.043336  -0.052605  -0.044188  0.998908  -0.015153  0.051891  0.017442  0.998500  -0.000269  -0.002290  0.001288  0.000000  0.000000  0.000000  2.000000  1.000000  0.000000  0.000000  0.000000  1.000000  0.000000  0.000000  0.000000  1.000000  0.999983  0.004883  -0.003029  -0.004884  0.999988  -0.000229  0.003028  0.000243  0.999995  1.000000  0.000000  0.000000  0.000000  1.000000  0.000000  0.000000  0.000000  1.000000  1.000000  0.000000  0.000000  0.000000  1.000000  0.000000  0.000000  0.000000  1.000000  0.000000  0.000000  
173.791283 0.001789  0.090792  -0.018319  0.997633  0.043942  -0.052886  -0.044804  0.998880  -0.015230  0.052158  0.017563  0.998484  -0.000262  -0.002503  0.001271  -0.007199  0.106519  0.177832  2.000000  1.000000  0.000259  -0.000158  -0.000259  1.000000  -0.000016  0.000158  0.000016  1.000000  0.999981  0.005289  -0.003304  -0.005290  0.999986  -0.000206  0.003303  0.000223  0.999995  1.000000  0.000066  -0.000041  -0.000066  1.000000  -0.000003  0.000041  0.000003  1.000000  1.000000  0.000259  -0.000158  -0.000259  1.000000  -0.000016  0.000158  0.000016  1.000000  0.000050  0.006240  
173.792284 0.001790  0.090788  -0.018316  0.997601  0.044348  -0.053159  -0.045214  0.998862  -0.015196  0.052425  0.017563  0.998470  -0.000194  -0.002664  0.001289  -0.006473  0.115751  0.191493  2.000000  1.000000  0.000537  -0.000324  -0.000537  1.000000  -0.000026  0.000324  0.000026  1.000000  0.999979  0.005492  -0.003441  -0.005493  0.999985  -0.000194  0.003440  0.000213  0.999994  1.000000  0.000069  -0.000043  -0.000069  1.000000  -0.000003  0.000043  0.000003  1.000000  1.000000  0.000537  -0.000324  -0.000537  1.000000  -0.000026  0.000324  0.000026  1.000000  0.000055  0.006484  
173.793287 0.001791  0.090784  -0.018313  0.997577  0.044543  -0.053435  -0.045419  0.998851  -0.015294  0.052692  0.017684  0.998454  -0.000216  -0.002848  0.001337  -0.010170  0.124853  0.198203  2.000000  1.000000  0.000756  -0.000453  -0.000756  1.000000  -0.000035  0.000453  0.000036  1.000000  0.999977  0.005903  -0.003449  -0.005904  0.999983  -0.000292  0.003447  0.000313  0.999994  1.000000  0.000074  -0.000043  -0.000074  1.000000  -0.000004  0.000043  0.000004  1.000000  1.000000  0.000756  -0.000453  -0.000756  1.000000  -0.000035  0.000453  0.000036  1.000000  0.000058  0.006843  
173.794292 0.001792  0.090780  -0.018311  0.997544  0.044949  -0.053708  -0.045829  0.998833  -0.015260  0.052959  0.017684  0.998440  -0.000169  -0.003035  0.001408  -0.009377  0.133235  0.210519  2.000000  0.999999  0.001061  -0.000634  -0.001061  0.999999  -0.000050  0.000634  0.000050  1.000000  0.999974  0.006312  -0.003590  -0.006313  0.999980  -0.000269  0.003588  0.000292  0.999994  1.000000  0.000079  -0.000045  -0.000079  1.000000  -0.000004  0.000045  0.000004  1.000000  0.999999  0.001061  -0.000634  -0.001061  0.999999  -0.000050  0.000634  0.000050  1.000000  0.000062  0.007267  
173.795534 0.001793  0.090774  -0.018308  0.997511  0.045349  -0.053987  -0.046239  0.998813  -0.015346  0.053227  0.017804  0.998424  -0.000041  -0.003278  0.001587  -0.012423  0.143460  0.232433  2.000000  0.999999  0.001465  -0.000870  -0.001465  0.999999  -0.000068  0.000870  0.000069  1.000000  0.999971  0.006512  -0.003862  -0.006513  0.999979  -0.000378  0.003859  0.000403  0.999992  1.000000  0.000081  -0.000048  -0.000081  1.000000  -0.000005  0.000048  0.000005  1.000000  0.999999  0.001465  -0.000870  -0.001465  0.999999  -0.000068  0.000870  0.000069  1.000000  0.000068  0.007581  
173.796787 0.001795  0.090769  -0.018305  0.997475  0.045964  -0.054130  -0.046855  0.998784  -0.015307  0.053360  0.017804  0.998417  0.000117  -0.003523  0.001763  -0.011344  0.148307  0.253060  2.000000  0.999998  0.001885  -0.001115  -0.001885  0.999998  -0.000091  0.001115  0.000093  0.999999  0.999969  0.006715  -0.003999  -0.006717  0.999977  -0.000365  0.003997  0.000392  0.999992  1.000000  0.000084  -0.000050  -0.000084  1.000000  -0.000005  0.000050  0.000005  1.000000  0.999998  0.001885  -0.001115  -0.001885  0.999998  -0.000091  0.001115  0.000093  0.999999  0.000072  0.007825  
173.797788 0.001796  0.090764  -0.018302  0.997449  0.046372  -0.054269  -0.047265  0.998766  -0.015278  0.053494  0.017804  0.998409  0.000250  -0.003701  0.001915  -0.014712  0.157531  0.266743  2.000000  0.999997  0.002229  -0.001312  -0.002229  0.999998  -0.000109  0.001312  0.000112  0.999999  0.999968  0.006921  -0.004003  -0.006922  0.999976  -0.000353  0.004000  0.000381  0.999992  1.000000  0.000087  -0.000050  -0.000087  1.000000  -0.000005  0.000050  0.000005  1.000000  0.999997  0.002229  -0.001312  -0.002229  0.999998  -0.000109  0.001312  0.000112  0.999999  0.000076  0.008003  
173.798789 0.001798  0.090760  -0.018300  0.997425  0.046567  -0.054545  -0.047470  0.998754  -0.015375  0.053761  0.017925  0.998393  0.000383  -0.003878  0.002066  -0.018393  0.166632  0.273439  2.000000  0.999996  0.002491  -0.001460  -0.002491  0.999997  -0.000126  0.001460  0.000129  0.999999  0.999967  0.007126  -0.004007  -0.007128  0.999974  -0.000462  0.004004  0.000491  0.999992  1.000000  0.000089  -0.000050  -0.000089  1.000000  -0.000006  0.000050  0.000006  1.000000  0.999996  0.002491  -0.001460  -0.002491  0.999997  -0.000126  0.001460  0.000129  0.999999  0.000080  0.008189  
173.800037 0.001800  0.090754  -0.018297  0.997398  0.046975  -0.054685  -0.047880  0.998735  -0.015347  0.053895  0.017925  0.998386  0.000579  -0.004050  0.002283  -0.017526  0.170031  0.284932  2.000000  0.999994  0.002939  -0.001716  -0.002939  0.999996  -0.000147  0.001715  0.000152  0.999999  0.999966  0.007123  -0.004141  -0.007125  0.999975  -0.000339  0.004139  0.000369  0.999991  1.000000  0.000089  -0.000052  -0.000089  1.000000  -0.000004  0.000052  0.000004  1.000000  0.999994  0.002939  -0.001716  -0.002939  0.999996  -0.000147  0.001715  0.000152  0.999999  0.000084  0.008247  
173.801288 0.001802  0.090748  -0.018293  0.997371  0.047378  -0.054830  -0.048290  0.998714  -0.015439  0.054028  0.018046  0.998376  0.000731  -0.004159  0.002461  -0.016914  0.171674  0.301012  2.000000  0.999993  0.003300  -0.001921  -0.003300  0.999995  -0.000168  0.001921  0.000175  0.999998  0.999965  0.007328  -0.004146  -0.007330  0.999973  -0.000448  0.004142  0.000479  0.999991  1.000000  0.000092  -0.000052  -0.000092  1.000000  -0.000006  0.000052  0.000006  1.000000  0.999993  0.003300  -0.001921  -0.003300  0.999995  -0.000168  0.001921  0.000175  0.999998  0.000087  0.008432  
173.802288 0.001803  0.090744  -0.018290  0.997344  0.047786  -0.054970  -0.048700  0.998695  -0.015410  0.054162  0.018046  0.998369  0.000897  -0.004294  0.002568  -0.016517  0.171806  0.307937  2.000000  0.999991  0.003664  -0.002125  -0.003664  0.999993  -0.000191  0.002125  0.000199  0.999998  0.999965  0.007331  -0.004012  -0.007332  0.999973  -0.000447  0.004008  0.000477  0.999992  1.000000  0.000092  -0.000050  -0.000092  1.000000  -0.000006  0.000050  0.000006  1.000000  0.999991  0.003664  -0.002125  -0.003664  0.999993  -0.000191  0.002125  0.000199  0.999998  0.000087  0.008369  
173.803537 0.001805  0.090738  -0.018286  0.997319  0.047987  -0.055240  -0.048905  0.998685  -0.015385  0.054429  0.018045  0.998355  0.001067  -0.004408  0.002650  -0.016098  0.176449  0.314809  2.000000  0.999989  0.004122  -0.002376  -0.004123  0.999991  -0.000219  0.002375  0.000228  0.999997  0.999966  0.007333  -0.003878  -0.007335  0.999973  -0.000446  0.003875  0.000475  0.999992  1.000000  0.000092  -0.000048  -0.000092  1.000000  -0.000006  0.000048  0.000006  1.000000  0.999989  0.004122  -0.002376  -0.004123  0.999991  -0.000219  0.002375  0.000228  0.999997  0.000090  0.008308  
173.804783 0.001807  0.090732  -0.018281  0.997292  0.048389  -0.055386  -0.049315  0.998663  -0.015477  0.054563  0.018166  0.998345  0.001233  -0.004426  0.002764  -0.019776  0.176626  0.321770  2.000000  0.999986  0.004580  -0.002622  -0.004581  0.999989  -0.000245  0.002621  0.000257  0.999997  0.999966  0.007333  -0.003878  -0.007334  0.999973  -0.000324  0.003876  0.000352  0.999992  1.000000  0.000092  -0.000048  -0.000092  1.000000  -0.000004  0.000048  0.000004  1.000000  0.999986  0.004580  -0.002622  -0.004581  0.999989  -0.000245  0.002621  0.000257  0.999997  0.000093  0.008302  
173.805784 0.001808  0.090727  -0.018278  0.997271  0.048800  -0.055392  -0.049726  0.998643  -0.015454  0.054563  0.018166  0.998345  0.001306  -0.004517  0.002822  -0.019414  0.176731  0.328650  2.000000  0.999984  0.004942  -0.002812  -0.004943  0.999988  -0.000267  0.002811  0.000281  0.999996  0.999968  0.007129  -0.003741  -0.007131  0.999974  -0.000456  0.003738  0.000482  0.999993  1.000000  0.000089  -0.000047  -0.000089  1.000000  -0.000006  0.000047  0.000006  1.000000  0.999984  0.004942  -0.002812  -0.004943  0.999988  -0.000267  0.002811  0.000281  0.999996  0.000093  0.008065  
173.807033 0.001811  0.090720  -0.018274  0.997254  0.049004  -0.055529  -0.049931  0.998633  -0.015436  0.054696  0.018166  0.998338  0.001351  -0.004625  0.002839  -0.019210  0.175267  0.325925  2.000000  0.999981  0.005385  -0.003044  -0.005386  0.999985  -0.000295  0.003043  0.000312  0.999995  0.999968  0.007132  -0.003608  -0.007133  0.999974  -0.000455  0.003604  0.000480  0.999993  1.000000  0.000089  -0.000045  -0.000089  1.000000  -0.000006  0.000045  0.000006  1.000000  0.999981  0.005385  -0.003044  -0.005386  0.999985  -0.000295  0.003043  0.000312  0.999995  0.000093  0.008006  
173.808285 0.001813  0.090714  -0.018270  0.997226  0.049406  -0.055674  -0.050341  0.998611  -0.015528  0.054830  0.018287  0.998328  0.001453  -0.004692  0.002915  -0.018808  0.175440  0.332775  2.000000  0.999978  0.005815  -0.003271  -0.005816  0.999983  -0.000321  0.003269  0.000340  0.999995  0.999971  0.006720  -0.003601  -0.006722  0.999977  -0.000476  0.003598  0.000500  0.999993  1.000000  0.000084  -0.000045  -0.000084  1.000000  -0.000006  0.000045  0.000006  1.000000  0.999978  0.005815  -0.003271  -0.005816  0.999983  -0.000321  0.003269  0.000340  0.999995  0.000093  0.007640  
173.809536 0.001815  0.090707  -0.018264  0.997208  0.049609  -0.055811  -0.050546  0.998601  -0.015509  0.054964  0.018287  0.998321  0.001535  -0.004765  0.003093  -0.019100  0.170850  0.325983  2.000000  0.999975  0.006159  -0.003448  -0.006160  0.999981  -0.000344  0.003446  0.000365  0.999994  0.999970  0.006928  -0.003471  -0.006929  0.999976  -0.000464  0.003468  0.000488  0.999994  1.000000  0.000087  -0.000043  -0.000087  1.000000  -0.000006  0.000043  0.000006  1.000000  0.999975  0.006159  -0.003448  -0.006160  0.999981  -0.000344  0.003446  0.000365  0.999994  0.000093  0.007763  
173.810792 0.001817  0.090701  -0.018258  0.997180  0.050011  -0.055957  -0.050956  0.998579  -0.015601  0.055097  0.018408  0.998311  0.001556  -0.004821  0.003292  -0.023287  0.172257  0.328617  2.000000  0.999972  0.006581  -0.003665  -0.006583  0.999978  -0.000373  0.003663  0.000397  0.999993  0.999972  0.006725  -0.003334  -0.006726  0.999977  -0.000474  0.003330  0.000497  0.999994  1.000000  0.000084  -0.000042  -0.000084  1.000000  -0.000006  0.000042  0.000006  1.000000  0.999972  0.006581  -0.003665  -0.006583  0.999978  -0.000373  0.003663  0.000397  0.999993  0.000094  0.007521  
173.812037 0.001819  0.090694  -0.018252  0.997162  0.050214  -0.056093  -0.051161  0.998569  -0.015582  0.055231  0.018408  0.998304  0.001568  -0.004882  0.003532  -0.023037  0.166434  0.326093  2.000000  0.999968  0.006991  -0.003873  -0.006993  0.999975  -0.000404  0.003871  0.000431  0.999992  0.999974  0.006521  -0.003197  -0.006523  0.999979  -0.000485  0.003194  0.000506  0.999995  1.000000  0.000082  -0.000040  -0.000082  1.000000  -0.000006  0.000040  0.000006  1.000000  0.999968  0.006991  -0.003873  -0.006993  0.999975  -0.000404  0.003871  0.000431  0.999992  0.000092  0.007279  
173.813287 0.001820  0.090688  -0.018245  0.997133  0.050616  -0.056239  -0.051571  0.998546  -0.015673  0.055364  0.018529  0.998294  0.001548  -0.004953  0.003715  -0.027009  0.161962  0.326096  2.000000  0.999964  0.007383  -0.004068  -0.007385  0.999973  -0.000437  0.004065  0.000467  0.999992  0.999977  0.006112  -0.003056  -0.006114  0.999981  -0.000628  0.003053  0.000647  0.999995  1.000000  0.000076  -0.000038  -0.000076  1.000000  -0.000008  0.000038  0.000008  1.000000  0.999964  0.007383  -0.004068  -0.007385  0.999973  -0.000437  0.004065  0.000467  0.999992  0.000090  0.006863  
173.814537 0.001822  0.090681  -0.018240  0.997115  0.050819  -0.056376  -0.051776  0.998536  -0.015655  0.055498  0.018529  0.998287  0.001549  -0.005038  0.003857  -0.023316  0.162063  0.319635  2.000000  0.999961  0.007763  -0.004246  -0.007765  0.999970  -0.000468  0.004242  0.000501  0.999991  0.999977  0.006117  -0.002789  -0.006118  0.999981  -0.000506  0.002786  0.000523  0.999996  1.000000  0.000076  -0.000035  -0.000076  1.000000  -0.000006  0.000035  0.000006  1.000000  0.999961  0.007763  -0.004246  -0.007765  0.999970  -0.000468  0.004242  0.000501  0.999991  0.000091  0.006742  
173.815541 0.001822  0.090675  -0.018236  0.997105  0.051018  -0.056385  -0.051982  0.998524  -0.015765  0.055498  0.018650  0.998285  0.001483  -0.005145  0.003952  -0.028247  0.153955  0.308163  2.000000  0.999958  0.008056  -0.004380  -0.008058  0.999967  -0.000498  0.004376  0.000533  0.999990  0.999979  0.005913  -0.002652  -0.005915  0.999982  -0.000639  0.002648  0.000654  0.999996  1.000000  0.000074  -0.000033  -0.000074  1.000000  -0.000008  0.000033  0.000008  1.000000  0.999958  0.008056  -0.004380  -0.008058  0.999967  -0.000498  0.004376  0.000533  0.999990  0.000088  0.006513  
173.816785 0.001823  0.090667  -0.018231  0.997094  0.051216  -0.056395  -0.052187  0.998511  -0.015874  0.055498  0.018771  0.998282  0.001386  -0.005266  0.003991  -0.032045  0.148287  0.305779  2.000000  0.999955  0.008349  -0.004503  -0.008352  0.999965  -0.000525  0.004498  0.000562  0.999990  0.999981  0.005713  -0.002381  -0.005714  0.999984  -0.000529  0.002378  0.000543  0.999997  1.000000  0.000071  -0.000030  -0.000071  1.000000  -0.000007  0.000030  0.000007  1.000000  0.999955  0.008349  -0.004503  -0.008352  0.999965  -0.000525  0.004498  0.000562  0.999990  0.000086  0.006212  
173.817788 0.001824  0.090662  -0.018228  0.997072  0.051627  -0.056401  -0.052597  0.998490  -0.015851  0.055498  0.018771  0.998282  0.001352  -0.005309  0.004015  -0.028555  0.140382  0.301481  2.000000  0.999952  0.008632  -0.004617  -0.008635  0.999963  -0.000557  0.004612  0.000597  0.999989  0.999982  0.005509  -0.002244  -0.005511  0.999985  -0.000662  0.002240  0.000674  0.999997  1.000000  0.000069  -0.000028  -0.000069  1.000000  -0.000008  0.000028  0.000008  1.000000  0.999952  0.008632  -0.004617  -0.008635  0.999963  -0.000557  0.004612  0.000597  0.999989  0.000083  0.005986  
173.819036 0.001824  0.090654  -0.018224  0.997054  0.051830  -0.056538  -0.052802  0.998479  -0.015832  0.055632  0.018771  0.998275  0.001247  -0.005405  0.004045  -0.028867  0.135772  0.294676  2.000000  0.999948  0.008974  -0.004754  -0.008977  0.999960  -0.000596  0.004749  0.000639  0.999989  0.999984  0.005306  -0.002106  -0.005307  0.999986  -0.000551  0.002103  0.000562  0.999998  1.000000  0.000066  -0.000026  -0.000066  1.000000  -0.000007  0.000026  0.000007  1.000000  0.999948  0.008974  -0.004754  -0.008977  0.999960  -0.000596  0.004749  0.000639  0.999989  0.000082  0.005736  
173.820282 0.001825  0.090647  -0.018220  0.997043  0.052029  -0.056548  -0.053008  0.998467  -0.015942  0.055632  0.018892  0.998273  0.001157  -0.005480  0.003993  -0.029203  0.126704  0.287947  2.000000  0.999945  0.009298  -0.004879  -0.009301  0.999957  -0.000632  0.004873  0.000677  0.999988  0.999985  0.005103  -0.001969  -0.005104  0.999987  -0.000684  0.001966  0.000694  0.999998  1.000000  0.000064  -0.000025  -0.000064  1.000000  -0.000009  0.000025  0.000009  1.000000  0.999945  0.009298  -0.004879  -0.009301  0.999957  -0.000632  0.004873  0.000677  0.999988  0.000080  0.005513  
173.821284 0.001825  0.090641  -0.018217  0.997032  0.052235  -0.056551  -0.053213  0.998456  -0.015930  0.055632  0.018892  0.998273  0.001050  -0.005555  0.003974  -0.029537  0.117579  0.281188  2.000000  0.999943  0.009489  -0.004947  -0.009493  0.999955  -0.000655  0.004940  0.000702  0.999988  0.999986  0.005108  -0.001702  -0.005109  0.999987  -0.000563  0.001699  0.000571  0.999998  1.000000  0.000064  -0.000021  -0.000064  1.000000  -0.000007  0.000021  0.000007  1.000000  0.999943  0.009489  -0.004947  -0.009493  0.999955  -0.000655  0.004940  0.000702  0.999988  0.000078  0.005414  
173.822532 0.001826  0.090634  -0.018214  0.997021  0.052440  -0.056554  -0.053418  0.998445  -0.015918  0.055632  0.018892  0.998273  0.000969  -0.005580  0.003968  -0.026175  0.108370  0.267574  2.000000  0.999943  0.009489  -0.004947  -0.009493  0.999955  -0.000655  0.004940  0.000702  0.999988  0.999987  0.004905  -0.001564  -0.004906  0.999988  -0.000574  0.001561  0.000582  0.999999  1.000000  0.000000  0.000000  0.000000  1.000000  0.000000  0.000000  0.000000  1.000000  0.999943  0.009489  -0.004947  -0.009493  0.999955  -0.000655  0.004940  0.000702  0.999988  0.000074  0.000000  
173.823533 0.001826  0.090628  -0.018210  0.997003  0.052643  -0.056691  -0.053623  0.998435  -0.015899  0.055765  0.018892  0.998265  0.000860  -0.005620  0.003904  -0.025925  0.107483  0.265382  2.000000  0.999943  0.009489  -0.004947  -0.009493  0.999955  -0.000655  0.004940  0.000702  0.999988  0.999988  0.004699  -0.001560  -0.004700  0.999989  -0.000585  0.001558  0.000592  0.999999  1.000000  0.000000  0.000000  0.000000  1.000000  0.000000  0.000000  0.000000  1.000000  0.999943  0.009489  -0.004947  -0.009493  0.999955  -0.000655  0.004940  0.000702  0.999988  0.000074  0.000000  
173.824533 0.001826  0.090622  -0.018207  0.996992  0.052849  -0.056694  -0.053828  0.998424  -0.015888  0.055765  0.018892  0.998265  0.000767  -0.005658  0.003840  -0.026258  0.098418  0.258643  2.000000  0.999943  0.009489  -0.004947  -0.009493  0.999955  -0.000655  0.004940  0.000702  0.999988  0.999989  0.004496  -0.001423  -0.004497  0.999990  -0.000596  0.001420  0.000603  0.999999  1.000000  0.000000  0.000000  0.000000  1.000000  0.000000  0.000000  0.000000  1.000000  0.999943  0.009489  -0.004947  -0.009493  0.999955  -0.000655  0.004940  0.000702  0.999988  0.000070  0.000000  
173.825533 0.001827  0.090617  -0.018203  0.996992  0.052849  -0.056694  -0.053828  0.998424  -0.015888  0.055765  0.018892  0.998265  0.000678  -0.005712  0.003741  -0.022553  0.089387  0.251941  2.000000  0.999943  0.009489  -0.004947  -0.009493  0.999955  -0.000655  0.004940  0.000702  0.999988  0.999990  0.004293  -0.001285  -0.004294  0.999991  -0.000487  0.001283  0.000492  0.999999  1.000000  0.000000  0.000000  0.000000  1.000000  0.000000  0.000000  0.000000  1.000000  0.999943  0.009489  -0.004947  -0.009493  0.999955  -0.000655  0.004940  0.000702  0.999988  0.000067  0.000000  
173.826538 0.001827  0.090610  -0.018200  0.996981  0.053047  -0.056704  -0.054033  0.998411  -0.015997  0.055765  0.019013  0.998263  0.000596  -0.005773  0.003558  -0.027555  0.085394  0.240296  2.000000  0.999943  0.009489  -0.004947  -0.009493  0.999955  -0.000655  0.004940  0.000702  0.999988  0.999990  0.004296  -0.001151  -0.004296  0.999991  -0.000487  0.001149  0.000491  0.999999  1.000000  0.000000  0.000000  0.000000  1.000000  0.000000  0.000000  0.000000  1.000000  0.999943  0.009489  -0.004947  -0.009493  0.999955  -0.000655  0.004940  0.000702  0.999988  0.000066  0.000000  
173.827790 0.001828  0.090603  -0.018195  0.996970  0.053253  -0.056707  -0.054239  0.998400  -0.015986  0.055765  0.019013  0.998263  0.000555  -0.005827  0.003446  -0.024030  0.076947  0.235564  2.000000  0.999943  0.009489  -0.004947  -0.009493  0.999955  -0.000655  0.004940  0.000702  0.999988  0.999990  0.004298  -0.001018  -0.004299  0.999991  -0.000608  0.001015  0.000612  0.999999  1.000000  0.000000  0.000000  0.000000  1.000000  0.000000  0.000000  0.000000  1.000000  0.999943  0.009489  -0.004947  -0.009493  0.999955  -0.000655  0.004940  0.000702  0.999988  0.000062  0.000000  
173.829035 0.001829  0.090595  -0.018192  0.996958  0.053459  -0.056710  -0.054444  0.998389  -0.015974  0.055765  0.019013  0.998263  0.000479  -0.005877  0.003362  -0.023991  0.071081  0.224878  2.000000  0.999943  0.009489  -0.004947  -0.009493  0.999955  -0.000655  0.004940  0.000702  0.999988  0.999991  0.004095  -0.000880  -0.004096  0.999991  -0.000498  0.000878  0.000502  0.999999  1.000000  0.000000  0.000000  0.000000  1.000000  0.000000  0.000000  0.000000  1.000000  0.999943  0.009489  -0.004947  -0.009493  0.999955  -0.000655  0.004940  0.000702  0.999988  0.000061  0.000000  
173.830287 0.001829  0.090587  -0.018188  0.996947  0.053657  -0.056720  -0.054649  0.998376  -0.016083  0.055765  0.019134  0.998261  0.000454  -0.005916  0.003256  -0.024538  0.062571  0.219974  2.000000  0.999943  0.009489  -0.004947  -0.009493  0.999955  -0.000655  0.004940  0.000702  0.999988  0.999993  0.003687  -0.000739  -0.003687  0.999993  -0.000642  0.000737  0.000645  1.000000  1.000000  0.000000  0.000000  0.000000  1.000000  0.000000  0.000000  0.000000  1.000000  0.999943  0.009489  -0.004947  -0.009493  0.999955  -0.000655  0.004940  0.000702  0.999988  0.000057  0.000000  
173.831288 0.001830  0.090581  -0.018185  0.996947  0.053657  -0.056720  -0.054649  0.998376  -0.016083  0.055765  0.019134  0.998261  0.000480  -0.005908  0.003233  -0.024711  0.061924  0.211297  2.000000  0.999943  0.009489  -0.004947  -0.009493  0.999955  -0.000655  0.004940  0.000702  0.999988  0.999993  0.003689  -0.000606  -0.003689  0.999993  -0.000521  0.000604  0.000523  1.000000  1.000000  0.000000  0.000000  0.000000  1.000000  0.000000  0.000000  0.000000  1.000000  0.999943  0.009489  -0.004947  -0.009493  0.999955  -0.000655  0.004940  0.000702  0.999988  0.000055  0.000000  
173.832535 0.001832  0.090574  -0.018180  0.996936  0.053863  -0.056724  -0.054854  0.998365  -0.016072  0.055765  0.019134  0.998261  0.000512  -0.005941  0.003253  -0.025272  0.053325  0.206339  2.000000  0.999943  0.009489  -0.004947  -0.009493  0.999955  -0.000655  0.004940  0.000702  0.999988  0.999993  0.003689  -0.000606  -0.003689  0.999993  -0.000521  0.000604  0.000523  1.000000  1.000000  0.000000  0.000000  0.000000  1.000000  0.000000  0.000000  0.000000  1.000000  0.999943  0.009489  -0.004947  -0.009493  0.999955  -0.000655  0.004940  0.000702  0.999988  0.000054  0.000000  
173.833537 0.001833  0.090568  -0.018176  0.996936  0.053856  -0.056730  -0.054854  0.998363  -0.016193  0.055765  0.019255  0.998258  0.000602  -0.005938  0.003268  -0.030095  0.048578  0.192584  2.000000  0.999943  0.009489  -0.004947  -0.009493  0.999955  -0.000655  0.004940  0.000702  0.999988  0.999995  0.003281  -0.000464  -0.003281  0.999994  -0.000544  0.000463  0.000546  1.000000  1.000000  0.000000  0.000000  0.000000  1.000000  0.000000  0.000000  0.000000  1.000000  0.999943  0.009489  -0.004947  -0.009493  0.999955  -0.000655  0.004940  0.000702  0.999988  0.000052  0.000000  
173.834783 0.001835  0.090561  -0.018172  0.996925  0.054061  -0.056733  -0.055060  0.998352  -0.016181  0.055765  0.019255  0.998258  0.000702  -0.005930  0.003299  -0.026386  0.043962  0.185750  2.000000  0.999943  0.009489  -0.004947  -0.009493  0.999955  -0.000655  0.004940  0.000702  0.999988  0.999995  0.003283  -0.000331  -0.003283  0.999994  -0.000544  0.000329  0.000545  1.000000  1.000000  0.000000  0.000000  0.000000  1.000000  0.000000  0.000000  0.000000  1.000000  0.999943  0.009489  -0.004947  -0.009493  0.999955  -0.000655  0.004940  0.000702  0.999988  0.000050  0.000000  
173.836030 0.001838  0.090554  -0.018169  0.996925  0.054061  -0.056733  -0.055060  0.998352  -0.016181  0.055765  0.019255  0.998258  0.000823  -0.005884  0.003287  -0.026536  0.039014  0.177458  2.000000  0.999943  0.009489  -0.004947  -0.009493  0.999955  -0.000655  0.004940  0.000702  0.999988  0.999996  0.002872  -0.000323  -0.002872  0.999996  -0.000446  0.000322  0.000447  1.000000  1.000000  0.000000  0.000000  0.000000  1.000000  0.000000  0.000000  0.000000  1.000000  0.999943  0.009489  -0.004947  -0.009493  0.999955  -0.000655  0.004940  0.000702  0.999988  0.000046  0.000000  
173.837032 0.001839  0.090548  -0.018166  0.996913  0.054267  -0.056737  -0.055265  0.998341  -0.016169  0.055765  0.019255  0.998258  0.000942  -0.005890  0.003315  -0.026536  0.039013  0.177455  2.000000  0.999943  0.009489  -0.004947  -0.009493  0.999955  -0.000655  0.004940  0.000702  0.999988  0.999996  0.002667  -0.000319  -0.002667  0.999996  -0.000336  0.000318  0.000337  1.000000  1.000000  0.000000  0.000000  0.000000  1.000000  0.000000  0.000000  0.000000  1.000000  0.999943  0.009489  -0.004947  -0.009493  0.999955  -0.000655  0.004940  0.000702  0.999988  0.000045  0.000000  
173.838283 0.001842  0.090541  -0.018163  0.996913  0.054267  -0.056737  -0.055265  0.998341  -0.016169  0.055765  0.019255  0.998258  0.001063  -0.005895  0.003217  0.000000  0.000000  0.000000  2.000000  0.999943  0.009489  -0.004947  -0.009493  0.999955  -0.000655  0.004940  0.000702  0.999988  0.999996  0.002669  -0.000185  -0.002669  0.999996  -0.000336  0.000184  0.000336  1.000000  1.000000  0.000000  0.000000  0.000000  1.000000  0.000000  0.000000  0.000000  1.000000  0.999943  0.009489  -0.004947  -0.009493  0.999955  -0.000655  0.004940  0.000702  0.999988  0.000044  0.000000  
173.839531 0.001844  0.090534  -0.018160  0.996913  0.054267  -0.056737  -0.055265  0.998341  -0.016169  0.055765  0.019255  0.998258  0.001198  -0.005896  0.003101  0.000000  0.000000  0.000000  2.000000  0.999943  0.009489  -0.004947  -0.009493  0.999955  -0.000655  0.004940  0.000702  0.999988  0.999997  0.002464  -0.000181  -0.002464  0.999997  -0.000347  0.000180  0.000348  1.000000  1.000000  0.000000  0.000000  0.000000  1.000000  0.000000  0.000000  0.000000  1.000000  0.999943  0.009489  -0.004947  -0.009493  0.999955  -0.000655  0.004940  0.000702  0.999988  0.000000  0.000000  
173.840533 0.001847  0.090528  -0.018158  0.996913  0.054267  -0.056737  -0.055265  0.998341  -0.016169  0.055765  0.019255  0.998258  0.001356  -0.005906  0.003012  0.000000  0.000000  0.000000  2.000000  0.999943  0.009489  -0.004947  -0.009493  0.999955  -0.000655  0.004940  0.000702  0.999988  0.999997  0.002258  -0.000177  -0.002258  0.999997  -0.000238  0.000177  0.000238  1.000000  1.000000  0.000000  0.000000  0.000000  1.000000  0.000000  0.000000  0.000000  1.000000  0.999943  0.009489  -0.004947  -0.009493  0.999955  -0.000655  0.004940  0.000702  0.999988  0.000000  0.000000  
173.841783 0.001849  0.090521  -0.018155  0.996913  0.054267  -0.056737  -0.055265  0.998341  -0.016169  0.055765  0.019255  0.998258  0.001438  -0.005910  0.002911  0.000000  0.000000  0.000000  2.000000  0.999943  0.009489  -0.004947  -0.009493  0.999955  -0.000655  0.004940  0.000702  0.999988  0.999998  0.002053  -0.000173  -0.002053  0.999998  -0.000249  0.000173  0.000249  1.000000  1.000000  0.000000  0.000000  0.000000  1.000000  0.000000  0.000000  0.000000  1.000000  0.999943  0.009489  -0.004947  -0.009493  0.999955  -0.000655  0.004940  0.000702  0.999988  0.000000  0.000000  
173.842791 0.001852  0.090514  -0.018153  0.996913  0.054267  -0.056737  -0.055265  0.998341  -0.016169  0.055765  0.019255  0.998258  0.001579  -0.005891  0.002847  0.000000  0.000000  0.000000  2.000000  0.999943  0.009489  -0.004947  -0.009493  0.999955  -0.000655  0.004940  0.000702  0.999988  0.999998  0.001850  -0.000036  -0.001850  0.999998  -0.000261  0.000035  0.000261  1.000000  1.000000  0.000000  0.000000  0.000000  1.000000  0.000000  0.000000  0.000000  1.000000  0.999943  0.009489  -0.004947  -0.009493  0.999955  -0.000655  0.004940  0.000702  0.999988  0.000000  0.000000  
173.844035 0.001855  0.090507  -0.018150  0.996902  0.054472  -0.056740  -0.055470  0.998330  -0.016158  0.055765  0.019255  0.998258  0.001735  -0.005891  0.002800  0.000000  0.000000  0.000000  2.000000  0.999943  0.009489  -0.004947  -0.009493  0.999955  -0.000655  0.004940  0.000702  0.999988  0.999998  0.001850  -0.000036  -0.001850  0.999998  -0.000261  0.000035  0.000261  1.000000  1.000000  0.000000  0.000000  0.000000  1.000000  0.000000  0.000000  0.000000  1.000000  0.999943  0.009489  -0.004947  -0.009493  0.999955  -0.000655  0.004940  0.000702  0.999988  0.000000  0.000000  
