1-Time 2-Px 3-Py 4-Pz 5-R11 6-R21 7-R31 8-R12 9-R22 10-R32 11-R13 12-R23 13-R33 14-Vx 15-Vy 16-Vz 17-Wx 18-Wy 19-Wz 20-state 21-PR11 22-PR21 23-PR31 24-PR12 25-PR22 26-PR32 27-PR13 28-PR23 29-PR33 
97.938901 -0.002807  0.084551  -0.017829  0.993218  0.098683  0.061483  -0.102600  0.992649  0.064195  -0.054696  -0.070068  0.996042  0.001801  0.001324  0.001053  0.000000  0.000000  0.000000  2.000000  1.000000  0.000000  0.000000  0.000000  1.000000  0.000000  0.000000  0.000000  1.000000  1.000000  -0.000615  -0.000043  0.000615  0.999997  -0.002392  0.000045  0.002392  0.999997  1.000000  0.000000  0.000000  0.000000  1.000000  0.000000  0.000000  0.000000  1.000000  0.703942  0.432247  0.563585  -0.488183  0.870805  -0.058111  -0.515891  -0.234226  0.824011  0.000000  0.000000  
97.939907 -0.002805  0.084552  -0.017828  0.993218  0.098690  0.061471  -0.102600  0.992657  0.064075  -0.054696  -0.069947  0.996050  0.001769  0.001301  0.001036  0.000000  0.000000  0.000000  2.000000  1.000000  0.000000  0.000000  0.000000  1.000000  0.000000  0.000000  0.000000  1.000000  1.000000  -0.000615  -0.000043  0.000615  0.999997  -0.002392  0.000045  0.002392  0.999997  1.000000  0.000000  0.000000  0.000000  1.000000  0.000000  0.000000  0.000000  1.000000  1.000000  0.000000  0.000000  0.000000  1.000000  0.000000  0.000000  0.000000  1.000000  0.000000  0.000000  
97.941158 -0.002805  0.084550  -0.017828  0.993161  0.099080  0.061763  -0.103007  0.992618  0.064022  -0.054964  -0.069946  0.996035  0.001583  0.001026  0.000959  0.000000  0.000000  0.000000  2.000000  1.000000  0.000000  0.000000  0.000000  1.000000  0.000000  0.000000  0.000000  1.000000  1.000000  -0.000214  0.000119  0.000215  0.999997  -0.002293  -0.000119  0.002293  0.999997  1.000000  0.000000  0.000000  0.000000  1.000000  0.000000  0.000000  0.000000  1.000000  1.000000  0.000000  0.000000  0.000000  1.000000  0.000000  0.000000  0.000000  1.000000  0.000000  0.000000  
97.942405 -0.002806  0.084546  -0.017829  0.993061  0.099879  0.062081  -0.103824  0.992538  0.063944  -0.055231  -0.069945  0.996021  0.001391  0.000677  0.000844  0.000000  0.000000  0.000000  2.000000  1.000000  0.000000  0.000000  0.000000  1.000000  0.000000  0.000000  0.000000  1.000000  1.000000  0.000587  0.000444  -0.000586  0.999997  -0.002217  -0.000445  0.002217  0.999997  1.000000  0.000000  0.000000  0.000000  1.000000  0.000000  0.000000  0.000000  1.000000  1.000000  0.000000  0.000000  0.000000  1.000000  0.000000  0.000000  0.000000  1.000000  0.000000  0.000000  
97.943656 -0.002806  0.084541  -0.017829  0.993003  0.100269  0.062372  -0.104231  0.992499  0.063890  -0.055498  -0.069944  0.996006  0.001231  0.000254  0.000718  0.000000  0.000000  0.000000  2.000000  1.000000  0.000000  0.000000  0.000000  1.000000  0.000000  0.000000  0.000000  1.000000  0.999999  0.001174  0.000887  -0.001172  0.999997  -0.002131  -0.000890  0.002130  0.999997  1.000000  0.000000  0.000000  0.000000  1.000000  0.000000  0.000000  0.000000  1.000000  1.000000  0.000000  0.000000  0.000000  1.000000  0.000000  0.000000  0.000000  1.000000  0.000000  0.000000  
97.944907 -0.002808  0.084536  -0.017829  0.992953  0.100661  0.062543  -0.104639  0.992451  0.063971  -0.055632  -0.070065  0.995990  0.000993  -0.000232  0.000640  0.000000  0.000000  0.000000  2.000000  1.000000  0.000000  0.000000  0.000000  1.000000  0.000000  0.000000  0.000000  1.000000  0.999998  0.001575  0.001050  -0.001573  0.999997  -0.001790  -0.001052  0.001788  0.999998  1.000000  0.000000  0.000000  0.000000  1.000000  0.000000  0.000000  0.000000  1.000000  1.000000  0.000000  0.000000  0.000000  1.000000  0.000000  0.000000  0.000000  1.000000  0.000000  0.000000  
97.946152 -0.002809  0.084531  -0.017828  0.992910  0.101062  0.062582  -0.105048  0.992401  0.064066  -0.055632  -0.070185  0.995981  0.000768  -0.000668  0.000608  0.000000  0.000000  0.000000  2.000000  1.000000  0.000000  0.000000  0.000000  1.000000  0.000000  0.000000  0.000000  1.000000  0.999997  0.001975  0.001212  -0.001973  0.999997  -0.001570  -0.001215  0.001568  0.999998  1.000000  0.000000  0.000000  0.000000  1.000000  0.000000  0.000000  0.000000  1.000000  1.000000  0.000000  0.000000  0.000000  1.000000  0.000000  0.000000  0.000000  1.000000  0.000000  0.000000  
97.947154 -0.002810  0.084528  -0.017827  0.992845  0.101667  0.062634  -0.105661  0.992331  0.064147  -0.055632  -0.070306  0.995973  0.000574  -0.000986  0.000621  0.000000  0.000000  0.000000  2.000000  1.000000  0.000000  0.000000  0.000000  1.000000  0.000000  0.000000  0.000000  1.000000  0.999997  0.002395  0.001108  -0.002393  0.999996  -0.001351  -0.001111  0.001348  0.999998  1.000000  0.000000  0.000000  0.000000  1.000000  0.000000  0.000000  0.000000  1.000000  1.000000  0.000000  0.000000  0.000000  1.000000  0.000000  0.000000  0.000000  1.000000  0.000000  0.000000  
97.948401 -0.002810  0.084524  -0.017825  0.992757  0.102469  0.062711  -0.106479  0.992231  0.064336  -0.055632  -0.070548  0.995956  0.000356  -0.001349  0.000626  0.000000  0.000000  0.000000  2.000000  1.000000  0.000000  0.000000  0.000000  1.000000  0.000000  0.000000  0.000000  1.000000  0.999994  0.003215  0.001166  -0.003213  0.999994  -0.001154  -0.001170  0.001150  0.999999  1.000000  0.000000  0.000000  0.000000  1.000000  0.000000  0.000000  0.000000  1.000000  1.000000  0.000000  0.000000  0.000000  1.000000  0.000000  0.000000  0.000000  1.000000  0.000000  0.000000  
97.949407 -0.002811  0.084520  -0.017825  0.992692  0.103074  0.062763  -0.107092  0.992160  0.064418  -0.055632  -0.070669  0.995947  0.000173  -0.001669  0.000602  0.000000  0.000000  0.000000  2.000000  1.000000  0.000000  0.000000  0.000000  1.000000  0.000000  0.000000  0.000000  1.000000  0.999991  0.004035  0.001224  -0.004034  0.999991  -0.000957  -0.001228  0.000952  0.999999  1.000000  0.000000  0.000000  0.000000  1.000000  0.000000  0.000000  0.000000  1.000000  1.000000  0.000000  0.000000  0.000000  1.000000  0.000000  0.000000  0.000000  1.000000  0.000000  0.000000  
97.950655 -0.002812  0.084517  -0.017823  0.992588  0.103872  0.063081  -0.107908  0.992077  0.064337  -0.055899  -0.070668  0.995932  -0.000007  -0.002034  0.000632  0.000000  0.000000  0.000000  2.000000  1.000000  0.000000  0.000000  0.000000  1.000000  0.000000  0.000000  0.000000  1.000000  0.999987  0.004836  0.001550  -0.004835  0.999988  -0.000641  -0.001553  0.000633  0.999999  1.000000  0.000000  0.000000  0.000000  1.000000  0.000000  0.000000  0.000000  1.000000  1.000000  0.000000  0.000000  0.000000  1.000000  0.000000  0.000000  0.000000  1.000000  0.000000  0.000000  
97.951902 -0.002812  0.084513  -0.017820  0.992454  0.104858  0.063558  -0.108927  0.991965  0.064349  -0.056299  -0.070787  0.995901  -0.000152  -0.002422  0.000734  -0.055588  -0.067658  0.189056  2.000000  1.000000  0.000340  0.000110  -0.000340  1.000000  -0.000034  -0.000110  0.000034  1.000000  0.999981  0.005842  0.001890  -0.005841  0.999983  -0.000458  -0.001892  0.000447  0.999998  1.000000  0.000073  0.000024  -0.000073  1.000000  -0.000006  -0.000024  0.000006  1.000000  1.000000  0.000340  0.000110  -0.000340  1.000000  -0.000034  -0.000110  0.000034  1.000000  0.000050  0.006157  
97.952903 -0.002811  0.084510  -0.017816  0.992357  0.105665  0.063743  -0.109743  0.991879  0.064282  -0.056433  -0.070786  0.995894  -0.000201  -0.002691  0.000968  -0.053454  -0.074612  0.223218  2.000000  1.000000  0.000657  0.000214  -0.000657  1.000000  -0.000056  -0.000214  0.000055  1.000000  0.999975  0.006643  0.002215  -0.006642  0.999978  -0.000385  -0.002217  0.000370  0.999997  1.000000  0.000083  0.000028  -0.000083  1.000000  -0.000005  -0.000028  0.000005  1.000000  1.000000  0.000657  0.000214  -0.000657  1.000000  -0.000056  -0.000214  0.000055  1.000000  0.000059  0.007013  
97.954153 -0.002812  0.084505  -0.017811  0.992228  0.106667  0.064074  -0.110763  0.991772  0.064187  -0.056700  -0.070785  0.995879  -0.000371  -0.003065  0.001214  -0.051335  -0.086037  0.257033  2.000000  0.999999  0.001110  0.000364  -0.001110  0.999999  -0.000077  -0.000364  0.000076  1.000000  0.999967  0.007649  0.002554  -0.007649  0.999971  -0.000324  -0.002556  0.000305  0.999997  1.000000  0.000096  0.000032  -0.000096  1.000000  -0.000004  -0.000032  0.000004  1.000000  0.999999  0.001110  0.000364  -0.001110  0.999999  -0.000077  -0.000364  0.000076  1.000000  0.000067  0.008071  
97.955153 -0.002813  0.084500  -0.017807  0.992137  0.107476  0.064140  -0.111580  0.991676  0.064254  -0.056700  -0.070906  0.995870  -0.000509  -0.003440  0.001447  -0.044718  -0.088001  0.284563  2.000000  0.999999  0.001420  0.000461  -0.001420  0.999999  -0.000084  -0.000461  0.000083  1.000000  0.999959  0.008674  0.002627  -0.008674  0.999962  -0.000141  -0.002629  0.000118  0.999997  1.000000  0.000108  0.000033  -0.000108  1.000000  -0.000002  -0.000033  0.000002  1.000000  0.999999  0.001420  0.000461  -0.001420  0.999999  -0.000084  -0.000461  0.000083  1.000000  0.000074  0.009065  
97.956159 -0.002815  0.084494  -0.017804  0.992060  0.108079  0.064312  -0.112192  0.991610  0.064200  -0.056834  -0.070905  0.995863  -0.000611  -0.003740  0.001672  -0.041814  -0.093936  0.304880  2.000000  0.999998  0.001879  0.000600  -0.001879  0.999998  -0.000089  -0.000600  0.000088  1.000000  0.999951  0.009485  0.002819  -0.009485  0.999955  -0.000068  -0.002819  0.000041  0.999996  1.000000  0.000119  0.000035  -0.000119  1.000000  -0.000001  -0.000035  0.000001  1.000000  0.999998  0.001879  0.000600  -0.001879  0.999998  -0.000089  -0.000600  0.000088  1.000000  0.000081  0.009895  
97.957407 -0.002817  0.084485  -0.017799  0.991967  0.108888  0.064378  -0.113009  0.991513  0.064267  -0.056834  -0.071026  0.995854  -0.000711  -0.004070  0.002017  -0.031127  -0.095882  0.332421  2.000000  0.999997  0.002376  0.000742  -0.002376  0.999997  -0.000086  -0.000742  0.000084  1.000000  0.999943  0.010305  0.002878  -0.010305  0.999947  0.000127  -0.002877  -0.000157  0.999996  1.000000  0.000129  0.000036  -0.000129  1.000000  0.000002  -0.000036  -0.000002  1.000000  0.999997  0.002376  0.000742  -0.002376  0.999997  -0.000086  -0.000742  0.000084  1.000000  0.000087  0.010700  
97.958657 -0.002818  0.084475  -0.017796  0.991874  0.109689  0.064458  -0.113826  0.991408  0.064455  -0.056834  -0.071268  0.995837  -0.000781  -0.004405  0.002215  -0.020830  -0.098368  0.366865  2.000000  0.999995  0.003046  0.000924  -0.003046  0.999995  -0.000067  -0.000924  0.000064  1.000000  0.999934  0.011124  0.002939  -0.011126  0.999938  0.000444  -0.002934  -0.000477  0.999996  1.000000  0.000139  0.000037  -0.000139  1.000000  0.000006  -0.000037  -0.000006  1.000000  0.999995  0.003046  0.000924  -0.003046  0.999995  -0.000067  -0.000924  0.000064  1.000000  0.000095  0.011515  
97.959909 -0.002819  0.084464  -0.017793  0.991749  0.110684  0.064683  -0.114846  0.991280  0.064613  -0.056967  -0.071509  0.995812  -0.000796  -0.004805  0.002393  -0.010559  -0.105332  0.400945  2.000000  0.999992  0.003767  0.001114  -0.003767  0.999993  -0.000029  -0.001114  0.000025  0.999999  0.999924  0.011935  0.003132  -0.011937  0.999929  0.000637  -0.003124  -0.000675  0.999995  1.000000  0.000149  0.000039  -0.000149  1.000000  0.000008  -0.000039  -0.000008  1.000000  0.999992  0.003767  0.001114  -0.003767  0.999993  -0.000029  -0.001114  0.000025  0.999999  0.000102  0.012356  
97.961152 -0.002819  0.084452  -0.017792  0.991638  0.111465  0.065028  -0.115661  0.991175  0.064770  -0.057235  -0.071749  0.995779  -0.000651  -0.005294  0.002423  0.004140  -0.116297  0.427943  2.000000  0.999989  0.004543  0.001316  -0.004543  0.999990  0.000030  -0.001316  -0.000036  0.999999  0.999916  0.012548  0.003180  -0.012552  0.999921  0.001085  -0.003166  -0.001125  0.999994  1.000000  0.000157  0.000040  -0.000157  1.000000  0.000014  -0.000040  -0.000014  1.000000  0.999989  0.004543  0.001316  -0.004543  0.999990  0.000030  -0.001316  -0.000036  0.999999  0.000109  0.012992  
97.962153 -0.002818  0.084443  -0.017792  0.991535  0.112256  0.065241  -0.116476  0.991068  0.064941  -0.057368  -0.071990  0.995754  -0.000547  -0.005639  0.002302  0.014788  -0.122783  0.455172  2.000000  0.999985  0.005186  0.001479  -0.005186  0.999987  0.000090  -0.001479  -0.000097  0.999999  0.999911  0.012958  0.003212  -0.012962  0.999915  0.001302  -0.003195  -0.001344  0.999994  1.000000  0.000162  0.000040  -0.000162  1.000000  0.000017  -0.000040  -0.000017  1.000000  0.999985  0.005186  0.001479  -0.005186  0.999987  0.000090  -0.001479  -0.000097  0.999999  0.000116  0.013416  
97.963407 -0.002816  0.084431  -0.017793  0.991431  0.113039  0.065468  -0.117292  0.990953  0.065232  -0.057502  -0.072352  0.995720  -0.000416  -0.006228  0.002199  0.029505  -0.129283  0.482320  2.000000  0.999982  0.005841  0.001642  -0.005841  0.999983  0.000162  -0.001641  -0.000172  0.999999  0.999908  0.013162  0.003230  -0.013167  0.999912  0.001529  -0.003210  -0.001571  0.999994  1.000000  0.000165  0.000040  -0.000165  1.000000  0.000019  -0.000040  -0.000019  1.000000  0.999982  0.005841  0.001642  -0.005841  0.999983  0.000162  -0.001641  -0.000172  0.999999  0.000123  0.013641  
97.964652 -0.002815  0.084418  -0.017795  0.991351  0.113625  0.065668  -0.117903  0.990868  0.065416  -0.057635  -0.072593  0.995695  -0.000269  -0.006806  0.001968  0.040157  -0.135819  0.509703  2.000000  0.999976  0.006672  0.001836  -0.006672  0.999978  0.000271  -0.001834  -0.000283  0.999998  0.999906  0.013375  0.003116  -0.013381  0.999909  0.001879  -0.003091  -0.001921  0.999993  1.000000  0.000167  0.000039  -0.000167  1.000000  0.000024  -0.000039  -0.000024  1.000000  0.999976  0.006672  0.001836  -0.006672  0.999978  0.000271  -0.001834  -0.000283  0.999998  0.000131  0.013864  
97.965656 -0.002814  0.084407  -0.017797  0.991278  0.114221  0.065736  -0.118516  0.990782  0.065616  -0.057635  -0.072835  0.995677  -0.000145  -0.007400  0.001715  0.051207  -0.137300  0.530226  2.000000  0.999971  0.007349  0.001988  -0.007349  0.999973  0.000364  -0.001985  -0.000379  0.999998  0.999903  0.013589  0.003001  -0.013595  0.999906  0.001988  -0.002974  -0.002029  0.999994  1.000000  0.000170  0.000037  -0.000170  1.000000  0.000025  -0.000037  -0.000025  1.000000  0.999971  0.007349  0.001988  -0.007349  0.999973  0.000364  -0.001985  -0.000379  0.999998  0.000136  0.014061  
97.966904 -0.002812  0.084393  -0.017799  0.991197  0.114800  0.065951  -0.119127  0.990688  0.065920  -0.057769  -0.073196  0.995643  -0.000043  -0.008090  0.001312  0.066310  -0.143344  0.550578  2.000000  0.999964  0.008213  0.002175  -0.008214  0.999966  0.000492  -0.002171  -0.000510  0.999998  0.999900  0.013793  0.003019  -0.013799  0.999903  0.002096  -0.002990  -0.002137  0.999993  1.000000  0.000172  0.000038  -0.000172  1.000000  0.000026  -0.000038  -0.000026  1.000000  0.999964  0.008213  0.002175  -0.008214  0.999966  0.000492  -0.002171  -0.000510  0.999998  0.000142  0.014278  
97.967908 -0.002811  0.084381  -0.017800  0.991123  0.115403  0.066005  -0.119739  0.990609  0.066000  -0.057769  -0.073317  0.995634  0.000005  -0.008670  0.000990  0.073284  -0.144814  0.571168  2.000000  0.999958  0.008907  0.002333  -0.008909  0.999960  0.000599  -0.002328  -0.000620  0.999997  0.999900  0.013783  0.003156  -0.013790  0.999902  0.002217  -0.003125  -0.002260  0.999993  1.000000  0.000172  0.000039  -0.000172  1.000000  0.000028  -0.000039  -0.000028  1.000000  0.999958  0.008907  0.002333  -0.008909  0.999960  0.000599  -0.002328  -0.000620  0.999997  0.000147  0.014316  
97.969154 -0.002810  0.084367  -0.017801  0.991041  0.115989  0.066206  -0.120350  0.990523  0.066183  -0.057902  -0.073558  0.995609  0.000117  -0.009370  0.000532  0.083645  -0.149645  0.586882  2.000000  0.999949  0.009771  0.002534  -0.009773  0.999952  0.000736  -0.002527  -0.000760  0.999997  0.999903  0.013567  0.003278  -0.013574  0.999905  0.002227  -0.003247  -0.002271  0.999992  1.000000  0.000170  0.000041  -0.000170  1.000000  0.000028  -0.000041  -0.000028  1.000000  0.999949  0.009771  0.002534  -0.009773  0.999952  0.000736  -0.002527  -0.000760  0.999997  0.000153  0.014138  
97.970407 -0.002810  0.084352  -0.017801  0.990984  0.116379  0.066380  -0.120757  0.990468  0.066260  -0.058036  -0.073678  0.995592  0.000258  -0.009836  0.000225  0.092025  -0.151388  0.598659  2.000000  0.999940  0.010621  0.002740  -0.010624  0.999943  0.000874  -0.002730  -0.000903  0.999996  0.999905  0.013361  0.003264  -0.013369  0.999908  0.002237  -0.003234  -0.002281  0.999992  1.000000  0.000167  0.000041  -0.000167  1.000000  0.000028  -0.000041  -0.000028  1.000000  0.999940  0.010621  0.002740  -0.010624  0.999943  0.000874  -0.002730  -0.000903  0.999996  0.000157  0.013939  
97.971651 -0.002810  0.084337  -0.017802  0.990902  0.116973  0.066567  -0.121368  0.990389  0.066323  -0.058170  -0.073799  0.995575  0.000358  -0.010240  -0.000015  0.095225  -0.150169  0.593682  2.000000  0.999932  0.011282  0.002903  -0.011284  0.999936  0.000990  -0.002892  -0.001023  0.999995  0.999908  0.013156  0.003251  -0.013164  0.999911  0.002369  -0.003219  -0.002412  0.999992  1.000000  0.000165  0.000040  -0.000165  1.000000  0.000030  -0.000040  -0.000030  1.000000  0.999932  0.011282  0.002903  -0.011284  0.999936  0.000990  -0.002892  -0.001023  0.999995  0.000155  0.013761  
97.972653 -0.002810  0.084325  -0.017802  0.990844  0.117363  0.066741  -0.121775  0.990334  0.066399  -0.058303  -0.073919  0.995559  0.000467  -0.010602  -0.000239  0.099148  -0.145758  0.593995  2.000000  0.999924  0.011932  0.003059  -0.011935  0.999928  0.001105  -0.003046  -0.001142  0.999995  0.999911  0.012960  0.003104  -0.012968  0.999913  0.002379  -0.003073  -0.002420  0.999992  1.000000  0.000162  0.000039  -0.000162  1.000000  0.000030  -0.000039  -0.000030  1.000000  0.999924  0.011932  0.003059  -0.011935  0.999928  0.001105  -0.003046  -0.001142  0.999995  0.000155  0.013542  
97.973655 -0.002810  0.084312  -0.017801  0.990786  0.117761  0.066901  -0.122182  0.990287  0.066355  -0.058437  -0.073918  0.995551  0.000527  -0.010885  -0.000371  0.099027  -0.141308  0.594306  2.000000  0.999916  0.012565  0.003207  -0.012569  0.999920  0.001224  -0.003192  -0.001264  0.999994  0.999917  0.012560  0.002940  -0.012567  0.999918  0.002402  -0.002910  -0.002439  0.999993  1.000000  0.000157  0.000037  -0.000157  1.000000  0.000030  -0.000037  -0.000030  1.000000  0.999916  0.012565  0.003207  -0.012569  0.999920  0.001224  -0.003192  -0.001264  0.999994  0.000156  0.013125  
97.974905 -0.002811  0.084296  -0.017801  0.990710  0.118356  0.066970  -0.122794  0.990198  0.066554  -0.058437  -0.074160  0.995533  0.000515  -0.011224  -0.000500  0.102640  -0.137464  0.601442  2.000000  0.999905  0.013327  0.003382  -0.013332  0.999910  0.001380  -0.003363  -0.001425  0.999993  0.999925  0.011964  0.002630  -0.011971  0.999925  0.002560  -0.002599  -0.002591  0.999993  1.000000  0.000150  0.000033  -0.000150  1.000000  0.000032  -0.000033  -0.000032  1.000000  0.999905  0.013327  0.003382  -0.013332  0.999910  0.001380  -0.003363  -0.001425  0.999993  0.000155  0.012518  
97.975905 -0.002813  0.084284  -0.017801  0.990677  0.118542  0.067131  -0.122997  0.990167  0.066644  -0.058570  -0.074280  0.995516  0.000429  -0.011408  -0.000569  0.102947  -0.137036  0.594565  2.000000  0.999897  0.013907  0.003517  -0.013912  0.999902  0.001510  -0.003495  -0.001559  0.999993  0.999932  0.011339  0.002719  -0.011346  0.999932  0.002595  -0.002690  -0.002626  0.999993  1.000000  0.000142  0.000034  -0.000142  1.000000  0.000033  -0.000034  -0.000033  1.000000  0.999897  0.013907  0.003517  -0.013912  0.999902  0.001510  -0.003495  -0.001559  0.999993  0.000156  0.011950  
97.976906 -0.002814  0.084271  -0.017801  0.990626  0.118942  0.067172  -0.123405  0.990110  0.066737  -0.058570  -0.074401  0.995507  0.000289  -0.011612  -0.000583  0.103048  -0.141641  0.594582  2.000000  0.999889  0.014458  0.003646  -0.014465  0.999894  0.001646  -0.003622  -0.001698  0.999992  0.999937  0.010939  0.002557  -0.010946  0.999936  0.002741  -0.002527  -0.002769  0.999993  1.000000  0.000137  0.000032  -0.000137  1.000000  0.000034  -0.000032  -0.000034  1.000000  0.999889  0.014458  0.003646  -0.014465  0.999894  0.001646  -0.003622  -0.001698  0.999992  0.000155  0.011567  
97.978154 -0.002816  0.084256  -0.017801  0.990601  0.119138  0.067201  -0.123609  0.990077  0.066843  -0.058570  -0.074521  0.995498  0.000053  -0.011909  -0.000555  0.101342  -0.140829  0.571555  2.000000  0.999881  0.014984  0.003774  -0.014991  0.999886  0.001786  -0.003747  -0.001842  0.999991  0.999941  0.010528  0.002529  -0.010536  0.999940  0.002887  -0.002498  -0.002913  0.999993  1.000000  0.000132  0.000031  -0.000132  1.000000  0.000036  -0.000031  -0.000036  1.000000  0.999881  0.014984  0.003774  -0.014991  0.999886  0.001786  -0.003747  -0.001842  0.999991  0.000152  0.011210  
97.979406 -0.002818  0.084240  -0.017801  0.990550  0.119529  0.067257  -0.124017  0.990012  0.067055  -0.058570  -0.074763  0.995480  -0.000198  -0.012046  -0.000426  0.104946  -0.139277  0.560004  2.000000  0.999870  0.015614  0.003932  -0.015622  0.999876  0.001963  -0.003901  -0.002024  0.999990  0.999948  0.009913  0.002486  -0.009920  0.999947  0.002923  -0.002457  -0.002948  0.999993  1.000000  0.000124  0.000031  -0.000124  1.000000  0.000037  -0.000031  -0.000037  1.000000  0.999870  0.015614  0.003932  -0.015622  0.999876  0.001963  -0.003901  -0.002024  0.999990  0.000147  0.010633  
97.980655 -0.002822  0.084223  -0.017803  0.990499  0.119920  0.067314  -0.124425  0.989946  0.067268  -0.058570  -0.075004  0.995462  -0.000533  -0.012244  -0.000400  0.115040  -0.125529  0.544921  2.000000  0.999860  0.016215  0.004081  -0.016224  0.999866  0.002142  -0.004046  -0.002208  0.999989  0.999954  0.009308  0.002308  -0.009314  0.999953  0.002838  -0.002281  -0.002860  0.999993  1.000000  0.000116  0.000029  -0.000116  1.000000  0.000036  -0.000029  -0.000036  1.000000  0.999860  0.016215  0.004081  -0.016224  0.999866  0.002142  -0.004046  -0.002208  0.999989  0.000143  0.010004  
97.981906 -0.002827  0.084205  -0.017806  0.990465  0.120106  0.067474  -0.124628  0.989915  0.067357  -0.058704  -0.075124  0.995445  -0.001006  -0.012510  -0.000430  0.116606  -0.119177  0.518047  2.000000  0.999850  0.016784  0.004222  -0.016794  0.999856  0.002320  -0.004182  -0.002391  0.999988  0.999958  0.008907  0.002146  -0.008913  0.999956  0.002862  -0.002120  -0.002881  0.999994  1.000000  0.000111  0.000027  -0.000111  1.000000  0.000036  -0.000027  -0.000036  1.000000  0.999850  0.016784  0.004222  -0.016794  0.999856  0.002320  -0.004182  -0.002391  0.999988  0.000138  0.009601  
97.983151 -0.002833  0.084187  -0.017811  0.990406  0.120487  0.067663  -0.125035  0.989850  0.067553  -0.058837  -0.075365  0.995419  -0.001436  -0.012805  -0.000678  0.124342  -0.112727  0.500077  2.000000  0.999841  0.017312  0.004357  -0.017323  0.999847  0.002493  -0.004314  -0.002568  0.999987  0.999965  0.008087  0.002086  -0.008093  0.999963  0.002788  -0.002064  -0.002805  0.999994  1.000000  0.000101  0.000026  -0.000101  1.000000  0.000035  -0.000026  -0.000035  1.000000  0.999841  0.017312  0.004357  -0.017323  0.999847  0.002493  -0.004314  -0.002568  0.999987  0.000132  0.008807  
97.984151 -0.002838  0.084171  -0.017815  0.990373  0.120673  0.067824  -0.125237  0.989818  0.067643  -0.058971  -0.075485  0.995402  -0.001844  -0.013044  -0.000948  0.129508  -0.111252  0.479568  2.000000  0.999833  0.017705  0.004463  -0.017717  0.999840  0.002624  -0.004416  -0.002702  0.999987  0.999967  0.007882  0.002072  -0.007887  0.999965  0.002678  -0.002051  -0.002694  0.999994  1.000000  0.000099  0.000026  -0.000099  1.000000  0.000034  -0.000026  -0.000034  1.000000  0.999833  0.017705  0.004463  -0.017717  0.999840  0.002624  -0.004416  -0.002702  0.999987  0.000129  0.008581  
97.985399 -0.002845  0.084152  -0.017821  0.990313  0.121062  0.067999  -0.125644  0.989761  0.067718  -0.059105  -0.075606  0.995385  -0.002335  -0.013360  -0.001305  0.130664  -0.109825  0.459149  2.000000  0.999824  0.018174  0.004593  -0.018187  0.999831  0.002782  -0.004542  -0.002865  0.999986  0.999972  0.007266  0.002026  -0.007271  0.999971  0.002471  -0.002008  -0.002486  0.999995  1.000000  0.000091  0.000025  -0.000091  1.000000  0.000031  -0.000025  -0.000031  1.000000  0.999824  0.018174  0.004593  -0.018187  0.999831  0.002782  -0.004542  -0.002865  0.999986  0.000123  0.007940  
97.986408 -0.002851  0.084136  -0.017826  0.990287  0.121257  0.068027  -0.125848  0.989728  0.067824  -0.059105  -0.075726  0.995375  -0.002773  -0.013606  -0.001626  0.132929  -0.109249  0.442194  2.000000  0.999819  0.018449  0.004670  -0.018462  0.999825  0.002873  -0.004617  -0.002959  0.999985  0.999972  0.007266  0.002027  -0.007271  0.999971  0.002471  -0.002009  -0.002486  0.999995  1.000000  0.000091  0.000025  -0.000091  1.000000  0.000031  -0.000025  -0.000031  1.000000  0.999819  0.018449  0.004670  -0.018462  0.999825  0.002873  -0.004617  -0.002959  0.999985  0.000121  0.007940  
97.987652 -0.002858  0.084118  -0.017830  0.990261  0.121453  0.068056  -0.126052  0.989695  0.067930  -0.059105  -0.075847  0.995366  -0.003191  -0.013790  -0.001923  0.132709  -0.107458  0.425129  2.000000  0.999812  0.018807  0.004770  -0.018821  0.999818  0.002991  -0.004713  -0.003080  0.999984  0.999973  0.007071  0.001879  -0.007075  0.999972  0.002362  -0.001862  -0.002375  0.999995  1.000000  0.000088  0.000023  -0.000088  1.000000  0.000030  -0.000023  -0.000030  1.000000  0.999812  0.018807  0.004770  -0.018821  0.999818  0.002991  -0.004713  -0.003080  0.999984  0.000117  0.007690  
97.988904 -0.002865  0.084100  -0.017835  0.990228  0.121630  0.068232  -0.126255  0.989655  0.068139  -0.059238  -0.076088  0.995340  -0.003664  -0.013965  -0.002327  0.137859  -0.110418  0.404085  2.000000  0.999803  0.019227  0.004893  -0.019243  0.999810  0.003133  -0.004832  -0.003227  0.999983  0.999977  0.006446  0.001967  -0.006450  0.999977  0.002277  -0.001952  -0.002289  0.999995  1.000000  0.000081  0.000024  -0.000081  1.000000  0.000029  -0.000024  -0.000029  1.000000  0.999803  0.019227  0.004893  -0.019243  0.999810  0.003133  -0.004832  -0.003227  0.999983  0.000112  0.007115  
97.989906 -0.002871  0.084085  -0.017838  0.990202  0.121834  0.068246  -0.126459  0.989630  0.068125  -0.059238  -0.076088  0.995340  -0.003990  -0.014113  -0.002558  0.130925  -0.104487  0.383855  2.000000  0.999798  0.019463  0.004966  -0.019480  0.999805  0.003218  -0.004903  -0.003314  0.999982  0.999979  0.006251  0.001819  -0.006255  0.999978  0.002289  -0.001804  -0.002300  0.999996  1.000000  0.000078  0.000023  -0.000078  1.000000  0.000029  -0.000023  -0.000029  1.000000  0.999798  0.019463  0.004966  -0.019480  0.999805  0.003218  -0.004903  -0.003314  0.999982  0.000107  0.006903  
97.991157 -0.002878  0.084067  -0.017842  0.990149  0.122233  0.068289  -0.126866  0.989571  0.068217  -0.059238  -0.076209  0.995331  -0.004410  -0.014283  -0.002758  0.125020  -0.094945  0.367028  2.000000  0.999790  0.019846  0.005082  -0.019863  0.999797  0.003356  -0.005014  -0.003457  0.999981  0.999980  0.006046  0.001804  -0.006050  0.999979  0.002180  -0.001790  -0.002191  0.999996  1.000000  0.000076  0.000022  -0.000076  1.000000  0.000027  -0.000022  -0.000027  1.000000  0.999790  0.019846  0.005082  -0.019863  0.999797  0.003356  -0.005014  -0.003457  0.999981  0.000103  0.006677  
97.992405 -0.002886  0.084049  -0.017844  0.990089  0.122622  0.068464  -0.127273  0.989514  0.068292  -0.059372  -0.076329  0.995313  -0.004831  -0.014454  -0.002959  0.121700  -0.093984  0.353228  2.000000  0.999782  0.020218  0.005190  -0.020237  0.999789  0.003493  -0.005118  -0.003597  0.999980  0.999982  0.005851  0.001655  -0.005854  0.999980  0.002192  -0.001642  -0.002201  0.999996  1.000000  0.000073  0.000021  -0.000073  1.000000  0.000027  -0.000021  -0.000027  1.000000  0.999782  0.020218  0.005190  -0.020237  0.999789  0.003493  -0.005118  -0.003597  0.999980  0.000096  0.006465  
97.993406 -0.002892  0.084035  -0.017847  0.990063  0.122817  0.068493  -0.127477  0.989480  0.068398  -0.059372  -0.076450  0.995304  -0.005047  -0.014527  -0.003008  0.117421  -0.087796  0.336935  2.000000  0.999776  0.020503  0.005270  -0.020522  0.999783  0.003603  -0.005195  -0.003710  0.999980  0.999984  0.005451  0.001491  -0.005454  0.999983  0.002216  -0.001479  -0.002224  0.999996  1.000000  0.000068  0.000019  -0.000068  1.000000  0.000028  -0.000019  -0.000028  1.000000  0.999776  0.020503  0.005270  -0.020522  0.999783  0.003603  -0.005195  -0.003710  0.999980  0.000091  0.006072  
97.994410 -0.002898  0.084021  -0.017848  0.990063  0.122809  0.068508  -0.127477  0.989472  0.068518  -0.059372  -0.076570  0.995295  -0.005381  -0.014629  -0.003152  0.115488  -0.082538  0.319325  2.000000  0.999771  0.020709  0.005328  -0.020729  0.999778  0.003685  -0.005251  -0.003794  0.999979  0.999984  0.005451  0.001491  -0.005454  0.999983  0.002216  -0.001479  -0.002224  0.999996  1.000000  0.000068  0.000019  -0.000068  1.000000  0.000028  -0.000019  -0.000028  1.000000  0.999771  0.020709  0.005328  -0.020729  0.999778  0.003685  -0.005251  -0.003794  0.999979  0.000089  0.006072  
97.995654 -0.002907  0.084004  -0.017849  0.990037  0.123013  0.068522  -0.127681  0.989447  0.068504  -0.059372  -0.076570  0.995295  -0.005655  -0.014619  -0.003078  0.107279  -0.080889  0.303091  2.000000  0.999764  0.021037  0.005415  -0.021058  0.999771  0.003825  -0.005333  -0.003939  0.999978  0.999986  0.005051  0.001327  -0.005054  0.999985  0.002241  -0.001316  -0.002247  0.999997  1.000000  0.000063  0.000017  -0.000063  1.000000  0.000028  -0.000017  -0.000028  1.000000  0.999764  0.021037  0.005415  -0.021058  0.999771  0.003825  -0.005333  -0.003939  0.999978  0.000084  0.005684  
97.996655 -0.002913  0.083990  -0.017850  0.990010  0.123208  0.068551  -0.127885  0.989413  0.068610  -0.059372  -0.076691  0.995286  -0.005846  -0.014589  -0.003012  0.100807  -0.076115  0.292152  2.000000  0.999761  0.021163  0.005449  -0.021184  0.999768  0.003879  -0.005365  -0.003994  0.999978  0.999988  0.004856  0.001179  -0.004859  0.999986  0.002253  -0.001168  -0.002259  0.999997  1.000000  0.000000  0.000000  0.000000  1.000000  0.000000  0.000000  0.000000  1.000000  0.999761  0.021163  0.005449  -0.021184  0.999768  0.003879  -0.005365  -0.003994  0.999978  0.000082  0.000000  
97.997657 -0.002920  0.083977  -0.017852  0.990010  0.123208  0.068551  -0.127885  0.989413  0.068610  -0.059372  -0.076691  0.995286  -0.006048  -0.014486  -0.002889  0.097955  -0.074582  0.271507  2.000000  0.999761  0.021163  0.005449  -0.021184  0.999768  0.003879  -0.005365  -0.003994  0.999978  0.999989  0.004651  0.001163  -0.004654  0.999987  0.002144  -0.001153  -0.002149  0.999997  1.000000  0.000000  0.000000  0.000000  1.000000  0.000000  0.000000  0.000000  1.000000  0.999761  0.021163  0.005449  -0.021184  0.999768  0.003879  -0.005365  -0.003994  0.999978  0.000076  0.000000  
97.998679 -0.002927  0.083963  -0.017854  0.989984  0.123404  0.068580  -0.128088  0.989379  0.068716  -0.059372  -0.076812  0.995276  -0.006124  -0.014353  -0.002733  0.094176  -0.069561  0.264692  2.000000  0.999761  0.021163  0.005449  -0.021184  0.999768  0.003879  -0.005365  -0.003994  0.999978  0.999989  0.004651  0.001163  -0.004653  0.999987  0.002023  -0.001154  -0.002028  0.999997  1.000000  0.000000  0.000000  0.000000  1.000000  0.000000  0.000000  0.000000  1.000000  0.999761  0.021163  0.005449  -0.021184  0.999768  0.003879  -0.005365  -0.003994  0.999978  0.000073  0.000000  
97.999907 -0.002935  0.083946  -0.017858  0.989950  0.123597  0.068726  -0.128291  0.989355  0.068684  -0.059505  -0.076811  0.995268  -0.006228  -0.014255  -0.002548  0.090946  -0.068586  0.251106  2.000000  0.999761  0.021163  0.005449  -0.021184  0.999768  0.003879  -0.005365  -0.003994  0.999978  0.999989  0.004436  0.001281  -0.004438  0.999988  0.001913  -0.001273  -0.001919  0.999997  1.000000  0.000000  0.000000  0.000000  1.000000  0.000000  0.000000  0.000000  1.000000  0.999761  0.021163  0.005449  -0.021184  0.999768  0.003879  -0.005365  -0.003994  0.999978  0.000069  0.000000  
98.001156 -0.002943  0.083929  -0.017861  0.989915  0.123782  0.068887  -0.128494  0.989323  0.068773  -0.059639  -0.076931  0.995251  -0.006268  -0.014062  -0.002380  0.090637  -0.067587  0.242385  2.000000  0.999761  0.021163  0.005449  -0.021184  0.999768  0.003879  -0.005365  -0.003994  0.999978  0.999990  0.004231  0.001266  -0.004233  0.999989  0.001804  -0.001258  -0.001809  0.999998  1.000000  0.000000  0.000000  0.000000  1.000000  0.000000  0.000000  0.000000  1.000000  0.999761  0.021163  0.005449  -0.021184  0.999768  0.003879  -0.005365  -0.003994  0.999978  0.000067  0.000000  
98.002432 -0.002950  0.083912  -0.017864  0.989915  0.123774  0.068902  -0.128494  0.989314  0.068893  -0.059639  -0.077052  0.995242  -0.006248  -0.013906  -0.002255  0.092448  -0.062021  0.223686  2.000000  0.999761  0.021163  0.005449  -0.021184  0.999768  0.003879  -0.005365  -0.003994  0.999978  0.999991  0.004016  0.001383  -0.004018  0.999990  0.001695  -0.001377  -0.001700  0.999998  1.000000  0.000000  0.000000  0.000000  1.000000  0.000000  0.000000  0.000000  1.000000  0.999761  0.021163  0.005449  -0.021184  0.999768  0.003879  -0.005365  -0.003994  0.999978  0.000064  0.000000  
98.003653 -0.002956  0.083896  -0.017867  0.989881  0.123967  0.069048  -0.128697  0.989290  0.068862  -0.059772  -0.077051  0.995234  -0.006203  -0.013814  -0.002151  0.092151  -0.061052  0.215227  2.000000  0.999761  0.021163  0.005449  -0.021184  0.999768  0.003879  -0.005365  -0.003994  0.999978  0.999991  0.004015  0.001384  -0.004018  0.999990  0.001694  -0.001377  -0.001700  0.999998  1.000000  0.000000  0.000000  0.000000  1.000000  0.000000  0.000000  0.000000  1.000000  0.999761  0.021163  0.005449  -0.021184  0.999768  0.003879  -0.005365  -0.003994  0.999978  0.000061  0.000000  
98.004656 -0.002961  0.083883  -0.017870  0.989873  0.123949  0.069196  -0.128696  0.989283  0.068965  -0.059906  -0.077171  0.995216  -0.006101  -0.013704  -0.002190  0.090050  -0.064510  0.195991  2.000000  0.999761  0.021163  0.005449  -0.021184  0.999768  0.003879  -0.005365  -0.003994  0.999978  0.999992  0.003810  0.001369  -0.003813  0.999991  0.001585  -0.001363  -0.001590  0.999998  1.000000  0.000000  0.000000  0.000000  1.000000  0.000000  0.000000  0.000000  1.000000  0.999761  0.021163  0.005449  -0.021184  0.999768  0.003879  -0.005365  -0.003994  0.999978  0.000058  0.000000  
98.005673 -0.002965  0.083869  -0.017873  0.989873  0.123940  0.069211  -0.128696  0.989275  0.069085  -0.059906  -0.077292  0.995207  -0.005946  -0.013605  -0.002192  0.090397  -0.059493  0.189333  2.000000  0.999761  0.021163  0.005449  -0.021184  0.999768  0.003879  -0.005365  -0.003994  0.999978  0.999993  0.003411  0.001204  -0.003413  0.999993  0.001609  -0.001198  -0.001613  0.999998  1.000000  0.000000  0.000000  0.000000  1.000000  0.000000  0.000000  0.000000  1.000000  0.999761  0.021163  0.005449  -0.021184  0.999768  0.003879  -0.005365  -0.003994  0.999978  0.000055  0.000000  
98.006907 -0.002970  0.083852  -0.017877  0.989847  0.124135  0.069240  -0.128899  0.989241  0.069190  -0.059906  -0.077413  0.995198  -0.005755  -0.013543  -0.002211  0.091616  -0.059516  0.184068  2.000000  0.999761  0.021163  0.005449  -0.021184  0.999768  0.003879  -0.005365  -0.003994  0.999978  0.999994  0.003421  0.001071  -0.003423  0.999993  0.001609  -0.001065  -0.001613  0.999998  1.000000  0.000000  0.000000  0.000000  1.000000  0.000000  0.000000  0.000000  1.000000  0.999761  0.021163  0.005449  -0.021184  0.999768  0.003879  -0.005365  -0.003994  0.999978  0.000053  0.000000  
98.008157 -0.002974  0.083836  -0.017880  0.989839  0.124117  0.069387  -0.128898  0.989234  0.069293  -0.060039  -0.077533  0.995180  -0.005540  -0.013494  -0.002257  0.087193  -0.063025  0.175331  2.000000  0.999761  0.021163  0.005449  -0.021184  0.999768  0.003879  -0.005365  -0.003994  0.999978  0.999995  0.002796  0.001157  -0.002797  0.999995  0.001525  -0.001153  -0.001528  0.999998  1.000000  0.000000  0.000000  0.000000  1.000000  0.000000  0.000000  0.000000  1.000000  0.999761  0.021163  0.005449  -0.021184  0.999768  0.003879  -0.005365  -0.003994  0.999978  0.000052  0.000000  
98.009409 -0.002978  0.083818  -0.017882  0.989839  0.124108  0.069402  -0.128898  0.989225  0.069413  -0.060039  -0.077654  0.995171  -0.005337  -0.013521  -0.002281  0.000000  0.000000  0.000000  2.000000  0.999761  0.021163  0.005449  -0.021184  0.999768  0.003879  -0.005365  -0.003994  0.999978  0.999996  0.002601  0.001008  -0.002603  0.999995  0.001537  -0.001004  -0.001540  0.999998  1.000000  0.000000  0.000000  0.000000  1.000000  0.000000  0.000000  0.000000  1.000000  0.999761  0.021163  0.005449  -0.021184  0.999768  0.003879  -0.005365  -0.003994  0.999978  0.000000  0.000000  
98.010411 -0.002981  0.083805  -0.017883  0.989831  0.124098  0.069534  -0.128897  0.989227  0.069396  -0.060173  -0.077653  0.995163  -0.005040  -0.013487  -0.002287  0.000000  0.000000  0.000000  2.000000  0.999761  0.021163  0.005449  -0.021184  0.999768  0.003879  -0.005365  -0.003994  0.999978  0.999997  0.002386  0.001125  -0.002387  0.999996  0.001428  -0.001122  -0.001431  0.999998  1.000000  0.000000  0.000000  0.000000  1.000000  0.000000  0.000000  0.000000  1.000000  0.999761  0.021163  0.005449  -0.021184  0.999768  0.003879  -0.005365  -0.003994  0.999978  0.000000  0.000000  
98.011658 -0.002985  0.083788  -0.017884  0.989831  0.124090  0.069549  -0.128897  0.989218  0.069516  -0.060173  -0.077774  0.995153  -0.004733  -0.013490  -0.002264  0.000000  0.000000  0.000000  2.000000  0.999761  0.021163  0.005449  -0.021184  0.999768  0.003879  -0.005365  -0.003994  0.999978  0.999997  0.002181  0.001110  -0.002182  0.999997  0.001440  -0.001107  -0.001443  0.999998  1.000000  0.000000  0.000000  0.000000  1.000000  0.000000  0.000000  0.000000  1.000000  0.999761  0.021163  0.005449  -0.021184  0.999768  0.003879  -0.005365  -0.003994  0.999978  0.000000  0.000000  
98.012903 -0.002988  0.083771  -0.017883  0.989823  0.124071  0.069696  -0.128896  0.989211  0.069619  -0.060307  -0.077894  0.995136  -0.004365  -0.013470  -0.002026  0.000000  0.000000  0.000000  2.000000  0.999761  0.021163  0.005449  -0.021184  0.999768  0.003879  -0.005365  -0.003994  0.999978  0.999998  0.001771  0.001078  -0.001772  0.999997  0.001465  -0.001075  -0.001467  0.999998  1.000000  0.000000  0.000000  0.000000  1.000000  0.000000  0.000000  0.000000  1.000000  0.999761  0.021163  0.005449  -0.021184  0.999768  0.003879  -0.005365  -0.003994  0.999978  0.000000  0.000000  
98.013908 -0.002990  0.083759  -0.017882  0.989823  0.124071  0.069696  -0.128896  0.989211  0.069619  -0.060307  -0.077894  0.995136  -0.004018  -0.013385  -0.001815  0.000000  0.000000  0.000000  2.000000  0.999761  0.021163  0.005449  -0.021184  0.999768  0.003879  -0.005365  -0.003994  0.999978  0.999998  0.001566  0.001062  -0.001567  0.999998  0.001356  -0.001060  -0.001358  0.999999  1.000000  0.000000  0.000000  0.000000  1.000000  0.000000  0.000000  0.000000  1.000000  0.999761  0.021163  0.005449  -0.021184  0.999768  0.003879  -0.005365  -0.003994  0.999978  0.000000  0.000000  
