1-Time 2-Px 3-Py 4-Pz 5-R11 6-R21 7-R31 8-R12 9-R22 10-R32 11-R13 12-R23 13-R33 14-Vx 15-Vy 16-Vz 17-Wx 18-Wy 19-Wz 20-state 21-PR11 22-PR21 23-PR31 24-PR12 25-PR22 26-PR32 27-PR13 28-PR23 29-PR33 
83.341669 0.002522  0.092349  -0.009484  0.996791  0.026252  0.075615  -0.026889  0.999611  0.007425  -0.075391  -0.009434  0.997109  0.000790  0.000917  0.000952  0.000000  0.000000  0.000000  2.000000  1.000000  0.000000  0.000000  0.000000  1.000000  0.000000  0.000000  0.000000  1.000000  1.000000  0.000406  0.000539  -0.000405  1.000000  -0.000031  -0.000539  0.000031  1.000000  1.000000  0.000000  0.000000  0.000000  1.000000  0.000000  0.000000  0.000000  1.000000  0.759034  0.567601  -0.318897  -0.585996  0.809050  0.045241  0.283682  0.152533  0.946709  0.000000  0.000000  
83.342674 0.002522  0.092349  -0.009484  0.996781  0.026250  0.075749  -0.026889  0.999611  0.007421  -0.075524  -0.009434  0.997099  0.000763  0.000910  0.000889  0.000000  0.000000  0.000000  2.000000  1.000000  0.000000  0.000000  0.000000  1.000000  0.000000  0.000000  0.000000  1.000000  1.000000  0.000406  0.000539  -0.000405  1.000000  -0.000031  -0.000539  0.000031  1.000000  1.000000  0.000000  0.000000  0.000000  1.000000  0.000000  0.000000  0.000000  1.000000  1.000000  0.000000  0.000000  0.000000  1.000000  0.000000  0.000000  0.000000  1.000000  0.000000  0.000000  
83.343929 0.002523  0.092348  -0.009487  0.996756  0.026454  0.076017  -0.027093  0.999606  0.007398  -0.075791  -0.009434  0.997079  0.000730  0.000742  0.000621  0.000000  0.000000  0.000000  2.000000  1.000000  0.000000  0.000000  0.000000  1.000000  0.000000  0.000000  0.000000  1.000000  1.000000  0.000610  0.000675  -0.000609  1.000000  -0.000047  -0.000675  0.000046  1.000000  1.000000  0.000000  0.000000  0.000000  1.000000  0.000000  0.000000  0.000000  1.000000  1.000000  0.000000  0.000000  0.000000  1.000000  0.000000  0.000000  0.000000  1.000000  0.000000  0.000000  
83.345179 0.002523  0.092346  -0.009491  0.996719  0.026656  0.076418  -0.027298  0.999600  0.007372  -0.076191  -0.009434  0.997049  0.000703  0.000539  0.000231  0.000000  0.000000  0.000000  2.000000  1.000000  0.000000  0.000000  0.000000  1.000000  0.000000  0.000000  0.000000  1.000000  0.999999  0.000811  0.001078  -0.000811  1.000000  -0.000063  -0.001078  0.000062  0.999999  1.000000  0.000000  0.000000  0.000000  1.000000  0.000000  0.000000  0.000000  1.000000  1.000000  0.000000  0.000000  0.000000  1.000000  0.000000  0.000000  0.000000  1.000000  0.000000  0.000000  
83.346182 0.002523  0.092344  -0.009495  0.996683  0.026858  0.076820  -0.027502  0.999595  0.007345  -0.076592  -0.009433  0.997018  0.000690  0.000345  -0.000061  0.000000  0.000000  0.000000  2.000000  1.000000  0.000000  0.000000  0.000000  1.000000  0.000000  0.000000  0.000000  1.000000  0.999998  0.001012  0.001481  -0.001012  0.999999  -0.000079  -0.001481  0.000077  0.999999  1.000000  0.000000  0.000000  0.000000  1.000000  0.000000  0.000000  0.000000  1.000000  1.000000  0.000000  0.000000  0.000000  1.000000  0.000000  0.000000  0.000000  1.000000  0.000000  0.000000  
83.347429 0.002524  0.092343  -0.009498  0.996647  0.027050  0.077225  -0.027707  0.999588  0.007439  -0.076992  -0.009554  0.996986  0.000681  0.000172  -0.000397  0.000000  0.000000  0.000000  2.000000  1.000000  0.000000  0.000000  0.000000  1.000000  0.000000  0.000000  0.000000  1.000000  0.999998  0.001009  0.001883  -0.001009  0.999999  -0.000079  -0.001883  0.000077  0.999998  1.000000  0.000000  0.000000  0.000000  1.000000  0.000000  0.000000  0.000000  1.000000  1.000000  0.000000  0.000000  0.000000  1.000000  0.000000  0.000000  0.000000  1.000000  0.000000  0.000000  
83.348678 0.002525  0.092341  -0.009503  0.996620  0.027253  0.077493  -0.027911  0.999583  0.007416  -0.077259  -0.009554  0.996965  0.000670  -0.000077  -0.000769  0.000000  0.000000  0.000000  2.000000  1.000000  0.000000  0.000000  0.000000  1.000000  0.000000  0.000000  0.000000  1.000000  0.999997  0.001212  0.002019  -0.001213  0.999999  0.000026  -0.002019  -0.000028  0.999998  1.000000  0.000000  0.000000  0.000000  1.000000  0.000000  0.000000  0.000000  1.000000  1.000000  0.000000  0.000000  0.000000  1.000000  0.000000  0.000000  0.000000  1.000000  0.000000  0.000000  
83.349923 0.002527  0.092339  -0.009506  0.996610  0.027252  0.077626  -0.027911  0.999583  0.007412  -0.077392  -0.009554  0.996955  0.000743  -0.000224  -0.001093  0.000000  0.000000  0.000000  2.000000  1.000000  0.000000  0.000000  0.000000  1.000000  0.000000  0.000000  0.000000  1.000000  0.999997  0.001210  0.002286  -0.001210  0.999999  0.000026  -0.002286  -0.000028  0.999997  1.000000  0.000000  0.000000  0.000000  1.000000  0.000000  0.000000  0.000000  1.000000  1.000000  0.000000  0.000000  0.000000  1.000000  0.000000  0.000000  0.000000  1.000000  0.000000  0.000000  
83.350926 0.002528  0.092338  -0.009510  0.996583  0.027455  0.077895  -0.028115  0.999577  0.007389  -0.077659  -0.009553  0.996934  0.000753  -0.000368  -0.001375  0.000000  0.000000  0.000000  2.000000  1.000000  0.000000  0.000000  0.000000  1.000000  0.000000  0.000000  0.000000  1.000000  0.999996  0.001413  0.002556  -0.001413  0.999999  0.000009  -0.002556  -0.000013  0.999997  1.000000  0.000000  0.000000  0.000000  1.000000  0.000000  0.000000  0.000000  1.000000  1.000000  0.000000  0.000000  0.000000  1.000000  0.000000  0.000000  0.000000  1.000000  0.000000  0.000000  
83.351945 0.002529  0.092336  -0.009513  0.996557  0.027659  0.078163  -0.028320  0.999572  0.007365  -0.077926  -0.009553  0.996913  0.000790  -0.000560  -0.001672  0.000000  0.000000  0.000000  2.000000  1.000000  0.000000  0.000000  0.000000  1.000000  0.000000  0.000000  0.000000  1.000000  0.999995  0.001617  0.002691  -0.001617  0.999999  -0.000007  -0.002691  0.000002  0.999996  1.000000  0.000000  0.000000  0.000000  1.000000  0.000000  0.000000  0.000000  1.000000  1.000000  0.000000  0.000000  0.000000  1.000000  0.000000  0.000000  0.000000  1.000000  0.000000  0.000000  
83.353174 0.002531  0.092334  -0.009518  0.996520  0.027861  0.078564  -0.028524  0.999566  0.007337  -0.078326  -0.009553  0.996882  0.000830  -0.000809  -0.002052  0.000000  0.000000  0.000000  2.000000  1.000000  0.000000  0.000000  0.000000  1.000000  0.000000  0.000000  0.000000  1.000000  0.999994  0.001818  0.003095  -0.001818  0.999998  -0.000024  -0.003095  0.000018  0.999995  1.000000  0.000000  0.000000  0.000000  1.000000  0.000000  0.000000  0.000000  1.000000  1.000000  0.000000  0.000000  0.000000  1.000000  0.000000  0.000000  0.000000  1.000000  0.000000  0.000000  
83.354179 0.002533  0.092332  -0.009521  0.996482  0.028063  0.078966  -0.028729  0.999561  0.007310  -0.078726  -0.009553  0.996851  0.000906  -0.000998  -0.002321  0.000000  0.000000  0.000000  2.000000  1.000000  0.000000  0.000000  0.000000  1.000000  0.000000  0.000000  0.000000  1.000000  0.999992  0.002021  0.003364  -0.002021  0.999998  -0.000040  -0.003364  0.000034  0.999994  1.000000  0.000000  0.000000  0.000000  1.000000  0.000000  0.000000  0.000000  1.000000  1.000000  0.000000  0.000000  0.000000  1.000000  0.000000  0.000000  0.000000  1.000000  0.000000  0.000000  
83.355424 0.002535  0.092329  -0.009524  0.996428  0.028479  0.079499  -0.029138  0.999550  0.007140  -0.079259  -0.009431  0.996809  0.000989  -0.001286  -0.002619  0.000000  0.000000  0.000000  2.000000  1.000000  0.000000  0.000000  0.000000  1.000000  0.000000  0.000000  0.000000  1.000000  0.999990  0.002221  0.003901  -0.002221  0.999998  -0.000179  -0.003902  0.000170  0.999992  1.000000  0.000000  0.000000  0.000000  1.000000  0.000000  0.000000  0.000000  1.000000  1.000000  0.000000  0.000000  0.000000  1.000000  0.000000  0.000000  0.000000  1.000000  0.000000  0.000000  
83.356424 0.002537  0.092327  -0.009526  0.996401  0.028682  0.079767  -0.029342  0.999544  0.007116  -0.079526  -0.009431  0.996788  0.001061  -0.001495  -0.002845  0.000000  0.000000  0.000000  2.000000  1.000000  0.000000  0.000000  0.000000  1.000000  0.000000  0.000000  0.000000  1.000000  0.999988  0.002423  0.004304  -0.002422  0.999997  -0.000196  -0.004305  0.000186  0.999991  1.000000  0.000000  0.000000  0.000000  1.000000  0.000000  0.000000  0.000000  1.000000  1.000000  0.000000  0.000000  0.000000  1.000000  0.000000  0.000000  0.000000  1.000000  0.000000  0.000000  
83.357428 0.002538  0.092323  -0.009530  0.996363  0.028894  0.080164  -0.029546  0.999539  0.006967  -0.079926  -0.009310  0.996757  0.001054  -0.001728  -0.003059  0.000000  0.000000  0.000000  2.000000  1.000000  0.000000  0.000000  0.000000  1.000000  0.000000  0.000000  0.000000  1.000000  0.999986  0.002831  0.004575  -0.002830  0.999996  -0.000351  -0.004576  0.000338  0.999989  1.000000  0.000000  0.000000  0.000000  1.000000  0.000000  0.000000  0.000000  1.000000  1.000000  0.000000  0.000000  0.000000  1.000000  0.000000  0.000000  0.000000  1.000000  0.000000  0.000000  
83.358677 0.002538  0.092319  -0.009534  0.996325  0.029105  0.080562  -0.029750  0.999534  0.006817  -0.080326  -0.009189  0.996726  0.001057  -0.001960  -0.003227  -0.016216  -0.176295  0.101807  2.000000  1.000000  0.000000  0.000000  0.000000  1.000000  0.000000  0.000000  0.000000  1.000000  0.999984  0.003035  0.004845  -0.003032  0.999995  -0.000490  -0.004846  0.000475  0.999988  1.000000  0.000000  0.000000  0.000000  1.000000  0.000000  0.000000  0.000000  1.000000  1.000000  0.000000  0.000000  0.000000  1.000000  0.000000  0.000000  0.000000  1.000000  0.000050  0.000000  
83.359974 0.002538  0.092314  -0.009539  0.996297  0.029319  0.080827  -0.029955  0.999529  0.006671  -0.080593  -0.009068  0.996706  0.001044  -0.002123  -0.003244  -0.020816  -0.185092  0.108482  2.000000  1.000000  -0.000112  0.000193  0.000112  1.000000  -0.000022  -0.000193  0.000022  1.000000  0.999982  0.003032  0.005246  -0.003029  0.999995  -0.000613  -0.005247  0.000597  0.999986  1.000000  -0.000038  0.000066  0.000038  1.000000  -0.000008  -0.000066  0.000008  1.000000  1.000000  -0.000112  0.000193  0.000112  1.000000  -0.000022  -0.000193  0.000022  1.000000  0.000054  0.006089  
83.361179 0.002539  0.092310  -0.009544  0.996258  0.029531  0.081224  -0.030159  0.999524  0.006521  -0.080993  -0.008946  0.996675  0.001045  -0.002267  -0.003295  -0.025481  -0.198874  0.115403  2.000000  1.000000  -0.000274  0.000461  0.000274  1.000000  -0.000056  -0.000461  0.000056  1.000000  0.999979  0.003029  0.005647  -0.003025  0.999995  -0.000735  -0.005649  0.000718  0.999984  1.000000  -0.000042  0.000068  0.000042  1.000000  -0.000009  -0.000068  0.000009  1.000000  1.000000  -0.000274  0.000461  0.000274  1.000000  -0.000056  -0.000461  0.000056  1.000000  0.000057  0.006449  
83.362429 0.002539  0.092306  -0.009550  0.996209  0.029741  0.081755  -0.030363  0.999519  0.006367  -0.081527  -0.008825  0.996632  0.001019  -0.002458  -0.003450  -0.030130  -0.216913  0.122144  2.000000  1.000000  -0.000490  0.000822  0.000490  1.000000  -0.000102  -0.000822  0.000103  1.000000  0.999976  0.003436  0.006051  -0.003431  0.999994  -0.000770  -0.006054  0.000749  0.999981  1.000000  -0.000044  0.000075  0.000044  1.000000  -0.000009  -0.000075  0.000009  1.000000  1.000000  -0.000490  0.000822  0.000490  1.000000  -0.000102  -0.000822  0.000103  1.000000  0.000062  0.007000  
83.363677 0.002541  0.092302  -0.009558  0.996148  0.029941  0.082423  -0.030566  0.999513  0.006330  -0.082193  -0.008825  0.996577  0.001039  -0.002607  -0.003687  -0.030725  -0.234968  0.128877  2.000000  0.999999  -0.000724  0.001211  0.000724  1.000000  -0.000157  -0.001211  0.000158  0.999999  0.999972  0.003637  0.006588  -0.003631  0.999993  -0.000910  -0.006591  0.000886  0.999978  1.000000  -0.000049  0.000081  0.000049  1.000000  -0.000011  -0.000081  0.000011  1.000000  0.999999  -0.000724  0.001211  0.000724  1.000000  -0.000157  -0.001211  0.000158  0.999999  0.000066  0.007579  
83.364929 0.002542  0.092297  -0.009567  0.996086  0.030151  0.083087  -0.030770  0.999507  0.006171  -0.082860  -0.008703  0.996523  0.001005  -0.002848  -0.004069  -0.035390  -0.257491  0.135574  2.000000  0.999998  -0.000981  0.001619  0.000982  0.999999  -0.000215  -0.001618  0.000216  0.999999  0.999969  0.003634  0.006989  -0.003627  0.999993  -0.001034  -0.006993  0.001009  0.999975  1.000000  -0.000053  0.000083  0.000053  1.000000  -0.000013  -0.000083  0.000013  1.000000  0.999998  -0.000981  0.001619  0.000982  0.999999  -0.000215  -0.001618  0.000216  0.999999  0.000072  0.007943  
83.366174 0.002544  0.092292  -0.009579  0.996024  0.030351  0.083755  -0.030973  0.999501  0.006133  -0.083527  -0.008703  0.996468  0.000995  -0.003035  -0.004541  -0.035992  -0.280082  0.142287  2.000000  0.999997  -0.001200  0.001955  0.001201  0.999999  -0.000265  -0.001954  0.000268  0.999998  0.999967  0.003632  0.007256  -0.003624  0.999993  -0.001037  -0.007260  0.001010  0.999973  1.000000  -0.000056  0.000085  0.000056  1.000000  -0.000013  -0.000085  0.000013  1.000000  0.999997  -0.001200  0.001955  0.001201  0.999999  -0.000265  -0.001954  0.000268  0.999998  0.000078  0.008179  
83.367181 0.002545  0.092288  -0.009588  0.995973  0.030552  0.084289  -0.031177  0.999495  0.006099  -0.084060  -0.008702  0.996423  0.001010  -0.003213  -0.004946  -0.036572  -0.298045  0.148974  2.000000  0.999996  -0.001432  0.002289  0.001433  0.999999  -0.000316  -0.002289  0.000319  0.999997  0.999966  0.003630  0.007390  -0.003623  0.999993  -0.001039  -0.007394  0.001012  0.999972  1.000000  -0.000057  0.000085  0.000057  1.000000  -0.000013  -0.000085  0.000013  1.000000  0.999996  -0.001432  0.002289  0.001433  0.999999  -0.000316  -0.002289  0.000319  0.999997  0.000083  0.008297  
83.368427 0.002546  0.092282  -0.009601  0.995921  0.030753  0.084823  -0.031380  0.999489  0.006065  -0.084593  -0.008702  0.996378  0.000975  -0.003461  -0.005560  -0.037180  -0.311629  0.155760  2.000000  0.999995  -0.001731  0.002712  0.001732  0.999998  -0.000380  -0.002711  0.000384  0.999996  0.999966  0.003424  0.007522  -0.003415  0.999994  -0.001144  -0.007526  0.001119  0.999971  1.000000  -0.000060  0.000084  0.000060  1.000000  -0.000014  -0.000084  0.000014  1.000000  0.999995  -0.001731  0.002712  0.001732  0.999998  -0.000380  -0.002711  0.000384  0.999996  0.000086  0.008342  
83.369674 0.002548  0.092276  -0.009613  0.995876  0.030749  0.085356  -0.031379  0.999489  0.006048  -0.085127  -0.008702  0.996332  0.000912  -0.003645  -0.006037  -0.036672  -0.329586  0.148715  2.000000  0.999993  -0.002038  0.003145  0.002039  0.999998  -0.000450  -0.003144  0.000457  0.999995  0.999964  0.003421  0.007790  -0.003413  0.999994  -0.001146  -0.007794  0.001120  0.999969  1.000000  -0.000063  0.000086  0.000063  1.000000  -0.000014  -0.000086  0.000014  1.000000  0.999993  -0.002038  0.003145  0.002039  0.999998  -0.000450  -0.003144  0.000457  0.999995  0.000090  0.008583  
83.370675 0.002548  0.092271  -0.009622  0.995847  0.030963  0.085620  -0.031583  0.999484  0.005901  -0.085393  -0.008581  0.996310  0.000783  -0.003866  -0.006537  -0.041333  -0.338709  0.155583  2.000000  0.999991  -0.002294  0.003493  0.002296  0.999997  -0.000508  -0.003492  0.000516  0.999994  0.999961  0.003625  0.008059  -0.003615  0.999993  -0.001287  -0.008063  0.001257  0.999967  1.000000  -0.000065  0.000090  0.000065  1.000000  -0.000016  -0.000090  0.000016  1.000000  0.999991  -0.002294  0.003493  0.002296  0.999997  -0.000508  -0.003492  0.000516  0.999994  0.000094  0.008928  
83.371927 0.002548  0.092264  -0.009632  0.995801  0.030958  0.086153  -0.031582  0.999484  0.005884  -0.085926  -0.008580  0.996265  0.000720  -0.004066  -0.006961  -0.041049  -0.353880  0.154190  2.000000  0.999989  -0.002623  0.003933  0.002626  0.999996  -0.000586  -0.003931  0.000596  0.999992  0.999961  0.003419  0.008191  -0.003409  0.999993  -0.001270  -0.008195  0.001242  0.999966  1.000000  -0.000067  0.000088  0.000067  1.000000  -0.000016  -0.000088  0.000016  1.000000  0.999989  -0.002623  0.003933  0.002626  0.999996  -0.000586  -0.003931  0.000596  0.999992  0.000097  0.008964  
83.373176 0.002549  0.092257  -0.009643  0.995737  0.031158  0.086820  -0.031785  0.999478  0.005845  -0.086593  -0.008580  0.996207  0.000696  -0.004243  -0.007383  -0.042018  -0.370309  0.162212  2.000000  0.999986  -0.002972  0.004372  0.002975  0.999995  -0.000662  -0.004370  0.000675  0.999990  0.999958  0.003416  0.008458  -0.003406  0.999993  -0.001273  -0.008463  0.001244  0.999963  1.000000  -0.000070  0.000090  0.000070  1.000000  -0.000016  -0.000090  0.000016  1.000000  0.999986  -0.002972  0.004372  0.002975  0.999995  -0.000662  -0.004370  0.000675  0.999990  0.000101  0.009209  
83.374179 0.002549  0.092252  -0.009650  0.995702  0.031165  0.087216  -0.031784  0.999478  0.005711  -0.086993  -0.008459  0.996173  0.000742  -0.004398  -0.007649  -0.045574  -0.374625  0.155247  2.000000  0.999984  -0.003190  0.004637  0.003193  0.999995  -0.000711  -0.004634  0.000726  0.999989  0.999958  0.003211  0.008590  -0.003199  0.999994  -0.001377  -0.008594  0.001350  0.999962  1.000000  -0.000073  0.000088  0.000073  1.000000  -0.000017  -0.000088  0.000017  1.000000  0.999984  -0.003190  0.004637  0.003193  0.999995  -0.000711  -0.004634  0.000726  0.999989  0.000102  0.009272  
83.375428 0.002549  0.092244  -0.009661  0.995637  0.031376  0.087880  -0.031987  0.999473  0.005550  -0.087659  -0.008337  0.996116  0.000737  -0.004565  -0.007987  -0.049179  -0.383632  0.148320  2.000000  0.999981  -0.003562  0.005078  0.003567  0.999993  -0.000796  -0.005075  0.000814  0.999987  0.999957  0.003211  0.008724  -0.003198  0.999994  -0.001501  -0.008728  0.001473  0.999961  1.000000  -0.000074  0.000089  0.000074  1.000000  -0.000019  -0.000089  0.000019  1.000000  0.999981  -0.003562  0.005078  0.003567  0.999993  -0.000796  -0.005075  0.000814  0.999987  0.000103  0.009414  
83.376431 0.002550  0.092239  -0.009669  0.995590  0.031382  0.088409  -0.031985  0.999474  0.005412  -0.088192  -0.008216  0.996070  0.000746  -0.004694  -0.008308  -0.052743  -0.387956  0.141363  2.000000  0.999978  -0.003872  0.005427  0.003877  0.999992  -0.000865  -0.005424  0.000886  0.999985  0.999957  0.002799  0.008854  -0.002787  0.999995  -0.001345  -0.008858  0.001320  0.999960  1.000000  -0.000078  0.000086  0.000078  1.000000  -0.000017  -0.000086  0.000017  1.000000  0.999978  -0.003872  0.005427  0.003877  0.999992  -0.000865  -0.005424  0.000886  0.999985  0.000104  0.009381  
83.377681 0.002550  0.092233  -0.009681  0.995536  0.031584  0.088943  -0.032189  0.999467  0.005377  -0.088725  -0.008216  0.996022  0.000652  -0.004853  -0.008713  -0.057461  -0.392530  0.148192  2.000000  0.999974  -0.004264  0.005861  0.004269  0.999990  -0.000953  -0.005857  0.000978  0.999982  0.999957  0.002800  0.008854  -0.002788  0.999995  -0.001347  -0.008857  0.001322  0.999960  1.000000  -0.000078  0.000086  0.000078  1.000000  -0.000017  -0.000086  0.000017  1.000000  0.999974  -0.004264  0.005861  0.004269  0.999990  -0.000953  -0.005857  0.000978  0.999982  0.000105  0.009381  
83.378928 0.002550  0.092227  -0.009695  0.995500  0.031591  0.089338  -0.032188  0.999468  0.005242  -0.089125  -0.008094  0.995988  0.000573  -0.004936  -0.009040  -0.061016  -0.401543  0.141270  2.000000  0.999969  -0.004669  0.006280  0.004675  0.999989  -0.001036  -0.006275  0.001066  0.999980  0.999957  0.002390  0.008984  -0.002378  0.999996  -0.001312  -0.008987  0.001290  0.999959  1.000000  -0.000082  0.000082  0.000082  1.000000  -0.000016  -0.000082  0.000016  1.000000  0.999969  -0.004669  0.006280  0.004675  0.999989  -0.001036  -0.006275  0.001066  0.999980  0.000107  0.009387  
83.380178 0.002549  0.092221  -0.009710  0.995452  0.031598  0.089867  -0.032186  0.999469  0.005104  -0.089658  -0.007973  0.995941  0.000441  -0.005048  -0.009365  -0.064565  -0.410417  0.134298  2.000000  0.999965  -0.005083  0.006692  0.005090  0.999986  -0.001116  -0.006686  0.001150  0.999977  0.999956  0.002390  0.009117  -0.002378  0.999996  -0.001312  -0.009120  0.001291  0.999958  1.000000  -0.000084  0.000083  0.000084  1.000000  -0.000016  -0.000083  0.000016  1.000000  0.999965  -0.005083  0.006692  0.005090  0.999986  -0.001116  -0.006686  0.001150  0.999977  0.000109  0.009515  
83.381428 0.002549  0.092216  -0.009725  0.995416  0.031595  0.090267  -0.032185  0.999469  0.005091  -0.090058  -0.007973  0.995905  0.000347  -0.005014  -0.009592  -0.064033  -0.414866  0.127364  2.000000  0.999960  -0.005505  0.007093  0.005513  0.999984  -0.001191  -0.007087  0.001230  0.999974  0.999957  0.002185  0.008982  -0.002175  0.999997  -0.001174  -0.008984  0.001154  0.999959  1.000000  -0.000084  0.000080  0.000084  1.000000  -0.000015  -0.000080  0.000015  1.000000  0.999960  -0.005505  0.007093  0.005513  0.999984  -0.001191  -0.007087  0.001230  0.999974  0.000109  0.009317  
83.382675 0.002549  0.092212  -0.009741  0.995380  0.031602  0.090663  -0.032184  0.999470  0.004957  -0.090458  -0.007852  0.995869  0.000237  -0.004944  -0.009818  -0.067024  -0.411395  0.119501  2.000000  0.999955  -0.005850  0.007407  0.005859  0.999982  -0.001251  -0.007399  0.001294  0.999972  0.999957  0.001980  0.009114  -0.001969  0.999997  -0.001278  -0.009116  0.001260  0.999958  1.000000  -0.000086  0.000078  0.000086  1.000000  -0.000016  -0.000078  0.000016  1.000000  0.999955  -0.005850  0.007407  0.005859  0.999982  -0.001251  -0.007399  0.001294  0.999972  0.000109  0.009413  
83.383927 0.002549  0.092207  -0.009757  0.995313  0.031803  0.091329  -0.032387  0.999463  0.004917  -0.091124  -0.007851  0.995809  0.000108  -0.004873  -0.010106  -0.067661  -0.419343  0.120458  2.000000  0.999950  -0.006286  0.007790  0.006296  0.999979  -0.001321  -0.007782  0.001370  0.999969  0.999957  0.001775  0.009112  -0.001765  0.999998  -0.001139  -0.009114  0.001122  0.999958  1.000000  -0.000088  0.000076  0.000088  1.000000  -0.000014  -0.000076  0.000014  1.000000  0.999950  -0.006286  0.007790  0.006296  0.999979  -0.001321  -0.007782  0.001370  0.999969  0.000111  0.009352  
83.385174 0.002547  0.092200  -0.009775  0.995264  0.031799  0.091862  -0.032385  0.999463  0.004899  -0.091657  -0.007851  0.995760  -0.000106  -0.004869  -0.010535  -0.062526  -0.420246  0.112600  2.000000  0.999944  -0.006720  0.008166  0.006732  0.999976  -0.001389  -0.008157  0.001444  0.999966  0.999958  0.001571  0.008977  -0.001561  0.999998  -0.001121  -0.008979  0.001107  0.999959  1.000000  -0.000087  0.000073  0.000087  1.000000  -0.000014  -0.000073  0.000014  1.000000  0.999944  -0.006720  0.008166  0.006732  0.999976  -0.001389  -0.008157  0.001444  0.999966  0.000110  0.009181  
83.386178 0.002545  0.092194  -0.009791  0.995215  0.031806  0.092391  -0.032383  0.999464  0.004761  -0.092190  -0.007730  0.995711  -0.000236  -0.004891  -0.011026  -0.065984  -0.428075  0.099722  2.000000  0.999939  -0.007069  0.008453  0.007081  0.999974  -0.001436  -0.008443  0.001496  0.999963  0.999960  0.001366  0.008842  -0.001358  0.999999  -0.000981  -0.008843  0.000969  0.999960  1.000000  -0.000087  0.000070  0.000087  1.000000  -0.000012  -0.000070  0.000012  1.000000  0.999939  -0.007069  0.008453  0.007081  0.999974  -0.001436  -0.008443  0.001496  0.999963  0.000110  0.009000  
83.387424 0.002542  0.092187  -0.009810  0.995159  0.032007  0.092924  -0.032587  0.999458  0.004724  -0.092723  -0.007729  0.995662  -0.000421  -0.004952  -0.011582  -0.061457  -0.429081  0.098902  2.000000  0.999933  -0.007499  0.008806  0.007512  0.999971  -0.001503  -0.008795  0.001569  0.999960  0.999961  0.001368  0.008708  -0.001359  0.999998  -0.001103  -0.008709  0.001092  0.999961  1.000000  -0.000086  0.000069  0.000086  1.000000  -0.000014  -0.000069  0.000014  1.000000  0.999933  -0.007499  0.008806  0.007512  0.999971  -0.001503  -0.008795  0.001569  0.999960  0.000111  0.008883  
83.388674 0.002539  0.092179  -0.009830  0.995109  0.032003  0.093457  -0.032585  0.999458  0.004707  -0.093256  -0.007729  0.995612  -0.000689  -0.004992  -0.012215  -0.056863  -0.433460  0.092045  2.000000  0.999927  -0.007927  0.009153  0.007942  0.999967  -0.001569  -0.009140  0.001641  0.999957  0.999961  0.001368  0.008708  -0.001359  0.999998  -0.001104  -0.008709  0.001092  0.999961  1.000000  -0.000086  0.000069  0.000086  1.000000  -0.000014  -0.000069  0.000014  1.000000  0.999927  -0.007927  0.009153  0.007942  0.999967  -0.001569  -0.009140  0.001641  0.999957  0.000112  0.008883  
83.389922 0.002536  0.092172  -0.009850  0.995071  0.031989  0.093860  -0.032584  0.999457  0.004815  -0.093655  -0.007850  0.995574  -0.000925  -0.005061  -0.012913  -0.048287  -0.438566  0.085304  2.000000  0.999921  -0.008276  0.009422  0.008292  0.999964  -0.001616  -0.009408  0.001694  0.999954  0.999961  0.001162  0.008706  -0.001154  0.999999  -0.000964  -0.008707  0.000954  0.999962  1.000000  -0.000087  0.000067  0.000087  1.000000  -0.000012  -0.000067  0.000012  1.000000  0.999921  -0.008276  0.009422  0.008292  0.999964  -0.001616  -0.009408  0.001694  0.999954  0.000111  0.008836  
83.390927 0.002534  0.092166  -0.009866  0.995046  0.031987  0.094127  -0.032583  0.999457  0.004806  -0.093922  -0.007849  0.995549  -0.001069  -0.005037  -0.013413  -0.043959  -0.436953  0.079046  2.000000  0.999916  -0.008622  0.009689  0.008639  0.999961  -0.001662  -0.009674  0.001745  0.999952  0.999961  0.001162  0.008706  -0.001154  0.999999  -0.000965  -0.008707  0.000955  0.999962  1.000000  -0.000087  0.000067  0.000087  1.000000  -0.000012  -0.000067  0.000012  1.000000  0.999916  -0.008622  0.009689  0.008639  0.999961  -0.001662  -0.009674  0.001745  0.999952  0.000112  0.008836  
83.391935 0.002531  0.092161  -0.009882  0.995021  0.031984  0.094393  -0.032582  0.999458  0.004798  -0.094188  -0.007849  0.995523  -0.001276  -0.005053  -0.013918  -0.043364  -0.432248  0.072163  2.000000  0.999910  -0.008970  0.009946  0.008988  0.999958  -0.001700  -0.009930  0.001790  0.999949  0.999963  0.000958  0.008571  -0.000951  0.999999  -0.000824  -0.008572  0.000816  0.999963  1.000000  -0.000087  0.000064  0.000087  1.000000  -0.000010  -0.000064  0.000010  1.000000  0.999910  -0.008970  0.009946  0.008988  0.999958  -0.001700  -0.009930  0.001790  0.999949  0.000110  0.008663  
83.393179 0.002529  0.092154  -0.009902  0.994976  0.032187  0.094793  -0.032786  0.999451  0.004765  -0.094588  -0.007849  0.995486  -0.001411  -0.005098  -0.014376  -0.039009  -0.424323  0.071645  2.000000  0.999903  -0.009398  0.010266  0.009417  0.999954  -0.001749  -0.010249  0.001846  0.999946  0.999964  0.001164  0.008439  -0.001157  0.999999  -0.000844  -0.008440  0.000835  0.999964  1.000000  -0.000084  0.000065  0.000084  1.000000  -0.000010  -0.000065  0.000010  1.000000  0.999903  -0.009398  0.010266  0.009417  0.999954  -0.001749  -0.010249  0.001846  0.999946  0.000109  0.008560  
83.394429 0.002526  0.092147  -0.009921  0.994926  0.032183  0.095326  -0.032784  0.999451  0.004747  -0.095121  -0.007848  0.995435  -0.001563  -0.005158  -0.014748  -0.034690  -0.418772  0.065442  2.000000  0.999896  -0.009813  0.010578  0.009833  0.999950  -0.001795  -0.010560  0.001898  0.999942  0.999966  0.000961  0.008169  -0.000955  0.999999  -0.000704  -0.008170  0.000696  0.999966  1.000000  -0.000082  0.000061  0.000082  1.000000  -0.000009  -0.000061  0.000009  1.000000  0.999896  -0.009813  0.010578  0.009833  0.999950  -0.001795  -0.010560  0.001898  0.999942  0.000106  0.008256  
83.395679 0.002525  0.092142  -0.009939  0.994881  0.032397  0.095722  -0.032988  0.999445  0.004593  -0.095520  -0.007727  0.995397  -0.001643  -0.005177  -0.014941  -0.038483  -0.410901  0.064968  2.000000  0.999889  -0.010218  0.010881  0.010238  0.999946  -0.001834  -0.010862  0.001945  0.999939  0.999968  0.000963  0.007902  -0.000959  0.999999  -0.000583  -0.007902  0.000576  0.999969  1.000000  -0.000080  0.000060  0.000080  1.000000  -0.000007  -0.000060  0.000007  1.000000  0.999889  -0.010218  0.010881  0.010238  0.999946  -0.001834  -0.010862  0.001945  0.999939  0.000104  0.007981  
83.396928 0.002524  0.092137  -0.009957  0.994842  0.032394  0.096121  -0.032986  0.999445  0.004580  -0.095920  -0.007727  0.995359  -0.001724  -0.005195  -0.015134  -0.038225  -0.400805  0.058730  2.000000  0.999881  -0.010608  0.011177  0.010629  0.999942  -0.001873  -0.011156  0.001992  0.999936  0.999970  0.000966  0.007634  -0.000962  0.999999  -0.000584  -0.007635  0.000576  0.999971  1.000000  -0.000077  0.000058  0.000077  1.000000  -0.000007  -0.000058  0.000007  1.000000  0.999881  -0.010608  0.011177  0.010629  0.999942  -0.001873  -0.011156  0.001992  0.999936  0.000102  0.007717  
83.398180 0.002522  0.092132  -0.009976  0.994817  0.032392  0.096388  -0.032986  0.999445  0.004571  -0.096186  -0.007727  0.995333  -0.001815  -0.005207  -0.015280  -0.037619  -0.391688  0.051901  2.000000  0.999875  -0.010922  0.011402  0.010944  0.999938  -0.001899  -0.011381  0.002023  0.999933  0.999971  0.000761  0.007633  -0.000757  1.000000  -0.000564  -0.007633  0.000558  0.999971  1.000000  -0.000078  0.000056  0.000078  1.000000  -0.000007  -0.000056  0.000007  1.000000  0.999875  -0.010922  0.011402  0.010944  0.999938  -0.001899  -0.011381  0.002023  0.999933  0.000101  0.007691  
83.399423 0.002521  0.092126  -0.009994  0.994771  0.032606  0.096784  -0.033189  0.999439  0.004417  -0.096586  -0.007606  0.995296  -0.001809  -0.005175  -0.015354  -0.041999  -0.388535  0.058332  2.000000  0.999868  -0.011298  0.011684  0.011321  0.999934  -0.001925  -0.011661  0.002057  0.999930  0.999972  0.000968  0.007367  -0.000965  0.999999  -0.000463  -0.007367  0.000456  0.999973  1.000000  -0.000074  0.000057  0.000074  1.000000  -0.000006  -0.000057  0.000006  1.000000  0.999868  -0.011298  0.011684  0.011321  0.999934  -0.001925  -0.011661  0.002057  0.999930  0.000099  0.007444  
83.400432 0.002519  0.092122  -0.010010  0.994745  0.032604  0.097050  -0.033188  0.999439  0.004408  -0.096852  -0.007606  0.995270  -0.001792  -0.005148  -0.015451  -0.037653  -0.387120  0.051972  2.000000  0.999862  -0.011594  0.011911  0.011618  0.999931  -0.001950  -0.011888  0.002088  0.999927  0.999972  0.000969  0.007366  -0.000966  0.999999  -0.000463  -0.007367  0.000456  0.999973  1.000000  -0.000074  0.000057  0.000074  1.000000  -0.000006  -0.000057  0.000006  1.000000  0.999862  -0.011594  0.011911  0.011618  0.999931  -0.001950  -0.011888  0.002088  0.999927  0.000097  0.007444  
83.401676 0.002518  0.092116  -0.010031  0.994719  0.032602  0.097316  -0.033187  0.999439  0.004399  -0.097118  -0.007606  0.995244  -0.001725  -0.005056  -0.015508  -0.037685  -0.378231  0.052058  2.000000  0.999854  -0.011958  0.012191  0.011983  0.999926  -0.001976  -0.012167  0.002121  0.999924  0.999973  0.000970  0.007233  -0.000967  0.999999  -0.000464  -0.007233  0.000457  0.999974  1.000000  -0.000072  0.000056  0.000072  1.000000  -0.000006  -0.000056  0.000006  1.000000  0.999854  -0.011958  0.012191  0.011983  0.999926  -0.001976  -0.012167  0.002121  0.999924  0.000096  0.007312  
83.402925 0.002516  0.092109  -0.010052  0.994673  0.032793  0.097720  -0.033391  0.999432  0.004487  -0.097518  -0.007726  0.995204  -0.001624  -0.004991  -0.015622  -0.033638  -0.369241  0.052106  2.000000  0.999846  -0.012313  0.012473  0.012339  0.999922  -0.001997  -0.012447  0.002150  0.999920  0.999974  0.001176  0.007100  -0.001173  0.999999  -0.000363  -0.007101  0.000355  0.999975  1.000000  -0.000070  0.000057  0.000070  1.000000  -0.000004  -0.000057  0.000004  1.000000  0.999846  -0.012313  0.012473  0.012339  0.999922  -0.001997  -0.012447  0.002150  0.999920  0.000095  0.007206  
83.404174 0.002515  0.092102  -0.010073  0.994621  0.032789  0.098253  -0.033389  0.999432  0.004469  -0.098050  -0.007726  0.995151  -0.001491  -0.004933  -0.015674  -0.029343  -0.370669  0.051662  2.000000  0.999839  -0.012662  0.012753  0.012688  0.999917  -0.002008  -0.012727  0.002169  0.999917  0.999975  0.000971  0.006965  -0.000970  1.000000  -0.000222  -0.006965  0.000215  0.999976  1.000000  -0.000069  0.000054  0.000069  1.000000  -0.000003  -0.000054  0.000003  1.000000  0.999839  -0.012662  0.012753  0.012688  0.999917  -0.002008  -0.012727  0.002169  0.999917  0.000094  0.007036  
83.405425 0.002515  0.092096  -0.010093  0.994562  0.032979  0.098790  -0.033592  0.999425  0.004552  -0.098583  -0.007846  0.995098  -0.001290  -0.004857  -0.015669  -0.021287  -0.366187  0.051692  2.000000  0.999831  -0.013006  0.013028  0.013033  0.999913  -0.002018  -0.013001  0.002188  0.999913  0.999975  0.001176  0.006967  -0.001174  0.999999  -0.000243  -0.006967  0.000235  0.999976  1.000000  -0.000068  0.000056  0.000068  1.000000  -0.000003  -0.000056  0.000003  1.000000  0.999831  -0.013006  0.013028  0.013033  0.999913  -0.002018  -0.013001  0.002188  0.999913  0.000093  0.007069  
83.406425 0.002515  0.092091  -0.010109  0.994522  0.032975  0.099189  -0.033591  0.999425  0.004539  -0.098982  -0.007846  0.995058  -0.001130  -0.004858  -0.015726  -0.017271  -0.361758  0.051753  2.000000  0.999826  -0.013210  0.013197  0.013238  0.999910  -0.002021  -0.013169  0.002195  0.999911  0.999975  0.001175  0.006967  -0.001174  0.999999  -0.000122  -0.006967  0.000114  0.999976  1.000000  -0.000068  0.000056  0.000068  1.000000  -0.000001  -0.000056  0.000001  1.000000  0.999826  -0.013210  0.013197  0.013238  0.999910  -0.002021  -0.013169  0.002195  0.999911  0.000091  0.007066  
83.407436 0.002516  0.092085  -0.010126  0.994489  0.033167  0.099460  -0.033795  0.999418  0.004630  -0.099249  -0.007966  0.995031  -0.000927  -0.004836  -0.015735  -0.013355  -0.355664  0.052216  2.000000  0.999819  -0.013478  0.013419  0.013506  0.999907  -0.002017  -0.013391  0.002198  0.999908  0.999976  0.001175  0.006833  -0.001176  0.999999  0.000120  -0.006833  -0.000128  0.999977  1.000000  -0.000067  0.000055  0.000067  1.000000  0.000002  -0.000055  -0.000002  1.000000  0.999819  -0.013478  0.013419  0.013506  0.999907  -0.002017  -0.013391  0.002198  0.999908  0.000091  0.006935  
83.408679 0.002517  0.092079  -0.010146  0.994435  0.033151  0.099996  -0.033793  0.999418  0.004733  -0.099781  -0.008086  0.994977  -0.000688  -0.004834  -0.015750  -0.005229  -0.360226  0.052187  2.000000  0.999812  -0.013746  0.013642  0.013774  0.999903  -0.002008  -0.013613  0.002196  0.999905  0.999976  0.001175  0.006833  -0.001176  0.999999  0.000120  -0.006833  -0.000128  0.999977  1.000000  -0.000067  0.000055  0.000067  1.000000  0.000002  -0.000055  -0.000002  1.000000  0.999812  -0.013746  0.013642  0.013774  0.999903  -0.002008  -0.013613  0.002196  0.999905  0.000090  0.006935  
83.409723 0.002519  0.092073  -0.010162  0.994409  0.033148  0.100263  -0.033792  0.999418  0.004724  -0.100048  -0.008086  0.994950  -0.000494  -0.004866  -0.015768  -0.001168  -0.355136  0.052156  2.000000  0.999806  -0.014011  0.013862  0.014040  0.999899  -0.001993  -0.013833  0.002187  0.999902  0.999977  0.001175  0.006700  -0.001177  0.999999  0.000241  -0.006699  -0.000249  0.999978  1.000000  -0.000065  0.000055  0.000065  1.000000  0.000003  -0.000055  -0.000003  1.000000  0.999806  -0.014011  0.013862  0.014040  0.999899  -0.001993  -0.013833  0.002187  0.999902  0.000090  0.006806  
83.410928 0.002520  0.092067  -0.010182  0.994361  0.033339  0.100667  -0.033995  0.999410  0.004811  -0.100447  -0.008206  0.994909  -0.000323  -0.004959  -0.015943  0.002208  -0.352840  0.058618  2.000000  0.999799  -0.014268  0.014087  0.014297  0.999896  -0.001980  -0.014058  0.002181  0.999899  0.999977  0.001380  0.006701  -0.001381  0.999999  0.000219  -0.006701  -0.000229  0.999978  1.000000  -0.000064  0.000057  0.000064  1.000000  0.000003  -0.000057  -0.000003  1.000000  0.999799  -0.014268  0.014087  0.014297  0.999896  -0.001980  -0.014058  0.002181  0.999899  0.000089  0.006846  
83.412178 0.002522  0.092060  -0.010201  0.994335  0.033324  0.100937  -0.033994  0.999410  0.004923  -0.100713  -0.008327  0.994881  -0.000116  -0.005068  -0.016042  0.010274  -0.348392  0.058655  2.000000  0.999790  -0.014589  0.014372  0.014619  0.999891  -0.001959  -0.014342  0.002168  0.999895  0.999977  0.001379  0.006702  -0.001381  0.999999  0.000340  -0.006701  -0.000349  0.999977  1.000000  -0.000064  0.000057  0.000064  1.000000  0.000004  -0.000057  -0.000004  1.000000  0.999790  -0.014589  0.014372  0.014619  0.999891  -0.001959  -0.014342  0.002168  0.999895  0.000089  0.006851  
83.413432 0.002524  0.092054  -0.010220  0.994274  0.033526  0.101470  -0.034197  0.999403  0.004884  -0.101246  -0.008326  0.994827  0.000150  -0.005170  -0.016044  0.010319  -0.346694  0.059159  2.000000  0.999781  -0.014905  0.014665  0.014935  0.999887  -0.001934  -0.014635  0.002152  0.999891  0.999976  0.001584  0.006703  -0.001586  0.999999  0.000319  -0.006703  -0.000329  0.999977  1.000000  -0.000063  0.000059  0.000063  1.000000  0.000004  -0.000059  -0.000004  1.000000  0.999781  -0.014905  0.014665  0.014935  0.999887  -0.001934  -0.014635  0.002152  0.999891  0.000088  0.006895  
83.414679 0.002526  0.092047  -0.010238  0.994226  0.033728  0.101870  -0.034400  0.999396  0.004850  -0.101645  -0.008326  0.994786  0.000398  -0.005251  -0.015942  0.009624  -0.342312  0.066089  2.000000  0.999774  -0.015166  0.014901  0.015196  0.999883  -0.001913  -0.014870  0.002139  0.999887  0.999975  0.001582  0.006837  -0.001585  0.999999  0.000318  -0.006837  -0.000329  0.999977  1.000000  -0.000064  0.000060  0.000064  1.000000  0.000004  -0.000060  -0.000004  1.000000  0.999774  -0.015166  0.014901  0.015196  0.999883  -0.001913  -0.014870  0.002139  0.999887  0.000088  0.007025  
83.415950 0.002528  0.092041  -0.010256  0.994171  0.033711  0.102406  -0.034398  0.999396  0.004953  -0.102177  -0.008446  0.994730  0.000648  -0.005249  -0.015778  0.017725  -0.337609  0.066081  2.000000  0.999764  -0.015491  0.015202  0.015522  0.999878  -0.001883  -0.015171  0.002118  0.999883  0.999974  0.001580  0.006971  -0.001583  0.999999  0.000439  -0.006970  -0.000450  0.999976  1.000000  -0.000066  0.000061  0.000066  1.000000  0.000006  -0.000061  -0.000006  1.000000  0.999764  -0.015491  0.015202  0.015522  0.999878  -0.001883  -0.015171  0.002118  0.999883  0.000087  0.007162  
83.417177 0.002530  0.092035  -0.010273  0.994109  0.033912  0.102939  -0.034601  0.999389  0.004913  -0.102710  -0.008446  0.994676  0.000929  -0.005179  -0.015558  0.017699  -0.337825  0.066120  2.000000  0.999757  -0.015758  0.015444  0.015788  0.999874  -0.001855  -0.015413  0.002098  0.999879  0.999974  0.001579  0.007105  -0.001583  0.999999  0.000559  -0.007104  -0.000570  0.999975  1.000000  -0.000067  0.000062  0.000067  1.000000  0.000007  -0.000062  -0.000007  1.000000  0.999757  -0.015758  0.015444  0.015788  0.999874  -0.001855  -0.015413  0.002098  0.999879  0.000086  0.007300  
83.418180 0.002531  0.092030  -0.010287  0.994068  0.033909  0.103338  -0.034600  0.999389  0.004899  -0.103109  -0.008445  0.994634  0.001096  -0.005156  -0.015346  0.017670  -0.337787  0.066110  2.000000  0.999748  -0.016029  0.015691  0.016060  0.999869  -0.001823  -0.015660  0.002074  0.999875  0.999973  0.001578  0.007239  -0.001582  0.999999  0.000558  -0.007238  -0.000570  0.999974  1.000000  -0.000068  0.000062  0.000068  1.000000  0.000007  -0.000062  -0.000007  1.000000  0.999748  -0.016029  0.015691  0.016060  0.999869  -0.001823  -0.015660  0.002074  0.999875  0.000086  0.007430  
