1-Time 2-Px 3-Py 4-Pz 5-R11 6-R21 7-R31 8-R12 9-R22 10-R32 11-R13 12-R23 13-R33 14-Vx 15-Vy 16-Vz 17-Wx 18-Wy 19-Wz 20-state 21-PR11 22-PR21 23-PR31 24-PR12 25-PR22 26-PR32 27-PR13 28-PR23 29-PR33 
172.182628 0.004213  0.090013  -0.008756  0.999456  0.029303  -0.015105  -0.029432  0.999531  -0.008414  0.014851  0.008854  0.999851  -0.000510  -0.000038  0.000256  0.000000  0.000000  0.000000  2.000000  1.000000  0.000000  0.000000  0.000000  1.000000  0.000000  0.000000  0.000000  1.000000  1.000000  0.000408  -0.000405  -0.000408  1.000000  -0.000115  0.000405  0.000115  1.000000  1.000000  0.000000  0.000000  0.000000  1.000000  0.000000  0.000000  0.000000  1.000000  0.672200  0.709400  -0.211895  -0.724599  0.689119  0.008425  0.151998  0.147875  0.977256  0.000000  0.000000  
172.183639 0.004213  0.090013  -0.008756  0.999456  0.029303  -0.015105  -0.029432  0.999531  -0.008414  0.014851  0.008854  0.999851  -0.000457  -0.000040  0.000250  0.000000  0.000000  0.000000  2.000000  1.000000  0.000000  0.000000  0.000000  1.000000  0.000000  0.000000  0.000000  1.000000  1.000000  0.000408  -0.000405  -0.000408  1.000000  -0.000115  0.000405  0.000115  1.000000  1.000000  0.000000  0.000000  0.000000  1.000000  0.000000  0.000000  0.000000  1.000000  1.000000  0.000000  0.000000  0.000000  1.000000  0.000000  0.000000  0.000000  1.000000  0.000000  0.000000  
172.184883 0.004212  0.090009  -0.008761  0.999450  0.029507  -0.015110  -0.029638  0.999524  -0.008532  0.014851  0.008975  0.999849  -0.000448  -0.000273  -0.000072  0.000000  0.000000  0.000000  2.000000  1.000000  0.000000  0.000000  0.000000  1.000000  0.000000  0.000000  0.000000  1.000000  1.000000  0.000409  -0.000271  -0.000409  1.000000  -0.000236  0.000271  0.000237  1.000000  1.000000  0.000000  0.000000  0.000000  1.000000  0.000000  0.000000  0.000000  1.000000  1.000000  0.000000  0.000000  0.000000  1.000000  0.000000  0.000000  0.000000  1.000000  0.000000  0.000000  
172.186131 0.004212  0.090005  -0.008765  0.999444  0.029712  -0.015112  -0.029844  0.999518  -0.008529  0.014851  0.008975  0.999849  -0.000416  -0.000545  -0.000369  0.000000  0.000000  0.000000  2.000000  1.000000  0.000000  0.000000  0.000000  1.000000  0.000000  0.000000  0.000000  1.000000  1.000000  0.000615  -0.000273  -0.000615  1.000000  -0.000233  0.000273  0.000234  1.000000  1.000000  0.000000  0.000000  0.000000  1.000000  0.000000  0.000000  0.000000  1.000000  1.000000  0.000000  0.000000  0.000000  1.000000  0.000000  0.000000  0.000000  1.000000  0.000000  0.000000  
172.187137 0.004212  0.090002  -0.008769  0.999444  0.029712  -0.015112  -0.029844  0.999518  -0.008529  0.014851  0.008975  0.999849  -0.000353  -0.000813  -0.000693  0.000000  0.000000  0.000000  2.000000  1.000000  0.000000  0.000000  0.000000  1.000000  0.000000  0.000000  0.000000  1.000000  1.000000  0.000615  -0.000273  -0.000615  1.000000  -0.000233  0.000273  0.000234  1.000000  1.000000  0.000000  0.000000  0.000000  1.000000  0.000000  0.000000  0.000000  1.000000  1.000000  0.000000  0.000000  0.000000  1.000000  0.000000  0.000000  0.000000  1.000000  0.000000  0.000000  
172.188139 0.004212  0.089999  -0.008773  0.999438  0.029918  -0.015114  -0.030049  0.999512  -0.008526  0.014851  0.008975  0.999849  -0.000280  -0.000993  -0.000975  0.000000  0.000000  0.000000  2.000000  1.000000  0.000000  0.000000  0.000000  1.000000  0.000000  0.000000  0.000000  1.000000  1.000000  0.000821  -0.000275  -0.000821  1.000000  -0.000230  0.000275  0.000231  1.000000  1.000000  0.000000  0.000000  0.000000  1.000000  0.000000  0.000000  0.000000  1.000000  1.000000  0.000000  0.000000  0.000000  1.000000  0.000000  0.000000  0.000000  1.000000  0.000000  0.000000  
172.189388 0.004213  0.089995  -0.008777  0.999430  0.030123  -0.015249  -0.030255  0.999506  -0.008518  0.014985  0.008975  0.999847  -0.000158  -0.001254  -0.001299  0.000000  0.000000  0.000000  2.000000  1.000000  0.000000  0.000000  0.000000  1.000000  0.000000  0.000000  0.000000  1.000000  0.999999  0.001026  -0.000411  -0.001026  0.999999  -0.000106  0.000411  0.000106  1.000000  1.000000  0.000000  0.000000  0.000000  1.000000  0.000000  0.000000  0.000000  1.000000  1.000000  0.000000  0.000000  0.000000  1.000000  0.000000  0.000000  0.000000  1.000000  0.000000  0.000000  
172.190390 0.004214  0.089992  -0.008781  0.999424  0.030329  -0.015251  -0.030461  0.999500  -0.008515  0.014985  0.008975  0.999847  -0.000078  -0.001458  -0.001571  0.000000  0.000000  0.000000  2.000000  1.000000  0.000000  0.000000  0.000000  1.000000  0.000000  0.000000  0.000000  1.000000  0.999999  0.001231  -0.000412  -0.001231  0.999999  -0.000103  0.000412  0.000103  1.000000  1.000000  0.000000  0.000000  0.000000  1.000000  0.000000  0.000000  0.000000  1.000000  1.000000  0.000000  0.000000  0.000000  1.000000  0.000000  0.000000  0.000000  1.000000  0.000000  0.000000  
172.191636 0.004215  0.089988  -0.008786  0.999409  0.030739  -0.015388  -0.030872  0.999487  -0.008505  0.015119  0.008975  0.999845  0.000049  -0.001698  -0.001940  0.000000  0.000000  0.000000  2.000000  1.000000  0.000000  0.000000  0.000000  1.000000  0.000000  0.000000  0.000000  1.000000  0.999999  0.001437  -0.000414  -0.001437  0.999999  -0.000100  0.000414  0.000100  1.000000  1.000000  0.000000  0.000000  0.000000  1.000000  0.000000  0.000000  0.000000  1.000000  1.000000  0.000000  0.000000  0.000000  1.000000  0.000000  0.000000  0.000000  1.000000  0.000000  0.000000  
172.192639 0.004216  0.089984  -0.008791  0.999403  0.030943  -0.015393  -0.031078  0.999480  -0.008623  0.015119  0.009096  0.999844  0.000110  -0.001932  -0.002268  0.000000  0.000000  0.000000  2.000000  1.000000  0.000000  0.000000  0.000000  1.000000  0.000000  0.000000  0.000000  1.000000  0.999998  0.001849  -0.000418  -0.001849  0.999998  -0.000093  0.000418  0.000094  1.000000  1.000000  0.000000  0.000000  0.000000  1.000000  0.000000  0.000000  0.000000  1.000000  1.000000  0.000000  0.000000  0.000000  1.000000  0.000000  0.000000  0.000000  1.000000  0.000000  0.000000  
172.193893 0.004216  0.089980  -0.008798  0.999388  0.031353  -0.015531  -0.031489  0.999467  -0.008612  0.015252  0.009096  0.999842  0.000161  -0.002233  -0.002777  0.000000  0.000000  0.000000  2.000000  1.000000  0.000000  0.000000  0.000000  1.000000  0.000000  0.000000  0.000000  1.000000  0.999998  0.002054  -0.000554  -0.002054  0.999998  -0.000211  0.000553  0.000212  1.000000  1.000000  0.000000  0.000000  0.000000  1.000000  0.000000  0.000000  0.000000  1.000000  1.000000  0.000000  0.000000  0.000000  1.000000  0.000000  0.000000  0.000000  1.000000  0.000000  0.000000  
172.195138 0.004216  0.089975  -0.008805  0.999373  0.031763  -0.015668  -0.031901  0.999454  -0.008602  0.015386  0.009096  0.999840  0.000224  -0.002540  -0.003323  0.000000  0.000000  0.000000  2.000000  1.000000  0.000000  0.000000  0.000000  1.000000  0.000000  0.000000  0.000000  1.000000  0.999997  0.002464  -0.000691  -0.002464  0.999997  -0.000205  0.000691  0.000206  1.000000  1.000000  0.000000  0.000000  0.000000  1.000000  0.000000  0.000000  0.000000  1.000000  1.000000  0.000000  0.000000  0.000000  1.000000  0.000000  0.000000  0.000000  1.000000  0.000000  0.000000  
172.196382 0.004217  0.089971  -0.008813  0.999366  0.031967  -0.015674  -0.032107  0.999446  -0.008720  0.015386  0.009217  0.999839  0.000274  -0.002842  -0.003834  0.000000  0.000000  0.000000  2.000000  1.000000  0.000000  0.000000  0.000000  1.000000  0.000000  0.000000  0.000000  1.000000  0.999996  0.002876  -0.000695  -0.002876  0.999996  -0.000320  0.000695  0.000322  1.000000  1.000000  0.000000  0.000000  0.000000  1.000000  0.000000  0.000000  0.000000  1.000000  1.000000  0.000000  0.000000  0.000000  1.000000  0.000000  0.000000  0.000000  1.000000  0.000000  0.000000  
172.197632 0.004217  0.089965  -0.008822  0.999344  0.032581  -0.015817  -0.032724  0.999425  -0.008827  0.015520  0.009339  0.999836  0.000264  -0.003257  -0.004467  0.000000  0.000000  0.000000  2.000000  1.000000  0.000000  0.000000  0.000000  1.000000  0.000000  0.000000  0.000000  1.000000  0.999995  0.003080  -0.000832  -0.003080  0.999995  -0.000437  0.000830  0.000440  1.000000  1.000000  0.000000  0.000000  0.000000  1.000000  0.000000  0.000000  0.000000  1.000000  1.000000  0.000000  0.000000  0.000000  1.000000  0.000000  0.000000  0.000000  1.000000  0.000000  0.000000  
172.198634 0.004217  0.089960  -0.008830  0.999328  0.032992  -0.015954  -0.033135  0.999412  -0.008816  0.015654  0.009339  0.999834  0.000227  -0.003524  -0.004909  0.000000  0.000000  0.000000  2.000000  1.000000  0.000000  0.000000  0.000000  1.000000  0.000000  0.000000  0.000000  1.000000  0.999993  0.003491  -0.000969  -0.003491  0.999994  -0.000430  0.000968  0.000434  0.999999  1.000000  0.000000  0.000000  0.000000  1.000000  0.000000  0.000000  0.000000  1.000000  1.000000  0.000000  0.000000  0.000000  1.000000  0.000000  0.000000  0.000000  1.000000  0.000000  0.000000  
172.199635 0.004216  0.089954  -0.008837  0.999312  0.033400  -0.016095  -0.033547  0.999397  -0.008926  0.015788  0.009460  0.999831  0.000269  -0.003731  -0.005213  0.000000  0.000000  0.000000  2.000000  1.000000  0.000000  0.000000  0.000000  1.000000  0.000000  0.000000  0.000000  1.000000  0.999992  0.003902  -0.000973  -0.003903  0.999992  -0.000545  0.000971  0.000549  0.999999  1.000000  0.000000  0.000000  0.000000  1.000000  0.000000  0.000000  0.000000  1.000000  1.000000  0.000000  0.000000  0.000000  1.000000  0.000000  0.000000  0.000000  1.000000  0.000000  0.000000  
172.200635 0.004216  0.089949  -0.008844  0.999306  0.033604  -0.016101  -0.033752  0.999389  -0.009044  0.015788  0.009581  0.999829  0.000253  -0.003871  -0.005420  0.000000  0.000000  0.000000  2.000000  1.000000  0.000000  0.000000  0.000000  1.000000  0.000000  0.000000  0.000000  1.000000  0.999990  0.004312  -0.001112  -0.004313  0.999990  -0.000659  0.001109  0.000664  0.999999  1.000000  0.000000  0.000000  0.000000  1.000000  0.000000  0.000000  0.000000  1.000000  1.000000  0.000000  0.000000  0.000000  1.000000  0.000000  0.000000  0.000000  1.000000  0.000000  0.000000  
172.201884 0.004216  0.089942  -0.008852  0.999282  0.034220  -0.016241  -0.034369  0.999368  -0.009029  0.015921  0.009581  0.999827  0.000255  -0.004063  -0.005615  -0.021811  0.042066  0.172584  2.000000  1.000000  0.000000  0.000000  0.000000  1.000000  0.000000  0.000000  0.000000  1.000000  0.999988  0.004724  -0.001116  -0.004725  0.999989  -0.000652  0.001112  0.000658  0.999999  1.000000  0.000000  0.000000  0.000000  1.000000  0.000000  0.000000  0.000000  1.000000  1.000000  0.000000  0.000000  0.000000  1.000000  0.000000  0.000000  0.000000  1.000000  0.000000  0.000000  
172.203134 0.004215  0.089934  -0.008861  0.999268  0.034629  -0.016249  -0.034781  0.999353  -0.009144  0.015921  0.009702  0.999826  0.000208  -0.004311  -0.005883  -0.025672  0.042199  0.186393  2.000000  1.000000  0.000134  0.000148  -0.000134  1.000000  -0.000027  -0.000148  0.000027  1.000000  0.999985  0.005341  -0.001122  -0.005342  0.999985  -0.000764  0.001118  0.000770  0.999999  1.000000  0.000046  0.000051  -0.000046  1.000000  -0.000010  -0.000051  0.000010  1.000000  1.000000  0.000134  0.000148  -0.000134  1.000000  -0.000027  -0.000148  0.000027  1.000000  0.000048  0.005512  
172.204142 0.004216  0.089928  -0.008867  0.999252  0.035039  -0.016386  -0.035192  0.999339  -0.009133  0.016055  0.009702  0.999824  0.000167  -0.004541  -0.006080  -0.025441  0.046813  0.200143  2.000000  1.000000  0.000323  0.000359  -0.000323  1.000000  -0.000066  -0.000359  0.000065  1.000000  0.999983  0.005752  -0.001260  -0.005753  0.999983  -0.000756  0.001255  0.000764  0.999999  1.000000  0.000050  0.000054  -0.000050  1.000000  -0.000010  -0.000054  0.000009  1.000000  1.000000  0.000323  0.000359  -0.000323  1.000000  -0.000066  -0.000359  0.000065  1.000000  0.000052  0.005937  
172.205387 0.004216  0.089919  -0.008876  0.999230  0.035657  -0.016392  -0.035809  0.999317  -0.009122  0.016055  0.009702  0.999824  0.000118  -0.004851  -0.006363  -0.025125  0.047011  0.220916  2.000000  1.000000  0.000573  0.000636  -0.000573  1.000000  -0.000106  -0.000636  0.000105  1.000000  0.999981  0.005958  -0.001262  -0.005958  0.999982  -0.000632  0.001258  0.000639  0.999999  1.000000  0.000051  0.000057  -0.000051  1.000000  -0.000008  -0.000057  0.000008  1.000000  1.000000  0.000573  0.000636  -0.000573  1.000000  -0.000106  -0.000636  0.000105  1.000000  0.000055  0.006123  
172.206641 0.004216  0.089910  -0.008887  0.999213  0.036065  -0.016533  -0.036221  0.999301  -0.009232  0.016189  0.009824  0.999821  0.000040  -0.005208  -0.006760  -0.029075  0.051577  0.227753  2.000000  0.999999  0.000786  0.000872  -0.000786  1.000000  -0.000142  -0.000872  0.000141  1.000000  0.999979  0.006368  -0.001400  -0.006369  0.999979  -0.000746  0.001396  0.000754  0.999999  1.000000  0.000055  0.000060  -0.000055  1.000000  -0.000009  -0.000060  0.000009  1.000000  0.999999  0.000786  0.000872  -0.000786  1.000000  -0.000142  -0.000872  0.000141  1.000000  0.000061  0.006563  
172.207644 0.004216  0.089903  -0.008896  0.999198  0.036476  -0.016537  -0.036632  0.999286  -0.009225  0.016189  0.009824  0.999821  0.000032  -0.005457  -0.007002  -0.028857  0.051699  0.241550  2.000000  0.999999  0.001011  0.001121  -0.001011  0.999999  -0.000179  -0.001121  0.000178  0.999999  0.999976  0.006779  -0.001404  -0.006781  0.999977  -0.000739  0.001399  0.000748  0.999999  1.000000  0.000058  0.000065  -0.000058  1.000000  -0.000009  -0.000065  0.000009  1.000000  0.999999  0.001011  0.001121  -0.001011  0.999999  -0.000179  -0.001121  0.000178  0.999999  0.000062  0.006963  
172.208648 0.004217  0.089895  -0.008905  0.999180  0.036886  -0.016675  -0.037043  0.999271  -0.009213  0.016323  0.009824  0.999819  0.000045  -0.005736  -0.007271  -0.028624  0.056319  0.255322  2.000000  0.999998  0.001185  0.001317  -0.001185  0.999999  -0.000207  -0.001318  0.000206  0.999999  0.999975  0.006985  -0.001406  -0.006986  0.999975  -0.000736  0.001401  0.000745  0.999999  1.000000  0.000059  0.000067  -0.000059  1.000000  -0.000009  -0.000067  0.000009  1.000000  0.999998  0.001185  0.001317  -0.001185  0.999999  -0.000207  -0.001318  0.000206  0.999999  0.000066  0.007164  
172.209887 0.004217  0.089885  -0.008915  0.999157  0.037501  -0.016685  -0.037660  0.999247  -0.009324  0.016323  0.009945  0.999817  0.000056  -0.006083  -0.007441  -0.032385  0.056545  0.276133  2.000000  0.999998  0.001431  0.001593  -0.001431  0.999999  -0.000248  -0.001594  0.000245  0.999999  0.999972  0.007397  -0.001411  -0.007398  0.999972  -0.000849  0.001405  0.000860  0.999999  1.000000  0.000061  0.000071  -0.000061  1.000000  -0.000011  -0.000071  0.000011  1.000000  0.999998  0.001431  0.001593  -0.001431  0.999999  -0.000248  -0.001594  0.000245  0.999999  0.000069  0.007579  
172.210900 0.004218  0.089878  -0.008923  0.999142  0.037913  -0.016689  -0.038072  0.999232  -0.009317  0.016323  0.009945  0.999817  0.000084  -0.006327  -0.007588  -0.032157  0.056650  0.289840  2.000000  0.999997  0.001679  0.001881  -0.001678  0.999999  -0.000291  -0.001881  0.000288  0.999998  0.999972  0.007397  -0.001411  -0.007398  0.999972  -0.000849  0.001405  0.000860  0.999999  1.000000  0.000061  0.000071  -0.000061  1.000000  -0.000011  -0.000071  0.000011  1.000000  0.999997  0.001679  0.001881  -0.001678  0.999999  -0.000291  -0.001881  0.000288  0.999998  0.000073  0.007579  
172.212140 0.004218  0.089868  -0.008933  0.999116  0.038529  -0.016828  -0.038689  0.999208  -0.009302  0.016456  0.009945  0.999815  0.000066  -0.006627  -0.007618  -0.031806  0.056868  0.310705  2.000000  0.999996  0.001933  0.002179  -0.001932  0.999998  -0.000334  -0.002180  0.000330  0.999998  0.999969  0.007808  -0.001415  -0.007810  0.999969  -0.000842  0.001409  0.000853  0.999999  1.000000  0.000064  0.000076  -0.000064  1.000000  -0.000011  -0.000076  0.000011  1.000000  0.999996  0.001933  0.002179  -0.001932  0.999998  -0.000334  -0.002180  0.000330  0.999998  0.000077  0.007981  
172.213385 0.004219  0.089858  -0.008942  0.999100  0.038938  -0.016837  -0.039100  0.999191  -0.009416  0.016456  0.010066  0.999814  0.000159  -0.006881  -0.007558  -0.035685  0.057051  0.324720  2.000000  0.999994  0.002260  0.002568  -0.002259  0.999997  -0.000393  -0.002569  0.000388  0.999997  0.999967  0.008014  -0.001418  -0.008015  0.999967  -0.000959  0.001410  0.000971  0.999999  1.000000  0.000065  0.000078  -0.000065  1.000000  -0.000012  -0.000078  0.000012  1.000000  0.999994  0.002260  0.002568  -0.002259  0.999997  -0.000393  -0.002569  0.000388  0.999997  0.000081  0.008196  
172.214386 0.004220  0.089851  -0.008947  0.999084  0.039347  -0.016845  -0.039512  0.999174  -0.009531  0.016456  0.010187  0.999813  0.000234  -0.007023  -0.007433  -0.035569  0.057144  0.331560  2.000000  0.999993  0.002459  0.002806  -0.002457  0.999997  -0.000427  -0.002808  0.000420  0.999996  0.999965  0.008220  -0.001420  -0.008221  0.999966  -0.000835  0.001413  0.000846  0.999999  1.000000  0.000067  0.000080  -0.000067  1.000000  -0.000011  -0.000080  0.000011  1.000000  0.999993  0.002459  0.002806  -0.002457  0.999997  -0.000427  -0.002808  0.000420  0.999996  0.000083  0.008384  
172.215387 0.004220  0.089843  -0.008952  0.999069  0.039760  -0.016716  -0.039923  0.999157  -0.009529  0.016323  0.010187  0.999815  0.000288  -0.007137  -0.007282  -0.035488  0.052721  0.338569  2.000000  0.999991  0.002722  0.003138  -0.002721  0.999996  -0.000476  -0.003139  0.000467  0.999995  0.999964  0.008428  -0.001156  -0.008429  0.999964  -0.000954  0.001148  0.000963  0.999999  1.000000  0.000065  0.000084  -0.000065  1.000000  -0.000012  -0.000084  0.000012  1.000000  0.999991  0.002722  0.003138  -0.002721  0.999996  -0.000476  -0.003139  0.000467  0.999995  0.000086  0.008561  
172.216633 0.004221  0.089834  -0.008959  0.999045  0.040375  -0.016726  -0.040540  0.999131  -0.009640  0.016323  0.010309  0.999814  0.000350  -0.007270  -0.007162  -0.038913  0.052498  0.356314  2.000000  0.999989  0.003047  0.003562  -0.003045  0.999995  -0.000538  -0.003563  0.000528  0.999994  0.999964  0.008430  -0.001023  -0.008431  0.999964  -0.001075  0.001014  0.001083  0.999999  1.000000  0.000064  0.000085  -0.000064  1.000000  -0.000013  -0.000085  0.000013  1.000000  0.999989  0.003047  0.003562  -0.003045  0.999995  -0.000538  -0.003563  0.000528  0.999994  0.000090  0.008560  
172.217635 0.004221  0.089826  -0.008964  0.999028  0.040787  -0.016730  -0.040951  0.999115  -0.009633  0.016323  0.010309  0.999814  0.000381  -0.007453  -0.007116  -0.038806  0.052564  0.363171  2.000000  0.999987  0.003310  0.003914  -0.003307  0.999994  -0.000587  -0.003916  0.000574  0.999992  0.999960  0.008841  -0.001027  -0.008842  0.999960  -0.000947  0.001019  0.000956  0.999999  1.000000  0.000066  0.000089  -0.000066  1.000000  -0.000012  -0.000089  0.000012  1.000000  0.999987  0.003310  0.003914  -0.003307  0.999994  -0.000587  -0.003916  0.000574  0.999992  0.000092  0.008951  
172.218881 0.004221  0.089816  -0.008972  0.999002  0.041402  -0.016741  -0.041568  0.999088  -0.009744  0.016323  0.010430  0.999812  0.000406  -0.007565  -0.007077  -0.042622  0.048273  0.377043  2.000000  0.999984  0.003637  0.004363  -0.003634  0.999993  -0.000650  -0.004366  0.000634  0.999990  0.999961  0.008842  -0.000894  -0.008843  0.999960  -0.000947  0.000886  0.000955  0.999999  1.000000  0.000065  0.000090  -0.000065  1.000000  -0.000012  -0.000090  0.000012  1.000000  0.999984  0.003637  0.004363  -0.003634  0.999993  -0.000650  -0.004366  0.000634  0.999990  0.000096  0.008938  
172.219884 0.004221  0.089807  -0.008978  0.998985  0.041813  -0.016745  -0.041980  0.999071  -0.009737  0.016323  0.010430  0.999812  0.000332  -0.007736  -0.007061  -0.042516  0.048341  0.383919  2.000000  0.999981  0.003892  0.004721  -0.003888  0.999992  -0.000699  -0.004724  0.000680  0.999989  0.999962  0.008638  -0.000759  -0.008639  0.999962  -0.000950  0.000750  0.000957  0.999999  1.000000  0.000062  0.000089  -0.000062  1.000000  -0.000012  -0.000089  0.000012  1.000000  0.999981  0.003892  0.004721  -0.003888  0.999992  -0.000699  -0.004724  0.000680  0.999989  0.000096  0.008724  
172.220887 0.004221  0.089799  -0.008985  0.998968  0.042222  -0.016755  -0.042391  0.999053  -0.009851  0.016323  0.010551  0.999811  0.000340  -0.007843  -0.006968  -0.046804  0.044327  0.393997  2.000000  0.999979  0.004142  0.005081  -0.004138  0.999991  -0.000745  -0.005084  0.000724  0.999987  0.999962  0.008639  -0.000626  -0.008640  0.999962  -0.000950  0.000618  0.000956  0.999999  1.000000  0.000061  0.000090  -0.000061  1.000000  -0.000012  -0.000090  0.000012  1.000000  0.999979  0.004142  0.005081  -0.004138  0.999991  -0.000745  -0.005084  0.000724  0.999987  0.000097  0.008714  
172.222140 0.004221  0.089788  -0.008993  0.998941  0.042839  -0.016761  -0.043008  0.999026  -0.009841  0.016323  0.010551  0.999811  0.000308  -0.007905  -0.006739  -0.046683  0.044383  0.400805  2.000000  0.999975  0.004393  0.005453  -0.004388  0.999990  -0.000791  -0.005456  0.000767  0.999985  0.999959  0.009051  -0.000630  -0.009051  0.999959  -0.000822  0.000623  0.000828  0.999999  1.000000  0.000063  0.000094  -0.000063  1.000000  -0.000010  -0.000094  0.000010  1.000000  0.999975  0.004393  0.005453  -0.004388  0.999990  -0.000791  -0.005456  0.000767  0.999985  0.000101  0.009110  
172.223387 0.004221  0.089779  -0.008999  0.998924  0.043249  -0.016770  -0.043419  0.999007  -0.009955  0.016323  0.010673  0.999810  0.000305  -0.007900  -0.006426  -0.046556  0.040012  0.407846  2.000000  0.999971  0.004705  0.005926  -0.004700  0.999989  -0.000846  -0.005930  0.000818  0.999982  0.999959  0.009052  -0.000497  -0.009053  0.999959  -0.000943  0.000489  0.000948  0.999999  1.000000  0.000062  0.000095  -0.000062  1.000000  -0.000012  -0.000095  0.000012  1.000000  0.999971  0.004705  0.005926  -0.004700  0.999989  -0.000846  -0.005930  0.000818  0.999982  0.000103  0.009115  
172.224641 0.004222  0.089769  -0.009005  0.998899  0.043867  -0.016642  -0.044036  0.998980  -0.009951  0.016189  0.010673  0.999812  0.000315  -0.007913  -0.006087  -0.046436  0.031079  0.414752  2.000000  0.999967  0.005014  0.006401  -0.005008  0.999987  -0.000903  -0.006405  0.000871  0.999979  0.999959  0.009054  -0.000364  -0.009054  0.999959  -0.000823  0.000356  0.000827  1.000000  1.000000  0.000060  0.000096  -0.000060  1.000000  -0.000010  -0.000096  0.000010  1.000000  0.999967  0.005014  0.006401  -0.005008  0.999987  -0.000903  -0.006405  0.000871  0.999979  0.000103  0.009099  
172.225890 0.004221  0.089758  -0.009012  0.998871  0.044484  -0.016649  -0.044653  0.998953  -0.009940  0.016189  0.010673  0.999812  0.000176  -0.007999  -0.005881  -0.042000  0.030988  0.419168  2.000000  0.999962  0.005314  0.006884  -0.005307  0.999985  -0.000957  -0.006889  0.000920  0.999976  0.999959  0.009055  -0.000230  -0.009055  0.999959  -0.000823  0.000222  0.000825  1.000000  1.000000  0.000059  0.000097  -0.000059  1.000000  -0.000010  -0.000097  0.000010  1.000000  0.999962  0.005314  0.006884  -0.005307  0.999985  -0.000957  -0.006889  0.000920  0.999976  0.000105  0.009096  
172.227137 0.004220  0.089746  -0.009019  0.998853  0.044895  -0.016653  -0.045065  0.998935  -0.009933  0.016189  0.010673  0.999812  0.000100  -0.008110  -0.005784  -0.041882  0.026462  0.418318  2.000000  0.999957  0.005612  0.007371  -0.005605  0.999984  -0.001009  -0.007377  0.000968  0.999972  0.999959  0.009055  -0.000230  -0.009055  0.999959  -0.000702  0.000223  0.000704  1.000000  1.000000  0.000059  0.000097  -0.000059  1.000000  -0.000009  -0.000097  0.000009  1.000000  0.999957  0.005612  0.007371  -0.005605  0.999984  -0.001009  -0.007377  0.000968  0.999972  0.000106  0.009085  
172.228387 0.004219  0.089735  -0.009027  0.998827  0.045512  -0.016531  -0.045682  0.998905  -0.010050  0.016055  0.010794  0.999813  -0.000034  -0.008254  -0.005732  -0.042229  0.017739  0.421864  2.000000  0.999952  0.005900  0.007864  -0.005892  0.999982  -0.001062  -0.007871  0.001016  0.999969  0.999957  0.009264  0.000034  -0.009264  0.999957  -0.000821  -0.000042  0.000821  1.000000  1.000000  0.000057  0.000101  -0.000057  1.000000  -0.000010  -0.000101  0.000010  1.000000  0.999952  0.005900  0.007864  -0.005892  0.999982  -0.001062  -0.007871  0.001016  0.999969  0.000107  0.009300  
172.229632 0.004217  0.089723  -0.009036  0.998799  0.046129  -0.016537  -0.046298  0.998877  -0.010040  0.016055  0.010794  0.999813  -0.000180  -0.008408  -0.005861  -0.037705  0.013229  0.425348  2.000000  0.999947  0.006128  0.008262  -0.006119  0.999981  -0.001105  -0.008268  0.001055  0.999965  0.999959  0.009058  0.000037  -0.009058  0.999959  -0.000825  -0.000044  0.000824  1.000000  1.000000  0.000056  0.000098  -0.000056  1.000000  -0.000010  -0.000098  0.000010  1.000000  0.999947  0.006128  0.008262  -0.006119  0.999981  -0.001105  -0.008268  0.001055  0.999965  0.000107  0.009096  
172.230637 0.004215  0.089713  -0.009044  0.998779  0.046540  -0.016541  -0.046710  0.998858  -0.010033  0.016055  0.010794  0.999813  -0.000346  -0.008573  -0.006031  -0.033934  0.013363  0.428795  2.000000  0.999942  0.006351  0.008665  -0.006341  0.999979  -0.001146  -0.008672  0.001091  0.999962  0.999957  0.009265  0.000168  -0.009265  0.999957  -0.000700  -0.000175  0.000698  1.000000  1.000000  0.000056  0.000101  -0.000056  1.000000  -0.000009  -0.000101  0.000009  1.000000  0.999942  0.006351  0.008665  -0.006341  0.999979  -0.001146  -0.008672  0.001091  0.999962  0.000109  0.009293  
172.231883 0.004213  0.089701  -0.009053  0.998750  0.047157  -0.016547  -0.047327  0.998829  -0.010023  0.016055  0.010794  0.999813  -0.000509  -0.008710  -0.006248  -0.033520  0.008864  0.432209  2.000000  0.999936  0.006628  0.009165  -0.006617  0.999977  -0.001193  -0.009172  0.001132  0.999957  0.999959  0.009059  0.000170  -0.009059  0.999959  -0.000703  -0.000177  0.000702  1.000000  1.000000  0.000055  0.000099  -0.000055  1.000000  -0.000009  -0.000099  0.000009  1.000000  0.999936  0.006628  0.009165  -0.006617  0.999977  -0.001193  -0.009172  0.001132  0.999957  0.000108  0.009088  
172.232884 0.004211  0.089691  -0.009061  0.998731  0.047566  -0.016557  -0.047738  0.998808  -0.010138  0.016055  0.010915  0.999812  -0.000664  -0.008837  -0.006344  -0.033801  0.008991  0.435836  2.000000  0.999931  0.006844  0.009560  -0.006833  0.999976  -0.001231  -0.009568  0.001165  0.999954  0.999961  0.008855  0.000306  -0.008855  0.999961  -0.000707  -0.000313  0.000704  1.000000  1.000000  0.000052  0.000098  -0.000052  1.000000  -0.000009  -0.000098  0.000009  1.000000  0.999931  0.006844  0.009560  -0.006833  0.999976  -0.001231  -0.009568  0.001165  0.999954  0.000108  0.008888  
172.234134 0.004208  0.089679  -0.009070  0.998701  0.048183  -0.016563  -0.048355  0.998779  -0.010127  0.016055  0.010915  0.999812  -0.000870  -0.008964  -0.006437  -0.033390  0.004529  0.439235  2.000000  0.999924  0.007111  0.010059  -0.007099  0.999974  -0.001278  -0.010068  0.001207  0.999949  0.999959  0.009061  0.000303  -0.009061  0.999959  -0.000703  -0.000310  0.000700  1.000000  1.000000  0.000053  0.000100  -0.000053  1.000000  -0.000009  -0.000100  0.000009  1.000000  0.999924  0.007111  0.010059  -0.007099  0.999974  -0.001278  -0.010068  0.001207  0.999949  0.000108  0.009093  
172.235384 0.004206  0.089668  -0.009079  0.998681  0.048594  -0.016568  -0.048766  0.998759  -0.010121  0.016055  0.010915  0.999812  -0.000992  -0.008992  -0.006483  -0.033494  0.004457  0.432300  2.000000  0.999917  0.007378  0.010556  -0.007365  0.999972  -0.001321  -0.010565  0.001243  0.999943  0.999959  0.009059  0.000169  -0.009059  0.999959  -0.000582  -0.000175  0.000580  1.000000  1.000000  0.000055  0.000099  -0.000055  1.000000  -0.000007  -0.000099  0.000007  1.000000  0.999917  0.007378  0.010556  -0.007365  0.999972  -0.001321  -0.010565  0.001243  0.999943  0.000110  0.009080  
172.236384 0.004203  0.089659  -0.009085  0.998651  0.049211  -0.016574  -0.049383  0.998729  -0.010110  0.016055  0.010915  0.999812  -0.001163  -0.009073  -0.006476  -0.029309  0.000094  0.439176  2.000000  0.999911  0.007596  0.010950  -0.007582  0.999970  -0.001353  -0.010960  0.001270  0.999939  0.999959  0.009059  0.000169  -0.009059  0.999959  -0.000582  -0.000175  0.000580  1.000000  1.000000  0.000055  0.000099  -0.000055  1.000000  -0.000007  -0.000099  0.000007  1.000000  0.999911  0.007596  0.010950  -0.007582  0.999970  -0.001353  -0.010960  0.001270  0.999939  0.000110  0.009080  
172.237386 0.004202  0.089650  -0.009091  0.998630  0.049622  -0.016578  -0.049794  0.998708  -0.010103  0.016055  0.010915  0.999812  -0.001296  -0.009080  -0.006474  -0.029562  0.000095  0.442962  2.000000  0.999907  0.007762  0.011250  -0.007747  0.999969  -0.001374  -0.011260  0.001287  0.999936  0.999959  0.009059  0.000169  -0.009059  0.999959  -0.000461  -0.000174  0.000459  1.000000  1.000000  0.000055  0.000099  -0.000055  1.000000  -0.000006  -0.000099  0.000006  1.000000  0.999907  0.007762  0.011250  -0.007747  0.999969  -0.001374  -0.011260  0.001287  0.999936  0.000110  0.009073  
172.238639 0.004199  0.089640  -0.009099  0.998610  0.050033  -0.016582  -0.050205  0.998688  -0.010097  0.016055  0.010915  0.999812  -0.001500  -0.009130  -0.006533  -0.029288  -0.004367  0.439338  2.000000  0.999900  0.007984  0.011650  -0.007968  0.999967  -0.001400  -0.011661  0.001307  0.999931  0.999957  0.009265  0.000167  -0.009265  0.999957  -0.000457  -0.000171  0.000456  1.000000  1.000000  0.000056  0.000101  -0.000056  1.000000  -0.000006  -0.000101  0.000006  1.000000  0.999900  0.007984  0.011650  -0.007968  0.999967  -0.001400  -0.011661  0.001307  0.999931  0.000110  0.009278  
172.239905 0.004195  0.089628  -0.009107  0.998579  0.050648  -0.016594  -0.050822  0.998656  -0.010208  0.016055  0.011036  0.999810  -0.001794  -0.009247  -0.006751  -0.029506  -0.004345  0.442618  2.000000  0.999892  0.008261  0.012150  -0.008244  0.999965  -0.001433  -0.012162  0.001333  0.999925  0.999959  0.009059  0.000168  -0.009059  0.999959  -0.000461  -0.000172  0.000459  1.000000  1.000000  0.000055  0.000099  -0.000055  1.000000  -0.000006  -0.000099  0.000006  1.000000  0.999892  0.008261  0.012150  -0.008244  0.999965  -0.001433  -0.012162  0.001333  0.999925  0.000109  0.009073  
172.241139 0.004191  0.089616  -0.009118  0.998556  0.051058  -0.016732  -0.051233  0.998635  -0.010194  0.016189  0.011036  0.999808  -0.002023  -0.009351  -0.007011  -0.029608  0.000076  0.435937  2.000000  0.999885  0.008487  0.012555  -0.008469  0.999963  -0.001459  -0.012566  0.001353  0.999920  0.999957  0.009264  0.000032  -0.009264  0.999957  -0.000456  -0.000036  0.000456  1.000000  1.000000  0.000058  0.000100  -0.000058  1.000000  -0.000006  -0.000100  0.000006  1.000000  0.999885  0.008487  0.012555  -0.008469  0.999963  -0.001459  -0.012566  0.001353  0.999920  0.000110  0.009275  
172.242393 0.004187  0.089603  -0.009128  0.998524  0.051675  -0.016739  -0.051849  0.998603  -0.010184  0.016189  0.011036  0.999808  -0.002223  -0.009433  -0.007192  -0.025493  -0.004393  0.435836  2.000000  0.999876  0.008773  0.013055  -0.008755  0.999961  -0.001486  -0.013067  0.001371  0.999914  0.999959  0.009058  0.000034  -0.009058  0.999959  -0.000338  -0.000038  0.000338  1.000000  1.000000  0.000056  0.000098  -0.000056  1.000000  -0.000004  -0.000098  0.000004  1.000000  0.999876  0.008773  0.013055  -0.008755  0.999961  -0.001486  -0.013067  0.001371  0.999914  0.000108  0.009064  
172.243639 0.004182  0.089590  -0.009139  0.998491  0.052289  -0.016751  -0.052466  0.998570  -0.010294  0.016189  0.011158  0.999807  -0.002401  -0.009474  -0.007372  -0.029458  -0.004293  0.442776  2.000000  0.999867  0.009056  0.013548  -0.009036  0.999958  -0.001514  -0.013561  0.001392  0.999907  0.999959  0.009058  0.000033  -0.009058  0.999959  -0.000459  -0.000038  0.000459  1.000000  1.000000  0.000056  0.000098  -0.000056  1.000000  -0.000006  -0.000098  0.000006  1.000000  0.999867  0.009056  0.013548  -0.009036  0.999958  -0.001514  -0.013561  0.001392  0.999907  0.000110  0.009070  
172.244883 0.004178  0.089577  -0.009151  0.998470  0.052700  -0.016755  -0.052877  0.998548  -0.010287  0.016189  0.011158  0.999807  -0.002541  -0.009510  -0.007493  -0.025215  0.000228  0.439316  2.000000  0.999858  0.009341  0.014046  -0.009321  0.999955  -0.001542  -0.014059  0.001410  0.999900  0.999957  0.009264  0.000031  -0.009264  0.999957  -0.000335  -0.000034  0.000334  1.000000  1.000000  0.000058  0.000100  -0.000058  1.000000  -0.000004  -0.000100  0.000004  1.000000  0.999858  0.009341  0.014046  -0.009321  0.999955  -0.001542  -0.014059  0.001410  0.999900  0.000111  0.009270  
172.246134 0.004174  0.089565  -0.009161  0.998437  0.053317  -0.016762  -0.053494  0.998515  -0.010277  0.016189  0.011158  0.999807  -0.002702  -0.009536  -0.007566  -0.025206  0.000228  0.439159  2.000000  0.999850  0.009575  0.014443  -0.009553  0.999953  -0.001562  -0.014457  0.001424  0.999894  0.999957  0.009262  -0.000103  -0.009262  0.999957  -0.000335  0.000100  0.000336  1.000000  1.000000  0.000059  0.000100  -0.000059  1.000000  -0.000004  -0.000100  0.000004  1.000000  0.999850  0.009575  0.014443  -0.009553  0.999953  -0.001562  -0.014457  0.001424  0.999894  0.000109  0.009269  
172.247136 0.004171  0.089555  -0.009169  0.998415  0.053728  -0.016766  -0.053905  0.998493  -0.010270  0.016189  0.011158  0.999807  -0.002787  -0.009560  -0.007607  -0.021450  0.000182  0.435869  2.000000  0.999842  0.009808  0.014837  -0.009786  0.999951  -0.001583  -0.014851  0.001437  0.999889  0.999959  0.009056  -0.000100  -0.009056  0.999959  -0.000338  0.000097  0.000339  1.000000  1.000000  0.000058  0.000097  -0.000058  1.000000  -0.000004  -0.000097  0.000004  1.000000  0.999842  0.009808  0.014837  -0.009786  0.999951  -0.001583  -0.014851  0.001437  0.999889  0.000108  0.009063  
172.248384 0.004167  0.089543  -0.009180  0.998393  0.054139  -0.016770  -0.054316  0.998471  -0.010263  0.016189  0.011158  0.999807  -0.002869  -0.009595  -0.007729  -0.017234  0.000207  0.432363  2.000000  0.999831  0.010101  0.015330  -0.010077  0.999948  -0.001609  -0.015345  0.001454  0.999881  0.999957  0.009262  -0.000103  -0.009262  0.999957  -0.000335  0.000100  0.000336  1.000000  1.000000  0.000059  0.000100  -0.000059  1.000000  -0.000004  -0.000100  0.000004  1.000000  0.999831  0.010101  0.015330  -0.010077  0.999948  -0.001609  -0.015345  0.001454  0.999881  0.000109  0.009269  
172.249384 0.004164  0.089532  -0.009189  0.998370  0.054551  -0.016774  -0.054727  0.998449  -0.010256  0.016189  0.011158  0.999807  -0.002920  -0.009654  -0.007807  -0.017376  0.000209  0.435925  2.000000  0.999823  0.010332  0.015713  -0.010308  0.999946  -0.001624  -0.015729  0.001461  0.999875  0.999961  0.008849  -0.000232  -0.008849  0.999961  -0.000220  0.000230  0.000222  1.000000  1.000000  0.000058  0.000094  -0.000058  1.000000  -0.000003  -0.000094  0.000003  1.000000  0.999823  0.010332  0.015713  -0.010308  0.999946  -0.001624  -0.015729  0.001461  0.999875  0.000108  0.008855  
172.250388 0.004161  0.089522  -0.009198  0.998347  0.054962  -0.016779  -0.055138  0.998426  -0.010249  0.016189  0.011158  0.999807  -0.002981  -0.009742  -0.008002  -0.013298  0.000235  0.435916  2.000000  0.999815  0.010565  0.016093  -0.010540  0.999943  -0.001639  -0.016109  0.001469  0.999869  0.999961  0.008849  -0.000232  -0.008849  0.999961  -0.000220  0.000230  0.000222  1.000000  1.000000  0.000058  0.000094  -0.000058  1.000000  -0.000003  -0.000094  0.000003  1.000000  0.999815  0.010565  0.016093  -0.010540  0.999943  -0.001639  -0.016109  0.001469  0.999869  0.000108  0.008855  
172.251633 0.004158  0.089509  -0.009210  0.998327  0.055376  -0.016643  -0.055549  0.998405  -0.010129  0.016055  0.011036  0.999810  -0.003044  -0.009869  -0.008262  -0.009286  -0.004328  0.425551  2.000000  0.999804  0.010849  0.016559  -0.010823  0.999940  -0.001657  -0.016576  0.001478  0.999862  0.999963  0.008645  -0.000096  -0.008645  0.999963  -0.000225  0.000094  0.000225  1.000000  1.000000  0.000055  0.000093  -0.000055  1.000000  -0.000003  -0.000093  0.000003  1.000000  0.999804  0.010849  0.016559  -0.010823  0.999940  -0.001657  -0.016576  0.001478  0.999862  0.000107  0.008648  
172.252634 0.004155  0.089499  -0.009220  0.998304  0.055787  -0.016647  -0.055960  0.998382  -0.010122  0.016055  0.011036  0.999810  -0.003102  -0.010021  -0.008578  -0.009364  -0.004364  0.429117  2.000000  0.999795  0.011069  0.016930  -0.011042  0.999938  -0.001667  -0.016948  0.001479  0.999855  0.999963  0.008645  -0.000095  -0.008645  0.999963  -0.000103  0.000094  0.000104  1.000000  1.000000  0.000055  0.000093  -0.000055  1.000000  -0.000001  -0.000093  0.000001  1.000000  0.999795  0.011069  0.016930  -0.011042  0.999938  -0.001667  -0.016948  0.001479  0.999855  0.000106  0.008646  
172.253637 0.004151  0.089487  -0.009230  0.998292  0.055993  -0.016649  -0.056166  0.998370  -0.010119  0.016055  0.011036  0.999810  -0.003170  -0.010156  -0.008774  -0.005354  -0.004376  0.418692  2.000000  0.999789  0.011234  0.017209  -0.011207  0.999936  -0.001674  -0.017227  0.001480  0.999851  0.999963  0.008645  -0.000095  -0.008645  0.999963  -0.000103  0.000094  0.000104  1.000000  1.000000  0.000055  0.000093  -0.000055  1.000000  -0.000001  -0.000093  0.000001  1.000000  0.999789  0.011234  0.017209  -0.011207  0.999936  -0.001674  -0.017227  0.001480  0.999851  0.000105  0.008646  
172.254638 0.004148  0.089476  -0.009240  0.998269  0.056404  -0.016653  -0.056577  0.998347  -0.010112  0.016055  0.011036  0.999810  -0.003166  -0.010299  -0.009029  -0.005381  0.000084  0.418624  2.000000  0.999780  0.011453  0.017579  -0.011425  0.999933  -0.001679  -0.017597  0.001477  0.999844  0.999964  0.008439  -0.000093  -0.008439  0.999964  0.000015  0.000093  -0.000014  1.000000  1.000000  0.000054  0.000091  -0.000054  1.000000  0.000000  -0.000091  -0.000000  1.000000  0.999780  0.011453  0.017579  -0.011425  0.999933  -0.001679  -0.017597  0.001477  0.999844  0.000104  0.008440  
172.255890 0.004145  0.089463  -0.009253  0.998246  0.056815  -0.016657  -0.056988  0.998324  -0.010105  0.016055  0.011036  0.999810  -0.003127  -0.010376  -0.009161  -0.005492  0.000010  0.411721  2.000000  0.999769  0.011722  0.018033  -0.011693  0.999930  -0.001683  -0.018051  0.001472  0.999836  0.999964  0.008439  -0.000093  -0.008439  0.999964  0.000015  0.000093  -0.000014  1.000000  1.000000  0.000054  0.000091  -0.000054  1.000000  0.000000  -0.000091  -0.000000  1.000000  0.999769  0.011722  0.018033  -0.011693  0.999930  -0.001683  -0.018051  0.001472  0.999836  0.000104  0.008440  
172.257139 0.004141  0.089449  -0.009265  0.998222  0.057224  -0.016668  -0.057399  0.998299  -0.010219  0.016055  0.011158  0.999809  -0.003127  -0.010437  -0.009245  -0.005650  -0.000016  0.408285  2.000000  0.999757  0.011986  0.018480  -0.011957  0.999927  -0.001692  -0.018499  0.001471  0.999828  0.999966  0.008233  -0.000091  -0.008233  0.999966  -0.000110  0.000090  0.000111  1.000000  1.000000  0.000052  0.000089  -0.000052  1.000000  -0.000001  -0.000089  0.000001  1.000000  0.999757  0.011986  0.018480  -0.011957  0.999927  -0.001692  -0.018499  0.001471  0.999828  0.000104  0.008235  
