1-Time 2-Px 3-Py 4-Pz 5-R11 6-R21 7-R31 8-R12 9-R22 10-R32 11-R13 12-R23 13-R33 14-Vx 15-Vy 16-Vz 17-Wx 18-Wy 19-Wz 20-state 21-PR11 22-PR21 23-PR31 24-PR12 25-PR22 26-PR32 27-PR13 28-PR23 29-PR33 
117.270042 0.002133  0.091391  -0.023089  0.997310  0.034309  -0.064772  -0.034918  0.999356  -0.008291  0.064446  0.010531  0.997866  -0.000114  -0.000079  -0.000157  0.000000  0.000000  0.000000  2.000000  1.000000  0.000000  0.000000  0.000000  1.000000  0.000000  0.000000  0.000000  1.000000  1.000000  0.000001  0.000134  -0.000001  1.000000  -0.000000  -0.000134  -0.000000  1.000000  1.000000  0.000000  0.000000  0.000000  1.000000  0.000000  0.000000  0.000000  1.000000  0.743323  0.352226  -0.568689  -0.430269  0.902695  -0.003300  0.512190  0.247142  0.822546  0.000000  0.000000  
117.271048 0.002133  0.091391  -0.023089  0.997310  0.034309  -0.064772  -0.034918  0.999356  -0.008291  0.064446  0.010531  0.997866  -0.000114  -0.000079  -0.000157  0.000000  0.000000  0.000000  2.000000  1.000000  0.000000  0.000000  0.000000  1.000000  0.000000  0.000000  0.000000  1.000000  1.000000  0.000001  0.000134  -0.000001  1.000000  -0.000000  -0.000134  -0.000000  1.000000  1.000000  0.000000  0.000000  0.000000  1.000000  0.000000  0.000000  0.000000  1.000000  1.000000  0.000000  0.000000  0.000000  1.000000  0.000000  0.000000  0.000000  1.000000  0.000000  0.000000  
117.272302 0.002132  0.091389  -0.023090  0.997286  0.034512  -0.065041  -0.035123  0.999349  -0.008269  0.064713  0.010531  0.997848  -0.000149  -0.000199  -0.000171  0.000000  0.000000  0.000000  2.000000  1.000000  0.000000  0.000000  0.000000  1.000000  0.000000  0.000000  0.000000  1.000000  1.000000  -0.000000  0.000000  0.000000  1.000000  0.000000  0.000000  0.000000  1.000000  1.000000  0.000000  0.000000  0.000000  1.000000  0.000000  0.000000  0.000000  1.000000  1.000000  0.000000  0.000000  0.000000  1.000000  0.000000  0.000000  0.000000  1.000000  0.000000  0.000000  
117.273552 0.002132  0.091386  -0.023091  0.997277  0.034511  -0.065174  -0.035123  0.999349  -0.008264  0.064847  0.010530  0.997840  -0.000188  -0.000392  -0.000227  0.000000  0.000000  0.000000  2.000000  1.000000  0.000000  0.000000  0.000000  1.000000  0.000000  0.000000  0.000000  1.000000  1.000000  0.000203  -0.000270  -0.000203  1.000000  0.000013  0.000270  -0.000013  1.000000  1.000000  0.000000  0.000000  0.000000  1.000000  0.000000  0.000000  0.000000  1.000000  1.000000  0.000000  0.000000  0.000000  1.000000  0.000000  0.000000  0.000000  1.000000  0.000000  0.000000  
117.274803 0.002131  0.091384  -0.023091  0.997260  0.034508  -0.065441  -0.035122  0.999349  -0.008254  0.065114  0.010530  0.997822  -0.000205  -0.000558  -0.000227  0.000000  0.000000  0.000000  2.000000  1.000000  0.000000  0.000000  0.000000  1.000000  0.000000  0.000000  0.000000  1.000000  1.000000  0.000200  -0.000537  -0.000200  1.000000  0.000013  0.000537  -0.000013  1.000000  1.000000  0.000000  0.000000  0.000000  1.000000  0.000000  0.000000  0.000000  1.000000  1.000000  0.000000  0.000000  0.000000  1.000000  0.000000  0.000000  0.000000  1.000000  0.000000  0.000000  
117.276052 0.002131  0.091381  -0.023092  0.997244  0.034712  -0.065576  -0.035327  0.999342  -0.008236  0.065247  0.010530  0.997814  -0.000236  -0.000775  -0.000276  0.000000  0.000000  0.000000  2.000000  1.000000  0.000000  0.000000  0.000000  1.000000  0.000000  0.000000  0.000000  1.000000  1.000000  0.000404  -0.000673  -0.000404  1.000000  0.000027  0.000673  -0.000027  1.000000  1.000000  0.000000  0.000000  0.000000  1.000000  0.000000  0.000000  0.000000  1.000000  1.000000  0.000000  0.000000  0.000000  1.000000  0.000000  0.000000  0.000000  1.000000  0.000000  0.000000  
117.277054 0.002131  0.091379  -0.023092  0.997219  0.034915  -0.065845  -0.035532  0.999335  -0.008213  0.065514  0.010530  0.997796  -0.000232  -0.000915  -0.000218  0.000000  0.000000  0.000000  2.000000  1.000000  0.000000  0.000000  0.000000  1.000000  0.000000  0.000000  0.000000  1.000000  0.999999  0.000608  -0.000809  -0.000608  1.000000  0.000040  0.000809  -0.000040  1.000000  1.000000  0.000000  0.000000  0.000000  1.000000  0.000000  0.000000  0.000000  1.000000  1.000000  0.000000  0.000000  0.000000  1.000000  0.000000  0.000000  0.000000  1.000000  0.000000  0.000000  
117.278299 0.002131  0.091376  -0.023092  0.997195  0.035325  -0.065982  -0.035942  0.999320  -0.008181  0.065648  0.010530  0.997787  -0.000200  -0.001082  -0.000231  0.000000  0.000000  0.000000  2.000000  1.000000  0.000000  0.000000  0.000000  1.000000  0.000000  0.000000  0.000000  1.000000  0.999999  0.000809  -0.001213  -0.000809  1.000000  0.000054  0.001213  -0.000053  0.999999  1.000000  0.000000  0.000000  0.000000  1.000000  0.000000  0.000000  0.000000  1.000000  1.000000  0.000000  0.000000  0.000000  1.000000  0.000000  0.000000  0.000000  1.000000  0.000000  0.000000  
117.279307 0.002132  0.091374  -0.023092  0.997179  0.035522  -0.066121  -0.036147  0.999312  -0.008284  0.065781  0.010651  0.997777  -0.000174  -0.001205  -0.000248  0.000000  0.000000  0.000000  2.000000  1.000000  0.000000  0.000000  0.000000  1.000000  0.000000  0.000000  0.000000  1.000000  0.999999  0.001013  -0.001349  -0.001013  0.999999  -0.000054  0.001349  0.000055  0.999999  1.000000  0.000000  0.000000  0.000000  1.000000  0.000000  0.000000  0.000000  1.000000  1.000000  0.000000  0.000000  0.000000  1.000000  0.000000  0.000000  0.000000  1.000000  0.000000  0.000000  
117.280553 0.002131  0.091371  -0.023094  0.997154  0.035725  -0.066390  -0.036352  0.999305  -0.008261  0.066048  0.010651  0.997760  -0.000215  -0.001395  -0.000354  0.000000  0.000000  0.000000  2.000000  1.000000  0.000000  0.000000  0.000000  1.000000  0.000000  0.000000  0.000000  1.000000  0.999998  0.001421  -0.001621  -0.001421  0.999999  -0.000026  0.001621  0.000028  0.999999  1.000000  0.000000  0.000000  0.000000  1.000000  0.000000  0.000000  0.000000  1.000000  1.000000  0.000000  0.000000  0.000000  1.000000  0.000000  0.000000  0.000000  1.000000  0.000000  0.000000  
117.281801 0.002130  0.091369  -0.023097  0.997112  0.036132  -0.066793  -0.036761  0.999290  -0.008219  0.066449  0.010650  0.997733  -0.000222  -0.001498  -0.000532  0.000000  0.000000  0.000000  2.000000  1.000000  0.000000  0.000000  0.000000  1.000000  0.000000  0.000000  0.000000  1.000000  0.999997  0.001623  -0.001891  -0.001623  0.999999  -0.000012  0.001891  0.000015  0.999998  1.000000  0.000000  0.000000  0.000000  1.000000  0.000000  0.000000  0.000000  1.000000  1.000000  0.000000  0.000000  0.000000  1.000000  0.000000  0.000000  0.000000  1.000000  0.000000  0.000000  
117.282804 0.002130  0.091368  -0.023099  0.997087  0.036326  -0.067066  -0.036966  0.999282  -0.008316  0.066716  0.010771  0.997714  -0.000286  -0.001599  -0.000656  0.000000  0.000000  0.000000  2.000000  1.000000  0.000000  0.000000  0.000000  1.000000  0.000000  0.000000  0.000000  1.000000  0.999996  0.001824  -0.002294  -0.001825  0.999998  -0.000119  0.002294  0.000123  0.999997  1.000000  0.000000  0.000000  0.000000  1.000000  0.000000  0.000000  0.000000  1.000000  1.000000  0.000000  0.000000  0.000000  1.000000  0.000000  0.000000  0.000000  1.000000  0.000000  0.000000  
117.284053 0.002129  0.091366  -0.023101  0.997053  0.036528  -0.067468  -0.037170  0.999275  -0.008288  0.067116  0.010771  0.997687  -0.000333  -0.001725  -0.000812  0.000000  0.000000  0.000000  2.000000  1.000000  0.000000  0.000000  0.000000  1.000000  0.000000  0.000000  0.000000  1.000000  0.999994  0.002231  -0.002700  -0.002231  0.999998  -0.000091  0.002700  0.000097  0.999996  1.000000  0.000000  0.000000  0.000000  1.000000  0.000000  0.000000  0.000000  1.000000  1.000000  0.000000  0.000000  0.000000  1.000000  0.000000  0.000000  0.000000  1.000000  0.000000  0.000000  
117.285307 0.002128  0.091363  -0.023103  0.997010  0.036935  -0.067872  -0.037580  0.999260  -0.008245  0.067517  0.010771  0.997660  -0.000363  -0.001920  -0.000908  0.000000  0.000000  0.000000  2.000000  1.000000  0.000000  0.000000  0.000000  1.000000  0.000000  0.000000  0.000000  1.000000  0.999992  0.002432  -0.003104  -0.002432  0.999997  -0.000076  0.003103  0.000083  0.999995  1.000000  0.000000  0.000000  0.000000  1.000000  0.000000  0.000000  0.000000  1.000000  1.000000  0.000000  0.000000  0.000000  1.000000  0.000000  0.000000  0.000000  1.000000  0.000000  0.000000  
117.286327 0.002127  0.091361  -0.023105  0.996975  0.037136  -0.068274  -0.037784  0.999252  -0.008216  0.067917  0.010770  0.997633  -0.000387  -0.002016  -0.001006  0.000000  0.000000  0.000000  2.000000  1.000000  0.000000  0.000000  0.000000  1.000000  0.000000  0.000000  0.000000  1.000000  0.999990  0.002840  -0.003376  -0.002840  0.999996  -0.000047  0.003375  0.000057  0.999994  1.000000  0.000000  0.000000  0.000000  1.000000  0.000000  0.000000  0.000000  1.000000  1.000000  0.000000  0.000000  0.000000  1.000000  0.000000  0.000000  0.000000  1.000000  0.000000  0.000000  
117.287551 0.002127  0.091358  -0.023106  0.996941  0.037545  -0.068544  -0.038194  0.999237  -0.008177  0.068184  0.010770  0.997615  -0.000351  -0.002070  -0.001071  0.000000  0.000000  0.000000  2.000000  1.000000  0.000000  0.000000  0.000000  1.000000  0.000000  0.000000  0.000000  1.000000  0.999988  0.003246  -0.003781  -0.003247  0.999995  -0.000018  0.003781  0.000030  0.999993  1.000000  0.000000  0.000000  0.000000  1.000000  0.000000  0.000000  0.000000  1.000000  1.000000  0.000000  0.000000  0.000000  1.000000  0.000000  0.000000  0.000000  1.000000  0.000000  0.000000  
117.288574 0.002126  0.091354  -0.023106  0.996907  0.037953  -0.068814  -0.038603  0.999221  -0.008139  0.068451  0.010770  0.997596  -0.000373  -0.002136  -0.001034  0.000000  0.000000  0.000000  2.000000  1.000000  0.000000  0.000000  0.000000  1.000000  0.000000  0.000000  0.000000  1.000000  0.999986  0.003449  -0.004051  -0.003449  0.999994  -0.000003  0.004051  0.000017  0.999992  1.000000  0.000000  0.000000  0.000000  1.000000  0.000000  0.000000  0.000000  1.000000  1.000000  0.000000  0.000000  0.000000  1.000000  0.000000  0.000000  0.000000  1.000000  0.000000  0.000000  
117.289798 0.002126  0.091351  -0.023105  0.996864  0.038361  -0.069217  -0.039013  0.999206  -0.008095  0.068852  0.010770  0.997569  -0.000382  -0.002219  -0.000931  0.000000  0.000000  0.000000  2.000000  1.000000  0.000000  0.000000  0.000000  1.000000  0.000000  0.000000  0.000000  1.000000  0.999983  0.003856  -0.004457  -0.003855  0.999993  0.000027  0.004457  -0.000010  0.999990  1.000000  0.000000  0.000000  0.000000  1.000000  0.000000  0.000000  0.000000  1.000000  1.000000  0.000000  0.000000  0.000000  1.000000  0.000000  0.000000  0.000000  1.000000  0.000000  0.000000  
117.291048 0.002126  0.091346  -0.023103  0.996811  0.038766  -0.069754  -0.039422  0.999190  -0.008045  0.069386  0.010769  0.997532  -0.000367  -0.002329  -0.000779  0.000000  0.000000  0.000000  2.000000  1.000000  0.000000  0.000000  0.000000  1.000000  0.000000  0.000000  0.000000  1.000000  0.999979  0.004262  -0.004862  -0.004262  0.999991  0.000057  0.004863  -0.000036  0.999988  1.000000  0.000000  0.000000  0.000000  1.000000  0.000000  0.000000  0.000000  1.000000  1.000000  0.000000  0.000000  0.000000  1.000000  0.000000  0.000000  0.000000  1.000000  0.000000  0.000000  
117.292049 0.002126  0.091342  -0.023102  0.996775  0.038959  -0.070161  -0.039626  0.999181  -0.008136  0.069786  0.010890  0.997503  -0.000341  -0.002420  -0.000712  -0.001549  0.181571  0.156844  2.000000  1.000000  0.000058  -0.000064  -0.000058  1.000000  -0.000001  0.000064  0.000001  1.000000  0.999976  0.004669  -0.005135  -0.004670  0.999989  -0.000034  0.005135  0.000058  0.999987  1.000000  0.000058  -0.000064  -0.000058  1.000000  -0.000001  0.000064  0.000001  1.000000  1.000000  0.000058  -0.000064  -0.000058  1.000000  -0.000001  0.000064  0.000001  1.000000  0.000059  0.006941  
117.293300 0.002126  0.091338  -0.023100  0.996721  0.039365  -0.070697  -0.040035  0.999166  -0.008086  0.070320  0.010889  0.997465  -0.000340  -0.002549  -0.000578  -0.000574  0.199674  0.170427  2.000000  1.000000  0.000355  -0.000400  -0.000355  1.000000  -0.000003  0.000400  0.000003  1.000000  0.999973  0.004870  -0.005538  -0.004871  0.999988  -0.000017  0.005538  0.000044  0.999985  1.000000  0.000061  -0.000069  -0.000061  1.000000  -0.000000  0.000069  0.000000  1.000000  1.000000  0.000355  -0.000400  -0.000355  1.000000  -0.000003  0.000400  0.000003  1.000000  0.000065  0.007375  
117.294312 0.002127  0.091334  -0.023099  0.996676  0.039772  -0.071101  -0.040444  0.999149  -0.008040  0.070720  0.010889  0.997437  -0.000292  -0.002613  -0.000452  0.000396  0.213325  0.184098  2.000000  1.000000  0.000543  -0.000613  -0.000543  1.000000  -0.000004  0.000613  0.000004  1.000000  0.999970  0.005073  -0.005808  -0.005073  0.999987  -0.000001  0.005808  0.000030  0.999983  1.000000  0.000063  -0.000073  -0.000063  1.000000  -0.000000  0.000073  0.000000  1.000000  1.000000  0.000543  -0.000613  -0.000543  1.000000  -0.000004  0.000613  0.000004  1.000000  0.000069  0.007712  
117.295553 0.002128  0.091329  -0.023098  0.996639  0.039973  -0.071502  -0.040648  0.999141  -0.008009  0.071121  0.010889  0.997408  -0.000228  -0.002775  -0.000303  0.000902  0.226840  0.190812  2.000000  0.999999  0.000878  -0.000985  -0.000878  1.000000  -0.000003  0.000985  0.000004  1.000000  0.999966  0.005481  -0.006080  -0.005481  0.999985  0.000031  0.006080  0.000002  0.999982  1.000000  0.000069  -0.000076  -0.000069  1.000000  0.000000  0.000076  -0.000000  1.000000  0.999999  0.000878  -0.000985  -0.000878  1.000000  -0.000003  0.000985  0.000004  1.000000  0.000074  0.008186  
117.296803 0.002129  0.091325  -0.023097  0.996584  0.040379  -0.072039  -0.041057  0.999125  -0.007958  0.071655  0.010888  0.997370  -0.000057  -0.002952  -0.000008  0.001895  0.244988  0.204433  2.000000  0.999998  0.001228  -0.001373  -0.001228  0.999999  -0.000001  0.001373  0.000003  0.999999  0.999964  0.005683  -0.006350  -0.005683  0.999984  0.000048  0.006350  -0.000012  0.999980  1.000000  0.000071  -0.000079  -0.000071  1.000000  0.000000  0.000079  -0.000000  1.000000  0.999998  0.001228  -0.001373  -0.001228  0.999999  -0.000001  0.001373  0.000003  0.999999  0.000079  0.008522  
117.298051 0.002131  0.091322  -0.023096  0.996548  0.040778  -0.072314  -0.041466  0.999108  -0.008038  0.071922  0.011009  0.997350  0.000087  -0.003082  0.000229  -0.001209  0.254136  0.218118  2.000000  0.999997  0.001588  -0.001773  -0.001588  0.999999  0.000000  0.001773  0.000003  0.999998  0.999963  0.005681  -0.006484  -0.005681  0.999984  -0.000071  0.006484  0.000107  0.999979  1.000000  0.000071  -0.000081  -0.000071  1.000000  -0.000001  0.000081  0.000001  1.000000  0.999997  0.001588  -0.001773  -0.001588  0.999999  0.000000  0.001773  0.000003  0.999998  0.000084  0.008621  
117.299054 0.002131  0.091318  -0.023095  0.996502  0.041185  -0.072717  -0.041875  0.999091  -0.007992  0.072322  0.011009  0.997321  0.000161  -0.003217  0.000377  -0.000219  0.267744  0.231747  2.000000  0.999996  0.001877  -0.002101  -0.001877  0.999998  -0.000002  0.002101  0.000006  0.999998  0.999961  0.005885  -0.006620  -0.005884  0.999983  0.000067  0.006620  -0.000028  0.999978  1.000000  0.000074  -0.000083  -0.000074  1.000000  0.000001  0.000083  -0.000001  1.000000  0.999996  0.001877  -0.002101  -0.001877  0.999998  -0.000002  0.002101  0.000006  0.999998  0.000088  0.008858  
117.300299 0.002133  0.091314  -0.023093  0.996455  0.041592  -0.073120  -0.042284  0.999074  -0.007945  0.072722  0.011009  0.997291  0.000322  -0.003247  0.000614  0.000777  0.281502  0.245507  2.000000  0.999994  0.002245  -0.002520  -0.002245  0.999997  0.000002  0.002520  0.000003  0.999997  0.999960  0.005883  -0.006754  -0.005883  0.999983  0.000069  0.006754  -0.000030  0.999977  1.000000  0.000074  -0.000084  -0.000074  1.000000  0.000001  0.000084  -0.000001  1.000000  0.999994  0.002245  -0.002520  -0.002245  0.999997  0.000002  0.002520  0.000003  0.999997  0.000091  0.008957  
117.301303 0.002134  0.091311  -0.023092  0.996427  0.041795  -0.073389  -0.042489  0.999066  -0.007918  0.072989  0.011008  0.997272  0.000428  -0.003309  0.000865  0.001303  0.286032  0.252321  2.000000  0.999993  0.002542  -0.002862  -0.002542  0.999997  0.000006  0.002862  0.000002  0.999996  0.999958  0.006087  -0.006890  -0.006086  0.999981  0.000087  0.006890  -0.000045  0.999976  1.000000  0.000076  -0.000086  -0.000076  1.000000  0.000001  0.000086  -0.000001  1.000000  0.999993  0.002542  -0.002862  -0.002542  0.999997  0.000006  0.002862  0.000002  0.999996  0.000095  0.009194  
117.302548 0.002135  0.091308  -0.023090  0.996389  0.041987  -0.073795  -0.042693  0.999056  -0.008007  0.073389  0.011129  0.997241  0.000526  -0.003319  0.001061  -0.002683  0.292628  0.250140  2.000000  0.999991  0.002841  -0.003210  -0.002841  0.999996  0.000008  0.003210  0.000001  0.999995  0.999958  0.005879  -0.007022  -0.005880  0.999983  -0.000047  0.007022  0.000088  0.999975  1.000000  0.000073  -0.000088  -0.000073  1.000000  -0.000001  0.000088  0.000001  1.000000  0.999991  0.002841  -0.003210  -0.002841  0.999996  0.000008  0.003210  0.000001  0.999995  0.000097  0.009159  
117.303548 0.002135  0.091305  -0.023088  0.996342  0.042394  -0.074198  -0.043102  0.999039  -0.007960  0.073790  0.011129  0.997212  0.000586  -0.003318  0.001189  -0.001664  0.301732  0.263762  2.000000  0.999989  0.003140  -0.003561  -0.003140  0.999995  0.000009  0.003561  0.000002  0.999994  0.999958  0.005879  -0.007022  -0.005879  0.999983  0.000076  0.007023  -0.000035  0.999975  1.000000  0.000073  -0.000088  -0.000073  1.000000  0.000001  0.000088  -0.000001  1.000000  0.999989  0.003140  -0.003561  -0.003140  0.999995  0.000009  0.003561  0.000002  0.999994  0.000099  0.009159  
117.304549 0.002136  0.091302  -0.023086  0.996313  0.042597  -0.074467  -0.043306  0.999030  -0.007933  0.074057  0.011128  0.997192  0.000672  -0.003332  0.001244  -0.001115  0.301791  0.270588  2.000000  0.999986  0.003444  -0.003914  -0.003444  0.999994  0.000014  0.003914  -0.000000  0.999992  0.999957  0.006084  -0.007024  -0.006084  0.999981  0.000093  0.007025  -0.000051  0.999975  1.000000  0.000076  -0.000088  -0.000076  1.000000  0.000001  0.000088  -0.000001  1.000000  0.999986  0.003444  -0.003914  -0.003444  0.999994  0.000014  0.003914  -0.000000  0.999992  0.000102  0.009293  
117.305798 0.002137  0.091298  -0.023084  0.996265  0.042797  -0.075002  -0.043509  0.999022  -0.007894  0.074590  0.011128  0.997152  0.000749  -0.003266  0.001343  -0.001032  0.317837  0.272725  2.000000  0.999983  0.003822  -0.004353  -0.003822  0.999993  0.000020  0.004353  -0.000003  0.999991  0.999957  0.006084  -0.007024  -0.006083  0.999981  0.000096  0.007025  -0.000053  0.999975  1.000000  0.000076  -0.000088  -0.000076  1.000000  0.000001  0.000088  -0.000001  1.000000  0.999983  0.003822  -0.004353  -0.003822  0.999993  0.000020  0.004353  -0.000003  0.999991  0.000103  0.009293  
117.307048 0.002137  0.091293  -0.023081  0.996217  0.043203  -0.075405  -0.043918  0.999004  -0.007846  0.074991  0.011128  0.997122  0.000754  -0.003279  0.001381  -0.000450  0.319743  0.277261  2.000000  0.999980  0.004184  -0.004790  -0.004184  0.999991  0.000025  0.004790  -0.000005  0.999989  0.999959  0.005673  -0.007020  -0.005673  0.999984  0.000068  0.007020  -0.000028  0.999975  1.000000  0.000071  -0.000088  -0.000071  1.000000  0.000001  0.000088  -0.000001  1.000000  0.999980  0.004184  -0.004790  -0.004184  0.999991  0.000025  0.004790  -0.000005  0.999989  0.000105  0.009026  
117.308049 0.002138  0.091289  -0.023080  0.996188  0.043406  -0.075673  -0.044122  0.998996  -0.007818  0.075257  0.011127  0.997102  0.000789  -0.003287  0.001415  -0.000393  0.324163  0.277174  2.000000  0.999977  0.004473  -0.005143  -0.004473  0.999990  0.000030  0.005143  -0.000007  0.999987  0.999958  0.005671  -0.007154  -0.005671  0.999984  0.000070  0.007154  -0.000029  0.999974  1.000000  0.000071  -0.000089  -0.000071  1.000000  0.000001  0.000089  -0.000001  1.000000  0.999977  0.004473  -0.005143  -0.004473  0.999990  0.000030  0.005143  -0.000007  0.999987  0.000106  0.009129  
117.309300 0.002139  0.091285  -0.023077  0.996148  0.043607  -0.076074  -0.044326  0.998987  -0.007785  0.075658  0.011127  0.997072  0.000814  -0.003276  0.001509  0.003240  0.333076  0.270248  2.000000  0.999973  0.004825  -0.005589  -0.004825  0.999988  0.000035  0.005589  -0.000008  0.999984  0.999958  0.005671  -0.007154  -0.005671  0.999984  0.000072  0.007154  -0.000032  0.999974  1.000000  0.000071  -0.000089  -0.000071  1.000000  0.000001  0.000089  -0.000001  1.000000  0.999973  0.004825  -0.005589  -0.004825  0.999988  0.000035  0.005589  -0.000008  0.999984  0.000108  0.009129  
117.310557 0.002141  0.091281  -0.023073  0.996098  0.043807  -0.076609  -0.044529  0.998978  -0.007746  0.076191  0.011127  0.997031  0.000864  -0.003202  0.001729  0.003395  0.340210  0.272330  2.000000  0.999969  0.005103  -0.005948  -0.005103  0.999987  0.000039  0.005948  -0.000008  0.999982  0.999959  0.005464  -0.007285  -0.005464  0.999985  0.000059  0.007286  -0.000019  0.999973  1.000000  0.000068  -0.000091  -0.000068  1.000000  0.000000  0.000091  -0.000000  1.000000  0.999969  0.005103  -0.005948  -0.005103  0.999987  0.000039  0.005948  -0.000008  0.999982  0.000108  0.009107  
117.311798 0.002142  0.091277  -0.023068  0.996049  0.044205  -0.077017  -0.044938  0.998959  -0.007817  0.076592  0.011247  0.996999  0.000868  -0.003210  0.001939  -0.000584  0.341979  0.270086  2.000000  0.999965  0.005445  -0.006398  -0.005445  0.999985  0.000039  0.006398  -0.000004  0.999980  0.999961  0.005259  -0.007150  -0.005260  0.999986  -0.000076  0.007149  0.000114  0.999974  1.000000  0.000066  -0.000089  -0.000066  1.000000  -0.000001  0.000089  0.000001  1.000000  0.999965  0.005445  -0.006398  -0.005445  0.999985  0.000039  0.006398  -0.000004  0.999980  0.000108  0.008877  
117.312799 0.002144  0.091274  -0.023065  0.996020  0.044407  -0.077285  -0.045142  0.998950  -0.007789  0.076858  0.011247  0.996979  0.000879  -0.003204  0.002079  0.003533  0.342011  0.270073  2.000000  0.999961  0.005713  -0.006756  -0.005713  0.999984  0.000040  0.006756  -0.000001  0.999977  0.999962  0.005261  -0.007016  -0.005261  0.999986  0.000047  0.007016  -0.000010  0.999975  1.000000  0.000066  -0.000088  -0.000066  1.000000  0.000000  0.000088  -0.000000  1.000000  0.999961  0.005713  -0.006756  -0.005713  0.999984  0.000040  0.006756  -0.000001  0.999977  0.000108  0.008770  
117.313803 0.002144  0.091271  -0.023062  0.995999  0.044395  -0.077557  -0.045141  0.998949  -0.007898  0.077125  0.011368  0.996957  0.000879  -0.003182  0.002235  -0.000921  0.340271  0.265419  2.000000  0.999957  0.005973  -0.007108  -0.005973  0.999982  0.000043  0.007108  -0.000001  0.999975  0.999963  0.005055  -0.007014  -0.005055  0.999987  0.000033  0.007014  0.000003  0.999975  1.000000  0.000063  -0.000088  -0.000063  1.000000  0.000000  0.000088  -0.000000  1.000000  0.999957  0.005973  -0.007108  -0.005973  0.999982  0.000043  0.007108  -0.000001  0.999975  0.000109  0.008646  
117.314806 0.002145  0.091268  -0.023061  0.995969  0.044597  -0.077825  -0.045345  0.998940  -0.007870  0.077392  0.011367  0.996936  0.000887  -0.003205  0.002242  -0.000831  0.335692  0.265397  2.000000  0.999953  0.006224  -0.007449  -0.006223  0.999981  0.000040  0.007449  0.000007  0.999972  0.999965  0.004852  -0.006745  -0.004853  0.999988  -0.000103  0.006744  0.000136  0.999977  1.000000  0.000061  -0.000084  -0.000061  1.000000  -0.000001  0.000084  0.000001  1.000000  0.999953  0.006224  -0.007449  -0.006223  0.999981  0.000040  0.007449  0.000007  0.999972  0.000108  0.008310  
117.316051 0.002147  0.091264  -0.023059  0.995919  0.044995  -0.078234  -0.045754  0.998921  -0.007941  0.077792  0.011488  0.996903  0.000888  -0.003206  0.002243  -0.004778  0.337461  0.263180  2.000000  0.999948  0.006529  -0.007865  -0.006529  0.999979  0.000032  0.007865  0.000019  0.999969  0.999966  0.004853  -0.006611  -0.004854  0.999988  -0.000223  0.006610  0.000255  0.999978  1.000000  0.000061  -0.000083  -0.000061  1.000000  -0.000003  0.000083  0.000003  1.000000  0.999948  0.006529  -0.007865  -0.006529  0.999979  0.000032  0.007865  0.000019  0.999969  0.000105  0.008205  
117.317055 0.002147  0.091260  -0.023058  0.995889  0.045197  -0.078502  -0.045958  0.998912  -0.007913  0.078059  0.011488  0.996883  0.000875  -0.003255  0.002192  -0.005234  0.335667  0.258492  2.000000  0.999945  0.006709  -0.008113  -0.006709  0.999977  0.000025  0.008113  0.000030  0.999967  0.999967  0.004647  -0.006609  -0.004649  0.999989  -0.000238  0.006608  0.000268  0.999978  1.000000  0.000058  -0.000083  -0.000058  1.000000  -0.000003  0.000083  0.000003  1.000000  0.999945  0.006709  -0.008113  -0.006709  0.999977  0.000025  0.008113  0.000030  0.999967  0.000106  0.008083  
117.318302 0.002148  0.091256  -0.023057  0.995858  0.045390  -0.078776  -0.046162  0.998902  -0.008005  0.078326  0.011608  0.996860  0.000871  -0.003306  0.002104  -0.009756  0.335896  0.251785  2.000000  0.999939  0.007004  -0.008522  -0.007004  0.999975  0.000008  0.008521  0.000052  0.999964  0.999968  0.004648  -0.006476  -0.004650  0.999989  -0.000358  0.006474  0.000388  0.999979  1.000000  0.000058  -0.000081  -0.000058  1.000000  -0.000005  0.000081  0.000005  1.000000  0.999939  0.007004  -0.008522  -0.007004  0.999975  0.000008  0.008521  0.000052  0.999964  0.000105  0.007980  
117.319377 0.002149  0.091253  -0.023057  0.995838  0.045594  -0.078910  -0.046367  0.998893  -0.007983  0.078459  0.011608  0.996850  0.000847  -0.003273  0.001944  -0.009656  0.325806  0.251041  2.000000  0.999935  0.007231  -0.008842  -0.007232  0.999974  -0.000003  0.008842  0.000067  0.999961  0.999970  0.004444  -0.006340  -0.004445  0.999990  -0.000251  0.006339  0.000279  0.999980  1.000000  0.000056  -0.000079  -0.000056  1.000000  -0.000003  0.000079  0.000003  1.000000  0.999935  0.007231  -0.008842  -0.007232  0.999974  -0.000003  0.008842  0.000067  0.999961  0.000102  0.007747  
117.320551 0.002149  0.091249  -0.023057  0.995808  0.045787  -0.079184  -0.046571  0.998882  -0.008075  0.078726  0.011729  0.996827  0.000871  -0.003271  0.001830  -0.014182  0.322043  0.244780  2.000000  0.999930  0.007451  -0.009159  -0.007451  0.999972  -0.000017  0.009159  0.000085  0.999958  0.999971  0.004238  -0.006338  -0.004240  0.999991  -0.000388  0.006336  0.000414  0.999980  1.000000  0.000053  -0.000079  -0.000053  1.000000  -0.000005  0.000079  0.000005  1.000000  0.999930  0.007451  -0.009159  -0.007451  0.999972  -0.000017  0.009159  0.000085  0.999958  0.000101  0.007635  
117.321799 0.002150  0.091245  -0.023056  0.995777  0.045990  -0.079452  -0.046775  0.998873  -0.008046  0.078993  0.011729  0.996806  0.000882  -0.003229  0.001698  -0.010523  0.313042  0.237997  2.000000  0.999925  0.007721  -0.009550  -0.007722  0.999970  -0.000039  0.009550  0.000113  0.999954  0.999972  0.004239  -0.006204  -0.004242  0.999991  -0.000386  0.006203  0.000413  0.999981  1.000000  0.000053  -0.000078  -0.000053  1.000000  -0.000005  0.000078  0.000005  1.000000  0.999925  0.007721  -0.009550  -0.007722  0.999970  -0.000039  0.009550  0.000113  0.999954  0.000098  0.007525  
117.323048 0.002151  0.091242  -0.023056  0.995736  0.046191  -0.079854  -0.046978  0.998864  -0.008011  0.079393  0.011728  0.996774  0.000877  -0.003156  0.001586  -0.010928  0.308483  0.231152  2.000000  0.999919  0.007978  -0.009930  -0.007979  0.999968  -0.000060  0.009929  0.000139  0.999951  0.999974  0.004037  -0.005934  -0.004038  0.999992  -0.000280  0.005933  0.000304  0.999982  1.000000  0.000050  -0.000074  -0.000050  1.000000  -0.000004  0.000074  0.000004  1.000000  0.999919  0.007978  -0.009930  -0.007979  0.999968  -0.000060  0.009929  0.000139  0.999951  0.000097  0.007183  
117.324323 0.002152  0.091238  -0.023055  0.995715  0.046188  -0.080120  -0.046977  0.998864  -0.007999  0.079660  0.011728  0.996753  0.000812  -0.003135  0.001388  -0.011868  0.299130  0.217299  2.000000  0.999913  0.008230  -0.010299  -0.008231  0.999966  -0.000075  0.010298  0.000160  0.999947  0.999976  0.003833  -0.005798  -0.003835  0.999993  -0.000296  0.005797  0.000318  0.999983  1.000000  0.000048  -0.000072  -0.000048  1.000000  -0.000004  0.000072  0.000004  1.000000  0.999913  0.008230  -0.010299  -0.008231  0.999966  -0.000075  0.010298  0.000160  0.999947  0.000094  0.006957  
117.325552 0.002152  0.091234  -0.023054  0.995684  0.046380  -0.080394  -0.047181  0.998854  -0.008091  0.079926  0.011849  0.996730  0.000769  -0.003128  0.001204  -0.015761  0.296842  0.215605  2.000000  0.999908  0.008424  -0.010591  -0.008426  0.999965  -0.000091  0.010590  0.000180  0.999944  0.999976  0.003832  -0.005799  -0.003835  0.999993  -0.000416  0.005797  0.000438  0.999983  1.000000  0.000048  -0.000072  -0.000048  1.000000  -0.000005  0.000072  0.000005  1.000000  0.999908  0.008424  -0.010591  -0.008426  0.999965  -0.000091  0.010590  0.000180  0.999944  0.000091  0.006964  
117.326798 0.002153  0.091230  -0.023054  0.995663  0.046584  -0.080529  -0.047386  0.998844  -0.008068  0.080060  0.011849  0.996720  0.000733  -0.003122  0.000918  -0.016211  0.283421  0.208936  2.000000  0.999903  0.008664  -0.010945  -0.008665  0.999962  -0.000114  0.010944  0.000209  0.999940  0.999977  0.003835  -0.005531  -0.003838  0.999993  -0.000415  0.005529  0.000436  0.999985  1.000000  0.000048  -0.000069  -0.000048  1.000000  -0.000005  0.000069  0.000005  1.000000  0.999903  0.008664  -0.010945  -0.008665  0.999962  -0.000114  0.010944  0.000209  0.999940  0.000089  0.006744  
117.327799 0.002154  0.091228  -0.023053  0.995632  0.046787  -0.080797  -0.047590  0.998835  -0.008038  0.080326  0.011848  0.996698  0.000670  -0.003099  0.000783  -0.012632  0.283337  0.202059  2.000000  0.999898  0.008850  -0.011220  -0.008852  0.999961  -0.000134  0.011218  0.000233  0.999937  0.999978  0.003837  -0.005397  -0.003839  0.999993  -0.000414  0.005396  0.000435  0.999985  1.000000  0.000048  -0.000067  -0.000048  1.000000  -0.000005  0.000067  0.000005  1.000000  0.999898  0.008850  -0.011220  -0.008852  0.999961  -0.000134  0.011218  0.000233  0.999937  0.000087  0.006636  
117.328803 0.002154  0.091225  -0.023053  0.995621  0.046775  -0.080935  -0.047589  0.998834  -0.008153  0.080460  0.011969  0.996686  0.000668  -0.003106  0.000605  -0.017816  0.276560  0.190028  2.000000  0.999893  0.009031  -0.011486  -0.009034  0.999959  -0.000158  0.011485  0.000261  0.999934  0.999980  0.003632  -0.005262  -0.003635  0.999993  -0.000551  0.005260  0.000570  0.999986  1.000000  0.000045  -0.000066  -0.000045  1.000000  -0.000007  0.000066  0.000007  1.000000  0.999893  0.009031  -0.011486  -0.009034  0.999959  -0.000158  0.011485  0.000261  0.999934  0.000085  0.006418  
117.330052 0.002155  0.091221  -0.023052  0.995601  0.046970  -0.081076  -0.047794  0.998823  -0.008251  0.080593  0.012090  0.996674  0.000632  -0.003094  0.000490  -0.021672  0.269803  0.188474  2.000000  0.999890  0.009165  -0.011681  -0.009167  0.999958  -0.000177  0.011678  0.000284  0.999932  0.999982  0.003430  -0.004992  -0.003433  0.999994  -0.000567  0.004990  0.000584  0.999987  1.000000  0.000000  0.000000  0.000000  1.000000  0.000000  0.000000  0.000000  1.000000  0.999890  0.009165  -0.011681  -0.009167  0.999958  -0.000177  0.011678  0.000284  0.999932  0.000083  0.000000  
117.331306 0.002156  0.091217  -0.023052  0.995569  0.047172  -0.081344  -0.047998  0.998814  -0.008222  0.080860  0.012090  0.996652  0.000616  -0.003033  0.000430  -0.023037  0.265149  0.177855  2.000000  0.999890  0.009165  -0.011681  -0.009167  0.999958  -0.000177  0.011678  0.000284  0.999932  0.999984  0.003434  -0.004591  -0.003437  0.999994  -0.000688  0.004588  0.000704  0.999989  1.000000  0.000000  0.000000  0.000000  1.000000  0.000000  0.000000  0.000000  1.000000  0.999890  0.009165  -0.011681  -0.009167  0.999958  -0.000177  0.011678  0.000284  0.999932  0.000080  0.000000  
117.332549 0.002157  0.091214  -0.023051  0.995548  0.047366  -0.081485  -0.048202  0.998803  -0.008320  0.080993  0.012210  0.996640  0.000635  -0.002951  0.000440  -0.022792  0.253918  0.176410  2.000000  0.999890  0.009165  -0.011681  -0.009167  0.999958  -0.000177  0.011678  0.000284  0.999932  0.999986  0.003025  -0.004452  -0.003028  0.999995  -0.000720  0.004450  0.000734  0.999990  1.000000  0.000000  0.000000  0.000000  1.000000  0.000000  0.000000  0.000000  1.000000  0.999890  0.009165  -0.011681  -0.009167  0.999958  -0.000177  0.011678  0.000284  0.999932  0.000078  0.000000  
117.333804 0.002158  0.091211  -0.023051  0.995538  0.047355  -0.081624  -0.048201  0.998802  -0.008434  0.081127  0.012331  0.996628  0.000651  -0.002882  0.000396  -0.027357  0.244845  0.169592  2.000000  0.999890  0.009165  -0.011681  -0.009167  0.999958  -0.000177  0.011678  0.000284  0.999932  0.999987  0.003028  -0.004185  -0.003031  0.999995  -0.000720  0.004183  0.000733  0.999991  1.000000  0.000000  0.000000  0.000000  1.000000  0.000000  0.000000  0.000000  1.000000  0.999890  0.009165  -0.011681  -0.009167  0.999958  -0.000177  0.011678  0.000284  0.999932  0.000075  0.000000  
117.334804 0.002159  0.091209  -0.023051  0.995517  0.047559  -0.081759  -0.048406  0.998792  -0.008411  0.081260  0.012331  0.996617  0.000689  -0.002861  0.000423  -0.027311  0.235855  0.169696  2.000000  0.999890  0.009165  -0.011681  -0.009167  0.999958  -0.000177  0.011678  0.000284  0.999932  0.999988  0.002824  -0.004049  -0.002827  0.999996  -0.000736  0.004047  0.000748  0.999992  1.000000  0.000000  0.000000  0.000000  1.000000  0.000000  0.000000  0.000000  1.000000  0.999890  0.009165  -0.011681  -0.009167  0.999958  -0.000177  0.011678  0.000284  0.999932  0.000073  0.000000  
117.336087 0.002161  0.091206  -0.023051  0.995506  0.047547  -0.081898  -0.048405  0.998791  -0.008526  0.081393  0.012452  0.996604  0.000703  -0.002781  0.000378  -0.032389  0.226477  0.155830  2.000000  0.999890  0.009165  -0.011681  -0.009167  0.999958  -0.000177  0.011678  0.000284  0.999932  0.999989  0.002826  -0.003782  -0.002830  0.999996  -0.000857  0.003779  0.000868  0.999992  1.000000  0.000000  0.000000  0.000000  1.000000  0.000000  0.000000  0.000000  1.000000  0.999890  0.009165  -0.011681  -0.009167  0.999958  -0.000177  0.011678  0.000284  0.999932  0.000071  0.000000  
117.337303 0.002162  0.091203  -0.023051  0.995496  0.047753  -0.081899  -0.048610  0.998782  -0.008509  0.081393  0.012452  0.996604  0.000751  -0.002744  0.000321  -0.032386  0.213191  0.156125  2.000000  0.999890  0.009165  -0.011681  -0.009167  0.999958  -0.000177  0.011678  0.000284  0.999932  0.999990  0.002830  -0.003514  -0.002832  0.999996  -0.000736  0.003512  0.000746  0.999994  1.000000  0.000000  0.000000  0.000000  1.000000  0.000000  0.000000  0.000000  1.000000  0.999890  0.009165  -0.011681  -0.009167  0.999958  -0.000177  0.011678  0.000284  0.999932  0.000068  0.000000  
117.338304 0.002163  0.091200  -0.023052  0.995485  0.047751  -0.082033  -0.048610  0.998782  -0.008502  0.081527  0.012452  0.996593  0.000796  -0.002720  0.000251  -0.032889  0.204131  0.149342  2.000000  0.999890  0.009165  -0.011681  -0.009167  0.999958  -0.000177  0.011678  0.000284  0.999932  0.999991  0.002626  -0.003378  -0.002628  0.999996  -0.000631  0.003376  0.000640  0.999994  1.000000  0.000000  0.000000  0.000000  1.000000  0.000000  0.000000  0.000000  1.000000  0.999890  0.009165  -0.011681  -0.009167  0.999958  -0.000177  0.011678  0.000284  0.999932  0.000065  0.000000  
117.339549 0.002165  0.091197  -0.023052  0.995485  0.047751  -0.082033  -0.048610  0.998782  -0.008502  0.081527  0.012452  0.996593  0.000888  -0.002680  0.000170  -0.034003  0.190788  0.135926  2.000000  0.999890  0.009165  -0.011681  -0.009167  0.999958  -0.000177  0.011678  0.000284  0.999932  0.999992  0.002423  -0.003241  -0.002425  0.999997  -0.000648  0.003240  0.000656  0.999995  1.000000  0.000000  0.000000  0.000000  1.000000  0.000000  0.000000  0.000000  1.000000  0.999890  0.009165  -0.011681  -0.009167  0.999958  -0.000177  0.011678  0.000284  0.999932  0.000061  0.000000  
117.340798 0.002166  0.091194  -0.023053  0.995464  0.047955  -0.082167  -0.048814  0.998772  -0.008479  0.081660  0.012452  0.996582  0.000897  -0.002657  0.000085  -0.033647  0.184485  0.134663  2.000000  0.999890  0.009165  -0.011681  -0.009167  0.999958  -0.000177  0.011678  0.000284  0.999932  0.999993  0.002426  -0.002974  -0.002427  0.999997  -0.000526  0.002973  0.000533  0.999995  1.000000  0.000000  0.000000  0.000000  1.000000  0.000000  0.000000  0.000000  1.000000  0.999890  0.009165  -0.011681  -0.009167  0.999958  -0.000177  0.011678  0.000284  0.999932  0.000059  0.000000  
117.342048 0.002167  0.091191  -0.023053  0.995464  0.047955  -0.082167  -0.048814  0.998772  -0.008479  0.081660  0.012452  0.996582  0.000901  -0.002616  0.000007  -0.030118  0.171027  0.127965  2.000000  0.999890  0.009165  -0.011681  -0.009167  0.999958  -0.000177  0.011678  0.000284  0.999932  0.999994  0.002224  -0.002704  -0.002225  0.999997  -0.000543  0.002703  0.000549  0.999996  1.000000  0.000000  0.000000  0.000000  1.000000  0.000000  0.000000  0.000000  1.000000  0.999890  0.009165  -0.011681  -0.009167  0.999958  -0.000177  0.011678  0.000284  0.999932  0.000054  0.000000  
117.343298 0.002168  0.091187  -0.023053  0.995453  0.047953  -0.082301  -0.048814  0.998772  -0.008473  0.081793  0.012451  0.996572  0.000941  -0.002594  -0.000014  0.000000  0.000000  0.000000  2.000000  0.999890  0.009165  -0.011681  -0.009167  0.999958  -0.000177  0.011678  0.000284  0.999932  0.999995  0.002020  -0.002567  -0.002022  0.999998  -0.000559  0.002566  0.000565  0.999997  1.000000  0.000000  0.000000  0.000000  1.000000  0.000000  0.000000  0.000000  1.000000  0.999890  0.009165  -0.011681  -0.009167  0.999958  -0.000177  0.011678  0.000284  0.999932  0.000000  0.000000  
117.344308 0.002169  0.091185  -0.023052  0.995453  0.047953  -0.082301  -0.048814  0.998772  -0.008473  0.081793  0.012451  0.996572  0.000920  -0.002564  0.000003  0.000000  0.000000  0.000000  2.000000  0.999890  0.009165  -0.011681  -0.009167  0.999958  -0.000177  0.011678  0.000284  0.999932  0.999996  0.001818  -0.002297  -0.001820  0.999998  -0.000576  0.002296  0.000580  0.999997  1.000000  0.000000  0.000000  0.000000  1.000000  0.000000  0.000000  0.000000  1.000000  0.999890  0.009165  -0.011681  -0.009167  0.999958  -0.000177  0.011678  0.000284  0.999932  0.000000  0.000000  
117.345555 0.002170  0.091182  -0.023051  0.995453  0.047953  -0.082301  -0.048814  0.998772  -0.008473  0.081793  0.012451  0.996572  0.000973  -0.002514  0.000078  0.000000  0.000000  0.000000  2.000000  0.999890  0.009165  -0.011681  -0.009167  0.999958  -0.000177  0.011678  0.000284  0.999932  0.999997  0.001617  -0.002027  -0.001617  0.999999  -0.000472  0.002026  0.000475  0.999998  1.000000  0.000000  0.000000  0.000000  1.000000  0.000000  0.000000  0.000000  1.000000  0.999890  0.009165  -0.011681  -0.009167  0.999958  -0.000177  0.011678  0.000284  0.999932  0.000000  0.000000  
