1-Time 2-Px 3-Py 4-Pz 5-R11 6-R21 7-R31 8-R12 9-R22 10-R32 11-R13 12-R23 13-R33 14-Vx 15-Vy 16-Vz 17-Wx 18-Wy 19-Wz 20-state 21-PR11 22-PR21 23-PR31 24-PR12 25-PR22 26-PR32 27-PR13 28-PR23 29-PR33 
125.112639 -0.002590  0.085474  -0.015537  0.992997  0.090036  0.076486  -0.094732  0.993684  0.060156  -0.070587  -0.066980  0.995254  0.001986  0.001882  0.001067  0.000000  0.000000  0.000000  2.000000  1.000000  0.000000  0.000000  0.000000  1.000000  0.000000  0.000000  0.000000  1.000000  0.999998  -0.001817  -0.000525  0.001817  0.999998  0.000009  0.000525  -0.000010  1.000000  1.000000  0.000000  0.000000  0.000000  1.000000  0.000000  0.000000  0.000000  1.000000  0.623376  0.507487  0.594861  -0.515364  0.838802  -0.175529  -0.588050  -0.197149  0.784430  0.000000  0.000000  
125.113646 -0.002588  0.085475  -0.015536  0.992997  0.090036  0.076486  -0.094732  0.993684  0.060156  -0.070587  -0.066980  0.995254  0.001985  0.001881  0.001066  0.000000  0.000000  0.000000  2.000000  1.000000  0.000000  0.000000  0.000000  1.000000  0.000000  0.000000  0.000000  1.000000  0.999998  -0.001817  -0.000525  0.001817  0.999998  0.000009  0.000525  -0.000010  1.000000  1.000000  0.000000  0.000000  0.000000  1.000000  0.000000  0.000000  0.000000  1.000000  1.000000  0.000000  0.000000  0.000000  1.000000  0.000000  0.000000  0.000000  1.000000  0.000000  0.000000  
125.114895 -0.002587  0.085474  -0.015535  0.992949  0.090427  0.076655  -0.095140  0.993640  0.060232  -0.070720  -0.067101  0.995237  0.001870  0.001627  0.001032  0.000000  0.000000  0.000000  2.000000  1.000000  0.000000  0.000000  0.000000  1.000000  0.000000  0.000000  0.000000  1.000000  0.999999  -0.001416  -0.000364  0.001416  0.999999  0.000102  0.000364  -0.000102  1.000000  1.000000  0.000000  0.000000  0.000000  1.000000  0.000000  0.000000  0.000000  1.000000  1.000000  0.000000  0.000000  0.000000  1.000000  0.000000  0.000000  0.000000  1.000000  0.000000  0.000000  
125.116146 -0.002587  0.085471  -0.015535  0.992861  0.091005  0.077100  -0.095751  0.993579  0.060267  -0.071121  -0.067219  0.995200  0.001699  0.001303  0.000971  0.000000  0.000000  0.000000  2.000000  1.000000  0.000000  0.000000  0.000000  1.000000  0.000000  0.000000  0.000000  1.000000  1.000000  -0.000624  0.000092  0.000624  1.000000  0.000165  -0.000092  -0.000165  1.000000  1.000000  0.000000  0.000000  0.000000  1.000000  0.000000  0.000000  0.000000  1.000000  1.000000  0.000000  0.000000  0.000000  1.000000  0.000000  0.000000  0.000000  1.000000  0.000000  0.000000  
125.117396 -0.002587  0.085468  -0.015535  0.992803  0.091377  0.077412  -0.096158  0.993529  0.060451  -0.071388  -0.067460  0.995165  0.001592  0.000928  0.000917  0.000000  0.000000  0.000000  2.000000  1.000000  0.000000  0.000000  0.000000  1.000000  0.000000  0.000000  0.000000  1.000000  1.000000  -0.000036  0.000534  0.000036  1.000000  0.000243  -0.000534  -0.000243  1.000000  1.000000  0.000000  0.000000  0.000000  1.000000  0.000000  0.000000  0.000000  1.000000  1.000000  0.000000  0.000000  0.000000  1.000000  0.000000  0.000000  0.000000  1.000000  0.000000  0.000000  
125.118396 -0.002587  0.085465  -0.015534  0.992774  0.091563  0.077569  -0.096361  0.993503  0.060542  -0.071521  -0.067580  0.995147  0.001428  0.000580  0.000865  0.000000  0.000000  0.000000  2.000000  1.000000  0.000000  0.000000  0.000000  1.000000  0.000000  0.000000  0.000000  1.000000  1.000000  0.000364  0.000695  -0.000365  1.000000  0.000456  -0.000695  -0.000456  1.000000  1.000000  0.000000  0.000000  0.000000  1.000000  0.000000  0.000000  0.000000  1.000000  1.000000  0.000000  0.000000  0.000000  1.000000  0.000000  0.000000  0.000000  1.000000  0.000000  0.000000  
125.119397 -0.002587  0.085462  -0.015533  0.992744  0.091749  0.077725  -0.096565  0.993478  0.060634  -0.071655  -0.067700  0.995129  0.001284  0.000259  0.000866  0.000000  0.000000  0.000000  2.000000  1.000000  0.000000  0.000000  0.000000  1.000000  0.000000  0.000000  0.000000  1.000000  0.999999  0.000560  0.000843  -0.000561  1.000000  0.000562  -0.000842  -0.000563  0.999999  1.000000  0.000000  0.000000  0.000000  1.000000  0.000000  0.000000  0.000000  1.000000  1.000000  0.000000  0.000000  0.000000  1.000000  0.000000  0.000000  0.000000  1.000000  0.000000  0.000000  
125.120648 -0.002588  0.085459  -0.015533  0.992714  0.092149  0.077639  -0.096974  0.993425  0.060856  -0.071521  -0.067942  0.995122  0.001046  -0.000131  0.000815  0.000000  0.000000  0.000000  2.000000  1.000000  0.000000  0.000000  0.000000  1.000000  0.000000  0.000000  0.000000  1.000000  0.999999  0.000979  0.000737  -0.000979  0.999999  0.000897  -0.000736  -0.000897  0.999999  1.000000  0.000000  0.000000  0.000000  1.000000  0.000000  0.000000  0.000000  1.000000  1.000000  0.000000  0.000000  0.000000  1.000000  0.000000  0.000000  0.000000  1.000000  0.000000  0.000000  
125.121899 -0.002588  0.085456  -0.015531  0.992654  0.092743  0.077700  -0.097587  0.993353  0.061049  -0.071521  -0.068183  0.995106  0.000853  -0.000449  0.000827  0.000000  0.000000  0.000000  2.000000  1.000000  0.000000  0.000000  0.000000  1.000000  0.000000  0.000000  0.000000  1.000000  0.999998  0.001593  0.000780  -0.001594  0.999998  0.001095  -0.000778  -0.001096  0.999999  1.000000  0.000000  0.000000  0.000000  1.000000  0.000000  0.000000  0.000000  1.000000  1.000000  0.000000  0.000000  0.000000  1.000000  0.000000  0.000000  0.000000  1.000000  0.000000  0.000000  
125.122900 -0.002588  0.085454  -0.015530  0.992584  0.093329  0.077892  -0.098199  0.993281  0.061229  -0.071655  -0.068424  0.995080  0.000713  -0.000750  0.000783  0.000000  0.000000  0.000000  2.000000  1.000000  0.000000  0.000000  0.000000  1.000000  0.000000  0.000000  0.000000  1.000000  0.999997  0.002403  0.000970  -0.002405  0.999996  0.001279  -0.000967  -0.001281  0.999999  1.000000  0.000000  0.000000  0.000000  1.000000  0.000000  0.000000  0.000000  1.000000  1.000000  0.000000  0.000000  0.000000  1.000000  0.000000  0.000000  0.000000  1.000000  0.000000  0.000000  
125.123900 -0.002589  0.085451  -0.015529  0.992513  0.093914  0.078085  -0.098811  0.993210  0.061409  -0.071788  -0.068665  0.995054  0.000551  -0.001045  0.000812  0.000000  0.000000  0.000000  2.000000  1.000000  0.000000  0.000000  0.000000  1.000000  0.000000  0.000000  0.000000  1.000000  0.999995  0.003000  0.001279  -0.003001  0.999995  0.001355  -0.001275  -0.001359  0.999998  1.000000  0.000000  0.000000  0.000000  1.000000  0.000000  0.000000  0.000000  1.000000  1.000000  0.000000  0.000000  0.000000  1.000000  0.000000  0.000000  0.000000  1.000000  0.000000  0.000000  
125.125149 -0.002589  0.085449  -0.015526  0.992403  0.094695  0.078545  -0.099626  0.993127  0.061425  -0.072188  -0.068783  0.995016  0.000391  -0.001384  0.000894  0.000000  0.000000  0.000000  2.000000  1.000000  0.000000  0.000000  0.000000  1.000000  0.000000  0.000000  0.000000  1.000000  0.999991  0.004005  0.001617  -0.004008  0.999991  0.001522  -0.001611  -0.001529  0.999998  1.000000  0.000000  0.000000  0.000000  1.000000  0.000000  0.000000  0.000000  1.000000  1.000000  0.000000  0.000000  0.000000  1.000000  0.000000  0.000000  0.000000  1.000000  0.000000  0.000000  
125.126400 -0.002588  0.085446  -0.015522  0.992301  0.095485  0.078872  -0.100441  0.993043  0.061454  -0.072455  -0.068903  0.994989  0.000253  -0.001741  0.001083  0.000000  0.000000  0.000000  2.000000  1.000000  0.000000  0.000000  0.000000  1.000000  0.000000  0.000000  0.000000  1.000000  0.999986  0.004797  0.002075  -0.004800  0.999987  0.001582  -0.002067  -0.001592  0.999997  1.000000  0.000000  0.000000  0.000000  1.000000  0.000000  0.000000  0.000000  1.000000  1.000000  0.000000  0.000000  0.000000  1.000000  0.000000  0.000000  0.000000  1.000000  0.000000  0.000000  
125.127649 -0.002588  0.085443  -0.015517  0.992199  0.096275  0.079199  -0.101256  0.992959  0.061482  -0.072722  -0.069022  0.994961  0.000061  -0.002116  0.001328  0.052795  -0.074562  0.167789  2.000000  1.000000  0.000335  0.000142  -0.000335  1.000000  0.000101  -0.000142  -0.000101  1.000000  0.999980  0.005802  0.002413  -0.005806  0.999982  0.001627  -0.002404  -0.001641  0.999996  1.000000  0.000073  0.000030  -0.000073  1.000000  0.000020  -0.000030  -0.000020  1.000000  1.000000  0.000335  0.000142  -0.000335  1.000000  0.000101  -0.000142  -0.000101  1.000000  0.000000  0.006493  
125.128900 -0.002590  0.085437  -0.015512  0.992096  0.097055  0.079538  -0.102071  0.992866  0.061631  -0.072989  -0.069262  0.994925  -0.000179  -0.002582  0.001554  0.058432  -0.085906  0.201569  2.000000  1.000000  0.000650  0.000269  -0.000651  1.000000  0.000185  -0.000269  -0.000186  1.000000  0.999975  0.006612  0.002604  -0.006616  0.999977  0.001687  -0.002593  -0.001704  0.999995  1.000000  0.000083  0.000032  -0.000083  1.000000  0.000021  -0.000032  -0.000021  1.000000  1.000000  0.000650  0.000269  -0.000651  1.000000  0.000185  -0.000269  -0.000186  1.000000  0.000055  0.007306  
125.130149 -0.002592  0.085431  -0.015509  0.992033  0.097658  0.079588  -0.102684  0.992799  0.061702  -0.072989  -0.069383  0.994916  -0.000354  -0.002887  0.001798  0.065094  -0.087326  0.222231  2.000000  0.999999  0.001101  0.000451  -0.001101  0.999999  0.000298  -0.000451  -0.000298  1.000000  0.999967  0.007617  0.002943  -0.007623  0.999969  0.001853  -0.002929  -0.001875  0.999994  1.000000  0.000095  0.000037  -0.000095  1.000000  0.000023  -0.000037  -0.000023  1.000000  0.999999  0.001101  0.000451  -0.001101  0.999999  0.000298  -0.000451  -0.000298  1.000000  0.000062  0.008376  
125.131394 -0.002595  0.085423  -0.015505  0.991938  0.098447  0.079795  -0.103500  0.992704  0.061863  -0.073123  -0.069623  0.994890  -0.000537  -0.003207  0.002008  0.070753  -0.094217  0.256372  2.000000  0.999999  0.001598  0.000636  -0.001598  0.999999  0.000415  -0.000635  -0.000416  1.000000  0.999962  0.008231  0.002987  -0.008237  0.999964  0.001929  -0.002971  -0.001954  0.999994  1.000000  0.000103  0.000037  -0.000103  1.000000  0.000024  -0.000037  -0.000024  1.000000  0.999999  0.001598  0.000636  -0.001598  0.999999  0.000415  -0.000635  -0.000416  1.000000  0.000068  0.008969  
125.132396 -0.002596  0.085416  -0.015503  0.991874  0.099051  0.079845  -0.104113  0.992635  0.061934  -0.073123  -0.069744  0.994881  -0.000633  -0.003462  0.002150  0.072853  -0.100606  0.283587  2.000000  0.999998  0.002035  0.000794  -0.002035  0.999998  0.000518  -0.000793  -0.000519  1.000000  0.999954  0.009041  0.003179  -0.009048  0.999957  0.002110  -0.003160  -0.002138  0.999993  1.000000  0.000113  0.000040  -0.000113  1.000000  0.000027  -0.000040  -0.000027  1.000000  0.999998  0.002035  0.000794  -0.002035  0.999998  0.000518  -0.000793  -0.000519  1.000000  0.000074  0.009816  
125.133645 -0.002597  0.085407  -0.015501  0.991800  0.099625  0.080052  -0.104724  0.992552  0.062232  -0.073256  -0.070105  0.994846  -0.000680  -0.003856  0.002230  0.083566  -0.106563  0.303901  2.000000  0.999996  0.002628  0.000999  -0.002628  0.999996  0.000657  -0.000997  -0.000660  0.999999  0.999946  0.009850  0.003372  -0.009858  0.999949  0.002290  -0.003349  -0.002323  0.999992  1.000000  0.000123  0.000042  -0.000123  1.000000  0.000029  -0.000042  -0.000029  1.000000  0.999996  0.002628  0.000999  -0.002628  0.999996  0.000657  -0.000997  -0.000660  0.999999  0.000083  0.010664  
125.134646 -0.002597  0.085399  -0.015501  0.991693  0.100405  0.080392  -0.105539  0.992457  0.062379  -0.073523  -0.070345  0.994809  -0.000632  -0.004170  0.002182  0.089186  -0.117951  0.337701  2.000000  0.999994  0.003135  0.001175  -0.003136  0.999995  0.000780  -0.001173  -0.000784  0.999999  0.999939  0.010444  0.003685  -0.010454  0.999942  0.002484  -0.003659  -0.002523  0.999990  1.000000  0.000131  0.000046  -0.000131  1.000000  0.000031  -0.000046  -0.000031  1.000000  0.999994  0.003135  0.001175  -0.003136  0.999995  0.000780  -0.001173  -0.000784  0.999999  0.000089  0.011355  
125.135896 -0.002596  0.085389  -0.015501  0.991587  0.101174  0.080745  -0.106353  0.992353  0.062645  -0.073790  -0.070706  0.994764  -0.000546  -0.004634  0.002052  0.099371  -0.128891  0.364600  2.000000  0.999992  0.003675  0.001362  -0.003676  0.999993  0.000912  -0.001359  -0.000917  0.999999  0.999931  0.011048  0.003866  -0.011059  0.999935  0.002799  -0.003834  -0.002842  0.999989  1.000000  0.000138  0.000048  -0.000138  1.000000  0.000035  -0.000048  -0.000035  1.000000  0.999992  0.003675  0.001362  -0.003676  0.999993  0.000912  -0.001359  -0.000917  0.999999  0.000100  0.012040  
125.136896 -0.002595  0.085381  -0.015503  0.991479  0.101943  0.081099  -0.107168  0.992249  0.062911  -0.074057  -0.071067  0.994719  -0.000452  -0.005014  0.001890  0.109066  -0.140343  0.398445  2.000000  0.999991  0.004090  0.001502  -0.004091  0.999991  0.001020  -0.001498  -0.001027  0.999998  0.999930  0.011261  0.003749  -0.011272  0.999932  0.002904  -0.003716  -0.002946  0.999989  1.000000  0.000141  0.000047  -0.000141  1.000000  0.000037  -0.000047  -0.000037  1.000000  0.999991  0.004090  0.001502  -0.004091  0.999991  0.001020  -0.001498  -0.001027  0.999998  0.000104  0.012224  
125.138146 -0.002594  0.085370  -0.015505  0.991403  0.102516  0.081307  -0.107779  0.992164  0.063208  -0.074190  -0.071428  0.994683  -0.000345  -0.005578  0.001665  0.119741  -0.146308  0.418674  2.000000  0.999987  0.004796  0.001732  -0.004799  0.999988  0.001216  -0.001726  -0.001224  0.999998  0.999930  0.011269  0.003621  -0.011281  0.999931  0.003264  -0.003584  -0.003305  0.999988  1.000000  0.000141  0.000045  -0.000141  1.000000  0.000041  -0.000045  -0.000041  1.000000  0.999987  0.004796  0.001732  -0.004799  0.999988  0.001216  -0.001726  -0.001224  0.999998  0.000113  0.012284  
125.139148 -0.002593  0.085361  -0.015508  0.991326  0.103090  0.081516  -0.108390  0.992078  0.063504  -0.074323  -0.071789  0.994647  -0.000264  -0.006035  0.001403  0.129956  -0.157265  0.445528  2.000000  0.999984  0.005381  0.001911  -0.005383  0.999985  0.001376  -0.001903  -0.001386  0.999997  0.999925  0.011677  0.003653  -0.011689  0.999926  0.003232  -0.003615  -0.003274  0.999988  1.000000  0.000146  0.000045  -0.000146  1.000000  0.000041  -0.000045  -0.000041  1.000000  0.999984  0.005381  0.001911  -0.005383  0.999985  0.001376  -0.001903  -0.001386  0.999997  0.000121  0.012661  
125.140399 -0.002591  0.085348  -0.015510  0.991259  0.103673  0.081593  -0.109002  0.991991  0.063815  -0.074323  -0.072151  0.994621  -0.000189  -0.006713  0.001000  0.140666  -0.158774  0.466103  2.000000  0.999979  0.006136  0.002134  -0.006140  0.999980  0.001585  -0.002125  -0.001598  0.999996  0.999918  0.012300  0.003568  -0.012312  0.999918  0.003428  -0.003525  -0.003472  0.999988  1.000000  0.000154  0.000044  -0.000154  1.000000  0.000043  -0.000044  -0.000043  1.000000  0.999979  0.006136  0.002134  -0.006140  0.999980  0.001585  -0.002125  -0.001598  0.999996  0.000128  0.013264  
125.141650 -0.002591  0.085335  -0.015512  0.991159  0.104460  0.081803  -0.109817  0.991891  0.063974  -0.074457  -0.072392  0.994593  -0.000172  -0.007433  0.000511  0.146273  -0.165722  0.500169  2.000000  0.999973  0.006902  0.002367  -0.006906  0.999975  0.001798  -0.002355  -0.001814  0.999996  0.999917  0.012279  0.003839  -0.012293  0.999919  0.003426  -0.003797  -0.003473  0.999987  1.000000  0.000154  0.000048  -0.000154  1.000000  0.000043  -0.000048  -0.000043  1.000000  0.999973  0.006902  0.002367  -0.006906  0.999975  0.001798  -0.002355  -0.001814  0.999996  0.000135  0.013320  
125.142901 -0.002590  0.085323  -0.015514  0.991081  0.105033  0.082013  -0.110428  0.991804  0.064269  -0.074590  -0.072753  0.994557  -0.000061  -0.007991  0.000102  0.156995  -0.171786  0.520586  2.000000  0.999967  0.007682  0.002609  -0.007687  0.999968  0.002012  -0.002593  -0.002032  0.999995  0.999915  0.012483  0.003857  -0.012496  0.999916  0.003411  -0.003814  -0.003459  0.999987  1.000000  0.000156  0.000048  -0.000156  1.000000  0.000043  -0.000048  -0.000043  1.000000  0.999967  0.007682  0.002609  -0.007687  0.999968  0.002012  -0.002593  -0.002032  0.999995  0.000142  0.013510  
125.144150 -0.002590  0.085309  -0.015515  0.991003  0.105616  0.082210  -0.111039  0.991724  0.064444  -0.074724  -0.072993  0.994529  0.000100  -0.008495  -0.000236  0.160060  -0.177369  0.534104  2.000000  0.999960  0.008459  0.002855  -0.008465  0.999962  0.002228  -0.002836  -0.002252  0.999993  0.999914  0.012472  0.003993  -0.012486  0.999916  0.003408  -0.003951  -0.003457  0.999986  1.000000  0.000156  0.000050  -0.000156  1.000000  0.000043  -0.000050  -0.000043  1.000000  0.999960  0.008459  0.002855  -0.008465  0.999962  0.002228  -0.002836  -0.002252  0.999993  0.000148  0.013539  
125.145401 -0.002590  0.085296  -0.015515  0.990924  0.106209  0.082395  -0.111650  0.991652  0.064499  -0.074857  -0.073113  0.994510  0.000211  -0.008897  -0.000503  0.159890  -0.168434  0.534622  2.000000  0.999954  0.009078  0.003050  -0.009085  0.999956  0.002403  -0.003028  -0.002430  0.999992  0.999915  0.012481  0.003863  -0.012495  0.999916  0.003527  -0.003819  -0.003575  0.999986  1.000000  0.000156  0.000048  -0.000156  1.000000  0.000044  -0.000048  -0.000044  1.000000  0.999954  0.009078  0.003050  -0.009085  0.999956  0.002403  -0.003028  -0.002430  0.999992  0.000148  0.013539  
125.146404 -0.002589  0.085285  -0.015516  0.990835  0.106782  0.082726  -0.112260  0.991573  0.064659  -0.075124  -0.073353  0.994473  0.000397  -0.009210  -0.000758  0.163309  -0.169013  0.541450  2.000000  0.999948  0.009689  0.003238  -0.009697  0.999950  0.002578  -0.003213  -0.002609  0.999991  0.999920  0.012081  0.003701  -0.012094  0.999921  0.003557  -0.003658  -0.003601  0.999987  1.000000  0.000151  0.000046  -0.000151  1.000000  0.000045  -0.000046  -0.000045  1.000000  0.999948  0.009689  0.003238  -0.009697  0.999950  0.002578  -0.003213  -0.002609  0.999991  0.000148  0.013132  
125.147451 -0.002589  0.085274  -0.015516  0.990766  0.107384  0.082778  -0.112872  0.991499  0.064728  -0.075124  -0.073474  0.994464  0.000503  -0.009459  -0.000902  0.161944  -0.160807  0.554876  2.000000  0.999941  0.010298  0.003421  -0.010307  0.999943  0.002756  -0.003392  -0.002791  0.999990  0.999921  0.012089  0.003571  -0.012102  0.999920  0.003676  -0.003526  -0.003719  0.999987  1.000000  0.000151  0.000044  -0.000151  1.000000  0.000046  -0.000044  -0.000046  1.000000  0.999941  0.010298  0.003421  -0.010307  0.999943  0.002756  -0.003392  -0.002791  0.999990  0.000149  0.013137  
125.148650 -0.002589  0.085262  -0.015516  0.990709  0.107763  0.082963  -0.113279  0.991440  0.064919  -0.075257  -0.073714  0.994436  0.000536  -0.009716  -0.001023  0.161640  -0.161709  0.562675  2.000000  0.999934  0.010905  0.003595  -0.010916  0.999936  0.002939  -0.003563  -0.002978  0.999989  0.999921  0.012098  0.003439  -0.012111  0.999920  0.003674  -0.003394  -0.003716  0.999987  1.000000  0.000151  0.000043  -0.000151  1.000000  0.000046  -0.000043  -0.000046  1.000000  0.999934  0.010905  0.003595  -0.010916  0.999936  0.002939  -0.003563  -0.002978  0.999989  0.000151  0.013110  
125.149898 -0.002590  0.085248  -0.015517  0.990639  0.108355  0.083030  -0.113891  0.991358  0.065108  -0.075257  -0.073955  0.994418  0.000432  -0.009976  -0.001094  0.161156  -0.162362  0.569606  2.000000  0.999925  0.011638  0.003801  -0.011650  0.999927  0.003172  -0.003764  -0.003216  0.999988  0.999929  0.011503  0.003130  -0.011515  0.999927  0.003721  -0.003087  -0.003757  0.999988  1.000000  0.000144  0.000039  -0.000144  1.000000  0.000047  -0.000039  -0.000047  1.000000  0.999925  0.011638  0.003801  -0.011650  0.999927  0.003172  -0.003764  -0.003216  0.999988  0.000152  0.012494  
125.150919 -0.002591  0.085238  -0.015518  0.990615  0.108549  0.083056  -0.114095  0.991327  0.065212  -0.075257  -0.074076  0.994409  0.000326  -0.010136  -0.001054  0.161574  -0.166293  0.561937  2.000000  0.999918  0.012210  0.003959  -0.012224  0.999920  0.003364  -0.003918  -0.003412  0.999987  0.999931  0.011297  0.003117  -0.011309  0.999929  0.003858  -0.003074  -0.003893  0.999988  1.000000  0.000141  0.000039  -0.000141  1.000000  0.000048  -0.000039  -0.000048  1.000000  0.999918  0.012210  0.003959  -0.012224  0.999920  0.003364  -0.003918  -0.003412  0.999987  0.000153  0.012344  
125.152145 -0.002592  0.085226  -0.015518  0.990578  0.108937  0.082991  -0.114504  0.991258  0.065553  -0.075124  -0.074439  0.994392  0.000207  -0.010237  -0.000975  0.164978  -0.160306  0.551271  2.000000  0.999910  0.012775  0.004113  -0.012789  0.999912  0.003562  -0.004067  -0.003614  0.999985  0.999932  0.011307  0.002987  -0.011318  0.999928  0.003981  -0.002942  -0.004015  0.999988  1.000000  0.000141  0.000037  -0.000141  1.000000  0.000050  -0.000037  -0.000050  1.000000  0.999910  0.012775  0.004113  -0.012789  0.999912  0.003562  -0.004067  -0.003614  0.999985  0.000151  0.012359  
125.153146 -0.002593  0.085215  -0.015519  0.990531  0.109335  0.083031  -0.114911  0.991205  0.065639  -0.075124  -0.074559  0.994383  0.000049  -0.010318  -0.000937  0.161486  -0.155548  0.545020  2.000000  0.999902  0.013330  0.004258  -0.013346  0.999904  0.003763  -0.004208  -0.003820  0.999984  0.999934  0.011111  0.002841  -0.011123  0.999930  0.004118  -0.002795  -0.004149  0.999987  1.000000  0.000139  0.000035  -0.000139  1.000000  0.000052  -0.000035  -0.000052  1.000000  0.999902  0.013330  0.004258  -0.013346  0.999904  0.003763  -0.004208  -0.003820  0.999984  0.000149  0.012191  
125.154147 -0.002595  0.085204  -0.015520  0.990474  0.109713  0.083217  -0.115318  0.991145  0.065830  -0.075257  -0.074800  0.994355  -0.000156  -0.010439  -0.000835  0.165846  -0.155045  0.537776  2.000000  0.999894  0.013874  0.004400  -0.013892  0.999896  0.003966  -0.004344  -0.004027  0.999982  0.999937  0.010916  0.002695  -0.010927  0.999932  0.004134  -0.002650  -0.004163  0.999988  1.000000  0.000137  0.000033  -0.000137  1.000000  0.000052  -0.000033  -0.000052  1.000000  0.999894  0.013874  0.004400  -0.013892  0.999896  0.003966  -0.004344  -0.004027  0.999982  0.000147  0.011984  
125.155149 -0.002598  0.085192  -0.015523  0.990426  0.110101  0.083271  -0.115726  0.991084  0.066036  -0.075257  -0.075041  0.994337  -0.000466  -0.010622  -0.000877  0.172216  -0.141984  0.529429  2.000000  0.999886  0.014409  0.004540  -0.014428  0.999887  0.004168  -0.004480  -0.004233  0.999981  0.999939  0.010710  0.002681  -0.010721  0.999934  0.004027  -0.002638  -0.004055  0.999988  1.000000  0.000134  0.000033  -0.000134  1.000000  0.000051  -0.000033  -0.000051  1.000000  0.999886  0.014409  0.004540  -0.014428  0.999887  0.004168  -0.004480  -0.004233  0.999981  0.000146  0.011757  
125.156399 -0.002603  0.085176  -0.015527  0.990368  0.110479  0.083457  -0.116133  0.991023  0.066227  -0.075391  -0.075281  0.994308  -0.000825  -0.010774  -0.001004  0.175228  -0.135956  0.518493  2.000000  0.999878  0.014928  0.004674  -0.014949  0.999879  0.004369  -0.004608  -0.004438  0.999980  0.999946  0.010105  0.002505  -0.010115  0.999941  0.004072  -0.002464  -0.004097  0.999989  1.000000  0.000126  0.000031  -0.000126  1.000000  0.000051  -0.000031  -0.000051  1.000000  0.999878  0.014928  0.004674  -0.014949  0.999879  0.004369  -0.004608  -0.004438  0.999980  0.000142  0.011184  
125.157649 -0.002609  0.085160  -0.015533  0.990286  0.111060  0.083657  -0.116743  0.990940  0.066400  -0.075524  -0.075522  0.994280  -0.001268  -0.011051  -0.001300  0.179118  -0.128351  0.514092  2.000000  0.999868  0.015539  0.004826  -0.015561  0.999868  0.004610  -0.004754  -0.004684  0.999978  0.999952  0.009500  0.002328  -0.009509  0.999947  0.003875  -0.002291  -0.003897  0.999990  1.000000  0.000119  0.000029  -0.000119  1.000000  0.000049  -0.000029  -0.000049  1.000000  0.999868  0.015539  0.004826  -0.015561  0.999868  0.004610  -0.004754  -0.004684  0.999978  0.000139  0.010525  
125.158899 -0.002614  0.085143  -0.015539  0.990228  0.111438  0.083843  -0.117150  0.990879  0.066591  -0.075658  -0.075762  0.994251  -0.001671  -0.011262  -0.001668  0.180594  -0.125789  0.498603  2.000000  0.999860  0.016014  0.004938  -0.016037  0.999860  0.004796  -0.004861  -0.004875  0.999976  0.999954  0.009305  0.002182  -0.009313  0.999950  0.003770  -0.002147  -0.003790  0.999991  1.000000  0.000116  0.000027  -0.000116  1.000000  0.000047  -0.000027  -0.000047  1.000000  0.999860  0.016014  0.004938  -0.016037  0.999860  0.004796  -0.004861  -0.004875  0.999976  0.000137  0.010278  
125.159903 -0.002619  0.085130  -0.015544  0.990190  0.111836  0.083766  -0.117558  0.990816  0.066812  -0.075524  -0.076004  0.994243  -0.001978  -0.011395  -0.001898  0.186709  -0.121931  0.496141  2.000000  0.999853  0.016367  0.005022  -0.016392  0.999853  0.004933  -0.004940  -0.005015  0.999975  0.999954  0.009305  0.002183  -0.009313  0.999950  0.003647  -0.002149  -0.003667  0.999991  1.000000  0.000116  0.000027  -0.000116  1.000000  0.000046  -0.000027  -0.000046  1.000000  0.999853  0.016367  0.005022  -0.016392  0.999853  0.004933  -0.004940  -0.005015  0.999975  0.000135  0.010233  
125.161148 -0.002626  0.085115  -0.015549  0.990141  0.112234  0.083807  -0.117966  0.990762  0.066898  -0.075524  -0.076125  0.994234  -0.002441  -0.011573  -0.002223  0.183623  -0.116525  0.482672  2.000000  0.999843  0.016946  0.005146  -0.016973  0.999843  0.005158  -0.005058  -0.005245  0.999973  0.999955  0.009325  0.001918  -0.009331  0.999950  0.003527  -0.001885  -0.003545  0.999992  1.000000  0.000117  0.000024  -0.000117  1.000000  0.000044  -0.000024  -0.000044  1.000000  0.999843  0.016946  0.005146  -0.016973  0.999843  0.005158  -0.005058  -0.005245  0.999973  0.000135  0.010155  
125.162403 -0.002632  0.085100  -0.015554  0.990093  0.112621  0.083862  -0.118374  0.990699  0.067104  -0.075524  -0.076366  0.994215  -0.002865  -0.011696  -0.002539  0.184129  -0.116131  0.475740  2.000000  0.999833  0.017510  0.005266  -0.017538  0.999832  0.005375  -0.005171  -0.005467  0.999972  0.999959  0.008925  0.001756  -0.008931  0.999954  0.003437  -0.001725  -0.003452  0.999993  1.000000  0.000112  0.000022  -0.000112  1.000000  0.000043  -0.000022  -0.000043  1.000000  0.999833  0.017510  0.005266  -0.017538  0.999832  0.005375  -0.005171  -0.005467  0.999972  0.000132  0.009726  
125.163650 -0.002638  0.085085  -0.015558  0.990044  0.113009  0.083917  -0.118781  0.990636  0.067310  -0.075524  -0.076607  0.994197  -0.003264  -0.011768  -0.002830  0.185115  -0.106274  0.462657  2.000000  0.999822  0.018059  0.005378  -0.018089  0.999821  0.005588  -0.005276  -0.005684  0.999970  0.999960  0.008720  0.001742  -0.008726  0.999956  0.003453  -0.001712  -0.003468  0.999993  1.000000  0.000109  0.000022  -0.000109  1.000000  0.000043  -0.000022  -0.000043  1.000000  0.999822  0.018059  0.005378  -0.018089  0.999821  0.005588  -0.005276  -0.005684  0.999970  0.000128  0.009542  
125.164898 -0.002645  0.085070  -0.015562  0.989970  0.113600  0.083986  -0.119393  0.990550  0.067498  -0.075524  -0.076848  0.994178  -0.003669  -0.011869  -0.002997  0.182018  -0.096430  0.449547  2.000000  0.999812  0.018588  0.005483  -0.018620  0.999810  0.005794  -0.005375  -0.005895  0.999968  0.999964  0.008320  0.001579  -0.008325  0.999960  0.003241  -0.001552  -0.003254  0.999994  1.000000  0.000104  0.000020  -0.000104  1.000000  0.000041  -0.000020  -0.000041  1.000000  0.999812  0.018588  0.005483  -0.018620  0.999810  0.005794  -0.005375  -0.005895  0.999968  0.000124  0.009070  
125.166146 -0.002652  0.085056  -0.015566  0.989911  0.113988  0.084159  -0.119799  0.990496  0.067568  -0.075658  -0.076968  0.994159  -0.004131  -0.011968  -0.003245  0.170840  -0.091116  0.436360  2.000000  0.999802  0.019110  0.005582  -0.019143  0.999799  0.006000  -0.005466  -0.006105  0.999966  0.999964  0.008330  0.001447  -0.008335  0.999960  0.003240  -0.001420  -0.003252  0.999994  1.000000  0.000104  0.000018  -0.000104  1.000000  0.000041  -0.000018  -0.000041  1.000000  0.999802  0.019110  0.005582  -0.019143  0.999799  0.006000  -0.005466  -0.006105  0.999966  0.000120  0.009057  
125.167146 -0.002658  0.085045  -0.015568  0.989862  0.114385  0.084201  -0.120207  0.990441  0.067653  -0.075658  -0.077089  0.994150  -0.004463  -0.012065  -0.003361  0.165239  -0.085932  0.432770  2.000000  0.999794  0.019518  0.005653  -0.019553  0.999790  0.006161  -0.005532  -0.006270  0.999965  0.999966  0.008135  0.001299  -0.008140  0.999962  0.003256  -0.001273  -0.003266  0.999994  1.000000  0.000102  0.000016  -0.000102  1.000000  0.000041  -0.000016  -0.000041  1.000000  0.999794  0.019518  0.005653  -0.019553  0.999790  0.006161  -0.005532  -0.006270  0.999965  0.000119  0.008861  
125.168148 -0.002664  0.085035  -0.015570  0.989837  0.114579  0.084229  -0.120411  0.990409  0.067756  -0.075658  -0.077209  0.994140  -0.004766  -0.012048  -0.003434  0.160033  -0.080747  0.416160  2.000000  0.999787  0.019820  0.005700  -0.019856  0.999783  0.006283  -0.005574  -0.006395  0.999964  0.999968  0.007941  0.001151  -0.007945  0.999963  0.003272  -0.001125  -0.003281  0.999994  1.000000  0.000099  0.000014  -0.000099  1.000000  0.000041  -0.000014  -0.000041  1.000000  0.999787  0.019820  0.005700  -0.019856  0.999783  0.006283  -0.005574  -0.006395  0.999964  0.000115  0.008667  
125.169395 -0.002671  0.085021  -0.015572  0.989797  0.114987  0.084139  -0.120819  0.990352  0.067857  -0.075524  -0.077331  0.994141  -0.005028  -0.011997  -0.003407  0.155160  -0.070737  0.406496  2.000000  0.999777  0.020306  0.005766  -0.020343  0.999772  0.006482  -0.005633  -0.006598  0.999962  0.999970  0.007757  0.000869  -0.007759  0.999965  0.003167  -0.000845  -0.003174  0.999995  1.000000  0.000097  0.000011  -0.000097  1.000000  0.000040  -0.000011  -0.000040  1.000000  0.999777  0.020306  0.005766  -0.020343  0.999772  0.006482  -0.005633  -0.006598  0.999962  0.000112  0.008425  
125.170400 -0.002678  0.085011  -0.015574  0.989772  0.115180  0.084167  -0.121023  0.990321  0.067960  -0.075524  -0.077451  0.994131  -0.005270  -0.011866  -0.003357  0.149327  -0.070387  0.396080  2.000000  0.999769  0.020682  0.005812  -0.020721  0.999763  0.006639  -0.005673  -0.006758  0.999961  0.999971  0.007552  0.000855  -0.007555  0.999966  0.003183  -0.000831  -0.003189  0.999995  1.000000  0.000094  0.000011  -0.000094  1.000000  0.000040  -0.000011  -0.000040  1.000000  0.999769  0.020682  0.005812  -0.020721  0.999763  0.006639  -0.005673  -0.006758  0.999961  0.000108  0.008241  
125.171645 -0.002686  0.084998  -0.015577  0.989723  0.115578  0.084209  -0.121431  0.990265  0.068046  -0.075524  -0.077572  0.994122  -0.005505  -0.011695  -0.003251  0.144545  -0.064917  0.386322  2.000000  0.999759  0.021138  0.005867  -0.021178  0.999752  0.006831  -0.005721  -0.006954  0.999959  0.999974  0.007143  0.000824  -0.007145  0.999970  0.003093  -0.000802  -0.003099  0.999995  1.000000  0.000089  0.000010  -0.000089  1.000000  0.000039  -0.000010  -0.000039  1.000000  0.999759  0.021138  0.005867  -0.021178  0.999752  0.006831  -0.005721  -0.006954  0.999959  0.000104  0.007828  
125.172649 -0.002693  0.084987  -0.015580  0.989697  0.115772  0.084237  -0.121634  0.990233  0.068148  -0.075524  -0.077692  0.994113  -0.005645  -0.011510  -0.003156  0.138609  -0.060027  0.376104  2.000000  0.999751  0.021499  0.005913  -0.021540  0.999744  0.006978  -0.005761  -0.007104  0.999958  0.999974  0.007132  0.000958  -0.007135  0.999970  0.002850  -0.000938  -0.002857  0.999995  1.000000  0.000089  0.000012  -0.000089  1.000000  0.000036  -0.000012  -0.000036  1.000000  0.999751  0.021499  0.005913  -0.021540  0.999744  0.006978  -0.005761  -0.007104  0.999958  0.000102  0.007741  
125.173903 -0.002701  0.084974  -0.015584  0.989637  0.116159  0.084411  -0.122041  0.990178  0.068218  -0.075658  -0.077812  0.994093  -0.005806  -0.011239  -0.002950  0.134976  -0.059563  0.369141  2.000000  0.999741  0.021946  0.005978  -0.021989  0.999733  0.007152  -0.005819  -0.007282  0.999957  0.999974  0.007122  0.001092  -0.007124  0.999971  0.002728  -0.001073  -0.002736  0.999996  1.000000  0.000089  0.000014  -0.000089  1.000000  0.000034  -0.000014  -0.000034  1.000000  0.999741  0.021946  0.005978  -0.021989  0.999733  0.007152  -0.005819  -0.007282  0.999957  0.000101  0.007705  
125.175149 -0.002709  0.084961  -0.015588  0.989612  0.116352  0.084439  -0.122244  0.990146  0.068320  -0.075658  -0.077933  0.994084  -0.005850  -0.011080  -0.002883  0.136013  -0.054086  0.355765  2.000000  0.999731  0.022380  0.006047  -0.022424  0.999722  0.007318  -0.005881  -0.007451  0.999955  0.999976  0.006927  0.000944  -0.006930  0.999973  0.002622  -0.000926  -0.002629  0.999996  1.000000  0.000087  0.000012  -0.000087  1.000000  0.000033  -0.000012  -0.000033  1.000000  0.999731  0.022380  0.006047  -0.022424  0.999722  0.007318  -0.005881  -0.007451  0.999955  0.000097  0.007468  
125.176400 -0.002716  0.084948  -0.015592  0.989552  0.116739  0.084613  -0.122651  0.990091  0.068389  -0.075791  -0.078053  0.994064  -0.005913  -0.010883  -0.002783  0.131293  -0.048736  0.346327  2.000000  0.999723  0.022718  0.006101  -0.022763  0.999713  0.007445  -0.005930  -0.007582  0.999954  0.999977  0.006712  0.001062  -0.006715  0.999974  0.002516  -0.001045  -0.002523  0.999996  1.000000  0.000084  0.000013  -0.000084  1.000000  0.000031  -0.000013  -0.000031  1.000000  0.999723  0.022718  0.006101  -0.022763  0.999713  0.007445  -0.005930  -0.007582  0.999954  0.000094  0.007247  
125.177650 -0.002721  0.084936  -0.015596  0.989526  0.116923  0.084656  -0.122854  0.990050  0.068612  -0.075791  -0.078294  0.994045  -0.005908  -0.010707  -0.002731  0.133905  -0.043157  0.328836  2.000000  0.999714  0.023127  0.006161  -0.023173  0.999703  0.007596  -0.005984  -0.007737  0.999952  0.999978  0.006518  0.000914  -0.006520  0.999976  0.002410  -0.000898  -0.002416  0.999997  1.000000  0.000081  0.000011  -0.000081  1.000000  0.000030  -0.000011  -0.000030  1.000000  0.999714  0.023127  0.006161  -0.023173  0.999703  0.007596  -0.005984  -0.007737  0.999952  0.000090  0.007010  
125.178897 -0.002727  0.084923  -0.015601  0.989501  0.117116  0.084684  -0.123058  0.990018  0.068715  -0.075791  -0.078414  0.994036  -0.005864  -0.010573  -0.002767  0.134444  -0.042676  0.321990  2.000000  0.999704  0.023521  0.006212  -0.023569  0.999692  0.007743  -0.006028  -0.007888  0.999951  0.999981  0.006118  0.000750  -0.006120  0.999979  0.002320  -0.000735  -0.002325  0.999997  1.000000  0.000076  0.000009  -0.000076  1.000000  0.000029  -0.000009  -0.000029  1.000000  0.999704  0.023521  0.006212  -0.023569  0.999692  0.007743  -0.006028  -0.007888  0.999951  0.000089  0.006587  
125.179902 -0.002731  0.084913  -0.015604  0.989466  0.117299  0.084844  -0.123261  0.989987  0.068801  -0.075925  -0.078534  0.994016  -0.005759  -0.010460  -0.002804  0.130847  -0.046683  0.314705  2.000000  0.999697  0.023821  0.006253  -0.023870  0.999684  0.007856  -0.006064  -0.008003  0.999950  0.999982  0.005914  0.000734  -0.005915  0.999980  0.002214  -0.000721  -0.002218  0.999997  1.000000  0.000074  0.000009  -0.000074  1.000000  0.000028  -0.000009  -0.000028  1.000000  0.999697  0.023821  0.006253  -0.023870  0.999684  0.007856  -0.006064  -0.008003  0.999950  0.000086  0.006358  
125.181146 -0.002736  0.084900  -0.015609  0.989440  0.117493  0.084873  -0.123464  0.989954  0.068903  -0.075925  -0.078655  0.994006  -0.005624  -0.010416  -0.002883  0.127357  -0.046235  0.307972  2.000000  0.999688  0.024174  0.006307  -0.024224  0.999675  0.007991  -0.006112  -0.008142  0.999948  0.999985  0.005494  0.000836  -0.005496  0.999983  0.002124  -0.000825  -0.002129  0.999997  1.000000  0.000069  0.000010  -0.000069  1.000000  0.000027  -0.000010  -0.000027  1.000000  0.999688  0.024174  0.006307  -0.024224  0.999675  0.007991  -0.006112  -0.008142  0.999948  0.000084  0.005950  
125.182396 -0.002741  0.084887  -0.015612  0.989440  0.117472  0.084901  -0.123464  0.989937  0.069144  -0.075925  -0.078896  0.993987  -0.005469  -0.010339  -0.002940  0.127315  -0.049305  0.291317  2.000000  0.999679  0.024508  0.006362  -0.024560  0.999665  0.008124  -0.006161  -0.008277  0.999947  0.999986  0.005289  0.000821  -0.005291  0.999984  0.002018  -0.000810  -0.002023  0.999998  1.000000  0.000066  0.000010  -0.000066  1.000000  0.000025  -0.000010  -0.000025  1.000000  0.999679  0.024508  0.006362  -0.024560  0.999665  0.008124  -0.006161  -0.008277  0.999947  0.000082  0.005721  
125.183396 -0.002745  0.084877  -0.015614  0.989405  0.117666  0.085048  -0.123667  0.989914  0.069110  -0.076058  -0.078895  0.993977  -0.005297  -0.010304  -0.002942  0.119730  -0.053260  0.284148  2.000000  0.999673  0.024764  0.006406  -0.024817  0.999658  0.008227  -0.006200  -0.008383  0.999946  0.999987  0.005074  0.000939  -0.005076  0.999985  0.002033  -0.000928  -0.002038  0.999997  1.000000  0.000063  0.000012  -0.000063  1.000000  0.000025  -0.000012  -0.000025  1.000000  0.999673  0.024764  0.006406  -0.024817  0.999658  0.008227  -0.006200  -0.008383  0.999946  0.000079  0.005547  
125.184646 -0.002749  0.084865  -0.015616  0.989405  0.117655  0.085062  -0.123667  0.989906  0.069230  -0.076058  -0.079016  0.993968  -0.005039  -0.010261  -0.002927  0.118197  -0.047673  0.266203  2.000000  0.999673  0.024764  0.006406  -0.024817  0.999658  0.008227  -0.006200  -0.008383  0.999946  0.999989  0.004664  0.000907  -0.004666  0.999987  0.002065  -0.000897  -0.002069  0.999997  1.000000  0.000000  0.000000  0.000000  1.000000  0.000000  0.000000  0.000000  1.000000  0.999673  0.024764  0.006406  -0.024817  0.999658  0.008227  -0.006200  -0.008383  0.999946  0.000075  0.000000  
125.185899 -0.002753  0.084852  -0.015618  0.989369  0.117838  0.085222  -0.123869  0.989875  0.069316  -0.076191  -0.079135  0.993948  -0.004759  -0.010222  -0.002833  0.113678  -0.046804  0.257207  2.000000  0.999673  0.024764  0.006406  -0.024817  0.999658  0.008227  -0.006200  -0.008383  0.999946  0.999990  0.004449  0.001025  -0.004451  0.999988  0.001959  -0.001016  -0.001963  0.999998  1.000000  0.000000  0.000000  0.000000  1.000000  0.000000  0.000000  0.000000  1.000000  0.999673  0.024764  0.006406  -0.024817  0.999658  0.008227  -0.006200  -0.008383  0.999946  0.000073  0.000000  
125.187145 -0.002757  0.084840  -0.015618  0.989369  0.117828  0.085237  -0.123869  0.989866  0.069436  -0.076191  -0.079256  0.993938  -0.004483  -0.010113  -0.002643  0.110668  -0.041346  0.243918  2.000000  0.999673  0.024764  0.006406  -0.024817  0.999658  0.008227  -0.006200  -0.008383  0.999946  0.999991  0.004050  0.000859  -0.004052  0.999990  0.001869  -0.000851  -0.001872  0.999998  1.000000  0.000000  0.000000  0.000000  1.000000  0.000000  0.000000  0.000000  1.000000  0.999673  0.024764  0.006406  -0.024817  0.999658  0.008227  -0.006200  -0.008383  0.999946  0.000068  0.000000  
125.188146 -0.002760  0.084832  -0.015619  0.989369  0.117828  0.085237  -0.123869  0.989866  0.069436  -0.076191  -0.079256  0.993938  -0.004187  -0.009986  -0.002488  0.103680  -0.040335  0.230396  2.000000  0.999673  0.024764  0.006406  -0.024817  0.999658  0.008227  -0.006200  -0.008383  0.999946  0.999993  0.003641  0.000827  -0.003642  0.999992  0.001900  -0.000820  -0.001903  0.999998  1.000000  0.000000  0.000000  0.000000  1.000000  0.000000  0.000000  0.000000  1.000000  0.999673  0.024764  0.006406  -0.024817  0.999658  0.008227  -0.006200  -0.008383  0.999946  0.000065  0.000000  
