1-Time 2-Px 3-Py 4-Pz 5-R11 6-R21 7-R31 8-R12 9-R22 10-R32 11-R13 12-R23 13-R33 14-Vx 15-Vy 16-Vz 17-Wx 18-Wy 19-Wz 20-state 21-PR11 22-PR21 23-PR31 24-PR12 25-PR22 26-PR32 27-PR13 28-PR23 29-PR33 
135.760737 0.012807  0.095008  -0.017147  0.994057  0.107899  -0.014406  -0.009619  0.218885  0.975703  0.108431  -0.969767  0.218622  -0.001898  -0.001362  -0.001678  0.000000  0.000000  0.000000  2.000000  1.000000  0.000000  0.000000  0.000000  -0.000000  1.000000  0.000000  -1.000000  -0.000000  1.000000  0.000261  -0.000059  -0.000261  0.999997  -0.002547  0.000058  0.002547  0.999997  1.000000  0.000000  0.000000  0.000000  1.000000  0.000000  0.000000  0.000000  1.000000  0.571513  0.550871  0.608206  -0.562764  -0.276307  0.779071  0.597219  -0.787525  0.152097  0.000000  0.000000  
135.761741 0.012805  0.095006  -0.017149  0.994057  0.107898  -0.014419  -0.009619  0.219003  0.975677  0.108431  -0.969740  0.218740  -0.001928  -0.001389  -0.001698  0.000000  0.000000  0.000000  2.000000  1.000000  0.000000  0.000000  0.000000  -0.000000  1.000000  0.000000  -1.000000  -0.000000  1.000000  0.000261  -0.000059  -0.000261  0.999996  -0.002669  0.000058  0.002669  0.999996  1.000000  0.000000  0.000000  0.000000  1.000000  0.000000  0.000000  0.000000  1.000000  1.000000  0.000000  0.000000  0.000000  -0.000000  1.000000  0.000000  -1.000000  -0.000000  0.000000  0.000000  
135.762748 0.012805  0.095005  -0.017151  0.994053  0.107983  -0.014057  -0.010028  0.219314  0.975603  0.108431  -0.969660  0.219092  -0.001775  -0.001367  -0.001723  0.000000  0.000000  0.000000  2.000000  1.000000  0.000000  0.000000  0.000000  -0.000000  1.000000  0.000000  -1.000000  -0.000000  1.000000  0.000351  0.000340  -0.000350  0.999996  -0.002745  -0.000341  0.002745  0.999996  1.000000  0.000000  0.000000  0.000000  1.000000  0.000000  0.000000  0.000000  1.000000  1.000000  0.000000  0.000000  0.000000  -0.000000  1.000000  0.000000  -1.000000  -0.000000  0.000000  0.000000  
135.763997 0.012807  0.095004  -0.017152  0.994057  0.108074  -0.013062  -0.011051  0.219559  0.975537  0.108298  -0.969595  0.219448  -0.001495  -0.001327  -0.001670  0.000000  0.000000  0.000000  2.000000  1.000000  0.000000  0.000000  0.000000  -0.000000  1.000000  0.000000  -1.000000  -0.000000  0.999999  0.000401  0.001168  -0.000398  0.999996  -0.002899  -0.001169  0.002898  0.999995  1.000000  0.000000  0.000000  0.000000  1.000000  0.000000  0.000000  0.000000  1.000000  1.000000  0.000000  0.000000  0.000000  -0.000000  1.000000  0.000000  -1.000000  -0.000000  0.000000  0.000000  
135.765243 0.012810  0.095004  -0.017151  0.994062  0.108117  -0.012295  -0.011870  0.220063  0.975413  0.108165  -0.969476  0.220040  -0.001168  -0.001173  -0.001436  -0.161671  -0.072255  0.020777  2.000000  1.000000  0.000000  0.000000  0.000000  -0.000000  1.000000  0.000000  -1.000000  -0.000000  0.999998  0.000453  0.001996  -0.000446  0.999995  -0.003174  -0.001997  0.003173  0.999993  1.000000  0.000000  0.000000  0.000000  1.000000  0.000000  0.000000  0.000000  1.000000  1.000000  0.000000  0.000000  0.000000  -0.000000  1.000000  0.000000  -1.000000  -0.000000  0.000000  0.000000  
135.766497 0.012812  0.095005  -0.017150  0.994069  0.108118  -0.011716  -0.012484  0.220471  0.975314  0.108032  -0.969383  0.220513  -0.000809  -0.000965  -0.001228  -0.168962  -0.093988  0.021117  2.000000  1.000000  0.000000  0.000000  0.000000  -0.000000  1.000000  0.000000  -1.000000  -0.000000  0.999996  0.000504  0.002824  -0.000495  0.999994  -0.003449  -0.002825  0.003448  0.999990  1.000000  0.000000  0.000000  0.000000  1.000000  0.000000  0.000000  0.000000  1.000000  1.000000  0.000000  0.000000  0.000000  -0.000000  1.000000  0.000000  -1.000000  -0.000000  0.000048  0.000000  
135.767743 0.012817  0.095008  -0.017148  0.994064  0.108202  -0.011380  -0.012894  0.221018  0.975185  0.108032  -0.969249  0.221101  -0.000325  -0.000643  -0.000934  -0.179617  -0.107355  0.024168  2.000000  1.000000  0.000000  0.000000  0.000000  -0.000000  1.000000  0.000000  -1.000000  -0.000000  0.999995  0.000597  0.003223  -0.000585  0.999993  -0.003769  -0.003225  0.003767  0.999988  1.000000  0.000000  0.000000  0.000000  1.000000  0.000000  0.000000  0.000000  1.000000  1.000000  0.000000  0.000000  0.000000  -0.000000  1.000000  0.000000  -1.000000  -0.000000  0.000053  0.000000  
135.768745 0.012821  0.095011  -0.017147  0.994041  0.108461  -0.010873  -0.013507  0.221541  0.975058  0.108165  -0.969101  0.221686  0.000096  -0.000354  -0.000732  -0.193661  -0.126478  0.033130  2.000000  1.000000  0.000000  0.000000  0.000000  -0.000000  1.000000  0.000000  -1.000000  -0.000000  0.999993  0.000820  0.003591  -0.000805  0.999990  -0.004331  -0.003595  0.004328  0.999984  1.000000  0.000000  0.000000  0.000000  1.000000  0.000000  0.000000  0.000000  1.000000  1.000000  0.000000  0.000000  0.000000  -0.000000  1.000000  0.000000  -1.000000  -0.000000  0.000058  0.000000  
135.770000 0.012826  0.095013  -0.017145  0.994001  0.108896  -0.010209  -0.014326  0.222157  0.974906  0.108431  -0.968911  0.222384  0.000624  -0.000090  -0.000498  -0.206909  -0.152276  0.043633  2.000000  1.000000  0.000000  0.000000  0.000000  -0.000000  1.000000  0.000000  -1.000000  -0.000000  0.999990  0.001136  0.004359  -0.001115  0.999988  -0.004728  -0.004364  0.004723  0.999979  1.000000  0.000000  0.000000  0.000000  1.000000  0.000000  0.000000  0.000000  1.000000  1.000000  0.000000  0.000000  0.000000  -0.000000  1.000000  0.000000  -1.000000  -0.000000  0.000064  0.000000  
135.771009 0.012830  0.095015  -0.017145  0.993977  0.109157  -0.009702  -0.014939  0.222679  0.974777  0.108564  -0.968761  0.222969  0.001006  0.000134  -0.000420  -0.220879  -0.171329  0.052610  2.000000  1.000000  0.000033  0.000121  -0.000121  0.000129  1.000000  0.000033  -1.000000  0.000129  0.999987  0.001406  0.004927  -0.001381  0.999986  -0.005146  -0.004934  0.005139  0.999975  1.000000  0.000017  0.000062  -0.000017  1.000000  -0.000064  -0.000062  0.000064  1.000000  1.000000  0.000033  0.000121  -0.000121  0.000129  1.000000  0.000033  -1.000000  0.000129  0.000070  0.007259  
135.772248 0.012834  0.095019  -0.017145  0.993965  0.109331  -0.009006  -0.015758  0.223535  0.974569  0.108564  -0.968545  0.223909  0.001435  0.000505  -0.000215  -0.244626  -0.196688  0.058367  2.000000  1.000000  0.000127  0.000462  -0.000462  0.000475  1.000000  0.000127  -1.000000  0.000475  0.999982  0.001594  0.005723  -0.001561  0.999982  -0.005786  -0.005732  0.005777  0.999967  1.000000  0.000020  0.000072  -0.000020  1.000000  -0.000072  -0.000072  0.000072  1.000000  1.000000  0.000127  0.000462  -0.000462  0.000475  1.000000  0.000127  -1.000000  0.000475  0.000079  0.008290  
135.773491 0.012838  0.095024  -0.017146  0.993951  0.109508  -0.008296  -0.016576  0.224272  0.974386  0.108564  -0.968354  0.224731  0.001827  0.000874  -0.000206  -0.263931  -0.225028  0.065038  2.000000  1.000000  0.000233  0.000849  -0.000850  0.000861  0.999999  0.000232  -1.000000  0.000861  0.999977  0.001783  0.006519  -0.001742  0.999978  -0.006426  -0.006531  0.006414  0.999958  1.000000  0.000022  0.000082  -0.000022  1.000000  -0.000080  -0.000082  0.000080  1.000000  1.000000  0.000233  0.000849  -0.000850  0.000861  0.999999  0.000232  -1.000000  0.000861  0.000087  0.009322  
135.774497 0.012841  0.095026  -0.017148  0.993941  0.109641  -0.007774  -0.017190  0.224914  0.974227  0.108564  -0.968190  0.225436  0.002237  0.001136  -0.000181  -0.282016  -0.245076  0.069708  2.000000  0.999999  0.000326  0.001193  -0.001193  0.001196  0.999999  0.000324  -0.999999  0.001197  0.999973  0.001927  0.007116  -0.001878  0.999975  -0.006845  -0.007129  0.006831  0.999951  1.000000  0.000024  0.000089  -0.000024  1.000000  -0.000085  -0.000089  0.000085  1.000000  0.999999  0.000326  0.001193  -0.001193  0.001196  0.999999  0.000324  -0.999999  0.001197  0.000094  0.010056  
135.775800 0.012846  0.095028  -0.017150  0.993923  0.109866  -0.006878  -0.018213  0.225746  0.974016  0.108564  -0.967971  0.226375  0.002652  0.001406  -0.000169  -0.302766  -0.278594  0.077531  2.000000  0.999998  0.000454  0.001675  -0.001676  0.001657  0.999997  0.000451  -0.999999  0.001658  0.999965  0.002167  0.008111  -0.002104  0.999968  -0.007705  -0.008127  0.007688  0.999937  1.000000  0.000027  0.000101  -0.000027  1.000000  -0.000096  -0.000101  0.000096  1.000000  0.999998  0.000454  0.001675  -0.001676  0.001657  0.999997  0.000451  -0.999999  0.001658  0.000105  0.011390  
135.777009 0.012851  0.095031  -0.017152  0.993907  0.110045  -0.006196  -0.019032  0.226719  0.973774  0.108564  -0.967723  0.227432  0.003076  0.001714  -0.000168  -0.329973  -0.303153  0.083241  2.000000  0.999998  0.000540  0.002005  -0.002006  0.001967  0.999996  0.000537  -0.999998  0.001968  0.999956  0.002409  0.009105  -0.002331  0.999961  -0.008566  -0.009125  0.008545  0.999922  1.000000  0.000030  0.000114  -0.000030  1.000000  -0.000107  -0.000114  0.000107  1.000000  0.999998  0.000540  0.002005  -0.002006  0.001967  0.999996  0.000537  -0.999998  0.001968  0.000116  0.012724  
135.778249 0.012856  0.095035  -0.017153  0.993877  0.110355  -0.005558  -0.019850  0.227806  0.973504  0.108697  -0.967433  0.228602  0.003376  0.002099  -0.000105  -0.365990  -0.331062  0.094586  2.000000  0.999996  0.000702  0.002597  -0.002599  0.002532  0.999993  0.000696  -0.999997  0.002534  0.999948  0.002736  0.009868  -0.002643  0.999952  -0.009449  -0.009894  0.009422  0.999907  1.000000  0.000034  0.000124  -0.000034  1.000000  -0.000118  -0.000124  0.000118  1.000000  0.999996  0.000702  0.002597  -0.002599  0.002532  0.999993  0.000696  -0.999997  0.002534  0.000126  0.013925  
135.779353 0.012861  0.095038  -0.017154  0.993864  0.110490  -0.005064  -0.020464  0.228683  0.973286  0.108697  -0.967210  0.229541  0.003562  0.002298  -0.000150  -0.390916  -0.349902  0.099058  2.000000  0.999995  0.000842  0.003106  -0.003108  0.003027  0.999991  0.000832  -0.999995  0.003030  0.999941  0.002886  0.010463  -0.002779  0.999944  -0.010232  -0.010492  0.010203  0.999893  1.000000  0.000035  0.000131  -0.000035  1.000000  -0.000128  -0.000131  0.000128  1.000000  0.999995  0.000842  0.003106  -0.003108  0.003027  0.999991  0.000832  -0.999995  0.003030  0.000134  0.014907  
135.780519 0.012866  0.095041  -0.017156  0.993833  0.110802  -0.004455  -0.021282  0.230005  0.972957  0.108830  -0.966861  0.230945  0.003763  0.002459  -0.000361  -0.429684  -0.377569  0.105829  2.000000  0.999993  0.000990  0.003647  -0.003650  0.003575  0.999987  0.000977  -0.999993  0.003579  0.999934  0.003042  0.011057  -0.002916  0.999931  -0.011380  -0.011091  0.011347  0.999874  1.000000  0.000037  0.000138  -0.000037  1.000000  -0.000142  -0.000138  0.000142  1.000000  0.999993  0.000990  0.003647  -0.003650  0.003575  0.999987  0.000977  -0.999993  0.003579  0.000145  0.016145  
135.781744 0.012873  0.095044  -0.017158  0.993810  0.111033  -0.003615  -0.022305  0.231307  0.972625  0.108830  -0.966524  0.232352  0.003970  0.002490  -0.000543  -0.471092  -0.411269  0.113988  2.000000  0.999990  0.001152  0.004231  -0.004236  0.004185  0.999982  0.001134  -0.999991  0.004190  0.999922  0.003297  0.012047  -0.003144  0.999914  -0.012725  -0.012088  0.012686  0.999846  1.000000  0.000040  0.000151  -0.000040  1.000000  -0.000159  -0.000151  0.000159  1.000000  0.999990  0.001152  0.004231  -0.004236  0.004185  0.999982  0.001134  -0.999991  0.004190  0.000159  0.017817  
135.782999 0.012881  0.095045  -0.017161  0.993777  0.111349  -0.003007  -0.023123  0.232628  0.972291  0.108963  -0.966171  0.233755  0.004170  0.002450  -0.000933  -0.512833  -0.436895  0.124920  2.000000  0.999986  0.001366  0.005014  -0.005021  0.005015  0.999975  0.001341  -0.999986  0.005022  0.999911  0.003636  0.012807  -0.003458  0.999898  -0.013851  -0.012856  0.013805  0.999822  1.000000  0.000044  0.000160  -0.000044  1.000000  -0.000173  -0.000160  0.000173  1.000000  0.999986  0.001366  0.005014  -0.005021  0.005015  0.999975  0.001341  -0.999986  0.005022  0.000171  0.019196  
135.784242 0.012887  0.095047  -0.017165  0.993757  0.111537  -0.002382  -0.023941  0.234069  0.971925  0.108963  -0.965801  0.235278  0.004261  0.002333  -0.001222  -0.554914  -0.463779  0.131647  2.000000  0.999982  0.001597  0.005829  -0.005839  0.005916  0.999965  0.001562  -0.999981  0.005925  0.999909  0.003704  0.013000  -0.003508  0.999881  -0.015042  -0.013054  0.014995  0.999802  1.000000  0.000045  0.000163  -0.000045  1.000000  -0.000188  -0.000163  0.000188  1.000000  0.999982  0.001597  0.005829  -0.005839  0.005916  0.999965  0.001562  -0.999981  0.005925  0.000184  0.020207  
135.785244 0.012891  0.095048  -0.017167  0.993742  0.111679  -0.001931  -0.024555  0.235297  0.971613  0.108963  -0.965486  0.236567  0.004285  0.002290  -0.001440  -0.593219  -0.483603  0.136654  2.000000  0.999979  0.001737  0.006316  -0.006328  0.006501  0.999959  0.001696  -0.999977  0.006512  0.999909  0.003850  0.012964  -0.003642  0.999865  -0.016014  -0.013024  0.015965  0.999788  1.000000  0.000047  0.000162  -0.000047  1.000000  -0.000200  -0.000162  0.000200  1.000000  0.999979  0.001737  0.006316  -0.006328  0.006501  0.999959  0.001696  -0.999977  0.006512  0.000194  0.020943  
135.786505 0.012896  0.095049  -0.017172  0.993727  0.111822  -0.001494  -0.025169  0.236642  0.971271  0.108963  -0.965141  0.237972  0.004350  0.002085  -0.001793  -0.635568  -0.503394  0.141717  2.000000  0.999973  0.001980  0.007121  -0.007136  0.007536  0.999946  0.001926  -0.999970  0.007550  0.999908  0.004000  0.012926  -0.003780  0.999849  -0.016986  -0.012992  0.016935  0.999772  1.000000  0.000049  0.000162  -0.000049  1.000000  -0.000212  -0.000162  0.000212  1.000000  0.999973  0.001980  0.007121  -0.007136  0.007536  0.999946  0.001926  -0.999970  0.007550  0.000206  0.021698  
135.787745 0.012901  0.095049  -0.017177  0.993691  0.112145  -0.000903  -0.025987  0.238078  0.970898  0.109096  -0.964750  0.239490  0.004359  0.001816  -0.002115  -0.677558  -0.529155  0.152928  2.000000  0.999966  0.002237  0.007917  -0.007936  0.008632  0.999931  0.002169  -0.999960  0.008649  0.999911  0.004231  0.012657  -0.004002  0.999828  -0.018100  -0.012731  0.018048  0.999756  1.000000  0.000051  0.000159  -0.000051  1.000000  -0.000226  -0.000159  0.000226  1.000000  0.999966  0.002237  0.007917  -0.007936  0.008632  0.999931  0.002169  -0.999960  0.008649  0.000220  0.022469  
135.788746 0.012904  0.095048  -0.017182  0.993675  0.112291  -0.000453  -0.026600  0.239303  0.970580  0.109096  -0.964430  0.240777  0.004364  0.001608  -0.002344  -0.716080  -0.549134  0.158083  2.000000  0.999960  0.002455  0.008564  -0.008587  0.009555  0.999917  0.002373  -0.999951  0.009575  0.999905  0.004345  0.013049  -0.004100  0.999815  -0.018785  -0.013128  0.018729  0.999738  1.000000  0.000053  0.000164  -0.000053  1.000000  -0.000234  -0.000164  0.000234  1.000000  0.999960  0.002455  0.008564  -0.008587  0.009555  0.999917  0.002373  -0.999951  0.009575  0.000230  0.023261  
135.790016 0.012906  0.095046  -0.017189  0.993638  0.112617  0.000137  -0.027418  0.240738  0.970203  0.109229  -0.964035  0.242294  0.004205  0.001277  -0.002727  -0.761463  -0.575421  0.164829  2.000000  0.999952  0.002733  0.009383  -0.009412  0.010756  0.999898  0.002632  -0.999938  0.010781  0.999905  0.004367  0.013041  -0.004111  0.999799  -0.019632  -0.013124  0.019576  0.999722  1.000000  0.000053  0.000164  -0.000053  1.000000  -0.000245  -0.000164  0.000245  1.000000  0.999952  0.002733  0.009383  -0.009412  0.010756  0.999898  0.002632  -0.999938  0.010781  0.000243  0.023949  
135.791242 0.012906  0.095043  -0.017198  0.993621  0.112767  0.000544  -0.028032  0.242315  0.969793  0.109229  -0.963622  0.243931  0.003913  0.000863  -0.003177  -0.806212  -0.590965  0.168904  2.000000  0.999945  0.002951  0.010041  -0.010075  0.011768  0.999880  0.002833  -0.999926  0.011797  0.999906  0.004260  0.013066  -0.003988  0.999777  -0.020722  -0.013152  0.020668  0.999700  1.000000  0.000052  0.000164  -0.000052  1.000000  -0.000259  -0.000164  0.000259  1.000000  0.999945  0.002951  0.010041  -0.010075  0.011768  0.999880  0.002833  -0.999926  0.011797  0.000257  0.024844  
135.792493 0.012907  0.095040  -0.017208  0.993604  0.112919  0.000951  -0.028646  0.243892  0.969379  0.109229  -0.963206  0.245567  0.003583  0.000431  -0.003678  -0.853028  -0.602449  0.172586  2.000000  0.999936  0.003210  0.010851  -0.010892  0.013092  0.999855  0.003068  -0.999909  0.013126  0.999909  0.003971  0.012927  -0.003691  0.999760  -0.021589  -0.013009  0.021539  0.999683  1.000000  0.000048  0.000162  -0.000048  1.000000  -0.000270  -0.000162  0.000270  1.000000  0.999936  0.003210  0.010851  -0.010892  0.013092  0.999855  0.003068  -0.999909  0.013126  0.000265  0.025456  
135.793555 0.012907  0.095037  -0.017217  0.993592  0.113021  0.001200  -0.029055  0.245139  0.969053  0.109229  -0.962878  0.246852  0.003256  0.000041  -0.004294  -0.889222  -0.586532  0.173807  2.000000  0.999930  0.003364  0.011337  -0.011383  0.013918  0.999838  0.003206  -0.999897  0.013955  0.999906  0.004038  0.013120  -0.003745  0.999744  -0.022295  -0.013206  0.022244  0.999665  1.000000  0.000049  0.000165  -0.000049  1.000000  -0.000278  -0.000165  0.000278  1.000000  0.999930  0.003364  0.011337  -0.011383  0.013918  0.999838  0.003206  -0.999897  0.013955  0.000272  0.026163  
135.794743 0.012907  0.095034  -0.017228  0.993574  0.113175  0.001592  -0.029668  0.246831  0.968604  0.109229  -0.962427  0.248603  0.002960  -0.000334  -0.004930  -0.929061  -0.576149  0.171818  2.000000  0.999922  0.003571  0.011984  -0.012036  0.015070  0.999814  0.003390  -0.999880  0.015111  0.999906  0.004062  0.013112  -0.003753  0.999717  -0.023508  -0.013204  0.023456  0.999638  1.000000  0.000049  0.000164  -0.000049  1.000000  -0.000294  -0.000165  0.000294  1.000000  0.999922  0.003571  0.011984  -0.012036  0.015070  0.999814  0.003390  -0.999880  0.015111  0.000280  0.027203  
135.795745 0.012908  0.095032  -0.017238  0.993555  0.113330  0.002039  -0.030282  0.248054  0.968273  0.109229  -0.962094  0.249887  0.002630  -0.000679  -0.005513  -0.961410  -0.578700  0.182568  2.000000  0.999913  0.003779  0.012627  -0.012687  0.016260  0.999787  0.003573  -0.999861  0.016307  0.999909  0.004029  0.012909  -0.003716  0.999702  -0.024136  -0.013002  0.024085  0.999625  1.000000  0.000048  0.000162  -0.000048  1.000000  -0.000301  -0.000162  0.000301  1.000000  0.999913  0.003779  0.012627  -0.012687  0.016260  0.999787  0.003573  -0.999861  0.016307  0.000285  0.027647  
135.796996 0.012909  0.095030  -0.017250  0.993551  0.113360  0.002465  -0.030896  0.249749  0.967818  0.109096  -0.961652  0.251641  0.002287  -0.000960  -0.006094  -1.005488  -0.586210  0.180491  2.000000  0.999902  0.004038  0.013416  -0.013486  0.017796  0.999751  0.003798  -0.999833  0.017849  0.999914  0.003949  0.012505  -0.003635  0.999680  -0.025028  -0.012600  0.024980  0.999609  1.000000  0.000047  0.000157  -0.000047  1.000000  -0.000313  -0.000157  0.000313  1.000000  0.999902  0.004038  0.013416  -0.013486  0.017796  0.999751  0.003798  -0.999833  0.017849  0.000295  0.028238  
135.798246 0.012910  0.095027  -0.017261  0.993532  0.113520  0.002842  -0.031510  0.251557  0.967329  0.109096  -0.961162  0.253507  0.001853  -0.001242  -0.006636  -1.041004  -0.587816  0.181386  2.000000  0.999890  0.004284  0.014173  -0.014254  0.019379  0.999711  0.004008  -0.999803  0.019438  0.999924  0.003637  0.011740  -0.003337  0.999670  -0.025479  -0.011829  0.025438  0.999606  1.000000  0.000044  0.000147  -0.000044  1.000000  -0.000318  -0.000147  0.000318  1.000000  0.999890  0.004284  0.014173  -0.014254  0.019379  0.999711  0.004008  -0.999803  0.019438  0.000306  0.028273  
135.799500 0.012911  0.095025  -0.017272  0.993527  0.113553  0.003253  -0.032124  0.253368  0.966837  0.108963  -0.960682  0.255375  0.001478  -0.001549  -0.007248  -1.087419  -0.582114  0.167253  2.000000  0.999879  0.004520  0.014906  -0.014998  0.020997  0.999667  0.004206  -0.999769  0.021062  0.999925  0.003529  0.011767  -0.003219  0.999651  -0.026205  -0.011856  0.026165  0.999587  1.000000  0.000042  0.000148  -0.000042  1.000000  -0.000327  -0.000148  0.000327  1.000000  0.999879  0.004520  0.014906  -0.014998  0.020997  0.999667  0.004206  -0.999769  0.021062  0.000314  0.028928  
135.800744 0.012912  0.095022  -0.017283  0.993500  0.113769  0.003842  -0.032942  0.255033  0.966371  0.108963  -0.960216  0.257123  0.001256  -0.001716  -0.007577  -1.118345  -0.586033  0.159606  2.000000  0.999869  0.004704  0.015495  -0.015596  0.022338  0.999629  0.004356  -0.999739  0.022409  0.999925  0.003422  0.011795  -0.003101  0.999626  -0.027175  -0.011884  0.027137  0.999561  1.000000  0.000041  0.000148  -0.000041  1.000000  -0.000340  -0.000148  0.000339  1.000000  0.999869  0.004704  0.015495  -0.015596  0.022338  0.999629  0.004356  -0.999739  0.022409  0.000322  0.029808  
135.801998 0.012913  0.095019  -0.017292  0.993479  0.113935  0.004218  -0.033555  0.256837  0.965872  0.108963  -0.959715  0.258986  0.000920  -0.002037  -0.007953  -1.157627  -0.577283  0.158478  2.000000  0.999856  0.004933  0.016222  -0.016336  0.024040  0.999578  0.004541  -0.999699  0.024117  0.999927  0.003263  0.011625  -0.002943  0.999619  -0.027438  -0.011710  0.027402  0.999556  1.000000  0.000039  0.000146  -0.000039  1.000000  -0.000343  -0.000146  0.000343  1.000000  0.999856  0.004933  0.016222  -0.016336  0.024040  0.999578  0.004541  -0.999699  0.024117  0.000329  0.029965  
135.803004 0.012913  0.095016  -0.017299  0.993451  0.114176  0.004401  -0.033964  0.258309  0.965465  0.109096  -0.959292  0.260495  0.000742  -0.002213  -0.008124  -1.190341  -0.569044  0.161707  2.000000  0.999846  0.005106  0.016778  -0.016903  0.025406  0.999534  0.004678  -0.999664  0.025488  0.999934  0.003121  0.011028  -0.002816  0.999614  -0.027625  -0.011109  0.027592  0.999558  1.000000  0.000037  0.000138  -0.000037  1.000000  -0.000345  -0.000138  0.000345  1.000000  0.999846  0.005106  0.016778  -0.016903  0.025406  0.999534  0.004678  -0.999664  0.025488  0.000336  0.029897  
135.804244 0.012913  0.095012  -0.017308  0.993430  0.114345  0.004775  -0.034578  0.260111  0.964959  0.109096  -0.958784  0.262356  0.000542  -0.002386  -0.008222  -1.224471  -0.562502  0.160951  2.000000  0.999836  0.005285  0.017326  -0.017461  0.026810  0.999488  0.004818  -0.999627  0.026898  0.999934  0.003143  0.011021  -0.002829  0.999594  -0.028351  -0.011106  0.028318  0.999537  1.000000  0.000037  0.000138  -0.000037  1.000000  -0.000354  -0.000138  0.000354  1.000000  0.999836  0.005285  0.017326  -0.017461  0.026810  0.999488  0.004818  -0.999627  0.026898  0.000342  0.030569  
135.805498 0.012912  0.095007  -0.017317  0.993408  0.114516  0.005135  -0.035191  0.262030  0.964418  0.109096  -0.958241  0.264333  0.000392  -0.002558  -0.008344  -1.264922  -0.549901  0.158689  2.000000  0.999823  0.005501  0.017995  -0.018145  0.028598  0.999426  0.004983  -0.999576  0.028693  0.999937  0.003111  0.010817  -0.002798  0.999580  -0.028858  -0.010903  0.028826  0.999525  1.000000  0.000037  0.000136  -0.000037  1.000000  -0.000361  -0.000136  0.000361  1.000000  0.999823  0.005501  0.017995  -0.018145  0.028598  0.999426  0.004983  -0.999576  0.028693  0.000350  0.030965  
135.806744 0.012912  0.095001  -0.017327  0.993386  0.114689  0.005508  -0.035805  0.263830  0.963904  0.109096  -0.957726  0.266192  0.000377  -0.002698  -0.008380  -1.286733  -0.538134  0.156366  2.000000  0.999810  0.005716  0.018651  -0.018816  0.030396  0.999361  0.005145  -0.999522  0.030498  0.999941  0.003023  0.010417  -0.002720  0.999575  -0.029023  -0.010500  0.028993  0.999524  1.000000  0.000036  0.000131  -0.000036  1.000000  -0.000363  -0.000131  0.000363  1.000000  0.999810  0.005716  0.018651  -0.018816  0.030396  0.999361  0.005145  -0.999522  0.030498  0.000355  0.030975  
135.807745 0.012912  0.094997  -0.017334  0.993378  0.114733  0.005958  -0.036419  0.265284  0.963482  0.108963  -0.957320  0.267706  0.000345  -0.002774  -0.008303  -1.312947  -0.537335  0.147774  2.000000  0.999799  0.005887  0.019176  -0.019354  0.031853  0.999305  0.005272  -0.999475  0.031960  0.999939  0.002966  0.010645  -0.002652  0.999565  -0.029365  -0.010728  0.029335  0.999512  1.000000  0.000035  0.000134  -0.000035  1.000000  -0.000367  -0.000134  0.000367  1.000000  0.999799  0.005887  0.019176  -0.019354  0.031853  0.999305  0.005272  -0.999475  0.031960  0.000360  0.031366  
135.808810 0.012912  0.094994  -0.017342  0.993356  0.114908  0.006358  -0.037032  0.266849  0.963027  0.108963  -0.956864  0.269331  0.000343  -0.002808  -0.008167  -1.337355  -0.537117  0.148485  2.000000  0.999790  0.006011  0.019571  -0.019759  0.032966  0.999261  0.005361  -0.999438  0.033078  0.999939  0.002855  0.010676  -0.002533  0.999544  -0.030092  -0.010757  0.030063  0.999490  1.000000  0.000034  0.000134  -0.000034  1.000000  -0.000376  -0.000134  0.000376  1.000000  0.999790  0.006011  0.019571  -0.019759  0.032966  0.999261  0.005361  -0.999438  0.033078  0.000367  0.032048  
135.809991 0.012913  0.094991  -0.017352  0.993340  0.115014  0.006950  -0.037851  0.268744  0.962468  0.108830  -0.956320  0.271308  0.000393  -0.002883  -0.008076  -1.357749  -0.547004  0.147288  2.000000  0.999779  0.006179  0.020107  -0.020308  0.034489  0.999199  0.005481  -0.999386  0.034607  0.999937  0.002932  0.010867  -0.002597  0.999522  -0.030797  -0.010952  0.030767  0.999467  1.000000  0.000035  0.000136  -0.000035  1.000000  -0.000385  -0.000136  0.000385  1.000000  0.999779  0.006179  0.020107  -0.020308  0.034489  0.999199  0.005481  -0.999386  0.034607  0.000372  0.032781  
135.810992 0.012914  0.094988  -0.017359  0.993316  0.115194  0.007335  -0.038464  0.270424  0.961973  0.108830  -0.955825  0.273047  0.000425  -0.002907  -0.007976  -1.379497  -0.541628  0.142152  2.000000  0.999767  0.006342  0.020647  -0.020863  0.036038  0.999133  0.005592  -0.999330  0.036162  0.999937  0.002694  0.010935  -0.002350  0.999508  -0.031281  -0.011014  0.031253  0.999451  1.000000  0.000032  0.000137  -0.000032  1.000000  -0.000391  -0.000137  0.000391  1.000000  0.999767  0.006342  0.020647  -0.020863  0.036038  0.999133  0.005592  -0.999330  0.036162  0.000377  0.033239  
135.812052 0.012915  0.094986  -0.017366  0.993292  0.115374  0.007733  -0.039078  0.271986  0.961508  0.108830  -0.955360  0.274670  0.000437  -0.002912  -0.007718  -1.395670  -0.537625  0.142008  2.000000  0.999754  0.006502  0.021188  -0.021418  0.037605  0.999063  0.005699  -0.999272  0.037735  0.999937  0.002712  0.010931  -0.002369  0.999508  -0.031281  -0.011010  0.031253  0.999451  1.000000  0.000032  0.000137  -0.000032  1.000000  -0.000391  -0.000137  0.000391  1.000000  0.999754  0.006502  0.021188  -0.021418  0.037605  0.999063  0.005699  -0.999272  0.037735  0.000380  0.033239  
135.813244 0.012918  0.094984  -0.017375  0.993259  0.115616  0.008287  -0.039896  0.273873  0.960938  0.108830  -0.954791  0.276639  0.000567  -0.002871  -0.007567  -1.415429  -0.535259  0.137705  2.000000  0.999741  0.006668  0.021741  -0.021986  0.039190  0.998990  0.005809  -0.999210  0.039326  0.999932  0.002848  0.011319  -0.002485  0.999486  -0.031965  -0.011404  0.031934  0.999425  1.000000  0.000033  0.000142  -0.000033  1.000000  -0.000399  -0.000142  0.000399  1.000000  0.999741  0.006668  0.021741  -0.021986  0.039190  0.998990  0.005809  -0.999210  0.039326  0.000385  0.034021  
135.814252 0.012921  0.094984  -0.017381  0.993226  0.115856  0.008881  -0.040714  0.275409  0.960465  0.108830  -0.954320  0.278260  0.000733  -0.002783  -0.007344  -1.432602  -0.544610  0.141168  2.000000  0.999728  0.006839  0.022305  -0.022566  0.040796  0.998913  0.005922  -0.999144  0.040939  0.999929  0.002925  0.011510  -0.002551  0.999471  -0.032428  -0.011599  0.032396  0.999408  1.000000  0.000034  0.000144  -0.000034  1.000000  -0.000405  -0.000144  0.000405  1.000000  0.999728  0.006839  0.022305  -0.022566  0.040796  0.998913  0.005922  -0.999144  0.040939  0.000389  0.034525  
135.815500 0.012925  0.094982  -0.017388  0.993192  0.116104  0.009419  -0.041532  0.277410  0.959854  0.108830  -0.953711  0.280343  0.000858  -0.002713  -0.007156  -1.450910  -0.541325  0.141250  2.000000  0.999710  0.007058  0.023016  -0.023297  0.042799  0.998812  0.006064  -0.999059  0.042951  0.999929  0.002949  0.011504  -0.002579  0.999482  -0.032064  -0.011592  0.032032  0.999420  1.000000  0.000035  0.000144  -0.000035  1.000000  -0.000401  -0.000144  0.000401  1.000000  0.999710  0.007058  0.023016  -0.023297  0.042799  0.998812  0.006064  -0.999059  0.042951  0.000393  0.034184  
135.816747 0.012928  0.094980  -0.017396  0.993164  0.116283  0.010204  -0.042554  0.279274  0.959268  0.108697  -0.953144  0.282313  0.001049  -0.002650  -0.007023  -1.465605  -0.555402  0.141503  2.000000  0.999695  0.007238  0.023596  -0.023895  0.044422  0.998727  0.006181  -0.998987  0.044581  0.999925  0.003090  0.011890  -0.002698  0.999456  -0.032869  -0.011985  0.032835  0.999389  1.000000  0.000036  0.000149  -0.000036  1.000000  -0.000411  -0.000149  0.000411  1.000000  0.999695  0.007238  0.023596  -0.023895  0.044422  0.998727  0.006181  -0.998987  0.044581  0.000399  0.035080  
135.817998 0.012931  0.094977  -0.017403  0.993119  0.116593  0.010951  -0.043577  0.281132  0.958679  0.108697  -0.952560  0.284278  0.001231  -0.002606  -0.006904  -1.481070  -0.562927  0.140017  2.000000  0.999676  0.007468  0.024351  -0.024672  0.046473  0.998615  0.006326  -0.998892  0.046642  0.999917  0.003161  0.012510  -0.002746  0.999450  -0.033046  -0.012608  0.033009  0.999376  1.000000  0.000037  0.000157  -0.000037  1.000000  -0.000413  -0.000157  0.000413  1.000000  0.999676  0.007468  0.024351  -0.024672  0.046473  0.998615  0.006326  -0.998892  0.046642  0.000404  0.035466  
135.819000 0.012934  0.094974  -0.017407  0.993083  0.116845  0.011542  -0.044395  0.282663  0.958191  0.108697  -0.952076  0.285895  0.001440  -0.002545  -0.006736  -1.492647  -0.569367  0.142698  2.000000  0.999659  0.007663  0.024970  -0.025310  0.048121  0.998521  0.006450  -0.998812  0.048299  0.999914  0.003369  0.012663  -0.002947  0.999446  -0.033147  -0.012767  0.033107  0.999370  1.000000  0.000040  0.000159  -0.000039  1.000000  -0.000414  -0.000159  0.000414  1.000000  0.999659  0.007663  0.024970  -0.025310  0.048121  0.998521  0.006450  -0.998812  0.048299  0.000407  0.035632  
135.820247 0.012937  0.094970  -0.017413  0.993051  0.117034  0.012326  -0.045417  0.284524  0.957593  0.108564  -0.951498  0.287862  0.001694  -0.002471  -0.006460  -1.510176  -0.583540  0.138366  2.000000  0.999637  0.007915  0.025764  -0.026129  0.050188  0.998398  0.006609  -0.998708  0.050377  0.999909  0.003383  0.013087  -0.002946  0.999444  -0.033225  -0.013192  0.033184  0.999362  1.000000  0.000040  0.000164  -0.000040  1.000000  -0.000415  -0.000164  0.000415  1.000000  0.999637  0.007915  0.025764  -0.026129  0.050188  0.998398  0.006609  -0.998708  0.050377  0.000411  0.035857  
135.821497 0.012940  0.094967  -0.017417  0.993004  0.117356  0.013055  -0.046440  0.286493  0.956956  0.108564  -0.950868  0.289939  0.001924  -0.002304  -0.006055  -1.521862  -0.597461  0.143567  2.000000  0.999613  0.008174  0.026571  -0.026963  0.052256  0.998270  0.006772  -0.998600  0.052456  0.999906  0.003599  0.013236  -0.003159  0.999448  -0.033084  -0.013348  0.033039  0.999365  1.000000  0.000042  0.000166  -0.000042  1.000000  -0.000413  -0.000166  0.000413  1.000000  0.999613  0.008174  0.026571  -0.026963  0.052256  0.998270  0.006772  -0.998600  0.052456  0.000416  0.035801  
135.822808 0.012944  0.094964  -0.017420  0.992956  0.117681  0.013783  -0.047462  0.288461  0.956315  0.108564  -0.950232  0.292014  0.002171  -0.002210  -0.005586  -1.534643  -0.607478  0.147595  2.000000  0.999589  0.008445  0.027394  -0.027813  0.054324  0.998136  0.006941  -0.998488  0.054537  0.999900  0.003747  0.013620  -0.003292  0.999441  -0.033284  -0.013737  0.033235  0.999353  1.000000  0.000044  0.000171  -0.000044  1.000000  -0.000416  -0.000171  0.000416  1.000000  0.999589  0.008445  0.027394  -0.027813  0.054324  0.998136  0.006941  -0.998488  0.054537  0.000421  0.036142  
135.823993 0.012947  0.094961  -0.017423  0.992906  0.118008  0.014524  -0.048484  0.290311  0.955703  0.108564  -0.949628  0.293973  0.002377  -0.002163  -0.005249  -1.547081  -0.623132  0.153276  2.000000  0.999568  0.008672  0.028076  -0.028518  0.056005  0.998023  0.007083  -0.998393  0.056228  0.999894  0.003897  0.014003  -0.003420  0.999417  -0.033968  -0.014127  0.033916  0.999325  1.000000  0.000046  0.000176  -0.000046  1.000000  -0.000424  -0.000176  0.000424  1.000000  0.999568  0.008672  0.028076  -0.028518  0.056005  0.998023  0.007083  -0.998393  0.056228  0.000425  0.036931  
135.825246 0.012951  0.094957  -0.017428  0.992856  0.118340  0.015250  -0.049506  0.292275  0.955052  0.108564  -0.948984  0.296046  0.002558  -0.002167  -0.004926  -1.567465  -0.631392  0.156853  2.000000  0.999546  0.008905  0.028785  -0.029251  0.057696  0.997906  0.007226  -0.998294  0.057930  0.999885  0.003981  0.014620  -0.003482  0.999415  -0.034022  -0.014747  0.033967  0.999314  1.000000  0.000047  0.000184  -0.000047  1.000000  -0.000425  -0.000184  0.000425  1.000000  0.999546  0.008905  0.028785  -0.029251  0.057696  0.997906  0.007226  -0.998294  0.057930  0.000428  0.037227  
135.826303 0.012954  0.094955  -0.017431  0.992815  0.118608  0.015835  -0.050323  0.293799  0.954542  0.108564  -0.948480  0.297657  0.002641  -0.002165  -0.004642  -1.566506  -0.646169  0.162218  2.000000  0.999523  0.009144  0.029508  -0.030000  0.059389  0.997784  0.007371  -0.998193  0.059635  0.999882  0.004067  0.014809  -0.003560  0.999411  -0.034122  -0.014939  0.034065  0.999308  1.000000  0.000048  0.000186  -0.000048  1.000000  -0.000426  -0.000186  0.000426  1.000000  0.999523  0.009144  0.029508  -0.030000  0.059389  0.997784  0.007371  -0.998193  0.059635  0.000432  0.037401  
135.827552 0.012958  0.094952  -0.017436  0.992777  0.118820  0.016598  -0.051346  0.295767  0.953879  0.108431  -0.947842  0.299731  0.002739  -0.002177  -0.004388  -1.574481  -0.652645  0.165514  2.000000  0.999498  0.009393  0.030255  -0.030773  0.061102  0.997657  0.007522  -0.998087  0.061360  0.999872  0.004283  0.015386  -0.003748  0.999392  -0.034663  -0.015525  0.034601  0.999281  1.000000  0.000050  0.000193  -0.000050  1.000000  -0.000433  -0.000193  0.000433  1.000000  0.999498  0.009393  0.030255  -0.030773  0.061102  0.997657  0.007522  -0.998087  0.061360  0.000434  0.038146  
135.828740 0.012962  0.094950  -0.017442  0.992724  0.119163  0.017319  -0.052368  0.297726  0.953214  0.108431  -0.947185  0.301800  0.002797  -0.002252  -0.004299  -1.586490  -0.667849  0.171368  2.000000  0.999472  0.009645  0.031025  -0.031571  0.062839  0.997524  0.007671  -0.997977  0.063110  0.999866  0.004311  0.015808  -0.003754  0.999377  -0.035105  -0.015949  0.035041  0.999259  1.000000  0.000050  0.000199  -0.000050  1.000000  -0.000439  -0.000199  0.000439  1.000000  0.999472  0.009645  0.031025  -0.031571  0.062839  0.997524  0.007671  -0.997977  0.063110  0.000438  0.038720  
135.829747 0.012965  0.094948  -0.017447  0.992695  0.119312  0.017942  -0.053186  0.299253  0.952690  0.108298  -0.946685  0.303413  0.002813  -0.002390  -0.004247  -1.592629  -0.673522  0.174131  2.000000  0.999445  0.009909  0.031805  -0.032379  0.064584  0.997387  0.007829  -0.997863  0.064869  0.999862  0.004527  0.015955  -0.003963  0.999372  -0.035207  -0.016104  0.035139  0.999253  1.000000  0.000053  0.000200  -0.000053  1.000000  -0.000440  -0.000200  0.000440  1.000000  0.999445  0.009909  0.031805  -0.032379  0.064584  0.997387  0.007829  -0.997863  0.064869  0.000439  0.038896  
135.831001 0.012968  0.094944  -0.017455  0.992639  0.119658  0.018676  -0.054208  0.301094  0.952053  0.108298  -0.946057  0.305364  0.002814  -0.002498  -0.004239  -1.593888  -0.685811  0.179233  2.000000  0.999410  0.010238  0.032786  -0.033398  0.066734  0.997212  0.008021  -0.997718  0.067037  0.999862  0.004435  0.015986  -0.003881  0.999398  -0.034481  -0.016129  0.034414  0.999278  1.000000  0.000052  0.000201  -0.000052  1.000000  -0.000431  -0.000201  0.000431  1.000000  0.999410  0.010238  0.032786  -0.033398  0.066734  0.997212  0.008021  -0.997718  0.067037  0.000444  0.038242  
135.832247 0.012971  0.094941  -0.017462  0.992594  0.119949  0.019198  -0.055025  0.303073  0.951377  0.108298  -0.945388  0.307429  0.002795  -0.002579  -0.004206  -1.603914  -0.693086  0.182930  2.000000  0.999374  0.010577  0.033765  -0.034415  0.068871  0.997032  0.008220  -0.997570  0.069192  0.999862  0.004597  0.015935  -0.004045  0.999397  -0.034483  -0.016084  0.034414  0.999278  1.000000  0.000054  0.000200  -0.000054  1.000000  -0.000431  -0.000200  0.000431  1.000000  0.999374  0.010577  0.033765  -0.034415  0.068871  0.997032  0.008220  -0.997570  0.069192  0.000445  0.038241  
135.833248 0.012973  0.094937  -0.017467  0.992563  0.120108  0.019804  -0.055844  0.304712  0.950806  0.108165  -0.944841  0.309153  0.002750  -0.002597  -0.004227  -1.608270  -0.707629  0.179156  2.000000  0.999351  0.010783  0.034362  -0.035035  0.070160  0.996920  0.008339  -0.997477  0.070492  0.999856  0.004623  0.016358  -0.004052  0.999386  -0.034804  -0.016509  0.034733  0.999260  1.000000  0.000054  0.000205  -0.000054  1.000000  -0.000435  -0.000205  0.000435  1.000000  0.999351  0.010783  0.034362  -0.035035  0.070160  0.996920  0.008339  -0.997477  0.070492  0.000447  0.038710  
135.834506 0.012975  0.094932  -0.017475  0.992505  0.120467  0.020520  -0.056865  0.306663  0.950118  0.108165  -0.944164  0.311215  0.002678  -0.002696  -0.004331  -1.614235  -0.720127  0.184513  2.000000  0.999313  0.011130  0.035362  -0.036076  0.072308  0.996730  0.008537  -0.997320  0.072660  0.999856  0.004659  0.016348  -0.004092  0.999394  -0.034562  -0.016499  0.034490  0.999269  1.000000  0.000055  0.000205  -0.000055  1.000000  -0.000432  -0.000205  0.000432  1.000000  0.999313  0.011130  0.035362  -0.036076  0.072308  0.996730  0.008537  -0.997320  0.072660  0.000450  0.038492  
135.835749 0.012978  0.094927  -0.017482  0.992461  0.120700  0.021291  -0.057888  0.308505  0.949460  0.108032  -0.943534  0.313166  0.002628  -0.002797  -0.004559  -1.615540  -0.735025  0.186049  2.000000  0.999273  0.011476  0.036365  -0.037120  0.074446  0.996534  0.008729  -0.997159  0.074818  0.999855  0.004566  0.016380  -0.003999  0.999399  -0.034441  -0.016528  0.034370  0.999272  1.000000  0.000054  0.000206  -0.000054  1.000000  -0.000430  -0.000206  0.000430  1.000000  0.999273  0.011476  0.036365  -0.037120  0.074446  0.996534  0.008729  -0.997159  0.074818  0.000451  0.038387  
135.836997 0.012979  0.094921  -0.017491  0.992415  0.120938  0.022061  -0.058910  0.310345  0.948797  0.107899  -0.942900  0.315115  0.002505  -0.003013  -0.004883  -1.616422  -0.740530  0.189212  2.000000  0.999231  0.011826  0.037375  -0.038173  0.076579  0.996333  0.008921  -0.996993  0.076971  0.999852  0.004666  0.016564  -0.004094  0.999399  -0.034420  -0.016715  0.034347  0.999270  1.000000  0.000055  0.000208  -0.000055  1.000000  -0.000430  -0.000208  0.000430  1.000000  0.999231  0.011826  0.037375  -0.038173  0.076579  0.996333  0.008921  -0.996993  0.076971  0.000454  0.038458  
