1-Time 2-Px 3-Py 4-Pz 5-R11 6-R21 7-R31 8-R12 9-R22 10-R32 11-R13 12-R23 13-R33 14-Vx 15-Vy 16-Vz 17-Wx 18-Wy 19-Wz 20-state 21-PR11 22-PR21 23-PR31 24-PR12 25-PR22 26-PR32 27-PR13 28-PR23 29-PR33 
156.782969 0.004837  0.091976  -0.006902  0.998875  0.047032  -0.006006  -0.047126  0.998751  -0.016595  0.005218  0.016859  0.999844  -0.000008  -0.000164  0.000110  0.000000  0.000000  0.000000  2.000000  1.000000  0.000000  0.000000  -0.000000  1.000000  0.000000  0.000000  -0.000000  1.000000  1.000000  -0.000412  0.000007  0.000412  1.000000  -0.000002  -0.000007  0.000002  1.000000  1.000000  0.000000  0.000000  0.000000  1.000000  0.000000  0.000000  0.000000  1.000000  0.682690  0.611506  -0.399993  -0.610560  0.778114  0.147499  0.401436  0.143523  0.904572  0.000000  0.000000  
156.783976 0.004837  0.091975  -0.006903  0.998875  0.047032  -0.006006  -0.047126  0.998751  -0.016595  0.005218  0.016859  0.999844  0.000013  -0.000191  0.000086  0.000000  0.000000  0.000000  2.000000  1.000000  0.000000  0.000000  0.000000  1.000000  0.000000  0.000000  0.000000  1.000000  1.000000  -0.000412  0.000007  0.000412  1.000000  -0.000002  -0.000007  0.000002  1.000000  1.000000  0.000000  0.000000  0.000000  1.000000  0.000000  0.000000  0.000000  1.000000  1.000000  0.000000  0.000000  0.000000  1.000000  0.000000  0.000000  0.000000  1.000000  0.000000  0.000000  
156.784977 0.004837  0.091974  -0.006905  0.998866  0.047238  -0.006010  -0.047332  0.998741  -0.016594  0.005218  0.016859  0.999844  0.000038  -0.000277  -0.000019  0.000000  0.000000  0.000000  2.000000  1.000000  0.000000  0.000000  0.000000  1.000000  0.000000  0.000000  0.000000  1.000000  1.000000  -0.000206  0.000003  0.000206  1.000000  -0.000001  -0.000003  0.000001  1.000000  1.000000  0.000000  0.000000  0.000000  1.000000  0.000000  0.000000  0.000000  1.000000  1.000000  0.000000  0.000000  0.000000  1.000000  0.000000  0.000000  0.000000  1.000000  0.000000  0.000000  
156.786233 0.004837  0.091970  -0.006908  0.998856  0.047444  -0.006013  -0.047538  0.998732  -0.016592  0.005218  0.016859  0.999844  0.000017  -0.000478  -0.000277  0.000000  0.000000  0.000000  2.000000  1.000000  0.000000  0.000000  0.000000  1.000000  0.000000  0.000000  0.000000  1.000000  1.000000  0.000000  -0.000000  -0.000000  1.000000  0.000000  0.000000  -0.000000  1.000000  1.000000  0.000000  0.000000  0.000000  1.000000  0.000000  0.000000  0.000000  1.000000  1.000000  0.000000  0.000000  0.000000  1.000000  0.000000  0.000000  0.000000  1.000000  0.000000  0.000000  
156.787481 0.004837  0.091967  -0.006912  0.998846  0.047649  -0.006016  -0.047743  0.998722  -0.016591  0.005218  0.016859  0.999844  0.000047  -0.000670  -0.000532  0.000000  0.000000  0.000000  2.000000  1.000000  0.000000  0.000000  0.000000  1.000000  0.000000  0.000000  0.000000  1.000000  1.000000  0.000206  -0.000003  -0.000206  1.000000  0.000001  0.000003  -0.000001  1.000000  1.000000  0.000000  0.000000  0.000000  1.000000  0.000000  0.000000  0.000000  1.000000  1.000000  0.000000  0.000000  0.000000  1.000000  0.000000  0.000000  0.000000  1.000000  0.000000  0.000000  
156.788724 0.004838  0.091965  -0.006915  0.998846  0.047649  -0.006016  -0.047743  0.998722  -0.016591  0.005218  0.016859  0.999844  0.000140  -0.000829  -0.000764  0.000000  0.000000  0.000000  2.000000  1.000000  0.000000  0.000000  0.000000  1.000000  0.000000  0.000000  0.000000  1.000000  1.000000  0.000206  -0.000003  -0.000206  1.000000  0.000001  0.000003  -0.000001  1.000000  1.000000  0.000000  0.000000  0.000000  1.000000  0.000000  0.000000  0.000000  1.000000  1.000000  0.000000  0.000000  0.000000  1.000000  0.000000  0.000000  0.000000  1.000000  0.000000  0.000000  
156.789728 0.004840  0.091963  -0.006918  0.998836  0.047854  -0.006026  -0.047949  0.998710  -0.016711  0.005218  0.016981  0.999842  0.000220  -0.000973  -0.000952  0.000000  0.000000  0.000000  2.000000  1.000000  0.000000  0.000000  0.000000  1.000000  0.000000  0.000000  0.000000  1.000000  1.000000  0.000412  -0.000007  -0.000412  1.000000  -0.000119  0.000007  0.000119  1.000000  1.000000  0.000000  0.000000  0.000000  1.000000  0.000000  0.000000  0.000000  1.000000  1.000000  0.000000  0.000000  0.000000  1.000000  0.000000  0.000000  0.000000  1.000000  0.000000  0.000000  
156.790728 0.004841  0.091961  -0.006921  0.998826  0.048057  -0.006163  -0.048155  0.998700  -0.016703  0.005352  0.016981  0.999841  0.000304  -0.001096  -0.001184  0.000000  0.000000  0.000000  2.000000  1.000000  0.000000  0.000000  0.000000  1.000000  0.000000  0.000000  0.000000  1.000000  1.000000  0.000615  -0.000144  -0.000615  1.000000  -0.000118  0.000144  0.000118  1.000000  1.000000  0.000000  0.000000  0.000000  1.000000  0.000000  0.000000  0.000000  1.000000  1.000000  0.000000  0.000000  0.000000  1.000000  0.000000  0.000000  0.000000  1.000000  0.000000  0.000000  
156.791977 0.004843  0.091958  -0.006925  0.998806  0.048469  -0.006170  -0.048566  0.998680  -0.016701  0.005352  0.016981  0.999841  0.000470  -0.001272  -0.001436  0.000000  0.000000  0.000000  2.000000  1.000000  0.000000  0.000000  0.000000  1.000000  0.000000  0.000000  0.000000  1.000000  0.999999  0.001027  -0.000151  -0.001027  0.999999  -0.000116  0.000151  0.000116  1.000000  1.000000  0.000000  0.000000  0.000000  1.000000  0.000000  0.000000  0.000000  1.000000  1.000000  0.000000  0.000000  0.000000  1.000000  0.000000  0.000000  0.000000  1.000000  0.000000  0.000000  
156.792978 0.004845  0.091956  -0.006928  0.998796  0.048674  -0.006179  -0.048771  0.998668  -0.016821  0.005352  0.017102  0.999839  0.000568  -0.001400  -0.001705  0.000000  0.000000  0.000000  2.000000  1.000000  0.000000  0.000000  0.000000  1.000000  0.000000  0.000000  0.000000  1.000000  0.999999  0.001439  -0.000158  -0.001439  0.999999  -0.000235  0.000158  0.000235  1.000000  1.000000  0.000000  0.000000  0.000000  1.000000  0.000000  0.000000  0.000000  1.000000  1.000000  0.000000  0.000000  0.000000  1.000000  0.000000  0.000000  0.000000  1.000000  0.000000  0.000000  
156.794235 0.004846  0.091952  -0.006935  0.998775  0.049085  -0.006186  -0.049183  0.998648  -0.016818  0.005352  0.017102  0.999839  0.000671  -0.001642  -0.002129  0.000000  0.000000  0.000000  2.000000  1.000000  0.000000  0.000000  0.000000  1.000000  0.000000  0.000000  0.000000  1.000000  0.999998  0.001850  -0.000165  -0.001850  0.999998  -0.000233  0.000165  0.000233  1.000000  1.000000  0.000000  0.000000  0.000000  1.000000  0.000000  0.000000  0.000000  1.000000  1.000000  0.000000  0.000000  0.000000  1.000000  0.000000  0.000000  0.000000  1.000000  0.000000  0.000000  
156.795479 0.004849  0.091949  -0.006940  0.998755  0.049495  -0.006199  -0.049594  0.998626  -0.016937  0.005352  0.017223  0.999837  0.000828  -0.001808  -0.002526  0.000000  0.000000  0.000000  2.000000  1.000000  0.000000  0.000000  0.000000  1.000000  0.000000  0.000000  0.000000  1.000000  0.999997  0.002262  -0.000172  -0.002262  0.999997  -0.000230  0.000172  0.000231  1.000000  1.000000  0.000000  0.000000  0.000000  1.000000  0.000000  0.000000  0.000000  1.000000  1.000000  0.000000  0.000000  0.000000  1.000000  0.000000  0.000000  0.000000  1.000000  0.000000  0.000000  
156.796728 0.004851  0.091947  -0.006946  0.998735  0.049906  -0.006206  -0.050005  0.998605  -0.016934  0.005352  0.017223  0.999837  0.000986  -0.001974  -0.002923  0.000000  0.000000  0.000000  2.000000  1.000000  0.000000  0.000000  0.000000  1.000000  0.000000  0.000000  0.000000  1.000000  0.999997  0.002468  -0.000176  -0.002468  0.999997  -0.000351  0.000175  0.000351  1.000000  1.000000  0.000000  0.000000  0.000000  1.000000  0.000000  0.000000  0.000000  1.000000  1.000000  0.000000  0.000000  0.000000  1.000000  0.000000  0.000000  0.000000  1.000000  0.000000  0.000000  
156.797728 0.004853  0.091944  -0.006951  0.998724  0.050109  -0.006349  -0.050211  0.998593  -0.017047  0.005486  0.017344  0.999835  0.001108  -0.002188  -0.003295  0.000000  0.000000  0.000000  2.000000  1.000000  0.000000  0.000000  0.000000  1.000000  0.000000  0.000000  0.000000  1.000000  0.999996  0.002877  -0.000318  -0.002877  0.999996  -0.000469  0.000316  0.000470  1.000000  1.000000  0.000000  0.000000  0.000000  1.000000  0.000000  0.000000  0.000000  1.000000  1.000000  0.000000  0.000000  0.000000  1.000000  0.000000  0.000000  0.000000  1.000000  0.000000  0.000000  
156.798976 0.004855  0.091939  -0.006959  0.998703  0.050519  -0.006362  -0.050622  0.998570  -0.017166  0.005486  0.017466  0.999832  0.001207  -0.002467  -0.003814  0.000000  0.000000  0.000000  2.000000  1.000000  0.000000  0.000000  0.000000  1.000000  0.000000  0.000000  0.000000  1.000000  0.999995  0.003289  -0.000325  -0.003289  0.999994  -0.000588  0.000323  0.000589  1.000000  1.000000  0.000000  0.000000  0.000000  1.000000  0.000000  0.000000  0.000000  1.000000  1.000000  0.000000  0.000000  0.000000  1.000000  0.000000  0.000000  0.000000  1.000000  0.000000  0.000000  
156.800225 0.004857  0.091934  -0.006966  0.998682  0.050930  -0.006375  -0.051033  0.998547  -0.017284  0.005486  0.017587  0.999830  0.001389  -0.002570  -0.004070  0.000000  0.000000  0.000000  2.000000  1.000000  0.000000  0.000000  0.000000  1.000000  0.000000  0.000000  0.000000  1.000000  0.999993  0.003700  -0.000333  -0.003701  0.999993  -0.000707  0.000330  0.000709  1.000000  1.000000  0.000000  0.000000  0.000000  1.000000  0.000000  0.000000  0.000000  1.000000  1.000000  0.000000  0.000000  0.000000  1.000000  0.000000  0.000000  0.000000  1.000000  0.000000  0.000000  
156.801226 0.004859  0.091931  -0.006971  0.998661  0.051340  -0.006389  -0.051444  0.998524  -0.017403  0.005486  0.017708  0.999828  0.001517  -0.002619  -0.004180  0.000000  0.000000  0.000000  2.000000  1.000000  0.000000  0.000000  0.000000  1.000000  0.000000  0.000000  0.000000  1.000000  0.999992  0.003906  -0.000337  -0.003906  0.999992  -0.000827  0.000334  0.000829  1.000000  1.000000  0.000000  0.000000  0.000000  1.000000  0.000000  0.000000  0.000000  1.000000  1.000000  0.000000  0.000000  0.000000  1.000000  0.000000  0.000000  0.000000  1.000000  0.000000  0.000000  
156.802234 0.004862  0.091928  -0.006976  0.998650  0.051545  -0.006398  -0.051650  0.998512  -0.017523  0.005486  0.017829  0.999826  0.001680  -0.002693  -0.004317  0.000000  0.000000  0.000000  2.000000  1.000000  0.000000  0.000000  0.000000  1.000000  0.000000  0.000000  0.000000  1.000000  0.999990  0.004524  -0.000348  -0.004524  0.999989  -0.000945  0.000344  0.000947  0.999999  1.000000  0.000000  0.000000  0.000000  1.000000  0.000000  0.000000  0.000000  1.000000  1.000000  0.000000  0.000000  0.000000  1.000000  0.000000  0.000000  0.000000  1.000000  0.000000  0.000000  
156.803499 0.004865  0.091923  -0.006981  0.998629  0.051955  -0.006412  -0.052061  0.998488  -0.017641  0.005486  0.017951  0.999824  0.001796  -0.002831  -0.004468  0.000000  0.000000  0.000000  2.000000  1.000000  0.000000  0.000000  0.000000  1.000000  0.000000  0.000000  0.000000  1.000000  0.999988  0.004935  -0.000356  -0.004936  0.999987  -0.001064  0.000351  0.001066  0.999999  1.000000  0.000000  0.000000  0.000000  1.000000  0.000000  0.000000  0.000000  1.000000  1.000000  0.000000  0.000000  0.000000  1.000000  0.000000  0.000000  0.000000  1.000000  0.000000  0.000000  
156.804723 0.004869  0.091919  -0.006987  0.998596  0.052571  -0.006429  -0.052678  0.998454  -0.017758  0.005486  0.018072  0.999822  0.001951  -0.002932  -0.004596  -0.039807  0.012135  0.179726  2.000000  1.000000  0.000111  0.000165  -0.000111  1.000000  -0.000043  -0.000165  0.000043  1.000000  0.999986  0.005347  -0.000364  -0.005347  0.999985  -0.001183  0.000358  0.001185  0.999999  1.000000  0.000037  0.000056  -0.000037  1.000000  -0.000015  -0.000056  0.000015  1.000000  1.000000  0.000111  0.000165  -0.000111  1.000000  -0.000043  -0.000165  0.000043  1.000000  0.000044  0.005489  
156.805731 0.004873  0.091915  -0.006992  0.998586  0.052778  -0.006306  -0.052883  0.998441  -0.017885  0.005352  0.018193  0.999820  0.002150  -0.003063  -0.004754  -0.043846  0.007769  0.186664  2.000000  1.000000  0.000260  0.000393  -0.000260  1.000000  -0.000105  -0.000393  0.000105  1.000000  0.999985  0.005555  -0.000235  -0.005555  0.999984  -0.001304  0.000228  0.001306  0.999999  1.000000  0.000037  0.000059  -0.000037  1.000000  -0.000016  -0.000059  0.000016  1.000000  1.000000  0.000260  0.000393  -0.000260  1.000000  -0.000105  -0.000393  0.000105  1.000000  0.000048  0.005711  
156.806736 0.004876  0.091911  -0.006998  0.998564  0.053189  -0.006320  -0.053295  0.998417  -0.018004  0.005352  0.018315  0.999818  0.002229  -0.003208  -0.004942  -0.047554  0.007974  0.199262  2.000000  1.000000  0.000371  0.000569  -0.000371  1.000000  -0.000157  -0.000569  0.000157  1.000000  0.999985  0.005555  -0.000235  -0.005555  0.999984  -0.001426  0.000228  0.001427  0.999999  1.000000  0.000037  0.000059  -0.000037  1.000000  -0.000018  -0.000059  0.000018  1.000000  1.000000  0.000371  0.000569  -0.000371  1.000000  -0.000157  -0.000569  0.000157  1.000000  0.000050  0.005740  
156.807976 0.004880  0.091906  -0.007005  0.998553  0.053393  -0.006336  -0.053500  0.998401  -0.018245  0.005352  0.018557  0.999813  0.002378  -0.003357  -0.005135  -0.055985  0.008173  0.207493  2.000000  0.999999  0.000564  0.000874  -0.000564  1.000000  -0.000252  -0.000874  0.000252  1.000000  0.999983  0.005761  -0.000240  -0.005761  0.999982  -0.001546  0.000231  0.001547  0.999999  1.000000  0.000039  0.000061  -0.000039  1.000000  -0.000019  -0.000061  0.000019  1.000000  0.999999  0.000564  0.000874  -0.000564  1.000000  -0.000252  -0.000874  0.000252  1.000000  0.000053  0.005970  
156.808979 0.004884  0.091900  -0.007012  0.998542  0.053597  -0.006346  -0.053706  0.998388  -0.018364  0.005352  0.018678  0.999811  0.002530  -0.003519  -0.005258  -0.060000  0.008305  0.214319  2.000000  0.999999  0.000721  0.001122  -0.000721  1.000000  -0.000336  -0.001122  0.000335  0.999999  0.999982  0.005967  -0.000244  -0.005967  0.999981  -0.001666  0.000235  0.001667  0.999999  1.000000  0.000040  0.000063  -0.000040  1.000000  -0.000021  -0.000063  0.000021  1.000000  0.999999  0.000721  0.001122  -0.000721  1.000000  -0.000336  -0.001122  0.000335  0.999999  0.000055  0.006200  
156.810238 0.004888  0.091895  -0.007020  0.998520  0.054008  -0.006361  -0.054117  0.998364  -0.018483  0.005352  0.018800  0.999809  0.002676  -0.003709  -0.005426  -0.063987  0.008563  0.228094  2.000000  0.999999  0.000925  0.001444  -0.000924  0.999999  -0.000448  -0.001444  0.000447  0.999999  0.999981  0.006172  -0.000249  -0.006173  0.999979  -0.001786  0.000238  0.001788  0.999998  1.000000  0.000041  0.000065  -0.000041  1.000000  -0.000022  -0.000065  0.000022  1.000000  0.999999  0.000925  0.001444  -0.000924  0.999999  -0.000448  -0.001444  0.000447  0.999999  0.000059  0.006431  
156.811479 0.004893  0.091889  -0.007028  0.998498  0.054418  -0.006375  -0.054528  0.998339  -0.018601  0.005352  0.018921  0.999807  0.002799  -0.003897  -0.005532  -0.067968  0.008950  0.248895  2.000000  0.999998  0.001127  0.001773  -0.001126  0.999999  -0.000561  -0.001773  0.000559  0.999998  0.999981  0.006175  -0.000117  -0.006175  0.999979  -0.001907  0.000105  0.001908  0.999998  1.000000  0.000040  0.000066  -0.000040  1.000000  -0.000024  -0.000066  0.000024  1.000000  0.999998  0.001127  0.001773  -0.001126  0.999999  -0.000561  -0.001773  0.000559  0.999998  0.000063  0.006464  
156.812729 0.004896  0.091883  -0.007035  0.998487  0.054625  -0.006252  -0.054734  0.998325  -0.018728  0.005218  0.019042  0.999805  0.002957  -0.004038  -0.005543  -0.072028  0.004594  0.255905  2.000000  0.999997  0.001325  0.002101  -0.001323  0.999999  -0.000686  -0.002102  0.000683  0.999998  0.999981  0.006175  -0.000118  -0.006175  0.999979  -0.002029  0.000105  0.002029  0.999998  1.000000  0.000040  0.000066  -0.000040  1.000000  -0.000025  -0.000066  0.000025  1.000000  0.999997  0.001325  0.002101  -0.001323  0.999999  -0.000686  -0.002102  0.000683  0.999998  0.000066  0.006501  
156.813978 0.004900  0.091878  -0.007040  0.998476  0.054829  -0.006269  -0.054939  0.998309  -0.018969  0.005218  0.019285  0.999800  0.003016  -0.004112  -0.005419  -0.080161  0.004752  0.262880  2.000000  0.999996  0.001513  0.002429  -0.001511  0.999999  -0.000816  -0.002431  0.000812  0.999997  0.999982  0.005972  0.000019  -0.005972  0.999980  -0.002152  -0.000032  0.002152  0.999998  1.000000  0.000037  0.000065  -0.000037  1.000000  -0.000027  -0.000065  0.000027  1.000000  0.999996  0.001513  0.002429  -0.001511  0.999999  -0.000816  -0.002431  0.000812  0.999997  0.000069  0.006348  
156.815226 0.004903  0.091872  -0.007046  0.998465  0.055036  -0.006152  -0.055145  0.998293  -0.019218  0.005084  0.019527  0.999796  0.003112  -0.004156  -0.005342  -0.088418  0.000162  0.256189  2.000000  0.999995  0.001660  0.002686  -0.001658  0.999998  -0.000930  -0.002688  0.000926  0.999996  0.999982  0.005972  0.000017  -0.005972  0.999979  -0.002394  -0.000032  0.002394  0.999997  1.000000  0.000037  0.000065  -0.000037  1.000000  -0.000030  -0.000065  0.000030  1.000000  0.999995  0.001660  0.002686  -0.001658  0.999998  -0.000930  -0.002688  0.000926  0.999996  0.000069  0.006434  
156.816476 0.004908  0.091868  -0.007052  0.998454  0.055240  -0.006170  -0.055350  0.998277  -0.019458  0.005084  0.019770  0.999792  0.003161  -0.004165  -0.005295  -0.095696  0.000317  0.260810  2.000000  0.999994  0.001832  0.003003  -0.001829  0.999998  -0.001083  -0.003005  0.001078  0.999995  0.999983  0.005768  0.000154  -0.005768  0.999980  -0.002396  -0.000168  0.002395  0.999997  1.000000  0.000034  0.000063  -0.000034  1.000000  -0.000030  -0.000063  0.000030  1.000000  0.999994  0.001832  0.003003  -0.001829  0.999998  -0.001083  -0.003005  0.001078  0.999995  0.000069  0.006248  
156.817726 0.004910  0.091863  -0.007057  0.998443  0.055444  -0.006187  -0.055556  0.998261  -0.019699  0.005084  0.020012  0.999787  0.003138  -0.004216  -0.005305  -0.103848  0.000349  0.260975  2.000000  0.999993  0.002000  0.003313  -0.001996  0.999997  -0.001244  -0.003316  0.001238  0.999994  0.999985  0.005563  0.000157  -0.005562  0.999981  -0.002640  -0.000172  0.002639  0.999997  1.000000  0.000033  0.000061  -0.000033  1.000000  -0.000033  -0.000061  0.000033  1.000000  0.999993  0.002000  0.003313  -0.001996  0.999997  -0.001244  -0.003316  0.001238  0.999994  0.000070  0.006159  
156.818976 0.004913  0.091858  -0.007064  0.998432  0.055651  -0.006071  -0.055761  0.998245  -0.019948  0.004951  0.020255  0.999783  0.003121  -0.004247  -0.005360  -0.111886  -0.004079  0.260891  2.000000  0.999991  0.002152  0.003622  -0.002146  0.999997  -0.001415  -0.003625  0.001407  0.999992  0.999986  0.005362  0.000427  -0.005361  0.999982  -0.002763  -0.000442  0.002761  0.999996  1.000000  0.000029  0.000061  -0.000029  1.000000  -0.000035  -0.000061  0.000035  1.000000  0.999991  0.002152  0.003622  -0.002146  0.999997  -0.001415  -0.003625  0.001407  0.999992  0.000072  0.006047  
156.820226 0.004916  0.091853  -0.007070  0.998432  0.055649  -0.006085  -0.055761  0.998240  -0.020190  0.004951  0.020498  0.999778  0.003012  -0.004304  -0.005401  -0.115958  -0.008620  0.254139  2.000000  0.999990  0.002236  0.003799  -0.002230  0.999996  -0.001520  -0.003803  0.001512  0.999992  0.999988  0.004951  0.000434  -0.004949  0.999984  -0.002886  -0.000449  0.002884  0.999996  1.000000  0.000000  0.000000  0.000000  1.000000  0.000000  0.000000  0.000000  1.000000  0.999990  0.002236  0.003799  -0.002230  0.999996  -0.001520  -0.003803  0.001512  0.999992  0.000070  0.000000  
156.821246 0.004918  0.091848  -0.007075  0.998420  0.055854  -0.006096  -0.055967  0.998226  -0.020310  0.004951  0.020619  0.999775  0.002865  -0.004325  -0.005377  -0.120937  -0.008672  0.256120  2.000000  0.999990  0.002236  0.003799  -0.002230  0.999996  -0.001520  -0.003803  0.001512  0.999992  0.999989  0.004745  0.000438  -0.004744  0.999984  -0.003009  -0.000452  0.003007  0.999995  1.000000  0.000000  0.000000  0.000000  1.000000  0.000000  0.000000  0.000000  1.000000  0.999990  0.002236  0.003799  -0.002230  0.999996  -0.001520  -0.003803  0.001512  0.999992  0.000070  0.000000  
156.822480 0.004920  0.091844  -0.007081  0.998420  0.055852  -0.006109  -0.055967  0.998221  -0.020552  0.004951  0.020861  0.999770  0.002753  -0.004244  -0.005202  -0.125115  -0.008890  0.242353  2.000000  0.999990  0.002236  0.003799  -0.002230  0.999996  -0.001520  -0.003803  0.001512  0.999992  0.999991  0.004333  0.000445  -0.004332  0.999986  -0.003132  -0.000459  0.003130  0.999995  1.000000  0.000000  0.000000  0.000000  1.000000  0.000000  0.000000  0.000000  1.000000  0.999990  0.002236  0.003799  -0.002230  0.999996  -0.001520  -0.003803  0.001512  0.999992  0.000069  0.000000  
156.823733 0.004922  0.091840  -0.007086  0.998409  0.056058  -0.006000  -0.056173  0.998202  -0.020921  0.004817  0.021225  0.999763  0.002629  -0.004122  -0.004999  -0.137405  -0.013475  0.235540  2.000000  0.999990  0.002236  0.003799  -0.002230  0.999996  -0.001520  -0.003803  0.001512  0.999992  0.999991  0.004334  0.000444  -0.004332  0.999985  -0.003253  -0.000458  0.003251  0.999995  1.000000  0.000000  0.000000  0.000000  1.000000  0.000000  0.000000  0.000000  1.000000  0.999990  0.002236  0.003799  -0.002230  0.999996  -0.001520  -0.003803  0.001512  0.999992  0.000069  0.000000  
156.824975 0.004925  0.091835  -0.007090  0.998398  0.056263  -0.006018  -0.056378  0.998185  -0.021162  0.004817  0.021468  0.999758  0.002468  -0.004074  -0.004732  -0.144379  -0.013338  0.233634  2.000000  0.999990  0.002236  0.003799  -0.002230  0.999996  -0.001520  -0.003803  0.001512  0.999992  0.999993  0.003719  0.000590  -0.003717  0.999988  -0.003257  -0.000602  0.003255  0.999995  1.000000  0.000000  0.000000  0.000000  1.000000  0.000000  0.000000  0.000000  1.000000  0.999990  0.002236  0.003799  -0.002230  0.999996  -0.001520  -0.003803  0.001512  0.999992  0.000067  0.000000  
156.825979 0.004926  0.091831  -0.007093  0.998398  0.056262  -0.006025  -0.056378  0.998183  -0.021283  0.004817  0.021589  0.999755  0.002326  -0.004046  -0.004587  -0.145648  -0.013689  0.221738  2.000000  0.999990  0.002236  0.003799  -0.002230  0.999996  -0.001520  -0.003803  0.001512  0.999992  0.999993  0.003716  0.000455  -0.003715  0.999987  -0.003378  -0.000468  0.003377  0.999994  1.000000  0.000000  0.000000  0.000000  1.000000  0.000000  0.000000  0.000000  1.000000  0.999990  0.002236  0.003799  -0.002230  0.999996  -0.001520  -0.003803  0.001512  0.999992  0.000066  0.000000  
156.827230 0.004927  0.091825  -0.007099  0.998398  0.056260  -0.006039  -0.056378  0.998177  -0.021526  0.004817  0.021831  0.999750  0.002126  -0.004011  -0.004482  -0.149759  -0.018413  0.207960  2.000000  0.999990  0.002236  0.003799  -0.002230  0.999996  -0.001520  -0.003803  0.001512  0.999992  0.999995  0.003099  0.000468  -0.003097  0.999989  -0.003503  -0.000479  0.003501  0.999994  1.000000  0.000000  0.000000  0.000000  1.000000  0.000000  0.000000  0.000000  1.000000  0.999990  0.002236  0.003799  -0.002230  0.999996  -0.001520  -0.003803  0.001512  0.999992  0.000066  0.000000  
156.828479 0.004927  0.091820  -0.007104  0.998387  0.056467  -0.005923  -0.056584  0.998160  -0.021774  0.004683  0.022074  0.999745  0.001895  -0.004003  -0.004397  -0.157129  -0.022768  0.207001  2.000000  0.999990  0.002236  0.003799  -0.002230  0.999996  -0.001520  -0.003803  0.001512  0.999992  0.999995  0.003102  0.000601  -0.003100  0.999989  -0.003503  -0.000612  0.003501  0.999994  1.000000  0.000000  0.000000  0.000000  1.000000  0.000000  0.000000  0.000000  1.000000  0.999990  0.002236  0.003799  -0.002230  0.999996  -0.001520  -0.003803  0.001512  0.999992  0.000065  0.000000  
156.829730 0.004927  0.091814  -0.007110  0.998387  0.056466  -0.005937  -0.056584  0.998155  -0.022016  0.004683  0.022317  0.999740  0.001657  -0.004053  -0.004361  -0.156723  -0.022923  0.192657  2.000000  0.999990  0.002236  0.003799  -0.002230  0.999996  -0.001520  -0.003803  0.001512  0.999992  0.999996  0.002691  0.000609  -0.002688  0.999990  -0.003626  -0.000619  0.003625  0.999993  1.000000  0.000000  0.000000  0.000000  1.000000  0.000000  0.000000  0.000000  1.000000  0.999990  0.002236  0.003799  -0.002230  0.999996  -0.001520  -0.003803  0.001512  0.999992  0.000063  0.000000  
156.830978 0.004926  0.091808  -0.007116  0.998387  0.056464  -0.005951  -0.056584  0.998150  -0.022258  0.004683  0.022559  0.999735  0.001322  -0.004090  -0.004441  -0.162195  -0.023494  0.173493  2.000000  0.999990  0.002236  0.003799  -0.002230  0.999996  -0.001520  -0.003803  0.001512  0.999992  0.999997  0.002485  0.000613  -0.002483  0.999990  -0.003749  -0.000622  0.003747  0.999993  1.000000  0.000000  0.000000  0.000000  1.000000  0.000000  0.000000  0.000000  1.000000  0.999990  0.002236  0.003799  -0.002230  0.999996  -0.001520  -0.003803  0.001512  0.999992  0.000061  0.000000  
156.832228 0.004926  0.091803  -0.007122  0.998375  0.056668  -0.005969  -0.056789  0.998133  -0.022499  0.004683  0.022802  0.999729  0.001051  -0.004144  -0.004466  -0.164935  -0.023274  0.172102  2.000000  0.999990  0.002236  0.003799  -0.002230  0.999996  -0.001520  -0.003803  0.001512  0.999992  0.999997  0.002279  0.000617  -0.002277  0.999990  -0.003871  -0.000626  0.003869  0.999992  1.000000  0.000000  0.000000  0.000000  1.000000  0.000000  0.000000  0.000000  1.000000  0.999990  0.002236  0.003799  -0.002230  0.999996  -0.001520  -0.003803  0.001512  0.999992  0.000060  0.000000  
156.833475 0.004924  0.091797  -0.007129  0.998375  0.056667  -0.005983  -0.056789  0.998127  -0.022741  0.004683  0.023044  0.999723  0.000803  -0.004145  -0.004479  -0.169154  -0.023538  0.158480  2.000000  0.999990  0.002236  0.003799  -0.002230  0.999996  -0.001520  -0.003803  0.001512  0.999992  0.999998  0.002070  0.000488  -0.002069  0.999990  -0.003872  -0.000496  0.003871  0.999992  1.000000  0.000000  0.000000  0.000000  1.000000  0.000000  0.000000  0.000000  1.000000  0.999990  0.002236  0.003799  -0.002230  0.999996  -0.001520  -0.003803  0.001512  0.999992  0.000059  0.000000  
156.834724 0.004923  0.091793  -0.007135  0.998376  0.056669  -0.005863  -0.056789  0.998121  -0.022991  0.004549  0.023287  0.999718  0.000550  -0.004137  -0.004499  -0.174641  -0.028616  0.139033  2.000000  0.999990  0.002236  0.003799  -0.002230  0.999996  -0.001520  -0.003803  0.001512  0.999992  0.999998  0.001865  0.000492  -0.001863  0.999991  -0.003873  -0.000499  0.003872  0.999992  1.000000  0.000000  0.000000  0.000000  1.000000  0.000000  0.000000  0.000000  1.000000  0.999990  0.002236  0.003799  -0.002230  0.999996  -0.001520  -0.003803  0.001512  0.999992  0.000057  0.000000  
156.835727 0.004922  0.091789  -0.007140  0.998376  0.056667  -0.005877  -0.056789  0.998116  -0.023233  0.004549  0.023529  0.999713  0.000336  -0.004110  -0.004490  -0.177280  -0.024037  0.130931  2.000000  0.999990  0.002236  0.003799  -0.002230  0.999996  -0.001520  -0.003803  0.001512  0.999992  0.999999  0.001659  0.000496  -0.001657  0.999991  -0.003995  -0.000503  0.003994  0.999992  1.000000  0.000000  0.000000  0.000000  1.000000  0.000000  0.000000  0.000000  1.000000  0.999990  0.002236  0.003799  -0.002230  0.999996  -0.001520  -0.003803  0.001512  0.999992  0.000056  0.000000  
156.836806 0.004921  0.091786  -0.007143  0.998364  0.056871  -0.005895  -0.056995  0.998098  -0.023474  0.004549  0.023772  0.999707  0.000126  -0.004039  -0.004366  -0.178333  -0.024289  0.124788  2.000000  0.999990  0.002236  0.003799  -0.002230  0.999996  -0.001520  -0.003803  0.001512  0.999992  0.999999  0.001659  0.000496  -0.001657  0.999991  -0.003874  -0.000503  0.003873  0.999992  1.000000  0.000000  0.000000  0.000000  1.000000  0.000000  0.000000  0.000000  1.000000  0.999990  0.002236  0.003799  -0.002230  0.999996  -0.001520  -0.003803  0.001512  0.999992  0.000055  0.000000  
156.837975 0.004920  0.091783  -0.007148  0.998364  0.056870  -0.005909  -0.056995  0.998093  -0.023716  0.004549  0.024014  0.999701  -0.000089  -0.003967  -0.004309  -0.181375  -0.024271  0.117207  2.000000  0.999990  0.002236  0.003799  -0.002230  0.999996  -0.001520  -0.003803  0.001512  0.999992  0.999999  0.001453  0.000501  -0.001451  0.999991  -0.003996  -0.000506  0.003995  0.999992  1.000000  0.000000  0.000000  0.000000  1.000000  0.000000  0.000000  0.000000  1.000000  0.999990  0.002236  0.003799  -0.002230  0.999996  -0.001520  -0.003803  0.001512  0.999992  0.000054  0.000000  
156.838981 0.004919  0.091780  -0.007151  0.998364  0.056869  -0.005916  -0.056995  0.998090  -0.023837  0.004549  0.024136  0.999698  -0.000272  -0.003914  -0.004282  -0.182970  -0.024758  0.104359  2.000000  0.999990  0.002236  0.003799  -0.002230  0.999996  -0.001520  -0.003803  0.001512  0.999992  0.999999  0.001245  0.000371  -0.001243  0.999991  -0.003997  -0.000376  0.003997  0.999992  1.000000  0.000000  0.000000  0.000000  1.000000  0.000000  0.000000  0.000000  1.000000  0.999990  0.002236  0.003799  -0.002230  0.999996  -0.001520  -0.003803  0.001512  0.999992  0.000054  0.000000  
156.840228 0.004917  0.091776  -0.007155  0.998364  0.056867  -0.005937  -0.056995  0.998081  -0.024201  0.004549  0.024499  0.999689  -0.000565  -0.003847  -0.004282  -0.189618  -0.024682  0.096661  2.000000  0.999990  0.002236  0.003799  -0.002230  0.999996  -0.001520  -0.003803  0.001512  0.999992  0.999999  0.001245  0.000371  -0.001243  0.999991  -0.003997  -0.000376  0.003997  0.999992  1.000000  0.000000  0.000000  0.000000  1.000000  0.000000  0.000000  0.000000  1.000000  0.999990  0.002236  0.003799  -0.002230  0.999996  -0.001520  -0.003803  0.001512  0.999992  0.000054  0.000000  
156.841476 0.004915  0.091772  -0.007160  0.998364  0.056866  -0.005951  -0.056995  0.998075  -0.024443  0.004549  0.024742  0.999684  -0.000770  -0.003770  -0.004336  -0.193691  -0.024959  0.082922  2.000000  0.999990  0.002236  0.003799  -0.002230  0.999996  -0.001520  -0.003803  0.001512  0.999992  0.999999  0.001039  0.000376  -0.001037  0.999991  -0.004119  -0.000380  0.004119  0.999991  1.000000  0.000000  0.000000  0.000000  1.000000  0.000000  0.000000  0.000000  1.000000  0.999990  0.002236  0.003799  -0.002230  0.999996  -0.001520  -0.003803  0.001512  0.999992  0.000054  0.000000  
156.842728 0.004913  0.091768  -0.007166  0.998352  0.057070  -0.005969  -0.057200  0.998058  -0.024684  0.004549  0.024984  0.999677  -0.000931  -0.003654  -0.004372  -0.197727  -0.020483  0.082823  2.000000  0.999990  0.002236  0.003799  -0.002230  0.999996  -0.001520  -0.003803  0.001512  0.999992  0.999999  0.001245  0.000370  -0.001243  0.999991  -0.004118  -0.000376  0.004118  0.999991  1.000000  0.000000  0.000000  0.000000  1.000000  0.000000  0.000000  0.000000  1.000000  0.999990  0.002236  0.003799  -0.002230  0.999996  -0.001520  -0.003803  0.001512  0.999992  0.000054  0.000000  
156.843979 0.004910  0.091764  -0.007172  0.998352  0.057067  -0.005990  -0.057200  0.998048  -0.025047  0.004549  0.025348  0.999668  -0.001134  -0.003552  -0.004364  -0.201080  -0.020952  0.077245  2.000000  0.999990  0.002236  0.003799  -0.002230  0.999996  -0.001520  -0.003803  0.001512  0.999992  0.999999  0.001036  0.000242  -0.001035  0.999991  -0.003998  -0.000246  0.003998  0.999992  1.000000  0.000000  0.000000  0.000000  1.000000  0.000000  0.000000  0.000000  1.000000  0.999990  0.002236  0.003799  -0.002230  0.999996  -0.001520  -0.003803  0.001512  0.999992  0.000054  0.000000  
156.845228 0.004908  0.091759  -0.007177  0.998352  0.057066  -0.006004  -0.057200  0.998042  -0.025289  0.004549  0.025591  0.999662  -0.001244  -0.003498  -0.004347  -0.203530  -0.016424  0.069589  2.000000  0.999990  0.002236  0.003799  -0.002230  0.999996  -0.001520  -0.003803  0.001512  0.999992  1.000000  0.000830  0.000247  -0.000829  0.999992  -0.003999  -0.000250  0.003999  0.999992  1.000000  0.000000  0.000000  0.000000  1.000000  0.000000  0.000000  0.000000  1.000000  0.999990  0.002236  0.003799  -0.002230  0.999996  -0.001520  -0.003803  0.001512  0.999992  0.000053  0.000000  
156.846478 0.004906  0.091756  -0.007182  0.998341  0.057270  -0.006023  -0.057406  0.998024  -0.025530  0.004549  0.025833  0.999656  -0.001382  -0.003335  -0.004227  -0.203514  -0.016406  0.069587  2.000000  0.999990  0.002236  0.003799  -0.002230  0.999996  -0.001520  -0.003803  0.001512  0.999992  0.999999  0.001036  0.000241  -0.001035  0.999991  -0.003998  -0.000245  0.003998  0.999992  1.000000  0.000000  0.000000  0.000000  1.000000  0.000000  0.000000  0.000000  1.000000  0.999990  0.002236  0.003799  -0.002230  0.999996  -0.001520  -0.003803  0.001512  0.999992  0.000053  0.000000  
156.847729 0.004904  0.091752  -0.007186  0.998341  0.057269  -0.006037  -0.057406  0.998018  -0.025772  0.004549  0.026076  0.999650  -0.001427  -0.003221  -0.004097  -0.203545  -0.012052  0.062568  2.000000  0.999990  0.002236  0.003799  -0.002230  0.999996  -0.001520  -0.003803  0.001512  0.999992  0.999999  0.001036  0.000241  -0.001035  0.999991  -0.003998  -0.000245  0.003998  0.999992  1.000000  0.000000  0.000000  0.000000  1.000000  0.000000  0.000000  0.000000  1.000000  0.999990  0.002236  0.003799  -0.002230  0.999996  -0.001520  -0.003803  0.001512  0.999992  0.000053  0.000000  
156.848977 0.004902  0.091749  -0.007191  0.998341  0.057267  -0.006051  -0.057406  0.998012  -0.026014  0.004549  0.026318  0.999643  -0.001461  -0.003113  -0.004005  -0.203589  -0.012199  0.055657  2.000000  0.999990  0.002236  0.003799  -0.002230  0.999996  -0.001520  -0.003803  0.001512  0.999992  1.000000  0.000827  0.000112  -0.000826  0.999992  -0.003999  -0.000115  0.003999  0.999992  1.000000  0.000000  0.000000  0.000000  1.000000  0.000000  0.000000  0.000000  1.000000  0.999990  0.002236  0.003799  -0.002230  0.999996  -0.001520  -0.003803  0.001512  0.999992  0.000052  0.000000  
156.850233 0.004900  0.091746  -0.007197  0.998329  0.057472  -0.006063  -0.057611  0.997997  -0.026134  0.004549  0.026439  0.999640  -0.001520  -0.003010  -0.003977  -0.199597  -0.012194  0.055683  2.000000  0.999990  0.002236  0.003799  -0.002230  0.999996  -0.001520  -0.003803  0.001512  0.999992  0.999999  0.001033  0.000107  -0.001032  0.999991  -0.003998  -0.000111  0.003998  0.999992  1.000000  0.000000  0.000000  0.000000  1.000000  0.000000  0.000000  0.000000  1.000000  0.999990  0.002236  0.003799  -0.002230  0.999996  -0.001520  -0.003803  0.001512  0.999992  0.000053  0.000000  
156.851476 0.004898  0.091743  -0.007202  0.998329  0.057470  -0.006077  -0.057611  0.997991  -0.026376  0.004549  0.026682  0.999634  -0.001528  -0.002941  -0.003983  -0.197862  -0.012075  0.055202  2.000000  0.999990  0.002236  0.003799  -0.002230  0.999996  -0.001520  -0.003803  0.001512  0.999992  1.000000  0.000827  0.000112  -0.000826  0.999992  -0.003999  -0.000115  0.003999  0.999992  1.000000  0.000000  0.000000  0.000000  1.000000  0.000000  0.000000  0.000000  1.000000  0.999990  0.002236  0.003799  -0.002230  0.999996  -0.001520  -0.003803  0.001512  0.999992  0.000052  0.000000  
156.852726 0.004897  0.091740  -0.007208  0.998317  0.057674  -0.006097  -0.057817  0.997972  -0.026617  0.004549  0.026924  0.999627  -0.001548  -0.002891  -0.004060  -0.199554  -0.012164  0.055676  2.000000  0.999990  0.002236  0.003799  -0.002230  0.999996  -0.001520  -0.003803  0.001512  0.999992  0.999999  0.001033  0.000106  -0.001032  0.999992  -0.003877  -0.000110  0.003877  0.999992  1.000000  0.000000  0.000000  0.000000  1.000000  0.000000  0.000000  0.000000  1.000000  0.999990  0.002236  0.003799  -0.002230  0.999996  -0.001520  -0.003803  0.001512  0.999992  0.000052  0.000000  
156.853730 0.004896  0.091738  -0.007212  0.998317  0.057674  -0.006104  -0.057817  0.997969  -0.026738  0.004549  0.027046  0.999624  -0.001569  -0.002877  -0.004171  -0.193835  -0.007593  0.055103  2.000000  0.999990  0.002236  0.003799  -0.002230  0.999996  -0.001520  -0.003803  0.001512  0.999992  0.999999  0.001033  0.000106  -0.001032  0.999991  -0.003998  -0.000110  0.003998  0.999992  1.000000  0.000000  0.000000  0.000000  1.000000  0.000000  0.000000  0.000000  1.000000  0.999990  0.002236  0.003799  -0.002230  0.999996  -0.001520  -0.003803  0.001512  0.999992  0.000051  0.000000  
156.854975 0.004894  0.091734  -0.007219  0.998317  0.057672  -0.006118  -0.057817  0.997963  -0.026980  0.004549  0.027288  0.999617  -0.001547  -0.002840  -0.004297  -0.195493  -0.007812  0.048648  2.000000  0.999990  0.002236  0.003799  -0.002230  0.999996  -0.001520  -0.003803  0.001512  0.999992  0.999999  0.001029  -0.000028  -0.001029  0.999992  -0.003877  0.000024  0.003877  0.999992  1.000000  0.000000  0.000000  0.000000  1.000000  0.000000  0.000000  0.000000  1.000000  0.999990  0.002236  0.003799  -0.002230  0.999996  -0.001520  -0.003803  0.001512  0.999992  0.000050  0.000000  
156.855986 0.004894  0.091732  -0.007223  0.998305  0.057877  -0.006130  -0.058022  0.997947  -0.027100  0.004549  0.027409  0.999614  -0.001461  -0.002745  -0.004376  -0.191326  -0.007631  0.055551  2.000000  0.999990  0.002236  0.003799  -0.002230  0.999996  -0.001520  -0.003803  0.001512  0.999992  0.999999  0.001235  -0.000034  -0.001235  0.999992  -0.003876  0.000029  0.003876  0.999992  1.000000  0.000000  0.000000  0.000000  1.000000  0.000000  0.000000  0.000000  1.000000  0.999990  0.002236  0.003799  -0.002230  0.999996  -0.001520  -0.003803  0.001512  0.999992  0.000051  0.000000  
156.857233 0.004893  0.091730  -0.007229  0.998305  0.057875  -0.006144  -0.058022  0.997941  -0.027342  0.004549  0.027652  0.999607  -0.001381  -0.002605  -0.004323  -0.191339  -0.007618  0.055557  2.000000  0.999990  0.002236  0.003799  -0.002230  0.999996  -0.001520  -0.003803  0.001512  0.999992  0.999999  0.001029  -0.000028  -0.001029  0.999992  -0.003756  0.000024  0.003756  0.999993  1.000000  0.000000  0.000000  0.000000  1.000000  0.000000  0.000000  0.000000  1.000000  0.999990  0.002236  0.003799  -0.002230  0.999996  -0.001520  -0.003803  0.001512  0.999992  0.000050  0.000000  
156.858237 0.004892  0.091729  -0.007233  0.998293  0.058080  -0.006157  -0.058228  0.997926  -0.027462  0.004549  0.027773  0.999604  -0.001309  -0.002487  -0.004297  -0.191319  -0.003115  0.055439  2.000000  0.999990  0.002236  0.003799  -0.002230  0.999996  -0.001520  -0.003803  0.001512  0.999992  0.999999  0.001235  -0.000034  -0.001235  0.999992  -0.003755  0.000030  0.003755  0.999993  1.000000  0.000000  0.000000  0.000000  1.000000  0.000000  0.000000  0.000000  1.000000  0.999990  0.002236  0.003799  -0.002230  0.999996  -0.001520  -0.003803  0.001512  0.999992  0.000051  0.000000  
156.859476 0.004891  0.091727  -0.007237  0.998293  0.058078  -0.006171  -0.058228  0.997919  -0.027704  0.004549  0.028016  0.999597  -0.001192  -0.002347  -0.004213  -0.191400  -0.003103  0.055463  2.000000  0.999990  0.002236  0.003799  -0.002230  0.999996  -0.001520  -0.003803  0.001512  0.999992  0.999999  0.001235  -0.000034  -0.001235  0.999993  -0.003633  0.000030  0.003633  0.999993  1.000000  0.000000  0.000000  0.000000  1.000000  0.000000  0.000000  0.000000  1.000000  0.999990  0.002236  0.003799  -0.002230  0.999996  -0.001520  -0.003803  0.001512  0.999992  0.000049  0.000000  
