1-Time 2-Px 3-Py 4-Pz 5-R11 6-R21 7-R31 8-R12 9-R22 10-R32 11-R13 12-R23 13-R33 14-Vx 15-Vy 16-Vz 17-Wx 18-Wy 19-Wz 20-state 21-PR11 22-PR21 23-PR31 24-PR12 25-PR22 26-PR32 27-PR13 28-PR23 29-PR33 
115.375455 0.012150  0.092579  -0.019668  0.997101  0.068702  0.032699  -0.041695  0.133883  0.990120  0.063645  -0.988613  0.136360  0.000065  0.000020  0.000337  0.000000  0.000000  0.000000  2.000000  1.000000  0.000000  0.000000  0.000000  -0.000000  1.000000  0.000000  -1.000000  -0.000000  0.999997  -0.000044  -0.002275  0.000043  1.000000  -0.000265  0.002275  0.000265  0.999997  1.000000  0.000000  0.000000  0.000000  1.000000  0.000000  0.000000  0.000000  1.000000  0.563298  0.706736  0.428041  -0.594853  -0.012667  0.803735  0.573450  -0.707364  0.413269  0.000000  0.000000  
115.376462 0.012150  0.092579  -0.019667  0.997093  0.068834  0.032681  -0.041695  0.133878  0.990120  0.063779  -0.988604  0.136359  0.000108  -0.000003  0.000417  0.000000  0.000000  0.000000  2.000000  1.000000  0.000000  0.000000  0.000000  -0.000000  1.000000  0.000000  -1.000000  -0.000000  0.999997  0.000061  -0.002497  -0.000061  1.000000  -0.000278  0.002497  0.000278  0.999997  1.000000  0.000000  0.000000  0.000000  1.000000  0.000000  0.000000  0.000000  1.000000  1.000000  0.000000  0.000000  0.000000  -0.000000  1.000000  0.000000  -1.000000  -0.000000  0.000000  0.000000  
115.377711 0.012153  0.092578  -0.019666  0.997093  0.068737  0.032886  -0.041900  0.134109  0.990080  0.063645  -0.988580  0.136600  0.000282  -0.000086  0.000498  0.000000  0.000000  0.000000  2.000000  1.000000  0.000000  0.000000  0.000000  -0.000000  1.000000  0.000000  -1.000000  -0.000000  0.999997  -0.000044  -0.002275  0.000043  1.000000  -0.000386  0.002275  0.000386  0.999997  1.000000  0.000000  0.000000  0.000000  1.000000  0.000000  0.000000  0.000000  1.000000  1.000000  0.000000  0.000000  0.000000  -0.000000  1.000000  0.000000  -1.000000  -0.000000  0.000000  0.000000  
115.378959 0.012157  0.092578  -0.019664  0.997092  0.068532  0.033322  -0.042311  0.134212  0.990049  0.063378  -0.988580  0.136722  0.000583  -0.000058  0.000611  0.000000  0.000000  0.000000  2.000000  1.000000  0.000000  0.000000  0.000000  -0.000000  1.000000  0.000000  -1.000000  -0.000000  0.999999  -0.000093  -0.001646  0.000092  1.000000  -0.000590  0.001647  0.000590  0.999998  1.000000  0.000000  0.000000  0.000000  1.000000  0.000000  0.000000  0.000000  1.000000  1.000000  0.000000  0.000000  0.000000  -0.000000  1.000000  0.000000  -1.000000  -0.000000  0.000000  0.000000  
115.380208 0.012161  0.092577  -0.019661  0.997092  0.068436  0.033528  -0.042517  0.134444  0.990009  0.063245  -0.988555  0.136963  0.000860  -0.000082  0.000812  0.000000  0.000000  0.000000  2.000000  1.000000  0.000000  0.000000  0.000000  -0.000000  1.000000  0.000000  -1.000000  -0.000000  0.999999  -0.000302  -0.001203  0.000301  1.000000  -0.000685  0.001203  0.000685  0.999999  1.000000  0.000000  0.000000  0.000000  1.000000  0.000000  0.000000  0.000000  1.000000  1.000000  0.000000  0.000000  0.000000  -0.000000  1.000000  0.000000  -1.000000  -0.000000  0.000000  0.000000  
115.381218 0.012165  0.092578  -0.019658  0.997092  0.068336  0.033742  -0.042723  0.134556  0.989985  0.063111  -0.988547  0.137084  0.001132  -0.000025  0.000952  0.000000  0.000000  0.000000  2.000000  1.000000  0.000000  0.000000  0.000000  -0.000000  1.000000  0.000000  -1.000000  -0.000000  0.999999  -0.000406  -0.000981  0.000405  0.999999  -0.000914  0.000981  0.000914  0.999999  1.000000  0.000000  0.000000  0.000000  1.000000  0.000000  0.000000  0.000000  1.000000  1.000000  0.000000  0.000000  0.000000  -0.000000  1.000000  0.000000  -1.000000  -0.000000  0.000000  0.000000  
115.382467 0.012170  0.092579  -0.019655  0.997100  0.068212  0.033743  -0.042723  0.134802  0.989951  0.062977  -0.988522  0.137325  0.001524  0.000033  0.001183  0.000000  0.000000  0.000000  2.000000  1.000000  0.000000  0.000000  0.000000  -0.000000  1.000000  0.000000  -1.000000  -0.000000  1.000000  -0.000511  -0.000759  0.000510  0.999999  -0.001023  0.000759  0.001022  0.999999  1.000000  0.000000  0.000000  0.000000  1.000000  0.000000  0.000000  0.000000  1.000000  1.000000  0.000000  0.000000  0.000000  -0.000000  1.000000  0.000000  -1.000000  -0.000000  0.000000  0.000000  
115.383737 0.012176  0.092580  -0.019651  0.997083  0.068384  0.033904  -0.042928  0.135142  0.989896  0.063111  -0.988464  0.137683  0.001929  0.000143  0.001369  0.000000  0.000000  0.000000  2.000000  1.000000  0.000000  0.000000  0.000000  -0.000000  1.000000  0.000000  -1.000000  -0.000000  1.000000  -0.000511  -0.000759  0.000510  0.999999  -0.001386  0.000759  0.001386  0.999999  1.000000  0.000000  0.000000  0.000000  1.000000  0.000000  0.000000  0.000000  1.000000  1.000000  0.000000  0.000000  0.000000  -0.000000  1.000000  0.000000  -1.000000  -0.000000  0.000000  0.000000  
115.384965 0.012183  0.092581  -0.019648  0.997074  0.068424  0.034083  -0.043133  0.135488  0.989840  0.063111  -0.988413  0.138043  0.002340  0.000144  0.001565  0.000000  0.000000  0.000000  2.000000  1.000000  0.000000  0.000000  0.000000  -0.000000  1.000000  0.000000  -1.000000  -0.000000  1.000000  -0.000322  -0.000370  0.000321  0.999999  -0.001603  0.000371  0.001603  0.999999  1.000000  0.000000  0.000000  0.000000  1.000000  0.000000  0.000000  0.000000  1.000000  1.000000  0.000000  0.000000  0.000000  -0.000000  1.000000  0.000000  -1.000000  -0.000000  0.000000  0.000000  
115.386214 0.012189  0.092582  -0.019645  0.997065  0.068464  0.034262  -0.043339  0.135834  0.989783  0.063111  -0.988363  0.138403  0.002763  0.000252  0.001717  0.000000  0.000000  0.000000  2.000000  1.000000  0.000000  0.000000  0.000000  -0.000000  1.000000  0.000000  -1.000000  -0.000000  1.000000  -0.000369  0.000259  0.000370  0.999998  -0.001928  -0.000258  0.001928  0.999998  1.000000  0.000000  0.000000  0.000000  1.000000  0.000000  0.000000  0.000000  1.000000  1.000000  0.000000  0.000000  0.000000  -0.000000  1.000000  0.000000  -1.000000  -0.000000  0.000000  0.000000  
115.387464 0.012195  0.092584  -0.019642  0.997056  0.068401  0.034663  -0.043749  0.136172  0.989719  0.062977  -0.988321  0.138764  0.003143  0.000331  0.001839  0.000000  0.000000  0.000000  2.000000  1.000000  0.000000  0.000000  0.000000  -0.000000  1.000000  0.000000  -1.000000  -0.000000  1.000000  -0.000444  0.000685  0.000446  0.999997  -0.002265  -0.000684  0.002266  0.999997  1.000000  0.000000  0.000000  0.000000  1.000000  0.000000  0.000000  0.000000  1.000000  1.000000  0.000000  0.000000  0.000000  -0.000000  1.000000  0.000000  -1.000000  -0.000000  0.000000  0.000000  
115.388738 0.012201  0.092584  -0.019640  0.997054  0.068205  0.035083  -0.044161  0.136516  0.989653  0.062710  -0.988287  0.139126  0.003535  0.000383  0.001971  0.000000  0.000000  0.000000  2.000000  1.000000  0.000000  0.000000  0.000000  -0.000000  1.000000  0.000000  -1.000000  -0.000000  0.999999  -0.000652  0.001129  0.000655  0.999996  -0.002724  -0.001127  0.002725  0.999996  1.000000  0.000000  0.000000  0.000000  1.000000  0.000000  0.000000  0.000000  1.000000  1.000000  0.000000  0.000000  0.000000  -0.000000  1.000000  0.000000  -1.000000  -0.000000  0.000000  0.000000  
115.389960 0.012207  0.092585  -0.019638  0.997054  0.068123  0.035264  -0.044366  0.137108  0.989562  0.062577  -0.988211  0.139726  0.003948  0.000432  0.002069  0.000000  0.000000  0.000000  2.000000  1.000000  0.000000  0.000000  0.000000  -0.000000  1.000000  0.000000  -1.000000  -0.000000  0.999998  -0.000698  0.001759  0.000703  0.999995  -0.003171  -0.001756  0.003172  0.999993  1.000000  0.000000  0.000000  0.000000  1.000000  0.000000  0.000000  0.000000  1.000000  1.000000  0.000000  0.000000  0.000000  -0.000000  1.000000  0.000000  -1.000000  -0.000000  0.000000  0.000000  
115.391212 0.012214  0.092585  -0.019634  0.997052  0.067932  0.035675  -0.044778  0.137572  0.989479  0.062310  -0.988160  0.140208  0.004337  0.000402  0.002202  0.000000  0.000000  0.000000  2.000000  1.000000  0.000000  0.000000  0.000000  -0.000000  1.000000  0.000000  -1.000000  -0.000000  0.999997  -0.000875  0.002407  0.000884  0.999993  -0.003738  -0.002403  0.003740  0.999990  1.000000  0.000000  0.000000  0.000000  1.000000  0.000000  0.000000  0.000000  1.000000  1.000000  0.000000  0.000000  0.000000  -0.000000  1.000000  0.000000  -1.000000  -0.000000  0.000000  0.000000  
115.392462 0.012221  0.092585  -0.019630  0.997042  0.067883  0.036052  -0.045189  0.138270  0.989363  0.062176  -0.988065  0.140928  0.004637  0.000517  0.002410  0.000000  0.000000  0.000000  2.000000  1.000000  0.000000  0.000000  0.000000  -0.000000  1.000000  0.000000  -1.000000  -0.000000  0.999996  -0.000948  0.002833  0.000960  0.999990  -0.004318  -0.002829  0.004321  0.999987  1.000000  0.000000  0.000000  0.000000  1.000000  0.000000  0.000000  0.000000  1.000000  1.000000  0.000000  0.000000  0.000000  -0.000000  1.000000  0.000000  -1.000000  -0.000000  0.000000  0.000000  
115.393806 0.012228  0.092586  -0.019626  0.997041  0.067802  0.036234  -0.045394  0.138862  0.989271  0.062043  -0.987988  0.141529  0.004841  0.000572  0.002559  -0.170651  -0.074509  -0.034854  2.000000  1.000000  0.000000  0.000000  0.000000  -0.000000  1.000000  0.000000  -1.000000  -0.000000  0.999994  -0.000992  0.003463  0.001008  0.999988  -0.004885  -0.003458  0.004889  0.999982  1.000000  0.000000  0.000000  0.000000  1.000000  0.000000  0.000000  0.000000  1.000000  1.000000  0.000000  0.000000  0.000000  -0.000000  1.000000  0.000000  -1.000000  -0.000000  0.000047  0.000000  
115.395009 0.012235  0.092587  -0.019622  0.997040  0.067725  0.036407  -0.045600  0.139574  0.989161  0.061909  -0.987893  0.142249  0.005060  0.000654  0.002612  -0.194210  -0.089431  -0.041794  2.000000  1.000000  -0.000042  0.000136  -0.000136  0.000201  1.000000  -0.000042  -1.000000  0.000201  0.999993  -0.001092  0.003686  0.001113  0.999984  -0.005600  -0.003680  0.005604  0.999978  1.000000  -0.000014  0.000046  0.000014  1.000000  -0.000070  -0.000046  0.000070  1.000000  1.000000  -0.000042  0.000136  -0.000136  0.000201  1.000000  -0.000042  -1.000000  0.000201  0.000054  0.006794  
115.396210 0.012243  0.092587  -0.019619  0.997021  0.067813  0.036757  -0.046010  0.140386  0.989027  0.061909  -0.987772  0.143088  0.005207  0.000612  0.002588  -0.220538  -0.102499  -0.039594  2.000000  1.000000  -0.000100  0.000341  -0.000341  0.000504  1.000000  -0.000101  -1.000000  0.000504  0.999990  -0.001134  0.004316  0.001161  0.999980  -0.006289  -0.004309  0.006294  0.999971  1.000000  -0.000014  0.000054  0.000014  1.000000  -0.000079  -0.000054  0.000079  1.000000  1.000000  -0.000100  0.000341  -0.000341  0.000504  1.000000  -0.000101  -1.000000  0.000504  0.000061  0.007713  
115.397211 0.012249  0.092588  -0.019618  0.997019  0.067733  0.036938  -0.046216  0.140978  0.988933  0.061776  -0.987693  0.143688  0.005320  0.000605  0.002527  -0.241725  -0.117590  -0.042376  2.000000  1.000000  -0.000161  0.000570  -0.000570  0.000839  0.999999  -0.000161  -1.000000  0.000839  0.999988  -0.001205  0.004742  0.001237  0.999976  -0.006870  -0.004734  0.006875  0.999965  1.000000  -0.000015  0.000059  0.000015  1.000000  -0.000086  -0.000059  0.000086  1.000000  1.000000  -0.000161  0.000570  -0.000570  0.000839  0.999999  -0.000161  -1.000000  0.000839  0.000067  0.008436  
115.398211 0.012254  0.092588  -0.019616  0.997018  0.067652  0.037120  -0.046422  0.141570  0.988839  0.061642  -0.987614  0.144288  0.005392  0.000516  0.002438  -0.261233  -0.131901  -0.044848  2.000000  1.000000  -0.000229  0.000816  -0.000816  0.001204  0.999999  -0.000230  -0.999999  0.001204  0.999987  -0.001436  0.004985  0.001474  0.999971  -0.007462  -0.004974  0.007470  0.999960  1.000000  -0.000018  0.000062  0.000018  1.000000  -0.000093  -0.000062  0.000093  1.000000  1.000000  -0.000229  0.000816  -0.000816  0.001204  0.999999  -0.000230  -0.999999  0.001204  0.000074  0.009092  
115.399214 0.012260  0.092588  -0.019614  0.997009  0.067708  0.037274  -0.046627  0.142275  0.988728  0.061642  -0.987509  0.145007  0.005454  0.000493  0.002414  -0.285216  -0.138733  -0.043820  2.000000  0.999999  -0.000294  0.001067  -0.001066  0.001595  0.999998  -0.000296  -0.999999  0.001595  0.999987  -0.001300  0.004967  0.001341  0.999967  -0.008069  -0.004956  0.008076  0.999955  1.000000  -0.000017  0.000062  0.000017  1.000000  -0.000101  -0.000062  0.000101  1.000000  0.999999  -0.000294  0.001067  -0.001066  0.001595  0.999998  -0.000296  -0.999999  0.001595  0.000080  0.009567  
115.400461 0.012268  0.092588  -0.019611  0.997007  0.067638  0.037440  -0.046833  0.143107  0.988599  0.061509  -0.987393  0.145846  0.005501  0.000484  0.002424  -0.310432  -0.151855  -0.045897  2.000000  0.999999  -0.000359  0.001307  -0.001306  0.002021  0.999997  -0.000362  -0.999998  0.002020  0.999988  -0.001194  0.004745  0.001236  0.999961  -0.008690  -0.004734  0.008696  0.999951  1.000000  -0.000015  0.000059  0.000015  1.000000  -0.000109  -0.000059  0.000109  1.000000  0.999999  -0.000359  0.001307  -0.001306  0.002021  0.999997  -0.000362  -0.999998  0.002020  0.000087  0.009976  
115.401715 0.012274  0.092588  -0.019608  0.997006  0.067562  0.037614  -0.047038  0.143819  0.988485  0.061375  -0.987295  0.146566  0.005519  0.000378  0.002369  -0.334122  -0.166840  -0.052775  2.000000  0.999999  -0.000431  0.001603  -0.001602  0.002591  0.999995  -0.000435  -0.999997  0.002591  0.999988  -0.001190  0.004746  0.001234  0.999956  -0.009297  -0.004735  0.009303  0.999946  1.000000  -0.000015  0.000059  0.000015  1.000000  -0.000116  -0.000059  0.000116  1.000000  0.999999  -0.000431  0.001603  -0.001602  0.002591  0.999995  -0.000435  -0.999997  0.002591  0.000095  0.010509  
115.402962 0.012280  0.092588  -0.019606  0.996996  0.067624  0.037760  -0.047243  0.144644  0.988355  0.061375  -0.987170  0.147404  0.005521  0.000292  0.002326  -0.364173  -0.181722  -0.051118  2.000000  0.999998  -0.000497  0.001896  -0.001894  0.003196  0.999993  -0.000503  -0.999995  0.003195  0.999988  -0.001054  0.004727  0.001101  0.999950  -0.009904  -0.004717  0.009909  0.999940  1.000000  -0.000013  0.000059  0.000013  1.000000  -0.000124  -0.000059  0.000124  1.000000  0.999998  -0.000497  0.001896  -0.001894  0.003196  0.999993  -0.000503  -0.999995  0.003195  0.000103  0.011028  
115.403966 0.012284  0.092587  -0.019605  0.996995  0.067554  0.037926  -0.047449  0.145476  0.988223  0.061241  -0.987053  0.148244  0.005454  0.000211  0.002332  -0.391825  -0.196040  -0.053518  2.000000  0.999998  -0.000542  0.002139  -0.002137  0.003707  0.999991  -0.000550  -0.999993  0.003706  0.999988  -0.000888  0.004912  0.000939  0.999944  -0.010499  -0.004902  0.010503  0.999933  1.000000  -0.000011  0.000061  0.000011  1.000000  -0.000131  -0.000061  0.000131  1.000000  0.999998  -0.000542  0.002139  -0.002137  0.003707  0.999991  -0.000550  -0.999993  0.003706  0.000110  0.011627  
115.405211 0.012288  0.092585  -0.019604  0.996985  0.067621  0.038063  -0.047654  0.146421  0.988074  0.061241  -0.986909  0.149201  0.005286  0.000013  0.002172  -0.423645  -0.209770  -0.051457  2.000000  0.999997  -0.000609  0.002450  -0.002448  0.004379  0.999987  -0.000620  -0.999990  0.004377  0.999987  -0.001148  0.004952  0.001202  0.999939  -0.010983  -0.004939  0.010989  0.999927  1.000000  -0.000015  0.000062  0.000015  1.000000  -0.000137  -0.000062  0.000137  1.000000  0.999997  -0.000609  0.002450  -0.002448  0.004379  0.999987  -0.000620  -0.999990  0.004377  0.000118  0.012105  
115.406463 0.012291  0.092582  -0.019603  0.996985  0.067658  0.037998  -0.047654  0.147379  0.987931  0.061241  -0.986763  0.150159  0.005069  -0.000184  0.002025  -0.452201  -0.210460  -0.055797  2.000000  0.999996  -0.000681  0.002755  -0.002751  0.005095  0.999983  -0.000695  -0.999987  0.005093  0.999988  -0.001174  0.004750  0.001229  0.999931  -0.011724  -0.004736  0.011729  0.999920  1.000000  -0.000015  0.000059  0.000015  1.000000  -0.000147  -0.000059  0.000147  1.000000  0.999996  -0.000681  0.002755  -0.002751  0.005095  0.999983  -0.000695  -0.999987  0.005093  0.000125  0.012707  
115.407712 0.012294  0.092579  -0.019603  0.996967  0.067857  0.038115  -0.047859  0.148318  0.987781  0.061375  -0.986609  0.151115  0.004782  -0.000472  0.001732  -0.480838  -0.209238  -0.046792  2.000000  0.999995  -0.000752  0.003052  -0.003047  0.005848  0.999978  -0.000770  -0.999983  0.005845  0.999988  -0.001037  0.004731  0.001094  0.999925  -0.012209  -0.004718  0.012214  0.999914  1.000000  -0.000013  0.000059  0.000013  1.000000  -0.000153  -0.000059  0.000153  1.000000  0.999995  -0.000752  0.003052  -0.003047  0.005848  0.999978  -0.000770  -0.999983  0.005845  0.000132  0.013137  
115.408982 0.012298  0.092576  -0.019603  0.996967  0.067899  0.038041  -0.047859  0.149396  0.987619  0.061375  -0.986443  0.152192  0.004484  -0.000718  0.001361  -0.513931  -0.194139  -0.039731  2.000000  0.999994  -0.000800  0.003275  -0.003270  0.006489  0.999974  -0.000822  -0.999979  0.006487  0.999990  -0.000962  0.004306  0.001018  0.999914  -0.013084  -0.004293  0.013088  0.999905  1.000000  -0.000012  0.000054  0.000012  1.000000  -0.000164  -0.000054  0.000164  1.000000  0.999994  -0.000800  0.003275  -0.003270  0.006489  0.999974  -0.000822  -0.999979  0.006487  0.000138  0.013810  
115.410030 0.012301  0.092575  -0.019603  0.996967  0.067931  0.037984  -0.047859  0.150234  0.987491  0.061375  -0.986314  0.153030  0.004345  -0.000832  0.001226  -0.533769  -0.186339  -0.036115  2.000000  0.999994  -0.000821  0.003382  -0.003376  0.006824  0.999971  -0.000844  -0.999976  0.006821  0.999990  -0.000827  0.004286  0.000885  0.999908  -0.013570  -0.004274  0.013573  0.999899  1.000000  -0.000011  0.000054  0.000011  1.000000  -0.000170  -0.000054  0.000170  1.000000  0.999994  -0.000821  0.003382  -0.003376  0.006824  0.999971  -0.000844  -0.999976  0.006821  0.000141  0.014257  
115.411276 0.012305  0.092573  -0.019603  0.996957  0.068008  0.038104  -0.048064  0.151418  0.987301  0.061375  -0.986128  0.154226  0.004131  -0.000962  0.001060  -0.566516  -0.185777  -0.031553  2.000000  0.999993  -0.000849  0.003535  -0.003529  0.007366  0.999967  -0.000875  -0.999973  0.007363  0.999991  -0.000720  0.004064  0.000780  0.999890  -0.014796  -0.004052  0.014799  0.999882  1.000000  -0.000009  0.000051  0.000009  1.000000  -0.000185  -0.000051  0.000185  1.000000  0.999993  -0.000849  0.003535  -0.003529  0.007366  0.999967  -0.000875  -0.999973  0.007363  0.000151  0.015363  
115.412312 0.012309  0.092572  -0.019603  0.996957  0.068045  0.038038  -0.048064  0.152376  0.987153  0.061375  -0.985977  0.155183  0.003939  -0.001069  0.000982  -0.594412  -0.184953  -0.026985  2.000000  0.999993  -0.000864  0.003637  -0.003630  0.007746  0.999963  -0.000893  -0.999970  0.007743  0.999992  -0.000584  0.004044  0.000647  0.999879  -0.015524  -0.004034  0.015527  0.999871  1.000000  -0.000008  0.000050  0.000008  1.000000  -0.000194  -0.000050  0.000194  1.000000  0.999993  -0.000864  0.003637  -0.003630  0.007746  0.999963  -0.000893  -0.999970  0.007743  0.000157  0.016055  
115.413460 0.012313  0.092571  -0.019601  0.996965  0.067960  0.037977  -0.048065  0.153580  0.986967  0.061241  -0.985797  0.156380  0.003761  -0.001165  0.000927  -0.619678  -0.184683  -0.031113  2.000000  0.999992  -0.000894  0.003827  -0.003819  0.008548  0.999956  -0.000927  -0.999963  0.008544  0.999993  -0.000643  0.003638  0.000702  0.999867  -0.016278  -0.003627  0.016280  0.999861  1.000000  -0.000008  0.000045  0.000008  1.000000  -0.000203  -0.000045  0.000203  1.000000  0.999992  -0.000894  0.003827  -0.003819  0.008548  0.999956  -0.000927  -0.999963  0.008544  0.000164  0.016694  
115.414464 0.012316  0.092570  -0.019599  0.996957  0.068133  0.037881  -0.048064  0.154651  0.986799  0.061375  -0.985617  0.157455  0.003613  -0.001239  0.000890  -0.648395  -0.177932  -0.032004  2.000000  0.999992  -0.000922  0.004003  -0.003995  0.009382  0.999948  -0.000959  -0.999956  0.009378  0.999994  -0.000540  0.003415  0.000598  0.999855  -0.017019  -0.003405  0.017021  0.999849  1.000000  -0.000007  0.000043  0.000007  1.000000  -0.000213  -0.000043  0.000213  1.000000  0.999992  -0.000922  0.004003  -0.003995  0.009382  0.999948  -0.000959  -0.999956  0.009378  0.000170  0.017368  
115.415711 0.012320  0.092569  -0.019597  0.996957  0.068179  0.037799  -0.048064  0.155847  0.986611  0.061375  -0.985425  0.158650  0.003433  -0.001294  0.000891  -0.677230  -0.171210  -0.032888  2.000000  0.999991  -0.000940  0.004161  -0.004151  0.010246  0.999939  -0.000983  -0.999947  0.010242  0.999996  -0.000336  0.002968  0.000388  0.999846  -0.017530  -0.002961  0.017531  0.999842  1.000000  -0.000005  0.000037  0.000005  1.000000  -0.000219  -0.000037  0.000219  1.000000  0.999991  -0.000940  0.004161  -0.004151  0.010246  0.999939  -0.000983  -0.999947  0.010242  0.000177  0.017784  
115.416716 0.012323  0.092567  -0.019595  0.996949  0.068352  0.037703  -0.048064  0.156918  0.986441  0.061509  -0.985244  0.159725  0.003206  -0.001447  0.000901  -0.708081  -0.157630  -0.026202  2.000000  0.999990  -0.000952  0.004304  -0.004293  0.011139  0.999929  -0.001000  -0.999938  0.011135  0.999996  -0.000234  0.002744  0.000284  0.999835  -0.018149  -0.002739  0.018150  0.999832  1.000000  -0.000003  0.000034  0.000003  1.000000  -0.000227  -0.000034  0.000227  1.000000  0.999990  -0.000952  0.004304  -0.004293  0.011139  0.999929  -0.001000  -0.999938  0.011135  0.000182  0.018358  
115.417966 0.012325  0.092565  -0.019592  0.996940  0.068533  0.037590  -0.048064  0.158228  0.986232  0.061642  -0.985021  0.161038  0.002955  -0.001574  0.000925  -0.741561  -0.142644  -0.019252  2.000000  0.999990  -0.000950  0.004462  -0.004450  0.012279  0.999915  -0.001005  -0.999924  0.012275  0.999997  0.000100  0.002274  -0.000058  0.999833  -0.018296  -0.002275  0.018296  0.999830  1.000000  0.000001  0.000028  -0.000001  1.000000  -0.000229  -0.000028  0.000229  1.000000  0.999990  -0.000950  0.004462  -0.004450  0.012279  0.999915  -0.001005  -0.999924  0.012275  0.000189  0.018438  
115.419213 0.012327  0.092561  -0.019590  0.996932  0.068715  0.037477  -0.048063  0.159537  0.986021  0.061776  -0.984797  0.162350  0.002812  -0.001702  0.000994  -0.771020  -0.126976  -0.007875  2.000000  0.999989  -0.000934  0.004588  -0.004576  0.013446  0.999899  -0.000995  -0.999909  0.013442  0.999998  0.000300  0.001825  -0.000266  0.999821  -0.018928  -0.001830  0.018928  0.999819  1.000000  0.000004  0.000023  -0.000004  1.000000  -0.000237  -0.000023  0.000237  1.000000  0.999989  -0.000934  0.004588  -0.004576  0.013446  0.999899  -0.000995  -0.999909  0.013442  0.000197  0.019019  
115.420464 0.012329  0.092558  -0.019587  0.996914  0.068930  0.037566  -0.048268  0.160832  0.985801  0.061909  -0.984572  0.163663  0.002676  -0.001750  0.001042  -0.795371  -0.125598  0.001139  2.000000  0.999989  -0.000905  0.004695  -0.004681  0.014649  0.999882  -0.000974  -0.999892  0.014645  0.999999  0.000533  0.001578  -0.000502  0.999811  -0.019426  -0.001588  0.019425  0.999810  1.000000  0.000006  0.000020  -0.000006  1.000000  -0.000243  -0.000020  0.000243  1.000000  0.999989  -0.000905  0.004695  -0.004681  0.014649  0.999882  -0.000974  -0.999892  0.014645  0.000203  0.019498  
115.421714 0.012331  0.092554  -0.019585  0.996906  0.069116  0.037444  -0.048268  0.162260  0.985567  0.062043  -0.984324  0.165094  0.002571  -0.001848  0.001199  -0.822619  -0.109740  0.007973  2.000000  0.999988  -0.000865  0.004797  -0.004783  0.015881  0.999862  -0.000941  -0.999874  0.015877  0.999999  0.000667  0.001555  -0.000636  0.999802  -0.019911  -0.001568  0.019910  0.999801  1.000000  0.000008  0.000020  -0.000008  1.000000  -0.000249  -0.000020  0.000249  1.000000  0.999988  -0.000865  0.004797  -0.004783  0.015881  0.999862  -0.000941  -0.999874  0.015877  0.000209  0.019984  
115.423058 0.012333  0.092550  -0.019583  0.996906  0.069166  0.037352  -0.048268  0.163575  0.985349  0.062043  -0.984103  0.166408  0.002522  -0.001851  0.001362  -0.849351  -0.096138  0.010452  2.000000  0.999988  -0.000812  0.004880  -0.004865  0.017141  0.999841  -0.000895  -0.999853  0.017137  0.999999  0.000733  0.001127  -0.000710  0.999791  -0.020422  -0.001141  0.020421  0.999791  1.000000  0.000009  0.000014  -0.000009  1.000000  -0.000255  -0.000014  0.000255  1.000000  0.999988  -0.000812  0.004880  -0.004865  0.017141  0.999841  -0.000895  -0.999853  0.017137  0.000216  0.020467  
115.424210 0.012336  0.092547  -0.019580  0.996896  0.069254  0.037454  -0.048473  0.164995  0.985103  0.062043  -0.983860  0.167840  0.002497  -0.001948  0.001586  -0.875225  -0.095585  0.015020  2.000000  0.999987  -0.000767  0.004942  -0.004927  0.018189  0.999822  -0.000856  -0.999834  0.018185  0.999999  0.000901  0.001306  -0.000873  0.999774  -0.021258  -0.001324  0.021257  0.999773  1.000000  0.000011  0.000016  -0.000011  1.000000  -0.000266  -0.000016  0.000266  1.000000  0.999987  -0.000767  0.004942  -0.004927  0.018189  0.999822  -0.000856  -0.999834  0.018185  0.000223  0.021318  
115.425461 0.012340  0.092545  -0.019577  0.996887  0.069445  0.037322  -0.048472  0.166542  0.984842  0.062176  -0.983586  0.169390  0.002456  -0.001975  0.001755  -0.900200  -0.086558  0.022730  2.000000  0.999987  -0.000703  0.005012  -0.004997  0.019539  0.999797  -0.000801  -0.999809  0.019535  0.999999  0.001000  0.001079  -0.000976  0.999760  -0.021877  -0.001101  0.021876  0.999760  1.000000  0.000012  0.000014  -0.000012  1.000000  -0.000273  -0.000014  0.000273  1.000000  0.999987  -0.000703  0.005012  -0.004997  0.019539  0.999797  -0.000801  -0.999809  0.019535  0.000229  0.021928  
115.426522 0.012343  0.092543  -0.019574  0.996869  0.069651  0.037426  -0.048677  0.167596  0.984653  0.062310  -0.983392  0.170462  0.002395  -0.001990  0.001957  -0.918368  -0.078852  0.030730  2.000000  0.999987  -0.000648  0.005059  -0.005044  0.020645  0.999774  -0.000752  -0.999787  0.020642  0.999999  0.001133  0.001055  -0.001109  0.999752  -0.022241  -0.001080  0.022240  0.999752  1.000000  0.000014  0.000013  -0.000014  1.000000  -0.000278  -0.000013  0.000278  1.000000  0.999987  -0.000648  0.005059  -0.005044  0.020645  0.999774  -0.000752  -0.999787  0.020642  0.000233  0.022296  
115.427726 0.012347  0.092542  -0.019570  0.996861  0.069837  0.037302  -0.048677  0.169023  0.984409  0.062443  -0.983135  0.171892  0.002453  -0.001946  0.002140  -0.941654  -0.070882  0.033949  2.000000  0.999987  -0.000597  0.005094  -0.005080  0.021494  0.999756  -0.000706  -0.999769  0.021491  0.999999  0.001231  0.000828  -0.001212  0.999738  -0.022860  -0.000856  0.022859  0.999738  1.000000  0.000015  0.000011  -0.000015  1.000000  -0.000286  -0.000011  0.000286  1.000000  0.999987  -0.000597  0.005094  -0.005080  0.021494  0.999756  -0.000706  -0.999769  0.021491  0.000237  0.022910  
115.428960 0.012352  0.092541  -0.019565  0.996842  0.070062  0.037371  -0.048882  0.170554  0.984135  0.062577  -0.982854  0.173440  0.002468  -0.001929  0.002337  -0.962587  -0.069467  0.042879  2.000000  0.999987  -0.000504  0.005151  -0.005138  0.022958  0.999723  -0.000622  -0.999736  0.022956  0.999999  0.001400  0.001005  -0.001376  0.999721  -0.023575  -0.001038  0.023574  0.999722  1.000000  0.000017  0.000013  -0.000017  1.000000  -0.000295  -0.000013  0.000295  1.000000  0.999987  -0.000504  0.005151  -0.005138  0.022958  0.999723  -0.000622  -0.999736  0.022956  0.000244  0.023639  
115.430211 0.012358  0.092541  -0.019560  0.996832  0.070152  0.037471  -0.049087  0.171972  0.983878  0.062577  -0.982601  0.174871  0.002599  -0.001870  0.002524  -0.986000  -0.068643  0.047320  2.000000  0.999986  -0.000402  0.005209  -0.005197  0.024454  0.999687  -0.000529  -0.999701  0.024452  0.999999  0.001497  0.000778  -0.001478  0.999709  -0.024073  -0.000813  0.024071  0.999710  1.000000  0.000019  0.000010  -0.000019  1.000000  -0.000301  -0.000010  0.000301  1.000000  0.999986  -0.000402  0.005209  -0.005197  0.024454  0.999687  -0.000529  -0.999701  0.024452  0.000249  0.024133  
115.431217 0.012362  0.092540  -0.019557  0.996824  0.070329  0.037363  -0.049087  0.173159  0.983670  0.062710  -0.982380  0.176061  0.002724  -0.001872  0.002573  -1.006617  -0.060880  0.055532  2.000000  0.999986  -0.000321  0.005259  -0.005249  0.025669  0.999657  -0.000456  -0.999670  0.025666  0.999998  0.001534  0.000978  -0.001510  0.999701  -0.024424  -0.001015  0.024422  0.999701  1.000000  0.000019  0.000012  -0.000019  1.000000  -0.000305  -0.000012  0.000305  1.000000  0.999986  -0.000321  0.005259  -0.005249  0.025669  0.999657  -0.000456  -0.999670  0.025666  0.000255  0.024493  
115.432463 0.012367  0.092537  -0.019553  0.996795  0.070591  0.037633  -0.049497  0.174674  0.983381  0.062844  -0.982093  0.177608  0.002829  -0.001918  0.002691  -1.030907  -0.066911  0.061183  2.000000  0.999986  -0.000236  0.005317  -0.005308  0.026901  0.999624  -0.000379  -0.999638  0.026899  0.999998  0.001704  0.001154  -0.001675  0.999695  -0.024654  -0.001196  0.024652  0.999695  1.000000  0.000021  0.000015  -0.000021  1.000000  -0.000308  -0.000015  0.000308  1.000000  0.999986  -0.000236  0.005317  -0.005308  0.026901  0.999624  -0.000379  -0.999638  0.026899  0.000262  0.024741  
115.433716 0.012371  0.092534  -0.019547  0.996785  0.070691  0.037715  -0.049702  0.176329  0.983076  0.062844  -0.981790  0.179276  0.003026  -0.001917  0.002890  -1.055334  -0.066089  0.065706  2.000000  0.999985  -0.000122  0.005393  -0.005387  0.028410  0.999582  -0.000275  -0.999596  0.028409  0.999998  0.001706  0.001151  -0.001678  0.999709  -0.024047  -0.001192  0.024045  0.999710  1.000000  0.000021  0.000015  -0.000021  1.000000  -0.000301  -0.000015  0.000301  1.000000  0.999985  -0.000122  0.005393  -0.005387  0.028410  0.999582  -0.000275  -0.999596  0.028409  0.000268  0.024136  
115.434961 0.012376  0.092531  -0.019541  0.996766  0.070922  0.037773  -0.049907  0.177977  0.982768  0.062977  -0.981475  0.180941  0.003230  -0.001845  0.003166  -1.079049  -0.064732  0.069648  2.000000  0.999985  0.000007  0.005479  -0.005477  0.029914  0.999537  -0.000157  -0.999552  0.029913  0.999997  0.002045  0.001504  -0.002008  0.999704  -0.024265  -0.001553  0.024262  0.999704  1.000000  0.000025  0.000019  -0.000025  1.000000  -0.000303  -0.000019  0.000303  1.000000  0.999985  0.000007  0.005479  -0.005477  0.029914  0.999537  -0.000157  -0.999552  0.029913  0.000274  0.024398  
115.436214 0.012382  0.092529  -0.019534  0.996748  0.071150  0.037839  -0.050111  0.179506  0.982480  0.063111  -0.981181  0.182487  0.003473  -0.001753  0.003430  -1.099734  -0.071228  0.075898  2.000000  0.999984  0.000141  0.005580  -0.005582  0.031430  0.999490  -0.000035  -0.999506  0.031430  0.999996  0.002085  0.001703  -0.002043  0.999704  -0.024252  -0.001753  0.024248  0.999704  1.000000  0.000026  0.000022  -0.000026  1.000000  -0.000303  -0.000022  0.000303  1.000000  0.999984  0.000141  0.005580  -0.005582  0.031430  0.999490  -0.000035  -0.999506  0.031430  0.000278  0.024402  
115.437464 0.012388  0.092527  -0.019527  0.996729  0.071378  0.037905  -0.050316  0.181033  0.982189  0.063245  -0.980883  0.184033  0.003737  -0.001631  0.003757  -1.120060  -0.071127  0.075986  2.000000  0.999984  0.000280  0.005693  -0.005699  0.032958  0.999441  0.000092  -0.999457  0.032959  0.999996  0.002126  0.001902  -0.002078  0.999698  -0.024482  -0.001953  0.024478  0.999698  1.000000  0.000026  0.000024  -0.000026  1.000000  -0.000306  -0.000024  0.000306  1.000000  0.999984  0.000280  0.005693  -0.005699  0.032958  0.999441  0.000092  -0.999457  0.032959  0.000283  0.024648  
115.438715 0.012394  0.092525  -0.019520  0.996700  0.071648  0.038163  -0.050726  0.182665  0.981866  0.063378  -0.980561  0.185696  0.003973  -0.001538  0.004067  -1.140315  -0.083928  0.082910  2.000000  0.999983  0.000423  0.005822  -0.005833  0.034502  0.999388  0.000222  -0.999405  0.034504  0.999995  0.002167  0.002100  -0.002114  0.999689  -0.024832  -0.002153  0.024828  0.999689  1.000000  0.000027  0.000027  -0.000027  1.000000  -0.000310  -0.000027  0.000310  1.000000  0.999983  0.000423  0.005822  -0.005833  0.034502  0.999388  0.000222  -0.999405  0.034504  0.000290  0.025015  
115.439771 0.012400  0.092524  -0.019515  0.996681  0.071868  0.038245  -0.050931  0.183953  0.981615  0.063512  -0.980304  0.187003  0.004201  -0.001472  0.004291  -1.156054  -0.089869  0.088603  2.000000  0.999982  0.000540  0.005938  -0.005953  0.035749  0.999343  0.000327  -0.999361  0.035752  0.999995  0.002208  0.002299  -0.002150  0.999684  -0.025062  -0.002353  0.025057  0.999683  1.000000  0.000027  0.000029  -0.000027  1.000000  -0.000313  -0.000029  0.000313  1.000000  0.999982  0.000540  0.005938  -0.005953  0.035749  0.999343  0.000327  -0.999361  0.035752  0.000295  0.025264  
115.440960 0.012407  0.092523  -0.019509  0.996662  0.072102  0.038299  -0.051136  0.185598  0.981294  0.063645  -0.979977  0.188666  0.004462  -0.001421  0.004483  -1.171578  -0.088304  0.092450  2.000000  0.999981  0.000662  0.006068  -0.006088  0.037022  0.999296  0.000437  -0.999314  0.037026  0.999994  0.002289  0.002699  -0.002219  0.999669  -0.025643  -0.002756  0.025636  0.999668  1.000000  0.000028  0.000034  -0.000028  1.000000  -0.000321  -0.000034  0.000321  1.000000  0.999981  0.000662  0.006068  -0.006088  0.037022  0.999296  0.000437  -0.999314  0.037026  0.000298  0.025885  
115.441961 0.012414  0.092522  -0.019505  0.996632  0.072356  0.038590  -0.051545  0.186752  0.981054  0.063779  -0.979739  0.189853  0.004663  -0.001403  0.004533  -1.178835  -0.100943  0.099316  2.000000  0.999980  0.000785  0.006206  -0.006231  0.038313  0.999246  0.000547  -0.999265  0.038318  0.999993  0.002424  0.002670  -0.002354  0.999659  -0.026006  -0.002732  0.026000  0.999658  1.000000  0.000030  0.000034  -0.000030  1.000000  -0.000325  -0.000034  0.000325  1.000000  0.999980  0.000785  0.006206  -0.006231  0.038313  0.999246  0.000547  -0.999265  0.038318  0.000302  0.026255  
115.443210 0.012422  0.092522  -0.019500  0.996613  0.072591  0.038644  -0.051750  0.188396  0.980729  0.063912  -0.979407  0.191515  0.004867  -0.001322  0.004506  -1.193152  -0.105867  0.109320  2.000000  0.999979  0.000943  0.006391  -0.006424  0.039938  0.999181  0.000687  -0.999202  0.039944  0.999992  0.002376  0.003095  -0.002294  0.999657  -0.026102  -0.003156  0.026095  0.999654  1.000000  0.000029  0.000039  -0.000029  1.000000  -0.000326  -0.000039  0.000326  1.000000  0.999979  0.000943  0.006391  -0.006424  0.039938  0.999181  0.000687  -0.999202  0.039944  0.000304  0.026391  
115.444459 0.012431  0.092521  -0.019497  0.996591  0.072735  0.038924  -0.052161  0.190031  0.980391  0.063912  -0.979080  0.193178  0.005101  -0.001325  0.004495  -1.204559  -0.119985  0.107510  2.000000  0.999978  0.001111  0.006596  -0.006637  0.041577  0.999113  0.000835  -0.999135  0.041584  0.999991  0.002592  0.003469  -0.002500  0.999657  -0.026076  -0.003535  0.026068  0.999654  1.000000  0.000032  0.000044  -0.000032  1.000000  -0.000326  -0.000044  0.000326  1.000000  0.999978  0.001111  0.006596  -0.006637  0.041577  0.999113  0.000835  -0.999135  0.041584  0.000308  0.026432  
115.445713 0.012440  0.092521  -0.019491  0.996561  0.073011  0.039178  -0.052570  0.191659  0.980053  0.064046  -0.978742  0.194838  0.005357  -0.001248  0.004528  -1.221817  -0.133605  0.115466  2.000000  0.999976  0.001287  0.006812  -0.006861  0.043212  0.999042  0.000992  -0.999065  0.043220  0.999990  0.002769  0.003640  -0.002672  0.999650  -0.026306  -0.003711  0.026296  0.999647  1.000000  0.000034  0.000046  -0.000034  1.000000  -0.000329  -0.000046  0.000329  1.000000  0.999976  0.001287  0.006812  -0.006861  0.043212  0.999042  0.000992  -0.999065  0.043220  0.000312  0.026699  
115.446961 0.012448  0.092520  -0.019486  0.996531  0.073288  0.039431  -0.052980  0.193286  0.979711  0.064179  -0.978401  0.196498  0.005533  -0.001202  0.004546  -1.231042  -0.145819  0.117142  2.000000  0.999974  0.001469  0.007047  -0.007106  0.044859  0.998968  0.001151  -0.998992  0.044868  0.999989  0.002815  0.003836  -0.002713  0.999644  -0.026536  -0.003910  0.026525  0.999641  1.000000  0.000035  0.000048  -0.000035  1.000000  -0.000332  -0.000048  0.000332  1.000000  0.999974  0.001469  0.007047  -0.007106  0.044859  0.998968  0.001151  -0.998992  0.044868  0.000315  0.026957  
115.447971 0.012455  0.092519  -0.019481  0.996512  0.073516  0.039500  -0.053185  0.194690  0.979422  0.064313  -0.978106  0.197920  0.005773  -0.001116  0.004626  -1.245464  -0.153729  0.119619  2.000000  0.999972  0.001616  0.007241  -0.007308  0.046183  0.998906  0.001279  -0.998932  0.046193  0.999988  0.002862  0.004034  -0.002754  0.999644  -0.026522  -0.004108  0.026511  0.999640  1.000000  0.000035  0.000051  -0.000035  1.000000  -0.000331  -0.000051  0.000331  1.000000  0.999972  0.001616  0.007241  -0.007308  0.046183  0.998906  0.001279  -0.998932  0.046193  0.000319  0.026977  
115.448972 0.012461  0.092518  -0.019477  0.996492  0.073744  0.039567  -0.053390  0.196093  0.979131  0.064446  -0.977808  0.199342  0.005943  -0.001040  0.004598  -1.256261  -0.160245  0.120972  2.000000  0.999971  0.001728  0.007398  -0.007471  0.047176  0.998859  0.001377  -0.998885  0.047188  0.999987  0.002908  0.004231  -0.002794  0.999638  -0.026752  -0.004307  0.026739  0.999633  1.000000  0.000036  0.000053  -0.000036  1.000000  -0.000334  -0.000053  0.000334  1.000000  0.999971  0.001728  0.007398  -0.007471  0.047176  0.998859  0.001377  -0.998885  0.047188  0.000322  0.027237  
115.450213 0.012469  0.092516  -0.019472  0.996461  0.074028  0.039809  -0.053800  0.197837  0.978758  0.064580  -0.977436  0.201119  0.006136  -0.001006  0.004539  -1.272531  -0.166897  0.122528  2.000000  0.999969  0.001918  0.007664  -0.007748  0.048857  0.998776  0.001541  -0.998804  0.048870  0.999986  0.002957  0.004427  -0.002836  0.999629  -0.027102  -0.004505  0.027089  0.999623  1.000000  0.000036  0.000056  -0.000036  1.000000  -0.000339  -0.000056  0.000339  1.000000  0.999969  0.001918  0.007664  -0.007748  0.048857  0.998776  0.001541  -0.998804  0.048870  0.000326  0.027617  
115.451465 0.012478  0.092513  -0.019467  0.996430  0.074313  0.040050  -0.054209  0.199580  0.978381  0.064713  -0.977060  0.202896  0.006284  -0.001023  0.004359  -1.283791  -0.180262  0.125341  2.000000  0.999966  0.002115  0.007944  -0.008041  0.050551  0.998689  0.001710  -0.998719  0.050566  0.999985  0.003006  0.004623  -0.002879  0.999626  -0.027210  -0.004703  0.027196  0.999619  1.000000  0.000037  0.000058  -0.000037  1.000000  -0.000340  -0.000058  0.000340  1.000000  0.999966  0.002115  0.007944  -0.008041  0.050551  0.998689  0.001710  -0.998719  0.050566  0.000329  0.027760  
115.452710 0.012486  0.092510  -0.019464  0.996391  0.074730  0.040263  -0.054619  0.201314  0.978003  0.064980  -0.976672  0.204669  0.006413  -0.001071  0.004119  -1.303486  -0.192596  0.137485  2.000000  0.999963  0.002318  0.008231  -0.008341  0.052252  0.998599  0.001884  -0.998631  0.052270  0.999985  0.003015  0.004617  -0.002889  0.999626  -0.027209  -0.004697  0.027195  0.999619  1.000000  0.000037  0.000058  -0.000037  1.000000  -0.000340  -0.000058  0.000340  1.000000  0.999963  0.002318  0.008231  -0.008341  0.052252  0.998599  0.001884  -0.998631  0.052270  0.000333  0.027759  
