1-Time 2-Px 3-Py 4-Pz 5-R11 6-R21 7-R31 8-R12 9-R22 10-R32 11-R13 12-R23 13-R33 14-Vx 15-Vy 16-Vz 17-Wx 18-Wy 19-Wz 20-state 21-PR11 22-PR21 23-PR31 24-PR12 25-PR22 26-PR32 27-PR13 28-PR23 29-PR33 
8.779090 0.000775  0.086261  -0.007135  0.969339  0.230578  -0.084946  -0.226290  0.972380  0.057190  0.095787  -0.036214  0.994743  0.014745  0.009114  0.001913  -0.543203  0.012745  0.117777  2.000000  1.000000  0.000000  0.000000  -0.000000  1.000000  0.000000  0.000000  -0.000000  1.000000  0.999997  0.002472  -0.000311  -0.002475  0.999942  -0.010437  0.000285  0.010438  0.999945  1.000000  0.000031  -0.000004  -0.000031  1.000000  -0.000130  0.000004  0.000130  1.000000  1.000000  0.000031  -0.000004  -0.000031  1.000000  -0.000130  0.000004  0.000130  1.000000  0.001258  0.010731  
8.780094 0.000789  0.086270  -0.007133  0.969280  0.230742  -0.085176  -0.226487  0.972359  0.056766  0.095920  -0.035731  0.994748  0.014678  0.009085  0.001929  -0.538392  0.016996  0.124833  2.000000  1.000000  0.000124  -0.000020  -0.000124  1.000000  -0.000519  0.000020  0.000519  1.000000  0.999997  0.002477  -0.000446  -0.002481  0.999944  -0.010316  0.000420  0.010317  0.999947  1.000000  0.000031  -0.000005  -0.000031  1.000000  -0.000129  0.000005  0.000129  1.000000  1.000000  0.000124  -0.000020  -0.000124  1.000000  -0.000519  0.000020  0.000519  1.000000  0.001251  0.010619  
8.781094 0.000803  0.086277  -0.007131  0.969127  0.231295  -0.085411  -0.227082  0.972249  0.056259  0.096053  -0.035127  0.994756  0.014611  0.008916  0.001915  -0.537076  0.020966  0.138782  2.000000  1.000000  0.000255  -0.000041  -0.000256  0.999999  -0.001035  0.000041  0.001035  0.999999  0.999996  0.002886  -0.000433  -0.002890  0.999943  -0.010276  0.000403  0.010278  0.999947  1.000000  0.000036  -0.000005  -0.000036  1.000000  -0.000128  0.000005  0.000128  1.000000  1.000000  0.000255  -0.000041  -0.000256  0.999999  -0.001035  0.000041  0.001035  0.999999  0.001253  0.010684  
8.782344 0.000821  0.086285  -0.007130  0.968927  0.232038  -0.085663  -0.227877  0.972098  0.055652  0.096186  -0.034403  0.994769  0.014545  0.008643  0.001877  -0.535087  0.024677  0.159603  2.000000  1.000000  0.000467  -0.000078  -0.000467  0.999998  -0.001672  0.000078  0.001672  0.999999  0.999994  0.003510  -0.000681  -0.003516  0.999943  -0.010095  0.000645  0.010097  0.999949  1.000000  0.000044  -0.000008  -0.000044  1.000000  -0.000126  0.000008  0.000126  1.000000  1.000000  0.000467  -0.000078  -0.000467  0.999998  -0.001672  0.000078  0.001672  0.999999  0.001265  0.010711  
8.783594 0.000839  0.086293  -0.007129  0.968774  0.232580  -0.085927  -0.228473  0.971994  0.055028  0.096319  -0.033678  0.994781  0.014522  0.008419  0.001815  -0.533382  0.028433  0.180515  2.000000  1.000000  0.000715  -0.000121  -0.000715  0.999997  -0.002303  0.000119  0.002303  0.999997  0.999991  0.004128  -0.000796  -0.004136  0.999940  -0.010156  0.000754  0.010160  0.999948  1.000000  0.000052  -0.000010  -0.000052  1.000000  -0.000127  0.000010  0.000127  1.000000  1.000000  0.000715  -0.000121  -0.000715  0.999997  -0.002303  0.000119  0.002303  0.999997  0.001272  0.010994  
8.784844 0.000858  0.086301  -0.007127  0.968667  0.232922  -0.086204  -0.228869  0.971937  0.054387  0.096452  -0.032954  0.994792  0.014525  0.008191  0.001765  -0.528793  0.032797  0.187620  2.000000  1.000000  0.000983  -0.000171  -0.000984  0.999995  -0.002934  0.000168  0.002934  0.999996  0.999989  0.004542  -0.000919  -0.004551  0.999938  -0.010116  0.000873  0.010120  0.999948  1.000000  0.000057  -0.000011  -0.000057  1.000000  -0.000126  0.000011  0.000126  1.000000  1.000000  0.000983  -0.000171  -0.000984  0.999995  -0.002934  0.000168  0.002934  0.999996  0.001277  0.011129  
8.785851 0.000873  0.086308  -0.007126  0.968513  0.233464  -0.086469  -0.229464  0.971831  0.053764  0.096586  -0.032229  0.994803  0.014554  0.008039  0.001731  -0.534340  0.036526  0.208207  2.000000  0.999999  0.001221  -0.000218  -0.001222  0.999993  -0.003443  0.000214  0.003444  0.999994  0.999987  0.004951  -0.000908  -0.004960  0.999936  -0.010197  0.000858  0.010201  0.999948  1.000000  0.000062  -0.000011  -0.000062  1.000000  -0.000127  0.000011  0.000127  1.000000  0.999999  0.001221  -0.000218  -0.001222  0.999993  -0.003443  0.000214  0.003444  0.999994  0.001292  0.011374  
8.786866 0.000888  0.086315  -0.007125  0.968286  0.234224  -0.086956  -0.230252  0.971668  0.053338  0.096985  -0.031625  0.994783  0.014550  0.007869  0.001646  -0.532016  0.049275  0.229234  2.000000  0.999999  0.001419  -0.000256  -0.001420  0.999992  -0.003829  0.000251  0.003829  0.999993  0.999984  0.005573  -0.001159  -0.005585  0.999931  -0.010379  0.001101  0.010385  0.999945  1.000000  0.000070  -0.000014  -0.000070  1.000000  -0.000130  0.000014  0.000130  1.000000  0.999999  0.001419  -0.000256  -0.001420  0.999992  -0.003829  0.000251  0.003829  0.999993  0.001311  0.011840  
8.788099 0.000907  0.086323  -0.007124  0.967976  0.235358  -0.087349  -0.231442  0.971421  0.052682  0.097251  -0.030779  0.994784  0.014597  0.007667  0.001536  -0.533179  0.052641  0.263976  2.000000  0.999998  0.001732  -0.000326  -0.001733  0.999989  -0.004354  0.000318  0.004354  0.999990  0.999977  0.006609  -0.001532  -0.006624  0.999923  -0.010519  0.001462  0.010529  0.999943  1.000000  0.000083  -0.000019  -0.000083  1.000000  -0.000132  0.000019  0.000132  1.000000  0.999998  0.001732  -0.000326  -0.001733  0.999989  -0.004354  0.000318  0.004354  0.999990  0.001338  0.012521  
8.789353 0.000927  0.086331  -0.007125  0.967699  0.236296  -0.087883  -0.232429  0.971220  0.052041  0.097651  -0.029933  0.994770  0.014686  0.007413  0.001296  -0.537681  0.064957  0.298718  2.000000  0.999998  0.002182  -0.000433  -0.002184  0.999985  -0.005014  0.000422  0.005015  0.999987  0.999971  0.007439  -0.001913  -0.007459  0.999916  -0.010557  0.001835  0.010571  0.999942  1.000000  0.000093  -0.000023  -0.000093  1.000000  -0.000132  0.000023  0.000132  1.000000  0.999998  0.002182  -0.000433  -0.002184  0.999985  -0.005014  0.000422  0.005015  0.999987  0.001386  0.013062  
8.790595 0.000945  0.086338  -0.007128  0.967385  0.237439  -0.088250  -0.233618  0.970963  0.051505  0.097917  -0.029209  0.994766  0.014710  0.007182  0.000952  -0.530368  0.072897  0.333486  2.000000  0.999996  0.002693  -0.000557  -0.002696  0.999980  -0.005677  0.000542  0.005678  0.999984  0.999960  0.008674  -0.002150  -0.008696  0.999906  -0.010556  0.002058  0.010574  0.999942  1.000000  0.000109  -0.000026  -0.000109  1.000000  -0.000132  0.000026  0.000132  1.000000  0.999996  0.002693  -0.000557  -0.002696  0.999980  -0.005677  0.000542  0.005678  0.999984  0.001428  0.013838  
8.791598 0.000960  0.086345  -0.007130  0.967119  0.238392  -0.088601  -0.234608  0.970748  0.051070  0.098184  -0.028605  0.994757  0.014746  0.007021  0.000606  -0.527093  0.080826  0.368256  2.000000  0.999995  0.003145  -0.000668  -0.003149  0.999976  -0.006203  0.000649  0.006205  0.999981  0.999954  0.009291  -0.002270  -0.009315  0.999902  -0.010495  0.002172  0.010515  0.999942  1.000000  0.000116  -0.000028  -0.000116  1.000000  -0.000131  0.000028  0.000131  1.000000  0.999995  0.003145  -0.000668  -0.003149  0.999976  -0.006203  0.000649  0.006205  0.999981  0.001442  0.014207  
8.792847 0.000979  0.086353  -0.007133  0.966803  0.239534  -0.088970  -0.235796  0.970488  0.050536  0.098450  -0.027880  0.994751  0.014772  0.006791  0.000262  -0.523532  0.088802  0.402809  2.000000  0.999993  0.003775  -0.000816  -0.003780  0.999969  -0.006864  0.000790  0.006867  0.999976  0.999942  0.010522  -0.002375  -0.010547  0.999888  -0.010613  0.002264  0.010638  0.999941  1.000000  0.000132  -0.000029  -0.000132  1.000000  -0.000133  0.000029  0.000133  1.000000  0.999993  0.003775  -0.000816  -0.003780  0.999969  -0.006864  0.000790  0.006867  0.999976  0.001499  0.015142  
8.793855 0.000994  0.086359  -0.007136  0.966534  0.240486  -0.089323  -0.236785  0.970269  0.050103  0.098716  -0.027276  0.994742  0.014831  0.006574  -0.000097  -0.520819  0.097052  0.430614  2.000000  0.999990  0.004330  -0.000944  -0.004336  0.999963  -0.007390  0.000912  0.007394  0.999972  0.999930  0.011552  -0.002620  -0.011579  0.999878  -0.010509  0.002498  0.010539  0.999941  1.000000  0.000145  -0.000032  -0.000145  1.000000  -0.000132  0.000032  0.000132  1.000000  0.999990  0.004330  -0.000944  -0.004336  0.999963  -0.007390  0.000912  0.007394  0.999972  0.001535  0.015846  
8.795098 0.001012  0.086363  -0.007141  0.966166  0.241815  -0.089714  -0.238171  0.969962  0.049472  0.098982  -0.026430  0.994738  0.014871  0.006187  -0.000542  -0.524207  0.104662  0.479019  2.000000  0.999987  0.004944  -0.001085  -0.004952  0.999956  -0.007923  0.001046  0.007928  0.999968  0.999914  0.012786  -0.002863  -0.012816  0.999860  -0.010749  0.002725  0.010784  0.999938  1.000000  0.000160  -0.000035  -0.000160  1.000000  -0.000135  0.000035  0.000135  1.000000  0.999987  0.004944  -0.001085  -0.004952  0.999956  -0.007923  0.001046  0.007928  0.999968  0.001613  0.016959  
8.796350 0.001030  0.086367  -0.007146  0.965783  0.243146  -0.090237  -0.239554  0.969652  0.048874  0.099382  -0.025585  0.994720  0.014894  0.005881  -0.001015  -0.524038  0.112596  0.520446  2.000000  0.999982  0.005787  -0.001277  -0.005798  0.999946  -0.008596  0.001227  0.008603  0.999962  0.999899  0.013818  -0.003247  -0.013853  0.999845  -0.010884  0.003096  0.010928  0.999935  1.000000  0.000173  -0.000040  -0.000173  1.000000  -0.000136  0.000040  0.000136  1.000000  0.999982  0.005787  -0.001277  -0.005798  0.999946  -0.008596  0.001227  0.008603  0.999962  0.001670  0.017901  
8.797592 0.001048  0.086372  -0.007150  0.965461  0.244262  -0.090672  -0.240740  0.969397  0.048109  0.099648  -0.024619  0.994718  0.014922  0.005692  -0.001344  -0.532958  0.120871  0.555196  2.000000  0.999976  0.006699  -0.001485  -0.006713  0.999934  -0.009281  0.001423  0.009290  0.999956  0.999884  0.014846  -0.003499  -0.014884  0.999829  -0.011019  0.003335  0.011070  0.999933  1.000000  0.000186  -0.000043  -0.000186  1.000000  -0.000138  0.000043  0.000138  1.000000  0.999976  0.006699  -0.001485  -0.006713  0.999934  -0.009281  0.001423  0.009290  0.999956  0.001736  0.018832  
8.798598 0.001063  0.086376  -0.007152  0.965236  0.245001  -0.091069  -0.241528  0.969228  0.047543  0.099914  -0.023894  0.994709  0.014960  0.005476  -0.001646  -0.534881  0.129539  0.575994  2.000000  0.999971  0.007478  -0.001666  -0.007494  0.999924  -0.009837  0.001592  0.009849  0.999950  0.999867  0.015874  -0.003751  -0.015915  0.999811  -0.011155  0.003574  0.011213  0.999931  1.000000  0.000199  -0.000046  -0.000199  1.000000  -0.000140  0.000046  0.000140  1.000000  0.999971  0.007478  -0.001666  -0.007494  0.999924  -0.009837  0.001592  0.009849  0.999950  0.001795  0.019778  
8.799600 0.001079  0.086378  -0.007155  0.964961  0.245938  -0.091457  -0.242515  0.969009  0.046996  0.100181  -0.023170  0.994699  0.014985  0.005229  -0.001847  -0.539649  0.137787  0.610693  2.000000  0.999964  0.008292  -0.001860  -0.008311  0.999911  -0.010403  0.001773  0.010418  0.999944  0.999853  0.016697  -0.004012  -0.016741  0.999794  -0.011432  0.003820  0.011498  0.999927  1.000000  0.000209  -0.000049  -0.000209  1.000000  -0.000143  0.000049  0.000143  1.000000  0.999964  0.008292  -0.001860  -0.008311  0.999911  -0.010403  0.001773  0.010418  0.999944  0.001859  0.020649  
8.800842 0.001099  0.086381  -0.007158  0.964622  0.247054  -0.092026  -0.243697  0.968747  0.046267  0.100580  -0.022204  0.994681  0.015104  0.004896  -0.002123  -0.544078  0.149493  0.640365  2.000000  0.999954  0.009369  -0.002114  -0.009392  0.999894  -0.011126  0.002009  0.011146  0.999936  0.999838  0.017515  -0.004142  -0.017562  0.999777  -0.011709  0.003936  0.011780  0.999923  1.000000  0.000219  -0.000051  -0.000219  1.000000  -0.000147  0.000050  0.000147  1.000000  0.999954  0.009369  -0.002114  -0.009392  0.999894  -0.011126  0.002009  0.011146  0.999936  0.001918  0.021492  
8.801850 0.001117  0.086383  -0.007160  0.964344  0.247979  -0.092447  -0.244683  0.968530  0.045605  0.100846  -0.021358  0.994673  0.015243  0.004546  -0.002354  -0.553578  0.154765  0.672845  2.000000  0.999945  0.010265  -0.002330  -0.010292  0.999878  -0.011711  0.002209  0.011734  0.999929  0.999830  0.017924  -0.004279  -0.017973  0.999769  -0.011784  0.004067  0.011859  0.999921  1.000000  0.000224  -0.000052  -0.000224  1.000000  -0.000148  0.000052  0.000148  1.000000  0.999945  0.010265  -0.002330  -0.010292  0.999878  -0.011711  0.002209  0.011734  0.999929  0.001984  0.021895  
8.803093 0.001138  0.086385  -0.007163  0.964066  0.248880  -0.092929  -0.245669  0.968322  0.044708  0.101113  -0.020272  0.994668  0.015392  0.004138  -0.002596  -0.562418  0.163371  0.707505  2.000000  0.999934  0.011182  -0.002555  -0.011212  0.999861  -0.012314  0.002417  0.012342  0.999921  0.999818  0.018539  -0.004552  -0.018594  0.999753  -0.012200  0.004325  0.012282  0.999915  1.000000  0.000232  -0.000056  -0.000232  1.000000  -0.000153  0.000055  0.000153  1.000000  0.999934  0.011182  -0.002555  -0.011212  0.999861  -0.012314  0.002417  0.012342  0.999921  0.002061  0.022679  
8.804099 0.001155  0.086387  -0.007165  0.963837  0.249603  -0.093362  -0.246456  0.968153  0.044029  0.101379  -0.019427  0.994658  0.015521  0.003805  -0.002750  -0.572444  0.172212  0.728215  2.000000  0.999923  0.012114  -0.002791  -0.012149  0.999843  -0.012934  0.002634  0.012966  0.999912  0.999813  0.018745  -0.004831  -0.018804  0.999746  -0.012417  0.004597  0.012505  0.999911  1.000000  0.000235  -0.000059  -0.000235  1.000000  -0.000156  0.000059  0.000156  1.000000  0.999923  0.012114  -0.002791  -0.012149  0.999843  -0.012934  0.002634  0.012966  0.999912  0.002114  0.023024  
8.805102 0.001172  0.086388  -0.007168  0.963607  0.250326  -0.093796  -0.247243  0.967983  0.043350  0.101645  -0.018582  0.994647  0.015670  0.003462  -0.002785  -0.582442  0.181073  0.748884  2.000000  0.999910  0.013066  -0.003035  -0.013106  0.999822  -0.013566  0.002857  0.013604  0.999903  0.999804  0.019153  -0.004974  -0.019215  0.999734  -0.012734  0.004729  0.012827  0.999907  1.000000  0.000240  -0.000061  -0.000240  1.000000  -0.000160  0.000061  0.000160  1.000000  0.999910  0.013066  -0.003035  -0.013106  0.999822  -0.013566  0.002857  0.013604  0.999903  0.002185  0.023558  
8.806346 0.001194  0.086389  -0.007172  0.963377  0.251025  -0.094292  -0.248030  0.967822  0.042437  0.101911  -0.017496  0.994640  0.015855  0.002970  -0.002824  -0.595873  0.185447  0.776384  2.000000  0.999896  0.014038  -0.003288  -0.014083  0.999800  -0.014216  0.003088  0.014261  0.999894  0.999796  0.019559  -0.005121  -0.019625  0.999721  -0.013172  0.004862  0.013269  0.999900  1.000000  0.000245  -0.000062  -0.000245  1.000000  -0.000165  0.000062  0.000165  1.000000  0.999896  0.014038  -0.003288  -0.014083  0.999800  -0.014216  0.003088  0.014261  0.999894  0.002243  0.024159  
8.807600 0.001216  0.086389  -0.007176  0.963095  0.251922  -0.094781  -0.249014  0.967608  0.041544  0.102177  -0.016409  0.994631  0.016092  0.002467  -0.002901  -0.609445  0.194394  0.804133  2.000000  0.999877  0.015262  -0.003608  -0.015315  0.999770  -0.015044  0.003377  0.015097  0.999880  0.999796  0.019550  -0.005008  -0.019616  0.999719  -0.013288  0.004747  0.013383  0.999899  1.000000  0.000245  -0.000061  -0.000245  1.000000  -0.000167  0.000061  0.000167  1.000000  0.999877  0.015262  -0.003608  -0.015315  0.999770  -0.015044  0.003377  0.015097  0.999880  0.002301  0.024192  
8.808846 0.001236  0.086388  -0.007180  0.962811  0.252807  -0.095303  -0.249999  0.967397  0.040536  0.102444  -0.015202  0.994623  0.016169  0.001949  -0.002952  -0.626959  0.203399  0.831689  2.000000  0.999857  0.016462  -0.003919  -0.016522  0.999737  -0.015875  0.003656  0.015938  0.999866  0.999805  0.019133  -0.004903  -0.019197  0.999725  -0.013445  0.004644  0.013537  0.999898  1.000000  0.000240  -0.000060  -0.000240  1.000000  -0.000169  0.000060  0.000169  1.000000  0.999857  0.016462  -0.003919  -0.016522  0.999737  -0.015875  0.003656  0.015938  0.999866  0.002384  0.023921  
8.810099 0.001256  0.086387  -0.007184  0.962579  0.253492  -0.095835  -0.250785  0.967236  0.039508  0.102710  -0.013996  0.994613  0.016301  0.001525  -0.002877  -0.641110  0.208212  0.852334  2.000000  0.999835  0.017650  -0.004222  -0.017719  0.999703  -0.016729  0.003926  0.016801  0.999851  0.999810  0.018919  -0.004796  -0.018984  0.999724  -0.013825  0.004533  0.013914  0.999893  1.000000  0.000237  -0.000058  -0.000237  1.000000  -0.000173  0.000058  0.000173  1.000000  0.999835  0.017650  -0.004222  -0.017719  0.999703  -0.016729  0.003926  0.016801  0.999851  0.002433  0.023945  
8.811350 0.001275  0.086385  -0.007188  0.962410  0.253974  -0.096247  -0.251376  0.967126  0.038428  0.102843  -0.012789  0.994615  0.016381  0.001124  -0.002773  -0.661073  0.207509  0.838827  2.000000  0.999817  0.018587  -0.004466  -0.018662  0.999674  -0.017441  0.004140  0.017522  0.999838  0.999814  0.018706  -0.004688  -0.018772  0.999719  -0.014450  0.004416  0.014535  0.999885  1.000000  0.000234  -0.000057  -0.000234  1.000000  -0.000181  0.000057  0.000181  1.000000  0.999817  0.018587  -0.004466  -0.018662  0.999674  -0.017441  0.004140  0.017522  0.999838  0.002471  0.024125  
8.812590 0.001294  0.086383  -0.007193  0.962190  0.254643  -0.096684  -0.252165  0.966967  0.037250  0.102976  -0.011462  0.994618  0.016371  0.000728  -0.002861  -0.680828  0.208264  0.838158  2.000000  0.999794  0.019733  -0.004764  -0.019817  0.999635  -0.018371  0.004400  0.018461  0.999820  0.999826  0.018083  -0.004587  -0.018151  0.999721  -0.015117  0.004313  0.015198  0.999875  1.000000  0.000226  -0.000056  -0.000226  1.000000  -0.000189  0.000056  0.000189  1.000000  0.999794  0.019733  -0.004764  -0.019817  0.999635  -0.018371  0.004400  0.018461  0.999820  0.002482  0.024039  
8.813597 0.001308  0.086381  -0.007196  0.962020  0.255136  -0.097068  -0.252755  0.966849  0.036289  0.103109  -0.010376  0.994616  0.016312  0.000354  -0.002921  -0.697833  0.210588  0.851707  2.000000  0.999775  0.020624  -0.004998  -0.020717  0.999602  -0.019140  0.004601  0.019239  0.999804  0.999834  0.017667  -0.004479  -0.017735  0.999720  -0.015644  0.004201  0.015721  0.999868  1.000000  0.000221  -0.000054  -0.000221  1.000000  -0.000196  0.000054  0.000196  1.000000  0.999775  0.020624  -0.004998  -0.020717  0.999602  -0.019140  0.004601  0.019239  0.999804  0.002513  0.024046  
8.814841 0.001325  0.086378  -0.007201  0.961864  0.255615  -0.097356  -0.253349  0.966735  0.035176  0.103109  -0.009169  0.994628  0.016163  -0.000093  -0.003039  -0.711630  0.205039  0.851314  2.000000  0.999750  0.021707  -0.005285  -0.021810  0.999559  -0.020134  0.004845  0.020244  0.999783  0.999846  0.017044  -0.004239  -0.017110  0.999723  -0.016191  0.003962  0.016261  0.999860  1.000000  0.000213  -0.000051  -0.000213  1.000000  -0.000203  0.000051  0.000203  1.000000  0.999750  0.021707  -0.005285  -0.021810  0.999559  -0.020134  0.004845  0.020244  0.999783  0.002536  0.023913  
8.815843 0.001339  0.086375  -0.007205  0.961746  0.255920  -0.097719  -0.253742  0.966663  0.034312  0.103242  -0.008204  0.994622  0.015964  -0.000470  -0.003172  -0.720427  0.205940  0.844462  2.000000  0.999731  0.022526  -0.005504  -0.022636  0.999524  -0.020944  0.005029  0.021063  0.999766  0.999860  0.016219  -0.004130  -0.016285  0.999733  -0.016394  0.003863  0.016459  0.999857  1.000000  0.000203  -0.000050  -0.000203  1.000000  -0.000205  0.000050  0.000205  1.000000  0.999731  0.022526  -0.005504  -0.022636  0.999524  -0.020944  0.005029  0.021063  0.999766  0.002564  0.023453  
8.817093 0.001356  0.086372  -0.007209  0.961576  0.256375  -0.098199  -0.254332  0.966554  0.032999  0.103375  -0.006756  0.994619  0.015651  -0.000810  -0.003255  -0.746141  0.195962  0.824417  2.000000  0.999707  0.023497  -0.005771  -0.023618  0.999479  -0.021986  0.005251  0.022116  0.999742  0.999877  0.015187  -0.003893  -0.015251  0.999739  -0.016983  0.003634  0.017041  0.999848  1.000000  0.000190  -0.000047  -0.000190  1.000000  -0.000213  0.000047  0.000213  1.000000  0.999707  0.023497  -0.005771  -0.023618  0.999479  -0.021986  0.005251  0.022116  0.999742  0.002554  0.023136  
8.818341 0.001371  0.086369  -0.007213  0.961405  0.256842  -0.098650  -0.254923  0.966438  0.031805  0.103508  -0.005429  0.994614  0.015312  -0.001149  -0.003307  -0.763883  0.190566  0.809513  2.000000  0.999688  0.024249  -0.005975  -0.024380  0.999441  -0.022858  0.005418  0.022997  0.999721  0.999881  0.014975  -0.003783  -0.015040  0.999730  -0.017730  0.003517  0.017785  0.999836  1.000000  0.000188  -0.000046  -0.000188  1.000000  -0.000222  0.000046  0.000222  1.000000  0.999688  0.024249  -0.005975  -0.024380  0.999441  -0.022858  0.005418  0.022997  0.999721  0.002551  0.023537  
8.819347 0.001384  0.086366  -0.007215  0.961300  0.257120  -0.098949  -0.255318  0.966370  0.030673  0.103508  -0.004223  0.994620  0.014904  -0.001445  -0.003319  -0.781252  0.182646  0.795422  2.000000  0.999669  0.024973  -0.006174  -0.025114  0.999402  -0.023754  0.005577  0.023901  0.999699  0.999891  0.014355  -0.003536  -0.014417  0.999731  -0.018158  0.003274  0.018207  0.999829  1.000000  0.000180  -0.000043  -0.000180  1.000000  -0.000227  0.000043  0.000227  1.000000  0.999669  0.024973  -0.006174  -0.025114  0.999402  -0.023754  0.005577  0.023901  0.999699  0.002549  0.023436  
8.820365 0.001396  0.086363  -0.007217  0.961182  0.257410  -0.099346  -0.255711  0.966297  0.029693  0.103641  -0.003137  0.994610  0.014535  -0.001712  -0.003217  -0.801980  0.180704  0.773631  2.000000  0.999650  0.025679  -0.006367  -0.025829  0.999362  -0.024671  0.005729  0.024827  0.999675  0.999897  0.013940  -0.003421  -0.014001  0.999730  -0.018562  0.003162  0.018608  0.999822  1.000000  0.000175  -0.000041  -0.000175  1.000000  -0.000232  0.000041  0.000232  1.000000  0.999650  0.025679  -0.006367  -0.025829  0.999362  -0.024671  0.005729  0.024827  0.999675  0.002562  0.023485  
8.821599 0.001409  0.086359  -0.007219  0.961024  0.257862  -0.099703  -0.256304  0.966180  0.028348  0.103641  -0.001689  0.994613  0.013966  -0.002062  -0.003087  -0.828900  0.172975  0.753087  2.000000  0.999631  0.026363  -0.006550  -0.026523  0.999320  -0.025618  0.005870  0.025782  0.999650  0.999901  0.013730  -0.003173  -0.013788  0.999721  -0.019190  0.002909  0.019232  0.999811  1.000000  0.000172  -0.000038  -0.000172  1.000000  -0.000240  0.000038  0.000240  1.000000  0.999631  0.026363  -0.006550  -0.026523  0.999320  -0.025618  0.005870  0.025782  0.999650  0.002572  0.023827  
8.822600 0.001419  0.086355  -0.007220  0.960852  0.258349  -0.100096  -0.256894  0.966051  0.027390  0.103774  -0.000603  0.994601  0.013538  -0.002281  -0.002964  -0.846474  0.169319  0.739109  2.000000  0.999612  0.027021  -0.006727  -0.027191  0.999277  -0.026588  0.006003  0.026761  0.999624  0.999909  0.013111  -0.003057  -0.013168  0.999721  -0.019616  0.002799  0.019654  0.999803  1.000000  0.000164  -0.000037  -0.000164  1.000000  -0.000245  0.000037  0.000245  1.000000  0.999612  0.027021  -0.006727  -0.027191  0.999277  -0.026588  0.006003  0.026761  0.999624  0.002576  0.023809  
8.823600 0.001429  0.086351  -0.007222  0.960746  0.258626  -0.100399  -0.257290  0.965977  0.026259  0.103774  0.000603  0.994601  0.013054  -0.002504  -0.002838  -0.869059  0.161312  0.718336  2.000000  0.999594  0.027648  -0.006892  -0.027828  0.999232  -0.027574  0.006125  0.027754  0.999596  0.999921  0.012288  -0.002806  -0.012341  0.999725  -0.019944  0.002561  0.019977  0.999797  1.000000  0.000154  -0.000034  -0.000154  1.000000  -0.000250  0.000034  0.000250  1.000000  0.999594  0.027648  -0.006892  -0.027828  0.999232  -0.027574  0.006125  0.027754  0.999596  0.002571  0.023609  
8.824844 0.001439  0.086345  -0.007225  0.960587  0.259076  -0.100760  -0.257883  0.965855  0.024915  0.103774  0.002051  0.994599  0.012494  -0.002785  -0.002771  -0.888000  0.156517  0.691540  2.000000  0.999572  0.028396  -0.007081  -0.028589  0.999175  -0.028829  0.006257  0.029019  0.999559  0.999927  0.011874  -0.002423  -0.011921  0.999722  -0.020350  0.002180  0.020378  0.999790  1.000000  0.000149  -0.000029  -0.000149  1.000000  -0.000255  0.000029  0.000255  1.000000  0.999572  0.028396  -0.007081  -0.028589  0.999175  -0.028829  0.006257  0.029019  0.999559  0.002579  0.023699  
8.825845 0.001447  0.086340  -0.007227  0.960427  0.259562  -0.101028  -0.258476  0.965721  0.023923  0.103774  0.003137  0.994596  0.012006  -0.002996  -0.002718  -0.905641  0.145261  0.676420  2.000000  0.999558  0.028836  -0.007186  -0.029037  0.999140  -0.029599  0.006327  0.029795  0.999536  0.999927  0.011872  -0.002302  -0.011917  0.999714  -0.020714  0.002055  0.020740  0.999783  1.000000  0.000149  -0.000027  -0.000149  1.000000  -0.000259  0.000027  0.000259  1.000000  0.999558  0.028836  -0.007186  -0.029037  0.999140  -0.029599  0.006327  0.029795  0.999536  0.002579  0.023999  
8.826848 0.001454  0.086335  -0.007230  0.960268  0.260036  -0.101329  -0.259069  0.965589  0.022815  0.103774  0.004343  0.994591  0.011349  -0.003301  -0.002672  -0.923042  0.137032  0.662245  2.000000  0.999540  0.029418  -0.007316  -0.029629  0.999091  -0.030637  0.006408  0.030839  0.999504  0.999930  0.011665  -0.002048  -0.011705  0.999714  -0.020856  0.001804  0.020879  0.999780  1.000000  0.000146  -0.000024  -0.000146  1.000000  -0.000261  0.000024  0.000261  1.000000  0.999540  0.029418  -0.007316  -0.029629  0.999091  -0.030637  0.006408  0.030839  0.999504  0.002590  0.023996  
8.828098 0.001462  0.086329  -0.007234  0.960107  0.260460  -0.101757  -0.259662  0.965466  0.021238  0.103774  0.006032  0.994583  0.010627  -0.003597  -0.002618  -0.954205  0.124659  0.641720  2.000000  0.999518  0.030125  -0.007463  -0.030349  0.999028  -0.031956  0.006493  0.032167  0.999461  0.999935  0.011254  -0.001797  -0.011289  0.999708  -0.021384  0.001556  0.021403  0.999770  1.000000  0.000141  -0.000021  -0.000141  1.000000  -0.000267  0.000021  0.000267  1.000000  0.999518  0.030125  -0.007463  -0.030349  0.999028  -0.031956  0.006493  0.032167  0.999461  0.002603  0.024242  
8.829357 0.001469  0.086322  -0.007239  0.960000  0.260696  -0.102159  -0.260058  0.965391  0.019757  0.103774  0.007600  0.994572  0.009912  -0.003850  -0.002652  -0.976616  0.116606  0.613477  2.000000  0.999497  0.030801  -0.007595  -0.031038  0.998963  -0.033312  0.006561  0.033531  0.999416  0.999942  0.010639  -0.001410  -0.010667  0.999703  -0.021933  0.001176  0.021947  0.999758  1.000000  0.000133  -0.000016  -0.000133  1.000000  -0.000274  0.000016  0.000274  1.000000  0.999497  0.030801  -0.007595  -0.031038  0.998963  -0.033312  0.006561  0.033531  0.999416  0.002608  0.024426  
8.830590 0.001475  0.086315  -0.007245  0.959907  0.260934  -0.102434  -0.260457  0.965313  0.018242  0.103641  0.009169  0.994572  0.009272  -0.004072  -0.002797  -0.994335  0.103112  0.594628  2.000000  0.999480  0.031320  -0.007690  -0.031567  0.998908  -0.034431  0.006603  0.034656  0.999377  0.999945  0.010434  -0.001158  -0.010457  0.999688  -0.022684  0.000921  0.022694  0.999742  1.000000  0.000131  -0.000013  -0.000131  1.000000  -0.000284  0.000013  0.000284  1.000000  0.999480  0.031320  -0.007690  -0.031567  0.998908  -0.034431  0.006603  0.034656  0.999377  0.002639  0.025002  
8.831595 0.001479  0.086309  -0.007250  0.959799  0.261194  -0.102775  -0.260852  0.965229  0.016997  0.103641  0.010496  0.994559  0.008574  -0.004328  -0.002822  -1.018539  0.091383  0.565108  2.000000  0.999463  0.031828  -0.007773  -0.032085  0.998852  -0.035568  0.006632  0.035798  0.999337  0.999947  0.010229  -0.001035  -0.010250  0.999690  -0.022705  0.000803  0.022714  0.999742  1.000000  0.000128  -0.000012  -0.000128  1.000000  -0.000284  0.000011  0.000284  1.000000  0.999463  0.031828  -0.007773  -0.032085  0.998852  -0.035568  0.006632  0.035798  0.999337  0.002648  0.024931  
8.832597 0.001483  0.086303  -0.007255  0.959638  0.261665  -0.103082  -0.261445  0.965088  0.015889  0.103641  0.011702  0.994546  0.007968  -0.004525  -0.002936  -1.031098  0.082974  0.557914  2.000000  0.999447  0.032320  -0.007849  -0.032588  0.998795  -0.036709  0.006654  0.036945  0.999295  0.999949  0.010024  -0.000912  -0.010042  0.999689  -0.022847  0.000683  0.022855  0.999739  1.000000  0.000125  -0.000010  -0.000125  1.000000  -0.000286  0.000010  0.000286  1.000000  0.999447  0.032320  -0.007849  -0.032588  0.998795  -0.036709  0.006654  0.036945  0.999295  0.002645  0.024972  
8.833853 0.001487  0.086296  -0.007261  0.959544  0.261877  -0.103424  -0.261843  0.965007  0.014141  0.103508  0.013512  0.994537  0.007190  -0.004838  -0.003141  -1.056658  0.069714  0.539685  2.000000  0.999430  0.032815  -0.007918  -0.033092  0.998734  -0.037878  0.006665  0.038119  0.999251  0.999950  0.010026  -0.000663  -0.010039  0.999669  -0.023698  0.000425  0.023703  0.999719  1.000000  0.000125  -0.000007  -0.000125  1.000000  -0.000296  0.000007  0.000296  1.000000  0.999430  0.032815  -0.007918  -0.033092  0.998734  -0.037878  0.006665  0.038119  0.999251  0.002687  0.025745  
8.835093 0.001491  0.086289  -0.007267  0.959395  0.262311  -0.103701  -0.262440  0.964866  0.012648  0.103375  0.015080  0.994528  0.006522  -0.005046  -0.003370  -1.074180  0.057072  0.525893  2.000000  0.999409  0.033422  -0.007997  -0.033712  0.998656  -0.039368  0.006670  0.039614  0.999193  0.999952  0.009824  -0.000408  -0.009831  0.999665  -0.023963  0.000172  0.023966  0.999713  1.000000  0.000123  -0.000004  -0.000123  1.000000  -0.000300  0.000004  0.000300  1.000000  0.999409  0.033422  -0.007997  -0.033712  0.998656  -0.039368  0.006670  0.039614  0.999193  0.002692  0.025905  
8.836094 0.001493  0.086283  -0.007271  0.959287  0.262570  -0.104046  -0.262835  0.964774  0.011404  0.103375  0.016407  0.994507  0.005995  -0.005228  -0.003565  -1.086705  0.048749  0.518871  2.000000  0.999393  0.033899  -0.008053  -0.034198  0.998591  -0.040580  0.006666  0.040831  0.999144  0.999954  0.009619  -0.000419  -0.009626  0.999654  -0.024469  0.000184  0.024472  0.999701  1.000000  0.000120  -0.000004  -0.000120  1.000000  -0.000306  0.000004  0.000306  1.000000  0.999393  0.033899  -0.008053  -0.034198  0.998591  -0.040580  0.006666  0.040831  0.999144  0.002727  0.026299  
8.837103 0.001496  0.086276  -0.007277  0.959179  0.262815  -0.104424  -0.263230  0.964681  0.010043  0.103375  0.017855  0.994482  0.005340  -0.005429  -0.003854  -1.109777  0.040803  0.502353  2.000000  0.999376  0.034372  -0.008105  -0.034682  0.998523  -0.041810  0.006656  0.042065  0.999093  0.999952  0.009825  -0.000302  -0.009830  0.999644  -0.024811  0.000058  0.024813  0.999692  1.000000  0.000123  -0.000002  -0.000123  1.000000  -0.000310  0.000002  0.000310  1.000000  0.999376  0.034372  -0.008105  -0.034682  0.998523  -0.041810  0.006656  0.042065  0.999093  0.002755  0.026691  
8.838345 0.001499  0.086268  -0.007283  0.959029  0.263236  -0.104737  -0.263826  0.964534  0.008434  0.103242  0.019544  0.994464  0.004740  -0.005620  -0.004148  -1.129793  0.027714  0.491443  2.000000  0.999355  0.034968  -0.008161  -0.035290  0.998436  -0.043370  0.006632  0.043630  0.999026  0.999952  0.009830  -0.000051  -0.009828  0.999638  -0.025055  -0.000196  0.025054  0.999686  1.000000  0.000123  0.000001  -0.000123  1.000000  -0.000313  -0.000001  0.000313  1.000000  0.999355  0.034968  -0.008161  -0.035290  0.998436  -0.043370  0.006632  0.043630  0.999026  0.002786  0.026917  
8.839351 0.001500  0.086261  -0.007289  0.958866  0.263691  -0.105083  -0.264418  0.964381  0.007212  0.103242  0.020871  0.994437  0.004288  -0.005759  -0.004374  -1.143944  0.024057  0.488622  2.000000  0.999338  0.035441  -0.008198  -0.035773  0.998363  -0.044619  0.006604  0.044882  0.998970  0.999954  0.009627  0.000073  -0.009623  0.999636  -0.025198  -0.000315  0.025196  0.999682  1.000000  0.000120  0.000002  -0.000120  1.000000  -0.000315  -0.000002  0.000315  1.000000  0.999338  0.035441  -0.008198  -0.035773  0.998363  -0.044619  0.006604  0.044882  0.998970  0.002809  0.026976  
8.840597 0.001503  0.086253  -0.007295  0.958716  0.264098  -0.105431  -0.265014  0.964229  0.005487  0.103109  0.022680  0.994411  0.003873  -0.005888  -0.004567  -1.162913  0.015616  0.484643  2.000000  0.999316  0.036042  -0.008238  -0.036386  0.998270  -0.046195  0.006559  0.046463  0.998898  0.999952  0.009838  0.000320  -0.009827  0.999629  -0.025420  -0.000570  0.025416  0.999677  1.000000  0.000123  0.000006  -0.000123  1.000000  -0.000318  -0.000006  0.000318  1.000000  0.999316  0.036042  -0.008238  -0.036386  0.998270  -0.046195  0.006559  0.046463  0.998898  0.002849  0.027260  
8.841856 0.001506  0.086245  -0.007302  0.958497  0.264700  -0.105909  -0.265803  0.964020  0.003820  0.103109  0.024490  0.994369  0.003425  -0.006038  -0.004796  -1.180359  0.007578  0.488566  2.000000  0.999298  0.036531  -0.008263  -0.036883  0.998191  -0.047483  0.006514  0.047755  0.998838  0.999952  0.009839  0.000302  -0.009828  0.999619  -0.025784  -0.000555  0.025780  0.999667  1.000000  0.000123  0.000005  -0.000123  1.000000  -0.000322  -0.000005  0.000322  1.000000  0.999298  0.036531  -0.008263  -0.036883  0.998191  -0.047483  0.006514  0.047755  0.998838  0.002876  0.027600  
8.843097 0.001509  0.086237  -0.007308  0.958346  0.265106  -0.106260  -0.266399  0.963861  0.002096  0.102976  0.026299  0.994336  0.003157  -0.006092  -0.004897  -1.197590  0.003799  0.481784  2.000000  0.999276  0.037142  -0.008291  -0.037505  0.998089  -0.049110  0.006451  0.049386  0.998759  0.999949  0.010051  0.000546  -0.010033  0.999605  -0.026249  -0.000810  0.026242  0.999655  1.000000  0.000126  0.000008  -0.000126  1.000000  -0.000328  -0.000008  0.000328  1.000000  0.999276  0.037142  -0.008291  -0.037505  0.998089  -0.049110  0.006451  0.049386  0.998759  0.002918  0.028113  
8.844348 0.001512  0.086230  -0.007314  0.958182  0.265507  -0.106742  -0.266991  0.963699  0.000408  0.102976  0.028108  0.994287  0.002899  -0.006165  -0.005042  -1.217733  0.000032  0.481735  2.000000  0.999252  0.037758  -0.008311  -0.038132  0.997983  -0.050759  0.006378  0.051038  0.998676  0.999947  0.010256  0.000522  -0.010239  0.999597  -0.026470  -0.000794  0.026463  0.999649  1.000000  0.000128  0.000008  -0.000128  1.000000  -0.000331  -0.000008  0.000331  1.000000  0.999252  0.037758  -0.008311  -0.038132  0.997983  -0.050759  0.006378  0.051038  0.998676  0.002952  0.028393  
8.845592 0.001516  0.086222  -0.007322  0.957975  0.266110  -0.107098  -0.267783  0.963478  -0.001293  0.102843  0.029918  0.994248  0.002770  -0.006182  -0.005144  -1.235619  -0.008148  0.484817  2.000000  0.999229  0.038379  -0.008329  -0.038764  0.997872  -0.052426  0.006299  0.052709  0.998590  0.999947  0.010261  0.000637  -0.010240  0.999587  -0.026835  -0.000912  0.026827  0.999640  1.000000  0.000128  0.000010  -0.000128  1.000000  -0.000335  -0.000010  0.000335  1.000000  0.999229  0.038379  -0.008329  -0.038764  0.997872  -0.052426  0.006299  0.052709  0.998590  0.002995  0.028737  
8.846621 0.001520  0.086216  -0.007328  0.957809  0.266562  -0.107455  -0.268375  0.963311  -0.002512  0.102843  0.031244  0.994207  0.002699  -0.006174  -0.005229  -1.243881  -0.011965  0.495289  2.000000  0.999209  0.038873  -0.008342  -0.039266  0.997781  -0.053769  0.006234  0.054054  0.998519  0.999949  0.010058  0.000629  -0.010037  0.999586  -0.026977  -0.000900  0.026970  0.999636  1.000000  0.000126  0.000010  -0.000126  1.000000  -0.000337  -0.000010  0.000337  1.000000  0.999209  0.038873  -0.008342  -0.039266  0.997781  -0.053769  0.006234  0.054054  0.998519  0.003025  0.028798  
8.847844 0.001523  0.086209  -0.007337  0.957656  0.266978  -0.107782  -0.268970  0.963140  -0.004117  0.102710  0.032933  0.994166  0.002654  -0.006196  -0.005370  -1.251407  -0.015627  0.491913  2.000000  0.999190  0.039369  -0.008353  -0.039770  0.997687  -0.055127  0.006163  0.055414  0.998444  0.999949  0.010063  0.000746  -0.010039  0.999576  -0.027342  -0.001021  0.027333  0.999626  1.000000  0.000126  0.000011  -0.000126  1.000000  -0.000342  -0.000011  0.000342  1.000000  0.999190  0.039369  -0.008353  -0.039770  0.997687  -0.055127  0.006163  0.055414  0.998444  0.003033  0.029145  
8.849094 0.001527  0.086202  -0.007346  0.957503  0.267381  -0.108143  -0.269565  0.962964  -0.005839  0.102577  0.034742  0.994118  0.002589  -0.006212  -0.005597  -1.266471  -0.023663  0.498741  2.000000  0.999165  0.039992  -0.008365  -0.040404  0.997566  -0.056837  0.006071  0.057128  0.998348  0.999947  0.010273  0.000855  -0.010246  0.999571  -0.027444  -0.001137  0.027433  0.999623  1.000000  0.000128  0.000012  -0.000128  1.000000  -0.000343  -0.000012  0.000343  1.000000  0.999165  0.039992  -0.008365  -0.040404  0.997566  -0.056837  0.006071  0.057128  0.998348  0.003072  0.029315  
8.850344 0.001532  0.086194  -0.007356  0.957294  0.267981  -0.108507  -0.270357  0.962731  -0.007538  0.102444  0.036551  0.994067  0.002659  -0.006225  -0.005844  -1.278810  -0.031673  0.506117  2.000000  0.999144  0.040506  -0.008370  -0.040926  0.997464  -0.058228  0.005990  0.058520  0.998268  0.999942  0.010689  0.000956  -0.010658  0.999551  -0.028009  -0.001255  0.027997  0.999607  1.000000  0.000133  0.000014  -0.000133  1.000000  -0.000350  -0.000014  0.000350  1.000000  0.999144  0.040506  -0.008370  -0.040926  0.997464  -0.058228  0.005990  0.058520  0.998268  0.003098  0.029993  
8.851345 0.001536  0.086188  -0.007365  0.957140  0.268435  -0.108742  -0.270952  0.962553  -0.008791  0.102310  0.037878  0.994031  0.002782  -0.006188  -0.006121  -1.284753  -0.035706  0.510199  2.000000  0.999123  0.041028  -0.008374  -0.041455  0.997360  -0.059613  0.005906  0.059908  0.998186  0.999943  0.010686  0.000808  -0.010659  0.999561  -0.027645  -0.001103  0.027635  0.999617  1.000000  0.000133  0.000012  -0.000133  1.000000  -0.000346  -0.000012  0.000346  1.000000  0.999123  0.041028  -0.008374  -0.041455  0.997360  -0.059613  0.005906  0.059908  0.998186  0.003120  0.029649  
8.852345 0.001539  0.086182  -0.007373  0.956973  0.268871  -0.109139  -0.271543  0.962373  -0.010125  0.102310  0.039325  0.993975  0.002898  -0.006171  -0.006353  -1.293349  -0.039148  0.512829  2.000000  0.999101  0.041562  -0.008377  -0.041997  0.997254  -0.061000  0.005819  0.061297  0.998103  0.999940  0.010897  0.000918  -0.010867  0.999553  -0.027868  -0.001221  0.027856  0.999611  1.000000  0.000136  0.000013  -0.000136  1.000000  -0.000348  -0.000013  0.000348  1.000000  0.999101  0.041562  -0.008377  -0.041997  0.997254  -0.061000  0.005819  0.061297  0.998103  0.003149  0.029935  
8.853360 0.001544  0.086177  -0.007382  0.956818  0.269312  -0.109410  -0.272138  0.962190  -0.011494  0.102177  0.040772  0.993930  0.003035  -0.006059  -0.006563  -1.303788  -0.043206  0.517108  2.000000  0.999078  0.042107  -0.008378  -0.042549  0.997144  -0.062397  0.005727  0.062696  0.998016  0.999938  0.011108  0.001028  -0.011075  0.999544  -0.028091  -0.001339  0.028077  0.999605  1.000000  0.000139  0.000015  -0.000139  1.000000  -0.000351  -0.000015  0.000351  1.000000  0.999078  0.042107  -0.008378  -0.042549  0.997144  -0.062397  0.005727  0.062696  0.998016  0.003167  0.030223  
