1-Time 2-Px 3-Py 4-Pz 5-R11 6-R21 7-R31 8-R12 9-R22 10-R32 11-R13 12-R23 13-R33 14-Vx 15-Vy 16-Vz 17-Wx 18-Wy 19-Wz 20-state 21-PR11 22-PR21 23-PR31 24-PR12 25-PR22 26-PR32 27-PR13 28-PR23 29-PR33 
113.231757 -0.002541  0.086012  -0.009492  0.998510  0.054504  0.002599  -0.054529  0.998454  0.010791  -0.002007  -0.010916  0.999938  0.000748  0.000692  0.000845  0.000000  0.000000  0.000000  2.000000  1.000000  0.000000  0.000000  -0.000000  1.000000  0.000000  0.000000  -0.000000  1.000000  0.999999  -0.001447  0.000519  0.001447  0.999999  0.000124  -0.000520  -0.000123  1.000000  1.000000  0.000000  0.000000  0.000000  1.000000  0.000000  0.000000  0.000000  1.000000  0.786891  0.297974  -0.540384  -0.421204  0.899330  -0.117443  0.450988  0.320027  0.833182  0.000000  0.000000  
113.232763 -0.002540  0.086012  -0.009492  0.998510  0.054504  0.002599  -0.054529  0.998454  0.010791  -0.002007  -0.010916  0.999938  0.000761  0.000688  0.000812  0.000000  0.000000  0.000000  2.000000  1.000000  0.000000  0.000000  0.000000  1.000000  0.000000  0.000000  0.000000  1.000000  0.999999  -0.001241  0.000522  0.001241  0.999999  0.000124  -0.000522  -0.000123  1.000000  1.000000  0.000000  0.000000  0.000000  1.000000  0.000000  0.000000  0.000000  1.000000  1.000000  0.000000  0.000000  0.000000  1.000000  0.000000  0.000000  0.000000  1.000000  0.000000  0.000000  
113.234023 -0.002540  0.086010  -0.009492  0.998510  0.054502  0.002733  -0.054529  0.998454  0.010784  -0.002141  -0.010916  0.999938  0.000699  0.000544  0.000751  0.000000  0.000000  0.000000  2.000000  1.000000  0.000000  0.000000  0.000000  1.000000  0.000000  0.000000  0.000000  1.000000  0.999999  -0.001242  0.000655  0.001242  0.999999  0.000124  -0.000656  -0.000123  1.000000  1.000000  0.000000  0.000000  0.000000  1.000000  0.000000  0.000000  0.000000  1.000000  1.000000  0.000000  0.000000  0.000000  1.000000  0.000000  0.000000  0.000000  1.000000  0.000000  0.000000  
113.235271 -0.002542  0.086006  -0.009492  0.998510  0.054502  0.002733  -0.054529  0.998454  0.010784  -0.002141  -0.010916  0.999938  0.000570  0.000238  0.000676  0.000000  0.000000  0.000000  2.000000  1.000000  0.000000  0.000000  0.000000  1.000000  0.000000  0.000000  0.000000  1.000000  0.999999  -0.001242  0.000655  0.001242  0.999999  0.000124  -0.000656  -0.000123  1.000000  1.000000  0.000000  0.000000  0.000000  1.000000  0.000000  0.000000  0.000000  1.000000  1.000000  0.000000  0.000000  0.000000  1.000000  0.000000  0.000000  0.000000  1.000000  0.000000  0.000000  
113.236515 -0.002542  0.086003  -0.009491  0.998510  0.054501  0.002866  -0.054529  0.998454  0.010776  -0.002275  -0.010916  0.999938  0.000441  -0.000069  0.000600  0.000000  0.000000  0.000000  2.000000  1.000000  0.000000  0.000000  0.000000  1.000000  0.000000  0.000000  0.000000  1.000000  0.999999  -0.001037  0.000658  0.001037  0.999999  0.000124  -0.000658  -0.000123  1.000000  1.000000  0.000000  0.000000  0.000000  1.000000  0.000000  0.000000  0.000000  1.000000  1.000000  0.000000  0.000000  0.000000  1.000000  0.000000  0.000000  0.000000  1.000000  0.000000  0.000000  
113.237766 -0.002543  0.085999  -0.009491  0.998510  0.054501  0.002866  -0.054529  0.998454  0.010776  -0.002275  -0.010916  0.999938  0.000319  -0.000398  0.000534  0.000000  0.000000  0.000000  2.000000  1.000000  0.000000  0.000000  0.000000  1.000000  0.000000  0.000000  0.000000  1.000000  0.999999  -0.001037  0.000658  0.001037  0.999999  0.000124  -0.000658  -0.000123  1.000000  1.000000  0.000000  0.000000  0.000000  1.000000  0.000000  0.000000  0.000000  1.000000  1.000000  0.000000  0.000000  0.000000  1.000000  0.000000  0.000000  0.000000  1.000000  0.000000  0.000000  
113.238769 -0.002544  0.085995  -0.009491  0.998510  0.054500  0.002873  -0.054529  0.998453  0.010897  -0.002275  -0.011038  0.999936  0.000190  -0.000651  0.000536  0.000000  0.000000  0.000000  2.000000  1.000000  0.000000  0.000000  0.000000  1.000000  0.000000  0.000000  0.000000  1.000000  0.999999  -0.000831  0.000660  0.000831  1.000000  0.000123  -0.000660  -0.000123  1.000000  1.000000  0.000000  0.000000  0.000000  1.000000  0.000000  0.000000  0.000000  1.000000  1.000000  0.000000  0.000000  0.000000  1.000000  0.000000  0.000000  0.000000  1.000000  0.000000  0.000000  
113.240017 -0.002545  0.085992  -0.009490  0.998498  0.054706  0.002875  -0.054734  0.998441  0.010897  -0.002275  -0.011038  0.999936  0.000086  -0.000954  0.000522  0.000000  0.000000  0.000000  2.000000  1.000000  0.000000  0.000000  0.000000  1.000000  0.000000  0.000000  0.000000  1.000000  1.000000  -0.000625  0.000662  0.000625  1.000000  0.000244  -0.000662  -0.000244  1.000000  1.000000  0.000000  0.000000  0.000000  1.000000  0.000000  0.000000  0.000000  1.000000  1.000000  0.000000  0.000000  0.000000  1.000000  0.000000  0.000000  0.000000  1.000000  0.000000  0.000000  
113.241276 -0.002545  0.085988  -0.009490  0.998498  0.054706  0.002875  -0.054734  0.998441  0.010897  -0.002275  -0.011038  0.999936  -0.000017  -0.001309  0.000431  0.000000  0.000000  0.000000  2.000000  1.000000  0.000000  0.000000  0.000000  1.000000  0.000000  0.000000  0.000000  1.000000  1.000000  -0.000623  0.000528  0.000623  1.000000  0.000244  -0.000528  -0.000244  1.000000  1.000000  0.000000  0.000000  0.000000  1.000000  0.000000  0.000000  0.000000  1.000000  1.000000  0.000000  0.000000  0.000000  1.000000  0.000000  0.000000  0.000000  1.000000  0.000000  0.000000  
113.242517 -0.002546  0.085984  -0.009490  0.998498  0.054704  0.003009  -0.054734  0.998442  0.010889  -0.002408  -0.011038  0.999936  -0.000108  -0.001616  0.000383  0.000000  0.000000  0.000000  2.000000  1.000000  0.000000  0.000000  0.000000  1.000000  0.000000  0.000000  0.000000  1.000000  1.000000  -0.000419  0.000664  0.000419  1.000000  0.000244  -0.000665  -0.000243  1.000000  1.000000  0.000000  0.000000  0.000000  1.000000  0.000000  0.000000  0.000000  1.000000  1.000000  0.000000  0.000000  0.000000  1.000000  0.000000  0.000000  0.000000  1.000000  0.000000  0.000000  
113.243759 -0.002547  0.085980  -0.009490  0.998498  0.054704  0.003009  -0.054734  0.998442  0.010889  -0.002408  -0.011038  0.999936  -0.000268  -0.001947  0.000290  0.000000  0.000000  0.000000  2.000000  1.000000  0.000000  0.000000  0.000000  1.000000  0.000000  0.000000  0.000000  1.000000  1.000000  -0.000419  0.000664  0.000419  1.000000  0.000244  -0.000665  -0.000243  1.000000  1.000000  0.000000  0.000000  0.000000  1.000000  0.000000  0.000000  0.000000  1.000000  1.000000  0.000000  0.000000  0.000000  1.000000  0.000000  0.000000  0.000000  1.000000  0.000000  0.000000  
113.244763 -0.002547  0.085977  -0.009490  0.998486  0.054909  0.003138  -0.054940  0.998432  0.010760  -0.002542  -0.010916  0.999937  -0.000335  -0.002207  0.000250  0.000000  0.000000  0.000000  2.000000  1.000000  0.000000  0.000000  0.000000  1.000000  0.000000  0.000000  0.000000  1.000000  1.000000  -0.000007  0.000669  0.000007  1.000000  0.000121  -0.000669  -0.000121  1.000000  1.000000  0.000000  0.000000  0.000000  1.000000  0.000000  0.000000  0.000000  1.000000  1.000000  0.000000  0.000000  0.000000  1.000000  0.000000  0.000000  0.000000  1.000000  0.000000  0.000000  
113.245763 -0.002548  0.085973  -0.009489  0.998486  0.054909  0.003138  -0.054940  0.998432  0.010760  -0.002542  -0.010916  0.999937  -0.000432  -0.002533  0.000246  0.000000  0.000000  0.000000  2.000000  1.000000  0.000000  0.000000  0.000000  1.000000  0.000000  0.000000  0.000000  1.000000  1.000000  -0.000007  0.000669  0.000007  1.000000  0.000121  -0.000669  -0.000121  1.000000  1.000000  0.000000  0.000000  0.000000  1.000000  0.000000  0.000000  0.000000  1.000000  1.000000  0.000000  0.000000  0.000000  1.000000  0.000000  0.000000  0.000000  1.000000  0.000000  0.000000  
113.247014 -0.002550  0.085967  -0.009489  0.998486  0.054909  0.003138  -0.054940  0.998432  0.010760  -0.002542  -0.010916  0.999937  -0.000625  -0.002977  0.000195  0.000000  0.000000  0.000000  2.000000  1.000000  0.000000  0.000000  0.000000  1.000000  0.000000  0.000000  0.000000  1.000000  1.000000  -0.000007  0.000669  0.000007  1.000000  0.000000  -0.000669  0.000000  1.000000  1.000000  0.000000  0.000000  0.000000  1.000000  0.000000  0.000000  0.000000  1.000000  1.000000  0.000000  0.000000  0.000000  1.000000  0.000000  0.000000  0.000000  1.000000  0.000000  0.000000  
113.248263 -0.002552  0.085960  -0.009489  0.998475  0.055113  0.003267  -0.055145  0.998422  0.010631  -0.002676  -0.010795  0.999938  -0.000836  -0.003451  0.000182  0.000000  0.000000  0.000000  2.000000  1.000000  0.000000  0.000000  0.000000  1.000000  0.000000  0.000000  0.000000  1.000000  1.000000  0.000197  0.000805  -0.000197  1.000000  -0.000122  -0.000805  0.000122  1.000000  1.000000  0.000000  0.000000  0.000000  1.000000  0.000000  0.000000  0.000000  1.000000  1.000000  0.000000  0.000000  0.000000  1.000000  0.000000  0.000000  0.000000  1.000000  0.000000  0.000000  
113.249513 -0.002555  0.085952  -0.009488  0.998475  0.055113  0.003267  -0.055145  0.998422  0.010631  -0.002676  -0.010795  0.999938  -0.000907  -0.003768  0.000238  0.000000  0.000000  0.000000  2.000000  1.000000  0.000000  0.000000  0.000000  1.000000  0.000000  0.000000  0.000000  1.000000  1.000000  0.000403  0.000807  -0.000403  1.000000  -0.000122  -0.000807  0.000122  1.000000  1.000000  0.000000  0.000000  0.000000  1.000000  0.000000  0.000000  0.000000  1.000000  1.000000  0.000000  0.000000  0.000000  1.000000  0.000000  0.000000  0.000000  1.000000  0.000000  0.000000  
113.250515 -0.002557  0.085945  -0.009488  0.998475  0.055113  0.003267  -0.055145  0.998422  0.010631  -0.002676  -0.010795  0.999938  -0.000990  -0.004040  0.000276  0.000000  0.000000  0.000000  2.000000  1.000000  0.000000  0.000000  0.000000  1.000000  0.000000  0.000000  0.000000  1.000000  1.000000  0.000404  0.000673  -0.000404  1.000000  -0.000122  -0.000673  0.000122  1.000000  1.000000  0.000000  0.000000  0.000000  1.000000  0.000000  0.000000  0.000000  1.000000  1.000000  0.000000  0.000000  0.000000  1.000000  0.000000  0.000000  0.000000  1.000000  0.000000  0.000000  
113.251770 -0.002559  0.085936  -0.009487  0.998474  0.055112  0.003401  -0.055145  0.998422  0.010624  -0.002810  -0.010795  0.999938  -0.001079  -0.004430  0.000338  0.000000  0.000000  0.000000  2.000000  1.000000  0.000000  0.000000  0.000000  1.000000  0.000000  0.000000  0.000000  1.000000  0.999999  0.000609  0.000809  -0.000609  1.000000  -0.000123  -0.000809  0.000123  1.000000  1.000000  0.000000  0.000000  0.000000  1.000000  0.000000  0.000000  0.000000  1.000000  1.000000  0.000000  0.000000  0.000000  1.000000  0.000000  0.000000  0.000000  1.000000  0.000000  0.000000  
113.253017 -0.002560  0.085926  -0.009485  0.998474  0.055112  0.003401  -0.055145  0.998422  0.010624  -0.002810  -0.010795  0.999938  -0.001119  -0.004827  0.000390  0.000000  0.000000  0.000000  2.000000  1.000000  0.000000  0.000000  0.000000  1.000000  0.000000  0.000000  0.000000  1.000000  0.999999  0.000609  0.000809  -0.000609  1.000000  -0.000123  -0.000809  0.000123  1.000000  1.000000  0.000000  0.000000  0.000000  1.000000  0.000000  0.000000  0.000000  1.000000  1.000000  0.000000  0.000000  0.000000  1.000000  0.000000  0.000000  0.000000  1.000000  0.000000  0.000000  
113.254268 -0.002561  0.085917  -0.009484  0.998463  0.055316  0.003536  -0.055351  0.998411  0.010616  -0.002944  -0.010795  0.999937  -0.001103  -0.005136  0.000462  0.000000  0.000000  0.000000  2.000000  1.000000  0.000000  0.000000  0.000000  1.000000  0.000000  0.000000  0.000000  1.000000  0.999999  0.000816  0.000678  -0.000816  1.000000  -0.000124  -0.000678  0.000123  1.000000  1.000000  0.000000  0.000000  0.000000  1.000000  0.000000  0.000000  0.000000  1.000000  1.000000  0.000000  0.000000  0.000000  1.000000  0.000000  0.000000  0.000000  1.000000  0.000000  0.000000  
113.255271 -0.002562  0.085909  -0.009484  0.998463  0.055316  0.003543  -0.055351  0.998409  0.010737  -0.002944  -0.010916  0.999936  -0.001094  -0.005464  0.000407  0.000000  0.000000  0.000000  2.000000  1.000000  0.000000  0.000000  0.000000  1.000000  0.000000  0.000000  0.000000  1.000000  0.999999  0.000815  0.000812  -0.000815  1.000000  -0.000002  -0.000812  0.000002  1.000000  1.000000  0.000000  0.000000  0.000000  1.000000  0.000000  0.000000  0.000000  1.000000  1.000000  0.000000  0.000000  0.000000  1.000000  0.000000  0.000000  0.000000  1.000000  0.000000  0.000000  
113.256518 -0.002561  0.085900  -0.009484  0.998463  0.055316  0.003543  -0.055351  0.998409  0.010737  -0.002944  -0.010916  0.999936  -0.001048  -0.005796  0.000421  0.000000  0.000000  0.000000  2.000000  1.000000  0.000000  0.000000  0.000000  1.000000  0.000000  0.000000  0.000000  1.000000  0.999999  0.000816  0.000678  -0.000816  1.000000  -0.000002  -0.000678  0.000002  1.000000  1.000000  0.000000  0.000000  0.000000  1.000000  0.000000  0.000000  0.000000  1.000000  1.000000  0.000000  0.000000  0.000000  1.000000  0.000000  0.000000  0.000000  1.000000  0.000000  0.000000  
113.257762 -0.002561  0.085891  -0.009483  0.998463  0.055316  0.003543  -0.055351  0.998409  0.010737  -0.002944  -0.010916  0.999936  -0.000958  -0.006128  0.000425  0.000000  0.000000  0.000000  2.000000  1.000000  0.000000  0.000000  0.000000  1.000000  0.000000  0.000000  0.000000  1.000000  0.999999  0.000816  0.000678  -0.000816  1.000000  -0.000002  -0.000678  0.000002  1.000000  1.000000  0.000000  0.000000  0.000000  1.000000  0.000000  0.000000  0.000000  1.000000  1.000000  0.000000  0.000000  0.000000  1.000000  0.000000  0.000000  0.000000  1.000000  0.000000  0.000000  
113.258766 -0.002561  0.085884  -0.009483  0.998451  0.055520  0.003679  -0.055556  0.998398  0.010729  -0.003077  -0.010916  0.999936  -0.000896  -0.006466  0.000493  0.000000  0.000000  0.000000  2.000000  1.000000  0.000000  0.000000  0.000000  1.000000  0.000000  0.000000  0.000000  1.000000  0.999999  0.001021  0.000814  -0.001021  0.999999  -0.000003  -0.000814  0.000002  1.000000  1.000000  0.000000  0.000000  0.000000  1.000000  0.000000  0.000000  0.000000  1.000000  1.000000  0.000000  0.000000  0.000000  1.000000  0.000000  0.000000  0.000000  1.000000  0.000000  0.000000  
113.259767 -0.002560  0.085877  -0.009482  0.998451  0.055520  0.003679  -0.055556  0.998398  0.010729  -0.003077  -0.010916  0.999936  -0.000831  -0.006752  0.000512  0.000000  0.000000  0.000000  2.000000  1.000000  0.000000  0.000000  0.000000  1.000000  0.000000  0.000000  0.000000  1.000000  0.999999  0.000815  0.000812  -0.000815  1.000000  -0.000124  -0.000812  0.000123  1.000000  1.000000  0.000000  0.000000  0.000000  1.000000  0.000000  0.000000  0.000000  1.000000  1.000000  0.000000  0.000000  0.000000  1.000000  0.000000  0.000000  0.000000  1.000000  0.000000  0.000000  
113.261010 -0.002560  0.085867  -0.009482  0.998439  0.055724  0.003815  -0.055762  0.998387  0.010720  -0.003211  -0.010916  0.999935  -0.000795  -0.007039  0.000515  0.000000  0.000000  0.000000  2.000000  1.000000  0.000000  0.000000  0.000000  1.000000  0.000000  0.000000  0.000000  1.000000  0.999999  0.000813  0.000946  -0.000813  1.000000  -0.000124  -0.000946  0.000123  1.000000  1.000000  0.000000  0.000000  0.000000  1.000000  0.000000  0.000000  0.000000  1.000000  1.000000  0.000000  0.000000  0.000000  1.000000  0.000000  0.000000  0.000000  1.000000  0.000000  0.000000  
113.262016 -0.002560  0.085859  -0.009480  0.998439  0.055724  0.003808  -0.055762  0.998388  0.010599  -0.003211  -0.010795  0.999937  -0.000664  -0.007269  0.000601  0.000000  0.000000  0.000000  2.000000  1.000000  0.000000  0.000000  0.000000  1.000000  0.000000  0.000000  0.000000  1.000000  0.999999  0.001019  0.000948  -0.001019  0.999999  -0.000246  -0.000948  0.000245  1.000000  1.000000  0.000000  0.000000  0.000000  1.000000  0.000000  0.000000  0.000000  1.000000  1.000000  0.000000  0.000000  0.000000  1.000000  0.000000  0.000000  0.000000  1.000000  0.000000  0.000000  
113.263264 -0.002560  0.085850  -0.009478  0.998438  0.055723  0.003942  -0.055762  0.998388  0.010592  -0.003345  -0.010795  0.999936  -0.000505  -0.007351  0.000697  0.000000  0.000000  0.000000  2.000000  1.000000  0.000000  0.000000  0.000000  1.000000  0.000000  0.000000  0.000000  1.000000  0.999999  0.001019  0.000948  -0.001019  0.999999  -0.000246  -0.000948  0.000245  1.000000  1.000000  0.000000  0.000000  0.000000  1.000000  0.000000  0.000000  0.000000  1.000000  1.000000  0.000000  0.000000  0.000000  1.000000  0.000000  0.000000  0.000000  1.000000  0.000000  0.000000  
113.264513 -0.002561  0.085840  -0.009476  0.998427  0.055927  0.004071  -0.055967  0.998378  0.010463  -0.003479  -0.010674  0.999937  -0.000360  -0.007468  0.000828  0.000000  0.000000  0.000000  2.000000  1.000000  0.000000  0.000000  0.000000  1.000000  0.000000  0.000000  0.000000  1.000000  0.999999  0.000812  0.001079  -0.000812  1.000000  -0.000367  -0.001079  0.000366  0.999999  1.000000  0.000000  0.000000  0.000000  1.000000  0.000000  0.000000  0.000000  1.000000  1.000000  0.000000  0.000000  0.000000  1.000000  0.000000  0.000000  0.000000  1.000000  0.000000  0.000000  
113.265762 -0.002561  0.085830  -0.009474  0.998426  0.055926  0.004204  -0.055967  0.998378  0.010455  -0.003613  -0.010674  0.999937  -0.000209  -0.007524  0.000862  0.000000  0.000000  0.000000  2.000000  1.000000  0.000000  0.000000  0.000000  1.000000  0.000000  0.000000  0.000000  1.000000  0.999999  0.001019  0.000948  -0.001019  0.999999  -0.000246  -0.000948  0.000245  1.000000  1.000000  0.000000  0.000000  0.000000  1.000000  0.000000  0.000000  0.000000  1.000000  1.000000  0.000000  0.000000  0.000000  1.000000  0.000000  0.000000  0.000000  1.000000  0.000000  0.000000  
113.266763 -0.002561  0.085822  -0.009472  0.998415  0.056132  0.004206  -0.056173  0.998366  0.010454  -0.003613  -0.010674  0.999937  -0.000129  -0.007581  0.000984  0.000000  0.000000  0.000000  2.000000  1.000000  0.000000  0.000000  0.000000  1.000000  0.000000  0.000000  0.000000  1.000000  0.999999  0.001224  0.001084  -0.001223  0.999999  -0.000247  -0.001084  0.000246  0.999999  1.000000  0.000000  0.000000  0.000000  1.000000  0.000000  0.000000  0.000000  1.000000  1.000000  0.000000  0.000000  0.000000  1.000000  0.000000  0.000000  0.000000  1.000000  0.000000  0.000000  
113.267763 -0.002561  0.085814  -0.009470  0.998415  0.056132  0.004206  -0.056173  0.998366  0.010454  -0.003613  -0.010674  0.999937  -0.000070  -0.007619  0.000984  0.000000  0.000000  0.000000  2.000000  1.000000  0.000000  0.000000  0.000000  1.000000  0.000000  0.000000  0.000000  1.000000  0.999999  0.001225  0.000950  -0.001225  0.999999  -0.000126  -0.000950  0.000125  1.000000  1.000000  0.000000  0.000000  0.000000  1.000000  0.000000  0.000000  0.000000  1.000000  1.000000  0.000000  0.000000  0.000000  1.000000  0.000000  0.000000  0.000000  1.000000  0.000000  0.000000  
113.268770 -0.002561  0.085806  -0.009469  0.998414  0.056130  0.004340  -0.056173  0.998366  0.010447  -0.003746  -0.010674  0.999936  0.000007  -0.007630  0.001051  0.000000  0.000000  0.000000  2.000000  1.000000  0.000000  0.000000  0.000000  1.000000  0.000000  0.000000  0.000000  1.000000  0.999999  0.001018  0.001081  -0.001018  0.999999  -0.000125  -0.001081  0.000124  0.999999  1.000000  0.000000  0.000000  0.000000  1.000000  0.000000  0.000000  0.000000  1.000000  1.000000  0.000000  0.000000  0.000000  1.000000  0.000000  0.000000  0.000000  1.000000  0.000000  0.000000  
113.270013 -0.002561  0.085796  -0.009467  0.998402  0.056335  0.004349  -0.056378  0.998354  0.010567  -0.003746  -0.010795  0.999935  0.000056  -0.007677  0.001097  0.000000  0.000000  0.000000  2.000000  1.000000  0.000000  0.000000  0.000000  1.000000  0.000000  0.000000  0.000000  1.000000  0.999999  0.001224  0.001084  -0.001224  0.999999  -0.000005  -0.001084  0.000003  0.999999  1.000000  0.000000  0.000000  0.000000  1.000000  0.000000  0.000000  0.000000  1.000000  1.000000  0.000000  0.000000  0.000000  1.000000  0.000000  0.000000  0.000000  1.000000  0.000000  0.000000  
113.271015 -0.002561  0.085788  -0.009466  0.998402  0.056335  0.004349  -0.056378  0.998354  0.010567  -0.003746  -0.010795  0.999935  0.000044  -0.007716  0.001183  0.000000  0.000000  0.000000  2.000000  1.000000  0.000000  0.000000  0.000000  1.000000  0.000000  0.000000  0.000000  1.000000  0.999999  0.001224  0.001084  -0.001224  0.999999  -0.000005  -0.001084  0.000003  0.999999  1.000000  0.000000  0.000000  0.000000  1.000000  0.000000  0.000000  0.000000  1.000000  1.000000  0.000000  0.000000  0.000000  1.000000  0.000000  0.000000  0.000000  1.000000  0.000000  0.000000  
113.272269 -0.002560  0.085778  -0.009463  0.998390  0.056539  0.004485  -0.056584  0.998342  0.010558  -0.003880  -0.010795  0.999934  0.000070  -0.007787  0.001342  0.000000  0.000000  0.000000  2.000000  1.000000  0.000000  0.000000  0.000000  1.000000  0.000000  0.000000  0.000000  1.000000  0.999998  0.001429  0.001086  -0.001429  0.999999  -0.000006  -0.001086  0.000004  0.999999  1.000000  0.000000  0.000000  0.000000  1.000000  0.000000  0.000000  0.000000  1.000000  1.000000  0.000000  0.000000  0.000000  1.000000  0.000000  0.000000  0.000000  1.000000  0.000000  0.000000  
113.273517 -0.002560  0.085768  -0.009461  0.998379  0.056745  0.004487  -0.056789  0.998330  0.010557  -0.003880  -0.010795  0.999934  0.000058  -0.007872  0.001484  0.000000  0.000000  0.000000  2.000000  1.000000  0.000000  0.000000  0.000000  1.000000  0.000000  0.000000  0.000000  1.000000  0.999998  0.001429  0.001086  -0.001429  0.999999  -0.000006  -0.001086  0.000004  0.999999  1.000000  0.000000  0.000000  0.000000  1.000000  0.000000  0.000000  0.000000  1.000000  1.000000  0.000000  0.000000  0.000000  1.000000  0.000000  0.000000  0.000000  1.000000  0.000000  0.000000  
113.274766 -0.002560  0.085757  -0.009458  0.998366  0.056949  0.004622  -0.056995  0.998319  0.010549  -0.004014  -0.010795  0.999934  0.000009  -0.007961  0.001600  0.000000  0.000000  0.000000  2.000000  1.000000  0.000000  0.000000  0.000000  1.000000  0.000000  0.000000  0.000000  1.000000  0.999998  0.001429  0.001086  -0.001429  0.999999  -0.000127  -0.001086  0.000126  0.999999  1.000000  0.000000  0.000000  0.000000  1.000000  0.000000  0.000000  0.000000  1.000000  1.000000  0.000000  0.000000  0.000000  1.000000  0.000000  0.000000  0.000000  1.000000  0.000000  0.000000  
113.275767 -0.002560  0.085748  -0.009457  0.998366  0.056947  0.004756  -0.056995  0.998319  0.010541  -0.004148  -0.010795  0.999933  0.000015  -0.008019  0.001660  0.000000  0.000000  0.000000  2.000000  1.000000  0.000000  0.000000  0.000000  1.000000  0.000000  0.000000  0.000000  1.000000  0.999998  0.001634  0.001222  -0.001634  0.999999  -0.000128  -0.001222  0.000126  0.999999  1.000000  0.000000  0.000000  0.000000  1.000000  0.000000  0.000000  0.000000  1.000000  1.000000  0.000000  0.000000  0.000000  1.000000  0.000000  0.000000  0.000000  1.000000  0.000000  0.000000  
113.277012 -0.002560  0.085738  -0.009456  0.998354  0.057151  0.004892  -0.057200  0.998307  0.010533  -0.004282  -0.010795  0.999933  0.000041  -0.008079  0.001648  0.000000  0.000000  0.000000  2.000000  1.000000  0.000000  0.000000  0.000000  1.000000  0.000000  0.000000  0.000000  1.000000  0.999997  0.001838  0.001358  -0.001838  0.999998  -0.000129  -0.001358  0.000127  0.999999  1.000000  0.000000  0.000000  0.000000  1.000000  0.000000  0.000000  0.000000  1.000000  1.000000  0.000000  0.000000  0.000000  1.000000  0.000000  0.000000  0.000000  1.000000  0.000000  0.000000  
113.278014 -0.002560  0.085729  -0.009455  0.998342  0.057358  0.004887  -0.057406  0.998297  0.010411  -0.004282  -0.010674  0.999934  0.000035  -0.008151  0.001616  0.000000  0.000000  0.000000  2.000000  1.000000  0.000000  0.000000  0.000000  1.000000  0.000000  0.000000  0.000000  1.000000  0.999997  0.001838  0.001358  -0.001838  0.999998  -0.000251  -0.001358  0.000248  0.999999  1.000000  0.000000  0.000000  0.000000  1.000000  0.000000  0.000000  0.000000  1.000000  1.000000  0.000000  0.000000  0.000000  1.000000  0.000000  0.000000  0.000000  1.000000  0.000000  0.000000  
113.279268 -0.002560  0.085718  -0.009453  0.998341  0.057356  0.005021  -0.057406  0.998297  0.010403  -0.004415  -0.010674  0.999933  0.000047  -0.008248  0.001556  0.000000  0.000000  0.000000  2.000000  1.000000  0.000000  0.000000  0.000000  1.000000  0.000000  0.000000  0.000000  1.000000  0.999997  0.001838  0.001358  -0.001838  0.999998  -0.000251  -0.001358  0.000248  0.999999  1.000000  0.000000  0.000000  0.000000  1.000000  0.000000  0.000000  0.000000  1.000000  1.000000  0.000000  0.000000  0.000000  1.000000  0.000000  0.000000  0.000000  1.000000  0.000000  0.000000  
113.280514 -0.002561  0.085708  -0.009452  0.998329  0.057560  0.005156  -0.057611  0.998285  0.010394  -0.004549  -0.010674  0.999933  0.000003  -0.008324  0.001496  0.000000  0.000000  0.000000  2.000000  1.000000  0.000000  0.000000  0.000000  1.000000  0.000000  0.000000  0.000000  1.000000  0.999997  0.002043  0.001494  -0.002042  0.999998  -0.000252  -0.001494  0.000249  0.999999  1.000000  0.000000  0.000000  0.000000  1.000000  0.000000  0.000000  0.000000  1.000000  1.000000  0.000000  0.000000  0.000000  1.000000  0.000000  0.000000  0.000000  1.000000  0.000000  0.000000  
113.281763 -0.002561  0.085697  -0.009451  0.998317  0.057766  0.005158  -0.057817  0.998273  0.010393  -0.004549  -0.010674  0.999933  -0.000002  -0.008356  0.001416  0.000000  0.000000  0.000000  2.000000  1.000000  0.000000  0.000000  0.000000  1.000000  0.000000  0.000000  0.000000  1.000000  0.999997  0.001838  0.001358  -0.001838  0.999998  -0.000130  -0.001358  0.000127  0.999999  1.000000  0.000000  0.000000  0.000000  1.000000  0.000000  0.000000  0.000000  1.000000  1.000000  0.000000  0.000000  0.000000  1.000000  0.000000  0.000000  0.000000  1.000000  0.000000  0.000000  
113.283013 -0.002561  0.085686  -0.009449  0.998316  0.057764  0.005292  -0.057817  0.998273  0.010385  -0.004683  -0.010674  0.999932  0.000015  -0.008386  0.001387  0.000000  0.000000  0.000000  2.000000  1.000000  0.000000  0.000000  0.000000  1.000000  0.000000  0.000000  0.000000  1.000000  0.999997  0.002044  0.001360  -0.002044  0.999998  -0.000131  -0.001360  0.000128  0.999999  1.000000  0.000000  0.000000  0.000000  1.000000  0.000000  0.000000  0.000000  1.000000  1.000000  0.000000  0.000000  0.000000  1.000000  0.000000  0.000000  0.000000  1.000000  0.000000  0.000000  
113.284015 -0.002561  0.085677  -0.009448  0.998304  0.057970  0.005294  -0.058022  0.998261  0.010384  -0.004683  -0.010674  0.999932  0.000034  -0.008420  0.001363  0.000000  0.000000  0.000000  2.000000  1.000000  0.000000  0.000000  0.000000  1.000000  0.000000  0.000000  0.000000  1.000000  0.999997  0.002044  0.001360  -0.002044  0.999998  -0.000131  -0.001360  0.000128  0.999999  1.000000  0.000000  0.000000  0.000000  1.000000  0.000000  0.000000  0.000000  1.000000  1.000000  0.000000  0.000000  0.000000  1.000000  0.000000  0.000000  0.000000  1.000000  0.000000  0.000000  
113.285017 -0.002562  0.085668  -0.009447  0.998304  0.057968  0.005428  -0.058022  0.998261  0.010376  -0.004817  -0.010674  0.999931  -0.000072  -0.008481  0.001343  0.000000  0.000000  0.000000  2.000000  1.000000  0.000000  0.000000  0.000000  1.000000  0.000000  0.000000  0.000000  1.000000  0.999997  0.002044  0.001360  -0.002044  0.999998  -0.000010  -0.001360  0.000007  0.999999  1.000000  0.000000  0.000000  0.000000  1.000000  0.000000  0.000000  0.000000  1.000000  1.000000  0.000000  0.000000  0.000000  1.000000  0.000000  0.000000  0.000000  1.000000  0.000000  0.000000  
113.286268 -0.002562  0.085658  -0.009445  0.998304  0.057968  0.005428  -0.058022  0.998261  0.010376  -0.004817  -0.010674  0.999931  -0.000125  -0.008548  0.001324  0.000000  0.000000  0.000000  2.000000  1.000000  0.000000  0.000000  0.000000  1.000000  0.000000  0.000000  0.000000  1.000000  0.999997  0.002046  0.001226  -0.002046  0.999998  -0.000010  -0.001226  0.000007  0.999999  1.000000  0.000000  0.000000  0.000000  1.000000  0.000000  0.000000  0.000000  1.000000  1.000000  0.000000  0.000000  0.000000  1.000000  0.000000  0.000000  0.000000  1.000000  0.000000  0.000000  
113.287271 -0.002563  0.085649  -0.009442  0.998291  0.058172  0.005563  -0.058228  0.998249  0.010368  -0.004951  -0.010674  0.999931  -0.000229  -0.008586  0.001384  0.000000  0.000000  0.000000  2.000000  1.000000  0.000000  0.000000  0.000000  1.000000  0.000000  0.000000  0.000000  1.000000  0.999997  0.002046  0.001226  -0.002046  0.999998  -0.000010  -0.001226  0.000007  0.999999  1.000000  0.000000  0.000000  0.000000  1.000000  0.000000  0.000000  0.000000  1.000000  1.000000  0.000000  0.000000  0.000000  1.000000  0.000000  0.000000  0.000000  1.000000  0.000000  0.000000  
113.288521 -0.002564  0.085638  -0.009440  0.998291  0.058172  0.005563  -0.058228  0.998249  0.010368  -0.004951  -0.010674  0.999931  -0.000292  -0.008634  0.001348  0.000000  0.000000  0.000000  2.000000  1.000000  0.000000  0.000000  0.000000  1.000000  0.000000  0.000000  0.000000  1.000000  0.999997  0.002046  0.001226  -0.002046  0.999998  -0.000010  -0.001226  0.000008  0.999999  1.000000  0.000000  0.000000  0.000000  1.000000  0.000000  0.000000  0.000000  1.000000  1.000000  0.000000  0.000000  0.000000  1.000000  0.000000  0.000000  0.000000  1.000000  0.000000  0.000000  
113.289768 -0.002565  0.085627  -0.009439  0.998290  0.058171  0.005697  -0.058228  0.998250  0.010360  -0.005084  -0.010674  0.999930  -0.000362  -0.008660  0.001303  0.000000  0.000000  0.000000  2.000000  1.000000  0.000000  0.000000  0.000000  1.000000  0.000000  0.000000  0.000000  1.000000  0.999998  0.001840  0.001224  -0.001840  0.999998  -0.000130  -0.001224  0.000128  0.999999  1.000000  0.000000  0.000000  0.000000  1.000000  0.000000  0.000000  0.000000  1.000000  1.000000  0.000000  0.000000  0.000000  1.000000  0.000000  0.000000  0.000000  1.000000  0.000000  0.000000  
113.290768 -0.002566  0.085618  -0.009437  0.998290  0.058171  0.005697  -0.058228  0.998250  0.010360  -0.005084  -0.010674  0.999930  -0.000406  -0.008680  0.001320  0.000000  0.000000  0.000000  2.000000  1.000000  0.000000  0.000000  0.000000  1.000000  0.000000  0.000000  0.000000  1.000000  0.999997  0.001838  0.001358  -0.001838  0.999998  -0.000131  -0.001358  0.000128  0.999999  1.000000  0.000000  0.000000  0.000000  1.000000  0.000000  0.000000  0.000000  1.000000  1.000000  0.000000  0.000000  0.000000  1.000000  0.000000  0.000000  0.000000  1.000000  0.000000  0.000000  
113.292013 -0.002567  0.085607  -0.009436  0.998278  0.058377  0.005692  -0.058433  0.998239  0.010238  -0.005084  -0.010553  0.999931  -0.000450  -0.008702  0.001337  0.000000  0.000000  0.000000  2.000000  1.000000  0.000000  0.000000  0.000000  1.000000  0.000000  0.000000  0.000000  1.000000  0.999998  0.001840  0.001224  -0.001840  0.999998  -0.000131  -0.001224  0.000128  0.999999  1.000000  0.000000  0.000000  0.000000  1.000000  0.000000  0.000000  0.000000  1.000000  1.000000  0.000000  0.000000  0.000000  1.000000  0.000000  0.000000  0.000000  1.000000  0.000000  0.000000  
113.293266 -0.002567  0.085596  -0.009434  0.998278  0.058376  0.005826  -0.058433  0.998239  0.010230  -0.005218  -0.010553  0.999931  -0.000476  -0.008755  0.001330  0.000000  0.000000  0.000000  2.000000  1.000000  0.000000  0.000000  0.000000  1.000000  0.000000  0.000000  0.000000  1.000000  0.999998  0.001633  0.001355  -0.001632  0.999999  -0.000251  -0.001356  0.000249  0.999999  1.000000  0.000000  0.000000  0.000000  1.000000  0.000000  0.000000  0.000000  1.000000  1.000000  0.000000  0.000000  0.000000  1.000000  0.000000  0.000000  0.000000  1.000000  0.000000  0.000000  
113.294512 -0.002568  0.085584  -0.009433  0.998277  0.058374  0.005959  -0.058433  0.998239  0.010222  -0.005352  -0.010552  0.999930  -0.000535  -0.008768  0.001292  0.000000  0.000000  0.000000  2.000000  1.000000  0.000000  0.000000  0.000000  1.000000  0.000000  0.000000  0.000000  1.000000  0.999998  0.001634  0.001221  -0.001634  0.999999  -0.000251  -0.001222  0.000249  0.999999  1.000000  0.000000  0.000000  0.000000  1.000000  0.000000  0.000000  0.000000  1.000000  1.000000  0.000000  0.000000  0.000000  1.000000  0.000000  0.000000  0.000000  1.000000  0.000000  0.000000  
113.295513 -0.002569  0.085575  -0.009432  0.998277  0.058374  0.005959  -0.058433  0.998239  0.010222  -0.005352  -0.010552  0.999930  -0.000535  -0.008810  0.001345  0.000000  0.000000  0.000000  2.000000  1.000000  0.000000  0.000000  0.000000  1.000000  0.000000  0.000000  0.000000  1.000000  0.999998  0.001428  0.001219  -0.001428  0.999999  -0.000250  -0.001220  0.000249  0.999999  1.000000  0.000000  0.000000  0.000000  1.000000  0.000000  0.000000  0.000000  1.000000  1.000000  0.000000  0.000000  0.000000  1.000000  0.000000  0.000000  0.000000  1.000000  0.000000  0.000000  
113.296761 -0.002569  0.085564  -0.009430  0.998277  0.058374  0.005959  -0.058433  0.998239  0.010222  -0.005352  -0.010552  0.999930  -0.000529  -0.008835  0.001355  0.000000  0.000000  0.000000  2.000000  1.000000  0.000000  0.000000  0.000000  1.000000  0.000000  0.000000  0.000000  1.000000  0.999999  0.001222  0.001217  -0.001222  0.999999  -0.000249  -0.001217  0.000248  0.999999  1.000000  0.000000  0.000000  0.000000  1.000000  0.000000  0.000000  0.000000  1.000000  1.000000  0.000000  0.000000  0.000000  1.000000  0.000000  0.000000  0.000000  1.000000  0.000000  0.000000  
113.298021 -0.002569  0.085553  -0.009428  0.998264  0.058579  0.006095  -0.058639  0.998227  0.010213  -0.005486  -0.010552  0.999929  -0.000507  -0.008860  0.001419  0.000000  0.000000  0.000000  2.000000  1.000000  0.000000  0.000000  0.000000  1.000000  0.000000  0.000000  0.000000  1.000000  0.999998  0.001428  0.001219  -0.001428  0.999999  -0.000129  -0.001220  0.000127  0.999999  1.000000  0.000000  0.000000  0.000000  1.000000  0.000000  0.000000  0.000000  1.000000  1.000000  0.000000  0.000000  0.000000  1.000000  0.000000  0.000000  0.000000  1.000000  0.000000  0.000000  
113.299264 -0.002569  0.085541  -0.009427  0.998264  0.058579  0.006095  -0.058639  0.998227  0.010213  -0.005486  -0.010552  0.999929  -0.000520  -0.008916  0.001378  0.000000  0.000000  0.000000  2.000000  1.000000  0.000000  0.000000  0.000000  1.000000  0.000000  0.000000  0.000000  1.000000  0.999999  0.001224  0.001083  -0.001224  0.999999  -0.000128  -0.001084  0.000127  0.999999  1.000000  0.000000  0.000000  0.000000  1.000000  0.000000  0.000000  0.000000  1.000000  1.000000  0.000000  0.000000  0.000000  1.000000  0.000000  0.000000  0.000000  1.000000  0.000000  0.000000  
113.300266 -0.002570  0.085532  -0.009426  0.998263  0.058577  0.006228  -0.058639  0.998227  0.010205  -0.005620  -0.010552  0.999929  -0.000529  -0.008979  0.001387  0.000000  0.000000  0.000000  2.000000  1.000000  0.000000  0.000000  0.000000  1.000000  0.000000  0.000000  0.000000  1.000000  0.999999  0.001018  0.001081  -0.001018  0.999999  -0.000127  -0.001081  0.000126  0.999999  1.000000  0.000000  0.000000  0.000000  1.000000  0.000000  0.000000  0.000000  1.000000  1.000000  0.000000  0.000000  0.000000  1.000000  0.000000  0.000000  0.000000  1.000000  0.000000  0.000000  
113.301513 -0.002571  0.085520  -0.009424  0.998263  0.058577  0.006228  -0.058639  0.998227  0.010205  -0.005620  -0.010552  0.999929  -0.000529  -0.009074  0.001364  0.000000  0.000000  0.000000  2.000000  1.000000  0.000000  0.000000  0.000000  1.000000  0.000000  0.000000  0.000000  1.000000  0.999999  0.001018  0.001081  -0.001018  0.999999  -0.000127  -0.001081  0.000126  0.999999  1.000000  0.000000  0.000000  0.000000  1.000000  0.000000  0.000000  0.000000  1.000000  1.000000  0.000000  0.000000  0.000000  1.000000  0.000000  0.000000  0.000000  1.000000  0.000000  0.000000  
113.302514 -0.002571  0.085510  -0.009422  0.998276  0.058372  0.006226  -0.058433  0.998239  0.010206  -0.005620  -0.010552  0.999929  -0.000535  -0.009149  0.001332  0.000000  0.000000  0.000000  2.000000  1.000000  0.000000  0.000000  0.000000  1.000000  0.000000  0.000000  0.000000  1.000000  0.999999  0.000606  0.001077  -0.000606  1.000000  -0.000125  -0.001077  0.000124  0.999999  1.000000  0.000000  0.000000  0.000000  1.000000  0.000000  0.000000  0.000000  1.000000  1.000000  0.000000  0.000000  0.000000  1.000000  0.000000  0.000000  0.000000  1.000000  0.000000  0.000000  
113.303519 -0.002571  0.085501  -0.009420  0.998276  0.058372  0.006226  -0.058433  0.998239  0.010206  -0.005620  -0.010552  0.999929  -0.000479  -0.009175  0.001335  0.000000  0.000000  0.000000  2.000000  1.000000  0.000000  0.000000  0.000000  1.000000  0.000000  0.000000  0.000000  1.000000  0.999999  0.000608  0.000943  -0.000608  1.000000  -0.000125  -0.000943  0.000124  1.000000  1.000000  0.000000  0.000000  0.000000  1.000000  0.000000  0.000000  0.000000  1.000000  1.000000  0.000000  0.000000  0.000000  1.000000  0.000000  0.000000  0.000000  1.000000  0.000000  0.000000  
113.304767 -0.002572  0.085489  -0.009418  0.998275  0.058371  0.006353  -0.058433  0.998240  0.010077  -0.005753  -0.010431  0.999929  -0.000461  -0.009245  0.001364  0.000000  0.000000  0.000000  2.000000  1.000000  0.000000  0.000000  0.000000  1.000000  0.000000  0.000000  0.000000  1.000000  0.999999  0.000400  0.001075  -0.000400  1.000000  -0.000124  -0.001075  0.000123  0.999999  1.000000  0.000000  0.000000  0.000000  1.000000  0.000000  0.000000  0.000000  1.000000  1.000000  0.000000  0.000000  0.000000  1.000000  0.000000  0.000000  0.000000  1.000000  0.000000  0.000000  
113.306023 -0.002572  0.085477  -0.009415  0.998275  0.058371  0.006353  -0.058433  0.998240  0.010077  -0.005753  -0.010431  0.999929  -0.000424  -0.009297  0.001446  0.000000  0.000000  0.000000  2.000000  1.000000  0.000000  0.000000  0.000000  1.000000  0.000000  0.000000  0.000000  1.000000  0.999999  0.000402  0.000941  -0.000402  1.000000  -0.000245  -0.000941  0.000245  1.000000  1.000000  0.000000  0.000000  0.000000  1.000000  0.000000  0.000000  0.000000  1.000000  1.000000  0.000000  0.000000  0.000000  1.000000  0.000000  0.000000  0.000000  1.000000  0.000000  0.000000  
113.307267 -0.002572  0.085466  -0.009413  0.998275  0.058371  0.006353  -0.058433  0.998240  0.010077  -0.005753  -0.010431  0.999929  -0.000343  -0.009313  0.001509  0.000000  0.000000  0.000000  2.000000  1.000000  0.000000  0.000000  0.000000  1.000000  0.000000  0.000000  0.000000  1.000000  1.000000  0.000196  0.000939  -0.000196  1.000000  -0.000244  -0.000939  0.000244  1.000000  1.000000  0.000000  0.000000  0.000000  1.000000  0.000000  0.000000  0.000000  1.000000  1.000000  0.000000  0.000000  0.000000  1.000000  0.000000  0.000000  0.000000  1.000000  0.000000  0.000000  
113.308520 -0.002572  0.085454  -0.009409  0.998274  0.058370  0.006486  -0.058433  0.998241  0.010070  -0.005887  -0.010431  0.999928  -0.000269  -0.009294  0.001646  0.000000  0.000000  0.000000  2.000000  1.000000  0.000000  0.000000  0.000000  1.000000  0.000000  0.000000  0.000000  1.000000  1.000000  0.000196  0.000939  -0.000196  1.000000  -0.000244  -0.000939  0.000244  1.000000  1.000000  0.000000  0.000000  0.000000  1.000000  0.000000  0.000000  0.000000  1.000000  1.000000  0.000000  0.000000  0.000000  1.000000  0.000000  0.000000  0.000000  1.000000  0.000000  0.000000  
