1-Time 2-Px 3-Py 4-Pz 5-R11 6-R21 7-R31 8-R12 9-R22 10-R32 11-R13 12-R23 13-R33 14-Vx 15-Vy 16-Vz 17-Wx 18-Wy 19-Wz 20-state 21-PR11 22-PR21 23-PR31 24-PR12 25-PR22 26-PR32 27-PR13 28-PR23 29-PR33 
29.326623 0.001341  0.088481  -0.007241  0.987575  0.008048  -0.156942  -0.019724  0.997138  -0.072982  0.155906  0.075170  0.984908  0.000195  0.000128  0.000126  0.000000  0.000000  0.000000  2.000000  1.000000  0.000000  0.000000  -0.000000  1.000000  0.000000  0.000000  -0.000000  1.000000  0.999998  -0.002028  0.000155  0.002028  0.999998  -0.000200  -0.000155  0.000200  1.000000  1.000000  0.000000  0.000000  0.000000  1.000000  0.000000  0.000000  0.000000  1.000000  0.687599  0.496734  -0.529587  -0.592016  0.805824  -0.012820  0.420386  0.322340  0.848158  0.000000  0.000000  
29.327628 0.001341  0.088482  -0.007241  0.987579  0.007843  -0.156927  -0.019521  0.997140  -0.073014  0.155906  0.075170  0.984908  0.000149  0.000150  0.000086  0.000000  0.000000  0.000000  2.000000  1.000000  0.000000  0.000000  0.000000  1.000000  0.000000  0.000000  0.000000  1.000000  0.999998  -0.002028  0.000155  0.002028  0.999998  -0.000200  -0.000155  0.000200  1.000000  1.000000  0.000000  0.000000  0.000000  1.000000  0.000000  0.000000  0.000000  1.000000  1.000000  0.000000  0.000000  0.000000  1.000000  0.000000  0.000000  0.000000  1.000000  0.000000  0.000000  
29.328877 0.001340  0.088479  -0.007241  0.987558  0.007833  -0.157059  -0.019520  0.997140  -0.073011  0.156038  0.075169  0.984887  0.000083  -0.000021  0.000068  0.000000  0.000000  0.000000  2.000000  1.000000  0.000000  0.000000  0.000000  1.000000  0.000000  0.000000  0.000000  1.000000  0.999998  -0.002038  0.000022  0.002038  0.999998  -0.000200  -0.000021  0.000200  1.000000  1.000000  0.000000  0.000000  0.000000  1.000000  0.000000  0.000000  0.000000  1.000000  1.000000  0.000000  0.000000  0.000000  1.000000  0.000000  0.000000  0.000000  1.000000  0.000000  0.000000  
29.329884 0.001339  0.088477  -0.007243  0.987520  0.007607  -0.157308  -0.019316  0.997142  -0.073038  0.156302  0.075166  0.984845  -0.000044  -0.000199  -0.000042  0.000000  0.000000  0.000000  2.000000  1.000000  0.000000  0.000000  0.000000  1.000000  0.000000  0.000000  0.000000  1.000000  0.999998  -0.002048  -0.000112  0.002048  0.999998  -0.000200  0.000112  0.000200  1.000000  1.000000  0.000000  0.000000  0.000000  1.000000  0.000000  0.000000  0.000000  1.000000  1.000000  0.000000  0.000000  0.000000  1.000000  0.000000  0.000000  0.000000  1.000000  0.000000  0.000000  
29.331127 0.001338  0.088473  -0.007243  0.987482  0.007382  -0.157556  -0.019112  0.997144  -0.073066  0.156567  0.075162  0.984803  -0.000120  -0.000423  -0.000102  0.000000  0.000000  0.000000  2.000000  1.000000  0.000000  0.000000  0.000000  1.000000  0.000000  0.000000  0.000000  1.000000  0.999997  -0.002271  -0.000363  0.002271  0.999997  -0.000233  0.000364  0.000232  1.000000  1.000000  0.000000  0.000000  0.000000  1.000000  0.000000  0.000000  0.000000  1.000000  1.000000  0.000000  0.000000  0.000000  1.000000  0.000000  0.000000  0.000000  1.000000  0.000000  0.000000  
29.332127 0.001338  0.088471  -0.007243  0.987462  0.007372  -0.157688  -0.019112  0.997144  -0.073063  0.156699  0.075161  0.984782  -0.000139  -0.000617  -0.000080  0.000000  0.000000  0.000000  2.000000  1.000000  0.000000  0.000000  0.000000  1.000000  0.000000  0.000000  0.000000  1.000000  0.999998  -0.002089  -0.000645  0.002089  0.999998  -0.000201  0.000646  0.000200  1.000000  1.000000  0.000000  0.000000  0.000000  1.000000  0.000000  0.000000  0.000000  1.000000  1.000000  0.000000  0.000000  0.000000  1.000000  0.000000  0.000000  0.000000  1.000000  0.000000  0.000000  
29.333127 0.001337  0.088467  -0.007243  0.987423  0.007146  -0.157936  -0.018908  0.997146  -0.073091  0.156963  0.075158  0.984741  -0.000176  -0.000840  -0.000112  0.000000  0.000000  0.000000  2.000000  1.000000  0.000000  0.000000  0.000000  1.000000  0.000000  0.000000  0.000000  1.000000  0.999997  -0.002302  -0.000763  0.002301  0.999997  -0.000234  0.000764  0.000232  1.000000  1.000000  0.000000  0.000000  0.000000  1.000000  0.000000  0.000000  0.000000  1.000000  1.000000  0.000000  0.000000  0.000000  1.000000  0.000000  0.000000  0.000000  1.000000  0.000000  0.000000  
29.334377 0.001337  0.088463  -0.007243  0.987402  0.007136  -0.158068  -0.018907  0.997146  -0.073088  0.157095  0.075156  0.984720  -0.000228  -0.001180  -0.000088  0.000000  0.000000  0.000000  2.000000  1.000000  0.000000  0.000000  0.000000  1.000000  0.000000  0.000000  0.000000  1.000000  0.999997  -0.002119  -0.001046  0.002119  0.999998  -0.000202  0.001046  0.000200  0.999999  1.000000  0.000000  0.000000  0.000000  1.000000  0.000000  0.000000  0.000000  1.000000  1.000000  0.000000  0.000000  0.000000  1.000000  0.000000  0.000000  0.000000  1.000000  0.000000  0.000000  
29.335379 0.001337  0.088459  -0.007242  0.987381  0.007126  -0.158200  -0.018907  0.997146  -0.073086  0.157227  0.075154  0.984699  -0.000216  -0.001402  -0.000079  0.000000  0.000000  0.000000  2.000000  1.000000  0.000000  0.000000  0.000000  1.000000  0.000000  0.000000  0.000000  1.000000  0.999997  -0.002129  -0.001179  0.002129  0.999998  -0.000202  0.001179  0.000200  0.999999  1.000000  0.000000  0.000000  0.000000  1.000000  0.000000  0.000000  0.000000  1.000000  1.000000  0.000000  0.000000  0.000000  1.000000  0.000000  0.000000  0.000000  1.000000  0.000000  0.000000  
29.336411 0.001337  0.088455  -0.007243  0.987339  0.007087  -0.158464  -0.018906  0.997138  -0.073201  0.157492  0.075271  0.984648  -0.000252  -0.001744  -0.000134  0.000000  0.000000  0.000000  2.000000  1.000000  0.000000  0.000000  0.000000  1.000000  0.000000  0.000000  0.000000  1.000000  0.999997  -0.001937  -0.001328  0.001937  0.999998  -0.000292  0.001328  0.000289  0.999999  1.000000  0.000000  0.000000  0.000000  1.000000  0.000000  0.000000  0.000000  1.000000  1.000000  0.000000  0.000000  0.000000  1.000000  0.000000  0.000000  0.000000  1.000000  0.000000  0.000000  
29.337625 0.001337  0.088450  -0.007244  0.987297  0.007067  -0.158727  -0.018905  0.997138  -0.073196  0.157756  0.075267  0.984605  -0.000273  -0.002076  -0.000224  0.000000  0.000000  0.000000  2.000000  1.000000  0.000000  0.000000  0.000000  1.000000  0.000000  0.000000  0.000000  1.000000  0.999997  -0.001968  -0.001728  0.001967  0.999998  -0.000292  0.001729  0.000289  0.999998  1.000000  0.000000  0.000000  0.000000  1.000000  0.000000  0.000000  0.000000  1.000000  1.000000  0.000000  0.000000  0.000000  1.000000  0.000000  0.000000  0.000000  1.000000  0.000000  0.000000  
29.338631 0.001336  0.088446  -0.007246  0.987238  0.006831  -0.159107  -0.018701  0.997140  -0.073222  0.158152  0.075263  0.984542  -0.000301  -0.002380  -0.000323  0.000000  0.000000  0.000000  2.000000  1.000000  0.000000  0.000000  0.000000  1.000000  0.000000  0.000000  0.000000  1.000000  0.999996  -0.001988  -0.001995  0.001987  0.999998  -0.000293  0.001995  0.000289  0.999998  1.000000  0.000000  0.000000  0.000000  1.000000  0.000000  0.000000  0.000000  1.000000  1.000000  0.000000  0.000000  0.000000  1.000000  0.000000  0.000000  0.000000  1.000000  0.000000  0.000000  
29.339880 0.001335  0.088440  -0.007248  0.987178  0.006577  -0.159488  -0.018496  0.997133  -0.073368  0.158549  0.075377  0.984470  -0.000409  -0.002762  -0.000514  0.000000  0.000000  0.000000  2.000000  1.000000  0.000000  0.000000  0.000000  1.000000  0.000000  0.000000  0.000000  1.000000  0.999995  -0.002019  -0.002395  0.002018  0.999998  -0.000536  0.002396  0.000531  0.999997  1.000000  0.000000  0.000000  0.000000  1.000000  0.000000  0.000000  0.000000  1.000000  1.000000  0.000000  0.000000  0.000000  1.000000  0.000000  0.000000  0.000000  1.000000  0.000000  0.000000  
29.340883 0.001335  0.088436  -0.007250  0.987135  0.006556  -0.159752  -0.018495  0.997134  -0.073363  0.158813  0.075374  0.984427  -0.000416  -0.003092  -0.000637  0.000000  0.000000  0.000000  2.000000  1.000000  0.000000  0.000000  0.000000  1.000000  0.000000  0.000000  0.000000  1.000000  0.999994  -0.002039  -0.002662  0.002038  0.999998  -0.000537  0.002663  0.000531  0.999996  1.000000  0.000000  0.000000  0.000000  1.000000  0.000000  0.000000  0.000000  1.000000  1.000000  0.000000  0.000000  0.000000  1.000000  0.000000  0.000000  0.000000  1.000000  0.000000  0.000000  
29.341884 0.001334  0.088430  -0.007252  0.987097  0.006331  -0.160000  -0.018291  0.997135  -0.073391  0.159077  0.075371  0.984385  -0.000492  -0.003495  -0.000754  0.000000  0.000000  0.000000  2.000000  1.000000  0.000000  0.000000  0.000000  1.000000  0.000000  0.000000  0.000000  1.000000  0.999993  -0.002070  -0.003062  0.002068  0.999998  -0.000538  0.003063  0.000531  0.999995  1.000000  0.000000  0.000000  0.000000  1.000000  0.000000  0.000000  0.000000  1.000000  1.000000  0.000000  0.000000  0.000000  1.000000  0.000000  0.000000  0.000000  1.000000  0.000000  0.000000  
29.343131 0.001332  0.088422  -0.007255  0.987033  0.006281  -0.160396  -0.018290  0.997127  -0.073505  0.159473  0.075485  0.984312  -0.000528  -0.003954  -0.000920  0.000000  0.000000  0.000000  2.000000  1.000000  0.000000  0.000000  0.000000  1.000000  0.000000  0.000000  0.000000  1.000000  0.999992  -0.002091  -0.003328  0.002089  0.999998  -0.000659  0.003330  0.000652  0.999994  1.000000  0.000000  0.000000  0.000000  1.000000  0.000000  0.000000  0.000000  1.000000  1.000000  0.000000  0.000000  0.000000  1.000000  0.000000  0.000000  0.000000  1.000000  0.000000  0.000000  
29.344378 0.001331  0.088414  -0.007257  0.986990  0.006261  -0.160659  -0.018289  0.997128  -0.073500  0.159737  0.075482  0.984270  -0.000547  -0.004326  -0.000955  0.000000  0.000000  0.000000  2.000000  1.000000  0.000000  0.000000  0.000000  1.000000  0.000000  0.000000  0.000000  1.000000  0.999991  -0.001919  -0.003744  0.001916  0.999998  -0.000627  0.003745  0.000620  0.999993  1.000000  0.000000  0.000000  0.000000  1.000000  0.000000  0.000000  0.000000  1.000000  1.000000  0.000000  0.000000  0.000000  1.000000  0.000000  0.000000  0.000000  1.000000  0.000000  0.000000  
29.345378 0.001330  0.088407  -0.007256  0.986947  0.006241  -0.160922  -0.018289  0.997128  -0.073495  0.160002  0.075479  0.984227  -0.000531  -0.004595  -0.000936  0.000000  0.000000  0.000000  2.000000  1.000000  0.000000  0.000000  0.000000  1.000000  0.000000  0.000000  0.000000  1.000000  0.999991  -0.001929  -0.003878  0.001927  0.999998  -0.000628  0.003879  0.000620  0.999992  1.000000  0.000000  0.000000  0.000000  1.000000  0.000000  0.000000  0.000000  1.000000  1.000000  0.000000  0.000000  0.000000  1.000000  0.000000  0.000000  0.000000  1.000000  0.000000  0.000000  
29.346381 0.001330  0.088400  -0.007255  0.986904  0.006221  -0.161186  -0.018288  0.997128  -0.073490  0.160266  0.075475  0.984184  -0.000533  -0.004880  -0.000839  0.000000  0.000000  0.000000  2.000000  1.000000  0.000000  0.000000  0.000000  1.000000  0.000000  0.000000  0.000000  1.000000  0.999990  -0.001747  -0.004160  0.001744  0.999998  -0.000595  0.004161  0.000588  0.999991  1.000000  0.000000  0.000000  0.000000  1.000000  0.000000  0.000000  0.000000  1.000000  1.000000  0.000000  0.000000  0.000000  1.000000  0.000000  0.000000  0.000000  1.000000  0.000000  0.000000  
29.347640 0.001329  0.088390  -0.007253  0.986844  0.005966  -0.161566  -0.018083  0.997121  -0.073637  0.160662  0.075590  0.984111  -0.000551  -0.005280  -0.000687  0.000000  0.000000  0.000000  2.000000  1.000000  0.000000  0.000000  0.000000  1.000000  0.000000  0.000000  0.000000  1.000000  0.999988  -0.001981  -0.004544  0.001977  0.999998  -0.000750  0.004546  0.000741  0.999989  1.000000  0.000000  0.000000  0.000000  1.000000  0.000000  0.000000  0.000000  1.000000  1.000000  0.000000  0.000000  0.000000  1.000000  0.000000  0.000000  0.000000  1.000000  0.000000  0.000000  
29.348880 0.001329  0.088380  -0.007251  0.986779  0.005935  -0.161961  -0.018082  0.997122  -0.073630  0.161058  0.075585  0.984046  -0.000510  -0.005601  -0.000531  -0.029461  0.168582  -0.095116  2.000000  1.000000  -0.000023  -0.000064  0.000023  1.000000  -0.000009  0.000064  0.000009  1.000000  0.999985  -0.001819  -0.005094  0.001815  0.999998  -0.000718  0.005095  0.000709  0.999987  1.000000  -0.000023  -0.000064  0.000023  1.000000  -0.000009  0.000064  0.000009  1.000000  1.000000  -0.000023  -0.000064  0.000023  1.000000  -0.000009  0.000064  0.000009  1.000000  0.000049  0.005456  
29.349890 0.001330  0.088372  -0.007249  0.986715  0.005905  -0.162356  -0.018081  0.997122  -0.073622  0.161454  0.075580  0.983982  -0.000490  -0.005947  -0.000423  -0.028381  0.182560  -0.089336  2.000000  1.000000  -0.000091  -0.000260  0.000091  1.000000  -0.000036  0.000260  0.000036  1.000000  0.999984  -0.001839  -0.005360  0.001836  0.999998  -0.000719  0.005362  0.000709  0.999985  1.000000  -0.000023  -0.000067  0.000023  1.000000  -0.000009  0.000067  0.000009  1.000000  1.000000  -0.000091  -0.000260  0.000091  1.000000  -0.000036  0.000260  0.000036  1.000000  0.000051  0.005712  
29.350931 0.001330  0.088364  -0.007247  0.986653  0.005650  -0.162737  -0.017877  0.997115  -0.073770  0.161850  0.075694  0.983908  -0.000466  -0.006213  -0.000262  -0.033517  0.195165  -0.097028  2.000000  1.000000  -0.000158  -0.000466  0.000158  1.000000  -0.000065  0.000466  0.000065  1.000000  0.999982  -0.001861  -0.005627  0.001856  0.999998  -0.000841  0.005629  0.000830  0.999984  1.000000  -0.000023  -0.000070  0.000023  1.000000  -0.000010  0.000070  0.000010  1.000000  1.000000  -0.000158  -0.000466  0.000158  1.000000  -0.000065  0.000466  0.000065  1.000000  0.000055  0.005985  
29.352128 0.001332  0.088354  -0.007244  0.986567  0.005609  -0.163263  -0.017875  0.997116  -0.073760  0.162378  0.075688  0.983821  -0.000364  -0.006521  -0.000021  -0.032491  0.213931  -0.091743  2.000000  1.000000  -0.000249  -0.000751  0.000249  1.000000  -0.000107  0.000751  0.000106  1.000000  0.999982  -0.001668  -0.005776  0.001663  0.999998  -0.000808  0.005777  0.000798  0.999983  1.000000  -0.000021  -0.000072  0.000021  1.000000  -0.000010  0.000072  0.000010  1.000000  1.000000  -0.000249  -0.000751  0.000249  1.000000  -0.000107  0.000751  0.000106  1.000000  0.000057  0.006066  
29.353144 0.001333  0.088345  -0.007242  0.986523  0.005569  -0.163527  -0.017874  0.997107  -0.073876  0.162642  0.075804  0.983769  -0.000200  -0.006876  0.000246  -0.035464  0.223342  -0.085605  2.000000  0.999999  -0.000332  -0.001045  0.000332  1.000000  -0.000147  0.001045  0.000146  0.999999  0.999981  -0.001678  -0.005909  0.001673  0.999998  -0.000808  0.005911  0.000799  0.999982  1.000000  -0.000021  -0.000074  0.000021  1.000000  -0.000010  0.000074  0.000010  1.000000  0.999999  -0.000332  -0.001045  0.000332  1.000000  -0.000147  0.001045  0.000146  0.999999  0.000059  0.006196  
29.354383 0.001335  0.088335  -0.007239  0.986480  0.005549  -0.163790  -0.017874  0.997108  -0.073871  0.162906  0.075800  0.983725  -0.000020  -0.007246  0.000634  -0.035481  0.232357  -0.086310  2.000000  0.999999  -0.000414  -0.001344  0.000414  1.000000  -0.000193  0.001344  0.000192  0.999999  0.999981  -0.001486  -0.006058  0.001481  0.999999  -0.000897  0.006060  0.000888  0.999981  1.000000  -0.000019  -0.000076  0.000019  1.000000  -0.000011  0.000076  0.000011  1.000000  0.999999  -0.000414  -0.001344  0.000414  1.000000  -0.000193  0.001344  0.000192  0.999999  0.000062  0.006302  
29.355625 0.001337  0.088323  -0.007236  0.986436  0.005508  -0.164054  -0.017873  0.997099  -0.073988  0.163170  0.075916  0.983673  0.000115  -0.007563  0.000944  -0.038472  0.241903  -0.080223  2.000000  0.999998  -0.000507  -0.001722  0.000506  1.000000  -0.000250  0.001722  0.000249  0.999998  0.999981  -0.001487  -0.006058  0.001481  0.999998  -0.001018  0.006060  0.001009  0.999981  1.000000  -0.000019  -0.000076  0.000019  1.000000  -0.000013  0.000076  0.000013  1.000000  0.999998  -0.000507  -0.001722  0.000506  1.000000  -0.000250  0.001722  0.000249  0.999998  0.000064  0.006320  
29.356630 0.001338  0.088315  -0.007233  0.986396  0.005283  -0.164302  -0.017669  0.997100  -0.074017  0.163434  0.075913  0.983629  0.000308  -0.007838  0.001315  -0.039592  0.250388  -0.087734  2.000000  0.999998  -0.000586  -0.002027  0.000586  1.000000  -0.000302  0.002027  0.000301  0.999998  0.999980  -0.001690  -0.006042  0.001683  0.999998  -0.001052  0.006044  0.001042  0.999981  1.000000  -0.000021  -0.000076  0.000021  1.000000  -0.000013  0.000076  0.000013  1.000000  0.999998  -0.000586  -0.002027  0.000586  1.000000  -0.000302  0.002027  0.000301  0.999998  0.000066  0.006361  
29.357881 0.001340  0.088304  -0.007229  0.986352  0.005243  -0.164566  -0.017668  0.997092  -0.074133  0.163698  0.076029  0.983576  0.000527  -0.008021  0.001789  -0.042565  0.259827  -0.081610  2.000000  0.999997  -0.000671  -0.002337  0.000671  1.000000  -0.000355  0.002337  0.000353  0.999997  0.999979  -0.001701  -0.006176  0.001694  0.999998  -0.001053  0.006177  0.001042  0.999980  1.000000  -0.000021  -0.000077  0.000021  1.000000  -0.000013  0.000077  0.000013  1.000000  0.999997  -0.000671  -0.002337  0.000671  1.000000  -0.000355  0.002337  0.000353  0.999997  0.000067  0.006491  
29.359133 0.001342  0.088293  -0.007224  0.986308  0.005222  -0.164829  -0.017667  0.997092  -0.074128  0.163962  0.076025  0.983533  0.000764  -0.008187  0.002183  -0.041470  0.260326  -0.074791  2.000000  0.999996  -0.000777  -0.002720  0.000776  1.000000  -0.000420  0.002720  0.000418  0.999996  0.999979  -0.001701  -0.006176  0.001694  0.999998  -0.001053  0.006177  0.001043  0.999980  1.000000  -0.000021  -0.000077  0.000021  1.000000  -0.000013  0.000077  0.000013  1.000000  0.999996  -0.000777  -0.002720  0.000776  1.000000  -0.000420  0.002720  0.000418  0.999996  0.000069  0.006491  
29.360381 0.001344  0.088282  -0.007219  0.986268  0.004977  -0.165077  -0.017464  0.997085  -0.074278  0.164226  0.076141  0.983480  0.000968  -0.008339  0.002505  -0.045563  0.260338  -0.074809  2.000000  0.999995  -0.000878  -0.003096  0.000876  0.999999  -0.000490  0.003096  0.000487  0.999995  0.999980  -0.001691  -0.006042  0.001684  0.999998  -0.001175  0.006044  0.001164  0.999981  1.000000  -0.000021  -0.000076  0.000021  1.000000  -0.000015  0.000076  0.000015  1.000000  0.999995  -0.000878  -0.003096  0.000876  0.999999  -0.000490  0.003096  0.000487  0.999995  0.000070  0.006382  
29.361630 0.001347  0.088271  -0.007215  0.986224  0.004956  -0.165340  -0.017463  0.997085  -0.074274  0.164490  0.076138  0.983436  0.001129  -0.008528  0.002711  -0.045579  0.260346  -0.074809  2.000000  0.999994  -0.000975  -0.003463  0.000973  0.999999  -0.000554  0.003463  0.000551  0.999994  0.999982  -0.001468  -0.005791  0.001462  0.999998  -0.001020  0.005792  0.001011  0.999983  1.000000  -0.000018  -0.000072  0.000018  1.000000  -0.000013  0.000072  0.000013  1.000000  0.999994  -0.000975  -0.003463  0.000973  0.999999  -0.000554  0.003463  0.000551  0.999994  0.000069  0.006060  
29.362875 0.001349  0.088259  -0.007210  0.986202  0.004946  -0.165472  -0.017462  0.997085  -0.074271  0.164622  0.076136  0.983414  0.001309  -0.008666  0.002873  -0.044113  0.258746  -0.067445  2.000000  0.999992  -0.001066  -0.003818  0.001064  0.999999  -0.000618  0.003818  0.000614  0.999993  0.999984  -0.001447  -0.005524  0.001441  0.999998  -0.001020  0.005526  0.001012  0.999984  1.000000  -0.000018  -0.000069  0.000018  1.000000  -0.000013  0.000069  0.000013  1.000000  0.999992  -0.001066  -0.003818  0.001064  0.999999  -0.000618  0.003818  0.000614  0.999993  0.000068  0.005800  
29.363877 0.001351  0.088249  -0.007206  0.986180  0.004936  -0.165604  -0.017462  0.997085  -0.074269  0.164754  0.076135  0.983392  0.001464  -0.008762  0.002967  -0.044144  0.258892  -0.067482  2.000000  0.999991  -0.001128  -0.004093  0.001126  0.999999  -0.000666  0.004094  0.000662  0.999991  0.999985  -0.001234  -0.005407  0.001229  0.999999  -0.000865  0.005408  0.000858  0.999985  1.000000  -0.000015  -0.000068  0.000015  1.000000  -0.000011  0.000068  0.000011  1.000000  0.999991  -0.001128  -0.004093  0.001126  0.999999  -0.000666  0.004094  0.000662  0.999991  0.000068  0.005612  
29.365127 0.001354  0.088237  -0.007201  0.986140  0.004690  -0.165852  -0.017258  0.997078  -0.074420  0.165018  0.076250  0.983339  0.001635  -0.008933  0.003181  -0.049282  0.258228  -0.074213  2.000000  0.999989  -0.001208  -0.004427  0.001205  0.999999  -0.000725  0.004428  0.000720  0.999990  0.999985  -0.001427  -0.005257  0.001422  0.999998  -0.001020  0.005259  0.001012  0.999986  1.000000  -0.000018  -0.000066  0.000018  1.000000  -0.000013  0.000066  0.000013  1.000000  0.999989  -0.001208  -0.004427  0.001205  0.999999  -0.000725  0.004428  0.000720  0.999990  0.000068  0.005541  
29.366375 0.001358  0.088224  -0.007195  0.986117  0.004680  -0.165984  -0.017258  0.997078  -0.074417  0.165150  0.076249  0.983317  0.001789  -0.009032  0.003358  -0.045304  0.254084  -0.073974  2.000000  0.999988  -0.001279  -0.004690  0.001276  0.999999  -0.000776  0.004691  0.000770  0.999989  0.999985  -0.001427  -0.005257  0.001421  0.999998  -0.001020  0.005259  0.001013  0.999986  1.000000  -0.000018  -0.000066  0.000018  1.000000  -0.000013  0.000066  0.000013  1.000000  0.999988  -0.001279  -0.004690  0.001276  0.999999  -0.000776  0.004691  0.000770  0.999989  0.000068  0.005541  
29.367377 0.001361  0.088215  -0.007190  0.986095  0.004670  -0.166115  -0.017257  0.997078  -0.074415  0.165282  0.076247  0.983295  0.001905  -0.009115  0.003553  -0.045262  0.249340  -0.073543  2.000000  0.999987  -0.001351  -0.004948  0.001346  0.999999  -0.000828  0.004949  0.000821  0.999987  0.999986  -0.001416  -0.005124  0.001411  0.999998  -0.001020  0.005125  0.001013  0.999986  1.000000  -0.000018  -0.000064  0.000018  1.000000  -0.000013  0.000064  0.000013  1.000000  0.999987  -0.001351  -0.004948  0.001346  0.999999  -0.000828  0.004949  0.000821  0.999987  0.000067  0.005412  
29.368377 0.001363  0.088205  -0.007184  0.986073  0.004660  -0.166247  -0.017257  0.997078  -0.074413  0.165414  0.076245  0.983273  0.002002  -0.009258  0.003843  -0.044161  0.245402  -0.066443  2.000000  0.999987  -0.001368  -0.005012  0.001364  0.999999  -0.000840  0.005013  0.000834  0.999987  0.999987  -0.001396  -0.004857  0.001391  0.999999  -0.000899  0.004858  0.000892  0.999988  1.000000  0.000000  0.000000  0.000000  1.000000  0.000000  0.000000  0.000000  1.000000  0.999987  -0.001368  -0.005012  0.001364  0.999999  -0.000840  0.005013  0.000834  0.999987  0.000064  0.000000  
29.369627 0.001367  0.088192  -0.007176  0.986051  0.004629  -0.166379  -0.017257  0.997069  -0.074531  0.165546  0.076363  0.983241  0.002103  -0.009362  0.004153  -0.043062  0.237020  -0.059032  2.000000  0.999987  -0.001368  -0.005012  0.001364  0.999999  -0.000840  0.005013  0.000834  0.999987  0.999988  -0.001183  -0.004739  0.001179  0.999999  -0.000986  0.004740  0.000981  0.999988  1.000000  0.000000  0.000000  0.000000  1.000000  0.000000  0.000000  0.000000  1.000000  0.999987  -0.001368  -0.005012  0.001364  0.999999  -0.000840  0.005013  0.000834  0.999987  0.000063  0.000000  
29.370627 0.001370  0.088182  -0.007170  0.986029  0.004619  -0.166510  -0.017256  0.997070  -0.074529  0.165678  0.076361  0.983219  0.002200  -0.009459  0.004396  -0.043067  0.232558  -0.058684  2.000000  0.999987  -0.001368  -0.005012  0.001364  0.999999  -0.000840  0.005013  0.000834  0.999987  0.999990  -0.001152  -0.004339  0.001148  0.999999  -0.000986  0.004340  0.000981  0.999990  1.000000  0.000000  0.000000  0.000000  1.000000  0.000000  0.000000  0.000000  1.000000  0.999987  -0.001368  -0.005012  0.001364  0.999999  -0.000840  0.005013  0.000834  0.999987  0.000061  0.000000  
29.371630 0.001373  0.088172  -0.007164  0.986007  0.004588  -0.166642  -0.017256  0.997061  -0.074648  0.165810  0.076479  0.983188  0.002360  -0.009543  0.004597  -0.046399  0.226092  -0.051696  2.000000  0.999987  -0.001368  -0.005012  0.001364  0.999999  -0.000840  0.005013  0.000834  0.999987  0.999992  -0.000909  -0.003821  0.000905  0.999999  -0.000952  0.003822  0.000948  0.999992  1.000000  0.000000  0.000000  0.000000  1.000000  0.000000  0.000000  0.000000  1.000000  0.999987  -0.001368  -0.005012  0.001364  0.999999  -0.000840  0.005013  0.000834  0.999987  0.000059  0.000000  
29.372880 0.001377  0.088159  -0.007158  0.986010  0.004383  -0.166627  -0.017053  0.997062  -0.074682  0.165810  0.076479  0.983188  0.002441  -0.009668  0.004697  -0.043450  0.212092  -0.057473  2.000000  0.999987  -0.001368  -0.005012  0.001364  0.999999  -0.000840  0.005013  0.000834  0.999987  0.999994  -0.001080  -0.003405  0.001077  0.999999  -0.000986  0.003406  0.000982  0.999994  1.000000  0.000000  0.000000  0.000000  1.000000  0.000000  0.000000  0.000000  1.000000  0.999987  -0.001368  -0.005012  0.001364  0.999999  -0.000840  0.005013  0.000834  0.999987  0.000057  0.000000  
29.373881 0.001380  0.088148  -0.007153  0.986010  0.004363  -0.166628  -0.017053  0.997053  -0.074803  0.165810  0.076598  0.983178  0.002552  -0.009808  0.004826  -0.047530  0.203109  -0.056789  2.000000  0.999987  -0.001368  -0.005012  0.001364  0.999999  -0.000840  0.005013  0.000834  0.999987  0.999995  -0.001059  -0.003138  0.001056  0.999999  -0.000986  0.003139  0.000983  0.999995  1.000000  0.000000  0.000000  0.000000  1.000000  0.000000  0.000000  0.000000  1.000000  0.999987  -0.001368  -0.005012  0.001364  0.999999  -0.000840  0.005013  0.000834  0.999987  0.000055  0.000000  
29.375126 0.001383  0.088134  -0.007148  0.986010  0.004363  -0.166628  -0.017053  0.997053  -0.074803  0.165810  0.076598  0.983178  0.002622  -0.009981  0.004853  -0.047144  0.196999  -0.055980  2.000000  0.999987  -0.001368  -0.005012  0.001364  0.999999  -0.000840  0.005013  0.000834  0.999987  0.999996  -0.001028  -0.002738  0.001026  0.999999  -0.000986  0.002739  0.000983  0.999996  1.000000  0.000000  0.000000  0.000000  1.000000  0.000000  0.000000  0.000000  1.000000  0.999987  -0.001368  -0.005012  0.001364  0.999999  -0.000840  0.005013  0.000834  0.999987  0.000053  0.000000  
29.376134 0.001387  0.088124  -0.007144  0.985988  0.004333  -0.166760  -0.017053  0.997044  -0.074922  0.165942  0.076715  0.983147  0.002759  -0.010084  0.004859  -0.051615  0.189630  -0.055751  2.000000  0.999987  -0.001368  -0.005012  0.001364  0.999999  -0.000840  0.005013  0.000834  0.999987  0.999996  -0.001029  -0.002738  0.001026  0.999999  -0.000986  0.002739  0.000983  0.999996  1.000000  0.000000  0.000000  0.000000  1.000000  0.000000  0.000000  0.000000  1.000000  0.999987  -0.001368  -0.005012  0.001364  0.999999  -0.000840  0.005013  0.000834  0.999987  0.000052  0.000000  
29.377377 0.001390  0.088110  -0.007139  0.985988  0.004333  -0.166760  -0.017053  0.997044  -0.074922  0.165942  0.076715  0.983147  0.002829  -0.010242  0.004855  -0.046036  0.179710  -0.047868  2.000000  0.999987  -0.001368  -0.005012  0.001364  0.999999  -0.000840  0.005013  0.000834  0.999987  0.999997  -0.000795  -0.002354  0.000793  0.999999  -0.000830  0.002354  0.000829  0.999997  1.000000  0.000000  0.000000  0.000000  1.000000  0.000000  0.000000  0.000000  1.000000  0.999987  -0.001368  -0.005012  0.001364  0.999999  -0.000840  0.005013  0.000834  0.999987  0.000048  0.000000  
29.378380 0.001394  0.088099  -0.007135  0.985988  0.004333  -0.166760  -0.017053  0.997044  -0.074922  0.165942  0.076715  0.983147  0.002936  -0.010290  0.004891  0.000000  0.000000  0.000000  2.000000  0.999987  -0.001368  -0.005012  0.001364  0.999999  -0.000840  0.005013  0.000834  0.999987  0.999997  -0.000784  -0.002220  0.000783  0.999999  -0.000830  0.002221  0.000829  0.999997  1.000000  0.000000  0.000000  0.000000  1.000000  0.000000  0.000000  0.000000  1.000000  0.999987  -0.001368  -0.005012  0.001364  0.999999  -0.000840  0.005013  0.000834  0.999987  0.000046  0.000000  
29.379626 0.001398  0.088086  -0.007130  0.985988  0.004333  -0.166760  -0.017053  0.997044  -0.074922  0.165942  0.076715  0.983147  0.002976  -0.010398  0.004910  0.000000  0.000000  0.000000  2.000000  0.999987  -0.001368  -0.005012  0.001364  0.999999  -0.000840  0.005013  0.000834  0.999987  0.999998  -0.000764  -0.001953  0.000762  0.999999  -0.000830  0.001954  0.000829  0.999998  1.000000  0.000000  0.000000  0.000000  1.000000  0.000000  0.000000  0.000000  1.000000  0.999987  -0.001368  -0.005012  0.001364  0.999999  -0.000840  0.005013  0.000834  0.999987  0.000000  0.000000  
29.380875 0.001402  0.088072  -0.007124  0.985969  0.004117  -0.166876  -0.016849  0.997045  -0.074954  0.166074  0.076714  0.983125  0.003011  -0.010470  0.004897  0.000000  0.000000  0.000000  2.000000  0.999987  -0.001368  -0.005012  0.001364  0.999999  -0.000840  0.005013  0.000834  0.999987  0.999998  -0.000753  -0.001820  0.000752  0.999999  -0.000709  0.001821  0.000708  0.999998  1.000000  0.000000  0.000000  0.000000  1.000000  0.000000  0.000000  0.000000  1.000000  0.999987  -0.001368  -0.005012  0.001364  0.999999  -0.000840  0.005013  0.000834  0.999987  0.000000  0.000000  
29.381878 0.001404  0.088061  -0.007120  0.985969  0.004117  -0.166876  -0.016849  0.997045  -0.074954  0.166074  0.076714  0.983125  0.003040  -0.010588  0.004817  0.000000  0.000000  0.000000  2.000000  0.999987  -0.001368  -0.005012  0.001364  0.999999  -0.000840  0.005013  0.000834  0.999987  0.999999  -0.000732  -0.001553  0.000731  0.999999  -0.000709  0.001554  0.000708  0.999999  1.000000  0.000000  0.000000  0.000000  1.000000  0.000000  0.000000  0.000000  1.000000  0.999987  -0.001368  -0.005012  0.001364  0.999999  -0.000840  0.005013  0.000834  0.999987  0.000000  0.000000  
29.383126 0.001408  0.088047  -0.007114  0.985969  0.004117  -0.166876  -0.016849  0.997045  -0.074954  0.166074  0.076714  0.983125  0.003025  -0.010710  0.004734  0.000000  0.000000  0.000000  2.000000  0.999987  -0.001368  -0.005012  0.001364  0.999999  -0.000840  0.005013  0.000834  0.999987  0.999999  -0.000722  -0.001420  0.000721  0.999999  -0.000709  0.001420  0.000708  0.999999  1.000000  0.000000  0.000000  0.000000  1.000000  0.000000  0.000000  0.000000  1.000000  0.999987  -0.001368  -0.005012  0.001364  0.999999  -0.000840  0.005013  0.000834  0.999987  0.000000  0.000000  
29.384127 0.001411  0.088035  -0.007110  0.985969  0.004097  -0.166876  -0.016849  0.997036  -0.075075  0.166074  0.076833  0.983116  0.003021  -0.010815  0.004578  0.000000  0.000000  0.000000  2.000000  0.999987  -0.001368  -0.005012  0.001364  0.999999  -0.000840  0.005013  0.000834  0.999987  0.999999  -0.000711  -0.001287  0.000711  0.999999  -0.000709  0.001287  0.000708  0.999999  1.000000  0.000000  0.000000  0.000000  1.000000  0.000000  0.000000  0.000000  1.000000  0.999987  -0.001368  -0.005012  0.001364  0.999999  -0.000840  0.005013  0.000834  0.999987  0.000000  0.000000  
29.385128 0.001414  0.088023  -0.007106  0.985973  0.003892  -0.166861  -0.016646  0.997036  -0.075109  0.166074  0.076833  0.983116  0.003027  -0.010960  0.004475  0.000000  0.000000  0.000000  2.000000  0.999987  -0.001368  -0.005012  0.001364  0.999999  -0.000840  0.005013  0.000834  0.999987  0.999999  -0.000701  -0.001153  0.000700  1.000000  -0.000709  0.001154  0.000708  0.999999  1.000000  0.000000  0.000000  0.000000  1.000000  0.000000  0.000000  0.000000  1.000000  0.999987  -0.001368  -0.005012  0.001364  0.999999  -0.000840  0.005013  0.000834  0.999987  0.000000  0.000000  
29.386129 0.001417  0.088011  -0.007102  0.985973  0.003892  -0.166861  -0.016646  0.997036  -0.075109  0.166074  0.076833  0.983116  0.003018  -0.011073  0.004358  0.000000  0.000000  0.000000  2.000000  0.999987  -0.001368  -0.005012  0.001364  0.999999  -0.000840  0.005013  0.000834  0.999987  0.999999  -0.000680  -0.000886  0.000680  1.000000  -0.000709  0.000887  0.000708  0.999999  1.000000  0.000000  0.000000  0.000000  1.000000  0.000000  0.000000  0.000000  1.000000  0.999987  -0.001368  -0.005012  0.001364  0.999999  -0.000840  0.005013  0.000834  0.999987  0.000000  0.000000  
29.387131 0.001419  0.087999  -0.007098  0.985973  0.003892  -0.166861  -0.016646  0.997036  -0.075109  0.166074  0.076833  0.983116  0.003008  -0.011203  0.004240  0.000000  0.000000  0.000000  2.000000  0.999987  -0.001368  -0.005012  0.001364  0.999999  -0.000840  0.005013  0.000834  0.999987  0.999999  -0.000670  -0.000753  0.000669  1.000000  -0.000709  0.000753  0.000709  0.999999  1.000000  0.000000  0.000000  0.000000  1.000000  0.000000  0.000000  0.000000  1.000000  0.999987  -0.001368  -0.005012  0.001364  0.999999  -0.000840  0.005013  0.000834  0.999987  0.000000  0.000000  
29.388381 0.001423  0.087984  -0.007093  0.985973  0.003892  -0.166861  -0.016646  0.997036  -0.075109  0.166074  0.076833  0.983116  0.002985  -0.011308  0.004153  0.000000  0.000000  0.000000  2.000000  0.999987  -0.001368  -0.005012  0.001364  0.999999  -0.000840  0.005013  0.000834  0.999987  0.999999  -0.000670  -0.000753  0.000669  1.000000  -0.000709  0.000753  0.000709  0.999999  1.000000  0.000000  0.000000  0.000000  1.000000  0.000000  0.000000  0.000000  1.000000  0.999987  -0.001368  -0.005012  0.001364  0.999999  -0.000840  0.005013  0.000834  0.999987  0.000000  0.000000  
29.389410 0.001426  0.087972  -0.007089  0.985954  0.003676  -0.166977  -0.016443  0.997037  -0.075141  0.166206  0.076831  0.983093  0.002931  -0.011388  0.004128  0.000000  0.000000  0.000000  2.000000  0.999987  -0.001368  -0.005012  0.001364  0.999999  -0.000840  0.005013  0.000834  0.999987  0.999999  -0.000862  -0.000604  0.000861  0.999999  -0.000622  0.000604  0.000621  1.000000  1.000000  0.000000  0.000000  0.000000  1.000000  0.000000  0.000000  0.000000  1.000000  0.999987  -0.001368  -0.005012  0.001364  0.999999  -0.000840  0.005013  0.000834  0.999987  0.000000  0.000000  
29.390627 0.001429  0.087957  -0.007083  0.985954  0.003676  -0.166977  -0.016443  0.997037  -0.075141  0.166206  0.076831  0.983093  0.002947  -0.011463  0.004205  0.000000  0.000000  0.000000  2.000000  0.999987  -0.001368  -0.005012  0.001364  0.999999  -0.000840  0.005013  0.000834  0.999987  1.000000  -0.000851  -0.000470  0.000851  0.999999  -0.000622  0.000471  0.000622  1.000000  1.000000  0.000000  0.000000  0.000000  1.000000  0.000000  0.000000  0.000000  1.000000  0.999987  -0.001368  -0.005012  0.001364  0.999999  -0.000840  0.005013  0.000834  0.999987  0.000000  0.000000  
29.391882 0.001433  0.087942  -0.007078  0.985957  0.003450  -0.166962  -0.016240  0.997029  -0.075296  0.166206  0.076950  0.983084  0.002966  -0.011559  0.004236  0.000000  0.000000  0.000000  2.000000  0.999987  -0.001368  -0.005012  0.001364  0.999999  -0.000840  0.005013  0.000834  0.999987  0.999999  -0.001043  -0.000321  0.001043  0.999999  -0.000656  0.000322  0.000656  1.000000  1.000000  0.000000  0.000000  0.000000  1.000000  0.000000  0.000000  0.000000  1.000000  0.999987  -0.001368  -0.005012  0.001364  0.999999  -0.000840  0.005013  0.000834  0.999987  0.000000  0.000000  
29.393130 0.001437  0.087928  -0.007072  0.985957  0.003450  -0.166962  -0.016240  0.997029  -0.075296  0.166206  0.076950  0.983084  0.002950  -0.011639  0.004240  0.000000  0.000000  0.000000  2.000000  0.999987  -0.001368  -0.005012  0.001364  0.999999  -0.000840  0.005013  0.000834  0.999987  1.000000  -0.000841  -0.000337  0.000841  0.999999  -0.000622  0.000337  0.000622  1.000000  1.000000  0.000000  0.000000  0.000000  1.000000  0.000000  0.000000  0.000000  1.000000  0.999987  -0.001368  -0.005012  0.001364  0.999999  -0.000840  0.005013  0.000834  0.999987  0.000000  0.000000  
29.394381 0.001441  0.087913  -0.007067  0.985961  0.003265  -0.166946  -0.016037  0.997039  -0.075210  0.166206  0.076831  0.983093  0.002926  -0.011732  0.004286  0.000000  0.000000  0.000000  2.000000  0.999987  -0.001368  -0.005012  0.001364  0.999999  -0.000840  0.005013  0.000834  0.999987  0.999999  -0.001043  -0.000321  0.001043  0.999999  -0.000535  0.000321  0.000535  1.000000  1.000000  0.000000  0.000000  0.000000  1.000000  0.000000  0.000000  0.000000  1.000000  0.999987  -0.001368  -0.005012  0.001364  0.999999  -0.000840  0.005013  0.000834  0.999987  0.000000  0.000000  
29.395415 0.001444  0.087901  -0.007063  0.985961  0.003265  -0.166946  -0.016037  0.997039  -0.075210  0.166206  0.076831  0.983093  0.002915  -0.011783  0.004243  0.000000  0.000000  0.000000  2.000000  0.999987  -0.001368  -0.005012  0.001364  0.999999  -0.000840  0.005013  0.000834  0.999987  0.999999  -0.001043  -0.000321  0.001043  0.999999  -0.000414  0.000321  0.000413  1.000000  1.000000  0.000000  0.000000  0.000000  1.000000  0.000000  0.000000  0.000000  1.000000  0.999987  -0.001368  -0.005012  0.001364  0.999999  -0.000840  0.005013  0.000834  0.999987  0.000000  0.000000  
29.396630 0.001447  0.087885  -0.007058  0.985964  0.003060  -0.166930  -0.015834  0.997039  -0.075244  0.166206  0.076831  0.983093  0.002879  -0.011896  0.004193  0.000000  0.000000  0.000000  2.000000  0.999987  -0.001368  -0.005012  0.001364  0.999999  -0.000840  0.005013  0.000834  0.999987  0.999999  -0.001235  -0.000172  0.001235  0.999999  -0.000327  0.000172  0.000326  1.000000  1.000000  0.000000  0.000000  0.000000  1.000000  0.000000  0.000000  0.000000  1.000000  0.999987  -0.001368  -0.005012  0.001364  0.999999  -0.000840  0.005013  0.000834  0.999987  0.000000  0.000000  
29.397878 0.001450  0.087869  -0.007054  0.985967  0.002875  -0.166914  -0.015631  0.997049  -0.075158  0.166206  0.076712  0.983103  0.002839  -0.012036  0.004055  0.000000  0.000000  0.000000  2.000000  0.999987  -0.001368  -0.005012  0.001364  0.999999  -0.000840  0.005013  0.000834  0.999987  0.999999  -0.001235  -0.000172  0.001235  0.999999  -0.000205  0.000172  0.000205  1.000000  1.000000  0.000000  0.000000  0.000000  1.000000  0.000000  0.000000  0.000000  1.000000  0.999987  -0.001368  -0.005012  0.001364  0.999999  -0.000840  0.005013  0.000834  0.999987  0.000000  0.000000  
29.399127 0.001453  0.087854  -0.007050  0.985967  0.002875  -0.166914  -0.015631  0.997049  -0.075158  0.166206  0.076712  0.983103  0.002819  -0.012111  0.003974  0.000000  0.000000  0.000000  2.000000  0.999987  -0.001368  -0.005012  0.001364  0.999999  -0.000840  0.005013  0.000834  0.999987  0.999999  -0.001438  -0.000156  0.001438  0.999999  -0.000239  0.000156  0.000239  1.000000  1.000000  0.000000  0.000000  0.000000  1.000000  0.000000  0.000000  0.000000  1.000000  0.999987  -0.001368  -0.005012  0.001364  0.999999  -0.000840  0.005013  0.000834  0.999987  0.000000  0.000000  
29.400131 0.001455  0.087841  -0.007046  0.985948  0.002660  -0.167031  -0.015428  0.997050  -0.075190  0.166338  0.076710  0.983081  0.002764  -0.012145  0.003975  0.000000  0.000000  0.000000  2.000000  0.999987  -0.001368  -0.005012  0.001364  0.999999  -0.000840  0.005013  0.000834  0.999987  0.999999  -0.001650  -0.000274  0.001650  0.999999  -0.000274  0.000274  0.000273  1.000000  1.000000  0.000000  0.000000  0.000000  1.000000  0.000000  0.000000  0.000000  1.000000  0.999987  -0.001368  -0.005012  0.001364  0.999999  -0.000840  0.005013  0.000834  0.999987  0.000000  0.000000  
