1-Time 2-Px 3-Py 4-Pz 5-R11 6-R21 7-R31 8-R12 9-R22 10-R32 11-R13 12-R23 13-R33 14-Vx 15-Vy 16-Vz 17-Wx 18-Wy 19-Wz 20-state 21-PR11 22-PR21 23-PR31 24-PR12 25-PR22 26-PR32 27-PR13 28-PR23 29-PR33 
28.195352 0.005807  0.094585  0.000636  0.976882  0.083441  0.196823  -0.206522  0.130486  0.969702  0.055231  -0.987933  0.144702  -0.002584  -0.002382  -0.001965  0.000000  0.000000  0.000000  2.000000  1.000000  0.000000  0.000000  0.000000  -0.000000  1.000000  0.000000  -1.000000  -0.000000  0.999997  0.002161  -0.000940  -0.002161  0.999998  0.000210  0.000940  -0.000208  1.000000  1.000000  0.000000  0.000000  0.000000  1.000000  0.000000  0.000000  0.000000  1.000000  0.394566  0.898677  0.191563  -0.582031  0.083114  0.808908  0.711026  -0.430664  0.555852  0.000000  0.000000  
28.196386 0.005804  0.094582  0.000634  0.976875  0.083571  0.196804  -0.206520  0.130459  0.969706  0.055364  -0.987925  0.144701  -0.002577  -0.002376  -0.001960  0.000000  0.000000  0.000000  2.000000  1.000000  0.000000  0.000000  0.000000  -0.000000  1.000000  0.000000  -1.000000  -0.000000  0.999997  0.002294  -0.000959  -0.002293  0.999997  0.000210  0.000960  -0.000208  1.000000  1.000000  0.000000  0.000000  0.000000  1.000000  0.000000  0.000000  0.000000  1.000000  1.000000  0.000000  0.000000  0.000000  -0.000000  1.000000  0.000000  -1.000000  -0.000000  0.000000  0.000000  
28.197569 0.005801  0.094579  0.000632  0.976811  0.083260  0.197250  -0.206927  0.130624  0.969597  0.054964  -0.987930  0.144824  -0.002575  -0.002435  -0.001947  0.000000  0.000000  0.000000  2.000000  1.000000  0.000000  0.000000  0.000000  -0.000000  1.000000  0.000000  -1.000000  -0.000000  0.999998  0.001926  -0.000698  -0.001926  0.999998  0.000100  0.000698  -0.000098  1.000000  1.000000  0.000000  0.000000  0.000000  1.000000  0.000000  0.000000  0.000000  1.000000  1.000000  0.000000  0.000000  0.000000  -0.000000  1.000000  0.000000  -1.000000  -0.000000  0.000000  0.000000  
28.198573 0.005799  0.094575  0.000631  0.976769  0.082562  0.197753  -0.207338  0.130872  0.969476  0.054162  -0.987955  0.144950  -0.002558  -0.002481  -0.001924  0.000000  0.000000  0.000000  2.000000  1.000000  0.000000  0.000000  0.000000  -0.000000  1.000000  0.000000  -1.000000  -0.000000  0.999999  0.001191  -0.000175  -0.001191  0.999999  0.000121  0.000175  -0.000121  1.000000  1.000000  0.000000  0.000000  0.000000  1.000000  0.000000  0.000000  0.000000  1.000000  1.000000  0.000000  0.000000  0.000000  -0.000000  1.000000  0.000000  -1.000000  -0.000000  0.000000  0.000000  
28.199826 0.005797  0.094571  0.000628  0.976654  0.081660  0.198693  -0.208155  0.131142  0.969264  0.053093  -0.987995  0.145078  -0.002518  -0.002597  -0.001868  0.000000  0.000000  0.000000  2.000000  1.000000  0.000000  0.000000  0.000000  -0.000000  1.000000  0.000000  -1.000000  -0.000000  0.999999  0.000017  0.001036  -0.000017  1.000000  -0.000066  -0.001036  0.000066  0.999999  1.000000  0.000000  0.000000  0.000000  1.000000  0.000000  0.000000  0.000000  1.000000  1.000000  0.000000  0.000000  0.000000  -0.000000  1.000000  0.000000  -1.000000  -0.000000  0.000000  0.000000  
28.201073 0.005795  0.094568  0.000628  0.976623  0.080728  0.199224  -0.208569  0.131564  0.969118  0.052024  -0.988015  0.145326  -0.002420  -0.002579  -0.001739  0.000000  0.000000  0.000000  2.000000  1.000000  0.000000  0.000000  0.000000  -0.000000  1.000000  0.000000  -1.000000  -0.000000  0.999998  -0.001084  0.001822  0.001085  0.999999  -0.000276  -0.001822  0.000278  0.999998  1.000000  0.000000  0.000000  0.000000  1.000000  0.000000  0.000000  0.000000  1.000000  1.000000  0.000000  0.000000  0.000000  -0.000000  1.000000  0.000000  -1.000000  -0.000000  0.000000  0.000000  
28.202330 0.005792  0.094565  0.000627  0.976621  0.080028  0.199519  -0.208778  0.131948  0.969021  0.051222  -0.988021  0.145572  -0.002347  -0.002584  -0.001629  0.000000  0.000000  0.000000  2.000000  1.000000  0.000000  0.000000  0.000000  -0.000000  1.000000  0.000000  -1.000000  -0.000000  0.999996  -0.001981  0.002162  0.001982  0.999998  -0.000507  -0.002161  0.000511  0.999998  1.000000  0.000000  0.000000  0.000000  1.000000  0.000000  0.000000  0.000000  1.000000  1.000000  0.000000  0.000000  0.000000  -0.000000  1.000000  0.000000  -1.000000  -0.000000  0.000000  0.000000  
28.203574 0.005790  0.094562  0.000627  0.976598  0.079716  0.199756  -0.208984  0.132250  0.968935  0.050822  -0.988006  0.145814  -0.002307  -0.002587  -0.001457  0.000000  0.000000  0.000000  2.000000  1.000000  0.000000  0.000000  0.000000  -0.000000  1.000000  0.000000  -1.000000  -0.000000  0.999994  -0.002642  0.002260  0.002644  0.999996  -0.000871  -0.002258  0.000876  0.999997  1.000000  0.000000  0.000000  0.000000  1.000000  0.000000  0.000000  0.000000  1.000000  1.000000  0.000000  0.000000  0.000000  -0.000000  1.000000  0.000000  -1.000000  -0.000000  0.000000  0.000000  
28.204823 0.005787  0.094559  0.000625  0.976581  0.079274  0.200012  -0.209190  0.132579  0.968846  0.050287  -0.987997  0.146058  -0.002274  -0.002587  -0.001427  0.000000  0.000000  0.000000  2.000000  1.000000  0.000000  0.000000  0.000000  -0.000000  1.000000  0.000000  -1.000000  -0.000000  0.999991  -0.003273  0.002562  0.003276  0.999994  -0.000980  -0.002558  0.000989  0.999996  1.000000  0.000000  0.000000  0.000000  1.000000  0.000000  0.000000  0.000000  1.000000  1.000000  0.000000  0.000000  0.000000  -0.000000  1.000000  0.000000  -1.000000  -0.000000  0.000000  0.000000  
28.206072 0.005784  0.094556  0.000623  0.976541  0.078473  0.200526  -0.209602  0.132976  0.968702  0.049352  -0.988008  0.146305  -0.002268  -0.002624  -0.001369  0.000000  0.000000  0.000000  2.000000  1.000000  0.000000  0.000000  0.000000  -0.000000  1.000000  0.000000  -1.000000  -0.000000  0.999987  -0.003977  0.003290  0.003981  0.999991  -0.001189  -0.003285  0.001202  0.999994  1.000000  0.000000  0.000000  0.000000  1.000000  0.000000  0.000000  0.000000  1.000000  1.000000  0.000000  0.000000  0.000000  -0.000000  1.000000  0.000000  -1.000000  -0.000000  0.000000  0.000000  
28.207323 0.005781  0.094552  0.000621  0.976462  0.077545  0.201268  -0.210216  0.133268  0.968529  0.048283  -0.988042  0.146432  -0.002238  -0.002674  -0.001379  0.000000  0.000000  0.000000  2.000000  1.000000  -0.000063  0.000051  -0.000051  0.000018  1.000000  -0.000063  -1.000000  0.000018  0.999979  -0.005077  0.004077  0.005083  0.999986  -0.001397  -0.004070  0.001418  0.999991  1.000000  -0.000063  0.000051  0.000063  1.000000  -0.000018  -0.000051  0.000018  1.000000  1.000000  -0.000063  0.000051  -0.000051  0.000018  1.000000  -0.000063  -1.000000  0.000018  0.000000  0.006662  
28.208570 0.005779  0.094547  0.000620  0.976406  0.076151  0.202068  -0.210835  0.133907  0.968306  0.046679  -0.988064  0.146803  -0.002191  -0.002815  -0.001312  -0.054565  -0.162705  -0.203219  2.000000  1.000000  -0.000440  0.000340  -0.000340  0.000114  1.000000  -0.000440  -1.000000  0.000113  0.999966  -0.006574  0.004924  0.006582  0.999977  -0.001605  -0.004914  0.001637  0.999987  1.000000  -0.000082  0.000061  0.000082  1.000000  -0.000020  -0.000061  0.000020  1.000000  1.000000  -0.000440  0.000340  -0.000340  0.000114  1.000000  -0.000440  -1.000000  0.000113  0.000063  0.008372  
28.209877 0.005777  0.094542  0.000620  0.976348  0.074757  0.202869  -0.211454  0.134548  0.968083  0.045075  -0.988083  0.147173  -0.002104  -0.002957  -0.001164  -0.065733  -0.191411  -0.257454  2.000000  0.999999  -0.000919  0.000689  -0.000689  0.000227  1.000000  -0.000920  -1.000000  0.000227  0.999947  -0.008304  0.006016  0.008315  0.999964  -0.001922  -0.006000  0.001972  0.999980  1.000000  -0.000104  0.000075  0.000104  1.000000  -0.000024  -0.000075  0.000024  1.000000  0.999999  -0.000919  0.000689  -0.000689  0.000227  1.000000  -0.000920  -1.000000  0.000227  0.000081  0.010437  
28.211067 0.005775  0.094537  0.000621  0.976292  0.073234  0.203691  -0.212073  0.135219  0.967854  0.043337  -0.988106  0.147544  -0.002019  -0.003094  -0.000880  -0.081293  -0.221577  -0.317215  2.000000  0.999999  -0.001276  0.000932  -0.000931  0.000312  1.000000  -0.001276  -0.999999  0.000311  0.999927  -0.010093  0.006703  0.010109  0.999946  -0.002382  -0.006679  0.002450  0.999975  1.000000  -0.000126  0.000084  0.000126  1.000000  -0.000030  -0.000084  0.000030  1.000000  0.999999  -0.001276  0.000932  -0.000931  0.000312  1.000000  -0.001276  -0.999999  0.000311  0.000097  0.012355  
28.212319 0.005773  0.094532  0.000624  0.976228  0.071867  0.204485  -0.212691  0.135981  0.967611  0.041733  -0.988101  0.148034  -0.001923  -0.003170  -0.000563  -0.096750  -0.250779  -0.372005  2.000000  0.999998  -0.001684  0.001203  -0.001202  0.000410  0.999999  -0.001684  -0.999998  0.000408  0.999908  -0.011322  0.007515  0.011343  0.999932  -0.002710  -0.007483  0.002795  0.999968  1.000000  -0.000142  0.000094  0.000142  1.000000  -0.000034  -0.000094  0.000034  1.000000  0.999998  -0.001684  0.001203  -0.001202  0.000410  0.999999  -0.001684  -0.999998  0.000408  0.000110  0.013865  
28.213377 0.005771  0.094528  0.000626  0.976238  0.070702  0.204844  -0.212903  0.136717  0.967461  0.040396  -0.988084  0.148521  -0.001881  -0.003223  -0.000294  -0.112598  -0.264391  -0.418933  2.000000  0.999996  -0.002307  0.001602  -0.001601  0.000563  0.999999  -0.002308  -0.999997  0.000560  0.999882  -0.012977  0.008185  0.013004  0.999910  -0.003169  -0.008143  0.003275  0.999961  1.000000  -0.000162  0.000102  0.000162  1.000000  -0.000040  -0.000102  0.000040  1.000000  0.999996  -0.002307  0.001602  -0.001601  0.000563  0.999999  -0.002308  -0.999997  0.000560  0.000126  0.015678  
28.214568 0.005769  0.094522  0.000627  0.976163  0.069491  0.205612  -0.213519  0.137571  0.967204  0.038926  -0.988051  0.149129  -0.001889  -0.003344  -0.000101  -0.132067  -0.300371  -0.469045  2.000000  0.999994  -0.002831  0.001932  -0.001930  0.000700  0.999998  -0.002832  -0.999996  0.000694  0.999854  -0.014468  0.009042  0.014502  0.999888  -0.003739  -0.008987  0.003870  0.999952  1.000000  -0.000181  0.000113  0.000181  1.000000  -0.000048  -0.000113  0.000048  1.000000  0.999994  -0.002831  0.001932  -0.001930  0.000700  0.999998  -0.002832  -0.999996  0.000694  0.000142  0.017481  
28.215592 0.005766  0.094517  0.000626  0.976120  0.068460  0.206161  -0.213931  0.138149  0.967031  0.037722  -0.988043  0.149495  -0.001942  -0.003528  -0.000143  -0.143664  -0.320496  -0.511009  2.000000  0.999991  -0.003593  0.002410  -0.002407  0.000901  0.999997  -0.003595  -0.999993  0.000893  0.999828  -0.015696  0.009857  0.015736  0.999868  -0.004066  -0.009792  0.004220  0.999943  1.000000  -0.000196  0.000123  0.000196  1.000000  -0.000052  -0.000123  0.000052  1.000000  0.999991  -0.003593  0.002410  -0.002407  0.000901  0.999997  -0.003595  -0.999993  0.000893  0.000155  0.018993  
28.216823 0.005763  0.094511  0.000623  0.976002  0.067125  0.207159  -0.214747  0.138902  0.966742  0.036118  -0.988029  0.149984  -0.001993  -0.003708  -0.000335  -0.158975  -0.356778  -0.564952  2.000000  0.999986  -0.004429  0.002928  -0.002923  0.001131  0.999995  -0.004432  -0.999990  0.001118  0.999792  -0.017317  0.010737  0.017368  0.999838  -0.004755  -0.010653  0.004941  0.999931  1.000000  -0.000217  0.000134  0.000217  1.000000  -0.000061  -0.000134  0.000061  1.000000  0.999986  -0.004429  0.002928  -0.002923  0.001131  0.999995  -0.004432  -0.999990  0.001118  0.000171  0.020946  
28.218074 0.005760  0.094505  0.000617  0.975924  0.065788  0.207952  -0.215362  0.139789  0.966477  0.034513  -0.987993  0.150592  -0.002034  -0.003867  -0.000667  -0.178614  -0.386077  -0.619534  2.000000  0.999978  -0.005569  0.003631  -0.003623  0.001452  0.999992  -0.005575  -0.999983  0.001432  0.999753  -0.018938  0.011617  0.018999  0.999806  -0.005201  -0.011516  0.005421  0.999919  1.000000  -0.000237  0.000145  0.000237  1.000000  -0.000066  -0.000145  0.000066  1.000000  0.999978  -0.005569  0.003631  -0.003623  0.001452  0.999992  -0.005575  -0.999983  0.001432  0.000187  0.022845  
28.219075 0.005759  0.094503  0.000611  0.975880  0.064631  0.208523  -0.215774  0.140399  0.966297  0.033176  -0.987983  0.150958  -0.002017  -0.003898  -0.001003  -0.190720  -0.407859  -0.667419  2.000000  0.999970  -0.006558  0.004230  -0.004219  0.001733  0.999990  -0.006565  -0.999977  0.001706  0.999723  -0.020225  0.012029  0.020291  0.999779  -0.005429  -0.011917  0.005672  0.999913  1.000000  -0.000253  0.000150  0.000253  1.000000  -0.000069  -0.000150  0.000069  1.000000  0.999970  -0.006558  0.004230  -0.004219  0.001733  0.999990  -0.006565  -0.999977  0.001706  0.000201  0.024180  
28.220324 0.005758  0.094501  0.000605  0.975841  0.063266  0.209119  -0.216187  0.141301  0.966073  0.031571  -0.987943  0.151565  -0.001869  -0.003760  -0.001308  -0.208840  -0.426535  -0.716557  2.000000  0.999959  -0.007600  0.004841  -0.004825  0.002035  0.999986  -0.007610  -0.999969  0.001999  0.999702  -0.021143  0.012183  0.021218  0.999757  -0.006038  -0.012053  0.006295  0.999908  1.000000  -0.000265  0.000152  0.000265  1.000000  -0.000077  -0.000151  0.000077  1.000000  0.999959  -0.007600  0.004841  -0.004825  0.002035  0.999986  -0.007610  -0.999969  0.001999  0.000215  0.025172  
28.221573 0.005756  0.094501  0.000600  0.975801  0.061903  0.209717  -0.216599  0.142205  0.965848  0.029966  -0.987900  0.152172  -0.001786  -0.003582  -0.001495  -0.230154  -0.459193  -0.776577  2.000000  0.999944  -0.008940  0.005605  -0.005583  0.002445  0.999981  -0.008953  -0.999957  0.002395  0.999693  -0.021532  0.012258  0.021613  0.999745  -0.006531  -0.012114  0.006794  0.999904  1.000000  -0.000270  0.000152  0.000270  1.000000  -0.000083  -0.000152  0.000083  1.000000  0.999944  -0.008940  0.005605  -0.005583  0.002445  0.999981  -0.008953  -0.999957  0.002395  0.000232  0.025660  
28.222822 0.005754  0.094500  0.000596  0.975761  0.060412  0.210336  -0.217012  0.143138  0.965618  0.028228  -0.987857  0.152778  -0.001760  -0.003356  -0.001597  -0.250230  -0.482495  -0.836631  2.000000  0.999927  -0.010313  0.006357  -0.006327  0.002881  0.999976  -0.010331  -0.999943  0.002816  0.999679  -0.022217  0.012170  0.022302  0.999727  -0.006913  -0.012013  0.007182  0.999902  1.000000  -0.000278  0.000151  0.000278  1.000000  -0.000088  -0.000151  0.000088  1.000000  0.999927  -0.010313  0.006357  -0.006327  0.002881  0.999976  -0.010331  -0.999943  0.002816  0.000249  0.026297  
28.224094 0.005750  0.094499  0.000594  0.975714  0.059076  0.210930  -0.217423  0.144161  0.965373  0.026623  -0.987789  0.153504  -0.001813  -0.003054  -0.001705  -0.278323  -0.504922  -0.891803  2.000000  0.999906  -0.011728  0.007117  -0.007078  0.003350  0.999969  -0.011751  -0.999926  0.003267  0.999660  -0.023001  0.012310  0.023093  0.999706  -0.007403  -0.012136  0.007685  0.999897  1.000000  -0.000288  0.000153  0.000288  1.000000  -0.000094  -0.000153  0.000094  1.000000  0.999906  -0.011728  0.007117  -0.007078  0.003350  0.999969  -0.011751  -0.999926  0.003267  0.000267  0.027160  
28.225319 0.005746  0.094498  0.000593  0.975624  0.057643  0.211745  -0.218036  0.145201  0.965079  0.024884  -0.987722  0.154230  -0.001981  -0.002817  -0.001900  -0.300284  -0.531730  -0.944616  2.000000  0.999887  -0.012910  0.007751  -0.007703  0.003747  0.999963  -0.012939  -0.999910  0.003647  0.999629  -0.023987  0.012895  0.024089  0.999680  -0.007747  -0.012705  0.008055  0.999887  1.000000  -0.000301  0.000160  0.000301  1.000000  -0.000099  -0.000160  0.000099  1.000000  0.999887  -0.012910  0.007751  -0.007703  0.003747  0.999963  -0.012939  -0.999910  0.003647  0.000283  0.028361  
28.226381 0.005742  0.094496  0.000590  0.975562  0.056645  0.212296  -0.218444  0.145906  0.964880  0.023680  -0.987676  0.154714  -0.002155  -0.002641  -0.002170  -0.315833  -0.551709  -0.985636  2.000000  0.999865  -0.014137  0.008409  -0.008351  0.004165  0.999956  -0.014171  -0.999891  0.004047  0.999603  -0.024873  0.013258  0.024982  0.999655  -0.008101  -0.013052  0.008429  0.999879  1.000000  -0.000312  0.000164  0.000312  1.000000  -0.000103  -0.000164  0.000103  1.000000  0.999865  -0.014137  0.008409  -0.008351  0.004165  0.999956  -0.014171  -0.999891  0.004047  0.000297  0.029377  
28.227569 0.005736  0.094493  0.000587  0.975505  0.055441  0.212875  -0.218853  0.146902  0.964636  0.022209  -0.987596  0.155438  -0.002422  -0.002487  -0.002573  -0.339224  -0.561431  -1.024656  2.000000  0.999840  -0.015411  0.009089  -0.009019  0.004609  0.999949  -0.015452  -0.999871  0.004470  0.999575  -0.025756  0.013625  0.025876  0.999627  -0.008699  -0.013396  0.009048  0.999869  1.000000  -0.000323  0.000169  0.000323  1.000000  -0.000111  -0.000169  0.000111  1.000000  0.999840  -0.015411  0.009089  -0.009019  0.004609  0.999949  -0.015452  -0.999871  0.004470  0.000306  0.030463  
28.228819 0.005731  0.094491  0.000583  0.975485  0.054492  0.213211  -0.219059  0.147971  0.964426  0.021005  -0.987489  0.156280  -0.002642  -0.002271  -0.002988  -0.361881  -0.546191  -1.032032  2.000000  0.999805  -0.017035  0.009946  -0.009858  0.005198  0.999938  -0.017086  -0.999841  0.005029  0.999564  -0.026142  0.013707  0.026270  0.999613  -0.009190  -0.013461  0.009546  0.999864  1.000000  -0.000328  0.000170  0.000328  1.000000  -0.000117  -0.000170  0.000117  1.000000  0.999805  -0.017035  0.009946  -0.009858  0.005198  0.999938  -0.017086  -0.999841  0.005029  0.000308  0.030973  
28.229837 0.005728  0.094490  0.000579  0.975462  0.053621  0.213540  -0.219265  0.148776  0.964255  0.019935  -0.987416  0.156882  -0.002675  -0.002003  -0.003246  -0.377637  -0.536204  -1.036819  2.000000  0.999775  -0.018346  0.010619  -0.010516  0.005700  0.999928  -0.018405  -0.999815  0.005506  0.999564  -0.026329  0.013341  0.026461  0.999602  -0.009823  -0.013077  0.010172  0.999863  1.000000  -0.000330  0.000165  0.000330  1.000000  -0.000125  -0.000165  0.000125  1.000000  0.999775  -0.018346  0.010619  -0.010516  0.005700  0.999928  -0.018405  -0.999815  0.005506  0.000310  0.031168  
28.231072 0.005725  0.094489  0.000573  0.975439  0.052699  0.213872  -0.219471  0.149962  0.964025  0.018731  -0.987286  0.157844  -0.002690  -0.001668  -0.003483  -0.403550  -0.527769  -1.042554  2.000000  0.999743  -0.019659  0.011279  -0.011159  0.006233  0.999918  -0.019728  -0.999787  0.006012  0.999566  -0.026350  0.013161  0.026488  0.999595  -0.010450  -0.012880  0.010794  0.999859  1.000000  -0.000330  0.000163  0.000330  1.000000  -0.000133  -0.000163  0.000133  1.000000  0.999743  -0.019659  0.011279  -0.011159  0.006233  0.999918  -0.019728  -0.999787  0.006012  0.000311  0.031315  
28.232320 0.005724  0.094490  0.000567  0.975415  0.051752  0.214212  -0.219676  0.151030  0.963811  0.017527  -0.987174  0.158686  -0.002529  -0.001203  -0.003560  -0.424256  -0.530548  -1.055805  2.000000  0.999700  -0.021284  0.012082  -0.011936  0.006939  0.999905  -0.021366  -0.999749  0.006682  0.999586  -0.025908  0.012490  0.026045  0.999600  -0.010979  -0.012200  0.011300  0.999862  1.000000  -0.000325  0.000154  0.000325  1.000000  -0.000139  -0.000154  0.000139  1.000000  0.999700  -0.021284  0.012082  -0.011936  0.006939  0.999905  -0.021366  -0.999749  0.006682  0.000318  0.030847  
28.233573 0.005724  0.094493  0.000562  0.975349  0.050579  0.214793  -0.220083  0.152147  0.963543  0.016055  -0.987063  0.159528  -0.002398  -0.000747  -0.003464  -0.444460  -0.543218  -1.089432  2.000000  0.999656  -0.022857  0.012850  -0.012678  0.007663  0.999890  -0.022953  -0.999709  0.007371  0.999622  -0.024774  0.011915  0.024907  0.999628  -0.011144  -0.011634  0.011436  0.999867  1.000000  -0.000311  0.000147  0.000311  1.000000  -0.000141  -0.000147  0.000141  1.000000  0.999656  -0.022857  0.012850  -0.012678  0.007663  0.999890  -0.022953  -0.999709  0.007371  0.000328  0.029722  
28.234818 0.005725  0.094496  0.000558  0.975278  0.049537  0.215356  -0.220489  0.153235  0.963277  0.014717  -0.986947  0.160369  -0.002206  -0.000376  -0.003342  -0.464855  -0.554777  -1.114668  2.000000  0.999611  -0.024377  0.013587  -0.013386  0.008402  0.999875  -0.024488  -0.999668  0.008072  0.999638  -0.024269  0.011648  0.024402  0.999637  -0.011411  -0.011367  0.011691  0.999867  1.000000  -0.000304  0.000144  0.000304  1.000000  -0.000144  -0.000144  0.000144  1.000000  0.999611  -0.024377  0.013587  -0.013386  0.008402  0.999875  -0.024488  -0.999668  0.008072  0.000336  0.029296  
28.235820 0.005725  0.094499  0.000555  0.975200  0.048829  0.215870  -0.220894  0.154003  0.963062  0.013781  -0.986863  0.160970  -0.002147  -0.000101  -0.003182  -0.481299  -0.559868  -1.123677  2.000000  0.999582  -0.025271  0.014022  -0.013803  0.008850  0.999866  -0.025391  -0.999641  0.008498  0.999653  -0.023765  0.011377  0.023896  0.999648  -0.011554  -0.011098  0.011822  0.999869  1.000000  -0.000298  0.000141  0.000298  1.000000  -0.000146  -0.000140  0.000146  1.000000  0.999582  -0.025271  0.014022  -0.013803  0.008850  0.999866  -0.025391  -0.999641  0.008498  0.000340  0.028827  
28.237073 0.005725  0.094503  0.000551  0.975169  0.048014  0.216195  -0.221098  0.155044  0.962848  0.012711  -0.986740  0.161810  -0.002021  0.000156  -0.003164  -0.506554  -0.546716  -1.125456  2.000000  0.999534  -0.026730  0.014731  -0.014479  0.009613  0.999849  -0.026868  -0.999596  0.009221  0.999668  -0.023262  0.011105  0.023393  0.999657  -0.011817  -0.010826  0.012073  0.999869  1.000000  -0.000292  0.000137  0.000292  1.000000  -0.000149  -0.000137  0.000149  1.000000  0.999534  -0.026730  0.014731  -0.014479  0.009613  0.999849  -0.026868  -0.999596  0.009221  0.000340  0.028413  
28.238094 0.005725  0.094505  0.000548  0.975130  0.047662  0.216449  -0.221300  0.155735  0.962690  0.012175  -0.986648  0.162410  -0.001907  0.000379  -0.003194  -0.518834  -0.536399  -1.103064  2.000000  0.999495  -0.027858  0.015263  -0.014983  0.010229  0.999835  -0.028010  -0.999560  0.009807  0.999696  -0.022465  0.010156  0.022586  0.999673  -0.011981  -0.009883  0.012207  0.999877  1.000000  -0.000282  0.000125  0.000282  1.000000  -0.000151  -0.000125  0.000151  1.000000  0.999495  -0.027858  0.015263  -0.014983  0.010229  0.999835  -0.028010  -0.999560  0.009807  0.000338  0.027463  
28.239320 0.005724  0.094507  0.000542  0.975137  0.047176  0.216521  -0.221302  0.156582  0.962553  0.011506  -0.986538  0.163129  -0.001734  0.000548  -0.003488  -0.532146  -0.509210  -1.075866  2.000000  0.999456  -0.028955  0.015778  -0.015470  0.010863  0.999821  -0.029121  -0.999522  0.010409  0.999713  -0.021829  0.009863  0.021951  0.999683  -0.012363  -0.009590  0.012576  0.999875  1.000000  -0.000274  0.000122  0.000274  1.000000  -0.000156  -0.000122  0.000156  1.000000  0.999456  -0.028955  0.015778  -0.015470  0.010863  0.999821  -0.029121  -0.999522  0.010409  0.000331  0.027008  
28.240572 0.005723  0.094506  0.000535  0.975143  0.046819  0.216572  -0.221303  0.157399  0.962419  0.010971  -0.986425  0.163848  -0.001514  0.000621  -0.003767  -0.541618  -0.483677  -1.039941  2.000000  0.999407  -0.030275  0.016381  -0.016034  0.011670  0.999803  -0.030460  -0.999473  0.011178  0.999741  -0.020868  0.009095  0.020982  0.999700  -0.012639  -0.008829  0.012826  0.999879  1.000000  -0.000262  0.000112  0.000262  1.000000  -0.000159  -0.000112  0.000159  1.000000  0.999407  -0.030275  0.016381  -0.016034  0.011670  0.999803  -0.030460  -0.999473  0.011178  0.000322  0.026085  
28.241820 0.005722  0.094506  0.000527  0.975105  0.046392  0.216838  -0.221506  0.158353  0.962216  0.010302  -0.986292  0.164687  -0.001107  0.000771  -0.004214  -0.555965  -0.467177  -1.013608  2.000000  0.999360  -0.031515  0.016952  -0.016566  0.012487  0.999785  -0.031720  -0.999425  0.011957  0.999768  -0.019706  0.008712  0.019817  0.999722  -0.012780  -0.008458  0.012950  0.999880  1.000000  -0.000247  0.000107  0.000247  1.000000  -0.000161  -0.000107  0.000161  1.000000  0.999360  -0.031515  0.016952  -0.016566  0.012487  0.999785  -0.031720  -0.999425  0.011957  0.000317  0.025097  
28.243070 0.005722  0.094505  0.000519  0.975021  0.045870  0.217324  -0.221909  0.159326  0.961962  0.009500  -0.986160  0.165525  -0.000730  0.000946  -0.004452  -0.568409  -0.464785  -0.980210  2.000000  0.999312  -0.032700  0.017502  -0.017074  0.013319  0.999766  -0.032925  -0.999376  0.012752  0.999787  -0.018775  0.008574  0.018886  0.999737  -0.013034  -0.008327  0.013194  0.999878  1.000000  -0.000235  0.000106  0.000235  1.000000  -0.000164  -0.000106  0.000164  1.000000  0.999312  -0.032700  0.017502  -0.017074  0.013319  0.999766  -0.032925  -0.999376  0.012752  0.000310  0.024456  
28.244135 0.005723  0.094506  0.000514  0.974980  0.045546  0.217575  -0.222111  0.160134  0.961782  0.008964  -0.986044  0.166244  -0.000464  0.001093  -0.004514  -0.574882  -0.453306  -0.955227  2.000000  0.999283  -0.033388  0.017826  -0.017372  0.013829  0.999753  -0.033626  -0.999347  0.013239  0.999796  -0.018408  0.008316  0.018518  0.999740  -0.013289  -0.008069  0.013441  0.999877  1.000000  -0.000231  0.000102  0.000231  1.000000  -0.000167  -0.000102  0.000167  1.000000  0.999283  -0.033388  0.017826  -0.017372  0.013829  0.999753  -0.033626  -0.999347  0.013239  0.000306  0.024223  
28.245357 0.005726  0.094509  0.000510  0.974941  0.044992  0.217865  -0.222313  0.161117  0.961571  0.008162  -0.985909  0.167082  0.000007  0.001343  -0.004419  -0.588411  -0.437247  -0.935997  2.000000  0.999246  -0.034281  0.018253  -0.017764  0.014524  0.999737  -0.034537  -0.999307  0.013904  0.999806  -0.017874  0.008243  0.017984  0.999747  -0.013540  -0.007998  0.013686  0.999874  1.000000  -0.000224  0.000102  0.000224  1.000000  -0.000170  -0.000101  0.000170  1.000000  0.999246  -0.034281  0.018253  -0.017764  0.014524  0.999737  -0.034537  -0.999307  0.013904  0.000302  0.023934  
28.246566 0.005732  0.094515  0.000509  0.974899  0.044825  0.218091  -0.222514  0.162012  0.961374  0.007760  -0.985770  0.167920  0.000451  0.001709  -0.004122  -0.596561  -0.415990  -0.899855  2.000000  0.999208  -0.035130  0.018668  -0.018142  0.015232  0.999719  -0.035405  -0.999267  0.014583  0.999830  -0.016749  0.007650  0.016853  0.999763  -0.013805  -0.007417  0.013932  0.999875  1.000000  -0.000210  0.000094  0.000210  1.000000  -0.000173  -0.000094  0.000173  1.000000  0.999208  -0.035130  0.018668  -0.018142  0.015232  0.999719  -0.035405  -0.999267  0.014583  0.000294  0.023053  
28.247569 0.005736  0.094520  0.000509  0.974901  0.044700  0.218107  -0.222515  0.162654  0.961265  0.007493  -0.985670  0.168518  0.000818  0.001983  -0.003808  -0.605157  -0.397913  -0.871041  2.000000  0.999173  -0.035927  0.019054  -0.018491  0.015945  0.999702  -0.036220  -0.999227  0.015268  0.999849  -0.015889  0.007099  0.015987  0.999775  -0.013944  -0.006876  0.014056  0.999878  1.000000  -0.000199  0.000087  0.000199  1.000000  -0.000175  -0.000087  0.000175  1.000000  0.999173  -0.035927  0.019054  -0.018491  0.015945  0.999702  -0.036220  -0.999227  0.015268  0.000289  0.022337  
28.248569 0.005741  0.094526  0.000509  0.974902  0.044602  0.218119  -0.222515  0.163412  0.961137  0.007225  -0.985549  0.169236  0.001146  0.002250  -0.003523  -0.613794  -0.372363  -0.838762  2.000000  0.999139  -0.036667  0.019411  -0.018811  0.016660  0.999684  -0.036978  -0.999189  0.015956  0.999874  -0.014504  0.006455  0.014592  0.999798  -0.013843  -0.006252  0.013935  0.999883  1.000000  -0.000182  0.000079  0.000182  1.000000  -0.000174  -0.000079  0.000174  1.000000  0.999139  -0.036667  0.019411  -0.018811  0.016660  0.999684  -0.036978  -0.999189  0.015956  0.000280  0.021095  
28.249569 0.005746  0.094531  0.000510  0.974857  0.044768  0.218290  -0.222716  0.163986  0.960992  0.007225  -0.985446  0.169833  0.001401  0.002387  -0.003280  -0.622200  -0.365705  -0.794763  2.000000  0.999107  -0.037356  0.019746  -0.019107  0.017373  0.999666  -0.037686  -0.999151  0.016644  0.999886  -0.013708  0.006329  0.013796  0.999807  -0.013970  -0.006136  0.014055  0.999882  1.000000  -0.000172  0.000078  0.000172  1.000000  -0.000175  -0.000078  0.000175  1.000000  0.999107  -0.037356  0.019746  -0.019107  0.017373  0.999666  -0.037686  -0.999151  0.016644  0.000273  0.020600  
28.250829 0.005751  0.094535  0.000508  0.974858  0.044696  0.218296  -0.222716  0.164860  0.960843  0.006957  -0.985304  0.170670  0.001743  0.002387  -0.003140  -0.631849  -0.340049  -0.750862  2.000000  0.999069  -0.038157  0.020152  -0.019466  0.018265  0.999644  -0.038512  -0.999105  0.017505  0.999902  -0.012683  0.005955  0.012766  0.999821  -0.013981  -0.005777  0.014056  0.999885  1.000000  -0.000159  0.000073  0.000159  1.000000  -0.000175  -0.000073  0.000175  1.000000  0.999069  -0.038157  0.020152  -0.019466  0.018265  0.999644  -0.038512  -0.999105  0.017505  0.000266  0.019822  
28.252074 0.005755  0.094538  0.000505  0.974814  0.044659  0.218501  -0.222917  0.165726  0.960647  0.006690  -0.985160  0.171507  0.002057  0.002352  -0.003085  -0.640507  -0.325840  -0.703106  2.000000  0.999039  -0.038748  0.020464  -0.019740  0.018979  0.999625  -0.039122  -0.999069  0.018196  0.999916  -0.011625  0.005781  0.011704  0.999835  -0.013867  -0.005619  0.013933  0.999887  1.000000  -0.000146  0.000071  0.000146  1.000000  -0.000174  -0.000071  0.000174  1.000000  0.999039  -0.038748  0.020464  -0.019740  0.018979  0.999625  -0.039122  -0.999069  0.018196  0.000257  0.019021  
28.253323 0.005759  0.094539  0.000501  0.974770  0.044595  0.218711  -0.223118  0.166474  0.960471  0.006422  -0.985037  0.172224  0.002349  0.002251  -0.003004  -0.640808  -0.312200  -0.659605  2.000000  0.999005  -0.039429  0.020837  -0.020065  0.019863  0.999601  -0.039827  -0.999025  0.019052  0.999928  -0.010733  0.005427  0.010807  0.999845  -0.013876  -0.005278  0.013934  0.999889  1.000000  -0.000135  0.000067  0.000135  1.000000  -0.000174  -0.000067  0.000174  1.000000  0.999005  -0.039429  0.020837  -0.020065  0.019863  0.999601  -0.039827  -0.999025  0.019052  0.000248  0.018386  
28.254574 0.005763  0.094540  0.000498  0.974725  0.044687  0.218893  -0.223319  0.167310  0.960279  0.006288  -0.984891  0.173061  0.002682  0.002256  -0.002790  -0.648207  -0.296866  -0.615754  2.000000  0.998973  -0.040041  0.021191  -0.020372  0.020745  0.999577  -0.040464  -0.998983  0.019908  0.999942  -0.009578  0.005026  0.009647  0.999857  -0.013887  -0.004892  0.013934  0.999891  1.000000  -0.000120  0.000062  0.000120  1.000000  -0.000174  -0.000062  0.000174  1.000000  0.998973  -0.040041  0.021191  -0.020372  0.020745  0.999577  -0.040464  -0.998983  0.019908  0.000240  0.017621  
28.255824 0.005767  0.094541  0.000496  0.974726  0.044744  0.218878  -0.223319  0.168155  0.960131  0.006155  -0.984745  0.173897  0.003004  0.002336  -0.002491  -0.655094  -0.269430  -0.562727  2.000000  0.998944  -0.040582  0.021518  -0.020653  0.021624  0.999553  -0.041029  -0.998942  0.020763  0.999954  -0.008459  0.004419  0.008520  0.999867  -0.013899  -0.004301  0.013936  0.999894  1.000000  -0.000106  0.000055  0.000106  1.000000  -0.000174  -0.000054  0.000174  1.000000  0.998944  -0.040582  0.021518  -0.020653  0.021624  0.999553  -0.041029  -0.998942  0.020763  0.000232  0.016876  
28.257073 0.005772  0.094543  0.000496  0.974681  0.044810  0.219065  -0.223520  0.168874  0.959959  0.006021  -0.984619  0.174614  0.003407  0.002570  -0.001898  -0.653673  -0.254791  -0.523549  2.000000  0.998919  -0.041039  0.021814  -0.020903  0.022493  0.999528  -0.041510  -0.998904  0.021611  0.999966  -0.007174  0.003989  0.007228  0.999881  -0.013665  -0.003891  0.013694  0.999899  1.000000  -0.000090  0.000049  0.000090  1.000000  -0.000171  -0.000049  0.000171  1.000000  0.998919  -0.041039  0.021814  -0.020903  0.022493  0.999528  -0.041510  -0.998904  0.021611  0.000223  0.015954  
28.258327 0.005777  0.094546  0.000497  0.974681  0.044969  0.219033  -0.223520  0.169572  0.959835  0.006021  -0.984491  0.175330  0.003739  0.002729  -0.001315  -0.654115  -0.235008  -0.480235  2.000000  0.998897  -0.041431  0.022081  -0.021126  0.023354  0.999504  -0.041927  -0.998868  0.022453  0.999975  -0.006154  0.003604  0.006202  0.999889  -0.013551  -0.003520  0.013573  0.999902  1.000000  -0.000077  0.000045  0.000077  1.000000  -0.000170  -0.000045  0.000170  1.000000  0.998897  -0.041431  0.022081  -0.021126  0.023354  0.999504  -0.041927  -0.998868  0.022453  0.000216  0.015323  
28.259568 0.005783  0.094548  0.000498  0.974635  0.045190  0.219192  -0.223721  0.170378  0.959646  0.006021  -0.984342  0.176166  0.003967  0.002767  -0.000923  -0.654445  -0.228065  -0.441998  2.000000  0.998878  -0.041772  0.022332  -0.021333  0.024210  0.999479  -0.042291  -0.998834  0.023292  0.999980  -0.005361  0.003467  0.005407  0.999895  -0.013432  -0.003395  0.013451  0.999904  1.000000  -0.000067  0.000043  0.000067  1.000000  -0.000168  -0.000043  0.000168  1.000000  0.998878  -0.041772  0.022332  -0.021333  0.024210  0.999479  -0.042291  -0.998834  0.023292  0.000209  0.014881  
28.260569 0.005788  0.094550  0.000498  0.974635  0.045296  0.219170  -0.223721  0.170844  0.959563  0.006021  -0.984256  0.176644  0.004063  0.002615  -0.000741  -0.645523  -0.222799  -0.410444  2.000000  0.998867  -0.041953  0.022480  -0.021455  0.024722  0.999464  -0.042486  -0.998814  0.023794  0.999982  -0.004964  0.003400  0.005009  0.999896  -0.013555  -0.003332  0.013571  0.999902  1.000000  -0.000062  0.000042  0.000062  1.000000  -0.000170  -0.000042  0.000170  1.000000  0.998867  -0.041953  0.022480  -0.021455  0.024722  0.999464  -0.042486  -0.998814  0.023794  0.000204  0.014838  
28.261674 0.005793  0.094551  0.000498  0.974588  0.045593  0.219317  -0.223921  0.171387  0.959420  0.006155  -0.984148  0.177241  0.004064  0.002346  -0.000753  -0.640161  -0.209678  -0.368909  2.000000  0.998853  -0.042172  0.022682  -0.021623  0.025407  0.999443  -0.042725  -0.998787  0.024466  0.999983  -0.004530  0.003534  0.004577  0.999898  -0.013554  -0.003473  0.013570  0.999902  1.000000  -0.000057  0.000044  0.000057  1.000000  -0.000170  -0.000044  0.000170  1.000000  0.998853  -0.042172  0.022682  -0.021623  0.025407  0.999443  -0.042725  -0.998787  0.024466  0.000198  0.014729  
28.262822 0.005799  0.094552  0.000496  0.974542  0.045788  0.219481  -0.224122  0.172075  0.959249  0.006155  -0.984019  0.177957  0.004058  0.001937  -0.000936  -0.637195  -0.202181  -0.327429  2.000000  0.998840  -0.042361  0.022880  -0.021787  0.026094  0.999422  -0.042933  -0.998762  0.025140  0.999987  -0.003869  0.003419  0.003915  0.999899  -0.013677  -0.003365  0.013690  0.999901  1.000000  -0.000049  0.000042  0.000049  1.000000  -0.000171  -0.000042  0.000171  1.000000  0.998840  -0.042361  0.022880  -0.021787  0.026094  0.999422  -0.042933  -0.998762  0.025140  0.000190  0.014626  
28.264070 0.005804  0.094552  0.000493  0.974541  0.046103  0.219419  -0.224122  0.172860  0.959108  0.006288  -0.983867  0.178792  0.004062  0.001567  -0.001064  -0.637593  -0.180669  -0.281298  2.000000  0.998826  -0.042561  0.023116  -0.021981  0.026947  0.999395  -0.043158  -0.998730  0.025980  0.999990  -0.003245  0.003100  0.003287  0.999903  -0.013560  -0.003055  0.013570  0.999903  1.000000  -0.000041  0.000038  0.000041  1.000000  -0.000170  -0.000038  0.000170  1.000000  0.998826  -0.042561  0.023116  -0.021981  0.026947  0.999395  -0.043158  -0.998730  0.025980  0.000184  0.014288  
28.265321 0.005810  0.094551  0.000491  0.974495  0.046298  0.219583  -0.224323  0.173549  0.958937  0.006288  -0.983736  0.179508  0.004056  0.001158  -0.001176  -0.638156  -0.166628  -0.238522  2.000000  0.998817  -0.042678  0.023288  -0.022121  0.027622  0.999374  -0.043295  -0.998707  0.026645  0.999993  -0.002359  0.002731  0.002395  0.999908  -0.013322  -0.002700  0.013328  0.999908  1.000000  -0.000030  0.000034  0.000030  1.000000  -0.000167  -0.000034  0.000167  1.000000  0.998817  -0.042678  0.023288  -0.022121  0.027622  0.999374  -0.043295  -0.998707  0.026645  0.000177  0.013805  
28.266322 0.005813  0.094550  0.000489  0.974448  0.046595  0.219729  -0.224523  0.174091  0.958792  0.006422  -0.983627  0.180104  0.004038  0.000891  -0.001154  -0.634918  -0.154322  -0.201487  2.000000  0.998812  -0.042738  0.023405  -0.022215  0.028128  0.999357  -0.043368  -0.998690  0.027145  0.999996  -0.001604  0.002386  0.001636  0.999908  -0.013446  -0.002364  0.013450  0.999907  1.000000  -0.000020  0.000030  0.000020  1.000000  -0.000168  -0.000030  0.000168  1.000000  0.998812  -0.042738  0.023405  -0.022215  0.028128  0.999357  -0.043368  -0.998690  0.027145  0.000175  0.013753  
28.267341 0.005817  0.094549  0.000489  0.974448  0.046728  0.219700  -0.224523  0.174673  0.958686  0.006422  -0.983517  0.180701  0.004072  0.000679  -0.000959  -0.634470  -0.150474  -0.179100  2.000000  0.998807  -0.042785  0.023555  -0.022334  0.028793  0.999336  -0.043435  -0.998669  0.027803  0.999997  -0.001076  0.002291  0.001106  0.999912  -0.013205  -0.002276  0.013207  0.999910  1.000000  -0.000014  0.000029  0.000014  1.000000  -0.000165  -0.000029  0.000165  1.000000  0.998807  -0.042785  0.023555  -0.022334  0.028793  0.999336  -0.043435  -0.998669  0.027803  0.000172  0.013447  
28.268573 0.005821  0.094546  0.000492  0.974401  0.046924  0.219864  -0.224724  0.175361  0.958513  0.006422  -0.983385  0.181417  0.004094  0.000468  -0.000612  -0.634533  -0.146567  -0.160270  2.000000  0.998802  -0.042813  0.023700  -0.022450  0.029456  0.999314  -0.043482  -0.998649  0.028459  0.999997  -0.000774  0.002445  0.000806  0.999912  -0.013204  -0.002435  0.013206  0.999910  1.000000  -0.000010  0.000031  0.000010  1.000000  -0.000165  -0.000031  0.000165  1.000000  0.998802  -0.042813  0.023700  -0.022450  0.029456  0.999314  -0.043482  -0.998649  0.028459  0.000170  0.013452  
28.269823 0.005824  0.094544  0.000495  0.974355  0.047121  0.220027  -0.224924  0.176049  0.958340  0.006422  -0.983253  0.182132  0.004055  0.000250  -0.000204  -0.630866  -0.150674  -0.137938  2.000000  0.998797  -0.042830  0.023888  -0.022601  0.030278  0.999286  -0.043522  -0.998623  0.029274  0.999997  -0.000471  0.002600  0.000506  0.999913  -0.013203  -0.002593  0.013205  0.999909  1.000000  -0.000006  0.000032  0.000006  1.000000  -0.000165  -0.000032  0.000165  1.000000  0.998797  -0.042830  0.023888  -0.022601  0.030278  0.999286  -0.043522  -0.998623  0.029274  0.000169  0.013466  
28.271073 0.005827  0.094540  0.000499  0.974354  0.047382  0.219974  -0.224924  0.176600  0.958239  0.006556  -0.983142  0.182729  0.003942  -0.000099  0.000163  -0.626844  -0.139130  -0.116139  2.000000  0.998792  -0.042827  0.024077  -0.022755  0.031093  0.999257  -0.043543  -0.998599  0.030081  0.999997  -0.000244  0.002349  0.000275  0.999916  -0.012962  -0.002345  0.012963  0.999913  1.000000  -0.000003  0.000029  0.000003  1.000000  -0.000162  -0.000029  0.000162  1.000000  0.998792  -0.042827  0.024077  -0.022755  0.031093  0.999257  -0.043543  -0.998599  0.030081  0.000165  0.013176  
28.272323 0.005830  0.094537  0.000501  0.974307  0.047707  0.220113  -0.225124  0.177258  0.958070  0.006690  -0.983007  0.183444  0.003793  -0.000429  0.000317  -0.621810  -0.134331  -0.089484  2.000000  0.998789  -0.042810  0.024264  -0.022907  0.031893  0.999229  -0.043551  -0.998574  0.030874  0.999997  0.000058  0.002502  -0.000026  0.999919  -0.012719  -0.002503  0.012719  0.999916  1.000000  0.000001  0.000031  -0.000001  1.000000  -0.000159  -0.000031  0.000159  1.000000  0.998789  -0.042810  0.024264  -0.022907  0.031893  0.999229  -0.043551  -0.998574  0.030874  0.000162  0.012963  
