1-Time 2-Px 3-Py 4-Pz 5-R11 6-R21 7-R31 8-R12 9-R22 10-R32 11-R13 12-R23 13-R33 14-Vx 15-Vy 16-Vz 17-Wx 18-Wy 19-Wz 20-state 21-PR11 22-PR21 23-PR31 24-PR12 25-PR22 26-PR32 27-PR13 28-PR23 29-PR33 
232.513092 -0.002791  0.087142  -0.000822  0.995205  0.094229  0.026219  -0.094116  0.995546  -0.005525  -0.026623  0.003031  0.999641  0.000882  0.001431  0.000263  0.000000  0.000000  0.000000  2.000000  1.000000  0.000000  0.000000  -0.000000  1.000000  0.000000  0.000000  -0.000000  1.000000  1.000000  -0.000001  -0.000268  0.000001  1.000000  -0.000121  0.000268  0.000121  1.000000  1.000000  0.000000  0.000000  0.000000  1.000000  0.000000  0.000000  0.000000  1.000000  0.697050  0.544603  -0.466399  -0.611442  0.791225  0.010074  0.374513  0.278154  0.884517  0.000000  0.000000  
232.514099 -0.002791  0.087142  -0.000822  0.995205  0.094229  0.026219  -0.094116  0.995546  -0.005525  -0.026623  0.003031  0.999641  0.000811  0.001362  0.000266  0.000000  0.000000  0.000000  2.000000  1.000000  0.000000  0.000000  0.000000  1.000000  0.000000  0.000000  0.000000  1.000000  1.000000  -0.000001  -0.000268  0.000001  1.000000  -0.000121  0.000268  0.000121  1.000000  1.000000  0.000000  0.000000  0.000000  1.000000  0.000000  0.000000  0.000000  1.000000  1.000000  0.000000  0.000000  0.000000  1.000000  0.000000  0.000000  0.000000  1.000000  0.000000  0.000000  
232.515348 -0.002792  0.087140  -0.000823  0.995147  0.094844  0.026215  -0.094731  0.995488  -0.005542  -0.026623  0.003031  0.999641  0.000613  0.001124  0.000166  0.000000  0.000000  0.000000  2.000000  1.000000  0.000000  0.000000  0.000000  1.000000  0.000000  0.000000  0.000000  1.000000  1.000000  0.000411  -0.000135  -0.000411  1.000000  -0.000132  0.000135  0.000132  1.000000  1.000000  0.000000  0.000000  0.000000  1.000000  0.000000  0.000000  0.000000  1.000000  1.000000  0.000000  0.000000  0.000000  1.000000  0.000000  0.000000  0.000000  1.000000  0.000000  0.000000  
232.516349 -0.002794  0.087138  -0.000824  0.995101  0.095255  0.026479  -0.095140  0.995448  -0.005578  -0.026890  0.003031  0.999634  0.000377  0.000843  0.000088  0.000000  0.000000  0.000000  2.000000  1.000000  0.000000  0.000000  0.000000  1.000000  0.000000  0.000000  0.000000  1.000000  0.999999  0.001029  -0.000003  -0.001029  0.999999  -0.000149  0.000003  0.000149  1.000000  1.000000  0.000000  0.000000  0.000000  1.000000  0.000000  0.000000  0.000000  1.000000  1.000000  0.000000  0.000000  0.000000  1.000000  0.000000  0.000000  0.000000  1.000000  0.000000  0.000000  
232.517599 -0.002796  0.087135  -0.000825  0.995038  0.095870  0.026609  -0.095754  0.995389  -0.005607  -0.027024  0.003031  0.999630  0.000165  0.000512  0.000001  0.000000  0.000000  0.000000  2.000000  1.000000  0.000000  0.000000  0.000000  1.000000  0.000000  0.000000  0.000000  1.000000  0.999999  0.001441  0.000263  -0.001441  0.999999  -0.000160  -0.000263  0.000160  1.000000  1.000000  0.000000  0.000000  0.000000  1.000000  0.000000  0.000000  0.000000  1.000000  1.000000  0.000000  0.000000  0.000000  1.000000  0.000000  0.000000  0.000000  1.000000  0.000000  0.000000  
232.518848 -0.002798  0.087132  -0.000825  0.995015  0.096075  0.026741  -0.095958  0.995369  -0.005625  -0.027158  0.003031  0.999627  -0.000046  0.000181  -0.000086  0.000000  0.000000  0.000000  2.000000  1.000000  0.000000  0.000000  0.000000  1.000000  0.000000  0.000000  0.000000  1.000000  0.999998  0.001853  0.000396  -0.001853  0.999998  -0.000172  -0.000396  0.000171  1.000000  1.000000  0.000000  0.000000  0.000000  1.000000  0.000000  0.000000  0.000000  1.000000  1.000000  0.000000  0.000000  0.000000  1.000000  0.000000  0.000000  0.000000  1.000000  0.000000  0.000000  
232.520096 -0.002801  0.087129  -0.000826  0.994959  0.096690  0.026605  -0.096573  0.995310  -0.005629  -0.027024  0.003031  0.999630  -0.000303  -0.000144  -0.000169  0.000000  0.000000  0.000000  2.000000  1.000000  0.000000  0.000000  0.000000  1.000000  0.000000  0.000000  0.000000  1.000000  0.999997  0.002265  0.000394  -0.002265  0.999997  -0.000183  -0.000395  0.000182  1.000000  1.000000  0.000000  0.000000  0.000000  1.000000  0.000000  0.000000  0.000000  1.000000  1.000000  0.000000  0.000000  0.000000  1.000000  0.000000  0.000000  0.000000  1.000000  0.000000  0.000000  
232.521116 -0.002803  0.087126  -0.000827  0.994919  0.097099  0.026602  -0.096983  0.995270  -0.005640  -0.027024  0.003031  0.999630  -0.000533  -0.000473  -0.000228  0.000000  0.000000  0.000000  2.000000  1.000000  0.000000  0.000000  0.000000  1.000000  0.000000  0.000000  0.000000  1.000000  0.999996  0.002882  0.000259  -0.002882  0.999996  -0.000199  -0.000259  0.000198  1.000000  1.000000  0.000000  0.000000  0.000000  1.000000  0.000000  0.000000  0.000000  1.000000  1.000000  0.000000  0.000000  0.000000  1.000000  0.000000  0.000000  0.000000  1.000000  0.000000  0.000000  
232.522360 -0.002805  0.087124  -0.000827  0.994822  0.098123  0.026463  -0.098007  0.995170  -0.005654  -0.026890  0.003031  0.999634  -0.000702  -0.000727  -0.000257  0.000000  0.000000  0.000000  2.000000  1.000000  0.000000  0.000000  0.000000  1.000000  0.000000  0.000000  0.000000  1.000000  0.999993  0.003705  0.000122  -0.003705  0.999993  -0.000221  -0.000123  0.000220  1.000000  1.000000  0.000000  0.000000  0.000000  1.000000  0.000000  0.000000  0.000000  1.000000  1.000000  0.000000  0.000000  0.000000  1.000000  0.000000  0.000000  0.000000  1.000000  0.000000  0.000000  
232.523598 -0.002807  0.087120  -0.000829  0.994741  0.098943  0.026459  -0.098826  0.995088  -0.005676  -0.026890  0.003031  0.999634  -0.000924  -0.001069  -0.000436  0.000000  0.000000  0.000000  2.000000  1.000000  0.000000  0.000000  0.000000  1.000000  0.000000  0.000000  0.000000  1.000000  0.999990  0.004528  0.000120  -0.004528  0.999990  -0.000243  -0.000121  0.000243  1.000000  1.000000  0.000000  0.000000  0.000000  1.000000  0.000000  0.000000  0.000000  1.000000  1.000000  0.000000  0.000000  0.000000  1.000000  0.000000  0.000000  0.000000  1.000000  0.000000  0.000000  
232.524603 -0.002809  0.087118  -0.000830  0.994676  0.099558  0.026588  -0.099440  0.995027  -0.005706  -0.027024  0.003031  0.999630  -0.001102  -0.001334  -0.000557  -0.008911  -0.008457  0.179804  2.000000  1.000000  0.000060  0.000114  -0.000060  1.000000  -0.000003  -0.000114  0.000003  1.000000  0.999987  0.005146  0.000252  -0.005146  0.999987  -0.000139  -0.000252  0.000138  1.000000  1.000000  0.000029  0.000057  -0.000029  1.000000  -0.000002  -0.000057  0.000002  1.000000  1.000000  0.000060  0.000114  -0.000060  1.000000  -0.000003  -0.000114  0.000003  1.000000  0.000043  0.005154  
232.525853 -0.002811  0.087115  -0.000831  0.994570  0.100582  0.026715  -0.100464  0.994924  -0.005746  -0.027158  0.003031  0.999627  -0.001272  -0.001598  -0.000628  -0.009856  -0.012850  0.214393  2.000000  1.000000  0.000221  0.000437  -0.000221  1.000000  -0.000013  -0.000437  0.000013  1.000000  0.999981  0.006175  0.000516  -0.006175  0.999981  -0.000168  -0.000517  0.000164  1.000000  1.000000  0.000033  0.000070  -0.000033  1.000000  -0.000002  -0.000070  0.000002  1.000000  1.000000  0.000221  0.000437  -0.000221  1.000000  -0.000013  -0.000437  0.000013  1.000000  0.000052  0.006199  
232.526853 -0.002812  0.087112  -0.000832  0.994504  0.101201  0.026833  -0.101078  0.994861  -0.005897  -0.027292  0.003153  0.999623  -0.001438  -0.001900  -0.000685  -0.014508  -0.017271  0.235176  2.000000  1.000000  0.000361  0.000737  -0.000361  1.000000  -0.000024  -0.000737  0.000023  1.000000  0.999977  0.006793  0.000647  -0.006793  0.999977  -0.000307  -0.000649  0.000302  1.000000  1.000000  0.000035  0.000078  -0.000035  1.000000  -0.000004  -0.000078  0.000004  1.000000  1.000000  0.000361  0.000737  -0.000361  1.000000  -0.000024  -0.000737  0.000023  1.000000  0.000057  0.006831  
232.528104 -0.002816  0.087108  -0.000833  0.994396  0.102225  0.026960  -0.102101  0.994756  -0.005938  -0.027425  0.003153  0.999619  -0.001720  -0.002298  -0.000769  -0.015464  -0.021666  0.269814  2.000000  0.999999  0.000557  0.001158  -0.000557  1.000000  -0.000044  -0.001158  0.000043  0.999999  0.999969  0.007822  0.000643  -0.007822  0.999969  -0.000335  -0.000646  0.000330  1.000000  1.000000  0.000042  0.000089  -0.000042  1.000000  -0.000004  -0.000089  0.000004  1.000000  0.999999  0.000557  0.001158  -0.000557  1.000000  -0.000044  -0.001158  0.000043  0.999999  0.000066  0.007856  
232.529352 -0.002820  0.087101  -0.000835  0.994290  0.103252  0.026941  -0.103125  0.994650  -0.006087  -0.027425  0.003274  0.999618  -0.001976  -0.002746  -0.000862  -0.020472  -0.021537  0.304321  2.000000  0.999999  0.000736  0.001545  -0.000736  1.000000  -0.000063  -0.001545  0.000062  0.999999  0.999961  0.008852  0.000773  -0.008851  0.999961  -0.000485  -0.000777  0.000478  1.000000  1.000000  0.000047  0.000101  -0.000047  1.000000  -0.000006  -0.000101  0.000006  1.000000  0.999999  0.000736  0.001545  -0.000736  1.000000  -0.000063  -0.001545  0.000062  0.999999  0.000075  0.008899  
232.530357 -0.002824  0.087095  -0.000836  0.994205  0.104071  0.026936  -0.103943  0.994564  -0.006109  -0.027425  0.003274  0.999618  -0.002125  -0.003027  -0.000911  -0.021219  -0.021448  0.331928  2.000000  0.999998  0.000937  0.001970  -0.000936  1.000000  -0.000088  -0.001970  0.000087  0.999998  0.999953  0.009675  0.000770  -0.009675  0.999953  -0.000508  -0.000775  0.000500  1.000000  1.000000  0.000052  0.000110  -0.000052  1.000000  -0.000006  -0.000110  0.000006  1.000000  0.999998  0.000937  0.001970  -0.000936  1.000000  -0.000088  -0.001970  0.000087  0.999998  0.000082  0.009719  
232.531598 -0.002829  0.087088  -0.000837  0.994098  0.105098  0.026917  -0.104967  0.994456  -0.006257  -0.027425  0.003395  0.999618  -0.002267  -0.003300  -0.000868  -0.026239  -0.021326  0.366621  2.000000  0.999996  0.001217  0.002551  -0.001216  0.999999  -0.000125  -0.002551  0.000121  0.999997  0.999942  0.010704  0.000765  -0.010703  0.999943  -0.000657  -0.000772  0.000649  0.999999  1.000000  0.000059  0.000121  -0.000059  1.000000  -0.000008  -0.000121  0.000008  1.000000  0.999996  0.001217  0.002551  -0.001216  0.999999  -0.000125  -0.002551  0.000121  0.999997  0.000090  0.010751  
232.532598 -0.002832  0.087082  -0.000838  0.994011  0.105917  0.026912  -0.105785  0.994369  -0.006280  -0.027425  0.003395  0.999618  -0.002377  -0.003522  -0.000902  -0.026990  -0.021239  0.394295  2.000000  0.999994  0.001464  0.003056  -0.001464  0.999999  -0.000159  -0.003056  0.000154  0.999995  0.999933  0.011527  0.000762  -0.011527  0.999933  -0.000680  -0.000770  0.000671  0.999999  1.000000  0.000064  0.000130  -0.000064  1.000000  -0.000008  -0.000130  0.000008  1.000000  0.999994  0.001464  0.003056  -0.001464  0.999999  -0.000159  -0.003056  0.000154  0.999995  0.000097  0.011572  
232.533847 -0.002835  0.087074  -0.000839  0.993876  0.107149  0.027024  -0.107013  0.994237  -0.006448  -0.027559  0.003516  0.999614  -0.002478  -0.003843  -0.000900  -0.028148  -0.025556  0.435874  2.000000  0.999991  0.001798  0.003743  -0.001797  0.999998  -0.000205  -0.003743  0.000198  0.999993  0.999918  0.012762  0.000889  -0.012762  0.999918  -0.000837  -0.000900  0.000825  0.999999  1.000000  0.000070  0.000144  -0.000070  1.000000  -0.000010  -0.000144  0.000010  1.000000  0.999991  0.001798  0.003743  -0.001797  0.999998  -0.000205  -0.003743  0.000198  0.999993  0.000107  0.012821  
232.534849 -0.002837  0.087068  -0.000840  0.993784  0.107968  0.027152  -0.107831  0.994148  -0.006484  -0.027693  0.003516  0.999610  -0.002462  -0.004126  -0.000941  -0.028933  -0.029965  0.463601  2.000000  0.999988  0.002086  0.004340  -0.002085  0.999998  -0.000248  -0.004341  0.000239  0.999991  0.999910  0.013380  0.001021  -0.013379  0.999910  -0.000855  -0.001032  0.000842  0.999999  1.000000  0.000073  0.000151  -0.000073  1.000000  -0.000011  -0.000151  0.000011  1.000000  0.999988  0.002086  0.004340  -0.002085  0.999998  -0.000248  -0.004341  0.000239  0.999991  0.000115  0.013446  
232.535850 -0.002839  0.087061  -0.000841  0.993668  0.108992  0.027278  -0.108853  0.994036  -0.006527  -0.027827  0.003516  0.999607  -0.002432  -0.004394  -0.001017  -0.029865  -0.038835  0.498057  2.000000  0.999985  0.002381  0.004963  -0.002379  0.999997  -0.000292  -0.004964  0.000281  0.999988  0.999901  0.013998  0.001152  -0.013997  0.999902  -0.000874  -0.001164  0.000858  0.999999  1.000000  0.000075  0.000159  -0.000075  1.000000  -0.000011  -0.000159  0.000011  1.000000  0.999985  0.002381  0.004963  -0.002379  0.999997  -0.000292  -0.004964  0.000281  0.999988  0.000123  0.014072  
232.537098 -0.002841  0.087052  -0.000844  0.993552  0.110019  0.027391  -0.109875  0.993923  -0.006690  -0.027960  0.003637  0.999602  -0.002373  -0.004760  -0.001129  -0.034922  -0.043189  0.532702  2.000000  0.999981  0.002694  0.005614  -0.002692  0.999996  -0.000341  -0.005615  0.000326  0.999984  0.999893  0.014615  0.001014  -0.014614  0.999893  -0.001015  -0.001029  0.001000  0.999999  1.000000  0.000080  0.000165  -0.000080  1.000000  -0.000013  -0.000165  0.000013  1.000000  0.999981  0.002694  0.005614  -0.002692  0.999996  -0.000341  -0.005615  0.000326  0.999984  0.000132  0.014685  
232.538107 -0.002842  0.087046  -0.000846  0.993461  0.110837  0.027385  -0.110694  0.993832  -0.006713  -0.027960  0.003637  0.999602  -0.002384  -0.005042  -0.001245  -0.035667  -0.043085  0.560214  2.000000  0.999976  0.003022  0.006280  -0.003020  0.999995  -0.000394  -0.006282  0.000375  0.999980  0.999887  0.015026  0.000879  -0.015025  0.999887  -0.001026  -0.000894  0.001013  0.999999  1.000000  0.000084  0.000168  -0.000084  1.000000  -0.000013  -0.000168  0.000013  1.000000  0.999976  0.003022  0.006280  -0.003020  0.999995  -0.000394  -0.006282  0.000375  0.999980  0.000139  0.015087  
232.539353 -0.002844  0.087038  -0.000850  0.993366  0.111660  0.027499  -0.111511  0.993739  -0.006871  -0.028094  0.003759  0.999598  -0.002375  -0.005364  -0.001314  -0.040543  -0.047460  0.587980  2.000000  0.999970  0.003369  0.006969  -0.003366  0.999994  -0.000452  -0.006970  0.000428  0.999976  0.999880  0.015437  0.000875  -0.015436  0.999880  -0.001161  -0.000893  0.001147  0.999999  1.000000  0.000087  0.000173  -0.000087  1.000000  -0.000014  -0.000173  0.000014  1.000000  0.999970  0.003369  0.006969  -0.003366  0.999994  -0.000452  -0.006970  0.000428  0.999976  0.000146  0.015506  
232.540360 -0.002845  0.087031  -0.000852  0.993297  0.112277  0.027481  -0.112125  0.993669  -0.007008  -0.028094  0.003880  0.999598  -0.002354  -0.005725  -0.001431  -0.045176  -0.047340  0.608577  2.000000  0.999964  0.003727  0.007677  -0.003723  0.999993  -0.000513  -0.007679  0.000484  0.999970  0.999871  0.016055  0.000873  -0.016054  0.999870  -0.001178  -0.000891  0.001164  0.999999  1.000000  0.000091  0.000179  -0.000091  1.000000  -0.000015  -0.000179  0.000015  1.000000  0.999964  0.003727  0.007677  -0.003723  0.999993  -0.000513  -0.007679  0.000484  0.999970  0.000153  0.016122  
232.541605 -0.002848  0.087021  -0.000856  0.993177  0.113303  0.027593  -0.113147  0.993552  -0.007172  -0.028228  0.004001  0.999594  -0.002388  -0.006173  -0.001603  -0.050240  -0.051677  0.643172  2.000000  0.999955  0.004176  0.008573  -0.004171  0.999991  -0.000597  -0.008576  0.000561  0.999963  0.999871  0.016055  0.001004  -0.016054  0.999870  -0.001300  -0.001025  0.001283  0.999999  1.000000  0.000089  0.000180  -0.000089  1.000000  -0.000016  -0.000180  0.000016  1.000000  0.999955  0.004176  0.008573  -0.004171  0.999991  -0.000597  -0.008576  0.000561  0.999963  0.000160  0.016139  
232.542851 -0.002851  0.087011  -0.000859  0.993084  0.114125  0.027573  -0.113965  0.993458  -0.007315  -0.028228  0.004122  0.999593  -0.002410  -0.006568  -0.001735  -0.055086  -0.051551  0.670977  2.000000  0.999944  0.004616  0.009490  -0.004610  0.999989  -0.000689  -0.009493  0.000646  0.999955  0.999870  0.016057  0.001270  -0.016055  0.999870  -0.001423  -0.001293  0.001403  0.999998  1.000000  0.000086  0.000182  -0.000086  1.000000  -0.000018  -0.000182  0.000018  1.000000  0.999944  0.004616  0.009490  -0.004610  0.999989  -0.000689  -0.009493  0.000646  0.999955  0.000167  0.016169  
232.543854 -0.002854  0.087003  -0.000860  0.993009  0.114742  0.027688  -0.114577  0.993386  -0.007468  -0.028362  0.004244  0.999589  -0.002427  -0.006726  -0.001769  -0.059786  -0.055939  0.691846  2.000000  0.999935  0.004962  0.010226  -0.004955  0.999987  -0.000771  -0.010230  0.000721  0.999947  0.999867  0.016263  0.001399  -0.016261  0.999866  -0.001674  -0.001426  0.001651  0.999998  1.000000  0.000086  0.000185  -0.000086  1.000000  -0.000021  -0.000185  0.000021  1.000000  0.999935  0.004962  0.010226  -0.004955  0.999987  -0.000771  -0.010230  0.000721  0.999947  0.000173  0.016409  
232.545104 -0.002859  0.086993  -0.000863  0.992931  0.115364  0.027921  -0.115190  0.993313  -0.007757  -0.028629  0.004486  0.999580  -0.002379  -0.006931  -0.001787  -0.068030  -0.064846  0.691865  2.000000  0.999926  0.005300  0.010961  -0.005291  0.999986  -0.000863  -0.010965  0.000805  0.999940  0.999870  0.016058  0.001532  -0.016056  0.999869  -0.001791  -0.001560  0.001766  0.999997  1.000000  0.000084  0.000183  -0.000084  1.000000  -0.000022  -0.000183  0.000022  1.000000  0.999926  0.005300  0.010961  -0.005291  0.999986  -0.000863  -0.010965  0.000805  0.999940  0.000176  0.016230  
232.546360 -0.002864  0.086984  -0.000865  0.992856  0.115984  0.028021  -0.115803  0.993240  -0.008031  -0.028763  0.004729  0.999575  -0.002374  -0.007077  -0.001873  -0.076301  -0.060249  0.691664  2.000000  0.999913  0.005717  0.011873  -0.005706  0.999983  -0.000990  -0.011878  0.000922  0.999929  0.999873  0.015853  0.001529  -0.015850  0.999872  -0.002032  -0.001561  0.002008  0.999997  1.000000  0.000082  0.000181  -0.000082  1.000000  -0.000025  -0.000181  0.000025  1.000000  0.999913  0.005717  0.011873  -0.005706  0.999983  -0.000990  -0.011878  0.000922  0.999929  0.000175  0.016055  
232.547601 -0.002869  0.086974  -0.000867  0.992756  0.116806  0.028133  -0.116620  0.993143  -0.008190  -0.028896  0.004850  0.999571  -0.002468  -0.007252  -0.001949  -0.080881  -0.060172  0.705718  2.000000  0.999900  0.006124  0.012767  -0.006110  0.999981  -0.001130  -0.012774  0.001052  0.999918  0.999876  0.015647  0.001526  -0.015644  0.999875  -0.002150  -0.001560  0.002126  0.999997  1.000000  0.000081  0.000179  -0.000081  1.000000  -0.000027  -0.000179  0.000027  1.000000  0.999900  0.006124  0.012767  -0.006110  0.999981  -0.001130  -0.012774  0.001052  0.999918  0.000177  0.015867  
232.548848 -0.002875  0.086964  -0.000870  0.992680  0.117427  0.028232  -0.117232  0.993068  -0.008464  -0.029030  0.005092  0.999566  -0.002708  -0.007407  -0.002065  -0.088783  -0.059538  0.713658  2.000000  0.999886  0.006521  0.013653  -0.006504  0.999978  -0.001276  -0.013661  0.001187  0.999906  0.999883  0.015237  0.001658  -0.015233  0.999881  -0.002382  -0.001695  0.002357  0.999996  1.000000  0.000077  0.000175  -0.000077  1.000000  -0.000030  -0.000175  0.000030  1.000000  0.999886  0.006521  0.013653  -0.006504  0.999978  -0.001276  -0.013661  0.001187  0.999906  0.000180  0.015510  
232.549849 -0.002880  0.086956  -0.000872  0.992632  0.117839  0.028214  -0.117641  0.993019  -0.008596  -0.029030  0.005214  0.999565  -0.002873  -0.007479  -0.002106  -0.093357  -0.064516  0.712706  2.000000  0.999874  0.006827  0.014335  -0.006808  0.999976  -0.001400  -0.014344  0.001303  0.999896  0.999892  0.014619  0.001526  -0.014615  0.999890  -0.002365  -0.001561  0.002342  0.999996  1.000000  0.000075  0.000168  -0.000075  1.000000  -0.000029  -0.000168  0.000029  1.000000  0.999874  0.006827  0.014335  -0.006808  0.999976  -0.001400  -0.014344  0.001303  0.999896  0.000179  0.014886  
232.550849 -0.002885  0.086948  -0.000874  0.992579  0.118256  0.028315  -0.118049  0.992968  -0.008864  -0.029164  0.005456  0.999560  -0.003113  -0.007543  -0.002158  -0.100726  -0.068361  0.706891  2.000000  0.999862  0.007120  0.014998  -0.007098  0.999974  -0.001527  -0.015008  0.001420  0.999886  0.999898  0.014208  0.001661  -0.014204  0.999896  -0.002476  -0.001696  0.002452  0.999996  1.000000  0.000071  0.000164  -0.000071  1.000000  -0.000031  -0.000164  0.000031  1.000000  0.999862  0.007120  0.014998  -0.007098  0.999974  -0.001527  -0.015008  0.001420  0.999886  0.000180  0.014516  
232.551853 -0.002891  0.086940  -0.000876  0.992555  0.118464  0.028299  -0.118254  0.992943  -0.008991  -0.029164  0.005577  0.999559  -0.003423  -0.007631  -0.002197  -0.104412  -0.072890  0.693691  2.000000  0.999853  0.007330  0.015486  -0.007306  0.999972  -0.001627  -0.015497  0.001514  0.999879  0.999901  0.014003  0.001660  -0.013998  0.999899  -0.002591  -0.001696  0.002568  0.999995  1.000000  0.000069  0.000162  -0.000069  1.000000  -0.000032  -0.000162  0.000032  1.000000  0.999853  0.007330  0.015486  -0.007306  0.999972  -0.001627  -0.015497  0.001514  0.999879  0.000178  0.014335  
232.553100 -0.002898  0.086931  -0.000879  0.992506  0.118876  0.028280  -0.118662  0.992893  -0.009123  -0.029164  0.005699  0.999558  -0.003715  -0.007681  -0.002188  -0.108720  -0.073505  0.678332  2.000000  0.999838  0.007664  0.016268  -0.007636  0.999969  -0.001797  -0.016281  0.001672  0.999866  0.999912  0.013180  0.001662  -0.013176  0.999910  -0.002688  -0.001697  0.002666  0.999995  1.000000  0.000064  0.000153  -0.000064  1.000000  -0.000033  -0.000153  0.000033  1.000000  0.999838  0.007664  0.016268  -0.007636  0.999969  -0.001797  -0.016281  0.001672  0.999866  0.000173  0.013552  
232.554100 -0.002904  0.086924  -0.000881  0.992478  0.119088  0.028383  -0.118866  0.992866  -0.009385  -0.029298  0.005941  0.999553  -0.004076  -0.007758  -0.002135  -0.116567  -0.073479  0.664448  2.000000  0.999826  0.007918  0.016870  -0.007887  0.999967  -0.001939  -0.016885  0.001806  0.999856  0.999917  0.012769  0.001663  -0.012764  0.999915  -0.002799  -0.001698  0.002778  0.999995  1.000000  0.000062  0.000149  -0.000062  1.000000  -0.000035  -0.000149  0.000035  1.000000  0.999826  0.007918  0.016870  -0.007887  0.999967  -0.001939  -0.016885  0.001806  0.999856  0.000170  0.013175  
232.555109 -0.002911  0.086915  -0.000883  0.992425  0.119501  0.028497  -0.119274  0.992816  -0.009533  -0.029431  0.006062  0.999548  -0.004442  -0.007829  -0.002111  -0.120304  -0.073478  0.650409  2.000000  0.999815  0.008157  0.017443  -0.008122  0.999965  -0.002086  -0.017459  0.001944  0.999846  0.999925  0.012151  0.001530  -0.012146  0.999922  -0.002903  -0.001565  0.002884  0.999995  1.000000  0.000059  0.000141  -0.000059  1.000000  -0.000036  -0.000141  0.000036  1.000000  0.999815  0.008157  0.017443  -0.008122  0.999965  -0.002086  -0.017459  0.001944  0.999846  0.000169  0.012584  
232.556352 -0.002920  0.086904  -0.000887  0.992397  0.119713  0.028599  -0.119478  0.992788  -0.009796  -0.029565  0.006305  0.999543  -0.004921  -0.007948  -0.002125  -0.127137  -0.072883  0.631553  2.000000  0.999803  0.008383  0.017993  -0.008344  0.999963  -0.002241  -0.018012  0.002090  0.999836  0.999932  0.011534  0.001531  -0.011529  0.999929  -0.003129  -0.001567  0.003111  0.999994  1.000000  0.000055  0.000135  -0.000055  1.000000  -0.000039  -0.000135  0.000039  1.000000  0.999803  0.008383  0.017993  -0.008344  0.999963  -0.002241  -0.018012  0.002090  0.999836  0.000163  0.012046  
232.557604 -0.002931  0.086892  -0.000891  0.992343  0.120130  0.028698  -0.119886  0.992737  -0.010065  -0.029699  0.006547  0.999537  -0.005390  -0.008044  -0.002179  -0.131485  -0.077982  0.608981  2.000000  0.999789  0.008635  0.018630  -0.008591  0.999960  -0.002444  -0.018650  0.002284  0.999823  0.999946  0.010301  0.001670  -0.010295  0.999942  -0.003216  -0.001703  0.003199  0.999993  1.000000  0.000046  0.000122  -0.000046  1.000000  -0.000040  -0.000122  0.000040  1.000000  0.999789  0.008635  0.018630  -0.008591  0.999960  -0.002444  -0.018650  0.002284  0.999823  0.000157  0.010917  
232.558605 -0.002940  0.086883  -0.000894  0.992315  0.120342  0.028800  -0.120090  0.992709  -0.010328  -0.029833  0.006790  0.999532  -0.005789  -0.008132  -0.002309  -0.139231  -0.078071  0.588688  2.000000  0.999779  0.008815  0.019103  -0.008766  0.999958  -0.002613  -0.019125  0.002445  0.999814  0.999952  0.009683  0.001673  -0.009678  0.999948  -0.003319  -0.001705  0.003303  0.999993  1.000000  0.000042  0.000115  -0.000042  1.000000  -0.000041  -0.000115  0.000041  1.000000  0.999779  0.008815  0.019103  -0.008766  0.999958  -0.002613  -0.019125  0.002445  0.999814  0.000152  0.010370  
232.559854 -0.002952  0.086872  -0.000899  0.992286  0.120554  0.028901  -0.120294  0.992682  -0.010590  -0.029966  0.007032  0.999526  -0.006275  -0.008219  -0.002468  -0.141764  -0.081998  0.564024  2.000000  0.999769  0.008971  0.019551  -0.008918  0.999956  -0.002790  -0.019576  0.002615  0.999805  0.999957  0.009068  0.001943  -0.009062  0.999953  -0.003425  -0.001974  0.003407  0.999992  1.000000  0.000035  0.000110  -0.000035  1.000000  -0.000043  -0.000110  0.000043  1.000000  0.999769  0.008971  0.019551  -0.008918  0.999956  -0.002790  -0.019576  0.002615  0.999805  0.000148  0.009883  
232.561102 -0.002964  0.086861  -0.000904  0.992261  0.120766  0.028870  -0.120498  0.992654  -0.010837  -0.029966  0.007274  0.999524  -0.006781  -0.008339  -0.002677  -0.144745  -0.081883  0.535506  2.000000  0.999757  0.009148  0.020077  -0.009089  0.999954  -0.003019  -0.020104  0.002836  0.999794  0.999963  0.008450  0.001812  -0.008444  0.999958  -0.003649  -0.001842  0.003634  0.999992  1.000000  0.000033  0.000103  -0.000033  1.000000  -0.000046  -0.000103  0.000046  1.000000  0.999757  0.009148  0.020077  -0.009089  0.999954  -0.003019  -0.020104  0.002836  0.999794  0.000141  0.009378  
232.562360 -0.002976  0.086849  -0.000910  0.992232  0.120978  0.028971  -0.120702  0.992627  -0.011100  -0.030100  0.007517  0.999519  -0.007231  -0.008424  -0.002894  -0.153093  -0.087156  0.505241  2.000000  0.999745  0.009302  0.020572  -0.009237  0.999952  -0.003255  -0.020601  0.003064  0.999783  0.999967  0.007835  0.001948  -0.007827  0.999962  -0.003753  -0.001977  0.003737  0.999991  1.000000  0.000028  0.000097  -0.000028  1.000000  -0.000047  -0.000097  0.000047  1.000000  0.999745  0.009302  0.020572  -0.009237  0.999952  -0.003255  -0.020601  0.003064  0.999783  0.000136  0.008900  
232.563595 -0.002988  0.086838  -0.000916  0.992228  0.120986  0.029074  -0.120702  0.992624  -0.011357  -0.030234  0.007759  0.999513  -0.007595  -0.008463  -0.003153  -0.156103  -0.087335  0.463965  2.000000  0.999735  0.009434  0.021019  -0.009363  0.999950  -0.003497  -0.021051  0.003299  0.999773  0.999974  0.007011  0.001819  -0.007004  0.999968  -0.003849  -0.001846  0.003837  0.999991  1.000000  0.000024  0.000087  -0.000024  1.000000  -0.000048  -0.000087  0.000048  1.000000  0.999735  0.009434  0.021019  -0.009363  0.999950  -0.003497  -0.021051  0.003299  0.999773  0.000128  0.008199  
232.564601 -0.002998  0.086830  -0.000922  0.992228  0.120990  0.029060  -0.120702  0.992622  -0.011477  -0.030234  0.007881  0.999512  -0.007977  -0.008515  -0.003395  -0.159393  -0.082959  0.436229  2.000000  0.999727  0.009520  0.021345  -0.009443  0.999949  -0.003693  -0.021379  0.003491  0.999765  0.999979  0.006188  0.001824  -0.006181  0.999974  -0.003825  -0.001847  0.003814  0.999991  1.000000  0.000019  0.000078  -0.000019  1.000000  -0.000048  -0.000078  0.000048  1.000000  0.999727  0.009520  0.021345  -0.009443  0.999949  -0.003693  -0.021379  0.003491  0.999765  0.000120  0.007497  
232.565849 -0.003011  0.086819  -0.000929  0.992199  0.121202  0.029161  -0.120905  0.992595  -0.011740  -0.030368  0.008123  0.999506  -0.008347  -0.008592  -0.003651  -0.165428  -0.082384  0.405212  2.000000  0.999718  0.009615  0.021719  -0.009532  0.999947  -0.003935  -0.021756  0.003727  0.999756  0.999982  0.005776  0.001692  -0.005769  0.999976  -0.003814  -0.001714  0.003804  0.999991  1.000000  0.000018  0.000073  -0.000018  1.000000  -0.000048  -0.000073  0.000048  1.000000  0.999718  0.009615  0.021719  -0.009532  0.999947  -0.003935  -0.021756  0.003727  0.999756  0.000112  0.007123  
232.566849 -0.003021  0.086811  -0.000934  0.992195  0.121207  0.029279  -0.120905  0.992593  -0.011877  -0.030501  0.008244  0.999501  -0.008646  -0.008623  -0.003844  -0.165851  -0.083227  0.374015  2.000000  0.999711  0.009680  0.021992  -0.009591  0.999945  -0.004127  -0.022031  0.003915  0.999750  0.999985  0.005159  0.001696  -0.005152  0.999980  -0.003796  -0.001716  0.003787  0.999991  1.000000  0.000014  0.000066  -0.000014  1.000000  -0.000047  -0.000066  0.000047  1.000000  0.999711  0.009680  0.021992  -0.009591  0.999945  -0.004127  -0.022031  0.003915  0.999750  0.000107  0.006623  
232.568099 -0.003033  0.086800  -0.000940  0.992166  0.121419  0.029380  -0.121109  0.992565  -0.012140  -0.030635  0.008487  0.999495  -0.009003  -0.008737  -0.004021  -0.172032  -0.087101  0.350468  2.000000  0.999708  0.009709  0.022124  -0.009618  0.999945  -0.004222  -0.022164  0.004008  0.999746  0.999987  0.004952  0.001563  -0.004946  0.999981  -0.003790  -0.001582  0.003782  0.999992  1.000000  0.000000  0.000000  0.000000  1.000000  0.000000  0.000000  0.000000  1.000000  0.999708  0.009709  0.022124  -0.009618  0.999945  -0.004222  -0.022164  0.004008  0.999746  0.000101  0.000000  
232.569356 -0.003045  0.086790  -0.000945  0.992166  0.121426  0.029350  -0.121109  0.992562  -0.012381  -0.030635  0.008729  0.999493  -0.009330  -0.008790  -0.004232  -0.176523  -0.083467  0.318733  2.000000  0.999708  0.009709  0.022124  -0.009618  0.999945  -0.004222  -0.022164  0.004008  0.999746  0.999990  0.004130  0.001569  -0.004123  0.999984  -0.003886  -0.001585  0.003880  0.999991  1.000000  0.000000  0.000000  0.000000  1.000000  0.000000  0.000000  0.000000  1.000000  0.999708  0.009709  0.022124  -0.009618  0.999945  -0.004222  -0.022164  0.004008  0.999746  0.000095  0.000000  
232.570357 -0.003055  0.086781  -0.000950  0.992162  0.121435  0.029453  -0.121108  0.992559  -0.012638  -0.030769  0.008972  0.999486  -0.009587  -0.008840  -0.004452  -0.178724  -0.087268  0.302420  2.000000  0.999708  0.009709  0.022124  -0.009618  0.999945  -0.004222  -0.022164  0.004008  0.999746  0.999992  0.003720  0.001706  -0.003713  0.999986  -0.003874  -0.001720  0.003868  0.999991  1.000000  0.000000  0.000000  0.000000  1.000000  0.000000  0.000000  0.000000  1.000000  0.999708  0.009709  0.022124  -0.009618  0.999945  -0.004222  -0.022164  0.004008  0.999746  0.000091  0.000000  
232.571607 -0.003068  0.086770  -0.000957  0.992162  0.121442  0.029424  -0.121108  0.992556  -0.012878  -0.030769  0.009214  0.999484  -0.009745  -0.008812  -0.004634  -0.183047  -0.083698  0.263365  2.000000  0.999708  0.009709  0.022124  -0.009618  0.999945  -0.004222  -0.022164  0.004008  0.999746  0.999993  0.003307  0.001575  -0.003301  0.999987  -0.003983  -0.001588  0.003978  0.999991  1.000000  0.000000  0.000000  0.000000  1.000000  0.000000  0.000000  0.000000  1.000000  0.999708  0.009709  0.022124  -0.009618  0.999945  -0.004222  -0.022164  0.004008  0.999746  0.000084  0.000000  
232.572855 -0.003080  0.086758  -0.000964  0.992158  0.121450  0.029527  -0.121108  0.992552  -0.013135  -0.030903  0.009457  0.999478  -0.009815  -0.008790  -0.004870  -0.186374  -0.083854  0.235760  2.000000  0.999708  0.009709  0.022124  -0.009618  0.999945  -0.004222  -0.022164  0.004008  0.999746  0.999994  0.002897  0.001712  -0.002890  0.999988  -0.003971  -0.001723  0.003966  0.999991  1.000000  0.000000  0.000000  0.000000  1.000000  0.000000  0.000000  0.000000  1.000000  0.999708  0.009709  0.022124  -0.009618  0.999945  -0.004222  -0.022164  0.004008  0.999746  0.000080  0.000000  
232.574098 -0.003093  0.086746  -0.000973  0.992154  0.121459  0.029630  -0.121107  0.992549  -0.013392  -0.031036  0.009699  0.999471  -0.009880  -0.008830  -0.005096  -0.185608  -0.084004  0.208142  2.000000  0.999708  0.009709  0.022124  -0.009618  0.999945  -0.004222  -0.022164  0.004008  0.999746  0.999995  0.002486  0.001715  -0.002479  0.999989  -0.003958  -0.001725  0.003954  0.999991  1.000000  0.000000  0.000000  0.000000  1.000000  0.000000  0.000000  0.000000  1.000000  0.999708  0.009709  0.022124  -0.009618  0.999945  -0.004222  -0.022164  0.004008  0.999746  0.000075  0.000000  
232.575105 -0.003102  0.086737  -0.000979  0.992154  0.121466  0.029601  -0.121107  0.992546  -0.013633  -0.031036  0.009941  0.999469  -0.009867  -0.008854  -0.005285  -0.189243  -0.079549  0.194243  2.000000  0.999708  0.009709  0.022124  -0.009618  0.999945  -0.004222  -0.022164  0.004008  0.999746  0.999996  0.002075  0.001719  -0.002068  0.999990  -0.003945  -0.001727  0.003942  0.999991  1.000000  0.000000  0.000000  0.000000  1.000000  0.000000  0.000000  0.000000  1.000000  0.999708  0.009709  0.022124  -0.009618  0.999945  -0.004222  -0.022164  0.004008  0.999746  0.000072  0.000000  
232.576351 -0.003113  0.086725  -0.000988  0.992150  0.121471  0.029719  -0.121107  0.992544  -0.013770  -0.031170  0.010063  0.999463  -0.009807  -0.008877  -0.005494  -0.183303  -0.078981  0.178984  2.000000  0.999708  0.009709  0.022124  -0.009618  0.999945  -0.004222  -0.022164  0.004008  0.999746  0.999997  0.001664  0.001723  -0.001657  0.999991  -0.003933  -0.001729  0.003930  0.999991  1.000000  0.000000  0.000000  0.000000  1.000000  0.000000  0.000000  0.000000  1.000000  0.999708  0.009709  0.022124  -0.009618  0.999945  -0.004222  -0.022164  0.004008  0.999746  0.000068  0.000000  
232.577352 -0.003121  0.086716  -0.000994  0.992146  0.121479  0.029822  -0.121106  0.992540  -0.014027  -0.031304  0.010305  0.999457  -0.009709  -0.008900  -0.005620  -0.188049  -0.079795  0.152775  2.000000  0.999708  0.009709  0.022124  -0.009618  0.999945  -0.004222  -0.022164  0.004008  0.999746  0.999997  0.001458  0.001725  -0.001451  0.999991  -0.003927  -0.001730  0.003924  0.999991  1.000000  0.000000  0.000000  0.000000  1.000000  0.000000  0.000000  0.000000  1.000000  0.999708  0.009709  0.022124  -0.009618  0.999945  -0.004222  -0.022164  0.004008  0.999746  0.000065  0.000000  
232.578361 -0.003129  0.086707  -0.001001  0.992146  0.121483  0.029808  -0.121106  0.992539  -0.014147  -0.031304  0.010426  0.999456  -0.009574  -0.008888  -0.005728  -0.183510  -0.075355  0.138880  2.000000  0.999708  0.009709  0.022124  -0.009618  0.999945  -0.004222  -0.022164  0.004008  0.999746  0.999998  0.001251  0.001593  -0.001245  0.999992  -0.003799  -0.001597  0.003797  0.999992  1.000000  0.000000  0.000000  0.000000  1.000000  0.000000  0.000000  0.000000  1.000000  0.999708  0.009709  0.022124  -0.009618  0.999945  -0.004222  -0.022164  0.004008  0.999746  0.000061  0.000000  
232.579688 -0.003139  0.086697  -0.001009  0.992117  0.121692  0.029923  -0.121310  0.992512  -0.014290  -0.031438  0.010547  0.999450  -0.009297  -0.008822  -0.005819  -0.182615  -0.079731  0.124764  2.000000  0.999708  0.009709  0.022124  -0.009618  0.999945  -0.004222  -0.022164  0.004008  0.999746  0.999998  0.001252  0.001592  -0.001246  0.999992  -0.003678  -0.001597  0.003676  0.999992  1.000000  0.000000  0.000000  0.000000  1.000000  0.000000  0.000000  0.000000  1.000000  0.999708  0.009709  0.022124  -0.009618  0.999945  -0.004222  -0.022164  0.004008  0.999746  0.000059  0.000000  
232.580853 -0.003149  0.086686  -0.001018  0.992113  0.121697  0.030041  -0.121309  0.992510  -0.014427  -0.031571  0.010669  0.999445  -0.009195  -0.008894  -0.005979  -0.180168  -0.080724  0.112245  2.000000  0.999708  0.009709  0.022124  -0.009618  0.999945  -0.004222  -0.022164  0.004008  0.999746  0.999998  0.001046  0.001594  -0.001040  0.999993  -0.003671  -0.001598  0.003670  0.999992  1.000000  0.000000  0.000000  0.000000  1.000000  0.000000  0.000000  0.000000  1.000000  0.999708  0.009709  0.022124  -0.009618  0.999945  -0.004222  -0.022164  0.004008  0.999746  0.000056  0.000000  
232.582100 -0.003158  0.086675  -0.001026  0.992108  0.121702  0.030159  -0.121309  0.992508  -0.014563  -0.031705  0.010790  0.999439  -0.008977  -0.008925  -0.006139  -0.177002  -0.083899  0.103585  2.000000  0.999708  0.009709  0.022124  -0.009618  0.999945  -0.004222  -0.022164  0.004008  0.999746  0.999998  0.000840  0.001597  -0.000835  0.999993  -0.003544  -0.001600  0.003542  0.999992  1.000000  0.000000  0.000000  0.000000  1.000000  0.000000  0.000000  0.000000  1.000000  0.999708  0.009709  0.022124  -0.009618  0.999945  -0.004222  -0.022164  0.004008  0.999746  0.000055  0.000000  
232.583349 -0.003168  0.086664  -0.001035  0.992104  0.121708  0.030277  -0.121308  0.992506  -0.014700  -0.031839  0.010911  0.999433  -0.008803  -0.008974  -0.006286  -0.172549  -0.088456  0.089919  2.000000  0.999708  0.009709  0.022124  -0.009618  0.999945  -0.004222  -0.022164  0.004008  0.999746  0.999999  0.000635  0.001599  -0.000629  0.999994  -0.003416  -0.001601  0.003415  0.999993  1.000000  0.000000  0.000000  0.000000  1.000000  0.000000  0.000000  0.000000  1.000000  0.999708  0.009709  0.022124  -0.009618  0.999945  -0.004222  -0.022164  0.004008  0.999746  0.000054  0.000000  
232.584598 -0.003177  0.086652  -0.001043  0.992100  0.121713  0.030394  -0.121308  0.992504  -0.014836  -0.031972  0.011032  0.999428  -0.008648  -0.009044  -0.006458  -0.172218  -0.088602  0.076245  2.000000  0.999708  0.009709  0.022124  -0.009618  0.999945  -0.004222  -0.022164  0.004008  0.999746  0.999999  0.000635  0.001599  -0.000630  0.999994  -0.003295  -0.001601  0.003294  0.999993  1.000000  0.000000  0.000000  0.000000  1.000000  0.000000  0.000000  0.000000  1.000000  0.999708  0.009709  0.022124  -0.009618  0.999945  -0.004222  -0.022164  0.004008  0.999746  0.000052  0.000000  
232.585599 -0.003184  0.086643  -0.001050  0.992096  0.121718  0.030512  -0.121307  0.992502  -0.014973  -0.032106  0.011153  0.999422  -0.008397  -0.009059  -0.006625  -0.167815  -0.088736  0.062556  2.000000  0.999708  0.009709  0.022124  -0.009618  0.999945  -0.004222  -0.022164  0.004008  0.999746  0.999998  0.000637  0.001732  -0.000631  0.999994  -0.003295  -0.001734  0.003294  0.999993  1.000000  0.000000  0.000000  0.000000  1.000000  0.000000  0.000000  0.000000  1.000000  0.999708  0.009709  0.022124  -0.009618  0.999945  -0.004222  -0.022164  0.004008  0.999746  0.000050  0.000000  
232.586618 -0.003191  0.086634  -0.001057  0.992071  0.121926  0.030495  -0.121512  0.992475  -0.015100  -0.032106  0.011275  0.999421  -0.008212  -0.009040  -0.006692  -0.164896  -0.084839  0.062962  2.000000  0.999708  0.009709  0.022124  -0.009618  0.999945  -0.004222  -0.022164  0.004008  0.999746  0.999998  0.000637  0.001732  -0.000631  0.999995  -0.003052  -0.001734  0.003051  0.999994  1.000000  0.000000  0.000000  0.000000  1.000000  0.000000  0.000000  0.000000  1.000000  0.999708  0.009709  0.022124  -0.009618  0.999945  -0.004222  -0.022164  0.004008  0.999746  0.000049  0.000000  
232.587852 -0.003200  0.086623  -0.001065  0.992062  0.121929  0.030760  -0.121510  0.992475  -0.015132  -0.032374  0.011274  0.999412  -0.007967  -0.008988  -0.006681  0.000000  0.000000  0.000000  2.000000  0.999708  0.009709  0.022124  -0.009618  0.999945  -0.004222  -0.022164  0.004008  0.999746  0.999998  0.000637  0.001732  -0.000632  0.999995  -0.003052  -0.001734  0.003051  0.999994  1.000000  0.000000  0.000000  0.000000  1.000000  0.000000  0.000000  0.000000  1.000000  0.999708  0.009709  0.022124  -0.009618  0.999945  -0.004222  -0.022164  0.004008  0.999746  0.000000  0.000000  
