1-Time 2-Px 3-Py 4-Pz 5-R11 6-R21 7-R31 8-R12 9-R22 10-R32 11-R13 12-R23 13-R33 14-Vx 15-Vy 16-Vz 17-Wx 18-Wy 19-Wz 20-state 21-PR11 22-PR21 23-PR31 24-PR12 25-PR22 26-PR32 27-PR13 28-PR23 29-PR33 
232.637063 0.008165  0.093155  -0.005896  0.987557  0.125700  -0.094503  -0.127981  0.991605  -0.018448  0.091391  0.030313  0.995354  -0.000049  0.000066  0.000371  0.000000  0.000000  0.000000  2.000000  1.000000  0.000000  0.000000  -0.000000  1.000000  0.000000  0.000000  -0.000000  1.000000  1.000000  0.000205  -0.000006  -0.000205  1.000000  0.000140  0.000006  -0.000140  1.000000  1.000000  0.000000  0.000000  0.000000  1.000000  0.000000  0.000000  0.000000  1.000000  0.762764  0.381836  -0.521912  -0.558582  0.795693  -0.234220  0.325848  0.470185  0.820213  0.000000  0.000000  
232.638073 0.008165  0.093154  -0.005895  0.987557  0.125700  -0.094503  -0.127981  0.991605  -0.018448  0.091391  0.030313  0.995354  -0.000040  0.000041  0.000381  0.000000  0.000000  0.000000  2.000000  1.000000  0.000000  0.000000  0.000000  1.000000  0.000000  0.000000  0.000000  1.000000  1.000000  0.000000  -0.000000  0.000000  1.000000  -0.000000  0.000000  -0.000000  1.000000  1.000000  0.000000  0.000000  0.000000  1.000000  0.000000  0.000000  0.000000  1.000000  1.000000  0.000000  0.000000  0.000000  1.000000  0.000000  0.000000  0.000000  1.000000  0.000000  0.000000  
232.639316 0.008166  0.093154  -0.005895  0.987504  0.126109  -0.094510  -0.128388  0.991553  -0.018410  0.091391  0.030313  0.995354  0.000031  -0.000009  0.000400  0.000000  0.000000  0.000000  2.000000  1.000000  0.000000  0.000000  0.000000  1.000000  0.000000  0.000000  0.000000  1.000000  1.000000  0.000410  -0.000012  -0.000410  1.000000  0.000038  0.000012  -0.000038  1.000000  1.000000  0.000000  0.000000  0.000000  1.000000  0.000000  0.000000  0.000000  1.000000  1.000000  0.000000  0.000000  0.000000  1.000000  0.000000  0.000000  0.000000  1.000000  0.000000  0.000000  
232.640568 0.008168  0.093153  -0.005894  0.987439  0.126513  -0.094650  -0.128793  0.991502  -0.018353  0.091524  0.030313  0.995341  0.000177  -0.000089  0.000390  0.000000  0.000000  0.000000  2.000000  1.000000  0.000000  0.000000  0.000000  1.000000  0.000000  0.000000  0.000000  1.000000  1.000000  0.000611  -0.000152  -0.000611  1.000000  0.000057  0.000152  -0.000056  1.000000  1.000000  0.000000  0.000000  0.000000  1.000000  0.000000  0.000000  0.000000  1.000000  1.000000  0.000000  0.000000  0.000000  1.000000  0.000000  0.000000  0.000000  1.000000  0.000000  0.000000  
232.641586 0.008169  0.093151  -0.005894  0.987427  0.126509  -0.094782  -0.128791  0.991502  -0.018336  0.091657  0.030313  0.995329  0.000279  -0.000193  0.000393  0.000000  0.000000  0.000000  2.000000  1.000000  0.000000  0.000000  0.000000  1.000000  0.000000  0.000000  0.000000  1.000000  1.000000  0.000812  -0.000292  -0.000811  1.000000  0.000075  0.000292  -0.000075  1.000000  1.000000  0.000000  0.000000  0.000000  1.000000  0.000000  0.000000  0.000000  1.000000  1.000000  0.000000  0.000000  0.000000  1.000000  0.000000  0.000000  0.000000  1.000000  0.000000  0.000000  
232.642825 0.008172  0.093150  -0.005893  0.987400  0.126713  -0.094786  -0.128994  0.991476  -0.018317  0.091657  0.030313  0.995329  0.000487  -0.000298  0.000391  0.000000  0.000000  0.000000  2.000000  1.000000  0.000000  0.000000  0.000000  1.000000  0.000000  0.000000  0.000000  1.000000  0.999999  0.001016  -0.000299  -0.001016  0.999999  0.000094  0.000299  -0.000094  1.000000  1.000000  0.000000  0.000000  0.000000  1.000000  0.000000  0.000000  0.000000  1.000000  1.000000  0.000000  0.000000  0.000000  1.000000  0.000000  0.000000  0.000000  1.000000  0.000000  0.000000  
232.643830 0.008174  0.093148  -0.005893  0.987335  0.127117  -0.094926  -0.129399  0.991424  -0.018260  0.091790  0.030312  0.995317  0.000629  -0.000399  0.000427  0.000000  0.000000  0.000000  2.000000  1.000000  0.000000  0.000000  0.000000  1.000000  0.000000  0.000000  0.000000  1.000000  0.999999  0.001217  -0.000439  -0.001217  0.999999  0.000113  0.000439  -0.000113  1.000000  1.000000  0.000000  0.000000  0.000000  1.000000  0.000000  0.000000  0.000000  1.000000  1.000000  0.000000  0.000000  0.000000  1.000000  0.000000  0.000000  0.000000  1.000000  0.000000  0.000000  
232.645068 0.008177  0.093147  -0.005892  0.987269  0.127521  -0.095065  -0.129804  0.991373  -0.018204  0.091924  0.030312  0.995305  0.000869  -0.000476  0.000446  0.000000  0.000000  0.000000  2.000000  1.000000  0.000000  0.000000  0.000000  1.000000  0.000000  0.000000  0.000000  1.000000  0.999999  0.001623  -0.000585  -0.001623  0.999999  0.000151  0.000585  -0.000150  1.000000  1.000000  0.000000  0.000000  0.000000  1.000000  0.000000  0.000000  0.000000  1.000000  1.000000  0.000000  0.000000  0.000000  1.000000  0.000000  0.000000  0.000000  1.000000  0.000000  0.000000  
232.646374 0.008181  0.093145  -0.005892  0.987204  0.127914  -0.095220  -0.130209  0.991318  -0.018268  0.092057  0.030432  0.995289  0.001086  -0.000583  0.000406  0.000000  0.000000  0.000000  2.000000  1.000000  0.000000  0.000000  0.000000  1.000000  0.000000  0.000000  0.000000  1.000000  0.999997  0.002234  -0.000737  -0.002234  0.999998  0.000087  0.000738  -0.000086  1.000000  1.000000  0.000000  0.000000  0.000000  1.000000  0.000000  0.000000  0.000000  1.000000  1.000000  0.000000  0.000000  0.000000  1.000000  0.000000  0.000000  0.000000  1.000000  0.000000  0.000000  
232.647572 0.008184  0.093143  -0.005892  0.987138  0.128318  -0.095360  -0.130614  0.991266  -0.018211  0.092190  0.030432  0.995276  0.001320  -0.000719  0.000380  0.000000  0.000000  0.000000  2.000000  1.000000  0.000000  0.000000  0.000000  1.000000  0.000000  0.000000  0.000000  1.000000  0.999996  0.002639  -0.000884  -0.002639  0.999997  0.000004  0.000884  -0.000002  1.000000  1.000000  0.000000  0.000000  0.000000  1.000000  0.000000  0.000000  0.000000  1.000000  1.000000  0.000000  0.000000  0.000000  1.000000  0.000000  0.000000  0.000000  1.000000  0.000000  0.000000  
232.648827 0.008186  0.093142  -0.005893  0.987059  0.128718  -0.095631  -0.131017  0.991214  -0.018137  0.092456  0.030431  0.995252  0.001471  -0.000859  0.000289  0.000000  0.000000  0.000000  2.000000  1.000000  0.000000  0.000000  0.000000  1.000000  0.000000  0.000000  0.000000  1.000000  0.999995  0.003045  -0.001030  -0.003045  0.999995  0.000043  0.001030  -0.000039  0.999999  1.000000  0.000000  0.000000  0.000000  1.000000  0.000000  0.000000  0.000000  1.000000  1.000000  0.000000  0.000000  0.000000  1.000000  0.000000  0.000000  0.000000  1.000000  0.000000  0.000000  
232.650070 0.008189  0.093140  -0.005893  0.986993  0.129122  -0.095771  -0.131422  0.991162  -0.018080  0.092590  0.030431  0.995239  0.001644  -0.000947  0.000208  0.000000  0.000000  0.000000  2.000000  1.000000  0.000000  0.000000  0.000000  1.000000  0.000000  0.000000  0.000000  1.000000  0.999993  0.003447  -0.001310  -0.003447  0.999994  0.000082  0.001310  -0.000077  0.999999  1.000000  0.000000  0.000000  0.000000  1.000000  0.000000  0.000000  0.000000  1.000000  1.000000  0.000000  0.000000  0.000000  1.000000  0.000000  0.000000  0.000000  1.000000  0.000000  0.000000  
232.651072 0.008191  0.093139  -0.005893  0.986927  0.129526  -0.095910  -0.131827  0.991109  -0.018023  0.092723  0.030430  0.995227  0.001804  -0.001031  0.000163  0.000000  0.000000  0.000000  2.000000  1.000000  0.000000  0.000000  0.000000  1.000000  0.000000  0.000000  0.000000  1.000000  0.999992  0.003852  -0.001456  -0.003852  0.999993  0.000120  0.001456  -0.000115  0.999999  1.000000  0.000000  0.000000  0.000000  1.000000  0.000000  0.000000  0.000000  1.000000  1.000000  0.000000  0.000000  0.000000  1.000000  0.000000  0.000000  0.000000  1.000000  0.000000  0.000000  
232.652321 0.008194  0.093137  -0.005894  0.986860  0.129930  -0.096049  -0.132231  0.991056  -0.017965  0.092856  0.030430  0.995214  0.001965  -0.001197  0.000083  0.000000  0.000000  0.000000  2.000000  1.000000  0.000000  0.000000  0.000000  1.000000  0.000000  0.000000  0.000000  1.000000  0.999990  0.004258  -0.001602  -0.004258  0.999991  0.000159  0.001602  -0.000152  0.999999  1.000000  0.000000  0.000000  0.000000  1.000000  0.000000  0.000000  0.000000  1.000000  1.000000  0.000000  0.000000  0.000000  1.000000  0.000000  0.000000  0.000000  1.000000  0.000000  0.000000  
232.653571 0.008196  0.093134  -0.005894  0.986781  0.130319  -0.096337  -0.132634  0.991001  -0.018011  0.093123  0.030550  0.995186  0.002049  -0.001333  0.000030  0.000000  0.000000  0.000000  2.000000  1.000000  0.000000  0.000000  0.000000  1.000000  0.000000  0.000000  0.000000  1.000000  0.999988  0.004664  -0.001748  -0.004664  0.999989  0.000077  0.001749  -0.000069  0.999998  1.000000  0.000000  0.000000  0.000000  1.000000  0.000000  0.000000  0.000000  1.000000  1.000000  0.000000  0.000000  0.000000  1.000000  0.000000  0.000000  0.000000  1.000000  0.000000  0.000000  
232.654824 0.008198  0.093131  -0.005894  0.986714  0.130723  -0.096476  -0.133039  0.990948  -0.017953  0.093256  0.030550  0.995173  0.002121  -0.001467  0.000013  0.007813  0.068162  0.170165  2.000000  1.000000  0.000063  -0.000025  -0.000063  1.000000  0.000001  0.000025  -0.000001  1.000000  0.999985  0.005065  -0.002028  -0.005065  0.999987  0.000116  0.002029  -0.000106  0.999998  1.000000  0.000063  -0.000025  -0.000063  1.000000  0.000001  0.000025  -0.000001  1.000000  1.000000  0.000063  -0.000025  -0.000063  1.000000  0.000001  0.000025  -0.000001  1.000000  0.000046  0.005458  
232.655849 0.008200  0.093130  -0.005893  0.986662  0.130918  -0.096744  -0.133239  0.990922  -0.017898  0.093522  0.030549  0.995148  0.002164  -0.001485  0.000055  0.008469  0.077297  0.176631  2.000000  1.000000  0.000321  -0.000134  -0.000321  1.000000  0.000007  0.000134  -0.000007  1.000000  0.999984  0.005262  -0.002302  -0.005262  0.999986  0.000137  0.002303  -0.000125  0.999997  1.000000  0.000066  -0.000029  -0.000066  1.000000  0.000002  0.000029  -0.000002  1.000000  1.000000  0.000321  -0.000134  -0.000321  1.000000  0.000007  0.000134  -0.000007  1.000000  0.000049  0.005745  
232.657070 0.008202  0.093126  -0.005891  0.986582  0.131307  -0.097031  -0.133642  0.990867  -0.017942  0.093789  0.030669  0.995120  0.002102  -0.001634  0.000161  0.001631  0.086779  0.190292  2.000000  1.000000  0.000595  -0.000254  -0.000595  1.000000  0.000014  0.000254  -0.000013  1.000000  0.999981  0.005667  -0.002449  -0.005667  0.999984  0.000055  0.002449  -0.000041  0.999997  1.000000  0.000071  -0.000031  -0.000071  1.000000  0.000001  0.000031  -0.000001  1.000000  1.000000  0.000595  -0.000254  -0.000595  1.000000  0.000014  0.000254  -0.000013  1.000000  0.000052  0.006174  
232.658320 0.008204  0.093121  -0.005889  0.986502  0.131706  -0.097302  -0.134044  0.990814  -0.017866  0.094055  0.030668  0.995095  0.002027  -0.001836  0.000222  0.002940  0.096200  0.203811  2.000000  0.999999  0.000956  -0.000419  -0.000956  1.000000  0.000020  0.000419  -0.000020  1.000000  0.999979  0.005864  -0.002722  -0.005864  0.999983  0.000197  0.002724  -0.000181  0.999996  1.000000  0.000073  -0.000034  -0.000073  1.000000  0.000002  0.000034  -0.000002  1.000000  0.999999  0.000956  -0.000419  -0.000956  1.000000  0.000020  0.000419  -0.000020  1.000000  0.000055  0.006468  
232.659567 0.008206  0.093117  -0.005887  0.986434  0.132110  -0.097441  -0.134449  0.990760  -0.017808  0.094188  0.030668  0.995082  0.001988  -0.002057  0.000360  0.004209  0.100433  0.215976  2.000000  0.999999  0.001338  -0.000601  -0.001338  0.999999  0.000034  0.000601  -0.000033  1.000000  0.999977  0.006061  -0.002996  -0.006060  0.999982  0.000218  0.002997  -0.000200  0.999995  1.000000  0.000076  -0.000037  -0.000076  1.000000  0.000003  0.000037  -0.000003  1.000000  0.999999  0.001338  -0.000601  -0.001338  0.999999  0.000034  0.000601  -0.000033  1.000000  0.000059  0.006764  
232.660817 0.008208  0.093112  -0.005885  0.986381  0.132294  -0.097725  -0.134649  0.990732  -0.017872  0.094455  0.030788  0.995053  0.001914  -0.002305  0.000446  0.000834  0.110344  0.224077  2.000000  0.999998  0.001721  -0.000794  -0.001721  0.999999  0.000042  0.000794  -0.000040  1.000000  0.999977  0.006056  -0.003131  -0.006056  0.999982  0.000099  0.003131  -0.000080  0.999995  1.000000  0.000076  -0.000039  -0.000076  1.000000  0.000001  0.000039  -0.000001  1.000000  0.999998  0.001721  -0.000794  -0.001721  0.999999  0.000042  0.000794  -0.000040  1.000000  0.000063  0.006818  
232.661842 0.008209  0.093107  -0.005883  0.986341  0.132482  -0.097876  -0.134850  0.990703  -0.017954  0.094588  0.030908  0.995037  0.001774  -0.002504  0.000575  -0.002582  0.114967  0.230623  2.000000  0.999998  0.001951  -0.000915  -0.001951  0.999998  0.000046  0.000915  -0.000044  1.000000  0.999976  0.006052  -0.003264  -0.006052  0.999982  0.000099  0.003265  -0.000080  0.999995  1.000000  0.000076  -0.000041  -0.000076  1.000000  0.000001  0.000041  -0.000001  1.000000  0.999998  0.001951  -0.000915  -0.001951  0.999998  0.000046  0.000915  -0.000044  1.000000  0.000065  0.006877  
232.662844 0.008210  0.093102  -0.005881  0.986288  0.132678  -0.098144  -0.135050  0.990677  -0.017898  0.094854  0.030907  0.995011  0.001665  -0.002716  0.000751  -0.001907  0.124138  0.237181  2.000000  0.999997  0.002180  -0.001039  -0.002180  0.999998  0.000045  0.001039  -0.000043  0.999999  0.999975  0.006257  -0.003271  -0.006257  0.999980  -0.000002  0.003271  0.000022  0.999995  1.000000  0.000078  -0.000041  -0.000078  1.000000  -0.000000  0.000041  0.000000  1.000000  0.999997  0.002180  -0.001039  -0.002180  0.999998  0.000045  0.001039  -0.000043  0.999999  0.000067  0.007060  
232.664067 0.008210  0.093096  -0.005879  0.986248  0.132866  -0.098296  -0.135251  0.990648  -0.017980  0.094987  0.031027  0.994995  0.001542  -0.003019  0.000936  -0.005324  0.128979  0.244151  2.000000  0.999996  0.002490  -0.001212  -0.002490  0.999997  0.000043  0.001213  -0.000040  0.999999  0.999974  0.006248  -0.003539  -0.006248  0.999980  -0.000121  0.003539  0.000143  0.999994  1.000000  0.000078  -0.000044  -0.000078  1.000000  -0.000002  0.000044  0.000002  1.000000  0.999996  0.002490  -0.001212  -0.002490  0.999997  0.000043  0.001213  -0.000040  0.999999  0.000070  0.007182  
232.665324 0.008211  0.093091  -0.005876  0.986195  0.133062  -0.098563  -0.135450  0.990622  -0.017924  0.095254  0.031027  0.994969  0.001455  -0.003302  0.001173  -0.004644  0.138154  0.250709  2.000000  0.999995  0.002878  -0.001437  -0.002878  0.999996  0.000035  0.001437  -0.000031  0.999999  0.999974  0.006248  -0.003539  -0.006248  0.999980  -0.000120  0.003539  0.000142  0.999994  1.000000  0.000078  -0.000044  -0.000078  1.000000  -0.000002  0.000044  0.000002  1.000000  0.999995  0.002878  -0.001437  -0.002878  0.999996  0.000035  0.001437  -0.000031  0.999999  0.000072  0.007182  
232.666567 0.008212  0.093085  -0.005874  0.986154  0.133250  -0.098715  -0.135652  0.990593  -0.018005  0.095387  0.031147  0.994953  0.001335  -0.003566  0.001303  -0.008061  0.142938  0.257558  2.000000  0.999993  0.003248  -0.001663  -0.003248  0.999995  0.000023  0.001663  -0.000017  0.999999  0.999976  0.005833  -0.003661  -0.005834  0.999983  -0.000279  0.003660  0.000301  0.999993  1.000000  0.000073  -0.000046  -0.000073  1.000000  -0.000004  0.000046  0.000004  1.000000  0.999993  0.003248  -0.001663  -0.003248  0.999995  0.000023  0.001663  -0.000017  0.999999  0.000074  0.006893  
232.667822 0.008212  0.093079  -0.005871  0.986141  0.133245  -0.098847  -0.135650  0.990594  -0.017987  0.095520  0.031146  0.994940  0.001198  -0.003836  0.001505  -0.003965  0.147440  0.257392  2.000000  0.999992  0.003597  -0.001888  -0.003597  0.999994  0.000008  0.001888  -0.000002  0.999998  0.999979  0.005423  -0.003649  -0.005424  0.999985  -0.000197  0.003648  0.000216  0.999993  1.000000  0.000068  -0.000046  -0.000068  1.000000  -0.000003  0.000046  0.000003  1.000000  0.999992  0.003597  -0.001888  -0.003597  0.999994  0.000008  0.001888  -0.000002  0.999998  0.000074  0.006540  
232.669070 0.008212  0.093074  -0.005868  0.986101  0.133433  -0.098998  -0.135851  0.990564  -0.018069  0.095653  0.031267  0.994924  0.000980  -0.003996  0.001770  -0.008600  0.150477  0.248276  2.000000  0.999990  0.003919  -0.002112  -0.003919  0.999992  -0.000011  0.002112  0.000020  0.999998  0.999981  0.005017  -0.003503  -0.005018  0.999987  -0.000357  0.003501  0.000374  0.999994  1.000000  0.000063  -0.000044  -0.000063  1.000000  -0.000005  0.000044  0.000005  1.000000  0.999990  0.003919  -0.002112  -0.003919  0.999992  -0.000011  0.002112  0.000020  0.999998  0.000074  0.006130  
232.670321 0.008212  0.093068  -0.005865  0.986088  0.133429  -0.099130  -0.135849  0.990565  -0.018051  0.095787  0.031266  0.994911  0.000856  -0.004161  0.001925  -0.009933  0.151292  0.236549  2.000000  0.999990  0.003981  -0.002156  -0.003981  0.999992  -0.000016  0.002155  0.000024  0.999998  0.999982  0.004812  -0.003497  -0.004814  0.999988  -0.000376  0.003495  0.000392  0.999994  1.000000  0.000000  0.000000  0.000000  1.000000  0.000000  0.000000  0.000000  1.000000  0.999990  0.003981  -0.002156  -0.003981  0.999992  -0.000016  0.002155  0.000024  0.999998  0.000072  0.000000  
232.671571 0.008212  0.093062  -0.005862  0.986047  0.133617  -0.099282  -0.136051  0.990536  -0.018132  0.095920  0.031387  0.994894  0.000727  -0.004364  0.001989  -0.013226  0.150348  0.241541  2.000000  0.999990  0.003981  -0.002156  -0.003981  0.999992  -0.000016  0.002155  0.000024  0.999998  0.999983  0.004607  -0.003491  -0.004609  0.999989  -0.000516  0.003488  0.000532  0.999994  1.000000  0.000000  0.000000  0.000000  1.000000  0.000000  0.000000  0.000000  1.000000  0.999990  0.003981  -0.002156  -0.003981  0.999992  -0.000016  0.002155  0.000024  0.999998  0.000072  0.000000  
232.672818 0.008211  0.093056  -0.005859  0.986035  0.133601  -0.099430  -0.136049  0.990534  -0.018234  0.096053  0.031507  0.994877  0.000558  -0.004488  0.002056  -0.017894  0.154567  0.234492  2.000000  0.999990  0.003981  -0.002156  -0.003981  0.999992  -0.000016  0.002155  0.000024  0.999998  0.999985  0.004197  -0.003478  -0.004199  0.999991  -0.000555  0.003476  0.000570  0.999994  1.000000  0.000000  0.000000  0.000000  1.000000  0.000000  0.000000  0.000000  1.000000  0.999990  0.003981  -0.002156  -0.003981  0.999992  -0.000016  0.002155  0.000024  0.999998  0.000072  0.000000  
232.673819 0.008211  0.093051  -0.005856  0.986035  0.133601  -0.099430  -0.136049  0.990534  -0.018234  0.096053  0.031507  0.994877  0.000420  -0.004582  0.002144  -0.019170  0.149703  0.220997  2.000000  0.999990  0.003981  -0.002156  -0.003981  0.999992  -0.000016  0.002155  0.000024  0.999998  0.999987  0.003791  -0.003332  -0.003793  0.999993  -0.000716  0.003329  0.000729  0.999994  1.000000  0.000000  0.000000  0.000000  1.000000  0.000000  0.000000  0.000000  1.000000  0.999990  0.003981  -0.002156  -0.003981  0.999992  -0.000016  0.002155  0.000024  0.999998  0.000069  0.000000  
232.674883 0.008211  0.093047  -0.005854  0.986022  0.133584  -0.099578  -0.136047  0.990533  -0.018336  0.096186  0.031627  0.994861  0.000317  -0.004607  0.002198  -0.024615  0.150142  0.208504  2.000000  0.999990  0.003981  -0.002156  -0.003981  0.999992  -0.000016  0.002155  0.000024  0.999998  0.999989  0.003385  -0.003186  -0.003387  0.999994  -0.000755  0.003183  0.000766  0.999995  1.000000  0.000000  0.000000  0.000000  1.000000  0.000000  0.000000  0.000000  1.000000  0.999990  0.003981  -0.002156  -0.003981  0.999992  -0.000016  0.002155  0.000024  0.999998  0.000067  0.000000  
232.676065 0.008212  0.093041  -0.005850  0.985994  0.133788  -0.099582  -0.136250  0.990505  -0.018316  0.096186  0.031627  0.994861  0.000207  -0.004651  0.002261  -0.021056  0.144582  0.200552  2.000000  0.999990  0.003981  -0.002156  -0.003981  0.999992  -0.000016  0.002155  0.000024  0.999998  0.999991  0.002980  -0.003039  -0.002982  0.999995  -0.000795  0.003037  0.000804  0.999995  1.000000  0.000000  0.000000  0.000000  1.000000  0.000000  0.000000  0.000000  1.000000  0.999990  0.003981  -0.002156  -0.003981  0.999992  -0.000016  0.002155  0.000024  0.999998  0.000063  0.000000  
232.677067 0.008212  0.093036  -0.005847  0.985981  0.133772  -0.099730  -0.136248  0.990503  -0.018418  0.096319  0.031747  0.994844  0.000190  -0.004692  0.002355  -0.025738  0.144492  0.193861  2.000000  0.999990  0.003981  -0.002156  -0.003981  0.999992  -0.000016  0.002155  0.000024  0.999998  0.999992  0.002988  -0.002772  -0.002990  0.999995  -0.000916  0.002769  0.000924  0.999996  1.000000  0.000000  0.000000  0.000000  1.000000  0.000000  0.000000  0.000000  1.000000  0.999990  0.003981  -0.002156  -0.003981  0.999992  -0.000016  0.002155  0.000024  0.999998  0.000061  0.000000  
232.678095 0.008212  0.093031  -0.005843  0.985981  0.133760  -0.099746  -0.136248  0.990501  -0.018538  0.096319  0.031868  0.994840  0.000149  -0.004660  0.002451  -0.031930  0.140345  0.174665  2.000000  0.999990  0.003981  -0.002156  -0.003981  0.999992  -0.000016  0.002155  0.000024  0.999998  0.999992  0.002783  -0.002766  -0.002785  0.999996  -0.000935  0.002763  0.000943  0.999996  1.000000  0.000000  0.000000  0.000000  1.000000  0.000000  0.000000  0.000000  1.000000  0.999990  0.003981  -0.002156  -0.003981  0.999992  -0.000016  0.002155  0.000024  0.999998  0.000058  0.000000  
232.679341 0.008213  0.093025  -0.005839  0.985981  0.133760  -0.099746  -0.136248  0.990501  -0.018538  0.096319  0.031868  0.994840  0.000113  -0.004682  0.002607  -0.032574  0.135653  0.167943  2.000000  0.999990  0.003981  -0.002156  -0.003981  0.999992  -0.000016  0.002155  0.000024  0.999998  0.999994  0.002377  -0.002619  -0.002379  0.999997  -0.000975  0.002617  0.000981  0.999996  1.000000  0.000000  0.000000  0.000000  1.000000  0.000000  0.000000  0.000000  1.000000  0.999990  0.003981  -0.002156  -0.003981  0.999992  -0.000016  0.002155  0.000024  0.999998  0.000055  0.000000  
232.680569 0.008214  0.093020  -0.005835  0.985981  0.133748  -0.099763  -0.136248  0.990499  -0.018658  0.096319  0.031989  0.994836  0.000150  -0.004675  0.002701  0.000000  0.000000  0.000000  2.000000  0.999990  0.003981  -0.002156  -0.003981  0.999992  -0.000016  0.002155  0.000024  0.999998  0.999995  0.001975  -0.002339  -0.001978  0.999997  -0.001136  0.002337  0.001141  0.999997  1.000000  0.000000  0.000000  0.000000  1.000000  0.000000  0.000000  0.000000  1.000000  0.999990  0.003981  -0.002156  -0.003981  0.999992  -0.000016  0.002155  0.000024  0.999998  0.000000  0.000000  
232.681577 0.008215  0.093015  -0.005832  0.985953  0.133940  -0.099783  -0.136451  0.990469  -0.018757  0.096319  0.032109  0.994832  0.000206  -0.004674  0.002779  0.000000  0.000000  0.000000  2.000000  0.999990  0.003981  -0.002156  -0.003981  0.999992  -0.000016  0.002155  0.000024  0.999998  0.999996  0.001984  -0.002072  -0.001986  0.999997  -0.001136  0.002070  0.001140  0.999997  1.000000  0.000000  0.000000  0.000000  1.000000  0.000000  0.000000  0.000000  1.000000  0.999990  0.003981  -0.002156  -0.003981  0.999992  -0.000016  0.002155  0.000024  0.999998  0.000000  0.000000  
232.682828 0.008216  0.093009  -0.005830  0.985953  0.133927  -0.099799  -0.136451  0.990467  -0.018878  0.096319  0.032230  0.994829  0.000303  -0.004648  0.002761  0.000000  0.000000  0.000000  2.000000  0.999990  0.003981  -0.002156  -0.003981  0.999992  -0.000016  0.002155  0.000024  0.999998  0.999997  0.001582  -0.001791  -0.001585  0.999998  -0.001297  0.001789  0.001300  0.999998  1.000000  0.000000  0.000000  0.000000  1.000000  0.000000  0.000000  0.000000  1.000000  0.999990  0.003981  -0.002156  -0.003981  0.999992  -0.000016  0.002155  0.000024  0.999998  0.000000  0.000000  
232.684071 0.008218  0.093003  -0.005827  0.985953  0.133915  -0.099815  -0.136451  0.990465  -0.018998  0.096319  0.032351  0.994825  0.000403  -0.004659  0.002734  0.000000  0.000000  0.000000  2.000000  0.999990  0.003981  -0.002156  -0.003981  0.999992  -0.000016  0.002155  0.000024  0.999998  0.999998  0.001386  -0.001517  -0.001388  0.999998  -0.001195  0.001516  0.001198  0.999998  1.000000  0.000000  0.000000  0.000000  1.000000  0.000000  0.000000  0.000000  1.000000  0.999990  0.003981  -0.002156  -0.003981  0.999992  -0.000016  0.002155  0.000024  0.999998  0.000000  0.000000  
232.685321 0.008220  0.092998  -0.005825  0.985953  0.133915  -0.099815  -0.136451  0.990465  -0.018998  0.096319  0.032351  0.994825  0.000521  -0.004659  0.002634  0.000000  0.000000  0.000000  2.000000  0.999990  0.003981  -0.002156  -0.003981  0.999992  -0.000016  0.002155  0.000024  0.999998  0.999998  0.001186  -0.001377  -0.001187  0.999999  -0.001215  0.001376  0.001217  0.999998  1.000000  0.000000  0.000000  0.000000  1.000000  0.000000  0.000000  0.000000  1.000000  0.999990  0.003981  -0.002156  -0.003981  0.999992  -0.000016  0.002155  0.000024  0.999998  0.000000  0.000000  
232.686572 0.008222  0.092993  -0.005824  0.985966  0.133908  -0.099700  -0.136453  0.990462  -0.019136  0.096186  0.032472  0.994834  0.000671  -0.004621  0.002543  0.000000  0.000000  0.000000  2.000000  0.999990  0.003981  -0.002156  -0.003981  0.999992  -0.000016  0.002155  0.000024  0.999998  0.999999  0.000994  -0.000969  -0.000995  0.999999  -0.001357  0.000968  0.001358  0.999999  1.000000  0.000000  0.000000  0.000000  1.000000  0.000000  0.000000  0.000000  1.000000  0.999990  0.003981  -0.002156  -0.003981  0.999992  -0.000016  0.002155  0.000024  0.999998  0.000000  0.000000  
232.687579 0.008223  0.092989  -0.005823  0.985966  0.133908  -0.099700  -0.136453  0.990462  -0.019136  0.096186  0.032472  0.994834  0.000817  -0.004550  0.002465  0.000000  0.000000  0.000000  2.000000  0.999990  0.003981  -0.002156  -0.003981  0.999992  -0.000016  0.002155  0.000024  0.999998  0.999999  0.000793  -0.000829  -0.000794  0.999999  -0.001255  0.000828  0.001256  0.999999  1.000000  0.000000  0.000000  0.000000  1.000000  0.000000  0.000000  0.000000  1.000000  0.999990  0.003981  -0.002156  -0.003981  0.999992  -0.000016  0.002155  0.000024  0.999998  0.000000  0.000000  
232.688669 0.008225  0.092985  -0.005822  0.985966  0.133895  -0.099716  -0.136453  0.990459  -0.019256  0.096186  0.032593  0.994830  0.000923  -0.004436  0.002296  0.000000  0.000000  0.000000  2.000000  0.999990  0.003981  -0.002156  -0.003981  0.999992  -0.000016  0.002155  0.000024  0.999998  0.999999  0.000797  -0.000695  -0.000798  0.999999  -0.001376  0.000694  0.001377  0.999999  1.000000  0.000000  0.000000  0.000000  1.000000  0.000000  0.000000  0.000000  1.000000  0.999990  0.003981  -0.002156  -0.003981  0.999992  -0.000016  0.002155  0.000024  0.999998  0.000000  0.000000  
232.689820 0.008227  0.092981  -0.005822  0.985966  0.133895  -0.099716  -0.136453  0.990459  -0.019256  0.096186  0.032593  0.994830  0.001067  -0.004404  0.002127  0.000000  0.000000  0.000000  2.000000  0.999990  0.003981  -0.002156  -0.003981  0.999992  -0.000016  0.002155  0.000024  0.999998  1.000000  0.000802  -0.000562  -0.000802  0.999999  -0.001255  0.000561  0.001256  0.999999  1.000000  0.000000  0.000000  0.000000  1.000000  0.000000  0.000000  0.000000  1.000000  0.999990  0.003981  -0.002156  -0.003981  0.999992  -0.000016  0.002155  0.000024  0.999998  0.000000  0.000000  
232.690826 0.008229  0.092977  -0.005821  0.985979  0.133888  -0.099600  -0.136455  0.990456  -0.019395  0.096053  0.032714  0.994839  0.001217  -0.004294  0.001962  0.000000  0.000000  0.000000  2.000000  0.999990  0.003981  -0.002156  -0.003981  0.999992  -0.000016  0.002155  0.000024  0.999998  1.000000  0.000606  -0.000288  -0.000606  0.999999  -0.001396  0.000287  0.001396  0.999999  1.000000  0.000000  0.000000  0.000000  1.000000  0.000000  0.000000  0.000000  1.000000  0.999990  0.003981  -0.002156  -0.003981  0.999992  -0.000016  0.002155  0.000024  0.999998  0.000000  0.000000  
232.692068 0.008233  0.092974  -0.005820  0.985979  0.133888  -0.099600  -0.136455  0.990456  -0.019395  0.096053  0.032714  0.994839  0.001424  -0.004146  0.001736  0.000000  0.000000  0.000000  2.000000  0.999990  0.003981  -0.002156  -0.003981  0.999992  -0.000016  0.002155  0.000024  0.999998  1.000000  0.000610  -0.000154  -0.000610  0.999999  -0.001275  0.000153  0.001275  0.999999  1.000000  0.000000  0.000000  0.000000  1.000000  0.000000  0.000000  0.000000  1.000000  0.999990  0.003981  -0.002156  -0.003981  0.999992  -0.000016  0.002155  0.000024  0.999998  0.000000  0.000000  
232.693317 0.008235  0.092969  -0.005819  0.985979  0.133876  -0.099616  -0.136455  0.990454  -0.019515  0.096053  0.032834  0.994835  0.001539  -0.004034  0.001533  0.000000  0.000000  0.000000  2.000000  0.999990  0.003981  -0.002156  -0.003981  0.999992  -0.000016  0.002155  0.000024  0.999998  1.000000  0.000405  -0.000147  -0.000405  0.999999  -0.001416  0.000147  0.001416  0.999999  1.000000  0.000000  0.000000  0.000000  1.000000  0.000000  0.000000  0.000000  1.000000  0.999990  0.003981  -0.002156  -0.003981  0.999992  -0.000016  0.002155  0.000024  0.999998  0.000000  0.000000  
232.694568 0.008238  0.092966  -0.005818  0.985979  0.133876  -0.099616  -0.136455  0.990454  -0.019515  0.096053  0.032834  0.994835  0.001687  -0.003884  0.001317  0.000000  0.000000  0.000000  2.000000  0.999990  0.003981  -0.002156  -0.003981  0.999992  -0.000016  0.002155  0.000024  0.999998  1.000000  0.000410  -0.000014  -0.000410  0.999999  -0.001295  0.000013  0.001295  0.999999  1.000000  0.000000  0.000000  0.000000  1.000000  0.000000  0.000000  0.000000  1.000000  0.999990  0.003981  -0.002156  -0.003981  0.999992  -0.000016  0.002155  0.000024  0.999998  0.000000  0.000000  
232.695568 0.008241  0.092963  -0.005818  0.985979  0.133864  -0.099633  -0.136455  0.990452  -0.019635  0.096053  0.032955  0.994831  0.001797  -0.003798  0.001164  0.000000  0.000000  0.000000  2.000000  0.999990  0.003981  -0.002156  -0.003981  0.999992  -0.000016  0.002155  0.000024  0.999998  1.000000  0.000414  0.000120  -0.000414  0.999999  -0.001295  -0.000121  0.001295  0.999999  1.000000  0.000000  0.000000  0.000000  1.000000  0.000000  0.000000  0.000000  1.000000  0.999990  0.003981  -0.002156  -0.003981  0.999992  -0.000016  0.002155  0.000024  0.999998  0.000000  0.000000  
232.696827 0.008244  0.092958  -0.005818  0.985979  0.133864  -0.099633  -0.136455  0.990452  -0.019635  0.096053  0.032955  0.994831  0.001902  -0.003668  0.000956  0.000000  0.000000  0.000000  2.000000  0.999990  0.003981  -0.002156  -0.003981  0.999992  -0.000016  0.002155  0.000024  0.999998  1.000000  0.000414  0.000120  -0.000414  0.999999  -0.001295  -0.000121  0.001295  0.999999  1.000000  0.000000  0.000000  0.000000  1.000000  0.000000  0.000000  0.000000  1.000000  0.999990  0.003981  -0.002156  -0.003981  0.999992  -0.000016  0.002155  0.000024  0.999998  0.000000  0.000000  
232.698072 0.008247  0.092955  -0.005817  0.985979  0.133851  -0.099649  -0.136455  0.990449  -0.019755  0.096053  0.033076  0.994827  0.002054  -0.003517  0.000759  0.000000  0.000000  0.000000  2.000000  0.999990  0.003981  -0.002156  -0.003981  0.999992  -0.000016  0.002155  0.000024  0.999998  1.000000  0.000209  0.000127  -0.000209  0.999999  -0.001314  -0.000127  0.001314  0.999999  1.000000  0.000000  0.000000  0.000000  1.000000  0.000000  0.000000  0.000000  1.000000  0.999990  0.003981  -0.002156  -0.003981  0.999992  -0.000016  0.002155  0.000024  0.999998  0.000000  0.000000  
232.699315 0.008250  0.092951  -0.005816  0.985979  0.133851  -0.099649  -0.136455  0.990449  -0.019755  0.096053  0.033076  0.994827  0.002131  -0.003400  0.000665  0.000000  0.000000  0.000000  2.000000  0.999990  0.003981  -0.002156  -0.003981  0.999992  -0.000016  0.002155  0.000024  0.999998  1.000000  0.000214  0.000261  -0.000213  0.999999  -0.001193  -0.000261  0.001193  0.999999  1.000000  0.000000  0.000000  0.000000  1.000000  0.000000  0.000000  0.000000  1.000000  0.999990  0.003981  -0.002156  -0.003981  0.999992  -0.000016  0.002155  0.000024  0.999998  0.000000  0.000000  
232.700324 0.008253  0.092949  -0.005816  0.985979  0.133851  -0.099649  -0.136455  0.990449  -0.019755  0.096053  0.033076  0.994827  0.002192  -0.003273  0.000604  0.000000  0.000000  0.000000  2.000000  0.999990  0.003981  -0.002156  -0.003981  0.999992  -0.000016  0.002155  0.000024  0.999998  1.000000  0.000214  0.000261  -0.000213  0.999999  -0.001072  -0.000261  0.001072  0.999999  1.000000  0.000000  0.000000  0.000000  1.000000  0.000000  0.000000  0.000000  1.000000  0.999990  0.003981  -0.002156  -0.003981  0.999992  -0.000016  0.002155  0.000024  0.999998  0.000000  0.000000  
232.701572 0.008256  0.092945  -0.005816  0.985979  0.133839  -0.099665  -0.136455  0.990447  -0.019875  0.096053  0.033196  0.994823  0.002276  -0.003178  0.000519  0.000000  0.000000  0.000000  2.000000  0.999990  0.003981  -0.002156  -0.003981  0.999992  -0.000016  0.002155  0.000024  0.999998  1.000000  0.000214  0.000261  -0.000213  0.999999  -0.001072  -0.000261  0.001072  0.999999  1.000000  0.000000  0.000000  0.000000  1.000000  0.000000  0.000000  0.000000  1.000000  0.999990  0.003981  -0.002156  -0.003981  0.999992  -0.000016  0.002155  0.000024  0.999998  0.000000  0.000000  
232.702816 0.008259  0.092942  -0.005816  0.985979  0.133839  -0.099665  -0.136455  0.990447  -0.019875  0.096053  0.033196  0.994823  0.002336  -0.003104  0.000494  0.000000  0.000000  0.000000  2.000000  0.999990  0.003981  -0.002156  -0.003981  0.999992  -0.000016  0.002155  0.000024  0.999998  1.000000  0.000009  0.000267  -0.000009  0.999999  -0.001092  -0.000267  0.001092  0.999999  1.000000  0.000000  0.000000  0.000000  1.000000  0.000000  0.000000  0.000000  1.000000  0.999990  0.003981  -0.002156  -0.003981  0.999992  -0.000016  0.002155  0.000024  0.999998  0.000000  0.000000  
232.703816 0.008261  0.092940  -0.005816  0.985966  0.133835  -0.099797  -0.136453  0.990447  -0.019857  0.096186  0.033196  0.994810  0.002380  -0.002986  0.000389  0.000000  0.000000  0.000000  2.000000  0.999990  0.003981  -0.002156  -0.003981  0.999992  -0.000016  0.002155  0.000024  0.999998  1.000000  0.000004  0.000134  -0.000004  1.000000  -0.000970  -0.000134  0.000970  1.000000  1.000000  0.000000  0.000000  0.000000  1.000000  0.000000  0.000000  0.000000  1.000000  0.999990  0.003981  -0.002156  -0.003981  0.999992  -0.000016  0.002155  0.000024  0.999998  0.000000  0.000000  
232.704817 0.008263  0.092937  -0.005816  0.985966  0.133835  -0.099797  -0.136453  0.990447  -0.019857  0.096186  0.033196  0.994810  0.002392  -0.002936  0.000379  0.000000  0.000000  0.000000  2.000000  0.999990  0.003981  -0.002156  -0.003981  0.999992  -0.000016  0.002155  0.000024  0.999998  1.000000  0.000004  0.000134  -0.000004  1.000000  -0.000849  -0.000134  0.000849  1.000000  1.000000  0.000000  0.000000  0.000000  1.000000  0.000000  0.000000  0.000000  1.000000  0.999990  0.003981  -0.002156  -0.003981  0.999992  -0.000016  0.002155  0.000024  0.999998  0.000000  0.000000  
232.706068 0.008266  0.092934  -0.005817  0.985966  0.133835  -0.099797  -0.136453  0.990447  -0.019857  0.096186  0.033196  0.994810  0.002366  -0.002846  0.000219  0.000000  0.000000  0.000000  2.000000  0.999990  0.003981  -0.002156  -0.003981  0.999992  -0.000016  0.002155  0.000024  0.999998  1.000000  0.000004  0.000134  -0.000004  1.000000  -0.000849  -0.000134  0.000849  1.000000  1.000000  0.000000  0.000000  0.000000  1.000000  0.000000  0.000000  0.000000  1.000000  0.999990  0.003981  -0.002156  -0.003981  0.999992  -0.000016  0.002155  0.000024  0.999998  0.000000  0.000000  
232.707317 0.008268  0.092930  -0.005818  0.985966  0.133835  -0.099797  -0.136453  0.990447  -0.019857  0.096186  0.033196  0.994810  0.002322  -0.002804  0.000130  0.000000  0.000000  0.000000  2.000000  0.999990  0.003981  -0.002156  -0.003981  0.999992  -0.000016  0.002155  0.000024  0.999998  1.000000  -0.000000  -0.000000  0.000000  1.000000  -0.000728  0.000000  0.000728  1.000000  1.000000  0.000000  0.000000  0.000000  1.000000  0.000000  0.000000  0.000000  1.000000  0.999990  0.003981  -0.002156  -0.003981  0.999992  -0.000016  0.002155  0.000024  0.999998  0.000000  0.000000  
232.708378 0.008269  0.092928  -0.005818  0.985966  0.133835  -0.099797  -0.136453  0.990447  -0.019857  0.096186  0.033196  0.994810  0.002228  -0.002753  0.000009  0.000000  0.000000  0.000000  2.000000  0.999990  0.003981  -0.002156  -0.003981  0.999992  -0.000016  0.002155  0.000024  0.999998  1.000000  -0.000000  -0.000000  0.000000  1.000000  -0.000728  0.000000  0.000728  1.000000  1.000000  0.000000  0.000000  0.000000  1.000000  0.000000  0.000000  0.000000  1.000000  0.999990  0.003981  -0.002156  -0.003981  0.999992  -0.000016  0.002155  0.000024  0.999998  0.000000  0.000000  
232.709565 0.008271  0.092925  -0.005819  0.985966  0.133835  -0.099797  -0.136453  0.990447  -0.019857  0.096186  0.033196  0.994810  0.002175  -0.002726  -0.000057  0.000000  0.000000  0.000000  2.000000  0.999990  0.003981  -0.002156  -0.003981  0.999992  -0.000016  0.002155  0.000024  0.999998  1.000000  -0.000000  0.000000  -0.000000  1.000000  -0.000606  -0.000000  0.000606  1.000000  1.000000  0.000000  0.000000  0.000000  1.000000  0.000000  0.000000  0.000000  1.000000  0.999990  0.003981  -0.002156  -0.003981  0.999992  -0.000016  0.002155  0.000024  0.999998  0.000000  0.000000  
232.710625 0.008273  0.092923  -0.005820  0.985966  0.133835  -0.099797  -0.136453  0.990447  -0.019857  0.096186  0.033196  0.994810  0.002106  -0.002636  -0.000108  0.000000  0.000000  0.000000  2.000000  0.999990  0.003981  -0.002156  -0.003981  0.999992  -0.000016  0.002155  0.000024  0.999998  1.000000  -0.000000  0.000000  -0.000000  1.000000  -0.000606  -0.000000  0.000606  1.000000  1.000000  0.000000  0.000000  0.000000  1.000000  0.000000  0.000000  0.000000  1.000000  0.999990  0.003981  -0.002156  -0.003981  0.999992  -0.000016  0.002155  0.000024  0.999998  0.000000  0.000000  
232.711648 0.008274  0.092921  -0.005819  0.985966  0.133847  -0.099781  -0.136453  0.990450  -0.019737  0.096186  0.033075  0.994814  0.002055  -0.002529  -0.000116  0.000000  0.000000  0.000000  2.000000  0.999990  0.003981  -0.002156  -0.003981  0.999992  -0.000016  0.002155  0.000024  0.999998  1.000000  -0.000004  -0.000134  0.000004  1.000000  -0.000364  0.000134  0.000364  1.000000  1.000000  0.000000  0.000000  0.000000  1.000000  0.000000  0.000000  0.000000  1.000000  0.999990  0.003981  -0.002156  -0.003981  0.999992  -0.000016  0.002155  0.000024  0.999998  0.000000  0.000000  
232.712817 0.008276  0.092918  -0.005819  0.985966  0.133847  -0.099781  -0.136453  0.990450  -0.019737  0.096186  0.033075  0.994814  0.001948  -0.002527  -0.000132  0.000000  0.000000  0.000000  2.000000  0.999990  0.003981  -0.002156  -0.003981  0.999992  -0.000016  0.002155  0.000024  0.999998  1.000000  -0.000004  -0.000134  0.000004  1.000000  -0.000364  0.000134  0.000364  1.000000  1.000000  0.000000  0.000000  0.000000  1.000000  0.000000  0.000000  0.000000  1.000000  0.999990  0.003981  -0.002156  -0.003981  0.999992  -0.000016  0.002155  0.000024  0.999998  0.000000  0.000000  
