1-Time 2-Px 3-Py 4-Pz 5-R11 6-R21 7-R31 8-R12 9-R22 10-R32 11-R13 12-R23 13-R33 14-Vx 15-Vy 16-Vz 17-Wx 18-Wy 19-Wz 20-state 21-PR11 22-PR21 23-PR31 24-PR12 25-PR22 26-PR32 27-PR13 28-PR23 29-PR33 
105.014389 0.001320  0.088710  -0.010978  0.996745  0.078614  -0.017893  -0.078755  0.996867  -0.007347  0.017259  0.008732  0.999813  0.001188  0.001194  0.001306  -0.139334  -0.138251  0.173857  2.000000  1.000000  0.000000  0.000000  -0.000000  1.000000  0.000000  0.000000  -0.000000  1.000000  0.999988  0.003733  0.003179  -0.003723  0.999988  -0.003211  -0.003191  0.003199  0.999990  1.000000  0.000000  0.000000  0.000000  1.000000  0.000000  0.000000  0.000000  1.000000  0.634472  0.641002  -0.431928  -0.626544  0.753750  0.198252  0.452646  0.144836  0.879849  0.000065  0.000000  
105.015393 0.001321  0.088711  -0.010977  0.996731  0.078816  -0.017780  -0.078961  0.996849  -0.007595  0.017125  0.008975  0.999813  0.001231  0.001215  0.001290  -0.143399  -0.142693  0.173886  2.000000  1.000000  0.000000  0.000000  0.000000  1.000000  0.000000  0.000000  0.000000  1.000000  0.999988  0.003735  0.003312  -0.003724  0.999988  -0.003333  -0.003324  0.003320  0.999989  1.000000  0.000000  0.000000  0.000000  1.000000  0.000000  0.000000  0.000000  1.000000  1.000000  0.000000  0.000000  0.000000  1.000000  0.000000  0.000000  0.000000  1.000000  0.000067  0.000000  
105.016641 0.001322  0.088709  -0.010980  0.996684  0.079426  -0.017680  -0.079576  0.996797  -0.007958  0.016992  0.009338  0.999812  0.001160  0.000947  0.000967  -0.151320  -0.142563  0.187767  2.000000  1.000000  0.000000  0.000000  0.000000  1.000000  0.000000  0.000000  0.000000  1.000000  0.999987  0.003940  0.003175  -0.003929  0.999986  -0.003451  -0.003189  0.003439  0.999989  1.000000  0.000000  0.000000  0.000000  1.000000  0.000000  0.000000  0.000000  1.000000  1.000000  0.000000  0.000000  0.000000  1.000000  0.000000  0.000000  0.000000  1.000000  0.000068  0.000000  
105.017641 0.001321  0.088706  -0.010984  0.996623  0.080247  -0.017430  -0.080397  0.996730  -0.008086  0.016724  0.009460  0.999815  0.001043  0.000701  0.000606  -0.150948  -0.151381  0.208595  2.000000  1.000000  0.000000  0.000000  0.000000  1.000000  0.000000  0.000000  0.000000  1.000000  0.999985  0.004558  0.003168  -0.004547  0.999983  -0.003562  -0.003185  0.003548  0.999989  1.000000  0.000000  0.000000  0.000000  1.000000  0.000000  0.000000  0.000000  1.000000  1.000000  0.000000  0.000000  0.000000  1.000000  0.000000  0.000000  0.000000  1.000000  0.000075  0.000000  
105.018891 0.001322  0.088703  -0.010988  0.996577  0.080859  -0.017198  -0.081013  0.996677  -0.008459  0.016456  0.009824  0.999816  0.000965  0.000401  0.000193  -0.158751  -0.155673  0.229416  2.000000  1.000000  0.000000  0.000000  0.000000  1.000000  0.000000  0.000000  0.000000  1.000000  0.999982  0.004973  0.003431  -0.004961  0.999981  -0.003679  -0.003449  0.003662  0.999987  1.000000  0.000000  0.000000  0.000000  1.000000  0.000000  0.000000  0.000000  1.000000  1.000000  0.000000  0.000000  0.000000  1.000000  0.000000  0.000000  0.000000  1.000000  0.000079  0.000000  
105.019892 0.001322  0.088701  -0.010991  0.996548  0.081270  -0.016944  -0.081424  0.996642  -0.008595  0.016189  0.009945  0.999819  0.000925  0.000158  -0.000111  -0.161436  -0.158816  0.234477  2.000000  1.000000  -0.000022  0.000312  0.000022  1.000000  -0.000185  -0.000312  0.000185  1.000000  0.999980  0.005181  0.003561  -0.005168  0.999980  -0.003677  -0.003580  0.003658  0.999987  1.000000  -0.000006  0.000078  0.000006  1.000000  -0.000046  -0.000078  0.000046  1.000000  1.000000  -0.000022  0.000312  0.000022  1.000000  -0.000185  -0.000312  0.000185  1.000000  0.000081  0.007279  
105.021142 0.001323  0.088698  -0.010995  0.996502  0.081882  -0.016713  -0.082040  0.996589  -0.008969  0.015921  0.010309  0.999820  0.000879  -0.000118  -0.000505  -0.170739  -0.164484  0.250359  2.000000  1.000000  -0.000045  0.000719  0.000045  1.000000  -0.000420  -0.000719  0.000420  1.000000  0.999978  0.005594  0.003556  -0.005580  0.999977  -0.003792  -0.003577  0.003772  0.999986  1.000000  -0.000004  0.000083  0.000004  1.000000  -0.000047  -0.000083  0.000047  1.000000  1.000000  -0.000045  0.000719  0.000045  1.000000  -0.000420  -0.000719  0.000420  1.000000  0.000084  0.007632  
105.022143 0.001324  0.088697  -0.010998  0.996451  0.082494  -0.016738  -0.082655  0.996536  -0.009200  0.015921  0.010551  0.999818  0.000863  -0.000312  -0.000800  -0.172987  -0.162912  0.268896  2.000000  1.000000  -0.000050  0.000979  0.000051  1.000000  -0.000566  -0.000979  0.000566  0.999999  0.999976  0.006006  0.003550  -0.005993  0.999974  -0.003908  -0.003574  0.003886  0.999986  1.000000  -0.000001  0.000087  0.000001  1.000000  -0.000049  -0.000087  0.000049  1.000000  1.000000  -0.000050  0.000979  0.000051  1.000000  -0.000566  -0.000979  0.000566  0.999999  0.000089  0.007992  
105.023149 0.001325  0.088695  -0.011002  0.996383  0.083310  -0.016766  -0.083476  0.996465  -0.009428  0.015921  0.010794  0.999815  0.000815  -0.000532  -0.001113  -0.178080  -0.154986  0.291714  2.000000  0.999999  -0.000038  0.001345  0.000039  1.000000  -0.000768  -0.001345  0.000768  0.999999  0.999972  0.006624  0.003408  -0.006610  0.999970  -0.004140  -0.003435  0.004118  0.999986  1.000000  0.000004  0.000093  -0.000004  1.000000  -0.000052  -0.000093  0.000052  1.000000  0.999999  -0.000038  0.001345  0.000039  1.000000  -0.000768  -0.001345  0.000768  0.999999  0.000093  0.008517  
105.024167 0.001325  0.088693  -0.011006  0.996316  0.084126  -0.016671  -0.084296  0.996393  -0.009788  0.015788  0.011158  0.999813  0.000771  -0.000730  -0.001469  -0.185739  -0.159124  0.312312  2.000000  0.999998  -0.000006  0.001739  0.000008  1.000000  -0.000973  -0.001739  0.000973  0.999998  0.999966  0.007448  0.003397  -0.007434  0.999964  -0.004128  -0.003428  0.004103  0.999986  1.000000  0.000010  0.000102  -0.000010  1.000000  -0.000051  -0.000102  0.000051  1.000000  0.999998  -0.000006  0.001739  0.000008  1.000000  -0.000973  -0.001739  0.000973  0.999998  0.000098  0.009162  
105.025392 0.001326  0.088689  -0.011013  0.996230  0.085147  -0.016579  -0.085322  0.996302  -0.010145  0.015654  0.011522  0.999811  0.000674  -0.001071  -0.002074  -0.193623  -0.154459  0.340262  2.000000  0.999998  0.000051  0.002162  -0.000049  0.999999  -0.001187  -0.002162  0.001187  0.999997  0.999961  0.008269  0.003118  -0.008256  0.999956  -0.004358  -0.003154  0.004332  0.999986  1.000000  0.000018  0.000109  -0.000018  1.000000  -0.000054  -0.000109  0.000054  1.000000  0.999998  0.000051  0.002162  -0.000049  0.999999  -0.001187  -0.002162  0.001187  0.999997  0.000103  0.009848  
105.026646 0.001326  0.088686  -0.011022  0.996144  0.086168  -0.016487  -0.086348  0.996210  -0.010502  0.015520  0.011885  0.999809  0.000592  -0.001394  -0.002755  -0.201304  -0.154116  0.367927  2.000000  0.999996  0.000148  0.002730  -0.000144  0.999999  -0.001464  -0.002730  0.001464  0.999995  0.999956  0.008888  0.003106  -0.008874  0.999950  -0.004592  -0.003147  0.004564  0.999985  1.000000  0.000022  0.000116  -0.000022  1.000000  -0.000057  -0.000116  0.000057  1.000000  0.999996  0.000148  0.002730  -0.000144  0.999999  -0.001464  -0.002730  0.001464  0.999995  0.000110  0.010469  
105.027890 0.001327  0.088684  -0.011030  0.996057  0.087187  -0.016407  -0.087373  0.996115  -0.010980  0.015386  0.012371  0.999805  0.000612  -0.001665  -0.003372  -0.209087  -0.153783  0.395787  2.000000  0.999994  0.000275  0.003337  -0.000269  0.999998  -0.001758  -0.003337  0.001757  0.999993  0.999950  0.009506  0.002961  -0.009491  0.999943  -0.004826  -0.003006  0.004797  0.999984  1.000000  0.000027  0.000121  -0.000027  1.000000  -0.000060  -0.000121  0.000060  1.000000  0.999994  0.000275  0.003337  -0.000269  0.999998  -0.001758  -0.003337  0.001757  0.999993  0.000116  0.011058  
105.028891 0.001328  0.088681  -0.011036  0.995987  0.088001  -0.016326  -0.088194  0.996037  -0.011462  0.015252  0.012856  0.999801  0.000555  -0.001928  -0.003910  -0.220961  -0.153436  0.416506  2.000000  0.999992  0.000398  0.003853  -0.000390  0.999998  -0.002002  -0.003854  0.002001  0.999991  0.999942  0.010330  0.002947  -0.010315  0.999934  -0.005057  -0.002999  0.005026  0.999983  1.000000  0.000032  0.000130  -0.000032  1.000000  -0.000063  -0.000130  0.000063  1.000000  0.999992  0.000398  0.003853  -0.000390  0.999998  -0.002002  -0.003854  0.002001  0.999991  0.000122  0.011867  
105.029897 0.001328  0.088677  -0.011043  0.995897  0.089020  -0.016248  -0.089219  0.995940  -0.011940  0.015119  0.013341  0.999797  0.000457  -0.002268  -0.004512  -0.232721  -0.153013  0.444145  2.000000  0.999991  0.000506  0.004265  -0.000497  0.999997  -0.002197  -0.004266  0.002195  0.999988  0.999931  0.011360  0.002928  -0.011345  0.999922  -0.005285  -0.002988  0.005251  0.999982  1.000000  0.000039  0.000141  -0.000039  1.000000  -0.000066  -0.000141  0.000066  1.000000  0.999991  0.000506  0.004265  -0.000497  0.999997  -0.002197  -0.004266  0.002195  0.999988  0.000129  0.012861  
105.031141 0.001328  0.088671  -0.011054  0.995786  0.090243  -0.016306  -0.090449  0.995824  -0.012403  0.015119  0.013826  0.999790  0.000414  -0.002570  -0.005072  -0.244415  -0.148059  0.478805  2.000000  0.999987  0.000717  0.004996  -0.000704  0.999997  -0.002542  -0.004998  0.002538  0.999984  0.999922  0.012183  0.002778  -0.012168  0.999910  -0.005638  -0.002846  0.005603  0.999980  1.000000  0.000046  0.000149  -0.000046  1.000000  -0.000070  -0.000149  0.000070  1.000000  0.999987  0.000717  0.004996  -0.000704  0.999997  -0.002542  -0.004998  0.002538  0.999984  0.000136  0.013702  
105.032142 0.001328  0.088667  -0.011063  0.995713  0.091057  -0.016227  -0.091269  0.995743  -0.012885  0.014985  0.014311  0.999785  0.000458  -0.002724  -0.005457  -0.254293  -0.146513  0.495594  2.000000  0.999984  0.000916  0.005614  -0.000900  0.999996  -0.002829  -0.005617  0.002824  0.999980  0.999912  0.013008  0.002761  -0.012992  0.999898  -0.005869  -0.002837  0.005833  0.999979  1.000000  0.000051  0.000158  -0.000051  1.000000  -0.000073  -0.000158  0.000073  1.000000  0.999984  0.000916  0.005614  -0.000900  0.999996  -0.002829  -0.005617  0.002824  0.999980  0.000143  0.014528  
105.033145 0.001328  0.088662  -0.011071  0.995638  0.091869  -0.016282  -0.092089  0.995661  -0.013355  0.014985  0.014796  0.999778  0.000465  -0.002868  -0.005740  -0.264203  -0.138297  0.520293  2.000000  0.999980  0.001137  0.006256  -0.001117  0.999994  -0.003130  -0.006259  0.003123  0.999976  0.999904  0.013623  0.002478  -0.013607  0.999889  -0.006102  -0.002561  0.006068  0.999978  1.000000  0.000058  0.000163  -0.000058  1.000000  -0.000076  -0.000163  0.000076  1.000000  0.999980  0.001137  0.006256  -0.001117  0.999994  -0.003130  -0.006259  0.003123  0.999976  0.000148  0.015125  
105.034151 0.001329  0.088658  -0.011079  0.995564  0.092685  -0.016194  -0.092909  0.995580  -0.013716  0.014851  0.015160  0.999775  0.000487  -0.003029  -0.006028  -0.272081  -0.137948  0.541098  2.000000  0.999975  0.001379  0.006920  -0.001356  0.999993  -0.003439  -0.006925  0.003430  0.999970  0.999896  0.014241  0.002464  -0.014226  0.999879  -0.006216  -0.002552  0.006181  0.999978  1.000000  0.000062  0.000170  -0.000062  1.000000  -0.000077  -0.000170  0.000077  1.000000  0.999975  0.001379  0.006920  -0.001356  0.999993  -0.003439  -0.006925  0.003430  0.999970  0.000153  0.015726  
105.035392 0.001330  0.088651  -0.011088  0.995470  0.093702  -0.016132  -0.093934  0.995475  -0.014316  0.014717  0.015766  0.999767  0.000510  -0.003304  -0.006345  -0.283905  -0.137397  0.568806  2.000000  0.999968  0.001715  0.007788  -0.001685  0.999991  -0.003843  -0.007794  0.003829  0.999962  0.999884  0.015064  0.002308  -0.015048  0.999865  -0.006570  -0.002407  0.006534  0.999976  1.000000  0.000069  0.000178  -0.000069  1.000000  -0.000082  -0.000178  0.000082  1.000000  0.999968  0.001715  0.007788  -0.001685  0.999991  -0.003843  -0.007794  0.003829  0.999962  0.000161  0.016589  
105.036642 0.001333  0.088643  -0.011098  0.995374  0.094721  -0.016059  -0.094959  0.995371  -0.014795  0.014584  0.016251  0.999762  0.000623  -0.003605  -0.006746  -0.291777  -0.132399  0.596610  2.000000  0.999960  0.002077  0.008693  -0.002040  0.999989  -0.004266  -0.008702  0.004248  0.999953  0.999875  0.015680  0.002157  -0.015665  0.999854  -0.006805  -0.002264  0.006770  0.999975  1.000000  0.000074  0.000183  -0.000074  1.000000  -0.000085  -0.000183  0.000085  1.000000  0.999960  0.002077  0.008693  -0.002040  0.999989  -0.004266  -0.008702  0.004248  0.999953  0.000167  0.017223  
105.037892 0.001336  0.088636  -0.011111  0.995280  0.095740  -0.015866  -0.095984  0.995264  -0.015408  0.014316  0.016858  0.999755  0.000742  -0.003995  -0.007348  -0.303720  -0.131812  0.624359  2.000000  0.999953  0.002382  0.009441  -0.002338  0.999987  -0.004617  -0.009452  0.004595  0.999945  0.999868  0.016093  0.002141  -0.016077  0.999845  -0.007165  -0.002256  0.007130  0.999972  1.000000  0.000077  0.000188  -0.000077  1.000000  -0.000089  -0.000188  0.000089  1.000000  0.999953  0.002382  0.009441  -0.002338  0.999987  -0.004617  -0.009452  0.004595  0.999945  0.000175  0.017739  
105.038946 0.001338  0.088628  -0.011122  0.995202  0.096554  -0.015793  -0.096804  0.995177  -0.015890  0.014182  0.017343  0.999749  0.000855  -0.004355  -0.007825  -0.310988  -0.131058  0.643856  2.000000  0.999944  0.002691  0.010195  -0.002640  0.999984  -0.004986  -0.010208  0.004958  0.999936  0.999865  0.016300  0.002130  -0.016284  0.999840  -0.007407  -0.002250  0.007371  0.999970  1.000000  0.000078  0.000190  -0.000078  1.000000  -0.000092  -0.000190  0.000092  1.000000  0.999944  0.002691  0.010195  -0.002640  0.999984  -0.004986  -0.010208  0.004958  0.999936  0.000180  0.018024  
105.040144 0.001341  0.088620  -0.011136  0.995104  0.097571  -0.015735  -0.097828  0.995067  -0.016491  0.014048  0.017949  0.999740  0.000999  -0.004680  -0.008285  -0.327477  -0.126183  0.672553  2.000000  0.999935  0.003016  0.010964  -0.002957  0.999981  -0.005371  -0.010980  0.005338  0.999925  0.999858  0.016713  0.002113  -0.016696  0.999830  -0.007769  -0.002242  0.007732  0.999968  1.000000  0.000081  0.000194  -0.000081  1.000000  -0.000097  -0.000194  0.000097  1.000000  0.999935  0.003016  0.010964  -0.002957  0.999981  -0.005371  -0.010980  0.005338  0.999925  0.000188  0.018544  
105.041401 0.001344  0.088611  -0.011151  0.995027  0.098386  -0.015542  -0.098648  0.994975  -0.017107  0.013781  0.018556  0.999733  0.001223  -0.005108  -0.008754  -0.335586  -0.125670  0.686444  2.000000  0.999923  0.003441  0.011944  -0.003371  0.999977  -0.005873  -0.011964  0.005833  0.999911  0.999851  0.017123  0.001961  -0.017107  0.999821  -0.008129  -0.002100  0.008094  0.999965  1.000000  0.000085  0.000198  -0.000085  1.000000  -0.000101  -0.000198  0.000101  1.000000  0.999923  0.003441  0.011944  -0.003371  0.999977  -0.005873  -0.011964  0.005833  0.999911  0.000194  0.019050  
105.042646 0.001348  0.088602  -0.011164  0.994947  0.099196  -0.015495  -0.099468  0.994881  -0.017832  0.013647  0.019283  0.999721  0.001395  -0.005560  -0.009140  -0.351674  -0.125056  0.707296  2.000000  0.999909  0.003877  0.012935  -0.003794  0.999972  -0.006398  -0.012960  0.006348  0.999896  0.999851  0.017125  0.001949  -0.017108  0.999818  -0.008497  -0.002094  0.008463  0.999962  1.000000  0.000085  0.000198  -0.000085  1.000000  -0.000106  -0.000198  0.000106  1.000000  0.999909  0.003877  0.012935  -0.003794  0.999972  -0.006398  -0.012960  0.006348  0.999896  0.000198  0.019210  
105.043896 0.001351  0.088592  -0.011178  0.994867  0.100009  -0.015437  -0.100287  0.994788  -0.018436  0.013513  0.019890  0.999711  0.001601  -0.006032  -0.009524  -0.363735  -0.119968  0.728064  2.000000  0.999894  0.004307  0.013924  -0.004210  0.999967  -0.006942  -0.013954  0.006883  0.999879  0.999851  0.017129  0.002072  -0.017110  0.999815  -0.008742  -0.002221  0.008705  0.999960  1.000000  0.000084  0.000199  -0.000084  1.000000  -0.000109  -0.000199  0.000109  1.000000  0.999894  0.004307  0.013924  -0.004210  0.999967  -0.006942  -0.013954  0.006883  0.999879  0.000205  0.019335  
105.045146 0.001355  0.088583  -0.011189  0.994787  0.100822  -0.015260  -0.101107  0.994691  -0.019174  0.013246  0.020617  0.999700  0.001771  -0.006202  -0.009557  -0.380012  -0.119338  0.749062  2.000000  0.999881  0.004644  0.014713  -0.004536  0.999962  -0.007400  -0.014747  0.007333  0.999864  0.999854  0.016927  0.002198  -0.016906  0.999814  -0.009235  -0.002353  0.009196  0.999955  1.000000  0.000081  0.000197  -0.000081  1.000000  -0.000115  -0.000197  0.000115  1.000000  0.999881  0.004644  0.014713  -0.004536  0.999962  -0.007400  -0.014747  0.007333  0.999864  0.000211  0.019399  
105.046146 0.001357  0.088576  -0.011198  0.994728  0.101433  -0.015067  -0.101721  0.994616  -0.019795  0.012978  0.021224  0.999691  0.001927  -0.006371  -0.009569  -0.392258  -0.123401  0.756043  2.000000  0.999868  0.004967  0.015491  -0.004845  0.999957  -0.007873  -0.015530  0.007796  0.999849  0.999861  0.016520  0.002330  -0.016497  0.999819  -0.009485  -0.002486  0.009445  0.999952  1.000000  0.000077  0.000194  -0.000077  1.000000  -0.000118  -0.000194  0.000118  1.000000  0.999868  0.004967  0.015491  -0.004845  0.999957  -0.007873  -0.015530  0.007796  0.999849  0.000213  0.019182  
105.047147 0.001360  0.088569  -0.011207  0.994690  0.101839  -0.014871  -0.102131  0.994561  -0.020420  0.012711  0.021830  0.999681  0.002138  -0.006524  -0.009570  -0.404844  -0.127793  0.742336  2.000000  0.999854  0.005275  0.016256  -0.005139  0.999952  -0.008358  -0.016300  0.008273  0.999833  0.999867  0.016113  0.002462  -0.016088  0.999823  -0.009737  -0.002619  0.009696  0.999950  1.000000  0.000073  0.000190  -0.000073  1.000000  -0.000121  -0.000190  0.000121  1.000000  0.999854  0.005275  0.016256  -0.005139  0.999952  -0.008358  -0.016300  0.008273  0.999833  0.000214  0.018977  
105.048472 0.001363  0.088561  -0.011217  0.994610  0.102654  -0.014576  -0.102951  0.994459  -0.021293  0.012309  0.022679  0.999667  0.002350  -0.006647  -0.009559  -0.424321  -0.126946  0.747387  2.000000  0.999836  0.005637  0.017203  -0.005483  0.999945  -0.008984  -0.017253  0.008888  0.999812  0.999870  0.015915  0.002721  -0.015887  0.999823  -0.010110  -0.002881  0.010066  0.999945  1.000000  0.000069  0.000190  -0.000069  1.000000  -0.000126  -0.000190  0.000126  1.000000  0.999836  0.005637  0.017203  -0.005483  0.999945  -0.008984  -0.017253  0.008888  0.999812  0.000216  0.019039  
105.049644 0.001366  0.088552  -0.011228  0.994551  0.103266  -0.014277  -0.103566  0.994376  -0.022170  0.011908  0.023528  0.999652  0.002450  -0.006870  -0.009784  -0.446090  -0.131373  0.749535  2.000000  0.999821  0.005915  0.017966  -0.005745  0.999938  -0.009506  -0.018021  0.009401  0.999793  0.999869  0.015923  0.002976  -0.015891  0.999819  -0.010480  -0.003143  0.010432  0.999941  1.000000  0.000066  0.000191  -0.000066  1.000000  -0.000131  -0.000191  0.000131  1.000000  0.999821  0.005915  0.017966  -0.005745  0.999938  -0.009506  -0.018021  0.009401  0.999793  0.000219  0.019281  
105.050893 0.001368  0.088543  -0.011239  0.994469  0.104079  -0.014118  -0.104385  0.994270  -0.023030  0.011640  0.024377  0.999635  0.002442  -0.007023  -0.009857  -0.462529  -0.130806  0.756581  2.000000  0.999802  0.006239  0.018897  -0.006048  0.999930  -0.010173  -0.018959  0.010057  0.999770  0.999881  0.015106  0.003116  -0.015072  0.999830  -0.010618  -0.003276  0.010569  0.999939  1.000000  0.000060  0.000183  -0.000060  1.000000  -0.000132  -0.000183  0.000132  1.000000  0.999802  0.006239  0.018897  -0.006048  0.999930  -0.010173  -0.018959  0.010057  0.999770  0.000224  0.018713  
105.052142 0.001370  0.088533  -0.011252  0.994409  0.104691  -0.013822  -0.105000  0.994185  -0.023908  0.011239  0.025226  0.999619  0.002416  -0.007107  -0.009939  -0.479062  -0.142690  0.750624  2.000000  0.999783  0.006536  0.019803  -0.006322  0.999921  -0.010860  -0.019873  0.010732  0.999745  0.999889  0.014498  0.003385  -0.014460  0.999834  -0.011114  -0.003545  0.011064  0.999933  1.000000  0.000053  0.000178  -0.000053  1.000000  -0.000139  -0.000178  0.000139  1.000000  0.999783  0.006536  0.019803  -0.006322  0.999921  -0.010860  -0.019873  0.010732  0.999745  0.000225  0.018565  
105.053392 0.001372  0.088525  -0.011266  0.994347  0.105300  -0.013660  -0.105614  0.994099  -0.024772  0.010971  0.026074  0.999600  0.002344  -0.007177  -0.009954  -0.495580  -0.146952  0.737091  2.000000  0.999767  0.006753  0.020514  -0.006519  0.999913  -0.011431  -0.020590  0.011294  0.999724  0.999892  0.014299  0.003511  -0.014258  0.999832  -0.011484  -0.003675  0.011433  0.999928  1.000000  0.000050  0.000177  -0.000050  1.000000  -0.000143  -0.000177  0.000143  1.000000  0.999767  0.006753  0.020514  -0.006519  0.999913  -0.011431  -0.020590  0.011294  0.999724  0.000225  0.018658  
105.054393 0.001374  0.088518  -0.011275  0.994305  0.105703  -0.013614  -0.106024  0.994037  -0.025504  0.010837  0.026802  0.999582  0.002317  -0.007146  -0.009873  -0.512993  -0.152879  0.723671  2.000000  0.999751  0.006956  0.021218  -0.006703  0.999905  -0.012015  -0.021300  0.011869  0.999703  0.999893  0.014103  0.003774  -0.014058  0.999832  -0.011733  -0.003939  0.011678  0.999924  1.000000  0.000046  0.000177  -0.000046  1.000000  -0.000146  -0.000177  0.000146  1.000000  0.999751  0.006956  0.021218  -0.006703  0.999905  -0.012015  -0.021300  0.011869  0.999703  0.000226  0.018713  
105.055642 0.001376  0.088509  -0.011287  0.994220  0.106517  -0.013460  -0.106843  0.993926  -0.026365  0.010570  0.027651  0.999562  0.002233  -0.007094  -0.009661  -0.528429  -0.155479  0.716895  2.000000  0.999730  0.007191  0.022083  -0.006910  0.999895  -0.012766  -0.022172  0.012610  0.999675  0.999899  0.013698  0.003907  -0.013650  0.999834  -0.012105  -0.004072  0.012050  0.999919  1.000000  0.000042  0.000173  -0.000042  1.000000  -0.000151  -0.000173  0.000151  1.000000  0.999730  0.007191  0.022083  -0.006910  0.999895  -0.012766  -0.022172  0.012610  0.999675  0.000225  0.018676  
105.056651 0.001377  0.088503  -0.011296  0.994178  0.106924  -0.013283  -0.107252  0.993862  -0.027111  0.010302  0.028378  0.999544  0.002123  -0.007049  -0.009413  -0.541256  -0.161210  0.702115  2.000000  0.999714  0.007367  0.022765  -0.007063  0.999886  -0.013378  -0.022861  0.013213  0.999651  0.999901  0.013499  0.004038  -0.013448  0.999835  -0.012232  -0.004202  0.012176  0.999917  1.000000  0.000040  0.000172  -0.000040  1.000000  -0.000153  -0.000172  0.000153  1.000000  0.999714  0.007367  0.022765  -0.007063  0.999886  -0.013378  -0.022861  0.013213  0.999651  0.000226  0.018641  
105.057895 0.001378  0.088494  -0.011307  0.994094  0.107743  -0.012998  -0.108071  0.993749  -0.027988  0.009901  0.029227  0.999524  0.001949  -0.007054  -0.009261  -0.553903  -0.169921  0.695676  2.000000  0.999693  0.007568  0.023605  -0.007235  0.999874  -0.014161  -0.023709  0.013986  0.999621  0.999905  0.013098  0.004306  -0.013043  0.999835  -0.012605  -0.004470  0.012548  0.999911  1.000000  0.000034  0.000169  -0.000034  1.000000  -0.000157  -0.000169  0.000157  1.000000  0.999693  0.007568  0.023605  -0.007235  0.999874  -0.014161  -0.023709  0.013986  0.999621  0.000227  0.018663  
105.059148 0.001378  0.088484  -0.011320  0.994031  0.108357  -0.012708  -0.108686  0.993657  -0.028867  0.009500  0.030076  0.999502  0.001693  -0.007132  -0.009320  -0.562428  -0.178710  0.682176  2.000000  0.999672  0.007746  0.024420  -0.007382  0.999861  -0.014959  -0.024533  0.014774  0.999590  0.999913  0.012485  0.004312  -0.012429  0.999840  -0.012857  -0.004471  0.012803  0.999908  1.000000  0.000030  0.000162  -0.000030  1.000000  -0.000160  -0.000162  0.000160  1.000000  0.999672  0.007746  0.024420  -0.007382  0.999861  -0.014959  -0.024533  0.014774  0.999590  0.000225  0.018415  
105.060396 0.001377  0.088473  -0.011333  0.993967  0.108973  -0.012420  -0.109300  0.993564  -0.029747  0.009098  0.030925  0.999480  0.001462  -0.007182  -0.009436  -0.574962  -0.187668  0.661592  2.000000  0.999651  0.007899  0.025222  -0.007502  0.999847  -0.015770  -0.025343  0.015576  0.999557  0.999916  0.012090  0.004715  -0.012028  0.999843  -0.012989  -0.004871  0.012931  0.999905  1.000000  0.000023  0.000161  -0.000023  1.000000  -0.000162  -0.000161  0.000162  1.000000  0.999651  0.007899  0.025222  -0.007502  0.999847  -0.015770  -0.025343  0.015576  0.999557  0.000225  0.018341  
105.061645 0.001375  0.088463  -0.011348  0.993880  0.109793  -0.012139  -0.110119  0.993447  -0.030624  0.008697  0.031773  0.999457  0.001163  -0.007330  -0.009704  -0.582640  -0.199242  0.649797  2.000000  0.999634  0.008007  0.025857  -0.007583  0.999836  -0.016434  -0.025985  0.016232  0.999531  0.999915  0.012098  0.004838  -0.012033  0.999838  -0.013358  -0.004999  0.013298  0.999899  1.000000  0.000022  0.000161  -0.000022  1.000000  -0.000167  -0.000161  0.000167  1.000000  0.999634  0.008007  0.025857  -0.007583  0.999836  -0.016434  -0.025985  0.016232  0.999531  0.000224  0.018640  
105.062896 0.001374  0.088452  -0.011363  0.993793  0.110614  -0.011859  -0.110938  0.993328  -0.031502  0.008295  0.032622  0.999433  0.000725  -0.007478  -0.010062  -0.591901  -0.209703  0.641743  2.000000  0.999612  0.008130  0.026657  -0.007671  0.999821  -0.017279  -0.026793  0.017068  0.999495  0.999916  0.011905  0.005102  -0.011835  0.999837  -0.013607  -0.005263  0.013545  0.999894  1.000000  0.000018  0.000161  -0.000018  1.000000  -0.000170  -0.000161  0.000170  1.000000  0.999612  0.008130  0.026657  -0.007671  0.999821  -0.017279  -0.026793  0.017068  0.999495  0.000225  0.018765  
105.064145 0.001371  0.088442  -0.011380  0.993727  0.111229  -0.011588  -0.111552  0.993227  -0.032503  0.007894  0.033592  0.999404  0.000383  -0.007623  -0.010470  -0.607585  -0.216671  0.630054  2.000000  0.999589  0.008241  0.027456  -0.007745  0.999806  -0.018134  -0.027600  0.017914  0.999459  0.999918  0.011708  0.005232  -0.011636  0.999838  -0.013733  -0.005392  0.013671  0.999892  1.000000  0.000015  0.000160  -0.000015  1.000000  -0.000171  -0.000160  0.000171  1.000000  0.999589  0.008241  0.027456  -0.007745  0.999806  -0.018134  -0.027600  0.017914  0.999459  0.000225  0.018768  
105.065145 0.001370  0.088434  -0.011393  0.993683  0.111638  -0.011417  -0.111961  0.993156  -0.033251  0.007626  0.034319  0.999382  0.000154  -0.007664  -0.010766  -0.616932  -0.223014  0.614656  2.000000  0.999571  0.008317  0.028089  -0.007789  0.999792  -0.018832  -0.028239  0.018605  0.999428  0.999919  0.011512  0.005363  -0.011437  0.999839  -0.013860  -0.005522  0.013798  0.999890  1.000000  0.000013  0.000158  -0.000013  1.000000  -0.000173  -0.000158  0.000173  1.000000  0.999571  0.008317  0.028089  -0.007789  0.999792  -0.018832  -0.028239  0.018605  0.999428  0.000226  0.018777  
105.066150 0.001367  0.088426  -0.011407  0.993616  0.112251  -0.011267  -0.112575  0.993057  -0.034117  0.007359  0.035168  0.999354  -0.000107  -0.007672  -0.010998  -0.633322  -0.227273  0.607881  2.000000  0.999553  0.008383  0.028710  -0.007823  0.999779  -0.019532  -0.028867  0.019299  0.999397  0.999921  0.011315  0.005496  -0.011237  0.999839  -0.013986  -0.005653  0.013923  0.999887  1.000000  0.000010  0.000157  -0.000010  1.000000  -0.000174  -0.000157  0.000174  1.000000  0.999553  0.008383  0.028710  -0.007823  0.999779  -0.019532  -0.028867  0.019299  0.999397  0.000225  0.018788  
105.067393 0.001364  0.088416  -0.011424  0.993549  0.112869  -0.010985  -0.113189  0.992957  -0.034999  0.006957  0.036017  0.999327  -0.000451  -0.007712  -0.011254  -0.640647  -0.234161  0.596571  2.000000  0.999529  0.008462  0.029488  -0.007861  0.999761  -0.020423  -0.029653  0.020181  0.999356  0.999921  0.011320  0.005485  -0.011241  0.999836  -0.014233  -0.005645  0.014171  0.999884  1.000000  0.000010  0.000157  -0.000010  1.000000  -0.000178  -0.000157  0.000178  1.000000  0.999529  0.008462  0.029488  -0.007861  0.999761  -0.020423  -0.029653  0.020181  0.999356  0.000227  0.018973  
105.068642 0.001361  0.088408  -0.011440  0.993482  0.113487  -0.010718  -0.113803  0.992851  -0.036001  0.006556  0.036986  0.999294  -0.000761  -0.007697  -0.011413  -0.655728  -0.241093  0.582156  2.000000  0.999505  0.008547  0.030272  -0.007903  0.999741  -0.021323  -0.030447  0.021073  0.999314  0.999919  0.011531  0.005466  -0.011451  0.999830  -0.014479  -0.005632  0.014415  0.999880  1.000000  0.000012  0.000159  -0.000012  1.000000  -0.000181  -0.000159  0.000181  1.000000  0.999505  0.008547  0.030272  -0.007903  0.999741  -0.021323  -0.030447  0.021073  0.999314  0.000228  0.019277  
105.069892 0.001359  0.088399  -0.011455  0.993390  0.114309  -0.010460  -0.114621  0.992720  -0.037002  0.006155  0.037956  0.999260  -0.001057  -0.007709  -0.011673  -0.665643  -0.247234  0.576885  2.000000  0.999486  0.008613  0.030895  -0.007933  0.999725  -0.022052  -0.031077  0.021795  0.999279  0.999921  0.011331  0.005463  -0.011250  0.999830  -0.014606  -0.005627  0.014543  0.999878  1.000000  0.000011  0.000157  -0.000011  1.000000  -0.000182  -0.000157  0.000182  1.000000  0.999486  0.008613  0.030895  -0.007933  0.999725  -0.022052  -0.031077  0.021795  0.999279  0.000229  0.019253  
105.070892 0.001356  0.088393  -0.011468  0.993345  0.114719  -0.010307  -0.115031  0.992640  -0.037871  0.005887  0.038805  0.999229  -0.001309  -0.007696  -0.011945  -0.677790  -0.251443  0.570174  2.000000  0.999466  0.008678  0.031516  -0.007961  0.999709  -0.022785  -0.031705  0.022522  0.999243  0.999921  0.011335  0.005454  -0.011254  0.999830  -0.014609  -0.005619  0.014546  0.999878  1.000000  0.000011  0.000157  -0.000011  1.000000  -0.000182  -0.000157  0.000182  1.000000  0.999466  0.008678  0.031516  -0.007961  0.999709  -0.022785  -0.031705  0.022522  0.999243  0.000231  0.019256  
105.072138 0.001354  0.088385  -0.011485  0.993276  0.115338  -0.010044  -0.115644  0.992530  -0.038874  0.005486  0.039774  0.999194  -0.001591  -0.007649  -0.012340  -0.690384  -0.260204  0.563977  2.000000  0.999440  0.008753  0.032285  -0.007989  0.999687  -0.023715  -0.032483  0.023443  0.999197  0.999922  0.011140  0.005584  -0.011056  0.999828  -0.014857  -0.005748  0.014794  0.999874  1.000000  0.000008  0.000156  -0.000008  1.000000  -0.000185  -0.000156  0.000185  1.000000  0.999440  0.008753  0.032285  -0.007989  0.999687  -0.023715  -0.032483  0.023443  0.999197  0.000231  0.019368  
105.073147 0.001351  0.088377  -0.011500  0.993229  0.115749  -0.009893  -0.116053  0.992447  -0.039744  0.005218  0.040623  0.999161  -0.001808  -0.007651  -0.012725  -0.700288  -0.262448  0.547913  2.000000  0.999420  0.008815  0.032900  -0.008012  0.999669  -0.024461  -0.033105  0.024183  0.999159  0.999923  0.011139  0.005442  -0.011058  0.999830  -0.014737  -0.005605  0.014676  0.999877  1.000000  0.000010  0.000155  -0.000010  1.000000  -0.000184  -0.000155  0.000184  1.000000  0.999420  0.008815  0.032900  -0.008012  0.999669  -0.024461  -0.033105  0.024183  0.999159  0.000232  0.019236  
105.074153 0.001348  0.088370  -0.011516  0.993159  0.116364  -0.009751  -0.116667  0.992340  -0.040611  0.004951  0.041471  0.999127  -0.002044  -0.007594  -0.013164  -0.708469  -0.266514  0.548181  2.000000  0.999399  0.008875  0.033507  -0.008032  0.999650  -0.025206  -0.033719  0.024921  0.999121  0.999925  0.010938  0.005441  -0.010856  0.999831  -0.014863  -0.005603  0.014802  0.999875  1.000000  0.000008  0.000152  -0.000008  1.000000  -0.000185  -0.000152  0.000185  1.000000  0.999399  0.008875  0.033507  -0.008032  0.999650  -0.025206  -0.033719  0.024921  0.999121  0.000234  0.019217  
105.075397 0.001344  0.088360  -0.011536  0.993088  0.116978  -0.009638  -0.117281  0.992222  -0.041720  0.004683  0.042562  0.999083  -0.002236  -0.007535  -0.013620  -0.720887  -0.266032  0.548458  2.000000  0.999372  0.008953  0.034274  -0.008059  0.999626  -0.026151  -0.034495  0.025858  0.999070  0.999923  0.011150  0.005420  -0.011067  0.999825  -0.015107  -0.005588  0.015046  0.999871  1.000000  0.000010  0.000155  -0.000010  1.000000  -0.000188  -0.000155  0.000188  1.000000  0.999372  0.008953  0.034274  -0.008059  0.999626  -0.026151  -0.034495  0.025858  0.999070  0.000236  0.019520  
105.076646 0.001340  0.088350  -0.011558  0.993016  0.117593  -0.009513  -0.117894  0.992107  -0.042708  0.004415  0.043531  0.999042  -0.002400  -0.007499  -0.014017  -0.727203  -0.263405  0.544135  2.000000  0.999345  0.009033  0.035040  -0.008085  0.999600  -0.027110  -0.035271  0.026809  0.999018  0.999922  0.011161  0.005542  -0.011075  0.999821  -0.015354  -0.005712  0.015291  0.999867  1.000000  0.000009  0.000156  -0.000009  1.000000  -0.000192  -0.000156  0.000192  1.000000  0.999345  0.009033  0.035040  -0.008085  0.999600  -0.027110  -0.035271  0.026809  0.999018  0.000239  0.019751  
105.077895 0.001336  0.088341  -0.011578  0.992945  0.118207  -0.009403  -0.118507  0.991986  -0.043817  0.004148  0.044622  0.998995  -0.002471  -0.007413  -0.014304  -0.737568  -0.260768  0.541870  2.000000  0.999323  0.009098  0.035653  -0.008105  0.999578  -0.027893  -0.035891  0.027585  0.998975  0.999922  0.011167  0.005531  -0.011079  0.999815  -0.015721  -0.005706  0.015658  0.999861  1.000000  0.000009  0.000156  -0.000009  1.000000  -0.000196  -0.000156  0.000196  1.000000  0.999323  0.009098  0.035653  -0.008105  0.999578  -0.027893  -0.035891  0.027585  0.998975  0.000239  0.020037  
105.079145 0.001334  0.088332  -0.011598  0.992872  0.118821  -0.009294  -0.119121  0.991863  -0.044926  0.003880  0.045713  0.998947  -0.002513  -0.007298  -0.014587  -0.749977  -0.256000  0.534999  2.000000  0.999295  0.009184  0.036416  -0.008134  0.999550  -0.028885  -0.036665  0.028569  0.998919  0.999923  0.011167  0.005385  -0.011080  0.999813  -0.015845  -0.005561  0.015784  0.999860  1.000000  0.000010  0.000155  -0.000010  1.000000  -0.000198  -0.000155  0.000198  1.000000  0.999295  0.009184  0.036416  -0.008134  0.999550  -0.028885  -0.036665  0.028569  0.998919  0.000239  0.020096  
105.080395 0.001332  0.088323  -0.011619  0.992800  0.119442  -0.009054  -0.119734  0.991737  -0.046051  0.003479  0.046803  0.998898  -0.002470  -0.007218  -0.014835  -0.758356  -0.255486  0.535260  2.000000  0.999266  0.009276  0.037172  -0.008166  0.999520  -0.029894  -0.037431  0.029568  0.998862  0.999924  0.011167  0.005239  -0.011081  0.999809  -0.016090  -0.005418  0.016031  0.999857  1.000000  0.000012  0.000154  -0.000012  1.000000  -0.000201  -0.000154  0.000201  1.000000  0.999266  0.009276  0.037172  -0.008166  0.999520  -0.029894  -0.037431  0.029568  0.998862  0.000240  0.020252  
105.081642 0.001330  0.088315  -0.011640  0.992702  0.120261  -0.008958  -0.120552  0.991586  -0.047158  0.003211  0.047894  0.998847  -0.002390  -0.007145  -0.015133  -0.762600  -0.254707  0.542493  2.000000  0.999237  0.009371  0.037914  -0.008201  0.999489  -0.030911  -0.038184  0.030576  0.998803  0.999930  0.010748  0.004979  -0.010666  0.999812  -0.016216  -0.005153  0.016161  0.999856  1.000000  0.000012  0.000148  -0.000012  1.000000  -0.000202  -0.000148  0.000202  1.000000  0.999237  0.009371  0.037914  -0.008201  0.999489  -0.030911  -0.038184  0.030576  0.998803  0.000241  0.020061  
105.082892 0.001328  0.088306  -0.011663  0.992628  0.120878  -0.008839  -0.121165  0.991464  -0.048147  0.002944  0.048863  0.998801  -0.002346  -0.007111  -0.015576  -0.764995  -0.252301  0.538556  2.000000  0.999208  0.009472  0.038640  -0.008240  0.999456  -0.031934  -0.038922  0.031591  0.998743  0.999930  0.010754  0.004968  -0.010671  0.999808  -0.016462  -0.005144  0.016408  0.999852  1.000000  0.000012  0.000148  -0.000012  1.000000  -0.000205  -0.000148  0.000205  1.000000  0.999208  0.009472  0.038640  -0.008240  0.999456  -0.031934  -0.038922  0.031591  0.998743  0.000243  0.020261  
105.084142 0.001327  0.088298  -0.011687  0.992554  0.121494  -0.008736  -0.121778  0.991334  -0.049256  0.002676  0.049953  0.998748  -0.002242  -0.007107  -0.016088  -0.772939  -0.251684  0.538601  2.000000  0.999179  0.009580  0.039358  -0.008283  0.999422  -0.032967  -0.039651  0.032614  0.998681  0.999933  0.010540  0.004700  -0.010460  0.999808  -0.016586  -0.004874  0.016535  0.999851  1.000000  0.000014  0.000144  -0.000014  1.000000  -0.000207  -0.000144  0.000207  1.000000  0.999179  0.009580  0.039358  -0.008283  0.999422  -0.032967  -0.039651  0.032614  0.998681  0.000243  0.020186  
105.085392 0.001326  0.088290  -0.011710  0.992479  0.122104  -0.008752  -0.122391  0.991210  -0.050229  0.002542  0.050923  0.998699  -0.002116  -0.007101  -0.016582  -0.779361  -0.248976  0.536124  2.000000  0.999156  0.009672  0.039934  -0.008323  0.999394  -0.033807  -0.040236  0.033446  0.998630  0.999931  0.010750  0.004678  -0.010670  0.999801  -0.016830  -0.004858  0.016779  0.999847  1.000000  0.000015  0.000146  -0.000015  1.000000  -0.000210  -0.000146  0.000210  1.000000  0.999156  0.009672  0.039934  -0.008323  0.999394  -0.033807  -0.040236  0.033446  0.998630  0.000245  0.020492  
105.086393 0.001326  0.088283  -0.011730  0.992429  0.122519  -0.008612  -0.122800  0.991115  -0.051100  0.002275  0.051771  0.998656  -0.002008  -0.007065  -0.016996  -0.785345  -0.246613  0.531964  2.000000  0.999131  0.009773  0.040507  -0.008371  0.999364  -0.034652  -0.040820  0.034283  0.998578  0.999930  0.010953  0.004525  -0.010875  0.999797  -0.016952  -0.004710  0.016902  0.999846  1.000000  0.000018  0.000147  -0.000018  1.000000  -0.000212  -0.000147  0.000212  1.000000  0.999131  0.009773  0.040507  -0.008371  0.999364  -0.034652  -0.040820  0.034283  0.998578  0.000246  0.020665  
105.087395 0.001326  0.088277  -0.011749  0.992353  0.123130  -0.008615  -0.123413  0.990995  -0.051953  0.002141  0.052618  0.998612  -0.001820  -0.007016  -0.017420  -0.789239  -0.241391  0.538691  2.000000  0.999107  0.009879  0.041078  -0.008422  0.999334  -0.035500  -0.041402  0.035122  0.998525  0.999933  0.010744  0.004393  -0.010668  0.999799  -0.016956  -0.004574  0.016908  0.999847  1.000000  0.000018  0.000144  -0.000018  1.000000  -0.000212  -0.000144  0.000212  1.000000  0.999107  0.009879  0.041078  -0.008422  0.999334  -0.035500  -0.041402  0.035122  0.998525  0.000247  0.020530  
105.088644 0.001326  0.088270  -0.011775  0.992277  0.123740  -0.008650  -0.124026  0.990860  -0.053045  0.002007  0.053709  0.998555  -0.001556  -0.006905  -0.017804  -0.797619  -0.232275  0.531772  2.000000  0.999076  0.010023  0.041785  -0.008496  0.999295  -0.036570  -0.042122  0.036181  0.998457  0.999933  0.010742  0.004247  -0.010667  0.999795  -0.017200  -0.004431  0.017153  0.999843  1.000000  0.000020  0.000143  -0.000020  1.000000  -0.000215  -0.000143  0.000215  1.000000  0.999076  0.010023  0.041785  -0.008496  0.999295  -0.036570  -0.042122  0.036181  0.998457  0.000247  0.020701  
105.089646 0.001326  0.088264  -0.011794  0.992226  0.124154  -0.008527  -0.124434  0.990755  -0.054037  0.001739  0.054678  0.998503  -0.001292  -0.006757  -0.018032  -0.808351  -0.229465  0.529176  2.000000  0.999052  0.010144  0.042341  -0.008560  0.999263  -0.037428  -0.042690  0.037030  0.998402  0.999937  0.010526  0.003982  -0.010456  0.999799  -0.017080  -0.004161  0.017037  0.999846  1.000000  0.000022  0.000139  -0.000021  1.000000  -0.000213  -0.000139  0.000213  1.000000  0.999052  0.010144  0.042341  -0.008560  0.999263  -0.037428  -0.042690  0.037030  0.998402  0.000248  0.020438  
