1-Time 2-Px 3-Py 4-Pz 5-R11 6-R21 7-R31 8-R12 9-R22 10-R32 11-R13 12-R23 13-R33 14-Vx 15-Vy 16-Vz 17-Wx 18-Wy 19-Wz 20-state 21-PR11 22-PR21 23-PR31 24-PR12 25-PR22 26-PR32 27-PR13 28-PR23 29-PR33 
220.812792 0.014162  0.094421  -0.007779  0.998302  0.050438  0.029125  -0.035364  0.127598  0.991195  0.046278  -0.990543  0.129165  -0.000017  0.000197  0.000261  0.000000  0.000000  0.000000  2.000000  1.000000  0.000000  0.000000  0.000000  -0.000000  1.000000  0.000000  -1.000000  -0.000000  0.999999  0.000266  0.001002  -0.000266  1.000000  0.000290  -0.001002  -0.000290  0.999999  1.000000  0.000000  0.000000  0.000000  1.000000  0.000000  0.000000  0.000000  1.000000  0.576103  0.644860  0.502256  -0.520317  -0.184566  0.833789  0.630377  -0.741681  0.229202  0.000000  0.000000  
220.813799 0.014162  0.094421  -0.007779  0.998295  0.050464  0.029329  -0.035570  0.127587  0.991189  0.046278  -0.990543  0.129165  -0.000024  0.000136  0.000212  0.000000  0.000000  0.000000  2.000000  1.000000  0.000000  0.000000  0.000000  -0.000000  1.000000  0.000000  -1.000000  -0.000000  0.999999  0.000266  0.001002  -0.000266  1.000000  0.000290  -0.001002  -0.000290  0.999999  1.000000  0.000000  0.000000  0.000000  1.000000  0.000000  0.000000  0.000000  1.000000  1.000000  0.000000  0.000000  0.000000  -0.000000  1.000000  0.000000  -1.000000  -0.000000  0.000000  0.000000  
220.814799 0.014164  0.094421  -0.007778  0.998301  0.050332  0.029346  -0.035570  0.127592  0.991189  0.046144  -0.990549  0.129166  0.000140  0.000132  0.000201  0.000000  0.000000  0.000000  2.000000  1.000000  0.000000  0.000000  0.000000  -0.000000  1.000000  0.000000  -1.000000  -0.000000  0.999999  0.000292  0.001206  -0.000293  1.000000  0.000299  -0.001206  -0.000300  0.999999  1.000000  0.000000  0.000000  0.000000  1.000000  0.000000  0.000000  0.000000  1.000000  1.000000  0.000000  0.000000  0.000000  -0.000000  1.000000  0.000000  -1.000000  -0.000000  0.000000  0.000000  
220.816048 0.014169  0.094421  -0.007778  0.998294  0.050362  0.029544  -0.035776  0.127702  0.991167  0.046144  -0.990533  0.129286  0.000433  0.000160  0.000244  0.000000  0.000000  0.000000  2.000000  1.000000  0.000000  0.000000  0.000000  -0.000000  1.000000  0.000000  -1.000000  -0.000000  0.999999  0.000186  0.001427  -0.000187  1.000000  0.000309  -0.001427  -0.000309  0.999999  1.000000  0.000000  0.000000  0.000000  1.000000  0.000000  0.000000  0.000000  1.000000  1.000000  0.000000  0.000000  0.000000  -0.000000  1.000000  0.000000  -1.000000  -0.000000  0.000000  0.000000  
220.817298 0.014173  0.094420  -0.007777  0.998293  0.050256  0.029766  -0.035981  0.127696  0.991160  0.046010  -0.990539  0.129287  0.000728  0.000100  0.000248  0.000000  0.000000  0.000000  2.000000  1.000000  0.000000  0.000000  0.000000  -0.000000  1.000000  0.000000  -1.000000  -0.000000  0.999999  0.000054  0.001445  -0.000054  1.000000  0.000188  -0.001445  -0.000188  0.999999  1.000000  0.000000  0.000000  0.000000  1.000000  0.000000  0.000000  0.000000  1.000000  1.000000  0.000000  0.000000  0.000000  -0.000000  1.000000  0.000000  -1.000000  -0.000000  0.000000  0.000000  
220.818305 0.014177  0.094420  -0.007777  0.998285  0.050286  0.029964  -0.036187  0.127806  0.991139  0.046010  -0.990524  0.129407  0.000982  0.000037  0.000218  0.000000  0.000000  0.000000  2.000000  1.000000  0.000000  0.000000  0.000000  -0.000000  1.000000  0.000000  -1.000000  -0.000000  0.999999  0.000080  0.001649  -0.000080  1.000000  -0.000045  -0.001649  0.000045  0.999999  1.000000  0.000000  0.000000  0.000000  1.000000  0.000000  0.000000  0.000000  1.000000  1.000000  0.000000  0.000000  0.000000  -0.000000  1.000000  0.000000  -1.000000  -0.000000  0.000000  0.000000  
220.819552 0.014183  0.094420  -0.007777  0.998285  0.050286  0.029964  -0.036187  0.127806  0.991139  0.046010  -0.990524  0.129407  0.001408  0.000031  0.000227  0.000000  0.000000  0.000000  2.000000  1.000000  0.000000  0.000000  0.000000  -0.000000  1.000000  0.000000  -1.000000  -0.000000  0.999999  0.000080  0.001649  -0.000080  1.000000  -0.000045  -0.001649  0.000045  0.999999  1.000000  0.000000  0.000000  0.000000  1.000000  0.000000  0.000000  0.000000  1.000000  1.000000  0.000000  0.000000  0.000000  -0.000000  1.000000  0.000000  -1.000000  -0.000000  0.000000  0.000000  
220.820553 0.014188  0.094419  -0.007777  0.998278  0.050316  0.030162  -0.036393  0.127916  0.991117  0.046010  -0.990508  0.129527  0.001772  -0.000034  0.000190  0.000000  0.000000  0.000000  2.000000  1.000000  0.000000  0.000000  0.000000  -0.000000  1.000000  0.000000  -1.000000  -0.000000  0.999998  0.000107  0.001853  -0.000107  1.000000  -0.000157  -0.001853  0.000157  0.999998  1.000000  0.000000  0.000000  0.000000  1.000000  0.000000  0.000000  0.000000  1.000000  1.000000  0.000000  0.000000  0.000000  -0.000000  1.000000  0.000000  -1.000000  -0.000000  0.000000  0.000000  
220.821803 0.014195  0.094418  -0.007776  0.998270  0.050342  0.030366  -0.036598  0.127906  0.991111  0.046010  -0.990508  0.129527  0.002228  -0.000121  0.000232  0.000000  0.000000  0.000000  2.000000  1.000000  0.000000  0.000000  0.000000  -0.000000  1.000000  0.000000  -1.000000  -0.000000  0.999998  0.000107  0.001853  -0.000107  1.000000  -0.000157  -0.001853  0.000157  0.999998  1.000000  0.000000  0.000000  0.000000  1.000000  0.000000  0.000000  0.000000  1.000000  1.000000  0.000000  0.000000  0.000000  -0.000000  1.000000  0.000000  -1.000000  -0.000000  0.000000  0.000000  
220.823048 0.014201  0.094416  -0.007776  0.998257  0.050504  0.030546  -0.036803  0.128011  0.991090  0.046144  -0.990486  0.129646  0.002660  -0.000304  0.000164  0.000000  0.000000  0.000000  2.000000  1.000000  0.000000  0.000000  0.000000  -0.000000  1.000000  0.000000  -1.000000  -0.000000  0.999998  0.000267  0.002039  -0.000266  1.000000  -0.000269  -0.002039  0.000269  0.999998  1.000000  0.000000  0.000000  0.000000  1.000000  0.000000  0.000000  0.000000  1.000000  1.000000  0.000000  0.000000  0.000000  -0.000000  1.000000  0.000000  -1.000000  -0.000000  0.000000  0.000000  
220.824054 0.014207  0.094414  -0.007775  0.998255  0.050402  0.030762  -0.037009  0.128125  0.991067  0.046010  -0.990476  0.129767  0.003048  -0.000385  0.000247  0.000000  0.000000  0.000000  2.000000  1.000000  0.000000  0.000000  0.000000  -0.000000  1.000000  0.000000  -1.000000  -0.000000  0.999997  0.000161  0.002260  -0.000160  1.000000  -0.000260  -0.002260  0.000259  0.999997  1.000000  0.000000  0.000000  0.000000  1.000000  0.000000  0.000000  0.000000  1.000000  1.000000  0.000000  0.000000  0.000000  -0.000000  1.000000  0.000000  -1.000000  -0.000000  0.000000  0.000000  
220.825300 0.014214  0.094413  -0.007775  0.998248  0.050428  0.030966  -0.037215  0.128115  0.991061  0.046010  -0.990476  0.129767  0.003544  -0.000507  0.000225  0.000000  0.000000  0.000000  2.000000  1.000000  0.000000  0.000000  0.000000  -0.000000  1.000000  0.000000  -1.000000  -0.000000  0.999997  0.000161  0.002260  -0.000160  1.000000  -0.000381  -0.002260  0.000381  0.999997  1.000000  0.000000  0.000000  0.000000  1.000000  0.000000  0.000000  0.000000  1.000000  1.000000  0.000000  0.000000  0.000000  -0.000000  1.000000  0.000000  -1.000000  -0.000000  0.000000  0.000000  
220.826300 0.014220  0.094412  -0.007775  0.998246  0.050326  0.031181  -0.037420  0.128230  0.991038  0.045877  -0.990467  0.129888  0.003949  -0.000570  0.000223  0.000000  0.000000  0.000000  2.000000  1.000000  0.000000  0.000000  0.000000  -0.000000  1.000000  0.000000  -1.000000  -0.000000  0.999997  0.000055  0.002482  -0.000054  1.000000  -0.000493  -0.002482  0.000493  0.999997  1.000000  0.000000  0.000000  0.000000  1.000000  0.000000  0.000000  0.000000  1.000000  1.000000  0.000000  0.000000  0.000000  -0.000000  1.000000  0.000000  -1.000000  -0.000000  0.000000  0.000000  
220.827549 0.014228  0.094410  -0.007776  0.998238  0.050360  0.031373  -0.037626  0.128460  0.991001  0.045877  -0.990435  0.130128  0.004443  -0.000693  0.000200  0.000000  0.000000  0.000000  2.000000  1.000000  0.000000  0.000000  0.000000  -0.000000  1.000000  0.000000  -1.000000  -0.000000  0.999996  0.000082  0.002686  -0.000081  1.000000  -0.000726  -0.002686  0.000726  0.999996  1.000000  0.000000  0.000000  0.000000  1.000000  0.000000  0.000000  0.000000  1.000000  1.000000  0.000000  0.000000  0.000000  -0.000000  1.000000  0.000000  -1.000000  -0.000000  0.000000  0.000000  
220.828551 0.014234  0.094409  -0.007776  0.998230  0.050390  0.031571  -0.037831  0.128570  0.990979  0.045877  -0.990419  0.130249  0.004850  -0.000756  0.000198  0.000000  0.000000  0.000000  2.000000  1.000000  0.000000  0.000000  0.000000  -0.000000  1.000000  0.000000  -1.000000  -0.000000  0.999996  0.000083  0.002686  -0.000081  1.000000  -0.000847  -0.002686  0.000847  0.999996  1.000000  0.000000  0.000000  0.000000  1.000000  0.000000  0.000000  0.000000  1.000000  1.000000  0.000000  0.000000  0.000000  -0.000000  1.000000  0.000000  -1.000000  -0.000000  0.000000  0.000000  
220.829799 0.014242  0.094408  -0.007776  0.998223  0.050421  0.031768  -0.038037  0.128680  0.990956  0.045877  -0.990404  0.130369  0.005182  -0.000809  0.000155  0.000000  0.000000  0.000000  2.000000  1.000000  0.000000  0.000000  0.000000  -0.000000  1.000000  0.000000  -1.000000  -0.000000  0.999996  0.000110  0.002889  -0.000107  0.999999  -0.001081  -0.002890  0.001080  0.999995  1.000000  0.000000  0.000000  0.000000  1.000000  0.000000  0.000000  0.000000  1.000000  1.000000  0.000000  0.000000  0.000000  -0.000000  1.000000  0.000000  -1.000000  -0.000000  0.000000  0.000000  
220.830799 0.014249  0.094408  -0.007775  0.998215  0.050451  0.031966  -0.038242  0.128789  0.990934  0.045877  -0.990388  0.130489  0.005455  -0.000881  0.000169  0.000000  0.000000  0.000000  2.000000  1.000000  0.000000  0.000000  0.000000  -0.000000  1.000000  0.000000  -1.000000  -0.000000  0.999995  0.000137  0.003093  -0.000134  0.999999  -0.001192  -0.003093  0.001192  0.999995  1.000000  0.000000  0.000000  0.000000  1.000000  0.000000  0.000000  0.000000  1.000000  1.000000  0.000000  0.000000  0.000000  -0.000000  1.000000  0.000000  -1.000000  -0.000000  0.000000  0.000000  
220.832048 0.014257  0.094407  -0.007776  0.998207  0.050485  0.032158  -0.038448  0.129019  0.990896  0.045877  -0.990356  0.130729  0.005713  -0.000922  0.000090  0.000000  0.000000  0.000000  2.000000  1.000000  0.000000  0.000000  0.000000  -0.000000  1.000000  0.000000  -1.000000  -0.000000  0.999995  0.000006  0.003111  -0.000001  0.999999  -0.001435  -0.003111  0.001435  0.999994  1.000000  0.000000  0.000000  0.000000  1.000000  0.000000  0.000000  0.000000  1.000000  1.000000  0.000000  0.000000  0.000000  -0.000000  1.000000  0.000000  -1.000000  -0.000000  0.000000  0.000000  
220.833050 0.014263  0.094406  -0.007775  0.998199  0.050520  0.032350  -0.038653  0.129249  0.990858  0.045877  -0.990324  0.130969  0.005846  -0.000939  0.000086  0.000000  0.000000  0.000000  2.000000  1.000000  0.000000  0.000000  0.000000  -0.000000  1.000000  0.000000  -1.000000  -0.000000  0.999995  0.000033  0.003315  -0.000028  0.999999  -0.001546  -0.003315  0.001546  0.999993  1.000000  0.000000  0.000000  0.000000  1.000000  0.000000  0.000000  0.000000  1.000000  1.000000  0.000000  0.000000  0.000000  -0.000000  1.000000  0.000000  -1.000000  -0.000000  0.000000  0.000000  
220.834298 0.014272  0.094404  -0.007776  0.998197  0.050422  0.032559  -0.038859  0.129485  0.990820  0.045743  -0.990299  0.131210  0.006022  -0.001034  0.000000  0.000000  0.000000  0.000000  2.000000  1.000000  0.000000  0.000000  0.000000  -0.000000  1.000000  0.000000  -1.000000  -0.000000  0.999994  -0.000099  0.003332  0.000105  0.999998  -0.001789  -0.003332  0.001789  0.999993  1.000000  0.000000  0.000000  0.000000  1.000000  0.000000  0.000000  0.000000  1.000000  1.000000  0.000000  0.000000  0.000000  -0.000000  1.000000  0.000000  -1.000000  -0.000000  0.000000  0.000000  
220.835314 0.014278  0.094403  -0.007777  0.998189  0.050453  0.032757  -0.039065  0.129594  0.990797  0.045743  -0.990283  0.131331  0.006087  -0.001124  -0.000041  0.000000  0.000000  0.000000  2.000000  1.000000  0.000000  0.000000  0.000000  -0.000000  1.000000  0.000000  -1.000000  -0.000000  0.999994  0.000061  0.003519  -0.000054  0.999998  -0.002023  -0.003519  0.002022  0.999992  1.000000  0.000000  0.000000  0.000000  1.000000  0.000000  0.000000  0.000000  1.000000  1.000000  0.000000  0.000000  0.000000  -0.000000  1.000000  0.000000  -1.000000  -0.000000  0.000000  0.000000  
220.836556 0.014285  0.094401  -0.007777  0.998181  0.050487  0.032949  -0.039270  0.129824  0.990759  0.045743  -0.990251  0.131571  0.006149  -0.001172  -0.000064  0.000000  0.000000  0.000000  2.000000  1.000000  0.000000  0.000000  0.000000  -0.000000  1.000000  0.000000  -1.000000  -0.000000  0.999994  0.000062  0.003519  -0.000055  0.999998  -0.002144  -0.003519  0.002144  0.999992  1.000000  0.000000  0.000000  0.000000  1.000000  0.000000  0.000000  0.000000  1.000000  1.000000  0.000000  0.000000  0.000000  -0.000000  1.000000  0.000000  -1.000000  -0.000000  0.000000  0.000000  
220.837802 0.014293  0.094398  -0.007777  0.998173  0.050522  0.033140  -0.039476  0.130054  0.990721  0.045743  -0.990219  0.131811  0.006177  -0.001209  -0.000049  0.000000  0.000000  0.000000  2.000000  1.000000  0.000000  0.000000  0.000000  -0.000000  1.000000  0.000000  -1.000000  -0.000000  0.999994  0.000196  0.003501  -0.000187  0.999997  -0.002387  -0.003501  0.002386  0.999991  1.000000  0.000000  0.000000  0.000000  1.000000  0.000000  0.000000  0.000000  1.000000  1.000000  0.000000  0.000000  0.000000  -0.000000  1.000000  0.000000  -1.000000  -0.000000  0.000000  0.000000  
220.839051 0.014300  0.094394  -0.007778  0.998165  0.050557  0.033332  -0.039681  0.130284  0.990682  0.045743  -0.990187  0.132051  0.006176  -0.001335  -0.000183  0.000000  0.000000  0.000000  2.000000  1.000000  0.000000  0.000000  0.000000  -0.000000  1.000000  0.000000  -1.000000  -0.000000  0.999994  0.000197  0.003501  -0.000188  0.999997  -0.002508  -0.003501  0.002508  0.999991  1.000000  0.000000  0.000000  0.000000  1.000000  0.000000  0.000000  0.000000  1.000000  1.000000  0.000000  0.000000  0.000000  -0.000000  1.000000  0.000000  -1.000000  -0.000000  0.000000  0.000000  
220.840052 0.014305  0.094392  -0.007779  0.998157  0.050592  0.033524  -0.039887  0.130514  0.990644  0.045743  -0.990155  0.132291  0.006172  -0.001444  -0.000217  0.000000  0.000000  0.000000  2.000000  1.000000  0.000000  0.000000  0.000000  -0.000000  1.000000  0.000000  -1.000000  -0.000000  0.999994  0.000197  0.003501  -0.000188  0.999997  -0.002630  -0.003501  0.002629  0.999990  1.000000  0.000000  0.000000  0.000000  1.000000  0.000000  0.000000  0.000000  1.000000  1.000000  0.000000  0.000000  0.000000  -0.000000  1.000000  0.000000  -1.000000  -0.000000  0.000000  0.000000  
220.841299 0.014312  0.094388  -0.007780  0.998157  0.050600  0.033511  -0.039887  0.130754  0.990612  0.045743  -0.990123  0.132532  0.006100  -0.001626  -0.000316  0.000000  0.000000  0.000000  2.000000  1.000000  0.000000  0.000000  0.000000  -0.000000  1.000000  0.000000  -1.000000  -0.000000  0.999995  0.000171  0.003297  -0.000162  0.999996  -0.002760  -0.003297  0.002760  0.999991  1.000000  0.000000  0.000000  0.000000  1.000000  0.000000  0.000000  0.000000  1.000000  1.000000  0.000000  0.000000  0.000000  -0.000000  1.000000  0.000000  -1.000000  -0.000000  0.000000  0.000000  
220.842552 0.014318  0.094384  -0.007782  0.998148  0.050635  0.033703  -0.040092  0.130984  0.990573  0.045743  -0.990091  0.132772  0.006057  -0.001749  -0.000436  0.000000  0.000000  0.000000  2.000000  1.000000  0.000000  0.000000  0.000000  -0.000000  1.000000  0.000000  -1.000000  -0.000000  0.999995  0.000039  0.003315  -0.000029  0.999996  -0.002881  -0.003315  0.002881  0.999990  1.000000  0.000000  0.000000  0.000000  1.000000  0.000000  0.000000  0.000000  1.000000  1.000000  0.000000  0.000000  0.000000  -0.000000  1.000000  0.000000  -1.000000  -0.000000  0.000000  0.000000  
220.843796 0.014324  0.094380  -0.007784  0.998140  0.050670  0.033895  -0.040298  0.131214  0.990535  0.045743  -0.990058  0.133012  0.005923  -0.001957  -0.000575  0.000000  0.000000  0.000000  2.000000  1.000000  0.000000  0.000000  0.000000  -0.000000  1.000000  0.000000  -1.000000  -0.000000  0.999995  0.000172  0.003297  -0.000162  0.999995  -0.003124  -0.003297  0.003124  0.999990  1.000000  0.000000  0.000000  0.000000  1.000000  0.000000  0.000000  0.000000  1.000000  1.000000  0.000000  0.000000  0.000000  -0.000000  1.000000  0.000000  -1.000000  -0.000000  0.000000  0.000000  
220.845046 0.014331  0.094376  -0.007786  0.998140  0.050678  0.033882  -0.040298  0.131454  0.990503  0.045743  -0.990026  0.133252  0.005814  -0.002190  -0.000693  0.000000  0.000000  0.000000  2.000000  1.000000  0.000000  0.000000  0.000000  -0.000000  1.000000  0.000000  -1.000000  -0.000000  0.999995  0.000146  0.003093  -0.000136  0.999995  -0.003255  -0.003093  0.003254  0.999990  1.000000  0.000000  0.000000  0.000000  1.000000  0.000000  0.000000  0.000000  1.000000  1.000000  0.000000  0.000000  0.000000  -0.000000  1.000000  0.000000  -1.000000  -0.000000  0.000000  0.000000  
220.846048 0.014337  0.094372  -0.007788  0.998132  0.050714  0.034074  -0.040503  0.131684  0.990464  0.045743  -0.989994  0.133492  0.005737  -0.002371  -0.000836  0.000000  0.000000  0.000000  2.000000  1.000000  0.000000  0.000000  0.000000  -0.000000  1.000000  0.000000  -1.000000  -0.000000  0.999995  0.000174  0.003297  -0.000163  0.999994  -0.003367  -0.003297  0.003366  0.999989  1.000000  0.000000  0.000000  0.000000  1.000000  0.000000  0.000000  0.000000  1.000000  1.000000  0.000000  0.000000  0.000000  -0.000000  1.000000  0.000000  -1.000000  -0.000000  0.000000  0.000000  
220.847298 0.014344  0.094369  -0.007791  0.998138  0.050590  0.034080  -0.040503  0.131930  0.990431  0.045610  -0.989967  0.133733  0.005717  -0.002531  -0.001030  0.000000  0.000000  0.000000  2.000000  1.000000  0.000000  0.000000  0.000000  -0.000000  1.000000  0.000000  -1.000000  -0.000000  0.999996  0.000252  0.002871  -0.000242  0.999994  -0.003507  -0.002872  0.003507  0.999990  1.000000  0.000000  0.000000  0.000000  1.000000  0.000000  0.000000  0.000000  1.000000  1.000000  0.000000  0.000000  0.000000  -0.000000  1.000000  0.000000  -1.000000  -0.000000  0.000000  0.000000  
220.848300 0.014350  0.094366  -0.007792  0.998130  0.050625  0.034271  -0.040709  0.132160  0.990392  0.045610  -0.989935  0.133974  0.005665  -0.002663  -0.001113  0.000000  0.000000  0.000000  2.000000  1.000000  0.000000  0.000000  0.000000  -0.000000  1.000000  0.000000  -1.000000  -0.000000  0.999996  0.000093  0.002685  -0.000083  0.999993  -0.003638  -0.002686  0.003638  0.999990  1.000000  0.000000  0.000000  0.000000  1.000000  0.000000  0.000000  0.000000  1.000000  1.000000  0.000000  0.000000  0.000000  -0.000000  1.000000  0.000000  -1.000000  -0.000000  0.000000  0.000000  
220.849549 0.014356  0.094362  -0.007794  0.998130  0.050634  0.034259  -0.040709  0.132400  0.990360  0.045610  -0.989902  0.134214  0.005546  -0.002824  -0.001193  0.000000  0.000000  0.000000  2.000000  1.000000  0.000000  0.000000  0.000000  -0.000000  1.000000  0.000000  -1.000000  -0.000000  0.999996  0.000094  0.002685  -0.000084  0.999993  -0.003759  -0.002686  0.003759  0.999989  1.000000  0.000000  0.000000  0.000000  1.000000  0.000000  0.000000  0.000000  1.000000  1.000000  0.000000  0.000000  0.000000  -0.000000  1.000000  0.000000  -1.000000  -0.000000  0.000000  0.000000  
220.850805 0.014364  0.094358  -0.007796  0.998136  0.050514  0.034259  -0.040709  0.132766  0.990311  0.045476  -0.989859  0.134575  0.005490  -0.002961  -0.001278  -0.164873  -0.139388  0.000444  2.000000  1.000000  0.000000  0.000000  0.000000  -0.000000  1.000000  0.000000  -1.000000  -0.000000  0.999997  -0.000066  0.002499  0.000075  0.999992  -0.003890  -0.002499  0.003890  0.999989  1.000000  0.000000  0.000000  0.000000  1.000000  0.000000  0.000000  0.000000  1.000000  1.000000  0.000000  0.000000  0.000000  -0.000000  1.000000  0.000000  -1.000000  -0.000000  0.000000  0.000000  
220.852049 0.014371  0.094354  -0.007797  0.998127  0.050549  0.034450  -0.040915  0.132996  0.990272  0.045476  -0.989827  0.134815  0.005464  -0.003082  -0.001341  -0.171328  -0.145667  -0.003057  2.000000  1.000000  0.000000  0.000000  0.000000  -0.000000  1.000000  0.000000  -1.000000  -0.000000  0.999997  -0.000065  0.002499  0.000075  0.999992  -0.004011  -0.002499  0.004011  0.999989  1.000000  0.000000  0.000000  0.000000  1.000000  0.000000  0.000000  0.000000  1.000000  1.000000  0.000000  0.000000  0.000000  -0.000000  1.000000  0.000000  -1.000000  -0.000000  0.000056  0.000000  
220.853305 0.014377  0.094349  -0.007799  0.998127  0.050562  0.034432  -0.040915  0.133356  0.990223  0.045476  -0.989778  0.135175  0.005433  -0.003201  -0.001402  -0.180153  -0.131558  -0.000418  2.000000  1.000000  0.000000  0.000000  0.000000  -0.000000  1.000000  0.000000  -1.000000  -0.000000  0.999997  -0.000092  0.002296  0.000101  0.999992  -0.004021  -0.002295  0.004021  0.999989  1.000000  0.000000  0.000000  0.000000  1.000000  0.000000  0.000000  0.000000  1.000000  1.000000  0.000000  0.000000  0.000000  -0.000000  1.000000  0.000000  -1.000000  -0.000000  0.000056  0.000000  
220.854305 0.014382  0.094345  -0.007799  0.998127  0.050570  0.034420  -0.040915  0.133596  0.990191  0.045476  -0.989745  0.135415  0.005451  -0.003282  -0.001424  -0.185910  -0.125703  -0.001315  2.000000  1.000000  0.000000  0.000000  0.000000  -0.000000  1.000000  0.000000  -1.000000  -0.000000  0.999998  0.000013  0.002074  -0.000005  0.999991  -0.004151  -0.002074  0.004151  0.999989  1.000000  0.000000  0.000000  0.000000  1.000000  0.000000  0.000000  0.000000  1.000000  1.000000  0.000000  0.000000  0.000000  -0.000000  1.000000  0.000000  -1.000000  -0.000000  0.000056  0.000000  
220.855562 0.014388  0.094340  -0.007800  0.998127  0.050579  0.034407  -0.040915  0.133836  0.990158  0.045476  -0.989712  0.135655  0.005355  -0.003368  -0.001399  -0.190234  -0.118810  -0.002210  2.000000  1.000000  0.000000  0.000000  0.000000  -0.000000  1.000000  0.000000  -1.000000  -0.000000  0.999998  -0.000014  0.001870  0.000022  0.999991  -0.004282  -0.001870  0.004282  0.999989  1.000000  0.000000  0.000000  0.000000  1.000000  0.000000  0.000000  0.000000  1.000000  1.000000  0.000000  0.000000  0.000000  -0.000000  1.000000  0.000000  -1.000000  -0.000000  0.000057  0.000000  
220.856797 0.014394  0.094335  -0.007801  0.998127  0.050591  0.034389  -0.040915  0.134197  0.990110  0.045476  -0.989662  0.136015  0.005337  -0.003453  -0.001364  -0.197226  -0.110533  0.001344  2.000000  1.000000  0.000000  0.000000  0.000000  -0.000000  1.000000  0.000000  -1.000000  -0.000000  0.999999  -0.000041  0.001666  0.000049  0.999991  -0.004292  -0.001666  0.004292  0.999989  1.000000  0.000000  0.000000  0.000000  1.000000  0.000000  0.000000  0.000000  1.000000  1.000000  0.000000  0.000000  0.000000  -0.000000  1.000000  0.000000  -1.000000  -0.000000  0.000056  0.000000  
220.857797 0.014399  0.094330  -0.007803  0.998119  0.050627  0.034580  -0.041120  0.134427  0.990070  0.045476  -0.989629  0.136255  0.005329  -0.003541  -0.001362  -0.203030  -0.111499  0.001376  2.000000  1.000000  0.000000  0.000000  0.000000  -0.000000  1.000000  0.000000  -1.000000  -0.000000  0.999999  -0.000069  0.001463  0.000075  0.999991  -0.004301  -0.001462  0.004301  0.999990  1.000000  0.000000  0.000000  0.000000  1.000000  0.000000  0.000000  0.000000  1.000000  1.000000  0.000000  0.000000  0.000000  -0.000000  1.000000  0.000000  -1.000000  -0.000000  0.000057  0.000000  
220.859052 0.014405  0.094325  -0.007803  0.998125  0.050503  0.034586  -0.041120  0.134672  0.990037  0.045342  -0.989602  0.136496  0.005316  -0.003607  -0.001219  -0.203181  -0.105155  -0.003978  2.000000  1.000000  0.000000  0.000000  0.000000  -0.000000  1.000000  0.000000  -1.000000  -0.000000  0.999999  -0.000201  0.001481  0.000208  0.999990  -0.004422  -0.001480  0.004422  0.999989  1.000000  0.000000  0.000000  0.000000  1.000000  0.000000  0.000000  0.000000  1.000000  1.000000  0.000000  0.000000  0.000000  -0.000000  1.000000  0.000000  -1.000000  -0.000000  0.000058  0.000000  
220.860300 0.014412  0.094320  -0.007804  0.998125  0.050516  0.034568  -0.041120  0.135032  0.989988  0.045342  -0.989553  0.136856  0.005298  -0.003649  -0.001083  -0.211633  -0.098298  -0.004877  2.000000  1.000000  0.000000  0.000000  0.000000  -0.000000  1.000000  0.000000  -1.000000  -0.000000  0.999999  -0.000229  0.001277  0.000234  0.999990  -0.004553  -0.001276  0.004553  0.999989  1.000000  0.000000  0.000000  0.000000  1.000000  0.000000  0.000000  0.000000  1.000000  1.000000  0.000000  0.000000  0.000000  -0.000000  1.000000  0.000000  -1.000000  -0.000000  0.000058  0.000000  
220.861300 0.014418  0.094316  -0.007804  0.998125  0.050524  0.034556  -0.041120  0.135273  0.989955  0.045342  -0.989519  0.137096  0.005304  -0.003699  -0.001023  -0.216061  -0.091465  -0.005786  2.000000  1.000000  0.000000  0.000000  0.000000  -0.000000  1.000000  0.000000  -1.000000  -0.000000  0.999999  -0.000228  0.001277  0.000234  0.999989  -0.004674  -0.001276  0.004674  0.999988  1.000000  0.000000  0.000000  0.000000  1.000000  0.000000  0.000000  0.000000  1.000000  1.000000  0.000000  0.000000  0.000000  -0.000000  1.000000  0.000000  -1.000000  -0.000000  0.000059  0.000000  
220.862549 0.014425  0.094312  -0.007805  0.998125  0.050537  0.034537  -0.041120  0.135633  0.989905  0.045342  -0.989469  0.137457  0.005300  -0.003747  -0.000926  -0.218627  -0.083915  -0.006631  2.000000  1.000000  0.000000  0.000000  0.000000  -0.000000  1.000000  0.000000  -1.000000  -0.000000  0.999999  -0.000256  0.001074  0.000261  0.999988  -0.004805  -0.001072  0.004805  0.999988  1.000000  0.000000  0.000000  0.000000  1.000000  0.000000  0.000000  0.000000  1.000000  1.000000  0.000000  0.000000  0.000000  -0.000000  1.000000  0.000000  -1.000000  -0.000000  0.000059  0.000000  
220.863549 0.014430  0.094308  -0.007806  0.998116  0.050577  0.034723  -0.041326  0.135983  0.989849  0.045342  -0.989419  0.137817  0.005267  -0.003801  -0.000901  -0.224542  -0.084016  -0.002204  2.000000  1.000000  0.000000  0.000000  0.000000  -0.000000  1.000000  0.000000  -1.000000  -0.000000  0.999999  -0.000256  0.001074  0.000261  0.999988  -0.004805  -0.001073  0.004805  0.999988  1.000000  0.000000  0.000000  0.000000  1.000000  0.000000  0.000000  0.000000  1.000000  1.000000  0.000000  0.000000  0.000000  -0.000000  1.000000  0.000000  -1.000000  -0.000000  0.000060  0.000000  
220.864552 0.014436  0.094305  -0.007806  0.998116  0.050586  0.034710  -0.041326  0.136223  0.989816  0.045342  -0.989386  0.138057  0.005249  -0.003819  -0.000814  -0.224950  -0.077198  -0.003117  2.000000  1.000000  0.000000  0.000000  0.000000  -0.000000  1.000000  0.000000  -1.000000  -0.000000  0.999999  -0.000256  0.001074  0.000261  0.999988  -0.004805  -0.001073  0.004805  0.999988  1.000000  0.000000  0.000000  0.000000  1.000000  0.000000  0.000000  0.000000  1.000000  1.000000  0.000000  0.000000  0.000000  -0.000000  1.000000  0.000000  -1.000000  -0.000000  0.000060  0.000000  
220.865796 0.014443  0.094301  -0.007807  0.998122  0.050466  0.034711  -0.041326  0.136588  0.989766  0.045209  -0.989342  0.138417  0.005283  -0.003812  -0.000749  -0.231092  -0.077132  -0.007491  2.000000  1.000000  0.000000  0.000000  0.000000  -0.000000  1.000000  0.000000  -1.000000  -0.000000  1.000000  -0.000416  0.000889  0.000421  0.999988  -0.004936  -0.000887  0.004936  0.999987  1.000000  0.000000  0.000000  0.000000  1.000000  0.000000  0.000000  0.000000  1.000000  1.000000  0.000000  0.000000  0.000000  -0.000000  1.000000  0.000000  -1.000000  -0.000000  0.000060  0.000000  
220.867046 0.014450  0.094297  -0.007807  0.998114  0.050507  0.034896  -0.041531  0.136938  0.989709  0.045209  -0.989291  0.138777  0.005309  -0.003804  -0.000678  -0.235125  -0.077131  -0.007467  2.000000  1.000000  -0.000015  0.000041  -0.000041  0.000189  1.000000  -0.000015  -1.000000  0.000189  0.999999  -0.000387  0.001093  0.000393  0.999987  -0.005047  -0.001091  0.005048  0.999987  1.000000  -0.000005  0.000014  0.000005  1.000000  -0.000063  -0.000014  0.000063  1.000000  1.000000  -0.000015  0.000041  -0.000041  0.000189  1.000000  -0.000015  -1.000000  0.000189  0.000061  0.005179  
220.868057 0.014456  0.094293  -0.007808  0.998114  0.050515  0.034884  -0.041531  0.137178  0.989675  0.045209  -0.989257  0.139017  0.005371  -0.003748  -0.000624  -0.237346  -0.070911  -0.008446  2.000000  1.000000  -0.000024  0.000081  -0.000081  0.000382  1.000000  -0.000024  -1.000000  0.000382  0.999999  -0.000254  0.001074  0.000260  0.999987  -0.005169  -0.001073  0.005169  0.999986  1.000000  -0.000003  0.000013  0.000003  1.000000  -0.000065  -0.000013  0.000065  1.000000  1.000000  -0.000024  0.000081  -0.000081  0.000382  1.000000  -0.000024  -1.000000  0.000382  0.000062  0.005286  
220.869299 0.014463  0.094288  -0.007808  0.998105  0.050556  0.035069  -0.041737  0.137528  0.989618  0.045209  -0.989207  0.139377  0.005383  -0.003774  -0.000622  -0.239500  -0.070349  -0.008358  2.000000  1.000000  -0.000041  0.000141  -0.000141  0.000707  1.000000  -0.000041  -1.000000  0.000707  0.999999  -0.000254  0.001074  0.000260  0.999986  -0.005290  -0.001073  0.005290  0.999985  1.000000  -0.000003  0.000013  0.000003  1.000000  -0.000066  -0.000013  0.000066  1.000000  1.000000  -0.000041  0.000141  -0.000141  0.000707  1.000000  -0.000041  -1.000000  0.000707  0.000063  0.005404  
220.870303 0.014468  0.094284  -0.007809  0.998111  0.050437  0.035069  -0.041737  0.137894  0.989567  0.045075  -0.989162  0.139738  0.005438  -0.003804  -0.000568  -0.247878  -0.064160  -0.013692  2.000000  1.000000  -0.000054  0.000194  -0.000194  0.000968  1.000000  -0.000054  -1.000000  0.000968  0.999999  -0.000254  0.001074  0.000259  0.999986  -0.005290  -0.001073  0.005291  0.999985  1.000000  -0.000003  0.000013  0.000003  1.000000  -0.000066  -0.000013  0.000066  1.000000  1.000000  -0.000054  0.000194  -0.000194  0.000968  1.000000  -0.000054  -1.000000  0.000968  0.000063  0.005404  
220.871549 0.014475  0.094279  -0.007808  0.998103  0.050478  0.035255  -0.041943  0.138243  0.989510  0.045075  -0.989111  0.140098  0.005480  -0.003759  -0.000447  -0.251943  -0.064170  -0.013673  2.000000  1.000000  -0.000070  0.000259  -0.000259  0.001300  0.999999  -0.000071  -0.999999  0.001300  0.999999  -0.000253  0.001074  0.000259  0.999986  -0.005290  -0.001073  0.005291  0.999985  1.000000  -0.000003  0.000013  0.000003  1.000000  -0.000066  -0.000013  0.000066  1.000000  1.000000  -0.000070  0.000259  -0.000259  0.001300  0.999999  -0.000071  -0.999999  0.001300  0.000065  0.005404  
220.872634 0.014481  0.094275  -0.007808  0.998103  0.050487  0.035242  -0.041943  0.138483  0.989476  0.045075  -0.989077  0.140338  0.005491  -0.003737  -0.000399  -0.253426  -0.064551  -0.013738  2.000000  1.000000  -0.000083  0.000313  -0.000313  0.001569  0.999999  -0.000084  -0.999999  0.001569  0.999999  -0.000253  0.001074  0.000259  0.999985  -0.005412  -0.001073  0.005412  0.999985  1.000000  -0.000003  0.000013  0.000003  1.000000  -0.000068  -0.000013  0.000068  1.000000  1.000000  -0.000083  0.000313  -0.000313  0.001569  0.999999  -0.000084  -0.999999  0.001569  0.000066  0.005523  
220.873798 0.014488  0.094270  -0.007808  0.998094  0.050528  0.035428  -0.042148  0.138833  0.989418  0.045075  -0.989026  0.140698  0.005630  -0.003698  -0.000321  -0.260325  -0.065265  -0.013870  2.000000  1.000000  -0.000096  0.000366  -0.000366  0.001842  0.999998  -0.000097  -0.999998  0.001841  0.999999  -0.000253  0.001075  0.000259  0.999985  -0.005412  -0.001073  0.005412  0.999985  1.000000  -0.000003  0.000013  0.000003  1.000000  -0.000068  -0.000013  0.000068  1.000000  1.000000  -0.000096  0.000366  -0.000366  0.001842  0.999998  -0.000097  -0.999998  0.001841  0.000065  0.005523  
220.874799 0.014494  0.094267  -0.007808  0.998094  0.050537  0.035415  -0.042148  0.139073  0.989385  0.045075  -0.988992  0.140938  0.005661  -0.003668  -0.000297  -0.258087  -0.064707  -0.013735  2.000000  1.000000  -0.000107  0.000430  -0.000430  0.002118  0.999998  -0.000108  -0.999998  0.002118  0.999999  -0.000223  0.001278  0.000230  0.999985  -0.005524  -0.001277  0.005524  0.999984  1.000000  -0.000003  0.000016  0.000003  1.000000  -0.000069  -0.000016  0.000069  1.000000  1.000000  -0.000107  0.000430  -0.000430  0.002118  0.999998  -0.000108  -0.999998  0.002118  0.000068  0.005674  
220.875803 0.014500  0.094263  -0.007807  0.998094  0.050550  0.035397  -0.042148  0.139433  0.989334  0.045075  -0.988940  0.141298  0.005674  -0.003656  -0.000188  -0.262453  -0.057859  -0.014664  2.000000  1.000000  -0.000116  0.000478  -0.000478  0.002328  0.999997  -0.000117  -0.999997  0.002328  0.999999  -0.000223  0.001278  0.000230  0.999984  -0.005645  -0.001277  0.005645  0.999983  1.000000  -0.000003  0.000016  0.000003  1.000000  -0.000071  -0.000016  0.000071  1.000000  1.000000  -0.000116  0.000478  -0.000478  0.002328  0.999997  -0.000117  -0.999997  0.002328  0.000067  0.005792  
220.877049 0.014508  0.094259  -0.007807  0.998085  0.050591  0.035582  -0.042354  0.139783  0.989276  0.045075  -0.988889  0.141658  0.005791  -0.003622  -0.000096  -0.266269  -0.064102  -0.009242  2.000000  1.000000  -0.000128  0.000568  -0.000568  0.002683  0.999996  -0.000130  -0.999996  0.002683  0.999999  -0.000193  0.001482  0.000202  0.999984  -0.005636  -0.001481  0.005636  0.999983  1.000000  -0.000002  0.000019  0.000002  1.000000  -0.000070  -0.000019  0.000070  1.000000  1.000000  -0.000128  0.000568  -0.000568  0.002683  0.999996  -0.000130  -0.999996  0.002683  0.000068  0.005831  
220.878049 0.014515  0.094256  -0.007806  0.998091  0.050472  0.035583  -0.042354  0.140148  0.989224  0.044941  -0.988843  0.142018  0.005820  -0.003615  -0.000024  -0.270668  -0.057880  -0.014632  2.000000  1.000000  -0.000143  0.000643  -0.000643  0.002971  0.999995  -0.000145  -0.999996  0.002971  0.999999  -0.000325  0.001501  0.000334  0.999983  -0.005757  -0.001499  0.005757  0.999982  1.000000  -0.000004  0.000019  0.000004  1.000000  -0.000072  -0.000019  0.000072  1.000000  1.000000  -0.000143  0.000643  -0.000643  0.002971  0.999995  -0.000145  -0.999996  0.002971  0.000070  0.005958  
220.879300 0.014523  0.094252  -0.007807  0.998083  0.050514  0.035768  -0.042559  0.140498  0.989166  0.044941  -0.988792  0.142378  0.005921  -0.003592  -0.000042  -0.274415  -0.064727  -0.013657  2.000000  1.000000  -0.000163  0.000737  -0.000736  0.003335  0.999994  -0.000165  -0.999994  0.003335  0.999999  -0.000325  0.001501  0.000334  0.999983  -0.005878  -0.001499  0.005879  0.999982  1.000000  -0.000004  0.000019  0.000004  1.000000  -0.000073  -0.000019  0.000073  1.000000  1.000000  -0.000163  0.000737  -0.000736  0.003335  0.999994  -0.000165  -0.999994  0.003335  0.000070  0.006076  
220.880302 0.014530  0.094249  -0.007808  0.998083  0.050523  0.035756  -0.042559  0.140738  0.989132  0.044941  -0.988757  0.142618  0.005967  -0.003595  -0.000064  -0.272242  -0.063598  -0.009114  2.000000  1.000000  -0.000173  0.000811  -0.000810  0.003629  0.999993  -0.000176  -0.999993  0.003629  0.999999  -0.000192  0.001482  0.000201  0.999983  -0.005878  -0.001481  0.005879  0.999982  1.000000  -0.000002  0.000019  0.000002  1.000000  -0.000073  -0.000019  0.000073  1.000000  1.000000  -0.000173  0.000811  -0.000810  0.003629  0.999993  -0.000176  -0.999993  0.003629  0.000071  0.006066  
220.881310 0.014537  0.094246  -0.007809  0.998080  0.050432  0.035960  -0.042765  0.141093  0.989072  0.044808  -0.988711  0.142979  0.006086  -0.003573  -0.000101  -0.278456  -0.064725  -0.013619  2.000000  1.000000  -0.000184  0.000893  -0.000893  0.003925  0.999992  -0.000188  -0.999992  0.003924  0.999999  -0.000294  0.001705  0.000304  0.999983  -0.005869  -0.001703  0.005870  0.999981  1.000000  -0.000004  0.000021  0.000004  1.000000  -0.000073  -0.000021  0.000073  1.000000  1.000000  -0.000184  0.000893  -0.000893  0.003925  0.999992  -0.000188  -0.999992  0.003924  0.000071  0.006119  
220.882549 0.014546  0.094242  -0.007809  0.998080  0.050445  0.035942  -0.042765  0.141453  0.989021  0.044808  -0.988659  0.143339  0.006182  -0.003556  -0.000136  -0.278536  -0.064748  -0.013600  2.000000  0.999999  -0.000203  0.001000  -0.000999  0.004296  0.999990  -0.000207  -0.999991  0.004296  0.999999  -0.000294  0.001705  0.000304  0.999983  -0.005869  -0.001703  0.005870  0.999981  1.000000  -0.000004  0.000021  0.000004  1.000000  -0.000073  -0.000021  0.000073  1.000000  0.999999  -0.000203  0.001000  -0.000999  0.004296  0.999990  -0.000207  -0.999991  0.004296  0.000071  0.006119  
220.883796 0.014555  0.094238  -0.007810  0.998077  0.050356  0.036146  -0.042971  0.141808  0.988961  0.044674  -0.988613  0.143699  0.006281  -0.003468  -0.000105  -0.279983  -0.071632  -0.016928  2.000000  0.999999  -0.000218  0.001090  -0.001089  0.004597  0.999989  -0.000223  -0.999989  0.004597  0.999998  -0.000426  0.001724  0.000436  0.999982  -0.005990  -0.001722  0.005991  0.999981  1.000000  -0.000005  0.000022  0.000005  1.000000  -0.000075  -0.000022  0.000075  1.000000  0.999999  -0.000218  0.001090  -0.001089  0.004597  0.999989  -0.000223  -0.999989  0.004597  0.000072  0.006248  
220.884799 0.014562  0.094235  -0.007811  0.998077  0.050364  0.036134  -0.042971  0.142048  0.988927  0.044674  -0.988578  0.143939  0.006423  -0.003420  -0.000137  -0.282318  -0.072233  -0.017051  2.000000  0.999999  -0.000239  0.001177  -0.001175  0.004901  0.999987  -0.000245  -0.999988  0.004901  0.999998  -0.000425  0.001725  0.000436  0.999981  -0.006112  -0.001722  0.006112  0.999980  1.000000  -0.000005  0.000022  0.000005  1.000000  -0.000076  -0.000022  0.000076  1.000000  0.999999  -0.000239  0.001177  -0.001175  0.004901  0.999987  -0.000245  -0.999988  0.004901  0.000073  0.006365  
220.885801 0.014569  0.094231  -0.007812  0.998068  0.050407  0.036319  -0.043176  0.142397  0.988867  0.044674  -0.988525  0.144299  0.006528  -0.003405  -0.000248  -0.283719  -0.078431  -0.015928  2.000000  0.999999  -0.000260  0.001265  -0.001264  0.005205  0.999986  -0.000267  -0.999986  0.005205  0.999998  -0.000395  0.001928  0.000407  0.999981  -0.006102  -0.001926  0.006103  0.999980  1.000000  -0.000005  0.000024  0.000005  1.000000  -0.000076  -0.000024  0.000076  1.000000  0.999999  -0.000260  0.001265  -0.001264  0.005205  0.999986  -0.000267  -0.999986  0.005205  0.000074  0.006412  
220.887052 0.014578  0.094226  -0.007814  0.998074  0.050288  0.036320  -0.043177  0.142763  0.988815  0.044540  -0.988479  0.144659  0.006699  -0.003364  -0.000356  -0.287724  -0.079050  -0.020317  2.000000  0.999999  -0.000278  0.001385  -0.001383  0.005583  0.999983  -0.000286  -0.999984  0.005583  0.999998  -0.000394  0.001928  0.000406  0.999981  -0.006103  -0.001926  0.006103  0.999980  1.000000  -0.000005  0.000024  0.000005  1.000000  -0.000076  -0.000024  0.000076  1.000000  0.999999  -0.000278  0.001385  -0.001383  0.005583  0.999983  -0.000286  -0.999984  0.005583  0.000074  0.006413  
