1-Time 2-Px 3-Py 4-Pz 5-R11 6-R21 7-R31 8-R12 9-R22 10-R32 11-R13 12-R23 13-R33 14-Vx 15-Vy 16-Vz 17-Wx 18-Wy 19-Wz 20-state 21-PR11 22-PR21 23-PR31 24-PR12 25-PR22 26-PR32 27-PR13 28-PR23 29-PR33 
114.778186 -0.001054  0.091460  0.009492  0.994254  0.085625  0.064247  -0.089691  0.993954  0.063326  -0.058437  -0.068725  0.995923  0.000090  0.000117  0.000138  0.000000  0.000000  0.000000  2.000000  1.000000  0.000000  0.000000  -0.000000  1.000000  0.000000  0.000000  -0.000000  1.000000  0.999998  -0.002060  -0.000008  0.002060  0.999998  0.000241  0.000008  -0.000241  1.000000  1.000000  0.000000  0.000000  0.000000  1.000000  0.000000  0.000000  0.000000  1.000000  0.386751  0.877356  -0.284025  -0.892416  0.433696  0.124508  0.232418  0.205314  0.950699  0.000000  0.000000  
114.779434 -0.001054  0.091460  0.009492  0.994254  0.085617  0.064258  -0.089691  0.993947  0.063447  -0.058437  -0.068845  0.995914  0.000095  0.000095  0.000151  0.000000  0.000000  0.000000  2.000000  1.000000  0.000000  0.000000  0.000000  1.000000  0.000000  0.000000  0.000000  1.000000  0.999998  -0.001855  0.000006  0.001855  0.999998  0.000351  -0.000006  -0.000351  1.000000  1.000000  0.000000  0.000000  0.000000  1.000000  0.000000  0.000000  0.000000  1.000000  1.000000  0.000000  0.000000  0.000000  1.000000  0.000000  0.000000  0.000000  1.000000  0.000000  0.000000  
114.780437 -0.001055  0.091459  0.009494  0.994201  0.086000  0.064560  -0.090099  0.993905  0.063517  -0.058704  -0.068965  0.995890  0.000057  0.000027  0.000311  0.000000  0.000000  0.000000  2.000000  1.000000  0.000000  0.000000  0.000000  1.000000  0.000000  0.000000  0.000000  1.000000  0.999999  -0.001659  0.000153  0.001659  0.999999  0.000460  -0.000154  -0.000460  1.000000  1.000000  0.000000  0.000000  0.000000  1.000000  0.000000  0.000000  0.000000  1.000000  1.000000  0.000000  0.000000  0.000000  1.000000  0.000000  0.000000  0.000000  1.000000  0.000000  0.000000  
114.781440 -0.001056  0.091457  0.009496  0.994156  0.086392  0.064729  -0.090507  0.993863  0.063599  -0.058837  -0.069085  0.995874  -0.000036  -0.000117  0.000442  0.000000  0.000000  0.000000  2.000000  1.000000  0.000000  0.000000  0.000000  1.000000  0.000000  0.000000  0.000000  1.000000  0.999999  -0.001267  0.000449  0.001267  0.999999  0.000315  -0.000449  -0.000315  1.000000  1.000000  0.000000  0.000000  0.000000  1.000000  0.000000  0.000000  0.000000  1.000000  1.000000  0.000000  0.000000  0.000000  1.000000  0.000000  0.000000  0.000000  1.000000  0.000000  0.000000  
114.782687 -0.001057  0.091454  0.009499  0.994114  0.086553  0.065161  -0.090710  0.993832  0.063790  -0.059238  -0.069325  0.995834  -0.000077  -0.000322  0.000643  0.000000  0.000000  0.000000  2.000000  1.000000  0.000000  0.000000  0.000000  1.000000  0.000000  0.000000  0.000000  1.000000  1.000000  -0.000661  0.000625  0.000661  1.000000  0.000522  -0.000625  -0.000521  1.000000  1.000000  0.000000  0.000000  0.000000  1.000000  0.000000  0.000000  0.000000  1.000000  1.000000  0.000000  0.000000  0.000000  1.000000  0.000000  0.000000  0.000000  1.000000  0.000000  0.000000  
114.783941 -0.001058  0.091451  0.009503  0.994087  0.086741  0.065318  -0.090914  0.993808  0.063885  -0.059372  -0.069446  0.995817  -0.000143  -0.000539  0.000911  0.000000  0.000000  0.000000  2.000000  1.000000  0.000000  0.000000  0.000000  1.000000  0.000000  0.000000  0.000000  1.000000  1.000000  -0.000270  0.000920  0.000269  1.000000  0.000740  -0.000920  -0.000740  0.999999  1.000000  0.000000  0.000000  0.000000  1.000000  0.000000  0.000000  0.000000  1.000000  1.000000  0.000000  0.000000  0.000000  1.000000  0.000000  0.000000  0.000000  1.000000  0.000000  0.000000  
114.785184 -0.001059  0.091449  0.009508  0.994042  0.087117  0.065508  -0.091322  0.993749  0.064208  -0.059505  -0.069807  0.995784  -0.000275  -0.000718  0.001171  0.000000  0.000000  0.000000  2.000000  1.000000  0.000000  0.000000  0.000000  1.000000  0.000000  0.000000  0.000000  1.000000  0.999999  0.000130  0.001082  -0.000131  1.000000  0.000958  -0.001082  -0.000958  0.999999  1.000000  0.000000  0.000000  0.000000  1.000000  0.000000  0.000000  0.000000  1.000000  1.000000  0.000000  0.000000  0.000000  1.000000  0.000000  0.000000  0.000000  1.000000  0.000000  0.000000  
114.786200 -0.001060  0.091447  0.009512  0.994004  0.087510  0.065556  -0.091732  0.993698  0.064422  -0.059505  -0.070049  0.995767  -0.000346  -0.000849  0.001469  0.000000  0.000000  0.000000  2.000000  1.000000  0.000000  0.000000  0.000000  1.000000  0.000000  0.000000  0.000000  1.000000  0.999999  0.000540  0.001111  -0.000541  0.999999  0.001176  -0.001110  -0.001177  0.999999  1.000000  0.000000  0.000000  0.000000  1.000000  0.000000  0.000000  0.000000  1.000000  1.000000  0.000000  0.000000  0.000000  1.000000  0.000000  0.000000  0.000000  1.000000  0.000000  0.000000  
114.787206 -0.001062  0.091446  0.009516  0.993974  0.087913  0.065471  -0.092142  0.993645  0.064648  -0.059372  -0.070291  0.995758  -0.000433  -0.000941  0.001764  0.000000  0.000000  0.000000  2.000000  1.000000  0.000000  0.000000  0.000000  1.000000  0.000000  0.000000  0.000000  1.000000  0.999999  0.000959  0.001006  -0.000961  0.999999  0.001394  -0.001005  -0.001395  0.999999  1.000000  0.000000  0.000000  0.000000  1.000000  0.000000  0.000000  0.000000  1.000000  1.000000  0.000000  0.000000  0.000000  1.000000  0.000000  0.000000  0.000000  1.000000  0.000000  0.000000  
114.788434 -0.001063  0.091445  0.009522  0.993909  0.088501  0.065665  -0.092755  0.993576  0.064836  -0.059505  -0.070532  0.995733  -0.000545  -0.001048  0.002130  0.000000  0.000000  0.000000  2.000000  1.000000  0.000000  0.000000  0.000000  1.000000  0.000000  0.000000  0.000000  1.000000  0.999998  0.001770  0.001198  -0.001771  0.999997  0.001588  -0.001195  -0.001590  0.999998  1.000000  0.000000  0.000000  0.000000  1.000000  0.000000  0.000000  0.000000  1.000000  1.000000  0.000000  0.000000  0.000000  1.000000  0.000000  0.000000  0.000000  1.000000  0.000000  0.000000  
114.789684 -0.001063  0.091443  0.009528  0.993828  0.089070  0.066125  -0.093366  0.993508  0.064999  -0.059906  -0.070772  0.995692  -0.000582  -0.001104  0.002507  0.000000  0.000000  0.000000  2.000000  1.000000  0.000000  0.000000  0.000000  1.000000  0.000000  0.000000  0.000000  1.000000  0.999996  0.002365  0.001509  -0.002368  0.999995  0.001914  -0.001505  -0.001918  0.999997  1.000000  0.000000  0.000000  0.000000  1.000000  0.000000  0.000000  0.000000  1.000000  1.000000  0.000000  0.000000  0.000000  1.000000  0.000000  0.000000  0.000000  1.000000  0.000000  0.000000  
114.790687 -0.001063  0.091443  0.009534  0.993754  0.089649  0.066452  -0.093979  0.993439  0.065174  -0.060173  -0.071012  0.995659  -0.000589  -0.001134  0.002905  0.000000  0.000000  0.000000  2.000000  1.000000  0.000000  0.000000  0.000000  1.000000  0.000000  0.000000  0.000000  1.000000  0.999993  0.003166  0.001835  -0.003170  0.999993  0.001985  -0.001828  -0.001991  0.999996  1.000000  0.000000  0.000000  0.000000  1.000000  0.000000  0.000000  0.000000  1.000000  1.000000  0.000000  0.000000  0.000000  1.000000  0.000000  0.000000  0.000000  1.000000  0.000000  0.000000  
114.791935 -0.001064  0.091443  0.009543  0.993672  0.090218  0.066912  -0.094590  0.993370  0.065336  -0.060574  -0.071252  0.995617  -0.000625  -0.001178  0.003499  0.000000  0.000000  0.000000  2.000000  1.000000  0.000000  0.000000  0.000000  1.000000  0.000000  0.000000  0.000000  1.000000  0.999990  0.003957  0.002294  -0.003962  0.999990  0.002177  -0.002286  -0.002186  0.999995  1.000000  0.000000  0.000000  0.000000  1.000000  0.000000  0.000000  0.000000  1.000000  1.000000  0.000000  0.000000  0.000000  1.000000  0.000000  0.000000  0.000000  1.000000  0.000000  0.000000  
114.793183 -0.001065  0.091442  0.009554  0.993577  0.091001  0.067253  -0.095407  0.993281  0.065497  -0.060841  -0.071492  0.995584  -0.000674  -0.001180  0.004171  0.000000  0.000000  0.000000  2.000000  1.000000  0.000000  0.000000  0.000000  1.000000  0.000000  0.000000  0.000000  1.000000  0.999985  0.004748  0.002754  -0.004754  0.999986  0.002367  -0.002743  -0.002380  0.999993  1.000000  0.000000  0.000000  0.000000  1.000000  0.000000  0.000000  0.000000  1.000000  1.000000  0.000000  0.000000  0.000000  1.000000  0.000000  0.000000  0.000000  1.000000  0.000000  0.000000  
114.794192 -0.001065  0.091441  0.009563  0.993502  0.091587  0.067570  -0.096019  0.993219  0.065550  -0.061108  -0.071612  0.995559  -0.000756  -0.001248  0.004800  0.000000  0.000000  0.000000  2.000000  1.000000  0.000001  0.000151  -0.000001  1.000000  0.000063  -0.000151  -0.000063  1.000000  0.999981  0.005343  0.003066  -0.005351  0.999982  0.002571  -0.003052  -0.002587  0.999992  1.000000  0.000000  0.000077  -0.000000  1.000000  0.000032  -0.000077  -0.000032  1.000000  1.000000  0.000001  0.000151  -0.000001  1.000000  0.000063  -0.000151  -0.000063  1.000000  0.000000  0.006678  
114.795434 -0.001068  0.091439  0.009573  0.993434  0.092174  0.067765  -0.096632  0.993147  0.065736  -0.061241  -0.071853  0.995533  -0.000867  -0.001352  0.005247  0.094804  -0.107319  0.179350  2.000000  1.000000  0.000014  0.000570  -0.000014  1.000000  0.000228  -0.000570  -0.000228  1.000000  0.999976  0.006152  0.003260  -0.006161  0.999977  0.002762  -0.003243  -0.002782  0.999991  1.000000  0.000003  0.000087  -0.000003  1.000000  0.000035  -0.000087  -0.000035  1.000000  1.000000  0.000014  0.000570  -0.000014  1.000000  0.000228  -0.000570  -0.000228  1.000000  0.000056  0.007494  
114.796685 -0.001071  0.091435  0.009583  0.993386  0.092549  0.067958  -0.097040  0.993086  0.066057  -0.061375  -0.072215  0.995499  -0.001002  -0.001432  0.005747  0.105784  -0.113307  0.199692  2.000000  0.999999  0.000039  0.001035  -0.000039  1.000000  0.000409  -0.001035  -0.000409  0.999999  0.999970  0.006962  0.003454  -0.006972  0.999971  0.002953  -0.003433  -0.002977  0.999990  1.000000  0.000006  0.000097  -0.000006  1.000000  0.000037  -0.000097  -0.000037  1.000000  0.999999  0.000039  0.001035  -0.000039  1.000000  0.000409  -0.001035  -0.000409  0.999999  0.000063  0.008318  
114.797690 -0.001073  0.091431  0.009591  0.993338  0.092932  0.068141  -0.097448  0.993033  0.066257  -0.061509  -0.072456  0.995473  -0.001126  -0.001522  0.006153  0.113094  -0.118794  0.213140  2.000000  0.999999  0.000058  0.001334  -0.000059  1.000000  0.000527  -0.001334  -0.000527  0.999999  0.999966  0.007361  0.003619  -0.007373  0.999968  0.003169  -0.003595  -0.003195  0.999988  1.000000  0.000007  0.000102  -0.000007  1.000000  0.000040  -0.000102  -0.000040  1.000000  0.999999  0.000058  0.001334  -0.000059  1.000000  0.000527  -0.001334  -0.000527  0.999999  0.000067  0.008798  
114.798701 -0.001076  0.091428  0.009599  0.993270  0.093519  0.068337  -0.098061  0.992960  0.066442  -0.061642  -0.072696  0.995447  -0.001228  -0.001609  0.006473  0.119500  -0.125188  0.240220  2.000000  0.999998  0.000089  0.001759  -0.000090  1.000000  0.000696  -0.001759  -0.000696  0.999998  0.999961  0.007965  0.003799  -0.007978  0.999962  0.003493  -0.003771  -0.003523  0.999987  1.000000  0.000009  0.000110  -0.000009  1.000000  0.000044  -0.000110  -0.000044  1.000000  0.999998  0.000089  0.001759  -0.000090  1.000000  0.000696  -0.001759  -0.000696  0.999998  0.000073  0.009497  
114.799939 -0.001079  0.091422  0.009608  0.993192  0.094079  0.068689  -0.098673  0.992872  0.066856  -0.061909  -0.073178  0.995396  -0.001304  -0.001844  0.006784  0.134189  -0.136266  0.267269  2.000000  0.999998  0.000127  0.002220  -0.000129  1.000000  0.000876  -0.002220  -0.000876  0.999997  0.999955  0.008559  0.004114  -0.008574  0.999956  0.003695  -0.004082  -0.003730  0.999985  1.000000  0.000009  0.000118  -0.000009  1.000000  0.000046  -0.000118  -0.000046  1.000000  0.999998  0.000127  0.002220  -0.000129  1.000000  0.000876  -0.002220  -0.000876  0.999997  0.000079  0.010196  
114.801188 -0.001081  0.091416  0.009617  0.993135  0.094443  0.069015  -0.099080  0.992810  0.067162  -0.062176  -0.073539  0.995352  -0.001398  -0.002089  0.007002  0.144401  -0.145117  0.278169  2.000000  0.999996  0.000177  0.002830  -0.000180  0.999999  0.001123  -0.002829  -0.001124  0.999995  0.999951  0.008957  0.004282  -0.008974  0.999952  0.004031  -0.004245  -0.004069  0.999983  1.000000  0.000010  0.000124  -0.000010  1.000000  0.000051  -0.000124  -0.000051  1.000000  0.999996  0.000177  0.002830  -0.000180  0.999999  0.001123  -0.002829  -0.001124  0.999995  0.000087  0.010722  
114.802189 -0.001083  0.091411  0.009624  0.993078  0.094807  0.069343  -0.099487  0.992749  0.067468  -0.062443  -0.073900  0.995309  -0.001464  -0.002339  0.007194  0.156424  -0.156711  0.300258  2.000000  0.999995  0.000207  0.003198  -0.000211  0.999999  0.001283  -0.003198  -0.001283  0.999994  0.999951  0.008955  0.004285  -0.008974  0.999950  0.004393  -0.004245  -0.004432  0.999981  1.000000  0.000010  0.000124  -0.000010  1.000000  0.000055  -0.000124  -0.000055  1.000000  0.999995  0.000207  0.003198  -0.000211  0.999999  0.001283  -0.003198  -0.001283  0.999994  0.000093  0.010864  
114.803438 -0.001086  0.091405  0.009633  0.993028  0.095173  0.069549  -0.099895  0.992678  0.067908  -0.062577  -0.074382  0.995264  -0.001574  -0.002640  0.007440  0.171876  -0.162266  0.313686  2.000000  0.999993  0.000255  0.003813  -0.000261  0.999999  0.001563  -0.003813  -0.001564  0.999992  0.999951  0.008964  0.004155  -0.008982  0.999949  0.004512  -0.004114  -0.004549  0.999981  1.000000  0.000011  0.000123  -0.000011  1.000000  0.000057  -0.000123  -0.000057  1.000000  0.999993  0.000255  0.003813  -0.000261  0.999999  0.001563  -0.003813  -0.001564  0.999992  0.000098  0.010869  
114.804689 -0.001089  0.091399  0.009642  0.992970  0.095536  0.069877  -0.100302  0.992616  0.068214  -0.062844  -0.074743  0.995221  -0.001784  -0.003011  0.007612  0.182791  -0.172770  0.333650  2.000000  0.999990  0.000314  0.004427  -0.000322  0.999998  0.001854  -0.004426  -0.001855  0.999988  0.999952  0.008972  0.004024  -0.008991  0.999949  0.004632  -0.003983  -0.004668  0.999981  1.000000  0.000013  0.000122  -0.000013  1.000000  0.000058  -0.000122  -0.000058  1.000000  0.999990  0.000314  0.004427  -0.000322  0.999998  0.001854  -0.004426  -0.001855  0.999988  0.000102  0.010877  
114.805935 -0.001093  0.091392  0.009650  0.992941  0.095705  0.070058  -0.100506  0.992572  0.068547  -0.062977  -0.075105  0.995185  -0.002001  -0.003437  0.007628  0.194185  -0.178338  0.347122  2.000000  0.999987  0.000376  0.005050  -0.000387  0.999998  0.002152  -0.005049  -0.002154  0.999985  0.999950  0.009175  0.004043  -0.009194  0.999946  0.004739  -0.003999  -0.004776  0.999981  1.000000  0.000014  0.000125  -0.000014  1.000000  0.000059  -0.000125  -0.000059  1.000000  0.999987  0.000376  0.005050  -0.000387  0.999998  0.002152  -0.005049  -0.002154  0.999985  0.000108  0.011098  
114.806941 -0.001096  0.091387  0.009657  0.992921  0.095892  0.070096  -0.100710  0.992536  0.068774  -0.062977  -0.075346  0.995167  -0.002157  -0.003781  0.007538  0.201872  -0.178839  0.353909  2.000000  0.999985  0.000421  0.005544  -0.000434  0.999997  0.002392  -0.005543  -0.002394  0.999982  0.999951  0.008959  0.004163  -0.008979  0.999948  0.004751  -0.004120  -0.004788  0.999980  1.000000  0.000011  0.000123  -0.000011  1.000000  0.000060  -0.000123  -0.000060  1.000000  0.999985  0.000421  0.005544  -0.000434  0.999997  0.002392  -0.005543  -0.002394  0.999982  0.000111  0.010971  
114.808182 -0.001100  0.091380  0.009665  0.992871  0.096274  0.070280  -0.101118  0.992481  0.068972  -0.063111  -0.075587  0.995140  -0.002385  -0.004138  0.007424  0.207139  -0.183447  0.371354  2.000000  0.999981  0.000460  0.006155  -0.000477  0.999996  0.002695  -0.006154  -0.002698  0.999977  0.999952  0.008733  0.004418  -0.008754  0.999950  0.004763  -0.004376  -0.004801  0.999979  1.000000  0.000007  0.000122  -0.000007  1.000000  0.000060  -0.000122  -0.000060  1.000000  0.999981  0.000460  0.006155  -0.000477  0.999996  0.002695  -0.006154  -0.002698  0.999977  0.000117  0.010893  
114.809433 -0.001105  0.091374  0.009673  0.992841  0.096443  0.070461  -0.101322  0.992437  0.069305  -0.063245  -0.075949  0.995104  -0.002595  -0.004494  0.007248  0.214761  -0.188463  0.377778  2.000000  0.999977  0.000491  0.006750  -0.000511  0.999995  0.002998  -0.006748  -0.003001  0.999973  0.999956  0.008322  0.004389  -0.008343  0.999954  0.004788  -0.004349  -0.004824  0.999979  1.000000  0.000005  0.000118  -0.000005  1.000000  0.000060  -0.000118  -0.000060  1.000000  0.999977  0.000491  0.006750  -0.000511  0.999995  0.002998  -0.006748  -0.003001  0.999973  0.000118  0.010565  
114.810433 -0.001108  0.091368  0.009679  0.992812  0.096628  0.070620  -0.101525  0.992409  0.069398  -0.063378  -0.076069  0.995086  -0.002703  -0.004678  0.007114  0.215117  -0.183575  0.371268  2.000000  0.999975  0.000506  0.007095  -0.000529  0.999995  0.003181  -0.007094  -0.003185  0.999970  0.999958  0.008126  0.004242  -0.008147  0.999955  0.004921  -0.004202  -0.004956  0.999979  1.000000  0.000005  0.000114  -0.000005  1.000000  0.000062  -0.000114  -0.000062  1.000000  0.999975  0.000506  0.007095  -0.000529  0.999995  0.003181  -0.007094  -0.003185  0.999970  0.000118  0.010412  
114.811434 -0.001112  0.091363  0.009685  0.992804  0.096601  0.070776  -0.101525  0.992394  0.069625  -0.063512  -0.076309  0.995059  -0.002794  -0.004925  0.006937  0.219961  -0.182655  0.357586  2.000000  0.999971  0.000524  0.007540  -0.000550  0.999994  0.003424  -0.007538  -0.003428  0.999966  0.999962  0.007726  0.004078  -0.007745  0.999958  0.004825  -0.004041  -0.004857  0.999980  1.000000  0.000004  0.000109  -0.000004  1.000000  0.000061  -0.000109  -0.000061  1.000000  0.999971  0.000524  0.007540  -0.000550  0.999994  0.003424  -0.007538  -0.003428  0.999966  0.000116  0.009988  
114.812436 -0.001116  0.091358  0.009691  0.992774  0.096786  0.070934  -0.101728  0.992366  0.069717  -0.063645  -0.076429  0.995042  -0.002856  -0.004956  0.006840  0.217610  -0.175265  0.361174  2.000000  0.999968  0.000537  0.007960  -0.000567  0.999993  0.003668  -0.007958  -0.003672  0.999962  0.999966  0.007325  0.003916  -0.007344  0.999961  0.004851  -0.003880  -0.004879  0.999981  1.000000  0.000004  0.000104  -0.000004  1.000000  0.000061  -0.000104  -0.000061  1.000000  0.999968  0.000537  0.007960  -0.000567  0.999993  0.003668  -0.007958  -0.003672  0.999962  0.000114  0.009626  
114.813691 -0.001120  0.091351  0.009700  0.992745  0.096963  0.071105  -0.101932  0.992330  0.069930  -0.063779  -0.076670  0.995015  -0.002941  -0.005095  0.006719  0.221617  -0.175314  0.361105  2.000000  0.999964  0.000556  0.008449  -0.000589  0.999992  0.003975  -0.008447  -0.003980  0.999956  0.999971  0.006740  0.003470  -0.006757  0.999965  0.005011  -0.003436  -0.005035  0.999981  1.000000  0.000005  0.000095  -0.000005  1.000000  0.000063  -0.000095  -0.000063  1.000000  0.999964  0.000556  0.008449  -0.000589  0.999992  0.003975  -0.008447  -0.003980  0.999956  0.000113  0.009094  
114.814696 -0.001124  0.091346  0.009706  0.992724  0.097150  0.071143  -0.102136  0.992294  0.070156  -0.063779  -0.076911  0.994996  -0.003089  -0.005151  0.006673  0.219863  -0.169583  0.358571  2.000000  0.999961  0.000566  0.008814  -0.000603  0.999991  0.004222  -0.008812  -0.004227  0.999952  0.999976  0.006135  0.003290  -0.006151  0.999969  0.004929  -0.003260  -0.004949  0.999982  1.000000  0.000003  0.000087  -0.000003  1.000000  0.000062  -0.000087  -0.000062  1.000000  0.999961  0.000566  0.008814  -0.000603  0.999991  0.004222  -0.008812  -0.004227  0.999952  0.000113  0.008536  
114.815704 -0.001128  0.091340  0.009713  0.992724  0.097133  0.071166  -0.102136  0.992276  0.070396  -0.063779  -0.077153  0.994977  -0.003198  -0.005202  0.006623  0.222429  -0.169974  0.347548  2.000000  0.999959  0.000575  0.009068  -0.000615  0.999990  0.004411  -0.009066  -0.004416  0.999949  0.999977  0.005940  0.003143  -0.005956  0.999969  0.005063  -0.003112  -0.005082  0.999982  1.000000  0.000003  0.000084  -0.000003  1.000000  0.000063  -0.000084  -0.000063  1.000000  0.999959  0.000575  0.009068  -0.000615  0.999990  0.004411  -0.009066  -0.004416  0.999949  0.000111  0.008420  
114.816938 -0.001133  0.091333  0.009721  0.992724  0.097107  0.071201  -0.102136  0.992251  0.070758  -0.063779  -0.077515  0.994949  -0.003368  -0.005241  0.006567  0.223892  -0.173175  0.326726  2.000000  0.999956  0.000584  0.009385  -0.000628  0.999989  0.004668  -0.009382  -0.004674  0.999945  0.999981  0.005334  0.002964  -0.005350  0.999972  0.005224  -0.002936  -0.005240  0.999982  1.000000  0.000001  0.000076  -0.000001  1.000000  0.000065  -0.000076  -0.000065  1.000000  0.999956  0.000584  0.009385  -0.000628  0.999989  0.004668  -0.009382  -0.004674  0.999945  0.000109  0.008038  
114.817940 -0.001137  0.091328  0.009727  0.992732  0.097100  0.071093  -0.102137  0.992233  0.071012  -0.063645  -0.077757  0.994939  -0.003461  -0.005296  0.006489  0.228659  -0.163115  0.313352  2.000000  0.999953  0.000592  0.009677  -0.000640  0.999988  0.004930  -0.009674  -0.004936  0.999941  0.999984  0.004945  0.002666  -0.004959  0.999974  0.005251  -0.002640  -0.005264  0.999983  1.000000  0.000002  0.000070  -0.000002  1.000000  0.000066  -0.000070  -0.000066  1.000000  0.999953  0.000592  0.009677  -0.000640  0.999988  0.004930  -0.009674  -0.004936  0.999941  0.000105  0.007694  
114.819188 -0.001142  0.091320  0.009734  0.992732  0.097074  0.071128  -0.102137  0.992207  0.071373  -0.063645  -0.078119  0.994910  -0.003601  -0.005403  0.006340  0.229886  -0.152708  0.293286  2.000000  0.999950  0.000597  0.010006  -0.000650  0.999986  0.005257  -0.010003  -0.005263  0.999936  0.999987  0.004339  0.002487  -0.004353  0.999977  0.005291  -0.002464  -0.005302  0.999983  1.000000  0.000000  0.000063  -0.000000  1.000000  0.000066  -0.000063  -0.000066  1.000000  0.999950  0.000597  0.010006  -0.000650  0.999986  0.005257  -0.010003  -0.005263  0.999936  0.000101  0.007285  
114.820444 -0.001149  0.091311  0.009740  0.992711  0.097261  0.071166  -0.102341  0.992169  0.071599  -0.063645  -0.078360  0.994891  -0.003831  -0.005574  0.006215  0.231084  -0.137760  0.273564  2.000000  0.999947  0.000597  0.010296  -0.000655  0.999984  0.005583  -0.010292  -0.005589  0.999931  0.999990  0.003950  0.002190  -0.003961  0.999979  0.005196  -0.002169  -0.005204  0.999984  1.000000  0.000001  0.000056  -0.000001  1.000000  0.000065  -0.000056  -0.000065  1.000000  0.999947  0.000597  0.010296  -0.000655  0.999984  0.005583  -0.010292  -0.005589  0.999931  0.000098  0.006887  
114.821691 -0.001156  0.091302  0.009745  0.992711  0.097236  0.071202  -0.102341  0.992143  0.071960  -0.063645  -0.078722  0.994863  -0.004054  -0.005758  0.005973  0.236409  -0.122845  0.253894  2.000000  0.999945  0.000599  0.010499  -0.000660  0.999983  0.005838  -0.010495  -0.005845  0.999928  0.999993  0.003356  0.001875  -0.003365  0.999981  0.005114  -0.001858  -0.005120  0.999985  1.000000  0.000001  0.000048  -0.000001  1.000000  0.000064  -0.000048  -0.000064  1.000000  0.999945  0.000599  0.010499  -0.000660  0.999983  0.005838  -0.010495  -0.005845  0.999928  0.000093  0.006400  
114.822930 -0.001162  0.091292  0.009748  0.992703  0.097208  0.071358  -0.102340  0.992127  0.072187  -0.063779  -0.078963  0.994835  -0.004211  -0.005980  0.005629  0.239783  -0.115907  0.231672  2.000000  0.999943  0.000599  0.010638  -0.000663  0.999982  0.006029  -0.010634  -0.006035  0.999925  0.999995  0.002751  0.001695  -0.002759  0.999984  0.004910  -0.001681  -0.004915  0.999987  1.000000  0.000000  0.000000  0.000000  1.000000  0.000000  0.000000  0.000000  1.000000  0.999943  0.000599  0.010638  -0.000663  0.999982  0.006029  -0.010634  -0.006035  0.999925  0.000089  0.000000  
114.823936 -0.001168  0.091285  0.009751  0.992703  0.097190  0.071381  -0.102340  0.992109  0.072428  -0.063779  -0.079204  0.994816  -0.004290  -0.006114  0.005372  0.243517  -0.105890  0.206736  2.000000  0.999943  0.000599  0.010638  -0.000663  0.999982  0.006029  -0.010634  -0.006035  0.999925  0.999996  0.002567  0.001412  -0.002574  0.999985  0.004924  -0.001399  -0.004927  0.999987  1.000000  0.000000  0.000000  0.000000  1.000000  0.000000  0.000000  0.000000  1.000000  0.999943  0.000599  0.010638  -0.000663  0.999982  0.006029  -0.010634  -0.006035  0.999925  0.000087  0.000000  
114.825185 -0.001174  0.091276  0.009755  0.992703  0.097164  0.071417  -0.102340  0.992083  0.072789  -0.063779  -0.079566  0.994787  -0.004421  -0.006251  0.005114  0.248824  -0.099873  0.186339  2.000000  0.999943  0.000599  0.010638  -0.000663  0.999982  0.006029  -0.010634  -0.006035  0.999925  0.999997  0.002168  0.001247  -0.002174  0.999987  0.004707  -0.001237  -0.004710  0.999988  1.000000  0.000000  0.000000  0.000000  1.000000  0.000000  0.000000  0.000000  1.000000  0.999943  0.000599  0.010638  -0.000663  0.999982  0.006029  -0.010634  -0.006035  0.999925  0.000083  0.000000  
114.826191 -0.001178  0.091270  0.009758  0.992682  0.097351  0.071455  -0.102545  0.992045  0.073015  -0.063779  -0.079808  0.994768  -0.004472  -0.006261  0.004890  0.249191  -0.094888  0.179732  2.000000  0.999943  0.000599  0.010638  -0.000663  0.999982  0.006029  -0.010634  -0.006035  0.999925  0.999997  0.001973  0.001098  -0.001978  0.999987  0.004720  -0.001088  -0.004723  0.999988  1.000000  0.000000  0.000000  0.000000  1.000000  0.000000  0.000000  0.000000  1.000000  0.999943  0.000599  0.010638  -0.000663  0.999982  0.006029  -0.010634  -0.006035  0.999925  0.000080  0.000000  
114.827468 -0.001183  0.091264  0.009761  0.992690  0.097345  0.071346  -0.102546  0.992026  0.073269  -0.063645  -0.080050  0.994757  -0.004508  -0.006248  0.004622  0.245803  -0.084860  0.166501  2.000000  0.999943  0.000599  0.010638  -0.000663  0.999982  0.006029  -0.010634  -0.006035  0.999925  0.999998  0.001790  0.000815  -0.001793  0.999987  0.004734  -0.000807  -0.004735  0.999988  1.000000  0.000000  0.000000  0.000000  1.000000  0.000000  0.000000  0.000000  1.000000  0.999943  0.000599  0.010638  -0.000663  0.999982  0.006029  -0.010634  -0.006035  0.999925  0.000078  0.000000  
114.828698 -0.001188  0.091257  0.009765  0.992711  0.097114  0.071367  -0.102341  0.992020  0.073645  -0.063645  -0.080412  0.994728  -0.004539  -0.006253  0.004336  0.249765  -0.077743  0.138286  2.000000  0.999943  0.000599  0.010638  -0.000663  0.999982  0.006029  -0.010634  -0.006035  0.999925  0.999999  0.001595  0.000666  -0.001598  0.999987  0.004747  -0.000658  -0.004748  0.999989  1.000000  0.000000  0.000000  0.000000  1.000000  0.000000  0.000000  0.000000  1.000000  0.999943  0.000599  0.010638  -0.000663  0.999982  0.006029  -0.010634  -0.006035  0.999925  0.000075  0.000000  
114.829941 -0.001193  0.091252  0.009769  0.992711  0.097097  0.071390  -0.102341  0.992002  0.073885  -0.063645  -0.080653  0.994708  -0.004517  -0.006152  0.004032  0.240888  -0.063398  0.119785  2.000000  0.999943  0.000599  0.010638  -0.000663  0.999982  0.006029  -0.010634  -0.006035  0.999925  0.999999  0.001186  0.000633  -0.001189  0.999988  0.004773  -0.000627  -0.004774  0.999988  1.000000  0.000000  0.000000  0.000000  1.000000  0.000000  0.000000  0.000000  1.000000  0.999943  0.000599  0.010638  -0.000663  0.999982  0.006029  -0.010634  -0.006035  0.999925  0.000069  0.000000  
114.830986 -0.001196  0.091247  0.009771  0.992711  0.097088  0.071402  -0.102341  0.991993  0.074006  -0.063645  -0.080774  0.994698  -0.004494  -0.006121  0.003729  0.237266  -0.057769  0.106167  2.000000  0.999943  0.000599  0.010638  -0.000663  0.999982  0.006029  -0.010634  -0.006035  0.999925  0.999999  0.000991  0.000483  -0.000994  0.999988  0.004786  -0.000478  -0.004787  0.999988  1.000000  0.000000  0.000000  0.000000  1.000000  0.000000  0.000000  0.000000  1.000000  0.999943  0.000599  0.010638  -0.000663  0.999982  0.006029  -0.010634  -0.006035  0.999925  0.000067  0.000000  
114.832187 -0.001201  0.091242  0.009775  0.992690  0.097275  0.071441  -0.102546  0.991955  0.074232  -0.063645  -0.081015  0.994679  -0.004465  -0.006018  0.003536  0.232080  -0.047996  0.099314  2.000000  0.999943  0.000599  0.010638  -0.000663  0.999982  0.006029  -0.010634  -0.006035  0.999925  1.000000  0.000797  0.000333  -0.000799  0.999988  0.004799  -0.000330  -0.004800  0.999988  1.000000  0.000000  0.000000  0.000000  1.000000  0.000000  0.000000  0.000000  1.000000  0.999943  0.000599  0.010638  -0.000663  0.999982  0.006029  -0.010634  -0.006035  0.999925  0.000064  0.000000  
114.833190 -0.001204  0.091237  0.009778  0.992690  0.097267  0.071453  -0.102546  0.991946  0.074352  -0.063645  -0.081136  0.994669  -0.004397  -0.005959  0.003323  0.222632  -0.042863  0.086699  2.000000  0.999943  0.000599  0.010638  -0.000663  0.999982  0.006029  -0.010634  -0.006035  0.999925  0.999999  0.001013  0.000217  -0.001014  0.999988  0.004786  -0.000212  -0.004787  0.999989  1.000000  0.000000  0.000000  0.000000  1.000000  0.000000  0.000000  0.000000  1.000000  0.999943  0.000599  0.010638  -0.000663  0.999982  0.006029  -0.010634  -0.006035  0.999925  0.000063  0.000000  
114.834440 -0.001208  0.091231  0.009781  0.992711  0.097045  0.071461  -0.102341  0.991948  0.074607  -0.063645  -0.081377  0.994649  -0.004255  -0.005779  0.003061  0.219868  -0.032304  0.066739  2.000000  0.999943  0.000599  0.010638  -0.000663  0.999982  0.006029  -0.010634  -0.006035  0.999925  1.000000  0.000614  0.000050  -0.000615  0.999988  0.004813  -0.000047  -0.004813  0.999988  1.000000  0.000000  0.000000  0.000000  1.000000  0.000000  0.000000  0.000000  1.000000  0.999943  0.000599  0.010638  -0.000663  0.999982  0.006029  -0.010634  -0.006035  0.999925  0.000059  0.000000  
114.835688 -0.001212  0.091225  0.009785  0.992720  0.097039  0.071352  -0.102342  0.991928  0.074862  -0.063512  -0.081619  0.994638  -0.004095  -0.005567  0.002933  0.216206  -0.022812  0.060544  2.000000  0.999943  0.000599  0.010638  -0.000663  0.999982  0.006029  -0.010634  -0.006035  0.999925  1.000000  0.000420  -0.000100  -0.000420  0.999988  0.004826  0.000102  -0.004826  0.999988  1.000000  0.000000  0.000000  0.000000  1.000000  0.000000  0.000000  0.000000  1.000000  0.999943  0.000599  0.010638  -0.000663  0.999982  0.006029  -0.010634  -0.006035  0.999925  0.000058  0.000000  
114.836698 -0.001215  0.091221  0.009788  0.992720  0.097021  0.071376  -0.102342  0.991910  0.075102  -0.063512  -0.081860  0.994618  -0.003908  -0.005336  0.002860  0.216617  -0.022280  0.053648  2.000000  0.999943  0.000599  0.010638  -0.000663  0.999982  0.006029  -0.010634  -0.006035  0.999925  1.000000  0.000227  -0.000250  -0.000225  0.999988  0.004839  0.000251  -0.004839  0.999988  1.000000  0.000000  0.000000  0.000000  1.000000  0.000000  0.000000  0.000000  1.000000  0.999943  0.000599  0.010638  -0.000663  0.999982  0.006029  -0.010634  -0.006035  0.999925  0.000057  0.000000  
114.837937 -0.001218  0.091216  0.009791  0.992720  0.097004  0.071399  -0.102342  0.991892  0.075343  -0.063512  -0.082102  0.994598  -0.003667  -0.005061  0.002834  0.217503  -0.016721  0.040235  2.000000  0.999943  0.000599  0.010638  -0.000663  0.999982  0.006029  -0.010634  -0.006035  0.999925  1.000000  0.000227  -0.000250  -0.000226  0.999989  0.004596  0.000251  -0.004596  0.999989  1.000000  0.000000  0.000000  0.000000  1.000000  0.000000  0.000000  0.000000  1.000000  0.999943  0.000599  0.010638  -0.000663  0.999982  0.006029  -0.010634  -0.006035  0.999925  0.000055  0.000000  
114.839185 -0.001219  0.091210  0.009794  0.992720  0.096978  0.071434  -0.102342  0.991864  0.075704  -0.063512  -0.082463  0.994568  -0.003387  -0.004833  0.002828  0.217957  -0.011706  0.033705  2.000000  0.999943  0.000599  0.010638  -0.000663  0.999982  0.006029  -0.010634  -0.006035  0.999925  1.000000  0.000216  -0.000116  -0.000215  0.999989  0.004596  0.000117  -0.004596  0.999989  1.000000  0.000000  0.000000  0.000000  1.000000  0.000000  0.000000  0.000000  1.000000  0.999943  0.000599  0.010638  -0.000663  0.999982  0.006029  -0.010634  -0.006035  0.999925  0.000055  0.000000  
114.840192 -0.001221  0.091207  0.009797  0.992741  0.096757  0.071442  -0.102138  0.991866  0.075959  -0.063512  -0.082705  0.994548  -0.003100  -0.004572  0.002792  0.222865  -0.006130  0.020289  2.000000  0.999943  0.000599  0.010638  -0.000663  0.999982  0.006029  -0.010634  -0.006035  0.999925  1.000000  0.000011  -0.000133  -0.000010  0.999990  0.004488  0.000133  -0.004488  0.999990  1.000000  0.000000  0.000000  0.000000  1.000000  0.000000  0.000000  0.000000  1.000000  0.999943  0.000599  0.010638  -0.000663  0.999982  0.006029  -0.010634  -0.006035  0.999925  0.000056  0.000000  
114.841434 -0.001221  0.091203  0.009799  0.992741  0.096739  0.071466  -0.102138  0.991848  0.076200  -0.063512  -0.082946  0.994528  -0.002779  -0.004404  0.002705  0.222939  -0.001653  0.020653  2.000000  0.999943  0.000599  0.010638  -0.000663  0.999982  0.006029  -0.010634  -0.006035  0.999925  1.000000  -0.000194  -0.000150  0.000194  0.999990  0.004501  0.000150  -0.004501  0.999990  1.000000  0.000000  0.000000  0.000000  1.000000  0.000000  0.000000  0.000000  1.000000  0.999943  0.000599  0.010638  -0.000663  0.999982  0.006029  -0.010634  -0.006035  0.999925  0.000055  0.000000  
114.842442 -0.001221  0.091200  0.009801  0.992741  0.096722  0.071489  -0.102138  0.991829  0.076440  -0.063512  -0.083187  0.994508  -0.002536  -0.004299  0.002634  0.227458  0.003379  0.014128  2.000000  0.999943  0.000599  0.010638  -0.000663  0.999982  0.006029  -0.010634  -0.006035  0.999925  1.000000  -0.000194  -0.000150  0.000194  0.999990  0.004501  0.000150  -0.004501  0.999990  1.000000  0.000000  0.000000  0.000000  1.000000  0.000000  0.000000  0.000000  1.000000  0.999943  0.000599  0.010638  -0.000663  0.999982  0.006029  -0.010634  -0.006035  0.999925  0.000056  0.000000  
114.843685 -0.001220  0.091197  0.009802  0.992741  0.096705  0.071513  -0.102138  0.991810  0.076681  -0.063512  -0.083428  0.994488  -0.002137  -0.004040  0.002505  0.226030  0.008344  0.007543  2.000000  0.999943  0.000599  0.010638  -0.000663  0.999982  0.006029  -0.010634  -0.006035  0.999925  1.000000  -0.000182  -0.000284  0.000184  0.999990  0.004380  0.000283  -0.004380  0.999990  1.000000  0.000000  0.000000  0.000000  1.000000  0.000000  0.000000  0.000000  1.000000  0.999943  0.000599  0.010638  -0.000663  0.999982  0.006029  -0.010634  -0.006035  0.999925  0.000056  0.000000  
114.844690 -0.001219  0.091194  0.009803  0.992741  0.096696  0.071524  -0.102138  0.991801  0.076801  -0.063512  -0.083549  0.994478  -0.001814  -0.003905  0.002349  0.222428  0.008893  0.000717  2.000000  0.999943  0.000599  0.010638  -0.000663  0.999982  0.006029  -0.010634  -0.006035  0.999925  1.000000  -0.000182  -0.000284  0.000184  0.999990  0.004380  0.000283  -0.004380  0.999990  1.000000  0.000000  0.000000  0.000000  1.000000  0.000000  0.000000  0.000000  1.000000  0.999943  0.000599  0.010638  -0.000663  0.999982  0.006029  -0.010634  -0.006035  0.999925  0.000057  0.000000  
114.845701 -0.001218  0.091192  0.009804  0.992741  0.096678  0.071548  -0.102138  0.991782  0.077042  -0.063512  -0.083790  0.994457  -0.001490  -0.003720  0.002214  0.222393  0.008892  0.000719  2.000000  0.999943  0.000599  0.010638  -0.000663  0.999982  0.006029  -0.010634  -0.006035  0.999925  1.000000  -0.000182  -0.000284  0.000184  0.999990  0.004380  0.000283  -0.004380  0.999990  1.000000  0.000000  0.000000  0.000000  1.000000  0.000000  0.000000  0.000000  1.000000  0.999943  0.000599  0.010638  -0.000663  0.999982  0.006029  -0.010634  -0.006035  0.999925  0.000057  0.000000  
114.847018 -0.001217  0.091190  0.009805  0.992741  0.096661  0.071571  -0.102138  0.991764  0.077283  -0.063512  -0.084032  0.994437  -0.001087  -0.003470  0.002032  0.219598  0.004471  0.000363  2.000000  0.999943  0.000599  0.010638  -0.000663  0.999982  0.006029  -0.010634  -0.006035  0.999925  1.000000  -0.000182  -0.000284  0.000183  0.999990  0.004380  0.000283  -0.004380  0.999990  1.000000  0.000000  0.000000  0.000000  1.000000  0.000000  0.000000  0.000000  1.000000  0.999943  0.000599  0.010638  -0.000663  0.999982  0.006029  -0.010634  -0.006035  0.999925  0.000055  0.000000  
114.848188 -0.001215  0.091188  0.009807  0.992741  0.096644  0.071595  -0.102138  0.991745  0.077523  -0.063512  -0.084273  0.994417  -0.000757  -0.003263  0.001921  0.218359  0.004446  0.000362  2.000000  0.999943  0.000599  0.010638  -0.000663  0.999982  0.006029  -0.010634  -0.006035  0.999925  1.000000  -0.000398  -0.000168  0.000399  0.999990  0.004393  0.000166  -0.004393  0.999990  1.000000  0.000000  0.000000  0.000000  1.000000  0.000000  0.000000  0.000000  1.000000  0.999943  0.000599  0.010638  -0.000663  0.999982  0.006029  -0.010634  -0.006035  0.999925  0.000055  0.000000  
114.849437 -0.001213  0.091186  0.009809  0.992732  0.096615  0.071751  -0.102137  0.991727  0.077750  -0.063645  -0.084513  0.994388  -0.000370  -0.003025  0.001835  0.214293  -0.000000  -0.000000  2.000000  0.999943  0.000599  0.010638  -0.000663  0.999982  0.006029  -0.010634  -0.006035  0.999925  1.000000  -0.000409  -0.000035  0.000410  0.999990  0.004393  0.000033  -0.004393  0.999990  1.000000  0.000000  0.000000  0.000000  1.000000  0.000000  0.000000  0.000000  1.000000  0.999943  0.000599  0.010638  -0.000663  0.999982  0.006029  -0.010634  -0.006035  0.999925  0.000054  0.000000  
114.850691 -0.001211  0.091185  0.009812  0.992732  0.096598  0.071774  -0.102137  0.991708  0.077991  -0.063645  -0.084755  0.994367  0.000101  -0.002670  0.001762  0.212469  0.000565  -0.006883  2.000000  0.999943  0.000599  0.010638  -0.000663  0.999982  0.006029  -0.010634  -0.006035  0.999925  1.000000  -0.000205  -0.000017  0.000205  0.999991  0.004258  0.000017  -0.004258  0.999991  1.000000  0.000000  0.000000  0.000000  1.000000  0.000000  0.000000  0.000000  1.000000  0.999943  0.000599  0.010638  -0.000663  0.999982  0.006029  -0.010634  -0.006035  0.999925  0.000053  0.000000  
114.851937 -0.001208  0.091185  0.009815  0.992732  0.096589  0.071786  -0.102137  0.991699  0.078111  -0.063645  -0.084875  0.994357  0.000456  -0.002343  0.001777  0.204278  0.005048  -0.006513  2.000000  0.999943  0.000599  0.010638  -0.000663  0.999982  0.006029  -0.010634  -0.006035  0.999925  1.000000  -0.000205  -0.000017  0.000205  0.999991  0.004258  0.000017  -0.004258  0.999991  1.000000  0.000000  0.000000  0.000000  1.000000  0.000000  0.000000  0.000000  1.000000  0.999943  0.000599  0.010638  -0.000663  0.999982  0.006029  -0.010634  -0.006035  0.999925  0.000052  0.000000  
114.853190 -0.001206  0.091184  0.009819  0.992732  0.096572  0.071809  -0.102137  0.991680  0.078352  -0.063645  -0.085116  0.994336  0.000831  -0.001958  0.001809  0.204262  0.005049  -0.006511  2.000000  0.999943  0.000599  0.010638  -0.000663  0.999982  0.006029  -0.010634  -0.006035  0.999925  1.000000  -0.000205  -0.000018  0.000205  0.999991  0.004137  0.000017  -0.004137  0.999991  1.000000  0.000000  0.000000  0.000000  1.000000  0.000000  0.000000  0.000000  1.000000  0.999943  0.000599  0.010638  -0.000663  0.999982  0.006029  -0.010634  -0.006035  0.999925  0.000051  0.000000  
