1-Time 2-Px 3-Py 4-Pz 5-R11 6-R21 7-R31 8-R12 9-R22 10-R32 11-R13 12-R23 13-R33 14-Vx 15-Vy 16-Vz 17-Wx 18-Wy 19-Wz 20-state 21-PR11 22-PR21 23-PR31 24-PR12 25-PR22 26-PR32 27-PR13 28-PR23 29-PR33 
65.711601 -0.000056  0.089671  -0.003966  0.994331  0.104068  0.021831  -0.104370  0.994451  0.013197  -0.020336  -0.015401  0.999675  0.002706  0.002359  0.002015  0.000000  0.000000  0.000000  2.000000  1.000000  0.000000  0.000000  -0.000000  1.000000  0.000000  0.000000  -0.000000  1.000000  0.999998  -0.001636  -0.000694  0.001636  0.999999  -0.000088  0.000694  0.000087  1.000000  1.000000  0.000000  0.000000  0.000000  1.000000  0.000000  0.000000  0.000000  1.000000  0.791911  0.563829  -0.234466  -0.468730  0.807374  0.358384  0.391369  -0.173907  0.903652  0.000000  0.000000  
65.712604 -0.000052  0.089674  -0.003964  0.994333  0.104070  0.021698  -0.104371  0.994451  0.013211  -0.020202  -0.015401  0.999677  0.002795  0.002420  0.002036  0.000000  0.000000  0.000000  2.000000  1.000000  0.000000  0.000000  0.000000  1.000000  0.000000  0.000000  0.000000  1.000000  0.999998  -0.001636  -0.000694  0.001636  0.999999  -0.000088  0.000694  0.000087  1.000000  1.000000  0.000000  0.000000  0.000000  1.000000  0.000000  0.000000  0.000000  1.000000  1.000000  0.000000  0.000000  0.000000  1.000000  0.000000  0.000000  0.000000  1.000000  0.000000  0.000000  
65.713859 -0.000050  0.089674  -0.003964  0.994288  0.104477  0.021836  -0.104780  0.994408  0.013188  -0.020336  -0.015401  0.999675  0.002747  0.002266  0.001942  0.000000  0.000000  0.000000  2.000000  1.000000  0.000000  0.000000  0.000000  1.000000  0.000000  0.000000  0.000000  1.000000  0.999999  -0.001227  -0.000554  0.001227  0.999999  0.000025  0.000554  -0.000026  1.000000  1.000000  0.000000  0.000000  0.000000  1.000000  0.000000  0.000000  0.000000  1.000000  1.000000  0.000000  0.000000  0.000000  1.000000  0.000000  0.000000  0.000000  1.000000  0.000000  0.000000  
65.714862 -0.000048  0.089674  -0.003963  0.994223  0.105089  0.021857  -0.105394  0.994342  0.013295  -0.020336  -0.015522  0.999673  0.002708  0.002133  0.001807  0.000000  0.000000  0.000000  2.000000  1.000000  0.000000  0.000000  0.000000  1.000000  0.000000  0.000000  0.000000  1.000000  1.000000  -0.000609  -0.000545  0.000609  1.000000  0.000134  0.000545  -0.000134  1.000000  1.000000  0.000000  0.000000  0.000000  1.000000  0.000000  0.000000  0.000000  1.000000  1.000000  0.000000  0.000000  0.000000  1.000000  0.000000  0.000000  0.000000  1.000000  0.000000  0.000000  
65.716105 -0.000045  0.089674  -0.003963  0.994174  0.105494  0.022128  -0.105803  0.994299  0.013258  -0.020604  -0.015522  0.999667  0.002684  0.001956  0.001693  0.000000  0.000000  0.000000  2.000000  1.000000  0.000000  0.000000  0.000000  1.000000  0.000000  0.000000  0.000000  1.000000  1.000000  0.000004  -0.000268  -0.000004  1.000000  0.000121  0.000268  -0.000121  1.000000  1.000000  0.000000  0.000000  0.000000  1.000000  0.000000  0.000000  0.000000  1.000000  1.000000  0.000000  0.000000  0.000000  1.000000  0.000000  0.000000  0.000000  1.000000  0.000000  0.000000  
65.717107 -0.000043  0.089674  -0.003963  0.994152  0.105696  0.022144  -0.106007  0.994275  0.013374  -0.020604  -0.015643  0.999665  0.002673  0.001773  0.001546  0.000000  0.000000  0.000000  2.000000  1.000000  0.000000  0.000000  0.000000  1.000000  0.000000  0.000000  0.000000  1.000000  1.000000  0.000414  -0.000127  -0.000414  1.000000  0.000113  0.000127  -0.000113  1.000000  1.000000  0.000000  0.000000  0.000000  1.000000  0.000000  0.000000  0.000000  1.000000  1.000000  0.000000  0.000000  0.000000  1.000000  0.000000  0.000000  0.000000  1.000000  0.000000  0.000000  
65.718356 -0.000040  0.089674  -0.003963  0.994133  0.105903  0.022014  -0.106212  0.994253  0.013384  -0.020470  -0.015643  0.999668  0.002624  0.001589  0.001370  0.000000  0.000000  0.000000  2.000000  1.000000  0.000000  0.000000  0.000000  1.000000  0.000000  0.000000  0.000000  1.000000  1.000000  0.000825  -0.000121  -0.000825  1.000000  0.000226  0.000121  -0.000226  1.000000  1.000000  0.000000  0.000000  0.000000  1.000000  0.000000  0.000000  0.000000  1.000000  1.000000  0.000000  0.000000  0.000000  1.000000  0.000000  0.000000  0.000000  1.000000  0.000000  0.000000  
65.719357 -0.000038  0.089675  -0.003962  0.994070  0.106519  0.021889  -0.106827  0.994188  0.013384  -0.020336  -0.015643  0.999671  0.002557  0.001463  0.001300  0.000000  0.000000  0.000000  2.000000  1.000000  0.000000  0.000000  0.000000  1.000000  0.000000  0.000000  0.000000  1.000000  0.999999  0.001239  -0.000248  -0.001239  0.999999  0.000217  0.000249  -0.000217  1.000000  1.000000  0.000000  0.000000  0.000000  1.000000  0.000000  0.000000  0.000000  1.000000  1.000000  0.000000  0.000000  0.000000  1.000000  0.000000  0.000000  0.000000  1.000000  0.000000  0.000000  
65.720357 -0.000036  0.089675  -0.003962  0.994006  0.107133  0.021777  -0.107441  0.994120  0.013506  -0.020202  -0.015765  0.999672  0.002556  0.001332  0.001194  0.000000  0.000000  0.000000  2.000000  1.000000  0.000000  0.000000  0.000000  1.000000  0.000000  0.000000  0.000000  1.000000  0.999998  0.001859  -0.000372  -0.001858  0.999998  0.000326  0.000373  -0.000326  1.000000  1.000000  0.000000  0.000000  0.000000  1.000000  0.000000  0.000000  0.000000  1.000000  1.000000  0.000000  0.000000  0.000000  1.000000  0.000000  0.000000  0.000000  1.000000  0.000000  0.000000  
65.721609 -0.000034  0.089676  -0.003962  0.993917  0.107951  0.021788  -0.108259  0.994031  0.013488  -0.020202  -0.015765  0.999672  0.002429  0.001151  0.000996  0.000000  0.000000  0.000000  2.000000  1.000000  0.000000  0.000000  0.000000  1.000000  0.000000  0.000000  0.000000  1.000000  0.999996  0.002888  -0.000356  -0.002887  0.999996  0.000306  0.000357  -0.000305  1.000000  1.000000  0.000000  0.000000  0.000000  1.000000  0.000000  0.000000  0.000000  1.000000  1.000000  0.000000  0.000000  0.000000  1.000000  0.000000  0.000000  0.000000  1.000000  0.000000  0.000000  
65.722861 -0.000032  0.089676  -0.003963  0.993828  0.108767  0.021813  -0.109078  0.993940  0.013591  -0.020202  -0.015886  0.999670  0.002314  0.000928  0.000734  0.000000  0.000000  0.000000  2.000000  1.000000  0.000000  0.000000  0.000000  1.000000  0.000000  0.000000  0.000000  1.000000  0.999992  0.003917  -0.000339  -0.003916  0.999992  0.000406  0.000341  -0.000405  1.000000  1.000000  0.000000  0.000000  0.000000  1.000000  0.000000  0.000000  0.000000  1.000000  1.000000  0.000000  0.000000  0.000000  1.000000  0.000000  0.000000  0.000000  1.000000  0.000000  0.000000  
65.724103 -0.000030  0.089676  -0.003964  0.993735  0.109583  0.021957  -0.109896  0.993851  0.013558  -0.020336  -0.015886  0.999667  0.002238  0.000761  0.000486  0.000000  0.000000  0.000000  2.000000  1.000000  0.000000  0.000000  0.000000  1.000000  0.000000  0.000000  0.000000  1.000000  0.999989  0.004738  -0.000193  -0.004738  0.999989  0.000389  0.000194  -0.000388  1.000000  1.000000  0.000000  0.000000  0.000000  1.000000  0.000000  0.000000  0.000000  1.000000  1.000000  0.000000  0.000000  0.000000  1.000000  0.000000  0.000000  0.000000  1.000000  0.000000  0.000000  
65.725107 -0.000028  0.089677  -0.003965  0.993667  0.110195  0.021978  -0.110509  0.993781  0.013665  -0.020336  -0.016007  0.999665  0.002158  0.000624  0.000321  0.000000  0.000000  0.000000  2.000000  1.000000  0.000101  0.000171  -0.000101  1.000000  0.000016  -0.000171  -0.000016  1.000000  0.999986  0.005353  -0.000048  -0.005353  0.999986  0.000497  0.000051  -0.000497  1.000000  1.000000  0.000034  0.000058  -0.000034  1.000000  0.000006  -0.000058  -0.000006  1.000000  1.000000  0.000101  0.000171  -0.000101  1.000000  0.000016  -0.000171  -0.000016  1.000000  0.000000  0.005376  
65.726116 -0.000026  0.089677  -0.003964  0.993576  0.111013  0.021990  -0.111328  0.993690  0.013647  -0.020336  -0.016007  0.999665  0.002036  0.000466  0.000170  0.016401  0.010444  0.193836  2.000000  1.000000  0.000254  0.000433  -0.000254  1.000000  0.000040  -0.000433  -0.000040  1.000000  0.999980  0.006382  -0.000032  -0.006382  0.999980  0.000476  0.000035  -0.000476  1.000000  1.000000  0.000040  0.000069  -0.000040  1.000000  0.000006  -0.000069  -0.000006  1.000000  1.000000  0.000254  0.000433  -0.000254  1.000000  0.000040  -0.000433  -0.000040  1.000000  0.000047  0.006400  
65.727354 -0.000025  0.089676  -0.003965  0.993484  0.111831  0.022001  -0.112146  0.993598  0.013629  -0.020336  -0.016007  0.999665  0.001854  0.000205  -0.000031  0.015834  0.010010  0.221517  2.000000  1.000000  0.000428  0.000731  -0.000428  1.000000  0.000063  -0.000731  -0.000063  1.000000  0.999974  0.007205  -0.000019  -0.007205  0.999974  0.000460  0.000022  -0.000459  1.000000  1.000000  0.000045  0.000078  -0.000045  1.000000  0.000006  -0.000078  -0.000006  1.000000  1.000000  0.000428  0.000731  -0.000428  1.000000  0.000063  -0.000731  -0.000063  1.000000  0.000054  0.007220  
65.728603 -0.000025  0.089674  -0.003967  0.993394  0.112651  0.021879  -0.112964  0.993506  0.013626  -0.020202  -0.016007  0.999668  0.001672  -0.000025  -0.000241  0.015019  0.013851  0.254113  2.000000  0.999999  0.000673  0.001157  -0.000673  1.000000  0.000091  -0.001157  -0.000091  0.999999  0.999966  0.008232  0.000131  -0.008232  0.999966  0.000438  -0.000128  -0.000440  1.000000  1.000000  0.000050  0.000090  -0.000050  1.000000  0.000005  -0.000090  -0.000005  1.000000  0.999999  0.000673  0.001157  -0.000673  1.000000  0.000091  -0.001157  -0.000091  0.999999  0.000062  0.008245  
65.729607 -0.000025  0.089672  -0.003968  0.993324  0.113265  0.021888  -0.113578  0.993436  0.013612  -0.020202  -0.016007  0.999668  0.001525  -0.000176  -0.000327  0.014737  0.009143  0.276893  2.000000  0.999998  0.000889  0.001531  -0.000889  1.000000  0.000112  -0.001531  -0.000113  0.999999  0.999961  0.008852  0.000007  -0.008852  0.999961  0.000427  -0.000003  -0.000427  1.000000  1.000000  0.000055  0.000096  -0.000055  1.000000  0.000005  -0.000096  -0.000005  1.000000  0.999998  0.000889  0.001531  -0.000889  1.000000  0.000112  -0.001531  -0.000113  0.999999  0.000068  0.008862  
65.730854 -0.000025  0.089669  -0.003969  0.993253  0.113879  0.021896  -0.114191  0.993366  0.013599  -0.020202  -0.016007  0.999668  0.001356  -0.000362  -0.000354  0.014170  0.008707  0.304523  2.000000  0.999997  0.001182  0.002042  -0.001183  0.999999  0.000137  -0.002042  -0.000140  0.999998  0.999951  0.009880  0.000023  -0.009881  0.999951  0.000406  -0.000019  -0.000406  1.000000  1.000000  0.000062  0.000107  -0.000062  1.000000  0.000005  -0.000107  -0.000005  1.000000  0.999997  0.001182  0.002042  -0.001183  0.999999  0.000137  -0.002042  -0.000140  0.999998  0.000076  0.009889  
65.731858 -0.000025  0.089666  -0.003970  0.993183  0.114492  0.021904  -0.114805  0.993295  0.013585  -0.020202  -0.016007  0.999668  0.001188  -0.000539  -0.000432  0.013747  0.008381  0.325285  2.000000  0.999996  0.001433  0.002479  -0.001434  0.999999  0.000157  -0.002479  -0.000160  0.999997  0.999947  0.010292  0.000030  -0.010292  0.999947  0.000398  -0.000026  -0.000398  1.000000  1.000000  0.000064  0.000112  -0.000064  1.000000  0.000005  -0.000112  -0.000005  1.000000  0.999996  0.001433  0.002479  -0.001434  0.999999  0.000157  -0.002479  -0.000160  0.999997  0.000080  0.010300  
65.733112 -0.000024  0.089662  -0.003970  0.993109  0.115103  0.022046  -0.115418  0.993225  0.013556  -0.020336  -0.016007  0.999665  0.001094  -0.000830  -0.000489  0.013153  0.003449  0.352717  2.000000  0.999994  0.001761  0.003068  -0.001762  0.999998  0.000180  -0.003068  -0.000185  0.999995  0.999938  0.011111  0.000310  -0.011111  0.999938  0.000379  -0.000306  -0.000383  1.000000  1.000000  0.000066  0.000122  -0.000066  1.000000  0.000005  -0.000122  -0.000005  1.000000  0.999994  0.001761  0.003068  -0.001762  0.999998  0.000180  -0.003068  -0.000185  0.999995  0.000088  0.011122  
65.734360 -0.000023  0.089657  -0.003972  0.993013  0.115921  0.022057  -0.116235  0.993129  0.013538  -0.020336  -0.016007  0.999665  0.001011  -0.001157  -0.000663  0.012615  -0.001480  0.380382  2.000000  0.999991  0.002101  0.003689  -0.002102  0.999998  0.000202  -0.003689  -0.000210  0.999993  0.999936  0.011319  0.000180  -0.011319  0.999936  0.000375  -0.000176  -0.000377  1.000000  1.000000  0.000069  0.000124  -0.000069  1.000000  0.000005  -0.000124  -0.000005  1.000000  0.999991  0.002101  0.003689  -0.002102  0.999998  0.000202  -0.003689  -0.000210  0.999993  0.000093  0.011327  
65.735611 -0.000021  0.089653  -0.003975  0.992941  0.116535  0.022065  -0.116849  0.993058  0.013524  -0.020336  -0.016007  0.999665  0.000948  -0.001511  -0.000860  0.012049  -0.001914  0.408005  2.000000  0.999988  0.002380  0.004191  -0.002381  0.999997  0.000215  -0.004190  -0.000225  0.999991  0.999934  0.011525  0.000183  -0.011525  0.999934  0.000250  -0.000180  -0.000252  1.000000  1.000000  0.000070  0.000126  -0.000070  1.000000  0.000003  -0.000126  -0.000003  1.000000  0.999988  0.002380  0.004191  -0.002381  0.999997  0.000215  -0.004190  -0.000225  0.999991  0.000102  0.011529  
65.736862 -0.000020  0.089648  -0.003979  0.992869  0.117148  0.022074  -0.117462  0.992985  0.013511  -0.020336  -0.016007  0.999665  0.000854  -0.001892  -0.001077  0.011556  -0.002226  0.426147  2.000000  0.999985  0.002740  0.004817  -0.002741  0.999996  0.000229  -0.004817  -0.000243  0.999988  0.999934  0.011529  -0.000084  -0.011529  0.999934  0.000250  0.000087  -0.000249  1.000000  1.000000  0.000073  0.000124  -0.000073  1.000000  0.000003  -0.000124  -0.000003  1.000000  0.999985  0.002740  0.004817  -0.002741  0.999996  0.000229  -0.004817  -0.000243  0.999988  0.000106  0.011532  
65.738112 -0.000019  0.089643  -0.003983  0.992821  0.117554  0.022093  -0.117871  0.992936  0.013622  -0.020336  -0.016128  0.999663  0.000798  -0.002239  -0.001277  0.015309  -0.007088  0.449466  2.000000  0.999980  0.003112  0.005452  -0.003114  0.999995  0.000244  -0.005452  -0.000261  0.999985  0.999929  0.011940  -0.000076  -0.011940  0.999929  0.000241  0.000079  -0.000240  1.000000  1.000000  0.000075  0.000129  -0.000075  1.000000  0.000003  -0.000129  -0.000003  1.000000  0.999980  0.003112  0.005452  -0.003114  0.999995  0.000244  -0.005452  -0.000261  0.999985  0.000113  0.011943  
65.739360 -0.000018  0.089637  -0.003986  0.992772  0.117963  0.022099  -0.118280  0.992887  0.013613  -0.020336  -0.016128  0.999663  0.000753  -0.002689  -0.001428  0.014913  -0.007250  0.459761  2.000000  0.999975  0.003487  0.006098  -0.003488  0.999994  0.000257  -0.006097  -0.000278  0.999981  0.999929  0.011938  0.000057  -0.011938  0.999929  0.000241  -0.000054  -0.000242  1.000000  1.000000  0.000074  0.000130  -0.000074  1.000000  0.000003  -0.000130  -0.000003  1.000000  0.999975  0.003487  0.006098  -0.003488  0.999994  0.000257  -0.006097  -0.000278  0.999981  0.000116  0.011941  
65.740606 -0.000017  0.089631  -0.003989  0.992696  0.118574  0.022240  -0.118892  0.992814  0.013583  -0.020470  -0.016128  0.999660  0.000681  -0.003049  -0.001672  0.014433  -0.012238  0.490917  2.000000  0.999971  0.003773  0.006610  -0.003775  0.999993  0.000266  -0.006609  -0.000291  0.999978  0.999931  0.011730  0.000188  -0.011730  0.999931  0.000124  -0.000186  -0.000126  1.000000  1.000000  0.000071  0.000128  -0.000071  1.000000  0.000002  -0.000128  -0.000002  1.000000  0.999971  0.003773  0.006610  -0.003775  0.999993  0.000266  -0.006609  -0.000291  0.999978  0.000121  0.011733  
65.741606 -0.000017  0.089626  -0.003991  0.992672  0.118781  0.022229  -0.119097  0.992791  0.013458  -0.020470  -0.016007  0.999662  0.000589  -0.003442  -0.001798  0.010222  -0.012324  0.498101  2.000000  0.999966  0.004043  0.007122  -0.004045  0.999992  0.000268  -0.007121  -0.000296  0.999975  0.999934  0.011520  0.000451  -0.011520  0.999934  0.000006  -0.000451  -0.000011  1.000000  1.000000  0.000067  0.000128  -0.000067  1.000000  0.000000  -0.000128  -0.000000  1.000000  0.999966  0.004043  0.007122  -0.004045  0.999992  0.000268  -0.007121  -0.000296  0.999975  0.000125  0.011530  
65.742853 -0.000017  0.089620  -0.003993  0.992623  0.119190  0.022234  -0.119505  0.992742  0.013449  -0.020470  -0.016007  0.999662  0.000558  -0.003682  -0.001817  0.009890  -0.016895  0.507552  2.000000  0.999961  0.004367  0.007739  -0.004369  0.999990  0.000263  -0.007738  -0.000297  0.999970  0.999938  0.011109  0.000444  -0.011109  0.999938  -0.000107  -0.000445  0.000102  1.000000  1.000000  0.000065  0.000123  -0.000065  1.000000  -0.000001  -0.000123  0.000001  1.000000  0.999961  0.004367  0.007739  -0.004369  0.999990  0.000263  -0.007738  -0.000297  0.999970  0.000128  0.011118  
65.743855 -0.000017  0.089616  -0.003995  0.992595  0.119395  0.022355  -0.119709  0.992720  0.013308  -0.020604  -0.015886  0.999662  0.000543  -0.003851  -0.001837  0.005919  -0.016757  0.500707  2.000000  0.999957  0.004555  0.008097  -0.004557  0.999990  0.000255  -0.008096  -0.000291  0.999967  0.999943  0.010697  0.000436  -0.010697  0.999943  -0.000220  -0.000439  0.000215  1.000000  1.000000  0.000062  0.000119  -0.000062  1.000000  -0.000003  -0.000119  0.000003  1.000000  0.999957  0.004555  0.008097  -0.004557  0.999990  0.000255  -0.008096  -0.000291  0.999967  0.000126  0.010709  
65.745106 -0.000017  0.089610  -0.003997  0.992570  0.119602  0.022343  -0.119914  0.992697  0.013183  -0.020604  -0.015765  0.999663  0.000530  -0.004032  -0.001890  -0.001921  -0.012087  0.487225  2.000000  0.999951  0.004848  0.008668  -0.004850  0.999988  0.000239  -0.008666  -0.000281  0.999962  0.999949  0.010080  0.000427  -0.010080  0.999949  -0.000209  -0.000429  0.000204  1.000000  1.000000  0.000058  0.000112  -0.000058  1.000000  -0.000003  -0.000112  0.000003  1.000000  0.999951  0.004848  0.008668  -0.004850  0.999988  0.000239  -0.008666  -0.000281  0.999962  0.000122  0.010091  
65.746380 -0.000018  0.089604  -0.003999  0.992543  0.119804  0.022479  -0.120118  0.992672  0.013163  -0.020737  -0.015765  0.999661  0.000442  -0.004243  -0.002007  -0.001857  -0.012064  0.483766  2.000000  0.999944  0.005126  0.009205  -0.005128  0.999987  0.000212  -0.009204  -0.000259  0.999958  0.999955  0.009460  0.000550  -0.009460  0.999955  -0.000440  -0.000554  0.000434  1.000000  1.000000  0.000053  0.000106  -0.000053  1.000000  -0.000005  -0.000106  0.000005  1.000000  0.999944  0.005126  0.009205  -0.005128  0.999987  0.000212  -0.009204  -0.000259  0.999958  0.000121  0.009487  
65.747602 -0.000020  0.089597  -0.004000  0.992518  0.120011  0.022467  -0.120322  0.992649  0.013038  -0.020737  -0.015643  0.999663  0.000311  -0.004396  -0.002032  -0.009931  -0.011975  0.480200  2.000000  0.999940  0.005328  0.009610  -0.005331  0.999986  0.000184  -0.009609  -0.000235  0.999954  0.999961  0.008843  0.000539  -0.008843  0.999961  -0.000548  -0.000544  0.000543  1.000000  1.000000  0.000049  0.000099  -0.000049  1.000000  -0.000007  -0.000099  0.000007  1.000000  0.999940  0.005328  0.009610  -0.005331  0.999986  0.000184  -0.009609  -0.000235  0.999954  0.000121  0.008876  
65.748628 -0.000021  0.089592  -0.004002  0.992493  0.120218  0.022455  -0.120526  0.992626  0.012913  -0.020737  -0.015522  0.999664  0.000108  -0.004533  -0.002081  -0.013907  -0.016425  0.476909  2.000000  0.999935  0.005516  0.009988  -0.005518  0.999985  0.000153  -0.009987  -0.000208  0.999950  0.999966  0.008226  0.000528  -0.008225  0.999966  -0.000656  -0.000534  0.000652  1.000000  1.000000  0.000046  0.000092  -0.000046  1.000000  -0.000008  -0.000092  0.000008  1.000000  0.999935  0.005516  0.009988  -0.005518  0.999985  0.000153  -0.009987  -0.000208  0.999950  0.000120  0.008269  
65.749863 -0.000023  0.089586  -0.004005  0.992469  0.120423  0.022458  -0.120731  0.992601  0.012908  -0.020737  -0.015522  0.999664  -0.000078  -0.004635  -0.002124  -0.017500  -0.025127  0.456203  2.000000  0.999930  0.005692  0.010347  -0.005693  0.999984  0.000119  -0.010346  -0.000178  0.999946  0.999969  0.007812  0.000656  -0.007812  0.999969  -0.000648  -0.000661  0.000643  1.000000  1.000000  0.000042  0.000089  -0.000042  1.000000  -0.000008  -0.000089  0.000008  1.000000  0.999930  0.005692  0.010347  -0.005693  0.999984  0.000119  -0.010346  -0.000178  0.999946  0.000117  0.007866  
65.751110 -0.000025  0.089581  -0.004007  0.992469  0.120425  0.022443  -0.120731  0.992603  0.012788  -0.020737  -0.015401  0.999666  -0.000275  -0.004696  -0.002049  -0.021011  -0.024670  0.428561  2.000000  0.999926  0.005850  0.010686  -0.005851  0.999983  0.000080  -0.010685  -0.000143  0.999943  0.999974  0.007195  0.000646  -0.007194  0.999974  -0.000756  -0.000651  0.000752  1.000000  1.000000  0.000038  0.000082  -0.000038  1.000000  -0.000009  -0.000082  0.000009  1.000000  0.999926  0.005850  0.010686  -0.005851  0.999983  0.000080  -0.010685  -0.000143  0.999943  0.000110  0.007263  
65.752129 -0.000026  0.089577  -0.004009  0.992444  0.120632  0.022431  -0.120935  0.992580  0.012662  -0.020737  -0.015280  0.999668  -0.000446  -0.004702  -0.001961  -0.028862  -0.024438  0.414457  2.000000  0.999921  0.005996  0.011002  -0.005997  0.999982  0.000039  -0.011002  -0.000105  0.999939  0.999977  0.006783  0.000638  -0.006783  0.999977  -0.000869  -0.000644  0.000865  0.999999  1.000000  0.000035  0.000077  -0.000035  1.000000  -0.000011  -0.000077  0.000011  1.000000  0.999921  0.005996  0.011002  -0.005997  0.999982  0.000039  -0.011002  -0.000105  0.999939  0.000106  0.006868  
65.753355 -0.000028  0.089571  -0.004010  0.992444  0.120632  0.022431  -0.120935  0.992580  0.012662  -0.020737  -0.015280  0.999668  -0.000615  -0.004703  -0.001754  -0.028317  -0.024025  0.387100  2.000000  0.999917  0.006133  0.011303  -0.006134  0.999981  -0.000006  -0.011302  -0.000064  0.999936  0.999980  0.006372  0.000632  -0.006371  0.999979  -0.000860  -0.000638  0.000856  0.999999  1.000000  0.000033  0.000073  -0.000033  1.000000  -0.000011  -0.000073  0.000011  1.000000  0.999917  0.006133  0.011303  -0.006134  0.999981  -0.000006  -0.011302  -0.000064  0.999936  0.000098  0.006460  
65.754608 -0.000032  0.089564  -0.004012  0.992419  0.120839  0.022419  -0.121139  0.992556  0.012537  -0.020737  -0.015158  0.999670  -0.000958  -0.004760  -0.001670  -0.036067  -0.019203  0.366380  2.000000  0.999912  0.006293  0.011647  -0.006293  0.999980  -0.000065  -0.011647  -0.000008  0.999932  0.999983  0.005756  0.000488  -0.005756  0.999983  -0.000969  -0.000494  0.000966  0.999999  1.000000  0.000031  0.000065  -0.000031  1.000000  -0.000012  -0.000065  0.000012  1.000000  0.999912  0.006293  0.011647  -0.006293  0.999980  -0.000065  -0.011647  -0.000008  0.999932  0.000093  0.005858  
65.755858 -0.000036  0.089557  -0.004015  0.992391  0.121042  0.022555  -0.121343  0.992532  0.012517  -0.020871  -0.015158  0.999667  -0.001330  -0.004872  -0.001623  -0.035537  -0.023278  0.338791  2.000000  0.999908  0.006437  0.011958  -0.006436  0.999979  -0.000128  -0.011959  0.000051  0.999928  0.999986  0.005343  0.000616  -0.005342  0.999985  -0.000961  -0.000621  0.000958  0.999999  1.000000  0.000027  0.000062  -0.000027  1.000000  -0.000012  -0.000062  0.000012  1.000000  0.999908  0.006437  0.011958  -0.006436  0.999979  -0.000128  -0.011959  0.000051  0.999928  0.000088  0.005463  
65.757106 -0.000041  0.089549  -0.004019  0.992391  0.121045  0.022540  -0.121343  0.992533  0.012396  -0.020871  -0.015037  0.999669  -0.001607  -0.004970  -0.001755  -0.039031  -0.022819  0.310997  2.000000  0.999907  0.006462  0.012017  -0.006461  0.999979  -0.000140  -0.012018  0.000062  0.999928  0.999990  0.004520  0.000603  -0.004519  0.999989  -0.001065  -0.000608  0.001062  0.999999  1.000000  0.000000  0.000000  0.000000  1.000000  0.000000  0.000000  0.000000  1.000000  0.999907  0.006462  0.012017  -0.006461  0.999979  -0.000140  -0.012018  0.000062  0.999928  0.000081  0.000000  
65.758111 -0.000045  0.089543  -0.004021  0.992366  0.121249  0.022542  -0.121548  0.992508  0.012392  -0.020871  -0.015037  0.999669  -0.001891  -0.005078  -0.001852  -0.038738  -0.022600  0.297102  2.000000  0.999907  0.006462  0.012017  -0.006461  0.999979  -0.000140  -0.012018  0.000062  0.999928  0.999991  0.004108  0.000597  -0.004107  0.999991  -0.001056  -0.000601  0.001054  0.999999  1.000000  0.000000  0.000000  0.000000  1.000000  0.000000  0.000000  0.000000  1.000000  0.999907  0.006462  0.012017  -0.006461  0.999979  -0.000140  -0.012018  0.000062  0.999928  0.000075  0.000000  
65.759351 -0.000050  0.089536  -0.004025  0.992366  0.121252  0.022528  -0.121548  0.992510  0.012271  -0.020871  -0.014916  0.999671  -0.002243  -0.005185  -0.001980  -0.042033  -0.026545  0.274103  2.000000  0.999907  0.006462  0.012017  -0.006461  0.999979  -0.000140  -0.012018  0.000062  0.999928  0.999992  0.003902  0.000593  -0.003902  0.999992  -0.001295  -0.000598  0.001292  0.999999  1.000000  0.000000  0.000000  0.000000  1.000000  0.000000  0.000000  0.000000  1.000000  0.999907  0.006462  0.012017  -0.006461  0.999979  -0.000140  -0.012018  0.000062  0.999928  0.000070  0.000000  
65.760355 -0.000055  0.089530  -0.004029  0.992366  0.121252  0.022528  -0.121548  0.992510  0.012271  -0.020871  -0.014916  0.999671  -0.002529  -0.005292  -0.002141  -0.041805  -0.026332  0.248655  2.000000  0.999907  0.006462  0.012017  -0.006461  0.999979  -0.000140  -0.012018  0.000062  0.999928  0.999994  0.003491  0.000587  -0.003490  0.999993  -0.001286  -0.000592  0.001284  0.999999  1.000000  0.000000  0.000000  0.000000  1.000000  0.000000  0.000000  0.000000  1.000000  0.999907  0.006462  0.012017  -0.006461  0.999979  -0.000140  -0.012018  0.000062  0.999928  0.000066  0.000000  
65.761604 -0.000060  0.089522  -0.004033  0.992341  0.121456  0.022530  -0.121752  0.992485  0.012267  -0.020871  -0.014916  0.999671  -0.002799  -0.005330  -0.002305  -0.041330  -0.026016  0.239810  2.000000  0.999907  0.006462  0.012017  -0.006461  0.999979  -0.000140  -0.012018  0.000062  0.999928  0.999994  0.003285  0.000584  -0.003284  0.999994  -0.001282  -0.000588  0.001280  0.999999  1.000000  0.000000  0.000000  0.000000  1.000000  0.000000  0.000000  0.000000  1.000000  0.999907  0.006462  0.012017  -0.006461  0.999979  -0.000140  -0.012018  0.000062  0.999928  0.000063  0.000000  
65.762610 -0.000065  0.089517  -0.004036  0.992341  0.121459  0.022516  -0.121752  0.992486  0.012146  -0.020871  -0.014794  0.999673  -0.003068  -0.005410  -0.002415  -0.044957  -0.021220  0.219252  2.000000  0.999907  0.006462  0.012017  -0.006461  0.999979  -0.000140  -0.012018  0.000062  0.999928  0.999996  0.002875  0.000444  -0.002875  0.999995  -0.001273  -0.000448  0.001272  0.999999  1.000000  0.000000  0.000000  0.000000  1.000000  0.000000  0.000000  0.000000  1.000000  0.999907  0.006462  0.012017  -0.006461  0.999979  -0.000140  -0.012018  0.000062  0.999928  0.000057  0.000000  
65.763854 -0.000072  0.089510  -0.004041  0.992341  0.121459  0.022516  -0.121752  0.992486  0.012146  -0.020871  -0.014794  0.999673  -0.003360  -0.005423  -0.002558  -0.044399  -0.020801  0.191843  2.000000  0.999907  0.006462  0.012017  -0.006461  0.999979  -0.000140  -0.012018  0.000062  0.999928  0.999997  0.002464  0.000438  -0.002463  0.999996  -0.001265  -0.000441  0.001263  0.999999  1.000000  0.000000  0.000000  0.000000  1.000000  0.000000  0.000000  0.000000  1.000000  0.999907  0.006462  0.012017  -0.006461  0.999979  -0.000140  -0.012018  0.000062  0.999928  0.000051  0.000000  
65.764872 -0.000076  0.089504  -0.004044  0.992338  0.121457  0.022648  -0.121752  0.992486  0.012130  -0.021005  -0.014794  0.999670  -0.003644  -0.005511  -0.002648  -0.044327  -0.025137  0.172515  2.000000  0.999907  0.006462  0.012017  -0.006461  0.999979  -0.000140  -0.012018  0.000062  0.999928  0.999998  0.002050  0.000566  -0.002049  0.999997  -0.001135  -0.000568  0.001134  0.999999  1.000000  0.000000  0.000000  0.000000  1.000000  0.000000  0.000000  0.000000  1.000000  0.999907  0.006462  0.012017  -0.006461  0.999979  -0.000140  -0.012018  0.000062  0.999928  0.000047  0.000000  
65.766125 -0.000083  0.089498  -0.004048  0.992338  0.121459  0.022634  -0.121752  0.992488  0.012010  -0.021005  -0.014673  0.999672  -0.003918  -0.005564  -0.002708  0.000000  0.000000  0.000000  2.000000  0.999907  0.006462  0.012017  -0.006461  0.999979  -0.000140  -0.012018  0.000062  0.999928  0.999998  0.002052  0.000432  -0.002052  0.999997  -0.001135  -0.000434  0.001134  0.999999  1.000000  0.000000  0.000000  0.000000  1.000000  0.000000  0.000000  0.000000  1.000000  0.999907  0.006462  0.012017  -0.006461  0.999979  -0.000140  -0.012018  0.000062  0.999928  0.000000  0.000000  
65.767359 -0.000088  0.089493  -0.004050  0.992338  0.121459  0.022634  -0.121752  0.992488  0.012010  -0.021005  -0.014673  0.999672  -0.004126  -0.005523  -0.002751  0.000000  0.000000  0.000000  2.000000  0.999907  0.006462  0.012017  -0.006461  0.999979  -0.000140  -0.012018  0.000062  0.999928  0.999998  0.001846  0.000429  -0.001846  0.999998  -0.001131  -0.000431  0.001130  0.999999  1.000000  0.000000  0.000000  0.000000  1.000000  0.000000  0.000000  0.000000  1.000000  0.999907  0.006462  0.012017  -0.006461  0.999979  -0.000140  -0.012018  0.000062  0.999928  0.000000  0.000000  
65.768364 -0.000093  0.089488  -0.004052  0.992341  0.121461  0.022501  -0.121752  0.992488  0.012026  -0.020871  -0.014673  0.999674  -0.004319  -0.005553  -0.002855  0.000000  0.000000  0.000000  2.000000  0.999907  0.006462  0.012017  -0.006461  0.999979  -0.000140  -0.012018  0.000062  0.999928  0.999999  0.001644  0.000158  -0.001644  0.999998  -0.001005  -0.000160  0.001005  0.999999  1.000000  0.000000  0.000000  0.000000  1.000000  0.000000  0.000000  0.000000  1.000000  0.999907  0.006462  0.012017  -0.006461  0.999979  -0.000140  -0.012018  0.000062  0.999928  0.000000  0.000000  
65.769606 -0.000099  0.089482  -0.004056  0.992341  0.121464  0.022486  -0.121752  0.992489  0.011905  -0.020871  -0.014552  0.999676  -0.004477  -0.005497  -0.002940  0.000000  0.000000  0.000000  2.000000  0.999907  0.006462  0.012017  -0.006461  0.999979  -0.000140  -0.012018  0.000062  0.999928  0.999999  0.001233  0.000152  -0.001233  0.999999  -0.001117  -0.000153  0.001117  0.999999  1.000000  0.000000  0.000000  0.000000  1.000000  0.000000  0.000000  0.000000  1.000000  0.999907  0.006462  0.012017  -0.006461  0.999979  -0.000140  -0.012018  0.000062  0.999928  0.000000  0.000000  
65.770607 -0.000104  0.089477  -0.004060  0.992341  0.121464  0.022486  -0.121752  0.992489  0.011905  -0.020871  -0.014552  0.999676  -0.004593  -0.005411  -0.003104  0.000000  0.000000  0.000000  2.000000  0.999907  0.006462  0.012017  -0.006461  0.999979  -0.000140  -0.012018  0.000062  0.999928  0.999999  0.001027  0.000149  -0.001027  0.999999  -0.000992  -0.000150  0.000992  0.999999  1.000000  0.000000  0.000000  0.000000  1.000000  0.000000  0.000000  0.000000  1.000000  0.999907  0.006462  0.012017  -0.006461  0.999979  -0.000140  -0.012018  0.000062  0.999928  0.000000  0.000000  
65.771607 -0.000109  0.089471  -0.004064  0.992341  0.121464  0.022486  -0.121752  0.992489  0.011905  -0.020871  -0.014552  0.999676  -0.004695  -0.005397  -0.003135  0.000000  0.000000  0.000000  2.000000  0.999907  0.006462  0.012017  -0.006461  0.999979  -0.000140  -0.012018  0.000062  0.999928  0.999999  0.001027  0.000149  -0.001027  0.999999  -0.000871  -0.000150  0.000870  1.000000  1.000000  0.000000  0.000000  0.000000  1.000000  0.000000  0.000000  0.000000  1.000000  0.999907  0.006462  0.012017  -0.006461  0.999979  -0.000140  -0.012018  0.000062  0.999928  0.000000  0.000000  
65.772611 -0.000115  0.089466  -0.004069  0.992341  0.121464  0.022486  -0.121752  0.992489  0.011905  -0.020871  -0.014552  0.999676  -0.004800  -0.005353  -0.003281  0.000000  0.000000  0.000000  2.000000  0.999907  0.006462  0.012017  -0.006461  0.999979  -0.000140  -0.012018  0.000062  0.999928  1.000000  0.000821  0.000146  -0.000821  0.999999  -0.000866  -0.000146  0.000866  1.000000  1.000000  0.000000  0.000000  0.000000  1.000000  0.000000  0.000000  0.000000  1.000000  0.999907  0.006462  0.012017  -0.006461  0.999979  -0.000140  -0.012018  0.000062  0.999928  0.000000  0.000000  
65.773622 -0.000120  0.089461  -0.004073  0.992341  0.121464  0.022486  -0.121752  0.992489  0.011905  -0.020871  -0.014552  0.999676  -0.004853  -0.005280  -0.003337  0.000000  0.000000  0.000000  2.000000  0.999907  0.006462  0.012017  -0.006461  0.999979  -0.000140  -0.012018  0.000062  0.999928  1.000000  0.000821  0.000146  -0.000821  0.999999  -0.000745  -0.000146  0.000745  1.000000  1.000000  0.000000  0.000000  0.000000  1.000000  0.000000  0.000000  0.000000  1.000000  0.999907  0.006462  0.012017  -0.006461  0.999979  -0.000140  -0.012018  0.000062  0.999928  0.000000  0.000000  
65.774858 -0.000125  0.089454  -0.004078  0.992341  0.121464  0.022486  -0.121752  0.992489  0.011905  -0.020871  -0.014552  0.999676  -0.004853  -0.005225  -0.003437  0.000000  0.000000  0.000000  2.000000  0.999907  0.006462  0.012017  -0.006461  0.999979  -0.000140  -0.012018  0.000062  0.999928  1.000000  0.000615  0.000143  -0.000615  1.000000  -0.000619  -0.000143  0.000619  1.000000  1.000000  0.000000  0.000000  0.000000  1.000000  0.000000  0.000000  0.000000  1.000000  0.999907  0.006462  0.012017  -0.006461  0.999979  -0.000140  -0.012018  0.000062  0.999928  0.000000  0.000000  
65.776121 -0.000131  0.089448  -0.004083  0.992341  0.121464  0.022486  -0.121752  0.992489  0.011905  -0.020871  -0.014552  0.999676  -0.004824  -0.005130  -0.003477  0.000000  0.000000  0.000000  2.000000  0.999907  0.006462  0.012017  -0.006461  0.999979  -0.000140  -0.012018  0.000062  0.999928  1.000000  0.000615  0.000143  -0.000615  1.000000  -0.000619  -0.000143  0.000619  1.000000  1.000000  0.000000  0.000000  0.000000  1.000000  0.000000  0.000000  0.000000  1.000000  0.999907  0.006462  0.012017  -0.006461  0.999979  -0.000140  -0.012018  0.000062  0.999928  0.000000  0.000000  
65.777354 -0.000136  0.089443  -0.004089  0.992341  0.121464  0.022486  -0.121752  0.992489  0.011905  -0.020871  -0.014552  0.999676  -0.004775  -0.005016  -0.003537  0.000000  0.000000  0.000000  2.000000  0.999907  0.006462  0.012017  -0.006461  0.999979  -0.000140  -0.012018  0.000062  0.999928  1.000000  0.000412  0.000006  -0.000412  1.000000  -0.000494  -0.000006  0.000494  1.000000  1.000000  0.000000  0.000000  0.000000  1.000000  0.000000  0.000000  0.000000  1.000000  0.999907  0.006462  0.012017  -0.006461  0.999979  -0.000140  -0.012018  0.000062  0.999928  0.000000  0.000000  
65.778604 -0.000140  0.089437  -0.004095  0.992341  0.121464  0.022486  -0.121752  0.992489  0.011905  -0.020871  -0.014552  0.999676  -0.004681  -0.004912  -0.003657  0.000000  0.000000  0.000000  2.000000  0.999907  0.006462  0.012017  -0.006461  0.999979  -0.000140  -0.012018  0.000062  0.999928  1.000000  0.000412  0.000006  -0.000412  1.000000  -0.000494  -0.000006  0.000494  1.000000  1.000000  0.000000  0.000000  0.000000  1.000000  0.000000  0.000000  0.000000  1.000000  0.999907  0.006462  0.012017  -0.006461  0.999979  -0.000140  -0.012018  0.000062  0.999928  0.000000  0.000000  
65.779610 -0.000144  0.089433  -0.004099  0.992341  0.121464  0.022486  -0.121752  0.992489  0.011905  -0.020871  -0.014552  0.999676  -0.004591  -0.004854  -0.003728  0.000000  0.000000  0.000000  2.000000  0.999907  0.006462  0.012017  -0.006461  0.999979  -0.000140  -0.012018  0.000062  0.999928  1.000000  0.000206  0.000003  -0.000206  1.000000  -0.000368  -0.000003  0.000368  1.000000  1.000000  0.000000  0.000000  0.000000  1.000000  0.000000  0.000000  0.000000  1.000000  0.999907  0.006462  0.012017  -0.006461  0.999979  -0.000140  -0.012018  0.000062  0.999928  0.000000  0.000000  
65.780855 -0.000148  0.089428  -0.004105  0.992341  0.121461  0.022501  -0.121752  0.992488  0.012026  -0.020871  -0.014673  0.999674  -0.004463  -0.004778  -0.003900  0.000000  0.000000  0.000000  2.000000  0.999907  0.006462  0.012017  -0.006461  0.999979  -0.000140  -0.012018  0.000062  0.999928  1.000000  0.000206  0.000003  -0.000206  1.000000  -0.000247  -0.000003  0.000247  1.000000  1.000000  0.000000  0.000000  0.000000  1.000000  0.000000  0.000000  0.000000  1.000000  0.999907  0.006462  0.012017  -0.006461  0.999979  -0.000140  -0.012018  0.000062  0.999928  0.000000  0.000000  
65.781858 -0.000152  0.089424  -0.004110  0.992341  0.121461  0.022501  -0.121752  0.992488  0.012026  -0.020871  -0.014673  0.999674  -0.004411  -0.004751  -0.004080  0.000000  0.000000  0.000000  2.000000  0.999907  0.006462  0.012017  -0.006461  0.999979  -0.000140  -0.012018  0.000062  0.999928  1.000000  0.000000  -0.000000  -0.000000  1.000000  -0.000243  0.000000  0.000243  1.000000  1.000000  0.000000  0.000000  0.000000  1.000000  0.000000  0.000000  0.000000  1.000000  0.999907  0.006462  0.012017  -0.006461  0.999979  -0.000140  -0.012018  0.000062  0.999928  0.000000  0.000000  
65.783120 -0.000156  0.089419  -0.004116  0.992341  0.121461  0.022501  -0.121752  0.992488  0.012026  -0.020871  -0.014673  0.999674  -0.004258  -0.004660  -0.004311  0.000000  0.000000  0.000000  2.000000  0.999907  0.006462  0.012017  -0.006461  0.999979  -0.000140  -0.012018  0.000062  0.999928  1.000000  -0.000000  -0.000000  0.000000  1.000000  -0.000121  0.000000  0.000121  1.000000  1.000000  0.000000  0.000000  0.000000  1.000000  0.000000  0.000000  0.000000  1.000000  0.999907  0.006462  0.012017  -0.006461  0.999979  -0.000140  -0.012018  0.000062  0.999928  0.000000  0.000000  
65.784357 -0.000159  0.089415  -0.004122  0.992341  0.121461  0.022501  -0.121752  0.992488  0.012026  -0.020871  -0.014673  0.999674  -0.004074  -0.004562  -0.004456  0.000000  0.000000  0.000000  2.000000  0.999907  0.006462  0.012017  -0.006461  0.999979  -0.000140  -0.012018  0.000062  0.999928  1.000000  -0.000000  -0.000000  0.000000  1.000000  -0.000121  0.000000  0.000121  1.000000  1.000000  0.000000  0.000000  0.000000  1.000000  0.000000  0.000000  0.000000  1.000000  0.999907  0.006462  0.012017  -0.006461  0.999979  -0.000140  -0.012018  0.000062  0.999928  0.000000  0.000000  
65.785608 -0.000162  0.089411  -0.004128  0.992341  0.121461  0.022501  -0.121752  0.992488  0.012026  -0.020871  -0.014673  0.999674  -0.003865  -0.004384  -0.004540  0.000000  0.000000  0.000000  2.000000  0.999907  0.006462  0.012017  -0.006461  0.999979  -0.000140  -0.012018  0.000062  0.999928  1.000000  0.000002  -0.000134  -0.000002  1.000000  -0.000121  0.000134  0.000121  1.000000  1.000000  0.000000  0.000000  0.000000  1.000000  0.000000  0.000000  0.000000  1.000000  0.999907  0.006462  0.012017  -0.006461  0.999979  -0.000140  -0.012018  0.000062  0.999928  0.000000  0.000000  
65.786861 -0.000165  0.089407  -0.004133  0.992341  0.121461  0.022501  -0.121752  0.992488  0.012026  -0.020871  -0.014673  0.999674  -0.003647  -0.004200  -0.004496  0.000000  0.000000  0.000000  2.000000  0.999907  0.006462  0.012017  -0.006461  0.999979  -0.000140  -0.012018  0.000062  0.999928  1.000000  0.000002  -0.000134  -0.000002  1.000000  0.000000  0.000134  0.000000  1.000000  1.000000  0.000000  0.000000  0.000000  1.000000  0.000000  0.000000  0.000000  1.000000  0.999907  0.006462  0.012017  -0.006461  0.999979  -0.000140  -0.012018  0.000062  0.999928  0.000000  0.000000  
