1-Time 2-Px 3-Py 4-Pz 5-R11 6-R21 7-R31 8-R12 9-R22 10-R32 11-R13 12-R23 13-R33 14-Vx 15-Vy 16-Vz 17-Wx 18-Wy 19-Wz 20-state 21-PR11 22-PR21 23-PR31 24-PR12 25-PR22 26-PR32 27-PR13 28-PR23 29-PR33 
15.473338 0.010101  0.091205  -0.002984  0.994309  0.089156  0.058313  -0.066627  0.093306  0.993406  0.083127  -0.991638  0.098715  0.000395  0.000442  0.001324  0.024809  -0.329519  0.515673  2.000000  1.000000  0.000000  0.000000  0.000000  -0.000000  1.000000  0.000000  -1.000000  -0.000000  0.999931  0.010142  0.006005  -0.010144  0.999949  0.000275  -0.006002  -0.000336  0.999982  1.000000  0.000127  0.000075  -0.000127  1.000000  0.000004  -0.000075  -0.000004  1.000000  0.297034  0.764973  0.571478  -0.776323  -0.154997  0.610982  0.555962  -0.625134  0.547827  0.000152  0.011791  
15.474548 0.010101  0.091205  -0.002984  0.994237  0.089724  0.058670  -0.067033  0.093234  0.993385  0.083660  -0.991593  0.098711  0.000407  0.000400  0.001199  0.024516  -0.323074  0.515669  2.000000  1.000000  0.000510  0.000308  -0.000308  -0.000016  1.000000  0.000510  -1.000000  -0.000016  0.999931  0.010142  0.006005  -0.010144  0.999949  0.000278  -0.006002  -0.000339  0.999982  1.000000  0.000127  0.000075  -0.000127  1.000000  0.000004  -0.000075  -0.000004  1.000000  1.000000  0.000510  0.000308  -0.000308  -0.000016  1.000000  0.000510  -1.000000  -0.000016  0.000151  0.011791  
15.475549 0.010103  0.091203  -0.002984  0.994148  0.090205  0.059437  -0.067850  0.093253  0.993328  0.084060  -0.991548  0.098828  0.000468  0.000245  0.001082  0.021679  -0.337198  0.512571  2.000000  0.999999  0.001017  0.000623  -0.000623  -0.000029  1.000000  0.001017  -0.999999  -0.000028  0.999929  0.010050  0.006426  -0.010052  0.999949  0.000191  -0.006423  -0.000256  0.999979  1.000000  0.000126  0.000080  -0.000126  1.000000  0.000003  -0.000080  -0.000003  1.000000  0.999999  0.001017  0.000623  -0.000623  -0.000029  1.000000  0.001017  -0.999999  -0.000028  0.000152  0.011931  
15.476551 0.010105  0.091202  -0.002984  0.994030  0.090724  0.060614  -0.069075  0.093235  0.993245  0.084460  -0.991502  0.098945  0.000646  0.000146  0.001008  0.019898  -0.364590  0.515293  2.000000  0.999998  0.001520  0.000970  -0.000970  -0.000039  1.000000  0.001520  -0.999999  -0.000038  0.999924  0.009999  0.007254  -0.010000  0.999950  0.000135  -0.007253  -0.000208  0.999974  1.000000  0.000125  0.000091  -0.000125  1.000000  0.000002  -0.000091  -0.000002  1.000000  0.999998  0.001520  0.000970  -0.000970  -0.000039  1.000000  0.001520  -0.999999  -0.000038  0.000157  0.012355  
15.477802 0.010108  0.091200  -0.002983  0.993921  0.091111  0.061803  -0.070301  0.093224  0.993160  0.084727  -0.991468  0.099063  0.000819  -0.000061  0.000948  0.013554  -0.386477  0.503885  2.000000  0.999997  0.002140  0.001455  -0.001455  -0.000052  0.999999  0.002140  -0.999998  -0.000049  0.999918  0.009948  0.008083  -0.009949  0.999951  0.000080  -0.008082  -0.000160  0.999967  1.000000  0.000124  0.000101  -0.000124  1.000000  0.000001  -0.000101  -0.000002  1.000000  0.999997  0.002140  0.001455  -0.001455  -0.000052  0.999999  0.002140  -0.999998  -0.000049  0.000160  0.012819  
15.479052 0.010112  0.091200  -0.002982  0.993826  0.091480  0.062788  -0.071323  0.093232  0.993087  0.084993  -0.991433  0.099181  0.001038  -0.000158  0.000908  0.011277  -0.407917  0.497016  2.000000  0.999994  0.002748  0.001990  -0.001990  -0.000060  0.999998  0.002748  -0.999996  -0.000054  0.999916  0.009610  0.008734  -0.009610  0.999954  0.000011  -0.008734  -0.000095  0.999962  1.000000  0.000120  0.000109  -0.000120  1.000000  0.000001  -0.000109  -0.000001  1.000000  0.999994  0.002748  0.001990  -0.001990  -0.000060  0.999998  0.002748  -0.999996  -0.000054  0.000160  0.012987  
15.480053 0.010116  0.091199  -0.002980  0.993732  0.091961  0.063555  -0.072139  0.093248  0.993026  0.085393  -0.991387  0.099298  0.001247  -0.000229  0.000856  0.008405  -0.418218  0.494412  2.000000  0.999992  0.003223  0.002438  -0.002437  -0.000063  0.999997  0.003223  -0.999995  -0.000055  0.999913  0.009518  0.009155  -0.009518  0.999955  -0.000074  -0.009155  -0.000013  0.999958  1.000000  0.000119  0.000114  -0.000119  1.000000  -0.000000  -0.000114  0.000000  1.000000  0.999992  0.003223  0.002438  -0.002437  -0.000063  0.999997  0.003223  -0.999995  -0.000055  0.000162  0.013207  
15.481054 0.010121  0.091199  -0.002978  0.993597  0.092613  0.064717  -0.073363  0.093216  0.992939  0.085926  -0.991329  0.099413  0.001549  -0.000283  0.000977  0.006872  -0.449433  0.496685  2.000000  0.999990  0.003583  0.002801  -0.002801  -0.000063  0.999996  0.003583  -0.999994  -0.000053  0.999903  0.009734  0.009957  -0.009733  0.999953  -0.000130  -0.009958  0.000033  0.999950  1.000000  0.000122  0.000124  -0.000122  1.000000  -0.000001  -0.000124  0.000001  1.000000  0.999990  0.003583  0.002801  -0.002801  -0.000063  0.999996  0.003583  -0.999994  -0.000053  0.000165  0.013925  
15.482060 0.010125  0.091198  -0.002976  0.993448  0.093405  0.065854  -0.074586  0.093293  0.992841  0.086593  -0.991248  0.099648  0.001825  -0.000344  0.001029  0.001194  -0.475826  0.508343  2.000000  0.999986  0.004076  0.003327  -0.003326  -0.000063  0.999994  0.004076  -0.999992  -0.000049  0.999890  0.009970  0.010963  -0.009970  0.999950  -0.000045  -0.010963  -0.000064  0.999940  1.000000  0.000125  0.000137  -0.000125  1.000000  0.000000  -0.000137  -0.000000  1.000000  0.999986  0.004076  0.003327  -0.003326  -0.000063  0.999994  0.004076  -0.999992  -0.000049  0.000173  0.014819  
15.483302 0.010131  0.091198  -0.002973  0.993223  0.094407  0.067796  -0.076625  0.093280  0.992687  0.087393  -0.991154  0.099882  0.002198  -0.000406  0.001114  -0.002115  -0.530323  0.518510  2.000000  0.999981  0.004709  0.004057  -0.004057  -0.000058  0.999992  0.004709  -0.999989  -0.000039  0.999871  0.010248  0.012376  -0.010246  0.999947  -0.000168  -0.012377  0.000042  0.999923  1.000000  0.000128  0.000155  -0.000128  1.000000  -0.000001  -0.000155  0.000001  1.000000  0.999981  0.004709  0.004057  -0.004057  -0.000058  0.999992  0.004709  -0.999989  -0.000039  0.000183  0.016069  
15.484303 0.010135  0.091197  -0.002971  0.993080  0.095059  0.068957  -0.077849  0.093242  0.992595  0.087926  -0.991095  0.099997  0.002450  -0.000435  0.001188  -0.003638  -0.557720  0.521292  2.000000  0.999975  0.005227  0.004704  -0.004703  -0.000048  0.999989  0.005228  -0.999986  -0.000024  0.999855  0.010485  0.013381  -0.010482  0.999945  -0.000326  -0.013383  0.000186  0.999910  1.000000  0.000131  0.000167  -0.000131  1.000000  -0.000003  -0.000167  0.000003  1.000000  0.999975  0.005227  0.004704  -0.004703  -0.000048  0.999989  0.005228  -0.999986  -0.000024  0.000190  0.017002  
15.485318 0.010139  0.091197  -0.002970  0.992932  0.095607  0.070324  -0.079277  0.093314  0.992476  0.088326  -0.991036  0.100234  0.002634  -0.000465  0.001175  -0.008681  -0.592028  0.520002  2.000000  0.999969  0.005755  0.005401  -0.005401  -0.000035  0.999985  0.005755  -0.999983  -0.000004  0.999843  0.010570  0.014194  -0.010564  0.999944  -0.000497  -0.014199  0.000347  0.999899  1.000000  0.000132  0.000177  -0.000132  1.000000  -0.000005  -0.000177  0.000005  1.000000  0.999969  0.005755  0.005401  -0.005401  -0.000035  0.999985  0.005755  -0.999983  -0.000004  0.000195  0.017704  
15.486554 0.010144  0.091197  -0.002968  0.992748  0.096194  0.072099  -0.081114  0.093345  0.992324  0.088725  -0.990976  0.100471  0.003013  -0.000515  0.001198  -0.013086  -0.634249  0.515476  2.000000  0.999961  0.006281  0.006159  -0.006159  -0.000015  0.999981  0.006281  -0.999980  0.000024  0.999822  0.010583  0.015634  -0.010575  0.999944  -0.000618  -0.015640  0.000453  0.999878  1.000000  0.000132  0.000195  -0.000132  1.000000  -0.000007  -0.000195  0.000007  1.000000  0.999961  0.006281  0.006159  -0.006159  -0.000015  0.999981  0.006281  -0.999980  0.000024  0.000204  0.018888  
15.487807 0.010150  0.091195  -0.002966  0.992560  0.096799  0.073851  -0.082950  0.093615  0.992147  0.089125  -0.990892  0.100948  0.003352  -0.000605  0.001260  -0.025079  -0.682746  0.516119  2.000000  0.999950  0.006945  0.007193  -0.007193  0.000021  0.999974  0.006945  -0.999976  0.000071  0.999798  0.010599  0.017072  -0.010586  0.999944  -0.000860  -0.017080  0.000679  0.999854  1.000000  0.000132  0.000213  -0.000132  1.000000  -0.000010  -0.000213  0.000010  1.000000  0.999950  0.006945  0.007193  -0.007193  0.000021  0.999974  0.006945  -0.999976  0.000071  0.000213  0.020110  
15.489056 0.010156  0.091194  -0.002963  0.992340  0.097557  0.075792  -0.084989  0.093852  0.991952  0.089658  -0.990795  0.101424  0.003761  -0.000686  0.001426  -0.036332  -0.737679  0.517168  2.000000  0.999939  0.007478  0.008105  -0.008106  0.000066  0.999967  0.007477  -0.999972  0.000126  0.999763  0.010791  0.018903  -0.010771  0.999941  -0.001192  -0.018915  0.000988  0.999821  1.000000  0.000135  0.000236  -0.000135  1.000000  -0.000014  -0.000236  0.000014  1.000000  0.999939  0.007478  0.008105  -0.008106  0.000066  0.999967  0.007477  -0.999972  0.000126  0.000223  0.021796  
15.490310 0.010162  0.091193  -0.002960  0.992145  0.098164  0.077542  -0.086824  0.094117  0.991768  0.090058  -0.990710  0.101901  0.004009  -0.000699  0.001640  -0.048213  -0.785921  0.517681  2.000000  0.999923  0.008153  0.009338  -0.009339  0.000137  0.999956  0.008151  -0.999967  0.000213  0.999739  0.010791  0.020135  -0.010764  0.999941  -0.001444  -0.020150  0.001227  0.999796  1.000000  0.000135  0.000252  -0.000135  1.000000  -0.000017  -0.000252  0.000017  1.000000  0.999923  0.008153  0.009338  -0.009339  0.000137  0.999956  0.008151  -0.999967  0.000213  0.000233  0.022886  
15.491552 0.010168  0.091193  -0.002956  0.991952  0.098895  0.079061  -0.088454  0.094510  0.991587  0.090591  -0.990600  0.102497  0.004245  -0.000573  0.001868  -0.061118  -0.820686  0.517129  2.000000  0.999904  0.008831  0.010647  -0.010649  0.000231  0.999943  0.008828  -0.999961  0.000325  0.999713  0.010794  0.021366  -0.010755  0.999940  -0.001941  -0.021386  0.001711  0.999770  1.000000  0.000135  0.000267  -0.000135  1.000000  -0.000023  -0.000267  0.000023  1.000000  0.999904  0.008831  0.010647  -0.010649  0.000231  0.999943  0.008828  -0.999961  0.000325  0.000241  0.024010  
15.492553 0.010173  0.091193  -0.002954  0.991806  0.099447  0.080196  -0.089676  0.094833  0.991446  0.090991  -0.990514  0.102974  0.004389  -0.000511  0.001980  -0.074093  -0.855355  0.516385  2.000000  0.999887  0.009378  0.011753  -0.011756  0.000328  0.999931  0.009374  -0.999956  0.000438  0.999685  0.010929  0.022585  -0.010879  0.999938  -0.002318  -0.022609  0.002072  0.999742  1.000000  0.000136  0.000282  -0.000136  1.000000  -0.000027  -0.000282  0.000027  1.000000  0.999887  0.009378  0.011753  -0.011756  0.000328  0.999931  0.009374  -0.999956  0.000438  0.000249  0.025188  
15.493564 0.010179  0.091193  -0.002951  0.991651  0.099887  0.081549  -0.091103  0.095146  0.991286  0.091257  -0.990439  0.103452  0.004546  -0.000502  0.002114  -0.087106  -0.889438  0.515310  2.000000  0.999867  0.009925  0.012907  -0.012912  0.000444  0.999917  0.009918  -0.999951  0.000572  0.999666  0.011023  0.023395  -0.010962  0.999936  -0.002727  -0.023423  0.002470  0.999723  1.000000  0.000137  0.000293  -0.000137  1.000000  -0.000033  -0.000293  0.000032  1.000000  0.999867  0.009925  0.012907  -0.012912  0.000444  0.999917  0.009918  -0.999951  0.000572  0.000255  0.025995  
15.494803 0.010185  0.091190  -0.002950  0.991432  0.100641  0.083269  -0.092935  0.095512  0.991080  0.091790  -0.990328  0.104047  0.004683  -0.000626  0.002056  -0.102805  -0.938013  0.516194  2.000000  0.999845  0.010477  0.014135  -0.014142  0.000580  0.999900  0.010468  -0.999945  0.000728  0.999626  0.010938  0.025047  -0.010862  0.999936  -0.003185  -0.025080  0.002911  0.999681  1.000000  0.000136  0.000313  -0.000136  1.000000  -0.000038  -0.000313  0.000038  1.000000  0.999845  0.010477  0.014135  -0.014142  0.000580  0.999900  0.010468  -0.999945  0.000728  0.000267  0.027504  
15.496053 0.010191  0.091187  -0.002951  0.991221  0.101276  0.084990  -0.094769  0.096009  0.990859  0.092190  -0.990215  0.104764  0.004717  -0.000808  0.001815  -0.121716  -0.977900  0.517282  2.000000  0.999814  0.011170  0.015744  -0.015754  0.000779  0.999876  0.011156  -0.999937  0.000954  0.999599  0.011061  0.026058  -0.010969  0.999933  -0.003693  -0.026097  0.003406  0.999654  1.000000  0.000138  0.000326  -0.000138  1.000000  -0.000044  -0.000326  0.000044  1.000000  0.999814  0.011170  0.015744  -0.015754  0.000779  0.999876  0.011156  -0.999937  0.000954  0.000277  0.028534  
15.497307 0.010198  0.091184  -0.002951  0.991035  0.101994  0.086301  -0.096192  0.096413  0.990682  0.092723  -0.990102  0.105359  0.004739  -0.000961  0.001579  -0.139984  -1.013899  0.515616  2.000000  0.999786  0.011728  0.017069  -0.017081  0.000963  0.999854  0.011710  -0.999931  0.001163  0.999582  0.011140  0.026662  -0.011034  0.999931  -0.004117  -0.026706  0.003821  0.999636  1.000000  0.000139  0.000334  -0.000139  1.000000  -0.000050  -0.000334  0.000050  1.000000  0.999786  0.011728  0.017069  -0.017081  0.000963  0.999854  0.011710  -0.999931  0.001163  0.000287  0.029171  
15.498557 0.010204  0.091181  -0.002953  0.990838  0.102601  0.087828  -0.097821  0.096806  0.990485  0.093123  -0.990001  0.105956  0.004769  -0.001113  0.001242  -0.152214  -1.055559  0.515900  2.000000  0.999747  0.012434  0.018729  -0.018746  0.001221  0.999824  0.012409  -0.999922  0.001454  0.999580  0.011422  0.026626  -0.011301  0.999925  -0.004716  -0.026678  0.004413  0.999634  1.000000  0.000142  0.000333  -0.000142  1.000000  -0.000057  -0.000333  0.000057  1.000000  0.999747  0.012434  0.018729  -0.018746  0.001221  0.999824  0.012409  -0.999922  0.001454  0.000295  0.029334  
15.499803 0.010209  0.091177  -0.002957  0.990646  0.103333  0.089123  -0.099244  0.097326  0.990292  0.093655  -0.989874  0.106671  0.004818  -0.001406  0.000894  -0.173054  -1.089636  0.519846  2.000000  0.999705  0.013155  0.020406  -0.020427  0.001504  0.999790  0.013122  -0.999912  0.001772  0.999566  0.011747  0.026998  -0.011615  0.999920  -0.005038  -0.027055  0.004722  0.999623  1.000000  0.000146  0.000338  -0.000146  1.000000  -0.000061  -0.000338  0.000061  1.000000  0.999705  0.013155  0.020406  -0.020427  0.001504  0.999790  0.013122  -0.999912  0.001772  0.000304  0.029849  
15.500803 0.010214  0.091172  -0.002961  0.990493  0.104014  0.090023  -0.100258  0.097767  0.990146  0.094188  -0.989759  0.107266  0.004866  -0.001666  0.000603  -0.190439  -1.116239  0.527421  2.000000  0.999669  0.013745  0.021769  -0.021795  0.001755  0.999761  0.013704  -0.999904  0.002054  0.999555  0.011806  0.027398  -0.011657  0.999916  -0.005599  -0.027461  0.005278  0.999609  1.000000  0.000147  0.000343  -0.000147  1.000000  -0.000068  -0.000343  0.000068  1.000000  0.999669  0.013745  0.021769  -0.021795  0.001755  0.999761  0.013704  -0.999904  0.002054  0.000311  0.030329  
15.501822 0.010217  0.091166  -0.002965  0.990344  0.104454  0.091154  -0.101479  0.098212  0.989978  0.094455  -0.989669  0.107863  0.004826  -0.002040  0.000187  -0.207742  -1.143513  0.521269  2.000000  0.999630  0.014335  0.023133  -0.023165  0.002027  0.999730  0.014284  -0.999895  0.002359  0.999562  0.011668  0.027200  -0.011509  0.999916  -0.005965  -0.027267  0.005650  0.999612  1.000000  0.000145  0.000340  -0.000145  1.000000  -0.000073  -0.000340  0.000073  1.000000  0.999630  0.014335  0.023133  -0.023165  0.002027  0.999730  0.014284  -0.999895  0.002359  0.000316  0.030165  
15.503058 0.010221  0.091157  -0.002970  0.990180  0.105037  0.092257  -0.102698  0.098762  0.989798  0.094854  -0.989552  0.108579  0.004691  -0.002508  -0.000294  -0.229595  -1.173365  0.521064  2.000000  0.999589  0.014914  0.024493  -0.024531  0.002325  0.999696  0.014852  -0.999886  0.002690  0.999564  0.011421  0.027219  -0.011247  0.999915  -0.006553  -0.027291  0.006244  0.999608  1.000000  0.000142  0.000341  -0.000142  1.000000  -0.000080  -0.000341  0.000080  1.000000  0.999589  0.014914  0.024493  -0.024531  0.002325  0.999696  0.014852  -0.999886  0.002690  0.000326  0.030208  
15.504312 0.010224  0.091149  -0.002976  0.990001  0.105754  0.093345  -0.103916  0.099297  0.989617  0.095387  -0.989422  0.109294  0.004460  -0.003013  -0.000937  -0.250577  -1.198809  0.523599  2.000000  0.999536  0.015614  0.026169  -0.026214  0.002727  0.999653  0.015537  -0.999874  0.003135  0.999585  0.010976  0.026641  -0.010791  0.999917  -0.007068  -0.026716  0.006778  0.999620  1.000000  0.000136  0.000334  -0.000136  1.000000  -0.000087  -0.000334  0.000087  1.000000  0.999536  0.015614  0.026169  -0.026214  0.002727  0.999653  0.015537  -0.999874  0.003135  0.000333  0.029638  
15.505554 0.010227  0.091140  -0.002983  0.989821  0.106472  0.094432  -0.105133  0.099831  0.989435  0.095920  -0.989291  0.110008  0.004244  -0.003499  -0.001579  -0.270403  -1.199055  0.524332  2.000000  0.999491  0.016168  0.027491  -0.027544  0.003076  0.999616  0.016077  -0.999865  0.003520  0.999590  0.010976  0.026427  -0.010777  0.999912  -0.007678  -0.026508  0.007390  0.999621  1.000000  0.000136  0.000331  -0.000136  1.000000  -0.000094  -0.000331  0.000094  1.000000  0.999491  0.016168  0.027491  -0.027544  0.003076  0.999616  0.016077  -0.999865  0.003520  0.000336  0.029595  
15.506807 0.010230  0.091131  -0.002991  0.989640  0.107203  0.095504  -0.106350  0.100483  0.989239  0.096452  -0.989147  0.110843  0.004046  -0.004130  -0.002406  -0.294866  -1.191261  0.528584  2.000000  0.999434  0.016857  0.029124  -0.029187  0.003547  0.999568  0.016746  -0.999852  0.004037  0.999602  0.010950  0.026010  -0.010741  0.999909  -0.008183  -0.026097  0.007901  0.999628  1.000000  0.000136  0.000326  -0.000136  1.000000  -0.000101  -0.000326  0.000101  1.000000  0.999434  0.016857  0.029124  -0.029187  0.003547  0.999568  0.016746  -0.999852  0.004037  0.000335  0.029348  
15.508052 0.010234  0.091122  -0.003002  0.989478  0.107914  0.096372  -0.107363  0.101155  0.989061  0.096985  -0.989001  0.111677  0.003860  -0.004721  -0.003326  -0.316268  -1.180467  0.533785  2.000000  0.999375  0.017549  0.030693  -0.030769  0.004054  0.999518  0.017416  -0.999838  0.004591  0.999628  0.010993  0.024965  -0.010778  0.999904  -0.008743  -0.025059  0.008470  0.999650  1.000000  0.000136  0.000313  -0.000136  1.000000  -0.000108  -0.000313  0.000108  1.000000  0.999375  0.017549  0.030693  -0.030769  0.004054  0.999518  0.017416  -0.999838  0.004591  0.000334  0.028608  
15.509310 0.010237  0.091113  -0.003012  0.989315  0.108627  0.097238  -0.108376  0.101826  0.988881  0.097518  -0.988854  0.112510  0.003630  -0.005197  -0.004129  -0.342621  -1.188946  0.543018  2.000000  0.999315  0.018243  0.032202  -0.032291  0.004592  0.999468  0.018085  -0.999823  0.005178  0.999664  0.010856  0.023529  -0.010641  0.999901  -0.009218  -0.023626  0.008965  0.999681  1.000000  0.000134  0.000295  -0.000134  1.000000  -0.000114  -0.000295  0.000114  1.000000  0.999315  0.018243  0.032202  -0.032291  0.004592  0.999468  0.018085  -0.999823  0.005178  0.000337  0.027464  
15.510313 0.010239  0.091107  -0.003021  0.989187  0.109177  0.097928  -0.109187  0.102412  0.988732  0.097917  -0.988733  0.113226  0.003426  -0.005522  -0.004795  -0.363214  -1.182080  0.542902  2.000000  0.999267  0.018791  0.033346  -0.033446  0.005040  0.999428  0.018612  -0.999811  0.005665  0.999685  0.010648  0.022720  -0.010434  0.999900  -0.009523  -0.022819  0.009283  0.999697  1.000000  0.000132  0.000285  -0.000132  1.000000  -0.000118  -0.000285  0.000118  1.000000  0.999267  0.018791  0.033346  -0.033446  0.005040  0.999428  0.018612  -0.999811  0.005665  0.000338  0.026799  
15.511551 0.010243  0.091099  -0.003031  0.989035  0.109760  0.098808  -0.110200  0.103095  0.988548  0.098317  -0.988597  0.114061  0.003235  -0.005783  -0.005364  -0.384852  -1.162855  0.528024  2.000000  0.999207  0.019473  0.034728  -0.034843  0.005629  0.999377  0.019265  -0.999795  0.006303  0.999700  0.010601  0.022098  -0.010381  0.999896  -0.010053  -0.022202  0.009821  0.999705  1.000000  0.000131  0.000277  -0.000131  1.000000  -0.000124  -0.000277  0.000124  1.000000  0.999207  0.019473  0.034728  -0.034843  0.005629  0.999377  0.019265  -0.999795  0.006303  0.000335  0.026450  
15.512803 0.010247  0.091092  -0.003042  0.988881  0.110357  0.099673  -0.111214  0.103897  0.988351  0.098716  -0.988447  0.115015  0.003087  -0.006134  -0.006063  -0.411134  -1.136449  0.512306  2.000000  0.999158  0.020016  0.035814  -0.035943  0.006119  0.999335  0.019784  -0.999781  0.006834  0.999709  0.010573  0.021681  -0.010349  0.999892  -0.010444  -0.021789  0.010217  0.999710  1.000000  0.000131  0.000272  -0.000131  1.000000  -0.000129  -0.000272  0.000129  1.000000  0.999158  0.020016  0.035814  -0.035943  0.006119  0.999335  0.019784  -0.999781  0.006834  0.000329  0.026243  
15.514060 0.010250  0.091084  -0.003052  0.988727  0.110956  0.100537  -0.112227  0.104698  0.988152  0.099116  -0.988295  0.115970  0.002898  -0.006374  -0.006565  -0.436799  -1.116242  0.501688  2.000000  0.999096  0.020691  0.037137  -0.037284  0.006762  0.999282  0.020425  -0.999763  0.007527  0.999723  0.010527  0.021058  -0.010297  0.999887  -0.010975  -0.021171  0.010755  0.999718  1.000000  0.000130  0.000264  -0.000130  1.000000  -0.000136  -0.000264  0.000136  1.000000  0.999096  0.020691  0.037137  -0.037284  0.006762  0.999282  0.020425  -0.999763  0.007527  0.000325  0.025931  
15.515305 0.010252  0.091077  -0.003062  0.988595  0.111535  0.101196  -0.113037  0.105520  0.987972  0.099515  -0.988142  0.116924  0.002697  -0.006484  -0.006936  -0.459211  -1.087008  0.496297  2.000000  0.999034  0.021356  0.038396  -0.038562  0.007427  0.999229  0.021054  -0.999744  0.008243  0.999756  0.010113  0.019654  -0.009894  0.999888  -0.011211  -0.019765  0.011014  0.999744  1.000000  0.000125  0.000246  -0.000125  1.000000  -0.000139  -0.000246  0.000139  1.000000  0.999034  0.021356  0.038396  -0.038562  0.007427  0.999229  0.021054  -0.999744  0.008243  0.000320  0.024741  
15.516549 0.010254  0.091070  -0.003072  0.988472  0.112212  0.101649  -0.113641  0.106229  0.987826  0.100048  -0.987990  0.117757  0.002501  -0.006512  -0.007243  -0.482665  -1.045153  0.496693  2.000000  0.998974  0.022015  0.039574  -0.039761  0.008111  0.999176  0.021675  -0.999725  0.008978  0.999775  0.010146  0.018609  -0.009932  0.999884  -0.011538  -0.018724  0.011350  0.999760  1.000000  0.000126  0.000233  -0.000125  1.000000  -0.000143  -0.000233  0.000143  1.000000  0.998974  0.022015  0.039574  -0.039761  0.008111  0.999176  0.021675  -0.999725  0.008978  0.000316  0.024090  
15.517800 0.010257  0.091062  -0.003082  0.988311  0.113067  0.102260  -0.114448  0.107139  0.987635  0.100713  -0.987794  0.118827  0.002412  -0.006460  -0.007518  -0.505569  -1.009787  0.502618  2.000000  0.998915  0.022671  0.040677  -0.040885  0.008812  0.999125  0.022293  -0.999704  0.009729  0.999798  0.010152  0.017361  -0.009947  0.999880  -0.011882  -0.017480  0.011707  0.999779  1.000000  0.000126  0.000218  -0.000126  1.000000  -0.000147  -0.000218  0.000147  1.000000  0.998915  0.022671  0.040677  -0.040885  0.008812  0.999125  0.022293  -0.999704  0.009729  0.000310  0.023317  
15.518812 0.010259  0.091055  -0.003091  0.988200  0.113615  0.102727  -0.115053  0.107862  0.987486  0.101113  -0.987653  0.119661  0.002392  -0.006482  -0.007896  -0.525963  -0.970062  0.497491  2.000000  0.998868  0.023198  0.041517  -0.041744  0.009397  0.999084  0.022787  -0.999687  0.010355  0.999809  0.010096  0.016740  -0.009889  0.999874  -0.012416  -0.016864  0.012248  0.999783  1.000000  0.000125  0.000210  -0.000125  1.000000  -0.000154  -0.000210  0.000154  1.000000  0.998868  0.023198  0.041517  -0.041744  0.009397  0.999084  0.022787  -0.999687  0.010355  0.000305  0.023116  
15.519815 0.010261  0.091048  -0.003100  0.988088  0.114175  0.103178  -0.115659  0.108704  0.987323  0.101512  -0.987496  0.120614  0.002409  -0.006465  -0.008143  -0.548476  -0.942123  0.494956  2.000000  0.998822  0.023724  0.042326  -0.042573  0.010002  0.999043  0.023278  -0.999669  0.011000  0.999820  0.010037  0.016121  -0.009831  0.999869  -0.012829  -0.016247  0.012668  0.999788  1.000000  0.000124  0.000202  -0.000124  1.000000  -0.000159  -0.000202  0.000159  1.000000  0.998822  0.023724  0.042326  -0.042573  0.010002  0.999043  0.023278  -0.999669  0.011000  0.000299  0.022874  
15.521053 0.010264  0.091039  -0.003112  0.987952  0.114772  0.103818  -0.116468  0.109641  0.987124  0.101911  -0.987323  0.121687  0.002414  -0.006486  -0.008417  -0.565380  -0.920837  0.490326  2.000000  0.998776  0.024249  0.043121  -0.043389  0.010637  0.999002  0.023766  -0.999649  0.011676  0.999820  0.010055  0.016109  -0.009841  0.999863  -0.013307  -0.016241  0.013146  0.999782  1.000000  0.000124  0.000202  -0.000124  1.000000  -0.000165  -0.000202  0.000165  1.000000  0.998776  0.024249  0.043121  -0.043389  0.010637  0.999002  0.023766  -0.999649  0.011676  0.000298  0.023144  
15.522311 0.010269  0.091032  -0.003125  0.987805  0.115274  0.104662  -0.117481  0.110689  0.986887  0.102177  -0.987147  0.122881  0.002492  -0.006299  -0.008620  -0.587818  -0.893548  0.483541  2.000000  0.998718  0.024897  0.044080  -0.044375  0.011457  0.998949  0.024366  -0.999624  0.012547  0.999831  0.009866  0.015502  -0.009652  0.999858  -0.013841  -0.015637  0.013689  0.999784  1.000000  0.000122  0.000195  -0.000122  1.000000  -0.000172  -0.000195  0.000172  1.000000  0.998718  0.024897  0.044080  -0.044375  0.011457  0.998949  0.024366  -0.999624  0.012547  0.000294  0.022961  
15.523551 0.010275  0.091026  -0.003136  0.987642  0.115909  0.105488  -0.118493  0.111720  0.986650  0.102577  -0.986957  0.124074  0.002652  -0.006173  -0.008650  -0.609898  -0.873067  0.482203  2.000000  0.998660  0.025534  0.045010  -0.045335  0.012303  0.998896  0.024952  -0.999598  0.013444  0.999843  0.009544  0.014913  -0.009332  0.999855  -0.014254  -0.015047  0.014112  0.999787  1.000000  0.000118  0.000187  -0.000118  1.000000  -0.000177  -0.000187  0.000177  1.000000  0.998660  0.025534  0.045010  -0.045335  0.012303  0.998896  0.024952  -0.999598  0.013444  0.000293  0.022687  
15.524554 0.010280  0.091022  -0.003144  0.987542  0.116330  0.105966  -0.119100  0.112454  0.986493  0.102843  -0.986824  0.124908  0.002886  -0.005997  -0.008671  -0.626578  -0.839612  0.472991  2.000000  0.998614  0.026041  0.045736  -0.046086  0.012998  0.998853  0.025416  -0.999576  0.014180  0.999845  0.009664  0.014684  -0.009451  0.999850  -0.014511  -0.014822  0.014370  0.999787  1.000000  0.000119  0.000184  -0.000119  1.000000  -0.000181  -0.000184  0.000181  1.000000  0.998614  0.026041  0.045736  -0.046086  0.012998  0.998853  0.025416  -0.999576  0.014180  0.000288  0.022751  
15.525806 0.010289  0.091017  -0.003154  0.987364  0.117100  0.106773  -0.120110  0.113467  0.986255  0.103375  -0.986617  0.126098  0.003226  -0.005778  -0.008570  -0.645111  -0.811145  0.475024  2.000000  0.998557  0.026666  0.046609  -0.046991  0.013885  0.998799  0.025986  -0.999548  0.015118  0.999857  0.009339  0.014095  -0.009131  0.999849  -0.014802  -0.014231  0.014671  0.999791  1.000000  0.000115  0.000177  -0.000115  1.000000  -0.000184  -0.000177  0.000184  1.000000  0.998557  0.026666  0.046609  -0.046991  0.013885  0.998799  0.025986  -0.999548  0.015118  0.000285  0.022430  
15.527048 0.010298  0.091013  -0.003161  0.987185  0.117884  0.107564  -0.121119  0.114598  0.986001  0.103907  -0.986393  0.127407  0.003574  -0.005566  -0.008401  -0.668477  -0.796818  0.475545  2.000000  0.998500  0.027288  0.047459  -0.047875  0.014802  0.998744  0.026551  -0.999518  0.016086  0.999860  0.009332  0.013879  -0.009118  0.999840  -0.015419  -0.014021  0.015291  0.999785  1.000000  0.000115  0.000174  -0.000115  1.000000  -0.000192  -0.000174  0.000192  1.000000  0.998500  0.027288  0.047459  -0.047875  0.014802  0.998744  0.026551  -0.999518  0.016086  0.000286  0.022706  
15.528056 0.010306  0.091010  -0.003168  0.987068  0.118453  0.108007  -0.121724  0.115433  0.985829  0.104307  -0.986227  0.128359  0.003897  -0.005371  -0.008249  -0.686363  -0.776112  0.473725  2.000000  0.998455  0.027782  0.048129  -0.048574  0.015553  0.998699  0.026997  -0.999493  0.016879  0.999864  0.009187  0.013683  -0.008972  0.999837  -0.015674  -0.013825  0.015549  0.999784  1.000000  0.000114  0.000172  -0.000113  1.000000  -0.000195  -0.000172  0.000195  1.000000  0.998455  0.027782  0.048129  -0.048574  0.015553  0.998699  0.026997  -0.999493  0.016879  0.000285  0.022703  
15.529305 0.010315  0.091006  -0.003176  0.986875  0.119134  0.109015  -0.122938  0.116553  0.985546  0.104706  -0.986013  0.129669  0.004281  -0.005161  -0.008148  -0.710810  -0.769244  0.469163  2.000000  0.998408  0.028280  0.048803  -0.049277  0.016327  0.998652  0.027445  -0.999467  0.017695  0.999857  0.009388  0.014060  -0.009162  0.999828  -0.016113  -0.014209  0.015982  0.999771  1.000000  0.000116  0.000177  -0.000116  1.000000  -0.000201  -0.000177  0.000201  1.000000  0.998408  0.028280  0.048803  -0.049277  0.016327  0.998652  0.027445  -0.999467  0.017695  0.000286  0.023312  
15.530548 0.010323  0.091000  -0.003185  0.986693  0.119911  0.109815  -0.123947  0.117560  0.985300  0.105238  -0.985800  0.130858  0.004715  -0.005061  -0.008038  -0.727985  -0.755262  0.468319  2.000000  0.998348  0.028904  0.049656  -0.050169  0.017324  0.998590  0.028003  -0.999432  0.018746  0.999858  0.009274  0.014065  -0.009041  0.999821  -0.016591  -0.014216  0.016461  0.999763  1.000000  0.000114  0.000177  -0.000114  1.000000  -0.000207  -0.000177  0.000207  1.000000  0.998348  0.028904  0.049656  -0.050169  0.017324  0.998590  0.028003  -0.999432  0.018746  0.000287  0.023601  
15.531549 0.010330  0.090995  -0.003191  0.986562  0.120376  0.110475  -0.124756  0.118384  0.985100  0.105504  -0.985644  0.131811  0.005130  -0.005001  -0.007964  -0.740511  -0.748602  0.463648  2.000000  0.998299  0.029405  0.050337  -0.050883  0.018135  0.998540  0.028449  -0.999403  0.019601  0.999858  0.009288  0.014055  -0.009051  0.999817  -0.016829  -0.014209  0.016700  0.999760  1.000000  0.000115  0.000177  -0.000115  1.000000  -0.000210  -0.000177  0.000210  1.000000  0.998299  0.029405  0.050337  -0.050883  0.018135  0.998540  0.028449  -0.999403  0.019601  0.000287  0.023769  
15.532801 0.010339  0.090989  -0.003198  0.986365  0.121064  0.111477  -0.125969  0.119499  0.984811  0.105903  -0.985426  0.133120  0.005605  -0.004832  -0.007735  -0.761083  -0.741302  0.463581  2.000000  0.998237  0.030030  0.051192  -0.051781  0.019165  0.998475  0.029003  -0.999365  0.020686  0.999859  0.009174  0.014060  -0.008934  0.999814  -0.017064  -0.014214  0.016936  0.999756  1.000000  0.000113  0.000177  -0.000113  1.000000  -0.000213  -0.000177  0.000213  1.000000  0.998237  0.030030  0.051192  -0.051781  0.019165  0.998475  0.029003  -0.999365  0.020686  0.000290  0.023894  
15.533803 0.010347  0.090985  -0.003203  0.986233  0.121532  0.112135  -0.126777  0.120321  0.984607  0.106169  -0.985268  0.134072  0.005879  -0.004644  -0.007459  -0.773071  -0.740982  0.464204  2.000000  0.998187  0.030532  0.051871  -0.052495  0.019996  0.998421  0.029446  -0.999334  0.021562  0.999858  0.009320  0.014033  -0.009079  0.999811  -0.017181  -0.014190  0.017051  0.999754  1.000000  0.000115  0.000176  -0.000115  1.000000  -0.000214  -0.000176  0.000214  1.000000  0.998187  0.030532  0.051871  -0.052495  0.019996  0.998421  0.029446  -0.999334  0.021562  0.000291  0.024017  
15.534803 0.010355  0.090983  -0.003206  0.986060  0.122158  0.112977  -0.127787  0.121100  0.984381  0.106569  -0.985095  0.135022  0.006251  -0.004375  -0.007094  -0.784915  -0.740614  0.464803  2.000000  0.998136  0.031037  0.052556  -0.053216  0.020834  0.998366  0.029892  -0.999301  0.022447  0.999855  0.009361  0.014226  -0.009113  0.999807  -0.017399  -0.014386  0.017267  0.999747  1.000000  0.000115  0.000179  -0.000115  1.000000  -0.000217  -0.000179  0.000217  1.000000  0.998136  0.031037  0.052556  -0.053216  0.020834  0.998366  0.029892  -0.999301  0.022447  0.000294  0.024301  
15.535807 0.010363  0.090980  -0.003210  0.985912  0.122774  0.113600  -0.128593  0.122023  0.984162  0.106968  -0.984905  0.136092  0.006688  -0.004030  -0.006601  -0.801270  -0.733824  0.460072  2.000000  0.998083  0.031548  0.053252  -0.053950  0.021687  0.998308  0.030340  -0.999267  0.023347  0.999852  0.009404  0.014418  -0.009148  0.999801  -0.017737  -0.014582  0.017602  0.999739  1.000000  0.000116  0.000181  -0.000116  1.000000  -0.000221  -0.000181  0.000221  1.000000  0.998083  0.031548  0.053252  -0.053950  0.021687  0.998308  0.030340  -0.999267  0.023347  0.000295  0.024671  
15.537053 0.010374  0.090978  -0.003213  0.985709  0.123470  0.114596  -0.129806  0.123133  0.983864  0.107367  -0.984679  0.137400  0.007112  -0.003702  -0.005966  -0.817165  -0.733922  0.456494  2.000000  0.998028  0.032064  0.053969  -0.054706  0.022560  0.998248  0.030791  -0.999231  0.024270  0.999841  0.009639  0.014995  -0.009365  0.999789  -0.018276  -0.015168  0.018133  0.999721  1.000000  0.000119  0.000189  -0.000119  1.000000  -0.000228  -0.000189  0.000228  1.000000  0.998028  0.032064  0.053969  -0.054706  0.022560  0.998248  0.030791  -0.999231  0.024270  0.000297  0.025481  
15.538055 0.010382  0.090977  -0.003214  0.985532  0.124114  0.115419  -0.130814  0.124027  0.983618  0.107766  -0.984486  0.138469  0.007353  -0.003428  -0.005543  -0.832133  -0.740452  0.456755  2.000000  0.997971  0.032582  0.054708  -0.055486  0.023449  0.998184  0.031240  -0.999194  0.025209  0.999833  0.009473  0.015631  -0.009184  0.999788  -0.018450  -0.015802  0.018303  0.999708  1.000000  0.000117  0.000196  -0.000117  1.000000  -0.000230  -0.000196  0.000230  1.000000  0.997971  0.032582  0.054708  -0.055486  0.023449  0.998184  0.031240  -0.999194  0.025209  0.000300  0.025921  
15.539056 0.010391  0.090976  -0.003216  0.985396  0.124604  0.116056  -0.131622  0.124964  0.983392  0.108032  -0.984306  0.139539  0.007605  -0.003199  -0.005003  -0.843785  -0.740299  0.452790  2.000000  0.997912  0.033097  0.055465  -0.056284  0.024347  0.998118  0.031684  -0.999156  0.026159  0.999830  0.009520  0.015821  -0.009224  0.999783  -0.018665  -0.015996  0.018516  0.999701  1.000000  0.000117  0.000199  -0.000117  1.000000  -0.000232  -0.000199  0.000232  1.000000  0.997912  0.033097  0.055465  -0.056284  0.024347  0.998118  0.031684  -0.999156  0.026159  0.000302  0.026205  
15.540322 0.010403  0.090975  -0.003218  0.985189  0.125306  0.117048  -0.132833  0.126069  0.983088  0.108431  -0.984076  0.140846  0.007846  -0.002870  -0.004489  -0.858345  -0.746592  0.449664  2.000000  0.997836  0.033738  0.056434  -0.057307  0.025482  0.998031  0.032233  -0.999106  0.027360  0.999824  0.009333  0.016251  -0.009026  0.999781  -0.018858  -0.016424  0.018708  0.999690  1.000000  0.000115  0.000204  -0.000115  1.000000  -0.000235  -0.000204  0.000235  1.000000  0.997836  0.033738  0.056434  -0.057307  0.025482  0.998031  0.032233  -0.999106  0.027360  0.000306  0.026536  
15.541553 0.010414  0.090974  -0.003220  0.984996  0.125895  0.118042  -0.134046  0.127309  0.982763  0.108697  -0.983841  0.142274  0.007982  -0.002696  -0.004130  -0.878320  -0.753451  0.450266  2.000000  0.997759  0.034373  0.057414  -0.058341  0.026617  0.997942  0.032774  -0.999055  0.028563  0.999822  0.009251  0.016460  -0.008941  0.999783  -0.018829  -0.016630  0.018678  0.999687  1.000000  0.000114  0.000207  -0.000114  1.000000  -0.000234  -0.000207  0.000234  1.000000  0.997759  0.034373  0.057414  -0.058341  0.026617  0.997942  0.032774  -0.999055  0.028563  0.000309  0.026614  
15.542810 0.010426  0.090973  -0.003223  0.984786  0.126602  0.119031  -0.135257  0.128411  0.982454  0.109096  -0.983607  0.143581  0.008159  -0.002471  -0.003770  -0.885365  -0.759518  0.453455  2.000000  0.997678  0.035010  0.058412  -0.059396  0.027763  0.997848  0.033313  -0.999001  0.029778  0.999818  0.009304  0.016648  -0.008987  0.999778  -0.019046  -0.016822  0.018893  0.999680  1.000000  0.000114  0.000209  -0.000114  1.000000  -0.000237  -0.000209  0.000237  1.000000  0.997678  0.035010  0.058412  -0.059396  0.027763  0.997848  0.033313  -0.999001  0.029778  0.000313  0.026902  
15.544087 0.010437  0.090971  -0.003226  0.984547  0.127353  0.120204  -0.136670  0.129603  0.982102  0.109495  -0.983354  0.145006  0.008251  -0.002315  -0.003359  -0.899091  -0.771883  0.455768  2.000000  0.997596  0.035653  0.059423  -0.060465  0.028916  0.997751  0.033854  -0.998946  0.031003  0.999814  0.009356  0.016838  -0.009033  0.999776  -0.019139  -0.017013  0.018984  0.999675  1.000000  0.000115  0.000212  -0.000115  1.000000  -0.000238  -0.000212  0.000238  1.000000  0.997596  0.035653  0.059423  -0.060465  0.028916  0.997751  0.033854  -0.998946  0.031003  0.000316  0.027102  
15.545304 0.010447  0.090969  -0.003228  0.984348  0.127921  0.121223  -0.137882  0.130600  0.981800  0.109761  -0.983148  0.146194  0.008359  -0.002075  -0.002890  -0.906263  -0.786661  0.451465  2.000000  0.997527  0.036179  0.060259  -0.061350  0.029854  0.997670  0.034296  -0.998899  0.031999  0.999798  0.009629  0.017616  -0.009284  0.999766  -0.019537  -0.017800  0.019369  0.999654  1.000000  0.000118  0.000221  -0.000118  1.000000  -0.000243  -0.000221  0.000243  1.000000  0.997527  0.036179  0.060259  -0.061350  0.029854  0.997670  0.034296  -0.998899  0.031999  0.000321  0.027957  
15.546552 0.010457  0.090966  -0.003229  0.984105  0.128678  0.122393  -0.139294  0.131789  0.981442  0.110160  -0.982890  0.147619  0.008478  -0.001863  -0.002439  -0.923493  -0.814326  0.450116  2.000000  0.997438  0.036835  0.061327  -0.062481  0.031034  0.997564  0.034842  -0.998839  0.033256  0.999796  0.009418  0.017844  -0.009067  0.999766  -0.019628  -0.018025  0.019462  0.999648  1.000000  0.000116  0.000224  -0.000116  1.000000  -0.000244  -0.000224  0.000244  1.000000  0.997438  0.036835  0.061327  -0.062481  0.031034  0.997564  0.034842  -0.998839  0.033256  0.000325  0.028094  
15.547554 0.010465  0.090963  -0.003229  0.983946  0.129078  0.123243  -0.140305  0.132709  0.981174  0.110293  -0.982714  0.148689  0.008545  -0.001712  -0.002067  -0.929749  -0.829181  0.439314  2.000000  0.997365  0.037354  0.062198  -0.063403  0.031982  0.997475  0.035270  -0.998790  0.034266  0.999789  0.009367  0.018257  -0.009007  0.999765  -0.019700  -0.018437  0.019531  0.999639  1.000000  0.000115  0.000229  -0.000115  1.000000  -0.000245  -0.000229  0.000245  1.000000  0.997365  0.037354  0.062198  -0.063403  0.031982  0.997475  0.035270  -0.998790  0.034266  0.000331  0.028390  
15.548802 0.010475  0.090960  -0.003230  0.983714  0.129696  0.124444  -0.141719  0.133795  0.980824  0.110559  -0.982486  0.149996  0.008553  -0.001720  -0.001807  -0.935386  -0.849788  0.436023  2.000000  0.997270  0.037997  0.063314  -0.064584  0.033172  0.997361  0.035796  -0.998727  0.035535  0.999779  0.009218  0.018891  -0.008845  0.999766  -0.019748  -0.019068  0.019577  0.999627  1.000000  0.000113  0.000237  -0.000113  1.000000  -0.000246  -0.000237  0.000246  1.000000  0.997270  0.037997  0.063314  -0.064584  0.033172  0.997361  0.035796  -0.998727  0.035535  0.000335  0.028786  
