1-Time 2-Px 3-Py 4-Pz 5-R11 6-R21 7-R31 8-R12 9-R22 10-R32 11-R13 12-R23 13-R33 14-Vx 15-Vy 16-Vz 17-Wx 18-Wy 19-Wz 20-state 21-PR11 22-PR21 23-PR31 24-PR12 25-PR22 26-PR32 27-PR13 28-PR23 29-PR33 
248.719591 0.010619  0.093804  -0.008868  0.989196  0.009678  0.146281  -0.146460  0.108949  0.983199  -0.006422  -0.994000  0.109190  0.000096  -0.000156  -0.000235  0.000000  0.000000  0.000000  2.000000  1.000000  0.000000  0.000000  0.000000  -0.000000  1.000000  0.000000  -1.000000  -0.000000  1.000000  -0.000090  -0.000819  0.000089  0.999999  -0.001086  0.000819  0.001086  0.999999  1.000000  0.000000  0.000000  0.000000  1.000000  0.000000  0.000000  0.000000  1.000000  0.691215  0.584810  0.424522  -0.466341  -0.087787  0.880238  0.552040  -0.806406  0.212041  0.000000  0.000000  
248.720594 0.010620  0.093804  -0.008868  0.989196  0.009695  0.146280  -0.146460  0.109069  0.983185  -0.006422  -0.993987  0.109310  0.000149  -0.000157  -0.000239  0.000000  0.000000  0.000000  2.000000  1.000000  0.000000  0.000000  0.000000  -0.000000  1.000000  0.000000  -1.000000  -0.000000  1.000000  -0.000090  -0.000819  0.000089  0.999999  -0.001208  0.000819  0.001208  0.999999  1.000000  0.000000  0.000000  0.000000  1.000000  0.000000  0.000000  0.000000  1.000000  1.000000  0.000000  0.000000  0.000000  -0.000000  1.000000  0.000000  -1.000000  -0.000000  0.000000  0.000000  
248.721846 0.010622  0.093803  -0.008868  0.989195  0.009581  0.146293  -0.146460  0.109207  0.983170  -0.006556  -0.993973  0.109431  0.000268  -0.000186  -0.000242  0.000000  0.000000  0.000000  2.000000  1.000000  0.000000  0.000000  0.000000  -0.000000  1.000000  0.000000  -1.000000  -0.000000  1.000000  -0.000201  -0.000599  0.000200  0.999999  -0.001088  0.000599  0.001088  0.999999  1.000000  0.000000  0.000000  0.000000  1.000000  0.000000  0.000000  0.000000  1.000000  1.000000  0.000000  0.000000  0.000000  -0.000000  1.000000  0.000000  -1.000000  -0.000000  0.000000  0.000000  
248.722848 0.010625  0.093802  -0.008868  0.989193  0.009318  0.146322  -0.146460  0.109246  0.983166  -0.006824  -0.993971  0.109430  0.000449  -0.000240  -0.000235  0.000000  0.000000  0.000000  2.000000  1.000000  0.000000  0.000000  0.000000  -0.000000  1.000000  0.000000  -1.000000  -0.000000  1.000000  -0.000467  -0.000570  0.000466  0.999999  -0.001209  0.000571  0.001209  0.999999  1.000000  0.000000  0.000000  0.000000  1.000000  0.000000  0.000000  0.000000  1.000000  1.000000  0.000000  0.000000  0.000000  -0.000000  1.000000  0.000000  -1.000000  -0.000000  0.000000  0.000000  
248.724097 0.010628  0.093801  -0.008868  0.989160  0.008964  0.146567  -0.146663  0.109422  0.983116  -0.007225  -0.993955  0.109551  0.000652  -0.000323  -0.000254  0.000000  0.000000  0.000000  2.000000  1.000000  0.000000  0.000000  0.000000  -0.000000  1.000000  0.000000  -1.000000  -0.000000  1.000000  -0.000710  -0.000336  0.000710  0.999999  -0.001210  0.000337  0.001210  0.999999  1.000000  0.000000  0.000000  0.000000  1.000000  0.000000  0.000000  0.000000  1.000000  1.000000  0.000000  0.000000  0.000000  -0.000000  1.000000  0.000000  -1.000000  -0.000000  0.000000  0.000000  
248.725098 0.010631  0.093799  -0.008868  0.989158  0.008719  0.146595  -0.146663  0.109580  0.983098  -0.007493  -0.993940  0.109671  0.000852  -0.000428  -0.000227  0.000000  0.000000  0.000000  2.000000  1.000000  0.000000  0.000000  0.000000  -0.000000  1.000000  0.000000  -1.000000  -0.000000  0.999999  -0.000976  -0.000307  0.000976  0.999999  -0.001210  0.000308  0.001210  0.999999  1.000000  0.000000  0.000000  0.000000  1.000000  0.000000  0.000000  0.000000  1.000000  1.000000  0.000000  0.000000  0.000000  -0.000000  1.000000  0.000000  -1.000000  -0.000000  0.000000  0.000000  
248.726345 0.010635  0.093798  -0.008869  0.989187  0.008582  0.146406  -0.146459  0.109721  0.983113  -0.007626  -0.993925  0.109791  0.001153  -0.000487  -0.000266  0.000000  0.000000  0.000000  2.000000  1.000000  0.000000  0.000000  0.000000  -0.000000  1.000000  0.000000  -1.000000  -0.000000  0.999999  -0.001242  -0.000277  0.001242  0.999998  -0.001332  0.000279  0.001331  0.999999  1.000000  0.000000  0.000000  0.000000  1.000000  0.000000  0.000000  0.000000  1.000000  1.000000  0.000000  0.000000  0.000000  -0.000000  1.000000  0.000000  -1.000000  -0.000000  0.000000  0.000000  
248.727593 0.010640  0.093796  -0.008870  0.989185  0.008337  0.146434  -0.146459  0.109879  0.983095  -0.007894  -0.993910  0.109912  0.001505  -0.000569  -0.000263  0.000000  0.000000  0.000000  2.000000  1.000000  0.000000  0.000000  0.000000  -0.000000  1.000000  0.000000  -1.000000  -0.000000  0.999999  -0.001508  -0.000247  0.001508  0.999998  -0.001332  0.000249  0.001331  0.999999  1.000000  0.000000  0.000000  0.000000  1.000000  0.000000  0.000000  0.000000  1.000000  1.000000  0.000000  0.000000  0.000000  -0.000000  1.000000  0.000000  -1.000000  -0.000000  0.000000  0.000000  
248.728595 0.010644  0.093794  -0.008870  0.989214  0.008200  0.146245  -0.146255  0.110019  0.983110  -0.008028  -0.993896  0.110032  0.001794  -0.000708  -0.000303  0.000000  0.000000  0.000000  2.000000  1.000000  0.000000  0.000000  0.000000  -0.000000  1.000000  0.000000  -1.000000  -0.000000  0.999999  -0.001664  -0.000437  0.001663  0.999998  -0.001451  0.000440  0.001451  0.999999  1.000000  0.000000  0.000000  0.000000  1.000000  0.000000  0.000000  0.000000  1.000000  1.000000  0.000000  0.000000  0.000000  -0.000000  1.000000  0.000000  -1.000000  -0.000000  0.000000  0.000000  
248.729844 0.010649  0.093791  -0.008871  0.989212  0.007955  0.146273  -0.146255  0.110178  0.983092  -0.008295  -0.993880  0.110152  0.002048  -0.000939  -0.000328  0.000000  0.000000  0.000000  2.000000  1.000000  0.000000  0.000000  0.000000  -0.000000  1.000000  0.000000  -1.000000  -0.000000  0.999998  -0.001930  -0.000407  0.001929  0.999997  -0.001451  0.000410  0.001451  0.999999  1.000000  0.000000  0.000000  0.000000  1.000000  0.000000  0.000000  0.000000  1.000000  1.000000  0.000000  0.000000  0.000000  -0.000000  1.000000  0.000000  -1.000000  -0.000000  0.000000  0.000000  
248.730850 0.010653  0.093789  -0.008872  0.989210  0.007710  0.146302  -0.146254  0.110336  0.983075  -0.008563  -0.993864  0.110273  0.002360  -0.001067  -0.000384  0.000000  0.000000  0.000000  2.000000  1.000000  0.000000  0.000000  0.000000  -0.000000  1.000000  0.000000  -1.000000  -0.000000  0.999998  -0.002196  -0.000378  0.002195  0.999996  -0.001573  0.000381  0.001572  0.999999  1.000000  0.000000  0.000000  0.000000  1.000000  0.000000  0.000000  0.000000  1.000000  1.000000  0.000000  0.000000  0.000000  -0.000000  1.000000  0.000000  -1.000000  -0.000000  0.000000  0.000000  
248.732094 0.010658  0.093785  -0.008873  0.989235  0.007196  0.146156  -0.146050  0.110653  0.983069  -0.009098  -0.993833  0.110513  0.002703  -0.001315  -0.000420  0.000000  0.000000  0.000000  2.000000  1.000000  0.000000  0.000000  0.000000  -0.000000  1.000000  0.000000  -1.000000  -0.000000  0.999997  -0.002595  -0.000333  0.002594  0.999995  -0.001573  0.000337  0.001572  0.999999  1.000000  0.000000  0.000000  0.000000  1.000000  0.000000  0.000000  0.000000  1.000000  1.000000  0.000000  0.000000  0.000000  -0.000000  1.000000  0.000000  -1.000000  -0.000000  0.000000  0.000000  
248.733344 0.010664  0.093781  -0.008874  0.989230  0.006688  0.146214  -0.146049  0.110850  0.983047  -0.009633  -0.993815  0.110633  0.003056  -0.001565  -0.000492  0.000000  0.000000  0.000000  2.000000  1.000000  0.000000  0.000000  0.000000  -0.000000  1.000000  0.000000  -1.000000  -0.000000  0.999995  -0.003127  -0.000273  0.003126  0.999993  -0.001815  0.000279  0.001814  0.999998  1.000000  0.000000  0.000000  0.000000  1.000000  0.000000  0.000000  0.000000  1.000000  1.000000  0.000000  0.000000  0.000000  -0.000000  1.000000  0.000000  -1.000000  -0.000000  0.000000  0.000000  
248.734352 0.010668  0.093777  -0.008875  0.989227  0.006311  0.146257  -0.146049  0.111028  0.983027  -0.010035  -0.993797  0.110753  0.003329  -0.001807  -0.000486  0.000000  0.000000  0.000000  2.000000  1.000000  0.000000  0.000000  0.000000  -0.000000  1.000000  0.000000  -1.000000  -0.000000  0.999994  -0.003526  -0.000228  0.003525  0.999992  -0.001815  0.000235  0.001814  0.999998  1.000000  0.000000  0.000000  0.000000  1.000000  0.000000  0.000000  0.000000  1.000000  1.000000  0.000000  0.000000  0.000000  -0.000000  1.000000  0.000000  -1.000000  -0.000000  0.000000  0.000000  
248.735597 0.010674  0.093773  -0.008875  0.989222  0.005952  0.146299  -0.146048  0.111325  0.982994  -0.010436  -0.993766  0.110994  0.003630  -0.002081  -0.000506  0.000000  0.000000  0.000000  2.000000  1.000000  0.000000  0.000000  0.000000  -0.000000  1.000000  0.000000  -1.000000  -0.000000  0.999992  -0.003925  -0.000183  0.003924  0.999990  -0.002057  0.000191  0.002057  0.999998  1.000000  0.000000  0.000000  0.000000  1.000000  0.000000  0.000000  0.000000  1.000000  1.000000  0.000000  0.000000  0.000000  -0.000000  1.000000  0.000000  -1.000000  -0.000000  0.000000  0.000000  
248.736848 0.010680  0.093768  -0.008875  0.989248  0.005570  0.146140  -0.145844  0.111623  0.982990  -0.010837  -0.993735  0.111235  0.003859  -0.002348  -0.000485  0.000000  0.000000  0.000000  2.000000  1.000000  0.000000  0.000000  0.000000  -0.000000  1.000000  0.000000  -1.000000  -0.000000  0.999990  -0.004480  -0.000327  0.004479  0.999988  -0.002177  0.000337  0.002175  0.999998  1.000000  0.000000  0.000000  0.000000  1.000000  0.000000  0.000000  0.000000  1.000000  1.000000  0.000000  0.000000  0.000000  -0.000000  1.000000  0.000000  -1.000000  -0.000000  0.000000  0.000000  
248.738093 0.010685  0.093763  -0.008875  0.989244  0.005211  0.146183  -0.145843  0.111919  0.982957  -0.011239  -0.993704  0.111475  0.004014  -0.002548  -0.000466  0.000000  0.000000  0.000000  2.000000  1.000000  0.000000  0.000000  0.000000  -0.000000  1.000000  0.000000  -1.000000  -0.000000  0.999988  -0.004878  -0.000282  0.004878  0.999985  -0.002298  0.000293  0.002297  0.999997  1.000000  0.000000  0.000000  0.000000  1.000000  0.000000  0.000000  0.000000  1.000000  1.000000  0.000000  0.000000  0.000000  -0.000000  1.000000  0.000000  -1.000000  -0.000000  0.000000  0.000000  
248.739347 0.010690  0.093759  -0.008877  0.989238  0.004720  0.146240  -0.145842  0.112235  0.982921  -0.011774  -0.993670  0.111716  0.004181  -0.002819  -0.000607  0.000000  0.000000  0.000000  2.000000  1.000000  -0.000257  -0.000013  0.000013  0.000119  1.000000  -0.000257  -1.000000  0.000119  0.999986  -0.005277  -0.000236  0.005277  0.999983  -0.002419  0.000249  0.002418  0.999997  1.000000  -0.000066  -0.000003  0.000066  1.000000  -0.000030  0.000003  0.000030  1.000000  1.000000  -0.000257  -0.000013  0.000013  0.000119  1.000000  -0.000257  -1.000000  0.000119  0.000000  0.005810  
248.740595 0.010696  0.093753  -0.008878  0.989235  0.004492  0.146269  -0.145842  0.112512  0.982889  -0.012042  -0.993640  0.111956  0.004227  -0.003071  -0.000689  -0.109737  0.013542  -0.191508  2.000000  1.000000  -0.000601  -0.000016  0.000016  0.000283  1.000000  -0.000601  -1.000000  0.000283  0.999984  -0.005653  0.000015  0.005653  0.999980  -0.002663  0.000000  0.002663  0.999996  1.000000  -0.000071  0.000000  0.000071  1.000000  -0.000033  -0.000000  0.000033  1.000000  1.000000  -0.000601  -0.000016  0.000016  0.000283  1.000000  -0.000601  -1.000000  0.000283  0.000055  0.006249  
248.741848 0.010701  0.093748  -0.008881  0.989260  0.004110  0.146110  -0.145637  0.112810  0.982885  -0.012443  -0.993608  0.112197  0.004275  -0.003296  -0.000788  -0.113786  0.012014  -0.204880  2.000000  1.000000  -0.000967  -0.000024  0.000025  0.000454  1.000000  -0.000967  -0.999999  0.000454  0.999982  -0.005942  -0.000158  0.005942  0.999978  -0.002782  0.000175  0.002781  0.999996  1.000000  -0.000074  -0.000002  0.000074  1.000000  -0.000035  0.000002  0.000035  1.000000  1.000000  -0.000967  -0.000024  0.000025  0.000454  1.000000  -0.000967  -0.999999  0.000454  0.000058  0.006563  
248.743091 0.010706  0.093743  -0.008883  0.989255  0.003751  0.146154  -0.145637  0.113106  0.982851  -0.012844  -0.993576  0.112437  0.004235  -0.003488  -0.000848  -0.117879  0.010486  -0.218332  2.000000  0.999999  -0.001342  -0.000034  0.000035  0.000635  1.000000  -0.001342  -0.999999  0.000635  0.999982  -0.005942  -0.000156  0.005942  0.999978  -0.003025  0.000174  0.003024  0.999995  1.000000  -0.000074  -0.000002  0.000074  1.000000  -0.000038  0.000002  0.000038  1.000000  0.999999  -0.001342  -0.000034  0.000035  0.000635  1.000000  -0.001342  -0.999999  0.000635  0.000062  0.006670  
248.744092 0.010710  0.093738  -0.008884  0.989251  0.003523  0.146183  -0.145636  0.113384  0.982820  -0.013112  -0.993545  0.112678  0.004267  -0.003626  -0.000900  -0.126028  0.009463  -0.227271  2.000000  0.999999  -0.001570  -0.000040  0.000041  0.000750  1.000000  -0.001569  -0.999998  0.000750  0.999982  -0.006075  -0.000140  0.006075  0.999977  -0.003025  0.000159  0.003024  0.999995  1.000000  -0.000076  -0.000002  0.000076  1.000000  -0.000038  0.000002  0.000038  1.000000  0.999999  -0.001570  -0.000040  0.000041  0.000750  1.000000  -0.001569  -0.999998  0.000750  0.000064  0.006788  
248.745096 0.010714  0.093734  -0.008885  0.989248  0.003278  0.146212  -0.145635  0.113541  0.982801  -0.013379  -0.993528  0.112798  0.004295  -0.003796  -0.000938  -0.130082  0.008451  -0.236178  2.000000  0.999998  -0.001876  -0.000057  0.000058  0.000907  1.000000  -0.001876  -0.999998  0.000907  0.999981  -0.006232  -0.000328  0.006230  0.999976  -0.003144  0.000348  0.003142  0.999995  1.000000  -0.000078  -0.000004  0.000078  1.000000  -0.000039  0.000004  0.000039  1.000000  0.999998  -0.001876  -0.000057  0.000058  0.000907  1.000000  -0.001876  -0.999998  0.000907  0.000067  0.006987  
248.746343 0.010719  0.093728  -0.008887  0.989272  0.002913  0.146053  -0.145431  0.113958  0.982784  -0.013781  -0.993481  0.113159  0.004246  -0.003951  -0.000977  -0.138171  0.013771  -0.250378  2.000000  0.999997  -0.002263  -0.000083  0.000085  0.001111  0.999999  -0.002263  -0.999997  0.001111  0.999980  -0.006255  -0.000531  0.006253  0.999975  -0.003264  0.000552  0.003260  0.999995  1.000000  -0.000078  -0.000007  0.000078  1.000000  -0.000041  0.000007  0.000041  1.000000  0.999997  -0.002263  -0.000083  0.000085  0.001111  0.999999  -0.002263  -0.999997  0.001111  0.000070  0.007074  
248.747594 0.010723  0.093722  -0.008888  0.989267  0.002554  0.146098  -0.145430  0.114254  0.982749  -0.014182  -0.993448  0.113399  0.004209  -0.004125  -0.000975  -0.146349  0.012243  -0.263847  2.000000  0.999996  -0.002656  -0.000103  0.000107  0.001323  0.999999  -0.002655  -0.999996  0.001323  0.999980  -0.006365  -0.000310  0.006364  0.999974  -0.003386  0.000332  0.003384  0.999994  1.000000  -0.000080  -0.000004  0.000080  1.000000  -0.000042  0.000004  0.000042  1.000000  0.999996  -0.002656  -0.000103  0.000107  0.001323  0.999999  -0.002655  -0.999996  0.001323  0.000073  0.007216  
248.748595 0.010727  0.093716  -0.008889  0.989265  0.002440  0.146112  -0.145430  0.114393  0.982733  -0.014316  -0.993433  0.113520  0.004169  -0.004217  -0.000965  -0.146328  0.011709  -0.268285  2.000000  0.999996  -0.002974  -0.000116  0.000120  0.001496  0.999999  -0.002973  -0.999994  0.001497  0.999980  -0.006341  -0.000104  0.006341  0.999974  -0.003509  0.000126  0.003508  0.999994  1.000000  -0.000079  -0.000001  0.000079  1.000000  -0.000044  0.000001  0.000044  1.000000  0.999996  -0.002974  -0.000116  0.000120  0.001496  0.999999  -0.002973  -0.999994  0.001497  0.000076  0.007248  
248.749597 0.010731  0.093711  -0.008890  0.989261  0.002213  0.146142  -0.145429  0.114670  0.982701  -0.014584  -0.993401  0.113760  0.004117  -0.004349  -0.000985  -0.154665  0.003801  -0.276662  2.000000  0.999995  -0.003292  -0.000121  0.000127  0.001676  0.999999  -0.003292  -0.999993  0.001677  0.999980  -0.006341  -0.000103  0.006341  0.999973  -0.003630  0.000126  0.003629  0.999993  1.000000  -0.000079  -0.000001  0.000079  1.000000  -0.000045  0.000001  0.000045  1.000000  0.999995  -0.003292  -0.000121  0.000127  0.001676  0.999999  -0.003292  -0.999993  0.001677  0.000078  0.007307  
248.750598 0.010734  0.093705  -0.008891  0.989259  0.002117  0.146157  -0.145429  0.114928  0.982671  -0.014717  -0.993372  0.114001  0.004004  -0.004509  -0.001049  -0.158653  0.003246  -0.280976  2.000000  0.999993  -0.003611  -0.000126  0.000133  0.001859  0.999998  -0.003611  -0.999992  0.001860  0.999980  -0.006341  -0.000102  0.006341  0.999973  -0.003630  0.000125  0.003629  0.999993  1.000000  -0.000079  -0.000001  0.000079  1.000000  -0.000045  0.000001  0.000045  1.000000  0.999993  -0.003611  -0.000126  0.000133  0.001859  0.999998  -0.003611  -0.999992  0.001860  0.000080  0.007307  
248.751848 0.010738  0.093698  -0.008892  0.989287  0.001997  0.145969  -0.145225  0.115186  0.982671  -0.014851  -0.993342  0.114242  0.003888  -0.004684  -0.001139  -0.162636  0.010574  -0.277258  2.000000  0.999992  -0.003926  -0.000128  0.000136  0.002051  0.999998  -0.003926  -0.999990  0.002052  0.999981  -0.006185  0.000090  0.006185  0.999973  -0.003874  -0.000066  0.003874  0.999992  1.000000  -0.000077  0.000001  0.000077  1.000000  -0.000048  -0.000001  0.000048  1.000000  0.999992  -0.003926  -0.000128  0.000136  0.002051  0.999998  -0.003926  -0.999990  0.002052  0.000081  0.007299  
248.752850 0.010742  0.093693  -0.008894  0.989285  0.001901  0.145984  -0.145225  0.115443  0.982641  -0.014985  -0.993312  0.114482  0.003852  -0.004801  -0.001281  -0.170784  0.011043  -0.272794  2.000000  0.999991  -0.004228  -0.000135  0.000144  0.002249  0.999997  -0.004228  -0.999989  0.002250  0.999982  -0.005943  -0.000144  0.005942  0.999974  -0.003993  0.000168  0.003992  0.999992  1.000000  -0.000074  -0.000002  0.000074  1.000000  -0.000050  0.000002  0.000050  1.000000  0.999991  -0.004228  -0.000135  0.000144  0.002249  0.999997  -0.004228  -0.999989  0.002250  0.000081  0.007161  
248.754096 0.010748  0.093686  -0.008896  0.989283  0.001823  0.145998  -0.145225  0.115820  0.982596  -0.015119  -0.993269  0.114844  0.003897  -0.004886  -0.001287  -0.177372  0.018206  -0.266877  2.000000  0.999989  -0.004585  -0.000145  0.000157  0.002505  0.999997  -0.004584  -0.999986  0.002506  0.999985  -0.005544  -0.000189  0.005543  0.999976  -0.004114  0.000211  0.004113  0.999992  1.000000  -0.000069  -0.000002  0.000069  1.000000  -0.000051  0.000003  0.000051  1.000000  0.999989  -0.004585  -0.000145  0.000157  0.002505  0.999997  -0.004584  -0.999986  0.002506  0.000081  0.006906  
248.755346 0.010753  0.093680  -0.008898  0.989281  0.001744  0.146013  -0.145224  0.116197  0.982552  -0.015252  -0.993225  0.115205  0.003918  -0.004944  -0.001323  -0.185456  0.018643  -0.262458  2.000000  0.999988  -0.004918  -0.000158  0.000171  0.002771  0.999996  -0.004917  -0.999984  0.002772  0.999987  -0.005145  -0.000233  0.005144  0.999978  -0.004236  0.000255  0.004234  0.999991  1.000000  -0.000064  -0.000003  0.000064  1.000000  -0.000053  0.000003  0.000053  1.000000  0.999988  -0.004918  -0.000158  0.000171  0.002771  0.999996  -0.004917  -0.999984  0.002772  0.000080  0.006668  
248.756349 0.010758  0.093675  -0.008899  0.989279  0.001648  0.146027  -0.145224  0.116455  0.982521  -0.015386  -0.993195  0.115446  0.003957  -0.005019  -0.001271  -0.188664  0.012471  -0.261610  2.000000  0.999987  -0.005106  -0.000167  0.000182  0.002933  0.999996  -0.005105  -0.999983  0.002934  0.999988  -0.004880  -0.000262  0.004878  0.999978  -0.004478  0.000284  0.004477  0.999990  1.000000  0.000000  0.000000  0.000000  1.000000  0.000000  0.000000  0.000000  1.000000  0.999987  -0.005106  -0.000167  0.000182  0.002933  0.999996  -0.005105  -0.999983  0.002934  0.000082  0.000000  
248.757595 0.010765  0.093669  -0.008900  0.989275  0.001438  0.146058  -0.145223  0.116851  0.982474  -0.015654  -0.993148  0.115807  0.004060  -0.005072  -0.001245  -0.195215  0.011794  -0.263870  2.000000  0.999987  -0.005106  -0.000167  0.000182  0.002933  0.999996  -0.005105  -0.999983  0.002934  0.999989  -0.004723  -0.000071  0.004723  0.999978  -0.004601  0.000093  0.004601  0.999989  1.000000  0.000000  0.000000  0.000000  1.000000  0.000000  0.000000  0.000000  1.000000  0.999987  -0.005106  -0.000167  0.000182  0.002933  0.999996  -0.005105  -0.999983  0.002934  0.000083  0.000000  
248.758598 0.010770  0.093664  -0.008900  0.989273  0.001342  0.146073  -0.145223  0.117109  0.982444  -0.015788  -0.993118  0.116047  0.004156  -0.005125  -0.001127  -0.203414  0.005395  -0.258582  2.000000  0.999987  -0.005106  -0.000167  0.000182  0.002933  0.999996  -0.005105  -0.999983  0.002934  0.999990  -0.004457  -0.000101  0.004457  0.999979  -0.004601  0.000121  0.004601  0.999989  1.000000  0.000000  0.000000  0.000000  1.000000  0.000000  0.000000  0.000000  1.000000  0.999987  -0.005106  -0.000167  0.000182  0.002933  0.999996  -0.005105  -0.999983  0.002934  0.000082  0.000000  
248.759840 0.010776  0.093658  -0.008900  0.989303  0.001371  0.145870  -0.145019  0.117466  0.982431  -0.015788  -0.993076  0.116409  0.004226  -0.005132  -0.001014  -0.209784  0.012613  -0.252854  2.000000  0.999987  -0.005106  -0.000167  0.000182  0.002933  0.999996  -0.005105  -0.999983  0.002934  0.999992  -0.004083  -0.000351  0.004081  0.999981  -0.004720  0.000370  0.004718  0.999989  1.000000  0.000000  0.000000  0.000000  1.000000  0.000000  0.000000  0.000000  1.000000  0.999987  -0.005106  -0.000167  0.000182  0.002933  0.999996  -0.005105  -0.999983  0.002934  0.000083  0.000000  
248.760844 0.010781  0.093653  -0.008900  0.989303  0.001407  0.145869  -0.145019  0.117705  0.982403  -0.015788  -0.993048  0.116650  0.004279  -0.005152  -0.000909  -0.213830  0.013580  -0.244001  2.000000  0.999987  -0.005106  -0.000167  0.000182  0.002933  0.999996  -0.005105  -0.999983  0.002934  0.999993  -0.003817  -0.000381  0.003815  0.999981  -0.004841  0.000399  0.004840  0.999988  1.000000  0.000000  0.000000  0.000000  1.000000  0.000000  0.000000  0.000000  1.000000  0.999987  -0.005106  -0.000167  0.000182  0.002933  0.999996  -0.005105  -0.999983  0.002934  0.000082  0.000000  
248.762093 0.010787  0.093646  -0.008901  0.989303  0.001442  0.145869  -0.145019  0.117943  0.982374  -0.015788  -0.993019  0.116890  0.004365  -0.005209  -0.000929  -0.213866  0.008729  -0.225456  2.000000  0.999987  -0.005106  -0.000167  0.000182  0.002933  0.999996  -0.005105  -0.999983  0.002934  0.999994  -0.003394  -0.000222  0.003393  0.999983  -0.004844  0.000239  0.004843  0.999988  1.000000  0.000000  0.000000  0.000000  1.000000  0.000000  0.000000  0.000000  1.000000  0.999987  -0.005106  -0.000167  0.000182  0.002933  0.999996  -0.005105  -0.999983  0.002934  0.000078  0.000000  
248.763341 0.010792  0.093639  -0.008902  0.989333  0.001471  0.145666  -0.144816  0.118301  0.982361  -0.015788  -0.992977  0.117252  0.004403  -0.005278  -0.000857  -0.221873  0.017526  -0.208532  2.000000  0.999987  -0.005106  -0.000167  0.000182  0.002933  0.999996  -0.005105  -0.999983  0.002934  0.999995  -0.003153  -0.000457  0.003150  0.999984  -0.004720  0.000472  0.004718  0.999989  1.000000  0.000000  0.000000  0.000000  1.000000  0.000000  0.000000  0.000000  1.000000  0.999987  -0.005106  -0.000167  0.000182  0.002933  0.999996  -0.005105  -0.999983  0.002934  0.000076  0.000000  
248.764344 0.010797  0.093633  -0.008903  0.989333  0.001506  0.145666  -0.144816  0.118539  0.982332  -0.015788  -0.992948  0.117493  0.004504  -0.005293  -0.000907  -0.225954  0.019019  -0.195281  2.000000  0.999987  -0.005106  -0.000167  0.000182  0.002933  0.999996  -0.005105  -0.999983  0.002934  0.999996  -0.002754  -0.000504  0.002752  0.999985  -0.004719  0.000517  0.004718  0.999989  1.000000  0.000000  0.000000  0.000000  1.000000  0.000000  0.000000  0.000000  1.000000  0.999987  -0.005106  -0.000167  0.000182  0.002933  0.999996  -0.005105  -0.999983  0.002934  0.000075  0.000000  
248.765591 0.010802  0.093625  -0.008904  0.989333  0.001541  0.145666  -0.144816  0.118777  0.982304  -0.015788  -0.992920  0.117734  0.004566  -0.005369  -0.000908  -0.225927  0.020501  -0.181974  2.000000  0.999987  -0.005106  -0.000167  0.000182  0.002933  0.999996  -0.005105  -0.999983  0.002934  0.999997  -0.002356  -0.000550  0.002353  0.999986  -0.004840  0.000561  0.004839  0.999988  1.000000  0.000000  0.000000  0.000000  1.000000  0.000000  0.000000  0.000000  1.000000  0.999987  -0.005106  -0.000167  0.000182  0.002933  0.999996  -0.005105  -0.999983  0.002934  0.000073  0.000000  
248.766597 0.010807  0.093619  -0.008906  0.989331  0.001463  0.145681  -0.144815  0.119154  0.982258  -0.015921  -0.992875  0.118095  0.004685  -0.005349  -0.000900  -0.231946  0.014771  -0.173749  2.000000  0.999987  -0.005106  -0.000167  0.000182  0.002933  0.999996  -0.005105  -0.999983  0.002934  0.999998  -0.002199  -0.000361  0.002197  0.999986  -0.004843  0.000371  0.004842  0.999988  1.000000  0.000000  0.000000  0.000000  1.000000  0.000000  0.000000  0.000000  1.000000  0.999987  -0.005106  -0.000167  0.000182  0.002933  0.999996  -0.005105  -0.999983  0.002934  0.000072  0.000000  
248.767597 0.010812  0.093614  -0.008906  0.989331  0.001498  0.145680  -0.144815  0.119392  0.982229  -0.015921  -0.992846  0.118335  0.004755  -0.005341  -0.000799  -0.236009  0.016289  -0.160343  2.000000  0.999987  -0.005106  -0.000167  0.000182  0.002933  0.999996  -0.005105  -0.999983  0.002934  0.999998  -0.001933  -0.000392  0.001931  0.999986  -0.004964  0.000401  0.004964  0.999988  1.000000  0.000000  0.000000  0.000000  1.000000  0.000000  0.000000  0.000000  1.000000  0.999987  -0.005106  -0.000167  0.000182  0.002933  0.999996  -0.005105  -0.999983  0.002934  0.000071  0.000000  
248.768598 0.010817  0.093609  -0.008906  0.989331  0.001534  0.145680  -0.144815  0.119631  0.982200  -0.015921  -0.992817  0.118576  0.004781  -0.005332  -0.000729  -0.236045  0.017288  -0.151438  2.000000  0.999987  -0.005149  -0.000177  0.000192  0.003060  0.999995  -0.005149  -0.999982  0.003061  0.999999  -0.001667  -0.000423  0.001665  0.999986  -0.005085  0.000431  0.005085  0.999987  1.000000  -0.000021  -0.000005  0.000021  1.000000  -0.000064  0.000005  0.000064  1.000000  0.999987  -0.005149  -0.000177  0.000192  0.003060  0.999995  -0.005149  -0.999982  0.003061  0.000071  0.005368  
248.769846 0.010824  0.093603  -0.008906  0.989328  0.001455  0.145695  -0.144815  0.120007  0.982154  -0.016055  -0.992772  0.118937  0.004855  -0.005317  -0.000591  -0.238094  0.018126  -0.141308  2.000000  0.999986  -0.005252  -0.000202  0.000219  0.003381  0.999994  -0.005251  -0.999980  0.003382  0.999999  -0.001535  -0.000438  0.001532  0.999985  -0.005207  0.000446  0.005206  0.999986  1.000000  -0.000019  -0.000006  0.000019  1.000000  -0.000065  0.000006  0.000065  1.000000  0.999986  -0.005252  -0.000202  0.000219  0.003381  0.999994  -0.005251  -0.999980  0.003382  0.000071  0.005445  
248.771098 0.010831  0.093598  -0.008905  0.989360  0.001615  0.145477  -0.144612  0.120346  0.982143  -0.015921  -0.992731  0.119299  0.004905  -0.005251  -0.000403  -0.244146  0.020315  -0.124620  2.000000  0.999986  -0.005340  -0.000234  0.000253  0.003708  0.999993  -0.005339  -0.999979  0.003709  0.999999  -0.001161  -0.000690  0.001157  0.999986  -0.005203  0.000696  0.005203  0.999986  1.000000  -0.000014  -0.000009  0.000014  1.000000  -0.000065  0.000009  0.000065  1.000000  0.999986  -0.005340  -0.000234  0.000253  0.003708  0.999993  -0.005339  -0.999979  0.003709  0.000070  0.005375  
248.772348 0.010837  0.093592  -0.008904  0.989360  0.001668  0.145476  -0.144612  0.120703  0.982099  -0.015921  -0.992687  0.119660  0.004928  -0.005182  -0.000248  -0.248208  0.021842  -0.111221  2.000000  0.999985  -0.005410  -0.000268  0.000290  0.004036  0.999992  -0.005409  -0.999977  0.004038  0.999999  -0.001004  -0.000501  0.001001  0.999985  -0.005328  0.000506  0.005327  0.999986  1.000000  -0.000013  -0.000006  0.000013  1.000000  -0.000067  0.000006  0.000067  1.000000  0.999985  -0.005410  -0.000268  0.000290  0.004036  0.999992  -0.005409  -0.999977  0.004038  0.000069  0.005444  
248.773349 0.010843  0.093588  -0.008903  0.989360  0.001721  0.145475  -0.144612  0.121060  0.982055  -0.015921  -0.992644  0.120021  0.004903  -0.005176  -0.000174  -0.252571  0.022880  -0.102411  2.000000  0.999985  -0.005460  -0.000291  0.000315  0.004301  0.999991  -0.005459  -0.999976  0.004303  0.999999  -0.001004  -0.000501  0.001001  0.999985  -0.005328  0.000506  0.005327  0.999986  1.000000  -0.000013  -0.000006  0.000013  1.000000  -0.000067  0.000006  0.000067  1.000000  0.999985  -0.005460  -0.000291  0.000315  0.004301  0.999991  -0.005459  -0.999976  0.004303  0.000068  0.005444  
248.774600 0.010849  0.093581  -0.008903  0.989360  0.001774  0.145475  -0.144612  0.121418  0.982011  -0.015921  -0.992600  0.120382  0.004910  -0.005200  -0.000163  -0.256304  0.024392  -0.088884  2.000000  0.999985  -0.005504  -0.000316  0.000341  0.004572  0.999989  -0.005502  -0.999974  0.004574  0.999999  -0.000871  -0.000516  0.000868  0.999985  -0.005449  0.000521  0.005449  0.999985  1.000000  -0.000011  -0.000006  0.000011  1.000000  -0.000068  0.000006  0.000068  1.000000  0.999985  -0.005504  -0.000316  0.000341  0.004572  0.999989  -0.005502  -0.999974  0.004574  0.000069  0.005542  
248.775847 0.010855  0.093574  -0.008903  0.989358  0.001695  0.145490  -0.144611  0.121794  0.981964  -0.016055  -0.992554  0.120743  0.004912  -0.005204  -0.000163  -0.260497  0.018021  -0.083624  2.000000  0.999985  -0.005557  -0.000347  0.000374  0.004914  0.999988  -0.005555  -0.999972  0.004916  0.999999  -0.000871  -0.000516  0.000869  0.999984  -0.005570  0.000521  0.005570  0.999984  1.000000  -0.000011  -0.000006  0.000011  1.000000  -0.000070  0.000006  0.000070  1.000000  0.999985  -0.005557  -0.000347  0.000374  0.004914  0.999988  -0.005555  -0.999972  0.004916  0.000069  0.005661  
248.777093 0.010860  0.093568  -0.008903  0.989388  0.001741  0.145287  -0.144408  0.122271  0.981935  -0.016055  -0.992495  0.121225  0.004888  -0.005199  -0.000089  -0.268553  0.026445  -0.071047  2.000000  0.999984  -0.005601  -0.000389  0.000418  0.005257  0.999986  -0.005599  -0.999970  0.005259  1.000000  -0.000631  -0.000753  0.000627  0.999984  -0.005567  0.000756  0.005566  0.999984  1.000000  -0.000008  -0.000009  0.000008  1.000000  -0.000070  0.000009  0.000070  1.000000  0.999984  -0.005601  -0.000389  0.000418  0.005257  0.999986  -0.005599  -0.999970  0.005259  0.000069  0.005653  
248.778094 0.010864  0.093562  -0.008903  0.989388  0.001776  0.145287  -0.144408  0.122509  0.981905  -0.016055  -0.992466  0.121466  0.004856  -0.005228  -0.000111  -0.268548  0.027484  -0.062122  2.000000  0.999984  -0.005627  -0.000426  0.000457  0.005532  0.999985  -0.005625  -0.999969  0.005535  1.000000  -0.000498  -0.000769  0.000494  0.999985  -0.005445  0.000771  0.005445  0.999985  1.000000  -0.000006  -0.000010  0.000006  1.000000  -0.000068  0.000010  0.000068  1.000000  0.999984  -0.005627  -0.000426  0.000457  0.005532  0.999985  -0.005625  -0.999969  0.005535  0.000069  0.005522  
248.779343 0.010869  0.093554  -0.008903  0.989388  0.001829  0.145286  -0.144408  0.122867  0.981861  -0.016055  -0.992422  0.121827  0.004799  -0.005264  0.000016  -0.270376  0.027764  -0.057189  2.000000  0.999984  -0.005653  -0.000472  0.000505  0.005879  0.999983  -0.005651  -0.999967  0.005882  1.000000  -0.000366  -0.000785  0.000362  0.999985  -0.005445  0.000787  0.005445  0.999985  1.000000  -0.000005  -0.000010  0.000005  1.000000  -0.000068  0.000010  0.000068  1.000000  0.999984  -0.005653  -0.000472  0.000505  0.005879  0.999983  -0.005651  -0.999967  0.005882  0.000069  0.005514  
248.780344 0.010873  0.093548  -0.008902  0.989416  0.001725  0.145099  -0.144204  0.123243  0.981843  -0.016189  -0.992375  0.122188  0.004811  -0.005179  0.000134  -0.276650  0.035387  -0.054037  2.000000  0.999984  -0.005676  -0.000502  0.000537  0.006157  0.999981  -0.005673  -0.999965  0.006160  1.000000  -0.000474  -0.000564  0.000471  0.999984  -0.005570  0.000567  0.005570  0.999984  1.000000  -0.000006  -0.000007  0.000006  1.000000  -0.000070  0.000007  0.000070  1.000000  0.999984  -0.005676  -0.000502  0.000537  0.006157  0.999981  -0.005673  -0.999965  0.006160  0.000071  0.005618  
248.781594 0.010878  0.093541  -0.008901  0.989416  0.001778  0.145099  -0.144204  0.123601  0.981798  -0.016189  -0.992330  0.122549  0.004733  -0.005187  0.000282  -0.280824  0.029031  -0.048761  2.000000  0.999984  -0.005707  -0.000548  0.000585  0.006510  0.999979  -0.005703  -0.999963  0.006513  1.000000  -0.000499  -0.000768  0.000495  0.999984  -0.005688  0.000771  0.005688  0.999984  1.000000  -0.000006  -0.000010  0.000006  1.000000  -0.000071  0.000010  0.000071  1.000000  0.999984  -0.005707  -0.000548  0.000585  0.006510  0.999979  -0.005703  -0.999963  0.006513  0.000071  0.005761  
248.782847 0.010883  0.093534  -0.008901  0.989416  0.001831  0.145098  -0.144204  0.123958  0.981753  -0.016189  -0.992286  0.122910  0.004658  -0.005238  0.000397  -0.282523  0.029303  -0.043933  2.000000  0.999983  -0.005732  -0.000585  0.000624  0.006800  0.999977  -0.005728  -0.999960  0.006804  1.000000  -0.000499  -0.000768  0.000495  0.999983  -0.005809  0.000771  0.005809  0.999983  1.000000  -0.000006  -0.000010  0.000006  1.000000  -0.000073  0.000010  0.000073  1.000000  0.999983  -0.005732  -0.000585  0.000624  0.006800  0.999977  -0.005728  -0.999960  0.006804  0.000071  0.005881  
248.784097 0.010888  0.093527  -0.008900  0.989413  0.001752  0.145114  -0.144203  0.124334  0.981706  -0.016323  -0.992239  0.123271  0.004561  -0.005264  0.000417  -0.280819  0.029531  -0.044316  2.000000  0.999983  -0.005769  -0.000622  0.000663  0.007168  0.999974  -0.005765  -0.999958  0.007172  1.000000  -0.000607  -0.000547  0.000604  0.999982  -0.005934  0.000551  0.005933  0.999982  1.000000  -0.000008  -0.000007  0.000008  1.000000  -0.000074  0.000007  0.000074  1.000000  0.999983  -0.005769  -0.000622  0.000663  0.007168  0.999974  -0.005765  -0.999958  0.007172  0.000071  0.005990  
248.785098 0.010892  0.093521  -0.008900  0.989443  0.001762  0.144911  -0.144000  0.124573  0.981705  -0.016323  -0.992209  0.123511  0.004473  -0.005339  0.000372  -0.280653  0.036921  -0.040675  2.000000  0.999983  -0.005801  -0.000655  0.000699  0.007466  0.999972  -0.005796  -0.999955  0.007470  1.000000  -0.000633  -0.000751  0.000628  0.999981  -0.006052  0.000755  0.006051  0.999981  1.000000  -0.000008  -0.000009  0.000008  1.000000  -0.000076  0.000009  0.000076  1.000000  0.999983  -0.005801  -0.000655  0.000699  0.007466  0.999972  -0.005796  -0.999955  0.007470  0.000072  0.006131  
248.786345 0.010897  0.093514  -0.008901  0.989441  0.001683  0.144927  -0.143999  0.124949  0.981658  -0.016456  -0.992162  0.123872  0.004363  -0.005458  0.000250  -0.282406  0.036608  -0.040355  2.000000  0.999983  -0.005845  -0.000700  0.000746  0.007841  0.999969  -0.005840  -0.999952  0.007845  1.000000  -0.000633  -0.000751  0.000629  0.999981  -0.006052  0.000755  0.006051  0.999981  1.000000  -0.000008  -0.000009  0.000008  1.000000  -0.000076  0.000009  0.000076  1.000000  0.999983  -0.005845  -0.000700  0.000746  0.007841  0.999969  -0.005840  -0.999952  0.007845  0.000073  0.006131  
248.787346 0.010902  0.093509  -0.008901  0.989439  0.001604  0.144943  -0.143999  0.125326  0.981610  -0.016590  -0.992114  0.124233  0.004281  -0.005570  0.000196  -0.282364  0.037124  -0.035936  2.000000  0.999982  -0.005877  -0.000736  0.000783  0.008141  0.999967  -0.005871  -0.999950  0.008145  1.000000  -0.000633  -0.000751  0.000629  0.999981  -0.006052  0.000754  0.006051  0.999981  1.000000  -0.000008  -0.000009  0.000008  1.000000  -0.000076  0.000009  0.000076  1.000000  0.999982  -0.005877  -0.000736  0.000783  0.008141  0.999967  -0.005871  -0.999950  0.008145  0.000072  0.006131  
248.788598 0.010906  0.093502  -0.008902  0.989468  0.001631  0.144740  -0.143795  0.125683  0.981594  -0.016590  -0.992069  0.124594  0.004140  -0.005682  0.000075  -0.284606  0.044831  -0.032618  2.000000  0.999982  -0.005926  -0.000787  0.000837  0.008519  0.999963  -0.005919  -0.999946  0.008523  0.999999  -0.000792  -0.000938  0.000786  0.999981  -0.006048  0.000943  0.006048  0.999981  1.000000  -0.000010  -0.000012  0.000010  1.000000  -0.000076  0.000012  0.000076  1.000000  0.999982  -0.005926  -0.000787  0.000837  0.008519  0.999963  -0.005919  -0.999946  0.008523  0.000072  0.006171  
248.789710 0.010910  0.093495  -0.008903  0.989466  0.001535  0.144756  -0.143795  0.125940  0.981561  -0.016724  -0.992037  0.124834  0.004010  -0.005719  0.000009  -0.283580  0.037263  -0.036114  2.000000  0.999982  -0.005957  -0.000821  0.000873  0.008747  0.999961  -0.005950  -0.999944  0.008752  0.999999  -0.000792  -0.000938  0.000786  0.999981  -0.006048  0.000943  0.006048  0.999981  1.000000  -0.000010  -0.000012  0.000010  1.000000  -0.000076  0.000012  0.000076  1.000000  0.999982  -0.005957  -0.000821  0.000873  0.008747  0.999961  -0.005950  -0.999944  0.008752  0.000071  0.006171  
248.790850 0.010914  0.093487  -0.008903  0.989494  0.001430  0.144570  -0.143591  0.126317  0.981542  -0.016858  -0.991989  0.125195  0.003976  -0.005845  0.000013  -0.284541  0.043713  -0.041565  2.000000  0.999982  -0.006001  -0.000868  0.000922  0.009054  0.999959  -0.005993  -0.999941  0.009059  0.999999  -0.000951  -0.001125  0.000944  0.999981  -0.006166  0.001131  0.006165  0.999980  1.000000  -0.000012  -0.000014  0.000012  1.000000  -0.000077  0.000014  0.000077  1.000000  0.999982  -0.006001  -0.000868  0.000922  0.009054  0.999959  -0.005993  -0.999941  0.009059  0.000073  0.006339  
248.792094 0.010918  0.093479  -0.008902  0.989491  0.001351  0.144586  -0.143591  0.126693  0.981494  -0.016992  -0.991941  0.125556  0.003885  -0.005919  0.000091  -0.288668  0.043163  -0.046050  2.000000  0.999981  -0.006064  -0.000928  0.000985  0.009436  0.999955  -0.006055  -0.999937  0.009442  0.999999  -0.001191  -0.000887  0.001186  0.999980  -0.006170  0.000894  0.006169  0.999981  1.000000  -0.000015  -0.000011  0.000015  1.000000  -0.000077  0.000011  0.000077  1.000000  0.999981  -0.006064  -0.000928  0.000985  0.009436  0.999955  -0.006055  -0.999937  0.009442  0.000074  0.006345  
248.793345 0.010922  0.093470  -0.008902  0.989519  0.001229  0.144401  -0.143387  0.126951  0.981491  -0.017125  -0.991908  0.125796  0.003786  -0.006026  0.000073  -0.288652  0.042604  -0.050522  2.000000  0.999981  -0.006141  -0.000984  0.001044  0.009819  0.999951  -0.006131  -0.999933  0.009825  0.999999  -0.001350  -0.001074  0.001343  0.999980  -0.006166  0.001082  0.006165  0.999980  1.000000  -0.000017  -0.000013  0.000017  1.000000  -0.000077  0.000013  0.000077  1.000000  0.999981  -0.006141  -0.000984  0.001044  0.009819  0.999951  -0.006131  -0.999933  0.009825  0.000074  0.006402  
248.794349 0.010925  0.093463  -0.008901  0.989519  0.001264  0.144400  -0.143387  0.127189  0.981460  -0.017125  -0.991878  0.126037  0.003729  -0.006049  0.000126  -0.288619  0.042587  -0.050527  2.000000  0.999980  -0.006209  -0.001036  0.001098  0.010121  0.999948  -0.006198  -0.999930  0.010127  0.999999  -0.001350  -0.001073  0.001344  0.999981  -0.006045  0.001082  0.006044  0.999981  1.000000  -0.000017  -0.000013  0.000017  1.000000  -0.000076  0.000013  0.000076  1.000000  0.999980  -0.006209  -0.001036  0.001098  0.010121  0.999948  -0.006198  -0.999930  0.010127  0.000074  0.006286  
