1-Time 2-Px 3-Py 4-Pz 5-R11 6-R21 7-R31 8-R12 9-R22 10-R32 11-R13 12-R23 13-R33 14-Vx 15-Vy 16-Vz 17-Wx 18-Wy 19-Wz 20-state 21-PR11 22-PR21 23-PR31 24-PR12 25-PR22 26-PR32 27-PR13 28-PR23 29-PR33 
207.174273 -0.002307  0.086411  -0.001190  0.998982  -0.022141  -0.039313  0.020363  0.998776  -0.045069  0.040263  0.044223  0.998210  0.003490  0.005816  0.009545  0.000000  0.000000  0.000000  2.000000  1.000000  0.000000  0.000000  -0.000000  1.000000  0.000000  0.000000  -0.000000  1.000000  1.000000  -0.000834  -0.000231  0.000833  0.999998  -0.001731  0.000232  0.001731  0.999998  1.000000  0.000000  0.000000  0.000000  1.000000  0.000000  0.000000  0.000000  1.000000  0.834704  0.544943  -0.079411  -0.549366  0.834008  -0.051263  0.038294  0.086416  0.995523  0.000000  0.000000  
207.175288 -0.002304  0.086416  -0.001181  0.998982  -0.022146  -0.039310  0.020363  0.998771  -0.045191  0.040263  0.044344  0.998205  0.003418  0.005748  0.009546  0.000000  0.000000  0.000000  2.000000  1.000000  0.000000  0.000000  0.000000  1.000000  0.000000  0.000000  0.000000  1.000000  1.000000  -0.000834  -0.000231  0.000833  0.999998  -0.001731  0.000232  0.001731  0.999998  1.000000  0.000000  0.000000  0.000000  1.000000  0.000000  0.000000  0.000000  1.000000  1.000000  0.000000  0.000000  0.000000  1.000000  0.000000  0.000000  0.000000  1.000000  0.000000  0.000000  
207.176317 -0.002303  0.086419  -0.001172  0.998972  -0.022367  -0.039429  0.020569  0.998755  -0.045444  0.040396  0.044586  0.998188  0.003257  0.005546  0.009487  0.000000  0.000000  0.000000  2.000000  1.000000  0.000000  0.000000  0.000000  1.000000  0.000000  0.000000  0.000000  1.000000  0.999999  -0.001045  -0.000355  0.001045  0.999998  -0.001861  0.000357  0.001861  0.999998  1.000000  0.000000  0.000000  0.000000  1.000000  0.000000  0.000000  0.000000  1.000000  1.000000  0.000000  0.000000  0.000000  1.000000  0.000000  0.000000  0.000000  1.000000  0.000000  0.000000  
207.177532 -0.002301  0.086422  -0.001161  0.998957  -0.022590  -0.039684  0.020774  0.998745  -0.045579  0.040664  0.044707  0.998172  0.003053  0.005231  0.009429  0.000000  0.000000  0.000000  2.000000  1.000000  0.000000  0.000000  0.000000  1.000000  0.000000  0.000000  0.000000  1.000000  0.999999  -0.001251  -0.000346  0.001250  0.999997  -0.001991  0.000348  0.001990  0.999998  1.000000  0.000000  0.000000  0.000000  1.000000  0.000000  0.000000  0.000000  1.000000  1.000000  0.000000  0.000000  0.000000  1.000000  0.000000  0.000000  0.000000  1.000000  0.000000  0.000000  
207.178537 -0.002300  0.086424  -0.001151  0.998947  -0.022811  -0.039802  0.020980  0.998729  -0.045832  0.040797  0.044949  0.998156  0.002908  0.004983  0.009455  0.000000  0.000000  0.000000  2.000000  1.000000  0.000000  0.000000  0.000000  1.000000  0.000000  0.000000  0.000000  1.000000  0.999999  -0.001469  -0.000603  0.001467  0.999996  -0.002242  0.000607  0.002241  0.999997  1.000000  0.000000  0.000000  0.000000  1.000000  0.000000  0.000000  0.000000  1.000000  1.000000  0.000000  0.000000  0.000000  1.000000  0.000000  0.000000  0.000000  1.000000  0.000000  0.000000  
207.179539 -0.002299  0.086426  -0.001142  0.998937  -0.023027  -0.039924  0.021185  0.998718  -0.045964  0.040931  0.045069  0.998145  0.002708  0.004675  0.009422  0.000000  0.000000  0.000000  2.000000  1.000000  0.000000  0.000000  0.000000  1.000000  0.000000  0.000000  0.000000  1.000000  0.999999  -0.001475  -0.000737  0.001473  0.999996  -0.002242  0.000740  0.002241  0.999997  1.000000  0.000000  0.000000  0.000000  1.000000  0.000000  0.000000  0.000000  1.000000  1.000000  0.000000  0.000000  0.000000  1.000000  0.000000  0.000000  0.000000  1.000000  0.000000  0.000000  
207.180541 -0.002298  0.086428  -0.001132  0.998932  -0.023043  -0.040052  0.021185  0.998707  -0.046209  0.041065  0.045311  0.998129  0.002537  0.004443  0.009436  0.000000  0.000000  0.000000  2.000000  1.000000  0.000000  0.000000  0.000000  1.000000  0.000000  0.000000  0.000000  1.000000  0.999999  -0.001481  -0.000870  0.001479  0.999996  -0.002242  0.000874  0.002241  0.999997  1.000000  0.000000  0.000000  0.000000  1.000000  0.000000  0.000000  0.000000  1.000000  1.000000  0.000000  0.000000  0.000000  1.000000  0.000000  0.000000  0.000000  1.000000  0.000000  0.000000  
207.181543 -0.002298  0.086429  -0.001123  0.998922  -0.023265  -0.040170  0.021391  0.998691  -0.046463  0.041198  0.045553  0.998112  0.002294  0.004091  0.009361  0.000000  0.000000  0.000000  2.000000  1.000000  0.000000  0.000000  0.000000  1.000000  0.000000  0.000000  0.000000  1.000000  0.999998  -0.001693  -0.000994  0.001690  0.999995  -0.002494  0.000999  0.002492  0.999996  1.000000  0.000000  0.000000  0.000000  1.000000  0.000000  0.000000  0.000000  1.000000  1.000000  0.000000  0.000000  0.000000  1.000000  0.000000  0.000000  0.000000  1.000000  0.000000  0.000000  
207.182778 -0.002297  0.086431  -0.001112  0.998912  -0.023486  -0.040288  0.021596  0.998675  -0.046716  0.041332  0.045795  0.998095  0.002048  0.003749  0.009337  0.000000  0.000000  0.000000  2.000000  1.000000  0.000000  0.000000  0.000000  1.000000  0.000000  0.000000  0.000000  1.000000  0.999998  -0.001904  -0.001118  0.001902  0.999995  -0.002624  0.001123  0.002622  0.999996  1.000000  0.000000  0.000000  0.000000  1.000000  0.000000  0.000000  0.000000  1.000000  1.000000  0.000000  0.000000  0.000000  1.000000  0.000000  0.000000  0.000000  1.000000  0.000000  0.000000  
207.183781 -0.002297  0.086432  -0.001104  0.998902  -0.023708  -0.040406  0.021802  0.998658  -0.046969  0.041466  0.046037  0.998079  0.001824  0.003370  0.009268  0.000000  0.000000  0.000000  2.000000  1.000000  0.000000  0.000000  0.000000  1.000000  0.000000  0.000000  0.000000  1.000000  0.999997  -0.002117  -0.001242  0.002113  0.999994  -0.002875  0.001248  0.002872  0.999995  1.000000  0.000000  0.000000  0.000000  1.000000  0.000000  0.000000  0.000000  1.000000  1.000000  0.000000  0.000000  0.000000  1.000000  0.000000  0.000000  0.000000  1.000000  0.000000  0.000000  
207.184785 -0.002297  0.086433  -0.001096  0.998892  -0.023929  -0.040524  0.022007  0.998642  -0.047223  0.041599  0.046279  0.998062  0.001567  0.003057  0.009133  0.000000  0.000000  0.000000  2.000000  1.000000  0.000000  0.000000  0.000000  1.000000  0.000000  0.000000  0.000000  1.000000  0.999997  -0.002123  -0.001375  0.002119  0.999993  -0.003118  0.001381  0.003115  0.999994  1.000000  0.000000  0.000000  0.000000  1.000000  0.000000  0.000000  0.000000  1.000000  1.000000  0.000000  0.000000  0.000000  1.000000  0.000000  0.000000  0.000000  1.000000  0.000000  0.000000  
207.185864 -0.002298  0.086433  -0.001088  0.998872  -0.024363  -0.040766  0.022418  0.998620  -0.047488  0.041867  0.046520  0.998040  0.001278  0.002682  0.008943  0.000000  0.000000  0.000000  2.000000  1.000000  0.000000  0.000000  0.000000  1.000000  0.000000  0.000000  0.000000  1.000000  0.999996  -0.002341  -0.001632  0.002336  0.999992  -0.003248  0.001640  0.003245  0.999993  1.000000  0.000000  0.000000  0.000000  1.000000  0.000000  0.000000  0.000000  1.000000  1.000000  0.000000  0.000000  0.000000  1.000000  0.000000  0.000000  0.000000  1.000000  0.000000  0.000000  
207.187036 -0.002301  0.086434  -0.001080  0.998850  -0.024602  -0.041148  0.022624  0.998597  -0.047869  0.042268  0.046883  0.998006  0.000823  0.002268  0.008767  0.000000  0.000000  0.000000  2.000000  1.000000  0.000000  0.000000  0.000000  1.000000  0.000000  0.000000  0.000000  1.000000  0.999994  -0.002765  -0.001879  0.002759  0.999990  -0.003388  0.001889  0.003382  0.999992  1.000000  0.000000  0.000000  0.000000  1.000000  0.000000  0.000000  0.000000  1.000000  1.000000  0.000000  0.000000  0.000000  1.000000  0.000000  0.000000  0.000000  1.000000  0.000000  0.000000  
207.188286 -0.002304  0.086434  -0.001073  0.998824  -0.025047  -0.041519  0.023035  0.998569  -0.048258  0.042669  0.047245  0.997972  0.000321  0.001805  0.008431  0.000000  0.000000  0.000000  2.000000  1.000000  0.000000  0.000000  0.000000  1.000000  0.000000  0.000000  0.000000  1.000000  0.999992  -0.003196  -0.002260  0.003187  0.999988  -0.003649  0.002272  0.003642  0.999991  1.000000  0.000000  0.000000  0.000000  1.000000  0.000000  0.000000  0.000000  1.000000  1.000000  0.000000  0.000000  0.000000  1.000000  0.000000  0.000000  0.000000  1.000000  0.000000  0.000000  
207.189545 -0.002309  0.086432  -0.001066  0.998803  -0.025481  -0.041760  0.023446  0.998547  -0.048524  0.042936  0.047487  0.997949  -0.000177  0.001313  0.008107  0.000000  0.000000  0.000000  2.000000  1.000000  0.000000  0.000000  0.000000  1.000000  0.000000  0.000000  0.000000  1.000000  0.999991  -0.003415  -0.002516  0.003405  0.999987  -0.003902  0.002530  0.003893  0.999989  1.000000  0.000000  0.000000  0.000000  1.000000  0.000000  0.000000  0.000000  1.000000  1.000000  0.000000  0.000000  0.000000  1.000000  0.000000  0.000000  0.000000  1.000000  0.000000  0.000000  
207.190780 -0.002315  0.086429  -0.001059  0.998786  -0.025714  -0.042008  0.023651  0.998524  -0.048902  0.043204  0.047849  0.997920  -0.000812  0.000699  0.007806  0.000000  0.000000  0.000000  2.000000  1.000000  0.000000  0.000000  0.000000  1.000000  0.000000  0.000000  0.000000  1.000000  0.999990  -0.003634  -0.002772  0.003622  0.999985  -0.004154  0.002787  0.004144  0.999988  1.000000  0.000000  0.000000  0.000000  1.000000  0.000000  0.000000  0.000000  1.000000  1.000000  0.000000  0.000000  0.000000  1.000000  0.000000  0.000000  0.000000  1.000000  0.000000  0.000000  
207.191781 -0.002319  0.086426  -0.001053  0.998770  -0.025948  -0.042256  0.023856  0.998500  -0.049281  0.043471  0.048212  0.997891  -0.001160  0.000357  0.007568  -0.177086  0.106032  -0.143322  2.000000  1.000000  0.000000  0.000000  0.000000  1.000000  0.000000  0.000000  0.000000  1.000000  0.999988  -0.003846  -0.002895  0.003834  0.999983  -0.004285  0.002912  0.004273  0.999987  1.000000  0.000000  0.000000  0.000000  1.000000  0.000000  0.000000  0.000000  1.000000  1.000000  0.000000  0.000000  0.000000  1.000000  0.000000  0.000000  0.000000  1.000000  0.000062  0.000000  
207.192801 -0.002323  0.086424  -0.001047  0.998759  -0.026170  -0.042372  0.024062  0.998483  -0.049535  0.043605  0.048454  0.997873  -0.001546  0.000070  0.007365  -0.181257  0.110057  -0.150285  2.000000  1.000000  0.000000  0.000000  0.000000  1.000000  0.000000  0.000000  0.000000  1.000000  0.999987  -0.004066  -0.003151  0.004051  0.999981  -0.004658  0.003170  0.004646  0.999984  1.000000  0.000000  0.000000  0.000000  1.000000  0.000000  0.000000  0.000000  1.000000  1.000000  0.000000  0.000000  0.000000  1.000000  0.000000  0.000000  0.000000  1.000000  0.000065  0.000000  
207.194050 -0.002328  0.086421  -0.001038  0.998742  -0.026404  -0.042620  0.024267  0.998459  -0.049913  0.043872  0.048816  0.997844  -0.001987  -0.000330  0.007179  -0.189446  0.119012  -0.150743  2.000000  1.000000  0.000000  0.000000  0.000000  1.000000  0.000000  0.000000  0.000000  1.000000  0.999986  -0.004080  -0.003417  0.004063  0.999980  -0.004902  0.003437  0.004888  0.999982  1.000000  0.000000  0.000000  0.000000  1.000000  0.000000  0.000000  0.000000  1.000000  1.000000  0.000000  0.000000  0.000000  1.000000  0.000000  0.000000  0.000000  1.000000  0.000067  0.000000  
207.195289 -0.002334  0.086418  -0.001030  0.998720  -0.026645  -0.043000  0.024472  0.998435  -0.050295  0.044273  0.049178  0.997808  -0.002376  -0.000658  0.007033  -0.198232  0.132335  -0.158551  2.000000  1.000000  0.000039  -0.000205  -0.000039  1.000000  -0.000191  0.000205  0.000191  1.000000  0.999985  -0.004095  -0.003683  0.004076  0.999978  -0.005146  0.003704  0.005131  0.999980  1.000000  0.000014  -0.000067  -0.000014  1.000000  -0.000064  0.000067  0.000064  1.000000  1.000000  0.000039  -0.000205  -0.000039  1.000000  -0.000191  0.000205  0.000191  1.000000  0.000070  0.007532  
207.196543 -0.002339  0.086415  -0.001021  0.998697  -0.026892  -0.043377  0.024677  0.998404  -0.050798  0.044674  0.049662  0.997766  -0.002743  -0.000985  0.006855  -0.210489  0.145240  -0.165889  2.000000  1.000000  0.000101  -0.000493  -0.000101  1.000000  -0.000461  0.000493  0.000461  1.000000  0.999982  -0.004527  -0.004062  0.004504  0.999975  -0.005530  0.004087  0.005511  0.999976  1.000000  0.000016  -0.000074  -0.000016  1.000000  -0.000069  0.000074  0.000069  1.000000  1.000000  0.000101  -0.000493  -0.000101  1.000000  -0.000461  0.000493  0.000461  1.000000  0.000075  0.008214  
207.197792 -0.002344  0.086411  -0.001011  0.998674  -0.027138  -0.043754  0.024883  0.998373  -0.051302  0.045075  0.050145  0.997724  -0.003179  -0.001322  0.006690  -0.223065  0.153854  -0.173266  2.000000  1.000000  0.000176  -0.000800  -0.000176  1.000000  -0.000748  0.000800  0.000748  0.999999  0.999979  -0.004754  -0.004450  0.004728  0.999971  -0.005904  0.004478  0.005883  0.999973  1.000000  0.000019  -0.000079  -0.000019  1.000000  -0.000074  0.000079  0.000074  1.000000  1.000000  0.000176  -0.000800  -0.000176  1.000000  -0.000748  0.000800  0.000748  0.999999  0.000079  0.008783  
207.199029 -0.002348  0.086409  -0.001002  0.998656  -0.027180  -0.044141  0.024882  0.998348  -0.051796  0.045476  0.050628  0.997682  -0.003380  -0.001518  0.006607  -0.233256  0.166336  -0.165788  2.000000  0.999999  0.000261  -0.001118  -0.000262  0.999999  -0.001050  0.001118  0.001050  0.999999  0.999978  -0.004564  -0.004725  0.004535  0.999971  -0.006140  0.004753  0.006118  0.999970  1.000000  0.000023  -0.000079  -0.000023  1.000000  -0.000077  0.000079  0.000077  1.000000  0.999999  0.000261  -0.001118  -0.000262  0.999999  -0.001050  0.001118  0.001050  0.999999  0.000082  0.008985  
207.200036 -0.002350  0.086408  -0.000995  0.998643  -0.027210  -0.044398  0.024882  0.998328  -0.052166  0.045743  0.050990  0.997651  -0.003497  -0.001677  0.006593  -0.243198  0.176539  -0.167514  2.000000  0.999999  0.000337  -0.001354  -0.000338  0.999999  -0.001285  0.001353  0.001286  0.999998  0.999978  -0.004374  -0.005001  0.004342  0.999970  -0.006375  0.005029  0.006353  0.999967  1.000000  0.000027  -0.000079  -0.000027  1.000000  -0.000080  0.000079  0.000080  1.000000  0.999999  0.000337  -0.001354  -0.000338  0.999999  -0.001285  0.001353  0.001286  0.999998  0.000086  0.009200  
207.201044 -0.002353  0.086406  -0.000987  0.998626  -0.027445  -0.044644  0.025087  0.998303  -0.052545  0.046010  0.051353  0.997620  -0.003642  -0.001858  0.006587  -0.255736  0.185154  -0.174872  2.000000  0.999999  0.000415  -0.001587  -0.000417  0.999999  -0.001528  0.001587  0.001529  0.999998  0.999979  -0.004369  -0.004866  0.004338  0.999969  -0.006496  0.004894  0.006475  0.999967  1.000000  0.000026  -0.000078  -0.000026  1.000000  -0.000081  0.000078  0.000081  1.000000  0.999999  0.000415  -0.001587  -0.000417  0.999999  -0.001528  0.001587  0.001529  0.999998  0.000089  0.009211  
207.202283 -0.002356  0.086404  -0.000979  0.998614  -0.027480  -0.044898  0.025087  0.998277  -0.053036  0.046278  0.051836  0.997583  -0.003662  -0.001993  0.006627  -0.268181  0.194223  -0.175488  2.000000  0.999998  0.000526  -0.001901  -0.000530  0.999998  -0.001868  0.001900  0.001869  0.999996  0.999978  -0.004180  -0.005142  0.004145  0.999968  -0.006853  0.005171  0.006831  0.999963  1.000000  0.000030  -0.000077  -0.000030  1.000000  -0.000086  0.000077  0.000086  1.000000  0.999998  0.000526  -0.001901  -0.000530  0.999998  -0.001868  0.001900  0.001869  0.999996  0.000093  0.009525  
207.203544 -0.002361  0.086401  -0.000970  0.998601  -0.027522  -0.045148  0.025086  0.998245  -0.053648  0.046545  0.052441  0.997539  -0.003702  -0.002192  0.006745  -0.283966  0.203303  -0.168938  2.000000  0.999997  0.000645  -0.002211  -0.000650  0.999997  -0.002225  0.002209  0.002226  0.999995  0.999978  -0.004183  -0.005140  0.004145  0.999964  -0.007338  0.005170  0.007317  0.999960  1.000000  0.000030  -0.000077  -0.000030  1.000000  -0.000092  0.000077  0.000092  1.000000  0.999997  0.000645  -0.002211  -0.000650  0.999997  -0.002225  0.002209  0.002226  0.999995  0.000096  0.009880  
207.204780 -0.002364  0.086398  -0.000962  0.998595  -0.027551  -0.045268  0.025086  0.998218  -0.054136  0.046679  0.052924  0.997507  -0.003604  -0.002229  0.006865  -0.296322  0.207826  -0.169287  2.000000  0.999997  0.000771  -0.002517  -0.000778  0.999996  -0.002595  0.002515  0.002597  0.999993  0.999978  -0.003987  -0.005282  0.003948  0.999964  -0.007451  0.005312  0.007430  0.999958  1.000000  0.000033  -0.000076  -0.000033  1.000000  -0.000093  0.000076  0.000093  1.000000  0.999997  0.000771  -0.002517  -0.000778  0.999996  -0.002595  0.002515  0.002597  0.999993  0.000098  0.009958  
207.205780 -0.002367  0.086396  -0.000954  0.998582  -0.027587  -0.045521  0.025086  0.998192  -0.054627  0.046946  0.053408  0.997469  -0.003484  -0.002155  0.007017  -0.308509  0.212762  -0.162787  2.000000  0.999996  0.000874  -0.002739  -0.000881  0.999995  -0.002883  0.002737  0.002885  0.999992  0.999979  -0.003784  -0.005291  0.003743  0.999963  -0.007806  0.005320  0.007786  0.999956  1.000000  0.000034  -0.000074  -0.000034  1.000000  -0.000097  0.000074  0.000097  1.000000  0.999996  0.000874  -0.002739  -0.000881  0.999995  -0.002883  0.002737  0.002885  0.999992  0.000101  0.010154  
207.206799 -0.002369  0.086395  -0.000947  0.998576  -0.027611  -0.045645  0.025086  0.998172  -0.054993  0.047080  0.053770  0.997443  -0.003313  -0.002077  0.007124  -0.312137  0.212939  -0.155858  2.000000  0.999995  0.000980  -0.002962  -0.000989  0.999994  -0.003178  0.002959  0.003181  0.999991  0.999979  -0.003588  -0.005434  0.003545  0.999962  -0.007918  0.005463  0.007899  0.999954  1.000000  0.000037  -0.000073  -0.000037  1.000000  -0.000099  0.000073  0.000099  1.000000  0.999995  0.000980  -0.002962  -0.000989  0.999994  -0.003178  0.002959  0.003181  0.999991  0.000102  0.010245  
207.208023 -0.002373  0.086393  -0.000937  0.998575  -0.027440  -0.045773  0.024880  0.998143  -0.055593  0.047213  0.054375  0.997404  -0.003191  -0.002008  0.007230  -0.325568  0.212078  -0.141134  2.000000  0.999994  0.001134  -0.003243  -0.001145  0.999993  -0.003583  0.003239  0.003587  0.999988  0.999980  -0.003181  -0.005455  0.003136  0.999961  -0.008263  0.005481  0.008246  0.999951  1.000000  0.000039  -0.000068  -0.000039  1.000000  -0.000103  0.000068  0.000103  1.000000  0.999994  0.001134  -0.003243  -0.001145  0.999993  -0.003583  0.003239  0.003587  0.999988  0.000103  0.010393  
207.209027 -0.002374  0.086392  -0.000930  0.998569  -0.027464  -0.045896  0.024880  0.998123  -0.055959  0.047347  0.054737  0.997378  -0.003062  -0.001938  0.007247  -0.329309  0.207365  -0.140831  2.000000  0.999993  0.001254  -0.003447  -0.001267  0.999992  -0.003895  0.003443  0.003900  0.999986  0.999981  -0.002977  -0.005465  0.002931  0.999961  -0.008375  0.005489  0.008359  0.999950  1.000000  0.000041  -0.000066  -0.000041  1.000000  -0.000105  0.000066  0.000105  1.000000  0.999993  0.001254  -0.003447  -0.001267  0.999992  -0.003895  0.003443  0.003900  0.999986  0.000104  0.010428  
207.210028 -0.002376  0.086391  -0.000923  0.998562  -0.027488  -0.046020  0.024880  0.998102  -0.056326  0.047481  0.055100  0.997351  -0.002871  -0.001834  0.007217  -0.337202  0.207731  -0.134068  2.000000  0.999992  0.001377  -0.003644  -0.001392  0.999990  -0.004216  0.003639  0.004221  0.999984  0.999981  -0.002774  -0.005475  0.002727  0.999959  -0.008609  0.005499  0.008593  0.999948  1.000000  0.000042  -0.000064  -0.000042  1.000000  -0.000108  0.000064  0.000108  1.000000  0.999992  0.001377  -0.003644  -0.001392  0.999990  -0.004216  0.003639  0.004221  0.999984  0.000104  0.010566  
207.211284 -0.002378  0.086389  -0.000915  0.998561  -0.027313  -0.046151  0.024674  0.998080  -0.056804  0.047614  0.055583  0.997318  -0.002660  -0.001730  0.007186  -0.344635  0.208337  -0.120419  2.000000  0.999991  0.001545  -0.003884  -0.001563  0.999988  -0.004653  0.003877  0.004659  0.999982  0.999984  -0.002351  -0.005229  0.002305  0.999958  -0.008832  0.005250  0.008820  0.999947  1.000000  0.000042  -0.000058  -0.000042  1.000000  -0.000110  0.000058  0.000110  1.000000  0.999991  0.001545  -0.003884  -0.001563  0.999988  -0.004653  0.003877  0.004659  0.999982  0.000105  0.010525  
207.212528 -0.002379  0.086387  -0.000906  0.998560  -0.027143  -0.046280  0.024468  0.998051  -0.057403  0.047748  0.056188  0.997278  -0.002399  -0.001631  0.007156  -0.356104  0.208945  -0.106788  2.000000  0.999990  0.001756  -0.004155  -0.001778  0.999985  -0.005208  0.004146  0.005215  0.999978  0.999986  -0.001928  -0.004984  0.001884  0.999958  -0.008934  0.005001  0.008924  0.999948  1.000000  0.000042  -0.000052  -0.000042  1.000000  -0.000112  0.000052  0.000112  1.000000  0.999990  0.001756  -0.004155  -0.001778  0.999985  -0.005208  0.004146  0.005215  0.999978  0.000107  0.010406  
207.213782 -0.002380  0.086386  -0.000897  0.998553  -0.027173  -0.046400  0.024468  0.998023  -0.057891  0.047882  0.056671  0.997244  -0.002214  -0.001599  0.007153  -0.358515  0.211375  -0.093982  2.000000  0.999989  0.001931  -0.004341  -0.001956  0.999982  -0.005660  0.004330  0.005669  0.999975  0.999987  -0.001307  -0.004884  0.001262  0.999957  -0.009147  0.004896  0.009141  0.999946  1.000000  0.000045  -0.000044  -0.000045  1.000000  -0.000114  0.000044  0.000114  1.000000  0.999989  0.001931  -0.004341  -0.001956  0.999982  -0.005660  0.004330  0.005669  0.999975  0.000106  0.010449  
207.215032 -0.002381  0.086385  -0.000887  0.998552  -0.027003  -0.046529  0.024262  0.997993  -0.058489  0.048015  0.057276  0.997203  -0.002058  -0.001534  0.007174  -0.367088  0.205846  -0.079366  2.000000  0.999987  0.002157  -0.004546  -0.002186  0.999978  -0.006238  0.004532  0.006248  0.999970  0.999988  -0.000892  -0.004774  0.000847  0.999956  -0.009370  0.004782  0.009366  0.999945  1.000000  0.000046  -0.000039  -0.000046  1.000000  -0.000117  0.000039  0.000117  1.000000  0.999987  0.002157  -0.004546  -0.002186  0.999978  -0.006238  0.004532  0.006248  0.999970  0.000108  0.010552  
207.216279 -0.002381  0.086383  -0.000877  0.998550  -0.026833  -0.046658  0.024057  0.997963  -0.059088  0.048149  0.057880  0.997162  -0.001833  -0.001461  0.007265  -0.378781  0.202162  -0.065551  2.000000  0.999986  0.002386  -0.004725  -0.002418  0.999974  -0.006830  0.004709  0.006842  0.999966  0.999989  -0.000476  -0.004663  0.000431  0.999954  -0.009593  0.004668  0.009591  0.999943  1.000000  0.000048  -0.000034  -0.000048  1.000000  -0.000120  0.000034  0.000120  1.000000  0.999986  0.002386  -0.004725  -0.002418  0.999974  -0.006830  0.004709  0.006842  0.999966  0.000109  0.010676  
207.217531 -0.002383  0.086382  -0.000866  0.998555  -0.026656  -0.046654  0.023851  0.997932  -0.059684  0.048149  0.058485  0.997126  -0.001673  -0.001403  0.007420  -0.385806  0.189774  -0.044372  2.000000  0.999985  0.002621  -0.004879  -0.002658  0.999969  -0.007433  0.004859  0.007446  0.999960  0.999990  -0.000053  -0.004420  0.000010  0.999953  -0.009694  0.004420  0.009694  0.999943  1.000000  0.000048  -0.000028  -0.000048  1.000000  -0.000121  0.000028  0.000121  1.000000  0.999985  0.002621  -0.004879  -0.002658  0.999969  -0.007433  0.004859  0.007446  0.999960  0.000109  0.010654  
207.218780 -0.002384  0.086380  -0.000855  0.998554  -0.026487  -0.046784  0.023645  0.997901  -0.060283  0.048283  0.059089  0.997084  -0.001501  -0.001352  0.007549  -0.392824  0.181872  -0.023435  2.000000  0.999983  0.002855  -0.005001  -0.002895  0.999963  -0.008043  0.004978  0.008057  0.999955  0.999991  0.000371  -0.004177  -0.000412  0.999952  -0.009796  0.004173  0.009797  0.999943  1.000000  0.000048  -0.000022  -0.000048  1.000000  -0.000122  0.000022  0.000122  1.000000  0.999983  0.002855  -0.005001  -0.002895  0.999963  -0.008043  0.004978  0.008057  0.999955  0.000108  0.010656  
207.220032 -0.002386  0.086378  -0.000844  0.998559  -0.026310  -0.046780  0.023440  0.997870  -0.060878  0.048283  0.059694  0.997048  -0.001380  -0.001296  0.007679  -0.404345  0.173698  -0.009343  2.000000  0.999982  0.003088  -0.005080  -0.003131  0.999958  -0.008658  0.005053  0.008674  0.999950  0.999993  0.001016  -0.003680  -0.001053  0.999951  -0.009887  0.003669  0.009891  0.999944  1.000000  0.000046  -0.000012  -0.000046  1.000000  -0.000124  0.000012  0.000124  1.000000  0.999982  0.003088  -0.005080  -0.003131  0.999958  -0.008658  0.005053  0.008674  0.999950  0.000109  0.010600  
207.221278 -0.002388  0.086376  -0.000835  0.998568  -0.025933  -0.046787  0.023029  0.997836  -0.061585  0.048283  0.060420  0.997005  -0.001316  -0.001305  0.007731  -0.415315  0.166312  0.018433  2.000000  0.999982  0.003266  -0.005110  -0.003312  0.999953  -0.009159  0.005080  0.009176  0.999945  0.999993  0.001448  -0.003305  -0.001482  0.999948  -0.010109  0.003290  0.010114  0.999943  1.000000  0.000045  -0.000005  -0.000045  1.000000  -0.000126  0.000005  0.000126  1.000000  0.999982  0.003266  -0.005110  -0.003312  0.999953  -0.009159  0.005080  0.009176  0.999945  0.000111  0.010736  
207.222281 -0.002390  0.086374  -0.000827  0.998573  -0.025750  -0.046787  0.022823  0.997811  -0.062060  0.048283  0.060903  0.996975  -0.001238  -0.001327  0.007728  -0.419076  0.162253  0.025455  2.000000  0.999981  0.003437  -0.005115  -0.003486  0.999947  -0.009664  0.005082  0.009682  0.999940  0.999994  0.001677  -0.002917  -0.001706  0.999948  -0.010099  0.002900  0.010104  0.999945  1.000000  0.000042  0.000000  -0.000042  1.000000  -0.000126  -0.000000  0.000126  1.000000  0.999981  0.003437  -0.005115  -0.003486  0.999947  -0.009664  0.005082  0.009682  0.999940  0.000112  0.010648  
207.223527 -0.002393  0.086371  -0.000819  0.998578  -0.025579  -0.046781  0.022617  0.997771  -0.062776  0.048283  0.061629  0.996931  -0.001298  -0.001430  0.007700  -0.430464  0.154076  0.039543  2.000000  0.999980  0.003641  -0.005087  -0.003694  0.999940  -0.010295  0.005050  0.010313  0.999934  0.999994  0.002315  -0.002555  -0.002341  0.999947  -0.010069  0.002532  0.010075  0.999946  1.000000  0.000042  0.000009  -0.000042  1.000000  -0.000126  -0.000009  0.000126  1.000000  0.999980  0.003641  -0.005087  -0.003694  0.999940  -0.010295  0.005050  0.010313  0.999934  0.000114  0.010646  
207.224774 -0.002396  0.086368  -0.000811  0.998587  -0.025197  -0.046792  0.022206  0.997744  -0.063362  0.048283  0.062234  0.996893  -0.001347  -0.001525  0.007592  -0.437613  0.141887  0.060753  2.000000  0.999980  0.003837  -0.005027  -0.003892  0.999933  -0.010929  0.004985  0.010948  0.999928  0.999994  0.002543  -0.002169  -0.002565  0.999945  -0.010181  0.002143  0.010186  0.999946  1.000000  0.000039  0.000014  -0.000039  1.000000  -0.000127  -0.000014  0.000127  1.000000  0.999980  0.003837  -0.005027  -0.003892  0.999933  -0.010929  0.004985  0.010948  0.999928  0.000115  0.010718  
207.225774 -0.002399  0.086366  -0.000805  0.998591  -0.025014  -0.046793  0.022001  0.997718  -0.063837  0.048283  0.062717  0.996863  -0.001414  -0.001539  0.007493  -0.441255  0.133849  0.074925  2.000000  0.999980  0.003991  -0.004959  -0.004047  0.999926  -0.011431  0.004913  0.011451  0.999922  0.999994  0.002764  -0.001916  -0.002784  0.999946  -0.010049  0.001888  0.010055  0.999948  1.000000  0.000038  0.000018  -0.000038  1.000000  -0.000126  -0.000018  0.000126  1.000000  0.999980  0.003991  -0.004959  -0.004047  0.999926  -0.011431  0.004913  0.011451  0.999922  0.000117  0.010600  
207.226778 -0.002401  0.086364  -0.000799  0.998596  -0.024831  -0.046794  0.021795  0.997692  -0.064311  0.048283  0.063201  0.996832  -0.001501  -0.001604  0.007442  -0.444117  0.122263  0.090028  2.000000  0.999980  0.004143  -0.004875  -0.004201  0.999920  -0.011932  0.004825  0.011952  0.999917  0.999993  0.003182  -0.001810  -0.003200  0.999945  -0.010029  0.001778  0.010035  0.999948  1.000000  0.000039  0.000023  -0.000039  1.000000  -0.000125  -0.000023  0.000125  1.000000  0.999980  0.004143  -0.004875  -0.004201  0.999920  -0.011932  0.004825  0.011952  0.999917  0.000118  0.010680  
207.228039 -0.002405  0.086361  -0.000792  0.998600  -0.024654  -0.046792  0.021590  0.997658  -0.064907  0.048283  0.063805  0.996794  -0.001715  -0.001703  0.007331  -0.451404  0.109572  0.104498  2.000000  0.999979  0.004329  -0.004749  -0.004388  0.999912  -0.012550  0.004695  0.012571  0.999910  0.999993  0.003404  -0.001558  -0.003419  0.999945  -0.009898  0.001524  0.009903  0.999950  1.000000  0.000038  0.000027  -0.000038  1.000000  -0.000124  -0.000027  0.000124  1.000000  0.999979  0.004329  -0.004749  -0.004388  0.999912  -0.012550  0.004695  0.012571  0.999910  0.000118  0.010585  
207.229278 -0.002410  0.086358  -0.000785  0.998609  -0.024272  -0.046804  0.021178  0.997628  -0.065492  0.048283  0.064410  0.996755  -0.002001  -0.001837  0.007223  -0.455087  0.097017  0.119088  2.000000  0.999979  0.004470  -0.004637  -0.004530  0.999905  -0.013046  0.004578  0.013067  0.999904  0.999993  0.003420  -0.001293  -0.003432  0.999945  -0.009898  0.001259  0.009903  0.999950  1.000000  0.000035  0.000029  -0.000035  1.000000  -0.000124  -0.000029  0.000124  1.000000  0.999979  0.004470  -0.004637  -0.004530  0.999905  -0.013046  0.004578  0.013067  0.999904  0.000120  0.010554  
207.230534 -0.002415  0.086354  -0.000778  0.998614  -0.024100  -0.046800  0.020973  0.997585  -0.066209  0.048283  0.065135  0.996708  -0.002277  -0.002012  0.006994  -0.462299  0.088858  0.133280  2.000000  0.999979  0.004645  -0.004477  -0.004706  0.999896  -0.013663  0.004413  0.013684  0.999897  0.999992  0.003847  -0.001055  -0.003857  0.999945  -0.009757  0.001017  0.009761  0.999952  1.000000  0.000035  0.000035  -0.000035  1.000000  -0.000122  -0.000035  0.000122  1.000000  0.999979  0.004645  -0.004477  -0.004706  0.999896  -0.013663  0.004413  0.013684  0.999897  0.000121  0.010543  
207.231777 -0.002421  0.086350  -0.000771  0.998618  -0.023924  -0.046799  0.020767  0.997550  -0.066804  0.048283  0.065740  0.996668  -0.002581  -0.002227  0.006794  -0.462272  0.079711  0.139524  2.000000  0.999979  0.004814  -0.004301  -0.004875  0.999886  -0.014284  0.004232  0.014305  0.999889  0.999992  0.003855  -0.000924  -0.003864  0.999944  -0.009878  0.000886  0.009882  0.999951  1.000000  0.000034  0.000036  -0.000034  1.000000  -0.000124  -0.000036  0.000124  1.000000  0.999979  0.004814  -0.004301  -0.004875  0.999886  -0.014284  0.004232  0.014305  0.999889  0.000122  0.010646  
207.233036 -0.002427  0.086345  -0.000765  0.998626  -0.023541  -0.046812  0.020356  0.997519  -0.067390  0.048283  0.066344  0.996628  -0.002899  -0.002448  0.006424  -0.465620  0.071691  0.153688  2.000000  0.999979  0.004984  -0.004110  -0.005045  0.999876  -0.014910  0.004035  0.014930  0.999880  0.999991  0.004273  -0.000820  -0.004281  0.999941  -0.009979  0.000777  0.009983  0.999950  1.000000  0.000035  0.000041  -0.000035  1.000000  -0.000125  -0.000041  0.000125  1.000000  0.999979  0.004984  -0.004110  -0.005045  0.999876  -0.014910  0.004035  0.014930  0.999880  0.000124  0.010889  
207.234277 -0.002433  0.086339  -0.000758  0.998637  -0.023361  -0.046676  0.020151  0.997475  -0.068103  0.048149  0.067070  0.996586  -0.003244  -0.002749  0.006131  -0.473355  0.058836  0.161283  2.000000  0.999979  0.005145  -0.003903  -0.005205  0.999866  -0.015539  0.003823  0.015559  0.999872  0.999991  0.004291  -0.000556  -0.004296  0.999940  -0.010101  0.000513  0.010104  0.999949  1.000000  0.000033  0.000043  -0.000033  1.000000  -0.000126  -0.000043  0.000126  1.000000  0.999979  0.005145  -0.003903  -0.005205  0.999866  -0.015539  0.003823  0.015559  0.999872  0.000126  0.010990  
207.235531 -0.002440  0.086333  -0.000753  0.998645  -0.022979  -0.046690  0.019739  0.997443  -0.068689  0.048149  0.067675  0.996545  -0.003534  -0.002983  0.005863  -0.472785  0.055323  0.175236  2.000000  0.999979  0.005300  -0.003687  -0.005359  0.999855  -0.016172  0.003601  0.016191  0.999862  0.999990  0.004505  -0.000439  -0.004509  0.999939  -0.010091  0.000393  0.010093  0.999949  1.000000  0.000033  0.000046  -0.000033  1.000000  -0.000126  -0.000046  0.000126  1.000000  0.999979  0.005300  -0.003687  -0.005359  0.999855  -0.016172  0.003601  0.016191  0.999862  0.000127  0.011061  
207.236773 -0.002447  0.086327  -0.000747  0.998649  -0.022807  -0.046687  0.019534  0.997397  -0.069405  0.048149  0.068400  0.996495  -0.003848  -0.003232  0.005583  -0.480842  0.046974  0.182712  2.000000  0.999979  0.005457  -0.003460  -0.005514  0.999843  -0.016810  0.003368  0.016829  0.999853  0.999990  0.004513  -0.000309  -0.004516  0.999938  -0.010213  0.000263  0.010214  0.999948  1.000000  0.000031  0.000047  -0.000031  1.000000  -0.000128  -0.000047  0.000128  1.000000  0.999979  0.005457  -0.003460  -0.005514  0.999843  -0.016810  0.003368  0.016829  0.999853  0.000129  0.011171  
207.237775 -0.002452  0.086322  -0.000743  0.998647  -0.022634  -0.046824  0.019328  0.997368  -0.069882  0.048283  0.068883  0.996456  -0.004079  -0.003428  0.005402  -0.480795  0.047060  0.182679  2.000000  0.999979  0.005552  -0.003320  -0.005609  0.999836  -0.017197  0.003224  0.017215  0.999847  0.999990  0.004504  -0.000444  -0.004508  0.999936  -0.010333  0.000398  0.010335  0.999947  1.000000  0.000033  0.000046  -0.000033  1.000000  -0.000129  -0.000046  0.000129  1.000000  0.999979  0.005552  -0.003320  -0.005609  0.999836  -0.017197  0.003224  0.017215  0.999847  0.000129  0.011282  
207.239027 -0.002459  0.086315  -0.000737  0.998655  -0.022257  -0.046837  0.018917  0.997326  -0.070589  0.048283  0.069608  0.996405  -0.004339  -0.003696  0.005212  -0.487809  0.043533  0.196457  2.000000  0.999979  0.005716  -0.003085  -0.005770  0.999824  -0.017845  0.002982  0.017862  0.999836  0.999990  0.004513  -0.000314  -0.004516  0.999935  -0.010455  0.000267  0.010456  0.999945  1.000000  0.000031  0.000047  -0.000031  1.000000  -0.000131  -0.000047  0.000131  1.000000  0.999979  0.005716  -0.003085  -0.005770  0.999824  -0.017845  0.002982  0.017862  0.999836  0.000132  0.011392  
207.240274 -0.002466  0.086309  -0.000731  0.998658  -0.022080  -0.046838  0.018711  0.997288  -0.071184  0.048283  0.070212  0.996363  -0.004550  -0.003876  0.005131  -0.491946  0.035047  0.198672  2.000000  0.999979  0.005878  -0.002842  -0.005929  0.999811  -0.018499  0.002733  0.018516  0.999825  0.999989  0.004718  -0.000331  -0.004721  0.999934  -0.010445  0.000282  0.010446  0.999945  1.000000  0.000033  0.000049  -0.000033  1.000000  -0.000131  -0.000049  0.000131  1.000000  0.999979  0.005878  -0.002842  -0.005929  0.999811  -0.018499  0.002733  0.018516  0.999825  0.000133  0.011466  
207.241274 -0.002471  0.086304  -0.000727  0.998662  -0.021898  -0.046842  0.018506  0.997258  -0.071658  0.048283  0.070696  0.996329  -0.004746  -0.004072  0.004981  -0.495692  0.035266  0.203881  2.000000  0.999978  0.006008  -0.002649  -0.006057  0.999801  -0.019016  0.002534  0.019032  0.999816  0.999989  0.004718  -0.000334  -0.004721  0.999937  -0.010202  0.000285  0.010203  0.999948  1.000000  0.000033  0.000049  -0.000033  1.000000  -0.000128  -0.000049  0.000128  1.000000  0.999978  0.006008  -0.002649  -0.006057  0.999801  -0.019016  0.002534  0.019032  0.999816  0.000133  0.011246  
207.242284 -0.002476  0.086300  -0.000723  0.998666  -0.021721  -0.046843  0.018300  0.997218  -0.072254  0.048283  0.071300  0.996286  -0.004950  -0.004267  0.004902  -0.499584  0.031181  0.205753  2.000000  0.999978  0.006136  -0.002458  -0.006183  0.999790  -0.019529  0.002337  0.019544  0.999806  0.999989  0.004718  -0.000336  -0.004721  0.999936  -0.010323  0.000288  0.010325  0.999947  1.000000  0.000033  0.000049  -0.000033  1.000000  -0.000129  -0.000049  0.000129  1.000000  0.999978  0.006136  -0.002458  -0.006183  0.999790  -0.019529  0.002337  0.019544  0.999806  0.000136  0.011356  
207.243527 -0.002484  0.086293  -0.000717  0.998670  -0.021544  -0.046845  0.018095  0.997179  -0.072849  0.048283  0.071904  0.996242  -0.005148  -0.004521  0.004772  -0.503265  0.027016  0.211191  2.000000  0.999978  0.006296  -0.002220  -0.006340  0.999776  -0.020176  0.002093  0.020190  0.999794  0.999990  0.004512  -0.000325  -0.004515  0.999936  -0.010333  0.000278  0.010335  0.999947  1.000000  0.000031  0.000047  -0.000031  1.000000  -0.000129  -0.000047  0.000129  1.000000  0.999978  0.006296  -0.002220  -0.006340  0.999776  -0.020176  0.002093  0.020190  0.999794  0.000137  0.011281  
207.244533 -0.002491  0.086287  -0.000714  0.998674  -0.021361  -0.046850  0.017889  0.997148  -0.073323  0.048283  0.072388  0.996207  -0.005313  -0.004735  0.004594  -0.503273  0.022866  0.213187  2.000000  0.999977  0.006424  -0.002031  -0.006465  0.999765  -0.020689  0.001898  0.020702  0.999784  0.999990  0.004512  -0.000327  -0.004515  0.999938  -0.010212  0.000281  0.010213  0.999948  1.000000  0.000032  0.000047  -0.000031  1.000000  -0.000128  -0.000047  0.000128  1.000000  0.999977  0.006424  -0.002031  -0.006465  0.999765  -0.020689  0.001898  0.020702  0.999784  0.000137  0.011170  
207.245536 -0.002497  0.086281  -0.000712  0.998677  -0.021179  -0.046855  0.017683  0.997116  -0.073797  0.048283  0.072871  0.996172  -0.005452  -0.004917  0.004396  -0.503284  0.022970  0.213181  2.000000  0.999977  0.006519  -0.001891  -0.006558  0.999756  -0.021076  0.001753  0.021088  0.999776  0.999990  0.004512  -0.000329  -0.004515  0.999936  -0.010333  0.000282  0.010335  0.999947  1.000000  0.000032  0.000047  -0.000032  1.000000  -0.000129  -0.000047  0.000129  1.000000  0.999977  0.006519  -0.001891  -0.006558  0.999756  -0.021076  0.001753  0.021088  0.999776  0.000137  0.011281  
207.246778 -0.002506  0.086272  -0.000709  0.998681  -0.021002  -0.046857  0.017478  0.997076  -0.074392  0.048283  0.073475  0.996128  -0.005674  -0.005180  0.004112  -0.503431  0.018618  0.213531  2.000000  0.999976  0.006646  -0.001704  -0.006681  0.999744  -0.021598  0.001560  0.021609  0.999765  0.999990  0.004512  -0.000332  -0.004515  0.999935  -0.010455  0.000285  0.010456  0.999945  1.000000  0.000032  0.000047  -0.000032  1.000000  -0.000131  -0.000047  0.000131  1.000000  0.999976  0.006646  -0.001704  -0.006681  0.999744  -0.021598  0.001560  0.021609  0.999765  0.000137  0.011392  
207.247779 -0.002513  0.086265  -0.000707  0.998684  -0.020819  -0.046862  0.017272  0.997044  -0.074866  0.048283  0.073958  0.996092  -0.005859  -0.005383  0.003927  -0.502983  0.019009  0.218599  2.000000  0.999976  0.006770  -0.001522  -0.006802  0.999732  -0.022122  0.001372  0.022132  0.999754  0.999990  0.004512  -0.000334  -0.004515  0.999935  -0.010455  0.000287  0.010456  0.999945  1.000000  0.000032  0.000047  -0.000032  1.000000  -0.000131  -0.000047  0.000131  1.000000  0.999976  0.006770  -0.001522  -0.006802  0.999732  -0.022122  0.001372  0.022132  0.999754  0.000137  0.011392  
207.248781 -0.002520  0.086258  -0.000705  0.998688  -0.020631  -0.046870  0.017067  0.997021  -0.075219  0.048283  0.074321  0.996065  -0.006001  -0.005539  0.003716  -0.498983  0.014786  0.220701  2.000000  0.999975  0.006893  -0.001343  -0.006921  0.999720  -0.022645  0.001186  0.022653  0.999743  0.999991  0.004306  -0.000320  -0.004309  0.999937  -0.010343  0.000276  0.010345  0.999946  1.000000  0.000030  0.000045  -0.000030  1.000000  -0.000129  -0.000045  0.000129  1.000000  0.999975  0.006893  -0.001343  -0.006921  0.999720  -0.022645  0.001186  0.022653  0.999743  0.000136  0.011209  
