1-Time 2-Px 3-Py 4-Pz 5-R11 6-R21 7-R31 8-R12 9-R22 10-R32 11-R13 12-R23 13-R33 14-Vx 15-Vy 16-Vz 17-Wx 18-Wy 19-Wz 20-state 21-PR11 22-PR21 23-PR31 24-PR12 25-PR22 26-PR32 27-PR13 28-PR23 29-PR33 
173.093746 0.000570  0.090637  -0.003030  0.997474  0.070969  -0.003126  -0.070965  0.997478  0.001317  0.003211  -0.001092  0.999994  0.000302  0.001338  -0.000783  0.020357  0.170924  -0.041383  2.000000  1.000000  0.000000  0.000000  -0.000000  1.000000  0.000000  0.000000  -0.000000  1.000000  0.999996  -0.000615  -0.002810  0.000616  1.000000  0.000362  0.002810  -0.000364  0.999996  1.000000  0.000000  0.000000  0.000000  1.000000  0.000000  0.000000  0.000000  1.000000  0.786117  0.471954  -0.399098  -0.516307  0.856393  -0.004258  0.339775  0.209404  0.916899  0.000044  0.000000  
173.094757 0.000570  0.090639  -0.003031  0.997474  0.070969  -0.002992  -0.070965  0.997478  0.001307  0.003077  -0.001092  0.999995  0.000319  0.001366  -0.000730  0.000000  0.000000  0.000000  2.000000  1.000000  0.000000  0.000000  0.000000  1.000000  0.000000  0.000000  0.000000  1.000000  0.999997  -0.000615  -0.002543  0.000616  1.000000  0.000362  0.002543  -0.000364  0.999997  1.000000  0.000000  0.000000  0.000000  1.000000  0.000000  0.000000  0.000000  1.000000  1.000000  0.000000  0.000000  0.000000  1.000000  0.000000  0.000000  0.000000  1.000000  0.000000  0.000000  
173.096002 0.000569  0.090638  -0.003034  0.997445  0.071379  -0.003000  -0.071376  0.997449  0.001188  0.003077  -0.000970  0.999995  0.000231  0.001191  -0.000810  0.000000  0.000000  0.000000  2.000000  1.000000  0.000000  0.000000  0.000000  1.000000  0.000000  0.000000  0.000000  1.000000  0.999997  -0.000204  -0.002275  0.000204  1.000000  0.000242  0.002275  -0.000242  0.999997  1.000000  0.000000  0.000000  0.000000  1.000000  0.000000  0.000000  0.000000  1.000000  1.000000  0.000000  0.000000  0.000000  1.000000  0.000000  0.000000  0.000000  1.000000  0.000000  0.000000  
173.097002 0.000568  0.090636  -0.003037  0.997430  0.071584  -0.003009  -0.071582  0.997434  0.001067  0.003077  -0.000849  0.999995  0.000125  0.000987  -0.000941  0.000000  0.000000  0.000000  2.000000  1.000000  0.000000  0.000000  0.000000  1.000000  0.000000  0.000000  0.000000  1.000000  0.999998  0.000002  -0.002141  -0.000002  1.000000  0.000243  0.002141  -0.000243  0.999998  1.000000  0.000000  0.000000  0.000000  1.000000  0.000000  0.000000  0.000000  1.000000  1.000000  0.000000  0.000000  0.000000  1.000000  0.000000  0.000000  0.000000  1.000000  0.000000  0.000000  
173.098260 0.000568  0.090635  -0.003042  0.997415  0.071790  -0.003008  -0.071787  0.997419  0.001068  0.003077  -0.000849  0.999995  0.000046  0.000773  -0.001136  0.000000  0.000000  0.000000  2.000000  1.000000  0.000000  0.000000  0.000000  1.000000  0.000000  0.000000  0.000000  1.000000  0.999998  0.000208  -0.002007  -0.000207  1.000000  0.000122  0.002007  -0.000122  0.999998  1.000000  0.000000  0.000000  0.000000  1.000000  0.000000  0.000000  0.000000  1.000000  1.000000  0.000000  0.000000  0.000000  1.000000  0.000000  0.000000  0.000000  1.000000  0.000000  0.000000  
173.099502 0.000568  0.090634  -0.003047  0.997401  0.071995  -0.002884  -0.071992  0.997405  0.000938  0.002944  -0.000728  0.999995  -0.000013  0.000576  -0.001407  0.000000  0.000000  0.000000  2.000000  1.000000  0.000000  0.000000  0.000000  1.000000  0.000000  0.000000  0.000000  1.000000  0.999999  0.000619  -0.001605  -0.000619  1.000000  0.000002  0.001605  -0.000001  0.999999  1.000000  0.000000  0.000000  0.000000  1.000000  0.000000  0.000000  0.000000  1.000000  1.000000  0.000000  0.000000  0.000000  1.000000  0.000000  0.000000  0.000000  1.000000  0.000000  0.000000  
173.100502 0.000568  0.090632  -0.003051  0.997386  0.072200  -0.003017  -0.072198  0.997390  0.000948  0.003077  -0.000728  0.999995  -0.000027  0.000360  -0.001638  0.000000  0.000000  0.000000  2.000000  1.000000  0.000000  0.000000  0.000000  1.000000  0.000000  0.000000  0.000000  1.000000  0.999999  0.000619  -0.001471  -0.000619  1.000000  -0.000119  0.001471  0.000120  0.999999  1.000000  0.000000  0.000000  0.000000  1.000000  0.000000  0.000000  0.000000  1.000000  1.000000  0.000000  0.000000  0.000000  1.000000  0.000000  0.000000  0.000000  1.000000  0.000000  0.000000  
173.101751 0.000568  0.090630  -0.003056  0.997356  0.072610  -0.003025  -0.072608  0.997360  0.000828  0.003077  -0.000606  0.999995  -0.000015  0.000136  -0.001933  0.000000  0.000000  0.000000  2.000000  1.000000  0.000000  0.000000  0.000000  1.000000  0.000000  0.000000  0.000000  1.000000  0.999999  0.001030  -0.001337  -0.001030  0.999999  -0.000239  0.001337  0.000241  0.999999  1.000000  0.000000  0.000000  0.000000  1.000000  0.000000  0.000000  0.000000  1.000000  1.000000  0.000000  0.000000  0.000000  1.000000  0.000000  0.000000  0.000000  1.000000  0.000000  0.000000  
173.102752 0.000570  0.090628  -0.003060  0.997326  0.073021  -0.003034  -0.073019  0.997330  0.000709  0.003077  -0.000485  0.999995  0.000048  -0.000089  -0.002235  0.000000  0.000000  0.000000  2.000000  1.000000  0.000000  0.000000  0.000000  1.000000  0.000000  0.000000  0.000000  1.000000  0.999998  0.001442  -0.001070  -0.001442  0.999999  -0.000359  0.001069  0.000361  0.999999  1.000000  0.000000  0.000000  0.000000  1.000000  0.000000  0.000000  0.000000  1.000000  1.000000  0.000000  0.000000  0.000000  1.000000  0.000000  0.000000  0.000000  1.000000  0.000000  0.000000  
173.104004 0.000571  0.090625  -0.003067  0.997296  0.073431  -0.003042  -0.073429  0.997300  0.000589  0.003077  -0.000364  0.999995  0.000141  -0.000377  -0.002672  0.000000  0.000000  0.000000  2.000000  1.000000  0.000000  0.000000  0.000000  1.000000  0.000000  0.000000  0.000000  1.000000  0.999997  0.002265  -0.000936  -0.002265  0.999997  -0.000600  0.000934  0.000602  0.999999  1.000000  0.000000  0.000000  0.000000  1.000000  0.000000  0.000000  0.000000  1.000000  1.000000  0.000000  0.000000  0.000000  1.000000  0.000000  0.000000  0.000000  1.000000  0.000000  0.000000  
173.105018 0.000572  0.090622  -0.003074  0.997265  0.073841  -0.003051  -0.073840  0.997270  0.000469  0.003077  -0.000243  0.999995  0.000190  -0.000686  -0.003091  0.000000  0.000000  0.000000  2.000000  1.000000  0.000000  0.000000  0.000000  1.000000  0.000000  0.000000  0.000000  1.000000  0.999996  0.002677  -0.000802  -0.002677  0.999996  -0.000598  0.000800  0.000600  0.999999  1.000000  0.000000  0.000000  0.000000  1.000000  0.000000  0.000000  0.000000  1.000000  1.000000  0.000000  0.000000  0.000000  1.000000  0.000000  0.000000  0.000000  1.000000  0.000000  0.000000  
173.106264 0.000574  0.090619  -0.003082  0.997220  0.074457  -0.003060  -0.074456  0.997224  0.000350  0.003077  -0.000121  0.999995  0.000330  -0.001008  -0.003613  0.000000  0.000000  0.000000  2.000000  1.000000  0.000000  0.000000  0.000000  1.000000  0.000000  0.000000  0.000000  1.000000  0.999995  0.003088  -0.000669  -0.003089  0.999995  -0.000840  0.000666  0.000842  0.999999  1.000000  0.000000  0.000000  0.000000  1.000000  0.000000  0.000000  0.000000  1.000000  1.000000  0.000000  0.000000  0.000000  1.000000  0.000000  0.000000  0.000000  1.000000  0.000000  0.000000  
173.107505 0.000577  0.090615  -0.003090  0.997189  0.074867  -0.003069  -0.074867  0.997194  0.000230  0.003077  0.000000  0.999995  0.000483  -0.001375  -0.004117  0.000000  0.000000  0.000000  2.000000  1.000000  0.000000  0.000000  0.000000  1.000000  0.000000  0.000000  0.000000  1.000000  0.999993  0.003706  -0.000535  -0.003706  0.999993  -0.000959  0.000532  0.000961  0.999999  1.000000  0.000000  0.000000  0.000000  1.000000  0.000000  0.000000  0.000000  1.000000  1.000000  0.000000  0.000000  0.000000  1.000000  0.000000  0.000000  0.000000  1.000000  0.000000  0.000000  
173.108510 0.000579  0.090612  -0.003097  0.997158  0.075277  -0.003078  -0.075277  0.997163  0.000111  0.003077  0.000121  0.999995  0.000627  -0.001704  -0.004502  0.000000  0.000000  0.000000  2.000000  1.000000  0.000000  0.000000  0.000000  1.000000  0.000000  0.000000  0.000000  1.000000  0.999991  0.004117  -0.000402  -0.004118  0.999991  -0.001200  0.000397  0.001202  0.999999  1.000000  0.000000  0.000000  0.000000  1.000000  0.000000  0.000000  0.000000  1.000000  1.000000  0.000000  0.000000  0.000000  1.000000  0.000000  0.000000  0.000000  1.000000  0.000000  0.000000  
173.109757 0.000582  0.090606  -0.003106  0.997111  0.075892  -0.003230  -0.075893  0.997116  -0.000119  0.003211  0.000364  0.999995  0.000761  -0.002145  -0.005040  0.000000  0.000000  0.000000  2.000000  1.000000  0.000000  0.000000  0.000000  1.000000  0.000000  0.000000  0.000000  1.000000  0.999989  0.004735  -0.000403  -0.004735  0.999988  -0.001440  0.000396  0.001442  0.999999  1.000000  0.000000  0.000000  0.000000  1.000000  0.000000  0.000000  0.000000  1.000000  1.000000  0.000000  0.000000  0.000000  1.000000  0.000000  0.000000  0.000000  1.000000  0.000000  0.000000  
173.111006 0.000584  0.090600  -0.003117  0.997064  0.076507  -0.003248  -0.076509  0.997069  -0.000359  0.003211  0.000606  0.999995  0.001015  -0.002544  -0.005599  -0.048477  0.049430  0.172933  2.000000  1.000000  0.000071  0.000110  -0.000071  1.000000  -0.000039  -0.000110  0.000039  1.000000  0.999986  0.005352  -0.000270  -0.005353  0.999984  -0.001560  0.000262  0.001561  0.999999  1.000000  0.000036  0.000056  -0.000036  1.000000  -0.000020  -0.000056  0.000020  1.000000  1.000000  0.000071  0.000110  -0.000071  1.000000  -0.000039  -0.000110  0.000039  1.000000  0.000046  0.005582  
173.112252 0.000587  0.090594  -0.003127  0.997016  0.077122  -0.003400  -0.077125  0.997021  -0.000589  0.003345  0.000849  0.999994  0.001261  -0.002876  -0.005993  -0.056107  0.049062  0.192158  2.000000  1.000000  0.000255  0.000408  -0.000255  1.000000  -0.000149  -0.000408  0.000149  1.000000  0.999983  0.005764  -0.000138  -0.005764  0.999982  -0.001801  0.000128  0.001802  0.999998  1.000000  0.000037  0.000062  -0.000037  1.000000  -0.000023  -0.000062  0.000023  1.000000  1.000000  0.000255  0.000408  -0.000255  1.000000  -0.000149  -0.000408  0.000149  1.000000  0.000050  0.006041  
173.113506 0.000590  0.090588  -0.003138  0.996984  0.077532  -0.003410  -0.077535  0.996989  -0.000708  0.003345  0.000970  0.999994  0.001500  -0.003183  -0.006394  -0.064621  0.040461  0.214435  2.000000  1.000000  0.000458  0.000734  -0.000458  1.000000  -0.000272  -0.000734  0.000272  1.000000  0.999980  0.006382  -0.000140  -0.006382  0.999978  -0.002041  0.000127  0.002042  0.999998  1.000000  0.000041  0.000068  -0.000041  1.000000  -0.000026  -0.000068  0.000026  1.000000  1.000000  0.000458  0.000734  -0.000458  1.000000  -0.000272  -0.000734  0.000272  1.000000  0.000057  0.006702  
173.114750 0.000593  0.090580  -0.003149  0.996936  0.078147  -0.003430  -0.078151  0.996941  -0.000948  0.003345  0.001213  0.999994  0.001703  -0.003541  -0.006799  -0.072713  0.036000  0.235228  2.000000  0.999999  0.000679  0.001099  -0.000679  1.000000  -0.000407  -0.001100  0.000406  0.999999  0.999974  0.007205  -0.000142  -0.007206  0.999971  -0.002281  0.000126  0.002281  0.999997  1.000000  0.000046  0.000077  -0.000046  1.000000  -0.000029  -0.000077  0.000029  1.000000  0.999999  0.000679  0.001099  -0.000679  1.000000  -0.000407  -0.001100  0.000406  0.999999  0.000062  0.007559  
173.116003 0.000597  0.090572  -0.003162  0.996887  0.078762  -0.003449  -0.078767  0.996892  -0.001188  0.003345  0.001456  0.999993  0.001924  -0.003929  -0.007320  -0.080807  0.031544  0.256031  2.000000  0.999998  0.000924  0.001490  -0.000924  0.999999  -0.000552  -0.001490  0.000550  0.999999  0.999973  0.007411  -0.000277  -0.007412  0.999970  -0.002280  0.000260  0.002282  0.999997  1.000000  0.000049  0.000079  -0.000049  1.000000  -0.000029  -0.000079  0.000029  1.000000  0.999998  0.000924  0.001490  -0.000924  0.999999  -0.000552  -0.001490  0.000550  0.999999  0.000066  0.007759  
173.117253 0.000601  0.090564  -0.003176  0.996839  0.079377  -0.003460  -0.079382  0.996843  -0.001306  0.003345  0.001577  0.999993  0.002108  -0.004319  -0.007869  -0.084781  0.027060  0.276711  2.000000  0.999998  0.001176  0.001891  -0.001175  0.999999  -0.000705  -0.001892  0.000703  0.999998  0.999971  0.007617  -0.000280  -0.007617  0.999968  -0.002522  0.000260  0.002524  0.999997  1.000000  0.000051  0.000081  -0.000051  1.000000  -0.000032  -0.000081  0.000032  1.000000  0.999998  0.001176  0.001891  -0.001175  0.999999  -0.000705  -0.001892  0.000703  0.999998  0.000071  0.008029  
173.118255 0.000603  0.090557  -0.003187  0.996822  0.079582  -0.003479  -0.079587  0.996827  -0.001547  0.003345  0.001819  0.999993  0.002207  -0.004627  -0.008293  -0.096980  0.022586  0.283658  2.000000  0.999997  0.001332  0.002140  -0.001330  0.999999  -0.000800  -0.002141  0.000797  0.999997  0.999969  0.007823  -0.000281  -0.007823  0.999966  -0.002521  0.000261  0.002523  0.999997  1.000000  0.000052  0.000083  -0.000052  1.000000  -0.000032  -0.000083  0.000032  1.000000  0.999997  0.001332  0.002140  -0.001330  0.999999  -0.000800  -0.002141  0.000797  0.999997  0.000074  0.008224  
173.119258 0.000606  0.090551  -0.003199  0.996789  0.079991  -0.003623  -0.079998  0.996794  -0.001656  0.003479  0.001941  0.999992  0.002342  -0.004881  -0.008748  -0.100187  0.022433  0.295172  2.000000  0.999996  0.001547  0.002476  -0.001545  0.999998  -0.000933  -0.002478  0.000929  0.999996  0.999968  0.008028  -0.000416  -0.008029  0.999964  -0.002641  0.000395  0.002644  0.999996  1.000000  0.000055  0.000084  -0.000055  1.000000  -0.000033  -0.000084  0.000033  1.000000  0.999996  0.001547  0.002476  -0.001545  0.999998  -0.000933  -0.002478  0.000929  0.999996  0.000077  0.008462  
173.120507 0.000610  0.090543  -0.003215  0.996756  0.080401  -0.003633  -0.080408  0.996760  -0.001776  0.003479  0.002062  0.999992  0.002445  -0.005175  -0.009197  -0.104947  0.013638  0.311277  2.000000  0.999994  0.001833  0.002909  -0.001830  0.999998  -0.001106  -0.002911  0.001101  0.999995  0.999966  0.008234  -0.000552  -0.008235  0.999962  -0.002761  0.000529  0.002766  0.999996  1.000000  0.000057  0.000086  -0.000057  1.000000  -0.000035  -0.000086  0.000035  1.000000  0.999994  0.001833  0.002909  -0.001830  0.999998  -0.001106  -0.002911  0.001101  0.999995  0.000080  0.008703  
173.121756 0.000613  0.090535  -0.003231  0.996722  0.080811  -0.003787  -0.080819  0.996727  -0.002005  0.003613  0.002305  0.999991  0.002502  -0.005517  -0.009730  -0.113031  0.018180  0.325107  2.000000  0.999992  0.002126  0.003354  -0.002122  0.999997  -0.001283  -0.003357  0.001275  0.999994  0.999962  0.008645  -0.000554  -0.008647  0.999959  -0.002759  0.000530  0.002763  0.999996  1.000000  0.000060  0.000090  -0.000060  1.000000  -0.000035  -0.000090  0.000035  1.000000  0.999992  0.002126  0.003354  -0.002122  0.999997  -0.001283  -0.003357  0.001275  0.999994  0.000086  0.009092  
173.122757 0.000615  0.090528  -0.003244  0.996689  0.081221  -0.003798  -0.081229  0.996693  -0.002124  0.003613  0.002426  0.999991  0.002512  -0.005815  -0.010233  -0.117029  0.013712  0.338919  2.000000  0.999990  0.002364  0.003710  -0.002358  0.999996  -0.001429  -0.003714  0.001420  0.999992  0.999962  0.008645  -0.000556  -0.008647  0.999958  -0.003001  0.000530  0.003006  0.999995  1.000000  0.000060  0.000090  -0.000060  1.000000  -0.000038  -0.000090  0.000038  1.000000  0.999990  0.002364  0.003710  -0.002358  0.999996  -0.001429  -0.003714  0.001420  0.999992  0.000090  0.009169  
173.123759 0.000616  0.090521  -0.003257  0.996672  0.081425  -0.003818  -0.081434  0.996676  -0.002365  0.003613  0.002669  0.999990  0.002462  -0.006051  -0.010624  -0.125187  0.013770  0.352907  2.000000  0.999988  0.002599  0.004062  -0.002592  0.999995  -0.001580  -0.004066  0.001569  0.999991  0.999964  0.008439  -0.000557  -0.008441  0.999960  -0.003002  0.000531  0.003006  0.999995  1.000000  0.000059  0.000088  -0.000059  1.000000  -0.000038  -0.000088  0.000038  1.000000  0.999988  0.002599  0.004062  -0.002592  0.999995  -0.001580  -0.004066  0.001569  0.999991  0.000093  0.008975  
173.125006 0.000618  0.090512  -0.003273  0.996639  0.081834  -0.003839  -0.081845  0.996642  -0.002606  0.003613  0.002911  0.999989  0.002377  -0.006211  -0.011007  -0.129255  0.018337  0.359793  2.000000  0.999986  0.002888  0.004492  -0.002880  0.999994  -0.001777  -0.004497  0.001764  0.999988  0.999966  0.008233  -0.000558  -0.008235  0.999961  -0.003124  0.000532  0.003128  0.999995  1.000000  0.000057  0.000086  -0.000057  1.000000  -0.000039  -0.000086  0.000039  1.000000  0.999986  0.002888  0.004492  -0.002880  0.999994  -0.001777  -0.004497  0.001764  0.999988  0.000097  0.008824  
173.126259 0.000619  0.090505  -0.003289  0.996622  0.082038  -0.003859  -0.082050  0.996624  -0.002847  0.003613  0.003154  0.999989  0.002297  -0.006300  -0.011366  -0.137410  0.018370  0.352814  2.000000  0.999983  0.003117  0.004832  -0.003107  0.999993  -0.001943  -0.004838  0.001928  0.999986  0.999968  0.008027  -0.000560  -0.008029  0.999962  -0.003367  0.000533  0.003372  0.999994  1.000000  0.000056  0.000083  -0.000056  1.000000  -0.000042  -0.000083  0.000042  1.000000  0.999983  0.003117  0.004832  -0.003107  0.999993  -0.001943  -0.004838  0.001928  0.999986  0.000096  0.008724  
173.127505 0.000620  0.090497  -0.003305  0.996588  0.082448  -0.003880  -0.082460  0.996590  -0.003087  0.003613  0.003396  0.999988  0.002179  -0.006371  -0.011686  -0.141481  0.018446  0.359776  2.000000  0.999981  0.003393  0.005240  -0.003382  0.999992  -0.002156  -0.005247  0.002139  0.999984  0.999969  0.007821  -0.000562  -0.007823  0.999963  -0.003489  0.000534  0.003494  0.999994  1.000000  0.000055  0.000081  -0.000055  1.000000  -0.000044  -0.000081  0.000044  1.000000  0.999981  0.003393  0.005240  -0.003382  0.999992  -0.002156  -0.005247  0.002139  0.999984  0.000097  0.008584  
173.128755 0.000620  0.090489  -0.003321  0.996554  0.082857  -0.003912  -0.082870  0.996554  -0.003448  0.003613  0.003760  0.999986  0.001986  -0.006413  -0.012055  -0.153691  0.023028  0.373607  2.000000  0.999977  0.003665  0.005639  -0.003651  0.999991  -0.002375  -0.005648  0.002354  0.999981  0.999971  0.007615  -0.000563  -0.007617  0.999965  -0.003490  0.000536  0.003494  0.999994  1.000000  0.000054  0.000079  -0.000054  1.000000  -0.000044  -0.000079  0.000044  1.000000  0.999977  0.003665  0.005639  -0.003651  0.999991  -0.002375  -0.005648  0.002354  0.999981  0.000099  0.008397  
173.130005 0.000619  0.090482  -0.003337  0.996537  0.083061  -0.003943  -0.083076  0.996536  -0.003810  0.003613  0.004124  0.999985  0.001689  -0.006442  -0.012413  -0.161818  0.018622  0.373606  2.000000  0.999974  0.003925  0.006021  -0.003909  0.999989  -0.002603  -0.006031  0.002580  0.999978  0.999974  0.007204  -0.000430  -0.007205  0.999968  -0.003613  0.000404  0.003616  0.999993  1.000000  0.000050  0.000075  -0.000050  1.000000  -0.000045  -0.000075  0.000045  1.000000  0.999974  0.003925  0.006021  -0.003909  0.999989  -0.002603  -0.006031  0.002580  0.999978  0.000102  0.008071  
173.131252 0.000618  0.090474  -0.003355  0.996519  0.083264  -0.004097  -0.083281  0.996518  -0.004040  0.003746  0.004367  0.999983  0.001407  -0.006386  -0.012663  -0.164535  0.022984  0.363672  2.000000  0.999971  0.004167  0.006385  -0.004149  0.999987  -0.002840  -0.006397  0.002813  0.999976  0.999977  0.006792  -0.000431  -0.006793  0.999969  -0.003857  0.000405  0.003860  0.999992  1.000000  0.000047  0.000071  -0.000047  1.000000  -0.000048  -0.000071  0.000048  1.000000  0.999971  0.004167  0.006385  -0.004149  0.999987  -0.002840  -0.006397  0.002813  0.999976  0.000101  0.007823  
173.132252 0.000617  0.090469  -0.003368  0.996502  0.083468  -0.004128  -0.083486  0.996499  -0.004401  0.003746  0.004731  0.999982  0.001108  -0.006356  -0.012825  -0.176688  0.023036  0.356806  2.000000  0.999968  0.004359  0.006658  -0.004338  0.999986  -0.003033  -0.006671  0.003004  0.999973  0.999978  0.006585  -0.000565  -0.006587  0.999971  -0.003857  0.000540  0.003860  0.999992  1.000000  0.000047  0.000068  -0.000047  1.000000  -0.000048  -0.000068  0.000048  1.000000  0.999968  0.004359  0.006658  -0.004338  0.999986  -0.003033  -0.006671  0.003004  0.999973  0.000101  0.007653  
173.133253 0.000616  0.090463  -0.003382  0.996502  0.083467  -0.004148  -0.083486  0.996498  -0.004643  0.003746  0.004973  0.999981  0.000846  -0.006283  -0.013013  -0.180835  0.023077  0.343184  2.000000  0.999966  0.004496  0.006858  -0.004474  0.999985  -0.003183  -0.006872  0.003152  0.999971  0.999980  0.006380  -0.000432  -0.006382  0.999972  -0.003979  0.000407  0.003981  0.999992  1.000000  0.000044  0.000066  -0.000044  1.000000  -0.000050  -0.000066  0.000050  1.000000  0.999966  0.004496  0.006858  -0.004474  0.999985  -0.003183  -0.006872  0.003152  0.999971  0.000098  0.007532  
173.134253 0.000614  0.090458  -0.003395  0.996485  0.083671  -0.004170  -0.083691  0.996480  -0.004884  0.003746  0.005216  0.999979  0.000551  -0.006221  -0.013095  -0.186384  0.023308  0.339008  2.000000  0.999964  0.004671  0.007116  -0.004647  0.999983  -0.003389  -0.007132  0.003356  0.999969  0.999981  0.006174  -0.000434  -0.006176  0.999972  -0.004222  0.000407  0.004225  0.999991  1.000000  0.000043  0.000064  -0.000043  1.000000  -0.000053  -0.000064  0.000053  1.000000  0.999964  0.004671  0.007116  -0.004647  0.999983  -0.003389  -0.007132  0.003356  0.999969  0.000098  0.007493  
173.135502 0.000612  0.090452  -0.003412  0.996467  0.083875  -0.004201  -0.083896  0.996461  -0.005246  0.003746  0.005580  0.999977  0.000166  -0.006106  -0.013130  -0.192997  0.023184  0.329413  2.000000  0.999961  0.004881  0.007423  -0.004854  0.999982  -0.003653  -0.007441  0.003617  0.999966  0.999983  0.005762  -0.000433  -0.005764  0.999974  -0.004224  0.000408  0.004226  0.999991  1.000000  0.000041  0.000060  -0.000041  1.000000  -0.000053  -0.000060  0.000053  1.000000  0.999961  0.004881  0.007423  -0.004854  0.999982  -0.003653  -0.007441  0.003617  0.999966  0.000096  0.007158  
173.136503 0.000610  0.090446  -0.003425  0.996450  0.084079  -0.004223  -0.084101  0.996442  -0.005487  0.003746  0.005822  0.999976  -0.000204  -0.006013  -0.013121  -0.197021  0.023219  0.322473  2.000000  0.999958  0.005041  0.007654  -0.005011  0.999980  -0.003870  -0.007673  0.003831  0.999963  0.999984  0.005556  -0.000433  -0.005558  0.999975  -0.004346  0.000409  0.004348  0.999990  1.000000  0.000039  0.000058  -0.000039  1.000000  -0.000054  -0.000058  0.000054  1.000000  0.999958  0.005041  0.007654  -0.005011  0.999980  -0.003870  -0.007673  0.003831  0.999963  0.000094  0.007068  
173.137752 0.000607  0.090439  -0.003441  0.996433  0.084282  -0.004254  -0.084306  0.996423  -0.005848  0.003746  0.006186  0.999974  -0.000547  -0.005938  -0.013137  -0.201125  0.023276  0.308762  2.000000  0.999955  0.005229  0.007922  -0.005196  0.999978  -0.004148  -0.007944  0.004106  0.999960  0.999987  0.005144  -0.000433  -0.005146  0.999977  -0.004469  0.000410  0.004471  0.999990  1.000000  0.000037  0.000053  -0.000037  1.000000  -0.000056  -0.000053  0.000056  1.000000  0.999955  0.005229  0.007922  -0.005196  0.999978  -0.004148  -0.007944  0.004106  0.999960  0.000094  0.006829  
173.138760 0.000603  0.090433  -0.003455  0.996433  0.084282  -0.004142  -0.084306  0.996421  -0.006101  0.003613  0.006429  0.999973  -0.000953  -0.005847  -0.013184  -0.206979  0.018960  0.290599  2.000000  0.999955  0.005229  0.007922  -0.005196  0.999978  -0.004148  -0.007944  0.004106  0.999960  0.999989  0.004733  -0.000297  -0.004734  0.999979  -0.004471  0.000276  0.004472  0.999990  1.000000  0.000000  0.000000  0.000000  1.000000  0.000000  0.000000  0.000000  1.000000  0.999955  0.005229  0.007922  -0.005196  0.999978  -0.004148  -0.007944  0.004106  0.999960  0.000091  0.000000  
173.140002 0.000598  0.090425  -0.003472  0.996416  0.084486  -0.004174  -0.084512  0.996402  -0.006463  0.003613  0.006793  0.999970  -0.001294  -0.005829  -0.013246  -0.213354  0.014388  0.281338  2.000000  0.999955  0.005229  0.007922  -0.005196  0.999978  -0.004148  -0.007944  0.004106  0.999960  0.999990  0.004528  -0.000164  -0.004529  0.999979  -0.004714  0.000143  0.004715  0.999989  1.000000  0.000000  0.000000  0.000000  1.000000  0.000000  0.000000  0.000000  1.000000  0.999955  0.005229  0.007922  -0.005196  0.999978  -0.004148  -0.007944  0.004106  0.999960  0.000089  0.000000  
173.141006 0.000594  0.090419  -0.003486  0.996416  0.084485  -0.004194  -0.084512  0.996400  -0.006705  0.003613  0.007035  0.999969  -0.001679  -0.005810  -0.013303  -0.213379  0.014402  0.267580  2.000000  0.999955  0.005229  0.007922  -0.005196  0.999978  -0.004148  -0.007944  0.004106  0.999960  0.999992  0.004116  -0.000162  -0.004117  0.999980  -0.004837  0.000142  0.004838  0.999988  1.000000  0.000000  0.000000  0.000000  1.000000  0.000000  0.000000  0.000000  1.000000  0.999955  0.005229  0.007922  -0.005196  0.999978  -0.004148  -0.007944  0.004106  0.999960  0.000086  0.000000  
173.142275 0.000589  0.090411  -0.003502  0.996399  0.084688  -0.004226  -0.084717  0.996380  -0.007066  0.003613  0.007399  0.999966  -0.002131  -0.005852  -0.013333  -0.219138  0.010044  0.255838  2.000000  0.999954  0.005254  0.007964  -0.005221  0.999978  -0.004211  -0.007986  0.004170  0.999959  0.999992  0.003911  -0.000028  -0.003912  0.999980  -0.004959  0.000009  0.004959  0.999988  1.000000  0.000000  0.000000  0.000000  1.000000  0.000000  0.000000  0.000000  1.000000  0.999954  0.005254  0.007964  -0.005221  0.999978  -0.004211  -0.007986  0.004170  0.999959  0.000085  0.000000  
173.143505 0.000583  0.090403  -0.003519  0.996399  0.084688  -0.004114  -0.084717  0.996378  -0.007319  0.003479  0.007642  0.999965  -0.002502  -0.005865  -0.013427  -0.221566  0.005494  0.240169  2.000000  0.999953  0.005346  0.008119  -0.005309  0.999976  -0.004469  -0.008143  0.004426  0.999957  0.999994  0.003501  0.000107  -0.003500  0.999980  -0.005204  -0.000125  0.005203  0.999986  1.000000  0.000021  0.000039  -0.000021  1.000000  -0.000065  -0.000039  0.000065  1.000000  0.999953  0.005346  0.008119  -0.005309  0.999976  -0.004469  -0.008143  0.004426  0.999957  0.000082  0.006272  
173.144756 0.000577  0.090395  -0.003536  0.996399  0.084687  -0.004144  -0.084717  0.996375  -0.007682  0.003479  0.008005  0.999962  -0.002846  -0.005864  -0.013441  -0.227570  0.005486  0.214478  2.000000  0.999951  0.005445  0.008300  -0.005405  0.999974  -0.004795  -0.008325  0.004750  0.999954  0.999995  0.003089  0.000109  -0.003088  0.999981  -0.005326  -0.000126  0.005326  0.999986  1.000000  0.000018  0.000034  -0.000018  1.000000  -0.000067  -0.000034  0.000067  1.000000  0.999951  0.005445  0.008300  -0.005405  0.999974  -0.004795  -0.008325  0.004750  0.999954  0.000079  0.006158  
173.146005 0.000572  0.090388  -0.003552  0.996399  0.084685  -0.004175  -0.084717  0.996373  -0.008045  0.003479  0.008369  0.999959  -0.003178  -0.005851  -0.013357  -0.231705  0.005483  0.200646  2.000000  0.999949  0.005533  0.008460  -0.005489  0.999972  -0.005126  -0.008488  0.005079  0.999951  0.999996  0.002677  0.000112  -0.002677  0.999983  -0.005206  -0.000126  0.005206  0.999986  1.000000  0.000015  0.000030  -0.000015  1.000000  -0.000065  -0.000030  0.000065  1.000000  0.999949  0.005533  0.008460  -0.005489  0.999972  -0.005126  -0.008488  0.005079  0.999951  0.000076  0.005855  
173.147257 0.000565  0.090381  -0.003567  0.996382  0.084890  -0.004064  -0.084922  0.996353  -0.008297  0.003345  0.008612  0.999957  -0.003557  -0.005868  -0.013253  -0.233734  0.000971  0.188417  2.000000  0.999947  0.005609  0.008606  -0.005562  0.999970  -0.005457  -0.008636  0.005409  0.999948  0.999996  0.002679  0.000245  -0.002677  0.999982  -0.005328  -0.000259  0.005327  0.999986  1.000000  0.000014  0.000031  -0.000014  1.000000  -0.000067  -0.000031  0.000067  1.000000  0.999947  0.005609  0.008606  -0.005562  0.999970  -0.005457  -0.008636  0.005409  0.999948  0.000076  0.005968  
173.148504 0.000559  0.090374  -0.003582  0.996382  0.084889  -0.004095  -0.084922  0.996350  -0.008659  0.003345  0.008976  0.999954  -0.003819  -0.005862  -0.013080  -0.239948  -0.003563  0.173010  2.000000  0.999946  0.005675  0.008746  -0.005625  0.999967  -0.005791  -0.008778  0.005741  0.999945  0.999997  0.002267  0.000248  -0.002265  0.999983  -0.005329  -0.000260  0.005329  0.999986  1.000000  0.000011  0.000026  -0.000011  1.000000  -0.000067  -0.000026  0.000067  1.000000  0.999946  0.005675  0.008746  -0.005625  0.999967  -0.005791  -0.008778  0.005741  0.999945  0.000074  0.005797  
173.149753 0.000553  0.090368  -0.003595  0.996382  0.084888  -0.004116  -0.084922  0.996348  -0.008901  0.003345  0.009218  0.999952  -0.004097  -0.005860  -0.012865  -0.240038  -0.003600  0.159200  2.000000  0.999945  0.005721  0.008844  -0.005667  0.999966  -0.006061  -0.008879  0.006010  0.999943  0.999998  0.002061  0.000249  -0.002060  0.999983  -0.005451  -0.000260  0.005451  0.999985  1.000000  0.000010  0.000024  -0.000010  1.000000  -0.000068  -0.000024  0.000068  1.000000  0.999945  0.005721  0.008844  -0.005667  0.999966  -0.006061  -0.008879  0.006010  0.999943  0.000073  0.005833  
173.151002 0.000546  0.090361  -0.003609  0.996400  0.084683  -0.004011  -0.084717  0.996362  -0.009276  0.003211  0.009582  0.999949  -0.004351  -0.005861  -0.012717  -0.246198  -0.008113  0.137308  2.000000  0.999943  0.005761  0.008949  -0.005704  0.999963  -0.006395  -0.008985  0.006343  0.999940  0.999999  0.001651  0.000386  -0.001649  0.999984  -0.005332  -0.000395  0.005331  0.999986  1.000000  0.000006  0.000020  -0.000006  1.000000  -0.000067  -0.000020  0.000067  1.000000  0.999943  0.005761  0.008949  -0.005704  0.999963  -0.006395  -0.008985  0.006343  0.999940  0.000070  0.005594  
173.152252 0.000539  0.090354  -0.003623  0.996400  0.084681  -0.004042  -0.084717  0.996358  -0.009638  0.003211  0.009946  0.999945  -0.004598  -0.005866  -0.012570  -0.254355  -0.012626  0.123627  2.000000  0.999942  0.005786  0.009041  -0.005725  0.999961  -0.006730  -0.009080  0.006678  0.999936  0.999999  0.001446  0.000521  -0.001443  0.999985  -0.005332  -0.000529  0.005332  0.999986  1.000000  0.000003  0.000019  -0.000003  1.000000  -0.000067  -0.000019  0.000067  1.000000  0.999942  0.005786  0.009041  -0.005725  0.999961  -0.006730  -0.009080  0.006678  0.999936  0.000070  0.005549  
173.153259 0.000533  0.090347  -0.003634  0.996400  0.084681  -0.004052  -0.084717  0.996357  -0.009759  0.003211  0.010067  0.999944  -0.004795  -0.005872  -0.012424  -0.252344  -0.012790  0.110774  2.000000  0.999942  0.005798  0.009109  -0.005734  0.999959  -0.006995  -0.009149  0.006943  0.999934  0.999999  0.001241  0.000523  -0.001238  0.999986  -0.005212  -0.000529  0.005211  0.999986  1.000000  0.000002  0.000017  -0.000002  1.000000  -0.000065  -0.000017  0.000065  1.000000  0.999942  0.005798  0.009109  -0.005734  0.999959  -0.006995  -0.009149  0.006943  0.999934  0.000069  0.005383  
173.154260 0.000527  0.090342  -0.003646  0.996400  0.084681  -0.003940  -0.084717  0.996355  -0.010012  0.003077  0.010310  0.999942  -0.004927  -0.005846  -0.012208  -0.252449  -0.017310  0.103920  2.000000  0.999941  0.005802  0.009172  -0.005735  0.999957  -0.007256  -0.009214  0.007203  0.999932  0.999999  0.001036  0.000658  -0.001033  0.999986  -0.005213  -0.000664  0.005212  0.999986  1.000000  -0.000001  0.000015  0.000001  1.000000  -0.000065  -0.000015  0.000065  1.000000  0.999941  0.005802  0.009172  -0.005735  0.999957  -0.007256  -0.009214  0.007203  0.999932  0.000069  0.005355  
173.155505 0.000520  0.090334  -0.003659  0.996400  0.084680  -0.003970  -0.084717  0.996351  -0.010375  0.003077  0.010674  0.999938  -0.005126  -0.005871  -0.012040  -0.254759  -0.017251  0.089448  2.000000  0.999941  0.005797  0.009240  -0.005727  0.999955  -0.007578  -0.009284  0.007525  0.999929  0.999999  0.000830  0.000660  -0.000827  0.999987  -0.005092  -0.000664  0.005091  0.999987  1.000000  -0.000002  0.000013  0.000002  1.000000  -0.000064  -0.000013  0.000064  1.000000  0.999941  0.005797  0.009240  -0.005727  0.999955  -0.007578  -0.009284  0.007525  0.999929  0.000067  0.005201  
173.156756 0.000512  0.090326  -0.003673  0.996401  0.084680  -0.003858  -0.084717  0.996348  -0.010628  0.002944  0.010916  0.999936  -0.005262  -0.005865  -0.011801  -0.256587  -0.021897  0.083196  2.000000  0.999940  0.005782  0.009300  -0.005709  0.999952  -0.007901  -0.009345  0.007848  0.999926  0.999999  0.000626  0.000796  -0.000622  0.999986  -0.005214  -0.000799  0.005213  0.999986  1.000000  -0.000005  0.000012  0.000005  1.000000  -0.000065  -0.000012  0.000065  1.000000  0.999940  0.005782  0.009300  -0.005709  0.999952  -0.007901  -0.009345  0.007848  0.999926  0.000067  0.005311  
173.158007 0.000504  0.090318  -0.003686  0.996401  0.084679  -0.003878  -0.084717  0.996346  -0.010870  0.002944  0.011159  0.999933  -0.005415  -0.005890  -0.011617  -0.252556  -0.021974  0.069363  2.000000  0.999940  0.005766  0.009345  -0.005689  0.999951  -0.008158  -0.009392  0.008104  0.999923  0.999999  0.000627  0.000796  -0.000622  0.999987  -0.005093  -0.000799  0.005092  0.999987  1.000000  -0.000005  0.000012  0.000005  1.000000  -0.000064  -0.000012  0.000064  1.000000  0.999940  0.005766  0.009345  -0.005689  0.999951  -0.008158  -0.009392  0.008104  0.999923  0.000067  0.005192  
173.159252 0.000497  0.090310  -0.003699  0.996401  0.084678  -0.003899  -0.084717  0.996343  -0.011111  0.002944  0.011402  0.999931  -0.005544  -0.005907  -0.011369  -0.248532  -0.022009  0.062458  2.000000  0.999939  0.005747  0.009380  -0.005668  0.999949  -0.008412  -0.009428  0.008359  0.999921  1.000000  0.000419  0.000664  -0.000416  0.999987  -0.005093  -0.000666  0.005093  0.999987  1.000000  -0.000005  0.000009  0.000005  1.000000  -0.000064  -0.000009  0.000064  1.000000  0.999939  0.005747  0.009380  -0.005668  0.999949  -0.008412  -0.009428  0.008359  0.999921  0.000066  0.005153  
173.160255 0.000491  0.090304  -0.003710  0.996401  0.084677  -0.003919  -0.084717  0.996340  -0.011353  0.002944  0.011644  0.999928  -0.005621  -0.005913  -0.011168  -0.250565  -0.021872  0.055087  2.000000  0.999939  0.005747  0.009380  -0.005668  0.999949  -0.008412  -0.009428  0.008359  0.999921  1.000000  0.000419  0.000664  -0.000416  0.999988  -0.004851  -0.000666  0.004850  0.999988  1.000000  0.000000  0.000000  0.000000  1.000000  0.000000  0.000000  0.000000  1.000000  0.999939  0.005747  0.009380  -0.005668  0.999949  -0.008412  -0.009428  0.008359  0.999921  0.000064  0.000000  
173.161506 0.000483  0.090295  -0.003723  0.996401  0.084677  -0.003930  -0.084717  0.996339  -0.011474  0.002944  0.011765  0.999926  -0.005748  -0.005986  -0.010990  -0.240431  -0.026591  0.048667  2.000000  0.999939  0.005747  0.009380  -0.005668  0.999949  -0.008412  -0.009428  0.008359  0.999921  1.000000  0.000214  0.000667  -0.000210  0.999988  -0.004851  -0.000668  0.004851  0.999988  1.000000  0.000000  0.000000  0.000000  1.000000  0.000000  0.000000  0.000000  1.000000  0.999939  0.005747  0.009380  -0.005668  0.999949  -0.008412  -0.009428  0.008359  0.999921  0.000063  0.000000  
173.162757 0.000475  0.090287  -0.003736  0.996401  0.084676  -0.003950  -0.084717  0.996336  -0.011716  0.002944  0.012008  0.999924  -0.005854  -0.006084  -0.010830  -0.238533  -0.026425  0.041419  2.000000  0.999939  0.005747  0.009380  -0.005668  0.999949  -0.008412  -0.009428  0.008359  0.999921  1.000000  0.000008  0.000669  -0.000005  0.999989  -0.004731  -0.000669  0.004731  0.999989  1.000000  0.000000  0.000000  0.000000  1.000000  0.000000  0.000000  0.000000  1.000000  0.999939  0.005747  0.009380  -0.005668  0.999949  -0.008412  -0.009428  0.008359  0.999921  0.000061  0.000000  
173.164002 0.000467  0.090278  -0.003749  0.996401  0.084675  -0.003971  -0.084717  0.996333  -0.011957  0.002944  0.012251  0.999921  -0.005951  -0.006188  -0.010810  -0.236370  -0.026682  0.034835  2.000000  0.999939  0.005747  0.009380  -0.005668  0.999949  -0.008412  -0.009428  0.008359  0.999921  1.000000  0.000006  0.000535  -0.000004  0.999990  -0.004488  -0.000535  0.004488  0.999990  1.000000  0.000000  0.000000  0.000000  1.000000  0.000000  0.000000  0.000000  1.000000  0.999939  0.005747  0.009380  -0.005668  0.999949  -0.008412  -0.009428  0.008359  0.999921  0.000060  0.000000  
173.165254 0.000458  0.090269  -0.003762  0.996401  0.084674  -0.003981  -0.084717  0.996332  -0.012078  0.002944  0.012372  0.999919  -0.006134  -0.006384  -0.010773  -0.228211  -0.026733  0.027919  2.000000  0.999939  0.005747  0.009380  -0.005668  0.999949  -0.008412  -0.009428  0.008359  0.999921  1.000000  0.000007  0.000535  -0.000004  0.999990  -0.004367  -0.000535  0.004367  0.999990  1.000000  0.000000  0.000000  0.000000  1.000000  0.000000  0.000000  0.000000  1.000000  0.999939  0.005747  0.009380  -0.005668  0.999949  -0.008412  -0.009428  0.008359  0.999921  0.000058  0.000000  
173.166257 0.000451  0.090262  -0.003773  0.996401  0.084674  -0.003991  -0.084717  0.996330  -0.012199  0.002944  0.012493  0.999918  -0.006208  -0.006472  -0.010725  -0.226377  -0.026574  0.020832  2.000000  0.999939  0.005747  0.009380  -0.005668  0.999949  -0.008412  -0.009428  0.008359  0.999921  1.000000  0.000007  0.000535  -0.000004  0.999991  -0.004245  -0.000535  0.004245  0.999991  1.000000  0.000000  0.000000  0.000000  1.000000  0.000000  0.000000  0.000000  1.000000  0.999939  0.005747  0.009380  -0.005668  0.999949  -0.008412  -0.009428  0.008359  0.999921  0.000058  0.000000  
173.167502 0.000443  0.090254  -0.003786  0.996401  0.084673  -0.004012  -0.084717  0.996327  -0.012441  0.002944  0.012736  0.999915  -0.006281  -0.006539  -0.010653  -0.222339  -0.026630  0.013976  2.000000  0.999939  0.005747  0.009380  -0.005668  0.999949  -0.008412  -0.009428  0.008359  0.999921  1.000000  0.000005  0.000401  -0.000003  0.999991  -0.004245  -0.000401  0.004245  0.999991  1.000000  0.000000  0.000000  0.000000  1.000000  0.000000  0.000000  0.000000  1.000000  0.999939  0.005747  0.009380  -0.005668  0.999949  -0.008412  -0.009428  0.008359  0.999921  0.000056  0.000000  
173.168752 0.000435  0.090246  -0.003798  0.996401  0.084673  -0.004022  -0.084717  0.996326  -0.012562  0.002944  0.012857  0.999913  -0.006358  -0.006572  -0.010535  -0.214309  -0.022173  0.013943  2.000000  0.999939  0.005747  0.009380  -0.005668  0.999949  -0.008412  -0.009428  0.008359  0.999921  1.000000  -0.000201  0.000404  0.000202  0.999992  -0.004003  -0.000403  0.004003  0.999992  1.000000  0.000000  0.000000  0.000000  1.000000  0.000000  0.000000  0.000000  1.000000  0.999939  0.005747  0.009380  -0.005668  0.999949  -0.008412  -0.009428  0.008359  0.999921  0.000055  0.000000  
173.169752 0.000428  0.090240  -0.003807  0.996401  0.084672  -0.004043  -0.084717  0.996323  -0.012803  0.002944  0.013100  0.999910  -0.006409  -0.006555  -0.010404  -0.214292  -0.022233  0.007083  2.000000  0.999939  0.005747  0.009380  -0.005668  0.999949  -0.008412  -0.009428  0.008359  0.999921  1.000000  -0.000201  0.000404  0.000202  0.999992  -0.003882  -0.000403  0.003882  0.999992  1.000000  0.000000  0.000000  0.000000  1.000000  0.000000  0.000000  0.000000  1.000000  0.999939  0.005747  0.009380  -0.005668  0.999949  -0.008412  -0.009428  0.008359  0.999921  0.000053  0.000000  
