1-Time 2-Px 3-Py 4-Pz 5-R11 6-R21 7-R31 8-R12 9-R22 10-R32 11-R13 12-R23 13-R33 14-Vx 15-Vy 16-Vz 17-Wx 18-Wy 19-Wz 20-state 21-PR11 22-PR21 23-PR31 24-PR12 25-PR22 26-PR32 27-PR13 28-PR23 29-PR33 
334.392811 0.014603  0.091472  -0.016639  0.985294  0.164839  0.044990  -0.065004  0.118107  0.990871  0.158020  -0.979224  0.127085  0.000611  0.000181  -0.001216  0.000000  0.000000  0.000000  2.000000  1.000000  0.000000  0.000000  0.000000  -0.000000  1.000000  0.000000  -1.000000  -0.000000  1.000000  0.000000  -0.000000  -0.000000  1.000000  0.000000  -0.000000  0.000000  1.000000  1.000000  0.000000  0.000000  0.000000  1.000000  0.000000  0.000000  0.000000  1.000000  0.855356  0.508212  -0.100434  0.237573  -0.212539  0.947833  0.460353  -0.834595  -0.302533  0.000000  0.000000  
334.393875 0.014604  0.091472  -0.016640  0.985294  0.164839  0.044990  -0.065004  0.118107  0.990871  0.158020  -0.979224  0.127085  0.000617  0.000158  -0.001180  0.000000  0.000000  0.000000  2.000000  1.000000  0.000000  0.000000  0.000000  -0.000000  1.000000  0.000000  -1.000000  -0.000000  1.000000  0.000000  -0.000000  -0.000000  1.000000  0.000000  -0.000000  0.000000  1.000000  1.000000  0.000000  0.000000  0.000000  1.000000  0.000000  0.000000  0.000000  1.000000  1.000000  0.000000  0.000000  0.000000  -0.000000  1.000000  0.000000  -1.000000  -0.000000  0.000000  0.000000  
334.395066 0.014608  0.091471  -0.016641  0.985282  0.164680  0.045820  -0.065818  0.118109  0.990817  0.157756  -0.979250  0.127209  0.000851  0.000091  -0.001157  0.000000  0.000000  0.000000  2.000000  1.000000  0.000000  0.000000  0.000000  -0.000000  1.000000  0.000000  -1.000000  -0.000000  1.000000  -0.000054  0.000622  0.000054  1.000000  -0.000024  -0.000622  0.000024  1.000000  1.000000  0.000000  0.000000  0.000000  1.000000  0.000000  0.000000  0.000000  1.000000  1.000000  0.000000  0.000000  0.000000  -0.000000  1.000000  0.000000  -1.000000  -0.000000  0.000000  0.000000  
334.396068 0.014611  0.091470  -0.016642  0.985242  0.164564  0.047078  -0.067038  0.117923  0.990757  0.157492  -0.979292  0.127215  0.001037  -0.000002  -0.001111  0.000000  0.000000  0.000000  2.000000  1.000000  0.000000  0.000000  0.000000  -0.000000  1.000000  0.000000  -1.000000  -0.000000  0.999999  -0.000189  0.001664  0.000189  1.000000  0.000139  -0.001664  -0.000138  0.999999  1.000000  0.000000  0.000000  0.000000  1.000000  0.000000  0.000000  0.000000  1.000000  1.000000  0.000000  0.000000  0.000000  -0.000000  1.000000  0.000000  -1.000000  -0.000000  0.000000  0.000000  
334.397070 0.014615  0.091469  -0.016642  0.985236  0.164299  0.048129  -0.068057  0.117901  0.990691  0.157095  -0.979339  0.127342  0.001256  -0.000066  -0.001042  0.000000  0.000000  0.000000  2.000000  1.000000  0.000000  0.000000  0.000000  -0.000000  1.000000  0.000000  -1.000000  -0.000000  0.999996  -0.000430  0.002926  0.000429  1.000000  0.000212  -0.002926  -0.000211  0.999996  1.000000  0.000000  0.000000  0.000000  1.000000  0.000000  0.000000  0.000000  1.000000  1.000000  0.000000  0.000000  0.000000  -0.000000  1.000000  0.000000  -1.000000  -0.000000  0.000000  0.000000  
334.398316 0.014621  0.091468  -0.016642  0.985228  0.164040  0.049160  -0.069075  0.117999  0.990608  0.156699  -0.979371  0.127587  0.001595  -0.000191  -0.000929  0.000000  0.000000  0.000000  2.000000  1.000000  0.000000  0.000000  0.000000  -0.000000  1.000000  0.000000  -1.000000  -0.000000  0.999991  -0.000803  0.004205  0.000802  1.000000  0.000286  -0.004205  -0.000282  0.999991  1.000000  0.000000  0.000000  0.000000  1.000000  0.000000  0.000000  0.000000  1.000000  1.000000  0.000000  0.000000  0.000000  -0.000000  1.000000  0.000000  -1.000000  -0.000000  0.000000  0.000000  
334.399319 0.014627  0.091467  -0.016642  0.985227  0.163858  0.049786  -0.069686  0.118037  0.990561  0.156434  -0.979397  0.127712  0.001900  -0.000260  -0.000865  0.000000  0.000000  0.000000  2.000000  1.000000  0.000000  0.000000  0.000000  -0.000000  1.000000  0.000000  -1.000000  -0.000000  0.999988  -0.000989  0.004844  0.000989  1.000000  0.000140  -0.004844  -0.000136  0.999988  1.000000  0.000000  0.000000  0.000000  1.000000  0.000000  0.000000  0.000000  1.000000  1.000000  0.000000  0.000000  0.000000  -0.000000  1.000000  0.000000  -1.000000  -0.000000  0.000000  0.000000  
334.400567 0.014634  0.091467  -0.016642  0.985169  0.163967  0.050562  -0.070498  0.118142  0.990491  0.156434  -0.979366  0.127949  0.002423  -0.000282  -0.000756  0.000836  -0.189941  -0.029692  2.000000  1.000000  -0.000034  0.000202  -0.000202  -0.000002  1.000000  -0.000034  -1.000000  -0.000002  0.999985  -0.000910  0.005449  0.000910  1.000000  -0.000005  -0.005449  0.000010  0.999985  1.000000  -0.000011  0.000068  0.000011  1.000000  -0.000000  -0.000068  0.000000  1.000000  1.000000  -0.000034  0.000202  -0.000202  -0.000002  1.000000  -0.000034  -1.000000  -0.000002  0.000047  0.005525  
334.401819 0.014642  0.091466  -0.016642  0.985060  0.164256  0.051728  -0.071713  0.118170  0.990400  0.156567  -0.979314  0.128184  0.002855  -0.000385  -0.000668  -0.000775  -0.229928  -0.019902  2.000000  1.000000  -0.000083  0.000582  -0.000582  -0.000002  1.000000  -0.000083  -1.000000  -0.000002  0.999978  -0.000618  0.006641  0.000619  1.000000  -0.000053  -0.006641  0.000057  0.999978  1.000000  -0.000008  0.000083  0.000008  1.000000  -0.000001  -0.000083  0.000001  1.000000  1.000000  -0.000083  0.000582  -0.000582  -0.000002  1.000000  -0.000083  -1.000000  -0.000002  0.000057  0.006670  
334.403121 0.014649  0.091464  -0.016642  0.984956  0.164439  0.053115  -0.073133  0.118173  0.990296  0.156567  -0.979283  0.128422  0.003295  -0.000516  -0.000569  -0.001307  -0.276866  -0.013664  2.000000  0.999999  -0.000116  0.001040  -0.001040  0.000000  0.999999  -0.000116  -1.000000  0.000000  0.999969  -0.000460  0.007851  0.000460  1.000000  -0.000102  -0.007851  0.000106  0.999969  1.000000  -0.000006  0.000098  0.000006  1.000000  -0.000001  -0.000098  0.000001  1.000000  0.999999  -0.000116  0.001040  -0.001040  0.000000  0.999999  -0.000116  -1.000000  0.000000  0.000067  0.007865  
334.404312 0.014656  0.091464  -0.016642  0.984871  0.164498  0.054500  -0.074554  0.118307  0.990174  0.156434  -0.979257  0.128781  0.003703  -0.000501  -0.000487  -0.005943  -0.325428  -0.011903  2.000000  0.999999  -0.000134  0.001481  -0.001481  0.000006  0.999999  -0.000134  -1.000000  0.000005  0.999957  -0.000407  0.009280  0.000408  1.000000  -0.000118  -0.009280  0.000122  0.999957  1.000000  -0.000005  0.000116  0.000005  1.000000  -0.000002  -0.000116  0.000002  1.000000  0.999999  -0.000134  0.001481  -0.001481  0.000006  0.999999  -0.000134  -1.000000  0.000005  0.000079  0.009290  
334.405369 0.014661  0.091464  -0.016643  0.984840  0.164266  0.055735  -0.075775  0.118374  0.990074  0.156038  -0.979288  0.129026  0.003993  -0.000545  -0.000440  -0.007626  -0.367094  -0.019882  2.000000  0.999998  -0.000157  0.001991  -0.001991  0.000013  0.999998  -0.000157  -1.000000  0.000013  0.999942  -0.000486  0.010726  0.000488  1.000000  -0.000135  -0.010726  0.000140  0.999942  1.000000  -0.000006  0.000134  0.000006  1.000000  -0.000002  -0.000134  0.000002  1.000000  0.999998  -0.000157  0.001991  -0.001991  0.000013  0.999998  -0.000157  -1.000000  0.000013  0.000091  0.010738  
334.406564 0.014668  0.091462  -0.016644  0.984797  0.163959  0.057374  -0.077403  0.118504  0.989932  0.155509  -0.979323  0.129394  0.004413  -0.000679  -0.000377  -0.011308  -0.425079  -0.030638  2.000000  0.999997  -0.000183  0.002433  -0.002433  0.000022  0.999997  -0.000183  -1.000000  0.000021  0.999923  -0.000803  0.012409  0.000806  1.000000  -0.000241  -0.012408  0.000251  0.999923  1.000000  -0.000010  0.000155  0.000010  1.000000  -0.000003  -0.000155  0.000003  1.000000  0.999997  -0.000183  0.002433  -0.002433  0.000022  0.999997  -0.000183  -1.000000  0.000021  0.000106  0.012437  
334.407565 0.014674  0.091461  -0.016644  0.984763  0.163735  0.058589  -0.078625  0.118693  0.989813  0.155113  -0.979338  0.129758  0.004787  -0.000751  -0.000292  -0.016972  -0.463226  -0.038257  2.000000  0.999995  -0.000230  0.003090  -0.003090  0.000039  0.999995  -0.000231  -1.000000  0.000039  0.999906  -0.001039  0.013671  0.001045  0.999999  -0.000412  -0.013670  0.000426  0.999906  1.000000  -0.000013  0.000171  0.000013  1.000000  -0.000005  -0.000171  0.000005  1.000000  0.999995  -0.000230  0.003090  -0.003090  0.000039  0.999995  -0.000231  -1.000000  0.000039  0.000116  0.013717  
334.408839 0.014681  0.091460  -0.016642  0.984674  0.163705  0.060155  -0.080250  0.119045  0.989640  0.154848  -0.979300  0.130358  0.005173  -0.000811  -0.000140  -0.028862  -0.521750  -0.040166  2.000000  0.999993  -0.000290  0.003821  -0.003821  0.000073  0.999993  -0.000290  -1.000000  0.000072  0.999885  -0.001244  0.015135  0.001256  0.999999  -0.000793  -0.015134  0.000812  0.999885  1.000000  -0.000016  0.000189  0.000016  1.000000  -0.000010  -0.000189  0.000010  1.000000  0.999993  -0.000290  0.003821  -0.003821  0.000073  0.999993  -0.000290  -1.000000  0.000072  0.000130  0.015208  
334.409876 0.014688  0.091460  -0.016640  0.984632  0.163596  0.061129  -0.081267  0.119378  0.989517  0.154584  -0.979278  0.130838  0.005452  -0.000758  0.000074  -0.039770  -0.556110  -0.044434  2.000000  0.999990  -0.000337  0.004420  -0.004419  0.000111  0.999990  -0.000338  -1.000000  0.000109  0.999865  -0.001343  0.016381  0.001361  0.999998  -0.001086  -0.016379  0.001108  0.999865  1.000000  -0.000017  0.000205  0.000017  1.000000  -0.000014  -0.000205  0.000014  1.000000  0.999990  -0.000337  0.004420  -0.004419  0.000111  0.999990  -0.000338  -1.000000  0.000109  0.000140  0.016473  
334.411070 0.014697  0.091461  -0.016637  0.984592  0.163390  0.062304  -0.082488  0.119809  0.989364  0.154187  -0.979260  0.131440  0.005714  -0.000614  0.000293  -0.053859  -0.599665  -0.052358  2.000000  0.999987  -0.000390  0.005065  -0.005065  0.000162  0.999987  -0.000391  -1.000000  0.000160  0.999844  -0.001440  0.017626  0.001466  0.999998  -0.001500  -0.017624  0.001525  0.999844  1.000000  -0.000018  0.000220  0.000018  1.000000  -0.000019  -0.000220  0.000019  1.000000  0.999987  -0.000390  0.005065  -0.005065  0.000162  0.999987  -0.000391  -1.000000  0.000160  0.000151  0.017750  
334.412071 0.014702  0.091461  -0.016637  0.984548  0.163283  0.063278  -0.083505  0.120142  0.989238  0.153923  -0.979237  0.131921  0.005832  -0.000560  0.000330  -0.064837  -0.634662  -0.056638  2.000000  0.999982  -0.000468  0.005980  -0.005980  0.000248  0.999982  -0.000469  -1.000000  0.000246  0.999824  -0.001564  0.018670  0.001598  0.999997  -0.001824  -0.018667  0.001854  0.999824  1.000000  -0.000020  0.000233  0.000020  1.000000  -0.000023  -0.000233  0.000023  1.000000  0.999982  -0.000468  0.005980  -0.005980  0.000248  0.999982  -0.000469  -1.000000  0.000246  0.000160  0.018827  
334.413320 0.014710  0.091461  -0.016638  0.984468  0.163242  0.064620  -0.084927  0.120649  0.989056  0.153659  -0.979181  0.132639  0.005963  -0.000458  0.000265  -0.081825  -0.683281  -0.059029  2.000000  0.999974  -0.000574  0.007200  -0.007199  0.000383  0.999974  -0.000577  -1.000000  0.000379  0.999796  -0.001761  0.020135  0.001808  0.999996  -0.002328  -0.020131  0.002364  0.999795  1.000000  -0.000022  0.000252  0.000022  1.000000  -0.000029  -0.000252  0.000029  1.000000  0.999974  -0.000574  0.007200  -0.007199  0.000383  0.999974  -0.000577  -1.000000  0.000379  0.000173  0.020349  
334.414323 0.014717  0.091460  -0.016641  0.984423  0.163039  0.065796  -0.086149  0.121082  0.988897  0.153262  -0.979162  0.133241  0.006004  -0.000478  0.000079  -0.095278  -0.721212  -0.066368  2.000000  0.999966  -0.000666  0.008240  -0.008240  0.000516  0.999966  -0.000670  -1.000000  0.000511  0.999774  -0.001880  0.021180  0.001939  0.999994  -0.002774  -0.021175  0.002815  0.999772  1.000000  -0.000024  0.000265  0.000024  1.000000  -0.000035  -0.000265  0.000035  1.000000  0.999966  -0.000666  0.008240  -0.008240  0.000516  0.999966  -0.000670  -1.000000  0.000511  0.000181  0.021448  
334.415570 0.014725  0.091458  -0.016646  0.984359  0.162879  0.067136  -0.087573  0.121721  0.988694  0.152865  -0.979109  0.134081  0.006073  -0.000562  -0.000237  -0.117165  -0.775961  -0.073611  2.000000  0.999953  -0.000792  0.009622  -0.009621  0.000714  0.999953  -0.000799  -0.999999  0.000706  0.999741  -0.002072  0.022646  0.002149  0.999992  -0.003400  -0.022639  0.003448  0.999738  1.000000  -0.000026  0.000283  0.000026  1.000000  -0.000043  -0.000283  0.000043  1.000000  0.999953  -0.000792  0.009622  -0.009621  0.000714  0.999953  -0.000799  -0.999999  0.000706  0.000194  0.022999  
334.416821 0.014733  0.091457  -0.016653  0.984311  0.162687  0.068293  -0.088794  0.122274  0.988516  0.152469  -0.979072  0.134802  0.006035  -0.000569  -0.000712  -0.135167  -0.817396  -0.081158  2.000000  0.999941  -0.000902  0.010796  -0.010795  0.000902  0.999941  -0.000911  -0.999999  0.000893  0.999717  -0.002185  0.023692  0.002280  0.999990  -0.003971  -0.023683  0.004024  0.999711  1.000000  -0.000028  0.000296  0.000028  1.000000  -0.000050  -0.000296  0.000050  1.000000  0.999941  -0.000902  0.010796  -0.010795  0.000902  0.999941  -0.000911  -0.999999  0.000893  0.000209  0.024128  
334.418070 0.014740  0.091455  -0.016660  0.984260  0.162611  0.069208  -0.089811  0.122970  0.988338  0.152204  -0.978997  0.135639  0.006081  -0.000604  -0.001145  -0.158482  -0.852767  -0.085201  2.000000  0.999924  -0.001044  0.012270  -0.012269  0.001178  0.999924  -0.001058  -0.999999  0.001165  0.999721  -0.002325  0.023511  0.002437  0.999986  -0.004737  -0.023500  0.004793  0.999712  1.000000  -0.000030  0.000294  0.000030  1.000000  -0.000060  -0.000294  0.000060  1.000000  0.999924  -0.001044  0.012270  -0.012269  0.001178  0.999924  -0.001058  -0.999999  0.001165  0.000219  0.024104  
334.419316 0.014748  0.091452  -0.016668  0.984209  0.162431  0.070345  -0.091032  0.123644  0.988142  0.151807  -0.978942  0.136478  0.006183  -0.000775  -0.001743  -0.179752  -0.890327  -0.092220  2.000000  0.999905  -0.001183  0.013726  -0.013724  0.001504  0.999905  -0.001203  -0.999998  0.001488  0.999726  -0.002199  0.023295  0.002328  0.999982  -0.005509  -0.023283  0.005561  0.999713  1.000000  -0.000028  0.000291  0.000028  1.000000  -0.000069  -0.000291  0.000069  1.000000  0.999905  -0.001183  0.013726  -0.013724  0.001504  0.999905  -0.001203  -0.999998  0.001488  0.000229  0.024047  
334.420566 0.014755  0.091449  -0.016677  0.984176  0.162228  0.071279  -0.092051  0.124353  0.987959  0.151411  -0.978886  0.137318  0.006201  -0.001003  -0.002324  -0.204203  -0.931462  -0.101191  2.000000  0.999884  -0.001313  0.015176  -0.015174  0.001873  0.999883  -0.001341  -0.999997  0.001853  0.999727  -0.002046  0.023280  0.002190  0.999979  -0.006124  -0.023267  0.006174  0.999710  1.000000  -0.000026  0.000291  0.000026  1.000000  -0.000077  -0.000291  0.000077  1.000000  0.999884  -0.001313  0.015176  -0.015174  0.001873  0.999883  -0.001341  -0.999997  0.001853  0.000241  0.024168  
334.421567 0.014760  0.091444  -0.016687  0.984140  0.162122  0.072011  -0.092865  0.124962  0.987806  0.151146  -0.978826  0.138036  0.006140  -0.001209  -0.002885  -0.224375  -0.959250  -0.106029  2.000000  0.999865  -0.001414  0.016343  -0.016340  0.002200  0.999864  -0.001450  -0.999997  0.002177  0.999721  -0.002134  0.023503  0.002292  0.999975  -0.006705  -0.023488  0.006757  0.999701  1.000000  -0.000028  0.000294  0.000028  1.000000  -0.000084  -0.000294  0.000084  1.000000  0.999865  -0.001414  0.016343  -0.016340  0.002200  0.999864  -0.001450  -0.999997  0.002177  0.000249  0.024543  
334.422850 0.014765  0.091436  -0.016699  0.984104  0.161930  0.072926  -0.093884  0.125791  0.987604  0.150749  -0.978752  0.138994  0.005990  -0.001619  -0.003783  -0.251614  -0.994171  -0.114225  2.000000  0.999845  -0.001526  0.017514  -0.017510  0.002552  0.999843  -0.001571  -0.999996  0.002525  0.999720  -0.002382  0.023542  0.002552  0.999971  -0.007191  -0.023524  0.007249  0.999697  1.000000  -0.000031  0.000294  0.000031  1.000000  -0.000090  -0.000294  0.000090  1.000000  0.999845  -0.001526  0.017514  -0.017510  0.002552  0.999843  -0.001571  -0.999996  0.002525  0.000257  0.024741  
334.424062 0.014769  0.091428  -0.016713  0.984047  0.161862  0.073842  -0.094901  0.126488  0.987418  0.150485  -0.978673  0.139831  0.005691  -0.002179  -0.004871  -0.276350  -1.023885  -0.119169  2.000000  0.999824  -0.001658  0.018709  -0.018704  0.002945  0.999821  -0.001713  -0.999994  0.002913  0.999712  -0.002858  0.023821  0.003049  0.999963  -0.008005  -0.023797  0.008075  0.999684  1.000000  -0.000037  0.000298  0.000037  1.000000  -0.000101  -0.000298  0.000101  1.000000  0.999824  -0.001658  0.018709  -0.018704  0.002945  0.999821  -0.001713  -0.999994  0.002913  0.000268  0.025305  
334.425067 0.014772  0.091422  -0.016726  0.984028  0.161733  0.074372  -0.095512  0.127132  0.987277  0.150220  -0.978611  0.140549  0.005404  -0.002656  -0.006007  -0.299164  -1.010515  -0.120593  2.000000  0.999800  -0.001805  0.019896  -0.019890  0.003369  0.999796  -0.001871  -0.999993  0.003332  0.999720  -0.003162  0.023458  0.003366  0.999957  -0.008674  -0.023430  0.008751  0.999687  1.000000  -0.000041  0.000293  0.000041  1.000000  -0.000109  -0.000293  0.000109  1.000000  0.999800  -0.001805  0.019896  -0.019890  0.003369  0.999796  -0.001871  -0.999993  0.003332  0.000269  0.025225  
334.426068 0.014775  0.091415  -0.016740  0.983969  0.161771  0.075066  -0.096324  0.127850  0.987105  0.150088  -0.978511  0.141383  0.005220  -0.003015  -0.006812  -0.325111  -1.001373  -0.114717  2.000000  0.999776  -0.001962  0.021054  -0.021047  0.003822  0.999771  -0.002042  -0.999991  0.003780  0.999733  -0.003362  0.022876  0.003572  0.999952  -0.009133  -0.022844  0.009212  0.999697  1.000000  -0.000043  0.000286  0.000043  1.000000  -0.000115  -0.000286  0.000115  1.000000  0.999776  -0.001962  0.021054  -0.021047  0.003822  0.999771  -0.002042  -0.999991  0.003780  0.000268  0.024877  
334.427320 0.014780  0.091408  -0.016758  0.983929  0.161802  0.075518  -0.096934  0.128840  0.986916  0.149956  -0.978376  0.142454  0.005031  -0.003606  -0.008142  -0.361166  -0.981528  -0.105431  2.000000  0.999752  -0.002116  0.022184  -0.022175  0.004316  0.999745  -0.002211  -0.999988  0.004268  0.999743  -0.003129  0.022440  0.003355  0.999944  -0.010054  -0.022407  0.010127  0.999698  1.000000  -0.000041  0.000280  0.000041  1.000000  -0.000126  -0.000280  0.000126  1.000000  0.999752  -0.002116  0.022184  -0.022175  0.004316  0.999745  -0.002211  -0.999988  0.004268  0.000267  0.024804  
334.428326 0.014784  0.091403  -0.016772  0.983889  0.161816  0.076009  -0.097544  0.129591  0.986758  0.149823  -0.978275  0.143287  0.004930  -0.003933  -0.009011  -0.386921  -0.973509  -0.096963  2.000000  0.999727  -0.002261  0.023257  -0.023246  0.004849  0.999718  -0.002373  -0.999986  0.004795  0.999780  -0.002943  0.020776  0.003168  0.999937  -0.010803  -0.020743  0.010866  0.999726  1.000000  -0.000038  0.000260  0.000038  1.000000  -0.000135  -0.000260  0.000135  1.000000  0.999727  -0.002261  0.023257  -0.023246  0.004849  0.999718  -0.002373  -0.999986  0.004795  0.000264  0.023617  
334.429566 0.014790  0.091396  -0.016790  0.983889  0.161692  0.076277  -0.097953  0.130627  0.986581  0.149559  -0.978157  0.144361  0.004785  -0.004196  -0.009859  -0.417667  -0.960398  -0.102622  2.000000  0.999696  -0.002423  0.024524  -0.024510  0.005564  0.999684  -0.002559  -0.999982  0.005503  0.999798  -0.002637  0.019918  0.002869  0.999928  -0.011667  -0.019885  0.011722  0.999734  1.000000  -0.000034  0.000249  0.000034  1.000000  -0.000146  -0.000249  0.000146  1.000000  0.999696  -0.002423  0.024524  -0.024510  0.005564  0.999684  -0.002559  -0.999982  0.005503  0.000268  0.023249  
334.430570 0.014795  0.091392  -0.016805  0.983868  0.161587  0.076768  -0.098564  0.131511  0.986403  0.149294  -0.978056  0.145316  0.004600  -0.004540  -0.010751  -0.446222  -0.961469  -0.110976  2.000000  0.999672  -0.002552  0.025477  -0.025461  0.006162  0.999657  -0.002708  -0.999978  0.006095  0.999821  -0.002795  0.018713  0.003022  0.999922  -0.012103  -0.018678  0.012158  0.999752  1.000000  -0.000036  0.000234  0.000036  1.000000  -0.000152  -0.000234  0.000152  1.000000  0.999672  -0.002552  0.025477  -0.025461  0.006162  0.999657  -0.002708  -0.999978  0.006095  0.000268  0.022477  
334.431819 0.014801  0.091386  -0.016823  0.983847  0.161492  0.077240  -0.099176  0.132514  0.986207  0.149030  -0.977937  0.146389  0.004559  -0.004695  -0.011319  -0.478004  -0.943127  -0.126547  2.000000  0.999648  -0.002683  0.026386  -0.026367  0.006788  0.999629  -0.002861  -0.999973  0.006715  0.999843  -0.002819  0.017491  0.003039  0.999917  -0.012543  -0.017454  0.012595  0.999768  1.000000  -0.000037  0.000218  0.000037  1.000000  -0.000157  -0.000218  0.000157  1.000000  0.999648  -0.002683  0.026386  -0.026367  0.006788  0.999629  -0.002861  -0.999973  0.006715  0.000269  0.021723  
334.433066 0.014807  0.091381  -0.016840  0.983845  0.161288  0.077692  -0.099790  0.133769  0.985976  0.148633  -0.977800  0.147703  0.004430  -0.004916  -0.012043  -0.514670  -0.918790  -0.141099  2.000000  0.999619  -0.002845  0.027465  -0.027442  0.007606  0.999594  -0.003053  -0.999967  0.007525  0.999850  -0.002855  0.017093  0.003084  0.999906  -0.013338  -0.017053  0.013389  0.999765  1.000000  -0.000037  0.000213  0.000037  1.000000  -0.000167  -0.000213  0.000167  1.000000  0.999619  -0.002845  0.027465  -0.027442  0.007606  0.999594  -0.003053  -0.999967  0.007525  0.000270  0.021885  
334.434073 0.014810  0.091377  -0.016855  0.983823  0.161288  0.077961  -0.100197  0.134673  0.985811  0.148500  -0.977675  0.148655  0.004189  -0.005098  -0.012666  -0.543639  -0.890764  -0.146155  2.000000  0.999595  -0.002976  0.028297  -0.028272  0.008294  0.999566  -0.003209  -0.999961  0.008207  0.999860  -0.002929  0.016493  0.003157  0.999900  -0.013800  -0.016451  0.013850  0.999769  1.000000  -0.000038  0.000206  0.000038  1.000000  -0.000173  -0.000206  0.000173  1.000000  0.999595  -0.002976  0.028297  -0.028272  0.008294  0.999566  -0.003209  -0.999961  0.008207  0.000269  0.021721  
334.435090 0.014813  0.091372  -0.016870  0.983782  0.161420  0.078210  -0.100602  0.135563  0.985648  0.148500  -0.977531  0.149603  0.004048  -0.005209  -0.013143  -0.573308  -0.863148  -0.136312  2.000000  0.999572  -0.003100  0.029091  -0.029062  0.009006  0.999537  -0.003360  -0.999955  0.008912  0.999874  -0.002637  0.015631  0.002860  0.999894  -0.014295  -0.015592  0.014338  0.999776  1.000000  -0.000034  0.000195  0.000034  1.000000  -0.000179  -0.000195  0.000179  1.000000  0.999572  -0.003100  0.029091  -0.029062  0.009006  0.999537  -0.003360  -0.999955  0.008912  0.000265  0.021361  
334.436321 0.014818  0.091366  -0.016888  0.983740  0.161580  0.078401  -0.101007  0.136811  0.985434  0.148500  -0.977330  0.150908  0.003929  -0.005249  -0.013655  -0.610226  -0.820417  -0.126026  2.000000  0.999549  -0.003211  0.029850  -0.029817  0.009754  0.999508  -0.003501  -0.999947  0.009653  0.999885  -0.002443  0.014991  0.002670  0.999882  -0.015120  -0.014952  0.015159  0.999773  1.000000  -0.000032  0.000187  0.000032  1.000000  -0.000189  -0.000187  0.000189  1.000000  0.999549  -0.003211  0.029850  -0.029817  0.009754  0.999508  -0.003501  -0.999947  0.009653  0.000263  0.021447  
334.437566 0.014821  0.091360  -0.016908  0.983699  0.161741  0.078591  -0.101412  0.138060  0.985218  0.148500  -0.977128  0.152211  0.003867  -0.005183  -0.014201  -0.650757  -0.777614  -0.112867  2.000000  0.999522  -0.003333  0.030728  -0.030691  0.010728  0.999471  -0.003661  -0.999937  0.010621  0.999909  -0.002273  0.013325  0.002483  0.999873  -0.015739  -0.013288  0.015770  0.999787  1.000000  -0.000030  0.000166  0.000030  1.000000  -0.000197  -0.000166  0.000197  1.000000  0.999522  -0.003333  0.030728  -0.030691  0.010728  0.999471  -0.003661  -0.999937  0.010621  0.000258  0.020760  
334.438818 0.014826  0.091353  -0.016928  0.983657  0.161913  0.078761  -0.101817  0.139427  0.984984  0.148500  -0.976905  0.153634  0.003891  -0.005087  -0.014562  -0.678537  -0.742819  -0.108633  2.000000  0.999496  -0.003434  0.031543  -0.031501  0.011742  0.999435  -0.003802  -0.999925  0.011628  0.999918  -0.001952  0.012663  0.002160  0.999862  -0.016443  -0.012630  0.016469  0.999785  1.000000  -0.000026  0.000158  0.000026  1.000000  -0.000206  -0.000158  0.000206  1.000000  0.999496  -0.003434  0.031543  -0.031501  0.011742  0.999435  -0.003802  -0.999925  0.011628  0.000256  0.020858  
334.440067 0.014832  0.091347  -0.016948  0.983614  0.161985  0.079154  -0.102427  0.140774  0.984729  0.148368  -0.976700  0.155059  0.004008  -0.004972  -0.014858  -0.716715  -0.712138  -0.102056  2.000000  0.999476  -0.003503  0.032172  -0.032126  0.012594  0.999404  -0.003907  -0.999915  0.012475  0.999924  -0.001732  0.012223  0.001943  0.999850  -0.017238  -0.012191  0.017260  0.999777  1.000000  -0.000023  0.000153  0.000023  1.000000  -0.000216  -0.000153  0.000216  1.000000  0.999476  -0.003503  0.032172  -0.032126  0.012594  0.999404  -0.003907  -0.999915  0.012475  0.000257  0.021213  
334.441317 0.014839  0.091341  -0.016969  0.983590  0.161927  0.079568  -0.103038  0.142134  0.984470  0.148103  -0.976513  0.156486  0.004212  -0.004811  -0.015107  -0.742409  -0.694392  -0.105126  2.000000  0.999451  -0.003582  0.032926  -0.032874  0.013706  0.999366  -0.004031  -0.999900  0.013581  0.999929  -0.001776  0.011824  0.001990  0.999835  -0.018031  -0.011790  0.018053  0.999768  1.000000  -0.000024  0.000148  0.000024  1.000000  -0.000226  -0.000148  0.000226  1.000000  0.999451  -0.003582  0.032926  -0.032874  0.013706  0.999366  -0.004031  -0.999900  0.013581  0.000259  0.021646  
334.442566 0.014846  0.091337  -0.016989  0.983545  0.162012  0.079941  -0.103648  0.143600  0.984193  0.147971  -0.976284  0.158029  0.004377  -0.004625  -0.015201  -0.777639  -0.672135  -0.100301  2.000000  0.999427  -0.003653  0.033654  -0.033596  0.014861  0.999325  -0.004150  -0.999883  0.014730  0.999934  -0.001559  0.011383  0.001772  0.999824  -0.018703  -0.011352  0.018722  0.999760  1.000000  -0.000021  0.000142  0.000021  1.000000  -0.000234  -0.000142  0.000234  1.000000  0.999427  -0.003653  0.033654  -0.033596  0.014861  0.999325  -0.004150  -0.999883  0.014730  0.000260  0.021960  
334.443629 0.014853  0.091334  -0.017003  0.983501  0.162068  0.080373  -0.104257  0.144707  0.983967  0.147839  -0.976112  0.159216  0.004533  -0.004495  -0.015124  -0.799367  -0.649021  -0.093591  2.000000  0.999408  -0.003696  0.034219  -0.034156  0.015817  0.999291  -0.004234  -0.999868  0.015681  0.999937  -0.001444  0.011163  0.001660  0.999812  -0.019343  -0.011133  0.019361  0.999751  1.000000  -0.000019  0.000139  0.000019  1.000000  -0.000242  -0.000139  0.000242  1.000000  0.999408  -0.003696  0.034219  -0.034156  0.015817  0.999291  -0.004234  -0.999868  0.015681  0.000262  0.022389  
334.444816 0.014864  0.091330  -0.017021  0.983417  0.162415  0.080704  -0.104863  0.146144  0.983690  0.147971  -0.975840  0.160752  0.004837  -0.004338  -0.015172  -0.828880  -0.629706  -0.081096  2.000000  0.999389  -0.003720  0.034759  -0.034692  0.016802  0.999257  -0.004301  -0.999852  0.016663  0.999945  -0.000865  0.010455  0.001073  0.999801  -0.019927  -0.010436  0.019937  0.999747  1.000000  -0.000012  0.000131  0.000012  1.000000  -0.000249  -0.000131  0.000249  1.000000  0.999389  -0.003720  0.034759  -0.034692  0.016802  0.999257  -0.004301  -0.999852  0.016663  0.000264  0.022526  
334.445820 0.014873  0.091329  -0.017034  0.983354  0.162713  0.080871  -0.105265  0.147376  0.983463  0.148103  -0.975605  0.162051  0.005127  -0.004143  -0.015117  -0.861525  -0.598579  -0.068463  2.000000  0.999371  -0.003730  0.035277  -0.035205  0.017814  0.999221  -0.004356  -0.999834  0.017672  0.999947  -0.000753  0.010234  0.000962  0.999791  -0.020444  -0.010216  0.020452  0.999739  1.000000  -0.000011  0.000128  0.000011  1.000000  -0.000256  -0.000128  0.000256  1.000000  0.999371  -0.003730  0.035277  -0.035205  0.017814  0.999221  -0.004356  -0.999834  0.017672  0.000265  0.022880  
334.447069 0.014885  0.091326  -0.017051  0.983247  0.163092  0.081402  -0.106073  0.148778  0.983165  0.148236  -0.975329  0.163586  0.005523  -0.003968  -0.014985  -0.883811  -0.585007  -0.055011  2.000000  0.999348  -0.003720  0.035912  -0.035835  0.019115  0.999175  -0.004403  -0.999810  0.018969  0.999950  -0.000374  0.009968  0.000584  0.999778  -0.021083  -0.009958  0.021088  0.999728  1.000000  -0.000006  0.000125  0.000006  1.000000  -0.000264  -0.000125  0.000264  1.000000  0.999348  -0.003720  0.035912  -0.035835  0.019115  0.999175  -0.004403  -0.999810  0.018969  0.000268  0.023328  
334.448086 0.014894  0.091323  -0.017065  0.983181  0.163283  0.081811  -0.106680  0.149870  0.982934  0.148236  -0.975129  0.164769  0.005845  -0.003907  -0.014949  -0.909095  -0.574007  -0.043610  2.000000  0.999335  -0.003704  0.036288  -0.036207  0.019917  0.999146  -0.004423  -0.999795  0.019770  0.999951  -0.000229  0.009946  0.000443  0.999767  -0.021569  -0.009939  0.021572  0.999718  1.000000  -0.000004  0.000124  0.000004  1.000000  -0.000270  -0.000124  0.000270  1.000000  0.999335  -0.003704  0.036288  -0.036207  0.019917  0.999146  -0.004423  -0.999795  0.019770  0.000272  0.023756  
334.449315 0.014905  0.091317  -0.017083  0.983093  0.163547  0.082343  -0.107490  0.151404  0.982610  0.148236  -0.974848  0.166424  0.006234  -0.003982  -0.014992  -0.935496  -0.561549  -0.034804  2.000000  0.999316  -0.003671  0.036800  -0.036715  0.021015  0.999105  -0.004441  -0.999772  0.020865  0.999947  -0.000013  0.010326  0.000243  0.999753  -0.022236  -0.010323  0.022238  0.999699  1.000000  -0.000002  0.000129  0.000002  1.000000  -0.000278  -0.000129  0.000278  1.000000  0.999316  -0.003671  0.036800  -0.036715  0.021015  0.999105  -0.004441  -0.999772  0.020865  0.000275  0.024520  
334.450319 0.014913  0.091312  -0.017098  0.982985  0.163912  0.082911  -0.108297  0.152566  0.982342  0.148368  -0.974606  0.167721  0.006649  -0.003963  -0.014991  -0.960656  -0.556711  -0.017755  2.000000  0.999297  -0.003623  0.037324  -0.037235  0.022138  0.999061  -0.004446  -0.999748  0.021988  0.999945  0.000298  0.010481  -0.000062  0.999745  -0.022571  -0.010485  0.022569  0.999690  1.000000  0.000002  0.000131  -0.000002  1.000000  -0.000282  -0.000131  0.000282  1.000000  0.999297  -0.003623  0.037324  -0.037235  0.022138  0.999061  -0.004446  -0.999748  0.021988  0.000280  0.024889  
334.451570 0.014923  0.091305  -0.017116  0.982873  0.164211  0.083644  -0.109309  0.154065  0.981996  0.148368  -0.974320  0.169376  0.007053  -0.004030  -0.014850  -0.985538  -0.554828  -0.003684  2.000000  0.999271  -0.003539  0.038001  -0.037908  0.023566  0.999003  -0.004431  -0.999716  0.023415  0.999941  0.000781  0.010814  -0.000530  0.999733  -0.023121  -0.010829  0.023114  0.999674  1.000000  0.000008  0.000135  -0.000008  1.000000  -0.000289  -0.000135  0.000289  1.000000  0.999271  -0.003539  0.038001  -0.037908  0.023566  0.999003  -0.004431  -0.999716  0.023415  0.000285  0.025536  
334.452570 0.014932  0.091300  -0.017128  0.982782  0.164440  0.084253  -0.110118  0.155121  0.981739  0.148368  -0.974113  0.170558  0.007439  -0.003980  -0.014631  -1.002732  -0.553881  0.005746  2.000000  0.999251  -0.003452  0.038555  -0.038458  0.024725  0.998954  -0.004402  -0.999688  0.024574  0.999939  0.001093  0.010968  -0.000837  0.999727  -0.023336  -0.010991  0.023325  0.999668  1.000000  0.000012  0.000137  -0.000012  1.000000  -0.000292  -0.000137  0.000292  1.000000  0.999251  -0.003452  0.038555  -0.038458  0.024725  0.998954  -0.004402  -0.999688  0.024574  0.000290  0.025806  
334.453816 0.014944  0.091295  -0.017142  0.982649  0.164874  0.084961  -0.111128  0.156604  0.981390  0.148500  -0.973803  0.172208  0.007832  -0.003906  -0.014250  -1.025296  -0.553607  0.020654  2.000000  0.999224  -0.003311  0.039260  -0.039160  0.026188  0.998890  -0.004336  -0.999652  0.026038  0.999935  0.001708  0.011275  -0.001442  0.999722  -0.023522  -0.011312  0.023504  0.999660  1.000000  0.000020  0.000141  -0.000020  1.000000  -0.000294  -0.000141  0.000294  1.000000  0.999224  -0.003311  0.039260  -0.039160  0.026188  0.998890  -0.004336  -0.999652  0.026038  0.000295  0.026135  
334.454875 0.014953  0.091292  -0.017152  0.982560  0.165214  0.085324  -0.111732  0.157796  0.981130  0.148633  -0.973553  0.173504  0.008216  -0.003717  -0.013738  -1.048545  -0.547898  0.033591  2.000000  0.999201  -0.003176  0.039829  -0.039727  0.027373  0.998836  -0.004263  -0.999620  0.027225  0.999933  0.002022  0.011427  -0.001749  0.999714  -0.023857  -0.011472  0.023836  0.999650  1.000000  0.000024  0.000143  -0.000024  1.000000  -0.000298  -0.000143  0.000298  1.000000  0.999201  -0.003176  0.039829  -0.039727  0.027373  0.998836  -0.004263  -0.999620  0.027225  0.000299  0.026523  
334.456064 0.014965  0.091288  -0.017164  0.982425  0.165663  0.086009  -0.112741  0.159396  0.980756  0.148765  -0.973216  0.175272  0.008542  -0.003648  -0.013299  -1.073405  -0.549748  0.044003  2.000000  0.999184  -0.003058  0.040275  -0.040172  0.028288  0.998792  -0.004193  -0.999595  0.028142  0.999925  0.002413  0.011977  -0.002115  0.999689  -0.024859  -0.012033  0.024832  0.999619  1.000000  0.000028  0.000150  -0.000028  1.000000  -0.000311  -0.000150  0.000311  1.000000  0.999184  -0.003058  0.040275  -0.040172  0.028288  0.998792  -0.004193  -0.999595  0.028142  0.000306  0.027690  
334.457065 0.014975  0.091285  -0.017174  0.982312  0.166049  0.086552  -0.113548  0.160672  0.980455  0.148897  -0.972940  0.176684  0.008794  -0.003544  -0.012871  -1.093668  -0.559636  0.055064  2.000000  0.999159  -0.002888  0.040893  -0.040790  0.029534  0.998731  -0.004092  -0.999560  0.029391  0.999920  0.002634  0.012350  -0.002324  0.999684  -0.025042  -0.012412  0.025011  0.999610  1.000000  0.000031  0.000155  -0.000031  1.000000  -0.000313  -0.000155  0.000313  1.000000  0.999159  -0.002888  0.040893  -0.040790  0.029534  0.998731  -0.004092  -0.999560  0.029391  0.000310  0.028035  
334.458066 0.014984  0.091283  -0.017184  0.982198  0.166438  0.087094  -0.114355  0.161947  0.980151  0.149030  -0.972662  0.178097  0.009046  -0.003519  -0.012545  -1.110703  -0.566807  0.066179  2.000000  0.999133  -0.002709  0.041532  -0.041429  0.030785  0.998667  -0.003983  -0.999522  0.030646  0.999912  0.002760  0.012948  -0.002432  0.999677  -0.025315  -0.013013  0.025281  0.999596  1.000000  0.000032  0.000162  -0.000032  1.000000  -0.000316  -0.000162  0.000316  1.000000  0.999133  -0.002709  0.041532  -0.041429  0.030785  0.998667  -0.003983  -0.999522  0.030646  0.000315  0.028556  
334.459314 0.014996  0.091279  -0.017198  0.982056  0.166798  0.088001  -0.115568  0.163524  0.979747  0.149030  -0.972337  0.179866  0.009150  -0.003523  -0.012258  -1.128058  -0.586156  0.074788  2.000000  0.999099  -0.002467  0.042365  -0.042264  0.032370  0.998582  -0.003835  -0.999473  0.032237  0.999904  0.003025  0.013519  -0.002677  0.999666  -0.025710  -0.013592  0.025671  0.999578  1.000000  0.000036  0.000169  -0.000036  1.000000  -0.000321  -0.000169  0.000321  1.000000  0.999099  -0.002467  0.042365  -0.042264  0.032370  0.998582  -0.003835  -0.999473  0.032237  0.000321  0.029191  
334.460376 0.015006  0.091276  -0.017209  0.981961  0.167062  0.088565  -0.116376  0.164812  0.979435  0.149030  -0.972074  0.181281  0.009123  -0.003584  -0.012036  -1.146308  -0.594204  0.090412  2.000000  0.999070  -0.002265  0.043068  -0.042968  0.033651  0.998510  -0.003711  -0.999431  0.033522  0.999895  0.003155  0.014115  -0.002790  0.999662  -0.025862  -0.014192  0.025820  0.999566  1.000000  0.000037  0.000177  -0.000037  1.000000  -0.000323  -0.000177  0.000323  1.000000  0.999070  -0.002265  0.043068  -0.042968  0.033651  0.998510  -0.003711  -0.999431  0.033522  0.000327  0.029617  
334.461568 0.015017  0.091272  -0.017223  0.981796  0.167568  0.089425  -0.117587  0.166491  0.979007  0.149162  -0.971700  0.183164  0.009119  -0.003662  -0.011899  -1.174134  -0.613281  0.108227  2.000000  0.999039  -0.002045  0.043791  -0.043693  0.034942  0.998434  -0.003572  -0.999387  0.034819  0.999886  0.003556  0.014661  -0.003172  0.999653  -0.026137  -0.014749  0.026088  0.999551  1.000000  0.000042  0.000184  -0.000042  1.000000  -0.000326  -0.000184  0.000326  1.000000  0.999039  -0.002045  0.043791  -0.043693  0.034942  0.998434  -0.003572  -0.999387  0.034819  0.000335  0.030161  
334.462822 0.015028  0.091268  -0.017236  0.981655  0.168033  0.090103  -0.118595  0.168083  0.978613  0.149294  -0.971346  0.184928  0.009121  -0.003739  -0.011634  -1.188192  -0.623446  0.129203  2.000000  0.999006  -0.001804  0.044546  -0.044452  0.036264  0.998353  -0.003417  -0.999341  0.036147  0.999876  0.004091  0.015180  -0.003684  0.999635  -0.026779  -0.015284  0.026720  0.999526  1.000000  0.000049  0.000190  -0.000049  1.000000  -0.000334  -0.000190  0.000334  1.000000  0.999006  -0.001804  0.044546  -0.044452  0.036264  0.998353  -0.003417  -0.999341  0.036147  0.000340  0.031031  
334.464065 0.015038  0.091262  -0.017249  0.981513  0.168511  0.090759  -0.119603  0.169793  0.978195  0.149427  -0.970966  0.186809  0.009047  -0.003724  -0.011268  -1.208106  -0.636899  0.141333  2.000000  0.998963  -0.001477  0.045512  -0.045423  0.037939  0.998247  -0.003201  -0.999279  0.037833  0.999870  0.004328  0.015547  -0.003904  0.999622  -0.027206  -0.015659  0.027142  0.999509  1.000000  0.000051  0.000195  -0.000051  1.000000  -0.000340  -0.000195  0.000340  1.000000  0.998963  -0.001477  0.045512  -0.045423  0.037939  0.998247  -0.003201  -0.999279  0.037833  0.000346  0.031609  
334.465320 0.015048  0.091256  -0.017261  0.981364  0.168888  0.091660  -0.120815  0.171364  0.977772  0.149427  -0.970624  0.188575  0.009026  -0.003665  -0.010752  -1.227754  -0.662442  0.147132  2.000000  0.998917  -0.001126  0.046503  -0.046422  0.039627  0.998136  -0.002967  -0.999214  0.039532  0.999863  0.004695  0.015888  -0.004259  0.999616  -0.027391  -0.016011  0.027319  0.999499  1.000000  0.000056  0.000199  -0.000056  1.000000  -0.000342  -0.000199  0.000342  1.000000  0.998917  -0.001126  0.046503  -0.046422  0.039627  0.998136  -0.002967  -0.999214  0.039532  0.000353  0.031986  
334.466570 0.015057  0.091249  -0.017272  0.981194  0.169408  0.092514  -0.122025  0.173037  0.977327  0.149559  -0.970237  0.190455  0.008944  -0.003689  -0.010365  -1.242883  -0.687788  0.157245  2.000000  0.998870  -0.000769  0.047522  -0.047450  0.041307  0.998019  -0.002730  -0.999146  0.041224  0.999852  0.004842  0.016478  -0.004391  0.999618  -0.027299  -0.016604  0.027223  0.999491  1.000000  0.000058  0.000207  -0.000058  1.000000  -0.000341  -0.000207  0.000341  1.000000  0.998870  -0.000769  0.047522  -0.047450  0.041307  0.998019  -0.002730  -0.999146  0.041224  0.000360  0.032225  
334.467821 0.015066  0.091241  -0.017284  0.981043  0.169792  0.093412  -0.123237  0.174605  0.976896  0.149559  -0.969889  0.192220  0.008761  -0.003858  -0.010220  -1.252105  -0.715485  0.162898  2.000000  0.998820  -0.000400  0.048569  -0.048507  0.043001  0.997897  -0.002488  -0.999075  0.042931  0.999846  0.004819  0.016895  -0.004353  0.999613  -0.027480  -0.017021  0.027402  0.999480  1.000000  0.000057  0.000212  -0.000057  1.000000  -0.000343  -0.000212  0.000343  1.000000  0.998820  -0.000400  0.048569  -0.048507  0.043001  0.997897  -0.002488  -0.999075  0.042931  0.000367  0.032588  
