1-Time 2-Px 3-Py 4-Pz 5-R11 6-R21 7-R31 8-R12 9-R22 10-R32 11-R13 12-R23 13-R33 14-Vx 15-Vy 16-Vz 17-Wx 18-Wy 19-Wz 20-state 21-PR11 22-PR21 23-PR31 24-PR12 25-PR22 26-PR32 27-PR13 28-PR23 29-PR33 
78.622837 0.009108  0.095273  0.003718  0.994017  0.106314  0.025058  -0.105372  0.993770  -0.036316  -0.028763  0.033458  0.999026  -0.001113  -0.001492  -0.000896  0.000000  0.000000  0.000000  2.000000  1.000000  0.000000  0.000000  -0.000000  1.000000  0.000000  0.000000  -0.000000  1.000000  1.000000  0.000621  0.000113  -0.000622  1.000000  0.000467  -0.000113  -0.000468  1.000000  1.000000  0.000000  0.000000  0.000000  1.000000  0.000000  0.000000  0.000000  1.000000  0.623291  0.596636  -0.505504  -0.658004  0.749445  0.073230  0.422539  0.286981  0.859711  0.000000  0.000000  
78.624067 0.009107  0.095272  0.003718  0.994013  0.106318  0.025191  -0.105372  0.993769  -0.036330  -0.028896  0.033458  0.999022  -0.001033  -0.001381  -0.000843  0.000000  0.000000  0.000000  2.000000  1.000000  0.000000  0.000000  0.000000  1.000000  0.000000  0.000000  0.000000  1.000000  1.000000  0.000827  0.000106  -0.000827  1.000000  0.000462  -0.000106  -0.000462  1.000000  1.000000  0.000000  0.000000  0.000000  1.000000  0.000000  0.000000  0.000000  1.000000  1.000000  0.000000  0.000000  0.000000  1.000000  0.000000  0.000000  0.000000  1.000000  0.000000  0.000000  
78.625332 0.009108  0.095271  0.003718  0.993970  0.106725  0.025189  -0.105781  0.993730  -0.036219  -0.028896  0.033337  0.999026  -0.000852  -0.001298  -0.000781  0.000000  0.000000  0.000000  2.000000  1.000000  0.000000  0.000000  0.000000  1.000000  0.000000  0.000000  0.000000  1.000000  0.999999  0.001037  0.000233  -0.001037  0.999999  0.000577  -0.000233  -0.000577  1.000000  1.000000  0.000000  0.000000  0.000000  1.000000  0.000000  0.000000  0.000000  1.000000  1.000000  0.000000  0.000000  0.000000  1.000000  0.000000  0.000000  0.000000  1.000000  0.000000  0.000000  
78.626575 0.009110  0.095269  0.003717  0.993922  0.107138  0.025307  -0.106190  0.993685  -0.036244  -0.029030  0.033336  0.999022  -0.000645  -0.001216  -0.000744  0.000000  0.000000  0.000000  2.000000  1.000000  0.000000  0.000000  0.000000  1.000000  0.000000  0.000000  0.000000  1.000000  0.999999  0.001453  0.000353  -0.001453  0.999999  0.000565  -0.000352  -0.000565  1.000000  1.000000  0.000000  0.000000  0.000000  1.000000  0.000000  0.000000  0.000000  1.000000  1.000000  0.000000  0.000000  0.000000  1.000000  0.000000  0.000000  0.000000  1.000000  0.000000  0.000000  
78.627817 0.009112  0.095268  0.003717  0.993896  0.107347  0.025432  -0.106394  0.993663  -0.036263  -0.029164  0.033336  0.999019  -0.000393  -0.001161  -0.000667  0.000000  0.000000  0.000000  2.000000  1.000000  0.000000  0.000000  0.000000  1.000000  0.000000  0.000000  0.000000  1.000000  0.999998  0.001869  0.000473  -0.001869  0.999998  0.000553  -0.000472  -0.000553  1.000000  1.000000  0.000000  0.000000  0.000000  1.000000  0.000000  0.000000  0.000000  1.000000  1.000000  0.000000  0.000000  0.000000  1.000000  0.000000  0.000000  0.000000  1.000000  0.000000  0.000000  
78.628820 0.009114  0.095267  0.003716  0.993874  0.107552  0.025425  -0.106599  0.993640  -0.036269  -0.029164  0.033336  0.999019  -0.000203  -0.001128  -0.000638  0.000000  0.000000  0.000000  2.000000  1.000000  0.000000  0.000000  0.000000  1.000000  0.000000  0.000000  0.000000  1.000000  0.999998  0.001869  0.000473  -0.001869  0.999998  0.000553  -0.000472  -0.000553  1.000000  1.000000  0.000000  0.000000  0.000000  1.000000  0.000000  0.000000  0.000000  1.000000  1.000000  0.000000  0.000000  0.000000  1.000000  0.000000  0.000000  0.000000  1.000000  0.000000  0.000000  
78.629875 0.009117  0.095267  0.003717  0.993848  0.107761  0.025550  -0.106803  0.993618  -0.036288  -0.029298  0.033336  0.999015  0.000131  -0.001000  -0.000537  0.000000  0.000000  0.000000  2.000000  1.000000  0.000000  0.000000  0.000000  1.000000  0.000000  0.000000  0.000000  1.000000  0.999998  0.002079  0.000600  -0.002079  0.999998  0.000425  -0.000599  -0.000426  1.000000  1.000000  0.000000  0.000000  0.000000  1.000000  0.000000  0.000000  0.000000  1.000000  1.000000  0.000000  0.000000  0.000000  1.000000  0.000000  0.000000  0.000000  1.000000  0.000000  0.000000  
78.630877 0.009121  0.095266  0.003716  0.993808  0.108162  0.025416  -0.107212  0.993578  -0.036164  -0.029164  0.033215  0.999023  0.000458  -0.000936  -0.000481  0.000000  0.000000  0.000000  2.000000  1.000000  0.000000  0.000000  0.000000  1.000000  0.000000  0.000000  0.000000  1.000000  0.999997  0.002285  0.000593  -0.002285  0.999997  0.000540  -0.000592  -0.000542  1.000000  1.000000  0.000000  0.000000  0.000000  1.000000  0.000000  0.000000  0.000000  1.000000  1.000000  0.000000  0.000000  0.000000  1.000000  0.000000  0.000000  0.000000  1.000000  0.000000  0.000000  
78.632069 0.009125  0.095265  0.003716  0.993782  0.108371  0.025541  -0.107417  0.993555  -0.036184  -0.029298  0.033215  0.999019  0.000833  -0.000934  -0.000468  0.000000  0.000000  0.000000  2.000000  1.000000  0.000000  0.000000  0.000000  1.000000  0.000000  0.000000  0.000000  1.000000  0.999996  0.002692  0.000446  -0.002692  0.999996  0.000529  -0.000444  -0.000530  1.000000  1.000000  0.000000  0.000000  0.000000  1.000000  0.000000  0.000000  0.000000  1.000000  1.000000  0.000000  0.000000  0.000000  1.000000  0.000000  0.000000  0.000000  1.000000  0.000000  0.000000  
78.633073 0.009129  0.095263  0.003715  0.993738  0.108780  0.025526  -0.107826  0.993511  -0.036194  -0.029298  0.033215  0.999019  0.001146  -0.000948  -0.000410  0.000000  0.000000  0.000000  2.000000  1.000000  0.000000  0.000000  0.000000  1.000000  0.000000  0.000000  0.000000  1.000000  0.999995  0.003107  0.000566  -0.003108  0.999995  0.000516  -0.000564  -0.000518  1.000000  1.000000  0.000000  0.000000  0.000000  1.000000  0.000000  0.000000  0.000000  1.000000  1.000000  0.000000  0.000000  0.000000  1.000000  0.000000  0.000000  0.000000  1.000000  0.000000  0.000000  
78.634324 0.009134  0.095262  0.003714  0.993690  0.109191  0.025657  -0.108234  0.993470  -0.036098  -0.029431  0.033094  0.999019  0.001549  -0.000951  -0.000460  0.000000  0.000000  0.000000  2.000000  1.000000  0.000000  0.000000  0.000000  1.000000  0.000000  0.000000  0.000000  1.000000  0.999994  0.003523  0.000686  -0.003523  0.999994  0.000625  -0.000684  -0.000627  1.000000  1.000000  0.000000  0.000000  0.000000  1.000000  0.000000  0.000000  0.000000  1.000000  1.000000  0.000000  0.000000  0.000000  1.000000  0.000000  0.000000  0.000000  1.000000  0.000000  0.000000  
78.635571 0.009140  0.095260  0.003713  0.993619  0.109809  0.025768  -0.108848  0.993402  -0.036129  -0.029565  0.033094  0.999015  0.002045  -0.000948  -0.000472  0.000000  0.000000  0.000000  2.000000  1.000000  0.000000  0.000000  0.000000  1.000000  0.000000  0.000000  0.000000  1.000000  0.999993  0.003733  0.000813  -0.003734  0.999993  0.000497  -0.000811  -0.000500  1.000000  1.000000  0.000000  0.000000  0.000000  1.000000  0.000000  0.000000  0.000000  1.000000  1.000000  0.000000  0.000000  0.000000  1.000000  0.000000  0.000000  0.000000  1.000000  0.000000  0.000000  
78.636822 0.009145  0.095259  0.003712  0.993570  0.110219  0.025899  -0.109256  0.993360  -0.036034  -0.029699  0.032972  0.999015  0.002488  -0.000969  -0.000444  0.000000  0.000000  0.000000  2.000000  1.000000  0.000000  0.000000  0.000000  1.000000  0.000000  0.000000  0.000000  1.000000  0.999990  0.004350  0.000793  -0.004351  0.999990  0.000600  -0.000791  -0.000603  1.000000  1.000000  0.000000  0.000000  0.000000  1.000000  0.000000  0.000000  0.000000  1.000000  1.000000  0.000000  0.000000  0.000000  1.000000  0.000000  0.000000  0.000000  1.000000  0.000000  0.000000  
78.638071 0.009150  0.095258  0.003711  0.993517  0.110637  0.026150  -0.109665  0.993314  -0.036074  -0.029966  0.032972  0.999007  0.002900  -0.001018  -0.000468  0.027540  -0.039148  0.174277  2.000000  1.000000  0.000000  0.000000  0.000000  1.000000  0.000000  0.000000  0.000000  1.000000  0.999988  0.004766  0.000913  -0.004766  0.999988  0.000587  -0.000911  -0.000591  0.999999  1.000000  0.000000  0.000000  0.000000  1.000000  0.000000  0.000000  0.000000  1.000000  1.000000  0.000000  0.000000  0.000000  1.000000  0.000000  0.000000  0.000000  1.000000  0.000045  0.000000  
78.639321 0.009157  0.095256  0.003711  0.993449  0.111247  0.026141  -0.110278  0.993250  -0.035969  -0.029966  0.032851  0.999011  0.003322  -0.001071  -0.000494  0.026922  -0.038404  0.186618  2.000000  1.000000  0.000130  0.000026  -0.000130  1.000000  0.000011  -0.000026  -0.000011  1.000000  0.999986  0.005182  0.001033  -0.005182  0.999986  0.000453  -0.001031  -0.000458  0.999999  1.000000  0.000065  0.000013  -0.000065  1.000000  0.000006  -0.000013  -0.000006  1.000000  1.000000  0.000130  0.000026  -0.000130  1.000000  0.000011  -0.000026  -0.000011  1.000000  0.000047  0.005303  
78.640322 0.009161  0.095254  0.003710  0.993422  0.111456  0.026267  -0.110482  0.993226  -0.035989  -0.030100  0.032851  0.999007  0.003539  -0.001113  -0.000549  0.026740  -0.042685  0.193858  2.000000  1.000000  0.000399  0.000077  -0.000399  1.000000  0.000040  -0.000077  -0.000040  1.000000  0.999985  0.005387  0.001027  -0.005388  0.999985  0.000568  -0.001024  -0.000573  0.999999  1.000000  0.000067  0.000013  -0.000067  1.000000  0.000007  -0.000013  -0.000007  1.000000  1.000000  0.000399  0.000077  -0.000399  1.000000  0.000040  -0.000077  -0.000040  1.000000  0.000050  0.005514  
78.641565 0.009166  0.095252  0.003709  0.993377  0.111865  0.026252  -0.110891  0.993180  -0.036000  -0.030100  0.032851  0.999007  0.003788  -0.001187  -0.000537  0.026374  -0.042287  0.207883  2.000000  1.000000  0.000749  0.000149  -0.000749  1.000000  0.000075  -0.000149  -0.000075  1.000000  0.999983  0.005803  0.001147  -0.005803  0.999983  0.000555  -0.001144  -0.000561  0.999999  1.000000  0.000073  0.000014  -0.000073  1.000000  0.000007  -0.000014  -0.000007  1.000000  1.000000  0.000749  0.000149  -0.000749  1.000000  0.000075  -0.000149  -0.000075  1.000000  0.000054  0.005941  
78.642576 0.009171  0.095250  0.003709  0.993327  0.112278  0.026370  -0.111300  0.993134  -0.036026  -0.030234  0.032851  0.999003  0.004016  -0.001228  -0.000526  0.026085  -0.046530  0.222895  2.000000  0.999999  0.001044  0.000206  -0.001044  0.999999  0.000100  -0.000206  -0.000100  1.000000  0.999981  0.006008  0.001141  -0.006009  0.999982  0.000427  -0.001138  -0.000434  0.999999  1.000000  0.000075  0.000014  -0.000075  1.000000  0.000005  -0.000014  -0.000005  1.000000  0.999999  0.001044  0.000206  -0.001044  0.999999  0.000100  -0.000206  -0.000100  1.000000  0.000056  0.006131  
78.643817 0.009177  0.095247  0.003708  0.993281  0.112687  0.026355  -0.111709  0.993087  -0.036037  -0.030234  0.032851  0.999003  0.004180  -0.001336  -0.000516  0.025686  -0.046083  0.236782  2.000000  0.999999  0.001435  0.000285  -0.001435  0.999999  0.000126  -0.000285  -0.000127  1.000000  0.999980  0.006219  0.001268  -0.006219  0.999981  0.000420  -0.001265  -0.000428  0.999999  1.000000  0.000078  0.000016  -0.000078  1.000000  0.000005  -0.000016  -0.000005  1.000000  0.999999  0.001435  0.000285  -0.001435  0.999999  0.000126  -0.000285  -0.000127  1.000000  0.000059  0.006361  
78.644817 0.009182  0.095245  0.003708  0.993254  0.112896  0.026481  -0.111913  0.993064  -0.036057  -0.030368  0.032850  0.998999  0.004333  -0.001476  -0.000551  0.021578  -0.046097  0.236780  2.000000  0.999998  0.001759  0.000352  -0.001759  0.999998  0.000147  -0.000351  -0.000147  1.000000  0.999977  0.006634  0.001388  -0.006635  0.999978  0.000407  -0.001385  -0.000416  0.999999  1.000000  0.000083  0.000017  -0.000083  1.000000  0.000005  -0.000017  -0.000005  1.000000  0.999998  0.001759  0.000352  -0.001759  0.999998  0.000147  -0.000351  -0.000147  1.000000  0.000061  0.006790  
78.645885 0.009187  0.095242  0.003708  0.993204  0.113312  0.026585  -0.112321  0.993012  -0.036204  -0.030501  0.032971  0.998991  0.004442  -0.001621  -0.000552  0.017038  -0.050004  0.250196  2.000000  0.999998  0.002093  0.000416  -0.002093  0.999998  0.000166  -0.000416  -0.000167  1.000000  0.999977  0.006634  0.001388  -0.006635  0.999978  0.000285  -0.001386  -0.000294  0.999999  1.000000  0.000083  0.000017  -0.000083  1.000000  0.000004  -0.000017  -0.000004  1.000000  0.999998  0.002093  0.000416  -0.002093  0.999998  0.000166  -0.000416  -0.000167  1.000000  0.000063  0.006784  
78.646889 0.009191  0.095239  0.003707  0.993181  0.113517  0.026577  -0.112526  0.992989  -0.036209  -0.030501  0.032971  0.998991  0.004471  -0.001757  -0.000598  0.016831  -0.049764  0.257040  2.000000  0.999997  0.002347  0.000468  -0.002347  0.999997  0.000172  -0.000467  -0.000173  1.000000  0.999976  0.006840  0.001380  -0.006840  0.999977  0.000157  -0.001379  -0.000167  0.999999  1.000000  0.000086  0.000017  -0.000086  1.000000  0.000002  -0.000017  -0.000002  1.000000  0.999997  0.002347  0.000468  -0.002347  0.999997  0.000172  -0.000467  -0.000173  1.000000  0.000066  0.006980  
78.648068 0.009196  0.095234  0.003707  0.993153  0.113725  0.026703  -0.112730  0.992965  -0.036230  -0.030635  0.032971  0.998987  0.004476  -0.001946  -0.000594  0.012574  -0.054167  0.264738  2.000000  0.999996  0.002601  0.000520  -0.002601  0.999997  0.000178  -0.000519  -0.000179  1.000000  0.999976  0.006840  0.001380  -0.006840  0.999977  0.000156  -0.001379  -0.000166  0.999999  1.000000  0.000086  0.000017  -0.000086  1.000000  0.000002  -0.000017  -0.000002  1.000000  0.999996  0.002601  0.000520  -0.002601  0.999997  0.000178  -0.000519  -0.000179  1.000000  0.000068  0.006980  
78.649071 0.009199  0.095230  0.003706  0.993130  0.113930  0.026695  -0.112934  0.992942  -0.036235  -0.030635  0.032971  0.998987  0.004464  -0.002159  -0.000558  0.012572  -0.054161  0.264707  2.000000  0.999996  0.002941  0.000587  -0.002941  0.999996  0.000186  -0.000586  -0.000187  1.000000  0.999976  0.006836  0.001246  -0.006836  0.999977  0.000157  -0.001245  -0.000165  0.999999  1.000000  0.000085  0.000016  -0.000085  1.000000  0.000002  -0.000016  -0.000002  1.000000  0.999996  0.002941  0.000587  -0.002941  0.999996  0.000186  -0.000586  -0.000187  1.000000  0.000068  0.006950  
78.650321 0.009204  0.095226  0.003705  0.993079  0.114343  0.026813  -0.113343  0.992894  -0.036261  -0.030769  0.032971  0.998983  0.004383  -0.002364  -0.000499  0.012143  -0.058194  0.278679  2.000000  0.999994  0.003368  0.000668  -0.003368  0.999994  0.000195  -0.000668  -0.000198  1.000000  0.999974  0.007046  0.001373  -0.007046  0.999975  0.000149  -0.001372  -0.000159  0.999999  1.000000  0.000088  0.000017  -0.000088  1.000000  0.000002  -0.000017  -0.000002  1.000000  0.999994  0.003368  0.000668  -0.003368  0.999994  0.000195  -0.000668  -0.000198  1.000000  0.000072  0.007180  
78.651567 0.009208  0.095220  0.003705  0.993056  0.114551  0.026792  -0.113547  0.992866  -0.036387  -0.030769  0.033092  0.998979  0.004249  -0.002613  -0.000496  0.003785  -0.057969  0.285617  2.000000  0.999993  0.003795  0.000748  -0.003795  0.999993  0.000205  -0.000747  -0.000208  1.000000  0.999976  0.006836  0.001246  -0.006836  0.999977  0.000156  -0.001245  -0.000164  0.999999  1.000000  0.000085  0.000016  -0.000085  1.000000  0.000002  -0.000016  -0.000002  1.000000  0.999993  0.003795  0.000748  -0.003795  0.999993  0.000205  -0.000747  -0.000208  1.000000  0.000074  0.006950  
78.652821 0.009211  0.095214  0.003704  0.993033  0.114755  0.026784  -0.113752  0.992842  -0.036393  -0.030769  0.033092  0.998979  0.004096  -0.002953  -0.000515  0.003757  -0.057530  0.283455  2.000000  0.999991  0.004202  0.000833  -0.004202  0.999991  0.000200  -0.000832  -0.000204  1.000000  0.999978  0.006429  0.001393  -0.006429  0.999979  -0.000074  -0.001393  0.000065  0.999999  1.000000  0.000080  0.000017  -0.000080  1.000000  -0.000001  -0.000017  0.000001  1.000000  0.999991  0.004202  0.000833  -0.004202  0.999991  0.000200  -0.000832  -0.000204  1.000000  0.000074  0.006578  
78.654070 0.009213  0.095208  0.003703  0.993009  0.114960  0.026777  -0.113956  0.992819  -0.036398  -0.030769  0.033092  0.998979  0.003850  -0.003221  -0.000506  0.003560  -0.053250  0.292406  2.000000  0.999989  0.004593  0.000912  -0.004594  0.999989  0.000196  -0.000911  -0.000200  1.000000  0.999980  0.006219  0.001266  -0.006219  0.999981  -0.000068  -0.001266  0.000060  0.999999  1.000000  0.000078  0.000016  -0.000078  1.000000  -0.000001  -0.000016  0.000001  1.000000  0.999989  0.004593  0.000912  -0.004594  0.999989  0.000196  -0.000911  -0.000200  1.000000  0.000075  0.006347  
78.655320 0.009216  0.095202  0.003702  0.992982  0.115168  0.026902  -0.114160  0.992795  -0.036419  -0.030903  0.033092  0.998974  0.003656  -0.003452  -0.000473  -0.000326  -0.057540  0.283412  2.000000  0.999988  0.004892  0.000979  -0.004892  0.999988  0.000190  -0.000978  -0.000194  1.000000  0.999982  0.005807  0.001280  -0.005807  0.999983  -0.000178  -0.001281  0.000170  0.999999  1.000000  0.000073  0.000016  -0.000073  1.000000  -0.000002  -0.000016  0.000002  1.000000  0.999988  0.004892  0.000979  -0.004892  0.999988  0.000190  -0.000978  -0.000194  1.000000  0.000072  0.005949  
78.656322 0.009218  0.095197  0.003702  0.992982  0.115168  0.026902  -0.114160  0.992795  -0.036419  -0.030903  0.033092  0.998974  0.003490  -0.003676  -0.000518  0.000067  -0.053971  0.271735  2.000000  0.999986  0.005182  0.001041  -0.005182  0.999987  0.000181  -0.001040  -0.000186  0.999999  0.999984  0.005597  0.001153  -0.005597  0.999984  -0.000171  -0.001154  0.000165  0.999999  1.000000  0.000070  0.000014  -0.000070  1.000000  -0.000002  -0.000014  0.000002  1.000000  0.999986  0.005182  0.001041  -0.005182  0.999987  0.000181  -0.001040  -0.000186  0.999999  0.000071  0.005717  
78.657567 0.009219  0.095192  0.003701  0.992954  0.115377  0.027027  -0.114364  0.992770  -0.036440  -0.031036  0.033092  0.998970  0.003236  -0.003857  -0.000511  0.000031  -0.053518  0.269449  2.000000  0.999984  0.005527  0.001117  -0.005527  0.999985  0.000168  -0.001116  -0.000175  0.999999  0.999985  0.005392  0.001160  -0.005391  0.999985  -0.000287  -0.001161  0.000281  0.999999  1.000000  0.000067  0.000015  -0.000067  1.000000  -0.000004  -0.000015  0.000004  1.000000  0.999984  0.005527  0.001117  -0.005527  0.999985  0.000168  -0.001116  -0.000175  0.999999  0.000071  0.005522  
78.658574 0.009220  0.095186  0.003700  0.992930  0.115582  0.027020  -0.114568  0.992747  -0.036445  -0.031036  0.033092  0.998970  0.002963  -0.004111  -0.000549  0.000031  -0.053958  0.271668  2.000000  0.999983  0.005721  0.001159  -0.005721  0.999984  0.000158  -0.001158  -0.000164  0.999999  0.999986  0.005181  0.001033  -0.005181  0.999987  -0.000281  -0.001034  0.000275  0.999999  1.000000  0.000065  0.000013  -0.000065  1.000000  -0.000003  -0.000013  0.000003  1.000000  0.999983  0.005721  0.001159  -0.005721  0.999984  0.000158  -0.001158  -0.000164  0.999999  0.000071  0.005291  
78.659818 0.009222  0.095180  0.003701  0.992930  0.115585  0.027006  -0.114568  0.992742  -0.036566  -0.031036  0.033213  0.998966  0.002618  -0.004324  -0.000502  -0.003831  -0.049369  0.262962  2.000000  0.999983  0.005721  0.001159  -0.005721  0.999984  0.000158  -0.001158  -0.000164  0.999999  0.999989  0.004560  0.000919  -0.004560  0.999990  -0.000383  -0.000921  0.000379  1.000000  1.000000  0.000000  0.000000  0.000000  1.000000  0.000000  0.000000  0.000000  1.000000  0.999983  0.005721  0.001159  -0.005721  0.999984  0.000158  -0.001158  -0.000164  0.999999  0.000068  0.000000  
78.661161 0.009223  0.095175  0.003701  0.992907  0.115789  0.026998  -0.114773  0.992718  -0.036571  -0.031036  0.033213  0.998966  0.002278  -0.004448  -0.000441  -0.007686  -0.054281  0.257194  2.000000  0.999983  0.005721  0.001159  -0.005721  0.999984  0.000158  -0.001158  -0.000164  0.999999  0.999990  0.004355  0.000926  -0.004354  0.999990  -0.000498  -0.000928  0.000494  0.999999  1.000000  0.000000  0.000000  0.000000  1.000000  0.000000  0.000000  0.000000  1.000000  0.999983  0.005721  0.001159  -0.005721  0.999984  0.000158  -0.001158  -0.000164  0.999999  0.000066  0.000000  
78.662319 0.009224  0.095169  0.003701  0.992907  0.115792  0.026984  -0.114773  0.992714  -0.036692  -0.031036  0.033334  0.998962  0.002058  -0.004609  -0.000376  -0.011386  -0.050383  0.243944  2.000000  0.999983  0.005721  0.001159  -0.005721  0.999984  0.000158  -0.001158  -0.000164  0.999999  0.999991  0.004144  0.000799  -0.004144  0.999991  -0.000613  -0.000801  0.000609  0.999999  1.000000  0.000000  0.000000  0.000000  1.000000  0.000000  0.000000  0.000000  1.000000  0.999983  0.005721  0.001159  -0.005721  0.999984  0.000158  -0.001158  -0.000164  0.999999  0.000064  0.000000  
78.663378 0.009225  0.095164  0.003702  0.992883  0.115997  0.026977  -0.114977  0.992690  -0.036697  -0.031036  0.033334  0.998962  0.001847  -0.004595  -0.000257  -0.011151  -0.050496  0.236481  2.000000  0.999983  0.005721  0.001159  -0.005721  0.999984  0.000158  -0.001158  -0.000164  0.999999  0.999991  0.004144  0.000799  -0.004144  0.999991  -0.000613  -0.000801  0.000609  0.999999  1.000000  0.000000  0.000000  0.000000  1.000000  0.000000  0.000000  0.000000  1.000000  0.999983  0.005721  0.001159  -0.005721  0.999984  0.000158  -0.001158  -0.000164  0.999999  0.000061  0.000000  
78.664568 0.009226  0.095158  0.003703  0.992883  0.116000  0.026963  -0.114977  0.992686  -0.036818  -0.031036  0.033456  0.998958  0.001599  -0.004734  -0.000143  -0.018777  -0.046202  0.221248  2.000000  0.999983  0.005721  0.001159  -0.005721  0.999984  0.000158  -0.001158  -0.000164  0.999999  0.999993  0.003729  0.000678  -0.003728  0.999993  -0.000721  -0.000681  0.000719  1.000000  1.000000  0.000000  0.000000  0.000000  1.000000  0.000000  0.000000  0.000000  1.000000  0.999983  0.005721  0.001159  -0.005721  0.999984  0.000158  -0.001158  -0.000164  0.999999  0.000059  0.000000  
78.665640 0.009227  0.095152  0.003705  0.992859  0.116204  0.026955  -0.115182  0.992662  -0.036823  -0.031036  0.033456  0.998958  0.001414  -0.004781  -0.000015  -0.018686  -0.042202  0.215418  2.000000  0.999983  0.005721  0.001159  -0.005721  0.999984  0.000158  -0.001158  -0.000164  0.999999  0.999994  0.003523  0.000685  -0.003523  0.999994  -0.000715  -0.000688  0.000712  1.000000  1.000000  0.000000  0.000000  0.000000  1.000000  0.000000  0.000000  0.000000  1.000000  0.999983  0.005721  0.001159  -0.005721  0.999984  0.000158  -0.001158  -0.000164  0.999999  0.000056  0.000000  
78.666817 0.009227  0.095146  0.003706  0.992859  0.116204  0.026955  -0.115182  0.992662  -0.036823  -0.031036  0.033456  0.998958  0.001235  -0.004911  0.000104  -0.022220  -0.037970  0.200318  2.000000  0.999983  0.005721  0.001159  -0.005721  0.999984  0.000158  -0.001158  -0.000164  0.999999  0.999994  0.003313  0.000558  -0.003313  0.999994  -0.000709  -0.000561  0.000707  1.000000  1.000000  0.000000  0.000000  0.000000  1.000000  0.000000  0.000000  0.000000  1.000000  0.999983  0.005721  0.001159  -0.005721  0.999984  0.000158  -0.001158  -0.000164  0.999999  0.000052  0.000000  
78.667823 0.009228  0.095139  0.003707  0.992836  0.116412  0.026933  -0.115386  0.992633  -0.036949  -0.031036  0.033577  0.998954  0.001089  -0.004975  0.000232  -0.026293  -0.029509  0.194743  2.000000  0.999983  0.005721  0.001159  -0.005721  0.999984  0.000158  -0.001158  -0.000164  0.999999  0.999995  0.003103  0.000431  -0.003103  0.999995  -0.000702  -0.000433  0.000701  1.000000  1.000000  0.000000  0.000000  0.000000  1.000000  0.000000  0.000000  0.000000  1.000000  0.999983  0.005721  0.001159  -0.005721  0.999984  0.000158  -0.001158  -0.000164  0.999999  0.000050  0.000000  
78.669071 0.009229  0.095132  0.003708  0.992836  0.116412  0.026933  -0.115386  0.992633  -0.036949  -0.031036  0.033577  0.998954  0.000963  -0.005080  0.000343  -0.029740  -0.030214  0.174021  2.000000  0.999983  0.005721  0.001159  -0.005721  0.999984  0.000158  -0.001158  -0.000164  0.999999  0.999996  0.002687  0.000311  -0.002687  0.999996  -0.000689  -0.000313  0.000689  1.000000  1.000000  0.000000  0.000000  0.000000  1.000000  0.000000  0.000000  0.000000  1.000000  0.999983  0.005721  0.001159  -0.005721  0.999984  0.000158  -0.001158  -0.000164  0.999999  0.000046  0.000000  
78.670322 0.009229  0.095126  0.003710  0.992812  0.116616  0.026926  -0.115590  0.992609  -0.036955  -0.031036  0.033577  0.998954  0.000874  -0.005102  0.000527  -0.029504  -0.025505  0.172426  2.000000  0.999983  0.005721  0.001159  -0.005721  0.999984  0.000158  -0.001158  -0.000164  0.999999  0.999996  0.002687  0.000311  -0.002687  0.999996  -0.000689  -0.000313  0.000689  1.000000  1.000000  0.000000  0.000000  0.000000  1.000000  0.000000  0.000000  0.000000  1.000000  0.999983  0.005721  0.001159  -0.005721  0.999984  0.000158  -0.001158  -0.000164  0.999999  0.000045  0.000000  
78.671325 0.009231  0.095121  0.003712  0.992812  0.116616  0.026926  -0.115590  0.992609  -0.036955  -0.031036  0.033577  0.998954  0.000830  -0.005125  0.000680  0.000000  0.000000  0.000000  2.000000  0.999983  0.005721  0.001159  -0.005721  0.999984  0.000158  -0.001158  -0.000164  0.999999  0.999997  0.002271  0.000191  -0.002271  0.999997  -0.000677  -0.000193  0.000676  1.000000  1.000000  0.000000  0.000000  0.000000  1.000000  0.000000  0.000000  0.000000  1.000000  0.999983  0.005721  0.001159  -0.005721  0.999984  0.000158  -0.001158  -0.000164  0.999999  0.000000  0.000000  
78.672568 0.009233  0.095114  0.003713  0.992788  0.116821  0.026918  -0.115795  0.992585  -0.036960  -0.031036  0.033577  0.998954  0.000885  -0.005132  0.000827  0.000000  0.000000  0.000000  2.000000  0.999983  0.005721  0.001159  -0.005721  0.999984  0.000158  -0.001158  -0.000164  0.999999  0.999997  0.002271  0.000191  -0.002271  0.999997  -0.000677  -0.000193  0.000676  1.000000  1.000000  0.000000  0.000000  0.000000  1.000000  0.000000  0.000000  0.000000  1.000000  0.999983  0.005721  0.001159  -0.005721  0.999984  0.000158  -0.001158  -0.000164  0.999999  0.000000  0.000000  
78.673571 0.009234  0.095110  0.003715  0.992788  0.116821  0.026918  -0.115795  0.992585  -0.036960  -0.031036  0.033577  0.998954  0.000904  -0.005106  0.000948  0.000000  0.000000  0.000000  2.000000  0.999983  0.005721  0.001159  -0.005721  0.999984  0.000158  -0.001158  -0.000164  0.999999  0.999998  0.002066  0.000198  -0.002065  0.999998  -0.000549  -0.000199  0.000549  1.000000  1.000000  0.000000  0.000000  0.000000  1.000000  0.000000  0.000000  0.000000  1.000000  0.999983  0.005721  0.001159  -0.005721  0.999984  0.000158  -0.001158  -0.000164  0.999999  0.000000  0.000000  
78.674580 0.009236  0.095105  0.003716  0.992788  0.116821  0.026918  -0.115795  0.992585  -0.036960  -0.031036  0.033577  0.998954  0.000955  -0.005099  0.001028  0.000000  0.000000  0.000000  2.000000  0.999983  0.005721  0.001159  -0.005721  0.999984  0.000158  -0.001158  -0.000164  0.999999  0.999998  0.002066  0.000198  -0.002065  0.999998  -0.000549  -0.000199  0.000549  1.000000  1.000000  0.000000  0.000000  0.000000  1.000000  0.000000  0.000000  0.000000  1.000000  0.999983  0.005721  0.001159  -0.005721  0.999984  0.000158  -0.001158  -0.000164  0.999999  0.000000  0.000000  
78.675817 0.009238  0.095099  0.003718  0.992764  0.117025  0.026911  -0.115999  0.992561  -0.036966  -0.031036  0.033577  0.998954  0.001025  -0.005120  0.001139  0.000000  0.000000  0.000000  2.000000  0.999983  0.005721  0.001159  -0.005721  0.999984  0.000158  -0.001158  -0.000164  0.999999  0.999998  0.002061  0.000065  -0.002061  0.999998  -0.000549  -0.000066  0.000549  1.000000  1.000000  0.000000  0.000000  0.000000  1.000000  0.000000  0.000000  0.000000  1.000000  0.999983  0.005721  0.001159  -0.005721  0.999984  0.000158  -0.001158  -0.000164  0.999999  0.000000  0.000000  
78.676878 0.009241  0.095095  0.003719  0.992740  0.117229  0.026903  -0.116204  0.992537  -0.036971  -0.031036  0.033577  0.998954  0.001174  -0.005026  0.001221  0.000000  0.000000  0.000000  2.000000  0.999983  0.005721  0.001159  -0.005721  0.999984  0.000158  -0.001158  -0.000164  0.999999  0.999998  0.002061  0.000065  -0.002061  0.999998  -0.000549  -0.000066  0.000549  1.000000  1.000000  0.000000  0.000000  0.000000  1.000000  0.000000  0.000000  0.000000  1.000000  0.999983  0.005721  0.001159  -0.005721  0.999984  0.000158  -0.001158  -0.000164  0.999999  0.000000  0.000000  
78.678065 0.009244  0.095091  0.003721  0.992740  0.117229  0.026903  -0.116204  0.992537  -0.036971  -0.031036  0.033577  0.998954  0.001287  -0.004992  0.001325  0.000000  0.000000  0.000000  2.000000  0.999983  0.005721  0.001159  -0.005721  0.999984  0.000158  -0.001158  -0.000164  0.999999  0.999998  0.001851  -0.000062  -0.001851  0.999998  -0.000543  0.000061  0.000543  1.000000  1.000000  0.000000  0.000000  0.000000  1.000000  0.000000  0.000000  0.000000  1.000000  0.999983  0.005721  0.001159  -0.005721  0.999984  0.000158  -0.001158  -0.000164  0.999999  0.000000  0.000000  
78.679067 0.009247  0.095087  0.003723  0.992716  0.117434  0.026895  -0.116408  0.992513  -0.036977  -0.031036  0.033577  0.998954  0.001448  -0.004918  0.001371  0.000000  0.000000  0.000000  2.000000  0.999983  0.005721  0.001159  -0.005721  0.999984  0.000158  -0.001158  -0.000164  0.999999  0.999998  0.002057  -0.000069  -0.002057  0.999998  -0.000549  0.000068  0.000549  1.000000  1.000000  0.000000  0.000000  0.000000  1.000000  0.000000  0.000000  0.000000  1.000000  0.999983  0.005721  0.001159  -0.005721  0.999984  0.000158  -0.001158  -0.000164  0.999999  0.000000  0.000000  
78.680316 0.009251  0.095081  0.003725  0.992716  0.117434  0.026895  -0.116408  0.992513  -0.036977  -0.031036  0.033577  0.998954  0.001677  -0.004852  0.001382  0.000000  0.000000  0.000000  2.000000  0.999983  0.005721  0.001159  -0.005721  0.999984  0.000158  -0.001158  -0.000164  0.999999  0.999998  0.001851  -0.000062  -0.001851  0.999998  -0.000421  0.000061  0.000421  1.000000  1.000000  0.000000  0.000000  0.000000  1.000000  0.000000  0.000000  0.000000  1.000000  0.999983  0.005721  0.001159  -0.005721  0.999984  0.000158  -0.001158  -0.000164  0.999999  0.000000  0.000000  
78.681566 0.009256  0.095076  0.003727  0.992692  0.117638  0.026888  -0.116612  0.992489  -0.036982  -0.031036  0.033577  0.998954  0.001926  -0.004725  0.001406  0.000000  0.000000  0.000000  2.000000  0.999983  0.005721  0.001159  -0.005721  0.999984  0.000158  -0.001158  -0.000164  0.999999  0.999998  0.002057  -0.000069  -0.002057  0.999998  -0.000428  0.000068  0.000428  1.000000  1.000000  0.000000  0.000000  0.000000  1.000000  0.000000  0.000000  0.000000  1.000000  0.999983  0.005721  0.001159  -0.005721  0.999984  0.000158  -0.001158  -0.000164  0.999999  0.000000  0.000000  
78.682579 0.009260  0.095071  0.003728  0.992668  0.117842  0.026880  -0.116817  0.992464  -0.036988  -0.031036  0.033577  0.998954  0.002174  -0.004608  0.001454  0.000000  0.000000  0.000000  2.000000  0.999983  0.005721  0.001159  -0.005721  0.999984  0.000158  -0.001158  -0.000164  0.999999  0.999998  0.002057  -0.000069  -0.002057  0.999998  -0.000428  0.000068  0.000428  1.000000  1.000000  0.000000  0.000000  0.000000  1.000000  0.000000  0.000000  0.000000  1.000000  0.999983  0.005721  0.001159  -0.005721  0.999984  0.000158  -0.001158  -0.000164  0.999999  0.000000  0.000000  
78.683818 0.009265  0.095066  0.003730  0.992644  0.118047  0.026872  -0.117021  0.992440  -0.036994  -0.031036  0.033577  0.998954  0.002440  -0.004525  0.001476  0.000000  0.000000  0.000000  2.000000  0.999983  0.005721  0.001159  -0.005721  0.999984  0.000158  -0.001158  -0.000164  0.999999  0.999997  0.002262  -0.000076  -0.002262  0.999997  -0.000313  0.000075  0.000313  1.000000  1.000000  0.000000  0.000000  0.000000  1.000000  0.000000  0.000000  0.000000  1.000000  0.999983  0.005721  0.001159  -0.005721  0.999984  0.000158  -0.001158  -0.000164  0.999999  0.000000  0.000000  
78.684822 0.009269  0.095061  0.003731  0.992620  0.118251  0.026865  -0.117225  0.992416  -0.036999  -0.031036  0.033577  0.998954  0.002707  -0.004473  0.001450  0.000000  0.000000  0.000000  2.000000  0.999983  0.005721  0.001159  -0.005721  0.999984  0.000158  -0.001158  -0.000164  0.999999  0.999998  0.002057  -0.000069  -0.002057  0.999998  -0.000306  0.000069  0.000307  1.000000  1.000000  0.000000  0.000000  0.000000  1.000000  0.000000  0.000000  0.000000  1.000000  0.999983  0.005721  0.001159  -0.005721  0.999984  0.000158  -0.001158  -0.000164  0.999999  0.000000  0.000000  
78.686071 0.009275  0.095055  0.003733  0.992620  0.118248  0.026879  -0.117225  0.992420  -0.036879  -0.031036  0.033456  0.998958  0.002991  -0.004478  0.001430  0.000000  0.000000  0.000000  2.000000  0.999983  0.005721  0.001159  -0.005721  0.999984  0.000158  -0.001158  -0.000164  0.999999  0.999998  0.002057  -0.000069  -0.002057  0.999998  -0.000064  0.000069  0.000064  1.000000  1.000000  0.000000  0.000000  0.000000  1.000000  0.000000  0.000000  0.000000  1.000000  0.999983  0.005721  0.001159  -0.005721  0.999984  0.000158  -0.001158  -0.000164  0.999999  0.000000  0.000000  
78.687072 0.009280  0.095050  0.003734  0.992596  0.118452  0.026872  -0.117430  0.992396  -0.036884  -0.031036  0.033456  0.998958  0.003211  -0.004454  0.001394  0.000000  0.000000  0.000000  2.000000  0.999983  0.005721  0.001159  -0.005721  0.999984  0.000158  -0.001158  -0.000164  0.999999  0.999997  0.002262  -0.000076  -0.002262  0.999997  -0.000070  0.000076  0.000070  1.000000  1.000000  0.000000  0.000000  0.000000  1.000000  0.000000  0.000000  0.000000  1.000000  0.999983  0.005721  0.001159  -0.005721  0.999984  0.000158  -0.001158  -0.000164  0.999999  0.000000  0.000000  
78.688321 0.009286  0.095044  0.003735  0.992572  0.118656  0.026864  -0.117634  0.992372  -0.036890  -0.031036  0.033456  0.998958  0.003547  -0.004456  0.001375  0.000000  0.000000  0.000000  2.000000  0.999983  0.005721  0.001159  -0.005721  0.999984  0.000158  -0.001158  -0.000164  0.999999  0.999997  0.002262  -0.000076  -0.002262  0.999997  0.000051  0.000076  -0.000051  1.000000  1.000000  0.000000  0.000000  0.000000  1.000000  0.000000  0.000000  0.000000  1.000000  0.999983  0.005721  0.001159  -0.005721  0.999984  0.000158  -0.001158  -0.000164  0.999999  0.000000  0.000000  
78.689321 0.009291  0.095039  0.003734  0.992552  0.118856  0.026724  -0.117839  0.992348  -0.036880  -0.030903  0.033456  0.998962  0.003778  -0.004501  0.001265  0.000000  0.000000  0.000000  2.000000  0.999983  0.005721  0.001159  -0.005721  0.999984  0.000158  -0.001158  -0.000164  0.999999  0.999997  0.002463  -0.000216  -0.002463  0.999997  0.000045  0.000217  -0.000045  1.000000  1.000000  0.000000  0.000000  0.000000  1.000000  0.000000  0.000000  0.000000  1.000000  0.999983  0.005721  0.001159  -0.005721  0.999984  0.000158  -0.001158  -0.000164  0.999999  0.000000  0.000000  
78.690342 0.009296  0.095033  0.003734  0.992527  0.119057  0.026731  -0.118043  0.992328  -0.036765  -0.030903  0.033335  0.998966  0.003954  -0.004560  0.001161  0.000000  0.000000  0.000000  2.000000  0.999983  0.005721  0.001159  -0.005721  0.999984  0.000158  -0.001158  -0.000164  0.999999  0.999996  0.002669  -0.000223  -0.002669  0.999996  0.000039  0.000223  -0.000038  1.000000  1.000000  0.000000  0.000000  0.000000  1.000000  0.000000  0.000000  0.000000  1.000000  0.999983  0.005721  0.001159  -0.005721  0.999984  0.000158  -0.001158  -0.000164  0.999999  0.000000  0.000000  
78.691568 0.009303  0.095026  0.003732  0.992503  0.119262  0.026723  -0.118248  0.992303  -0.036770  -0.030903  0.033335  0.998966  0.004187  -0.004670  0.000924  0.000000  0.000000  0.000000  2.000000  0.999983  0.005721  0.001159  -0.005721  0.999984  0.000158  -0.001158  -0.000164  0.999999  0.999996  0.002669  -0.000223  -0.002669  0.999996  0.000160  0.000223  -0.000159  1.000000  1.000000  0.000000  0.000000  0.000000  1.000000  0.000000  0.000000  0.000000  1.000000  0.999983  0.005721  0.001159  -0.005721  0.999984  0.000158  -0.001158  -0.000164  0.999999  0.000000  0.000000  
78.692818 0.009309  0.095019  0.003731  0.992479  0.119466  0.026715  -0.118452  0.992279  -0.036776  -0.030903  0.033335  0.998966  0.004408  -0.004828  0.000635  0.000000  0.000000  0.000000  2.000000  0.999983  0.005721  0.001159  -0.005721  0.999984  0.000158  -0.001158  -0.000164  0.999999  0.999996  0.002875  -0.000230  -0.002875  0.999996  0.000154  0.000230  -0.000153  1.000000  1.000000  0.000000  0.000000  0.000000  1.000000  0.000000  0.000000  0.000000  1.000000  0.999983  0.005721  0.001159  -0.005721  0.999984  0.000158  -0.001158  -0.000164  0.999999  0.000000  0.000000  
78.693873 0.009315  0.095014  0.003730  0.992454  0.119670  0.026708  -0.118656  0.992254  -0.036781  -0.030903  0.033335  0.998966  0.004574  -0.004917  0.000445  0.000000  0.000000  0.000000  2.000000  0.999983  0.005721  0.001159  -0.005721  0.999984  0.000158  -0.001158  -0.000164  0.999999  0.999996  0.002875  -0.000230  -0.002875  0.999996  0.000154  0.000230  -0.000153  1.000000  1.000000  0.000000  0.000000  0.000000  1.000000  0.000000  0.000000  0.000000  1.000000  0.999983  0.005721  0.001159  -0.005721  0.999984  0.000158  -0.001158  -0.000164  0.999999  0.000000  0.000000  
78.695123 0.009322  0.095007  0.003728  0.992405  0.120079  0.026693  -0.119065  0.992205  -0.036792  -0.030903  0.033335  0.998966  0.004777  -0.005008  0.000180  0.000000  0.000000  0.000000  2.000000  0.999983  0.005721  0.001159  -0.005721  0.999984  0.000158  -0.001158  -0.000164  0.999999  0.999995  0.003080  -0.000237  -0.003080  0.999995  0.000147  0.000237  -0.000147  1.000000  1.000000  0.000000  0.000000  0.000000  1.000000  0.000000  0.000000  0.000000  1.000000  0.999983  0.005721  0.001159  -0.005721  0.999984  0.000158  -0.001158  -0.000164  0.999999  0.000000  0.000000  
78.696334 0.009330  0.094999  0.003725  0.992381  0.120283  0.026685  -0.119269  0.992180  -0.036798  -0.030903  0.033335  0.998966  0.004996  -0.005199  -0.000116  0.000000  0.000000  0.000000  2.000000  0.999983  0.005721  0.001159  -0.005721  0.999984  0.000158  -0.001158  -0.000164  0.999999  0.999995  0.003286  -0.000244  -0.003286  0.999995  0.000141  0.000244  -0.000140  1.000000  1.000000  0.000000  0.000000  0.000000  1.000000  0.000000  0.000000  0.000000  1.000000  0.999983  0.005721  0.001159  -0.005721  0.999984  0.000158  -0.001158  -0.000164  0.999999  0.000000  0.000000  
78.697567 0.009337  0.094991  0.003722  0.992356  0.120487  0.026678  -0.119473  0.992155  -0.036803  -0.030903  0.033335  0.998966  0.005156  -0.005349  -0.000414  0.000000  0.000000  0.000000  2.000000  0.999983  0.005721  0.001159  -0.005721  0.999984  0.000158  -0.001158  -0.000164  0.999999  0.999994  0.003492  -0.000251  -0.003492  0.999994  0.000135  0.000251  -0.000134  1.000000  1.000000  0.000000  0.000000  0.000000  1.000000  0.000000  0.000000  0.000000  1.000000  0.999983  0.005721  0.001159  -0.005721  0.999984  0.000158  -0.001158  -0.000164  0.999999  0.000000  0.000000  
