1-Time 2-Px 3-Py 4-Pz 5-R11 6-R21 7-R31 8-R12 9-R22 10-R32 11-R13 12-R23 13-R33 14-Vx 15-Vy 16-Vz 17-Wx 18-Wy 19-Wz 20-state 21-PR11 22-PR21 23-PR31 24-PR12 25-PR22 26-PR32 27-PR13 28-PR23 29-PR33 
126.663393 0.001855  0.090079  -0.003109  0.998556  0.051796  0.014250  -0.051851  0.998649  0.003511  -0.014048  -0.004245  0.999892  -0.001628  -0.001496  -0.000933  0.000000  0.000000  0.000000  2.000000  1.000000  0.000000  0.000000  -0.000000  1.000000  0.000000  0.000000  -0.000000  1.000000  0.999999  0.001235  0.000005  -0.001235  0.999999  -0.000139  -0.000005  0.000139  1.000000  1.000000  0.000000  0.000000  0.000000  1.000000  0.000000  0.000000  0.000000  1.000000  0.647368  0.704587  -0.290639  -0.760098  0.624967  -0.177951  0.056258  0.336114  0.940140  0.000000  0.000000  
126.664399 0.001853  0.090077  -0.003110  0.998556  0.051796  0.014250  -0.051851  0.998649  0.003511  -0.014048  -0.004245  0.999892  -0.001658  -0.001522  -0.000953  0.000000  0.000000  0.000000  2.000000  1.000000  0.000000  0.000000  0.000000  1.000000  0.000000  0.000000  0.000000  1.000000  0.999999  0.001235  0.000005  -0.001235  0.999999  -0.000139  -0.000005  0.000139  1.000000  1.000000  0.000000  0.000000  0.000000  1.000000  0.000000  0.000000  0.000000  1.000000  1.000000  0.000000  0.000000  0.000000  1.000000  0.000000  0.000000  0.000000  1.000000  0.000000  0.000000  
126.665647 0.001850  0.090072  -0.003113  0.998535  0.052207  0.014251  -0.052262  0.998627  0.003505  -0.014048  -0.004245  0.999892  -0.001807  -0.001765  -0.001114  0.000000  0.000000  0.000000  2.000000  1.000000  0.000000  0.000000  0.000000  1.000000  0.000000  0.000000  0.000000  1.000000  0.999999  0.001235  0.000005  -0.001235  0.999999  -0.000139  -0.000005  0.000139  1.000000  1.000000  0.000000  0.000000  0.000000  1.000000  0.000000  0.000000  0.000000  1.000000  1.000000  0.000000  0.000000  0.000000  1.000000  0.000000  0.000000  0.000000  1.000000  0.000000  0.000000  
126.666648 0.001847  0.090067  -0.003117  0.998522  0.052412  0.014385  -0.052468  0.998617  0.003495  -0.014182  -0.004245  0.999890  -0.001904  -0.002000  -0.001324  0.000000  0.000000  0.000000  2.000000  1.000000  0.000000  0.000000  0.000000  1.000000  0.000000  0.000000  0.000000  1.000000  0.999999  0.001646  0.000141  -0.001646  0.999999  -0.000145  -0.000141  0.000144  1.000000  1.000000  0.000000  0.000000  0.000000  1.000000  0.000000  0.000000  0.000000  1.000000  1.000000  0.000000  0.000000  0.000000  1.000000  0.000000  0.000000  0.000000  1.000000  0.000000  0.000000  
126.667898 0.001843  0.090062  -0.003121  0.998498  0.052823  0.014520  -0.052879  0.998595  0.003482  -0.014316  -0.004245  0.999889  -0.002000  -0.002290  -0.001522  0.000000  0.000000  0.000000  2.000000  1.000000  0.000000  0.000000  0.000000  1.000000  0.000000  0.000000  0.000000  1.000000  0.999998  0.002058  0.000143  -0.002058  0.999998  -0.000151  -0.000143  0.000150  1.000000  1.000000  0.000000  0.000000  0.000000  1.000000  0.000000  0.000000  0.000000  1.000000  1.000000  0.000000  0.000000  0.000000  1.000000  0.000000  0.000000  0.000000  1.000000  0.000000  0.000000  
126.669143 0.001840  0.090055  -0.003125  0.998487  0.053027  0.014527  -0.053084  0.998584  0.003600  -0.014316  -0.004366  0.999888  -0.002109  -0.002577  -0.001687  0.000000  0.000000  0.000000  2.000000  1.000000  0.000000  0.000000  0.000000  1.000000  0.000000  0.000000  0.000000  1.000000  0.999998  0.002057  0.000276  -0.002057  0.999998  -0.000151  -0.000277  0.000150  1.000000  1.000000  0.000000  0.000000  0.000000  1.000000  0.000000  0.000000  0.000000  1.000000  1.000000  0.000000  0.000000  0.000000  1.000000  0.000000  0.000000  0.000000  1.000000  0.000000  0.000000  
126.670149 0.001837  0.090050  -0.003128  0.998476  0.053232  0.014528  -0.053290  0.998573  0.003598  -0.014316  -0.004366  0.999888  -0.002173  -0.002839  -0.001864  0.000000  0.000000  0.000000  2.000000  1.000000  0.000000  0.000000  0.000000  1.000000  0.000000  0.000000  0.000000  1.000000  0.999997  0.002263  0.000277  -0.002263  0.999997  -0.000032  -0.000278  0.000032  1.000000  1.000000  0.000000  0.000000  0.000000  1.000000  0.000000  0.000000  0.000000  1.000000  1.000000  0.000000  0.000000  0.000000  1.000000  0.000000  0.000000  0.000000  1.000000  0.000000  0.000000  
126.671394 0.001833  0.090044  -0.003131  0.998456  0.053644  0.014396  -0.053701  0.998551  0.003599  -0.014182  -0.004366  0.999890  -0.002303  -0.003099  -0.002006  0.000000  0.000000  0.000000  2.000000  1.000000  0.000000  0.000000  0.000000  1.000000  0.000000  0.000000  0.000000  1.000000  0.999996  0.002675  0.000145  -0.002675  0.999996  0.000083  -0.000145  -0.000084  1.000000  1.000000  0.000000  0.000000  0.000000  1.000000  0.000000  0.000000  0.000000  1.000000  1.000000  0.000000  0.000000  0.000000  1.000000  0.000000  0.000000  0.000000  1.000000  0.000000  0.000000  
126.672644 0.001829  0.090038  -0.003135  0.998434  0.054055  0.014398  -0.054112  0.998528  0.003593  -0.014182  -0.004366  0.999890  -0.002399  -0.003389  -0.002204  0.000000  0.000000  0.000000  2.000000  1.000000  0.000000  0.000000  0.000000  1.000000  0.000000  0.000000  0.000000  1.000000  0.999996  0.002881  0.000146  -0.002881  0.999996  0.000080  -0.000146  -0.000081  1.000000  1.000000  0.000000  0.000000  0.000000  1.000000  0.000000  0.000000  0.000000  1.000000  1.000000  0.000000  0.000000  0.000000  1.000000  0.000000  0.000000  0.000000  1.000000  0.000000  0.000000  
126.673644 0.001826  0.090033  -0.003139  0.998412  0.054466  0.014399  -0.054523  0.998506  0.003587  -0.014182  -0.004366  0.999890  -0.002509  -0.003632  -0.002423  0.000000  0.000000  0.000000  2.000000  1.000000  0.000000  0.000000  0.000000  1.000000  0.000000  0.000000  0.000000  1.000000  0.999995  0.003293  0.000148  -0.003293  0.999995  0.000075  -0.000148  -0.000075  1.000000  1.000000  0.000000  0.000000  0.000000  1.000000  0.000000  0.000000  0.000000  1.000000  1.000000  0.000000  0.000000  0.000000  1.000000  0.000000  0.000000  0.000000  1.000000  0.000000  0.000000  
126.674894 0.001822  0.090026  -0.003144  0.998389  0.054876  0.014407  -0.054934  0.998483  0.003702  -0.014182  -0.004488  0.999889  -0.002674  -0.003952  -0.002671  0.000000  0.000000  0.000000  2.000000  1.000000  0.000000  0.000000  0.000000  1.000000  0.000000  0.000000  0.000000  1.000000  0.999993  0.003705  0.000150  -0.003705  0.999993  0.000190  -0.000150  -0.000191  1.000000  1.000000  0.000000  0.000000  0.000000  1.000000  0.000000  0.000000  0.000000  1.000000  1.000000  0.000000  0.000000  0.000000  1.000000  0.000000  0.000000  0.000000  1.000000  0.000000  0.000000  
126.676147 0.001817  0.090020  -0.003149  0.998353  0.055492  0.014543  -0.055551  0.998449  0.003686  -0.014316  -0.004488  0.999887  -0.002814  -0.004220  -0.002909  0.000000  0.000000  0.000000  2.000000  1.000000  0.000000  0.000000  0.000000  1.000000  0.000000  0.000000  0.000000  1.000000  0.999992  0.003910  0.000285  -0.003910  0.999992  0.000187  -0.000284  -0.000188  1.000000  1.000000  0.000000  0.000000  0.000000  1.000000  0.000000  0.000000  0.000000  1.000000  1.000000  0.000000  0.000000  0.000000  1.000000  0.000000  0.000000  0.000000  1.000000  0.000000  0.000000  
126.677405 0.001813  0.090014  -0.003154  0.998319  0.056110  0.014539  -0.056167  0.998415  0.003556  -0.014316  -0.004366  0.999888  -0.002959  -0.004506  -0.003102  -0.002550  -0.009774  0.179754  2.000000  1.000000  0.000000  0.000000  0.000000  1.000000  0.000000  0.000000  0.000000  1.000000  0.999990  0.004527  0.000288  -0.004528  0.999990  0.000178  -0.000287  -0.000179  1.000000  1.000000  0.000000  0.000000  0.000000  1.000000  0.000000  0.000000  0.000000  1.000000  1.000000  0.000000  0.000000  0.000000  1.000000  0.000000  0.000000  0.000000  1.000000  0.000043  0.000000  
126.678642 0.001808  0.090005  -0.003159  0.998296  0.056521  0.014540  -0.056579  0.998392  0.003550  -0.014316  -0.004366  0.999888  -0.003153  -0.004875  -0.003337  -0.002649  -0.009809  0.186752  2.000000  1.000000  0.000029  0.000058  -0.000029  1.000000  0.000001  -0.000058  -0.000001  1.000000  0.999987  0.005145  0.000290  -0.005145  0.999987  0.000048  -0.000290  -0.000049  1.000000  1.000000  0.000029  0.000058  -0.000029  1.000000  0.000001  -0.000058  -0.000001  1.000000  1.000000  0.000029  0.000058  -0.000029  1.000000  0.000001  -0.000058  -0.000001  1.000000  0.000047  0.005153  
126.679649 0.001803  0.089999  -0.003163  0.998272  0.056932  0.014541  -0.056990  0.998368  0.003544  -0.014316  -0.004366  0.999888  -0.003327  -0.005183  -0.003547  -0.002845  -0.009867  0.200541  2.000000  1.000000  0.000088  0.000175  -0.000088  1.000000  0.000002  -0.000175  -0.000002  1.000000  0.999986  0.005351  0.000291  -0.005351  0.999986  0.000045  -0.000291  -0.000046  1.000000  1.000000  0.000030  0.000060  -0.000030  1.000000  0.000001  -0.000060  -0.000001  1.000000  1.000000  0.000088  0.000175  -0.000088  1.000000  0.000002  -0.000175  -0.000002  1.000000  0.000050  0.005359  
126.680893 0.001796  0.089988  -0.003170  0.998237  0.057549  0.014544  -0.057606  0.998333  0.003535  -0.014316  -0.004366  0.999888  -0.003560  -0.005511  -0.003713  0.000937  -0.009947  0.221343  2.000000  1.000000  0.000247  0.000487  -0.000247  1.000000  0.000004  -0.000487  -0.000004  1.000000  0.999983  0.005763  0.000293  -0.005763  0.999983  0.000039  -0.000292  -0.000040  1.000000  1.000000  0.000033  0.000064  -0.000033  1.000000  0.000000  -0.000064  -0.000000  1.000000  1.000000  0.000247  0.000487  -0.000247  1.000000  0.000004  -0.000487  -0.000004  1.000000  0.000053  0.005770  
126.681897 0.001790  0.089981  -0.003174  0.998225  0.057755  0.014544  -0.057812  0.998321  0.003532  -0.014316  -0.004366  0.999888  -0.003704  -0.005703  -0.003746  0.000936  -0.009944  0.221296  2.000000  1.000000  0.000351  0.000688  -0.000351  1.000000  0.000006  -0.000688  -0.000006  1.000000  0.999981  0.006174  0.000294  -0.006174  0.999981  0.000033  -0.000294  -0.000035  1.000000  1.000000  0.000035  0.000069  -0.000035  1.000000  0.000000  -0.000069  -0.000000  1.000000  1.000000  0.000351  0.000688  -0.000351  1.000000  0.000006  -0.000688  -0.000006  1.000000  0.000055  0.006181  
126.682898 0.001785  0.089972  -0.003178  0.998199  0.058165  0.014679  -0.058222  0.998297  0.003518  -0.014450  -0.004366  0.999886  -0.003872  -0.005945  -0.003789  0.000724  -0.014499  0.235102  2.000000  0.999999  0.000497  0.000970  -0.000497  1.000000  0.000007  -0.000970  -0.000008  1.000000  0.999980  0.006380  0.000295  -0.006380  0.999980  0.000030  -0.000295  -0.000032  1.000000  1.000000  0.000037  0.000071  -0.000037  1.000000  0.000000  -0.000071  -0.000000  1.000000  0.999999  0.000497  0.000970  -0.000497  1.000000  0.000007  -0.000970  -0.000008  1.000000  0.000057  0.006387  
126.683898 0.001780  0.089964  -0.003181  0.998175  0.058576  0.014681  -0.058633  0.998273  0.003512  -0.014450  -0.004366  0.999886  -0.004021  -0.006188  -0.003846  0.000527  -0.014561  0.248969  2.000000  0.999999  0.000641  0.001264  -0.000641  1.000000  0.000008  -0.001264  -0.000009  0.999999  0.999978  0.006585  0.000430  -0.006585  0.999978  0.000026  -0.000430  -0.000029  1.000000  1.000000  0.000037  0.000074  -0.000037  1.000000  0.000000  -0.000074  -0.000000  1.000000  0.999999  0.000641  0.001264  -0.000641  1.000000  0.000008  -0.001264  -0.000009  0.999999  0.000061  0.006599  
126.685144 0.001774  0.089952  -0.003187  0.998149  0.058986  0.014816  -0.059044  0.998249  0.003498  -0.014584  -0.004366  0.999884  -0.004179  -0.006538  -0.003961  0.000412  -0.019087  0.255863  2.000000  0.999998  0.000833  0.001652  -0.000833  1.000000  0.000009  -0.001652  -0.000011  0.999999  0.999975  0.006996  0.000565  -0.006996  0.999976  0.000019  -0.000565  -0.000023  1.000000  1.000000  0.000038  0.000079  -0.000038  1.000000  0.000000  -0.000079  -0.000000  1.000000  0.999998  0.000833  0.001652  -0.000833  1.000000  0.000009  -0.001652  -0.000011  0.999999  0.000062  0.007019  
126.686144 0.001769  0.089943  -0.003192  0.998124  0.059398  0.014817  -0.059455  0.998225  0.003492  -0.014584  -0.004366  0.999884  -0.004292  -0.006836  -0.004079  0.000214  -0.019146  0.269700  2.000000  0.999998  0.000987  0.001976  -0.000987  1.000000  0.000010  -0.001976  -0.000012  0.999998  0.999974  0.007202  0.000566  -0.007202  0.999974  0.000016  -0.000566  -0.000020  1.000000  1.000000  0.000039  0.000082  -0.000039  1.000000  0.000000  -0.000082  -0.000000  1.000000  0.999998  0.000987  0.001976  -0.000987  1.000000  0.000010  -0.001976  -0.000012  0.999998  0.000066  0.007225  
126.687144 0.001765  0.089933  -0.003197  0.998112  0.059603  0.014818  -0.059661  0.998213  0.003489  -0.014584  -0.004366  0.999884  -0.004394  -0.007154  -0.004219  0.000114  -0.019175  0.276607  2.000000  0.999997  0.001104  0.002220  -0.001104  0.999999  0.000011  -0.002220  -0.000013  0.999998  0.999974  0.007202  0.000566  -0.007202  0.999974  0.000016  -0.000566  -0.000020  1.000000  1.000000  0.000039  0.000082  -0.000039  1.000000  0.000000  -0.000082  -0.000000  1.000000  0.999997  0.001104  0.002220  -0.001104  0.999999  0.000011  -0.002220  -0.000013  0.999998  0.000069  0.007225  
126.688231 0.001760  0.089923  -0.003203  0.998100  0.059809  0.014819  -0.059866  0.998200  0.003486  -0.014584  -0.004366  0.999884  -0.004514  -0.007442  -0.004334  0.000015  -0.019148  0.282688  2.000000  0.999996  0.001265  0.002543  -0.001265  0.999999  0.000011  -0.002543  -0.000014  0.999997  0.999974  0.007203  0.000432  -0.007203  0.999974  0.000016  -0.000432  -0.000019  1.000000  1.000000  0.000040  0.000081  -0.000040  1.000000  0.000000  -0.000081  -0.000000  1.000000  0.999996  0.001265  0.002543  -0.001265  0.999999  0.000011  -0.002543  -0.000014  0.999997  0.000071  0.007216  
126.689396 0.001754  0.089911  -0.003210  0.998075  0.060220  0.014820  -0.060277  0.998176  0.003480  -0.014584  -0.004366  0.999884  -0.004645  -0.007870  -0.004544  -0.000084  -0.019234  0.290423  2.000000  0.999995  0.001429  0.002864  -0.001429  0.999999  0.000011  -0.002864  -0.000016  0.999996  0.999974  0.007203  0.000299  -0.007203  0.999974  0.000016  -0.000299  -0.000018  1.000000  1.000000  0.000042  0.000080  -0.000042  1.000000  0.000000  -0.000080  -0.000000  1.000000  0.999995  0.001429  0.002864  -0.001429  0.999999  0.000011  -0.002864  -0.000016  0.999996  0.000071  0.007210  
126.690641 0.001749  0.089899  -0.003218  0.998061  0.060424  0.014954  -0.060483  0.998163  0.003468  -0.014717  -0.004366  0.999882  -0.004725  -0.008309  -0.004743  -0.000203  -0.023765  0.297393  2.000000  0.999993  0.001636  0.003273  -0.001636  0.999999  0.000009  -0.003273  -0.000014  0.999995  0.999972  0.007409  0.000433  -0.007409  0.999973  -0.000109  -0.000434  0.000106  1.000000  1.000000  0.000042  0.000083  -0.000042  1.000000  -0.000001  -0.000083  0.000001  1.000000  0.999993  0.001636  0.003273  -0.001636  0.999999  0.000009  -0.003273  -0.000014  0.999995  0.000074  0.007422  
126.691645 0.001744  0.089889  -0.003223  0.998048  0.060630  0.014955  -0.060688  0.998151  0.003465  -0.014717  -0.004366  0.999882  -0.004797  -0.008637  -0.004824  -0.000302  -0.023791  0.304262  2.000000  0.999992  0.001799  0.003601  -0.001799  0.999998  0.000003  -0.003601  -0.000009  0.999994  0.999974  0.007202  0.000566  -0.007202  0.999974  -0.000106  -0.000567  0.000102  1.000000  1.000000  0.000039  0.000082  -0.000039  1.000000  -0.000001  -0.000082  0.000001  1.000000  0.999992  0.001799  0.003601  -0.001799  0.999998  0.000003  -0.003601  -0.000009  0.999994  0.000076  0.007225  
126.692894 0.001738  0.089876  -0.003230  0.998034  0.060835  0.015089  -0.060893  0.998138  0.003454  -0.014851  -0.004366  0.999880  -0.004884  -0.008998  -0.004994  -0.000320  -0.028060  0.301800  2.000000  0.999990  0.001989  0.004005  -0.001989  0.999998  -0.000004  -0.004005  -0.000004  0.999992  0.999975  0.006996  0.000699  -0.006996  0.999976  -0.000104  -0.000700  0.000099  1.000000  1.000000  0.000036  0.000080  -0.000036  1.000000  -0.000001  -0.000080  0.000001  1.000000  0.999990  0.001989  0.004005  -0.001989  0.999998  -0.000004  -0.004005  -0.000004  0.999992  0.000076  0.007032  
126.693894 0.001732  0.089865  -0.003235  0.998021  0.061042  0.015083  -0.061099  0.998126  0.003330  -0.014851  -0.004245  0.999881  -0.005000  -0.009371  -0.005033  -0.004463  -0.028073  0.308688  2.000000  0.999988  0.002132  0.004323  -0.002132  0.999998  -0.000010  -0.004323  0.000001  0.999991  0.999977  0.006790  0.000698  -0.006790  0.999977  -0.000101  -0.000699  0.000096  1.000000  1.000000  0.000035  0.000078  -0.000035  1.000000  -0.000001  -0.000078  0.000001  1.000000  0.999988  0.002132  0.004323  -0.002132  0.999998  -0.000010  -0.004323  0.000001  0.999991  0.000077  0.006827  
126.694895 0.001726  0.089855  -0.003239  0.998007  0.061247  0.015217  -0.061304  0.998114  0.003319  -0.014985  -0.004245  0.999879  -0.004998  -0.009426  -0.004954  -0.004521  -0.032809  0.311285  2.000000  0.999987  0.002234  0.004556  -0.002234  0.999998  -0.000019  -0.004556  0.000009  0.999990  0.999977  0.006790  0.000831  -0.006789  0.999977  -0.000223  -0.000833  0.000218  1.000000  1.000000  0.000033  0.000079  -0.000033  1.000000  -0.000003  -0.000079  0.000003  1.000000  0.999987  0.002234  0.004556  -0.002234  0.999998  -0.000019  -0.004556  0.000009  0.999990  0.000079  0.006844  
126.695913 0.001721  0.089845  -0.003244  0.998007  0.061247  0.015217  -0.061304  0.998114  0.003319  -0.014985  -0.004245  0.999879  -0.004976  -0.009625  -0.004943  -0.004318  -0.032736  0.297317  2.000000  0.999985  0.002363  0.004861  -0.002363  0.999997  -0.000036  -0.004862  0.000025  0.999988  0.999979  0.006378  0.000830  -0.006378  0.999980  -0.000338  -0.000832  0.000333  1.000000  1.000000  0.000031  0.000074  -0.000031  1.000000  -0.000004  -0.000074  0.000004  1.000000  0.999985  0.002363  0.004861  -0.002363  0.999997  -0.000036  -0.004862  0.000025  0.999988  0.000076  0.006440  
126.697148 0.001714  0.089832  -0.003248  0.997992  0.061454  0.015344  -0.061510  0.998101  0.003186  -0.015119  -0.004124  0.999877  -0.005036  -0.009803  -0.004905  -0.008436  -0.032726  0.297386  2.000000  0.999984  0.002484  0.005154  -0.002484  0.999997  -0.000058  -0.005154  0.000046  0.999987  0.999981  0.006172  0.000828  -0.006172  0.999981  -0.000457  -0.000831  0.000452  1.000000  1.000000  0.000030  0.000072  -0.000030  1.000000  -0.000006  -0.000072  0.000006  1.000000  0.999984  0.002484  0.005154  -0.002484  0.999997  -0.000058  -0.005154  0.000046  0.999987  0.000074  0.006244  
126.698397 0.001706  0.089818  -0.003253  0.997977  0.061659  0.015478  -0.061715  0.998089  0.003175  -0.015252  -0.004124  0.999875  -0.005100  -0.009970  -0.004921  -0.008406  -0.032456  0.294934  2.000000  0.999981  0.002623  0.005501  -0.002623  0.999997  -0.000087  -0.005501  0.000073  0.999985  0.999983  0.005760  0.000960  -0.005759  0.999983  -0.000452  -0.000963  0.000446  0.999999  1.000000  0.000026  0.000068  -0.000026  1.000000  -0.000006  -0.000068  0.000006  1.000000  0.999981  0.002623  0.005501  -0.002623  0.999997  -0.000087  -0.005501  0.000073  0.999985  0.000074  0.005857  
126.699398 0.001699  0.089807  -0.003258  0.997977  0.061659  0.015478  -0.061715  0.998089  0.003175  -0.015252  -0.004124  0.999875  -0.005264  -0.010126  -0.004934  -0.012451  -0.032716  0.290478  2.000000  0.999980  0.002720  0.005766  -0.002720  0.999996  -0.000106  -0.005766  0.000090  0.999983  0.999985  0.005348  0.000958  -0.005348  0.999986  -0.000324  -0.000960  0.000319  0.999999  1.000000  0.000023  0.000064  -0.000023  1.000000  -0.000004  -0.000064  0.000004  1.000000  0.999980  0.002720  0.005766  -0.002720  0.999996  -0.000106  -0.005766  0.000090  0.999983  0.000073  0.005443  
126.700648 0.001691  0.089793  -0.003264  0.997977  0.061661  0.015470  -0.061715  0.998089  0.003054  -0.015252  -0.004002  0.999876  -0.005433  -0.010296  -0.004946  -0.016170  -0.036830  0.274329  2.000000  0.999978  0.002787  0.005953  -0.002786  0.999996  -0.000118  -0.005953  0.000102  0.999982  0.999988  0.004731  0.000955  -0.004730  0.999989  -0.000436  -0.000957  0.000432  0.999999  1.000000  0.000000  0.000000  0.000000  1.000000  0.000000  0.000000  0.000000  1.000000  0.999978  0.002787  0.005953  -0.002786  0.999996  -0.000118  -0.005953  0.000102  0.999982  0.000070  0.000000  
126.701649 0.001684  0.089782  -0.003269  0.997962  0.061866  0.015604  -0.061920  0.998076  0.003042  -0.015386  -0.004002  0.999874  -0.005550  -0.010371  -0.004938  -0.016222  -0.041376  0.274880  2.000000  0.999978  0.002787  0.005953  -0.002786  0.999996  -0.000118  -0.005953  0.000102  0.999982  0.999988  0.004730  0.001089  -0.004730  0.999989  -0.000437  -0.001091  0.000432  0.999999  1.000000  0.000000  0.000000  0.000000  1.000000  0.000000  0.000000  0.000000  1.000000  0.999978  0.002787  0.005953  -0.002786  0.999996  -0.000118  -0.005953  0.000102  0.999982  0.000070  0.000000  
126.702895 0.001675  0.089769  -0.003275  0.997962  0.061866  0.015604  -0.061920  0.998076  0.003042  -0.015386  -0.004002  0.999874  -0.005766  -0.010514  -0.004915  -0.015885  -0.041205  0.253734  2.000000  0.999978  0.002787  0.005953  -0.002786  0.999996  -0.000118  -0.005953  0.000102  0.999982  0.999991  0.004113  0.001087  -0.004112  0.999991  -0.000427  -0.001088  0.000423  0.999999  1.000000  0.000000  0.000000  0.000000  1.000000  0.000000  0.000000  0.000000  1.000000  0.999978  0.002787  0.005953  -0.002786  0.999996  -0.000118  -0.005953  0.000102  0.999982  0.000065  0.000000  
126.703902 0.001668  0.089758  -0.003279  0.997962  0.061866  0.015604  -0.061920  0.998076  0.003042  -0.015386  -0.004002  0.999874  -0.005935  -0.010527  -0.004766  -0.019889  -0.041504  0.242000  2.000000  0.999978  0.002787  0.005953  -0.002786  0.999996  -0.000118  -0.005953  0.000102  0.999982  0.999992  0.003907  0.001086  -0.003906  0.999992  -0.000424  -0.001088  0.000420  0.999999  1.000000  0.000000  0.000000  0.000000  1.000000  0.000000  0.000000  0.000000  1.000000  0.999978  0.002787  0.005953  -0.002786  0.999996  -0.000118  -0.005953  0.000102  0.999982  0.000063  0.000000  
126.704915 0.001661  0.089748  -0.003284  0.997948  0.062071  0.015739  -0.062126  0.998064  0.003031  -0.015520  -0.004002  0.999872  -0.006094  -0.010580  -0.004658  -0.019804  -0.041445  0.234909  2.000000  0.999978  0.002787  0.005953  -0.002786  0.999996  -0.000118  -0.005953  0.000102  0.999982  0.999993  0.003701  0.001085  -0.003701  0.999993  -0.000421  -0.001087  0.000417  0.999999  1.000000  0.000000  0.000000  0.000000  1.000000  0.000000  0.000000  0.000000  1.000000  0.999978  0.002787  0.005953  -0.002786  0.999996  -0.000118  -0.005953  0.000102  0.999982  0.000061  0.000000  
126.706154 0.001651  0.089734  -0.003289  0.997946  0.062070  0.015872  -0.062125  0.998064  0.003022  -0.015654  -0.004002  0.999869  -0.006353  -0.010659  -0.004538  -0.019619  -0.045896  0.221136  2.000000  0.999978  0.002787  0.005953  -0.002786  0.999996  -0.000118  -0.005953  0.000102  0.999982  0.999994  0.003289  0.001083  -0.003289  0.999995  -0.000415  -0.001085  0.000412  0.999999  1.000000  0.000000  0.000000  0.000000  1.000000  0.000000  0.000000  0.000000  1.000000  0.999978  0.002787  0.005953  -0.002786  0.999996  -0.000118  -0.005953  0.000102  0.999982  0.000057  0.000000  
126.707391 0.001641  0.089719  -0.003296  0.997943  0.062069  0.016006  -0.062125  0.998064  0.003014  -0.015788  -0.004002  0.999867  -0.006675  -0.010812  -0.004589  -0.015132  -0.049916  0.198875  2.000000  0.999978  0.002787  0.005953  -0.002786  0.999996  -0.000118  -0.005953  0.000102  0.999982  0.999996  0.002672  0.001081  -0.002671  0.999996  -0.000406  -0.001082  0.000403  0.999999  1.000000  0.000000  0.000000  0.000000  1.000000  0.000000  0.000000  0.000000  1.000000  0.999978  0.002787  0.005953  -0.002786  0.999996  -0.000118  -0.005953  0.000102  0.999982  0.000052  0.000000  
126.708397 0.001632  0.089708  -0.003302  0.997931  0.062275  0.016006  -0.062331  0.998051  0.003011  -0.015788  -0.004002  0.999867  -0.006890  -0.010856  -0.004619  -0.015145  -0.050273  0.193495  2.000000  0.999978  0.002787  0.005953  -0.002786  0.999996  -0.000118  -0.005953  0.000102  0.999982  0.999996  0.002671  0.001215  -0.002671  0.999996  -0.000406  -0.001216  0.000403  0.999999  1.000000  0.000000  0.000000  0.000000  1.000000  0.000000  0.000000  0.000000  1.000000  0.999978  0.002787  0.005953  -0.002786  0.999996  -0.000118  -0.005953  0.000102  0.999982  0.000051  0.000000  
126.709644 0.001621  0.089694  -0.003308  0.997929  0.062274  0.016140  -0.062331  0.998051  0.003002  -0.015921  -0.004002  0.999865  -0.007159  -0.010922  -0.004670  -0.014830  -0.054274  0.178205  2.000000  0.999978  0.002787  0.005953  -0.002786  0.999996  -0.000118  -0.005953  0.000102  0.999982  0.999997  0.002259  0.001347  -0.002258  0.999997  -0.000400  -0.001348  0.000397  0.999999  1.000000  0.000000  0.000000  0.000000  1.000000  0.000000  0.000000  0.000000  1.000000  0.999978  0.002787  0.005953  -0.002786  0.999996  -0.000118  -0.005953  0.000102  0.999982  0.000047  0.000000  
126.710902 0.001609  0.089680  -0.003316  0.997914  0.062479  0.016274  -0.062536  0.998038  0.002991  -0.016055  -0.004002  0.999863  -0.007470  -0.011010  -0.004816  0.000000  0.000000  0.000000  2.000000  0.999978  0.002787  0.005953  -0.002786  0.999996  -0.000118  -0.005953  0.000102  0.999982  0.999997  0.002259  0.001347  -0.002258  0.999997  -0.000400  -0.001348  0.000397  0.999999  1.000000  0.000000  0.000000  0.000000  1.000000  0.000000  0.000000  0.000000  1.000000  0.999978  0.002787  0.005953  -0.002786  0.999996  -0.000118  -0.005953  0.000102  0.999982  0.000045  0.000000  
126.712144 0.001597  0.089665  -0.003323  0.997899  0.062684  0.016408  -0.062741  0.998025  0.002979  -0.016189  -0.004002  0.999861  -0.007790  -0.011115  -0.005008  0.000000  0.000000  0.000000  2.000000  0.999978  0.002787  0.005953  -0.002786  0.999996  -0.000118  -0.005953  0.000102  0.999982  0.999997  0.002053  0.001480  -0.002052  0.999998  -0.000397  -0.001481  0.000394  0.999999  1.000000  0.000000  0.000000  0.000000  1.000000  0.000000  0.000000  0.000000  1.000000  0.999978  0.002787  0.005953  -0.002786  0.999996  -0.000118  -0.005953  0.000102  0.999982  0.000000  0.000000  
126.713150 0.001587  0.089654  -0.003329  0.997899  0.062682  0.016416  -0.062741  0.998025  0.003100  -0.016189  -0.004124  0.999860  -0.008064  -0.011152  -0.005149  0.000000  0.000000  0.000000  2.000000  0.999978  0.002787  0.005953  -0.002786  0.999996  -0.000118  -0.005953  0.000102  0.999982  0.999997  0.002052  0.001480  -0.002052  0.999998  -0.000276  -0.001481  0.000273  0.999999  1.000000  0.000000  0.000000  0.000000  1.000000  0.000000  0.000000  0.000000  1.000000  0.999978  0.002787  0.005953  -0.002786  0.999996  -0.000118  -0.005953  0.000102  0.999982  0.000000  0.000000  
126.714399 0.001575  0.089640  -0.003337  0.997896  0.062682  0.016549  -0.062741  0.998025  0.003092  -0.016323  -0.004124  0.999858  -0.008348  -0.011168  -0.005330  0.000000  0.000000  0.000000  2.000000  0.999978  0.002787  0.005953  -0.002786  0.999996  -0.000118  -0.005953  0.000102  0.999982  0.999997  0.001847  0.001479  -0.001846  0.999998  -0.000273  -0.001480  0.000270  0.999999  1.000000  0.000000  0.000000  0.000000  1.000000  0.000000  0.000000  0.000000  1.000000  0.999978  0.002787  0.005953  -0.002786  0.999996  -0.000118  -0.005953  0.000102  0.999982  0.000000  0.000000  
126.715647 0.001562  0.089626  -0.003345  0.997881  0.062887  0.016683  -0.062946  0.998012  0.003080  -0.016456  -0.004124  0.999856  -0.008553  -0.011137  -0.005443  0.000000  0.000000  0.000000  2.000000  0.999978  0.002787  0.005953  -0.002786  0.999996  -0.000118  -0.005953  0.000102  0.999982  0.999997  0.001846  0.001613  -0.001846  0.999998  -0.000152  -0.001613  0.000149  0.999999  1.000000  0.000000  0.000000  0.000000  1.000000  0.000000  0.000000  0.000000  1.000000  0.999978  0.002787  0.005953  -0.002786  0.999996  -0.000118  -0.005953  0.000102  0.999982  0.000000  0.000000  
126.716652 0.001552  0.089615  -0.003351  0.997866  0.063092  0.016817  -0.063152  0.997999  0.003068  -0.016590  -0.004124  0.999854  -0.008846  -0.011120  -0.005517  0.000000  0.000000  0.000000  2.000000  0.999978  0.002787  0.005953  -0.002786  0.999996  -0.000118  -0.005953  0.000102  0.999982  0.999997  0.001640  0.001612  -0.001640  0.999999  -0.000149  -0.001613  0.000146  0.999999  1.000000  0.000000  0.000000  0.000000  1.000000  0.000000  0.000000  0.000000  1.000000  0.999978  0.002787  0.005953  -0.002786  0.999996  -0.000118  -0.005953  0.000102  0.999982  0.000000  0.000000  
126.717894 0.001539  0.089603  -0.003358  0.997864  0.063089  0.016959  -0.063152  0.997999  0.003181  -0.016724  -0.004245  0.999851  -0.009067  -0.011110  -0.005554  0.000000  0.000000  0.000000  2.000000  0.999978  0.002787  0.005953  -0.002786  0.999996  -0.000118  -0.005953  0.000102  0.999982  0.999998  0.001641  0.001479  -0.001641  0.999999  0.000094  -0.001479  -0.000096  0.999999  1.000000  0.000000  0.000000  0.000000  1.000000  0.000000  0.000000  0.000000  1.000000  0.999978  0.002787  0.005953  -0.002786  0.999996  -0.000118  -0.005953  0.000102  0.999982  0.000000  0.000000  
126.718895 0.001529  0.089592  -0.003364  0.997851  0.063294  0.016959  -0.063357  0.997986  0.003177  -0.016724  -0.004245  0.999851  -0.009254  -0.011091  -0.005621  0.000000  0.000000  0.000000  2.000000  0.999978  0.002787  0.005953  -0.002786  0.999996  -0.000118  -0.005953  0.000102  0.999982  0.999997  0.001846  0.001613  -0.001846  0.999998  0.000090  -0.001613  -0.000093  0.999999  1.000000  0.000000  0.000000  0.000000  1.000000  0.000000  0.000000  0.000000  1.000000  0.999978  0.002787  0.005953  -0.002786  0.999996  -0.000118  -0.005953  0.000102  0.999982  0.000000  0.000000  
126.719898 0.001519  0.089582  -0.003369  0.997849  0.063294  0.017093  -0.063357  0.997986  0.003169  -0.016858  -0.004245  0.999849  -0.009451  -0.011052  -0.005700  0.000000  0.000000  0.000000  2.000000  0.999978  0.002787  0.005953  -0.002786  0.999996  -0.000118  -0.005953  0.000102  0.999982  0.999997  0.001640  0.001613  -0.001640  0.999999  0.000094  -0.001612  -0.000096  0.999999  1.000000  0.000000  0.000000  0.000000  1.000000  0.000000  0.000000  0.000000  1.000000  0.999978  0.002787  0.005953  -0.002786  0.999996  -0.000118  -0.005953  0.000102  0.999982  0.000000  0.000000  
126.720899 0.001508  0.089571  -0.003376  0.997835  0.063499  0.017093  -0.063562  0.997973  0.003165  -0.016858  -0.004245  0.999849  -0.009681  -0.011013  -0.005853  0.000000  0.000000  0.000000  2.000000  0.999978  0.002787  0.005953  -0.002786  0.999996  -0.000118  -0.005953  0.000102  0.999982  0.999997  0.001640  0.001613  -0.001640  0.999999  0.000094  -0.001612  -0.000096  0.999999  1.000000  0.000000  0.000000  0.000000  1.000000  0.000000  0.000000  0.000000  1.000000  0.999978  0.002787  0.005953  -0.002786  0.999996  -0.000118  -0.005953  0.000102  0.999982  0.000000  0.000000  
126.722143 0.001495  0.089558  -0.003384  0.997833  0.063499  0.017227  -0.063562  0.997973  0.003157  -0.016992  -0.004245  0.999847  -0.009793  -0.010941  -0.005953  0.000000  0.000000  0.000000  2.000000  0.999978  0.002787  0.005953  -0.002786  0.999996  -0.000118  -0.005953  0.000102  0.999982  0.999997  0.001640  0.001613  -0.001640  0.999999  0.000215  -0.001612  -0.000217  0.999999  1.000000  0.000000  0.000000  0.000000  1.000000  0.000000  0.000000  0.000000  1.000000  0.999978  0.002787  0.005953  -0.002786  0.999996  -0.000118  -0.005953  0.000102  0.999982  0.000000  0.000000  
126.723395 0.001482  0.089545  -0.003394  0.997818  0.063701  0.017369  -0.063767  0.997959  0.003266  -0.017125  -0.004366  0.999844  -0.009955  -0.010856  -0.006144  0.000000  0.000000  0.000000  2.000000  0.999978  0.002787  0.005953  -0.002786  0.999996  -0.000118  -0.005953  0.000102  0.999982  0.999997  0.001845  0.001747  -0.001846  0.999998  0.000211  -0.001747  -0.000214  0.999998  1.000000  0.000000  0.000000  0.000000  1.000000  0.000000  0.000000  0.000000  1.000000  0.999978  0.002787  0.005953  -0.002786  0.999996  -0.000118  -0.005953  0.000102  0.999982  0.000000  0.000000  
126.724644 0.001469  0.089531  -0.003404  0.997802  0.063906  0.017503  -0.063973  0.997946  0.003253  -0.017259  -0.004366  0.999842  -0.010128  -0.010826  -0.006377  0.000000  0.000000  0.000000  2.000000  0.999978  0.002787  0.005953  -0.002786  0.999996  -0.000118  -0.005953  0.000102  0.999982  0.999996  0.002050  0.001882  -0.002051  0.999998  0.000328  -0.001881  -0.000332  0.999998  1.000000  0.000000  0.000000  0.000000  1.000000  0.000000  0.000000  0.000000  1.000000  0.999978  0.002787  0.005953  -0.002786  0.999996  -0.000118  -0.005953  0.000102  0.999982  0.000000  0.000000  
126.725644 0.001458  0.089521  -0.003412  0.997800  0.063906  0.017637  -0.063972  0.997946  0.003245  -0.017393  -0.004366  0.999839  -0.010228  -0.010802  -0.006557  0.000000  0.000000  0.000000  2.000000  0.999978  0.002787  0.005953  -0.002786  0.999996  -0.000118  -0.005953  0.000102  0.999982  0.999996  0.002050  0.001882  -0.002051  0.999998  0.000328  -0.001881  -0.000332  0.999998  1.000000  0.000000  0.000000  0.000000  1.000000  0.000000  0.000000  0.000000  1.000000  0.999978  0.002787  0.005953  -0.002786  0.999996  -0.000118  -0.005953  0.000102  0.999982  0.000000  0.000000  
126.726894 0.001445  0.089507  -0.003423  0.997785  0.064111  0.017771  -0.064178  0.997933  0.003233  -0.017527  -0.004366  0.999837  -0.010289  -0.010743  -0.006741  0.000000  0.000000  0.000000  2.000000  0.999978  0.002787  0.005953  -0.002786  0.999996  -0.000118  -0.005953  0.000102  0.999982  0.999996  0.002050  0.002016  -0.002050  0.999998  0.000328  -0.002015  -0.000332  0.999998  1.000000  0.000000  0.000000  0.000000  1.000000  0.000000  0.000000  0.000000  1.000000  0.999978  0.002787  0.005953  -0.002786  0.999996  -0.000118  -0.005953  0.000102  0.999982  0.000000  0.000000  
126.728147 0.001433  0.089494  -0.003433  0.997782  0.064108  0.017912  -0.064178  0.997933  0.003345  -0.017661  -0.004487  0.999834  -0.010319  -0.010636  -0.006917  0.000000  0.000000  0.000000  2.000000  0.999978  0.002787  0.005953  -0.002786  0.999996  -0.000118  -0.005953  0.000102  0.999982  0.999996  0.002049  0.002016  -0.002050  0.999998  0.000449  -0.002015  -0.000453  0.999998  1.000000  0.000000  0.000000  0.000000  1.000000  0.000000  0.000000  0.000000  1.000000  0.999978  0.002787  0.005953  -0.002786  0.999996  -0.000118  -0.005953  0.000102  0.999982  0.000000  0.000000  
126.729401 0.001420  0.089482  -0.003444  0.997767  0.064313  0.018046  -0.064383  0.997920  0.003333  -0.017794  -0.004487  0.999832  -0.010295  -0.010531  -0.007109  0.000000  0.000000  0.000000  2.000000  0.999978  0.002787  0.005953  -0.002786  0.999996  -0.000118  -0.005953  0.000102  0.999982  0.999996  0.002049  0.002016  -0.002050  0.999998  0.000449  -0.002015  -0.000453  0.999998  1.000000  0.000000  0.000000  0.000000  1.000000  0.000000  0.000000  0.000000  1.000000  0.999978  0.002787  0.005953  -0.002786  0.999996  -0.000118  -0.005953  0.000102  0.999982  0.000000  0.000000  
126.730647 0.001408  0.089469  -0.003455  0.997751  0.064515  0.018188  -0.064588  0.997906  0.003442  -0.017928  -0.004609  0.999829  -0.010284  -0.010506  -0.007308  0.000000  0.000000  0.000000  2.000000  0.999978  0.002787  0.005953  -0.002786  0.999996  -0.000118  -0.005953  0.000102  0.999982  0.999996  0.002256  0.001883  -0.002257  0.999997  0.000445  -0.001882  -0.000449  0.999998  1.000000  0.000000  0.000000  0.000000  1.000000  0.000000  0.000000  0.000000  1.000000  0.999978  0.002787  0.005953  -0.002786  0.999996  -0.000118  -0.005953  0.000102  0.999982  0.000000  0.000000  
126.731900 0.001395  0.089456  -0.003466  0.997751  0.064515  0.018188  -0.064588  0.997906  0.003442  -0.017928  -0.004609  0.999829  -0.010298  -0.010462  -0.007614  0.000000  0.000000  0.000000  2.000000  0.999978  0.002787  0.005953  -0.002786  0.999996  -0.000118  -0.005953  0.000102  0.999982  0.999996  0.002050  0.001883  -0.002051  0.999998  0.000570  -0.001881  -0.000573  0.999998  1.000000  0.000000  0.000000  0.000000  1.000000  0.000000  0.000000  0.000000  1.000000  0.999978  0.002787  0.005953  -0.002786  0.999996  -0.000118  -0.005953  0.000102  0.999982  0.000000  0.000000  
126.733149 0.001382  0.089443  -0.003477  0.997735  0.064720  0.018322  -0.064793  0.997893  0.003429  -0.018062  -0.004609  0.999826  -0.010305  -0.010467  -0.007857  0.000000  0.000000  0.000000  2.000000  0.999978  0.002787  0.005953  -0.002786  0.999996  -0.000118  -0.005953  0.000102  0.999982  0.999996  0.002050  0.001883  -0.002051  0.999998  0.000569  -0.001881  -0.000573  0.999998  1.000000  0.000000  0.000000  0.000000  1.000000  0.000000  0.000000  0.000000  1.000000  0.999978  0.002787  0.005953  -0.002786  0.999996  -0.000118  -0.005953  0.000102  0.999982  0.000000  0.000000  
126.734398 0.001370  0.089430  -0.003489  0.997733  0.064717  0.018464  -0.064793  0.997892  0.003541  -0.018196  -0.004730  0.999823  -0.010257  -0.010475  -0.008245  0.000000  0.000000  0.000000  2.000000  0.999978  0.002787  0.005953  -0.002786  0.999996  -0.000118  -0.005953  0.000102  0.999982  0.999996  0.002050  0.001883  -0.002051  0.999998  0.000569  -0.001882  -0.000573  0.999998  1.000000  0.000000  0.000000  0.000000  1.000000  0.000000  0.000000  0.000000  1.000000  0.999978  0.002787  0.005953  -0.002786  0.999996  -0.000118  -0.005953  0.000102  0.999982  0.000000  0.000000  
126.735643 0.001358  0.089417  -0.003501  0.997717  0.064922  0.018598  -0.064998  0.997879  0.003529  -0.018329  -0.004730  0.999821  -0.010222  -0.010463  -0.008531  0.000000  0.000000  0.000000  2.000000  0.999978  0.002787  0.005953  -0.002786  0.999996  -0.000118  -0.005953  0.000102  0.999982  0.999996  0.002050  0.001883  -0.002051  0.999998  0.000569  -0.001882  -0.000573  0.999998  1.000000  0.000000  0.000000  0.000000  1.000000  0.000000  0.000000  0.000000  1.000000  0.999978  0.002787  0.005953  -0.002786  0.999996  -0.000118  -0.005953  0.000102  0.999982  0.000000  0.000000  
126.736900 0.001346  0.089405  -0.003513  0.997701  0.065127  0.018732  -0.065204  0.997866  0.003516  -0.018463  -0.004730  0.999818  -0.010160  -0.010381  -0.008762  0.000000  0.000000  0.000000  2.000000  0.999978  0.002787  0.005953  -0.002786  0.999996  -0.000118  -0.005953  0.000102  0.999982  0.999995  0.002255  0.002018  -0.002256  0.999997  0.000565  -0.002016  -0.000569  0.999998  1.000000  0.000000  0.000000  0.000000  1.000000  0.000000  0.000000  0.000000  1.000000  0.999978  0.002787  0.005953  -0.002786  0.999996  -0.000118  -0.005953  0.000102  0.999982  0.000000  0.000000  
126.738156 0.001333  0.089392  -0.003525  0.997699  0.065126  0.018866  -0.065204  0.997866  0.003508  -0.018597  -0.004730  0.999816  -0.010118  -0.010345  -0.008911  0.000000  0.000000  0.000000  2.000000  0.999978  0.002787  0.005953  -0.002786  0.999996  -0.000118  -0.005953  0.000102  0.999982  0.999996  0.002050  0.001883  -0.002050  0.999998  0.000447  -0.001882  -0.000451  0.999998  1.000000  0.000000  0.000000  0.000000  1.000000  0.000000  0.000000  0.000000  1.000000  0.999978  0.002787  0.005953  -0.002786  0.999996  -0.000118  -0.005953  0.000102  0.999982  0.000000  0.000000  
