1-Time 2-Px 3-Py 4-Pz 5-R11 6-R21 7-R31 8-R12 9-R22 10-R32 11-R13 12-R23 13-R33 14-Vx 15-Vy 16-Vz 17-Wx 18-Wy 19-Wz 20-state 21-PR11 22-PR21 23-PR31 24-PR12 25-PR22 26-PR32 27-PR13 28-PR23 29-PR33 
55.308022 0.000926  0.086715  -0.005352  0.996609  0.068367  -0.045792  -0.068842  0.997588  -0.008874  0.045075  0.011996  0.998912  -0.000197  0.000175  0.000353  0.000000  0.000000  0.000000  2.000000  1.000000  0.000000  0.000000  -0.000000  1.000000  0.000000  0.000000  -0.000000  1.000000  1.000000  -0.000413  -0.000129  0.000413  1.000000  0.000103  0.000129  -0.000103  1.000000  1.000000  0.000000  0.000000  0.000000  1.000000  0.000000  0.000000  0.000000  1.000000  0.555547  0.769532  -0.314942  -0.813260  0.581753  -0.013103  0.173135  0.263409  0.949021  0.000000  0.000000  
55.309027 0.000925  0.086715  -0.005351  0.996609  0.068367  -0.045792  -0.068842  0.997588  -0.008874  0.045075  0.011996  0.998912  -0.000225  0.000148  0.000329  0.000000  0.000000  0.000000  2.000000  1.000000  0.000000  0.000000  0.000000  1.000000  0.000000  0.000000  0.000000  1.000000  1.000000  -0.000413  -0.000129  0.000413  1.000000  0.000103  0.000129  -0.000103  1.000000  1.000000  0.000000  0.000000  0.000000  1.000000  0.000000  0.000000  0.000000  1.000000  1.000000  0.000000  0.000000  0.000000  1.000000  0.000000  0.000000  0.000000  1.000000  0.000000  0.000000  
55.310046 0.000924  0.086712  -0.005353  0.996580  0.068778  -0.045796  -0.069252  0.997560  -0.008855  0.045075  0.011996  0.998912  -0.000286  -0.000060  0.000196  0.000000  0.000000  0.000000  2.000000  1.000000  0.000000  0.000000  0.000000  1.000000  0.000000  0.000000  0.000000  1.000000  1.000000  -0.000207  -0.000131  0.000207  1.000000  0.000112  0.000131  -0.000112  1.000000  1.000000  0.000000  0.000000  0.000000  1.000000  0.000000  0.000000  0.000000  1.000000  1.000000  0.000000  0.000000  0.000000  1.000000  0.000000  0.000000  0.000000  1.000000  0.000000  0.000000  
55.311277 0.000922  0.086707  -0.005356  0.996546  0.069187  -0.045933  -0.069662  0.997532  -0.008827  0.045209  0.011996  0.998906  -0.000405  -0.000379  -0.000055  0.000000  0.000000  0.000000  2.000000  1.000000  0.000000  0.000000  0.000000  1.000000  0.000000  0.000000  0.000000  1.000000  1.000000  0.000202  -0.000270  -0.000202  1.000000  0.000131  0.000270  -0.000131  1.000000  1.000000  0.000000  0.000000  0.000000  1.000000  0.000000  0.000000  0.000000  1.000000  1.000000  0.000000  0.000000  0.000000  1.000000  0.000000  0.000000  0.000000  1.000000  0.000000  0.000000  
55.312534 0.000920  0.086702  -0.005359  0.996525  0.069391  -0.046068  -0.069867  0.997517  -0.008808  0.045342  0.011996  0.998899  -0.000510  -0.000746  -0.000286  0.000000  0.000000  0.000000  2.000000  1.000000  0.000000  0.000000  0.000000  1.000000  0.000000  0.000000  0.000000  1.000000  1.000000  0.000612  -0.000409  -0.000612  1.000000  0.000149  0.000409  -0.000149  1.000000  1.000000  0.000000  0.000000  0.000000  1.000000  0.000000  0.000000  0.000000  1.000000  1.000000  0.000000  0.000000  0.000000  1.000000  0.000000  0.000000  0.000000  1.000000  0.000000  0.000000  
55.313793 0.000919  0.086697  -0.005363  0.996519  0.069389  -0.046201  -0.069867  0.997518  -0.008798  0.045476  0.011996  0.998893  -0.000601  -0.001117  -0.000550  0.000000  0.000000  0.000000  2.000000  1.000000  0.000000  0.000000  0.000000  1.000000  0.000000  0.000000  0.000000  1.000000  1.000000  0.000611  -0.000543  -0.000610  1.000000  0.000149  0.000543  -0.000149  1.000000  1.000000  0.000000  0.000000  0.000000  1.000000  0.000000  0.000000  0.000000  1.000000  1.000000  0.000000  0.000000  0.000000  1.000000  0.000000  0.000000  0.000000  1.000000  0.000000  0.000000  
55.315031 0.000917  0.086692  -0.005366  0.996484  0.069798  -0.046338  -0.070277  0.997489  -0.008770  0.045610  0.011996  0.998887  -0.000713  -0.001460  -0.000792  0.000000  0.000000  0.000000  2.000000  1.000000  0.000000  0.000000  0.000000  1.000000  0.000000  0.000000  0.000000  1.000000  0.999999  0.001020  -0.000681  -0.001020  0.999999  0.000168  0.000681  -0.000168  1.000000  1.000000  0.000000  0.000000  0.000000  1.000000  0.000000  0.000000  0.000000  1.000000  1.000000  0.000000  0.000000  0.000000  1.000000  0.000000  0.000000  0.000000  1.000000  0.000000  0.000000  
55.316280 0.000915  0.086687  -0.005368  0.996443  0.070206  -0.046608  -0.070686  0.997460  -0.008732  0.045877  0.011995  0.998875  -0.000793  -0.001823  -0.000959  0.000000  0.000000  0.000000  2.000000  1.000000  0.000000  0.000000  0.000000  1.000000  0.000000  0.000000  0.000000  1.000000  0.999998  0.001634  -0.000956  -0.001634  0.999999  0.000197  0.000957  -0.000195  1.000000  1.000000  0.000000  0.000000  0.000000  1.000000  0.000000  0.000000  0.000000  1.000000  1.000000  0.000000  0.000000  0.000000  1.000000  0.000000  0.000000  0.000000  1.000000  0.000000  0.000000  
55.317534 0.000913  0.086682  -0.005372  0.996387  0.070819  -0.046880  -0.071300  0.997417  -0.008684  0.046144  0.011995  0.998863  -0.000922  -0.002194  -0.001252  0.000000  0.000000  0.000000  2.000000  1.000000  0.000000  0.000000  0.000000  1.000000  0.000000  0.000000  0.000000  1.000000  0.999997  0.002042  -0.001229  -0.002042  0.999998  0.000216  0.001229  -0.000214  0.999999  1.000000  0.000000  0.000000  0.000000  1.000000  0.000000  0.000000  0.000000  1.000000  1.000000  0.000000  0.000000  0.000000  1.000000  0.000000  0.000000  0.000000  1.000000  0.000000  0.000000  
55.318798 0.000911  0.086677  -0.005377  0.996345  0.071226  -0.047150  -0.071710  0.997388  -0.008646  0.046411  0.011995  0.998850  -0.001076  -0.002568  -0.001609  0.000000  0.000000  0.000000  2.000000  1.000000  0.000000  0.000000  0.000000  1.000000  0.000000  0.000000  0.000000  1.000000  0.999996  0.002657  -0.001370  -0.002657  0.999996  0.000245  0.001370  -0.000242  0.999999  1.000000  0.000000  0.000000  0.000000  1.000000  0.000000  0.000000  0.000000  1.000000  1.000000  0.000000  0.000000  0.000000  1.000000  0.000000  0.000000  0.000000  1.000000  0.000000  0.000000  
55.320033 0.000907  0.086671  -0.005383  0.996294  0.071841  -0.047289  -0.072325  0.997344  -0.008607  0.046545  0.011995  0.998844  -0.001295  -0.002953  -0.002063  0.000000  0.000000  0.000000  2.000000  1.000000  0.000000  0.000000  0.000000  1.000000  0.000000  0.000000  0.000000  1.000000  0.999994  0.003065  -0.001642  -0.003065  0.999995  0.000265  0.001643  -0.000260  0.999999  1.000000  0.000000  0.000000  0.000000  1.000000  0.000000  0.000000  0.000000  1.000000  1.000000  0.000000  0.000000  0.000000  1.000000  0.000000  0.000000  0.000000  1.000000  0.000000  0.000000  
55.321284 0.000904  0.086666  -0.005389  0.996252  0.072242  -0.047568  -0.072734  0.997314  -0.008689  0.046812  0.012116  0.998830  -0.001489  -0.003285  -0.002507  0.000000  0.000000  0.000000  2.000000  1.000000  0.000000  0.000000  0.000000  1.000000  0.000000  0.000000  0.000000  1.000000  0.999991  0.003679  -0.001918  -0.003679  0.999993  0.000174  0.001918  -0.000166  0.999998  1.000000  0.000000  0.000000  0.000000  1.000000  0.000000  0.000000  0.000000  1.000000  1.000000  0.000000  0.000000  0.000000  1.000000  0.000000  0.000000  0.000000  1.000000  0.000000  0.000000  
55.322284 0.000901  0.086661  -0.005394  0.996210  0.072650  -0.047838  -0.073143  0.997284  -0.008650  0.047080  0.012116  0.998818  -0.001695  -0.003657  -0.002861  0.000000  0.000000  0.000000  2.000000  1.000000  0.000000  0.000000  0.000000  1.000000  0.000000  0.000000  0.000000  1.000000  0.999990  0.004089  -0.002056  -0.004088  0.999992  0.000072  0.002057  -0.000064  0.999998  1.000000  0.000000  0.000000  0.000000  1.000000  0.000000  0.000000  0.000000  1.000000  1.000000  0.000000  0.000000  0.000000  1.000000  0.000000  0.000000  0.000000  1.000000  0.000000  0.000000  
55.323535 0.000896  0.086653  -0.005401  0.996152  0.073256  -0.048119  -0.073758  0.997238  -0.008721  0.047347  0.012237  0.998804  -0.002020  -0.004213  -0.003361  0.000000  0.000000  0.000000  2.000000  1.000000  0.000000  0.000000  0.000000  1.000000  0.000000  0.000000  0.000000  1.000000  0.999987  0.004496  -0.002329  -0.004496  0.999990  -0.000029  0.002329  0.000039  0.999997  1.000000  0.000000  0.000000  0.000000  1.000000  0.000000  0.000000  0.000000  1.000000  1.000000  0.000000  0.000000  0.000000  1.000000  0.000000  0.000000  0.000000  1.000000  0.000000  0.000000  
55.324537 0.000891  0.086645  -0.005407  0.996109  0.073658  -0.048398  -0.074167  0.997207  -0.008803  0.047614  0.012358  0.998789  -0.002255  -0.004579  -0.003649  0.000000  0.000000  0.000000  2.000000  1.000000  0.000060  0.000039  -0.000060  1.000000  -0.000000  -0.000039  0.000000  1.000000  0.999984  0.005110  -0.002604  -0.005110  0.999987  0.000002  0.002604  0.000011  0.999997  1.000000  0.000060  0.000039  -0.000060  1.000000  -0.000000  -0.000039  0.000000  1.000000  1.000000  0.000060  0.000039  -0.000060  1.000000  -0.000000  -0.000039  0.000000  1.000000  0.000000  0.005735  
55.325785 0.000886  0.086635  -0.005414  0.996065  0.074065  -0.048668  -0.074576  0.997177  -0.008763  0.047882  0.012358  0.998777  -0.002488  -0.004941  -0.003935  0.000517  0.101173  0.185323  2.000000  1.000000  0.000377  0.000239  -0.000377  1.000000  -0.000007  -0.000239  0.000007  1.000000  0.999981  0.005518  -0.002878  -0.005518  0.999985  -0.000098  0.002877  0.000114  0.999996  1.000000  0.000066  0.000042  -0.000066  1.000000  -0.000001  -0.000042  0.000001  1.000000  1.000000  0.000377  0.000239  -0.000377  1.000000  -0.000007  -0.000239  0.000007  1.000000  0.000052  0.006224  
55.327048 0.000880  0.086625  -0.005419  0.996006  0.074672  -0.048949  -0.075190  0.997130  -0.008834  0.048149  0.012479  0.998762  -0.002787  -0.005278  -0.004049  -0.002567  0.110428  0.205928  2.000000  1.000000  0.000721  0.000457  -0.000721  1.000000  -0.000018  -0.000457  0.000018  1.000000  0.999977  0.005925  -0.003151  -0.005926  0.999982  -0.000198  0.003150  0.000216  0.999995  1.000000  0.000071  0.000044  -0.000071  1.000000  -0.000003  -0.000044  0.000003  1.000000  1.000000  0.000721  0.000457  -0.000721  1.000000  -0.000018  -0.000457  0.000018  1.000000  0.000057  0.006714  
55.328051 0.000875  0.086617  -0.005423  0.995984  0.074875  -0.049084  -0.075395  0.997115  -0.008813  0.048283  0.012479  0.998756  -0.003042  -0.005598  -0.004181  -0.002230  0.114939  0.212655  2.000000  0.999999  0.000944  0.000600  -0.000944  1.000000  -0.000025  -0.000600  0.000025  1.000000  0.999973  0.006541  -0.003292  -0.006541  0.999979  -0.000167  0.003291  0.000188  0.999995  1.000000  0.000077  0.000050  -0.000077  1.000000  -0.000002  -0.000050  0.000002  1.000000  0.999999  0.000944  0.000600  -0.000944  1.000000  -0.000025  -0.000600  0.000025  1.000000  0.000060  0.007325  
55.329276 0.000869  0.086605  -0.005428  0.995924  0.075488  -0.049356  -0.076009  0.997069  -0.008763  0.048550  0.012479  0.998743  -0.003292  -0.006059  -0.004280  -0.001223  0.123286  0.231580  2.000000  0.999999  0.001263  0.000807  -0.001263  0.999999  -0.000034  -0.000807  0.000033  1.000000  0.999970  0.006948  -0.003565  -0.006949  0.999976  -0.000145  0.003564  0.000170  0.999994  1.000000  0.000082  0.000053  -0.000082  1.000000  -0.000002  -0.000053  0.000002  1.000000  0.999999  0.001263  0.000807  -0.001263  0.999999  -0.000034  -0.000807  0.000033  1.000000  0.000064  0.007811  
55.330277 0.000865  0.086595  -0.005432  0.995896  0.075684  -0.049633  -0.076213  0.997052  -0.008853  0.048817  0.012600  0.998728  -0.003487  -0.006433  -0.004447  -0.004954  0.133406  0.240299  2.000000  0.999998  0.001604  0.001027  -0.001604  0.999999  -0.000046  -0.001027  0.000044  0.999999  0.999966  0.007356  -0.003838  -0.007357  0.999973  -0.000244  0.003836  0.000273  0.999993  1.000000  0.000088  0.000056  -0.000088  1.000000  -0.000003  -0.000056  0.000003  1.000000  0.999998  0.001604  0.001027  -0.001604  0.999999  -0.000046  -0.001027  0.000044  0.999999  0.000069  0.008301  
55.331295 0.000861  0.086585  -0.005436  0.995851  0.076091  -0.049904  -0.076622  0.997021  -0.008812  0.049084  0.012599  0.998715  -0.003652  -0.006826  -0.004578  -0.008343  0.142456  0.253841  2.000000  0.999998  0.001870  0.001194  -0.001870  0.999998  -0.000056  -0.001194  0.000053  0.999999  0.999964  0.007560  -0.003974  -0.007561  0.999971  -0.000233  0.003973  0.000263  0.999992  1.000000  0.000090  0.000057  -0.000090  1.000000  -0.000003  -0.000057  0.000003  1.000000  0.999998  0.001870  0.001194  -0.001870  0.999998  -0.000056  -0.001194  0.000053  0.999999  0.000072  0.008545  
55.332543 0.000856  0.086572  -0.005442  0.995807  0.076492  -0.050183  -0.077031  0.996989  -0.008892  0.049352  0.012720  0.998700  -0.003873  -0.007329  -0.004734  -0.011730  0.151618  0.267512  2.000000  0.999996  0.002240  0.001420  -0.002240  0.999997  -0.000071  -0.001420  0.000068  0.999999  0.999961  0.007763  -0.004112  -0.007765  0.999970  -0.000342  0.004109  0.000374  0.999991  1.000000  0.000093  0.000058  -0.000093  1.000000  -0.000004  -0.000058  0.000004  1.000000  0.999996  0.002240  0.001420  -0.002240  0.999997  -0.000071  -0.001420  0.000068  0.999999  0.000077  0.008792  
55.333782 0.000850  0.086560  -0.005449  0.995777  0.076694  -0.050451  -0.077235  0.996974  -0.008861  0.049619  0.012720  0.998687  -0.004081  -0.007812  -0.004835  -0.011282  0.159498  0.272269  2.000000  0.999995  0.002617  0.001642  -0.002617  0.999997  -0.000090  -0.001642  0.000086  0.999999  0.999962  0.007556  -0.004243  -0.007557  0.999971  -0.000351  0.004240  0.000383  0.999991  1.000000  0.000093  0.000055  -0.000093  1.000000  -0.000005  -0.000055  0.000005  1.000000  0.999995  0.002617  0.001642  -0.002617  0.999997  -0.000090  -0.001642  0.000086  0.999999  0.000079  0.008674  
55.335008 0.000845  0.086549  -0.005455  0.995755  0.076891  -0.050596  -0.077439  0.996957  -0.008961  0.049753  0.012841  0.998679  -0.004140  -0.008154  -0.004809  -0.014991  0.164146  0.279206  2.000000  0.999994  0.002997  0.001862  -0.002996  0.999996  -0.000110  -0.001862  0.000105  0.999998  0.999962  0.007554  -0.004378  -0.007556  0.999971  -0.000471  0.004374  0.000504  0.999990  1.000000  0.000095  0.000054  -0.000095  1.000000  -0.000006  -0.000054  0.000006  1.000000  0.999994  0.002997  0.001862  -0.002996  0.999996  -0.000110  -0.001862  0.000105  0.999998  0.000081  0.008744  
55.336032 0.000840  0.086536  -0.005462  0.995716  0.077300  -0.050732  -0.077849  0.996925  -0.008930  0.049886  0.012841  0.998672  -0.004378  -0.008850  -0.004942  -0.014407  0.165536  0.295096  2.000000  0.999992  0.003385  0.002086  -0.003384  0.999994  -0.000135  -0.002086  0.000128  0.999998  0.999958  0.007963  -0.004516  -0.007965  0.999968  -0.000448  0.004513  0.000484  0.999990  1.000000  0.000099  0.000058  -0.000099  1.000000  -0.000006  -0.000058  0.000006  1.000000  0.999992  0.003385  0.002086  -0.003384  0.999994  -0.000135  -0.002086  0.000128  0.999998  0.000085  0.009167  
55.337032 0.000834  0.086524  -0.005467  0.995694  0.077497  -0.050877  -0.078053  0.996908  -0.009030  0.050020  0.012962  0.998664  -0.004531  -0.009268  -0.004971  -0.017804  0.170207  0.308820  2.000000  0.999990  0.003775  0.002314  -0.003775  0.999993  -0.000164  -0.002315  0.000155  0.999997  0.999960  0.007757  -0.004515  -0.007760  0.999970  -0.000579  0.004510  0.000614  0.999990  1.000000  0.000097  0.000056  -0.000097  1.000000  -0.000007  -0.000056  0.000007  1.000000  0.999990  0.003775  0.002314  -0.003775  0.999993  -0.000164  -0.002315  0.000155  0.999997  0.000088  0.008995  
55.338039 0.000828  0.086513  -0.005471  0.995671  0.077695  -0.051021  -0.078258  0.996891  -0.009130  0.050153  0.013083  0.998656  -0.004658  -0.009573  -0.004912  -0.021533  0.174840  0.315719  2.000000  0.999988  0.004159  0.002537  -0.004158  0.999991  -0.000196  -0.002538  0.000186  0.999997  0.999962  0.007552  -0.004379  -0.007556  0.999971  -0.000709  0.004374  0.000742  0.999990  1.000000  0.000095  0.000054  -0.000095  1.000000  -0.000009  -0.000054  0.000009  1.000000  0.999988  0.004159  0.002537  -0.004158  0.999991  -0.000196  -0.002538  0.000186  0.999997  0.000091  0.008761  
55.339281 0.000821  0.086500  -0.005476  0.995648  0.077892  -0.051166  -0.078462  0.996874  -0.009230  0.050287  0.013204  0.998648  -0.004797  -0.009865  -0.004770  -0.025591  0.179375  0.315686  2.000000  0.999985  0.004624  0.002805  -0.004623  0.999989  -0.000246  -0.002806  0.000233  0.999996  0.999964  0.007348  -0.004244  -0.007352  0.999973  -0.000840  0.004238  0.000871  0.999991  1.000000  0.000092  0.000053  -0.000092  1.000000  -0.000011  -0.000053  0.000011  1.000000  0.999985  0.004624  0.002805  -0.004623  0.999989  -0.000246  -0.002806  0.000233  0.999996  0.000092  0.008529  
55.340563 0.000813  0.086486  -0.005481  0.995632  0.078091  -0.051177  -0.078667  0.996857  -0.009340  0.050287  0.013325  0.998646  -0.004898  -0.010079  -0.004532  -0.029944  0.174622  0.308487  2.000000  0.999983  0.004981  0.003006  -0.004980  0.999988  -0.000294  -0.003007  0.000279  0.999995  0.999968  0.006938  -0.004106  -0.006942  0.999975  -0.000982  0.004099  0.001011  0.999991  1.000000  0.000088  0.000049  -0.000088  1.000000  -0.000012  -0.000049  0.000012  1.000000  0.999983  0.004981  0.003006  -0.004980  0.999988  -0.000294  -0.003007  0.000279  0.999995  0.000088  0.008123  
55.341780 0.000806  0.086473  -0.005484  0.995632  0.078085  -0.051187  -0.078667  0.996856  -0.009461  0.050287  0.013447  0.998644  -0.005013  -0.010252  -0.004363  -0.034081  0.168846  0.299475  2.000000  0.999981  0.005322  0.003200  -0.005321  0.999986  -0.000349  -0.003202  0.000332  0.999995  0.999971  0.006530  -0.003834  -0.006534  0.999978  -0.001124  0.003826  0.001149  0.999992  1.000000  0.000082  0.000047  -0.000082  1.000000  -0.000014  -0.000047  0.000014  1.000000  0.999981  0.005322  0.003200  -0.005321  0.999986  -0.000349  -0.003202  0.000332  0.999995  0.000087  0.007657  
55.343029 0.000797  0.086460  -0.005487  0.995609  0.078282  -0.051331  -0.078872  0.996839  -0.009561  0.050421  0.013568  0.998636  -0.005195  -0.010490  -0.004278  -0.038084  0.168864  0.299462  2.000000  0.999978  0.005727  0.003432  -0.005725  0.999984  -0.000425  -0.003434  0.000405  0.999994  0.999973  0.006325  -0.003698  -0.006330  0.999979  -0.001134  0.003691  0.001157  0.999993  1.000000  0.000080  0.000045  -0.000080  1.000000  -0.000014  -0.000045  0.000014  1.000000  0.999978  0.005727  0.003432  -0.005725  0.999984  -0.000425  -0.003434  0.000405  0.999994  0.000087  0.007416  
55.344275 0.000787  0.086445  -0.005491  0.995593  0.078481  -0.051343  -0.079077  0.996822  -0.009671  0.050421  0.013689  0.998634  -0.005445  -0.010676  -0.004251  -0.042133  0.164525  0.299695  2.000000  0.999975  0.006114  0.003650  -0.006112  0.999981  -0.000501  -0.003653  0.000479  0.999993  0.999976  0.005915  -0.003559  -0.005920  0.999982  -0.001276  0.003552  0.001297  0.999993  1.000000  0.000075  0.000042  -0.000075  1.000000  -0.000016  -0.000042  0.000016  1.000000  0.999975  0.006114  0.003650  -0.006112  0.999981  -0.000501  -0.003653  0.000479  0.999993  0.000087  0.007023  
55.345276 0.000780  0.086432  -0.005495  0.995576  0.078680  -0.051354  -0.079282  0.996804  -0.009782  0.050421  0.013810  0.998633  -0.005703  -0.010877  -0.004230  -0.046864  0.161282  0.295245  2.000000  0.999972  0.006402  0.003813  -0.006400  0.999979  -0.000567  -0.003817  0.000543  0.999993  0.999979  0.005507  -0.003287  -0.005512  0.999984  -0.001296  0.003280  0.001315  0.999994  1.000000  0.000070  0.000039  -0.000070  1.000000  -0.000016  -0.000039  0.000016  1.000000  0.999972  0.006402  0.003813  -0.006400  0.999979  -0.000567  -0.003817  0.000543  0.999993  0.000085  0.006545  
55.346526 0.000771  0.086417  -0.005501  0.995576  0.078674  -0.051364  -0.079282  0.996803  -0.009903  0.050421  0.013931  0.998631  -0.005990  -0.011051  -0.004226  -0.051133  0.150835  0.279137  2.000000  0.999969  0.006736  0.004006  -0.006733  0.999977  -0.000649  -0.004010  0.000622  0.999992  0.999983  0.005102  -0.002880  -0.005105  0.999986  -0.001196  0.002874  0.001211  0.999995  1.000000  0.000063  0.000037  -0.000063  1.000000  -0.000015  -0.000037  0.000015  1.000000  0.999969  0.006736  0.004006  -0.006733  0.999977  -0.000649  -0.004010  0.000622  0.999992  0.000082  0.005981  
55.347540 0.000762  0.086405  -0.005504  0.995576  0.078674  -0.051364  -0.079282  0.996803  -0.009903  0.050421  0.013931  0.998631  -0.006211  -0.011126  -0.004126  -0.052190  0.147363  0.267604  2.000000  0.999969  0.006736  0.004006  -0.006733  0.999977  -0.000649  -0.004010  0.000622  0.999992  0.999984  0.004897  -0.002744  -0.004901  0.999987  -0.001328  0.002737  0.001341  0.999995  1.000000  0.000000  0.000000  0.000000  1.000000  0.000000  0.000000  0.000000  1.000000  0.999969  0.006736  0.004006  -0.006733  0.999977  -0.000649  -0.004010  0.000622  0.999992  0.000078  0.000000  
55.348782 0.000753  0.086391  -0.005507  0.995560  0.078873  -0.051376  -0.079487  0.996786  -0.010013  0.050421  0.014052  0.998629  -0.006477  -0.011247  -0.003835  -0.056142  0.137264  0.258851  2.000000  0.999969  0.006736  0.004006  -0.006733  0.999977  -0.000649  -0.004010  0.000622  0.999992  0.999986  0.004695  -0.002474  -0.004699  0.999988  -0.001338  0.002468  0.001350  0.999996  1.000000  0.000000  0.000000  0.000000  1.000000  0.000000  0.000000  0.000000  1.000000  0.999969  0.006736  0.004006  -0.006733  0.999977  -0.000649  -0.004010  0.000622  0.999992  0.000076  0.000000  
55.350030 0.000742  0.086376  -0.005510  0.995544  0.079072  -0.051387  -0.079692  0.996768  -0.010123  0.050421  0.014173  0.998627  -0.006806  -0.011366  -0.003566  -0.060807  0.132575  0.245068  2.000000  0.999969  0.006736  0.004006  -0.006733  0.999977  -0.000649  -0.004010  0.000622  0.999992  0.999988  0.004288  -0.002201  -0.004291  0.999990  -0.001359  0.002195  0.001368  0.999997  1.000000  0.000000  0.000000  0.000000  1.000000  0.000000  0.000000  0.000000  1.000000  0.999969  0.006736  0.004006  -0.006733  0.999977  -0.000649  -0.004010  0.000622  0.999992  0.000073  0.000000  
55.351035 0.000734  0.086363  -0.005513  0.995527  0.079277  -0.051389  -0.079897  0.996752  -0.010113  0.050421  0.014173  0.998627  -0.007093  -0.011495  -0.003398  -0.057534  0.124597  0.240284  2.000000  0.999969  0.006736  0.004006  -0.006733  0.999977  -0.000649  -0.004010  0.000622  0.999992  0.999991  0.003880  -0.001928  -0.003883  0.999991  -0.001501  0.001922  0.001508  0.999997  1.000000  0.000000  0.000000  0.000000  1.000000  0.000000  0.000000  0.000000  1.000000  0.999969  0.006736  0.004006  -0.006733  0.999977  -0.000649  -0.004010  0.000622  0.999992  0.000069  0.000000  
55.352280 0.000722  0.086347  -0.005517  0.995534  0.079273  -0.051266  -0.079897  0.996750  -0.010244  0.050287  0.014294  0.998633  -0.007386  -0.011641  -0.003277  -0.061762  0.110035  0.224786  2.000000  0.999969  0.006736  0.004006  -0.006733  0.999977  -0.000649  -0.004010  0.000622  0.999992  0.999992  0.003680  -0.001524  -0.003682  0.999992  -0.001512  0.001519  0.001517  0.999998  1.000000  0.000000  0.000000  0.000000  1.000000  0.000000  0.000000  0.000000  1.000000  0.999969  0.006736  0.004006  -0.006733  0.999977  -0.000649  -0.004010  0.000622  0.999992  0.000065  0.000000  
55.353285 0.000712  0.086335  -0.005522  0.995524  0.079474  -0.051144  -0.080103  0.996733  -0.010365  0.050153  0.014416  0.998637  -0.007674  -0.011736  -0.003253  -0.062931  0.097296  0.212986  2.000000  0.999969  0.006736  0.004006  -0.006733  0.999977  -0.000649  -0.004010  0.000622  0.999992  0.999995  0.003070  -0.000981  -0.003072  0.999994  -0.001665  0.000976  0.001668  0.999998  1.000000  0.000000  0.000000  0.000000  1.000000  0.000000  0.000000  0.000000  1.000000  0.999969  0.006736  0.004006  -0.006733  0.999977  -0.000649  -0.004010  0.000622  0.999992  0.000061  0.000000  
55.354291 0.000702  0.086321  -0.005526  0.995524  0.079474  -0.051144  -0.080103  0.996733  -0.010365  0.050153  0.014416  0.998637  -0.007969  -0.011894  -0.003306  -0.059494  0.088117  0.199250  2.000000  0.999969  0.006736  0.004006  -0.006733  0.999977  -0.000649  -0.004010  0.000622  0.999992  0.999996  0.002869  -0.000710  -0.002870  0.999995  -0.001554  0.000706  0.001556  0.999999  1.000000  0.000000  0.000000  0.000000  1.000000  0.000000  0.000000  0.000000  1.000000  0.999969  0.006736  0.004006  -0.006733  0.999977  -0.000649  -0.004010  0.000622  0.999992  0.000058  0.000000  
55.355295 0.000692  0.086308  -0.005531  0.995514  0.079674  -0.051023  -0.080308  0.996715  -0.010486  0.050020  0.014537  0.998642  -0.008222  -0.012081  -0.003423  -0.063884  0.079013  0.192380  2.000000  0.999969  0.006736  0.004006  -0.006733  0.999977  -0.000649  -0.004010  0.000622  0.999992  0.999995  0.003078  -0.000446  -0.003079  0.999994  -0.001665  0.000441  0.001666  0.999999  1.000000  0.000000  0.000000  0.000000  1.000000  0.000000  0.000000  0.000000  1.000000  0.999969  0.006736  0.004006  -0.006733  0.999977  -0.000649  -0.004010  0.000622  0.999992  0.000056  0.000000  
55.356524 0.000679  0.086292  -0.005538  0.995504  0.079875  -0.050902  -0.080514  0.996697  -0.010608  0.049886  0.014658  0.998647  -0.008575  -0.012255  -0.003667  -0.063711  0.064951  0.184206  2.000000  0.999969  0.006736  0.004006  -0.006733  0.999977  -0.000649  -0.004010  0.000622  0.999992  0.999996  0.002876  -0.000175  -0.002877  0.999995  -0.001554  0.000171  0.001555  0.999999  1.000000  0.000000  0.000000  0.000000  1.000000  0.000000  0.000000  0.000000  1.000000  0.999969  0.006736  0.004006  -0.006733  0.999977  -0.000649  -0.004010  0.000622  0.999992  0.000052  0.000000  
55.357529 0.000668  0.086279  -0.005544  0.995494  0.080083  -0.050771  -0.080719  0.996680  -0.010608  0.049753  0.014658  0.998654  -0.008866  -0.012438  -0.003892  -0.063732  0.051598  0.184482  2.000000  0.999969  0.006736  0.004006  -0.006733  0.999977  -0.000649  -0.004010  0.000622  0.999992  0.999996  0.002673  -0.000039  -0.002673  0.999995  -0.001565  0.000035  0.001565  0.999999  1.000000  0.000000  0.000000  0.000000  1.000000  0.000000  0.000000  0.000000  1.000000  0.999969  0.006736  0.004006  -0.006733  0.999977  -0.000649  -0.004010  0.000622  0.999992  0.000050  0.000000  
55.358778 0.000653  0.086262  -0.005553  0.995494  0.080076  -0.050780  -0.080719  0.996679  -0.010729  0.049753  0.014779  0.998652  -0.009207  -0.012584  -0.004221  0.000000  0.000000  0.000000  2.000000  0.999969  0.006736  0.004006  -0.006733  0.999977  -0.000649  -0.004010  0.000622  0.999992  0.999997  0.002473  0.000365  -0.002472  0.999996  -0.001696  -0.000369  0.001696  0.999998  1.000000  0.000000  0.000000  0.000000  1.000000  0.000000  0.000000  0.000000  1.000000  0.999969  0.006736  0.004006  -0.006733  0.999977  -0.000649  -0.004010  0.000622  0.999992  0.000048  0.000000  
55.359779 0.000641  0.086249  -0.005559  0.995484  0.080284  -0.050649  -0.080924  0.996662  -0.010729  0.049619  0.014779  0.998659  -0.009460  -0.012632  -0.004406  0.000000  0.000000  0.000000  2.000000  0.999969  0.006736  0.004006  -0.006733  0.999977  -0.000649  -0.004010  0.000622  0.999992  0.999997  0.002475  0.000499  -0.002474  0.999996  -0.001576  -0.000503  0.001574  0.999999  1.000000  0.000000  0.000000  0.000000  1.000000  0.000000  0.000000  0.000000  1.000000  0.999969  0.006736  0.004006  -0.006733  0.999977  -0.000649  -0.004010  0.000622  0.999992  0.000000  0.000000  
55.360779 0.000630  0.086236  -0.005566  0.995468  0.080483  -0.050661  -0.081129  0.996645  -0.010840  0.049619  0.014901  0.998657  -0.009807  -0.012692  -0.004567  0.000000  0.000000  0.000000  2.000000  0.999969  0.006736  0.004006  -0.006733  0.999977  -0.000649  -0.004010  0.000622  0.999992  0.999997  0.002477  0.000632  -0.002476  0.999996  -0.001576  -0.000636  0.001574  0.999999  1.000000  0.000000  0.000000  0.000000  1.000000  0.000000  0.000000  0.000000  1.000000  0.999969  0.006736  0.004006  -0.006733  0.999977  -0.000649  -0.004010  0.000622  0.999992  0.000000  0.000000  
55.362037 0.000615  0.086220  -0.005574  0.995458  0.080690  -0.050530  -0.081335  0.996628  -0.010840  0.049485  0.014901  0.998664  -0.010126  -0.012758  -0.004761  0.000000  0.000000  0.000000  2.000000  0.999969  0.006736  0.004006  -0.006733  0.999977  -0.000649  -0.004010  0.000622  0.999992  0.999997  0.002479  0.000766  -0.002478  0.999996  -0.001333  -0.000769  0.001331  0.999999  1.000000  0.000000  0.000000  0.000000  1.000000  0.000000  0.000000  0.000000  1.000000  0.999969  0.006736  0.004006  -0.006733  0.999977  -0.000649  -0.004010  0.000622  0.999992  0.000000  0.000000  
55.363278 0.000600  0.086204  -0.005581  0.995458  0.080690  -0.050530  -0.081335  0.996628  -0.010840  0.049485  0.014901  0.998664  -0.010461  -0.012832  -0.005006  0.000000  0.000000  0.000000  2.000000  0.999969  0.006736  0.004006  -0.006733  0.999977  -0.000649  -0.004010  0.000622  0.999992  0.999997  0.002479  0.000766  -0.002478  0.999996  -0.001212  -0.000769  0.001210  0.999999  1.000000  0.000000  0.000000  0.000000  1.000000  0.000000  0.000000  0.000000  1.000000  0.999969  0.006736  0.004006  -0.006733  0.999977  -0.000649  -0.004010  0.000622  0.999992  0.000000  0.000000  
55.364280 0.000588  0.086192  -0.005587  0.995447  0.080891  -0.050409  -0.081540  0.996610  -0.010961  0.049352  0.015022  0.998668  -0.010744  -0.012860  -0.005264  0.000000  0.000000  0.000000  2.000000  0.999969  0.006736  0.004006  -0.006733  0.999977  -0.000649  -0.004010  0.000622  0.999992  0.999996  0.002483  0.001033  -0.002482  0.999996  -0.001334  -0.001037  0.001331  0.999999  1.000000  0.000000  0.000000  0.000000  1.000000  0.000000  0.000000  0.000000  1.000000  0.999969  0.006736  0.004006  -0.006733  0.999977  -0.000649  -0.004010  0.000622  0.999992  0.000000  0.000000  
55.365280 0.000575  0.086179  -0.005594  0.995431  0.081096  -0.050411  -0.081745  0.996593  -0.010951  0.049352  0.015022  0.998668  -0.011057  -0.012938  -0.005574  0.000000  0.000000  0.000000  2.000000  0.999969  0.006736  0.004006  -0.006733  0.999977  -0.000649  -0.004010  0.000622  0.999992  0.999996  0.002483  0.001033  -0.002482  0.999996  -0.001212  -0.001036  0.001210  0.999999  1.000000  0.000000  0.000000  0.000000  1.000000  0.000000  0.000000  0.000000  1.000000  0.999969  0.006736  0.004006  -0.006733  0.999977  -0.000649  -0.004010  0.000622  0.999992  0.000000  0.000000  
55.366530 0.000559  0.086162  -0.005604  0.995431  0.081090  -0.050421  -0.081745  0.996592  -0.011072  0.049352  0.015143  0.998667  -0.011323  -0.012984  -0.005953  0.000000  0.000000  0.000000  2.000000  0.999969  0.006736  0.004006  -0.006733  0.999977  -0.000649  -0.004010  0.000622  0.999992  0.999996  0.002483  0.001033  -0.002482  0.999996  -0.001212  -0.001036  0.001210  0.999999  1.000000  0.000000  0.000000  0.000000  1.000000  0.000000  0.000000  0.000000  1.000000  0.999969  0.006736  0.004006  -0.006733  0.999977  -0.000649  -0.004010  0.000622  0.999992  0.000000  0.000000  
55.367530 0.000547  0.086149  -0.005613  0.995420  0.081291  -0.050300  -0.081951  0.996574  -0.011193  0.049218  0.015264  0.998671  -0.011584  -0.013045  -0.006322  0.000000  0.000000  0.000000  2.000000  0.999969  0.006736  0.004006  -0.006733  0.999977  -0.000649  -0.004010  0.000622  0.999992  0.999996  0.002691  0.001163  -0.002690  0.999996  -0.001202  -0.001167  0.001199  0.999999  1.000000  0.000000  0.000000  0.000000  1.000000  0.000000  0.000000  0.000000  1.000000  0.999969  0.006736  0.004006  -0.006733  0.999977  -0.000649  -0.004010  0.000622  0.999992  0.000000  0.000000  
55.368775 0.000530  0.086131  -0.005625  0.995403  0.081496  -0.050303  -0.082156  0.996557  -0.011183  0.049218  0.015264  0.998671  -0.011823  -0.013118  -0.006711  0.000000  0.000000  0.000000  2.000000  0.999969  0.006736  0.004006  -0.006733  0.999977  -0.000649  -0.004010  0.000622  0.999992  0.999996  0.002691  0.001163  -0.002690  0.999996  -0.001081  -0.001166  0.001078  0.999999  1.000000  0.000000  0.000000  0.000000  1.000000  0.000000  0.000000  0.000000  1.000000  0.999969  0.006736  0.004006  -0.006733  0.999977  -0.000649  -0.004010  0.000622  0.999992  0.000000  0.000000  
55.369780 0.000517  0.086117  -0.005634  0.995387  0.081695  -0.050315  -0.082361  0.996539  -0.011294  0.049218  0.015385  0.998670  -0.012009  -0.013186  -0.007063  0.000000  0.000000  0.000000  2.000000  0.999969  0.006736  0.004006  -0.006733  0.999977  -0.000649  -0.004010  0.000622  0.999992  0.999996  0.002691  0.001163  -0.002690  0.999996  -0.001202  -0.001166  0.001199  0.999999  1.000000  0.000000  0.000000  0.000000  1.000000  0.000000  0.000000  0.000000  1.000000  0.999969  0.006736  0.004006  -0.006733  0.999977  -0.000649  -0.004010  0.000622  0.999992  0.000000  0.000000  
55.371029 0.000501  0.086100  -0.005646  0.995370  0.081900  -0.050317  -0.082566  0.996522  -0.011283  0.049218  0.015385  0.998670  -0.012236  -0.013270  -0.007397  0.000000  0.000000  0.000000  2.000000  0.999969  0.006736  0.004006  -0.006733  0.999977  -0.000649  -0.004010  0.000622  0.999992  0.999995  0.002897  0.001160  -0.002895  0.999995  -0.001071  -0.001163  0.001068  0.999999  1.000000  0.000000  0.000000  0.000000  1.000000  0.000000  0.000000  0.000000  1.000000  0.999969  0.006736  0.004006  -0.006733  0.999977  -0.000649  -0.004010  0.000622  0.999992  0.000000  0.000000  
55.372029 0.000488  0.086086  -0.005656  0.995353  0.082099  -0.050329  -0.082770  0.996504  -0.011394  0.049218  0.015507  0.998668  -0.012373  -0.013285  -0.007677  0.000000  0.000000  0.000000  2.000000  0.999969  0.006736  0.004006  -0.006733  0.999977  -0.000649  -0.004010  0.000622  0.999992  0.999996  0.002689  0.001029  -0.002688  0.999996  -0.001081  -0.001032  0.001078  0.999999  1.000000  0.000000  0.000000  0.000000  1.000000  0.000000  0.000000  0.000000  1.000000  0.999969  0.006736  0.004006  -0.006733  0.999977  -0.000649  -0.004010  0.000622  0.999992  0.000000  0.000000  
55.373280 0.000472  0.086068  -0.005668  0.995353  0.082099  -0.050329  -0.082770  0.996504  -0.011394  0.049218  0.015507  0.998668  -0.012494  -0.013346  -0.007951  0.000000  0.000000  0.000000  2.000000  0.999969  0.006736  0.004006  -0.006733  0.999977  -0.000649  -0.004010  0.000622  0.999992  0.999995  0.002895  0.001026  -0.002894  0.999995  -0.001071  -0.001029  0.001068  0.999999  1.000000  0.000000  0.000000  0.000000  1.000000  0.000000  0.000000  0.000000  1.000000  0.999969  0.006736  0.004006  -0.006733  0.999977  -0.000649  -0.004010  0.000622  0.999992  0.000000  0.000000  
55.374528 0.000456  0.086052  -0.005681  0.995335  0.082298  -0.050342  -0.082975  0.996485  -0.011504  0.049218  0.015628  0.998666  -0.012571  -0.013371  -0.008275  0.000000  0.000000  0.000000  2.000000  0.999969  0.006736  0.004006  -0.006733  0.999977  -0.000649  -0.004010  0.000622  0.999992  0.999995  0.002893  0.000892  -0.002892  0.999995  -0.001071  -0.000895  0.001068  0.999999  1.000000  0.000000  0.000000  0.000000  1.000000  0.000000  0.000000  0.000000  1.000000  0.999969  0.006736  0.004006  -0.006733  0.999977  -0.000649  -0.004010  0.000622  0.999992  0.000000  0.000000  
55.375779 0.000440  0.086035  -0.005695  0.995318  0.082504  -0.050344  -0.083180  0.996468  -0.011494  0.049218  0.015628  0.998666  -0.012649  -0.013442  -0.008607  0.000000  0.000000  0.000000  2.000000  0.999969  0.006736  0.004006  -0.006733  0.999977  -0.000649  -0.004010  0.000622  0.999992  0.999996  0.002891  0.000758  -0.002890  0.999995  -0.000950  -0.000761  0.000948  0.999999  1.000000  0.000000  0.000000  0.000000  1.000000  0.000000  0.000000  0.000000  1.000000  0.999969  0.006736  0.004006  -0.006733  0.999977  -0.000649  -0.004010  0.000622  0.999992  0.000000  0.000000  
55.377028 0.000423  0.086017  -0.005708  0.995301  0.082709  -0.050346  -0.083385  0.996451  -0.011484  0.049218  0.015628  0.998666  -0.012771  -0.013549  -0.008989  0.000000  0.000000  0.000000  2.000000  0.999969  0.006736  0.004006  -0.006733  0.999977  -0.000649  -0.004010  0.000622  0.999992  0.999996  0.002889  0.000624  -0.002888  0.999995  -0.000828  -0.000626  0.000827  0.999999  1.000000  0.000000  0.000000  0.000000  1.000000  0.000000  0.000000  0.000000  1.000000  0.999969  0.006736  0.004006  -0.006733  0.999977  -0.000649  -0.004010  0.000622  0.999992  0.000000  0.000000  
55.378038 0.000410  0.086003  -0.005720  0.995284  0.082914  -0.050349  -0.083590  0.996434  -0.011473  0.049218  0.015628  0.998666  -0.012828  -0.013646  -0.009403  0.000000  0.000000  0.000000  2.000000  0.999969  0.006736  0.004006  -0.006733  0.999977  -0.000649  -0.004010  0.000622  0.999992  0.999996  0.002887  0.000490  -0.002886  0.999995  -0.000828  -0.000493  0.000827  1.000000  1.000000  0.000000  0.000000  0.000000  1.000000  0.000000  0.000000  0.000000  1.000000  0.999969  0.006736  0.004006  -0.006733  0.999977  -0.000649  -0.004010  0.000622  0.999992  0.000000  0.000000  
55.379281 0.000394  0.085985  -0.005736  0.995284  0.082914  -0.050349  -0.083590  0.996434  -0.011473  0.049218  0.015628  0.998666  -0.012921  -0.013819  -0.009934  0.000000  0.000000  0.000000  2.000000  0.999969  0.006736  0.004006  -0.006733  0.999977  -0.000649  -0.004010  0.000622  0.999992  0.999996  0.002887  0.000490  -0.002886  0.999996  -0.000707  -0.000492  0.000706  1.000000  1.000000  0.000000  0.000000  0.000000  1.000000  0.000000  0.000000  0.000000  1.000000  0.999969  0.006736  0.004006  -0.006733  0.999977  -0.000649  -0.004010  0.000622  0.999992  0.000000  0.000000  
55.380536 0.000378  0.085968  -0.005752  0.995267  0.083119  -0.050351  -0.083795  0.996417  -0.011463  0.049218  0.015628  0.998666  -0.012911  -0.013898  -0.010451  0.000000  0.000000  0.000000  2.000000  0.999969  0.006736  0.004006  -0.006733  0.999977  -0.000649  -0.004010  0.000622  0.999992  0.999996  0.002885  0.000357  -0.002884  0.999996  -0.000707  -0.000359  0.000706  1.000000  1.000000  0.000000  0.000000  0.000000  1.000000  0.000000  0.000000  0.000000  1.000000  0.999969  0.006736  0.004006  -0.006733  0.999977  -0.000649  -0.004010  0.000622  0.999992  0.000000  0.000000  
55.381782 0.000362  0.085950  -0.005767  0.995250  0.083318  -0.050364  -0.084000  0.996399  -0.011573  0.049218  0.015749  0.998664  -0.012925  -0.013947  -0.010764  0.000000  0.000000  0.000000  2.000000  0.999969  0.006736  0.004006  -0.006733  0.999977  -0.000649  -0.004010  0.000622  0.999992  0.999996  0.002883  0.000222  -0.002882  0.999996  -0.000707  -0.000224  0.000707  1.000000  1.000000  0.000000  0.000000  0.000000  1.000000  0.000000  0.000000  0.000000  1.000000  0.999969  0.006736  0.004006  -0.006733  0.999977  -0.000649  -0.004010  0.000622  0.999992  0.000000  0.000000  
55.383033 0.000346  0.085932  -0.005782  0.995232  0.083523  -0.050366  -0.084205  0.996381  -0.011563  0.049218  0.015749  0.998664  -0.012933  -0.013963  -0.010990  0.000000  0.000000  0.000000  2.000000  0.999969  0.006736  0.004006  -0.006733  0.999977  -0.000649  -0.004010  0.000622  0.999992  0.999996  0.002883  0.000222  -0.002882  0.999996  -0.000707  -0.000224  0.000707  1.000000  1.000000  0.000000  0.000000  0.000000  1.000000  0.000000  0.000000  0.000000  1.000000  0.999969  0.006736  0.004006  -0.006733  0.999977  -0.000649  -0.004010  0.000622  0.999992  0.000000  0.000000  
