1-Time 2-Px 3-Py 4-Pz 5-R11 6-R21 7-R31 8-R12 9-R22 10-R32 11-R13 12-R23 13-R33 14-Vx 15-Vy 16-Vz 17-Wx 18-Wy 19-Wz 20-state 21-PR11 22-PR21 23-PR31 24-PR12 25-PR22 26-PR32 27-PR13 28-PR23 29-PR33 
238.362568 0.005455  0.092023  -0.006491  0.997543  0.044562  0.054054  -0.043771  0.998918  -0.015727  -0.054696  0.013322  0.998414  -0.000170  -0.000151  -0.000022  0.000000  0.000000  0.000000  2.000000  1.000000  0.000000  0.000000  -0.000000  1.000000  0.000000  0.000000  -0.000000  1.000000  1.000000  -0.000824  -0.000123  0.000824  1.000000  0.000288  0.000123  -0.000288  1.000000  1.000000  0.000000  0.000000  0.000000  1.000000  0.000000  0.000000  0.000000  1.000000  0.771212  0.449781  -0.450476  -0.487583  0.872324  0.036238  0.409261  0.191698  0.892053  0.000000  0.000000  
238.363577 0.005455  0.092023  -0.006492  0.997543  0.044555  0.054059  -0.043771  0.998920  -0.015606  -0.054696  0.013201  0.998416  -0.000160  -0.000157  -0.000057  0.000000  0.000000  0.000000  2.000000  1.000000  0.000000  0.000000  0.000000  1.000000  0.000000  0.000000  0.000000  1.000000  1.000000  -0.000824  -0.000123  0.000824  1.000000  0.000409  0.000123  -0.000409  1.000000  1.000000  0.000000  0.000000  0.000000  1.000000  0.000000  0.000000  0.000000  1.000000  1.000000  0.000000  0.000000  0.000000  1.000000  0.000000  0.000000  0.000000  1.000000  0.000000  0.000000  
238.364829 0.005455  0.092020  -0.006496  0.997527  0.044763  0.054190  -0.043976  0.998910  -0.015623  -0.054830  0.013201  0.998408  -0.000149  -0.000334  -0.000296  0.000000  0.000000  0.000000  2.000000  1.000000  0.000000  0.000000  0.000000  1.000000  0.000000  0.000000  0.000000  1.000000  1.000000  -0.000411  0.000005  0.000411  1.000000  0.000386  -0.000006  -0.000386  1.000000  1.000000  0.000000  0.000000  0.000000  1.000000  0.000000  0.000000  0.000000  1.000000  1.000000  0.000000  0.000000  0.000000  1.000000  0.000000  0.000000  0.000000  1.000000  0.000000  0.000000  
238.366080 0.005456  0.092017  -0.006501  0.997494  0.045184  0.054445  -0.044386  0.998890  -0.015778  -0.055097  0.013322  0.998392  -0.000055  -0.000497  -0.000654  0.000000  0.000000  0.000000  2.000000  1.000000  0.000000  0.000000  0.000000  1.000000  0.000000  0.000000  0.000000  1.000000  1.000000  -0.000202  0.000270  0.000202  1.000000  0.000133  -0.000270  -0.000133  1.000000  1.000000  0.000000  0.000000  0.000000  1.000000  0.000000  0.000000  0.000000  1.000000  1.000000  0.000000  0.000000  0.000000  1.000000  0.000000  0.000000  0.000000  1.000000  0.000000  0.000000  
238.367329 0.005456  0.092014  -0.006506  0.997470  0.045393  0.054708  -0.044591  0.998880  -0.015801  -0.055364  0.013322  0.998377  0.000003  -0.000709  -0.000987  0.000000  0.000000  0.000000  2.000000  1.000000  0.000000  0.000000  0.000000  1.000000  0.000000  0.000000  0.000000  1.000000  1.000000  0.000213  0.000532  -0.000213  1.000000  0.000110  -0.000532  -0.000110  1.000000  1.000000  0.000000  0.000000  0.000000  1.000000  0.000000  0.000000  0.000000  1.000000  1.000000  0.000000  0.000000  0.000000  1.000000  0.000000  0.000000  0.000000  1.000000  0.000000  0.000000  
238.368579 0.005458  0.092012  -0.006509  0.997455  0.045397  0.054975  -0.044590  0.998880  -0.015813  -0.055632  0.013322  0.998362  0.000128  -0.000832  -0.001190  0.000000  0.000000  0.000000  2.000000  1.000000  0.000000  0.000000  0.000000  1.000000  0.000000  0.000000  0.000000  1.000000  1.000000  0.000216  0.000800  -0.000216  1.000000  0.000110  -0.000800  -0.000110  1.000000  1.000000  0.000000  0.000000  0.000000  1.000000  0.000000  0.000000  0.000000  1.000000  1.000000  0.000000  0.000000  0.000000  1.000000  0.000000  0.000000  0.000000  1.000000  0.000000  0.000000  
238.369926 0.005459  0.092010  -0.006513  0.997446  0.045602  0.054972  -0.044795  0.998871  -0.015825  -0.055632  0.013322  0.998362  0.000246  -0.000982  -0.001472  0.000000  0.000000  0.000000  2.000000  1.000000  0.000000  0.000000  0.000000  1.000000  0.000000  0.000000  0.000000  1.000000  1.000000  0.000422  0.000797  -0.000422  1.000000  0.000098  -0.000797  -0.000099  1.000000  1.000000  0.000000  0.000000  0.000000  1.000000  0.000000  0.000000  0.000000  1.000000  1.000000  0.000000  0.000000  0.000000  1.000000  0.000000  0.000000  0.000000  1.000000  0.000000  0.000000  
238.371079 0.005461  0.092008  -0.006516  0.997437  0.045808  0.054969  -0.045001  0.998861  -0.015836  -0.055632  0.013322  0.998362  0.000416  -0.001088  -0.001698  0.000000  0.000000  0.000000  2.000000  1.000000  0.000000  0.000000  0.000000  1.000000  0.000000  0.000000  0.000000  1.000000  0.999999  0.000833  0.000792  -0.000833  1.000000  0.000075  -0.000792  -0.000076  1.000000  1.000000  0.000000  0.000000  0.000000  1.000000  0.000000  0.000000  0.000000  1.000000  1.000000  0.000000  0.000000  0.000000  1.000000  0.000000  0.000000  0.000000  1.000000  0.000000  0.000000  
238.372328 0.005464  0.092006  -0.006520  0.997420  0.046015  0.055099  -0.045206  0.998852  -0.015853  -0.055765  0.013322  0.998355  0.000620  -0.001218  -0.001975  0.000000  0.000000  0.000000  2.000000  1.000000  0.000000  0.000000  0.000000  1.000000  0.000000  0.000000  0.000000  1.000000  0.999999  0.001042  0.001057  -0.001042  0.999999  0.000064  -0.001056  -0.000065  0.999999  1.000000  0.000000  0.000000  0.000000  1.000000  0.000000  0.000000  0.000000  1.000000  1.000000  0.000000  0.000000  0.000000  1.000000  0.000000  0.000000  0.000000  1.000000  0.000000  0.000000  
238.373577 0.005467  0.092003  -0.006525  0.997386  0.046430  0.055359  -0.045616  0.998833  -0.015888  -0.056032  0.013321  0.998340  0.000792  -0.001376  -0.002271  0.000000  0.000000  0.000000  2.000000  1.000000  0.000000  0.000000  0.000000  1.000000  0.000000  0.000000  0.000000  1.000000  0.999999  0.001249  0.001188  -0.001249  0.999999  0.000052  -0.001188  -0.000054  0.999999  1.000000  0.000000  0.000000  0.000000  1.000000  0.000000  0.000000  0.000000  1.000000  1.000000  0.000000  0.000000  0.000000  1.000000  0.000000  0.000000  0.000000  1.000000  0.000000  0.000000  
238.374825 0.005469  0.092000  -0.006530  0.997353  0.046852  0.055614  -0.046026  0.998811  -0.016044  -0.056299  0.013442  0.998323  0.000955  -0.001590  -0.002614  0.000000  0.000000  0.000000  2.000000  1.000000  0.000000  0.000000  0.000000  1.000000  0.000000  0.000000  0.000000  1.000000  0.999998  0.001664  0.001449  -0.001664  0.999999  -0.000214  -0.001450  0.000211  0.999999  1.000000  0.000000  0.000000  0.000000  1.000000  0.000000  0.000000  0.000000  1.000000  1.000000  0.000000  0.000000  0.000000  1.000000  0.000000  0.000000  0.000000  1.000000  0.000000  0.000000  
238.375826 0.005471  0.091998  -0.006534  0.997328  0.047061  0.055877  -0.046230  0.998802  -0.016068  -0.056567  0.013442  0.998308  0.001093  -0.001717  -0.002851  0.000000  0.000000  0.000000  2.000000  1.000000  0.000000  0.000000  0.000000  1.000000  0.000000  0.000000  0.000000  1.000000  0.999996  0.002081  0.001845  -0.002080  0.999998  -0.000238  -0.001846  0.000234  0.999998  1.000000  0.000000  0.000000  0.000000  1.000000  0.000000  0.000000  0.000000  1.000000  1.000000  0.000000  0.000000  0.000000  1.000000  0.000000  0.000000  0.000000  1.000000  0.000000  0.000000  
238.377078 0.005473  0.091995  -0.006539  0.997294  0.047483  0.056132  -0.046640  0.998780  -0.016225  -0.056834  0.013563  0.998292  0.001256  -0.001930  -0.003194  0.000000  0.000000  0.000000  2.000000  1.000000  0.000000  0.000000  0.000000  1.000000  0.000000  0.000000  0.000000  1.000000  0.999994  0.002701  0.002104  -0.002700  0.999996  -0.000395  -0.002105  0.000389  0.999998  1.000000  0.000000  0.000000  0.000000  1.000000  0.000000  0.000000  0.000000  1.000000  1.000000  0.000000  0.000000  0.000000  1.000000  0.000000  0.000000  0.000000  1.000000  0.000000  0.000000  
238.378079 0.005475  0.091991  -0.006543  0.997259  0.047898  0.056392  -0.047050  0.998760  -0.016261  -0.057101  0.013563  0.998276  0.001385  -0.002112  -0.003476  0.000000  0.000000  0.000000  2.000000  1.000000  0.000000  0.000000  0.000000  1.000000  0.000000  0.000000  0.000000  1.000000  0.999993  0.002910  0.002369  -0.002909  0.999996  -0.000407  -0.002370  0.000400  0.999997  1.000000  0.000000  0.000000  0.000000  1.000000  0.000000  0.000000  0.000000  1.000000  1.000000  0.000000  0.000000  0.000000  1.000000  0.000000  0.000000  0.000000  1.000000  0.000000  0.000000  
238.379325 0.005476  0.091987  -0.006549  0.997242  0.048112  0.056516  -0.047255  0.998748  -0.016400  -0.057235  0.013684  0.998267  0.001410  -0.002326  -0.003658  0.000000  0.000000  0.000000  2.000000  1.000000  0.000000  0.000000  0.000000  1.000000  0.000000  0.000000  0.000000  1.000000  0.999991  0.003324  0.002497  -0.003322  0.999994  -0.000552  -0.002498  0.000544  0.999997  1.000000  0.000000  0.000000  0.000000  1.000000  0.000000  0.000000  0.000000  1.000000  1.000000  0.000000  0.000000  0.000000  1.000000  0.000000  0.000000  0.000000  1.000000  0.000000  0.000000  
238.380329 0.005476  0.091983  -0.006554  0.997215  0.048532  0.056637  -0.047665  0.998726  -0.016550  -0.057368  0.013805  0.998258  0.001446  -0.002368  -0.003754  0.000000  0.000000  0.000000  2.000000  1.000000  0.000000  0.000000  0.000000  1.000000  0.000000  0.000000  0.000000  1.000000  0.999990  0.003531  0.002627  -0.003529  0.999994  -0.000686  -0.002629  0.000677  0.999996  1.000000  0.000000  0.000000  0.000000  1.000000  0.000000  0.000000  0.000000  1.000000  1.000000  0.000000  0.000000  0.000000  1.000000  0.000000  0.000000  0.000000  1.000000  0.000000  0.000000  
238.381332 0.005478  0.091980  -0.006559  0.997197  0.048746  0.056761  -0.047870  0.998714  -0.016690  -0.057502  0.013926  0.998248  0.001457  -0.002451  -0.003822  0.000000  0.000000  0.000000  2.000000  1.000000  0.000000  0.000000  0.000000  1.000000  0.000000  0.000000  0.000000  1.000000  0.999988  0.003944  0.002755  -0.003942  0.999992  -0.000831  -0.002758  0.000820  0.999996  1.000000  0.000000  0.000000  0.000000  1.000000  0.000000  0.000000  0.000000  1.000000  1.000000  0.000000  0.000000  0.000000  1.000000  0.000000  0.000000  0.000000  1.000000  0.000000  0.000000  
238.382584 0.005479  0.091976  -0.006566  0.997162  0.049168  0.057015  -0.048280  0.998692  -0.016847  -0.057769  0.014046  0.998231  0.001495  -0.002541  -0.003962  0.000000  0.000000  0.000000  2.000000  1.000000  0.000000  0.000000  0.000000  1.000000  0.000000  0.000000  0.000000  1.000000  0.999986  0.004357  0.002883  -0.004355  0.999990  -0.000856  -0.002886  0.000843  0.999995  1.000000  0.000000  0.000000  0.000000  1.000000  0.000000  0.000000  0.000000  1.000000  1.000000  0.000000  0.000000  0.000000  1.000000  0.000000  0.000000  0.000000  1.000000  0.000000  0.000000  
238.383828 0.005481  0.091972  -0.006573  0.997126  0.049583  0.057275  -0.048690  0.998671  -0.016884  -0.058036  0.014046  0.998216  0.001550  -0.002658  -0.004216  0.000000  0.000000  0.000000  2.000000  1.000000  0.000000  0.000000  0.000000  1.000000  0.000000  0.000000  0.000000  1.000000  0.999984  0.004773  0.003144  -0.004769  0.999988  -0.001123  -0.003149  0.001108  0.999994  1.000000  0.000000  0.000000  0.000000  1.000000  0.000000  0.000000  0.000000  1.000000  1.000000  0.000000  0.000000  0.000000  1.000000  0.000000  0.000000  0.000000  1.000000  0.000000  0.000000  
238.385079 0.005484  0.091967  -0.006580  0.997091  0.050005  0.057529  -0.049100  0.998648  -0.017041  -0.058303  0.014167  0.998198  0.001597  -0.002824  -0.004482  0.000000  0.000000  0.000000  2.000000  1.000000  0.000000  0.000000  0.000000  1.000000  0.000000  0.000000  0.000000  1.000000  0.999982  0.004982  0.003408  -0.004978  0.999987  -0.001258  -0.003414  0.001241  0.999993  1.000000  0.000000  0.000000  0.000000  1.000000  0.000000  0.000000  0.000000  1.000000  1.000000  0.000000  0.000000  0.000000  1.000000  0.000000  0.000000  0.000000  1.000000  0.000000  0.000000  
238.386080 0.005486  0.091964  -0.006588  0.997055  0.050427  0.057782  -0.049509  0.998626  -0.017199  -0.058570  0.014288  0.998181  0.001603  -0.002956  -0.004777  -0.043180  -0.127777  0.188244  2.000000  1.000000  -0.000013  0.000232  0.000013  1.000000  -0.000050  -0.000232  0.000050  1.000000  0.999981  0.005188  0.003404  -0.005183  0.999986  -0.001393  -0.003411  0.001375  0.999993  1.000000  -0.000004  0.000077  0.000004  1.000000  -0.000017  -0.000077  0.000017  1.000000  1.000000  -0.000013  0.000232  0.000013  1.000000  -0.000050  -0.000232  0.000050  1.000000  0.000057  0.006358  
238.387321 0.005488  0.091959  -0.006598  0.997029  0.050643  0.058039  -0.049714  0.998613  -0.017346  -0.058837  0.014409  0.998164  0.001575  -0.003107  -0.005168  -0.047686  -0.136698  0.195335  2.000000  1.000000  -0.000032  0.000551  0.000032  1.000000  -0.000115  -0.000551  0.000116  1.000000  0.999979  0.005396  0.003534  -0.005391  0.999984  -0.001406  -0.003542  0.001387  0.999993  1.000000  -0.000005  0.000080  0.000005  1.000000  -0.000017  -0.000080  0.000017  1.000000  1.000000  -0.000032  0.000551  0.000032  1.000000  -0.000115  -0.000551  0.000116  1.000000  0.000061  0.006600  
238.388327 0.005489  0.091955  -0.006607  0.997003  0.050853  0.058303  -0.049918  0.998602  -0.017371  -0.059105  0.014409  0.998148  0.001534  -0.003262  -0.005521  -0.048097  -0.145569  0.202329  2.000000  1.000000  -0.000050  0.000870  0.000050  1.000000  -0.000185  -0.000870  0.000185  1.000000  0.999979  0.005396  0.003534  -0.005391  0.999984  -0.001408  -0.003542  0.001389  0.999993  1.000000  -0.000005  0.000080  0.000005  1.000000  -0.000017  -0.000080  0.000017  1.000000  1.000000  -0.000050  0.000870  0.000050  1.000000  -0.000185  -0.000870  0.000185  1.000000  0.000063  0.006600  
238.389575 0.005491  0.091949  -0.006618  0.996974  0.051273  0.058423  -0.050328  0.998579  -0.017523  -0.059238  0.014530  0.998138  0.001514  -0.003429  -0.005887  -0.052979  -0.149871  0.216228  2.000000  0.999999  -0.000069  0.001279  0.000069  1.000000  -0.000278  -0.001279  0.000278  0.999999  0.999978  0.005602  0.003530  -0.005596  0.999983  -0.001542  -0.003539  0.001522  0.999993  1.000000  -0.000003  0.000083  0.000003  1.000000  -0.000019  -0.000083  0.000019  1.000000  0.999999  -0.000069  0.001279  0.000069  1.000000  -0.000278  -0.001279  0.000278  0.999999  0.000066  0.006797  
238.390575 0.005492  0.091945  -0.006626  0.996956  0.051480  0.058552  -0.050533  0.998568  -0.017542  -0.059372  0.014529  0.998130  0.001451  -0.003589  -0.006227  -0.053394  -0.154288  0.223222  2.000000  0.999999  -0.000085  0.001615  0.000085  1.000000  -0.000354  -0.001615  0.000354  0.999999  0.999978  0.005604  0.003664  -0.005598  0.999983  -0.001543  -0.003673  0.001522  0.999992  1.000000  -0.000005  0.000084  0.000005  1.000000  -0.000019  -0.000084  0.000019  1.000000  0.999999  -0.000085  0.001615  0.000085  1.000000  -0.000354  -0.001615  0.000354  0.999999  0.000067  0.006869  
238.391825 0.005493  0.091938  -0.006636  0.996930  0.051697  0.058809  -0.050738  0.998555  -0.017688  -0.059639  0.014650  0.998113  0.001334  -0.003805  -0.006607  -0.058291  -0.163074  0.237171  2.000000  0.999998  -0.000109  0.002045  0.000109  1.000000  -0.000457  -0.002045  0.000457  0.999998  0.999976  0.005812  0.003794  -0.005805  0.999982  -0.001677  -0.003804  0.001655  0.999991  1.000000  -0.000005  0.000087  0.000005  1.000000  -0.000021  -0.000087  0.000021  1.000000  0.999998  -0.000109  0.002045  0.000109  1.000000  -0.000457  -0.002045  0.000457  0.999998  0.000071  0.007138  
238.392825 0.005493  0.091933  -0.006643  0.996911  0.051912  0.058933  -0.050943  0.998542  -0.017828  -0.059772  0.014771  0.998103  0.001240  -0.003942  -0.006750  -0.066319  -0.166129  0.242180  2.000000  0.999997  -0.000130  0.002390  0.000132  1.000000  -0.000541  -0.002390  0.000542  0.999997  0.999975  0.005814  0.003927  -0.005807  0.999982  -0.001800  -0.003938  0.001777  0.999991  1.000000  -0.000006  0.000087  0.000006  1.000000  -0.000022  -0.000087  0.000022  1.000000  0.999997  -0.000130  0.002390  0.000132  1.000000  -0.000541  -0.002390  0.000542  0.999997  0.000076  0.007241  
238.394083 0.005494  0.091927  -0.006653  0.996885  0.052128  0.059189  -0.051147  0.998529  -0.017975  -0.060039  0.014892  0.998085  0.001198  -0.004074  -0.007036  -0.070983  -0.171959  0.244217  2.000000  0.999996  -0.000162  0.002819  0.000164  1.000000  -0.000654  -0.002819  0.000655  0.999996  0.999977  0.005607  0.003796  -0.005600  0.999982  -0.001910  -0.003807  0.001888  0.999991  1.000000  -0.000006  0.000084  0.000006  1.000000  -0.000024  -0.000084  0.000024  1.000000  0.999996  -0.000162  0.002819  0.000164  1.000000  -0.000654  -0.002819  0.000655  0.999996  0.000078  0.007032  
238.395329 0.005495  0.091921  -0.006661  0.996858  0.052345  0.059446  -0.051351  0.998516  -0.018122  -0.060307  0.015013  0.998067  0.001219  -0.004156  -0.007139  -0.075132  -0.171961  0.244247  2.000000  0.999995  -0.000191  0.003163  0.000193  1.000000  -0.000748  -0.003162  0.000748  0.999995  0.999977  0.005609  0.003929  -0.005602  0.999982  -0.001911  -0.003940  0.001889  0.999990  1.000000  -0.000008  0.000085  0.000008  1.000000  -0.000024  -0.000085  0.000024  1.000000  0.999995  -0.000191  0.003163  0.000193  1.000000  -0.000748  -0.003162  0.000748  0.999995  0.000076  0.007107  
238.396581 0.005495  0.091915  -0.006669  0.996831  0.052562  0.059703  -0.051556  0.998503  -0.018270  -0.060574  0.015134  0.998049  0.001133  -0.004303  -0.007284  -0.075194  -0.171927  0.244257  2.000000  0.999994  -0.000229  0.003578  0.000232  1.000000  -0.000871  -0.003577  0.000871  0.999993  0.999978  0.005402  0.003798  -0.005395  0.999983  -0.002022  -0.003809  0.002001  0.999991  1.000000  -0.000007  0.000082  0.000007  1.000000  -0.000025  -0.000082  0.000025  1.000000  0.999994  -0.000229  0.003578  0.000232  1.000000  -0.000871  -0.003577  0.000871  0.999993  0.000076  0.006903  
238.397829 0.005495  0.091909  -0.006679  0.996794  0.052992  0.059949  -0.051965  0.998477  -0.018550  -0.060841  0.015376  0.998029  0.001048  -0.004424  -0.007472  -0.083815  -0.176328  0.251294  2.000000  0.999992  -0.000271  0.003983  0.000275  0.999999  -0.000999  -0.003983  0.001000  0.999992  0.999979  0.005197  0.003800  -0.005190  0.999985  -0.002010  -0.003811  0.001991  0.999991  1.000000  -0.000009  0.000080  0.000009  1.000000  -0.000025  -0.000080  0.000025  1.000000  0.999992  -0.000271  0.003983  0.000275  0.999999  -0.000999  -0.003983  0.001000  0.999992  0.000077  0.006742  
238.398849 0.005495  0.091904  -0.006686  0.996786  0.053001  0.060076  -0.051965  0.998474  -0.018678  -0.060974  0.015497  0.998019  0.000936  -0.004532  -0.007581  -0.087858  -0.176176  0.251109  2.000000  0.999991  -0.000295  0.004224  0.000299  0.999999  -0.001078  -0.004224  0.001080  0.999990  0.999981  0.004990  0.003669  -0.004982  0.999985  -0.002120  -0.003680  0.002102  0.999991  1.000000  0.000000  0.000000  0.000000  1.000000  0.000000  0.000000  0.000000  1.000000  0.999991  -0.000295  0.004224  0.000299  0.999999  -0.001078  -0.004224  0.001080  0.999990  0.000079  0.000000  
238.400077 0.005495  0.091898  -0.006696  0.996767  0.053216  0.060199  -0.052170  0.998461  -0.018819  -0.061108  0.015617  0.998009  0.000782  -0.004615  -0.007735  -0.092010  -0.180775  0.251351  2.000000  0.999991  -0.000295  0.004224  0.000299  0.999999  -0.001078  -0.004224  0.001080  0.999990  0.999982  0.004785  0.003671  -0.004777  0.999986  -0.002229  -0.003682  0.002212  0.999991  1.000000  0.000000  0.000000  0.000000  1.000000  0.000000  0.000000  0.000000  1.000000  0.999991  -0.000295  0.004224  0.000299  0.999999  -0.001078  -0.004224  0.001080  0.999990  0.000078  0.000000  
238.401329 0.005496  0.091893  -0.006707  0.996767  0.053223  0.060193  -0.052170  0.998459  -0.018940  -0.061108  0.015738  0.998007  0.000629  -0.004666  -0.007864  -0.095694  -0.176352  0.244372  2.000000  0.999991  -0.000295  0.004224  0.000299  0.999999  -0.001078  -0.004224  0.001080  0.999990  0.999983  0.004580  0.003674  -0.004572  0.999987  -0.002217  -0.003684  0.002201  0.999991  1.000000  0.000000  0.000000  0.000000  1.000000  0.000000  0.000000  0.000000  1.000000  0.999991  -0.000295  0.004224  0.000299  0.999999  -0.001078  -0.004224  0.001080  0.999990  0.000079  0.000000  
238.402337 0.005496  0.091889  -0.006716  0.996759  0.053233  0.060320  -0.052169  0.998456  -0.019068  -0.061241  0.015859  0.997997  0.000511  -0.004658  -0.007817  -0.099413  -0.180991  0.237614  2.000000  0.999991  -0.000295  0.004224  0.000299  0.999999  -0.001078  -0.004224  0.001080  0.999990  0.999984  0.004375  0.003677  -0.004367  0.999988  -0.002205  -0.003686  0.002189  0.999991  1.000000  0.000000  0.000000  0.000000  1.000000  0.000000  0.000000  0.000000  1.000000  0.999991  -0.000295  0.004224  0.000299  0.999999  -0.001078  -0.004224  0.001080  0.999990  0.000078  0.000000  
238.403573 0.005496  0.091884  -0.006726  0.996740  0.053448  0.060442  -0.052374  0.998443  -0.019209  -0.061375  0.015980  0.997987  0.000428  -0.004648  -0.007833  -0.102258  -0.175084  0.228692  2.000000  0.999991  -0.000295  0.004224  0.000299  0.999999  -0.001078  -0.004224  0.001080  0.999990  0.999985  0.004168  0.003546  -0.004160  0.999989  -0.002193  -0.003555  0.002179  0.999991  1.000000  0.000000  0.000000  0.000000  1.000000  0.000000  0.000000  0.000000  1.000000  0.999991  -0.000295  0.004224  0.000299  0.999999  -0.001078  -0.004224  0.001080  0.999990  0.000078  0.000000  
238.404823 0.005495  0.091879  -0.006736  0.996732  0.053457  0.060569  -0.052374  0.998440  -0.019337  -0.061509  0.016101  0.997977  0.000248  -0.004639  -0.007753  -0.101487  -0.170786  0.214927  2.000000  0.999991  -0.000295  0.004224  0.000299  0.999999  -0.001078  -0.004224  0.001080  0.999990  0.999987  0.003755  0.003418  -0.003747  0.999990  -0.002290  -0.003427  0.002277  0.999992  1.000000  0.000000  0.000000  0.000000  1.000000  0.000000  0.000000  0.000000  1.000000  0.999991  -0.000295  0.004224  0.000299  0.999999  -0.001078  -0.004224  0.001080  0.999990  0.000075  0.000000  
238.405825 0.005494  0.091874  -0.006745  0.996715  0.053469  0.060830  -0.052373  0.998438  -0.019472  -0.061776  0.016222  0.997958  0.000118  -0.004643  -0.007808  -0.105181  -0.170874  0.208084  2.000000  0.999991  -0.000295  0.004224  0.000299  0.999999  -0.001078  -0.004224  0.001080  0.999990  0.999988  0.003547  0.003288  -0.003540  0.999991  -0.002156  -0.003295  0.002145  0.999992  1.000000  0.000000  0.000000  0.000000  1.000000  0.000000  0.000000  0.000000  1.000000  0.999991  -0.000295  0.004224  0.000299  0.999999  -0.001078  -0.004224  0.001080  0.999990  0.000071  0.000000  
238.406825 0.005493  0.091868  -0.006754  0.996696  0.053676  0.060959  -0.052578  0.998427  -0.019491  -0.061909  0.016222  0.997950  -0.000033  -0.004699  -0.007875  -0.100767  -0.166496  0.201166  2.000000  0.999991  -0.000295  0.004224  0.000299  0.999999  -0.001078  -0.004224  0.001080  0.999990  0.999989  0.003342  0.003291  -0.003335  0.999992  -0.002145  -0.003298  0.002134  0.999992  1.000000  0.000000  0.000000  0.000000  1.000000  0.000000  0.000000  0.000000  1.000000  0.999991  -0.000295  0.004224  0.000299  0.999999  -0.001078  -0.004224  0.001080  0.999990  0.000071  0.000000  
238.407825 0.005491  0.091863  -0.006764  0.996688  0.053686  0.061086  -0.052577  0.998424  -0.019620  -0.062043  0.016343  0.997940  -0.000164  -0.004705  -0.008033  -0.104457  -0.162152  0.194286  2.000000  0.999991  -0.000295  0.004224  0.000299  0.999999  -0.001078  -0.004224  0.001080  0.999990  0.999991  0.002929  0.003163  -0.002923  0.999993  -0.002120  -0.003170  0.002110  0.999993  1.000000  0.000000  0.000000  0.000000  1.000000  0.000000  0.000000  0.000000  1.000000  0.999991  -0.000295  0.004224  0.000299  0.999999  -0.001078  -0.004224  0.001080  0.999990  0.000069  0.000000  
238.408826 0.005489  0.091857  -0.006773  0.996679  0.053688  0.061219  -0.052577  0.998424  -0.019627  -0.062176  0.016343  0.997931  -0.000322  -0.004718  -0.008159  -0.099632  -0.162367  0.180616  2.000000  0.999991  -0.000295  0.004224  0.000299  0.999999  -0.001078  -0.004224  0.001080  0.999990  0.999992  0.002722  0.003033  -0.002715  0.999994  -0.002107  -0.003039  0.002099  0.999993  1.000000  0.000000  0.000000  0.000000  1.000000  0.000000  0.000000  0.000000  1.000000  0.999991  -0.000295  0.004224  0.000299  0.999999  -0.001078  -0.004224  0.001080  0.999990  0.000068  0.000000  
238.410080 0.005486  0.091849  -0.006785  0.996660  0.053903  0.061342  -0.052781  0.998410  -0.019767  -0.062310  0.016464  0.997921  -0.000577  -0.004843  -0.008430  -0.099627  -0.162299  0.180584  2.000000  0.999991  -0.000295  0.004224  0.000299  0.999999  -0.001078  -0.004224  0.001080  0.999990  0.999992  0.002517  0.003036  -0.002510  0.999995  -0.002095  -0.003041  0.002087  0.999993  1.000000  0.000000  0.000000  0.000000  1.000000  0.000000  0.000000  0.000000  1.000000  0.999991  -0.000295  0.004224  0.000299  0.999999  -0.001078  -0.004224  0.001080  0.999990  0.000064  0.000000  
238.411336 0.005484  0.091843  -0.006798  0.996660  0.053903  0.061342  -0.052781  0.998410  -0.019767  -0.062310  0.016464  0.997921  -0.000787  -0.004867  -0.008683  -0.095550  -0.159331  0.168192  2.000000  0.999991  -0.000295  0.004224  0.000299  0.999999  -0.001078  -0.004224  0.001080  0.999990  0.999993  0.002309  0.002906  -0.002303  0.999995  -0.002082  -0.002911  0.002075  0.999994  1.000000  0.000000  0.000000  0.000000  1.000000  0.000000  0.000000  0.000000  1.000000  0.999991  -0.000295  0.004224  0.000299  0.999999  -0.001078  -0.004224  0.001080  0.999990  0.000063  0.000000  
238.412580 0.005481  0.091837  -0.006810  0.996663  0.053708  0.061473  -0.052576  0.998419  -0.019883  -0.062443  0.016584  0.997911  -0.000971  -0.004887  -0.008875  0.000000  0.000000  0.000000  2.000000  0.999991  -0.000295  0.004224  0.000299  0.999999  -0.001078  -0.004224  0.001080  0.999990  0.999994  0.001896  0.002779  -0.001890  0.999996  -0.002056  -0.002782  0.002051  0.999994  1.000000  0.000000  0.000000  0.000000  1.000000  0.000000  0.000000  0.000000  1.000000  0.999991  -0.000295  0.004224  0.000299  0.999999  -0.001078  -0.004224  0.001080  0.999990  0.000000  0.000000  
238.413583 0.005479  0.091832  -0.006819  0.996663  0.053708  0.061473  -0.052576  0.998419  -0.019883  -0.062443  0.016584  0.997911  -0.001144  -0.004900  -0.008974  0.000000  0.000000  0.000000  2.000000  0.999991  -0.000295  0.004224  0.000299  0.999999  -0.001078  -0.004224  0.001080  0.999990  0.999995  0.001688  0.002648  -0.001683  0.999997  -0.001922  -0.002651  0.001918  0.999995  1.000000  0.000000  0.000000  0.000000  1.000000  0.000000  0.000000  0.000000  1.000000  0.999991  -0.000295  0.004224  0.000299  0.999999  -0.001078  -0.004224  0.001080  0.999990  0.000000  0.000000  
238.414830 0.005476  0.091825  -0.006831  0.996644  0.053923  0.061595  -0.052781  0.998405  -0.020024  -0.062577  0.016705  0.997900  -0.001331  -0.004933  -0.009106  0.000000  0.000000  0.000000  2.000000  0.999991  -0.000295  0.004224  0.000299  0.999999  -0.001078  -0.004224  0.001080  0.999990  0.999996  0.001481  0.002518  -0.001476  0.999997  -0.001910  -0.002520  0.001906  0.999995  1.000000  0.000000  0.000000  0.000000  1.000000  0.000000  0.000000  0.000000  1.000000  0.999991  -0.000295  0.004224  0.000299  0.999999  -0.001078  -0.004224  0.001080  0.999990  0.000000  0.000000  
238.416080 0.005473  0.091820  -0.006842  0.996635  0.053925  0.061729  -0.052780  0.998405  -0.020031  -0.062710  0.016705  0.997892  -0.001564  -0.004982  -0.009102  0.000000  0.000000  0.000000  2.000000  0.999991  -0.000295  0.004224  0.000299  0.999999  -0.001078  -0.004224  0.001080  0.999990  0.999996  0.001476  0.002250  -0.001472  0.999997  -0.001788  -0.002253  0.001785  0.999996  1.000000  0.000000  0.000000  0.000000  1.000000  0.000000  0.000000  0.000000  1.000000  0.999991  -0.000295  0.004224  0.000299  0.999999  -0.001078  -0.004224  0.001080  0.999990  0.000000  0.000000  
238.417325 0.005470  0.091815  -0.006852  0.996635  0.053932  0.061722  -0.052780  0.998403  -0.020152  -0.062710  0.016826  0.997890  -0.001704  -0.004969  -0.009123  0.000000  0.000000  0.000000  2.000000  0.999991  -0.000295  0.004224  0.000299  0.999999  -0.001078  -0.004224  0.001080  0.999990  0.999997  0.001063  0.002123  -0.001060  0.999998  -0.001641  -0.002125  0.001639  0.999996  1.000000  0.000000  0.000000  0.000000  1.000000  0.000000  0.000000  0.000000  1.000000  0.999991  -0.000295  0.004224  0.000299  0.999999  -0.001078  -0.004224  0.001080  0.999990  0.000000  0.000000  
238.418581 0.005467  0.091810  -0.006861  0.996627  0.053942  0.061849  -0.052780  0.998400  -0.020280  -0.062844  0.016947  0.997879  -0.001913  -0.004943  -0.009014  0.000000  0.000000  0.000000  2.000000  0.999991  -0.000295  0.004224  0.000299  0.999999  -0.001078  -0.004224  0.001080  0.999990  0.999998  0.000856  0.001993  -0.000853  0.999999  -0.001507  -0.001994  0.001506  0.999997  1.000000  0.000000  0.000000  0.000000  1.000000  0.000000  0.000000  0.000000  1.000000  0.999991  -0.000295  0.004224  0.000299  0.999999  -0.001078  -0.004224  0.001080  0.999990  0.000000  0.000000  
238.419582 0.005465  0.091807  -0.006869  0.996627  0.053942  0.061849  -0.052780  0.998400  -0.020280  -0.062844  0.016947  0.997879  -0.002035  -0.004892  -0.009026  0.000000  0.000000  0.000000  2.000000  0.999991  -0.000295  0.004224  0.000299  0.999999  -0.001078  -0.004224  0.001080  0.999990  0.999998  0.000854  0.001859  -0.000851  0.999999  -0.001507  -0.001860  0.001506  0.999997  1.000000  0.000000  0.000000  0.000000  1.000000  0.000000  0.000000  0.000000  1.000000  0.999991  -0.000295  0.004224  0.000299  0.999999  -0.001078  -0.004224  0.001080  0.999990  0.000000  0.000000  
238.420829 0.005461  0.091801  -0.006880  0.996627  0.053950  0.061842  -0.052780  0.998398  -0.020401  -0.062844  0.017068  0.997877  -0.002222  -0.004838  -0.009001  0.000000  0.000000  0.000000  2.000000  0.999991  -0.000295  0.004224  0.000299  0.999999  -0.001078  -0.004224  0.001080  0.999990  0.999998  0.000646  0.001729  -0.000644  0.999999  -0.001494  -0.001730  0.001493  0.999997  1.000000  0.000000  0.000000  0.000000  1.000000  0.000000  0.000000  0.000000  1.000000  0.999991  -0.000295  0.004224  0.000299  0.999999  -0.001078  -0.004224  0.001080  0.999990  0.000000  0.000000  
238.422083 0.005458  0.091796  -0.006891  0.996627  0.053950  0.061842  -0.052780  0.998398  -0.020401  -0.062844  0.017068  0.997877  -0.002316  -0.004700  -0.008912  0.000000  0.000000  0.000000  2.000000  0.999991  -0.000295  0.004224  0.000299  0.999999  -0.001078  -0.004224  0.001080  0.999990  0.999999  0.000644  0.001595  -0.000642  0.999999  -0.001252  -0.001596  0.001251  0.999998  1.000000  0.000000  0.000000  0.000000  1.000000  0.000000  0.000000  0.000000  1.000000  0.999991  -0.000295  0.004224  0.000299  0.999999  -0.001078  -0.004224  0.001080  0.999990  0.000000  0.000000  
238.423326 0.005453  0.091789  -0.006903  0.996627  0.053957  0.061836  -0.052780  0.998395  -0.020522  -0.062844  0.017189  0.997875  -0.002439  -0.004652  -0.008929  0.000000  0.000000  0.000000  2.000000  0.999991  -0.000295  0.004224  0.000299  0.999999  -0.001078  -0.004224  0.001080  0.999990  0.999999  0.000436  0.001464  -0.000434  0.999999  -0.001239  -0.001465  0.001238  0.999998  1.000000  0.000000  0.000000  0.000000  1.000000  0.000000  0.000000  0.000000  1.000000  0.999991  -0.000295  0.004224  0.000299  0.999999  -0.001078  -0.004224  0.001080  0.999990  0.000000  0.000000  
238.424327 0.005450  0.091785  -0.006912  0.996618  0.053960  0.061969  -0.052779  0.998395  -0.020529  -0.062977  0.017189  0.997867  -0.002522  -0.004598  -0.008910  0.000000  0.000000  0.000000  2.000000  0.999991  -0.000295  0.004224  0.000299  0.999999  -0.001078  -0.004224  0.001080  0.999990  0.999999  0.000436  0.001464  -0.000435  0.999999  -0.001118  -0.001465  0.001117  0.999998  1.000000  0.000000  0.000000  0.000000  1.000000  0.000000  0.000000  0.000000  1.000000  0.999991  -0.000295  0.004224  0.000299  0.999999  -0.001078  -0.004224  0.001080  0.999990  0.000000  0.000000  
238.425327 0.005447  0.091780  -0.006921  0.996618  0.053960  0.061969  -0.052779  0.998395  -0.020529  -0.062977  0.017189  0.997867  -0.002569  -0.004584  -0.008873  0.000000  0.000000  0.000000  2.000000  0.999991  -0.000295  0.004224  0.000299  0.999999  -0.001078  -0.004224  0.001080  0.999990  0.999999  0.000434  0.001331  -0.000432  0.999999  -0.001118  -0.001331  0.001117  0.999998  1.000000  0.000000  0.000000  0.000000  1.000000  0.000000  0.000000  0.000000  1.000000  0.999991  -0.000295  0.004224  0.000299  0.999999  -0.001078  -0.004224  0.001080  0.999990  0.000000  0.000000  
238.426342 0.005445  0.091775  -0.006929  0.996610  0.053962  0.062102  -0.052779  0.998395  -0.020536  -0.063111  0.017189  0.997858  -0.002567  -0.004480  -0.008777  0.000000  0.000000  0.000000  2.000000  0.999991  -0.000295  0.004224  0.000299  0.999999  -0.001078  -0.004224  0.001080  0.999990  0.999999  0.000226  0.001200  -0.000225  0.999999  -0.000983  -0.001201  0.000983  0.999999  1.000000  0.000000  0.000000  0.000000  1.000000  0.000000  0.000000  0.000000  1.000000  0.999991  -0.000295  0.004224  0.000299  0.999999  -0.001078  -0.004224  0.001080  0.999990  0.000000  0.000000  
238.427581 0.005442  0.091770  -0.006940  0.996610  0.053962  0.062102  -0.052779  0.998395  -0.020536  -0.063111  0.017189  0.997858  -0.002608  -0.004470  -0.008675  0.000000  0.000000  0.000000  2.000000  0.999991  -0.000295  0.004224  0.000299  0.999999  -0.001078  -0.004224  0.001080  0.999990  0.999999  0.000224  0.001067  -0.000223  1.000000  -0.000862  -0.001067  0.000862  0.999999  1.000000  0.000000  0.000000  0.000000  1.000000  0.000000  0.000000  0.000000  1.000000  0.999991  -0.000295  0.004224  0.000299  0.999999  -0.001078  -0.004224  0.001080  0.999990  0.000000  0.000000  
238.428832 0.005439  0.091764  -0.006951  0.996610  0.053954  0.062109  -0.052779  0.998398  -0.020415  -0.063111  0.017068  0.997861  -0.002612  -0.004412  -0.008597  0.000000  0.000000  0.000000  2.000000  0.999991  -0.000295  0.004224  0.000299  0.999999  -0.001078  -0.004224  0.001080  0.999990  1.000000  0.000222  0.000933  -0.000221  1.000000  -0.000862  -0.000933  0.000862  0.999999  1.000000  0.000000  0.000000  0.000000  1.000000  0.000000  0.000000  0.000000  1.000000  0.999991  -0.000295  0.004224  0.000299  0.999999  -0.001078  -0.004224  0.001080  0.999990  0.000000  0.000000  
238.430078 0.005437  0.091758  -0.006962  0.996610  0.053954  0.062109  -0.052779  0.998398  -0.020415  -0.063111  0.017068  0.997861  -0.002592  -0.004402  -0.008598  0.000000  0.000000  0.000000  2.000000  0.999991  -0.000295  0.004224  0.000299  0.999999  -0.001078  -0.004224  0.001080  0.999990  1.000000  0.000219  0.000799  -0.000219  1.000000  -0.000619  -0.000799  0.000619  0.999999  1.000000  0.000000  0.000000  0.000000  1.000000  0.000000  0.000000  0.000000  1.000000  0.999991  -0.000295  0.004224  0.000299  0.999999  -0.001078  -0.004224  0.001080  0.999990  0.000000  0.000000  
238.431078 0.005434  0.091753  -0.006970  0.996610  0.053954  0.062109  -0.052779  0.998398  -0.020415  -0.063111  0.017068  0.997861  -0.002584  -0.004426  -0.008589  0.000000  0.000000  0.000000  2.000000  0.999991  -0.000295  0.004224  0.000299  0.999999  -0.001078  -0.004224  0.001080  0.999990  1.000000  0.000014  0.000803  -0.000013  1.000000  -0.000606  -0.000803  0.000606  0.999999  1.000000  0.000000  0.000000  0.000000  1.000000  0.000000  0.000000  0.000000  1.000000  0.999991  -0.000295  0.004224  0.000299  0.999999  -0.001078  -0.004224  0.001080  0.999990  0.000000  0.000000  
238.432079 0.005432  0.091748  -0.006979  0.996610  0.053947  0.062116  -0.052779  0.998400  -0.020294  -0.063111  0.016947  0.997863  -0.002586  -0.004504  -0.008623  0.000000  0.000000  0.000000  2.000000  0.999991  -0.000295  0.004224  0.000299  0.999999  -0.001078  -0.004224  0.001080  0.999990  1.000000  0.000011  0.000669  -0.000011  1.000000  -0.000485  -0.000669  0.000485  1.000000  1.000000  0.000000  0.000000  0.000000  1.000000  0.000000  0.000000  0.000000  1.000000  0.999991  -0.000295  0.004224  0.000299  0.999999  -0.001078  -0.004224  0.001080  0.999990  0.000000  0.000000  
238.433331 0.005430  0.091743  -0.006989  0.996602  0.053949  0.062249  -0.052778  0.998400  -0.020301  -0.063245  0.016947  0.997854  -0.002564  -0.004570  -0.008673  0.000000  0.000000  0.000000  2.000000  0.999991  -0.000295  0.004224  0.000299  0.999999  -0.001078  -0.004224  0.001080  0.999990  1.000000  0.000219  0.000799  -0.000219  1.000000  -0.000377  -0.000799  0.000377  1.000000  1.000000  0.000000  0.000000  0.000000  1.000000  0.000000  0.000000  0.000000  1.000000  0.999991  -0.000295  0.004224  0.000299  0.999999  -0.001078  -0.004224  0.001080  0.999990  0.000000  0.000000  
238.434582 0.005427  0.091737  -0.007000  0.996602  0.053949  0.062249  -0.052778  0.998400  -0.020301  -0.063245  0.016947  0.997854  -0.002520  -0.004622  -0.008716  0.000000  0.000000  0.000000  2.000000  0.999991  -0.000295  0.004224  0.000299  0.999999  -0.001078  -0.004224  0.001080  0.999990  1.000000  0.000219  0.000799  -0.000219  1.000000  -0.000377  -0.000799  0.000377  1.000000  1.000000  0.000000  0.000000  0.000000  1.000000  0.000000  0.000000  0.000000  1.000000  0.999991  -0.000295  0.004224  0.000299  0.999999  -0.001078  -0.004224  0.001080  0.999990  0.000000  0.000000  
238.435830 0.005425  0.091731  -0.007010  0.996602  0.053949  0.062249  -0.052778  0.998400  -0.020301  -0.063245  0.016947  0.997854  -0.002431  -0.004701  -0.008729  0.000000  0.000000  0.000000  2.000000  0.999991  -0.000295  0.004224  0.000299  0.999999  -0.001078  -0.004224  0.001080  0.999990  1.000000  0.000011  0.000669  -0.000011  1.000000  -0.000243  -0.000669  0.000243  1.000000  1.000000  0.000000  0.000000  0.000000  1.000000  0.000000  0.000000  0.000000  1.000000  0.999991  -0.000295  0.004224  0.000299  0.999999  -0.001078  -0.004224  0.001080  0.999990  0.000000  0.000000  
238.436830 0.005423  0.091727  -0.007018  0.996602  0.053949  0.062249  -0.052778  0.998400  -0.020301  -0.063245  0.016947  0.997854  -0.002354  -0.004697  -0.008671  0.000000  0.000000  0.000000  2.000000  0.999991  -0.000295  0.004224  0.000299  0.999999  -0.001078  -0.004224  0.001080  0.999990  1.000000  0.000009  0.000535  -0.000009  1.000000  -0.000243  -0.000535  0.000243  1.000000  1.000000  0.000000  0.000000  0.000000  1.000000  0.000000  0.000000  0.000000  1.000000  0.999991  -0.000295  0.004224  0.000299  0.999999  -0.001078  -0.004224  0.001080  0.999990  0.000000  0.000000  
238.438077 0.005421  0.091721  -0.007028  0.996593  0.053951  0.062382  -0.052778  0.998400  -0.020308  -0.063378  0.016947  0.997846  -0.002243  -0.004647  -0.008555  0.000000  0.000000  0.000000  2.000000  0.999991  -0.000295  0.004224  0.000299  0.999999  -0.001078  -0.004224  0.001080  0.999990  1.000000  0.000011  0.000669  -0.000011  1.000000  -0.000121  -0.000669  0.000121  1.000000  1.000000  0.000000  0.000000  0.000000  1.000000  0.000000  0.000000  0.000000  1.000000  0.999991  -0.000295  0.004224  0.000299  0.999999  -0.001078  -0.004224  0.001080  0.999990  0.000000  0.000000  
