1-Time 2-Px 3-Py 4-Pz 5-R11 6-R21 7-R31 8-R12 9-R22 10-R32 11-R13 12-R23 13-R33 14-Vx 15-Vy 16-Vz 17-Wx 18-Wy 19-Wz 20-state 21-PR11 22-PR21 23-PR31 24-PR12 25-PR22 26-PR32 27-PR13 28-PR23 29-PR33 
135.719465 0.005506  0.094538  -0.003637  0.994201  0.107486  -0.003488  -0.107048  0.992214  0.063651  0.010302  -0.062908  0.997966  -0.000193  0.000098  0.000269  0.000000  0.000000  0.000000  2.000000  1.000000  0.000000  0.000000  -0.000000  1.000000  0.000000  0.000000  -0.000000  1.000000  1.000000  -0.000616  -0.000039  0.000616  1.000000  -0.000006  0.000039  0.000006  1.000000  1.000000  0.000000  0.000000  0.000000  1.000000  0.000000  0.000000  0.000000  1.000000  0.678251  0.723393  -0.129144  -0.728528  0.684936  0.010473  0.096032  0.086982  0.991571  0.000000  0.000000  
135.720470 0.005506  0.094538  -0.003637  0.994201  0.107486  -0.003475  -0.107048  0.992207  0.063771  0.010302  -0.063029  0.997959  -0.000196  0.000099  0.000273  0.000000  0.000000  0.000000  2.000000  1.000000  0.000000  0.000000  0.000000  1.000000  0.000000  0.000000  0.000000  1.000000  1.000000  -0.000616  -0.000039  0.000616  1.000000  -0.000006  0.000039  0.000006  1.000000  1.000000  0.000000  0.000000  0.000000  1.000000  0.000000  0.000000  0.000000  1.000000  1.000000  0.000000  0.000000  0.000000  1.000000  0.000000  0.000000  0.000000  1.000000  0.000000  0.000000  
135.721718 0.005506  0.094537  -0.003638  0.994134  0.108099  -0.003436  -0.107662  0.992140  0.063773  0.010302  -0.063029  0.997959  -0.000201  -0.000014  0.000152  0.000000  0.000000  0.000000  2.000000  1.000000  0.000000  0.000000  0.000000  1.000000  0.000000  0.000000  0.000000  1.000000  1.000000  -0.000205  -0.000013  0.000205  1.000000  0.000119  0.000013  -0.000119  1.000000  1.000000  0.000000  0.000000  0.000000  1.000000  0.000000  0.000000  0.000000  1.000000  1.000000  0.000000  0.000000  0.000000  1.000000  0.000000  0.000000  0.000000  1.000000  0.000000  0.000000  
135.722968 0.005506  0.094535  -0.003640  0.994068  0.108712  -0.003370  -0.108276  0.992058  0.064016  0.010302  -0.063271  0.997943  -0.000188  -0.000129  -0.000003  0.000000  0.000000  0.000000  2.000000  1.000000  0.000000  0.000000  0.000000  1.000000  0.000000  0.000000  0.000000  1.000000  1.000000  0.000616  0.000039  -0.000616  1.000000  0.000249  -0.000039  -0.000249  1.000000  1.000000  0.000000  0.000000  0.000000  1.000000  0.000000  0.000000  0.000000  1.000000  1.000000  0.000000  0.000000  0.000000  1.000000  0.000000  0.000000  0.000000  1.000000  0.000000  0.000000  
135.724214 0.005506  0.094532  -0.003643  0.994002  0.109317  -0.003171  -0.108890  0.991976  0.064244  0.010169  -0.063514  0.997929  -0.000151  -0.000369  -0.000201  0.000000  0.000000  0.000000  2.000000  1.000000  0.000000  0.000000  0.000000  1.000000  0.000000  0.000000  0.000000  1.000000  0.999999  0.001019  0.000199  -0.001019  0.999999  0.000496  -0.000198  -0.000496  1.000000  1.000000  0.000000  0.000000  0.000000  1.000000  0.000000  0.000000  0.000000  1.000000  1.000000  0.000000  0.000000  0.000000  1.000000  0.000000  0.000000  0.000000  1.000000  0.000000  0.000000  
135.725217 0.005507  0.094530  -0.003644  0.993979  0.109522  -0.003144  -0.109094  0.991945  0.064365  0.010169  -0.063635  0.997921  -0.000083  -0.000505  -0.000345  0.000000  0.000000  0.000000  2.000000  1.000000  0.000000  0.000000  0.000000  1.000000  0.000000  0.000000  0.000000  1.000000  0.999999  0.001430  0.000225  -0.001430  0.999999  0.000742  -0.000224  -0.000743  1.000000  1.000000  0.000000  0.000000  0.000000  1.000000  0.000000  0.000000  0.000000  1.000000  1.000000  0.000000  0.000000  0.000000  1.000000  0.000000  0.000000  0.000000  1.000000  0.000000  0.000000  
135.726224 0.005508  0.094529  -0.003645  0.993933  0.109939  -0.003237  -0.109503  0.991891  0.064501  0.010302  -0.063756  0.997912  -0.000007  -0.000597  -0.000454  0.000000  0.000000  0.000000  2.000000  1.000000  0.000000  0.000000  0.000000  1.000000  0.000000  0.000000  0.000000  1.000000  0.999998  0.001849  0.000118  -0.001849  0.999998  0.000868  -0.000117  -0.000868  1.000000  1.000000  0.000000  0.000000  0.000000  1.000000  0.000000  0.000000  0.000000  1.000000  1.000000  0.000000  0.000000  0.000000  1.000000  0.000000  0.000000  0.000000  1.000000  0.000000  0.000000  
135.727472 0.005510  0.094528  -0.003646  0.993864  0.110561  -0.003303  -0.110117  0.991807  0.064759  0.010436  -0.063998  0.997895  0.000126  -0.000722  -0.000505  0.000000  0.000000  0.000000  2.000000  1.000000  0.000000  0.000000  0.000000  1.000000  0.000000  0.000000  0.000000  1.000000  0.999997  0.002474  0.000025  -0.002474  0.999996  0.001117  -0.000022  -0.001117  0.999999  1.000000  0.000000  0.000000  0.000000  1.000000  0.000000  0.000000  0.000000  1.000000  1.000000  0.000000  0.000000  0.000000  1.000000  0.000000  0.000000  0.000000  1.000000  0.000000  0.000000  
135.728717 0.005511  0.094527  -0.003647  0.993747  0.111600  -0.003475  -0.111140  0.991675  0.065032  0.010704  -0.064239  0.997877  0.000190  -0.000802  -0.000575  0.000000  0.000000  0.000000  2.000000  1.000000  0.000000  0.000000  0.000000  1.000000  0.000000  0.000000  0.000000  1.000000  0.999994  0.003510  -0.000043  -0.003510  0.999993  0.001250  0.000047  -0.001249  0.999999  1.000000  0.000000  0.000000  0.000000  1.000000  0.000000  0.000000  0.000000  1.000000  1.000000  0.000000  0.000000  0.000000  1.000000  0.000000  0.000000  0.000000  1.000000  0.000000  0.000000  
135.729718 0.005512  0.094525  -0.003648  0.993678  0.112213  -0.003421  -0.111753  0.991598  0.065155  0.010704  -0.064361  0.997869  0.000298  -0.000858  -0.000657  0.000000  0.000000  0.000000  2.000000  1.000000  0.000000  0.000000  0.000000  1.000000  0.000000  0.000000  0.000000  1.000000  0.999991  0.004134  -0.000135  -0.004134  0.999990  0.001499  0.000142  -0.001499  0.999999  1.000000  0.000000  0.000000  0.000000  1.000000  0.000000  0.000000  0.000000  1.000000  1.000000  0.000000  0.000000  0.000000  1.000000  0.000000  0.000000  0.000000  1.000000  0.000000  0.000000  
135.730724 0.005513  0.094524  -0.003649  0.993586  0.113030  -0.003354  -0.112572  0.991497  0.065278  0.010704  -0.064482  0.997861  0.000389  -0.000945  -0.000793  0.000000  0.000000  0.000000  2.000000  1.000000  0.000000  0.000000  0.000000  1.000000  0.000000  0.000000  0.000000  1.000000  0.999988  0.004956  -0.000082  -0.004956  0.999986  0.001629  0.000090  -0.001629  0.999999  1.000000  0.000000  0.000000  0.000000  1.000000  0.000000  0.000000  0.000000  1.000000  1.000000  0.000000  0.000000  0.000000  1.000000  0.000000  0.000000  0.000000  1.000000  0.000000  0.000000  
135.731976 0.005514  0.094524  -0.003650  0.993491  0.113856  -0.003405  -0.113390  0.991387  0.065536  0.010837  -0.064724  0.997844  0.000506  -0.000945  -0.000832  0.063183  0.005586  0.194433  2.000000  1.000000  0.000181  0.000298  -0.000181  1.000000  0.000108  -0.000298  -0.000108  1.000000  0.999982  0.005992  -0.000148  -0.005992  0.999980  0.001762  0.000159  -0.001761  0.999998  1.000000  0.000039  0.000064  -0.000039  1.000000  0.000022  -0.000064  -0.000022  1.000000  1.000000  0.000181  0.000298  -0.000181  1.000000  0.000108  -0.000298  -0.000108  1.000000  0.000051  0.006247  
135.733220 0.005516  0.094525  -0.003650  0.993374  0.114876  -0.003324  -0.114412  0.991261  0.065660  0.010837  -0.064845  0.997837  0.000684  -0.000889  -0.000829  0.067640  0.003366  0.229000  2.000000  1.000000  0.000394  0.000652  -0.000394  1.000000  0.000228  -0.000652  -0.000228  1.000000  0.999975  0.007019  -0.000080  -0.007019  0.999973  0.002015  0.000094  -0.002014  0.999998  1.000000  0.000045  0.000075  -0.000045  1.000000  0.000025  -0.000075  -0.000025  1.000000  1.000000  0.000394  0.000652  -0.000394  1.000000  0.000228  -0.000652  -0.000228  1.000000  0.000058  0.007303  
135.734223 0.005518  0.094526  -0.003649  0.993280  0.115693  -0.003256  -0.115230  0.991158  0.065783  0.010837  -0.064966  0.997829  0.000809  -0.000834  -0.000823  0.072008  0.001582  0.256617  2.000000  0.999999  0.000584  0.000977  -0.000585  1.000000  0.000329  -0.000977  -0.000329  0.999999  0.999969  0.007841  -0.000026  -0.007841  0.999967  0.002024  0.000042  -0.002023  0.999998  1.000000  0.000049  0.000085  -0.000049  1.000000  0.000025  -0.000085  -0.000025  1.000000  0.999999  0.000584  0.000977  -0.000585  1.000000  0.000329  -0.000977  -0.000329  0.999999  0.000065  0.008098  
135.735471 0.005520  0.094527  -0.003649  0.993159  0.116722  -0.003306  -0.116253  0.991030  0.065922  0.010971  -0.065087  0.997819  0.001013  -0.000770  -0.000756  0.076544  0.003397  0.298332  2.000000  0.999999  0.000801  0.001344  -0.000802  1.000000  0.000437  -0.001343  -0.000439  0.999999  0.999961  0.008877  -0.000091  -0.008876  0.999958  0.002278  0.000111  -0.002277  0.999997  1.000000  0.000057  0.000095  -0.000057  1.000000  0.000028  -0.000095  -0.000028  1.000000  0.999999  0.000801  0.001344  -0.000802  1.000000  0.000437  -0.001343  -0.000439  0.999999  0.000075  0.009165  
135.736723 0.005522  0.094527  -0.003650  0.993060  0.117556  -0.003503  -0.117070  0.990923  0.066076  0.011239  -0.065207  0.997808  0.001130  -0.000692  -0.000761  0.080949  0.010580  0.326490  2.000000  0.999998  0.001107  0.001850  -0.001108  0.999999  0.000584  -0.001849  -0.000586  0.999998  0.999953  0.009716  -0.000303  -0.009715  0.999950  0.002410  0.000327  -0.002407  0.999997  1.000000  0.000064  0.000103  -0.000064  1.000000  0.000030  -0.000103  -0.000030  1.000000  0.999998  0.001107  0.001850  -0.001108  0.999999  0.000584  -0.001849  -0.000586  0.999998  0.000083  0.010015  
135.737968 0.005524  0.094526  -0.003650  0.992962  0.118382  -0.003552  -0.117888  0.990809  0.066335  0.011373  -0.065449  0.997791  0.001225  -0.000573  -0.000611  0.089443  0.013254  0.354472  2.000000  0.999996  0.001381  0.002291  -0.001383  0.999999  0.000711  -0.002290  -0.000714  0.999997  0.999942  0.010752  -0.000367  -0.010751  0.999939  0.002665  0.000395  -0.002661  0.999996  1.000000  0.000071  0.000114  -0.000071  1.000000  0.000033  -0.000114  -0.000033  1.000000  0.999996  0.001381  0.002291  -0.001383  0.999999  0.000711  -0.002290  -0.000714  0.999997  0.000092  0.011083  
135.739243 0.005525  0.094525  -0.003649  0.992863  0.119207  -0.003601  -0.118705  0.990694  0.066594  0.011506  -0.065691  0.997774  0.001232  -0.000503  -0.000435  0.097838  0.015906  0.382053  2.000000  0.999994  0.001759  0.002891  -0.001762  0.999998  0.000884  -0.002889  -0.000889  0.999995  0.999930  0.011787  -0.000430  -0.011786  0.999926  0.002920  0.000464  -0.002915  0.999996  1.000000  0.000079  0.000125  -0.000079  1.000000  0.000036  -0.000125  -0.000036  1.000000  0.999994  0.001759  0.002891  -0.001762  0.999998  0.000884  -0.002889  -0.000889  0.999995  0.000098  0.012151  
135.740470 0.005526  0.094522  -0.003649  0.992763  0.120033  -0.003635  -0.119522  0.990570  0.066973  0.011640  -0.066054  0.997748  0.001261  -0.000538  -0.000316  0.110473  0.018552  0.410263  2.000000  0.999992  0.002088  0.003409  -0.002091  0.999997  0.001037  -0.003407  -0.001044  0.999994  0.999920  0.012618  -0.000506  -0.012616  0.999915  0.003173  0.000546  -0.003167  0.999995  1.000000  0.000085  0.000133  -0.000085  1.000000  0.000040  -0.000133  -0.000040  1.000000  0.999992  0.002088  0.003409  -0.002091  0.999997  0.001037  -0.003407  -0.001044  0.999994  0.000106  0.013020  
135.741483 0.005528  0.094519  -0.003650  0.992663  0.120858  -0.003684  -0.120340  0.990453  0.067233  0.011774  -0.066296  0.997731  0.001280  -0.000627  -0.000241  0.118898  0.021190  0.437946  2.000000  0.999989  0.002435  0.003955  -0.002440  0.999996  0.001202  -0.003952  -0.001212  0.999991  0.999912  0.013243  -0.000596  -0.013241  0.999907  0.003303  0.000639  -0.003295  0.999994  1.000000  0.000089  0.000139  -0.000089  1.000000  0.000041  -0.000139  -0.000041  1.000000  0.999989  0.002435  0.003955  -0.002440  0.999996  0.001202  -0.003952  -0.001212  0.999991  0.000112  0.013661  
135.742719 0.005529  0.094515  -0.003651  0.992562  0.121683  -0.003731  -0.121157  0.990336  0.067492  0.011908  -0.066538  0.997713  0.001246  -0.000845  -0.000303  0.127509  0.023393  0.472927  2.000000  0.999986  0.002798  0.004525  -0.002804  0.999995  0.001378  -0.004521  -0.001390  0.999989  0.999907  0.013654  -0.000563  -0.013652  0.999900  0.003671  0.000613  -0.003663  0.999993  1.000000  0.000092  0.000144  -0.000092  1.000000  0.000046  -0.000144  -0.000046  1.000000  0.999986  0.002798  0.004525  -0.002804  0.999995  0.001378  -0.004521  -0.001390  0.999989  0.000121  0.014150  
135.743968 0.005529  0.094510  -0.003653  0.992487  0.122296  -0.003645  -0.121770  0.990236  0.067855  0.011908  -0.066901  0.997689  0.001198  -0.001091  -0.000372  0.140021  0.021968  0.493828  2.000000  0.999982  0.003172  0.005103  -0.003180  0.999994  0.001562  -0.005098  -0.001579  0.999986  0.999904  0.013869  -0.000680  -0.013866  0.999897  0.003797  0.000732  -0.003787  0.999993  1.000000  0.000094  0.000146  -0.000094  1.000000  0.000047  -0.000146  -0.000047  1.000000  0.999982  0.003172  0.005103  -0.003180  0.999994  0.001562  -0.005098  -0.001579  0.999986  0.000128  0.014394  
135.745217 0.005528  0.094503  -0.003655  0.992410  0.122918  -0.003706  -0.122383  0.990143  0.068114  0.012042  -0.067143  0.997671  0.001085  -0.001450  -0.000430  0.148406  0.025041  0.514719  2.000000  0.999976  0.003650  0.005826  -0.003660  0.999992  0.001803  -0.005820  -0.001824  0.999981  0.999903  0.013887  -0.000942  -0.013883  0.999896  0.003920  0.000996  -0.003906  0.999992  1.000000  0.000097  0.000144  -0.000097  1.000000  0.000049  -0.000144  -0.000049  1.000000  0.999976  0.003650  0.005826  -0.003660  0.999992  0.001803  -0.005820  -0.001824  0.999981  0.000134  0.014459  
135.746225 0.005529  0.094498  -0.003657  0.992358  0.123335  -0.003780  -0.122791  0.990075  0.068372  0.012175  -0.067385  0.997653  0.001014  -0.001758  -0.000512  0.156709  0.028557  0.528688  2.000000  0.999971  0.004039  0.006406  -0.004052  0.999990  0.001996  -0.006398  -0.002022  0.999977  0.999900  0.014092  -0.000926  -0.014089  0.999893  0.003922  0.000981  -0.003909  0.999992  1.000000  0.000098  0.000147  -0.000098  1.000000  0.000049  -0.000147  -0.000049  1.000000  0.999971  0.004039  0.006406  -0.004052  0.999990  0.001996  -0.006398  -0.002022  0.999977  0.000138  0.014656  
135.747473 0.005530  0.094492  -0.003659  0.992282  0.123948  -0.003708  -0.123404  0.989982  0.068614  0.012175  -0.067627  0.997636  0.000975  -0.002196  -0.000656  0.165181  0.026688  0.556333  2.000000  0.999964  0.004533  0.007138  -0.004549  0.999987  0.002240  -0.007128  -0.002272  0.999972  0.999900  0.014092  -0.000923  -0.014089  0.999893  0.003924  0.000978  -0.003911  0.999992  1.000000  0.000098  0.000147  -0.000098  1.000000  0.000049  -0.000147  -0.000049  1.000000  0.999964  0.004533  0.007138  -0.004549  0.999987  0.002240  -0.007128  -0.002272  0.999972  0.000142  0.014656  
135.748491 0.005530  0.094488  -0.003661  0.992229  0.124365  -0.003797  -0.123812  0.989921  0.068752  0.012309  -0.067748  0.997627  0.000881  -0.002513  -0.000817  0.169312  0.030212  0.569970  2.000000  0.999958  0.004922  0.007724  -0.004941  0.999985  0.002436  -0.007712  -0.002474  0.999967  0.999900  0.014093  -0.000919  -0.014089  0.999893  0.003926  0.000974  -0.003913  0.999992  1.000000  0.000098  0.000147  -0.000098  1.000000  0.000049  -0.000147  -0.000049  1.000000  0.999958  0.004922  0.007724  -0.004941  0.999985  0.002436  -0.007712  -0.002474  0.999967  0.000149  0.014657  
135.749718 0.005531  0.094483  -0.003662  0.992178  0.124773  -0.003738  -0.124221  0.989853  0.068994  0.012309  -0.067990  0.997610  0.000787  -0.002855  -0.000902  0.177812  0.029271  0.584420  2.000000  0.999951  0.005303  0.008300  -0.005325  0.999982  0.002632  -0.008286  -0.002676  0.999962  0.999906  0.013673  -0.000810  -0.013670  0.999898  0.004042  0.000866  -0.004031  0.999992  1.000000  0.000095  0.000143  -0.000095  1.000000  0.000050  -0.000143  -0.000050  1.000000  0.999951  0.005303  0.008300  -0.005325  0.999982  0.002632  -0.008286  -0.002676  0.999962  0.000153  0.014280  
135.750722 0.005531  0.094480  -0.003662  0.992151  0.124986  -0.003842  -0.124425  0.989818  0.069131  0.012443  -0.068111  0.997600  0.000671  -0.003176  -0.000890  0.177825  0.033683  0.584633  2.000000  0.999945  0.005667  0.008855  -0.005692  0.999980  0.002829  -0.008839  -0.002879  0.999957  0.999914  0.013057  -0.000851  -0.013054  0.999907  0.004037  0.000904  -0.004026  0.999991  1.000000  0.000091  0.000136  -0.000091  1.000000  0.000050  -0.000136  -0.000050  1.000000  0.999945  0.005667  0.008855  -0.005692  0.999980  0.002829  -0.008839  -0.002879  0.999957  0.000153  0.013692  
135.751968 0.005532  0.094476  -0.003662  0.992100  0.125394  -0.003798  -0.124833  0.989758  0.069253  0.012443  -0.068232  0.997592  0.000580  -0.003446  -0.000833  0.177809  0.034079  0.577939  2.000000  0.999938  0.006026  0.009393  -0.006055  0.999977  0.003023  -0.009374  -0.003079  0.999951  0.999920  0.012646  -0.000877  -0.012643  0.999912  0.003911  0.000927  -0.003900  0.999992  1.000000  0.000089  0.000131  -0.000089  1.000000  0.000049  -0.000131  -0.000049  1.000000  0.999938  0.006026  0.009393  -0.006055  0.999977  0.003023  -0.009374  -0.003079  0.999951  0.000150  0.013265  
135.752973 0.005532  0.094472  -0.003662  0.992100  0.125395  -0.003783  -0.124833  0.989749  0.069373  0.012443  -0.068353  0.997584  0.000522  -0.003625  -0.000854  0.177452  0.039845  0.557256  2.000000  0.999931  0.006371  0.009906  -0.006403  0.999974  0.003213  -0.009885  -0.003276  0.999946  0.999927  0.012021  -0.000785  -0.012018  0.999920  0.003904  0.000832  -0.003894  0.999992  1.000000  0.000084  0.000125  -0.000084  1.000000  0.000049  -0.000125  -0.000049  1.000000  0.999931  0.006371  0.009906  -0.006403  0.999974  0.003213  -0.009885  -0.003276  0.999946  0.000148  0.012662  
135.754229 0.005532  0.094468  -0.003661  0.992048  0.125802  -0.003754  -0.125242  0.989698  0.069375  0.012443  -0.068353  0.997584  0.000446  -0.003780  -0.000774  0.169394  0.039799  0.557570  2.000000  0.999922  0.006779  0.010514  -0.006815  0.999971  0.003448  -0.010490  -0.003519  0.999939  0.999935  0.011405  -0.000827  -0.011402  0.999928  0.003775  0.000870  -0.003766  0.999993  1.000000  0.000080  0.000118  -0.000080  1.000000  0.000047  -0.000118  -0.000047  1.000000  0.999922  0.006779  0.010514  -0.006815  0.999971  0.003448  -0.010490  -0.003519  0.999939  0.000144  0.012041  
135.755464 0.005530  0.094462  -0.003660  0.992048  0.125803  -0.003739  -0.125242  0.989689  0.069495  0.012443  -0.068474  0.997575  0.000222  -0.003954  -0.000753  0.167875  0.039847  0.545983  2.000000  0.999913  0.007167  0.011083  -0.007208  0.999967  0.003679  -0.011057  -0.003759  0.999932  0.999944  0.010584  -0.000882  -0.010580  0.999937  0.003766  0.000922  -0.003756  0.999993  1.000000  0.000076  0.000109  -0.000076  1.000000  0.000047  -0.000109  -0.000047  1.000000  0.999913  0.007167  0.011083  -0.007208  0.999967  0.003679  -0.011057  -0.003759  0.999932  0.000144  0.011267  
135.756469 0.005528  0.094458  -0.003660  0.992022  0.126007  -0.003709  -0.125446  0.989655  0.069616  0.012443  -0.068595  0.997567  0.000016  -0.004101  -0.000680  0.165121  0.032022  0.536165  2.000000  0.999906  0.007454  0.011499  -0.007499  0.999964  0.003862  -0.011470  -0.003948  0.999926  0.999952  0.009753  -0.000804  -0.009750  0.999945  0.003756  0.000841  -0.003748  0.999993  1.000000  0.000070  0.000100  -0.000070  1.000000  0.000047  -0.000100  -0.000047  1.000000  0.999906  0.007454  0.011499  -0.007499  0.999964  0.003862  -0.011470  -0.003948  0.999926  0.000141  0.010481  
135.757718 0.005525  0.094451  -0.003659  0.992022  0.126008  -0.003694  -0.125446  0.989647  0.069736  0.012443  -0.068716  0.997559  -0.000255  -0.004241  -0.000571  0.163640  0.028623  0.511161  2.000000  0.999898  0.007779  0.011970  -0.007829  0.999961  0.004085  -0.011938  -0.004179  0.999920  0.999962  0.008717  -0.000740  -0.008715  0.999955  0.003623  0.000772  -0.003616  0.999993  1.000000  0.000063  0.000090  -0.000063  1.000000  0.000045  -0.000090  -0.000045  1.000000  0.999898  0.007779  0.011970  -0.007829  0.999961  0.004085  -0.011938  -0.004179  0.999920  0.000136  0.009468  
135.758718 0.005522  0.094446  -0.003660  0.992022  0.126008  -0.003679  -0.125446  0.989638  0.069856  0.012443  -0.068837  0.997550  -0.000447  -0.004329  -0.000462  0.160448  0.026564  0.480256  2.000000  0.999894  0.007957  0.012233  -0.008009  0.999959  0.004219  -0.012199  -0.004316  0.999916  0.999967  0.008092  -0.000648  -0.008090  0.999961  0.003615  0.000677  -0.003610  0.999993  1.000000  0.000058  0.000083  -0.000058  1.000000  0.000045  -0.000083  -0.000045  1.000000  0.999894  0.007957  0.012233  -0.008009  0.999959  0.004219  -0.012199  -0.004316  0.999916  0.000129  0.008886  
135.759968 0.005518  0.094439  -0.003660  0.992022  0.126008  -0.003663  -0.125446  0.989630  0.069976  0.012443  -0.068958  0.997542  -0.000668  -0.004376  -0.000358  0.158994  0.027678  0.456065  2.000000  0.999886  0.008218  0.012629  -0.008275  0.999956  0.004434  -0.012592  -0.004538  0.999910  0.999974  0.007252  -0.000437  -0.007251  0.999968  0.003484  0.000462  -0.003481  0.999994  1.000000  0.000050  0.000076  -0.000050  1.000000  0.000044  -0.000076  -0.000044  1.000000  0.999886  0.008218  0.012629  -0.008275  0.999956  0.004434  -0.012592  -0.004538  0.999910  0.000122  0.008057  
135.760968 0.005515  0.094433  -0.003660  0.992024  0.126000  -0.003516  -0.125446  0.989622  0.070079  0.012309  -0.069079  0.997535  -0.000910  -0.004416  -0.000199  0.154506  0.024962  0.428099  2.000000  0.999881  0.008401  0.012916  -0.008461  0.999954  0.004600  -0.012877  -0.004709  0.999906  0.999979  0.006412  -0.000226  -0.006412  0.999974  0.003352  0.000248  -0.003351  0.999994  1.000000  0.000043  0.000068  -0.000043  1.000000  0.000042  -0.000068  -0.000042  1.000000  0.999881  0.008401  0.012916  -0.008461  0.999954  0.004600  -0.012877  -0.004709  0.999906  0.000116  0.007239  
135.762228 0.005511  0.094426  -0.003661  0.992024  0.126000  -0.003500  -0.125446  0.989614  0.070199  0.012309  -0.069200  0.997527  -0.001274  -0.004485  -0.000083  0.154276  0.022307  0.400569  2.000000  0.999876  0.008596  0.013230  -0.008660  0.999951  0.004798  -0.013188  -0.004912  0.999901  0.999984  0.005582  -0.000149  -0.005581  0.999980  0.003100  0.000166  -0.003099  0.999995  1.000000  0.000037  0.000059  -0.000037  1.000000  0.000039  -0.000059  -0.000039  1.000000  0.999876  0.008596  0.013230  -0.008660  0.999951  0.004798  -0.013188  -0.004912  0.999901  0.000109  0.006386  
135.763466 0.005507  0.094419  -0.003663  0.992024  0.126001  -0.003470  -0.125446  0.989597  0.070439  0.012309  -0.069442  0.997510  -0.001591  -0.004652  -0.000100  0.157871  0.024531  0.366203  2.000000  0.999873  0.008665  0.013343  -0.008731  0.999950  0.004874  -0.013300  -0.004990  0.999899  0.999990  0.004555  -0.000220  -0.004554  0.999986  0.002845  0.000233  -0.002844  0.999996  1.000000  0.000000  0.000000  0.000000  1.000000  0.000000  0.000000  0.000000  1.000000  0.999873  0.008665  0.013343  -0.008731  0.999950  0.004874  -0.013300  -0.004990  0.999899  0.000100  0.000000  
135.764469 0.005502  0.094412  -0.003665  0.992026  0.125992  -0.003322  -0.125446  0.989589  0.070542  0.012175  -0.069563  0.997503  -0.001891  -0.004788  -0.000195  0.158816  0.018047  0.334192  2.000000  0.999873  0.008665  0.013343  -0.008731  0.999950  0.004874  -0.013300  -0.004990  0.999899  0.999993  0.003715  -0.000010  -0.003715  0.999989  0.002713  0.000020  -0.002713  0.999996  1.000000  0.000000  0.000000  0.000000  1.000000  0.000000  0.000000  0.000000  1.000000  0.999873  0.008665  0.013343  -0.008731  0.999950  0.004874  -0.013300  -0.004990  0.999899  0.000095  0.000000  
135.765723 0.005496  0.094404  -0.003669  0.992027  0.125983  -0.003174  -0.125447  0.989582  0.070646  0.012042  -0.069684  0.997496  -0.002418  -0.005137  -0.000461  0.154281  0.011339  0.298952  2.000000  0.999873  0.008665  0.013343  -0.008731  0.999950  0.004874  -0.013300  -0.004990  0.999899  0.999995  0.003090  0.000082  -0.003090  0.999992  0.002584  -0.000074  -0.002585  0.999997  1.000000  0.000000  0.000000  0.000000  1.000000  0.000000  0.000000  0.000000  1.000000  0.999873  0.008665  0.013343  -0.008731  0.999950  0.004874  -0.013300  -0.004990  0.999899  0.000087  0.000000  
135.766724 0.005492  0.094398  -0.003673  0.992027  0.125984  -0.003159  -0.125447  0.989573  0.070766  0.012042  -0.069805  0.997488  -0.002707  -0.005302  -0.000734  0.155285  0.008760  0.273337  2.000000  0.999873  0.008665  0.013343  -0.008731  0.999950  0.004874  -0.013300  -0.004990  0.999899  0.999996  0.002875  0.000201  -0.002875  0.999993  0.002582  -0.000194  -0.002582  0.999997  1.000000  0.000000  0.000000  0.000000  1.000000  0.000000  0.000000  0.000000  1.000000  0.999873  0.008665  0.013343  -0.008731  0.999950  0.004874  -0.013300  -0.004990  0.999899  0.000082  0.000000  
135.767968 0.005486  0.094390  -0.003677  0.992053  0.125780  -0.003159  -0.125242  0.989591  0.070885  0.012042  -0.069926  0.997479  -0.003060  -0.005478  -0.000965  0.152494  0.005527  0.247976  2.000000  0.999873  0.008665  0.013343  -0.008731  0.999950  0.004874  -0.013300  -0.004990  0.999899  0.999997  0.002250  0.000292  -0.002250  0.999995  0.002332  -0.000286  -0.002332  0.999997  1.000000  0.000000  0.000000  0.000000  1.000000  0.000000  0.000000  0.000000  1.000000  0.999873  0.008665  0.013343  -0.008731  0.999950  0.004874  -0.013300  -0.004990  0.999899  0.000073  0.000000  
135.768970 0.005481  0.094385  -0.003679  0.992053  0.125780  -0.003159  -0.125242  0.989591  0.070885  0.012042  -0.069926  0.997479  -0.003413  -0.005634  -0.001220  0.145426  0.002935  0.222315  2.000000  0.999873  0.008665  0.013343  -0.008731  0.999950  0.004874  -0.013300  -0.004990  0.999899  0.999999  0.001633  0.000249  -0.001634  0.999996  0.002324  -0.000245  -0.002325  0.999997  1.000000  0.000000  0.000000  0.000000  1.000000  0.000000  0.000000  0.000000  1.000000  0.999873  0.008665  0.013343  -0.008731  0.999950  0.004874  -0.013300  -0.004990  0.999899  0.000068  0.000000  
135.769971 0.005475  0.094379  -0.003682  0.992055  0.125771  -0.003026  -0.125243  0.989592  0.070868  0.011908  -0.069926  0.997481  -0.003726  -0.005769  -0.001458  0.136821  -0.004188  0.193900  2.000000  0.999873  0.008665  0.013343  -0.008731  0.999950  0.004874  -0.013300  -0.004990  0.999899  0.999999  0.001204  0.000487  -0.001205  0.999997  0.002077  -0.000484  -0.002077  0.999998  1.000000  0.000000  0.000000  0.000000  1.000000  0.000000  0.000000  0.000000  1.000000  0.999873  0.008665  0.013343  -0.008731  0.999950  0.004874  -0.013300  -0.004990  0.999899  0.000062  0.000000  
135.771056 0.005469  0.094373  -0.003685  0.992055  0.125771  -0.003011  -0.125243  0.989583  0.070988  0.011908  -0.070047  0.997473  -0.003959  -0.005771  -0.001699  0.132120  -0.007274  0.172373  2.000000  0.999873  0.008665  0.013343  -0.008731  0.999950  0.004874  -0.013300  -0.004990  0.999899  0.999999  0.000999  0.000473  -0.001000  0.999997  0.002074  -0.000470  -0.002075  0.999998  1.000000  0.000000  0.000000  0.000000  1.000000  0.000000  0.000000  0.000000  1.000000  0.999873  0.008665  0.013343  -0.008731  0.999950  0.004874  -0.013300  -0.004990  0.999899  0.000056  0.000000  
135.772219 0.005462  0.094366  -0.003689  0.992055  0.125771  -0.003011  -0.125243  0.989583  0.070988  0.011908  -0.070047  0.997473  -0.004346  -0.005879  -0.002043  0.000000  0.000000  0.000000  2.000000  0.999873  0.008665  0.013343  -0.008731  0.999950  0.004874  -0.013300  -0.004990  0.999899  1.000000  0.000579  0.000577  -0.000580  0.999998  0.001948  -0.000576  -0.001948  0.999998  1.000000  0.000000  0.000000  0.000000  1.000000  0.000000  0.000000  0.000000  1.000000  0.999873  0.008665  0.013343  -0.008731  0.999950  0.004874  -0.013300  -0.004990  0.999899  0.000000  0.000000  
135.773241 0.005455  0.094360  -0.003693  0.992056  0.125762  -0.002878  -0.125243  0.989584  0.070972  0.011774  -0.070047  0.997474  -0.004601  -0.005928  -0.002247  0.000000  0.000000  0.000000  2.000000  0.999873  0.008665  0.013343  -0.008731  0.999950  0.004874  -0.013300  -0.004990  0.999899  1.000000  0.000364  0.000696  -0.000365  0.999998  0.001824  -0.000696  -0.001825  0.999998  1.000000  0.000000  0.000000  0.000000  1.000000  0.000000  0.000000  0.000000  1.000000  0.999873  0.008665  0.013343  -0.008731  0.999950  0.004874  -0.013300  -0.004990  0.999899  0.000000  0.000000  
135.774468 0.005447  0.094353  -0.003696  0.992056  0.125762  -0.002878  -0.125243  0.989584  0.070972  0.011774  -0.070047  0.997474  -0.004878  -0.005893  -0.002435  0.000000  0.000000  0.000000  2.000000  0.999873  0.008665  0.013343  -0.008731  0.999950  0.004874  -0.013300  -0.004990  0.999899  1.000000  0.000158  0.000682  -0.000160  0.999999  0.001701  -0.000682  -0.001701  0.999998  1.000000  0.000000  0.000000  0.000000  1.000000  0.000000  0.000000  0.000000  1.000000  0.999873  0.008665  0.013343  -0.008731  0.999950  0.004874  -0.013300  -0.004990  0.999899  0.000000  0.000000  
135.775719 0.005440  0.094348  -0.003699  0.992056  0.125762  -0.002878  -0.125243  0.989584  0.070972  0.011774  -0.070047  0.997474  -0.005084  -0.005802  -0.002586  0.000000  0.000000  0.000000  2.000000  0.999873  0.008665  0.013343  -0.008731  0.999950  0.004874  -0.013300  -0.004990  0.999899  1.000000  -0.000047  0.000667  0.000046  0.999999  0.001577  -0.000667  -0.001577  0.999999  1.000000  0.000000  0.000000  0.000000  1.000000  0.000000  0.000000  0.000000  1.000000  0.999873  0.008665  0.013343  -0.008731  0.999950  0.004874  -0.013300  -0.004990  0.999899  0.000000  0.000000  
135.776719 0.005434  0.094343  -0.003701  0.992082  0.125558  -0.002893  -0.125039  0.989610  0.070971  0.011774  -0.070047  0.997474  -0.005243  -0.005720  -0.002686  0.000000  0.000000  0.000000  2.000000  0.999873  0.008665  0.013343  -0.008731  0.999950  0.004874  -0.013300  -0.004990  0.999899  1.000000  -0.000252  0.000653  0.000251  0.999999  0.001574  -0.000653  -0.001574  0.999999  1.000000  0.000000  0.000000  0.000000  1.000000  0.000000  0.000000  0.000000  1.000000  0.999873  0.008665  0.013343  -0.008731  0.999950  0.004874  -0.013300  -0.004990  0.999899  0.000000  0.000000  
135.777967 0.005427  0.094337  -0.003705  0.992082  0.125558  -0.002893  -0.125039  0.989610  0.070971  0.011774  -0.070047  0.997474  -0.005465  -0.005653  -0.002880  0.000000  0.000000  0.000000  2.000000  0.999873  0.008665  0.013343  -0.008731  0.999950  0.004874  -0.013300  -0.004990  0.999899  1.000000  -0.000458  0.000639  0.000457  0.999999  0.001451  -0.000639  -0.001450  0.999999  1.000000  0.000000  0.000000  0.000000  1.000000  0.000000  0.000000  0.000000  1.000000  0.999873  0.008665  0.013343  -0.008731  0.999950  0.004874  -0.013300  -0.004990  0.999899  0.000000  0.000000  
135.778968 0.005421  0.094332  -0.003709  0.992082  0.125558  -0.002893  -0.125039  0.989610  0.070971  0.011774  -0.070047  0.997474  -0.005579  -0.005537  -0.003024  0.000000  0.000000  0.000000  2.000000  0.999873  0.008665  0.013343  -0.008731  0.999950  0.004874  -0.013300  -0.004990  0.999899  1.000000  -0.000458  0.000639  0.000457  0.999999  0.001329  -0.000639  -0.001329  0.999999  1.000000  0.000000  0.000000  0.000000  1.000000  0.000000  0.000000  0.000000  1.000000  0.999873  0.008665  0.013343  -0.008731  0.999950  0.004874  -0.013300  -0.004990  0.999899  0.000000  0.000000  
135.779985 0.005415  0.094327  -0.003714  0.992082  0.125558  -0.002893  -0.125039  0.989610  0.070971  0.011774  -0.070047  0.997474  -0.005683  -0.005447  -0.003124  0.000000  0.000000  0.000000  2.000000  0.999873  0.008665  0.013343  -0.008731  0.999950  0.004874  -0.013300  -0.004990  0.999899  1.000000  -0.000458  0.000639  0.000457  0.999999  0.001208  -0.000639  -0.001208  0.999999  1.000000  0.000000  0.000000  0.000000  1.000000  0.000000  0.000000  0.000000  1.000000  0.999873  0.008665  0.013343  -0.008731  0.999950  0.004874  -0.013300  -0.004990  0.999899  0.000000  0.000000  
135.781218 0.005408  0.094320  -0.003720  0.992082  0.125558  -0.002893  -0.125039  0.989610  0.070971  0.011774  -0.070047  0.997474  -0.005767  -0.005400  -0.003300  0.000000  0.000000  0.000000  2.000000  0.999873  0.008665  0.013343  -0.008731  0.999950  0.004874  -0.013300  -0.004990  0.999899  1.000000  -0.000458  0.000639  0.000457  0.999999  0.001087  -0.000639  -0.001087  0.999999  1.000000  0.000000  0.000000  0.000000  1.000000  0.000000  0.000000  0.000000  1.000000  0.999873  0.008665  0.013343  -0.008731  0.999950  0.004874  -0.013300  -0.004990  0.999899  0.000000  0.000000  
135.782219 0.005402  0.094314  -0.003726  0.992082  0.125559  -0.002878  -0.125039  0.989602  0.071091  0.011774  -0.070168  0.997466  -0.005832  -0.005369  -0.003447  0.000000  0.000000  0.000000  2.000000  0.999873  0.008665  0.013343  -0.008731  0.999950  0.004874  -0.013300  -0.004990  0.999899  1.000000  -0.000448  0.000505  0.000448  0.999999  0.001087  -0.000505  -0.001087  0.999999  1.000000  0.000000  0.000000  0.000000  1.000000  0.000000  0.000000  0.000000  1.000000  0.999873  0.008665  0.013343  -0.008731  0.999950  0.004874  -0.013300  -0.004990  0.999899  0.000000  0.000000  
135.783226 0.005398  0.094309  -0.003731  0.992082  0.125559  -0.002878  -0.125039  0.989602  0.071091  0.011774  -0.070168  0.997466  -0.005839  -0.005314  -0.003633  0.000000  0.000000  0.000000  2.000000  0.999873  0.008665  0.013343  -0.008731  0.999950  0.004874  -0.013300  -0.004990  0.999899  1.000000  -0.000448  0.000505  0.000448  0.999999  0.000966  -0.000505  -0.000965  0.999999  1.000000  0.000000  0.000000  0.000000  1.000000  0.000000  0.000000  0.000000  1.000000  0.999873  0.008665  0.013343  -0.008731  0.999950  0.004874  -0.013300  -0.004990  0.999899  0.000000  0.000000  
135.784471 0.005392  0.094303  -0.003737  0.992082  0.125559  -0.002878  -0.125039  0.989602  0.071091  0.011774  -0.070168  0.997466  -0.005746  -0.005276  -0.003789  0.000000  0.000000  0.000000  2.000000  0.999873  0.008665  0.013343  -0.008731  0.999950  0.004874  -0.013300  -0.004990  0.999899  1.000000  -0.000448  0.000505  0.000448  1.000000  0.000844  -0.000505  -0.000844  1.000000  1.000000  0.000000  0.000000  0.000000  1.000000  0.000000  0.000000  0.000000  1.000000  0.999873  0.008665  0.013343  -0.008731  0.999950  0.004874  -0.013300  -0.004990  0.999899  0.000000  0.000000  
135.785725 0.005387  0.094297  -0.003743  0.992082  0.125559  -0.002878  -0.125039  0.989602  0.071091  0.011774  -0.070168  0.997466  -0.005620  -0.005222  -0.003962  0.000000  0.000000  0.000000  2.000000  0.999873  0.008665  0.013343  -0.008731  0.999950  0.004874  -0.013300  -0.004990  0.999899  1.000000  -0.000439  0.000372  0.000439  1.000000  0.000723  -0.000372  -0.000723  1.000000  1.000000  0.000000  0.000000  0.000000  1.000000  0.000000  0.000000  0.000000  1.000000  0.999873  0.008665  0.013343  -0.008731  0.999950  0.004874  -0.013300  -0.004990  0.999899  0.000000  0.000000  
135.786731 0.005383  0.094291  -0.003748  0.992082  0.125559  -0.002878  -0.125039  0.989602  0.071091  0.011774  -0.070168  0.997466  -0.005462  -0.005152  -0.004061  0.000000  0.000000  0.000000  2.000000  0.999873  0.008665  0.013343  -0.008731  0.999950  0.004874  -0.013300  -0.004990  0.999899  1.000000  -0.000439  0.000372  0.000439  1.000000  0.000602  -0.000372  -0.000601  1.000000  1.000000  0.000000  0.000000  0.000000  1.000000  0.000000  0.000000  0.000000  1.000000  0.999873  0.008665  0.013343  -0.008731  0.999950  0.004874  -0.013300  -0.004990  0.999899  0.000000  0.000000  
135.787968 0.005378  0.094285  -0.003755  0.992082  0.125559  -0.002878  -0.125039  0.989602  0.071091  0.011774  -0.070168  0.997466  -0.005243  -0.005077  -0.004259  0.000000  0.000000  0.000000  2.000000  0.999873  0.008665  0.013343  -0.008731  0.999950  0.004874  -0.013300  -0.004990  0.999899  1.000000  -0.000429  0.000238  0.000429  1.000000  0.000359  -0.000238  -0.000359  1.000000  1.000000  0.000000  0.000000  0.000000  1.000000  0.000000  0.000000  0.000000  1.000000  0.999873  0.008665  0.013343  -0.008731  0.999950  0.004874  -0.013300  -0.004990  0.999899  0.000000  0.000000  
135.789054 0.005374  0.094280  -0.003760  0.992082  0.125559  -0.002878  -0.125039  0.989602  0.071091  0.011774  -0.070168  0.997466  -0.005043  -0.005030  -0.004410  0.000000  0.000000  0.000000  2.000000  0.999873  0.008665  0.013343  -0.008731  0.999950  0.004874  -0.013300  -0.004990  0.999899  1.000000  -0.000224  0.000252  0.000224  1.000000  0.000361  -0.000253  -0.000361  1.000000  1.000000  0.000000  0.000000  0.000000  1.000000  0.000000  0.000000  0.000000  1.000000  0.999873  0.008665  0.013343  -0.008731  0.999950  0.004874  -0.013300  -0.004990  0.999899  0.000000  0.000000  
135.790223 0.005370  0.094275  -0.003766  0.992056  0.125762  -0.002878  -0.125243  0.989584  0.070972  0.011774  -0.070047  0.997474  -0.004820  -0.004997  -0.004642  0.000000  0.000000  0.000000  2.000000  0.999873  0.008665  0.013343  -0.008731  0.999950  0.004874  -0.013300  -0.004990  0.999899  1.000000  -0.000019  0.000267  0.000019  1.000000  0.000121  -0.000267  -0.000121  1.000000  1.000000  0.000000  0.000000  0.000000  1.000000  0.000000  0.000000  0.000000  1.000000  0.999873  0.008665  0.013343  -0.008731  0.999950  0.004874  -0.013300  -0.004990  0.999899  0.000000  0.000000  
135.791469 0.005366  0.094270  -0.003772  0.992056  0.125762  -0.002878  -0.125243  0.989584  0.070972  0.011774  -0.070047  0.997474  -0.004610  -0.004990  -0.004830  0.000000  0.000000  0.000000  2.000000  0.999873  0.008665  0.013343  -0.008731  0.999950  0.004874  -0.013300  -0.004990  0.999899  1.000000  -0.000009  0.000133  0.000009  1.000000  0.000121  -0.000133  -0.000121  1.000000  1.000000  0.000000  0.000000  0.000000  1.000000  0.000000  0.000000  0.000000  1.000000  0.999873  0.008665  0.013343  -0.008731  0.999950  0.004874  -0.013300  -0.004990  0.999899  0.000000  0.000000  
135.792719 0.005363  0.094265  -0.003777  0.992056  0.125762  -0.002878  -0.125243  0.989584  0.070972  0.011774  -0.070047  0.997474  -0.004362  -0.004886  -0.004833  0.000000  0.000000  0.000000  2.000000  0.999873  0.008665  0.013343  -0.008731  0.999950  0.004874  -0.013300  -0.004990  0.999899  1.000000  -0.000009  0.000133  0.000009  1.000000  0.000000  -0.000133  0.000000  1.000000  1.000000  0.000000  0.000000  0.000000  1.000000  0.000000  0.000000  0.000000  1.000000  0.999873  0.008665  0.013343  -0.008731  0.999950  0.004874  -0.013300  -0.004990  0.999899  0.000000  0.000000  
135.793966 0.005359  0.094261  -0.003781  0.992056  0.125762  -0.002894  -0.125243  0.989593  0.070852  0.011774  -0.069926  0.997483  -0.004098  -0.004749  -0.004770  0.000000  0.000000  0.000000  2.000000  0.999873  0.008665  0.013343  -0.008731  0.999950  0.004874  -0.013300  -0.004990  0.999899  1.000000  -0.000000  -0.000000  0.000000  1.000000  0.000000  -0.000000  0.000000  1.000000  1.000000  0.000000  0.000000  0.000000  1.000000  0.000000  0.000000  0.000000  1.000000  0.999873  0.008665  0.013343  -0.008731  0.999950  0.004874  -0.013300  -0.004990  0.999899  0.000000  0.000000  
