1-Time 2-Px 3-Py 4-Pz 5-R11 6-R21 7-R31 8-R12 9-R22 10-R32 11-R13 12-R23 13-R33 14-Vx 15-Vy 16-Vz 17-Wx 18-Wy 19-Wz 20-state 21-PR11 22-PR21 23-PR31 24-PR12 25-PR22 26-PR32 27-PR13 28-PR23 29-PR33 
158.724025 0.011966  0.095314  -0.019841  0.981092  0.188872  0.042254  -0.070003  0.142755  0.987279  0.180437  -0.971570  0.153278  -0.000675  0.001371  -0.000713  -0.236453  -0.028987  0.259261  2.000000  1.000000  0.000000  0.000000  0.000000  -0.000000  1.000000  0.000000  -1.000000  -0.000000  0.999986  0.005243  0.000610  -0.005240  0.999975  -0.004719  -0.000635  0.004715  0.999989  1.000000  0.000066  0.000008  -0.000066  1.000000  -0.000059  -0.000008  0.000059  1.000000  0.444413  0.467162  0.764367  -0.760956  -0.253371  0.597284  0.472697  -0.847091  0.242888  0.000088  0.007079  
158.725031 0.011966  0.095316  -0.019842  0.981044  0.189147  0.042145  -0.070000  0.143096  0.987230  0.180700  -0.971466  0.153624  -0.000612  0.001428  -0.000669  -0.240870  -0.028949  0.259656  2.000000  1.000000  0.000261  0.000026  -0.000026  0.000243  1.000000  0.000261  -1.000000  0.000243  0.999986  0.005212  0.000408  -0.005210  0.999975  -0.004876  -0.000433  0.004873  0.999988  1.000000  0.000065  0.000005  -0.000065  1.000000  -0.000061  -0.000005  0.000061  1.000000  1.000000  0.000261  0.000026  -0.000026  0.000243  1.000000  0.000261  -1.000000  0.000243  0.000090  0.007148  
158.726031 0.011967  0.095317  -0.019842  0.980947  0.189439  0.043071  -0.071008  0.143251  0.987136  0.180832  -0.971387  0.153973  -0.000506  0.001404  -0.000641  -0.239636  -0.055736  0.263396  2.000000  1.000000  0.000528  0.000064  -0.000064  0.000491  1.000000  0.000528  -1.000000  0.000491  0.999985  0.005338  0.001206  -0.005332  0.999974  -0.004852  -0.001232  0.004845  0.999988  1.000000  0.000067  0.000015  -0.000067  1.000000  -0.000061  -0.000015  0.000061  1.000000  1.000000  0.000528  0.000064  -0.000064  0.000491  1.000000  0.000528  -1.000000  0.000491  0.000091  0.007312  
158.727091 0.011969  0.095319  -0.019841  0.980835  0.189767  0.044178  -0.072217  0.143486  0.987014  0.180964  -0.971288  0.154441  -0.000273  0.001490  -0.000525  -0.239936  -0.096505  0.264708  2.000000  1.000000  0.000797  0.000160  -0.000161  0.000739  1.000000  0.000797  -0.999999  0.000739  0.999982  0.005397  0.002426  -0.005385  0.999973  -0.004998  -0.002453  0.004985  0.999985  1.000000  0.000067  0.000030  -0.000067  1.000000  -0.000062  -0.000030  0.000062  1.000000  1.000000  0.000797  0.000160  -0.000161  0.000739  1.000000  0.000797  -0.999999  0.000739  0.000093  0.007741  
158.728282 0.011972  0.095322  -0.019840  0.980723  0.189931  0.045912  -0.074037  0.143743  0.986842  0.180832  -0.971218  0.155034  -0.000010  0.001592  -0.000342  -0.241645  -0.159940  0.256989  2.000000  0.999999  0.001066  0.000331  -0.000332  0.000990  0.999999  0.001065  -0.999999  0.000991  0.999978  0.005357  0.003865  -0.005337  0.999973  -0.005109  -0.003893  0.005088  0.999979  1.000000  0.000067  0.000048  -0.000067  1.000000  -0.000064  -0.000048  0.000064  1.000000  0.999999  0.001066  0.000331  -0.000332  0.000990  0.999999  0.001065  -0.999999  0.000991  0.000097  0.008344  
158.729301 0.011975  0.095325  -0.019838  0.980671  0.189972  0.046857  -0.075048  0.144036  0.986723  0.180700  -0.971167  0.155509  0.000212  0.001681  -0.000186  -0.244659  -0.187974  0.252117  2.000000  0.999999  0.001327  0.000564  -0.000565  0.001244  0.999999  0.001327  -0.999998  0.001245  0.999974  0.005153  0.005127  -0.005127  0.999974  -0.005133  -0.005153  0.005107  0.999974  1.000000  0.000064  0.000064  -0.000064  1.000000  -0.000064  -0.000064  0.000064  1.000000  0.999999  0.001327  0.000564  -0.000565  0.001244  0.999999  0.001327  -0.999998  0.001245  0.000099  0.008891  
158.730359 0.011978  0.095328  -0.019837  0.980585  0.190249  0.047533  -0.075854  0.144468  0.986598  0.180832  -0.971048  0.156094  0.000484  0.001766  -0.000041  -0.251405  -0.215001  0.251440  2.000000  0.999999  0.001519  0.000777  -0.000779  0.001442  0.999999  0.001517  -0.999998  0.001443  0.999969  0.005152  0.005945  -0.005120  0.999973  -0.005351  -0.005972  0.005320  0.999968  1.000000  0.000064  0.000074  -0.000064  1.000000  -0.000067  -0.000074  0.000067  1.000000  0.999999  0.001519  0.000777  -0.000779  0.001442  0.999999  0.001517  -0.999998  0.001443  0.000104  0.009505  
158.731533 0.011983  0.095332  -0.019833  0.980442  0.190727  0.048548  -0.077061  0.145050  0.986419  0.181095  -0.970867  0.156911  0.000855  0.001930  0.000217  -0.263155  -0.253996  0.256750  2.000000  0.999998  0.001717  0.001025  -0.001027  0.001652  0.999998  0.001715  -0.999997  0.001654  0.999961  0.005448  0.006920  -0.005408  0.999969  -0.005775  -0.006951  0.005737  0.999959  1.000000  0.000068  0.000087  -0.000068  1.000000  -0.000072  -0.000087  0.000072  1.000000  0.999998  0.001717  0.001025  -0.001027  0.001652  0.999998  0.001715  -0.999997  0.001654  0.000111  0.010522  
158.732787 0.011988  0.095336  -0.019830  0.980209  0.191626  0.049702  -0.078464  0.145560  0.986233  0.181753  -0.970614  0.157715  0.001266  0.002110  0.000456  -0.273700  -0.294498  0.273895  2.000000  0.999997  0.002071  0.001504  -0.001508  0.002022  0.999997  0.002068  -0.999996  0.002025  0.999950  0.005911  0.008073  -0.005862  0.999965  -0.006040  -0.008108  0.005993  0.999949  1.000000  0.000074  0.000101  -0.000074  1.000000  -0.000075  -0.000101  0.000075  1.000000  0.999997  0.002071  0.001504  -0.001508  0.002022  0.999997  0.002068  -0.999996  0.002025  0.000121  0.011675  
158.734035 0.011993  0.095341  -0.019827  0.979981  0.192427  0.051079  -0.080070  0.146040  0.986033  0.182279  -0.970384  0.158524  0.001667  0.002294  0.000736  -0.284046  -0.346703  0.291428  2.000000  0.999995  0.002456  0.002070  -0.002076  0.002410  0.999995  0.002451  -0.999994  0.002415  0.999934  0.006309  0.009645  -0.006248  0.999960  -0.006353  -0.009684  0.006292  0.999933  1.000000  0.000078  0.000121  -0.000078  1.000000  -0.000079  -0.000121  0.000079  1.000000  0.999995  0.002456  0.002070  -0.002076  0.002410  0.999995  0.002451  -0.999994  0.002415  0.000133  0.013146  
158.735284 0.011997  0.095346  -0.019825  0.979782  0.193007  0.052676  -0.081882  0.146618  0.985798  0.182542  -0.970181  0.159457  0.001981  0.002496  0.000906  -0.294422  -0.400282  0.300202  2.000000  0.999992  0.002869  0.002741  -0.002749  0.002814  0.999992  0.002862  -0.999992  0.002822  0.999912  0.006740  0.011417  -0.006665  0.999956  -0.006630  -0.011461  0.006553  0.999913  1.000000  0.000084  0.000143  -0.000084  1.000000  -0.000082  -0.000143  0.000082  1.000000  0.999992  0.002869  0.002741  -0.002749  0.002814  0.999992  0.002862  -0.999992  0.002822  0.000145  0.014807  
158.736535 0.012001  0.095351  -0.019823  0.979605  0.193454  0.054317  -0.083695  0.147086  0.985576  0.182674  -0.970021  0.160277  0.002253  0.002755  0.001139  -0.303515  -0.461249  0.305574  2.000000  0.999988  0.003288  0.003509  -0.003519  0.003237  0.999989  0.003277  -0.999989  0.003249  0.999892  0.006747  0.013052  -0.006657  0.999954  -0.006941  -0.013099  0.006854  0.999891  1.000000  0.000084  0.000163  -0.000084  1.000000  -0.000086  -0.000163  0.000086  1.000000  0.999988  0.003288  0.003509  -0.003519  0.003237  0.999989  0.003277  -0.999989  0.003249  0.000157  0.016232  
158.737785 0.012005  0.095355  -0.019821  0.979472  0.193658  0.055953  -0.085512  0.147814  0.985311  0.182542  -0.969870  0.161340  0.002600  0.002903  0.001287  -0.322099  -0.516954  0.301176  2.000000  0.999983  0.003708  0.004391  -0.004405  0.003676  0.999984  0.003692  -0.999986  0.003692  0.999867  0.006658  0.014910  -0.006551  0.999952  -0.007218  -0.014957  0.007119  0.999863  1.000000  0.000083  0.000187  -0.000083  1.000000  -0.000090  -0.000187  0.000090  1.000000  0.999983  0.003708  0.004391  -0.004405  0.003676  0.999984  0.003692  -0.999986  0.003692  0.000170  0.017834  
158.739034 0.012010  0.095359  -0.019819  0.979288  0.194130  0.057522  -0.087325  0.148638  0.985028  0.182674  -0.969649  0.162512  0.002976  0.003064  0.001548  -0.339293  -0.578585  0.302418  2.000000  0.999977  0.004119  0.005387  -0.005404  0.004145  0.999977  0.004097  -0.999983  0.004167  0.999841  0.006542  0.016566  -0.006414  0.999949  -0.007770  -0.016616  0.007663  0.999833  1.000000  0.000081  0.000207  -0.000081  1.000000  -0.000096  -0.000207  0.000096  1.000000  0.999977  0.004119  0.005387  -0.005404  0.004145  0.999977  0.004097  -0.999983  0.004167  0.000183  0.019412  
158.740281 0.012015  0.095365  -0.019814  0.979106  0.194508  0.059314  -0.089340  0.149433  0.984727  0.182674  -0.969452  0.163688  0.003275  0.003271  0.001810  -0.359449  -0.647093  0.304866  2.000000  0.999970  0.004453  0.006280  -0.006301  0.004550  0.999970  0.004424  -0.999980  0.004578  0.999805  0.006760  0.018577  -0.006605  0.999943  -0.008373  -0.018633  0.008249  0.999792  1.000000  0.000084  0.000233  -0.000084  1.000000  -0.000104  -0.000233  0.000104  1.000000  0.999970  0.004453  0.006280  -0.006301  0.004550  0.999970  0.004424  -0.999980  0.004578  0.000199  0.021446  
158.741284 0.012020  0.095371  -0.019810  0.978952  0.194919  0.060498  -0.090749  0.150215  0.984480  0.182806  -0.969248  0.164742  0.003538  0.003563  0.002174  -0.380293  -0.687751  0.307326  2.000000  0.999962  0.004794  0.007254  -0.007278  0.004982  0.999961  0.004758  -0.999976  0.005017  0.999777  0.006880  0.019990  -0.006702  0.999937  -0.008963  -0.020050  0.008827  0.999760  1.000000  0.000085  0.000250  -0.000085  1.000000  -0.000111  -0.000250  0.000111  1.000000  0.999962  0.004794  0.007254  -0.007278  0.004982  0.999961  0.004758  -0.999976  0.005017  0.000210  0.022938  
158.742532 0.012026  0.095377  -0.019806  0.978777  0.195385  0.061813  -0.092359  0.151315  0.984161  0.182937  -0.968983  0.166149  0.003691  0.003800  0.002371  -0.406948  -0.742067  0.312342  2.000000  0.999950  0.005225  0.008558  -0.008588  0.005565  0.999948  0.005177  -0.999971  0.005610  0.999746  0.007011  0.021399  -0.006802  0.999929  -0.009795  -0.021466  0.009647  0.999723  1.000000  0.000086  0.000268  -0.000086  1.000000  -0.000122  -0.000268  0.000122  1.000000  0.999950  0.005225  0.008558  -0.008588  0.005565  0.999948  0.005177  -0.999971  0.005610  0.000224  0.024529  
158.743590 0.012030  0.095382  -0.019803  0.978662  0.195648  0.062792  -0.093568  0.152267  0.983900  0.182937  -0.968781  0.167324  0.003835  0.003917  0.002423  -0.431070  -0.781945  0.309959  2.000000  0.999938  0.005572  0.009669  -0.009703  0.006069  0.999935  0.005513  -0.999966  0.006123  0.999720  0.006971  0.022634  -0.006737  0.999923  -0.010420  -0.022705  0.010265  0.999690  1.000000  0.000086  0.000283  -0.000086  1.000000  -0.000129  -0.000283  0.000129  1.000000  0.999938  0.005572  0.009669  -0.009703  0.006069  0.999935  0.005513  -0.999966  0.006123  0.000235  0.025846  
158.744780 0.012035  0.095386  -0.019803  0.978482  0.196129  0.064080  -0.095177  0.153483  0.983557  0.183069  -0.968492  0.168847  0.003920  0.003980  0.002296  -0.463750  -0.831676  0.310222  2.000000  0.999924  0.005922  0.010855  -0.010894  0.006617  0.999919  0.005850  -0.999961  0.006681  0.999681  0.007145  0.024242  -0.006869  0.999911  -0.011458  -0.024321  0.011287  0.999640  1.000000  0.000088  0.000304  -0.000088  1.000000  -0.000142  -0.000304  0.000142  1.000000  0.999924  0.005922  0.010855  -0.010894  0.006617  0.999919  0.005850  -0.999961  0.006681  0.000248  0.027717  
158.745784 0.012039  0.095388  -0.019803  0.978344  0.196429  0.065260  -0.096587  0.154393  0.983277  0.183069  -0.968286  0.170022  0.003956  0.003971  0.002125  -0.487453  -0.879831  0.309709  2.000000  0.999907  0.006277  0.012110  -0.012155  0.007204  0.999900  0.006189  -0.999954  0.007279  0.999645  0.007152  0.025674  -0.006841  0.999903  -0.012167  -0.025758  0.011987  0.999596  1.000000  0.000087  0.000321  -0.000087  1.000000  -0.000151  -0.000322  0.000151  1.000000  0.999907  0.006277  0.012110  -0.012155  0.007204  0.999900  0.006189  -0.999954  0.007279  0.000264  0.029264  
158.746978 0.012044  0.095391  -0.019805  0.978204  0.196740  0.066414  -0.097997  0.155421  0.982975  0.183069  -0.968059  0.171314  0.003902  0.003823  0.001863  -0.511904  -0.921996  0.307334  2.000000  0.999888  0.006632  0.013430  -0.013482  0.007826  0.999878  0.006526  -0.999947  0.007915  0.999613  0.007128  0.026907  -0.006782  0.999894  -0.012913  -0.026996  0.012725  0.999555  1.000000  0.000087  0.000337  -0.000087  1.000000  -0.000160  -0.000337  0.000160  1.000000  0.999888  0.006632  0.013430  -0.013482  0.007826  0.999878  0.006526  -0.999947  0.007915  0.000277  0.030649  
158.748036 0.012048  0.095393  -0.019808  0.978017  0.197240  0.067675  -0.099605  0.156753  0.982602  0.183200  -0.967742  0.172953  0.003951  0.003764  0.001459  -0.550975  -0.975981  0.309244  2.000000  0.999866  0.006990  0.014783  -0.014843  0.008501  0.999854  0.006863  -0.999939  0.008604  0.999607  0.007205  0.027094  -0.006825  0.999878  -0.014085  -0.027192  0.013895  0.999534  1.000000  0.000088  0.000339  -0.000088  1.000000  -0.000175  -0.000339  0.000175  1.000000  0.999866  0.006990  0.014783  -0.014843  0.008501  0.999854  0.006863  -0.999939  0.008604  0.000290  0.031337  
158.749284 0.012053  0.095396  -0.019811  0.977872  0.197591  0.068732  -0.101015  0.158256  0.982217  0.183200  -0.967426  0.174714  0.003938  0.003680  0.001048  -0.590964  -1.024075  0.309354  2.000000  0.999837  0.007438  0.016469  -0.016538  0.009412  0.999819  0.007282  -0.999928  0.009533  0.999618  0.007184  0.026682  -0.006779  0.999861  -0.015250  -0.026788  0.015063  0.999528  1.000000  0.000087  0.000334  -0.000087  1.000000  -0.000190  -0.000334  0.000189  1.000000  0.999837  0.007438  0.016469  -0.016538  0.009412  0.999819  0.007282  -0.999928  0.009533  0.000306  0.031521  
158.750538 0.012057  0.095398  -0.019816  0.977701  0.198075  0.069764  -0.102421  0.159744  0.981831  0.183332  -0.967082  0.176469  0.003940  0.003383  0.000555  -0.632027  -1.064539  0.312814  2.000000  0.999805  0.007900  0.018125  -0.018207  0.010396  0.999780  0.007710  -0.999915  0.010538  0.999623  0.007461  0.026422  -0.007026  0.999839  -0.016503  -0.026541  0.016311  0.999515  1.000000  0.000091  0.000331  -0.000091  1.000000  -0.000205  -0.000331  0.000205  1.000000  0.999805  0.007900  0.018125  -0.018207  0.010396  0.999780  0.007710  -0.999915  0.010538  0.000321  0.031989  
158.751785 0.012061  0.095397  -0.019822  0.977528  0.198563  0.070794  -0.103828  0.161231  0.981440  0.183463  -0.966735  0.178224  0.003951  0.003006  0.000044  -0.675977  -1.112734  0.313089  2.000000  0.999769  0.008372  0.019777  -0.019872  0.011441  0.999737  0.008143  -0.999900  0.011604  0.999629  0.007341  0.026232  -0.006893  0.999829  -0.017139  -0.026354  0.016951  0.999509  1.000000  0.000089  0.000329  -0.000089  1.000000  -0.000213  -0.000329  0.000213  1.000000  0.999769  0.008372  0.019777  -0.019872  0.011441  0.999737  0.008143  -0.999900  0.011604  0.000335  0.032138  
158.753034 0.012063  0.095395  -0.019830  0.977377  0.198926  0.071846  -0.105236  0.162730  0.981043  0.183463  -0.966410  0.179983  0.003809  0.002593  -0.000610  -0.715923  -1.160830  0.313506  2.000000  0.999732  0.008824  0.021423  -0.021533  0.012533  0.999690  0.008553  -0.999883  0.012719  0.999625  0.006898  0.026513  -0.006421  0.999816  -0.018059  -0.026633  0.017882  0.999485  1.000000  0.000083  0.000332  -0.000083  1.000000  -0.000225  -0.000332  0.000225  1.000000  0.999732  0.008824  0.021423  -0.021533  0.012533  0.999690  0.008553  -0.999883  0.012719  0.000351  0.032769  
158.754284 0.012064  0.095392  -0.019839  0.977200  0.199431  0.072849  -0.106642  0.164332  0.980623  0.183595  -0.966034  0.181853  0.003578  0.002093  -0.001483  -0.755538  -1.192631  0.315046  2.000000  0.999691  0.009247  0.023069  -0.023194  0.013690  0.999637  0.008928  -0.999864  0.013901  0.999631  0.006518  0.026372  -0.006014  0.999798  -0.019173  -0.026492  0.019007  0.999468  1.000000  0.000078  0.000330  -0.000078  1.000000  -0.000239  -0.000330  0.000239  1.000000  0.999691  0.009247  0.023069  -0.023194  0.013690  0.999637  0.008928  -0.999864  0.013901  0.000366  0.033208  
158.755536 0.012064  0.095388  -0.019851  0.977023  0.199845  0.074076  -0.108251  0.165906  0.980182  0.183595  -0.965680  0.183728  0.003138  0.001345  -0.002586  -0.804855  -1.230327  0.310258  2.000000  0.999648  0.009646  0.024705  -0.024847  0.014907  0.999580  0.009274  -0.999842  0.015142  0.999637  0.006003  0.026259  -0.005478  0.999784  -0.020045  -0.026373  0.019894  0.999454  1.000000  0.000072  0.000329  -0.000072  1.000000  -0.000250  -0.000329  0.000250  1.000000  0.999648  0.009646  0.024705  -0.024847  0.014907  0.999580  0.009274  -0.999842  0.015142  0.000377  0.033536  
158.756781 0.012063  0.095384  -0.019865  0.976817  0.200487  0.075051  -0.109654  0.167491  0.979757  0.183858  -0.965273  0.185592  0.002729  0.000688  -0.003728  -0.847069  -1.228321  0.315419  2.000000  0.999612  0.009966  0.026017  -0.026174  0.015944  0.999530  0.009546  -0.999823  0.016198  0.999632  0.006094  0.026444  -0.005531  0.999757  -0.021339  -0.026568  0.021185  0.999423  1.000000  0.000073  0.000331  -0.000073  1.000000  -0.000266  -0.000331  0.000266  1.000000  0.999612  0.009966  0.026017  -0.026174  0.015944  0.999530  0.009546  -0.999823  0.016198  0.000385  0.034480  
158.757834 0.012063  0.095380  -0.019877  0.976680  0.200916  0.075694  -0.110656  0.168933  0.979396  0.183989  -0.964932  0.187226  0.002365  0.000001  -0.004942  -0.891177  -1.211709  0.323516  2.000000  0.999574  0.010291  0.027309  -0.027482  0.017029  0.999477  0.009820  -0.999802  0.017305  0.999642  0.006324  0.025986  -0.005746  0.999736  -0.022261  -0.026120  0.022104  0.999414  1.000000  0.000075  0.000326  -0.000075  1.000000  -0.000277  -0.000326  0.000277  1.000000  0.999574  0.010291  0.027309  -0.027482  0.017029  0.999477  0.009820  -0.999802  0.017305  0.000390  0.034752  
158.759068 0.012063  0.095375  -0.019893  0.976493  0.201539  0.076438  -0.111857  0.170675  0.978958  0.184252  -0.964496  0.189206  0.002035  -0.000616  -0.006133  -0.942477  -1.203874  0.337661  2.000000  0.999554  0.010460  0.027954  -0.028135  0.017599  0.999449  0.009962  -0.999790  0.017886  0.999637  0.006537  0.026149  -0.005921  0.999705  -0.023558  -0.026295  0.023395  0.999380  1.000000  0.000078  0.000328  -0.000078  1.000000  -0.000294  -0.000328  0.000294  1.000000  0.999554  0.010460  0.027954  -0.028135  0.017599  0.999449  0.009962  -0.999790  0.017886  0.000393  0.035750  
158.760281 0.012063  0.095372  -0.019909  0.976353  0.202012  0.076980  -0.112859  0.172589  0.978507  0.184384  -0.964056  0.191307  0.001740  -0.001080  -0.007143  -0.989013  -1.203982  0.338824  2.000000  0.999514  0.010824  0.029246  -0.029446  0.018824  0.999389  0.010267  -0.999764  0.019134  0.999641  0.006959  0.025856  -0.006308  0.999663  -0.025175  -0.026022  0.025003  0.999349  1.000000  0.000083  0.000324  -0.000083  1.000000  -0.000314  -0.000324  0.000314  1.000000  0.999514  0.010824  0.029246  -0.029446  0.018824  0.999389  0.010267  -0.999764  0.019134  0.000401  0.036700  
158.761532 0.012064  0.095369  -0.019925  0.976188  0.202532  0.077697  -0.114062  0.174579  0.978014  0.184515  -0.963589  0.193523  0.001394  -0.001463  -0.008085  -1.034578  -1.200914  0.335396  2.000000  0.999462  0.011281  0.030809  -0.031034  0.020421  0.999310  0.010644  -0.999728  0.020760  0.999673  0.006786  0.024648  -0.006139  0.999637  -0.026241  -0.024817  0.026081  0.999352  1.000000  0.000081  0.000309  -0.000081  1.000000  -0.000327  -0.000309  0.000327  1.000000  0.999462  0.011281  0.030809  -0.031034  0.020421  0.999310  0.010644  -0.999728  0.020760  0.000410  0.036585  
158.762782 0.012065  0.095367  -0.019940  0.976047  0.202939  0.078413  -0.115268  0.176701  0.977492  0.184515  -0.963116  0.195860  0.001094  -0.001805  -0.008980  -1.088148  -1.197854  0.314251  2.000000  0.999409  0.011732  0.032307  -0.032561  0.022089  0.999226  0.011009  -0.999687  0.022458  0.999689  0.006597  0.024062  -0.005936  0.999606  -0.027439  -0.024233  0.027288  0.999334  1.000000  0.000078  0.000302  -0.000078  1.000000  -0.000342  -0.000302  0.000342  1.000000  0.999409  0.011732  0.032307  -0.032561  0.022089  0.999226  0.011009  -0.999687  0.022458  0.000417  0.037037  
158.763784 0.012064  0.095365  -0.019952  0.975879  0.203439  0.079199  -0.116471  0.178331  0.977053  0.184647  -0.962710  0.197724  0.000897  -0.002006  -0.009515  -1.135946  -1.196288  0.302782  2.000000  0.999388  0.011911  0.032902  -0.033167  0.022781  0.999190  0.011152  -0.999670  0.023162  0.999684  0.006671  0.024250  -0.005985  0.999583  -0.028252  -0.024429  0.028098  0.999307  1.000000  0.000079  0.000304  -0.000079  1.000000  -0.000352  -0.000304  0.000352  1.000000  0.999388  0.011911  0.032902  -0.033167  0.022781  0.999190  0.011152  -0.999670  0.023162  0.000418  0.037775  
158.764790 0.012064  0.095363  -0.019964  0.975734  0.203905  0.079783  -0.117472  0.180002  0.976627  0.184778  -0.962300  0.199587  0.000605  -0.002315  -0.010167  -1.178601  -1.182872  0.297361  2.000000  0.999343  0.012282  0.034103  -0.034393  0.024228  0.999115  0.011445  -0.999631  0.024634  0.999684  0.006730  0.024234  -0.006012  0.999544  -0.029582  -0.024422  0.029427  0.999269  1.000000  0.000080  0.000304  -0.000080  1.000000  -0.000369  -0.000304  0.000369  1.000000  0.999343  0.012282  0.034103  -0.034393  0.024228  0.999115  0.011445  -0.999631  0.024634  0.000428  0.038778  
158.766030 0.012063  0.095359  -0.019980  0.975539  0.204598  0.080391  -0.118671  0.182324  0.976051  0.185041  -0.961716  0.202144  0.000272  -0.002593  -0.010741  -1.235064  -1.165592  0.300154  2.000000  0.999285  0.012756  0.035581  -0.035905  0.026098  0.999014  0.011815  -0.999578  0.026537  0.999698  0.006934  0.023566  -0.006213  0.999514  -0.030542  -0.023766  0.030386  0.999256  1.000000  0.000082  0.000296  -0.000082  1.000000  -0.000381  -0.000296  0.000381  1.000000  0.999285  0.012756  0.035581  -0.035905  0.026098  0.999014  0.011815  -0.999578  0.026537  0.000436  0.039142  
158.767030 0.012062  0.095357  -0.019992  0.975367  0.205209  0.080919  -0.119669  0.184094  0.975597  0.185304  -0.961249  0.204117  0.000031  -0.002704  -0.011195  -1.277769  -1.150126  0.308083  2.000000  0.999239  0.013144  0.036728  -0.037080  0.027633  0.998930  0.012115  -0.999532  0.028100  0.999708  0.007032  0.023127  -0.006302  0.999485  -0.031461  -0.023336  0.031306  0.999237  1.000000  0.000083  0.000290  -0.000083  1.000000  -0.000392  -0.000290  0.000392  1.000000  0.999239  0.013144  0.036728  -0.037080  0.027633  0.998930  0.012115  -0.999532  0.028100  0.000441  0.039622  
158.768034 0.012061  0.095354  -0.020003  0.975219  0.205774  0.081269  -0.120467  0.185786  0.975178  0.185567  -0.960802  0.205971  -0.000118  -0.002730  -0.011580  -1.317916  -1.127339  0.319055  2.000000  0.999192  0.013543  0.037845  -0.038228  0.029210  0.998842  0.012422  -0.999482  0.029704  0.999722  0.007214  0.022463  -0.006489  0.999461  -0.032177  -0.022683  0.032023  0.999230  1.000000  0.000086  0.000282  -0.000086  1.000000  -0.000401  -0.000282  0.000401  1.000000  0.999192  0.013543  0.037845  -0.038228  0.029210  0.998842  0.012422  -0.999482  0.029704  0.000446  0.039847  
158.769035 0.012060  0.095351  -0.020016  0.975045  0.206389  0.081792  -0.121464  0.187553  0.974716  0.185830  -0.960327  0.207942  -0.000281  -0.002764  -0.011987  -1.369183  -1.097492  0.321767  2.000000  0.999144  0.013958  0.038934  -0.039349  0.030816  0.998750  0.012741  -0.999428  0.031339  0.999735  0.007393  0.021798  -0.006682  0.999449  -0.032527  -0.022027  0.032373  0.999233  1.000000  0.000088  0.000274  -0.000088  1.000000  -0.000406  -0.000274  0.000406  1.000000  0.999144  0.013958  0.038934  -0.039349  0.030816  0.998750  0.012741  -0.999428  0.031339  0.000450  0.039794  
158.770284 0.012060  0.095348  -0.020031  0.974821  0.207204  0.082411  -0.122659  0.189614  0.974167  0.186225  -0.959747  0.210255  -0.000275  -0.002672  -0.012227  -1.405172  -1.071999  0.331700  2.000000  0.999084  0.014491  0.040252  -0.040711  0.032864  0.998630  0.013148  -0.999355  0.033424  0.999743  0.007756  0.021298  -0.007041  0.999416  -0.033450  -0.021545  0.033291  0.999213  1.000000  0.000093  0.000268  -0.000092  1.000000  -0.000417  -0.000268  0.000417  1.000000  0.999084  0.014491  0.040252  -0.040711  0.032864  0.998630  0.013148  -0.999355  0.033424  0.000455  0.040350  
158.771532 0.012060  0.095345  -0.020047  0.974593  0.207964  0.083179  -0.124058  0.191999  0.973522  0.186488  -0.959108  0.212921  -0.000226  -0.002600  -0.012384  -1.448544  -1.068130  0.336659  2.000000  0.999035  0.014939  0.041308  -0.041804  0.034555  0.998528  0.013490  -0.999291  0.035146  0.999734  0.008029  0.021643  -0.007275  0.999371  -0.034706  -0.021908  0.034540  0.999163  1.000000  0.000096  0.000272  -0.000096  1.000000  -0.000433  -0.000272  0.000433  1.000000  0.999035  0.014939  0.041308  -0.041804  0.034555  0.998528  0.013490  -0.999291  0.035146  0.000462  0.041623  
158.772605 0.012061  0.095343  -0.020060  0.974415  0.208512  0.083898  -0.125258  0.193851  0.973002  0.186619  -0.958616  0.215009  -0.000133  -0.002487  -0.012354  -1.483959  -1.060522  0.337975  2.000000  0.998983  0.015399  0.042366  -0.042902  0.036286  0.998420  0.013837  -0.999223  0.036910  0.999733  0.008207  0.021597  -0.007441  0.999349  -0.035313  -0.021872  0.035142  0.999143  1.000000  0.000098  0.000272  -0.000098  1.000000  -0.000440  -0.000272  0.000440  1.000000  0.998983  0.015399  0.042366  -0.042902  0.036286  0.998420  0.013837  -0.999223  0.036910  0.000469  0.042138  
158.773780 0.012063  0.095341  -0.020074  0.974157  0.209323  0.084860  -0.126856  0.196187  0.972326  0.186882  -0.957964  0.217671  0.000011  -0.002326  -0.012304  -1.532154  -1.060516  0.349844  2.000000  0.998930  0.015874  0.043435  -0.044013  0.038070  0.998305  0.014194  -0.999149  0.038728  0.999723  0.008485  0.021938  -0.007679  0.999302  -0.036569  -0.022233  0.036390  0.999090  1.000000  0.000101  0.000276  -0.000101  1.000000  -0.000456  -0.000276  0.000456  1.000000  0.998930  0.015874  0.043435  -0.044013  0.038070  0.998305  0.014194  -0.999149  0.038728  0.000478  0.043417  
158.774782 0.012066  0.095340  -0.020085  0.973950  0.209996  0.085570  -0.128053  0.197899  0.971822  0.187145  -0.957464  0.219635  0.000144  -0.002210  -0.012184  -1.561919  -1.052461  0.354674  2.000000  0.998875  0.016366  0.044510  -0.045133  0.039896  0.998184  0.014560  -0.999070  0.040589  0.999718  0.008708  0.022087  -0.007881  0.999275  -0.037259  -0.022396  0.037075  0.999061  1.000000  0.000104  0.000278  -0.000104  1.000000  -0.000465  -0.000278  0.000465  1.000000  0.998875  0.016366  0.044510  -0.045133  0.039896  0.998184  0.014560  -0.999070  0.040589  0.000484  0.044115  
158.775843 0.012070  0.095341  -0.020095  0.973715  0.210735  0.086427  -0.129450  0.199802  0.971248  0.187408  -0.956906  0.221830  0.000395  -0.001913  -0.011921  -1.591878  -1.048343  0.364823  2.000000  0.998818  0.016876  0.045587  -0.046258  0.041748  0.998057  0.014940  -0.998986  0.042479  0.999717  0.009016  0.022008  -0.008179  0.999249  -0.037865  -0.022333  0.037675  0.999040  1.000000  0.000108  0.000277  -0.000107  1.000000  -0.000472  -0.000277  0.000472  1.000000  0.998818  0.016876  0.045587  -0.046258  0.041748  0.998057  0.014940  -0.998986  0.042479  0.000489  0.044647  
158.777026 0.012076  0.095343  -0.020107  0.973453  0.211647  0.087148  -0.130843  0.202155  0.970574  0.187802  -0.956211  0.224481  0.000771  -0.001670  -0.011739  -1.632598  -1.040982  0.375303  2.000000  0.998758  0.017408  0.046677  -0.047398  0.043656  0.997922  0.015334  -0.998895  0.044427  0.999707  0.009429  0.022316  -0.008551  0.999198  -0.039121  -0.022667  0.038919  0.998985  1.000000  0.000112  0.000281  -0.000112  1.000000  -0.000488  -0.000281  0.000488  1.000000  0.998758  0.017408  0.046677  -0.047398  0.043656  0.997922  0.015334  -0.998895  0.044427  0.000500  0.045943  
158.778030 0.012081  0.095344  -0.020116  0.973216  0.212480  0.087768  -0.132035  0.204078  0.970010  0.188196  -0.955617  0.226667  0.001123  -0.001561  -0.011704  -1.661671  -1.035348  0.388263  2.000000  0.998697  0.017965  0.047762  -0.048538  0.045607  0.997780  0.015746  -0.998798  0.046419  0.999705  0.009870  0.022202  -0.008980  0.999165  -0.039848  -0.022576  0.039637  0.998959  1.000000  0.000118  0.000280  -0.000118  1.000000  -0.000497  -0.000280  0.000497  1.000000  0.998697  0.017965  0.047762  -0.048538  0.045607  0.997780  0.015746  -0.998798  0.046419  0.000504  0.046596  
158.779034 0.012086  0.095344  -0.020125  0.972950  0.213369  0.088559  -0.133427  0.206072  0.969398  0.188590  -0.954991  0.228967  0.001455  -0.001367  -0.011260  -1.695495  -1.040216  0.406867  2.000000  0.998650  0.018396  0.048569  -0.049389  0.047094  0.997669  0.016066  -0.998721  0.047939  0.999704  0.010184  0.022115  -0.009278  0.999129  -0.040693  -0.022510  0.040476  0.998927  1.000000  0.000122  0.000279  -0.000122  1.000000  -0.000508  -0.000279  0.000507  1.000000  0.998650  0.018396  0.048569  -0.049389  0.047094  0.997669  0.016066  -0.998721  0.047939  0.000511  0.047342  
158.780206 0.012091  0.095344  -0.020134  0.972681  0.214263  0.089345  -0.134819  0.208062  0.968780  0.188984  -0.954359  0.231265  0.001819  -0.001161  -0.010948  -1.715053  -1.044611  0.418013  2.000000  0.998586  0.018993  0.049661  -0.050542  0.049118  0.997513  0.016506  -0.998612  0.050008  0.999693  0.010461  0.022451  -0.009523  0.999095  -0.041461  -0.022865  0.041234  0.998888  1.000000  0.000125  0.000283  -0.000125  1.000000  -0.000517  -0.000283  0.000517  1.000000  0.998586  0.018993  0.049661  -0.050542  0.049118  0.997513  0.016506  -0.998612  0.050008  0.000519  0.048215  
158.781286 0.012097  0.095344  -0.020145  0.972355  0.215314  0.090369  -0.136610  0.210665  0.967966  0.189379  -0.953551  0.234256  0.002315  -0.001011  -0.010802  -1.766941  -1.060969  0.434682  2.000000  0.998519  0.019605  0.050752  -0.051698  0.051155  0.997352  0.016957  -0.998498  0.052093  0.999693  0.010661  0.022385  -0.009732  0.999103  -0.041213  -0.022804  0.040982  0.998900  1.000000  0.000128  0.000283  -0.000127  1.000000  -0.000514  -0.000283  0.000514  1.000000  0.998519  0.019605  0.050752  -0.051698  0.051155  0.997352  0.016957  -0.998498  0.052093  0.000531  0.048013  
158.782530 0.012103  0.095343  -0.020156  0.971996  0.216405  0.091613  -0.138601  0.213101  0.967149  0.189773  -0.952763  0.237128  0.002771  -0.000857  -0.010529  -1.799945  -1.074960  0.452339  2.000000  0.998431  0.020395  0.052142  -0.053172  0.053706  0.997140  0.017536  -0.998348  0.054707  0.999671  0.011179  0.023073  -0.010205  0.999069  -0.041906  -0.023520  0.041657  0.998855  1.000000  0.000134  0.000291  -0.000134  1.000000  -0.000522  -0.000291  0.000522  1.000000  0.998431  0.020395  0.052142  -0.053172  0.053706  0.997140  0.017536  -0.998348  0.054707  0.000542  0.049037  
158.783530 0.012108  0.095342  -0.020163  0.971662  0.217415  0.092757  -0.140391  0.215108  0.966447  0.190167  -0.952082  0.239535  0.003125  -0.000702  -0.010238  -1.828025  -1.090774  0.471902  2.000000  0.998357  0.021056  0.053289  -0.054391  0.055770  0.996961  0.018020  -0.998222  0.056823  0.999644  0.011736  0.023963  -0.010717  0.999051  -0.042205  -0.024436  0.041934  0.998822  1.000000  0.000140  0.000303  -0.000140  1.000000  -0.000526  -0.000303  0.000526  1.000000  0.998357  0.021056  0.053289  -0.054391  0.055770  0.996961  0.018020  -0.998222  0.056823  0.000549  0.049835  
158.784534 0.012113  0.095343  -0.020168  0.971354  0.218386  0.093698  -0.141980  0.217155  0.965756  0.190561  -0.951394  0.241941  0.003628  -0.000421  -0.009686  -1.862111  -1.101360  0.485848  2.000000  0.998279  0.021749  0.054466  -0.055644  0.057853  0.996773  0.018528  -0.998088  0.058964  0.999626  0.012332  0.024423  -0.011281  0.999024  -0.042700  -0.024926  0.042408  0.998789  1.000000  0.000148  0.000309  -0.000148  1.000000  -0.000532  -0.000309  0.000532  1.000000  0.998279  0.021749  0.054466  -0.055644  0.057853  0.996773  0.018528  -0.998088  0.058964  0.000558  0.050609  
158.785785 0.012120  0.095344  -0.020173  0.970929  0.219670  0.095091  -0.144164  0.219512  0.964900  0.191086  -0.950557  0.244799  0.004083  -0.000129  -0.008984  -1.898374  -1.119051  0.508792  2.000000  0.998177  0.022649  0.055940  -0.057219  0.060438  0.996531  0.019190  -0.997915  0.061624  0.999618  0.012847  0.024480  -0.011800  0.999030  -0.042416  -0.025001  0.042111  0.998800  1.000000  0.000154  0.000309  -0.000154  1.000000  -0.000529  -0.000309  0.000529  1.000000  0.998177  0.022649  0.055940  -0.057219  0.060438  0.996531  0.019190  -0.997915  0.061624  0.000569  0.050521  
158.787035 0.012128  0.095347  -0.020177  0.970503  0.221055  0.096218  -0.146144  0.222006  0.964031  0.191743  -0.949657  0.247763  0.004554  0.000277  -0.008168  -1.929142  -1.140039  0.535183  2.000000  0.998091  0.023409  0.057158  -0.058524  0.062536  0.996325  0.019749  -0.997768  0.063787  0.999587  0.013561  0.025317  -0.012459  0.998989  -0.043193  -0.025877  0.042860  0.998746  1.000000  0.000163  0.000320  -0.000163  1.000000  -0.000538  -0.000320  0.000538  1.000000  0.998091  0.023409  0.057158  -0.058524  0.062536  0.996325  0.019749  -0.997768  0.063787  0.000582  0.051751  
158.788285 0.012135  0.095351  -0.020181  0.970099  0.222334  0.097344  -0.148126  0.224629  0.963120  0.192268  -0.948741  0.250846  0.004891  0.000655  -0.007362  -1.971189  -1.159732  0.553130  2.000000  0.997976  0.024401  0.058721  -0.060202  0.065187  0.996055  0.020476  -0.997575  0.066524  0.999563  0.014104  0.025986  -0.012958  0.998958  -0.043764  -0.026577  0.043408  0.998704  1.000000  0.000169  0.000329  -0.000169  1.000000  -0.000545  -0.000329  0.000545  1.000000  0.997976  0.024401  0.058721  -0.060202  0.065187  0.996055  0.020476  -0.997575  0.066524  0.000595  0.052689  
158.789529 0.012142  0.095355  -0.020184  0.969634  0.223794  0.098627  -0.150303  0.227180  0.962184  0.192925  -0.947790  0.253918  0.005133  0.000970  -0.006742  -1.992902  -1.187699  0.578047  2.000000  0.997855  0.025430  0.060326  -0.061929  0.067867  0.995770  0.021228  -0.997370  0.069297  0.999531  0.014699  0.026849  -0.013500  0.998927  -0.044294  -0.027471  0.043911  0.998658  1.000000  0.000176  0.000340  -0.000176  1.000000  -0.000552  -0.000340  0.000552  1.000000  0.997855  0.025430  0.060326  -0.061929  0.067867  0.995770  0.021228  -0.997370  0.069297  0.000603  0.053706  
158.790537 0.012148  0.095359  -0.020187  0.969277  0.224857  0.099709  -0.152087  0.229273  0.961407  0.193318  -0.947034  0.256426  0.005329  0.001194  -0.006268  -2.020482  -1.214342  0.594502  2.000000  0.997752  0.026280  0.061647  -0.063354  0.070037  0.995531  0.021845  -0.997198  0.071544  0.999506  0.015106  0.027555  -0.013863  0.998902  -0.044744  -0.028201  0.044340  0.998618  1.000000  0.000181  0.000349  -0.000181  1.000000  -0.000557  -0.000349  0.000557  1.000000  0.997752  0.026280  0.061647  -0.063354  0.070037  0.995531  0.021845  -0.997198  0.071544  0.000611  0.054534  
158.791664 0.012153  0.095362  -0.020192  0.968891  0.226051  0.100752  -0.153866  0.231340  0.960628  0.193844  -0.946246  0.258925  0.005313  0.001304  -0.005902  -2.029442  -1.236581  0.620001  2.000000  0.997644  0.027156  0.063008  -0.064824  0.072226  0.995279  0.022477  -0.997019  0.073816  0.999474  0.015571  0.028452  -0.014269  0.998867  -0.045395  -0.029127  0.044965  0.998564  1.000000  0.000187  0.000360  -0.000186  1.000000  -0.000565  -0.000360  0.000565  1.000000  0.997644  0.027156  0.063008  -0.064824  0.072226  0.995279  0.022477  -0.997019  0.073816  0.000622  0.055640  
158.792843 0.012160  0.095366  -0.020197  0.968438  0.227422  0.102018  -0.156043  0.234008  0.959631  0.194369  -0.945261  0.262110  0.005334  0.001524  -0.005504  -2.083958  -1.276169  0.659511  2.000000  0.997529  0.028065  0.064405  -0.066337  0.074439  0.995017  0.023131  -0.996831  0.076117  0.999446  0.016132  0.029109  -0.014787  0.998839  -0.045843  -0.029815  0.045388  0.998524  1.000000  0.000193  0.000368  -0.000193  1.000000  -0.000571  -0.000369  0.000570  1.000000  0.997529  0.028065  0.064405  -0.066337  0.074439  0.995017  0.023131  -0.996831  0.076117  0.000631  0.056491  
158.794031 0.012166  0.095369  -0.020203  0.967979  0.228816  0.103248  -0.158219  0.236784  0.958593  0.194893  -0.944233  0.265405  0.005300  0.001651  -0.005231  -2.093011  -1.286501  0.670888  2.000000  0.997408  0.029017  0.065839  -0.067894  0.076691  0.994741  0.023815  -0.996633  0.078463  0.999409  0.017015  0.029882  -0.015600  0.998774  -0.046985  -0.030645  0.046491  0.998449  1.000000  0.000204  0.000378  -0.000204  1.000000  -0.000585  -0.000379  0.000585  1.000000  0.997408  0.029017  0.065839  -0.067894  0.076691  0.994741  0.023815  -0.996633  0.078463  0.000642  0.058052  
158.795119 0.012170  0.095372  -0.020207  0.967581  0.230044  0.104243  -0.159996  0.238950  0.957760  0.195418  -0.943389  0.268010  0.005351  0.001846  -0.004873  -2.109732  -1.309142  0.696421  2.000000  0.997314  0.029755  0.066935  -0.069087  0.078403  0.994525  0.024344  -0.996478  0.080248  0.999386  0.017517  0.030345  -0.016064  0.998743  -0.047475  -0.031139  0.046958  0.998411  1.000000  0.000210  0.000384  -0.000210  1.000000  -0.000591  -0.000385  0.000591  1.000000  0.997314  0.029755  0.066935  -0.069087  0.078403  0.994525  0.024344  -0.996478  0.080248  0.000651  0.058825  
158.796281 0.012176  0.095375  -0.020211  0.967113  0.231468  0.105428  -0.162169  0.241828  0.956672  0.195943  -0.942307  0.271412  0.005248  0.002076  -0.004387  -2.141048  -1.336200  0.714303  2.000000  0.997181  0.030774  0.068429  -0.070718  0.080731  0.994224  0.025072  -0.996261  0.082679  0.999349  0.018156  0.031179  -0.016623  0.998673  -0.048734  -0.032023  0.048184  0.998325  1.000000  0.000218  0.000395  -0.000217  1.000000  -0.000606  -0.000395  0.000606  1.000000  0.997181  0.030774  0.068429  -0.070718  0.080731  0.994224  0.025072  -0.996261  0.082679  0.000661  0.060446  
158.797285 0.012180  0.095377  -0.020214  0.966733  0.232586  0.106445  -0.163947  0.244003  0.955816  0.196337  -0.941470  0.274018  0.005219  0.002304  -0.003923  -2.161787  -1.364631  0.728565  2.000000  0.997044  0.031820  0.069936  -0.072369  0.083094  0.993911  0.025815  -0.996034  0.085151  0.999334  0.018481  0.031479  -0.016916  0.998643  -0.049256  -0.032346  0.048691  0.998290  1.000000  0.000221  0.000399  -0.000221  1.000000  -0.000613  -0.000399  0.000613  1.000000  0.997044  0.031820  0.069936  -0.072369  0.083094  0.993911  0.025815  -0.996034  0.085151  0.000670  0.061112  
158.798538 0.012185  0.095378  -0.020217  0.966256  0.234028  0.107614  -0.166118  0.246866  0.954705  0.196862  -0.940366  0.277412  0.005144  0.002436  -0.003610  -2.195609  -1.394345  0.745556  2.000000  0.996865  0.033157  0.071837  -0.074457  0.086057  0.993504  0.026760  -0.995738  0.088256  0.999318  0.018834  0.031759  -0.017250  0.998630  -0.049410  -0.032646  0.048829  0.998273  1.000000  0.000226  0.000403  -0.000226  1.000000  -0.000614  -0.000403  0.000614  1.000000  0.996865  0.033157  0.071837  -0.074457  0.086057  0.993504  0.026760  -0.995738  0.088256  0.000681  0.061482  
