1-Time 2-Px 3-Py 4-Pz 5-R11 6-R21 7-R31 8-R12 9-R22 10-R32 11-R13 12-R23 13-R33 14-Vx 15-Vy 16-Vz 17-Wx 18-Wy 19-Wz 20-state 21-PR11 22-PR21 23-PR31 24-PR12 25-PR22 26-PR32 27-PR13 28-PR23 29-PR33 
97.243843 0.002891  0.091818  -0.002939  0.996859  0.079199  -0.000035  -0.079177  0.996569  -0.024087  -0.001873  0.024014  0.999710  0.000064  0.000131  0.000072  0.000000  0.000000  0.000000  2.000000  1.000000  0.000000  0.000000  -0.000000  1.000000  0.000000  0.000000  -0.000000  1.000000  1.000000  -0.000617  0.000015  0.000617  1.000000  0.000001  -0.000015  -0.000001  1.000000  1.000000  0.000000  0.000000  0.000000  1.000000  0.000000  0.000000  0.000000  1.000000  0.651374  0.645193  -0.399296  -0.721760  0.689197  -0.063789  0.234037  0.329747  0.914600  0.000000  0.000000  
97.244844 0.002891  0.091818  -0.002939  0.996859  0.079199  -0.000035  -0.079177  0.996569  -0.024087  -0.001873  0.024014  0.999710  0.000057  0.000110  0.000114  0.000000  0.000000  0.000000  2.000000  1.000000  0.000000  0.000000  0.000000  1.000000  0.000000  0.000000  0.000000  1.000000  1.000000  -0.000617  0.000015  0.000617  1.000000  0.000001  -0.000015  -0.000001  1.000000  1.000000  0.000000  0.000000  0.000000  1.000000  0.000000  0.000000  0.000000  1.000000  1.000000  0.000000  0.000000  0.000000  1.000000  0.000000  0.000000  0.000000  1.000000  0.000000  0.000000  
97.245846 0.002891  0.091817  -0.002940  0.996843  0.079401  -0.000173  -0.079383  0.996553  -0.024077  -0.001739  0.024014  0.999710  0.000031  0.000027  0.000020  0.000000  0.000000  0.000000  2.000000  1.000000  0.000000  0.000000  0.000000  1.000000  0.000000  0.000000  0.000000  1.000000  1.000000  -0.000415  -0.000124  0.000415  1.000000  0.000001  0.000124  -0.000001  1.000000  1.000000  0.000000  0.000000  0.000000  1.000000  0.000000  0.000000  0.000000  1.000000  1.000000  0.000000  0.000000  0.000000  1.000000  0.000000  0.000000  0.000000  1.000000  0.000000  0.000000  
97.246850 0.002890  0.091815  -0.002941  0.996810  0.079815  -0.000050  -0.079793  0.996520  -0.024087  -0.001873  0.024014  0.999710  0.000019  -0.000104  -0.000054  0.000000  0.000000  0.000000  2.000000  1.000000  0.000000  0.000000  0.000000  1.000000  0.000000  0.000000  0.000000  1.000000  1.000000  0.000000  -0.000000  -0.000000  1.000000  0.000000  -0.000000  0.000000  1.000000  1.000000  0.000000  0.000000  0.000000  1.000000  0.000000  0.000000  0.000000  1.000000  1.000000  0.000000  0.000000  0.000000  1.000000  0.000000  0.000000  0.000000  1.000000  0.000000  0.000000  
97.248101 0.002890  0.091813  -0.002943  0.996777  0.080225  -0.000069  -0.080203  0.996485  -0.024208  -0.001873  0.024136  0.999707  0.000020  -0.000238  -0.000162  0.000000  0.000000  0.000000  2.000000  1.000000  0.000000  0.000000  0.000000  1.000000  0.000000  0.000000  0.000000  1.000000  1.000000  0.000412  -0.000010  -0.000412  1.000000  -0.000122  0.000010  0.000122  1.000000  1.000000  0.000000  0.000000  0.000000  1.000000  0.000000  0.000000  0.000000  1.000000  1.000000  0.000000  0.000000  0.000000  1.000000  0.000000  0.000000  0.000000  1.000000  0.000000  0.000000  
97.249346 0.002891  0.091811  -0.002945  0.996760  0.080434  0.000059  -0.080409  0.996468  -0.024219  -0.002007  0.024136  0.999707  0.000035  -0.000377  -0.000302  0.000000  0.000000  0.000000  2.000000  1.000000  0.000000  0.000000  0.000000  1.000000  0.000000  0.000000  0.000000  1.000000  1.000000  0.000826  0.000114  -0.000826  1.000000  -0.000123  -0.000114  0.000123  1.000000  1.000000  0.000000  0.000000  0.000000  1.000000  0.000000  0.000000  0.000000  1.000000  1.000000  0.000000  0.000000  0.000000  1.000000  0.000000  0.000000  0.000000  1.000000  0.000000  0.000000  
97.250350 0.002891  0.091809  -0.002946  0.996744  0.080635  -0.000089  -0.080614  0.996448  -0.024329  -0.001873  0.024257  0.999704  0.000037  -0.000511  -0.000409  0.000000  0.000000  0.000000  2.000000  1.000000  0.000000  0.000000  0.000000  1.000000  0.000000  0.000000  0.000000  1.000000  0.999999  0.001029  -0.000025  -0.001029  0.999999  -0.000245  0.000025  0.000245  1.000000  1.000000  0.000000  0.000000  0.000000  1.000000  0.000000  0.000000  0.000000  1.000000  1.000000  0.000000  0.000000  0.000000  1.000000  0.000000  0.000000  0.000000  1.000000  0.000000  0.000000  
97.251600 0.002891  0.091807  -0.002948  0.996694  0.081248  -0.000237  -0.081229  0.996399  -0.024318  -0.001739  0.024257  0.999704  0.000052  -0.000650  -0.000549  0.000000  0.000000  0.000000  2.000000  1.000000  0.000000  0.000000  0.000000  1.000000  0.000000  0.000000  0.000000  1.000000  0.999999  0.001437  -0.000169  -0.001437  0.999999  -0.000245  0.000168  0.000245  1.000000  1.000000  0.000000  0.000000  0.000000  1.000000  0.000000  0.000000  0.000000  1.000000  1.000000  0.000000  0.000000  0.000000  1.000000  0.000000  0.000000  0.000000  1.000000  0.000000  0.000000  
97.252849 0.002892  0.091805  -0.002950  0.996661  0.081655  -0.000390  -0.081640  0.996362  -0.024428  -0.001606  0.024378  0.999702  0.000124  -0.000769  -0.000735  0.000000  0.000000  0.000000  2.000000  1.000000  0.000000  0.000000  0.000000  1.000000  0.000000  0.000000  0.000000  1.000000  0.999998  0.002052  -0.000318  -0.002052  0.999998  -0.000367  0.000317  0.000368  1.000000  1.000000  0.000000  0.000000  0.000000  1.000000  0.000000  0.000000  0.000000  1.000000  1.000000  0.000000  0.000000  0.000000  1.000000  0.000000  0.000000  0.000000  1.000000  0.000000  0.000000  
97.253850 0.002893  0.091803  -0.002953  0.996610  0.082267  -0.000539  -0.082255  0.996312  -0.024417  -0.001472  0.024378  0.999702  0.000136  -0.000941  -0.000961  0.000000  0.000000  0.000000  2.000000  1.000000  0.000000  0.000000  0.000000  1.000000  0.000000  0.000000  0.000000  1.000000  0.999997  0.002460  -0.000462  -0.002460  0.999997  -0.000367  0.000461  0.000369  1.000000  1.000000  0.000000  0.000000  0.000000  1.000000  0.000000  0.000000  0.000000  1.000000  1.000000  0.000000  0.000000  0.000000  1.000000  0.000000  0.000000  0.000000  1.000000  0.000000  0.000000  
97.255096 0.002894  0.091801  -0.002957  0.996559  0.082882  -0.000554  -0.082871  0.996261  -0.024416  -0.001472  0.024378  0.999702  0.000205  -0.001095  -0.001233  0.000000  0.000000  0.000000  2.000000  1.000000  0.000000  0.000000  0.000000  1.000000  0.000000  0.000000  0.000000  1.000000  0.999994  0.003283  -0.000482  -0.003283  0.999995  -0.000369  0.000480  0.000370  1.000000  1.000000  0.000000  0.000000  0.000000  1.000000  0.000000  0.000000  0.000000  1.000000  1.000000  0.000000  0.000000  0.000000  1.000000  0.000000  0.000000  0.000000  1.000000  0.000000  0.000000  
97.256345 0.002895  0.091798  -0.002962  0.996508  0.083497  -0.000579  -0.083486  0.996207  -0.024537  -0.001472  0.024500  0.999699  0.000264  -0.001302  -0.001548  0.000000  0.000000  0.000000  2.000000  1.000000  0.000000  0.000000  0.000000  1.000000  0.000000  0.000000  0.000000  1.000000  0.999992  0.003901  -0.000497  -0.003901  0.999992  -0.000491  0.000495  0.000493  1.000000  1.000000  0.000000  0.000000  0.000000  1.000000  0.000000  0.000000  0.000000  1.000000  1.000000  0.000000  0.000000  0.000000  1.000000  0.000000  0.000000  0.000000  1.000000  0.000000  0.000000  
97.257348 0.002896  0.091797  -0.002965  0.996456  0.084112  -0.000605  -0.084102  0.996152  -0.024657  -0.001472  0.024621  0.999696  0.000329  -0.001398  -0.001744  0.000000  0.000000  0.000000  2.000000  1.000000  0.000000  0.000000  0.000000  1.000000  0.000000  0.000000  0.000000  1.000000  0.999990  0.004518  -0.000512  -0.004518  0.999990  -0.000492  0.000510  0.000494  1.000000  1.000000  0.000000  0.000000  0.000000  1.000000  0.000000  0.000000  0.000000  1.000000  1.000000  0.000000  0.000000  0.000000  1.000000  0.000000  0.000000  0.000000  1.000000  0.000000  0.000000  
97.258596 0.002896  0.091794  -0.002969  0.996404  0.084728  -0.000630  -0.084717  0.996097  -0.024778  -0.001472  0.024742  0.999693  0.000337  -0.001606  -0.002057  0.000000  0.000000  0.000000  2.000000  1.000000  0.000076  0.000105  -0.000076  1.000000  -0.000015  -0.000105  0.000015  1.000000  0.999987  0.005135  -0.000528  -0.005136  0.999987  -0.000614  0.000525  0.000616  1.000000  1.000000  0.000038  0.000052  -0.000038  1.000000  -0.000008  -0.000052  0.000008  1.000000  1.000000  0.000076  0.000105  -0.000076  1.000000  -0.000015  -0.000105  0.000015  1.000000  0.000000  0.005199  
97.259852 0.002896  0.091790  -0.002975  0.996351  0.085343  -0.000656  -0.085333  0.996041  -0.024898  -0.001472  0.024863  0.999690  0.000326  -0.001923  -0.002457  -0.028855  0.018218  0.193312  2.000000  1.000000  0.000240  0.000336  -0.000240  1.000000  -0.000054  -0.000336  0.000054  1.000000  0.999982  0.005958  -0.000550  -0.005959  0.999982  -0.000857  0.000545  0.000861  0.999999  1.000000  0.000043  0.000061  -0.000043  1.000000  -0.000011  -0.000061  0.000011  1.000000  1.000000  0.000240  0.000336  -0.000240  1.000000  -0.000054  -0.000336  0.000054  1.000000  0.000049  0.006045  
97.261096 0.002896  0.091785  -0.002981  0.996281  0.086159  -0.000820  -0.086153  0.995968  -0.025007  -0.001338  0.024985  0.999687  0.000348  -0.002120  -0.002743  -0.032968  0.023406  0.220899  2.000000  1.000000  0.000472  0.000658  -0.000472  1.000000  -0.000111  -0.000658  0.000110  1.000000  0.999977  0.006778  -0.000705  -0.006779  0.999977  -0.000979  0.000698  0.000984  0.999999  1.000000  0.000050  0.000069  -0.000050  1.000000  -0.000012  -0.000069  0.000012  1.000000  1.000000  0.000472  0.000658  -0.000472  1.000000  -0.000111  -0.000658  0.000110  1.000000  0.000054  0.006885  
97.262345 0.002897  0.091780  -0.002987  0.996228  0.086771  -0.000990  -0.086768  0.995909  -0.025236  -0.001204  0.025227  0.999681  0.000423  -0.002294  -0.003000  -0.041139  0.028440  0.241542  2.000000  0.999999  0.000736  0.001022  -0.000736  1.000000  -0.000177  -0.001022  0.000176  0.999999  0.999972  0.007392  -0.000855  -0.007393  0.999972  -0.001100  0.000847  0.001106  0.999999  1.000000  0.000055  0.000075  -0.000055  1.000000  -0.000014  -0.000075  0.000014  1.000000  0.999999  0.000736  0.001022  -0.000736  1.000000  -0.000177  -0.001022  0.000176  0.999999  0.000059  0.007523  
97.263349 0.002897  0.091776  -0.002991  0.996192  0.087181  -0.001011  -0.087178  0.995870  -0.025357  -0.001204  0.025348  0.999678  0.000481  -0.002407  -0.003150  -0.045229  0.028790  0.255327  2.000000  0.999999  0.000966  0.001334  -0.000965  1.000000  -0.000240  -0.001334  0.000239  0.999999  0.999969  0.007804  -0.000867  -0.007805  0.999969  -0.001343  0.000857  0.001350  0.999999  1.000000  0.000058  0.000079  -0.000058  1.000000  -0.000017  -0.000079  0.000017  1.000000  0.999999  0.000966  0.001334  -0.000965  1.000000  -0.000240  -0.001334  0.000239  0.999999  0.000064  0.007966  
97.264599 0.002898  0.091770  -0.002995  0.996138  0.087796  -0.001037  -0.087794  0.995813  -0.025477  -0.001204  0.025470  0.999675  0.000516  -0.002667  -0.003410  -0.049343  0.029488  0.282967  2.000000  0.999998  0.001270  0.001751  -0.001269  0.999999  -0.000329  -0.001752  0.000327  0.999998  0.999964  0.008421  -0.000884  -0.008422  0.999963  -0.001465  0.000871  0.001472  0.999999  1.000000  0.000062  0.000086  -0.000062  1.000000  -0.000018  -0.000086  0.000018  1.000000  0.999998  0.001270  0.001751  -0.001269  0.999999  -0.000329  -0.001752  0.000327  0.999998  0.000069  0.008594  
97.265850 0.002900  0.091765  -0.003001  0.996084  0.088411  -0.001074  -0.088409  0.995752  -0.025718  -0.001204  0.025712  0.999669  0.000619  -0.002911  -0.003559  -0.057534  0.030042  0.303746  2.000000  0.999996  0.001590  0.002201  -0.001589  0.999999  -0.000429  -0.002202  0.000426  0.999997  0.999961  0.008836  -0.000763  -0.008837  0.999959  -0.001708  0.000748  0.001714  0.999998  1.000000  0.000063  0.000091  -0.000063  1.000000  -0.000021  -0.000091  0.000021  1.000000  0.999996  0.001590  0.002201  -0.001589  0.999999  -0.000429  -0.002202  0.000426  0.999997  0.000076  0.009032  
97.267101 0.002903  0.091758  -0.003006  0.996029  0.089025  -0.001112  -0.089024  0.995691  -0.025959  -0.001204  0.025955  0.999662  0.000704  -0.003256  -0.003858  -0.065707  0.030593  0.324440  2.000000  0.999995  0.001922  0.002671  -0.001921  0.999998  -0.000544  -0.002672  0.000539  0.999996  0.999957  0.009244  -0.000909  -0.009245  0.999955  -0.001951  0.000891  0.001959  0.999998  1.000000  0.000068  0.000094  -0.000068  1.000000  -0.000024  -0.000094  0.000024  1.000000  0.999995  0.001922  0.002671  -0.001921  0.999998  -0.000544  -0.002672  0.000539  0.999996  0.000083  0.009492  
97.268351 0.002904  0.091751  -0.003013  0.995974  0.089640  -0.001149  -0.089639  0.995630  -0.026200  -0.001204  0.026197  0.999656  0.000788  -0.003521  -0.004052  -0.073890  0.031153  0.345181  2.000000  0.999993  0.002194  0.003050  -0.002192  0.999997  -0.000643  -0.003052  0.000636  0.999995  0.999957  0.009243  -0.000910  -0.009245  0.999955  -0.001951  0.000892  0.001959  0.999998  1.000000  0.000068  0.000094  -0.000068  1.000000  -0.000024  -0.000094  0.000024  1.000000  0.999993  0.002194  0.003050  -0.002192  0.999997  -0.000643  -0.003052  0.000636  0.999995  0.000087  0.009492  
97.269600 0.002906  0.091745  -0.003019  0.995937  0.090050  -0.001182  -0.090049  0.995586  -0.026441  -0.001204  0.026440  0.999650  0.000805  -0.003831  -0.004242  -0.082074  0.031549  0.359058  2.000000  0.999991  0.002544  0.003533  -0.002542  0.999996  -0.000778  -0.003535  0.000769  0.999993  0.999955  0.009445  -0.001052  -0.009448  0.999953  -0.002194  0.001031  0.002203  0.999997  1.000000  0.000070  0.000096  -0.000070  1.000000  -0.000027  -0.000096  0.000027  1.000000  0.999991  0.002544  0.003533  -0.002542  0.999996  -0.000778  -0.003535  0.000769  0.999993  0.000091  0.009755  
97.270601 0.002907  0.091738  -0.003025  0.995918  0.090254  -0.001198  -0.090254  0.995564  -0.026561  -0.001204  0.026561  0.999646  0.000871  -0.004150  -0.004402  -0.086168  0.031919  0.372874  2.000000  0.999988  0.002831  0.003924  -0.002828  0.999996  -0.000897  -0.003927  0.000886  0.999992  0.999953  0.009651  -0.001060  -0.009654  0.999950  -0.002436  0.001036  0.002446  0.999996  1.000000  0.000072  0.000098  -0.000072  1.000000  -0.000031  -0.000098  0.000031  1.000000  0.999988  0.002831  0.003924  -0.002828  0.999996  -0.000897  -0.003927  0.000886  0.999992  0.000096  0.010011  
97.271861 0.002908  0.091730  -0.003032  0.995881  0.090660  -0.001365  -0.090664  0.995521  -0.026790  -0.001070  0.026803  0.999640  0.000910  -0.004531  -0.004559  -0.094301  0.036805  0.386530  2.000000  0.999985  0.003183  0.004418  -0.003179  0.999994  -0.001050  -0.004421  0.001035  0.999990  0.999953  0.009654  -0.000928  -0.009657  0.999950  -0.002556  0.000903  0.002565  0.999996  1.000000  0.000070  0.000099  -0.000070  1.000000  -0.000032  -0.000099  0.000032  1.000000  0.999985  0.003183  0.004418  -0.003179  0.999994  -0.001050  -0.004421  0.001035  0.999990  0.000100  0.010031  
97.273103 0.002909  0.091721  -0.003038  0.995844  0.091070  -0.001398  -0.091074  0.995477  -0.027031  -0.001070  0.027046  0.999634  0.000844  -0.004919  -0.004708  -0.102468  0.037204  0.400340  2.000000  0.999982  0.003461  0.004812  -0.003455  0.999993  -0.001183  -0.004816  0.001167  0.999988  0.999953  0.009658  -0.000796  -0.009660  0.999950  -0.002678  0.000770  0.002685  0.999996  1.000000  0.000069  0.000100  -0.000069  1.000000  -0.000034  -0.000100  0.000034  1.000000  0.999982  0.003461  0.004812  -0.003455  0.999993  -0.001183  -0.004816  0.001167  0.999988  0.000104  0.010055  
97.274106 0.002908  0.091714  -0.003043  0.995806  0.091483  -0.001298  -0.091484  0.995433  -0.027284  -0.001204  0.027288  0.999627  0.000788  -0.005276  -0.004797  -0.109907  0.032886  0.411438  2.000000  0.999980  0.003665  0.005106  -0.003659  0.999992  -0.001288  -0.005111  0.001269  0.999986  0.999955  0.009452  -0.000792  -0.009454  0.999951  -0.002799  0.000766  0.002806  0.999996  1.000000  0.000068  0.000097  -0.000068  1.000000  -0.000035  -0.000097  0.000035  1.000000  0.999980  0.003665  0.005106  -0.003659  0.999992  -0.001288  -0.005111  0.001269  0.999986  0.000106  0.009891  
97.275347 0.002907  0.091706  -0.003050  0.995787  0.091688  -0.001326  -0.091689  0.995407  -0.027525  -0.001204  0.027531  0.999620  0.000740  -0.005493  -0.004791  -0.118843  0.028683  0.414581  2.000000  0.999976  0.003987  0.005597  -0.003979  0.999991  -0.001476  -0.005603  0.001453  0.999983  0.999957  0.009253  -0.000521  -0.009255  0.999953  -0.003042  0.000493  0.003047  0.999995  1.000000  0.000063  0.000097  -0.000063  1.000000  -0.000038  -0.000097  0.000038  1.000000  0.999976  0.003987  0.005597  -0.003979  0.999991  -0.001476  -0.005603  0.001453  0.999983  0.000109  0.009755  
97.276596 0.002906  0.091696  -0.003056  0.995768  0.091892  -0.001354  -0.091894  0.995382  -0.027767  -0.001204  0.027773  0.999614  0.000653  -0.005796  -0.004853  -0.125989  0.032783  0.404254  2.000000  0.999973  0.004236  0.005976  -0.004226  0.999990  -0.001640  -0.005983  0.001615  0.999981  0.999959  0.009047  -0.000519  -0.009049  0.999954  -0.003285  0.000489  0.003289  0.999994  1.000000  0.000062  0.000095  -0.000062  1.000000  -0.000041  -0.000095  0.000041  1.000000  0.999973  0.004236  0.005976  -0.004226  0.999990  -0.001640  -0.005983  0.001615  0.999981  0.000108  0.009640  
97.277596 0.002905  0.091690  -0.003061  0.995749  0.092101  -0.001248  -0.092099  0.995355  -0.028020  -0.001338  0.028016  0.999607  0.000554  -0.005953  -0.004884  -0.130037  0.028216  0.397464  2.000000  0.999970  0.004471  0.006341  -0.004460  0.999988  -0.001812  -0.006349  0.001784  0.999978  0.999963  0.008639  -0.000376  -0.008641  0.999956  -0.003528  0.000346  0.003531  0.999994  1.000000  0.000058  0.000091  -0.000058  1.000000  -0.000044  -0.000091  0.000044  1.000000  0.999970  0.004471  0.006341  -0.004460  0.999988  -0.001812  -0.006349  0.001784  0.999978  0.000106  0.009340  
97.278600 0.002903  0.091682  -0.003066  0.995730  0.092305  -0.001277  -0.092304  0.995330  -0.028261  -0.001338  0.028258  0.999600  0.000385  -0.006234  -0.005015  -0.138153  0.032723  0.397352  2.000000  0.999967  0.004697  0.006695  -0.004684  0.999987  -0.001992  -0.006704  0.001960  0.999976  0.999966  0.008228  -0.000365  -0.008229  0.999960  -0.003528  0.000336  0.003531  0.999994  1.000000  0.000055  0.000087  -0.000055  1.000000  -0.000044  -0.000087  0.000044  1.000000  0.999967  0.004697  0.006695  -0.004684  0.999987  -0.001992  -0.006704  0.001960  0.999976  0.000107  0.008960  
97.279851 0.002901  0.091673  -0.003073  0.995711  0.092510  -0.001305  -0.092509  0.995304  -0.028502  -0.001338  0.028501  0.999593  0.000155  -0.006434  -0.005077  -0.146221  0.032767  0.397294  2.000000  0.999962  0.004968  0.007117  -0.004953  0.999985  -0.002226  -0.007128  0.002191  0.999972  0.999969  0.007816  -0.000357  -0.007817  0.999962  -0.003770  0.000327  0.003772  0.999993  1.000000  0.000053  0.000082  -0.000053  1.000000  -0.000047  -0.000082  0.000047  1.000000  0.999962  0.004968  0.007117  -0.004953  0.999985  -0.002226  -0.007128  0.002191  0.999972  0.000108  0.008686  
97.281122 0.002897  0.091663  -0.003079  0.995692  0.092714  -0.001333  -0.092714  0.995278  -0.028744  -0.001338  0.028743  0.999586  -0.000272  -0.006723  -0.005112  -0.151330  0.023919  0.393603  2.000000  0.999958  0.005221  0.007508  -0.005202  0.999983  -0.002466  -0.007521  0.002426  0.999969  0.999974  0.007199  -0.000341  -0.007200  0.999967  -0.003890  0.000313  0.003893  0.999992  1.000000  0.000049  0.000076  -0.000049  1.000000  -0.000049  -0.000076  0.000049  1.000000  0.999958  0.005221  0.007508  -0.005202  0.999983  -0.002466  -0.007521  0.002426  0.999969  0.000107  0.008190  
97.282345 0.002894  0.091653  -0.003085  0.995673  0.092919  -0.001373  -0.092919  0.995248  -0.029106  -0.001338  0.029107  0.999575  -0.000619  -0.006935  -0.005207  -0.162322  0.019174  0.383986  2.000000  0.999955  0.005405  0.007806  -0.005385  0.999982  -0.002665  -0.007820  0.002623  0.999966  0.999977  0.006791  -0.000197  -0.006792  0.999969  -0.004011  0.000170  0.004012  0.999992  1.000000  0.000044  0.000072  -0.000044  1.000000  -0.000050  -0.000072  0.000050  1.000000  0.999955  0.005405  0.007806  -0.005385  0.999982  -0.002665  -0.007820  0.002623  0.999966  0.000105  0.007890  
97.283346 0.002891  0.091646  -0.003090  0.995654  0.093123  -0.001402  -0.093124  0.995222  -0.029347  -0.001338  0.029350  0.999568  -0.000919  -0.007029  -0.005188  -0.166328  0.014416  0.370396  2.000000  0.999953  0.005539  0.008020  -0.005516  0.999981  -0.002821  -0.008035  0.002777  0.999964  0.999977  0.006791  -0.000199  -0.006792  0.999968  -0.004133  0.000171  0.004134  0.999991  1.000000  0.000044  0.000072  -0.000044  1.000000  -0.000052  -0.000072  0.000052  1.000000  0.999953  0.005539  0.008020  -0.005516  0.999981  -0.002821  -0.008035  0.002777  0.999964  0.000102  0.007952  
97.284347 0.002887  0.091639  -0.003095  0.995634  0.093328  -0.001430  -0.093329  0.995196  -0.029588  -0.001338  0.029592  0.999561  -0.001232  -0.007178  -0.005111  -0.175847  0.014208  0.359637  2.000000  0.999949  0.005702  0.008294  -0.005677  0.999979  -0.003034  -0.008311  0.002986  0.999961  0.999981  0.006177  -0.000048  -0.006177  0.999972  -0.004253  0.000022  0.004253  0.999991  1.000000  0.000039  0.000067  -0.000039  1.000000  -0.000053  -0.000067  0.000053  1.000000  0.999949  0.005702  0.008294  -0.005677  0.999979  -0.003034  -0.008311  0.002986  0.999961  0.000100  0.007500  
97.285347 0.002883  0.091631  -0.003099  0.995634  0.093328  -0.001453  -0.093329  0.995188  -0.029829  -0.001338  0.029835  0.999554  -0.001562  -0.007273  -0.005009  -0.179882  0.013896  0.345753  2.000000  0.999946  0.005859  0.008559  -0.005832  0.999978  -0.003249  -0.008578  0.003199  0.999958  0.999982  0.005972  -0.000044  -0.005972  0.999973  -0.004253  0.000018  0.004253  0.999991  1.000000  0.000038  0.000064  -0.000038  1.000000  -0.000053  -0.000064  0.000053  1.000000  0.999946  0.005859  0.008559  -0.005832  0.999978  -0.003249  -0.008578  0.003199  0.999958  0.000099  0.007331  
97.286599 0.002877  0.091620  -0.003104  0.995615  0.093532  -0.001482  -0.093534  0.995162  -0.030070  -0.001338  0.030077  0.999547  -0.002117  -0.007481  -0.004932  -0.186455  0.013447  0.329158  2.000000  0.999942  0.006043  0.008869  -0.006012  0.999976  -0.003528  -0.008890  0.003474  0.999954  0.999985  0.005560  -0.000033  -0.005560  0.999974  -0.004495  0.000008  0.004495  0.999990  1.000000  0.000035  0.000060  -0.000035  1.000000  -0.000056  -0.000060  0.000056  1.000000  0.999942  0.006043  0.008869  -0.006012  0.999976  -0.003528  -0.008890  0.003474  0.999954  0.000095  0.007150  
97.287849 0.002870  0.091608  -0.003110  0.995596  0.093736  -0.001522  -0.093739  0.995132  -0.030432  -0.001338  0.030441  0.999536  -0.002553  -0.007672  -0.004909  -0.194520  0.013149  0.315432  2.000000  0.999939  0.006213  0.009154  -0.006178  0.999974  -0.003810  -0.009178  0.003753  0.999951  0.999987  0.005148  -0.000022  -0.005148  0.999977  -0.004494  -0.000001  0.004495  0.999990  1.000000  0.000032  0.000056  -0.000032  1.000000  -0.000056  -0.000056  0.000056  1.000000  0.999939  0.006213  0.009154  -0.006178  0.999974  -0.003810  -0.009178  0.003753  0.999951  0.000093  0.006834  
97.289094 0.002862  0.091596  -0.003117  0.995577  0.093941  -0.001551  -0.093944  0.995105  -0.030673  -0.001338  0.030683  0.999528  -0.003073  -0.007846  -0.004910  -0.198572  0.012828  0.301752  2.000000  0.999939  0.006213  0.009154  -0.006178  0.999974  -0.003810  -0.009178  0.003753  0.999951  0.999990  0.004531  -0.000005  -0.004531  0.999979  -0.004615  -0.000016  0.004615  0.999989  1.000000  0.000000  0.000000  0.000000  1.000000  0.000000  0.000000  0.000000  1.000000  0.999939  0.006213  0.009154  -0.006178  0.999974  -0.003810  -0.009178  0.003753  0.999951  0.000091  0.000000  
97.290097 0.002855  0.091587  -0.003122  0.995557  0.094145  -0.001580  -0.094149  0.995078  -0.030914  -0.001338  0.030926  0.999521  -0.003565  -0.008041  -0.004937  -0.202850  0.012516  0.288388  2.000000  0.999939  0.006213  0.009154  -0.006178  0.999974  -0.003810  -0.009178  0.003753  0.999951  0.999991  0.004325  0.000001  -0.004325  0.999981  -0.004493  -0.000020  0.004493  0.999990  1.000000  0.000000  0.000000  0.000000  1.000000  0.000000  0.000000  0.000000  1.000000  0.999939  0.006213  0.009154  -0.006178  0.999974  -0.003810  -0.009178  0.003753  0.999951  0.000088  0.000000  
97.291097 0.002848  0.091577  -0.003128  0.995538  0.094350  -0.001598  -0.094354  0.995055  -0.031035  -0.001338  0.031047  0.999517  -0.003903  -0.008168  -0.004958  -0.204401  0.007761  0.276925  2.000000  0.999939  0.006213  0.009154  -0.006178  0.999974  -0.003810  -0.009178  0.003753  0.999951  0.999992  0.004120  0.000006  -0.004120  0.999981  -0.004615  -0.000025  0.004614  0.999989  1.000000  0.000000  0.000000  0.000000  1.000000  0.000000  0.000000  0.000000  1.000000  0.999939  0.006213  0.009154  -0.006178  0.999974  -0.003810  -0.009178  0.003753  0.999951  0.000085  0.000000  
97.292346 0.002838  0.091565  -0.003135  0.995518  0.094555  -0.001627  -0.094559  0.995028  -0.031276  -0.001338  0.031289  0.999509  -0.004520  -0.008418  -0.005021  -0.204220  0.002936  0.263017  2.000000  0.999939  0.006213  0.009154  -0.006178  0.999974  -0.003810  -0.009178  0.003753  0.999951  0.999992  0.003914  0.000011  -0.003914  0.999982  -0.004614  -0.000029  0.004614  0.999989  1.000000  0.000000  0.000000  0.000000  1.000000  0.000000  0.000000  0.000000  1.000000  0.999939  0.006213  0.009154  -0.006178  0.999974  -0.003810  -0.009178  0.003753  0.999951  0.000082  0.000000  
97.293346 0.002831  0.091556  -0.003141  0.995518  0.094554  -0.001650  -0.094559  0.995020  -0.031517  -0.001338  0.031532  0.999502  -0.004916  -0.008522  -0.005057  -0.206539  0.002568  0.247097  2.000000  0.999939  0.006213  0.009154  -0.006178  0.999974  -0.003810  -0.009178  0.003753  0.999951  0.999993  0.003712  0.000151  -0.003712  0.999983  -0.004493  -0.000168  0.004492  0.999990  1.000000  0.000000  0.000000  0.000000  1.000000  0.000000  0.000000  0.000000  1.000000  0.999939  0.006213  0.009154  -0.006178  0.999974  -0.003810  -0.009178  0.003753  0.999951  0.000081  0.000000  
97.294597 0.002820  0.091544  -0.003149  0.995499  0.094759  -0.001680  -0.094764  0.994993  -0.031758  -0.001338  0.031774  0.999494  -0.005455  -0.008705  -0.005151  -0.210561  0.002220  0.233371  2.000000  0.999939  0.006213  0.009154  -0.006178  0.999974  -0.003810  -0.009178  0.003753  0.999951  0.999994  0.003507  0.000157  -0.003506  0.999984  -0.004492  -0.000172  0.004492  0.999990  1.000000  0.000000  0.000000  0.000000  1.000000  0.000000  0.000000  0.000000  1.000000  0.999939  0.006213  0.009154  -0.006178  0.999974  -0.003810  -0.009178  0.003753  0.999951  0.000079  0.000000  
97.295598 0.002812  0.091535  -0.003155  0.995499  0.094758  -0.001691  -0.094764  0.994989  -0.031879  -0.001338  0.031896  0.999490  -0.005795  -0.008772  -0.005246  -0.208221  0.001684  0.214573  2.000000  0.999939  0.006213  0.009154  -0.006178  0.999974  -0.003810  -0.009178  0.003753  0.999951  0.999995  0.003091  0.000035  -0.003091  0.999985  -0.004492  -0.000049  0.004492  0.999990  1.000000  0.000000  0.000000  0.000000  1.000000  0.000000  0.000000  0.000000  1.000000  0.999939  0.006213  0.009154  -0.006178  0.999974  -0.003810  -0.009178  0.003753  0.999951  0.000076  0.000000  
97.296604 0.002803  0.091526  -0.003162  0.995479  0.094963  -0.001721  -0.094969  0.994962  -0.032120  -0.001338  0.032138  0.999483  -0.006220  -0.008897  -0.005354  -0.208147  0.001333  0.200683  2.000000  0.999939  0.006213  0.009154  -0.006178  0.999974  -0.003810  -0.009178  0.003753  0.999951  0.999995  0.003091  0.000035  -0.003091  0.999986  -0.004371  -0.000048  0.004371  0.999990  1.000000  0.000000  0.000000  0.000000  1.000000  0.000000  0.000000  0.000000  1.000000  0.999939  0.006213  0.009154  -0.006178  0.999974  -0.003810  -0.009178  0.003753  0.999951  0.000074  0.000000  
97.297846 0.002792  0.091515  -0.003169  0.995460  0.095167  -0.001739  -0.095174  0.994938  -0.032240  -0.001338  0.032259  0.999479  -0.006693  -0.009028  -0.005408  -0.206470  0.001147  0.192215  2.000000  0.999939  0.006213  0.009154  -0.006178  0.999974  -0.003810  -0.009178  0.003753  0.999951  0.999995  0.003086  -0.000100  -0.003087  0.999986  -0.004249  0.000087  0.004250  0.999991  1.000000  0.000000  0.000000  0.000000  1.000000  0.000000  0.000000  0.000000  1.000000  0.999939  0.006213  0.009154  -0.006178  0.999974  -0.003810  -0.009178  0.003753  0.999951  0.000072  0.000000  
97.298848 0.002784  0.091506  -0.003175  0.995440  0.095372  -0.001769  -0.095379  0.994911  -0.032481  -0.001338  0.032502  0.999471  -0.007107  -0.009132  -0.005482  -0.208195  0.001000  0.186911  2.000000  0.999939  0.006213  0.009154  -0.006178  0.999974  -0.003810  -0.009178  0.003753  0.999951  0.999995  0.003086  -0.000100  -0.003087  0.999986  -0.004249  0.000087  0.004250  0.999991  1.000000  0.000000  0.000000  0.000000  1.000000  0.000000  0.000000  0.000000  1.000000  0.999939  0.006213  0.009154  -0.006178  0.999974  -0.003810  -0.009178  0.003753  0.999951  0.000069  0.000000  
97.300100 0.002773  0.091495  -0.003181  0.995440  0.095371  -0.001792  -0.095379  0.994903  -0.032723  -0.001338  0.032744  0.999463  -0.007432  -0.009187  -0.005538  -0.208155  0.000635  0.173057  2.000000  0.999939  0.006213  0.009154  -0.006178  0.999974  -0.003810  -0.009178  0.003753  0.999951  0.999996  0.002881  -0.000094  -0.002881  0.999987  -0.004128  0.000082  0.004128  0.999991  1.000000  0.000000  0.000000  0.000000  1.000000  0.000000  0.000000  0.000000  1.000000  0.999939  0.006213  0.009154  -0.006178  0.999974  -0.003810  -0.009178  0.003753  0.999951  0.000068  0.000000  
97.301101 0.002763  0.091486  -0.003187  0.995420  0.095576  -0.001810  -0.095584  0.994879  -0.032843  -0.001338  0.032866  0.999459  -0.007758  -0.009248  -0.005660  -0.208141  -0.003840  0.173189  2.000000  0.999939  0.006213  0.009154  -0.006178  0.999974  -0.003810  -0.009178  0.003753  0.999951  0.999996  0.002881  -0.000095  -0.002881  0.999987  -0.004249  0.000082  0.004249  0.999991  1.000000  0.000000  0.000000  0.000000  1.000000  0.000000  0.000000  0.000000  1.000000  0.999939  0.006213  0.009154  -0.006178  0.999974  -0.003810  -0.009178  0.003753  0.999951  0.000068  0.000000  
97.302351 0.002752  0.091474  -0.003195  0.995420  0.095575  -0.001845  -0.095584  0.994867  -0.033205  -0.001338  0.033229  0.999447  -0.008097  -0.009263  -0.005803  -0.212157  -0.004411  0.152413  2.000000  0.999939  0.006213  0.009154  -0.006178  0.999974  -0.003810  -0.009178  0.003753  0.999951  0.999996  0.002675  -0.000089  -0.002675  0.999988  -0.004128  0.000078  0.004128  0.999991  1.000000  0.000000  0.000000  0.000000  1.000000  0.000000  0.000000  0.000000  1.000000  0.999939  0.006213  0.009154  -0.006178  0.999974  -0.003810  -0.009178  0.003753  0.999951  0.000066  0.000000  
97.303601 0.002739  0.091462  -0.003203  0.995401  0.095780  -0.001875  -0.095789  0.994840  -0.033446  -0.001338  0.033472  0.999439  -0.008428  -0.009367  -0.005924  -0.212157  -0.004374  0.152414  2.000000  0.999939  0.006213  0.009154  -0.006178  0.999974  -0.003810  -0.009178  0.003753  0.999951  0.999996  0.002675  -0.000089  -0.002675  0.999988  -0.004006  0.000079  0.004006  0.999992  1.000000  0.000000  0.000000  0.000000  1.000000  0.000000  0.000000  0.000000  1.000000  0.999939  0.006213  0.009154  -0.006178  0.999974  -0.003810  -0.009178  0.003753  0.999951  0.000065  0.000000  
97.304846 0.002728  0.091449  -0.003212  0.995381  0.095984  -0.001905  -0.095994  0.994812  -0.033687  -0.001338  0.033714  0.999431  -0.008627  -0.009339  -0.006044  -0.212199  -0.000054  0.145390  2.000000  0.999939  0.006213  0.009154  -0.006178  0.999974  -0.003810  -0.009178  0.003753  0.999951  0.999996  0.002675  -0.000090  -0.002675  0.999989  -0.003885  0.000080  0.003885  0.999992  1.000000  0.000000  0.000000  0.000000  1.000000  0.000000  0.000000  0.000000  1.000000  0.999939  0.006213  0.009154  -0.006178  0.999974  -0.003810  -0.009178  0.003753  0.999951  0.000063  0.000000  
97.305847 0.002718  0.091440  -0.003218  0.995361  0.096189  -0.001924  -0.096199  0.994788  -0.033807  -0.001338  0.033835  0.999427  -0.008804  -0.009341  -0.006110  -0.206456  0.000184  0.151082  2.000000  0.999939  0.006213  0.009154  -0.006178  0.999974  -0.003810  -0.009178  0.003753  0.999951  0.999996  0.002675  -0.000091  -0.002675  0.999989  -0.003885  0.000080  0.003885  0.999992  1.000000  0.000000  0.000000  0.000000  1.000000  0.000000  0.000000  0.000000  1.000000  0.999939  0.006213  0.009154  -0.006178  0.999974  -0.003810  -0.009178  0.003753  0.999951  0.000065  0.000000  
97.307098 0.002707  0.091428  -0.003227  0.995341  0.096393  -0.001954  -0.096403  0.994760  -0.034048  -0.001338  0.034078  0.999418  -0.008925  -0.009325  -0.006210  -0.206409  0.004678  0.150901  2.000000  0.999939  0.006213  0.009154  -0.006178  0.999974  -0.003810  -0.009178  0.003753  0.999951  0.999997  0.002469  -0.000084  -0.002469  0.999989  -0.003885  0.000075  0.003885  0.999992  1.000000  0.000000  0.000000  0.000000  1.000000  0.000000  0.000000  0.000000  1.000000  0.999939  0.006213  0.009154  -0.006178  0.999974  -0.003810  -0.009178  0.003753  0.999951  0.000063  0.000000  
97.308346 0.002696  0.091416  -0.003235  0.995341  0.096392  -0.001978  -0.096403  0.994752  -0.034289  -0.001338  0.034320  0.999410  -0.009004  -0.009308  -0.006266  -0.204069  0.004331  0.138349  2.000000  0.999939  0.006213  0.009154  -0.006178  0.999974  -0.003810  -0.009178  0.003753  0.999951  0.999996  0.002675  -0.000092  -0.002675  0.999989  -0.003885  0.000081  0.003885  0.999992  1.000000  0.000000  0.000000  0.000000  1.000000  0.000000  0.000000  0.000000  1.000000  0.999939  0.006213  0.009154  -0.006178  0.999974  -0.003810  -0.009178  0.003753  0.999951  0.000063  0.000000  
97.309596 0.002684  0.091405  -0.003244  0.995322  0.096597  -0.002008  -0.096608  0.994723  -0.034530  -0.001338  0.034563  0.999402  -0.009066  -0.009316  -0.006357  -0.204079  0.004365  0.138355  2.000000  0.999939  0.006213  0.009154  -0.006178  0.999974  -0.003810  -0.009178  0.003753  0.999951  0.999996  0.002675  -0.000093  -0.002675  0.999989  -0.003764  0.000082  0.003764  0.999993  1.000000  0.000000  0.000000  0.000000  1.000000  0.000000  0.000000  0.000000  1.000000  0.999939  0.006213  0.009154  -0.006178  0.999974  -0.003810  -0.009178  0.003753  0.999951  0.000062  0.000000  
97.310597 0.002676  0.091396  -0.003251  0.995322  0.096597  -0.002020  -0.096608  0.994719  -0.034651  -0.001338  0.034684  0.999397  -0.009068  -0.009274  -0.006410  -0.202365  0.004128  0.130338  2.000000  0.999939  0.006213  0.009154  -0.006178  0.999974  -0.003810  -0.009178  0.003753  0.999951  0.999997  0.002469  -0.000086  -0.002469  0.999990  -0.003763  0.000076  0.003764  0.999993  1.000000  0.000000  0.000000  0.000000  1.000000  0.000000  0.000000  0.000000  1.000000  0.999939  0.006213  0.009154  -0.006178  0.999974  -0.003810  -0.009178  0.003753  0.999951  0.000060  0.000000  
97.311598 0.002667  0.091387  -0.003259  0.995302  0.096801  -0.002039  -0.096813  0.994695  -0.034771  -0.001338  0.034805  0.999393  -0.009083  -0.009286  -0.006506  -0.198557  0.004156  0.130493  2.000000  0.999939  0.006213  0.009154  -0.006178  0.999974  -0.003810  -0.009178  0.003753  0.999951  0.999997  0.002469  -0.000086  -0.002469  0.999990  -0.003642  0.000077  0.003642  0.999993  1.000000  0.000000  0.000000  0.000000  1.000000  0.000000  0.000000  0.000000  1.000000  0.999939  0.006213  0.009154  -0.006178  0.999974  -0.003810  -0.009178  0.003753  0.999951  0.000060  0.000000  
97.312846 0.002656  0.091375  -0.003270  0.995282  0.097005  -0.002069  -0.097018  0.994667  -0.035012  -0.001338  0.035048  0.999385  -0.009109  -0.009279  -0.006703  -0.194528  0.004417  0.137367  2.000000  0.999939  0.006213  0.009154  -0.006178  0.999974  -0.003810  -0.009178  0.003753  0.999951  0.999997  0.002469  -0.000086  -0.002469  0.999991  -0.003521  0.000078  0.003521  0.999994  1.000000  0.000000  0.000000  0.000000  1.000000  0.000000  0.000000  0.000000  1.000000  0.999939  0.006213  0.009154  -0.006178  0.999974  -0.003810  -0.009178  0.003753  0.999951  0.000059  0.000000  
97.313849 0.002647  0.091366  -0.003277  0.995282  0.097005  -0.002081  -0.097018  0.994662  -0.035133  -0.001338  0.035169  0.999380  -0.009094  -0.009319  -0.006878  -0.191817  0.004250  0.131421  2.000000  0.999939  0.006213  0.009154  -0.006178  0.999974  -0.003810  -0.009178  0.003753  0.999951  0.999997  0.002469  -0.000087  -0.002469  0.999991  -0.003521  0.000078  0.003521  0.999994  1.000000  0.000000  0.000000  0.000000  1.000000  0.000000  0.000000  0.000000  1.000000  0.999939  0.006213  0.009154  -0.006178  0.999974  -0.003810  -0.009178  0.003753  0.999951  0.000058  0.000000  
97.314851 0.002638  0.091357  -0.003286  0.995262  0.097210  -0.002100  -0.097223  0.994638  -0.035253  -0.001338  0.035290  0.999376  -0.009102  -0.009342  -0.007102  -0.187725  0.004273  0.131410  2.000000  0.999939  0.006213  0.009154  -0.006178  0.999974  -0.003810  -0.009178  0.003753  0.999951  0.999997  0.002469  -0.000087  -0.002469  0.999991  -0.003400  0.000078  0.003400  0.999994  1.000000  0.000000  0.000000  0.000000  1.000000  0.000000  0.000000  0.000000  1.000000  0.999939  0.006213  0.009154  -0.006178  0.999974  -0.003810  -0.009178  0.003753  0.999951  0.000057  0.000000  
97.316113 0.002628  0.091346  -0.003297  0.995262  0.097209  -0.002112  -0.097223  0.994634  -0.035374  -0.001338  0.035411  0.999372  -0.009015  -0.009312  -0.007346  -0.179458  0.004076  0.124420  2.000000  0.999939  0.006213  0.009154  -0.006178  0.999974  -0.003810  -0.009178  0.003753  0.999951  0.999997  0.002263  -0.000080  -0.002263  0.999991  -0.003521  0.000072  0.003521  0.999994  1.000000  0.000000  0.000000  0.000000  1.000000  0.000000  0.000000  0.000000  1.000000  0.999939  0.006213  0.009154  -0.006178  0.999974  -0.003810  -0.009178  0.003753  0.999951  0.000056  0.000000  
97.317351 0.002618  0.091335  -0.003308  0.995242  0.097414  -0.002131  -0.097428  0.994609  -0.035494  -0.001338  0.035533  0.999368  -0.008909  -0.009272  -0.007547  -0.174028  0.004067  0.123458  2.000000  0.999939  0.006213  0.009154  -0.006178  0.999974  -0.003810  -0.009178  0.003753  0.999951  0.999997  0.002469  -0.000088  -0.002469  0.999991  -0.003400  0.000079  0.003400  0.999994  1.000000  0.000000  0.000000  0.000000  1.000000  0.000000  0.000000  0.000000  1.000000  0.999939  0.006213  0.009154  -0.006178  0.999974  -0.003810  -0.009178  0.003753  0.999951  0.000054  0.000000  
97.318596 0.002608  0.091324  -0.003319  0.995222  0.097618  -0.002150  -0.097633  0.994585  -0.035614  -0.001338  0.035654  0.999363  -0.008764  -0.009149  -0.007715  -0.170441  0.004101  0.123789  2.000000  0.999939  0.006213  0.009154  -0.006178  0.999974  -0.003810  -0.009178  0.003753  0.999951  0.999997  0.002469  -0.000088  -0.002469  0.999992  -0.003278  0.000080  0.003278  0.999995  1.000000  0.000000  0.000000  0.000000  1.000000  0.000000  0.000000  0.000000  1.000000  0.999939  0.006213  0.009154  -0.006178  0.999974  -0.003810  -0.009178  0.003753  0.999951  0.000053  0.000000  
