1-Time 2-Px 3-Py 4-Pz 5-R11 6-R21 7-R31 8-R12 9-R22 10-R32 11-R13 12-R23 13-R33 14-Vx 15-Vy 16-Vz 17-Wx 18-Wy 19-Wz 20-state 21-PR11 22-PR21 23-PR31 24-PR12 25-PR22 26-PR32 27-PR13 28-PR23 29-PR33 
240.231578 0.007658  0.091802  -0.009220  0.992771  -0.040398  0.113019  -0.103380  0.190564  0.976216  -0.060974  -0.980843  0.185011  -0.000730  0.001447  0.002147  -0.000464  -0.199441  0.051273  2.000000  1.000000  0.000000  0.000000  0.000000  -0.000000  1.000000  0.000000  -1.000000  -0.000000  0.999993  0.000817  0.003610  -0.000818  1.000000  0.000015  -0.003610  -0.000018  0.999993  1.000000  0.000000  0.000000  0.000000  1.000000  0.000000  0.000000  0.000000  1.000000  0.616372  0.565693  0.547792  -0.516465  -0.234718  0.823511  0.594432  -0.790505  0.147487  0.000052  0.000000  
240.232586 0.007657  0.091803  -0.009217  0.992750  -0.040358  0.113220  -0.103585  0.190573  0.976193  -0.060974  -0.980843  0.185011  -0.000787  0.001426  0.002198  -0.000045  -0.194331  0.050423  2.000000  1.000000  0.000000  0.000000  0.000000  -0.000000  1.000000  0.000000  -1.000000  -0.000000  0.999993  0.000817  0.003610  -0.000818  1.000000  0.000015  -0.003610  -0.000018  0.999993  1.000000  0.000000  0.000000  0.000000  1.000000  0.000000  0.000000  0.000000  1.000000  1.000000  0.000000  0.000000  0.000000  -0.000000  1.000000  0.000000  -1.000000  -0.000000  0.000050  0.000000  
240.233834 0.007657  0.091804  -0.009214  0.992720  -0.040436  0.113451  -0.103788  0.190713  0.976144  -0.061108  -0.980813  0.185128  -0.000760  0.001350  0.002228  -0.003698  -0.189135  0.040298  2.000000  1.000000  0.000000  0.000000  0.000000  -0.000000  1.000000  0.000000  -1.000000  -0.000000  0.999993  0.000686  0.003634  -0.000686  1.000000  -0.000228  -0.003635  0.000225  0.999993  1.000000  0.000000  0.000000  0.000000  1.000000  0.000000  0.000000  0.000000  1.000000  1.000000  0.000000  0.000000  0.000000  -0.000000  1.000000  0.000000  -1.000000  -0.000000  0.000050  0.000000  
240.235093 0.007657  0.091804  -0.009211  0.992661  -0.040618  0.113902  -0.104195  0.190757  0.976092  -0.061375  -0.980797  0.185125  -0.000696  0.001254  0.002336  -0.004146  -0.197520  0.032733  2.000000  1.000000  0.000000  0.000000  0.000000  -0.000000  1.000000  0.000000  -1.000000  -0.000000  0.999993  0.000423  0.003684  -0.000423  1.000000  -0.000228  -0.003684  0.000226  0.999993  1.000000  0.000000  0.000000  0.000000  1.000000  0.000000  0.000000  0.000000  1.000000  1.000000  0.000000  0.000000  0.000000  -0.000000  1.000000  0.000000  -1.000000  -0.000000  0.000048  0.000000  
240.236342 0.007657  0.091804  -0.009207  0.992623  -0.040826  0.114157  -0.104398  0.190911  0.976040  -0.061642  -0.980758  0.185241  -0.000611  0.001130  0.002418  -0.007822  -0.192406  0.022631  2.000000  1.000000  0.000000  0.000000  0.000000  -0.000000  1.000000  0.000000  -1.000000  -0.000000  0.999992  0.000331  0.003911  -0.000329  1.000000  -0.000362  -0.003911  0.000360  0.999992  1.000000  0.000000  0.000000  0.000000  1.000000  0.000000  0.000000  0.000000  1.000000  1.000000  0.000000  0.000000  0.000000  -0.000000  1.000000  0.000000  -1.000000  -0.000000  0.000050  0.000000  
240.237580 0.007658  0.091804  -0.009203  0.992594  -0.040904  0.114388  -0.104601  0.191052  0.975991  -0.061776  -0.980727  0.185358  -0.000486  0.001009  0.002534  -0.015994  -0.193360  0.018226  2.000000  1.000000  0.000000  0.000000  0.000000  -0.000000  1.000000  0.000000  -1.000000  -0.000000  0.999992  0.000068  0.003960  -0.000066  1.000000  -0.000483  -0.003960  0.000483  0.999992  1.000000  0.000000  0.000000  0.000000  1.000000  0.000000  0.000000  0.000000  1.000000  1.000000  0.000000  0.000000  0.000000  -0.000000  1.000000  0.000000  -1.000000  -0.000000  0.000049  0.000000  
240.238582 0.007659  0.091805  -0.009200  0.992572  -0.040850  0.114594  -0.104806  0.191179  0.975944  -0.061776  -0.980705  0.185477  -0.000366  0.000933  0.002589  -0.020063  -0.193284  0.018231  2.000000  1.000000  0.000000  0.000000  0.000000  -0.000000  1.000000  0.000000  -1.000000  -0.000000  0.999993  0.000030  0.003759  -0.000028  1.000000  -0.000592  -0.003759  0.000592  0.999993  1.000000  0.000000  0.000000  0.000000  1.000000  0.000000  0.000000  0.000000  1.000000  1.000000  0.000000  0.000000  0.000000  -0.000000  1.000000  0.000000  -1.000000  -0.000000  0.000047  0.000000  
240.239610 0.007661  0.091805  -0.009196  0.992564  -0.040967  0.114623  -0.104805  0.191311  0.975918  -0.061909  -0.980674  0.185595  -0.000196  0.000834  0.002682  -0.023694  -0.188014  0.008119  2.000000  1.000000  0.000000  0.000000  0.000000  -0.000000  1.000000  0.000000  -1.000000  -0.000000  0.999993  -0.000101  0.003783  0.000103  1.000000  -0.000713  -0.003783  0.000713  0.999993  1.000000  0.000000  0.000000  0.000000  1.000000  0.000000  0.000000  0.000000  1.000000  1.000000  0.000000  0.000000  0.000000  -0.000000  1.000000  0.000000  -1.000000  -0.000000  0.000047  0.000000  
240.240844 0.007663  0.091805  -0.009193  0.992534  -0.041044  0.114854  -0.105008  0.191451  0.975869  -0.062043  -0.980644  0.185712  0.000021  0.000700  0.002684  -0.027790  -0.188928  0.003718  2.000000  1.000000  0.000000  0.000000  0.000000  -0.000000  1.000000  0.000000  -1.000000  -0.000000  0.999993  -0.000100  0.003783  0.000103  1.000000  -0.000834  -0.003783  0.000835  0.999992  1.000000  0.000000  0.000000  0.000000  1.000000  0.000000  0.000000  0.000000  1.000000  1.000000  0.000000  0.000000  0.000000  -0.000000  1.000000  0.000000  -1.000000  -0.000000  0.000048  0.000000  
240.241847 0.007665  0.091805  -0.009191  0.992512  -0.040991  0.115060  -0.105213  0.191578  0.975822  -0.062043  -0.980621  0.185831  0.000163  0.000596  0.002714  -0.031863  -0.188921  0.003730  2.000000  1.000000  0.000000  0.000000  0.000000  -0.000000  1.000000  0.000000  -1.000000  -0.000000  0.999993  -0.000232  0.003808  0.000235  1.000000  -0.000834  -0.003808  0.000835  0.999992  1.000000  0.000000  0.000000  0.000000  1.000000  0.000000  0.000000  0.000000  1.000000  1.000000  0.000000  0.000000  0.000000  -0.000000  1.000000  0.000000  -1.000000  -0.000000  0.000048  0.000000  
240.243091 0.007667  0.091804  -0.009188  0.992474  -0.041198  0.115315  -0.105415  0.191733  0.975770  -0.062310  -0.980582  0.185947  0.000348  0.000435  0.002693  -0.035541  -0.183846  -0.006374  2.000000  1.000000  0.000000  0.000000  0.000000  -0.000000  1.000000  0.000000  -1.000000  -0.000000  0.999992  -0.000625  0.003883  0.000630  0.999999  -0.001198  -0.003882  0.001200  0.999992  1.000000  0.000000  0.000000  0.000000  1.000000  0.000000  0.000000  0.000000  1.000000  1.000000  0.000000  0.000000  0.000000  -0.000000  1.000000  0.000000  -1.000000  -0.000000  0.000049  0.000000  
240.244336 0.007669  0.091803  -0.009185  0.992436  -0.041406  0.115570  -0.105618  0.191887  0.975717  -0.062577  -0.980543  0.186063  0.000587  0.000271  0.002667  -0.043729  -0.185581  -0.015211  2.000000  1.000000  0.000000  0.000000  0.000000  -0.000000  1.000000  0.000000  -1.000000  -0.000000  0.999992  -0.000756  0.003908  0.000761  0.999999  -0.001319  -0.003907  0.001322  0.999991  1.000000  0.000000  0.000000  0.000000  1.000000  0.000000  0.000000  0.000000  1.000000  1.000000  0.000000  0.000000  0.000000  -0.000000  1.000000  0.000000  -1.000000  -0.000000  0.000048  0.000000  
240.245344 0.007671  0.091803  -0.009184  0.992406  -0.041483  0.115801  -0.105821  0.192028  0.975668  -0.062710  -0.980512  0.186180  0.000817  0.000133  0.002629  -0.047793  -0.186323  -0.019608  2.000000  1.000000  0.000000  0.000000  0.000000  -0.000000  1.000000  0.000000  -1.000000  -0.000000  0.999992  -0.001018  0.003958  0.001024  0.999998  -0.001440  -0.003957  0.001444  0.999991  1.000000  0.000000  0.000000  0.000000  1.000000  0.000000  0.000000  0.000000  1.000000  1.000000  0.000000  0.000000  0.000000  -0.000000  1.000000  0.000000  -1.000000  -0.000000  0.000048  0.000000  
240.246582 0.007673  0.091801  -0.009182  0.992367  -0.041676  0.116062  -0.106024  0.192301  0.975592  -0.062977  -0.980451  0.186415  0.000994  -0.000085  0.002563  -0.055990  -0.188083  -0.028428  2.000000  1.000000  0.000000  0.000000  0.000000  -0.000000  1.000000  0.000000  -1.000000  -0.000000  0.999991  -0.001280  0.004008  0.001287  0.999998  -0.001683  -0.004006  0.001688  0.999991  1.000000  0.000000  0.000000  0.000000  1.000000  0.000000  0.000000  0.000000  1.000000  1.000000  0.000000  0.000000  0.000000  -0.000000  1.000000  0.000000  -1.000000  -0.000000  0.000050  0.000000  
240.247829 0.007675  0.091800  -0.009179  0.992337  -0.041739  0.116297  -0.106227  0.192560  0.975518  -0.063111  -0.980397  0.186651  0.001160  -0.000243  0.002499  -0.064178  -0.188996  -0.032835  2.000000  1.000000  0.000000  0.000000  0.000000  -0.000000  1.000000  0.000000  -1.000000  -0.000000  0.999991  -0.001411  0.004034  0.001419  0.999997  -0.001925  -0.004031  0.001931  0.999990  1.000000  0.000000  0.000000  0.000000  1.000000  0.000000  0.000000  0.000000  1.000000  1.000000  0.000000  0.000000  0.000000  -0.000000  1.000000  0.000000  -1.000000  -0.000000  0.000051  0.000000  
240.248847 0.007676  0.091799  -0.009177  0.992307  -0.041801  0.116533  -0.106430  0.192820  0.975445  -0.063245  -0.980343  0.186887  0.001344  -0.000372  0.002477  -0.072284  -0.189678  -0.037200  2.000000  1.000000  0.000000  0.000000  0.000000  -0.000000  1.000000  0.000000  -1.000000  -0.000000  0.999990  -0.001503  0.004261  0.001512  0.999996  -0.002180  -0.004258  0.002187  0.999989  1.000000  0.000000  0.000000  0.000000  1.000000  0.000000  0.000000  0.000000  1.000000  1.000000  0.000000  0.000000  0.000000  -0.000000  1.000000  0.000000  -1.000000  -0.000000  0.000052  0.000000  
240.250129 0.007678  0.091797  -0.009174  0.992276  -0.041863  0.116769  -0.106634  0.193079  0.975372  -0.063378  -0.980290  0.187124  0.001418  -0.000470  0.002425  -0.080360  -0.190321  -0.041549  2.000000  1.000000  0.000000  0.000000  0.000000  -0.000000  1.000000  0.000000  -1.000000  -0.000000  0.999989  -0.001633  0.004286  0.001644  0.999996  -0.002423  -0.004283  0.002430  0.999988  1.000000  0.000000  0.000000  0.000000  1.000000  0.000000  0.000000  0.000000  1.000000  1.000000  0.000000  0.000000  0.000000  -0.000000  1.000000  0.000000  -1.000000  -0.000000  0.000053  0.000000  
240.251341 0.007680  0.091795  -0.009172  0.992246  -0.041912  0.117010  -0.106837  0.193456  0.975275  -0.063512  -0.980213  0.187479  0.001489  -0.000624  0.002344  -0.092691  -0.192259  -0.050401  2.000000  1.000000  0.000000  0.000000  0.000000  -0.000000  1.000000  0.000000  -1.000000  -0.000000  0.999989  -0.001764  0.004312  0.001775  0.999995  -0.002666  -0.004307  0.002673  0.999987  1.000000  0.000000  0.000000  0.000000  1.000000  0.000000  0.000000  0.000000  1.000000  1.000000  0.000000  0.000000  0.000000  -0.000000  1.000000  0.000000  -1.000000  -0.000000  0.000054  0.000000  
240.252351 0.007681  0.091793  -0.009171  0.992216  -0.041974  0.117246  -0.107041  0.193716  0.975201  -0.063645  -0.980159  0.187715  0.001522  -0.000733  0.002167  -0.104890  -0.193032  -0.054786  2.000000  1.000000  0.000000  0.000000  0.000000  -0.000000  1.000000  0.000000  -1.000000  -0.000000  0.999990  -0.001801  0.004111  0.001813  0.999994  -0.002895  -0.004105  0.002903  0.999987  1.000000  0.000000  0.000000  0.000000  1.000000  0.000000  0.000000  0.000000  1.000000  1.000000  0.000000  0.000000  0.000000  -0.000000  1.000000  0.000000  -1.000000  -0.000000  0.000054  0.000000  
240.253600 0.007683  0.091792  -0.009169  0.992193  -0.041905  0.117457  -0.107245  0.193961  0.975130  -0.063645  -0.980114  0.187953  0.001581  -0.000876  0.001962  -0.113034  -0.193033  -0.054761  2.000000  1.000000  0.000000  0.000000  0.000000  -0.000000  1.000000  0.000000  -1.000000  -0.000000  0.999989  -0.001892  0.004338  0.001907  0.999993  -0.003272  -0.004332  0.003280  0.999985  1.000000  0.000000  0.000000  0.000000  1.000000  0.000000  0.000000  0.000000  1.000000  1.000000  0.000000  0.000000  0.000000  -0.000000  1.000000  0.000000  -1.000000  -0.000000  0.000058  0.000000  
240.254839 0.007685  0.091791  -0.009168  0.992163  -0.041953  0.117698  -0.107448  0.194338  0.975032  -0.063779  -0.980037  0.188308  0.001572  -0.000926  0.001811  -0.125304  -0.193941  -0.059157  2.000000  1.000000  0.000000  0.000000  0.000000  -0.000000  1.000000  0.000000  -1.000000  -0.000000  0.999989  -0.002061  0.004162  0.002076  0.999992  -0.003502  -0.004155  0.003510  0.999985  1.000000  0.000000  0.000000  0.000000  1.000000  0.000000  0.000000  0.000000  1.000000  1.000000  0.000000  0.000000  0.000000  -0.000000  1.000000  0.000000  -1.000000  -0.000000  0.000058  0.000000  
240.256083 0.007687  0.091790  -0.009167  0.992163  -0.041924  0.117708  -0.107448  0.194575  0.974985  -0.063779  -0.979991  0.188545  0.001589  -0.000991  0.001693  -0.132621  -0.180430  -0.061732  2.000000  1.000000  0.000000  0.000000  0.000000  -0.000000  1.000000  0.000000  -1.000000  -0.000000  0.999990  -0.001929  0.004138  0.001944  0.999991  -0.003745  -0.004130  0.003753  0.999984  1.000000  0.000000  0.000000  0.000000  1.000000  0.000000  0.000000  0.000000  1.000000  1.000000  0.000000  0.000000  0.000000  -0.000000  1.000000  0.000000  -1.000000  -0.000000  0.000059  0.000000  
240.257086 0.007689  0.091789  -0.009166  0.992132  -0.041986  0.117944  -0.107651  0.194834  0.974911  -0.063912  -0.979937  0.188781  0.001605  -0.001055  0.001573  -0.141246  -0.188101  -0.064847  2.000000  1.000000  0.000000  0.000000  0.000000  -0.000000  1.000000  0.000000  -1.000000  -0.000000  0.999990  -0.001796  0.004113  0.001813  0.999990  -0.003989  -0.004106  0.003996  0.999984  1.000000  0.000000  0.000000  0.000000  1.000000  0.000000  0.000000  0.000000  1.000000  1.000000  0.000000  0.000000  0.000000  -0.000000  1.000000  0.000000  -1.000000  -0.000000  0.000061  0.000000  
240.258095 0.007691  0.091788  -0.009166  0.992110  -0.041917  0.118155  -0.107856  0.195079  0.974839  -0.063912  -0.979891  0.189019  0.001607  -0.001115  0.001488  -0.149331  -0.188023  -0.064795  2.000000  1.000000  0.000000  0.000000  0.000000  -0.000000  1.000000  0.000000  -1.000000  -0.000000  0.999990  -0.001664  0.004088  0.001681  0.999990  -0.004110  -0.004081  0.004117  0.999983  1.000000  0.000000  0.000000  0.000000  1.000000  0.000000  0.000000  0.000000  1.000000  1.000000  0.000000  0.000000  0.000000  -0.000000  1.000000  0.000000  -1.000000  -0.000000  0.000062  0.000000  
240.259331 0.007692  0.091786  -0.009164  0.992079  -0.041964  0.118396  -0.108059  0.195457  0.974741  -0.064046  -0.979814  0.189374  0.001532  -0.001154  0.001387  -0.160336  -0.187439  -0.068649  2.000000  1.000000  0.000000  0.000000  0.000000  -0.000000  1.000000  0.000000  -1.000000  -0.000000  0.999990  -0.001663  0.004088  0.001680  0.999990  -0.004232  -0.004081  0.004239  0.999983  1.000000  0.000000  0.000000  0.000000  1.000000  0.000000  0.000000  0.000000  1.000000  1.000000  0.000000  0.000000  0.000000  -0.000000  1.000000  0.000000  -1.000000  -0.000000  0.000064  0.000000  
240.260332 0.007693  0.091784  -0.009164  0.992057  -0.041895  0.118607  -0.108263  0.195702  0.974669  -0.064046  -0.979768  0.189612  0.001453  -0.001241  0.001291  -0.169810  -0.188992  -0.069191  2.000000  1.000000  0.000000  0.000000  0.000000  -0.000000  1.000000  0.000000  -1.000000  -0.000000  0.999991  -0.001570  0.003861  0.001587  0.999989  -0.004462  -0.003854  0.004469  0.999983  1.000000  0.000000  0.000000  0.000000  1.000000  0.000000  0.000000  0.000000  1.000000  1.000000  0.000000  0.000000  0.000000  -0.000000  1.000000  0.000000  -1.000000  -0.000000  0.000064  0.000000  
240.261344 0.007694  0.091782  -0.009163  0.992057  -0.041867  0.118617  -0.108263  0.195938  0.974622  -0.064046  -0.979722  0.189850  0.001416  -0.001293  0.001222  -0.177450  -0.182134  -0.070433  2.000000  1.000000  0.000000  0.000000  0.000000  -0.000000  1.000000  0.000000  -1.000000  -0.000000  0.999992  -0.001437  0.003836  0.001455  0.999988  -0.004584  -0.003830  0.004590  0.999982  1.000000  0.000000  0.000000  0.000000  1.000000  0.000000  0.000000  0.000000  1.000000  1.000000  0.000000  0.000000  0.000000  -0.000000  1.000000  0.000000  -1.000000  -0.000000  0.000065  0.000000  
240.262588 0.007694  0.091779  -0.009164  0.992035  -0.041783  0.118833  -0.108468  0.196302  0.974526  -0.064046  -0.979653  0.190206  0.001276  -0.001414  0.001035  -0.189725  -0.182195  -0.070419  2.000000  1.000000  0.000000  0.000000  0.000000  -0.000000  1.000000  0.000000  -1.000000  -0.000000  0.999992  -0.001436  0.003837  0.001454  0.999988  -0.004706  -0.003830  0.004711  0.999982  1.000000  0.000000  0.000000  0.000000  1.000000  0.000000  0.000000  0.000000  1.000000  1.000000  0.000000  0.000000  0.000000  -0.000000  1.000000  0.000000  -1.000000  -0.000000  0.000067  0.000000  
240.263830 0.007694  0.091776  -0.009164  0.992012  -0.041699  0.119049  -0.108672  0.196665  0.974430  -0.064046  -0.979584  0.190562  0.001198  -0.001506  0.000896  -0.196317  -0.179925  -0.065435  2.000000  1.000000  -0.000034  0.000090  -0.000090  0.000126  1.000000  -0.000034  -1.000000  0.000126  0.999993  -0.001342  0.003610  0.001361  0.999986  -0.005057  -0.003603  0.005062  0.999981  1.000000  -0.000017  0.000045  0.000017  1.000000  -0.000063  -0.000045  0.000063  1.000000  1.000000  -0.000034  0.000090  -0.000090  0.000126  1.000000  -0.000034  -1.000000  0.000126  0.000067  0.006359  
240.264833 0.007695  0.091774  -0.009164  0.992012  -0.041670  0.119059  -0.108672  0.196901  0.974382  -0.064046  -0.979537  0.190800  0.001147  -0.001578  0.000721  -0.205322  -0.166219  -0.059743  2.000000  1.000000  -0.000080  0.000230  -0.000230  0.000321  1.000000  -0.000080  -1.000000  0.000321  0.999993  -0.001210  0.003585  0.001229  0.999985  -0.005300  -0.003579  0.005304  0.999980  1.000000  -0.000015  0.000045  0.000015  1.000000  -0.000066  -0.000045  0.000066  1.000000  1.000000  -0.000080  0.000230  -0.000230  0.000321  1.000000  -0.000080  -1.000000  0.000321  0.000069  0.006514  
240.266078 0.007696  0.091772  -0.009164  0.991990  -0.041586  0.119274  -0.108876  0.197264  0.974286  -0.064046  -0.979468  0.191157  0.001125  -0.001563  0.000569  -0.211708  -0.164004  -0.054824  2.000000  1.000000  -0.000133  0.000407  -0.000407  0.000589  1.000000  -0.000133  -1.000000  0.000589  0.999993  -0.000946  0.003534  0.000965  0.999984  -0.005544  -0.003529  0.005547  0.999978  1.000000  -0.000012  0.000044  0.000012  1.000000  -0.000069  -0.000044  0.000069  1.000000  1.000000  -0.000133  0.000407  -0.000407  0.000589  1.000000  -0.000133  -1.000000  0.000589  0.000069  0.006643  
240.267103 0.007697  0.091770  -0.009164  0.991990  -0.041543  0.119290  -0.108876  0.197619  0.974214  -0.064046  -0.979398  0.191513  0.001077  -0.001573  0.000433  -0.221008  -0.156755  -0.047665  2.000000  1.000000  -0.000177  0.000583  -0.000583  0.000868  0.999999  -0.000178  -1.000000  0.000868  0.999994  -0.000814  0.003509  0.000833  0.999984  -0.005665  -0.003504  0.005668  0.999978  1.000000  -0.000010  0.000044  0.000010  1.000000  -0.000071  -0.000044  0.000071  1.000000  1.000000  -0.000177  0.000583  -0.000583  0.000868  0.999999  -0.000178  -1.000000  0.000868  0.000068  0.006715  
240.268337 0.007698  0.091769  -0.009165  0.991959  -0.041589  0.119531  -0.109079  0.197996  0.974115  -0.064179  -0.979320  0.191868  0.001054  -0.001582  0.000334  -0.229304  -0.157710  -0.052072  2.000000  1.000000  -0.000217  0.000753  -0.000753  0.001159  0.999999  -0.000218  -0.999999  0.001159  0.999994  -0.000720  0.003282  0.000740  0.999982  -0.005896  -0.003277  0.005898  0.999977  1.000000  -0.000009  0.000041  0.000009  1.000000  -0.000074  -0.000041  0.000074  1.000000  1.000000  -0.000217  0.000753  -0.000753  0.001159  0.999999  -0.000218  -0.999999  0.001159  0.000072  0.006787  
240.269341 0.007700  0.091767  -0.009165  0.991937  -0.041505  0.119746  -0.109283  0.198359  0.974018  -0.064179  -0.979250  0.192224  0.001015  -0.001585  0.000303  -0.236064  -0.162386  -0.045953  2.000000  1.000000  -0.000241  0.000878  -0.000878  0.001382  0.999999  -0.000242  -0.999999  0.001381  0.999994  -0.000548  0.003458  0.000569  0.999982  -0.006031  -0.003454  0.006033  0.999976  1.000000  -0.000007  0.000043  0.000007  1.000000  -0.000075  -0.000043  0.000075  1.000000  1.000000  -0.000241  0.000878  -0.000878  0.001382  0.999999  -0.000242  -0.999999  0.001381  0.000072  0.006974  
240.270347 0.007700  0.091766  -0.009164  0.991937  -0.041476  0.119756  -0.109283  0.198596  0.973970  -0.064179  -0.979204  0.192462  0.000930  -0.001673  0.000236  -0.241469  -0.156830  -0.047575  2.000000  0.999999  -0.000258  0.000999  -0.000999  0.001609  0.999998  -0.000260  -0.999999  0.001609  0.999995  -0.000456  0.003230  0.000475  0.999981  -0.006139  -0.003228  0.006141  0.999976  1.000000  -0.000006  0.000040  0.000006  1.000000  -0.000077  -0.000040  0.000077  1.000000  0.999999  -0.000258  0.000999  -0.000999  0.001609  0.999998  -0.000260  -0.999999  0.001609  0.000073  0.006953  
240.271601 0.007701  0.091764  -0.009163  0.991914  -0.041377  0.119977  -0.109488  0.199077  0.973849  -0.064179  -0.979110  0.192937  0.000875  -0.001667  0.000240  -0.253779  -0.156036  -0.043126  2.000000  0.999999  -0.000277  0.001163  -0.001162  0.001921  0.999997  -0.000279  -0.999998  0.001920  0.999995  -0.000323  0.003205  0.000343  0.999980  -0.006261  -0.003203  0.006262  0.999975  1.000000  -0.000004  0.000040  0.000004  1.000000  -0.000078  -0.000040  0.000078  1.000000  0.999999  -0.000277  0.001163  -0.001162  0.001921  0.999997  -0.000279  -0.999998  0.001920  0.000075  0.007041  
240.272618 0.007703  0.091763  -0.009162  0.991914  -0.041348  0.119987  -0.109488  0.199313  0.973800  -0.064179  -0.979063  0.193174  0.000829  -0.001688  0.000255  -0.257158  -0.147395  -0.035540  2.000000  0.999999  -0.000288  0.001283  -0.001282  0.002160  0.999997  -0.000291  -0.999998  0.002160  0.999995  -0.000191  0.003179  0.000211  0.999980  -0.006383  -0.003178  0.006383  0.999975  1.000000  -0.000003  0.000040  0.000003  1.000000  -0.000080  -0.000040  0.000080  1.000000  0.999999  -0.000288  0.001283  -0.001282  0.002160  0.999997  -0.000291  -0.999998  0.002160  0.000075  0.007133  
240.273846 0.007703  0.091760  -0.009162  0.991891  -0.041263  0.120203  -0.109692  0.199676  0.973703  -0.064179  -0.978993  0.193530  0.000736  -0.001774  0.000193  -0.265517  -0.146662  -0.031118  2.000000  0.999999  -0.000297  0.001442  -0.001441  0.002485  0.999996  -0.000301  -0.999997  0.002485  0.999995  -0.000190  0.003179  0.000211  0.999979  -0.006504  -0.003178  0.006505  0.999974  1.000000  -0.000003  0.000040  0.000003  1.000000  -0.000081  -0.000040  0.000081  1.000000  0.999999  -0.000297  0.001442  -0.001441  0.002485  0.999996  -0.000301  -0.999997  0.002485  0.000076  0.007242  
240.275088 0.007703  0.091757  -0.009161  0.991891  -0.041219  0.120218  -0.109692  0.200030  0.973630  -0.064179  -0.978922  0.193887  0.000657  -0.001847  0.000234  -0.271526  -0.137308  -0.023422  2.000000  0.999999  -0.000302  0.001592  -0.001591  0.002814  0.999995  -0.000306  -0.999996  0.002814  0.999996  -0.000097  0.002951  0.000117  0.999978  -0.006613  -0.002951  0.006613  0.999974  1.000000  -0.000001  0.000037  0.000001  1.000000  -0.000083  -0.000037  0.000083  1.000000  0.999999  -0.000302  0.001592  -0.001591  0.002814  0.999995  -0.000306  -0.999996  0.002814  0.000077  0.007242  
240.276089 0.007703  0.091755  -0.009160  0.991869  -0.041134  0.120433  -0.109896  0.200393  0.973533  -0.064179  -0.978852  0.194243  0.000626  -0.001876  0.000214  -0.277405  -0.136502  -0.014707  2.000000  0.999999  -0.000302  0.001702  -0.001701  0.003064  0.999994  -0.000307  -0.999995  0.003063  0.999996  0.000035  0.002925  -0.000015  0.999978  -0.006613  -0.002926  0.006613  0.999974  1.000000  0.000000  0.000037  -0.000000  1.000000  -0.000083  -0.000037  0.000083  1.000000  0.999999  -0.000302  0.001702  -0.001701  0.003064  0.999994  -0.000307  -0.999995  0.003063  0.000077  0.007231  
240.277100 0.007702  0.091751  -0.009160  0.991846  -0.041049  0.120648  -0.110100  0.200755  0.973435  -0.064179  -0.978781  0.194599  0.000580  -0.001974  0.000199  -0.281468  -0.135636  -0.010251  2.000000  0.999998  -0.000302  0.001807  -0.001806  0.003318  0.999993  -0.000308  -0.999994  0.003317  0.999996  -0.000004  0.002724  0.000023  0.999977  -0.006842  -0.002724  0.006842  0.999973  1.000000  -0.000000  0.000034  0.000000  1.000000  -0.000086  -0.000034  0.000086  1.000000  0.999998  -0.000302  0.001807  -0.001806  0.003318  0.999993  -0.000308  -0.999994  0.003317  0.000077  0.007365  
240.278331 0.007702  0.091748  -0.009160  0.991838  -0.041135  0.120689  -0.110099  0.201124  0.973359  -0.064313  -0.978702  0.194954  0.000568  -0.001970  0.000235  -0.286886  -0.127831  -0.011446  2.000000  0.999998  -0.000298  0.001953  -0.001952  0.003667  0.999991  -0.000305  -0.999993  0.003666  0.999996  0.000037  0.002925  -0.000017  0.999975  -0.007098  -0.002926  0.007098  0.999971  1.000000  0.000000  0.000037  -0.000000  1.000000  -0.000089  -0.000037  0.000089  1.000000  0.999998  -0.000298  0.001953  -0.001952  0.003667  0.999991  -0.000305  -0.999993  0.003666  0.000079  0.007678  
240.279358 0.007702  0.091745  -0.009159  0.991815  -0.041050  0.120905  -0.110303  0.201487  0.973261  -0.064313  -0.978631  0.195310  0.000542  -0.001967  0.000301  -0.289449  -0.134687  -0.005752  2.000000  0.999998  -0.000297  0.002060  -0.002059  0.003931  0.999990  -0.000305  -0.999992  0.003930  0.999996  0.000038  0.002925  -0.000017  0.999975  -0.007098  -0.002926  0.007098  0.999971  1.000000  0.000000  0.000037  -0.000000  1.000000  -0.000089  -0.000037  0.000089  1.000000  0.999998  -0.000297  0.002060  -0.002059  0.003931  0.999990  -0.000305  -0.999992  0.003930  0.000079  0.007678  
240.280590 0.007703  0.091743  -0.009159  0.991784  -0.041080  0.121151  -0.110507  0.201982  0.973135  -0.064446  -0.978527  0.195783  0.000477  -0.001964  0.000343  -0.297880  -0.134809  -0.005708  2.000000  0.999998  -0.000296  0.002201  -0.002200  0.004293  0.999988  -0.000305  -0.999991  0.004293  0.999996  -0.000001  0.002724  0.000021  0.999973  -0.007328  -0.002724  0.007328  0.999969  1.000000  -0.000000  0.000034  0.000000  1.000000  -0.000092  -0.000034  0.000092  1.000000  0.999998  -0.000296  0.002201  -0.002200  0.004293  0.999988  -0.000305  -0.999991  0.004293  0.000081  0.007818  
240.281829 0.007703  0.091741  -0.009158  0.991784  -0.041036  0.121166  -0.110507  0.202336  0.973061  -0.064446  -0.978456  0.196139  0.000453  -0.001952  0.000419  -0.299253  -0.127073  -0.006942  2.000000  0.999997  -0.000294  0.002345  -0.002344  0.004666  0.999986  -0.000305  -0.999989  0.004665  0.999996  0.000000  0.002724  0.000020  0.999971  -0.007571  -0.002724  0.007571  0.999968  1.000000  -0.000000  0.000034  0.000000  1.000000  -0.000095  -0.000034  0.000095  1.000000  0.999997  -0.000294  0.002345  -0.002344  0.004666  0.999986  -0.000305  -0.999989  0.004665  0.000082  0.008046  
240.282846 0.007704  0.091740  -0.009158  0.991761  -0.040950  0.121381  -0.110711  0.202699  0.972963  -0.064446  -0.978385  0.196495  0.000394  -0.001978  0.000468  -0.305614  -0.127175  -0.002543  2.000000  0.999997  -0.000289  0.002486  -0.002485  0.005042  0.999984  -0.000302  -0.999987  0.005041  0.999996  0.000132  0.002698  -0.000112  0.999972  -0.007450  -0.002698  0.007450  0.999969  1.000000  0.000002  0.000034  -0.000002  1.000000  -0.000093  -0.000034  0.000093  1.000000  0.999997  -0.000289  0.002486  -0.002485  0.005042  0.999984  -0.000302  -0.999987  0.005041  0.000082  0.007924  
240.283866 0.007704  0.091738  -0.009157  0.991738  -0.040864  0.121596  -0.110915  0.203061  0.972864  -0.064446  -0.978313  0.196851  0.000368  -0.001966  0.000539  -0.309425  -0.126196  0.001907  2.000000  0.999997  -0.000284  0.002587  -0.002586  0.005327  0.999982  -0.000298  -0.999986  0.005327  0.999996  0.000133  0.002697  -0.000112  0.999970  -0.007692  -0.002698  0.007692  0.999967  1.000000  0.000002  0.000034  -0.000002  1.000000  -0.000096  -0.000034  0.000096  1.000000  0.999997  -0.000284  0.002587  -0.002586  0.005327  0.999982  -0.000298  -0.999986  0.005327  0.000082  0.008153  
240.285090 0.007705  0.091737  -0.009157  0.991738  -0.040819  0.121611  -0.110915  0.203415  0.972790  -0.064446  -0.978241  0.197207  0.000319  -0.001949  0.000499  -0.309298  -0.119548  0.000620  2.000000  0.999996  -0.000276  0.002727  -0.002726  0.005718  0.999980  -0.000291  -0.999984  0.005718  0.999996  0.000135  0.002697  -0.000113  0.999969  -0.007935  -0.002698  0.007935  0.999965  1.000000  0.000002  0.000034  -0.000002  1.000000  -0.000099  -0.000034  0.000099  1.000000  0.999996  -0.000276  0.002727  -0.002726  0.005718  0.999980  -0.000291  -0.999984  0.005718  0.000084  0.008382  
240.286334 0.007706  0.091735  -0.009156  0.991715  -0.040718  0.121831  -0.111119  0.203895  0.972666  -0.064446  -0.978146  0.197682  0.000288  -0.001978  0.000479  -0.314949  -0.117737  0.005036  2.000000  0.999996  -0.000267  0.002870  -0.002868  0.006117  0.999977  -0.000284  -0.999981  0.006116  0.999996  0.000176  0.002899  -0.000153  0.999968  -0.007948  -0.002900  0.007948  0.999964  1.000000  0.000002  0.000036  -0.000002  1.000000  -0.000099  -0.000036  0.000099  1.000000  0.999996  -0.000267  0.002870  -0.002868  0.006117  0.999977  -0.000284  -0.999981  0.006116  0.000084  0.008462  
240.287340 0.007706  0.091733  -0.009156  0.991684  -0.040762  0.122072  -0.111322  0.204272  0.972564  -0.064580  -0.978065  0.198036  0.000239  -0.002048  0.000449  -0.319405  -0.125308  0.002022  2.000000  0.999996  -0.000261  0.002979  -0.002977  0.006423  0.999975  -0.000280  -0.999979  0.006422  0.999996  0.000046  0.002925  -0.000022  0.999966  -0.008191  -0.002926  0.008191  0.999962  1.000000  0.000000  0.000037  -0.000000  1.000000  -0.000102  -0.000037  0.000102  1.000000  0.999996  -0.000261  0.002979  -0.002977  0.006423  0.999975  -0.000280  -0.999979  0.006422  0.000086  0.008698  
240.288351 0.007706  0.091731  -0.009155  0.991661  -0.040661  0.122292  -0.111527  0.204752  0.972439  -0.064580  -0.977969  0.198510  0.000225  -0.002029  0.000436  -0.329999  -0.125388  0.006494  2.000000  0.999995  -0.000259  0.003089  -0.003087  0.006733  0.999973  -0.000280  -0.999977  0.006732  0.999996  0.000048  0.002925  -0.000023  0.999965  -0.008312  -0.002926  0.008312  0.999961  1.000000  0.000000  0.000037  -0.000000  1.000000  -0.000104  -0.000037  0.000104  1.000000  0.999995  -0.000259  0.003089  -0.003087  0.006733  0.999973  -0.000280  -0.999977  0.006732  0.000087  0.008812  
240.289592 0.007706  0.091728  -0.009155  0.991638  -0.040559  0.122512  -0.111731  0.205233  0.972315  -0.064580  -0.977872  0.198985  0.000206  -0.002062  0.000379  -0.334231  -0.125444  0.006550  2.000000  0.999995  -0.000255  0.003238  -0.003236  0.007155  0.999969  -0.000279  -0.999974  0.007154  0.999996  0.000049  0.002925  -0.000024  0.999964  -0.008433  -0.002925  0.008433  0.999960  1.000000  0.000000  0.000037  -0.000000  1.000000  -0.000105  -0.000037  0.000105  1.000000  0.999995  -0.000255  0.003238  -0.003236  0.007155  0.999969  -0.000279  -0.999974  0.007154  0.000089  0.008927  
240.290831 0.007706  0.091725  -0.009155  0.991629  -0.040630  0.122558  -0.111730  0.205719  0.972212  -0.064713  -0.977767  0.199457  0.000203  -0.002028  0.000373  -0.339116  -0.118554  0.000830  2.000000  0.999994  -0.000256  0.003393  -0.003391  0.007583  0.999966  -0.000281  -0.999971  0.007582  0.999996  -0.000081  0.002952  0.000106  0.999963  -0.008555  -0.002951  0.008555  0.999959  1.000000  -0.000001  0.000037  0.000001  1.000000  -0.000107  -0.000037  0.000107  1.000000  0.999994  -0.000256  0.003393  -0.003391  0.007583  0.999966  -0.000281  -0.999971  0.007582  0.000090  0.009050  
240.291839 0.007706  0.091722  -0.009154  0.991606  -0.040543  0.122773  -0.111934  0.206081  0.972112  -0.064713  -0.977695  0.199813  0.000213  -0.001977  0.000420  -0.342066  -0.119584  0.000881  2.000000  0.999994  -0.000257  0.003508  -0.003506  0.007909  0.999963  -0.000285  -0.999969  0.007908  0.999995  -0.000038  0.003153  0.000066  0.999962  -0.008689  -0.003153  0.008690  0.999957  1.000000  -0.000001  0.000039  0.000001  1.000000  -0.000109  -0.000039  0.000109  1.000000  0.999994  -0.000257  0.003508  -0.003506  0.007909  0.999963  -0.000285  -0.999969  0.007908  0.000091  0.009244  
240.293086 0.007706  0.091719  -0.009153  0.991583  -0.040441  0.122993  -0.112138  0.206561  0.971986  -0.064713  -0.977598  0.200288  0.000257  -0.001921  0.000494  -0.347851  -0.125344  0.002258  2.000000  0.999993  -0.000255  0.003666  -0.003663  0.008349  0.999958  -0.000285  -0.999965  0.008348  0.999995  0.000094  0.003126  -0.000067  0.999961  -0.008811  -0.003127  0.008811  0.999956  1.000000  0.000001  0.000039  -0.000001  1.000000  -0.000110  -0.000039  0.000110  1.000000  0.999993  -0.000255  0.003666  -0.003663  0.008349  0.999958  -0.000285  -0.999965  0.008348  0.000092  0.009350  
240.294090 0.007707  0.091718  -0.009152  0.991560  -0.040353  0.123208  -0.112342  0.206923  0.971886  -0.064713  -0.977525  0.200643  0.000280  -0.001871  0.000506  -0.350500  -0.126297  0.002321  2.000000  0.999993  -0.000250  0.003785  -0.003783  0.008681  0.999955  -0.000283  -0.999962  0.008680  0.999994  0.000137  0.003328  -0.000107  0.999961  -0.008824  -0.003329  0.008824  0.999956  1.000000  0.000002  0.000042  -0.000002  1.000000  -0.000110  -0.000042  0.000110  1.000000  0.999993  -0.000250  0.003785  -0.003783  0.008681  0.999955  -0.000283  -0.999962  0.008680  0.000093  0.009432  
240.295333 0.007708  0.091716  -0.009151  0.991537  -0.040266  0.123423  -0.112546  0.207285  0.971785  -0.064713  -0.977452  0.200999  0.000364  -0.001843  0.000521  -0.350905  -0.133052  0.003723  2.000000  0.999992  -0.000244  0.003942  -0.003939  0.009128  0.999951  -0.000280  -0.999958  0.009127  0.999995  0.000097  0.003126  -0.000069  0.999960  -0.008932  -0.003127  0.008932  0.999955  1.000000  0.000001  0.000039  -0.000001  1.000000  -0.000112  -0.000039  0.000112  1.000000  0.999992  -0.000244  0.003942  -0.003939  0.009128  0.999951  -0.000280  -0.999958  0.009127  0.000094  0.009464  
240.296338 0.007709  0.091714  -0.009151  0.991528  -0.040351  0.123464  -0.112545  0.207653  0.971707  -0.064847  -0.977370  0.201353  0.000377  -0.001845  0.000484  -0.350406  -0.127143  -0.001996  2.000000  0.999992  -0.000241  0.004062  -0.004060  0.009463  0.999947  -0.000279  -0.999955  0.009462  0.999995  -0.000033  0.003153  0.000062  0.999960  -0.008932  -0.003153  0.008933  0.999955  1.000000  -0.000001  0.000039  0.000001  1.000000  -0.000112  -0.000039  0.000112  1.000000  0.999992  -0.000241  0.004062  -0.004060  0.009463  0.999947  -0.000279  -0.999955  0.009462  0.000093  0.009473  
240.297595 0.007710  0.091713  -0.009152  0.991505  -0.040248  0.123684  -0.112749  0.208133  0.971580  -0.064847  -0.977272  0.201827  0.000447  -0.001830  0.000396  -0.354561  -0.126282  0.002467  2.000000  0.999991  -0.000240  0.004227  -0.004225  0.009912  0.999942  -0.000282  -0.999951  0.009911  0.999994  0.000010  0.003354  0.000021  0.999959  -0.009067  -0.003354  0.009067  0.999953  1.000000  -0.000000  0.000042  0.000000  1.000000  -0.000113  -0.000042  0.000113  1.000000  0.999991  -0.000240  0.004227  -0.004225  0.009912  0.999942  -0.000282  -0.999951  0.009911  0.000094  0.009668  
240.298845 0.007712  0.091711  -0.009152  0.991482  -0.040160  0.123898  -0.112954  0.208495  0.971479  -0.064847  -0.977199  0.202183  0.000517  -0.001811  0.000313  -0.354459  -0.126245  0.002512  2.000000  0.999990  -0.000238  0.004395  -0.004392  0.010366  0.999937  -0.000283  -0.999946  0.010365  0.999994  0.000011  0.003354  0.000020  0.999958  -0.009188  -0.003354  0.009188  0.999952  1.000000  -0.000000  0.000042  0.000000  1.000000  -0.000115  -0.000042  0.000115  1.000000  0.999990  -0.000238  0.004395  -0.004392  0.010366  0.999937  -0.000283  -0.999946  0.010365  0.000095  0.009782  
240.300084 0.007713  0.091709  -0.009153  0.991450  -0.040187  0.124145  -0.113157  0.208989  0.971349  -0.064980  -0.977092  0.202655  0.000560  -0.001866  0.000262  -0.359288  -0.134011  -0.000475  2.000000  0.999990  -0.000238  0.004571  -0.004568  0.010823  0.999931  -0.000287  -0.999941  0.010822  0.999994  -0.000077  0.003583  0.000109  0.999959  -0.009080  -0.003582  0.009081  0.999952  1.000000  -0.000001  0.000045  0.000001  1.000000  -0.000114  -0.000045  0.000114  1.000000  0.999990  -0.000238  0.004571  -0.004568  0.010823  0.999931  -0.000287  -0.999941  0.010822  0.000095  0.009762  
240.301107 0.007715  0.091708  -0.009154  0.991427  -0.040083  0.124364  -0.113361  0.209469  0.971222  -0.064980  -0.976993  0.203129  0.000629  -0.001852  0.000167  -0.362898  -0.133838  -0.000418  2.000000  0.999989  -0.000240  0.004706  -0.004703  0.011170  0.999927  -0.000292  -0.999938  0.011169  0.999994  -0.000075  0.003583  0.000108  0.999957  -0.009323  -0.003582  0.009323  0.999950  1.000000  -0.000001  0.000045  0.000001  1.000000  -0.000117  -0.000045  0.000117  1.000000  0.999989  -0.000240  0.004706  -0.004703  0.011170  0.999927  -0.000292  -0.999938  0.011169  0.000096  0.009988  
240.302337 0.007716  0.091705  -0.009155  0.991403  -0.039980  0.124584  -0.113565  0.209948  0.971095  -0.064980  -0.976895  0.203603  0.000666  -0.001861  0.000068  -0.368804  -0.139583  0.000995  2.000000  0.999988  -0.000241  0.004890  -0.004887  0.011636  0.999920  -0.000298  -0.999932  0.011635  0.999994  -0.000073  0.003583  0.000107  0.999957  -0.009323  -0.003582  0.009323  0.999950  1.000000  -0.000001  0.000045  0.000001  1.000000  -0.000117  -0.000045  0.000117  1.000000  0.999988  -0.000241  0.004890  -0.004887  0.011636  0.999920  -0.000298  -0.999932  0.011635  0.000099  0.009988  
240.303343 0.007717  0.091702  -0.009154  0.991380  -0.039891  0.124798  -0.113769  0.210310  0.970992  -0.064980  -0.976821  0.203959  0.000727  -0.001888  0.000073  -0.368746  -0.139561  0.001046  2.000000  0.999987  -0.000239  0.005026  -0.005023  0.011986  0.999916  -0.000299  -0.999928  0.011985  0.999993  0.000101  0.003757  -0.000066  0.999956  -0.009337  -0.003757  0.009337  0.999949  1.000000  0.000001  0.000047  -0.000001  1.000000  -0.000117  -0.000047  0.000117  1.000000  0.999987  -0.000239  0.005026  -0.005023  0.011986  0.999916  -0.000299  -0.999928  0.011985  0.000099  0.010065  
240.304350 0.007717  0.091700  -0.009155  0.991348  -0.039932  0.125039  -0.113972  0.210686  0.970887  -0.065114  -0.976738  0.204312  0.000787  -0.001873  0.000012  -0.372051  -0.148297  -0.001923  2.000000  0.999987  -0.000238  0.005163  -0.005159  0.012340  0.999911  -0.000302  -0.999924  0.012339  0.999994  -0.000071  0.003583  0.000105  0.999955  -0.009445  -0.003582  0.009445  0.999949  1.000000  -0.000001  0.000045  0.000001  1.000000  -0.000118  -0.000045  0.000118  1.000000  0.999987  -0.000238  0.005163  -0.005159  0.012340  0.999911  -0.000302  -0.999924  0.012339  0.000100  0.010102  
240.305629 0.007719  0.091697  -0.009155  0.991348  -0.039872  0.125059  -0.113972  0.211157  0.970785  -0.065114  -0.976639  0.204786  0.000882  -0.001845  -0.000009  -0.375290  -0.141389  -0.003236  2.000000  0.999986  -0.000235  0.005351  -0.005348  0.012813  0.999904  -0.000303  -0.999918  0.012812  0.999993  0.000104  0.003756  -0.000069  0.999955  -0.009459  -0.003757  0.009458  0.999948  1.000000  0.000001  0.000047  -0.000001  1.000000  -0.000118  -0.000047  0.000118  1.000000  0.999986  -0.000235  0.005351  -0.005348  0.012813  0.999904  -0.000303  -0.999918  0.012812  0.000100  0.010178  
